{
"lowlevel": {
    "average_loudness": 0.985094547272,
    "barkbands_crest": {
        "dmean": 2.37512159348,
        "dmean2": 3.39022064209,
        "dvar": 5.86829423904,
        "dvar2": 14.4005374908,
        "max": 25.0560245514,
        "mean": 14.9272642136,
        "median": 14.1625814438,
        "min": 2.59197044373,
        "stdev": 5.26689243317,
        "var": 27.7401542664
    },
    "barkbands_flatness_db": {
        "dmean": 0.0483579523861,
        "dmean2": 0.0621659718454,
        "dvar": 0.00332634663209,
        "dvar2": 0.00528489984572,
        "max": 0.777333259583,
        "mean": 0.345178574324,
        "median": 0.343067526817,
        "min": 0.0483648441732,
        "stdev": 0.133707404137,
        "var": 0.0178776681423
    },
    "barkbands_kurtosis": {
        "dmean": 14.870765686,
        "dmean2": 22.9639320374,
        "dvar": 792.957458496,
        "dvar2": 1763.63415527,
        "max": 413.01852417,
        "mean": 25.3111667633,
        "median": 12.9661417007,
        "min": -1.93512690067,
        "stdev": 37.3278541565,
        "var": 1393.36877441
    },
    "barkbands_skewness": {
        "dmean": 1.09494447708,
        "dmean2": 1.67502081394,
        "dvar": 1.72491621971,
        "dvar2": 3.90007519722,
        "max": 12.8841180801,
        "mean": 3.12469625473,
        "median": 2.79565596581,
        "min": -1.92929637432,
        "stdev": 2.22712016106,
        "var": 4.96006441116
    },
    "barkbands_spread": {
        "dmean": 4.54322195053,
        "dmean2": 7.15388679504,
        "dvar": 105.447814941,
        "dvar2": 226.830780029,
        "max": 113.16293335,
        "mean": 6.9246006012,
        "median": 2.64476633072,
        "min": 0.136889800429,
        "stdev": 12.4100656509,
        "var": 154.009735107
    },
    "dissonance": {
        "dmean": 0.035658352077,
        "dmean2": 0.0580690950155,
        "dvar": 0.00119540013839,
        "dvar2": 0.00288151297718,
        "max": 0.499999880791,
        "mean": 0.422511965036,
        "median": 0.434650361538,
        "min": 0.216348230839,
        "stdev": 0.0563995726407,
        "var": 0.0031809117645
    },
    "dynamic_complexity": 3.23133349419,
    "erbbands_crest": {
        "dmean": 2.56020927429,
        "dmean2": 4.07300138474,
        "dvar": 6.68476772308,
        "dvar2": 15.0902099609,
        "max": 31.0205955505,
        "mean": 10.8714256287,
        "median": 10.314250946,
        "min": 2.99101662636,
        "stdev": 4.01548147202,
        "var": 16.1240921021
    },
    "erbbands_flatness_db": {
        "dmean": 0.028804436326,
        "dmean2": 0.0411658361554,
        "dvar": 0.00104877818376,
        "dvar2": 0.00186931341887,
        "max": 0.524351418018,
        "mean": 0.226301148534,
        "median": 0.214393675327,
        "min": 0.0684952586889,
        "stdev": 0.0801177099347,
        "var": 0.00641884701326
    },
    "erbbands_kurtosis": {
        "dmean": 3.07738494873,
        "dmean2": 4.67718267441,
        "dvar": 21.6377830505,
        "dvar2": 47.0586166382,
        "max": 52.8036956787,
        "mean": 4.78622961044,
        "median": 2.26779460907,
        "min": -1.8097730875,
        "stdev": 7.1442232132,
        "var": 51.0399246216
    },
    "erbbands_skewness": {
        "dmean": 0.620457530022,
        "dmean2": 0.93831962347,
        "dvar": 0.455592870712,
        "dvar2": 0.899248421192,
        "max": 5.63005542755,
        "mean": 1.14589297771,
        "median": 1.1760815382,
        "min": -3.26876997948,
        "stdev": 1.20187139511,
        "var": 1.44449484348
    },
    "erbbands_spread": {
        "dmean": 10.2121782303,
        "dmean2": 15.8584403992,
        "dvar": 237.68762207,
        "dvar2": 517.632080078,
        "max": 190.851196289,
        "mean": 27.2903957367,
        "median": 20.4559726715,
        "min": 1.67454516888,
        "stdev": 25.246383667,
        "var": 637.379882812
    },
    "hfc": {
        "dmean": 9.01090431213,
        "dmean2": 15.426035881,
        "dvar": 532.845397949,
        "dvar2": 1431.63269043,
        "max": 161.051483154,
        "mean": 10.9830884933,
        "median": 5.11183738708,
        "min": 1.18369678005e-16,
        "stdev": 19.8003082275,
        "var": 392.052215576
    },
    "loudness_ebu128": {
        "integrated": -12.1210746765,
        "loudness_range": 1.02068901062,
        "momentary": {
            "dmean": 0.83397090435,
            "dmean2": 1.11701512337,
            "dvar": 0.486350536346,
            "dvar2": 1.07451736927,
            "max": -9.63737678528,
            "mean": -12.3275623322,
            "median": -12.201341629,
            "min": -16.5157279968,
            "stdev": 1.36618924141,
            "var": 1.86647319794
        },
        "short_term": {
            "dmean": 0.0920132100582,
            "dmean2": 0.122371889651,
            "dvar": 0.00656421948224,
            "dvar2": 0.0115750478581,
            "max": -11.4647903442,
            "mean": -12.1546478271,
            "median": -12.1509981155,
            "min": -13.0078430176,
            "stdev": 0.347403019667,
            "var": 0.120688855648
        }
    },
    "melbands_crest": {
        "dmean": 3.05701541901,
        "dmean2": 4.26748132706,
        "dvar": 9.20875263214,
        "dvar2": 20.7182102203,
        "max": 37.0088691711,
        "mean": 22.1288013458,
        "median": 22.2768974304,
        "min": 2.05377578735,
        "stdev": 7.8759021759,
        "var": 62.0298347473
    },
    "melbands_flatness_db": {
        "dmean": 0.0564320981503,
        "dmean2": 0.0720354169607,
        "dvar": 0.00488192867488,
        "dvar2": 0.00788327492774,
        "max": 0.967875123024,
        "mean": 0.456081300974,
        "median": 0.454664498568,
        "min": 0.00454332539812,
        "stdev": 0.156612113118,
        "var": 0.0245273523033
    },
    "melbands_kurtosis": {
        "dmean": 28.4745121002,
        "dmean2": 43.4614715576,
        "dvar": 3326.03173828,
        "dvar2": 7293.61425781,
        "max": 767.596191406,
        "mean": 47.5526390076,
        "median": 23.0655765533,
        "min": -1.20981693268,
        "stdev": 79.2965545654,
        "var": 6287.94335938
    },
    "melbands_skewness": {
        "dmean": 1.37927162647,
        "dmean2": 2.08000636101,
        "dvar": 3.19026708603,
        "dvar2": 7.21720170975,
        "max": 19.9645175934,
        "mean": 4.13826942444,
        "median": 3.46900463104,
        "min": -0.606656432152,
        "stdev": 2.99973654747,
        "var": 8.99841880798
    },
    "melbands_spread": {
        "dmean": 4.73414516449,
        "dmean2": 7.78095197678,
        "dvar": 157.717086792,
        "dvar2": 376.369842529,
        "max": 135.56388855,
        "mean": 6.27635002136,
        "median": 2.36917090416,
        "min": 0.0912749320269,
        "stdev": 12.3416986465,
        "var": 152.317520142
    },
    "pitch_salience": {
        "dmean": 0.0713323503733,
        "dmean2": 0.104609981179,
        "dvar": 0.00611297693104,
        "dvar2": 0.0138487815857,
        "max": 0.877743065357,
        "mean": 0.416602671146,
        "median": 0.423734843731,
        "min": 0.0348244607449,
        "stdev": 0.17563059926,
        "var": 0.0308461058885
    },
    "silence_rate_20dB": {
        "dmean": 0,
        "dmean2": 0,
        "dvar": 0,
        "dvar2": 0,
        "max": 1,
        "mean": 1,
        "median": 1,
        "min": 1,
        "stdev": 0,
        "var": 0
    },
    "silence_rate_30dB": {
        "dmean": 0.088235296309,
        "dmean2": 0.17660728097,
        "dvar": 0.080448679626,
        "dvar2": 0.176400408149,
        "max": 1,
        "mean": 0.877803564072,
        "median": 1,
        "min": 0,
        "stdev": 0.327512264252,
        "var": 0.107264280319
    },
    "silence_rate_60dB": {
        "dmean": 0.0162538699806,
        "dmean2": 0.0317583270371,
        "dvar": 0.0159898549318,
        "dvar2": 0.0322988182306,
        "max": 1,
        "mean": 0.0224284604192,
        "median": 0,
        "min": 0,
        "stdev": 0.148072823882,
        "var": 0.0219255629927
    },
    "spectral_centroid": {
        "dmean": 232.121246338,
        "dmean2": 348.599853516,
        "dvar": 287859.71875,
        "dvar2": 478171.3125,
        "max": 11270.3339844,
        "mean": 535.978881836,
        "median": 308.805511475,
        "min": 73.7493515015,
        "stdev": 649.364257812,
        "var": 421673.9375
    },
    "spectral_complexity": {
        "dmean": 4.0789475441,
        "dmean2": 6.34004640579,
        "dvar": 60.0230255127,
        "dvar2": 132.297424316,
        "max": 54,
        "mean": 8.47022438049,
        "median": 6,
        "min": 0,
        "stdev": 8.61965560913,
        "var": 74.2984695435
    },
    "spectral_decrease": {
        "dmean": 5.08339148553e-09,
        "dmean2": 7.70064900735e-09,
        "dvar": 7.68169481479e-17,
        "dvar2": 1.90319449107e-16,
        "max": 2.34027665672e-30,
        "mean": -1.61186957115e-08,
        "median": -1.41796201447e-08,
        "min": -8.41047409494e-08,
        "stdev": 1.30057440373e-08,
        "var": 1.69149369368e-16
    },
    "spectral_energy": {
        "dmean": 0.0198901668191,
        "dmean2": 0.0302617419511,
        "dvar": 0.00114031194244,
        "dvar2": 0.00282664201222,
        "max": 0.322134971619,
        "mean": 0.0618318170309,
        "median": 0.0540175177157,
        "min": 1.07276326628e-20,
        "stdev": 0.0496671907604,
        "var": 0.00246682972647
    },
    "spectral_energyband_high": {
        "dmean": 0.0004345549969,
        "dmean2": 0.000781041162554,
        "dvar": 3.0719620554e-06,
        "dvar2": 8.66342543304e-06,
        "max": 0.0196271855384,
        "mean": 0.000316092016874,
        "median": 5.07136792294e-06,
        "min": 8.12831129189e-21,
        "stdev": 0.0013809571974,
        "var": 1.90704292891e-06
    },
    "spectral_energyband_low": {
        "dmean": 0.0132704637945,
        "dmean2": 0.0199624635279,
        "dvar": 0.00067399191903,
        "dvar2": 0.0017393293092,
        "max": 0.242759481072,
        "mean": 0.041224680841,
        "median": 0.0402040295303,
        "min": 6.87153573582e-23,
        "stdev": 0.0352285765111,
        "var": 0.00124105263967
    },
    "spectral_energyband_middle_high": {
        "dmean": 0.00245845853351,
        "dmean2": 0.0044039809145,
        "dvar": 7.00265227351e-05,
        "dvar2": 0.000195357613848,
        "max": 0.0686564221978,
        "mean": 0.00200095842592,
        "median": 0.000140282470966,
        "min": 1.48798786011e-21,
        "stdev": 0.00668842950836,
        "var": 4.47350867034e-05
    },
    "spectral_energyband_middle_low": {
        "dmean": 0.00575380912051,
        "dmean2": 0.00822180137038,
        "dvar": 0.000189360260265,
        "dvar2": 0.000453385349829,
        "max": 0.169324159622,
        "mean": 0.010567560792,
        "median": 0.00429407786578,
        "min": 2.95987073987e-22,
        "stdev": 0.0171149410307,
        "var": 0.000292921205983
    },
    "spectral_entropy": {
        "dmean": 0.362281233072,
        "dmean2": 0.496978312731,
        "dvar": 0.219143465161,
        "dvar2": 0.328838199377,
        "max": 9.80548763275,
        "mean": 6.31881141663,
        "median": 6.31179475784,
        "min": 3.7293612957,
        "stdev": 1.00527024269,
        "var": 1.01056814194
    },
    "spectral_flux": {
        "dmean": 0.0394678749144,
        "dmean2": 0.0603608191013,
        "dvar": 0.00309706036933,
        "dvar2": 0.0062796860002,
        "max": 0.49527567625,
        "mean": 0.0865489766002,
        "median": 0.0603307560086,
        "min": 1.03574288035e-10,
        "stdev": 0.0742029994726,
        "var": 0.0055060852319
    },
    "spectral_kurtosis": {
        "dmean": 18.0373439789,
        "dmean2": 29.0733108521,
        "dvar": 1720.94140625,
        "dvar2": 4765.29492188,
        "max": 711.639038086,
        "mean": 37.5595932007,
        "median": 16.563457489,
        "min": -1.51416492462,
        "stdev": 66.9201812744,
        "var": 4478.31054688
    },
    "spectral_rms": {
        "dmean": 0.00120345130563,
        "dmean2": 0.00171095971018,
        "dvar": 3.0758540106e-06,
        "dvar2": 6.70125245961e-06,
        "max": 0.0177278891206,
        "mean": 0.00704836845398,
        "median": 0.00725947786123,
        "min": 3.23511725221e-12,
        "stdev": 0.0032625454478,
        "var": 1.06442021206e-05
    },
    "spectral_rolloff": {
        "dmean": 293.030609131,
        "dmean2": 511.459472656,
        "dvar": 1157399.25,
        "dvar2": 2327764,
        "max": 18303.2226562,
        "mean": 397.605072021,
        "median": 150.732421875,
        "min": 43.06640625,
        "stdev": 1121.11206055,
        "var": 1256892.25
    },
    "spectral_skewness": {
        "dmean": 1.0451669693,
        "dmean2": 1.56102991104,
        "dvar": 1.88823878765,
        "dvar2": 4.16794586182,
        "max": 23.6011066437,
        "mean": 4.09756469727,
        "median": 3.33950948715,
        "min": -0.185588821769,
        "stdev": 3.09238481522,
        "var": 9.56284427643
    },
    "spectral_spread": {
        "dmean": 863811.0625,
        "dmean2": 1261624,
        "dvar": 2.47136072499e+12,
        "dvar2": 3.39419385037e+12,
        "max": 41275576,
        "mean": 3263886.25,
        "median": 2723647,
        "min": 197445.703125,
        "stdev": 2596323.5,
        "var": 6.74089507226e+12
    },
    "spectral_strongpeak": {
        "dmean": 0.16307002306,
        "dmean2": 0.270392656326,
        "dvar": 0.0910942777991,
        "dvar2": 0.221291542053,
        "max": 3.43960618973,
        "mean": 0.329754859209,
        "median": 0.273698210716,
        "min": 0,
        "stdev": 0.344526261091,
        "var": 0.118698343635
    },
    "zerocrossingrate": {
        "dmean": 0.00638922816142,
        "dmean2": 0.00725954305381,
        "dvar": 0.000219446927076,
        "dvar2": 0.000180540344445,
        "max": 0.49951171875,
        "mean": 0.0157050583512,
        "median": 0.0078125,
        "min": 0.00146484375,
        "stdev": 0.0282592941076,
        "var": 0.000798587745521
    },
    "barkbands": {
        "dmean": [0.00631439778954, 0.00899641867727, 0.00342233548872, 0.00216956622899, 0.00244276481681, 0.00114970840514, 0.000672895403113, 0.000339961552527, 0.000340496801073, 0.000167304999195, 0.000129725711304, 0.000148420513142, 0.000333151780069, 0.000464043143438, 0.000571986893192, 0.000318185455399, 0.000191788596567, 0.00019577499188, 0.000137366529088, 0.000118443975225, 0.000132613262394, 0.000109682303446, 5.12192527822e-05, 5.36238112545e-05, 2.72300694633e-05, 1.35958607643e-05, 2.97710954555e-07],
        "dmean2": [0.00815422553569, 0.0124333305284, 0.00549259642139, 0.00320112798363, 0.00348516483791, 0.00197422760539, 0.00108141277451, 0.000562539848033, 0.00053036713507, 0.000282004359178, 0.000231880287174, 0.000239249609876, 0.000585567089729, 0.000847788585816, 0.00107423309237, 0.000569811789319, 0.000336479919497, 0.000349275884219, 0.000252588069998, 0.000207460543606, 0.000248521362664, 0.000202568713576, 8.84315159055e-05, 9.40712779993e-05, 4.6611578e-05, 2.38515094679e-05, 5.17586556725e-07],
        "dvar": [9.93154462776e-05, 0.000349612528225, 7.3018760304e-05, 5.04289964738e-05, 3.23989006574e-05, 1.33323528644e-05, 2.9314544463e-06, 1.19930564324e-06, 1.32108164053e-06, 2.87212657213e-07, 1.96493886051e-07, 1.65168330568e-07, 1.14832664622e-06, 4.12565441366e-06, 6.31736520518e-06, 1.11481119802e-06, 3.1357944863e-07, 5.1884359209e-07, 2.66868937615e-07, 1.41083319249e-07, 3.92593250353e-07, 2.56504478102e-07, 3.06843901399e-08, 5.43630100935e-08, 1.07042179565e-08, 3.85911924639e-09, 2.03103484551e-12],
        "dvar2": [0.000182968942681, 0.000908172281925, 0.000190602295334, 0.000134016314405, 6.33059244137e-05, 3.63809558621e-05, 7.53947051635e-06, 3.25137057189e-06, 2.61956233771e-06, 7.26594635125e-07, 4.86254634779e-07, 3.53986678192e-07, 3.17829335472e-06, 1.17304734886e-05, 1.82815001608e-05, 3.10757013722e-06, 8.25484448796e-07, 1.44388548051e-06, 7.43168584449e-07, 3.77699791443e-07, 1.13572480132e-06, 7.39010033612e-07, 8.28643180739e-08, 1.49217527223e-07, 2.8459893997e-08, 1.08668434251e-08, 5.14122728765e-12],
        "max": [0.109180346131, 0.210882157087, 0.115761876106, 0.102059572935, 0.0625110864639, 0.0439809896052, 0.0261434167624, 0.0219663232565, 0.0246604103595, 0.00868069473654, 0.00716681452468, 0.00981125235558, 0.011274731718, 0.0218015406281, 0.0231575630605, 0.00785240344703, 0.00409166701138, 0.00607343204319, 0.00488344253972, 0.00325749046169, 0.00746595021337, 0.00587119581178, 0.00283456826583, 0.00320340390317, 0.00112067011651, 0.000689448148478, 3.25114378938e-05],
        "mean": [0.0150375273079, 0.0277476031333, 0.00618527736515, 0.00329216313548, 0.00435934169218, 0.00128277600743, 0.000734212109819, 0.000396257615648, 0.000464207434561, 0.00015894358512, 0.000122991652461, 0.000148520121002, 0.000268610747298, 0.000318433885695, 0.000355701369699, 0.000226202260819, 0.000159291841555, 0.00012701099331, 9.33533228817e-05, 7.91974598542e-05, 8.09369885246e-05, 7.1580070653e-05, 4.13993948314e-05, 4.29439060099e-05, 2.51425917668e-05, 1.20565300676e-05, 2.20518671767e-07],
        "median": [0.00474178325385, 0.0226696003228, 0.00284548266791, 0.000369874673197, 0.00188656407408, 0.000438689632574, 0.000116228475235, 4.4305150368e-05, 5.35783728992e-05, 1.08771937448e-05, 9.34246236284e-06, 1.04191421997e-05, 1.08581261884e-05, 8.73871613294e-06, 6.48706964057e-06, 6.32552655588e-06, 6.61296189719e-06, 1.51711526541e-06, 1.06946868073e-06, 4.48726353852e-07, 3.21866508557e-07, 5.76247828121e-07, 9.90101739262e-07, 1.01449677459e-06, 5.0858824352e-07, 2.00977126497e-07, 3.50363316137e-09],
        "min": [3.12420433461e-24, 3.28072703886e-23, 2.77151953335e-23, 9.66384980041e-24, 2.44325952233e-23, 1.14209666271e-22, 2.6707403439e-23, 1.94902365017e-23, 9.17141300442e-23, 5.23942827685e-23, 5.38630755097e-23, 9.82380602175e-23, 7.82055370637e-23, 1.93700402899e-22, 8.25009162471e-23, 1.29518768003e-22, 1.84860919845e-22, 2.18180195671e-22, 2.25183765896e-22, 3.00145494296e-22, 5.04561644892e-22, 4.44634418899e-22, 6.22277867307e-22, 9.12078605723e-22, 1.33938191462e-21, 1.80706086645e-21, 2.53457611066e-21],
        "stdev": [0.0216097775847, 0.0273064468056, 0.00896678306162, 0.0075270505622, 0.00764341698959, 0.00319359567948, 0.00183563772589, 0.00124320166651, 0.0016613479238, 0.000586829613894, 0.000510371173732, 0.000506120559294, 0.000889116607141, 0.00156186555978, 0.00186758569907, 0.000836072838865, 0.000483879150124, 0.000564690912142, 0.000402569450671, 0.000312718591886, 0.000467279140139, 0.00038323624176, 0.000153058295837, 0.000196347435121, 9.83040590654e-05, 5.2549137763e-05, 1.30464957238e-06],
        "var": [0.000466982484795, 0.000745642057154, 8.04032024462e-05, 5.66564922337e-05, 5.84218250879e-05, 1.01990535768e-05, 3.36956577485e-06, 1.54555050358e-06, 2.7600769954e-06, 3.44368999095e-07, 2.60478742575e-07, 2.56158017464e-07, 7.90528304151e-07, 2.43942395173e-06, 3.48787625626e-06, 6.99017789429e-07, 2.34139037047e-07, 3.1887580576e-07, 1.62062164577e-07, 9.77929204282e-08, 2.18349782699e-07, 1.46870021922e-07, 2.3426842688e-08, 3.85523151181e-08, 9.66368851607e-09, 2.76141198796e-09, 1.70211045779e-12]
    },
    "erbbands": {
        "dmean": [0.419157475233, 1.55499231815, 3.444439888, 6.52717161179, 6.02781677246, 10.6394577026, 10.2383365631, 8.78953456879, 8.45824050903, 9.04399490356, 7.40074586868, 9.02208423615, 5.28734922409, 5.06256628036, 4.86529779434, 7.13811922073, 16.2449359894, 24.371137619, 29.0890750885, 23.0291919708, 14.05402565, 11.7837429047, 10.7723617554, 6.75003480911, 6.89682912827, 5.42571878433, 5.34895277023, 4.71129512787, 3.79869961739, 3.16013765335, 1.460247159, 1.40379202366, 0.690560400486, 0.347474008799, 0.176615506411, 0.0684039890766, 0.0262094009668, 0.00266684242524, 6.77851494402e-05, 2.44560196734e-05],
        "dmean2": [0.563788473606, 2.27746295929, 5.5592622757, 9.87226486206, 8.0118303299, 15.5019378662, 16.5336532593, 15.1897087097, 14.0773172379, 14.8205184937, 11.9258308411, 14.0728282928, 8.62484931946, 8.62009143829, 8.44706630707, 11.6234083176, 29.1527500153, 44.2433547974, 53.8158149719, 42.4902610779, 24.5074043274, 20.7301635742, 19.3067855835, 12.2879009247, 12.3033246994, 9.48913669586, 9.91779518127, 8.72657966614, 6.98373270035, 5.8244395256, 2.52890300751, 2.46237182617, 1.2051410675, 0.598406672478, 0.2998739779, 0.114432953298, 0.0477555915713, 0.00477255927399, 0.000117048643006, 3.78336626454e-05],
        "dvar": [0.886836588383, 9.13086032867, 59.1146278381, 449.901702881, 225.702209473, 666.602722168, 780.274169922, 846.032775879, 519.971679688, 485.444702148, 719.184326172, 1109.43103027, 247.564147949, 245.60194397, 248.737182617, 415.723815918, 2952.40307617, 12015.8486328, 13291.7509766, 9385.05371094, 1880.14196777, 1235.57226562, 1592.83044434, 627.343505859, 521.9609375, 282.960388184, 634.002502441, 380.358764648, 302.474853516, 185.139083862, 31.8132133484, 40.5479011536, 7.81852626801, 1.80771350861, 0.485281825066, 0.0709416866302, 0.0195203032345, 0.000163039178005, 6.37651922375e-08, 1.59285962198e-09],
        "dvar2": [2.19721198082, 24.5598564148, 148.064605713, 1220.95117188, 447.201934814, 1334.55065918, 1967.14599609, 2353.85620117, 1406.59887695, 1100.15368652, 1965.36950684, 2120.43701172, 625.954711914, 602.914916992, 578.85345459, 921.852233887, 8318.60449219, 33937.921875, 37986.5898438, 27098.3359375, 5124.23876953, 3291.33691406, 4438.16210938, 1730.35864258, 1419.15527344, 752.904846191, 1820.20300293, 1088.54052734, 870.794128418, 532.604309082, 87.0527114868, 110.36895752, 21.5426654816, 4.91906929016, 1.28701603413, 0.184750527143, 0.056698475033, 0.000469239865197, 1.80877222533e-07, 3.97857169432e-09],
        "max": [11.6571264267, 31.0553703308, 85.1084136963, 301.592590332, 164.727920532, 300.53036499, 335.610778809, 329.341217041, 332.622772217, 348.070129395, 583.084716797, 781.039611816, 232.317306519, 290.989135742, 325.687316895, 508.527679443, 510.618896484, 1129.60803223, 925.302429199, 939.252929688, 329.005340576, 244.654251099, 349.000762939, 237.648834229, 171.61038208, 120.316871643, 284.941711426, 221.773284912, 215.633422852, 147.293014526, 107.584953308, 108.554855347, 33.4915771484, 15.8741064072, 8.2879524231, 3.20124983788, 1.55305922031, 0.144717633724, 0.00257523800246, 0.000350661110133],
        "mean": [1.30314397812, 4.33062171936, 6.70450735092, 10.145565033, 11.0596389771, 17.7246265411, 13.5756254196, 9.58048343658, 9.16086292267, 10.3617143631, 9.17395591736, 12.5004072189, 5.61088132858, 5.36782884598, 4.74398708344, 6.95194959641, 12.593249321, 17.2294178009, 19.2007522583, 14.8423242569, 10.7024145126, 9.5360660553, 7.22943544388, 4.64744997025, 4.68175888062, 3.69077062607, 3.30537629128, 2.97184848785, 2.49446582794, 2.07101488113, 1.19215619564, 1.10143017769, 0.568920850754, 0.303287446499, 0.16552054882, 0.0704713985324, 0.0195114780217, 0.00195582630113, 7.46438527131e-05, 6.99565425748e-05],
        "median": [0.97384506464, 3.41622519493, 3.68606424332, 2.16816616058, 2.68844127655, 7.64588212967, 5.76813077927, 3.05259203911, 1.79233574867, 1.51543784142, 1.23865032196, 1.36670970917, 0.636015534401, 0.477580666542, 0.389122575521, 0.437474548817, 0.529492557049, 0.491673260927, 0.447730123997, 0.307750374079, 0.405805915594, 0.39147785306, 0.136789545417, 0.058618105948, 0.054345831275, 0.0200435779989, 0.0145980613306, 0.0126689048484, 0.02013483271, 0.025091316551, 0.0262153502554, 0.0247613564134, 0.013733628206, 0.00687264744192, 0.0031726390589, 0.00129804364406, 0.000271230528597, 2.59059506789e-05, 3.29595350195e-05, 6.08906048001e-05],
        "min": [1.0679978093e-21, 7.39049203488e-21, 2.51563589606e-20, 4.00407212199e-20, 4.50013298157e-20, 8.90201241601e-20, 5.59517632534e-19, 9.28635658851e-19, 3.49030979117e-19, 3.65925910484e-19, 6.83969695728e-19, 2.54029461541e-18, 1.28687083174e-18, 2.08257794577e-18, 2.54966057469e-18, 4.77603373699e-18, 4.42718437572e-18, 7.70828850605e-18, 6.75294287502e-18, 6.26939376844e-18, 5.18039932508e-18, 1.07646158175e-17, 1.47923451628e-17, 1.18651159296e-17, 1.05415177617e-17, 1.46946766392e-17, 2.19098472133e-17, 1.5082850994e-17, 1.58779188008e-17, 2.0116994447e-17, 1.88384941661e-17, 1.73745168307e-17, 1.55591746779e-17, 1.36292233425e-17, 1.03059565755e-17, 7.01843062853e-18, 3.51136929258e-18, 1.32113244592e-18, 3.82437469486e-19, 3.57863213032e-20],
        "stdev": [1.45117199421, 4.08428049088, 8.38208580017, 21.1164035797, 21.8901767731, 32.6789550781, 27.6845264435, 25.2633171082, 23.1607704163, 25.8736629486, 28.9530963898, 48.6013336182, 16.7092990875, 18.6411590576, 17.7476787567, 24.4408111572, 43.4729537964, 84.8869476318, 87.9043426514, 72.488899231, 35.8299751282, 29.8181304932, 31.2483043671, 19.7541160583, 18.4477615356, 14.1106777191, 18.9975166321, 14.80027771, 13.2265195847, 10.3111257553, 4.85191011429, 5.35095596313, 2.40092110634, 1.21076869965, 0.669785499573, 0.272353798151, 0.107333034277, 0.010036774911, 0.000207769320696, 5.5421875004e-05],
        "var": [2.10590028763, 16.6813468933, 70.2593612671, 445.902496338, 479.17980957, 1067.9140625, 766.433044434, 638.235229492, 536.421325684, 669.446472168, 838.281738281, 2362.08959961, 279.200683594, 347.492797852, 314.980072021, 597.353210449, 1889.89758301, 7205.79443359, 7727.17333984, 5254.64013672, 1283.78723145, 889.120849609, 976.456481934, 390.225067139, 340.319915771, 199.111221313, 360.905609131, 219.048217773, 174.940826416, 106.319313049, 23.5410327911, 28.6327285767, 5.76442241669, 1.46596074104, 0.448612600565, 0.074176594615, 0.0115203801543, 0.000100736848253, 4.31680931001e-08, 3.07158409818e-09]
    },
    "gfcc": {
        "mean": [-124.098701477, 157.524917603, -49.8364067078, 32.0490951538, -26.2479496002, 17.9342823029, -35.4505805969, 1.37033927441, -5.22837257385, -4.36483478546, -4.77808237076, -0.308739125729, -3.24754905701],
        "cov": [[12650.3720703, -3832.29882812, -3224.79077148, 855.912841797, -1385.69433594, 764.899047852, -760.005737305, 761.494873047, -255.632080078, 514.734985352, -587.916381836, 176.507064819, -579.068847656], [-3832.29882812, 2652.24316406, 925.03338623, -776.030639648, 628.871887207, -478.967651367, 424.982727051, -402.28805542, 236.697998047, -357.626434326, 310.152526855, -186.255187988, 180.019897461], [-3224.79077148, 925.03338623, 1847.79431152, -42.1797523499, 317.804779053, -236.683044434, 79.5359039307, -183.687561035, -1.84767007828, -156.262374878, 123.284225464, -12.608912468, 170.320739746], [855.912841797, -776.030639648, -42.1797523499, 713.463439941, 11.2084169388, -11.7071456909, -97.3880386353, 37.6621589661, -37.9841918945, 67.0123977661, -63.0635948181, 24.3140277863, 32.6229667664], [-1385.69433594, 628.871887207, 317.804779053, 11.2084169388, 588.353393555, -101.850646973, 229.814163208, -132.291244507, 64.141456604, -60.4188041687, 128.684967041, -70.5790634155, 120.447463989], [764.899047852, -478.967651367, -236.683044434, -11.7071456909, -101.850646973, 412.845916748, 16.0758113861, 89.165184021, 24.1466808319, 52.1806144714, -39.0930747986, 27.5244045258, -34.0409660339], [-760.005737305, 424.982727051, 79.5359039307, -97.3880386353, 229.814163208, 16.0758113861, 432.237121582, -89.1697616577, 13.8977994919, -32.5219535828, 89.0679397583, -19.0712108612, 65.2591323853], [761.494873047, -402.28805542, -183.687561035, 37.6621589661, -132.291244507, 89.165184021, -89.1697616577, 251.981658936, 67.0597000122, 58.0914764404, -6.77027797699, 47.637714386, -27.9303321838], [-255.632080078, 236.697998047, -1.84767007828, -37.9841918945, 64.141456604, 24.1466808319, 13.8977994919, 67.0597000122, 287.260223389, -17.7023563385, 41.0144500732, -41.0069618225, 18.7905902863], [514.734985352, -357.626434326, -156.262374878, 67.0123977661, -60.4188041687, 52.1806144714, -32.5219535828, 58.0914764404, -17.7023563385, 176.288253784, -14.3671045303, 13.0066833496, -15.8783121109], [-587.916381836, 310.152526855, 123.284225464, -63.0635948181, 128.684967041, -39.0930747986, 89.0679397583, -6.77027797699, 41.0144500732, -14.3671045303, 186.180419922, 15.4422645569, 35.3161048889], [176.507064819, -186.255187988, -12.608912468, 24.3140277863, -70.5790634155, 27.5244045258, -19.0712108612, 47.637714386, -41.0069618225, 13.0066833496, 15.4422645569, 117.736633301, 4.58673286438], [-579.068847656, 180.019897461, 170.320739746, 32.6229667664, 120.447463989, -34.0409660339, 65.2591323853, -27.9303321838, 18.7905902863, -15.8783121109, 35.3161048889, 4.58673286438, 129.387161255]],
        "icov": [[0.000276848761132, -0.00023922843684, 0.000349120993633, -0.000474173779367, 0.000209184247069, -0.000329712085659, 0.000133523280965, -0.000546043971553, 0.000355690717697, -0.000301751220832, 0.000383084145142, -0.000128622152261, 0.000576475460548], [-0.00023922843684, 0.00563739752397, -0.000916022167075, 0.00506384205073, -0.00115418841597, 0.00417313305661, -0.00138107792009, 0.00460009416565, -0.00380876916461, 0.00479773851112, -0.00379416230135, 0.00314064789563, -0.00305693410337], [0.000349120993633, -0.000916022167075, 0.00123407575302, -0.00108550337609, 0.000219868830754, -0.000667873537168, 0.000495381013025, -0.000877028214745, 0.000884949753527, -0.000501355039887, 0.000639249919914, -0.000626003195066, 0.000324263266521], [-0.000474173779367, 0.00506384205073, -0.00108550337609, 0.00644168304279, -0.00158424559049, 0.00400019576773, -0.000905232562218, 0.00426763016731, -0.00343439052813, 0.00384260481223, -0.00294225639664, 0.00242903269827, -0.00377053464763], [0.000209184247069, -0.00115418841597, 0.000219868830754, -0.00158424559049, 0.00364615232684, -0.000745383265894, -0.000688641157467, -0.000374793627998, 0.000519262568559, -0.000821775814984, -0.000582123699132, 0.000987526262179, -0.000724219076801], [-0.000329712085659, 0.00417313305661, -0.000667873537168, 0.00400019576773, -0.000745383265894, 0.00613402575254, -0.00166911806446, 0.00292022386566, -0.00324375648052, 0.00313400174491, -0.00225698715076, 0.00177226366941, -0.00222239177674], [0.000133523280965, -0.00138107792009, 0.000495381013025, -0.000905232562218, -0.000688641157467, -0.00166911806446, 0.00376451737247, -0.000422940560384, 0.00113644835074, -0.00112640310545, 0.000133124834974, -0.000883859000169, -1.11498820843e-06], [-0.000546043971553, 0.00460009416565, -0.000877028214745, 0.00426763016731, -0.000374793627998, 0.00292022386566, -0.000422940560384, 0.010584644042, -0.00534971104935, 0.00281696720049, -0.00397215690464, 0.000323633430526, -0.00295484531671], [0.000355690717697, -0.00380876916461, 0.000884949753527, -0.00343439052813, 0.000519262568559, -0.00324375648052, 0.00113644835074, -0.00534971104935, 0.00734600098804, -0.00254700263031, 0.00179577211384, 0.000203793970286, 0.00165054108948], [-0.000301751220832, 0.00479773851112, -0.000501355039887, 0.00384260481223, -0.000821775814984, 0.00313400174491, -0.00112640310545, 0.00281696720049, -0.00254700263031, 0.0109778698534, -0.00373939611018, 0.00315270596184, -0.00294284941629], [0.000383084145142, -0.00379416230135, 0.000639249919914, -0.00294225639664, -0.000582123699132, -0.00225698715076, 0.000133124834974, -0.00397215690464, 0.00179577211384, -0.00373939611018, 0.0104154013097, -0.00451853824779, 0.0025148820132], [-0.000128622152261, 0.00314064789563, -0.000626003195066, 0.00242903269827, 0.000987526262179, 0.00177226366941, -0.000883859000169, 0.000323633430526, 0.000203793970286, 0.00315270596184, -0.00451853824779, 0.0134435547516, -0.00355701544322], [0.000576475460548, -0.00305693410337, 0.000324263266521, -0.00377053464763, -0.000724219076801, -0.00222239177674, -1.11498820843e-06, -0.00295484531671, 0.00165054108948, -0.00294284941629, 0.0025148820132, -0.00355701544322, 0.0133767779917]]
    },
    "melbands": {
        "dmean": [0.00304272258654, 0.00172819406725, 0.00103209738154, 0.000568041810766, 0.000367367494619, 0.000196867942577, 0.000135814436362, 9.44030180108e-05, 5.82768443564e-05, 5.53030185984e-05, 2.55889954133e-05, 2.09935788007e-05, 1.70262737811e-05, 1.46654629134e-05, 3.05303510686e-05, 3.43966130458e-05, 4.68906255264e-05, 4.27294653491e-05, 4.04753554903e-05, 2.49941858783e-05, 1.46707870954e-05, 1.13442993097e-05, 1.39366184158e-05, 7.05149523128e-06, 5.14810471941e-06, 5.71338114241e-06, 4.19797561335e-06, 3.49105766873e-06, 3.34433366334e-06, 3.33981029144e-06, 2.53645134762e-06, 2.01269244826e-06, 2.29406418839e-06, 1.46027207393e-06, 7.6006335803e-07, 8.83165853338e-07, 8.0032009464e-07, 4.9213008424e-07, 3.99034547627e-07, 2.57058871966e-07],
        "dmean2": [0.00420833472162, 0.00272508850321, 0.00149838952348, 0.000809901568573, 0.000571101205423, 0.000340799218975, 0.000223142589675, 0.000153024462634, 9.33574265218e-05, 8.56863625813e-05, 4.22281700594e-05, 3.53433315468e-05, 2.98921731883e-05, 2.33799801208e-05, 5.35576582479e-05, 6.03513435635e-05, 8.57907652971e-05, 7.85921947681e-05, 7.58443929954e-05, 4.5588836656e-05, 2.527198194e-05, 1.98267662199e-05, 2.55894319707e-05, 1.23188292491e-05, 9.46981072047e-06, 1.04381042547e-05, 7.50903154767e-06, 6.08666823609e-06, 6.16655597696e-06, 6.31357988823e-06, 4.67084191769e-06, 3.67673987967e-06, 4.29021656601e-06, 2.67228256234e-06, 1.30798571263e-06, 1.53394216795e-06, 1.3981958773e-06, 8.61388002704e-07, 6.88051329689e-07, 4.4053231818e-07],
        "dvar": [4.24891040893e-05, 1.26047953017e-05, 1.01364075817e-05, 1.85384067208e-06, 8.93571211691e-07, 4.04892972483e-07, 1.27770434233e-07, 5.04485058173e-08, 4.14230783008e-08, 4.1146808627e-08, 6.14350303962e-09, 4.28002122632e-09, 3.47330186834e-09, 1.75833747562e-09, 7.86713183487e-09, 1.33421185211e-08, 4.6948706256e-08, 2.69241464679e-08, 3.65536116931e-08, 7.71165176161e-09, 1.9532844231e-09, 1.13644393895e-09, 2.87101697971e-09, 6.12139006151e-10, 3.9107031502e-10, 4.44609071781e-10, 1.88201010332e-10, 1.18422022188e-10, 2.12851125614e-10, 3.40031003354e-10, 9.12177139378e-11, 8.70216884663e-11, 1.24463772622e-10, 3.22303503331e-11, 8.91106632928e-12, 1.35470063986e-11, 1.37599749303e-11, 3.7276119691e-12, 2.73897246029e-12, 1.00303435262e-12],
        "dvar2": [0.000108370659291, 3.16868536174e-05, 2.64925929514e-05, 3.58631700692e-06, 2.15662339542e-06, 1.12479199288e-06, 3.42985714497e-07, 1.1732758054e-07, 1.10805011388e-07, 7.74361765821e-08, 1.55864263718e-08, 1.02862696139e-08, 8.15501799423e-09, 4.07314715289e-09, 2.15181383822e-08, 3.70100998737e-08, 1.33121659474e-07, 7.65598713315e-08, 1.06490183782e-07, 2.17566267224e-08, 5.25698595766e-09, 2.93357738101e-09, 8.15066236726e-09, 1.66505320642e-09, 1.08738684723e-09, 1.22232790556e-09, 5.17641596254e-10, 3.14707454541e-10, 6.07256633867e-10, 9.90840187676e-10, 2.58323723523e-10, 2.50165221871e-10, 3.6107355994e-10, 9.18956993834e-11, 2.44203407496e-11, 3.7139718384e-11, 3.69159737501e-11, 1.02366040991e-11, 7.58784268057e-12, 2.73253446779e-12],
        "max": [0.0756835713983, 0.0354872122407, 0.0468068532646, 0.0137353194878, 0.0105652790517, 0.00723425252363, 0.00531985331327, 0.00311256060377, 0.00415686517954, 0.00488249445334, 0.00115978333633, 0.00122818199452, 0.0011366099352, 0.000999273965135, 0.000690853397828, 0.00125420058612, 0.00229880260304, 0.00126340286806, 0.00196007615887, 0.000640899699647, 0.000352751987521, 0.00028543866938, 0.000470299419248, 0.000228570439504, 0.000192679901375, 0.000188793157577, 0.000125997859868, 8.03862058092e-05, 0.000154637207743, 0.000227604061365, 9.13902404136e-05, 0.000117967603728, 0.000124484970002, 5.88056136621e-05, 5.93657932768e-05, 6.68572902214e-05, 6.82069221511e-05, 2.08200708585e-05, 2.27613618335e-05, 1.6048858015e-05],
        "mean": [0.00976169854403, 0.00404271995649, 0.00177086843178, 0.00101128988899, 0.00054011476459, 0.000214924642933, 0.000147143931827, 0.000108636268124, 7.18975206837e-05, 7.58985770517e-05, 2.57862284343e-05, 2.18662316911e-05, 1.63925742527e-05, 1.46151578519e-05, 2.43414378929e-05, 2.7659258194e-05, 3.2105086575e-05, 2.88811788778e-05, 2.49462318607e-05, 1.68703882082e-05, 1.1482611626e-05, 9.70167457126e-06, 9.20326783671e-06, 4.7280277613e-06, 3.50727327714e-06, 3.87791351386e-06, 2.73818795904e-06, 2.39649079958e-06, 2.06821687243e-06, 2.01692068913e-06, 1.62294054462e-06, 1.36031064812e-06, 1.42371675338e-06, 9.86774239209e-07, 6.32511216736e-07, 7.02581644418e-07, 6.36931872577e-07, 4.13534451127e-07, 3.15382010285e-07, 2.27986689083e-07],
        "median": [0.00817797519267, 0.00332564627752, 0.00039205266512, 0.000429552252172, 0.000242523747147, 7.09205196472e-05, 2.71656499535e-05, 1.53873679665e-05, 7.99546523922e-06, 7.82075039751e-06, 2.61672494162e-06, 1.88306353266e-06, 1.23868892388e-06, 1.15944953905e-06, 9.65966705735e-07, 1.06437914837e-06, 8.23050356757e-07, 6.72524777201e-07, 4.26976868084e-07, 3.70192623222e-07, 4.43656830384e-07, 4.10293665709e-07, 1.78256485128e-07, 5.61471864557e-08, 4.05262561287e-08, 4.08481710679e-08, 2.4768167961e-08, 9.75253922064e-09, 7.53691686839e-09, 7.70778463277e-09, 6.16659834307e-09, 9.12185704749e-09, 1.02360058207e-08, 1.38448319476e-08, 1.27858204024e-08, 1.54918158302e-08, 1.34291546772e-08, 8.86740991746e-09, 5.23839505107e-09, 4.52642412441e-09],
        "min": [9.72630076283e-24, 1.17518029e-23, 6.76482699449e-24, 4.79674288712e-24, 1.6818743269e-23, 2.06317734518e-23, 5.18451890357e-24, 3.58907217744e-24, 7.34223452292e-24, 1.53077590911e-23, 5.79325130969e-24, 8.12812378911e-24, 7.55524747772e-24, 1.08855697284e-23, 1.02653451966e-23, 8.08777039837e-24, 1.67349662408e-23, 1.26957735808e-23, 7.15190605232e-24, 1.08331175779e-23, 4.62388886886e-24, 9.87192211935e-24, 1.3884240655e-23, 1.07896994626e-23, 9.85235994662e-24, 6.6848767306e-24, 1.02215389617e-23, 8.72016942051e-24, 1.36776758492e-23, 1.14662210529e-23, 7.58344373305e-24, 8.37006900647e-24, 9.98210784401e-24, 1.14767555014e-23, 1.15911182445e-23, 9.47960660283e-24, 1.0389767494e-23, 1.20285968367e-23, 9.00183930647e-24, 1.20903401909e-23],
        "stdev": [0.00983015727252, 0.00399906979874, 0.00345910037868, 0.00184552790597, 0.00100965960883, 0.000552575802431, 0.000366334890714, 0.000267118855845, 0.000223728566198, 0.000294488243526, 8.17227337393e-05, 7.8206670878e-05, 6.80205848766e-05, 4.94891064591e-05, 7.88526012911e-05, 9.52239570324e-05, 0.000166697340319, 0.000127097795485, 0.000140864111017, 6.79495133227e-05, 3.73889779439e-05, 2.97658007185e-05, 4.09326894442e-05, 1.99906698981e-05, 1.54342742462e-05, 1.66865920619e-05, 1.10091796159e-05, 9.15463351703e-06, 1.11040435513e-05, 1.3619343008e-05, 7.35451521905e-06, 7.15529267836e-06, 8.31416491565e-06, 4.37640346718e-06, 2.59413172898e-06, 3.11266830977e-06, 3.17466015076e-06, 1.68687654423e-06, 1.41137093124e-06, 9.06326476979e-07],
        "var": [9.6631993074e-05, 1.59925602929e-05, 1.19653759612e-05, 3.40597307513e-06, 1.01941259345e-06, 3.05340023488e-07, 1.34201258106e-07, 7.13524883622e-08, 5.00544707904e-08, 8.67233325152e-08, 6.67860478032e-09, 6.1162830356e-09, 4.62679983215e-09, 2.44917153225e-09, 6.21773255105e-09, 9.06760266872e-09, 2.77880012334e-08, 1.6153848037e-08, 1.98426963749e-08, 4.61713600686e-09, 1.3979355451e-09, 8.86002937683e-10, 1.67548497298e-09, 3.99626859382e-10, 2.38216807391e-10, 2.78442352508e-10, 1.2120203452e-10, 8.38073083154e-11, 1.23299773169e-10, 1.85486501159e-10, 5.40888930867e-11, 5.11982158058e-11, 6.91253373986e-11, 1.91529084259e-11, 6.72951971925e-12, 9.68870469964e-12, 1.00784675744e-11, 2.84555256962e-12, 1.99196800547e-12, 8.21427724017e-13]
    },
    "melbands128": {
