{
"lowlevel": {
    "average_loudness": 0.96774739027,
    "barkbands_crest": {
        "dmean": 2.40173578262,
        "dmean2": 3.84825086594,
        "dvar": 4.21385812759,
        "dvar2": 10.1118049622,
        "max": 25.1037483215,
        "mean": 9.65216350555,
        "median": 8.68963909149,
        "min": 2.87040448189,
        "stdev": 4.34533405304,
        "var": 18.8819274902
    },
    "barkbands_flatness_db": {
        "dmean": 0.0210487917066,
        "dmean2": 0.0313733816147,
        "dvar": 0.000416475639213,
        "dvar2": 0.000825065013487,
        "max": 0.397196888924,
        "mean": 0.11762278527,
        "median": 0.10568882525,
        "min": 0.0274005215615,
        "stdev": 0.052569206804,
        "var": 0.00276352162473
    },
    "barkbands_kurtosis": {
        "dmean": 3.40571331978,
        "dmean2": 5.28824901581,
        "dvar": 80.765838623,
        "dvar2": 198.650756836,
        "max": 200.123672485,
        "mean": 5.98323774338,
        "median": 1.49252271652,
        "min": -1.94341254234,
        "stdev": 16.2229614258,
        "var": 263.184448242
    },
    "barkbands_skewness": {
        "dmean": 0.501242399216,
        "dmean2": 0.757363379002,
        "dvar": 0.343694388866,
        "dvar2": 0.764080643654,
        "max": 12.2951211929,
        "mean": 1.65300691128,
        "median": 1.26892149448,
        "min": -2.29270601273,
        "stdev": 1.4681199789,
        "var": 2.15537619591
    },
    "barkbands_spread": {
        "dmean": 7.19562244415,
        "dmean2": 11.1220798492,
        "dvar": 74.3289108276,
        "dvar2": 157.858703613,
        "max": 103.851539612,
        "mean": 24.3838024139,
        "median": 22.2290458679,
        "min": 0.525049805641,
        "stdev": 13.9863910675,
        "var": 195.619125366
    },
    "dissonance": {
        "dmean": 0.0213196370751,
        "dmean2": 0.0351387113333,
        "dvar": 0.000411361921579,
        "dvar2": 0.000981019577011,
        "max": 0.499554246664,
        "mean": 0.460052549839,
        "median": 0.466735810041,
        "min": 0.18879057467,
        "stdev": 0.0294502247125,
        "var": 0.000867315742653
    },
    "dynamic_complexity": 1.95461320877,
    "erbbands_crest": {
        "dmean": 2.82205986977,
        "dmean2": 4.59346199036,
        "dvar": 6.5058555603,
        "dvar2": 16.5366439819,
        "max": 26.3761692047,
        "mean": 9.13578224182,
        "median": 8.43717956543,
        "min": 2.38202309608,
        "stdev": 3.75780534744,
        "var": 14.1211013794
    },
    "erbbands_flatness_db": {
        "dmean": 0.0176445394754,
        "dmean2": 0.0256923735142,
        "dvar": 0.000232054648222,
        "dvar2": 0.00045758736087,
        "max": 0.259175747633,
        "mean": 0.131943628192,
        "median": 0.133176162839,
        "min": 0.0527444928885,
        "stdev": 0.0302775781602,
        "var": 0.00091673177667
    },
    "erbbands_kurtosis": {
        "dmean": 0.997257173061,
        "dmean2": 1.57566261292,
        "dvar": 1.47127056122,
        "dvar2": 3.59910678864,
        "max": 12.9369020462,
        "mean": 0.700067698956,
        "median": 0.272451639175,
        "min": -1.74942815304,
        "stdev": 1.88543701172,
        "var": 3.55487251282
    },
    "erbbands_skewness": {
        "dmean": 0.390213191509,
        "dmean2": 0.611752510071,
        "dvar": 0.124533496797,
        "dvar2": 0.297414690256,
        "max": 3.48361611366,
        "mean": 0.632545948029,
        "median": 0.595220267773,
        "min": -2.31989455223,
        "stdev": 0.704403460026,
        "var": 0.496184229851
    },
    "erbbands_spread": {
        "dmean": 10.7767438889,
        "dmean2": 16.5292568207,
        "dvar": 145.833221436,
        "dvar2": 361.403839111,
        "max": 140.0184021,
        "mean": 42.2431526184,
        "median": 36.4313392639,
        "min": 12.1592092514,
        "stdev": 20.9949550629,
        "var": 440.788146973
    },
    "hfc": {
        "dmean": 13.7448425293,
        "dmean2": 21.2443599701,
        "dvar": 438.763977051,
        "dvar2": 1070.4230957,
        "max": 201.520614624,
        "mean": 33.2816619873,
        "median": 31.7779483795,
        "min": 0.000417358474806,
        "stdev": 24.966091156,
        "var": 623.305664062
    },
    "loudness_ebu128": {
        "integrated": -9.5333404541,
        "loudness_range": 2.17302322388,
        "momentary": {
            "dmean": 0.440286576748,
            "dmean2": 0.493256390095,
            "dvar": 0.185888588428,
            "dvar2": 0.232409000397,
            "max": -7.30577325821,
            "mean": -9.77326011658,
            "median": -9.44208145142,
            "min": -16.7966194153,
            "stdev": 1.57800924778,
            "var": 2.49011325836
        },
        "short_term": {
            "dmean": 0.0619545914233,
            "dmean2": 0.0548618808389,
            "dvar": 0.00266533647664,
            "dvar2": 0.00204305257648,
            "max": -8.42905712128,
            "mean": -9.53375148773,
            "median": -9.23529815674,
            "min": -12.8460950851,
            "stdev": 0.918664455414,
            "var": 0.843944370747
        }
    },
    "melbands_crest": {
        "dmean": 2.54616212845,
        "dmean2": 4.12789440155,
        "dvar": 5.09367036819,
        "dvar2": 12.5491228104,
        "max": 27.2641201019,
        "mean": 12.4533195496,
        "median": 11.2639131546,
        "min": 3.72633647919,
        "stdev": 4.86926412582,
        "var": 23.709733963
    },
    "melbands_flatness_db": {
        "dmean": 0.0262737311423,
        "dmean2": 0.0386208593845,
        "dvar": 0.000690044602379,
        "dvar2": 0.00143763783854,
        "max": 0.514856040478,
        "mean": 0.181492850184,
        "median": 0.167927235365,
        "min": 0.0330920740962,
        "stdev": 0.0669699236751,
        "var": 0.0044849710539
    },
    "melbands_kurtosis": {
        "dmean": 8.11343574524,
        "dmean2": 12.5674066544,
        "dvar": 474.852325439,
        "dvar2": 1101.92077637,
        "max": 488.604919434,
        "mean": 16.7933349609,
        "median": 5.92181301117,
        "min": -1.60538446903,
        "stdev": 34.1814804077,
        "var": 1168.37353516
    },
    "melbands_skewness": {
        "dmean": 0.669827699661,
        "dmean2": 1.01127636433,
        "dvar": 0.665327906609,
        "dvar2": 1.4070327282,
        "max": 15.3176813126,
        "mean": 2.60307526588,
        "median": 2.05019688606,
        "min": -0.262094348669,
        "stdev": 1.91697669029,
        "var": 3.67479968071
    },
    "melbands_spread": {
        "dmean": 7.44026041031,
        "dmean2": 11.5541267395,
        "dvar": 109.807479858,
        "dvar2": 250.032730103,
        "max": 211.486434937,
        "mean": 24.3679389954,
        "median": 22.6678333282,
        "min": 0.603266775608,
        "stdev": 18.143705368,
        "var": 329.194061279
    },
    "pitch_salience": {
        "dmean": 0.0615136772394,
        "dmean2": 0.101454928517,
        "dvar": 0.00283663044684,
        "dvar2": 0.00719606643543,
        "max": 0.824441850185,
        "mean": 0.566189467907,
        "median": 0.582624793053,
        "min": 0.092903546989,
        "stdev": 0.1130233109,
        "var": 0.0127742690966
    },
    "silence_rate_20dB": {
        "dmean": 0,
        "dmean2": 0,
        "dvar": 0,
        "dvar2": 0,
        "max": 1,
        "mean": 1,
        "median": 1,
        "min": 1,
        "stdev": 0,
        "var": 0
    },
    "silence_rate_30dB": {
        "dmean": 0.00928792543709,
        "dmean2": 0.018590239808,
        "dvar": 0.00920167472214,
        "dvar2": 0.0228919386864,
        "max": 1,
        "mean": 0.982211887836,
        "median": 1,
        "min": 0,
        "stdev": 0.132180929184,
        "var": 0.0174717996269
    },
    "silence_rate_60dB": {
        "dmean": 0.00386996893212,
        "dmean2": 0.00697134016082,
        "dvar": 0.00385500025004,
        "dvar2": 0.00847195181996,
        "max": 1,
        "mean": 0.00696055684239,
        "median": 0,
        "min": 0,
        "stdev": 0.0831389352679,
        "var": 0.0069120824337
    },
    "spectral_centroid": {
        "dmean": 272.798919678,
        "dmean2": 429.255432129,
        "dvar": 102499.601562,
        "dvar2": 238191.3125,
        "max": 4443.38916016,
        "mean": 1191.00195312,
        "median": 1152.9017334,
        "min": 147.478683472,
        "stdev": 547.46661377,
        "var": 299719.6875
    },
    "spectral_complexity": {
        "dmean": 4.95278644562,
        "dmean2": 7.70333051682,
        "dvar": 32.1703987122,
        "dvar2": 69.1289367676,
        "max": 56,
        "mean": 21.808971405,
        "median": 22,
        "min": 0,
        "stdev": 9.38519573212,
        "var": 88.0818939209
    },
    "spectral_decrease": {
        "dmean": 2.49899301252e-09,
        "dmean2": 3.96048571716e-09,
        "dvar": 7.78875167295e-18,
        "dvar2": 1.71990023396e-17,
        "max": -2.54984564279e-13,
        "mean": -9.82143522066e-09,
        "median": -9.21647380636e-09,
        "min": -4.38494609512e-08,
        "stdev": 5.61342883287e-09,
        "var": 3.15105818586e-17
    },
    "spectral_energy": {
        "dmean": 0.0103825153783,
        "dmean2": 0.0164598282427,
        "dvar": 0.000131936918478,
        "dvar2": 0.000294271332677,
        "max": 0.167829424143,
        "mean": 0.0400871299207,
        "median": 0.0377993695438,
        "min": 1.00022475635e-06,
        "stdev": 0.0221509058028,
        "var": 0.000490662641823
    },
    "spectral_energyband_high": {
        "dmean": 0.0011033017654,
        "dmean2": 0.00172611209564,
        "dvar": 3.66601534552e-06,
        "dvar2": 8.81885171111e-06,
        "max": 0.0184975732118,
        "mean": 0.0016231861664,
        "median": 0.000955111987423,
        "min": 3.15210826329e-08,
        "stdev": 0.00208874884993,
        "var": 4.36287155026e-06
    },
    "spectral_energyband_low": {
        "dmean": 0.00344354007393,
        "dmean2": 0.00544611830264,
        "dvar": 5.30107754457e-05,
        "dvar2": 0.000119146432553,
        "max": 0.153702795506,
        "mean": 0.0132555626333,
        "median": 0.00875263381749,
        "min": 6.30814838587e-07,
        "stdev": 0.0170904304832,
        "var": 0.000292082841042
    },
    "spectral_energyband_middle_high": {
        "dmean": 0.00317108188756,
        "dmean2": 0.00500179454684,
        "dvar": 1.77169767994e-05,
        "dvar2": 4.65312659799e-05,
        "max": 0.0347879007459,
        "mean": 0.00764934951439,
        "median": 0.00679195579141,
        "min": 2.9867536e-08,
        "stdev": 0.00638461997733,
        "var": 4.07633742725e-05
    },
    "spectral_energyband_middle_low": {
        "dmean": 0.0069948961027,
        "dmean2": 0.0113255539909,
        "dvar": 5.61159868084e-05,
        "dvar2": 0.000135572860017,
        "max": 0.110120132565,
        "mean": 0.0187439788133,
        "median": 0.0169460382313,
        "min": 2.48416256454e-07,
        "stdev": 0.0117742614821,
        "var": 0.000138633244205
    },
    "spectral_entropy": {
        "dmean": 0.193090379238,
        "dmean2": 0.278333365917,
        "dvar": 0.0371159426868,
        "dvar2": 0.0701729357243,
        "max": 8.66180229187,
        "mean": 7.7418179512,
        "median": 7.74618244171,
        "min": 5.56818914413,
        "stdev": 0.38635623455,
        "var": 0.149271145463
    },
    "spectral_flux": {
        "dmean": 0.0253535266966,
        "dmean2": 0.039993789047,
        "dvar": 0.000686484796461,
        "dvar2": 0.00146227178629,
        "max": 0.313149750233,
        "mean": 0.0987763404846,
        "median": 0.0955900028348,
        "min": 0.00100011238828,
        "stdev": 0.0395879149437,
        "var": 0.00156720296945
    },
    "spectral_kurtosis": {
        "dmean": 1.20237410069,
        "dmean2": 1.88014960289,
        "dvar": 2.17554354668,
        "dvar2": 4.78498983383,
        "max": 22.8791732788,
        "mean": 3.23078250885,
        "median": 3.05028295517,
        "min": -1.11238920689,
        "stdev": 2.08118009567,
        "var": 4.33131074905
    },
    "spectral_rms": {
        "dmean": 0.000812434474938,
        "dmean2": 0.00126329564955,
        "dvar": 6.56373345009e-07,
        "dvar2": 1.40275960803e-06,
        "max": 0.0127959381789,
        "mean": 0.00602368125692,
        "median": 0.00607267953455,
        "min": 3.12382617267e-05,
        "stdev": 0.00168067927007,
        "var": 2.82468272417e-06
    },
    "spectral_rolloff": {
        "dmean": 563.297607422,
        "dmean2": 946.161010742,
        "dvar": 1008978.75,
        "dvar2": 2116158.75,
        "max": 11843.2617188,
        "mean": 1474.41589355,
        "median": 1313.52539062,
        "min": 86.1328125,
        "stdev": 1579.09558105,
        "var": 2493542.75
    },
    "spectral_skewness": {
        "dmean": 0.220614552498,
        "dmean2": 0.336941897869,
        "dvar": 0.0538564808667,
        "dvar2": 0.124346710742,
        "max": 3.92077517509,
        "mean": 1.5392165184,
        "median": 1.53715062141,
        "min": 0.113319285214,
        "stdev": 0.375226318836,
        "var": 0.140794783831
    },
    "spectral_spread": {
        "dmean": 862968.5625,
        "dmean2": 1183626,
        "dvar": 1.15029875098e+12,
        "dvar2": 1.73660294349e+12,
        "max": 30037654,
        "mean": 5881969,
        "median": 5486729,
        "min": 2118821.75,
        "stdev": 1795399,
        "var": 3.22345736602e+12
    },
    "spectral_strongpeak": {
        "dmean": 0.670833826065,
        "dmean2": 1.13467812538,
        "dvar": 0.93232780695,
        "dvar2": 2.44096755981,
        "max": 7.66726064682,
        "mean": 1.15141427517,
        "median": 0.610677659512,
        "min": 0,
        "stdev": 1.22162497044,
        "var": 1.49236750603
    },
    "zerocrossingrate": {
        "dmean": 0.0133018847555,
        "dmean2": 0.0157456528395,
        "dvar": 0.000219789042603,
        "dvar2": 0.000270350050414,
        "max": 0.33935546875,
        "mean": 0.0658205375075,
        "median": 0.05859375,
        "min": 0.00390625,
        "stdev": 0.0385314933956,
        "var": 0.0014846760314
    },
    "barkbands": {
        "dmean": [9.40355457715e-05, 0.00225980998948, 0.00171048322227, 0.000930797192268, 0.00294607202522, 0.00131388532463, 0.00207209237851, 0.00176841334905, 0.00167182355653, 0.00101196079049, 0.000583685468882, 0.000549984921236, 0.00081394193694, 0.000670555862598, 0.000519862805959, 0.000269743351964, 0.000398213800509, 0.000214226616663, 0.000183336858754, 0.0001621372503, 0.000214596875594, 0.000226325137191, 0.000238744192757, 0.000216512562474, 0.000207820135984, 7.84735166235e-05, 5.88232614973e-06],
        "dmean2": [0.000163481352502, 0.00350123969838, 0.00280668633059, 0.00151512818411, 0.00494164321572, 0.00213960418478, 0.0033847594168, 0.00287548359483, 0.00263878167607, 0.00162044644821, 0.000983273843303, 0.000929566682316, 0.00135130970739, 0.00107135332655, 0.00081600464182, 0.000440809584688, 0.000665115891024, 0.000360477832146, 0.000314779113978, 0.000272983277682, 0.000364901148714, 0.000372366484953, 0.000395822775317, 0.000335339544108, 0.00032116015791, 0.000118176911201, 9.30107853492e-06],
        "dvar": [2.79118125945e-07, 3.78238182748e-05, 1.36500648296e-05, 3.78097456633e-06, 1.87038931472e-05, 3.05484331875e-06, 1.37866536534e-05, 1.68190617842e-05, 1.04857062979e-05, 4.41748125013e-06, 1.25790427319e-06, 1.06777793007e-06, 2.31603439715e-06, 1.19497019568e-06, 9.59752696872e-07, 2.61401993384e-07, 4.21947646601e-07, 1.72424535094e-07, 1.84986348017e-07, 1.23765317994e-07, 1.42663097336e-07, 1.6627168975e-07, 1.82731753284e-07, 1.73107409296e-07, 1.56570564513e-07, 2.71461164658e-08, 2.11345219103e-10],
        "dvar2": [7.81917890436e-07, 8.71042284416e-05, 3.51360758941e-05, 1.05946492113e-05, 4.90712882311e-05, 7.20737034499e-06, 3.53022478521e-05, 4.52369786217e-05, 2.49582390097e-05, 9.72892394202e-06, 3.24380448546e-06, 2.87088619189e-06, 5.89108230997e-06, 2.97766018775e-06, 2.36700907408e-06, 6.73335989632e-07, 1.15450200155e-06, 4.57305702639e-07, 5.07704271513e-07, 3.25514093902e-07, 3.9716346123e-07, 4.29667863955e-07, 4.71027789217e-07, 4.07540227343e-07, 3.69389766774e-07, 6.02081797751e-08, 5.00495922484e-10],
        "max": [0.0115584684536, 0.146965235472, 0.0721260085702, 0.0327347256243, 0.0531235449016, 0.0263450648636, 0.040263697505, 0.0749288350344, 0.0445054545999, 0.0290287360549, 0.0163102466613, 0.0155372573063, 0.0150678120553, 0.0117703014985, 0.0138041544706, 0.00923425145447, 0.00780061585829, 0.00387219153345, 0.00548102613539, 0.00324771855958, 0.00302935880609, 0.00370342982933, 0.0038032582961, 0.00610930100083, 0.00361958751455, 0.00194148009177, 0.000181444222108],
        "mean": [0.000186649151146, 0.00881600566208, 0.00345095526427, 0.00153236743063, 0.00485365791246, 0.00263101560995, 0.00338477268815, 0.00245098792948, 0.0029626369942, 0.0016044244403, 0.000793062266894, 0.000802431954071, 0.00122771388851, 0.0011378088966, 0.000890686293133, 0.00041686691111, 0.000668538035825, 0.00028444029158, 0.000250447337748, 0.00019465823425, 0.000304834189592, 0.00030334625626, 0.000306948815705, 0.000262571906205, 0.000253529724432, 0.000108513238956, 7.26200187273e-06],
        "median": [2.44323055085e-05, 0.0047675203532, 0.00191231176723, 0.000759953749366, 0.00283394195139, 0.00182812009007, 0.00151471979916, 0.000756103661843, 0.000804169860203, 0.000436598609667, 0.000267701805569, 0.000309120543534, 0.000447406404419, 0.00045387094724, 0.000371267698938, 0.000224935953156, 0.000409306958318, 0.000169553473825, 0.000162495809491, 0.000108134001493, 0.000202315772185, 0.000173912005266, 0.000183773241588, 0.000101589677797, 9.73886781139e-05, 2.8290976843e-05, 7.21535911907e-07],
        "min": [3.23586490936e-08, 3.07252150833e-07, 1.50728055814e-07, 1.0269034334e-07, 1.01820980092e-07, 7.18775217123e-09, 1.70391025733e-08, 1.5028032152e-08, 2.97376101521e-09, 4.71310057648e-09, 7.59582952092e-10, 2.98221403128e-09, 1.0660404115e-08, 2.04314187791e-09, 1.40377087732e-09, 1.62350866084e-09, 3.3125208132e-10, 2.94814261892e-09, 1.90170390546e-09, 1.88916637889e-09, 1.46909251431e-09, 3.08638625768e-09, 9.86051151841e-09, 7.77920572403e-09, 6.7001719728e-09, 1.87287363396e-09, 5.81422627058e-12],
        "stdev": [0.000915355281904, 0.0149510810152, 0.00537200644612, 0.002561442554, 0.00577962351963, 0.00285511557013, 0.00501499883831, 0.00513413827866, 0.00533888442442, 0.00315294181928, 0.00145524041727, 0.00146327086259, 0.00180619943421, 0.00158582290169, 0.00141740532126, 0.000633820309304, 0.000772550061811, 0.000402579724323, 0.000381214544177, 0.000319659971865, 0.000363082508557, 0.000413653731812, 0.000433855224401, 0.00046866532648, 0.000427714723628, 0.000209616628126, 1.91364197235e-05],
        "var": [8.37875290927e-07, 0.000223534821998, 2.88584524242e-05, 6.56098745822e-06, 3.3404048736e-05, 8.15168550616e-06, 2.51502133324e-05, 2.63593738055e-05, 2.85036858259e-05, 9.94104175334e-06, 2.1177245344e-06, 2.14116175812e-06, 3.26235635839e-06, 2.51483425018e-06, 2.00903787118e-06, 4.01728158295e-07, 5.96833615418e-07, 1.62070435294e-07, 1.45324534628e-07, 1.02182490025e-07, 1.31828912231e-07, 1.71109419966e-07, 1.88230345088e-07, 2.19647176891e-07, 1.82939885462e-07, 4.39391314444e-08, 3.66202568269e-10]
    },
    "erbbands": {
        "dmean": [0.058582868427, 0.53930836916, 1.6192907095, 2.55894732475, 5.8301115036, 13.4616661072, 7.20100927353, 11.5194587708, 24.4312133789, 36.6602554321, 36.2593231201, 36.7133178711, 41.3012809753, 21.8977489471, 24.9828777313, 20.4575881958, 37.6442260742, 37.1594619751, 26.7428798676, 22.0938415527, 14.5108604431, 21.5521259308, 12.8366117477, 11.4436092377, 7.98454523087, 7.31346988678, 6.28974914551, 10.1532583237, 7.72807645798, 7.32363128662, 7.34424972534, 4.72563171387, 3.69656610489, 2.60839486122, 1.35989761353, 0.458680480719, 0.128672510386, 0.0204296261072, 0.000645137275569, 2.86352660623e-05],
        "dmean2": [0.0928903743625, 0.83902567625, 2.71217274666, 4.02194547653, 9.6565284729, 23.0473690033, 11.5662326813, 18.9037094116, 39.5148582458, 59.743850708, 56.9948921204, 58.0232009888, 65.4207458496, 35.8403396606, 42.6814613342, 34.3126907349, 62.391368866, 58.7263793945, 42.8067436218, 34.5316123962, 23.1850986481, 36.2710647583, 21.5473842621, 20.0068626404, 13.5064868927, 12.2585077286, 10.5289478302, 17.4398441315, 12.7196455002, 11.9411792755, 12.3587284088, 7.53753900528, 5.74368047714, 4.04136037827, 2.10942435265, 0.694724142551, 0.196609482169, 0.0316774882376, 0.00101478700526, 4.3771979108e-05],
        "dvar": [0.0348459556699, 2.00242090225, 12.9261035919, 22.6923542023, 96.5818405151, 409.648742676, 175.481414795, 217.430557251, 1921.76879883, 5122.01220703, 8420.875, 4678.65869141, 7975.68408203, 1700.66674805, 2708.68847656, 1292.60009766, 5455.10107422, 3791.61303711, 2078.3762207, 2951.51806641, 479.368469238, 1351.13769531, 546.901733398, 900.826416016, 251.355606079, 279.251464844, 123.939437866, 332.80368042, 184.218078613, 156.348464966, 194.651473999, 76.0701599121, 56.893611908, 23.4587306976, 7.01491165161, 0.801308751106, 0.0843814015388, 0.00241837394424, 2.45571777668e-06, 2.32369146147e-09],
        "dvar2": [0.0925812870264, 4.3314871788, 33.8442726135, 59.3195075989, 255.769866943, 1125.64611816, 411.946563721, 513.085693359, 4612.95410156, 12867.5117188, 21550.1816406, 10619.7255859, 18640.2890625, 4269.265625, 7276.58007812, 3478.00708008, 13967.2890625, 9487.54101562, 5183.41308594, 7386.18066406, 1175.56347656, 3792.94848633, 1446.10083008, 2519.2434082, 641.967590332, 740.499267578, 333.66986084, 929.426818848, 470.305969238, 393.473602295, 514.555358887, 182.508041382, 137.721054077, 54.8983230591, 16.7607059479, 1.79495191574, 0.1926471591, 0.00575154507533, 5.71308146391e-06, 5.36844169119e-09],
        "max": [4.18122720718, 33.1072654724, 62.1613540649, 66.7177658081, 119.129669189, 243.108215332, 196.591125488, 212.766540527, 526.34161377, 1152.70898438, 1793.68286133, 836.101623535, 1188.07104492, 603.431945801, 506.898101807, 410.829681396, 731.606445312, 638.780700684, 873.164855957, 949.368225098, 356.523681641, 453.825012207, 191.429412842, 360.67590332, 153.159255981, 165.49395752, 100.635162354, 181.181945801, 124.112770081, 102.055351257, 126.186653137, 103.05569458, 124.307052612, 44.2591323853, 24.5952835083, 10.7403459549, 3.7088060379, 0.647425174713, 0.0214767828584, 0.000597487145569],
        "mean": [0.21854737401, 2.1136341095, 3.84030890465, 5.22617006302, 8.94589805603, 20.4182987213, 14.8193264008, 23.2279605865, 41.7428131104, 55.2246513367, 56.2007637024, 65.8034057617, 72.2979125977, 35.7899703979, 36.5737686157, 31.898355484, 57.9181938171, 69.0539321899, 47.3924636841, 34.7033348083, 25.7077350616, 36.1473350525, 19.3072624207, 14.0946321487, 11.5544509888, 8.87687492371, 9.04585838318, 13.8572921753, 10.5153989792, 9.78872680664, 9.15243721008, 5.80007982254, 4.3356461525, 3.09846997261, 1.67293334007, 0.606935977936, 0.175000339746, 0.0278343316168, 0.000870368618052, 7.34214409022e-05],
        "median": [0.117262415588, 1.06164801121, 2.19496011734, 3.11750531197, 4.85195016861, 11.2122659683, 8.46946334839, 16.711523056, 19.7660484314, 24.8326091766, 20.5215034485, 23.6916694641, 17.9826641083, 15.7533216476, 14.5289583206, 15.5217046738, 22.3074073792, 26.9719600677, 24.5801010132, 15.4651327133, 15.6411323547, 22.3495883942, 12.9716997147, 8.42019748688, 7.77433776855, 5.09192895889, 5.81969070435, 9.38540267944, 6.12002515793, 5.30252027512, 5.56746578217, 2.48449993134, 1.61586868763, 1.25980424881, 0.582958042622, 0.178753986955, 0.0410255379975, 0.00497537804767, 0.000147573795402, 5.64965230296e-05],
        "min": [1.1927041669e-05, 5.9254176449e-05, 0.000163301519933, 0.000287962757284, 0.000364117033314, 0.000324140622979, 0.000165994890267, 3.96538780478e-05, 0.000159164541401, 0.000362358754501, 0.000255461171037, 6.70308945701e-05, 0.000139999217936, 9.7093754448e-05, 3.4678800148e-05, 0.00015057559358, 0.00044431941933, 0.000242823807639, 9.1395326308e-05, 7.3715345934e-05, 5.84333756706e-05, 3.18160455208e-05, 0.000148371647811, 9.62144331424e-05, 0.000149075727677, 6.8550092692e-05, 6.26114124316e-05, 7.82206334407e-05, 0.000146315389429, 3.55842203135e-05, 0.000288632465526, 0.000273313140497, 0.000111099885544, 8.71862430358e-05, 4.28080456913e-05, 1.36657117764e-05, 1.72364786977e-06, 2.23308020963e-07, 2.82938348306e-08, 3.94082455557e-09],
        "stdev": [0.378428161144, 3.56817984581, 5.41323661804, 6.91402769089, 11.740020752, 25.6732215881, 20.7182750702, 23.5569458008, 63.6348953247, 91.8382034302, 119.800827026, 109.185287476, 147.385192871, 55.7784843445, 63.0630950928, 47.2555198669, 84.8916702271, 94.7183151245, 69.9031448364, 64.4764785767, 30.6980190277, 41.5789756775, 23.5178718567, 25.1316165924, 15.5224189758, 14.9940690994, 11.1010732651, 17.0853614807, 14.0121974945, 13.2027635574, 13.582942009, 9.71852874756, 8.1149520874, 5.20574331284, 2.88272571564, 1.07238614559, 0.372448295355, 0.0649832710624, 0.00207669497468, 6.24362946837e-05],
        "var": [0.143207877874, 12.7319068909, 29.3031291962, 47.8037796021, 137.828094482, 659.114318848, 429.246948242, 554.9296875, 4049.39990234, 8434.25585938, 14352.2382812, 11921.4267578, 21722.3964844, 3111.23925781, 3976.95410156, 2233.08398438, 7206.59570312, 8971.55859375, 4886.44970703, 4157.21582031, 942.368408203, 1728.8112793, 553.090332031, 631.598144531, 240.945480347, 224.822097778, 123.233833313, 291.909606934, 196.341690063, 174.312957764, 184.496322632, 94.4498062134, 65.8524475098, 27.0997619629, 8.31010818481, 1.15001213551, 0.138717740774, 0.00422282563522, 4.31266198575e-06, 3.89829102332e-09]
    },
    "gfcc": {
        "mean": [50.1114730835, 81.17137146, -100.866859436, 30.7768783569, -64.1413879395, 24.0109577179, -44.3471565247, 12.330537796, -19.4685554504, 10.1497068405, -17.7362957001, 4.06630325317, -14.3006849289],
        "cov": [[2842.93823242, -665.620910645, -682.019714355, -258.455780029, -114.724388123, 97.096496582, 58.8473777771, 138.281936646, 5.64043140411, 70.6143875122, -147.123413086, 88.9138946533, 4.75262069702], [-665.620910645, 790.939147949, -90.1692047119, -22.5595207214, 53.497718811, -20.6789779663, 66.7471008301, -65.3510131836, 51.1839790344, -62.827041626, 61.8564682007, -72.1960296631, 20.1701641083], [-682.019714355, -90.1692047119, 762.776000977, 145.508773804, -3.7927904129, 22.1737995148, -52.2935562134, -15.1798219681, -77.1237564087, -5.22605228424, 71.6837234497, 60.4714546204, -2.82947278023], [-258.455780029, -22.5595207214, 145.508773804, 287.308288574, 58.6637649536, -38.2811927795, -79.3198776245, -36.1526832581, 12.1945648193, 2.43966412544, 22.651008606, -1.16691422462, 43.2550773621], [-114.724388123, 53.497718811, -3.7927904129, 58.6637649536, 150.673370361, -0.40560477972, -12.8601503372, 7.21793889999, 31.0966377258, 12.5312662125, 6.46931314468, -13.9834527969, 1.72988069057], [97.096496582, -20.6789779663, 22.1737995148, -38.2811927795, -0.40560477972, 117.892997742, 71.4558792114, 17.8544082642, -2.43408107758, -7.30507898331, 10.9440660477, 13.6443586349, -3.74117493629], [58.8473777771, 66.7471008301, -52.2935562134, -79.3198776245, -12.8601503372, 71.4558792114, 186.78477478, 40.1573181152, 3.02454066277, -7.36377954483, 24.9608039856, 31.3105773926, 0.302466213703], [138.281936646, -65.3510131836, -15.1798219681, -36.1526832581, 7.21793889999, 17.8544082642, 40.1573181152, 90.9696273804, 21.4933490753, 28.2547225952, 2.97198677063, 14.8200588226, 5.7739572525], [5.64043140411, 51.1839790344, -77.1237564087, 12.1945648193, 31.0966377258, -2.43408107758, 3.02454066277, 21.4933490753, 101.924682617, 38.2325439453, -8.64659881592, -20.1104202271, -2.85909581184], [70.6143875122, -62.827041626, -5.22605228424, 2.43966412544, 12.5312662125, -7.30507898331, -7.36377954483, 28.2547225952, 38.2325439453, 88.5447692871, 20.6559581757, 6.40032243729, 0.914660274982], [-147.123413086, 61.8564682007, 71.6837234497, 22.651008606, 6.46931314468, 10.9440660477, 24.9608039856, 2.97198677063, -8.64659881592, 20.6559581757, 88.9987945557, 30.3788642883, 1.93161904812], [88.9138946533, -72.1960296631, 60.4714546204, -1.16691422462, -13.9834527969, 13.6443586349, 31.3105773926, 14.8200588226, -20.1104202271, 6.40032243729, 30.3788642883, 89.1936264038, 25.3569660187], [4.75262069702, 20.1701641083, -2.82947278023, 43.2550773621, 1.72988069057, -3.74117493629, 0.302466213703, 5.7739572525, -2.85909581184, 0.914660274982, 1.93161904812, 25.3569660187, 71.5457229614]],
        "icov": [[0.000816837127786, 0.000403091515182, 0.000857078935951, 4.98489425809e-05, 0.00034411859815, -0.000853303412441, 0.000385766237741, -0.000615519122221, 0.000442420801846, -0.000530210847501, 0.000916189397685, -0.00116009812336, 0.000241841262323], [0.000403091515182, 0.00321133178659, 0.000159411705681, 0.00170420261566, -0.000882529770024, 0.00127325998619, -0.00138360681012, 0.00229261768982, -0.00286909774877, 0.00327045260929, -0.00399912893772, 0.00329135218635, -0.00326239364222], [0.000857078935951, 0.000159411705681, 0.00282801967114, -0.00124948658049, 0.000689959037118, -0.00189439521637, 0.00130681612063, -0.00138053542469, 0.00207180157304, -0.000908471120056, 0.000477775087347, -0.00262311263941, 0.0017667094944], [4.98489425809e-05, 0.00170420261566, -0.00124948658049, 0.00696949893609, -0.0023922205437, 0.00179939961527, 0.000650479632895, 0.00328318029642, -0.00352851161733, 0.00271597621031, -0.00405278336257, 0.00293025257997, -0.00596740888432], [0.00034411859815, -0.000882529770024, 0.000689959037118, -0.0023922205437, 0.0084022032097, -0.00162562762853, 0.00102509884164, -0.00228349026293, -0.000446920283139, -0.00133189873304, 0.00114552606829, -0.000900390208699, 0.0018786622677], [-0.000853303412441, 0.00127325998619, -0.00189439521637, 0.00179939961527, -0.00162562762853, 0.013433883898, -0.00552375102416, 0.00176824873779, -0.00258749886416, 0.00343239004724, -0.0034605609253, 0.00347883021459, -0.00212945789099], [0.000385766237741, -0.00138360681012, 0.00130681612063, 0.000650479632895, 0.00102509884164, -0.00552375102416, 0.0102795567364, -0.00431046960875, 0.000695965485647, 0.000476050685393, -0.000290895375656, -0.00451385509223, 0.00164300308097], [-0.000615519122221, 0.00229261768982, -0.00138053542469, 0.00328318029642, -0.00228349026293, 0.00176824873779, -0.00431046960875, 0.017822701484, -0.00491960300133, -0.000989148742519, -0.00284046679735, 0.00271887821145, -0.00498831318691], [0.000442420801846, -0.00286909774877, 0.00207180157304, -0.00352851161733, -0.000446920283139, -0.00258749886416, 0.000695965485647, -0.00491960300133, 0.0184347815812, -0.0101925767958, 0.00707143591717, -0.00217530690134, 0.00471129454672], [-0.000530210847501, 0.00327045260929, -0.000908471120056, 0.00271597621031, -0.00133189873304, 0.00343239004724, 0.000476050685393, -0.000989148742519, -0.0101925767958, 0.021402914077, -0.010805410333, 0.00410832138732, -0.00412049796432], [0.000916189397685, -0.00399912893772, 0.000477775087347, -0.00405278336257, 0.00114552606829, -0.0034605609253, -0.000290895375656, -0.00284046679735, 0.00707143591717, -0.010805410333, 0.0234597064555, -0.0109154442325, 0.00721347332001], [-0.00116009812336, 0.00329135218635, -0.00262311263941, 0.00293025257997, -0.000900390208699, 0.00347883021459, -0.00451385509223, 0.00271887821145, -0.00217530690134, 0.00410832138732, -0.0109154442325, 0.0233204681426, -0.0108327064663], [0.000241841262323, -0.00326239364222, 0.0017667094944, -0.00596740888432, 0.0018786622677, -0.00212945789099, 0.00164300308097, -0.00498831318691, 0.00471129454672, -0.00412049796432, 0.00721347332001, -0.0108327064663, 0.0226827226579]]
    },
    "melbands": {
        "dmean": [0.000587788876146, 0.00071437668521, 0.000469724123832, 0.000703475088812, 0.000315491342917, 0.000263775407802, 0.000387524429243, 0.00039115146501, 0.000288827985059, 0.00023698755831, 0.000205958815059, 9.01906241779e-05, 8.58181592776e-05, 6.49439243716e-05, 7.5574949733e-05, 7.77216846473e-05, 7.3306109698e-05, 4.42003292846e-05, 3.33404059347e-05, 2.35146890191e-05, 1.76582489075e-05, 2.43218200922e-05, 1.78879272426e-05, 9.80550612439e-06, 9.92884179141e-06, 5.99854865868e-06, 6.83118423694e-06, 4.32337401435e-06, 3.64440438716e-06, 4.84530164613e-06, 6.63911532683e-06, 4.49642266176e-06, 4.7127250582e-06, 3.81544350603e-06, 4.54268592875e-06, 3.56309669769e-06, 2.75093793789e-06, 2.79779987977e-06, 2.20787546823e-06, 2.28742760555e-06],
        "dmean2": [0.000917693541851, 0.00115781358909, 0.000755543878768, 0.00117603305262, 0.000520000117831, 0.000430578773376, 0.000630667724181, 0.000639428733848, 0.000452338223113, 0.000375554547645, 0.000326318579027, 0.000147309998283, 0.000144615682075, 0.000109523243736, 0.000128278086777, 0.000129290230689, 0.000114932990982, 7.176289364e-05, 5.20740868524e-05, 3.82697216992e-05, 2.86082868115e-05, 4.13438683609e-05, 2.9955050195e-05, 1.67435991898e-05, 1.74516335392e-05, 9.9294602478e-06, 1.17048011816e-05, 7.26960752218e-06, 5.99589202466e-06, 8.256854926e-06, 1.14484500955e-05, 7.49933815314e-06, 7.82196912041e-06, 6.21259960099e-06, 7.73206193116e-06, 5.92727974436e-06, 4.34729417975e-06, 4.40967141913e-06, 3.39813027495e-06, 3.64656898455e-06],
        "dvar": [2.89394779429e-06, 2.37000335801e-06, 6.45659326892e-07, 1.18401783311e-06, 2.20808061613e-07, 1.15964652991e-07, 4.66115778863e-07, 5.77166360927e-07, 4.42793066213e-07, 2.02613250622e-07, 1.96780931105e-07, 3.11539913866e-08, 2.91031962973e-08, 1.66584541716e-08, 2.34665815668e-08, 1.85189534818e-08, 1.52005394938e-08, 6.17583095774e-09, 5.05876984747e-09, 2.77530909365e-09, 6.71582511824e-10, 1.65010793918e-09, 8.93356999487e-10, 4.69432270833e-10, 6.91039725442e-10, 1.37744621265e-10, 2.12439149605e-10, 9.73483169076e-11, 3.82116630004e-11, 7.32471167053e-11, 1.5829773603e-10, 6.42397871009e-11, 8.55661999588e-11, 3.91889576346e-11, 8.57396861842e-11, 4.7192267455e-11, 2.62864487122e-11, 3.75572663247e-11, 1.4972587406e-11, 2.00876936612e-11],
        "dvar2": [7.09832374923e-06, 5.59127829547e-06, 1.68114456756e-06, 3.10225277644e-06, 5.46802880308e-07, 2.70001180525e-07, 1.13679914193e-06, 1.48958054069e-06, 1.10158180178e-06, 4.78881077015e-07, 4.57376188479e-07, 7.86672700315e-08, 7.68745138657e-08, 4.42366250297e-08, 6.10290840086e-08, 4.89190803421e-08, 3.6901884215e-08, 1.54993102797e-08, 1.21585239654e-08, 6.97681068473e-09, 1.68971237002e-09, 4.53716264559e-09, 2.40692643594e-09, 1.27589550036e-09, 1.94257787633e-09, 3.57636920079e-10, 5.62418611683e-10, 2.58048526991e-10, 1.02376926381e-10, 2.03703373614e-10, 4.46361336781e-10, 1.67239500026e-10, 2.2319460169e-10, 9.72939923072e-11, 2.31764440972e-10, 1.23480767278e-10, 6.02726341059e-11, 9.49111830795e-11, 3.3305008057e-11, 4.88521896547e-11],
        "max": [0.0407086461782, 0.0299864597619, 0.0111284125596, 0.0138537064195, 0.00629562465474, 0.00479994807392, 0.00792516954243, 0.0107156122103, 0.013531784527, 0.00551384547725, 0.00583890033886, 0.00266168941744, 0.00232853996567, 0.00203824369237, 0.00172945030499, 0.0013490403071, 0.00142232107464, 0.00150035391562, 0.00114846113138, 0.000827735057101, 0.000378421129426, 0.000451626663562, 0.00035222445149, 0.000201765229576, 0.000323645508615, 0.000143951736391, 0.000128522457089, 0.000108768188511, 5.90155432292e-05, 6.51951340842e-05, 0.000138150950079, 7.58663663873e-05, 7.75354201323e-05, 6.95016206009e-05, 9.51138063101e-05, 6.38226265437e-05, 6.62968377583e-05, 0.000104228078271, 4.95314852742e-05, 4.64580989501e-05],
        "mean": [0.00232428358868, 0.00228099199012, 0.000974910741206, 0.00112124392763, 0.000610670249444, 0.000528113800101, 0.000663373677526, 0.000575712590944, 0.000453433196526, 0.000420000753365, 0.000351184426108, 0.000136761678732, 0.000122434066725, 9.41369944485e-05, 0.000103773665614, 0.000123312522192, 0.000127181177959, 7.23671109881e-05, 5.24025272171e-05, 3.5882127122e-05, 2.91722408292e-05, 3.9392234612e-05, 2.70525906672e-05, 1.19090600492e-05, 1.13950263767e-05, 8.66832942847e-06, 8.09941957414e-06, 5.06804326506e-06, 5.06870765093e-06, 6.59297438688e-06, 8.68029201229e-06, 6.0169477365e-06, 5.67979805055e-06, 5.09499068357e-06, 5.58610418011e-06, 4.10023449149e-06, 3.33707998834e-06, 3.10848281515e-06, 2.66923575509e-06, 2.62130538431e-06],
        "median": [0.00128951249644, 0.001462485292, 0.000637595891021, 0.000615793629549, 0.000373236340238, 0.000375179224648, 0.000317685189657, 0.000264521047939, 0.000150803170982, 0.000124339887407, 7.84422954894e-05, 4.97855871799e-05, 4.86213139084e-05, 3.15883444273e-05, 4.74327462143e-05, 4.30282816524e-05, 4.37193957623e-05, 3.28634414473e-05, 2.39032106037e-05, 1.59299506777e-05, 1.8045608158e-05, 2.31540161622e-05, 1.65496821865e-05, 7.20400794307e-06, 6.12932035438e-06, 5.69515623283e-06, 4.44896977569e-06, 2.72834131465e-06, 3.04566583509e-06, 4.18456147599e-06, 5.65235541217e-06, 3.40361589224e-06, 2.71817862085e-06, 2.82171413346e-06, 3.30776106239e-06, 1.93231380763e-06, 1.25766541714e-06, 1.09517418423e-06, 1.03521301753e-06, 1.02399462776e-06],
        "min": [1.07113770298e-07, 8.29379516176e-08, 5.19620435568e-08, 2.50152663028e-08, 7.36801730739e-09, 9.79487047026e-10, 2.73750622171e-09, 3.99539468177e-09, 1.74995951063e-09, 3.66501662352e-10, 7.18077708406e-10, 4.27740648457e-10, 9.19572959446e-11, 2.86405843486e-10, 5.37997146832e-10, 1.18186715969e-09, 3.23592153073e-10, 1.32248934026e-10, 8.4479923057e-11, 1.36414088359e-10, 4.5492436207e-11, 1.90276822076e-11, 9.81343062367e-11, 1.3166159829e-10, 7.15517436967e-11, 7.08100869606e-11, 1.22751808718e-10, 3.01859960639e-11, 4.38041686257e-11, 2.56597694481e-11, 5.18231360602e-11, 1.08018732847e-10, 2.01555040019e-11, 1.54510553657e-11, 1.14934478601e-10, 2.98141511479e-10, 1.10607578652e-10, 6.16981604695e-11, 7.33937077779e-11, 8.16845965868e-11],
        "stdev": [0.00397352734581, 0.0030038098339, 0.00115058140364, 0.00144003308378, 0.000705120502971, 0.000549621356186, 0.000983593403362, 0.000952521455474, 0.000905851949938, 0.000730189436581, 0.000733047490939, 0.000236576132011, 0.000215211519389, 0.000185762648471, 0.000163185977726, 0.000173643929884, 0.00018447561888, 0.000116965384223, 8.94760232768e-05, 6.46625558147e-05, 3.42593048117e-05, 4.6851899242e-05, 3.38552308676e-05, 1.91632116184e-05, 2.18066343223e-05, 1.18039051813e-05, 1.31569322548e-05, 8.87781425263e-06, 6.39313748252e-06, 8.23358823254e-06, 1.14156118798e-05, 8.24903054308e-06, 8.8537690317e-06, 6.89199760018e-06, 8.76806643646e-06, 6.6344773586e-06, 6.02984073339e-06, 6.30637441645e-06, 4.43958833785e-06, 4.57903024653e-06],
        "var": [1.57889189722e-05, 9.02287411009e-06, 1.32383752316e-06, 2.07369544114e-06, 4.97194889704e-07, 3.02083634551e-07, 9.67456003309e-07, 9.07297078356e-07, 8.20567777282e-07, 5.33176603312e-07, 5.37358630481e-07, 5.59682646895e-08, 4.63159963715e-08, 3.45077637576e-08, 2.6629662031e-08, 3.01522149471e-08, 3.40312560354e-08, 1.36809017448e-08, 8.00595856276e-09, 4.18124646018e-09, 1.17369991504e-09, 2.19510032373e-09, 1.14617659808e-09, 3.672286919e-10, 4.75529282618e-10, 1.39332170801e-10, 1.73104877654e-10, 7.88155790632e-11, 4.08722083955e-11, 6.77919734238e-11, 1.30316202274e-10, 6.80464989911e-11, 7.83892256662e-11, 4.74996292299e-11, 7.68789962247e-11, 4.40162906123e-11, 3.63589783281e-11, 3.97703606159e-11, 1.97099437466e-11, 2.0967515918e-11]
    },
    "melbands128": {
