{
"lowlevel": {
    "average_loudness": 0.971780836582,
    "barkbands_crest": {
        "dmean": 2.52552175522,
        "dmean2": 3.87003397942,
        "dvar": 5.75442075729,
        "dvar2": 14.143746376,
        "max": 23.8792114258,
        "mean": 12.7562551498,
        "median": 12.8251628876,
        "min": 2.95973515511,
        "stdev": 4.07115793228,
        "var": 16.5743274689
    },
    "barkbands_flatness_db": {
        "dmean": 0.028926031664,
        "dmean2": 0.0428125858307,
        "dvar": 0.000903195061255,
        "dvar2": 0.00191943207756,
        "max": 0.314690709114,
        "mean": 0.150671452284,
        "median": 0.149588897824,
        "min": 0.0361242741346,
        "stdev": 0.0496623702347,
        "var": 0.00246635102667
    },
    "barkbands_kurtosis": {
        "dmean": 8.08558368683,
        "dmean2": 12.6700553894,
        "dvar": 209.522064209,
        "dvar2": 503.257659912,
        "max": 145.247894287,
        "mean": 10.2609548569,
        "median": 5.43900108337,
        "min": -1.94080328941,
        "stdev": 15.2994537354,
        "var": 234.073272705
    },
    "barkbands_skewness": {
        "dmean": 1.01793062687,
        "dmean2": 1.49962353706,
        "dvar": 1.37839782238,
        "dvar2": 3.04734444618,
        "max": 10.5222988129,
        "mean": 2.48217177391,
        "median": 2.21722984314,
        "min": -6.93673276901,
        "stdev": 1.69789290428,
        "var": 2.88284039497
    },
    "barkbands_spread": {
        "dmean": 10.9179868698,
        "dmean2": 16.0651836395,
        "dvar": 227.602111816,
        "dvar2": 454.534851074,
        "max": 124.67250061,
        "mean": 25.0521697998,
        "median": 18.4063453674,
        "min": 1.33213543892,
        "stdev": 21.8304958344,
        "var": 476.570587158
    },
    "dissonance": {
        "dmean": 0.0213137492537,
        "dmean2": 0.0346650071442,
        "dvar": 0.000476028333651,
        "dvar2": 0.00122032687068,
        "max": 0.499988049269,
        "mean": 0.462699025869,
        "median": 0.469536393881,
        "min": 0.223620682955,
        "stdev": 0.0306746419519,
        "var": 0.000940933648963
    },
    "dynamic_complexity": 2.14530515671,
    "erbbands_crest": {
        "dmean": 3.41302061081,
        "dmean2": 5.61197137833,
        "dvar": 9.63424968719,
        "dvar2": 23.0267944336,
        "max": 25.5308933258,
        "mean": 9.19683742523,
        "median": 8.25483703613,
        "min": 2.69132423401,
        "stdev": 4.36813259125,
        "var": 19.0805835724
    },
    "erbbands_flatness_db": {
        "dmean": 0.0243883319199,
        "dmean2": 0.0359401479363,
        "dvar": 0.000448469596449,
        "dvar2": 0.000869922281709,
        "max": 0.296918004751,
        "mean": 0.125810161233,
        "median": 0.120976254344,
        "min": 0.0350539721549,
        "stdev": 0.0424915254116,
        "var": 0.00180552969687
    },
    "erbbands_kurtosis": {
        "dmean": 1.40868830681,
        "dmean2": 2.24715471268,
        "dvar": 3.68692588806,
        "dvar2": 8.86031150818,
        "max": 22.1532878876,
        "mean": 0.959167540073,
        "median": 0.245809793472,
        "min": -1.78294253349,
        "stdev": 2.59002375603,
        "var": 6.70822286606
    },
    "erbbands_skewness": {
        "dmean": 0.584264457226,
        "dmean2": 0.8626486063,
        "dvar": 0.314880460501,
        "dvar2": 0.642984449863,
        "max": 3.90521740913,
        "mean": 0.45413890481,
        "median": 0.470236569643,
        "min": -3.77973842621,
        "stdev": 0.983959853649,
        "var": 0.968176960945
    },
    "erbbands_spread": {
        "dmean": 15.4572067261,
        "dmean2": 24.1274871826,
        "dvar": 328.389251709,
        "dvar2": 811.686889648,
        "max": 183.10848999,
        "mean": 47.067237854,
        "median": 41.7831077576,
        "min": 5.63945960999,
        "stdev": 24.4167346954,
        "var": 596.176940918
    },
    "hfc": {
        "dmean": 21.5488090515,
        "dmean2": 29.8710422516,
        "dvar": 1510.27404785,
        "dvar2": 2932.21875,
        "max": 537.424499512,
        "mean": 41.6389579773,
        "median": 26.2018985748,
        "min": 1.19151780583e-16,
        "stdev": 55.0539855957,
        "var": 3030.94140625
    },
    "loudness_ebu128": {
        "integrated": -8.52380466461,
        "loudness_range": 2.14775848389,
        "momentary": {
            "dmean": 0.551526069641,
            "dmean2": 0.666085958481,
            "dvar": 0.240793466568,
            "dvar2": 0.360708355904,
            "max": -6.52256584167,
            "mean": -8.77628612518,
            "median": -8.3629989624,
            "min": -15.1100225449,
            "stdev": 1.61579596996,
            "var": 2.61079645157
        },
        "short_term": {
            "dmean": 0.0725028738379,
            "dmean2": 0.0832067430019,
            "dvar": 0.0032584418077,
            "dvar2": 0.00475008878857,
            "max": -7.63778972626,
            "mean": -8.60616111755,
            "median": -8.40733337402,
            "min": -10.6528873444,
            "stdev": 0.774169206619,
            "var": 0.599337995052
        }
    },
    "melbands_crest": {
        "dmean": 4.04463720322,
        "dmean2": 6.21999168396,
        "dvar": 14.8436412811,
        "dvar2": 32.9503364563,
        "max": 37.7366638184,
        "mean": 25.0249958038,
        "median": 26.1021995544,
        "min": 2.21089220047,
        "stdev": 8.0638589859,
        "var": 65.0258178711
    },
    "melbands_flatness_db": {
        "dmean": 0.0348230116069,
        "dmean2": 0.0497877970338,
        "dvar": 0.00139163970016,
        "dvar2": 0.00295017194003,
        "max": 0.432556211948,
        "mean": 0.228884667158,
        "median": 0.22930598259,
        "min": 0.00678669475019,
        "stdev": 0.0622120425105,
        "var": 0.00387033820152
    },
    "melbands_kurtosis": {
        "dmean": 25.5092906952,
        "dmean2": 40.8147544861,
        "dvar": 3642.57006836,
        "dvar2": 9779.64160156,
        "max": 1132.05944824,
        "mean": 33.3631858826,
        "median": 16.594078064,
        "min": -1.67473578453,
        "stdev": 54.7877960205,
        "var": 3001.70239258
    },
    "melbands_skewness": {
        "dmean": 1.62807893753,
        "dmean2": 2.42340898514,
        "dvar": 4.31390953064,
        "dvar2": 10.1958007812,
        "max": 29.8048858643,
        "mean": 4.12958860397,
        "median": 3.43146800995,
        "min": -3.50695443153,
        "stdev": 2.75721359253,
        "var": 7.602227211
    },
    "melbands_spread": {
        "dmean": 9.89023399353,
        "dmean2": 14.5951128006,
        "dvar": 367.981292725,
        "dvar2": 926.461486816,
        "max": 254.865631104,
        "mean": 19.9748973846,
        "median": 14.2961292267,
        "min": 0.774093031883,
        "stdev": 22.2105903625,
        "var": 493.310333252
    },
    "pitch_salience": {
        "dmean": 0.0916170477867,
        "dmean2": 0.144438117743,
        "dvar": 0.00654192548245,
        "dvar2": 0.0156948473305,
        "max": 0.810770452023,
        "mean": 0.408312261105,
        "median": 0.41109251976,
        "min": 0.0683936700225,
        "stdev": 0.145206958055,
        "var": 0.0210850611329
    },
    "silence_rate_20dB": {
        "dmean": 0,
        "dmean2": 0,
        "dvar": 0,
        "dvar2": 0,
        "max": 1,
        "mean": 1,
        "median": 1,
        "min": 1,
        "stdev": 0,
        "var": 0
    },
    "silence_rate_30dB": {
        "dmean": 0.088235296309,
        "dmean2": 0.17660728097,
        "dvar": 0.0804489627481,
        "dvar2": 0.177949607372,
        "max": 1,
        "mean": 0.918020129204,
        "median": 1,
        "min": 0,
        "stdev": 0.274335056543,
        "var": 0.0752597302198
    },
    "silence_rate_60dB": {
        "dmean": 0.011609907262,
        "dmean2": 0.0224632062018,
        "dvar": 0.0114749912173,
        "dvar2": 0.0235081575811,
        "max": 1,
        "mean": 0.0154679045081,
        "median": 0,
        "min": 0,
        "stdev": 0.123403072357,
        "var": 0.0152283189818
    },
    "spectral_centroid": {
        "dmean": 469.507110596,
        "dmean2": 709.382507324,
        "dvar": 388023,
        "dvar2": 736301.875,
        "max": 10976.4072266,
        "mean": 1452.90234375,
        "median": 1222.43615723,
        "min": 251.059799194,
        "stdev": 908.082824707,
        "var": 824614.4375
    },
    "spectral_complexity": {
        "dmean": 4.72213602066,
        "dmean2": 6.45933389664,
        "dvar": 26.9931735992,
        "dvar2": 45.5575141907,
        "max": 61,
        "mean": 20.1554527283,
        "median": 19,
        "min": 0,
        "stdev": 10.1521968842,
        "var": 103.067100525
    },
    "spectral_decrease": {
        "dmean": 4.63930671657e-09,
        "dmean2": 7.50989048726e-09,
        "dvar": 6.58361850733e-17,
        "dvar2": 1.70700551392e-16,
        "max": -6.2421977466e-29,
        "mean": -1.64510467471e-08,
        "median": -1.65834297405e-08,
        "min": -6.93418797937e-08,
        "stdev": 9.8627550571e-09,
        "var": 9.72739320246e-17
    },
    "spectral_energy": {
        "dmean": 0.0182526484132,
        "dmean2": 0.0294447913766,
        "dvar": 0.00095184246311,
        "dvar2": 0.00244526611641,
        "max": 0.264986008406,
        "mean": 0.0658668726683,
        "median": 0.0671854764223,
        "min": 1.10430073882e-20,
        "stdev": 0.0381065942347,
        "var": 0.00145211245399
    },
    "spectral_energyband_high": {
        "dmean": 0.00207258225419,
        "dmean2": 0.00284944032319,
        "dvar": 1.94214226212e-05,
        "dvar2": 3.71968635591e-05,
        "max": 0.059596426785,
        "mean": 0.00292942044325,
        "median": 0.000931420770939,
        "min": 7.98314594114e-21,
        "stdev": 0.00603542942554,
        "var": 3.64264087693e-05
    },
    "spectral_energyband_low": {
        "dmean": 0.0136983739212,
        "dmean2": 0.022049818188,
        "dvar": 0.000996882561594,
        "dvar2": 0.00259323650971,
        "max": 0.249888747931,
        "mean": 0.0429823622108,
        "median": 0.0416067689657,
        "min": 1.37559898578e-22,
        "stdev": 0.0364414602518,
        "var": 0.00132798007689
    },
    "spectral_energyband_middle_high": {
        "dmean": 0.00224501406774,
        "dmean2": 0.00298506626859,
        "dvar": 7.27640463083e-06,
        "dvar2": 1.18717107398e-05,
        "max": 0.0352160707116,
        "mean": 0.00521349720657,
        "median": 0.00334096886218,
        "min": 1.63344502628e-21,
        "stdev": 0.00516373757273,
        "var": 2.66641836788e-05
    },
    "spectral_energyband_middle_low": {
        "dmean": 0.00848236493766,
        "dmean2": 0.0131717845798,
        "dvar": 8.75341866049e-05,
        "dvar2": 0.000201094488148,
        "max": 0.0949126258492,
        "mean": 0.0143655808643,
        "median": 0.0104463733733,
        "min": 3.55425913039e-22,
        "stdev": 0.0130807412788,
        "var": 0.000171105799382
    },
    "spectral_entropy": {
        "dmean": 0.240499585867,
        "dmean2": 0.357596546412,
        "dvar": 0.0548038557172,
        "dvar2": 0.102024234831,
        "max": 9.80835533142,
        "mean": 7.88379955292,
        "median": 7.85609149933,
        "min": 6.2965259552,
        "stdev": 0.431780099869,
        "var": 0.186434045434
    },
    "spectral_flux": {
        "dmean": 0.0411641411483,
        "dmean2": 0.0642591193318,
        "dvar": 0.00262594525702,
        "dvar2": 0.00519675016403,
        "max": 0.438859760761,
        "mean": 0.12195751816,
        "median": 0.108472950757,
        "min": 1.05085717905e-10,
        "stdev": 0.0689355954528,
        "var": 0.00475211674348
    },
    "spectral_kurtosis": {
        "dmean": 1.09041535854,
        "dmean2": 1.58940410614,
        "dvar": 1.21548843384,
        "dvar2": 2.40397357941,
        "max": 11.696475029,
        "mean": 2.71817970276,
        "median": 2.68314790726,
        "min": -1.24454045296,
        "stdev": 1.91419506073,
        "var": 3.66414260864
    },
    "spectral_rms": {
        "dmean": 0.00110468256753,
        "dmean2": 0.00172677717637,
        "dvar": 2.34606000049e-06,
        "dvar2": 5.66301423532e-06,
        "max": 0.0160786472261,
        "mean": 0.00763562181965,
        "median": 0.00809609796852,
        "min": 3.28232623373e-12,
        "stdev": 0.00244083534926,
        "var": 5.95767733103e-06
    },
    "spectral_rolloff": {
        "dmean": 841.762451172,
        "dmean2": 1411.08374023,
        "dvar": 3418328.25,
        "dvar2": 7289858.5,
        "max": 18647.7539062,
        "mean": 1307.51403809,
        "median": 538.330078125,
        "min": 43.06640625,
        "stdev": 2256.57470703,
        "var": 5092129.5
    },
    "spectral_skewness": {
        "dmean": 0.250531882048,
        "dmean2": 0.352368026972,
        "dvar": 0.0655074417591,
        "dvar2": 0.114398695529,
        "max": 3.18758630753,
        "mean": 1.45513522625,
        "median": 1.53838837147,
        "min": -0.130309611559,
        "stdev": 0.478428810835,
        "var": 0.228894114494
    },
    "spectral_spread": {
        "dmean": 1191525.625,
        "dmean2": 1662872.75,
        "dvar": 2.42887006618e+12,
        "dvar2": 3.41724626944e+12,
        "max": 41433280,
        "mean": 6810430,
        "median": 6350682.5,
        "min": 3424950.5,
        "stdev": 2314597,
        "var": 5.35735880909e+12
    },
    "spectral_strongpeak": {
        "dmean": 0.280249208212,
        "dmean2": 0.473017215729,
        "dvar": 0.621019899845,
        "dvar2": 1.39320170879,
        "max": 17.5200176239,
        "mean": 0.602601408958,
        "median": 0.384679883718,
        "min": 0,
        "stdev": 0.845633625984,
        "var": 0.715096235275
    },
    "zerocrossingrate": {
        "dmean": 0.0178362485021,
        "dmean2": 0.0197585597634,
        "dvar": 0.000655385199934,
        "dvar2": 0.000717717106454,
        "max": 0.49853515625,
        "mean": 0.0585193559527,
        "median": 0.0439453125,
        "min": 0.0009765625,
        "stdev": 0.0493583865464,
        "var": 0.0024362502154
    },
    "barkbands": {
        "dmean": [0.00274582137354, 0.0100143942982, 0.00341679924168, 0.000679334858432, 0.00162088684738, 0.00272191176191, 0.00347290653735, 0.00224398099817, 0.00123245397117, 0.000568753574044, 0.000389254273614, 0.000485251919599, 0.000547092349734, 0.000488592369948, 0.000457828340586, 0.000307989481371, 0.000235855026403, 0.000155346730025, 0.000148754057591, 0.000175014996785, 0.000140134288813, 0.000245849019848, 0.000429465348134, 0.000606087909546, 0.000515413645189, 0.000191605315194, 2.59867083514e-05],
        "dmean2": [0.00436312612146, 0.0157583989203, 0.00624816585332, 0.00120538356714, 0.00277397921309, 0.00435188086703, 0.00565482536331, 0.00347295450047, 0.00196104636416, 0.000848679745104, 0.000602372223511, 0.00074566382682, 0.000817144580651, 0.000775934197009, 0.000683096703142, 0.000455094064819, 0.000363620376447, 0.000246328185312, 0.000228103424888, 0.0002706113155, 0.000207855729968, 0.000351889902959, 0.000608752772678, 0.000899619306438, 0.000728052458726, 0.000269034469966, 4.17140217905e-05],
        "dvar": [2.16233820538e-05, 0.000503366347402, 0.00014257512521, 2.16694684241e-06, 8.65358560986e-06, 2.29409779422e-05, 3.49227557308e-05, 2.15182790271e-05, 8.70223084348e-06, 1.62970331985e-06, 1.18141019811e-06, 8.89143620952e-07, 1.2753878309e-06, 9.71623308033e-07, 7.28388499738e-07, 2.39013331793e-07, 9.29837611352e-08, 1.10378373108e-07, 1.0143047291e-07, 1.50317831071e-07, 7.78989743822e-08, 2.71244829264e-07, 9.04182570594e-07, 2.5415276923e-06, 2.2730555429e-06, 1.4912220081e-07, 2.06501749034e-09],
        "dvar2": [5.06832693645e-05, 0.00127610028721, 0.000404163263738, 6.56063321003e-06, 2.39505789068e-05, 5.52497367607e-05, 8.37054467411e-05, 4.84789816255e-05, 2.31022222579e-05, 3.31796286446e-06, 2.70509372058e-06, 2.00637146008e-06, 2.86619570034e-06, 2.33991249843e-06, 1.44082855513e-06, 4.96872360145e-07, 2.13300424434e-07, 2.48391103241e-07, 2.28243578704e-07, 3.47921513821e-07, 1.55138536684e-07, 5.30895022166e-07, 1.89475667867e-06, 5.15981946592e-06, 4.80285052618e-06, 2.92836062954e-07, 5.00116081881e-09],
        "max": [0.035720564425, 0.212134182453, 0.0830269157887, 0.0170081984252, 0.0310363695025, 0.0720429494977, 0.0571543164551, 0.0481716059148, 0.0391180403531, 0.0277477987111, 0.0219833888113, 0.0199375003576, 0.0130906933919, 0.0106195053086, 0.010448936373, 0.0119513273239, 0.003653554013, 0.00428597955033, 0.00522137712687, 0.00366648775525, 0.00286872219294, 0.00540201645344, 0.0103550385684, 0.0252973269671, 0.0215793494135, 0.00532871019095, 0.000474738015328],
        "mean": [0.0107104340568, 0.0302216075361, 0.00257670250721, 0.00073898723349, 0.00182693440001, 0.00338696176186, 0.00374005874619, 0.00290241301991, 0.00142475392204, 0.000819157459773, 0.00045333232265, 0.000683594378643, 0.000699029420502, 0.000629256595857, 0.00068499072222, 0.000488337653223, 0.000395103736082, 0.00023246431374, 0.000214241284993, 0.000238964450546, 0.000211590406252, 0.000322116160532, 0.000549234333448, 0.0008097657701, 0.00065308023477, 0.000231724858168, 2.19940393436e-05],
        "median": [0.00684766471386, 0.0281740408391, 0.000277877319604, 0.000347635999788, 0.000877822516486, 0.00144734315109, 0.00122161256149, 0.0006080562016, 0.000374352617655, 0.000314643490128, 0.00014982256107, 0.000326031789882, 0.000271735014394, 0.000228787292144, 0.000293415767374, 0.000251156219747, 0.000251161778579, 0.000124663318275, 0.000101375160739, 0.000100932971691, 9.00659069885e-05, 0.000104131540866, 0.000164730561664, 0.000201831950108, 0.000120732249343, 4.40595395048e-05, 1.81964560397e-06],
        "min": [4.25937778046e-23, 4.4126502989e-23, 3.40662229736e-23, 5.10288497385e-23, 7.06868154236e-23, 7.33696493208e-23, 5.73962194211e-23, 3.96062668932e-23, 2.79114355278e-23, 1.59211416745e-22, 9.79126645605e-23, 2.13383466983e-22, 1.07717896379e-22, 7.80505921602e-23, 1.97013732297e-22, 1.60700760891e-22, 1.02930583535e-22, 1.08419540822e-22, 3.13211605728e-22, 2.62706534387e-22, 4.26769761244e-22, 5.36348725649e-22, 7.69945358622e-22, 8.43795058202e-22, 1.23174130136e-21, 1.91406726078e-21, 2.24940478669e-21],
        "stdev": [0.00970916636288, 0.0265959948301, 0.00932868849486, 0.00130620459095, 0.00278292573057, 0.00564802438021, 0.00633375067264, 0.00556082511321, 0.00302380532958, 0.00178311590571, 0.00116393098142, 0.00119691214059, 0.00133205146994, 0.00116831215564, 0.00118257268332, 0.00078076007776, 0.000442972377641, 0.000398368225433, 0.000363615748938, 0.000452389300335, 0.000372453388991, 0.000660738325678, 0.00114487239625, 0.00206908234395, 0.0019017875893, 0.000520244066138, 4.52383574157e-05],
        "var": [9.42679180298e-05, 0.000707346946001, 8.70244257385e-05, 1.70617033746e-06, 7.74467571318e-06, 3.19001810567e-05, 4.01163961214e-05, 3.09227762045e-05, 9.14339852898e-06, 3.17950252793e-06, 1.35473521823e-06, 1.43259876495e-06, 1.77436106696e-06, 1.36495327752e-06, 1.39847804803e-06, 6.09586265909e-07, 1.96224533511e-07, 1.58697233132e-07, 1.32216413817e-07, 2.04656089409e-07, 1.38721532039e-07, 4.36575106733e-07, 1.31073284138e-06, 4.28110206485e-06, 3.61679622074e-06, 2.70653913503e-07, 2.04650896229e-09]
    },
    "erbbands": {
        "dmean": [0.430309414864, 2.12824273109, 4.35320663452, 2.46910309792, 4.96411466599, 5.0643901825, 4.57062196732, 27.7881069183, 63.5845413208, 22.6488513947, 58.2666816711, 27.0528259277, 20.3140201569, 14.0267591476, 14.2416400909, 20.8087368011, 24.2784614563, 24.5870628357, 23.496635437, 21.7458667755, 14.8273868561, 12.0954532623, 8.97968673706, 6.88934850693, 7.59119367599, 7.95523309708, 6.12307691574, 6.31300354004, 8.08749866486, 10.7078847885, 12.6362667084, 11.6413373947, 11.2890443802, 6.97827005386, 3.06083297729, 1.04727697372, 0.32454252243, 0.0649824440479, 0.00268100085668, 7.49879254727e-05],
        "dmean2": [0.634607553482, 3.5172085762, 7.97478055954, 4.41818714142, 8.52725791931, 8.80181789398, 7.7317276001, 44.3798980713, 103.579673767, 37.0003204346, 89.2161865234, 42.9945487976, 30.0241546631, 20.4525661469, 21.6597595215, 31.9076938629, 35.6208076477, 37.252658844, 34.7791137695, 31.5027866364, 20.8180828094, 18.5411148071, 14.066860199, 10.4537591934, 11.6366243362, 12.0010738373, 9.20739173889, 9.12184619904, 11.7360372543, 15.4678258896, 18.2333221436, 17.3062267303, 16.5557746887, 9.94227600098, 4.44619321823, 1.45255327225, 0.464392870665, 0.0992468893528, 0.00412331521511, 0.000111206652946],
        "dvar": [0.718972027302, 36.3439750671, 238.097808838, 41.5719528198, 65.785484314, 133.524520874, 71.3607406616, 2441.43896484, 10847.8945312, 2792.0246582, 14272.5478516, 4268.5703125, 2275.68237305, 777.817810059, 1580.1854248, 1439.77966309, 2610.2800293, 2581.64233398, 1951.2298584, 1805.56408691, 460.73840332, 264.553009033, 327.336914062, 205.984863281, 229.575241089, 310.259216309, 179.514801025, 162.94442749, 297.119232178, 547.069885254, 837.346862793, 707.062561035, 1005.49243164, 392.096923828, 98.9524383545, 6.24137115479, 0.364619463682, 0.0123427286744, 2.03418730962e-05, 1.27018564555e-08],
        "dvar2": [1.86655819416, 98.957244873, 679.151306152, 117.496452332, 185.060775757, 360.64465332, 178.469177246, 5798.27490234, 25756.1269531, 6955.79003906, 33059.0078125, 11440.1591797, 4667.52734375, 1582.84204102, 3770.83227539, 3254.35742188, 5757.37451172, 6279.98876953, 4313.18652344, 3236.54174805, 935.435974121, 606.134521484, 722.922058105, 449.014678955, 508.18270874, 668.941833496, 414.091796875, 303.799530029, 580.743103027, 1082.43884277, 1784.56970215, 1472.58410645, 2072.36645508, 803.658752441, 225.388000488, 12.6468439102, 0.717688679695, 0.026125844568, 4.67673307867e-05, 2.61381458699e-08],
        "max": [10.9055929184, 48.4752044678, 101.122589111, 61.4341506958, 82.6346511841, 147.849060059, 136.318771362, 785.995117188, 805.920349121, 756.67565918, 1392.39648438, 783.162109375, 641.632507324, 721.0703125, 852.83605957, 626.727783203, 610.706054688, 647.265808105, 598.572021484, 763.976989746, 449.716186523, 195.982696533, 285.689208984, 192.847900391, 194.927520752, 171.273727417, 127.271850586, 173.210327148, 185.5362854, 297.055969238, 366.204437256, 327.101654053, 571.208557129, 300.816894531, 180.074401855, 37.3972244263, 7.89583063126, 1.17444550991, 0.0447942949831, 0.00127012259327],
        "mean": [1.80745589733, 3.08115839958, 3.43121695518, 2.44135546684, 5.88952112198, 5.07729101181, 5.91749620438, 34.8097381592, 70.825050354, 28.2375106812, 76.4063034058, 33.7239341736, 29.0412979126, 21.9183197021, 19.0856170654, 29.4305973053, 31.9541339874, 34.6321487427, 34.5322532654, 34.2383460999, 25.5301837921, 20.9361133575, 14.1279573441, 10.7437896729, 11.052274704, 11.091714859, 8.7902765274, 9.18779277802, 10.836938858, 13.673579216, 16.2745323181, 15.1234407425, 14.5410318375, 8.86048412323, 3.80556249619, 1.30133283138, 0.377496272326, 0.0672661364079, 0.00252712680958, 0.000142207805766],
        "median": [1.85433375835, 1.81660401821, 0.506142258644, 0.887784838676, 3.08985924721, 1.98563539982, 2.49628019333, 13.4820203781, 23.7356262207, 12.6546916962, 16.1328315735, 10.8573093414, 8.02911949158, 10.5739746094, 7.57752895355, 15.1826496124, 11.9976987839, 17.5715732574, 14.3886766434, 15.2900238037, 13.4012022018, 12.4610385895, 8.10819721222, 5.94748020172, 5.25130939484, 4.65939855576, 3.9099779129, 3.42531371117, 3.66929841042, 3.81521511078, 4.74251365662, 4.29782295227, 3.09334516525, 1.67056930065, 0.683713793755, 0.262032806873, 0.063879840076, 0.0091981831938, 0.000286968890578, 9.65860672295e-05],
        "min": [3.0152179278e-21, 4.2517115797e-21, 2.53181373939e-20, 1.20230611562e-19, 1.82696835729e-19, 1.53922530941e-19, 5.07931547608e-19, 7.09139922889e-19, 1.09112970672e-18, 4.91563762936e-19, 8.4072884871e-19, 7.66153708501e-19, 2.90406569455e-18, 6.34834154046e-18, 4.69270563003e-18, 8.06408949319e-18, 4.95498723148e-18, 3.89195178369e-18, 1.17870325613e-17, 4.78499913406e-18, 1.03553260232e-17, 6.41638252252e-18, 6.6315938248e-18, 7.89575906572e-18, 1.96603394637e-17, 1.32090048379e-17, 1.58581607647e-17, 1.57215452691e-17, 2.12214228398e-17, 1.9782742342e-17, 2.33627055869e-17, 1.8618637831e-17, 1.40449510834e-17, 1.23425761597e-17, 9.69207771883e-18, 7.44612850015e-18, 3.58437335831e-18, 1.50296091002e-18, 2.84454824002e-19, 3.25787572258e-20],
        "stdev": [1.3448779583, 5.31036567688, 11.9942750931, 5.33164596558, 8.11750221252, 10.3118400574, 10.0390043259, 59.7278251648, 115.518676758, 54.7609558105, 143.141876221, 65.5061950684, 65.2821807861, 40.8827209473, 44.6113739014, 46.7583656311, 60.2676544189, 58.8278045654, 58.8071365356, 59.8434524536, 35.9146156311, 24.4282169342, 22.5211868286, 17.4073963165, 17.9819564819, 21.383436203, 15.8496494293, 17.3942146301, 21.7506599426, 29.5902366638, 34.1807975769, 33.3995628357, 41.0402793884, 26.203168869, 11.3856401443, 3.24170184135, 0.809335231781, 0.131247997284, 0.00479593174532, 0.000147865415784],
        "var": [1.80869662762, 28.1999855042, 143.862640381, 28.426448822, 65.8938369751, 106.33404541, 100.781600952, 3567.41308594, 13344.5644531, 2998.76245117, 20489.5976562, 4291.06201172, 4261.76318359, 1671.39697266, 1990.17480469, 2186.34472656, 3632.18994141, 3460.71044922, 3458.27929688, 3581.23901367, 1289.85974121, 596.737792969, 507.203887939, 303.017425537, 323.350769043, 457.251342773, 251.211395264, 302.558685303, 473.091217041, 875.582092285, 1168.32702637, 1115.53088379, 1684.30456543, 686.606079102, 129.632797241, 10.5086307526, 0.655023515224, 0.017226036638, 2.30009591178e-05, 2.18641798e-08]
    },
    "gfcc": {
        "mean": [40.4679260254, 61.3886070251, -91.7576370239, 28.6258792877, -58.2982940674, 28.4229164124, -42.9531478882, 22.1890411377, -9.71112728119, 17.3229885101, -6.63796329498, 8.37411880493, -8.86397838593],
        "cov": [[4274.33496094, -322.865081787, -97.370010376, 24.4314613342, 128.568237305, 405.731079102, 326.22265625, 293.351135254, 178.114471436, 263.065490723, 70.7259216309, 97.2165603638, -30.2136669159], [-322.865081787, 1152.52697754, -261.315002441, -178.427963257, 96.8491744995, -86.4729232788, 75.5348205566, 32.2872047424, 124.520378113, -23.6559696198, 93.0442428589, -48.0366821289, 59.4684944153], [-97.370010376, -261.315002441, 779.430541992, 285.548675537, 148.316116333, 110.064361572, 116.975151062, 27.6983184814, -54.1152954102, 19.7662181854, 10.9261274338, 78.0794219971, 36.3318061829], [24.4314613342, -178.427963257, 285.548675537, 520.717346191, 182.81590271, 70.2108001709, 42.1075515747, -2.14455533028, 20.4347286224, 20.9554901123, 11.1816968918, 39.1656341553, 86.2898635864], [128.568237305, 96.8491744995, 148.316116333, 182.81590271, 410.265472412, 142.490356445, 175.625656128, 84.2473220825, 76.0117034912, 93.5745239258, 65.7560501099, 26.2109107971, 46.2599906921], [405.731079102, -86.4729232788, 110.064361572, 70.2108001709, 142.490356445, 278.905548096, 186.498703003, 103.778297424, 52.0543251038, 70.7677993774, 45.9622077942, 7.7646446228, 13.9103679657], [326.22265625, 75.5348205566, 116.975151062, 42.1075515747, 175.625656128, 186.498703003, 364.346862793, 151.016464233, 65.2720031738, 82.4813156128, 45.7901496887, 42.4588851929, 16.0312538147], [293.351135254, 32.2872047424, 27.6983184814, -2.14455533028, 84.2473220825, 103.778297424, 151.016464233, 168.601730347, 98.7299880981, 68.0996017456, 35.9271278381, 5.77556085587, 17.1125946045], [178.114471436, 124.520378113, -54.1152954102, 20.4347286224, 76.0117034912, 52.0543251038, 65.2720031738, 98.7299880981, 180.2943573, 85.5624542236, 40.3111038208, -5.27866601944, 31.3206291199], [263.065490723, -23.6559696198, 19.7662181854, 20.9554901123, 93.5745239258, 70.7677993774, 82.4813156128, 68.0996017456, 85.5624542236, 130.644866943, 61.2916984558, 14.5356063843, 15.8018426895], [70.7259216309, 93.0442428589, 10.9261274338, 11.1816968918, 65.7560501099, 45.9622077942, 45.7901496887, 35.9271278381, 40.3111038208, 61.2916984558, 106.799682617, 35.6225471497, 18.7626819611], [97.2165603638, -48.0366821289, 78.0794219971, 39.1656341553, 26.2109107971, 7.7646446228, 42.4588851929, 5.77556085587, -5.27866601944, 14.5356063843, 35.6225471497, 94.2475814819, 28.393573761], [-30.2136669159, 59.4684944153, 36.3318061829, 86.2898635864, 46.2599906921, 13.9103679657, 16.0312538147, 17.1125946045, 31.3206291199, 15.8018426895, 18.7626819611, 28.393573761, 87.047203064]],
        "icov": [[0.000353801471647, -9.92618734017e-05, 0.000195919172256, -0.000178666101419, 0.000161212170497, -0.000556642597076, 0.000234905819525, -0.000543473928701, 0.000237096959609, -0.000845243805088, 0.000653297116514, -0.000845901900902, 0.000556047365535], [-9.92618734017e-05, 0.00216615642421, 6.18649428361e-05, 0.00115514919162, -0.000895883771591, 0.00174397323281, -0.00178704317659, 0.00149883271661, -0.00215046619996, 0.0035359475296, -0.00365178892389, 0.00296161067672, -0.00250039575621], [0.000195919172256, 6.18649428361e-05, 0.00205975561403, -0.00100076512899, -0.000134778689244, -0.000587684276979, -2.80104109152e-06, -0.000861320528202, 0.00122570653912, -0.000690643501002, 0.000700976524968, -0.00157361186575, 0.000540023902431], [-0.000178666101419, 0.00115514919162, -0.00100076512899, 0.00393254309893, -0.00160678720567, 0.000664358376525, -0.000718603318091, 0.00210286886431, -0.00185802346095, 0.0024331966415, -0.0015101779718, 0.00182362343185, -0.00390762463212], [0.000161212170497, -0.000895883771591, -0.000134778689244, -0.00160678720567, 0.00457380991429, -0.00136364379432, -0.000545338261873, -0.000423078628955, 0.000572042539716, -0.00279674120247, 0.000490370555781, -0.0006647190894, 0.000700892240275], [-0.000556642597076, 0.00174397323281, -0.000587684276979, 0.000664358376525, -0.00136364379432, 0.00842726510018, -0.00388581934385, 0.000404106103815, -0.00130303308833, 0.00295401969925, -0.00490553677082, 0.00515598012134, -0.0024755904451], [0.000234905819525, -0.00178704317659, -2.80104109152e-06, -0.000718603318091, -0.000545338261873, -0.00388581934385, 0.0078984098509, -0.00562859000638, 0.00284462771378, -0.00396416150033, 0.00446570944041, -0.00544088380411, 0.00308685307391], [-0.000543473928701, 0.00149883271661, -0.000861320528202, 0.00210286886431, -0.000423078628955, 0.000404106103815, -0.00562859000638, 0.0159067511559, -0.00755039602518, 0.00311903003603, -0.00372459879145, 0.00431409850717, -0.00332177430391], [0.000237096959609, -0.00215046619996, 0.00122570653912, -0.00185802346095, 0.000572042539716, -0.00130303308833, 0.00284462771378, -0.00755039602518, 0.0140163078904, -0.00910471752286, 0.0038105212152, -0.0017358972691, 0.000100823082903], [-0.000845243805088, 0.0035359475296, -0.000690643501002, 0.0024331966415, -0.00279674120247, 0.00295401969925, -0.00396416150033, 0.00311903003603, -0.00910471752286, 0.0226162746549, -0.0125612057745, 0.00628062756732, -0.0038724122569], [0.000653297116514, -0.00365178892389, 0.000700976524968, -0.0015101779718, 0.000490370555781, -0.00490553677082, 0.00446570944041, -0.00372459879145, 0.0038105212152, -0.0125612057745, 0.0222168155015, -0.0115279424936, 0.0042398236692], [-0.000845901900902, 0.00296161067672, -0.00157361186575, 0.00182362343185, -0.0006647190894, 0.00515598012134, -0.00544088380411, 0.00431409850717, -0.0017358972691, 0.00628062756732, -0.0115279424936, 0.0214291121811, -0.00880523771048], [0.000556047365535, -0.00250039575621, 0.000540023902431, -0.00390762463212, 0.000700892240275, -0.0024755904451, 0.00308685307391, -0.00332177430391, 0.000100823082903, -0.0038724122569, 0.0042398236692, -0.00880523771048, 0.0197700746357]]
    },
    "melbands": {
        "dmean": [0.00311184953898, 0.00232813600451, 0.000503312854562, 0.000384453509469, 0.000162769458257, 0.000672892434523, 0.000879381026607, 0.000262792804278, 0.000465953256935, 0.000154963548994, 0.000100783930975, 5.89107148699e-05, 5.10477002535e-05, 5.25163632119e-05, 5.75444282731e-05, 5.5182052165e-05, 4.7301651648e-05, 4.05166611017e-05, 3.37692508765e-05, 2.63380698016e-05, 1.74456909008e-05, 1.42982034959e-05, 1.13680134746e-05, 6.6251827775e-06, 5.87781050854e-06, 6.01816373091e-06, 5.70630845687e-06, 5.48627576791e-06, 4.37291828348e-06, 3.28118539983e-06, 4.06517301599e-06, 4.51275263913e-06, 5.54388770979e-06, 6.21190838501e-06, 7.43937152947e-06, 7.41578560337e-06, 7.27397946321e-06, 8.52632547321e-06, 6.92332105245e-06, 5.77108176003e-06],
        "dmean2": [0.00468174181879, 0.00412327377126, 0.000895268865861, 0.000657177297398, 0.000277725514024, 0.00107791449409, 0.00142520247027, 0.000425324396929, 0.000715159112588, 0.000248596305028, 0.000150731852045, 8.57476770761e-05, 7.85746160545e-05, 8.11090721982e-05, 8.92982498044e-05, 8.20787608973e-05, 7.40120012779e-05, 6.09407288721e-05, 4.93879088026e-05, 3.88821063098e-05, 2.51746314461e-05, 2.20767287828e-05, 1.80619008461e-05, 1.05540793811e-05, 9.08134552446e-06, 9.48877004703e-06, 8.89794137038e-06, 8.38387950353e-06, 7.03608702679e-06, 5.01124532093e-06, 5.91616299062e-06, 6.60647037876e-06, 8.51274035085e-06, 8.99557289813e-06, 1.07050391307e-05, 1.12079524115e-05, 1.10917644633e-05, 1.25614642457e-05, 1.00631477835e-05, 8.29415512271e-06],
        "dvar": [3.77061696781e-05, 6.0681359173e-05, 1.20037975648e-06, 4.64593227889e-07, 1.11487530319e-07, 1.33205014663e-06, 2.01972284231e-06, 3.57897988579e-07, 8.97069980965e-07, 1.48778411813e-07, 5.62726576447e-08, 1.60732227528e-08, 2.45790161557e-08, 1.24762440379e-08, 1.51787720171e-08, 1.28582779979e-08, 1.0563486974e-08, 6.90769130784e-09, 4.43052838861e-09, 2.01339944716e-09, 6.66481758671e-10, 3.8306982586e-10, 4.41614883551e-10, 2.27588045631e-10, 1.44282460979e-10, 1.47062792499e-10, 1.44923170686e-10, 1.56296212084e-10, 9.74121408537e-11, 4.76947578654e-11, 6.75143552176e-11, 9.06876518325e-11, 1.65357672e-10, 1.85236243011e-10, 3.11056236324e-10, 2.72773553744e-10, 3.16743825612e-10, 5.86914794543e-10, 3.72106873092e-10, 2.86313500686e-10],
        "dvar2": [9.22884864849e-05, 0.000171593477717, 3.4140803109e-06, 1.27799683014e-06, 2.94346079954e-07, 3.16550313073e-06, 4.79464688397e-06, 8.68984443514e-07, 2.10370990317e-06, 3.998630973e-07, 1.1395516708e-07, 3.25070779184e-08, 5.76954199971e-08, 2.78807927856e-08, 3.43880479647e-08, 2.88783912339e-08, 2.58880632487e-08, 1.55940043101e-08, 8.89056117614e-09, 3.97040844646e-09, 1.35904210108e-09, 8.81936856878e-10, 1.06275022116e-09, 5.5447391123e-10, 3.17340348444e-10, 3.31378757767e-10, 3.44340889136e-10, 3.39694827822e-10, 2.43351200302e-10, 1.04811194446e-10, 1.28805910382e-10, 1.77609080221e-10, 3.57296053854e-10, 3.56273427427e-10, 6.65925425913e-10, 6.06839412054e-10, 6.86249168602e-10, 1.23390075935e-09, 7.78621500608e-10, 5.96582283574e-10],
        "max": [0.07157368958, 0.0515090487897, 0.010238206014, 0.00727870408446, 0.00417196704075, 0.0171994492412, 0.0105509608984, 0.00759973935783, 0.0113857071847, 0.00430265348405, 0.00311766774394, 0.0035372027196, 0.0034848221112, 0.0027694250457, 0.00179373275023, 0.00170711160172, 0.00136170780752, 0.00122888362966, 0.000755422748625, 0.000783128547482, 0.000494228559546, 0.000222730683163, 0.000332691357471, 0.00024525335175, 0.000179024209501, 0.000162539305165, 0.000121168915939, 0.000116452509246, 9.53180715442e-05, 6.79797958583e-05, 0.000111182649562, 0.00010673658835, 0.000136300062877, 0.000175364883034, 0.000242702633841, 0.000197498986381, 0.000217889144551, 0.000462923751911, 0.000306794187054, 0.000256817584159],
        "mean": [0.0120608760044, 0.00225926516578, 0.000537113053724, 0.000431751977885, 0.000185136043001, 0.000838010397274, 0.000983648118563, 0.0003231112496, 0.000604732253123, 0.000184686854482, 0.000141494267154, 8.80176812643e-05, 6.17274345132e-05, 7.31557229301e-05, 7.2433729656e-05, 6.99319498381e-05, 6.30184513284e-05, 5.40940673091e-05, 4.89275589644e-05, 4.0737704694e-05, 2.79870855593e-05, 2.29909746849e-05, 1.64713692357e-05, 9.71882400336e-06, 8.43940415507e-06, 8.24197832117e-06, 7.61596766097e-06, 7.36406991564e-06, 5.77332093599e-06, 4.72370084026e-06, 5.5758750932e-06, 5.91606067246e-06, 6.70625013299e-06, 7.9347692008e-06, 9.42024053074e-06, 9.19517606235e-06, 9.23275911191e-06, 1.06260395114e-05, 8.75916521181e-06, 7.0771116043e-06],
        "median": [0.0120980413631, 0.000727868813556, 0.000252022611676, 0.00020212304662, 6.87244100845e-05, 0.000329559959937, 0.000350413378328, 0.000108210377221, 0.000124978803797, 5.45284237887e-05, 3.72214999516e-05, 3.98355878133e-05, 2.06317545235e-05, 3.67155807908e-05, 2.82602759398e-05, 2.80504609691e-05, 2.93932225759e-05, 1.99516689463e-05, 1.89701131603e-05, 2.1020310669e-05, 1.4430704141e-05, 1.3658825992e-05, 9.23301377043e-06, 5.66435392102e-06, 4.32127217209e-06, 3.79201287615e-06, 3.31317187374e-06, 2.86635486191e-06, 2.41686961999e-06, 1.95401912606e-06, 1.90982791537e-06, 2.02832598006e-06, 1.86396061963e-06, 2.10566486203e-06, 2.63072638518e-06, 2.6054490263e-06, 2.61902368948e-06, 2.17362548938e-06, 1.70035241354e-06, 1.22212566112e-06],
        "min": [2.22520953289e-23, 1.12189234143e-23, 2.32822829845e-23, 1.06561421559e-23, 1.60255530951e-23, 1.54469788414e-23, 1.56862324653e-23, 5.50784261747e-24, 6.53353100492e-24, 4.6338975416e-24, 1.51248159363e-23, 2.62923774059e-23, 1.28668175577e-23, 2.40235550668e-23, 1.76679725438e-23, 8.42365317232e-24, 6.48643561445e-24, 1.81372264533e-23, 1.08144681173e-23, 6.14146279629e-24, 1.27725707676e-23, 6.08555504065e-24, 5.22429327041e-24, 6.24545201854e-24, 5.72830399693e-24, 1.32341774595e-23, 1.12174237897e-23, 8.91684506596e-24, 9.73315833068e-24, 8.12573511829e-24, 1.02123716091e-23, 1.12776935517e-23, 1.14662549739e-23, 1.12703910663e-23, 1.31175853954e-23, 1.14667685223e-23, 1.2294061942e-23, 9.30282208511e-24, 1.05632869164e-23, 1.02110415896e-23],
        "stdev": [0.00918420124799, 0.00619469862431, 0.000929915287998, 0.000658696575556, 0.0003411952639, 0.00137544039171, 0.00157165154815, 0.000648162211291, 0.00112357432954, 0.000389949680539, 0.000327225861838, 0.000178758491529, 0.000165285600815, 0.000141909127706, 0.00013711770589, 0.000135472859256, 0.000115642418677, 0.000103855090856, 8.92807947821e-05, 6.73886679579e-05, 4.05395076086e-05, 2.80098702206e-05, 2.5682602427e-05, 1.67357247847e-05, 1.44115383591e-05, 1.38403038363e-05, 1.37246943268e-05, 1.50004916577e-05, 1.07722662506e-05, 8.71145402925e-06, 1.09172815428e-05, 1.1849011571e-05, 1.51611839101e-05, 1.74032011273e-05, 2.06434360734e-05, 1.927177982e-05, 2.14767333091e-05, 3.05472458422e-05, 2.51104793279e-05, 2.19778848987e-05],
        "var": [8.43495581648e-05, 3.8374291762e-05, 8.64742389695e-07, 4.33881155004e-07, 1.16414199169e-07, 1.89183617749e-06, 2.47008847509e-06, 4.20114218969e-07, 1.26241934595e-06, 1.5206074977e-07, 1.07076772338e-07, 3.19545989669e-08, 2.73193307976e-08, 2.01381986642e-08, 1.88012663216e-08, 1.83528960918e-08, 1.33731692387e-08, 1.07858797449e-08, 7.9710602563e-09, 4.54123227911e-09, 1.64345159703e-09, 7.84552867117e-10, 6.59596099961e-10, 2.80084483384e-10, 2.07692446574e-10, 1.91554008766e-10, 1.88367238474e-10, 2.25014756827e-10, 1.16041717901e-10, 7.58894336261e-11, 1.19187035241e-10, 1.4039908125e-10, 2.29861490952e-10, 3.02871394631e-10, 4.26151419708e-10, 3.71401492893e-10, 4.61250093675e-10, 9.33134125525e-10, 6.30536178825e-10, 4.8302745137e-10]
    },
    "melbands128": {
