{
"lowlevel": {
    "average_loudness": 0.986335992813,
    "barkbands_crest": {
        "dmean": 3.01482772827,
        "dmean2": 4.6600522995,
        "dvar": 6.99347782135,
        "dvar2": 15.5364046097,
        "max": 25.6607952118,
        "mean": 12.9667682648,
        "median": 12.4985208511,
        "min": 4.37299966812,
        "stdev": 4.09678936005,
        "var": 16.7836818695
    },
    "barkbands_flatness_db": {
        "dmean": 0.0279361438006,
        "dmean2": 0.0390850678086,
        "dvar": 0.000518640794326,
        "dvar2": 0.00102840620093,
        "max": 0.290534943342,
        "mean": 0.149628326297,
        "median": 0.146094232798,
        "min": 0.0594460256398,
        "stdev": 0.0408596619964,
        "var": 0.00166951213032
    },
    "barkbands_kurtosis": {
        "dmean": 5.77978038788,
        "dmean2": 8.50214004517,
        "dvar": 67.8885421753,
        "dvar2": 146.480621338,
        "max": 120.932991028,
        "mean": 10.0260238647,
        "median": 6.12881946564,
        "min": -1.08108949661,
        "stdev": 11.7160978317,
        "var": 137.266952515
    },
    "barkbands_skewness": {
        "dmean": 0.695948302746,
        "dmean2": 1.01260650158,
        "dvar": 0.477983832359,
        "dvar2": 1.00377619267,
        "max": 9.55500411987,
        "mean": 2.55172014236,
        "median": 2.37158727646,
        "min": 0.250144213438,
        "stdev": 1.31919455528,
        "var": 1.74027442932
    },
    "barkbands_spread": {
        "dmean": 6.87430906296,
        "dmean2": 10.2225055695,
        "dvar": 44.6963500977,
        "dvar2": 99.6390533447,
        "max": 63.2174301147,
        "mean": 20.1845207214,
        "median": 19.0750102997,
        "min": 1.73661530018,
        "stdev": 10.2362499237,
        "var": 104.780815125
    },
    "dissonance": {
        "dmean": 0.0238514449447,
        "dmean2": 0.0398947112262,
        "dvar": 0.00047766129137,
        "dvar2": 0.00107102631591,
        "max": 0.499948084354,
        "mean": 0.454924434423,
        "median": 0.460563033819,
        "min": 0.00156360911205,
        "stdev": 0.029387857765,
        "var": 0.000863646215294
    },
    "dynamic_complexity": 1.59987592697,
    "erbbands_crest": {
        "dmean": 3.64411973953,
        "dmean2": 5.95439577103,
        "dvar": 10.4877748489,
        "dvar2": 24.3409519196,
        "max": 30.3385829926,
        "mean": 10.4025774002,
        "median": 8.80787658691,
        "min": 2.59012174606,
        "stdev": 5.85968446732,
        "var": 34.3359031677
    },
    "erbbands_flatness_db": {
        "dmean": 0.0183824747801,
        "dmean2": 0.0282245017588,
        "dvar": 0.000268068077276,
        "dvar2": 0.000581777829211,
        "max": 0.246164023876,
        "mean": 0.11405955255,
        "median": 0.107262857258,
        "min": 0.0557549782097,
        "stdev": 0.0307931080461,
        "var": 0.00094821548555
    },
    "erbbands_kurtosis": {
        "dmean": 1.4868850708,
        "dmean2": 2.2890894413,
        "dvar": 3.51074147224,
        "dvar2": 7.58922195435,
        "max": 19.5083179474,
        "mean": 0.914022564888,
        "median": 0.13275885582,
        "min": -1.75364196301,
        "stdev": 2.78092932701,
        "var": 7.73356819153
    },
    "erbbands_skewness": {
        "dmean": 0.497494906187,
        "dmean2": 0.754192590714,
        "dvar": 0.166295722127,
        "dvar2": 0.405098050833,
        "max": 3.88353228569,
        "mean": 0.9190107584,
        "median": 0.837566971779,
        "min": -1.63604533672,
        "stdev": 0.765160143375,
        "var": 0.585470080376
    },
    "erbbands_spread": {
        "dmean": 15.5889635086,
        "dmean2": 22.4476203918,
        "dvar": 176.331771851,
        "dvar2": 347.450286865,
        "max": 139.828811646,
        "mean": 57.596370697,
        "median": 55.6633872986,
        "min": 9.58022117615,
        "stdev": 26.3561973572,
        "var": 694.649169922
    },
    "hfc": {
        "dmean": 11.0524320602,
        "dmean2": 15.8166284561,
        "dvar": 109.518089294,
        "dvar2": 215.556686401,
        "max": 83.7104492188,
        "mean": 27.1609172821,
        "median": 24.1325531006,
        "min": 1.01649084172e-05,
        "stdev": 16.6250686646,
        "var": 276.392913818
    },
    "loudness_ebu128": {
        "integrated": -8.52327251434,
        "loudness_range": 0.615155220032,
        "momentary": {
            "dmean": 0.299400836229,
            "dmean2": 0.355046033859,
            "dvar": 0.0483662076294,
            "dvar2": 0.0790249407291,
            "max": -7.15869522095,
            "mean": -8.57150268555,
            "median": -8.57749938965,
            "min": -11.2587337494,
            "stdev": 0.655038118362,
            "var": 0.429074972868
        },
        "short_term": {
            "dmean": 0.0414976142347,
            "dmean2": 0.0541670434177,
            "dvar": 0.00101666548289,
            "dvar2": 0.00150389072951,
            "max": -7.91970443726,
            "mean": -8.51531600952,
            "median": -8.53955459595,
            "min": -9.00172710419,
            "stdev": 0.198269292712,
            "var": 0.0393107123673
        }
    },
    "melbands_crest": {
        "dmean": 3.05856990814,
        "dmean2": 4.72849273682,
        "dvar": 6.45270872116,
        "dvar2": 14.5793581009,
        "max": 27.1105823517,
        "mean": 15.7849779129,
        "median": 15.5406742096,
        "min": 6.71354866028,
        "stdev": 3.96647930145,
        "var": 15.73295784
    },
    "melbands_flatness_db": {
        "dmean": 0.033667512238,
        "dmean2": 0.0458865314722,
        "dvar": 0.000755293061957,
        "dvar2": 0.0015185320517,
        "max": 0.401815593243,
        "mean": 0.226269811392,
        "median": 0.222546800971,
        "min": 0.0975714102387,
        "stdev": 0.0508178547025,
        "var": 0.00258245435543
    },
    "melbands_kurtosis": {
        "dmean": 16.1367588043,
        "dmean2": 23.9985656738,
        "dvar": 496.189086914,
        "dvar2": 1053.22973633,
        "max": 265.610015869,
        "mean": 33.1062698364,
        "median": 22.7249221802,
        "min": 0.113071680069,
        "stdev": 33.9157142639,
        "var": 1150.27575684
    },
    "melbands_skewness": {
        "dmean": 1.09730565548,
        "dmean2": 1.61034607887,
        "dvar": 1.15024602413,
        "dvar2": 2.32955360413,
        "max": 12.9100847244,
        "mean": 4.01548290253,
        "median": 3.85082936287,
        "min": -0.0639437362552,
        "stdev": 2.12160420418,
        "var": 4.50120401382
    },
    "melbands_spread": {
        "dmean": 4.55203580856,
        "dmean2": 6.58339214325,
        "dvar": 20.3863582611,
        "dvar2": 46.3873405457,
        "max": 54.0381469727,
        "mean": 14.3300580978,
        "median": 12.8981351852,
        "min": 1.10329914093,
        "stdev": 8.62187576294,
        "var": 74.3367385864
    },
    "pitch_salience": {
        "dmean": 0.0819565355778,
        "dmean2": 0.126374140382,
        "dvar": 0.00488042645156,
        "dvar2": 0.0112683521584,
        "max": 0.865149974823,
        "mean": 0.476121366024,
        "median": 0.477092087269,
        "min": 0.120888903737,
        "stdev": 0.102151252329,
        "var": 0.0104348780587
    },
    "silence_rate_20dB": {
        "dmean": 0,
        "dmean2": 0,
        "dvar": 0,
        "dvar2": 0,
        "max": 1,
        "mean": 1,
        "median": 1,
        "min": 1,
        "stdev": 0,
        "var": 0
    },
    "silence_rate_30dB": {
        "dmean": 0,
        "dmean2": 0,
        "dvar": 0,
        "dvar2": 0,
        "max": 1,
        "mean": 1,
        "median": 1,
        "min": 1,
        "stdev": 0,
        "var": 0
    },
    "silence_rate_60dB": {
        "dmean": 0.000773993786424,
        "dmean2": 0.000774593325332,
        "dvar": 0.000773391744588,
        "dvar2": 0.000773989362642,
        "max": 1,
        "mean": 0.00077339517884,
        "median": 0,
        "min": 0,
        "stdev": 0.0277991909534,
        "var": 0.000772794999648
    },
    "spectral_centroid": {
        "dmean": 264.638671875,
        "dmean2": 388.618865967,
        "dvar": 57319.7695312,
        "dvar2": 132596.125,
        "max": 3505.88867188,
        "mean": 1027.23388672,
        "median": 971.389282227,
        "min": 252.650054932,
        "stdev": 440.608734131,
        "var": 194136.0625
    },
    "spectral_complexity": {
        "dmean": 4.54489183426,
        "dmean2": 6.67776918411,
        "dvar": 18.7232189178,
        "dvar2": 38.2822265625,
        "max": 48,
        "mean": 16.5375099182,
        "median": 16,
        "min": 0,
        "stdev": 7.30304670334,
        "var": 53.3344917297
    },
    "spectral_decrease": {
        "dmean": 3.15459747213e-09,
        "dmean2": 4.94312857313e-09,
        "dvar": 8.2051676282e-18,
        "dvar2": 2.07840759063e-17,
        "max": -3.58024479069e-15,
        "mean": -1.23543211217e-08,
        "median": -1.19215544103e-08,
        "min": -2.73338667256e-08,
        "stdev": 4.41440839438e-09,
        "var": 1.94870004576e-17
    },
    "spectral_energy": {
        "dmean": 0.0125207239762,
        "dmean2": 0.0194468796253,
        "dvar": 0.000127787847305,
        "dvar2": 0.000316562567605,
        "max": 0.107507973909,
        "mean": 0.0490916371346,
        "median": 0.0476851053536,
        "min": 1.44346783415e-08,
        "stdev": 0.0175353009254,
        "var": 0.000307486800011
    },
    "spectral_energyband_high": {
        "dmean": 0.00101656361949,
        "dmean2": 0.00149162393063,
        "dvar": 1.19751700822e-06,
        "dvar2": 2.48115316026e-06,
        "max": 0.00860521383584,
        "mean": 0.0015957566211,
        "median": 0.00113450188655,
        "min": 4.02335775807e-10,
        "stdev": 0.00141564582009,
        "var": 2.00405293072e-06
    },
    "spectral_energyband_low": {
        "dmean": 0.00716083170846,
        "dmean2": 0.0119989467785,
        "dvar": 8.40516440803e-05,
        "dvar2": 0.000235432351474,
        "max": 0.0784716457129,
        "mean": 0.0257885213941,
        "median": 0.0232339520007,
        "min": 4.86293938451e-09,
        "stdev": 0.0118141099811,
        "var": 0.000139573196066
    },
    "spectral_energyband_middle_high": {
        "dmean": 0.00151128589641,
        "dmean2": 0.0021837297827,
        "dvar": 4.03152580475e-06,
        "dvar2": 9.18248770176e-06,
        "max": 0.0256711319089,
        "mean": 0.00344806117937,
        "median": 0.00213555246592,
        "min": 2.10311212889e-09,
        "stdev": 0.00378868426196,
        "var": 1.43541283251e-05
    },
    "spectral_energyband_middle_low": {
        "dmean": 0.00931721739471,
        "dmean2": 0.014200873673,
        "dvar": 7.97507236712e-05,
        "dvar2": 0.000186935139936,
        "max": 0.0739436075091,
        "mean": 0.0194869507104,
        "median": 0.0161806661636,
        "min": 6.77911859981e-09,
        "stdev": 0.0132412677631,
        "var": 0.000175331180799
    },
    "spectral_entropy": {
        "dmean": 0.230437025428,
        "dmean2": 0.329964458942,
        "dvar": 0.0330467931926,
        "dvar2": 0.0742480456829,
        "max": 8.69478607178,
        "mean": 7.78460407257,
        "median": 7.81650495529,
        "min": 6.68531703949,
        "stdev": 0.302545875311,
        "var": 0.0915340036154
    },
    "spectral_flux": {
        "dmean": 0.0302976071835,
        "dmean2": 0.0463936813176,
        "dvar": 0.000722618366126,
        "dvar2": 0.00146852701437,
        "max": 0.260099470615,
        "mean": 0.104145884514,
        "median": 0.0982380211353,
        "min": 0.000120144402899,
        "stdev": 0.0390483699739,
        "var": 0.00152477517258
    },
    "spectral_kurtosis": {
        "dmean": 0.87146627903,
        "dmean2": 1.27450358868,
        "dvar": 0.544622182846,
        "dvar2": 1.11366319656,
        "max": 9.53494167328,
        "mean": 1.85766804218,
        "median": 1.74567937851,
        "min": -0.468748092651,
        "stdev": 1.11331176758,
        "var": 1.23946321011
    },
    "spectral_rms": {
        "dmean": 0.000881815387402,
        "dmean2": 0.0013475259766,
        "dvar": 5.97962866777e-07,
        "dvar2": 1.36995606681e-06,
        "max": 0.0102413780987,
        "mean": 0.00680487928912,
        "median": 0.00682070758194,
        "min": 3.7526806409e-06,
        "stdev": 0.00126015080605,
        "var": 1.58797990935e-06
    },
    "spectral_rolloff": {
        "dmean": 267.6640625,
        "dmean2": 451.997375488,
        "dvar": 346788.375,
        "dvar2": 953232.875,
        "max": 6309.22851562,
        "mean": 647.012695312,
        "median": 495.263671875,
        "min": 86.1328125,
        "stdev": 585.266174316,
        "var": 342536.46875
    },
    "spectral_skewness": {
        "dmean": 0.224648565054,
        "dmean2": 0.31595736742,
        "dvar": 0.0308000165969,
        "dvar2": 0.0631246268749,
        "max": 2.90392255783,
        "mean": 1.28854036331,
        "median": 1.29408013821,
        "min": 0.473433464766,
        "stdev": 0.288144052029,
        "var": 0.0830269902945
    },
    "spectral_spread": {
        "dmean": 768003.875,
        "dmean2": 1141829,
        "dvar": 591977185280,
        "dvar2": 973109526528,
        "max": 26178086,
        "mean": 6933785,
        "median": 6833329,
        "min": 4396356,
        "stdev": 1243335.875,
        "var": 1.54588400845e+12
    },
    "spectral_strongpeak": {
        "dmean": 0.422152787447,
        "dmean2": 0.718118488789,
        "dvar": 0.751840531826,
        "dvar2": 1.69560885429,
        "max": 7.39582109451,
        "mean": 0.801171898842,
        "median": 0.387126296759,
        "min": 0,
        "stdev": 1.15483736992,
        "var": 1.3336493969
    },
    "zerocrossingrate": {
        "dmean": 0.0122648542747,
        "dmean2": 0.0152781726792,
        "dvar": 9.73369023995e-05,
        "dvar2": 0.000155935733346,
        "max": 0.1435546875,
        "mean": 0.0525659509003,
        "median": 0.0517578125,
        "min": 0.00634765625,
        "stdev": 0.0193817391992,
        "var": 0.000375651783543
    },
    "barkbands": {
        "dmean": [4.84307529405e-05, 0.00560035649687, 0.0024955321569, 0.00135158200283, 0.00329844048247, 0.00268272985704, 0.0019735400565, 0.00201971898787, 0.00227460707538, 0.000431218184531, 0.000270984601229, 0.000281556363916, 0.000545456190594, 0.000341472623404, 0.00016983297246, 8.47669871291e-05, 7.8814176959e-05, 6.5469474066e-05, 0.000135120120831, 0.000119935350085, 0.00019546088879, 0.000210668396903, 0.000249895791057, 0.000240115346969, 0.000130575383082, 4.57716669189e-05, 3.74220508093e-06],
        "dmean2": [8.14157756395e-05, 0.00930006522685, 0.00407801242545, 0.00219407118857, 0.00539209134877, 0.00431906152517, 0.00311911967583, 0.00323740928434, 0.00342021556571, 0.000703263678588, 0.000435745547293, 0.000438149116235, 0.000850641459692, 0.000527223281097, 0.000260982575128, 0.000133469744469, 0.000124174301163, 0.000104464248579, 0.000210662314203, 0.000182950534509, 0.000287264643703, 0.000321575178532, 0.000379203731427, 0.000358719291398, 0.000199108064407, 6.98777803336e-05, 6.34210982753e-06],
        "dvar": [1.2160687568e-08, 7.17665825505e-05, 1.16653036457e-05, 3.29911836161e-06, 1.7466256395e-05, 1.35921627589e-05, 1.15829052447e-05, 1.95206303033e-05, 2.43518334173e-05, 1.83865836334e-06, 6.28397856417e-07, 8.34532784211e-07, 1.57723661687e-06, 6.84712119892e-07, 1.04019783009e-07, 1.72575838064e-08, 1.40596423392e-08, 5.52542545051e-09, 5.02320958162e-08, 2.19562501513e-08, 5.93966476004e-08, 6.19170634764e-08, 8.0959047466e-08, 7.46099928506e-08, 2.22653735449e-08, 2.9429185755e-09, 4.60956689485e-11],
        "dvar2": [3.15648591709e-08, 0.000205348740565, 2.98722716252e-05, 8.08491586213e-06, 4.29450556112e-05, 3.23285348713e-05, 2.69962874881e-05, 4.88126534037e-05, 4.90870042995e-05, 4.33666082245e-06, 1.65548340192e-06, 2.24140535465e-06, 4.06658091379e-06, 1.52103950768e-06, 2.03184569614e-07, 4.43212719858e-08, 3.29535261301e-08, 1.37295499414e-08, 1.22691290017e-07, 4.82828781401e-08, 1.21547373055e-07, 1.41994888736e-07, 1.7483345971e-07, 1.65309131717e-07, 4.98156822459e-08, 6.69926114583e-09, 1.19217150041e-10],
        "max": [0.00116985011846, 0.0676371455193, 0.0405625589192, 0.0158295501024, 0.039129793644, 0.0423358902335, 0.0430110394955, 0.0512052215636, 0.0666115507483, 0.0328339263797, 0.0132954521105, 0.0188627205789, 0.0227442830801, 0.0119819277897, 0.00680525647476, 0.00169738032855, 0.00202369713224, 0.000760301481932, 0.00459090992808, 0.00227064662613, 0.00418337853625, 0.00191833951976, 0.00225761136971, 0.00228316313587, 0.00152893410996, 0.000750403269194, 9.17843790376e-05],
        "mean": [5.91607058595e-05, 0.0206527560949, 0.00398978590965, 0.00205131829716, 0.00470695737749, 0.00337908021174, 0.00261726905592, 0.00251484615728, 0.00390791427344, 0.00058311142493, 0.000314479664667, 0.000384231301723, 0.000821079825982, 0.000516620406415, 0.000266128015937, 0.000132161047077, 0.000133346649818, 0.000112785957754, 0.000247076532105, 0.000200804861379, 0.000322465639329, 0.000268389849225, 0.000326593610225, 0.000312879827106, 0.000193477069843, 7.29461025912e-05, 3.99882264901e-06],
        "median": [3.54011208401e-05, 0.0185196064413, 0.00292898272164, 0.00130641984288, 0.00294567644596, 0.00185719598085, 0.00126150390133, 0.000671522459015, 0.000535700819455, 0.000152451859321, 0.000102356119896, 0.000131474604132, 0.000200294307433, 0.000112129229819, 0.000112057969091, 6.99699303368e-05, 8.36998224258e-05, 7.61362025514e-05, 0.000149375686306, 0.000131014487124, 0.000192322593648, 0.000168661819771, 0.000209108620766, 0.00019982237427, 0.00013490812853, 5.07781987835e-05, 1.70562543644e-06],
        "min": [1.77452608163e-09, 2.33939712047e-09, 1.17586052006e-09, 8.62938387414e-10, 1.29893029666e-09, 8.52410642072e-10, 8.22127255162e-10, 1.0522144267e-09, 1.56507640181e-09, 8.63843829801e-10, 3.49477835559e-10, 1.31148397697e-10, 1.14257672768e-10, 2.39207709196e-10, 2.01079222717e-10, 1.31920196988e-10, 1.20584167651e-10, 7.90101317705e-11, 3.11056250202e-11, 2.51929917899e-11, 2.74422880253e-11, 7.15040943122e-11, 6.36882629967e-11, 7.44238143335e-11, 7.19829751361e-11, 4.46575068591e-11, 3.93471609461e-11],
        "stdev": [9.98658579192e-05, 0.0103186173365, 0.00392341194674, 0.00221002660692, 0.00513890432194, 0.00437280908227, 0.00445615546778, 0.00580130098388, 0.00896292738616, 0.00203979597427, 0.000797635642812, 0.000949954555836, 0.00172707170714, 0.00122973416001, 0.000515070802066, 0.000174914704985, 0.000159702860401, 0.000110441949801, 0.000370782916434, 0.000218291737838, 0.000417797127739, 0.000281164888293, 0.000327717978507, 0.000313194352202, 0.000183616371942, 7.0912821684e-05, 7.18359024177e-06],
        "var": [9.97318938545e-09, 0.000106473868072, 1.53931614477e-05, 4.88421710543e-06, 2.64083373622e-05, 1.91214603547e-05, 1.98573216039e-05, 3.36550947395e-05, 8.03340662969e-05, 4.16076773035e-06, 6.36222580397e-07, 9.02413660242e-07, 2.9827765502e-06, 1.51224617184e-06, 2.65297927626e-07, 3.05951530777e-08, 2.55050025544e-08, 1.21974244038e-08, 1.37479972295e-07, 4.7651280255e-08, 1.74554429577e-07, 7.90536986983e-08, 1.07399074523e-07, 9.80907017833e-08, 3.37149721474e-08, 5.02862818053e-09, 5.16039710963e-11]
    },
    "erbbands": {
        "dmean": [0.100870646536, 1.45988929272, 2.7477543354, 4.08046340942, 11.0443878174, 8.58136081696, 10.9275884628, 25.1714439392, 34.4680709839, 22.280714035, 51.1129608154, 60.7736244202, 21.6043968201, 9.7548160553, 11.9807224274, 11.7580184937, 21.742647171, 21.0286560059, 11.0344715118, 5.40323495865, 4.26448154449, 3.94476079941, 3.4884967804, 4.8071103096, 7.12827825546, 5.61183023453, 7.32656049728, 7.69536685944, 7.3472161293, 7.47895622253, 7.32092189789, 5.73185348511, 3.5823559761, 1.8067022562, 0.796673297882, 0.268590122461, 0.0770196095109, 0.0128334863111, 0.000368371082004, 2.15676554944e-05],
        "dmean2": [0.156415224075, 2.46476626396, 4.67806434631, 6.26767301559, 17.7474822998, 14.360285759, 17.8532276154, 40.3558807373, 55.2450904846, 34.2864151001, 81.9416732788, 89.6293792725, 32.548248291, 16.106710434, 18.6888580322, 18.0389156342, 34.5294799805, 32.1761550903, 16.4538211823, 8.39403057098, 6.64597511292, 6.12280750275, 5.48169851303, 7.53545665741, 10.9152927399, 8.64966678619, 11.0351657867, 11.352730751, 11.2568836212, 11.2501268387, 11.0861368179, 8.70960998535, 5.44783973694, 2.76244735718, 1.20937693119, 0.411809265614, 0.121047534049, 0.0202550832182, 0.000596077472437, 3.21185725625e-05],
        "dvar": [0.0282158534974, 4.87902927399, 11.4510498047, 31.2899456024, 269.165405273, 96.9473800659, 207.741729736, 1328.47631836, 3192.87133789, 3193.95776367, 10583.4121094, 19890.3476562, 4241.87011719, 443.952636719, 1151.98547363, 1008.12835693, 2908.39868164, 2337.88818359, 441.255279541, 64.9409408569, 40.1658706665, 33.7977752686, 15.7085523605, 45.6108169556, 168.774520874, 45.5209732056, 91.0640335083, 88.2425842285, 75.6586227417, 76.6362380981, 69.5664520264, 44.2828445435, 16.5188713074, 4.56421756744, 0.889593064785, 0.0914610698819, 0.0116352373734, 0.000390016444726, 3.99713087518e-07, 3.9811801078e-10],
        "dvar2": [0.0617128536105, 14.2996311188, 31.8222484589, 70.4350128174, 632.25177002, 250.773193359, 510.407836914, 3247.04467773, 7814.90332031, 7123.88623047, 26438.9492188, 38848.5234375, 10054.1542969, 1255.44543457, 2980.21655273, 2488.82275391, 7811.09375, 5217.14648438, 855.658691406, 149.845352173, 103.695922852, 77.5957870483, 38.3766174316, 118.320960999, 380.09286499, 101.103851318, 195.318206787, 196.416778564, 173.289413452, 172.175918579, 152.84564209, 97.4354095459, 36.5166893005, 10.7925014496, 2.04228401184, 0.210258826613, 0.0277325827628, 0.0009415204986, 9.69952679952e-07, 8.76950401185e-10],
        "max": [1.61382567883, 17.8785858154, 37.9246444702, 54.2783813477, 168.343399048, 83.5981903076, 155.449951172, 454.729949951, 609.788269043, 928.280334473, 1168.5324707, 2007.19030762, 1536.82385254, 311.113952637, 530.335083008, 480.838226318, 951.190795898, 631.068359375, 411.590454102, 108.64490509, 108.835617065, 111.801506042, 41.1558799744, 137.041381836, 281.156433105, 78.2325668335, 164.677093506, 141.288345337, 75.0280456543, 74.0182342529, 64.3584442139, 55.3186759949, 35.4473266602, 23.3335018158, 14.6532726288, 2.89516186714, 1.96525645256, 0.306212127209, 0.00915342848748, 0.000263795518549],
        "mean": [0.409787535667, 5.15397596359, 6.1251502037, 6.59432315826, 15.3663597107, 11.9301795959, 14.9438838959, 30.4138774872, 41.9971847534, 35.6923179626, 65.6290359497, 105.220657349, 34.4127655029, 13.1495838165, 15.3141822815, 17.54570961, 34.0425109863, 35.0304718018, 19.2327747345, 9.29039287567, 7.28981256485, 6.96485280991, 6.23817205429, 8.80346488953, 13.7031488419, 9.61399841309, 12.1452045441, 11.8344593048, 9.41559791565, 9.4804725647, 9.56085014343, 7.26133966446, 4.73571157455, 2.47078466415, 1.21246254444, 0.415832668543, 0.119593054056, 0.0183576960117, 0.000518207321875, 7.40509567549e-05],
        "median": [0.337106525898, 4.51947879791, 5.08183526993, 4.03026914597, 7.75882673264, 8.11256504059, 8.14945983887, 15.4445476532, 20.1503124237, 14.3264694214, 23.0308685303, 15.9049720764, 6.88568067551, 5.68382167816, 5.83729934692, 6.51624965668, 9.95371055603, 8.61079978943, 7.27167844772, 4.70891094208, 4.39068222046, 4.67854118347, 4.31544971466, 6.21081066132, 7.71150922775, 6.36692237854, 7.38767051697, 7.31769418716, 6.02317857742, 5.91350841522, 6.06903648376, 4.46009063721, 3.07130146027, 1.61973690987, 0.886740148067, 0.296160101891, 0.0817260444164, 0.0107277678326, 0.000294289260637, 7.06777645973e-05],
        "min": [9.06923744992e-08, 4.52031798659e-07, 1.26704151171e-06, 2.35821653405e-06, 3.4445545225e-06, 4.43894168711e-06, 5.63215735383e-06, 7.38589778848e-06, 1.03149586721e-05, 1.6231844711e-05, 2.65485086857e-05, 3.5386030504e-05, 3.21805018757e-05, 2.12324357562e-05, 1.17099452837e-05, 4.69788346891e-06, 4.85702139486e-06, 1.14587801363e-05, 1.15530447147e-05, 9.16878616408e-06, 7.07250637788e-06, 6.78750802763e-06, 4.83891744807e-06, 2.78207699012e-06, 1.00417923932e-06, 1.1502926327e-06, 9.87022076515e-07, 1.32690877308e-06, 1.68494932495e-06, 2.65031280833e-06, 2.17080901166e-06, 2.02400678972e-06, 9.43340353388e-07, 8.74539296092e-07, 4.59199441138e-07, 1.72371485974e-07, 9.10515964847e-08, 2.56992986891e-08, 5.61517721209e-09, 5.74616521032e-10],
        "stdev": [0.312706977129, 2.53693580627, 4.16635227203, 7.23974561691, 20.7293052673, 11.8157491684, 19.1055545807, 42.45079422, 66.3675003052, 86.9753723145, 128.509078979, 251.595153809, 98.6102905273, 25.2991657257, 35.2397613525, 38.702796936, 70.7594146729, 73.9295578003, 35.4642524719, 12.803396225, 8.77401351929, 7.99484205246, 5.92041349411, 9.46047973633, 22.7173576355, 10.073923111, 15.6811609268, 14.1019287109, 9.79111671448, 9.99506664276, 9.59633636475, 7.52782535553, 4.65346336365, 2.48125624657, 1.18156683445, 0.400541990995, 0.126233935356, 0.0232878960669, 0.000725174788386, 3.03143769997e-05],
        "var": [0.0977856516838, 6.43604373932, 17.3584918976, 52.4139175415, 429.70413208, 139.611938477, 365.022216797, 1802.06982422, 4404.64550781, 7564.71484375, 16514.5820312, 63300.1210938, 9723.98925781, 640.047790527, 1241.84082031, 1497.90661621, 5006.89453125, 5465.57910156, 1257.71313477, 163.926956177, 76.9833145142, 63.9174995422, 35.0512962341, 89.5006790161, 516.078369141, 101.483924866, 245.898803711, 198.864395142, 95.8659591675, 99.9013519287, 92.0896682739, 56.6681518555, 21.6547222137, 6.1566324234, 1.39610028267, 0.160433888435, 0.0159350074828, 0.000542326131836, 5.25878476765e-07, 9.1896140697e-10]
    },
    "gfcc": {
        "mean": [47.7991523743, 77.494140625, -74.5010375977, 43.3101768494, -68.161491394, 27.7197055817, -35.5152587891, 15.4985170364, -19.094291687, 16.1726493835, -12.7778148651, -0.314781397581, -16.6638069153],
        "cov": [[1931.51000977, -329.111938477, -447.405334473, -137.160812378, -134.653015137, -12.8176689148, -5.03674602509, 61.2797012329, -33.7221450806, 71.6742477417, -45.903881073, -37.3541870117, -36.0042686462], [-329.111938477, 276.486328125, 55.1618118286, -9.62111282349, 35.1673049927, -7.34667348862, 14.2117481232, -24.4801292419, 3.50902795792, -40.4950828552, 24.2756385803, -20.9614334106, 4.01757478714], [-447.405334473, 55.1618118286, 401.871307373, 123.209671021, -30.5661735535, -9.76000118256, -66.1363601685, -54.1878700256, -8.71985626221, -38.8036727905, 18.8026065826, 61.7471351624, 14.484205246], [-137.160812378, -9.62111282349, 123.209671021, 218.0337677, 4.74973249435, -23.3993358612, -79.2923736572, -51.1315116882, 12.9308633804, -22.9250831604, 4.9686050415, 17.8262462616, 28.9855632782], [-134.653015137, 35.1673049927, -30.5661735535, 4.74973249435, 162.604110718, 16.252166748, -8.89814853668, -14.4881000519, 3.7490465641, 18.2316951752, -13.9262647629, -19.340057373, 0.396395236254], [-12.8176689148, -7.34667348862, -9.76000118256, -23.3993358612, 16.252166748, 74.537689209, 37.4127464294, 0.715322673321, -17.0180053711, -6.8386516571, -4.43343162537, -10.1728820801, -7.89971542358], [-5.03674602509, 14.2117481232, -66.1363601685, -79.2923736572, -8.89814853668, 37.4127464294, 174.85446167, 59.6265602112, -36.6069641113, -20.9314479828, -6.18980884552, -22.4819450378, -22.15184021], [61.2797012329, -24.4801292419, -54.1878700256, -51.1315116882, -14.4881000519, 0.715322673321, 59.6265602112, 76.4679412842, 16.1482830048, 3.07610464096, -9.51421070099, -16.3346996307, -10.299905777], [-33.7221450806, 3.50902795792, -8.71985626221, 12.9308633804, 3.7490465641, -17.0180053711, -36.6069641113, 16.1482830048, 89.5230026245, 35.6334686279, 8.56905460358, -4.43734169006, 2.93017411232], [71.6742477417, -40.4950828552, -38.8036727905, -22.9250831604, 18.2316951752, -6.8386516571, -20.9314479828, 3.07610464096, 35.6334686279, 78.3740844727, 27.9236431122, 4.42445707321, -5.77012968063], [-45.903881073, 24.2756385803, 18.8026065826, 4.9686050415, -13.9262647629, -4.43343162537, -6.18980884552, -9.51421070099, 8.56905460358, 27.9236431122, 69.907081604, 33.9658164978, 1.8550863266], [-37.3541870117, -20.9614334106, 61.7471351624, 17.8262462616, -19.340057373, -10.1728820801, -22.4819450378, -16.3346996307, -4.43734169006, 4.42445707321, 33.9658164978, 74.3577880859, 27.7964096069], [-36.0042686462, 4.01757478714, 14.484205246, 28.9855632782, 0.396395236254, -7.89971542358, -22.15184021, -10.299905777, 2.93017411232, -5.77012968063, 1.8550863266, 27.7964096069, 50.4308013916]],
        "icov": [[0.0010489661945, 0.000592884374782, 0.00120347482152, -1.59533228725e-05, 0.00106512033381, 6.1317541622e-06, 0.000764138181694, -0.000276361097349, 0.000998793635517, -0.000736267713364, 0.00071026023943, -0.000314184610033, 0.000641745864414], [0.000592884374782, 0.00831487309188, -0.00121164065786, 0.00361095019616, -0.00225330097601, 0.00319816311821, -0.00144890323281, 0.00489286659285, -0.00347874104045, 0.00844089314342, -0.00894778780639, 0.00817913562059, -0.00409611547366], [0.00120347482152, -0.00121164065786, 0.00565842911601, -0.00250198203139, 0.00221374514513, -0.00124378327746, 0.00181191321462, -0.000586757669225, 0.00159770937171, -0.00103127153125, 0.00328724854626, -0.00591085618362, 0.00415861979127], [-1.59533228725e-05, 0.00361095019616, -0.00250198203139, 0.00910835713148, -0.00176509039011, 0.00273646158166, 0.000455896864878, 0.00511014321819, -0.00353085831739, 0.00680966768414, -0.00578221445903, 0.00608003372326, -0.00528330495581], [0.00106512033381, -0.00225330097601, 0.00221374514513, -0.00176509039011, 0.0093235867098, -0.00272875651717, 0.00118345173541, -5.1236966101e-05, 0.00253617367707, -0.00675303395838, 0.00598823698238, -0.00172442058101, 0.00113743683323], [6.1317541622e-06, 0.00319816311821, -0.00124378327746, 0.00273646158166, -0.00272875651717, 0.0177230536938, -0.00467332173139, 0.00529764220119, -0.000936578959227, 0.00395957427099, -0.00384976039641, 0.00483236648142, -0.00165352667682], [0.000764138181694, -0.00144890323281, 0.00181191321462, 0.000455896864878, 0.00118345173541, -0.00467332173139, 0.0131114115939, -0.0107042361051, 0.00663144653663, 0.000219819834456, -0.000445642799605, -0.000825862342026, 0.00282162521034], [-0.000276361097349, 0.00489286659285, -0.000586757669225, 0.00511014321819, -5.1236966101e-05, 0.00529764220119, -0.0107042361051, 0.0288086477667, -0.0114537607878, 0.00598819321021, -0.00232649990357, 0.00540894828737, -0.00288852490485], [0.000998793635517, -0.00347874104045, 0.00159770937171, -0.00353085831739, 0.00253617367707, -0.000936578959227, 0.00663144653663, -0.0114537607878, 0.021325474605, -0.0124047715217, 0.00397297879681, -0.00101247057319, 0.000721180054825], [-0.000736267713364, 0.00844089314342, -0.00103127153125, 0.00680966768414, -0.00675303395838, 0.00395957427099, 0.000219819834456, 0.00598819321021, -0.0124047715217, 0.0329944565892, -0.0196173414588, 0.00851810071617, -0.00230042566545], [0.00071026023943, -0.00894778780639, 0.00328724854626, -0.00578221445903, 0.00598823698238, -0.00384976039641, -0.000445642799605, -0.00232649990357, 0.00397297879681, -0.0196173414588, 0.0357698574662, -0.0220331661403, 0.0106311766431], [-0.000314184610033, 0.00817913562059, -0.00591085618362, 0.00608003372326, -0.00172442058101, 0.00483236648142, -0.000825862342026, 0.00540894828737, -0.00101247057319, 0.00851810071617, -0.0220331661403, 0.0370800122619, -0.0197541322559], [0.000641745864414, -0.00409611547366, 0.00415861979127, -0.00528330495581, 0.00113743683323, -0.00165352667682, 0.00282162521034, -0.00288852490485, 0.000721180054825, -0.00230042566545, 0.0106311766431, -0.0197541322559, 0.0330292582512]]
    },
    "melbands": {
        "dmean": [0.00129290996119, 0.00151536706835, 0.00078586046584, 0.000780231377576, 0.000339449004969, 0.000571986020077, 0.000495158135891, 0.000261560198851, 0.000439782481408, 0.000366849155398, 9.96409726213e-05, 3.98777810915e-05, 3.93561422243e-05, 3.36152661475e-05, 2.87219772872e-05, 6.41842198092e-05, 3.69824156223e-05, 1.95042321138e-05, 1.02140902527e-05, 6.51070013191e-06, 5.36552533958e-06, 4.72429655929e-06, 3.79414268536e-06, 3.14114117828e-06, 4.16570492234e-06, 6.08193067819e-06, 4.67237441626e-06, 3.72539443561e-06, 4.23450001108e-06, 5.49783635506e-06, 4.45018258688e-06, 4.22102084485e-06, 4.25078133048e-06, 4.2253209358e-06, 4.45269188276e-06, 3.83295810025e-06, 3.48143726114e-06, 2.68312078333e-06, 2.04360844691e-06, 1.40783038205e-06],
        "dmean2": [0.00208518607542, 0.00261230976321, 0.00120642641559, 0.0012940041488, 0.000551304081455, 0.000919883314054, 0.000788620149251, 0.000403847865527, 0.000701084674802, 0.000533595331945, 0.000154192253831, 6.62957972963e-05, 6.25840912107e-05, 5.25116520294e-05, 4.52022904938e-05, 0.000101562516647, 5.57875355298e-05, 2.98217073578e-05, 1.56562564371e-05, 1.02709318526e-05, 8.5663241407e-06, 7.45951365388e-06, 6.10707184023e-06, 5.02709872308e-06, 6.65651077725e-06, 9.63669845078e-06, 7.0244559538e-06, 5.88166949456e-06, 6.50874289931e-06, 8.25035658636e-06, 6.76919944453e-06, 6.57148075334e-06, 6.59379065837e-06, 6.36941877019e-06, 6.80444327372e-06, 5.92247624809e-06, 5.31225441591e-06, 4.12312465414e-06, 3.1735075936e-06, 2.18636682803e-06],
        "dvar": [4.07244533562e-06, 3.64027096111e-06, 9.74668637355e-07, 1.07158632545e-06, 1.74694193333e-07, 6.86092278102e-07, 6.5971875074e-07, 4.6170723067e-07, 7.33947388198e-07, 7.64149831411e-07, 1.00005379977e-07, 8.08788325202e-09, 1.42529303915e-08, 1.25935208928e-08, 5.14038456245e-09, 2.59482106912e-08, 7.88224685522e-09, 1.56262824902e-09, 3.41307038187e-10, 1.04679320767e-10, 7.67696531345e-11, 6.43766290276e-11, 2.36165323408e-11, 1.34625791418e-11, 3.89813147039e-11, 1.32882552184e-10, 5.58166290965e-11, 2.17897852539e-11, 3.30276778149e-11, 5.87820556119e-11, 3.19003296001e-11, 2.55397075016e-11, 2.84951368057e-11, 2.42851936477e-11, 2.5899931505e-11, 2.09675731638e-11, 1.73098983064e-11, 9.72356656997e-12, 6.03147176301e-12, 2.92459134167e-12],
        "dvar2": [1.0891668353e-05, 1.03960983324e-05, 2.11939186556e-06, 2.67550717581e-06, 4.24252050379e-07, 1.66316954164e-06, 1.5733166947e-06, 1.08223150619e-06, 1.81010841516e-06, 1.48406115841e-06, 2.35234963952e-07, 2.32064731875e-08, 3.75977009526e-08, 3.4731328924e-08, 1.27689911977e-08, 6.85216932084e-08, 1.74167613665e-08, 3.18924398002e-09, 7.2971362286e-10, 2.56415472188e-10, 2.05888028848e-10, 1.45885831193e-10, 6.54696366564e-11, 3.41439584939e-11, 1.01881600378e-10, 3.14869796902e-10, 1.26921348431e-10, 5.1168246723e-11, 8.05566516271e-11, 1.22513554857e-10, 7.29844587544e-11, 5.96022259325e-11, 6.65527563615e-11, 5.50830180079e-11, 5.83731396553e-11, 4.61082040604e-11, 3.95175975276e-11, 2.17265407054e-11, 1.42813287238e-11, 6.92759434887e-12],
        "max": [0.0174902062863, 0.0170270558447, 0.00846987869591, 0.0092505030334, 0.00453807739541, 0.00961157307029, 0.00956645887345, 0.0117854978889, 0.0092855785042, 0.0133408140391, 0.00746216531843, 0.00138028117362, 0.00198540673591, 0.00260715186596, 0.00121327524539, 0.00308442325331, 0.00138768041506, 0.000612963340245, 0.000295725738397, 0.000133439389174, 0.000167758567841, 0.000163867647643, 5.2213537856e-05, 5.03508272232e-05, 0.000129594714963, 0.000301948370179, 0.000130297223222, 4.4906315452e-05, 0.000103432976175, 0.000119756427011, 9.20301608858e-05, 3.92176334572e-05, 5.05677999172e-05, 3.6569454096e-05, 4.30748004874e-05, 4.05946120736e-05, 3.81876816391e-05, 2.69009779004e-05, 2.49994027399e-05, 2.06338027056e-05],
        "mean": [0.00497984560207, 0.00459129130468, 0.00137439591344, 0.00106197374407, 0.000485828641104, 0.000691794964951, 0.000627956935205, 0.000397689436795, 0.000562488508876, 0.000638195662759, 0.000147571437992, 4.96134853165e-05, 4.64751828986e-05, 4.76149070892e-05, 4.2164028855e-05, 9.72293055383e-05, 5.82383181609e-05, 3.18567181239e-05, 1.54883127834e-05, 1.02808407973e-05, 8.47437422635e-06, 7.72255953052e-06, 5.84855615671e-06, 5.32004378329e-06, 6.89465969117e-06, 1.06519073597e-05, 8.33003741718e-06, 5.77412856728e-06, 6.63181344862e-06, 8.72483724379e-06, 6.22597053734e-06, 5.20084449818e-06, 5.27602833245e-06, 5.21103402207e-06, 5.64973606743e-06, 4.94489631819e-06, 4.25641246693e-06, 3.48259618477e-06, 2.63913580056e-06, 1.88394722045e-06],
        "median": [0.00452140858397, 0.00402962369844, 0.000908123445697, 0.000633795687463, 0.000286212132778, 0.000373493036022, 0.000295707141049, 0.000146650651004, 0.00017547509924, 8.21807043394e-05, 2.79392261291e-05, 1.88647100003e-05, 1.55721136252e-05, 1.82304102054e-05, 1.37600636663e-05, 2.10331527342e-05, 1.22789706438e-05, 1.09509555841e-05, 7.03365049048e-06, 5.21649189977e-06, 4.95524500366e-06, 4.67509880764e-06, 3.87301770388e-06, 3.64313154932e-06, 4.68410507892e-06, 5.81123276788e-06, 4.47294269179e-06, 3.84181976187e-06, 4.24011932409e-06, 4.86710314362e-06, 3.77296123588e-06, 3.21449715557e-06, 3.17557555718e-06, 3.15517854688e-06, 3.52490178557e-06, 3.13925625051e-06, 2.62137041318e-06, 2.2652586722e-06, 1.75913419298e-06, 1.20705374229e-06],
        "min": [8.14891543133e-10, 6.41191044704e-10, 4.37160779798e-10, 2.82380202554e-10, 2.00055361166e-10, 1.66381269873e-10, 1.61324772985e-10, 1.87514073713e-10, 2.26901594735e-10, 2.23538035304e-10, 1.58186894139e-10, 8.82222073173e-11, 4.4080638445e-11, 1.87520710765e-11, 6.44460830188e-12, 1.45768050408e-11, 2.20737872425e-11, 1.89930605965e-11, 1.46726276962e-11, 9.98099779909e-12, 7.93845718328e-12, 7.19458563905e-12, 5.74662149463e-12, 3.28705075311e-12, 2.24818319343e-12, 6.84593440964e-13, 8.24641082416e-13, 7.36093748888e-13, 6.88106852314e-13, 4.26123248016e-13, 9.10746304761e-13, 6.78086926886e-13, 1.88000114608e-12, 1.08445576737e-12, 1.21162400859e-12, 1.299162492e-12, 1.19785702624e-12, 5.83194571194e-13, 6.65794676336e-13, 8.02549921051e-13],
        "stdev": [0.00288492604159, 0.00234424998052, 0.00137761095539, 0.00122832704801, 0.000568474817555, 0.000956576841418, 0.00100387900602, 0.00101659772918, 0.00107632006984, 0.00157747976482, 0.000473810127005, 0.000106716892333, 0.000118583520816, 0.000111934918095, 8.73119279277e-05, 0.000218796121771, 0.000138005212648, 6.32390219835e-05, 2.59975713561e-05, 1.44853274833e-05, 1.12321522465e-05, 1.02346321e-05, 6.37827497485e-06, 5.21318042956e-06, 7.86943837738e-06, 1.8969140001e-05, 1.20117192637e-05, 6.06605181019e-06, 8.28378597362e-06, 1.25441683849e-05, 7.52262803871e-06, 5.55753058507e-06, 5.82877737543e-06, 5.58302008358e-06, 5.78107665206e-06, 5.14178691446e-06, 4.58312342744e-06, 3.51460835191e-06, 2.71507883554e-06, 1.96917835638e-06],
        "var": [8.32279874885e-06, 5.49550850337e-06, 1.89781189874e-06, 1.50878747718e-06, 3.23163618532e-07, 9.15039208849e-07, 1.00777310763e-06, 1.03347099412e-06, 1.15846478366e-06, 2.48844253292e-06, 2.24496048418e-07, 1.13884945918e-08, 1.40620510791e-08, 1.25294254971e-08, 7.62337304394e-09, 4.78717439023e-08, 1.90454390037e-08, 3.99917388094e-09, 6.75873690348e-10, 2.0982471316e-10, 1.26161248115e-10, 1.04747696628e-10, 4.06823914834e-11, 2.71772517685e-11, 6.19280599023e-11, 3.5982830604e-10, 1.44281406267e-10, 3.67969855974e-11, 6.86211157341e-11, 1.57356169761e-10, 5.65899306582e-11, 3.0886147806e-11, 3.39746460132e-11, 3.11701116307e-11, 3.34208459518e-11, 2.64379716036e-11, 2.10050223742e-11, 1.23524723436e-11, 7.37165363474e-12, 3.87766381504e-12]
    },
    "melbands128": {
