{
"lowlevel": {
    "average_loudness": 0.780700385571,
    "barkbands_crest": {
        "dmean": 2.72420287132,
        "dmean2": 4.22977352142,
        "dvar": 7.50011777878,
        "dvar2": 19.0929985046,
        "max": 23.4982051849,
        "mean": 9.66478061676,
        "median": 8.26687431335,
        "min": 2.37531805038,
        "stdev": 4.82884931564,
        "var": 23.3177852631
    },
    "barkbands_flatness_db": {
        "dmean": 0.0218420773745,
        "dmean2": 0.0314695313573,
        "dvar": 0.000374877476133,
        "dvar2": 0.000837850617245,
        "max": 0.280891060829,
        "mean": 0.101933136582,
        "median": 0.0987877175212,
        "min": 0.0217509474605,
        "stdev": 0.0363371483982,
        "var": 0.00132038828451
    },
    "barkbands_kurtosis": {
        "dmean": 1.56580126286,
        "dmean2": 2.48790550232,
        "dvar": 7.36279153824,
        "dvar2": 17.442937851,
        "max": 50.4811286926,
        "mean": 1.33578026295,
        "median": 0.211160421371,
        "min": -1.82272446156,
        "stdev": 3.6592476368,
        "var": 13.3900928497
    },
    "barkbands_skewness": {
        "dmean": 0.446874201298,
        "dmean2": 0.69373601675,
        "dvar": 0.240477055311,
        "dvar2": 0.554258286953,
        "max": 6.28696250916,
        "mean": 1.13277387619,
        "median": 0.95040345192,
        "min": -2.34690475464,
        "stdev": 0.83319991827,
        "var": 0.694222152233
    },
    "barkbands_spread": {
        "dmean": 7.08525514603,
        "dmean2": 10.4618148804,
        "dvar": 56.2703170776,
        "dvar2": 121.859535217,
        "max": 101.191360474,
        "mean": 30.4797134399,
        "median": 28.1462593079,
        "min": 2.8579018116,
        "stdev": 13.0956106186,
        "var": 171.495010376
    },
    "dissonance": {
        "dmean": 0.0136573053896,
        "dmean2": 0.0228875149041,
        "dvar": 0.000146312086144,
        "dvar2": 0.000397473282646,
        "max": 0.499999940395,
        "mean": 0.474469512701,
        "median": 0.477142602205,
        "min": 0.394004106522,
        "stdev": 0.0160206109285,
        "var": 0.000256659986917
    },
    "dynamic_complexity": 1.95981752872,
    "erbbands_crest": {
        "dmean": 2.55812716484,
        "dmean2": 4.0779299736,
        "dvar": 6.14060926437,
        "dvar2": 14.2842941284,
        "max": 24.8638458252,
        "mean": 8.53951931,
        "median": 7.53544282913,
        "min": 2.79494261742,
        "stdev": 3.89573502541,
        "var": 15.1767511368
    },
    "erbbands_flatness_db": {
        "dmean": 0.0158439967781,
        "dmean2": 0.0225069597363,
        "dvar": 0.000192211577087,
        "dvar2": 0.000365465937648,
        "max": 0.252021402121,
        "mean": 0.137855380774,
        "median": 0.135411500931,
        "min": 0.0507928617299,
        "stdev": 0.0317177586257,
        "var": 0.00100601627491
    },
    "erbbands_kurtosis": {
        "dmean": 0.586847424507,
        "dmean2": 0.9417745471,
        "dvar": 0.522899568081,
        "dvar2": 1.23438942432,
        "max": 8.73087310791,
        "mean": -0.0304343160242,
        "median": -0.260637521744,
        "min": -1.71252703667,
        "stdev": 1.12908947468,
        "var": 1.27484309673
    },
    "erbbands_skewness": {
        "dmean": 0.303724676371,
        "dmean2": 0.455740809441,
        "dvar": 0.0970011875033,
        "dvar2": 0.199540898204,
        "max": 2.55642533302,
        "mean": 0.169713079929,
        "median": 0.171355158091,
        "min": -2.46996212006,
        "stdev": 0.577374637127,
        "var": 0.33336147666
    },
    "erbbands_spread": {
        "dmean": 7.32119703293,
        "dmean2": 11.0845317841,
        "dvar": 66.4082489014,
        "dvar2": 173.049728394,
        "max": 171.186203003,
        "mean": 39.4688873291,
        "median": 37.1387519836,
        "min": 11.1218967438,
        "stdev": 14.1881036758,
        "var": 201.302276611
    },
    "hfc": {
        "dmean": 10.2077827454,
        "dmean2": 15.5145721436,
        "dvar": 337.735137939,
        "dvar2": 773.122253418,
        "max": 331.334442139,
        "mean": 28.646528244,
        "median": 20.1288299561,
        "min": 1.16134596285e-16,
        "stdev": 25.2216300964,
        "var": 636.130615234
    },
    "loudness_ebu128": {
        "integrated": -9.49479484558,
        "loudness_range": 5.53571891785,
        "momentary": {
            "dmean": 0.340925276279,
            "dmean2": 0.516600370407,
            "dvar": 0.113068424165,
            "dvar2": 0.303728252649,
            "max": -5.40772151947,
            "mean": -10.0636119843,
            "median": -10.4878435135,
            "min": -13.4897184372,
            "stdev": 2.16688346863,
            "var": 4.69538402557
        },
        "short_term": {
            "dmean": 0.0492706224322,
            "dmean2": 0.0432019494474,
            "dvar": 0.00271460344084,
            "dvar2": 0.00184609659482,
            "max": -6.45183181763,
            "mean": -10.1882915497,
            "median": -10.8724164963,
            "min": -12.4920625687,
            "stdev": 1.99241352081,
            "var": 3.96971178055
        }
    },
    "melbands_crest": {
        "dmean": 3.56787157059,
        "dmean2": 5.47052574158,
        "dvar": 12.0676593781,
        "dvar2": 29.3173084259,
        "max": 34.7279167175,
        "mean": 14.3881578445,
        "median": 12.799328804,
        "min": 2.27172112465,
        "stdev": 6.80643081665,
        "var": 46.3274993896
    },
    "melbands_flatness_db": {
        "dmean": 0.0255225691944,
        "dmean2": 0.0374353192747,
        "dvar": 0.000618745048996,
        "dvar2": 0.0013426670339,
        "max": 0.371914297342,
        "mean": 0.146983146667,
        "median": 0.137178733945,
        "min": 0.00579732563347,
        "stdev": 0.0522200353444,
        "var": 0.00272693205625
    },
    "melbands_kurtosis": {
        "dmean": 4.65630149841,
        "dmean2": 7.56550359726,
        "dvar": 88.6228790283,
        "dvar2": 236.555328369,
        "max": 205.846725464,
        "mean": 8.29295539856,
        "median": 4.29876804352,
        "min": -1.81232953072,
        "stdev": 11.8118190765,
        "var": 139.519073486
    },
    "melbands_skewness": {
        "dmean": 0.623693943024,
        "dmean2": 0.97448438406,
        "dvar": 0.545380115509,
        "dvar2": 1.34760737419,
        "max": 13.2230987549,
        "mean": 2.26716017723,
        "median": 1.86692249775,
        "min": -0.0451037697494,
        "stdev": 1.29793870449,
        "var": 1.68464493752
    },
    "melbands_spread": {
        "dmean": 9.41480255127,
        "dmean2": 14.6450595856,
        "dvar": 158.920333862,
        "dvar2": 351.014709473,
        "max": 241.537750244,
        "mean": 32.6157226562,
        "median": 30.7697982788,
        "min": 2.06800627708,
        "stdev": 17.9225502014,
        "var": 321.217803955
    },
    "pitch_salience": {
        "dmean": 0.0748001858592,
        "dmean2": 0.115738980472,
        "dvar": 0.005959097296,
        "dvar2": 0.0144079197198,
        "max": 0.867430329323,
        "mean": 0.531182229519,
        "median": 0.541811466217,
        "min": 0.153884992003,
        "stdev": 0.123852342367,
        "var": 0.0153394024819
    },
    "silence_rate_20dB": {
        "dmean": 0,
        "dmean2": 0,
        "dvar": 0,
        "dvar2": 0,
        "max": 1,
        "mean": 1,
        "median": 1,
        "min": 1,
        "stdev": 0,
        "var": 0
    },
    "silence_rate_30dB": {
        "dmean": 0.0232198145241,
        "dmean2": 0.0464756004512,
        "dvar": 0.0226805321872,
        "dvar2": 0.0629051402211,
        "max": 1,
        "mean": 0.986078858376,
        "median": 1,
        "min": 0,
        "stdev": 0.117162935436,
        "var": 0.0137271527201
    },
    "silence_rate_60dB": {
        "dmean": 0.000773993786424,
        "dmean2": 0.000774593325332,
        "dvar": 0.000773391744588,
        "dvar2": 0.000773989362642,
        "max": 1,
        "mean": 0.00077339517884,
        "median": 0,
        "min": 0,
        "stdev": 0.0277991909534,
        "var": 0.000772794999648
    },
    "spectral_centroid": {
        "dmean": 280.163726807,
        "dmean2": 416.010406494,
        "dvar": 141930.75,
        "dvar2": 234413.828125,
        "max": 10626.2207031,
        "mean": 1803.76049805,
        "median": 1770.77575684,
        "min": 332.010894775,
        "stdev": 587.157775879,
        "var": 344754.25
    },
    "spectral_complexity": {
        "dmean": 4.39009284973,
        "dmean2": 6.80635166168,
        "dvar": 21.8664054871,
        "dvar2": 45.8262176514,
        "max": 56,
        "mean": 24.5537509918,
        "median": 23,
        "min": 0,
        "stdev": 8.65465164185,
        "var": 74.9029922485
    },
    "spectral_decrease": {
        "dmean": 2.33426611373e-09,
        "dmean2": 3.65114360967e-09,
        "dvar": 1.52217710148e-17,
        "dvar2": 3.72670971775e-17,
        "max": 6.40918128945e-29,
        "mean": -7.42298267298e-09,
        "median": -4.21099022319e-09,
        "min": -3.90413958939e-08,
        "stdev": 6.79868206177e-09,
        "var": 4.62220783884e-17
    },
    "spectral_energy": {
        "dmean": 0.00924419704825,
        "dmean2": 0.014461520128,
        "dvar": 0.000225174953812,
        "dvar2": 0.000547888572328,
        "max": 0.149118110538,
        "mean": 0.0306143946946,
        "median": 0.0177063997835,
        "min": 1.02918554984e-20,
        "stdev": 0.0267962794751,
        "var": 0.000718040566426
    },
    "spectral_energyband_high": {
        "dmean": 0.000813794787973,
        "dmean2": 0.00124527222943,
        "dvar": 3.51222615791e-06,
        "dvar2": 7.91588172433e-06,
        "max": 0.0350597016513,
        "mean": 0.00156035681721,
        "median": 0.000937651144341,
        "min": 7.48897176422e-21,
        "stdev": 0.00222458411008,
        "var": 4.94877485835e-06
    },
    "spectral_energyband_low": {
        "dmean": 0.00680222548544,
        "dmean2": 0.0107562299818,
        "dvar": 0.000225019946811,
        "dvar2": 0.000569737458136,
        "max": 0.127621725202,
        "mean": 0.0136138005182,
        "median": 0.00228494452313,
        "min": 5.10995158984e-23,
        "stdev": 0.0216401237994,
        "var": 0.00046829492203
    },
    "spectral_energyband_middle_high": {
        "dmean": 0.00242792605422,
        "dmean2": 0.00379317090847,
        "dvar": 1.04867922346e-05,
        "dvar2": 2.44495877268e-05,
        "max": 0.0393773801625,
        "mean": 0.00702030584216,
        "median": 0.00508706644177,
        "min": 1.52125562647e-21,
        "stdev": 0.00566763244569,
        "var": 3.21220577462e-05
    },
    "spectral_energyband_middle_low": {
        "dmean": 0.00440588174388,
        "dmean2": 0.00735862925649,
        "dvar": 8.05814925116e-05,
        "dvar2": 0.000224054485443,
        "max": 0.0942590534687,
        "mean": 0.00926885101944,
        "median": 0.00693847890943,
        "min": 2.39451344042e-22,
        "stdev": 0.00843909569085,
        "var": 7.12183391443e-05
    },
    "spectral_entropy": {
        "dmean": 0.149999812245,
        "dmean2": 0.208939090371,
        "dvar": 0.025173496455,
        "dvar2": 0.0436627902091,
        "max": 9.82496738434,
        "mean": 7.87260818481,
        "median": 7.8813958168,
        "min": 6.77478027344,
        "stdev": 0.289451688528,
        "var": 0.0837822780013
    },
    "spectral_flux": {
        "dmean": 0.0247264001518,
        "dmean2": 0.0360110625625,
        "dvar": 0.00102396542206,
        "dvar2": 0.00203429488465,
        "max": 0.367840617895,
        "mean": 0.0862002000213,
        "median": 0.0687798634171,
        "min": 1.01448779932e-10,
        "stdev": 0.0558780767024,
        "var": 0.00312235951424
    },
    "spectral_kurtosis": {
        "dmean": 0.943073093891,
        "dmean2": 1.52285790443,
        "dvar": 0.871910452843,
        "dvar2": 2.33693432808,
        "max": 12.0828046799,
        "mean": 3.00113558769,
        "median": 2.86919164658,
        "min": -1.24752748013,
        "stdev": 1.42809247971,
        "var": 2.03944826126
    },
    "spectral_rms": {
        "dmean": 0.000719487725291,
        "dmean2": 0.00111272721551,
        "dvar": 8.75008311141e-07,
        "dvar2": 1.9956307824e-06,
        "max": 0.0120615540072,
        "mean": 0.00504467450082,
        "median": 0.00415626494214,
        "min": 3.16872765006e-12,
        "stdev": 0.00210213498212,
        "var": 4.41897100245e-06
    },
    "spectral_rolloff": {
        "dmean": 737.09588623,
        "dmean2": 1189.54748535,
        "dvar": 1405699.875,
        "dvar2": 2919051.75,
        "max": 18863.0859375,
        "mean": 2127.31982422,
        "median": 1959.52148438,
        "min": 64.599609375,
        "stdev": 1547.79064941,
        "var": 2395656
    },
    "spectral_skewness": {
        "dmean": 0.150001555681,
        "dmean2": 0.242436125875,
        "dvar": 0.022908328101,
        "dvar2": 0.0506706684828,
        "max": 2.56774878502,
        "mean": 1.3335057497,
        "median": 1.34097492695,
        "min": -0.00957721006125,
        "stdev": 0.257390141487,
        "var": 0.0662496834993
    },
    "spectral_spread": {
        "dmean": 672614.5,
        "dmean2": 912584,
        "dvar": 1.52600720179e+12,
        "dvar2": 1.91267917005e+12,
        "max": 40917660,
        "mean": 5254428,
        "median": 4967109,
        "min": 2553750.75,
        "stdev": 1829909,
        "var": 3.34856716288e+12
    },
    "spectral_strongpeak": {
        "dmean": 0.564807832241,
        "dmean2": 0.969900369644,
        "dvar": 1.23485887051,
        "dvar2": 3.01309704781,
        "max": 12.7758684158,
        "mean": 1.03369915485,
        "median": 0.655943632126,
        "min": 0,
        "stdev": 1.21288144588,
        "var": 1.47108137608
    },
    "zerocrossingrate": {
        "dmean": 0.0151495682076,
        "dmean2": 0.0175493806601,
        "dvar": 0.000421809236286,
        "dvar2": 0.000482630130136,
        "max": 0.50439453125,
        "mean": 0.0813137441874,
        "median": 0.07666015625,
        "min": 0.00634765625,
        "stdev": 0.0380044393241,
        "var": 0.00144433730748
    },
    "barkbands": {
        "dmean": [0.000858565501403, 0.0060102539137, 0.00117373932153, 0.00105702702422, 0.00149526714813, 0.000628954265267, 0.000808094104286, 0.00104482157622, 0.000899987760931, 0.000685709528625, 0.00043845694745, 0.00052927294746, 0.000451457628515, 0.000494232517667, 0.000565732480027, 0.000276395352557, 0.000325324537698, 0.000212397790165, 0.000281177752186, 0.000231608355534, 0.000163863922353, 0.0001118434011, 0.000125211954582, 0.00021044582536, 0.000166643600096, 7.79620822868e-05, 3.58776992471e-06],
        "dmean2": [0.00133529829327, 0.00986505672336, 0.00198979279958, 0.00192571466323, 0.00264289067127, 0.000957538664807, 0.00130396883469, 0.00168725498952, 0.00138544302899, 0.0010574500775, 0.000668782449793, 0.000890142051503, 0.000742562348023, 0.000792599399574, 0.000922855280805, 0.000443235330749, 0.000543742673472, 0.000345913053025, 0.000452734617284, 0.000356283358997, 0.000263947295025, 0.00018246860418, 0.000190687322174, 0.000331526127411, 0.000251622375799, 0.000119288284623, 6.07915944784e-06],
        "dvar": [4.41550400865e-06, 0.000230725127039, 9.84731013887e-06, 8.82273161551e-06, 1.80792358151e-05, 1.54014014697e-06, 2.34422759604e-06, 1.09704778879e-05, 7.8376442616e-06, 1.90526679944e-06, 1.0941967048e-06, 1.14963643227e-06, 6.96486154084e-07, 1.15075306439e-06, 9.13412520731e-07, 2.64597957766e-07, 2.95976178677e-07, 1.036511037e-07, 2.60755030013e-07, 1.46216450503e-07, 9.4277176288e-08, 3.65103680622e-08, 4.63374902893e-08, 7.08254844994e-07, 2.52500768738e-07, 5.35360058507e-08, 1.29945457172e-10],
        "dvar2": [1.26682061818e-05, 0.000611630908679, 2.75348411378e-05, 2.54930928349e-05, 5.18171145814e-05, 2.89719241664e-06, 5.37173036719e-06, 2.72814140772e-05, 1.72943346115e-05, 4.06964500144e-06, 2.25716098612e-06, 2.86332760879e-06, 1.65085145909e-06, 2.34385151998e-06, 2.38319989876e-06, 6.78307742419e-07, 7.83579423569e-07, 2.44425820028e-07, 5.67275606045e-07, 3.09036636281e-07, 2.51164607334e-07, 9.27405992002e-08, 1.04619175545e-07, 1.57667307121e-06, 5.7378775864e-07, 1.21325257396e-07, 3.22345206083e-10],
        "max": [0.0196103081107, 0.120000511408, 0.0347296483815, 0.0348018482327, 0.0565243400633, 0.0261976607144, 0.0161669868976, 0.0522822327912, 0.0633069947362, 0.0221778415143, 0.0183925293386, 0.0140923028812, 0.0109157431871, 0.0172847509384, 0.0140027450398, 0.00773185491562, 0.00658731581643, 0.00392014160752, 0.00962309073657, 0.00526783242822, 0.00432143034413, 0.00217878352851, 0.00278809224255, 0.0207891371101, 0.00918006524444, 0.00353051093407, 0.000217231136048],
        "mean": [0.00100176362321, 0.0104211494327, 0.00170729239471, 0.00103646109346, 0.00183965172619, 0.00140390626621, 0.00148853857536, 0.00138990650885, 0.00142859551124, 0.00125860865228, 0.000617167213932, 0.000824427173939, 0.00072579231346, 0.000739142880775, 0.000917290046345, 0.000500349909998, 0.000535483006388, 0.000377321412088, 0.000582060427405, 0.000451845902717, 0.00031019380549, 0.00021392054623, 0.000229810946621, 0.0002903501736, 0.000221962603973, 9.76924275164e-05, 3.7023155528e-06],
        "median": [4.02520636271e-05, 0.000816375599243, 0.000578478269745, 0.000472486484796, 0.000926564622205, 0.000634904718027, 0.000547744391952, 0.000425792328315, 0.000451691856142, 0.000588319438975, 0.000194928448764, 0.000460414856207, 0.000394104514271, 0.000314293807605, 0.00054793356685, 0.00026032916503, 0.000289742602035, 0.000212931103306, 0.000318064587191, 0.000222463713726, 0.000201843708055, 0.000120691533084, 0.000130764528876, 0.000127957115183, 7.9217745224e-05, 2.52188201557e-05, 4.17544043785e-07],
        "min": [2.30039949453e-23, 3.5790193285e-23, 1.70366384839e-24, 4.16629747901e-24, 3.11629718732e-23, 5.9626733097e-23, 6.19315574701e-23, 4.39281549585e-23, 2.88697816207e-23, 7.26193037604e-23, 5.78480221496e-23, 1.22647953602e-22, 6.96536285189e-23, 6.708971067e-23, 1.52371210147e-22, 2.14856655257e-22, 1.50643781469e-22, 2.52751387442e-22, 2.21711818658e-22, 4.00574202315e-22, 2.62066408473e-22, 4.32278458987e-22, 7.12145507475e-22, 8.35362551644e-22, 1.21058084596e-21, 1.41910376856e-21, 2.516061886e-21],
        "stdev": [0.00238196458668, 0.0191613193601, 0.00308378832415, 0.00232928595506, 0.00353740085848, 0.00244495715015, 0.00224007619545, 0.00350611656904, 0.00342964730226, 0.00207360414788, 0.0014324747026, 0.00126326631289, 0.00106107932515, 0.00140441476833, 0.00119574274868, 0.000712769455276, 0.000717551505659, 0.000447285245173, 0.000744540418964, 0.000648815126624, 0.000368688197341, 0.000260281987721, 0.000297296181088, 0.000870377523825, 0.000544927897863, 0.000257482693996, 1.16163573693e-05],
        "var": [5.6737558225e-06, 0.000367156142602, 9.50975027081e-06, 5.42557290828e-06, 1.25132055473e-05, 5.97781581746e-06, 5.01794102092e-06, 1.22928531709e-05, 1.17624813356e-05, 4.29983401773e-06, 2.05198375625e-06, 1.59584180892e-06, 1.12588929824e-06, 1.97238068722e-06, 1.42980081819e-06, 5.08040272962e-07, 5.1488018471e-07, 2.00064079081e-07, 5.54340431336e-07, 4.20961100644e-07, 1.35930989131e-07, 6.77467184573e-08, 8.83850148625e-08, 7.57557018005e-07, 2.96946410572e-07, 6.62973320686e-08, 1.34939753815e-10]
    },
    "erbbands": {
        "dmean": [0.275990456343, 1.09258687496, 1.3561694622, 2.39990162849, 4.77316141129, 5.09511137009, 4.7378411293, 5.09802293777, 9.16523933411, 14.5615024567, 26.6188964844, 22.3123588562, 22.0013275146, 16.8747406006, 15.4348983765, 23.7774963379, 21.4636325836, 24.3075447083, 23.6401023865, 27.6469116211, 16.5052070618, 14.631105423, 11.7260274887, 13.480969429, 11.7411251068, 12.1617841721, 7.70415067673, 5.08183574677, 3.88248181343, 3.98510789871, 3.62696218491, 4.01800441742, 3.81585025787, 2.15094661713, 1.05963647366, 0.478960007429, 0.117534697056, 0.0146136982366, 0.00039724088856, 2.22596227104e-05],
        "dmean2": [0.444096714258, 1.86628484726, 2.27698540688, 4.26594734192, 8.54352474213, 9.02975654602, 7.51021575928, 7.89003133774, 14.7686300278, 23.9029350281, 43.1789360046, 33.9891967773, 33.6299667358, 26.0732746124, 24.0641708374, 39.528881073, 34.8123626709, 39.0725250244, 38.9082450867, 44.6172180176, 25.7609539032, 23.986782074, 19.0891532898, 21.3563766479, 18.3274860382, 18.5162277222, 12.4639673233, 8.37657165527, 6.25789737701, 6.32602930069, 5.58584928513, 6.45547580719, 5.99919462204, 3.29551935196, 1.59402668476, 0.730631411076, 0.178087189794, 0.0233628563583, 0.00063022505492, 3.39696925948e-05],
        "dvar": [0.480821818113, 8.10801410675, 13.0611410141, 47.9109191895, 151.100112915, 250.826293945, 102.015953064, 100.340065002, 270.473632812, 1167.37097168, 7781.93652344, 4966.7890625, 2786.29931641, 1754.9083252, 1033.12243652, 2312.23095703, 1355.32324219, 2584.66748047, 2482.45068359, 1925.09960938, 1004.9140625, 663.379516602, 322.082122803, 405.735198975, 643.683349609, 424.717193604, 131.725723267, 141.541824341, 36.8018684387, 57.2543373108, 42.5623397827, 166.899383545, 280.07321167, 51.1948165894, 8.74823570251, 2.35978364944, 0.100184425712, 0.00131425191648, 1.18701473184e-06, 1.74639946948e-09],
        "dvar2": [1.22461390495, 22.994260788, 36.4382972717, 137.782730103, 434.435852051, 709.696044922, 251.800933838, 199.49546814, 659.827148438, 2695.84277344, 19438.2851562, 10905.7861328, 5804.11865234, 4473.00683594, 2217.17553711, 5812.55664062, 3188.05297852, 4981.0703125, 6726.37011719, 4521.8125, 2617.74414062, 1659.296875, 787.68560791, 893.954772949, 1348.11108398, 858.674560547, 332.835510254, 382.006225586, 93.5469741821, 142.354644775, 91.5921096802, 354.906768799, 637.608520508, 119.95072937, 19.5140724182, 5.43300485611, 0.219052642584, 0.00293523655273, 2.66515394287e-06, 3.9906931093e-09],
        "max": [5.44692182541, 23.7638988495, 34.7006187439, 73.5605392456, 102.965957642, 236.454116821, 155.509811401, 217.047271729, 175.03793335, 432.720794678, 1363.16455078, 1748.01953125, 961.007995605, 921.13293457, 547.907714844, 683.610778809, 455.903198242, 1002.94464111, 696.780944824, 787.665283203, 529.656616211, 384.430175781, 224.741119385, 255.314743042, 639.294799805, 314.250549316, 126.710517883, 154.706634521, 60.2838554382, 102.688659668, 95.4243240356, 290.958465576, 422.118927002, 144.100967407, 44.1220664978, 24.9732208252, 4.53925895691, 0.560565769672, 0.0202219281346, 0.000622770632617],
        "mean": [0.402595549822, 1.89697909355, 2.40505695343, 2.86381602287, 5.15308141708, 5.9432759285, 8.81686782837, 10.9169883728, 16.8739624023, 24.5728931427, 37.3519668579, 37.5222244263, 40.2336273193, 29.1917381287, 24.3021697998, 39.5183677673, 37.2868041992, 39.701335907, 36.1635971069, 46.8554191589, 33.1979179382, 26.667514801, 22.6436424255, 28.5839729309, 24.6823577881, 23.0527019501, 15.4026880264, 9.57196235657, 7.45729780197, 7.38160181046, 6.42718315125, 5.90699291229, 4.96633577347, 2.79926323891, 1.39077615738, 0.573956608772, 0.15489679575, 0.0192351024598, 0.000525347364601, 5.65499940421e-05],
        "median": [0.0100063653663, 0.218341693282, 0.787456929684, 1.46119391918, 2.23293089867, 2.88467860222, 4.67656993866, 4.57563209534, 7.92040157318, 9.27232551575, 13.4210395813, 14.3366851807, 18.6482543945, 13.5901107788, 10.7297554016, 23.5245513916, 22.469625473, 18.2385787964, 16.9217739105, 27.9872570038, 17.981426239, 14.3275384903, 13.6015930176, 16.9016876221, 14.368024826, 11.5467834473, 10.155462265, 5.72845458984, 4.17823505402, 3.97429728508, 3.69568562508, 2.7092165947, 2.02394390106, 1.07160520554, 0.444009542465, 0.143956303596, 0.0413545444608, 0.00477014901116, 0.000131980137667, 3.24075190292e-05],
        "min": [1.20659852464e-21, 7.36326292933e-21, 5.14432185559e-21, 7.11783908782e-21, 5.36702084847e-20, 1.04619193087e-19, 1.695676958e-19, 7.26842053287e-19, 7.39558145747e-19, 1.03897038563e-18, 1.1146351812e-18, 6.35762902098e-19, 9.82042678498e-19, 2.91717381892e-18, 3.54152002591e-18, 4.38822003296e-18, 3.27812048986e-18, 3.594566705e-18, 5.06795446056e-18, 1.5785580629e-17, 6.71539756061e-18, 8.69390977467e-18, 1.27941497725e-17, 1.23820665893e-17, 1.23509323382e-17, 2.04923574284e-17, 1.19716096432e-17, 1.11779273639e-17, 1.334961148e-17, 1.6290341128e-17, 2.29393313883e-17, 1.65401331294e-17, 1.60829255894e-17, 1.35065962982e-17, 7.76938820199e-18, 5.40769532252e-18, 2.91268739808e-18, 1.05038175577e-18, 4.07775097323e-19, 3.70823937697e-20],
        "stdev": [0.864424169064, 3.42797541618, 3.95130515099, 5.63292312622, 10.1705608368, 13.2670688629, 14.0450611115, 19.7150211334, 22.6712036133, 49.9514198303, 92.8149719238, 84.3176269531, 76.0860366821, 52.4081611633, 44.7562179565, 57.2161331177, 47.3906936646, 72.9840011597, 57.1303672791, 61.6635131836, 46.3745040894, 34.8955192566, 25.5490379333, 32.6096000671, 36.4915084839, 32.7811279297, 16.0077800751, 13.1296072006, 8.70284080505, 10.0017900467, 8.6902923584, 14.1161632538, 16.8329753876, 7.38215970993, 3.31853365898, 1.65712189674, 0.37204760313, 0.0433628112078, 0.00126872549299, 5.94815537625e-05],
        "var": [0.747229099274, 11.7510147095, 15.6128129959, 31.7298221588, 103.440299988, 176.01512146, 197.26373291, 388.682037354, 513.983459473, 2495.14428711, 8614.61914062, 7109.46191406, 5789.08447266, 2746.61547852, 2003.11889648, 3273.68603516, 2245.87792969, 5326.66455078, 3263.87890625, 3802.38891602, 2150.59448242, 1217.6973877, 652.753356934, 1063.3861084, 1331.63024902, 1074.60241699, 256.249023438, 172.386581421, 75.7394332886, 100.035797119, 75.5211868286, 199.266067505, 283.349029541, 54.4962844849, 11.0126657486, 2.74605298042, 0.138419419527, 0.00188033340964, 1.6096643094e-06, 3.53805540421e-09]
    },
    "gfcc": {
        "mean": [37.8558158875, 65.8671951294, -126.374343872, 31.9570503235, -62.3061790466, 20.2445869446, -41.2275238037, 15.1475687027, -26.2930202484, 6.6430182457, -17.3194770813, -2.43285894394, -13.6749973297],
        "cov": [[2976.10375977, -535.899658203, 195.485565186, 60.3705749512, 187.041015625, 365.380218506, 150.753601074, 235.842849731, 54.8123245239, 179.388427734, -42.2817420959, 159.054290771, -31.8424568176], [-535.899658203, 760.98034668, -185.242340088, 110.993927002, 71.1794509888, -118.759254456, 110.031578064, -62.3029747009, 45.2853546143, -69.2840576172, 76.9173965454, -89.2969894409, 44.9477653503], [195.485565186, -185.242340088, 592.277404785, 96.2878875732, 182.7684021, 193.915222168, 37.5067672729, 116.553565979, 24.0694293976, 68.4726715088, 6.64496040344, 76.8100585938, 6.03394699097], [60.3705749512, 110.993927002, 96.2878875732, 223.13269043, 162.413543701, 53.9808120728, 102.785484314, 42.9557647705, 50.2053184509, 20.2922096252, 42.7482185364, 1.31094539165, 22.5781841278], [187.041015625, 71.1794509888, 182.7684021, 162.413543701, 340.545074463, 150.565444946, 188.150543213, 119.549453735, 90.7319869995, 82.8093338013, 50.4119720459, 35.3729133606, 23.6554832458], [365.380218506, -118.759254456, 193.915222168, 53.9808120728, 150.565444946, 260.873779297, 112.685577393, 91.2466659546, 57.7516403198, 56.5791053772, 9.48922157288, 71.1660766602, 26.5902404785], [150.753601074, 110.031578064, 37.5067672729, 102.785484314, 188.150543213, 112.685577393, 288.029754639, 146.732894897, 91.830909729, 48.4563941956, 40.979839325, 16.7650566101, 15.260890007], [235.842849731, -62.3029747009, 116.553565979, 42.9557647705, 119.549453735, 91.2466659546, 146.732894897, 191.776199341, 84.1602859497, 63.3044700623, 25.5506000519, 14.7204465866, -7.54460811615], [54.8123245239, 45.2853546143, 24.0694293976, 50.2053184509, 90.7319869995, 57.7516403198, 91.830909729, 84.1602859497, 123.683753967, 56.7209815979, 34.408870697, 14.9622993469, 9.69732189178], [179.388427734, -69.2840576172, 68.4726715088, 20.2922096252, 82.8093338013, 56.5791053772, 48.4563941956, 63.3044700623, 56.7209815979, 105.747375488, 38.9771156311, 31.8548583984, -1.34408354759], [-42.2817420959, 76.9173965454, 6.64496040344, 42.7482185364, 50.4119720459, 9.48922157288, 40.979839325, 25.5506000519, 34.408870697, 38.9771156311, 81.4208602905, 28.4435653687, 14.4646816254], [159.054290771, -89.2969894409, 76.8100585938, 1.31094539165, 35.3729133606, 71.1660766602, 16.7650566101, 14.7204465866, 14.9622993469, 31.8548583984, 28.4435653687, 110.531661987, 46.3710479736], [-31.8424568176, 44.9477653503, 6.03394699097, 22.5781841278, 23.6554832458, 26.5902404785, 15.260890007, -7.54460811615, 9.69732189178, -1.34408354759, 14.4646816254, 46.3710479736, 82.6852722168]],
        "icov": [[0.000569166382775, -8.43377565616e-05, 0.000433838984463, -0.000572791090235, 0.000128980274894, -0.000690575514454, 0.000307248410536, -0.000877337995917, 0.000735882553272, -0.00102295714896, 0.00120423501357, -0.00114449660759, 0.000766451994423], [-8.43377565616e-05, 0.00361183937639, -0.000339168793289, 0.000660907418933, -0.00112036208156, 0.00141071877442, -0.00217074109241, 0.00309780752286, -0.00242819730192, 0.00359799223952, -0.00484060309827, 0.00437296461314, -0.00286378478631], [0.000433838984463, -0.000339168793289, 0.00358147593215, -0.0017524411669, -0.000930185662583, -0.00212156400084, 0.00242359796539, -0.00323172891513, 0.00226281746291, -0.00140743330121, 0.00219148444012, -0.00280860019848, 0.00167826761026], [-0.000572791090235, 0.000660907418933, -0.0017524411669, 0.0091785043478, -0.00360048539005, 0.00133595184889, -0.00192500406411, 0.00315734767355, -0.00269593857229, 0.00390002317727, -0.00531511707231, 0.00445828353986, -0.00290532410145], [0.000128980274894, -0.00112036208156, -0.000930185662583, -0.00360048539005, 0.00841262657195, -0.00195763166994, -0.0022418317385, -0.000655223149806, 0.000500057067256, -0.00439279712737, 0.00153831508942, -0.000727644772269, 0.000295396544971], [-0.000690575514454, 0.00141071877442, -0.00212156400084, 0.00133595184889, -0.00195763166994, 0.00902132131159, -0.00289755431004, 0.00213409168646, -0.00292088021524, 0.00180922693107, -0.000320576829836, -0.000602020416409, -0.00208865082823], [0.000307248410536, -0.00217074109241, 0.00242359796539, -0.00192500406411, -0.0022418317385, -0.00289755431004, 0.0104924393818, -0.00775443250313, 0.00130037160125, -0.000613676093053, 0.00245028664358, -0.00321206380613, 0.00178643793333], [-0.000877337995917, 0.00309780752286, -0.00323172891513, 0.00315734767355, -0.000655223149806, 0.00213409168646, -0.00775443250313, 0.0166743006557, -0.00751968333498, 0.00211964803748, -0.00569629715756, 0.00642921030521, -0.00188707513735], [0.000735882553272, -0.00242819730192, 0.00226281746291, -0.00269593857229, 0.000500057067256, -0.00292088021524, 0.00130037160125, -0.00751968333498, 0.017728259787, -0.00835206545889, 0.0031011919491, -0.00330581725575, 0.00114099984057], [-0.00102295714896, 0.00359799223952, -0.00140743330121, 0.00390002317727, -0.00439279712737, 0.00180922693107, -0.000613676093053, 0.00211964803748, -0.00835206545889, 0.0232362709939, -0.0123210176826, 0.00323115917854, -0.000629901885986], [0.00120423501357, -0.00484060309827, 0.00219148444012, -0.00531511707231, 0.00153831508942, -0.000320576829836, 0.00245028664358, -0.00569629715756, 0.0031011919491, -0.0123210176826, 0.0280357971787, -0.0131848249584, 0.00500329444185], [-0.00114449660759, 0.00437296461314, -0.00280860019848, 0.00445828353986, -0.000727644772269, -0.000602020416409, -0.00321206380613, 0.00642921030521, -0.00330581725575, 0.00323115917854, -0.0131848249584, 0.0249471589923, -0.0134930582717], [0.000766451994423, -0.00286378478631, 0.00167826761026, -0.00290532410145, 0.000295396544971, -0.00208865082823, 0.00178643793333, -0.00188707513735, 0.00114099984057, -0.000629901885986, 0.00500329444185, -0.0134930582717, 0.0212498772889]]
    },
    "melbands": {
        "dmean": [0.00196448620409, 0.000841497268993, 0.000469335354865, 0.000355004623998, 0.000172236555954, 0.000118586947792, 0.000144443431054, 0.000159997231094, 0.000216567321331, 0.000129345964524, 0.000109436223283, 6.92524845363e-05, 6.25992252026e-05, 5.783850429e-05, 5.47359777556e-05, 4.41406336904e-05, 4.68232246931e-05, 3.99720920541e-05, 3.54567746399e-05, 2.65158269031e-05, 2.07575994864e-05, 1.66848076333e-05, 1.51509593707e-05, 1.16044338938e-05, 1.17604167826e-05, 1.13191890705e-05, 8.34173260955e-06, 8.1199386841e-06, 5.38176436748e-06, 4.47716547569e-06, 2.83123154077e-06, 2.27473128689e-06, 2.3345264708e-06, 2.28783073908e-06, 2.09056520362e-06, 2.31241165238e-06, 2.67678342425e-06, 2.84923089566e-06, 2.24833479479e-06, 1.73945898041e-06],
        "dmean2": [0.00319392210804, 0.00137704960071, 0.000831346493214, 0.000631599396002, 0.000282057619188, 0.00018357441877, 0.00023224047618, 0.000265427894192, 0.000347639550455, 0.000199715490453, 0.000166987578268, 0.000107240572106, 9.51858673943e-05, 9.67089290498e-05, 8.94952827366e-05, 7.20133830328e-05, 7.49714745325e-05, 6.5801985329e-05, 5.75710982957e-05, 4.31940279668e-05, 3.25261135004e-05, 2.74354842986e-05, 2.4764558475e-05, 1.92902643903e-05, 1.87170462596e-05, 1.84921264008e-05, 1.26594795802e-05, 1.27040684674e-05, 8.77503771335e-06, 7.42679094401e-06, 4.66126357423e-06, 3.74228829969e-06, 3.78405593437e-06, 3.67641496268e-06, 3.27396901412e-06, 3.62949390365e-06, 4.27066925113e-06, 4.49285516879e-06, 3.57091084879e-06, 2.66927395387e-06],
        "dvar": [2.45528353844e-05, 3.97308303945e-06, 1.62621734034e-06, 1.01584976164e-06, 1.65905490235e-07, 5.17000486866e-08, 6.61467893792e-08, 1.31784943846e-07, 4.42610740947e-07, 1.63342292581e-07, 6.96890651852e-08, 3.10845535978e-08, 2.07944079733e-08, 1.49727643617e-08, 8.51461035012e-09, 6.51217302305e-09, 1.04586268534e-08, 7.62440510726e-09, 4.5692645223e-09, 1.5666200559e-09, 1.47563095076e-09, 1.01624342275e-09, 7.52336359877e-10, 3.66823155185e-10, 3.46295658815e-10, 5.64151170224e-10, 2.5741078713e-10, 1.98201413615e-10, 6.43456538052e-11, 9.68776101007e-11, 3.60844305825e-11, 1.27535794425e-11, 1.40823767578e-11, 1.92832538132e-11, 1.39315815828e-11, 2.54737932137e-11, 9.03123201224e-11, 1.68940944567e-10, 7.13251541162e-11, 2.98926994269e-11],
        "dvar2": [6.39141071588e-05, 1.10644259621e-05, 4.63337346446e-06, 2.89927743324e-06, 4.48224000138e-07, 1.01981498801e-07, 1.5948478449e-07, 3.12945076075e-07, 1.09852237529e-06, 3.5763648043e-07, 1.45349574154e-07, 7.88481386849e-08, 4.29887698772e-08, 3.65658081591e-08, 2.08676027569e-08, 1.4683552152e-08, 2.0931441469e-08, 1.97850145156e-08, 1.11143521053e-08, 3.95956156751e-09, 3.81961928753e-09, 2.56280130451e-09, 2.04180694574e-09, 8.61705540256e-10, 7.6159695217e-10, 1.30786348418e-09, 5.07760555823e-10, 4.13006767674e-10, 1.67421007613e-10, 2.63938038092e-10, 9.71390051729e-11, 3.30498788059e-11, 3.48166911968e-11, 4.84697733338e-11, 3.10238328083e-11, 5.62013283134e-11, 2.02186406506e-10, 3.82715609204e-10, 1.69925656879e-10, 6.96677368572e-11],
        "max": [0.0383131094277, 0.022280568257, 0.0134834935889, 0.01170455385, 0.00713140284643, 0.00486909458414, 0.00264938757755, 0.00454769516364, 0.0101306494325, 0.00947069469839, 0.00480370409787, 0.00392875308171, 0.00233157118782, 0.00211409549229, 0.00179639528506, 0.00114405865315, 0.00190302554984, 0.00154505937826, 0.00133316463325, 0.000564616930205, 0.000620211241767, 0.000530254503246, 0.000320218445268, 0.000296314887237, 0.000239539964241, 0.000555699691176, 0.00031112972647, 0.000216772968997, 0.000107157509774, 0.000133777954034, 7.19006056897e-05, 3.66716594726e-05, 4.43926255684e-05, 6.26683831797e-05, 4.46893573098e-05, 0.000113884030725, 0.000220510366489, 0.000337402481819, 0.000170768267708, 0.000112256799184],
        "mean": [0.00321843498386, 0.00163606612477, 0.000554284604732, 0.000408184074331, 0.000298863189528, 0.000254004029557, 0.000270766176982, 0.000258797110291, 0.000312293297611, 0.000212888262467, 0.000195127882762, 0.000115377464681, 9.01307648746e-05, 8.4688734205e-05, 9.75663642748e-05, 7.3066476034e-05, 7.14786074241e-05, 5.55639708182e-05, 5.82294233027e-05, 4.75350243505e-05, 3.82711004931e-05, 2.7265645258e-05, 2.499612674e-05, 1.92466886801e-05, 2.33853679674e-05, 2.18400655285e-05, 1.57052727445e-05, 1.44181294672e-05, 9.86383292911e-06, 7.3803412306e-06, 5.02024158777e-06, 4.15712293034e-06, 4.0908334995e-06, 4.08374035032e-06, 3.61384991265e-06, 3.61775141755e-06, 3.61312072528e-06, 3.6304711557e-06, 2.85053556581e-06, 2.22056405619e-06],
        "median": [0.000160008552484, 0.000428681873018, 0.000282748194877, 0.000186937613762, 0.000168751837919, 0.00010677579121, 0.00012052404054, 0.000103280624899, 0.000106700055767, 7.60115071898e-05, 8.30387652968e-05, 4.98839799548e-05, 3.02608696074e-05, 4.82956966152e-05, 6.24792519375e-05, 4.40854528279e-05, 3.18496349792e-05, 2.31656304095e-05, 3.48288049281e-05, 3.13296586683e-05, 1.92228089873e-05, 1.35645123009e-05, 1.26988252305e-05, 1.04027849375e-05, 1.23682038975e-05, 1.14327567644e-05, 7.00240752849e-06, 7.37400796424e-06, 6.46606940791e-06, 4.30734598922e-06, 2.83450117422e-06, 2.41636189457e-06, 2.08599544749e-06, 2.1727416879e-06, 2.06108029488e-06, 1.95704228645e-06, 1.47042430854e-06, 1.38110272019e-06, 1.09159782369e-06, 8.32631997127e-07],
        "min": [1.21525600171e-23, 5.15349024315e-24, 2.63102723211e-24, 5.50331455588e-24, 5.77440581709e-24, 1.43836322065e-23, 1.2262307924e-23, 1.0294306647e-23, 9.7341909496e-24, 3.24006630791e-24, 5.14681569103e-24, 1.21472841154e-23, 9.4814272938e-24, 1.42121291125e-23, 8.9281257769e-24, 6.6072745112e-24, 6.73799231307e-24, 7.39503219445e-24, 1.37567039347e-23, 2.15734540693e-23, 5.83659290554e-24, 9.2602401623e-24, 9.2275899983e-24, 1.18358607627e-23, 9.69620019727e-24, 9.37661923393e-24, 8.42644179562e-24, 1.58125354071e-23, 7.23914381325e-24, 6.74327689228e-24, 6.363354775e-24, 6.81570300085e-24, 8.89289209343e-24, 8.06314373863e-24, 1.25741028302e-23, 1.45185621311e-23, 8.15159082332e-24, 1.10668554864e-23, 1.14922447853e-23, 1.13524570551e-23],
        "stdev": [0.00627405242994, 0.002514798427, 0.00104503380135, 0.000847173621878, 0.00046080184984, 0.00044570225873, 0.000361415935913, 0.000495620479342, 0.00071395438863, 0.000491016311571, 0.000381746183848, 0.000222655202379, 0.000202281677048, 0.000138482733746, 0.00011756314052, 0.00010495159222, 0.000138819435961, 9.8537420854e-05, 8.39512649691e-05, 5.39690045116e-05, 5.62073364563e-05, 4.02761543228e-05, 3.55712654709e-05, 2.56650000665e-05, 2.99556195387e-05, 3.03785927827e-05, 2.83048611891e-05, 2.14103365579e-05, 1.084609994e-05, 1.05406470539e-05, 6.93829679221e-06, 4.81653205497e-06, 5.30678516952e-06, 5.71527880311e-06, 4.97025484947e-06, 5.84000372328e-06, 9.9989310911e-06, 1.30208609335e-05, 8.46454804559e-06, 5.68924679101e-06],
        "var": [3.93637310481e-05, 6.3242109718e-06, 1.09209554466e-06, 7.17703187547e-07, 2.12338335359e-07, 1.98650496941e-07, 1.30621472749e-07, 2.45639682817e-07, 5.09730909926e-07, 2.41097040998e-07, 1.45730155054e-07, 4.95753411656e-08, 4.09178753102e-08, 1.91774667258e-08, 1.38210927147e-08, 1.10148361543e-08, 1.92708355939e-08, 9.70962332758e-09, 7.04781433214e-09, 2.91265345176e-09, 3.15926484973e-09, 1.62216851063e-09, 1.26531485289e-09, 6.58692211886e-10, 8.97339091921e-10, 9.2285890041e-10, 8.01165134234e-10, 4.58402482639e-10, 1.17637885544e-10, 1.11105243061e-10, 4.81399642371e-11, 2.31989809307e-11, 2.81619710191e-11, 3.26644093718e-11, 2.47034354778e-11, 3.41056419217e-11, 9.99786295419e-11, 1.69542810347e-10, 7.16485690222e-11, 3.23675287961e-11]
    },
    "melbands128": {
