{
"lowlevel": {
    "average_loudness": 0.964905977249,
    "barkbands_crest": {
        "dmean": 2.95214128494,
        "dmean2": 4.82429456711,
        "dvar": 6.12027454376,
        "dvar2": 15.9679365158,
        "max": 25.4172229767,
        "mean": 9.3122882843,
        "median": 8.56620597839,
        "min": 2.57396960258,
        "stdev": 4.01258182526,
        "var": 16.1008110046
    },
    "barkbands_flatness_db": {
        "dmean": 0.0272532533854,
        "dmean2": 0.039628598839,
        "dvar": 0.000487896992126,
        "dvar2": 0.00105039658956,
        "max": 0.265235304832,
        "mean": 0.102906569839,
        "median": 0.0983241796494,
        "min": 0.0142769208178,
        "stdev": 0.0409276969731,
        "var": 0.00167507643346
    },
    "barkbands_kurtosis": {
        "dmean": 3.54712247849,
        "dmean2": 5.58648633957,
        "dvar": 46.4406356812,
        "dvar2": 108.589126587,
        "max": 97.1780014038,
        "mean": 3.63414716721,
        "median": 0.988875627518,
        "min": -1.913230896,
        "stdev": 8.61383628845,
        "var": 74.1981735229
    },
    "barkbands_skewness": {
        "dmean": 0.710199475288,
        "dmean2": 1.05677175522,
        "dvar": 0.516567051411,
        "dvar2": 1.11435127258,
        "max": 8.98131942749,
        "mean": 1.49333143234,
        "median": 1.25038564205,
        "min": -1.73152184486,
        "stdev": 1.28892254829,
        "var": 1.66132128239
    },
    "barkbands_spread": {
        "dmean": 10.8875980377,
        "dmean2": 16.5306949615,
        "dvar": 117.602424622,
        "dvar2": 224.993942261,
        "max": 95.7082748413,
        "mean": 31.9567146301,
        "median": 28.2362747192,
        "min": 1.82560360432,
        "stdev": 18.607711792,
        "var": 346.246948242
    },
    "dissonance": {
        "dmean": 0.0136326411739,
        "dmean2": 0.0220505110919,
        "dvar": 0.000493980071042,
        "dvar2": 0.00123402639292,
        "max": 0.500000059605,
        "mean": 0.475216478109,
        "median": 0.482301086187,
        "min": 0.022742331028,
        "stdev": 0.0247427094728,
        "var": 0.000612201634794
    },
    "dynamic_complexity": 2.82512140274,
    "erbbands_crest": {
        "dmean": 2.53484368324,
        "dmean2": 4.05700063705,
        "dvar": 5.76940011978,
        "dvar2": 13.2920084,
        "max": 28.4611492157,
        "mean": 7.80856513977,
        "median": 6.73271942139,
        "min": 2.60318493843,
        "stdev": 3.93745708466,
        "var": 15.5035676956
    },
    "erbbands_flatness_db": {
        "dmean": 0.0240913759917,
        "dmean2": 0.0329577811062,
        "dvar": 0.000380398181733,
        "dvar2": 0.000713988149073,
        "max": 0.262362152338,
        "mean": 0.121384985745,
        "median": 0.116144090891,
        "min": 0.039326928556,
        "stdev": 0.0382046326995,
        "var": 0.00145959400106
    },
    "erbbands_kurtosis": {
        "dmean": 1.01571893692,
        "dmean2": 1.54141163826,
        "dvar": 2.08958172798,
        "dvar2": 3.97358846664,
        "max": 26.3954944611,
        "mean": 0.394409686327,
        "median": -0.180753469467,
        "min": -1.71106934547,
        "stdev": 2.23055195808,
        "var": 4.97536182404
    },
    "erbbands_skewness": {
        "dmean": 0.415543228388,
        "dmean2": 0.613182663918,
        "dvar": 0.139337494969,
        "dvar2": 0.268608629704,
        "max": 4.86067533493,
        "mean": -0.10049173981,
        "median": -0.174164623022,
        "min": -3.66886162758,
        "stdev": 0.882627248764,
        "var": 0.77903085947
    },
    "erbbands_spread": {
        "dmean": 11.9902248383,
        "dmean2": 18.0433959961,
        "dvar": 135.130340576,
        "dvar2": 299.687835693,
        "max": 154.388641357,
        "mean": 47.0847434998,
        "median": 45.8564682007,
        "min": 8.3182554245,
        "stdev": 21.3565006256,
        "var": 456.100097656
    },
    "hfc": {
        "dmean": 12.082780838,
        "dmean2": 16.6929359436,
        "dvar": 180.614517212,
        "dvar2": 340.932037354,
        "max": 152.211853027,
        "mean": 22.2641544342,
        "median": 16.2697162628,
        "min": 1.21493892857e-16,
        "stdev": 20.5034236908,
        "var": 420.390380859
    },
    "loudness_ebu128": {
        "integrated": -15.0471639633,
        "loudness_range": 2.91976547241,
        "momentary": {
            "dmean": 0.616530418396,
            "dmean2": 0.752120494843,
            "dvar": 0.273042649031,
            "dvar2": 0.428584545851,
            "max": -11.9597549438,
            "mean": -15.3517189026,
            "median": -15.3460664749,
            "min": -19.296628952,
            "stdev": 1.63650214672,
            "var": 2.67813944817
        },
        "short_term": {
            "dmean": 0.0824558511376,
            "dmean2": 0.104908771813,
            "dvar": 0.0043313219212,
            "dvar2": 0.00748680066317,
            "max": -13.2563438416,
            "mean": -15.2756261826,
            "median": -15.4934854507,
            "min": -16.945941925,
            "stdev": 1.03152489662,
            "var": 1.06404364109
        }
    },
    "melbands_crest": {
        "dmean": 3.80829143524,
        "dmean2": 6.29096841812,
        "dvar": 10.0126953125,
        "dvar2": 28.0713768005,
        "max": 30.0916595459,
        "mean": 14.0858860016,
        "median": 13.7203111649,
        "min": 2.0608279705,
        "stdev": 5.06785154343,
        "var": 25.6831188202
    },
    "melbands_flatness_db": {
        "dmean": 0.034677233547,
        "dmean2": 0.0502746067941,
        "dvar": 0.000817304535303,
        "dvar2": 0.001716883271,
        "max": 0.379873305559,
        "mean": 0.176913395524,
        "median": 0.172652900219,
        "min": 0.0073186843656,
        "stdev": 0.0580046288669,
        "var": 0.00336453691125
    },
    "melbands_kurtosis": {
        "dmean": 11.1588144302,
        "dmean2": 17.4284248352,
        "dvar": 376.106048584,
        "dvar2": 906.927856445,
        "max": 321.737365723,
        "mean": 16.9888420105,
        "median": 8.1414604187,
        "min": -1.5774358511,
        "stdev": 25.842634201,
        "var": 667.84173584
    },
    "melbands_skewness": {
        "dmean": 1.0649266243,
        "dmean2": 1.57298457623,
        "dvar": 1.1061912775,
        "dvar2": 2.53214597702,
        "max": 13.6558589935,
        "mean": 3.06625008583,
        "median": 2.69016551971,
        "min": -0.508257985115,
        "stdev": 2.02546095848,
        "var": 4.10249233246
    },
    "melbands_spread": {
        "dmean": 11.4289884567,
        "dmean2": 16.9988670349,
        "dvar": 168.892333984,
        "dvar2": 338.403137207,
        "max": 158.54737854,
        "mean": 29.343547821,
        "median": 24.3889751434,
        "min": 1.28086471558,
        "stdev": 21.9056587219,
        "var": 479.857849121
    },
    "pitch_salience": {
        "dmean": 0.0833420678973,
        "dmean2": 0.135687559843,
        "dvar": 0.00475261593238,
        "dvar2": 0.0131521364674,
        "max": 0.955579221249,
        "mean": 0.56806319952,
        "median": 0.577416837215,
        "min": 0.156929135323,
        "stdev": 0.103722035885,
        "var": 0.0107582611963
    },
    "silence_rate_20dB": {
        "dmean": 0,
        "dmean2": 0,
        "dvar": 0,
        "dvar2": 0,
        "max": 1,
        "mean": 1,
        "median": 1,
        "min": 1,
        "stdev": 0,
        "var": 0
    },
    "silence_rate_30dB": {
        "dmean": 0,
        "dmean2": 0,
        "dvar": 0,
        "dvar2": 0,
        "max": 1,
        "mean": 1,
        "median": 1,
        "min": 1,
        "stdev": 0,
        "var": 0
    },
    "silence_rate_60dB": {
        "dmean": 0.011609907262,
        "dmean2": 0.0232378002256,
        "dvar": 0.011474953033,
        "dvar2": 0.0304441973567,
        "max": 1,
        "mean": 0.00928074214607,
        "median": 0,
        "min": 0,
        "stdev": 0.0958879739046,
        "var": 0.00919450353831
    },
    "spectral_centroid": {
        "dmean": 365.741149902,
        "dmean2": 534.163024902,
        "dvar": 153673.59375,
        "dvar2": 246605.578125,
        "max": 10620.9970703,
        "mean": 1706.69104004,
        "median": 1666.02453613,
        "min": 243.894454956,
        "stdev": 733.221984863,
        "var": 537614.5
    },
    "spectral_complexity": {
        "dmean": 5.82585144043,
        "dmean2": 7.92796278,
        "dvar": 30.6655139923,
        "dvar2": 52.0978393555,
        "max": 50,
        "mean": 18.5398292542,
        "median": 16,
        "min": 0,
        "stdev": 10.8756275177,
        "var": 118.279266357
    },
    "spectral_decrease": {
        "dmean": 2.39929187629e-09,
        "dmean2": 3.48031425901e-09,
        "dvar": 9.49405233454e-18,
        "dvar2": 1.94284774292e-17,
        "max": 6.31806313637e-29,
        "mean": -5.36993027822e-09,
        "median": -3.95605814774e-09,
        "min": -3.00856726199e-08,
        "stdev": 4.47237624712e-09,
        "var": 2.00021503451e-17
    },
    "spectral_energy": {
        "dmean": 0.00989406183362,
        "dmean2": 0.0142138171941,
        "dvar": 0.000153121189214,
        "dvar2": 0.000310061703203,
        "max": 0.116707019508,
        "mean": 0.022286798805,
        "median": 0.0167128145695,
        "min": 1.0781393748e-20,
        "stdev": 0.0181117430329,
        "var": 0.000328035239363
    },
    "spectral_energyband_high": {
        "dmean": 0.00085245835362,
        "dmean2": 0.00122989411466,
        "dvar": 1.1867041394e-06,
        "dvar2": 2.23573806579e-06,
        "max": 0.0213348530233,
        "mean": 0.00116987410001,
        "median": 0.000595834688284,
        "min": 7.79642768932e-21,
        "stdev": 0.00150099629536,
        "var": 2.25299004342e-06
    },
    "spectral_energyband_low": {
        "dmean": 0.00549039244652,
        "dmean2": 0.0086116893217,
        "dvar": 7.83123177825e-05,
        "dvar2": 0.000168682076037,
        "max": 0.0967756658792,
        "mean": 0.00844072364271,
        "median": 0.00499755563214,
        "min": 3.07729748189e-23,
        "stdev": 0.0107274567708,
        "var": 0.000115078328236
    },
    "spectral_energyband_middle_high": {
        "dmean": 0.00268764584325,
        "dmean2": 0.00365389091894,
        "dvar": 2.08214150916e-05,
        "dvar2": 4.31301050412e-05,
        "max": 0.0619761683047,
        "mean": 0.00513197761029,
        "median": 0.00247334851883,
        "min": 1.53837095462e-21,
        "stdev": 0.00705965002999,
        "var": 4.98386580148e-05
    },
    "spectral_energyband_middle_low": {
        "dmean": 0.00402999389917,
        "dmean2": 0.006187684834,
        "dvar": 4.13549896621e-05,
        "dvar2": 9.64704377111e-05,
        "max": 0.082962565124,
        "mean": 0.00823579449207,
        "median": 0.00558032281697,
        "min": 3.50379475165e-22,
        "stdev": 0.00886235758662,
        "var": 7.85413867561e-05
    },
    "spectral_entropy": {
        "dmean": 0.21175353229,
        "dmean2": 0.288619548082,
        "dvar": 0.0299265328795,
        "dvar2": 0.0532269105315,
        "max": 9.81848430634,
        "mean": 7.83442020416,
        "median": 7.83908557892,
        "min": 6.25999164581,
        "stdev": 0.326051265001,
        "var": 0.10630942136
    },
    "spectral_flux": {
        "dmean": 0.0260598156601,
        "dmean2": 0.0373196080327,
        "dvar": 0.000712898734491,
        "dvar2": 0.0014028706355,
        "max": 0.295844525099,
        "mean": 0.0886344462633,
        "median": 0.0779756978154,
        "min": 1.03833490417e-10,
        "stdev": 0.0440100878477,
        "var": 0.00193688797299
    },
    "spectral_kurtosis": {
        "dmean": 1.18082880974,
        "dmean2": 1.78761029243,
        "dvar": 1.01323974133,
        "dvar2": 2.48432159424,
        "max": 11.1954545975,
        "mean": 3.72188925743,
        "median": 3.59173202515,
        "min": -1.19765627384,
        "stdev": 1.58806097507,
        "var": 2.52193760872
    },
    "spectral_rms": {
        "dmean": 0.000991822802462,
        "dmean2": 0.00138332392089,
        "dvar": 9.2753265335e-07,
        "dvar2": 1.70886073647e-06,
        "max": 0.0106705436483,
        "mean": 0.00433875387534,
        "median": 0.00403796788305,
        "min": 3.24321342351e-12,
        "stdev": 0.00170833570883,
        "var": 2.91841092803e-06
    },
    "spectral_rolloff": {
        "dmean": 970.428894043,
        "dmean2": 1548.98950195,
        "dvar": 2036624,
        "dvar2": 4272509,
        "max": 19207.6171875,
        "mean": 2015.02722168,
        "median": 1507.32421875,
        "min": 86.1328125,
        "stdev": 1947.22265625,
        "var": 3791676
    },
    "spectral_skewness": {
        "dmean": 0.194705188274,
        "dmean2": 0.30066677928,
        "dvar": 0.0302575528622,
        "dvar2": 0.0675070956349,
        "max": 2.61068606377,
        "mean": 1.40568804741,
        "median": 1.41241407394,
        "min": 0.00591109087691,
        "stdev": 0.308166146278,
        "var": 0.0949663743377
    },
    "spectral_spread": {
        "dmean": 1139316.125,
        "dmean2": 1542857.25,
        "dvar": 1.59091969229e+12,
        "dvar2": 2.29863011123e+12,
        "max": 40084920,
        "mean": 5349884.5,
        "median": 4984736.5,
        "min": 2336502,
        "stdev": 1930625.5,
        "var": 3.72731491123e+12
    },
    "spectral_strongpeak": {
        "dmean": 0.481630265713,
        "dmean2": 0.81310749054,
        "dvar": 0.741320610046,
        "dvar2": 1.72509050369,
        "max": 9.0731678009,
        "mean": 0.6801430583,
        "median": 0.294295012951,
        "min": 0,
        "stdev": 1.00829041004,
        "var": 1.01664948463
    },
    "zerocrossingrate": {
        "dmean": 0.0215690303594,
        "dmean2": 0.0247257146984,
        "dvar": 0.000523573544342,
        "dvar2": 0.000629265676253,
        "max": 0.49951171875,
        "mean": 0.0801442116499,
        "median": 0.06982421875,
        "min": 0.01220703125,
        "stdev": 0.0441858023405,
        "var": 0.00195238518063
    },
    "barkbands": {
        "dmean": [6.38734054519e-05, 0.00336117157713, 0.00265364884399, 0.000895736680832, 0.00114434270654, 0.00067869288614, 0.00097822106909, 0.00107958738226, 0.0011710022809, 0.000255848892266, 0.000414184381953, 0.000547782576177, 0.000634015130345, 0.000388022599509, 0.000388563843444, 0.000272554520052, 0.000289694988169, 0.000339256395819, 0.00021228157857, 0.00026200801949, 0.000151231521158, 0.000168679325725, 9.1323061497e-05, 0.000138775460073, 0.000122457786347, 0.000141496333526, 2.72434754152e-05],
        "dmean2": [9.17462384677e-05, 0.00521420687437, 0.00470404606313, 0.00149280205369, 0.00186746474355, 0.00108615448698, 0.00148330745287, 0.00182148744352, 0.0018552307738, 0.000398845062591, 0.000628265261184, 0.000916441029403, 0.000993805122562, 0.000594611978158, 0.000607857480645, 0.000419498188421, 0.000445974554168, 0.000508199154865, 0.000325572298607, 0.000391813053284, 0.00021386417211, 0.000250998098636, 0.000131866938318, 0.000209923033253, 0.000190603066585, 0.000225963682169, 4.54673609056e-05],
        "dvar": [1.34237039262e-08, 4.87855941174e-05, 1.37567449201e-05, 1.44370142152e-06, 1.92941479327e-06, 4.38266397396e-06, 5.81992071602e-06, 1.12979223559e-05, 1.76296234713e-05, 8.6423455059e-07, 1.08637948415e-06, 5.6265234889e-06, 3.98647807742e-06, 1.15295392789e-06, 1.16505020742e-06, 2.37806716541e-07, 1.98972344378e-07, 3.5235476048e-07, 1.68901934217e-07, 2.79910892687e-07, 4.9105302935e-08, 2.56182687508e-07, 2.18722053802e-08, 2.6807725817e-08, 2.85469923256e-08, 3.68624846203e-08, 1.64435587369e-09],
        "dvar2": [2.57134793458e-08, 0.000105812127003, 3.80516576115e-05, 3.72264025827e-06, 4.91389437229e-06, 8.23239042802e-06, 1.08755148176e-05, 2.91893120448e-05, 4.63376709376e-05, 2.20119113692e-06, 2.52193058259e-06, 1.56313362822e-05, 9.52635309659e-06, 2.54564747593e-06, 2.93226526082e-06, 4.96579048104e-07, 4.43094080538e-07, 7.01117244262e-07, 3.78938551648e-07, 6.02852878728e-07, 8.4299877301e-08, 5.44564727534e-07, 4.02671034294e-08, 5.66320359496e-08, 6.76409541711e-08, 8.43130436579e-08, 4.05183486762e-09],
        "max": [0.00117884215433, 0.0684989541769, 0.0382292419672, 0.013149658218, 0.0160149876028, 0.0521900728345, 0.0541840456426, 0.0588822290301, 0.0737205296755, 0.0192125141621, 0.0146913742647, 0.0487815067172, 0.027431068942, 0.0167329777032, 0.0162086598575, 0.00629965495318, 0.00617075758055, 0.00892298016697, 0.00652560964227, 0.00923321954906, 0.0041413907893, 0.0128573225811, 0.00278696301393, 0.00139365287032, 0.00135069980752, 0.00130944314878, 0.000312495598337],
        "mean": [9.8045777122e-05, 0.00435457658023, 0.00334708811715, 0.00120940129273, 0.00173101434484, 0.00107228022534, 0.00142615765799, 0.00123787217308, 0.00145367824007, 0.000316651508911, 0.000645321037155, 0.000598060374614, 0.000777802837547, 0.000508770928718, 0.000496543128975, 0.000362701975973, 0.000437304610386, 0.000505590403918, 0.000321472791256, 0.00040209616418, 0.000235905710724, 0.00021052408556, 0.000117564224638, 0.000143675250001, 0.000120962024084, 0.000132858607685, 2.2896729206e-05],
        "median": [3.22780724673e-05, 0.00147011876106, 0.00208739098161, 0.000751718005631, 0.00116976851132, 0.000354791409336, 0.000313054595608, 0.000101688950963, 0.000116777991934, 4.50257684861e-05, 0.000117346120533, 0.000108452091808, 0.000118997966638, 0.000113162735943, 0.000127668201458, 0.000135562804644, 0.000215189269511, 0.000227204829571, 0.000160670955665, 0.000168757294887, 0.000125249658595, 8.62050437718e-05, 4.53848369943e-05, 4.95723943459e-05, 3.82370817533e-05, 3.62510545528e-05, 4.48165837952e-06],
        "min": [2.67719433051e-24, 6.93530930243e-24, 2.18205126831e-23, 5.928645479e-24, 2.78534069196e-23, 5.86468858111e-23, 7.83665277973e-23, 1.09926403991e-22, 4.34016502576e-23, 5.22835046093e-23, 5.67208156467e-23, 2.18082200214e-22, 7.7201336064e-23, 5.16053366663e-23, 1.40969532115e-22, 2.29645613663e-22, 2.33052634493e-22, 2.25267019121e-22, 1.78164235444e-22, 3.3889668961e-22, 3.58815541063e-22, 4.89607972329e-22, 5.64296313094e-22, 8.04944630497e-22, 1.15628409259e-21, 1.86069896514e-21, 2.69647046227e-21],
        "stdev": [0.000162546726642, 0.00792245659977, 0.00390992127359, 0.00138114509173, 0.0017031878233, 0.00375451333821, 0.00344946538098, 0.00379506475292, 0.00399676151574, 0.000995066016912, 0.00142993673217, 0.00213207746856, 0.00227003358305, 0.00134501664434, 0.0012455341639, 0.000645209627692, 0.000614543561824, 0.000780462578405, 0.000505307863932, 0.000700554519426, 0.000349502981408, 0.000562576460652, 0.000214918487472, 0.000198836394702, 0.000179156500963, 0.000203324307222, 3.9910129999e-05],
        "var": [2.64214392587e-08, 6.2765313487e-05, 1.52874854393e-05, 1.90756190932e-06, 2.90084881271e-06, 1.40963702506e-05, 1.18988109534e-05, 1.44025170812e-05, 1.59741030075e-05, 9.90156308944e-07, 2.04471916732e-06, 4.54575410913e-06, 5.15305237059e-06, 1.80906965852e-06, 1.5513554672e-06, 4.1629547809e-07, 3.77663781137e-07, 6.09121798334e-07, 2.55336033206e-07, 4.90776642437e-07, 1.22152329141e-07, 3.16492247521e-07, 4.61899531956e-08, 3.95359123218e-08, 3.20970521273e-08, 4.1340772583e-08, 1.59281854373e-09]
    },
    "erbbands": {
        "dmean": [0.0906646028161, 0.840870320797, 2.82894730568, 2.73269248009, 3.99778676033, 3.71422100067, 3.35419654846, 6.14219236374, 12.0845727921, 18.7102928162, 24.9950962067, 27.5165958405, 11.0785331726, 11.0997648239, 14.3229370117, 22.7686710358, 28.4145793915, 21.4376659393, 17.753610611, 18.5402984619, 14.8222293854, 16.324930191, 19.6226043701, 11.244383812, 11.4792108536, 12.6703100204, 7.96861076355, 5.40499973297, 6.5474395752, 3.58047151566, 2.61294579506, 2.35446810722, 2.65700507164, 1.6118260622, 0.777045607567, 0.499490082264, 0.27980697155, 0.080895781517, 0.00263736513443, 6.14292366663e-05],
        "dmean2": [0.128382012248, 1.35991704464, 4.98980236053, 4.62977409363, 6.7338848114, 5.9687666893, 5.0974240303, 9.6954536438, 19.2521438599, 28.7090911865, 41.461265564, 43.8749809265, 17.4173126221, 16.4582939148, 21.3208713531, 37.2240371704, 44.0288352966, 32.3296966553, 27.3597812653, 29.0541248322, 22.6735363007, 24.3887405396, 29.2326774597, 16.5361366272, 16.8900184631, 19.0656471252, 11.6951675415, 7.53800058365, 9.79632949829, 5.23603773117, 3.79303121567, 3.4907476902, 4.10220718384, 2.54823064804, 1.19969034195, 0.798371613026, 0.446135044098, 0.13061824441, 0.00434031663463, 9.46104628383e-05],
        "dvar": [0.0397397913039, 2.92767000198, 16.1718959808, 15.3254489899, 26.682352066, 27.50689888, 65.2222824097, 457.13684082, 817.311218262, 3286.98217773, 5920.27539062, 11424.7597656, 1653.49401855, 875.754821777, 897.580993652, 9352.33984375, 8816.91992188, 4422.51123047, 2196.95849609, 2540.26342773, 699.148254395, 626.80847168, 1227.29992676, 325.588653564, 675.936706543, 706.069213867, 154.3565979, 112.144752502, 472.71496582, 58.8569641113, 18.8711509705, 9.46873760223, 9.96866416931, 5.16139888763, 1.06160151958, 0.491533070803, 0.149633228779, 0.0126784713939, 1.43225342981e-05, 5.8228217803e-09],
        "dvar2": [0.0816333293915, 6.69430017471, 43.3864173889, 40.5963554382, 70.3885345459, 67.9835968018, 133.729537964, 858.394165039, 1845.64208984, 6659.96826172, 15191.8076172, 29664.453125, 4221.828125, 1947.12573242, 2100.31762695, 25631.6289062, 21201.53125, 9640.18066406, 4869.40380859, 6532.88134766, 1521.80786133, 1342.03979492, 2455.28613281, 746.319030762, 1488.40844727, 1583.83874512, 329.929656982, 185.5859375, 1047.65319824, 110.163223267, 35.6237335205, 20.6041164398, 21.0631027222, 12.4656934738, 2.36590242386, 1.14516985416, 0.351534098387, 0.0299906507134, 3.48915527866e-05, 1.35025315373e-08],
        "max": [1.97280907631, 17.2745361328, 37.9494056702, 47.8216514587, 55.6600379944, 66.0886993408, 139.892044067, 572.751525879, 458.259796143, 1303.66113281, 1532.48706055, 1896.53894043, 779.419372559, 437.667724609, 363.585571289, 1892.86181641, 1442.65588379, 1006.19714355, 582.327148438, 943.587646484, 402.91015625, 352.688232422, 534.387329102, 263.812530518, 461.21496582, 432.200897217, 142.688217163, 219.026351929, 549.204223633, 180.249481201, 82.3520278931, 31.0101699829, 21.4599075317, 16.2689552307, 10.2262859344, 4.67382240295, 2.53639411926, 0.707978665829, 0.0228431820869, 0.000482220784761],
        "mean": [0.116556093097, 1.02759766579, 3.41449522972, 4.3683795929, 5.55415296555, 5.60599517822, 4.97866678238, 10.1451854706, 18.7949752808, 22.9321212769, 32.3240089417, 32.2063713074, 14.4004650116, 15.3626194, 24.5813770294, 27.1594772339, 35.9431114197, 28.029712677, 24.9085445404, 24.4702339172, 20.5071220398, 25.8046875, 29.8956069946, 18.0324306488, 17.7060985565, 19.2408771515, 12.1447372437, 8.14001178741, 7.97186613083, 4.81745147705, 3.29757428169, 2.59712600708, 2.64462065697, 1.55704665184, 0.777361392975, 0.470720648766, 0.25723528862, 0.0722838267684, 0.00227173068561, 7.47354715713e-05],
        "median": [0.0277546066791, 0.407322108746, 2.11364245415, 3.02472305298, 3.77461409569, 3.42293405533, 1.99148654938, 3.13780355453, 4.83961343765, 4.73470544815, 2.87091708183, 2.73620009422, 1.71128499508, 2.77738547325, 4.76098108292, 4.96790361404, 6.16884469986, 4.8115363121, 6.7126326561, 7.5957942009, 8.70529460907, 12.5267810822, 13.7962636948, 10.3404817581, 8.1207036972, 8.13528060913, 6.5454583168, 3.95024776459, 3.16636943817, 2.06982779503, 1.2646112442, 0.970686554909, 0.829144060612, 0.475741118193, 0.247020691633, 0.131086558104, 0.0698648989201, 0.0166655946523, 0.000481597322505, 4.01407123718e-05],
        "min": [1.70698657786e-22, 2.05846823686e-21, 1.84600475587e-20, 2.37575060719e-20, 5.5137416865e-20, 1.01657925268e-19, 1.61025711807e-19, 5.77954609508e-19, 1.26800904582e-18, 1.42369684481e-18, 2.18957272403e-18, 1.090844743e-18, 1.66965000437e-18, 1.26424630461e-18, 3.4562910579e-18, 9.29760355651e-18, 3.62265155475e-18, 3.41236094313e-18, 7.1625825667e-18, 8.72708633468e-18, 1.2626213083e-17, 1.09186897871e-17, 1.42333811726e-17, 1.08027207196e-17, 7.60290321447e-18, 1.61169094777e-17, 1.21911847368e-17, 1.80908701305e-17, 2.00904948889e-17, 1.44232058883e-17, 1.68224416007e-17, 1.62392081313e-17, 1.54426844866e-17, 1.26651708083e-17, 7.59113739743e-18, 7.00914139025e-18, 3.3053351456e-18, 1.3163931146e-18, 3.40956507266e-19, 4.2178902324e-20],
        "stdev": [0.239867180586, 1.81538188457, 4.11784124374, 4.41817808151, 5.54361867905, 6.94668769836, 10.7477226257, 40.855922699, 38.8961296082, 70.4891433716, 88.9254150391, 99.8110580444, 42.3947257996, 39.1243476868, 48.0607376099, 90.1824874878, 105.142456055, 82.7591323853, 58.3381996155, 57.5509147644, 34.0090293884, 35.6422157288, 45.8774795532, 23.879825592, 30.7218437195, 34.1713943481, 16.4988212585, 16.1032028198, 23.2182769775, 9.82441902161, 6.19733333588, 3.97506093979, 3.64150881767, 2.35352277756, 1.13928174973, 0.73007196188, 0.402169704437, 0.11705198884, 0.00380156980827, 8.40201755636e-05],
        "var": [0.0575362630188, 3.29561138153, 16.956615448, 19.5202960968, 30.7317066193, 48.2564697266, 115.513549805, 1669.20654297, 1512.90893555, 4968.71972656, 7907.72998047, 9962.24804688, 1797.31286621, 1530.71472168, 2309.83447266, 8132.88085938, 11054.9365234, 6849.07421875, 3403.34570312, 3312.10791016, 1156.61401367, 1270.36767578, 2104.74316406, 570.246032715, 943.831665039, 1167.68408203, 272.211090088, 259.313171387, 539.088378906, 96.5192184448, 38.4069404602, 15.8011102676, 13.2605857849, 5.53906965256, 1.29796278477, 0.533005058765, 0.161740481853, 0.0137011678889, 1.44519326568e-05, 7.05938951739e-09]
    },
    "gfcc": {
        "mean": [16.4648475647, 60.6951446533, -98.6860580444, 40.977481842, -42.8854522705, 10.7321405411, -36.3933753967, 12.1003351212, -29.1286792755, 7.37433815002, -20.5034198761, 2.89678001404, -20.6707019806],
        "cov": [[4410.92626953, -524.817871094, -398.286529541, -421.724365234, -256.694580078, 96.9024429321, 28.0410766602, 182.210266113, 75.6011734009, 120.082138062, -50.3449821472, -65.6144638062, -125.195350647], [-524.817871094, 1038.83630371, -272.444946289, -133.761169434, -57.1554412842, -123.237304688, 154.569839478, 32.3997154236, 73.9463195801, 22.4043636322, 68.7937088013, -55.6703338623, 12.6685113907], [-398.286529541, -272.444946289, 661.645385742, 156.128814697, 92.1659164429, 74.2345962524, -102.47908783, -16.7882823944, -33.7106361389, -5.66049146652, 14.2850141525, 85.194770813, 21.6901531219], [-421.724365234, -133.761169434, 156.128814697, 493.356994629, 189.634307861, -9.43276596069, -104.885169983, -77.7410507202, -19.4764308929, -38.7421836853, -17.6004657745, 57.5875396729, 63.7040328979], [-256.694580078, -57.1554412842, 92.1659164429, 189.634307861, 228.91947937, 51.2479362488, -25.3051166534, -21.0254611969, -26.3950061798, -0.855831682682, -7.16237306595, 5.63195037842, 35.1393623352], [96.9024429321, -123.237304688, 74.2345962524, -9.43276596069, 51.2479362488, 190.718582153, 90.8422241211, 16.2460899353, -42.5771369934, -3.02088069916, 0.317423731089, -8.84705352783, -10.4842605591], [28.0410766602, 154.569839478, -102.47908783, -104.885169983, -25.3051166534, 90.8422241211, 212.201675415, 62.496547699, -18.1639595032, -3.96606373787, 24.628276825, -22.2968711853, -16.6481456757], [182.210266113, 32.3997154236, -16.7882823944, -77.7410507202, -21.0254611969, 16.2460899353, 62.496547699, 107.804191589, 48.4524345398, 13.5537338257, -1.48113679886, -16.4882144928, -8.23236465454], [75.6011734009, 73.9463195801, -33.7106361389, -19.4764308929, -26.3950061798, -42.5771369934, -18.1639595032, 48.4524345398, 124.953170776, 47.0931587219, -11.8631505966, -19.9248371124, -2.76375460625], [120.082138062, 22.4043636322, -5.66049146652, -38.7421836853, -0.855831682682, -3.02088069916, -3.96606373787, 13.5537338257, 47.0931587219, 80.2235717773, 26.3682365417, -16.2978897095, -6.36609745026], [-50.3449821472, 68.7937088013, 14.2850141525, -17.6004657745, -7.16237306595, 0.317423731089, 24.628276825, -1.48113679886, -11.8631505966, 26.3682365417, 72.4679412842, 27.6853904724, -2.94775700569], [-65.6144638062, -55.6703338623, 85.194770813, 57.5875396729, 5.63195037842, -8.84705352783, -22.2968711853, -16.4882144928, -19.9248371124, -16.2978897095, 27.6853904724, 74.2815628052, 25.7812404633], [-125.195350647, 12.6685113907, 21.6901531219, 63.7040328979, 35.1393623352, -10.4842605591, -16.6481456757, -8.23236465454, -2.76375460625, -6.36609745026, -2.94775700569, 25.7812404633, 62.0725364685]],
        "icov": [[0.000371726055164, 0.000123210484162, 0.000386794359656, 2.51188885159e-05, 0.000333401490934, -0.000392394664232, 0.000435914087575, -0.000865783542395, 0.000488790101372, -0.00100614165422, 0.000681078177877, -0.000712797045708, 0.000557703198865], [0.000123210484162, 0.00208002072759, 3.25898035953e-05, 0.00045165955089, -0.000418279261794, 0.00190887297504, -0.00214836164378, 0.00135204312392, -0.00214466382749, 0.0019951344002, -0.00333576905541, 0.00290580070578, -0.00174479139969], [0.000386794359656, 3.25898035953e-05, 0.00280292402022, -0.00029961054679, 0.000126209677546, -0.00210784724914, 0.0023798160255, -0.00222847866826, 0.00121257943101, -0.00181133998558, 0.00108543981332, -0.00363615015522, 0.00144679844379], [2.51188885159e-05, 0.00045165955089, -0.00029961054679, 0.00439137918875, -0.00333751947619, 0.000680261931848, -0.000156284731929, 0.00279151182622, -0.00258273631334, 0.0028026024811, -0.000576978316531, -0.00113786233123, -0.00149340636563], [0.000333401490934, -0.000418279261794, 0.000126209677546, -0.00333751947619, 0.00866430532187, -0.00299553852528, 0.00193781626876, -0.00275004282594, 0.00340646016411, -0.00356581783853, 0.00101448397618, 0.00184580788482, -0.00204937253147], [-0.000392394664232, 0.00190887297504, -0.00210784724914, 0.000680261931848, -0.00299553852528, 0.0120533267036, -0.0079462332651, 0.00279924506322, 0.000144493795233, 0.000571936019696, -0.000629691581707, 0.00347254052758, -0.000578046368901], [0.000435914087575, -0.00214836164378, 0.0023798160255, -0.000156284731929, 0.00193781626876, -0.0079462332651, 0.0138419345021, -0.00836576335132, 0.00446508917958, -0.000597118691076, -0.00115767703392, -0.00168307556305, 0.00159193109721], [-0.000865783542395, 0.00135204312392, -0.00222847866826, 0.00279151182622, -0.00275004282594, 0.00279924506322, -0.00836576335132, 0.0206271167845, -0.0117527712137, 0.00716643873602, -0.00413294648752, 0.00438777171075, -0.00339379324578], [0.000488790101372, -0.00214466382749, 0.00121257943101, -0.00258273631334, 0.00340646016411, 0.000144493795233, 0.00446508917958, -0.0117527712137, 0.0213192012161, -0.016266271472, 0.0117499371991, -0.00552454823628, 0.00351885263808], [-0.00100614165422, 0.0019951344002, -0.00181133998558, 0.0028026024811, -0.00356581783853, 0.000571936019696, -0.000597118691076, 0.00716643873602, -0.016266271472, 0.0330680310726, -0.0226252898574, 0.0159480143338, -0.00680543947965], [0.000681078177877, -0.00333576905541, 0.00108543981332, -0.000576978316531, 0.00101448397618, -0.000629691581707, -0.00115767703392, -0.00413294648752, 0.0117499371991, -0.0226252898574, 0.0369779057801, -0.0233050901443, 0.010366378352], [-0.000712797045708, 0.00290580070578, -0.00363615015522, -0.00113786233123, 0.00184580788482, 0.00347254052758, -0.00168307556305, 0.00438777171075, -0.00552454823628, 0.0159480143338, -0.0233050901443, 0.0366685986519, -0.0148672731593], [0.000557703198865, -0.00174479139969, 0.00144679844379, -0.00149340636563, -0.00204937253147, -0.000578046368901, 0.00159193109721, -0.00339379324578, 0.00351885263808, -0.00680543947965, 0.010366378352, -0.0148672731593, 0.0257835928351]]
    },
    "melbands": {
        "dmean": [0.000876838399563, 0.00121784443036, 0.000476193177747, 0.000277235725662, 0.000115122173156, 0.000141725409776, 0.00019228522433, 0.000214180268813, 0.000217133449041, 0.000162353724591, 5.25801042386e-05, 4.27385202784e-05, 5.37978849025e-05, 4.64865988761e-05, 8.40548600536e-05, 5.54442158318e-05, 3.98037918785e-05, 3.05008397845e-05, 2.97446604236e-05, 1.82250205398e-05, 1.8522989194e-05, 1.61755287991e-05, 2.18995664909e-05, 1.60003983183e-05, 8.73896169651e-06, 8.64505909703e-06, 9.49834065977e-06, 8.49372645462e-06, 5.75965350436e-06, 3.49689685208e-06, 3.10597943098e-06, 3.86277952202e-06, 3.18650540976e-06, 1.70407895439e-06, 1.54057477175e-06, 1.42462852182e-06, 1.48084222928e-06, 1.94992844627e-06, 1.67437201526e-06, 1.2922755559e-06],
        "dmean2": [0.00130452262238, 0.0020710087847, 0.000793749641161, 0.000452576088719, 0.000176643050509, 0.000226461794227, 0.00029496231582, 0.000333327421686, 0.00035779029713, 0.000258106359979, 8.36077088024e-05, 6.39438803773e-05, 8.13275910332e-05, 7.2229806392e-05, 0.000139994444908, 8.48393756314e-05, 6.07819674769e-05, 4.69916558359e-05, 4.71060448035e-05, 2.7336027415e-05, 2.94905894407e-05, 2.46905856329e-05, 3.41252671205e-05, 2.38717966567e-05, 1.32701134135e-05, 1.34884467116e-05, 1.40689080581e-05, 1.3046438653e-05, 8.64335288497e-06, 5.06446349391e-06, 4.44272200184e-06, 5.80480173085e-06, 4.8466017688e-06, 2.55763916357e-06, 2.28033491112e-06, 2.12432291846e-06, 2.22516928261e-06, 3.00572105516e-06, 2.64566938313e-06, 2.06521917789e-06],
        "dvar": [3.5446671518e-06, 3.62632817996e-06, 3.9243906258e-07, 1.15996762418e-07, 5.62240671798e-08, 2.11108243775e-07, 1.98838449705e-07, 4.11572187886e-07, 4.34704503505e-07, 4.10497278835e-07, 3.86985448131e-08, 1.35031354986e-08, 1.54913664119e-08, 2.45176181579e-08, 1.19339645721e-07, 3.82515743524e-08, 1.58160151642e-08, 6.96483981599e-09, 7.79070408186e-09, 1.41298128753e-09, 1.26737409456e-09, 7.24152571241e-10, 1.3311378666e-09, 9.37515398647e-10, 2.24264648518e-10, 3.59705321085e-10, 5.1229825937e-10, 3.37314121079e-10, 9.64915508606e-11, 2.74580219672e-11, 4.57913290619e-11, 1.71119354797e-10, 8.48058082092e-11, 1.1040386487e-11, 7.66956203407e-12, 4.99959839154e-12, 3.74697842198e-12, 5.54453922011e-12, 5.08201336916e-12, 3.64336208772e-12],
        "dvar2": [7.47248577682e-06, 8.9841805675e-06, 1.03229683646e-06, 3.01663703794e-07, 1.19354695016e-07, 4.06389830232e-07, 4.23267209726e-07, 9.12357506877e-07, 1.13750843411e-06, 1.07160497009e-06, 1.00237336653e-07, 2.94518187616e-08, 3.64131658159e-08, 6.1693931741e-08, 3.30037579488e-07, 9.28129750832e-08, 3.43137891434e-08, 1.61278386202e-08, 2.08999466622e-08, 2.98300095736e-09, 2.94672930501e-09, 1.55612378538e-09, 2.93187296663e-09, 2.01896943608e-09, 5.35147481884e-10, 8.46202941052e-10, 1.05534025963e-09, 7.79677711282e-10, 2.18918910777e-10, 4.75531593269e-11, 7.69282137991e-11, 3.84345777427e-10, 1.85001070019e-10, 2.12186795912e-11, 1.48743083822e-11, 1.03400656093e-11, 8.49277679432e-12, 1.17666744404e-11, 1.18853737616e-11, 9.01051368934e-12],
        "max": [0.0168204568326, 0.0194909591228, 0.00694157369435, 0.00408409163356, 0.00360874994658, 0.0117334062234, 0.00909557659179, 0.0120164752007, 0.0105921858922, 0.0119810476899, 0.00384616223164, 0.00170421169605, 0.0018726963317, 0.00208163284697, 0.00648237578571, 0.00292637338862, 0.00215683900751, 0.00112837622873, 0.00142756220885, 0.00058561185142, 0.000542130321264, 0.000426541402703, 0.000451517000329, 0.000502886541653, 0.000226546500926, 0.000366505380953, 0.000455877336208, 0.000251137593295, 0.000127416948089, 8.76170524862e-05, 0.000145509693539, 0.000306004658341, 0.000251214980381, 5.50734112039e-05, 5.77798382437e-05, 3.51746748493e-05, 2.10177931876e-05, 1.79138896783e-05, 1.83875963558e-05, 1.42885692185e-05],
        "mean": [0.00113163585775, 0.00162355881184, 0.000799620582256, 0.000414214329794, 0.00017969381588, 0.00023330784461, 0.000287532369839, 0.000253179750871, 0.00028084218502, 0.000188354621059, 6.55269031995e-05, 5.70090196561e-05, 8.66454720381e-05, 5.90111740166e-05, 9.69630564214e-05, 6.56946067465e-05, 4.98243025504e-05, 3.94400994992e-05, 3.64619336324e-05, 2.52176359936e-05, 2.39173696173e-05, 2.41463167185e-05, 3.1660321838e-05, 2.30024143093e-05, 1.33989842652e-05, 1.24216894619e-05, 1.42870430864e-05, 1.21577641039e-05, 8.18038279249e-06, 5.34416631126e-06, 4.43039243692e-06, 4.63902551928e-06, 3.75138756681e-06, 2.28413477998e-06, 1.92392417375e-06, 1.64180448792e-06, 1.56398630224e-06, 1.92530683307e-06, 1.59873013672e-06, 1.23184747736e-06],
        "median": [0.000335355929565, 0.00100851117168, 0.000610474904533, 0.000281984190224, 7.78423709562e-05, 7.41226685932e-05, 7.25541394786e-05, 4.16822949774e-05, 2.13364583033e-05, 1.5651467038e-05, 7.77362038207e-06, 1.00036204458e-05, 1.68612677953e-05, 1.16548881124e-05, 1.57014910656e-05, 9.8373484434e-06, 8.43872294354e-06, 1.07587202365e-05, 8.93980450201e-06, 8.30351382319e-06, 9.53999006015e-06, 1.11566769192e-05, 1.44614041346e-05, 1.06503057395e-05, 7.35207140679e-06, 5.86865235164e-06, 5.28959208168e-06, 5.04954141434e-06, 4.29404599345e-06, 2.73305658993e-06, 1.93638447854e-06, 1.80498022928e-06, 1.56070302637e-06, 9.65596882452e-07, 7.21694505046e-07, 5.71024713736e-07, 5.76154548071e-07, 6.12678775269e-07, 4.9050436246e-07, 3.64401756769e-07],
        "min": [1.87157644194e-24, 7.10147654123e-24, 5.36780718502e-24, 5.21183912887e-24, 5.18024012202e-24, 1.45195355855e-23, 1.78223447344e-23, 1.79921580883e-23, 1.56351773875e-23, 6.53873196487e-24, 8.53857837329e-24, 4.63664001653e-24, 9.03455810137e-24, 1.8949887292e-23, 2.10564425207e-23, 6.09824071287e-24, 5.60922583772e-24, 1.13015045293e-23, 8.83874310317e-24, 1.71838817385e-23, 1.45049385033e-23, 1.12888464672e-23, 1.34404953517e-23, 1.06441088716e-23, 8.90154826414e-24, 5.86205339126e-24, 5.81569479687e-24, 1.25634106095e-23, 7.43322805062e-24, 9.1067609623e-24, 1.04195485709e-23, 1.26553854801e-23, 7.59986860596e-24, 8.2631341776e-24, 1.03822141508e-23, 7.73604966403e-24, 1.08585678084e-23, 9.5214162308e-24, 1.38498873403e-23, 9.36294669672e-24],
        "stdev": [0.00218982039951, 0.00201952457428, 0.000718154304195, 0.000402009492973, 0.000316349673085, 0.000845805858262, 0.000615572265815, 0.000754822511226, 0.000714831054211, 0.000594298238866, 0.000201651739189, 0.000152471635374, 0.000179750903044, 0.000162626267411, 0.000325173663441, 0.000209559482755, 0.000153517685249, 9.77268500719e-05, 9.56153089646e-05, 5.09598503413e-05, 4.15996764787e-05, 3.68761102436e-05, 4.59913826489e-05, 3.81210375053e-05, 1.89011825569e-05, 2.14782194234e-05, 2.93657885777e-05, 2.24683335546e-05, 1.19392225315e-05, 7.93246636022e-06, 1.01257655842e-05, 1.39658086482e-05, 9.87501334748e-06, 4.39032237409e-06, 3.78380809707e-06, 3.06950232698e-06, 2.32466209127e-06, 2.69008387477e-06, 2.38759480453e-06, 1.92067386706e-06],
        "var": [4.79531308883e-06, 4.07847937822e-06, 5.15745568919e-07, 1.6161163785e-07, 1.00077109266e-07, 7.15387557193e-07, 3.78929229328e-07, 5.69757048652e-07, 5.1098345466e-07, 3.53190387159e-07, 4.06634228511e-08, 2.32476011774e-08, 3.23103854782e-08, 2.64473012379e-08, 1.05737910872e-07, 4.39151754961e-08, 2.35676775873e-08, 9.55053724994e-09, 9.1422869275e-09, 2.59690646764e-09, 1.73053316121e-09, 1.35984756788e-09, 2.11520712057e-09, 1.4532135495e-09, 3.57254698047e-10, 4.61313931499e-10, 8.62349580633e-10, 5.04826014325e-10, 1.42545045212e-10, 6.29240201611e-11, 1.0253112942e-10, 1.95043814433e-10, 9.75158842564e-11, 1.92749288752e-11, 1.43172036726e-11, 9.42184438107e-12, 5.40405350677e-12, 7.2365516357e-12, 5.70060925548e-12, 3.68898791722e-12]
    },
    "melbands128": {
