{
"lowlevel": {
    "average_loudness": 0.829585433006,
    "barkbands_crest": {
        "dmean": 2.4409365654,
        "dmean2": 3.76318669319,
        "dvar": 6.17332410812,
        "dvar2": 12.7623348236,
        "max": 25.5125827789,
        "mean": 11.5276870728,
        "median": 10.084318161,
        "min": 2.81157541275,
        "stdev": 5.33536148071,
        "var": 28.4660816193
    },
    "barkbands_flatness_db": {
        "dmean": 0.0397502779961,
        "dmean2": 0.0551858171821,
        "dvar": 0.00157563621178,
        "dvar2": 0.00281379022636,
        "max": 0.515369355679,
        "mean": 0.178455933928,
        "median": 0.157779082656,
        "min": 0.0253847949207,
        "stdev": 0.0869865939021,
        "var": 0.0075666680932
    },
    "barkbands_kurtosis": {
        "dmean": 12.3720302582,
        "dmean2": 18.8976154327,
        "dvar": 822.511413574,
        "dvar2": 1861.3527832,
        "max": 381.905761719,
        "mean": 16.6701526642,
        "median": 5.28912258148,
        "min": -1.89926505089,
        "stdev": 38.1107063293,
        "var": 1452.42602539
    },
    "barkbands_skewness": {
        "dmean": 1.03948140144,
        "dmean2": 1.50377941132,
        "dvar": 1.48391282558,
        "dvar2": 3.02118349075,
        "max": 16.5162315369,
        "mean": 2.49669957161,
        "median": 1.96184742451,
        "min": -2.14307188988,
        "stdev": 2.33099532127,
        "var": 5.43353891373
    },
    "barkbands_spread": {
        "dmean": 9.493475914,
        "dmean2": 14.8253355026,
        "dvar": 181.767105103,
        "dvar2": 385.35723877,
        "max": 104.605438232,
        "mean": 19.8804607391,
        "median": 14.3087072372,
        "min": 0.334422469139,
        "stdev": 19.5499973297,
        "var": 382.202392578
    },
    "dissonance": {
        "dmean": 0.0287761241198,
        "dmean2": 0.0466433949769,
        "dvar": 0.000957497570198,
        "dvar2": 0.0024186943192,
        "max": 0.499544262886,
        "mean": 0.446606934071,
        "median": 0.45552328229,
        "min": 0,
        "stdev": 0.0396588928998,
        "var": 0.00157282769214
    },
    "dynamic_complexity": 2.32758188248,
    "erbbands_crest": {
        "dmean": 3.1326546669,
        "dmean2": 5.12268161774,
        "dvar": 7.34452152252,
        "dvar2": 18.3559417725,
        "max": 25.4088001251,
        "mean": 9.80676555634,
        "median": 9.05083084106,
        "min": 2.76994109154,
        "stdev": 3.97602415085,
        "var": 15.8087673187
    },
    "erbbands_flatness_db": {
        "dmean": 0.0245109982789,
        "dmean2": 0.0375356711447,
        "dvar": 0.000605843146332,
        "dvar2": 0.00130232388619,
        "max": 0.298736393452,
        "mean": 0.154600411654,
        "median": 0.154841855168,
        "min": 0.0541634708643,
        "stdev": 0.0423448346555,
        "var": 0.00179308513179
    },
    "erbbands_kurtosis": {
        "dmean": 1.83278620243,
        "dmean2": 2.84423446655,
        "dvar": 4.71341705322,
        "dvar2": 10.8109283447,
        "max": 29.5283927917,
        "mean": 1.42984879017,
        "median": 0.607550859451,
        "min": -1.76896631718,
        "stdev": 2.97264719009,
        "var": 8.8366317749
    },
    "erbbands_skewness": {
        "dmean": 0.641138732433,
        "dmean2": 0.982168853283,
        "dvar": 0.394543021917,
        "dvar2": 0.891412258148,
        "max": 4.43046474457,
        "mean": 0.59284311533,
        "median": 0.623228192329,
        "min": -2.6661298275,
        "stdev": 0.995587170124,
        "var": 0.991193771362
    },
    "erbbands_spread": {
        "dmean": 14.9619941711,
        "dmean2": 23.3241558075,
        "dvar": 306.086486816,
        "dvar2": 603.767089844,
        "max": 165.497360229,
        "mean": 42.7213935852,
        "median": 35.8679885864,
        "min": 7.49729776382,
        "stdev": 27.4554786682,
        "var": 753.803344727
    },
    "hfc": {
        "dmean": 10.2674045563,
        "dmean2": 14.8151865005,
        "dvar": 179.670272827,
        "dvar2": 381.695281982,
        "max": 135.312561035,
        "mean": 21.559305191,
        "median": 17.0138702393,
        "min": 1.13543059279e-16,
        "stdev": 18.771030426,
        "var": 352.3515625
    },
    "loudness_ebu128": {
        "integrated": -8.7253742218,
        "loudness_range": 1.42527198792,
        "momentary": {
            "dmean": 0.660201072693,
            "dmean2": 0.894433498383,
            "dvar": 0.627857744694,
            "dvar2": 1.05773282051,
            "max": -5.73445415497,
            "mean": -8.95937824249,
            "median": -8.88661193848,
            "min": -18.0911273956,
            "stdev": 1.5534774065,
            "var": 2.41329216957
        },
        "short_term": {
            "dmean": 0.0828132927418,
            "dmean2": 0.102522455156,
            "dvar": 0.00426625087857,
            "dvar2": 0.00699953362346,
            "max": -7.39700174332,
            "mean": -8.70638084412,
            "median": -8.7815284729,
            "min": -9.62959384918,
            "stdev": 0.44510486722,
            "var": 0.198118343949
        }
    },
    "melbands_crest": {
        "dmean": 3.06760382652,
        "dmean2": 4.69115352631,
        "dvar": 10.2135314941,
        "dvar2": 22.4066638947,
        "max": 38.1812362671,
        "mean": 17.6408920288,
        "median": 14.5221939087,
        "min": 2.46766901016,
        "stdev": 9.23175621033,
        "var": 85.2253189087
    },
    "melbands_flatness_db": {
        "dmean": 0.0494684651494,
        "dmean2": 0.0675847604871,
        "dvar": 0.00236851605587,
        "dvar2": 0.00424875225872,
        "max": 0.648014724255,
        "mean": 0.257300794125,
        "median": 0.233373358846,
        "min": 0.00440696673468,
        "stdev": 0.107939511538,
        "var": 0.0116509385407
    },
    "melbands_kurtosis": {
        "dmean": 26.5154247284,
        "dmean2": 40.2525520325,
        "dvar": 4061.41748047,
        "dvar2": 8703.14746094,
        "max": 958.332946777,
        "mean": 41.0056304932,
        "median": 13.7120895386,
        "min": -1.79286038876,
        "stdev": 96.0426559448,
        "var": 9224.19140625
    },
    "melbands_skewness": {
        "dmean": 1.32928669453,
        "dmean2": 1.90706050396,
        "dvar": 2.79554629326,
        "dvar2": 5.55837345123,
        "max": 21.5118198395,
        "mean": 3.76592111588,
        "median": 2.91873979568,
        "min": -0.291696429253,
        "stdev": 3.24454569817,
        "var": 10.5270767212
    },
    "melbands_spread": {
        "dmean": 9.62634944916,
        "dmean2": 14.8461294174,
        "dvar": 250.198867798,
        "dvar2": 550.672424316,
        "max": 223.100112915,
        "mean": 18.8832874298,
        "median": 12.1866617203,
        "min": 0.269160091877,
        "stdev": 21.4401931763,
        "var": 459.681884766
    },
    "pitch_salience": {
        "dmean": 0.0747839584947,
        "dmean2": 0.117131464183,
        "dvar": 0.00551690720022,
        "dvar2": 0.0120293684304,
        "max": 0.877756714821,
        "mean": 0.515076458454,
        "median": 0.569407880306,
        "min": 0.106279715896,
        "stdev": 0.183490440249,
        "var": 0.0336687415838
    },
    "silence_rate_20dB": {
        "dmean": 0,
        "dmean2": 0,
        "dvar": 0,
        "dvar2": 0,
        "max": 1,
        "mean": 1,
        "median": 1,
        "min": 1,
        "stdev": 0,
        "var": 0
    },
    "silence_rate_30dB": {
        "dmean": 0.0402476787567,
        "dmean2": 0.0805577039719,
        "dvar": 0.0386280305684,
        "dvar2": 0.0818146243691,
        "max": 1,
        "mean": 0.807424604893,
        "median": 1,
        "min": 0,
        "stdev": 0.394321322441,
        "var": 0.155489310622
    },
    "silence_rate_60dB": {
        "dmean": 0.0131578948349,
        "dmean2": 0.0263361725956,
        "dvar": 0.0129848942161,
        "dvar2": 0.0302902981639,
        "max": 1,
        "mean": 0.0363495759666,
        "median": 0,
        "min": 0,
        "stdev": 0.187158733606,
        "var": 0.0350283905864
    },
    "spectral_centroid": {
        "dmean": 424.438903809,
        "dmean2": 654.846313477,
        "dvar": 325703.8125,
        "dvar2": 641617.375,
        "max": 10683.8671875,
        "mean": 1110.75158691,
        "median": 930.836425781,
        "min": 138.081573486,
        "stdev": 788.448730469,
        "var": 621651.375
    },
    "spectral_complexity": {
        "dmean": 5.20123815536,
        "dmean2": 7.23160362244,
        "dvar": 35.7830085754,
        "dvar2": 65.7953414917,
        "max": 59,
        "mean": 15.0293893814,
        "median": 13,
        "min": 0,
        "stdev": 9.48132324219,
        "var": 89.8954925537
    },
    "spectral_decrease": {
        "dmean": 3.19928283865e-09,
        "dmean2": 4.53215909246e-09,
        "dvar": 2.54411953992e-17,
        "dvar2": 4.29272955859e-17,
        "max": -1.10023358268e-28,
        "mean": -1.31060806652e-08,
        "median": -7.7768529394e-09,
        "min": -5.81729295845e-08,
        "stdev": 1.30295738643e-08,
        "var": 1.69769794532e-16
    },
    "spectral_energy": {
        "dmean": 0.0125215714797,
        "dmean2": 0.017679553479,
        "dvar": 0.000364920066204,
        "dvar2": 0.000614959746599,
        "max": 0.220789626241,
        "mean": 0.0514208748937,
        "median": 0.0319091640413,
        "min": 1.07139381384e-20,
        "stdev": 0.0492600016296,
        "var": 0.00242654769681
    },
    "spectral_energyband_high": {
        "dmean": 0.000670693523716,
        "dmean2": 0.0010457545286,
        "dvar": 1.35749803576e-06,
        "dvar2": 3.0683179375e-06,
        "max": 0.0102253593504,
        "mean": 0.000895662291441,
        "median": 0.000342261919286,
        "min": 7.86700703664e-21,
        "stdev": 0.00140636542346,
        "var": 1.97786357603e-06
    },
    "spectral_energyband_low": {
        "dmean": 0.00863184314221,
        "dmean2": 0.0119041875005,
        "dvar": 0.000399731477955,
        "dvar2": 0.000694310409017,
        "max": 0.214373141527,
        "mean": 0.0335461236537,
        "median": 0.00727973412722,
        "min": 8.54026937553e-23,
        "stdev": 0.0492862612009,
        "var": 0.00242913537659
    },
    "spectral_energyband_middle_high": {
        "dmean": 0.00288644898683,
        "dmean2": 0.0039260527119,
        "dvar": 1.68143233168e-05,
        "dvar2": 3.02452135656e-05,
        "max": 0.0411247350276,
        "mean": 0.00465229293332,
        "median": 0.00198135245591,
        "min": 1.64959302163e-21,
        "stdev": 0.00633202958852,
        "var": 4.00945973524e-05
    },
    "spectral_energyband_middle_low": {
        "dmean": 0.00673443963751,
        "dmean2": 0.0107091106474,
        "dvar": 0.000120650074678,
        "dvar2": 0.000309504830511,
        "max": 0.100992679596,
        "mean": 0.0132655892521,
        "median": 0.00981836486608,
        "min": 3.64278497495e-22,
        "stdev": 0.0124404486269,
        "var": 0.00015476475528
    },
    "spectral_entropy": {
        "dmean": 0.330835878849,
        "dmean2": 0.492263704538,
        "dvar": 0.116835661232,
        "dvar2": 0.227873817086,
        "max": 9.79307556152,
        "mean": 7.40663385391,
        "median": 7.42305421829,
        "min": 5.27819108963,
        "stdev": 0.583830833435,
        "var": 0.34085842967
    },
    "spectral_flux": {
        "dmean": 0.0385709479451,
        "dmean2": 0.0603568144143,
        "dvar": 0.00187236000784,
        "dvar2": 0.00379807269201,
        "max": 0.424228549004,
        "mean": 0.0970530584455,
        "median": 0.0841555893421,
        "min": 1.03508153437e-10,
        "stdev": 0.0665064901114,
        "var": 0.00442311353981
    },
    "spectral_kurtosis": {
        "dmean": 2.69482731819,
        "dmean2": 4.23182582855,
        "dvar": 15.3649187088,
        "dvar2": 35.8832931519,
        "max": 45.0915489197,
        "mean": 5.3793182373,
        "median": 4.04328918457,
        "min": -1.1715066433,
        "stdev": 5.347427845,
        "var": 28.5949821472
    },
    "spectral_rms": {
        "dmean": 0.00090586632723,
        "dmean2": 0.00124081445392,
        "dvar": 1.28889894313e-06,
        "dvar2": 1.84140594683e-06,
        "max": 0.0146766649559,
        "mean": 0.00631595402956,
        "median": 0.00557950651273,
        "min": 3.23305163023e-12,
        "stdev": 0.00320552755147,
        "var": 1.0275407476e-05
    },
    "spectral_rolloff": {
        "dmean": 798.780273438,
        "dmean2": 1340.24743652,
        "dvar": 2647829,
        "dvar2": 5642362.5,
        "max": 18087.890625,
        "mean": 1332.43054199,
        "median": 516.796875,
        "min": 43.06640625,
        "stdev": 2010.60913086,
        "var": 4042549.25
    },
    "spectral_skewness": {
        "dmean": 0.426846861839,
        "dmean2": 0.646794676781,
        "dvar": 0.218440949917,
        "dvar2": 0.452325105667,
        "max": 5.38997364044,
        "mean": 1.81356608868,
        "median": 1.73142588139,
        "min": 0.0183942187577,
        "stdev": 0.779888510704,
        "var": 0.608226060867
    },
    "spectral_spread": {
        "dmean": 1212508.875,
        "dmean2": 1722442.375,
        "dvar": 2.34386908774e+12,
        "dvar2": 3.30482266931e+12,
        "max": 39723140,
        "mean": 5542678,
        "median": 5010796,
        "min": 1154815.875,
        "stdev": 2591066.25,
        "var": 6.71362423194e+12
    },
    "spectral_strongpeak": {
        "dmean": 0.52207493782,
        "dmean2": 0.863705694675,
        "dvar": 1.06456255913,
        "dvar2": 2.65449666977,
        "max": 11.8635692596,
        "mean": 0.898423731327,
        "median": 0.503091514111,
        "min": 0,
        "stdev": 1.12181520462,
        "var": 1.25846946239
    },
    "zerocrossingrate": {
        "dmean": 0.0166472923011,
        "dmean2": 0.0191076435149,
        "dvar": 0.000560945423786,
        "dvar2": 0.000625922926702,
        "max": 0.484375,
        "mean": 0.0521354451776,
        "median": 0.04248046875,
        "min": 0.00146484375,
        "stdev": 0.04799958691,
        "var": 0.00230396050029
    },
    "barkbands": {
        "dmean": [0.00140442524571, 0.00763835944235, 0.00233643013053, 0.00208792695776, 0.00166363536846, 0.00185189780314, 0.00207726866938, 0.000971001281869, 0.000884537352249, 0.000742385862395, 0.000327454181388, 0.000352642615326, 0.000476458488265, 0.000557070947252, 0.000504634168465, 0.00021425014711, 0.000233271770412, 0.000325639441144, 0.000223629729589, 0.000297419232083, 0.000115973212814, 0.000126379381982, 0.000140271207783, 0.000161371615832, 0.000114801085147, 5.17625230714e-05, 3.92371748603e-06],
        "dmean2": [0.00220139278099, 0.0104167126119, 0.00406105490401, 0.00367483519949, 0.00282893958502, 0.00297301355749, 0.003214080818, 0.00159255927429, 0.00134260440245, 0.00105464842636, 0.000523009686731, 0.000556646031328, 0.000723923440091, 0.000829640484881, 0.000792369537521, 0.000329343252815, 0.000358806806616, 0.000522583024576, 0.000333996198606, 0.000519709254149, 0.000182958174264, 0.000206703683943, 0.000228465389227, 0.000250589946518, 0.000179116104846, 8.40182619868e-05, 6.75040655551e-06],
        "dvar": [1.18087400551e-05, 0.000398466014303, 7.41227559047e-05, 3.17742706102e-05, 1.00011611721e-05, 1.21535258586e-05, 1.62662490766e-05, 5.06469314132e-06, 3.25939663526e-06, 2.76774562735e-06, 9.12351140414e-07, 7.71316138071e-07, 1.05803212591e-06, 1.57124736688e-06, 1.42892986332e-06, 1.83254030617e-07, 2.86531303573e-07, 4.65041040343e-07, 2.60590979906e-07, 1.97657755052e-06, 5.15805176349e-08, 8.18667160729e-08, 7.99008859076e-08, 7.79354323299e-08, 5.55032357852e-08, 1.50961287915e-08, 2.93671170715e-10],
        "dvar2": [2.82286400761e-05, 0.000704841921106, 0.000208078723517, 9.19880840229e-05, 2.73541136266e-05, 2.91447522613e-05, 3.48375069734e-05, 1.29408435896e-05, 6.58266799292e-06, 5.19343575434e-06, 2.3464658625e-06, 1.81172504199e-06, 2.3203647288e-06, 3.17178819387e-06, 3.24133588947e-06, 4.03877123745e-07, 6.38394624275e-07, 1.12944030661e-06, 5.26975441062e-07, 5.5789041653e-06, 1.19554044886e-07, 1.89530837247e-07, 1.91484105017e-07, 1.7413798048e-07, 1.30787469743e-07, 3.92137167182e-08, 8.17501455419e-10],
        "max": [0.0685985609889, 0.203291103244, 0.081817612052, 0.0573653541505, 0.0309785418212, 0.0397048480809, 0.057722505182, 0.0251205042005, 0.0199856143445, 0.0327052175999, 0.0161983538419, 0.015677375719, 0.0114307785407, 0.0172999054193, 0.0150593109429, 0.00425244495273, 0.00663184514269, 0.00757873337716, 0.00612761313096, 0.0196581948549, 0.00387508398853, 0.00270199473016, 0.00256918231025, 0.00288226827979, 0.00226350012235, 0.00136583007406, 0.000271556084044],
        "mean": [0.00546258268878, 0.0247357580811, 0.0025782007724, 0.00243331701495, 0.00254410901107, 0.00285540358163, 0.00294578447938, 0.00103080633562, 0.00112858472858, 0.000950558634941, 0.000336897006491, 0.000356314703822, 0.00057033234043, 0.00067887181649, 0.000601262727287, 0.000247261457844, 0.000267949013505, 0.000358151912224, 0.000259139080299, 0.000247556657996, 0.00013720865536, 0.000139951705933, 0.000151006155647, 0.000205933538382, 0.000140272968565, 5.45720176888e-05, 3.10350651489e-06],
        "median": [0.000419792660978, 0.00367368082516, 0.000986201921478, 0.000973594607785, 0.00156095670536, 0.00114236597437, 0.00115313054994, 0.000279455009149, 0.000286457856419, 0.000141039301525, 7.35078283469e-05, 5.52339661226e-05, 8.03708244348e-05, 7.67402743804e-05, 6.44812535029e-05, 4.19076022808e-05, 5.03972951265e-05, 7.7170188888e-05, 5.42883499293e-05, 4.42475138698e-05, 4.13337002101e-05, 2.60217148025e-05, 3.47941931977e-05, 6.08785157965e-05, 4.18827257818e-05, 1.10408154796e-05, 1.95780813783e-07],
        "min": [1.8766899961e-23, 3.92875765538e-23, 1.45863868141e-23, 3.40679426904e-23, 9.74857582821e-23, 5.52367852683e-23, 3.60896732836e-23, 5.89462364366e-23, 7.60598480233e-23, 9.14404899734e-23, 3.25682455344e-23, 6.08186261941e-23, 6.0521945074e-23, 1.04104553712e-22, 9.05572749931e-23, 1.65671960367e-22, 4.36447027202e-22, 2.10141804021e-22, 2.11795092395e-22, 3.90229597896e-22, 3.84856887152e-22, 5.54652772517e-22, 6.15014944859e-22, 1.01182546024e-21, 1.31491172702e-21, 1.6992272915e-21, 2.28740965648e-21],
        "stdev": [0.0114215062931, 0.0409737825394, 0.00710233440623, 0.00474329479039, 0.00328724714927, 0.00468482915312, 0.00510910106823, 0.00222740531899, 0.00226541934535, 0.0022092119325, 0.000884839973878, 0.000883847184014, 0.00129694468342, 0.00165340444073, 0.0014505040599, 0.00052108138334, 0.000620658742264, 0.000745489785913, 0.000602907733992, 0.00111402198672, 0.00025940919295, 0.000312719435897, 0.000308052112814, 0.000355340685928, 0.000270271615591, 0.000122752448078, 1.38168034027e-05],
        "var": [0.000130450804136, 0.00167885073461, 5.04431554873e-05, 2.24988452828e-05, 1.08059939521e-05, 2.1947622372e-05, 2.61029126705e-05, 4.96133452543e-06, 5.13212444275e-06, 4.88061778015e-06, 7.82941754096e-07, 7.81185860887e-07, 1.68206565831e-06, 2.73374621429e-06, 2.10396206057e-06, 2.71525806284e-07, 3.85217305165e-07, 5.55755036658e-07, 3.63497719036e-07, 1.2410449699e-06, 6.72931221857e-08, 9.77934391244e-08, 9.48961087488e-08, 1.26266996858e-07, 7.30467490939e-08, 1.50681618294e-08, 1.90904056452e-10]
    },
    "erbbands": {
        "dmean": [0.369628846645, 1.42747318745, 2.54291820526, 5.01730632782, 7.02007865906, 5.20329666138, 6.23978948593, 17.5509090424, 26.4109764099, 29.1997146606, 20.7402133942, 21.7089252472, 21.0717735291, 16.6913070679, 13.1599750519, 15.0923109055, 23.2034854889, 26.2976360321, 29.6621551514, 16.9566116333, 12.0020828247, 13.1420927048, 16.6526069641, 13.4252099991, 18.1564617157, 8.66030406952, 4.90685558319, 4.53815984726, 4.73788070679, 4.25220251083, 4.00892496109, 3.25851345062, 2.88650202751, 1.58619093895, 0.690459609032, 0.277818888426, 0.092174269259, 0.0139966262504, 0.000414628681028, 2.2990800062e-05],
        "dmean2": [0.50537019968, 1.79387021065, 4.21242332458, 8.99271583557, 12.0478954315, 8.56745624542, 10.0123291016, 28.4892673492, 41.1750831604, 45.48462677, 32.868637085, 32.4413566589, 30.7855949402, 24.0879230499, 20.2861480713, 23.4329967499, 34.2933692932, 37.1686592102, 44.6407737732, 26.9793128967, 17.742609024, 19.9183578491, 26.4162101746, 20.614812851, 29.8305721283, 14.6921491623, 7.82279729843, 7.30887508392, 7.81715726852, 6.72976160049, 6.58925914764, 5.18938016891, 4.46067333221, 2.45344018936, 1.11111867428, 0.450782775879, 0.151129439473, 0.0234039202332, 0.000695970724337, 3.46829219779e-05],
        "dvar": [0.940729856491, 15.7020368576, 80.4835739136, 243.849838257, 197.108581543, 97.6305847168, 150.02532959, 1131.48352051, 3435.37304688, 4346.94091797, 2264.90283203, 2132.92285156, 1919.29638672, 2423.38818359, 1036.94104004, 1167.38085938, 2503.12158203, 3287.35839844, 4269.56152344, 2041.85180664, 533.92376709, 988.258239746, 1228.64416504, 837.393859863, 5368.51025391, 811.715820312, 112.820228577, 79.0385742188, 124.938011169, 73.55809021, 67.0015792847, 35.3313064575, 29.0710201263, 9.93629837036, 2.26997637749, 0.337777256966, 0.0700075551867, 0.00221104547381, 2.45231035478e-06, 1.58227109193e-09],
        "dvar2": [1.9162787199, 26.0502662659, 220.099197388, 706.567993164, 577.510498047, 243.212356567, 362.684112549, 2800.68383789, 7762.54541016, 8837.12402344, 5591.43408203, 4313.36425781, 3837.80761719, 4490.85205078, 2587.95288086, 2634.52490234, 5428.49072266, 6143.83691406, 9989.625, 4983.34667969, 1126.69909668, 2231.59643555, 2917.15087891, 1787.24401855, 14349.0429688, 2226.78491211, 255.07232666, 191.640563965, 296.118621826, 168.968719482, 164.760574341, 89.0389099121, 62.0182647705, 22.7374153137, 5.64760351181, 0.874060690403, 0.184795856476, 0.00599204096943, 6.79553113514e-06, 3.89324039674e-09],
        "max": [10.0559272766, 42.8500442505, 81.9317245483, 158.064590454, 136.493881226, 96.7342071533, 136.900756836, 420.12689209, 953.45916748, 897.507995605, 698.102172852, 538.370239258, 489.706970215, 1164.19116211, 482.096008301, 419.193084717, 605.762207031, 935.290100098, 927.485290527, 847.674743652, 235.093460083, 409.641876221, 414.246337891, 266.047271729, 1021.38525391, 374.307373047, 206.819061279, 84.8508987427, 126.277709961, 71.6722412109, 84.8070144653, 51.7136116028, 59.4548225403, 35.1979255676, 15.2265090942, 5.56573629379, 3.23659038544, 0.583876490593, 0.0209706425667, 0.000507829128765],
        "mean": [1.20290601254, 3.55328273773, 3.54438781738, 6.04015016556, 9.3780670166, 8.1134147644, 10.0532550812, 25.9240589142, 37.8930931091, 41.1544113159, 24.746515274, 28.9857196808, 28.0451068878, 21.1628093719, 14.4887704849, 16.384595871, 28.0838050842, 33.8889350891, 35.6432380676, 20.3128528595, 14.9007015228, 15.1778659821, 18.7573738098, 15.7599000931, 16.6387271881, 8.45466327667, 5.80458927155, 5.05682945251, 5.10690784454, 4.77995014191, 4.21668958664, 3.72543644905, 3.73400330544, 1.98132443428, 0.780797958374, 0.290551692247, 0.09511038661, 0.0135986674577, 0.000398058473365, 7.09486557753e-05],
        "median": [0.113039985299, 0.716144859791, 1.2949835062, 2.9562189579, 5.72213125229, 4.67534780502, 4.48351812363, 10.709608078, 11.0809392929, 15.2228784561, 7.64525032043, 7.21690320969, 6.43182134628, 3.69313621521, 3.47977352142, 2.50144314766, 3.70978188515, 4.46999454498, 4.19807767868, 2.98629498482, 2.62756967545, 3.13903665543, 4.30674552917, 3.09533047676, 2.8897664547, 2.06810235977, 1.7644765377, 1.31413066387, 0.868871212006, 0.955646812916, 0.969393968582, 1.0588747263, 1.15135145187, 0.638411819935, 0.189246803522, 0.0643666237593, 0.0156694706529, 0.00214762776159, 8.99742881302e-05, 5.40445471415e-05],
        "min": [9.77891163209e-22, 1.00425809049e-20, 1.66818919694e-20, 7.60339766168e-20, 1.94267205493e-19, 4.51263885384e-19, 2.09000610522e-19, 5.08191695911e-19, 3.58159563411e-19, 9.07829274711e-19, 1.77253431537e-18, 1.84063568161e-18, 2.21218184491e-18, 1.79731189023e-18, 2.3557613741e-18, 2.12624212197e-18, 3.00183410026e-18, 3.86831923359e-18, 4.54026616931e-18, 8.38991180057e-18, 1.11764185865e-17, 2.39560935254e-17, 1.43843416344e-17, 1.13117693229e-17, 1.127740245e-17, 1.82374531524e-17, 1.54101068053e-17, 1.69669814865e-17, 1.87566132116e-17, 1.71814644563e-17, 1.94607225839e-17, 2.35154941178e-17, 1.41592939139e-17, 9.44445623937e-18, 1.16272005874e-17, 7.74782691215e-18, 3.0280249132e-18, 1.27445019786e-18, 3.24802910674e-19, 3.20555461013e-20],
        "stdev": [2.08314704895, 7.31698036194, 8.73256778717, 12.6504993439, 12.951713562, 11.1561670303, 16.3931407928, 42.7053146362, 74.550201416, 81.5232543945, 51.1699752808, 58.8859786987, 58.145072937, 61.6811103821, 32.0288085938, 36.6712989807, 64.0214767456, 83.056854248, 79.2841415405, 49.619102478, 29.8120689392, 35.6251678467, 38.5333061218, 34.1349105835, 63.3203964233, 24.3702526093, 11.9026956558, 9.73476028442, 11.9344739914, 9.71977329254, 8.74603557587, 6.6676940918, 6.86037492752, 3.76015233994, 1.59386658669, 0.595148384571, 0.250950187445, 0.0413789339364, 0.00130400201306, 5.95460223849e-05],
        "var": [4.33950185776, 53.5382003784, 76.2577362061, 160.035140991, 167.746887207, 124.46005249, 268.735046387, 1823.74377441, 5557.73291016, 6646.04101562, 2618.36621094, 3467.55834961, 3380.84960938, 3804.55957031, 1025.84448242, 1344.78417969, 4098.74902344, 6898.44140625, 6285.97509766, 2462.05517578, 888.759460449, 1269.15270996, 1484.81555176, 1165.19213867, 4009.47265625, 593.909240723, 141.674163818, 94.7655487061, 142.431671143, 94.473991394, 76.4931335449, 44.4581413269, 47.064743042, 14.1387462616, 2.54041075706, 0.354201585054, 0.0629759952426, 0.00171221618075, 1.70042130776e-06, 3.54572882166e-09]
    },
    "gfcc": {
        "mean": [-6.61048841476, 95.9086151123, -84.9190063477, 32.6285438538, -60.5184402466, 17.2843761444, -42.1897277832, 16.4115447998, -19.1831512451, 7.94915676117, -8.25535583496, -2.92903184891, -10.0861692429],
        "cov": [[6131.51904297, -1582.43310547, -1042.09875488, -33.1295890808, -72.2783508301, 123.150360107, -308.547058105, 391.426177979, -189.627304077, 215.745254517, -206.909179688, 95.3077545166, -243.839370728], [-1582.43310547, 1923.99377441, 34.5379905701, -264.837493896, 354.541137695, -59.9892807007, 259.464416504, -144.162826538, 173.863388062, -179.874481201, 207.970077515, -208.896453857, 207.152893066], [-1042.09875488, 34.5379905701, 1263.97998047, 299.539611816, -25.1100978851, 171.41619873, 111.55557251, -38.5627632141, 78.1350402832, -14.833978653, -0.796223282814, 94.626411438, 38.5438079834], [-33.1295890808, -264.837493896, 299.539611816, 613.508361816, 25.4075374603, -83.7042388916, 28.4144287109, -1.29194509983, 100.528991699, 19.7649822235, 28.6132297516, 76.6529769897, 71.5522232056], [-72.2783508301, 354.541137695, -25.1100978851, 25.4075374603, 441.979187012, 50.7366905212, 58.7886772156, 34.805141449, 106.129219055, 15.8189373016, 34.3584861755, -61.4301109314, 81.1883392334], [123.150360107, -59.9892807007, 171.41619873, -83.7042388916, 50.7366905212, 329.453491211, 140.894683838, 14.4211416245, 7.52252578735, 29.458732605, 3.38223361969, -7.67448139191, -7.99463796616], [-308.547058105, 259.464416504, 111.55557251, 28.4144287109, 58.7886772156, 140.894683838, 350.877624512, -8.43880271912, 32.8147735596, 3.10979437828, 82.7864227295, 3.85549283028, 55.7836456299], [391.426177979, -144.162826538, -38.5627632141, -1.29194509983, 34.805141449, 14.4211416245, -8.43880271912, 176.833908081, 14.9485855103, 19.2839241028, 8.29293346405, 16.5734214783, 3.7692193985], [-189.627304077, 173.863388062, 78.1350402832, 100.528991699, 106.129219055, 7.52252578735, 32.8147735596, 14.9485855103, 188.888748169, 11.296377182, 23.7023353577, -16.258184433, 60.5638847351], [215.745254517, -179.874481201, -14.833978653, 19.7649822235, 15.8189373016, 29.458732605, 3.10979437828, 19.2839241028, 11.296377182, 141.777084351, -10.95911026, -1.98566877842, 0.983451366425], [-206.909179688, 207.970077515, -0.796223282814, 28.6132297516, 34.3584861755, 3.38223361969, 82.7864227295, 8.29293346405, 23.7023353577, -10.95911026, 136.604202271, 6.83620882034, 44.2620315552], [95.3077545166, -208.896453857, 94.626411438, 76.6529769897, -61.4301109314, -7.67448139191, 3.85549283028, 16.5734214783, -16.258184433, -1.98566877842, 6.83620882034, 139.642532349, -15.0750732422], [-243.839370728, 207.152893066, 38.5438079834, 71.5522232056, 81.1883392334, -7.99463796616, 55.7836456299, 3.7692193985, 60.5638847351, 0.983451366425, 44.2620315552, -15.0750732422, 122.630645752]],
        "icov": [[0.000314569595503, 6.14417876932e-06, 0.000328851572704, -0.000255469756667, -8.87896749191e-06, -0.000391808047425, 0.000195060885744, -0.000569674535654, 0.000190498583834, -0.000242805923335, 0.000297114776913, -0.000209928621189, 0.000344744912582], [6.14417876932e-06, 0.00225286651403, -0.000558924453799, 0.00175413826946, -0.00110214529559, 0.001637157402, -0.001225745189, 0.00155719777104, -0.00127845501993, 0.00212577893399, -0.00207045744173, 0.00203701690771, -0.00168305123225], [0.000328851572704, -0.000558924453799, 0.00159263517708, -0.00124842242803, 0.000432936561992, -0.00161467504222, 0.000505440286361, -0.000690819695592, 0.000240135879721, -0.000455257191788, 0.00108873529825, -0.00125578022562, 0.00056303141173], [-0.000255469756667, 0.00175413826946, -0.00124842242803, 0.00401656329632, -0.000907664129045, 0.00261818571016, -0.0013219154207, 0.00176142842975, -0.00202975398861, 0.00131381559186, -0.00185631471686, 0.000629686983302, -0.00236420263536], [-8.87896749191e-06, -0.00110214529559, 0.000432936561992, -0.000907664129045, 0.00358572532423, -0.00130462937523, 0.000564365880564, -0.00123422313482, -0.000544823589735, -0.00107116182335, 0.000882652762812, 2.53124017036e-05, -0.00047793838894], [-0.000391808047425, 0.001637157402, -0.00161467504222, 0.00261818571016, -0.00130462937523, 0.00645076856017, -0.00310530164279, 0.00135441112798, -0.00124861486256, 0.00085919816047, -0.00129519915208, 0.00194528175052, -0.000593161443248], [0.000195060885744, -0.001225745189, 0.000505440286361, -0.0013219154207, 0.000564365880564, -0.00310530164279, 0.00517621822655, -0.000705193611793, 0.000878356513567, -0.00120531604625, -0.000850853160955, -0.00145291525405, -0.000133776004077], [-0.000569674535654, 0.00155719777104, -0.000690819695592, 0.00176142842975, -0.00123422313482, 0.00135441112798, -0.000705193611793, 0.00825735926628, -0.00168210850097, 0.0012385022128, -0.00244538136758, 0.00053412374109, -0.00183233851567], [0.000190498583834, -0.00127845501993, 0.000240135879721, -0.00202975398861, -0.000544823589735, -0.00124861486256, 0.000878356513567, -0.00168210850097, 0.0081900106743, -0.00163591676392, 0.00117124652024, -0.000451552099548, -0.000931261514779], [-0.000242805923335, 0.00212577893399, -0.000455257191788, 0.00131381559186, -0.00107116182335, 0.00085919816047, -0.00120531604625, 0.0012385022128, -0.00163591676392, 0.0097541352734, -0.00140206341166, 0.00220550177619, -0.00191494845785], [0.000297114776913, -0.00207045744173, 0.00108873529825, -0.00185631471686, 0.000882652762812, -0.00129519915208, -0.000850853160955, -0.00244538136758, 0.00117124652024, -0.00140206341166, 0.0118042407557, -0.00291024311446, -0.000562943343539], [-0.000209928621189, 0.00203701690771, -0.00125578022562, 0.000629686983302, 2.53124017036e-05, 0.00194528175052, -0.00145291525405, 0.00053412374109, -0.000451552099548, 0.00220550177619, -0.00291024311446, 0.0110227186233, -0.000465813762276], [0.000344744912582, -0.00168305123225, 0.00056303141173, -0.00236420263536, -0.00047793838894, -0.000593161443248, -0.000133776004077, -0.00183233851567, -0.000931261514779, -0.00191494845785, -0.000562943343539, -0.000465813762276, 0.0139017673209]]
    },
    "melbands": {
        "dmean": [0.00258828001097, 0.0012261866359, 0.000874763005413, 0.000415961869294, 0.000205598465982, 0.000392985035433, 0.000409891450545, 0.000285920425085, 0.000169327759068, 0.000125138481962, 0.000106907929876, 7.22312834114e-05, 4.63144533569e-05, 4.18650161009e-05, 4.4578438974e-05, 4.51215310022e-05, 5.22268637724e-05, 4.93938678119e-05, 3.08031230816e-05, 1.75631903403e-05, 1.37267343234e-05, 1.42408862303e-05, 1.41352857099e-05, 1.66624413396e-05, 1.0621466572e-05, 1.00530123746e-05, 1.62677770277e-05, 3.58038573722e-06, 3.29217368744e-06, 2.73954310614e-06, 2.64221148427e-06, 2.74250737675e-06, 2.57251736002e-06, 2.43896715801e-06, 2.36654409491e-06, 2.2357967282e-06, 1.98303519028e-06, 2.215189852e-06, 1.74974820766e-06, 1.28044575831e-06],
        "dmean2": [0.0035272531677, 0.00180855789222, 0.00155250029638, 0.000702297955286, 0.000324542605085, 0.000630750029813, 0.000632778799627, 0.000449981744168, 0.000261414970737, 0.000189921353012, 0.000157462709467, 0.000104435901449, 7.29982057237e-05, 6.56298434478e-05, 6.78632059135e-05, 6.88692598487e-05, 7.52267151256e-05, 7.59143294999e-05, 5.01479189552e-05, 2.70572163572e-05, 2.05535270652e-05, 2.18980403588e-05, 2.23638107855e-05, 2.70440868917e-05, 1.63340137078e-05, 1.51563590407e-05, 2.88223091047e-05, 5.88670263824e-06, 5.31871910425e-06, 4.27086433774e-06, 4.38600091002e-06, 4.50400648333e-06, 4.08831601817e-06, 3.8723878788e-06, 3.87430827686e-06, 3.71634200746e-06, 3.15188981403e-06, 3.4433055589e-06, 2.71504154625e-06, 1.99615919882e-06],
        "dvar": [4.40452386101e-05, 1.32429468067e-05, 6.30331351203e-06, 6.290669603e-07, 1.41291153e-07, 5.55784993139e-07, 7.33728825253e-07, 4.05020159633e-07, 1.30038372959e-07, 7.02382791928e-08, 5.05023933783e-08, 4.69775969236e-08, 1.56050994349e-08, 1.22334036234e-08, 8.44807512834e-09, 9.68482005703e-09, 1.45942733454e-08, 1.17056480065e-08, 5.85718007429e-09, 1.70686165202e-09, 7.27831961367e-10, 1.41412170862e-09, 9.12574016354e-10, 1.44969158899e-09, 5.46374667731e-10, 7.08739400501e-10, 7.64214291848e-09, 6.95142346463e-11, 5.47300121889e-11, 3.00357134997e-11, 3.1559362762e-11, 4.67074018351e-11, 3.17422442497e-11, 2.36887957167e-11, 2.33828772317e-11, 2.53556464019e-11, 1.24159111811e-11, 1.69596038602e-11, 1.25200804585e-11, 6.68062046655e-12],
        "dvar2": [8.19366978249e-05, 3.02325206576e-05, 1.81633477041e-05, 1.73818284566e-06, 3.33163910682e-07, 1.35152333769e-06, 1.61951152222e-06, 8.47145088301e-07, 3.11612723181e-07, 1.41144710142e-07, 1.0203826406e-07, 8.55373940567e-08, 3.94323649289e-08, 2.94671895773e-08, 1.85892687909e-08, 2.10701216474e-08, 2.67472994864e-08, 2.7722652618e-08, 1.42316309848e-08, 3.85590182006e-09, 1.57311919047e-09, 3.28668092742e-09, 2.0499104636e-09, 3.6171960982e-09, 1.18161558316e-09, 1.56570201248e-09, 2.15109299262e-08, 1.81578460601e-10, 1.31621713528e-10, 6.37593450259e-11, 7.68973010268e-11, 1.13222965725e-10, 7.53225537498e-11, 5.40838727969e-11, 5.75755901289e-11, 6.67458102677e-11, 3.11435321976e-11, 3.71622975448e-11, 2.85899012797e-11, 1.56502553972e-11],
        "max": [0.0677349418402, 0.0342659726739, 0.0252220369875, 0.00757144065574, 0.00401247199625, 0.00886280089617, 0.0135819269344, 0.00835689064115, 0.00536043476313, 0.00289808260277, 0.00239753094502, 0.00523766269907, 0.00235393340699, 0.00208266894333, 0.000795315136202, 0.00133919715881, 0.00197144178674, 0.00138949148823, 0.00113465869799, 0.000723296485376, 0.000266074173851, 0.000552729004994, 0.000398774951464, 0.000530956080183, 0.000261311652139, 0.000298224331345, 0.00121043645777, 0.000130237327539, 0.000107791966002, 0.000120729797345, 5.8426776377e-05, 8.74246907188e-05, 5.3507170378e-05, 4.61273884866e-05, 5.95290985075e-05, 4.88307596243e-05, 3.45069092873e-05, 5.03845694766e-05, 4.89118101541e-05, 2.79165251413e-05],
        "mean": [0.00872289668769, 0.00270845415071, 0.00114980677608, 0.000629190471955, 0.000348792702425, 0.000593092874624, 0.000592421565671, 0.000388006796129, 0.000204119234695, 0.000164284065249, 0.000139181371196, 9.07850189833e-05, 4.97722103319e-05, 4.33297609561e-05, 5.13174454682e-05, 5.52231722395e-05, 6.48576242384e-05, 5.73249053559e-05, 3.55218544428e-05, 2.10306789086e-05, 1.64004650287e-05, 1.5904659449e-05, 1.58427010319e-05, 1.74926171894e-05, 1.20433669508e-05, 1.08169815576e-05, 1.26579197968e-05, 3.94499784306e-06, 3.66084941561e-06, 3.25845348925e-06, 2.73355863101e-06, 2.77994263342e-06, 2.8624085644e-06, 2.64330151367e-06, 2.41164548243e-06, 2.28200565289e-06, 2.28730687013e-06, 2.78175616586e-06, 2.15416162064e-06, 1.5241772644e-06],
        "median": [0.00104769377504, 0.00090631673811, 0.000644957297482, 0.000389028195059, 0.000178318688995, 0.000238629407249, 0.000195854430785, 0.000144916848512, 5.7583412854e-05, 4.14618116338e-05, 2.87839011435e-05, 1.44870518852e-05, 1.28156443679e-05, 7.15037731425e-06, 6.22981679044e-06, 7.62869785831e-06, 7.49792707211e-06, 6.10664301348e-06, 4.26640553997e-06, 2.89971762868e-06, 2.67650943897e-06, 2.89070840154e-06, 3.16674004353e-06, 3.53009613718e-06, 2.14410965782e-06, 1.98556699615e-06, 1.81250049991e-06, 1.02094065824e-06, 9.20407501326e-07, 9.29529846871e-07, 5.5715901226e-07, 3.80632627639e-07, 5.24143217717e-07, 4.60299048655e-07, 4.5565039386e-07, 5.49061724087e-07, 6.1367836679e-07, 8.0321956375e-07, 6.32572039194e-07, 4.37848768797e-07],
        "min": [1.28515112895e-23, 1.07360379883e-23, 1.54220776581e-23, 2.45465698469e-23, 9.46414887339e-24, 1.10616426936e-23, 6.4378859589e-24, 1.00433755151e-23, 1.62617191175e-23, 9.79544047687e-24, 1.19811665748e-23, 8.83463550444e-24, 6.28583696372e-24, 7.08647713998e-24, 7.1639164596e-24, 5.24922482489e-24, 7.36495923902e-24, 7.10398433005e-24, 9.97429812105e-24, 1.14747162959e-23, 1.37254255998e-23, 2.71179108769e-23, 1.44238404468e-23, 1.2278250014e-23, 8.82769589506e-24, 6.83921184468e-24, 1.15615793479e-23, 1.21899386134e-23, 8.75432788657e-24, 9.82867991997e-24, 9.98714156544e-24, 1.03413409007e-23, 1.17417725336e-23, 8.69619435988e-24, 1.15492005426e-23, 1.10586947204e-23, 1.57662560933e-23, 9.84715740895e-24, 8.13847443305e-24, 7.75856138768e-24],
        "stdev": [0.0143616637215, 0.00554479798302, 0.00209335936233, 0.000816386658698, 0.000510043348186, 0.000981636461802, 0.00110450945795, 0.000768261554185, 0.000407726707635, 0.000333472416969, 0.000295381469186, 0.000273851212114, 0.000119834148791, 0.000109849504952, 0.000112940062536, 0.000125391103211, 0.000171602296177, 0.000127911931486, 8.72422315297e-05, 4.81076822325e-05, 3.36792400049e-05, 4.15833637817e-05, 3.33959542331e-05, 3.99145901611e-05, 2.71122771665e-05, 2.89165309368e-05, 6.88465224812e-05, 8.12639063952e-06, 7.82882852945e-06, 6.78156175127e-06, 5.86942996961e-06, 7.05163438397e-06, 6.27294548394e-06, 5.50063532501e-06, 5.18066781297e-06, 4.94802316098e-06, 4.03239482694e-06, 5.18298156749e-06, 4.1698062887e-06, 3.01180466522e-06],
        "var": [0.000206257376703, 3.07447844534e-05, 4.38215329268e-06, 6.66487153467e-07, 2.60144190634e-07, 9.63610091276e-07, 1.21994105484e-06, 5.90225795349e-07, 1.66241079569e-07, 1.11203853237e-07, 8.72502070592e-08, 7.49944817358e-08, 1.43602232328e-08, 1.20669136905e-08, 1.2755457135e-08, 1.57229287367e-08, 2.94473476714e-08, 1.63614632953e-08, 7.61120677595e-09, 2.31434915676e-09, 1.13429110549e-09, 1.72917613561e-09, 1.11528974944e-09, 1.59317459225e-09, 7.3507555598e-10, 8.36165803264e-10, 4.7398436287e-09, 6.60382304396e-11, 6.12905629027e-11, 4.59895801996e-11, 3.44502100458e-11, 4.97255500664e-11, 3.93498428286e-11, 3.02569878874e-11, 2.6839317227e-11, 2.44829313073e-11, 1.62602067227e-11, 2.68632963096e-11, 1.73872860554e-11, 9.07096793512e-12]
    },
    "melbands128": {
