{
"lowlevel": {
    "average_loudness": 0.971827745438,
    "barkbands_crest": {
        "dmean": 3.2611644268,
        "dmean2": 4.78913021088,
        "dvar": 8.98868751526,
        "dvar2": 16.5267543793,
        "max": 24.638174057,
        "mean": 11.0870304108,
        "median": 9.96589851379,
        "min": 2.03904008865,
        "stdev": 4.85305309296,
        "var": 23.5521221161
    },
    "barkbands_flatness_db": {
        "dmean": 0.0305115021765,
        "dmean2": 0.0427790954709,
        "dvar": 0.000950303801801,
        "dvar2": 0.001891347114,
        "max": 0.388826072216,
        "mean": 0.160904094577,
        "median": 0.148137226701,
        "min": 0.027092481032,
        "stdev": 0.071938700974,
        "var": 0.00517517700791
    },
    "barkbands_kurtosis": {
        "dmean": 4.44926786423,
        "dmean2": 6.93535757065,
        "dvar": 53.8673934937,
        "dvar2": 127.626358032,
        "max": 77.3598861694,
        "mean": 5.58457040787,
        "median": 2.80135822296,
        "min": -1.94585371017,
        "stdev": 8.83759498596,
        "var": 78.1030807495
    },
    "barkbands_skewness": {
        "dmean": 0.790023446083,
        "dmean2": 1.13863921165,
        "dvar": 0.72191119194,
        "dvar2": 1.56140804291,
        "max": 7.54453039169,
        "mean": 1.69214391708,
        "median": 1.47742128372,
        "min": -3.71641516685,
        "stdev": 1.34905481339,
        "var": 1.81994903088
    },
    "barkbands_spread": {
        "dmean": 8.00709152222,
        "dmean2": 12.1054029465,
        "dvar": 118.767501831,
        "dvar2": 245.288146973,
        "max": 108.36403656,
        "mean": 22.9833946228,
        "median": 18.9634647369,
        "min": 1.48278450966,
        "stdev": 18.5125484467,
        "var": 342.714477539
    },
    "dissonance": {
        "dmean": 0.0253184325993,
        "dmean2": 0.0410706177354,
        "dvar": 0.000620862119831,
        "dvar2": 0.00169079529587,
        "max": 0.499954015017,
        "mean": 0.450198799372,
        "median": 0.462081372738,
        "min": 0.233841121197,
        "stdev": 0.0421684458852,
        "var": 0.00177817780059
    },
    "dynamic_complexity": 2.67493605614,
    "erbbands_crest": {
        "dmean": 3.06333565712,
        "dmean2": 4.93841648102,
        "dvar": 7.76208209991,
        "dvar2": 19.9561214447,
        "max": 26.6523857117,
        "mean": 9.73468875885,
        "median": 8.98967838287,
        "min": 2.43752098083,
        "stdev": 4.5848903656,
        "var": 21.0212211609
    },
    "erbbands_flatness_db": {
        "dmean": 0.0210592597723,
        "dmean2": 0.0300711877644,
        "dvar": 0.000417386414483,
        "dvar2": 0.000864670786541,
        "max": 0.425225764513,
        "mean": 0.16835257411,
        "median": 0.146415144205,
        "min": 0.0596375949681,
        "stdev": 0.082978643477,
        "var": 0.00688545498997
    },
    "erbbands_kurtosis": {
        "dmean": 1.49762058258,
        "dmean2": 2.36979317665,
        "dvar": 4.67336368561,
        "dvar2": 11.2451457977,
        "max": 25.8629264832,
        "mean": 1.39952600002,
        "median": 0.48761177063,
        "min": -1.75772738457,
        "stdev": 3.00134134293,
        "var": 9.0080499649
    },
    "erbbands_skewness": {
        "dmean": 0.464500129223,
        "dmean2": 0.706848025322,
        "dvar": 0.24767832458,
        "dvar2": 0.527684032917,
        "max": 3.66558790207,
        "mean": 0.490431398153,
        "median": 0.456730872393,
        "min": -4.35017728806,
        "stdev": 0.915250003338,
        "var": 0.837682545185
    },
    "erbbands_spread": {
        "dmean": 12.3167924881,
        "dmean2": 18.8266277313,
        "dvar": 235.301498413,
        "dvar2": 520.928039551,
        "max": 153.852554321,
        "mean": 41.2513198853,
        "median": 36.1074676514,
        "min": 2.9578473568,
        "stdev": 28.1821422577,
        "var": 794.233093262
    },
    "hfc": {
        "dmean": 10.5017690659,
        "dmean2": 13.8771934509,
        "dvar": 256.484069824,
        "dvar2": 489.021148682,
        "max": 164.984695435,
        "mean": 23.430688858,
        "median": 16.4828643799,
        "min": 1.19263430113e-16,
        "stdev": 24.6579170227,
        "var": 608.012878418
    },
    "loudness_ebu128": {
        "integrated": -7.71027755737,
        "loudness_range": 4.32852697372,
        "momentary": {
            "dmean": 0.861165523529,
            "dmean2": 1.02740514278,
            "dvar": 0.598120748997,
            "dvar2": 0.849296450615,
            "max": -4.23996543884,
            "mean": -8.40969562531,
            "median": -7.70624685287,
            "min": -18.3188591003,
            "stdev": 2.77824378014,
            "var": 7.7186384201
        },
        "short_term": {
            "dmean": 0.125090435147,
            "dmean2": 0.117450550199,
            "dvar": 0.0185310263187,
            "dvar2": 0.0135950604454,
            "max": -5.58488941193,
            "mean": -8.12489509583,
            "median": -7.84674501419,
            "min": -14.9732265472,
            "stdev": 1.79169809818,
            "var": 3.21018195152
        }
    },
    "melbands_crest": {
        "dmean": 3.80843687057,
        "dmean2": 5.80321788788,
        "dvar": 12.6250543594,
        "dvar2": 28.9080238342,
        "max": 32.385799408,
        "mean": 15.0138139725,
        "median": 13.9891967773,
        "min": 4.09488248825,
        "stdev": 6.00443649292,
        "var": 36.0532569885
    },
    "melbands_flatness_db": {
        "dmean": 0.0382676869631,
        "dmean2": 0.0523824766278,
        "dvar": 0.00158519530669,
        "dvar2": 0.00293587357737,
        "max": 0.469357997179,
        "mean": 0.226118147373,
        "median": 0.218513414264,
        "min": 0.0112009961158,
        "stdev": 0.0787813365459,
        "var": 0.00620649848133
    },
    "melbands_kurtosis": {
        "dmean": 12.6451683044,
        "dmean2": 19.5119819641,
        "dvar": 459.661956787,
        "dvar2": 1102.67944336,
        "max": 224.86920166,
        "mean": 18.6699352264,
        "median": 8.17497253418,
        "min": -1.90871798992,
        "stdev": 27.1419296265,
        "var": 736.684387207
    },
    "melbands_skewness": {
        "dmean": 1.12478339672,
        "dmean2": 1.65909516811,
        "dvar": 1.64353919029,
        "dvar2": 3.58083939552,
        "max": 13.1459321976,
        "mean": 2.89550733566,
        "median": 2.32113814354,
        "min": -1.17187786102,
        "stdev": 2.23324894905,
        "var": 4.98740053177
    },
    "melbands_spread": {
        "dmean": 9.87060642242,
        "dmean2": 14.4376373291,
        "dvar": 302.625579834,
        "dvar2": 555.391296387,
        "max": 269.90524292,
        "mean": 22.514919281,
        "median": 15.7652330399,
        "min": 1.17087173462,
        "stdev": 25.2274341583,
        "var": 636.423461914
    },
    "pitch_salience": {
        "dmean": 0.0903033986688,
        "dmean2": 0.133428290486,
        "dvar": 0.0072707994841,
        "dvar2": 0.0149500286207,
        "max": 0.85741263628,
        "mean": 0.511619329453,
        "median": 0.517889559269,
        "min": 0.109960570931,
        "stdev": 0.136724576354,
        "var": 0.0186936091632
    },
    "silence_rate_20dB": {
        "dmean": 0,
        "dmean2": 0,
        "dvar": 0,
        "dvar2": 0,
        "max": 1,
        "mean": 1,
        "median": 1,
        "min": 1,
        "stdev": 0,
        "var": 0
    },
    "silence_rate_30dB": {
        "dmean": 0.0448916405439,
        "dmean2": 0.0898528248072,
        "dvar": 0.0428761094809,
        "dvar2": 0.108114421368,
        "max": 1,
        "mean": 0.96674400568,
        "median": 1,
        "min": 0,
        "stdev": 0.179304882884,
        "var": 0.0321502424777
    },
    "silence_rate_60dB": {
        "dmean": 0.0294117648154,
        "dmean2": 0.0580945014954,
        "dvar": 0.028547283262,
        "dvar2": 0.0671116262674,
        "max": 1,
        "mean": 0.0618716180325,
        "median": 0,
        "min": 0,
        "stdev": 0.240924596786,
        "var": 0.0580446645617
    },
    "spectral_centroid": {
        "dmean": 339.617797852,
        "dmean2": 492.200561523,
        "dvar": 233243.140625,
        "dvar2": 388063.46875,
        "max": 10560.2890625,
        "mean": 1329.8416748,
        "median": 1156.41381836,
        "min": 234.431533813,
        "stdev": 763.109069824,
        "var": 582335.4375
    },
    "spectral_complexity": {
        "dmean": 4.76006174088,
        "dmean2": 6.61502695084,
        "dvar": 40.4747047424,
        "dvar2": 67.4405059814,
        "max": 61,
        "mean": 17.1144618988,
        "median": 13,
        "min": 0,
        "stdev": 11.7289800644,
        "var": 137.568969727
    },
    "spectral_decrease": {
        "dmean": 3.09489123218e-09,
        "dmean2": 4.30101732007e-09,
        "dvar": 1.99652597441e-17,
        "dvar2": 3.81975628701e-17,
        "max": -4.93540793664e-29,
        "mean": -8.34593283372e-09,
        "median": -6.45718811754e-09,
        "min": -3.96250392498e-08,
        "stdev": 7.54350804044e-09,
        "var": 5.6904513812e-17
    },
    "spectral_energy": {
        "dmean": 0.0121634844691,
        "dmean2": 0.0167995821685,
        "dvar": 0.000293902005069,
        "dvar2": 0.000554134370759,
        "max": 0.154965266585,
        "mean": 0.0336247496307,
        "median": 0.0259899031371,
        "min": 1.10038164755e-20,
        "stdev": 0.0296946335584,
        "var": 0.000881771207787
    },
    "spectral_energyband_high": {
        "dmean": 0.000756481138524,
        "dmean2": 0.00101277825888,
        "dvar": 1.78452592081e-06,
        "dvar2": 3.36301081916e-06,
        "max": 0.0127510586753,
        "mean": 0.0013063645456,
        "median": 0.000526124087628,
        "min": 8.04778719796e-21,
        "stdev": 0.00200623460114,
        "var": 4.02497698815e-06
    },
    "spectral_energyband_low": {
        "dmean": 0.00956617482007,
        "dmean2": 0.0141282333061,
        "dvar": 0.000310668372549,
        "dvar2": 0.000634886790067,
        "max": 0.137014001608,
        "mean": 0.017686355859,
        "median": 0.00852978602052,
        "min": 2.41897696372e-22,
        "stdev": 0.0245920438319,
        "var": 0.000604768574703
    },
    "spectral_energyband_middle_high": {
        "dmean": 0.00308207748458,
        "dmean2": 0.00461190845817,
        "dvar": 2.95961654047e-05,
        "dvar2": 6.60147052258e-05,
        "max": 0.056302651763,
        "mean": 0.00552781997249,
        "median": 0.00257209292613,
        "min": 1.56426417157e-21,
        "stdev": 0.00758688012138,
        "var": 5.7560748246e-05
    },
    "spectral_energyband_middle_low": {
        "dmean": 0.00478304736316,
        "dmean2": 0.00759597308934,
        "dvar": 5.02732364112e-05,
        "dvar2": 0.000130769461975,
        "max": 0.0708335638046,
        "mean": 0.00991530902684,
        "median": 0.0079750996083,
        "min": 2.30174163092e-22,
        "stdev": 0.00858188327402,
        "var": 7.36487127142e-05
    },
    "spectral_entropy": {
        "dmean": 0.224386259913,
        "dmean2": 0.302784621716,
        "dvar": 0.0602919235826,
        "dvar2": 0.107701532543,
        "max": 9.79726028442,
        "mean": 7.53391599655,
        "median": 7.6380147934,
        "min": 5.64588975906,
        "stdev": 0.630080342293,
        "var": 0.397001206875
    },
    "spectral_flux": {
        "dmean": 0.0337468534708,
        "dmean2": 0.0489431284368,
        "dvar": 0.00123592210002,
        "dvar2": 0.00241866591386,
        "max": 0.364751815796,
        "mean": 0.0992857515812,
        "median": 0.0837725326419,
        "min": 1.04899075537e-10,
        "stdev": 0.0644919425249,
        "var": 0.00415921024978
    },
    "spectral_kurtosis": {
        "dmean": 2.50546336174,
        "dmean2": 4.10690307617,
        "dvar": 21.0500888824,
        "dvar2": 60.6063613892,
        "max": 48.987903595,
        "mean": 5.40517282486,
        "median": 2.93041229248,
        "min": -1.52572739124,
        "stdev": 7.5396156311,
        "var": 56.8458061218
    },
    "spectral_rms": {
        "dmean": 0.000973757414613,
        "dmean2": 0.0013184734853,
        "dvar": 1.28043325276e-06,
        "dvar2": 2.20648144023e-06,
        "max": 0.012295756489,
        "mean": 0.00519208610058,
        "median": 0.00503547443077,
        "min": 3.27649669549e-12,
        "stdev": 0.00241803890094,
        "var": 5.84691179029e-06
    },
    "spectral_rolloff": {
        "dmean": 715.746948242,
        "dmean2": 1178.5723877,
        "dvar": 2336964.25,
        "dvar2": 4643898,
        "max": 18540.0878906,
        "mean": 1462.97241211,
        "median": 904.39453125,
        "min": 64.599609375,
        "stdev": 1986.70593262,
        "var": 3947000.5
    },
    "spectral_skewness": {
        "dmean": 0.330909669399,
        "dmean2": 0.501372098923,
        "dvar": 0.156842678785,
        "dvar2": 0.365244030952,
        "max": 5.36013793945,
        "mean": 1.59057128429,
        "median": 1.44047892094,
        "min": -0.348336935043,
        "stdev": 0.75414121151,
        "var": 0.568728983402
    },
    "spectral_spread": {
        "dmean": 852915.9375,
        "dmean2": 1166426.875,
        "dvar": 2.33115589018e+12,
        "dvar2": 3.38059277107e+12,
        "max": 40885528,
        "mean": 5380018,
        "median": 5021418,
        "min": 1098941.125,
        "stdev": 2852137,
        "var": 8.13468536013e+12
    },
    "spectral_strongpeak": {
        "dmean": 0.53369551897,
        "dmean2": 0.919080555439,
        "dvar": 0.875483930111,
        "dvar2": 2.45028662682,
        "max": 8.61085605621,
        "mean": 0.829024136066,
        "median": 0.481108099222,
        "min": 4.37828573396e-09,
        "stdev": 0.969001889229,
        "var": 0.938964664936
    },
    "zerocrossingrate": {
        "dmean": 0.0160169098526,
        "dmean2": 0.0176949948072,
        "dvar": 0.000628098088782,
        "dvar2": 0.000632550974842,
        "max": 0.48486328125,
        "mean": 0.0619917027652,
        "median": 0.048828125,
        "min": 0.00390625,
        "stdev": 0.0489717237651,
        "var": 0.00239822990261
    },
    "barkbands": {
        "dmean": [0.000194569496671, 0.0074851308018, 0.00404192088172, 0.00147043471225, 0.00151798862498, 0.00103182846215, 0.000725080724806, 0.00105769804213, 0.000977346324362, 0.000503692543134, 0.000719700823538, 0.000446154474048, 0.000774736574385, 0.000592792872339, 0.000486178760184, 0.000222790971748, 0.000181063864147, 0.00017098414537, 0.000206420038012, 0.000198328649276, 0.000179271068191, 0.000166128898854, 0.000128236046294, 0.000144444449688, 0.00013773504179, 3.65602136299e-05, 2.87094940177e-06],
        "dmean2": [0.000307884387439, 0.0106083545834, 0.0069937244989, 0.00260117719881, 0.00244576437399, 0.00160716602113, 0.00116021581925, 0.00164141552523, 0.00154374132399, 0.000833374855574, 0.00112328573596, 0.000715761852916, 0.00129250460304, 0.000967277563177, 0.000773381965701, 0.000332310359227, 0.000290504249278, 0.000264113157755, 0.000327173213009, 0.000317457626807, 0.000261445326032, 0.000248584634392, 0.00017656662385, 0.000200976559427, 0.000195807559066, 5.23125527252e-05, 4.19921661887e-06],
        "dvar": [1.71217649836e-07, 0.000190297840163, 9.89970285445e-05, 1.57486792887e-05, 7.28564373276e-06, 3.3479150261e-06, 1.76641685812e-06, 3.65979758499e-06, 4.20565947934e-06, 7.2734854939e-07, 3.78603613171e-06, 1.20155368677e-06, 3.72483873434e-06, 1.95707752937e-06, 1.28101260088e-06, 2.69234391226e-07, 2.19042433969e-07, 1.15065034834e-07, 2.07764244919e-07, 1.31578318019e-07, 1.27759463453e-07, 1.4035775564e-07, 8.252582262e-08, 7.91797631905e-08, 9.30517174424e-08, 9.47066514101e-09, 7.03603703078e-11],
        "dvar2": [4.04280598332e-07, 0.000342033745255, 0.000267442141194, 4.4402997446e-05, 1.89981001313e-05, 7.24119445294e-06, 4.07655625168e-06, 7.8453686001e-06, 9.87850489764e-06, 1.87913087757e-06, 9.36698961596e-06, 2.76875562122e-06, 1.00050392575e-05, 5.02548255099e-06, 3.03850129058e-06, 5.8903418676e-07, 5.40750249911e-07, 2.57044490581e-07, 5.13543739089e-07, 3.1899733699e-07, 3.01724440988e-07, 3.18522069165e-07, 1.56173683763e-07, 1.52155777755e-07, 1.88017963865e-07, 1.99326155581e-08, 1.46385722988e-10],
        "max": [0.00518319290131, 0.106151252985, 0.0878418534994, 0.0454026162624, 0.0330953188241, 0.022858120501, 0.0207236893475, 0.0281580109149, 0.0252054613084, 0.00978149380535, 0.0391371808946, 0.0195829141885, 0.0251217335463, 0.016622364521, 0.012587451376, 0.00658522499725, 0.00908646546304, 0.00474791647866, 0.00405301246792, 0.00401324639097, 0.00515712797642, 0.00588737474754, 0.00714961439371, 0.00328276609071, 0.00426041567698, 0.00215994380414, 0.000134516914841],
        "mean": [0.000251356483204, 0.0122254174203, 0.00445975409821, 0.00142382259946, 0.0025208403822, 0.00155632197857, 0.00114003836643, 0.00167951686308, 0.00146550452337, 0.000733114196919, 0.000983930658549, 0.000562634901144, 0.000837691768538, 0.000747142592445, 0.000573463039473, 0.000297557096928, 0.000231378013268, 0.000232021018746, 0.000263486144831, 0.000272531644441, 0.000270956777968, 0.000211992490222, 0.000194155727513, 0.000234692313825, 0.000202486102353, 4.95156928082e-05, 3.44091972693e-06],
        "median": [7.06782448106e-05, 0.00447139050812, 0.00190245267004, 0.000488560239319, 0.00136390910484, 0.000504765717778, 0.000416907772887, 0.000735369627364, 0.000541179149877, 0.000294401543215, 0.000211655831663, 0.000130066095153, 9.17981669772e-05, 0.000107691928861, 0.000134172965772, 6.06201538176e-05, 5.85647503613e-05, 7.80735790613e-05, 7.39835522836e-05, 9.37834702199e-05, 0.000103108664916, 5.99747982051e-05, 5.8659552451e-05, 7.31611580704e-05, 4.91406972287e-05, 8.44641272124e-06, 9.62684723049e-08],
        "min": [3.05541984463e-23, 1.02823765458e-22, 9.69417471801e-23, 3.39245624877e-23, 1.76527254403e-23, 1.83105013289e-23, 4.45020102462e-23, 4.6311395261e-23, 5.70209488222e-23, 6.29568052787e-23, 2.9655812093e-23, 4.16864899449e-23, 1.33896769322e-22, 1.15009924638e-22, 8.38642950833e-23, 2.24194471212e-22, 1.33685594413e-22, 2.83811353014e-22, 2.4478623995e-22, 4.57532913167e-22, 6.22611334588e-22, 4.78373128913e-22, 5.65727319398e-22, 9.66728869753e-22, 1.21797861944e-21, 1.64506321823e-21, 2.57821352304e-21],
        "stdev": [0.00048260416952, 0.0200190339237, 0.00868708454072, 0.00332204322331, 0.00358940521255, 0.00255774054676, 0.00194229371846, 0.00271203927696, 0.00253187422641, 0.00115548481699, 0.00242167362012, 0.00131644471548, 0.00204225000925, 0.00167572463397, 0.00123930198606, 0.000662178092171, 0.000509462086484, 0.000409303000197, 0.0004959977814, 0.00043815333629, 0.000457526155515, 0.000439695926616, 0.000418366602389, 0.00042073460645, 0.000437012029579, 0.000122754776385, 1.07716887214e-05],
        "var": [2.32906785413e-07, 0.00040076172445, 7.54654392949e-05, 1.10359706014e-05, 1.28838300952e-05, 6.54203631711e-06, 3.77250466954e-06, 7.35515641281e-06, 6.41038741378e-06, 1.33514527079e-06, 5.86450278206e-06, 1.73302657913e-06, 4.170784905e-06, 2.80805306829e-06, 1.53586927354e-06, 4.3847978759e-07, 2.59551597992e-07, 1.67528938277e-07, 2.46013826199e-07, 1.91978344333e-07, 2.09330195844e-07, 1.93332496679e-07, 1.75030621108e-07, 1.77017611236e-07, 1.90979520198e-07, 1.50687355926e-08, 1.16029276465e-10]
    },
    "erbbands": {
        "dmean": [0.224890381098, 1.8612651825, 4.80360603333, 4.57122564316, 4.75243854523, 5.5092549324, 7.42948102951, 9.29354953766, 7.9706993103, 15.6133775711, 25.5126113892, 22.0831604004, 14.4271564484, 20.5036849976, 27.0994377136, 17.6888008118, 32.5524024963, 31.1226844788, 25.4530925751, 19.3817939758, 11.9424562454, 9.64850139618, 8.99573421478, 10.2845964432, 10.3605279922, 8.72344684601, 8.79835224152, 5.69165468216, 6.22839641571, 4.71438741684, 3.51899123192, 3.01542782784, 2.55366921425, 1.9098752737, 0.794601500034, 0.230607539415, 0.0544833913445, 0.0090678120032, 0.000298636237858, 2.06917175092e-05],
        "dmean2": [0.298231184483, 2.7231528759, 8.02125453949, 7.91845750809, 7.96843910217, 8.95654201508, 11.3002090454, 14.8072681427, 13.164191246, 24.7107601166, 38.8309249878, 34.8710098267, 22.454492569, 34.0303077698, 42.2571296692, 27.6638469696, 53.4238891602, 49.8530464172, 39.5108184814, 31.4113941193, 17.435377121, 15.2700033188, 13.8458557129, 16.3224449158, 16.2639980316, 13.621219635, 13.6053209305, 8.08829975128, 9.40561294556, 6.92070102692, 4.81009817123, 4.21033430099, 3.62936306, 2.72998452187, 1.12717032433, 0.338146448135, 0.0772053897381, 0.0120894089341, 0.000415246176999, 2.6976569643e-05],
        "dvar": [0.198366329074, 12.6138782501, 126.591369629, 141.694473267, 101.150032043, 127.372566223, 186.068878174, 361.002746582, 232.020721436, 988.067077637, 1995.2989502, 2471.13598633, 827.433166504, 1176.70361328, 4898.48730469, 1838.13366699, 7540.43212891, 4981.81445312, 3056.64990234, 2067.42871094, 726.489929199, 522.807983398, 329.401763916, 467.543548584, 455.538452148, 238.692993164, 350.612304688, 114.477638245, 189.366119385, 116.332138062, 65.2613372803, 37.3043518066, 27.8708362579, 18.8989906311, 3.33990001678, 0.425116628408, 0.0184541288763, 0.000527531898115, 6.61393016799e-07, 8.74581740362e-10],
        "dvar2": [0.330163568258, 24.9249038696, 329.946685791, 396.174560547, 268.773590088, 290.055877686, 406.270782471, 839.984008789, 597.689880371, 2309.69189453, 4327.46142578, 5866.34912109, 1710.81274414, 3041.79858398, 11648.8808594, 4112.1953125, 20681.5097656, 12361.4316406, 7162.23876953, 4856.79882812, 1481.14221191, 1190.84033203, 678.318481445, 1145.01623535, 1126.36706543, 562.489807129, 881.64263916, 243.01449585, 432.485229492, 243.748672485, 118.318572998, 73.958656311, 55.485294342, 38.7651672363, 7.06596660614, 0.945276200771, 0.0363691262901, 0.00100548320916, 1.30699140755e-06, 1.42577338824e-09],
        "max": [4.34889411926, 29.2469997406, 92.5925292969, 126.816436768, 118.154533386, 168.733520508, 181.535324097, 260.813476562, 162.105987549, 379.971862793, 634.663330078, 654.463623047, 398.618560791, 469.10446167, 1386.66418457, 965.051147461, 1270.11071777, 828.606811523, 520.763122559, 481.926757812, 439.697174072, 297.623199463, 266.729919434, 178.488372803, 190.650817871, 166.787139893, 225.617431641, 139.544570923, 215.122680664, 159.180603027, 212.294692993, 96.0291595459, 66.5150299072, 62.3614120483, 25.4213981628, 16.8309192657, 1.61450588703, 0.351278543472, 0.0132738435641, 0.000368839740986],
        "mean": [0.33362442255, 2.77077054977, 5.45028352737, 5.08427715302, 6.0143661499, 9.00736522675, 11.9249229431, 12.7096319199, 11.0010347366, 26.7962284088, 41.2381248474, 33.2379875183, 23.6472454071, 32.9726333618, 38.5617103577, 23.8422584534, 36.8517036438, 39.1445541382, 33.2310066223, 24.6729469299, 16.0631103516, 12.9053783417, 12.833313942, 13.2918491364, 13.3014793396, 12.9162092209, 12.5210418701, 8.81574440002, 7.80501461029, 6.4825296402, 5.46078777313, 4.88733196259, 3.9977953434, 2.81182813644, 1.08873939514, 0.308156728745, 0.0758043155074, 0.0125710396096, 0.000420358381234, 5.2977764426e-05],
        "median": [0.0886886715889, 1.04248583317, 2.61730241776, 2.35602784157, 2.53524065018, 4.29543352127, 4.68380880356, 3.89692378044, 5.28122758865, 11.2748861313, 20.262014389, 13.9801177979, 9.83247566223, 13.3355579376, 10.7886247635, 5.78540277481, 4.17089986801, 6.33750534058, 6.60470724106, 6.28510141373, 3.65612316132, 3.52616977692, 4.21764802933, 4.66035413742, 3.86049199104, 4.84493923187, 4.44205760956, 3.23984193802, 2.37115430832, 1.75173902512, 1.62618339062, 1.47161626816, 1.20238256454, 0.689652085304, 0.237744793296, 0.0654704421759, 0.0114274453372, 0.00105018063914, 4.76548884762e-05, 3.68458022422e-05],
        "min": [2.11314717756e-21, 2.66630959114e-20, 9.66735740037e-20, 1.45118201447e-19, 6.78546983976e-20, 5.57436368565e-20, 4.40075950944e-20, 2.35611773385e-19, 5.69358858775e-19, 7.08235659383e-19, 1.09244482049e-18, 1.33880733105e-18, 1.58244914118e-18, 1.55301536665e-18, 1.53072377972e-18, 2.17906401473e-18, 7.10729216019e-18, 6.76851744519e-18, 3.87409626299e-18, 5.48128751366e-18, 1.34093264756e-17, 7.95972907839e-18, 1.58434055169e-17, 1.19530303395e-17, 1.58990582285e-17, 1.91231303236e-17, 2.77426616719e-17, 2.21944403574e-17, 1.79726031552e-17, 1.43416260276e-17, 1.71609354878e-17, 1.83430427576e-17, 1.73197955245e-17, 1.28918133331e-17, 8.19391879905e-18, 7.29417294008e-18, 2.87520494939e-18, 1.1800760244e-18, 3.54874234663e-19, 3.81019100305e-20],
        "stdev": [0.615055859089, 4.65976333618, 10.1696653366, 10.1749162674, 10.333486557, 15.6733875275, 19.2368831635, 24.100725174, 16.5226287842, 46.119342804, 63.0588226318, 58.7308921814, 39.9785575867, 52.7447967529, 85.0143814087, 54.2700805664, 92.5198135376, 81.5713119507, 68.4836502075, 51.0949287415, 37.0066833496, 26.2156333923, 23.102060318, 23.2415084839, 24.235502243, 20.5648384094, 21.4963531494, 14.6463804245, 15.7777194977, 13.9937648773, 11.920208931, 9.26923847198, 7.51183652878, 6.15004301071, 2.41362071037, 0.777446568012, 0.180597960949, 0.0322085767984, 0.00111990608275, 5.3797957662e-05],
        "var": [0.378293722868, 21.713394165, 103.422096252, 103.528930664, 106.780944824, 245.655090332, 370.057678223, 580.844970703, 272.997253418, 2126.99389648, 3976.41503906, 3449.31787109, 1598.28503418, 2782.01367188, 7227.44482422, 2945.24145508, 8559.91601562, 6653.87841797, 4690.01025391, 2610.69189453, 1369.49462891, 687.259399414, 533.705200195, 540.167724609, 587.359558105, 422.912597656, 462.093200684, 214.516464233, 248.936431885, 195.825454712, 142.091369629, 85.9187774658, 56.4276885986, 37.8230285645, 5.82556438446, 0.604423165321, 0.0326156243682, 0.00103739229962, 1.25418966945e-06, 2.89422041888e-09]
    },
    "gfcc": {
        "mean": [-10.7173032761, 94.7674789429, -108.456504822, 27.6008625031, -65.4305801392, 17.9510002136, -33.2946586609, 16.9941215515, -23.1106567383, 4.19457578659, -13.9397888184, -6.20946311951, -7.37760925293],
        "cov": [[9961.04980469, -2478.88305664, 1396.93383789, 2365.19750977, 337.25692749, 2121.91113281, -72.2725601196, 141.214630127, 91.1870880127, 1086.84680176, -170.210449219, 50.1976394653, -186.199676514], [-2478.88305664, 2035.9675293, -982.215393066, -994.430603027, 106.344520569, -876.860168457, 161.13470459, -175.327011108, -55.3938484192, -408.056732178, 200.874816895, -141.590148926, 106.990989685], [1396.93383789, -982.215393066, 1889.50366211, 1144.33654785, -140.530227661, 840.534362793, -98.5728302002, 117.17829895, 141.552505493, 415.779571533, -121.688949585, -25.393989563, -55.8377151489], [2365.19750977, -994.430603027, 1144.33654785, 1306.61401367, 70.6462249756, 816.008056641, -40.9598236084, 51.1329345703, 114.292640686, 427.888702393, -99.8221206665, -13.6615228653, -48.1001853943], [337.25692749, 106.344520569, -140.530227661, 70.6462249756, 366.360229492, 60.7411727905, 73.0923919678, -21.2221736908, -2.87291622162, 18.8374786377, -3.1373026371, 18.3876190186, -32.2673873901], [2121.91113281, -876.860168457, 840.534362793, 816.008056641, 60.7411727905, 940.033569336, 59.6938667297, 79.8711929321, 73.7969512939, 367.752075195, -52.0214118958, -10.6769952774, -40.9512634277], [-72.2725601196, 161.13470459, -98.5728302002, -40.9598236084, 73.0923919678, 59.6938667297, 254.887619019, -10.7660970688, -6.97909927368, -9.10039806366, 31.5454139709, 12.0166311264, -7.91039562225], [141.214630127, -175.327011108, 117.17829895, 51.1329345703, -21.2221736908, 79.8711929321, -10.7660970688, 166.808990479, 48.6977920532, 17.3544311523, -20.3238983154, 24.4975948334, 15.146897316], [91.1870880127, -55.3938484192, 141.552505493, 114.292640686, -2.87291622162, 73.7969512939, -6.97909927368, 48.6977920532, 138.227676392, 64.849571228, -12.3172283173, -0.684093415737, 14.8591451645], [1086.84680176, -408.056732178, 415.779571533, 427.888702393, 18.8374786377, 367.752075195, -9.10039806366, 17.3544311523, 64.849571228, 288.425109863, -8.69487667084, -12.8674993515, -5.3780169487], [-170.210449219, 200.874816895, -121.688949585, -99.8221206665, -3.1373026371, -52.0214118958, 31.5454139709, -20.3238983154, -12.3172283173, -8.69487667084, 103.689292908, -4.83435678482, 25.0277900696], [50.1976394653, -141.590148926, -25.393989563, -13.6615228653, 18.3876190186, -10.6769952774, 12.0166311264, 24.4975948334, -0.684093415737, -12.8674993515, -4.83435678482, 105.537124634, 2.62738084793], [-186.199676514, 106.990989685, -55.8377151489, -48.1001853943, -32.2673873901, -40.9512634277, -7.91039562225, 15.146897316, 14.8591451645, -5.3780169487, 25.0277900696, 2.62738084793, 85.4866638184]],
        "icov": [[0.00033578867442, -0.000151866406668, 0.000420207739808, -0.000474986241898, 0.000114468173706, -0.000598543265369, 0.000370420661056, -0.000267366616754, 0.000392795394873, -0.000688623520546, 0.000241847345023, -0.000469692720799, 0.000598832033575], [-0.000151866406668, 0.00242743454874, -0.00070062658051, 0.000942126847804, -0.00143722211942, 0.00170917215291, -0.00153475580737, 0.00132617400959, -0.00123353477102, 0.00172565202229, -0.00256654876284, 0.00371802854352, -0.00243699271232], [0.000420207739808, -0.00070062658051, 0.00209222314879, -0.00166723527946, 0.00123434280977, -0.0014892820036, 0.000995816080831, -0.000931669434067, 0.000385293213185, -0.00128649862017, 0.00115044275299, -0.00126116524916, 0.00178438040894], [-0.000474986241898, 0.000942126847804, -0.00166723527946, 0.0036597927101, -0.00127728295047, 0.000301725114696, -0.000576211314183, 0.00132922118064, -0.00113117916044, -1.27662951854e-05, -0.000144855483086, 0.00159892986994, -0.00168079254217], [0.000114468173706, -0.00143722211942, 0.00123434280977, -0.00127728295047, 0.00434774439782, -0.00126079889014, 0.000216285377974, -0.000576017249841, 0.000483674783027, -0.00111370813102, 0.00168811611366, -0.00275027053431, 0.00273099401966], [-0.000598543265369, 0.00170917215291, -0.0014892820036, 0.000301725114696, -0.00126079889014, 0.00531798228621, -0.002678506542, 2.5347864721e-05, -0.000467707723146, -0.000250628741924, -0.00175644864794, 0.00324964127503, -0.00194664753508], [0.000370420661056, -0.00153475580737, 0.000995816080831, -0.000576211314183, 0.000216285377974, -0.002678506542, 0.00601501204073, -0.000604858156294, 0.000647323846351, -0.000751996412873, 0.000203524017707, -0.00306104542688, 0.00239083962515], [-0.000267366616754, 0.00132617400959, -0.000931669434067, 0.00132922118064, -0.000576017249841, 2.5347864721e-05, -0.000604858156294, 0.00865126121789, -0.0033856423106, 0.00242862594314, -0.000392457237467, 0.000350062415237, -0.00305147236213], [0.000392795394873, -0.00123353477102, 0.000385293213185, -0.00113117916044, 0.000483674783027, -0.000467707723146, 0.000647323846351, -0.0033856423106, 0.0104085924104, -0.00365952774882, 0.00217066402547, -0.00159434124362, 6.94772825227e-06], [-0.000688623520546, 0.00172565202229, -0.00128649862017, -1.27662951854e-05, -0.00111370813102, -0.000250628741924, -0.000751996412873, 0.00242862594314, -0.00365952774882, 0.011389025487, -0.00402449769899, 0.00328019191511, -0.00311745540239], [0.000241847345023, -0.00256654876284, 0.00115044275299, -0.000144855483086, 0.00168811611366, -0.00175644864794, 0.000203524017707, -0.000392457237467, 0.00217066402547, -0.00402449769899, 0.0151763632894, -0.00346882408485, -0.000674001523294], [-0.000469692720799, 0.00371802854352, -0.00126116524916, 0.00159892986994, -0.00275027053431, 0.00324964127503, -0.00306104542688, 0.000350062415237, -0.00159434124362, 0.00328019191511, -0.00346882408485, 0.0160063803196, -0.0044200331904], [0.000598832033575, -0.00243699271232, 0.00178438040894, -0.00168079254217, 0.00273099401966, -0.00194664753508, 0.00239083962515, -0.00305147236213, 6.94772825227e-06, -0.00311745540239, -0.000674001523294, -0.0044200331904, 0.0172679331154]]
    },
    "melbands": {
        "dmean": [0.0019883310888, 0.00226519093849, 0.000775495544076, 0.000343107269146, 0.000249820033787, 0.000198675334104, 0.000129189371364, 0.000180067421752, 0.000205952455872, 0.000136279137223, 7.30616593501e-05, 8.29548080219e-05, 0.000107280298835, 5.455567225e-05, 5.63296234759e-05, 7.71052873461e-05, 5.55854821869e-05, 4.30772197433e-05, 3.36987432092e-05, 1.81982013601e-05, 1.42549051816e-05, 1.03675311038e-05, 8.99628594198e-06, 8.93610194908e-06, 8.75343630469e-06, 7.47908461562e-06, 7.72907515056e-06, 5.53004474568e-06, 6.16295665168e-06, 4.47607590104e-06, 3.13948794428e-06, 3.77730657419e-06, 3.25214637087e-06, 2.49786535278e-06, 2.11584710996e-06, 2.02654609893e-06, 1.8922679601e-06, 1.86552404102e-06, 1.83356155503e-06, 1.6467987507e-06],
        "dmean2": [0.00266967643984, 0.00344079826027, 0.00132360809948, 0.000552309327759, 0.000386971281841, 0.000314565346343, 0.00021075202676, 0.000282135530142, 0.000315123965265, 0.000213306411752, 0.000113200949272, 0.000137888389872, 0.000166034747963, 8.64589601406e-05, 9.08525471459e-05, 0.000125922073494, 8.98997750483e-05, 6.7034845415e-05, 5.39417778782e-05, 2.83982171823e-05, 2.10385351238e-05, 1.67145262822e-05, 1.43333454616e-05, 1.38229725053e-05, 1.41106838782e-05, 1.17605959531e-05, 1.23048284877e-05, 8.64912271936e-06, 9.79658125289e-06, 6.66663436277e-06, 4.56323323306e-06, 5.81072481509e-06, 4.84474003315e-06, 3.70576071873e-06, 2.94127107736e-06, 2.88419300887e-06, 2.70165583061e-06, 2.73450973509e-06, 2.68948997473e-06, 2.37620292864e-06],
        "dvar": [1.31651213451e-05, 2.24301238632e-05, 3.71125565835e-06, 4.22076624318e-07, 1.8754668929e-07, 1.50274502175e-07, 5.43203633185e-08, 1.13430388637e-07, 1.1521553489e-07, 8.89138220828e-08, 2.12204565031e-08, 1.87103719185e-08, 8.80485444554e-08, 1.68620548635e-08, 2.28945129521e-08, 3.1910673215e-08, 1.67324465394e-08, 9.44897760036e-09, 7.47613526642e-09, 1.85366388905e-09, 1.14826881337e-09, 7.34554861381e-10, 3.67114311173e-10, 3.77899878057e-10, 3.5581695923e-10, 2.65840044422e-10, 2.26401175585e-10, 9.47671732754e-11, 1.92617380379e-10, 7.22336773729e-11, 3.67077930552e-11, 6.56529136611e-11, 6.68196886711e-11, 3.09332386095e-11, 2.3981155603e-11, 1.98179632427e-11, 1.4416711748e-11, 1.59747996081e-11, 2.07083811904e-11, 1.62757307631e-11],
        "dvar2": [2.11372444028e-05, 5.36390944035e-05, 1.02620651887e-05, 1.08438098323e-06, 4.25922962677e-07, 3.43763900901e-07, 1.35036714255e-07, 2.64969685304e-07, 2.53253602978e-07, 2.11097813008e-07, 4.36911307133e-08, 4.81126107843e-08, 2.13942072946e-07, 3.92942638427e-08, 6.2172688331e-08, 8.23226997682e-08, 4.2035416925e-08, 2.20877822699e-08, 1.73800245307e-08, 4.37780833806e-09, 2.45615927597e-09, 1.78617576285e-09, 7.56170626115e-10, 8.69237293255e-10, 8.82053208251e-10, 6.66003585614e-10, 5.60904211966e-10, 2.22324270105e-10, 5.03399433249e-10, 1.65146646358e-10, 7.8984395413e-11, 1.53612331188e-10, 1.55547880132e-10, 6.44978861986e-11, 4.38990545304e-11, 4.03628103163e-11, 2.99107648372e-11, 3.39631517354e-11, 4.79850915946e-11, 3.53730968128e-11],
        "max": [0.0331205092371, 0.0363313965499, 0.0215154197067, 0.0086163263768, 0.00503737060353, 0.00521353026852, 0.00301256193779, 0.00408806279302, 0.00474631832913, 0.00393360247836, 0.00205245870166, 0.00188469316345, 0.00620194571093, 0.00233607576229, 0.00221838243306, 0.00168610818218, 0.00170290761162, 0.00115871301387, 0.00119996780995, 0.000555803882889, 0.000530793331563, 0.000434118293924, 0.000228206859902, 0.000316429825034, 0.00016404876078, 0.000155041721882, 0.000168147365912, 0.000106680949102, 0.000158575086971, 0.000135103866342, 6.67815038469e-05, 0.000111337991257, 0.000129067193484, 9.54525385168e-05, 0.000127932522446, 8.08359473012e-05, 5.369804785e-05, 5.28224954905e-05, 9.40896206885e-05, 6.85328122927e-05],
        "mean": [0.0032255158294, 0.00309315882623, 0.000920379534364, 0.000524184317328, 0.000423006596975, 0.000278790161246, 0.000187942699995, 0.000305413472233, 0.000325543165673, 0.000200416543521, 0.000114668931928, 0.000129066262161, 0.000148877879838, 6.87241408741e-05, 6.74629336572e-05, 8.52504381328e-05, 6.9043613621e-05, 5.47274066776e-05, 4.08196283388e-05, 2.35035240621e-05, 1.79362050403e-05, 1.28514675453e-05, 1.1959314179e-05, 1.22714200188e-05, 1.05637118395e-05, 9.47239095694e-06, 9.64849186857e-06, 8.2118122009e-06, 8.01093028713e-06, 6.46532043902e-06, 4.64546155854e-06, 4.48649507234e-06, 3.99491136704e-06, 3.40457359016e-06, 3.09991196445e-06, 3.10331847686e-06, 2.93247853733e-06, 2.81823167825e-06, 2.63061542682e-06, 2.30409341384e-06],
        "median": [0.00101454346441, 0.00163743866142, 0.000446791265858, 0.000267446448561, 0.000181998140761, 8.72167292982e-05, 8.33245721878e-05, 0.000134063171572, 0.000154168781592, 7.46917066863e-05, 4.28758903581e-05, 5.05628195242e-05, 3.53344585164e-05, 1.64440371009e-05, 7.76388515078e-06, 1.15893717521e-05, 1.06646912172e-05, 9.82999335974e-06, 8.62477372721e-06, 5.60921989745e-06, 3.53250220542e-06, 3.38040126735e-06, 3.12125598612e-06, 4.23559185947e-06, 3.37070764544e-06, 2.41098155129e-06, 2.80524136542e-06, 2.87571242552e-06, 2.69500196737e-06, 2.36979190049e-06, 1.65132826169e-06, 1.31287072236e-06, 9.58090481618e-07, 8.94292327303e-07, 8.65494541813e-07, 8.42101883336e-07, 8.2664121237e-07, 8.06356183602e-07, 7.14862267159e-07, 4.81846996081e-07],
        "min": [2.58874235488e-23, 4.66220013538e-23, 2.16029622004e-23, 4.73822952391e-24, 1.39595839712e-24, 4.90114626134e-24, 9.07302848114e-24, 8.81751801166e-24, 8.67596717741e-24, 8.19359845539e-24, 8.30418728797e-24, 6.90374303331e-24, 4.48589816388e-24, 5.38042580406e-24, 8.34809449709e-24, 1.51495893242e-23, 1.23988810459e-23, 5.66361306397e-24, 6.43719807219e-24, 1.04728045706e-23, 1.50556359904e-23, 5.71436600803e-24, 1.3391912564e-23, 1.50721358051e-23, 8.85590161672e-24, 1.03970849678e-23, 1.24682045645e-23, 1.24897562445e-23, 1.7561621472e-23, 1.72428585574e-23, 1.08325085773e-23, 1.02623838127e-23, 8.85609488764e-24, 7.37013416656e-24, 9.42380179353e-24, 9.73275522276e-24, 1.27389574044e-23, 1.41468761162e-23, 9.00556509652e-24, 1.13464885335e-23],
        "stdev": [0.00545486109331, 0.00502692302689, 0.00168429897167, 0.000818393717054, 0.000618987018242, 0.00050388101954, 0.000278461142443, 0.000483563053422, 0.000477660738397, 0.000357540411642, 0.000202832816285, 0.000210475976928, 0.000363423168892, 0.000157439309987, 0.000176134853973, 0.000188330901437, 0.000149242623593, 0.000124225203763, 9.59809767664e-05, 4.97531218571e-05, 4.47508173238e-05, 2.87194852717e-05, 2.37442764046e-05, 2.31383837672e-05, 1.97985355044e-05, 1.78916470759e-05, 1.70799721673e-05, 1.35763702929e-05, 1.4572920918e-05, 1.14513904919e-05, 8.04566298029e-06, 9.03412910702e-06, 9.29452653509e-06, 7.36955780667e-06, 7.02403121977e-06, 6.50399306323e-06, 5.59986392545e-06, 5.39586335435e-06, 5.57843304705e-06, 5.45118700757e-06],
        "var": [2.97555070574e-05, 2.52699574048e-05, 2.83686290459e-06, 6.6976826929e-07, 3.83144936222e-07, 2.53896075719e-07, 7.75406050479e-08, 2.33833233665e-07, 2.28159777294e-07, 1.27835150465e-07, 4.11411527068e-08, 4.43001368922e-08, 1.32076394266e-07, 2.4787134123e-08, 3.10234860024e-08, 3.54685276704e-08, 2.22733600452e-08, 1.54319010903e-08, 9.2123482176e-09, 2.47537323972e-09, 2.0026356129e-09, 8.24808832345e-10, 5.63790680808e-10, 5.35384792055e-10, 3.91981974657e-10, 3.20111021024e-10, 2.91725449353e-10, 1.84317824892e-10, 2.12370024344e-10, 1.31134339498e-10, 6.47326983683e-11, 8.16154921424e-11, 8.6388222964e-11, 5.43103791106e-11, 4.93370171106e-11, 4.23019258511e-11, 3.13584748446e-11, 2.91153420817e-11, 3.11189164715e-11, 2.97154419127e-11]
    },
    "melbands128": {
