{
"lowlevel": {
    "average_loudness": 0.966341555119,
    "barkbands_crest": {
        "dmean": 2.44302272797,
        "dmean2": 3.87772917747,
        "dvar": 5.06540966034,
        "dvar2": 12.1130895615,
        "max": 22.815612793,
        "mean": 10.2855768204,
        "median": 9.75742530823,
        "min": 3.33579516411,
        "stdev": 4.00681209564,
        "var": 16.0545425415
    },
    "barkbands_flatness_db": {
        "dmean": 0.0208058170974,
        "dmean2": 0.0304081980139,
        "dvar": 0.000384685612516,
        "dvar2": 0.00087657792028,
        "max": 0.329314619303,
        "mean": 0.130497738719,
        "median": 0.128519847989,
        "min": 0.0257897283882,
        "stdev": 0.0439378097653,
        "var": 0.00193053111434
    },
    "barkbands_kurtosis": {
        "dmean": 2.62650585175,
        "dmean2": 4.07741928101,
        "dvar": 12.3903017044,
        "dvar2": 28.5293292999,
        "max": 56.6557273865,
        "mean": 4.85599374771,
        "median": 3.36142110825,
        "min": -1.80834567547,
        "stdev": 5.51874017715,
        "var": 30.4564933777
    },
    "barkbands_skewness": {
        "dmean": 0.497827202082,
        "dmean2": 0.729755103588,
        "dvar": 0.263115376234,
        "dvar2": 0.602556169033,
        "max": 6.42970228195,
        "mean": 1.54200565815,
        "median": 1.50114262104,
        "min": -1.77294766903,
        "stdev": 1.01499986649,
        "var": 1.03022480011
    },
    "barkbands_spread": {
        "dmean": 5.33780145645,
        "dmean2": 7.81932544708,
        "dvar": 72.1171646118,
        "dvar2": 135.538452148,
        "max": 99.5149078369,
        "mean": 18.0703353882,
        "median": 13.6566867828,
        "min": 1.51767349243,
        "stdev": 14.8392486572,
        "var": 220.203308105
    },
    "dissonance": {
        "dmean": 0.0248444080353,
        "dmean2": 0.0406528711319,
        "dvar": 0.000577956787311,
        "dvar2": 0.00150095671415,
        "max": 0.49854055047,
        "mean": 0.446092545986,
        "median": 0.455021709204,
        "min": 0.237630546093,
        "stdev": 0.0378106236458,
        "var": 0.00142964313272
    },
    "dynamic_complexity": 2.26577877998,
    "erbbands_crest": {
        "dmean": 2.49046993256,
        "dmean2": 3.88567900658,
        "dvar": 5.77560853958,
        "dvar2": 12.9518136978,
        "max": 26.2334671021,
        "mean": 10.1060266495,
        "median": 9.15477561951,
        "min": 2.99613308907,
        "stdev": 4.2985906601,
        "var": 18.4778804779
    },
    "erbbands_flatness_db": {
        "dmean": 0.018970893696,
        "dmean2": 0.026322055608,
        "dvar": 0.000344417756423,
        "dvar2": 0.000657637661789,
        "max": 0.277849674225,
        "mean": 0.159451931715,
        "median": 0.15938180685,
        "min": 0.0563458688557,
        "stdev": 0.0416990667582,
        "var": 0.00173881219234
    },
    "erbbands_kurtosis": {
        "dmean": 1.34174454212,
        "dmean2": 2.0378472805,
        "dvar": 3.14877867699,
        "dvar2": 7.34666919708,
        "max": 29.2255592346,
        "mean": 1.91056525707,
        "median": 1.08348751068,
        "min": -1.71353626251,
        "stdev": 2.98363518715,
        "var": 8.90207862854
    },
    "erbbands_skewness": {
        "dmean": 0.384332060814,
        "dmean2": 0.575755655766,
        "dvar": 0.122533559799,
        "dvar2": 0.26290512085,
        "max": 3.99832296371,
        "mean": 1.01125252247,
        "median": 0.95366358757,
        "min": -1.93467152119,
        "stdev": 0.694060742855,
        "var": 0.481720328331
    },
    "erbbands_spread": {
        "dmean": 8.33361434937,
        "dmean2": 12.0928411484,
        "dvar": 122.845695496,
        "dvar2": 252.614059448,
        "max": 145.595657349,
        "mean": 33.1278877258,
        "median": 27.2810382843,
        "min": 3.51924204826,
        "stdev": 21.1340942383,
        "var": 446.649902344
    },
    "hfc": {
        "dmean": 6.86550331116,
        "dmean2": 10.3779935837,
        "dvar": 113.953514099,
        "dvar2": 220.969192505,
        "max": 168.206542969,
        "mean": 26.2078952789,
        "median": 22.7851524353,
        "min": 1.13459705943e-16,
        "stdev": 19.0984668732,
        "var": 364.751403809
    },
    "loudness_ebu128": {
        "integrated": -6.83706665039,
        "loudness_range": 3.18519020081,
        "momentary": {
            "dmean": 0.464350402355,
            "dmean2": 0.600207388401,
            "dvar": 0.212935358286,
            "dvar2": 0.329330831766,
            "max": -4.90105295181,
            "mean": -7.12542152405,
            "median": -6.82327318192,
            "min": -14.032087326,
            "stdev": 1.68631219864,
            "var": 2.8436486721
        },
        "short_term": {
            "dmean": 0.0569425038993,
            "dmean2": 0.0426718369126,
            "dvar": 0.00173153087962,
            "dvar2": 0.0012820927659,
            "max": -5.42064857483,
            "mean": -6.99494028091,
            "median": -6.56326150894,
            "min": -9.65367984772,
            "stdev": 1.22111213207,
            "var": 1.4911147356
        }
    },
    "melbands_crest": {
        "dmean": 3.05965185165,
        "dmean2": 4.85847043991,
        "dvar": 9.49179363251,
        "dvar2": 22.2156887054,
        "max": 29.3420314789,
        "mean": 12.8164920807,
        "median": 11.6831264496,
        "min": 1.81549441814,
        "stdev": 4.99650144577,
        "var": 24.9650287628
    },
    "melbands_flatness_db": {
        "dmean": 0.0240607187152,
        "dmean2": 0.0347014851868,
        "dvar": 0.000614929827861,
        "dvar2": 0.00135825318284,
        "max": 0.445171743631,
        "mean": 0.198152735829,
        "median": 0.196288406849,
        "min": 0.00809178315103,
        "stdev": 0.0539868287742,
        "var": 0.00291457748972
    },
    "melbands_kurtosis": {
        "dmean": 5.13187170029,
        "dmean2": 7.95952653885,
        "dvar": 67.6846389771,
        "dvar2": 167.683258057,
        "max": 102.459022522,
        "mean": 10.3096723557,
        "median": 6.81166267395,
        "min": -1.22969090939,
        "stdev": 11.2207212448,
        "var": 125.904579163
    },
    "melbands_skewness": {
        "dmean": 0.625058829784,
        "dmean2": 0.911657512188,
        "dvar": 0.539116084576,
        "dvar2": 1.26594591141,
        "max": 9.11438941956,
        "mean": 2.02693390846,
        "median": 1.89083981514,
        "min": -1.30816936493,
        "stdev": 1.33493566513,
        "var": 1.78205323219
    },
    "melbands_spread": {
        "dmean": 5.51392459869,
        "dmean2": 8.46317768097,
        "dvar": 97.539642334,
        "dvar2": 221.604309082,
        "max": 132.618057251,
        "mean": 18.5983963013,
        "median": 15.5587596893,
        "min": 1.23550117016,
        "stdev": 14.6334257126,
        "var": 214.137161255
    },
    "pitch_salience": {
        "dmean": 0.0669945403934,
        "dmean2": 0.105337329209,
        "dvar": 0.0040069501847,
        "dvar2": 0.00944513548166,
        "max": 0.902640402317,
        "mean": 0.591347873211,
        "median": 0.599158465862,
        "min": 0.196566984057,
        "stdev": 0.104741238058,
        "var": 0.0109707275406
    },
    "silence_rate_20dB": {
        "dmean": 0,
        "dmean2": 0,
        "dvar": 0,
        "dvar2": 0,
        "max": 1,
        "mean": 1,
        "median": 1,
        "min": 1,
        "stdev": 0,
        "var": 0
    },
    "silence_rate_30dB": {
        "dmean": 0,
        "dmean2": 0,
        "dvar": 0,
        "dvar2": 0,
        "max": 1,
        "mean": 1,
        "median": 1,
        "min": 1,
        "stdev": 0,
        "var": 0
    },
    "silence_rate_60dB": {
        "dmean": 0.00541795650497,
        "dmean2": 0.0108443070203,
        "dvar": 0.0053886147216,
        "dvar2": 0.0138251362368,
        "max": 1,
        "mean": 0.00696055684239,
        "median": 0,
        "min": 0,
        "stdev": 0.0831390321255,
        "var": 0.00691209873185
    },
    "spectral_centroid": {
        "dmean": 190.837188721,
        "dmean2": 281.259094238,
        "dvar": 113465.242188,
        "dvar2": 173261.15625,
        "max": 11111.6357422,
        "mean": 981.46875,
        "median": 872.954406738,
        "min": 239.897842407,
        "stdev": 536.119689941,
        "var": 287424.34375
    },
    "spectral_complexity": {
        "dmean": 2.68498444557,
        "dmean2": 4.30673885345,
        "dvar": 5.81177520752,
        "dvar2": 12.874171257,
        "max": 43,
        "mean": 19.0139217377,
        "median": 19,
        "min": 0,
        "stdev": 5.81313514709,
        "var": 33.7925415039
    },
    "spectral_decrease": {
        "dmean": 2.55592169651e-09,
        "dmean2": 4.0609684504e-09,
        "dvar": 1.54480148385e-17,
        "dvar2": 3.66300853878e-17,
        "max": -4.4361575431e-29,
        "mean": -8.68300809032e-09,
        "median": -8.10364486625e-09,
        "min": -3.37124248517e-08,
        "stdev": 5.4168460828e-09,
        "var": 2.93422238358e-17
    },
    "spectral_energy": {
        "dmean": 0.0100026642904,
        "dmean2": 0.0158673077822,
        "dvar": 0.000225567157031,
        "dvar2": 0.000530803692527,
        "max": 0.130908533931,
        "mean": 0.0351488143206,
        "median": 0.0331752821803,
        "min": 1.04585703581e-20,
        "stdev": 0.0211883336306,
        "var": 0.000448945502285
    },
    "spectral_energyband_high": {
        "dmean": 0.000505624979269,
        "dmean2": 0.000731171981897,
        "dvar": 1.21168898204e-06,
        "dvar2": 2.41674388235e-06,
        "max": 0.0184751488268,
        "mean": 0.0009717993089,
        "median": 0.00051260489272,
        "min": 7.64580246186e-21,
        "stdev": 0.00172777695116,
        "var": 2.98521331388e-06
    },
    "spectral_energyband_low": {
        "dmean": 0.00447967089713,
        "dmean2": 0.00730679789558,
        "dvar": 0.000162803204148,
        "dvar2": 0.000421833392465,
        "max": 0.11101603508,
        "mean": 0.00671288464218,
        "median": 0.00258420500904,
        "min": 4.82132757946e-23,
        "stdev": 0.0131535138935,
        "var": 0.000173014923348
    },
    "spectral_energyband_middle_high": {
        "dmean": 0.00215493422002,
        "dmean2": 0.00312056089751,
        "dvar": 1.25819578898e-05,
        "dvar2": 2.51926121564e-05,
        "max": 0.0620910786092,
        "mean": 0.00713725294918,
        "median": 0.00376518559642,
        "min": 1.65099393762e-21,
        "stdev": 0.00866398587823,
        "var": 7.50646504457e-05
    },
    "spectral_energyband_middle_low": {
        "dmean": 0.00708377547562,
        "dmean2": 0.0110511668026,
        "dvar": 0.000103035206848,
        "dvar2": 0.000219807116082,
        "max": 0.122967630625,
        "mean": 0.0213931985199,
        "median": 0.0181899778545,
        "min": 2.13218500391e-22,
        "stdev": 0.0152761647478,
        "var": 0.000233361221035
    },
    "spectral_entropy": {
        "dmean": 0.190461024642,
        "dmean2": 0.267626464367,
        "dvar": 0.040137194097,
        "dvar2": 0.0769543424249,
        "max": 9.7912940979,
        "mean": 7.46750307083,
        "median": 7.46666383743,
        "min": 6.16975021362,
        "stdev": 0.443838059902,
        "var": 0.196992218494
    },
    "spectral_flux": {
        "dmean": 0.0318068750203,
        "dmean2": 0.0510518066585,
        "dvar": 0.00141668180004,
        "dvar2": 0.00303588667884,
        "max": 0.305500507355,
        "mean": 0.0922883152962,
        "median": 0.0771776512265,
        "min": 1.02267153079e-10,
        "stdev": 0.0525057651103,
        "var": 0.00275685545057
    },
    "spectral_kurtosis": {
        "dmean": 1.74808621407,
        "dmean2": 2.73460459709,
        "dvar": 4.66078233719,
        "dvar2": 11.1186609268,
        "max": 22.8965778351,
        "mean": 5.31384706497,
        "median": 4.69998502731,
        "min": -1.4152854681,
        "stdev": 3.60770344734,
        "var": 13.0155239105
    },
    "spectral_rms": {
        "dmean": 0.000788471254054,
        "dmean2": 0.00121668283828,
        "dvar": 1.04913203813e-06,
        "dvar2": 2.23628489948e-06,
        "max": 0.011301134713,
        "mean": 0.00558208022267,
        "median": 0.00568912364542,
        "min": 3.19428923416e-12,
        "stdev": 0.00176972383633,
        "var": 3.13192253998e-06
    },
    "spectral_rolloff": {
        "dmean": 491.230255127,
        "dmean2": 810.307556152,
        "dvar": 1658569.5,
        "dvar2": 3359203.75,
        "max": 18647.7539062,
        "mean": 1341.9864502,
        "median": 925.927734375,
        "min": 86.1328125,
        "stdev": 1809.06787109,
        "var": 3272726.75
    },
    "spectral_skewness": {
        "dmean": 0.248088568449,
        "dmean2": 0.366289108992,
        "dvar": 0.0714100971818,
        "dvar2": 0.150810703635,
        "max": 3.82142829895,
        "mean": 1.87530791759,
        "median": 1.87722790241,
        "min": 0.0100654363632,
        "stdev": 0.557695806026,
        "var": 0.31102463603
    },
    "spectral_spread": {
        "dmean": 823652.1875,
        "dmean2": 1121444.625,
        "dvar": 1.48481297613e+12,
        "dvar2": 2.19026817024e+12,
        "max": 41395832,
        "mean": 5300839,
        "median": 4996852,
        "min": 1989413.875,
        "stdev": 2309618,
        "var": 5.33433575014e+12
    },
    "spectral_strongpeak": {
        "dmean": 0.636367499828,
        "dmean2": 1.02577841282,
        "dvar": 0.608389556408,
        "dvar2": 1.38025939465,
        "max": 8.10455513,
        "mean": 1.5755366087,
        "median": 1.31939911842,
        "min": 0,
        "stdev": 1.30828404427,
        "var": 1.71160709858
    },
    "zerocrossingrate": {
        "dmean": 0.0133600858971,
        "dmean2": 0.0149075174704,
        "dvar": 0.000513698265422,
        "dvar2": 0.000617005571257,
        "max": 0.48974609375,
        "mean": 0.0590544641018,
        "median": 0.0478515625,
        "min": 0.00537109375,
        "stdev": 0.043257329613,
        "var": 0.0018711964367
    },
    "barkbands": {
        "dmean": [0.000162282958627, 0.00244972016662, 0.00180836045183, 0.00227748602629, 0.00223263539374, 0.001901215408, 0.00181164091919, 0.00184685434215, 0.00156716513447, 0.00120146898553, 0.00067971367389, 0.000639098987449, 0.00036258000182, 0.00033306441037, 0.000285825313767, 0.000160919764312, 0.000137858820381, 8.75982950674e-05, 6.32575538475e-05, 7.98258915893e-05, 8.06706884759e-05, 8.23989030323e-05, 5.99970007897e-05, 0.000116800038086, 0.00016088342818, 6.34791867924e-05, 6.13196789345e-06],
        "dmean2": [0.00024339844822, 0.00391935138032, 0.00329499249347, 0.00364935561083, 0.0035728525836, 0.0028746961616, 0.00283324671909, 0.00266854371876, 0.00245479959995, 0.00170000514481, 0.00103296409361, 0.00093631783966, 0.000591739313677, 0.00056178244995, 0.000441126729129, 0.000263061374426, 0.000232481746934, 0.000142232122016, 0.000100090022897, 0.000121121716802, 0.000126131242723, 0.000126210376038, 8.54336249176e-05, 0.000175904249772, 0.000234007311519, 9.15569617064e-05, 9.8103109849e-06],
        "dvar": [1.85832206512e-07, 5.71479831706e-05, 4.43916214863e-05, 3.9365466364e-05, 1.5736088244e-05, 9.23398602026e-06, 1.1137736692e-05, 1.25073247546e-05, 1.01962586996e-05, 1.02103949757e-05, 1.67353516645e-06, 1.32794411911e-06, 5.70311556203e-07, 5.08693631218e-07, 3.78966973358e-07, 7.15528258866e-08, 6.78484539662e-08, 3.46772601745e-08, 1.05832507202e-08, 2.37993624808e-08, 2.93212760738e-08, 2.1365844205e-08, 2.05563228661e-08, 1.03597841417e-07, 2.70361624644e-07, 2.97185440701e-08, 3.98605759511e-10],
        "dvar2": [3.30148196781e-07, 0.000133015550091, 0.000125267310068, 8.95170378499e-05, 3.54067706212e-05, 2.12542072404e-05, 2.35876068473e-05, 2.43023223447e-05, 2.3429895009e-05, 2.00531248993e-05, 3.32585364049e-06, 2.94594951811e-06, 1.41816519772e-06, 1.24649693589e-06, 8.26511097785e-07, 1.80241187309e-07, 1.60126020887e-07, 8.9064378983e-08, 2.46803644188e-08, 4.98997572151e-08, 7.18814234801e-08, 5.02997927754e-08, 3.49489965856e-08, 2.25756750183e-07, 5.18536751315e-07, 6.3047536969e-08, 1.02156794135e-09],
        "max": [0.00446755066514, 0.0644846633077, 0.0588899925351, 0.075698249042, 0.0512317195535, 0.0347056426108, 0.0397956222296, 0.0470804870129, 0.0466434173286, 0.0583285093307, 0.0286626126617, 0.0148991961032, 0.0106106968597, 0.0104352757335, 0.0102012082934, 0.00318016624078, 0.00394621957093, 0.00354058714584, 0.00152007478755, 0.0030918547418, 0.00247028027661, 0.00224461685866, 0.00467191589996, 0.00523637002334, 0.00997690111399, 0.00269819819368, 0.000410819950048],
        "mean": [0.00021620222833, 0.00385488802567, 0.00169390370138, 0.00240994174965, 0.00418991409242, 0.0042879441753, 0.00378597830422, 0.00378595432267, 0.00272950949147, 0.00246355286799, 0.0011625054758, 0.00110281468369, 0.000628842273727, 0.000528479751665, 0.000451572850579, 0.000273907906376, 0.000255205930443, 0.000168680024217, 0.000122924029711, 0.000156363385031, 0.000131221866468, 0.00013995594054, 0.000105363440525, 0.00018215063028, 0.000232726772083, 8.28151823953e-05, 5.53048130314e-06],
        "median": [3.93286791223e-05, 0.00143947999459, 0.000627160072327, 0.000389131979318, 0.00213372753933, 0.00194625579752, 0.00149281823542, 0.00155299622566, 0.00132838613354, 0.000471578881843, 0.000543099886272, 0.000460006558569, 0.000222679911531, 0.000244271417614, 0.000192778126802, 0.000158473398187, 0.00014981640561, 9.49472887442e-05, 7.65700024203e-05, 8.1322650658e-05, 6.266249693e-05, 6.52642411296e-05, 3.83309088647e-05, 5.7654302509e-05, 6.69561850373e-05, 2.03632316698e-05, 5.30743648142e-07],
        "min": [9.80855292283e-24, 3.19297004969e-23, 3.27345701509e-24, 1.22891181507e-23, 6.57320810521e-23, 4.72188724474e-23, 2.84257665271e-23, 4.34172081724e-24, 3.6565943322e-23, 5.20037114234e-23, 6.14762711318e-23, 8.14705881742e-23, 1.46542007685e-22, 1.22004028533e-22, 1.3595886435e-22, 2.55692715281e-22, 1.10226789602e-22, 3.67493793571e-22, 2.51759593647e-22, 3.07259858458e-22, 4.6511496456e-22, 5.75381108855e-22, 5.54755766197e-22, 7.82528863885e-22, 1.34982961369e-21, 1.68216982157e-21, 2.2294944928e-21],
        "stdev": [0.000567156996112, 0.00848188530654, 0.00522926868871, 0.00662075448781, 0.00623263418674, 0.00542773446068, 0.0057079824619, 0.00588741106912, 0.00432210927829, 0.00587952602655, 0.00206026737578, 0.00184318004176, 0.00118536141235, 0.00097997917328, 0.000886417517904, 0.000357977376552, 0.000354496121872, 0.000276114384178, 0.000152866618009, 0.000265494250925, 0.000214311046875, 0.000200315538677, 0.000276499195024, 0.000445639627287, 0.000724101264495, 0.000215893509449, 1.79920843948e-05],
        "var": [3.21667045e-07, 7.19423769624e-05, 2.73452496913e-05, 4.38343886344e-05, 3.88457301597e-05, 2.94603014481e-05, 3.25810651702e-05, 3.46616070601e-05, 1.86806282727e-05, 3.45688276866e-05, 4.24470181315e-06, 3.39731286658e-06, 1.40508166169e-06, 9.60359216151e-07, 7.85736006037e-07, 1.2814780348e-07, 1.25667497741e-07, 7.62391465514e-08, 2.3368201596e-08, 7.04872036295e-08, 4.59292266441e-08, 4.01263164918e-08, 7.64517977814e-08, 1.98594676704e-07, 5.24322615547e-07, 4.66100047447e-08, 3.23715082517e-10]
    },
    "erbbands": {
        "dmean": [0.065777041018, 0.627777993679, 2.00325918198, 4.68096399307, 7.43935108185, 7.29398822784, 11.1696500778, 17.3797550201, 20.8963851929, 33.8211784363, 43.5335350037, 26.4693603516, 33.8188056946, 30.0576934814, 22.4279537201, 18.5191860199, 16.1997108459, 14.6515817642, 13.6224622726, 12.876036644, 9.09130001068, 8.53997802734, 5.05919885635, 2.52302503586, 3.46537733078, 3.81854009628, 3.37340450287, 3.09269666672, 3.03411865234, 2.27002620697, 1.72038722038, 1.76278829575, 2.36202859879, 1.88968646526, 1.11501789093, 0.381232589483, 0.0930374860764, 0.0186236668378, 0.000671689456794, 2.43074755417e-05],
        "dmean2": [0.0911805331707, 1.04694879055, 3.51236009598, 7.77694749832, 12.4644889832, 11.5553951263, 17.1560306549, 26.4232120514, 32.2055168152, 53.6464767456, 61.335144043, 42.0143699646, 47.6637496948, 43.7778625488, 34.3892326355, 27.343000412, 25.8166637421, 24.1888847351, 21.6430644989, 20.3579559326, 14.7268075943, 14.1853666306, 8.22566127777, 3.94019246101, 5.38680887222, 5.77977275848, 5.17819833755, 4.8202290535, 4.66054010391, 3.33831620216, 2.45939254761, 2.58632183075, 3.58955669403, 2.8932287693, 1.60166478157, 0.543268442154, 0.137554064393, 0.0279614701867, 0.00104348512832, 3.6429384636e-05],
        "dvar": [0.033549990505, 4.31596040726, 54.4727363586, 149.779418945, 336.046203613, 246.496444702, 620.772766113, 891.791503906, 1485.25537109, 5308.49169922, 7553.11523438, 2655.74047852, 5212.54003906, 4026.95629883, 1540.74377441, 1072.11547852, 1100.19616699, 766.018432617, 1020.12487793, 665.864868164, 236.60093689, 289.03793335, 148.455581665, 12.2561120987, 43.2904205322, 55.7499084473, 43.0835533142, 47.9347229004, 31.6092319489, 15.2002830505, 24.6564235687, 13.6836862564, 53.6079406738, 45.2950515747, 11.9600315094, 1.15504264832, 0.0681169256568, 0.00292274658568, 4.73595446238e-06, 2.09359773962e-09],
        "dvar2": [0.0659031495452, 11.1426057816, 150.87059021, 375.307312012, 815.097106934, 506.201629639, 1220.1184082, 1997.25158691, 3326.5871582, 10980.5478516, 14740.2646484, 6301.50488281, 10090.2167969, 8698.48828125, 3712.08666992, 2239.89428711, 2650.44799805, 1874.19873047, 2486.38793945, 1607.67346191, 598.226135254, 679.418334961, 388.739318848, 28.6508922577, 96.3602676392, 118.326210022, 108.506973267, 116.732414246, 74.5343780518, 32.3729743958, 44.3542060852, 27.7210731506, 118.70741272, 96.3712387085, 21.963394165, 2.34429907799, 0.149583995342, 0.00703261326998, 1.1870133676e-05, 4.80489914523e-09],
        "max": [2.0361468792, 17.5799942017, 66.4909362793, 116.529060364, 265.581481934, 309.280456543, 395.444213867, 366.32119751, 568.571044922, 1090.66137695, 1255.37487793, 700.840026855, 1390.18701172, 1180.94665527, 620.653930664, 611.681152344, 545.640014648, 387.62878418, 592.695251465, 461.61541748, 213.049682617, 257.734649658, 231.897506714, 59.6189308167, 98.3571243286, 140.11227417, 88.822593689, 98.7474212646, 89.4007873535, 65.8565292358, 167.740127563, 70.7169494629, 98.2076339722, 122.223579407, 79.0087585449, 17.7102546692, 4.30552816391, 1.12653613091, 0.0498323850334, 0.00102047878318],
        "mean": [0.117197267711, 0.823239445686, 2.05685424805, 4.91858911514, 9.77995967865, 13.3824319839, 24.0351600647, 41.9820175171, 49.2306137085, 67.3171310425, 93.8132171631, 50.2239494324, 71.9389648438, 61.9545936584, 44.9063262939, 34.5527153015, 30.9139213562, 24.1276321411, 23.8778247833, 22.1464595795, 16.9405040741, 16.4717655182, 10.0382881165, 5.93679571152, 6.59018421173, 7.69576787949, 5.9773516655, 4.97327423096, 5.12514591217, 3.95050644875, 2.93335843086, 3.020601511, 3.42541790009, 2.59303355217, 1.65940868855, 0.533905506134, 0.116169258952, 0.0199861042202, 0.000683161313646, 6.07992078585e-05],
        "median": [0.0376285538077, 0.324559867382, 0.714121878147, 1.2030800581, 3.82274246216, 5.48751974106, 9.07234668732, 16.8883361816, 22.8320579529, 33.5816802979, 46.4214744568, 27.3410720825, 20.5393619537, 23.468421936, 19.5746860504, 16.2972106934, 11.1245937347, 13.1112241745, 9.76945400238, 10.428861618, 10.0085029602, 9.45287704468, 5.29633712769, 4.13222551346, 3.78194141388, 4.15135812759, 3.03822445869, 2.28958845139, 2.28810763359, 1.67646741867, 0.990062773228, 1.12591016293, 0.944959700108, 0.702597975731, 0.473366171122, 0.141347408295, 0.027813712135, 0.00372163904831, 0.000118841198855, 5.08965458721e-05],
        "min": [1.13891016952e-21, 6.4700039952e-21, 6.19043552741e-21, 2.06370076007e-20, 1.00095129059e-19, 2.76355898625e-19, 3.63358212616e-19, 3.47527655902e-19, 5.06587430811e-19, 1.22812681693e-19, 1.39323995126e-19, 6.97674165623e-19, 1.83931529456e-18, 1.35261535362e-18, 3.71956610326e-18, 3.14381262137e-18, 6.55678981406e-18, 6.94175098574e-18, 6.94048291786e-18, 7.83286273348e-18, 1.45425630876e-17, 7.18142077797e-18, 2.06849713971e-17, 1.01532094036e-17, 1.58835270853e-17, 1.35714819998e-17, 2.05462035776e-17, 1.85330428356e-17, 1.90603274627e-17, 2.17819121511e-17, 1.46358822956e-17, 1.42547307042e-17, 1.28385486919e-17, 1.28158401025e-17, 9.72592264077e-18, 7.36511856686e-18, 3.35091734685e-18, 9.31890511164e-19, 3.13601877054e-19, 3.54151401592e-20],
        "stdev": [0.25074210763, 1.99115943909, 6.03716421127, 11.8891038895, 18.8185043335, 25.3807201385, 44.5276489258, 58.9336128235, 67.2392578125, 104.944282532, 141.183883667, 70.8511657715, 136.119598389, 108.051940918, 62.4344062805, 53.2527580261, 57.2649421692, 34.3854484558, 46.0370330811, 36.6866226196, 21.5682258606, 23.4371738434, 17.3720779419, 6.08177042007, 9.41479301453, 13.1669549942, 8.93833637238, 8.48634624481, 7.651304245, 6.23537635803, 9.00140666962, 5.83648586273, 9.802526474, 8.90521240234, 4.8235449791, 1.45373165607, 0.299014240503, 0.0541344806552, 0.00203848769888, 5.52858109586e-05],
        "var": [0.0628715977073, 3.96471571922, 36.447353363, 141.350784302, 354.136138916, 644.180908203, 1982.71154785, 3473.1706543, 4521.11816406, 11013.3017578, 19932.8886719, 5019.88818359, 18528.5449219, 11675.2216797, 3898.05493164, 2835.85620117, 3279.2734375, 1182.35900879, 2119.40844727, 1345.9083252, 465.18838501, 549.301086426, 301.789093018, 36.9879302979, 88.6383209229, 173.36869812, 79.8938598633, 72.0180740356, 58.5424537659, 38.8799209595, 81.0253295898, 34.0645675659, 96.0895233154, 79.3028106689, 23.2665863037, 2.11333584785, 0.0894095078111, 0.00293054198846, 4.15543217969e-06, 3.05652081423e-09]
    },
    "gfcc": {
        "mean": [25.8141403198, 93.465385437, -106.127365112, 11.8968334198, -70.0998153687, 14.9014930725, -40.3284797668, 14.8475379944, -23.0328578949, 9.7769575119, -17.0554428101, 2.94321393967, -9.06969642639],
        "cov": [[3823.97338867, -838.069641113, -136.717346191, -71.0825042725, -157.926864624, 66.5068664551, -256.192871094, 175.457992554, -106.148292542, 105.232429504, -246.985412598, 18.134979248, -47.1628761292], [-838.069641113, 1195.03161621, -278.619567871, -99.9052352905, 130.598007202, -76.678817749, 210.02571106, -64.9875946045, 111.462944031, -104.602828979, 165.175292969, -25.8210716248, 70.06980896], [-136.717346191, -278.619567871, 498.032348633, 120.365219116, -65.6774597168, 6.14054918289, -51.485824585, -45.7104797363, -47.6489982605, 37.0019035339, -8.82832336426, 17.0971374512, -56.9582595825], [-71.0825042725, -99.9052352905, 120.365219116, 325.130187988, -14.8086500168, -21.3809318542, -57.6530952454, -58.050453186, 26.901304245, 3.91722917557, 5.0396938324, -14.3293085098, -15.1182031631], [-157.926864624, 130.598007202, -65.6774597168, -14.8086500168, 212.344696045, 20.4855003357, 28.0634918213, 39.0610656738, 36.4646186829, 7.9857749939, -1.25001370907, -2.73825526237, 28.4603023529], [66.5068664551, -76.678817749, 6.14054918289, -21.3809318542, 20.4855003357, 165.7605896, 54.4587135315, 32.2640647888, -31.2138938904, -3.02145504951, -2.40812063217, -10.0467376709, 9.73204994202], [-256.192871094, 210.02571106, -51.485824585, -57.6530952454, 28.0634918213, 54.4587135315, 219.469940186, 22.8978805542, 6.01533460617, -28.8073329926, 38.3139305115, 25.8606147766, 2.45573949814], [175.457992554, -64.9875946045, -45.7104797363, -58.050453186, 39.0610656738, 32.2640647888, 22.8978805542, 144.651809692, 20.9845237732, 16.9520530701, -15.8032026291, 3.65718340874, 30.7471580505], [-106.148292542, 111.462944031, -47.6489982605, 26.901304245, 36.4646186829, -31.2138938904, 6.01533460617, 20.9845237732, 131.012527466, 31.2494678497, 17.9838409424, -1.94211733341, 3.26354932785], [105.232429504, -104.602828979, 37.0019035339, 3.91722917557, 7.9857749939, -3.02145504951, -28.8073329926, 16.9520530701, 31.2494678497, 104.00894928, 10.2877531052, 2.09864497185, 0.201513797045], [-246.985412598, 165.175292969, -8.82832336426, 5.0396938324, -1.25001370907, -2.40812063217, 38.3139305115, -15.8032026291, 17.9838409424, 10.2877531052, 110.066200256, 18.1964950562, 15.8841609955], [18.134979248, -25.8210716248, 17.0971374512, -14.3293085098, -2.73825526237, -10.0467376709, 25.8606147766, 3.65718340874, -1.94211733341, 2.09864497185, 18.1964950562, 75.6425857544, 8.2683801651], [-47.1628761292, 70.06980896, -56.9582595825, -15.1182031631, 28.4603023529, 9.73204994202, 2.45573949814, 30.7471580505, 3.26354932785, 0.201513797045, 15.8841609955, 8.2683801651, 96.6952972412]],
        "icov": [[0.000438939488959, -8.54258105392e-05, 0.000347528781276, -0.000125305625261, 0.0004317748826, -0.000338315352565, 0.00055303768022, -0.000610449176747, 0.000464663695311, -0.000654878327623, 0.000894396274816, -0.000659052049741, 0.00044326094212], [-8.54258105392e-05, 0.00276019377634, 0.000277289102087, 0.000990909058601, -0.00137452175841, 0.00180596578866, -0.00218009483069, 0.00202171783894, -0.00205689691938, 0.00285534467548, -0.00343307876028, 0.00280514778569, -0.00170070677996], [0.000347528781276, 0.000277289102087, 0.00307974615134, -0.00100606540218, 0.000573705416173, -0.000380385637982, 0.000472820014693, -0.000155366695253, 0.00136529281735, -0.00145350908861, 0.000364204053767, -0.00123929232359, 0.00153530808166], [-0.000125305625261, 0.000990909058601, -0.00100606540218, 0.00434815650806, -0.000659187731799, 0.000496838940307, -6.58062708681e-05, 0.00224211928435, -0.00242525245994, 0.00185370049439, -0.00161494477652, 0.00176703289617, -0.00106705131475], [0.0004317748826, -0.00137452175841, 0.000573705416173, -0.000659187731799, 0.00650655804202, -0.00172705494333, 0.000994545640424, -0.00213600741699, 2.62981484411e-05, -0.00219202507287, 0.00297254114412, -0.00171319115907, 1.60878735187e-05], [-0.000338315352565, 0.00180596578866, -0.000380385637982, 0.000496838940307, -0.00172705494333, 0.00911026354879, -0.00397115992382, 7.04172998667e-05, 0.000894107157364, 0.00147380959243, -0.00265483511612, 0.00420861365274, -0.00190722791012], [0.00055303768022, -0.00218009483069, 0.000472820014693, -6.58062708681e-05, 0.000994545640424, -0.00397115992382, 0.00874194595963, -0.00277085532434, 0.00112719694152, -0.000608705449849, 0.00128513970412, -0.00493989838287, 0.00305830640718], [-0.000610449176747, 0.00202171783894, -0.000155366695253, 0.00224211928435, -0.00213600741699, 7.04172998667e-05, -0.00277085532434, 0.0115569382906, -0.0038726287894, 0.00137773784809, -0.00115378759801, 0.0022334123496, -0.00436025112867], [0.000464663695311, -0.00205689691938, 0.00136529281735, -0.00242525245994, 2.62981484411e-05, 0.000894107157364, 0.00112719694152, -0.0038726287894, 0.0125859836116, -0.00589622464031, 0.00184313219506, -0.00191126088612, 0.00269541959278], [-0.000654878327623, 0.00285534467548, -0.00145350908861, 0.00185370049439, -0.00219202507287, 0.00147380959243, -0.000608705449849, 0.00137773784809, -0.00589622464031, 0.0157473329455, -0.0062958789058, 0.00320917973295, -0.0019546863623], [0.000894396274816, -0.00343307876028, 0.000364204053767, -0.00161494477652, 0.00297254114412, -0.00265483511612, 0.00128513970412, -0.00115378759801, 0.00184313219506, -0.0062958789058, 0.0169948115945, -0.00630338443443, 0.000310750678182], [-0.000659052049741, 0.00280514778569, -0.00123929232359, 0.00176703289617, -0.00171319115907, 0.00420861365274, -0.00493989838287, 0.0022334123496, -0.00191126088612, 0.00320917973295, -0.00630338443443, 0.0188250113279, -0.00382842379622], [0.00044326094212, -0.00170070677996, 0.00153530808166, -0.00106705131475, 1.60878735187e-05, -0.00190722791012, 0.00305830640718, -0.00436025112867, 0.00269541959278, -0.0019546863623, 0.000310750678182, -0.00382842379622, 0.0142133552581]]
    },
    "melbands": {
        "dmean": [0.000580781546887, 0.00093053287128, 0.000914519536309, 0.000470196740935, 0.000376606709324, 0.000384780432796, 0.000326406996464, 0.000378191936761, 0.000363610248314, 0.000164135926752, 0.000182984367711, 0.000140317628393, 8.36870458443e-05, 7.75005901232e-05, 4.24125391874e-05, 3.86340398109e-05, 2.7354048143e-05, 2.54166261584e-05, 2.4604567443e-05, 1.1169755453e-05, 1.11920662675e-05, 1.08581180029e-05, 5.49614014744e-06, 3.84157874578e-06, 2.07891253012e-06, 2.81438065031e-06, 2.54992392001e-06, 2.84731686406e-06, 2.2088033802e-06, 2.11119845517e-06, 1.82815881544e-06, 1.82403937288e-06, 1.60854710884e-06, 1.19398146126e-06, 1.06246636733e-06, 9.50144169565e-07, 1.22009100778e-06, 1.70165856161e-06, 1.74872968728e-06, 1.66425104453e-06],
        "dmean2": [0.000900837650988, 0.00159141782206, 0.00150881032459, 0.000761554460041, 0.000575930811465, 0.000587224960327, 0.000505143194459, 0.00058700540103, 0.000517083681189, 0.000261139735812, 0.000256514438661, 0.000204547934118, 0.000129919906612, 0.000113701316877, 6.66695414111e-05, 6.27369299764e-05, 4.55497975054e-05, 4.14011155954e-05, 3.83533697459e-05, 1.80677761819e-05, 1.83327429113e-05, 1.81470295502e-05, 8.88201520866e-06, 6.35081005385e-06, 3.2492102946e-06, 4.45094474344e-06, 3.92347283196e-06, 4.41995325673e-06, 3.3899416394e-06, 3.35674371854e-06, 2.89920944851e-06, 2.85902387986e-06, 2.43994827542e-06, 1.76860680767e-06, 1.56024736953e-06, 1.47185630794e-06, 1.80375809578e-06, 2.56532280218e-06, 2.73752721114e-06, 2.52087920671e-06],
        "dvar": [2.96167149827e-06, 1.06898378363e-05, 5.59565160074e-06, 7.65943184433e-07, 6.75325793509e-07, 3.91475481365e-07, 3.07548646106e-07, 5.46926514744e-07, 5.59082479867e-07, 9.76253531348e-08, 1.59602393524e-07, 9.95511157953e-08, 2.55123175918e-08, 2.1155507568e-08, 7.65183383322e-09, 6.01285821134e-09, 2.93922175487e-09, 4.27679625048e-09, 3.32091265598e-09, 4.22874346651e-10, 3.58309215631e-10, 5.03306007982e-10, 1.38774811087e-10, 6.16519266194e-11, 9.1896247556e-12, 2.28127638308e-11, 3.08163078389e-11, 3.30652519254e-11, 1.76667604157e-11, 2.33457732313e-11, 1.61124169562e-11, 1.27276366529e-11, 7.59137024076e-12, 4.58282890803e-12, 1.10151211069e-11, 5.29813996494e-12, 6.94282608835e-12, 2.22254194215e-11, 5.03850745848e-11, 3.2041116288e-11],
        "dvar2": [6.12993198956e-06, 2.91218530037e-05, 1.35579966809e-05, 1.81029213309e-06, 1.3076094092e-06, 8.95448181382e-07, 6.92715673267e-07, 1.10622772809e-06, 1.10054804736e-06, 2.35007235005e-07, 3.07639623998e-07, 2.17529418478e-07, 6.03846146419e-08, 4.61187816825e-08, 1.6778734846e-08, 1.43975311673e-08, 7.27790983035e-09, 1.08292974588e-08, 7.1875723151e-09, 1.01432928723e-09, 9.21859699687e-10, 1.19328735781e-09, 3.38438888026e-10, 1.73993194852e-10, 2.22847920672e-11, 5.33263364022e-11, 6.46308492835e-11, 7.05635966325e-11, 4.18753573483e-11, 5.93578727837e-11, 3.91641545583e-11, 3.07897596308e-11, 1.76328118773e-11, 9.34106351297e-12, 2.10160760322e-11, 1.21483491669e-11, 1.39365541676e-11, 4.83182313604e-11, 1.17611032024e-10, 6.87683104905e-11],
        "max": [0.0162149015814, 0.0283506736159, 0.0273949727416, 0.0109551809728, 0.0132484761998, 0.00715892808512, 0.00746490666643, 0.0108158150688, 0.0115514937788, 0.00402051676065, 0.00767969619483, 0.00531342299655, 0.00306081282906, 0.00191905291285, 0.00174153142143, 0.00112682546023, 0.000756283756346, 0.00103512045462, 0.00112257967703, 0.000216040338273, 0.000262501474936, 0.000355919124559, 0.000217139502638, 0.000127059858642, 5.3815125284e-05, 6.9673435064e-05, 8.62312881509e-05, 0.000109377549961, 6.77022544551e-05, 8.20942950668e-05, 5.75773847231e-05, 5.01893046021e-05, 4.201727279e-05, 4.67532845505e-05, 0.000110192835564, 4.96888533235e-05, 5.56165941816e-05, 6.67734566377e-05, 0.000110990993562, 0.000104074148112],
        "mean": [0.00104163913056, 0.00109082902782, 0.00103896192741, 0.000778396381065, 0.000828580989037, 0.000924239109736, 0.00076121930033, 0.000776437867898, 0.000753122381866, 0.000295758043649, 0.000383320933906, 0.000284752051812, 0.000155851317686, 0.000131497887196, 7.00601376593e-05, 6.57129712636e-05, 4.13844136347e-05, 3.99810596718e-05, 3.82034813811e-05, 1.88323083421e-05, 1.90558857867e-05, 1.87267669389e-05, 1.00262059277e-05, 7.2536645348e-06, 4.38193410446e-06, 5.16068303114e-06, 4.37028757005e-06, 5.42500811207e-06, 3.80585788662e-06, 3.18294860335e-06, 2.80385597762e-06, 2.95310951515e-06, 2.62290973296e-06, 2.02344494937e-06, 1.69500435732e-06, 1.54464009938e-06, 1.99112264454e-06, 2.5257352263e-06, 2.19137655222e-06, 2.1879502583e-06],
        "median": [0.000380058016162, 0.000416427646996, 0.000287721195491, 0.000427144230343, 0.000295292789815, 0.000434366404079, 0.000359953934094, 0.000400290795369, 0.000373389397282, 0.000152900611283, 0.000100754419691, 9.33234259719e-05, 7.38590460969e-05, 4.77078574477e-05, 3.07140871882e-05, 2.31591184274e-05, 2.12086997635e-05, 1.45614803841e-05, 1.58015645866e-05, 9.97630831989e-06, 1.09039337985e-05, 1.02580288512e-05, 4.83655639982e-06, 4.65672519567e-06, 2.78322886516e-06, 3.14062344842e-06, 1.91008280126e-06, 2.93122434414e-06, 1.75580794348e-06, 1.56041096488e-06, 1.19959372569e-06, 1.35589550609e-06, 1.09273184989e-06, 8.13157896573e-07, 5.21361300798e-07, 5.43510736861e-07, 6.85684767632e-07, 6.52834842185e-07, 5.2298008768e-07, 5.43549845133e-07],
        "min": [1.08913094803e-23, 4.93272988541e-24, 6.03330326087e-24, 1.2346323977e-23, 1.37798964453e-23, 8.83964556005e-24, 6.84990958742e-24, 1.1010129682e-24, 1.25702421449e-24, 5.10273493251e-24, 9.36241894877e-24, 5.30953757983e-24, 1.14227193182e-23, 9.94117306278e-24, 9.79691406904e-24, 1.56162399927e-23, 1.21123643985e-23, 1.01353574855e-23, 9.7101164925e-24, 1.30511128201e-23, 1.75409801376e-23, 5.60192295789e-24, 1.39461977905e-23, 1.79244533122e-23, 6.51062130094e-24, 1.2646907592e-23, 7.16667589505e-24, 1.01631963868e-23, 1.34713003701e-23, 1.18016234105e-23, 1.06591713817e-23, 1.19911914192e-23, 9.64591978089e-24, 1.29930542352e-23, 8.37878591947e-24, 7.55933929923e-24, 9.5231698686e-24, 8.34228453652e-24, 1.14917840905e-23, 9.97129019441e-24],
        "stdev": [0.00218327785842, 0.00282824761234, 0.00237115938216, 0.00108270347118, 0.00154804566409, 0.00120337097906, 0.000983980717137, 0.001105427742, 0.00118084996939, 0.000429532025009, 0.000760449271183, 0.000535889936145, 0.000234622115386, 0.000237668587943, 0.000127118182718, 0.000125241305795, 6.57490090816e-05, 9.06007335288e-05, 8.22419242468e-05, 2.74527319561e-05, 2.52842000918e-05, 2.86635895463e-05, 1.82281964953e-05, 9.91096112557e-06, 4.95847234561e-06, 6.72350506647e-06, 8.03403690952e-06, 9.92045988824e-06, 5.9502312979e-06, 5.67436200072e-06, 4.86722910864e-06, 4.64089953311e-06, 3.78342747354e-06, 3.51687435796e-06, 5.81206586503e-06, 3.56222699338e-06, 4.0942504711e-06, 6.5992871896e-06, 8.51510867506e-06, 7.42858355807e-06],
        "var": [4.76670174976e-06, 7.99898498371e-06, 5.62239711144e-06, 1.17224669793e-06, 2.39644532485e-06, 1.44810167058e-06, 9.68218159869e-07, 1.22197059227e-06, 1.394406695e-06, 1.84497764621e-07, 5.7828304989e-07, 2.87178039571e-07, 5.5047536307e-08, 5.64863604779e-08, 1.61590332226e-08, 1.56853836586e-08, 4.3229322344e-09, 8.20849255234e-09, 6.76373401731e-09, 7.53652473762e-10, 6.39290731463e-10, 8.21601398027e-10, 3.32267158232e-10, 9.82271416983e-11, 2.4586449196e-11, 4.5205519883e-11, 6.45457437498e-11, 9.841551879e-11, 3.54052516471e-11, 3.21983828488e-11, 2.36899180828e-11, 2.15379467733e-11, 1.43143240317e-11, 1.23684049114e-11, 3.37801071837e-11, 1.26894605934e-11, 1.67628879527e-11, 4.35505902174e-11, 7.25070767316e-11, 5.51838540142e-11]
    },
    "melbands128": {
