{
"lowlevel": {
    "average_loudness": 0.980647742748,
    "barkbands_crest": {
        "dmean": 2.59647917747,
        "dmean2": 3.80051827431,
        "dvar": 6.38245248795,
        "dvar2": 12.2876272202,
        "max": 25.2340316772,
        "mean": 11.6746063232,
        "median": 10.4379320145,
        "min": 3.22341823578,
        "stdev": 4.91875362396,
        "var": 24.1941375732
    },
    "barkbands_flatness_db": {
        "dmean": 0.0330537930131,
        "dmean2": 0.0438564382493,
        "dvar": 0.00112901092507,
        "dvar2": 0.00176224752795,
        "max": 0.515183389187,
        "mean": 0.175430670381,
        "median": 0.163167968392,
        "min": 0.0323065109551,
        "stdev": 0.0709925144911,
        "var": 0.00503993732855
    },
    "barkbands_kurtosis": {
        "dmean": 4.86516714096,
        "dmean2": 7.44159698486,
        "dvar": 76.2232894897,
        "dvar2": 177.611236572,
        "max": 150.192687988,
        "mean": 7.6918554306,
        "median": 3.58055591583,
        "min": -1.87186491489,
        "stdev": 12.0543012619,
        "var": 145.306167603
    },
    "barkbands_skewness": {
        "dmean": 0.672747790813,
        "dmean2": 1.00035488605,
        "dvar": 0.533864974976,
        "dvar2": 1.18796980381,
        "max": 11.3639307022,
        "mean": 1.99683916569,
        "median": 1.76732361317,
        "min": -1.84517526627,
        "stdev": 1.39580786228,
        "var": 1.94827961922
    },
    "barkbands_spread": {
        "dmean": 5.93187856674,
        "dmean2": 9.03756713867,
        "dvar": 64.5602035522,
        "dvar2": 136.105957031,
        "max": 85.2425994873,
        "mean": 18.2526569366,
        "median": 15.6734085083,
        "min": 0.440821677446,
        "stdev": 12.914727211,
        "var": 166.790176392
    },
    "dissonance": {
        "dmean": 0.0348534137011,
        "dmean2": 0.0571837760508,
        "dvar": 0.00120241311379,
        "dvar2": 0.00311889359728,
        "max": 0.498609751463,
        "mean": 0.43004578352,
        "median": 0.439402371645,
        "min": 0.0344600304961,
        "stdev": 0.0453340485692,
        "var": 0.00205517583527
    },
    "dynamic_complexity": 1.58407855034,
    "erbbands_crest": {
        "dmean": 3.12598419189,
        "dmean2": 4.91443586349,
        "dvar": 8.93114566803,
        "dvar2": 21.3464736938,
        "max": 30.9311275482,
        "mean": 10.6749916077,
        "median": 9.56123828888,
        "min": 2.92954826355,
        "stdev": 4.66386699677,
        "var": 21.7516536713
    },
    "erbbands_flatness_db": {
        "dmean": 0.0226473081857,
        "dmean2": 0.0328185670078,
        "dvar": 0.000540316512343,
        "dvar2": 0.00102311966475,
        "max": 0.325730919838,
        "mean": 0.16687451303,
        "median": 0.161302015185,
        "min": 0.0669904649258,
        "stdev": 0.0413462519646,
        "var": 0.0017095124349
    },
    "erbbands_kurtosis": {
        "dmean": 1.65091633797,
        "dmean2": 2.55159258842,
        "dvar": 8.20214748383,
        "dvar2": 20.3618812561,
        "max": 43.3850669861,
        "mean": 1.65919351578,
        "median": 0.797685861588,
        "min": -1.78068232536,
        "stdev": 3.34876203537,
        "var": 11.2142066956
    },
    "erbbands_skewness": {
        "dmean": 0.459990143776,
        "dmean2": 0.688272833824,
        "dvar": 0.213911920786,
        "dvar2": 0.473137259483,
        "max": 5.78497219086,
        "mean": 0.616641700268,
        "median": 0.574761271477,
        "min": -2.37932014465,
        "stdev": 0.819689869881,
        "var": 0.671891450882
    },
    "erbbands_spread": {
        "dmean": 10.8082418442,
        "dmean2": 16.3042793274,
        "dvar": 184.971847534,
        "dvar2": 408.024261475,
        "max": 156.248428345,
        "mean": 36.6654777527,
        "median": 32.132068634,
        "min": 5.58556938171,
        "stdev": 20.9597873688,
        "var": 439.312652588
    },
    "hfc": {
        "dmean": 9.61910820007,
        "dmean2": 15.0041360855,
        "dvar": 313.442565918,
        "dvar2": 835.500976562,
        "max": 182.872283936,
        "mean": 26.2298946381,
        "median": 21.6429862976,
        "min": 1.23151946616e-16,
        "stdev": 20.2822875977,
        "var": 411.37121582
    },
    "loudness_ebu128": {
        "integrated": -6.9410943985,
        "loudness_range": 0.957214355469,
        "momentary": {
            "dmean": 0.469748526812,
            "dmean2": 0.566823244095,
            "dvar": 0.152918621898,
            "dvar2": 0.226595520973,
            "max": -5.2095451355,
            "mean": -7.06345033646,
            "median": -6.94265174866,
            "min": -10.3940582275,
            "stdev": 1.0559476614,
            "var": 1.11502552032
        },
        "short_term": {
            "dmean": 0.0563072636724,
            "dmean2": 0.0749550312757,
            "dvar": 0.00202675163746,
            "dvar2": 0.00376958958805,
            "max": -6.26000881195,
            "mean": -6.96050214767,
            "median": -7.0272436142,
            "min": -7.55558586121,
            "stdev": 0.306548923254,
            "var": 0.0939722433686
        }
    },
    "melbands_crest": {
        "dmean": 3.09103655815,
        "dmean2": 4.81405305862,
        "dvar": 10.9888772964,
        "dvar2": 22.497215271,
        "max": 34.2706604004,
        "mean": 15.6088113785,
        "median": 14.2921380997,
        "min": 4.26079559326,
        "stdev": 6.02132606506,
        "var": 36.2563667297
    },
    "melbands_flatness_db": {
        "dmean": 0.0416335985065,
        "dmean2": 0.0548425801098,
        "dvar": 0.00186845869757,
        "dvar2": 0.00306576653384,
        "max": 0.664850831032,
        "mean": 0.249615043402,
        "median": 0.239347308874,
        "min": 0.010515392758,
        "stdev": 0.0944368243217,
        "var": 0.00891831424087
    },
    "melbands_kurtosis": {
        "dmean": 10.115149498,
        "dmean2": 15.7976512909,
        "dvar": 461.462860107,
        "dvar2": 1176.75634766,
        "max": 523.320800781,
        "mean": 18.3046417236,
        "median": 10.0098247528,
        "min": -1.34880161285,
        "stdev": 25.4540634155,
        "var": 647.909301758
    },
    "melbands_skewness": {
        "dmean": 0.862743377686,
        "dmean2": 1.28794336319,
        "dvar": 0.968428552151,
        "dvar2": 2.21207022667,
        "max": 17.6753101349,
        "mean": 2.97129964828,
        "median": 2.59973883629,
        "min": -0.28938177228,
        "stdev": 1.77311313152,
        "var": 3.14393019676
    },
    "melbands_spread": {
        "dmean": 6.26504945755,
        "dmean2": 9.32856845856,
        "dvar": 76.1957321167,
        "dvar2": 163.215438843,
        "max": 140.715637207,
        "mean": 18.2926387787,
        "median": 13.8853683472,
        "min": 0.474008202553,
        "stdev": 15.1087427139,
        "var": 228.274093628
    },
    "pitch_salience": {
        "dmean": 0.0813522338867,
        "dmean2": 0.124837055802,
        "dvar": 0.00730741070583,
        "dvar2": 0.0171132925898,
        "max": 0.962811350822,
        "mean": 0.488514661789,
        "median": 0.487974494696,
        "min": 0.103590153158,
        "stdev": 0.134369552135,
        "var": 0.0180551763624
    },
    "silence_rate_20dB": {
        "dmean": 0,
        "dmean2": 0,
        "dvar": 0,
        "dvar2": 0,
        "max": 1,
        "mean": 1,
        "median": 1,
        "min": 1,
        "stdev": 0,
        "var": 0
    },
    "silence_rate_30dB": {
        "dmean": 0.0588235296309,
        "dmean2": 0.117738187313,
        "dvar": 0.0553634911776,
        "dvar2": 0.108523212373,
        "max": 1,
        "mean": 0.879350364208,
        "median": 1,
        "min": 0,
        "stdev": 0.325720101595,
        "var": 0.106093592942
    },
    "silence_rate_60dB": {
        "dmean": 0.00232198135927,
        "dmean2": 0.00464755995199,
        "dvar": 0.00231665791944,
        "dvar2": 0.00617502909154,
        "max": 1,
        "mean": 0.00232018553652,
        "median": 0,
        "min": 0,
        "stdev": 0.0481131896377,
        "var": 0.00231487886049
    },
    "spectral_centroid": {
        "dmean": 255.665756226,
        "dmean2": 381.437927246,
        "dvar": 137718.953125,
        "dvar2": 227942.96875,
        "max": 10385.7167969,
        "mean": 1001.94781494,
        "median": 902.754211426,
        "min": 176.448776245,
        "stdev": 594.981750488,
        "var": 354003.28125
    },
    "spectral_complexity": {
        "dmean": 3.27321982384,
        "dmean2": 5.15259504318,
        "dvar": 23.4618225098,
        "dvar2": 53.4814147949,
        "max": 49,
        "mean": 14.6705331802,
        "median": 14,
        "min": 0,
        "stdev": 6.1906785965,
        "var": 38.3245010376
    },
    "spectral_decrease": {
        "dmean": 3.83116738334e-09,
        "dmean2": 5.5721804948e-09,
        "dvar": 2.63075446682e-17,
        "dvar2": 5.13832089547e-17,
        "max": 2.35447057234e-29,
        "mean": -1.27743362555e-08,
        "median": -1.02330508511e-08,
        "min": -5.02097741162e-08,
        "stdev": 9.6342187561e-09,
        "var": 9.28181681451e-17
    },
    "spectral_energy": {
        "dmean": 0.0150487916544,
        "dmean2": 0.0219052918255,
        "dvar": 0.000392221671063,
        "dvar2": 0.000783693394624,
        "max": 0.19121080637,
        "mean": 0.0505924634635,
        "median": 0.0409351475537,
        "min": 1.10813905073e-20,
        "stdev": 0.0367684662342,
        "var": 0.00135192007292
    },
    "spectral_energyband_high": {
        "dmean": 0.000649601162877,
        "dmean2": 0.00107607932296,
        "dvar": 2.15149611904e-06,
        "dvar2": 5.75940111958e-06,
        "max": 0.0151252895594,
        "mean": 0.00096311699599,
        "median": 0.000531668018084,
        "min": 8.17958841193e-21,
        "stdev": 0.00147282960825,
        "var": 2.169227173e-06
    },
    "spectral_energyband_low": {
        "dmean": 0.00991709064692,
        "dmean2": 0.0143957370892,
        "dvar": 0.000357845332474,
        "dvar2": 0.00064138736343,
        "max": 0.174012184143,
        "mean": 0.0266259107739,
        "median": 0.0186408013105,
        "min": 3.7498178119e-23,
        "stdev": 0.0343433655798,
        "var": 0.00117946683895
    },
    "spectral_energyband_middle_high": {
        "dmean": 0.00317169190384,
        "dmean2": 0.00481542292982,
        "dvar": 3.56711789209e-05,
        "dvar2": 9.32956463657e-05,
        "max": 0.0636344179511,
        "mean": 0.00702810753137,
        "median": 0.00426896149293,
        "min": 1.39471264375e-21,
        "stdev": 0.00773740699515,
        "var": 5.98674669163e-05
    },
    "spectral_energyband_middle_low": {
        "dmean": 0.00793161336333,
        "dmean2": 0.0128159495071,
        "dvar": 0.000181474955752,
        "dvar2": 0.00047535757767,
        "max": 0.148668348789,
        "mean": 0.0175880957395,
        "median": 0.0142416814342,
        "min": 4.72036594226e-22,
        "stdev": 0.0140472110361,
        "var": 0.000197324130568
    },
    "spectral_entropy": {
        "dmean": 0.34402346611,
        "dmean2": 0.495958715677,
        "dvar": 0.114758081734,
        "dvar2": 0.208127334714,
        "max": 9.78437328339,
        "mean": 7.13169336319,
        "median": 7.11714076996,
        "min": 5.28318357468,
        "stdev": 0.57361727953,
        "var": 0.329036772251
    },
    "spectral_flux": {
        "dmean": 0.0433928444982,
        "dmean2": 0.0654836893082,
        "dvar": 0.00196749274619,
        "dvar2": 0.00346442614682,
        "max": 0.378295570612,
        "mean": 0.109567932785,
        "median": 0.0909884721041,
        "min": 1.05268183059e-10,
        "stdev": 0.0693693459034,
        "var": 0.00481210649014
    },
    "spectral_kurtosis": {
        "dmean": 3.18719244003,
        "dmean2": 4.80600881577,
        "dvar": 33.1651725769,
        "dvar2": 61.5603141785,
        "max": 112.30847168,
        "mean": 6.23001241684,
        "median": 4.0336432457,
        "min": -1.33022856712,
        "stdev": 8.63883590698,
        "var": 74.6294937134
    },
    "spectral_rms": {
        "dmean": 0.00102151511237,
        "dmean2": 0.001470145653,
        "dvar": 1.43388888318e-06,
        "dvar2": 2.73514478977e-06,
        "max": 0.0136582255363,
        "mean": 0.00661143101752,
        "median": 0.006319551263,
        "min": 3.28802566771e-12,
        "stdev": 0.00237644021399,
        "var": 5.64746824239e-06
    },
    "spectral_rolloff": {
        "dmean": 428.24710083,
        "dmean2": 725.626037598,
        "dvar": 995395.875,
        "dvar2": 2127870,
        "max": 18906.1523438,
        "mean": 1097.9609375,
        "median": 732.12890625,
        "min": 64.599609375,
        "stdev": 1271.98193359,
        "var": 1617938
    },
    "spectral_skewness": {
        "dmean": 0.441985756159,
        "dmean2": 0.638371169567,
        "dvar": 0.271938472986,
        "dvar2": 0.508497357368,
        "max": 9.09664440155,
        "mean": 1.97451043129,
        "median": 1.81564891338,
        "min": 0.0251608416438,
        "stdev": 0.86598110199,
        "var": 0.749923229218
    },
    "spectral_spread": {
        "dmean": 977285.375,
        "dmean2": 1414972.375,
        "dvar": 1.64376005837e+12,
        "dvar2": 2.46628614144e+12,
        "max": 42093064,
        "mean": 5390578.5,
        "median": 5315248.5,
        "min": 692429.875,
        "stdev": 2113719.25,
        "var": 4.46780879667e+12
    },
    "spectral_strongpeak": {
        "dmean": 0.606543600559,
        "dmean2": 1.04617154598,
        "dvar": 1.23173522949,
        "dvar2": 2.79404902458,
        "max": 10.7358322144,
        "mean": 1.09830868244,
        "median": 0.659362018108,
        "min": 0,
        "stdev": 1.43072319031,
        "var": 2.04696893692
    },
    "zerocrossingrate": {
        "dmean": 0.0117795960978,
        "dmean2": 0.0139589430764,
        "dvar": 0.000340118509484,
        "dvar2": 0.000378561031539,
        "max": 0.513671875,
        "mean": 0.0479973293841,
        "median": 0.04296875,
        "min": 0.00244140625,
        "stdev": 0.0336679704487,
        "var": 0.00113353226334
    },
    "barkbands": {
        "dmean": [0.000604854431003, 0.00833387020975, 0.00455622002482, 0.00224563432857, 0.00336502608843, 0.00211229617707, 0.000761091418099, 0.000908920716029, 0.00119691400323, 0.000639249454252, 0.000807415111922, 0.000724617915694, 0.000477809458971, 0.000727697566617, 0.000588861992583, 0.000321125524351, 0.000282643683022, 0.000202356852242, 0.000109993517981, 0.000121506134747, 0.00010061305511, 0.000150592546561, 0.000138232819154, 0.000164092780324, 9.31990507524e-05, 2.34288327192e-05, 9.07619096324e-07],
        "dmean2": [0.000988883548416, 0.0105181969702, 0.00807974860072, 0.00407082773745, 0.00554013811052, 0.00344335264526, 0.00126924132928, 0.00139746069908, 0.00167294126004, 0.000983359059319, 0.00117997231428, 0.00117375771515, 0.000771212333348, 0.00114299426787, 0.000885822053533, 0.000489971484058, 0.000428942032158, 0.00031460687751, 0.000168950849911, 0.000202879615244, 0.000164659519214, 0.000253348523984, 0.000230117657338, 0.000267636729404, 0.000147005848703, 3.79064113076e-05, 1.53478060838e-06],
        "dvar": [2.66249230663e-06, 0.000286909256829, 0.000178895046702, 4.48201790277e-05, 4.67391910206e-05, 1.19049091154e-05, 1.80397523764e-06, 2.65002245214e-06, 4.7595972319e-06, 2.25568624046e-06, 3.89920433008e-06, 4.13230782215e-06, 2.39828295889e-06, 3.4969666558e-06, 2.85115652332e-06, 4.88383193442e-07, 3.27953557644e-07, 2.06551106885e-07, 3.98214865527e-08, 9.08064023974e-08, 4.93685341496e-08, 9.14404125751e-08, 8.17132672637e-08, 1.37090140129e-07, 4.59497613292e-08, 3.14175618854e-09, 5.6639393696e-12],
        "dvar2": [7.82504866947e-06, 0.000395171606215, 0.000500291818753, 0.00012382773275, 0.000125126258354, 3.12457450491e-05, 4.6319669309e-06, 6.12255507804e-06, 9.71624558588e-06, 4.91454920848e-06, 7.43743839848e-06, 1.03204456536e-05, 6.22750667389e-06, 8.67459220899e-06, 6.20541095486e-06, 1.07651578674e-06, 6.80028847455e-07, 4.57631330164e-07, 9.6041972597e-08, 2.51876059565e-07, 1.31289155547e-07, 2.443405549e-07, 2.14548862232e-07, 3.58226799335e-07, 1.13018515435e-07, 6.70227429111e-09, 1.4794663758e-11],
        "max": [0.014010367915, 0.168444141746, 0.0960284620523, 0.0853393375874, 0.0727724581957, 0.0347438715398, 0.0162030141801, 0.0203707497567, 0.0313122086227, 0.0198372267187, 0.0397768840194, 0.0290517397225, 0.0200726874173, 0.0254853423685, 0.0239272955805, 0.010600283742, 0.0081286393106, 0.00775391049683, 0.00301965512335, 0.00260808877647, 0.00263559515588, 0.00260166916996, 0.00311900814995, 0.00503178266808, 0.00333811971359, 0.000947898253798, 4.82994146296e-05],
        "mean": [0.000716602953617, 0.0182452183217, 0.00632260274142, 0.00260824826546, 0.0055455355905, 0.00386514584534, 0.00110083865002, 0.00166494958103, 0.00222464697435, 0.000961651210673, 0.00141664966941, 0.000980769982561, 0.000478099973407, 0.00100841210224, 0.000965044717304, 0.000484816671815, 0.000517893524375, 0.000289275456453, 0.000168995480635, 0.000137554641697, 0.000119541633467, 0.000187238256331, 0.000185002369108, 0.000233316153754, 0.000133289024234, 3.02882817778e-05, 8.94685854291e-07],
        "median": [3.17488556902e-05, 0.00711740227416, 0.00402847630903, 0.00116044655442, 0.00193346722517, 0.00226684426889, 0.000416044436861, 0.00104830006603, 0.001021352713, 0.000248957716394, 0.000473127525765, 0.000137777562486, 5.25076502527e-05, 0.000109690670797, 0.000110224769742, 8.49646821734e-05, 0.000118877927889, 8.3659455413e-05, 6.71435918775e-05, 4.65741832159e-05, 2.55664817814e-05, 7.30599495e-05, 8.19917331683e-05, 0.00010550065781, 5.78474173381e-05, 1.35510081236e-05, 1.89034267351e-07],
        "min": [8.27888141899e-24, 1.27062386095e-23, 1.2790841575e-23, 1.35117421133e-23, 8.67041690985e-23, 7.2465526371e-23, 2.16888861923e-22, 4.63879463232e-23, 1.97360124276e-23, 4.88262964486e-23, 7.4415401202e-23, 4.05226045653e-23, 8.89410441487e-23, 6.47978551702e-23, 1.15447395342e-22, 2.02967284482e-22, 1.86715310952e-22, 2.20921039243e-22, 2.56057560294e-22, 3.48561687203e-22, 6.50874415909e-22, 5.6566986508e-22, 4.97059817497e-22, 8.09050241301e-22, 1.50644735675e-21, 1.41672198923e-21, 2.66584620036e-21],
        "stdev": [0.00173531915061, 0.0306593887508, 0.0112016992643, 0.00560295395553, 0.00831201951951, 0.00446644239128, 0.0018155509606, 0.00219928449951, 0.00318874558434, 0.00204895064235, 0.00313350465149, 0.0026126736775, 0.00152708822861, 0.002413027687, 0.00244797184132, 0.00104424566962, 0.00101351202466, 0.0005630874075, 0.000266785500571, 0.000275570113445, 0.000226940624998, 0.000301650696201, 0.000302131316857, 0.000409097177908, 0.000257204344962, 6.60627119942e-05, 2.23326583182e-06],
        "var": [3.0113324101e-06, 0.000939998077229, 0.000125478065456, 3.13930904667e-05, 6.90896704327e-05, 1.99491059902e-05, 3.29622548634e-06, 4.8368519856e-06, 1.01680989246e-05, 4.1981988943e-06, 9.81885114015e-06, 6.82606378177e-06, 2.33199830291e-06, 5.82270286031e-06, 5.99256645728e-06, 1.09044901819e-06, 1.02720662198e-06, 3.17067417654e-07, 7.11745045123e-08, 7.59388854021e-08, 5.15020488479e-08, 9.09931472393e-08, 9.12833328925e-08, 1.67360511227e-07, 6.61540724423e-08, 4.36428182482e-09, 4.98747657757e-12]
    },
    "erbbands": {
        "dmean": [0.280161708593, 1.90675210953, 4.76065921783, 6.2068195343, 11.3057355881, 10.0643405914, 13.162484169, 17.6583633423, 13.7224187851, 10.0734510422, 25.8805751801, 24.0499038696, 20.7109394073, 22.0245132446, 28.9998912811, 30.0720024109, 22.106798172, 39.3162536621, 24.1216487885, 27.0605220795, 16.0666294098, 15.8341789246, 11.6541595459, 5.41135835648, 5.66338205338, 5.15368747711, 5.17501878738, 3.86280608177, 4.79765367508, 5.08213710785, 3.9174425602, 3.17778849602, 2.73734664917, 1.22122812271, 0.635356724262, 0.167285457253, 0.0326480232179, 0.00376018509269, 0.000113019290438, 1.98850739253e-05],
        "dmean2": [0.353466361761, 2.41099143028, 8.05807495117, 10.9663925171, 19.1954669952, 16.7519397736, 22.3695030212, 28.5026626587, 22.358537674, 15.7311840057, 39.2311134338, 33.6361083984, 30.0316467285, 35.1894836426, 41.8505020142, 47.1289253235, 35.6731567383, 62.1665420532, 36.7106552124, 38.8335571289, 24.4122219086, 23.6438331604, 18.0424747467, 8.55221939087, 8.61875247955, 8.53622245789, 8.86138153076, 6.25894355774, 7.95506238937, 8.43016529083, 6.48700428009, 5.16456985474, 4.46263551712, 1.93024969101, 1.01006400585, 0.266105413437, 0.0533369481564, 0.00604351051152, 0.000184891818208, 2.92717668344e-05],
        "dvar": [0.440611720085, 14.3400325775, 168.723831177, 304.422302246, 671.653625488, 437.805480957, 596.386291504, 1008.76550293, 631.1875, 430.922119141, 1824.64550781, 2276.4934082, 2082.95239258, 2752.72753906, 7869.10058594, 8023.37841797, 5285.28613281, 10699.8027344, 5516.08544922, 5198.82177734, 1329.13183594, 1058.82116699, 680.408508301, 159.114425659, 86.6864471436, 174.223251343, 219.258514404, 50.4946403503, 95.2143707275, 90.7798309326, 74.3123779297, 59.4097938538, 34.4861297607, 8.04590129852, 2.30945396423, 0.14310233295, 0.00662239920348, 8.28630436445e-05, 6.94270596568e-08, 6.72987054973e-10],
        "dvar2": [0.537931919098, 23.7167015076, 456.580841064, 842.388549805, 1807.89160156, 1137.9597168, 1644.03161621, 2590.5559082, 1605.75463867, 879.967834473, 4146.94287109, 4603.20166016, 3823.859375, 6350.77685547, 15113.6044922, 19889.5839844, 13848.7001953, 27177.4277344, 13104.2373047, 9050.13085938, 3145.20776367, 2062.24267578, 1465.9543457, 398.622192383, 205.087478638, 478.05847168, 616.559020996, 129.977203369, 251.206893921, 233.094161987, 198.288269043, 154.349838257, 89.0034866333, 19.9500408173, 5.83732509613, 0.304536402225, 0.0153261907399, 0.000186361547094, 1.63248415674e-07, 1.53310253381e-09],
        "max": [6.70633602142, 40.1924591064, 95.096496582, 152.040847778, 280.176391602, 198.617721558, 211.515792847, 385.880371094, 275.995635986, 299.352416992, 620.321105957, 684.977722168, 763.293884277, 843.183532715, 1651.19238281, 1009.40570068, 978.057189941, 1487.09179688, 1454.18005371, 1388.30334473, 635.765258789, 481.995025635, 435.651977539, 247.073638916, 109.954376221, 115.707954407, 172.722198486, 68.5905761719, 97.5205459595, 91.941444397, 85.3576583862, 129.901306152, 77.3104705811, 43.269329071, 21.2467384338, 6.34477043152, 1.44476807117, 0.218240946531, 0.00548586854711, 0.000223031631322],
        "mean": [0.551318228245, 3.9259223938, 7.37753152847, 9.00251579285, 17.111448288, 15.4938583374, 21.5423870087, 30.9155693054, 22.3226833344, 17.7566394806, 52.74792099, 46.0280609131, 36.398399353, 40.4136657715, 45.3924560547, 43.0047988892, 26.1405124664, 54.3735275269, 37.7828521729, 48.9591674805, 28.0212688446, 29.6799888611, 18.0024032593, 7.9741358757, 9.1817150116, 5.97110557556, 5.26785373688, 5.02987337112, 6.24121284485, 6.50895214081, 5.17225170135, 4.34542417526, 3.92046570778, 1.79181277752, 0.834881365299, 0.223660707474, 0.0394483990967, 0.00463843671605, 0.000160955998581, 6.50507281534e-05],
        "median": [0.128557741642, 1.7028144598, 5.8800611496, 3.42050266266, 5.35954475403, 5.43577671051, 10.8158588409, 17.300163269, 10.9248332977, 8.08631134033, 33.5036659241, 22.4003257751, 9.85292625427, 19.1916332245, 9.35018444061, 7.10612392426, 4.92020606995, 8.69153308868, 7.06091403961, 6.91448259354, 6.80626487732, 7.78318595886, 5.93784618378, 3.43761754036, 3.85810184479, 2.17353177071, 1.27926409245, 1.2915199995, 2.40493392944, 3.01447987556, 2.21132183075, 1.82555782795, 1.75837218761, 0.761229872704, 0.315323978662, 0.0963263660669, 0.0168879814446, 0.00210652942769, 8.78021746757e-05, 5.45300681551e-05],
        "min": [5.45298169603e-22, 2.2480969689e-21, 1.21135786259e-20, 2.99014934692e-20, 1.12668074037e-19, 3.11502337563e-19, 7.25529886341e-19, 5.45231396175e-19, 3.2510516247e-18, 1.82965547936e-18, 5.07076191156e-19, 4.24507746194e-19, 1.44120494966e-18, 2.18442476548e-18, 2.39340015992e-18, 1.75213666185e-18, 3.62863207058e-18, 2.77959072879e-18, 5.50738175327e-18, 8.07870329307e-18, 1.35488916973e-17, 1.12639607651e-17, 1.20450409477e-17, 1.24718934407e-17, 1.19677657349e-17, 1.73728558521e-17, 2.15006459274e-17, 2.65546582587e-17, 2.36075328502e-17, 1.24947674662e-17, 1.66695637342e-17, 1.38478173999e-17, 1.64273536703e-17, 1.56286760473e-17, 1.08649321463e-17, 5.49907810069e-18, 2.84397577934e-18, 1.23197685154e-18, 3.52972132844e-19, 4.20548058451e-20],
        "stdev": [1.18653202057, 6.17311954498, 11.6401834488, 15.3985700607, 28.9771118164, 25.0927524567, 28.3989810944, 40.1374473572, 33.4314804077, 30.3672332764, 63.2448883057, 68.4891967773, 75.0054550171, 77.8593444824, 130.56968689, 116.240951538, 72.5061035156, 123.639793396, 89.7402191162, 131.445343018, 53.517539978, 58.0712089539, 33.1386184692, 14.1845016479, 13.1938457489, 12.2300243378, 12.530122757, 8.25521659851, 10.1098737717, 10.1657161713, 8.79776096344, 8.49544334412, 6.56503295898, 3.3738515377, 1.71517062187, 0.463728457689, 0.0888974294066, 0.00986863765866, 0.000276016304269, 4.27179693361e-05],
        "var": [1.40785837173, 38.1074066162, 135.493881226, 237.115966797, 839.672973633, 629.646240234, 806.50213623, 1611.01464844, 1117.66381836, 922.168884277, 3999.91577148, 4690.77001953, 5625.81835938, 6062.07714844, 17048.4414062, 13511.9580078, 5257.13525391, 15286.7978516, 8053.30712891, 17277.8769531, 2864.12719727, 3372.26538086, 1098.16809082, 201.200088501, 174.077575684, 149.573501587, 157.003982544, 68.1486053467, 102.20955658, 103.341789246, 77.4005966187, 72.1725616455, 43.0996551514, 11.3828735352, 2.94181036949, 0.215044081211, 0.00790275260806, 9.73900023382e-05, 7.61849960895e-08, 1.82482484679e-09]
    },
    "gfcc": {
        "mean": [14.0264596939, 98.836555481, -95.2582321167, 24.5300102234, -65.2428588867, 21.7646446228, -47.0924110413, 16.6673545837, -19.214838028, -3.0863673687, -16.2063694, -1.27110886574, -8.81491851807],
        "cov": [[4876.27050781, -1172.26635742, -727.527770996, 381.442779541, -114.393951416, 591.4609375, -175.93788147, 71.9304046631, 57.4669303894, 302.389038086, -173.308914185, 102.666870117, -179.746795654], [-1172.26635742, 1533.70495605, 554.624450684, -108.132232666, 467.960083008, -90.091796875, 320.399993896, 76.1763916016, 60.6183547974, -156.501312256, 230.805587769, -81.5983428955, 60.0013046265], [-727.527770996, 554.624450684, 1032.59692383, 268.696624756, 172.713989258, 63.1399917603, 231.510452271, 157.875289917, 45.0170707703, 5.83087968826, 113.09577179, -5.04990100861, 72.077041626], [381.442779541, -108.132232666, 268.696624756, 523.404296875, 127.702980042, 35.6627197266, 7.29488801956, 92.6527557373, 115.411071777, 62.7277183533, -50.8270988464, -36.5428161621, 71.7233734131], [-114.393951416, 467.960083008, 172.713989258, 127.702980042, 502.926025391, 77.2001113892, 95.7519073486, 133.816726685, 100.299949646, 1.85660719872, 72.9747085571, -46.0913505554, 22.3847103119], [591.4609375, -90.091796875, 63.1399917603, 35.6627197266, 77.2001113892, 413.396575928, 152.342987061, 26.8369560242, 80.7125549316, 118.611526489, 31.7283000946, 46.1475791931, -45.7263069153], [-175.93788147, 320.399993896, 231.510452271, 7.29488801956, 95.7519073486, 152.342987061, 389.148956299, 52.0441246033, 24.7212905884, 70.2106323242, 93.4381103516, 43.8121147156, -19.8574523926], [71.9304046631, 76.1763916016, 157.875289917, 92.6527557373, 133.816726685, 26.8369560242, 52.0441246033, 216.091323853, 48.7444953918, -7.57217264175, 57.8614845276, 16.7688121796, 29.1833877563], [57.4669303894, 60.6183547974, 45.0170707703, 115.411071777, 100.299949646, 80.7125549316, 24.7212905884, 48.7444953918, 272.539245605, 80.1918640137, -39.0225601196, 27.9733219147, 67.5316543579], [302.389038086, -156.501312256, 5.83087968826, 62.7277183533, 1.85660719872, 118.611526489, 70.2106323242, -7.57217264175, 80.1918640137, 204.75302124, -14.408331871, 20.8761672974, 4.28430986404], [-173.308914185, 230.805587769, 113.09577179, -50.8270988464, 72.9747085571, 31.7283000946, 93.4381103516, 57.8614845276, -39.0225601196, -14.408331871, 188.039672852, 22.0617465973, -12.8434247971], [102.666870117, -81.5983428955, -5.04990100861, -36.5428161621, -46.0913505554, 46.1475791931, 43.8121147156, 16.7688121796, 27.9733219147, 20.8761672974, 22.0617465973, 131.748855591, 10.4895715714], [-179.746795654, 60.0013046265, 72.077041626, 71.7233734131, 22.3847103119, -45.7263069153, -19.8574523926, 29.1833877563, 67.5316543579, 4.28430986404, -12.8434247971, 10.4895715714, 118.830688477]],
        "icov": [[0.000525285489857, -0.000423020188464, 0.000640908721834, -0.000873152457643, 0.000459124799818, -0.000925153435674, 0.000674901180901, -0.000790382211562, 0.000578205042984, -0.000720008974895, 0.000468225189252, -0.000680389464833, 0.000818859320134], [-0.000423020188464, 0.00346963200718, -0.00174718385097, 0.00237309839576, -0.00271362252533, 0.00204824679531, -0.00274207442999, 0.00254520657472, -0.00221179053187, 0.0029555785004, -0.0023268465884, 0.00253096898086, -0.00187283195555], [0.000640908721834, -0.00174718385097, 0.00277054170147, -0.00243352539837, 0.00153101957403, -0.00169109634589, 0.000868695846293, -0.00212183408439, 0.00155497342348, -0.0014635110274, 0.00073921692092, -0.00132157688495, 0.000732750457246], [-0.000873152457643, 0.00237309839576, -0.00243352539837, 0.00529859121889, -0.0023421398364, 0.00209896476008, -0.00192429870367, 0.00149516086094, -0.00222532497719, 0.00165256380569, -0.00064546870999, 0.0029638169799, -0.00280723604374], [0.000459124799818, -0.00271362252533, 0.00153101957403, -0.0023421398364, 0.00520638376474, -0.00214475090615, 0.00179042632226, -0.00333786080591, 0.0006808496546, -0.00182693009265, 0.000835346465465, -0.000354672927642, 0.00166310300119], [-0.000925153435674, 0.00204824679531, -0.00169109634589, 0.00209896476008, -0.00214475090615, 0.00589510053396, -0.00287477439269, 0.00219831988215, -0.00258930306882, 0.000783717201557, -0.00178787379991, 0.001082337345, 0.000131874912768], [0.000674901180901, -0.00274207442999, 0.000868695846293, -0.00192429870367, 0.00179042632226, -0.00287477439269, 0.00643333001062, -0.0023165026214, 0.0020517562516, -0.00363946985453, 0.000945641484577, -0.00315911159851, 0.00258672726341], [-0.000790382211562, 0.00254520657472, -0.00212183408439, 0.00149516086094, -0.00333786080591, 0.00219831988215, -0.0023165026214, 0.00910078454763, -0.00248484453186, 0.00328488671221, -0.00343986414373, 0.000974732683972, -0.00240773032419], [0.000578205042984, -0.00221179053187, 0.00155497342348, -0.00222532497719, 0.0006808496546, -0.00258930306882, 0.0020517562516, -0.00248484453186, 0.00769862532616, -0.00365437823348, 0.00321186659858, -0.00308051891625, -0.00140443560667], [-0.000720008974895, 0.0029555785004, -0.0014635110274, 0.00165256380569, -0.00182693009265, 0.000783717201557, -0.00363946985453, 0.00328488671221, -0.00365437823348, 0.0097612477839, -0.00203181244433, 0.00241447566077, -0.00216828635894], [0.000468225189252, -0.0023268465884, 0.00073921692092, -0.00064546870999, 0.000835346465465, -0.00178787379991, 0.000945641484577, -0.00343986414373, 0.00321186659858, -0.00203181244433, 0.00951824802905, -0.00298994220793, 0.00152246758807], [-0.000680389464833, 0.00253096898086, -0.00132157688495, 0.0029638169799, -0.000354672927642, 0.001082337345, -0.00315911159851, 0.000974732683972, -0.00308051891625, 0.00241447566077, -0.00298994220793, 0.0119167389348, -0.00328989629634], [0.000818859320134, -0.00187283195555, 0.000732750457246, -0.00280723604374, 0.00166310300119, 0.000131874912768, 0.00258672726341, -0.00240773032419, -0.00140443560667, -0.00216828635894, 0.00152246758807, -0.00328989629634, 0.0139418533072]]
    },
    "melbands": {
        "dmean": [0.00234421412461, 0.00207133451477, 0.00117841223255, 0.000786457560025, 0.00042813597247, 0.000391379377106, 0.000195620086743, 0.000112434303446, 0.000239327389863, 0.000149163286551, 0.000104181977804, 8.57345148688e-05, 9.35250427574e-05, 8.31325014587e-05, 6.91067762091e-05, 4.76182249258e-05, 8.08786790003e-05, 3.87645959563e-05, 4.49902945547e-05, 3.01135478367e-05, 1.83693027793e-05, 1.89068450709e-05, 1.41770042319e-05, 6.92028243066e-06, 4.36423079009e-06, 4.89506328449e-06, 3.63743606613e-06, 3.78517097488e-06, 3.59061004929e-06, 2.45309729507e-06, 2.44500461122e-06, 2.73226669378e-06, 3.2343230032e-06, 2.82187716039e-06, 2.47121329267e-06, 1.8364190737e-06, 2.13722319131e-06, 2.35350171351e-06, 1.34968195198e-06, 9.59030103331e-07],
        "dmean2": [0.00299345166422, 0.00315421912819, 0.00203237473033, 0.00129709299654, 0.000727062229998, 0.000633443414699, 0.000320258026477, 0.0001707978372, 0.000353674317012, 0.000210023179534, 0.000151760599692, 0.000138058021548, 0.000136323593324, 0.000132437620778, 0.000111336659756, 7.64200667618e-05, 0.000127154649817, 5.86333990213e-05, 6.67091226205e-05, 4.36008849647e-05, 2.85491241812e-05, 2.85078003799e-05, 2.19533994823e-05, 1.09057136797e-05, 7.08053812559e-06, 7.40273480915e-06, 5.78088065595e-06, 6.37527227809e-06, 6.2597955548e-06, 4.03510739488e-06, 4.05471109843e-06, 4.54188602816e-06, 5.44378826817e-06, 4.6307568482e-06, 4.12585495724e-06, 3.00905117001e-06, 3.48653156834e-06, 3.86642568628e-06, 2.13187968257e-06, 1.54769725214e-06],
        "dvar": [2.70140844805e-05, 2.1205871235e-05, 9.1818128567e-06, 2.7881992537e-06, 6.42439999865e-07, 4.50621769232e-07, 1.21176285006e-07, 5.80368606506e-08, 1.54954150844e-07, 9.53216527932e-08, 5.38983790932e-08, 4.42084626684e-08, 7.22948527709e-08, 5.65019391274e-08, 4.60120013202e-08, 2.25928431519e-08, 4.5272987137e-08, 1.40460816311e-08, 1.71289986639e-08, 4.48938086706e-09, 2.06845496287e-09, 1.82711734631e-09, 1.01563657484e-09, 2.24922636072e-10, 1.20568083295e-10, 7.52687981387e-11, 4.58461081598e-11, 1.1017523005e-10, 1.17353335383e-10, 2.8259051349e-11, 1.97734797286e-11, 3.1356025415e-11, 4.20884750663e-11, 2.57781747337e-11, 3.23386664669e-11, 1.67218183744e-11, 2.67478730137e-11, 2.49128773167e-11, 9.65335363728e-12, 5.19420444156e-12],
        "dvar2": [3.45264306816e-05, 5.18168490089e-05, 2.50148659688e-05, 7.38628705221e-06, 1.77205129148e-06, 1.15949774226e-06, 3.05546450363e-07, 1.15121125077e-07, 3.41914216051e-07, 1.8890257536e-07, 1.01423701437e-07, 1.04777768684e-07, 1.39782883934e-07, 1.34951719133e-07, 1.22834705962e-07, 5.24338403807e-08, 1.11360733968e-07, 3.10581675933e-08, 3.42654580265e-08, 8.41303560151e-09, 4.93884311226e-09, 3.55538554153e-09, 2.24957963368e-09, 4.89062568221e-10, 3.06016878504e-10, 1.67608760204e-10, 1.1408764905e-10, 3.01591474017e-10, 3.30586585884e-10, 7.37376271154e-11, 5.20275524052e-11, 8.3365606085e-11, 1.11636568045e-10, 6.50997242224e-11, 8.83773748628e-11, 4.14166895224e-11, 7.01440502904e-11, 6.52306472726e-11, 2.43156588614e-11, 1.27389938875e-11],
        "max": [0.050193477422, 0.0403682738543, 0.0317620411515, 0.018325638026, 0.00671719526872, 0.0076065515168, 0.00380753586069, 0.00370312575251, 0.00541893159971, 0.00435398798436, 0.00379441771656, 0.00316891074181, 0.00545640056953, 0.00408587791026, 0.00244027120061, 0.00262693688273, 0.00290294433944, 0.00217152293772, 0.00242078560404, 0.00118928332813, 0.000718900351785, 0.000698508927599, 0.000470362807391, 0.000237084183027, 0.000216303058551, 0.000153191751451, 6.78767828504e-05, 0.000110068387585, 0.000111571462185, 7.28334634914e-05, 3.51159251295e-05, 5.97613943683e-05, 5.52387173229e-05, 5.35138206033e-05, 5.84261179029e-05, 6.74868133501e-05, 8.14337545307e-05, 6.29137794022e-05, 5.44482863916e-05, 3.63851358998e-05],
        "mean": [0.00501829385757, 0.00429562479258, 0.00178033998236, 0.00125797186047, 0.00069813959999, 0.00071188196307, 0.000315171055263, 0.000199794463697, 0.000483284093207, 0.000274222082226, 0.000171084189788, 0.000147633036249, 0.00015237001935, 0.000119738506328, 8.49194620969e-05, 5.03964110976e-05, 0.000111662608106, 5.31723089807e-05, 7.44968856452e-05, 5.12748847541e-05, 2.82264591078e-05, 3.52339666279e-05, 2.03266681638e-05, 9.86208942777e-06, 5.75203785047e-06, 7.70502538217e-06, 4.88101341034e-06, 3.85536850445e-06, 3.31674209519e-06, 2.92938329949e-06, 2.95459449262e-06, 3.46064894075e-06, 3.80972505809e-06, 3.60945182365e-06, 3.15432771458e-06, 2.33943774219e-06, 2.86954491457e-06, 3.11749317916e-06, 1.93531127479e-06, 1.3562616914e-06],
        "median": [0.00180016737431, 0.00324345799163, 0.000889535120223, 0.000369539717212, 0.000368422275642, 0.000412204884924, 0.000149464991409, 8.85697809281e-05, 0.000282674503978, 0.000120750053611, 3.81703903258e-05, 6.45802501822e-05, 4.01272118324e-05, 1.57428039529e-05, 1.19187970995e-05, 5.40824930795e-06, 1.34149959194e-05, 8.56453152664e-06, 8.91756826604e-06, 6.95700873621e-06, 6.53229335512e-06, 7.60443754189e-06, 6.10191000305e-06, 3.32688114213e-06, 2.05935884878e-06, 2.70964460469e-06, 1.67335838341e-06, 1.07436937924e-06, 6.42993938982e-07, 5.92478272665e-07, 6.36595416381e-07, 1.14852048227e-06, 1.4929913732e-06, 1.54886254222e-06, 1.25615099478e-06, 8.96487222235e-07, 1.09718314434e-06, 1.35239918109e-06, 7.69923190092e-07, 5.19471825555e-07],
        "min": [4.78986638661e-24, 5.37359584634e-24, 7.53911290562e-24, 1.53318288151e-23, 2.32875289095e-23, 1.46016702052e-23, 4.72114950202e-23, 1.76270858831e-23, 2.98621856e-24, 3.01177548396e-24, 7.260299485e-24, 8.62144268936e-24, 8.93907595513e-24, 5.18838077213e-24, 4.89192053306e-24, 8.74441269385e-24, 4.66726241358e-24, 9.14243877446e-24, 9.32544030498e-24, 1.14016788202e-23, 1.61684394709e-23, 1.2155657085e-23, 1.17682632717e-23, 8.58185133825e-24, 1.05876784956e-23, 8.11110490394e-24, 7.93273793125e-24, 1.25253954024e-23, 1.39750101462e-23, 1.06296245965e-23, 1.82220116457e-23, 1.36244088055e-23, 9.70731445856e-24, 5.61853557969e-24, 8.66296674969e-24, 1.13079163907e-23, 7.21768916321e-24, 1.09778088674e-23, 1.1413237999e-23, 1.40875095999e-23],
        "stdev": [0.00941277015954, 0.00551450671628, 0.00274195964448, 0.00203620642424, 0.000884958310053, 0.000862796965521, 0.000474166619824, 0.000358380668331, 0.000612907111645, 0.000442942138761, 0.000376016105292, 0.000297271937598, 0.000394406728446, 0.000331069983076, 0.000219844412641, 0.000168449463672, 0.000265120528638, 0.000155793968588, 0.000199689675355, 0.000121735356515, 5.82898610446e-05, 7.7554876043e-05, 3.94441485696e-05, 1.89633883565e-05, 1.20456243167e-05, 1.3152954125e-05, 8.30313638289e-06, 9.65021627053e-06, 8.92495427252e-06, 5.88494549447e-06, 4.89669128001e-06, 5.82846769248e-06, 6.41637871013e-06, 5.69435951547e-06, 5.5486416386e-06, 4.55489453088e-06, 5.83930341236e-06, 5.45539887753e-06, 3.52736878995e-06, 2.77842559626e-06],
        "var": [8.86002453626e-05, 3.0409782994e-05, 7.51834295443e-06, 4.14613623434e-06, 7.83151165251e-07, 7.4441857123e-07, 2.24833982543e-07, 1.28436695945e-07, 3.75655105245e-07, 1.9619774605e-07, 1.41388113661e-07, 8.83706050558e-08, 1.55556662662e-07, 1.09607341869e-07, 4.8331568081e-08, 2.83752239483e-08, 7.02888982573e-08, 2.42717597132e-08, 3.98759674169e-08, 1.4819497629e-08, 3.39770789282e-09, 6.01475935724e-09, 1.55584090056e-09, 3.59610091705e-10, 1.45097059367e-10, 1.73000211379e-10, 6.89420812106e-11, 9.31266661008e-11, 7.96548105253e-11, 3.46325849943e-11, 2.39775855421e-11, 3.39710343189e-11, 4.1169918169e-11, 3.24257322382e-11, 3.0787424693e-11, 2.07470637892e-11, 3.40974644353e-11, 2.97613773903e-11, 1.24423310197e-11, 7.719648705e-12]
    },
    "melbands128": {
