{
"lowlevel": {
    "average_loudness": 0.969532668591,
    "barkbands_crest": {
        "dmean": 3.00576591492,
        "dmean2": 4.92870521545,
        "dvar": 7.9144077301,
        "dvar2": 20.7642116547,
        "max": 23.3531227112,
        "mean": 11.0815868378,
        "median": 10.3531103134,
        "min": 2.05399703979,
        "stdev": 4.75601053238,
        "var": 22.6196346283
    },
    "barkbands_flatness_db": {
        "dmean": 0.0260762106627,
        "dmean2": 0.0383708067238,
        "dvar": 0.000589642266277,
        "dvar2": 0.0012643658556,
        "max": 0.284891486168,
        "mean": 0.129080027342,
        "median": 0.126763299108,
        "min": 0.0188439898193,
        "stdev": 0.0493747368455,
        "var": 0.00243786466308
    },
    "barkbands_kurtosis": {
        "dmean": 3.37707638741,
        "dmean2": 5.3795542717,
        "dvar": 21.2321567535,
        "dvar2": 52.5226860046,
        "max": 43.5088272095,
        "mean": 4.74284029007,
        "median": 2.73800182343,
        "min": -1.79259192944,
        "stdev": 6.28275680542,
        "var": 39.4730300903
    },
    "barkbands_skewness": {
        "dmean": 0.614929974079,
        "dmean2": 0.950322568417,
        "dvar": 0.368461191654,
        "dvar2": 0.895024240017,
        "max": 6.01335048676,
        "mean": 1.74653458595,
        "median": 1.63228833675,
        "min": -1.87902998924,
        "stdev": 1.10358095169,
        "var": 1.21789085865
    },
    "barkbands_spread": {
        "dmean": 7.0011177063,
        "dmean2": 10.5470781326,
        "dvar": 89.9469604492,
        "dvar2": 207.218338013,
        "max": 104.964149475,
        "mean": 21.8294086456,
        "median": 18.8670425415,
        "min": 3.0877301693,
        "stdev": 14.276515007,
        "var": 203.818878174
    },
    "dissonance": {
        "dmean": 0.0166332870722,
        "dmean2": 0.0272305123508,
        "dvar": 0.000303489272483,
        "dvar2": 0.000733696448151,
        "max": 0.499999761581,
        "mean": 0.467086553574,
        "median": 0.472902238369,
        "min": 0.20514793694,
        "stdev": 0.0255124010146,
        "var": 0.000650882604532
    },
    "dynamic_complexity": 2.14687991142,
    "erbbands_crest": {
        "dmean": 2.30702280998,
        "dmean2": 3.7346060276,
        "dvar": 4.22373008728,
        "dvar2": 10.624083519,
        "max": 23.3866252899,
        "mean": 8.11255741119,
        "median": 7.35727739334,
        "min": 2.74426364899,
        "stdev": 3.50035190582,
        "var": 12.2524642944
    },
    "erbbands_flatness_db": {
        "dmean": 0.0181972756982,
        "dmean2": 0.0243107508868,
        "dvar": 0.000257324689301,
        "dvar2": 0.000432624045061,
        "max": 0.23771174252,
        "mean": 0.132622927427,
        "median": 0.130524307489,
        "min": 0.047425545752,
        "stdev": 0.0350554324687,
        "var": 0.00122888339683
    },
    "erbbands_kurtosis": {
        "dmean": 0.760482788086,
        "dmean2": 1.18035984039,
        "dvar": 0.62351411581,
        "dvar2": 1.4150646925,
        "max": 9.99554157257,
        "mean": 0.349281579256,
        "median": -0.0901367664337,
        "min": -1.60499584675,
        "stdev": 1.53486764431,
        "var": 2.35581851006
    },
    "erbbands_skewness": {
        "dmean": 0.344834595919,
        "dmean2": 0.524845302105,
        "dvar": 0.0898476541042,
        "dvar2": 0.217949941754,
        "max": 2.32199883461,
        "mean": 0.24469062686,
        "median": 0.233993187547,
        "min": -1.94009554386,
        "stdev": 0.615538597107,
        "var": 0.378887742758
    },
    "erbbands_spread": {
        "dmean": 8.3154335022,
        "dmean2": 12.3816623688,
        "dvar": 80.6831970215,
        "dvar2": 165.573562622,
        "max": 130.61831665,
        "mean": 38.0700340271,
        "median": 35.7648391724,
        "min": 7.09325313568,
        "stdev": 15.9269418716,
        "var": 253.66746521
    },
    "hfc": {
        "dmean": 11.2987556458,
        "dmean2": 14.9845113754,
        "dvar": 460.876739502,
        "dvar2": 827.074829102,
        "max": 435.216400146,
        "mean": 25.7381095886,
        "median": 18.2903270721,
        "min": 6.21376821073e-05,
        "stdev": 30.0900382996,
        "var": 905.410400391
    },
    "loudness_ebu128": {
        "integrated": -9.4054813385,
        "loudness_range": 0.907416343689,
        "momentary": {
            "dmean": 0.640092432499,
            "dmean2": 0.896216034889,
            "dvar": 0.339133679867,
            "dvar2": 0.585676312447,
            "max": -6.57725906372,
            "mean": -9.54044055939,
            "median": -9.42244052887,
            "min": -14.1614170074,
            "stdev": 1.11502385139,
            "var": 1.24327814579
        },
        "short_term": {
            "dmean": 0.0723576545715,
            "dmean2": 0.0927441641688,
            "dvar": 0.00319262943231,
            "dvar2": 0.00542508903891,
            "max": -8.73272895813,
            "mean": -9.43754673004,
            "median": -9.41044902802,
            "min": -10.3614273071,
            "stdev": 0.348408162594,
            "var": 0.12138825655
        }
    },
    "melbands_crest": {
        "dmean": 4.60157108307,
        "dmean2": 7.6169834137,
        "dvar": 16.5566902161,
        "dvar2": 45.8455696106,
        "max": 33.9537773132,
        "mean": 17.1252326965,
        "median": 15.8104696274,
        "min": 3.64758563042,
        "stdev": 6.95060014725,
        "var": 48.3108444214
    },
    "melbands_flatness_db": {
        "dmean": 0.0337598398328,
        "dmean2": 0.048696398735,
        "dvar": 0.000991837703623,
        "dvar2": 0.00207984028384,
        "max": 0.40083655715,
        "mean": 0.215897515416,
        "median": 0.216097891331,
        "min": 0.0270924568176,
        "stdev": 0.0667432248592,
        "var": 0.00445465836674
    },
    "melbands_kurtosis": {
        "dmean": 7.95036745071,
        "dmean2": 12.7520170212,
        "dvar": 133.337722778,
        "dvar2": 343.002868652,
        "max": 120.223579407,
        "mean": 13.7599925995,
        "median": 8.89618301392,
        "min": -1.52223110199,
        "stdev": 15.6026601791,
        "var": 243.443008423
    },
    "melbands_skewness": {
        "dmean": 0.817800700665,
        "dmean2": 1.27586364746,
        "dvar": 0.689164698124,
        "dvar2": 1.69884753227,
        "max": 10.1177387238,
        "mean": 2.81639671326,
        "median": 2.56516361237,
        "min": -0.356552839279,
        "stdev": 1.53907239437,
        "var": 2.36874389648
    },
    "melbands_spread": {
        "dmean": 7.83753919601,
        "dmean2": 11.7793006897,
        "dvar": 150.011260986,
        "dvar2": 361.352355957,
        "max": 204.254058838,
        "mean": 21.0332775116,
        "median": 16.5026950836,
        "min": 2.34185099602,
        "stdev": 18.4002094269,
        "var": 338.567718506
    },
    "pitch_salience": {
        "dmean": 0.0845609381795,
        "dmean2": 0.140491589904,
        "dvar": 0.00658551091328,
        "dvar2": 0.0183444339782,
        "max": 0.84273225069,
        "mean": 0.524840354919,
        "median": 0.535987734795,
        "min": 0.119503781199,
        "stdev": 0.1267837286,
        "var": 0.0160741135478
    },
    "silence_rate_20dB": {
        "dmean": 0,
        "dmean2": 0,
        "dvar": 0,
        "dvar2": 0,
        "max": 1,
        "mean": 1,
        "median": 1,
        "min": 1,
        "stdev": 0,
        "var": 0
    },
    "silence_rate_30dB": {
        "dmean": 0.0634674951434,
        "dmean2": 0.127033308148,
        "dvar": 0.0594395250082,
        "dvar2": 0.124838203192,
        "max": 1,
        "mean": 0.910286128521,
        "median": 1,
        "min": 0,
        "stdev": 0.285771936178,
        "var": 0.0816656053066
    },
    "silence_rate_60dB": {
        "dmean": 0.000773993786424,
        "dmean2": 0.000774593325332,
        "dvar": 0.000773391744588,
        "dvar2": 0.000773989362642,
        "max": 1,
        "mean": 0.00077339517884,
        "median": 0,
        "min": 0,
        "stdev": 0.0277991909534,
        "var": 0.000772794999648
    },
    "spectral_centroid": {
        "dmean": 289.671905518,
        "dmean2": 416.146362305,
        "dvar": 118667.492188,
        "dvar2": 252630.984375,
        "max": 4666.58447266,
        "mean": 1201.20056152,
        "median": 1072.06079102,
        "min": 303.937713623,
        "stdev": 596.490356445,
        "var": 355800.78125
    },
    "spectral_complexity": {
        "dmean": 4.88312673569,
        "dmean2": 6.60263347626,
        "dvar": 27.8400554657,
        "dvar2": 37.8026199341,
        "max": 59,
        "mean": 21.7563800812,
        "median": 20,
        "min": 0,
        "stdev": 9.72777462006,
        "var": 94.6296005249
    },
    "spectral_decrease": {
        "dmean": 5.07456610066e-09,
        "dmean2": 8.20480039465e-09,
        "dvar": 5.63230720159e-17,
        "dvar2": 1.40765096782e-16,
        "max": -6.96637842898e-14,
        "mean": -1.16734737432e-08,
        "median": -8.21624901448e-09,
        "min": -6.33071479683e-08,
        "stdev": 1.05473443313e-08,
        "var": 1.11246475026e-16
    },
    "spectral_energy": {
        "dmean": 0.0198027882725,
        "dmean2": 0.0317724943161,
        "dvar": 0.000826106057502,
        "dvar2": 0.0020562261343,
        "max": 0.24429358542,
        "mean": 0.0463929176331,
        "median": 0.0337146744132,
        "min": 2.68562388328e-07,
        "stdev": 0.0407000444829,
        "var": 0.0016564935213
    },
    "spectral_energyband_high": {
        "dmean": 0.000828114163596,
        "dmean2": 0.00110933103133,
        "dvar": 4.67598556497e-06,
        "dvar2": 8.47597402753e-06,
        "max": 0.0479994416237,
        "mean": 0.00113559223246,
        "median": 0.000383471342502,
        "min": 6.81809442238e-10,
        "stdev": 0.00278188218363,
        "var": 7.73886858951e-06
    },
    "spectral_energyband_low": {
        "dmean": 0.0157573893666,
        "dmean2": 0.0261797998101,
        "dvar": 0.000649680267088,
        "dvar2": 0.00163645972498,
        "max": 0.218411266804,
        "mean": 0.0257015768439,
        "median": 0.011589396745,
        "min": 1.50489128714e-07,
        "stdev": 0.0342810861766,
        "var": 0.00117519288324
    },
    "spectral_energyband_middle_high": {
        "dmean": 0.00250481534749,
        "dmean2": 0.0033795137424,
        "dvar": 1.34737292683e-05,
        "dvar2": 2.53514335782e-05,
        "max": 0.0430582985282,
        "mean": 0.00625417986885,
        "median": 0.00424101343378,
        "min": 1.02508801447e-08,
        "stdev": 0.00592236453667,
        "var": 3.50744012394e-05
    },
    "spectral_energyband_middle_low": {
        "dmean": 0.00601277174428,
        "dmean2": 0.00991044379771,
        "dvar": 9.81644552667e-05,
        "dvar2": 0.000271439494099,
        "max": 0.101506225765,
        "mean": 0.0142930615693,
        "median": 0.0116795543581,
        "min": 1.08063311188e-07,
        "stdev": 0.011145696044,
        "var": 0.000124226542539
    },
    "spectral_entropy": {
        "dmean": 0.199735894799,
        "dmean2": 0.262329816818,
        "dvar": 0.0406937524676,
        "dvar2": 0.0646657720208,
        "max": 8.92364597321,
        "mean": 7.59508323669,
        "median": 7.59337902069,
        "min": 6.40483570099,
        "stdev": 0.415092945099,
        "var": 0.172302141786
    },
    "spectral_flux": {
        "dmean": 0.0356202311814,
        "dmean2": 0.0551871620119,
        "dvar": 0.00210728985257,
        "dvar2": 0.00434505334124,
        "max": 0.393214076757,
        "mean": 0.107864052057,
        "median": 0.0913998186588,
        "min": 0.00051823008107,
        "stdev": 0.0637709200382,
        "var": 0.00406673038378
    },
    "spectral_kurtosis": {
        "dmean": 1.86399245262,
        "dmean2": 2.78586530685,
        "dvar": 4.21951007843,
        "dvar2": 9.54378128052,
        "max": 21.9532909393,
        "mean": 5.7151966095,
        "median": 5.02017402649,
        "min": -1.2821816206,
        "stdev": 3.4088602066,
        "var": 11.6203279495
    },
    "spectral_rms": {
        "dmean": 0.00131283793598,
        "dmean2": 0.00204171007499,
        "dvar": 2.30503428611e-06,
        "dvar2": 5.48020625502e-06,
        "max": 0.015438108705,
        "mean": 0.00622907327488,
        "median": 0.00573518685997,
        "min": 1.61867865245e-05,
        "stdev": 0.00254166289233,
        "var": 6.46005082672e-06
    },
    "spectral_rolloff": {
        "dmean": 568.247314453,
        "dmean2": 901.125366211,
        "dvar": 1356288.5,
        "dvar2": 3167273.25,
        "max": 12187.7929688,
        "mean": 1186.77526855,
        "median": 732.12890625,
        "min": 64.599609375,
        "stdev": 1504.17431641,
        "var": 2262540.5
    },
    "spectral_skewness": {
        "dmean": 0.261717617512,
        "dmean2": 0.37835675478,
        "dvar": 0.0692087486386,
        "dvar2": 0.128378659487,
        "max": 3.68042564392,
        "mean": 1.89133453369,
        "median": 1.84411656857,
        "min": 0.233700737357,
        "stdev": 0.498456060886,
        "var": 0.248458430171
    },
    "spectral_spread": {
        "dmean": 806499.0625,
        "dmean2": 1108274.625,
        "dvar": 1.04999315046e+12,
        "dvar2": 1.69438216192e+12,
        "max": 19751866,
        "mean": 4949887,
        "median": 4801643.5,
        "min": 1665604,
        "stdev": 1704684,
        "var": 2.90594750464e+12
    },
    "spectral_strongpeak": {
        "dmean": 0.360914736986,
        "dmean2": 0.616346657276,
        "dvar": 0.30377727747,
        "dvar2": 0.699265182018,
        "max": 4.75180196762,
        "mean": 0.680464744568,
        "median": 0.401608228683,
        "min": 0,
        "stdev": 0.797475814819,
        "var": 0.635967671871
    },
    "zerocrossingrate": {
        "dmean": 0.0135675668716,
        "dmean2": 0.0153409568593,
        "dvar": 0.000267696625087,
        "dvar2": 0.000322622945532,
        "max": 0.384765625,
        "mean": 0.0539854764938,
        "median": 0.04443359375,
        "min": 0.00390625,
        "stdev": 0.0377297103405,
        "var": 0.00142353097908
    },
    "barkbands": {
        "dmean": [0.00195711734705, 0.0129301482812, 0.00231858948246, 0.0023885818664, 0.00244873808697, 0.00150865141768, 0.000762311858125, 0.00076492066728, 0.000714357127436, 0.000510420592036, 0.000432909320807, 0.000481624272652, 0.000368504785001, 0.000536552572157, 0.000514433195349, 0.000391536275856, 0.000272146309726, 0.000243328540819, 0.000185004944797, 0.000152134045493, 0.000133978828671, 0.000120892822451, 0.000137313181767, 0.000171197301825, 0.000178886737558, 8.33788435557e-05, 6.40338566882e-06],
        "dmean2": [0.00339107261971, 0.0209968257695, 0.00417987722903, 0.00420685485005, 0.00414081756026, 0.00242476840504, 0.00114327250049, 0.0011260373285, 0.00104180374183, 0.000752344611101, 0.00066742679337, 0.00076150521636, 0.000575356127229, 0.000788888311945, 0.000802543072496, 0.00061132904375, 0.000407436891692, 0.000373049289919, 0.000265396549366, 0.000230754274526, 0.000192449369933, 0.000168520025909, 0.000196147579118, 0.000244971481152, 0.000258691812633, 0.000117909636174, 9.99897019938e-06],
        "dvar": [8.19722663437e-06, 0.000460607028799, 4.35350666521e-05, 2.83724402834e-05, 1.9015138605e-05, 4.78436413687e-06, 2.73891191682e-06, 2.94655706057e-06, 2.24710720431e-06, 1.25537280837e-06, 5.49778860659e-07, 4.3945792072e-07, 3.19430654372e-07, 6.95763390013e-07, 1.18591935916e-06, 7.55997575652e-07, 2.059917108e-07, 1.79451944859e-07, 1.46450631178e-07, 1.74782314843e-07, 9.52415746269e-08, 1.53143886905e-07, 2.84129555439e-07, 3.01206142694e-07, 3.31570163326e-07, 7.01170321804e-08, 1.86183735096e-10],
        "dvar2": [2.48054784606e-05, 0.00114929827396, 0.000125947291963, 8.2061131252e-05, 5.26776311744e-05, 1.25147680592e-05, 6.25600478088e-06, 5.28498776475e-06, 5.00287569594e-06, 2.49134245678e-06, 1.31589968078e-06, 1.05391802663e-06, 7.64333208281e-07, 1.53269559178e-06, 2.81053485196e-06, 1.84668442671e-06, 4.42761830755e-07, 3.89774328369e-07, 2.56904428397e-07, 3.34228445809e-07, 1.53635355105e-07, 2.55676155803e-07, 5.15360966347e-07, 6.92236426403e-07, 7.23161065252e-07, 1.44966605831e-07, 4.39447062073e-10],
        "max": [0.025139015168, 0.194595500827, 0.0585065186024, 0.0508735328913, 0.0456891767681, 0.0372757725418, 0.026245329529, 0.0338118001819, 0.0182407516986, 0.0228437632322, 0.0107548478991, 0.00722331693396, 0.00733322789893, 0.00849321857095, 0.00890542380512, 0.00935131311417, 0.00714700017124, 0.00643155258149, 0.00965517759323, 0.010870357044, 0.00756355421618, 0.010833311826, 0.0133659271523, 0.0103662796319, 0.0123020727187, 0.00827476009727, 0.00021483245655],
        "mean": [0.00254409410991, 0.0200907886028, 0.00214416836388, 0.0026008405257, 0.00410274695605, 0.00359569396824, 0.00136667571496, 0.00128414400388, 0.0012160486076, 0.000852245488204, 0.000655972049572, 0.000857172068208, 0.000570554169826, 0.00103827856947, 0.00065799546428, 0.000480541348225, 0.000417098170146, 0.00040059935418, 0.000260866014287, 0.000215509266127, 0.000176423069206, 0.000152278400492, 0.000167491816683, 0.000215788779315, 0.000218849701923, 0.000103419282823, 6.62022466713e-06],
        "median": [0.00137371511664, 0.00790722295642, 0.000831142708194, 0.00111345923506, 0.00235343608074, 0.00164994900115, 0.000401326920837, 0.000549382879399, 0.00048498302931, 0.000302448490402, 0.000273649668088, 0.000533253303729, 0.000298561266391, 0.000443344877567, 0.000198335881578, 0.000144728051964, 0.000176765854121, 0.000169263032149, 0.000105292834633, 7.5390933489e-05, 5.12899496243e-05, 3.74973024009e-05, 3.66148888133e-05, 6.00710081926e-05, 6.08834234299e-05, 2.70339951385e-05, 9.83428549262e-07],
        "min": [3.85632361599e-08, 6.66530723947e-08, 4.49360655352e-08, 3.56846001637e-08, 3.85871850028e-08, 2.71073696823e-09, 7.93338816862e-09, 1.6019560789e-08, 6.01914207365e-09, 2.61139998514e-09, 1.01412567233e-09, 1.12277820374e-09, 4.41378800176e-09, 3.26554394636e-10, 1.39398589893e-10, 3.23427173932e-10, 3.67830266246e-10, 2.14913198349e-10, 6.03915806252e-11, 2.77374262447e-10, 1.55664398038e-10, 7.48941395012e-11, 6.96471769146e-11, 5.74964034716e-11, 6.88554768757e-11, 6.97859409149e-11, 1.02282852327e-11],
        "stdev": [0.00325782061554, 0.0293406546116, 0.00521360663697, 0.00453368900344, 0.0050289365463, 0.00501825241372, 0.00273324991576, 0.00256088888273, 0.00218988885172, 0.00186526880134, 0.000972987501882, 0.00094191019889, 0.000730893283617, 0.00133012363221, 0.00125158159062, 0.000957243726589, 0.000662313774228, 0.0005952771171, 0.000528329168446, 0.000562784669455, 0.000423714111093, 0.00048377586063, 0.000643323466647, 0.000613256182987, 0.000665491912514, 0.000312211574055, 1.48916597027e-05],
        "var": [1.06133957161e-05, 0.000860873959027, 2.71816952591e-05, 2.05543346965e-05, 2.52902027569e-05, 2.51828587352e-05, 7.47065496398e-06, 6.55815165373e-06, 4.79561367683e-06, 3.47922764377e-06, 9.46704631133e-07, 8.8719480118e-07, 5.34204957603e-07, 1.76922878836e-06, 1.56645660354e-06, 9.16315514132e-07, 4.38659554902e-07, 3.54354853016e-07, 2.79131711522e-07, 3.16726556093e-07, 1.79533657274e-07, 2.34039092106e-07, 4.13865109294e-07, 3.76083136189e-07, 4.42879496632e-07, 9.74760681061e-08, 2.21761525809e-10]
    },
    "erbbands": {
        "dmean": [0.655154585838, 2.13081765175, 2.70967078209, 5.33361148834, 10.3427524567, 6.95262098312, 7.63231754303, 14.1442136765, 10.0071544647, 11.7653465271, 16.7958087921, 14.1167154312, 14.6270427704, 17.2518310547, 17.6107997894, 14.0491876602, 14.9249048233, 21.8074970245, 26.0253753662, 28.796579361, 19.2118873596, 16.2121009827, 14.5270442963, 9.5180683136, 8.89416122437, 6.64412403107, 5.42148971558, 5.31395769119, 4.35266494751, 3.89728331566, 3.88804221153, 3.79880309105, 2.91237044334, 2.26777386665, 1.14477348328, 0.469350755215, 0.132198467851, 0.0238542761654, 0.000697580282576, 3.62645405403e-05],
        "dmean2": [1.0612102747, 3.60468387604, 4.90614938736, 9.49719524384, 17.5567073822, 11.8603343964, 11.9842863083, 23.5532493591, 15.6645727158, 17.9278144836, 24.3364429474, 20.8723278046, 21.8295173645, 26.716632843, 26.6877689362, 21.3005065918, 23.0837535858, 32.1598701477, 37.6018638611, 46.925567627, 29.6876144409, 24.1950969696, 22.320854187, 13.5950403214, 12.9740190506, 9.5180606842, 7.67103290558, 7.49939107895, 6.0365858078, 5.54834651947, 5.29022502899, 5.22399282455, 4.34954500198, 3.34145259857, 1.65632510185, 0.672749221325, 0.183388024569, 0.0351166538894, 0.00104276032653, 5.41593326489e-05],
        "dvar": [1.07637429237, 15.187828064, 59.1793022156, 175.326950073, 377.901489258, 194.502059937, 152.240127563, 594.151733398, 418.136230469, 700.399658203, 1260.70214844, 1107.40600586, 842.001037598, 906.920654297, 1001.89282227, 327.922241211, 468.612701416, 1342.78894043, 1719.68615723, 5854.01025391, 1701.55981445, 727.172302246, 599.876403809, 443.763153076, 528.139099121, 242.555892944, 130.06187439, 192.976821899, 178.784255981, 312.295379639, 231.651824951, 168.122024536, 97.0461730957, 65.6161193848, 14.458940506, 3.05084061623, 0.0999208465219, 0.00413937680423, 2.49841923505e-06, 3.65095731425e-09],
        "dvar2": [2.70041108131, 40.5351982117, 170.214553833, 511.934051514, 1069.7833252, 509.932128906, 353.176116943, 1612.36633301, 913.684631348, 1568.83447266, 2360.42211914, 2589.34692383, 1732.76049805, 2159.75146484, 2522.41162109, 780.095153809, 1145.68566895, 3082.80371094, 3361.31958008, 15321.453125, 4017.61303711, 1547.54101562, 1347.70727539, 847.235351562, 1120.71130371, 363.06036377, 205.85244751, 334.062683105, 307.482635498, 726.042480469, 421.054016113, 355.647216797, 242.070968628, 151.167419434, 30.7147865295, 6.90653371811, 0.172187119722, 0.00906081032008, 5.60938724448e-06, 7.58577645144e-09],
        "max": [10.3114185333, 32.9284324646, 71.1588821411, 111.404304504, 222.190673828, 178.933700562, 138.419570923, 441.950286865, 416.020080566, 540.31628418, 597.227050781, 555.130249023, 481.513092041, 348.948364258, 692.792724609, 206.257705688, 279.540710449, 472.946899414, 493.83102417, 650.255004883, 528.258544922, 385.492401123, 306.089569092, 620.378662109, 617.91607666, 453.421112061, 322.052459717, 314.312683105, 364.561157227, 527.599243164, 428.300811768, 298.673675537, 186.796966553, 130.922470093, 108.708747864, 53.3474884033, 9.28380680084, 1.87317860126, 0.0370398834348, 0.00151070242282],
        "mean": [0.953806936741, 3.00562310219, 2.77678179741, 5.8521490097, 13.8682174683, 12.3834972382, 15.6190624237, 33.8594474792, 21.4208927155, 21.9066448212, 30.0238456726, 24.3532943726, 27.5000114441, 28.5626564026, 30.2232093811, 27.3301753998, 26.125957489, 37.2204017639, 50.9970932007, 33.6539497375, 25.5876178741, 25.8830299377, 23.7850704193, 15.4164972305, 12.5277986526, 9.2481546402, 7.2733874321, 6.72465085983, 5.49285650253, 4.53057384491, 4.70205497742, 4.74825286865, 3.60737538338, 2.73084664345, 1.39149212837, 0.566333174706, 0.164996057749, 0.0278763920069, 0.000795326952357, 7.6852964412e-05],
        "median": [0.360426604748, 1.10014259815, 1.26911866665, 2.53630566597, 7.06252288818, 6.48340272903, 8.55153560638, 12.0977869034, 7.41861438751, 9.71403694153, 13.6994361877, 9.96654701233, 11.2567510605, 12.8058423996, 15.691947937, 17.8898963928, 16.0961532593, 19.7019271851, 20.0578231812, 10.0429410934, 9.00444507599, 11.4838838577, 9.92632389069, 7.80208921432, 5.3756942749, 3.32585382462, 2.28499364853, 1.77144658566, 1.35235023499, 1.09082174301, 1.07404029369, 1.10736906528, 1.03836894035, 0.745787918568, 0.353139191866, 0.13898704946, 0.044860791415, 0.00619262270629, 0.00017637986457, 5.24464376213e-05],
        "min": [2.31432159126e-06, 1.39090107041e-05, 4.66777346446e-05, 9.59922908805e-05, 0.000133214751258, 0.000123914331198, 6.54119940009e-05, 1.39008952829e-05, 6.42144877929e-05, 0.000235567305936, 0.00034617446363, 0.00014147539332, 9.02054744074e-05, 3.82516809623e-05, 5.24844326719e-05, 6.31158181932e-05, 0.000200555921765, 4.61668241769e-05, 9.31166960072e-06, 1.16394367069e-05, 1.80202750926e-05, 2.21314476221e-05, 1.77689089469e-05, 3.54752751264e-06, 6.73586964695e-06, 1.33554312924e-05, 8.22663150757e-06, 4.13142743128e-06, 2.70843520411e-06, 1.8977509626e-06, 1.97253439183e-06, 1.29220279632e-06, 1.07848848074e-06, 8.48099546147e-07, 4.50888222758e-07, 2.65950802714e-07, 1.37393399768e-07, 4.45683951966e-08, 9.75804859138e-09, 1.24539756285e-09],
        "stdev": [1.42123579979, 4.64066553116, 6.17980766296, 10.8682594299, 19.5530700684, 17.0667228699, 19.8308734894, 56.8345832825, 36.6281013489, 41.1781616211, 53.3283653259, 46.8394317627, 48.2633247375, 44.144405365, 42.0346603394, 27.2893562317, 28.9035110474, 46.2143516541, 68.6430511475, 73.8818359375, 46.0868759155, 39.9575157166, 34.5903167725, 28.2445697784, 30.1388645172, 21.8141498566, 15.5558929443, 18.6255970001, 16.4849853516, 18.3491210938, 18.3663253784, 15.0722942352, 10.2050266266, 8.99722480774, 4.39775371552, 1.91644251347, 0.429215371609, 0.0721855759621, 0.00178384815808, 8.10705532786e-05],
        "var": [2.01991128922, 21.5357780457, 38.1900215149, 118.119064331, 382.322540283, 291.273040771, 393.263519287, 3230.16967773, 1341.61779785, 1695.64111328, 2843.91455078, 2193.93237305, 2329.34838867, 1948.72839355, 1766.91259766, 744.70892334, 835.412963867, 2135.76635742, 4711.86816406, 5458.52587891, 2124, 1596.60314941, 1196.48999023, 797.755737305, 908.351135254, 475.857116699, 241.985794067, 346.912872314, 271.754730225, 336.690246582, 337.321929932, 227.174057007, 104.142570496, 80.950050354, 19.3402366638, 3.67275190353, 0.184225827456, 0.00521075772122, 3.18211414196e-06, 6.57243504065e-09]
    },
    "gfcc": {
        "mean": [30.95378685, 93.1293106079, -100.528785706, 24.6295623779, -43.1679039001, 23.1685619354, -40.9616127014, 16.8547821045, -24.8600292206, 9.3433971405, -10.8139324188, 6.25920581818, -9.03950023651],
        "cov": [[3103.54833984, -1271.64367676, 19.7659645081, 151.843978882, -204.416824341, 146.493911743, -91.3747177124, 174.91178894, -12.010474205, 120.219146729, -200.231719971, 44.7748680115, -124.346740723], [-1271.64367676, 1254.64294434, -37.6882019043, -139.942947388, 192.151763916, -172.327224731, 85.5925979614, -87.5503845215, 65.4426727295, -78.6976165771, 164.059036255, -45.1913414001, 75.1238098145], [19.7659645081, -37.6882019043, 402.653594971, 14.0732030869, 35.6698417664, 40.1450233459, 9.25290298462, 38.8061943054, -39.0296707153, 15.2189693451, 0.0730576813221, 12.1983184814, -18.9386997223], [151.843978882, -139.942947388, 14.0732030869, 299.712219238, 3.35141658783, -8.6817779541, 3.538875103, -35.7306213379, 14.3785676956, 28.4455356598, 14.6956300735, -1.30063307285, 31.6713275909], [-204.416824341, 192.151763916, 35.6698417664, 3.35141658783, 179.167312622, 4.14887809753, 23.9137554169, 2.22312569618, 12.2878580093, -9.1810464859, 23.3616695404, -4.9343957901, 13.7632799149], [146.493911743, -172.327224731, 40.1450233459, -8.6817779541, 4.14887809753, 164.306915283, 18.2453250885, 40.5338516235, -14.0526752472, -26.8319911957, -40.5859146118, -22.5684890747, -17.2474441528], [-91.3747177124, 85.5925979614, 9.25290298462, 3.538875103, 23.9137554169, 18.2453250885, 142.802581787, 19.4255714417, 12.2344865799, 11.8043375015, 18.3523902893, 16.7465820312, 15.5208950043], [174.91178894, -87.5503845215, 38.8061943054, -35.7306213379, 2.22312569618, 40.5338516235, 19.4255714417, 117.685325623, 11.6736316681, 0.924639821053, -9.45966529846, 4.68970489502, -13.7508649826], [-12.010474205, 65.4426727295, -39.0296707153, 14.3785676956, 12.2878580093, -14.0526752472, 12.2344865799, 11.6736316681, 101.599739075, 30.1413326263, 29.2085971832, 8.81122112274, 12.4633989334], [120.219146729, -78.6976165771, 15.2189693451, 28.4455356598, -9.1810464859, -26.8319911957, 11.8043375015, 0.924639821053, 30.1413326263, 117.784561157, 43.3647003174, 28.4889678955, 14.1031351089], [-200.231719971, 164.059036255, 0.0730576813221, 14.6956300735, 23.3616695404, -40.5859146118, 18.3523902893, -9.45966529846, 29.2085971832, 43.3647003174, 106.86618042, 24.1814079285, 32.3055686951], [44.7748680115, -45.1913414001, 12.1983184814, -1.30063307285, -4.9343957901, -22.5684890747, 16.7465820312, 4.68970489502, 8.81122112274, 28.4889678955, 24.1814079285, 89.6247253418, 22.0152206421], [-124.346740723, 75.1238098145, -18.9386997223, 31.6713275909, 13.7632799149, -17.2474441528, 15.5208950043, -13.7508649826, 12.4633989334, 14.1031351089, 32.3055686951, 22.0152206421, 67.3611068726]],
        "icov": [[0.000631905568298, 0.000373066839529, 0.000107407948235, -0.000273120967904, 0.000123668418382, 1.89374040929e-05, 0.000183403593837, -0.000664932886139, -0.000121845092508, -0.000568575749639, 0.000678491021972, -0.000275966856861, 0.00061699928483], [0.000373066839529, 0.003267476568, -0.000471916049719, 0.00178999232594, -0.00187623058446, 0.00292264227755, -0.00180970539805, 0.00145174341742, -0.0018281157827, 0.00342342187651, -0.00365187972784, 0.00293337064795, -0.00167042354587], [0.000107407948235, -0.000471916049719, 0.00306397723034, -0.000749497849029, -0.000391044159187, -0.00107108114753, 0.000445890240371, -0.00135481462348, 0.00183240673505, -0.0014558424009, 0.000413163943449, -0.00122883263975, 0.00153398455586], [-0.000273120967904, 0.00178999232594, -0.000749497849029, 0.00513949850574, -0.00120564876124, 0.00166482385248, -0.00134503422305, 0.00265432405286, -0.00160695728846, 0.0017946496373, -0.00249581225216, 0.00277489493601, -0.00339160556905], [0.000123668418382, -0.00187623058446, -0.000391044159187, -0.00120564876124, 0.0075341835618, -0.00197823951021, 0.000420513562858, -0.00116267695557, 0.000186347591807, -0.00122838816606, 0.00129862769973, -0.00114249542821, 0.000370803754777], [1.89374040929e-05, 0.00292264227755, -0.00107108114753, 0.00166482385248, -0.00197823951021, 0.0106160966679, -0.00301188114099, -0.000545264047105, -0.00137864414137, 0.0043164989911, -0.00153209408745, 0.00445099594072, -0.00197188719176], [0.000183403593837, -0.00180970539805, 0.000445890240371, -0.00134503422305, 0.000420513562858, -0.00301188114099, 0.00911847501993, -0.0024051994551, 0.000810039928183, -0.00283975712955, 0.00185876421165, -0.00313586834818, 0.000243580696406], [-0.000664932886139, 0.00145174341742, -0.00135481462348, 0.00265432405286, -0.00116267695557, -0.000545264047105, -0.0024051994551, 0.0124018508941, -0.00305038294755, 0.00263828109019, -0.00266498886049, 0.00116005865857, -0.000380592537113], [-0.000121845092508, -0.0018281157827, 0.00183240673505, -0.00160695728846, 0.000186347591807, -0.00137864414137, 0.000810039928183, -0.00305038294755, 0.01330604963, -0.00446305563673, 0.00010839587776, -0.00158292194828, 0.000822019123007], [-0.000568575749639, 0.00342342187651, -0.0014558424009, 0.0017946496373, -0.00122838816606, 0.0043164989911, -0.00283975712955, 0.00263828109019, -0.00446305563673, 0.0166120827198, -0.00914138089865, 0.00187329540495, -0.00245191040449], [0.000678491021972, -0.00365187972784, 0.000413163943449, -0.00249581225216, 0.00129862769973, -0.00153209408745, 0.00185876421165, -0.00266498886049, 0.00010839587776, -0.00914138089865, 0.0203582588583, -0.00509289419279, -0.00122035853565], [-0.000275966856861, 0.00293337064795, -0.00122883263975, 0.00277489493601, -0.00114249542821, 0.00445099594072, -0.00313586834818, 0.00116005865857, -0.00158292194828, 0.00187329540495, -0.00509289419279, 0.0170541889966, -0.00632911548018], [0.00061699928483, -0.00167042354587, 0.00153398455586, -0.00339160556905, 0.000370803754777, -0.00197188719176, 0.000243580696406, -0.000380592537113, 0.000822019123007, -0.00245191040449, -0.00122035853565, -0.00632911548018, 0.0221737287939]]
    },
    "melbands": {
        "dmean": [0.00448296265677, 0.00170381367207, 0.00106347503606, 0.000628877198324, 0.000238017397351, 0.000299068109598, 0.000157558897627, 0.000141537224408, 0.000135922469781, 9.39440651564e-05, 7.77341119829e-05, 7.42276752135e-05, 5.54861289856e-05, 5.78956060053e-05, 3.5428613046e-05, 4.34054672951e-05, 4.19561656599e-05, 4.7791407269e-05, 3.97189687646e-05, 3.37074779964e-05, 2.16671669477e-05, 1.72599848156e-05, 1.68297738128e-05, 1.00484767245e-05, 7.97836855781e-06, 6.84364295012e-06, 6.66864025334e-06, 4.47406728199e-06, 3.70813245354e-06, 3.1907425182e-06, 3.06709034703e-06, 2.67760901806e-06, 2.26645670409e-06, 2.15639488488e-06, 2.06339723263e-06, 2.98970826407e-06, 2.12236727748e-06, 2.01385773835e-06, 2.10768439501e-06, 1.92179936676e-06],
        "dmean2": [0.00727962562814, 0.00301831471734, 0.00187529495452, 0.00106913724449, 0.000380522804335, 0.000490620615892, 0.000242456808337, 0.000213310704567, 0.000197001863853, 0.000138322284329, 0.000116305694974, 0.000114706948807, 8.44483220135e-05, 9.1126326879e-05, 5.54556936549e-05, 6.75958581269e-05, 6.20195205556e-05, 6.89505905029e-05, 6.22346851742e-05, 5.52926467208e-05, 3.36698940373e-05, 2.62033081526e-05, 2.62198482233e-05, 1.50606692841e-05, 1.16610954137e-05, 1.00369088614e-05, 1.03507745735e-05, 6.54883524476e-06, 5.39342227057e-06, 4.80004428027e-06, 4.25091775469e-06, 3.80420237889e-06, 3.24422217091e-06, 3.24561074194e-06, 2.83546455648e-06, 4.31519856647e-06, 2.95446375276e-06, 3.04782747662e-06, 3.18537422572e-06, 2.83987765215e-06],
        "dvar": [5.19106761203e-05, 1.53991986735e-05, 6.01868396188e-06, 1.34392439577e-06, 1.43763230653e-07, 2.36197152503e-07, 9.73905045498e-08, 9.07700652419e-08, 7.71213777284e-08, 4.79126498476e-08, 2.51126497375e-08, 1.76575110089e-08, 9.06439900916e-09, 7.85856446583e-09, 3.10884118448e-09, 4.18960954818e-09, 4.96997909494e-09, 5.67454216949e-09, 6.73138833562e-09, 8.0366602262e-09, 2.14995488079e-09, 8.63054794298e-10, 1.03280461961e-09, 2.88698120965e-10, 3.45728612405e-10, 2.0254088684e-10, 5.49587153564e-10, 1.21896603922e-10, 6.41126110534e-11, 5.95948845827e-11, 6.98086657924e-11, 6.00530666861e-11, 6.88724147158e-11, 1.25943866447e-10, 6.88627141421e-11, 1.56287566222e-10, 4.45431851126e-11, 4.42329055328e-11, 6.24983814701e-11, 4.95050042626e-11],
        "dvar2": [0.000129311534693, 4.32830529462e-05, 1.74628639797e-05, 3.75607373826e-06, 3.42132921105e-07, 6.37067273601e-07, 2.18672880692e-07, 1.85066383551e-07, 1.50750892658e-07, 1.10316591417e-07, 5.07166042496e-08, 4.11475546969e-08, 2.18944755659e-08, 1.93750580024e-08, 7.79247333327e-09, 9.72112523812e-09, 1.17289715718e-08, 1.08751141426e-08, 1.54581503153e-08, 2.13539035343e-08, 4.96388175009e-09, 1.76220571468e-09, 2.5171831286e-09, 5.9313348677e-10, 6.80017930854e-10, 3.96084887111e-10, 1.38539801853e-09, 2.2641964692e-10, 1.15638963682e-10, 1.14087635172e-10, 1.19464368953e-10, 1.09122981484e-10, 1.16277383555e-10, 3.36350308716e-10, 1.27066732136e-10, 3.39330785692e-10, 9.53953097071e-11, 1.11567130534e-10, 1.56044843713e-10, 1.13728047813e-10],
        "max": [0.068889118731, 0.034256093204, 0.0219292994589, 0.0125692775473, 0.00435806345195, 0.00882436987013, 0.00550895277411, 0.0051889535971, 0.00421438226476, 0.00335725955665, 0.00278405519202, 0.00193873431999, 0.00175462185871, 0.00129959022161, 0.000824508606456, 0.000726443540771, 0.000791638332885, 0.00100033381023, 0.000812186975963, 0.000714754394721, 0.000681759498548, 0.000417941220803, 0.000347979250364, 0.000337514327839, 0.000548237352632, 0.000298697210383, 0.000655738811474, 0.000310632342007, 0.000218837856664, 0.000170630257344, 0.00019953068113, 0.000193720115931, 0.000234549122979, 0.000321483938023, 0.000253575562965, 0.00023148143373, 0.000157987611601, 0.000124198442791, 0.000154991430463, 0.000117840267194],
        "mean": [0.006860261783, 0.00215735612437, 0.00126150157303, 0.0010034943698, 0.000501384551171, 0.000721943331882, 0.000332977826474, 0.000259934342466, 0.000234857812757, 0.000158750757691, 0.000141138007166, 0.000120176562632, 9.15359269129e-05, 9.89482941804e-05, 5.78522776777e-05, 6.55513504171e-05, 6.99146839906e-05, 9.36772994464e-05, 5.11380021635e-05, 3.56173877663e-05, 2.78317183984e-05, 2.66856859525e-05, 2.45252940658e-05, 1.70342282217e-05, 1.21371713249e-05, 9.83158952295e-06, 8.50218020787e-06, 5.65580421608e-06, 4.76468358102e-06, 4.05526498071e-06, 3.70415409634e-06, 3.28876262756e-06, 2.68528583547e-06, 2.36867640524e-06, 2.40585973188e-06, 3.45445846506e-06, 2.65967537416e-06, 2.48806736636e-06, 2.4588218821e-06, 2.25432700063e-06],
        "median": [0.00270230812021, 0.000995154376142, 0.00066718418384, 0.000520059780683, 0.000307794020046, 0.000284373207251, 0.000111291417852, 0.000113592097478, 9.7111093055e-05, 6.32765513728e-05, 5.52448400413e-05, 5.23558810528e-05, 4.35315123468e-05, 5.86509777349e-05, 3.10327741317e-05, 3.24755237671e-05, 3.44010768458e-05, 3.33074349328e-05, 1.58055354404e-05, 8.93182823347e-06, 9.559928003e-06, 1.11627714432e-05, 9.39814526646e-06, 7.58110218158e-06, 5.70693464397e-06, 4.03049671149e-06, 2.71404633168e-06, 1.7654548401e-06, 1.42067779052e-06, 9.88879037322e-07, 8.76058606991e-07, 7.66566301991e-07, 6.05270429332e-07, 5.38658923688e-07, 5.35866945484e-07, 6.50365166166e-07, 6.2230947151e-07, 6.90303920692e-07, 6.37024129446e-07, 5.89637011217e-07],
        "min": [2.14323474523e-08, 2.26046683593e-08, 1.76629022519e-08, 9.3965297765e-09, 2.88350321398e-09, 3.42370909401e-10, 1.15147091861e-09, 2.8509594685e-09, 2.70937428049e-09, 7.17648607207e-10, 4.41353509295e-10, 1.6601360564e-10, 1.64660216018e-10, 9.46408298952e-11, 3.81049997111e-10, 3.74522912683e-10, 5.0189897377e-11, 1.49527005361e-11, 1.11570622532e-11, 1.98597076284e-11, 1.88051189204e-11, 2.00805275186e-11, 2.35621938627e-11, 9.54146830989e-12, 1.96659789148e-12, 2.35101174639e-12, 9.50530713167e-12, 8.63482115671e-12, 4.48083800966e-12, 4.23245336348e-12, 2.03326309782e-12, 1.61323526152e-12, 1.21488778239e-12, 9.75974943224e-13, 1.0855574252e-12, 1.16569395196e-12, 6.262913365e-13, 7.87655856337e-13, 6.68443544873e-13, 7.2749559198e-13],
        "stdev": [0.00994988437742, 0.00366136431694, 0.00205700891092, 0.00130590528715, 0.0005669084494, 0.00113882042933, 0.000562567205634, 0.000477538385894, 0.000417891220422, 0.000317987112794, 0.000260969856754, 0.000200048583793, 0.000127696082927, 0.000121907811263, 7.36800357117e-05, 8.41129149194e-05, 8.90282099135e-05, 0.000132323693833, 9.6156487416e-05, 8.52945959195e-05, 5.19171408087e-05, 4.45793193649e-05, 3.91905996366e-05, 2.52776771958e-05, 2.42082878685e-05, 1.92579391296e-05, 2.72104171017e-05, 1.32794775709e-05, 1.02559988591e-05, 1.00983079392e-05, 1.09586189865e-05, 9.46706677496e-06, 9.95321443042e-06, 1.03276170194e-05, 9.82880555966e-06, 1.37337310662e-05, 7.88996476331e-06, 6.93262018103e-06, 7.87686713011e-06, 7.88418401498e-06],
        "var": [9.90001935861e-05, 1.34055881063e-05, 4.23128540206e-06, 1.70538851307e-06, 3.21385215329e-07, 1.29691193251e-06, 3.16481873597e-07, 2.28042921435e-07, 1.74633072447e-07, 1.01115809059e-07, 6.81052725326e-08, 4.00194366534e-08, 1.63062896519e-08, 1.48615146855e-08, 5.42874767362e-09, 7.07498237773e-09, 7.92602250499e-09, 1.75095582478e-08, 9.24607057584e-09, 7.27516757948e-09, 2.69538946718e-09, 1.98731564538e-09, 1.53590307139e-09, 6.38960939714e-10, 5.86041215556e-10, 3.70868225019e-10, 7.40406846944e-10, 1.76344536196e-10, 1.05185506138e-10, 1.0197581668e-10, 1.2009133965e-10, 8.96253557481e-11, 9.90664841827e-11, 1.06659674148e-10, 9.66054111706e-11, 1.88615359442e-10, 6.22515372584e-11, 4.80612216691e-11, 6.20450427147e-11, 6.21603532536e-11]
    },
    "melbands128": {
