{
"lowlevel": {
    "average_loudness": 0.978010892868,
    "barkbands_crest": {
        "dmean": 2.48727846146,
        "dmean2": 3.74006295204,
        "dvar": 8.71319770813,
        "dvar2": 20.4657478333,
        "max": 26.099981308,
        "mean": 15.7637805939,
        "median": 15.5759677887,
        "min": 2.79657793045,
        "stdev": 4.91528606415,
        "var": 24.160036087
    },
    "barkbands_flatness_db": {
        "dmean": 0.0424835942686,
        "dmean2": 0.0547277443111,
        "dvar": 0.00157899258193,
        "dvar2": 0.0026312940754,
        "max": 0.488186687231,
        "mean": 0.230001434684,
        "median": 0.220859915018,
        "min": 0.0335215143859,
        "stdev": 0.0854959115386,
        "var": 0.00730955088511
    },
    "barkbands_kurtosis": {
        "dmean": 27.2590847015,
        "dmean2": 41.2480506897,
        "dvar": 2456.4296875,
        "dvar2": 5809.9765625,
        "max": 607.291687012,
        "mean": 39.8996696472,
        "median": 19.0429401398,
        "min": -1.64268088341,
        "stdev": 61.0419921875,
        "var": 3726.125
    },
    "barkbands_skewness": {
        "dmean": 1.6079570055,
        "dmean2": 2.33682489395,
        "dvar": 2.87131357193,
        "dvar2": 6.29804944992,
        "max": 18.0040550232,
        "mean": 4.54251384735,
        "median": 4.02017402649,
        "min": -1.72238957882,
        "stdev": 2.96122455597,
        "var": 8.76885128021
    },
    "barkbands_spread": {
        "dmean": 9.13924217224,
        "dmean2": 13.551820755,
        "dvar": 127.282493591,
        "dvar2": 283.452941895,
        "max": 75.3692092896,
        "mean": 14.6331586838,
        "median": 9.32789039612,
        "min": 0.172147259116,
        "stdev": 15.2364749908,
        "var": 232.150161743
    },
    "dissonance": {
        "dmean": 0.0241709984839,
        "dmean2": 0.0399624407291,
        "dvar": 0.00077891536057,
        "dvar2": 0.0019145704573,
        "max": 0.499948680401,
        "mean": 0.457370877266,
        "median": 0.46624481678,
        "min": 0.0452773272991,
        "stdev": 0.0360452570021,
        "var": 0.00129926053341
    },
    "dynamic_complexity": 2.84897422791,
    "erbbands_crest": {
        "dmean": 2.86665010452,
        "dmean2": 4.8663392067,
        "dvar": 6.60954666138,
        "dvar2": 18.0596294403,
        "max": 25.2386951447,
        "mean": 8.4794216156,
        "median": 7.87399625778,
        "min": 2.17070698738,
        "stdev": 3.48448300362,
        "var": 12.1416225433
    },
    "erbbands_flatness_db": {
        "dmean": 0.0254240222275,
        "dmean2": 0.0367144495249,
        "dvar": 0.000524739327375,
        "dvar2": 0.00104750343598,
        "max": 0.262379795313,
        "mean": 0.124796196818,
        "median": 0.116379253566,
        "min": 0.0445203147829,
        "stdev": 0.0441108904779,
        "var": 0.00194577057846
    },
    "erbbands_kurtosis": {
        "dmean": 1.30227351189,
        "dmean2": 2.21043515205,
        "dvar": 2.19521594048,
        "dvar2": 5.41710853577,
        "max": 11.3113031387,
        "mean": 0.481738507748,
        "median": 0.0225629806519,
        "min": -1.83712029457,
        "stdev": 1.82978451252,
        "var": 3.34811139107
    },
    "erbbands_skewness": {
        "dmean": 0.583668649197,
        "dmean2": 0.915265738964,
        "dvar": 0.296192198992,
        "dvar2": 0.70368540287,
        "max": 3.10046815872,
        "mean": 0.352788358927,
        "median": 0.359782874584,
        "min": -2.48429775238,
        "stdev": 0.80120652914,
        "var": 0.641931891441
    },
    "erbbands_spread": {
        "dmean": 22.0558681488,
        "dmean2": 33.5311851501,
        "dvar": 643.842956543,
        "dvar2": 1276.1237793,
        "max": 192.947021484,
        "mean": 58.7591667175,
        "median": 46.9082946777,
        "min": 9.33189296722,
        "stdev": 38.2060470581,
        "var": 1459.7019043
    },
    "hfc": {
        "dmean": 23.6584529877,
        "dmean2": 36.4952888489,
        "dvar": 1334.34521484,
        "dvar2": 2863.77001953,
        "max": 297.897094727,
        "mean": 30.3756198883,
        "median": 15.8242111206,
        "min": 0.000220440444537,
        "stdev": 42.1387176514,
        "var": 1775.67150879
    },
    "loudness_ebu128": {
        "integrated": -8.69153213501,
        "loudness_range": 1.61870002747,
        "momentary": {
            "dmean": 0.713360011578,
            "dmean2": 1.04352331161,
            "dvar": 0.573872148991,
            "dvar2": 0.986291527748,
            "max": -5.97680711746,
            "mean": -9.03090763092,
            "median": -8.71192359924,
            "min": -20.4131011963,
            "stdev": 1.85449588299,
            "var": 3.43915510178
        },
        "short_term": {
            "dmean": 0.0626951605082,
            "dmean2": 0.0896066501737,
            "dvar": 0.00354693457484,
            "dvar2": 0.00637543294579,
            "max": -7.76019573212,
            "mean": -8.69687843323,
            "median": -8.68272209167,
            "min": -11.2671604156,
            "stdev": 0.66551053524,
            "var": 0.442904293537
        }
    },
    "melbands_crest": {
        "dmean": 3.53311538696,
        "dmean2": 5.08292293549,
        "dvar": 19.7612934113,
        "dvar2": 42.4842987061,
        "max": 38.8547325134,
        "mean": 29.3421154022,
        "median": 31.300453186,
        "min": 4.2234544754,
        "stdev": 7.83193731308,
        "var": 61.3392410278
    },
    "melbands_flatness_db": {
        "dmean": 0.0466458424926,
        "dmean2": 0.0598981566727,
        "dvar": 0.00204655341804,
        "dvar2": 0.00315047241747,
        "max": 0.629972398281,
        "mean": 0.32717064023,
        "median": 0.319344639778,
        "min": 0.0463828593493,
        "stdev": 0.102000631392,
        "var": 0.0104041285813
    },
    "melbands_kurtosis": {
        "dmean": 80.9652938843,
        "dmean2": 122.749519348,
        "dvar": 23966.3359375,
        "dvar2": 57635.03125,
        "max": 1831.33898926,
        "mean": 127.808738708,
        "median": 59.2801933289,
        "min": -1.30717349052,
        "stdev": 195.989120483,
        "var": 38411.7382812
    },
    "melbands_skewness": {
        "dmean": 2.52626013756,
        "dmean2": 3.64926576614,
        "dvar": 8.44751930237,
        "dvar2": 17.4999370575,
        "max": 33.5058174133,
        "mean": 7.65714645386,
        "median": 6.3228430748,
        "min": -0.534914970398,
        "stdev": 5.32382917404,
        "var": 28.3431587219
    },
    "melbands_spread": {
        "dmean": 5.70416927338,
        "dmean2": 7.85081291199,
        "dvar": 97.4531021118,
        "dvar2": 180.043746948,
        "max": 141.624282837,
        "mean": 9.96593856812,
        "median": 5.03969764709,
        "min": 0.143052354455,
        "stdev": 13.89220047,
        "var": 192.993225098
    },
    "pitch_salience": {
        "dmean": 0.092676140368,
        "dmean2": 0.141395971179,
        "dvar": 0.0122329397127,
        "dvar2": 0.0286266431212,
        "max": 0.862259745598,
        "mean": 0.298419237137,
        "median": 0.277075856924,
        "min": 0.0398187898099,
        "stdev": 0.173481449485,
        "var": 0.0300958156586
    },
    "silence_rate_20dB": {
        "dmean": 0,
        "dmean2": 0,
        "dvar": 0,
        "dvar2": 0,
        "max": 1,
        "mean": 1,
        "median": 1,
        "min": 1,
        "stdev": 0,
        "var": 0
    },
    "silence_rate_30dB": {
        "dmean": 0.151702791452,
        "dmean2": 0.303640574217,
        "dvar": 0.128686964512,
        "dvar2": 0.250171035528,
        "max": 1,
        "mean": 0.722351133823,
        "median": 1,
        "min": 0,
        "stdev": 0.447837889194,
        "var": 0.200558766723
    },
    "silence_rate_60dB": {
        "dmean": 0.00851393211633,
        "dmean2": 0.0162664595991,
        "dvar": 0.0084414370358,
        "dvar2": 0.0160018801689,
        "max": 1,
        "mean": 0.0247486457229,
        "median": 0,
        "min": 0,
        "stdev": 0.155357435346,
        "var": 0.0241359304637
    },
    "spectral_centroid": {
        "dmean": 388.861877441,
        "dmean2": 557.42376709,
        "dvar": 211844.390625,
        "dvar2": 416039.125,
        "max": 4132.87158203,
        "mean": 1107.12304688,
        "median": 893.893554688,
        "min": 113.98399353,
        "stdev": 788.52331543,
        "var": 621769
    },
    "spectral_complexity": {
        "dmean": 4.01161003113,
        "dmean2": 5.39504241943,
        "dvar": 30.1385288239,
        "dvar2": 38.1552047729,
        "max": 62,
        "mean": 14.0719261169,
        "median": 11,
        "min": 0,
        "stdev": 10.6108264923,
        "var": 112.589630127
    },
    "spectral_decrease": {
        "dmean": 7.25364701637e-09,
        "dmean2": 1.15921556798e-08,
        "dvar": 1.3826059241e-16,
        "dvar2": 3.60957478879e-16,
        "max": -2.83789620492e-13,
        "mean": -2.32533956535e-08,
        "median": -2.02943244432e-08,
        "min": -8.10106968174e-08,
        "stdev": 1.42156304506e-08,
        "var": 2.02084154409e-16
    },
    "spectral_energy": {
        "dmean": 0.0287167672068,
        "dmean2": 0.0457033813,
        "dvar": 0.0020432556048,
        "dvar2": 0.00533349206671,
        "max": 0.31029188633,
        "mean": 0.0905188694596,
        "median": 0.0790324658155,
        "min": 1.09107986646e-06,
        "stdev": 0.0547962933779,
        "var": 0.00300263357349
    },
    "spectral_energyband_high": {
        "dmean": 0.00193211017177,
        "dmean2": 0.00310130557045,
        "dvar": 1.05854678623e-05,
        "dvar2": 2.29983288591e-05,
        "max": 0.0256758611649,
        "mean": 0.00183607381769,
        "median": 0.000369787594536,
        "min": 3.4840885732e-09,
        "stdev": 0.00358588853851,
        "var": 1.28585961647e-05
    },
    "spectral_energyband_low": {
        "dmean": 0.0249703973532,
        "dmean2": 0.0406509637833,
        "dvar": 0.00198622536846,
        "dvar2": 0.00527204293758,
        "max": 0.301261663437,
        "mean": 0.0736603662372,
        "median": 0.0651366338134,
        "min": 4.3947537165e-07,
        "stdev": 0.0522557422519,
        "var": 0.00273066246882
    },
    "spectral_energyband_middle_high": {
        "dmean": 0.00256494921632,
        "dmean2": 0.0034896468278,
        "dvar": 2.78632742265e-05,
        "dvar2": 5.27034208062e-05,
        "max": 0.0527421236038,
        "mean": 0.00400237785652,
        "median": 0.00121430621948,
        "min": 2.44572060382e-08,
        "stdev": 0.00705316476524,
        "var": 4.9747130106e-05
    },
    "spectral_energyband_middle_low": {
        "dmean": 0.00836438965052,
        "dmean2": 0.0142603283748,
        "dvar": 0.000276118895272,
        "dvar2": 0.000768433208577,
        "max": 0.117868594825,
        "mean": 0.011361499317,
        "median": 0.00669784331694,
        "min": 3.5417485833e-07,
        "stdev": 0.0147986114025,
        "var": 0.00021899890271
    },
    "spectral_entropy": {
        "dmean": 0.314882189035,
        "dmean2": 0.432152450085,
        "dvar": 0.0875884220004,
        "dvar2": 0.165879413486,
        "max": 8.82423591614,
        "mean": 7.59700345993,
        "median": 7.63849258423,
        "min": 5.99094676971,
        "stdev": 0.568074464798,
        "var": 0.32270860672
    },
    "spectral_flux": {
        "dmean": 0.0559766031802,
        "dmean2": 0.0854583606124,
        "dvar": 0.0050364411436,
        "dvar2": 0.00934687070549,
        "max": 0.517814695835,
        "mean": 0.124567918479,
        "median": 0.0882280021906,
        "min": 0.00104454765096,
        "stdev": 0.102126561105,
        "var": 0.0104298340157
    },
    "spectral_kurtosis": {
        "dmean": 2.65576934814,
        "dmean2": 3.82263445854,
        "dvar": 11.9258470535,
        "dvar2": 24.0743350983,
        "max": 47.4724159241,
        "mean": 4.78174972534,
        "median": 3.29573965073,
        "min": -1.47976362705,
        "stdev": 5.35954618454,
        "var": 28.72473526
    },
    "spectral_rms": {
        "dmean": 0.00135677517392,
        "dmean2": 0.00210989126936,
        "dvar": 3.825019121e-06,
        "dvar2": 9.42992028286e-06,
        "max": 0.0173989590257,
        "mean": 0.00893783289939,
        "median": 0.00878093671054,
        "min": 3.26261870214e-05,
        "stdev": 0.00290278089233,
        "var": 8.42613644636e-06
    },
    "spectral_rolloff": {
        "dmean": 319.414123535,
        "dmean2": 498.04977417,
        "dvar": 604173.5625,
        "dvar2": 1164806.5,
        "max": 9969.87304688,
        "mean": 493.348571777,
        "median": 129.19921875,
        "min": 43.06640625,
        "stdev": 963.377868652,
        "var": 928096.9375
    },
    "spectral_skewness": {
        "dmean": 0.43402916193,
        "dmean2": 0.612312078476,
        "dvar": 0.196848660707,
        "dvar2": 0.364600539207,
        "max": 5.20939970016,
        "mean": 1.76831400394,
        "median": 1.64313566685,
        "min": 0.161353215575,
        "stdev": 0.798746883869,
        "var": 0.637996613979
    },
    "spectral_spread": {
        "dmean": 1973144,
        "dmean2": 2614777.75,
        "dvar": 4.19846815744e+12,
        "dvar2": 6.87169391821e+12,
        "max": 21405998,
        "mean": 7009422,
        "median": 5826307,
        "min": 1463929.125,
        "stdev": 3436391.5,
        "var": 1.18087871365e+13
    },
    "spectral_strongpeak": {
        "dmean": 0.123066700995,
        "dmean2": 0.203457266092,
        "dvar": 0.0700473636389,
        "dvar2": 0.173990175128,
        "max": 3.59445881844,
        "mean": 0.512448430061,
        "median": 0.412565767765,
        "min": 0,
        "stdev": 0.310911655426,
        "var": 0.0966660603881
    },
    "zerocrossingrate": {
        "dmean": 0.0141900125891,
        "dmean2": 0.0168954394758,
        "dvar": 0.000217327076825,
        "dvar2": 0.000279241823591,
        "max": 0.2783203125,
        "mean": 0.0323092639446,
        "median": 0.025390625,
        "min": 0.0009765625,
        "stdev": 0.0275917071849,
        "var": 0.000761302304454
    },
    "barkbands": {
        "dmean": [0.0043990444392, 0.0202510654926, 0.00604296289384, 0.0035989638418, 0.00232037692331, 0.00155746156815, 0.00117174698971, 0.00141817715485, 0.000478202564409, 0.000159058530699, 0.000145375641296, 0.00047296853154, 0.000485158874653, 0.00043857935816, 0.000333923526341, 0.000295056292089, 0.000207469696761, 0.000282751192572, 0.000278686900856, 0.000229600002058, 0.000134059722768, 0.000223317780183, 0.000487954268465, 0.000268388015684, 0.000285334361251, 0.000453690445283, 2.62251069216e-05],
        "dmean2": [0.00679792789742, 0.0336115658283, 0.0113433329388, 0.0067205731757, 0.00399546977133, 0.00254164240323, 0.00199713464826, 0.00228145415895, 0.000731219537556, 0.000253648526268, 0.000234556486248, 0.000689078704454, 0.000716046255548, 0.000665587489493, 0.000506619689986, 0.000437349372078, 0.000301925610984, 0.000438544666395, 0.000403685029596, 0.000340747006703, 0.000190289589227, 0.000342373707099, 0.000843181449454, 0.000416789232986, 0.000455221044831, 0.000779051333666, 4.48584469268e-05],
        "dvar": [4.69712904305e-05, 0.00151916884352, 0.000387587235309, 0.000108836538857, 2.52550744335e-05, 5.82693019169e-06, 1.04442897282e-05, 1.09339125629e-05, 1.46552952174e-06, 7.42960324374e-08, 1.65697315424e-07, 1.91427852769e-06, 1.5950577108e-06, 9.44920031998e-07, 8.93158244253e-07, 6.17878299636e-07, 3.63775967571e-07, 1.22577807815e-06, 8.78019420725e-07, 6.62602190005e-07, 1.99193038952e-07, 5.39484517503e-07, 6.25800339549e-07, 1.60713497621e-07, 1.51351670752e-07, 5.11908297085e-07, 2.00920902138e-09],
        "dvar2": [0.000100316523458, 0.00413118395954, 0.00110487046186, 0.000314604898449, 6.95715862093e-05, 1.42610242619e-05, 2.78805000562e-05, 2.71619392151e-05, 2.86063504973e-06, 1.61403221455e-07, 4.01677510808e-07, 4.07176594308e-06, 3.35279150931e-06, 1.93626556211e-06, 1.94471431314e-06, 1.21837740608e-06, 8.03158798135e-07, 2.95563904729e-06, 1.86761860732e-06, 1.24323128148e-06, 3.54545306891e-07, 1.15859813832e-06, 1.57131898959e-06, 3.33910122663e-07, 3.4502699009e-07, 1.31762328692e-06, 5.18216536349e-09],
        "max": [0.0659935176373, 0.287948966026, 0.115457363427, 0.0773214027286, 0.0445717014372, 0.0225340649486, 0.0330678261817, 0.0304036922753, 0.0180310811847, 0.00426310813054, 0.007891821675, 0.0206271335483, 0.0225847996771, 0.0108581800014, 0.0130409710109, 0.0104927960783, 0.00846251379699, 0.0117510817945, 0.00935692805797, 0.00738019729033, 0.00396474637091, 0.00682021258399, 0.00440133688971, 0.00430055195466, 0.00265708286315, 0.00294141285121, 0.000236030944507],
        "mean": [0.0153866671026, 0.0542986020446, 0.00367164122872, 0.0028490931727, 0.0026883604005, 0.00206044549122, 0.00115798937622, 0.00183156237472, 0.00071390561061, 0.000247157149715, 0.000185442127986, 0.000621794781182, 0.000657755648717, 0.000581418804359, 0.00042077928083, 0.0003792179632, 0.000243433270953, 0.000277108309092, 0.000293634016998, 0.000264030881226, 0.000170029932633, 0.000223038296099, 0.000377737771487, 0.00028859518352, 0.000286908325506, 0.000324113469105, 1.84996370081e-05],
        "median": [0.0163844618946, 0.0473441295326, 0.000153168366523, 0.00085964880418, 0.00133351760451, 0.000874728139024, 0.000278620806057, 0.00021360052051, 0.00015404545411, 0.000144439269206, 6.55039184494e-05, 9.33564588195e-05, 7.33532506274e-05, 5.92748911004e-05, 4.77419343952e-05, 4.97538931086e-05, 3.11338772008e-05, 2.41532961809e-05, 3.60101366823e-05, 3.42163511959e-05, 2.16436637857e-05, 3.32567396981e-05, 3.88799162465e-05, 6.79406293784e-05, 7.5849267887e-05, 2.7867654353e-05, 5.90545823798e-07],
        "min": [3.78533565604e-10, 4.1115227889e-10, 1.58039181741e-08, 1.41545314136e-07, 1.40454886832e-07, 1.37912028464e-08, 2.98867819382e-09, 1.77625416597e-08, 2.53893848168e-08, 3.33768612748e-09, 1.28126209642e-09, 2.09712713861e-09, 2.45174081037e-09, 4.26946344945e-09, 1.75274195158e-09, 2.36551156441e-09, 5.46547518354e-09, 1.17021625723e-09, 1.48996714966e-09, 3.55463325441e-10, 4.0117023592e-10, 2.61599297779e-10, 3.03302410964e-10, 7.22836346334e-10, 1.06920805543e-09, 3.93683252664e-10, 3.58477570545e-12],
        "stdev": [0.0105398911983, 0.0441215969622, 0.0149316592142, 0.00785870663822, 0.00450162030756, 0.00292407907546, 0.00287274667062, 0.00387319270521, 0.0018997915322, 0.000347422290361, 0.000437647511717, 0.0017886031419, 0.00181874539703, 0.00138682418037, 0.00111610069871, 0.000922382925637, 0.000682618177962, 0.00107300421223, 0.00100915145595, 0.000924020248931, 0.000567127077375, 0.000775566382799, 0.000744150020182, 0.000510108540766, 0.00043305096915, 0.000634669500869, 3.93064728996e-05],
        "var": [0.000111089299025, 0.00194671540521, 0.000222954447963, 6.17592668277e-05, 2.02645842364e-05, 8.55023881741e-06, 8.25267306936e-06, 1.50016212501e-05, 3.60920807907e-06, 1.20702239315e-07, 1.91535349359e-07, 3.19910100188e-06, 3.30783495883e-06, 1.923281161e-06, 1.2456806644e-06, 8.50790286222e-07, 4.6596758807e-07, 1.15133809686e-06, 1.01838668343e-06, 8.53813446611e-07, 3.21633109479e-07, 6.01503245434e-07, 5.53759264221e-07, 2.60210697434e-07, 1.87533146345e-07, 4.02805341082e-07, 1.54499879557e-09]
    },
    "erbbands": {
        "dmean": [1.01603853703, 3.28232526779, 6.40342712402, 10.3582048416, 10.5066270828, 6.41353940964, 6.28124046326, 16.1406650543, 16.18501091, 22.001159668, 28.0898952484, 9.5435552597, 5.79003667831, 4.77337217331, 10.1335792542, 16.0359096527, 17.3712520599, 22.498298645, 21.5658416748, 16.6979370117, 13.8467941284, 12.7735071182, 15.7998504639, 10.1027154922, 16.8835868835, 10.6125907898, 7.39175033569, 5.43247318268, 7.32239961624, 9.81352806091, 16.0961875916, 6.41292047501, 4.15660810471, 3.04476380348, 2.17068219185, 1.67815804482, 1.00849235058, 0.125157043338, 0.00348640559241, 0.000123182981042],
        "dmean2": [1.63787686825, 5.59683084488, 11.8671340942, 19.4818840027, 18.4162960052, 11.2069091797, 10.9366865158, 26.0512657166, 26.501625061, 37.2604103088, 44.4538574219, 14.7043170929, 8.98565101624, 7.46586418152, 14.8444747925, 23.6969051361, 26.0575828552, 33.2173347473, 31.540971756, 23.7559623718, 19.788482666, 18.8589401245, 25.2146701813, 14.9095602036, 25.3639068604, 15.865146637, 10.3570261002, 7.78732728958, 11.22270298, 15.8256759644, 28.1715240479, 10.365650177, 6.34089279175, 4.7854552269, 3.52939248085, 2.81207275391, 1.77113127708, 0.212457329035, 0.00597775261849, 0.000205241783988],
        "dvar": [4.05844640732, 55.0782165527, 391.891021729, 1044.1282959, 576.776306152, 221.191101074, 148.366455078, 666.34979248, 1264.44775391, 4832.8984375, 4365.75488281, 505.064819336, 149.419647217, 123.418067932, 943.653808594, 1739.65209961, 1682.84558105, 2997.85717773, 2660.81201172, 1960.19445801, 1353.5871582, 1556.65197754, 4011.3815918, 1042.23022461, 3755.1394043, 1422.55944824, 628.508544922, 350.49520874, 616.758483887, 419.403839111, 697.701965332, 94.9706573486, 42.5610656738, 17.8569526672, 9.37997531891, 6.55923032761, 2.72364616394, 0.038604516536, 3.40424921887e-05, 2.81193734963e-08],
        "dvar2": [9.87115383148, 152.606323242, 1082.76940918, 3011.3515625, 1610.59301758, 614.447875977, 398.765533447, 1638.63745117, 3052.79956055, 13406.8710938, 10824.7431641, 1021.62927246, 349.816955566, 297.857269287, 1984.32397461, 3893.13793945, 3762.02832031, 5960.015625, 5841.26025391, 3902.89477539, 2756.9284668, 3454.83105469, 10004.4609375, 2040.90026855, 8378.63867188, 2636.99316406, 1246.25646973, 628.892211914, 1339.30407715, 975.571166992, 1796.01818848, 204.595809937, 86.6507339478, 39.3884544373, 22.2082710266, 16.5808010101, 7.09266996384, 0.0980959385633, 8.87556525413e-05, 7.23956574689e-08],
        "max": [14.3032903671, 71.2989807129, 113.977958679, 229.33140564, 211.368530273, 125.728042603, 124.929916382, 255.430007935, 369.053222656, 723.567138672, 776.846008301, 270.757324219, 200.718231201, 271.888397217, 494.272186279, 559.623413086, 462.669067383, 917.378173828, 641.414978027, 679.575134277, 442.569915771, 500.474273682, 646.286743164, 365.066223145, 602.204406738, 356.324707031, 224.984466553, 190.216186523, 223.718292236, 198.63331604, 145.990539551, 83.5018157959, 72.5605926514, 33.326423645, 16.5560665131, 13.1714658737, 6.65696525574, 0.857242524624, 0.0309655591846, 0.000820426677819],
        "mean": [3.06019711494, 6.21997499466, 4.93714523315, 7.40309381485, 11.1165475845, 6.65655899048, 7.97269248962, 21.2382946014, 19.1003627777, 24.1487140656, 38.8020057678, 14.3225393295, 9.1921005249, 7.51851701736, 13.702662468, 22.1326808929, 24.1989116669, 31.2007408142, 27.9690151215, 22.131893158, 17.9635009766, 14.738322258, 14.9429197311, 12.7891111374, 16.3506908417, 12.2183675766, 9.13001441956, 6.25438261032, 7.29584550858, 8.69810962677, 11.9927883148, 6.1409277916, 4.82032060623, 3.32602620125, 1.98909413815, 1.29028177261, 0.685303092003, 0.0893625095487, 0.00247256271541, 0.000170055631315],
        "median": [2.75939393044, 3.21458268166, 0.55990922451, 1.65949702263, 4.90224313736, 2.6988260746, 4.03404426575, 8.39549160004, 5.93999147415, 4.50888061523, 4.82272768021, 3.70553636551, 4.46802711487, 3.78516435623, 2.7238471508, 3.89400029182, 3.81066346169, 3.07238268852, 3.25209283829, 2.8595161438, 2.86261248589, 1.98440003395, 1.37863731384, 1.72117471695, 1.98337805271, 1.65464019775, 0.944943130016, 1.01851892471, 1.12468016148, 1.18595051765, 1.15173268318, 1.20685899258, 1.15433394909, 1.00632596016, 0.402509778738, 0.153615161777, 0.0442733131349, 0.00499073741958, 0.000176072178874, 0.000104698097857],
        "min": [7.12248819923e-08, 1.59169792369e-06, 7.3756542406e-05, 0.000389111810364, 0.000504866300616, 0.000443860393716, 0.000248430675128, 8.07967226137e-05, 3.3720931242e-05, 0.000136942413519, 0.000546681461856, 0.000827811774798, 0.000302307627862, 6.88230866217e-05, 5.56701888854e-05, 8.34845632198e-05, 9.90545086097e-05, 0.000205718999496, 0.00017510401085, 9.05988781597e-05, 0.000155952904606, 0.000309386261506, 9.87259481917e-05, 5.01293834532e-05, 6.70528315823e-05, 1.66527916008e-05, 1.42700055221e-05, 1.53240671352e-05, 1.01884279502e-05, 9.80839013209e-06, 6.75141473039e-06, 1.4579533854e-05, 1.81496052392e-05, 1.43198367368e-05, 2.53022608376e-06, 1.75877835318e-06, 6.85048746618e-07, 1.47954295926e-07, 2.70660027724e-08, 4.22009405199e-09],
        "stdev": [2.26026535034, 8.25466251373, 15.8292655945, 24.1769676208, 20.4832229614, 12.7814178467, 11.8215847015, 31.5856266022, 37.5704536438, 60.4004020691, 80.3384552002, 32.5339241028, 17.6990451813, 12.8614654541, 39.4584693909, 53.576625824, 54.3400230408, 80.1122970581, 65.2545166016, 54.4124336243, 42.8458862305, 43.2014160156, 59.1781654358, 38.0762557983, 62.1684570312, 42.8067016602, 30.724155426, 22.2705402374, 26.0811328888, 21.1950473785, 23.8521194458, 11.1337690353, 8.69472026825, 5.13844680786, 3.13104152679, 2.35839748383, 1.42059290409, 0.176752671599, 0.0050868941471, 0.000165317716892],
        "var": [5.10879945755, 68.1394577026, 250.565658569, 584.525756836, 419.562408447, 163.364639282, 139.749862671, 997.651794434, 1411.53894043, 3648.20874023, 6454.26757812, 1058.45629883, 313.256225586, 165.417297363, 1556.9708252, 2870.45483398, 2952.83813477, 6417.98046875, 4258.15234375, 2960.71313477, 1835.76989746, 1866.36218262, 3502.05517578, 1449.8013916, 3864.91723633, 1832.41381836, 943.973693848, 495.976928711, 680.225524902, 449.230041504, 568.92364502, 123.960823059, 75.5981674194, 26.4036369324, 9.80342102051, 5.56203889847, 2.01808404922, 0.0312415063381, 2.58764921455e-05, 2.73299480824e-08]
    },
    "gfcc": {
        "mean": [-2.82159304619, 83.4103012085, -65.6167449951, 29.2714042664, -46.0593032837, 31.9572525024, -37.5353355408, 19.9778804779, -12.0236387253, 15.8060941696, -3.91767597198, 6.90872192383, -6.45470046997],
        "cov": [[6991.12548828, -1890.49572754, -196.305725098, 409.401855469, -77.4873886108, 106.918296814, -37.8674201965, 206.567840576, -146.381088257, 394.829437256, -231.856231689, 343.551849365, -384.972869873], [-1890.49572754, 1933.27783203, -357.170532227, -368.26184082, 292.563476562, -177.160491943, 26.7824192047, -114.650505066, 159.551879883, -215.794403076, 197.616912842, -244.571105957, 210.000900269], [-196.305725098, -357.170532227, 1403.2286377, -34.9664344788, -56.2588996887, 391.543212891, 181.631561279, -8.19992256165, 50.761592865, -49.6753158569, -90.0013427734, 237.984924316, -65.0611953735], [409.401855469, -368.26184082, -34.9664344788, 430.18661499, -26.7812957764, -78.6166763306, -29.4734153748, 14.1776628494, -98.9329986572, 25.5215930939, -12.3627815247, -1.54643392563, 71.2632827759], [-77.4873886108, 292.563476562, -56.2588996887, -26.7812957764, 219.988998413, -2.51456952095, 27.3469543457, -5.88475942612, 55.2643241882, -6.20334815979, 42.5374603271, -6.6482872963, 33.6111030579], [106.918296814, -177.160491943, 391.543212891, -78.6166763306, -2.51456952095, 316.036193848, 188.892837524, 31.627779007, 43.4922065735, 27.4680271149, 13.0528383255, 99.4262084961, -7.5439248085], [-37.8674201965, 26.7824192047, 181.631561279, -29.4734153748, 27.3469543457, 188.892837524, 345.96182251, 49.3424987793, 39.1620101929, 27.6586208344, 68.6597595215, 98.9816055298, 56.5105209351], [206.567840576, -114.650505066, -8.19992256165, 14.1776628494, -5.88475942612, 31.627779007, 49.3424987793, 132.261367798, 13.4017753601, 16.0611248016, 23.7971630096, 9.31976032257, 7.21028614044], [-146.381088257, 159.551879883, 50.761592865, -98.9329986572, 55.2643241882, 43.4922065735, 39.1620101929, 13.4017753601, 149.764709473, 12.1474285126, 29.8815822601, 17.5594596863, -0.338995337486], [394.829437256, -215.794403076, -49.6753158569, 25.5215930939, -6.20334815979, 27.4680271149, 27.6586208344, 16.0611248016, 12.1474285126, 138.732574463, 25.72123909, 25.0432090759, -16.8269958496], [-231.856231689, 197.616912842, -90.0013427734, -12.3627815247, 42.5374603271, 13.0528383255, 68.6597595215, 23.7971630096, 29.8815822601, 25.72123909, 130.783843994, -6.44067525864, 79.7575836182], [343.551849365, -244.571105957, 237.984924316, -1.54643392563, -6.6482872963, 99.4262084961, 98.9816055298, 9.31976032257, 17.5594596863, 25.0432090759, -6.44067525864, 181.261566162, -6.17013311386], [-384.972869873, 210.000900269, -65.0611953735, 71.2632827759, 33.6111030579, -7.5439248085, 56.5105209351, 7.21028614044, -0.338995337486, -16.8269958496, 79.7575836182, -6.17013311386, 183.002044678]],
        "icov": [[0.000300610612612, -0.00012835689995, 0.000242150941631, -0.000412863533711, -6.80948069203e-05, -0.00037009830703, 0.00021973082039, -0.000531331112143, 0.000248208612902, -0.000694416405167, 0.0005359321367, -0.000843442569021, 0.000651466601994], [-0.00012835689995, 0.00309418374673, -0.000476553570479, 0.00263801938854, -0.00216956669465, 0.00241024489515, -0.00154210382607, 0.00255865603685, -0.00141269282904, 0.00363722047769, -0.00290149706416, 0.00382415228523, -0.0024188645184], [0.000242150941631, -0.000476553570479, 0.0017323223874, -0.00103638973087, 0.000475333421491, -0.00236828369088, 0.00059639965184, -0.000339997612173, -0.000139842406497, 0.000104804348666, 0.00131422560662, -0.00229442794807, 0.00107926374767], [-0.000412863533711, 0.00263801938854, -0.00103638973087, 0.00604916969314, -0.00187258468941, 0.00357126095332, -0.00151191360783, 0.00180222536437, 0.000719303032383, 0.00207267748192, -0.00166499160696, 0.00388493202627, -0.00468425219879], [-6.80948069203e-05, -0.00216956669465, 0.000475333421491, -0.00187258468941, 0.00703376950696, -0.0015273061581, 0.000742333068047, -0.000859446765389, -0.00115802767687, -0.00156315928325, 0.000681472709402, -0.00231144810095, 0.00117359787691], [-0.00037009830703, 0.00241024489515, -0.00236828369088, 0.00357126095332, -0.0015273061581, 0.00974532868713, -0.00424677086994, 0.00157154956833, -0.00113365531433, 0.00155591184739, -0.00245936797, 0.00365213421173, -0.00250938022509], [0.00021973082039, -0.00154210382607, 0.00059639965184, -0.00151191360783, 0.000742333068047, -0.00424677086994, 0.00633975490928, -0.0023774325382, 0.000824966351502, -0.00189166609198, -0.000105083621747, -0.00407825876027, 0.000593094853684], [-0.000531331112143, 0.00255865603685, -0.000339997612173, 0.00180222536437, -0.000859446765389, 0.00157154956833, -0.0023774325382, 0.0112322131172, -0.00240950053558, 0.0038772681728, -0.00434468779713, 0.00422446802258, -0.0019743104931], [0.000248208612902, -0.00141269282904, -0.000139842406497, 0.000719303032383, -0.00115802767687, -0.00113365531433, 0.000824966351502, -0.00240950053558, 0.0101574528962, -0.00318276532926, 0.000455785222584, -0.00241902726702, 0.00126553408336], [-0.000694416405167, 0.00363722047769, 0.000104804348666, 0.00207267748192, -0.00156315928325, 0.00155591184739, -0.00189166609198, 0.0038772681728, -0.00318276532926, 0.0148214362562, -0.00720541505143, 0.00399754196405, -0.000989851891063], [0.0005359321367, -0.00290149706416, 0.00131422560662, -0.00166499160696, 0.000681472709402, -0.00245936797, -0.000105083621747, -0.00434468779713, 0.000455785222584, -0.00720541505143, 0.0174711961299, -0.00354032032192, -0.00284584262408], [-0.000843442569021, 0.00382415228523, -0.00229442794807, 0.00388493202627, -0.00231144810095, 0.00365213421173, -0.00407825876027, 0.00422446802258, -0.00241902726702, 0.00399754196405, -0.00354032032192, 0.0146483257413, -0.00442326441407], [0.000651466601994, -0.0024188645184, 0.00107926374767, -0.00468425219879, 0.00117359787691, -0.00250938022509, 0.000593094853684, -0.0019743104931, 0.00126553408336, -0.000989851891063, -0.00284584262408, -0.00442326441407, 0.0123965553939]]
    },
    "melbands": {
        "dmean": [0.00695213209838, 0.00326882791705, 0.00177358533256, 0.000579248997383, 0.000223295050091, 0.000342819723301, 0.00024547544308, 0.000270219607046, 0.000206980475923, 5.47937197553e-05, 2.92116565106e-05, 1.96689270524e-05, 2.59732551058e-05, 5.43448804819e-05, 4.35599104094e-05, 4.5591405069e-05, 4.1431383579e-05, 3.80351120839e-05, 2.50324192166e-05, 2.36779724219e-05, 1.53315995703e-05, 1.10745595521e-05, 2.05633568839e-05, 1.02181638795e-05, 8.05473246146e-06, 1.02515377876e-05, 1.12871339297e-05, 6.59390298097e-06, 5.30211809746e-06, 3.33392472385e-06, 3.33262460117e-06, 3.92980155084e-06, 4.86374983666e-06, 5.72160024603e-06, 1.29083155116e-05, 3.81955987905e-06, 3.73466127712e-06, 2.95975041809e-06, 2.81343454844e-06, 2.51693404607e-06],
        "dmean2": [0.0113340960816, 0.00557554373518, 0.00329638645053, 0.00100743083749, 0.000390287837945, 0.000551904144231, 0.000403923884733, 0.000450517632999, 0.000321770494338, 8.48867493914e-05, 4.58059330413e-05, 3.12263109663e-05, 3.98649317503e-05, 8.10750279925e-05, 6.50552174193e-05, 6.6599699494e-05, 6.21193394181e-05, 5.66871858609e-05, 3.64017105312e-05, 3.47715540556e-05, 2.27368000196e-05, 1.60017734743e-05, 3.44179388776e-05, 1.54624540301e-05, 1.22581877804e-05, 1.49316474563e-05, 1.73240932781e-05, 1.014838017e-05, 7.44464432501e-06, 4.91874016006e-06, 4.74240005133e-06, 5.96803602093e-06, 7.72703333496e-06, 9.41500638874e-06, 2.2965736207e-05, 6.06811499893e-06, 6.08711661698e-06, 4.5521701395e-06, 4.40266967416e-06, 4.01357965529e-06],
        "dvar": [0.000175660970854, 6.95435592206e-05, 2.65745020442e-05, 1.67185669397e-06, 2.08701450788e-07, 2.92030335913e-07, 3.08537238425e-07, 5.95351082211e-07, 2.2342867112e-07, 1.72350027583e-08, 3.80731002281e-09, 1.88462245809e-09, 5.27994892252e-09, 3.23454223405e-08, 1.26702310865e-08, 1.5802399389e-08, 9.32040844503e-09, 8.12386957705e-09, 4.49764403498e-09, 4.333204906e-09, 1.67553704244e-09, 9.2554230946e-10, 8.03811595063e-09, 1.31782251778e-09, 6.63335331108e-10, 1.10295117484e-09, 1.82749404498e-09, 5.47012102281e-10, 3.32432803507e-10, 1.34592115231e-10, 1.3323099568e-10, 1.82217838041e-10, 2.88809587357e-10, 1.05300664022e-10, 4.75547878853e-10, 3.85182823137e-11, 3.38511683962e-11, 2.41248149929e-11, 1.8851255626e-11, 1.18308531374e-11],
        "dvar2": [0.000452620413853, 0.000182324816706, 7.61507253628e-05, 4.60884803033e-06, 5.70863903704e-07, 7.11550285359e-07, 7.76857575602e-07, 1.61202001436e-06, 5.24642871369e-07, 3.63386263302e-08, 8.98570373664e-09, 4.58920235147e-09, 1.18514753567e-08, 7.03252496237e-08, 2.87595529613e-08, 3.36910765952e-08, 1.85651174434e-08, 1.73965037931e-08, 9.83244508035e-09, 9.4576639853e-09, 3.67704067195e-09, 1.87943416385e-09, 2.1317074328e-08, 3.07688918788e-09, 1.33765898358e-09, 2.37062369735e-09, 3.89231402664e-09, 1.01946118214e-09, 6.9853717255e-10, 2.64203325884e-10, 2.46079934207e-10, 3.89285936819e-10, 7.01505298295e-10, 2.49270493136e-10, 1.25293031505e-09, 8.08830433185e-11, 7.35645225292e-11, 5.08778089103e-11, 4.03608847732e-11, 2.62908653181e-11],
        "max": [0.0892344415188, 0.0521688088775, 0.0357941798866, 0.0113244913518, 0.00430194521323, 0.00526017602533, 0.00508788879961, 0.00781409349293, 0.00554109178483, 0.00159518560395, 0.00103734596632, 0.0010276583489, 0.00125216506422, 0.0028850028757, 0.00157530850265, 0.00227618706413, 0.00147034309339, 0.000985684106126, 0.000896123528946, 0.000801721413154, 0.000409151049098, 0.000480937538669, 0.000884737120941, 0.000422249810072, 0.000308178074192, 0.000328606693074, 0.000436766189523, 0.000219907116843, 0.000166693105712, 0.000113560083264, 0.000147377795656, 0.000132767803734, 0.000168159982422, 9.92368513835e-05, 0.000113261972729, 5.57771818421e-05, 5.07138502144e-05, 5.56174018129e-05, 4.61853014713e-05, 2.72042798315e-05],
        "mean": [0.0207900423557, 0.00407236628234, 0.00141250970773, 0.000635583535768, 0.000274040648947, 0.000457954884041, 0.000279904750641, 0.000312797375955, 0.000296087557217, 7.91137717897e-05, 4.54131586594e-05, 3.05537250824e-05, 3.4535620216e-05, 6.75470146234e-05, 5.79975785513e-05, 6.12569929217e-05, 5.66246089875e-05, 4.80120143038e-05, 3.28628084389e-05, 2.77962026303e-05, 1.9169974621e-05, 1.40100346471e-05, 1.68559654412e-05, 1.13658898044e-05, 1.00303905128e-05, 1.06970755951e-05, 1.1088570318e-05, 7.67904111854e-06, 6.37972334516e-06, 3.94171638618e-06, 3.6371841361e-06, 3.9987639866e-06, 4.41894781034e-06, 4.9689701882e-06, 9.00050599739e-06, 3.59454975296e-06, 3.6229143916e-06, 3.36060611517e-06, 3.19341870636e-06, 2.67468453785e-06],
        "median": [0.019335847348, 0.00118328374811, 0.000437507667812, 0.00027081312146, 0.000136617381941, 0.000186400808161, 8.27544499771e-05, 4.41164847871e-05, 3.68169457943e-05, 2.10372854781e-05, 2.26448737521e-05, 1.62079268193e-05, 8.83363827597e-06, 8.73702174431e-06, 1.09392067316e-05, 6.2595113377e-06, 5.29995713805e-06, 5.43613032278e-06, 3.65561140825e-06, 3.30441002916e-06, 2.78246898233e-06, 2.00583122023e-06, 1.19631465623e-06, 1.15814430046e-06, 1.33476714836e-06, 1.42002022585e-06, 1.18695197671e-06, 9.32909188123e-07, 5.4102207514e-07, 4.67565911322e-07, 5.71865200527e-07, 5.99469501594e-07, 5.76866625579e-07, 6.91060336067e-07, 6.90830404437e-07, 6.54104951536e-07, 7.13703514066e-07, 7.59602130529e-07, 9.05251056338e-07, 7.72251723902e-07],
        "min": [1.38111605485e-10, 3.47290125546e-08, 7.05911347154e-08, 3.44842092659e-08, 1.06588995408e-08, 1.87329685097e-09, 5.11365561007e-10, 1.8733861129e-09, 5.04134778367e-09, 4.55776261177e-09, 1.34184641176e-09, 2.40070213708e-10, 1.72841921331e-10, 2.42328768163e-10, 1.38861117049e-10, 3.17104814629e-10, 3.86458726132e-10, 3.26282417751e-10, 9.22217371913e-11, 1.5430966227e-10, 1.87601767454e-10, 3.66094543569e-10, 1.46485573671e-10, 4.83337848911e-11, 3.52785370361e-11, 7.40685568434e-11, 2.05309224482e-11, 8.19985138817e-12, 8.57302076551e-12, 8.65818267776e-12, 8.95701481735e-12, 4.76980217476e-12, 6.43353729665e-12, 5.21523536162e-12, 2.55789226605e-12, 6.46448910027e-12, 1.0122173065e-11, 8.24702459101e-12, 2.33355192808e-11, 7.7404315596e-12],
        "stdev": [0.0149583974853, 0.00798275321722, 0.00391802145168, 0.00114265328739, 0.000422557612183, 0.000660927675199, 0.000554300844669, 0.000733224558644, 0.00062787492061, 0.000186904173461, 8.87345740921e-05, 4.96923130413e-05, 8.83239481482e-05, 0.00022877905576, 0.00014012005704, 0.000180518240086, 0.000141390715726, 0.000117142219096, 8.42748995638e-05, 7.25846402929e-05, 4.60775263491e-05, 3.69061526726e-05, 7.66301018302e-05, 3.83344849979e-05, 2.99528001051e-05, 3.57561839337e-05, 4.40070070908e-05, 2.65820617642e-05, 2.18597433559e-05, 1.36089920488e-05, 1.34577094286e-05, 1.44234982145e-05, 1.61815041793e-05, 1.0638042113e-05, 1.87591740541e-05, 7.07110802978e-06, 6.67480662742e-06, 6.38997244096e-06, 5.52605388293e-06, 4.06637354899e-06],
        "var": [0.000223753668251, 6.37243501842e-05, 1.53508935909e-05, 1.30565661038e-06, 1.78554941499e-07, 4.36825359884e-07, 3.07249422349e-07, 5.37618234375e-07, 3.9422690179e-07, 3.49331692462e-08, 7.87382514744e-09, 2.4693258549e-09, 7.80111975018e-09, 5.2339856893e-08, 1.96336316094e-08, 3.25868363404e-08, 1.99913330334e-08, 1.37222997409e-08, 7.102258337e-09, 5.26852961258e-09, 2.12313855386e-09, 1.36206423917e-09, 5.87217208192e-09, 1.46953271773e-09, 8.9717028251e-10, 1.27850474652e-09, 1.93661664483e-09, 7.06606051448e-10, 4.77848371983e-10, 1.85204657166e-10, 1.81109932607e-10, 2.08037309601e-10, 2.61841076599e-10, 1.13167947235e-10, 3.51906614959e-10, 5.00005696569e-11, 4.45530418114e-11, 4.08317477052e-11, 3.05372706288e-11, 1.65353928466e-11]
    },
    "melbands128": {
