{
"lowlevel": {
    "average_loudness": 0.985128164291,
    "barkbands_crest": {
        "dmean": 2.42027282715,
        "dmean2": 3.74416780472,
        "dvar": 9.91310977936,
        "dvar2": 26.4949131012,
        "max": 25.6356239319,
        "mean": 17.287115097,
        "median": 17.1607570648,
        "min": 3.0269715786,
        "stdev": 4.35895586014,
        "var": 19.0004959106
    },
    "barkbands_flatness_db": {
        "dmean": 0.0426347404718,
        "dmean2": 0.0586230270565,
        "dvar": 0.0015698929783,
        "dvar2": 0.00280613801442,
        "max": 0.480418860912,
        "mean": 0.245154052973,
        "median": 0.234009981155,
        "min": 0.04932904616,
        "stdev": 0.0795281231403,
        "var": 0.0063247224316
    },
    "barkbands_kurtosis": {
        "dmean": 24.432762146,
        "dmean2": 37.5575675964,
        "dvar": 1653.32177734,
        "dvar2": 3744.94970703,
        "max": 658.54473877,
        "mean": 37.8796730042,
        "median": 16.4892864227,
        "min": -1.45201385021,
        "stdev": 55.5894355774,
        "var": 3090.18554688
    },
    "barkbands_skewness": {
        "dmean": 1.55874204636,
        "dmean2": 2.31974339485,
        "dvar": 2.80526995659,
        "dvar2": 5.87660932541,
        "max": 20.7182617188,
        "mean": 4.63120508194,
        "median": 3.8623046875,
        "min": -0.470990359783,
        "stdev": 2.94749307632,
        "var": 8.6877155304
    },
    "barkbands_spread": {
        "dmean": 8.03152179718,
        "dmean2": 12.3168001175,
        "dvar": 91.9145812988,
        "dvar2": 182.912567139,
        "max": 64.3779907227,
        "mean": 13.9924516678,
        "median": 9.86902618408,
        "min": 0.27632650733,
        "stdev": 13.0576925278,
        "var": 170.503341675
    },
    "dissonance": {
        "dmean": 0.0238547492772,
        "dmean2": 0.0393137894571,
        "dvar": 0.000641351973172,
        "dvar2": 0.0016232796479,
        "max": 0.499463647604,
        "mean": 0.457915425301,
        "median": 0.465136945248,
        "min": 0.147164538503,
        "stdev": 0.0320246629417,
        "var": 0.00102557905484
    },
    "dynamic_complexity": 2.12779927254,
    "erbbands_crest": {
        "dmean": 2.97834396362,
        "dmean2": 4.75153779984,
        "dvar": 6.92612457275,
        "dvar2": 16.2412185669,
        "max": 23.6461620331,
        "mean": 9.02444267273,
        "median": 8.32874298096,
        "min": 2.36217308044,
        "stdev": 3.86250948906,
        "var": 14.9189796448
    },
    "erbbands_flatness_db": {
        "dmean": 0.0251587294042,
        "dmean2": 0.0361767932773,
        "dvar": 0.00052647467237,
        "dvar2": 0.000948273402173,
        "max": 0.291780352592,
        "mean": 0.144736990333,
        "median": 0.137710228562,
        "min": 0.046397510916,
        "stdev": 0.041837785393,
        "var": 0.00175040040631
    },
    "erbbands_kurtosis": {
        "dmean": 1.22663724422,
        "dmean2": 2.01375555992,
        "dvar": 2.48851037025,
        "dvar2": 5.84874534607,
        "max": 21.0985679626,
        "mean": 0.47373047471,
        "median": 0.0342197418213,
        "min": -1.69103467464,
        "stdev": 1.9399381876,
        "var": 3.7633600235
    },
    "erbbands_skewness": {
        "dmean": 0.551023364067,
        "dmean2": 0.824870884418,
        "dvar": 0.252364397049,
        "dvar2": 0.548956394196,
        "max": 3.27514410019,
        "mean": -0.00499530648813,
        "median": 0.00874106958508,
        "min": -3.83842897415,
        "stdev": 0.780540525913,
        "var": 0.609243512154
    },
    "erbbands_spread": {
        "dmean": 16.5675868988,
        "dmean2": 24.8793334961,
        "dvar": 237.44732666,
        "dvar2": 518.398864746,
        "max": 140.030426025,
        "mean": 49.7476272583,
        "median": 45.5240364075,
        "min": 6.39943599701,
        "stdev": 26.180727005,
        "var": 685.430419922
    },
    "hfc": {
        "dmean": 15.1926002502,
        "dmean2": 23.385011673,
        "dvar": 390.360778809,
        "dvar2": 899.587524414,
        "max": 151.80796814,
        "mean": 24.6719913483,
        "median": 18.9363918304,
        "min": 0.0002013080084,
        "stdev": 22.9543552399,
        "var": 526.902404785
    },
    "loudness_ebu128": {
        "integrated": -8.51073169708,
        "loudness_range": 0.996290206909,
        "momentary": {
            "dmean": 0.573744416237,
            "dmean2": 0.919070482254,
            "dvar": 0.214518070221,
            "dvar2": 0.458240509033,
            "max": -6.4802904129,
            "mean": -8.58611488342,
            "median": -8.45386505127,
            "min": -11.6712522507,
            "stdev": 0.831814944744,
            "var": 0.691916108131
        },
        "short_term": {
            "dmean": 0.0300282333046,
            "dmean2": 0.0385031700134,
            "dvar": 0.000779814727139,
            "dvar2": 0.001298026531,
            "max": -7.77250909805,
            "mean": -8.5731344223,
            "median": -8.49597740173,
            "min": -9.26969909668,
            "stdev": 0.381191879511,
            "var": 0.14530724287
        }
    },
    "melbands_crest": {
        "dmean": 2.81448197365,
        "dmean2": 4.24133110046,
        "dvar": 18.0059757233,
        "dvar2": 37.6700401306,
        "max": 38.6292381287,
        "mean": 31.5302734375,
        "median": 33.5513267517,
        "min": 5.11316776276,
        "stdev": 6.26753520966,
        "var": 39.2819976807
    },
    "melbands_flatness_db": {
        "dmean": 0.0505448691547,
        "dmean2": 0.0681628659368,
        "dvar": 0.0022470317781,
        "dvar2": 0.00377929746173,
        "max": 0.591645538807,
        "mean": 0.326663911343,
        "median": 0.318789362907,
        "min": 0.0588008873165,
        "stdev": 0.0938563197851,
        "var": 0.00880900863558
    },
    "melbands_kurtosis": {
        "dmean": 58.9073486328,
        "dmean2": 90.0920944214,
        "dvar": 7838.83691406,
        "dvar2": 18958.2441406,
        "max": 904.866821289,
        "mean": 105.811897278,
        "median": 55.2231521606,
        "min": -1.21461176872,
        "stdev": 132.371520996,
        "var": 17522.2207031
    },
    "melbands_skewness": {
        "dmean": 2.17745447159,
        "dmean2": 3.18213391304,
        "dvar": 5.16214704514,
        "dvar2": 10.6482534409,
        "max": 24.5376968384,
        "mean": 7.55318307877,
        "median": 6.45002937317,
        "min": 0.337440520525,
        "stdev": 4.61322593689,
        "var": 21.2818546295
    },
    "melbands_spread": {
        "dmean": 5.38382911682,
        "dmean2": 7.99520635605,
        "dvar": 55.0191879272,
        "dvar2": 101.394630432,
        "max": 75.4533538818,
        "mean": 9.87077236176,
        "median": 5.99096250534,
        "min": 0.245047435164,
        "stdev": 10.6774272919,
        "var": 114.007446289
    },
    "pitch_salience": {
        "dmean": 0.0922734960914,
        "dmean2": 0.143616855145,
        "dvar": 0.0135918119922,
        "dvar2": 0.0361980982125,
        "max": 0.787438392639,
        "mean": 0.260584563017,
        "median": 0.231670126319,
        "min": 0.0563193410635,
        "stdev": 0.144183024764,
        "var": 0.020788744092
    },
    "silence_rate_20dB": {
        "dmean": 0,
        "dmean2": 0,
        "dvar": 0,
        "dvar2": 0,
        "max": 1,
        "mean": 1,
        "median": 1,
        "min": 1,
        "stdev": 0,
        "var": 0
    },
    "silence_rate_30dB": {
        "dmean": 0.198142409325,
        "dmean2": 0.39659178257,
        "dvar": 0.158882215619,
        "dvar2": 0.288883060217,
        "max": 1,
        "mean": 0.67130702734,
        "median": 1,
        "min": 0,
        "stdev": 0.469735592604,
        "var": 0.22065153718
    },
    "silence_rate_60dB": {
        "dmean": 0.00232198135927,
        "dmean2": 0.00387296662666,
        "dvar": 0.00231663417071,
        "dvar2": 0.00385784450918,
        "max": 1,
        "mean": 0.00232018553652,
        "median": 0,
        "min": 0,
        "stdev": 0.0481129400432,
        "var": 0.00231485487893
    },
    "spectral_centroid": {
        "dmean": 447.606079102,
        "dmean2": 647.38659668,
        "dvar": 228282.578125,
        "dvar2": 441262.34375,
        "max": 4121.76611328,
        "mean": 1332.60327148,
        "median": 1222.75146484,
        "min": 160.994354248,
        "stdev": 731.886230469,
        "var": 535657.4375
    },
    "spectral_complexity": {
        "dmean": 4.34055709839,
        "dmean2": 6.33694791794,
        "dvar": 38.0774803162,
        "dvar2": 59.4196166992,
        "max": 58,
        "mean": 14.5096673965,
        "median": 13,
        "min": 0,
        "stdev": 9.3225812912,
        "var": 86.9105148315
    },
    "spectral_decrease": {
        "dmean": 6.8226588823e-09,
        "dmean2": 1.0150355223e-08,
        "dvar": 1.45901875151e-16,
        "dvar2": 3.18017858302e-16,
        "max": -6.22924509284e-13,
        "mean": -2.46177656038e-08,
        "median": -2.22664660043e-08,
        "min": -8.64617106799e-08,
        "stdev": 1.33524595824e-08,
        "var": 1.78288179889e-16
    },
    "spectral_energy": {
        "dmean": 0.0262713804841,
        "dmean2": 0.0392980612814,
        "dvar": 0.00211581215262,
        "dvar2": 0.00460488209501,
        "max": 0.330699026585,
        "mean": 0.0951509475708,
        "median": 0.0863780155778,
        "min": 2.36933533415e-06,
        "stdev": 0.0508520528674,
        "var": 0.00258593121544
    },
    "spectral_energyband_high": {
        "dmean": 0.00135837798007,
        "dmean2": 0.00217531062663,
        "dvar": 4.14237092627e-06,
        "dvar2": 9.86372833722e-06,
        "max": 0.0132117448375,
        "mean": 0.00131239171606,
        "median": 0.000420173251769,
        "min": 4.41901049086e-09,
        "stdev": 0.00212038564496,
        "var": 4.49603521702e-06
    },
    "spectral_energyband_low": {
        "dmean": 0.0245147719979,
        "dmean2": 0.0349349789321,
        "dvar": 0.00186824705452,
        "dvar2": 0.00421303510666,
        "max": 0.294918775558,
        "mean": 0.0809995010495,
        "median": 0.0731210559607,
        "min": 6.54125869914e-07,
        "stdev": 0.0477258488536,
        "var": 0.0022777565755
    },
    "spectral_energyband_middle_high": {
        "dmean": 0.00237852823921,
        "dmean2": 0.00326901162043,
        "dvar": 1.09698330562e-05,
        "dvar2": 2.05246506084e-05,
        "max": 0.0285002999008,
        "mean": 0.00456489389762,
        "median": 0.00198240065947,
        "min": 2.19607354524e-08,
        "stdev": 0.00526737235487,
        "var": 2.77452127193e-05
    },
    "spectral_energyband_middle_low": {
        "dmean": 0.00786325335503,
        "dmean2": 0.0140100400895,
        "dvar": 0.000362914492143,
        "dvar2": 0.00103307585232,
        "max": 0.123281784356,
        "mean": 0.00885095912963,
        "median": 0.00522573431954,
        "min": 1.35508997801e-07,
        "stdev": 0.0153161901981,
        "var": 0.000234585691942
    },
    "spectral_entropy": {
        "dmean": 0.283471316099,
        "dmean2": 0.404178202152,
        "dvar": 0.0669054165483,
        "dvar2": 0.13403095305,
        "max": 8.68602657318,
        "mean": 7.64058351517,
        "median": 7.57759666443,
        "min": 5.85004138947,
        "stdev": 0.456977367401,
        "var": 0.208828315139
    },
    "spectral_flux": {
        "dmean": 0.0606976747513,
        "dmean2": 0.0958538800478,
        "dvar": 0.00662155868486,
        "dvar2": 0.0131385279819,
        "max": 0.53173583746,
        "mean": 0.121069580317,
        "median": 0.0854713916779,
        "min": 0.00153926457278,
        "stdev": 0.106036745012,
        "var": 0.0112437913194
    },
    "spectral_kurtosis": {
        "dmean": 2.46159291267,
        "dmean2": 3.78536438942,
        "dvar": 7.788646698,
        "dvar2": 20.0647182465,
        "max": 31.2711639404,
        "mean": 3.74776697159,
        "median": 2.95907020569,
        "min": -0.97957110405,
        "stdev": 3.54073286057,
        "var": 12.5367898941
    },
    "spectral_rms": {
        "dmean": 0.00126129272394,
        "dmean2": 0.0018702277448,
        "dvar": 4.25636335422e-06,
        "dvar2": 8.74226589076e-06,
        "max": 0.0179619938135,
        "mean": 0.00932454038411,
        "median": 0.00917993672192,
        "min": 4.80785492982e-05,
        "stdev": 0.00242548738606,
        "var": 5.88298871662e-06
    },
    "spectral_rolloff": {
        "dmean": 297.447784424,
        "dmean2": 476.432556152,
        "dvar": 342537.78125,
        "dvar2": 718125.25,
        "max": 5878.56445312,
        "mean": 401.485015869,
        "median": 64.599609375,
        "min": 43.06640625,
        "stdev": 684.478759766,
        "var": 468511.1875
    },
    "spectral_skewness": {
        "dmean": 0.394771307707,
        "dmean2": 0.585807204247,
        "dvar": 0.124818205833,
        "dvar2": 0.2933845222,
        "max": 3.80294370651,
        "mean": 1.47942972183,
        "median": 1.48632311821,
        "min": 0.039213962853,
        "stdev": 0.541685521603,
        "var": 0.293423175812
    },
    "spectral_spread": {
        "dmean": 1366319,
        "dmean2": 1892343.875,
        "dvar": 1.99298134835e+12,
        "dvar2": 3.31623982694e+12,
        "max": 22395516,
        "mean": 5546734.5,
        "median": 5312374,
        "min": 1374347.75,
        "stdev": 2311832.75,
        "var": 5.34457090048e+12
    },
    "spectral_strongpeak": {
        "dmean": 0.119550295174,
        "dmean2": 0.189182728529,
        "dvar": 0.0471122413874,
        "dvar2": 0.121625363827,
        "max": 2.21177268028,
        "mean": 0.567989706993,
        "median": 0.528760075569,
        "min": 0,
        "stdev": 0.228125959635,
        "var": 0.0520414561033
    },
    "zerocrossingrate": {
        "dmean": 0.0111208697781,
        "dmean2": 0.0139362504706,
        "dvar": 0.000142981400131,
        "dvar2": 0.00019864999922,
        "max": 0.14794921875,
        "mean": 0.0260556396097,
        "median": 0.021484375,
        "min": 0.00048828125,
        "stdev": 0.0207359287888,
        "var": 0.000429978739703
    },
    "barkbands": {
        "dmean": [0.0035174547229, 0.0206500645727, 0.00725644640625, 0.00353110651486, 0.0024000601843, 0.00118119071703, 0.000863689463586, 0.000704483711161, 0.000576606194954, 0.000217194436118, 0.000245451286901, 0.000565595750231, 0.000451562576927, 0.000506773649249, 0.000536667415872, 0.000431915337685, 0.000257633480942, 0.000151213534991, 0.000161656047567, 0.000152497348608, 0.000119727599667, 0.000189616912394, 0.000541006040294, 0.000329454138409, 0.000140339354402, 4.23361234425e-05, 5.21336801285e-07],
        "dmean2": [0.00522752292454, 0.0319032035768, 0.0134816039354, 0.00672028586268, 0.00412584142759, 0.00215902831405, 0.0013358364813, 0.00111671816558, 0.000860701315105, 0.000331078510499, 0.000381752528483, 0.000859566556755, 0.000670646666549, 0.000786098011304, 0.000787300523371, 0.00062621635152, 0.000397811614675, 0.000229274097364, 0.000241255751462, 0.000232526421314, 0.000177262016223, 0.000300678395433, 0.000911275681574, 0.000545574817806, 0.000220569505473, 6.46252883598e-05, 8.22204981432e-07],
        "dvar": [2.42522946792e-05, 0.0015657414915, 0.000523327093106, 0.000124117577798, 3.23225576722e-05, 9.97437655315e-06, 2.35568268181e-06, 1.90909827325e-06, 1.51192125486e-06, 1.93192391862e-07, 7.2170371368e-07, 2.04427510653e-06, 9.76162255029e-07, 1.53534131186e-06, 1.61169896273e-06, 6.55233520774e-07, 2.82432779386e-07, 1.30387164177e-07, 1.56504313509e-07, 1.39159922696e-07, 7.2647516447e-08, 1.49518783132e-07, 6.38441179035e-07, 2.32671254707e-07, 6.46148308192e-08, 1.07314672704e-08, 1.0622116034e-11],
        "dvar2": [5.16083237017e-05, 0.00357048306614, 0.00148443155922, 0.000360847916454, 8.80078077898e-05, 2.761601354e-05, 5.11256075697e-06, 4.59531747765e-06, 3.09700749312e-06, 3.53986735036e-07, 1.81959762813e-06, 4.79913251183e-06, 2.02040155273e-06, 3.40822157341e-06, 3.47731497641e-06, 1.42440228501e-06, 6.82166216848e-07, 3.07912586095e-07, 3.36622917985e-07, 3.04120817418e-07, 1.4165993889e-07, 3.428118589e-07, 1.68497604136e-06, 5.8525483837e-07, 1.46133800172e-07, 2.3415656969e-08, 2.10962011749e-11],
        "max": [0.0494658835232, 0.263669550419, 0.139307767153, 0.0730521976948, 0.0435742773116, 0.0261448565871, 0.015315534547, 0.0166342668235, 0.0180147886276, 0.00943762995303, 0.0155736999586, 0.0207936912775, 0.0128888739273, 0.0127197280526, 0.0197742749006, 0.0109119610861, 0.00740419281647, 0.00392996985465, 0.00488281995058, 0.00338719552383, 0.00229886220768, 0.00426231278107, 0.00370767875575, 0.00345760118216, 0.00238118413836, 0.00183997559361, 6.14515520283e-05],
        "mean": [0.0157252028584, 0.0599781572819, 0.00475630536675, 0.00243321922608, 0.00227351207286, 0.000889943446964, 0.00110667594709, 0.00110699294601, 0.000961142708547, 0.000383201288059, 0.000319276470691, 0.000637911725789, 0.000558073516004, 0.00059791962849, 0.000695470196661, 0.000616457720753, 0.000350957008777, 0.000173360182089, 0.000180889546755, 0.000166198864463, 0.000141023105243, 0.000202862327569, 0.000425194593845, 0.00028466587537, 0.000142071105074, 4.37327107647e-05, 6.14163411683e-07],
        "median": [0.0109010161832, 0.0512011498213, 0.000543007161468, 0.00029406932299, 0.000538251711987, 0.00021219465998, 0.000270964286756, 0.00045653647976, 0.000323743268382, 0.000198558394914, 7.65607110225e-05, 0.00010669187759, 8.98405487533e-05, 7.44636417949e-05, 0.00011581669969, 0.000170720551978, 7.89300684119e-05, 4.34962203144e-05, 3.60006342817e-05, 3.66076310456e-05, 3.9420741814e-05, 6.26477049082e-05, 6.88270447426e-05, 6.27754925517e-05, 3.59607365681e-05, 1.0313765415e-05, 5.07288167029e-09],
        "min": [2.39390418599e-09, 3.50996991472e-08, 2.86271358618e-07, 9.76319967094e-08, 2.09605683921e-08, 9.12349751303e-09, 2.91867485736e-09, 3.54887186305e-09, 1.00493602329e-09, 2.5032909079e-09, 5.32824140365e-09, 9.69309854604e-10, 8.15905565332e-10, 1.69533875827e-09, 4.165325862e-09, 7.10494607592e-10, 1.39606659566e-09, 1.22649856937e-09, 2.66614419431e-09, 2.23092500029e-09, 5.24639609534e-10, 4.54449922138e-10, 3.07394110166e-10, 2.65852617698e-10, 8.43890651803e-11, 7.99626684311e-12, 6.36654466125e-13],
        "stdev": [0.0119799524546, 0.0402389131486, 0.0175468735397, 0.0084537807852, 0.00496638426557, 0.00251415767707, 0.0019551073201, 0.00164628133643, 0.00190132006537, 0.000602436251938, 0.000856885220855, 0.0016076490283, 0.00130731693935, 0.00149640603922, 0.001643635449, 0.00108155666385, 0.000672164023854, 0.000367173663108, 0.000425439124228, 0.000389481021557, 0.000309445458697, 0.000406990729971, 0.000738639791962, 0.000473694439279, 0.000278363935649, 0.000118427327834, 4.43854287369e-06],
        "var": [0.00014351925347, 0.00161917007063, 0.000307892769342, 7.14664056432e-05, 2.46649706241e-05, 6.32098908682e-06, 3.82244479624e-06, 2.71024237009e-06, 3.6150181586e-06, 3.62929455378e-07, 7.34252296297e-07, 2.58453542301e-06, 1.70907753727e-06, 2.23923120757e-06, 2.70153759629e-06, 1.16976480058e-06, 4.51804453405e-07, 1.34816488639e-07, 1.80998455335e-07, 1.51695459749e-07, 9.57564836312e-08, 1.65641452554e-07, 5.45588761725e-07, 2.24386411674e-07, 7.74864830078e-08, 1.40250318026e-08, 1.97006647107e-11]
    },
    "erbbands": {
        "dmean": [1.0144790411, 3.3851416111, 7.56531190872, 11.1964912415, 8.74852752686, 8.47468185425, 6.994535923, 12.1525278091, 9.71587848663, 18.5684547424, 10.7790403366, 11.8387947083, 10.0933103561, 7.34379291534, 10.204117775, 24.0709133148, 21.2030773163, 25.3508224487, 28.6755657196, 20.9219303131, 22.441236496, 13.1993865967, 7.77307224274, 8.34051609039, 8.3845615387, 7.09385728836, 4.31219959259, 5.59880304337, 6.59491920471, 10.3380527496, 15.390999794, 10.0536422729, 3.75053620338, 1.9343174696, 0.824617087841, 0.280596673489, 0.064246699214, 0.00547357136384, 0.000137642564368, 3.55461343133e-05],
        "dmean2": [1.45771455765, 5.28748416901, 13.7390089035, 20.9806079865, 16.3156757355, 14.0480260849, 12.1227750778, 22.2892818451, 16.2780284882, 27.7744178772, 16.9042797089, 17.5976295471, 14.8732509613, 10.9622926712, 15.4415531158, 36.282875061, 30.5289955139, 38.4265098572, 41.9930686951, 29.9584083557, 32.5195541382, 19.5425491333, 11.5696907043, 12.4561481476, 12.6878881454, 10.9074382782, 6.22753047943, 8.55864906311, 10.2683877945, 17.1142292023, 26.1234989166, 16.9510803223, 5.95637226105, 3.02687740326, 1.30242013931, 0.435495376587, 0.100187763572, 0.00871533621103, 0.000211685808608, 5.45560760656e-05],
        "dvar": [3.56471419334, 61.5504417419, 533.383300781, 1245.35595703, 686.235717773, 320.18270874, 225.773391724, 1139.79943848, 386.20111084, 1227.28845215, 425.132873535, 839.13470459, 487.036376953, 293.56942749, 902.876647949, 3566.19189453, 2085.64111328, 3867.47827148, 5826.13769531, 1743.23181152, 1577.25427246, 594.256530762, 325.125640869, 380.537567139, 480.972869873, 290.875762939, 98.1138000488, 178.100830078, 167.003173828, 272.435668945, 512.333129883, 216.891540527, 31.4555644989, 10.6728096008, 2.68977332115, 0.466825962067, 0.0212230291218, 0.000310142844683, 1.73624187028e-07, 2.6855067059e-09],
        "dvar2": [7.47977113724, 160.548751831, 1478.18322754, 3585.78051758, 1965.43200684, 821.26348877, 599.210205078, 3183.4284668, 944.045593262, 2520.1628418, 979.016845703, 1734.01757812, 935.182800293, 683.458679199, 2235.21875, 8397.19042969, 4155.93408203, 8287.69042969, 12402.8642578, 3583.10620117, 3409.25439453, 1245.15844727, 734.860900879, 828.262695312, 1095.16918945, 624.279602051, 207.820922852, 367.739746094, 363.928741455, 663.414733887, 1361.6472168, 563.415405273, 73.376625061, 24.5497074127, 6.13245201111, 1.04445719719, 0.0440376400948, 0.000575992220547, 3.35529136919e-07, 5.81492676233e-09],
        "max": [14.1713819504, 60.0509147644, 158.543914795, 224.280517578, 182.329284668, 179.076461792, 165.733337402, 274.50378418, 245.044311523, 317.237213135, 243.128341675, 518.467102051, 376.128692627, 331.853607178, 513.206848145, 757.722900391, 621.69342041, 700.604431152, 872.419677734, 542.073181152, 535.382873535, 353.101135254, 205.861450195, 179.722824097, 199.125076294, 159.328857422, 101.599052429, 118.540733337, 156.011962891, 115.781509399, 103.339782715, 90.0598754883, 49.0147628784, 25.7693519592, 20.9019126892, 11.0122270584, 2.79535412788, 0.343134254217, 0.0090411612764, 0.000377643562388],
        "mean": [3.4964222908, 6.43102264404, 5.58382797241, 7.92786216736, 6.083111763, 8.8709192276, 6.71827793121, 9.02127933502, 10.5778427124, 26.3876590729, 20.6469306946, 18.4676818848, 19.3962173462, 12.7743139267, 14.4380788803, 28.0849609375, 28.1763286591, 31.788608551, 37.5448913574, 30.3633728027, 34.7165870667, 19.4082984924, 9.65298175812, 10.0095920563, 8.83895206451, 7.91742134094, 5.1437458992, 6.33208847046, 7.21743059158, 9.28449726105, 11.8944005966, 7.9881196022, 3.6657910347, 1.9458053112, 0.821435272694, 0.287778347731, 0.0647504031658, 0.00577080668882, 0.000189027487068, 0.000114560389193],
        "median": [3.26097035408, 4.31012821198, 0.972268939018, 1.04854524136, 1.02631211281, 2.02349543571, 1.94283270836, 2.0131726265, 3.73370599747, 6.67412900925, 10.5001039505, 6.28814506531, 9.8102016449, 7.10207939148, 3.89745402336, 4.2714715004, 4.6810631752, 4.08997583389, 5.81708669662, 7.28718519211, 10.3430566788, 5.26299238205, 2.89836764336, 2.359333992, 1.5686609745, 1.74639177322, 1.32971608639, 1.85199368, 2.22414827347, 2.21546435356, 1.7573107481, 1.43078041077, 0.975850105286, 0.487712264061, 0.205538079143, 0.0699488148093, 0.0143837314099, 0.00076717522461, 6.90528540872e-05, 0.000103433187178],
        "min": [1.17425304325e-06, 6.31824241282e-06, 0.000193031082745, 0.000354997464456, 0.000188264879398, 3.55182855856e-05, 3.46880879079e-05, 8.35678947624e-05, 5.39618085895e-05, 5.00606802234e-05, 7.54435241106e-05, 2.40553363255e-05, 3.83333135687e-05, 0.000156085166964, 0.000177066787728, 3.28434616677e-05, 4.00268290832e-05, 9.81760458671e-05, 0.00016548729036, 0.000115183029266, 5.47369309061e-05, 8.03755683592e-05, 7.05495695001e-05, 6.24702734058e-05, 0.000157406218932, 0.000132244749693, 4.69704718853e-05, 1.44648511196e-05, 2.2096786779e-05, 8.4603407231e-06, 7.38408698453e-06, 7.15027090337e-06, 1.02150415842e-05, 4.51688310932e-06, 4.39411314801e-06, 9.9807323295e-07, 4.42287671376e-07, 1.53218195464e-07, 2.34362964591e-08, 4.72800243401e-09],
        "stdev": [2.09908103943, 7.36952543259, 18.2788009644, 27.0985717773, 19.9777107239, 17.7470474243, 13.7126674652, 26.5156459808, 21.0563049316, 47.4997749329, 26.731010437, 40.9012374878, 33.6842193604, 19.7449874878, 32.0712661743, 68.4314193726, 62.8923034668, 78.3882293701, 96.4375686646, 59.2809562683, 55.8510513306, 33.2537612915, 19.0954208374, 21.1283664703, 22.2915649414, 18.0923080444, 11.1253013611, 14.4397993088, 14.1614580154, 16.3711433411, 20.7423419952, 13.7633953094, 6.0495557785, 3.55180954933, 1.78133296967, 0.758161067963, 0.172250255942, 0.0225218087435, 0.000568280229345, 5.99166050961e-05],
        "var": [4.40614128113, 54.3099021912, 334.114562988, 734.332580566, 399.108917236, 314.957672119, 188.037261963, 703.079528809, 443.367950439, 2256.22851562, 714.546936035, 1672.91125488, 1134.62658691, 389.864501953, 1028.56616211, 4682.859375, 3955.44165039, 6144.71484375, 9300.20410156, 3514.23193359, 3119.33984375, 1105.81262207, 364.635070801, 446.407867432, 496.913848877, 327.331604004, 123.772331238, 208.5078125, 200.546905518, 268.014312744, 430.244720459, 189.431045532, 36.5971260071, 12.6153516769, 3.17314720154, 0.574808180332, 0.0296701490879, 0.000507231859956, 3.22942440789e-07, 3.5899996309e-09]
    },
    "gfcc": {
        "mean": [-3.42169928551, 98.0516052246, -96.4681243896, 44.1488037109, -42.1862297058, 37.6264190674, -24.4914283752, 21.0300636292, 1.66014361382, 8.61460494995, -5.9800286293, 4.99963283539, 0.412208467722],
        "cov": [[4839.90380859, -2148.04150391, 231.356552124, 30.3373279572, -1053.33520508, 598.414550781, -1013.67095947, 476.479766846, -331.594024658, 328.716125488, -343.48223877, 82.0004730225, -337.333557129], [-2148.04150391, 1947.24731445, -440.377746582, -248.646240234, 698.25592041, -526.139221191, 515.288024902, -372.514862061, 250.733932495, -242.187469482, 187.217163086, -160.411529541, 140.44960022], [231.356552124, -440.377746582, 1025.39526367, 208.610809326, -357.325469971, 266.238739014, -209.824813843, 39.9507331848, -113.260375977, -88.1510467529, -160.207885742, 28.3795318604, -45.0748023987], [30.3373279572, -248.646240234, 208.610809326, 355.205596924, -22.6645317078, 21.1932220459, -19.4031848907, -44.7389373779, -30.9805412292, -41.3357582092, -1.61272835732, 11.2445259094, 11.4418506622], [-1053.33520508, 698.25592041, -357.325469971, -22.6645317078, 560.91784668, -228.558685303, 294.616790771, -140.650558472, 117.524742126, -23.7461700439, 121.659645081, -43.1518859863, 97.1302337646], [598.414550781, -526.139221191, 266.238739014, 21.1932220459, -228.558685303, 372.516204834, -170.551925659, 73.6886520386, -54.1706848145, 34.6452789307, -49.8393554688, 30.4997711182, -71.9244003296], [-1013.67095947, 515.288024902, -209.824813843, -19.4031848907, 294.616790771, -170.551925659, 437.068939209, -96.2420806885, 47.6141204834, -42.7208251953, 122.102424622, -3.18817424774, 56.4609870911], [476.479766846, -372.514862061, 39.9507331848, -44.7389373779, -140.650558472, 73.6886520386, -96.2420806885, 247.063751221, -32.5980415344, 54.2004508972, -72.2974243164, 1.72079348564, -2.55190634727], [-331.594024658, 250.733932495, -113.260375977, -30.9805412292, 117.524742126, -54.1706848145, 47.6141204834, -32.5980415344, 193.152603149, 13.5457582474, 30.0272407532, -19.0588264465, 27.1118965149], [328.716125488, -242.187469482, -88.1510467529, -41.3357582092, -23.7461700439, 34.6452789307, -42.7208251953, 54.2004508972, 13.5457582474, 165.574234009, 8.63937568665, 24.6880321503, -27.0905914307], [-343.48223877, 187.217163086, -160.207885742, -1.61272835732, 121.659645081, -49.8393554688, 122.102424622, -72.2974243164, 30.0272407532, 8.63937568665, 191.708007812, 25.6824932098, -11.2005968094], [82.0004730225, -160.411529541, 28.3795318604, 11.2445259094, -43.1518859863, 30.4997711182, -3.18817424774, 1.72079348564, -19.0588264465, 24.6880321503, 25.6824932098, 110.655342102, 4.45905637741], [-337.333557129, 140.44960022, -45.0748023987, 11.4418506622, 97.1302337646, -71.9244003296, 56.4609870911, -2.55190634727, 27.1118965149, -27.0905914307, -11.2005968094, 4.45905637741, 136.015304565]],
        "icov": [[0.000893464020919, -0.000194127162104, 0.000678277458064, -0.000608467555139, 0.000698472198565, -0.000450914347311, 0.00125045806635, -0.000642433995381, 0.00085559632862, -0.000974599621259, 0.000793507439084, -0.000478268833831, 0.00114031811245], [-0.000194127162104, 0.00608922960237, -0.00144561508205, 0.00547370361164, -0.00276285922155, 0.00418733386323, -0.00177177705336, 0.00480188569054, -0.00354774156585, 0.00605925172567, -0.00212846207432, 0.00500461924821, -0.00112125533633], [0.000678277458064, -0.00144561508205, 0.0026186760515, -0.00243082921952, 0.00175060005859, -0.002062513493, 0.00117621873505, -0.00122804846615, 0.00147296313662, -0.00107033387758, 0.00205228268169, -0.0017474561464, 0.00111468136311], [-0.000608467555139, 0.00547370361164, -0.00243082921952, 0.00856378674507, -0.00297627178952, 0.00407931907102, -0.00191214005463, 0.00510659394786, -0.0031545793172, 0.00599626963958, -0.00281217554584, 0.0045746313408, -0.00207356689498], [0.000698472198565, -0.00276285922155, 0.00175060005859, -0.00297627178952, 0.00605606054887, -0.00158139504492, -9.5254936241e-06, -0.00122786429711, 0.00113896105904, -0.00373229198158, 0.000759100308642, -0.000974461261649, -0.000640238868073], [-0.000450914347311, 0.00418733386323, -0.002062513493, 0.00407931907102, -0.00158139504492, 0.0073001710698, -0.000939552381169, 0.00297289132141, -0.00266589876264, 0.0038521301467, -0.00212262501009, 0.00299098179676, -7.65755339671e-06], [0.00125045806635, -0.00177177705336, 0.00117621873505, -0.00191214005463, -9.5254936241e-06, -0.000939552381169, 0.00624189944938, -0.00211066845804, 0.00235665868968, -0.00201610708609, 5.68765317439e-05, -0.00235535250977, 0.00157136865892], [-0.000642433995381, 0.00480188569054, -0.00122804846615, 0.00510659394786, -0.00122786429711, 0.00297289132141, -0.00211066845804, 0.00984690990299, -0.00272479257546, 0.00343470741063, -0.000749168044422, 0.00477487361059, -0.002869496122], [0.00085559632862, -0.00354774156585, 0.00147296313662, -0.0031545793172, 0.00113896105904, -0.00266589876264, 0.00235665868968, -0.00272479257546, 0.00894026365131, -0.00502806296572, 0.00142471666913, -0.00224198959768, 0.000693735899404], [-0.000974599621259, 0.00605925172567, -0.00107033387758, 0.00599626963958, -0.00373229198158, 0.0038521301467, -0.00201610708609, 0.00343470741063, -0.00502806296572, 0.0148352598771, -0.00286490726285, 0.00304394378327, -0.000308102637064], [0.000793507439084, -0.00212846207432, 0.00205228268169, -0.00281217554584, 0.000759100308642, -0.00212262501009, 5.68765317439e-05, -0.000749168044422, 0.00142471666913, -0.00286490726285, 0.00977365113795, -0.00454381341115, 0.00347954127938], [-0.000478268833831, 0.00500461924821, -0.0017474561464, 0.0045746313408, -0.000974461261649, 0.00299098179676, -0.00235535250977, 0.00477487361059, -0.00224198959768, 0.00304394378327, -0.00454381341115, 0.0154256504029, -0.00379977142438], [0.00114031811245, -0.00112125533633, 0.00111468136311, -0.00207356689498, -0.000640238868073, -7.65755339671e-06, 0.00157136865892, -0.002869496122, 0.000693735899404, -0.000308102637064, 0.00347954127938, -0.00379977142438, 0.0118403593078]]
    },
    "melbands": {
        "dmean": [0.00692758103833, 0.00358912162483, 0.0018348491285, 0.000569339666981, 0.000284435984213, 0.000252439727774, 0.000156826572493, 0.000196941633476, 7.94100778876e-05, 7.97643879196e-05, 5.11201760673e-05, 3.00814917864e-05, 3.55817464879e-05, 4.60937626485e-05, 7.43936470826e-05, 4.06011240557e-05, 4.72009523946e-05, 4.84300835524e-05, 3.19537903124e-05, 3.02613716485e-05, 2.70582622761e-05, 1.67580965353e-05, 7.0538003456e-06, 7.76371234679e-06, 6.8152867243e-06, 6.79621962263e-06, 5.84934059589e-06, 4.50782090411e-06, 2.64693903773e-06, 2.86794670501e-06, 3.35399454343e-06, 3.4311563013e-06, 4.3006798478e-06, 7.35536877983e-06, 9.45073315961e-06, 8.62667911861e-06, 5.12952237841e-06, 2.72473153018e-06, 1.96187284018e-06, 1.53831490479e-06],
        "dmean2": [0.010314181447, 0.00594373233616, 0.00343475514092, 0.000989985303022, 0.000482572766487, 0.000462836702354, 0.000256143452134, 0.000296236539725, 0.000123713864014, 0.000119610100228, 7.58048627176e-05, 4.53839638794e-05, 5.52047858946e-05, 7.01467579347e-05, 0.000111772307719, 5.7834731706e-05, 7.26491198293e-05, 7.26402140572e-05, 4.76527748106e-05, 4.44882607553e-05, 3.99559467041e-05, 2.53390753642e-05, 1.07392252175e-05, 1.18180041682e-05, 1.02293497548e-05, 1.043548491e-05, 8.94229833648e-06, 6.98200483384e-06, 3.95337337977e-06, 4.2710435082e-06, 5.22501659361e-06, 5.28117107024e-06, 7.00269447407e-06, 1.23925246953e-05, 1.62438082043e-05, 1.47442879097e-05, 8.6047939476e-06, 4.33855484516e-06, 3.08462722387e-06, 2.4146972919e-06],
        "dvar": [0.000160320501891, 9.76954033831e-05, 3.29143731506e-05, 1.97264898816e-06, 3.23611374142e-07, 4.76985974274e-07, 8.80828494587e-08, 1.34730598234e-07, 2.40669564278e-08, 3.35858381106e-08, 1.28711210579e-08, 4.66206406813e-09, 1.48375374209e-08, 1.17880629702e-08, 3.73304764878e-08, 7.26604554302e-09, 1.46733780682e-08, 1.93741591659e-08, 6.98676849709e-09, 4.37981206858e-09, 2.37213737542e-09, 1.11991649288e-09, 2.4941029797e-10, 3.72701397522e-10, 2.45614834027e-10, 3.42155331845e-10, 2.21408127943e-10, 1.11119710655e-10, 4.16837640793e-11, 4.64461767657e-11, 5.83243800478e-11, 4.44195999427e-11, 7.91761031738e-11, 1.30621222172e-10, 1.92282106903e-10, 1.75524733637e-10, 5.54703956379e-11, 1.6285530216e-11, 1.15670840961e-11, 6.98229451687e-12],
        "dvar2": [0.00034444135963, 0.000259574037045, 9.45287101786e-05, 5.45118382433e-06, 8.44576049985e-07, 1.32935406327e-06, 2.1008413853e-07, 2.87350417238e-07, 5.18148333128e-08, 7.26897511072e-08, 2.49599239055e-08, 1.06220854335e-08, 3.73555550937e-08, 2.71684967856e-08, 8.30351822856e-08, 1.46316674332e-08, 3.18164410373e-08, 4.19486632097e-08, 1.51863943643e-08, 9.61143964417e-09, 5.17908604891e-09, 2.47418219246e-09, 5.76102943128e-10, 8.81318240609e-10, 5.33943222969e-10, 8.12899803027e-10, 4.85467333e-10, 2.4185439762e-10, 9.41959496514e-11, 9.2387937578e-11, 1.2014328421e-10, 9.53928255831e-11, 1.89888507696e-10, 3.32739696907e-10, 5.14439990607e-10, 4.60668142521e-10, 1.42781494961e-10, 3.8763096899e-11, 2.59671121411e-11, 1.62097783113e-11],
        "max": [0.0914305523038, 0.0718808248639, 0.0352323949337, 0.0107018621638, 0.00566399889067, 0.00561818527058, 0.00363039923832, 0.0038040545769, 0.00207141391002, 0.00311981514096, 0.0019189089071, 0.00137805647682, 0.00209793495014, 0.00163850293029, 0.00311939837411, 0.000859711144585, 0.00150611088611, 0.00175028434023, 0.00163156201597, 0.0010480475612, 0.000695254129823, 0.000509732984938, 0.00016942662478, 0.0002276613086, 0.000149950836203, 0.00021490623476, 0.00013593910262, 9.75809743977e-05, 8.47544361022e-05, 5.98335464019e-05, 6.76369745634e-05, 8.17351756268e-05, 8.88310896698e-05, 7.12461260264e-05, 6.14756208961e-05, 6.34349853499e-05, 5.20081666764e-05, 4.00715398428e-05, 2.70614982583e-05, 2.15210711758e-05],
        "mean": [0.023135650903, 0.00425866898149, 0.00128190545365, 0.000499530113302, 0.000292507611448, 0.000188178033568, 0.000178952352144, 0.000290879863314, 0.000148061561049, 0.000126663842821, 9.75756702246e-05, 5.15843785251e-05, 4.80047638121e-05, 5.53953323106e-05, 8.94700133358e-05, 5.17118860444e-05, 5.57805215067e-05, 6.05100358371e-05, 4.04646198149e-05, 4.16788461735e-05, 3.93725895265e-05, 2.28111930483e-05, 8.5608489826e-06, 8.82685890247e-06, 7.99296321929e-06, 6.81483015796e-06, 6.11240920989e-06, 4.96631037095e-06, 3.11044232149e-06, 3.21825723404e-06, 3.79240782422e-06, 3.87026921089e-06, 4.1891780711e-06, 6.17513842371e-06, 7.15256328476e-06, 6.63617174723e-06, 4.15502563555e-06, 2.63848437498e-06, 1.98060229195e-06, 1.52083180183e-06],
        "median": [0.0217438079417, 0.00188212969806, 0.000170815808815, 0.000109522326966, 7.93096915004e-05, 4.31227344961e-05, 5.95697893004e-05, 8.52334705996e-05, 6.49869180052e-05, 4.16062030126e-05, 4.7806341172e-05, 2.78269944829e-05, 1.19150608953e-05, 1.12531979539e-05, 1.22574547277e-05, 8.35239552543e-06, 6.76841000313e-06, 8.72055443324e-06, 8.47303454066e-06, 1.08759722934e-05, 1.07511068563e-05, 4.99844554724e-06, 2.47986417889e-06, 2.08492474485e-06, 1.64557286553e-06, 1.1384992149e-06, 9.22177434859e-07, 1.09985478502e-06, 6.88764316692e-07, 7.26122152628e-07, 1.04433229353e-06, 1.12560348953e-06, 1.18615093925e-06, 1.28867475269e-06, 1.17723004678e-06, 8.78213597844e-07, 7.42090662698e-07, 7.23531741187e-07, 4.732660841e-07, 3.76243917799e-07],
        "min": [1.09532329873e-08, 8.82890205389e-08, 5.65141995423e-08, 6.80988065938e-09, 9.83103487506e-10, 1.83565418421e-09, 7.66904539873e-10, 5.98317062561e-10, 5.78587233679e-10, 1.12905448879e-10, 1.89078822044e-10, 6.01195537797e-10, 6.95403179485e-10, 1.70992109361e-10, 6.96217458684e-11, 8.84118195321e-11, 1.85610596337e-10, 2.08654704625e-10, 3.18032211677e-10, 4.89864086795e-11, 6.7778678503e-11, 8.47700104556e-11, 7.07901862129e-11, 6.17132733804e-11, 4.15595995118e-11, 1.18468845844e-10, 7.28241356107e-11, 9.9444355528e-11, 3.43346670539e-11, 9.43796169689e-12, 7.89537532575e-12, 1.27664207331e-11, 7.69235803527e-12, 4.98203908683e-12, 4.8708641287e-12, 3.97040776992e-12, 3.84822599134e-12, 9.34450758959e-13, 8.93976028187e-13, 7.96610119449e-13],
        "stdev": [0.013704563491, 0.00855088140815, 0.00439949240535, 0.00117750582285, 0.000555603764951, 0.000544608221389, 0.000331675430061, 0.000490799895488, 0.000209061661735, 0.000264804664766, 0.000169572274899, 7.95646483311e-05, 0.000124827944092, 0.000128501123982, 0.000228884804528, 0.000112178662675, 0.000148198378156, 0.000169762861333, 0.00010117648344, 8.31862707855e-05, 6.68431312079e-05, 4.35895526607e-05, 1.70115526998e-05, 1.94420863409e-05, 1.7117259631e-05, 1.82138846867e-05, 1.54625286086e-05, 1.11690633275e-05, 6.91737932357e-06, 7.62605304772e-06, 8.35461287352e-06, 7.51534571464e-06, 8.84855853656e-06, 1.08339227154e-05, 1.2525623788e-05, 1.21064103951e-05, 7.06462560629e-06, 4.32231900049e-06, 3.71264422938e-06, 2.84722045762e-06],
        "var": [0.000187815050595, 7.31175750843e-05, 1.93555315491e-05, 1.38651989801e-06, 3.08695547346e-07, 2.96598130944e-07, 1.10008585352e-07, 2.40884531877e-07, 4.37067804171e-08, 7.01215157051e-08, 2.87547585742e-08, 6.3305334308e-09, 1.55820139014e-08, 1.65125388918e-08, 5.23882519587e-08, 1.25840529108e-08, 2.19627604992e-08, 2.8819426845e-08, 1.02366808363e-08, 6.91995616364e-09, 4.46800418885e-09, 1.90004922906e-09, 2.89392898534e-10, 3.77994718859e-10, 2.93000596008e-10, 3.3174560321e-10, 2.39089803511e-10, 1.24747975838e-10, 4.78501335777e-11, 5.81566877988e-11, 6.97995619636e-11, 5.64804210346e-11, 7.82969938884e-11, 1.17373874509e-10, 1.56891249992e-10, 1.46565162784e-10, 4.9908934624e-11, 1.86824410109e-11, 1.37837267641e-11, 8.10666464512e-12]
    },
    "melbands128": {
