{
"lowlevel": {
    "average_loudness": 0.960352361202,
    "barkbands_crest": {
        "dmean": 2.49424600601,
        "dmean2": 3.76370596886,
        "dvar": 7.45745897293,
        "dvar2": 14.2962713242,
        "max": 26.8252716064,
        "mean": 12.8421545029,
        "median": 11.5067615509,
        "min": 2.86197757721,
        "stdev": 5.34715557098,
        "var": 28.5920734406
    },
    "barkbands_flatness_db": {
        "dmean": 0.033911831677,
        "dmean2": 0.0460050813854,
        "dvar": 0.00159808341414,
        "dvar2": 0.00286385114305,
        "max": 0.668169260025,
        "mean": 0.20565982163,
        "median": 0.169562786818,
        "min": 0.0325355269015,
        "stdev": 0.109687671065,
        "var": 0.0120313856751
    },
    "barkbands_kurtosis": {
        "dmean": 6.43087863922,
        "dmean2": 9.66547012329,
        "dvar": 361.853912354,
        "dvar2": 881.468994141,
        "max": 309.668060303,
        "mean": 11.2729053497,
        "median": 3.3135266304,
        "min": -1.38197720051,
        "stdev": 26.595407486,
        "var": 707.315673828
    },
    "barkbands_skewness": {
        "dmean": 0.666831195354,
        "dmean2": 0.953939855099,
        "dvar": 0.928800582886,
        "dvar2": 2.01555037498,
        "max": 15.1597881317,
        "mean": 2.1383228302,
        "median": 1.70746564865,
        "min": -3.30047249794,
        "stdev": 1.74184262753,
        "var": 3.03401589394
    },
    "barkbands_spread": {
        "dmean": 5.31020355225,
        "dmean2": 7.87730646133,
        "dvar": 58.3359870911,
        "dvar2": 121.475959778,
        "max": 79.0306396484,
        "mean": 17.859375,
        "median": 15.0830364227,
        "min": 0.136458590627,
        "stdev": 13.3920469284,
        "var": 179.346908569
    },
    "dissonance": {
        "dmean": 0.0307158604264,
        "dmean2": 0.0492970012128,
        "dvar": 0.00113802915439,
        "dvar2": 0.00243430049159,
        "max": 0.499252378941,
        "mean": 0.421100795269,
        "median": 0.436334311962,
        "min": 1.62626147358e-05,
        "stdev": 0.0668621584773,
        "var": 0.00447054812685
    },
    "dynamic_complexity": 3.15724468231,
    "erbbands_crest": {
        "dmean": 2.66722655296,
        "dmean2": 4.13976573944,
        "dvar": 7.90042972565,
        "dvar2": 18.5503673553,
        "max": 33.7024078369,
        "mean": 11.9990711212,
        "median": 10.5603342056,
        "min": 3.10166358948,
        "stdev": 6.05568408966,
        "var": 36.6713104248
    },
    "erbbands_flatness_db": {
        "dmean": 0.0230043567717,
        "dmean2": 0.0310321580619,
        "dvar": 0.000769619422499,
        "dvar2": 0.00143874285277,
        "max": 0.619552731514,
        "mean": 0.196087002754,
        "median": 0.161470904946,
        "min": 0.0594639293849,
        "stdev": 0.103308171034,
        "var": 0.0106725785881
    },
    "erbbands_kurtosis": {
        "dmean": 1.99118602276,
        "dmean2": 3.07029604912,
        "dvar": 42.7961158752,
        "dvar2": 102.865028381,
        "max": 115.573326111,
        "mean": 3.06822681427,
        "median": 0.869030952454,
        "min": -1.74995541573,
        "stdev": 9.70843601227,
        "var": 94.2537307739
    },
    "erbbands_skewness": {
        "dmean": 0.415788352489,
        "dmean2": 0.613600432873,
        "dvar": 0.291918814182,
        "dvar2": 0.668619275093,
        "max": 9.04342937469,
        "mean": 0.83644837141,
        "median": 0.669304251671,
        "min": -1.38659095764,
        "stdev": 1.07458245754,
        "var": 1.15472745895
    },
    "erbbands_spread": {
        "dmean": 8.50573730469,
        "dmean2": 12.1795873642,
        "dvar": 107.834739685,
        "dvar2": 233.732452393,
        "max": 143.867233276,
        "mean": 33.0566215515,
        "median": 30.4306812286,
        "min": 0.439608752728,
        "stdev": 20.4176311493,
        "var": 416.879699707
    },
    "hfc": {
        "dmean": 9.23031425476,
        "dmean2": 13.8753490448,
        "dvar": 218.449279785,
        "dvar2": 482.338012695,
        "max": 133.537872314,
        "mean": 25.3891544342,
        "median": 18.6759910583,
        "min": 2.96751437645e-07,
        "stdev": 23.8148059845,
        "var": 567.144958496
    },
    "loudness_ebu128": {
        "integrated": -9.00503349304,
        "loudness_range": 5.73877668381,
        "momentary": {
            "dmean": 0.893680691719,
            "dmean2": 1.29179012775,
            "dvar": 2.02887988091,
            "dvar2": 3.2656481266,
            "max": -6.60458087921,
            "mean": -10.0115375519,
            "median": -8.56535053253,
            "min": -23.8273677826,
            "stdev": 3.40780138969,
            "var": 11.6131105423
        },
        "short_term": {
            "dmean": 0.103688545525,
            "dmean2": 0.123496741056,
            "dvar": 0.0185583792627,
            "dvar2": 0.0224112682045,
            "max": -7.48957681656,
            "mean": -9.5483455658,
            "median": -8.14533424377,
            "min": -13.6152191162,
            "stdev": 2.28619813919,
            "var": 5.22670173645
        }
    },
    "melbands_crest": {
        "dmean": 2.86021566391,
        "dmean2": 4.64462757111,
        "dvar": 9.92137241364,
        "dvar2": 23.404882431,
        "max": 33.8756027222,
        "mean": 17.4132499695,
        "median": 16.9863033295,
        "min": 5.71809196472,
        "stdev": 6.13883543015,
        "var": 37.6852989197
    },
    "melbands_flatness_db": {
        "dmean": 0.0396444499493,
        "dmean2": 0.0525972470641,
        "dvar": 0.00227651605383,
        "dvar2": 0.00396494939923,
        "max": 0.739883542061,
        "mean": 0.285062283278,
        "median": 0.248364895582,
        "min": 0.0725701525807,
        "stdev": 0.116737730801,
        "var": 0.0136276977137
    },
    "melbands_kurtosis": {
        "dmean": 9.74627113342,
        "dmean2": 14.3183689117,
        "dvar": 412.695770264,
        "dvar2": 927.811218262,
        "max": 292.69229126,
        "mean": 19.0291175842,
        "median": 9.16108131409,
        "min": -1.38845980167,
        "stdev": 27.571434021,
        "var": 760.183959961
    },
    "melbands_skewness": {
        "dmean": 0.787271142006,
        "dmean2": 1.12233841419,
        "dvar": 0.91065132618,
        "dvar2": 1.76189553738,
        "max": 13.3970403671,
        "mean": 2.91394233704,
        "median": 2.54133939743,
        "min": -3.07122659683,
        "stdev": 1.91684389114,
        "var": 3.67429041862
    },
    "melbands_spread": {
        "dmean": 4.26517963409,
        "dmean2": 6.16895771027,
        "dvar": 26.4840946198,
        "dvar2": 51.8888511658,
        "max": 55.1861991882,
        "mean": 15.2019166946,
        "median": 13.5545377731,
        "min": 0.308304518461,
        "stdev": 10.040687561,
        "var": 100.815414429
    },
    "pitch_salience": {
        "dmean": 0.069537088275,
        "dmean2": 0.108566604555,
        "dvar": 0.00747833540663,
        "dvar2": 0.0174549724907,
        "max": 0.913955569267,
        "mean": 0.419721692801,
        "median": 0.414562702179,
        "min": 0.0749651640654,
        "stdev": 0.142154976726,
        "var": 0.020208036527
    },
    "silence_rate_20dB": {
        "dmean": 0,
        "dmean2": 0,
        "dvar": 0,
        "dvar2": 0,
        "max": 1,
        "mean": 1,
        "median": 1,
        "min": 1,
        "stdev": 0,
        "var": 0
    },
    "silence_rate_30dB": {
        "dmean": 0.061919502914,
        "dmean2": 0.123934932053,
        "dvar": 0.0580855682492,
        "dvar2": 0.108573779464,
        "max": 1,
        "mean": 0.907965958118,
        "median": 1,
        "min": 0,
        "stdev": 0.289072185755,
        "var": 0.0835627317429
    },
    "silence_rate_60dB": {
        "dmean": 0.0147058824077,
        "dmean2": 0.0294345468283,
        "dvar": 0.01448961813,
        "dvar2": 0.0285680312663,
        "max": 1,
        "mean": 0.0858468711376,
        "median": 0,
        "min": 0,
        "stdev": 0.280138015747,
        "var": 0.0784773081541
    },
    "spectral_centroid": {
        "dmean": 224.94342041,
        "dmean2": 320.300872803,
        "dvar": 66726.390625,
        "dvar2": 124886.15625,
        "max": 2531.17480469,
        "mean": 1039.73901367,
        "median": 999.901855469,
        "min": 143.779815674,
        "stdev": 495.814178467,
        "var": 245831.703125
    },
    "spectral_complexity": {
        "dmean": 3.92724466324,
        "dmean2": 5.88458538055,
        "dvar": 33.0891342163,
        "dvar2": 64.7031784058,
        "max": 53,
        "mean": 15.7849960327,
        "median": 15,
        "min": 0,
        "stdev": 8.98553562164,
        "var": 80.7398529053
    },
    "spectral_decrease": {
        "dmean": 3.79595466171e-09,
        "dmean2": 5.31950794525e-09,
        "dvar": 4.38676278888e-17,
        "dvar2": 7.92498252958e-17,
        "max": -6.54281534207e-17,
        "mean": -1.20460876829e-08,
        "median": -1.12341211889e-08,
        "min": -5.42420721672e-08,
        "stdev": 1.07859952081e-08,
        "var": 1.16337698904e-16
    },
    "spectral_energy": {
        "dmean": 0.0148913851008,
        "dmean2": 0.0208372306079,
        "dvar": 0.00064584822394,
        "dvar2": 0.00117269391194,
        "max": 0.207097604871,
        "mean": 0.0477675460279,
        "median": 0.0451776497066,
        "min": 2.73857603261e-10,
        "stdev": 0.0417727902532,
        "var": 0.00174496590625
    },
    "spectral_energyband_high": {
        "dmean": 0.000618189165834,
        "dmean2": 0.000973460671958,
        "dvar": 1.4412952396e-06,
        "dvar2": 3.20682215715e-06,
        "max": 0.0135525623336,
        "mean": 0.00109545956366,
        "median": 0.000462473632069,
        "min": 1.43616368797e-11,
        "stdev": 0.00164256757125,
        "var": 2.69802808361e-06
    },
    "spectral_energyband_low": {
        "dmean": 0.0118236625567,
        "dmean2": 0.0166933257133,
        "dvar": 0.000622081337497,
        "dvar2": 0.00118459342048,
        "max": 0.197732895613,
        "mean": 0.0302336700261,
        "median": 0.026620445773,
        "min": 5.77054619366e-11,
        "stdev": 0.0364161208272,
        "var": 0.00132613396272
    },
    "spectral_energyband_middle_high": {
        "dmean": 0.00228400458582,
        "dmean2": 0.00335566443391,
        "dvar": 1.36903254315e-05,
        "dvar2": 2.88206556434e-05,
        "max": 0.0492248609662,
        "mean": 0.00644392799586,
        "median": 0.0034724031575,
        "min": 5.76057222756e-11,
        "stdev": 0.0075324261561,
        "var": 5.67374445382e-05
    },
    "spectral_energyband_middle_low": {
        "dmean": 0.00647705467418,
        "dmean2": 0.011201992631,
        "dvar": 0.0002082856372,
        "dvar2": 0.000575222889893,
        "max": 0.107580035925,
        "mean": 0.0119967134669,
        "median": 0.0083967000246,
        "min": 1.42760275823e-10,
        "stdev": 0.0128698591143,
        "var": 0.000165633275174
    },
    "spectral_entropy": {
        "dmean": 0.289237499237,
        "dmean2": 0.394050955772,
        "dvar": 0.131314665079,
        "dvar2": 0.249030128121,
        "max": 8.92559528351,
        "mean": 7.06120491028,
        "median": 7.32810974121,
        "min": 2.80971026421,
        "stdev": 0.917010009289,
        "var": 0.840907335281
    },
    "spectral_flux": {
        "dmean": 0.0397003144026,
        "dmean2": 0.0569210089743,
        "dvar": 0.0026436233893,
        "dvar2": 0.00394762214273,
        "max": 0.412630975246,
        "mean": 0.0980946645141,
        "median": 0.0753523483872,
        "min": 1.65486435435e-05,
        "stdev": 0.0879468470812,
        "var": 0.00773464841768
    },
    "spectral_kurtosis": {
        "dmean": 6.412317276,
        "dmean2": 10.3379840851,
        "dvar": 168.689834595,
        "dvar2": 396.320404053,
        "max": 187.333969116,
        "mean": 12.2680807114,
        "median": 4.1645989418,
        "min": -1.33131730556,
        "stdev": 22.273059845,
        "var": 496.089233398
    },
    "spectral_rms": {
        "dmean": 0.000944827101193,
        "dmean2": 0.00130307476502,
        "dvar": 1.95146867554e-06,
        "dvar2": 3.26091776515e-06,
        "max": 0.0142143042758,
        "mean": 0.00610863231122,
        "median": 0.00663895765319,
        "min": 5.16892782798e-07,
        "stdev": 0.00304748001508,
        "var": 9.28713507165e-06
    },
    "spectral_rolloff": {
        "dmean": 344.330627441,
        "dmean2": 579.846923828,
        "dvar": 730784.8125,
        "dvar2": 1855686.875,
        "max": 10895.8007812,
        "mean": 941.716064453,
        "median": 775.1953125,
        "min": 86.1328125,
        "stdev": 1011.77044678,
        "var": 1023679.4375
    },
    "spectral_skewness": {
        "dmean": 0.545239984989,
        "dmean2": 0.854410767555,
        "dvar": 0.656538903713,
        "dvar2": 1.49651610851,
        "max": 11.7063331604,
        "mean": 2.2175514698,
        "median": 1.79912936687,
        "min": 0.258955597878,
        "stdev": 1.5303555727,
        "var": 2.3419880867
    },
    "spectral_spread": {
        "dmean": 846814.125,
        "dmean2": 1250216,
        "dvar": 1.40816613376e+12,
        "dvar2": 2.58196635648e+12,
        "max": 22978182,
        "mean": 4980791,
        "median": 5089136.5,
        "min": 540122.25,
        "stdev": 2675057.25,
        "var": 7.15593141453e+12
    },
    "spectral_strongpeak": {
        "dmean": 0.356109172106,
        "dmean2": 0.628022551537,
        "dvar": 0.552779138088,
        "dvar2": 1.44210159779,
        "max": 7.23770189285,
        "mean": 0.760827958584,
        "median": 0.605089664459,
        "min": 0,
        "stdev": 0.820400476456,
        "var": 0.673056900501
    },
    "zerocrossingrate": {
        "dmean": 0.0101076485589,
        "dmean2": 0.0114282779396,
        "dvar": 0.00012892059749,
        "dvar2": 0.000152926790179,
        "max": 0.20263671875,
        "mean": 0.047540768981,
        "median": 0.04296875,
        "min": 0.0029296875,
        "stdev": 0.0284972619265,
        "var": 0.000812093901914
    },
    "barkbands": {
        "dmean": [0.000186504301382, 0.00865746941417, 0.00800018105656, 0.00295107276179, 0.00171745580155, 0.00128191197291, 0.000794270541519, 0.000664218037855, 0.000652649207041, 0.00105062953662, 0.000674386625178, 0.000443286844529, 0.000277302664472, 0.000217105058255, 0.000395461771404, 0.000191335886484, 0.000220660644118, 0.000176584682777, 0.000182022442459, 0.000126083832583, 0.000113895868708, 5.2036906709e-05, 5.85667585256e-05, 0.000127258783323, 0.000232635458815, 6.83026519255e-05, 5.91235220782e-06],
        "dmean2": [0.000309895840473, 0.0125054745004, 0.0138602619991, 0.0055728261359, 0.00310539780185, 0.00205744802952, 0.00132700137328, 0.00106078584213, 0.00100983597804, 0.00160628731828, 0.00102068844717, 0.000693230773322, 0.000399293465307, 0.000335369782988, 0.000607180292718, 0.0003057399299, 0.000344078580383, 0.000275657890597, 0.000276619452052, 0.000196592169232, 0.000178062095074, 8.10991696198e-05, 9.40105746849e-05, 0.000211585749639, 0.000366530730389, 0.000111687157187, 9.60764191404e-06],
        "dvar": [1.3792030984e-07, 0.000292550015729, 0.000552880985197, 0.00012432213407, 1.64160155691e-05, 6.38302890366e-06, 5.20647608937e-06, 3.65955270354e-06, 1.62200296927e-06, 6.82294421495e-06, 2.94106848742e-06, 1.57796466738e-06, 3.56213945452e-07, 2.58895511251e-07, 9.88391889223e-07, 2.12043616443e-07, 1.81300549684e-07, 1.30816189881e-07, 9.34870740821e-08, 4.82927084988e-08, 2.91551227605e-08, 1.01139026043e-08, 2.55712944153e-08, 1.22647833223e-07, 2.14129940446e-07, 3.28329257115e-08, 6.62474908264e-10],
        "dvar2": [4.08350274483e-07, 0.000490201811772, 0.0014190407237, 0.000359681522241, 4.74523076264e-05, 1.52459551828e-05, 1.31325114126e-05, 8.58415569382e-06, 3.7510922084e-06, 1.65204728546e-05, 5.98033466304e-06, 3.35465756507e-06, 6.73220142744e-07, 6.00299188136e-07, 2.11245105675e-06, 5.16471459377e-07, 4.17666569774e-07, 2.99551004446e-07, 2.16254719021e-07, 1.14016870612e-07, 6.39404404978e-08, 2.31301360287e-08, 5.70701921276e-08, 2.86406958594e-07, 5.01286706367e-07, 8.32684534657e-08, 1.58321045163e-09],
        "max": [0.00311665725894, 0.114544704556, 0.155275046825, 0.0835585147142, 0.0334528423846, 0.0392811149359, 0.0323558077216, 0.0313444137573, 0.0182502586395, 0.0396149680018, 0.0261446982622, 0.0250363610685, 0.0092282583937, 0.00780538795516, 0.0125907054171, 0.0057068541646, 0.00431473040953, 0.00529984943569, 0.00279959896579, 0.00211361190304, 0.00151728733908, 0.00156122515909, 0.00263035390526, 0.00568398693576, 0.00490440567955, 0.00250559044071, 0.000486697477754],
        "mean": [0.000250907236477, 0.0180458649993, 0.0103633748367, 0.00233109947294, 0.00214797793888, 0.00268863956444, 0.00133718806319, 0.00121628527995, 0.00142330443487, 0.0022324421443, 0.00142460444476, 0.000664091610815, 0.000478736590594, 0.000303144654026, 0.000602080719545, 0.000233468832448, 0.000310924253426, 0.000244248862145, 0.000280927168205, 0.000195514177904, 0.000194357242435, 7.17520961189e-05, 6.72001915518e-05, 0.000154012057465, 0.000405439612223, 9.34751151362e-05, 6.4815794758e-06],
        "median": [5.60280532227e-05, 0.0131585430354, 0.00423474051058, 0.000488418270834, 0.000890782859642, 0.00129546981771, 0.000561718945391, 0.000348519999534, 0.000804416951723, 0.000584450899623, 0.000296198821161, 0.000157806207426, 9.18651130632e-05, 5.9687619796e-05, 6.84653859935e-05, 4.86172866658e-05, 8.33703888929e-05, 6.91594759701e-05, 0.000112843008537, 9.28428562474e-05, 7.49603932491e-05, 2.97449696518e-05, 1.30720263769e-05, 1.88627946045e-05, 8.07418255135e-05, 1.58473158081e-05, 2.17767293975e-07],
        "min": [2.09771314902e-11, 2.75268124267e-11, 1.39965287624e-11, 1.09142365284e-11, 2.08280996616e-11, 1.85427229127e-11, 1.907791633e-11, 2.52909221343e-11, 4.08334546731e-11, 1.70975022334e-11, 8.41516700073e-12, 7.6965760154e-12, 4.56140030261e-12, 1.9086475022e-12, 2.35606065907e-12, 4.0049331039e-12, 4.48304024112e-12, 5.45127831764e-12, 4.80677086676e-12, 1.8652510092e-12, 1.37395750701e-13, 2.47973841981e-12, 1.12395216832e-12, 2.65909126315e-12, 3.949727264e-12, 1.41138175366e-12, 5.06324684599e-14],
        "stdev": [0.000421837117756, 0.0242767184973, 0.0206489190459, 0.00830357242376, 0.00385288684629, 0.0037277196534, 0.00267074583098, 0.00247849291191, 0.00195903610438, 0.00439619040117, 0.00307357404381, 0.00176356092561, 0.000983466976322, 0.000716509181075, 0.00149440439418, 0.000540464185178, 0.00055105559295, 0.000458424910903, 0.000418376963353, 0.000286449561827, 0.000260296888882, 0.000131781212986, 0.000197323635803, 0.000431329972344, 0.00064793380443, 0.000202108160011, 2.72686302196e-05],
        "var": [1.77946560598e-07, 0.000589359086007, 0.000426377839176, 6.89493172104e-05, 1.4844737052e-05, 1.3895893062e-05, 7.13288272891e-06, 6.14292730461e-06, 3.83782207791e-06, 1.93264913833e-05, 9.44685689319e-06, 3.11014696308e-06, 9.67207256508e-07, 5.13385430168e-07, 2.23324445869e-06, 2.92101532295e-07, 3.0366228998e-07, 2.10153402236e-07, 1.75039289729e-07, 8.20533472279e-08, 6.7754477584e-08, 1.73662861869e-08, 3.89366192621e-08, 1.86045554074e-07, 4.19818235287e-07, 4.08477092151e-08, 7.43578199014e-10]
    },
    "erbbands": {
        "dmean": [0.20437283814, 2.23817276955, 8.10370159149, 10.3859300613, 6.49886703491, 5.96065759659, 6.71365785599, 12.4129743576, 12.4688892365, 11.7794713974, 12.840634346, 17.3342876434, 21.8106231689, 32.549369812, 26.4859962463, 19.7614612579, 13.1029815674, 10.7804145813, 17.7766933441, 15.1100912094, 8.78978252411, 10.5665864944, 9.94111347198, 9.35034179688, 8.79752063751, 5.59619760513, 5.30662059784, 4.12595558167, 1.77801167965, 1.95185399055, 1.54643499851, 2.04427814484, 2.51415085793, 2.56553602219, 1.78538644314, 0.474604219198, 0.103370063007, 0.0174872782081, 0.000636312004644, 2.99302992062e-05],
        "dmean2": [0.286310970783, 3.15740919113, 13.3165893555, 18.6194076538, 12.2286233902, 10.6439552307, 10.532790184, 19.9401950836, 20.3193969727, 18.398349762, 20.4407157898, 26.4503135681, 32.8901290894, 49.6449699402, 38.8543205261, 29.8358287811, 19.1389274597, 16.5645370483, 27.0506057739, 23.7599887848, 13.8249921799, 16.2056522369, 15.6091585159, 14.5324831009, 13.4271869659, 8.48432826996, 8.1861038208, 6.60844993591, 2.77754426003, 3.09384083748, 2.45281815529, 3.3610560894, 4.18506479263, 4.10011339188, 2.85484838486, 0.768205523491, 0.168555930257, 0.0285711698234, 0.001050676452, 4.40800831711e-05],
        "dvar": [0.139560475945, 20.3533344269, 480.335235596, 1232.71228027, 463.87097168, 173.64704895, 224.984741211, 570.448364258, 1098.0065918, 1118.05651855, 1461.03210449, 1114.7677002, 3016.70703125, 8410.5390625, 4493.53076172, 3399.85961914, 819.201171875, 530.56427002, 2132.15820312, 1779.75732422, 336.622497559, 489.409545898, 469.24420166, 266.918273926, 237.481307983, 93.359085083, 75.0994873047, 46.5073013306, 11.8473310471, 23.8087444305, 17.9039497375, 42.6886825562, 40.599105835, 28.1062755585, 11.7216434479, 1.50582683086, 0.0862653180957, 0.00252192560583, 6.47192700853e-06, 2.79120748736e-09],
        "dvar2": [0.268745660782, 33.6171150208, 1172.35961914, 3410.19140625, 1339.7713623, 493.473724365, 538.354614258, 1359.70605469, 2765.04638672, 2667.28173828, 3515.83959961, 2430.9777832, 6648.84179688, 19733.1640625, 8261.93847656, 7329.11083984, 1541.12719727, 1252.18896484, 4700.16259766, 3889.61474609, 827.647277832, 1133.61791992, 1047.74035645, 632.581665039, 578.302612305, 211.676071167, 173.954620361, 109.768760681, 27.5682163239, 56.9712867737, 39.670135498, 105.615631104, 94.8199768066, 66.0100479126, 28.1154136658, 3.72302770615, 0.223691999912, 0.00630920706317, 1.5923893443e-05, 6.3224048219e-09],
        "max": [2.85307860374, 31.8637542725, 142.748855591, 223.947738647, 174.376693726, 151.346572876, 225.985412598, 278.099243164, 567.21105957, 508.089782715, 768.671569824, 539.73260498, 1007.69714355, 1583.02233887, 1284.92077637, 1253.7644043, 491.117889404, 326.452087402, 760.669250488, 588.601806641, 255.955703735, 293.928466797, 342.9480896, 214.623550415, 177.323959351, 89.9551773071, 96.919303894, 61.1456718445, 50.896320343, 92.434463501, 66.6159667969, 126.526161194, 81.2623672485, 60.9301948547, 31.5374679565, 17.3844127655, 4.434923172, 0.792751252651, 0.0466094836593, 0.000779226014856],
        "mean": [0.438217610121, 4.37310028076, 11.8007287979, 10.3940572739, 5.78480577469, 7.66498851776, 13.877158165, 24.5326328278, 22.9810218811, 21.2015361786, 23.5585689545, 41.1247444153, 50.8876533508, 68.2768173218, 55.6864776611, 32.9167137146, 23.9246444702, 16.67137146, 28.2706737518, 23.5359992981, 12.5606069565, 14.9823522568, 14.9411754608, 14.2389850616, 13.4818477631, 9.10994434357, 8.75107002258, 6.3499879837, 2.5946803093, 2.58088421822, 1.74170172215, 2.21944832802, 3.24440956116, 4.05847549438, 3.07257914543, 0.70102506876, 0.140796616673, 0.0229785535485, 0.000802321010269, 7.93157450971e-05],
        "median": [0.253377020359, 2.63793230057, 6.03999567032, 4.84923934937, 2.09698724747, 3.07579255104, 6.46164464951, 11.6028690338, 10.9007720947, 6.98008775711, 10.2567119598, 23.7210865021, 17.9117183685, 16.8667163849, 16.8088760376, 9.7726688385, 6.77957820892, 5.49153280258, 4.23855400085, 3.30333423615, 3.47355222702, 4.01975250244, 4.79304409027, 4.65974092484, 5.98240852356, 4.53590774536, 3.10270261765, 2.54964995384, 1.1800699234, 0.771255970001, 0.32852345705, 0.253998577595, 0.444362938404, 0.706193029881, 0.56786608696, 0.130504757166, 0.0269053727388, 0.00296855485067, 0.000126543498482, 6.42831291771e-05],
        "min": [1.06866948624e-09, 5.31707788909e-09, 1.50337164939e-08, 2.92103230493e-08, 4.7611102616e-08, 7.32288611971e-08, 1.10985858726e-07, 1.64136380931e-07, 2.39779211597e-07, 3.76612916853e-07, 6.58126396047e-07, 9.26724680994e-07, 7.28594216071e-07, 4.02618695716e-07, 3.47900197539e-07, 3.03553093772e-07, 2.22581036269e-07, 1.11299556238e-07, 1.11869148611e-07, 1.58959792884e-07, 2.29927422879e-07, 2.64249308657e-07, 3.25525718381e-07, 2.27415085874e-07, 1.9534964224e-07, 1.01112973994e-07, 2.08066932572e-08, 2.80222725024e-08, 1.11314740536e-07, 1.79164096892e-08, 3.97724768675e-08, 3.8737283603e-08, 5.54811592224e-08, 5.41477440663e-08, 2.43177815662e-08, 1.603925881e-08, 3.88972010157e-09, 1.81661907739e-10, 1.03747045677e-11, 1.23707663037e-12],
        "stdev": [0.55732613802, 6.23906135559, 20.9769916534, 27.8729553223, 16.3644657135, 14.3918380737, 23.8882331848, 35.986946106, 41.749786377, 41.5282211304, 46.4660758972, 54.6631965637, 102.488578796, 155.595779419, 113.630813599, 83.3103485107, 46.4149055481, 31.5978507996, 70.9429550171, 59.9913063049, 22.1431922913, 27.481552124, 26.7901535034, 23.0474414825, 20.1580791473, 12.9549560547, 12.0637989044, 9.36981964111, 4.43729639053, 5.90036773682, 5.30784893036, 7.77552032471, 7.87409734726, 7.06271839142, 4.84757614136, 1.45159304142, 0.320471405983, 0.0578484460711, 0.00273638102226, 7.83942086855e-05],
        "var": [0.310612410307, 38.9258842468, 440.034210205, 776.901611328, 267.795715332, 207.125, 570.647705078, 1295.06018066, 1743.0447998, 1724.59301758, 2159.09619141, 2988.06494141, 10503.9082031, 24210.046875, 12911.9619141, 6940.61474609, 2154.34350586, 998.424194336, 5032.90332031, 3598.95678711, 490.320953369, 755.235717773, 717.712341309, 531.184570312, 406.348175049, 167.830886841, 145.535232544, 87.7935256958, 19.6895999908, 34.8143386841, 28.1732578278, 60.4587135315, 62.0014076233, 49.8819923401, 23.4989967346, 2.10712242126, 0.102701917291, 0.00334644271061, 7.48778074922e-06, 6.14565198731e-09]
    },
    "gfcc": {
        "mean": [-28.0211772919, 116.872741699, -108.196228027, 15.1863689423, -52.3279685974, 5.62487745285, -24.7030963898, 18.8915424347, -27.8462905884, 4.24556827545, -11.939991951, -1.737434268, -4.21120262146],
        "cov": [[17269.5136719, -5543.89550781, 2374.77294922, 2349.91894531, 355.869354248, 3111.59155273, -999.281738281, 1302.12646484, -1370.28381348, 1394.27636719, -892.32043457, 875.002197266, 102.342689514], [-5543.89550781, 3789.62109375, -816.895019531, -577.739440918, 633.193725586, -1280.11633301, 561.699157715, -587.374633789, 643.072509766, -785.106506348, 367.694671631, -372.181060791, 54.0629043579], [2374.77294922, -816.895019531, 1353.45349121, 339.36920166, 233.697052002, 762.014648438, -53.9417800903, 462.454925537, -135.400466919, 346.451141357, -78.0028610229, 140.073577881, -53.0529441833], [2349.91894531, -577.739440918, 339.36920166, 941.124145508, 3.97590613365, 437.094085693, -34.7702674866, 81.361038208, -9.67071247101, 69.3335876465, -77.8625946045, 118.511680603, -1.71468579769], [355.869354248, 633.193725586, 233.697052002, 3.97590613365, 697.648681641, 20.8335437775, 52.1641654968, 134.454589844, 24.9668369293, 10.5342884064, -6.10306358337, 4.14727592468, 30.9652423859], [3111.59155273, -1280.11633301, 762.014648438, 437.094085693, 20.8335437775, 914.308410645, -83.7369232178, 377.906890869, -227.635131836, 390.303497314, -144.894363403, 163.553787231, -0.0511043667793], [-999.281738281, 561.699157715, -53.9417800903, -34.7702674866, 52.1641654968, -83.7369232178, 362.110046387, 29.5581798553, 195.187759399, -66.8088226318, 106.010421753, -74.5706176758, -23.5600833893], [1302.12646484, -587.374633789, 462.454925537, 81.361038208, 134.454589844, 377.906890869, 29.5581798553, 443.81350708, -56.1350135803, 251.336380005, -38.7040786743, 64.3493881226, -8.57915401459], [-1370.28381348, 643.072509766, -135.400466919, -9.67071247101, 24.9668369293, -227.635131836, 195.187759399, -56.1350135803, 356.570098877, -137.839401245, 133.71333313, -67.5832519531, -43.6532707214], [1394.27636719, -785.106506348, 346.451141357, 69.3335876465, 10.5342884064, 390.303497314, -66.8088226318, 251.336380005, -137.839401245, 357.662536621, -34.5185813904, 93.0161132812, 13.7190523148], [-892.32043457, 367.694671631, -78.0028610229, -77.8625946045, -6.10306358337, -144.894363403, 106.010421753, -38.7040786743, 133.71333313, -34.5185813904, 174.806808472, -1.50270962715, -1.86951982975], [875.002197266, -372.181060791, 140.073577881, 118.511680603, 4.14727592468, 163.553787231, -74.5706176758, 64.3493881226, -67.5832519531, 93.0161132812, -1.50270962715, 163.43661499, 36.4680023193], [102.342689514, 54.0629043579, -53.0529441833, -1.71468579769, 30.9652423859, -0.0511043667793, -23.5600833893, -8.57915401459, -43.6532707214, 13.7190523148, -1.86951982975, 36.4680023193, 129.883956909]],
        "icov": [[0.000386613071896, -4.83806325065e-05, 0.000189945392776, -0.000572967692278, -0.000170413666638, -0.000620482605882, 0.000388132379157, -0.000388866494177, 0.000581825501285, -0.000216508386075, 0.000572594057303, -0.00066625175532, 0.000284353649477], [-4.83806325065e-05, 0.00280589540489, -0.000641136488412, 0.000576853577513, -0.00253251451068, 0.00114908942487, -0.00194312410895, 0.00209079543129, -0.00109314720612, 0.00262925866991, -0.00232104468159, 0.00254751322791, -0.00238801725209], [0.000189945392776, -0.000641136488412, 0.00201720860787, -0.000402121077059, 1.60123067872e-06, -0.00186705437955, 0.00100799161009, -0.00145209918264, 0.000474571657833, -0.000400478922529, 0.000124751692056, -0.000919916259591, 0.00148354459088], [-0.000572967692278, 0.000576853577513, -0.000402121077059, 0.00263782497495, -0.000235220039031, -0.000134340982186, -0.000826333824079, 0.00136069534346, -0.00185657339171, 0.00151039101183, -0.000745709054172, 0.000604191562161, -0.00088594853878], [-0.000170413666638, -0.00253251451068, 1.60123067872e-06, -0.000235220039031, 0.00414887070656, -0.000164499695529, 0.00132030819077, -0.00228549260646, 0.000605496868957, -0.0020290883258, 0.00218770746142, -0.00198703655042, 0.00129253370687], [-0.000620482605882, 0.00114908942487, -0.00186705437955, -0.000134340982186, -0.000164499695529, 0.00630057230592, -0.00246378872544, 0.000775127322413, -0.000337830133503, -0.00135969789699, 0.000388269079849, 0.000835248327348, -0.0013066532556], [0.000388132379157, -0.00194312410895, 0.00100799161009, -0.000826333824079, 0.00132030819077, -0.00246378872544, 0.00662206206471, -0.00285736005753, -0.000471768347779, -0.000913878495339, -0.00029886548873, -0.000223127484787, 0.00159683357924], [-0.000388866494177, 0.00209079543129, -0.00145209918264, 0.00136069534346, -0.00228549260646, 0.000775127322413, -0.00285736005753, 0.00725727481768, -0.00206393259577, -0.000529187323991, -0.00105026399251, 0.00207723677158, -0.00186892482452], [0.000581825501285, -0.00109314720612, 0.000474571657833, -0.00185657339171, 0.000605496868957, -0.000337830133503, -0.000471768347779, -0.00206393259577, 0.00740062305704, -0.000127581137349, -0.00144406280015, -0.00120951991994, 0.00261910376139], [-0.000216508386075, 0.00262925866991, -0.000400478922529, 0.00151039101183, -0.0020290883258, -0.00135969789699, -0.000913878495339, -0.000529187323991, -0.000127581137349, 0.0102557586506, -0.00478827534243, 0.00224707275629, -0.00261094607413], [0.000572594057303, -0.00232104468159, 0.000124751692056, -0.000745709054172, 0.00218770746142, 0.000388269079849, -0.00029886548873, -0.00105026399251, -0.00144406280015, -0.00478827534243, 0.0137215470895, -0.00625036563724, 0.00188391434494], [-0.00066625175532, 0.00254751322791, -0.000919916259591, 0.000604191562161, -0.00198703655042, 0.000835248327348, -0.000223127484787, 0.00207723677158, -0.00120951991994, 0.00224707275629, -0.00625036563724, 0.0133711071685, -0.00482047535479], [0.000284353649477, -0.00238801725209, 0.00148354459088, -0.00088594853878, 0.00129253370687, -0.0013066532556, 0.00159683357924, -0.00186892482452, 0.00261910376139, -0.00261094607413, 0.00188391434494, -0.00482047535479, 0.0114575624466]]
    },
    "melbands": {
        "dmean": [0.00214682798833, 0.00320408213884, 0.00159567850642, 0.000421855045715, 0.000232068865444, 0.000267680588877, 0.000182334406418, 0.00013416200818, 0.000104155151348, 0.000108314488898, 0.000111964247481, 0.000136558970553, 8.64683679538e-05, 6.06042049185e-05, 3.49708207068e-05, 2.68706753559e-05, 2.08638921322e-05, 2.75056718237e-05, 2.44633301918e-05, 1.83598804142e-05, 9.48757042352e-06, 1.07681344161e-05, 1.32123450385e-05, 7.97132361186e-06, 8.13647693576e-06, 7.11938810127e-06, 4.84336305817e-06, 3.8132429836e-06, 3.66446238331e-06, 3.37818028129e-06, 2.23927509069e-06, 9.7263398402e-07, 1.07149458017e-06, 1.15892407848e-06, 8.70334986303e-07, 1.02244325717e-06, 1.36539608775e-06, 1.83506926987e-06, 1.90025753e-06, 2.34417075262e-06],
        "dmean2": [0.00299316574819, 0.00474753603339, 0.00282779335976, 0.000779594120104, 0.000372436421458, 0.000428963190643, 0.000298131431919, 0.000207774472074, 0.000164560246048, 0.000164148645126, 0.000168133759871, 0.000209075689781, 0.000128620988107, 9.08904257813e-05, 5.20977191627e-05, 3.99447962991e-05, 3.21671759593e-05, 4.18652416556e-05, 3.75539384549e-05, 2.93980756396e-05, 1.49961415445e-05, 1.6558849893e-05, 2.09311983781e-05, 1.26404420371e-05, 1.2689729374e-05, 1.09539041659e-05, 7.56640019972e-06, 5.84242070545e-06, 5.7444972299e-06, 5.33866750629e-06, 3.64618585991e-06, 1.55907821409e-06, 1.68753933849e-06, 1.84340478881e-06, 1.37837139391e-06, 1.7130417973e-06, 2.26394286074e-06, 3.13871964863e-06, 3.03019442072e-06, 3.75803779207e-06],
        "dvar": [1.61725802172e-05, 5.58782994631e-05, 2.78822662949e-05, 1.17615047657e-06, 2.17655298229e-07, 2.5543536708e-07, 2.32810549505e-07, 1.37579291959e-07, 8.47578078833e-08, 4.30128004325e-08, 7.92720769027e-08, 1.57209868235e-07, 4.53057964478e-08, 2.23761844609e-08, 8.15767986495e-09, 3.58755158913e-09, 2.52189868988e-09, 4.89502705037e-09, 4.56140591965e-09, 2.34981745173e-09, 4.07433559113e-10, 5.79464254358e-10, 7.27965021596e-10, 2.91473983838e-10, 2.03272620958e-10, 1.70804898003e-10, 6.6479405314e-11, 4.87643606051e-11, 4.51011346325e-11, 2.76354234635e-11, 1.50426632956e-11, 3.66302431096e-12, 5.25952718877e-12, 9.27853193583e-12, 5.80471738384e-12, 9.84832614764e-12, 1.89882675555e-11, 2.51631458725e-11, 1.78840484089e-11, 2.25158034578e-11],
        "dvar2": [2.78046845779e-05, 0.000116931638331, 7.57149900892e-05, 3.43209853781e-06, 5.26904273102e-07, 6.11062318967e-07, 5.83682265187e-07, 3.16512966947e-07, 2.03754069616e-07, 9.20268306004e-08, 1.75943426939e-07, 3.72493502709e-07, 8.68959872946e-08, 4.27489794674e-08, 1.86324768947e-08, 6.90427981453e-09, 5.85459192237e-09, 1.09399547199e-08, 9.52371426166e-09, 5.4843924957e-09, 1.01392927387e-09, 1.28307886538e-09, 1.66840619098e-09, 6.78721634451e-10, 4.83680984154e-10, 4.39597108715e-10, 1.59618415707e-10, 1.12378668871e-10, 1.09565391482e-10, 6.27014482002e-11, 3.71039865499e-11, 8.69367858952e-12, 1.30732568868e-11, 2.21169593057e-11, 1.26437063944e-11, 2.36117583818e-11, 4.70984432011e-11, 6.1915458871e-11, 4.08239067551e-11, 5.36951975938e-11],
        "max": [0.0281563512981, 0.0529761947691, 0.0347044765949, 0.00854395702481, 0.00640483153984, 0.00638639507815, 0.00770386494696, 0.00580708123744, 0.00554701732472, 0.00350378500298, 0.00510712806135, 0.0068661943078, 0.0035419263877, 0.00313462549821, 0.00161538354587, 0.000941751408391, 0.000765852222685, 0.0011008362053, 0.0012780574616, 0.000579042884056, 0.000289478310151, 0.000314608507324, 0.000343186984537, 0.000240240144194, 0.000186543853488, 0.000179337570444, 0.000116323084512, 7.8842836956e-05, 8.57173436088e-05, 5.44398208149e-05, 3.45615590049e-05, 2.58905129158e-05, 3.89300148527e-05, 5.74465193495e-05, 3.94460439566e-05, 4.99892084918e-05, 8.35690734675e-05, 5.82095781283e-05, 5.33762358828e-05, 5.46267801838e-05],
        "mean": [0.00455135665834, 0.00592975644395, 0.00166894076392, 0.000449642306194, 0.00046884935, 0.000537750544026, 0.000333224248607, 0.000240793655394, 0.000191868428374, 0.000251305842539, 0.000249060511123, 0.000276032922557, 0.0001821705373, 0.000105807739601, 5.61584274692e-05, 4.55524859717e-05, 2.93729663099e-05, 4.28347921115e-05, 3.75966592401e-05, 2.47270800173e-05, 1.27887415147e-05, 1.45105086631e-05, 1.84788168553e-05, 1.08362128231e-05, 1.14867852972e-05, 1.01585128505e-05, 7.59385784477e-06, 5.74739533477e-06, 5.45634247828e-06, 5.34106811756e-06, 3.10494237965e-06, 1.33146397729e-06, 1.41708164847e-06, 1.42645967571e-06, 9.85772658169e-07, 1.01698219623e-06, 1.46183003835e-06, 2.13240173252e-06, 2.73590444522e-06, 3.64820562027e-06],
        "median": [0.00278760446236, 0.00429587624967, 0.000846024369821, 0.000175417269929, 0.000227898795856, 0.000251200457569, 0.000151364511112, 7.33495689929e-05, 9.06328859855e-05, 0.000139991971082, 8.04780138424e-05, 5.51145421923e-05, 4.1455423343e-05, 2.66777697107e-05, 1.48872468344e-05, 8.41684868647e-06, 6.69610835757e-06, 6.89631542627e-06, 4.0575064304e-06, 3.98462270823e-06, 3.91785806642e-06, 3.81247627956e-06, 4.92790695716e-06, 3.18594061355e-06, 3.28641272063e-06, 3.73239709006e-06, 4.0630852709e-06, 2.51276787822e-06, 1.73037835793e-06, 1.73909518253e-06, 1.11836709493e-06, 5.03329715684e-07, 4.54205064671e-07, 3.29855623704e-07, 1.76124643758e-07, 9.12163926614e-08, 1.24781877275e-07, 1.86761980103e-07, 4.40135266899e-07, 6.36671529719e-07],
        "min": [9.59942108442e-12, 7.59670017864e-12, 5.54038542475e-12, 4.30533950505e-12, 3.83446139424e-12, 3.6941569595e-12, 3.74866934369e-12, 4.3650326409e-12, 5.70590059576e-12, 5.85140703252e-12, 3.53550088511e-12, 1.62734235809e-12, 1.16611483924e-12, 9.19323319727e-13, 6.57603474712e-13, 3.83719477633e-13, 1.82943842909e-13, 1.73191390157e-13, 1.85334102123e-13, 2.49608032811e-13, 2.69469396883e-13, 2.54035209752e-13, 3.31785000949e-13, 2.35648712999e-13, 1.74073253099e-13, 2.02310471977e-13, 6.61288379741e-14, 7.03318222346e-14, 1.66928154107e-14, 2.03337141131e-15, 2.0726116949e-14, 8.17191976523e-14, 2.27926401711e-14, 4.16221825885e-15, 2.29761566354e-14, 1.99847073162e-14, 2.82105458107e-14, 4.28255351916e-14, 2.86063185672e-14, 5.67881685957e-14],
        "stdev": [0.00590569758788, 0.00876510888338, 0.00428411085159, 0.000917315774132, 0.000736541929655, 0.000760062248446, 0.000607982976362, 0.000487658631755, 0.000351398281055, 0.000351783819497, 0.000516501895618, 0.0006645473768, 0.000359665544238, 0.000233613638557, 0.000120117409097, 9.66571242316e-05, 6.94393092999e-05, 0.00010849165119, 0.000106828090793, 6.08116970398e-05, 2.32784641412e-05, 2.94653927995e-05, 3.43144383805e-05, 2.05303549592e-05, 1.98436373466e-05, 1.61755033332e-05, 1.098152552e-05, 8.79972230905e-06, 8.45923204906e-06, 7.80121445132e-06, 4.92530989504e-06, 2.40473468693e-06, 2.83873282569e-06, 3.59053728971e-06, 3.02347189063e-06, 3.70068005395e-06, 5.16927730132e-06, 5.73533725401e-06, 5.66904100197e-06, 6.26818700766e-06],
        "var": [3.48772628058e-05, 7.68271347624e-05, 1.83536067198e-05, 8.41468249746e-07, 5.42493978628e-07, 5.77694663662e-07, 3.69643288423e-07, 2.37810937165e-07, 1.23480745629e-07, 1.23751846104e-07, 2.66774236479e-07, 4.41623200231e-07, 1.29359307266e-07, 5.45753309211e-08, 1.44281919745e-08, 9.34259958285e-09, 4.82181805594e-09, 1.17704388458e-08, 1.141224093e-08, 3.69806252287e-09, 5.4188686871e-10, 8.68209337757e-10, 1.17748077955e-09, 4.2149547741e-10, 3.93769933327e-10, 2.61646926347e-10, 1.2059389598e-10, 7.74351138766e-11, 7.15585993238e-11, 6.08589498241e-11, 2.42586783994e-11, 5.78274841206e-12, 8.05840377066e-12, 1.28919574668e-11, 9.14138209573e-12, 1.36950329549e-11, 2.6721428889e-11, 3.28940936989e-11, 3.21380248802e-11, 3.9290168341e-11]
    },
    "melbands128": {
