{
"lowlevel": {
    "average_loudness": 0.983491420746,
    "barkbands_crest": {
        "dmean": 2.0856218338,
        "dmean2": 3.24951958656,
        "dvar": 6.20274066925,
        "dvar2": 13.3282146454,
        "max": 24.9608631134,
        "mean": 12.8215923309,
        "median": 12.0233888626,
        "min": 4.5517373085,
        "stdev": 4.05479192734,
        "var": 16.4413375854
    },
    "barkbands_flatness_db": {
        "dmean": 0.0322259217501,
        "dmean2": 0.044653095305,
        "dvar": 0.00117168657016,
        "dvar2": 0.00207240786403,
        "max": 0.496295899153,
        "mean": 0.219366103411,
        "median": 0.203872665763,
        "min": 0.0500057525933,
        "stdev": 0.0738678798079,
        "var": 0.00545646389946
    },
    "barkbands_kurtosis": {
        "dmean": 13.2533578873,
        "dmean2": 20.6332912445,
        "dvar": 818.505126953,
        "dvar2": 1889.73901367,
        "max": 372.60546875,
        "mean": 18.5790901184,
        "median": 6.4332408905,
        "min": -1.57350504398,
        "stdev": 34.2536697388,
        "var": 1173.31384277
    },
    "barkbands_skewness": {
        "dmean": 1.03247499466,
        "dmean2": 1.50205850601,
        "dvar": 2.01044011116,
        "dvar2": 4.26718568802,
        "max": 16.9685192108,
        "mean": 2.91477513313,
        "median": 2.24653816223,
        "min": -1.7797267437,
        "stdev": 2.21920609474,
        "var": 4.92487573624
    },
    "barkbands_spread": {
        "dmean": 7.27945280075,
        "dmean2": 10.8164701462,
        "dvar": 109.77494812,
        "dvar2": 225.42098999,
        "max": 97.0083389282,
        "mean": 18.044670105,
        "median": 15.3331031799,
        "min": 0.287015259266,
        "stdev": 14.7767333984,
        "var": 218.351852417
    },
    "dissonance": {
        "dmean": 0.0340515896678,
        "dmean2": 0.0552347376943,
        "dvar": 0.00115731731057,
        "dvar2": 0.00288805481978,
        "max": 0.499987691641,
        "mean": 0.417465686798,
        "median": 0.426307946444,
        "min": 0.144445061684,
        "stdev": 0.0517436414957,
        "var": 0.00267740432173
    },
    "dynamic_complexity": 2.54855036736,
    "erbbands_crest": {
        "dmean": 3.15725898743,
        "dmean2": 5.00227117538,
        "dvar": 9.22257232666,
        "dvar2": 21.4283828735,
        "max": 27.6995220184,
        "mean": 11.8321352005,
        "median": 11.2147312164,
        "min": 2.61467719078,
        "stdev": 4.98591089249,
        "var": 24.8593082428
    },
    "erbbands_flatness_db": {
        "dmean": 0.0214338768274,
        "dmean2": 0.0314184129238,
        "dvar": 0.000471925362945,
        "dvar2": 0.000999112962745,
        "max": 0.302589535713,
        "mean": 0.157444640994,
        "median": 0.157833680511,
        "min": 0.0563154667616,
        "stdev": 0.0406147129834,
        "var": 0.00164955493528
    },
    "erbbands_kurtosis": {
        "dmean": 2.5975933075,
        "dmean2": 4.18593168259,
        "dvar": 15.2104988098,
        "dvar2": 35.1337051392,
        "max": 36.4189376831,
        "mean": 2.87720584869,
        "median": 0.937748670578,
        "min": -1.92981612682,
        "stdev": 5.37332582474,
        "var": 28.8726291656
    },
    "erbbands_skewness": {
        "dmean": 0.675537824631,
        "dmean2": 1.03549158573,
        "dvar": 0.643079459667,
        "dvar2": 1.36840713024,
        "max": 5.12873506546,
        "mean": 1.00526499748,
        "median": 1.08072519302,
        "min": -3.58322548866,
        "stdev": 1.21590876579,
        "var": 1.47843420506
    },
    "erbbands_spread": {
        "dmean": 19.3298740387,
        "dmean2": 30.6538600922,
        "dvar": 629.076171875,
        "dvar2": 1368.69641113,
        "max": 187.46156311,
        "mean": 50.8706855774,
        "median": 38.7449874878,
        "min": 5.91132259369,
        "stdev": 35.9799766541,
        "var": 1294.55871582
    },
    "hfc": {
        "dmean": 11.1474571228,
        "dmean2": 17.3479595184,
        "dvar": 282.362060547,
        "dvar2": 661.26751709,
        "max": 167.455368042,
        "mean": 25.0050544739,
        "median": 21.5933990479,
        "min": 1.17451997216e-16,
        "stdev": 20.4778633118,
        "var": 419.342895508
    },
    "loudness_ebu128": {
        "integrated": -8.66937351227,
        "loudness_range": 1.5552854538,
        "momentary": {
            "dmean": 0.631572604179,
            "dmean2": 0.760557353497,
            "dvar": 0.26669716835,
            "dvar2": 0.426323056221,
            "max": -6.3320145607,
            "mean": -8.93336486816,
            "median": -8.64750099182,
            "min": -15.3964500427,
            "stdev": 1.64503848553,
            "var": 2.70615172386
        },
        "short_term": {
            "dmean": 0.0851371586323,
            "dmean2": 0.10582010448,
            "dvar": 0.00436319923028,
            "dvar2": 0.00714065460488,
            "max": -7.7500038147,
            "mean": -8.74642562866,
            "median": -8.71194648743,
            "min": -10.5169620514,
            "stdev": 0.600369632244,
            "var": 0.360443681479
        }
    },
    "melbands_crest": {
        "dmean": 3.08396148682,
        "dmean2": 4.54283571243,
        "dvar": 11.4110145569,
        "dvar2": 23.846654892,
        "max": 38.0490722656,
        "mean": 24.2287731171,
        "median": 23.5545520782,
        "min": 1.78569233418,
        "stdev": 6.90361833572,
        "var": 47.6599464417
    },
    "melbands_flatness_db": {
        "dmean": 0.0391585081816,
        "dmean2": 0.0521799661219,
        "dvar": 0.00172019691672,
        "dvar2": 0.00298095797189,
        "max": 0.619389593601,
        "mean": 0.306838184595,
        "median": 0.290620148182,
        "min": 0.00495630782098,
        "stdev": 0.0909314751625,
        "var": 0.00826853327453
    },
    "melbands_kurtosis": {
        "dmean": 35.9297523499,
        "dmean2": 57.390335083,
        "dvar": 5374.88525391,
        "dvar2": 11940.03125,
        "max": 727.364318848,
        "mean": 54.8205528259,
        "median": 18.2071399689,
        "min": -1.11158430576,
        "stdev": 93.8679351807,
        "var": 8811.18945312
    },
    "melbands_skewness": {
        "dmean": 1.66540229321,
        "dmean2": 2.52362942696,
        "dvar": 5.64978075027,
        "dvar2": 11.8379821777,
        "max": 21.9696216583,
        "mean": 4.56210899353,
        "median": 3.20124077797,
        "min": 0.000833771657199,
        "stdev": 3.79758548737,
        "var": 14.4216556549
    },
    "melbands_spread": {
        "dmean": 4.96366357803,
        "dmean2": 7.0635228157,
        "dvar": 54.556060791,
        "dvar2": 103.979484558,
        "max": 126.292304993,
        "mean": 13.8009786606,
        "median": 11.1029462814,
        "min": 0.346133083105,
        "stdev": 11.3125209808,
        "var": 127.973136902
    },
    "pitch_salience": {
        "dmean": 0.0661354660988,
        "dmean2": 0.103866882622,
        "dvar": 0.0059329229407,
        "dvar2": 0.0135093955323,
        "max": 0.888865888119,
        "mean": 0.399861037731,
        "median": 0.428090512753,
        "min": 0.101651832461,
        "stdev": 0.119603507221,
        "var": 0.0143049983308
    },
    "silence_rate_20dB": {
        "dmean": 0,
        "dmean2": 0,
        "dvar": 0,
        "dvar2": 0,
        "max": 1,
        "mean": 1,
        "median": 1,
        "min": 1,
        "stdev": 0,
        "var": 0
    },
    "silence_rate_30dB": {
        "dmean": 0.0588235296309,
        "dmean2": 0.117738187313,
        "dvar": 0.0553634762764,
        "dvar2": 0.105425134301,
        "max": 1,
        "mean": 0.926527440548,
        "median": 1,
        "min": 0,
        "stdev": 0.260911762714,
        "var": 0.0680749416351
    },
    "silence_rate_60dB": {
        "dmean": 0.000773993786424,
        "dmean2": 0.00154918665066,
        "dvar": 0.000773391744588,
        "dvar2": 0.00154677091632,
        "max": 1,
        "mean": 0.00154679035768,
        "median": 0,
        "min": 0,
        "stdev": 0.0392987206578,
        "var": 0.00154438940808
    },
    "spectral_centroid": {
        "dmean": 331.881011963,
        "dmean2": 480.402893066,
        "dvar": 276567.71875,
        "dvar2": 498178.03125,
        "max": 11073.3916016,
        "mean": 1038.47814941,
        "median": 858.404418945,
        "min": 130.46812439,
        "stdev": 739.032348633,
        "var": 546168.8125
    },
    "spectral_complexity": {
        "dmean": 3.02399373055,
        "dmean2": 4.3756775856,
        "dvar": 23.3499546051,
        "dvar2": 38.3321342468,
        "max": 56,
        "mean": 12.1237430573,
        "median": 11,
        "min": 0,
        "stdev": 7.91360092163,
        "var": 62.6250801086
    },
    "spectral_decrease": {
        "dmean": 3.51602369442e-09,
        "dmean2": 5.18120302218e-09,
        "dvar": 4.15437168974e-17,
        "dvar2": 7.90718623501e-17,
        "max": -2.95828165858e-29,
        "mean": -1.51106362978e-08,
        "median": -1.30043442681e-08,
        "min": -5.58409709583e-08,
        "stdev": 8.22935941613e-09,
        "var": 6.77223620107e-17
    },
    "spectral_energy": {
        "dmean": 0.0139268776402,
        "dmean2": 0.0205559171736,
        "dvar": 0.000615563883912,
        "dvar2": 0.00118348363321,
        "max": 0.21547922492,
        "mean": 0.0592990480363,
        "median": 0.0512668266892,
        "min": 1.07648945644e-20,
        "stdev": 0.0317245647311,
        "var": 0.00100644805934
    },
    "spectral_energyband_high": {
        "dmean": 0.000982286641374,
        "dmean2": 0.00158354069572,
        "dvar": 3.29605404659e-06,
        "dvar2": 7.70753467805e-06,
        "max": 0.017143253237,
        "mean": 0.00131961668376,
        "median": 0.000656371645164,
        "min": 7.63322834719e-21,
        "stdev": 0.00200048601255,
        "var": 4.00194403483e-06
    },
    "spectral_energyband_low": {
        "dmean": 0.00917860493064,
        "dmean2": 0.0136628570035,
        "dvar": 0.000533406971954,
        "dvar2": 0.00100894726347,
        "max": 0.19444103539,
        "mean": 0.0367737784982,
        "median": 0.0297737326473,
        "min": 5.67624864352e-23,
        "stdev": 0.0274095442146,
        "var": 0.000751283077989
    },
    "spectral_energyband_middle_high": {
        "dmean": 0.00137976242695,
        "dmean2": 0.00188799540047,
        "dvar": 5.20567891726e-06,
        "dvar2": 1.01723071566e-05,
        "max": 0.0264202896506,
        "mean": 0.00315890740603,
        "median": 0.00135404476896,
        "min": 1.67623385152e-21,
        "stdev": 0.00419363426045,
        "var": 1.75865679921e-05
    },
    "spectral_energyband_middle_low": {
        "dmean": 0.00936180353165,
        "dmean2": 0.0158110111952,
        "dvar": 0.00033773019095,
        "dvar2": 0.000950034765992,
        "max": 0.121353268623,
        "mean": 0.0186756867915,
        "median": 0.0139837265015,
        "min": 3.09593220663e-22,
        "stdev": 0.018091192469,
        "var": 0.000327291229041
    },
    "spectral_entropy": {
        "dmean": 0.338773906231,
        "dmean2": 0.504981696606,
        "dvar": 0.140465348959,
        "dvar2": 0.257733792067,
        "max": 9.81058692932,
        "mean": 7.22047042847,
        "median": 7.16103935242,
        "min": 5.39528465271,
        "stdev": 0.6463149786,
        "var": 0.417723089457
    },
    "spectral_flux": {
        "dmean": 0.0433956123888,
        "dmean2": 0.0677330940962,
        "dvar": 0.00307772564702,
        "dvar2": 0.00510808918625,
        "max": 0.45222094655,
        "mean": 0.103030815721,
        "median": 0.0810766816139,
        "min": 1.03754012326e-10,
        "stdev": 0.0817740038037,
        "var": 0.00668698782101
    },
    "spectral_kurtosis": {
        "dmean": 2.11365699768,
        "dmean2": 3.2874853611,
        "dvar": 14.2467517853,
        "dvar2": 33.6086921692,
        "max": 51.8240661621,
        "mean": 3.6537270546,
        "median": 3.03831100464,
        "min": -1.56517636776,
        "stdev": 4.36761379242,
        "var": 19.076051712
    },
    "spectral_rms": {
        "dmean": 0.000805569521617,
        "dmean2": 0.00119122827891,
        "dvar": 1.55437771809e-06,
        "dvar2": 2.86396129923e-06,
        "max": 0.0144990906119,
        "mean": 0.00740773510188,
        "median": 0.00707222847268,
        "min": 3.24073081738e-12,
        "stdev": 0.00172573991586,
        "var": 2.97817814499e-06
    },
    "spectral_rolloff": {
        "dmean": 394.013824463,
        "dmean2": 685.712768555,
        "dvar": 1418912,
        "dvar2": 3205191.5,
        "max": 18712.3535156,
        "mean": 661.184692383,
        "median": 387.59765625,
        "min": 43.06640625,
        "stdev": 1172.29296875,
        "var": 1374270.875
    },
    "spectral_skewness": {
        "dmean": 0.405863046646,
        "dmean2": 0.6133492589,
        "dvar": 0.281438082457,
        "dvar2": 0.577603340149,
        "max": 5.81564617157,
        "mean": 1.60280334949,
        "median": 1.58967959881,
        "min": -0.328838437796,
        "stdev": 0.771036088467,
        "var": 0.59449660778
    },
    "spectral_spread": {
        "dmean": 1313126,
        "dmean2": 1965317,
        "dvar": 3.37119202509e+12,
        "dvar2": 5.45175476634e+12,
        "max": 41125708,
        "mean": 7003327.5,
        "median": 6141489.5,
        "min": 1407433.125,
        "stdev": 2881473.75,
        "var": 8.3028911063e+12
    },
    "spectral_strongpeak": {
        "dmean": 0.335420817137,
        "dmean2": 0.602944195271,
        "dvar": 0.836594164371,
        "dvar2": 2.033816576,
        "max": 7.42354345322,
        "mean": 0.638872563839,
        "median": 0.277090370655,
        "min": 0,
        "stdev": 1.07442450523,
        "var": 1.1543879509
    },
    "zerocrossingrate": {
        "dmean": 0.0112886698917,
        "dmean2": 0.0140338307247,
        "dvar": 0.000309657363687,
        "dvar2": 0.000385194754926,
        "max": 0.501953125,
        "mean": 0.0379167571664,
        "median": 0.0361328125,
        "min": 0.00146484375,
        "stdev": 0.0259455256164,
        "var": 0.000673170317896
    },
    "barkbands": {
        "dmean": [0.0015185221564, 0.00819163955748, 0.00386510323733, 0.00342673365958, 0.00329237454571, 0.00146808300633, 0.000957434589509, 0.00136822031345, 0.00185729248915, 0.000489464611746, 0.000262731249677, 0.000107932894025, 8.42022200231e-05, 0.00023835216416, 0.00030060717836, 0.000155261834152, 0.000112934780191, 0.000201512375497, 0.000152221153257, 0.000105710889329, 0.000103590267827, 0.000114614886115, 0.00038590922486, 0.000289048213745, 0.000110594090074, 3.02867592836e-05, 1.16690318919e-06],
        "dmean2": [0.00268832524307, 0.0133474944159, 0.00696886982769, 0.0065658017993, 0.00551250530407, 0.00243058614433, 0.00146715680603, 0.00201082509011, 0.00258162268437, 0.000715420464985, 0.000357721350156, 0.00015570333926, 0.000125389342429, 0.000343923893524, 0.00044926602277, 0.000228439239436, 0.000172294778167, 0.00029657210689, 0.000243292408413, 0.000155316636665, 0.000163367512869, 0.00018590016407, 0.000652459973935, 0.000471848296002, 0.000163131247973, 4.32214364992e-05, 1.94237190954e-06],
        "dvar": [5.20248840985e-06, 0.000521566835232, 0.000203460018383, 0.000165500314324, 3.99634118367e-05, 6.93676656738e-06, 6.98727626514e-06, 7.86807231634e-06, 1.89724269148e-05, 1.32247691909e-06, 4.24823895173e-07, 6.67003448029e-08, 8.47250802849e-08, 3.61451611752e-07, 4.43926637672e-07, 1.61790808306e-07, 9.31462764697e-08, 1.49235134472e-07, 1.58393277161e-07, 5.8532251046e-08, 8.30671211816e-08, 1.06451842896e-07, 4.7782953061e-07, 2.79453502117e-07, 7.35103853344e-08, 3.53407259013e-09, 1.33406567043e-11],
        "dvar2": [1.33660905703e-05, 0.00127492635511, 0.000569214753341, 0.000480364600662, 0.00010813321569, 1.64763623616e-05, 1.56914138643e-05, 1.44908672155e-05, 3.38509053108e-05, 2.59773105427e-06, 7.28511224679e-07, 1.22372512124e-07, 1.68331695249e-07, 7.89304522186e-07, 9.74563704403e-07, 3.05201695028e-07, 2.18778367866e-07, 3.30084134248e-07, 4.18778995481e-07, 1.31773077783e-07, 2.11846924003e-07, 2.65235939878e-07, 1.19630931295e-06, 6.42836084808e-07, 1.38590110055e-07, 6.27543572662e-09, 3.08562481122e-11],
        "max": [0.0244877617806, 0.182562246919, 0.0893965214491, 0.0746707245708, 0.0764642804861, 0.0295293685049, 0.040772870183, 0.0374846719205, 0.0707676410675, 0.0243617612869, 0.0161453988403, 0.00547275133431, 0.00539499241859, 0.00697966339067, 0.00771200563759, 0.0064674471505, 0.00334153650329, 0.00457351282239, 0.00479613104835, 0.00240630656481, 0.00308271241374, 0.00325170089491, 0.00535152386874, 0.00649484153837, 0.00482262950391, 0.000820587971248, 7.98623659648e-05],
        "mean": [0.00787282828242, 0.0254983752966, 0.00283358618617, 0.00235676486045, 0.00543397339061, 0.00243283156306, 0.00178356072865, 0.00232587684877, 0.00414147693664, 0.000845494214445, 0.000418602314312, 0.000160675845109, 0.00010583740368, 0.000343613675795, 0.000477917928947, 0.000226069867495, 0.000142391538247, 0.000297291291645, 0.000207015429623, 0.000175018445589, 0.000145396450534, 0.000115198607091, 0.000347981462255, 0.000390774046537, 0.000170190469362, 4.91401988256e-05, 1.22570861549e-06],
        "median": [0.00813563540578, 0.0204826015979, 0.000499233719893, 0.000498062174302, 0.00262681674212, 0.00104789074976, 0.000258676009253, 0.000448310514912, 0.000338206009474, 0.0001030866988, 5.88546354265e-05, 3.1837134884e-05, 1.40994989124e-05, 5.01115391671e-05, 6.38661367702e-05, 2.69882712018e-05, 1.99653022719e-05, 4.80496237287e-05, 4.50756015198e-05, 5.25384602952e-05, 4.59246111859e-05, 2.40933222813e-05, 3.41496124747e-05, 0.000180238333996, 7.4067771493e-05, 2.29117031267e-05, 2.38513251816e-07],
        "min": [2.67584616722e-23, 3.91601912949e-23, 3.29709562655e-24, 6.13825607671e-24, 4.97161599487e-23, 7.7820572942e-23, 4.45077878635e-23, 9.5631815248e-23, 2.92299881318e-23, 2.94698807331e-23, 9.52054075297e-23, 1.30957511455e-22, 6.77525368461e-23, 1.78505843771e-22, 2.35593751106e-22, 1.37969159616e-22, 2.66521162802e-22, 1.28204008242e-22, 2.40396058618e-22, 2.92998818391e-22, 4.66548394245e-22, 4.51588713717e-22, 6.41400612956e-22, 7.31412595737e-22, 1.42260010107e-21, 1.93532051147e-21, 2.06945988392e-21],
        "stdev": [0.00535854836926, 0.0217898953706, 0.0112440250814, 0.00952069554478, 0.0074925259687, 0.00380095094442, 0.00396875478327, 0.00460708141327, 0.0083183394745, 0.0023623527959, 0.00102977384813, 0.000377277465304, 0.00036293946323, 0.000824658956844, 0.000981954857707, 0.000588534690905, 0.000355173076969, 0.000518354296219, 0.000430024898378, 0.000300789542962, 0.00030623213388, 0.000311894109473, 0.000689046108164, 0.000632825074717, 0.000363532628398, 8.47348565003e-05, 3.95241067963e-06],
        "var": [2.87140392174e-05, 0.000474799569929, 0.000126428101794, 9.06436398509e-05, 5.61379456485e-05, 1.44472278407e-05, 1.57510130521e-05, 2.12251979974e-05, 6.91947716405e-05, 5.58071087653e-06, 1.06043421511e-06, 1.42338279829e-07, 1.31725045094e-07, 6.80062385072e-07, 9.64235255196e-07, 3.4637307067e-07, 1.26147924107e-07, 2.68691167093e-07, 1.84921404411e-07, 9.04743515662e-08, 9.37781265975e-08, 9.72779332642e-08, 4.74784542348e-07, 4.00467570216e-07, 1.32155975052e-07, 7.17999570909e-09, 1.56215491931e-11]
    },
    "erbbands": {
        "dmean": [0.275424599648, 1.88518261909, 3.72832894325, 8.90595245361, 9.20548057556, 12.7512626648, 15.9189872742, 9.79454517365, 7.55044317245, 24.3757133484, 31.5913619995, 33.960811615, 30.078874588, 12.3091611862, 6.90372753143, 3.50910663605, 3.49327659607, 8.88610267639, 12.197561264, 13.9556131363, 8.09805583954, 6.88642406464, 8.1025352478, 10.792517662, 5.85138988495, 5.60804033279, 3.85541200638, 4.39195775986, 4.09091758728, 6.62030982971, 10.5555524826, 8.63108730316, 3.54556512833, 1.5906689167, 0.645185470581, 0.205759972334, 0.0410040691495, 0.00480626523495, 0.000136122238473, 2.08846067835e-05],
        "dmean2": [0.466600716114, 2.7686085701, 5.95943117142, 16.8324298859, 17.1578350067, 20.797208786, 25.0984649658, 16.4377555847, 11.8820714951, 36.0620155334, 46.071647644, 48.2595405579, 41.1830101013, 16.6697158813, 9.78313732147, 5.10557746887, 4.93721151352, 13.3482599258, 17.751543045, 20.2457199097, 11.5373258591, 10.0461187363, 12.1660728455, 16.2135372162, 9.13781452179, 8.43512153625, 5.92229413986, 6.90588712692, 6.57599639893, 11.0325975418, 17.9995555878, 14.6190872192, 5.63445520401, 2.3907148838, 0.952455163002, 0.289561659098, 0.0594448968768, 0.00711699016392, 0.000207359960768, 3.09610331897e-05],
        "dvar": [0.427852958441, 30.6168670654, 153.553390503, 1261.25402832, 848.749145508, 524.289978027, 767.384338379, 415.736358643, 385.444549561, 5251.09619141, 4730.65966797, 6527.90869141, 6793.74755859, 870.565490723, 236.635574341, 80.9077911377, 120.715049744, 653.346557617, 949.014831543, 921.615112305, 506.648834229, 308.395172119, 357.271270752, 563.912902832, 340.856933594, 179.69039917, 89.0473327637, 198.20690918, 135.339141846, 162.966583252, 368.891479492, 244.392120361, 51.5654067993, 13.0850410461, 2.74892997742, 0.201405912638, 0.00470494478941, 0.00012104583584, 1.05173270981e-07, 9.77097402988e-10],
        "dvar2": [1.19163322449, 70.3004608154, 390.164489746, 3661.01367188, 2444.64306641, 1337.83435059, 1788.02270508, 1016.35028076, 862.60546875, 11169.2490234, 8690.5390625, 12576.3730469, 12186.6572266, 1377.80603027, 510.90322876, 154.616455078, 235.154342651, 1412.29724121, 2161.37011719, 1935.51782227, 966.284851074, 677.981933594, 840.866455078, 1426.85400391, 879.463867188, 429.849731445, 219.405090332, 505.007324219, 334.840118408, 397.199645996, 913.376037598, 609.060180664, 103.679588318, 25.7407836914, 4.9523062706, 0.350534498692, 0.00812122784555, 0.000245666480623, 2.14358820472e-07, 1.94516269758e-09],
        "max": [6.68905258179, 40.3642120361, 78.6765365601, 212.391998291, 171.225494385, 274.878662109, 328.226135254, 298.234069824, 291.580718994, 1213.48034668, 828.28717041, 1491.08447266, 1649.8013916, 717.179870605, 265.00100708, 238.75920105, 237.590927124, 385.845794678, 326.90032959, 395.894958496, 420.046081543, 228.385284424, 174.102081299, 349.448791504, 182.369659424, 130.986450195, 106.201095581, 183.373123169, 114.380760193, 141.426086426, 148.141769409, 160.95249939, 125.810020447, 59.4517784119, 26.5920238495, 6.90272045135, 1.02866446972, 0.244177207351, 0.00642045401037, 0.000271925033303],
        "mean": [1.34323167801, 3.30611872673, 3.61467480659, 6.26953458786, 8.10769557953, 22.9857501984, 28.0396728516, 16.5670948029, 15.0276956558, 45.3323936462, 60.4058380127, 68.7349395752, 68.4933395386, 22.5144100189, 11.4755096436, 5.30664300919, 5.15281867981, 12.8070669174, 19.7778320312, 24.5264854431, 13.1778345108, 9.70368766785, 12.1749601364, 16.8360786438, 7.96000003815, 8.75581169128, 6.81863355637, 5.04511356354, 4.11280488968, 6.65596151352, 9.6768245697, 9.45333099365, 5.55484437943, 2.4406003952, 0.94267064333, 0.324170053005, 0.0678496882319, 0.00687442533672, 0.000217623150093, 7.75691732997e-05],
        "median": [1.37211799622, 1.31975328922, 0.615111708641, 1.41183543205, 2.26689863205, 9.46474742889, 13.6519832611, 6.91628170013, 5.00340938568, 8.05332660675, 13.8529529572, 9.01268672943, 8.32284832001, 4.93794441223, 3.14656805992, 1.30366313457, 1.02305114269, 2.05125308037, 3.41325688362, 3.14613366127, 1.95920085907, 1.62320423126, 2.51055884361, 4.04038095474, 2.01190781593, 2.53683638573, 2.09343528748, 1.49192905426, 0.81961363554, 1.11885929108, 1.03808379173, 2.89756941795, 2.94911193848, 1.14347755909, 0.340120941401, 0.136015087366, 0.0342881642282, 0.00273149949498, 0.000103753620351, 6.88861837261e-05],
        "min": [7.25386354753e-22, 1.03640213523e-20, 6.68459677964e-21, 1.93413729584e-20, 8.57851500314e-20, 1.34759638356e-19, 4.47686122439e-19, 6.66037040434e-19, 7.68281578928e-19, 8.27989801987e-19, 2.13826953487e-18, 6.48431276577e-19, 9.0194057593e-19, 1.42381988793e-18, 5.64800493894e-18, 4.93254747583e-18, 3.2049129377e-18, 8.06366514954e-18, 1.25651919692e-17, 9.02258502799e-18, 8.42115358513e-18, 1.38423538719e-17, 6.96572019835e-18, 1.01720236267e-17, 1.47847781146e-17, 1.32269414223e-17, 1.38980338805e-17, 2.0598860241e-17, 1.83529838142e-17, 1.60508442166e-17, 2.17421032569e-17, 1.58809396644e-17, 1.11168227049e-17, 1.47608510882e-17, 1.01647303752e-17, 8.67082564532e-18, 3.1686427222e-18, 1.08807379134e-18, 2.84637320725e-19, 3.2288271428e-20],
        "stdev": [0.563660144806, 5.80090045929, 11.2937717438, 26.3421535492, 22.4020366669, 35.4502792358, 36.5537910461, 28.6185760498, 27.6701545715, 105.887733459, 113.513168335, 144.935409546, 159.393447876, 50.5302581787, 20.3843631744, 12.5851392746, 14.8773984909, 32.9298591614, 40.910118103, 49.4886169434, 34.3786811829, 22.1992645264, 22.7841281891, 28.0019798279, 18.018491745, 15.2967252731, 12.3637943268, 13.4420604706, 11.2732009888, 13.0479183197, 19.462392807, 16.4532909393, 9.34829044342, 4.72685527802, 2.2886402607, 0.638113796711, 0.101075738668, 0.0139705007896, 0.000409632979427, 4.09182066505e-05],
        "var": [0.317712783813, 33.6504440308, 127.549278259, 693.909057617, 501.851257324, 1256.72216797, 1336.1796875, 819.022888184, 765.637451172, 11212.2128906, 12885.2392578, 21006.2714844, 25406.2734375, 2553.30712891, 415.522247314, 158.385742188, 221.336990356, 1084.37573242, 1673.63769531, 2449.12304688, 1181.89367676, 492.807373047, 519.116516113, 784.110839844, 324.66607666, 233.989807129, 152.86340332, 180.688995361, 127.08506012, 170.248184204, 378.784729004, 270.710754395, 87.3905258179, 22.3431587219, 5.23787403107, 0.40718922019, 0.0102163050324, 0.0001951749, 1.67799171891e-07, 1.67429958786e-09]
    },
    "gfcc": {
        "mean": [-2.97141098976, 87.4512252808, -61.9894790649, 40.6387062073, -66.8065795898, 22.7596244812, -38.7261734009, 28.1848602295, -13.9223527908, 8.23111343384, -8.29541778564, 0.977937102318, 3.58234763145],
        "cov": [[5609.79931641, -610.122741699, -1945.38916016, -34.4651603699, -58.2715072632, 34.7350196838, -156.007278442, 338.84866333, -210.680236816, 1.18127834797, -160.661376953, -124.846481323, -117.610610962], [-610.122741699, 1050.73144531, -191.17640686, -399.635192871, 149.336486816, -241.45866394, 133.409088135, 6.96253299713, -43.4849586487, -5.47652721405, 90.5201187134, -208.596405029, 107.628616333], [-1945.38916016, -191.17640686, 1969.29760742, 277.606964111, -374.34463501, 272.953155518, -58.0297622681, -332.82635498, 96.2463607788, -80.8679275513, 0.991692245007, 280.064880371, -189.460983276], [-34.4651603699, -399.635192871, 277.606964111, 503.127380371, -4.41188430786, 11.5031232834, -136.342224121, -95.1323852539, 77.5610733032, -66.9513397217, -23.2655773163, 121.318847656, -14.1109743118], [-58.2715072632, 149.336486816, -374.34463501, -4.41188430786, 365.964752197, -126.60811615, -36.9582939148, 69.9709320068, -9.77792453766, 9.41636657715, -23.9897651672, -66.8350753784, 118.896102905], [34.7350196838, -241.45866394, 272.953155518, 11.5031232834, -126.60811615, 272.845306396, 31.1736736298, -86.5229187012, 5.62791252136, -18.8793258667, -24.4154224396, 53.9196090698, -88.921333313], [-156.007278442, 133.409088135, -58.0297622681, -136.342224121, -36.9582939148, 31.1736736298, 227.099212646, 29.4268569946, -38.4952735901, 28.305644989, 23.5150966644, -44.8943595886, -21.0498905182], [338.84866333, 6.96253299713, -332.82635498, -95.1323852539, 69.9709320068, -86.5229187012, 29.4268569946, 215.763961792, 6.72809362411, 22.0808906555, -19.350938797, -79.9632263184, 46.8403816223], [-210.680236816, -43.4849586487, 96.2463607788, 77.5610733032, -9.77792453766, 5.62791252136, -38.4952735901, 6.72809362411, 165.352630615, -0.585927009583, -35.8104667664, 11.5309324265, 2.36528468132], [1.18127834797, -5.47652721405, -80.8679275513, -66.9513397217, 9.41636657715, -18.8793258667, 28.305644989, 22.0808906555, -0.585927009583, 133.067245483, 38.3692359924, -33.671913147, 11.4511413574], [-160.661376953, 90.5201187134, 0.991692245007, -23.2655773163, -23.9897651672, -24.4154224396, 23.5150966644, -19.350938797, -35.8104667664, 38.3692359924, 126.649597168, 5.73478794098, 5.45213890076], [-124.846481323, -208.596405029, 280.064880371, 121.318847656, -66.8350753784, 53.9196090698, -44.8943595886, -79.9632263184, 11.5309324265, -33.671913147, 5.73478794098, 190.466659546, -28.8916893005], [-117.610610962, 107.628616333, -189.460983276, -14.1109743118, 118.896102905, -88.921333313, -21.0498905182, 46.8403816223, 2.36528468132, 11.4511413574, 5.45213890076, -28.8916893005, 177.013092041]],
        "icov": [[0.000663587183226, -0.000687871826813, 0.0010409388924, -0.000963224796578, 0.00105692655779, -0.00120681955013, 0.00112436374184, -0.00116715335753, 0.00126143032685, -0.000860067433678, 0.00134836172219, -0.000884082634002, 0.000875850848388], [-0.000687871826813, 0.00646700756624, -0.0020225038752, 0.00595557037741, -0.00272967084311, 0.00684275524691, -0.00326309679076, 0.00610392447561, -0.00364723382518, 0.00598013587296, -0.00506343320012, 0.00583140319213, -0.00204184674658], [0.0010409388924, -0.0020225038752, 0.00271837529726, -0.00242590438575, 0.00244642863981, -0.00300539843738, 0.00208253739402, -0.00175769662019, 0.00191164272837, -0.00205922196619, 0.0027440704871, -0.00281779118814, 0.00176054483745], [-0.000963224796578, 0.00595557037741, -0.00242590438575, 0.00871154759079, -0.00327184889466, 0.00686819059774, -0.00232542958111, 0.00662690401077, -0.00494955200702, 0.00651483051479, -0.00519339740276, 0.00435062404722, -0.00203070999123], [0.00105692655779, -0.00272967084311, 0.00244642863981, -0.00327184889466, 0.00652294419706, -0.00259354384616, 0.00277393916622, -0.0029682898894, 0.00306581403129, -0.00299478485249, 0.00432329811156, -0.0022543433588, -0.000197599176317], [-0.00120681955013, 0.00684275524691, -0.00300539843738, 0.00686819059774, -0.00259354384616, 0.0131774861366, -0.00492242816836, 0.00840771291405, -0.00460638385266, 0.00645029917359, -0.00435079121962, 0.0058216759935, -0.00135167303961], [0.00112436374184, -0.00326309679076, 0.00208253739402, -0.00232542958111, 0.00277393916622, -0.00492242816836, 0.00842680688947, -0.00442041829228, 0.00366307562217, -0.00362954824232, 0.00280198804103, -0.00251944363117, 0.00229889014736], [-0.00116715335753, 0.00610392447561, -0.00175769662019, 0.00662690401077, -0.0029682898894, 0.00840771291405, -0.00442041829228, 0.0137062547728, -0.00528298458084, 0.00564252864569, -0.00401594489813, 0.00657655484974, -0.00287242094055], [0.00126143032685, -0.00364723382518, 0.00191164272837, -0.00494955200702, 0.00306581403129, -0.00460638385266, 0.00366307562217, -0.00528298458084, 0.0108245536685, -0.00494846981019, 0.00612625433132, -0.00326927355491, 0.00162075413391], [-0.000860067433678, 0.00598013587296, -0.00205922196619, 0.00651483051479, -0.00299478485249, 0.00645029917359, -0.00362954824232, 0.00564252864569, -0.00494846981019, 0.0148417623714, -0.00802876334637, 0.00633512344211, -0.00217783334665], [0.00134836172219, -0.00506343320012, 0.0027440704871, -0.00519339740276, 0.00432329811156, -0.00435079121962, 0.00280198804103, -0.00401594489813, 0.00612625433132, -0.00802876334637, 0.0154365859926, -0.00564047228545, 0.00184547831304], [-0.000884082634002, 0.00583140319213, -0.00281779118814, 0.00435062404722, -0.0022543433588, 0.0058216759935, -0.00251944363117, 0.00657655484974, -0.00326927355491, 0.00633512344211, -0.00564047228545, 0.0132767492905, -0.00242876424454], [0.000875850848388, -0.00204184674658, 0.00176054483745, -0.00203070999123, -0.000197599176317, -0.00135167303961, 0.00229889014736, -0.00287242094055, 0.00162075413391, -0.00217783334665, 0.00184547831304, -0.00242876424454, 0.00934834778309]]
    },
    "melbands": {
        "dmean": [0.00230925693177, 0.00168979284354, 0.00153314287309, 0.000703772297129, 0.000570887408685, 0.00022626077407, 0.000134649468237, 0.000275693630101, 0.000264568254352, 0.000227400145377, 0.000149840081576, 5.27109077666e-05, 3.03804863506e-05, 1.19908117995e-05, 8.25758888823e-06, 9.76872433966e-06, 1.80293245648e-05, 2.12498034671e-05, 2.35497518588e-05, 1.21441980809e-05, 9.54369534156e-06, 7.66091488913e-06, 6.13915426584e-06, 9.92406694422e-06, 9.20229922485e-06, 4.86755379825e-06, 3.78005347557e-06, 3.88672106055e-06, 2.49833351518e-06, 2.46241074819e-06, 2.53425491792e-06, 2.18275044972e-06, 2.50877747021e-06, 4.85883720103e-06, 5.89511273574e-06, 7.39523693483e-06, 4.57715759694e-06, 2.77302933682e-06, 1.80049164555e-06, 1.25427675357e-06],
        "dmean2": [0.00389514351264, 0.00268481997773, 0.00289219571277, 0.00121738482267, 0.000898127676919, 0.00037829548819, 0.000210552141652, 0.000401163269999, 0.000380850979127, 0.000314919743687, 0.000205098869628, 7.27882434148e-05, 4.32843262388e-05, 1.72895634023e-05, 1.21472039609e-05, 1.40712572829e-05, 2.71286135103e-05, 3.14388271363e-05, 3.43629217241e-05, 1.74588512891e-05, 1.40738766277e-05, 1.16078163046e-05, 9.20898401091e-06, 1.47779883264e-05, 1.3970733562e-05, 7.80631216912e-06, 5.57678049518e-06, 5.94173070567e-06, 3.78963659386e-06, 3.87070258512e-06, 3.97582380174e-06, 3.44503291672e-06, 4.20660035161e-06, 8.12474172562e-06, 9.99090752885e-06, 1.27930179588e-05, 7.60803823141e-06, 4.42247528554e-06, 2.7451171718e-06, 1.88672015611e-06],
        "dvar": [3.5572280467e-05, 2.93589946523e-05, 3.40455480909e-05, 2.28289241022e-06, 8.90812032139e-07, 1.93637376356e-07, 1.07447050368e-07, 5.14966757237e-07, 3.68072250012e-07, 2.88837554763e-07, 1.72083261418e-07, 1.62988165187e-08, 4.62070959273e-09, 9.09723019138e-10, 1.63619806592e-09, 1.04680397683e-09, 2.77162826023e-09, 3.45361983456e-09, 3.40729489068e-09, 7.02887692494e-10, 8.71436700578e-10, 4.26954249733e-10, 2.75058281707e-10, 3.80763170993e-10, 4.67494709611e-10, 2.03611474903e-10, 1.11556937299e-10, 8.227941245e-11, 3.25163368453e-11, 4.52913956339e-11, 7.19581894071e-11, 4.10510653248e-11, 4.85528214855e-11, 7.52224948997e-11, 1.12318328249e-10, 1.88772442122e-10, 6.74332811812e-11, 3.12279577197e-11, 1.53923436497e-11, 9.42730876002e-12],
        "dvar2": [9.00163358892e-05, 6.00920830038e-05, 9.85524675343e-05, 6.36503864371e-06, 2.12403483602e-06, 4.67007907901e-07, 2.48556716542e-07, 1.06023162516e-06, 6.79286529248e-07, 5.31615057753e-07, 3.09758604544e-07, 2.76052762871e-08, 9.12192277269e-09, 1.82589177111e-09, 3.52707218987e-09, 1.87271842478e-09, 6.01590866012e-09, 7.69774466391e-09, 7.32747773569e-09, 1.3477127192e-09, 1.73729308717e-09, 9.64221480437e-10, 6.19420736925e-10, 8.84231854403e-10, 1.20921705982e-09, 5.29041310759e-10, 2.57297128048e-10, 2.01376304521e-10, 7.70505048653e-11, 1.14673145979e-10, 1.82426573847e-10, 1.00572418449e-10, 1.25315105515e-10, 1.85519433149e-10, 2.74504780018e-10, 4.88813323152e-10, 1.63838068112e-10, 6.55783483072e-11, 2.91983624778e-11, 2.02135478494e-11],
        "max": [0.0567763783038, 0.0411157608032, 0.0341018326581, 0.0130610521883, 0.0132977664471, 0.00576213793829, 0.00428174296394, 0.0117816198617, 0.00782370753586, 0.00825524050742, 0.00830824952573, 0.00266989832744, 0.0010248911567, 0.000402641337132, 0.00126942014322, 0.000738738279324, 0.00084257137496, 0.000729491119273, 0.000838078325614, 0.000423450721428, 0.000649492780212, 0.000311718613375, 0.000172211803147, 0.000244151859079, 0.000350741582224, 0.000146744627273, 0.000100033459603, 8.92551470315e-05, 7.34947316232e-05, 6.03795670031e-05, 0.00012505952327, 6.92221219651e-05, 6.2235740188e-05, 8.60621366883e-05, 8.19575070636e-05, 0.000111930632556, 8.64781250129e-05, 0.000102061843791, 6.87647479936e-05, 4.89801059302e-05],
        "mean": [0.00955563224852, 0.00259532313794, 0.00110883277375, 0.00102174142376, 0.00107357732486, 0.000390391942346, 0.000253177480772, 0.00051602604799, 0.000511580321472, 0.000480975781102, 0.000345009349985, 9.30214810069e-05, 4.92728613608e-05, 1.77678157343e-05, 1.08282711153e-05, 1.34715028253e-05, 2.51292840403e-05, 3.18784077535e-05, 3.81735771953e-05, 1.98322668439e-05, 1.40258043757e-05, 9.81528046395e-06, 8.27769235912e-06, 1.44565810842e-05, 1.39794701681e-05, 6.77532125337e-06, 4.95732001582e-06, 5.98382212047e-06, 4.6505319915e-06, 3.32874856213e-06, 2.6755728868e-06, 2.15780391954e-06, 2.42946271101e-06, 4.6923746595e-06, 5.44752174392e-06, 6.38944902676e-06, 5.57960265724e-06, 4.21442973675e-06, 2.8275603654e-06, 1.78029063136e-06],
        "median": [0.008819446899, 0.000599072896875, 0.000261383975158, 0.000404227233957, 0.000591102230828, 0.000162464624736, 6.76764102536e-05, 8.00562775112e-05, 7.71803388488e-05, 4.0429073124e-05, 2.70403343166e-05, 1.53527616931e-05, 1.06459447125e-05, 2.89344097837e-06, 1.5368698314e-06, 1.76797050244e-06, 3.78457502848e-06, 4.72146666652e-06, 4.59561488242e-06, 2.77304275187e-06, 1.60162915108e-06, 1.39645453601e-06, 1.31155434246e-06, 2.51379856309e-06, 3.05253479382e-06, 1.28185445192e-06, 1.16155047181e-06, 1.5663973727e-06, 1.30702051138e-06, 8.67815913352e-07, 6.74392026667e-07, 3.44271683161e-07, 4.98361885093e-07, 6.73437625665e-07, 4.19324351242e-07, 9.23305663036e-07, 2.09687391362e-06, 2.17451975004e-06, 1.36512869631e-06, 7.63991181429e-07],
        "min": [1.12639594833e-23, 7.53340707469e-24, 4.57031022504e-24, 8.82400560374e-24, 1.30440769696e-23, 1.5111722423e-23, 1.1023431849e-23, 1.10640234758e-23, 1.57584889688e-23, 3.79255490364e-24, 4.56699227607e-24, 4.99525066202e-24, 1.59359984497e-23, 1.60989439806e-23, 8.46218508323e-24, 8.57245837145e-24, 1.58417295715e-23, 1.89004241356e-23, 1.73329748718e-23, 1.25579335482e-23, 9.38320780021e-24, 1.56678141409e-23, 8.43622682628e-24, 5.79798210854e-24, 8.56960269497e-24, 8.44139307635e-24, 1.22968742311e-23, 7.79423367781e-24, 7.46062282327e-24, 1.18155223508e-23, 1.13143085306e-23, 9.80812062706e-24, 9.0915588238e-24, 9.18181082224e-24, 1.37803555624e-23, 1.03001584172e-23, 9.29078643427e-24, 6.53200613679e-24, 9.91138883044e-24, 1.32498970907e-23],
        "stdev": [0.00535161327571, 0.00598487909883, 0.00435008527711, 0.00158692896366, 0.00129355851095, 0.000638768658973, 0.000461189396447, 0.00108061393257, 0.001034726738, 0.00101205112878, 0.00081103638513, 0.000230070843827, 9.90182015812e-05, 4.31563094025e-05, 4.53921966255e-05, 4.63902069896e-05, 6.6841566877e-05, 7.69809848862e-05, 8.61242806423e-05, 4.38193310401e-05, 4.23495657742e-05, 2.52341014857e-05, 1.92299066839e-05, 2.55452814599e-05, 2.45710180025e-05, 1.53536566359e-05, 1.13125397547e-05, 1.04559076135e-05, 8.77829188539e-06, 7.1860818025e-06, 8.00833731773e-06, 6.32806222711e-06, 6.39228619548e-06, 8.86862471816e-06, 1.10319579107e-05, 1.29973695948e-05, 9.31897375267e-06, 7.06737591827e-06, 5.48038588022e-06, 3.73155967281e-06],
        "var": [2.86397644231e-05, 3.58187753591e-05, 1.89232432604e-05, 2.51834353548e-06, 1.6732936956e-06, 4.08025385923e-07, 2.1269565309e-07, 1.16772650927e-06, 1.07065943666e-06, 1.02424758097e-06, 6.57779992252e-07, 5.29325916432e-08, 9.8046042396e-09, 1.86246695844e-09, 2.06045158713e-09, 2.15205120391e-09, 4.46779546692e-09, 5.9260720775e-09, 7.41739158983e-09, 1.92013382971e-09, 1.79348569329e-09, 6.36759867056e-10, 3.69789338039e-10, 6.5256139381e-10, 6.0373489541e-10, 2.35734792797e-10, 1.27973548425e-10, 1.09326006581e-10, 7.70584013265e-11, 5.16397723194e-11, 6.41334693685e-11, 4.00443705972e-11, 4.08613247405e-11, 7.86525081176e-11, 1.21704091249e-10, 1.68931618694e-10, 8.68432756262e-11, 4.99478028382e-11, 3.00346275628e-11, 1.39245368708e-11]
    },
    "melbands128": {
