{
"lowlevel": {
    "average_loudness": 0.977392137051,
    "barkbands_crest": {
        "dmean": 3.42756128311,
        "dmean2": 5.04803371429,
        "dvar": 10.1799211502,
        "dvar2": 19.755525589,
        "max": 26.5051441193,
        "mean": 14.3430261612,
        "median": 13.4871749878,
        "min": 3.18428611755,
        "stdev": 6.10495471954,
        "var": 37.2704696655
    },
    "barkbands_flatness_db": {
        "dmean": 0.0435715578496,
        "dmean2": 0.0604974702001,
        "dvar": 0.00150265160482,
        "dvar2": 0.00314208026975,
        "max": 0.50392305851,
        "mean": 0.195744901896,
        "median": 0.192543745041,
        "min": 0.039010129869,
        "stdev": 0.0764274820685,
        "var": 0.00584116019309
    },
    "barkbands_kurtosis": {
        "dmean": 12.7271251678,
        "dmean2": 20.4222640991,
        "dvar": 910.931884766,
        "dvar2": 2191.35693359,
        "max": 587.468933105,
        "mean": 17.623046875,
        "median": 8.2306470871,
        "min": -1.78942549229,
        "stdev": 35.2107162476,
        "var": 1239.79455566
    },
    "barkbands_skewness": {
        "dmean": 1.07841789722,
        "dmean2": 1.62578618526,
        "dvar": 1.75922596455,
        "dvar2": 4.09285783768,
        "max": 22.0875854492,
        "mean": 2.95631146431,
        "median": 2.50780034065,
        "min": -1.7904753685,
        "stdev": 2.11891746521,
        "var": 4.48981142044
    },
    "barkbands_spread": {
        "dmean": 6.49982023239,
        "dmean2": 9.5142660141,
        "dvar": 81.933303833,
        "dvar2": 153.447814941,
        "max": 104.737846375,
        "mean": 13.619187355,
        "median": 9.92196083069,
        "min": 0.260477900505,
        "stdev": 13.8692417145,
        "var": 192.355865479
    },
    "dissonance": {
        "dmean": 0.0342939943075,
        "dmean2": 0.0544083379209,
        "dvar": 0.00118995364755,
        "dvar2": 0.00280241225846,
        "max": 0.499581485987,
        "mean": 0.435134589672,
        "median": 0.445914357901,
        "min": 0.0151781653985,
        "stdev": 0.0490060560405,
        "var": 0.00240159337409
    },
    "dynamic_complexity": 1.90216553211,
    "erbbands_crest": {
        "dmean": 2.81524348259,
        "dmean2": 4.49447917938,
        "dvar": 6.2621254921,
        "dvar2": 14.2516202927,
        "max": 25.2793598175,
        "mean": 8.98636627197,
        "median": 8.20813560486,
        "min": 2.7203142643,
        "stdev": 4.05088615417,
        "var": 16.4096775055
    },
    "erbbands_flatness_db": {
        "dmean": 0.0246896799654,
        "dmean2": 0.035793222487,
        "dvar": 0.000554148457013,
        "dvar2": 0.00107580481563,
        "max": 0.330149680376,
        "mean": 0.14569427073,
        "median": 0.146085426211,
        "min": 0.0550613477826,
        "stdev": 0.045286886394,
        "var": 0.0020509022288
    },
    "erbbands_kurtosis": {
        "dmean": 1.56928002834,
        "dmean2": 2.45782256126,
        "dvar": 3.22592616081,
        "dvar2": 7.33361005783,
        "max": 22.0200195312,
        "mean": 1.6080313921,
        "median": 0.874435186386,
        "min": -1.70174694061,
        "stdev": 2.69895219803,
        "var": 7.28434276581
    },
    "erbbands_skewness": {
        "dmean": 0.487485945225,
        "dmean2": 0.725554466248,
        "dvar": 0.192208141088,
        "dvar2": 0.421266406775,
        "max": 3.66941285133,
        "mean": 0.706423699856,
        "median": 0.737324535847,
        "min": -1.87420511246,
        "stdev": 0.788301706314,
        "var": 0.621419608593
    },
    "erbbands_spread": {
        "dmean": 12.8459615707,
        "dmean2": 19.2087593079,
        "dvar": 217.672332764,
        "dvar2": 456.262878418,
        "max": 156.874664307,
        "mean": 39.9026107788,
        "median": 33.1145248413,
        "min": 6.43295574188,
        "stdev": 25.4026985168,
        "var": 645.297058105
    },
    "hfc": {
        "dmean": 9.34324836731,
        "dmean2": 14.5856761932,
        "dvar": 183.262374878,
        "dvar2": 454.740509033,
        "max": 101.17641449,
        "mean": 20.1309871674,
        "median": 15.7281894684,
        "min": 1.14915107069e-16,
        "stdev": 15.2622175217,
        "var": 232.935272217
    },
    "loudness_ebu128": {
        "integrated": -9.50154972076,
        "loudness_range": 2.36211776733,
        "momentary": {
            "dmean": 0.570895195007,
            "dmean2": 0.804668605328,
            "dvar": 0.265257716179,
            "dvar2": 0.542398512363,
            "max": -7.48216247559,
            "mean": -9.76054859161,
            "median": -9.28612709045,
            "min": -18.5231952667,
            "stdev": 1.71106255054,
            "var": 2.92773485184
        },
        "short_term": {
            "dmean": 0.0914411023259,
            "dmean2": 0.121013715863,
            "dvar": 0.00645199604332,
            "dvar2": 0.00870571564883,
            "max": -8.5288143158,
            "mean": -9.56081581116,
            "median": -9.10195541382,
            "min": -13.1386699677,
            "stdev": 1.00552225113,
            "var": 1.01107501984
        }
    },
    "melbands_crest": {
        "dmean": 4.2576842308,
        "dmean2": 6.50374126434,
        "dvar": 15.1059885025,
        "dvar2": 33.8025627136,
        "max": 36.9847488403,
        "mean": 19.7582817078,
        "median": 19.3771057129,
        "min": 2.65066218376,
        "stdev": 7.48521852493,
        "var": 56.0284996033
    },
    "melbands_flatness_db": {
        "dmean": 0.0514631532133,
        "dmean2": 0.0708210915327,
        "dvar": 0.00212243269198,
        "dvar2": 0.00437426427379,
        "max": 0.640801846981,
        "mean": 0.293541610241,
        "median": 0.291051059961,
        "min": 0.0057461108081,
        "stdev": 0.0934287756681,
        "var": 0.00872893631458
    },
    "melbands_kurtosis": {
        "dmean": 23.4112529755,
        "dmean2": 36.5372848511,
        "dvar": 2071.47119141,
        "dvar2": 4642.13378906,
        "max": 671.668518066,
        "mean": 38.188533783,
        "median": 19.0411777496,
        "min": -1.50441229343,
        "stdev": 60.0733909607,
        "var": 3608.8125
    },
    "melbands_skewness": {
        "dmean": 1.33240306377,
        "dmean2": 1.97624182701,
        "dvar": 2.32108640671,
        "dvar2": 4.78056144714,
        "max": 21.1080589294,
        "mean": 4.11588478088,
        "median": 3.49282979965,
        "min": 0.00928307790309,
        "stdev": 2.83309674263,
        "var": 8.02643680573
    },
    "melbands_spread": {
        "dmean": 5.11200714111,
        "dmean2": 7.70149946213,
        "dvar": 58.0711097717,
        "dvar2": 109.029045105,
        "max": 129.234634399,
        "mean": 10.9730606079,
        "median": 7.77978801727,
        "min": 0.159794330597,
        "stdev": 11.2572574615,
        "var": 126.725845337
    },
    "pitch_salience": {
        "dmean": 0.108105793595,
        "dmean2": 0.164219886065,
        "dvar": 0.00968508701771,
        "dvar2": 0.0221171434969,
        "max": 0.813465118408,
        "mean": 0.438174724579,
        "median": 0.428734660149,
        "min": 0.0615651607513,
        "stdev": 0.175956472754,
        "var": 0.0309606790543
    },
    "silence_rate_20dB": {
        "dmean": 0,
        "dmean2": 0,
        "dvar": 0,
        "dvar2": 0,
        "max": 1,
        "mean": 1,
        "median": 1,
        "min": 1,
        "stdev": 0,
        "var": 0
    },
    "silence_rate_30dB": {
        "dmean": 0.109907120466,
        "dmean2": 0.2199845016,
        "dvar": 0.0978268161416,
        "dvar2": 0.20412170887,
        "max": 1,
        "mean": 0.723124504089,
        "median": 1,
        "min": 0,
        "stdev": 0.447453826666,
        "var": 0.200214922428
    },
    "silence_rate_60dB": {
        "dmean": 0.000773993786424,
        "dmean2": 0.00154918665066,
        "dvar": 0.000773391744588,
        "dvar2": 0.00154677091632,
        "max": 1,
        "mean": 0.00154679035768,
        "median": 0,
        "min": 0,
        "stdev": 0.0392987206578,
        "var": 0.00154438940808
    },
    "spectral_centroid": {
        "dmean": 279.926940918,
        "dmean2": 409.572570801,
        "dvar": 191184.765625,
        "dvar2": 285271.21875,
        "max": 10867.4023438,
        "mean": 807.255432129,
        "median": 640.781799316,
        "min": 145.178924561,
        "stdev": 596.85736084,
        "var": 356238.6875
    },
    "spectral_complexity": {
        "dmean": 5.19349861145,
        "dmean2": 7.89310598373,
        "dvar": 40.7043075562,
        "dvar2": 85.6462936401,
        "max": 54,
        "mean": 15.3016242981,
        "median": 13,
        "min": 0,
        "stdev": 8.45023345947,
        "var": 71.4064407349
    },
    "spectral_decrease": {
        "dmean": 6.40001074359e-09,
        "dmean2": 9.72768088303e-09,
        "dvar": 7.011333088e-17,
        "dvar2": 1.79483872773e-16,
        "max": -5.52499166681e-29,
        "mean": -1.90470057504e-08,
        "median": -1.62354165667e-08,
        "min": -8.50229966431e-08,
        "stdev": 1.44675844638e-08,
        "var": 2.0931099981e-16
    },
    "spectral_energy": {
        "dmean": 0.0245099961758,
        "dmean2": 0.0374145880342,
        "dvar": 0.00101334683131,
        "dvar2": 0.00258219684474,
        "max": 0.323394328356,
        "mean": 0.0737137198448,
        "median": 0.0636976435781,
        "min": 1.06316724416e-20,
        "stdev": 0.055024381727,
        "var": 0.00302768242545
    },
    "spectral_energyband_high": {
        "dmean": 0.000586264533922,
        "dmean2": 0.000926947453991,
        "dvar": 9.43787028973e-07,
        "dvar2": 2.1121577447e-06,
        "max": 0.0080141602084,
        "mean": 0.000727152917534,
        "median": 0.00018069363432,
        "min": 7.92405664951e-21,
        "stdev": 0.00115811778232,
        "var": 1.34123683893e-06
    },
    "spectral_energyband_low": {
        "dmean": 0.0226031206548,
        "dmean2": 0.0349898822606,
        "dvar": 0.00106313137803,
        "dvar2": 0.00277044484392,
        "max": 0.305287986994,
        "mean": 0.0554998554289,
        "median": 0.0414627678692,
        "min": 7.8373987266e-23,
        "stdev": 0.0536749884486,
        "var": 0.00288100447506
    },
    "spectral_energyband_middle_high": {
        "dmean": 0.0023979882244,
        "dmean2": 0.00395882874727,
        "dvar": 1.65392702911e-05,
        "dvar2": 4.40305120719e-05,
        "max": 0.02953158319,
        "mean": 0.00352928531356,
        "median": 0.00224397634156,
        "min": 1.55764551497e-21,
        "stdev": 0.00400944473222,
        "var": 1.60756480909e-05
    },
    "spectral_energyband_middle_low": {
        "dmean": 0.00881572533399,
        "dmean2": 0.0143975969404,
        "dvar": 0.000176058922079,
        "dvar2": 0.000447836471722,
        "max": 0.0994536578655,
        "mean": 0.0164469070733,
        "median": 0.01371619571,
        "min": 3.81051270684e-22,
        "stdev": 0.0139719136059,
        "var": 0.000195214364794
    },
    "spectral_entropy": {
        "dmean": 0.33607557416,
        "dmean2": 0.476241201162,
        "dvar": 0.111422359943,
        "dvar2": 0.204591020942,
        "max": 9.79383277893,
        "mean": 7.32762718201,
        "median": 7.26226139069,
        "min": 5.5549621582,
        "stdev": 0.606250405312,
        "var": 0.367539584637
    },
    "spectral_flux": {
        "dmean": 0.0524855591357,
        "dmean2": 0.0826901048422,
        "dvar": 0.00273771374486,
        "dvar2": 0.00628776149824,
        "max": 0.424738079309,
        "mean": 0.128528803587,
        "median": 0.0994198396802,
        "min": 1.03109999705e-10,
        "stdev": 0.0791919156909,
        "var": 0.00627135951072
    },
    "spectral_kurtosis": {
        "dmean": 3.08886122704,
        "dmean2": 4.73870372772,
        "dvar": 29.7115097046,
        "dvar2": 77.3361358643,
        "max": 113.34172821,
        "mean": 6.61026906967,
        "median": 5.6737947464,
        "min": -1.19379174709,
        "stdev": 6.19708108902,
        "var": 38.4038162231
    },
    "spectral_rms": {
        "dmean": 0.00136079580989,
        "dmean2": 0.00200840830803,
        "dvar": 2.1671585273e-06,
        "dvar2": 4.58035128759e-06,
        "max": 0.0177625063807,
        "mean": 0.00785916112363,
        "median": 0.00788314919919,
        "min": 3.22061539763e-12,
        "stdev": 0.00318583776243,
        "var": 1.01495616036e-05
    },
    "spectral_rolloff": {
        "dmean": 389.746704102,
        "dmean2": 650.032470703,
        "dvar": 1221977.625,
        "dvar2": 2417950.25,
        "max": 18066.3574219,
        "mean": 692.025878906,
        "median": 344.53125,
        "min": 64.599609375,
        "stdev": 1304.64880371,
        "var": 1702108.5
    },
    "spectral_skewness": {
        "dmean": 0.428039729595,
        "dmean2": 0.62674587965,
        "dvar": 0.228290081024,
        "dvar2": 0.486471503973,
        "max": 8.55082798004,
        "mean": 2.07587337494,
        "median": 2.09610414505,
        "min": -0.00897082593292,
        "stdev": 0.76303011179,
        "var": 0.582214951515
    },
    "spectral_spread": {
        "dmean": 1106881.375,
        "dmean2": 1548458,
        "dvar": 2.05377594982e+12,
        "dvar2": 3.04839262208e+12,
        "max": 40602312,
        "mean": 5297748.5,
        "median": 4791703.5,
        "min": 1026622.8125,
        "stdev": 2495635.5,
        "var": 6.2281964585e+12
    },
    "spectral_strongpeak": {
        "dmean": 0.322094291449,
        "dmean2": 0.541922330856,
        "dvar": 0.193818286061,
        "dvar2": 0.466080665588,
        "max": 5.70187902451,
        "mean": 0.699595928192,
        "median": 0.637879312038,
        "min": 0,
        "stdev": 0.574402928352,
        "var": 0.329938739538
    },
    "zerocrossingrate": {
        "dmean": 0.0118782352656,
        "dmean2": 0.0138870822266,
        "dvar": 0.000388924498111,
        "dvar2": 0.000437660200987,
        "max": 0.49609375,
        "mean": 0.0335803814232,
        "median": 0.0244140625,
        "min": 0.00048828125,
        "stdev": 0.0327148027718,
        "var": 0.00107025844045
    },
    "barkbands": {
        "dmean": [0.00157676986419, 0.0211472865194, 0.00704213278368, 0.00440109707415, 0.00251829624176, 0.00235830363818, 0.00147920206655, 0.000757883652113, 0.000733330962248, 0.000529098673724, 0.00042856860091, 0.000438912102254, 0.000507500430103, 0.00029132005875, 0.000198310925043, 0.000228897493798, 0.000185900149518, 0.00013258443505, 0.000113418864203, 9.62038102443e-05, 9.32160328375e-05, 9.13467738428e-05, 0.000120589298604, 0.000136811388074, 0.000103186466731, 5.00025089423e-05, 5.40293513041e-06],
        "dmean2": [0.00224037002772, 0.0321527309716, 0.011423105374, 0.00784749165177, 0.00421346770599, 0.00373334647156, 0.00226351735182, 0.0011602260638, 0.00105955684558, 0.000854194106068, 0.000700625474565, 0.000735018635169, 0.000874092162121, 0.000493451545481, 0.000336507306201, 0.000388869200833, 0.000314150936902, 0.00022273187642, 0.000188583639101, 0.000160328476341, 0.00015520270972, 0.000145696976688, 0.000190520382603, 0.000209819845622, 0.000159697403433, 7.75255903136e-05, 9.30926489673e-06],
        "dvar": [6.60738169245e-06, 0.00105766637716, 0.000231374418945, 9.94659058051e-05, 1.46242582559e-05, 9.77014133241e-06, 5.38949188922e-06, 1.44569969507e-06, 1.10481767024e-06, 6.64766787395e-07, 5.1566695447e-07, 5.35552658221e-07, 1.01385160178e-06, 4.08441707123e-07, 1.45217526892e-07, 2.32131185385e-07, 1.05683326979e-07, 7.51295274881e-08, 5.01852639445e-08, 3.58967398029e-08, 3.72049449027e-08, 2.63475694595e-08, 4.16100824907e-08, 5.19191445392e-08, 3.49086022311e-08, 1.05565556296e-08, 1.73084310773e-10],
        "dvar2": [1.19869937407e-05, 0.00264514586888, 0.000565650872886, 0.000274365884252, 3.91346475226e-05, 2.42698970396e-05, 1.15505054055e-05, 3.12202450914e-06, 2.47459843195e-06, 1.62967296546e-06, 1.25237352222e-06, 1.38970699481e-06, 2.74341596196e-06, 1.08593758341e-06, 3.85663497582e-07, 5.84825784244e-07, 2.73517542837e-07, 1.994360872e-07, 1.30447858737e-07, 9.05625867631e-08, 9.32951564891e-08, 6.17624209553e-08, 8.85056579136e-08, 1.17120116272e-07, 7.61475789091e-08, 2.52747067719e-08, 4.69814409598e-10],
        "max": [0.0227787066251, 0.303005903959, 0.120233684778, 0.0736785978079, 0.0337748527527, 0.0285953301936, 0.0293389800936, 0.0182564612478, 0.0125439111143, 0.00930375419557, 0.00931136962026, 0.00624834606424, 0.00890471786261, 0.00881655141711, 0.00273854378611, 0.00352952280082, 0.00257752090693, 0.00316295167431, 0.00194281945005, 0.00132257957011, 0.00178619672079, 0.0015799603425, 0.00193851441145, 0.00172558927443, 0.00198459206149, 0.0014766465174, 0.000125932274386],
        "mean": [0.00238442281261, 0.043600384146, 0.00717691984028, 0.00404268549755, 0.00342248310335, 0.00397025467828, 0.0022686412558, 0.00112748122774, 0.00121685629711, 0.000835019280203, 0.00059753912501, 0.00057350716088, 0.000534384860657, 0.000306688976707, 0.000186455057701, 0.000223762268433, 0.000216988933971, 0.00014425192785, 0.000112558540422, 8.83025932126e-05, 8.52366210893e-05, 9.91543347482e-05, 0.000148163715494, 0.000169703431311, 0.000122517099953, 5.50187687622e-05, 4.39479435954e-06],
        "median": [0.000866021495312, 0.0268695354462, 0.00125373422634, 0.0014276294969, 0.00199112389237, 0.00258643412963, 0.00110536976717, 0.000542330031749, 0.000514274288435, 0.000328259106027, 0.000209710400668, 0.000234927807469, 0.000144031029777, 9.87185412669e-05, 5.21335641679e-05, 7.09809391992e-05, 0.000100506760646, 5.72132266825e-05, 3.59589867003e-05, 1.84833006642e-05, 1.42655017044e-05, 2.53926209552e-05, 3.8322104956e-05, 3.89997985621e-05, 2.49860186159e-05, 1.1346816791e-05, 5.81298991165e-07],
        "min": [7.25959187677e-24, 1.33037100262e-23, 4.55515549707e-23, 1.58716337107e-23, 1.51872384997e-23, 1.47960089291e-22, 3.82390510376e-23, 3.09489097334e-23, 7.02911417262e-23, 9.21196108604e-23, 5.13701267433e-23, 1.20216482343e-22, 1.10396552469e-22, 7.78283731986e-23, 1.93602659878e-22, 7.68960468937e-23, 2.9216396374e-22, 2.60867036974e-22, 1.56887407275e-22, 3.45255564839e-22, 3.88757444608e-22, 6.57539066246e-22, 6.24570435937e-22, 6.92192703448e-22, 1.35281340118e-21, 1.69348589873e-21, 2.4442169281e-21],
        "stdev": [0.00366030214354, 0.0479666218162, 0.0153014520183, 0.00833913870156, 0.00394938932732, 0.00404274417087, 0.00320965005085, 0.00162864197046, 0.00162023270968, 0.0012679916108, 0.000920304388274, 0.000852196360938, 0.000992080080323, 0.000649618217722, 0.000348880945239, 0.000455771019915, 0.000320909486618, 0.000252398342127, 0.000210018260987, 0.000179613387445, 0.000182392279385, 0.000176782952622, 0.000256592495134, 0.000296842830721, 0.00023520780087, 0.000113207599497, 1.13805517685e-05],
        "var": [1.33978119266e-05, 0.0023007967975, 0.000234134437051, 6.95412381901e-05, 1.55976777023e-05, 1.63437798619e-05, 1.03018528534e-05, 2.65247467723e-06, 2.62515391114e-06, 1.60780268743e-06, 8.46960176659e-07, 7.26238681636e-07, 9.84222992884e-07, 4.22003864742e-07, 1.21717917523e-07, 2.07727211432e-07, 1.02982902206e-07, 6.37049168972e-08, 4.41076721813e-08, 3.2260967231e-08, 3.32669429781e-08, 3.12522132617e-08, 6.58397070197e-08, 8.81156623223e-08, 5.5322711745e-08, 1.28159607371e-08, 1.29516966596e-10]
    },
    "erbbands": {
        "dmean": [0.724075436592, 4.60198402405, 8.44274234772, 11.8481025696, 7.96244621277, 9.80085277557, 16.7410831451, 18.5429191589, 19.0591583252, 19.249042511, 18.5704174042, 15.1955299377, 15.6675453186, 17.3170795441, 15.9247808456, 16.1581382751, 23.5699443817, 16.1996040344, 12.1803665161, 9.45827960968, 12.6745300293, 10.4574918747, 7.01255846024, 6.57039022446, 5.28540420532, 4.42068529129, 3.95547413826, 3.56668782234, 3.33145403862, 3.20920920372, 3.57716798782, 2.96078658104, 2.25030946732, 1.33941030502, 0.651170969009, 0.264651328325, 0.0805944278836, 0.0180922523141, 0.000571499986108, 3.5984088754e-05],
        "dmean2": [1.06918358803, 7.24542188644, 13.279384613, 19.9410800934, 13.4688615799, 16.5647449493, 27.1383838654, 30.077501297, 29.812122345, 28.6686592102, 27.5631694794, 22.2659282684, 24.3047580719, 28.5805969238, 26.3869915009, 27.4638843536, 40.5105361938, 27.476442337, 20.761926651, 16.0783023834, 21.3567199707, 17.6665039062, 11.6266222, 10.8829460144, 8.85255241394, 7.43070650101, 6.60431575775, 5.90811109543, 5.36104011536, 5.04949474335, 5.62578725815, 4.61537599564, 3.49356198311, 2.09302663803, 1.00938415527, 0.404420137405, 0.126483440399, 0.0296427924186, 0.000953235779889, 5.69968724449e-05],
        "dvar": [1.41606485844, 56.7421760559, 315.541412354, 688.340698242, 175.044113159, 283.757019043, 574.64642334, 746.264587402, 877.068115234, 1160.61889648, 790.211486816, 459.402801514, 677.621948242, 827.114868164, 743.864196777, 799.972839355, 2272.83740234, 1219.06445312, 571.483398438, 361.197692871, 641.83380127, 332.90637207, 218.086013794, 163.433319092, 111.767051697, 76.2886657715, 64.9373703003, 53.3399887085, 39.7565994263, 29.7522315979, 36.4758720398, 24.6255474091, 15.4174365997, 5.43753099442, 1.62567532063, 0.299113094807, 0.0293596219271, 0.00176197220571, 1.88305750726e-06, 1.88492288444e-09],
        "dvar2": [2.76184630394, 148.944900513, 806.461242676, 1735.0670166, 464.649108887, 763.988525391, 1427.55175781, 1848.96398926, 2041.22033691, 2468.15380859, 1777.8157959, 1086.52600098, 1569.32177734, 2023.43688965, 1900.21984863, 2141.92993164, 6150.87939453, 3233.31591797, 1509.30737305, 958.703613281, 1616.71911621, 851.010437012, 580.919189453, 424.363433838, 290.164123535, 190.695480347, 164.078674316, 131.547439575, 95.9944229126, 67.9524154663, 77.4816665649, 52.106426239, 36.4276313782, 12.2708740234, 3.47103452682, 0.69944781065, 0.070663176477, 0.00458380579948, 5.05972002429e-06, 4.91742646602e-09],
        "max": [9.76034927368, 70.2819595337, 138.546859741, 191.628250122, 121.556587219, 157.538818359, 200.100921631, 326.527801514, 513.679199219, 450.992218018, 427.319396973, 207.420028687, 356.101959229, 341.737213135, 266.513092041, 229.848129272, 434.250549316, 444.5859375, 236.322677612, 181.364837646, 187.622024536, 144.777557373, 216.564331055, 115.132049561, 79.5767745972, 71.6975250244, 66.2174301147, 65.3235702515, 64.4363327026, 50.6189041138, 60.844127655, 45.6081123352, 29.3151359558, 21.4353046417, 14.7442407608, 8.43707275391, 2.27294230461, 0.588275492191, 0.0123009812087, 0.000350576214259],
        "mean": [1.47781836987, 8.70860862732, 10.5618772507, 11.571890831, 10.0562582016, 12.4171609879, 26.8329620361, 30.0495700836, 30.2805156708, 28.7997894287, 30.984960556, 25.2339000702, 27.516210556, 25.0464324951, 20.774274826, 20.2786254883, 25.8940620422, 18.8490066528, 12.0385560989, 9.25215816498, 13.1743917465, 12.4297437668, 7.97540616989, 6.81373357773, 5.1843419075, 4.08178710938, 3.56446623802, 3.35384988785, 3.4458963871, 3.7378680706, 4.40542316437, 3.7390806675, 2.70158481598, 1.57558166981, 0.760487437248, 0.308683305979, 0.084763199091, 0.016869911924, 0.000533886894118, 9.58230884862e-05],
        "median": [0.692339479923, 5.11177158356, 2.86407446861, 4.11038637161, 4.87094545364, 5.85060453415, 16.2309360504, 18.3666210175, 15.9466562271, 15.1248598099, 17.1707744598, 11.867474556, 10.1520395279, 11.1855325699, 8.97617149353, 8.75880336761, 8.05904197693, 6.52612161636, 3.78885984421, 2.94092702866, 4.54842662811, 5.99430608749, 3.50199699402, 2.49445652962, 1.55439281464, 0.817263662815, 0.55379486084, 0.635250985622, 0.804216384888, 1.05755257607, 1.11854636669, 0.833896696568, 0.629267275333, 0.305810689926, 0.155167475343, 0.0636783987284, 0.0176619850099, 0.00297509762459, 0.00012951012468, 8.79501167219e-05],
        "min": [7.36293133007e-22, 2.45603918891e-21, 3.58697276046e-20, 7.11502570438e-20, 3.6620458634e-20, 7.31365180274e-20, 5.43837028156e-19, 1.20913146719e-18, 8.63225679829e-19, 4.36840802332e-19, 7.84287368684e-19, 1.19605653344e-18, 3.57292352427e-18, 2.39650436197e-18, 1.88637029088e-18, 5.54708435472e-18, 4.95649145943e-18, 3.87514430083e-18, 7.64153751216e-18, 7.68732278624e-18, 6.57992067912e-18, 1.65573649559e-17, 1.368829231e-17, 1.1105424156e-17, 9.7761391214e-18, 1.5897031636e-17, 1.18108346834e-17, 1.99501008322e-17, 2.22887207493e-17, 2.13415906761e-17, 1.69519367256e-17, 1.61085384099e-17, 1.17491187379e-17, 9.86988350022e-18, 1.23790506888e-17, 5.80777487426e-18, 3.61013713926e-18, 1.76404764908e-18, 2.9282465103e-19, 3.09068894985e-20],
        "stdev": [1.854398489, 10.165553093, 18.6917457581, 24.0965175629, 13.5817117691, 16.5960655212, 30.9045715332, 33.5699653625, 40.9911842346, 43.034576416, 40.493598938, 32.1845436096, 46.1218223572, 35.938457489, 30.7002487183, 29.6265583038, 46.0816268921, 38.4000205994, 22.2413139343, 17.2641010284, 24.4390716553, 18.0731258392, 13.6292514801, 12.122797966, 9.73455238342, 8.31321430206, 7.59775924683, 7.01640844345, 6.55207633972, 6.38991069794, 7.68741750717, 6.65326738358, 4.83507156372, 2.88600039482, 1.58389401436, 0.632190406322, 0.183258578181, 0.0392682217062, 0.00121133902576, 6.53668103041e-05],
        "var": [3.43879365921, 103.338478088, 349.381378174, 580.642150879, 184.462905884, 275.429382324, 955.092529297, 1126.94250488, 1680.27722168, 1851.97473145, 1639.73144531, 1035.84472656, 2127.22265625, 1291.57263184, 942.505249023, 877.732971191, 2123.51635742, 1474.56152344, 494.676086426, 298.049194336, 597.268249512, 326.637878418, 185.756484985, 146.962219238, 94.7615127563, 69.1095275879, 57.725944519, 49.2299880981, 42.9297065735, 40.8309593201, 59.0963859558, 44.2659645081, 23.3779182434, 8.32899856567, 2.50872039795, 0.399664729834, 0.0335837081075, 0.0015419931151, 1.46734214468e-06, 4.27281987569e-09]
    },
    "gfcc": {
        "mean": [7.27844333649, 108.89289856, -76.5242156982, 25.2848167419, -51.6440429688, 24.395652771, -38.124671936, 16.8089733124, -15.5922307968, 2.1920030117, -5.89516639709, 9.2851524353, -11.0187187195],
        "cov": [[4979.77294922, -1064.38623047, -473.744689941, 311.28793335, -275.901641846, 171.18309021, -215.662582397, 25.3177070618, -155.640716553, 243.795928955, -272.396789551, -72.9464187622, -162.635360718], [-1064.38623047, 1593.73779297, -63.558555603, -353.640899658, 183.915252686, -210.9974823, 194.728927612, -54.5294952393, 201.113830566, -168.642654419, 142.3175354, -34.0506439209, 54.6521148682], [-473.744689941, -63.558555603, 811.697875977, 163.562042236, 128.060134888, 131.079421997, 36.4916381836, 147.278045654, 88.42527771, 47.1990585327, 54.6700057983, 74.8120193481, 65.9041137695], [311.28793335, -353.640899658, 163.562042236, 524.54675293, 116.464431763, 81.1226959229, -1.66519141197, -14.2492017746, 38.0785255432, 33.0461273193, -13.3048763275, -11.47706604, 60.2242240906], [-275.901641846, 183.915252686, 128.060134888, 116.464431763, 333.31640625, 36.8493919373, 2.49699902534, 12.4989614487, 104.6823349, 19.3516349792, 86.8992462158, 22.1394996643, 30.6987323761], [171.18309021, -210.9974823, 131.079421997, 81.1226959229, 36.8493919373, 192.578048706, 27.7034721375, 58.9635925293, 4.5218744278, 40.0256614685, 23.9942836761, 10.6303510666, 2.56987142563], [-215.662582397, 194.728927612, 36.4916381836, -1.66519141197, 2.49699902534, 27.7034721375, 247.096725464, 63.9430618286, 21.2994689941, -28.7406425476, 12.0947751999, -4.27604579926, 34.3363800049], [25.3177070618, -54.5294952393, 147.278045654, -14.2492017746, 12.4989614487, 58.9635925293, 63.9430618286, 190.674942017, 42.476474762, 8.21452522278, 51.7255935669, 32.8977355957, 20.1061229706], [-155.640716553, 201.113830566, 88.42527771, 38.0785255432, 104.6823349, 4.5218744278, 21.2994689941, 42.476474762, 178.654602051, 25.7829437256, 55.583278656, 20.6512031555, 20.7347011566], [243.795928955, -168.642654419, 47.1990585327, 33.0461273193, 19.3516349792, 40.0256614685, -28.7406425476, 8.21452522278, 25.7829437256, 133.571685791, -10.4875164032, 0.202388957143, -6.46551942825], [-272.396789551, 142.3175354, 54.6700057983, -13.3048763275, 86.8992462158, 23.9942836761, 12.0947751999, 51.7255935669, 55.583278656, -10.4875164032, 173.885177612, 49.275806427, 16.7818622589], [-72.9464187622, -34.0506439209, 74.8120193481, -11.47706604, 22.1394996643, 10.6303510666, -4.27604579926, 32.8977355957, 20.6512031555, 0.202388957143, 49.275806427, 96.7568893433, 22.3389472961], [-162.635360718, 54.6521148682, 65.9041137695, 60.2242240906, 30.6987323761, 2.56987142563, 34.3363800049, 20.1061229706, 20.7347011566, -6.46551942825, 16.7818622589, 22.3389472961, 93.0345306396]],
        "icov": [[0.000375754403649, -0.0002624457411, 0.000405926897656, -0.000595654593781, 0.00031200030935, -0.000458297232399, 0.000448085629614, -0.000719888252206, 0.000391996029066, -0.000773339881562, 0.000627156114206, -0.000507727090735, 0.000676655268762], [-0.0002624457411, 0.00278474879451, -0.00074996514013, 0.00261470628902, -0.00139433774166, 0.00205289246514, -0.00214166473597, 0.00257783895358, -0.00305653759278, 0.00291385734454, -0.00192769698333, 0.00290394993499, -0.00208511482924], [0.000405926897656, -0.00074996514013, 0.0023058927618, -0.00135910511017, 0.000198925510631, -0.00147123739589, 0.000940325495321, -0.00218202848919, 0.000633200048469, -0.00141046463978, 0.0013172919862, -0.0019161690725, 0.00047936354531], [-0.000595654593781, 0.00261470628902, -0.00135910511017, 0.00538055878133, -0.0021460657008, 0.00114496413153, -0.0020173296798, 0.00356946466491, -0.00319605786353, 0.00313221849501, -0.00168397766538, 0.00370321283117, -0.00410330621526], [0.00031200030935, -0.00139433774166, 0.000198925510631, -0.0021460657008, 0.00526774488389, -0.00152523547877, 0.00130767456722, -0.000615978322458, -0.000359263154678, -0.00179136556108, -0.000660623190925, -0.00123415619601, 0.000938306911848], [-0.000458297232399, 0.00205289246514, -0.00147123739589, 0.00114496413153, -0.00152523547877, 0.00895886402577, -0.00255826860666, 0.000587569200434, -0.000870653952006, 0.000549812277313, -0.00262185093015, 0.00233489111997, -0.000488512217999], [0.000448085629614, -0.00214166473597, 0.000940325495321, -0.0020173296798, 0.00130767456722, -0.00255826860666, 0.00679935654625, -0.0038282983005, 0.00184540450573, -0.00126933481079, 0.00205131387338, -0.00125004607253, 6.88811051077e-05], [-0.000719888252206, 0.00257783895358, -0.00218202848919, 0.00356946466491, -0.000615978322458, 0.000587569200434, -0.0038282983005, 0.0109435319901, -0.00418862747028, 0.00323247839697, -0.00384065927938, 0.00219213753007, -0.00297821220011], [0.000391996029066, -0.00305653759278, 0.000633200048469, -0.00319605786353, -0.000359263154678, -0.000870653952006, 0.00184540450573, -0.00418862747028, 0.0113328620791, -0.00504406960681, 0.000894919445273, -0.00334489811212, 0.00223330268636], [-0.000773339881562, 0.00291385734454, -0.00141046463978, 0.00313221849501, -0.00179136556108, 0.000549812277313, -0.00126933481079, 0.00323247839697, -0.00504406960681, 0.0126767605543, -0.00131752935704, 0.00335286767222, -0.00230848952197], [0.000627156114206, -0.00192769698333, 0.0013172919862, -0.00168397766538, -0.000660623190925, -0.00262185093015, 0.00205131387338, -0.00384065927938, 0.000894919445273, -0.00131752935704, 0.0104850577191, -0.00555494567379, 0.00190052448306], [-0.000507727090735, 0.00290394993499, -0.0019161690725, 0.00370321283117, -0.00123415619601, 0.00233489111997, -0.00125004607253, 0.00219213753007, -0.00334489811212, 0.00335286767222, -0.00555494567379, 0.0168984979391, -0.00538000836968], [0.000676655268762, -0.00208511482924, 0.00047936354531, -0.00410330621526, 0.000938306911848, -0.000488512217999, 6.88811051077e-05, -0.00297821220011, 0.00223330268636, -0.00230848952197, 0.00190052448306, -0.00538000836968, 0.0160859953612]]
    },
    "melbands": {
        "dmean": [0.0061811376363, 0.0039192000404, 0.00178904482163, 0.000559179286938, 0.000536377483513, 0.000417775969254, 0.000294450786896, 0.00019891228294, 0.000162947530043, 9.1581910965e-05, 7.90964622865e-05, 7.02151155565e-05, 5.31962068635e-05, 4.56954039691e-05, 5.36934567208e-05, 5.13603336003e-05, 2.83731314994e-05, 2.08931214729e-05, 1.3917870092e-05, 1.4033043044e-05, 1.56371243065e-05, 1.17923991638e-05, 7.3638016147e-06, 6.37380435364e-06, 5.34183527634e-06, 4.11961809732e-06, 3.695286523e-06, 2.75765296465e-06, 2.71620683634e-06, 2.08642359212e-06, 2.03215063266e-06, 2.00394993044e-06, 1.75906814093e-06, 1.88023523151e-06, 2.08552614822e-06, 2.09710674426e-06, 1.78778520876e-06, 1.61990283232e-06, 1.40081306199e-06, 1.10051553293e-06],
        "dmean2": [0.00930058676749, 0.00606968067586, 0.00294810417108, 0.000928243331145, 0.000884342065547, 0.000670228444505, 0.000452472071629, 0.000295187608572, 0.000239812245127, 0.000134958914714, 0.000124137353851, 0.000116389841423, 8.76760750543e-05, 7.6614356658e-05, 9.11216193344e-05, 8.69616342243e-05, 4.82878895127e-05, 3.5877659684e-05, 2.35899133258e-05, 2.38112497755e-05, 2.65412036242e-05, 2.00304330065e-05, 1.23361432998e-05, 1.082635481e-05, 8.87324313226e-06, 6.86304429109e-06, 6.23344431006e-06, 4.65697758045e-06, 4.56963971374e-06, 3.46974866261e-06, 3.36090397468e-06, 3.26163694808e-06, 2.79221308119e-06, 2.98424242828e-06, 3.3367055039e-06, 3.270299203e-06, 2.80720837509e-06, 2.50238531407e-06, 2.20232891479e-06, 1.73246883151e-06],
        "dvar": [9.60051474976e-05, 5.13059967489e-05, 1.34561105369e-05, 7.89706859905e-07, 5.67915378724e-07, 3.35395441198e-07, 1.86290677107e-07, 1.07845572472e-07, 6.15019715156e-08, 1.72982534963e-08, 1.7255963769e-08, 1.34307631683e-08, 8.34965252494e-09, 6.78219125305e-09, 9.36171229426e-09, 1.03738448942e-08, 4.16721546159e-09, 1.82639259272e-09, 7.62114427122e-10, 8.72443284283e-10, 1.01821628906e-09, 4.17676032649e-10, 2.47475595572e-10, 1.81103909647e-10, 1.06525531451e-10, 6.52128559486e-11, 6.00787961047e-11, 3.09362431505e-11, 3.2922015808e-11, 1.80885272039e-11, 1.7231051655e-11, 1.63094659306e-11, 9.24476554337e-12, 1.09334251722e-11, 1.2656490439e-11, 1.34915776467e-11, 9.0462116964e-12, 7.98333881641e-12, 6.62110687458e-12, 3.71877615507e-12],
        "dvar2": [0.000223109440412, 0.000130433094455, 3.32191557391e-05, 2.09601330425e-06, 1.46080242303e-06, 8.33379431242e-07, 4.21493211888e-07, 2.29081436487e-07, 1.38059704113e-07, 4.07100095856e-08, 4.05612077259e-08, 3.32996457075e-08, 2.16567617173e-08, 1.75355836518e-08, 2.48537670444e-08, 2.79868856978e-08, 1.12522604567e-08, 4.84249662591e-09, 2.03882266625e-09, 2.29163998888e-09, 2.61280930225e-09, 1.08318842784e-09, 6.62106980354e-10, 4.81831852195e-10, 2.75278799755e-10, 1.71418990114e-10, 1.57590690497e-10, 7.71781041853e-11, 8.4834729519e-11, 4.55357383744e-11, 4.21757836988e-11, 4.05503755574e-11, 2.15739179993e-11, 2.53649289073e-11, 2.75685620166e-11, 2.93505844629e-11, 1.94742919707e-11, 1.88454408329e-11, 1.60732920029e-11, 8.51366633442e-12],
        "max": [0.0841071903706, 0.0707122981548, 0.0273865610361, 0.0077872928232, 0.00693370494992, 0.00645373715088, 0.00664003239945, 0.00402950216085, 0.00285465992056, 0.00120556948241, 0.00174812425394, 0.00132512534037, 0.00112247455399, 0.000803398143034, 0.000767504272517, 0.000939304940403, 0.000865704088937, 0.000431162101449, 0.000222697082791, 0.000234062128584, 0.000256960192928, 0.000161974603543, 0.000244408904109, 0.000123770019854, 9.31873510126e-05, 6.64511899231e-05, 6.58567223581e-05, 5.00567512063e-05, 4.14917922171e-05, 4.1330284148e-05, 3.95033312088e-05, 4.35939437011e-05, 2.87862603727e-05, 3.85377425118e-05, 4.17786250182e-05, 3.65893974958e-05, 2.94681613013e-05, 2.28363333008e-05, 2.58197251242e-05, 1.68415117514e-05],
        "mean": [0.012693490833, 0.00744573073462, 0.00192394945771, 0.000747516285628, 0.000849742325954, 0.000699391821399, 0.00046956515871, 0.00029449124122, 0.000267667055596, 0.000151275744429, 0.000133590045152, 9.86884333543e-05, 7.10499152774e-05, 5.7506858866e-05, 5.89385454077e-05, 5.68351715629e-05, 3.12134761771e-05, 1.97221343115e-05, 1.33302573886e-05, 1.31006981974e-05, 1.57645717991e-05, 1.37665938382e-05, 8.27515668789e-06, 6.70333156449e-06, 5.39367783858e-06, 4.09153381042e-06, 3.32610215992e-06, 2.51630376624e-06, 2.35498305301e-06, 1.92202151084e-06, 1.90969058167e-06, 1.95256507141e-06, 1.96115183826e-06, 2.12254121834e-06, 2.49423464993e-06, 2.5293318231e-06, 2.21412688006e-06, 1.93054324882e-06, 1.6176572899e-06, 1.23890436043e-06],
        "median": [0.00766283553094, 0.00346665969118, 0.000800445093773, 0.000401931640226, 0.000568601302803, 0.000460042239865, 0.000251563178608, 0.000147502418258, 0.000133987399749, 6.70759545756e-05, 4.62415046059e-05, 4.18425806856e-05, 3.0768718716e-05, 2.0947860321e-05, 1.92993848032e-05, 1.2909968973e-05, 1.01439500213e-05, 5.55537462787e-06, 3.94855578634e-06, 4.00234875997e-06, 4.85289638164e-06, 6.38248320683e-06, 3.52636425305e-06, 2.48433843808e-06, 1.81551172318e-06, 1.30890452965e-06, 7.75124021857e-07, 4.63334004053e-07, 3.36644319532e-07, 3.09594071268e-07, 3.65218369325e-07, 4.02182507742e-07, 5.3513150533e-07, 5.93498441503e-07, 6.42841882836e-07, 5.30681575128e-07, 4.85054783894e-07, 4.500409716e-07, 3.35705209409e-07, 2.24625793521e-07],
        "min": [5.49619784722e-24, 1.37121443376e-23, 1.08953642254e-23, 2.97104896201e-24, 1.56563015049e-23, 2.81279589136e-23, 1.19195715265e-23, 5.44253676743e-24, 6.48662849094e-24, 9.21676682668e-24, 1.76007789496e-23, 8.93322497379e-24, 6.37544130736e-24, 1.27796097735e-23, 1.35703166132e-23, 9.21805661426e-24, 7.10227644619e-24, 1.09474550775e-23, 1.59413469266e-23, 6.67822268887e-24, 8.01023483772e-24, 1.73056013984e-23, 1.34279303752e-23, 1.28199915632e-23, 8.41936729102e-24, 6.13991268461e-24, 9.0213549364e-24, 1.12550106452e-23, 7.26688884014e-24, 8.77890090376e-24, 1.15977186437e-23, 1.12051254482e-23, 1.5219110058e-23, 1.10080332842e-23, 8.802912252e-24, 1.27591609211e-23, 8.04503149225e-24, 6.93718836911e-24, 9.66842992682e-24, 7.70776268969e-24],
        "stdev": [0.0145643856376, 0.00935298856348, 0.00351819396019, 0.000922558188904, 0.000907369889319, 0.000718486960977, 0.0006069149822, 0.000422624958446, 0.000363930506865, 0.000197829009267, 0.000227196214837, 0.000141603653901, 0.000103884784039, 9.244485409e-05, 9.81948614935e-05, 0.000111879759061, 6.72033784213e-05, 3.93491136492e-05, 2.51603451034e-05, 2.68304120254e-05, 3.01882191707e-05, 2.02137998713e-05, 1.43400193338e-05, 1.21975599541e-05, 9.86095528788e-06, 7.49166383684e-06, 6.96801089362e-06, 5.29798262505e-06, 5.26746089236e-06, 4.0574814193e-06, 3.9969095269e-06, 4.00205772166e-06, 3.44054024026e-06, 3.78736126549e-06, 4.3881923375e-06, 4.72621422887e-06, 3.97113808503e-06, 3.52611664312e-06, 2.98142776956e-06, 2.34390995502e-06],
        "var": [0.000212121318327, 8.74784018379e-05, 1.23776890177e-05, 8.51113611589e-07, 8.23320135623e-07, 5.16223508384e-07, 3.68345808965e-07, 1.78611855972e-07, 1.3244540753e-07, 3.9136317298e-08, 5.16181195565e-08, 2.00515959392e-08, 1.07920490322e-08, 8.546050978e-09, 9.64223101363e-09, 1.25170807053e-08, 4.51629400544e-09, 1.5483526683e-09, 6.33043006903e-10, 7.19871051658e-10, 9.11328568165e-10, 4.08597711221e-10, 2.05636160877e-10, 1.48780474052e-10, 9.72384395226e-11, 5.61250247666e-11, 4.85531753691e-11, 2.80686203447e-11, 2.77461421894e-11, 1.64631537569e-11, 1.59752870654e-11, 1.60164641966e-11, 1.18373175845e-11, 1.43441048969e-11, 1.92562337603e-11, 2.23371026536e-11, 1.57699374392e-11, 1.24334986751e-11, 8.8889113084e-12, 5.49391435123e-12]
    },
    "melbands128": {
