{
"lowlevel": {
    "average_loudness": 0.983898162842,
    "barkbands_crest": {
        "dmean": 3.60843777657,
        "dmean2": 6.0302066803,
        "dvar": 9.44870758057,
        "dvar2": 23.5658912659,
        "max": 23.9361801147,
        "mean": 10.6393957138,
        "median": 9.91822910309,
        "min": 2.73128819466,
        "stdev": 4.20607089996,
        "var": 17.6910324097
    },
    "barkbands_flatness_db": {
        "dmean": 0.0311509184539,
        "dmean2": 0.047035343945,
        "dvar": 0.000754180829972,
        "dvar2": 0.00176878739148,
        "max": 0.303306430578,
        "mean": 0.132502645254,
        "median": 0.128380820155,
        "min": 0.0225806068629,
        "stdev": 0.0446140654385,
        "var": 0.00199041469023
    },
    "barkbands_kurtosis": {
        "dmean": 3.95298480988,
        "dmean2": 6.23698425293,
        "dvar": 31.8233146667,
        "dvar2": 73.9201202393,
        "max": 59.0517883301,
        "mean": 4.10814666748,
        "median": 1.86375045776,
        "min": -1.89759552479,
        "stdev": 7.06264066696,
        "var": 49.8808898926
    },
    "barkbands_skewness": {
        "dmean": 0.85063958168,
        "dmean2": 1.27782177925,
        "dvar": 0.619293928146,
        "dvar2": 1.37433314323,
        "max": 6.51398992538,
        "mean": 1.52962172031,
        "median": 1.4306871891,
        "min": -3.46429991722,
        "stdev": 1.30183744431,
        "var": 1.69478082657
    },
    "barkbands_spread": {
        "dmean": 11.495759964,
        "dmean2": 18.1003036499,
        "dvar": 205.810760498,
        "dvar2": 473.306945801,
        "max": 112.63318634,
        "mean": 26.7917327881,
        "median": 21.8296356201,
        "min": 1.96837246418,
        "stdev": 18.633682251,
        "var": 347.214141846
    },
    "dissonance": {
        "dmean": 0.0249807462096,
        "dmean2": 0.0416903272271,
        "dvar": 0.0007433044957,
        "dvar2": 0.00190450553782,
        "max": 0.499975681305,
        "mean": 0.457772165537,
        "median": 0.466348022223,
        "min": 0.172732755542,
        "stdev": 0.0346455350518,
        "var": 0.00120031321421
    },
    "dynamic_complexity": 1.90463519096,
    "erbbands_crest": {
        "dmean": 3.18513941765,
        "dmean2": 5.31695842743,
        "dvar": 8.02723026276,
        "dvar2": 22.0325317383,
        "max": 25.0329647064,
        "mean": 8.45287036896,
        "median": 7.60710096359,
        "min": 2.33996796608,
        "stdev": 3.71582555771,
        "var": 13.8073596954
    },
    "erbbands_flatness_db": {
        "dmean": 0.0250648260117,
        "dmean2": 0.0366373360157,
        "dvar": 0.000547276518773,
        "dvar2": 0.00107439944986,
        "max": 0.302906125784,
        "mean": 0.150059327483,
        "median": 0.141579478979,
        "min": 0.0543399974704,
        "stdev": 0.0448997169733,
        "var": 0.00201598461717
    },
    "erbbands_kurtosis": {
        "dmean": 1.52801072598,
        "dmean2": 2.41317915916,
        "dvar": 4.35285902023,
        "dvar2": 10.3706102371,
        "max": 25.255065918,
        "mean": 0.829605340958,
        "median": -0.0141050815582,
        "min": -1.73402047157,
        "stdev": 2.59800720215,
        "var": 6.74964189529
    },
    "erbbands_skewness": {
        "dmean": 0.588024556637,
        "dmean2": 0.895108222961,
        "dvar": 0.310349136591,
        "dvar2": 0.662077188492,
        "max": 3.5446870327,
        "mean": 0.195226877928,
        "median": 0.289100944996,
        "min": -4.01074504852,
        "stdev": 0.993641495705,
        "var": 0.987323462963
    },
    "erbbands_spread": {
        "dmean": 14.3936166763,
        "dmean2": 21.5571861267,
        "dvar": 199.790267944,
        "dvar2": 472.943450928,
        "max": 141.247375488,
        "mean": 44.2749557495,
        "median": 42.1271972656,
        "min": 6.22952222824,
        "stdev": 21.6035346985,
        "var": 466.712677002
    },
    "hfc": {
        "dmean": 21.6358737946,
        "dmean2": 32.2113990784,
        "dvar": 1167.21398926,
        "dvar2": 2589.44897461,
        "max": 349.760925293,
        "mean": 36.1107292175,
        "median": 23.7875900269,
        "min": 1.24493368872e-16,
        "stdev": 40.6241416931,
        "var": 1650.32080078
    },
    "loudness_ebu128": {
        "integrated": -6.62765645981,
        "loudness_range": 0.864366054535,
        "momentary": {
            "dmean": 0.537523090839,
            "dmean2": 0.755303621292,
            "dvar": 0.211572319269,
            "dvar2": 0.331519275904,
            "max": -5.20067596436,
            "mean": -6.76244592667,
            "median": -6.46943664551,
            "min": -13.0735206604,
            "stdev": 1.18462240696,
            "var": 1.40333032608
        },
        "short_term": {
            "dmean": 0.0718218535185,
            "dmean2": 0.0934696048498,
            "dvar": 0.00247910851613,
            "dvar2": 0.00510185956955,
            "max": -6.01692056656,
            "mean": -6.59384727478,
            "median": -6.5473279953,
            "min": -7.48698711395,
            "stdev": 0.314992308617,
            "var": 0.0992201566696
        }
    },
    "melbands_crest": {
        "dmean": 4.44729804993,
        "dmean2": 7.21685791016,
        "dvar": 13.1045179367,
        "dvar2": 33.3249206543,
        "max": 34.5422592163,
        "mean": 15.6478528976,
        "median": 15.3829393387,
        "min": 2.28668546677,
        "stdev": 5.76935911179,
        "var": 33.2855033875
    },
    "melbands_flatness_db": {
        "dmean": 0.0397483892739,
        "dmean2": 0.0585737265646,
        "dvar": 0.0013862621272,
        "dvar2": 0.00301521946676,
        "max": 0.402355194092,
        "mean": 0.187460184097,
        "median": 0.183211565018,
        "min": 0.00592016195878,
        "stdev": 0.0655442997813,
        "var": 0.00429605552927
    },
    "melbands_kurtosis": {
        "dmean": 11.570482254,
        "dmean2": 18.2313499451,
        "dvar": 343.502532959,
        "dvar2": 836.334838867,
        "max": 211.422988892,
        "mean": 15.9431629181,
        "median": 8.84877967834,
        "min": -1.90752971172,
        "stdev": 22.5212364197,
        "var": 507.206115723
    },
    "melbands_skewness": {
        "dmean": 1.17176032066,
        "dmean2": 1.76129877567,
        "dvar": 1.33884215355,
        "dvar2": 3.16153764725,
        "max": 12.6719446182,
        "mean": 2.90720796585,
        "median": 2.63375234604,
        "min": -0.906770527363,
        "stdev": 1.88114440441,
        "var": 3.53870415688
    },
    "melbands_spread": {
        "dmean": 15.6147098541,
        "dmean2": 24.4988002777,
        "dvar": 596.149841309,
        "dvar2": 1273.41101074,
        "max": 284.062988281,
        "mean": 29.3465023041,
        "median": 20.2524642944,
        "min": 1.41210711002,
        "stdev": 31.2094669342,
        "var": 974.030822754
    },
    "pitch_salience": {
        "dmean": 0.100534714758,
        "dmean2": 0.160217195749,
        "dvar": 0.00694604031742,
        "dvar2": 0.0177216436714,
        "max": 0.849901735783,
        "mean": 0.533948123455,
        "median": 0.531430363655,
        "min": 0.186044037342,
        "stdev": 0.129072517157,
        "var": 0.0166597161442
    },
    "silence_rate_20dB": {
        "dmean": 0,
        "dmean2": 0,
        "dvar": 0,
        "dvar2": 0,
        "max": 1,
        "mean": 1,
        "median": 1,
        "min": 1,
        "stdev": 0,
        "var": 0
    },
    "silence_rate_30dB": {
        "dmean": 0.00928792543709,
        "dmean2": 0.018590239808,
        "dvar": 0.0092016030103,
        "dvar2": 0.0275395251811,
        "max": 1,
        "mean": 0.99535959959,
        "median": 1,
        "min": 0,
        "stdev": 0.0679619684815,
        "var": 0.00461882958189
    },
    "silence_rate_60dB": {
        "dmean": 0.0193498451263,
        "dmean2": 0.0387296676636,
        "dvar": 0.0189750753343,
        "dvar2": 0.0449750721455,
        "max": 1,
        "mean": 0.0286156218499,
        "median": 0,
        "min": 0,
        "stdev": 0.166723802686,
        "var": 0.027796825394
    },
    "spectral_centroid": {
        "dmean": 489.805480957,
        "dmean2": 734.600769043,
        "dvar": 356962.46875,
        "dvar2": 689558.6875,
        "max": 11077.2363281,
        "mean": 1592.98095703,
        "median": 1372.52478027,
        "min": 270.267791748,
        "stdev": 896.005981445,
        "var": 802826.75
    },
    "spectral_complexity": {
        "dmean": 6.82352924347,
        "dmean2": 9.96359443665,
        "dvar": 51.0417900085,
        "dvar2": 100.383766174,
        "max": 55,
        "mean": 20.494972229,
        "median": 19,
        "min": 0,
        "stdev": 10.6648035049,
        "var": 113.738037109
    },
    "spectral_decrease": {
        "dmean": 3.4071212518e-09,
        "dmean2": 4.78515049807e-09,
        "dvar": 1.2999435321e-17,
        "dvar2": 2.54807511761e-17,
        "max": 9.53130451674e-29,
        "mean": -9.17936304745e-09,
        "median": -7.91757415186e-09,
        "min": -3.47267530287e-08,
        "stdev": 6.82788492412e-09,
        "var": 4.66200118201e-17
    },
    "spectral_energy": {
        "dmean": 0.0135779082775,
        "dmean2": 0.0192898306996,
        "dvar": 0.000196443041204,
        "dvar2": 0.000373415648937,
        "max": 0.137380287051,
        "mean": 0.0379203781486,
        "median": 0.0328625664115,
        "min": 1.09321821498e-20,
        "stdev": 0.0269137751311,
        "var": 0.000724351266399
    },
    "spectral_energyband_high": {
        "dmean": 0.00224374979734,
        "dmean2": 0.00343174464069,
        "dvar": 1.83211923286e-05,
        "dvar2": 4.02425321226e-05,
        "max": 0.0389111973345,
        "mean": 0.00267930445261,
        "median": 0.000783380877692,
        "min": 8.33746924121e-21,
        "stdev": 0.00489849876612,
        "var": 2.39952896663e-05
    },
    "spectral_energyband_low": {
        "dmean": 0.00842205621302,
        "dmean2": 0.0120497653261,
        "dvar": 0.000186271819985,
        "dvar2": 0.000384881510399,
        "max": 0.122627906501,
        "mean": 0.0177529528737,
        "median": 0.00837225094438,
        "min": 4.61583720226e-23,
        "stdev": 0.0230906829238,
        "var": 0.000533179671038
    },
    "spectral_energyband_middle_high": {
        "dmean": 0.0031900499016,
        "dmean2": 0.004941964522,
        "dvar": 1.13966325443e-05,
        "dvar2": 2.74125250144e-05,
        "max": 0.0292280819267,
        "mean": 0.00599843123928,
        "median": 0.00495049962774,
        "min": 1.38773472097e-21,
        "stdev": 0.00476703466848,
        "var": 2.27246182476e-05
    },
    "spectral_energyband_middle_low": {
        "dmean": 0.00712884636596,
        "dmean2": 0.0107632353902,
        "dvar": 6.986605149e-05,
        "dvar2": 0.000147179918713,
        "max": 0.0772271081805,
        "mean": 0.0124899335206,
        "median": 0.00888333003968,
        "min": 2.62586173146e-22,
        "stdev": 0.0114070633426,
        "var": 0.000130121101392
    },
    "spectral_entropy": {
        "dmean": 0.252301961184,
        "dmean2": 0.362782657146,
        "dvar": 0.0686424300075,
        "dvar2": 0.128218799829,
        "max": 9.80778598785,
        "mean": 7.70984458923,
        "median": 7.70198249817,
        "min": 6.1912856102,
        "stdev": 0.453033149242,
        "var": 0.20523904264
    },
    "spectral_flux": {
        "dmean": 0.0362321026623,
        "dmean2": 0.0562683269382,
        "dvar": 0.00107992568519,
        "dvar2": 0.00232886266895,
        "max": 0.295686930418,
        "mean": 0.117144599557,
        "median": 0.111724384129,
        "min": 1.04557078273e-10,
        "stdev": 0.0508030317724,
        "var": 0.002580948174
    },
    "spectral_kurtosis": {
        "dmean": 1.45565497875,
        "dmean2": 2.21068096161,
        "dvar": 2.70101475716,
        "dvar2": 6.21108341217,
        "max": 19.5936203003,
        "mean": 3.24624752998,
        "median": 2.68238067627,
        "min": -1.20563364029,
        "stdev": 2.6659154892,
        "var": 7.10710525513
    },
    "spectral_rms": {
        "dmean": 0.00114873924758,
        "dmean2": 0.00161083461717,
        "dvar": 1.18436128105e-06,
        "dvar2": 2.10704024539e-06,
        "max": 0.0115771126002,
        "mean": 0.00564698548988,
        "median": 0.00566224707291,
        "min": 3.26581448516e-12,
        "stdev": 0.00225989334285,
        "var": 5.10711788593e-06
    },
    "spectral_rolloff": {
        "dmean": 1139.77832031,
        "dmean2": 1927.63134766,
        "dvar": 3349652.25,
        "dvar2": 6699854.5,
        "max": 18863.0859375,
        "mean": 2071.72070312,
        "median": 1119.7265625,
        "min": 64.599609375,
        "stdev": 2331.02392578,
        "var": 5433673
    },
    "spectral_skewness": {
        "dmean": 0.281520396471,
        "dmean2": 0.408558040857,
        "dvar": 0.0779748186469,
        "dvar2": 0.167368367314,
        "max": 3.44624137878,
        "mean": 1.3528547287,
        "median": 1.34376680851,
        "min": -0.335504710674,
        "stdev": 0.493784755468,
        "var": 0.243823394179
    },
    "spectral_spread": {
        "dmean": 952705.875,
        "dmean2": 1299611.125,
        "dvar": 2.20823945216e+12,
        "dvar2": 3.16066758656e+12,
        "max": 41015444,
        "mean": 5429079.5,
        "median": 5092649,
        "min": 1581134,
        "stdev": 2061246.25,
        "var": 4.24873610445e+12
    },
    "spectral_strongpeak": {
        "dmean": 0.494252294302,
        "dmean2": 0.849325418472,
        "dvar": 0.576050519943,
        "dvar2": 1.59889602661,
        "max": 9.67179775238,
        "mean": 0.7790402174,
        "median": 0.586857438087,
        "min": 0,
        "stdev": 0.731768846512,
        "var": 0.535485684872
    },
    "zerocrossingrate": {
        "dmean": 0.0207077357918,
        "dmean2": 0.0232801605016,
        "dvar": 0.000827712821774,
        "dvar2": 0.000965500483289,
        "max": 0.51806640625,
        "mean": 0.0748486444354,
        "median": 0.060546875,
        "min": 0.00244140625,
        "stdev": 0.0534497797489,
        "var": 0.00285687902942
    },
    "barkbands": {
        "dmean": [0.000962472287938, 0.00591622013599, 0.00328155606985, 0.00161138130352, 0.00328981806524, 0.00129416410346, 0.00194478500634, 0.0012920491863, 0.0010305410251, 0.000802592898253, 0.000541968329344, 0.000638161203824, 0.000380947312806, 0.000376771029551, 0.000418633921072, 0.000406858685892, 0.00046111541451, 0.000375498522772, 0.000386719912058, 0.000303990906104, 0.000419006624725, 0.000471720006317, 0.000494469364639, 0.000429564766819, 0.000339101272402, 0.000128778716316, 4.7094204092e-06],
        "dmean2": [0.00135503185447, 0.00876303948462, 0.00523006729782, 0.00249957642518, 0.00508295698091, 0.00220167799853, 0.00332491984591, 0.00218984414823, 0.00168031651992, 0.00127684196923, 0.000853111909237, 0.0010218169773, 0.000626891909633, 0.000595500867348, 0.000670926936436, 0.000675473478623, 0.000771794933826, 0.000654941773973, 0.000620985869318, 0.00048698115279, 0.000700762495399, 0.000730117026251, 0.000745181168895, 0.000672379333992, 0.000525673967786, 0.000199930072995, 7.46566729504e-06],
        "dvar": [5.87285785514e-06, 0.000149335464812, 3.32353229169e-05, 1.07295754788e-05, 2.91470023512e-05, 9.03714499145e-06, 1.74399629032e-05, 6.49320054436e-06, 4.0705790525e-06, 2.7441135444e-06, 9.27991152366e-07, 1.20983645502e-06, 6.75478133871e-07, 6.45287002499e-07, 5.60357761969e-07, 5.82460643272e-07, 7.88795091466e-07, 6.69560222377e-07, 5.80353400892e-07, 2.11419589391e-07, 8.56973372265e-07, 8.20849777483e-07, 1.07091977952e-06, 1.26203610762e-06, 7.09741925675e-07, 8.20241083943e-08, 1.98455821221e-10],
        "dvar2": [1.01092991827e-05, 0.000321060040733, 8.79457656993e-05, 2.44884049607e-05, 6.10775023233e-05, 2.38774773607e-05, 4.7261659347e-05, 1.58626171469e-05, 1.04364653453e-05, 6.81682240611e-06, 2.23829215429e-06, 3.04828699882e-06, 1.66872337104e-06, 1.58781051596e-06, 1.35095217502e-06, 1.49396657889e-06, 2.15045747609e-06, 1.84485304544e-06, 1.30009334498e-06, 5.12960411925e-07, 2.28062822316e-06, 1.75123250301e-06, 2.25290341405e-06, 3.01795739688e-06, 1.65939013641e-06, 1.87341171909e-07, 4.63143884355e-10],
        "max": [0.0238013006747, 0.118238285184, 0.0549119785428, 0.02850105986, 0.0705608874559, 0.039977800101, 0.0521972775459, 0.0296618901193, 0.0221629533917, 0.0162333529443, 0.0134081924334, 0.012200708501, 0.0109953088686, 0.0120124071836, 0.00805422198027, 0.00950776226819, 0.00943351909518, 0.00622068345547, 0.0192515030503, 0.0049837231636, 0.00730641977862, 0.00777601543814, 0.0143850548193, 0.0190987158567, 0.0111837899312, 0.0022175910417, 0.000183391399332],
        "mean": [0.00110510131344, 0.0100498097017, 0.00571625586599, 0.00200535682961, 0.00412483280525, 0.00138501031324, 0.0021450065542, 0.00141578738112, 0.00120172218885, 0.000989712309092, 0.000778152490966, 0.000896711542737, 0.000408106541727, 0.000438632298028, 0.000460262963315, 0.000471128849313, 0.000545402988791, 0.000371691712644, 0.000488133635372, 0.000390074012103, 0.000400634453399, 0.000575296522584, 0.000598344544414, 0.000483337935293, 0.000344022322679, 0.000127512743347, 4.38041934103e-06],
        "median": [5.64868678339e-05, 0.00116571772378, 0.0024369135499, 0.000474498083349, 0.00173528899904, 0.000416066934122, 0.000844715686981, 0.000313726544846, 0.000432226486737, 0.000224681411055, 0.000348347995896, 0.000433923851233, 0.000108272375655, 0.000137474999065, 0.000121474942716, 0.000157396221766, 0.000247775722528, 0.000141677781357, 0.000203571253223, 0.000188397287275, 9.53082126216e-05, 0.000206009222893, 0.000141750904731, 0.000107579224277, 4.85840610054e-05, 1.65248184203e-05, 2.88703915885e-07],
        "min": [6.76545966093e-24, 2.27534890094e-23, 1.20335382615e-23, 1.1928376003e-23, 3.41266591853e-23, 2.45143227908e-23, 3.82934666629e-23, 4.60494745078e-23, 7.83252545947e-23, 1.36252951696e-22, 7.9367257809e-23, 1.59845635669e-22, 5.49799258466e-23, 9.45379870277e-23, 2.12436228052e-22, 5.41227117217e-23, 1.10666986609e-22, 1.66477115983e-22, 2.0610315173e-22, 3.2862910326e-22, 4.13326056806e-22, 5.56216458915e-22, 6.40715301088e-22, 8.77604601615e-22, 1.26916001595e-21, 1.93862357937e-21, 2.64500128931e-21],
        "stdev": [0.00316561292857, 0.0174443852156, 0.00771777238697, 0.00391123769805, 0.00647340156138, 0.00285510253161, 0.00397231290117, 0.00285284360871, 0.00211982429028, 0.00202312693, 0.00121662311722, 0.00122252304573, 0.000890341238119, 0.00085148907965, 0.000874187797308, 0.000865865498781, 0.00087089149747, 0.000726926431525, 0.000984445330687, 0.000526346091647, 0.000837314757518, 0.00103887496516, 0.00121387152467, 0.00118240981828, 0.000879350001924, 0.000305930996547, 1.43290353662e-05],
        "var": [1.00211045719e-05, 0.000304306595353, 5.95640085521e-05, 1.52977809194e-05, 4.19049283664e-05, 8.1516109276e-06, 1.57792710525e-05, 8.13871702121e-06, 4.49365461463e-06, 4.09304266213e-06, 1.48017193169e-06, 1.49456252529e-06, 7.927075103e-07, 7.25033658e-07, 7.64204287407e-07, 7.49723085391e-07, 7.58451960792e-07, 5.28422049229e-07, 9.69132543105e-07, 2.77040186347e-07, 7.01096041666e-07, 1.07926109649e-06, 1.47348407609e-06, 1.39809287703e-06, 7.7325643133e-07, 9.35937691793e-08, 2.05321246116e-10]
    },
    "erbbands": {
        "dmean": [0.209457963705, 1.35818111897, 3.71957993507, 3.87219500542, 6.7340130806, 14.5220737457, 10.5519037247, 11.9703950882, 19.7002696991, 34.5145683289, 24.8577136993, 24.0314292908, 21.7849731445, 28.2151908875, 19.8145847321, 21.8797588348, 17.0932826996, 16.7151088715, 19.7342853546, 21.1111850739, 22.7301177979, 24.7759227753, 21.1958560944, 17.7414474487, 20.3253173828, 14.0689954758, 15.8567609787, 15.585849762, 17.255443573, 14.7878513336, 13.7714681625, 11.0691699982, 6.2510228157, 4.01908779144, 2.26780176163, 0.91992264986, 0.163786157966, 0.0176427699625, 0.000554985192139, 3.5505163396e-05],
        "dmean2": [0.273077517748, 2.14293050766, 5.84830474854, 5.84062623978, 10.6092023849, 22.4556465149, 16.6859798431, 20.6320037842, 33.5216751099, 58.6790809631, 40.118183136, 38.823764801, 35.2063522339, 44.4842758179, 31.1412792206, 35.4168968201, 27.4891433716, 26.5189418793, 31.2942028046, 33.9134521484, 37.4829444885, 41.2522125244, 36.6279220581, 28.9355945587, 32.3591842651, 22.710723877, 26.3670940399, 25.4837341309, 27.1517028809, 22.3707008362, 20.8715114594, 17.0888404846, 9.76689243317, 6.16799879074, 3.52004289627, 1.43257582188, 0.252764463425, 0.0261698849499, 0.000833579862956, 5.20934481756e-05],
        "dvar": [0.227290317416, 7.96105337143, 42.1393203735, 40.9044914246, 156.931182861, 774.98651123, 399.984039307, 816.153625488, 2183.43359375, 5310.54443359, 2446.25537109, 2420.22485352, 1593.61315918, 2645.7878418, 1095.44970703, 1815.42883301, 1375.89562988, 1113.25219727, 1384.28710938, 1408.89318848, 1758.41064453, 2208.16040039, 2004.81274414, 1473.24560547, 1134.5748291, 516.01940918, 1271.92614746, 966.123352051, 1157.17321777, 765.286437988, 880.655273438, 637.940368652, 412.550445557, 127.698532104, 27.857591629, 4.59170150757, 0.137525126338, 0.00225559948012, 2.48440755968e-06, 3.28349902823e-09],
        "dvar2": [0.318428307772, 19.8657932281, 112.468177795, 91.4317550659, 353.425842285, 1601.04980469, 942.870849609, 2193.0637207, 5913.66015625, 14225.8759766, 5986.30224609, 6132.44384766, 4078.46484375, 6390.44482422, 2652.4699707, 4673.80615234, 3288.97290039, 2716.27661133, 3361.45556641, 3517.44897461, 4549.72900391, 5924.60205078, 5460.19726562, 3479.31323242, 2628.38793945, 1303.0135498, 3365.32250977, 2493.97045898, 2520.41748047, 1646.9979248, 1918.79296875, 1387.25805664, 1052.05639648, 310.899414062, 64.2509689331, 10.7492322922, 0.305149763823, 0.00483114970848, 5.60459102417e-06, 6.97011248718e-09],
        "max": [4.68097877502, 29.4974899292, 57.3899002075, 62.4835243225, 138.171447754, 378.422821045, 198.456832886, 408.930419922, 561.350280762, 1066.52819824, 796.914123535, 648.405090332, 451.958312988, 482.771759033, 441.565826416, 589.675537109, 594.347473145, 392.458099365, 467.542297363, 390.398895264, 570.831054688, 484.222839355, 374.413330078, 922.413391113, 541.753845215, 262.60369873, 311.770477295, 228.647750854, 301.432922363, 293.583984375, 440.809234619, 267.087310791, 442.757781982, 196.30657959, 54.357131958, 17.8054332733, 3.8185608387, 0.785797476768, 0.0214327760041, 0.000671548186801],
        "mean": [0.32309487462, 2.09885025024, 6.59814405441, 6.6002368927, 8.37976169586, 17.0084896088, 12.5975198746, 12.9713077545, 22.2975273132, 36.926864624, 28.7594680786, 28.4786949158, 28.7024173737, 39.4566955566, 31.2208518982, 29.4398422241, 19.5493030548, 19.9781780243, 24.2114334106, 24.4159832001, 27.3887557983, 30.6165981293, 22.267206192, 21.3673248291, 26.5188121796, 17.4026355743, 15.5245504379, 16.021697998, 20.3306751251, 18.4232749939, 16.9184360504, 12.0416269302, 7.20667409897, 4.20204734802, 2.2709145546, 0.885178029537, 0.164787992835, 0.0188196022063, 0.000582466018386, 7.08360457793e-05],
        "median": [0.0149998338893, 0.535304248333, 3.07229351997, 2.7005045414, 3.31267166138, 5.57831001282, 3.55607891083, 4.43403196335, 8.81811714172, 15.4527187347, 8.22129917145, 11.4989089966, 10.156993866, 17.4339122772, 17.4991130829, 13.5146579742, 5.61901664734, 6.35964155197, 8.91919517517, 7.90269994736, 10.2558221817, 14.4524393082, 9.27077674866, 8.60334682465, 11.9541187286, 8.1212348938, 3.86322116852, 4.617872715, 6.85567855835, 5.64922142029, 4.08204984665, 2.30226802826, 1.64066147804, 0.62894898653, 0.304065734148, 0.112453795969, 0.0218641702086, 0.00228829635307, 8.314945444e-05, 4.89783706143e-05],
        "min": [9.20727752418e-22, 3.95967804937e-21, 9.91968965402e-21, 3.90196346084e-20, 2.5967089665e-20, 1.0163597267e-19, 3.38337730995e-19, 1.40246107639e-19, 2.73503340433e-19, 1.0471290748e-18, 1.28911590332e-18, 1.68744400351e-18, 3.03900222031e-18, 3.57125716893e-18, 3.58362517345e-18, 6.54676728017e-18, 3.85774703818e-18, 4.05273997834e-18, 8.29417805238e-18, 7.81357040005e-18, 4.32475790919e-18, 6.87357062375e-18, 8.77046616754e-18, 9.26591757596e-18, 1.04289856296e-17, 1.59988840392e-17, 1.85862851429e-17, 1.53091378311e-17, 1.89967288541e-17, 1.78347799759e-17, 2.05065402672e-17, 1.73016356013e-17, 1.44341362529e-17, 1.29385879152e-17, 1.07675746425e-17, 7.42090776327e-18, 3.59993262563e-18, 1.30867500249e-18, 3.53310734058e-19, 4.24383462307e-20],
        "stdev": [0.75198161602, 3.39948272705, 8.39918899536, 10.0056552887, 13.6900520325, 32.7794418335, 23.3433246613, 26.6256389618, 44.3317947388, 67.2526473999, 56.8525466919, 50.8770904541, 48.9199752808, 61.706615448, 40.4606285095, 44.0815353394, 41.4142723083, 36.277141571, 42.9135856628, 42.9912757874, 47.2377357483, 47.239780426, 40.8606338501, 46.5859642029, 41.7599868774, 24.440568924, 32.4987068176, 30.1081390381, 37.920879364, 32.8523483276, 34.4787559509, 28.0777416229, 19.780090332, 11.4511156082, 5.5636677742, 2.20580172539, 0.406719207764, 0.0527592301369, 0.00165812508203, 7.43378186598e-05],
        "var": [0.565476357937, 11.5564832687, 70.54637146, 100.113136292, 187.417526245, 1074.49182129, 544.910827637, 708.924621582, 1965.3079834, 4522.91894531, 3232.2121582, 2588.47827148, 2393.16381836, 3807.70654297, 1637.0625, 1943.18188477, 1715.14196777, 1316.03112793, 1841.57592773, 1848.24963379, 2231.40380859, 2231.59692383, 1669.59143066, 2170.25219727, 1743.89660645, 597.341369629, 1056.16589355, 906.5, 1437.99316406, 1079.2767334, 1188.7845459, 788.359619141, 391.251953125, 131.128051758, 30.9543991089, 4.86556148529, 0.165420502424, 0.00278353644535, 2.74937860922e-06, 5.52611156834e-09]
    },
    "gfcc": {
        "mean": [22.4162445068, 67.4471511841, -112.885055542, 33.9875946045, -72.9402618408, 19.5920524597, -38.3298530579, 13.2320785522, -25.9897670746, -0.909455001354, -17.842748642, 4.56126451492, -14.6921386719],
        "cov": [[5259.62890625, -645.168579102, 535.245300293, 856.562011719, 216.048858643, 317.940673828, -237.291427612, 53.6884498596, -75.9384384155, 94.9567260742, -209.098144531, -50.2039642334, -102.502792358], [-645.168579102, 1593.55664062, -14.4499187469, -62.345123291, 310.265563965, 1.59669613838, 225.063369751, 23.8842163086, 103.415840149, -116.0807724, 84.5541305542, -105.229499817, 20.6582374573], [535.245300293, -14.4499187469, 1201.0592041, 531.688293457, 194.140426636, 384.44732666, 187.81137085, 97.8251647949, -2.77322387695, 40.0157661438, -11.1044025421, 50.7372894287, 0.467414557934], [856.562011719, -62.345123291, 531.688293457, 702.556335449, 320.282043457, 172.038131714, -0.835210561752, 27.2997837067, 53.7954978943, 18.9567317963, -38.1072120667, -29.5312747955, -4.78019046783], [216.048858643, 310.265563965, 194.140426636, 320.282043457, 530.326293945, 158.10168457, 36.1540412903, 48.2961082458, 97.0468444824, 7.26059865952, -8.78296089172, -24.389957428, 5.75891542435], [317.940673828, 1.59669613838, 384.44732666, 172.038131714, 158.10168457, 363.747375488, 171.696365356, 56.7479362488, 28.8198356628, 40.6020431519, 18.6718254089, 18.200252533, -11.5266246796], [-237.291427612, 225.063369751, 187.81137085, -0.835210561752, 36.1540412903, 171.696365356, 330.326324463, 130.840789795, 17.0072784424, -14.030790329, 64.1845016479, 17.0799827576, -12.8543109894], [53.6884498596, 23.8842163086, 97.8251647949, 27.2997837067, 48.2961082458, 56.7479362488, 130.840789795, 189.917938232, 59.2010765076, -1.54483878613, 42.512638092, 24.7810649872, 0.682751834393], [-75.9384384155, 103.415840149, -2.77322387695, 53.7954978943, 97.0468444824, 28.8198356628, 17.0072784424, 59.2010765076, 167.45451355, 56.6143455505, 20.0427761078, -4.45886850357, 12.7760667801], [94.9567260742, -116.0807724, 40.0157661438, 18.9567317963, 7.26059865952, 40.6020431519, -14.030790329, -1.54483878613, 56.6143455505, 129.456604004, 16.6870155334, -1.50140225887, 7.10207700729], [-209.098144531, 84.5541305542, -11.1044025421, -38.1072120667, -8.78296089172, 18.6718254089, 64.1845016479, 42.512638092, 20.0427761078, 16.6870155334, 123.242759705, 34.4319953918, 1.77363741398], [-50.2039642334, -105.229499817, 50.7372894287, -29.5312747955, -24.389957428, 18.200252533, 17.0799827576, 24.7810649872, -4.45886850357, -1.50140225887, 34.4319953918, 111.753044128, 35.5439224243], [-102.502792358, 20.6582374573, 0.467414557934, -4.78019046783, 5.75891542435, -11.5266246796, -12.8543109894, 0.682751834393, 12.7760667801, 7.10207700729, 1.77363741398, 35.5439224243, 83.9675979614]],
        "icov": [[0.000365353742382, -0.000190631486475, 0.000275682599749, -0.000649477529805, 0.000335653225193, -0.000633225950878, 0.000703763682395, -0.000835207756609, 0.000704701815266, -0.0006177391042, 0.000698747229762, -0.000436124711996, 0.000573855359107], [-0.000190631486475, 0.00164519343525, -0.000699493510183, 0.00123168097343, -0.0014131157659, 0.00127041270025, -0.00174526951741, 0.0018838144606, -0.00177101581357, 0.00228871009313, -0.00185233051889, 0.00244667101651, -0.00149531685747], [0.000275682599749, -0.000699493510183, 0.00238103698939, -0.00220765848644, 0.00112711056136, -0.00215110601857, 0.000619680271484, -0.00163846951909, 0.00178422464523, -0.00163954286836, 0.00161806331016, -0.00203848420642, 0.000801208254416], [-0.000649477529805, 0.00123168097343, -0.00220765848644, 0.00481062801555, -0.00267287623137, 0.00179443752859, -0.00117203302216, 0.00229378300719, -0.00248938426375, 0.00252657406963, -0.00206221360713, 0.00303221005015, -0.00165306031704], [0.000335653225193, -0.0014131157659, 0.00112711056136, -0.00267287623137, 0.00452762190253, -0.00267497007735, 0.00201634084806, -0.00216185860336, 0.000356442615157, -0.00115006661508, 0.00178475410212, -0.00165757467039, 0.00095449242508], [-0.000633225950878, 0.00127041270025, -0.00215110601857, 0.00179443752859, -0.00267497007735, 0.00775443203747, -0.00482881488279, 0.00342218368314, -0.00204429053701, 0.000396583986003, -0.00164494547062, 0.00113517267164, -0.000658807286527], [0.000703763682395, -0.00174526951741, 0.000619680271484, -0.00117203302216, 0.00201634084806, -0.00482881488279, 0.00898220390081, -0.006242884323, 0.00291476468556, -0.00126978463959, 0.000493956089485, -0.00139729620423, 0.00208792951889], [-0.000835207756609, 0.0018838144606, -0.00163846951909, 0.00229378300719, -0.00216185860336, 0.00342218368314, -0.006242884323, 0.0122090652585, -0.0061467429623, 0.00427500717342, -0.00375199411064, 0.00149424478877, -0.00175986066461], [0.000704701815266, -0.00177101581357, 0.00178422464523, -0.00248938426375, 0.000356442615157, -0.00204429053701, 0.00291476468556, -0.0061467429623, 0.0122575638816, -0.00715780304745, 0.00228641787544, -0.00209273700602, 0.000913380703423], [-0.0006177391042, 0.00228871009313, -0.00163954286836, 0.00252657406963, -0.00115006661508, 0.000396583986003, -0.00126978463959, 0.00427500717342, -0.00715780304745, 0.0142235895619, -0.00496571976691, 0.00469081336632, -0.00325476005673], [0.000698747229762, -0.00185233051889, 0.00161806331016, -0.00206221360713, 0.00178475410212, -0.00164494547062, 0.000493956089485, -0.00375199411064, 0.00228641787544, -0.00496571976691, 0.0135776260868, -0.00657014222816, 0.00350670865737], [-0.000436124711996, 0.00244667101651, -0.00203848420642, 0.00303221005015, -0.00165757467039, 0.00113517267164, -0.00139729620423, 0.00149424478877, -0.00209273700602, 0.00469081336632, -0.00657014222816, 0.0166307166219, -0.00788633897901], [0.000573855359107, -0.00149531685747, 0.000801208254416, -0.00165306031704, 0.00095449242508, -0.000658807286527, 0.00208792951889, -0.00175986066461, 0.000913380703423, -0.00325476005673, 0.00350670865737, -0.00788633897901, 0.0164578203112]]
    },
    "melbands": {
        "dmean": [0.00168774300255, 0.00172923994251, 0.000738465867471, 0.000698582036421, 0.000461588235339, 0.000259007181739, 0.000336523080477, 0.000368041539332, 0.000186124409083, 0.000155993984663, 0.000113104775664, 0.000119733682368, 6.45371401333e-05, 7.92058854131e-05, 4.16839538957e-05, 3.79071461794e-05, 3.30000257236e-05, 3.32092495228e-05, 3.33233801939e-05, 2.69764568657e-05, 2.75836373476e-05, 2.61214190687e-05, 2.51968922385e-05, 1.71230258275e-05, 1.42487870107e-05, 1.58970760822e-05, 1.41177761179e-05, 8.45766680868e-06, 7.95345022198e-06, 1.2534976122e-05, 8.50069500302e-06, 9.90837816062e-06, 9.78078969638e-06, 8.16392366687e-06, 7.77310469857e-06, 8.51490494824e-06, 6.24387575954e-06, 4.37578728452e-06, 4.25418511441e-06, 3.16482214657e-06],
        "dmean2": [0.00238698138855, 0.00266710994765, 0.00112034380436, 0.0010844230419, 0.000701399869286, 0.000444560166216, 0.000574466248509, 0.000627005007118, 0.000300348183373, 0.000253932463238, 0.0001836084557, 0.000190324746654, 0.000103086858871, 0.00012585890363, 7.00984819559e-05, 6.34108000668e-05, 5.27985939698e-05, 5.30175748281e-05, 5.30555735168e-05, 4.45596706413e-05, 4.54493274447e-05, 4.34855646745e-05, 4.32690030721e-05, 3.04919158225e-05, 2.30630066653e-05, 2.55919112533e-05, 2.28087883443e-05, 1.38457398862e-05, 1.29491409098e-05, 2.15137242776e-05, 1.3767747987e-05, 1.57822778419e-05, 1.5039144273e-05, 1.23373765746e-05, 1.18517982628e-05, 1.32366003527e-05, 9.85946098808e-06, 6.9107049967e-06, 6.59154829918e-06, 4.95679842061e-06],
        "dvar": [1.30989355966e-05, 7.85167685535e-06, 1.46082084029e-06, 1.15101568099e-06, 7.31430191081e-07, 4.04426970135e-07, 5.66899814203e-07, 5.2413844287e-07, 1.42871542153e-07, 1.03753173164e-07, 4.43387691007e-08, 5.02765900023e-08, 1.22687398019e-08, 1.75478938047e-08, 7.89700838055e-09, 7.22024129374e-09, 4.97589391912e-09, 4.69937866399e-09, 3.66265107132e-09, 2.60452526213e-09, 2.88739498977e-09, 2.26346719145e-09, 2.72921241162e-09, 1.44463363494e-09, 1.03411246233e-09, 9.65881818971e-10, 5.02597630181e-10, 2.0821165625e-10, 2.31262592409e-10, 1.05321762423e-09, 3.11381392892e-10, 3.94281496341e-10, 3.42679551402e-10, 2.47156128896e-10, 2.7794988533e-10, 4.06141731357e-10, 2.0910591314e-10, 2.27411089959e-10, 1.91279075912e-10, 7.307218719e-11],
        "dvar2": [2.34568033193e-05, 2.0157714971e-05, 3.25314476868e-06, 2.4433818453e-06, 1.576431373e-06, 1.08203096261e-06, 1.53898656663e-06, 1.38845337005e-06, 3.56601077556e-07, 2.67929408437e-07, 1.1356910079e-07, 1.22158709814e-07, 2.949570721e-08, 4.39361933502e-08, 1.96460163693e-08, 1.78566814668e-08, 1.21267138553e-08, 1.15785780963e-08, 8.82113049272e-09, 6.47931353015e-09, 7.58885665419e-09, 6.0890368303e-09, 7.30973903629e-09, 3.9958583109e-09, 2.3779720415e-09, 2.17878115549e-09, 1.18096810109e-09, 5.35157973491e-10, 5.88948667612e-10, 2.85247736542e-09, 7.95125465469e-10, 9.06221320207e-10, 7.12597481023e-10, 5.645950929e-10, 6.48050668683e-10, 8.25748358579e-10, 4.67666239068e-10, 5.91101390057e-10, 4.88870666171e-10, 1.76073489122e-10],
        "max": [0.0294086392969, 0.020689111203, 0.0115123912692, 0.0128076495603, 0.0109726078808, 0.00972289312631, 0.00855406373739, 0.00998621899635, 0.00580271193758, 0.00394257763401, 0.00225386302918, 0.00219956645742, 0.00142630259506, 0.00139459921047, 0.000974349852186, 0.00143672712147, 0.000961875892244, 0.00107445055619, 0.000746128498577, 0.000616298173554, 0.000767482502852, 0.000564497197047, 0.000512967933901, 0.000286470196443, 0.000822465866804, 0.000711240980309, 0.000239687797148, 0.000195831875317, 0.000125516584376, 0.000274491409073, 0.000151740663568, 0.000169404156622, 0.000196420791326, 0.000181529394467, 0.000262741697952, 0.000213622959564, 0.000192916835658, 0.000341257778928, 0.000285827351036, 0.000122388839372],
        "mean": [0.00278627453372, 0.00316061382182, 0.00121516687796, 0.00087448162958, 0.000553821620997, 0.000278553459793, 0.000381060526706, 0.000399055948947, 0.00021002619178, 0.000182076342753, 0.000143339726492, 0.000161171177751, 9.92477871478e-05, 0.00011566534522, 4.40459116362e-05, 4.11262044508e-05, 3.73851362383e-05, 3.95891875087e-05, 3.61235724995e-05, 3.06620677293e-05, 3.19403188769e-05, 3.15274410241e-05, 2.69484535238e-05, 1.62811356859e-05, 1.69683135027e-05, 1.98081779672e-05, 1.811014954e-05, 9.77139279712e-06, 8.24262315291e-06, 1.09140401037e-05, 8.92952175491e-06, 1.11124581963e-05, 1.20187260109e-05, 9.58841610554e-06, 9.42634778767e-06, 9.52363370743e-06, 6.58892804495e-06, 5.04358831677e-06, 4.46229478257e-06, 3.24472216562e-06],
        "median": [0.000215566367842, 0.00159033422824, 0.000583125511184, 0.000392835878301, 0.000163029617397, 9.41980833886e-05, 0.000153685861733, 0.000157781745656, 5.55879523745e-05, 6.60758596496e-05, 4.49932049378e-05, 6.52115195408e-05, 5.1724473451e-05, 5.96239660808e-05, 1.02523617898e-05, 1.10830469566e-05, 1.11071458377e-05, 1.3703033801e-05, 9.57863176154e-06, 9.75976126938e-06, 1.13709320431e-05, 1.50281057358e-05, 1.06343914013e-05, 5.8041146076e-06, 6.43607108941e-06, 7.51807010602e-06, 8.59774263517e-06, 3.92212541556e-06, 2.10549569601e-06, 2.00934800887e-06, 2.67303130386e-06, 3.60095373253e-06, 4.2400674829e-06, 2.4454841423e-06, 2.28328599405e-06, 1.74106469331e-06, 1.33957371418e-06, 1.2996121086e-06, 5.80812297812e-07, 5.00250507685e-07],
        "min": [6.97032052713e-24, 5.76919499638e-24, 5.69560492355e-24, 4.12708359784e-24, 1.06350290826e-23, 3.23751315959e-24, 5.15444792029e-24, 1.07973742903e-23, 1.12916958328e-23, 1.04528172018e-23, 1.6115932889e-23, 1.53949581979e-23, 1.16877576497e-23, 9.11669114338e-24, 2.18259242689e-23, 4.74156916655e-24, 7.61966428151e-24, 1.17935509969e-23, 1.79523821437e-23, 4.02437351355e-24, 5.07026107891e-24, 7.19791952006e-24, 7.4126466696e-24, 7.65514487845e-24, 7.05481857413e-24, 9.7490885878e-24, 6.26441307926e-24, 1.13088488243e-23, 1.02181508041e-23, 1.31301290726e-23, 7.80102892565e-24, 1.1128948306e-23, 1.09027889842e-23, 8.74445371462e-24, 1.291426833e-23, 9.4707106184e-24, 1.11163541416e-23, 9.29520168876e-24, 9.94120067291e-24, 1.10111611177e-23],
        "stdev": [0.00550011731684, 0.00382549478672, 0.00167616899125, 0.00128344038967, 0.00105738185812, 0.000589547678828, 0.000719934236258, 0.000689519161824, 0.000426709972089, 0.000330202950863, 0.000258532760199, 0.00026580132544, 0.000138483912451, 0.000152552165673, 9.10148810362e-05, 9.22387916944e-05, 7.4521129136e-05, 7.51842089812e-05, 6.94646441843e-05, 5.80672676733e-05, 5.76559796173e-05, 4.79420923511e-05, 5.0909613492e-05, 3.28827518388e-05, 3.99793934776e-05, 3.9860184188e-05, 2.64961363428e-05, 1.47855434989e-05, 1.50220221258e-05, 2.77245217148e-05, 1.73506341525e-05, 2.13664443436e-05, 2.14859901462e-05, 1.81853174581e-05, 1.89053589565e-05, 2.26995507546e-05, 1.58261100296e-05, 1.43877305163e-05, 1.31648112074e-05, 8.77380352904e-06],
        "var": [3.02512908092e-05, 1.46344109453e-05, 2.80954236587e-06, 1.64721916462e-06, 1.11805650249e-06, 3.47566469827e-07, 5.18305341757e-07, 4.75436650049e-07, 1.82081393518e-07, 1.0903399783e-07, 6.68391919589e-08, 7.06503371362e-08, 1.91777935754e-08, 2.32721628635e-08, 8.28370794181e-09, 8.50799430907e-09, 5.55339907393e-09, 5.65266500274e-09, 4.82533657475e-09, 3.37180749987e-09, 3.32421201676e-09, 2.29844410171e-09, 2.59178878359e-09, 1.08127529153e-09, 1.59835178426e-09, 1.58883417534e-09, 7.02045199752e-10, 2.18612308811e-10, 2.2566114255e-10, 7.68649088823e-10, 3.01044522644e-10, 4.56524928971e-10, 4.61647747807e-10, 3.30705796081e-10, 3.57412627272e-10, 5.15269604762e-10, 2.50465731488e-10, 2.0700680059e-10, 1.73312253438e-10, 7.69796310029e-11]
    },
    "melbands128": {
