{
"lowlevel": {
    "average_loudness": 0.969301342964,
    "barkbands_crest": {
        "dmean": 2.6502828598,
        "dmean2": 3.80773448944,
        "dvar": 9.44313526154,
        "dvar2": 18.0884609222,
        "max": 26.5429878235,
        "mean": 12.3725748062,
        "median": 10.8795623779,
        "min": 3.26766109467,
        "stdev": 5.55387496948,
        "var": 30.8455257416
    },
    "barkbands_flatness_db": {
        "dmean": 0.0388340167701,
        "dmean2": 0.047421310097,
        "dvar": 0.00265611871146,
        "dvar2": 0.00333987968042,
        "max": 0.558563172817,
        "mean": 0.176086038351,
        "median": 0.14006729424,
        "min": 0.0292837060988,
        "stdev": 0.109406970441,
        "var": 0.0119698848575
    },
    "barkbands_kurtosis": {
        "dmean": 71.8768463135,
        "dmean2": 97.9897003174,
        "dvar": 55560.625,
        "dvar2": 114730.039062,
        "max": 2433.82739258,
        "mean": 80.810508728,
        "median": 3.07795619965,
        "min": -1.74462175369,
        "stdev": 274.547821045,
        "var": 75376.5
    },
    "barkbands_skewness": {
        "dmean": 1.90691757202,
        "dmean2": 2.4014518261,
        "dvar": 17.7983379364,
        "dvar2": 31.9457874298,
        "max": 42.3812484741,
        "mean": 3.80596017838,
        "median": 1.66457736492,
        "min": -1.70960772038,
        "stdev": 6.20914649963,
        "var": 38.5534973145
    },
    "barkbands_spread": {
        "dmean": 5.87859201431,
        "dmean2": 8.78141212463,
        "dvar": 55.2393455505,
        "dvar2": 106.860839844,
        "max": 83.5555725098,
        "mean": 19.1524848938,
        "median": 18.8156642914,
        "min": 0.0677046179771,
        "stdev": 12.9426994324,
        "var": 167.513473511
    },
    "dissonance": {
        "dmean": 0.0259311832488,
        "dmean2": 0.0437197685242,
        "dvar": 0.000778588640969,
        "dvar2": 0.00207599182613,
        "max": 0.499993234873,
        "mean": 0.453332901001,
        "median": 0.459410279989,
        "min": 0.0106508219615,
        "stdev": 0.0331062339246,
        "var": 0.00109602278098
    },
    "dynamic_complexity": 2.30226016045,
    "erbbands_crest": {
        "dmean": 3.08422780037,
        "dmean2": 4.51156187057,
        "dvar": 7.36775875092,
        "dvar2": 15.4118509293,
        "max": 25.9273357391,
        "mean": 10.2462415695,
        "median": 9.5214138031,
        "min": 2.49440288544,
        "stdev": 4.59639596939,
        "var": 21.1268539429
    },
    "erbbands_flatness_db": {
        "dmean": 0.0195333473384,
        "dmean2": 0.0276668202132,
        "dvar": 0.000393964524847,
        "dvar2": 0.000773512350861,
        "max": 0.283156335354,
        "mean": 0.144092902541,
        "median": 0.144694328308,
        "min": 0.0493423528969,
        "stdev": 0.0375772751868,
        "var": 0.00141205172986
    },
    "erbbands_kurtosis": {
        "dmean": 1.66873633862,
        "dmean2": 2.52488827705,
        "dvar": 12.8579521179,
        "dvar2": 26.6950283051,
        "max": 37.4135513306,
        "mean": 1.60853457451,
        "median": 0.636981725693,
        "min": -1.68627154827,
        "stdev": 4.36469650269,
        "var": 19.0505752563
    },
    "erbbands_skewness": {
        "dmean": 0.457508713007,
        "dmean2": 0.638649404049,
        "dvar": 0.324380397797,
        "dvar2": 0.59766548872,
        "max": 5.988697052,
        "mean": 0.906163692474,
        "median": 0.776111781597,
        "min": -1.13715326786,
        "stdev": 0.933126807213,
        "var": 0.870725631714
    },
    "erbbands_spread": {
        "dmean": 10.2512922287,
        "dmean2": 14.5969028473,
        "dvar": 127.742027283,
        "dvar2": 227.195510864,
        "max": 137.698822021,
        "mean": 41.4113998413,
        "median": 34.5433769226,
        "min": 5.39803647995,
        "stdev": 22.3771591187,
        "var": 500.73727417
    },
    "hfc": {
        "dmean": 10.3786859512,
        "dmean2": 14.9827079773,
        "dvar": 244.015090942,
        "dvar2": 537.058166504,
        "max": 118.607063293,
        "mean": 29.6899261475,
        "median": 28.3838424683,
        "min": 1.09666890928e-16,
        "stdev": 22.3334560394,
        "var": 498.78326416
    },
    "loudness_ebu128": {
        "integrated": -9.60582923889,
        "loudness_range": 1.23417949677,
        "momentary": {
            "dmean": 0.50187587738,
            "dmean2": 0.821981370449,
            "dvar": 0.183646366,
            "dvar2": 0.578047990799,
            "max": -7.91861534119,
            "mean": -9.68643379211,
            "median": -9.56301498413,
            "min": -12.5106697083,
            "stdev": 0.859731078148,
            "var": 0.739137530327
        },
        "short_term": {
            "dmean": 0.0706478953362,
            "dmean2": 0.100393712521,
            "dvar": 0.00269819819368,
            "dvar2": 0.00608169473708,
            "max": -8.90756797791,
            "mean": -9.60755634308,
            "median": -9.50187778473,
            "min": -10.5205955505,
            "stdev": 0.400459587574,
            "var": 0.160367876291
        }
    },
    "melbands_crest": {
        "dmean": 3.57700252533,
        "dmean2": 5.03509473801,
        "dvar": 16.8807315826,
        "dvar2": 30.8467750549,
        "max": 37.3949317932,
        "mean": 19.7984390259,
        "median": 18.999704361,
        "min": 2.7185177803,
        "stdev": 8.10436630249,
        "var": 65.6807479858
    },
    "melbands_flatness_db": {
        "dmean": 0.0446411222219,
        "dmean2": 0.0546584315598,
        "dvar": 0.00370553182438,
        "dvar2": 0.00453355023637,
        "max": 0.685275137424,
        "mean": 0.249373167753,
        "median": 0.20253688097,
        "min": 0.0102199744433,
        "stdev": 0.130228683352,
        "var": 0.0169595107436
    },
    "melbands_kurtosis": {
        "dmean": 77.0583648682,
        "dmean2": 87.0924911499,
        "dvar": 38458.9609375,
        "dvar2": 56505.0117188,
        "max": 2911.77124023,
        "mean": 113.430549622,
        "median": 9.06662559509,
        "min": -1.14848601818,
        "stdev": 300.597961426,
        "var": 90359.1328125
    },
    "melbands_skewness": {
        "dmean": 1.7935936451,
        "dmean2": 2.08273148537,
        "dvar": 9.28867053986,
        "dvar2": 11.0451784134,
        "max": 40.0962638855,
        "mean": 4.70338439941,
        "median": 2.44527792931,
        "min": -0.052175834775,
        "stdev": 6.01601219177,
        "var": 36.192401886
    },
    "melbands_spread": {
        "dmean": 5.57548666,
        "dmean2": 8.48862743378,
        "dvar": 70.0713424683,
        "dvar2": 125.741722107,
        "max": 146.836639404,
        "mean": 18.1907043457,
        "median": 17.2949810028,
        "min": 0.105891495943,
        "stdev": 13.3835401535,
        "var": 179.119140625
    },
    "pitch_salience": {
        "dmean": 0.0849334821105,
        "dmean2": 0.129399746656,
        "dvar": 0.0127931749448,
        "dvar2": 0.0241896342486,
        "max": 0.845466136932,
        "mean": 0.447252303362,
        "median": 0.483475625515,
        "min": 0.0265768896788,
        "stdev": 0.189397066832,
        "var": 0.0358712486923
    },
    "silence_rate_20dB": {
        "dmean": 0,
        "dmean2": 0,
        "dvar": 0,
        "dvar2": 0,
        "max": 1,
        "mean": 1,
        "median": 1,
        "min": 1,
        "stdev": 0,
        "var": 0
    },
    "silence_rate_30dB": {
        "dmean": 0.0835913345218,
        "dmean2": 0.167312160134,
        "dvar": 0.0766042023897,
        "dvar2": 0.148615047336,
        "max": 1,
        "mean": 0.828306257725,
        "median": 1,
        "min": 0,
        "stdev": 0.377114892006,
        "var": 0.142215639353
    },
    "silence_rate_60dB": {
        "dmean": 0.0193498451263,
        "dmean2": 0.0387296676636,
        "dvar": 0.0189753323793,
        "dvar2": 0.0418768934906,
        "max": 1,
        "mean": 0.0208816714585,
        "median": 0,
        "min": 0,
        "stdev": 0.142988950014,
        "var": 0.0204458385706
    },
    "spectral_centroid": {
        "dmean": 254.35635376,
        "dmean2": 365.053771973,
        "dvar": 152866.53125,
        "dvar2": 217386.984375,
        "max": 11156.9609375,
        "mean": 1127.6583252,
        "median": 1125.23095703,
        "min": 79.3567199707,
        "stdev": 588.237487793,
        "var": 346023.3125
    },
    "spectral_complexity": {
        "dmean": 5.22523212433,
        "dmean2": 7.77691698074,
        "dvar": 38.2163543701,
        "dvar2": 72.5497665405,
        "max": 45,
        "mean": 17.1655063629,
        "median": 17,
        "min": 0,
        "stdev": 9.76904678345,
        "var": 95.4342727661
    },
    "spectral_decrease": {
        "dmean": 5.64119462254e-09,
        "dmean2": 6.75531186545e-09,
        "dvar": 5.89458698324e-17,
        "dvar2": 7.93110366611e-17,
        "max": -1.87984918157e-28,
        "mean": -1.71500786905e-08,
        "median": -1.28717845271e-08,
        "min": -6.9686251436e-08,
        "stdev": 1.45735734591e-08,
        "var": 2.12389038131e-16
    },
    "spectral_energy": {
        "dmean": 0.0219230689108,
        "dmean2": 0.0262986905873,
        "dvar": 0.000846355222166,
        "dvar2": 0.00115144788288,
        "max": 0.264721363783,
        "mean": 0.0674213320017,
        "median": 0.0515835024416,
        "min": 1.06566082212e-20,
        "stdev": 0.0552097521722,
        "var": 0.00304811657406
    },
    "spectral_energyband_high": {
        "dmean": 0.000737478316296,
        "dmean2": 0.00109681580216,
        "dvar": 1.66779420852e-06,
        "dvar2": 3.80140158995e-06,
        "max": 0.0107603287324,
        "mean": 0.00151810212992,
        "median": 0.00105399230961,
        "min": 7.70830629689e-21,
        "stdev": 0.0017008325085,
        "var": 2.89283116217e-06
    },
    "spectral_energyband_low": {
        "dmean": 0.0171418432146,
        "dmean2": 0.0206484794617,
        "dvar": 0.0011271617841,
        "dvar2": 0.00172014220152,
        "max": 0.263082563877,
        "mean": 0.0443821586668,
        "median": 0.0223260540515,
        "min": 2.54593914082e-22,
        "stdev": 0.0588501095772,
        "var": 0.00346333533525
    },
    "spectral_energyband_middle_high": {
        "dmean": 0.00245003146119,
        "dmean2": 0.00360545818694,
        "dvar": 1.16698865895e-05,
        "dvar2": 2.32061374845e-05,
        "max": 0.0344789400697,
        "mean": 0.0073338681832,
        "median": 0.00500010000542,
        "min": 1.64682844912e-21,
        "stdev": 0.00738937268034,
        "var": 5.46028277313e-05
    },
    "spectral_energyband_middle_low": {
        "dmean": 0.00830060988665,
        "dmean2": 0.0134984450415,
        "dvar": 0.000165313307662,
        "dvar2": 0.000444015458925,
        "max": 0.0940481796861,
        "mean": 0.0150212394074,
        "median": 0.0124806491658,
        "min": 5.08234227857e-22,
        "stdev": 0.0139469355345,
        "var": 0.000194517022464
    },
    "spectral_entropy": {
        "dmean": 0.25061544776,
        "dmean2": 0.348601311445,
        "dvar": 0.07585683465,
        "dvar2": 0.147480875254,
        "max": 9.80613136292,
        "mean": 7.54679632187,
        "median": 7.54687213898,
        "min": 5.04486083984,
        "stdev": 0.478405028582,
        "var": 0.228871375322
    },
    "spectral_flux": {
        "dmean": 0.0554595738649,
        "dmean2": 0.0795762613416,
        "dvar": 0.00394585821778,
        "dvar2": 0.00681502372026,
        "max": 0.497817248106,
        "mean": 0.120996370912,
        "median": 0.0951518192887,
        "min": 1.03230847481e-10,
        "stdev": 0.0872882083058,
        "var": 0.00761923147365
    },
    "spectral_kurtosis": {
        "dmean": 1.25644934177,
        "dmean2": 1.94251990318,
        "dvar": 2.917552948,
        "dvar2": 6.47255802155,
        "max": 37.0353622437,
        "mean": 3.30366158485,
        "median": 2.59759187698,
        "min": -1.18471503258,
        "stdev": 2.49610447884,
        "var": 6.23053789139
    },
    "spectral_rms": {
        "dmean": 0.00133021862712,
        "dmean2": 0.00160996569321,
        "dvar": 2.66349434241e-06,
        "dvar2": 3.36306425197e-06,
        "max": 0.0160706173629,
        "mean": 0.00747552746907,
        "median": 0.00709403771907,
        "min": 3.22439015592e-12,
        "stdev": 0.00314537202939,
        "var": 9.89336513157e-06
    },
    "spectral_rolloff": {
        "dmean": 350.130737305,
        "dmean2": 587.117675781,
        "dvar": 860492.3125,
        "dvar2": 1551733.25,
        "max": 17915.625,
        "mean": 954.908447266,
        "median": 753.662109375,
        "min": 43.06640625,
        "stdev": 1126.90783691,
        "var": 1269921.25
    },
    "spectral_skewness": {
        "dmean": 0.241082400084,
        "dmean2": 0.359997570515,
        "dvar": 0.0687778815627,
        "dvar2": 0.145817503333,
        "max": 5.17765569687,
        "mean": 1.54656016827,
        "median": 1.44738900661,
        "min": -0.0131015079096,
        "stdev": 0.448347717524,
        "var": 0.201015681028
    },
    "spectral_spread": {
        "dmean": 753331.0625,
        "dmean2": 1003593.75,
        "dvar": 1.0889274327e+12,
        "dvar2": 1.21999314125e+12,
        "max": 39599644,
        "mean": 5897450.5,
        "median": 5749967.5,
        "min": 2048772.5,
        "stdev": 1835996.625,
        "var": 3.37088374374e+12
    },
    "spectral_strongpeak": {
        "dmean": 0.426237642765,
        "dmean2": 0.729574799538,
        "dvar": 0.638896644115,
        "dvar2": 1.66865885258,
        "max": 5.81897211075,
        "mean": 0.842758238316,
        "median": 0.363395512104,
        "min": 0,
        "stdev": 1.07320988178,
        "var": 1.15177941322
    },
    "zerocrossingrate": {
        "dmean": 0.011462893337,
        "dmean2": 0.0129918362945,
        "dvar": 0.000377150572604,
        "dvar2": 0.000410941574955,
        "max": 0.49560546875,
        "mean": 0.0487442910671,
        "median": 0.0478515625,
        "min": 0.00048828125,
        "stdev": 0.0343521386385,
        "var": 0.00118006940465
    },
    "barkbands": {
        "dmean": [0.00231794617139, 0.0163034144789, 0.00374156329781, 0.0016584781697, 0.00285435118712, 0.00177183549386, 0.00225915177725, 0.00118035799824, 0.00114685902372, 0.000706788268872, 0.000636033539195, 0.000779917812906, 0.000577402533963, 0.000587296788581, 0.000277966784779, 0.000199198082555, 0.000206789671211, 0.000114420283353, 0.000139057214255, 0.000110862274596, 0.000166317171534, 0.000153173401486, 0.0001341283496, 0.000137595183332, 0.000121077733638, 9.3828777608e-05, 9.48388969846e-06],
        "dmean2": [0.00328465085477, 0.0194278191775, 0.00684928987175, 0.00304896663874, 0.00490334397182, 0.00281510245986, 0.00344744767062, 0.00185573974159, 0.00172002823092, 0.00113638490438, 0.000907668378204, 0.00118004402611, 0.000918082660064, 0.000899872684386, 0.000429177162005, 0.000299110455671, 0.000320012070006, 0.000184874748811, 0.000214287123526, 0.000173399224877, 0.00024704777752, 0.000227238444495, 0.000207950099139, 0.000209657649975, 0.000179688766366, 0.000151948435814, 1.64636912814e-05],
        "dvar": [1.71228875843e-05, 0.00116817071103, 0.000173579537659, 2.93127759505e-05, 2.72407469311e-05, 1.63562435773e-05, 1.32543273139e-05, 5.81709809921e-06, 4.13561565438e-06, 2.64759501079e-06, 1.57553233748e-06, 2.24194491238e-06, 1.35343600505e-06, 1.44338196151e-06, 3.94459220843e-07, 1.53320883101e-07, 1.00339342168e-07, 3.35452803313e-08, 4.62999913964e-08, 2.49779592565e-08, 5.16087510505e-08, 5.44858842488e-08, 5.99055525186e-08, 6.20210940383e-08, 4.79434021372e-08, 6.46055013931e-08, 1.16173881626e-09],
        "dvar2": [2.65529597527e-05, 0.00206724717282, 0.000504861876834, 8.55147009133e-05, 7.416990411e-05, 4.26666229032e-05, 3.01465843222e-05, 1.28709343699e-05, 8.49391472002e-06, 6.54645691611e-06, 2.75324282484e-06, 4.50250945505e-06, 3.10135169457e-06, 3.28700957652e-06, 9.00552663552e-07, 3.07937170874e-07, 2.27391026897e-07, 8.31843181004e-08, 1.02796789747e-07, 5.90694320124e-08, 1.10352175398e-07, 1.20929357195e-07, 1.41869463732e-07, 1.44216429021e-07, 1.08606187155e-07, 1.65510911643e-07, 3.07959879819e-09],
        "max": [0.0372136458755, 0.25647944212, 0.0884554162621, 0.03879513219, 0.0347720012069, 0.0756054371595, 0.0362853035331, 0.0289843212813, 0.0344743654132, 0.0233020931482, 0.022942321375, 0.0214938577265, 0.0135506382212, 0.014342090115, 0.0079173212871, 0.00894158985466, 0.00330565171316, 0.0016639692476, 0.00289162574336, 0.00132280786056, 0.00227219169028, 0.0027937295381, 0.00225501228124, 0.00280066137202, 0.00182485429104, 0.00226013478823, 0.000273663928965],
        "mean": [0.00475304247811, 0.0355356521904, 0.00351046049036, 0.00154547696002, 0.00336739257909, 0.00243402295746, 0.00325243989937, 0.00175267376471, 0.00215115537867, 0.00130079407245, 0.00145564600825, 0.00156870333012, 0.000784205098171, 0.00101511471439, 0.000437708949903, 0.000289093208266, 0.000333357631462, 0.00013543239038, 0.000214637868339, 0.00017158742412, 0.000379327713745, 0.000325132306898, 0.000194529638975, 0.000214389539906, 0.000204077019589, 8.89559814823e-05, 6.41178485239e-06],
        "median": [0.00230968068354, 0.0171379670501, 0.00102463806979, 0.000470912025776, 0.00135803921148, 0.000858760089613, 0.00115433067549, 0.000519311462995, 0.000730930478312, 0.000248796975939, 0.000328363617882, 0.000519402092323, 0.000285849557258, 0.000277468032436, 0.000117409101222, 8.75515688676e-05, 0.000132454151753, 5.66912713111e-05, 9.38034645515e-05, 0.000103293903521, 0.000271060795058, 0.000181625538971, 8.18329499452e-05, 9.99210169539e-05, 0.000111059911433, 2.04944917641e-05, 1.28185590142e-07],
        "min": [6.27568511273e-23, 8.81046685734e-23, 8.3931581763e-23, 7.25179761548e-23, 4.02016107521e-23, 8.78402739524e-23, 9.62601966015e-23, 4.86999398643e-23, 1.09404682943e-22, 9.2120753131e-23, 6.30580697754e-23, 5.93903840589e-23, 1.42847109422e-22, 5.6136490597e-23, 2.47321348598e-22, 3.19237947686e-22, 2.07569170837e-22, 2.6478324543e-22, 1.47876066139e-22, 2.05999754154e-22, 2.97060252985e-22, 6.65125156607e-22, 5.99544031978e-22, 7.34107193128e-22, 1.37918675042e-21, 1.71846832842e-21, 2.26582440263e-21],
        "stdev": [0.00634443480521, 0.0531648881733, 0.0098942425102, 0.00408816616982, 0.00502362009138, 0.00436175055802, 0.00500531075522, 0.00355133367702, 0.00378094310872, 0.00310028367676, 0.00302770081908, 0.0024845416192, 0.00146639975719, 0.00181589380372, 0.000933002971578, 0.000597304664552, 0.00048781678197, 0.000200380716706, 0.000298214028589, 0.00019771514053, 0.000388082728023, 0.000371883099433, 0.000293785415124, 0.000312636722811, 0.000272792152828, 0.000230658086366, 2.827501703e-05],
        "var": [4.02518526244e-05, 0.00282650534064, 9.78960306384e-05, 1.67131038324e-05, 2.52367590292e-05, 1.90248665604e-05, 2.50531356869e-05, 1.26119703054e-05, 1.42955304909e-05, 9.61175919656e-06, 9.16697172215e-06, 6.17294699623e-06, 2.15032810047e-06, 3.29747035721e-06, 8.70494545779e-07, 3.56772829946e-07, 2.37965224414e-07, 4.015243249e-08, 8.8931599862e-08, 3.90912795467e-08, 1.50608201466e-07, 1.38297039598e-07, 8.63098676973e-08, 9.77417116133e-08, 7.44155528309e-08, 5.32031521061e-08, 7.99476596036e-10]
    },
    "erbbands": {
        "dmean": [0.707073330879, 3.40828061104, 4.7275633812, 4.99878168106, 7.03686618805, 10.7375059128, 9.65986156464, 16.7256221771, 27.9738349915, 30.8672065735, 29.3768558502, 21.0210647583, 22.2449913025, 23.5343952179, 17.5818138123, 30.9669532776, 24.8015899658, 30.0090274811, 17.9362754822, 12.2728919983, 9.73514556885, 12.1817407608, 6.89655303955, 5.9527926445, 6.89636850357, 4.8381690979, 6.48999500275, 6.70739650726, 5.78263759613, 4.54356718063, 3.54361343384, 2.95851635933, 2.3350584507, 1.60379207134, 0.7844607234, 0.501269519329, 0.140362218022, 0.0293041095138, 0.000884367211256, 4.30545042036e-05],
        "dmean2": [0.850784242153, 4.53040409088, 8.12977981567, 9.08379840851, 12.3943538666, 18.4919128418, 15.6151189804, 26.5800666809, 42.4443740845, 48.7358932495, 45.0881767273, 32.5101356506, 34.1512794495, 35.0309066772, 24.9375133514, 46.6497497559, 37.9400100708, 45.2242012024, 28.2239665985, 17.5928096771, 14.8243484497, 18.7076091766, 11.1001014709, 9.35762119293, 10.7319774628, 7.55635690689, 9.96132946014, 10.0093545914, 8.5893163681, 6.88787221909, 5.52646970749, 4.4864821434, 3.5948536396, 2.41850090027, 1.19436824322, 0.815743863583, 0.219951882958, 0.048998516053, 0.00150620518252, 5.98979349888e-05],
        "dvar": [1.92963898182, 66.6224212646, 235.071884155, 274.709289551, 323.786499023, 341.747589111, 279.822265625, 1717.2734375, 2363.36035156, 2907.28149414, 3100.81176758, 1384.24475098, 1879.13562012, 2440.11083984, 979.192810059, 3528.25708008, 2344.85327148, 4182.51220703, 1621.41540527, 614.598632812, 319.966125488, 355.553222656, 118.600700378, 109.687522888, 109.623512268, 50.554649353, 78.8569412231, 98.2283248901, 76.5707702637, 58.8992729187, 40.5117416382, 26.6310138702, 19.4511470795, 7.9392080307, 2.30050253868, 1.66578638554, 0.139915376902, 0.00891145505011, 9.3332855613e-06, 6.04133454374e-09],
        "dvar2": [2.16546320915, 144.159759521, 653.214172363, 797.160400391, 906.942565918, 921.34576416, 699.365478516, 4500.13769531, 5368.3828125, 6857.04248047, 7189.87207031, 2965.88134766, 4449.31152344, 5053.98974609, 1736.47619629, 7460.33251953, 5466.51953125, 9380.92480469, 4040.97875977, 1154.84289551, 685.073486328, 794.571105957, 288.889007568, 264.2394104, 256.633453369, 120.900779724, 164.374023438, 214.390274048, 175.491668701, 137.068206787, 95.6029586792, 60.3500442505, 46.2591781616, 18.1252117157, 5.41469335556, 4.34419155121, 0.342842906713, 0.0230138879269, 2.45604405791e-05, 1.44415839287e-08],
        "max": [10.1333417892, 61.8010177612, 104.750442505, 120.915855408, 118.16557312, 123.493423462, 211.888183594, 796.58807373, 515.486877441, 622.185241699, 642.635314941, 556.246154785, 793.37322998, 984.514953613, 579.728149414, 853.44732666, 613.945678711, 894.85736084, 523.562927246, 453.95135498, 269.817840576, 206.306396484, 95.7763214111, 183.117584229, 152.528137207, 63.3800849915, 77.7952728271, 125.193626404, 108.001739502, 69.817741394, 72.7053070068, 52.2386131287, 46.1500511169, 22.402879715, 12.9122724533, 12.2072219849, 2.89171147346, 0.70156121254, 0.0257575698197, 0.000634881842416],
        "mean": [1.68964254856, 5.23837757111, 5.03183603287, 4.77355766296, 7.49750328064, 12.6499032974, 12.9402503967, 22.8778934479, 40.5012931824, 43.586566925, 51.890789032, 38.2447547913, 48.3639411926, 51.9722976685, 37.5183258057, 63.7642669678, 44.0455093384, 52.7500648499, 30.1092605591, 20.4032440186, 16.1361503601, 20.090511322, 9.16902351379, 7.81575155258, 11.0720281601, 7.68869495392, 13.6919927597, 15.5740423203, 12.1476297379, 7.93812608719, 5.23445987701, 4.66851520538, 3.47280550003, 2.73072981834, 1.15701663494, 0.514069199562, 0.133301630616, 0.0226229336113, 0.000692803296261, 9.67126470641e-05],
        "median": [0.970838665962, 1.92846405506, 1.79523968697, 1.59741306305, 2.88309001923, 4.57189702988, 4.87555456161, 8.04423904419, 15.1793136597, 14.2193698883, 16.0936336517, 15.8612174988, 12.3482017517, 18.4708881378, 14.4268426895, 23.3128108978, 18.6947193146, 15.4893655777, 10.2598180771, 6.88373708725, 5.75489377975, 7.62839841843, 4.00138235092, 3.58176803589, 5.55666446686, 4.76926517487, 9.23890209198, 10.8723716736, 6.50027656555, 4.17099046707, 2.15252041817, 1.79298877716, 1.66374349594, 1.40519106388, 0.508112311363, 0.155229568481, 0.0262527149171, 0.00217855907977, 9.78444877546e-05, 7.05402708263e-05],
        "min": [3.41213497096e-21, 1.74991480302e-20, 7.46857497665e-20, 2.14765154662e-19, 1.98992190399e-19, 9.94973747445e-20, 2.42479207776e-19, 8.52330005102e-19, 1.28486574594e-18, 9.99877209493e-19, 1.44575444303e-18, 2.20540351339e-18, 3.70590480186e-18, 3.3123665944e-18, 1.79076765081e-18, 2.77101658815e-18, 5.28474691858e-18, 4.71879862887e-18, 6.86055493681e-18, 1.43054782348e-17, 1.85625500224e-17, 1.17831845171e-17, 1.35766816571e-17, 1.08842658387e-17, 5.79192485295e-18, 9.1902694274e-18, 7.93682858313e-18, 1.75942838302e-17, 2.21228743452e-17, 2.53173929313e-17, 1.53621170949e-17, 1.31495958992e-17, 1.41584915487e-17, 1.37231836154e-17, 1.00487141584e-17, 5.60169068286e-18, 3.81331668594e-18, 1.23255815272e-18, 3.56250611503e-19, 3.09543716044e-20],
        "stdev": [2.41015005112, 9.84951400757, 12.4740791321, 12.5697469711, 15.2410078049, 19.2043056488, 20.4542217255, 44.0826644897, 65.2935562134, 70.7706069946, 93.856918335, 62.0344009399, 106.341072083, 101.244880676, 66.646484375, 100.556655884, 67.0888061523, 97.3561248779, 52.2943840027, 41.7947502136, 27.1374950409, 29.520483017, 12.6311454773, 12.1545257568, 14.3333005905, 8.81717586517, 14.3977537155, 16.373878479, 13.8168296814, 10.2859325409, 7.81923723221, 6.9354891777, 5.26102399826, 3.55959773064, 1.77588319778, 1.18055689335, 0.352277874947, 0.0813681334257, 0.00256950850599, 8.80719526322e-05],
        "var": [5.80882358551, 97.0129318237, 155.602661133, 157.998535156, 232.288314819, 368.805358887, 418.375152588, 1943.28137207, 4263.24853516, 5008.47900391, 8809.12109375, 3848.26708984, 11308.4228516, 10250.5263672, 4441.75390625, 10111.6416016, 4500.90820312, 9478.21484375, 2734.70263672, 1746.80126953, 736.443664551, 871.45892334, 159.545837402, 147.732498169, 205.443511963, 77.7425842285, 207.295318604, 268.103912354, 190.904769897, 105.80040741, 61.1404685974, 48.1010131836, 27.6783733368, 12.6707363129, 3.15376114845, 1.39371466637, 0.124099694192, 0.00662077357993, 6.60237355987e-06, 7.75666908481e-09]
    },
    "gfcc": {
        "mean": [17.3753814697, 84.2474822998, -98.6044692993, 31.4589157104, -61.8086624146, 33.9900894165, -29.1182289124, 14.3299207687, -18.6364746094, 16.0740184784, -10.5937900543, 4.67163133621, -3.83599829674],
        "cov": [[8034.79492188, -813.259887695, -1058.32788086, -3.60679221153, -823.466796875, -65.0281448364, -506.488494873, -59.3594894409, -429.085723877, 162.877716064, -355.74118042, 148.195861816, -283.48828125], [-813.259887695, 1216.15014648, 195.562011719, 107.797271729, 214.120040894, -145.468490601, 104.967575073, 14.438955307, 156.775466919, -19.242181778, 193.026992798, -90.600112915, 70.7887268066], [-1058.32788086, 195.562011719, 1353.0925293, 383.767669678, 618.976135254, 262.072235107, 235.779220581, 185.534851074, 195.594619751, -5.40932607651, 94.9601821899, 26.5717792511, -7.51322650909], [-3.60679221153, 107.797271729, 383.767669678, 384.128601074, 293.749176025, 135.693725586, 100.152359009, 74.2966003418, 117.917144775, 1.38132548332, 41.9670181274, 9.99762153625, 33.6310424805], [-823.466796875, 214.120040894, 618.976135254, 293.749176025, 614.097106934, 216.938293457, 230.688491821, 118.61630249, 155.10836792, 4.86584186554, 71.1710891724, -9.66162490845, 62.1454849243], [-65.0281448364, -145.468490601, 262.072235107, 135.693725586, 216.938293457, 347.121795654, 218.685272217, 80.5221939087, 23.525396347, 15.1059360504, 22.5846176147, 11.0364694595, 31.3493499756], [-506.488494873, 104.967575073, 235.779220581, 100.152359009, 230.688491821, 218.685272217, 318.676513672, 96.5000610352, 67.0360107422, 4.66307544708, 80.3773040771, 3.08433103561, 25.1114959717], [-59.3594894409, 14.438955307, 185.534851074, 74.2966003418, 118.61630249, 80.5221939087, 96.5000610352, 119.96484375, 69.9775390625, 25.7618999481, 26.8738956451, 17.8950271606, 8.68087387085], [-429.085723877, 156.775466919, 195.594619751, 117.917144775, 155.10836792, 23.525396347, 67.0360107422, 69.9775390625, 189.671264648, 38.6528434753, 52.3608093262, 5.31694126129, 47.4844894409], [162.877716064, -19.242181778, -5.40932607651, 1.38132548332, 4.86584186554, 15.1059360504, 4.66307544708, 25.7618999481, 38.6528434753, 102.051399231, 41.5041923523, 26.2011203766, 10.8892908096], [-355.74118042, 193.026992798, 94.9601821899, 41.9670181274, 71.1710891724, 22.5846176147, 80.3773040771, 26.8738956451, 52.3608093262, 41.5041923523, 159.061828613, 22.6163673401, 26.872335434], [148.195861816, -90.600112915, 26.5717792511, 9.99762153625, -9.66162490845, 11.0364694595, 3.08433103561, 17.8950271606, 5.31694126129, 26.2011203766, 22.6163673401, 75.3921966553, 8.03435897827], [-283.48828125, 70.7887268066, -7.51322650909, 33.6310424805, 62.1454849243, 31.3493499756, 25.1114959717, 8.68087387085, 47.4844894409, 10.8892908096, 26.872335434, 8.03435897827, 108.061897278]],
        "icov": [[0.000306381611153, -0.00023195889662, 0.000273354351521, -0.000570373027585, 0.000247439253144, -0.000458571419585, 0.000473922933452, -0.000507121731061, 0.000617028970737, -0.000759882910643, 0.000733403547201, -0.000781751994509, 0.00075474899495], [-0.00023195889662, 0.00197514123283, -0.000365195795894, 0.000156621739734, -0.000409337837482, 0.00212090089917, -0.00125231198035, 0.000559365551453, -0.000805915275123, 0.0010310561629, -0.00251598819159, 0.00310238520615, -0.00146508088801], [0.000273354351521, -0.000365195795894, 0.00204924424179, -0.000773361418396, -0.00121495779604, -0.00120158132631, 0.00123543664813, -0.00145352457184, -0.000115666429338, 0.000318212405546, 0.000173511230969, -0.00168263888918, 0.00231719552539], [-0.000570373027585, 0.000156621739734, -0.000773361418396, 0.0059619396925, -0.00193294219207, -0.000836128252558, 0.00052735034842, 0.000816971529275, -0.00300576724112, 0.00259686540812, -0.00157854321878, 0.000331088114763, -0.000915108190384], [0.000247439253144, -0.000409337837482, -0.00121495779604, -0.00193294219207, 0.00500562321395, -0.000671008892823, -0.00122752855532, -0.000370137626305, 8.95528573892e-05, -0.00106891186442, 0.00117488577962, 0.000725946913008, -0.00121244275942], [-0.000458571419585, 0.00212090089917, -0.00120158132631, -0.000836128252558, -0.000671008892823, 0.00939996447414, -0.00622752774507, 0.000380991405109, 0.00173012318555, -0.000912663526833, -0.000758880516514, 0.00354477181099, -0.00408334145322], [0.000473922933452, -0.00125231198035, 0.00123543664813, 0.00052735034842, -0.00122752855532, -0.00622752774507, 0.00989004410803, -0.00416299141943, -0.000236912397668, 0.00161830720026, -0.0017402645899, -0.00195303920191, 0.00305316387676], [-0.000507121731061, 0.000559365551453, -0.00145352457184, 0.000816971529275, -0.000370137626305, 0.000380991405109, -0.00416299141943, 0.0163112170994, -0.00469720130786, -0.00120892561972, 0.00033059110865, -0.00106760812923, -0.000109676846478], [0.000617028970737, -0.000805915275123, -0.000115666429338, -0.00300576724112, 8.95528573892e-05, 0.00173012318555, -0.000236912397668, -0.00469720130786, 0.0119939809665, -0.0050863288343, 0.00162451982033, -0.000190834020032, -0.0021946055349], [-0.000759882910643, 0.0010310561629, 0.000318212405546, 0.00259686540812, -0.00106891186442, -0.000912663526833, 0.00161830720026, -0.00120892561972, -0.0050863288343, 0.016348997131, -0.00618266128004, -0.00090426026145, -0.000662150501739], [0.000733403547201, -0.00251598819159, 0.000173511230969, -0.00157854321878, 0.00117488577962, -0.000758880516514, -0.0017402645899, 0.00033059110865, 0.00162451982033, -0.00618266128004, 0.0134851150215, -0.0061817583628, 0.0010132084135], [-0.000781751994509, 0.00310238520615, -0.00168263888918, 0.000331088114763, 0.000725946913008, 0.00354477181099, -0.00195303920191, -0.00106760812923, -0.000190834020032, -0.00090426026145, -0.0061817583628, 0.021712243557, -0.00511146616191], [0.00075474899495, -0.00146508088801, 0.00231719552539, -0.000915108190384, -0.00121244275942, -0.00408334145322, 0.00305316387676, -0.000109676846478, -0.0021946055349, -0.000662150501739, 0.0010132084135, -0.00511146616191, 0.0149799333885]]
    },
    "melbands": {
        "dmean": [0.00508275581524, 0.00277443556115, 0.000890813360456, 0.000644396059215, 0.000362079270417, 0.000374375842512, 0.000432561093476, 0.00031485495856, 0.000253349193372, 0.000130538377562, 0.000113827729365, 9.83941572485e-05, 7.19115632819e-05, 6.46434273222e-05, 9.4988688943e-05, 5.45336079085e-05, 5.9578618675e-05, 3.44953878084e-05, 2.10848957067e-05, 1.52682969201e-05, 1.16013770821e-05, 1.38892228279e-05, 9.43179020396e-06, 4.53404072687e-06, 4.99956513522e-06, 6.02588261245e-06, 3.88524131267e-06, 3.42978432855e-06, 4.21318964072e-06, 4.40429676019e-06, 4.01443321607e-06, 3.68193650502e-06, 2.72430975201e-06, 2.66816141448e-06, 2.17951946979e-06, 1.94785548047e-06, 1.84685359272e-06, 1.74893204985e-06, 1.56179601163e-06, 1.35309642246e-06],
        "dmean2": [0.00623520836234, 0.00405488023534, 0.00161027174909, 0.00111413281411, 0.000597454665694, 0.000591085408814, 0.000661905331071, 0.000490508158691, 0.000385955441743, 0.000202112933039, 0.000175566907274, 0.000148371225805, 0.000101324920251, 9.94301735773e-05, 0.000145308891661, 8.6826759798e-05, 9.10430171643e-05, 5.4920285038e-05, 3.22585219692e-05, 2.23332390306e-05, 1.79051075975e-05, 2.15901945921e-05, 1.49470870383e-05, 7.35937510399e-06, 7.95614778326e-06, 9.40191966947e-06, 6.12505618847e-06, 5.46624642084e-06, 6.50128004054e-06, 6.68560460326e-06, 6.05603599979e-06, 5.51485800315e-06, 4.14031137552e-06, 4.10105349147e-06, 3.45960756931e-06, 3.08712287733e-06, 2.8087431474e-06, 2.70151463155e-06, 2.42409828388e-06, 2.03385320674e-06],
        "dvar": [0.000106633240648, 5.43622372788e-05, 7.95091818873e-06, 1.6157588334e-06, 3.65532002888e-07, 7.56706640459e-07, 5.15315434768e-07, 2.99756038658e-07, 2.22234959324e-07, 5.20009422189e-08, 5.31391464165e-08, 4.20653520905e-08, 1.87553528264e-08, 1.64464850627e-08, 3.64871084457e-08, 1.40393616732e-08, 1.63544680021e-08, 6.68791022562e-09, 2.29556929021e-09, 1.19111975838e-09, 5.70207991935e-10, 5.09610131871e-10, 2.50672538282e-10, 5.82805054217e-11, 9.19963688562e-11, 9.40972716412e-11, 3.24414349551e-11, 2.78364501588e-11, 3.49681741896e-11, 3.84075965476e-11, 3.69945324374e-11, 2.95298091535e-11, 1.82812636557e-11, 2.27801735808e-11, 1.61096153778e-11, 1.263095184e-11, 1.04191395095e-11, 1.07631100213e-11, 8.7013547409e-12, 4.94871157941e-12],
        "dvar2": [0.000155445683049, 0.000131445543957, 2.29486213357e-05, 4.42877126261e-06, 9.26692734993e-07, 1.96776204575e-06, 1.16758167223e-06, 6.83337304963e-07, 5.0854652045e-07, 1.07402904348e-07, 1.27296644337e-07, 9.14134616892e-08, 3.21821111982e-08, 3.35272751784e-08, 7.37559346931e-08, 3.18545154698e-08, 3.65440619987e-08, 1.68700307057e-08, 5.2328252842e-09, 2.16827289456e-09, 1.27892818558e-09, 1.14643894378e-09, 6.27090046557e-10, 1.49221190959e-10, 2.24616283906e-10, 2.20812687579e-10, 8.11308450976e-11, 6.78599954007e-11, 7.66453012169e-11, 8.57554374734e-11, 8.03536404081e-11, 6.76506559105e-11, 4.20344106744e-11, 5.46840524251e-11, 3.94548595184e-11, 2.84139135831e-11, 2.41886059793e-11, 2.57996141811e-11, 2.10052097244e-11, 1.10095422362e-11],
        "max": [0.0765499845147, 0.0515526644886, 0.0198890194297, 0.00873340945691, 0.00703375600278, 0.0169321168214, 0.00667743384838, 0.00578495161608, 0.00711982650682, 0.00324293086305, 0.00393168767914, 0.00386227993295, 0.00277256546542, 0.00203631655313, 0.00315612880513, 0.00136764510535, 0.00158284942154, 0.000965688144788, 0.000786888180301, 0.000949518347625, 0.000377280986868, 0.000284716457827, 0.000192320221686, 5.96332392888e-05, 0.000179763010237, 0.000137650698889, 6.38560159132e-05, 5.10146965098e-05, 6.45819091005e-05, 7.08348816261e-05, 7.78009416535e-05, 6.44756073598e-05, 4.57004825876e-05, 4.24095924245e-05, 4.75007982459e-05, 3.48791545548e-05, 3.58805955329e-05, 4.16767034039e-05, 2.26542051678e-05, 1.86214965652e-05],
        "mean": [0.0120712229982, 0.00381713127717, 0.000884322798811, 0.000739437877201, 0.000482589530293, 0.000530226330739, 0.000631147238892, 0.000445414305432, 0.00045461076661, 0.000235054976656, 0.000240441120695, 0.000203195857466, 0.000156606634846, 0.000118111660413, 0.000186589983059, 7.50469480408e-05, 0.000101592326246, 5.13541781402e-05, 3.33471434715e-05, 2.13676648855e-05, 1.74689594132e-05, 2.23725601245e-05, 1.24870275613e-05, 5.08685297973e-06, 6.11124460193e-06, 9.33747924137e-06, 5.68613722862e-06, 4.95020458402e-06, 8.08663116914e-06, 9.35543448577e-06, 8.88047725311e-06, 7.49502396502e-06, 5.07648474013e-06, 4.1201797103e-06, 3.04072318613e-06, 2.79232858702e-06, 2.86987233267e-06, 2.43460635829e-06, 2.33005221162e-06, 2.30470595852e-06],
        "median": [0.00636997586116, 0.00160554703325, 0.000338271987857, 0.000293905381113, 0.000185842218343, 0.000197837507585, 0.000251768302405, 0.000125874663354, 0.000115461472888, 9.09736991161e-05, 4.8240468459e-05, 6.99879674357e-05, 4.36455629824e-05, 4.26393053203e-05, 5.21112015122e-05, 2.32202037296e-05, 2.55853265116e-05, 1.57835511345e-05, 9.12345785764e-06, 6.63826813252e-06, 5.89330511502e-06, 8.35144328448e-06, 4.34177263742e-06, 2.1484388526e-06, 2.43395379584e-06, 3.86351575798e-06, 2.94456754091e-06, 2.74447893389e-06, 4.99394172948e-06, 6.1368355091e-06, 5.74419482291e-06, 3.73180000679e-06, 2.57356214206e-06, 1.93641176338e-06, 1.15374336929e-06, 9.38734785905e-07, 1.00588272289e-06, 9.88502847576e-07, 1.17065690119e-06, 1.13172029614e-06],
        "min": [3.08165609616e-23, 3.55249498497e-23, 3.54623174492e-23, 1.09456541081e-23, 7.24930749715e-24, 1.80887509507e-23, 2.12563666953e-23, 1.03880446218e-23, 1.17641698725e-23, 1.54295103055e-23, 1.82017032105e-23, 1.25181639145e-23, 6.12328625775e-24, 6.25055121543e-24, 8.68856844151e-24, 1.35560303422e-23, 8.06592131788e-24, 7.63080536408e-24, 2.24033546743e-23, 1.99029432838e-23, 2.16927692813e-23, 1.1959738746e-23, 1.51835434753e-23, 9.04895402403e-24, 9.02871264206e-24, 5.41428410854e-24, 4.08678306078e-24, 6.82935897198e-24, 5.13433472822e-24, 5.76484797837e-24, 1.12072845605e-23, 1.18935556827e-23, 1.36788496743e-23, 1.44640171327e-23, 8.76629648422e-24, 6.22489864209e-24, 9.50991542767e-24, 9.93287345719e-24, 1.04821857045e-23, 1.21404486356e-23],
        "stdev": [0.0173097681254, 0.00757928239182, 0.00216111517511, 0.00118147907779, 0.000725279853214, 0.000948695291299, 0.000971225497779, 0.000749102502596, 0.000855290971231, 0.000390136934584, 0.000546027964447, 0.000395309267333, 0.000317335448926, 0.000213151914068, 0.000318668899126, 0.00015267150593, 0.000195976957912, 0.000101796918898, 7.59229296818e-05, 5.27170377609e-05, 3.23162530549e-05, 3.46258675563e-05, 1.91699637071e-05, 7.82440383773e-06, 1.07938603833e-05, 1.29441668832e-05, 7.36217725716e-06, 6.21281697022e-06, 8.9471868705e-06, 1.00500055851e-05, 9.73195074039e-06, 8.67880680744e-06, 6.38475421511e-06, 5.84282543059e-06, 4.69745691589e-06, 4.4884855015e-06, 4.38514916823e-06, 3.94492008127e-06, 3.43602164321e-06, 2.97261249216e-06],
        "var": [0.0002996280964, 5.74455189053e-05, 4.6704185479e-06, 1.39589280934e-06, 5.26030873971e-07, 9.00022769201e-07, 9.43278962495e-07, 5.61154536172e-07, 7.3152261848e-07, 1.52206837356e-07, 2.98146545674e-07, 1.56269422291e-07, 1.00701782912e-07, 4.54337367728e-08, 1.01549872511e-07, 2.33085906132e-08, 3.84069700488e-08, 1.03626129899e-08, 5.76429171062e-09, 2.77908607238e-09, 1.0443401699e-09, 1.19895060546e-09, 3.67487484887e-10, 6.12212988638e-11, 1.16507428705e-10, 1.67551444941e-10, 5.42016570515e-11, 3.85990926721e-11, 8.00521593458e-11, 1.01002609054e-10, 9.47108710903e-11, 7.53216933269e-11, 4.07650857515e-11, 3.41386086067e-11, 2.20661006828e-11, 2.01465007871e-11, 1.92295328966e-11, 1.55623951226e-11, 1.18062443502e-11, 8.83642551491e-12]
    },
    "melbands128": {
