{
"lowlevel": {
    "average_loudness": 0.960820555687,
    "barkbands_crest": {
        "dmean": 3.32468771935,
        "dmean2": 5.18382644653,
        "dvar": 9.91417694092,
        "dvar2": 21.995891571,
        "max": 26.1254806519,
        "mean": 10.3124399185,
        "median": 9.01637935638,
        "min": 2.82023525238,
        "stdev": 5.06021738052,
        "var": 25.6057987213
    },
    "barkbands_flatness_db": {
        "dmean": 0.0290460120887,
        "dmean2": 0.0415072701871,
        "dvar": 0.000996283371933,
        "dvar2": 0.00185546348803,
        "max": 0.39447799325,
        "mean": 0.118603438139,
        "median": 0.103160522878,
        "min": 0.0228690393269,
        "stdev": 0.0599383637309,
        "var": 0.00359260733239
    },
    "barkbands_kurtosis": {
        "dmean": 10.7917890549,
        "dmean2": 15.9404726028,
        "dvar": 1557.3371582,
        "dvar2": 3027.38598633,
        "max": 690.982849121,
        "mean": 12.3047361374,
        "median": 2.01623010635,
        "min": -1.8927462101,
        "stdev": 47.1015739441,
        "var": 2218.55810547
    },
    "barkbands_skewness": {
        "dmean": 1.05328059196,
        "dmean2": 1.47616910934,
        "dvar": 2.52832603455,
        "dvar2": 4.7855796814,
        "max": 23.5347290039,
        "mean": 2.11722517014,
        "median": 1.64123249054,
        "min": -4.08622074127,
        "stdev": 2.50426340103,
        "var": 6.27133464813
    },
    "barkbands_spread": {
        "dmean": 13.4087839127,
        "dmean2": 20.6821937561,
        "dvar": 240.975112915,
        "dvar2": 576.036376953,
        "max": 113.759109497,
        "mean": 36.1646232605,
        "median": 32.1328620911,
        "min": 0.42475900054,
        "stdev": 24.6570987701,
        "var": 607.97253418
    },
    "dissonance": {
        "dmean": 0.0192317068577,
        "dmean2": 0.0316189043224,
        "dvar": 0.000352916744305,
        "dvar2": 0.000895252276678,
        "max": 0.499999910593,
        "mean": 0.464612066746,
        "median": 0.471175730228,
        "min": 0.28468132019,
        "stdev": 0.0262916386127,
        "var": 0.00069125025766
    },
    "dynamic_complexity": 2.53265738487,
    "erbbands_crest": {
        "dmean": 2.69451761246,
        "dmean2": 4.36777687073,
        "dvar": 6.42246627808,
        "dvar2": 15.769446373,
        "max": 23.5633239746,
        "mean": 7.67055559158,
        "median": 6.6946516037,
        "min": 2.13066887856,
        "stdev": 3.79767370224,
        "var": 14.4223251343
    },
    "erbbands_flatness_db": {
        "dmean": 0.0164004880935,
        "dmean2": 0.0236248094589,
        "dvar": 0.000297867343761,
        "dvar2": 0.000551582896151,
        "max": 0.290565133095,
        "mean": 0.106315426528,
        "median": 0.100621417165,
        "min": 0.0324003957212,
        "stdev": 0.0363632589579,
        "var": 0.00132228666916
    },
    "erbbands_kurtosis": {
        "dmean": 1.06134212017,
        "dmean2": 1.62822890282,
        "dvar": 2.36213207245,
        "dvar2": 5.54007577896,
        "max": 15.9945907593,
        "mean": 0.163307130337,
        "median": -0.536348342896,
        "min": -1.75629484653,
        "stdev": 2.05467510223,
        "var": 4.22168970108
    },
    "erbbands_skewness": {
        "dmean": 0.47171780467,
        "dmean2": 0.703152537346,
        "dvar": 0.237163320184,
        "dvar2": 0.525105774403,
        "max": 3.90715527534,
        "mean": 0.397770643234,
        "median": 0.372346699238,
        "min": -3.42509746552,
        "stdev": 0.845618963242,
        "var": 0.715071439743
    },
    "erbbands_spread": {
        "dmean": 16.7994689941,
        "dmean2": 25.0129089355,
        "dvar": 272.978820801,
        "dvar2": 601.844665527,
        "max": 161.747329712,
        "mean": 65.5874328613,
        "median": 64.1245422363,
        "min": 7.12894868851,
        "stdev": 27.7829227448,
        "var": 771.89074707
    },
    "hfc": {
        "dmean": 30.7593421936,
        "dmean2": 44.5891876221,
        "dvar": 3125.50561523,
        "dvar2": 6486.98046875,
        "max": 572.026550293,
        "mean": 47.2781524658,
        "median": 24.2763748169,
        "min": 0.00447121402249,
        "stdev": 71.7321014404,
        "var": 5145.49462891
    },
    "loudness_ebu128": {
        "integrated": -11.8022785187,
        "loudness_range": 1.79903411865,
        "momentary": {
            "dmean": 0.793688118458,
            "dmean2": 1.30433189869,
            "dvar": 0.416735172272,
            "dvar2": 0.936314702034,
            "max": -9.04276371002,
            "mean": -12.08177948,
            "median": -11.7702159882,
            "min": -17.1392345428,
            "stdev": 1.62880432606,
            "var": 2.65300369263
        },
        "short_term": {
            "dmean": 0.115347906947,
            "dmean2": 0.191242590547,
            "dvar": 0.0117749823257,
            "dvar2": 0.0248359106481,
            "max": -10.7076330185,
            "mean": -11.8616981506,
            "median": -11.8767490387,
            "min": -13.6455793381,
            "stdev": 0.640309751034,
            "var": 0.409996598959
        }
    },
    "melbands_crest": {
        "dmean": 4.11011123657,
        "dmean2": 6.29792356491,
        "dvar": 12.0357847214,
        "dvar2": 24.0642261505,
        "max": 36.4040336609,
        "mean": 14.8194694519,
        "median": 13.0949926376,
        "min": 3.77041482925,
        "stdev": 6.47174024582,
        "var": 41.8834190369
    },
    "melbands_flatness_db": {
        "dmean": 0.0377156063914,
        "dmean2": 0.0538469776511,
        "dvar": 0.00157614413183,
        "dvar2": 0.00301068206318,
        "max": 0.526454865932,
        "mean": 0.180784240365,
        "median": 0.165263473988,
        "min": 0.0271034352481,
        "stdev": 0.0790950506926,
        "var": 0.00625602668151
    },
    "melbands_kurtosis": {
        "dmean": 25.3523426056,
        "dmean2": 35.0367660522,
        "dvar": 3527.59130859,
        "dvar2": 6565.83642578,
        "max": 736.895385742,
        "mean": 37.5633506775,
        "median": 15.4032688141,
        "min": -1.83241462708,
        "stdev": 81.2285308838,
        "var": 6598.07421875
    },
    "melbands_skewness": {
        "dmean": 1.36410737038,
        "dmean2": 1.94062805176,
        "dvar": 2.88831329346,
        "dvar2": 5.36865282059,
        "max": 21.1986598969,
        "mean": 4.02137517929,
        "median": 3.36049675941,
        "min": -0.970341980457,
        "stdev": 2.92162680626,
        "var": 8.53590297699
    },
    "melbands_spread": {
        "dmean": 14.6599626541,
        "dmean2": 22.3359031677,
        "dvar": 515.157043457,
        "dvar2": 1122.68554688,
        "max": 254.450393677,
        "mean": 28.7058372498,
        "median": 20.8466243744,
        "min": 0.323479562998,
        "stdev": 31.2268829346,
        "var": 975.118164062
    },
    "pitch_salience": {
        "dmean": 0.0917100831866,
        "dmean2": 0.14029699564,
        "dvar": 0.00794677808881,
        "dvar2": 0.0161504149437,
        "max": 0.922156214714,
        "mean": 0.575237154961,
        "median": 0.606947004795,
        "min": 0.0606654696167,
        "stdev": 0.14878192544,
        "var": 0.022136060521
    },
    "silence_rate_20dB": {
        "dmean": 0.0278637763113,
        "dmean2": 0.0557707212865,
        "dvar": 0.0270874705166,
        "dvar2": 0.0712513253093,
        "max": 1,
        "mean": 0.98143851757,
        "median": 1,
        "min": 0,
        "stdev": 0.134971216321,
        "var": 0.018217228353
    },
    "silence_rate_30dB": {
        "dmean": 0.071207433939,
        "dmean2": 0.142525181174,
        "dvar": 0.0661370009184,
        "dvar2": 0.133056595922,
        "max": 1,
        "mean": 0.895591676235,
        "median": 1,
        "min": 0,
        "stdev": 0.305790960789,
        "var": 0.0935081094503
    },
    "silence_rate_60dB": {
        "dmean": 0.022445820272,
        "dmean2": 0.0441518202424,
        "dvar": 0.0219417922199,
        "dvar2": 0.0545973703265,
        "max": 1,
        "mean": 0.0201082751155,
        "median": 0,
        "min": 0,
        "stdev": 0.140370756388,
        "var": 0.0197039488703
    },
    "spectral_centroid": {
        "dmean": 429.94140625,
        "dmean2": 657.665405273,
        "dvar": 227045.828125,
        "dvar2": 523659.65625,
        "max": 5680.65576172,
        "mean": 1371.22741699,
        "median": 1238.78063965,
        "min": 185.481887817,
        "stdev": 763.694274902,
        "var": 583228.9375
    },
    "spectral_complexity": {
        "dmean": 5.39705896378,
        "dmean2": 8.00464725494,
        "dvar": 46.6420059204,
        "dvar2": 83.5987701416,
        "max": 59,
        "mean": 16.3959789276,
        "median": 14,
        "min": 0,
        "stdev": 10.9155912399,
        "var": 119.150123596
    },
    "spectral_decrease": {
        "dmean": 6.79253853164e-09,
        "dmean2": 9.22326570674e-09,
        "dvar": 2.08595190795e-16,
        "dvar2": 3.39001537853e-16,
        "max": -1.3474407679e-13,
        "mean": -1.08842321822e-08,
        "median": -4.69180649887e-09,
        "min": -1.32569411448e-07,
        "stdev": 1.95816980408e-08,
        "var": 3.83442868437e-16
    },
    "spectral_energy": {
        "dmean": 0.0275272838771,
        "dmean2": 0.0371081829071,
        "dvar": 0.00301911728457,
        "dvar2": 0.00485558435321,
        "max": 0.503800690174,
        "mean": 0.0453678816557,
        "median": 0.0207989551127,
        "min": 9.14107260996e-07,
        "stdev": 0.0752795040607,
        "var": 0.00566700426862
    },
    "spectral_energyband_high": {
        "dmean": 0.00290188146755,
        "dmean2": 0.00422741426155,
        "dvar": 2.91468186333e-05,
        "dvar2": 5.88610710111e-05,
        "max": 0.0582989417017,
        "mean": 0.00395399564877,
        "median": 0.00146122800652,
        "min": 4.51340611107e-07,
        "stdev": 0.00704249646515,
        "var": 4.959675789e-05
    },
    "spectral_energyband_low": {
        "dmean": 0.0195832680911,
        "dmean2": 0.0265443306416,
        "dvar": 0.0031810356304,
        "dvar2": 0.00535731576383,
        "max": 0.499995410442,
        "mean": 0.0256352368742,
        "median": 0.00326955551282,
        "min": 5.33558708327e-09,
        "stdev": 0.0730581209064,
        "var": 0.00533748883754
    },
    "spectral_energyband_middle_high": {
        "dmean": 0.00184392707888,
        "dmean2": 0.00273257191293,
        "dvar": 8.17171803646e-06,
        "dvar2": 1.57030735863e-05,
        "max": 0.0462259314954,
        "mean": 0.00356096005999,
        "median": 0.00189636810683,
        "min": 3.69770049247e-07,
        "stdev": 0.00475567253307,
        "var": 2.26164211199e-05
    },
    "spectral_energyband_middle_low": {
        "dmean": 0.00836586486548,
        "dmean2": 0.0135028744116,
        "dvar": 0.000162754426128,
        "dvar2": 0.000404351070756,
        "max": 0.10430482775,
        "mean": 0.013186766766,
        "median": 0.00909946206957,
        "min": 9.77486251941e-08,
        "stdev": 0.0138888200745,
        "var": 0.000192899315152
    },
    "spectral_entropy": {
        "dmean": 0.218859881163,
        "dmean2": 0.313745588064,
        "dvar": 0.0558617785573,
        "dvar2": 0.122318744659,
        "max": 8.9292640686,
        "mean": 7.97439622879,
        "median": 8.03125476837,
        "min": 6.45922660828,
        "stdev": 0.43707293272,
        "var": 0.191032752395
    },
    "spectral_flux": {
        "dmean": 0.0467951111495,
        "dmean2": 0.0686501264572,
        "dvar": 0.00442465953529,
        "dvar2": 0.00965619180351,
        "max": 0.579060435295,
        "mean": 0.116837419569,
        "median": 0.0909931510687,
        "min": 0.000956089585088,
        "stdev": 0.0906155407429,
        "var": 0.00821117684245
    },
    "spectral_kurtosis": {
        "dmean": 0.847215414047,
        "dmean2": 1.24730157852,
        "dvar": 1.20460140705,
        "dvar2": 2.60264277458,
        "max": 18.1617031097,
        "mean": 1.90474927425,
        "median": 1.5697722435,
        "min": -1.28994250298,
        "stdev": 1.8047298193,
        "var": 3.25704956055
    },
    "spectral_rms": {
        "dmean": 0.00164125836454,
        "dmean2": 0.0021168529056,
        "dvar": 4.74837816e-06,
        "dvar2": 6.9807597356e-06,
        "max": 0.0221700891852,
        "mean": 0.00553159927949,
        "median": 0.0045046270825,
        "min": 2.98632203339e-05,
        "stdev": 0.00369631685317,
        "var": 1.36627586471e-05
    },
    "spectral_rolloff": {
        "dmean": 1858.08740234,
        "dmean2": 3135.95654297,
        "dvar": 8013881,
        "dvar2": 19006810,
        "max": 15417.7734375,
        "mean": 3171.76074219,
        "median": 1335.05859375,
        "min": 64.599609375,
        "stdev": 3881.16040039,
        "var": 15063406
    },
    "spectral_skewness": {
        "dmean": 0.208355411887,
        "dmean2": 0.298243135214,
        "dvar": 0.047821123153,
        "dvar2": 0.0987623855472,
        "max": 3.38644647598,
        "mean": 1.25146460533,
        "median": 1.204023242,
        "min": -0.0521366335452,
        "stdev": 0.407757461071,
        "var": 0.166266143322
    },
    "spectral_spread": {
        "dmean": 1017668.4375,
        "dmean2": 1464047.125,
        "dvar": 1.42736503603e+12,
        "dvar2": 2.68193942733e+12,
        "max": 16396378,
        "mean": 7787317.5,
        "median": 7399473,
        "min": 3187115,
        "stdev": 2211004,
        "var": 4.88853890662e+12
    },
    "spectral_strongpeak": {
        "dmean": 0.50576198101,
        "dmean2": 0.812052726746,
        "dvar": 0.771894335747,
        "dvar2": 1.96460390091,
        "max": 11.1957588196,
        "mean": 0.749810874462,
        "median": 0.43278452754,
        "min": 0,
        "stdev": 0.980663239956,
        "var": 0.961700439453
    },
    "zerocrossingrate": {
        "dmean": 0.0279771555215,
        "dmean2": 0.030336977914,
        "dvar": 0.000857506180182,
        "dvar2": 0.000893395044841,
        "max": 0.42919921875,
        "mean": 0.111501835287,
        "median": 0.08984375,
        "min": 0.0029296875,
        "stdev": 0.078690610826,
        "var": 0.0061922124587
    },
    "barkbands": {
        "dmean": [0.000702247489244, 0.0173433460295, 0.00287701003253, 0.00236880546436, 0.00444025360048, 0.00144275161438, 0.00156823976431, 0.000459797185613, 0.000536461360753, 0.000360526348231, 0.000278470397461, 0.000399606971769, 0.000375553907361, 0.000366387510439, 0.00024606869556, 0.000131504159071, 0.000139629060868, 0.00013469462283, 0.000107367064629, 0.000228515651543, 0.000277595303487, 0.000368183420505, 0.000380282610422, 0.000583012006246, 0.000607974652667, 0.000689244654495, 9.22820399865e-05],
        "dmean2": [0.000894661818165, 0.0238902643323, 0.00505206733942, 0.00418603094295, 0.00738558918238, 0.00240686000325, 0.00242385850288, 0.000770979735535, 0.000836270453874, 0.00057005166309, 0.000447422935395, 0.000631574483123, 0.000586599984672, 0.000565856229514, 0.000383357022656, 0.000209185920539, 0.000226149204536, 0.000211440667044, 0.00016919245536, 0.000348527275492, 0.000416627153754, 0.000547201314475, 0.000553275225684, 0.000852219527587, 0.000914214819204, 0.00107286556158, 0.000137124865432],
        "dvar": [3.28735632138e-06, 0.00317041599192, 7.13849149179e-05, 2.91498290608e-05, 5.29952121724e-05, 1.07512769318e-05, 1.09289039756e-05, 1.11409610781e-06, 2.60105889538e-06, 9.57934503276e-07, 3.42106346807e-07, 6.22437880793e-07, 1.50146809119e-06, 1.42423516536e-06, 3.33353341375e-07, 8.14135603378e-08, 6.71469777558e-08, 6.94399702184e-08, 4.74772896553e-08, 1.80545782769e-07, 2.94877509077e-07, 4.31887599461e-07, 5.90646266119e-07, 1.1555717947e-06, 1.3390051663e-06, 2.23624920181e-06, 5.98944254193e-08],
        "dvar2": [5.11530424774e-06, 0.00559483049437, 0.00019986841653, 7.97910106485e-05, 0.000129869164084, 2.93504981528e-05, 2.5570681828e-05, 2.95861696031e-06, 6.39379777567e-06, 2.03040758606e-06, 7.62142349231e-07, 1.28576812131e-06, 3.04934383166e-06, 3.05072489937e-06, 7.51029574531e-07, 1.98166375753e-07, 1.71142744421e-07, 1.64476503528e-07, 1.09813832694e-07, 3.53963343969e-07, 6.501705343e-07, 9.24725327422e-07, 1.16347939638e-06, 2.46790068559e-06, 2.75301567854e-06, 5.29637145519e-06, 1.17154947077e-07],
        "max": [0.0188326556236, 0.48465436697, 0.0991119146347, 0.0588986575603, 0.0703995078802, 0.0327089875937, 0.0404870025814, 0.0121020935476, 0.0261087622494, 0.0247866567224, 0.00964893959463, 0.0121232708916, 0.0275800302625, 0.0173385199159, 0.00951303448528, 0.00274126115255, 0.00317377154715, 0.00278424285352, 0.0021578411106, 0.00486564449966, 0.00578093202785, 0.0064764097333, 0.00952195189893, 0.0119455121458, 0.0132920108736, 0.0112668760121, 0.00256375758909],
        "mean": [0.00125461665448, 0.020476937294, 0.00301591656171, 0.00213625305332, 0.00576715264469, 0.00175717368256, 0.0021210105624, 0.000584790133871, 0.000685532926582, 0.000471888226457, 0.000352630537236, 0.000624806620181, 0.000525779032614, 0.000524797243997, 0.000316168181598, 0.000170441242517, 0.000194080901565, 0.000167201884324, 0.000147833910887, 0.00030399512616, 0.00037299352698, 0.000508204160724, 0.000514713930897, 0.000720857584383, 0.000750202336349, 0.000789920042735, 0.000112007001007],
        "median": [7.20323396308e-06, 0.000425342383096, 0.000997574650683, 0.000729306484573, 0.00324991066009, 0.000879103958141, 0.000774009153247, 0.000152998851263, 0.000162296564667, 0.000160228286404, 0.000117695803056, 0.000158841794473, 0.000152760592755, 0.000135545837111, 8.63292298163e-05, 6.55367039144e-05, 8.62706219777e-05, 7.08747393219e-05, 6.90754459356e-05, 0.000122197539895, 0.000147847691551, 0.000226189134992, 0.000175751352799, 0.000203964184038, 0.000200072987354, 0.000114591435704, 3.55854626832e-06],
        "min": [2.98843394475e-10, 2.416210787e-09, 9.82724124299e-10, 1.90533522293e-09, 1.59879967043e-08, 2.31607746315e-08, 8.12218114987e-09, 9.58300550025e-09, 2.17423732352e-08, 3.78088778064e-08, 5.52943379972e-09, 6.00742779966e-08, 1.79241439469e-07, 5.31522275082e-08, 3.53607276793e-09, 4.88914775332e-09, 3.78927378364e-09, 5.78594994138e-09, 7.77112063588e-09, 2.6589981772e-08, 1.77442451843e-08, 6.16701427703e-08, 7.66564554056e-08, 1.84342241027e-07, 3.44603918734e-08, 5.20255163394e-08, 2.59613641349e-12],
        "stdev": [0.00280403671786, 0.069069057703, 0.00700372224674, 0.00456228107214, 0.00775750493631, 0.00304831634276, 0.00408594543114, 0.00114837905858, 0.00187333358917, 0.00128275598399, 0.000761634844821, 0.00123252649792, 0.00152718229219, 0.00155576667748, 0.000691128894687, 0.000305147375911, 0.000291343923891, 0.000286624272121, 0.000244679657044, 0.000538875930943, 0.000648005050607, 0.000818201166112, 0.00100994855165, 0.00138412951492, 0.00150420574937, 0.00170558225363, 0.000319344166201],
        "var": [7.86262171459e-06, 0.00477053504437, 4.90521269967e-05, 2.08144101634e-05, 6.01788815402e-05, 9.29223187995e-06, 1.66949503182e-05, 1.31877459353e-06, 3.50937875737e-06, 1.64546293036e-06, 5.80087601065e-07, 1.51912149704e-06, 2.33228570323e-06, 2.42041005549e-06, 4.7765911404e-07, 9.31149273242e-08, 8.48812859999e-08, 8.21534698048e-08, 5.98681353381e-08, 2.90387248469e-07, 4.19910548999e-07, 6.69453129376e-07, 1.01999614799e-06, 1.91581466424e-06, 2.26263477998e-06, 2.90901084554e-06, 1.01980702993e-07]
    },
    "erbbands": {
        "dmean": [0.609104514122, 3.84154319763, 4.06901931763, 5.25781011581, 13.0125045776, 16.6280231476, 9.54333782196, 13.2610216141, 22.3629760742, 18.0384082794, 7.6504368782, 12.9731721878, 11.6244373322, 11.1039113998, 13.0550851822, 14.9098405838, 18.5515422821, 20.4362792969, 13.2146091461, 9.6444234848, 6.55314016342, 7.70585155487, 7.03211641312, 5.54336118698, 6.70478105545, 10.8295736313, 10.5808401108, 12.8485994339, 14.0235891342, 10.561747551, 11.7201967239, 13.5066003799, 8.68387317657, 7.63681459427, 3.82755088806, 2.68132019043, 1.31609261036, 0.282416343689, 0.0102444170043, 0.000229095501709],
        "dmean2": [0.758883178234, 5.48152732849, 6.70686578751, 9.2381772995, 22.1577968597, 28.0392742157, 15.8488540649, 22.1268539429, 34.4934539795, 29.5150413513, 12.3966550827, 19.9811248779, 18.7313137054, 17.2847042084, 20.7698440552, 23.3586616516, 28.2523441315, 30.6207942963, 20.5057373047, 15.0081501007, 10.1206951141, 12.3331565857, 10.9687480927, 8.81267356873, 10.2769432068, 16.6426868439, 16.0041446686, 19.4350719452, 20.9604854584, 15.1758089066, 17.5205154419, 20.4349842072, 12.5237483978, 11.8507738113, 5.62182235718, 4.22159337997, 2.07272148132, 0.443471193314, 0.0155423339456, 0.000333224248607],
        "dvar": [3.46243333817, 165.671203613, 138.152145386, 157.455596924, 940.574401855, 560.545898438, 305.264801025, 851.364379883, 2159.34204102, 1462.95300293, 337.549255371, 1918.71594238, 1844.19445801, 452.793640137, 589.789245605, 905.491516113, 3123.9753418, 4353.96289062, 1100.35803223, 434.960662842, 150.570953369, 191.200653076, 182.997650146, 127.114585876, 173.757873535, 399.874847412, 398.071655273, 660.982299805, 663.618469238, 376.75881958, 628.012390137, 708.131347656, 266.116912842, 204.396774292, 57.4795875549, 31.7373809814, 8.61986255646, 0.449060082436, 0.000692521338351, 2.52003076184e-07],
        "dvar2": [5.71686887741, 329.184631348, 362.805725098, 440.036315918, 2411.35668945, 1395.53088379, 836.810913086, 2283.31713867, 5063.0078125, 3801.85595703, 863.785339355, 4717.89941406, 4151.26953125, 937.16217041, 1375.4967041, 1865.46533203, 5528.54199219, 9399.21972656, 2596.79223633, 1011.75921631, 346.418792725, 481.127410889, 426.95324707, 285.399261475, 389.146697998, 819.494018555, 836.952819824, 1501.08728027, 1409.30627441, 740.887939453, 1352.640625, 1624.95568848, 522.698364258, 449.458709717, 112.001983643, 72.8966064453, 20.8597373962, 0.953346550465, 0.00134348636493, 5.06139599565e-07],
        "max": [17.7602539062, 110.528640747, 98.0374221802, 182.025985718, 231.850708008, 244.746505737, 207.547668457, 365.710357666, 569.047058105, 494.400848389, 276.861419678, 797.52923584, 880.537719727, 472.11895752, 337.510528564, 447.910736084, 1258.32641602, 1030.9230957, 581.63684082, 223.495941162, 119.079704285, 162.254440308, 139.430740356, 118.903533936, 124.920394897, 246.460342407, 207.284790039, 286.819458008, 277.910369873, 266.237670898, 283.671844482, 255.907730103, 224.580169678, 138.553695679, 99.8003005981, 42.561466217, 22.5692272186, 5.76702308655, 0.281579852104, 0.00495565496385],
        "mean": [0.754655361176, 3.89731478691, 4.16825723648, 5.50854063034, 13.0163927078, 21.9085674286, 13.638633728, 16.0857753754, 29.5090179443, 24.1368503571, 10.8181800842, 16.7323627472, 13.6099414825, 15.9250516891, 18.7203617096, 24.9611434937, 27.7092056274, 29.2417259216, 19.0687789917, 12.6354598999, 9.08827972412, 11.1016244888, 9.40511798859, 7.2890124321, 9.30789756775, 14.427816391, 15.0335206985, 16.036283493, 18.7285728455, 15.2548065186, 15.2260923386, 15.9181575775, 11.201540947, 9.15919589996, 4.81965827942, 2.9930357933, 1.49500155449, 0.353421002626, 0.0125783458352, 0.000313627300784],
        "median": [0.00638505071402, 0.121895670891, 1.06072509289, 2.48501229286, 5.3663392067, 12.9683017731, 7.80643320084, 7.93218374252, 10.3127632141, 9.42123222351, 3.51348018646, 3.82731485367, 3.5654630661, 6.26746606827, 7.37604999542, 6.76295757294, 8.12860584259, 7.45813941956, 5.48663520813, 4.15994358063, 3.68618059158, 5.02497005463, 4.13404941559, 3.36110067368, 4.00736522675, 6.17721128464, 5.92729282379, 6.47482156754, 7.91482400894, 6.7027888298, 4.67017030716, 4.53073215485, 3.079880476, 2.39068031311, 1.26832544804, 0.542265594006, 0.205306842923, 0.0284794792533, 0.000745213299524, 7.21824617358e-05],
        "min": [1.07184149556e-07, 4.2133694933e-07, 1.06146603684e-06, 4.00853059546e-06, 1.81679133675e-05, 6.08355803706e-05, 0.000138355244417, 0.000197210873011, 0.000149707033415, 0.00011579618149, 0.000227916520089, 0.000397647032514, 0.00137436878867, 0.000519834691659, 0.000416354538174, 0.00339495576918, 0.00789752881974, 0.00459016766399, 0.000517915934324, 0.00026734606945, 0.000165694858879, 0.000221784139285, 0.000373200309696, 0.000199682326638, 0.000671545509249, 0.00148242118303, 0.000959704106208, 0.000746716279536, 0.00251068221405, 0.00238059018739, 0.00193845119793, 0.00362580129877, 0.00283037521876, 0.000434446352301, 0.000304557208437, 0.000156712936587, 0.000138190094731, 2.54395399679e-05, 1.14967485842e-06, 3.31210543436e-08],
        "stdev": [2.44894170761, 14.2241868973, 10.608007431, 10.5476856232, 27.4630584717, 27.4467144012, 17.8736190796, 27.7405986786, 57.7198028564, 40.1214027405, 21.2535095215, 49.0340843201, 45.2539749146, 30.3545703888, 32.754611969, 48.1368713379, 76.0891265869, 88.38646698, 42.5230140686, 24.6341667175, 14.6017045975, 15.9980182648, 15.3147726059, 12.4255475998, 15.6898317337, 25.0209789276, 25.3833179474, 29.2160339355, 31.705368042, 25.3438205719, 31.4116420746, 31.5535011292, 22.1024341583, 17.8981647491, 10.1002807617, 6.42590808868, 3.28083229065, 0.855353355408, 0.0344207324088, 0.000655881594867],
        "var": [5.9973154068, 202.32749939, 112.529823303, 111.253677368, 754.219604492, 753.322143555, 319.466247559, 769.540771484, 3331.57543945, 1609.72705078, 451.711669922, 2404.34130859, 2047.92211914, 921.399963379, 1072.86450195, 2317.15844727, 5789.55517578, 7812.16699219, 1808.20666504, 606.842163086, 213.209777832, 255.936599731, 234.542251587, 154.394226074, 246.170822144, 626.049377441, 644.312866211, 853.576660156, 1005.23034668, 642.309265137, 986.691223145, 995.623474121, 488.517608643, 320.344299316, 102.015670776, 41.2922973633, 10.7638597488, 0.731629312038, 0.00118478690274, 4.30180676858e-07]
    },
    "gfcc": {
        "mean": [33.2404937744, 45.7279052734, -79.4913864136, 27.9853591919, -67.1513671875, 18.7066936493, -48.6690139771, -0.857260465622, -35.0347518921, 7.54044914246, -19.9378757477, 5.99027824402, -16.9863681793],
        "cov": [[3634.19702148, -999.546813965, 169.330108643, -21.7635574341, 68.8044433594, 155.782501221, 104.368423462, 120.05480957, 61.8693161011, 197.486755371, -112.656890869, -10.4351768494, -63.9344902039], [-999.546813965, 1423.32666016, -226.353744507, 150.638946533, -26.1396007538, 39.7637519836, 166.221054077, 32.8832473755, 89.1985473633, -38.4115524292, 133.11756897, 7.84179449081, 102.706474304], [169.330108643, -226.353744507, 791.500305176, 161.442352295, 234.437301636, 91.0757675171, 114.705497742, 78.2091445923, 76.9412612915, 77.7703018188, 62.0608863831, 123.526542664, 52.1614761353], [-21.7635574341, 150.638946533, 161.442352295, 469.106719971, 83.1686477661, 114.530960083, 33.8827896118, 52.0903015137, 89.1123199463, 28.5001182556, 60.6363334656, 33.0992393494, 88.1297988892], [68.8044433594, -26.1396007538, 234.437301636, 83.1686477661, 305.562408447, 94.6008453369, 102.118492126, 43.5410079956, 85.0135879517, 71.0201797485, 21.5453739166, 43.5838012695, 21.0116233826], [155.782501221, 39.7637519836, 91.0757675171, 114.530960083, 94.6008453369, 260.266784668, 117.244827271, 66.2209472656, 39.981262207, 57.376991272, 36.9870452881, 18.0014533997, 40.8388900757], [104.368423462, 166.221054077, 114.705497742, 33.8827896118, 102.118492126, 117.244827271, 215.692489624, 83.2812423706, 61.866027832, 55.6098518372, 44.5406417847, 41.7128486633, 21.5618247986], [120.05480957, 32.8832473755, 78.2091445923, 52.0903015137, 43.5410079956, 66.2209472656, 83.2812423706, 112.403541565, 73.6172866821, 49.0591659546, 34.7252006531, 18.0796260834, 25.3262119293], [61.8693161011, 89.1985473633, 76.9412612915, 89.1123199463, 85.0135879517, 39.981262207, 61.866027832, 73.6172866821, 140.371398926, 77.6632995605, 37.6295509338, 18.2351322174, 34.2093162537], [197.486755371, -38.4115524292, 77.7703018188, 28.5001182556, 71.0201797485, 57.376991272, 55.6098518372, 49.0591659546, 77.6632995605, 111.508743286, 36.7219581604, 21.4125137329, 9.69258403778], [-112.656890869, 133.11756897, 62.0608863831, 60.6363334656, 21.5453739166, 36.9870452881, 44.5406417847, 34.7252006531, 37.6295509338, 36.7219581604, 96.1131210327, 42.109790802, 33.1503944397], [-10.4351768494, 7.84179449081, 123.526542664, 33.0992393494, 43.5838012695, 18.0014533997, 41.7128486633, 18.0796260834, 18.2351322174, 21.4125137329, 42.109790802, 73.6498794556, 33.3142471313], [-63.9344902039, 102.706474304, 52.1614761353, 88.1297988892, 21.0116233826, 40.8388900757, 21.5618247986, 25.3262119293, 34.2093162537, 9.69258403778, 33.1503944397, 33.3142471313, 80.8713226318]],
        "icov": [[0.000426867423812, 0.000294340017717, 5.81896165386e-05, -0.000117261653941, 0.000195954591618, -4.65493540105e-05, -0.000393038266338, -0.000210138779948, 9.42823171499e-05, -0.000743701239116, 0.000609691196587, -3.15531110573e-07, -3.43360488841e-06], [0.000294340017717, 0.00160765403416, 0.000548744166736, -0.000229745914112, 0.000228257151321, 0.000350398215232, -0.00207608100027, 0.00111527694389, -0.0012732828036, 0.0012762604747, -0.00182303285692, 0.00133766874205, -0.00136269209906], [5.81896165386e-05, 0.000548744166736, 0.00237277592532, -0.000578373495955, -0.0011333237635, 0.000249245989835, -0.000505332776811, -0.000634373282082, 0.000154641122208, 0.00017777683388, -0.000194189240574, -0.00272769201547, 6.747241423e-05], [-0.000117261653941, -0.000229745914112, -0.000578373495955, 0.00339003582485, -0.00018826838641, -0.00132967683021, 0.00115320738405, 0.000336450902978, -0.00197979458608, 0.00152803456876, -0.00113501481246, 0.000757877598517, -0.00200723903254], [0.000195954591618, 0.000228257151321, -0.0011333237635, -0.00018826838641, 0.00584415113553, -0.00120791071095, -0.00169835798442, 0.00220527895726, -0.0030977637507, -0.000908628688194, 0.00163567683194, -0.00103286560625, 0.000829228141811], [-4.65493540105e-05, 0.000350398215232, 0.000249245989835, -0.00132967683021, -0.00120791071095, 0.00710864039138, -0.00331029156223, -0.00156132807024, 0.00363191519864, -0.00275834533386, -0.000897842517588, 0.00327244307846, -0.00328369205818], [-0.000393038266338, -0.00207608100027, -0.000505332776811, 0.00115320738405, -0.00169835798442, -0.00331029156223, 0.0116975996643, -0.00575202517211, 0.000714572903235, -0.000736642279662, 0.00141182274092, -0.00529285520315, 0.0035782083869], [-0.000210138779948, 0.00111527694389, -0.000634373282082, 0.000336450902978, 0.00220527895726, -0.00156132807024, -0.00575202517211, 0.0196594335139, -0.00908488593996, 0.00187464093324, -0.00369797623716, 0.00302238436416, -0.002058488084], [9.42823171499e-05, -0.0012732828036, 0.000154641122208, -0.00197979458608, -0.0030977637507, 0.00363191519864, 0.000714572903235, -0.00908488593996, 0.0210581049323, -0.0118666943163, 0.00179816887248, 0.00251521356404, -0.00388404820114], [-0.000743701239116, 0.0012762604747, 0.00017777683388, 0.00152803456876, -0.000908628688194, -0.00275834533386, -0.000736642279662, 0.00187464093324, -0.0118666943163, 0.0223246514797, -0.00736148329452, -0.000715142115951, 0.00290593598038], [0.000609691196587, -0.00182303285692, -0.000194189240574, -0.00113501481246, 0.00163567683194, -0.000897842517588, 0.00141182274092, -0.00369797623716, 0.00179816887248, -0.00736148329452, 0.0216512214392, -0.0104423789307, 0.000517605803907], [-3.15531110573e-07, 0.00133766874205, -0.00272769201547, 0.000757877598517, -0.00103286560625, 0.00327244307846, -0.00529285520315, 0.00302238436416, 0.00251521356404, -0.000715142115951, -0.0104423789307, 0.0301855541766, -0.0108175976202], [-3.43360488841e-06, -0.00136269209906, 6.747241423e-05, -0.00200723903254, 0.000829228141811, -0.00328369205818, 0.0035782083869, -0.002058488084, -0.00388404820114, 0.00290593598038, 0.000517605803907, -0.0108175976202, 0.0229092538357]]
    },
    "melbands": {
        "dmean": [0.00505333673209, 0.00294592767023, 0.00112484372221, 0.00105987268034, 0.00040790863568, 0.000296239682939, 0.00034431918175, 0.000175235356437, 6.11329451203e-05, 8.06972966529e-05, 5.78507351747e-05, 4.61799390905e-05, 4.37363414676e-05, 4.34019275417e-05, 4.60028131783e-05, 3.32251220243e-05, 4.11320324929e-05, 2.13749808609e-05, 1.62142405316e-05, 1.03033207779e-05, 7.72176917962e-06, 8.65096444613e-06, 7.50809977035e-06, 6.15765247858e-06, 4.40424037151e-06, 4.2996243792e-06, 6.16764327788e-06, 7.71282611822e-06, 7.16570912118e-06, 5.58772444492e-06, 8.60533782543e-06, 8.6027339421e-06, 6.59613033349e-06, 5.96718791712e-06, 6.77749812894e-06, 7.2312291195e-06, 9.19048761716e-06, 5.9951039475e-06, 6.45752470518e-06, 6.72264604873e-06],
        "dmean2": [0.00680284015834, 0.00427519110963, 0.00195518834516, 0.00177429185715, 0.00067556212889, 0.000493276107591, 0.000530481396709, 0.000290347088594, 9.77154340944e-05, 0.000125651087728, 9.40957615967e-05, 7.19660893083e-05, 6.97541472618e-05, 6.89191874699e-05, 7.2642811574e-05, 5.12383012392e-05, 6.1691578594e-05, 3.39616090059e-05, 2.56744187936e-05, 1.65285091498e-05, 1.21290331663e-05, 1.40665533763e-05, 1.1892108887e-05, 9.90980424831e-06, 7.03892237652e-06, 6.71109182804e-06, 9.44293879002e-06, 1.19860751511e-05, 1.09673792394e-05, 8.38176401885e-06, 1.34580495796e-05, 1.31258411784e-05, 9.87430394161e-06, 8.61090938997e-06, 1.02297190097e-05, 1.12560746857e-05, 1.42032695294e-05, 8.68286042532e-06, 9.66574498307e-06, 1.07221794678e-05],
        "dvar": [0.00026339685428, 7.58012320148e-05, 6.36522418063e-06, 3.32639228873e-06, 3.98963550197e-07, 4.31004991697e-07, 5.18619515333e-07, 1.42481312082e-07, 2.25762697426e-08, 7.14915415756e-08, 4.64101823638e-08, 8.89090134848e-09, 8.40980352024e-09, 7.74195108022e-09, 1.01490291726e-08, 1.34545139474e-08, 1.99115302024e-08, 3.43747075249e-09, 1.3228623752e-09, 5.66267754909e-10, 2.04485581246e-10, 2.56012155919e-10, 1.65061034285e-10, 1.78363060432e-10, 8.25507370794e-11, 6.93879953495e-11, 1.39253705789e-10, 2.07787911877e-10, 1.82925105618e-10, 1.01663760743e-10, 3.38857969462e-10, 2.58106508388e-10, 1.31522570612e-10, 1.28770133445e-10, 2.08575573479e-10, 2.67133648535e-10, 3.09426928524e-10, 1.27589619425e-10, 1.65396654705e-10, 1.6250274737e-10],
        "dvar2": [0.000448426435469, 0.000166551864822, 1.72358231794e-05, 8.16360534373e-06, 1.02965555016e-06, 1.1611048194e-06, 1.20307504403e-06, 3.74252635993e-07, 5.52053336378e-08, 1.78443514187e-07, 1.04035699167e-07, 1.8672551505e-08, 1.88679631918e-08, 1.57786868016e-08, 1.94750562343e-08, 3.0236243731e-08, 4.32580087306e-08, 9.27870491552e-09, 3.0618745317e-09, 1.34748767699e-09, 4.77497874574e-10, 6.59952426041e-10, 3.76337017105e-10, 4.39975778033e-10, 1.88343451946e-10, 1.56634566428e-10, 3.11652897933e-10, 4.16691459115e-10, 3.86703224997e-10, 2.11845013753e-10, 8.03928701387e-10, 5.57187129768e-10, 2.82925766149e-10, 2.49901377369e-10, 4.42753694818e-10, 6.47330522519e-10, 7.2425909714e-10, 2.55783949576e-10, 3.43277684056e-10, 3.77707337629e-10],
        "max": [0.145721033216, 0.0762251168489, 0.0283285602927, 0.0172251872718, 0.00646023405716, 0.00710625434294, 0.00912974681705, 0.00486514065415, 0.0021660104394, 0.0046127489768, 0.00440097879618, 0.00219598505646, 0.00152634130791, 0.00174181279726, 0.00177145120688, 0.0032292350661, 0.00219651544467, 0.00106420647353, 0.000462022871943, 0.000233383951127, 0.000149735569721, 0.00018890586216, 0.000183151772944, 0.000174664179212, 0.000101577687019, 7.95056039351e-05, 0.000144544465002, 0.000160654584761, 0.000142303208122, 0.000101954436104, 0.000220606423682, 0.000180095230462, 0.000130187851028, 0.000152799111675, 0.000171793624759, 0.000182087635039, 0.000169424165506, 0.000161260963068, 0.000163523072843, 0.000137974726385],
        "mean": [0.00622891820967, 0.00309156998992, 0.00116250268184, 0.00131216144655, 0.000601590843871, 0.000353821349563, 0.00045937782852, 0.000234094157349, 8.64477187861e-05, 0.000101719058875, 6.5091313445e-05, 6.33510571788e-05, 5.93486292928e-05, 6.43489329377e-05, 7.48564925743e-05, 4.51393716503e-05, 5.64785514143e-05, 2.89158324449e-05, 2.05321393878e-05, 1.29530189952e-05, 1.02391586552e-05, 1.15049933811e-05, 1.05499029814e-05, 7.20449588698e-06, 5.59863019589e-06, 5.95766141487e-06, 7.9773753896e-06, 9.90782154986e-06, 9.87239855021e-06, 7.7360891737e-06, 1.00584911706e-05, 1.09426719064e-05, 9.21910032048e-06, 8.307923963e-06, 8.77017555467e-06, 8.63210061652e-06, 1.03171532828e-05, 7.57603038437e-06, 7.97543088993e-06, 7.67877372709e-06],
        "median": [9.82434648904e-05, 0.000471833103802, 0.000522061949596, 0.000724703597371, 0.000345261243638, 0.000168387326994, 0.000170502215042, 9.16614808375e-05, 2.35888946918e-05, 2.33954560827e-05, 1.60280724231e-05, 2.39614528255e-05, 2.15677937376e-05, 1.80358947546e-05, 1.77082656592e-05, 1.38847344715e-05, 1.33168396133e-05, 8.51761706144e-06, 5.90239142184e-06, 4.5270821829e-06, 4.02711702918e-06, 4.93533025292e-06, 4.49595108876e-06, 2.84483462565e-06, 2.55423742601e-06, 2.61195941675e-06, 2.91242577077e-06, 4.01264060201e-06, 3.71534906662e-06, 3.04652917293e-06, 3.91718367609e-06, 4.36550499217e-06, 3.94968355977e-06, 3.39277903549e-06, 2.64827644969e-06, 2.32507136388e-06, 2.89456329483e-06, 2.01011289391e-06, 1.94182825908e-06, 1.94403423848e-06],
        "min": [9.3104890464e-10, 5.64218838317e-10, 1.04216346664e-09, 2.72566880177e-09, 4.56375737201e-09, 4.41420544561e-09, 2.12089656948e-09, 1.4072534249e-09, 1.74892356153e-09, 3.02364622229e-09, 7.0629289084e-09, 2.30640861965e-09, 8.94818330544e-10, 3.93911481211e-09, 1.64651225987e-08, 1.65042557398e-08, 7.25665882939e-09, 6.52976173132e-10, 2.55641924296e-10, 4.26992330382e-10, 1.37350852913e-10, 1.83832934986e-10, 3.67380376121e-10, 2.80490547455e-10, 1.25213422963e-10, 3.40324463055e-10, 8.18028367267e-10, 9.35751809372e-10, 6.71922462114e-10, 2.73632949632e-10, 5.08647179931e-10, 1.25587640287e-09, 1.35635180865e-09, 1.66996894091e-09, 1.1089101859e-09, 1.37060074401e-09, 2.42418218832e-09, 2.27011898168e-09, 9.49043621468e-10, 1.61806484877e-10],
        "stdev": [0.0205562803894, 0.00919770915061, 0.00216222531162, 0.00188525824342, 0.000732042361051, 0.000618755002506, 0.00090401788475, 0.000389560678741, 0.000180465925951, 0.000296564918244, 0.000226465912419, 0.00012921988673, 0.000120244047139, 0.000130800457555, 0.000163965058164, 0.000138805480674, 0.000181935363798, 6.85026170686e-05, 4.24807367381e-05, 2.58131603914e-05, 1.68892456713e-05, 1.75721197593e-05, 1.64073935593e-05, 1.33309295052e-05, 9.87186467682e-06, 9.82359324553e-06, 1.41931941471e-05, 1.80813731276e-05, 1.71644060174e-05, 1.27300127133e-05, 1.96652526938e-05, 1.9343005988e-05, 1.44212954183e-05, 1.46194643094e-05, 1.81848645298e-05, 1.84374857781e-05, 2.0297440642e-05, 1.51461699716e-05, 1.65421170095e-05, 1.52563761731e-05],
        "var": [0.000422560638981, 8.45978574944e-05, 4.67521795144e-06, 3.5541984289e-06, 5.35885988029e-07, 3.8285776327e-07, 8.17248348994e-07, 1.51757532763e-07, 3.25679501145e-08, 8.79507524587e-08, 5.12868076896e-08, 1.6697777383e-08, 1.44586307371e-08, 1.71087588541e-08, 2.68845425921e-08, 1.9266963136e-08, 3.3100477026e-08, 4.69260896807e-09, 1.80461301458e-09, 6.66319277531e-10, 2.85246604115e-10, 3.0877936319e-10, 2.69202576897e-10, 1.77713677108e-10, 9.74537117671e-11, 9.65029930966e-11, 2.01446748171e-10, 3.26936033801e-10, 2.94616858687e-10, 1.62053218067e-10, 3.86722182055e-10, 3.74151903904e-10, 2.07973763211e-10, 2.13728729159e-10, 3.30689281514e-10, 3.39940908756e-10, 4.11986111892e-10, 2.29406452168e-10, 2.73641609372e-10, 2.3275702199e-10]
    },
    "melbands128": {
