{
"lowlevel": {
    "average_loudness": 0.783663094044,
    "barkbands_crest": {
        "dmean": 3.2106256485,
        "dmean2": 5.14681100845,
        "dvar": 9.28244400024,
        "dvar2": 22.0192604065,
        "max": 24.1959590912,
        "mean": 11.1630582809,
        "median": 9.77104473114,
        "min": 2.41933965683,
        "stdev": 5.75593757629,
        "var": 33.1308174133
    },
    "barkbands_flatness_db": {
        "dmean": 0.0384018085897,
        "dmean2": 0.0553327612579,
        "dvar": 0.0031511366833,
        "dvar2": 0.00475001335144,
        "max": 0.808173179626,
        "mean": 0.160025715828,
        "median": 0.134651973844,
        "min": 0.0278244651854,
        "stdev": 0.112652733922,
        "var": 0.0126906391233
    },
    "barkbands_kurtosis": {
        "dmean": 10.1178102493,
        "dmean2": 17.2079277039,
        "dvar": 1605.78088379,
        "dvar2": 4378.78173828,
        "max": 474.657318115,
        "mean": 10.8942203522,
        "median": 0.228751659393,
        "min": -1.82661414146,
        "stdev": 40.2952842712,
        "var": 1623.70983887
    },
    "barkbands_skewness": {
        "dmean": 0.928579211235,
        "dmean2": 1.44957053661,
        "dvar": 2.59140086174,
        "dvar2": 6.57627391815,
        "max": 17.2804508209,
        "mean": 1.36491990089,
        "median": 0.687453567982,
        "min": -3.45055103302,
        "stdev": 2.46062397957,
        "var": 6.0546708107
    },
    "barkbands_spread": {
        "dmean": 8.39879703522,
        "dmean2": 12.294875145,
        "dvar": 79.9027709961,
        "dvar2": 161.989028931,
        "max": 91.5318832397,
        "mean": 23.6970710754,
        "median": 22.0844154358,
        "min": 0.149745374918,
        "stdev": 14.7013111115,
        "var": 216.128555298
    },
    "dissonance": {
        "dmean": 0.0217495933175,
        "dmean2": 0.0359792485833,
        "dvar": 0.000492823310196,
        "dvar2": 0.00115688994993,
        "max": 0.499997794628,
        "mean": 0.465979337692,
        "median": 0.474619686604,
        "min": 0.14267501235,
        "stdev": 0.0293753221631,
        "var": 0.000862909597345
    },
    "dynamic_complexity": 3.00654459,
    "erbbands_crest": {
        "dmean": 3.76157164574,
        "dmean2": 5.96930456161,
        "dvar": 12.368771553,
        "dvar2": 29.2829360962,
        "max": 28.974943161,
        "mean": 9.53104305267,
        "median": 8.05279445648,
        "min": 2.50622200966,
        "stdev": 5.00970602036,
        "var": 25.0971546173
    },
    "erbbands_flatness_db": {
        "dmean": 0.0304500833154,
        "dmean2": 0.0411885567009,
        "dvar": 0.00107222911902,
        "dvar2": 0.00178484991193,
        "max": 0.445261120796,
        "mean": 0.186344996095,
        "median": 0.184308022261,
        "min": 0.0732201710343,
        "stdev": 0.0605269856751,
        "var": 0.00366351590492
    },
    "erbbands_kurtosis": {
        "dmean": 1.9517531395,
        "dmean2": 3.00148367882,
        "dvar": 54.2756004333,
        "dvar2": 94.6858444214,
        "max": 242.427841187,
        "mean": 1.67119038105,
        "median": 0.154176473618,
        "min": -1.79045546055,
        "stdev": 10.1446332932,
        "var": 102.913581848
    },
    "erbbands_skewness": {
        "dmean": 0.583858311176,
        "dmean2": 0.851415157318,
        "dvar": 0.464586704969,
        "dvar2": 0.886990427971,
        "max": 10.5429916382,
        "mean": 0.231594577432,
        "median": 0.0947578325868,
        "min": -3.13346600533,
        "stdev": 1.11488652229,
        "var": 1.24297189713
    },
    "erbbands_spread": {
        "dmean": 11.2477645874,
        "dmean2": 16.8490562439,
        "dvar": 142.110473633,
        "dvar2": 312.738647461,
        "max": 154.310699463,
        "mean": 34.8974075317,
        "median": 32.0756797791,
        "min": 0.828384578228,
        "stdev": 18.7118663788,
        "var": 350.13394165
    },
    "hfc": {
        "dmean": 11.8839187622,
        "dmean2": 17.7643108368,
        "dvar": 180.241989136,
        "dvar2": 386.33303833,
        "max": 104.048049927,
        "mean": 29.5898227692,
        "median": 27.070602417,
        "min": 0.000360099656973,
        "stdev": 21.2665214539,
        "var": 452.264923096
    },
    "loudness_ebu128": {
        "integrated": -8.05807495117,
        "loudness_range": 2.71346521378,
        "momentary": {
            "dmean": 0.597398221493,
            "dmean2": 0.792250871658,
            "dvar": 0.543143808842,
            "dvar2": 0.970297932625,
            "max": -4.97675609589,
            "mean": -8.46173286438,
            "median": -7.91653776169,
            "min": -21.8595600128,
            "stdev": 2.08472466469,
            "var": 4.34607696533
        },
        "short_term": {
            "dmean": 0.0825983509421,
            "dmean2": 0.0987114012241,
            "dvar": 0.00504121324047,
            "dvar2": 0.0052528376691,
            "max": -6.32277679443,
            "mean": -8.11215591431,
            "median": -7.89942312241,
            "min": -10.9274263382,
            "stdev": 0.986142814159,
            "var": 0.972477674484
        }
    },
    "melbands_crest": {
        "dmean": 4.11911010742,
        "dmean2": 6.64413499832,
        "dvar": 18.2589244843,
        "dvar2": 43.441368103,
        "max": 37.3694534302,
        "mean": 16.4485187531,
        "median": 12.9973678589,
        "min": 3.29099559784,
        "stdev": 10.1094608307,
        "var": 102.201202393
    },
    "melbands_flatness_db": {
        "dmean": 0.0411974675953,
        "dmean2": 0.0612947642803,
        "dvar": 0.00418038945645,
        "dvar2": 0.00643520755693,
        "max": 0.991159439087,
        "mean": 0.183216229081,
        "median": 0.145288139582,
        "min": 0.0383266396821,
        "stdev": 0.144803285599,
        "var": 0.02096799016
    },
    "melbands_kurtosis": {
        "dmean": 31.883562088,
        "dmean2": 54.2840881348,
        "dvar": 17142.1621094,
        "dvar2": 45262.6835938,
        "max": 1920.45458984,
        "mean": 38.0445747375,
        "median": 2.84010124207,
        "min": -1.78576540947,
        "stdev": 137.412780762,
        "var": 18882.2714844
    },
    "melbands_skewness": {
        "dmean": 1.33122503757,
        "dmean2": 2.14148139954,
        "dvar": 6.26465463638,
        "dvar2": 16.1281814575,
        "max": 34.5408859253,
        "mean": 2.89777874947,
        "median": 1.47771179676,
        "min": -1.68357002735,
        "stdev": 4.18682861328,
        "var": 17.5295333862
    },
    "melbands_spread": {
        "dmean": 13.8803243637,
        "dmean2": 20.4181861877,
        "dvar": 353.665588379,
        "dvar2": 701.420959473,
        "max": 182.194366455,
        "mean": 36.6485900879,
        "median": 29.8966350555,
        "min": 0.070041410625,
        "stdev": 31.3917255402,
        "var": 985.440429688
    },
    "pitch_salience": {
        "dmean": 0.0938147231936,
        "dmean2": 0.152294412255,
        "dvar": 0.00985150691122,
        "dvar2": 0.0228555481881,
        "max": 0.923575997353,
        "mean": 0.523920476437,
        "median": 0.573308169842,
        "min": 0.0312721766531,
        "stdev": 0.199721246958,
        "var": 0.0398885793984
    },
    "silence_rate_20dB": {
        "dmean": 0,
        "dmean2": 0,
        "dvar": 0,
        "dvar2": 0,
        "max": 1,
        "mean": 1,
        "median": 1,
        "min": 1,
        "stdev": 0,
        "var": 0
    },
    "silence_rate_30dB": {
        "dmean": 0.0201238393784,
        "dmean2": 0.0395042598248,
        "dvar": 0.0197188593447,
        "dvar2": 0.0379435792565,
        "max": 1,
        "mean": 0.958236634731,
        "median": 1,
        "min": 0,
        "stdev": 0.200047537684,
        "var": 0.0400190167129
    },
    "silence_rate_60dB": {
        "dmean": 0.0286377705634,
        "dmean2": 0.0565453134477,
        "dvar": 0.0278176870197,
        "dvar2": 0.0626428499818,
        "max": 1,
        "mean": 0.0510440841317,
        "median": 0,
        "min": 0,
        "stdev": 0.220087468624,
        "var": 0.0484384968877
    },
    "spectral_centroid": {
        "dmean": 464.803314209,
        "dmean2": 669.947753906,
        "dvar": 280730.59375,
        "dvar2": 510947.15625,
        "max": 5083.54785156,
        "mean": 1945.42553711,
        "median": 1878.88891602,
        "min": 49.880241394,
        "stdev": 817.212402344,
        "var": 667836.0625
    },
    "spectral_complexity": {
        "dmean": 6.53947353363,
        "dmean2": 9.3036403656,
        "dvar": 53.0395698547,
        "dvar2": 102.428268433,
        "max": 54,
        "mean": 19.6627998352,
        "median": 18,
        "min": 0,
        "stdev": 12.3786878586,
        "var": 153.231918335
    },
    "spectral_decrease": {
        "dmean": 2.35924746406e-09,
        "dmean2": 3.38736838579e-09,
        "dvar": 1.0616528154e-17,
        "dvar2": 2.30575603132e-17,
        "max": -4.5466990497e-14,
        "mean": -7.43378070212e-09,
        "median": -4.67613858746e-09,
        "min": -3.83584080055e-08,
        "stdev": 7.95652255192e-09,
        "var": 6.33062564785e-17
    },
    "spectral_energy": {
        "dmean": 0.00966695323586,
        "dmean2": 0.0138270258904,
        "dvar": 0.000163747754414,
        "dvar2": 0.000351454043994,
        "max": 0.147750630975,
        "mean": 0.030740680173,
        "median": 0.0202907193452,
        "min": 2.04265276693e-07,
        "stdev": 0.030379569158,
        "var": 0.000922918203287
    },
    "spectral_energyband_high": {
        "dmean": 0.00108532211743,
        "dmean2": 0.00159252120648,
        "dvar": 2.12524105336e-06,
        "dvar2": 4.51504911325e-06,
        "max": 0.00960866548121,
        "mean": 0.00182032294106,
        "median": 0.00101508456282,
        "min": 3.19594217757e-09,
        "stdev": 0.00198109005578,
        "var": 3.92471747546e-06
    },
    "spectral_energyband_low": {
        "dmean": 0.00399928819388,
        "dmean2": 0.00573038356379,
        "dvar": 0.000132139321067,
        "dvar2": 0.000291896838462,
        "max": 0.139815419912,
        "mean": 0.0138217927888,
        "median": 0.000440000905655,
        "min": 3.65969754501e-10,
        "stdev": 0.0313777551055,
        "var": 0.000984563608654
    },
    "spectral_energyband_middle_high": {
        "dmean": 0.00400732597336,
        "dmean2": 0.00595664093271,
        "dvar": 2.31987069128e-05,
        "dvar2": 4.25007419835e-05,
        "max": 0.0462297908962,
        "mean": 0.00844830740243,
        "median": 0.00622528186068,
        "min": 6.86077896717e-08,
        "stdev": 0.00818285997957,
        "var": 6.69592045597e-05
    },
    "spectral_energyband_middle_low": {
        "dmean": 0.00474340422079,
        "dmean2": 0.00747049367055,
        "dvar": 5.84154913668e-05,
        "dvar2": 0.000145972822793,
        "max": 0.0606199540198,
        "mean": 0.00710705015808,
        "median": 0.00361984060146,
        "min": 3.76825575188e-08,
        "stdev": 0.00886168237776,
        "var": 7.85294105299e-05
    },
    "spectral_entropy": {
        "dmean": 0.237153276801,
        "dmean2": 0.341830968857,
        "dvar": 0.123963557184,
        "dvar2": 0.201801016927,
        "max": 8.87407493591,
        "mean": 7.79483270645,
        "median": 7.87493467331,
        "min": 3.81795215607,
        "stdev": 0.575507700443,
        "var": 0.331209093332
    },
    "spectral_flux": {
        "dmean": 0.0318720750511,
        "dmean2": 0.0500531308353,
        "dvar": 0.00114217901137,
        "dvar2": 0.00221861340106,
        "max": 0.350401997566,
        "mean": 0.096637584269,
        "median": 0.0889411792159,
        "min": 0.000403282931075,
        "stdev": 0.0550554543734,
        "var": 0.00303110294044
    },
    "spectral_kurtosis": {
        "dmean": 2.56441712379,
        "dmean2": 4.22747325897,
        "dvar": 176.137802124,
        "dvar2": 402.216491699,
        "max": 270.940216064,
        "mean": 4.68769550323,
        "median": 2.74085760117,
        "min": -0.941276311874,
        "stdev": 16.4473972321,
        "var": 270.516876221
    },
    "spectral_rms": {
        "dmean": 0.000926070380956,
        "dmean2": 0.00129109004047,
        "dvar": 1.10643611606e-06,
        "dvar2": 2.08906931221e-06,
        "max": 0.0120061216876,
        "mean": 0.00488073425367,
        "median": 0.00444924971089,
        "min": 1.41167702168e-05,
        "stdev": 0.00248380959965,
        "var": 6.16930992692e-06
    },
    "spectral_rolloff": {
        "dmean": 878.762878418,
        "dmean2": 1385.14855957,
        "dvar": 1638147.5,
        "dvar2": 3063856.25,
        "max": 11670.9960938,
        "mean": 2564.65283203,
        "median": 2088.72070312,
        "min": 64.599609375,
        "stdev": 2210.69311523,
        "var": 4887164
    },
    "spectral_skewness": {
        "dmean": 0.315944999456,
        "dmean2": 0.476736575365,
        "dvar": 0.447463572025,
        "dvar2": 0.89385086298,
        "max": 12.5895547867,
        "mean": 1.33850753307,
        "median": 1.25107860565,
        "min": 0.0233261883259,
        "stdev": 0.982311010361,
        "var": 0.964934945107
    },
    "spectral_spread": {
        "dmean": 703794.3125,
        "dmean2": 1009542.25,
        "dvar": 706793832448,
        "dvar2": 1.14180974182e+12,
        "max": 19995040,
        "mean": 4742556.5,
        "median": 4523553,
        "min": 307011,
        "stdev": 1500183.75,
        "var": 2.25055132877e+12
    },
    "spectral_strongpeak": {
        "dmean": 0.941266775131,
        "dmean2": 1.55175435543,
        "dvar": 1.91794753075,
        "dvar2": 4.38059282303,
        "max": 12.2376728058,
        "mean": 1.52533066273,
        "median": 0.931823849678,
        "min": 0,
        "stdev": 1.65730845928,
        "var": 2.74667143822
    },
    "zerocrossingrate": {
        "dmean": 0.0188135672361,
        "dmean2": 0.0194707345217,
        "dvar": 0.000474361178931,
        "dvar2": 0.00044935522601,
        "max": 0.318359375,
        "mean": 0.0881315544248,
        "median": 0.08056640625,
        "min": 0.001953125,
        "stdev": 0.0582481399179,
        "var": 0.00339284562506
    },
    "barkbands": {
        "dmean": [0.000465821707621, 0.00239453371614, 0.00151967583224, 0.000479371461552, 0.000919784477446, 0.00232391036116, 0.000555188686121, 0.000325104978401, 0.00181390345097, 0.00087569502648, 0.000657072931062, 0.00101735140197, 0.00102200335823, 0.000599260616582, 0.00112175266258, 0.000528524047695, 0.000476952875033, 0.000245289964369, 0.000278593710391, 0.000213654668187, 0.000320213119267, 0.000357351644197, 0.000249446806265, 0.000172727173776, 6.86505809426e-05, 3.61982747563e-05, 4.27490431321e-06],
        "dmean2": [0.000512971135322, 0.00275011011399, 0.00261451327242, 0.00075116683729, 0.00158035114873, 0.00382384727709, 0.00100442674011, 0.000525893236045, 0.00277753523551, 0.0013295445824, 0.000999039271846, 0.00158856972121, 0.00171410397161, 0.00101761845872, 0.00178375048563, 0.000849868054502, 0.000770519138314, 0.000415765854996, 0.000448239210527, 0.000337318488164, 0.000491625105496, 0.000563825247809, 0.000358989229426, 0.000242164707743, 0.000102841433545, 5.53601457796e-05, 7.08654806658e-06],
        "dvar": [2.79543746728e-06, 7.76381493779e-05, 2.21490663534e-05, 1.16311400689e-06, 8.94143522601e-06, 2.01119455596e-05, 3.51055700776e-06, 5.27997883637e-07, 1.75682034751e-05, 3.6268072563e-06, 1.71906106061e-06, 4.82844643557e-06, 4.24827067036e-06, 1.87789271422e-06, 8.43520228955e-06, 1.03152308384e-06, 9.97764345811e-07, 1.14378629235e-07, 2.56054960346e-07, 1.41071907933e-07, 2.40820668296e-07, 2.78984487068e-07, 1.17653335963e-07, 8.11258047406e-08, 2.04505852253e-08, 5.86574877559e-09, 1.85463311375e-10],
        "dvar2": [3.52225265488e-06, 0.000132630710141, 6.04960587225e-05, 2.66600977739e-06, 2.56181574514e-05, 4.96659449709e-05, 9.784631402e-06, 1.24472614971e-06, 3.60754856956e-05, 7.23062839825e-06, 3.31497381012e-06, 1.08490694402e-05, 1.1030204405e-05, 4.79571917822e-06, 1.77221754711e-05, 2.60702267951e-06, 2.46304443863e-06, 3.14304458016e-07, 6.59963916405e-07, 3.56961066927e-07, 5.83055111747e-07, 6.37011908111e-07, 2.22729795496e-07, 1.4334052878e-07, 5.26432764048e-08, 1.43093457083e-08, 4.85820605967e-10],
        "max": [0.0232925824821, 0.122852161527, 0.0454597808421, 0.00878159888089, 0.0310984570533, 0.0373629853129, 0.0325418487191, 0.0147700132802, 0.0479505285621, 0.0366010479629, 0.0215474423021, 0.0228502862155, 0.0239272341132, 0.0230830926448, 0.0338784046471, 0.0136013347656, 0.0153879337013, 0.00340792955831, 0.0105616040528, 0.00564837222919, 0.00509801600128, 0.00531136244535, 0.00264444551431, 0.00285684550181, 0.00206485856324, 0.000592591881286, 0.000273821642622],
        "mean": [0.00210006302223, 0.0102679617703, 0.00116949167568, 0.000443348515546, 0.000775440828875, 0.00270492839627, 0.000429032836109, 0.000377670978196, 0.00213837251067, 0.00132414640393, 0.000801361049525, 0.00115429493599, 0.00114026945084, 0.000648026005365, 0.00127767876256, 0.000648507731967, 0.000645566731691, 0.000330881623086, 0.000388471671613, 0.000294731144095, 0.000428244529758, 0.000507217191625, 0.00034669417073, 0.000258991407463, 8.45678077894e-05, 4.95218992e-05, 5.20194680576e-06],
        "median": [2.46651961788e-06, 0.00011400601943, 3.46049419022e-05, 2.42525075009e-05, 0.00014475081116, 0.000597073871177, 7.73405699874e-05, 8.32948353491e-05, 0.000465115299448, 0.000339437945513, 0.000283613742795, 0.000449584622402, 0.000462554948172, 0.000252458790783, 0.000403428974096, 0.000290555530228, 0.000339453894412, 0.000201487942832, 0.000243175003561, 0.000179098438821, 0.000215357547859, 0.000232822378166, 0.000117453389976, 7.08946754457e-05, 3.27684319927e-05, 1.57488029799e-05, 3.00970185663e-07],
        "min": [7.62880106309e-11, 6.54184345583e-11, 1.08366607354e-10, 9.82075323841e-11, 2.05835526401e-09, 1.68466063322e-09, 3.46583900468e-10, 1.24044918781e-09, 1.55573287586e-09, 2.23059326565e-09, 5.07741360067e-09, 2.74300826497e-09, 3.87334031515e-09, 6.64425625629e-10, 1.483741352e-09, 8.17936884889e-10, 1.3802770038e-09, 7.53937912101e-10, 5.51688750239e-10, 4.84624118613e-10, 3.14190395923e-10, 1.72769007434e-10, 1.43847170286e-10, 1.24093291198e-10, 9.43055494806e-11, 8.2397463852e-11, 3.30075810434e-13],
        "stdev": [0.00542561849579, 0.0254266485572, 0.00380041287281, 0.00103843503166, 0.00233886041678, 0.00487172463909, 0.00151315168478, 0.000823120644782, 0.00516369566321, 0.00257994816639, 0.00167082424741, 0.00238073337823, 0.00226349546574, 0.00135571754072, 0.003222996369, 0.00109854515176, 0.00111399230082, 0.0003782347776, 0.000533741549589, 0.000387474079616, 0.00055598677136, 0.000697387207765, 0.000478119036416, 0.000449206505436, 0.000144033081597, 9.02034153114e-05, 1.79548806045e-05],
        "var": [2.94373367069e-05, 0.000646514410619, 1.4443137843e-05, 1.07834739538e-06, 5.47026775166e-06, 2.37337008002e-05, 2.28962790061e-06, 6.77527623338e-07, 2.66637525783e-05, 6.6561319727e-06, 2.79165351458e-06, 5.66789094592e-06, 5.12341193826e-06, 1.83797010322e-06, 1.03877055153e-05, 1.2068014712e-06, 1.24097891785e-06, 1.4306154128e-07, 2.84880030677e-07, 1.50136159505e-07, 3.09121276132e-07, 4.86348938011e-07, 2.2859782689e-07, 2.01786491516e-07, 2.07455279622e-08, 8.13665579358e-09, 3.22377707862e-10]
    },
    "erbbands": {
        "dmean": [0.136721760035, 0.324918568134, 1.33601224422, 2.24116063118, 1.61076676846, 3.52790355682, 7.86358070374, 23.6049251556, 12.7212972641, 4.80103731155, 10.9407243729, 47.2164535522, 28.836938858, 21.0829582214, 24.2854881287, 41.0937576294, 45.6911048889, 32.3258285522, 67.7336044312, 24.3213005066, 25.533203125, 27.798664093, 13.0253591537, 15.2901420593, 11.8016901016, 9.88286685944, 11.5577344894, 13.3350381851, 13.0232172012, 9.39678668976, 6.526034832, 4.71546888351, 2.23028492928, 0.902711749077, 0.447230249643, 0.207105487585, 0.0527272075415, 0.0122851552442, 0.000430898449849, 1.89542588487e-05],
        "dmean2": [0.147451579571, 0.492763340473, 2.31812334061, 3.65133166313, 2.58553481102, 6.10490226746, 13.2947340012, 38.7538108826, 22.5361328125, 8.28517436981, 17.6257648468, 72.2161712646, 44.5384902954, 30.5986366272, 39.4869689941, 63.3502922058, 73.4521865845, 54.2710647583, 105.242530823, 37.5226783752, 41.5823020935, 44.2781982422, 21.6847953796, 24.8549118042, 18.4635944366, 15.3987054825, 17.8981609344, 20.8429470062, 20.468421936, 13.9699468613, 9.53987598419, 6.86371326447, 3.07930994034, 1.35724341869, 0.664002597332, 0.312780380249, 0.080866985023, 0.019660461694, 0.000706886174157, 2.82711625914e-05],
        "dvar": [0.31287124753, 1.6587870121, 24.9578266144, 29.4904613495, 15.4651441574, 148.930923462, 452.504486084, 2219.16918945, 1248.76611328, 126.556549072, 691.430969238, 13743.9492188, 2659.16357422, 2462.84960938, 1324.53991699, 7501.83447266, 6670.25, 4982.98291016, 30141.8261719, 1760.46569824, 1972.99597168, 3569.76513672, 267.806274414, 790.46887207, 424.030181885, 276.993164062, 366.383026123, 370.93270874, 356.356048584, 180.600021362, 85.6678390503, 62.8356971741, 12.4765062332, 3.59604287148, 0.769589006901, 0.183242678642, 0.0134848318994, 0.000943419290707, 1.70297391833e-06, 9.03235652938e-10],
        "dvar2": [0.473116874695, 3.8422794342, 70.4728927612, 71.8000640869, 41.0603866577, 430.023956299, 1205.42602539, 5339.99365234, 3365.48876953, 346.833282471, 1591.1105957, 28227.5664062, 5576.05712891, 4459.38330078, 3143.01367188, 16105.1259766, 16335.46875, 12900.4228516, 63161.5859375, 3541.17919922, 5065.82080078, 8619.17382812, 719.722717285, 2119.70727539, 1019.23944092, 689.647338867, 901.256103516, 921.630981445, 801.458679199, 334.425323486, 155.253082275, 111.594146729, 23.5330028534, 9.35772705078, 1.92994976044, 0.466708689928, 0.0311134308577, 0.00234086019918, 4.41272595708e-06, 2.08990025286e-09],
        "max": [7.01912546158, 13.8571329117, 52.2093696594, 39.9418411255, 35.7957000732, 126.541023254, 193.768295288, 445.863647461, 513.712402344, 159.07951355, 466.75982666, 1515.76708984, 824.821960449, 829.230407715, 366.444488525, 915.322875977, 995.899291992, 815.008728027, 2133.88745117, 547.498840332, 509.543945312, 922.300964355, 157.643951416, 552.701477051, 333.672821045, 225.62727356, 192.607589722, 165.100692749, 196.05267334, 136.621139526, 76.9505996704, 86.3575897217, 32.6297073364, 33.3655548096, 7.54766321182, 3.31813669205, 1.27342879772, 0.485916316509, 0.0249986816198, 0.000419161544414],
        "mean": [0.619053483009, 1.00531589985, 1.08864438534, 1.91130685806, 1.48937094212, 2.94183659554, 8.42898464203, 28.054599762, 10.9640111923, 5.34138011932, 13.6556472778, 54.544090271, 44.3039970398, 30.4010848999, 31.683801651, 49.5987586975, 55.2578544617, 37.9727325439, 77.8375473022, 34.8783340454, 33.768245697, 37.9400863647, 19.0588378906, 21.6677627563, 16.9091377258, 13.6748838425, 16.0563106537, 17.3148899078, 18.7276992798, 14.249461174, 9.21851158142, 6.98923158646, 3.20059680939, 1.09120452404, 0.565793275833, 0.272664934397, 0.0737065151334, 0.0165435448289, 0.000591043673921, 5.25194009242e-05],
        "median": [0.00125361781102, 0.0263576004654, 0.0677325502038, 0.130423232913, 0.252255290747, 0.51589345932, 2.01683425903, 5.67875814438, 2.5487651825, 1.72064089775, 3.75545406342, 11.9798679352, 15.6505937576, 8.56815814972, 14.8186950684, 18.8408718109, 26.0223083496, 18.2840328217, 23.7346630096, 18.3658428192, 17.2481117249, 19.4778251648, 12.9876375198, 14.2978487015, 10.4604043961, 8.40600967407, 8.72062206268, 8.28774166107, 8.90003013611, 5.30663204193, 3.12314295769, 1.79658126831, 0.94307333231, 0.366833746433, 0.214388310909, 0.0929226353765, 0.0208417028189, 0.00215150276199, 7.80920090619e-05, 3.95443566958e-05],
        "min": [3.71628727791e-09, 5.12687359233e-09, 7.83168303542e-08, 2.05207953741e-07, 1.49135212268e-06, 9.84316557151e-06, 2.73801979347e-05, 1.03654801933e-05, 8.11603058537e-06, 1.13755422717e-05, 3.8348542148e-05, 4.89613375976e-05, 6.25489483355e-05, 0.00014604984608, 0.000184946824447, 0.000167905600392, 0.00021753506735, 9.45216452237e-05, 8.89085640665e-05, 6.20124556008e-05, 6.97768846294e-05, 0.000107505708002, 5.30514698767e-05, 3.63911749446e-05, 2.61196273641e-05, 2.48171654675e-05, 1.43578763527e-05, 9.21794071473e-06, 6.35976948615e-06, 5.15683314006e-06, 4.3042159632e-06, 3.53613563675e-06, 2.20149718189e-06, 1.3268412431e-06, 7.36392735234e-07, 1.91562051555e-07, 1.19546683663e-07, 3.99063821988e-08, 3.38026051594e-09, 5.74038427903e-10],
        "stdev": [1.58636474609, 2.48729801178, 3.92842364311, 4.94238901138, 3.4283592701, 9.41131687164, 19.5644989014, 53.5446548462, 30.4338150024, 10.4566574097, 32.0137519836, 140.622817993, 70.7919998169, 65.5352249146, 45.4204521179, 97.2596206665, 98.0720825195, 68.8996429443, 195.145706177, 54.1339950562, 50.1028823853, 67.2920227051, 19.9256973267, 28.9448204041, 23.1832714081, 17.6382427216, 20.7369594574, 22.3270225525, 25.5056724548, 19.6905918121, 12.7433300018, 12.5067310333, 5.23482704163, 1.87194097042, 0.925235211849, 0.460193842649, 0.148975133896, 0.0427106097341, 0.00187089666724, 5.13497870998e-05],
        "var": [2.51655316353, 6.18665122986, 15.4325122833, 24.4272079468, 11.7536468506, 88.572883606, 382.769592285, 2867.0300293, 926.217102051, 109.341674805, 1024.88024902, 19774.7773438, 5011.50732422, 4294.86572266, 2063.01757812, 9459.43359375, 9618.1328125, 4747.16113281, 38081.8476562, 2930.48925781, 2510.29882812, 4528.21630859, 397.033416748, 837.80267334, 537.464050293, 311.107574463, 430.021514893, 498.495941162, 650.539367676, 387.719390869, 162.392471313, 156.418319702, 27.4034156799, 3.50416302681, 0.856060147285, 0.211778372526, 0.0221935883164, 0.00182419607881, 3.50025447915e-06, 2.63680077772e-09]
    },
    "gfcc": {
        "mean": [-16.9514446259, 38.660243988, -152.475982666, 18.2348060608, -70.3534622192, 17.2866439819, -39.5648155212, 1.49434268475, -23.831287384, 2.40535497665, -15.5651445389, 8.7541847229, -6.64081478119],
        "cov": [[9916.01660156, -1596.46472168, -1291.35900879, 56.0439796448, -1270.1463623, -179.211029053, -867.154785156, -68.364074707, -519.088378906, 228.003601074, -493.451049805, 77.0860671997, -321.282897949], [-1596.46472168, 2108.75830078, 960.381958008, 566.45916748, 1038.7800293, 218.321884155, 539.078063965, 135.024642944, 180.013061523, -146.234512329, 110.165245056, -150.494064331, 63.0978393555], [-1291.35900879, 960.381958008, 2327.72998047, 1032.23999023, 1284.78112793, 715.598937988, 693.397583008, 355.746032715, 97.6972198486, -65.3077926636, 69.9835357666, -81.3521575928, -30.756521225], [56.0439796448, 566.45916748, 1032.23999023, 1108.58703613, 817.67590332, 545.759094238, 369.790740967, 180.77293396, 108.273422241, -3.82796859741, 19.978925705, -85.7239456177, -25.9977226257], [-1270.1463623, 1038.7800293, 1284.78112793, 817.67590332, 1479.27392578, 645.780029297, 771.792114258, 358.628479004, 162.351470947, 7.13630390167, 162.226119995, 7.11865472794, 73.6850280762], [-179.211029053, 218.321884155, 715.598937988, 545.759094238, 645.780029297, 598.824279785, 437.746459961, 278.69543457, 62.3263244629, -13.8624334335, 47.9736328125, -15.5366830826, -29.274471283], [-867.154785156, 539.078063965, 693.397583008, 369.790740967, 771.792114258, 437.746459961, 667.885620117, 313.929626465, 114.690315247, -17.1356945038, 120.79549408, 41.6212463379, 54.686466217], [-68.364074707, 135.024642944, 355.746032715, 180.77293396, 358.628479004, 278.69543457, 313.929626465, 292.611175537, 51.9882736206, 35.2165145874, 42.1407623291, 26.6527099609, 6.22646474838], [-519.088378906, 180.013061523, 97.6972198486, 108.273422241, 162.351470947, 62.3263244629, 114.690315247, 51.9882736206, 170.585617065, 43.2077827454, 65.0209960938, 5.26313638687, 46.4045372009], [228.003601074, -146.234512329, -65.3077926636, -3.82796859741, 7.13630390167, -13.8624334335, -17.1356945038, 35.2165145874, 43.2077827454, 159.0650177, 39.9757499695, 52.647403717, 23.7261943817], [-493.451049805, 110.165245056, 69.9835357666, 19.978925705, 162.226119995, 47.9736328125, 120.79549408, 42.1407623291, 65.0209960938, 39.9757499695, 157.03678894, 74.854637146, 62.6600723267], [77.0860671997, -150.494064331, -81.3521575928, -85.7239456177, 7.11865472794, -15.5366830826, 41.6212463379, 26.6527099609, 5.26313638687, 52.647403717, 74.854637146, 155.156158447, 69.8069152832], [-321.282897949, 63.0978393555, -30.756521225, -25.9977226257, 73.6850280762, -29.274471283, 54.686466217, 6.22646474838, 46.4045372009, 23.7261943817, 62.6600723267, 69.8069152832, 120.685890198]],
        "icov": [[0.000223409224418, -6.63361715851e-05, 0.000150342311827, -0.00031117675826, 0.000170981642441, -7.15047281119e-05, 0.000156062655151, -0.000295210600598, 0.000525445735548, -0.00039955318789, 0.000544919166714, -0.000577781698667, 0.000351277180016], [-6.63361715851e-05, 0.00125655997545, -9.36515934882e-05, -0.000167651829543, -0.000944684667047, 0.00137342349626, -0.0004855710431, -6.72409951221e-05, -0.000627853150945, 0.00122906430624, -0.000755305693019, 0.00151006772649, -0.000241628047661], [0.000150342311827, -9.36515934882e-05, 0.00112689542584, -0.000678938406054, -0.00040494397399, -7.88758625276e-05, 2.85072928818e-05, -0.000470279832371, 0.000586028501857, 4.04573511332e-05, 0.000329378177412, -0.000337708566803, 0.000620618404355], [-0.00031117675826, -0.000167651829543, -0.000678938406054, 0.0030420999974, -0.000795384694356, -0.00212525040843, 0.000549962802324, 0.00154148449656, -0.00142487022094, -0.000251174729783, 8.7351516413e-05, 0.001147484174, -0.000728904502466], [0.000170981642441, -0.000944684667047, -0.00040494397399, -0.000795384694356, 0.00365748116747, -0.00144258304499, -0.00166806392372, 0.000239057248109, 0.0010497221956, -0.00178043765482, 2.07182129088e-05, -0.000604614499025, -0.000879581086338], [-7.15047281119e-05, 0.00137342349626, -7.88758625276e-05, -0.00212525040843, -0.00144258304499, 0.00787406228483, -0.00183689629193, -0.00316918361932, -0.000290129595669, 0.00231600226834, -0.00132139725611, 0.000907708599698, 0.00221756636165], [0.000156062655151, -0.0004855710431, 2.85072928818e-05, 0.000549962802324, -0.00166806392372, -0.00183689629193, 0.00708356173709, -0.00374749302864, -0.000847351911943, 0.0018699944485, -0.00053928460693, -0.00176361144986, -0.000390218221582], [-0.000295210600598, -6.72409951221e-05, -0.000470279832371, 0.00154148449656, 0.000239057248109, -0.00316918361932, -0.00374749302864, 0.0100710699335, -0.000853611796629, -0.00277961138636, 0.00104818562977, 0.000101182362414, -2.77675758298e-06], [0.000525445735548, -0.000627853150945, 0.000586028501857, -0.00142487022094, 0.0010497221956, -0.000290129595669, -0.000847351911943, -0.000853611796629, 0.0107053052634, -0.00383904925548, -0.00141234276816, 0.00158350216225, -0.00225797249004], [-0.00039955318789, 0.00122906430624, 4.04573511332e-05, -0.000251174729783, -0.00178043765482, 0.00231600226834, 0.0018699944485, -0.00277961138636, -0.00383904925548, 0.0110592348501, -0.00257792999037, -0.00100304197986, 0.000415432557929], [0.000544919166714, -0.000755305693019, 0.000329378177412, 8.7351516413e-05, 2.07182129088e-05, -0.00132139725611, -0.00053928460693, 0.00104818562977, -0.00141234276816, -0.00257792999037, 0.0133866276592, -0.00627811579034, -0.000463678647066], [-0.000577781698667, 0.00151006772649, -0.000337708566803, 0.001147484174, -0.000604614499025, 0.000907708599698, -0.00176361144986, 0.000101182362414, 0.00158350216225, -0.00100304197986, -0.00627811579034, 0.0157006178051, -0.00701686507091], [0.000351277180016, -0.000241628047661, 0.000620618404355, -0.000728904502466, -0.000879581086338, 0.00221756636165, -0.000390218221582, -2.77675758298e-06, -0.00225797249004, 0.000415432557929, -0.000463678647066, -0.00701686507091, 0.0156864579767]]
    },
    "melbands": {
        "dmean": [0.000884637760464, 0.000588822527789, 0.00033304785029, 0.000191803803318, 0.000247558840783, 0.000495858839713, 0.000177872294444, 5.15388128406e-05, 0.000117011353723, 0.000301569147268, 0.000149735686136, 9.42068509175e-05, 8.08359764051e-05, 6.72601163387e-05, 0.000156872265507, 9.29451998672e-05, 5.95520250499e-05, 0.000108980020741, 5.72972239752e-05, 4.08778287238e-05, 2.77094422927e-05, 3.64676780009e-05, 1.24959842651e-05, 1.13398127723e-05, 1.35791615321e-05, 1.04143355202e-05, 8.34831826069e-06, 6.30543536317e-06, 7.20842353985e-06, 8.19581055111e-06, 7.76950128056e-06, 7.804530469e-06, 7.24276969777e-06, 5.18201068189e-06, 4.08410915043e-06, 3.45096850651e-06, 2.72492206932e-06, 1.69501231539e-06, 1.18492528145e-06, 6.20899072601e-07],
        "dmean2": [0.000926788605284, 0.00100721034687, 0.000533908023499, 0.000321942876326, 0.000423184857937, 0.000816922052763, 0.000315919547575, 8.74101897352e-05, 0.000188388774404, 0.000459471717477, 0.000233231170569, 0.000137665556394, 0.000127768566017, 0.000106232037069, 0.000251131044934, 0.00015605527733, 0.000101440258732, 0.000169639039086, 9.2304093414e-05, 6.55592011753e-05, 4.70793384011e-05, 5.81532658543e-05, 2.08424226003e-05, 1.92331317521e-05, 2.23334445764e-05, 1.67055713973e-05, 1.35446562126e-05, 9.98279028863e-06, 1.15361435746e-05, 1.252158836e-05, 1.23042000268e-05, 1.25088927234e-05, 1.1492127669e-05, 7.41824032957e-06, 6.01575857218e-06, 5.32589638169e-06, 3.86506917494e-06, 2.35765628531e-06, 1.82104508895e-06, 9.46726174789e-07],
        "dvar": [1.13520873128e-05, 4.61058016299e-06, 6.27264341801e-07, 3.29664146648e-07, 4.9385192824e-07, 9.63222078099e-07, 2.47653673568e-07, 1.15310765381e-08, 8.37605398374e-08, 5.65677169106e-07, 7.99535584406e-08, 4.80773358902e-08, 1.8776537658e-08, 9.59000079348e-09, 1.30353356553e-07, 4.57873348125e-08, 2.00330845246e-08, 7.4434623798e-08, 1.80998274146e-08, 6.82477718783e-09, 2.07781125638e-09, 6.94458890393e-09, 2.81507289701e-10, 2.55285875772e-10, 6.74968025915e-10, 3.431845641e-10, 2.57269872073e-10, 9.92977297609e-11, 1.47350492918e-10, 1.62125826653e-10, 1.27572785669e-10, 1.27091448476e-10, 1.38915004499e-10, 5.02669121605e-11, 3.53308424184e-11, 2.96843626069e-11, 2.37836885603e-11, 7.87026954024e-12, 4.761177997e-12, 2.05767217501e-12],
        "dvar2": [1.71091323864e-05, 1.31389660964e-05, 1.51236849888e-06, 9.27679081997e-07, 1.36104529247e-06, 2.35750280808e-06, 6.6751306349e-07, 3.03863423312e-08, 1.96301385813e-07, 1.14146405394e-06, 1.69584112086e-07, 8.98718184317e-08, 4.02270146083e-08, 2.26590000096e-08, 2.82218280745e-07, 1.15882606622e-07, 5.21714440538e-08, 1.58316552756e-07, 4.06483877669e-08, 1.68294018721e-08, 5.70205438422e-09, 1.67600315848e-08, 7.30118465686e-10, 7.10022873829e-10, 1.82645187863e-09, 8.22917900489e-10, 6.71210365066e-10, 2.42641462478e-10, 3.75470599057e-10, 3.90728366328e-10, 3.25697774306e-10, 2.89766627359e-10, 3.18228943197e-10, 9.89003809404e-11, 6.81595335728e-11, 5.98481403324e-11, 4.11572893821e-11, 1.48355806806e-11, 1.15239406559e-11, 5.36314048727e-12],
        "max": [0.0455511398613, 0.0235024765134, 0.00623798603192, 0.00564677361399, 0.00682837888598, 0.00884355790913, 0.00739124091342, 0.00124711659737, 0.00423403363675, 0.00932144932449, 0.00468527758494, 0.00315076531842, 0.00152373034507, 0.00111126352567, 0.00363295106217, 0.00326753268018, 0.00195674528368, 0.00336518441327, 0.00159732357133, 0.00114302092697, 0.00044409482507, 0.00122983765323, 0.000185258380952, 0.000178076836164, 0.000511724501848, 0.000290639611194, 0.00029187722248, 9.75432121777e-05, 9.93534413283e-05, 0.00013885908993, 0.00010553834727, 0.000109389591671, 0.000123558711493, 6.23329542577e-05, 4.81454299006e-05, 5.16482941748e-05, 5.83048531553e-05, 2.70945201919e-05, 3.35159966198e-05, 2.52873724094e-05],
        "mean": [0.00392884621397, 0.00073776463978, 0.000298036058666, 0.000162490323419, 0.000264577305643, 0.000583590532187, 0.00014667272626, 5.85977795708e-05, 0.000140211370308, 0.000347144552507, 0.000222332266276, 0.000135060530738, 9.99884359771e-05, 8.66079717525e-05, 0.000174601242179, 0.000106325809611, 6.16559336777e-05, 0.000123096717289, 6.59964935039e-05, 5.04851232108e-05, 3.42454986821e-05, 4.68336402264e-05, 1.72770414792e-05, 1.55841189553e-05, 1.79474754987e-05, 1.35346017487e-05, 1.0541908523e-05, 8.43586531118e-06, 9.40371046454e-06, 1.04272039607e-05, 9.73268925009e-06, 1.07755331555e-05, 9.71537519945e-06, 7.22403137843e-06, 5.38830954611e-06, 4.68257576358e-06, 4.04822503697e-06, 2.42029705078e-06, 1.42954013427e-06, 7.19506545011e-07],
        "median": [2.41560355789e-05, 4.83531766804e-05, 3.55690135621e-05, 2.71528078883e-05, 7.05447964719e-05, 0.000122809506138, 3.0530110962e-05, 1.32475543069e-05, 3.13575546897e-05, 7.17715884093e-05, 6.9020956289e-05, 2.94382989523e-05, 4.07995321439e-05, 4.85177988594e-05, 4.93553561682e-05, 3.74733972421e-05, 2.32113397942e-05, 3.61743150279e-05, 2.68466519628e-05, 2.4838376703e-05, 1.65530054801e-05, 2.23623828788e-05, 1.09059019451e-05, 1.00951847344e-05, 1.11548988571e-05, 7.28951499696e-06, 6.34148636891e-06, 4.92208346259e-06, 5.19845889357e-06, 4.94079722557e-06, 4.57482610727e-06, 5.19995865034e-06, 3.41666282111e-06, 2.56196199189e-06, 1.80449796972e-06, 1.38171003528e-06, 9.6929557003e-07, 6.81503763644e-07, 4.50661985951e-07, 2.06816778814e-07],
        "min": [2.87569482116e-11, 3.22837451217e-11, 6.10428860237e-11, 3.06720843168e-10, 7.34147298509e-10, 1.79917525323e-10, 8.34214156087e-11, 1.58447324705e-10, 2.57599691578e-10, 3.11782322182e-10, 2.97139035599e-10, 3.34174965477e-10, 7.12266801095e-10, 2.84185536215e-10, 5.51655221503e-10, 2.56406118559e-10, 1.27760996227e-10, 1.03836196585e-10, 8.99993343739e-11, 5.84004095083e-11, 4.43033491837e-11, 9.72512695374e-11, 5.24892976306e-11, 3.07345746076e-11, 1.21184581467e-11, 1.30628693626e-11, 1.48520171855e-11, 1.33710490596e-11, 6.81191995172e-12, 9.34712376943e-12, 4.14395904744e-12, 3.12050927632e-12, 3.66399749083e-12, 2.51309324913e-12, 2.11569498899e-12, 2.069825214e-12, 1.71842032791e-12, 1.04295532714e-12, 1.29755884856e-12, 6.28562794262e-13],
        "stdev": [0.00989925116301, 0.00198181765154, 0.000730122323148, 0.000461398536572, 0.000611481955275, 0.00108650885522, 0.000425879494287, 0.000112399669888, 0.000353020586772, 0.0009163475479, 0.000376682117349, 0.000285564223304, 0.000170526400325, 0.000116556300782, 0.00038839931949, 0.000253878068179, 0.000132877583383, 0.000305548892356, 0.000143634882988, 8.97490463103e-05, 4.96761931572e-05, 9.23191546462e-05, 2.011840661e-05, 1.78728569153e-05, 2.58184954873e-05, 2.07049379242e-05, 1.56710084411e-05, 1.07925534394e-05, 1.24849420899e-05, 1.44419318531e-05, 1.29475265567e-05, 1.48477656694e-05, 1.50427504195e-05, 1.0107437447e-05, 7.65274126024e-06, 7.63772550272e-06, 7.79086803959e-06, 4.17729552282e-06, 2.34206049754e-06, 1.40537792959e-06],
        "var": [9.79951728368e-05, 3.92760102841e-06, 5.33078605258e-07, 2.12888622286e-07, 3.73910154394e-07, 1.18050161291e-06, 1.81373337682e-07, 1.26336860973e-08, 1.24623525721e-07, 8.39692802401e-07, 1.41889415772e-07, 8.15469221038e-08, 2.90792510071e-08, 1.35853719385e-08, 1.50854020831e-07, 6.44540705252e-08, 1.76564540766e-08, 9.33601285169e-08, 2.06309813677e-08, 8.05489186462e-09, 2.46772402512e-09, 8.5228260005e-09, 4.0475028884e-10, 3.19439030783e-10, 6.66594723864e-10, 4.28694468813e-10, 2.4558050038e-10, 1.16479215162e-10, 1.55873772223e-10, 2.08569383986e-10, 1.67638444792e-10, 2.20456139455e-10, 2.26284352367e-10, 1.02160287174e-10, 5.85644518991e-11, 5.83348577776e-11, 6.06976205408e-11, 1.74497968158e-11, 5.48524767274e-12, 1.97508719449e-12]
    },
    "melbands128": {
