{
"lowlevel": {
    "average_loudness": 0.983968675137,
    "barkbands_crest": {
        "dmean": 1.83606386185,
        "dmean2": 2.82884097099,
        "dvar": 4.25625896454,
        "dvar2": 9.78446388245,
        "max": 23.8933048248,
        "mean": 14.3459701538,
        "median": 14.5705423355,
        "min": 3.57970738411,
        "stdev": 3.34095072746,
        "var": 11.1619520187
    },
    "barkbands_flatness_db": {
        "dmean": 0.0265396218747,
        "dmean2": 0.0368230678141,
        "dvar": 0.000722654163837,
        "dvar2": 0.00126812187955,
        "max": 0.358724743128,
        "mean": 0.184068068862,
        "median": 0.182812929153,
        "min": 0.0476727634668,
        "stdev": 0.048188444227,
        "var": 0.00232212617993
    },
    "barkbands_kurtosis": {
        "dmean": 10.9099569321,
        "dmean2": 16.2710781097,
        "dvar": 280.838165283,
        "dvar2": 606.784729004,
        "max": 177.809677124,
        "mean": 18.2828903198,
        "median": 11.1434288025,
        "min": -1.82000458241,
        "stdev": 21.8256950378,
        "var": 476.360992432
    },
    "barkbands_skewness": {
        "dmean": 1.02951395512,
        "dmean2": 1.44501829147,
        "dvar": 1.23277187347,
        "dvar2": 2.41287064552,
        "max": 11.7925434113,
        "mean": 3.58166003227,
        "median": 3.25705265999,
        "min": -2.00901317596,
        "stdev": 1.83713316917,
        "var": 3.37505817413
    },
    "barkbands_spread": {
        "dmean": 8.54717445374,
        "dmean2": 12.3871936798,
        "dvar": 138.777648926,
        "dvar2": 290.166748047,
        "max": 90.4573974609,
        "mean": 20.0062007904,
        "median": 16.271894455,
        "min": 1.25633251667,
        "stdev": 16.0356674194,
        "var": 257.142608643
    },
    "dissonance": {
        "dmean": 0.0193039961159,
        "dmean2": 0.0316751971841,
        "dvar": 0.000350523245288,
        "dvar2": 0.000897951249499,
        "max": 0.499998360872,
        "mean": 0.465946167707,
        "median": 0.471059709787,
        "min": 0.339832305908,
        "stdev": 0.02562296018,
        "var": 0.000656536081806
    },
    "dynamic_complexity": 2.1503007412,
    "erbbands_crest": {
        "dmean": 2.98874664307,
        "dmean2": 4.9864563942,
        "dvar": 8.25199604034,
        "dvar2": 20.7556304932,
        "max": 26.1818752289,
        "mean": 8.34425449371,
        "median": 7.4282541275,
        "min": 2.50450515747,
        "stdev": 3.93854808807,
        "var": 15.5121603012
    },
    "erbbands_flatness_db": {
        "dmean": 0.0172463860363,
        "dmean2": 0.0264227613807,
        "dvar": 0.000240048830165,
        "dvar2": 0.000516718137078,
        "max": 0.227091476321,
        "mean": 0.112018361688,
        "median": 0.110094435513,
        "min": 0.0436265058815,
        "stdev": 0.0291831158102,
        "var": 0.000851654214785
    },
    "erbbands_kurtosis": {
        "dmean": 1.04584538937,
        "dmean2": 1.70783615112,
        "dvar": 2.82765960693,
        "dvar2": 7.23311948776,
        "max": 26.1235122681,
        "mean": 0.253384381533,
        "median": -0.212831258774,
        "min": -1.74066352844,
        "stdev": 1.8024661541,
        "var": 3.24888420105
    },
    "erbbands_skewness": {
        "dmean": 0.46354496479,
        "dmean2": 0.6941832304,
        "dvar": 0.242498293519,
        "dvar2": 0.535420119762,
        "max": 2.69171357155,
        "mean": 0.298826515675,
        "median": 0.312897086143,
        "min": -4.74654960632,
        "stdev": 0.771096348763,
        "var": 0.594589591026
    },
    "erbbands_spread": {
        "dmean": 14.2151069641,
        "dmean2": 21.4294643402,
        "dvar": 201.086273193,
        "dvar2": 451.697906494,
        "max": 149.435501099,
        "mean": 55.0315475464,
        "median": 51.5351829529,
        "min": 11.5468120575,
        "stdev": 21.8698978424,
        "var": 478.292449951
    },
    "hfc": {
        "dmean": 18.8057479858,
        "dmean2": 28.3378105164,
        "dvar": 1484.92468262,
        "dvar2": 3130.15429688,
        "max": 348.35836792,
        "mean": 32.9616012573,
        "median": 22.1523609161,
        "min": 1.30369607004e-16,
        "stdev": 42.7430381775,
        "var": 1826.96716309
    },
    "loudness_ebu128": {
        "integrated": -10.2880353928,
        "loudness_range": 0.889097213745,
        "momentary": {
            "dmean": 0.66503572464,
            "dmean2": 0.983017206192,
            "dvar": 0.405146360397,
            "dvar2": 0.53777384758,
            "max": -7.75830554962,
            "mean": -10.4678201675,
            "median": -10.2082471848,
            "min": -16.1494617462,
            "stdev": 1.30050206184,
            "var": 1.69130551815
        },
        "short_term": {
            "dmean": 0.0758163705468,
            "dmean2": 0.10502794385,
            "dvar": 0.00446602283046,
            "dvar2": 0.006942902226,
            "max": -9.67289638519,
            "mean": -10.3512439728,
            "median": -10.2518062592,
            "min": -11.5168800354,
            "stdev": 0.357213199139,
            "var": 0.127601265907
        }
    },
    "melbands_crest": {
        "dmean": 2.87616252899,
        "dmean2": 4.20610141754,
        "dvar": 15.734749794,
        "dvar2": 34.218788147,
        "max": 38.9137687683,
        "mean": 31.8786373138,
        "median": 33.7080001831,
        "min": 2.05150985718,
        "stdev": 6.41620922089,
        "var": 41.1677436829
    },
    "melbands_flatness_db": {
        "dmean": 0.0304226949811,
        "dmean2": 0.0404946096241,
        "dvar": 0.00114389776718,
        "dvar2": 0.00197774311528,
        "max": 0.464605331421,
        "mean": 0.262132555246,
        "median": 0.260868757963,
        "min": 0.00729138124734,
        "stdev": 0.0635844022036,
        "var": 0.00404297653586
    },
    "melbands_kurtosis": {
        "dmean": 33.6169815063,
        "dmean2": 49.3668785095,
        "dvar": 3023.57983398,
        "dvar2": 5734.80029297,
        "max": 633.329284668,
        "mean": 61.4635734558,
        "median": 36.4728469849,
        "min": -1.28150260448,
        "stdev": 76.2030410767,
        "var": 5806.90332031
    },
    "melbands_skewness": {
        "dmean": 1.69337964058,
        "dmean2": 2.39814066887,
        "dvar": 3.8556830883,
        "dvar2": 6.90801095963,
        "max": 23.1899089813,
        "mean": 6.03420829773,
        "median": 5.289727211,
        "min": 0.0751172676682,
        "stdev": 3.30478811264,
        "var": 10.9216241837
    },
    "melbands_spread": {
        "dmean": 6.16528511047,
        "dmean2": 8.72220039368,
        "dvar": 134.745254517,
        "dvar2": 280.933502197,
        "max": 195.679260254,
        "mean": 13.7417583466,
        "median": 10.0880632401,
        "min": 0.694322049618,
        "stdev": 15.0990695953,
        "var": 227.981903076
    },
    "pitch_salience": {
        "dmean": 0.0876746550202,
        "dmean2": 0.130751445889,
        "dvar": 0.00988585408777,
        "dvar2": 0.0229261294007,
        "max": 0.814476728439,
        "mean": 0.294966757298,
        "median": 0.273900687695,
        "min": 0.0630268082023,
        "stdev": 0.14495152235,
        "var": 0.0210109446198
    },
    "silence_rate_20dB": {
        "dmean": 0,
        "dmean2": 0,
        "dvar": 0,
        "dvar2": 0,
        "max": 1,
        "mean": 1,
        "median": 1,
        "min": 1,
        "stdev": 0,
        "var": 0
    },
    "silence_rate_30dB": {
        "dmean": 0.078947365284,
        "dmean2": 0.158017039299,
        "dvar": 0.072715036571,
        "dvar2": 0.150087863207,
        "max": 1,
        "mean": 0.85228151083,
        "median": 1,
        "min": 0,
        "stdev": 0.354820013046,
        "var": 0.125897243619
    },
    "silence_rate_60dB": {
        "dmean": 0.00232198135927,
        "dmean2": 0.00387296662666,
        "dvar": 0.0023165741004,
        "dvar2": 0.0038579646498,
        "max": 1,
        "mean": 0.00541376648471,
        "median": 0,
        "min": 0,
        "stdev": 0.073378816247,
        "var": 0.00538445077837
    },
    "spectral_centroid": {
        "dmean": 430.680969238,
        "dmean2": 625.553710938,
        "dvar": 274298.53125,
        "dvar2": 467470.875,
        "max": 10893.0859375,
        "mean": 1629.52124023,
        "median": 1526.19274902,
        "min": 201.78565979,
        "stdev": 770.493469238,
        "var": 593660.1875
    },
    "spectral_complexity": {
        "dmean": 4.30185747147,
        "dmean2": 6.19984531403,
        "dvar": 27.0436515808,
        "dvar2": 41.7805252075,
        "max": 60,
        "mean": 16.9829845428,
        "median": 16,
        "min": 0,
        "stdev": 8.84102249146,
        "var": 78.1636810303
    },
    "spectral_decrease": {
        "dmean": 5.50477086136e-09,
        "dmean2": 9.08057451454e-09,
        "dvar": 1.45795519576e-16,
        "dvar2": 3.57648200564e-16,
        "max": 1.12631705377e-28,
        "mean": -2.16869846525e-08,
        "median": -1.8633553367e-08,
        "min": -1.02092364784e-07,
        "stdev": 1.36402551476e-08,
        "var": 1.86056557276e-16
    },
    "spectral_energy": {
        "dmean": 0.0219015926123,
        "dmean2": 0.0359196513891,
        "dvar": 0.00213444232941,
        "dvar2": 0.0052054123953,
        "max": 0.389724969864,
        "mean": 0.0848414450884,
        "median": 0.0724971219897,
        "min": 1.13998017288e-20,
        "stdev": 0.0524505339563,
        "var": 0.0027510584332
    },
    "spectral_energyband_high": {
        "dmean": 0.00187781592831,
        "dmean2": 0.00282306503505,
        "dvar": 1.64302746271e-05,
        "dvar2": 3.59984696843e-05,
        "max": 0.0384308323264,
        "mean": 0.00256935833022,
        "median": 0.00132509879768,
        "min": 8.46147524726e-21,
        "stdev": 0.00437656929716,
        "var": 1.9154360416e-05
    },
    "spectral_energyband_low": {
        "dmean": 0.0163982864469,
        "dmean2": 0.0265316721052,
        "dvar": 0.00174710620195,
        "dvar2": 0.00412477971986,
        "max": 0.350588351488,
        "mean": 0.0681569650769,
        "median": 0.0590527765453,
        "min": 4.25592604068e-23,
        "stdev": 0.0472495220602,
        "var": 0.0022325173486
    },
    "spectral_energyband_middle_high": {
        "dmean": 0.0019435249269,
        "dmean2": 0.00264982297085,
        "dvar": 1.04037635538e-05,
        "dvar2": 1.86412307812e-05,
        "max": 0.0386276505888,
        "mean": 0.00398199539632,
        "median": 0.00274564768188,
        "min": 1.37876053834e-21,
        "stdev": 0.00448004901409,
        "var": 2.00708400371e-05
    },
    "spectral_energyband_middle_low": {
        "dmean": 0.00676440307871,
        "dmean2": 0.0117821833119,
        "dvar": 0.000274585414445,
        "dvar2": 0.000785389973316,
        "max": 0.14564281702,
        "mean": 0.0087424479425,
        "median": 0.00624552043155,
        "min": 3.75872581857e-22,
        "stdev": 0.0133181866258,
        "var": 0.000177374095074
    },
    "spectral_entropy": {
        "dmean": 0.199922829866,
        "dmean2": 0.296756446362,
        "dvar": 0.0466256663203,
        "dvar2": 0.101525679231,
        "max": 9.79585456848,
        "mean": 8.02180099487,
        "median": 8.01205062866,
        "min": 6.24264764786,
        "stdev": 0.343355774879,
        "var": 0.117893189192
    },
    "spectral_flux": {
        "dmean": 0.0430302210152,
        "dmean2": 0.0672465115786,
        "dvar": 0.00526480609551,
        "dvar2": 0.0113681461662,
        "max": 0.56499350071,
        "mean": 0.115368314087,
        "median": 0.0831133425236,
        "min": 1.06769856845e-10,
        "stdev": 0.0978604108095,
        "var": 0.00957666058093
    },
    "spectral_kurtosis": {
        "dmean": 0.843677222729,
        "dmean2": 1.29098033905,
        "dvar": 1.05460691452,
        "dvar2": 2.3532307148,
        "max": 20.6171321869,
        "mean": 1.68154585361,
        "median": 1.51393318176,
        "min": -1.39099299908,
        "stdev": 1.45325803757,
        "var": 2.11195898056
    },
    "spectral_rms": {
        "dmean": 0.000985150923952,
        "dmean2": 0.00157685286831,
        "dvar": 3.2758641737e-06,
        "dvar2": 7.3964852163e-06,
        "max": 0.0194992180914,
        "mean": 0.00876891985536,
        "median": 0.00841004773974,
        "min": 3.33492998841e-12,
        "stdev": 0.002424468752,
        "var": 5.8780483414e-06
    },
    "spectral_rolloff": {
        "dmean": 536.414001465,
        "dmean2": 893.586853027,
        "dvar": 1817315.125,
        "dvar2": 4080252.25,
        "max": 19293.75,
        "mean": 699.806396484,
        "median": 215.33203125,
        "min": 43.06640625,
        "stdev": 1592.92419434,
        "var": 2537407.5
    },
    "spectral_skewness": {
        "dmean": 0.221451327205,
        "dmean2": 0.326526939869,
        "dvar": 0.0524156354368,
        "dvar2": 0.103289201856,
        "max": 3.22483754158,
        "mean": 1.21730458736,
        "median": 1.19891214371,
        "min": -0.176157176495,
        "stdev": 0.364212363958,
        "var": 0.132650643587
    },
    "spectral_spread": {
        "dmean": 1039797.875,
        "dmean2": 1547528.875,
        "dvar": 1.9021702103e+12,
        "dvar2": 3.05431655219e+12,
        "max": 41589300,
        "mean": 7328167.5,
        "median": 6863763.5,
        "min": 2694245.75,
        "stdev": 2051767.75,
        "var": 4.20975109734e+12
    },
    "spectral_strongpeak": {
        "dmean": 0.132062584162,
        "dmean2": 0.229179039598,
        "dvar": 0.0503811985254,
        "dvar2": 0.131331324577,
        "max": 3.73107290268,
        "mean": 0.401867687702,
        "median": 0.389665961266,
        "min": 0,
        "stdev": 0.286736667156,
        "var": 0.0822179168463
    },
    "zerocrossingrate": {
        "dmean": 0.0132436845452,
        "dmean2": 0.0160822663456,
        "dvar": 0.000385423656553,
        "dvar2": 0.000474238564493,
        "max": 0.50390625,
        "mean": 0.0412735491991,
        "median": 0.03173828125,
        "min": 0.00244140625,
        "stdev": 0.0357520096004,
        "var": 0.00127820612397
    },
    "barkbands": {
        "dmean": [0.00568456016481, 0.0114419395104, 0.00686736218631, 0.00263290596195, 0.00205799820833, 0.00064278463833, 0.00164414965548, 0.000569184019696, 0.00078979524551, 0.000300499872537, 0.00048330440768, 0.000505942502059, 0.000338176032528, 0.000405173457693, 0.000242525260546, 0.000160091207363, 0.000252228346653, 0.000104930906673, 0.000155883230036, 0.000152494714712, 0.000238047228777, 0.000338900339557, 0.000449133687653, 0.000444252509624, 0.000320953055052, 0.000209648860618, 2.04163497983e-05],
        "dmean2": [0.00968351215124, 0.0170875545591, 0.0129459165037, 0.00509416311979, 0.00339110824279, 0.00111067958642, 0.00267564505339, 0.000935028889216, 0.00123680592515, 0.000476098066429, 0.000770293059759, 0.000795408617705, 0.000516182917636, 0.000614719057921, 0.000366658496205, 0.000250963115832, 0.00038881439832, 0.000160585273989, 0.00024156604195, 0.000241731293499, 0.000348453817423, 0.000511367805302, 0.00069520965917, 0.000688980042469, 0.000500877329614, 0.000347070104908, 3.63153740182e-05],
        "dvar": [7.93383587734e-05, 0.0010052890284, 0.000728766259272, 0.000123041201732, 1.91886392713e-05, 2.37381618717e-06, 7.29454313841e-06, 7.97833024535e-07, 1.94643416762e-06, 4.69071665066e-07, 1.32390130148e-06, 1.04414539237e-06, 3.47079435414e-07, 5.45626051007e-07, 2.7017102866e-07, 1.20156897765e-07, 2.95223628655e-07, 6.51370655191e-08, 2.4067176696e-07, 2.09448131727e-07, 2.59293727822e-07, 4.63319338451e-07, 1.00064539765e-06, 8.99620488326e-07, 5.41014458122e-07, 2.1717647769e-07, 3.5909095697e-09],
        "dvar2": [0.000206035227166, 0.00229228264652, 0.00208068126813, 0.000361329206498, 5.23502967553e-05, 6.54895302432e-06, 1.82925668923e-05, 1.96759424398e-06, 4.34186131315e-06, 1.08901633666e-06, 3.15209763357e-06, 2.43201429839e-06, 8.24778283004e-07, 1.23350650938e-06, 5.32077990556e-07, 2.47203217896e-07, 6.9666981517e-07, 1.32744034431e-07, 5.46987280359e-07, 4.57477995042e-07, 5.58056115096e-07, 9.3200782203e-07, 2.36686901189e-06, 1.92839388546e-06, 1.2376470977e-06, 5.51057439679e-07, 9.76164393762e-09],
        "max": [0.0912631526589, 0.299589037895, 0.180924117565, 0.0911961048841, 0.0431588329375, 0.0132739506662, 0.020809918642, 0.00796870607883, 0.0150293810293, 0.0117290848866, 0.014628068544, 0.0119688436389, 0.0067160287872, 0.00846445374191, 0.00747290719301, 0.00445556500927, 0.00708656851202, 0.00286816991866, 0.00558971613646, 0.00518140848726, 0.00723991170526, 0.0080059627071, 0.0104888966307, 0.0103228129447, 0.00764789106324, 0.0036230313126, 0.000584798282944],
        "mean": [0.0223112367094, 0.0431636497378, 0.00414280360565, 0.00152281997725, 0.00256532127969, 0.000667390879244, 0.00188653485384, 0.00074086652603, 0.0011932522757, 0.000413547386415, 0.000598900020123, 0.000644343614113, 0.000459264934761, 0.000584343913943, 0.000358264194801, 0.000251555902651, 0.000348177913111, 0.000156639056513, 0.000177552268724, 0.000181540934136, 0.000337972654961, 0.00045792045421, 0.00054093147628, 0.000545979710296, 0.000368722801795, 0.000206785829505, 1.50838759509e-05],
        "median": [0.0196916759014, 0.0409442409873, 0.000294798112009, 6.0000911617e-05, 0.00118724140339, 0.000162732874742, 0.000710574968252, 0.000288880866719, 0.000418209121563, 0.000157020287588, 0.00017999643751, 0.000222241360461, 0.00018115749117, 0.000253282254562, 0.0001114521001, 0.000114612848847, 0.000167583086295, 7.24680794519e-05, 6.48758432362e-05, 6.04778069828e-05, 0.000165017845575, 0.000218711051275, 0.000206549768336, 0.000204276671866, 0.000129966632812, 5.52348174097e-05, 1.52155018895e-06],
        "min": [5.48018712629e-24, 1.72545873414e-23, 5.87029146569e-24, 2.04840718691e-23, 9.01055164408e-23, 9.4853291576e-23, 2.85811247938e-23, 3.91962453937e-23, 8.24330426548e-23, 1.00122592122e-22, 7.27981164395e-23, 5.17889897959e-23, 5.02196519992e-23, 1.87548512151e-22, 1.1198047157e-22, 8.61245582816e-23, 1.22323119614e-22, 3.62564410033e-22, 1.65730689484e-22, 2.34497373288e-22, 3.53971556452e-22, 6.79812257293e-22, 5.88083309286e-22, 6.90977428514e-22, 1.5502214882e-21, 2.36883726751e-21, 2.4328599564e-21],
        "stdev": [0.0112519338727, 0.0334543772042, 0.020357389003, 0.00810480024666, 0.00427058152854, 0.00145711400546, 0.00295108067803, 0.00113780528773, 0.00193304312415, 0.000811490463093, 0.00129959534388, 0.00118158746045, 0.000721475167666, 0.000910541799385, 0.000681663805153, 0.000430981599493, 0.000584241934121, 0.000311703886837, 0.0004924024106, 0.000477846100694, 0.000583556073252, 0.000784603180364, 0.00102784077171, 0.00103833142202, 0.000765735690948, 0.00043910855311, 4.89470367029e-05],
        "var": [0.000126606013509, 0.00111919525079, 0.000414423295297, 6.56877818983e-05, 1.8237868062e-05, 2.12318127524e-06, 8.70887743076e-06, 1.29460079279e-06, 3.73665557163e-06, 6.58516796648e-07, 1.68894791841e-06, 1.39614905947e-06, 5.20526441505e-07, 8.29086332033e-07, 4.64665532718e-07, 1.85745150816e-07, 3.41338648013e-07, 9.71593081545e-08, 2.42460146183e-07, 2.28336901387e-07, 3.40537724242e-07, 6.15602175458e-07, 1.05645665371e-06, 1.07813207251e-06, 5.8635117739e-07, 1.92816315803e-07, 2.39581243733e-09]
    },
    "erbbands": {
        "dmean": [0.687147974968, 1.67102885246, 6.78576040268, 9.20848083496, 6.35942792892, 8.59803771973, 5.69443750381, 5.84036827087, 16.5930194855, 25.2619762421, 9.81614303589, 16.8087654114, 13.6810340881, 11.3003940582, 17.9894580841, 20.44348526, 15.0200166702, 19.9729957581, 14.8131923676, 9.44774723053, 9.04137134552, 13.9582796097, 5.96614599228, 6.83001089096, 7.9344086647, 6.65884399414, 8.56144523621, 9.94259262085, 11.955239296, 13.6526021957, 13.0117549896, 10.8902854919, 6.470495224, 3.78364491463, 2.27324557304, 0.953390479088, 0.393804699183, 0.0708794817328, 0.00225194776431, 7.66440280131e-05],
        "dmean2": [1.09950459003, 2.56439757347, 12.3829507828, 17.5873126984, 11.7571840286, 13.6113872528, 9.59641075134, 9.98258972168, 27.163230896, 40.7711486816, 15.5358991623, 26.3385448456, 21.2596416473, 17.5402526855, 28.5700740814, 31.78606987, 22.6339149475, 30.0026016235, 22.1451911926, 14.1918468475, 13.6143655777, 21.2339820862, 9.09902191162, 10.1887197495, 12.2461032867, 10.2539710999, 12.7381629944, 14.887005806, 17.9502773285, 20.6736545563, 20.4075164795, 16.8689098358, 10.0237522125, 6.063808918, 3.57085704803, 1.52508878708, 0.661897718906, 0.121214874089, 0.00392855936661, 0.000124580823467],
        "dvar": [3.61219358444, 22.8954963684, 664.476745605, 1442.43908691, 542.031738281, 240.918945312, 155.535644531, 190.255157471, 971.786682129, 1608.46203613, 250.618133545, 903.749816895, 755.980285645, 897.10534668, 1809.50427246, 1956.01452637, 669.799682617, 1447.94140625, 755.182922363, 487.902435303, 344.230621338, 770.259216309, 227.98739624, 286.762542725, 771.891784668, 397.546813965, 260.199401855, 526.086853027, 588.774475098, 876.51953125, 843.979125977, 580.348571777, 187.38041687, 84.5011062622, 28.1769580841, 3.91399526596, 0.772343277931, 0.0351702496409, 4.06258695875e-05, 2.42756179603e-08],
        "dvar2": [9.04539299011, 46.7854576111, 1868.12280273, 4192.09033203, 1578.80358887, 599.257995605, 425.667755127, 520.092163086, 2315.90063477, 3971.8215332, 574.389404297, 2016.95153809, 1736.48449707, 2229.43017578, 4191.2734375, 4598.98046875, 1554.80566406, 3326.83227539, 1574.34729004, 997.673522949, 629.385803223, 1729.05114746, 458.737121582, 575.921203613, 1676.44421387, 835.279418945, 525.623474121, 1120.71679688, 1205.37158203, 1963.37585449, 2042.61535645, 1338.79382324, 398.638397217, 189.290817261, 67.9998321533, 9.35991573334, 2.01363396645, 0.0933379158378, 0.000109085376607, 6.09956316566e-08],
        "max": [16.97590065, 38.1966896057, 185.997421265, 283.111633301, 207.956634521, 145.809463501, 127.569549561, 116.959892273, 309.006408691, 392.439239502, 215.437561035, 301.213378906, 367.815856934, 583.192565918, 584.039306641, 556.280456543, 248.219329834, 481.253845215, 374.948181152, 303.433135986, 274.049621582, 342.239593506, 179.526245117, 187.36038208, 316.644958496, 226.216079712, 198.751647949, 319.429168701, 285.559844971, 311.986938477, 304.657867432, 283.18460083, 122.537986755, 127.316238403, 47.3442802429, 15.6999645233, 7.10888433456, 1.56125128269, 0.0576351284981, 0.00127393670846],
        "mean": [2.8488650322, 3.48699951172, 4.50906944275, 5.45154285431, 4.85341978073, 11.5159826279, 6.82643699646, 6.21642255783, 18.1977024078, 32.3600463867, 14.3715229034, 24.6785182953, 21.5047416687, 15.9163513184, 23.7118091583, 26.745016098, 22.3670978546, 29.5934047699, 23.3895549774, 15.6180095673, 15.2826623917, 19.9410476685, 9.50478172302, 9.19879627228, 8.60163784027, 8.14444732666, 12.7330503464, 13.5056324005, 16.0408287048, 17.1575832367, 15.2347145081, 12.8999614716, 7.85304880142, 4.44877290726, 2.46879076958, 1.03184449673, 0.365905374289, 0.0581902191043, 0.00179437256884, 0.000145874771988],
        "median": [2.78183150291, 2.421885252, 0.448040634394, 0.353803783655, 0.959601819515, 4.79308795929, 2.81033873558, 1.75301384926, 4.79804801941, 13.6344585419, 7.68232536316, 8.16464233398, 8.2851266861, 6.8163766861, 8.22040653229, 8.78562068939, 9.7445306778, 12.7299804688, 9.35717487335, 6.11682653427, 8.33178901672, 10.0406084061, 4.64231109619, 4.11628437042, 2.50628471375, 2.73603415489, 5.92032718658, 6.40978765488, 7.50891017914, 7.64177560806, 5.62869882584, 4.77925443649, 2.84609985352, 1.47475612164, 0.85417085886, 0.333802014589, 0.083727940917, 0.00931226927787, 0.000267300783889, 9.51269466896e-05],
        "min": [6.874083441e-22, 3.23621409185e-21, 7.97649699229e-21, 4.86445692756e-20, 1.49817492055e-19, 2.70913050194e-19, 6.81052022913e-19, 7.21517336587e-19, 5.4523413621e-19, 4.14060661852e-19, 9.37334703763e-19, 1.46223053666e-18, 3.36056826985e-18, 3.11113112895e-18, 2.94888068578e-18, 1.80568233764e-18, 1.64158707491e-18, 7.95704405012e-18, 6.97826108362e-18, 5.97600521288e-18, 5.34189517274e-18, 8.01309877151e-18, 1.91643536966e-17, 9.39675604217e-18, 9.14337076821e-18, 1.17740383811e-17, 1.20321327942e-17, 1.57710139784e-17, 2.52958945072e-17, 1.87573494023e-17, 1.60525614435e-17, 1.43463872792e-17, 1.31691380411e-17, 1.44065497795e-17, 1.34618681609e-17, 8.78389130889e-18, 3.87328562599e-18, 1.49107587559e-18, 2.56472932391e-19, 4.27048987207e-20],
        "stdev": [1.7839782238, 5.39806556702, 20.0865592957, 28.0599327087, 17.6151695251, 18.2377605438, 12.0361776352, 13.1609764099, 35.1270484924, 47.1636047363, 21.0843925476, 40.0919342041, 37.8262405396, 32.9263153076, 47.8213653564, 50.517074585, 32.2368011475, 46.4304275513, 36.5569572449, 27.9845905304, 24.1477985382, 31.7244625092, 18.317609787, 19.4273929596, 28.1276454926, 21.4274730682, 20.0992145538, 25.3153324127, 27.758813858, 31.8905658722, 29.141078949, 25.2059860229, 15.1370420456, 9.6546459198, 5.23772478104, 2.00768733025, 0.804555177689, 0.159887582064, 0.00530835054815, 0.000149024839629],
        "var": [3.18257832527, 29.1391105652, 403.46987915, 787.359863281, 310.294189453, 332.615875244, 144.86958313, 173.211288452, 1233.90966797, 2224.40551758, 444.551574707, 1607.36328125, 1430.82434082, 1084.14221191, 2286.8828125, 2551.97485352, 1039.21130371, 2155.78466797, 1336.41113281, 783.137268066, 583.116210938, 1006.44152832, 335.534851074, 377.423614502, 791.164489746, 459.13659668, 403.978424072, 640.866027832, 770.551696777, 1017.00823975, 849.202514648, 635.34173584, 229.130050659, 93.2121963501, 27.4337596893, 4.03080844879, 0.647309064865, 0.025564039126, 2.81785851257e-05, 2.22084040047e-08]
    },
    "gfcc": {
        "mean": [34.3260421753, 54.1663360596, -88.7250595093, 33.8163986206, -56.6689376831, 40.8592414856, -30.9518146515, 20.7489128113, -7.10085105896, 18.8477745056, -9.61383247375, 14.3335266113, -5.12721538544],
        "cov": [[3105.46899414, -260.964324951, -117.821838379, 145.766159058, -108.11958313, 59.8233375549, -24.9293327332, 85.8779296875, -19.5602245331, 134.246307373, 12.7453889847, 61.6236076355, -63.1222305298], [-260.964324951, 856.396118164, 29.809715271, 87.8618774414, 138.327438354, -13.8821172714, 105.241294861, -22.3709011078, 48.4432640076, -56.3392944336, 51.4200172424, -69.8958206177, 89.3755264282], [-117.821838379, 29.809715271, 696.008972168, 88.5398025513, 139.102432251, 83.7080841064, 13.3576879501, 35.2455329895, 20.3516521454, -5.29213047028, -4.2663192749, 27.6132144928, -72.0111541748], [145.766159058, 87.8618774414, 88.5398025513, 327.301330566, 139.164215088, 61.7546272278, -7.42140865326, -3.81118774414, 86.0105285645, 14.8676338196, 55.3047409058, -19.2168445587, 49.0600204468], [-108.11958313, 138.327438354, 139.102432251, 139.164215088, 312.23828125, 85.3288955688, 55.4883346558, 64.4968414307, 79.9089660645, 39.9822540283, 42.4850540161, 2.89592957497, 16.9218025208], [59.8233375549, -13.8821172714, 83.7080841064, 61.7546272278, 85.3288955688, 218.585571289, 100.849861145, 70.7193908691, 50.1887969971, 5.59658384323, 32.521270752, 12.0266256332, 10.6676330566], [-24.9293327332, 105.241294861, 13.3576879501, -7.42140865326, 55.4883346558, 100.849861145, 278.351593018, 100.827056885, 12.2245397568, 20.5048046112, 18.7458076477, 43.2009620667, 32.6004066467], [85.8779296875, -22.3709011078, 35.2455329895, -3.81118774414, 64.4968414307, 70.7193908691, 100.827056885, 155.961181641, 61.094039917, 39.4466018677, 41.5080566406, 15.0235300064, 7.52663326263], [-19.5602245331, 48.4432640076, 20.3516521454, 86.0105285645, 79.9089660645, 50.1887969971, 12.2245397568, 61.094039917, 152.697570801, 60.3989562988, 42.8456268311, -3.06124830246, 14.8796262741], [134.246307373, -56.3392944336, -5.29213047028, 14.8676338196, 39.9822540283, 5.59658384323, 20.5048046112, 39.4466018677, 60.3989562988, 113.256011963, 40.6828422546, 18.4785747528, 3.92609763145], [12.7453889847, 51.4200172424, -4.2663192749, 55.3047409058, 42.4850540161, 32.521270752, 18.7458076477, 41.5080566406, 42.8456268311, 40.6828422546, 105.186462402, 11.5977067947, 25.0682582855], [61.6236076355, -69.8958206177, 27.6132144928, -19.2168445587, 2.89592957497, 12.0266256332, 43.2009620667, 15.0235300064, -3.06124830246, 18.4785747528, 11.5977067947, 93.0774078369, 15.5076608658], [-63.1222305298, 89.3755264282, -72.0111541748, 49.0600204468, 16.9218025208, 10.6676330566, 32.6004066467, 7.52663326263, 14.8796262741, 3.92609763145, 25.0682582855, 15.5076608658, 99.1101989746]],
        "icov": [[0.000513953156769, -0.000340516038705, 0.000307066569803, -0.000941312988289, 0.000606483896263, -0.000508762779646, 0.000622092687991, -0.00111078005284, 0.00108995649498, -0.00130075623747, 0.000775308522861, -0.000911262177397, 0.000988776562735], [-0.000340516038705, 0.00270672491752, -0.000708175124601, 0.00155958649702, -0.00161951943301, 0.00180270057172, -0.00252346810885, 0.00297334929928, -0.00264700572006, 0.00333491899073, -0.00266122119501, 0.00335522880778, -0.00284414575435], [0.000307066569803, -0.000708175124601, 0.00224854866974, -0.00142406579107, -6.78412616253e-05, -0.00102843379136, 0.00101400574204, -0.00153917912394, 0.00135030492675, -0.000914658303373, 0.00126801803708, -0.00220460025594, 0.00293621164747], [-0.000941312988289, 0.00155958649702, -0.00142406579107, 0.00750037189573, -0.00313237006776, 0.000870337535162, -0.00184786389582, 0.0052640652284, -0.00515167647973, 0.00414409395307, -0.00414782576263, 0.00413146940991, -0.00509219104424], [0.000606483896263, -0.00161951943301, -6.78412616253e-05, -0.00313237006776, 0.00621086545289, -0.00189354747999, 0.00142031291034, -0.00340492231771, 0.00159999111202, -0.00358960940503, 0.00202257279307, -0.00212336936966, 0.00200538663194], [-0.000508762779646, 0.00180270057172, -0.00102843379136, 0.000870337535162, -0.00189354747999, 0.00819861702621, -0.00384793733247, 0.00127610831987, -0.00362237216905, 0.00454307580367, -0.00303334882483, 0.00240561692044, -0.00176337920129], [0.000622092687991, -0.00252346810885, 0.00101400574204, -0.00184786389582, 0.00142031291034, -0.00384793733247, 0.00850197020918, -0.00666258716956, 0.0046680024825, -0.00433283951133, 0.0038842537906, -0.0051262001507, 0.00149480416439], [-0.00111078005284, 0.00297334929928, -0.00153917912394, 0.0052640652284, -0.00340492231771, 0.00127610831987, -0.00666258716956, 0.016503604129, -0.00802231300622, 0.00458806473762, -0.00665722042322, 0.005174823571, -0.00383381964639], [0.00108995649498, -0.00264700572006, 0.00135030492675, -0.00515167647973, 0.00159999111202, -0.00362237216905, 0.0046680024825, -0.00802231300622, 0.0158595815301, -0.00963064655662, 0.00353811238892, -0.00320240319706, 0.00340953515843], [-0.00130075623747, 0.00333491899073, -0.000914658303373, 0.00414409395307, -0.00358960940503, 0.00454307580367, -0.00433283951133, 0.00458806473762, -0.00963064655662, 0.0192755106837, -0.00776116084307, 0.00263056717813, -0.00311729311943], [0.000775308522861, -0.00266122119501, 0.00126801803708, -0.00414782576263, 0.00202257279307, -0.00303334882483, 0.0038842537906, -0.00665722042322, 0.00353811238892, -0.00776116084307, 0.0167669691145, -0.00480285985395, 0.0013640379766], [-0.000911262177397, 0.00335522880778, -0.00220460025594, 0.00413146940991, -0.00212336936966, 0.00240561692044, -0.0051262001507, 0.005174823571, -0.00320240319706, 0.00263056717813, -0.00480285985395, 0.0178188830614, -0.00705288629979], [0.000988776562735, -0.00284414575435, 0.00293621164747, -0.00509219104424, 0.00200538663194, -0.00176337920129, 0.00149480416439, -0.00383381964639, 0.00340953515843, -0.00311729311943, 0.0013640379766, -0.00705288629979, 0.01795537211]]
    },
    "melbands": {
        "dmean": [0.00446152454242, 0.00277563463897, 0.00149378797505, 0.000482747476781, 0.000248929456575, 0.000131335356855, 0.000282724708086, 0.000244035967626, 8.10710625956e-05, 0.000113299684017, 6.8065150117e-05, 4.36820046161e-05, 6.70967929182e-05, 4.98686895298e-05, 5.31441728526e-05, 3.56439486495e-05, 3.88219159504e-05, 2.63468991761e-05, 1.73481657839e-05, 1.12622419692e-05, 1.1720873772e-05, 1.69689119502e-05, 7.7955191955e-06, 4.70532904728e-06, 5.74225578021e-06, 6.36203594695e-06, 5.84459667152e-06, 4.11526525568e-06, 5.23762537341e-06, 5.80903588343e-06, 6.04238221058e-06, 7.08650895831e-06, 7.04628200765e-06, 8.18797070679e-06, 7.88759189163e-06, 6.47196611681e-06, 7.02634588379e-06, 4.88442447022e-06, 3.49372180608e-06, 3.28441001329e-06],
        "dmean2": [0.0068980702199, 0.0046313367784, 0.00283488607965, 0.000803627131972, 0.000408046151279, 0.000225545198191, 0.000461370131234, 0.000393699679989, 0.000128310799482, 0.000175925859367, 0.000105897983303, 6.8363166065e-05, 0.000107266634586, 7.73539868533e-05, 8.42838999233e-05, 5.3765685152e-05, 5.89923074585e-05, 4.06389881391e-05, 2.58313611994e-05, 1.73382704816e-05, 1.76311750693e-05, 2.66364259005e-05, 1.17517120088e-05, 7.19059516996e-06, 8.73399585544e-06, 1.00029556052e-05, 9.24332744034e-06, 6.34835214441e-06, 7.83923223935e-06, 8.83951997821e-06, 9.28809458856e-06, 1.07063515316e-05, 1.0561653653e-05, 1.25665164887e-05, 1.26438790176e-05, 9.94713718683e-06, 1.10064574983e-05, 7.65242111811e-06, 5.48624439034e-06, 5.25785344507e-06],
        "dvar": [0.000146331411088, 9.27076325752e-05, 3.69214176317e-05, 1.25034193843e-06, 2.33223161672e-07, 9.29583805487e-08, 2.51873842672e-07, 1.42626731758e-07, 2.33741026534e-08, 3.9663515139e-08, 1.87817619235e-08, 1.44276084413e-08, 2.70521542944e-08, 1.07287307927e-08, 1.15761338293e-08, 4.2907641884e-09, 5.73307934459e-09, 2.50325493667e-09, 1.5736002501e-09, 6.90896173605e-10, 5.91395432625e-10, 1.08751074812e-09, 3.75405456721e-10, 1.31668648207e-10, 1.860820803e-10, 4.99223495876e-10, 4.2986414428e-10, 1.28514296427e-10, 8.17889089788e-11, 1.66714198002e-10, 1.98116800743e-10, 1.9993438849e-10, 1.96122618146e-10, 3.64128199815e-10, 3.29063998272e-10, 1.77269879331e-10, 2.62537686035e-10, 1.02125287393e-10, 6.30703822502e-11, 6.91274537612e-11],
        "dvar2": [0.000351724389475, 0.000249588803854, 0.000107139581814, 3.44725003742e-06, 6.28164571026e-07, 2.52060601724e-07, 6.16829368028e-07, 3.53285031451e-07, 5.13385920442e-08, 9.02132200054e-08, 4.26003623488e-08, 3.58360949804e-08, 6.29106935435e-08, 2.47174529733e-08, 2.81169398875e-08, 9.97073712483e-09, 1.31431230344e-08, 5.60383428549e-09, 3.13062376023e-09, 1.54921875328e-09, 1.22510313005e-09, 2.63854493809e-09, 7.04629132819e-10, 2.52017684499e-10, 3.9104861016e-10, 1.15652232235e-09, 9.39781252818e-10, 2.69713029688e-10, 1.58686883078e-10, 3.84960008315e-10, 4.14244971658e-10, 4.25777496593e-10, 3.93819143962e-10, 8.61312077216e-10, 8.19226131377e-10, 3.97693850074e-10, 6.15284379002e-10, 2.18818060893e-10, 1.37167305292e-10, 1.62851787611e-10],
        "max": [0.112241990864, 0.0751758292317, 0.0461787953973, 0.00987186376005, 0.00509492307901, 0.00256794411689, 0.0043563595973, 0.00344859878533, 0.00247559230775, 0.00221361173317, 0.00179641961586, 0.00241299066693, 0.00200476567261, 0.00134096504189, 0.00117374700494, 0.000794570660219, 0.000892704178113, 0.000767433200963, 0.000643545005005, 0.000342966406606, 0.000401965517085, 0.000399802724132, 0.000266978109721, 0.000127055303892, 0.000151453597937, 0.00026748367236, 0.000252734171227, 0.000127720195451, 0.000105869417894, 0.000166454672581, 0.000182331510587, 0.000150305451825, 0.000176493951585, 0.000200731388759, 0.00020315706206, 0.000147425671457, 0.000219863970415, 9.87563907984e-05, 0.000107796586235, 0.000130007989355],
        "mean": [0.0188120808452, 0.00268779322505, 0.000909438240342, 0.000564541085623, 0.000321560015436, 0.000137468829053, 0.000312794814818, 0.00031779173878, 0.000113132598926, 0.000167008460267, 0.000104533603007, 5.90369381825e-05, 8.50070136948e-05, 6.39760473859e-05, 6.53454771964e-05, 4.93315674248e-05, 5.51119264856e-05, 3.92686597479e-05, 2.56873208855e-05, 1.7181640942e-05, 1.76847479452e-05, 2.2882471967e-05, 1.12624129542e-05, 7.13310100764e-06, 7.44546605347e-06, 6.80304128764e-06, 5.82623715673e-06, 5.10444033353e-06, 7.72079965827e-06, 7.80772006692e-06, 7.87049884821e-06, 9.0142375484e-06, 9.17827310332e-06, 9.77305899141e-06, 8.86599900696e-06, 7.81974813435e-06, 8.05422041594e-06, 5.87209797231e-06, 4.08197774959e-06, 3.67915276911e-06],
        "median": [0.0177429430187, 0.0008048886084, 7.11787943146e-05, 0.000244784110691, 0.000147242404637, 3.54488183802e-05, 9.35105927056e-05, 0.000132808170747, 5.19475361216e-05, 5.38154999958e-05, 3.75586278096e-05, 2.49615204666e-05, 2.57239771599e-05, 2.3200049327e-05, 2.0305349608e-05, 2.0251620299e-05, 2.20980637096e-05, 1.56068908836e-05, 8.63570676302e-06, 7.39310053177e-06, 9.1989440989e-06, 1.12260740934e-05, 4.69617907584e-06, 3.24984557665e-06, 3.25597557094e-06, 2.19845537686e-06, 1.04926971289e-06, 1.61207356086e-06, 3.52259303327e-06, 3.56798932444e-06, 3.28769533553e-06, 3.89607976103e-06, 4.07743709729e-06, 3.85378189094e-06, 3.11604981107e-06, 2.8307588309e-06, 2.85823443846e-06, 2.10385633181e-06, 1.30285150135e-06, 1.15711986837e-06],
        "min": [5.92202890816e-24, 4.53374731094e-24, 9.76343481222e-24, 1.7700298486e-23, 2.06099156939e-23, 1.59789645478e-23, 8.08057046489e-24, 4.87037161414e-24, 6.87657860804e-24, 1.14738730036e-23, 1.73864359754e-23, 1.30708927184e-23, 9.11022406168e-24, 8.40819938718e-24, 1.70732061312e-24, 6.25389085807e-24, 1.63609294204e-23, 1.22420389319e-23, 1.04279373178e-23, 6.15286775283e-24, 6.14388696585e-24, 6.80472442363e-24, 1.62741846975e-23, 1.60977953991e-23, 6.17584766543e-24, 7.17541726274e-24, 5.54327982706e-24, 8.73855145732e-24, 7.30964352348e-24, 7.62042001026e-24, 1.00028746073e-23, 1.31137262878e-23, 1.53537339047e-23, 9.09168346382e-24, 7.70806719e-24, 1.3003314949e-23, 6.71886164726e-24, 8.28825703085e-24, 1.21447424055e-23, 1.16091421385e-23],
        "stdev": [0.0119049390778, 0.00833363085985, 0.00450967159122, 0.00103811081499, 0.000503108429257, 0.000294483092148, 0.000555245496798, 0.00045657591545, 0.000206478842301, 0.000273705547443, 0.000189214260899, 0.000130397413159, 0.000186794364708, 0.000118364558148, 0.000118035757623, 8.00698544481e-05, 9.11955212359e-05, 6.23881132924e-05, 5.18769666087e-05, 3.09919851134e-05, 2.94946330541e-05, 3.59029800165e-05, 2.30921468756e-05, 1.44968262248e-05, 1.53802593559e-05, 2.17077358684e-05, 2.08165838558e-05, 1.24785419757e-05, 1.17657054943e-05, 1.40947713589e-05, 1.55061079568e-05, 1.58498860401e-05, 1.63207896549e-05, 1.97503759409e-05, 1.76284247573e-05, 1.45201584019e-05, 1.65975707205e-05, 1.1156275832e-05, 8.62378692545e-06, 8.388261449e-06],
        "var": [0.000141727578011, 6.94494010531e-05, 2.03371364478e-05, 1.07767402824e-06, 2.53118116689e-07, 8.67202984978e-08, 3.08297529727e-07, 2.08461557349e-07, 4.26335127202e-08, 7.49147304191e-08, 3.5802038667e-08, 1.70034848423e-08, 3.48921354032e-08, 1.40101690249e-08, 1.39324400905e-08, 6.41118136357e-09, 8.31662294587e-09, 3.89227672315e-09, 2.69121969154e-09, 9.60503121483e-10, 8.6993334758e-10, 1.28902388763e-09, 5.33247279666e-10, 2.10157960479e-10, 2.36552388788e-10, 4.71225780618e-10, 4.33330177296e-10, 1.5571401113e-10, 1.38431835439e-10, 1.98662586381e-10, 2.4043939062e-10, 2.51218906788e-10, 2.66368149759e-10, 3.90077331547e-10, 3.10761333333e-10, 2.10834988357e-10, 2.75479333789e-10, 1.24462495865e-10, 7.43696979e-11, 7.03629238208e-11]
    },
    "melbands128": {
