{
"lowlevel": {
    "average_loudness": 0.985599517822,
    "barkbands_crest": {
        "dmean": 3.12924408913,
        "dmean2": 4.86010169983,
        "dvar": 9.27348327637,
        "dvar2": 20.2222423553,
        "max": 26.265838623,
        "mean": 12.6966934204,
        "median": 11.7967061996,
        "min": 2.3200275898,
        "stdev": 5.19591903687,
        "var": 26.9975738525
    },
    "barkbands_flatness_db": {
        "dmean": 0.0298442542553,
        "dmean2": 0.0440586917102,
        "dvar": 0.00105671491474,
        "dvar2": 0.00210324162617,
        "max": 0.396970629692,
        "mean": 0.155076265335,
        "median": 0.138560697436,
        "min": 0.029743919149,
        "stdev": 0.0710979774594,
        "var": 0.00505492230877
    },
    "barkbands_kurtosis": {
        "dmean": 8.20094299316,
        "dmean2": 12.7599020004,
        "dvar": 509.629547119,
        "dvar2": 1254.72680664,
        "max": 432.856872559,
        "mean": 10.5586481094,
        "median": 2.94698667526,
        "min": -1.77295863628,
        "stdev": 28.8444633484,
        "var": 832.003112793
    },
    "barkbands_skewness": {
        "dmean": 0.905857980251,
        "dmean2": 1.3458019495,
        "dvar": 1.41151583195,
        "dvar2": 3.01381516457,
        "max": 19.0523891449,
        "mean": 1.96998548508,
        "median": 1.52407681942,
        "min": -2.09426140785,
        "stdev": 2.13287472725,
        "var": 4.54915475845
    },
    "barkbands_spread": {
        "dmean": 7.18758392334,
        "dmean2": 11.3535146713,
        "dvar": 84.4275360107,
        "dvar2": 186.959075928,
        "max": 71.8820877075,
        "mean": 21.3918704987,
        "median": 17.4507770538,
        "min": 0.51860332489,
        "stdev": 15.507185936,
        "var": 240.472808838
    },
    "dissonance": {
        "dmean": 0.0213898774236,
        "dmean2": 0.0348751693964,
        "dvar": 0.000543095811736,
        "dvar2": 0.00139140686952,
        "max": 0.5,
        "mean": 0.455111414194,
        "median": 0.4682751894,
        "min": 0.254347920418,
        "stdev": 0.0420705266297,
        "var": 0.00176992930938
    },
    "dynamic_complexity": 2.68374657631,
    "erbbands_crest": {
        "dmean": 2.81889772415,
        "dmean2": 4.30332660675,
        "dvar": 7.44103193283,
        "dvar2": 16.4244937897,
        "max": 32.2158966064,
        "mean": 11.2767505646,
        "median": 9.19089889526,
        "min": 2.6651289463,
        "stdev": 6.58206939697,
        "var": 43.323638916
    },
    "erbbands_flatness_db": {
        "dmean": 0.0184793602675,
        "dmean2": 0.0261647924781,
        "dvar": 0.000373305665562,
        "dvar2": 0.000659835292026,
        "max": 0.366244673729,
        "mean": 0.158778503537,
        "median": 0.140191107988,
        "min": 0.0589292906225,
        "stdev": 0.0590105503798,
        "var": 0.00348224514164
    },
    "erbbands_kurtosis": {
        "dmean": 1.89358699322,
        "dmean2": 2.93776917458,
        "dvar": 12.1541070938,
        "dvar2": 25.7182922363,
        "max": 53.2521133423,
        "mean": 2.5020506382,
        "median": 0.389152288437,
        "min": -1.66574656963,
        "stdev": 6.01242160797,
        "var": 36.1492156982
    },
    "erbbands_skewness": {
        "dmean": 0.501334249973,
        "dmean2": 0.742906391621,
        "dvar": 0.289658844471,
        "dvar2": 0.613756120205,
        "max": 6.70140790939,
        "mean": 0.649451911449,
        "median": 0.584291934967,
        "min": -2.76068973541,
        "stdev": 1.2369954586,
        "var": 1.53015780449
    },
    "erbbands_spread": {
        "dmean": 9.46490764618,
        "dmean2": 14.6270437241,
        "dvar": 111.023048401,
        "dvar2": 262.773010254,
        "max": 131.297805786,
        "mean": 37.1840629578,
        "median": 36.9546546936,
        "min": 2.36759305,
        "stdev": 20.6346721649,
        "var": 425.789672852
    },
    "hfc": {
        "dmean": 7.88772630692,
        "dmean2": 11.7739953995,
        "dvar": 204.778945923,
        "dvar2": 410.549285889,
        "max": 132.73638916,
        "mean": 19.5882568359,
        "median": 12.9078645706,
        "min": 1.22462197099e-16,
        "stdev": 20.3985900879,
        "var": 416.102508545
    },
    "loudness_ebu128": {
        "integrated": -8.47205734253,
        "loudness_range": 0.807759284973,
        "momentary": {
            "dmean": 0.624657511711,
            "dmean2": 0.842125892639,
            "dvar": 0.283847093582,
            "dvar2": 0.468323886395,
            "max": -6.6329574585,
            "mean": -8.60662841797,
            "median": -8.46237468719,
            "min": -12.8823957443,
            "stdev": 1.13045763969,
            "var": 1.27793443203
        },
        "short_term": {
            "dmean": 0.0522521883249,
            "dmean2": 0.048954769969,
            "dvar": 0.00167928752489,
            "dvar2": 0.00118658621795,
            "max": -7.7431139946,
            "mean": -8.51462936401,
            "median": -8.53559780121,
            "min": -9.55102443695,
            "stdev": 0.314647436142,
            "var": 0.0990030169487
        }
    },
    "melbands_crest": {
        "dmean": 3.7589571476,
        "dmean2": 5.66628026962,
        "dvar": 11.7940149307,
        "dvar2": 24.4735965729,
        "max": 37.2458190918,
        "mean": 17.9640808105,
        "median": 17.2577590942,
        "min": 1.85952174664,
        "stdev": 6.73131752014,
        "var": 45.310634613
    },
    "melbands_flatness_db": {
        "dmean": 0.0366068184376,
        "dmean2": 0.0540799424052,
        "dvar": 0.00166768394411,
        "dvar2": 0.00321018882096,
        "max": 0.492078721523,
        "mean": 0.223517134786,
        "median": 0.215645626187,
        "min": 0.00662318151444,
        "stdev": 0.0881052464247,
        "var": 0.00776253500953
    },
    "melbands_kurtosis": {
        "dmean": 16.128528595,
        "dmean2": 24.8123760223,
        "dvar": 1292.21252441,
        "dvar2": 3079.1809082,
        "max": 492.919647217,
        "mean": 23.5215759277,
        "median": 7.70454120636,
        "min": -1.75519323349,
        "stdev": 49.5788192749,
        "var": 2458.05932617
    },
    "melbands_skewness": {
        "dmean": 1.11055743694,
        "dmean2": 1.64445543289,
        "dvar": 2.00388836861,
        "dvar2": 4.39463281631,
        "max": 17.0663433075,
        "mean": 2.99470472336,
        "median": 2.38818907738,
        "min": -1.81258070469,
        "stdev": 2.55394506454,
        "var": 6.52263593674
    },
    "melbands_spread": {
        "dmean": 8.89965248108,
        "dmean2": 13.9761285782,
        "dvar": 171.462600708,
        "dvar2": 371.617584229,
        "max": 129.712722778,
        "mean": 22.0762195587,
        "median": 15.496878624,
        "min": 0.470678985119,
        "stdev": 20.3950614929,
        "var": 415.958526611
    },
    "pitch_salience": {
        "dmean": 0.0859549120069,
        "dmean2": 0.129594892263,
        "dvar": 0.0073113553226,
        "dvar2": 0.0144922891632,
        "max": 0.909584105015,
        "mean": 0.472202092409,
        "median": 0.485522896051,
        "min": 0.0647746175528,
        "stdev": 0.149454936385,
        "var": 0.0223367791623
    },
    "silence_rate_20dB": {
        "dmean": 0,
        "dmean2": 0,
        "dvar": 0,
        "dvar2": 0,
        "max": 1,
        "mean": 1,
        "median": 1,
        "min": 1,
        "stdev": 0,
        "var": 0
    },
    "silence_rate_30dB": {
        "dmean": 0.0356037169695,
        "dmean2": 0.0712625905871,
        "dvar": 0.0343359671533,
        "dvar2": 0.0832264870405,
        "max": 1,
        "mean": 0.970610976219,
        "median": 1,
        "min": 0,
        "stdev": 0.168894201517,
        "var": 0.0285252500325
    },
    "silence_rate_60dB": {
        "dmean": 0.0286377705634,
        "dmean2": 0.0565453134477,
        "dvar": 0.0278176851571,
        "dvar2": 0.0641917139292,
        "max": 1,
        "mean": 0.0324825979769,
        "median": 0,
        "min": 0,
        "stdev": 0.177279695868,
        "var": 0.031428091228
    },
    "spectral_centroid": {
        "dmean": 323.262664795,
        "dmean2": 498.093200684,
        "dvar": 209334.09375,
        "dvar2": 388836.5,
        "max": 11097.4472656,
        "mean": 1400.99987793,
        "median": 1114.39196777,
        "min": 220.420333862,
        "stdev": 849.910705566,
        "var": 722348.1875
    },
    "spectral_complexity": {
        "dmean": 4.61842107773,
        "dmean2": 6.91402006149,
        "dvar": 46.5424957275,
        "dvar2": 82.0883178711,
        "max": 60,
        "mean": 16.3085842133,
        "median": 13,
        "min": 0,
        "stdev": 11.3376617432,
        "var": 128.542572021
    },
    "spectral_decrease": {
        "dmean": 2.92062729557e-09,
        "dmean2": 4.28146718079e-09,
        "dvar": 2.0126245635e-17,
        "dvar2": 4.85896248115e-17,
        "max": 6.35282557001e-29,
        "mean": -8.42318570449e-09,
        "median": -6.63537580436e-09,
        "min": -4.05012450244e-08,
        "stdev": 7.49253459276e-09,
        "var": 5.61380681088e-17
    },
    "spectral_energy": {
        "dmean": 0.01139753405,
        "dmean2": 0.0166411008686,
        "dvar": 0.000287645263597,
        "dvar2": 0.000690878252499,
        "max": 0.153897583485,
        "mean": 0.0335677415133,
        "median": 0.0264548193663,
        "min": 1.08679140936e-20,
        "stdev": 0.0286944061518,
        "var": 0.000823368958663
    },
    "spectral_energyband_high": {
        "dmean": 0.000614608405158,
        "dmean2": 0.000941801234148,
        "dvar": 1.89122943084e-06,
        "dvar2": 3.87287627746e-06,
        "max": 0.0112420022488,
        "mean": 0.00111229449976,
        "median": 0.000282862602035,
        "min": 7.82396617981e-21,
        "stdev": 0.00194067624398,
        "var": 3.76622415388e-06
    },
    "spectral_energyband_low": {
        "dmean": 0.0100371688604,
        "dmean2": 0.0151581810787,
        "dvar": 0.000336668686941,
        "dvar2": 0.000801545160357,
        "max": 0.151952534914,
        "mean": 0.0203200876713,
        "median": 0.012788544409,
        "min": 6.17712735559e-23,
        "stdev": 0.0282092690468,
        "var": 0.000795762869529
    },
    "spectral_energyband_middle_high": {
        "dmean": 0.00190926913638,
        "dmean2": 0.00287155131809,
        "dvar": 1.04956025098e-05,
        "dvar2": 2.45156788878e-05,
        "max": 0.0281330440193,
        "mean": 0.00357791013084,
        "median": 0.00217574555427,
        "min": 1.5706635122e-21,
        "stdev": 0.00396204693243,
        "var": 1.5697814888e-05
    },
    "spectral_energyband_middle_low": {
        "dmean": 0.0033361709211,
        "dmean2": 0.00520058861002,
        "dvar": 2.05266242119e-05,
        "dvar2": 5.28829041286e-05,
        "max": 0.0473349578679,
        "mean": 0.00916046183556,
        "median": 0.00724192336202,
        "min": 2.82893017946e-22,
        "stdev": 0.00772328162566,
        "var": 5.96490790485e-05
    },
    "spectral_entropy": {
        "dmean": 0.190636619925,
        "dmean2": 0.286794930696,
        "dvar": 0.0557588674128,
        "dvar2": 0.112939365208,
        "max": 9.80647087097,
        "mean": 7.50637578964,
        "median": 7.60299682617,
        "min": 5.71580886841,
        "stdev": 0.517952680588,
        "var": 0.268274992704
    },
    "spectral_flux": {
        "dmean": 0.0331047810614,
        "dmean2": 0.0525577478111,
        "dvar": 0.0014781288337,
        "dvar2": 0.00347110000439,
        "max": 0.340432792902,
        "mean": 0.0869481638074,
        "median": 0.069927662611,
        "min": 1.04249289756e-10,
        "stdev": 0.0570543929935,
        "var": 0.00325520383194
    },
    "spectral_kurtosis": {
        "dmean": 1.46588015556,
        "dmean2": 2.44467687607,
        "dvar": 4.00827455521,
        "dvar2": 11.3198757172,
        "max": 26.9026947021,
        "mean": 4.27410125732,
        "median": 3.48625183105,
        "min": -1.19507324696,
        "stdev": 3.09449791908,
        "var": 9.57591724396
    },
    "spectral_rms": {
        "dmean": 0.000904785294551,
        "dmean2": 0.00125800666865,
        "dvar": 1.16815510864e-06,
        "dvar2": 2.47586990554e-06,
        "max": 0.0122533254325,
        "mean": 0.0052365786396,
        "median": 0.00508031295612,
        "min": 3.25620064766e-12,
        "stdev": 0.00230807857588,
        "var": 5.32722697244e-06
    },
    "spectral_rolloff": {
        "dmean": 624.131652832,
        "dmean2": 1043.36914062,
        "dvar": 1189732.125,
        "dvar2": 2470928.5,
        "max": 19272.2167969,
        "mean": 1368.44909668,
        "median": 667.529296875,
        "min": 43.06640625,
        "stdev": 1457.17932129,
        "var": 2123371.75
    },
    "spectral_skewness": {
        "dmean": 0.252200782299,
        "dmean2": 0.387806355953,
        "dvar": 0.0774608552456,
        "dvar2": 0.199848696589,
        "max": 4.03301858902,
        "mean": 1.53276336193,
        "median": 1.42586314678,
        "min": 0.0175178889185,
        "stdev": 0.579968214035,
        "var": 0.336363136768
    },
    "spectral_spread": {
        "dmean": 542601.875,
        "dmean2": 819735.375,
        "dvar": 1.30573729792e+12,
        "dvar2": 1.64945330176e+12,
        "max": 40169700,
        "mean": 4790547.5,
        "median": 4584075,
        "min": 1884400.375,
        "stdev": 1544905.75,
        "var": 2.38673382605e+12
    },
    "spectral_strongpeak": {
        "dmean": 0.408910095692,
        "dmean2": 0.663866639137,
        "dvar": 0.47479096055,
        "dvar2": 1.07916247845,
        "max": 10.1640911102,
        "mean": 0.83230227232,
        "median": 0.35825958848,
        "min": 0,
        "stdev": 1.03018307686,
        "var": 1.06127727032
    },
    "zerocrossingrate": {
        "dmean": 0.011617843993,
        "dmean2": 0.0138288363814,
        "dvar": 0.000294539961033,
        "dvar2": 0.00036826232099,
        "max": 0.4990234375,
        "mean": 0.0543612241745,
        "median": 0.04638671875,
        "min": 0.00341796875,
        "stdev": 0.0356801562011,
        "var": 0.00127307348885
    },
    "barkbands": {
        "dmean": [0.000711458385922, 0.00826593488455, 0.00327973882668, 0.00101585534867, 0.000542650406715, 0.000477160094306, 0.00105360615999, 0.00131841737311, 0.000342511135386, 0.000252496654866, 0.000288570357952, 0.00018899726274, 0.000117507777759, 0.000160696770763, 0.000334750366164, 0.000394492089981, 0.00017218508583, 0.000220099100261, 0.000399080163334, 0.000238332999288, 0.000176176108653, 0.000235156330746, 0.000140240503242, 5.08474804519e-05, 3.10551367875e-05, 2.38077082031e-05, 2.59047988038e-06],
        "dmean2": [0.000872672128025, 0.0132624069229, 0.00534830661491, 0.001833269489, 0.000865974405315, 0.000745063822251, 0.00148661038838, 0.0019337979611, 0.000506634707563, 0.000362165068509, 0.000387823965866, 0.000295300444122, 0.00018711577286, 0.000247185555054, 0.0005292565329, 0.000654679024592, 0.000286222086288, 0.000349695037585, 0.000643242150545, 0.000358974328265, 0.00026352686109, 0.000378077296773, 0.000221737427637, 7.56966983317e-05, 4.8016445362e-05, 3.63196559192e-05, 4.15035083279e-06],
        "dvar": [2.575331564e-06, 0.000358570134267, 6.39299032628e-05, 8.07821015769e-06, 8.61576722855e-07, 5.78391677664e-07, 3.81248059966e-06, 3.78001050194e-06, 5.98350482051e-07, 1.56231536153e-07, 2.96232542496e-07, 1.56273927132e-07, 6.74526674516e-08, 1.25720433175e-07, 4.2712827053e-07, 1.06887921447e-06, 1.2997371357e-07, 1.65293656096e-07, 6.84719793753e-07, 2.54329620475e-07, 1.49148903006e-07, 3.48362192426e-07, 1.06203131622e-07, 1.13944453872e-08, 4.7109556256e-09, 2.20511764404e-09, 3.85068331388e-11],
        "dvar2": [3.91658204535e-06, 0.000884989101905, 0.000160742434673, 2.30868827202e-05, 2.02138289751e-06, 1.28962869894e-06, 7.61362480262e-06, 7.58661144573e-06, 1.04757339159e-06, 3.11840636869e-07, 4.53216216556e-07, 3.62854308378e-07, 1.72653159325e-07, 2.96173283232e-07, 1.02756280285e-06, 2.78581410385e-06, 3.25257275335e-07, 3.96473382125e-07, 1.76096818905e-06, 5.50376626052e-07, 3.19669140936e-07, 8.99539827515e-07, 2.44557895712e-07, 2.1940961048e-08, 1.01570893918e-08, 5.1314636984e-09, 1.00255026503e-10],
        "max": [0.017840500921, 0.149713128805, 0.0616559237242, 0.023180494085, 0.0119970459491, 0.0107410755008, 0.0362574756145, 0.0325271487236, 0.0159884225577, 0.00528058828786, 0.00812873803079, 0.00337407132611, 0.00322040682659, 0.00497252633795, 0.00746080139652, 0.011203462258, 0.00274716038257, 0.00453456258401, 0.00825186725706, 0.00866738241166, 0.00349620170891, 0.00515811657533, 0.00260479096323, 0.0013627205044, 0.00158327573445, 0.000597696751356, 9.27441506064e-05],
        "mean": [0.0013532305602, 0.0149916745722, 0.00345215946436, 0.000878755934536, 0.000879871309735, 0.000966641004197, 0.00260289618745, 0.00307752378285, 0.000613542390056, 0.000464780459879, 0.0005437466898, 0.000232467617025, 0.000148748920765, 0.000207184435567, 0.000456819368992, 0.000424709462095, 0.000189195285202, 0.000288295879727, 0.000481113529531, 0.000342219951563, 0.00026841062936, 0.000330284470692, 0.000197765475605, 8.07265532785e-05, 5.33257480129e-05, 3.83599217457e-05, 3.31675869347e-06],
        "median": [0.000228153978242, 0.00855196267366, 0.000929532398004, 0.000221655092901, 0.000511387595907, 0.000444144039648, 0.000898793165106, 0.00119949877262, 0.000196175591554, 0.000226448813919, 0.000165240082424, 9.62118283496e-05, 6.70754670864e-05, 7.62337149354e-05, 8.03173752502e-05, 6.54113973724e-05, 5.65742375329e-05, 5.75466983719e-05, 5.81203785259e-05, 4.61343552161e-05, 4.28518178524e-05, 5.08555785927e-05, 3.59789992217e-05, 2.50414595939e-05, 2.16184871533e-05, 1.41504069688e-05, 3.77230691129e-07],
        "min": [1.22376830392e-25, 1.32287209086e-23, 1.98465933716e-23, 5.06968812924e-23, 3.6378894935e-23, 3.39695149375e-23, 2.76718206055e-23, 5.72102060197e-23, 6.91138204677e-23, 2.93442435899e-23, 6.61360030792e-23, 6.79706852854e-23, 1.51438069737e-22, 9.76327199133e-23, 1.50533025398e-22, 1.99149702571e-22, 1.44546391543e-22, 3.07233176026e-22, 2.36901013533e-22, 1.91456642671e-22, 3.15798817062e-22, 8.13570603615e-22, 7.71622540015e-22, 9.29363166623e-22, 1.03315585522e-21, 1.49690347771e-21, 2.7974186068e-21],
        "stdev": [0.00269281584769, 0.0252232793719, 0.00748902838677, 0.00225586490706, 0.00112518016249, 0.00141880451702, 0.00483901193365, 0.00481581594795, 0.00127129792236, 0.000647110689897, 0.0010578983929, 0.000412155553931, 0.000269298878266, 0.000431485823356, 0.000865658686962, 0.00100298796315, 0.000357792916475, 0.000483150739456, 0.000943157472648, 0.00068587512942, 0.000582126202062, 0.000650875619613, 0.000387068546843, 0.000145422411151, 9.23831976252e-05, 5.91927055211e-05, 7.20816024113e-06],
        "var": [7.25125755707e-06, 0.00063621380832, 5.60855442018e-05, 5.08892662765e-06, 1.26603049466e-06, 2.01300622393e-06, 2.34160379478e-05, 2.31920821534e-05, 1.61619834671e-06, 4.18752250653e-07, 1.119149033e-06, 1.69872208744e-07, 7.25218924913e-08, 1.86180017181e-07, 7.49364915009e-07, 1.00598481367e-06, 1.28015770429e-07, 2.33434647612e-07, 8.89546015514e-07, 4.70424680543e-07, 3.38870933092e-07, 4.2363905095e-07, 1.49822071194e-07, 2.1147677387e-08, 8.53465564887e-09, 3.50377638014e-09, 5.19575771296e-11]
    },
    "erbbands": {
        "dmean": [0.287166446447, 1.81832742691, 3.35960316658, 4.05614280701, 1.85677826405, 2.0487818718, 3.29146075249, 3.98876190186, 10.1864309311, 29.6383686066, 18.7533302307, 9.11253452301, 6.02529287338, 7.89654874802, 13.1434001923, 7.42418956757, 5.2493853569, 8.00233268738, 14.286655426, 19.5750923157, 16.875289917, 8.14039421082, 9.112865448, 17.8068752289, 19.2236976624, 11.3915090561, 5.78240680695, 7.692715168, 8.20430088043, 6.97596693039, 3.63848781586, 1.34387540817, 0.740848004818, 0.405514448881, 0.2233941257, 0.113014869392, 0.0425630174577, 0.00899929460138, 0.000218795292312, 1.69309241755e-05],
        "dmean2": [0.434067338705, 2.90949392319, 5.25246238708, 6.84997987747, 3.19661474228, 3.24986720085, 5.11909008026, 6.02351713181, 14.1685962677, 43.7223014832, 27.9665679932, 13.0416555405, 8.68235969543, 11.6874866486, 17.4035568237, 11.4946842194, 8.19280052185, 12.1749706268, 21.7032356262, 32.6364479065, 26.8108215332, 13.2497806549, 14.4010543823, 29.7166042328, 30.2063465118, 16.8795623779, 8.8123884201, 11.3149709702, 13.1901473999, 11.1724977493, 5.73855304718, 2.05470466614, 1.09779381752, 0.619427323341, 0.346988290548, 0.179111331701, 0.0651752054691, 0.0140278209001, 0.00034193645115, 2.50303346547e-05],
        "dvar": [0.433114588261, 19.4108467102, 58.4198722839, 110.767875671, 20.5672035217, 12.8607978821, 28.8857059479, 37.9934577942, 372.990356445, 3402.953125, 904.710449219, 372.256011963, 100.743133545, 149.824478149, 653.262023926, 217.835388184, 126.727783203, 322.013000488, 877.707641602, 2271.81152344, 1716.44616699, 277.651397705, 281.550842285, 1645.9597168, 1565.60400391, 508.976043701, 138.035995483, 298.987243652, 374.953155518, 291.183837891, 80.2751312256, 8.27266979218, 2.40727138519, 1.12924695015, 0.208959415555, 0.0580338165164, 0.00700134970248, 0.000377728807507, 2.26850531249e-07, 5.21718446223e-10],
        "dvar2": [1.1385601759, 41.6820678711, 140.511276245, 294.538879395, 57.6052856445, 30.8782501221, 72.2814407349, 83.3823852539, 705.047851562, 7248.7109375, 2080.92358398, 615.192932129, 182.352325439, 326.028686523, 998.481506348, 521.122070312, 312.40020752, 770.036376953, 2044.43188477, 5908.95263672, 4107.60205078, 673.210388184, 656.638427734, 4252.98388672, 3648.55029297, 1071.11523438, 293.530731201, 608.964782715, 906.951416016, 732.213378906, 189.902267456, 17.2212810516, 4.48421764374, 2.58304929733, 0.463533252478, 0.140724301338, 0.0142218591645, 0.000925604370423, 5.70153190438e-07, 1.17601794969e-09],
        "max": [5.9373717308, 35.5373802185, 62.7847328186, 78.3893890381, 51.1692199707, 52.7840194702, 57.4498558044, 83.4282455444, 483.380401611, 1005.38293457, 359.390411377, 409.965454102, 202.252944946, 188.700439453, 399.344512939, 129.217391968, 155.916732788, 291.47442627, 399.53213501, 393.709259033, 488.992340088, 147.814910889, 257.689025879, 337.829833984, 480.669342041, 293.070861816, 113.887626648, 149.293365479, 163.085983276, 139.299606323, 81.2038421631, 36.9511222839, 17.5934677124, 30.2137641907, 6.7909693718, 3.35411548615, 0.958779275417, 0.201941147447, 0.00526200933382, 0.000198738722247],
        "mean": [0.530127346516, 2.91338586807, 4.323969841, 3.90975546837, 2.2748978138, 3.19865989685, 5.52355575562, 8.49661159515, 22.9708518982, 75.2677307129, 44.1868057251, 17.8270816803, 11.4069080353, 14.5563373566, 25.0729503632, 10.0670452118, 7.10474300385, 11.5446958542, 22.2799320221, 23.026304245, 19.1315193176, 9.76193618774, 13.4862966537, 20.035194397, 26.7596035004, 16.9739608765, 8.9006357193, 12.1476449966, 11.7323074341, 9.67125034332, 5.17222833633, 2.09556245804, 1.15324819088, 0.653778910637, 0.363232374191, 0.169386073947, 0.0714885517955, 0.0139392353594, 0.000346824439475, 4.89582780574e-05],
        "median": [0.283760458231, 1.29707741737, 1.7026797533, 1.05428600311, 1.09991049767, 1.78401196003, 2.70588636398, 4.20067214966, 10.083814621, 23.2553062439, 21.1319732666, 7.24796009064, 5.84432792664, 8.03676319122, 7.90384435654, 4.64437913895, 3.51417851448, 4.84584283829, 3.79354739189, 4.18271398544, 3.63669228554, 3.22826123238, 2.95403289795, 3.02238869667, 3.15269708633, 2.50363230705, 1.85975122452, 1.66476273537, 1.8878326416, 1.46531641483, 0.979022920132, 0.606844365597, 0.350946694613, 0.240762293339, 0.146351233125, 0.0646655485034, 0.0257399193943, 0.00318608037196, 9.64678401942e-05, 3.75116360374e-05],
        "min": [1.15409441666e-22, 3.93854334239e-21, 2.07331366508e-20, 1.10121740693e-19, 1.01631410252e-19, 1.22007886656e-19, 2.2939856131e-19, 3.58972320062e-19, 3.10667557228e-19, 8.08345399812e-19, 1.34252457733e-18, 1.75663859233e-18, 8.69174194108e-19, 9.37815709289e-19, 3.15911649667e-18, 3.8695091329e-18, 5.76501666762e-18, 4.36176679697e-18, 1.02877437128e-17, 7.00867651474e-18, 1.02447046784e-17, 8.5101681452e-18, 1.1155811863e-17, 2.15581912282e-17, 9.68282487649e-18, 7.99798535454e-18, 1.21203805579e-17, 1.79438404309e-17, 2.83367063919e-17, 2.53478546846e-17, 2.00629944422e-17, 1.85129059508e-17, 1.66347907156e-17, 1.17060706045e-17, 7.26371118684e-18, 4.74839639196e-18, 2.75111669057e-18, 1.4036103146e-18, 3.79454294306e-19, 4.17002490927e-20],
        "stdev": [0.912648200989, 5.51511764526, 7.91911125183, 9.27068805695, 4.00237035751, 4.37996482849, 7.71655654907, 11.759180069, 39.9352722168, 135.402984619, 57.8295974731, 32.616153717, 16.0748806, 18.6243801117, 50.0487213135, 15.6665334702, 12.207118988, 22.8253669739, 44.7257804871, 47.6897354126, 43.8919219971, 17.2465801239, 21.4044342041, 40.2883262634, 52.8916625977, 32.6314811707, 16.5075702667, 27.086681366, 22.6104946136, 18.9348621368, 10.3635807037, 3.80197739601, 2.11474776268, 1.31835103035, 0.58678239584, 0.278635710478, 0.113200560212, 0.0248453095555, 0.000602145039011, 3.89025153709e-05],
        "var": [0.832926690578, 30.4165248871, 62.7123222351, 85.9456634521, 16.0189685822, 19.184091568, 59.5452423096, 138.278320312, 1594.82592773, 18333.9667969, 3344.26220703, 1063.81347656, 258.401763916, 346.867553711, 2504.87451172, 245.4402771, 149.013763428, 520.997375488, 2000.39538574, 2274.31103516, 1926.50097656, 297.444549561, 458.149841309, 1623.14929199, 2797.52807617, 1064.81347656, 272.499847412, 733.688293457, 511.23449707, 358.529022217, 107.403808594, 14.4550323486, 4.47215795517, 1.73804938793, 0.344313561916, 0.0776378661394, 0.0128143662587, 0.00061728945002, 3.62578646218e-07, 1.51340573407e-09]
    },
    "gfcc": {
        "mean": [-5.49482536316, 83.689453125, -107.503005981, 32.6094436646, -65.278678894, 13.2528896332, -28.7750930786, 18.0565929413, -11.3987531662, 14.9302520752, -12.0078926086, 4.17950153351, -13.9618377686],
        "cov": [[4900.24609375, -1051.73303223, 206.177993774, 636.262695312, 338.245849609, 143.286300659, -40.4276542664, 208.513977051, -19.1360378265, 70.4986724854, -400.903167725, 54.9562568665, -300.78225708], [-1051.73303223, 1477.66918945, 343.849975586, -189.553726196, 68.5661315918, 152.951919556, 264.5831604, 14.566608429, 117.250602722, -44.2157859802, 237.318817139, -42.5214767456, 189.881195068], [206.177993774, 343.849975586, 806.30847168, 178.488067627, 281.282226562, 244.139419556, 168.710678101, 162.533966064, 39.9155693054, 47.1850280762, 2.23768138885, 26.1931209564, 25.2062702179], [636.262695312, -189.553726196, 178.488067627, 589.083312988, 229.47416687, 38.1528244019, 38.6642150879, 7.80827188492, 19.6312427521, -28.5686893463, -85.5848693848, -16.4093608856, -37.0680885315], [338.245849609, 68.5661315918, 281.282226562, 229.47416687, 315.99105835, 88.9406051636, 82.6960296631, 67.925163269, 36.0366363525, 7.73030996323, -46.2360687256, -0.24226616323, -13.0237474442], [143.286300659, 152.951919556, 244.139419556, 38.1528244019, 88.9406051636, 234.374084473, 109.613937378, 63.4878349304, 32.0436172485, 25.6618309021, 25.8274364471, 4.30458641052, 18.3881435394], [-40.4276542664, 264.5831604, 168.710678101, 38.6642150879, 82.6960296631, 109.613937378, 242.469406128, 51.8120765686, 83.1714477539, 18.2053756714, 71.2752761841, 4.42077589035, 11.2962732315], [208.513977051, 14.566608429, 162.533966064, 7.80827188492, 67.925163269, 63.4878349304, 51.8120765686, 139.286529541, 44.6359863281, 45.8535079956, -5.10210561752, 14.0322141647, 6.52291440964], [-19.1360378265, 117.250602722, 39.9155693054, 19.6312427521, 36.0366363525, 32.0436172485, 83.1714477539, 44.6359863281, 143.408752441, 41.2151260376, 41.3625335693, -13.481672287, 7.75224494934], [70.4986724854, -44.2157859802, 47.1850280762, -28.5686893463, 7.73030996323, 25.6618309021, 18.2053756714, 45.8535079956, 41.2151260376, 85.0354919434, 30.7326602936, 12.2998867035, -4.02576684952], [-400.903167725, 237.318817139, 2.23768138885, -85.5848693848, -46.2360687256, 25.8274364471, 71.2752761841, -5.10210561752, 41.3625335693, 30.7326602936, 147.319442749, 17.4494342804, 53.9000282288], [54.9562568665, -42.5214767456, 26.1931209564, -16.4093608856, -0.24226616323, 4.30458641052, 4.42077589035, 14.0322141647, -13.481672287, 12.2998867035, 17.4494342804, 90.2286224365, 29.365064621], [-300.78225708, 189.881195068, 25.2062702179, -37.0680885315, -13.0237474442, 18.3881435394, 11.2962732315, 6.52291440964, 7.75224494934, -4.02576684952, 53.9000282288, 29.365064621, 113.469703674]],
        "icov": [[0.000390642439015, -5.51514749532e-05, 0.000212222410482, -0.000352005212335, 1.42839980981e-05, -0.000361752783647, 3.28016067215e-05, -0.000485056283651, 7.49205573811e-05, -0.000430708954809, 0.000831275247037, -0.000650842499454, 0.000803703675047], [-5.51514749532e-05, 0.00204858835787, -0.00101103796624, 0.00103922386188, -0.000629560439847, 0.000283647066681, -0.000922911916859, 0.000755695800763, -0.000921074533835, 0.0026307979133, -0.00227119680494, 0.00211557419971, -0.00239239493385], [0.000212222410482, -0.00101103796624, 0.00330353481695, -0.000861252832692, -0.00117486016825, -0.00188503589015, -4.71281673526e-05, -0.00230941409245, 0.00147155043669, -0.00180568615906, 0.00127304415219, -0.00142665184103, 0.0011471984908], [-0.000352005212335, 0.00103922386188, -0.000861252832692, 0.00342266098596, -0.00204858114012, 0.000545328075532, -0.000557517341804, 0.00171703635715, -0.00112602883019, 0.00220970134251, -0.000780160422437, 0.0015052560484, -0.00159304006957], [1.42839980981e-05, -0.000629560439847, -0.00117486016825, -0.00204858114012, 0.00669909827411, -0.000167757694726, -0.000751886283979, -0.000807689561043, -0.000403947808081, -0.000915814482141, 0.00252643763088, -0.000765775796026, 0.000593688630033], [-0.000361752783647, 0.000283647066681, -0.00188503589015, 0.000545328075532, -0.000167757694726, 0.00749083515257, -0.00229126447812, 4.38980059698e-05, 0.000469813327072, -0.000322652951581, -0.000925827829633, 0.00165162258781, -0.00187546922825], [3.28016067215e-05, -0.000922911916859, -4.71281673526e-05, -0.000557517341804, -0.000751886283979, -0.00229126447812, 0.00861358270049, -0.00152917543892, -0.00294707366265, 0.00215881504118, -0.00343850022182, -0.00177835673094, 0.00334660918452], [-0.000485056283651, 0.000755695800763, -0.00230941409245, 0.00171703635715, -0.000807689561043, 4.38980059698e-05, -0.00152917543892, 0.0137998973951, -0.00275109871291, -0.00409229518846, 0.0022574190516, 0.000355657422915, -0.00333889992908], [7.49205573811e-05, -0.000921074533835, 0.00147155043669, -0.00112602883019, -0.000403947808081, 0.000469813327072, -0.00294707366265, -0.00275109871291, 0.011962772347, -0.00573702575639, -0.000251781544648, 0.00207619555295, -6.43093444523e-05], [-0.000430708954809, 0.0026307979133, -0.00180568615906, 0.00220970134251, -0.000915814482141, -0.000322652951581, 0.00215881504118, -0.00409229518846, -0.00573702575639, 0.0232421699911, -0.00917290616781, 0.000388305197703, 0.00101972417906], [0.000831275247037, -0.00227119680494, 0.00127304415219, -0.000780160422437, 0.00252643763088, -0.000925827829633, -0.00343850022182, 0.0022574190516, -0.000251781544648, -0.00917290616781, 0.0180159546435, -0.00392782501876, -0.00173057545908], [-0.000650842499454, 0.00211557419971, -0.00142665184103, 0.0015052560484, -0.000765775796026, 0.00165162258781, -0.00177835673094, 0.000355657422915, 0.00207619555295, 0.000388305197703, -0.00392782501876, 0.0164688937366, -0.00718005700037], [0.000803703675047, -0.00239239493385, 0.0011471984908, -0.00159304006957, 0.000593688630033, -0.00187546922825, 0.00334660918452, -0.00333889992908, -6.43093444523e-05, 0.00101972417906, -0.00173057545908, -0.00718005700037, 0.0171231720597]]
    },
    "melbands": {
        "dmean": [0.00239555514418, 0.00172899197787, 0.000613109499682, 0.000117609582958, 0.000107800558908, 9.13386247703e-05, 0.000165741381352, 0.000327204616042, 0.000132233399199, 5.09246783622e-05, 3.05099511024e-05, 3.33808020514e-05, 4.15828690166e-05, 2.592893361e-05, 1.50902860696e-05, 1.16667170005e-05, 1.58855382324e-05, 2.08153651329e-05, 2.40981989919e-05, 3.1304301956e-05, 1.83649899554e-05, 9.2651180239e-06, 6.28837096883e-06, 1.23306463138e-05, 1.57370759553e-05, 1.53891869559e-05, 1.21329630929e-05, 7.02609213477e-06, 3.18408524436e-06, 4.42599639427e-06, 4.55453027826e-06, 4.51659707323e-06, 5.38492304258e-06, 3.50074310518e-06, 2.47532238973e-06, 1.13181374672e-06, 7.50704941765e-07, 6.00231658154e-07, 4.02396409527e-07, 3.46337060364e-07],
        "dmean2": [0.00370930065401, 0.0025337189436, 0.00102865463123, 0.000188818841707, 0.00016666459851, 0.000139441734063, 0.000227878525038, 0.000484224612592, 0.000198452646146, 7.31384279788e-05, 4.43255339633e-05, 4.97420260217e-05, 5.5849130149e-05, 3.7565256207e-05, 2.41961388383e-05, 1.84170348803e-05, 2.44307575485e-05, 3.19305581797e-05, 3.93288755731e-05, 5.29867284058e-05, 2.85070436803e-05, 1.54580247909e-05, 9.99443909677e-06, 1.96212058654e-05, 2.66671449936e-05, 2.49112563324e-05, 1.7964406652e-05, 1.0441833183e-05, 4.94793766848e-06, 6.74858756611e-06, 6.69725977787e-06, 7.21296191841e-06, 9.01100338524e-06, 5.65068239666e-06, 3.91084449802e-06, 1.78477569079e-06, 1.13707983473e-06, 9.05220815639e-07, 6.0753274056e-07, 5.45563807464e-07],
        "dvar": [2.86873273581e-05, 1.18594525702e-05, 2.45946898758e-06, 5.15848235239e-08, 2.7450528961e-08, 1.96134717356e-08, 8.52207975299e-08, 3.51677613253e-07, 4.89561635675e-08, 1.17320464454e-08, 2.63047716942e-09, 2.97522650961e-09, 6.02825389606e-09, 2.10185890914e-09, 1.4236505308e-09, 6.60553722831e-10, 1.4444139218e-09, 1.84388593283e-09, 2.48788611934e-09, 7.65511032341e-09, 1.86848558847e-09, 3.83075710042e-10, 1.51962789574e-10, 5.39150613044e-10, 1.35017053093e-09, 9.63526147757e-10, 6.24396923055e-10, 2.08107073241e-10, 3.70863166566e-11, 1.09095739387e-10, 1.03995916045e-10, 9.97708998751e-11, 2.1731035027e-10, 6.45603362437e-11, 3.74195986697e-11, 7.67244427713e-12, 2.26708235518e-12, 1.60283873847e-12, 9.36737232921e-13, 7.37709318546e-13],
        "dvar2": [7.59814211051e-05, 2.30705863942e-05, 6.53570577924e-06, 1.24441669413e-07, 6.65180266424e-08, 4.33643272402e-08, 1.66295933468e-07, 7.49701484892e-07, 1.09360257738e-07, 1.94246734253e-08, 4.72138017571e-09, 6.51921094885e-09, 9.52456513659e-09, 4.07564826332e-09, 3.57682705676e-09, 1.65581659495e-09, 3.51774365193e-09, 4.32839009079e-09, 6.18508799732e-09, 2.06398311775e-08, 4.28677049413e-09, 9.4155294672e-10, 3.66830760212e-10, 1.26541088719e-09, 3.5179670288e-09, 2.4651876096e-09, 1.32015909315e-09, 4.51639059484e-10, 8.2063911222e-11, 2.32648775245e-10, 2.13811607308e-10, 2.28727092821e-10, 6.00159477671e-10, 1.5241788387e-10, 9.05634733872e-11, 1.70560301993e-11, 4.58443829773e-12, 3.12587998021e-12, 2.12141307125e-12, 1.71008140374e-12],
        "max": [0.0415511913598, 0.0322942696512, 0.0121647594497, 0.00280459690839, 0.00173777004238, 0.00193068780936, 0.00721435062587, 0.0093343090266, 0.00277577131055, 0.00220440234989, 0.00100061844569, 0.000826034520287, 0.00110755697824, 0.000599098682869, 0.0004194592766, 0.000337724282872, 0.000596834579483, 0.000564823916648, 0.000580937077757, 0.000870041665621, 0.000574312405661, 0.000150361200213, 0.000177389752935, 0.000262285291683, 0.000301201303955, 0.000363120314432, 0.000473315856652, 0.000202026567422, 6.34318421362e-05, 0.00010462650971, 9.04290136532e-05, 7.65980730648e-05, 0.000130881220684, 6.00222374487e-05, 5.54951548111e-05, 3.66764434148e-05, 2.49692875514e-05, 1.11325671242e-05, 2.36746982409e-05, 2.38731463469e-05],
        "mean": [0.00446213921532, 0.00277022016235, 0.00062022410566, 0.000185079057701, 0.00019085520762, 0.000190936334548, 0.000389844906749, 0.000824907096103, 0.000302434258629, 9.29563830141e-05, 5.49893811694e-05, 5.77763821639e-05, 7.81317503424e-05, 4.05114296882e-05, 1.73504122358e-05, 1.57198664965e-05, 2.11632395803e-05, 3.25468863593e-05, 2.88484989142e-05, 3.41524028045e-05, 2.02070168598e-05, 1.03102893263e-05, 8.17534601083e-06, 1.62065280165e-05, 1.55977431859e-05, 1.94463991647e-05, 1.69159429788e-05, 9.90667649603e-06, 4.61173794974e-06, 6.56940392219e-06, 7.11798020347e-06, 6.48953800919e-06, 6.5972876655e-06, 4.84742531626e-06, 3.36319931193e-06, 1.62092806022e-06, 1.14151521302e-06, 8.72330247148e-07, 5.93087008838e-07, 5.35853530437e-07],
        "median": [0.00249802949838, 0.00127719575539, 0.000201339775231, 0.000110172601126, 9.99654293992e-05, 9.53202252276e-05, 0.000150627573021, 0.000283960194793, 0.000131491397042, 3.1861160096e-05, 2.63835881924e-05, 2.77234794339e-05, 2.40438585024e-05, 1.55429606821e-05, 7.70398401073e-06, 7.20716889191e-06, 8.24045764602e-06, 5.61255455978e-06, 5.00925852975e-06, 5.39657321497e-06, 3.91087178286e-06, 3.14989279104e-06, 2.49226877713e-06, 2.58888780991e-06, 2.1748060135e-06, 2.40343615587e-06, 1.75239665623e-06, 1.47115281379e-06, 1.09364873424e-06, 9.57401084634e-07, 8.78164428286e-07, 1.05996900857e-06, 9.59751105256e-07, 7.2866038181e-07, 5.35213246167e-07, 3.89664137401e-07, 3.03629889231e-07, 2.41989852157e-07, 1.88528431977e-07, 1.96401472863e-07],
        "min": [2.28986244276e-24, 1.01687034248e-23, 1.85325530519e-23, 7.07538023363e-24, 8.3800181202e-24, 7.15675044714e-24, 5.01898512008e-24, 9.62289214221e-24, 1.21259501611e-23, 1.01798689621e-23, 4.18206917509e-24, 3.28186903335e-24, 1.00010420835e-23, 7.47021931619e-24, 1.08164615688e-23, 1.48365488066e-23, 6.91350597588e-24, 1.79787222093e-23, 9.39298573113e-24, 1.05224460096e-23, 1.27648162649e-23, 7.26595798428e-24, 1.04599216832e-23, 1.23575967993e-23, 1.87932368712e-23, 6.71399831978e-24, 8.32542973442e-24, 4.12311602192e-24, 7.19086315926e-24, 6.37474671534e-24, 1.29624235551e-23, 1.68515661935e-23, 1.3256667095e-23, 1.478239035e-23, 1.13168739063e-23, 1.05474899768e-23, 1.19712821477e-23, 1.20276778138e-23, 1.09065076745e-23, 9.32018018046e-24],
        "stdev": [0.00736787682399, 0.00455330358818, 0.00138633197639, 0.000256558734691, 0.000248005060712, 0.000267688039457, 0.000665975792799, 0.00142011500429, 0.000416950148065, 0.000182866977411, 8.07873293525e-05, 8.25304159662e-05, 0.000148470833665, 7.16832946637e-05, 3.58843426511e-05, 2.75358979707e-05, 4.68862199341e-05, 6.60363220959e-05, 5.52323399461e-05, 8.18888511276e-05, 4.8045629228e-05, 1.94762360479e-05, 1.42989674714e-05, 2.8654898415e-05, 3.51331291313e-05, 3.827781984e-05, 3.61390702892e-05, 1.9805465854e-05, 7.9542351159e-06, 1.50980604303e-05, 1.5882522348e-05, 1.22852643472e-05, 1.41765931403e-05, 9.40715472098e-06, 6.9638426794e-06, 3.36652806254e-06, 2.05135825126e-06, 1.65576909694e-06, 1.1943006939e-06, 1.07187827325e-06],
        "var": [5.42856105312e-05, 2.07325738302e-05, 1.92191623682e-06, 6.58223839878e-08, 6.15065118836e-08, 7.16568919756e-08, 4.43523731519e-07, 2.01672673938e-06, 1.73847425344e-07, 3.34403331692e-08, 6.52659304379e-09, 6.81126977042e-09, 2.20435882881e-08, 5.13849496286e-09, 1.28768595786e-09, 7.58225704445e-10, 2.19831752801e-09, 4.36079616861e-09, 3.05061154116e-09, 6.70578392814e-09, 2.30838259618e-09, 3.79323794597e-10, 2.04460476327e-10, 8.21103240956e-10, 1.23433685495e-09, 1.46519152366e-09, 1.30603228232e-09, 3.922564773e-10, 6.32698546332e-11, 2.27951435505e-10, 2.52254522826e-10, 1.5092771477e-10, 2.00975791564e-10, 8.84945658419e-11, 4.8495103766e-11, 1.13335113863e-11, 4.20807052398e-12, 2.7415712929e-12, 1.4263542604e-12, 1.14892297065e-12]
    },
    "melbands128": {
