{
"lowlevel": {
    "average_loudness": 0.911706387997,
    "barkbands_crest": {
        "dmean": 3.55325937271,
        "dmean2": 5.69920778275,
        "dvar": 9.28397369385,
        "dvar2": 23.2077331543,
        "max": 26.6930656433,
        "mean": 13.6201295853,
        "median": 13.4463844299,
        "min": 2.85985660553,
        "stdev": 4.95776462555,
        "var": 24.5794315338
    },
    "barkbands_flatness_db": {
        "dmean": 0.0351046472788,
        "dmean2": 0.0534005239606,
        "dvar": 0.00111919862684,
        "dvar2": 0.00252826022916,
        "max": 0.390378385782,
        "mean": 0.163057848811,
        "median": 0.160248085856,
        "min": 0.0201113596559,
        "stdev": 0.068188816309,
        "var": 0.00464971456677
    },
    "barkbands_kurtosis": {
        "dmean": 8.87919235229,
        "dmean2": 14.3406095505,
        "dvar": 342.728118896,
        "dvar2": 860.583251953,
        "max": 231.166442871,
        "mean": 11.8362922668,
        "median": 4.65555667877,
        "min": -1.94522070885,
        "stdev": 21.6839179993,
        "var": 470.192321777
    },
    "barkbands_skewness": {
        "dmean": 0.98369038105,
        "dmean2": 1.52106010914,
        "dvar": 1.24570322037,
        "dvar2": 2.90564489365,
        "max": 12.693236351,
        "mean": 2.33776783943,
        "median": 2.05156970024,
        "min": -7.50763034821,
        "stdev": 2.02113032341,
        "var": 4.08496809006
    },
    "barkbands_spread": {
        "dmean": 8.71397781372,
        "dmean2": 13.477391243,
        "dvar": 113.517127991,
        "dvar2": 233.782531738,
        "max": 121.790290833,
        "mean": 23.8628196716,
        "median": 17.4086818695,
        "min": 0.557271838188,
        "stdev": 20.1403102875,
        "var": 405.632110596
    },
    "dissonance": {
        "dmean": 0.021998308599,
        "dmean2": 0.0362266153097,
        "dvar": 0.000938374723773,
        "dvar2": 0.00227320916019,
        "max": 0.49975720048,
        "mean": 0.456698745489,
        "median": 0.471026420593,
        "min": 0,
        "stdev": 0.0428983345628,
        "var": 0.00184026709758
    },
    "dynamic_complexity": 2.62795853615,
    "erbbands_crest": {
        "dmean": 2.84668111801,
        "dmean2": 4.58545160294,
        "dvar": 8.71944618225,
        "dvar2": 19.6809997559,
        "max": 29.2958011627,
        "mean": 9.55812358856,
        "median": 8.18166255951,
        "min": 2.16034150124,
        "stdev": 5.19597864151,
        "var": 26.9981937408
    },
    "erbbands_flatness_db": {
        "dmean": 0.0194610282779,
        "dmean2": 0.0291617773473,
        "dvar": 0.000514273240697,
        "dvar2": 0.00100686575752,
        "max": 0.333829492331,
        "mean": 0.134496226907,
        "median": 0.11884188652,
        "min": 0.0482321605086,
        "stdev": 0.0540128722787,
        "var": 0.00291739054956
    },
    "erbbands_kurtosis": {
        "dmean": 1.78600847721,
        "dmean2": 2.83309793472,
        "dvar": 25.5894565582,
        "dvar2": 60.2383499146,
        "max": 97.7440414429,
        "mean": 1.86634385586,
        "median": 0.25000333786,
        "min": -1.87541782856,
        "stdev": 5.88708114624,
        "var": 34.6577224731
    },
    "erbbands_skewness": {
        "dmean": 0.46257430315,
        "dmean2": 0.706770956516,
        "dvar": 0.322391688824,
        "dvar2": 0.658544957638,
        "max": 8.01477527618,
        "mean": 0.422958761454,
        "median": 0.28773188591,
        "min": -5.98890447617,
        "stdev": 1.06059503555,
        "var": 1.12486183643
    },
    "erbbands_spread": {
        "dmean": 11.8300600052,
        "dmean2": 18.2302303314,
        "dvar": 182.031600952,
        "dvar2": 407.544006348,
        "max": 198.044616699,
        "mean": 44.8103675842,
        "median": 42.6990013123,
        "min": 2.54200720787,
        "stdev": 24.4697322845,
        "var": 598.767822266
    },
    "hfc": {
        "dmean": 11.520149231,
        "dmean2": 17.1199569702,
        "dvar": 323.531219482,
        "dvar2": 686.238830566,
        "max": 218.351547241,
        "mean": 32.077747345,
        "median": 21.091424942,
        "min": 1.10564256161e-16,
        "stdev": 33.1307983398,
        "var": 1097.64990234
    },
    "loudness_ebu128": {
        "integrated": -7.88783597946,
        "loudness_range": 5.66747426987,
        "momentary": {
            "dmean": 0.691374182701,
            "dmean2": 0.709257543087,
            "dvar": 0.531195223331,
            "dvar2": 0.746955394745,
            "max": -4.09213781357,
            "mean": -8.88200950623,
            "median": -8.56555938721,
            "min": -19.0989570618,
            "stdev": 3.19499182701,
            "var": 10.2079725266
        },
        "short_term": {
            "dmean": 0.0995279848576,
            "dmean2": 0.0825132355094,
            "dvar": 0.00789620634168,
            "dvar2": 0.00606829486787,
            "max": -5.09089183807,
            "mean": -8.64151668549,
            "median": -9.42806243896,
            "min": -12.5610675812,
            "stdev": 2.15977239609,
            "var": 4.66461658478
        }
    },
    "melbands_crest": {
        "dmean": 4.38589000702,
        "dmean2": 7.05467319489,
        "dvar": 14.8478879929,
        "dvar2": 38.4444046021,
        "max": 35.3511390686,
        "mean": 19.2203865051,
        "median": 19.0201053619,
        "min": 2.28033208847,
        "stdev": 6.46852016449,
        "var": 41.8417549133
    },
    "melbands_flatness_db": {
        "dmean": 0.0406435057521,
        "dmean2": 0.0620542876422,
        "dvar": 0.00145954987966,
        "dvar2": 0.00331528554671,
        "max": 0.493973165751,
        "mean": 0.234021529555,
        "median": 0.231430217624,
        "min": 0.00416396697983,
        "stdev": 0.0833166092634,
        "var": 0.00694165797904
    },
    "melbands_kurtosis": {
        "dmean": 20.3357219696,
        "dmean2": 32.9416618347,
        "dvar": 1471.23486328,
        "dvar2": 3820.92553711,
        "max": 526.301208496,
        "mean": 31.2253112793,
        "median": 15.8560180664,
        "min": -1.5274759531,
        "stdev": 47.0209350586,
        "var": 2210.96850586
    },
    "melbands_skewness": {
        "dmean": 1.3622636795,
        "dmean2": 2.10767030716,
        "dvar": 2.21847629547,
        "dvar2": 5.4969086647,
        "max": 17.574005127,
        "mean": 3.82123661041,
        "median": 3.39477920532,
        "min": -2.21660900116,
        "stdev": 2.70358777046,
        "var": 7.30938673019
    },
    "melbands_spread": {
        "dmean": 8.91425323486,
        "dmean2": 14.1946802139,
        "dvar": 174.127868652,
        "dvar2": 385.019256592,
        "max": 163.356994629,
        "mean": 20.4397277832,
        "median": 13.7694616318,
        "min": 0.514730453491,
        "stdev": 21.5021095276,
        "var": 462.34072876
    },
    "pitch_salience": {
        "dmean": 0.0964600890875,
        "dmean2": 0.155986681581,
        "dvar": 0.00763762928545,
        "dvar2": 0.0184991136193,
        "max": 0.908793628216,
        "mean": 0.455903738737,
        "median": 0.453085035086,
        "min": 0.0602732412517,
        "stdev": 0.141112327576,
        "var": 0.0199126880616
    },
    "silence_rate_20dB": {
        "dmean": 0,
        "dmean2": 0,
        "dvar": 0,
        "dvar2": 0,
        "max": 1,
        "mean": 1,
        "median": 1,
        "min": 1,
        "stdev": 0,
        "var": 0
    },
    "silence_rate_30dB": {
        "dmean": 0.0773993805051,
        "dmean2": 0.154918670654,
        "dvar": 0.0714081600308,
        "dvar2": 0.158804818988,
        "max": 1,
        "mean": 0.878576934338,
        "median": 1,
        "min": 0,
        "stdev": 0.326617270708,
        "var": 0.106678843498
    },
    "silence_rate_60dB": {
        "dmean": 0.0131578948349,
        "dmean2": 0.0263361725956,
        "dvar": 0.0129850963131,
        "dvar2": 0.0256430599838,
        "max": 1,
        "mean": 0.039443153888,
        "median": 0,
        "min": 0,
        "stdev": 0.194648191333,
        "var": 0.0378879196942
    },
    "spectral_centroid": {
        "dmean": 342.354614258,
        "dmean2": 521.18371582,
        "dvar": 222385.90625,
        "dvar2": 400168.0625,
        "max": 10613.3847656,
        "mean": 1423.68432617,
        "median": 1248.74719238,
        "min": 152.866867065,
        "stdev": 937.831542969,
        "var": 879528
    },
    "spectral_complexity": {
        "dmean": 4.37693500519,
        "dmean2": 6.52517414093,
        "dvar": 29.177564621,
        "dvar2": 58.772983551,
        "max": 57,
        "mean": 17.5591640472,
        "median": 14,
        "min": 0,
        "stdev": 12.4603319168,
        "var": 155.259872437
    },
    "spectral_decrease": {
        "dmean": 5.47547651664e-09,
        "dmean2": 8.92238638528e-09,
        "dvar": 4.730638644e-17,
        "dvar2": 1.24272187394e-16,
        "max": -6.36788498801e-30,
        "mean": -1.32499886618e-08,
        "median": -1.00742898468e-08,
        "min": -6.93752895131e-08,
        "stdev": 1.13511244848e-08,
        "var": 1.28848018193e-16
    },
    "spectral_energy": {
        "dmean": 0.0210112817585,
        "dmean2": 0.0341340191662,
        "dvar": 0.00067789334571,
        "dvar2": 0.00177202455234,
        "max": 0.265518754721,
        "mean": 0.0529181174934,
        "median": 0.0407992899418,
        "min": 1.00525401918e-20,
        "stdev": 0.0438651964068,
        "var": 0.00192415539641
    },
    "spectral_energyband_high": {
        "dmean": 0.000974190945271,
        "dmean2": 0.00144798390102,
        "dvar": 3.01663112623e-06,
        "dvar2": 6.59493480271e-06,
        "max": 0.0204693153501,
        "mean": 0.0021439762786,
        "median": 0.000902936502825,
        "min": 7.07687749162e-21,
        "stdev": 0.00303563009948,
        "var": 9.21504943108e-06
    },
    "spectral_energyband_low": {
        "dmean": 0.0189941413701,
        "dmean2": 0.031023113057,
        "dvar": 0.000702031888068,
        "dvar2": 0.00181355967652,
        "max": 0.247453346848,
        "mean": 0.0364076197147,
        "median": 0.0239645559341,
        "min": 5.43319176338e-23,
        "stdev": 0.0401317290962,
        "var": 0.00161055580247
    },
    "spectral_energyband_middle_high": {
        "dmean": 0.00236518122256,
        "dmean2": 0.00360609008931,
        "dvar": 1.42995813803e-05,
        "dvar2": 3.32759955199e-05,
        "max": 0.0468711405993,
        "mean": 0.00550891133025,
        "median": 0.00340659334324,
        "min": 1.58063340138e-21,
        "stdev": 0.00631067855284,
        "var": 3.98246629629e-05
    },
    "spectral_energyband_middle_low": {
        "dmean": 0.00547266146168,
        "dmean2": 0.0089771207422,
        "dvar": 8.55166654219e-05,
        "dvar2": 0.000219143723371,
        "max": 0.0849551185966,
        "mean": 0.0101651931182,
        "median": 0.00737677421421,
        "min": 3.22494037337e-22,
        "stdev": 0.010197092779,
        "var": 0.000103980702988
    },
    "spectral_entropy": {
        "dmean": 0.212199091911,
        "dmean2": 0.314797103405,
        "dvar": 0.066702760756,
        "dvar2": 0.121893823147,
        "max": 9.79969501495,
        "mean": 7.68755674362,
        "median": 7.83258247375,
        "min": 5.07738351822,
        "stdev": 0.598517537117,
        "var": 0.358223229647
    },
    "spectral_flux": {
        "dmean": 0.0387618280947,
        "dmean2": 0.0623714290559,
        "dvar": 0.00160194805358,
        "dvar2": 0.00369200715795,
        "max": 0.391626477242,
        "mean": 0.114357613027,
        "median": 0.103121519089,
        "min": 1.00262353975e-10,
        "stdev": 0.0698524937034,
        "var": 0.00487937126309
    },
    "spectral_kurtosis": {
        "dmean": 1.16970562935,
        "dmean2": 1.76779520512,
        "dvar": 2.69538521767,
        "dvar2": 5.70402526855,
        "max": 25.3356437683,
        "mean": 3.599142313,
        "median": 2.67021036148,
        "min": -1.66847085953,
        "stdev": 3.18990826607,
        "var": 10.1755151749
    },
    "spectral_rms": {
        "dmean": 0.00131542049348,
        "dmean2": 0.00208684336394,
        "dvar": 1.7813431441e-06,
        "dvar2": 4.45521118309e-06,
        "max": 0.0160948038101,
        "mean": 0.00655635772273,
        "median": 0.00630905572325,
        "min": 3.13166983665e-12,
        "stdev": 0.00293968245387,
        "var": 8.64173307491e-06
    },
    "spectral_rolloff": {
        "dmean": 721.696228027,
        "dmean2": 1200.05407715,
        "dvar": 1951310.625,
        "dvar2": 3937290,
        "max": 18992.2851562,
        "mean": 1466.90661621,
        "median": 689.0625,
        "min": 64.599609375,
        "stdev": 2216.51049805,
        "var": 4912919
    },
    "spectral_skewness": {
        "dmean": 0.21495372057,
        "dmean2": 0.320414811373,
        "dvar": 0.0688165277243,
        "dvar2": 0.123003073037,
        "max": 4.18662214279,
        "mean": 1.54863572121,
        "median": 1.42835140228,
        "min": -0.611030101776,
        "stdev": 0.604035139084,
        "var": 0.364858478308
    },
    "spectral_spread": {
        "dmean": 790965.3125,
        "dmean2": 1115640.875,
        "dvar": 1.4570234839e+12,
        "dvar2": 2.17064420147e+12,
        "max": 38853116,
        "mean": 6268409.5,
        "median": 5985164,
        "min": 2784663.25,
        "stdev": 2305002,
        "var": 5.31303445299e+12
    },
    "spectral_strongpeak": {
        "dmean": 0.463739812374,
        "dmean2": 0.790004014969,
        "dvar": 0.831004321575,
        "dvar2": 2.08559989929,
        "max": 12.3911905289,
        "mean": 0.797794520855,
        "median": 0.405605852604,
        "min": 0,
        "stdev": 1.13981437683,
        "var": 1.29917681217
    },
    "zerocrossingrate": {
        "dmean": 0.0150513071567,
        "dmean2": 0.0171677563339,
        "dvar": 0.000554084253963,
        "dvar2": 0.000572492426727,
        "max": 0.49609375,
        "mean": 0.0648485049605,
        "median": 0.04931640625,
        "min": 0.00244140625,
        "stdev": 0.0574585907161,
        "var": 0.00330148963258
    },
    "barkbands": {
        "dmean": [0.00172461150214, 0.0158418640494, 0.00597194116563, 0.00213213800453, 0.00122419185936, 0.00184214801993, 0.000742548436392, 0.000308831571601, 0.00119789794553, 0.000342897721566, 0.000356873526471, 0.00094682816416, 0.000422578974394, 0.000441414013039, 0.000397576164687, 0.000300252984744, 0.000157135858899, 0.000153401866555, 0.000157997856149, 0.000181648822036, 0.000196999098989, 0.000140490068588, 0.000153919128934, 0.000224585732212, 0.000248481723247, 0.000115629387437, 8.03989314591e-06],
        "dmean2": [0.00263207615353, 0.0254757218063, 0.0107670649886, 0.00386584480293, 0.00211841566488, 0.0029147232417, 0.00125465379097, 0.000539253873285, 0.00198163557798, 0.000562233733945, 0.000553340825718, 0.00148213643115, 0.000673710310366, 0.000715748115908, 0.000651380454656, 0.000505089119542, 0.000255489896517, 0.000240660170675, 0.000254552112892, 0.0002890668693, 0.000317586323945, 0.000224544244702, 0.00023829699785, 0.000342778483173, 0.00036365390406, 0.000176817338797, 1.28877727548e-05],
        "dvar": [6.56557813272e-06, 0.000607453926932, 0.000162846670719, 1.96398741537e-05, 8.05056970421e-06, 1.50099631355e-05, 2.69578708867e-06, 5.8377742107e-07, 7.27950691726e-06, 6.92659739343e-07, 1.20874858567e-06, 6.57811233395e-06, 1.27910050196e-06, 8.43337090828e-07, 6.82768188653e-07, 5.82071436384e-07, 9.73944125349e-08, 1.02006289637e-07, 1.28213514472e-07, 9.30317511916e-08, 1.37575952408e-07, 7.49484314611e-08, 6.36228065787e-08, 2.25683763233e-07, 5.02908847011e-07, 5.2110245008e-08, 4.72538619345e-10],
        "dvar2": [1.5612835341e-05, 0.00160947919358, 0.000455344212241, 5.77311657253e-05, 2.14184201468e-05, 3.24918219121e-05, 6.2598301156e-06, 1.58544992246e-06, 2.12859140447e-05, 1.69725080923e-06, 2.63066067419e-06, 1.63489785336e-05, 3.0992257507e-06, 1.99752662411e-06, 1.66792744949e-06, 1.57219028551e-06, 2.32858198501e-07, 2.47851744462e-07, 3.4929882986e-07, 2.3041076247e-07, 3.50100322066e-07, 1.9277254637e-07, 1.4846845886e-07, 5.17140620104e-07, 1.00500756162e-06, 1.10252443619e-07, 1.14631804049e-09],
        "max": [0.0286186225712, 0.223217234015, 0.110123038292, 0.0410345122218, 0.0286461487412, 0.0497805662453, 0.0199699793011, 0.0100570712239, 0.0406655594707, 0.0137211019173, 0.0266467314214, 0.0267880316824, 0.0156393256038, 0.0132019026205, 0.0145642533898, 0.00846622698009, 0.00333858421072, 0.00571260228753, 0.00636351993307, 0.00362809910439, 0.00364876561798, 0.00269064796157, 0.003036363516, 0.00708819413558, 0.0127551518381, 0.00311906030402, 0.000223633309361],
        "mean": [0.00328039890155, 0.0256494637579, 0.00622411072254, 0.00222788541578, 0.00159245647956, 0.00310020311736, 0.000925467233174, 0.000322753679939, 0.00183065119199, 0.000554627156816, 0.000544940703548, 0.00140910805203, 0.000617084326223, 0.000632363953628, 0.000574693491217, 0.000398066797061, 0.000243049944402, 0.000249637814704, 0.000272013508948, 0.000327035202645, 0.000344591942849, 0.000246076408075, 0.000288997893222, 0.000405691069318, 0.000446290156106, 0.000201412418392, 9.04208445718e-06],
        "median": [0.00133022479713, 0.0161038376391, 0.00213634828106, 0.00101253087632, 0.000797238550149, 0.00135743862484, 0.000172191124875, 7.56641093176e-05, 0.000726538302843, 0.000137198381708, 0.000106224048068, 0.000196049441001, 0.000166061130585, 0.000166062847711, 0.000210117752431, 0.000121151308122, 9.17824945645e-05, 9.38980520004e-05, 0.00011889495363, 0.000135156384204, 0.000141252196045, 0.000103873018816, 9.66114021139e-05, 0.000100953715446, 0.000130423126393, 3.86027350032e-05, 7.74250068503e-08],
        "min": [4.69860149076e-24, 2.6817156079e-23, 1.66203510622e-23, 1.7211067463e-23, 1.17497376622e-23, 1.14921004237e-22, 3.38457268843e-23, 4.13184421564e-23, 9.28370388329e-23, 5.45195529332e-23, 4.3556131311e-23, 1.06346717286e-22, 1.30455669701e-22, 8.15337980208e-23, 1.55007330856e-22, 1.98000856036e-22, 2.1874830174e-22, 1.8445822213e-22, 2.15697568361e-22, 3.96123789875e-22, 3.39667400404e-22, 4.64036812584e-22, 5.08823109368e-22, 8.11745848434e-22, 1.27710365594e-21, 1.62042965438e-21, 2.00105168376e-21],
        "stdev": [0.00464008934796, 0.0317378677428, 0.0125515013933, 0.00385913532227, 0.00272140395828, 0.00500082084909, 0.00211440166458, 0.000737786467653, 0.00316534331068, 0.00120970397256, 0.00139510841109, 0.00309288175777, 0.00130333332345, 0.00127252389211, 0.00107546534855, 0.000804877781775, 0.000433440698544, 0.000440506701125, 0.000437387963757, 0.000460589071736, 0.000503609597217, 0.000366057822248, 0.000424121157266, 0.000768050027546, 0.00109694886487, 0.000373921735445, 2.62179892161e-05],
        "var": [2.15304298763e-05, 0.00100729230326, 0.000157540198416, 1.48929257193e-05, 7.40603991289e-06, 2.50082084676e-05, 4.47069442089e-06, 5.44328884189e-07, 1.00193983599e-05, 1.46338368268e-06, 1.94632752937e-06, 9.56591702561e-06, 1.69867780642e-06, 1.61931700404e-06, 1.15662578537e-06, 6.47828244382e-07, 1.87870838886e-07, 1.94046151591e-07, 1.91308231479e-07, 2.12142282408e-07, 2.53622602031e-07, 1.33998327101e-07, 1.7987875367e-07, 5.89900878367e-07, 1.20329673337e-06, 1.39817473155e-07, 6.87382983866e-10]
    },
    "erbbands": {
        "dmean": [0.689271509647, 2.98884773254, 6.03310871124, 7.70533514023, 4.37575626373, 3.9765458107, 8.52705669403, 17.9064445496, 13.0101947784, 8.6143655777, 7.21437978745, 21.149679184, 24.3034820557, 11.0109090805, 26.764339447, 25.3572864532, 16.9387130737, 24.0782775879, 15.0030851364, 18.4626140594, 14.9818916321, 8.89147186279, 7.77332878113, 9.10318183899, 6.825050354, 8.74316596985, 8.6668510437, 7.00076961517, 5.06241798401, 4.47586488724, 4.25271081924, 4.94670343399, 3.74112129211, 3.16911959648, 1.663667202, 0.6427333951, 0.178110212088, 0.0339698083699, 0.000972024048679, 4.13703601225e-05],
        "dmean2": [1.08541083336, 4.86484718323, 10.6600732803, 13.9821023941, 7.75993061066, 6.92297029495, 14.1760826111, 28.1563739777, 21.5128059387, 14.968290329, 12.2687129974, 34.7836418152, 40.8777580261, 17.1563148499, 42.2797203064, 40.1330909729, 27.0994167328, 37.5634803772, 23.8255310059, 30.7111644745, 24.9873332977, 14.3018360138, 12.1253986359, 14.6710720062, 10.6039028168, 14.3482189178, 13.7427062988, 11.444732666, 8.14856243134, 7.05981683731, 6.57874059677, 7.62418842316, 5.67170095444, 4.84818792343, 2.4906847477, 0.980940937996, 0.270990103483, 0.053518537432, 0.00154683773872, 6.45993059152e-05],
        "dvar": [1.17510473728, 20.8244724274, 129.204498291, 306.609375, 91.7942123413, 77.3343505859, 620.710754395, 1707.87426758, 740.40234375, 523.956604004, 256.011016846, 1613.88232422, 5483.56298828, 528.729553223, 4280.22949219, 3749.5402832, 2308.83544922, 2975.75097656, 727.941162109, 1725.74365234, 1168.43273926, 321.732910156, 262.733276367, 524.472473145, 157.39201355, 241.894760132, 237.797363281, 200.664382935, 92.8789978027, 72.8873443604, 49.1533699036, 81.4331970215, 80.5559310913, 91.8349838257, 23.9704494476, 1.98687779903, 0.12290353328, 0.00643350044265, 6.13298561802e-06, 3.45955619707e-09],
        "dvar2": [3.03061628342, 56.5442314148, 357.645904541, 884.034484863, 258.116210938, 209.431106567, 1474.48742676, 3864.18823242, 1678.69909668, 1414.8026123, 684.029724121, 4380.83496094, 16669.4453125, 1111.5489502, 10537.125, 9197.9765625, 5576.09765625, 6294.42089844, 1775.05175781, 4580.64599609, 3014.36669922, 767.485107422, 642.914550781, 1447.99597168, 386.037719727, 636.175476074, 591.233825684, 524.747070312, 235.858322144, 181.925308228, 109.283744812, 186.993347168, 179.184539795, 212.940307617, 42.9601860046, 4.09835195541, 0.271014243364, 0.0150688523427, 1.46269703691e-05, 7.5214989792e-09],
        "max": [9.89468288422, 39.1168174744, 112.008056641, 157.722824097, 93.5885543823, 80.3592834473, 409.770385742, 586.911010742, 339.359161377, 374.308746338, 218.877609253, 555.676513672, 1268.34143066, 372.87298584, 944.45489502, 627.295776367, 777.534606934, 1007.21453857, 404.601013184, 502.396087646, 364.340301514, 199.6849823, 236.250198364, 438.308898926, 217.376968384, 224.313858032, 191.169052124, 163.71446228, 87.6641693115, 88.7742385864, 81.1606216431, 103.244316101, 153.295532227, 135.933868408, 120.340629578, 25.0862770081, 4.30906581879, 0.829021453857, 0.0233776923269, 0.000705486279912],
        "mean": [1.08453166485, 4.30592632294, 7.52500534058, 7.97679948807, 5.39314746857, 4.88659286499, 13.812830925, 28.4021720886, 18.5906639099, 8.57966995239, 9.64343452454, 33.8752098083, 34.5767097473, 20.353553772, 42.1367340088, 39.8102836609, 27.0794334412, 36.2617988586, 24.247051239, 27.1233768463, 21.5674953461, 14.650519371, 13.5753259659, 14.5163183212, 13.3076047897, 15.8755064011, 15.9797887802, 11.4197301865, 8.91443061829, 7.60218954086, 8.25450992584, 9.06801700592, 6.45758390427, 5.15830564499, 3.06829357147, 1.18595707417, 0.2934255898, 0.0470635034144, 0.00131217425223, 0.000103349266283],
        "median": [0.505572140217, 2.61074924469, 3.30527639389, 3.56830239296, 2.91565680504, 2.24638962746, 4.58915662766, 10.2745409012, 5.33557796478, 2.64071750641, 3.45162844658, 13.7668886185, 11.3891611099, 7.87959051132, 14.0249881744, 9.65802574158, 8.2847070694, 7.93086910248, 10.9379491806, 8.53252315521, 6.79332828522, 5.416451931, 5.61435079575, 6.07277727127, 5.9449095726, 6.6040186882, 6.24379205704, 4.91412305832, 3.85036349297, 2.67714619637, 2.82799863815, 2.56020879745, 1.37848412991, 1.26575052738, 0.952079534531, 0.295002013445, 0.0481678918004, 0.00326766190119, 0.000124331170809, 6.71674933983e-05],
        "min": [1.09713492326e-21, 4.56971163423e-21, 2.34259843609e-20, 3.06265043514e-20, 5.82927619351e-20, 2.80916125954e-20, 4.24742794735e-19, 9.9144399975e-19, 6.76517884084e-19, 4.33239593987e-19, 1.31485776398e-18, 2.42481854754e-18, 1.45395242328e-18, 1.42816661865e-18, 2.45074486948e-18, 5.0383211287e-18, 6.33852207941e-18, 4.01602391249e-18, 5.53812019842e-18, 9.22625509277e-18, 1.22650180511e-17, 1.31990786706e-17, 1.11136694924e-17, 1.08740807639e-17, 1.12911956867e-17, 1.61818580451e-17, 1.44722295745e-17, 1.58714204699e-17, 1.71200512589e-17, 1.27626019311e-17, 1.54768602808e-17, 1.36459638237e-17, 1.51183535859e-17, 1.04895352504e-17, 1.06037101632e-17, 7.35099280354e-18, 2.90200353328e-18, 9.96434070193e-19, 2.66571024062e-19, 3.07031542674e-20],
        "stdev": [1.47137236595, 5.47594594955, 12.4418125153, 15.1145801544, 8.54528617859, 8.40654277802, 28.6287574768, 50.6992683411, 36.2484931946, 20.5606842041, 16.9025306702, 52.2241744995, 79.1375274658, 39.1258888245, 77.0733718872, 76.2078323364, 55.7711639404, 80.1635131836, 38.1367073059, 47.0363388062, 40.5804443359, 26.0157661438, 22.9212379456, 24.8959636688, 20.1779937744, 22.7342739105, 22.9433727264, 17.400762558, 13.075044632, 11.7481641769, 12.198805809, 14.6982364655, 14.250169754, 13.3430480957, 7.59135723114, 2.2647793293, 0.568885684013, 0.116959057748, 0.00328475469723, 0.000108653133793],
        "var": [2.16493654251, 29.9859828949, 154.798690796, 228.450546265, 73.0219116211, 70.6699676514, 819.605773926, 2570.41577148, 1313.953125, 422.741729736, 285.695556641, 2727.36450195, 6262.74853516, 1530.83508301, 5940.3046875, 5807.63330078, 3110.42260742, 6426.18847656, 1454.40844727, 2212.41723633, 1646.77246094, 676.820068359, 525.383117676, 619.809020996, 407.151428223, 516.847229004, 526.398376465, 302.786529541, 170.956787109, 138.019363403, 148.81086731, 216.038162231, 203.067337036, 178.036941528, 57.628704071, 5.12922525406, 0.323630928993, 0.0136794215068, 1.0789613043e-05, 1.18055041298e-08]
    },
    "gfcc": {
        "mean": [17.4252357483, 71.1553039551, -91.3579025269, 35.7193145752, -53.4716339111, 32.4707183838, -35.6730880737, 19.2586154938, -26.5421352386, 10.7259607315, -14.4947156906, 6.21917009354, -4.39174365997],
        "cov": [[7943.67480469, -1165.1730957, -237.995697021, 570.589599609, 282.851409912, 529.449768066, 199.634735107, 127.534950256, -49.1667442322, 286.461608887, -121.798957825, 46.6749839783, -341.929412842], [-1165.1730957, 1769.3326416, 239.513519287, -73.1513671875, 226.346237183, -120.742996216, 129.43170166, -70.9848327637, 95.6457366943, -102.122627258, 130.159606934, -34.5480690002, 81.5134048462], [-237.995697021, 239.513519287, 822.340759277, 265.585723877, 115.377105713, 32.2262611389, 13.6773748398, 110.370407104, 83.0583267212, 10.0461740494, -19.0511932373, -17.8203525543, -5.6867480278], [570.589599609, -73.1513671875, 265.585723877, 623.887268066, 167.706069946, 87.1403121948, 91.2894287109, 68.795753479, 60.5158805847, 45.1862869263, -40.4482879639, -63.2043991089, -4.54864120483], [282.851409912, 226.346237183, 115.377105713, 167.706069946, 422.314788818, 175.243545532, 120.603607178, 3.2537791729, 33.8954696655, 21.461648941, 0.734430909157, -8.40162563324, -41.6558570862], [529.449768066, -120.742996216, 32.2262611389, 87.1403121948, 175.243545532, 287.55255127, 110.04499054, 17.8743343353, 2.57899737358, 19.1932373047, -16.165763855, -20.9974822998, -34.5690460205], [199.634735107, 129.43170166, 13.6773748398, 91.2894287109, 120.603607178, 110.04499054, 215.952011108, 25.5569438934, 33.4104690552, 16.4735450745, 5.46629333496, -35.2243690491, -37.5016937256], [127.534950256, -70.9848327637, 110.370407104, 68.795753479, 3.2537791729, 17.8743343353, 25.5569438934, 167.715103149, 39.8111877441, 2.00242090225, -31.4834403992, -14.6331825256, -1.95261061192], [-49.1667442322, 95.6457366943, 83.0583267212, 60.5158805847, 33.8954696655, 2.57899737358, 33.4104690552, 39.8111877441, 113.665733337, 30.4809894562, 9.19699478149, -8.26238822937, 9.71628284454], [286.461608887, -102.122627258, 10.0461740494, 45.1862869263, 21.461648941, 19.1932373047, 16.4735450745, 2.00242090225, 30.4809894562, 116.315109253, 26.3835258484, 3.74970293045, -1.86422836781], [-121.798957825, 130.159606934, -19.0511932373, -40.4482879639, 0.734430909157, -16.165763855, 5.46629333496, -31.4834403992, 9.19699478149, 26.3835258484, 104.627609253, 34.5994606018, 18.5425415039], [46.6749839783, -34.5480690002, -17.8203525543, -63.2043991089, -8.40162563324, -20.9974822998, -35.2243690491, -14.6331825256, -8.26238822937, 3.74970293045, 34.5994606018, 84.3269119263, 9.07538604736], [-341.929412842, 81.5134048462, -5.6867480278, -4.54864120483, -41.6558570862, -34.5690460205, -37.5016937256, -1.95261061192, 9.71628284454, -1.86422836781, 18.5425415039, 9.07538604736, 93.5961837769]],
        "icov": [[0.000230968638789, -7.48721358832e-05, 0.000190498467418, -0.00029217111296, 0.000169676713995, -0.000420116906753, 0.000147437604028, -0.000211796330404, 0.000192057632376, -0.000608656555414, 0.000324934400851, -0.000578063365538, 0.000840987893753], [-7.48721358832e-05, 0.00136523647234, -0.000551948673092, 0.000656653952319, -0.00121359108016, 0.00139668083284, -0.00109440356027, 0.000734692788683, -0.000833723635878, 0.00185486488044, -0.00177373830229, 0.00160851259716, -0.00159265368711], [0.000190498467418, -0.000551948673092, 0.00193783198483, -0.00101156125311, 0.000270587188425, -0.00078679563012, 0.00102353596594, -0.00118201854639, -0.000324418331729, -0.000778642017394, 0.00065165135311, -0.00104747421574, 0.00145112315658], [-0.00029217111296, 0.000656653952319, -0.00101156125311, 0.00294093275443, -0.00135241029784, 0.00110189861152, -0.0010624860879, 0.000300264946418, -0.000677707546856, 0.00060451484751, -0.000392189482227, 0.00247922167182, -0.002252465114], [0.000169676713995, -0.00121359108016, 0.000270587188425, -0.00135241029784, 0.00494058057666, -0.00316970585845, 6.86478888383e-05, 5.63656067243e-05, 7.25316276657e-05, -0.0016217213124, 0.00153724674601, -0.0026370161213, 0.0025956495665], [-0.000420116906753, 0.00139668083284, -0.00078679563012, 0.00110189861152, -0.00316970585845, 0.00733420439065, -0.00307426368818, 0.000624643464107, 0.000116020957648, 0.00183747813571, -0.00128672970459, 0.00253998464905, -0.00263285730034], [0.000147437604028, -0.00109440356027, 0.00102353596594, -0.0010624860879, 6.86478888383e-05, -0.00307426368818, 0.00835958123207, -0.00151687499601, -0.000921299913898, -0.00122971716337, -0.000748993305024, 0.00122099427972, 0.00381637061946], [-0.000211796330404, 0.000734692788683, -0.00118201854639, 0.000300264946418, 5.63656067243e-05, 0.000624643464107, -0.00151687499601, 0.00817919149995, -0.00277525931597, 0.00149148039054, 0.00132860918529, 0.000635547854472, -0.00165919202846], [0.000192057632376, -0.000833723635878, -0.000324418331729, -0.000677707546856, 7.25316276657e-05, 0.000116020957648, -0.000921299913898, -0.00277525931597, 0.0124608371407, -0.0041028871201, 0.000359759840649, -0.000559216830879, -0.00036916488898], [-0.000608656555414, 0.00185486488044, -0.000778642017394, 0.00060451484751, -0.0016217213124, 0.00183747813571, -0.00122971716337, 0.00149148039054, -0.0041028871201, 0.0139467921108, -0.00579404225573, 0.0030839247629, -0.00280906097032], [0.000324934400851, -0.00177373830229, 0.00065165135311, -0.000392189482227, 0.00153724674601, -0.00128672970459, -0.000748993305024, 0.00132860918529, 0.000359759840649, -0.00579404225573, 0.0163110960275, -0.0077176168561, 5.30384968442e-05], [-0.000578063365538, 0.00160851259716, -0.00104747421574, 0.00247922167182, -0.0026370161213, 0.00253998464905, 0.00122099427972, 0.000635547854472, -0.000559216830879, 0.0030839247629, -0.0077176168561, 0.0188010670245, -0.00336342630908], [0.000840987893753, -0.00159265368711, 0.00145112315658, -0.002252465114, 0.0025956495665, -0.00263285730034, 0.00381637061946, -0.00165919202846, -0.00036916488898, -0.00280906097032, 5.30384968442e-05, -0.00336342630908, 0.0170975774527]]
    },
    "melbands": {
        "dmean": [0.00510544888675, 0.00286080455408, 0.00116199161857, 0.000268381088972, 0.00026748268283, 0.000383748003514, 0.000188184858416, 8.6096857558e-05, 6.55078620184e-05, 0.000158451541211, 0.00012175692973, 4.35214751633e-05, 7.34295172151e-05, 0.000128120649606, 3.10775249091e-05, 4.8620517191e-05, 4.29421234003e-05, 2.25725452765e-05, 3.54028743459e-05, 2.12625745917e-05, 1.68949936779e-05, 9.30707938096e-06, 7.35753337722e-06, 8.90292358235e-06, 7.87033786764e-06, 5.49814421902e-06, 5.25313953403e-06, 6.87553847456e-06, 6.10947108726e-06, 5.17166108693e-06, 3.98565316573e-06, 3.00141937259e-06, 2.93132552542e-06, 2.49738309321e-06, 2.3160098408e-06, 3.36587299898e-06, 3.12441670758e-06, 2.78267702924e-06, 2.62612888946e-06, 2.8517215469e-06],
        "dmean2": [0.00821010675281, 0.00487661873922, 0.00209128600545, 0.000468868965982, 0.000443695229478, 0.000604879751336, 0.000311652402161, 0.000150153078721, 0.000109847758722, 0.000261007342488, 0.000204018229851, 6.68458087603e-05, 0.00011587064364, 0.000200447742827, 5.05472708028e-05, 7.55016008043e-05, 6.77380230627e-05, 3.62856808351e-05, 5.75776939513e-05, 3.59423356713e-05, 2.78442767012e-05, 1.51910599016e-05, 1.18119733088e-05, 1.42195931403e-05, 1.28809269881e-05, 8.75931345945e-06, 8.25080678624e-06, 1.14893164209e-05, 9.68024141912e-06, 8.68921688379e-06, 6.56237534713e-06, 4.83643816551e-06, 4.88565228807e-06, 3.93123582398e-06, 3.56388e-06, 5.35659319212e-06, 4.87232318847e-06, 4.33694867752e-06, 3.97563917431e-06, 4.41529664386e-06],
        "dvar": [6.45117397653e-05, 1.99024671019e-05, 6.6080333454e-06, 3.78996844574e-07, 5.75942124215e-07, 7.20603566151e-07, 1.49837106278e-07, 5.32127906183e-08, 1.90173228276e-08, 1.08669695464e-07, 1.34797232931e-07, 8.69031602235e-09, 3.57653995309e-08, 1.26653546317e-07, 5.79494763286e-09, 1.61126187948e-08, 8.72571792598e-09, 1.87768667281e-09, 6.15690609607e-09, 3.78171005622e-09, 1.3055866388e-09, 3.71445874059e-10, 2.44161579843e-10, 4.11088468821e-10, 4.73409811352e-10, 1.01063345193e-10, 9.85545187127e-11, 1.7409496067e-10, 1.43473288805e-10, 1.04825481628e-10, 6.81655842882e-11, 2.94506363741e-11, 4.04964881073e-11, 2.06290678983e-11, 1.54786600204e-11, 3.44305660371e-11, 4.1303602899e-11, 4.42118598676e-11, 4.90368405603e-11, 8.11952380331e-11],
        "dvar2": [0.000170398096088, 5.33533893758e-05, 1.87865171029e-05, 1.05851518128e-06, 1.3879822518e-06, 1.61558477885e-06, 3.43739600339e-07, 1.45555148379e-07, 5.05858857025e-08, 3.06766992253e-07, 4.08533196605e-07, 1.78775074744e-08, 8.25197830068e-08, 3.10932222192e-07, 1.31504398482e-08, 3.72590811537e-08, 1.89191098343e-08, 4.81006523501e-09, 1.49050265463e-08, 1.04582520422e-08, 3.28748139822e-09, 8.77321881809e-10, 6.15893058775e-10, 1.0097458425e-09, 1.34064781498e-09, 2.57837889928e-10, 2.43095404917e-10, 4.85137374717e-10, 3.58829632674e-10, 2.85128198829e-10, 1.7623578985e-10, 7.45941988733e-11, 1.10242551199e-10, 5.03694759513e-11, 3.4192575854e-11, 8.3597656575e-11, 9.76377381723e-11, 1.05496264502e-10, 1.06917703857e-10, 1.93355845224e-10],
        "max": [0.0705912411213, 0.043674569577, 0.0236888453364, 0.0065875952132, 0.0119957057759, 0.0117269689217, 0.00464922422543, 0.00376794463955, 0.00188627501484, 0.00508874235675, 0.00624676654115, 0.00142639537808, 0.00394082767889, 0.00378846749663, 0.00124055915512, 0.00167326291557, 0.00166921189521, 0.000597412290517, 0.00142922264058, 0.000793359125964, 0.000380884215701, 0.000255669787293, 0.000297281891108, 0.00043224010733, 0.000432426226325, 0.000147089143866, 0.000173660984728, 0.000183731724974, 0.000187012585229, 0.000122469253256, 0.00010992839816, 5.03162882524e-05, 7.42060583434e-05, 5.56254381081e-05, 4.98770059494e-05, 5.52075362066e-05, 6.95726630511e-05, 0.000117176561616, 0.000102361831523, 0.000130362284835],
        "mean": [0.00819644331932, 0.00440310966223, 0.0012962439796, 0.000339396880008, 0.00042458466487, 0.000620122358669, 0.000265162205324, 8.21598805487e-05, 9.07213325263e-05, 0.000245676172199, 0.000170929881278, 7.74894870119e-05, 0.000115906346764, 0.000187060897588, 4.73869840789e-05, 7.13627887308e-05, 6.30010399618e-05, 3.41331870004e-05, 5.01984723087e-05, 2.66919032583e-05, 2.37394579017e-05, 1.43311690408e-05, 1.18345806186e-05, 1.38497071021e-05, 1.14628501251e-05, 1.00341740108e-05, 9.21913306229e-06, 1.09867032734e-05, 1.05981571323e-05, 7.92136052041e-06, 6.19081947661e-06, 5.14274870511e-06, 4.44190573035e-06, 4.10156189901e-06, 4.29224201071e-06, 6.03065973337e-06, 5.29638145963e-06, 4.54255632576e-06, 4.23890242018e-06, 4.39344921688e-06],
        "median": [0.0045685376972, 0.00257411389612, 0.000631706847344, 0.000189316473552, 0.000139758049045, 0.000253115431406, 7.51334810047e-05, 2.37035419559e-05, 2.7830412364e-05, 9.83725767583e-05, 5.10333375132e-05, 2.30414188991e-05, 3.60078338417e-05, 2.401423626e-05, 1.36799590109e-05, 1.66586542036e-05, 1.37628167067e-05, 1.39912754094e-05, 1.52223019541e-05, 8.31929719425e-06, 7.07698836777e-06, 5.01073145642e-06, 4.5193232836e-06, 4.97588553117e-06, 4.48302944278e-06, 4.17955016019e-06, 3.78346521757e-06, 4.0664417611e-06, 3.6524133975e-06, 3.20010349242e-06, 2.52238442044e-06, 2.20616243496e-06, 1.50334460614e-06, 1.37121321586e-06, 1.49310301367e-06, 1.76554510745e-06, 1.39179712733e-06, 9.39833569191e-07, 8.66603272698e-07, 1.00227089206e-06],
        "min": [7.72164743048e-24, 9.65138027608e-24, 6.71418606868e-24, 2.67491255034e-24, 1.17831687985e-23, 2.2464040166e-23, 9.31533341906e-24, 5.28835627009e-24, 1.22368166727e-23, 1.42375746099e-23, 6.92776621446e-24, 5.88925252641e-24, 6.41687307097e-24, 1.09074535187e-23, 1.41014109067e-23, 1.31059315532e-23, 6.71502778326e-24, 8.10048841388e-24, 1.36469449838e-23, 1.25488868913e-23, 1.36576545595e-23, 1.42908416536e-23, 1.06501925669e-23, 9.23917757613e-24, 8.63497717591e-24, 8.04489738589e-24, 1.09495116379e-23, 1.0572868421e-23, 9.75301553738e-24, 1.00487871009e-23, 8.50774890026e-24, 1.07523516319e-23, 7.08214708247e-24, 7.13459292203e-24, 8.91264043733e-24, 9.08192998759e-24, 7.5871253469e-24, 1.11102672909e-23, 8.24449891644e-24, 9.34590099028e-24],
        "stdev": [0.0104874242097, 0.00560773024336, 0.00228410842828, 0.000552545126993, 0.000854541664012, 0.00105467927642, 0.000509677396622, 0.000202453840757, 0.000153773944476, 0.000405611295719, 0.000396571704186, 0.000165586199728, 0.000230998033658, 0.000429877836723, 0.000102464073279, 0.000156747031724, 0.000136160975671, 5.91924508626e-05, 0.000102100675576, 5.94866796746e-05, 4.49702383776e-05, 2.72432298516e-05, 2.14445408346e-05, 2.6627929401e-05, 2.14088231587e-05, 1.58490674949e-05, 1.4711530639e-05, 1.72159034264e-05, 1.65771289176e-05, 1.20613831314e-05, 1.00472216218e-05, 7.48968705011e-06, 7.48285037844e-06, 6.44606234346e-06, 6.59539500703e-06, 9.48862361838e-06, 9.34532363317e-06, 1.00519691841e-05, 1.04085393104e-05, 1.19437263493e-05],
        "var": [0.0001099860674, 3.14466378768e-05, 5.21715128343e-06, 3.05306087967e-07, 7.30241481506e-07, 1.11234828637e-06, 2.5977104201e-07, 4.09875582363e-08, 2.36464252623e-08, 1.64520514545e-07, 1.57269127499e-07, 2.74187872407e-08, 5.33600932329e-08, 1.84794956226e-07, 1.04988862049e-08, 2.45696334389e-08, 1.85398114638e-08, 3.50374640412e-09, 1.04245483357e-08, 3.53866491665e-09, 2.02232230961e-09, 7.42193584369e-10, 4.59868310099e-10, 7.09046654723e-10, 4.58337728881e-10, 2.51192927569e-10, 2.164291385e-10, 2.96387331344e-10, 2.7480118181e-10, 1.45476963809e-10, 1.00946660753e-10, 5.60954130369e-11, 5.59930470045e-11, 4.15517169283e-11, 4.34992354637e-11, 9.00339733323e-11, 8.73350697317e-11, 1.01042091361e-10, 1.08337686044e-10, 1.42652598067e-10]
    },
    "melbands128": {
