{
"lowlevel": {
    "average_loudness": 0.837110102177,
    "barkbands_crest": {
        "dmean": 2.02776789665,
        "dmean2": 3.2503759861,
        "dvar": 3.7780213356,
        "dvar2": 9.82746505737,
        "max": 22.9391803741,
        "mean": 8.66431808472,
        "median": 8.17350482941,
        "min": 3.45501804352,
        "stdev": 2.98605108261,
        "var": 8.91650104523
    },
    "barkbands_flatness_db": {
        "dmean": 0.0187619291246,
        "dmean2": 0.0285847019404,
        "dvar": 0.000525637005921,
        "dvar2": 0.000996422604658,
        "max": 0.47947871685,
        "mean": 0.195267766714,
        "median": 0.173510476947,
        "min": 0.0419755540788,
        "stdev": 0.0829057395458,
        "var": 0.006873362232
    },
    "barkbands_kurtosis": {
        "dmean": 1.86167407036,
        "dmean2": 2.907787323,
        "dvar": 8.53166007996,
        "dvar2": 19.2259159088,
        "max": 36.3567390442,
        "mean": 2.2390730381,
        "median": 1.00691366196,
        "min": -1.60719633102,
        "stdev": 3.93327951431,
        "var": 15.4706869125
    },
    "barkbands_skewness": {
        "dmean": 0.421417534351,
        "dmean2": 0.649540126324,
        "dvar": 0.190670058131,
        "dvar2": 0.417579889297,
        "max": 4.63541555405,
        "mean": 1.18347918987,
        "median": 1.05689179897,
        "min": -0.643129348755,
        "stdev": 0.796333611012,
        "var": 0.63414722681
    },
    "barkbands_spread": {
        "dmean": 3.34579205513,
        "dmean2": 5.1910815239,
        "dvar": 33.1742935181,
        "dvar2": 69.141166687,
        "max": 79.8542861938,
        "mean": 14.6436080933,
        "median": 12.8358058929,
        "min": 0.391984075308,
        "stdev": 10.007065773,
        "var": 100.141372681
    },
    "dissonance": {
        "dmean": 0.0261071529239,
        "dmean2": 0.0436161309481,
        "dvar": 0.000711590924766,
        "dvar2": 0.00178164534736,
        "max": 0.499999850988,
        "mean": 0.445778638124,
        "median": 0.456962406635,
        "min": 0.176590830088,
        "stdev": 0.0416759699583,
        "var": 0.0017368865665
    },
    "dynamic_complexity": 3.20752549171,
    "erbbands_crest": {
        "dmean": 2.53646397591,
        "dmean2": 4.13736867905,
        "dvar": 4.96032953262,
        "dvar2": 12.6596355438,
        "max": 22.9590568542,
        "mean": 9.01804065704,
        "median": 8.44430923462,
        "min": 2.86211872101,
        "stdev": 3.41752314568,
        "var": 11.6794643402
    },
    "erbbands_flatness_db": {
        "dmean": 0.0145147610456,
        "dmean2": 0.0215445570648,
        "dvar": 0.000274610880297,
        "dvar2": 0.000495378859341,
        "max": 0.438783764839,
        "mean": 0.22918947041,
        "median": 0.205866619945,
        "min": 0.0466657876968,
        "stdev": 0.0838611274958,
        "var": 0.00703268870711
    },
    "erbbands_kurtosis": {
        "dmean": 0.666562080383,
        "dmean2": 1.07140302658,
        "dvar": 0.633669614792,
        "dvar2": 1.55139100552,
        "max": 11.7575931549,
        "mean": 0.0880174487829,
        "median": -0.193173646927,
        "min": -1.56391847134,
        "stdev": 1.16353821754,
        "var": 1.35382127762
    },
    "erbbands_skewness": {
        "dmean": 0.320625334978,
        "dmean2": 0.498959004879,
        "dvar": 0.0818940252066,
        "dvar2": 0.191397950053,
        "max": 2.65620398521,
        "mean": 0.212137237191,
        "median": 0.206675246358,
        "min": -1.49489402771,
        "stdev": 0.539431154728,
        "var": 0.290985971689
    },
    "erbbands_spread": {
        "dmean": 4.98186206818,
        "dmean2": 7.76538228989,
        "dvar": 41.0963134766,
        "dvar2": 87.9858932495,
        "max": 110.742301941,
        "mean": 26.4758987427,
        "median": 22.964849472,
        "min": 2.73093271255,
        "stdev": 14.1357288361,
        "var": 199.818832397
    },
    "hfc": {
        "dmean": 4.43710756302,
        "dmean2": 6.82765245438,
        "dvar": 53.6960868835,
        "dvar2": 119.265892029,
        "max": 81.1401824951,
        "mean": 18.9844055176,
        "median": 11.8236112595,
        "min": 2.7049527489e-06,
        "stdev": 15.9998626709,
        "var": 255.995620728
    },
    "loudness_ebu128": {
        "integrated": -12.1735782623,
        "loudness_range": 8.17480564117,
        "momentary": {
            "dmean": 0.309794187546,
            "dmean2": 0.391234278679,
            "dvar": 0.141737535596,
            "dvar2": 0.199071377516,
            "max": -8.49979400635,
            "mean": -13.4040431976,
            "median": -11.409040451,
            "min": -19.8140983582,
            "stdev": 3.53696584702,
            "var": 12.5101270676
        },
        "short_term": {
            "dmean": 0.0694794282317,
            "dmean2": 0.0567753277719,
            "dvar": 0.00745478225872,
            "dvar2": 0.0057702884078,
            "max": -9.57433128357,
            "mean": -13.2481822968,
            "median": -11.2490234375,
            "min": -18.7397212982,
            "stdev": 3.26786351204,
            "var": 10.6789321899
        }
    },
    "melbands_crest": {
        "dmean": 2.43590807915,
        "dmean2": 3.85095882416,
        "dvar": 5.5166683197,
        "dvar2": 13.7220315933,
        "max": 28.0167770386,
        "mean": 11.8734025955,
        "median": 11.0732336044,
        "min": 3.71220684052,
        "stdev": 4.33014011383,
        "var": 18.7501125336
    },
    "melbands_flatness_db": {
        "dmean": 0.02098980546,
        "dmean2": 0.0309198088944,
        "dvar": 0.000814379076473,
        "dvar2": 0.00155308062676,
        "max": 0.594764769077,
        "mean": 0.269789010286,
        "median": 0.241303771734,
        "min": 0.0481145605445,
        "stdev": 0.0878347158432,
        "var": 0.00771493697539
    },
    "melbands_kurtosis": {
        "dmean": 3.38291788101,
        "dmean2": 5.11839771271,
        "dvar": 27.7783298492,
        "dvar2": 59.5689201355,
        "max": 81.9534225464,
        "mean": 5.84169387817,
        "median": 3.12781858444,
        "min": -1.38537812233,
        "stdev": 7.96479415894,
        "var": 63.4379425049
    },
    "melbands_skewness": {
        "dmean": 0.506865859032,
        "dmean2": 0.752341330051,
        "dvar": 0.282114744186,
        "dvar2": 0.624558866024,
        "max": 7.53226566315,
        "mean": 1.81091296673,
        "median": 1.55441629887,
        "min": -0.333865255117,
        "stdev": 1.10345613956,
        "var": 1.21761536598
    },
    "melbands_spread": {
        "dmean": 4.16900157928,
        "dmean2": 6.46506977081,
        "dvar": 32.0679893494,
        "dvar2": 75.9787979126,
        "max": 78.3795471191,
        "mean": 17.2715606689,
        "median": 16.3213405609,
        "min": 0.849874556065,
        "stdev": 8.8264799118,
        "var": 77.9067459106
    },
    "pitch_salience": {
        "dmean": 0.0638907328248,
        "dmean2": 0.102897934616,
        "dvar": 0.00319448276423,
        "dvar2": 0.0083433734253,
        "max": 0.835768997669,
        "mean": 0.598535060883,
        "median": 0.606378138065,
        "min": 0.251499652863,
        "stdev": 0.093255199492,
        "var": 0.00869653187692
    },
    "silence_rate_20dB": {
        "dmean": 0,
        "dmean2": 0,
        "dvar": 0,
        "dvar2": 0,
        "max": 1,
        "mean": 1,
        "median": 1,
        "min": 1,
        "stdev": 0,
        "var": 0
    },
    "silence_rate_30dB": {
        "dmean": 0.0030959751457,
        "dmean2": 0.00619674660265,
        "dvar": 0.00308634201065,
        "dvar2": 0.007707756944,
        "max": 1,
        "mean": 0.996906399727,
        "median": 1,
        "min": 0,
        "stdev": 0.0555338338017,
        "var": 0.00308400671929
    },
    "silence_rate_60dB": {
        "dmean": 0.011609907262,
        "dmean2": 0.0224632062018,
        "dvar": 0.0114749511704,
        "dvar2": 0.0281548984349,
        "max": 1,
        "mean": 0.0108275329694,
        "median": 0,
        "min": 0,
        "stdev": 0.103490829468,
        "var": 0.0107103521004
    },
    "spectral_centroid": {
        "dmean": 150.165817261,
        "dmean2": 229.531280518,
        "dvar": 56274.1992188,
        "dvar2": 122694.09375,
        "max": 3104.02172852,
        "mean": 852.540710449,
        "median": 807.645019531,
        "min": 248.774810791,
        "stdev": 380.928405762,
        "var": 145106.453125
    },
    "spectral_complexity": {
        "dmean": 3.08049535751,
        "dmean2": 4.9240899086,
        "dvar": 11.8743019104,
        "dvar2": 26.7997760773,
        "max": 44,
        "mean": 18.6867752075,
        "median": 18,
        "min": 0,
        "stdev": 7.04235887527,
        "var": 49.5948181152
    },
    "spectral_decrease": {
        "dmean": 1.78836823128e-09,
        "dmean2": 2.82513079597e-09,
        "dvar": 1.0278383337e-17,
        "dvar2": 2.60995683011e-17,
        "max": -3.41276430122e-16,
        "mean": -7.80331443906e-09,
        "median": -6.38418606869e-09,
        "min": -4.93513532263e-08,
        "stdev": 6.18419626619e-09,
        "var": 3.82442820311e-17
    },
    "spectral_energy": {
        "dmean": 0.00698879687116,
        "dmean2": 0.0110234087333,
        "dvar": 0.000152784021338,
        "dvar2": 0.000387649866752,
        "max": 0.190505087376,
        "mean": 0.0311734583229,
        "median": 0.026811869815,
        "min": 1.53340251607e-09,
        "stdev": 0.0244390740991,
        "var": 0.000597268342972
    },
    "spectral_energyband_high": {
        "dmean": 0.000185147539014,
        "dmean2": 0.000296255981084,
        "dvar": 4.3473136202e-07,
        "dvar2": 9.28780821141e-07,
        "max": 0.00909996405244,
        "mean": 0.00037035587593,
        "median": 3.91636094719e-05,
        "min": 1.52770782136e-10,
        "stdev": 0.00102548731957,
        "var": 1.0516241673e-06
    },
    "spectral_energyband_low": {
        "dmean": 0.00371136469766,
        "dmean2": 0.00583058968186,
        "dvar": 6.4562773332e-05,
        "dvar2": 0.000159277988132,
        "max": 0.0862146615982,
        "mean": 0.00964309647679,
        "median": 0.0043397853151,
        "min": 5.11316648744e-11,
        "stdev": 0.0128669543192,
        "var": 0.000165558521985
    },
    "spectral_energyband_middle_high": {
        "dmean": 0.0021539570298,
        "dmean2": 0.00327680306509,
        "dvar": 1.16366300063e-05,
        "dvar2": 2.57635820162e-05,
        "max": 0.0402346849442,
        "mean": 0.00658536003903,
        "median": 0.00362758664414,
        "min": 9.18021825225e-10,
        "stdev": 0.00659441854805,
        "var": 4.34863541159e-05
    },
    "spectral_energyband_middle_low": {
        "dmean": 0.00479623116553,
        "dmean2": 0.00758341373876,
        "dvar": 8.82913809619e-05,
        "dvar2": 0.000239696848439,
        "max": 0.189374476671,
        "mean": 0.0168691799045,
        "median": 0.0119850439951,
        "min": 4.16525064439e-10,
        "stdev": 0.0140505619347,
        "var": 0.000197418281459
    },
    "spectral_entropy": {
        "dmean": 0.145650401711,
        "dmean2": 0.21448430419,
        "dvar": 0.0376779288054,
        "dvar2": 0.0716725736856,
        "max": 8.42498493195,
        "mean": 7.01528215408,
        "median": 7.14004850388,
        "min": 4.66515207291,
        "stdev": 0.567533075809,
        "var": 0.322093814611
    },
    "spectral_flux": {
        "dmean": 0.0226282812655,
        "dmean2": 0.0364244319499,
        "dvar": 0.000759208283853,
        "dvar2": 0.00172683421988,
        "max": 0.369266420603,
        "mean": 0.0771483778954,
        "median": 0.0651385784149,
        "min": 3.91586836486e-05,
        "stdev": 0.0446254275739,
        "var": 0.00199142890051
    },
    "spectral_kurtosis": {
        "dmean": 9.05197811127,
        "dmean2": 15.7443237305,
        "dvar": 284.326293945,
        "dvar2": 851.05480957,
        "max": 285.323944092,
        "mean": 18.8947315216,
        "median": 8.9395198822,
        "min": 0.332588434219,
        "stdev": 26.3397846222,
        "var": 693.784301758
    },
    "spectral_rms": {
        "dmean": 0.000586655689403,
        "dmean2": 0.000899896142073,
        "dvar": 7.52851008201e-07,
        "dvar2": 1.72675117938e-06,
        "max": 0.0136329978704,
        "mean": 0.0050447951071,
        "median": 0.0051144817844,
        "min": 1.22311178075e-06,
        "stdev": 0.00222780625336,
        "var": 4.96312031828e-06
    },
    "spectral_rolloff": {
        "dmean": 290.064300537,
        "dmean2": 472.879547119,
        "dvar": 294072.90625,
        "dvar2": 602243.375,
        "max": 7450.48828125,
        "mean": 1111.84899902,
        "median": 990.52734375,
        "min": 172.265625,
        "stdev": 809.714904785,
        "var": 655638.25
    },
    "spectral_skewness": {
        "dmean": 0.616286277771,
        "dmean2": 1.05987632275,
        "dvar": 0.685788452625,
        "dvar2": 2.04050517082,
        "max": 13.1981401443,
        "mean": 2.61126875877,
        "median": 2.1758992672,
        "min": 0.52759128809,
        "stdev": 1.45980501175,
        "var": 2.13103079796
    },
    "spectral_spread": {
        "dmean": 375386.6875,
        "dmean2": 556436.9375,
        "dvar": 268636504064,
        "dvar2": 468489043968,
        "max": 10723567,
        "mean": 2871394.75,
        "median": 2677274.25,
        "min": 436542.5625,
        "stdev": 1575005.375,
        "var": 2.48064193331e+12
    },
    "spectral_strongpeak": {
        "dmean": 0.493902534246,
        "dmean2": 0.833408176899,
        "dvar": 0.572355687618,
        "dvar2": 1.45669043064,
        "max": 7.01150894165,
        "mean": 0.963499844074,
        "median": 0.713707029819,
        "min": 7.85506999819e-05,
        "stdev": 0.904233634472,
        "var": 0.817638456821
    },
    "zerocrossingrate": {
        "dmean": 0.00571765238419,
        "dmean2": 0.006825347431,
        "dvar": 7.02423785697e-05,
        "dvar2": 8.12019206933e-05,
        "max": 0.1806640625,
        "mean": 0.039581745863,
        "median": 0.037109375,
        "min": 0.0048828125,
        "stdev": 0.0197311118245,
        "var": 0.000389316759538
    },
    "barkbands": {
        "dmean": [0.000111164008558, 0.000521389767528, 0.00249218707904, 0.0020040627569, 0.00218644342385, 0.00190603511874, 0.000941136095207, 0.000615692290012, 0.000633404706605, 0.000661782047246, 0.000815130537376, 0.000802591559477, 0.000516985659488, 0.000177000911208, 0.000367738888599, 0.000499260844663, 0.000186680365005, 0.000105721373984, 7.03818368493e-05, 3.47795939888e-05, 4.50602492492e-05, 4.87717079523e-05, 3.64306761185e-05, 3.18803431583e-05, 3.02575517708e-05, 2.18631812459e-05, 3.5662699247e-06],
        "dmean2": [0.000173067674041, 0.000832093763165, 0.00390008464456, 0.00311070354655, 0.00353137985803, 0.00282639381476, 0.00131508312188, 0.000905000255443, 0.00095870019868, 0.00104619131889, 0.00127362203784, 0.00120426493231, 0.000803126546089, 0.000291158969048, 0.000552456709556, 0.00076403724961, 0.000287421455141, 0.000171554245753, 0.000114908740215, 5.58964711672e-05, 7.39540846553e-05, 7.83553041401e-05, 5.8981062466e-05, 5.16206018801e-05, 4.76171189803e-05, 3.24367174471e-05, 5.98813812758e-06],
        "dvar": [6.4857573534e-08, 1.14408089757e-06, 3.81202262361e-05, 1.97035606107e-05, 4.9185284297e-05, 7.77260083851e-06, 2.9041552807e-06, 1.17852425774e-06, 8.8548677013e-07, 1.61199363902e-06, 4.77800858789e-06, 2.88310843644e-06, 1.51854339947e-06, 1.07664234861e-07, 4.45343516731e-07, 9.81403559308e-07, 3.1909726772e-07, 4.96467364997e-08, 3.2205800693e-08, 8.51638759514e-09, 2.75426952356e-08, 1.98800140794e-08, 2.49939695607e-08, 1.33153639226e-08, 1.09925792913e-08, 4.70333683111e-09, 2.40322622913e-10],
        "dvar2": [1.55415591507e-07, 2.98877648675e-06, 9.28632580326e-05, 4.96392931382e-05, 0.000141367403558, 1.76059347723e-05, 5.08102539243e-06, 2.25495386985e-06, 1.94523863684e-06, 3.3420994896e-06, 1.097330005e-05, 5.58405190532e-06, 3.4325694287e-06, 2.57371226553e-07, 9.52732705173e-07, 1.99158193936e-06, 6.57445809793e-07, 1.26228314912e-07, 7.78594113626e-08, 2.04206056509e-08, 6.30306331573e-08, 4.60477451725e-08, 5.59388126931e-08, 3.11697441191e-08, 2.65468251825e-08, 9.72475877603e-09, 6.65821953127e-10],
        "max": [0.00353282061405, 0.0132186478004, 0.079018868506, 0.0616926178336, 0.161853313446, 0.0304406322539, 0.0201899241656, 0.0191041473299, 0.0134346969426, 0.0251550097018, 0.0335191115737, 0.0220970362425, 0.0161011647433, 0.0074301706627, 0.00874590780586, 0.012478438206, 0.00905120372772, 0.00254175835289, 0.00233291764744, 0.00173308094963, 0.00261267460883, 0.00206750282086, 0.00240144622512, 0.00172922224738, 0.00165905139875, 0.00112801825162, 0.000277819141047],
        "mean": [0.000191251529031, 0.0014064242132, 0.00584317371249, 0.00384728633799, 0.00404349528253, 0.00450076395646, 0.00203678617254, 0.00105000054464, 0.00119096948765, 0.00103000749368, 0.00110187428072, 0.00119408173487, 0.000782151764724, 0.000291631062282, 0.000677987001836, 0.00100887205917, 0.000288355600787, 0.000172282772837, 0.000111588218715, 6.16691759205e-05, 7.73220890551e-05, 8.11439895188e-05, 5.17078951816e-05, 5.372929445e-05, 4.07053994422e-05, 3.41937193298e-05, 4.00301587433e-06],
        "median": [1.18580392154e-05, 0.000667198037263, 0.00129768275656, 0.000997509807348, 0.00248530926183, 0.00231634173542, 0.000796472595539, 0.000435790774645, 0.000755141139962, 0.000568124407437, 0.00025387617643, 0.000400588090997, 0.000237383967033, 0.000175944034709, 0.000212742306758, 0.000211941835005, 8.71283264132e-05, 7.40187024348e-05, 4.01682373194e-05, 1.91371455003e-05, 1.53504988702e-05, 7.13851704859e-06, 2.64609525402e-06, 1.82226540346e-06, 1.31634249101e-06, 8.21738012746e-07, 4.55811388633e-08],
        "min": [9.47803901336e-12, 1.89885867447e-11, 2.16681499132e-11, 4.92486433579e-12, 8.23208168299e-11, 1.17856377435e-10, 8.30738117186e-11, 8.40167657667e-11, 3.76497027998e-11, 8.09701125593e-11, 2.65439614733e-10, 2.21916263143e-10, 6.23815374357e-11, 3.20552230593e-11, 3.06266253677e-12, 6.83566050985e-11, 3.45231378207e-11, 1.69852985843e-11, 1.34839570065e-10, 5.07562498975e-11, 3.13539853802e-11, 9.64201982145e-12, 2.01811310718e-11, 1.01932360122e-11, 1.59799170424e-11, 5.97155571519e-13, 4.62635518002e-13],
        "stdev": [0.00041597316158, 0.00170383509248, 0.00961235538125, 0.00676969625056, 0.00630677817389, 0.00527005083859, 0.00338252820075, 0.00167997262906, 0.00145428488031, 0.00176945643034, 0.0027497173287, 0.00254519493319, 0.00163400790188, 0.000444786157459, 0.00107938749716, 0.00179997889791, 0.000715658825357, 0.000280203850707, 0.000207155870157, 0.000128170024254, 0.000229297453188, 0.000208226672839, 0.000226404692512, 0.000171536303242, 0.000128011015477, 0.000103288170067, 1.59923583851e-05],
        "var": [1.73033669171e-07, 2.90305388262e-06, 9.23973711906e-05, 4.58287904621e-05, 3.97754520236e-05, 2.77734361589e-05, 1.14414970085e-05, 2.8223080335e-06, 2.11494443647e-06, 3.13097621074e-06, 7.5609450505e-06, 6.4780174398e-06, 2.6699819955e-06, 1.97834737037e-07, 1.16507737857e-06, 3.23992389895e-06, 5.12167559918e-07, 7.85142049153e-08, 4.29135553759e-08, 1.64275562042e-08, 5.25773202753e-08, 4.33583444703e-08, 5.12590858648e-08, 2.94247008981e-08, 1.63868190128e-08, 1.06684465706e-08, 2.55755500111e-10]
    },
    "erbbands": {
        "dmean": [0.00684167817235, 0.174617797136, 2.11607575417, 5.31150245667, 6.22842359543, 8.3498878479, 10.1981334686, 17.7801837921, 15.1892127991, 11.2583265305, 13.6463136673, 12.5646629333, 15.9718675613, 28.3060092926, 28.9863681793, 29.2135925293, 22.9191818237, 9.48912334442, 11.4844055176, 23.4620094299, 25.689535141, 9.35589694977, 5.65093374252, 4.74570035934, 2.4270093441, 1.70533680916, 1.38250029087, 2.13247084618, 1.59367346764, 1.70177292824, 0.931658685207, 0.723734617233, 0.518798232079, 0.31512093544, 0.231160834432, 0.119671903551, 0.037572093308, 0.00909856054932, 0.000350834365236, 1.25210262922e-05],
        "dmean2": [0.0113101312891, 0.27868783474, 3.3073618412, 8.34942722321, 9.69568347931, 13.9365034103, 15.587805748, 25.9924049377, 21.8910064697, 15.7744207382, 19.5635185242, 18.8527507782, 23.9280128479, 43.7875442505, 43.4516372681, 43.0605773926, 34.8649253845, 15.6665010452, 17.6453094482, 35.2083892822, 39.1600112915, 14.3503885269, 8.91792678833, 7.66390419006, 4.04254722595, 2.70881414413, 2.28040528297, 3.43580412865, 2.56724786758, 2.73268055916, 1.4921040535, 1.11573541164, 0.833108127117, 0.496752172709, 0.372556388378, 0.186136692762, 0.0569817274809, 0.0148268155754, 0.000583141518291, 1.97650933842e-05],
        "dvar": [0.000188466729014, 0.142850667238, 29.3188667297, 125.150230408, 214.683486938, 978.405639648, 410.09475708, 814.39465332, 648.173950195, 474.84564209, 662.276428223, 304.146057129, 628.726928711, 4327.43701172, 4812.41113281, 4153.82275391, 2794.39868164, 298.292907715, 422.952362061, 1584.7130127, 3685.0534668, 807.735900879, 148.835617065, 118.029052734, 46.3992614746, 18.8850269318, 31.56001091, 59.6380310059, 23.9615535736, 36.9841117859, 17.5795936584, 7.89179182053, 3.48329639435, 1.54637515545, 0.653308928013, 0.150296896696, 0.015950338915, 0.0011249933159, 2.26544511861e-06, 8.11912592713e-10],
        "dvar2": [0.000506473297719, 0.348809689283, 69.3039398193, 316.240386963, 545.309387207, 2882.63793945, 1024.02966309, 1650.02172852, 1293.46179199, 752.494262695, 1158.74865723, 689.406433105, 1226.56152344, 9848.69824219, 11142.8691406, 8568.5625, 6340.32177734, 757.996826172, 929.965942383, 3265.66113281, 7479.06347656, 1723.8894043, 364.441650391, 281.803161621, 118.866348267, 43.153968811, 73.1353607178, 145.726821899, 56.5451622009, 86.34349823, 38.0125160217, 17.1214561462, 8.36050796509, 3.67949652672, 1.6674053669, 0.349296122789, 0.0332580804825, 0.00283409375697, 6.0804882196e-06, 2.0356534236e-09],
        "max": [0.197043552995, 5.29044628143, 70.6360855103, 152.62789917, 239.509475708, 727.792236328, 250.065826416, 328.186401367, 367.199859619, 340.124237061, 510.048706055, 223.472625732, 574.121520996, 767.606750488, 808.258056641, 849.217163086, 646.239562988, 226.836624146, 361.304779053, 578.061767578, 967.428283691, 532.229309082, 141.251815796, 147.344940186, 81.0442428589, 69.8809509277, 115.392082214, 129.973617554, 69.0961608887, 100.247367859, 69.8650283813, 46.1589012146, 32.6286849976, 21.8691291809, 13.4320745468, 6.31101036072, 2.48377370834, 0.592087268829, 0.0269278008491, 0.000513462757226],
        "mean": [0.0192129705101, 0.49374884367, 5.40158748627, 11.3603744507, 11.8823747635, 13.7309761047, 20.8167705536, 42.0378952026, 35.4914894104, 23.4280490875, 25.1981487274, 24.5852489471, 30.4579620361, 44.404335022, 44.0258712769, 46.7404518127, 37.3143119812, 17.388874054, 23.2774238586, 48.0991020203, 50.9334564209, 16.6706123352, 9.88002967834, 7.85224580765, 4.04323196411, 3.07994604111, 2.42839050293, 3.50269031525, 2.71918010712, 2.48869109154, 1.36496305466, 1.13677728176, 0.859460175037, 0.437440991402, 0.298301815987, 0.171862259507, 0.0578591749072, 0.0120233669877, 0.000438679446233, 4.5550546929e-05],
        "median": [0.0133614242077, 0.232651054859, 1.32596647739, 3.92414283752, 5.66400718689, 8.41355323792, 12.6820402145, 18.9694862366, 17.2567214966, 10.9818105698, 11.9002141953, 16.235496521, 17.8017101288, 19.7312164307, 14.6105213165, 15.4299592972, 12.0822238922, 9.13038444519, 10.3705129623, 16.2956027985, 11.0443792343, 5.16840076447, 4.43016433716, 2.91591310501, 1.64766681194, 0.972786962986, 0.594628870487, 0.656296670437, 0.271221995354, 0.155256450176, 0.0825617611408, 0.040318235755, 0.0309092290699, 0.0144370617345, 0.00829076208174, 0.0032669941429, 0.00163379043806, 0.000354725896614, 3.28989372065e-05, 3.68822038581e-05],
        "min": [1.05256203753e-09, 2.73146305574e-09, 1.83756814209e-08, 2.78488787586e-08, 1.26204952267e-07, 3.36051073191e-07, 2.31563021202e-07, 1.33283276682e-06, 1.3611694385e-06, 1.56281191721e-06, 1.86514182587e-06, 7.21721562513e-07, 1.26510417431e-06, 5.32435387868e-06, 1.00758043118e-05, 1.05106300907e-05, 3.59648106496e-06, 1.58588909471e-06, 7.09028711299e-07, 2.0801790015e-06, 2.8535760066e-06, 2.51667324846e-06, 9.7289967016e-07, 2.33190553445e-06, 6.9716534199e-06, 3.45822286363e-06, 1.65550068232e-06, 1.06111690457e-06, 2.3882424216e-07, 4.24711998903e-07, 5.93580409713e-07, 3.12795947366e-07, 1.44602708474e-07, 1.32515211249e-07, 1.1542751821e-07, 2.68313584684e-08, 2.66972151053e-08, 1.15836114034e-08, 3.46439460452e-10, 8.83514181954e-12],
        "stdev": [0.0214919093996, 0.635341525078, 8.95757579803, 17.5741996765, 18.4003276825, 25.9568824768, 28.6400032043, 56.0541305542, 50.6963729858, 39.6943778992, 41.7634239197, 27.0438404083, 43.3286705017, 85.4643936157, 88.354675293, 99.1013946533, 72.6013717651, 23.7850761414, 35.169418335, 70.4848632812, 105.067123413, 37.2184486389, 16.0642700195, 13.210811615, 7.40877819061, 6.38807725906, 7.8642039299, 9.92395973206, 7.03738975525, 8.11113929749, 6.31038951874, 4.35148000717, 2.53841209412, 1.59154891968, 0.875601708889, 0.501602113247, 0.190158948302, 0.0412766672671, 0.00165582564659, 4.66146484541e-05],
        "var": [0.000461902207462, 0.403658866882, 80.2381668091, 308.852478027, 338.57208252, 673.759765625, 820.249816895, 3142.06567383, 2570.12231445, 1575.64367676, 1744.18371582, 731.369262695, 1877.37353516, 7304.16308594, 7806.54931641, 9821.0859375, 5270.95898438, 565.729858398, 1236.88793945, 4968.11572266, 11039.1005859, 1385.21289062, 258.060760498, 174.525543213, 54.889995575, 40.8075332642, 61.845703125, 98.4849853516, 49.5248565674, 65.7905883789, 39.8210144043, 18.935377121, 6.44353628159, 2.53302788734, 0.766678333282, 0.251604706049, 0.0361604243517, 0.00170376314782, 2.74175863524e-06, 2.17292539517e-09]
    },
    "gfcc": {
        "mean": [-45.2393722534, 160.033248901, -136.198760986, 4.71546316147, -41.1769866943, -8.04292392731, -33.471622467, -7.31552839279, -19.5199432373, -7.62645864487, -16.3260440826, -1.6090439558, -4.89642715454],
        "cov": [[11324.78125, -6193.796875, 2448.20874023, 1796.0189209, -994.045959473, 2273.86450195, -1494.2578125, 1010.61590576, -653.292663574, 752.689941406, -1043.68591309, 600.377807617, -845.579345703], [-6193.796875, 4181.56787109, -1504.23046875, -1127.77429199, 724.449829102, -1351.92480469, 933.604675293, -611.953125, 439.611846924, -456.524963379, 609.754577637, -367.360198975, 559.76965332], [2448.20874023, -1504.23046875, 1442.56945801, 303.925567627, -82.0541763306, 583.914733887, -450.931304932, 382.89465332, -312.122619629, 252.859573364, -318.106689453, 252.83555603, -232.018112183], [1796.0189209, -1127.77429199, 303.925567627, 683.690124512, -249.339447021, 390.571899414, -221.746368408, 123.436943054, -44.0998153687, 49.7473678589, -137.59576416, 24.4173088074, -119.373908997], [-994.045959473, 724.449829102, -82.0541763306, -249.339447021, 353.463684082, -235.379714966, 103.722618103, -60.3257141113, 38.3794059753, -14.2176294327, 87.2882385254, 0.436434864998, 87.0269317627], [2273.86450195, -1351.92480469, 583.914733887, 390.571899414, -235.379714966, 606.865112305, -275.306030273, 237.431716919, -151.81690979, 167.004425049, -219.290008545, 119.173278809, -201.015426636], [-1494.2578125, 933.604675293, -450.931304932, -221.746368408, 103.722618103, -275.306030273, 350.206787109, -146.570114136, 128.182754517, -128.772171021, 156.616897583, -97.8637771606, 116.190597534], [1010.61590576, -611.953125, 382.89465332, 123.436943054, -60.3257141113, 237.431716919, -146.570114136, 212.051132202, -74.4635620117, 93.7140731812, -115.47946167, 82.6442718506, -81.6762924194], [-653.292663574, 439.611846924, -312.122619629, -44.0998153687, 38.3794059753, -151.81690979, 128.182754517, -74.4635620117, 141.246643066, -54.7451210022, 83.6978912354, -64.2941741943, 72.7875595093], [752.689941406, -456.524963379, 252.859573364, 49.7473678589, -14.2176294327, 167.004425049, -128.772171021, 93.7140731812, -54.7451210022, 160.991592407, -60.7550010681, 68.2477722168, -78.2745895386], [-1043.68591309, 609.754577637, -318.106689453, -137.59576416, 87.2882385254, -219.290008545, 156.616897583, -115.47946167, 83.6978912354, -60.7550010681, 180.05355835, -70.4626464844, 76.9164352417], [600.377807617, -367.360198975, 252.83555603, 24.4173088074, 0.436434864998, 119.173278809, -97.8637771606, 82.6442718506, -64.2941741943, 68.2477722168, -70.4626464844, 130.789489746, -35.676448822], [-845.579345703, 559.76965332, -232.018112183, -119.373908997, 87.0269317627, -201.015426636, 116.190597534, -81.6762924194, 72.7875595093, -78.2745895386, 76.9164352417, -35.676448822, 138.737579346]],
        "icov": [[0.000786778749898, 9.86831873888e-05, 0.000337124336511, -0.000588542374317, 0.000140075469972, -0.00115113623906, 0.000938689918257, -0.000371697649825, 5.31170371687e-05, -0.000509013829287, 0.00107121060137, -0.000868613773491, 0.000561507418752], [9.86831873888e-05, 0.0040164119564, -0.00108049495611, 0.00253906450234, -0.00292346719652, 0.000789012934547, -0.00273236748762, 0.0020705119241, -0.0026761055924, 0.00213109864853, -0.00160364736803, 0.0039343428798, -0.00423459848389], [0.000337124336511, -0.00108049495611, 0.00301224831492, -0.00143859931268, 7.20924217603e-05, -0.000809225079138, 0.00149230891839, -0.00283677084371, 0.00381105206907, -0.00141706550494, 0.0017723320052, -0.00247024768032, 0.0016596816713], [-0.000588542374317, 0.00253906450234, -0.00143859931268, 0.0054450975731, -0.00129782641307, -0.000864174158778, -0.000771954713855, 0.00232667801902, -0.00438234582543, 0.00361864035949, -0.00239039747976, 0.0041256560944, -0.00324706360698], [0.000140075469972, -0.00292346719652, 7.20924217603e-05, -0.00129782641307, 0.00714826676995, 0.000873482844327, 0.00173306942452, -0.00156249769498, 0.00163421873003, -0.00318359560333, 0.000724367331713, -0.00388415297493, 0.00200944649987], [-0.00115113623906, 0.000789012934547, -0.000809225079138, -0.000864174158778, 0.000873482844327, 0.00979050807655, -0.00347575987689, -0.00164144451264, 0.00144113937858, -0.00177728256676, 0.000548130017705, 0.00107910344377, 0.00150051759556], [0.000938689918257, -0.00273236748762, 0.00149230891839, -0.000771954713855, 0.00173306942452, -0.00347575987689, 0.0109016690403, -0.00143942423165, -0.0014179723803, 0.00149239518214, -0.000275521189906, -0.00319485738873, 0.00339359836653], [-0.000371697649825, 0.0020705119241, -0.00283677084371, 0.00232667801902, -0.00156249769498, -0.00164144451264, -0.00143942423165, 0.0132246194407, -0.00455863540992, 0.000645257183351, 0.000141007272759, 0.00139145040885, -0.00273338030092], [5.31170371687e-05, -0.0026761055924, 0.00381105206907, -0.00438234582543, 0.00163421873003, 0.00144113937858, -0.0014179723803, -0.00455863540992, 0.020222492516, -0.00514847505838, 0.000943270744756, -0.000942668644711, -0.000989055843093], [-0.000509013829287, 0.00213109864853, -0.00141706550494, 0.00361864035949, -0.00318359560333, -0.00177728256676, 0.00149239518214, 0.000645257183351, -0.00514847505838, 0.0153117943555, -0.0043615908362, 0.00024052108347, 0.00141472835094], [0.00107121060137, -0.00160364736803, 0.0017723320052, -0.00239039747976, 0.000724367331713, 0.000548130017705, -0.000275521189906, 0.000141007272759, 0.000943270744756, -0.0043615908362, 0.0155912283808, -0.00134615146089, 0.00261424505152], [-0.000868613773491, 0.0039343428798, -0.00247024768032, 0.0041256560944, -0.00388415297493, 0.00107910344377, -0.00319485738873, 0.00139145040885, -0.000942668644711, 0.00024052108347, -0.00134615146089, 0.0189512856305, -0.00800470914692], [0.000561507418752, -0.00423459848389, 0.0016596816713, -0.00324706360698, 0.00200944649987, 0.00150051759556, 0.00339359836653, -0.00273338030092, -0.000989055843093, 0.00141472835094, 0.00261424505152, -0.00800470914692, 0.0219689942896]]
    },
    "melbands": {
        "dmean": [9.59734097705e-05, 0.00079289538553, 0.000885289860889, 0.0005041983095, 0.000338382116752, 0.000380571669666, 0.000228402786888, 0.000123289806652, 0.00010465431842, 8.42834051582e-05, 8.42901572469e-05, 0.000115999297122, 0.000110540779133, 0.00010122396634, 6.73765971442e-05, 3.86569045077e-05, 1.71269875864e-05, 1.73991138581e-05, 3.05377398035e-05, 3.35800723406e-05, 3.13368364004e-05, 1.12280822577e-05, 5.82493339607e-06, 4.99747920912e-06, 4.10486381952e-06, 2.32952152146e-06, 1.34700451326e-06, 1.1421769841e-06, 8.70271776421e-07, 1.10450412194e-06, 1.31871740905e-06, 9.21595244563e-07, 1.06918332676e-06, 9.38609161949e-07, 5.65841389744e-07, 4.63515533511e-07, 4.87766556034e-07, 4.05710380846e-07, 3.44551494891e-07, 2.4093762363e-07],
        "dmean2": [0.000154040142661, 0.00124341668561, 0.00137689406984, 0.000814397353679, 0.000523447466549, 0.000557366351131, 0.000327063287841, 0.000175931956619, 0.000149864063133, 0.000128250307171, 0.000126629180158, 0.000180137649295, 0.000167536301888, 0.000152477819938, 0.000102337471617, 5.94686425757e-05, 2.87347793346e-05, 2.76667560684e-05, 4.56720044895e-05, 4.95245221828e-05, 4.8421734391e-05, 1.74075721588e-05, 9.32075636229e-06, 8.04977844382e-06, 6.63850187266e-06, 3.83911992685e-06, 2.22745120482e-06, 1.82237135959e-06, 1.43411364206e-06, 1.82691292139e-06, 2.11984433918e-06, 1.50386472342e-06, 1.7038533997e-06, 1.53291080096e-06, 9.21530897813e-07, 7.14442023764e-07, 7.8145990301e-07, 6.55320832266e-07, 5.69524786442e-07, 3.77529090656e-07],
        "dvar": [3.55291867038e-08, 3.71860414816e-06, 2.95320796795e-06, 2.71763565252e-06, 5.6218152622e-07, 3.41559427852e-07, 1.42619967392e-07, 4.60227376209e-08, 3.84369300832e-08, 1.36590250222e-08, 1.79339245676e-08, 6.78774725316e-08, 7.70957555574e-08, 4.89659512937e-08, 2.50515874711e-08, 6.67023902778e-09, 9.70523661437e-10, 1.10268505438e-09, 3.24620086367e-09, 3.1630091879e-09, 6.46627862366e-09, 1.40380440605e-09, 1.5857545832e-10, 1.10776922357e-10, 9.07924221916e-11, 4.31993607553e-11, 9.80278531959e-12, 9.32069005311e-12, 1.28381498141e-11, 1.81530363658e-11, 2.09656927236e-11, 9.74839913653e-12, 8.2876318655e-12, 1.33319180348e-11, 6.84530036821e-12, 4.19782784922e-12, 3.04536951212e-12, 1.73199898434e-12, 2.60864593815e-12, 8.66560024692e-13],
        "dvar2": [9.43528988273e-08, 8.87391161086e-06, 7.43197961128e-06, 7.84543499321e-06, 1.49414552197e-06, 7.19697140994e-07, 2.76753269191e-07, 7.82867530802e-08, 6.17501427769e-08, 3.13972918775e-08, 3.49485276274e-08, 1.51829638639e-07, 1.76165116272e-07, 9.7254620357e-08, 5.34874402547e-08, 1.58397721606e-08, 2.4985986613e-09, 2.35702235507e-09, 6.88448187347e-09, 6.21063689366e-09, 1.30786252939e-08, 3.01790414881e-09, 3.70445341069e-10, 2.79278933313e-10, 2.1628880631e-10, 1.11086008447e-10, 2.40863388262e-11, 2.13472243354e-11, 3.15988936406e-11, 4.3053952764e-11, 5.17786646892e-11, 2.44128640914e-11, 1.89800362926e-11, 3.18956423773e-11, 1.5266178946e-11, 8.89598377601e-12, 7.21088510083e-12, 4.29377800676e-12, 6.75253646401e-12, 2.0065151797e-12],
        "max": [0.00225788052194, 0.0242102816701, 0.0222118739039, 0.0375204458833, 0.0139494510368, 0.00696282368153, 0.00473773339763, 0.00301528675482, 0.00374702061526, 0.00150904257316, 0.00323414732702, 0.00283669028431, 0.00429947720841, 0.00302986893803, 0.00232171686366, 0.00110348977614, 0.000420589931309, 0.000765583710745, 0.000903084001038, 0.000704128353391, 0.00138728704769, 0.000672474619932, 0.000183895754162, 0.000115140261187, 0.000131820386741, 7.63628268032e-05, 3.78881231882e-05, 5.79226580157e-05, 8.01548230811e-05, 6.5240143158e-05, 6.77160642226e-05, 4.45627374575e-05, 5.03163137182e-05, 5.33722231921e-05, 4.85254095111e-05, 3.2658517739e-05, 3.01140607917e-05, 1.99181922653e-05, 3.49619185727e-05, 1.91051967704e-05],
        "mean": [0.000278238439932, 0.00209018960595, 0.00194564566482, 0.000913102121558, 0.000688964501023, 0.00091006141156, 0.000529111828655, 0.000242972717388, 0.000198028137675, 0.000158572089276, 0.000152400039951, 0.000177953726961, 0.000155439804075, 0.00014156504767, 0.000104461207229, 6.25781394774e-05, 2.77105500572e-05, 3.15649267577e-05, 5.67438910366e-05, 6.89362132107e-05, 5.61112283322e-05, 1.71974006662e-05, 1.01253472167e-05, 7.72629027779e-06, 6.37869879938e-06, 3.57013004759e-06, 2.25104668061e-06, 1.92621837414e-06, 1.36617074986e-06, 1.75718116679e-06, 2.11736846722e-06, 1.44948842262e-06, 1.67703353782e-06, 1.22671610825e-06, 7.73584417857e-07, 6.80713355905e-07, 7.12885935172e-07, 6.45565705781e-07, 4.80608207454e-07, 3.173734342e-07],
        "median": [0.000159716335475, 0.000683525693603, 0.000778814603109, 0.000551200238988, 0.000438866729382, 0.000439691561041, 0.000257782900007, 0.000111661480332, 9.84745638561e-05, 0.000105425948277, 8.80591833265e-05, 8.26333780424e-05, 4.26726764999e-05, 4.75649467262e-05, 2.71583121503e-05, 2.41465568251e-05, 1.5392075511e-05, 1.48881617861e-05, 1.736806189e-05, 1.88214580703e-05, 1.07409887278e-05, 4.93358902531e-06, 4.40873645857e-06, 3.22005780617e-06, 2.1153207399e-06, 1.38564269037e-06, 8.25874451493e-07, 5.3627888974e-07, 3.35513959726e-07, 2.97483069289e-07, 3.34617908493e-07, 1.49932347426e-07, 1.2932511595e-07, 6.29262117968e-08, 4.00837976144e-08, 2.81119092449e-08, 2.15727897768e-08, 2.35937900328e-08, 1.31719444241e-08, 9.35843935679e-09],
        "min": [7.552088295e-12, 7.28894462149e-12, 6.81576019582e-12, 1.78854622085e-11, 9.92821103107e-12, 2.88874653365e-11, 1.93303116569e-11, 1.58833848851e-11, 1.55703401561e-11, 3.70686684473e-12, 6.50030203275e-12, 1.95995893126e-11, 3.72739686338e-11, 2.04851777902e-11, 2.52913159166e-11, 2.90094641017e-12, 3.15194181519e-12, 1.60915118036e-12, 8.74465864303e-13, 3.85107700937e-12, 3.25269325363e-12, 3.02565286193e-12, 3.57515856112e-13, 1.30505090241e-12, 1.02460607273e-12, 8.77195191484e-12, 4.89008193747e-13, 3.0024405271e-12, 9.38787350808e-13, 4.13350695902e-13, 7.80429811487e-13, 1.06291955489e-13, 1.64567971338e-13, 2.53648447732e-13, 4.2630265637e-13, 2.29334482177e-13, 2.06376216572e-13, 9.71272080775e-14, 1.03453839462e-13, 1.13431887581e-13],
        "stdev": [0.000311660085572, 0.00315951206721, 0.00269295158796, 0.00148994347546, 0.000911787443329, 0.00114780280273, 0.000738384434953, 0.000379648728995, 0.000333406729624, 0.000178232308826, 0.000227836455451, 0.000338885467499, 0.000353953655576, 0.000309573166305, 0.000229855038924, 0.000112670422823, 3.99941636715e-05, 5.25470350112e-05, 9.10995659069e-05, 0.000106921033876, 0.000132944012876, 4.54366818303e-05, 1.78161899385e-05, 1.27195480673e-05, 1.14870863399e-05, 7.01442922946e-06, 4.08478354075e-06, 4.40979283667e-06, 4.73902218801e-06, 5.57438761462e-06, 5.89837418374e-06, 4.08397954743e-06, 4.33333752881e-06, 4.60372439193e-06, 3.84255463359e-06, 3.08349672196e-06, 2.54481233242e-06, 1.76008120434e-06, 1.83447173185e-06, 1.2024274838e-06],
        "var": [9.7132016208e-08, 9.98251653073e-06, 7.25198788132e-06, 2.21993150262e-06, 8.31356373965e-07, 1.31745139242e-06, 5.4521160564e-07, 1.44133167623e-07, 1.11160041172e-07, 3.17667563365e-08, 5.19094491835e-08, 1.14843352605e-07, 1.25283193597e-07, 9.58355457215e-08, 5.28333394811e-08, 1.26946240186e-08, 1.59953317258e-09, 2.76119105358e-09, 8.29913027189e-09, 1.14321077049e-08, 1.76741092872e-08, 2.06449191076e-09, 3.17416620765e-10, 1.61786903319e-10, 1.31953156735e-10, 4.92022152188e-11, 1.66854568356e-11, 1.94462744518e-11, 2.24583303343e-11, 3.10737963138e-11, 3.47908195308e-11, 1.66788874378e-11, 1.87778126381e-11, 2.1194277236e-11, 1.47652272353e-11, 9.50795171761e-12, 6.47606968052e-12, 3.09788588011e-12, 3.3652863482e-12, 1.44583173559e-12]
    },
    "melbands128": {
