{
"lowlevel": {
    "average_loudness": 0.985433757305,
    "barkbands_crest": {
        "dmean": 2.87286376953,
        "dmean2": 4.42103815079,
        "dvar": 6.13613033295,
        "dvar2": 13.152967453,
        "max": 25.6131954193,
        "mean": 10.4089012146,
        "median": 9.51849555969,
        "min": 3.27025365829,
        "stdev": 4.28054523468,
        "var": 18.3230667114
    },
    "barkbands_flatness_db": {
        "dmean": 0.029836345464,
        "dmean2": 0.0432421863079,
        "dvar": 0.000801580958068,
        "dvar2": 0.00162933464162,
        "max": 0.358005702496,
        "mean": 0.125324755907,
        "median": 0.116481617093,
        "min": 0.0344061627984,
        "stdev": 0.0523848570883,
        "var": 0.00274417339824
    },
    "barkbands_kurtosis": {
        "dmean": 5.46551704407,
        "dmean2": 8.44162559509,
        "dvar": 243.054275513,
        "dvar2": 558.576171875,
        "max": 339.575592041,
        "mean": 6.46790790558,
        "median": 2.22129917145,
        "min": -1.9119631052,
        "stdev": 18.0021343231,
        "var": 324.076812744
    },
    "barkbands_skewness": {
        "dmean": 0.720791399479,
        "dmean2": 1.07986831665,
        "dvar": 0.794913828373,
        "dvar2": 1.68383085728,
        "max": 16.1482696533,
        "mean": 1.87254273891,
        "median": 1.56144714355,
        "min": -2.92688107491,
        "stdev": 1.58686244488,
        "var": 2.5181324482
    },
    "barkbands_spread": {
        "dmean": 9.13833522797,
        "dmean2": 13.9049654007,
        "dvar": 104.992874146,
        "dvar2": 193.400253296,
        "max": 122.265197754,
        "mean": 29.6921043396,
        "median": 26.322183609,
        "min": 0.821117818356,
        "stdev": 17.555727005,
        "var": 308.203521729
    },
    "dissonance": {
        "dmean": 0.0196469090879,
        "dmean2": 0.0320465043187,
        "dvar": 0.000642537081148,
        "dvar2": 0.00160845112987,
        "max": 0.499999940395,
        "mean": 0.461736917496,
        "median": 0.465704619884,
        "min": 0.00400266190991,
        "stdev": 0.0268742069602,
        "var": 0.000722223019693
    },
    "dynamic_complexity": 2.16758322716,
    "erbbands_crest": {
        "dmean": 2.2407643795,
        "dmean2": 3.54128861427,
        "dvar": 4.489777565,
        "dvar2": 10.8298377991,
        "max": 20.82264328,
        "mean": 7.9695520401,
        "median": 7.52454185486,
        "min": 2.8568789959,
        "stdev": 3.0142428875,
        "var": 9.08565998077
    },
    "erbbands_flatness_db": {
        "dmean": 0.0175127461553,
        "dmean2": 0.0253020245582,
        "dvar": 0.000352764094714,
        "dvar2": 0.000649259134661,
        "max": 0.250862628222,
        "mean": 0.122958898544,
        "median": 0.118024550378,
        "min": 0.0520325191319,
        "stdev": 0.0339154936373,
        "var": 0.00115026067942
    },
    "erbbands_kurtosis": {
        "dmean": 0.773564338684,
        "dmean2": 1.22371184826,
        "dvar": 0.942741930485,
        "dvar2": 2.26526069641,
        "max": 8.27810096741,
        "mean": 0.121312484145,
        "median": -0.253033876419,
        "min": -1.61654102802,
        "stdev": 1.31439530849,
        "var": 1.72763502598
    },
    "erbbands_skewness": {
        "dmean": 0.375713050365,
        "dmean2": 0.560435891151,
        "dvar": 0.148607954383,
        "dvar2": 0.293430864811,
        "max": 2.65571093559,
        "mean": 0.255639612675,
        "median": 0.300159215927,
        "min": -2.15884327888,
        "stdev": 0.678310394287,
        "var": 0.460105001926
    },
    "erbbands_spread": {
        "dmean": 11.0457630157,
        "dmean2": 15.8453960419,
        "dvar": 141.310409546,
        "dvar2": 251.352172852,
        "max": 123.440963745,
        "mean": 50.0021629333,
        "median": 46.8759880066,
        "min": 10.6997842789,
        "stdev": 21.2425956726,
        "var": 451.24786377
    },
    "hfc": {
        "dmean": 17.1929798126,
        "dmean2": 24.0396747589,
        "dvar": 819.760620117,
        "dvar2": 1666.94311523,
        "max": 221.835723877,
        "mean": 32.2437171936,
        "median": 23.361738205,
        "min": 1.16429615214e-16,
        "stdev": 34.7255134583,
        "var": 1205.86132812
    },
    "loudness_ebu128": {
        "integrated": -6.95992565155,
        "loudness_range": 0.75049829483,
        "momentary": {
            "dmean": 0.533409535885,
            "dmean2": 0.797986626625,
            "dvar": 0.143777519464,
            "dvar2": 0.313605248928,
            "max": -5.54376411438,
            "mean": -7.04155302048,
            "median": -6.89292955399,
            "min": -10.1185503006,
            "stdev": 0.863983571529,
            "var": 0.746467649937
        },
        "short_term": {
            "dmean": 0.0546865053475,
            "dmean2": 0.0799995213747,
            "dvar": 0.00255432841368,
            "dvar2": 0.00502069573849,
            "max": -6.3555226326,
            "mean": -6.93570137024,
            "median": -6.92468690872,
            "min": -7.6778421402,
            "stdev": 0.240962728858,
            "var": 0.0580630376935
        }
    },
    "melbands_crest": {
        "dmean": 5.32928276062,
        "dmean2": 8.97208023071,
        "dvar": 20.0796489716,
        "dvar2": 59.8023376465,
        "max": 36.7285423279,
        "mean": 17.4743862152,
        "median": 16.207572937,
        "min": 3.19496870041,
        "stdev": 7.12624311447,
        "var": 50.7833404541
    },
    "melbands_flatness_db": {
        "dmean": 0.036035373807,
        "dmean2": 0.0519981756806,
        "dvar": 0.00116693007294,
        "dvar2": 0.0022965669632,
        "max": 0.485275328159,
        "mean": 0.192581892014,
        "median": 0.179258689284,
        "min": 0.00726183690131,
        "stdev": 0.0716970562935,
        "var": 0.00514046754688
    },
    "melbands_kurtosis": {
        "dmean": 11.8047513962,
        "dmean2": 17.7685565948,
        "dvar": 736.423034668,
        "dvar2": 1457.57141113,
        "max": 429.368927002,
        "mean": 20.5677032471,
        "median": 9.93130779266,
        "min": -1.66872501373,
        "stdev": 38.388633728,
        "var": 1473.68725586
    },
    "melbands_skewness": {
        "dmean": 0.917786896229,
        "dmean2": 1.35412395,
        "dvar": 1.14530777931,
        "dvar2": 2.35265374184,
        "max": 14.6712303162,
        "mean": 3.19952654839,
        "median": 2.85219860077,
        "min": -0.409470945597,
        "stdev": 2.06047701836,
        "var": 4.24556589127
    },
    "melbands_spread": {
        "dmean": 8.76852035522,
        "dmean2": 13.161740303,
        "dvar": 152.705749512,
        "dvar2": 274.105041504,
        "max": 201.575332642,
        "mean": 26.4048881531,
        "median": 21.3137207031,
        "min": 0.503697216511,
        "stdev": 21.720785141,
        "var": 471.792480469
    },
    "pitch_salience": {
        "dmean": 0.0946364030242,
        "dmean2": 0.153272628784,
        "dvar": 0.00628858525306,
        "dvar2": 0.0153566682711,
        "max": 0.816227197647,
        "mean": 0.521006762981,
        "median": 0.540001749992,
        "min": 0.113384738564,
        "stdev": 0.148841440678,
        "var": 0.0221537724137
    },
    "silence_rate_20dB": {
        "dmean": 0,
        "dmean2": 0,
        "dvar": 0,
        "dvar2": 0,
        "max": 1,
        "mean": 1,
        "median": 1,
        "min": 1,
        "stdev": 0,
        "var": 0
    },
    "silence_rate_30dB": {
        "dmean": 0,
        "dmean2": 0,
        "dvar": 0,
        "dvar2": 0,
        "max": 1,
        "mean": 1,
        "median": 1,
        "min": 1,
        "stdev": 0,
        "var": 0
    },
    "silence_rate_60dB": {
        "dmean": 0.0193498451263,
        "dmean2": 0.0387296676636,
        "dvar": 0.0189749598503,
        "dvar2": 0.0403273180127,
        "max": 1,
        "mean": 0.0185614842921,
        "median": 0,
        "min": 0,
        "stdev": 0.134972065687,
        "var": 0.0182174574584
    },
    "spectral_centroid": {
        "dmean": 324.834747314,
        "dmean2": 483.409332275,
        "dvar": 210698.03125,
        "dvar2": 310864.40625,
        "max": 11701.9384766,
        "mean": 1467.36535645,
        "median": 1337.78063965,
        "min": 203.550949097,
        "stdev": 739.204711914,
        "var": 546423.5625
    },
    "spectral_complexity": {
        "dmean": 5.86609888077,
        "dmean2": 8.47560024261,
        "dvar": 56.5632133484,
        "dvar2": 94.2722091675,
        "max": 60,
        "mean": 18.0007724762,
        "median": 16,
        "min": 0,
        "stdev": 10.4258537292,
        "var": 108.698425293
    },
    "spectral_decrease": {
        "dmean": 3.19223514289e-09,
        "dmean2": 4.80779061007e-09,
        "dvar": 1.34219806846e-17,
        "dvar2": 2.75522612385e-17,
        "max": -7.7398031283e-30,
        "mean": -8.08396816154e-09,
        "median": -6.38919805951e-09,
        "min": -2.61969272941e-08,
        "stdev": 5.50803536115e-09,
        "var": 3.03384536958e-17
    },
    "spectral_energy": {
        "dmean": 0.0132677257061,
        "dmean2": 0.0198001954705,
        "dvar": 0.00024511871743,
        "dvar2": 0.000502221751958,
        "max": 0.104758620262,
        "mean": 0.0334353744984,
        "median": 0.0269168671221,
        "min": 1.0589726145e-20,
        "stdev": 0.0224502775818,
        "var": 0.000504014955368
    },
    "spectral_energyband_high": {
        "dmean": 0.00161991349887,
        "dmean2": 0.00228549074382,
        "dvar": 9.56177245826e-06,
        "dvar2": 1.7842883608e-05,
        "max": 0.0226872265339,
        "mean": 0.00231235218234,
        "median": 0.000977739458904,
        "min": 7.72081578807e-21,
        "stdev": 0.00379085866734,
        "var": 1.43706101881e-05
    },
    "spectral_energyband_low": {
        "dmean": 0.00747223757207,
        "dmean2": 0.011311984621,
        "dvar": 0.000101091405668,
        "dvar2": 0.000191872473806,
        "max": 0.0861594304442,
        "mean": 0.0141755491495,
        "median": 0.00700790761039,
        "min": 1.03813438795e-22,
        "stdev": 0.0177907273173,
        "var": 0.000316509947879
    },
    "spectral_energyband_middle_high": {
        "dmean": 0.00183361698873,
        "dmean2": 0.00272535067052,
        "dvar": 5.9145859268e-06,
        "dvar2": 1.27994399008e-05,
        "max": 0.0212407875806,
        "mean": 0.00464216386899,
        "median": 0.0035261544399,
        "min": 1.37734528401e-21,
        "stdev": 0.00410847133026,
        "var": 1.68795359059e-05
    },
    "spectral_energyband_middle_low": {
        "dmean": 0.00725956214592,
        "dmean2": 0.011471032165,
        "dvar": 0.000137989016366,
        "dvar2": 0.000329164147843,
        "max": 0.0778930485249,
        "mean": 0.0122055057436,
        "median": 0.00890833511949,
        "min": 3.6250662755e-22,
        "stdev": 0.0121143888682,
        "var": 0.000146758407936
    },
    "spectral_entropy": {
        "dmean": 0.237373560667,
        "dmean2": 0.333236902952,
        "dvar": 0.0571963824332,
        "dvar2": 0.101832702756,
        "max": 9.80895900726,
        "mean": 7.66777706146,
        "median": 7.63845157623,
        "min": 6.4055109024,
        "stdev": 0.409628003836,
        "var": 0.167795106769
    },
    "spectral_flux": {
        "dmean": 0.0382255539298,
        "dmean2": 0.0571163967252,
        "dvar": 0.00157760980073,
        "dvar2": 0.00324816792272,
        "max": 0.319516390562,
        "mean": 0.105709254742,
        "median": 0.0889486894011,
        "min": 1.02906391741e-10,
        "stdev": 0.0614273659885,
        "var": 0.00377332116477
    },
    "spectral_kurtosis": {
        "dmean": 1.37466073036,
        "dmean2": 2.07981181145,
        "dvar": 4.00733613968,
        "dvar2": 8.8283624649,
        "max": 22.8479290009,
        "mean": 3.61763906479,
        "median": 2.90070962906,
        "min": -1.22202312946,
        "stdev": 2.7245464325,
        "var": 7.42315292358
    },
    "spectral_rms": {
        "dmean": 0.0011205781484,
        "dmean2": 0.00165480095893,
        "dvar": 1.46214824781e-06,
        "dvar2": 2.78565607914e-06,
        "max": 0.0101095763966,
        "mean": 0.00538367778063,
        "median": 0.0051244860515,
        "min": 3.21425568453e-12,
        "stdev": 0.00190679985099,
        "var": 3.63588583241e-06
    },
    "spectral_rolloff": {
        "dmean": 789.51385498,
        "dmean2": 1319.6484375,
        "dvar": 2050391.75,
        "dvar2": 3850259.5,
        "max": 18733.8867188,
        "mean": 1785.0447998,
        "median": 1098.19335938,
        "min": 43.06640625,
        "stdev": 1975.57470703,
        "var": 3902895.25
    },
    "spectral_skewness": {
        "dmean": 0.247687578201,
        "dmean2": 0.358125329018,
        "dvar": 0.0952976942062,
        "dvar2": 0.175812706351,
        "max": 4.15349292755,
        "mean": 1.61910641193,
        "median": 1.58655571938,
        "min": -0.0751914605498,
        "stdev": 0.485680758953,
        "var": 0.235885813832
    },
    "spectral_spread": {
        "dmean": 1007769.9375,
        "dmean2": 1492531.5,
        "dvar": 1.5936094208e+12,
        "dvar2": 2.91807297536e+12,
        "max": 41637980,
        "mean": 6573334.5,
        "median": 6526588.5,
        "min": 2351667.75,
        "stdev": 1942143,
        "var": 3.77191923712e+12
    },
    "spectral_strongpeak": {
        "dmean": 0.514488756657,
        "dmean2": 0.867832005024,
        "dvar": 0.730427384377,
        "dvar2": 1.94200325012,
        "max": 8.11989021301,
        "mean": 0.792130589485,
        "median": 0.496914833784,
        "min": 0,
        "stdev": 1.04397237301,
        "var": 1.0898784399
    },
    "zerocrossingrate": {
        "dmean": 0.0174598339945,
        "dmean2": 0.0195161215961,
        "dvar": 0.000453974935226,
        "dvar2": 0.000547981471755,
        "max": 0.4912109375,
        "mean": 0.0747330859303,
        "median": 0.0712890625,
        "min": 0.00048828125,
        "stdev": 0.0430402159691,
        "var": 0.00185246020555
    },
    "barkbands": {
        "dmean": [0.00245944876224, 0.00583461718634, 0.00279194116592, 0.00215875497088, 0.00375925237313, 0.000954907736741, 0.00110129255336, 0.000643160718028, 0.000412566791056, 0.000261517823674, 0.000298886414384, 0.000188779362361, 0.000276610866422, 0.000269393378403, 0.000305873720208, 0.000250877375947, 0.000316056772135, 0.000299742590869, 0.000289398187306, 0.000287131319055, 0.000323446147377, 0.000406469480367, 0.000201991468202, 0.000238450898905, 0.000277033774182, 0.000192130522919, 2.58501731878e-05],
        "dmean2": [0.00435410859063, 0.0089517319575, 0.00458631338552, 0.00400340138003, 0.00577382137999, 0.00157884287182, 0.00173285487108, 0.000951699272264, 0.000611536146607, 0.000399327574996, 0.000457662012195, 0.00028579053469, 0.000405611557653, 0.000406323233619, 0.000467822770588, 0.00038550311001, 0.000454802880995, 0.00046614461462, 0.000474850821774, 0.000428373285104, 0.000476863235235, 0.00057655677665, 0.000283127184957, 0.000354011252057, 0.000408102700021, 0.000288627285045, 4.14714049839e-05],
        "dvar": [1.33845351229e-05, 9.76791561698e-05, 6.76034615026e-05, 5.55378792342e-05, 6.12776784692e-05, 2.92984645966e-06, 4.19214438807e-06, 1.62537185133e-06, 8.31369675325e-07, 1.38542020522e-07, 2.72878736496e-07, 1.19440002777e-07, 4.15021219169e-07, 4.49950931625e-07, 3.92179600794e-07, 1.62388388958e-07, 2.35183236441e-07, 2.11937049244e-07, 2.99556376149e-07, 2.70565038818e-07, 6.12094424923e-07, 1.01119871943e-06, 1.41602981785e-07, 1.80504045488e-07, 1.65688717857e-07, 8.80941897208e-08, 3.48392115157e-09],
        "dvar2": [4.29010397056e-05, 0.000191326078493, 0.000168565195054, 0.000156641777721, 0.00012761563994, 7.54400707592e-06, 9.75523926172e-06, 3.74717251361e-06, 1.76993796686e-06, 3.13921731276e-07, 5.68472160012e-07, 2.20143178353e-07, 8.29812563552e-07, 9.11871211429e-07, 8.71298539096e-07, 3.69276222045e-07, 4.35149786426e-07, 4.66934011456e-07, 7.54467521347e-07, 5.77377932132e-07, 1.09242898816e-06, 2.1314622245e-06, 2.40863840872e-07, 3.72489893152e-07, 3.46889407865e-07, 1.93235138113e-07, 8.03016586559e-09],
        "max": [0.031625173986, 0.0783585086465, 0.0575929321349, 0.0613230653107, 0.0650994554162, 0.0188201796263, 0.0243341363966, 0.0199769902974, 0.0143724670634, 0.00663118809462, 0.00953593570739, 0.00752107193694, 0.00997289828956, 0.0102834440768, 0.00769847119227, 0.00442025298253, 0.00940348207951, 0.00533883133903, 0.00391704635695, 0.0049991402775, 0.00543069187552, 0.00691690063104, 0.00292932149023, 0.00555683625862, 0.00553170125932, 0.00244084838778, 0.000502751790918],
        "mean": [0.00385091779754, 0.0079946750775, 0.0025607724674, 0.00150738062803, 0.00497193215415, 0.00141856947448, 0.00212838570587, 0.0011869732989, 0.000716620648745, 0.000504403666127, 0.000466497760499, 0.000322799634887, 0.000476227840409, 0.000380735029466, 0.000514811021276, 0.000400361226639, 0.000667158456054, 0.000512316997629, 0.000306426518364, 0.000385057064705, 0.000393522961531, 0.0004566120042, 0.000283714733087, 0.000365452229744, 0.00040524173528, 0.000235157174757, 2.26659776672e-05],
        "median": [0.00215789256617, 0.00319841690361, 0.00034201471135, 0.000198906986043, 0.00202832208015, 0.000594686251134, 0.000805074174423, 0.000287258910248, 0.000234385210206, 0.000208791170735, 0.000164510114701, 0.00013578555081, 0.000124096055515, 9.50829999056e-05, 0.000141622207593, 0.000179962618859, 0.000340105791111, 0.000215023508645, 0.000106257633888, 7.50761610107e-05, 8.53697492857e-05, 6.2527571572e-05, 8.13153747004e-05, 0.000167827252881, 0.000227152442676, 8.86017369339e-05, 2.66155916506e-06],
        "min": [2.50698023527e-24, 3.05350449036e-23, 6.16868465064e-23, 3.38839172184e-23, 1.42825134913e-22, 3.96579593706e-23, 6.29967027078e-23, 3.89106461916e-23, 3.58835565508e-23, 2.54759442343e-23, 4.36433035965e-23, 9.283893841e-23, 1.05036349903e-22, 1.20209035497e-22, 1.72790843124e-22, 1.2267589821e-22, 1.67556845681e-22, 1.7790536285e-22, 2.43692815626e-22, 2.99245965672e-22, 3.41333373662e-22, 5.14294648606e-22, 8.76990274607e-22, 8.21944545139e-22, 1.23305043181e-21, 1.72325228388e-21, 2.29690183673e-21],
        "stdev": [0.00488856434822, 0.0132843349129, 0.00739857368171, 0.00573672307655, 0.00848841387779, 0.00212105340324, 0.00288562406786, 0.0020201660227, 0.00130527140573, 0.0008034199127, 0.000794624560513, 0.000575420854148, 0.00100639311131, 0.000876571342815, 0.00101989402901, 0.000542444759049, 0.00100754038431, 0.000713634712156, 0.000535826722626, 0.000691458932124, 0.000911283947062, 0.00111245899461, 0.000496772699989, 0.000554946134798, 0.000535607687198, 0.00033669223194, 5.66803937545e-05],
        "var": [2.38980628637e-05, 0.000176473564352, 5.47388917767e-05, 3.29099893861e-05, 7.2053167969e-05, 4.49886738352e-06, 8.32682599139e-06, 4.08107052863e-06, 1.70373346009e-06, 6.45483567041e-07, 6.31428179076e-07, 3.31109163199e-07, 1.012827056e-06, 7.68377333316e-07, 1.04018374714e-06, 2.94246319754e-07, 1.0151375136e-06, 5.09274514116e-07, 2.87110253794e-07, 4.78115453006e-07, 8.30438466437e-07, 1.23756490211e-06, 2.46783088187e-07, 3.07965194679e-07, 2.86875575739e-07, 1.13361650733e-07, 3.2126670213e-09]
    },
    "erbbands": {
        "dmean": [0.269622564316, 1.12771606445, 2.84007549286, 5.69258451462, 7.59638118744, 17.9075431824, 8.39893341064, 7.93474578857, 12.2640371323, 18.2617378235, 11.3737602234, 10.9045591354, 8.10790061951, 11.6197071075, 7.85417604446, 8.2662935257, 11.5140638351, 12.1571855545, 16.279504776, 11.5906238556, 12.3761787415, 15.585896492, 18.0713424683, 15.134311676, 13.8793764114, 12.2132310867, 13.2547874451, 13.6372890472, 14.8126182556, 9.30314064026, 5.89013433456, 5.65757703781, 3.5295009613, 3.56080770493, 1.77903366089, 0.903873860836, 0.308933526278, 0.0824854969978, 0.00264434935525, 7.13137415005e-05],
        "dmean2": [0.435947418213, 1.65333521366, 4.39004230499, 9.97587680817, 12.7404298782, 27.2134151459, 13.8674116135, 13.0302438736, 19.5790634155, 28.0123806, 16.6450138092, 15.8980379105, 12.0358667374, 18.2651748657, 11.8483438492, 12.193447113, 16.9376525879, 17.9732341766, 24.088186264, 17.4710769653, 18.5185012817, 22.6371002197, 27.7443180084, 24.8690929413, 21.7941246033, 17.9009590149, 19.0263824463, 19.947977066, 21.5142002106, 13.8579092026, 8.13637447357, 8.19690418243, 5.35518121719, 5.24816036224, 2.67318296432, 1.37777125835, 0.46011736989, 0.128322899342, 0.0042138164863, 0.00010630676843],
        "dvar": [0.123735077679, 6.64616775513, 59.5408096313, 336.726745605, 220.823257446, 1522.60681152, 307.749633789, 224.985076904, 439.244354248, 1426.93908691, 433.013549805, 563.043823242, 171.024230957, 446.404266357, 131.229034424, 256.765838623, 655.038391113, 688.326721191, 1382.2010498, 399.585632324, 372.081634521, 484.126983643, 729.567016602, 886.032043457, 591.465270996, 478.295471191, 925.884277344, 1154.64123535, 1405.15258789, 461.563995361, 120.83442688, 88.0841827393, 47.2070884705, 32.4351654053, 6.67636108398, 1.8462690115, 0.22983199358, 0.0250577963889, 3.55013435183e-05, 1.44997365226e-08],
        "dvar2": [0.297539174557, 12.7590799332, 139.267562866, 887.071533203, 564.076843262, 3164.33447266, 815.124633789, 566.336425781, 1090.92358398, 3493.39624023, 866.917236328, 1174.27087402, 340.611663818, 891.043579102, 274.524139404, 443.83291626, 1245.5012207, 1358.06140137, 3201.20068359, 950.215148926, 799.860595703, 969.26965332, 1564.47558594, 2220.06176758, 1442.12963867, 980.246520996, 1590.16430664, 2289.57446289, 3164.1496582, 963.372680664, 209.677810669, 182.547943115, 99.4690856934, 71.8869400024, 14.0709781647, 3.93744206429, 0.508191943169, 0.0573777519166, 8.55971084093e-05, 3.29637472873e-08],
        "max": [3.18291020393, 18.8207855225, 51.3440895081, 144.289398193, 114.991241455, 324.443817139, 174.810714722, 227.080383301, 292.758605957, 619.747497559, 337.652801514, 336.686340332, 266.270385742, 425.681488037, 173.213043213, 381.054077148, 425.769104004, 390.768585205, 498.352905273, 246.30632019, 264.392333984, 297.084472656, 374.639404297, 232.28855896, 187.046264648, 201.098999023, 240.644500732, 258.710357666, 271.840026855, 154.487838745, 87.7029418945, 103.663421631, 105.400054932, 90.8303833008, 29.5941295624, 13.1409006119, 4.30513048172, 1.16377067566, 0.0508484095335, 0.000925076601561],
        "mean": [0.328342318535, 1.43528306484, 2.99517703056, 4.57419109344, 8.59634399414, 22.6116161346, 10.5916976929, 12.1149015427, 25.3013935089, 34.1946525574, 20.4644565582, 19.735294342, 16.2861404419, 18.430015564, 15.1966686249, 15.8887901306, 20.7723426819, 21.4406681061, 26.5347824097, 20.3130607605, 24.2246932983, 33.3381385803, 35.0654296875, 18.0258159637, 17.3733921051, 17.0483551025, 15.6494522095, 16.1398506165, 16.2410488129, 11.6539430618, 8.02474212646, 8.54264354706, 5.26806020737, 5.1451420784, 2.47364830971, 1.17756211758, 0.36914101243, 0.0818563252687, 0.00242812535726, 0.000101844598248],
        "median": [0.133963629603, 0.448025137186, 0.645800888538, 0.841510534286, 3.02700924873, 7.43193149567, 4.36919593811, 5.33285903931, 10.2323503494, 15.8109340668, 7.50768089294, 7.49679994583, 6.38410186768, 9.09989452362, 6.31312799454, 6.70064735413, 5.92955303192, 6.39673280716, 7.151304245, 10.0266103745, 11.6957483292, 17.5844898224, 18.9689159393, 6.43768835068, 7.09221887589, 3.17132949829, 2.77381515503, 3.48337221146, 2.51901531219, 1.84249103069, 2.52561473846, 3.82926297188, 2.41441988945, 2.64651107788, 1.34887528419, 0.473334252834, 0.13319157064, 0.0188245046884, 0.000474768865388, 5.66958406125e-05],
        "min": [2.85621012553e-22, 9.62597429749e-21, 6.59202848363e-20, 8.69676951899e-20, 3.59439832205e-19, 5.09339357312e-19, 2.04363242137e-19, 4.78034500234e-19, 1.02159638744e-18, 7.92626745126e-19, 5.48858893353e-19, 8.23869356862e-19, 9.10082514699e-19, 1.48704512786e-18, 1.97354851e-18, 4.07957330382e-18, 5.97699121217e-18, 6.4580806972e-18, 7.02914427182e-18, 7.81459941273e-18, 7.77381279109e-18, 9.22219942623e-18, 1.03616853878e-17, 1.07744956627e-17, 1.11563768274e-17, 1.44211031952e-17, 1.25672251792e-17, 1.56317217263e-17, 1.89713757684e-17, 1.89091287729e-17, 2.64906047008e-17, 1.69285804538e-17, 1.51777517713e-17, 1.48718173674e-17, 7.96312879071e-18, 6.79599018128e-18, 3.19001789641e-18, 1.20354758447e-18, 3.1834092403e-19, 3.31758329941e-20],
        "stdev": [0.480709969997, 3.02357983589, 7.55580663681, 15.3197622299, 13.8783121109, 42.2814178467, 17.7366828918, 19.1294231415, 32.9575271606, 47.2293205261, 33.3447227478, 34.6263885498, 30.277677536, 29.9328651428, 23.639081955, 27.8837108612, 41.9034461975, 41.8925895691, 51.0401725769, 28.2667694092, 32.8985290527, 43.2876358032, 44.6578979492, 29.6454620361, 26.423406601, 30.3858642578, 36.1994590759, 38.0002708435, 39.8454284668, 25.2412605286, 14.1299657822, 12.4768428802, 8.9000787735, 7.24661827087, 3.26523733139, 1.61516594887, 0.539292097092, 0.157559037209, 0.00557369133458, 0.000128068728372],
        "var": [0.231082081795, 9.14203548431, 57.0902137756, 234.695114136, 192.607543945, 1787.71813965, 314.589904785, 365.934844971, 1086.1986084, 2230.60888672, 1111.87060547, 1198.98681641, 916.737731934, 895.97644043, 558.806152344, 777.501281738, 1755.89868164, 1754.98913574, 2605.09912109, 799.010253906, 1082.31311035, 1873.81945801, 1994.32775879, 878.85345459, 698.196411133, 923.30078125, 1310.40087891, 1444.02050781, 1587.65820312, 637.121276855, 199.655929565, 155.671600342, 79.2114028931, 52.5134735107, 10.661775589, 2.60876107216, 0.290835976601, 0.0248248521239, 3.1066036172e-05, 1.64015983017e-08]
    },
    "gfcc": {
        "mean": [26.8007202148, 58.1337203979, -94.0158081055, 24.436208725, -56.6256103516, 14.5265436172, -50.6331253052, 22.2332324982, -25.2005176544, 8.48139095306, -15.8252048492, 8.28734970093, -11.5474653244],
        "cov": [[5381.56494141, -1497.81933594, -170.985214233, 347.11895752, -399.127227783, -180.419631958, -172.781280518, -203.460266113, -205.899932861, -9.45480155945, -312.804321289, 113.792747498, -134.120788574], [-1497.81933594, 1202.99255371, 97.8801651001, -162.151672363, 316.893890381, 181.076034546, 148.906402588, 189.797897339, 184.463531494, 19.7271461487, 221.782913208, -18.4649524689, 46.8643722534], [-170.985214233, 97.8801651001, 861.468383789, 341.532623291, 260.088195801, 114.041542053, 84.6122436523, 121.538085938, 99.302772522, 28.5958061218, 21.0003395081, 65.4954376221, 14.8016748428], [347.11895752, -162.151672363, 341.532623291, 488.450958252, 113.737350464, 10.9232597351, 45.1959609985, 67.565071106, 88.8435668945, 20.7954750061, -8.43619346619, 52.2408103943, 64.7497711182], [-399.127227783, 316.893890381, 260.088195801, 113.737350464, 341.802764893, 96.0972518921, 77.0940704346, 143.012313843, 113.563796997, 48.9041557312, 74.5878219604, 15.2441530228, 25.4273414612], [-180.419631958, 181.076034546, 114.041542053, 10.9232597351, 96.0972518921, 224.498184204, 112.059455872, 75.5422286987, 63.5094261169, 30.7095432281, 91.9036865234, 11.3151950836, -0.96106672287], [-172.781280518, 148.906402588, 84.6122436523, 45.1959609985, 77.0940704346, 112.059455872, 208.621276855, 32.6597557068, 48.3091850281, 30.4969406128, 64.8934783936, 37.9651412964, 0.807850718498], [-203.460266113, 189.797897339, 121.538085938, 67.565071106, 143.012313843, 75.5422286987, 32.6597557068, 189.843490601, 102.843482971, 31.2824707031, 76.9554748535, 18.7492218018, 40.5753593445], [-205.899932861, 184.463531494, 99.302772522, 88.8435668945, 113.563796997, 63.5094261169, 48.3091850281, 102.843482971, 158.514892578, 48.5798606873, 57.7391815186, 26.9035377502, 35.0536994934], [-9.45480155945, 19.7271461487, 28.5958061218, 20.7954750061, 48.9041557312, 30.7095432281, 30.4969406128, 31.2824707031, 48.5798606873, 102.451759338, 34.6172828674, 12.700003624, 15.3929290771], [-312.804321289, 221.782913208, 21.0003395081, -8.43619346619, 74.5878219604, 91.9036865234, 64.8934783936, 76.9554748535, 57.7391815186, 34.6172828674, 133.522460938, 18.798248291, 17.4024791718], [113.792747498, -18.4649524689, 65.4954376221, 52.2408103943, 15.2441530228, 11.3151950836, 37.9651412964, 18.7492218018, 26.9035377502, 12.700003624, 18.798248291, 113.364868164, 34.6044845581], [-134.120788574, 46.8643722534, 14.8016748428, 64.7497711182, 25.4273414612, -0.96106672287, 0.807850718498, 40.5753593445, 35.0536994934, 15.3929290771, 17.4024791718, 34.6044845581, 90.4278640747]],
        "icov": [[0.000348973087966, 0.000215861291508, 0.000221099631744, -0.000401535187848, 0.000130585365696, -0.000251989462413, 0.000203126037377, -0.000281231361441, 0.000238917651586, -0.000285251415335, 0.000513369799592, -0.000639184028842, 0.000843766378239], [0.000215861291508, 0.00243136123754, -0.000220077650738, 0.00144782231655, -0.00145777210128, 0.000302417698549, -0.000747026351746, 0.000353277835529, -0.00193088222295, 0.00176931964234, -0.0022506986279, 0.000989564461634, -0.00117751793005], [0.000221099631744, -0.000220077650738, 0.00237814499997, -0.00180944614112, -0.000893907272257, -0.00111914274748, 0.000479167501908, -0.000649884343147, 0.00085298565682, -0.000426030426752, 0.00152277678717, -0.00161950103939, 0.00194369652309], [-0.000401535187848, 0.00144782231655, -0.00180944614112, 0.00518834777176, -0.00118870101869, 0.00132571731228, -0.00154845637735, 0.000783440773375, -0.00308538111858, 0.00193253555335, -0.00154179905076, 0.00178581825458, -0.00427373126149], [0.000130585365696, -0.00145777210128, -0.000893907272257, -0.00118870101869, 0.00668739108369, -0.000277016806649, -0.000243257367401, -0.00289980601519, 0.000243988499278, -0.00212855869904, 0.00131109647918, -8.32901132526e-05, 0.00141391763464], [-0.000251989462413, 0.000302417698549, -0.00111914274748, 0.00132571731228, -0.000277016806649, 0.00851778127253, -0.00339805311523, -0.0006858833367, -0.00134218879975, 0.000666961073875, -0.00430933292955, 0.00181000435259, -0.000246586569119], [0.000203126037377, -0.000747026351746, 0.000479167501908, -0.00154845637735, -0.000243257367401, -0.00339805311523, 0.00811168923974, 0.00124324543867, 0.000518651097082, -0.00141507200897, -0.000379116623662, -0.00307674938813, 0.00241089286283], [-0.000281231361441, 0.000353277835529, -0.000649884343147, 0.000783440773375, -0.00289980601519, -0.0006858833367, 0.00124324543867, 0.0117526501417, -0.00477630645037, 0.00171950564254, -0.00446607358754, 0.00122764171101, -0.00358277535997], [0.000238917651586, -0.00193088222295, 0.00085298565682, -0.00308538111858, 0.000243988499278, -0.00134218879975, 0.000518651097082, -0.00477630645037, 0.0142770400271, -0.0049743745476, 0.00201530708, -0.00248712394387, 0.00135659927037], [-0.000285251415335, 0.00176931964234, -0.000426030426752, 0.00193253555335, -0.00212855869904, 0.000666961073875, -0.00141507200897, 0.00171950564254, -0.0049743745476, 0.0138923795894, -0.00427163112909, 0.00159765395802, -0.00303320772946], [0.000513369799592, -0.0022506986279, 0.00152277678717, -0.00154179905076, 0.00131109647918, -0.00430933292955, -0.000379116623662, -0.00446607358754, 0.00201530708, -0.00427163112909, 0.0175196062773, -0.00354003626853, 0.00230446318164], [-0.000639184028842, 0.000989564461634, -0.00161950103939, 0.00178581825458, -8.32901132526e-05, 0.00181000435259, -0.00307674938813, 0.00122764171101, -0.00248712394387, 0.00159765395802, -0.00354003626853, 0.0134462192655, -0.00672730663791], [0.000843766378239, -0.00117751793005, 0.00194369652309, -0.00427373126149, 0.00141391763464, -0.000246586569119, 0.00241089286283, -0.00358277535997, 0.00135659927037, -0.00303320772946, 0.00230446318164, -0.00672730663791, 0.0189694482833]]
    },
    "melbands": {
        "dmean": [0.00201399624348, 0.00122014153749, 0.000935053394642, 0.000970885681454, 0.000356574601028, 0.000176520494279, 0.000205433767405, 0.000190097955056, 8.72704040376e-05, 6.83011530782e-05, 3.83863007301e-05, 4.53939610452e-05, 3.03153083223e-05, 2.15960317291e-05, 2.46396521106e-05, 2.66013521468e-05, 2.46592881012e-05, 2.71660373983e-05, 2.29764518735e-05, 1.91016242752e-05, 1.44213472595e-05, 1.54646859301e-05, 1.93707328435e-05, 1.48048948176e-05, 1.28654110085e-05, 1.04951959656e-05, 1.14472250061e-05, 7.44504313843e-06, 8.61202533997e-06, 7.68758127379e-06, 8.57154009282e-06, 8.98386952031e-06, 6.87773308528e-06, 4.54105702374e-06, 3.43453393725e-06, 3.56903183274e-06, 3.4524853163e-06, 2.36375785789e-06, 3.17047033604e-06, 3.11355006488e-06],
        "dmean2": [0.00326650822535, 0.00158226536587, 0.00160724367015, 0.00150091410615, 0.000556056795176, 0.000288979907054, 0.00032410689164, 0.000288209732389, 0.000127600127598, 0.000100094264781, 5.73124925722e-05, 7.13046465535e-05, 4.66684468847e-05, 3.24828361045e-05, 3.57264652848e-05, 3.92414804082e-05, 3.61552702088e-05, 4.09809326811e-05, 3.47720560967e-05, 2.95829577226e-05, 2.15402887989e-05, 2.22826729441e-05, 2.95646623272e-05, 2.26606389333e-05, 2.14994743146e-05, 1.70504263224e-05, 1.72949530679e-05, 1.14050071716e-05, 1.26353179439e-05, 1.11777917482e-05, 1.25524074974e-05, 1.30634216475e-05, 1.0076369108e-05, 7.05710726834e-06, 4.68654525321e-06, 5.25436144017e-06, 5.12151382281e-06, 3.5568803014e-06, 4.98139752381e-06, 4.63699416287e-06],
        "dvar": [7.78647699917e-06, 7.60996772442e-06, 7.62256740927e-06, 4.10908523918e-06, 4.97562723467e-07, 1.03866860002e-07, 1.2425739726e-07, 1.46231315057e-07, 2.83336323292e-08, 2.20777316429e-08, 4.01976718578e-09, 6.53268239503e-09, 2.12742556904e-09, 1.45498868509e-09, 3.35179706212e-09, 3.50664808302e-09, 2.99032709705e-09, 5.24356513765e-09, 2.65332689153e-09, 9.48299327952e-10, 5.78138981133e-10, 5.18444620567e-10, 7.66608054814e-10, 5.58238510973e-10, 7.28180515885e-10, 3.32906868739e-10, 4.8747517134e-10, 1.9048557176e-10, 3.82194303983e-10, 3.1941094214e-10, 4.77791084474e-10, 5.20317455788e-10, 2.81101059096e-10, 1.00995711794e-10, 4.43570839781e-11, 3.54115625711e-11, 3.35323158129e-11, 2.08730636941e-11, 3.92194957066e-11, 2.24193094644e-11],
        "dvar2": [1.73414246092e-05, 1.34124775286e-05, 1.98876823561e-05, 8.6805812316e-06, 1.20294816952e-06, 2.59488643906e-07, 3.02401986119e-07, 3.57903417125e-07, 5.74037706258e-08, 4.40238281385e-08, 8.07759548138e-09, 1.31890205424e-08, 4.70726435609e-09, 2.7551936288e-09, 6.02756644597e-09, 7.51398765431e-09, 5.79012704449e-09, 1.24095596021e-08, 5.95477622767e-09, 2.17952966786e-09, 1.1856480242e-09, 9.861534922e-10, 1.68725022842e-09, 1.21710330703e-09, 1.86536430746e-09, 8.21512191607e-10, 1.15468679063e-09, 3.77559150611e-10, 6.58629539796e-10, 5.50202328142e-10, 1.02845987282e-09, 1.16806286865e-09, 6.18533335661e-10, 2.0220357333e-10, 7.52445744601e-11, 7.21514167856e-11, 7.02467806146e-11, 4.23620027945e-11, 9.49072001544e-11, 4.84951419299e-11],
        "max": [0.0235602576286, 0.0218758806586, 0.0222187750041, 0.017010031268, 0.00586925307289, 0.00458319205791, 0.0049455286935, 0.00605501048267, 0.00250474922359, 0.00185265496839, 0.00129758636467, 0.0016362859169, 0.000676443974953, 0.000887396396138, 0.00111005664803, 0.00077658588998, 0.000888657290488, 0.00094151601661, 0.000676211144309, 0.000282182212686, 0.000436565547716, 0.000402793579269, 0.000328615045873, 0.000290672032861, 0.00021302033565, 0.000114500435302, 0.000238288484979, 0.000111588735308, 0.000164164695889, 0.000133738329168, 0.000169868129888, 0.00016421249893, 0.000117154748295, 7.11930697435e-05, 5.47997515241e-05, 6.99600423104e-05, 7.04322592355e-05, 7.16029535397e-05, 7.3898678238e-05, 8.13469523564e-05],
        "mean": [0.00279420264997, 0.00166759721469, 0.000836516206618, 0.00122684135567, 0.000471883045975, 0.000271293480182, 0.000421666307375, 0.000358200079063, 0.000149355575559, 0.000120939330372, 7.54659995437e-05, 6.99351076037e-05, 5.04545132571e-05, 4.21955373895e-05, 4.45843652415e-05, 4.28318962804e-05, 3.98395131924e-05, 3.94873168261e-05, 3.7431196688e-05, 2.94631427096e-05, 2.73201821983e-05, 3.23025633406e-05, 3.78776130674e-05, 2.56854727922e-05, 1.30768739837e-05, 1.17209483506e-05, 1.45515759868e-05, 1.01626073956e-05, 9.83447353065e-06, 9.01219937077e-06, 9.5411824077e-06, 9.58646251092e-06, 7.86703731137e-06, 5.94474522586e-06, 4.49733079222e-06, 4.89194826514e-06, 5.22917980561e-06, 3.49388005816e-06, 3.9791520976e-06, 4.52290305475e-06],
        "median": [0.00130319083109, 0.000470470055006, 0.000209647172596, 0.000420268188464, 0.000230876728892, 0.000112345762318, 0.000168344718986, 0.000163908000104, 4.9277288781e-05, 4.16749608121e-05, 2.64530699496e-05, 3.1825806218e-05, 1.95832508325e-05, 2.03763611353e-05, 1.23560812426e-05, 1.21190469144e-05, 1.00754177765e-05, 9.79886863206e-06, 1.03148413473e-05, 1.30311827888e-05, 1.22511528389e-05, 1.62010746863e-05, 2.09080644709e-05, 9.91683918983e-06, 3.73907869289e-06, 4.42389409727e-06, 3.5008715713e-06, 1.52922291363e-06, 1.33931121127e-06, 1.81659629561e-06, 1.72340514837e-06, 1.4025939663e-06, 9.97495817501e-07, 1.00739737263e-06, 1.17954789403e-06, 1.79109861165e-06, 2.2391316179e-06, 1.43030047184e-06, 1.54240262873e-06, 2.31920876104e-06],
        "min": [5.28513653431e-24, 2.63541815024e-23, 2.31408181361e-23, 3.49885212787e-23, 1.00309722551e-23, 1.09929897067e-23, 1.34234180909e-23, 8.85345614792e-24, 3.90658671964e-24, 5.44293474776e-24, 4.46217277772e-24, 5.65058384283e-24, 6.17797285671e-24, 9.88685841173e-24, 1.13085261802e-23, 1.31470887932e-23, 1.06758068805e-23, 9.67151595068e-24, 1.1981811863e-23, 1.02465908174e-23, 9.51416107706e-24, 1.09929699852e-23, 8.42953649695e-24, 7.54961658857e-24, 8.92517938142e-24, 9.68911859292e-24, 7.14214310976e-24, 1.03896546869e-23, 6.97168604536e-24, 8.5767332087e-24, 9.10138487524e-24, 9.7743597469e-24, 1.18803185967e-23, 9.68353819088e-24, 1.56751663246e-23, 1.36954346859e-23, 9.05217652083e-24, 8.43970018085e-24, 1.59593660874e-23, 1.09750628426e-23],
        "stdev": [0.00390977878124, 0.00348142278381, 0.00234609586187, 0.00217604148202, 0.000739510927815, 0.000429871608503, 0.000543725327589, 0.000500996771734, 0.000259444495896, 0.000223161041504, 0.000149158600834, 0.000114600145025, 7.61571282055e-05, 6.7286498961e-05, 9.83917707345e-05, 8.43065790832e-05, 8.55474136188e-05, 8.63770910655e-05, 8.21804205771e-05, 4.03790691053e-05, 4.28122111771e-05, 4.56922389276e-05, 4.70109844173e-05, 3.76327807317e-05, 2.55180184467e-05, 1.87723926501e-05, 2.76783957815e-05, 1.86335309991e-05, 2.32730599237e-05, 2.08354722417e-05, 2.34478502534e-05, 2.40076224145e-05, 1.85713652172e-05, 1.22605542856e-05, 8.55621692608e-06, 7.59405111239e-06, 7.72556904849e-06, 6.14914324615e-06, 7.14086445441e-06, 6.1469877437e-06],
        "var": [1.52863703988e-05, 1.21203038361e-05, 5.50416598344e-06, 4.73515683552e-06, 5.46876435692e-07, 1.84789598734e-07, 2.9563722137e-07, 2.509977719e-07, 6.73114399774e-08, 4.9800853219e-08, 2.22482867684e-08, 1.31331931996e-08, 5.79990855343e-09, 4.52747306312e-09, 9.68094049369e-09, 7.10759984202e-09, 7.31835969603e-09, 7.4610024825e-09, 6.753622106e-09, 1.63046920409e-09, 1.83288539901e-09, 2.0877808371e-09, 2.21003282341e-09, 1.41622624739e-09, 6.51169229648e-10, 3.52402718118e-10, 7.66093632976e-10, 3.47208484186e-10, 5.41635347684e-10, 4.34116881332e-10, 5.49801648653e-10, 5.76365954963e-10, 3.44895584314e-10, 1.50321186054e-10, 7.32088487054e-11, 5.76696156107e-11, 5.96844101919e-11, 3.78119618949e-11, 5.09919433067e-11, 3.77854587896e-11]
    },
    "melbands128": {
