{
"lowlevel": {
    "average_loudness": 0.924185752869,
    "barkbands_crest": {
        "dmean": 1.93343496323,
        "dmean2": 3.0641541481,
        "dvar": 5.65973997116,
        "dvar2": 13.923573494,
        "max": 24.1210689545,
        "mean": 13.4327402115,
        "median": 12.9915781021,
        "min": 3.42706871033,
        "stdev": 4.73767757416,
        "var": 22.4455909729
    },
    "barkbands_flatness_db": {
        "dmean": 0.0232700780034,
        "dmean2": 0.0333921089768,
        "dvar": 0.000624876469374,
        "dvar2": 0.00115232635289,
        "max": 0.38548579812,
        "mean": 0.199845388532,
        "median": 0.205025374889,
        "min": 0.044992364943,
        "stdev": 0.0543882325292,
        "var": 0.00295808003284
    },
    "barkbands_kurtosis": {
        "dmean": 8.71686935425,
        "dmean2": 12.4324874878,
        "dvar": 306.313842773,
        "dvar2": 544.090698242,
        "max": 220.058151245,
        "mean": 18.2574100494,
        "median": 7.79179096222,
        "min": -1.83494722843,
        "stdev": 28.8922367096,
        "var": 834.761291504
    },
    "barkbands_skewness": {
        "dmean": 0.769119977951,
        "dmean2": 1.06587803364,
        "dvar": 0.908463537693,
        "dvar2": 1.49793601036,
        "max": 12.0019159317,
        "mean": 3.05494832993,
        "median": 2.4772734642,
        "min": -1.87156677246,
        "stdev": 2.24769639969,
        "var": 5.05213880539
    },
    "barkbands_spread": {
        "dmean": 4.62479400635,
        "dmean2": 6.8874912262,
        "dvar": 43.4725036621,
        "dvar2": 87.6200027466,
        "max": 89.8465652466,
        "mean": 13.6802129745,
        "median": 10.4698095322,
        "min": 0.59760260582,
        "stdev": 10.8195114136,
        "var": 117.061820984
    },
    "dissonance": {
        "dmean": 0.0282957591116,
        "dmean2": 0.0479619950056,
        "dvar": 0.000908637535758,
        "dvar2": 0.00238122488372,
        "max": 0.499586820602,
        "mean": 0.446923017502,
        "median": 0.455548137426,
        "min": 0.0473699755967,
        "stdev": 0.0377402715385,
        "var": 0.00142432795838
    },
    "dynamic_complexity": 1.9661334753,
    "erbbands_crest": {
        "dmean": 3.40518379211,
        "dmean2": 5.05216360092,
        "dvar": 10.0920782089,
        "dvar2": 21.444732666,
        "max": 32.0491638184,
        "mean": 12.2276535034,
        "median": 10.5192403793,
        "min": 2.71396613121,
        "stdev": 6.47576713562,
        "var": 41.9355583191
    },
    "erbbands_flatness_db": {
        "dmean": 0.0197484139353,
        "dmean2": 0.0281284227967,
        "dvar": 0.000338947487762,
        "dvar2": 0.00070941215381,
        "max": 0.323641479015,
        "mean": 0.163766980171,
        "median": 0.158704519272,
        "min": 0.0434219129384,
        "stdev": 0.0562578253448,
        "var": 0.00316494307481
    },
    "erbbands_kurtosis": {
        "dmean": 1.7203514576,
        "dmean2": 2.52195930481,
        "dvar": 5.30390930176,
        "dvar2": 11.724902153,
        "max": 31.6959457397,
        "mean": 2.54802465439,
        "median": 1.24074983597,
        "min": -1.69921910763,
        "stdev": 4.20869112015,
        "var": 17.7130794525
    },
    "erbbands_skewness": {
        "dmean": 0.430870980024,
        "dmean2": 0.617215752602,
        "dvar": 0.181758970022,
        "dvar2": 0.331374615431,
        "max": 4.27010011673,
        "mean": 0.868545651436,
        "median": 0.880571901798,
        "min": -3.69185376167,
        "stdev": 0.966521859169,
        "var": 0.934164524078
    },
    "erbbands_spread": {
        "dmean": 9.67421340942,
        "dmean2": 14.3040494919,
        "dvar": 120.8723526,
        "dvar2": 282.215057373,
        "max": 147.886306763,
        "mean": 36.1137809753,
        "median": 30.8945579529,
        "min": 4.63635873795,
        "stdev": 22.0801544189,
        "var": 487.533203125
    },
    "hfc": {
        "dmean": 13.2481403351,
        "dmean2": 18.7038154602,
        "dvar": 631.016479492,
        "dvar2": 1085.49865723,
        "max": 305.759490967,
        "mean": 38.4725532532,
        "median": 33.2473678589,
        "min": 1.18833534423e-16,
        "stdev": 35.1552886963,
        "var": 1235.89428711
    },
    "loudness_ebu128": {
        "integrated": -9.0033531189,
        "loudness_range": 4.98827028275,
        "momentary": {
            "dmean": 0.572075128555,
            "dmean2": 0.608050525188,
            "dvar": 0.228410899639,
            "dvar2": 0.33757019043,
            "max": -6.34950828552,
            "mean": -9.68855857849,
            "median": -8.90021705627,
            "min": -19.7660083771,
            "stdev": 2.7137606144,
            "var": 7.36449623108
        },
        "short_term": {
            "dmean": 0.0993338525295,
            "dmean2": 0.0785276442766,
            "dvar": 0.00685306545347,
            "dvar2": 0.00441454071552,
            "max": -7.70211315155,
            "mean": -9.47633171082,
            "median": -8.61576271057,
            "min": -15.1710929871,
            "stdev": 1.97040081024,
            "var": 3.88247919083
        }
    },
    "melbands_crest": {
        "dmean": 2.62588238716,
        "dmean2": 4.04267644882,
        "dvar": 12.6528425217,
        "dvar2": 27.7568798065,
        "max": 38.6752586365,
        "mean": 24.6956214905,
        "median": 29.0091629028,
        "min": 2.4355738163,
        "stdev": 10.9227781296,
        "var": 119.30708313
    },
    "melbands_flatness_db": {
        "dmean": 0.0249353647232,
        "dmean2": 0.0351235531271,
        "dvar": 0.000868029543199,
        "dvar2": 0.00135669542942,
        "max": 0.502403616905,
        "mean": 0.259698420763,
        "median": 0.270931571722,
        "min": 0.00685371365398,
        "stdev": 0.085057720542,
        "var": 0.00723481597379
    },
    "melbands_kurtosis": {
        "dmean": 21.595123291,
        "dmean2": 31.0024814606,
        "dvar": 2423.90869141,
        "dvar2": 4795.28710938,
        "max": 809.776977539,
        "mean": 45.7430648804,
        "median": 14.4659767151,
        "min": -1.59735906124,
        "stdev": 78.8965454102,
        "var": 6224.66455078
    },
    "melbands_skewness": {
        "dmean": 1.15016937256,
        "dmean2": 1.6315407753,
        "dvar": 2.49185276031,
        "dvar2": 4.54391002655,
        "max": 26.0907363892,
        "mean": 4.38962268829,
        "median": 3.25115942955,
        "min": -0.606556355953,
        "stdev": 3.68499422073,
        "var": 13.5791826248
    },
    "melbands_spread": {
        "dmean": 4.99955701828,
        "dmean2": 7.17442893982,
        "dvar": 125.264503479,
        "dvar2": 225.534210205,
        "max": 189.354309082,
        "mean": 14.1589326859,
        "median": 10.2455635071,
        "min": 0.380377173424,
        "stdev": 16.5533466339,
        "var": 274.013305664
    },
    "pitch_salience": {
        "dmean": 0.0662656202912,
        "dmean2": 0.102607026696,
        "dvar": 0.00609490321949,
        "dvar2": 0.013970089145,
        "max": 0.82151722908,
        "mean": 0.41260266304,
        "median": 0.368194907904,
        "min": 0.0453862249851,
        "stdev": 0.207315057516,
        "var": 0.0429795347154
    },
    "silence_rate_20dB": {
        "dmean": 0.00464396271855,
        "dmean2": 0.00929511990398,
        "dvar": 0.00462235510349,
        "dvar2": 0.0138563709334,
        "max": 1,
        "mean": 0.997679829597,
        "median": 1,
        "min": 0,
        "stdev": 0.0481123477221,
        "var": 0.00231479806826
    },
    "silence_rate_30dB": {
        "dmean": 0.0263157896698,
        "dmean2": 0.0518977530301,
        "dvar": 0.0256231538951,
        "dvar2": 0.0538517646492,
        "max": 1,
        "mean": 0.459396749735,
        "median": 0,
        "min": 0,
        "stdev": 0.498350948095,
        "var": 0.248353660107
    },
    "silence_rate_60dB": {
        "dmean": 0.00386996893212,
        "dmean2": 0.00774593325332,
        "dvar": 0.00385497976094,
        "dvar2": 0.00923515483737,
        "max": 1,
        "mean": 0.00386697612703,
        "median": 0,
        "min": 0,
        "stdev": 0.0620641708374,
        "var": 0.00385196111165
    },
    "spectral_centroid": {
        "dmean": 276.042388916,
        "dmean2": 383.949859619,
        "dvar": 213057.859375,
        "dvar2": 295337.875,
        "max": 11127.4033203,
        "mean": 1343.66052246,
        "median": 1153.03125,
        "min": 220.705780029,
        "stdev": 696.62512207,
        "var": 485286.59375
    },
    "spectral_complexity": {
        "dmean": 3.24303412437,
        "dmean2": 4.87683963776,
        "dvar": 20.991979599,
        "dvar2": 30.3481063843,
        "max": 62,
        "mean": 17.1554527283,
        "median": 16,
        "min": 0,
        "stdev": 7.85934638977,
        "var": 61.769329071
    },
    "spectral_decrease": {
        "dmean": 4.47120074298e-09,
        "dmean2": 7.19758519452e-09,
        "dvar": 6.80163022957e-17,
        "dvar2": 1.44599667874e-16,
        "max": 3.04452190507e-30,
        "mean": -3.4753824707e-08,
        "median": -4.45438494978e-08,
        "min": -1.06874551875e-07,
        "stdev": 2.79439067441e-08,
        "var": 7.80861939321e-16
    },
    "spectral_energy": {
        "dmean": 0.0172842890024,
        "dmean2": 0.0276878401637,
        "dvar": 0.000990139320493,
        "dvar2": 0.00208950741217,
        "max": 0.406988382339,
        "mean": 0.134658664465,
        "median": 0.172859609127,
        "min": 1.07670546044e-20,
        "stdev": 0.106183104217,
        "var": 0.0112748518586
    },
    "spectral_energyband_high": {
        "dmean": 0.00106768775731,
        "dmean2": 0.00154283642769,
        "dvar": 4.59669445263e-06,
        "dvar2": 7.58261330702e-06,
        "max": 0.0204530097544,
        "mean": 0.00179657363333,
        "median": 0.000729227205738,
        "min": 7.84209468304e-21,
        "stdev": 0.00307204341516,
        "var": 9.43745089899e-06
    },
    "spectral_energyband_low": {
        "dmean": 0.013680475764,
        "dmean2": 0.0208090208471,
        "dvar": 0.000948539294768,
        "dvar2": 0.00202682358213,
        "max": 0.387996733189,
        "mean": 0.105824515224,
        "median": 0.135541975498,
        "min": 5.16943201764e-23,
        "stdev": 0.102473080158,
        "var": 0.0105007328093
    },
    "spectral_energyband_middle_high": {
        "dmean": 0.00460151350126,
        "dmean2": 0.0063734985888,
        "dvar": 8.42174558784e-05,
        "dvar2": 0.00015411475033,
        "max": 0.112723685801,
        "mean": 0.0102974260226,
        "median": 0.00621847389266,
        "min": 1.46556027952e-21,
        "stdev": 0.0131755890325,
        "var": 0.000173596155946
    },
    "spectral_energyband_middle_low": {
        "dmean": 0.00510915601626,
        "dmean2": 0.00773291802034,
        "dvar": 5.85027155466e-05,
        "dvar2": 0.000150044361362,
        "max": 0.0962285995483,
        "mean": 0.0145750381052,
        "median": 0.0115289753303,
        "min": 4.00590332942e-22,
        "stdev": 0.0108982464299,
        "var": 0.000118771771668
    },
    "spectral_entropy": {
        "dmean": 0.189016506076,
        "dmean2": 0.277588963509,
        "dvar": 0.0391446575522,
        "dvar2": 0.0797417759895,
        "max": 9.79316997528,
        "mean": 7.56516838074,
        "median": 7.52199220657,
        "min": 6.53091526031,
        "stdev": 0.387775629759,
        "var": 0.150369942188
    },
    "spectral_flux": {
        "dmean": 0.0394628942013,
        "dmean2": 0.0618988126516,
        "dvar": 0.00313383387402,
        "dvar2": 0.00573683762923,
        "max": 0.518005788326,
        "mean": 0.113905079663,
        "median": 0.0926645174623,
        "min": 1.03764420667e-10,
        "stdev": 0.083759970963,
        "var": 0.007015732117
    },
    "spectral_kurtosis": {
        "dmean": 1.06976556778,
        "dmean2": 1.71795380116,
        "dvar": 1.09863126278,
        "dvar2": 2.63675522804,
        "max": 15.4785308838,
        "mean": 3.44501948357,
        "median": 3.26582670212,
        "min": -1.20382714272,
        "stdev": 1.85177695751,
        "var": 3.42907810211
    },
    "spectral_rms": {
        "dmean": 0.000814500439446,
        "dmean2": 0.00123587460257,
        "dvar": 1.86363934063e-06,
        "dvar2": 3.01150521409e-06,
        "max": 0.0199264101684,
        "mean": 0.0101464353502,
        "median": 0.0129862818867,
        "min": 3.24105586119e-12,
        "stdev": 0.00533142779022,
        "var": 2.84241214104e-05
    },
    "spectral_rolloff": {
        "dmean": 355.247436523,
        "dmean2": 559.614318848,
        "dvar": 1077584.625,
        "dvar2": 1850587.375,
        "max": 18863.0859375,
        "mean": 935.106079102,
        "median": 689.0625,
        "min": 43.06640625,
        "stdev": 1456.20715332,
        "var": 2120539.25
    },
    "spectral_skewness": {
        "dmean": 0.19676348567,
        "dmean2": 0.291488200426,
        "dvar": 0.0365162529051,
        "dvar2": 0.069286853075,
        "max": 3.15096759796,
        "mean": 1.51833820343,
        "median": 1.53523957729,
        "min": 0.00300023518503,
        "stdev": 0.389453113079,
        "var": 0.151673734188
    },
    "spectral_spread": {
        "dmean": 821143,
        "dmean2": 1290170.875,
        "dvar": 1.63547250688e+12,
        "dvar2": 3.30319632794e+12,
        "max": 40906512,
        "mean": 5745172,
        "median": 5482535.5,
        "min": 2928595.25,
        "stdev": 1981616.5,
        "var": 3.92680413594e+12
    },
    "spectral_strongpeak": {
        "dmean": 0.532945871353,
        "dmean2": 0.857050478458,
        "dvar": 0.780567586422,
        "dvar2": 1.80920302868,
        "max": 8.92158126831,
        "mean": 1.32356548309,
        "median": 0.655353367329,
        "min": 0,
        "stdev": 1.44821286201,
        "var": 2.09732055664
    },
    "zerocrossingrate": {
        "dmean": 0.01002526097,
        "dmean2": 0.011294009164,
        "dvar": 0.000383205420803,
        "dvar2": 0.000395056966227,
        "max": 0.49072265625,
        "mean": 0.0429815910757,
        "median": 0.03369140625,
        "min": 0.0009765625,
        "stdev": 0.0404394194484,
        "var": 0.0016353467945
    },
    "barkbands": {
        "dmean": [0.00720411725342, 0.0117430211976, 0.0024361226242, 0.000802768743597, 0.00133546546567, 0.00124595325906, 0.000556928571314, 0.00171088322531, 0.00147037347779, 0.00180400814861, 0.00159942824394, 0.00116487534251, 0.000521427486092, 0.000489764148369, 0.000314313481795, 0.000342131912475, 0.000194505220861, 0.000242870053626, 0.000281760265352, 0.000137415714562, 0.000212384111364, 0.000245765142608, 0.000247366348049, 0.000178179136128, 0.000133735215059, 0.000158130249474, 1.51675340021e-05],
        "dmean2": [0.0125671895221, 0.0169510114938, 0.00457661692053, 0.00144272309262, 0.00214983103797, 0.00199921661988, 0.000882098800503, 0.00249530142173, 0.00201704539359, 0.00252454914153, 0.00222217245027, 0.00180856464431, 0.00078740506433, 0.000782858696766, 0.000471883889986, 0.000530727673322, 0.0002884613059, 0.0003757585946, 0.000404265010729, 0.000200671347557, 0.000297736754874, 0.000354596442776, 0.000376279727789, 0.000271082360996, 0.00021783959528, 0.000272200675681, 2.72217257589e-05],
        "dvar": [0.000165772726177, 0.000740285322536, 0.000143341021612, 1.59852334036e-05, 6.83567213855e-06, 5.12727820023e-06, 1.32659863539e-06, 9.55673021963e-06, 8.33051944937e-06, 1.39247586048e-05, 1.34798128784e-05, 1.25206388475e-05, 1.49085508383e-06, 1.1947809071e-06, 5.8064665609e-07, 1.36103574278e-06, 4.0917322508e-07, 6.52126573186e-07, 2.69362800509e-07, 1.46305865201e-07, 2.96189824667e-07, 3.38759633678e-07, 3.12342478992e-07, 1.45561344311e-07, 6.34149230905e-08, 8.3632095027e-08, 1.07835929075e-09],
        "dvar2": [0.000431959488196, 0.00175093649887, 0.000424045807449, 4.75439883303e-05, 1.69726608874e-05, 1.11743929665e-05, 3.17210560752e-06, 2.09888403333e-05, 1.33505836857e-05, 2.91374435619e-05, 2.48159558396e-05, 2.53599318967e-05, 3.21410448123e-06, 2.91672813546e-06, 1.20929462355e-06, 3.06383117277e-06, 8.5816822093e-07, 1.50854646108e-06, 4.83158089537e-07, 3.09892840278e-07, 5.68810264667e-07, 6.20224057002e-07, 5.7571276102e-07, 2.82256308992e-07, 1.37691969826e-07, 2.06372334333e-07, 2.94319923988e-09],
        "max": [0.160849630833, 0.32185035944, 0.12641876936, 0.0500845015049, 0.0273526515812, 0.0253758300096, 0.0155400941148, 0.0380584150553, 0.040215510875, 0.0553444139659, 0.0618330724537, 0.0427218154073, 0.0121358847246, 0.00989500712603, 0.00744499266148, 0.0171771235764, 0.00774582102895, 0.0104747433215, 0.00646902481094, 0.00485163740814, 0.00697599630803, 0.0073680030182, 0.00797360762954, 0.00519662862644, 0.00446407031268, 0.0020999929402, 0.000176705259946],
        "mean": [0.0350903570652, 0.0717341303825, 0.00229585613124, 0.000897368241567, 0.00208143447526, 0.0021869414486, 0.000829566561151, 0.00320483651012, 0.00293299229816, 0.00399882998317, 0.00270719104446, 0.00148784718476, 0.000711236440111, 0.000623690022621, 0.000395160343032, 0.000455424800748, 0.00026065739803, 0.000370355264749, 0.000516275817063, 0.000197376124561, 0.000320732797263, 0.000382840284146, 0.000358911085641, 0.000255464023212, 0.000177101101144, 0.000174857064849, 1.11230256152e-05],
        "median": [0.0283299405128, 0.0702051147819, 0.000134124973556, 0.000272375473287, 0.00111462827772, 0.00107831927016, 0.000404081831221, 0.00113863497972, 0.000667223706841, 0.000763419549912, 0.000656184507534, 0.000275915343082, 0.000137812763569, 0.000150598294567, 8.06676907814e-05, 6.22376610409e-05, 8.82820095285e-05, 0.000130319502205, 0.000236825842876, 7.82524293754e-05, 0.000113629772386, 0.00013278699771, 0.000105629129393, 7.23203338566e-05, 6.15372046013e-05, 5.33108941454e-05, 1.24994528505e-06],
        "min": [7.70471453115e-24, 2.14259118365e-23, 9.48303420346e-24, 3.23221682636e-23, 1.09655288275e-22, 5.98218594196e-23, 1.0002989781e-22, 6.36280249349e-23, 2.92805509604e-23, 6.96885151035e-23, 1.56227162251e-22, 7.15038607513e-23, 5.87275641936e-23, 7.46378662882e-23, 7.56478480606e-23, 1.52095449618e-22, 8.52252126734e-23, 3.01477646862e-22, 2.17844910853e-22, 3.61480174362e-22, 6.2391955627e-22, 5.74545850307e-22, 4.85186564728e-22, 9.64628606479e-22, 9.69968121956e-22, 1.94044374022e-21, 2.40973504801e-21],
        "stdev": [0.041073128581, 0.074761942029, 0.00913557782769, 0.00318945245817, 0.00295223505236, 0.00299109052867, 0.0013180176029, 0.00480914022774, 0.00564691005275, 0.00795879866928, 0.00571865122765, 0.00403164466843, 0.00155100633856, 0.00124966958538, 0.000921163591556, 0.00145059649367, 0.000722562719602, 0.000916846795008, 0.000781273352914, 0.000444915902335, 0.000678895739838, 0.000765372533351, 0.000745943107177, 0.000530339893885, 0.000308696267894, 0.000308816757752, 2.72521920124e-05],
        "var": [0.00168700178619, 0.00558934779838, 8.3458784502e-05, 1.01726072899e-05, 8.71569136507e-06, 8.94662207429e-06, 1.73717035068e-06, 2.31278318097e-05, 3.188759365e-05, 6.33424788248e-05, 3.27029738401e-05, 1.6254160073e-05, 2.40562053477e-06, 1.56167413934e-06, 8.4854235638e-07, 2.10423013414e-06, 5.22096911482e-07, 8.40608095132e-07, 6.10388042332e-07, 1.97950157599e-07, 4.60899457266e-07, 5.85795078223e-07, 5.56431132281e-07, 2.81260383872e-07, 9.52933802978e-08, 9.53677954385e-08, 7.42681971477e-10]
    },
    "erbbands": {
        "dmean": [0.620650410652, 2.12046575546, 2.94301462173, 2.94793653488, 2.25303721428, 4.76752233505, 10.6447553635, 9.90703487396, 6.75920152664, 23.3281345367, 35.211517334, 32.432674408, 55.0418701172, 54.5586471558, 62.0671195984, 44.7873077393, 21.5563640594, 26.6851329803, 17.3500919342, 16.0561981201, 15.2175559998, 10.3278932571, 11.6398649216, 15.2679624557, 11.7574491501, 6.5338010788, 7.85861253738, 8.96656608582, 8.52002048492, 8.41878128052, 6.90364551544, 4.0577044487, 2.84836530685, 1.25490128994, 1.17084085941, 0.801834881306, 0.272040933371, 0.0496738664806, 0.00169020006433, 4.77138382848e-05],
        "dmean2": [0.922400712967, 3.50864338875, 5.44088840485, 5.35026836395, 3.8997862339, 7.70951843262, 16.5550785065, 15.8127994537, 10.4387321472, 32.9795532227, 51.7991218567, 43.3475151062, 80.2809829712, 69.700592041, 86.696975708, 68.2150802612, 32.8279418945, 40.7532424927, 26.4261169434, 23.1723937988, 23.3196811676, 14.9622535706, 17.971988678, 21.9717140198, 17.2152347565, 9.51033496857, 11.4904232025, 12.5146780014, 12.3306541443, 12.3393001556, 10.492395401, 6.4257144928, 4.21997928619, 1.97544169426, 1.91695284843, 1.34820699692, 0.467511326075, 0.087009832263, 0.00301120616496, 8.00040143076e-05],
        "dvar": [1.7310154438, 48.2644767761, 212.32989502, 207.038391113, 78.9855194092, 82.7622833252, 416.629241943, 428.49710083, 211.889785767, 2640.57910156, 4533.33496094, 4671.58984375, 16406.953125, 17300.9882812, 23594.4375, 18885.5585938, 2767.73388672, 2940.03173828, 1630.47094727, 1933.04638672, 2965.2578125, 1342.32861328, 1735.99902344, 1046.59716797, 488.831085205, 408.502655029, 480.916412354, 500.237335205, 413.691467285, 405.759307861, 248.828170776, 89.5883102417, 33.9837837219, 4.43943071365, 5.46700239182, 2.04282069206, 0.249831825495, 0.0101911723614, 1.29437303258e-05, 6.12163830738e-09],
        "dvar2": [3.15888786316, 132.406585693, 615.218322754, 617.252075195, 220.57699585, 202.574935913, 920.911804199, 946.124023438, 484.944580078, 5101.27734375, 10139.3125, 6483.58349609, 36139.1132812, 28124.6289062, 50202.4804688, 35862.8945312, 5821.34912109, 6868.26708984, 3132.14941406, 3904.84814453, 7080.98583984, 2806.26635742, 3798.51391602, 2104.14648438, 865.739318848, 885.555297852, 1005.15551758, 950.668945312, 741.982788086, 839.682922363, 460.058044434, 182.104797363, 64.7311477661, 8.80098819733, 12.6195268631, 4.89580869675, 0.626995325089, 0.0268963966519, 3.49677975464e-05, 1.49792551696e-08],
        "max": [14.6913375854, 75.0524291992, 150.659393311, 156.423248291, 115.305908203, 121.006782532, 290.737701416, 242.094299316, 310.518005371, 691.45916748, 733.303649902, 1166.80773926, 2118.34887695, 2475.85766602, 2408.35717773, 1620.37451172, 536.874023438, 564.258117676, 509.58770752, 547.652648926, 778.992980957, 442.061981201, 556.092041016, 382.761413574, 289.709625244, 253.975891113, 365.772735596, 286.798309326, 263.926147461, 353.762512207, 237.75050354, 144.925979614, 73.6601409912, 31.6609745026, 40.1955070496, 13.0325708389, 4.23083639145, 0.638210773468, 0.0201057735831, 0.000690232031047],
        "mean": [4.74476575851, 5.66042232513, 2.98901319504, 3.27337479591, 2.76637411118, 7.61022090912, 16.7302627563, 17.1297340393, 11.8770275116, 42.3053665161, 66.6988677979, 71.4242324829, 127.461654663, 101.936698914, 100.976081848, 64.327545166, 32.9099159241, 40.0573425293, 23.8276844025, 21.9917449951, 20.2402000427, 14.1431293488, 18.0977573395, 26.968662262, 20.6500320435, 9.4077539444, 11.5316457748, 13.384098053, 13.3998699188, 12.8683443069, 10.0398807526, 5.47326946259, 4.19169092178, 1.86550951004, 1.37692260742, 0.909600734711, 0.28908854723, 0.043869189918, 0.00143186945934, 0.000187083467608],
        "median": [4.98168420792, 2.63494825363, 0.304243713617, 0.576565682888, 1.45853710175, 4.05954933167, 9.46443939209, 7.09408044815, 7.01445579529, 12.4630184174, 27.6320610046, 20.2960472107, 32.3302154541, 22.7026519775, 31.1797714233, 16.0110683441, 10.0610218048, 13.1745595932, 7.14248085022, 4.22171068192, 4.67373609543, 4.56961870193, 6.10670948029, 11.9662742615, 10.0615825653, 4.01422166824, 3.87894368172, 4.59810400009, 4.60416269302, 4.39322900772, 2.8698143959, 1.4536472559, 1.19070601463, 0.641979694366, 0.411922156811, 0.280810624361, 0.078940115869, 0.00878404453397, 0.000311311508995, 0.000229994562687],
        "min": [3.99012914054e-22, 5.58364563763e-21, 1.55660737907e-20, 6.25807692954e-20, 1.60998414847e-19, 5.37036672942e-19, 2.36015928662e-19, 6.69224787719e-19, 1.24857443733e-18, 1.13001071103e-18, 1.71788507723e-18, 7.51438785789e-19, 1.08600945873e-18, 3.06858343979e-18, 7.52645683662e-18, 3.30144367441e-18, 3.13376382449e-18, 3.69152716204e-18, 2.36860542106e-18, 9.34074350699e-18, 5.40476627597e-18, 7.17450554804e-18, 1.62773279226e-17, 8.27308577394e-18, 1.59683544571e-17, 1.71018913357e-17, 1.931353572e-17, 2.54332925157e-17, 2.11511770078e-17, 1.66082597247e-17, 1.3021862669e-17, 1.82119147782e-17, 1.72091270303e-17, 1.18118115837e-17, 6.19990811545e-18, 5.75921771794e-18, 3.8810590558e-18, 1.57297254649e-18, 3.16017838979e-19, 3.44944784439e-20],
        "stdev": [4.75595521927, 8.51446914673, 11.3523511887, 11.556479454, 7.27559375763, 11.1379909515, 25.5988483429, 27.8940906525, 18.5890197754, 80.783782959, 104.109939575, 140.781219482, 276.892974854, 231.245910645, 209.922622681, 162.701370239, 67.4708404541, 69.3418273926, 52.1372718811, 56.8383255005, 61.9424972534, 41.5692253113, 48.5980873108, 44.0149459839, 32.006275177, 22.5331745148, 26.45652771, 27.8434944153, 27.0515041351, 25.1257171631, 21.3042430878, 12.3415498734, 8.34394645691, 2.89555644989, 2.69357872009, 1.62434065342, 0.516664266586, 0.0909604281187, 0.00306862243451, 0.000144295263453],
        "var": [22.6191082001, 72.4961853027, 128.875869751, 133.552215576, 52.934261322, 124.054840088, 655.301025391, 778.08026123, 345.551635742, 6526.01953125, 10838.8798828, 19819.3515625, 76669.7265625, 53474.671875, 44067.5078125, 26471.734375, 4552.31445312, 4808.2890625, 2718.29516602, 3230.59521484, 3836.87280273, 1728.00036621, 2361.77416992, 1937.31530762, 1024.4017334, 507.74395752, 699.947814941, 775.260192871, 731.783874512, 631.301696777, 453.870788574, 152.313858032, 69.6214370728, 8.38424682617, 7.25536680222, 2.63848257065, 0.266941934824, 0.00827379990369, 9.41644429986e-06, 2.08211243802e-08]
    },
    "gfcc": {
        "mean": [29.7188529968, 62.7289123535, -112.915206909, 10.0762681961, -76.1442871094, 13.0096540451, -29.5311088562, 13.1191091537, -26.910736084, 3.50706553459, -14.9490013123, 9.19362831116, -11.7798080444],
        "cov": [[4519.28613281, -430.489929199, 882.027893066, 640.24005127, 883.190979004, 979.820129395, 566.131347656, 695.16595459, 483.121337891, 665.188842773, 284.553710938, 350.382293701, 124.420516968], [-430.489929199, 1293.2175293, 360.920623779, 376.980804443, 517.602783203, 160.144332886, 399.86227417, 200.876174927, 233.929611206, -1.77680599689, 198.801681519, -39.7727584839, 126.601356506], [882.027893066, 360.920623779, 1666.83691406, 900.584350586, 921.591308594, 710.172363281, 593.311828613, 585.080566406, 580.53717041, 527.263183594, 325.931976318, 211.718826294, 217.69720459], [640.24005127, 376.980804443, 900.584350586, 928.945617676, 726.640686035, 455.333648682, 408.930480957, 380.080657959, 466.870452881, 343.652893066, 261.923400879, 131.091506958, 220.837875366], [883.190979004, 517.602783203, 921.591308594, 726.640686035, 1029.71911621, 628.029724121, 551.940673828, 521.916381836, 498.725769043, 406.029449463, 317.936279297, 180.770706177, 210.553161621], [979.820129395, 160.144332886, 710.172363281, 455.333648682, 628.029724121, 611.291015625, 459.341247559, 394.479492188, 341.887054443, 323.530456543, 231.596359253, 146.108352661, 113.207901001], [566.131347656, 399.86227417, 593.311828613, 408.930480957, 551.940673828, 459.341247559, 553.331115723, 379.41619873, 308.037353516, 239.601928711, 210.18270874, 117.206642151, 114.132858276], [695.16595459, 200.876174927, 585.080566406, 380.080657959, 521.916381836, 394.479492188, 379.41619873, 430.114074707, 328.899536133, 265.07901001, 189.27911377, 114.713439941, 132.742385864], [483.121337891, 233.929611206, 580.53717041, 466.870452881, 498.725769043, 341.887054443, 308.037353516, 328.899536133, 419.242889404, 292.951568604, 193.253417969, 98.0439910889, 144.169387817], [665.188842773, -1.77680599689, 527.263183594, 343.652893066, 406.029449463, 323.530456543, 239.601928711, 265.07901001, 292.951568604, 344.163848877, 172.206970215, 112.271598816, 100.25087738], [284.553710938, 198.801681519, 325.931976318, 261.923400879, 317.936279297, 231.596359253, 210.18270874, 189.27911377, 193.253417969, 172.206970215, 211.919525146, 87.8906936646, 87.5777587891], [350.382293701, -39.7727584839, 211.718826294, 131.091506958, 180.770706177, 146.108352661, 117.206642151, 114.713439941, 98.0439910889, 112.271598816, 87.8906936646, 148.439910889, 74.9812088013], [124.420516968, 126.601356506, 217.69720459, 220.837875366, 210.553161621, 113.207901001, 114.132858276, 132.742385864, 144.169387817, 100.25087738, 87.5777587891, 74.9812088013, 165.446105957]],
        "icov": [[0.00051320734201, -8.82115273271e-05, 0.000367176253349, -0.000376808224246, 0.000249134987826, -0.000993547728285, 0.000519215827808, -0.000902043713722, 0.000527915137354, -0.00086232292233, 0.000633219548035, -0.000797595537733, 0.000518499698956], [-8.82115273271e-05, 0.00270256726071, -0.00058915046975, 0.000656822521705, -0.00211884733289, 0.00230278191157, -0.00276893703267, 0.00183814123739, -0.00132329959888, 0.00308797438629, -0.00257221842185, 0.00296318298206, -0.00124639179558], [0.000367176253349, -0.00058915046975, 0.00225116033107, -0.00148190010805, 0.000605178065598, -0.00168723682873, 0.00083579251077, -0.00173181726132, 0.000710911874194, -0.00217192573473, 0.00139679515269, -0.00149489950854, 0.00102256145328], [-0.000376808224246, 0.000656822521705, -0.00148190010805, 0.00432336423546, -0.00195009086747, 0.00131653121207, -0.00122609338723, 0.00272508757189, -0.00276938802563, 0.00172017584555, -0.00158429553267, 0.00203819898888, -0.00251402566209], [0.000249134987826, -0.00211884733289, 0.000605178065598, -0.00195009086747, 0.00622762693092, -0.00382251804695, 0.00196993723512, -0.00326677761041, 0.000680942845065, -0.00261761015281, 0.00126282311976, -0.00275325286202, 0.000764910480939], [-0.000993547728285, 0.00230278191157, -0.00168723682873, 0.00131653121207, -0.00382251804695, 0.0111505426466, -0.00590049801394, 0.00207219878212, -0.00124427932315, 0.00183481257409, -0.00368819478899, 0.00265640649013, -0.00018855871167], [0.000519215827808, -0.00276893703267, 0.00083579251077, -0.00122609338723, 0.00196993723512, -0.00590049801394, 0.00967160984874, -0.005552561488, 0.00148848292883, -0.00190451042727, 0.0018383936258, -0.00373293668963, 0.00215429300442], [-0.000902043713722, 0.00183814123739, -0.00173181726132, 0.00272508757189, -0.00326677761041, 0.00207219878212, -0.005552561488, 0.0134384278208, -0.00521152792498, 0.0027393437922, -0.00240032398142, 0.00324092875235, -0.00361579982564], [0.000527915137354, -0.00132329959888, 0.000710911874194, -0.00276938802563, 0.000680942845065, -0.00124427932315, 0.00148848292883, -0.00521152792498, 0.0123291807249, -0.00672789989039, 0.000926939654164, -0.000260512169916, -0.000523400434759], [-0.00086232292233, 0.00308797438629, -0.00217192573473, 0.00172017584555, -0.00261761015281, 0.00183481257409, -0.00190451042727, 0.0027393437922, -0.00672789989039, 0.0149024939165, -0.00558913964778, 0.00230520730838, -0.00121448433492], [0.000633219548035, -0.00257221842185, 0.00139679515269, -0.00158429553267, 0.00126282311976, -0.00368819478899, 0.0018383936258, -0.00240032398142, 0.000926939654164, -0.00558913964778, 0.014145324938, -0.00551264453679, 0.000932681898121], [-0.000797595537733, 0.00296318298206, -0.00149489950854, 0.00203819898888, -0.00275325286202, 0.00265640649013, -0.00373293668963, 0.00324092875235, -0.000260512169916, 0.00230520730838, -0.00551264453679, 0.0157184936106, -0.0061355791986], [0.000518499698956, -0.00124639179558, 0.00102256145328, -0.00251402566209, 0.000764910480939, -0.00018855871167, 0.00215429300442, -0.00361579982564, -0.000523400434759, -0.00121448433492, 0.000932681898121, -0.0061355791986, 0.0126677798107]]
    },
    "melbands": {
        "dmean": [0.00404157722369, 0.00183179113083, 0.000470092782052, 0.000216496962821, 0.000342928455211, 0.00021861611458, 0.00010348323849, 0.000287725037197, 0.000291128701065, 0.000215310734347, 0.000274129764875, 0.000219095556531, 0.000198974928935, 0.00015777592489, 7.61573173804e-05, 4.904434536e-05, 5.37032319698e-05, 2.92503718811e-05, 2.07376724575e-05, 2.87166567432e-05, 1.60355157277e-05, 1.13051801236e-05, 1.16685005196e-05, 1.0232837667e-05, 1.36032995215e-05, 1.23371446534e-05, 4.73598811368e-06, 4.56549787486e-06, 4.94480536872e-06, 5.18336173627e-06, 5.7018737607e-06, 4.99488442074e-06, 5.057967428e-06, 4.92592334922e-06, 4.41414567831e-06, 3.0791716199e-06, 2.50856624007e-06, 2.25088547268e-06, 1.50064204263e-06, 9.95760956357e-07],
        "dmean2": [0.00594268320128, 0.00316316308454, 0.000850807409734, 0.000358821096597, 0.000539838511031, 0.000348042958649, 0.000160272538778, 0.000405573286116, 0.000422164506745, 0.000285919726593, 0.000401913275709, 0.000279329222394, 0.00027890279307, 0.000235516781686, 0.000114917085739, 7.57861198508e-05, 8.28457996249e-05, 4.52637614217e-05, 3.09758324875e-05, 4.36510199506e-05, 2.5428369554e-05, 1.67504458659e-05, 1.8289369109e-05, 1.53722667164e-05, 1.97536901396e-05, 1.88253470697e-05, 7.01100134393e-06, 6.7360410867e-06, 7.83575160312e-06, 7.38250901122e-06, 8.29030523164e-06, 7.25382551536e-06, 7.33260685593e-06, 7.47161220715e-06, 6.74847524351e-06, 4.82612949781e-06, 4.03157491746e-06, 3.30838088303e-06, 2.27307236855e-06, 1.60635306656e-06],
        "dvar": [7.15194473742e-05, 5.62146233278e-05, 5.21120864505e-06, 2.45763288831e-07, 3.98327500761e-07, 1.84969877637e-07, 4.41911076621e-08, 3.7463266267e-07, 3.28831816887e-07, 2.03471117288e-07, 4.11928908761e-07, 2.75233333014e-07, 2.07972306043e-07, 1.89878861079e-07, 5.845708273e-08, 1.22591385932e-08, 1.34139428454e-08, 5.15279108271e-09, 2.84973311615e-09, 7.63938423631e-09, 3.4880933697e-09, 1.37699629477e-09, 2.28882734987e-09, 9.41543953914e-10, 8.11351208441e-10, 5.50276879618e-10, 1.17943724232e-10, 2.09632727843e-10, 2.17277584813e-10, 1.68987629445e-10, 2.20333806755e-10, 1.53331972119e-10, 1.59074642347e-10, 1.24947038826e-10, 1.02411523706e-10, 5.84514728286e-11, 3.34477376351e-11, 2.46162933787e-11, 7.37436067072e-12, 2.9016066893e-12],
        "dvar2": [0.00014404047397, 0.000155626854394, 1.54040826601e-05, 6.37218420252e-07, 8.76369881553e-07, 4.02193336413e-07, 1.00935331204e-07, 7.30312990527e-07, 6.98652797837e-07, 2.73310689636e-07, 9.17934926292e-07, 4.34519279224e-07, 4.43585690846e-07, 3.90884224544e-07, 1.08041582791e-07, 2.71249227524e-08, 3.20678203991e-08, 1.03625206194e-08, 6.16151885069e-09, 1.57881032692e-08, 8.63652882543e-09, 2.95732660582e-09, 4.97132290889e-09, 2.03092564988e-09, 1.70522718168e-09, 1.02246755507e-09, 2.43470105188e-10, 4.7147902249e-10, 5.07095976321e-10, 3.21140031234e-10, 4.45135012184e-10, 2.82223994175e-10, 3.39670180871e-10, 2.58100679718e-10, 1.89849802545e-10, 1.25551569141e-10, 7.06490768665e-11, 4.81632338178e-11, 1.57231814374e-11, 6.17192755237e-12],
        "max": [0.103351742029, 0.0771976783872, 0.0244677681476, 0.00630029011518, 0.00840838626027, 0.00512027554214, 0.00429650349542, 0.00805101078004, 0.00753129459918, 0.00767099391669, 0.0105484668165, 0.0091767013073, 0.006127926521, 0.00507542816922, 0.00265057105571, 0.00149641849566, 0.00127313879784, 0.00090060045477, 0.000486063188873, 0.00123222148977, 0.000832994293887, 0.00049236981431, 0.000670738983899, 0.000377444317564, 0.000353551731678, 0.000277271959931, 0.000170845625689, 0.000169276667293, 0.000256690924289, 0.000214945772314, 0.000207871940802, 0.000180548668141, 0.000225644253078, 0.000171733961906, 0.00017181430303, 0.000116441697173, 8.50835640449e-05, 6.88608270139e-05, 3.04328968923e-05, 2.59138341789e-05],
        "mean": [0.0311163589358, 0.0028710924089, 0.000531214172952, 0.000331546674715, 0.000569188327063, 0.000386855390389, 0.000173375286977, 0.000523590482771, 0.000543972710148, 0.000455083412817, 0.000617669953499, 0.000386141444324, 0.00031803586171, 0.000222118251259, 0.000103697748273, 7.00850359863e-05, 7.48238744563e-05, 3.69444787793e-05, 2.46208383032e-05, 3.9330792788e-05, 1.93771502381e-05, 1.48363706103e-05, 1.55895777425e-05, 1.62729793374e-05, 2.22383187065e-05, 2.05567012017e-05, 7.15099486115e-06, 5.93640515945e-06, 6.78177502778e-06, 7.72522616899e-06, 7.7989516285e-06, 7.6049668678e-06, 7.46831028664e-06, 6.99459906173e-06, 6.30148360869e-06, 3.94759626943e-06, 3.15579404742e-06, 3.1157403555e-06, 2.23726829063e-06, 1.34446736411e-06],
        "median": [0.0357320979238, 0.000578400387894, 0.000132821005536, 0.000184699310921, 0.000329504226102, 0.000172562562511, 9.66070001596e-05, 0.000141469659866, 0.000206865923246, 0.000104074177216, 0.000137097740662, 5.55227816221e-05, 9.02106476133e-05, 5.54309408471e-05, 1.79482012754e-05, 1.41732789416e-05, 1.81862924364e-05, 8.37683001009e-06, 5.41554436495e-06, 5.08422181156e-06, 5.09370647706e-06, 4.74397029393e-06, 4.2861233851e-06, 5.94439825363e-06, 9.52429945755e-06, 9.00518261915e-06, 3.31687920152e-06, 2.05480978366e-06, 2.03858598979e-06, 2.70539590019e-06, 2.49732033808e-06, 2.41581597038e-06, 2.47553953159e-06, 2.19704520532e-06, 1.695316314e-06, 1.06493621388e-06, 7.03067030372e-07, 7.53300469114e-07, 6.64134745421e-07, 4.12762176438e-07],
        "min": [5.32381990651e-24, 8.29118133822e-24, 1.24199799197e-23, 2.64523994182e-23, 1.14949521559e-23, 1.39098944116e-23, 2.07114957349e-23, 1.16005648539e-23, 1.2784336628e-23, 4.42583390012e-24, 5.65226963858e-24, 1.1987103542e-23, 2.16596544782e-23, 1.2411873585e-23, 7.96696976137e-24, 5.44077957977e-24, 7.29168352726e-24, 3.76250916391e-24, 7.04742536973e-24, 1.31275084767e-23, 5.13231997747e-24, 5.40788565774e-24, 1.6504984888e-23, 1.07171676466e-23, 5.71786697272e-24, 9.55391335579e-24, 1.36858232047e-23, 1.05635693286e-23, 9.1805383896e-24, 1.86180150869e-23, 1.2887936153e-23, 1.15941222269e-23, 1.20677708804e-23, 8.26158169934e-24, 7.05628585542e-24, 9.54200786701e-24, 1.1625773693e-23, 1.21121853271e-23, 1.07467609746e-23, 9.69520781025e-24],
        "stdev": [0.0305297039449, 0.00680663064122, 0.00181966100354, 0.000506283191498, 0.000801926478744, 0.000588968046941, 0.000270866177743, 0.000985562102869, 0.00094784173416, 0.000937449687626, 0.0013801867608, 0.000937190605327, 0.000630395428743, 0.000511230668053, 0.000283219647827, 0.000150355248479, 0.000142397984746, 9.02799438336e-05, 6.01727915637e-05, 0.000118335337902, 6.20381179033e-05, 4.14230271417e-05, 5.3077841585e-05, 3.78274016839e-05, 3.76533425879e-05, 3.34111282427e-05, 1.30664520839e-05, 1.57294107339e-05, 1.66391346283e-05, 1.61604675668e-05, 1.74718188646e-05, 1.61567731993e-05, 1.52675784193e-05, 1.39044959724e-05, 1.36206790557e-05, 9.4093647931e-06, 7.34805826141e-06, 6.86425892127e-06, 3.82705957236e-06, 2.1660555376e-06],
        "var": [0.000932062859647, 4.6330220357e-05, 3.31116621055e-06, 2.56322664427e-07, 6.43086082164e-07, 3.46883354041e-07, 7.33684899501e-08, 9.71332724475e-07, 8.98403982319e-07, 8.78811874827e-07, 1.90491550711e-06, 8.78326204656e-07, 3.97398366658e-07, 2.61356774445e-07, 8.02133612865e-08, 2.26067005116e-08, 2.0277184376e-08, 8.15046785618e-09, 3.62076479909e-09, 1.40032518914e-08, 3.84872844705e-09, 1.71586711506e-09, 2.81725731632e-09, 1.43091227756e-09, 1.41777423135e-09, 1.11630338306e-09, 1.70732164517e-10, 2.47414366772e-10, 2.76860784298e-10, 2.61160704174e-10, 3.0526448036e-10, 2.61041299687e-10, 2.33098956803e-10, 1.93335000787e-10, 1.85522888718e-10, 8.85361506331e-11, 5.39939620792e-11, 4.71180490458e-11, 1.46463865341e-11, 4.69179686421e-12]
    },
    "melbands128": {
