{
"lowlevel": {
    "average_loudness": 0.976728081703,
    "barkbands_crest": {
        "dmean": 3.47395300865,
        "dmean2": 5.34163618088,
        "dvar": 13.2422571182,
        "dvar2": 28.9143257141,
        "max": 25.7104930878,
        "mean": 12.648317337,
        "median": 11.69622612,
        "min": 2.80838775635,
        "stdev": 5.38928222656,
        "var": 29.0443611145
    },
    "barkbands_flatness_db": {
        "dmean": 0.0360363721848,
        "dmean2": 0.0524040013552,
        "dvar": 0.00159228628036,
        "dvar2": 0.0031205068808,
        "max": 0.451164126396,
        "mean": 0.147027418017,
        "median": 0.140124976635,
        "min": 0.0303961336613,
        "stdev": 0.0642772018909,
        "var": 0.00413155835122
    },
    "barkbands_kurtosis": {
        "dmean": 9.45089054108,
        "dmean2": 14.6300621033,
        "dvar": 484.218444824,
        "dvar2": 1008.69934082,
        "max": 290.802978516,
        "mean": 9.77227973938,
        "median": 1.42363595963,
        "min": -1.8684720993,
        "stdev": 25.4316978455,
        "var": 646.77130127
    },
    "barkbands_skewness": {
        "dmean": 1.09404730797,
        "dmean2": 1.58455657959,
        "dvar": 2.22545790672,
        "dvar2": 4.65244340897,
        "max": 13.9997425079,
        "mean": 2.01192712784,
        "median": 1.30476224422,
        "min": -2.92239904404,
        "stdev": 2.09053397179,
        "var": 4.3703327179
    },
    "barkbands_spread": {
        "dmean": 9.28833961487,
        "dmean2": 14.6330699921,
        "dvar": 121.448867798,
        "dvar2": 287.159942627,
        "max": 109.39805603,
        "mean": 25.5612373352,
        "median": 26.0073013306,
        "min": 0.45556011796,
        "stdev": 14.9829721451,
        "var": 224.489440918
    },
    "dissonance": {
        "dmean": 0.0289642103016,
        "dmean2": 0.0471777766943,
        "dvar": 0.000917451106943,
        "dvar2": 0.00241337693296,
        "max": 0.499972611666,
        "mean": 0.447962224483,
        "median": 0.460345774889,
        "min": 0.247186198831,
        "stdev": 0.0420868173242,
        "var": 0.00177130033262
    },
    "dynamic_complexity": 2.96435904503,
    "erbbands_crest": {
        "dmean": 2.91544818878,
        "dmean2": 4.75862169266,
        "dvar": 7.87375974655,
        "dvar2": 18.8483982086,
        "max": 27.4321537018,
        "mean": 9.12324428558,
        "median": 8.25170898438,
        "min": 2.81040501595,
        "stdev": 4.22463512421,
        "var": 17.8475437164
    },
    "erbbands_flatness_db": {
        "dmean": 0.0250216498971,
        "dmean2": 0.0352781526744,
        "dvar": 0.000566333008464,
        "dvar2": 0.0011259005405,
        "max": 0.333852946758,
        "mean": 0.14356175065,
        "median": 0.137568563223,
        "min": 0.0511594936252,
        "stdev": 0.04837025702,
        "var": 0.0023396818433
    },
    "erbbands_kurtosis": {
        "dmean": 1.52300226688,
        "dmean2": 2.337485075,
        "dvar": 3.82490968704,
        "dvar2": 8.75273704529,
        "max": 16.9121627808,
        "mean": 1.31700980663,
        "median": 0.284893751144,
        "min": -1.83424258232,
        "stdev": 2.87742233276,
        "var": 8.27955913544
    },
    "erbbands_skewness": {
        "dmean": 0.533677518368,
        "dmean2": 0.821724772453,
        "dvar": 0.325660914183,
        "dvar2": 0.780801534653,
        "max": 3.46232938766,
        "mean": 0.352583497763,
        "median": 0.371211916208,
        "min": -3.94845676422,
        "stdev": 0.897020936012,
        "var": 0.804646611214
    },
    "erbbands_spread": {
        "dmean": 14.1716241837,
        "dmean2": 21.0888500214,
        "dvar": 271.995147705,
        "dvar2": 634.040222168,
        "max": 186.811767578,
        "mean": 40.4730834961,
        "median": 36.302066803,
        "min": 4.11918210983,
        "stdev": 23.6259155273,
        "var": 558.183898926
    },
    "hfc": {
        "dmean": 11.504406929,
        "dmean2": 17.3449745178,
        "dvar": 476.022918701,
        "dvar2": 1164.27697754,
        "max": 139.059173584,
        "mean": 16.1975955963,
        "median": 9.77174949646,
        "min": 1.10067881619e-16,
        "stdev": 22.4082832336,
        "var": 502.131134033
    },
    "loudness_ebu128": {
        "integrated": -9.80196857452,
        "loudness_range": 1.25734519958,
        "momentary": {
            "dmean": 1.02811264992,
            "dmean2": 1.74985182285,
            "dvar": 0.983854055405,
            "dvar2": 2.2252163887,
            "max": -7.49730157852,
            "mean": -10.0385990143,
            "median": -9.65003013611,
            "min": -16.3640270233,
            "stdev": 1.54540300369,
            "var": 2.38827061653
        },
        "short_term": {
            "dmean": 0.13434663415,
            "dmean2": 0.227715864778,
            "dvar": 0.015938827768,
            "dvar2": 0.0328985601664,
            "max": -9.01880073547,
            "mean": -9.83946418762,
            "median": -9.68174743652,
            "min": -12.085108757,
            "stdev": 0.55516064167,
            "var": 0.308203369379
        }
    },
    "melbands_crest": {
        "dmean": 3.98316931725,
        "dmean2": 5.9503121376,
        "dvar": 14.0660438538,
        "dvar2": 31.9007587433,
        "max": 33.8242492676,
        "mean": 17.1627063751,
        "median": 16.9330883026,
        "min": 1.92175424099,
        "stdev": 6.12169742584,
        "var": 37.4751815796
    },
    "melbands_flatness_db": {
        "dmean": 0.0448941402137,
        "dmean2": 0.0629362612963,
        "dvar": 0.00242344778962,
        "dvar2": 0.00465506082401,
        "max": 0.578730642796,
        "mean": 0.220388293266,
        "median": 0.214089617133,
        "min": 0.003116435837,
        "stdev": 0.0848164856434,
        "var": 0.00719383591786
    },
    "melbands_kurtosis": {
        "dmean": 23.954870224,
        "dmean2": 37.9323577881,
        "dvar": 3464.98168945,
        "dvar2": 7843.13720703,
        "max": 821.23840332,
        "mean": 27.9477233887,
        "median": 6.69585323334,
        "min": -1.79751479626,
        "stdev": 65.1864318848,
        "var": 4249.27050781
    },
    "melbands_skewness": {
        "dmean": 1.49408316612,
        "dmean2": 2.19261169434,
        "dvar": 4.47160053253,
        "dvar2": 9.5444726944,
        "max": 24.8674182892,
        "mean": 3.2898452282,
        "median": 2.2395529747,
        "min": -1.68990516663,
        "stdev": 2.95319676399,
        "var": 8.72137069702
    },
    "melbands_spread": {
        "dmean": 11.0434474945,
        "dmean2": 16.8993968964,
        "dvar": 269.068725586,
        "dvar2": 681.909606934,
        "max": 146.211624146,
        "mean": 24.5910415649,
        "median": 23.0450458527,
        "min": 0.451510936022,
        "stdev": 18.8326148987,
        "var": 354.667358398
    },
    "pitch_salience": {
        "dmean": 0.0976217091084,
        "dmean2": 0.151513293386,
        "dvar": 0.0108927767724,
        "dvar2": 0.0238789059222,
        "max": 0.885981023312,
        "mean": 0.477494031191,
        "median": 0.448866188526,
        "min": 0.0736532956362,
        "stdev": 0.162727385759,
        "var": 0.0264801997691
    },
    "silence_rate_20dB": {
        "dmean": 0,
        "dmean2": 0,
        "dvar": 0,
        "dvar2": 0,
        "max": 1,
        "mean": 1,
        "median": 1,
        "min": 1,
        "stdev": 0,
        "var": 0
    },
    "silence_rate_30dB": {
        "dmean": 0.0681114569306,
        "dmean2": 0.136328428984,
        "dvar": 0.0634719282389,
        "dvar2": 0.142529562116,
        "max": 1,
        "mean": 0.943542122841,
        "median": 1,
        "min": 0,
        "stdev": 0.230804786086,
        "var": 0.0532708503306
    },
    "silence_rate_60dB": {
        "dmean": 0.0472136214375,
        "dmean2": 0.0945003852248,
        "dvar": 0.0449839122593,
        "dvar2": 0.0979653522372,
        "max": 1,
        "mean": 0.0703789666295,
        "median": 0,
        "min": 0,
        "stdev": 0.255782455206,
        "var": 0.0654246658087
    },
    "spectral_centroid": {
        "dmean": 425.146972656,
        "dmean2": 650.029174805,
        "dvar": 344017.71875,
        "dvar2": 736292.125,
        "max": 11207.7519531,
        "mean": 1477.66381836,
        "median": 1372.8104248,
        "min": 166.854049683,
        "stdev": 764.224182129,
        "var": 584038.5625
    },
    "spectral_complexity": {
        "dmean": 5.65479898453,
        "dmean2": 7.98295879364,
        "dvar": 62.7911682129,
        "dvar2": 108.820472717,
        "max": 59,
        "mean": 13.6148490906,
        "median": 11,
        "min": 0,
        "stdev": 11.41314888,
        "var": 130.259963989
    },
    "spectral_decrease": {
        "dmean": 3.89459309247e-09,
        "dmean2": 5.34163069332e-09,
        "dvar": 5.54150725487e-17,
        "dvar2": 1.00426370279e-16,
        "max": -9.86698688381e-29,
        "mean": -5.97395510837e-09,
        "median": -3.16014414636e-09,
        "min": -5.53016157312e-08,
        "stdev": 9.06805386336e-09,
        "var": 8.22296011774e-17
    },
    "spectral_energy": {
        "dmean": 0.0153832538053,
        "dmean2": 0.0209457632154,
        "dvar": 0.000815379433334,
        "dvar2": 0.0014573186636,
        "max": 0.211070209742,
        "mean": 0.024016270414,
        "median": 0.0127804018557,
        "min": 1.03558820243e-20,
        "stdev": 0.0352556966245,
        "var": 0.00124296406284
    },
    "spectral_energyband_high": {
        "dmean": 0.000772574392613,
        "dmean2": 0.00122456683312,
        "dvar": 2.41660973188e-06,
        "dvar2": 5.9911039898e-06,
        "max": 0.0099092386663,
        "mean": 0.000843738263939,
        "median": 0.000307447102387,
        "min": 7.29464005802e-21,
        "stdev": 0.00154130381998,
        "var": 2.37561744143e-06
    },
    "spectral_energyband_low": {
        "dmean": 0.0112859206274,
        "dmean2": 0.0158332176507,
        "dvar": 0.000765353383031,
        "dvar2": 0.00146440137178,
        "max": 0.196955665946,
        "mean": 0.0147608276457,
        "median": 0.00650045555085,
        "min": 6.71397749385e-23,
        "stdev": 0.0316170267761,
        "var": 0.000999636482447
    },
    "spectral_energyband_middle_high": {
        "dmean": 0.00274147209711,
        "dmean2": 0.00424377666786,
        "dvar": 2.47774787567e-05,
        "dvar2": 6.13300071564e-05,
        "max": 0.0428608544171,
        "mean": 0.00386648485437,
        "median": 0.00236979033798,
        "min": 1.81676993928e-21,
        "stdev": 0.00518785649911,
        "var": 2.69138563453e-05
    },
    "spectral_energyband_middle_low": {
        "dmean": 0.00363776413724,
        "dmean2": 0.00599843077362,
        "dvar": 5.77091741434e-05,
        "dvar2": 0.000156694470206,
        "max": 0.0522377081215,
        "mean": 0.00490216584876,
        "median": 0.00315934419632,
        "min": 3.2367409752e-22,
        "stdev": 0.00696546863765,
        "var": 4.85177552036e-05
    },
    "spectral_entropy": {
        "dmean": 0.256738692522,
        "dmean2": 0.371641993523,
        "dvar": 0.0737055242062,
        "dvar2": 0.141008988023,
        "max": 9.80743980408,
        "mean": 7.54486608505,
        "median": 7.59602308273,
        "min": 5.68038225174,
        "stdev": 0.481905221939,
        "var": 0.232232630253
    },
    "spectral_flux": {
        "dmean": 0.0405037924647,
        "dmean2": 0.0607941932976,
        "dvar": 0.00281139602885,
        "dvar2": 0.00577998859808,
        "max": 0.377445191145,
        "mean": 0.0856507718563,
        "median": 0.0608818717301,
        "min": 1.01763854288e-10,
        "stdev": 0.0744236633182,
        "var": 0.00553888175637
    },
    "spectral_kurtosis": {
        "dmean": 1.5715483427,
        "dmean2": 2.41062474251,
        "dvar": 3.35541820526,
        "dvar2": 7.14487552643,
        "max": 26.3542480469,
        "mean": 4.49828100204,
        "median": 3.92297792435,
        "min": -1.19953656197,
        "stdev": 2.7528822422,
        "var": 7.57836008072
    },
    "spectral_rms": {
        "dmean": 0.00121390388813,
        "dmean2": 0.00158298155293,
        "dvar": 3.15063402923e-06,
        "dvar2": 5.03081218994e-06,
        "max": 0.0143499877304,
        "mean": 0.00411548186094,
        "median": 0.00353110255674,
        "min": 3.17856873634e-12,
        "stdev": 0.00254820007831,
        "var": 6.49332378089e-06
    },
    "spectral_rolloff": {
        "dmean": 716.947021484,
        "dmean2": 1211.43066406,
        "dvar": 1543794.625,
        "dvar2": 3104901,
        "max": 18475.4882812,
        "mean": 1482.22680664,
        "median": 1227.39257812,
        "min": 64.599609375,
        "stdev": 1459.29394531,
        "var": 2129538.75
    },
    "spectral_skewness": {
        "dmean": 0.273178070784,
        "dmean2": 0.398479431868,
        "dvar": 0.0820945873857,
        "dvar2": 0.169869676232,
        "max": 3.80584764481,
        "mean": 1.74321842194,
        "median": 1.71531486511,
        "min": -0.031805306673,
        "stdev": 0.506096482277,
        "var": 0.256133645773
    },
    "spectral_spread": {
        "dmean": 1107461.125,
        "dmean2": 1718828.25,
        "dvar": 2.41187186278e+12,
        "dvar2": 4.48724624998e+12,
        "max": 39724588,
        "mean": 5850271.5,
        "median": 5532486,
        "min": 1337591.125,
        "stdev": 2007474.625,
        "var": 4.02995412992e+12
    },
    "spectral_strongpeak": {
        "dmean": 0.302505344152,
        "dmean2": 0.512511849403,
        "dvar": 0.2864831388,
        "dvar2": 0.746047616005,
        "max": 5.4198217392,
        "mean": 0.484547436237,
        "median": 0.273000866175,
        "min": 0,
        "stdev": 0.576303124428,
        "var": 0.332125276327
    },
    "zerocrossingrate": {
        "dmean": 0.015516535379,
        "dmean2": 0.0177123937756,
        "dvar": 0.000421281438321,
        "dvar2": 0.000503351038788,
        "max": 0.48291015625,
        "mean": 0.0630362406373,
        "median": 0.05908203125,
        "min": 0.00244140625,
        "stdev": 0.0378697700799,
        "var": 0.00143411941826
    },
    "barkbands": {
        "dmean": [0.000309949769871, 0.00996473804116, 0.00177883810829, 0.000741639116313, 0.00121967610903, 0.000738655391615, 0.000745241239201, 0.000594116514549, 0.000525072624441, 0.000332638825057, 0.000297386286547, 0.000373901391868, 0.000326314009726, 0.000341005565133, 0.000279383035377, 0.000207735894946, 0.000278671330307, 0.000412163353758, 0.000392619258491, 0.000406976585509, 0.000265999347903, 0.00014540333359, 6.46826883894e-05, 0.000106056584627, 6.3358231273e-05, 5.39821194252e-05, 6.3541488089e-06],
        "dmean2": [0.000520936970133, 0.0147019540891, 0.00298525765538, 0.00137667765375, 0.00205810903572, 0.00131095538381, 0.0012091556564, 0.00095662556123, 0.000801878399216, 0.000466072553536, 0.000468584155897, 0.00057636690326, 0.000490359030664, 0.000533188693225, 0.000471002917038, 0.000329854956362, 0.000451222033007, 0.000707001308911, 0.000668200023938, 0.000742262462154, 0.00046691429452, 0.000226043761359, 9.87689127214e-05, 0.000159079572768, 9.57942393143e-05, 8.36882827571e-05, 1.05765966509e-05],
        "dvar": [4.15101169438e-07, 0.000653069058899, 3.25147448166e-05, 7.04425019649e-06, 9.56694020715e-06, 4.40257554146e-06, 2.30836963055e-06, 1.04213654595e-06, 6.92589935625e-07, 3.00676504139e-07, 3.05433900394e-07, 5.7915593743e-07, 2.95402543316e-07, 3.21638964351e-07, 3.9982634803e-07, 1.72021529465e-07, 2.25193517167e-07, 9.76556293608e-07, 7.93211540895e-07, 1.21063715142e-06, 4.35911715613e-07, 8.8399154663e-08, 1.95411704595e-08, 2.82391958706e-08, 9.59896784281e-09, 6.11679240592e-09, 1.70060909799e-10],
        "dvar2": [1.0989532484e-06, 0.0013767775381, 7.57248199079e-05, 2.05940195883e-05, 2.64472637355e-05, 1.31335054903e-05, 5.6212702475e-06, 2.46745162258e-06, 1.46875174778e-06, 5.65675577491e-07, 6.92150933901e-07, 1.24112921185e-06, 6.91674017617e-07, 7.31135912702e-07, 1.07115283754e-06, 3.88531731232e-07, 5.71869861687e-07, 2.72234933618e-06, 2.1484311219e-06, 3.42179487234e-06, 1.18829279927e-06, 2.05849858048e-07, 3.70006425499e-08, 6.14096151708e-08, 2.15616964283e-08, 1.47090837288e-08, 4.24208335126e-10],
        "max": [0.00793547928333, 0.180250138044, 0.0468918457627, 0.021881012246, 0.0249202884734, 0.0184789411724, 0.014994263649, 0.011260913685, 0.00679211132228, 0.00569323683158, 0.00486686266959, 0.0136829102412, 0.00722461892292, 0.0065896930173, 0.00430755550042, 0.00317490217276, 0.00334311649203, 0.00806682836264, 0.00543561950326, 0.00713005289435, 0.00395836075768, 0.00262983422726, 0.00120195688214, 0.00147455919068, 0.00109418912325, 0.000604339991696, 0.000145672500366],
        "mean": [0.000476102548419, 0.0122358640656, 0.00174147752114, 0.000573207391426, 0.00128422363196, 0.000682585232425, 0.00084692123346, 0.000712794542778, 0.000712656590622, 0.000494992011227, 0.000368782348232, 0.000487846089527, 0.000421595788794, 0.000398713396862, 0.000278212159174, 0.000234657316469, 0.00033490799251, 0.000374741561245, 0.000341271661455, 0.000277289131191, 0.000211004386074, 0.000153782777488, 7.54437860451e-05, 0.000142324352055, 8.26636969578e-05, 6.6858039645e-05, 5.35140998181e-06],
        "median": [4.4465832616e-05, 0.00559895392507, 0.000291290634777, 0.000100895849755, 0.00040217244532, 9.04044791241e-05, 0.000212146725971, 0.000167860154761, 0.000188058242202, 0.000116813178465, 6.82989921188e-05, 0.000153501838213, 0.000139197538374, 0.000105631137558, 5.97495563852e-05, 5.67573370063e-05, 0.000108078020276, 8.53226010804e-05, 7.57167072152e-05, 1.72278687387e-05, 1.64097382367e-05, 3.22610321746e-05, 1.59495302796e-05, 7.19408271834e-05, 3.75286654162e-05, 3.15934121318e-05, 7.22734569081e-07],
        "min": [3.2735332585e-23, 3.72006387182e-23, 7.99783473315e-24, 1.88017755016e-23, 5.94925320798e-23, 3.58672523737e-23, 7.85277267901e-23, 1.36474608988e-23, 5.83345473798e-23, 1.25166515104e-22, 1.34373973372e-22, 9.8313702512e-23, 1.36846212962e-22, 1.89361680543e-22, 1.5009780137e-22, 1.49419078069e-22, 1.38132485378e-22, 2.07012588447e-22, 3.5019671187e-22, 3.05528933549e-22, 5.22138475603e-22, 4.21701411969e-22, 6.24033707599e-22, 7.4122511663e-22, 1.29082514039e-21, 1.41741447026e-21, 2.30864816494e-21],
        "stdev": [0.000790404679719, 0.0271941069514, 0.0053921029903, 0.00204049539752, 0.00266079511493, 0.00179104215931, 0.00156423088629, 0.00120609509759, 0.00109267071821, 0.000872156058904, 0.000683532154653, 0.000908136833459, 0.0006502137403, 0.00065771577647, 0.000588911352679, 0.00046499518794, 0.00053209788166, 0.000839638116304, 0.000768573430832, 0.000858877319843, 0.000566972012166, 0.000318232341669, 0.000160961513757, 0.000198307912797, 0.000113961265015, 8.8406552095e-05, 1.23670533867e-05],
        "var": [6.24739527666e-07, 0.000739519484341, 2.9074775739e-05, 4.16362126998e-06, 7.07983053871e-06, 3.20783215102e-06, 2.44681837103e-06, 1.45466538015e-06, 1.19392939268e-06, 7.60656178045e-07, 4.67216239031e-07, 8.24712515168e-07, 4.22777901576e-07, 4.32590013588e-07, 3.46816591446e-07, 2.16220527705e-07, 2.83128173351e-07, 7.04992146439e-07, 5.90705099057e-07, 7.3767023423e-07, 3.21457264363e-07, 1.01271822928e-07, 2.59086103682e-08, 3.93260286558e-08, 1.29871704502e-08, 7.81571873887e-09, 1.52944018561e-10]
    },
    "erbbands": {
        "dmean": [0.263441264629, 2.39625477791, 2.39981341362, 2.54365444183, 3.24100112915, 4.30147075653, 4.2313542366, 6.98271274567, 8.63926792145, 13.9486370087, 11.9216175079, 10.8760728836, 9.79020118713, 9.85162067413, 13.0037918091, 14.8488607407, 14.0797834396, 18.228767395, 15.59425354, 12.3568220139, 11.6712055206, 16.328130722, 21.43608284, 16.7370014191, 25.3616123199, 18.4904060364, 10.483048439, 11.4225435257, 5.64798641205, 2.63200092316, 1.86626303196, 2.33125305176, 1.65121376514, 0.746729493141, 0.469109892845, 0.286082148552, 0.0819773972034, 0.0187526270747, 0.000684554688632, 2.98558461509e-05],
        "dmean2": [0.38019451499, 3.72312831879, 4.10346508026, 4.34053659439, 5.586789608, 7.30601501465, 6.95084810257, 12.5421361923, 14.1937303543, 22.8598136902, 18.6238765717, 16.6424713135, 14.2942075729, 14.4958353043, 20.0137310028, 23.1382865906, 20.9528827667, 27.7836742401, 25.4142112732, 20.1202735901, 18.5251960754, 26.5311431885, 36.3865814209, 28.0396881104, 45.5193023682, 33.9330978394, 18.1643314362, 20.3965587616, 8.80791568756, 4.01572465897, 2.79514789581, 3.53038263321, 2.49078083038, 1.1227657795, 0.723760068417, 0.450019061565, 0.125049248338, 0.0305899567902, 0.00111148972064, 4.22122539021e-05],
        "dvar": [0.384833961725, 43.0220909119, 57.2277488708, 74.2498931885, 70.2606506348, 119.980903625, 68.5807113647, 443.057861328, 400.16015625, 701.029968262, 431.772583008, 345.180511475, 264.949157715, 275.442718506, 578.330200195, 1063.73010254, 658.809570312, 875.951599121, 982.060058594, 723.409179688, 490.759918213, 890.45123291, 2379.96777344, 1384.26855469, 3987.89208984, 2736.26074219, 682.362182617, 1075.20617676, 144.846160889, 26.9765892029, 17.6676082611, 16.8903751373, 6.29198741913, 1.36055231094, 0.530056476593, 0.172894820571, 0.013909178786, 0.00127465394326, 1.84858788543e-06, 2.30391505873e-09],
        "dvar2": [0.670860588551, 100.136253357, 128.639511108, 202.471450806, 190.865814209, 334.995422363, 185.925827026, 1321.93713379, 1005.15039062, 1751.32263184, 971.02557373, 737.004821777, 552.372802734, 513.874938965, 1357.77600098, 2308.32592773, 1541.60705566, 2110.93286133, 2521.04443359, 1806.59484863, 1101.02001953, 2330.75585938, 6499.72558594, 3770.62426758, 11010.7324219, 7822.42236328, 1898.60180664, 2976.04394531, 347.599365234, 58.0008544922, 35.6170082092, 38.4549942017, 13.0745973587, 2.88846445084, 1.24554371834, 0.415569841862, 0.0329714678228, 0.00316950050183, 4.55739473182e-06, 4.49031878347e-09],
        "max": [4.50428724289, 43.9042396545, 56.8649520874, 73.6977996826, 60.902015686, 95.0374755859, 73.2482147217, 187.465881348, 179.001998901, 227.268463135, 205.364196777, 187.218475342, 177.773834229, 207.378036499, 187.493530273, 616.759155273, 410.305511475, 380.796539307, 231.873214722, 173.19821167, 234.998809814, 238.669403076, 393.468505859, 264.148925781, 357.845245361, 350.407775879, 170.036590576, 227.397537231, 105.822975159, 47.7828712463, 38.8056526184, 41.5909423828, 23.9868412018, 11.6389741898, 7.44863653183, 4.15804767609, 0.820394337177, 0.323945492506, 0.0145964063704, 0.000294116791338],
        "mean": [0.351979345083, 2.68889355659, 2.67179179192, 2.21951770782, 2.88208007812, 4.41183567047, 5.07731533051, 6.02107954025, 9.10023212433, 16.1641979218, 15.9457855225, 14.6553134918, 15.7237939835, 15.0260601044, 17.1762275696, 19.3330001831, 19.555480957, 22.4451408386, 16.6886558533, 13.6067905426, 14.1396913528, 19.4663848877, 20.8232784271, 16.2558002472, 19.0361766815, 12.5531682968, 8.63407707214, 8.55558586121, 5.95634651184, 3.00651597977, 2.1152215004, 2.76949381828, 2.31285810471, 0.994302749634, 0.593152403831, 0.359334915876, 0.101529918611, 0.0184878986329, 0.000634621363133, 4.3948450184e-05],
        "median": [0.135392636061, 1.11367213726, 0.821208238602, 0.431029736996, 0.564654529095, 1.49855136871, 1.34351539612, 0.843393266201, 2.35261058807, 4.51658535004, 5.51379966736, 4.49506187439, 5.36684083939, 5.47824239731, 5.7786822319, 6.32109880447, 7.9586391449, 7.56003522873, 4.47243213654, 3.10444021225, 4.02595853806, 6.86825847626, 5.55035877228, 4.33072805405, 2.9482653141, 0.84455537796, 0.632345676422, 0.699307858944, 1.17049515247, 0.765608668327, 0.42367914319, 1.06009197235, 1.20748853683, 0.489554077387, 0.263252168894, 0.1756824404, 0.0463321730494, 0.00510944612324, 0.00014019839, 2.18177101488e-05],
        "min": [1.86545646535e-21, 5.22728669778e-21, 1.23012993495e-20, 2.79307776651e-20, 8.32716777296e-20, 1.72112852996e-19, 4.68281472126e-19, 2.49617931559e-19, 6.32733766695e-19, 1.28154875168e-18, 6.20942772352e-19, 1.11049565922e-18, 3.41316206756e-18, 3.71897880503e-18, 6.63132581828e-18, 4.03739991388e-18, 6.0954600195e-18, 1.04133047667e-17, 5.92662418467e-18, 9.46611761808e-18, 8.31075144313e-18, 8.36870537121e-18, 1.29230526361e-17, 1.15821159353e-17, 1.88858883064e-17, 1.55956847758e-17, 1.84018734972e-17, 2.11221859817e-17, 1.64422429214e-17, 1.53331575017e-17, 1.57832132381e-17, 1.64897081993e-17, 1.38261626386e-17, 1.28672899094e-17, 9.64035742385e-18, 5.79846702442e-18, 2.46035133152e-18, 1.23425356278e-18, 3.31795507832e-19, 3.14548417244e-20],
        "stdev": [0.736199676991, 6.4247341156, 7.24653577805, 7.3275551796, 7.03546619415, 9.40138530731, 9.04916667938, 17.4697570801, 19.4711341858, 28.1121273041, 26.0248146057, 23.4747238159, 24.1200885773, 24.632894516, 27.7405376434, 37.9852218628, 30.276512146, 34.3481063843, 31.328086853, 27.4201374054, 25.6720695496, 30.8192977905, 42.8862037659, 32.992023468, 51.3103141785, 40.1133041382, 21.9358654022, 26.874048233, 12.756526947, 5.74215888977, 4.74123334885, 4.53876686096, 3.07756114006, 1.37265753746, 0.836496293545, 0.47735747695, 0.13532088697, 0.0346604734659, 0.00131306785624, 5.78119943384e-05],
        "var": [0.541989982128, 41.2772064209, 52.5122795105, 53.6930656433, 49.4977836609, 88.3860397339, 81.8874130249, 305.192443848, 379.125061035, 790.291687012, 677.291015625, 551.06262207, 581.778686523, 606.77947998, 769.537414551, 1442.8770752, 916.667236328, 1179.79248047, 981.448974609, 751.863952637, 659.055114746, 949.829162598, 1839.22644043, 1088.47351074, 2632.74853516, 1609.07714844, 481.182220459, 722.214477539, 162.728973389, 32.9723892212, 22.4792957306, 20.6004047394, 9.47138309479, 1.88418877125, 0.699726045132, 0.227870151401, 0.0183117426932, 0.00120134849567, 1.72414706867e-06, 3.34222671761e-09]
    },
    "gfcc": {
        "mean": [-25.9903678894, 66.230140686, -101.757072449, 18.556810379, -49.599407196, 25.270866394, -37.0700035095, 25.2271385193, -24.4851989746, 8.56878566742, -13.6105232239, 7.11176538467, -15.8450117111],
        "cov": [[7588.32373047, -844.540344238, -319.796936035, 823.711181641, 126.15738678, 80.3507614136, -221.021987915, 39.5455284119, 97.0379638672, 211.984176636, -55.789768219, 120.448638916, -141.623947144], [-844.540344238, 1116.66796875, 370.032165527, 91.4549789429, 341.81338501, 273.382415771, 327.673736572, 105.015579224, 199.918457031, 12.4664516449, 72.9985122681, -0.630398988724, 63.4034805298], [-319.796936035, 370.032165527, 1109.53723145, 514.235168457, 357.239379883, 256.466125488, 261.572601318, 118.038322449, 135.41633606, 133.428359985, 68.5875244141, -6.29426050186, -2.86197137833], [823.711181641, 91.4549789429, 514.235168457, 1004.32025146, 270.849914551, 58.9309501648, 243.736679077, -13.7005748749, 150.084289551, 168.210327148, -8.83007907867, -26.0388412476, 58.2020797729], [126.15738678, 341.81338501, 357.239379883, 270.849914551, 559.641235352, 274.197509766, 143.018386841, 161.736206055, 140.247695923, 26.9305820465, 22.445148468, -7.66454076767, -28.3630905151], [80.3507614136, 273.382415771, 256.466125488, 58.9309501648, 274.197509766, 451.338623047, 215.319198608, 151.011917114, 147.272476196, 33.7823371887, 52.1229743958, 6.11050081253, -2.51094675064], [-221.021987915, 327.673736572, 261.572601318, 243.736679077, 143.018386841, 215.319198608, 442.436279297, 76.9102859497, 84.8761672974, 74.791847229, -1.55768954754, 15.591714859, 60.0002059937], [39.5455284119, 105.015579224, 118.038322449, -13.7005748749, 161.736206055, 151.011917114, 76.9102859497, 243.108139038, 82.9736404419, 3.75557184219, 40.7329864502, -9.40995502472, -40.3440971375], [97.0379638672, 199.918457031, 135.41633606, 150.084289551, 140.247695923, 147.272476196, 84.8761672974, 82.9736404419, 224.551879883, 67.0683441162, 12.036740303, -13.1033115387, 2.41288375854], [211.984176636, 12.4664516449, 133.428359985, 168.210327148, 26.9305820465, 33.7823371887, 74.791847229, 3.75557184219, 67.0683441162, 127.377754211, 4.81202840805, 1.53776228428, 18.3582401276], [-55.789768219, 72.9985122681, 68.5875244141, -8.83007907867, 22.445148468, 52.1229743958, -1.55768954754, 40.7329864502, 12.036740303, 4.81202840805, 111.635063171, 12.7173709869, -15.434510231], [120.448638916, -0.630398988724, -6.29426050186, -26.0388412476, -7.66454076767, 6.11050081253, 15.591714859, -9.40995502472, -13.1033115387, 1.53776228428, 12.7173709869, 101.137107849, 26.5224876404], [-141.623947144, 63.4034805298, -2.86197137833, 58.2020797729, -28.3630905151, -2.51094675064, 60.0002059937, -40.3440971375, 2.41288375854, 18.3582401276, -15.434510231, 26.5224876404, 111.137771606]],
        "icov": [[0.000229227458476, 3.78766198992e-05, 0.000241535002715, -0.000395876384573, 7.96760505182e-05, -0.00033471986535, 0.000315121520543, -0.000168849117472, 0.00016452051932, -0.00038280771696, 0.000242293186602, -0.000528130389284, 0.00048473503557], [3.78766198992e-05, 0.00199962058105, -0.000357753888238, 0.000750572071411, -0.00115874700714, 0.00067097437568, -0.00148980587255, 0.000839161686599, -0.0017769834958, 0.00119593343697, -0.00150264170952, 0.000564794638194, -0.00116885791067], [0.000241535002715, -0.000357753888238, 0.00187507364899, -0.00110157614108, -0.000156404246809, -0.000824490503874, 0.000367912492948, -0.00046363848378, 0.00087326799985, -0.00142917816993, -0.000104287435533, -0.000651216716506, 0.00106963189319], [-0.000395876384573, 0.000750572071411, -0.00110157614108, 0.00304879248142, -0.00160099740606, 0.00189807638526, -0.00189654750284, 0.00146646529902, -0.00169337692205, -0.000194358974113, -0.00117402581964, 0.00181323057041, -0.00189402664546], [7.96760505182e-05, -0.00115874700714, -0.000156404246809, -0.00160099740606, 0.00439927121624, -0.00221217586659, 0.00146697764285, -0.00186958862469, 0.000687117513735, 0.000456792738987, 0.0018650512211, -0.00103285140358, 0.00161420297809], [-0.00033471986535, 0.00067097437568, -0.000824490503874, 0.00189807638526, -0.00221217586659, 0.00583527982235, -0.00291488086805, 0.000199026486371, -0.00280087464489, 0.00121965236031, -0.00239854538813, 0.00105888349935, -0.00133783754427], [0.000315121520543, -0.00148980587255, 0.000367912492948, -0.00189654750284, 0.00146697764285, -0.00291488086805, 0.00566211994737, -0.00190115778241, 0.00225381413475, -0.00231586955488, 0.00261675287038, -0.00158575654496, -0.000108808708319], [-0.000168849117472, 0.000839161686599, -0.00046363848378, 0.00146646529902, -0.00186958862469, 0.000199026486371, -0.00190115778241, 0.00723921321332, -0.0024833928328, 0.00123865541536, -0.00239128060639, 0.00107401469722, 0.000968739390373], [0.00016452051932, -0.0017769834958, 0.00087326799985, -0.00169337692205, 0.000687117513735, -0.00280087464489, 0.00225381413475, -0.0024833928328, 0.0092638945207, -0.00452795810997, 0.00203827233054, -0.000196175038582, 0.00100322428625], [-0.00038280771696, 0.00119593343697, -0.00142917816993, -0.000194358974113, 0.000456792738987, 0.00121965236031, -0.00231586955488, 0.00123865541536, -0.00452795810997, 0.0137299345806, -0.00168571353424, 0.00065150129376, -0.0018203103682], [0.000242293186602, -0.00150264170952, -0.000104287435533, -0.00117402581964, 0.0018650512211, -0.00239854538813, 0.00261675287038, -0.00239128060639, 0.00203827233054, -0.00168571353424, 0.0122148580849, -0.0028563963715, 0.00253139366396], [-0.000528130389284, 0.000564794638194, -0.000651216716506, 0.00181323057041, -0.00103285140358, 0.00105888349935, -0.00158575654496, 0.00107401469722, -0.000196175038582, 0.00065150129376, -0.0028563963715, 0.01264539361, -0.00447305198759], [0.00048473503557, -0.00116885791067, 0.00106963189319, -0.00189402664546, 0.00161420297809, -0.00133783754427, -0.000108808708319, 0.000968739390373, 0.00100322428625, -0.0018203103682, 0.00253139366396, -0.00447305198759, 0.0137918693945]]
    },
    "melbands": {
        "dmean": [0.00262753060088, 0.00188811845146, 0.000439357652795, 0.000283447618131, 0.000148099279613, 0.000148044564412, 0.000140469550388, 0.00014922428818, 9.79205142357e-05, 6.79947333992e-05, 4.99113812111e-05, 4.25497200922e-05, 4.27618215326e-05, 4.08919077017e-05, 3.82623620681e-05, 3.42864768754e-05, 3.32441777573e-05, 2.59417010966e-05, 1.82622552529e-05, 1.42429435073e-05, 1.4097516214e-05, 1.68825317814e-05, 2.19324938371e-05, 1.81056657311e-05, 1.2714445802e-05, 1.66098288901e-05, 1.89914917428e-05, 1.05567432911e-05, 7.41644726077e-06, 4.28521570939e-06, 8.29376585898e-06, 3.70423572349e-06, 1.90783384824e-06, 1.28746376049e-06, 1.08176163849e-06, 1.23022391563e-06, 1.62108733548e-06, 1.33891455789e-06, 8.46681246003e-07, 6.18472540737e-07],
        "dmean2": [0.00382629386149, 0.00293357507326, 0.000745843281038, 0.000487466459163, 0.000241609159275, 0.000264522386715, 0.000229935831157, 0.000244098264375, 0.000152700435137, 0.000104189770354, 7.26668295101e-05, 6.17839905317e-05, 6.54092436889e-05, 6.26939363428e-05, 5.78529106861e-05, 5.18342421856e-05, 5.07924196427e-05, 4.25405632996e-05, 3.04614040942e-05, 2.30828554777e-05, 2.24755331146e-05, 2.73708847089e-05, 3.65408341167e-05, 3.13025666401e-05, 2.11687129195e-05, 2.88962164632e-05, 3.50577174686e-05, 1.93094438146e-05, 1.28920137286e-05, 7.3819555837e-06, 1.5081815036e-05, 5.9283884184e-06, 2.89806848741e-06, 1.99598116524e-06, 1.67471569057e-06, 1.84907059975e-06, 2.58071804637e-06, 2.09327936318e-06, 1.24971086279e-06, 9.55292080107e-07],
        "dvar": [4.17910741817e-05, 2.76698046946e-05, 1.77085360065e-06, 5.98241683747e-07, 8.2275278146e-08, 1.88607671703e-07, 1.0126206007e-07, 7.38619618801e-08, 2.81334475716e-08, 1.26648824761e-08, 6.8703842615e-09, 5.09404163296e-09, 6.04290528727e-09, 6.36374863916e-09, 8.84470630069e-09, 2.76264389143e-09, 3.04732705736e-09, 2.55547250028e-09, 1.7483763326e-09, 9.07386055182e-10, 6.81888712162e-10, 8.62340698848e-10, 2.02234340385e-09, 1.93171834084e-09, 7.63684893101e-10, 1.50893719741e-09, 2.51049536715e-09, 9.12849684731e-10, 3.59957480489e-10, 1.03532821205e-10, 7.28222815383e-10, 6.47062334269e-11, 1.39981594025e-11, 6.4791349369e-12, 6.81693720569e-12, 5.61809409758e-12, 9.16497433501e-12, 4.38850822002e-12, 1.65678939752e-12, 9.88329318559e-13],
        "dvar2": [7.99081099103e-05, 6.25569009571e-05, 4.74354737889e-06, 1.6662430653e-06, 2.22526125526e-07, 5.62542140869e-07, 2.52295933478e-07, 1.83504369033e-07, 6.2984589988e-08, 2.72368705367e-08, 1.41988421021e-08, 9.16292908215e-09, 1.3226727269e-08, 1.41694078692e-08, 2.00331733424e-08, 6.67969679569e-09, 7.24488202763e-09, 6.20278406416e-09, 4.54644233372e-09, 2.09611639157e-09, 1.53718449081e-09, 2.21760076968e-09, 5.4769762059e-09, 5.36238520255e-09, 2.06186134832e-09, 4.12725675858e-09, 7.050108497e-09, 2.61318322536e-09, 1.00811647918e-09, 2.78755823979e-10, 2.05514405494e-09, 1.60038107766e-10, 3.06352235246e-11, 1.38465983471e-11, 1.54612433967e-11, 1.06586354326e-11, 2.26815285304e-11, 9.71448182313e-12, 3.20273603645e-12, 2.29138669844e-12],
        "max": [0.0460751652718, 0.0339921452105, 0.011272081174, 0.00647611031309, 0.00265914644115, 0.0038444311358, 0.0028385289479, 0.00220137555152, 0.00169793341774, 0.00113434065133, 0.000888449430931, 0.000879507046193, 0.000723887933418, 0.000886827881914, 0.00233047641814, 0.000635508389678, 0.000779821479227, 0.000415363640059, 0.000404385704314, 0.000201142713195, 0.000276409438811, 0.00024819659302, 0.00036628957605, 0.000356236181688, 0.000194374122657, 0.000238206324866, 0.000267217168584, 0.000210316109587, 0.000127549661556, 8.47109549795e-05, 0.000189584126929, 7.01433164068e-05, 3.59201403626e-05, 2.2535212338e-05, 2.52801273746e-05, 2.67538634944e-05, 2.83568460873e-05, 1.92773950403e-05, 1.20281129057e-05, 1.06383986349e-05],
        "mean": [0.00339752342552, 0.00212739570998, 0.000388633168768, 0.000277120649116, 0.000181671668543, 0.000131255597807, 0.000149058454554, 0.000174865344889, 0.000128774699988, 9.09317022888e-05, 7.97328466433e-05, 6.30889553577e-05, 5.71592645429e-05, 5.05867683387e-05, 4.82249415654e-05, 4.55217523267e-05, 3.95425086026e-05, 2.74151261692e-05, 1.83084830496e-05, 1.6416886865e-05, 1.64171924553e-05, 1.9986402549e-05, 2.14003975998e-05, 1.63270342455e-05, 1.24961179608e-05, 1.35794325615e-05, 1.27641151266e-05, 7.08837615093e-06, 5.90960780755e-06, 3.78948266189e-06, 5.78335402679e-06, 3.72856720787e-06, 2.189911811e-06, 1.43616023252e-06, 1.09727147901e-06, 1.40021256811e-06, 1.84128555247e-06, 1.78342975232e-06, 1.12705981792e-06, 7.4795434557e-07],
        "median": [0.00145543180406, 0.000805723131634, 8.30187491374e-05, 7.59592003305e-05, 5.56051309104e-05, 1.85716035048e-05, 3.76383359253e-05, 4.96255561302e-05, 4.05820028391e-05, 2.47783573286e-05, 2.20592173719e-05, 1.93498963199e-05, 1.44073646879e-05, 1.38778641485e-05, 1.37831921165e-05, 1.4806033505e-05, 1.10901310109e-05, 6.13354995949e-06, 3.94070184484e-06, 3.60801482202e-06, 4.3737300075e-06, 6.45406726107e-06, 5.59463524041e-06, 3.47156696989e-06, 3.1447841593e-06, 2.63056062977e-06, 1.00441286577e-06, 3.9247015593e-07, 3.79741180723e-07, 3.25920382238e-07, 3.89659845723e-07, 6.58303406453e-07, 5.34911237082e-07, 3.59910274028e-07, 1.49721500975e-07, 3.27203395045e-07, 6.8953374921e-07, 8.99560404832e-07, 5.05047410115e-07, 3.00765321981e-07],
        "min": [1.42404476413e-23, 6.41630824656e-24, 7.04098984246e-24, 9.28178000932e-24, 1.4830761723e-23, 5.85913145047e-24, 1.16873032658e-23, 1.13558783449e-23, 5.82687887236e-24, 7.43213863371e-24, 1.7138252446e-23, 1.41586822085e-23, 2.11900487367e-23, 1.24545943473e-23, 1.07451438098e-23, 1.68599202305e-23, 1.8897909247e-23, 8.78606060534e-24, 1.08147726176e-23, 1.21412911391e-23, 8.92139758224e-24, 8.47673088946e-24, 9.31622719847e-24, 1.16040965841e-23, 9.07336848019e-24, 1.1634144296e-23, 1.40735956712e-23, 9.39147269591e-24, 1.06438611693e-23, 1.16503585431e-23, 1.26462007726e-23, 8.59796697768e-24, 8.67665111981e-24, 8.95632045451e-24, 8.21956933411e-24, 1.11281231575e-23, 9.93306199495e-24, 9.499472487e-24, 9.89781647856e-24, 1.15575601016e-23],
        "stdev": [0.00728500401601, 0.00521139753982, 0.00115126231685, 0.000642444822006, 0.000311551411869, 0.000364945153706, 0.000310296716634, 0.000290350610157, 0.000209259887924, 0.000143763216329, 0.000126024606288, 0.000109154912934, 9.89232212305e-05, 9.36911383178e-05, 0.00010425432265, 6.62580205244e-05, 6.38981364318e-05, 5.282739221e-05, 3.95052302338e-05, 3.28312853526e-05, 3.0335610063e-05, 3.15770048473e-05, 4.1514136683e-05, 3.72278700524e-05, 2.50551438512e-05, 3.26081244566e-05, 3.92659567297e-05, 2.31349640671e-05, 1.57119866344e-05, 9.0739067673e-06, 2.12117629417e-05, 8.27324583952e-06, 4.19935531681e-06, 2.81821894532e-06, 2.74501758213e-06, 2.75079605672e-06, 3.09774168272e-06, 2.45107071351e-06, 1.61747493621e-06, 1.09979737317e-06],
        "var": [5.30712859472e-05, 2.71586632152e-05, 1.32540492359e-06, 4.12735346345e-07, 9.7064280169e-08, 1.33184968831e-07, 9.62840474017e-08, 8.43034797526e-08, 4.37897007544e-08, 2.06678638648e-08, 1.588220222e-08, 1.19147953725e-08, 9.78580327882e-09, 8.77802897037e-09, 1.08689643952e-08, 4.3901251523e-09, 4.08297218257e-09, 2.79073342213e-09, 1.56066315427e-09, 1.07789321913e-09, 9.20249210168e-10, 9.97107285627e-10, 1.72342340399e-09, 1.38591427223e-09, 6.27760232685e-10, 1.06328967853e-09, 1.54181523104e-09, 5.35226585274e-10, 2.4686652722e-10, 8.23357770852e-11, 4.49938919456e-10, 6.84466025525e-11, 1.76345847647e-11, 7.94235857637e-12, 7.53512183205e-12, 7.56687854736e-12, 9.59600367917e-12, 6.00774725107e-12, 2.61622516186e-12, 1.20955426664e-12]
    },
    "melbands128": {
