{
"lowlevel": {
    "average_loudness": 0.981395363808,
    "barkbands_crest": {
        "dmean": 3.24438858032,
        "dmean2": 4.81820583344,
        "dvar": 8.47501277924,
        "dvar2": 14.0670595169,
        "max": 25.6752853394,
        "mean": 11.9993019104,
        "median": 10.49634552,
        "min": 2.97198200226,
        "stdev": 5.59054374695,
        "var": 31.2541790009
    },
    "barkbands_flatness_db": {
        "dmean": 0.0313179567456,
        "dmean2": 0.043588809669,
        "dvar": 0.00084189948393,
        "dvar2": 0.00140372803435,
        "max": 0.47582706809,
        "mean": 0.1538759619,
        "median": 0.137657463551,
        "min": 0.0406487844884,
        "stdev": 0.0655397325754,
        "var": 0.00429545622319
    },
    "barkbands_kurtosis": {
        "dmean": 8.97594833374,
        "dmean2": 12.8131141663,
        "dvar": 224.549804688,
        "dvar2": 437.243560791,
        "max": 255.215911865,
        "mean": 12.6828794479,
        "median": 4.43659925461,
        "min": -1.94407320023,
        "stdev": 22.4195041656,
        "var": 502.634124756
    },
    "barkbands_skewness": {
        "dmean": 1.06183409691,
        "dmean2": 1.47543048859,
        "dvar": 1.04108941555,
        "dvar2": 2.04367423058,
        "max": 12.6141748428,
        "mean": 2.56836795807,
        "median": 2.12547802925,
        "min": -2.18132925034,
        "stdev": 2.01383328438,
        "var": 4.05552482605
    },
    "barkbands_spread": {
        "dmean": 11.953496933,
        "dmean2": 18.2733268738,
        "dvar": 209.963287354,
        "dvar2": 470.68057251,
        "max": 108.112030029,
        "mean": 26.3044013977,
        "median": 20.9723739624,
        "min": 0.389117598534,
        "stdev": 21.223657608,
        "var": 450.443603516
    },
    "dissonance": {
        "dmean": 0.0245224051178,
        "dmean2": 0.0407479926944,
        "dvar": 0.000799981819,
        "dvar2": 0.00199640123174,
        "max": 0.500000059605,
        "mean": 0.455732792616,
        "median": 0.462001770735,
        "min": 0,
        "stdev": 0.0323065556586,
        "var": 0.00104371341877
    },
    "dynamic_complexity": 2.35214710236,
    "erbbands_crest": {
        "dmean": 3.01097393036,
        "dmean2": 4.91103029251,
        "dvar": 6.75988054276,
        "dvar2": 15.843038559,
        "max": 24.9174938202,
        "mean": 8.9253911972,
        "median": 8.29975223541,
        "min": 2.37795066833,
        "stdev": 3.90085434914,
        "var": 15.2166652679
    },
    "erbbands_flatness_db": {
        "dmean": 0.0188491083682,
        "dmean2": 0.0284229069948,
        "dvar": 0.000324775086483,
        "dvar2": 0.000685697654262,
        "max": 0.305312335491,
        "mean": 0.133649080992,
        "median": 0.128191426396,
        "min": 0.0519892759621,
        "stdev": 0.0360845252872,
        "var": 0.00130209291819
    },
    "erbbands_kurtosis": {
        "dmean": 1.27275538445,
        "dmean2": 2.10461354256,
        "dvar": 3.892162323,
        "dvar2": 10.2800998688,
        "max": 24.4788379669,
        "mean": 0.296155005693,
        "median": -0.278761148453,
        "min": -1.82004904747,
        "stdev": 2.06640625,
        "var": 4.27003479004
    },
    "erbbands_skewness": {
        "dmean": 0.572476387024,
        "dmean2": 0.880673646927,
        "dvar": 0.336430817842,
        "dvar2": 0.790255665779,
        "max": 4.76367902756,
        "mean": 0.573857545853,
        "median": 0.610898673534,
        "min": -2.57305526733,
        "stdev": 0.851458907127,
        "var": 0.724982321262
    },
    "erbbands_spread": {
        "dmean": 16.3641300201,
        "dmean2": 25.9441776276,
        "dvar": 280.528411865,
        "dvar2": 699.207275391,
        "max": 169.48135376,
        "mean": 59.8666610718,
        "median": 57.3701400757,
        "min": 5.15907812119,
        "stdev": 24.5159282684,
        "var": 601.030700684
    },
    "hfc": {
        "dmean": 16.4697933197,
        "dmean2": 26.4297122955,
        "dvar": 940.933044434,
        "dvar2": 2452.3581543,
        "max": 227.676757812,
        "mean": 22.4746131897,
        "median": 14.0351667404,
        "min": 1.14700225399e-16,
        "stdev": 29.3192996979,
        "var": 859.621337891
    },
    "loudness_ebu128": {
        "integrated": -9.40888595581,
        "loudness_range": 1.15173244476,
        "momentary": {
            "dmean": 0.842741549015,
            "dmean2": 1.35783076286,
            "dvar": 0.679672658443,
            "dvar2": 1.59013485909,
            "max": -7.73537158966,
            "mean": -9.69930076599,
            "median": -9.01536750793,
            "min": -17.1426010132,
            "stdev": 1.7816170454,
            "var": 3.17415928841
        },
        "short_term": {
            "dmean": 0.119073092937,
            "dmean2": 0.175523683429,
            "dvar": 0.00913143996149,
            "dvar2": 0.0208816360682,
            "max": -8.60806369781,
            "mean": -9.31592941284,
            "median": -9.20199394226,
            "min": -11.9711093903,
            "stdev": 0.536283910275,
            "var": 0.287600427866
        }
    },
    "melbands_crest": {
        "dmean": 4.00995540619,
        "dmean2": 6.17316532135,
        "dvar": 14.865983963,
        "dvar2": 26.6225585938,
        "max": 35.2942314148,
        "mean": 16.6035041809,
        "median": 14.8952121735,
        "min": 1.92997789383,
        "stdev": 7.16248416901,
        "var": 51.3011779785
    },
    "melbands_flatness_db": {
        "dmean": 0.0430508740246,
        "dmean2": 0.0578740984201,
        "dvar": 0.00153215811588,
        "dvar2": 0.00253694411367,
        "max": 0.61262691021,
        "mean": 0.215969577432,
        "median": 0.196502760053,
        "min": 0.00536992400885,
        "stdev": 0.0914961919188,
        "var": 0.00837155338377
    },
    "melbands_kurtosis": {
        "dmean": 21.3201999664,
        "dmean2": 31.6893062592,
        "dvar": 1196.97802734,
        "dvar2": 2660.98608398,
        "max": 515.567749023,
        "mean": 35.6606712341,
        "median": 19.7067604065,
        "min": -1.71729922295,
        "stdev": 47.4341201782,
        "var": 2249.99584961
    },
    "melbands_skewness": {
        "dmean": 1.28343880177,
        "dmean2": 1.87396633625,
        "dvar": 1.84752488136,
        "dvar2": 3.84638619423,
        "max": 19.3809261322,
        "mean": 4.23767805099,
        "median": 3.70919752121,
        "min": 0.131535381079,
        "stdev": 2.37763237953,
        "var": 5.65313529968
    },
    "melbands_spread": {
        "dmean": 13.8104200363,
        "dmean2": 21.4352722168,
        "dvar": 524.509399414,
        "dvar2": 1163.48522949,
        "max": 219.823928833,
        "mean": 23.2940883636,
        "median": 14.6188430786,
        "min": 0.420925229788,
        "stdev": 28.4512310028,
        "var": 809.472595215
    },
    "pitch_salience": {
        "dmean": 0.0982737317681,
        "dmean2": 0.148700073361,
        "dvar": 0.00843141227961,
        "dvar2": 0.0164464171976,
        "max": 0.927953839302,
        "mean": 0.52849906683,
        "median": 0.5677921772,
        "min": 0.0957523435354,
        "stdev": 0.163977041841,
        "var": 0.0268884710968
    },
    "silence_rate_20dB": {
        "dmean": 0,
        "dmean2": 0,
        "dvar": 0,
        "dvar2": 0,
        "max": 1,
        "mean": 1,
        "median": 1,
        "min": 1,
        "stdev": 0,
        "var": 0
    },
    "silence_rate_30dB": {
        "dmean": 0.0758513957262,
        "dmean2": 0.151820287108,
        "dvar": 0.0700973048806,
        "dvar2": 0.128771558404,
        "max": 1,
        "mean": 0.846867740154,
        "median": 1,
        "min": 0,
        "stdev": 0.360116839409,
        "var": 0.129684135318
    },
    "silence_rate_60dB": {
        "dmean": 0.0317337475717,
        "dmean2": 0.0635166540742,
        "dvar": 0.0307267569005,
        "dvar2": 0.0718766823411,
        "max": 1,
        "mean": 0.0425367355347,
        "median": 0,
        "min": 0,
        "stdev": 0.201809555292,
        "var": 0.0407270938158
    },
    "spectral_centroid": {
        "dmean": 422.72454834,
        "dmean2": 631.752929688,
        "dvar": 292566.6875,
        "dvar2": 539184.75,
        "max": 11066.1083984,
        "mean": 1152.17456055,
        "median": 971.357849121,
        "min": 199.661865234,
        "stdev": 751.920654297,
        "var": 565384.6875
    },
    "spectral_complexity": {
        "dmean": 4.2925696373,
        "dmean2": 6.32300519943,
        "dvar": 32.8401374817,
        "dvar2": 68.7622756958,
        "max": 52,
        "mean": 12.8762569427,
        "median": 11,
        "min": 0,
        "stdev": 7.44051933289,
        "var": 55.361328125
    },
    "spectral_decrease": {
        "dmean": 4.37430580646e-09,
        "dmean2": 6.39470876251e-09,
        "dvar": 5.27100463619e-17,
        "dvar2": 1.1021493448e-16,
        "max": 1.29944178537e-29,
        "mean": -9.16151599029e-09,
        "median": -3.82859077774e-09,
        "min": -5.75619587551e-08,
        "stdev": 1.16976828224e-08,
        "var": 1.36835777114e-16
    },
    "spectral_energy": {
        "dmean": 0.0176237672567,
        "dmean2": 0.0258525498211,
        "dvar": 0.000779478985351,
        "dvar2": 0.00165339501109,
        "max": 0.221686586738,
        "mean": 0.0366161949933,
        "median": 0.0162894260138,
        "min": 1.03546065183e-20,
        "stdev": 0.0445421971381,
        "var": 0.00198400742374
    },
    "spectral_energyband_high": {
        "dmean": 0.00161038653459,
        "dmean2": 0.00263927760534,
        "dvar": 1.225104279e-05,
        "dvar2": 3.21105435432e-05,
        "max": 0.0261193178594,
        "mean": 0.00166863203049,
        "median": 0.000600479601417,
        "min": 7.40944771872e-21,
        "stdev": 0.00325414678082,
        "var": 1.05894705484e-05
    },
    "spectral_energyband_low": {
        "dmean": 0.01134963613,
        "dmean2": 0.0157434213907,
        "dvar": 0.000538759340998,
        "dvar2": 0.000997844268568,
        "max": 0.164216414094,
        "mean": 0.0213719587773,
        "median": 0.00237901275977,
        "min": 1.05366762715e-22,
        "stdev": 0.0393909439445,
        "var": 0.00155164650641
    },
    "spectral_energyband_middle_high": {
        "dmean": 0.00113871844951,
        "dmean2": 0.00174858642276,
        "dvar": 2.25574535762e-06,
        "dvar2": 5.10557583766e-06,
        "max": 0.0119641050696,
        "mean": 0.00194759503938,
        "median": 0.00127350189723,
        "min": 1.36480206745e-21,
        "stdev": 0.00189140683506,
        "var": 3.577419875e-06
    },
    "spectral_energyband_middle_low": {
        "dmean": 0.0107387043536,
        "dmean2": 0.0188880190253,
        "dvar": 0.000560118234716,
        "dvar2": 0.0015964533668,
        "max": 0.158594399691,
        "mean": 0.0134689789265,
        "median": 0.00877934601158,
        "min": 3.72965686219e-22,
        "stdev": 0.0195578765124,
        "var": 0.000382510508643
    },
    "spectral_entropy": {
        "dmean": 0.30541279912,
        "dmean2": 0.450432777405,
        "dvar": 0.0924722328782,
        "dvar2": 0.190039679408,
        "max": 9.80691337585,
        "mean": 7.63020467758,
        "median": 7.60359477997,
        "min": 5.66164922714,
        "stdev": 0.538182020187,
        "var": 0.289639860392
    },
    "spectral_flux": {
        "dmean": 0.0466765910387,
        "dmean2": 0.0682033002377,
        "dvar": 0.00300232903101,
        "dvar2": 0.00447145476937,
        "max": 0.411309242249,
        "mean": 0.107073917985,
        "median": 0.0824891105294,
        "min": 1.01757588467e-10,
        "stdev": 0.0828780382872,
        "var": 0.00686876941472
    },
    "spectral_kurtosis": {
        "dmean": 1.5322458744,
        "dmean2": 2.35373282433,
        "dvar": 6.54093456268,
        "dvar2": 14.1025705338,
        "max": 38.7552528381,
        "mean": 2.83366894722,
        "median": 2.24721193314,
        "min": -1.26874709129,
        "stdev": 3.79584121704,
        "var": 14.4084100723
    },
    "spectral_rms": {
        "dmean": 0.00135595956817,
        "dmean2": 0.00192964542657,
        "dvar": 2.82499740933e-06,
        "dvar2": 5.16745603818e-06,
        "max": 0.0147064477205,
        "mean": 0.00510668521747,
        "median": 0.00398649275303,
        "min": 3.17837292943e-12,
        "stdev": 0.00310561992228,
        "var": 9.64487480815e-06
    },
    "spectral_rolloff": {
        "dmean": 1486.05871582,
        "dmean2": 2527.29101562,
        "dvar": 6151511,
        "dvar2": 13463826,
        "max": 19315.2832031,
        "mean": 2092.78442383,
        "median": 732.12890625,
        "min": 64.599609375,
        "stdev": 2939.49365234,
        "var": 8640623
    },
    "spectral_skewness": {
        "dmean": 0.32368427515,
        "dmean2": 0.476659983397,
        "dvar": 0.123962022364,
        "dvar2": 0.255649596453,
        "max": 5.11020278931,
        "mean": 1.4348487854,
        "median": 1.42308676243,
        "min": -0.0136741399765,
        "stdev": 0.579993844032,
        "var": 0.336392879486
    },
    "spectral_spread": {
        "dmean": 1240111,
        "dmean2": 1790171.125,
        "dvar": 2.22468348314e+12,
        "dvar2": 3.70192259482e+12,
        "max": 39139772,
        "mean": 7109965.5,
        "median": 6780561,
        "min": 1281627.375,
        "stdev": 2564925.5,
        "var": 6.57884341862e+12
    },
    "spectral_strongpeak": {
        "dmean": 0.317354410887,
        "dmean2": 0.537844717503,
        "dvar": 0.184016704559,
        "dvar2": 0.499679356813,
        "max": 5.65212631226,
        "mean": 0.640019059181,
        "median": 0.556284189224,
        "min": 0,
        "stdev": 0.469867616892,
        "var": 0.220775589347
    },
    "zerocrossingrate": {
        "dmean": 0.0256415680051,
        "dmean2": 0.0287957340479,
        "dvar": 0.00100594712421,
        "dvar2": 0.00118199235294,
        "max": 0.501953125,
        "mean": 0.0813160091639,
        "median": 0.06787109375,
        "min": 0.00244140625,
        "stdev": 0.0631301626563,
        "var": 0.00398541707546
    },
    "barkbands": {
        "dmean": [0.000503796269186, 0.00889490731061, 0.00513871852309, 0.00404551951215, 0.00458314176649, 0.00230790115893, 0.000741421827115, 0.000623580359388, 0.000558316532988, 0.000295656209346, 0.000181529976544, 0.000200640701223, 0.000187681493117, 0.000163556600455, 0.000126266124425, 0.000102931982838, 0.00012577950838, 7.02041652403e-05, 0.000145322366734, 0.000113394722575, 0.000128877552925, 0.000260055996478, 0.000424208643381, 0.000397563591832, 0.000351340713678, 0.000105077349872, 2.494137334e-06],
        "dmean2": [0.000601910520345, 0.00857259891927, 0.00954368710518, 0.0075000138022, 0.00806224532425, 0.00397470314056, 0.00122449081391, 0.00101433123928, 0.000922792183701, 0.000518703833222, 0.000305851048324, 0.000325125904055, 0.00029059840017, 0.000261024397332, 0.000199593909201, 0.000163322984008, 0.00019346587942, 0.000114776303235, 0.000226398085942, 0.00017980611301, 0.000205516233109, 0.000431805325206, 0.000707282160874, 0.000664141844027, 0.000582376553211, 0.000173945067218, 4.04810680266e-06],
        "dvar": [1.27967518893e-06, 0.000309592782287, 0.000258645566646, 0.000118319796456, 0.000125076476252, 1.46969396155e-05, 1.49727623011e-06, 1.48282310874e-06, 1.78697632691e-06, 3.90829427488e-07, 1.53073756337e-07, 1.4279818572e-07, 1.48864600646e-07, 1.49477415334e-07, 1.12806297636e-07, 4.01329529609e-08, 5.35831361503e-08, 2.67782436225e-08, 6.27540543974e-08, 4.56904345469e-08, 7.76471793529e-08, 3.62443074664e-07, 9.07179014575e-07, 8.16951796878e-07, 5.97142616243e-07, 4.055965519e-08, 2.53999234839e-11],
        "dvar2": [1.87867328805e-06, 0.0003041633463, 0.000733882887289, 0.000343613617588, 0.000358428020263, 3.95969000238e-05, 3.60110311703e-06, 3.82571261071e-06, 4.73713726024e-06, 1.06629545371e-06, 4.17392072904e-07, 3.38962593105e-07, 3.50246551761e-07, 3.55968097665e-07, 2.51975166066e-07, 1.00366904121e-07, 1.3041282898e-07, 6.82239260641e-08, 1.53867262043e-07, 1.03607824542e-07, 1.89699377984e-07, 9.44169926242e-07, 2.39078417508e-06, 2.1334055873e-06, 1.54950032538e-06, 1.05145829821e-07, 6.16641321338e-11],
        "max": [0.00892849359661, 0.137444376945, 0.10390137136, 0.0933179855347, 0.0816388577223, 0.0301383435726, 0.0121500147507, 0.0136637445539, 0.015873754397, 0.00467403512448, 0.00554007198662, 0.00435355585068, 0.00614134641364, 0.00451577175409, 0.00515444856137, 0.00298423995264, 0.00247045629658, 0.00216852244921, 0.00317381229252, 0.0026007106062, 0.00212716497481, 0.00504038203508, 0.00793119333684, 0.00616140058264, 0.00691335787997, 0.00213562557474, 4.20793076046e-05],
        "mean": [0.000666273059323, 0.0151114435866, 0.00379067147151, 0.00348062696867, 0.00464703282341, 0.00292899715714, 0.000934132316615, 0.000758452399168, 0.000645836582407, 0.000262000015937, 0.000195709013497, 0.000253110105405, 0.00022856380383, 0.000209571357118, 0.000174317989149, 0.000134088739287, 0.000163787830388, 7.69289617892e-05, 0.000201951901545, 0.000124397978652, 0.000127138453536, 0.000245685194386, 0.000428355473559, 0.000371762987925, 0.000341517559718, 0.000111228204332, 2.62041680799e-06],
        "median": [2.87211105388e-06, 9.26050997805e-05, 0.000698022311553, 0.000825454248115, 0.00194203294814, 0.00154780724552, 0.000357648648787, 0.000236494845012, 0.00020358186157, 7.35315479687e-05, 6.57050622976e-05, 0.000100492274214, 8.23422669782e-05, 7.22975091776e-05, 5.27748488821e-05, 4.69460574095e-05, 7.69739272073e-05, 3.13199743687e-05, 8.15338353277e-05, 3.87752334063e-05, 3.6702145735e-05, 6.58674834995e-05, 0.000142886914546, 9.31832182687e-05, 8.30618082546e-05, 2.63468500634e-05, 2.16264481878e-07],
        "min": [3.10504487537e-23, 6.72833539342e-23, 2.95779799207e-23, 1.02650438517e-23, 5.5589399782e-23, 6.51174006348e-23, 2.66084392607e-23, 1.22751288069e-22, 5.16973683349e-23, 8.670190349e-23, 7.82573242044e-23, 7.39127264115e-23, 1.28511966918e-22, 9.88812532234e-23, 1.71628175746e-22, 1.39736624562e-22, 1.63399813768e-22, 1.20705197451e-22, 1.69909759015e-22, 3.34289969116e-22, 2.65734068946e-22, 4.75193956356e-22, 1.0897057468e-21, 7.27778534427e-22, 1.15928575251e-21, 1.56892837162e-21, 2.16454647638e-21],
        "stdev": [0.00165308092255, 0.03322840482, 0.0123969968408, 0.0087045961991, 0.00912659242749, 0.0038637558464, 0.00145878572948, 0.00141785072628, 0.00130755780265, 0.000538197869901, 0.000375606643502, 0.00044272330706, 0.000422395096393, 0.000432185042882, 0.000420364522142, 0.000246675539529, 0.000259716092842, 0.000156510242959, 0.000317210215144, 0.000235289160628, 0.000271944532869, 0.000546554161701, 0.000878672348335, 0.000826814444736, 0.000737620983273, 0.000207391145523, 5.7401284721e-06],
        "var": [2.73267664852e-06, 0.0011041269172, 0.000153685527039, 7.57699890528e-05, 8.32946898299e-05, 1.49286097439e-05, 2.12805571209e-06, 2.01030070457e-06, 1.70970747604e-06, 2.89656924224e-07, 1.41080349181e-07, 1.96003924202e-07, 1.7841762201e-07, 1.86783921663e-07, 1.76706336674e-07, 6.08488193166e-08, 6.74524542887e-08, 2.449545633e-08, 1.00622315813e-07, 5.53609886822e-08, 7.39538350558e-08, 2.98721431591e-07, 7.72065050114e-07, 6.83622147335e-07, 5.44084741705e-07, 4.30110844718e-08, 3.29490740247e-11]
    },
    "erbbands": {
        "dmean": [0.392381191254, 1.68392932415, 5.36568403244, 9.95572662354, 13.1882677078, 16.2820415497, 19.513633728, 18.8831939697, 10.8692903519, 12.2425079346, 13.8668670654, 13.8101520538, 9.31079292297, 7.92114782333, 7.42608499527, 7.53095769882, 8.0652885437, 8.67040061951, 7.50710296631, 5.27029848099, 6.35849380493, 6.75544214249, 4.18487024307, 4.21748304367, 8.48387432098, 5.36568880081, 3.98059868813, 6.06277561188, 9.192694664, 10.4504089355, 13.484333992, 8.28858375549, 6.76863479614, 4.34658956528, 2.34161710739, 0.792430222034, 0.126365453005, 0.0118494546041, 0.000347771128872, 3.46479573636e-05],
        "dmean2": [0.376871913671, 2.03943109512, 9.52725791931, 18.0557804108, 24.2377433777, 28.472951889, 32.6773948669, 32.9615364075, 18.5534534454, 19.666223526, 22.6775245667, 23.1002922058, 15.8789339066, 13.3657941818, 12.2355146408, 11.9959001541, 12.5624217987, 13.5212497711, 11.4599704742, 8.02819442749, 9.86391544342, 10.4121770859, 6.69624137878, 6.62867546082, 13.3594322205, 8.6537361145, 6.34188508987, 9.81982040405, 15.4792718887, 17.1570281982, 22.8052635193, 13.7402887344, 11.3264446259, 7.21886491776, 3.91790747643, 1.30439388752, 0.20664986968, 0.0182462502271, 0.000557050458156, 5.48439420527e-05],
        "dvar": [0.63436961174, 13.9285459518, 263.651794434, 716.940124512, 1466.51953125, 1477.95227051, 974.780273438, 1144.29394531, 363.674743652, 482.597717285, 803.759277344, 1320.61181641, 301.096008301, 234.506912231, 257.639678955, 205.633605957, 308.535888672, 440.048217773, 430.228240967, 148.446868896, 135.937423706, 155.621322632, 93.762260437, 58.052028656, 219.488555908, 108.102348328, 71.6029052734, 167.186203003, 456.599761963, 617.379516602, 1023.62835693, 324.740875244, 240.310424805, 84.7581176758, 29.5589237213, 2.65864419937, 0.0532625615597, 0.000402468635002, 3.56699217718e-07, 2.20334683831e-09],
        "dvar2": [0.60051715374, 18.3197784424, 727.660888672, 2041.87854004, 4245.72705078, 4166.86474609, 2502.98071289, 3142.94897461, 947.36126709, 1081.8503418, 2137.31079102, 3555.93798828, 807.736938477, 607.748046875, 703.36126709, 481.648193359, 733.325622559, 1044.44177246, 963.492553711, 330.828979492, 322.277404785, 391.444946289, 236.414047241, 131.81892395, 554.577331543, 266.256591797, 178.153060913, 409.987701416, 1203.80603027, 1578.04321289, 2766.34545898, 844.812866211, 623.579040527, 215.847000122, 77.6457214355, 6.83358097076, 0.135403722525, 0.000905691355001, 8.59176566337e-07, 5.59066837269e-09],
        "max": [5.99746417999, 25.7583827972, 97.7889022827, 211.614089966, 288.407501221, 305.67578125, 307.184112549, 314.082244873, 200.764984131, 287.906982422, 293.841674805, 457.250396729, 149.709686279, 121.020706177, 246.610031128, 171.118728638, 328.325683594, 264.703033447, 334.088867188, 220.382324219, 184.384399414, 169.253921509, 149.425598145, 89.3570404053, 193.341049194, 107.234161377, 69.3382263184, 105.095581055, 158.002883911, 275.390319824, 269.309295654, 137.286148071, 116.440887451, 73.1250076294, 59.2036094666, 15.5281457901, 2.67597746849, 0.209350511432, 0.00460833637044, 0.000316477875458],
        "mean": [0.582374215126, 2.80029392242, 4.29327440262, 8.83063983917, 10.979177475, 16.8636417389, 25.4777374268, 22.842004776, 12.9563102722, 15.7051458359, 17.6028003693, 15.7012319565, 9.96354961395, 8.12180042267, 8.94130516052, 9.97030353546, 10.2350158691, 12.1338396072, 10.0524892807, 7.45775175095, 9.16386604309, 8.92209625244, 4.87899160385, 5.98378229141, 11.2964668274, 5.79196214676, 4.08557701111, 5.99416685104, 8.62546539307, 9.86574459076, 13.1785364151, 8.38176345825, 6.11903619766, 4.13463354111, 2.25179934502, 0.78568392992, 0.139234691858, 0.015063488856, 0.000446661724709, 6.30497452221e-05],
        "median": [0.00160735251848, 0.0451532676816, 0.778187215328, 2.61916828156, 3.19844841957, 6.77748632431, 12.0965414047, 10.6476411819, 5.17534685135, 6.78835058212, 6.26841497421, 5.00379991531, 3.62128615379, 2.65898346901, 3.46799278259, 3.87445998192, 4.20675706863, 4.57057237625, 3.1906015873, 2.56951189041, 3.99191522598, 4.14465522766, 2.00268483162, 2.51929044724, 4.66360712051, 2.03305721283, 1.28681766987, 1.71144092083, 2.23361611366, 2.89434361458, 4.11687755585, 2.51438474655, 1.31898617744, 1.00880086422, 0.468186885118, 0.163782715797, 0.0384629145265, 0.00346192135476, 0.00011709042883, 3.75201816496e-05],
        "min": [1.30869605844e-21, 1.7163283621e-20, 3.73769249977e-20, 2.89454116216e-20, 1.45472273523e-19, 1.90694302235e-19, 3.94431433272e-19, 4.89087856266e-19, 2.83117996735e-19, 1.07599002676e-18, 2.72997581527e-18, 1.11016830249e-18, 2.77724711932e-18, 2.51333059539e-18, 3.46584168525e-18, 2.4896037467e-18, 6.44792085133e-18, 6.28580627257e-18, 5.69875164234e-18, 9.03042835455e-18, 8.16387725357e-18, 9.25322118074e-18, 6.5582729489e-18, 7.2819827794e-18, 1.04790284023e-17, 1.5785145532e-17, 1.06581345116e-17, 1.11028019935e-17, 1.52295597474e-17, 2.33230919073e-17, 3.40743752277e-17, 1.62660766119e-17, 1.44679381615e-17, 1.13776823828e-17, 8.30679172954e-18, 4.82378397862e-18, 3.10618334812e-18, 1.22532725e-18, 2.68521929537e-19, 3.63177783844e-20],
        "stdev": [1.38131320477, 6.26878261566, 13.303276062, 21.6817970276, 30.0035877228, 32.6098327637, 34.5052719116, 32.7797203064, 19.6974868774, 27.0806446075, 32.8546943665, 33.7717781067, 16.9047966003, 14.4475240707, 15.4424343109, 17.1104850769, 19.1701927185, 23.8551006317, 25.2982120514, 16.2563476562, 15.3998918533, 13.6965875626, 9.44937992096, 9.43070602417, 17.0171108246, 10.5891437531, 8.32279396057, 12.6014070511, 19.2420330048, 23.0164890289, 28.406042099, 16.9255867004, 14.22514534, 8.82080841064, 5.11959409714, 1.6317358017, 0.244894817472, 0.0255673248321, 0.000734188884962, 5.96397949266e-05],
        "var": [1.90802621841, 39.2976341248, 176.977157593, 470.100311279, 900.215270996, 1063.40124512, 1190.61376953, 1074.51013184, 387.990966797, 733.361328125, 1079.43103027, 1140.53308105, 285.772125244, 208.730957031, 238.468780518, 292.768707275, 367.496276855, 569.065856934, 639.999511719, 264.268859863, 237.156661987, 187.596511841, 89.2907867432, 88.9382171631, 289.582061768, 112.129966736, 69.2689056396, 158.795455933, 370.255828857, 529.758728027, 806.903259277, 286.475494385, 202.354751587, 77.8066558838, 26.2102432251, 2.66256189346, 0.0599734708667, 0.000653688097373, 5.39033351288e-07, 3.55690499276e-09]
    },
    "gfcc": {
        "mean": [-3.78895902634, 65.617477417, -89.1166152954, 28.7337913513, -75.4702529907, 14.1572694778, -57.045249939, 3.42646026611, -31.8086128235, -0.902482330799, -19.0793857574, 0.515738427639, -17.835855484],
        "cov": [[4628.77929688, -837.029907227, 130.893264771, 225.992523193, -249.472229004, 274.699279785, -151.031677246, 121.569419861, -109.741615295, 130.990402222, -73.1735610962, 35.6884994507, -65.3044662476], [-837.029907227, 1663.06274414, 62.983795166, 39.7263565063, 453.728240967, -59.2192077637, 381.069610596, -0.296562731266, 265.445007324, -53.8642616272, 224.472930908, -7.05676317215, 70.2408981323], [130.893264771, 62.983795166, 870.567993164, 172.767974854, 242.142684937, 225.296585083, 190.308990479, 177.074462891, 77.6241455078, 138.030456543, 74.2608566284, 80.5146484375, 65.9739227295], [225.992523193, 39.7263565063, 172.767974854, 385.752166748, 142.952880859, 109.461433411, 58.8907279968, 46.3944664001, 120.678756714, 67.0815429688, 79.7857894897, 7.12391853333, 68.764251709], [-249.472229004, 453.728240967, 242.142684937, 142.952880859, 426.390319824, 81.7693252563, 185.275390625, 69.8667144775, 154.331359863, 84.1650009155, 90.1876296997, 16.3604068756, 47.6034240723], [274.699279785, -59.2192077637, 225.296585083, 109.461433411, 81.7693252563, 249.601226807, 105.037902832, 99.0904464722, 79.7448043823, 81.5461273193, 58.8163948059, 28.4904060364, 29.2733192444], [-151.031677246, 381.069610596, 190.308990479, 58.8907279968, 185.275390625, 105.037902832, 384.323699951, 132.947845459, 82.5356826782, 39.8037948608, 81.3559570312, 57.50207901, 28.1312217712], [121.569419861, -0.296562731266, 177.074462891, 46.3944664001, 69.8667144775, 99.0904464722, 132.947845459, 185.208465576, 57.2287254333, 56.3087272644, 46.8388671875, 18.3036270142, 5.89420223236], [-109.741615295, 265.445007324, 77.6241455078, 120.678756714, 154.331359863, 79.7448043823, 82.5356826782, 57.2287254333, 234.38520813, 81.3405609131, 79.4819259644, 1.64316427708, 50.4461936951], [130.990402222, -53.8642616272, 138.030456543, 67.0815429688, 84.1650009155, 81.5461273193, 39.8037948608, 56.3087272644, 81.3405609131, 145.666748047, 44.2019500732, 15.7702732086, 26.2124252319], [-73.1735610962, 224.472930908, 74.2608566284, 79.7857894897, 90.1876296997, 58.8163948059, 81.3559570312, 46.8388671875, 79.4819259644, 44.2019500732, 171.174819946, 29.413318634, 21.8181400299], [35.6884994507, -7.05676317215, 80.5146484375, 7.12391853333, 16.3604068756, 28.4904060364, 57.50207901, 18.3036270142, 1.64316427708, 15.7702732086, 29.413318634, 101.777442932, 36.9184913635], [-65.3044662476, 70.2408981323, 65.9739227295, 68.764251709, 47.6034240723, 29.2733192444, 28.1312217712, 5.89420223236, 50.4461936951, 26.2124252319, 21.8181400299, 36.9184913635, 117.742202759]],
        "icov": [[0.00029324227944, -0.000105673178041, 8.22735237307e-05, -0.000323235959513, 0.000228638426051, -0.000398313364713, 0.000254444574239, -0.000283475324977, 0.000325428234646, -0.000402313220548, 0.000319219863741, -0.000321996310959, 0.000320298160659], [-0.000105673178041, 0.00229013082571, -0.000333540694555, 0.00109789893031, -0.00151866825763, 0.00148737768177, -0.00206079590134, 0.00172442989424, -0.00218402361497, 0.00264689559117, -0.0024655230809, 0.00175660522655, -0.000976328388788], [8.22735237307e-05, -0.000333540694555, 0.00210012821481, -0.000547670468222, -0.000629088492133, -0.00127054366749, 0.000437194277765, -0.00139703648165, 0.00123777380213, -0.00119979842566, 0.000715757079888, -0.00122261641081, -8.90741866897e-05], [-0.000323235959513, 0.00109789893031, -0.000547670468222, 0.00454728491604, -0.00136957503855, 0.000113585498184, -0.000824898539577, 0.00123224419076, -0.00203260383569, 0.00159979076125, -0.00224922038615, 0.00197367696092, -0.00220957072452], [0.000228638426051, -0.00151866825763, -0.000629088492133, -0.00136957503855, 0.00538502121344, -0.000419077929109, -0.000200412454433, -0.000319719372783, -0.000178214148036, -0.00259771058336, 0.00121633103117, -0.000378258439014, 0.000723944511265], [-0.000398313364713, 0.00148737768177, -0.00127054366749, 0.000113585498184, -0.000419077929109, 0.00809025391936, -0.00217631529085, -7.08813240635e-05, -0.00244412873872, 0.000445307668997, -0.00220979540609, 0.00118213740643, -0.000794259016402], [0.000254444574239, -0.00206079590134, 0.000437194277765, -0.000824898539577, -0.000200412454433, -0.00217631529085, 0.0066020344384, -0.00421576900408, 0.00194005074445, -0.00130264856853, 0.00178703467827, -0.00360300741158, 0.0011204770999], [-0.000283475324977, 0.00172442989424, -0.00139703648165, 0.00123224419076, -0.000319719372783, -7.08813240635e-05, -0.00421576900408, 0.0107687823474, -0.00266064913012, 0.000822356145363, -0.00250100810081, 0.00232616951689, 0.000183148411452], [0.000325428234646, -0.00218402361497, 0.00123777380213, -0.00203260383569, -0.000178214148036, -0.00244412873872, 0.00194005074445, -0.00266064913012, 0.0100910356268, -0.00508868601173, 0.000956158502959, -0.000316170189762, -0.00094230833929], [-0.000402313220548, 0.00264689559117, -0.00119979842566, 0.00159979076125, -0.00259771058336, 0.000445307668997, -0.00130264856853, 0.000822356145363, -0.00508868601173, 0.0139364544302, -0.00356020894833, 0.00157926394604, -0.00161245721392], [0.000319219863741, -0.0024655230809, 0.000715757079888, -0.00224922038615, 0.00121633103117, -0.00220979540609, 0.00178703467827, -0.00250100810081, 0.000956158502959, -0.00356020894833, 0.0108370082453, -0.00414640083909, 0.00199122191407], [-0.000321996310959, 0.00175660522655, -0.00122261641081, 0.00197367696092, -0.000378258439014, 0.00118213740643, -0.00360300741158, 0.00232616951689, -0.000316170189762, 0.00157926394604, -0.00414640083909, 0.0151087436825, -0.00527589581907], [0.000320298160659, -0.000976328388788, -8.90741866897e-05, -0.00220957072452, 0.000723944511265, -0.000794259016402, 0.0011204770999, 0.000183148411452, -0.00094230833929, -0.00161245721392, 0.00199122191407, -0.00527589581907, 0.0122694764286]]
    },
    "melbands": {
        "dmean": [0.00292604696006, 0.00231727864593, 0.00176588096656, 0.000993511173874, 0.000699938100297, 0.000413580564782, 0.000163119315403, 0.000134337984491, 0.000110438617412, 8.31943034427e-05, 4.65230150439e-05, 3.37459787261e-05, 2.64674672508e-05, 2.39454748225e-05, 1.59686496772e-05, 2.1302519599e-05, 1.50473124449e-05, 1.31756823976e-05, 7.3480264291e-06, 6.71886255077e-06, 8.23729715194e-06, 8.15558450995e-06, 4.6114973884e-06, 3.06248853121e-06, 3.3162177715e-06, 7.28807981432e-06, 5.39404254596e-06, 3.13741156788e-06, 2.17563933802e-06, 2.99868270304e-06, 3.76739831154e-06, 5.79506149734e-06, 4.36392929259e-06, 6.36983531876e-06, 7.45508577893e-06, 7.24729852664e-06, 4.65116863779e-06, 4.9835880418e-06, 4.07323204854e-06, 3.69275858247e-06],
        "dmean2": [0.00261512538418, 0.00373350339942, 0.00315233459696, 0.00179376092274, 0.00117523188237, 0.000721837102901, 0.000276495615253, 0.000216806452954, 0.000180639341124, 0.000138694318593, 7.99478584668e-05, 5.71844175283e-05, 4.39220275439e-05, 3.97577132389e-05, 2.58479249169e-05, 3.29444483214e-05, 2.37322092289e-05, 2.02228329726e-05, 1.14658387247e-05, 1.05845347207e-05, 1.29377540361e-05, 1.26812774397e-05, 7.21143032933e-06, 5.0106409617e-06, 5.21135734743e-06, 1.15259799713e-05, 8.52804987517e-06, 5.25864743395e-06, 3.55735892299e-06, 4.74069065604e-06, 6.13024212726e-06, 9.9334083643e-06, 7.08098605173e-06, 1.0545863006e-05, 1.26099521367e-05, 1.21879784274e-05, 7.68721019995e-06, 8.36687468109e-06, 6.80750554238e-06, 6.13504244029e-06],
        "dvar": [3.18326528941e-05, 3.62397586287e-05, 2.21110185521e-05, 7.2925713539e-06, 1.31499507461e-06, 5.27183544818e-07, 7.569543925e-08, 5.37173434623e-08, 4.9646235567e-08, 4.55820305945e-08, 7.81745068679e-09, 4.45479786393e-09, 3.19930815174e-09, 2.11390815963e-09, 1.17159826285e-09, 1.91124760462e-09, 1.33756272724e-09, 1.352381096e-09, 2.76615230721e-10, 2.12116754716e-10, 2.62765587067e-10, 2.48482540099e-10, 9.24999035701e-11, 5.3326055377e-11, 3.87538993951e-11, 1.71886171962e-10, 1.14323259193e-10, 4.09590833472e-11, 1.86718401157e-11, 5.2392735983e-11, 6.06067210307e-11, 1.96985039391e-10, 8.57273141364e-11, 2.4705937296e-10, 3.1025948477e-10, 2.44554820839e-10, 1.10013241572e-10, 1.35245745159e-10, 7.84742895665e-11, 6.28776683498e-11],
        "dvar2": [2.82803575828e-05, 9.19704252738e-05, 6.24026870355e-05, 2.0971381673e-05, 3.45439093508e-06, 1.4381641904e-06, 1.94979023149e-07, 1.23425721199e-07, 1.33301952587e-07, 1.22610970266e-07, 2.11609201273e-08, 1.15999396755e-08, 8.67706351215e-09, 5.28892885043e-09, 2.61969002047e-09, 4.42526326694e-09, 3.18016235568e-09, 2.99278712923e-09, 6.05579808521e-10, 5.04515207389e-10, 6.33725516508e-10, 6.25957841116e-10, 2.2047931536e-10, 1.3639281371e-10, 9.03511571115e-11, 4.15707357426e-10, 2.54711529646e-10, 1.07028053087e-10, 4.75753325624e-11, 1.25020244157e-10, 1.48938791855e-10, 5.2731607969e-10, 2.13704137719e-10, 6.34006291911e-10, 8.32997115729e-10, 6.59192589403e-10, 2.83806644852e-10, 3.54307527761e-10, 1.9774913651e-10, 1.62768701295e-10],
        "max": [0.0444458983839, 0.0388275571167, 0.036507923156, 0.0187623500824, 0.00938391406089, 0.00657435739413, 0.00284329941496, 0.00273593026213, 0.00220065633766, 0.00257758470252, 0.000732103129849, 0.000532386067789, 0.000759714690503, 0.000481160881463, 0.000440646777861, 0.000508243916556, 0.000443589146016, 0.000578722567298, 0.000227027907385, 0.000217185748625, 0.000268473959295, 0.000212088954868, 0.000130157684907, 7.42413467378e-05, 8.05121089797e-05, 0.000216136948438, 0.000129666528665, 4.90498168801e-05, 3.52090937668e-05, 6.8146517151e-05, 6.77817733958e-05, 0.000102621052065, 7.75707376306e-05, 0.000218755027163, 0.00015795516083, 0.000129588777781, 7.86626624176e-05, 7.94922016212e-05, 9.38745652093e-05, 7.14659763617e-05],
        "mean": [0.00462215906009, 0.00268411776051, 0.00159322971012, 0.000935880409088, 0.000907882465981, 0.00050788547378, 0.000198563822778, 0.000170333863935, 0.000137633280247, 9.28500230657e-05, 4.82113973703e-05, 3.29192189383e-05, 3.02686585201e-05, 2.92505992547e-05, 2.01471448236e-05, 2.71215340035e-05, 2.03914787562e-05, 1.66583740793e-05, 1.01517671283e-05, 8.87234818947e-06, 1.11564186227e-05, 1.0505686987e-05, 5.30542820343e-06, 3.36535185852e-06, 4.4536977839e-06, 9.6710609796e-06, 6.40196913082e-06, 3.05562662106e-06, 2.26561655836e-06, 2.83346616925e-06, 3.73433044842e-06, 5.26132589584e-06, 4.22031871494e-06, 5.89142655372e-06, 7.28133909433e-06, 7.20975140212e-06, 4.48074615633e-06, 4.38981396655e-06, 3.69868052985e-06, 3.46811498275e-06],
        "median": [1.84725340659e-05, 0.000368684879504, 0.000505746051203, 0.00037709804019, 0.00045423663687, 0.000247462710831, 8.24689705041e-05, 7.5975949585e-05, 5.12061378686e-05, 2.71990084002e-05, 1.66632762557e-05, 1.01612331491e-05, 1.11548779387e-05, 1.16846358651e-05, 7.02611532688e-06, 9.86475970421e-06, 6.98168832969e-06, 4.55939289168e-06, 3.348145583e-06, 3.06612741952e-06, 4.75512297271e-06, 4.69051701657e-06, 1.71333135768e-06, 1.34879257985e-06, 1.75893137566e-06, 3.58756733476e-06, 1.91511958292e-06, 9.3795608791e-07, 7.49116452425e-07, 6.09759922554e-07, 1.09199481813e-06, 1.19072171856e-06, 1.30182547764e-06, 1.62356855071e-06, 2.23380766329e-06, 2.04483535526e-06, 1.12114923922e-06, 7.75308990342e-07, 8.07953369986e-07, 7.76953129389e-07],
        "min": [1.66972586896e-23, 2.07507068551e-23, 8.91474117392e-24, 1.29477791412e-23, 1.19867611764e-23, 1.11296827355e-23, 4.43267647961e-24, 1.60872435956e-23, 2.05950977306e-23, 6.55481289442e-24, 1.37574722852e-23, 9.95291131305e-24, 1.17062611711e-23, 8.44338021697e-24, 8.56946622204e-24, 1.48561172902e-23, 1.10494153495e-23, 6.52699253131e-24, 1.47195749339e-23, 1.19175962188e-23, 8.33645722102e-24, 1.20951175326e-23, 4.18130871318e-24, 6.09765498364e-24, 5.49657768374e-24, 7.94728925951e-24, 8.7505902636e-24, 1.11413689209e-23, 6.40997053805e-24, 6.90214164567e-24, 6.28560069988e-24, 8.70943381245e-24, 9.78775381621e-24, 1.29740789749e-23, 1.91793069759e-23, 1.62834538131e-23, 8.26929754785e-24, 1.0600539295e-23, 9.5233797056e-24, 9.5040328919e-24],
        "stdev": [0.0104856556281, 0.00627012038603, 0.00386858684942, 0.00214556744322, 0.00119434087537, 0.000709826301318, 0.000292694952805, 0.000277630373603, 0.000250185432378, 0.000200407972443, 8.43122033984e-05, 6.20497885393e-05, 5.54529979127e-05, 5.13520644745e-05, 3.93574882764e-05, 4.96011416544e-05, 4.11377041019e-05, 4.51211126347e-05, 2.16034059122e-05, 1.78956233867e-05, 1.98382422241e-05, 1.73218413693e-05, 1.0148211004e-05, 6.90854676577e-06, 7.66643915995e-06, 1.66380632436e-05, 1.22737355923e-05, 5.98241649641e-06, 4.27883469456e-06, 7.04757758285e-06, 7.69824873714e-06, 1.23613081087e-05, 8.90584487934e-06, 1.44699088196e-05, 1.5846979295e-05, 1.43738679981e-05, 9.80265213002e-06, 1.05631561382e-05, 8.41209748614e-06, 7.50394110582e-06],
        "var": [0.000109948981844, 3.93144073314e-05, 1.49659645103e-05, 4.60345927422e-06, 1.42645012602e-06, 5.03853357259e-07, 8.5670343708e-08, 7.70786172666e-08, 6.25927469855e-08, 4.01633535319e-08, 7.10854797248e-09, 3.85017617788e-09, 3.07503489339e-09, 2.63703459069e-09, 1.54901191873e-09, 2.46027331841e-09, 1.69231062497e-09, 2.0359147701e-09, 4.66707172908e-10, 3.20253351616e-10, 3.93555882328e-10, 3.000462101e-10, 1.02986182082e-10, 4.77280194533e-11, 5.87742909897e-11, 2.76825146139e-10, 1.50644580144e-10, 3.57893090164e-11, 1.83084276906e-11, 4.96683492945e-11, 5.92630389207e-11, 1.52801937769e-10, 7.93140692013e-11, 2.09378250848e-10, 2.51126758277e-10, 2.06608091746e-10, 9.60919954718e-11, 1.1158026586e-10, 7.07633882047e-11, 5.63091309691e-11]
    },
    "melbands128": {
