{
"lowlevel": {
    "average_loudness": 0.974689185619,
    "barkbands_crest": {
        "dmean": 2.08365607262,
        "dmean2": 3.42996954918,
        "dvar": 3.96652936935,
        "dvar2": 10.2347946167,
        "max": 20.4690513611,
        "mean": 7.96169042587,
        "median": 7.48457956314,
        "min": 3.20095038414,
        "stdev": 2.78588914871,
        "var": 7.76117801666
    },
    "barkbands_flatness_db": {
        "dmean": 0.0214507393539,
        "dmean2": 0.0333150587976,
        "dvar": 0.000472496409202,
        "dvar2": 0.00112060573883,
        "max": 0.299572378397,
        "mean": 0.120445989072,
        "median": 0.115026079118,
        "min": 0.0301587749273,
        "stdev": 0.0399968139827,
        "var": 0.00159974512644
    },
    "barkbands_kurtosis": {
        "dmean": 2.8081433773,
        "dmean2": 4.37324810028,
        "dvar": 28.5013122559,
        "dvar2": 72.039100647,
        "max": 111.226737976,
        "mean": 3.94067144394,
        "median": 2.06269741058,
        "min": -1.65835416317,
        "stdev": 6.67847824097,
        "var": 44.6020698547
    },
    "barkbands_skewness": {
        "dmean": 0.519233763218,
        "dmean2": 0.768515229225,
        "dvar": 0.294267088175,
        "dvar2": 0.644824683666,
        "max": 8.34143733978,
        "mean": 1.5392665863,
        "median": 1.42912518978,
        "min": -1.9292755127,
        "stdev": 0.996407985687,
        "var": 0.992828845978
    },
    "barkbands_spread": {
        "dmean": 5.22454452515,
        "dmean2": 8.02492523193,
        "dvar": 36.1679229736,
        "dvar2": 77.3013305664,
        "max": 98.6633453369,
        "mean": 20.0732135773,
        "median": 19.3819637299,
        "min": 1.64330160618,
        "stdev": 9.65205478668,
        "var": 93.1621627808
    },
    "dissonance": {
        "dmean": 0.0254878681153,
        "dmean2": 0.0419100411236,
        "dvar": 0.000759913295042,
        "dvar2": 0.00200750492513,
        "max": 0.499999940395,
        "mean": 0.44749173522,
        "median": 0.455862402916,
        "min": 0.0776431038976,
        "stdev": 0.0357100069523,
        "var": 0.00127520470414
    },
    "dynamic_complexity": 1.70756912231,
    "erbbands_crest": {
        "dmean": 2.4909029007,
        "dmean2": 4.00981330872,
        "dvar": 5.47710752487,
        "dvar2": 12.5483703613,
        "max": 24.658996582,
        "mean": 8.68186855316,
        "median": 7.72039985657,
        "min": 2.98665785789,
        "stdev": 3.78503537178,
        "var": 14.3264932632
    },
    "erbbands_flatness_db": {
        "dmean": 0.0199153404683,
        "dmean2": 0.0287988930941,
        "dvar": 0.000377159420168,
        "dvar2": 0.000747156096622,
        "max": 0.263779819012,
        "mean": 0.146740853786,
        "median": 0.146182432771,
        "min": 0.0445089936256,
        "stdev": 0.0372125804424,
        "var": 0.00138477608562
    },
    "erbbands_kurtosis": {
        "dmean": 0.854165673256,
        "dmean2": 1.29804265499,
        "dvar": 1.07087051868,
        "dvar2": 2.42912006378,
        "max": 9.87016201019,
        "mean": 0.426975339651,
        "median": -0.0763473510742,
        "min": -1.65934658051,
        "stdev": 1.67973005772,
        "var": 2.82149291039
    },
    "erbbands_skewness": {
        "dmean": 0.346508800983,
        "dmean2": 0.522515654564,
        "dvar": 0.103158339858,
        "dvar2": 0.221682548523,
        "max": 2.3662340641,
        "mean": 0.4736148417,
        "median": 0.439259856939,
        "min": -1.40096259117,
        "stdev": 0.630245923996,
        "var": 0.397209912539
    },
    "erbbands_spread": {
        "dmean": 8.70323562622,
        "dmean2": 12.9230537415,
        "dvar": 90.4919052124,
        "dvar2": 186.430511475,
        "max": 121.610626221,
        "mean": 38.4774208069,
        "median": 36.4728965759,
        "min": 7.99804115295,
        "stdev": 16.5546455383,
        "var": 274.056274414
    },
    "hfc": {
        "dmean": 7.65050554276,
        "dmean2": 11.1300954819,
        "dvar": 76.2460174561,
        "dvar2": 161.987426758,
        "max": 95.735710144,
        "mean": 24.3273448944,
        "median": 21.685968399,
        "min": 1.20534363346e-16,
        "stdev": 14.8637800217,
        "var": 220.93196106
    },
    "loudness_ebu128": {
        "integrated": -7.86482191086,
        "loudness_range": 1.24552059174,
        "momentary": {
            "dmean": 0.460290640593,
            "dmean2": 0.549749076366,
            "dvar": 0.127688542008,
            "dvar2": 0.185629412532,
            "max": -5.3572769165,
            "mean": -7.97811365128,
            "median": -7.89038705826,
            "min": -10.7069168091,
            "stdev": 1.00661468506,
            "var": 1.01327311993
        },
        "short_term": {
            "dmean": 0.0707577839494,
            "dmean2": 0.0881557539105,
            "dvar": 0.00263672787696,
            "dvar2": 0.00383130111732,
            "max": -7.01177215576,
            "mean": -7.8741569519,
            "median": -7.88650798798,
            "min": -9.03511619568,
            "stdev": 0.398643553257,
            "var": 0.158916682005
        }
    },
    "melbands_crest": {
        "dmean": 2.69339323044,
        "dmean2": 4.43075084686,
        "dvar": 6.96588659286,
        "dvar2": 17.8877029419,
        "max": 26.6138248444,
        "mean": 11.2152643204,
        "median": 10.5720872879,
        "min": 2.12651109695,
        "stdev": 3.80384540558,
        "var": 14.4692392349
    },
    "melbands_flatness_db": {
        "dmean": 0.0263522658497,
        "dmean2": 0.0404812805355,
        "dvar": 0.000728737388272,
        "dvar2": 0.00163116282783,
        "max": 0.418448388577,
        "mean": 0.196350052953,
        "median": 0.189294621348,
        "min": 0.00459113018587,
        "stdev": 0.0537384487689,
        "var": 0.00288782105781
    },
    "melbands_kurtosis": {
        "dmean": 6.30918264389,
        "dmean2": 9.6576385498,
        "dvar": 111.714576721,
        "dvar2": 268.376342773,
        "max": 194.930755615,
        "mean": 11.2202196121,
        "median": 7.141289711,
        "min": -1.48535335064,
        "stdev": 14.1962623596,
        "var": 201.533859253
    },
    "melbands_skewness": {
        "dmean": 0.688739538193,
        "dmean2": 1.03594517708,
        "dvar": 0.548066496849,
        "dvar2": 1.24757039547,
        "max": 8.91581630707,
        "mean": 2.39969038963,
        "median": 2.23337888718,
        "min": -0.204595178366,
        "stdev": 1.30467402935,
        "var": 1.70217430592
    },
    "melbands_spread": {
        "dmean": 5.74156904221,
        "dmean2": 8.40313816071,
        "dvar": 44.4348335266,
        "dvar2": 78.8490905762,
        "max": 138.38835144,
        "mean": 20.8808269501,
        "median": 19.4465332031,
        "min": 1.04253089428,
        "stdev": 11.5839624405,
        "var": 134.188186646
    },
    "pitch_salience": {
        "dmean": 0.0658801048994,
        "dmean2": 0.105070307851,
        "dvar": 0.0029236280825,
        "dvar2": 0.00820510089397,
        "max": 0.892041742802,
        "mean": 0.589103937149,
        "median": 0.596428692341,
        "min": 0.297561109066,
        "stdev": 0.0890268683434,
        "var": 0.00792578328401
    },
    "silence_rate_20dB": {
        "dmean": 0,
        "dmean2": 0,
        "dvar": 0,
        "dvar2": 0,
        "max": 1,
        "mean": 1,
        "median": 1,
        "min": 1,
        "stdev": 0,
        "var": 0
    },
    "silence_rate_30dB": {
        "dmean": 0.0061919502914,
        "dmean2": 0.0123934932053,
        "dvar": 0.00615359516814,
        "dvar2": 0.0168875847012,
        "max": 1,
        "mean": 0.996133029461,
        "median": 1,
        "min": 0,
        "stdev": 0.0620646551251,
        "var": 0.00385202141479
    },
    "silence_rate_60dB": {
        "dmean": 0.000773993786424,
        "dmean2": 0.00154918665066,
        "dvar": 0.000773391744588,
        "dvar2": 0.00154677091632,
        "max": 1,
        "mean": 0.00154679035768,
        "median": 0,
        "min": 0,
        "stdev": 0.0392987206578,
        "var": 0.00154438940808
    },
    "spectral_centroid": {
        "dmean": 239.045211792,
        "dmean2": 346.793365479,
        "dvar": 125857.101562,
        "dvar2": 169311.328125,
        "max": 10613.9091797,
        "mean": 1162.69543457,
        "median": 1129.82873535,
        "min": 252.234436035,
        "stdev": 533.48614502,
        "var": 284607.46875
    },
    "spectral_complexity": {
        "dmean": 3.39009284973,
        "dmean2": 5.04957389832,
        "dvar": 9.68996715546,
        "dvar2": 19.2012729645,
        "max": 37,
        "mean": 18.9837589264,
        "median": 19,
        "min": 0,
        "stdev": 5.95904445648,
        "var": 35.5102119446
    },
    "spectral_decrease": {
        "dmean": 2.73432743114e-09,
        "dmean2": 4.30976898613e-09,
        "dvar": 1.18754019205e-17,
        "dvar2": 2.92537485975e-17,
        "max": -1.61311197688e-29,
        "mean": -9.09776431968e-09,
        "median": -8.23620815993e-09,
        "min": -3.25104956289e-08,
        "stdev": 5.1790083333e-09,
        "var": 2.68221287641e-17
    },
    "spectral_energy": {
        "dmean": 0.0108355125412,
        "dmean2": 0.0169916693121,
        "dvar": 0.000182224524906,
        "dvar2": 0.000445699610282,
        "max": 0.127427503467,
        "mean": 0.0365436263382,
        "median": 0.0332884825766,
        "min": 1.09936932065e-20,
        "stdev": 0.0203937441111,
        "var": 0.000415904767578
    },
    "spectral_energyband_high": {
        "dmean": 0.000386749306927,
        "dmean2": 0.000582354725339,
        "dvar": 2.50668250601e-07,
        "dvar2": 5.67121446693e-07,
        "max": 0.00552340457216,
        "mean": 0.000741888186894,
        "median": 0.000532920763362,
        "min": 8.03941199426e-21,
        "stdev": 0.000695536669809,
        "var": 4.83771259496e-07
    },
    "spectral_energyband_low": {
        "dmean": 0.00580976670608,
        "dmean2": 0.00971570704132,
        "dvar": 8.33550002426e-05,
        "dvar2": 0.000222076661885,
        "max": 0.0903025195003,
        "mean": 0.0123941358179,
        "median": 0.00783257000148,
        "min": 1.12220853265e-22,
        "stdev": 0.013129982166,
        "var": 0.000172396437847
    },
    "spectral_energyband_middle_high": {
        "dmean": 0.00271837133914,
        "dmean2": 0.00365539477207,
        "dvar": 1.38006826091e-05,
        "dvar2": 2.19264002226e-05,
        "max": 0.0530219078064,
        "mean": 0.00754452543333,
        "median": 0.00467420835048,
        "min": 1.56425730532e-21,
        "stdev": 0.00810778606683,
        "var": 6.57361888443e-05
    },
    "spectral_energyband_middle_low": {
        "dmean": 0.00666824122891,
        "dmean2": 0.0106571456417,
        "dvar": 7.18244482414e-05,
        "dvar2": 0.000184163756785,
        "max": 0.080224044621,
        "mean": 0.0183138661087,
        "median": 0.0158413928002,
        "min": 3.01016649171e-22,
        "stdev": 0.0110546611249,
        "var": 0.000122205528896
    },
    "spectral_entropy": {
        "dmean": 0.193732500076,
        "dmean2": 0.296158492565,
        "dvar": 0.0402119904757,
        "dvar2": 0.0912463963032,
        "max": 9.8091173172,
        "mean": 7.40018606186,
        "median": 7.41455173492,
        "min": 5.91402769089,
        "stdev": 0.332344293594,
        "var": 0.110452733934
    },
    "spectral_flux": {
        "dmean": 0.0286501720548,
        "dmean2": 0.0437246970832,
        "dvar": 0.000845975650009,
        "dvar2": 0.0016520274803,
        "max": 0.277923971415,
        "mean": 0.0963894575834,
        "median": 0.0900830700994,
        "min": 1.0485081553e-10,
        "stdev": 0.0430536046624,
        "var": 0.00185361295007
    },
    "spectral_kurtosis": {
        "dmean": 1.50887107849,
        "dmean2": 2.49634647369,
        "dvar": 2.99162721634,
        "dvar2": 7.80304908752,
        "max": 21.1406211853,
        "mean": 4.37873744965,
        "median": 3.9002995491,
        "min": -1.2303186655,
        "stdev": 2.32207012177,
        "var": 5.39200925827
    },
    "spectral_rms": {
        "dmean": 0.000880073173903,
        "dmean2": 0.0013407994993,
        "dvar": 9.55689074544e-07,
        "dvar2": 2.1628027298e-06,
        "max": 0.0111498665065,
        "mean": 0.0057295546867,
        "median": 0.00569882150739,
        "min": 3.27498922079e-12,
        "stdev": 0.00168061628938,
        "var": 2.82447103928e-06
    },
    "spectral_rolloff": {
        "dmean": 409.630279541,
        "dmean2": 678.472351074,
        "dvar": 775630,
        "dvar2": 1325571.625,
        "max": 18647.7539062,
        "mean": 1233.18884277,
        "median": 968.994140625,
        "min": 129.19921875,
        "stdev": 1117.94506836,
        "var": 1249801.25
    },
    "spectral_skewness": {
        "dmean": 0.225203663111,
        "dmean2": 0.355120271444,
        "dvar": 0.0589932762086,
        "dvar2": 0.135475814342,
        "max": 3.64705777168,
        "mean": 1.63911068439,
        "median": 1.60179030895,
        "min": 0.0200572106987,
        "stdev": 0.382102936506,
        "var": 0.146002650261
    },
    "spectral_spread": {
        "dmean": 689768.25,
        "dmean2": 989234.9375,
        "dvar": 1.43748117299e+12,
        "dvar2": 1.76939073536e+12,
        "max": 41770036,
        "mean": 4749591.5,
        "median": 4465661,
        "min": 2069691,
        "stdev": 1726906.125,
        "var": 2.98220466995e+12
    },
    "spectral_strongpeak": {
        "dmean": 0.721947193146,
        "dmean2": 1.21067011356,
        "dvar": 1.33211159706,
        "dvar2": 3.13058280945,
        "max": 11.3489170074,
        "mean": 1.15045940876,
        "median": 0.588025987148,
        "min": 0,
        "stdev": 1.53675484657,
        "var": 2.36161541939
    },
    "zerocrossingrate": {
        "dmean": 0.00977771822363,
        "dmean2": 0.0115341786295,
        "dvar": 0.000285535556031,
        "dvar2": 0.00032700720476,
        "max": 0.4931640625,
        "mean": 0.0568834431469,
        "median": 0.0546875,
        "min": 0.0068359375,
        "stdev": 0.0270342323929,
        "var": 0.000730849686079
    },
    "barkbands": {
        "dmean": [0.000383122736821, 0.00268185604364, 0.00263477419503, 0.00312598468736, 0.00238457252271, 0.00123800034635, 0.0012290518498, 0.00143575016409, 0.000959085882641, 0.000891234783921, 0.00077337276889, 0.000519835622981, 0.000366289168596, 0.000581576896366, 0.000569685071241, 0.000373168848455, 0.000333819683874, 0.000124438302009, 0.000152712949784, 0.00019649801834, 0.000107475338154, 9.61726836977e-05, 4.89244957862e-05, 5.42015841347e-05, 5.05452590005e-05, 4.1876330215e-05, 7.4779904935e-06],
        "dmean2": [0.000670621229801, 0.00445943651721, 0.00450541032478, 0.00541856419295, 0.00383041915484, 0.00199309154414, 0.00204646680504, 0.00228132121265, 0.00151729944628, 0.00132936611772, 0.0010359226726, 0.000729015620891, 0.000562650559004, 0.000897989084478, 0.000877417565789, 0.000525749928784, 0.000525316630956, 0.000195463784621, 0.000223769180593, 0.000282295543002, 0.000163503500517, 0.000153301371029, 7.5377021858e-05, 8.34215970826e-05, 7.59664617362e-05, 6.41104998067e-05, 1.20749518828e-05],
        "dvar": [9.6425310403e-07, 2.90963271254e-05, 1.66512527358e-05, 3.52573515556e-05, 9.32429520617e-06, 3.96224504584e-06, 3.94643529944e-06, 4.92305662192e-06, 4.29493411502e-06, 4.09293897974e-06, 3.48333060174e-06, 1.73518515112e-06, 9.17700162972e-07, 2.34795402321e-06, 1.43488830417e-06, 8.05502907042e-07, 3.55250904249e-07, 3.94816055405e-08, 9.59597699079e-08, 1.98093133008e-07, 2.88482855382e-08, 1.97598843954e-08, 5.16846920817e-09, 6.81057032992e-09, 7.68037455856e-09, 1.36990401245e-08, 2.79006012738e-10],
        "dvar2": [2.56064663517e-06, 7.83441428212e-05, 4.6747187298e-05, 9.58894743235e-05, 2.43560716626e-05, 1.08096564873e-05, 1.0512380868e-05, 1.22869969346e-05, 1.06847228381e-05, 8.56811766425e-06, 5.72891485717e-06, 3.17043372888e-06, 2.06212189369e-06, 5.32920194019e-06, 3.09449933411e-06, 1.62505273238e-06, 9.14012105113e-07, 9.68250049027e-08, 2.12174811054e-07, 3.44304453392e-07, 6.91628443406e-08, 4.93256955281e-08, 1.21026975108e-08, 1.62467319598e-08, 1.64630868937e-08, 2.68276174609e-08, 6.82990997092e-10],
        "max": [0.0105448924005, 0.0752392038703, 0.042137157172, 0.0603099539876, 0.034415718168, 0.027234852314, 0.0243491195142, 0.0215238835663, 0.0334977768362, 0.037702742964, 0.0358306318521, 0.0218706168234, 0.0126366522163, 0.0317451804876, 0.0144552774727, 0.0123098930344, 0.00864691473544, 0.00271015614271, 0.00638228887692, 0.0070754988119, 0.0024727738928, 0.00173778634053, 0.000912361720111, 0.000785588170402, 0.000985365477391, 0.00240675732493, 0.000168097220012],
        "mean": [0.00046366112656, 0.00542955333367, 0.00439224950969, 0.00402697036043, 0.00475048040971, 0.00255058193579, 0.00231702369638, 0.00229818024673, 0.00167623616289, 0.00153482868336, 0.00139402481727, 0.000895195174962, 0.000492147984914, 0.000837200670503, 0.000770458602346, 0.000686775019858, 0.000576943974011, 0.00019747109036, 0.000266268587438, 0.000355912692612, 0.000184071192052, 0.000164526994922, 8.31794604892e-05, 8.09841949376e-05, 6.40840735286e-05, 4.75741944683e-05, 7.05945467416e-06],
        "median": [7.56857334636e-05, 0.00264285434969, 0.0025323187001, 0.00215550442226, 0.00341988261789, 0.0017976667732, 0.00145259231795, 0.00150991103146, 0.00103737344034, 0.000662826176267, 0.000304912304273, 0.000230311474297, 0.000154375476995, 0.00019433858688, 0.00020108858007, 0.000122844663565, 0.000318011734635, 0.000118231218948, 0.00014545492013, 0.000155529152835, 0.000104674974864, 0.000106430248707, 4.81205934193e-05, 4.58625800093e-05, 2.4620014301e-05, 1.23517984321e-05, 1.19260721476e-06],
        "min": [4.90941147259e-23, 5.82779260994e-23, 1.35610238317e-23, 1.19202341696e-23, 3.5536994178e-23, 4.96724097229e-23, 9.11449511239e-23, 5.38316914674e-23, 4.6151859187e-23, 1.02339979152e-22, 3.88712694106e-23, 5.21047676608e-23, 9.11934755359e-23, 9.20039764735e-23, 2.03399693854e-22, 1.20618814027e-22, 1.53380283151e-22, 1.91602638737e-22, 3.05737975378e-22, 5.13490288162e-22, 5.41630635347e-22, 4.97509708027e-22, 6.71846655416e-22, 8.70417157379e-22, 1.23693662569e-21, 1.46410443356e-21, 2.69740709892e-21],
        "stdev": [0.00101455056574, 0.00773933390155, 0.0050277528353, 0.00599868735299, 0.00449977256358, 0.00267995498143, 0.00256624235772, 0.00258583924733, 0.00226923567243, 0.00284515321255, 0.00347133749165, 0.00238682539202, 0.00110307696741, 0.00223918654956, 0.00149087607861, 0.00157066213433, 0.000756884226575, 0.000241629808443, 0.000421108794399, 0.00066727004014, 0.000228671429795, 0.000180260292836, 0.00010421249317, 0.000100055323855, 0.000106886669528, 0.000142282879096, 1.6822184989e-05],
        "var": [1.02931289803e-06, 5.98972874286e-05, 2.52782992902e-05, 3.59842488251e-05, 2.02479513973e-05, 7.18215869711e-06, 6.58559929434e-06, 6.68656412017e-06, 5.14943076269e-06, 8.09489665698e-06, 1.20501836136e-05, 5.69693565922e-06, 1.21677874176e-06, 5.01395606989e-06, 2.22271137318e-06, 2.46697936745e-06, 5.72873716465e-07, 5.83849626423e-08, 1.77332609042e-07, 4.45249270342e-07, 5.22906233869e-08, 3.24937730056e-08, 1.08602442594e-08, 1.00110675305e-08, 1.14247598049e-08, 2.02444159214e-08, 2.82985884725e-10]
    },
    "erbbands": {
        "dmean": [0.0814171954989, 0.61795270443, 2.50111198425, 7.11098575592, 10.5303001404, 6.62810897827, 9.27423858643, 9.33273029327, 13.8119735718, 27.1148071289, 28.2793540955, 20.560710907, 24.1306400299, 29.8845386505, 21.3893299103, 22.4363384247, 16.9449367523, 29.1760597229, 27.2753944397, 20.5926074982, 16.5515403748, 17.4210243225, 7.78652954102, 6.00911331177, 9.93869304657, 8.54210090637, 3.30804133415, 5.25998401642, 3.85217523575, 1.98360669613, 1.43370354176, 1.38589811325, 0.740971446037, 0.551640927792, 0.369708001614, 0.225610285997, 0.0673044398427, 0.0172884203494, 0.000781907932833, 2.38461070694e-05],
        "dmean2": [0.139218196273, 1.02803063393, 4.27230644226, 12.241519928, 17.5221805573, 10.5707483292, 14.9001350403, 15.4068431854, 22.6014499664, 44.9612579346, 45.3232650757, 32.121547699, 37.0410728455, 41.4645576477, 29.6980934143, 31.4633922577, 25.5847969055, 45.0712432861, 41.5766906738, 30.9339351654, 23.3824634552, 28.0238761902, 12.0571269989, 8.91650390625, 13.9102363586, 12.08984375, 5.01969766617, 8.04154872894, 6.13233137131, 3.09204268456, 2.24017810822, 2.17292928696, 1.14591884613, 0.843359589577, 0.558652043343, 0.359556913376, 0.101607248187, 0.0270917136222, 0.00124410691205, 3.66726999346e-05],
        "dvar": [0.0389117524028, 1.38089108467, 13.572224617, 177.294143677, 322.012359619, 56.9537239075, 200.107879639, 246.37197876, 434.944335938, 2082.40600586, 1879.23510742, 1878.59863281, 2499.87451172, 6872.98046875, 2615.72851562, 3631.72216797, 1636.11962891, 6377.51220703, 3392.6394043, 1863.95178223, 1443.79321289, 958.823425293, 153.69380188, 120.901222229, 433.807800293, 408.448638916, 26.129863739, 71.761428833, 32.2046508789, 9.42209243774, 4.6895365715, 4.97339105606, 1.38475263119, 0.892833709717, 0.490626513958, 0.475783258677, 0.02853320539, 0.00128299684729, 3.17389208249e-06, 1.25213395208e-09],
        "dvar2": [0.103285551071, 3.79052686691, 37.0818023682, 491.787231445, 879.08770752, 146.63218689, 517.31854248, 668.466186523, 1189.63098145, 5424.14306641, 4889.09765625, 4448.73730469, 6114.68017578, 11465.2353516, 4763.23095703, 6188.25439453, 3696.3605957, 14110.0019531, 7706.26269531, 4170.31054688, 2736.11791992, 2443.14086914, 375.638397217, 254.163726807, 884.714782715, 726.045043945, 55.2631988525, 170.970443726, 82.0817184448, 22.5884723663, 11.106306076, 12.3688812256, 3.22621011734, 2.02668046951, 1.00202846527, 1.02872467041, 0.0528642870486, 0.00287339976057, 7.8443899838e-06, 2.92399371382e-09],
        "max": [2.9236342907, 14.1952800751, 34.2964248657, 151.669906616, 161.525421143, 74.4811859131, 172.632522583, 176.567306519, 242.156082153, 436.357147217, 484.80178833, 614.450439453, 1016.19329834, 1463.16308594, 977.697387695, 1070.2434082, 516.262084961, 1714.92175293, 697.489807129, 535.75604248, 658.075256348, 366.25668335, 163.28678894, 224.550720215, 385.51651001, 367.397399902, 73.7896270752, 125.958328247, 62.7358894348, 43.5749931335, 26.57695961, 28.4937343597, 12.3743638992, 11.0370140076, 10.1875123978, 16.0419788361, 3.66473031044, 0.467119067907, 0.0203491989523, 0.000365379644791],
        "mean": [0.163713887334, 1.20002293587, 4.54595947266, 10.4493570328, 16.6232128143, 13.4281301498, 18.3827438354, 19.0751361847, 29.1770439148, 46.2151679993, 46.5711288452, 38.5560417175, 45.0886650085, 59.2133255005, 40.8814888, 41.2484283447, 26.8961906433, 45.3537712097, 40.118270874, 35.4639511108, 33.9627494812, 30.6143569946, 13.8210859299, 10.9436855316, 18.2760181427, 15.4056396484, 6.00624084473, 8.81625080109, 6.69248628616, 3.34216117859, 2.37017393112, 2.07370829582, 1.08318543434, 0.727818369865, 0.444098114967, 0.246146813035, 0.07683455199, 0.0187123399228, 0.000781420210842, 5.82738939556e-05],
        "median": [0.0524832978845, 0.659172773361, 2.78235244751, 6.1248550415, 9.10131168365, 10.2957210541, 11.2090911865, 13.2881736755, 19.9379138947, 29.5405979156, 30.7716579437, 23.8919773102, 25.8354263306, 13.2010774612, 11.1683177948, 10.8118085861, 9.30271720886, 10.9798774719, 10.2954216003, 9.96213722229, 9.43333339691, 16.5494003296, 8.6487493515, 6.50175094604, 8.50240898132, 6.78947401047, 3.67950439453, 4.94598150253, 4.40053510666, 1.9629380703, 1.34879529476, 1.12257301807, 0.585133552551, 0.316197752953, 0.145290642977, 0.0629890561104, 0.018505776301, 0.00410041166469, 0.000150302978, 4.8249901738e-05],
        "min": [2.51938090782e-21, 1.03682832711e-20, 1.61913076271e-20, 3.6032065031e-20, 4.89683329372e-20, 1.6885793606e-19, 2.44030223123e-19, 4.61427660365e-19, 6.2987668486e-19, 2.09940114507e-18, 9.86256026346e-19, 1.04525995681e-18, 2.01107645362e-18, 3.17931107735e-18, 1.71673053989e-18, 2.12204335318e-18, 4.0201279691e-18, 3.2486110283e-18, 8.28599640894e-18, 1.05423350161e-17, 5.9064289836e-18, 1.0166282166e-17, 1.08802904087e-17, 1.36067554627e-17, 1.75544203422e-17, 2.06098005318e-17, 2.27075239478e-17, 2.36699667885e-17, 1.78140375949e-17, 1.85878766384e-17, 1.58246996545e-17, 1.98538931095e-17, 1.50082608094e-17, 1.15486300098e-17, 9.09687163726e-18, 5.49279028726e-18, 2.84347740302e-18, 1.51935966227e-18, 3.41602095885e-19, 3.8324676878e-20],
        "stdev": [0.266899853945, 1.61629712582, 5.13156270981, 13.7535762787, 21.6475257874, 11.3286180496, 21.1750488281, 19.8185482025, 27.919424057, 53.5122337341, 49.27784729, 51.2207603455, 62.6927490234, 149.787994385, 92.5235366821, 106.929824829, 50.9518280029, 122.439674377, 76.9512405396, 59.1929664612, 70.7597961426, 38.8741760254, 15.6058950424, 16.1674022675, 29.6612873077, 28.9351119995, 7.1760559082, 11.5220127106, 7.22053813934, 4.0810046196, 2.91166472435, 2.69476747513, 1.38429665565, 1.11484789848, 0.867040932178, 0.784165263176, 0.213154658675, 0.0397839695215, 0.00177978991996, 4.2580308218e-05],
        "var": [0.071235537529, 2.6124162674, 26.3329372406, 189.160873413, 468.615386963, 128.337585449, 448.38269043, 392.774871826, 779.494262695, 2863.55908203, 2428.30639648, 2623.56640625, 3930.38085938, 22436.4433594, 8560.60449219, 11433.9873047, 2596.08862305, 14991.4736328, 5921.49316406, 3503.80737305, 5006.94873047, 1511.20141602, 243.543945312, 261.384918213, 879.791931152, 837.240722656, 51.4957771301, 132.756774902, 52.1361732483, 16.6546001434, 8.47779178619, 7.26177215576, 1.91627717018, 1.24288582802, 0.751759946346, 0.614915192127, 0.045434910804, 0.00158276408911, 3.16765203934e-06, 1.81308257297e-09]
    },
    "gfcc": {
        "mean": [32.6233100891, 96.3223266602, -108.169082642, 26.9163551331, -62.9156341553, 7.62397146225, -36.6449356079, 8.68363857269, -22.641910553, 2.48534035683, -22.9005527496, -1.85909533501, -15.198307991],
        "cov": [[3425.83276367, -347.108734131, -227.68208313, 109.170967102, 26.9638977051, 114.938285828, -84.3693008423, 82.345741272, -32.6040267944, 41.3357200623, -123.485656738, 10.2460613251, -23.1255321503], [-347.108734131, 855.731933594, -84.1009368896, 75.4998397827, 83.008354187, 32.0476760864, 152.693740845, -83.2180328369, 75.3866043091, -16.1905002594, 148.017730713, -53.2988891602, 72.3166351318], [-227.68208313, -84.1009368896, 716.380004883, 99.1024780273, 77.0470657349, 50.8154563904, -1.68030107021, 94.5762023926, -35.9056587219, 17.9726886749, 6.22887134552, 63.5768051147, -60.2193374634], [109.170967102, 75.4998397827, 99.1024780273, 265.485046387, 85.7597122192, 3.42561578751, 3.22475028038, 39.4520835876, 85.6378860474, 17.1743297577, 8.74453830719, -15.1637735367, 46.3319206238], [26.9638977051, 83.008354187, 77.0470657349, 85.7597122192, 239.057159424, 74.3306045532, 11.0746250153, 18.156999588, 57.5458602905, 18.8295860291, -17.8951320648, -6.48543167114, 31.192779541], [114.938285828, 32.0476760864, 50.8154563904, 3.42561578751, 74.3306045532, 174.504058838, 71.7980499268, 2.23733782768, -3.10199522972, -4.09685707092, 34.7753372192, 17.5795612335, -13.1188764572], [-84.3693008423, 152.693740845, -1.68030107021, 3.22475028038, 11.0746250153, 71.7980499268, 194.218276978, -2.12824177742, -55.2580223083, 8.20857143402, 77.6576919556, 5.45694732666, -5.26171541214], [82.345741272, -83.2180328369, 94.5762023926, 39.4520835876, 18.156999588, 2.23733782768, -2.12824177742, 102.236839294, 24.3979415894, 12.507478714, -7.42959833145, 13.374663353, 1.58186113834], [-32.6040267944, 75.3866043091, -35.9056587219, 85.6378860474, 57.5458602905, -3.10199522972, -55.2580223083, 24.3979415894, 179.035400391, 12.8128223419, -31.3265190125, -15.7735977173, 42.3746185303], [41.3357200623, -16.1905002594, 17.9726886749, 17.1743297577, 18.8295860291, -4.09685707092, 8.20857143402, 12.507478714, 12.8128223419, 97.735710144, 8.33908081055, -16.7697601318, 7.79638528824], [-123.485656738, 148.017730713, 6.22887134552, 8.74453830719, -17.8951320648, 34.7753372192, 77.6576919556, -7.42959833145, -31.3265190125, 8.33908081055, 119.409118652, 20.248714447, -0.97790312767], [10.2460613251, -53.2988891602, 63.5768051147, -15.1637735367, -6.48543167114, 17.5795612335, 5.45694732666, 13.374663353, -15.7735977173, -16.7697601318, 20.248714447, 83.1163482666, -0.172547057271], [-23.1255321503, 72.3166351318, -60.2193374634, 46.3319206238, 31.192779541, -13.1188764572, -5.26171541214, 1.58186113834, 42.3746185303, 7.79638528824, -0.97790312767, -0.172547057271, 76.6053466797]],
        "icov": [[0.000423277757363, -0.000177073059604, 0.000451130617876, -0.000601193401963, 0.000183177442523, -0.000713551416993, 0.000486712931888, -0.000654964125715, 0.000713174522389, -0.000515452586114, 0.000878684979398, -0.000563450274058, 0.000531261845026], [-0.000177073059604, 0.00314176687971, -0.000829191179946, 0.00094708596589, -0.00118724827189, 0.00157048238907, -0.00228414917365, 0.00292940530926, -0.00275651179254, 0.00216527516022, -0.00449142931029, 0.00310017587617, -0.00245490600355], [0.000451130617876, -0.000829191179946, 0.00285706203431, -0.00196476769634, -0.000245641102083, -0.00122642179485, 0.00144608144183, -0.00270110252313, 0.00221002288163, -0.00150349724572, 0.00190367677715, -0.00289202155545, 0.0033466196619], [-0.000601193401963, 0.00094708596589, -0.00196476769634, 0.00706390384585, -0.00164494116325, 0.00210688542575, -0.00172893889248, 0.000609410286415, -0.00382454856299, 0.00172880175523, -0.00364534929395, 0.0034171086736, -0.0040923380293], [0.000183177442523, -0.00118724827189, -0.000245641102083, -0.00164494116325, 0.00699103437364, -0.00389198982157, 0.000720554031432, -0.000886758149136, 0.000371263129637, -0.00176124821883, 0.00376852275804, -0.000638043507934, -0.00144696224015], [-0.000713551416993, 0.00157048238907, -0.00122642179485, 0.00210688542575, -0.00389198982157, 0.0105992360041, -0.00453540123999, 0.00261298404075, -0.00344126182608, 0.00256439251825, -0.00453106500208, 0.000718948780559, 0.000684460508637], [0.000486712931888, -0.00228414917365, 0.00144608144183, -0.00172893889248, 0.000720554031432, -0.00453540123999, 0.0106888245791, -0.00357411964796, 0.00521461386234, -0.00231283484027, -0.000581118802074, -0.00138964178041, 0.00156387139577], [-0.000654964125715, 0.00292940530926, -0.00270110252313, 0.000609410286415, -0.000886758149136, 0.00261298404075, -0.00357411964796, 0.0156655088067, -0.0050515178591, 0.00111909920815, -0.00345751061104, 0.00133261480369, -0.00257621216588], [0.000713174522389, -0.00275651179254, 0.00221002288163, -0.00382454856299, 0.000371263129637, -0.00344126182608, 0.00521461386234, -0.0050515178591, 0.0121615324169, -0.00304280407727, 0.00552899343893, -0.00266887317412, 0.000236932275584], [-0.000515452586114, 0.00216527516022, -0.00150349724572, 0.00172880175523, -0.00176124821883, 0.00256439251825, -0.00231283484027, 0.00111909920815, -0.00304280407727, 0.0133619569242, -0.00541630433872, 0.00564083037898, -0.00318599189632], [0.000878684979398, -0.00449142931029, 0.00190367677715, -0.00364534929395, 0.00376852275804, -0.00453106500208, -0.000581118802074, -0.00345751061104, 0.00552899343893, -0.00541630433872, 0.0203232653439, -0.00824982859194, 0.00366119411774], [-0.000563450274058, 0.00310017587617, -0.00289202155545, 0.0034171086736, -0.000638043507934, 0.000718948780559, -0.00138964178041, 0.00133261480369, -0.00266887317412, 0.00564083037898, -0.00824982859194, 0.019227584824, -0.00633666524664], [0.000531261845026, -0.00245490600355, 0.0033466196619, -0.0040923380293, -0.00144696224015, 0.000684460508637, 0.00156387139577, -0.00257621216588, 0.000236932275584, -0.00318599189632, 0.00366119411774, -0.00633666524664, 0.021730305627]]
    },
    "melbands": {
        "dmean": [0.000718029856216, 0.00108518637717, 0.00126272859052, 0.000580191728659, 0.000294373690849, 0.000217103763134, 0.000219715613639, 0.00030017941026, 0.000236191481235, 0.000127735445858, 0.000121778066386, 0.000118438976642, 7.98454275355e-05, 5.59520885872e-05, 5.52313686057e-05, 3.71326605091e-05, 6.07629808655e-05, 4.27333579864e-05, 4.43547978648e-05, 3.23354142893e-05, 1.76925750566e-05, 2.11968326767e-05, 9.68783024291e-06, 5.84889585298e-06, 5.06841934111e-06, 6.19319280304e-06, 9.72095222096e-06, 5.0811672736e-06, 1.96890277948e-06, 2.67278710453e-06, 3.18662864629e-06, 2.30082855524e-06, 1.87603268387e-06, 9.37786580835e-07, 8.53602102779e-07, 9.11199208531e-07, 8.27747101084e-07, 5.39335360372e-07, 4.75227295738e-07, 4.91512821554e-07],
        "dmean2": [0.00120956322644, 0.00183558021672, 0.0021443173755, 0.000941196281929, 0.00046923730406, 0.000356206612196, 0.000359950383427, 0.000491264509037, 0.000377134827431, 0.00019976272597, 0.000188023215742, 0.000166959725902, 0.000109004613478, 7.7509728726e-05, 7.88060060586e-05, 5.83904147788e-05, 9.30502574192e-05, 6.68946449878e-05, 6.85905906721e-05, 4.58201066067e-05, 2.55515151366e-05, 3.39808757417e-05, 1.5311748939e-05, 9.13585063245e-06, 7.65068489272e-06, 9.00806753634e-06, 1.37673341669e-05, 7.41051007935e-06, 3.06309334519e-06, 4.10325765188e-06, 4.93539118906e-06, 3.67952270608e-06, 2.96863572657e-06, 1.47312755416e-06, 1.35722257255e-06, 1.43166641919e-06, 1.31786384827e-06, 8.40951258851e-07, 7.46404452912e-07, 7.56200279284e-07],
        "dvar": [2.49333788815e-06, 2.60096135207e-06, 5.1250094657e-06, 6.30480599284e-07, 1.58308736786e-07, 1.2066092836e-07, 1.09512917845e-07, 2.55567158547e-07, 1.62088866773e-07, 6.76880418382e-08, 6.51505942528e-08, 1.13876936325e-07, 3.49663373811e-08, 1.77438153059e-08, 1.78651777816e-08, 1.17127889609e-08, 3.06754444068e-08, 9.57727319673e-09, 1.01672021913e-08, 6.69002142573e-09, 1.75839132144e-09, 1.51715406904e-09, 2.61937388446e-10, 9.4679299123e-11, 9.97281285331e-11, 2.9093114029e-10, 4.64610433459e-10, 1.46024706216e-10, 1.03956027814e-11, 1.67128255679e-11, 2.74365825198e-11, 1.14854913774e-11, 1.17292633939e-11, 2.03284459578e-12, 1.76061248913e-12, 1.84802390404e-12, 2.0547821257e-12, 7.4399953429e-13, 7.16644246116e-13, 7.51464916769e-13],
        "dvar2": [6.63139962853e-06, 7.05535194356e-06, 1.39567255246e-05, 1.66764471032e-06, 4.03689114137e-07, 3.29140931399e-07, 2.95055002653e-07, 6.5708064767e-07, 4.29592859064e-07, 1.54115483042e-07, 1.59540263667e-07, 1.95120762214e-07, 6.42328927825e-08, 3.2213915091e-08, 3.33143503894e-08, 2.71706515065e-08, 6.7276268112e-08, 2.30009007396e-08, 2.23086846773e-08, 1.43289700105e-08, 3.72668429449e-09, 3.92919741188e-09, 6.03187166881e-10, 2.42849934606e-10, 2.06994268948e-10, 6.82079948078e-10, 8.61701210386e-10, 2.70860528451e-10, 2.25811366134e-11, 4.060393341e-11, 6.5284576356e-11, 2.88734071374e-11, 2.97745439415e-11, 4.78082764349e-12, 4.17879359588e-12, 4.26676836224e-12, 5.24359418733e-12, 1.75308964394e-12, 1.7473035822e-12, 1.72337144555e-12],
        "max": [0.0237488374114, 0.0153456339613, 0.0229033343494, 0.00802913121879, 0.00476482184604, 0.00430117035285, 0.00381144485436, 0.00477620074525, 0.00565769290552, 0.00340074463747, 0.00511794909835, 0.00605305703357, 0.00299224862829, 0.00196605361998, 0.00292683579028, 0.00163332582451, 0.00390779320151, 0.00109449983574, 0.00159787759185, 0.00122518988792, 0.00067802076228, 0.000471677165478, 0.000199781687115, 0.000200506576221, 0.000217185064685, 0.000425800186349, 0.000330213602865, 0.000221288166358, 5.21308575117e-05, 5.22458503838e-05, 7.80763657531e-05, 3.85138118872e-05, 5.68706454942e-05, 1.81296254596e-05, 1.68806363945e-05, 1.69353388628e-05, 1.96506734937e-05, 9.23783863982e-06, 1.16737810458e-05, 1.05059916677e-05],
        "mean": [0.00146555819083, 0.00214550364763, 0.00198344001547, 0.00108281127177, 0.000616472680122, 0.000456163805211, 0.000455171451904, 0.000506843905896, 0.000375475879991, 0.000236414198298, 0.00021610398835, 0.000228352495469, 0.00014665373601, 9.37492295634e-05, 9.87726743915e-05, 4.95122549182e-05, 9.03092732187e-05, 5.76483398618e-05, 5.84126610192e-05, 5.6709657656e-05, 3.32959316438e-05, 3.55212432623e-05, 1.66046065715e-05, 9.47935950535e-06, 8.38848882267e-06, 1.0484233826e-05, 1.68750702869e-05, 8.41560904519e-06, 3.27917632603e-06, 4.30979935118e-06, 5.15156170877e-06, 3.81869267585e-06, 2.87681950795e-06, 1.51792596625e-06, 1.33274215841e-06, 1.40646545788e-06, 1.16937758321e-06, 7.55197106628e-07, 6.3069052203e-07, 6.16342674675e-07],
        "median": [0.000617185491137, 0.00144329341128, 0.00122745800763, 0.000735595531296, 0.000429551757406, 0.000334412558004, 0.000314079516102, 0.000323720072629, 0.000245197850745, 0.000141700511449, 0.000114773509267, 4.67222816951e-05, 3.64176557923e-05, 2.59970092884e-05, 2.81554730464e-05, 1.34760321089e-05, 1.92106253962e-05, 1.43505249071e-05, 1.48221906784e-05, 1.04709279185e-05, 9.68515541899e-06, 1.8729668227e-05, 9.07475805434e-06, 6.19083130005e-06, 4.25829603046e-06, 4.49055733043e-06, 7.01907174516e-06, 3.37570781994e-06, 1.96050950763e-06, 2.45109276875e-06, 2.8367064715e-06, 2.48458627539e-06, 1.61793775533e-06, 8.2501713905e-07, 7.20538423593e-07, 7.32478895316e-07, 5.98803126195e-07, 3.96645418732e-07, 3.00275303289e-07, 2.43598805127e-07],
        "min": [2.29318741259e-23, 1.03585506903e-23, 5.84979094292e-24, 7.78008940178e-24, 9.00526927368e-24, 1.01291270621e-23, 1.18274128512e-23, 2.09076207555e-23, 7.21570123373e-24, 6.73523918851e-24, 1.021309815e-23, 1.37522579147e-23, 5.91327018553e-24, 5.2414872827e-24, 7.66623626278e-24, 8.61418201359e-24, 5.71814504619e-24, 1.20068219092e-23, 1.84809489269e-23, 1.08729850304e-23, 5.33507142961e-24, 1.06341558136e-23, 8.42201391935e-24, 1.00454699408e-23, 1.13571066013e-23, 1.00383772924e-23, 1.61427888697e-23, 1.31247813846e-23, 1.68602925729e-23, 9.43273091012e-24, 1.55837389234e-23, 9.24183445966e-24, 1.02090157948e-23, 1.08075379742e-23, 7.40359527957e-24, 1.42072807734e-23, 1.08740279045e-23, 1.00873324224e-23, 1.13581826076e-23, 8.9666458549e-24],
        "stdev": [0.00217374321073, 0.00232330779545, 0.0023497028742, 0.00108826113865, 0.000622140185442, 0.000447604601504, 0.000443536555395, 0.000590350071434, 0.000439099763753, 0.000322605890688, 0.00031559242052, 0.000594596320298, 0.000331394636305, 0.000210816753679, 0.000251742283581, 0.000127673527459, 0.000267321767751, 0.000121622004372, 0.0001165085705, 0.000131438646349, 6.99224474374e-05, 4.73485306429e-05, 2.13790499402e-05, 1.16159508252e-05, 1.4430007468e-05, 2.06188178709e-05, 3.22763880831e-05, 1.64811153809e-05, 4.30945692642e-06, 5.31720434083e-06, 7.11325037628e-06, 4.28496559834e-06, 4.00321187044e-06, 2.08494952858e-06, 1.77010110747e-06, 1.84426551186e-06, 1.62756543887e-06, 1.00294494132e-06, 9.3869164175e-07, 1.00664476577e-06],
        "var": [4.72515966976e-06, 5.39775919606e-06, 5.52110350327e-06, 1.18431228202e-06, 3.87058378237e-07, 2.00349887791e-07, 1.96724670332e-07, 3.4851322539e-07, 1.92808599309e-07, 1.04074551643e-07, 9.95985729446e-08, 3.53544805876e-07, 1.09822401839e-07, 4.44437056046e-08, 6.33741734646e-08, 1.63005289266e-08, 7.14609242891e-08, 1.47919116955e-08, 1.35742475038e-08, 1.72761165373e-08, 4.88914819741e-09, 2.24188334563e-09, 4.57063775716e-10, 1.34930303042e-10, 2.08225117704e-10, 4.25135676663e-10, 1.04176511861e-09, 2.71627165205e-10, 1.85714187084e-11, 2.82726602546e-11, 5.05983310806e-11, 1.83609308313e-11, 1.60257068033e-11, 4.34701406815e-12, 3.13325775915e-12, 3.40131525375e-12, 2.64896936851e-12, 1.00589859792e-12, 8.81142001811e-13, 1.01333373116e-12]
    },
    "melbands128": {
