{
"lowlevel": {
    "average_loudness": 0.810578942299,
    "barkbands_crest": {
        "dmean": 3.08233880997,
        "dmean2": 4.92335128784,
        "dvar": 11.4588603973,
        "dvar2": 25.7397212982,
        "max": 26.7451267242,
        "mean": 13.0100193024,
        "median": 12.5586147308,
        "min": 2.76079440117,
        "stdev": 5.69146728516,
        "var": 32.3927993774
    },
    "barkbands_flatness_db": {
        "dmean": 0.0606865026057,
        "dmean2": 0.0775075107813,
        "dvar": 0.00356289744377,
        "dvar2": 0.00555811868981,
        "max": 0.638239264488,
        "mean": 0.229661226273,
        "median": 0.216501697898,
        "min": 0.020889442414,
        "stdev": 0.117710098624,
        "var": 0.0138556677848
    },
    "barkbands_kurtosis": {
        "dmean": 28.2813224792,
        "dmean2": 45.6462631226,
        "dvar": 5309.69628906,
        "dvar2": 13196.8447266,
        "max": 1188.76586914,
        "mean": 29.7743740082,
        "median": 6.1373758316,
        "min": -1.91526556015,
        "stdev": 72.4273452759,
        "var": 5245.72021484
    },
    "barkbands_skewness": {
        "dmean": 1.84202575684,
        "dmean2": 2.75185108185,
        "dvar": 5.45858860016,
        "dvar2": 12.1265659332,
        "max": 29.6748580933,
        "mean": 2.92271947861,
        "median": 2.18606185913,
        "min": -7.84542322159,
        "stdev": 3.38766670227,
        "var": 11.4762859344
    },
    "barkbands_spread": {
        "dmean": 9.73060035706,
        "dmean2": 14.8745355606,
        "dvar": 156.49458313,
        "dvar2": 337.983734131,
        "max": 139.644134521,
        "mean": 16.6081199646,
        "median": 11.8354358673,
        "min": 0.174482598901,
        "stdev": 16.3506031036,
        "var": 267.342193604
    },
    "dissonance": {
        "dmean": 0.0367824845016,
        "dmean2": 0.0612609423697,
        "dvar": 0.00137572397944,
        "dvar2": 0.0036238792818,
        "max": 0.500000119209,
        "mean": 0.444196015596,
        "median": 0.458996832371,
        "min": 0.232633888721,
        "stdev": 0.0494294352829,
        "var": 0.00244326889515
    },
    "dynamic_complexity": 2.5135538578,
    "erbbands_crest": {
        "dmean": 4.44502401352,
        "dmean2": 7.11072063446,
        "dvar": 18.4394245148,
        "dvar2": 39.6263237,
        "max": 34.0552101135,
        "mean": 12.44394207,
        "median": 10.3406105042,
        "min": 2.94913506508,
        "stdev": 7.19157743454,
        "var": 51.718788147
    },
    "erbbands_flatness_db": {
        "dmean": 0.037967029959,
        "dmean2": 0.055542755872,
        "dvar": 0.00115315977018,
        "dvar2": 0.0022795649711,
        "max": 0.49660718441,
        "mean": 0.187036648393,
        "median": 0.174957275391,
        "min": 0.0441581793129,
        "stdev": 0.0710380524397,
        "var": 0.00504640536383
    },
    "erbbands_kurtosis": {
        "dmean": 4.04998016357,
        "dmean2": 6.40788698196,
        "dvar": 47.337348938,
        "dvar2": 114.03881073,
        "max": 120.69430542,
        "mean": 3.53752374649,
        "median": 0.957753419876,
        "min": -1.86005020142,
        "stdev": 7.72688150406,
        "var": 59.70470047
    },
    "erbbands_skewness": {
        "dmean": 0.918811500072,
        "dmean2": 1.40155494213,
        "dvar": 0.716300725937,
        "dvar2": 1.61707746983,
        "max": 8.15591239929,
        "mean": 0.675524532795,
        "median": 0.506053328514,
        "min": -4.28446769714,
        "stdev": 1.380397439,
        "var": 1.90549719334
    },
    "erbbands_spread": {
        "dmean": 19.1702880859,
        "dmean2": 29.4283924103,
        "dvar": 475.991149902,
        "dvar2": 1119.89038086,
        "max": 206.182785034,
        "mean": 38.9781837463,
        "median": 31.0874900818,
        "min": 1.48867547512,
        "stdev": 30.8564300537,
        "var": 952.11932373
    },
    "hfc": {
        "dmean": 19.8202133179,
        "dmean2": 30.1747131348,
        "dvar": 900.938537598,
        "dvar2": 2102.62695312,
        "max": 210.682403564,
        "mean": 26.6362476349,
        "median": 15.9643688202,
        "min": 1.19645124335e-16,
        "stdev": 32.604763031,
        "var": 1063.07067871
    },
    "loudness_ebu128": {
        "integrated": -10.8407745361,
        "loudness_range": 2.50174999237,
        "momentary": {
            "dmean": 0.656245172024,
            "dmean2": 0.783357143402,
            "dvar": 0.359030246735,
            "dvar2": 0.443365693092,
            "max": -8.00180625916,
            "mean": -11.1367607117,
            "median": -10.9069700241,
            "min": -19.413274765,
            "stdev": 1.71853804588,
            "var": 2.95337295532
        },
        "short_term": {
            "dmean": 0.0744904950261,
            "dmean2": 0.0801671072841,
            "dvar": 0.00289454753511,
            "dvar2": 0.00387019338086,
            "max": -8.99913215637,
            "mean": -10.8360042572,
            "median": -10.7228126526,
            "min": -13.1502819061,
            "stdev": 0.944213867188,
            "var": 0.891539871693
        }
    },
    "melbands_crest": {
        "dmean": 4.9231595993,
        "dmean2": 7.75867700577,
        "dvar": 31.7749919891,
        "dvar2": 67.4091491699,
        "max": 38.833114624,
        "mean": 22.9324569702,
        "median": 23.9209957123,
        "min": 2.50406765938,
        "stdev": 10.1400194168,
        "var": 102.819992065
    },
    "melbands_flatness_db": {
        "dmean": 0.0709097981453,
        "dmean2": 0.0890919491649,
        "dvar": 0.00485134031624,
        "dvar2": 0.00747999642044,
        "max": 0.789108335972,
        "mean": 0.29426419735,
        "median": 0.273961037397,
        "min": 0.00875950977206,
        "stdev": 0.147769555449,
        "var": 0.0218358393759
    },
    "melbands_kurtosis": {
        "dmean": 79.4913101196,
        "dmean2": 128.757888794,
        "dvar": 37576.609375,
        "dvar2": 95264.3359375,
        "max": 1916.41687012,
        "mean": 88.566734314,
        "median": 15.9351234436,
        "min": -1.8572204113,
        "stdev": 208.148086548,
        "var": 43325.6289062
    },
    "melbands_skewness": {
        "dmean": 2.73824620247,
        "dmean2": 4.21449518204,
        "dvar": 14.526884079,
        "dvar2": 34.4533843994,
        "max": 31.9288444519,
        "mean": 4.95200967789,
        "median": 3.43946313858,
        "min": -4.21972513199,
        "stdev": 5.33785104752,
        "var": 28.4926528931
    },
    "melbands_spread": {
        "dmean": 12.7850971222,
        "dmean2": 20.0743083954,
        "dvar": 472.464691162,
        "dvar2": 1168.765625,
        "max": 309.172332764,
        "mean": 19.8541088104,
        "median": 11.3199691772,
        "min": 0.110213592649,
        "stdev": 26.4574279785,
        "var": 699.995544434
    },
    "pitch_salience": {
        "dmean": 0.116752907634,
        "dmean2": 0.176996439695,
        "dvar": 0.0130812227726,
        "dvar2": 0.0275839753449,
        "max": 0.889227211475,
        "mean": 0.404632687569,
        "median": 0.367927461863,
        "min": 0.0350893214345,
        "stdev": 0.201944559813,
        "var": 0.0407816022635
    },
    "silence_rate_20dB": {
        "dmean": 0,
        "dmean2": 0,
        "dvar": 0,
        "dvar2": 0,
        "max": 1,
        "mean": 1,
        "median": 1,
        "min": 1,
        "stdev": 0,
        "var": 0
    },
    "silence_rate_30dB": {
        "dmean": 0.0866873040795,
        "dmean2": 0.173508912325,
        "dvar": 0.0791727602482,
        "dvar2": 0.146502405405,
        "max": 1,
        "mean": 0.679040968418,
        "median": 1,
        "min": 0,
        "stdev": 0.466844469309,
        "var": 0.217943757772
    },
    "silence_rate_60dB": {
        "dmean": 0.0665634647012,
        "dmean2": 0.132455468178,
        "dvar": 0.0621322765946,
        "dvar2": 0.139699622989,
        "max": 1,
        "mean": 0.0781129151583,
        "median": 0,
        "min": 0,
        "stdev": 0.268351197243,
        "var": 0.0720123648643
    },
    "spectral_centroid": {
        "dmean": 487.986541748,
        "dmean2": 735.516906738,
        "dvar": 463117.125,
        "dvar2": 790609.6875,
        "max": 11364.8330078,
        "mean": 1282.29956055,
        "median": 1113.4486084,
        "min": 122.239326477,
        "stdev": 980.051635742,
        "var": 960501.1875
    },
    "spectral_complexity": {
        "dmean": 6.86687326431,
        "dmean2": 9.37955093384,
        "dvar": 76.5491714478,
        "dvar2": 125.371063232,
        "max": 60,
        "mean": 13.1987628937,
        "median": 9,
        "min": 0,
        "stdev": 12.2476501465,
        "var": 150.004943848
    },
    "spectral_decrease": {
        "dmean": 5.55816281889e-09,
        "dmean2": 7.40421457479e-09,
        "dvar": 5.01365319663e-17,
        "dvar2": 9.03000980116e-17,
        "max": 1.73668607441e-30,
        "mean": -1.76960650577e-08,
        "median": -1.00038510809e-08,
        "min": -5.77184771089e-08,
        "stdev": 1.67030549392e-08,
        "var": 2.78992032867e-16
    },
    "spectral_energy": {
        "dmean": 0.0216648764908,
        "dmean2": 0.0288201179355,
        "dvar": 0.000719350995496,
        "dvar2": 0.00128906639293,
        "max": 0.220957443118,
        "mean": 0.0692049115896,
        "median": 0.041151240468,
        "min": 1.08456020275e-20,
        "stdev": 0.0635254755616,
        "var": 0.00403548590839
    },
    "spectral_energyband_high": {
        "dmean": 0.00132742675487,
        "dmean2": 0.00208820123225,
        "dvar": 4.99217367178e-06,
        "dvar2": 1.15649754662e-05,
        "max": 0.0152312824503,
        "mean": 0.00133563042618,
        "median": 0.000284139212454,
        "min": 7.92441773324e-21,
        "stdev": 0.00239562103525,
        "var": 5.73899978917e-06
    },
    "spectral_energyband_low": {
        "dmean": 0.0159478373826,
        "dmean2": 0.0203480534256,
        "dvar": 0.000776898406912,
        "dvar2": 0.00151841319166,
        "max": 0.210087195039,
        "mean": 0.0507375858724,
        "median": 0.0167101658881,
        "min": 2.32041463118e-23,
        "stdev": 0.0592570304871,
        "var": 0.00351139553823
    },
    "spectral_energyband_middle_high": {
        "dmean": 0.00623353850096,
        "dmean2": 0.00972330756485,
        "dvar": 0.000103022721305,
        "dvar2": 0.000243731585215,
        "max": 0.0823646113276,
        "mean": 0.00712245050818,
        "median": 0.00288186268881,
        "min": 1.62835269563e-21,
        "stdev": 0.010626678355,
        "var": 0.000112926289148
    },
    "spectral_energyband_middle_low": {
        "dmean": 0.00547214690596,
        "dmean2": 0.00806695781648,
        "dvar": 4.56268317066e-05,
        "dvar2": 9.61425539572e-05,
        "max": 0.0614426881075,
        "mean": 0.00859579164535,
        "median": 0.00530167901888,
        "min": 3.31539179585e-22,
        "stdev": 0.0095775378868,
        "var": 9.17292272788e-05
    },
    "spectral_entropy": {
        "dmean": 0.435454010963,
        "dmean2": 0.600556790829,
        "dvar": 0.176911175251,
        "dvar2": 0.321059733629,
        "max": 9.80055999756,
        "mean": 7.30163383484,
        "median": 7.35056304932,
        "min": 4.60817623138,
        "stdev": 0.759968280792,
        "var": 0.577551782131
    },
    "spectral_flux": {
        "dmean": 0.0474044233561,
        "dmean2": 0.0709713548422,
        "dvar": 0.00255512772128,
        "dvar2": 0.0053408681415,
        "max": 0.402154862881,
        "mean": 0.117134086788,
        "median": 0.107384584844,
        "min": 1.04142222623e-10,
        "stdev": 0.0684980675578,
        "var": 0.00469198497012
    },
    "spectral_kurtosis": {
        "dmean": 4.27344989777,
        "dmean2": 6.65885591507,
        "dvar": 224.739334106,
        "dvar2": 656.084899902,
        "max": 361.828369141,
        "mean": 6.42982339859,
        "median": 3.7695684433,
        "min": -1.46979212761,
        "stdev": 13.6930551529,
        "var": 187.499771118
    },
    "spectral_rms": {
        "dmean": 0.00146050367039,
        "dmean2": 0.00184610649012,
        "dvar": 2.40980898525e-06,
        "dvar2": 3.68141172657e-06,
        "max": 0.0146822417155,
        "mean": 0.00713454652578,
        "median": 0.00633620936424,
        "min": 3.25285653448e-12,
        "stdev": 0.00407619727775,
        "var": 1.66153859027e-05
    },
    "spectral_rolloff": {
        "dmean": 908.195617676,
        "dmean2": 1542.80187988,
        "dvar": 3094518.5,
        "dvar2": 6454058,
        "max": 18712.3535156,
        "mean": 1432.48657227,
        "median": 775.1953125,
        "min": 43.06640625,
        "stdev": 2234.05078125,
        "var": 4990982.5
    },
    "spectral_skewness": {
        "dmean": 0.544036090374,
        "dmean2": 0.777075231075,
        "dvar": 0.535961747169,
        "dvar2": 1.2729947567,
        "max": 15.7006349564,
        "mean": 1.86286437511,
        "median": 1.69081795216,
        "min": -0.840443730354,
        "stdev": 1.0668027401,
        "var": 1.13806796074
    },
    "spectral_spread": {
        "dmean": 1458636.875,
        "dmean2": 2118735,
        "dvar": 3.43450792755e+12,
        "dvar2": 5.34349715866e+12,
        "max": 39602860,
        "mean": 5570663.5,
        "median": 5124317.5,
        "min": 354692.375,
        "stdev": 2832574.75,
        "var": 8.02347968102e+12
    },
    "spectral_strongpeak": {
        "dmean": 0.589098215103,
        "dmean2": 0.966519713402,
        "dvar": 0.899146139622,
        "dvar2": 2.00771331787,
        "max": 9.50958156586,
        "mean": 0.986110806465,
        "median": 0.534484088421,
        "min": 0,
        "stdev": 1.27574193478,
        "var": 1.62751734257
    },
    "zerocrossingrate": {
        "dmean": 0.0201979130507,
        "dmean2": 0.0228520166129,
        "dvar": 0.000831292942166,
        "dvar2": 0.000892966403626,
        "max": 0.50634765625,
        "mean": 0.0562516599894,
        "median": 0.0400390625,
        "min": 0.00146484375,
        "stdev": 0.0604620464146,
        "var": 0.00365565903485
    },
    "barkbands": {
        "dmean": [0.00734108220786, 0.0106371436268, 0.00120808766223, 0.00065111881122, 0.00136948027648, 0.00169769104104, 0.00122756406199, 0.000464115408249, 0.000783971045166, 0.00174528488424, 0.0011699066963, 0.00171201629564, 0.00070427992614, 0.000593800679781, 0.000728741870262, 0.000459921342554, 0.000445819663582, 0.000421800388722, 0.000221956026508, 0.000177801077371, 0.000163903794601, 0.000265734968707, 0.000316528865369, 0.000298911327263, 0.000210797035834, 0.000118320283946, 4.3313043534e-06],
        "dmean2": [0.0104552488774, 0.0141858235002, 0.00187836831901, 0.00108224956784, 0.00213824934326, 0.00257912324741, 0.00204099644907, 0.000792871054728, 0.00135109503753, 0.00271346163936, 0.0020512137562, 0.00269805314019, 0.00116007099859, 0.000953702372499, 0.00124473357573, 0.000755134678911, 0.000715520756785, 0.000681985518895, 0.000349876208929, 0.000291344389552, 0.000263185822405, 0.00044925903785, 0.000502957263961, 0.000483907351736, 0.000345577951521, 0.000183006501175, 7.52295181883e-06],
        "dvar": [0.000165894874954, 0.000392232323065, 5.64188849239e-06, 1.55436475779e-06, 6.6703119046e-06, 1.33236462716e-05, 9.54051665758e-06, 1.22132280467e-06, 2.78153333966e-06, 1.09225366032e-05, 1.16477576739e-05, 9.57507654675e-06, 3.05418484459e-06, 1.37756228469e-06, 2.83872191176e-06, 9.46835086779e-07, 8.04220292139e-07, 1.13015767056e-06, 1.75359275545e-07, 1.46687625602e-07, 1.61743130889e-07, 2.57932413206e-07, 2.67114614871e-07, 2.75795429161e-07, 2.0112416621e-07, 2.14412608557e-07, 3.6374511736e-10],
        "dvar2": [0.000360327219823, 0.00081631419016, 1.50752975969e-05, 3.93171058022e-06, 1.5451651052e-05, 2.92781060125e-05, 2.5067543902e-05, 3.13919417749e-06, 7.34227660359e-06, 2.40745139308e-05, 3.12434058287e-05, 2.31203612202e-05, 7.80565005698e-06, 3.32326976604e-06, 7.23645598555e-06, 2.32304455494e-06, 1.91417188944e-06, 3.02061221191e-06, 4.07445298833e-07, 3.85892121813e-07, 4.03461910992e-07, 6.38851417989e-07, 6.23055370852e-07, 6.32678734291e-07, 4.76540066074e-07, 4.53561114e-07, 8.42931169309e-10],
        "max": [0.100083254278, 0.20297499001, 0.0323620885611, 0.0123518621549, 0.0304561071098, 0.05328861624, 0.0433152168989, 0.0135128395632, 0.015521466732, 0.0365100763738, 0.042364154011, 0.0270519349724, 0.0261002313346, 0.00934251211584, 0.0201108884066, 0.00811150390655, 0.00925362668931, 0.0188881568611, 0.0035182540305, 0.00333622796461, 0.00303063541651, 0.00484066782519, 0.00419668760151, 0.00612447736785, 0.00364733836614, 0.00963023025542, 0.000268901319942],
        "mean": [0.0191495250911, 0.032109759748, 0.00168481096625, 0.000829652650282, 0.00183028820902, 0.00191402935889, 0.00115549156908, 0.000454424880445, 0.000674278009683, 0.00227762456052, 0.000913445197511, 0.00165130977985, 0.000601747597102, 0.000508810800966, 0.000632526061963, 0.000393119786168, 0.000397961208364, 0.000400169898057, 0.000202283874387, 0.000156097172294, 0.000129800406285, 0.000231936050113, 0.000319219892845, 0.00028472559643, 0.000190586622921, 0.000107983112684, 3.41986014973e-06],
        "median": [0.000306206347886, 0.00907788053155, 0.0005114012165, 0.000239945948124, 0.000684775877744, 0.000376614567358, 0.000163868826348, 6.44936735625e-05, 0.000116815332149, 0.000356470001861, 5.04380441271e-05, 0.000244004084379, 3.0406345104e-05, 5.00950300193e-05, 5.53278150619e-05, 4.98999870615e-05, 3.87151158066e-05, 4.42978307547e-05, 3.1098297768e-05, 2.13870171137e-05, 7.44846056477e-06, 3.83252190659e-05, 7.47918820707e-05, 3.60864796676e-05, 1.44911846292e-05, 6.60883415549e-06, 7.78875559604e-08],
        "min": [1.86913965061e-23, 9.58963534416e-24, 4.14751825073e-24, 4.31134533366e-24, 3.11874707375e-23, 2.83764311661e-23, 8.78345247341e-23, 3.65387812633e-23, 6.73017123051e-23, 2.05875833572e-22, 9.77920950597e-23, 3.80932916304e-23, 1.1727789343e-22, 1.77181138051e-22, 1.21791919613e-22, 1.58905439688e-22, 1.81000348171e-22, 2.04833275e-22, 2.73719108355e-22, 3.48008929212e-22, 5.67867063582e-22, 4.66095373515e-22, 7.61726563949e-22, 6.25995636224e-22, 1.09649787706e-21, 1.86453053197e-21, 2.50662604935e-21],
        "stdev": [0.0286038834602, 0.0387532785535, 0.00256458367221, 0.00147562171333, 0.0032379347831, 0.0042063780129, 0.0028080814518, 0.00110705941916, 0.00147931103129, 0.00466574495658, 0.00290625123307, 0.00334216817282, 0.00163942319341, 0.00114438938908, 0.00165352341719, 0.000938951794524, 0.000890208641067, 0.0010204463033, 0.00042433469207, 0.000362676713848, 0.000372234702809, 0.000480663817143, 0.000554832455236, 0.000565626542084, 0.000478408561321, 0.0005027007428, 1.80836377695e-05],
        "var": [0.000818182190415, 0.00150181655772, 6.57708915242e-06, 2.17745946429e-06, 1.04842210931e-05, 1.76936155185e-05, 7.88532179286e-06, 1.22558049043e-06, 2.18836112253e-06, 2.17691740545e-05, 8.44629630592e-06, 1.11700874186e-05, 2.68770827461e-06, 1.30962712319e-06, 2.73413957075e-06, 8.81630455751e-07, 7.92471439581e-07, 1.04131072476e-06, 1.80059942068e-07, 1.31534406478e-07, 1.38558675644e-07, 2.31037702747e-07, 3.07839059133e-07, 3.1993340599e-07, 2.28874753816e-07, 2.52708019843e-07, 3.2701796826e-10]
    },
    "erbbands": {
        "dmean": [0.590998053551, 1.40233671665, 1.51897144318, 1.67049598694, 3.54692554474, 4.98894453049, 5.93871068954, 15.5059366226, 24.0750770569, 8.85680961609, 10.9167108536, 16.7041625977, 61.6463470459, 36.2986679077, 47.6609458923, 71.8593292236, 38.7074241638, 31.9759426117, 32.2478370667, 33.6780548096, 26.763130188, 23.0962944031, 22.8767433167, 15.0186548233, 11.0960798264, 7.65653514862, 6.55192565918, 6.78218793869, 7.52533864975, 12.0777044296, 8.7020740509, 7.22546815872, 4.35638618469, 2.90250492096, 1.25059187412, 0.672944962978, 0.188575342298, 0.0223897919059, 0.000638148165308, 4.03724297939e-05],
        "dmean2": [0.760259509087, 2.05328273773, 2.33165049553, 2.65602612495, 5.67179632187, 7.89453220367, 9.43158054352, 23.9290466309, 38.5375938416, 14.6943655014, 18.5806312561, 28.0274505615, 93.729675293, 62.086681366, 79.3659362793, 112.080451965, 63.418006897, 51.1583328247, 54.5467643738, 56.2956085205, 42.1173858643, 36.6751022339, 37.1641235352, 24.1392612457, 17.6622409821, 12.3165531158, 10.5701875687, 10.9799661636, 12.3809528351, 19.7796802521, 13.8425121307, 11.643075943, 6.99279260635, 4.83111333847, 2.01957297325, 1.04541790485, 0.290391147137, 0.0367554873228, 0.00107011431828, 5.81149542995e-05],
        "dvar": [1.17034256458, 12.7765331268, 11.6347551346, 9.46805000305, 45.7549705505, 117.797309875, 248.470062256, 1223.15783691, 3261.86645508, 503.010742188, 609.990539551, 1247.93811035, 13973.203125, 7299.21972656, 12941.5732422, 17473.2480469, 8874.05566406, 3808.83007812, 5847.37744141, 6205.80126953, 2610.50048828, 2190.57470703, 2588.74926758, 1249.51184082, 548.296264648, 253.823318481, 272.282928467, 254.377944946, 238.665557861, 385.012908936, 206.986694336, 149.619140625, 66.2830123901, 38.7727050781, 8.31514835358, 7.13214111328, 0.416280835867, 0.00584259536117, 6.10318602412e-06, 5.03641528482e-09],
        "dvar2": [2.3318157196, 26.5335731506, 29.8762016296, 23.8427848816, 104.915542603, 277.735443115, 608.589416504, 2769.74584961, 7947.59472656, 1297.41308594, 1546.87304688, 3222.40942383, 28675.0390625, 19634.1015625, 34020.15625, 39265.2226562, 22839.8066406, 9160.23925781, 14379.8359375, 16106.2587891, 5855.08837891, 5153.97753906, 6266.18994141, 3564.46948242, 1310.89477539, 625.89855957, 687.062927246, 645.034240723, 602.86529541, 930.99798584, 485.770782471, 352.825744629, 149.600738525, 98.5884933472, 18.0425605774, 15.41451931, 0.830994665623, 0.0127452593297, 1.37538927447e-05, 1.0373261361e-08],
        "max": [7.93987798691, 48.5886154175, 41.4859695435, 33.3163909912, 93.8729400635, 169.218414307, 249.709793091, 558.40057373, 612.329406738, 292.238220215, 256.427520752, 317.814086914, 1307.89123535, 1143.48547363, 1312.36096191, 1392.87561035, 1419.09997559, 450.193939209, 902.908752441, 988.293212891, 369.97265625, 369.686706543, 557.253540039, 699.984436035, 224.750823975, 171.508422852, 164.007461548, 121.96875, 168.831436157, 149.989486694, 123.274993896, 113.939865112, 98.1244659424, 64.1212005615, 35.0046005249, 55.229259491, 13.1915540695, 1.17226719856, 0.036938406527, 0.00124399887864],
        "mean": [1.82771527767, 3.80879044533, 2.9417963028, 2.23820996284, 5.14874887466, 5.714802742, 6.48942947388, 17.1130027771, 24.8106384277, 8.79816532135, 10.1235141754, 16.3089466095, 84.4649581909, 31.989156723, 42.8032569885, 70.2000350952, 33.892074585, 27.9067058563, 28.6407852173, 28.9619293213, 25.0346755981, 20.8905487061, 21.3965110779, 13.8373394012, 10.0556688309, 7.08916473389, 5.37395429611, 5.41783809662, 6.54700565338, 11.1210298538, 8.81995868683, 6.80569791794, 4.10108327866, 2.49728298187, 1.16498577595, 0.619158983231, 0.169421464205, 0.0188460201025, 0.000559073174372, 9.77529853117e-05],
        "median": [0.540351271629, 0.652371406555, 1.11391365528, 0.897702515125, 1.58787715435, 1.98684740067, 1.84697401524, 3.03664374352, 3.03898763657, 1.92307078838, 1.33719623089, 3.29245591164, 12.2524528503, 5.95003890991, 6.40330553055, 11.2355680466, 3.66934204102, 3.72784781456, 2.16924595833, 3.84748530388, 4.23605775833, 2.39425444603, 2.33007955551, 2.26457262039, 1.37927246094, 0.949440598488, 0.478097081184, 0.439598828554, 1.09641540051, 2.21592116356, 2.10611200333, 1.09161806107, 0.441242396832, 0.223153308034, 0.0727143883705, 0.0351897329092, 0.0101357232779, 0.00101908145007, 7.36218571546e-05, 6.83467806084e-05],
        "min": [5.29828215976e-22, 1.52751107888e-21, 4.15685157334e-21, 8.68277594948e-21, 4.47766565754e-20, 6.41284112967e-20, 3.22504072354e-19, 1.84052714e-19, 1.10524068419e-18, 9.63415811874e-19, 9.15124387328e-19, 9.2906279424e-19, 5.35067610853e-18, 6.34888913403e-18, 3.69101389647e-18, 1.98017898299e-18, 5.65085085384e-18, 6.29924423521e-18, 8.77922435587e-18, 5.81209192988e-18, 9.4566960309e-18, 1.133827798e-17, 9.28405930116e-18, 1.58155973591e-17, 1.2729548621e-17, 1.41081476822e-17, 2.75111222379e-17, 1.808453889e-17, 1.7939041129e-17, 1.94581450891e-17, 1.94110437706e-17, 1.35537580008e-17, 1.11128878067e-17, 1.05024938619e-17, 9.39573281975e-18, 5.97572810737e-18, 3.29490832719e-18, 1.62215836008e-18, 3.27096294772e-19, 3.82011684728e-20],
        "stdev": [2.25996661186, 7.05926370621, 4.20172119141, 3.50133514404, 9.5712594986, 11.8794870377, 16.099817276, 39.1317253113, 59.0681838989, 21.3091430664, 23.9414348602, 32.8290290833, 180.020141602, 73.6652069092, 104.72303009, 146.801528931, 87.1109924316, 60.8458900452, 79.4658966064, 71.2620773315, 52.1825256348, 46.6328086853, 50.5690536499, 33.1218719482, 23.0469646454, 16.0539264679, 15.0670833588, 14.6822347641, 14.5480136871, 19.8889694214, 15.328915596, 12.8194665909, 8.97347259521, 6.08031988144, 3.26879358292, 2.84955024719, 0.737865865231, 0.0785250365734, 0.00244835973717, 0.000102531274024],
        "var": [5.10744905472, 49.8332023621, 17.654460907, 12.259346962, 91.6090164185, 141.122207642, 259.20413208, 1531.29187012, 3489.05053711, 454.079559326, 573.192321777, 1077.74511719, 32407.2519531, 5426.56298828, 10966.9130859, 21550.6875, 7588.32470703, 3702.22241211, 6314.82910156, 5078.28417969, 2723.01586914, 2174.61889648, 2557.22900391, 1097.05847168, 531.162536621, 257.728546143, 227.01701355, 215.568008423, 211.644699097, 395.571136475, 234.975662231, 164.338729858, 80.5232162476, 36.970287323, 10.68501091, 8.11993598938, 0.544445991516, 0.00616618152708, 5.99446548222e-06, 1.05126618521e-08]
    },
    "gfcc": {
        "mean": [-40.4833297729, 74.3541488647, -101.11113739, 22.6988639832, -56.0209312439, 33.1971511841, -34.0873756409, 13.24314785, -15.0361652374, -5.04509449005, -6.90627622604, 11.384677887, -8.14657688141],
        "cov": [[10542.9863281, -919.718566895, -817.028320312, 501.551483154, -253.487976074, 271.395751953, -500.249572754, 59.4190940857, -287.464477539, 580.95300293, -82.9504699707, 234.095108032, -190.536468506], [-919.718566895, 3345.22216797, 1419.70471191, 424.303009033, 955.782714844, 79.7029037476, 554.065856934, -268.776397705, 259.859863281, -164.657440186, 276.431304932, -343.57232666, 144.186538696], [-817.028320312, 1419.70471191, 3082.66259766, 1005.3404541, 736.973327637, 456.242126465, 196.535568237, -50.8820762634, 302.09072876, 88.268081665, 198.743637085, -75.8137130737, 65.6206741333], [501.551483154, 424.303009033, 1005.3404541, 934.183837891, 379.094024658, 165.959121704, 69.727684021, -0.77734708786, 174.496047974, 75.1971893311, 141.231185913, 25.1522140503, 42.7666282654], [-253.487976074, 955.782714844, 736.973327637, 379.094024658, 832.715087891, 365.141357422, 353.901733398, 28.7254810333, 202.53704834, 59.0505523682, 125.761940002, -82.7852401733, 91.9828033447], [271.395751953, 79.7029037476, 456.242126465, 165.959121704, 365.141357422, 693.412658691, 286.457244873, 27.6631641388, 90.5410308838, 101.605743408, -21.286190033, -16.9595737457, 30.9513282776], [-500.249572754, 554.065856934, 196.535568237, 69.727684021, 353.901733398, 286.457244873, 594.706604004, 116.482246399, 125.983276367, -47.3532829285, 76.8930892944, -77.5918884277, 84.8833007812], [59.4190940857, -268.776397705, -50.8820762634, -0.77734708786, 28.7254810333, 27.6631641388, 116.482246399, 334.747131348, 109.522384644, -32.4973983765, 24.9361381531, 37.4274520874, 39.9001998901], [-287.464477539, 259.859863281, 302.09072876, 174.496047974, 202.53704834, 90.5410308838, 125.983276367, 109.522384644, 286.702575684, 31.4731521606, 99.5946655273, 25.1865558624, 57.1102828979], [580.95300293, -164.657440186, 88.268081665, 75.1971893311, 59.0505523682, 101.605743408, -47.3532829285, -32.4973983765, 31.4731521606, 261.300537109, 48.3460655212, 38.8779144287, -19.2344360352], [-82.9504699707, 276.431304932, 198.743637085, 141.231185913, 125.761940002, -21.286190033, 76.8930892944, 24.9361381531, 99.5946655273, 48.3460655212, 274.69442749, 41.3220558167, -9.71530151367], [234.095108032, -343.57232666, -75.8137130737, 25.1522140503, -82.7852401733, -16.9595737457, -77.5918884277, 37.4274520874, 25.1865558624, 38.8779144287, 41.3220558167, 165.932922363, -9.92645835876], [-190.536468506, 144.186538696, 65.6206741333, 42.7666282654, 91.9828033447, 30.9513282776, 84.8833007812, 39.9001998901, 57.1102828979, -19.2344360352, -9.71530151367, -9.92645835876, 125.700767517]],
        "icov": [[0.000164285447681, -0.000167262536706, 0.000143261058838, -0.000249949167483, 0.00014154521341, -0.000204020456295, 0.000184479067684, -0.000352538510924, 0.000320223945891, -0.000428223691415, 0.000142759032315, -0.000233056256548, 0.000166736586834], [-0.000167262536706, 0.00123244419228, -0.000435500784079, 0.000470022088848, -0.000956744188443, 0.000802207854576, -0.000678696786053, 0.00155037944205, -0.000859044375829, 0.00112600170542, -0.000796793261543, 0.00148952601012, -0.000512389815412], [0.000143261058838, -0.000435500784079, 0.000792544276919, -0.000761769420933, 0.000179882001248, -0.00058986042859, 0.000477077584947, -0.000506368523929, 0.000174839558895, -0.000425575562986, 0.000135705515277, -0.000204321186175, 0.000264114671154], [-0.000249949167483, 0.000470022088848, -0.000761769420933, 0.00229844986461, -0.000845079601277, 0.000487774610519, -0.000163353950484, 0.00084179098485, -0.000840485736262, 0.000692136876751, -0.000632926239632, 8.35461178212e-05, -0.000515486230142], [0.00014154521341, -0.000956744188443, 0.000179882001248, -0.000845079601277, 0.00338766234927, -0.00136046705302, -0.000160639901878, -0.000954673683736, 2.96791040455e-05, -0.00114287692122, -3.44832478731e-05, -3.23860222124e-05, -0.000420433294494], [-0.000204020456295, 0.000802207854576, -0.00058986042859, 0.000487774610519, -0.00136046705302, 0.0032246960327, -0.00175195210613, 0.00114270462655, -0.000668617489282, -0.000175519511686, 0.000830035598483, 0.000132276050863, 0.000285916466964], [0.000184479067684, -0.000678696786053, 0.000477077584947, -0.000163353950484, -0.000160639901878, -0.00175195210613, 0.00381738436408, -0.00168920285068, 0.000393960130168, 0.000208933342947, -0.000786403776146, 0.000523611961398, -0.000794469437096], [-0.000352538510924, 0.00155037944205, -0.000506368523929, 0.00084179098485, -0.000954673683736, 0.00114270462655, -0.00168920285068, 0.00601014401764, -0.00279587623663, 0.00217869644985, -0.000823040143587, 0.000898155441973, -0.00107369595207], [0.000320223945891, -0.000859044375829, 0.000174839558895, -0.000840485736262, 2.96791040455e-05, -0.000668617489282, 0.000393960130168, -0.00279587623663, 0.00675385771319, -0.00160579930525, -0.000583924702369, -0.0018296064809, -0.00107403681614], [-0.000428223691415, 0.00112600170542, -0.000425575562986, 0.000692136876751, -0.00114287692122, -0.000175519511686, 0.000208933342947, 0.00217869644985, -0.00160579930525, 0.00644465023652, -0.00173951976467, 0.000805630581453, -0.000262242974713], [0.000142759032315, -0.000796793261543, 0.000135705515277, -0.000632926239632, -3.44832478731e-05, 0.000830035598483, -0.000786403776146, -0.000823040143587, -0.000583924702369, -0.00173951976467, 0.00608726870269, -0.00269913300872, 0.00214445893653], [-0.000233056256548, 0.00148952601012, -0.000204321186175, 8.35461178212e-05, -3.23860222124e-05, 0.000132276050863, 0.000523611961398, 0.000898155441973, -0.0018296064809, 0.000805630581453, -0.00269913300872, 0.0100689679384, -0.00109010282904], [0.000166736586834, -0.000512389815412, 0.000264114671154, -0.000515486230142, -0.000420433294494, 0.000285916466964, -0.000794469437096, -0.00107369595207, -0.00107403681614, -0.000262242974713, 0.00214445893653, -0.00109010282904, 0.010475449264]]
    },
    "melbands": {
        "dmean": [0.00431312993169, 0.000996061135083, 0.000314674543915, 0.000301152816974, 0.000199513291591, 0.000367641274352, 0.000337229226716, 9.0220994025e-05, 8.89136135811e-05, 0.000119733922475, 0.000307739916025, 0.000141649041325, 0.000160924115335, 0.000198228721274, 0.000124299258459, 6.78482247167e-05, 6.1757848016e-05, 5.00474634464e-05, 5.17426269653e-05, 3.56740056304e-05, 3.22660525853e-05, 2.36203195527e-05, 2.78105344478e-05, 1.55947509484e-05, 1.20971926663e-05, 8.24458857096e-06, 7.08470997779e-06, 4.65259518023e-06, 4.34038338426e-06, 3.82108191843e-06, 3.88421904063e-06, 3.71228816221e-06, 6.3377638071e-06, 6.90182469043e-06, 5.25235282112e-06, 4.60674209535e-06, 4.49069239039e-06, 3.2072734939e-06, 2.45639398599e-06, 2.64429013441e-06],
        "dmean2": [0.00554357748479, 0.00147499213926, 0.000499677087646, 0.00047635732335, 0.000315806537401, 0.000564586021937, 0.000539625470992, 0.000151765052578, 0.000152665830683, 0.000200014954316, 0.000466597499326, 0.000244859082159, 0.000277649436612, 0.000314444827382, 0.000193589628907, 0.000114483176731, 9.93242283585e-05, 8.50035867188e-05, 8.75541372807e-05, 5.97955768171e-05, 5.07538570673e-05, 3.82719117624e-05, 4.52030690212e-05, 2.55603390542e-05, 1.98894886125e-05, 1.31201550175e-05, 1.16408964459e-05, 7.45663965063e-06, 7.08448578735e-06, 6.13455131315e-06, 6.34659045318e-06, 6.12411986367e-06, 1.08160202217e-05, 1.1155766515e-05, 8.39024960442e-06, 7.3677506407e-06, 7.33216711524e-06, 5.12651376994e-06, 3.98710471927e-06, 4.47563979833e-06],
        "dvar": [5.84897061344e-05, 6.4982132244e-06, 2.87088937512e-07, 3.45000984225e-07, 2.31819981877e-07, 6.59375814394e-07, 6.5080433842e-07, 5.26391374933e-08, 4.11414902146e-08, 6.15005362192e-08, 3.524644967e-07, 1.12525917473e-07, 2.01633795882e-07, 1.34698524334e-07, 5.52805019538e-08, 3.05117744404e-08, 1.49261332183e-08, 1.37445335113e-08, 1.55985659944e-08, 5.96784932583e-09, 3.99424537889e-09, 2.22964913199e-09, 4.08915878936e-09, 2.03005545707e-09, 8.24794565979e-10, 2.82569662113e-10, 2.54294502122e-10, 9.72644811914e-11, 1.4203396792e-10, 8.18448642192e-11, 8.50891856974e-11, 6.85954557045e-11, 1.51306286944e-10, 1.27798660543e-10, 7.56783039013e-11, 6.67258331921e-11, 6.23865542559e-11, 3.73180479574e-11, 2.42825863583e-11, 3.61908246427e-11],
        "dvar2": [0.000115320559416, 1.48350109157e-05, 7.00625207628e-07, 8.14014072148e-07, 5.26609028384e-07, 1.45382261962e-06, 1.60465424415e-06, 1.33688445203e-07, 1.06463346583e-07, 1.58615620194e-07, 7.30907800062e-07, 3.0369787396e-07, 5.31235684775e-07, 3.4703447227e-07, 1.29626428702e-07, 8.05867941267e-08, 3.59449039422e-08, 3.34272058922e-08, 4.05940454584e-08, 1.54198662727e-08, 8.8429237266e-09, 5.29857402398e-09, 9.87246462358e-09, 5.78904879589e-09, 2.37276687187e-09, 6.5532579363e-10, 6.49930609331e-10, 2.42455860944e-10, 3.71507852259e-10, 2.01310371151e-10, 2.19411280811e-10, 1.74372988271e-10, 3.81366160873e-10, 3.09021835898e-10, 1.75879380504e-10, 1.61668789467e-10, 1.50521192732e-10, 8.29335489172e-11, 6.01397404099e-11, 9.43123218411e-11],
        "max": [0.062617354095, 0.0344841964543, 0.00562439952046, 0.00710123358294, 0.00721804238856, 0.0121387280524, 0.00948966667056, 0.00348021835089, 0.00187860918231, 0.00234732311219, 0.00663690641522, 0.00439486373216, 0.00522591685876, 0.00320113124326, 0.00262164906599, 0.00273380125873, 0.000907890906092, 0.00137684808578, 0.0019579094369, 0.0007931215805, 0.00064841232961, 0.000368854758563, 0.000666516134515, 0.00104488502257, 0.000541827292182, 0.000151897431351, 0.000146194171975, 0.0001059500064, 0.000139873372973, 6.80023586028e-05, 6.98704534443e-05, 9.3729897344e-05, 0.000112910136522, 9.96142989607e-05, 8.29995115055e-05, 8.10518104117e-05, 8.73761309776e-05, 8.84021792444e-05, 4.6275472414e-05, 6.73124595778e-05],
        "mean": [0.0136110447347, 0.00250345421955, 0.00047727880883, 0.000404437654652, 0.000225990181207, 0.000411191693274, 0.00034703037818, 9.04549451661e-05, 7.8133205534e-05, 0.000117082374345, 0.000418805895606, 0.000116371098557, 0.000131762164528, 0.000190870166989, 0.00011656692368, 5.55206825084e-05, 5.28979107912e-05, 4.33866589447e-05, 4.38832466898e-05, 3.0637220334e-05, 3.0329087167e-05, 2.12016439036e-05, 2.44539096457e-05, 1.46410420712e-05, 1.08614804049e-05, 7.47108333599e-06, 6.18309650235e-06, 4.26296901423e-06, 3.47775198861e-06, 3.04062200485e-06, 3.05057437799e-06, 3.14477347274e-06, 5.41125518794e-06, 6.41896122033e-06, 5.26634767084e-06, 4.41893416792e-06, 4.06743311032e-06, 2.97916790259e-06, 2.20457832256e-06, 2.16246621676e-06],
        "median": [0.00412643700838, 0.000714595080353, 0.000211378152017, 0.000144998877659, 6.01797910349e-05, 7.23043922335e-05, 4.38048227807e-05, 1.58325947268e-05, 7.97286338639e-06, 2.10881935345e-05, 5.96329118707e-05, 1.89322072401e-05, 8.79450544744e-06, 3.08703201881e-05, 1.61609623319e-05, 3.10224299938e-06, 4.95636186315e-06, 2.92623121823e-06, 4.03053081754e-06, 4.42031296188e-06, 4.49657773061e-06, 1.96663768293e-06, 2.24311293096e-06, 1.69246652604e-06, 1.60311014952e-06, 8.33591172977e-07, 6.78648746089e-07, 5.20109836089e-07, 2.53096203551e-07, 1.35765674258e-07, 2.16783547557e-07, 3.75833025146e-07, 9.06074376417e-07, 1.22765595734e-06, 1.22188021123e-06, 7.6234550761e-07, 5.18174033459e-07, 2.92190833306e-07, 1.87551094655e-07, 1.44694524806e-07],
        "min": [4.78360795862e-24, 1.89691465422e-24, 2.74557949909e-24, 3.53592425168e-24, 9.73754360845e-24, 4.77966128751e-24, 1.80098901037e-23, 9.57392517924e-24, 7.88030944663e-24, 7.65538784761e-24, 2.59239919849e-23, 2.54174880635e-23, 1.1697749362e-23, 5.83662682656e-24, 8.5921128409e-24, 1.10918111012e-23, 1.26082360527e-23, 1.56554574237e-23, 1.10125266359e-23, 7.93391964488e-24, 1.10452209761e-23, 1.1770484704e-23, 6.0760954151e-24, 1.16298166051e-23, 1.29512469738e-23, 9.65338634936e-24, 7.97808638925e-24, 9.63431405925e-24, 1.96486034839e-23, 1.31495642388e-23, 8.36433872085e-24, 1.04011933554e-23, 8.05643605435e-24, 1.29310150581e-23, 1.08332272296e-23, 1.17307474136e-23, 7.21740990645e-24, 7.98515852726e-24, 6.50114077058e-24, 1.01839008301e-23],
        "stdev": [0.0160977821797, 0.00432969303802, 0.00070420053089, 0.000726464844774, 0.000532622099854, 0.000933850649744, 0.000821723078843, 0.000226732037845, 0.000190837206901, 0.000235894840444, 0.000895010016393, 0.000286288704956, 0.00039402465336, 0.000384230574127, 0.00024334040063, 0.000155946123414, 0.000119626987725, 0.0001204999935, 0.000115140392154, 7.26649013814e-05, 6.4555213612e-05, 4.68329344585e-05, 6.15497119725e-05, 4.21694967372e-05, 2.64101417997e-05, 1.67832404259e-05, 1.5180333321e-05, 9.85564474831e-06, 1.04308892332e-05, 8.49133721204e-06, 8.38437699713e-06, 7.73289866629e-06, 1.13259884529e-05, 1.17203171612e-05, 9.34385752771e-06, 8.37515381136e-06, 8.06134630693e-06, 6.76681565892e-06, 5.07891536472e-06, 5.63275671084e-06],
        "var": [0.000259138585534, 1.87462410395e-05, 4.95898405006e-07, 5.27751183199e-07, 2.8368631888e-07, 8.7207706656e-07, 6.75228818636e-07, 5.14074187663e-08, 3.64188394997e-08, 5.5646378172e-08, 8.01042915555e-07, 8.19612182568e-08, 1.55255420964e-07, 1.47633130609e-07, 5.9214549708e-08, 2.43191955462e-08, 1.43106166917e-08, 1.4520248115e-08, 1.32573099165e-08, 5.2801882866e-09, 4.16737533371e-09, 2.19332374485e-09, 3.78836739756e-09, 1.77826631198e-09, 6.97495561308e-10, 2.81677181579e-10, 2.30442512295e-10, 9.71337385525e-11, 1.08803459298e-10, 7.21028028949e-11, 7.02977745459e-11, 5.97977223293e-11, 1.28278013212e-10, 1.37365840924e-10, 8.73076749786e-11, 7.01432037453e-11, 6.49853018619e-11, 4.57897920969e-11, 2.57953831906e-11, 3.17279466588e-11]
    },
    "melbands128": {
