{
"lowlevel": {
    "average_loudness": 0.918178856373,
    "barkbands_crest": {
        "dmean": 2.85604906082,
        "dmean2": 4.70991325378,
        "dvar": 6.33759784698,
        "dvar2": 15.7854938507,
        "max": 24.6471729279,
        "mean": 10.7812786102,
        "median": 10.0180082321,
        "min": 2.55838775635,
        "stdev": 4.25656175613,
        "var": 18.1183166504
    },
    "barkbands_flatness_db": {
        "dmean": 0.025733795017,
        "dmean2": 0.0383951812983,
        "dvar": 0.000657629512716,
        "dvar2": 0.00142159941606,
        "max": 0.406014323235,
        "mean": 0.163707837462,
        "median": 0.157050460577,
        "min": 0.0476595498621,
        "stdev": 0.0557963214815,
        "var": 0.00311322952621
    },
    "barkbands_kurtosis": {
        "dmean": 5.10504674911,
        "dmean2": 8.03866958618,
        "dvar": 102.432151794,
        "dvar2": 234.524261475,
        "max": 204.392791748,
        "mean": 9.49764823914,
        "median": 5.15050506592,
        "min": -1.85358965397,
        "stdev": 15.1854763031,
        "var": 230.598678589
    },
    "barkbands_skewness": {
        "dmean": 0.644321024418,
        "dmean2": 0.983640789986,
        "dvar": 0.497246563435,
        "dvar2": 1.11711394787,
        "max": 10.8504695892,
        "mean": 2.13957357407,
        "median": 1.84375488758,
        "min": -1.81337559223,
        "stdev": 1.38395643234,
        "var": 1.915335536
    },
    "barkbands_spread": {
        "dmean": 4.16117429733,
        "dmean2": 6.31047534943,
        "dvar": 33.3065910339,
        "dvar2": 65.1816635132,
        "max": 81.8291091919,
        "mean": 13.273727417,
        "median": 11.1163434982,
        "min": 0.470324158669,
        "stdev": 10.1624078751,
        "var": 103.274528503
    },
    "dissonance": {
        "dmean": 0.0268316119909,
        "dmean2": 0.0452790446579,
        "dvar": 0.00069427996641,
        "dvar2": 0.00180840562098,
        "max": 0.499997347593,
        "mean": 0.449604362249,
        "median": 0.458522200584,
        "min": 0.136946752667,
        "stdev": 0.0378129780293,
        "var": 0.00142982124817
    },
    "dynamic_complexity": 4.35810232162,
    "erbbands_crest": {
        "dmean": 3.1132133007,
        "dmean2": 5.00439357758,
        "dvar": 8.74562931061,
        "dvar2": 21.1947536469,
        "max": 29.9993305206,
        "mean": 9.9471950531,
        "median": 8.68424606323,
        "min": 2.52485179901,
        "stdev": 5.06352615356,
        "var": 25.6392993927
    },
    "erbbands_flatness_db": {
        "dmean": 0.0196847803891,
        "dmean2": 0.0287071894854,
        "dvar": 0.000315175391734,
        "dvar2": 0.0006521687028,
        "max": 0.338935703039,
        "mean": 0.16674092412,
        "median": 0.161537393928,
        "min": 0.0713290199637,
        "stdev": 0.0456707067788,
        "var": 0.002085813554
    },
    "erbbands_kurtosis": {
        "dmean": 1.64171361923,
        "dmean2": 2.61604690552,
        "dvar": 5.6867442131,
        "dvar2": 14.4819955826,
        "max": 28.0293979645,
        "mean": 2.05929112434,
        "median": 1.02156829834,
        "min": -1.74195706844,
        "stdev": 3.57413244247,
        "var": 12.7744226456
    },
    "erbbands_skewness": {
        "dmean": 0.419814437628,
        "dmean2": 0.652406811714,
        "dvar": 0.157011896372,
        "dvar2": 0.362867802382,
        "max": 4.10547304153,
        "mean": 1.01306986809,
        "median": 0.950789690018,
        "min": -1.63173699379,
        "stdev": 0.723739624023,
        "var": 0.523799061775
    },
    "erbbands_spread": {
        "dmean": 8.23201560974,
        "dmean2": 12.1617794037,
        "dvar": 74.766746521,
        "dvar2": 141.246078491,
        "max": 138.472595215,
        "mean": 32.5656280518,
        "median": 29.4206256866,
        "min": 4.1206111908,
        "stdev": 17.9001083374,
        "var": 320.413879395
    },
    "hfc": {
        "dmean": 5.52393007278,
        "dmean2": 8.09495162964,
        "dvar": 48.0059127808,
        "dvar2": 109.700645447,
        "max": 91.3195571899,
        "mean": 15.7345790863,
        "median": 13.6708259583,
        "min": 1.1658144587e-16,
        "stdev": 13.7136106491,
        "var": 188.06312561
    },
    "loudness_ebu128": {
        "integrated": -9.83565807343,
        "loudness_range": 7.64484119415,
        "momentary": {
            "dmean": 0.760865628719,
            "dmean2": 0.898350596428,
            "dvar": 1.45748662949,
            "dvar2": 1.88217043877,
            "max": -6.8608341217,
            "mean": -12.0004892349,
            "median": -9.81692886353,
            "min": -30.8090267181,
            "stdev": 5.10268688202,
            "var": 26.0374126434
        },
        "short_term": {
            "dmean": 0.135217770934,
            "dmean2": 0.101480536163,
            "dvar": 0.0298076663166,
            "dvar2": 0.0234718713909,
            "max": -7.99773025513,
            "mean": -11.25303936,
            "median": -9.97216892242,
            "min": -19.3996009827,
            "stdev": 3.05379533768,
            "var": 9.32566642761
        }
    },
    "melbands_crest": {
        "dmean": 3.57821750641,
        "dmean2": 5.96097230911,
        "dvar": 10.7129621506,
        "dvar2": 25.5527629852,
        "max": 30.5393199921,
        "mean": 14.0190210342,
        "median": 13.4029331207,
        "min": 1.67867016792,
        "stdev": 5.06411886215,
        "var": 25.6453018188
    },
    "melbands_flatness_db": {
        "dmean": 0.0300808772445,
        "dmean2": 0.0443577170372,
        "dvar": 0.000932121358346,
        "dvar2": 0.0018740639789,
        "max": 0.520516693592,
        "mean": 0.22406886518,
        "median": 0.222976177931,
        "min": 0.00373528059572,
        "stdev": 0.0706975162029,
        "var": 0.00499813910574
    },
    "melbands_kurtosis": {
        "dmean": 8.82992362976,
        "dmean2": 14.082116127,
        "dvar": 224.735824585,
        "dvar2": 551.985839844,
        "max": 188.924713135,
        "mean": 16.9703788757,
        "median": 8.6346282959,
        "min": -1.19098556042,
        "stdev": 22.9671840668,
        "var": 527.491516113
    },
    "melbands_skewness": {
        "dmean": 0.803191125393,
        "dmean2": 1.20119917393,
        "dvar": 0.713631033897,
        "dvar2": 1.69317877293,
        "max": 10.4604473114,
        "mean": 2.63287496567,
        "median": 2.22773861885,
        "min": -0.549169957638,
        "stdev": 1.66037368774,
        "var": 2.75684094429
    },
    "melbands_spread": {
        "dmean": 4.71917152405,
        "dmean2": 7.30591726303,
        "dvar": 52.0210914612,
        "dvar2": 89.395904541,
        "max": 142.4712677,
        "mean": 14.5434474945,
        "median": 11.7503023148,
        "min": 0.486750930548,
        "stdev": 12.2237014771,
        "var": 149.418869019
    },
    "pitch_salience": {
        "dmean": 0.0821648314595,
        "dmean2": 0.133603915572,
        "dvar": 0.00564073165879,
        "dvar2": 0.0134744662791,
        "max": 0.881347537041,
        "mean": 0.562213778496,
        "median": 0.572096407413,
        "min": 0.129435479641,
        "stdev": 0.129634872079,
        "var": 0.0168052017689
    },
    "silence_rate_20dB": {
        "dmean": 0,
        "dmean2": 0,
        "dvar": 0,
        "dvar2": 0,
        "max": 1,
        "mean": 1,
        "median": 1,
        "min": 1,
        "stdev": 0,
        "var": 0
    },
    "silence_rate_30dB": {
        "dmean": 0.0061919502914,
        "dmean2": 0.0123934932053,
        "dvar": 0.00615359283984,
        "dvar2": 0.0168875548989,
        "max": 1,
        "mean": 0.996133029461,
        "median": 1,
        "min": 0,
        "stdev": 0.06206446141,
        "var": 0.00385199743323
    },
    "silence_rate_60dB": {
        "dmean": 0.0348297208548,
        "dmean2": 0.0697133988142,
        "dvar": 0.0336165651679,
        "dvar2": 0.0695009455085,
        "max": 1,
        "mean": 0.172467127442,
        "median": 0,
        "min": 0,
        "stdev": 0.377784490585,
        "var": 0.142721131444
    },
    "spectral_centroid": {
        "dmean": 209.473449707,
        "dmean2": 317.484344482,
        "dvar": 134095.203125,
        "dvar2": 187340.671875,
        "max": 10932.1015625,
        "mean": 882.903503418,
        "median": 756.105529785,
        "min": 148.247085571,
        "stdev": 562.328674316,
        "var": 316213.5625
    },
    "spectral_complexity": {
        "dmean": 3.16331267357,
        "dmean2": 4.86367177963,
        "dvar": 12.6536569595,
        "dvar2": 25.4872703552,
        "max": 44,
        "mean": 12.8778038025,
        "median": 13,
        "min": 0,
        "stdev": 7.28837347031,
        "var": 53.120388031
    },
    "spectral_decrease": {
        "dmean": 3.19522919234e-09,
        "dmean2": 4.87658891046e-09,
        "dvar": 1.86397888393e-17,
        "dvar2": 4.54932528594e-17,
        "max": -6.72153944119e-29,
        "mean": -7.98847565875e-09,
        "median": -7.12485581644e-09,
        "min": -5.07835373753e-08,
        "stdev": 6.71966349231e-09,
        "var": 4.51538771977e-17
    },
    "spectral_energy": {
        "dmean": 0.0124563239515,
        "dmean2": 0.0190085843205,
        "dvar": 0.000278076477116,
        "dvar2": 0.000679018208757,
        "max": 0.19456140697,
        "mean": 0.0315775163472,
        "median": 0.0281124785542,
        "min": 1.08279662783e-20,
        "stdev": 0.0262449495494,
        "var": 0.000688797328621
    },
    "spectral_energyband_high": {
        "dmean": 0.000227239943342,
        "dmean2": 0.000309757597279,
        "dvar": 2.20055014211e-07,
        "dvar2": 3.53958483856e-07,
        "max": 0.00941888615489,
        "mean": 0.000410271662986,
        "median": 0.000245915347477,
        "min": 7.59827511955e-21,
        "stdev": 0.00071003328776,
        "var": 5.04147237734e-07
    },
    "spectral_energyband_low": {
        "dmean": 0.00637175189331,
        "dmean2": 0.00943079125136,
        "dvar": 0.000135475696879,
        "dvar2": 0.000314136064844,
        "max": 0.117848962545,
        "mean": 0.0104318326339,
        "median": 0.00337019190192,
        "min": 7.42845891313e-23,
        "stdev": 0.0155926859006,
        "var": 0.000243131842581
    },
    "spectral_energyband_middle_high": {
        "dmean": 0.00151308265049,
        "dmean2": 0.00215366738848,
        "dvar": 6.25949269306e-06,
        "dvar2": 1.32594013849e-05,
        "max": 0.0423890799284,
        "mean": 0.00364887621254,
        "median": 0.00178118189797,
        "min": 1.72066350744e-21,
        "stdev": 0.00504362815991,
        "var": 2.54381866398e-05
    },
    "spectral_energyband_middle_low": {
        "dmean": 0.00970173068345,
        "dmean2": 0.0153414327651,
        "dvar": 0.000185802491615,
        "dvar2": 0.000483696116135,
        "max": 0.160397902131,
        "mean": 0.0195271894336,
        "median": 0.0150184044614,
        "min": 3.62259543692e-22,
        "stdev": 0.018805641681,
        "var": 0.000353652139893
    },
    "spectral_entropy": {
        "dmean": 0.206337049603,
        "dmean2": 0.303620785475,
        "dvar": 0.0432330034673,
        "dvar2": 0.0857575014234,
        "max": 9.81343841553,
        "mean": 7.42088460922,
        "median": 7.44195079803,
        "min": 5.57547950745,
        "stdev": 0.453324109316,
        "var": 0.205502748489
    },
    "spectral_flux": {
        "dmean": 0.0311108902097,
        "dmean2": 0.0502656027675,
        "dvar": 0.00119731866289,
        "dvar2": 0.00287256506272,
        "max": 0.387788981199,
        "mean": 0.0907593593001,
        "median": 0.085347443819,
        "min": 1.04057512607e-10,
        "stdev": 0.0556749664247,
        "var": 0.00309970183298
    },
    "spectral_kurtosis": {
        "dmean": 1.55951213837,
        "dmean2": 2.47254252434,
        "dvar": 2.45868682861,
        "dvar2": 6.3999671936,
        "max": 22.4301395416,
        "mean": 4.92820310593,
        "median": 4.349817276,
        "min": -1.21406280994,
        "stdev": 2.76551294327,
        "var": 7.64806127548
    },
    "spectral_rms": {
        "dmean": 0.00103395257611,
        "dmean2": 0.00151997688226,
        "dvar": 1.2665155964e-06,
        "dvar2": 2.8509070944e-06,
        "max": 0.0137773733586,
        "mean": 0.00491380458698,
        "median": 0.00523706106469,
        "min": 3.2502106475e-12,
        "stdev": 0.00258105318062,
        "var": 6.66183541398e-06
    },
    "spectral_rolloff": {
        "dmean": 360.196990967,
        "dmean2": 580.079467773,
        "dvar": 785840.375,
        "dvar2": 1428308,
        "max": 18798.4863281,
        "mean": 1007.61486816,
        "median": 732.12890625,
        "min": 107.666015625,
        "stdev": 1236.12231445,
        "var": 1527998.25
    },
    "spectral_skewness": {
        "dmean": 0.242729038,
        "dmean2": 0.363217383623,
        "dvar": 0.0485204085708,
        "dvar2": 0.105604834855,
        "max": 3.46489834785,
        "mean": 1.7671186924,
        "median": 1.74154150486,
        "min": 0.0208861716092,
        "stdev": 0.469776779413,
        "var": 0.220690235496
    },
    "spectral_spread": {
        "dmean": 535744.4375,
        "dmean2": 744823.5625,
        "dvar": 942833008640,
        "dvar2": 1.30196255539e+12,
        "max": 39492072,
        "mean": 4623974,
        "median": 4462301.5,
        "min": 2125514.75,
        "stdev": 1774506.5,
        "var": 3.14887346586e+12
    },
    "spectral_strongpeak": {
        "dmean": 0.576050937176,
        "dmean2": 0.954698085785,
        "dvar": 0.664049208164,
        "dvar2": 1.62501621246,
        "max": 9.13111972809,
        "mean": 1.02659249306,
        "median": 0.535608649254,
        "min": 0,
        "stdev": 1.23601722717,
        "var": 1.52773857117
    },
    "zerocrossingrate": {
        "dmean": 0.00939487852156,
        "dmean2": 0.0109691191465,
        "dvar": 0.00029761280166,
        "dvar2": 0.000319822313031,
        "max": 0.49560546875,
        "mean": 0.0458229109645,
        "median": 0.0390625,
        "min": 0.00341796875,
        "stdev": 0.0334733054042,
        "var": 0.00112046208233
    },
    "barkbands": {
        "dmean": [9.61541445577e-06, 0.00208881427534, 0.00281829503365, 0.00409407634288, 0.00273170345463, 0.00230755493976, 0.00149189156946, 0.00122203084175, 0.00181461777538, 0.000945998122916, 0.000335184449796, 0.000474871601909, 0.000281583372271, 0.000241902685957, 0.000147803817526, 0.000108870961412, 4.65981065645e-05, 4.55316148873e-05, 6.05150853517e-05, 6.22478692094e-05, 6.15910976194e-05, 4.70429768029e-05, 3.62135033356e-05, 3.4247415897e-05, 3.03981269099e-05, 1.02589128801e-05, 6.93664333085e-07],
        "dmean2": [1.67010875884e-05, 0.00268819648772, 0.004493618384, 0.0068182987161, 0.00439040362835, 0.00368830841035, 0.00238708197139, 0.00194143690169, 0.00292710098438, 0.00146986392792, 0.000526288582478, 0.000767147808801, 0.000459371891338, 0.000378550699679, 0.000222291811951, 0.000168297177879, 7.47576050344e-05, 7.23457123968e-05, 9.36765791266e-05, 9.58957243711e-05, 9.13718686206e-05, 6.84443002683e-05, 5.27746451553e-05, 4.6978591854e-05, 4.35899928561e-05, 1.4340999769e-05, 1.15794625799e-06],
        "dvar": [7.32447713592e-10, 2.21688096644e-05, 3.46387059835e-05, 0.000109388718556, 2.00965787371e-05, 1.66820664163e-05, 2.69051906798e-05, 8.04170849733e-06, 3.18522252201e-05, 5.91077650824e-06, 5.37619541774e-07, 1.24862265238e-06, 1.1603412986e-06, 5.01792044361e-07, 1.32022506705e-07, 1.04818447255e-07, 5.39748423733e-09, 5.1199644524e-09, 9.37129751577e-09, 1.1729579974e-08, 1.16762199909e-08, 9.74822622624e-09, 5.66843016969e-09, 1.51198200626e-08, 1.71485101674e-08, 3.79473036327e-10, 1.72651346345e-12],
        "dvar2": [2.07028016952e-09, 4.02601108362e-05, 7.89060723037e-05, 0.000288999872282, 4.92982762808e-05, 3.71809001081e-05, 6.74608745612e-05, 1.87371351785e-05, 8.97436839296e-05, 1.44997247844e-05, 1.24018151837e-06, 3.05397816192e-06, 2.90205753117e-06, 9.93496882984e-07, 3.02775561067e-07, 2.39595067342e-07, 1.18744472033e-08, 1.22327872276e-08, 2.15022879502e-08, 2.36476545012e-08, 2.28521415124e-08, 1.99047835991e-08, 1.1050382831e-08, 2.22525891047e-08, 2.71098805626e-08, 7.08219871637e-10, 4.42305046755e-12],
        "max": [0.000385289633414, 0.0457366555929, 0.060627464205, 0.145891904831, 0.0536070913076, 0.0589323788881, 0.090738043189, 0.0471632555127, 0.10475346446, 0.0397300459445, 0.0138733964413, 0.0148657644168, 0.0261353198439, 0.0133048361167, 0.00707625271752, 0.00685857282951, 0.00128450442571, 0.000852102588397, 0.00140472187195, 0.00133696116973, 0.00145467941184, 0.00183580687735, 0.00171447684988, 0.00313109857962, 0.0028701541014, 0.00052743894048, 1.44151363202e-05],
        "mean": [9.79248397925e-06, 0.00490748742595, 0.00332614313811, 0.0036522585433, 0.00470652896911, 0.00385852460749, 0.0021587878, 0.00174292409793, 0.00276217469946, 0.00136405322701, 0.00049465947086, 0.000737020804081, 0.000355327560101, 0.000382689584512, 0.000251621298958, 0.000159871473443, 7.97679895186e-05, 7.71657068981e-05, 0.000103201076854, 9.34105046326e-05, 9.49503591983e-05, 7.92054124759e-05, 5.71000273339e-05, 5.71338860027e-05, 4.90070306114e-05, 1.59251194418e-05, 7.9808916098e-07],
        "median": [1.29514785385e-06, 0.000703737663571, 0.000590191630181, 0.000600689498242, 0.00281108636409, 0.00190250203013, 0.000731698761228, 0.000485152646434, 0.000489620317239, 0.000265836948529, 0.000155515095685, 0.000182265168405, 7.89314653957e-05, 9.08927904675e-05, 8.57221530168e-05, 5.77110840823e-05, 4.53137909062e-05, 4.8897756642e-05, 6.03062253504e-05, 4.38126226072e-05, 5.09843521286e-05, 4.44845536549e-05, 3.15154247801e-05, 2.39983801293e-05, 1.96176024474e-05, 7.90636295278e-06, 2.54182964454e-07],
        "min": [7.89249340331e-23, 3.04155703417e-23, 1.50009789737e-23, 4.80143787168e-23, 4.68978723233e-23, 6.86265568638e-23, 3.58443817183e-23, 1.02802043384e-22, 4.1429337067e-23, 6.14040998253e-23, 6.08198126409e-23, 1.40630435522e-22, 5.8462197696e-23, 1.21962868926e-22, 1.55499138299e-22, 1.48720778396e-22, 2.79391384295e-22, 3.27538430483e-22, 2.41937682154e-22, 3.37866323672e-22, 3.44466426255e-22, 6.87869341791e-22, 7.10688298367e-22, 7.64497952216e-22, 1.04998825367e-21, 1.80290779777e-21, 2.30934811806e-21],
        "stdev": [2.45184564847e-05, 0.00846763607115, 0.00676319794729, 0.00957987084985, 0.0062980609946, 0.00609827181324, 0.00632202066481, 0.00406810641289, 0.00712133571506, 0.00339722330682, 0.000997700612061, 0.00167039653752, 0.00112936820369, 0.00106516259257, 0.000533864891622, 0.000423817662522, 0.000102736492408, 9.41041071201e-05, 0.00012997633894, 0.000141578930197, 0.000143010067404, 0.000128984276671, 9.929992666e-05, 0.000197088214918, 0.000193304003915, 2.73008481599e-05, 1.45493208947e-06],
        "var": [6.0115468159e-10, 7.17008588254e-05, 4.57408459624e-05, 9.17739234865e-05, 3.96655705117e-05, 3.71889182134e-05, 3.99679447582e-05, 1.65494911926e-05, 5.07134209329e-05, 1.15411257866e-05, 9.95406594484e-07, 2.79022447103e-06, 1.27547264128e-06, 1.13457144835e-06, 2.85011708456e-07, 1.79621409302e-07, 1.05547863782e-08, 8.85558293362e-09, 1.68938498746e-08, 2.00445935405e-08, 2.04518801894e-08, 1.66369424903e-08, 9.86047599127e-09, 3.88437619847e-08, 3.73664406084e-08, 7.45336348196e-10, 2.11682754658e-12]
    },
    "erbbands": {
        "dmean": [0.0323183648288, 0.586139798164, 2.87156915665, 9.41712284088, 8.76748657227, 10.5421686172, 16.4058494568, 20.685508728, 24.1870880127, 18.7441692352, 28.0532054901, 31.3744525909, 46.4896736145, 19.2108783722, 12.9969520569, 19.4715595245, 11.8815946579, 13.6184825897, 8.38289356232, 5.80855417252, 5.20581531525, 2.51751327515, 2.44798660278, 2.75947093964, 2.8750667572, 2.85670351982, 2.93814969063, 2.21509671211, 1.64987611771, 1.47756135464, 0.905020415783, 0.826428413391, 0.595050632954, 0.462384343147, 0.148208171129, 0.0594083368778, 0.0153644420207, 0.00261091790162, 6.85785271344e-05, 1.49848847286e-05],
        "dmean2": [0.0359254181385, 0.769146203995, 4.41614961624, 15.432425499, 14.7505140305, 17.1043395996, 25.9974822998, 33.5717773438, 38.1537818909, 30.0060482025, 44.3229827881, 49.3303985596, 75.4271850586, 29.1523799896, 20.100769043, 31.4119510651, 19.2676467896, 20.0615997314, 12.685051918, 8.77271747589, 7.86542749405, 3.92918586731, 3.85565018654, 4.26050853729, 4.41918325424, 4.4071726799, 4.37490749359, 3.33609342575, 2.41536688805, 2.20249700546, 1.33260071278, 1.18694627285, 0.789907753468, 0.690592944622, 0.200158879161, 0.0831723734736, 0.0218699220568, 0.00382319721393, 0.000101144083601, 2.24936284212e-05],
        "dvar": [0.00580808287486, 1.71014308929, 39.5584144592, 540.737976074, 272.523132324, 468.320770264, 1028.37805176, 1651.51123047, 5917.5859375, 2834.08935547, 4206.87646484, 6648.51074219, 20186.1953125, 2469.44628906, 574.202758789, 2355.26318359, 2679.75610352, 1437.9432373, 532.390319824, 153.132904053, 405.537841797, 15.0700922012, 13.8698854446, 18.3018398285, 24.5998535156, 24.3712425232, 30.5085010529, 14.4912939072, 10.6051368713, 9.06111335754, 3.53961849213, 7.47164201736, 6.71647405624, 5.3457326889, 0.205143675208, 0.0168269686401, 0.000633367046248, 2.01993861992e-05, 1.37778632947e-08, 3.56998403062e-10],
        "dvar2": [0.00832381378859, 3.25584888458, 87.6222610474, 1397.27832031, 701.436523438, 1137.515625, 2564.11010742, 3547.35620117, 13973.5742188, 6492.43212891, 10156.8554688, 16942.296875, 54924.8164062, 5529.42919922, 1364.66638184, 5688.12060547, 7243.890625, 2630.92456055, 1382.82861328, 310.154663086, 901.64453125, 33.8246803284, 32.5381546021, 38.8701515198, 58.0782089233, 48.2479553223, 61.2235794067, 29.4345798492, 21.4384593964, 18.2713985443, 6.51227474213, 14.2036714554, 9.41185665131, 9.34560489655, 0.320407241583, 0.0298497993499, 0.0012358588865, 4.14089299738e-05, 3.0134025053e-08, 8.49960379856e-10],
        "max": [1.00072777271, 12.4689893723, 71.4554443359, 312.848815918, 228.31187439, 298.114807129, 399.337493896, 606.578918457, 1551.07043457, 965.414916992, 1281.25878906, 1348.30310059, 2190.72265625, 853.157897949, 370.920898438, 719.741210938, 1332.47827148, 842.618164062, 450.525299072, 354.62008667, 458.108703613, 60.0235214233, 42.9068908691, 52.6147003174, 78.6864929199, 60.4321975708, 79.1367340088, 44.4940567017, 56.8400878906, 48.5418891907, 38.8132667542, 81.9034423828, 75.7323760986, 55.9264907837, 10.9683628082, 3.93053674698, 0.358231246471, 0.0815959125757, 0.00199308665469, 0.00021185024525],
        "mean": [0.0977546796203, 1.29889655113, 3.80749249458, 9.02892303467, 11.3822336197, 16.3231334686, 26.2974452972, 31.5682373047, 35.7527389526, 29.1181755066, 41.6456565857, 48.9496536255, 72.619934082, 31.4618930817, 22.6278343201, 31.3220157623, 17.3221950531, 22.7218379974, 14.2268838882, 10.2238492966, 8.2682800293, 4.48375177383, 4.24610805511, 4.94845724106, 4.85920715332, 4.42330551147, 4.2119436264, 3.51676082611, 2.82111907005, 2.25544047356, 1.46958315372, 1.3108266592, 0.939998805523, 0.710593819618, 0.244763433933, 0.091488070786, 0.0240191351622, 0.0037942843046, 0.000108251013444, 3.94737362512e-05],
        "median": [0.0105675412342, 0.200883865356, 0.800112843513, 1.85243165493, 5.55057811737, 7.93860197067, 12.3323917389, 12.8475093842, 14.0372600555, 10.2822990417, 13.7668418884, 12.8249759674, 11.5182390213, 8.68944835663, 9.05233287811, 8.49621963501, 4.77285861969, 5.26643276215, 4.92388105392, 3.6868956089, 3.26347064972, 2.84247112274, 2.71511077881, 3.00426864624, 2.69608163834, 2.14154481888, 2.24045705795, 1.90727686882, 1.59881269932, 1.28534376621, 0.828801751137, 0.610220313072, 0.352818667889, 0.238307759166, 0.1167794168, 0.0455567017198, 0.0114995669574, 0.00174595334101, 5.83959335927e-05, 3.65103733202e-05],
        "min": [6.99304114115e-22, 7.47450095026e-21, 2.04729156467e-20, 7.2723464096e-20, 1.87617578097e-19, 1.2745443155e-19, 2.57380013481e-19, 6.4065701959e-19, 7.72264556975e-19, 1.04298676109e-18, 2.1884049518e-18, 9.47930784012e-19, 1.30037900134e-18, 2.93005798414e-18, 2.58863153489e-18, 5.7530072459e-18, 2.83797685874e-18, 4.07087591327e-18, 8.21089254522e-18, 7.09353780097e-18, 1.09198652108e-17, 1.45040263972e-17, 1.82394367316e-17, 1.35613945322e-17, 1.25175157603e-17, 1.65942721005e-17, 1.11926214003e-17, 1.81858949849e-17, 2.00720289089e-17, 2.73206804455e-17, 1.9533327535e-17, 1.42205697993e-17, 1.42166009867e-17, 9.96623680669e-18, 8.86293834258e-18, 6.11513037446e-18, 3.48760397999e-18, 1.11604449017e-18, 3.2682500538e-19, 3.81562066829e-20],
        "stdev": [0.170291960239, 2.21804118156, 7.53736782074, 21.8994235992, 17.3134403229, 28.3585033417, 45.1991844177, 59.756603241, 94.25340271, 70.5226593018, 91.9942855835, 106.583930969, 186.924423218, 77.3969421387, 36.4388275146, 71.4321136475, 50.9112930298, 61.6837806702, 30.0928230286, 20.3339138031, 26.3760910034, 5.36304140091, 4.98664188385, 5.99285411835, 6.46282434464, 6.59243440628, 7.03240823746, 4.99106264114, 4.39006185532, 3.85582065582, 2.5459010601, 3.60986638069, 4.09749221802, 3.33001852036, 0.675404846668, 0.181829854846, 0.035504385829, 0.00623555202037, 0.000158609589562, 3.12543706968e-05],
        "var": [0.0289993528277, 4.91970682144, 56.8119125366, 479.584777832, 299.755187988, 804.204711914, 2042.96618652, 3570.85180664, 8883.70410156, 4973.44580078, 8462.94824219, 11360.1337891, 34940.7382812, 5990.28710938, 1327.78820801, 5102.54736328, 2591.9597168, 3804.88891602, 905.57800293, 413.468048096, 695.698181152, 28.7622146606, 24.8665962219, 35.9142990112, 41.7681007385, 43.4601898193, 49.4547653198, 24.9107055664, 19.2726421356, 14.8673524857, 6.48161220551, 13.0311355591, 16.7894439697, 11.0890235901, 0.45617172122, 0.0330620966852, 0.00126056128647, 3.88821099477e-05, 2.51570035914e-08, 9.76835612398e-10]
    },
    "gfcc": {
        "mean": [-27.9281406403, 98.9767227173, -112.912826538, 16.5372867584, -75.9164886475, 5.42904376984, -41.4761276245, 1.37266385555, -30.1673679352, 1.15646779537, -19.6981601715, -1.48176908493, -11.9138298035],
        "cov": [[9590.23828125, -72.1033706665, 1093.49975586, 538.464050293, 184.647247314, 841.739135742, 94.5907897949, 322.776824951, -3.83186411858, 210.019348145, -118.788871765, 56.8194770813, -25.6209888458], [-72.1033706665, 1057.06518555, 403.023284912, 219.717544556, 303.172393799, 71.5755004883, 202.980072021, 30.6720981598, 160.136825562, -22.9413738251, 143.234848022, -53.2482643127, 80.5556182861], [1093.49975586, 403.023284912, 922.200927734, 460.078125, 360.598937988, 274.991271973, 154.731750488, 129.683074951, 138.721588135, 87.6580734253, 69.3136291504, 45.0481529236, 6.488489151], [538.464050293, 219.717544556, 460.078125, 528.182250977, 307.76159668, 187.252288818, 162.082473755, 82.2786483765, 122.648872375, 71.0711517334, 47.0819664001, 21.9371585846, 11.4846162796], [184.647247314, 303.172393799, 360.598937988, 307.76159668, 373.824859619, 203.156997681, 155.710037231, 78.572052002, 136.358123779, 78.5628051758, 54.8461151123, 30.9764328003, 21.1390628815], [841.739135742, 71.5755004883, 274.991271973, 187.252288818, 203.156997681, 281.854095459, 136.615447998, 121.021965027, 76.9374847412, 70.6132049561, 24.6804733276, 45.5324249268, 26.0509414673], [94.5907897949, 202.980072021, 154.731750488, 162.082473755, 155.710037231, 136.615447998, 246.680877686, 110.666893005, 75.4468231201, 13.7740726471, 38.9913101196, 41.0802268982, 29.2783813477], [322.776824951, 30.6720981598, 129.683074951, 82.2786483765, 78.572052002, 121.021965027, 110.666893005, 131.398300171, 64.6883239746, 42.7622108459, 18.2104854584, 35.3063316345, 20.7249488831], [-3.83186411858, 160.136825562, 138.721588135, 122.648872375, 136.358123779, 76.9374847412, 75.4468231201, 64.6883239746, 135.616912842, 76.1695251465, 57.0808563232, 22.3890914917, 31.8660240173], [210.019348145, -22.9413738251, 87.6580734253, 71.0711517334, 78.5628051758, 70.6132049561, 13.7740726471, 42.7622108459, 76.1695251465, 115.650466919, 46.2691497803, 42.6019058228, 10.6532449722], [-118.788871765, 143.234848022, 69.3136291504, 47.0819664001, 54.8461151123, 24.6804733276, 38.9913101196, 18.2104854584, 57.0808563232, 46.2691497803, 100.657989502, 35.982749939, 38.3986816406], [56.8194770813, -53.2482643127, 45.0481529236, 21.9371585846, 30.9764328003, 45.5324249268, 41.0802268982, 35.3063316345, 22.3890914917, 42.6019058228, 35.982749939, 101.391021729, 32.2154541016], [-25.6209888458, 80.5556182861, 6.488489151, 11.4846162796, 21.1390628815, 26.0509414673, 29.2783813477, 20.7249488831, 31.8660240173, 10.6532449722, 38.3986816406, 32.2154541016, 84.8852920532]],
        "icov": [[0.000218802393647, -0.000261748937191, -9.83852150966e-05, -0.000246582727414, 0.000681894947775, -0.000918883597478, 0.000294282624964, -0.000125177961309, 0.000472593470477, -0.000637531396933, 0.000616782752331, -0.000109300352051, 6.16423640167e-05], [-0.000261748937191, 0.00353032094426, -0.00121982244309, 0.00154929317068, -0.00276984507218, 0.00226752692834, -0.00241273501888, 0.00171039183624, -0.00263043260202, 0.00360469776206, -0.00434106262401, 0.00366956694052, -0.00203102058731], [-9.83852150966e-05, -0.00121982244309, 0.00305909686722, -0.00187128223479, -0.00043508093222, -0.00107294681948, 0.00200962694362, -0.00192013836931, 0.000513384176884, 0.000408956198953, -4.35205183749e-05, -0.00193466607016, 0.00187041296158], [-0.000246582727414, 0.00154929317068, -0.00187128223479, 0.00542395142838, -0.0034665404819, 0.00174799922388, -0.00274060410447, 0.00177470652852, -0.00157367473003, 0.000639700738247, -0.0013618854573, 0.00226550339721, -0.00102995207999], [0.000681894947775, -0.00276984507218, -0.00043508093222, -0.0034665404819, 0.012628284283, -0.00758413597941, -0.0002168254141, 0.00362687767483, -0.00315209873952, -0.00357621675357, 0.00459236837924, -0.00267603085376, 0.00227895029821], [-0.000918883597478, 0.00226752692834, -0.00107294681948, 0.00174799922388, -0.00758413597941, 0.0145298587158, -0.00326125742868, -0.00499006779864, 0.00207430263981, -0.000728430866729, -0.00199838867411, 0.0023161387071, -0.00347326789051], [0.000294282624964, -0.00241273501888, 0.00200962694362, -0.00274060410447, -0.0002168254141, -0.00326125742868, 0.0123483687639, -0.00827067904174, 0.000165144985658, 0.00439297640696, -3.743634079e-05, -0.00506246602163, 0.00273558776826], [-0.000125177961309, 0.00171039183624, -0.00192013836931, 0.00177470652852, 0.00362687767483, -0.00499006779864, -0.00827067904174, 0.022022832185, -0.00850031152368, -0.000788971665315, 0.00200751237571, 0.000172527245013, -0.00133382738568], [0.000472593470477, -0.00263043260202, 0.000513384176884, -0.00157367473003, -0.00315209873952, 0.00207430263981, 0.000165144985658, -0.00850031152368, 0.0261710435152, -0.0147259868681, -0.000293638120638, 0.00319913541898, -0.00407843617722], [-0.000637531396933, 0.00360469776206, 0.000408956198953, 0.000639700738247, -0.00357621675357, -0.000728430866729, 0.00439297640696, -0.000788971665315, -0.0147259868681, 0.0274199079722, -0.0103423297405, -0.00415276736021, 0.00440189382061], [0.000616782752331, -0.00434106262401, -4.35205183749e-05, -0.0013618854573, 0.00459236837924, -0.00199838867411, -3.743634079e-05, 0.00200751237571, -0.000293638120638, -0.0103423297405, 0.0236429367214, -0.00641108909622, -0.00336796045303], [-0.000109300352051, 0.00366956694052, -0.00193466607016, 0.00226550339721, -0.00267603085376, 0.0023161387071, -0.00506246602163, 0.000172527245013, 0.00319913541898, -0.00415276736021, -0.00641108909622, 0.0196010079235, -0.00723299477249], [6.16423640167e-05, -0.00203102058731, 0.00187041296158, -0.00102995207999, 0.00227895029821, -0.00347326789051, 0.00273558776826, -0.00133382738568, -0.00407843617722, 0.00440189382061, -0.00336796045303, -0.00723299477249, 0.0188507027924]]
    },
    "melbands": {
        "dmean": [0.000435659661889, 0.00124829704873, 0.00153475126717, 0.000610733579379, 0.000541527639143, 0.000450511928648, 0.000364597013686, 0.000204910320463, 0.0002268764365, 0.000229625511565, 0.000234801933402, 8.07942560641e-05, 4.88382029289e-05, 5.19446293765e-05, 4.00488497689e-05, 2.57070259977e-05, 2.64620575763e-05, 1.44680197991e-05, 9.62138528848e-06, 7.75110402174e-06, 5.93857703279e-06, 2.61732157014e-06, 2.67597988568e-06, 2.28168642025e-06, 2.3928439532e-06, 2.5030881261e-06, 1.78478649104e-06, 2.10975667869e-06, 2.11630049307e-06, 1.50288622081e-06, 1.28969315938e-06, 9.92491550278e-07, 9.22592676034e-07, 8.15667306142e-07, 5.30915428953e-07, 6.44710326014e-07, 4.57493030126e-07, 4.05132112746e-07, 4.71801598678e-07, 3.81552297313e-07],
        "dmean2": [0.000520140340086, 0.00184844224714, 0.00251862034202, 0.000983409467153, 0.000855386315379, 0.000724418205209, 0.000575384590775, 0.000327829446178, 0.00035697966814, 0.000365354557289, 0.000379885110306, 0.000123813835671, 7.61184928706e-05, 8.22423535283e-05, 6.51560621918e-05, 4.1061633965e-05, 4.00636963604e-05, 2.27308592002e-05, 1.42619492181e-05, 1.23109402921e-05, 8.85124973138e-06, 4.13710858993e-06, 4.24831432611e-06, 3.59820910489e-06, 3.74924957214e-06, 3.96057748731e-06, 2.7915255032e-06, 3.29445629177e-06, 3.19858986586e-06, 2.28692715609e-06, 1.97585018213e-06, 1.48371520936e-06, 1.38424252327e-06, 1.24203972973e-06, 7.97897882876e-07, 9.6770475011e-07, 6.64551180307e-07, 5.63859259728e-07, 6.62486627334e-07, 5.80751702728e-07],
        "dvar": [9.94532797449e-07, 6.26272048976e-06, 1.33244693643e-05, 1.04315154204e-06, 1.03727484202e-06, 7.23757125343e-07, 1.37476934015e-06, 3.07639908215e-07, 2.63672177425e-07, 4.68583067459e-07, 5.06117771693e-07, 4.92873013513e-08, 1.03069810464e-08, 1.40087781375e-08, 1.29603696664e-08, 1.01488613069e-08, 5.72088465489e-09, 1.75330217012e-09, 4.87718698761e-10, 3.11255216046e-10, 5.15263220979e-10, 1.82694224332e-11, 1.56994989925e-11, 1.26790409768e-11, 1.39670081056e-11, 1.88774430115e-11, 9.46194685103e-12, 1.33172318659e-11, 1.5853405394e-11, 6.563987201e-12, 5.07985493947e-12, 3.68420181515e-12, 4.04429137749e-12, 2.58069130302e-12, 1.06053056961e-12, 4.77834482052e-12, 2.25208523705e-12, 3.06423332888e-12, 5.03601587515e-12, 3.92080725525e-12],
        "dvar2": [1.56927524131e-06, 1.37783399623e-05, 3.4687553125e-05, 2.59998978436e-06, 2.60444403466e-06, 1.57464626227e-06, 3.36544485435e-06, 6.96253209753e-07, 6.37286802885e-07, 1.2807551002e-06, 1.37987058224e-06, 1.10140369713e-07, 2.48723406315e-08, 3.18236814678e-08, 3.11128509622e-08, 2.44989575293e-08, 1.09788294012e-08, 4.71335148688e-09, 9.70512670229e-10, 7.27260307531e-10, 1.11678011283e-09, 4.12007788997e-11, 3.95059748803e-11, 3.02849481604e-11, 3.018520503e-11, 4.63339783208e-11, 2.07495444438e-11, 2.75709958336e-11, 3.18802761967e-11, 1.35548247973e-11, 1.09396909934e-11, 7.80319125288e-12, 8.1885366543e-12, 5.38987170867e-12, 2.20879044222e-12, 1.03449150288e-11, 4.16251495078e-12, 4.92404251054e-12, 7.32020433852e-12, 7.68857980754e-12],
        "max": [0.011688021943, 0.0280710775405, 0.0510197021067, 0.0135383587331, 0.012054736726, 0.0130171645433, 0.0219780690968, 0.0110949715599, 0.00978601817042, 0.0126200057566, 0.0111321881413, 0.0039191627875, 0.00187885318883, 0.00207592034712, 0.00144487572834, 0.00255251256749, 0.00143734179437, 0.000740910938475, 0.00054404954426, 0.000246266485192, 0.000510418962222, 6.69230503263e-05, 3.96464056394e-05, 4.65416196676e-05, 4.64106378786e-05, 5.45740949747e-05, 4.55647386843e-05, 4.1023013182e-05, 5.50551449123e-05, 3.17613739753e-05, 2.61266268353e-05, 3.27302259393e-05, 3.58114557457e-05, 2.29939669225e-05, 1.74638716999e-05, 6.69779619784e-05, 4.14715359511e-05, 5.29153730895e-05, 5.2896226407e-05, 4.86825301778e-05],
        "mean": [0.00119245029055, 0.0019172898028, 0.00158114149235, 0.000968571344856, 0.000878535211086, 0.000706144084688, 0.000541092187632, 0.000312024116283, 0.000331266404828, 0.000356212200131, 0.000362210004823, 0.000124265236082, 7.50274411985e-05, 8.52351513458e-05, 5.53533063794e-05, 3.58155702997e-05, 4.18865929532e-05, 2.17216656893e-05, 1.66364916367e-05, 1.15912735055e-05, 8.94466938917e-06, 4.33057130067e-06, 4.16380544266e-06, 3.76067146135e-06, 3.98777592636e-06, 4.02363821195e-06, 2.82133760265e-06, 3.00295096167e-06, 2.82840437649e-06, 2.20350398195e-06, 1.96607243197e-06, 1.62136450399e-06, 1.45881392655e-06, 1.15315026505e-06, 7.85656482094e-07, 9.70369001152e-07, 7.02285603893e-07, 6.14392945408e-07, 7.15285239039e-07, 5.61820684197e-07],
        "median": [0.00014807622938, 0.000534297141712, 0.000479107955471, 0.000535603263415, 0.00042655019206, 0.000312845601002, 0.000211000762647, 0.000104107559309, 9.88361643977e-05, 7.0002504799e-05, 5.35441649845e-05, 2.67565792456e-05, 2.6076721042e-05, 2.20344354602e-05, 1.27457851704e-05, 8.58155726746e-06, 8.45434624352e-06, 6.75697901897e-06, 5.51318134967e-06, 3.99866257794e-06, 3.28184773934e-06, 2.57631859313e-06, 2.43435715674e-06, 2.24084851652e-06, 2.2885863018e-06, 2.21950494961e-06, 1.34113918193e-06, 1.36477103752e-06, 1.36007372475e-06, 1.11474639652e-06, 1.02180433714e-06, 8.44989756388e-07, 8.06579123491e-07, 6.11252971794e-07, 4.01953855089e-07, 4.5916621616e-07, 2.99609780541e-07, 2.16607617176e-07, 2.21160149749e-07, 1.81646171882e-07],
        "min": [9.5729675021e-24, 1.10657826356e-23, 1.86705563787e-23, 9.53510848953e-24, 8.84587282803e-24, 1.47329098386e-23, 1.06843486664e-23, 1.26284521911e-23, 1.79697591717e-23, 5.18522730066e-24, 6.19285511212e-24, 1.14945419482e-23, 7.00710668886e-24, 1.76402188395e-23, 8.83764343107e-24, 6.02183953419e-24, 8.33754506021e-24, 1.32100391046e-23, 1.32683280369e-23, 6.91704007273e-24, 1.51836570712e-23, 1.49149868241e-23, 1.61731284601e-23, 1.58701822067e-23, 1.02858137705e-23, 1.10825214751e-23, 8.2212685405e-24, 1.2232487404e-23, 5.95503484844e-24, 8.59418044534e-24, 1.13763193087e-23, 1.04914492981e-23, 1.46308485924e-23, 1.48750846618e-23, 1.19796582728e-23, 8.46131496965e-24, 8.94053219236e-24, 9.54235259923e-24, 1.10243611272e-23, 7.23584085264e-24],
        "stdev": [0.00205913628452, 0.00325380521826, 0.00343695585616, 0.00137142848689, 0.00141960056499, 0.00125783984549, 0.00143312336877, 0.000757156056352, 0.000723295030184, 0.000880505423993, 0.000938587472774, 0.000343914522091, 0.000138542949571, 0.000195200394955, 0.000137906594318, 0.000111672190542, 0.000120722113934, 4.96185348311e-05, 3.67586508219e-05, 2.30370096688e-05, 3.01060372294e-05, 5.66714925299e-06, 4.98664030602e-06, 4.7414009714e-06, 5.07880349687e-06, 5.49320748178e-06, 4.1144712668e-06, 4.65605262434e-06, 4.99250563735e-06, 3.26684789798e-06, 2.8715226108e-06, 2.53930943472e-06, 2.56872067439e-06, 2.00123599825e-06, 1.29442150865e-06, 2.51863775702e-06, 2.05859714697e-06, 2.67386690211e-06, 3.40346355188e-06, 2.71187514045e-06],
        "var": [4.24004247179e-06, 1.05872486529e-05, 1.18126654343e-05, 1.88081617125e-06, 2.01526563615e-06, 1.58216107593e-06, 2.05384253604e-06, 5.73285262817e-07, 5.23155733845e-07, 7.7528983411e-07, 8.80946458892e-07, 1.18277192485e-07, 1.91941484928e-08, 3.81031917129e-08, 1.90182269932e-08, 1.24706787119e-08, 1.45738292545e-08, 2.46199882703e-09, 1.35119837541e-09, 5.30703814228e-10, 9.06373476273e-10, 3.21165802286e-11, 2.48665810165e-11, 2.24808817395e-11, 2.5794245212e-11, 3.01753275145e-11, 1.69288749685e-11, 2.16788271362e-11, 2.49251105866e-11, 1.06722955126e-11, 8.2456420164e-12, 6.44809292766e-12, 6.59832605221e-12, 4.00494568065e-12, 1.67552712156e-12, 6.34353637327e-12, 4.23782189896e-12, 7.14956479436e-12, 1.15835648365e-11, 7.3542673687e-12]
    },
    "melbands128": {
