{
"lowlevel": {
    "average_loudness": 0.98247718811,
    "barkbands_crest": {
        "dmean": 2.77552771568,
        "dmean2": 3.84763026237,
        "dvar": 7.47824287415,
        "dvar2": 13.0310325623,
        "max": 26.3085384369,
        "mean": 12.5112686157,
        "median": 11.126540184,
        "min": 2.31558322906,
        "stdev": 5.44731283188,
        "var": 29.6732196808
    },
    "barkbands_flatness_db": {
        "dmean": 0.0285411309451,
        "dmean2": 0.0361284762621,
        "dvar": 0.0007148932782,
        "dvar2": 0.00119557126891,
        "max": 0.402176558971,
        "mean": 0.163207545877,
        "median": 0.151071488857,
        "min": 0.030083835125,
        "stdev": 0.0643972456455,
        "var": 0.00414700480178
    },
    "barkbands_kurtosis": {
        "dmean": 9.60513210297,
        "dmean2": 12.5549278259,
        "dvar": 390.337188721,
        "dvar2": 672.65020752,
        "max": 275.842529297,
        "mean": 14.263335228,
        "median": 5.37331581116,
        "min": -1.91846966743,
        "stdev": 27.5305347443,
        "var": 757.930297852
    },
    "barkbands_skewness": {
        "dmean": 0.900082707405,
        "dmean2": 1.14046788216,
        "dvar": 1.27911496162,
        "dvar2": 1.95742237568,
        "max": 13.6142520905,
        "mean": 2.48869490623,
        "median": 1.94638633728,
        "min": -1.67845022678,
        "stdev": 2.08076357841,
        "var": 4.32957744598
    },
    "barkbands_spread": {
        "dmean": 6.63873624802,
        "dmean2": 9.90134239197,
        "dvar": 96.1586380005,
        "dvar2": 184.504241943,
        "max": 106.037376404,
        "mean": 18.7813110352,
        "median": 14.1013145447,
        "min": 0.450846642256,
        "stdev": 17.0809383392,
        "var": 291.758422852
    },
    "dissonance": {
        "dmean": 0.0306986086071,
        "dmean2": 0.0502593368292,
        "dvar": 0.00102568545844,
        "dvar2": 0.00270684156567,
        "max": 0.5,
        "mean": 0.437563717365,
        "median": 0.443420916796,
        "min": 0.00400378927588,
        "stdev": 0.0394995398819,
        "var": 0.00156021374278
    },
    "dynamic_complexity": 2.12815999985,
    "erbbands_crest": {
        "dmean": 2.70225930214,
        "dmean2": 4.28128385544,
        "dvar": 5.71862649918,
        "dvar2": 12.8210506439,
        "max": 27.8253765106,
        "mean": 10.1056203842,
        "median": 9.20380210876,
        "min": 2.80430722237,
        "stdev": 4.2190079689,
        "var": 17.8000297546
    },
    "erbbands_flatness_db": {
        "dmean": 0.0219353921711,
        "dmean2": 0.0323304459453,
        "dvar": 0.000473097839858,
        "dvar2": 0.000967265397776,
        "max": 0.33857613802,
        "mean": 0.14212359488,
        "median": 0.136836826801,
        "min": 0.0536559000611,
        "stdev": 0.0428468212485,
        "var": 0.00183584995102
    },
    "erbbands_kurtosis": {
        "dmean": 2.02948760986,
        "dmean2": 3.27853560448,
        "dvar": 6.03048563004,
        "dvar2": 15.658741951,
        "max": 22.8971881866,
        "mean": 2.79561281204,
        "median": 2.21112251282,
        "min": -1.78949606419,
        "stdev": 3.20086097717,
        "var": 10.245511055
    },
    "erbbands_skewness": {
        "dmean": 0.499451965094,
        "dmean2": 0.74066144228,
        "dvar": 0.241897329688,
        "dvar2": 0.534914433956,
        "max": 3.88521790504,
        "mean": 1.1720546484,
        "median": 1.18947434425,
        "min": -2.69045233727,
        "stdev": 0.818871259689,
        "var": 0.670550167561
    },
    "erbbands_spread": {
        "dmean": 11.4318618774,
        "dmean2": 17.8350639343,
        "dvar": 191.329559326,
        "dvar2": 416.763153076,
        "max": 153.304046631,
        "mean": 36.6787757874,
        "median": 30.019077301,
        "min": 4.86706066132,
        "stdev": 22.6318950653,
        "var": 512.202697754
    },
    "hfc": {
        "dmean": 6.88188743591,
        "dmean2": 10.3361253738,
        "dvar": 112.211914062,
        "dvar2": 233.904403687,
        "max": 107.475738525,
        "mean": 15.4631938934,
        "median": 11.1546974182,
        "min": 1.26738310585e-16,
        "stdev": 15.1971035004,
        "var": 230.951950073
    },
    "loudness_ebu128": {
        "integrated": -9.91935825348,
        "loudness_range": 0.937098503113,
        "momentary": {
            "dmean": 0.59506881237,
            "dmean2": 0.801019191742,
            "dvar": 0.343368917704,
            "dvar2": 0.673916637897,
            "max": -8.01142692566,
            "mean": -10.1223306656,
            "median": -9.77783584595,
            "min": -16.0907363892,
            "stdev": 1.44680285454,
            "var": 2.09323835373
        },
        "short_term": {
            "dmean": 0.0802136063576,
            "dmean2": 0.115427903831,
            "dvar": 0.00466012908146,
            "dvar2": 0.0111790997908,
            "max": -9.14989566803,
            "mean": -9.85497570038,
            "median": -9.65401172638,
            "min": -13.0760011673,
            "stdev": 0.649964272976,
            "var": 0.422453522682
        }
    },
    "melbands_crest": {
        "dmean": 3.31367301941,
        "dmean2": 4.87377977371,
        "dvar": 11.327881813,
        "dvar2": 23.4499778748,
        "max": 33.266078949,
        "mean": 16.7795238495,
        "median": 15.5161399841,
        "min": 2.35848593712,
        "stdev": 6.53518009186,
        "var": 42.7085762024
    },
    "melbands_flatness_db": {
        "dmean": 0.0337040387094,
        "dmean2": 0.0419895015657,
        "dvar": 0.00112877122592,
        "dvar2": 0.00181316456292,
        "max": 0.512870252132,
        "mean": 0.24460336566,
        "median": 0.229566290975,
        "min": 0.00830060988665,
        "stdev": 0.0815607756376,
        "var": 0.00665216008201
    },
    "melbands_kurtosis": {
        "dmean": 16.2316970825,
        "dmean2": 23.2437286377,
        "dvar": 1168.81970215,
        "dvar2": 2368.08544922,
        "max": 362.46282959,
        "mean": 25.1282444,
        "median": 10.041633606,
        "min": -1.17333173752,
        "stdev": 43.9425811768,
        "var": 1930.95031738
    },
    "melbands_skewness": {
        "dmean": 1.00107741356,
        "dmean2": 1.38444674015,
        "dvar": 1.6717158556,
        "dvar2": 2.98934912682,
        "max": 15.2273654938,
        "mean": 3.01279449463,
        "median": 2.40110421181,
        "min": -0.00860275793821,
        "stdev": 2.2287273407,
        "var": 4.96722507477
    },
    "melbands_spread": {
        "dmean": 5.6155257225,
        "dmean2": 7.724817276,
        "dvar": 96.6295928955,
        "dvar2": 172.690994263,
        "max": 157.30619812,
        "mean": 16.1595745087,
        "median": 12.6269865036,
        "min": 0.52971637249,
        "stdev": 15.9946584702,
        "var": 255.829086304
    },
    "pitch_salience": {
        "dmean": 0.090864226222,
        "dmean2": 0.135036945343,
        "dvar": 0.0131279751658,
        "dvar2": 0.0304319802672,
        "max": 0.941918432713,
        "mean": 0.491833806038,
        "median": 0.507952690125,
        "min": 0.0690112859011,
        "stdev": 0.164744764566,
        "var": 0.0271408390254
    },
    "silence_rate_20dB": {
        "dmean": 0,
        "dmean2": 0,
        "dvar": 0,
        "dvar2": 0,
        "max": 1,
        "mean": 1,
        "median": 1,
        "min": 1,
        "stdev": 0,
        "var": 0
    },
    "silence_rate_30dB": {
        "dmean": 0.0572755411267,
        "dmean2": 0.114639811218,
        "dvar": 0.0539951920509,
        "dvar2": 0.115439735353,
        "max": 1,
        "mean": 0.949729323387,
        "median": 1,
        "min": 0,
        "stdev": 0.218500748277,
        "var": 0.0477425791323
    },
    "silence_rate_60dB": {
        "dmean": 0.00386996893212,
        "dmean2": 0.00774593325332,
        "dvar": 0.00385500839911,
        "dvar2": 0.00923515483737,
        "max": 1,
        "mean": 0.00464037107304,
        "median": 0,
        "min": 0,
        "stdev": 0.0679620653391,
        "var": 0.00461884215474
    },
    "spectral_centroid": {
        "dmean": 228.885284424,
        "dmean2": 314.736877441,
        "dvar": 162798.46875,
        "dvar2": 235094.734375,
        "max": 10399.4169922,
        "mean": 880.832946777,
        "median": 745.262695312,
        "min": 164.602142334,
        "stdev": 608.844482422,
        "var": 370691.625
    },
    "spectral_complexity": {
        "dmean": 2.96517038345,
        "dmean2": 4.53911685944,
        "dvar": 21.1141757965,
        "dvar2": 39.43932724,
        "max": 57,
        "mean": 12.777261734,
        "median": 12,
        "min": 0,
        "stdev": 6.49457740784,
        "var": 42.1795387268
    },
    "spectral_decrease": {
        "dmean": 3.26429749897e-09,
        "dmean2": 4.27283275428e-09,
        "dvar": 4.08319114367e-17,
        "dvar2": 9.25567989239e-17,
        "max": -1.36090347611e-29,
        "mean": -7.80951125989e-09,
        "median": -5.0806105989e-09,
        "min": -5.40633777746e-08,
        "stdev": 8.45538306038e-09,
        "var": 7.14934982756e-17
    },
    "spectral_energy": {
        "dmean": 0.012741968967,
        "dmean2": 0.016794256866,
        "dvar": 0.000603292195592,
        "dvar2": 0.00137586693745,
        "max": 0.209261804819,
        "mean": 0.0308774970472,
        "median": 0.0202898774296,
        "min": 1.15469025529e-20,
        "stdev": 0.0323391072452,
        "var": 0.00104581797495
    },
    "spectral_energyband_high": {
        "dmean": 0.000446362391813,
        "dmean2": 0.000668712775223,
        "dvar": 9.74911017693e-07,
        "dvar2": 1.7634915821e-06,
        "max": 0.0131298135966,
        "mean": 0.000750895007513,
        "median": 0.000302560598357,
        "min": 8.42663834189e-21,
        "stdev": 0.00155343429651,
        "var": 2.41315819949e-06
    },
    "spectral_energyband_low": {
        "dmean": 0.00823240354657,
        "dmean2": 0.00999202113599,
        "dvar": 0.000317783094943,
        "dvar2": 0.000651170616038,
        "max": 0.130813091993,
        "mean": 0.0161405857652,
        "median": 0.00721827941015,
        "min": 1.60210234558e-23,
        "stdev": 0.0251901783049,
        "var": 0.00063454505289
    },
    "spectral_energyband_middle_high": {
        "dmean": 0.00125756452326,
        "dmean2": 0.00189632433467,
        "dvar": 4.85634154757e-06,
        "dvar2": 1.10784922072e-05,
        "max": 0.0257058292627,
        "mean": 0.00258900155313,
        "median": 0.00134120543953,
        "min": 1.72592305136e-21,
        "stdev": 0.00317844259553,
        "var": 1.01024979813e-05
    },
    "spectral_energyband_middle_low": {
        "dmean": 0.00925635080785,
        "dmean2": 0.0163601655513,
        "dvar": 0.000679242075421,
        "dvar2": 0.00192709430121,
        "max": 0.176782473922,
        "mean": 0.0122569566593,
        "median": 0.00775537872687,
        "min": 3.0746231172e-22,
        "stdev": 0.0203506685793,
        "var": 0.000414149748394
    },
    "spectral_entropy": {
        "dmean": 0.272163897753,
        "dmean2": 0.39429011941,
        "dvar": 0.0824618190527,
        "dvar2": 0.171379491687,
        "max": 9.82044029236,
        "mean": 7.43205451965,
        "median": 7.44569349289,
        "min": 5.49065494537,
        "stdev": 0.526948809624,
        "var": 0.277675032616
    },
    "spectral_flux": {
        "dmean": 0.0342175997794,
        "dmean2": 0.0490392781794,
        "dvar": 0.00302048982121,
        "dvar2": 0.00426784995943,
        "max": 0.445028960705,
        "mean": 0.0860650986433,
        "median": 0.0589389950037,
        "min": 1.07456515908e-10,
        "stdev": 0.0825672894716,
        "var": 0.00681735761464
    },
    "spectral_kurtosis": {
        "dmean": 2.45065402985,
        "dmean2": 3.8501021862,
        "dvar": 20.6935443878,
        "dvar2": 52.8648147583,
        "max": 68.2536087036,
        "mean": 5.47401571274,
        "median": 3.84765386581,
        "min": -1.24009072781,
        "stdev": 6.54350852966,
        "var": 42.8175010681
    },
    "spectral_rms": {
        "dmean": 0.00092889519874,
        "dmean2": 0.00117076397873,
        "dvar": 1.77699928372e-06,
        "dvar2": 3.73490615857e-06,
        "max": 0.0142883816734,
        "mean": 0.00501908175647,
        "median": 0.00444915750995,
        "min": 3.35637767579e-12,
        "stdev": 0.00222107558511,
        "var": 4.93317656947e-06
    },
    "spectral_rolloff": {
        "dmean": 458.163757324,
        "dmean2": 719.620422363,
        "dvar": 1578079.125,
        "dvar2": 2868600.25,
        "max": 18733.8867188,
        "mean": 1116.49645996,
        "median": 624.462890625,
        "min": 64.599609375,
        "stdev": 1828.7355957,
        "var": 3344274
    },
    "spectral_skewness": {
        "dmean": 0.358683168888,
        "dmean2": 0.542145013809,
        "dvar": 0.198360666633,
        "dvar2": 0.448192864656,
        "max": 6.09643173218,
        "mean": 1.97093820572,
        "median": 1.87537801266,
        "min": 0.0524080917239,
        "stdev": 0.754541933537,
        "var": 0.56933349371
    },
    "spectral_spread": {
        "dmean": 1118413.375,
        "dmean2": 1697705,
        "dvar": 2.09729041203e+12,
        "dvar2": 3.45892611686e+12,
        "max": 41010304,
        "mean": 6426660,
        "median": 6257946.5,
        "min": 925151,
        "stdev": 2303224,
        "var": 5.30484088013e+12
    },
    "spectral_strongpeak": {
        "dmean": 0.308313727379,
        "dmean2": 0.507663607597,
        "dvar": 0.225525259972,
        "dvar2": 0.535671830177,
        "max": 4.52267169952,
        "mean": 0.6808116436,
        "median": 0.416819900274,
        "min": 6.61357102416e-09,
        "stdev": 0.634302794933,
        "var": 0.402340054512
    },
    "zerocrossingrate": {
        "dmean": 0.0157217495143,
        "dmean2": 0.0183795727789,
        "dvar": 0.000489640282467,
        "dvar2": 0.000549819262233,
        "max": 0.48828125,
        "mean": 0.0571851730347,
        "median": 0.04638671875,
        "min": 0.0029296875,
        "stdev": 0.0450864471495,
        "var": 0.0020327877719
    },
    "barkbands": {
        "dmean": [0.000108017418825, 0.00647376989946, 0.0038837227039, 0.00226915464737, 0.00407318398356, 0.00207890896127, 0.001170329866, 0.000887571834028, 0.0005780478823, 0.000525618088432, 0.000271107564913, 0.000310408882797, 0.000170922285179, 0.000160738331033, 0.000109319880721, 9.50992689468e-05, 4.8104684538e-05, 5.65794543945e-05, 3.65547930414e-05, 5.10244935867e-05, 7.32623302611e-05, 7.01209719409e-05, 7.46044970583e-05, 7.63540738262e-05, 8.02545255283e-05, 0.000101592566352, 6.29215219305e-06],
        "dmean2": [0.000131619905005, 0.00800737831742, 0.00693090399727, 0.00439810846001, 0.00741571979597, 0.00363108050078, 0.00189478648826, 0.00147920742165, 0.000897219695617, 0.000811120145954, 0.000422830868047, 0.000509209814481, 0.000278343592072, 0.000246038107434, 0.000178712085471, 0.00014878618822, 7.3191440606e-05, 8.378597704e-05, 5.46595656488e-05, 8.06361640571e-05, 0.00011898738012, 0.000111623296107, 0.000112674330012, 0.000104253856989, 0.000117566087283, 0.000168660422787, 1.07718224172e-05],
        "dvar": [2.9071554053e-08, 0.000179865877726, 0.00018309315783, 7.59727190598e-05, 0.000154027875396, 2.93228331429e-05, 5.93557842876e-06, 2.07837024391e-06, 1.25747044422e-06, 7.29518774278e-07, 4.42195187134e-07, 3.47914493659e-07, 1.44573320426e-07, 1.07119802806e-07, 9.84495329703e-08, 5.51911334412e-08, 1.64618469967e-08, 1.72453233915e-08, 6.8477441495e-09, 2.12355057982e-08, 5.12289304311e-08, 3.98279524916e-08, 6.35460466469e-08, 4.73024712733e-08, 3.11720640411e-08, 2.44400428784e-08, 1.69744190925e-10],
        "dvar2": [4.00650748134e-08, 0.000350833084667, 0.000504277413711, 0.000222191913053, 0.000445895566372, 8.27150870464e-05, 1.65046822076e-05, 5.35686240255e-06, 2.8850495255e-06, 1.68267683875e-06, 1.06672030142e-06, 8.66365894581e-07, 3.65767903077e-07, 2.37448801954e-07, 2.29376055927e-07, 1.00768879463e-07, 3.47675417345e-08, 3.23013154002e-08, 1.35358764197e-08, 5.01656316487e-08, 1.25367506598e-07, 9.17776858955e-08, 1.40876792898e-07, 6.88159786932e-08, 5.35211093222e-08, 6.13220905166e-08, 4.50131015794e-10],
        "max": [0.00184194312897, 0.095894113183, 0.0885675996542, 0.0565186217427, 0.0919108688831, 0.0489947013557, 0.0211705546826, 0.0169303324074, 0.01726314798, 0.0101497098804, 0.011841841042, 0.00706779165193, 0.00602640490979, 0.0050007798709, 0.00363568309695, 0.00227471138351, 0.00182152970228, 0.00139483518433, 0.00111104082316, 0.0016803619219, 0.00242055999115, 0.0023641216103, 0.00488918833435, 0.00390815781429, 0.00269282190129, 0.0015031453222, 0.000172625732375],
        "mean": [0.000266802846454, 0.0120342690498, 0.003071479965, 0.00140665005893, 0.00378870870918, 0.00224459939636, 0.00220928015187, 0.00141210434958, 0.00102983997203, 0.000817118270788, 0.000407381157856, 0.000491348211654, 0.000226964300964, 0.000222743590712, 0.000129106643726, 0.000130706932396, 6.68684442644e-05, 8.85762055987e-05, 5.64187685086e-05, 6.59649085719e-05, 9.01688399608e-05, 9.23160041566e-05, 0.000119694203022, 0.000137542388984, 0.000148924387759, 0.000115676193673, 6.21118488198e-06],
        "median": [0.000122709447169, 0.00550657883286, 0.000294425291941, 0.000156252179295, 0.00126043753698, 0.000732664659154, 0.00079435139196, 0.000724000274204, 0.00045433381456, 0.000251526740612, 0.000103050166217, 0.000165910110809, 7.90503327153e-05, 6.50486763334e-05, 3.65299310943e-05, 5.22209047631e-05, 2.06854128919e-05, 3.52572569682e-05, 2.55982686213e-05, 2.26340944209e-05, 2.95687750622e-05, 2.74660833384e-05, 3.7383808376e-05, 4.4938242354e-05, 6.51112059131e-05, 2.93715420412e-05, 8.56747135458e-07],
        "min": [9.79561126525e-25, 7.421985205e-24, 3.8314733564e-24, 5.62234577786e-24, 5.3698904089e-23, 3.3331951243e-23, 6.50196576132e-23, 2.82664260906e-23, 1.05364080588e-22, 5.39642200995e-23, 1.69671687105e-22, 5.47833101546e-23, 2.00475279193e-22, 1.9440174442e-22, 1.57304885087e-22, 8.0046372385e-23, 2.28490797029e-22, 1.69473247566e-22, 2.60392281549e-22, 3.00381395261e-22, 5.80765103466e-22, 5.47153318016e-22, 6.84083869675e-22, 9.38344720372e-22, 1.27225568284e-21, 2.2284144728e-21, 2.19440272856e-21],
        "stdev": [0.000335924560204, 0.0188092906028, 0.0109572233632, 0.00634274305776, 0.00954373180866, 0.00451318407431, 0.00323938438669, 0.00191633030772, 0.00161331216805, 0.00126671290491, 0.000963488360867, 0.00081741187023, 0.000413567438954, 0.000433176464867, 0.000326473702444, 0.000279232190223, 0.000156195514137, 0.000169963255757, 0.000101842670119, 0.000162951371749, 0.000232713078731, 0.000245214556344, 0.00035875683534, 0.000381285644835, 0.000311587442411, 0.000185406417586, 1.56266760314e-05],
        "var": [1.12845306433e-07, 0.000353789393557, 0.000120060743939, 4.02303885494e-05, 9.10828166525e-05, 2.03688323381e-05, 1.04936116259e-05, 3.67232200915e-06, 2.60277602138e-06, 1.60456170306e-06, 9.28309816572e-07, 6.6816215849e-07, 1.71038024632e-07, 1.87641845173e-07, 1.06585069659e-07, 7.79706113008e-08, 2.43970390557e-08, 2.88875092735e-08, 1.03719299815e-08, 2.65531507893e-08, 5.4155378848e-08, 6.01301763936e-08, 1.28706474811e-07, 1.45378734828e-07, 9.70867404249e-08, 3.43755388599e-08, 2.4419302691e-10]
    },
    "erbbands": {
        "dmean": [0.154083147645, 1.6523514986, 4.22914123535, 6.49233865738, 9.49367141724, 14.2732124329, 16.8065986633, 17.7100353241, 19.3354759216, 14.5888566971, 16.9435062408, 13.0366983414, 15.2618370056, 11.957611084, 11.4011077881, 11.2904949188, 8.17918968201, 6.5505862236, 7.36425161362, 5.96664571762, 4.18577051163, 2.85000014305, 3.12976121902, 2.37916755676, 1.48954772949, 2.50503897667, 2.68029904366, 3.14288282394, 2.35471224785, 2.5726518631, 2.16033124924, 1.63100242615, 1.36842119694, 0.989284574986, 0.569870948792, 0.44324991107, 0.20451669395, 0.0245451722294, 0.000684391823597, 2.97239839711e-05],
        "dmean2": [0.173199906945, 2.11715579033, 7.04887866974, 12.3374986649, 17.9704303741, 26.1216659546, 29.3348884583, 30.6288795471, 31.5023803711, 24.7175693512, 27.8404369354, 20.4869613647, 23.3588428497, 18.9570350647, 18.0332984924, 18.4421386719, 13.0086193085, 10.3083734512, 11.1039524078, 9.45149040222, 6.38147354126, 4.18503046036, 4.59527492523, 3.55570220947, 2.15475511551, 3.93688201904, 4.31472826004, 5.1162648201, 3.63251972198, 4.05694627762, 3.19524097443, 2.30963897705, 1.83870327473, 1.44232106209, 0.876397967339, 0.724817991257, 0.341258227825, 0.041180934757, 0.00114690919872, 4.47650199931e-05],
        "dvar": [0.0795095190406, 13.1156148911, 174.391921997, 570.702087402, 1184.36242676, 1877.93054199, 1883.36340332, 1970.30725098, 1578.75476074, 789.811157227, 962.534179688, 716.6796875, 573.562194824, 627.809082031, 687.31427002, 521.640197754, 248.925552368, 229.875442505, 305.203704834, 329.307617188, 101.372566223, 53.2297439575, 54.7490997314, 32.7673034668, 11.3588447571, 54.6871299744, 69.7065124512, 88.5502471924, 38.4597511292, 56.4374198914, 48.6886138916, 23.132352829, 13.3781776428, 5.7333445549, 1.43081080914, 0.452581495047, 0.103435695171, 0.00159066845663, 1.38345205869e-06, 1.47050804866e-09],
        "dvar2": [0.110654659569, 26.0259399414, 447.778167725, 1645.81811523, 3463.07739258, 5412.15673828, 5330.42382812, 5508.66455078, 4381.58349609, 2144.20361328, 2346.4621582, 1704.41687012, 1310.29748535, 1528.39416504, 1716.81396484, 1329.19543457, 612.710632324, 559.975036621, 645.082519531, 726.280517578, 202.568618774, 112.600189209, 106.434570312, 60.6264762878, 22.6786594391, 128.255432129, 177.255050659, 210.342025757, 82.1315765381, 129.036727905, 101.418327332, 41.2632789612, 19.117647171, 10.9691762924, 2.49193644524, 1.09600055218, 0.26588883996, 0.00388181093149, 3.36983430316e-06, 3.56701845838e-09],
        "max": [2.79051160812, 26.0766925812, 90.6949996948, 158.755706787, 233.931503296, 319.263824463, 336.949645996, 437.661804199, 377.535247803, 277.865234375, 582.11895752, 369.510864258, 270.502044678, 520.481506348, 584.130065918, 243.0887146, 148.807556152, 286.711639404, 336.895599365, 211.371520996, 126.315483093, 108.876800537, 86.3831100464, 75.6944580078, 43.5862388611, 86.1334228516, 93.5774459839, 114.883293152, 74.9999084473, 106.746734619, 131.690917969, 90.9703674316, 77.079284668, 39.6279830933, 17.6775245667, 6.3273563385, 2.6879427433, 0.48773753643, 0.0172088295221, 0.000374543044018],
        "mean": [0.348963230848, 2.63984680176, 4.0626540184, 4.33855772018, 7.01549291611, 12.8686342239, 18.8102264404, 20.8181915283, 37.2459411621, 23.1567783356, 27.1016464233, 22.9693603516, 26.6684455872, 17.3168525696, 17.8703346252, 18.0519504547, 12.7752227783, 9.20066356659, 10.3969545364, 7.53093576431, 5.98999357224, 4.06022787094, 4.72441959381, 3.96437692642, 2.41292858124, 3.23726320267, 3.29204845428, 3.70992660522, 3.19211816788, 3.51298236847, 3.4481420517, 2.69054222107, 2.43399000168, 1.75123679638, 1.02350997925, 0.534698188305, 0.21917784214, 0.0280852615833, 0.000795076892246, 5.86224123253e-05],
        "median": [0.162378281355, 1.03508138657, 0.677378475666, 0.655003130436, 1.65937042236, 3.69092035294, 6.55701446533, 7.65935945511, 13.2298612595, 13.2542467117, 15.6292247772, 10.5109014511, 11.1239147186, 6.08800649643, 5.47344255447, 6.10539293289, 4.60364675522, 3.38808679581, 3.65549826622, 2.75973320007, 2.33037090302, 1.39557921886, 1.86537528038, 1.77371239662, 1.17699599266, 1.04463112354, 1.17661130428, 1.04234516621, 0.906668126583, 1.11662578583, 1.07910597324, 0.846031665802, 0.774313628674, 0.769885599613, 0.401737451553, 0.128147035837, 0.051341664046, 0.00808219239116, 0.000215415886487, 3.78047989216e-05],
        "min": [1.71748650583e-22, 1.81005959812e-21, 5.26936708806e-21, 1.70818224865e-20, 1.07280627321e-19, 1.51800075962e-19, 1.46481731138e-19, 3.57015598474e-19, 9.29117284763e-19, 6.27093480592e-19, 8.97542870203e-19, 2.50379692524e-18, 2.07712248283e-18, 4.2357735412e-18, 5.4477337593e-18, 2.68626242182e-18, 1.03050202071e-17, 1.0786720565e-17, 5.92208130875e-18, 7.3841031891e-18, 6.02295681163e-18, 1.49845207258e-17, 9.26822954577e-18, 1.16915717827e-17, 1.54562882989e-17, 1.12351939049e-17, 1.27550547352e-17, 3.02491512768e-17, 2.11297629561e-17, 1.94165445217e-17, 1.68850872972e-17, 2.03592012021e-17, 1.55008600991e-17, 1.38732391416e-17, 1.00591746844e-17, 8.70776753147e-18, 3.5415415326e-18, 1.44654533109e-18, 2.89385259893e-19, 3.42608516197e-20],
        "stdev": [0.487529486418, 4.69690036774, 11.8852062225, 17.8658714294, 25.3373603821, 33.5860595703, 36.6664848328, 38.9523200989, 55.9082145691, 31.0284671783, 36.6672973633, 36.1076278687, 36.8643035889, 30.435749054, 38.991481781, 30.2213306427, 20.4229354858, 17.2648773193, 22.0845718384, 19.0083084106, 12.1456623077, 8.92483711243, 9.22511196136, 7.31124067307, 4.44588708878, 8.32059383392, 8.20897388458, 10.259552002, 8.24983501434, 9.65612697601, 10.2361736298, 7.64570522308, 6.6265540123, 3.87023544312, 2.13789701462, 0.851131498814, 0.359650313854, 0.052881423384, 0.00162491342053, 5.41962472198e-05],
        "var": [0.237684994936, 22.0608730316, 141.258132935, 319.18939209, 641.981811523, 1128.0234375, 1344.43103027, 1517.28320312, 3125.72827148, 962.76574707, 1344.49072266, 1303.76086426, 1358.97692871, 926.334777832, 1520.33557129, 913.328796387, 417.096282959, 298.076019287, 487.728302002, 361.315765381, 147.517105103, 79.6527252197, 85.102684021, 53.4542427063, 19.7659130096, 69.2322845459, 67.3872451782, 105.258399963, 68.0597763062, 93.2407913208, 104.779243469, 58.4568099976, 43.9112167358, 14.9787225723, 4.57060337067, 0.72442483902, 0.12934833765, 0.00279644480906, 2.64034360953e-06, 2.93723312339e-09]
    },
    "gfcc": {
        "mean": [-6.17037010193, 83.1349639893, -79.6880340576, 9.49822807312, -66.8740386963, 19.8213577271, -40.8195610046, 18.1568965912, -21.319070816, 13.5052251816, -14.0198030472, 7.55069828033, -10.9665460587],
        "cov": [[4153.63818359, -944.04284668, -55.6291160583, 241.994415283, -135.821868896, 236.429031372, 1.07049179077, 127.652854919, -141.188156128, 193.88079834, -88.8357391357, 217.888092041, -53.0783843994], [-944.04284668, 1433.61254883, 72.1439590454, -120.338996887, 336.746032715, 28.2858123779, 191.571350098, -10.0277271271, 131.801925659, -62.7336006165, 138.394973755, -103.077354431, 82.2724914551], [-55.6291160583, 72.1439590454, 803.953918457, 215.436126709, 228.32800293, 87.704826355, 151.380615234, 79.5640563965, 45.0642700195, 82.7729034424, -42.684841156, 68.9592437744, -33.0442428589], [241.994415283, -120.338996887, 215.436126709, 469.445251465, 99.813041687, 94.962928772, 68.6909866333, 135.109039307, 93.2169723511, 36.1703796387, 32.5155601501, 32.1622772217, 69.0332489014], [-135.821868896, 336.746032715, 228.32800293, 99.813041687, 420.431213379, 178.616287231, 244.319946289, 129.573699951, 116.151603699, 98.2855453491, 66.0529785156, 64.1387481689, 36.898021698], [236.429031372, 28.2858123779, 87.704826355, 94.962928772, 178.616287231, 281.430084229, 198.323638916, 118.695533752, 64.2495651245, 112.844039917, 88.005241394, 53.377872467, 33.5622634888], [1.07049179077, 191.571350098, 151.380615234, 68.6909866333, 244.319946289, 198.323638916, 332.650848389, 134.666915894, 95.6434936523, 125.299957275, 67.1593704224, 63.0725631714, 28.3553390503], [127.652854919, -10.0277271271, 79.5640563965, 135.109039307, 129.573699951, 118.695533752, 134.666915894, 205.095901489, 114.963607788, 73.6358566284, 63.5370178223, 62.1170425415, 46.6779022217], [-141.188156128, 131.801925659, 45.0642700195, 93.2169723511, 116.151603699, 64.2495651245, 95.6434936523, 114.963607788, 165.986587524, 66.4516143799, 60.9799728394, 29.9881381989, 49.9683990479], [193.88079834, -62.7336006165, 82.7729034424, 36.1703796387, 98.2855453491, 112.844039917, 125.299957275, 73.6358566284, 66.4516143799, 174.298034668, 57.0901947021, 63.9877204895, 6.21241855621], [-88.8357391357, 138.394973755, -42.684841156, 32.5155601501, 66.0529785156, 88.005241394, 67.1593704224, 63.5370178223, 60.9799728394, 57.0901947021, 146.035598755, 26.8739109039, 40.5648994446], [217.888092041, -103.077354431, 68.9592437744, 32.1622772217, 64.1387481689, 53.377872467, 63.0725631714, 62.1170425415, 29.9881381989, 63.9877204895, 26.8739109039, 117.651519775, 14.2465896606], [-53.0783843994, 82.2724914551, -33.0442428589, 69.0332489014, 36.898021698, 33.5622634888, 28.3553390503, 46.6779022217, 49.9683990479, 6.21241855621, 40.5648994446, 14.2465896606, 80.6729125977]],
        "icov": [[0.00041273975512, -0.000136665039463, 0.000263474881649, -0.000395026057959, 0.000287868198939, -0.000556689104997, 0.000341918348568, -0.000455439090729, 0.000732839747798, -0.000642612867523, 0.000764597498346, -0.000845484610181, 0.000460577197373], [-0.000136665039463, 0.00208985083736, -0.000622622435912, 0.00122588791419, -0.00171090033837, 0.00116388581228, -0.0013480859343, 0.0015360028483, -0.00158108386677, 0.00205447734334, -0.00255324179307, 0.00253952853382, -0.00198535970412], [0.000263474881649, -0.000622622435912, 0.00232117483392, -0.00156583497301, -0.000347762048477, -0.000394066155422, 0.000241210334934, -0.000468711950816, 0.000891448464245, -0.00125691550784, 0.00203319103457, -0.00178356678225, 0.00244567613117], [-0.000395026057959, 0.00122588791419, -0.00156583497301, 0.00439090235159, -0.000861057254951, 0.000324817345245, -0.000244794122409, -0.000464638927951, -0.00179398548789, 0.0017861610977, -0.00165466591716, 0.00256279832684, -0.0039421976544], [0.000287868198939, -0.00171090033837, -0.000347762048477, -0.000861057254951, 0.00657029962167, -0.00228916620836, -0.00118854420725, -0.00113810913172, -0.000249898759648, -0.00103052437771, 0.00201922212727, -0.00289029045962, 0.00128135515843], [-0.000556689104997, 0.00116388581228, -0.000394066155422, 0.000324817345245, -0.00228916620836, 0.00933300051838, -0.00377758871764, -0.000508603581693, 0.00100099435076, -0.000559137726668, -0.0044013094157, 0.00280458386987, -0.00206545018591], [0.000341918348568, -0.0013480859343, 0.000241210334934, -0.000244794122409, -0.00118854420725, -0.00377758871764, 0.00874914228916, -0.00292152143084, 0.00113019056153, -0.0035310536623, 0.00256481696852, -0.00177783658728, 0.0012346461881], [-0.000455439090729, 0.0015360028483, -0.000468711950816, -0.000464638927951, -0.00113810913172, -0.000508603581693, -0.00292152143084, 0.0130955679342, -0.00704978546128, 0.00290403957479, -0.00285087269731, -0.000824386952445, -0.0017566124443], [0.000732839747798, -0.00158108386677, 0.000891448464245, -0.00179398548789, -0.000249898759648, 0.00100099435076, 0.00113019056153, -0.00704978546128, 0.0152786718681, -0.00561905233189, 0.00122182560153, -0.000836542574689, -0.00212290952913], [-0.000642612867523, 0.00205447734334, -0.00125691550784, 0.0017861610977, -0.00103052437771, -0.000559137726668, -0.0035310536623, 0.00290403957479, -0.00561905233189, 0.0136223118752, -0.00503584276885, -0.000504143943544, 0.000756067514885], [0.000764597498346, -0.00255324179307, 0.00203319103457, -0.00165466591716, 0.00201922212727, -0.0044013094157, 0.00256481696852, -0.00285087269731, 0.00122182560153, -0.00503584276885, 0.0147497933358, -0.00430611427873, -1.39807079904e-05], [-0.000845484610181, 0.00253952853382, -0.00178356678225, 0.00256279832684, -0.00289029045962, 0.00280458386987, -0.00177783658728, -0.000824386952445, -0.000836542574689, -0.000504143943544, -0.00430611427873, 0.0164017435163, -0.00498698651791], [0.000460577197373, -0.00198535970412, 0.00244567613117, -0.0039421976544, 0.00128135515843, -0.00206545018591, 0.0012346461881, -0.0017566124443, -0.00212290952913, 0.000756067514885, -1.39807079904e-05, -0.00498698651791, 0.0220987349749]]
    },
    "melbands": {
        "dmean": [0.00156742462423, 0.0019529836718, 0.00117301300634, 0.000843391171657, 0.000618869671598, 0.000401463359594, 0.000273832527455, 0.000174796703504, 0.000127917301143, 8.37765692268e-05, 8.01248606876e-05, 5.46926057723e-05, 3.53454088327e-05, 3.12034717354e-05, 3.31623850798e-05, 1.51102585733e-05, 1.27964440253e-05, 1.39994663186e-05, 8.24262224342e-06, 7.80793561717e-06, 4.53479424323e-06, 3.04145487462e-06, 2.66931670012e-06, 2.95382892546e-06, 1.94636231754e-06, 1.25054270939e-06, 1.18641128211e-06, 1.91135632122e-06, 1.7417635263e-06, 1.69570444086e-06, 1.95302595785e-06, 1.26941733924e-06, 1.5003080307e-06, 1.47379944337e-06, 1.31330205022e-06, 1.21078642223e-06, 9.59909016274e-07, 9.86465124697e-07, 1.02130513824e-06, 8.49846628626e-07],
        "dmean2": [0.00187125429511, 0.00280086277053, 0.00221146689728, 0.00155954167712, 0.0010880989721, 0.000695547088981, 0.000450160267064, 0.000296270911349, 0.000208251571166, 0.000131452659843, 0.00012236830662, 8.6007421487e-05, 5.57920357096e-05, 5.12418919243e-05, 5.25074792677e-05, 2.46471645369e-05, 1.99921087187e-05, 2.09398185689e-05, 1.31919050546e-05, 1.24634952954e-05, 6.93803303875e-06, 4.47865340902e-06, 3.96153654947e-06, 4.40908706878e-06, 2.94986102745e-06, 1.88111687294e-06, 1.76587650458e-06, 3.04855416289e-06, 2.84902580461e-06, 2.78400807474e-06, 3.18084062201e-06, 1.95632196665e-06, 2.47184948421e-06, 2.29017064157e-06, 1.98903694582e-06, 1.80228880708e-06, 1.36807557283e-06, 1.34947742936e-06, 1.50958214817e-06, 1.28484464312e-06],
        "dvar": [9.1221772891e-06, 2.55974882748e-05, 1.81768391485e-05, 7.73327974457e-06, 2.64829486696e-06, 9.91064553091e-07, 3.31023301214e-07, 9.4861611899e-08, 6.09626127357e-08, 2.90999793151e-08, 1.5785598606e-08, 1.11293809724e-08, 6.66169652774e-09, 4.45919345893e-09, 5.05157515818e-09, 1.40736100551e-09, 8.68543403865e-10, 1.07088771184e-09, 5.22016041504e-10, 4.24807355959e-10, 1.32189509339e-10, 6.2227424602e-11, 5.07108313674e-11, 5.05731984068e-11, 2.10315306837e-11, 9.72423964268e-12, 8.288441114e-12, 3.35423945563e-11, 2.86974402575e-11, 3.07412602318e-11, 3.38149994117e-11, 1.11569833233e-11, 1.90722715399e-11, 2.07334340668e-11, 1.73838807932e-11, 1.69989283066e-11, 6.58551295094e-12, 6.97547228312e-12, 7.91365063757e-12, 3.83768494414e-12],
        "dvar2": [1.48724657265e-05, 5.77628452447e-05, 5.22209411429e-05, 2.248439705e-05, 7.53221956984e-06, 2.78660968434e-06, 9.27189262256e-07, 2.51286365938e-07, 1.36770566428e-07, 6.82547778297e-08, 3.57733611622e-08, 2.68832689443e-08, 1.62974895801e-08, 1.14626352854e-08, 1.17908065533e-08, 3.60808138922e-09, 2.10607065121e-09, 2.2837722824e-09, 1.19283738442e-09, 8.12768241598e-10, 2.96477536965e-10, 1.32852992496e-10, 1.13912469735e-10, 9.61913187991e-11, 3.96447423501e-11, 2.11320405619e-11, 1.78206008977e-11, 8.14926667814e-11, 7.41256500625e-11, 8.01092941982e-11, 7.69567742864e-11, 2.37224909855e-11, 4.61352657466e-11, 5.03969262156e-11, 3.8606000341e-11, 3.46394336825e-11, 1.16579359014e-11, 1.07462224883e-11, 1.5758264485e-11, 7.82051767095e-12],
        "max": [0.0253653824329, 0.0358314402401, 0.0270719379187, 0.0205518584698, 0.01233999338, 0.00966058857739, 0.0049246493727, 0.00326435896568, 0.00540198059753, 0.00244295364246, 0.0013822914334, 0.00194558023941, 0.00159311294556, 0.00102512119338, 0.00108433037531, 0.000689068867359, 0.000591353687923, 0.00062771840021, 0.000282183755189, 0.000228897610214, 0.000139252588269, 0.000154803099576, 9.88246174529e-05, 7.86106611486e-05, 6.79968143231e-05, 4.27412160207e-05, 5.8713278122e-05, 5.95275814703e-05, 5.4533178627e-05, 6.6371219873e-05, 8.84918772499e-05, 4.94067535328e-05, 5.47682684555e-05, 7.41434923839e-05, 7.63926800573e-05, 8.0599435023e-05, 4.26843907917e-05, 5.65473528695e-05, 4.9538222811e-05, 2.96089037874e-05],
        "mean": [0.00327408849262, 0.00256453081965, 0.000817064894363, 0.000711665372364, 0.000680731493048, 0.000491511309519, 0.000506433309056, 0.00027268982376, 0.000205566437216, 0.00014619063586, 0.000137098933919, 7.7881879406e-05, 5.35141662112e-05, 4.46799058409e-05, 5.57789935556e-05, 1.89558650163e-05, 1.72698837559e-05, 1.92253828573e-05, 9.7775928225e-06, 1.03473857962e-05, 6.02895215707e-06, 4.17656701757e-06, 3.72911995328e-06, 4.45440764452e-06, 3.12554993798e-06, 1.83437828127e-06, 1.71900558144e-06, 2.28113253797e-06, 2.06787581192e-06, 1.93655273506e-06, 2.22499716074e-06, 1.71391479853e-06, 1.88242563581e-06, 1.98689144781e-06, 1.99298051484e-06, 1.85533281183e-06, 1.55228474341e-06, 1.67160828823e-06, 1.64041250628e-06, 1.44754756093e-06],
        "median": [0.00161097908858, 0.000715827045497, 0.000139961281093, 0.000219915920752, 0.000249842676567, 0.000196249617147, 0.000179965165444, 0.000129917389131, 0.000118744341307, 6.1009581259e-05, 5.34387800144e-05, 2.31809499383e-05, 1.56173446157e-05, 1.60726067406e-05, 1.29217687572e-05, 7.0657733886e-06, 5.74271780351e-06, 5.91667776462e-06, 2.9206094041e-06, 3.9365027078e-06, 1.89755132851e-06, 1.28708586544e-06, 1.35005529955e-06, 1.77205697582e-06, 1.33781031764e-06, 8.35050343539e-07, 7.40520817999e-07, 6.3007485096e-07, 6.79048071106e-07, 6.66449807341e-07, 5.22571724559e-07, 4.81288907395e-07, 5.40772362001e-07, 6.14819782641e-07, 6.25084283001e-07, 5.30884733507e-07, 5.14157420639e-07, 5.02053183027e-07, 5.98171027377e-07, 6.33011666196e-07],
        "min": [1.80536162692e-24, 2.7066890509e-24, 4.87450721744e-24, 1.03404897198e-23, 5.66612440266e-24, 8.99388995512e-24, 1.36119195596e-23, 6.18606617517e-24, 7.14497512041e-24, 1.67379449796e-23, 9.7582796062e-24, 1.56795255699e-23, 2.03917656769e-23, 9.31713675509e-24, 9.58984675889e-24, 2.5489239696e-23, 1.89117837326e-23, 7.9739125262e-24, 1.4208423044e-23, 5.32238062979e-24, 6.82162576852e-24, 1.5936501743e-23, 8.75750541829e-24, 8.99387812221e-24, 9.61147416946e-24, 8.42290612104e-24, 1.38291892078e-23, 6.23171163929e-24, 6.37158929956e-24, 1.23442753052e-23, 2.02343374392e-23, 1.32331716618e-23, 8.7218141955e-24, 1.10681137196e-23, 8.54947569784e-24, 1.33974472121e-23, 1.18714234011e-23, 1.16785248217e-23, 1.00160556842e-23, 1.14969503406e-23],
        "stdev": [0.0047588753514, 0.00558192562312, 0.00320431240834, 0.00209244224243, 0.00135393231176, 0.000859827210661, 0.000747512560338, 0.000379535224056, 0.000295492849546, 0.000245446251938, 0.000195327083929, 0.000133227003971, 0.000120336160762, 7.78102112236e-05, 0.000112649751827, 3.97203912144e-05, 3.39904545399e-05, 4.23421588494e-05, 2.42571495619e-05, 2.35269289988e-05, 1.31841670736e-05, 9.8765212897e-06, 8.0307790995e-06, 8.87120768311e-06, 5.82712345931e-06, 3.57268027074e-06, 3.9189508243e-06, 6.1548166741e-06, 5.17038233738e-06, 5.21236097484e-06, 6.64345952828e-06, 4.51208188679e-06, 5.08181301484e-06, 5.70727252125e-06, 5.87288604947e-06, 6.04974047747e-06, 4.08557752962e-06, 4.64581853521e-06, 4.34108142144e-06, 3.03381375488e-06],
        "var": [2.26468946494e-05, 3.11578914989e-05, 1.02676185634e-05, 4.37831431555e-06, 1.83313261459e-06, 7.39302834063e-07, 5.58775070658e-07, 1.44046978789e-07, 8.73160246329e-08, 6.02438561259e-08, 3.81526703563e-08, 1.77494339226e-08, 1.44807907887e-08, 6.05442895818e-09, 1.2689966411e-08, 1.57770951859e-09, 1.15535092604e-09, 1.79285830626e-09, 5.88409321267e-10, 5.53516399382e-10, 1.73822262139e-10, 9.75456798669e-11, 6.44934175509e-11, 7.86983186951e-11, 3.39553662965e-11, 1.27640441619e-11, 1.53581748014e-11, 3.78817671676e-11, 2.67328520431e-11, 2.71687065206e-11, 4.41355528513e-11, 2.03588812475e-11, 2.5824821448e-11, 3.2572961689e-11, 3.44907921668e-11, 3.65993589602e-11, 1.66919447014e-11, 2.1583630716e-11, 1.884498807e-11, 9.20402556254e-12]
    },
    "melbands128": {
