{
"lowlevel": {
    "average_loudness": 0.984008073807,
    "barkbands_crest": {
        "dmean": 2.21534991264,
        "dmean2": 3.29646539688,
        "dvar": 5.82638406754,
        "dvar2": 11.7126684189,
        "max": 24.9455547333,
        "mean": 13.9362821579,
        "median": 13.588010788,
        "min": 3.25844478607,
        "stdev": 3.8740875721,
        "var": 15.0085554123
    },
    "barkbands_flatness_db": {
        "dmean": 0.025067884475,
        "dmean2": 0.0340860560536,
        "dvar": 0.00075351918349,
        "dvar2": 0.00141623429954,
        "max": 0.388824284077,
        "mean": 0.168430700898,
        "median": 0.163386568427,
        "min": 0.0261011086404,
        "stdev": 0.052156612277,
        "var": 0.00272031221539
    },
    "barkbands_kurtosis": {
        "dmean": 4.7800154686,
        "dmean2": 7.45591783524,
        "dvar": 57.7961807251,
        "dvar2": 133.827529907,
        "max": 74.3377532959,
        "mean": 9.19989967346,
        "median": 6.69947433472,
        "min": -1.80399751663,
        "stdev": 9.43858146667,
        "var": 89.0868148804
    },
    "barkbands_skewness": {
        "dmean": 0.627010524273,
        "dmean2": 0.910777449608,
        "dvar": 0.546026051044,
        "dvar2": 1.13298606873,
        "max": 7.3897895813,
        "mean": 2.45225310326,
        "median": 2.2996301651,
        "min": -2.01139187813,
        "stdev": 1.1624032259,
        "var": 1.35118126869
    },
    "barkbands_spread": {
        "dmean": 5.34192657471,
        "dmean2": 7.58878087997,
        "dvar": 68.1666717529,
        "dvar2": 142.34828186,
        "max": 99.2651367188,
        "mean": 16.5121612549,
        "median": 13.1269598007,
        "min": 1.05596268177,
        "stdev": 12.827955246,
        "var": 164.556442261
    },
    "dissonance": {
        "dmean": 0.0285299196839,
        "dmean2": 0.0467674322426,
        "dvar": 0.000668917375151,
        "dvar2": 0.00160021637566,
        "max": 0.500000119209,
        "mean": 0.435899972916,
        "median": 0.444155246019,
        "min": 0.198892191052,
        "stdev": 0.045414943248,
        "var": 0.00206251698546
    },
    "dynamic_complexity": 1.3795068264,
    "erbbands_crest": {
        "dmean": 2.34664916992,
        "dmean2": 3.66341090202,
        "dvar": 4.33280849457,
        "dvar2": 10.2869510651,
        "max": 25.3627262115,
        "mean": 8.63929271698,
        "median": 8.00142097473,
        "min": 2.40996742249,
        "stdev": 3.66041493416,
        "var": 13.3986368179
    },
    "erbbands_flatness_db": {
        "dmean": 0.0168131906539,
        "dmean2": 0.0229778923094,
        "dvar": 0.000280318665318,
        "dvar2": 0.000526941847056,
        "max": 0.252824544907,
        "mean": 0.132827579975,
        "median": 0.130971193314,
        "min": 0.0531508177519,
        "stdev": 0.0369691774249,
        "var": 0.00136671995278
    },
    "erbbands_kurtosis": {
        "dmean": 1.11948060989,
        "dmean2": 1.63814353943,
        "dvar": 1.28592419624,
        "dvar2": 2.92374801636,
        "max": 14.2358436584,
        "mean": 1.66882634163,
        "median": 1.23827648163,
        "min": -1.61248886585,
        "stdev": 2.22567653656,
        "var": 4.9536356926
    },
    "erbbands_skewness": {
        "dmean": 0.357672721148,
        "dmean2": 0.549807548523,
        "dvar": 0.109875492752,
        "dvar2": 0.236413955688,
        "max": 2.57374858856,
        "mean": 0.748665511608,
        "median": 0.834553718567,
        "min": -1.76238179207,
        "stdev": 0.683386445045,
        "var": 0.467017024755
    },
    "erbbands_spread": {
        "dmean": 9.75270938873,
        "dmean2": 14.5674095154,
        "dvar": 157.912277222,
        "dvar2": 352.947906494,
        "max": 125.3565979,
        "mean": 38.6305656433,
        "median": 33.9245223999,
        "min": 7.4049911499,
        "stdev": 20.9648513794,
        "var": 439.525024414
    },
    "hfc": {
        "dmean": 9.61753559113,
        "dmean2": 13.3627233505,
        "dvar": 317.752471924,
        "dvar2": 639.016906738,
        "max": 184.164459229,
        "mean": 25.2784080505,
        "median": 19.1741352081,
        "min": 1.18572145349e-16,
        "stdev": 22.6946601868,
        "var": 515.047607422
    },
    "loudness_ebu128": {
        "integrated": -8.62410449982,
        "loudness_range": 1.20859336853,
        "momentary": {
            "dmean": 0.419736713171,
            "dmean2": 0.596056103706,
            "dvar": 0.151365056634,
            "dvar2": 0.215683668852,
            "max": -6.82627725601,
            "mean": -8.71316146851,
            "median": -8.61769199371,
            "min": -12.3440799713,
            "stdev": 0.900881588459,
            "var": 0.811587631702
        },
        "short_term": {
            "dmean": 0.0450678989291,
            "dmean2": 0.0595090985298,
            "dvar": 0.00126757123508,
            "dvar2": 0.00273089017719,
            "max": -7.82721185684,
            "mean": -8.63276863098,
            "median": -8.65873718262,
            "min": -9.42575645447,
            "stdev": 0.373658329248,
            "var": 0.139620557427
        }
    },
    "melbands_crest": {
        "dmean": 2.97961497307,
        "dmean2": 4.56897640228,
        "dvar": 10.6225156784,
        "dvar2": 22.4400196075,
        "max": 35.2366294861,
        "mean": 21.3740673065,
        "median": 21.370967865,
        "min": 1.67800378799,
        "stdev": 5.56712961197,
        "var": 30.9929332733
    },
    "melbands_flatness_db": {
        "dmean": 0.0304619967937,
        "dmean2": 0.040885578841,
        "dvar": 0.0012576803565,
        "dvar2": 0.00236347108148,
        "max": 0.529968440533,
        "mean": 0.262739419937,
        "median": 0.259579211473,
        "min": 0.00472359452397,
        "stdev": 0.0647242069244,
        "var": 0.00418922305107
    },
    "melbands_kurtosis": {
        "dmean": 11.0035657883,
        "dmean2": 16.4460411072,
        "dvar": 281.393463135,
        "dvar2": 630.033813477,
        "max": 211.477752686,
        "mean": 22.4745521545,
        "median": 14.6225318909,
        "min": -1.42715191841,
        "stdev": 23.0017795563,
        "var": 529.081848145
    },
    "melbands_skewness": {
        "dmean": 0.878299593925,
        "dmean2": 1.25505506992,
        "dvar": 1.03216397762,
        "dvar2": 2.09694766998,
        "max": 11.9614171982,
        "mean": 3.51593804359,
        "median": 3.06003522873,
        "min": -0.0405892170966,
        "stdev": 1.75034701824,
        "var": 3.06371474266
    },
    "melbands_spread": {
        "dmean": 4.78922557831,
        "dmean2": 6.81533956528,
        "dvar": 126.979804993,
        "dvar2": 252.530792236,
        "max": 155.64175415,
        "mean": 13.3241672516,
        "median": 10.7366714478,
        "min": 1.00023019314,
        "stdev": 14.0279245377,
        "var": 196.782669067
    },
    "pitch_salience": {
        "dmean": 0.0695846900344,
        "dmean2": 0.105749823153,
        "dvar": 0.00573663320392,
        "dvar2": 0.0118229538202,
        "max": 0.825901508331,
        "mean": 0.444590181112,
        "median": 0.437404245138,
        "min": 0.133498564363,
        "stdev": 0.113882794976,
        "var": 0.012969291769
    },
    "silence_rate_20dB": {
        "dmean": 0,
        "dmean2": 0,
        "dvar": 0,
        "dvar2": 0,
        "max": 1,
        "mean": 1,
        "median": 1,
        "min": 1,
        "stdev": 0,
        "var": 0
    },
    "silence_rate_30dB": {
        "dmean": 0.0464396290481,
        "dmean2": 0.0929512009025,
        "dvar": 0.0442826412618,
        "dvar2": 0.0920562595129,
        "max": 1,
        "mean": 0.919566869736,
        "median": 1,
        "min": 0,
        "stdev": 0.271962970495,
        "var": 0.0739638581872
    },
    "silence_rate_60dB": {
        "dmean": 0.000773993786424,
        "dmean2": 0.00154918665066,
        "dvar": 0.000773391744588,
        "dvar2": 0.00154677091632,
        "max": 1,
        "mean": 0.00154679035768,
        "median": 0,
        "min": 0,
        "stdev": 0.0392987206578,
        "var": 0.00154438940808
    },
    "spectral_centroid": {
        "dmean": 215.24017334,
        "dmean2": 303.431152344,
        "dvar": 181571.703125,
        "dvar2": 289404.34375,
        "max": 11004.4003906,
        "mean": 905.688720703,
        "median": 733.327880859,
        "min": 204.802429199,
        "stdev": 638.960998535,
        "var": 408271.15625
    },
    "spectral_complexity": {
        "dmean": 3.55650162697,
        "dmean2": 5.19752120972,
        "dvar": 20.9882926941,
        "dvar2": 30.6185741425,
        "max": 56,
        "mean": 17.5916481018,
        "median": 16,
        "min": 0,
        "stdev": 7.90813541412,
        "var": 62.5386047363
    },
    "spectral_decrease": {
        "dmean": 3.91634769059e-09,
        "dmean2": 5.8911999723e-09,
        "dvar": 4.62479889939e-17,
        "dvar2": 1.00245237577e-16,
        "max": 1.07468831873e-29,
        "mean": -1.64690092674e-08,
        "median": -1.52832857481e-08,
        "min": -6.45388595899e-08,
        "stdev": 8.43888159352e-09,
        "var": 7.12147185569e-17
    },
    "spectral_energy": {
        "dmean": 0.0153913451359,
        "dmean2": 0.0230489391834,
        "dvar": 0.00068269635085,
        "dvar2": 0.00147356989328,
        "max": 0.248610705137,
        "mean": 0.0644507333636,
        "median": 0.0596102029085,
        "min": 1.07142871053e-20,
        "stdev": 0.0325547866523,
        "var": 0.00105981412344
    },
    "spectral_energyband_high": {
        "dmean": 0.000721278891433,
        "dmean2": 0.00105016503949,
        "dvar": 2.84550992546e-06,
        "dvar2": 6.12032999925e-06,
        "max": 0.0163428988308,
        "mean": 0.0011642620666,
        "median": 0.000457625370473,
        "min": 8.01356340791e-21,
        "stdev": 0.00206213979982,
        "var": 4.25242069468e-06
    },
    "spectral_energyband_low": {
        "dmean": 0.0116739785299,
        "dmean2": 0.0177242010832,
        "dvar": 0.000584980123676,
        "dvar2": 0.00129725970328,
        "max": 0.234512090683,
        "mean": 0.0427438616753,
        "median": 0.0374737381935,
        "min": 7.96479597626e-23,
        "stdev": 0.0290970802307,
        "var": 0.00084664003225
    },
    "spectral_energyband_middle_high": {
        "dmean": 0.00218290300108,
        "dmean2": 0.00284044723958,
        "dvar": 1.72112195287e-05,
        "dvar2": 2.51562305493e-05,
        "max": 0.0574501976371,
        "mean": 0.00494668539613,
        "median": 0.00327252666466,
        "min": 1.38800694741e-21,
        "stdev": 0.00618710648268,
        "var": 3.82802863896e-05
    },
    "spectral_energyband_middle_low": {
        "dmean": 0.00667475024238,
        "dmean2": 0.0110898455605,
        "dvar": 0.000134656453156,
        "dvar2": 0.000373127812054,
        "max": 0.115156553686,
        "mean": 0.0176809113473,
        "median": 0.0171139761806,
        "min": 3.03968200647e-22,
        "stdev": 0.0116025740281,
        "var": 0.000134619724122
    },
    "spectral_entropy": {
        "dmean": 0.199988543987,
        "dmean2": 0.274753689766,
        "dvar": 0.0521060489118,
        "dvar2": 0.102955423295,
        "max": 9.80309867859,
        "mean": 7.51042938232,
        "median": 7.48781204224,
        "min": 5.97538137436,
        "stdev": 0.48097255826,
        "var": 0.231334611773
    },
    "spectral_flux": {
        "dmean": 0.0367743708193,
        "dmean2": 0.0568173713982,
        "dvar": 0.00224011857063,
        "dvar2": 0.00484061986208,
        "max": 0.45200714469,
        "mean": 0.104923978448,
        "median": 0.082622140646,
        "min": 1.03509839589e-10,
        "stdev": 0.0706560388207,
        "var": 0.00499227596447
    },
    "spectral_kurtosis": {
        "dmean": 2.05119228363,
        "dmean2": 3.04784917831,
        "dvar": 9.47902011871,
        "dvar2": 21.3162822723,
        "max": 44.3767204285,
        "mean": 5.19373226166,
        "median": 4.10068273544,
        "min": -1.1478356123,
        "stdev": 4.61301231384,
        "var": 21.2798805237
    },
    "spectral_rms": {
        "dmean": 0.000915062380955,
        "dmean2": 0.0013379342854,
        "dvar": 2.0568409127e-06,
        "dvar2": 4.10453685618e-06,
        "max": 0.0155739216134,
        "mean": 0.00770922889933,
        "median": 0.00762602733448,
        "min": 3.23310432246e-12,
        "stdev": 0.00185648771003,
        "var": 3.44654654327e-06
    },
    "spectral_rolloff": {
        "dmean": 320.764099121,
        "dmean2": 501.768493652,
        "dvar": 964331.875,
        "dvar2": 1959032.375,
        "max": 18410.8886719,
        "mean": 683.317016602,
        "median": 473.73046875,
        "min": 64.599609375,
        "stdev": 1089.30761719,
        "var": 1186591.125
    },
    "spectral_skewness": {
        "dmean": 0.288723468781,
        "dmean2": 0.413467854261,
        "dvar": 0.106946587563,
        "dvar2": 0.220707803965,
        "max": 5.31409311295,
        "mean": 1.94261074066,
        "median": 1.91536700726,
        "min": 0.0167805273086,
        "stdev": 0.645505845547,
        "var": 0.416677772999
    },
    "spectral_spread": {
        "dmean": 924973.75,
        "dmean2": 1321921.5,
        "dvar": 2.08926041702e+12,
        "dvar2": 3.33000343552e+12,
        "max": 39007584,
        "mean": 5905987,
        "median": 5765161,
        "min": 1569258,
        "stdev": 2132103.75,
        "var": 4.54586689126e+12
    },
    "spectral_strongpeak": {
        "dmean": 0.130584388971,
        "dmean2": 0.223462328315,
        "dvar": 0.0903600826859,
        "dvar2": 0.231907740235,
        "max": 3.20032668114,
        "mean": 0.445531666279,
        "median": 0.38266313076,
        "min": 0,
        "stdev": 0.331314265728,
        "var": 0.109769143164
    },
    "zerocrossingrate": {
        "dmean": 0.0114840576425,
        "dmean2": 0.0129577964544,
        "dvar": 0.000380671903258,
        "dvar2": 0.000423474528361,
        "max": 0.505859375,
        "mean": 0.0407290011644,
        "median": 0.03271484375,
        "min": 0.001953125,
        "stdev": 0.0336598008871,
        "var": 0.00113298220094
    },
    "barkbands": {
        "dmean": [0.000584907829762, 0.00811644177884, 0.00550915114582, 0.00329042598605, 0.00214140396565, 0.00160866882652, 0.00134512747172, 0.000829072028864, 0.00104986038059, 0.00065711553907, 0.000770600803662, 0.000523581285961, 0.000507723889314, 0.000293028366286, 0.000137353272294, 0.000141965370858, 0.000125107981148, 0.000114071794087, 8.38028572616e-05, 8.48575509735e-05, 8.87812275323e-05, 9.92791392491e-05, 0.000122597120935, 0.000238549386268, 0.000148121573147, 6.03850567131e-05, 5.78038316235e-06],
        "dmean2": [0.000821715977509, 0.011156341061, 0.00915399473161, 0.00580679951236, 0.0036218422465, 0.00268830382265, 0.00216578715481, 0.00124177837279, 0.00147200468928, 0.000966571620665, 0.00121643277816, 0.000710053020157, 0.00073856418021, 0.000462298979983, 0.000206599375815, 0.000210980520933, 0.000196233202587, 0.000173564927536, 0.000129841602757, 0.000126235245261, 0.000128989166114, 0.000147005892359, 0.000183205876965, 0.000386586849345, 0.000226206087973, 9.19993544812e-05, 9.54672486841e-06],
        "dvar": [1.4217973785e-06, 0.000306669506244, 0.000304914952721, 7.46804144001e-05, 9.96927428787e-06, 7.52278492655e-06, 3.69367876374e-06, 2.1830710466e-06, 2.01534089683e-06, 1.03308821053e-06, 2.6939142117e-06, 1.5223021137e-06, 1.26127383737e-06, 3.20223307426e-07, 6.7524318581e-08, 8.36606304233e-08, 5.27000700856e-08, 6.14678938859e-08, 6.50306475336e-08, 5.05891151192e-08, 6.01645240295e-08, 7.27295201841e-08, 8.60502566979e-08, 2.86657041215e-07, 9.82561232377e-08, 1.58187614119e-08, 2.30261851253e-10],
        "dvar2": [2.39410542235e-06, 0.00054304569494, 0.000756821071263, 0.000214843879803, 2.72837260127e-05, 2.00669383048e-05, 9.00798113435e-06, 4.6664540605e-06, 3.42743237525e-06, 2.05915557672e-06, 6.93547463015e-06, 2.6684358545e-06, 2.39727614826e-06, 6.78505500673e-07, 1.27767762592e-07, 1.72921787112e-07, 1.27772693759e-07, 1.20766642908e-07, 1.51422938188e-07, 1.01849408907e-07, 1.07667162297e-07, 1.69821305462e-07, 1.85388785212e-07, 7.10401025117e-07, 2.21775067644e-07, 3.6367776346e-08, 5.8881932663e-10],
        "max": [0.0146206310019, 0.192359298468, 0.173396810889, 0.0800369083881, 0.0288193523884, 0.0291863009334, 0.0171387083828, 0.0226004440337, 0.022798622027, 0.0127755478024, 0.0206573847681, 0.0182933062315, 0.0159322321415, 0.00821719970554, 0.00371169438586, 0.00460177566856, 0.00248255440965, 0.00297689530998, 0.00357866776176, 0.00236778380349, 0.00278249499388, 0.00308677693829, 0.00302451313473, 0.00444335630164, 0.00298226880841, 0.00118179724086, 0.000158618946443],
        "mean": [0.00317404675297, 0.031840801239, 0.00582938967273, 0.00367626920342, 0.00432957755402, 0.00310089346021, 0.00238307844847, 0.00138468691148, 0.00242620985955, 0.00114152790047, 0.00108794227708, 0.000724532059394, 0.000715590722393, 0.000436682952568, 0.000232352846069, 0.000232298290939, 0.000204667856451, 0.000179043359822, 0.000116402756248, 0.00012631129357, 0.000137903916766, 0.000139174502692, 0.000194451858988, 0.000314526085276, 0.000226618984016, 8.98857542779e-05, 5.8359751165e-06],
        "median": [0.00134707253892, 0.030150949955, 0.00178648612928, 0.0020319444593, 0.00265394942835, 0.00211660191417, 0.00119090476073, 0.000557996740099, 0.00121040339582, 0.000543836795259, 0.000469181133667, 0.000242440277361, 0.000253198028076, 0.000201901100809, 0.000103593745735, 7.43713972042e-05, 9.80613185675e-05, 7.81209164415e-05, 4.00894750783e-05, 5.14665625815e-05, 3.64215775335e-05, 2.09813788388e-05, 7.47223602957e-05, 0.000125533770188, 8.96499914234e-05, 2.60917640844e-05, 3.80609520789e-07],
        "min": [3.27498381593e-23, 4.14605160054e-23, 1.7502089295e-23, 1.16146468099e-23, 6.5457002099e-23, 3.82107403975e-23, 7.84499829701e-23, 6.32230679223e-23, 4.1092042232e-23, 2.85563356287e-23, 4.63080631125e-23, 4.67698906854e-23, 1.63455286467e-22, 1.11951365758e-22, 1.2922825262e-22, 1.24254150135e-22, 2.52145542267e-22, 1.49930386154e-22, 2.62206030542e-22, 2.48613843549e-22, 4.09964499608e-22, 4.46956169072e-22, 8.20780817532e-22, 9.14651125311e-22, 1.30047160921e-21, 1.79727848635e-21, 2.36716190365e-21],
        "stdev": [0.00319900200702, 0.0221710987389, 0.0156912524253, 0.00679076928645, 0.00459997076541, 0.00325443362817, 0.00297644198872, 0.00215180590749, 0.00317229493521, 0.00158153194934, 0.0018077933928, 0.0016131894663, 0.00144938204903, 0.000691689667292, 0.000372294452973, 0.000449432525784, 0.000283015921013, 0.000322897074511, 0.00027048663469, 0.000266057817498, 0.000320646940963, 0.000331395363901, 0.000361608457752, 0.000552056415472, 0.000376575480914, 0.000157643997227, 1.48868939505e-05],
        "var": [1.0233613466e-05, 0.00049155758461, 0.000246215378866, 4.61145464214e-05, 2.11597307498e-05, 1.05913377411e-05, 8.85920690052e-06, 4.63026890429e-06, 1.00634551927e-05, 2.5012432161e-06, 3.26811687046e-06, 2.60238016381e-06, 2.10070834328e-06, 4.78434628803e-07, 1.38603155619e-07, 2.01989607262e-07, 8.00980046733e-08, 1.04262525724e-07, 7.31630152018e-08, 7.07867684469e-08, 1.0281446805e-07, 1.09822885008e-07, 1.30760668071e-07, 3.04766302861e-07, 1.41809096021e-07, 2.48516300871e-08, 2.21619611551e-10]
    },
    "erbbands": {
        "dmean": [0.297768414021, 1.87592256069, 5.32154321671, 9.76793384552, 7.80225992203, 7.85102367401, 9.77069282532, 14.3667507172, 18.1436920166, 17.4853668213, 21.413143158, 24.8489284515, 19.0747070312, 23.3873901367, 25.4189720154, 20.9264850616, 23.2915210724, 15.5727376938, 9.08194541931, 7.17229700089, 7.47088384628, 6.49915647507, 6.25613880157, 4.22667646408, 4.53973770142, 3.97450423241, 3.46890830994, 3.799888134, 3.49889540672, 3.5148639679, 3.61739015579, 4.70021629333, 4.00469636917, 2.12177586555, 0.83864146471, 0.358454436064, 0.0924827978015, 0.0175394006073, 0.000597196340095, 2.94381898129e-05],
        "dmean2": [0.387970626354, 2.53058648109, 8.27077388763, 17.1841335297, 13.3331661224, 13.2079162598, 15.8083229065, 24.2715988159, 28.9997940063, 27.4116668701, 31.5868186951, 33.4867515564, 27.9866142273, 36.7393074036, 37.3231163025, 28.6741828918, 32.9751586914, 23.5070114136, 14.0168113708, 10.6191062927, 11.1711778641, 10.0596876144, 9.36971282959, 6.22580385208, 6.90613746643, 5.96798181534, 5.32672166824, 5.41936731339, 5.04730033875, 5.24991178513, 5.4208984375, 7.48586893082, 6.53909492493, 3.33455204964, 1.26394307613, 0.542180895805, 0.143622547388, 0.0282471682876, 0.000974633730948, 4.40041585534e-05],
        "dvar": [0.41592413187, 17.8461666107, 246.508300781, 843.973999023, 212.975784302, 173.831771851, 261.138458252, 799.111572266, 853.00994873, 722.410766602, 1312.30090332, 1304.67126465, 867.475830078, 1834.52172852, 3534.80371094, 2564.39135742, 2990.31542969, 782.032409668, 325.038024902, 202.667098999, 246.367141724, 141.81578064, 164.723693848, 132.496154785, 176.453414917, 111.874084473, 95.4912033081, 118.320495605, 86.4001998901, 79.2175979614, 65.3160095215, 99.3430328369, 85.6442565918, 20.3009929657, 3.05989050865, 0.501516640186, 0.0456578284502, 0.00186343444511, 2.27681948672e-06, 2.41805997447e-09],
        "dvar2": [0.669814407825, 34.0848426819, 558.516357422, 2374.97070312, 614.508789062, 478.031707764, 699.896972656, 2148.20141602, 2015.40917969, 1736.19689941, 2822.20361328, 2082.96972656, 1753.3894043, 4463.34179688, 7681.5625, 4666.79541016, 5716.09228516, 1608.01379395, 672.351013184, 359.507263184, 521.849914551, 322.587127686, 339.044830322, 258.453125, 397.060211182, 223.882339478, 187.797119141, 233.778884888, 195.653045654, 169.967025757, 141.737869263, 237.002349854, 214.547073364, 47.5275421143, 6.94326782227, 1.1115899086, 0.112662568688, 0.00444863736629, 5.62469131182e-06, 5.31343946619e-09],
        "max": [7.13273525238, 44.1443901062, 173.937103271, 234.094711304, 159.651062012, 146.91192627, 238.743118286, 302.264770508, 304.775085449, 320.753540039, 445.506134033, 624.502075195, 492.085357666, 442.281860352, 940.334472656, 769.811279297, 785.187133789, 305.49420166, 244.401779175, 167.968185425, 310.970092773, 123.945198059, 161.262084961, 133.910598755, 162.5184021, 115.842987061, 110.524597168, 126.796226501, 113.059844971, 85.5429382324, 81.7704772949, 87.0722808838, 83.1972579956, 42.7091712952, 17.3863105774, 6.67002534866, 2.30617976189, 0.484248876572, 0.017073655501, 0.000529255892616],
        "mean": [1.4021910429, 5.20586156845, 6.74446105957, 10.572101593, 12.7928628922, 15.6055698395, 19.0782699585, 25.6127700806, 31.7185173035, 31.8436355591, 42.9820480347, 57.3348121643, 36.8104896545, 37.2336997986, 39.8544769287, 30.3201828003, 34.0087623596, 24.5747566223, 15.163731575, 11.8183755875, 13.261636734, 11.6489610672, 10.3532056808, 6.63033676147, 6.42596912384, 5.82765626907, 5.31205463409, 5.56684207916, 4.97890424728, 5.15404415131, 5.74563169479, 6.415995121, 5.12103366852, 3.04842591286, 1.30127763748, 0.549103677273, 0.127994552255, 0.0217987261713, 0.0007091317093, 9.34338968364e-05],
        "median": [1.44150960445, 3.99890494347, 2.69804620743, 5.43140220642, 9.03626441956, 7.11249017715, 12.015291214, 15.4913110733, 14.5366783142, 19.282749176, 21.8837413788, 27.0739326477, 20.9648017883, 19.8509254456, 17.3742198944, 12.1084136963, 12.6523523331, 11.8332281113, 7.14724111557, 4.9861369133, 4.41061782837, 5.60778474808, 4.91425895691, 2.52855682373, 2.55226325989, 2.33788180351, 1.36548101902, 1.42030417919, 0.757836103439, 1.25494837761, 2.2755048275, 2.68086957932, 1.91063606739, 1.25939488411, 0.442388117313, 0.177191540599, 0.0359214060009, 0.00391367357224, 0.000136097864015, 7.63450443628e-05],
        "min": [1.26241655525e-21, 9.16009632142e-21, 2.42331074592e-20, 2.56481226816e-20, 8.07058862541e-20, 3.47896759401e-19, 2.26158908441e-19, 3.75040277612e-19, 7.84627650109e-19, 1.34057325826e-18, 1.42874337033e-18, 8.17288721499e-19, 6.33288442995e-19, 1.32735284412e-18, 2.19615129144e-18, 2.68449763198e-18, 6.71106437497e-18, 6.77143077531e-18, 7.60951983219e-18, 6.10373347998e-18, 1.05304145163e-17, 1.00302564502e-17, 9.79770537433e-18, 1.31807136066e-17, 1.00135523649e-17, 1.16213201605e-17, 1.18877914317e-17, 1.95233699347e-17, 1.42275760191e-17, 1.93377836925e-17, 2.72354494095e-17, 1.86171786844e-17, 1.53851391857e-17, 1.50239590431e-17, 8.11538792606e-18, 5.0624528823e-18, 3.61199788205e-18, 1.57305929706e-18, 3.2399286821e-19, 3.28820869414e-20],
        "stdev": [0.851210236549, 5.35751676559, 15.6371326447, 22.9422073364, 13.6708555222, 22.0530109406, 21.6676387787, 30.4965953827, 44.0828399658, 39.5711326599, 56.8249015808, 82.159362793, 48.8263053894, 50.7732200623, 74.7566452026, 64.290802002, 70.0884094238, 35.6363372803, 24.4096183777, 19.4087867737, 26.5505695343, 15.7039995193, 16.8259029388, 13.8623256683, 14.4408073425, 12.4348478317, 12.4567594528, 13.3240270615, 11.7441215515, 11.1709308624, 10.1358089447, 10.7907018661, 9.35917949677, 5.06211853027, 2.24878406525, 0.938560605049, 0.243253156543, 0.0475120916963, 0.00156290933955, 6.03442931606e-05],
        "var": [0.724558830261, 28.7029857635, 244.51991272, 526.344909668, 186.892303467, 486.335327148, 469.486572266, 930.042358398, 1943.29675293, 1565.87451172, 3229.06958008, 6750.16064453, 2384.00805664, 2577.91992188, 5588.55566406, 4133.30761719, 4912.38525391, 1269.94848633, 595.829467773, 376.70098877, 704.932739258, 246.615600586, 283.110992432, 192.1640625, 208.53692627, 154.625442505, 155.170852661, 177.529708862, 137.9243927, 124.78969574, 102.73462677, 116.439254761, 87.5942382812, 25.6250457764, 5.05703020096, 0.880896031857, 0.0591720975935, 0.00225739902817, 2.4426856271e-06, 3.64143382114e-09]
    },
    "gfcc": {
        "mean": [33.5145759583, 102.998733521, -79.0990447998, 22.7957611084, -55.687461853, 34.0563621521, -37.1305046082, 23.0998783112, -19.7536487579, 5.52918958664, -8.0041847229, 2.70635843277, -7.93643569946],
        "cov": [[3595.69116211, -1083.8605957, -101.042770386, 185.007385254, -289.333435059, 198.278747559, -110.454566956, 138.322845459, -151.453536987, 155.838424683, -125.827407837, 74.565246582, -153.966812134], [-1083.8605957, 1364.94689941, -68.3838272095, -315.697601318, 206.765670776, -98.7944717407, 38.5570335388, -69.4538726807, 119.318992615, -130.438430786, 166.449737549, -106.857803345, 109.226661682], [-101.042770386, -68.3838272095, 409.961242676, -9.21411514282, -60.4690818787, 34.0620880127, -5.88988256454, 32.8072929382, -17.030298233, 10.6760349274, 4.1369228363, 12.226017952, -11.6470108032], [185.007385254, -315.697601318, -9.21411514282, 374.927154541, 16.9800510406, -15.6421308517, 10.4868021011, -41.9271583557, 6.29312801361, 19.4849624634, -40.8738441467, 28.662021637, -6.25548267365], [-289.333435059, 206.765670776, -60.4690818787, 16.9800510406, 179.735122681, -1.58956408501, 37.5756072998, -31.1303596497, 41.4814071655, -7.67642450333, 25.8872509003, -6.76591968536, 25.752161026], [198.278747559, -98.7944717407, 34.0620880127, -15.6421308517, -1.58956408501, 128.10307312, 52.087146759, 25.106426239, -23.4895000458, 21.8949279785, 5.60130643845, 9.13102149963, -7.08825397491], [-110.454566956, 38.5570335388, -5.88988256454, 10.4868021011, 37.5756072998, 52.087146759, 210.688278198, 7.75253677368, -48.53099823, 12.4587945938, 30.0231723785, 5.43774366379, -1.19509637356], [138.322845459, -69.4538726807, 32.8072929382, -41.9271583557, -31.1303596497, 25.106426239, 7.75253677368, 110.82484436, 5.73531246185, 23.0608730316, 4.36972856522, -3.25334835052, 3.09391736984], [-151.453536987, 119.318992615, -17.030298233, 6.29312801361, 41.4814071655, -23.4895000458, -48.53099823, 5.73531246185, 131.266098022, -3.38196134567, 5.70864629745, 4.87124204636, 23.6420936584], [155.838424683, -130.438430786, 10.6760349274, 19.4849624634, -7.67642450333, 21.8949279785, 12.4587945938, 23.0608730316, -3.38196134567, 86.3815994263, 10.4752988815, 3.9709239006, -7.85812473297], [-125.827407837, 166.449737549, 4.1369228363, -40.8738441467, 25.8872509003, 5.60130643845, 30.0231723785, 4.36972856522, 5.70864629745, 10.4752988815, 101.68384552, 3.46160006523, 15.0791788101], [74.565246582, -106.857803345, 12.226017952, 28.662021637, -6.76591968536, 9.13102149963, 5.43774366379, -3.25334835052, 4.87124204636, 3.9709239006, 3.46160006523, 70.0956268311, 3.16206240654], [-153.966812134, 109.226661682, -11.6470108032, -6.25548267365, 25.752161026, -7.08825397491, -1.19509637356, 3.09391736984, 23.6420936584, -7.85812473297, 15.0791788101, 3.16206240654, 63.9826698303]],
        "icov": [[0.000519980792888, -0.000115707473014, 0.000390028115362, -0.000365730054909, 0.000549837306608, -0.00087329884991, 0.000591213465668, -0.000613955082372, 0.0005204990739, -0.000644263578579, 0.000357220415026, -0.000612610136159, 0.000881356070749], [-0.000115707473014, 0.00334993447177, -0.000409218017012, 0.00233648018911, -0.00187214824837, 0.00189739174675, -0.00134460511617, 0.00210999883711, -0.00236409204081, 0.00368813914247, -0.00394969573244, 0.00440453086048, -0.00296700559556], [0.000390028115362, -0.000409218017012, 0.00299055804498, -0.000569655268919, 0.00135311426129, -0.00146348401904, 0.000752725580242, -0.00114795158152, 0.000684317958076, -0.00072123791324, 0.000272101897281, -0.00118948321324, 0.00114187854342], [-0.000365730054909, 0.00233648018911, -0.000569655268919, 0.00498504890129, -0.00186210114043, 0.00232044956647, -0.00171012373175, 0.00300867646001, -0.00215400732122, 0.00157568836585, -0.00127321202308, 0.00203678617254, -0.00246711610816], [0.000549837306608, -0.00187214824837, 0.00135311426129, -0.00186210114043, 0.00933813583106, -0.00239847507328, -0.000587349408306, 0.000679641205352, -0.00116383319255, -0.00229541095905, 0.00112281413749, -0.00148844963405, 0.000472424842883], [-0.00087329884991, 0.00189739174675, -0.00146348401904, 0.00232044956647, -0.00239847507328, 0.0121008250862, -0.00361819379032, 0.000440238422016, -0.00100990664214, 0.00113255507313, -0.00198595435359, 0.001827836968, -0.00227308622561], [0.000591213465668, -0.00134460511617, 0.000752725580242, -0.00171012373175, -0.000587349408306, -0.00361819379032, 0.00763755617663, -0.00227970443666, 0.00421390403062, -0.00197485042736, 0.000157039408805, -0.00267658848315, 0.0020720360335], [-0.000613955082372, 0.00210999883711, -0.00114795158152, 0.00300867646001, 0.000679641205352, 0.000440238422016, -0.00227970443666, 0.0133622698486, -0.00378629169427, 3.57179960702e-05, -0.002374578733, 0.00421067746356, -0.00415277201682], [0.0005204990739, -0.00236409204081, 0.000684317958076, -0.00215400732122, -0.00116383319255, -0.00100990664214, 0.00421390403062, -0.00378629169427, 0.0123633658513, -0.00312303658575, 0.00260649784468, -0.00471261283383, 0.0004873391008], [-0.000644263578579, 0.00368813914247, -0.00072123791324, 0.00157568836585, -0.00229541095905, 0.00113255507313, -0.00197485042736, 3.57179960702e-05, -0.00312303658575, 0.0180727876723, -0.00661451462656, 0.0051912823692, -0.00213703606278], [0.000357220415026, -0.00394969573244, 0.000272101897281, -0.00127321202308, 0.00112281413749, -0.00198595435359, 0.000157039408805, -0.002374578733, 0.00260649784468, -0.00661451462656, 0.0166136268526, -0.00638224091381, 0.0015976174036], [-0.000612610136159, 0.00440453086048, -0.00118948321324, 0.00203678617254, -0.00148844963405, 0.001827836968, -0.00267658848315, 0.00421067746356, -0.00471261283383, 0.0051912823692, -0.00638224091381, 0.0216317512095, -0.00564868934453], [0.000881356070749, -0.00296700559556, 0.00114187854342, -0.00246711610816, 0.000472424842883, -0.00227308622561, 0.0020720360335, -0.00415277201682, 0.0004873391008, -0.00213703606278, 0.0015976174036, -0.00564868934453, 0.0220394767821]]
    },
    "melbands": {
        "dmean": [0.00233454443514, 0.00232611084357, 0.00154975231271, 0.000504801340867, 0.000330686365487, 0.000315278739436, 0.000276450940873, 0.00018155122234, 0.000193754516658, 0.000142143122503, 9.6803130873e-05, 9.54026036197e-05, 0.000100826713606, 6.11973446212e-05, 5.87484391872e-05, 4.32742599514e-05, 2.87806924462e-05, 1.67453981703e-05, 9.72135603661e-06, 1.03033989944e-05, 8.8234537543e-06, 7.30654619474e-06, 6.9971792982e-06, 5.27806514583e-06, 3.33385264639e-06, 3.6678759443e-06, 3.25600217366e-06, 2.56193516179e-06, 2.3347838578e-06, 1.97994245354e-06, 2.40548502006e-06, 2.1358689537e-06, 1.79649418897e-06, 2.22430503527e-06, 2.25111966756e-06, 2.06171603168e-06, 3.19990226672e-06, 2.93404787044e-06, 2.4855371521e-06, 1.64677635439e-06],
        "dmean2": [0.00313721806742, 0.00335909426212, 0.00268376758322, 0.000858987856191, 0.000542236492038, 0.00052856025286, 0.000447060418082, 0.000280655338429, 0.000283811532427, 0.000195689950488, 0.000141973112477, 0.000150221167132, 0.000156509966473, 8.34101811051e-05, 8.45178365125e-05, 6.33449599263e-05, 4.47881757282e-05, 2.6470179364e-05, 1.4799683413e-05, 1.56620008056e-05, 1.33836338136e-05, 1.14687209134e-05, 1.0675206795e-05, 8.00035104476e-06, 5.00815895066e-06, 5.95019901084e-06, 4.92320941703e-06, 3.89616025132e-06, 3.68955807062e-06, 2.92505683319e-06, 3.53411201104e-06, 3.18761590279e-06, 2.67305745183e-06, 3.37256187777e-06, 3.41147165273e-06, 3.11664825858e-06, 5.11792359248e-06, 4.78682432004e-06, 4.00284443458e-06, 2.57376018453e-06],
        "dvar": [2.48492342507e-05, 3.38215977536e-05, 1.86042125279e-05, 5.98874748903e-07, 2.74765142194e-07, 3.44478650049e-07, 1.75305288508e-07, 7.32410754267e-08, 8.18917627043e-08, 3.97598718394e-08, 2.20561702235e-08, 2.83883760943e-08, 5.35010045155e-08, 2.40874751256e-08, 1.59652220333e-08, 1.02294039905e-08, 2.79214318333e-09, 1.15323850469e-09, 3.36956768043e-10, 4.66683247602e-10, 3.35854399847e-10, 1.81739678862e-10, 1.68310407278e-10, 1.55244941902e-10, 7.74619188237e-11, 1.62777194501e-10, 6.55010906625e-11, 4.65055875754e-11, 4.3471518052e-11, 2.68425837113e-11, 4.95730817507e-11, 3.21238244338e-11, 2.36666693187e-11, 3.24489324299e-11, 2.54427312552e-11, 1.80058676302e-11, 4.53624811325e-11, 4.46429039569e-11, 3.13122548723e-11, 1.09126752773e-11],
        "dvar2": [4.08143314417e-05, 6.98878793628e-05, 5.19780842296e-05, 1.67811526808e-06, 7.27682163415e-07, 9.28825215851e-07, 4.15762031025e-07, 1.73688036398e-07, 1.72809151877e-07, 6.6228288631e-08, 4.44579733028e-08, 6.96200572747e-08, 1.34629502213e-07, 4.21405168538e-08, 2.93324262657e-08, 2.13794173476e-08, 5.85263792985e-09, 2.52594833938e-09, 5.68147306979e-10, 9.43934264086e-10, 7.41388839209e-10, 4.31434776793e-10, 3.56745882835e-10, 3.36472155693e-10, 1.49291232154e-10, 4.15596973502e-10, 1.36678349194e-10, 9.49473555334e-11, 9.28103566222e-11, 4.72659897333e-11, 1.05291227126e-10, 7.6477602029e-11, 5.50262890808e-11, 7.22023552058e-11, 5.67438873667e-11, 3.89181811777e-11, 1.10660959562e-10, 1.12358303217e-10, 7.71571903591e-11, 2.52542761009e-11],
        "max": [0.0537905730307, 0.0643986165524, 0.0353600010276, 0.00816814228892, 0.00781129067764, 0.00636991253123, 0.00415354501456, 0.00314726424403, 0.00358250923455, 0.00334525667131, 0.00244155246764, 0.00172441557515, 0.00345284119248, 0.00222584768198, 0.00185649271589, 0.00142541597597, 0.000614825228695, 0.000472741929116, 0.000231083191466, 0.00022224127315, 0.000420303782448, 0.000130212443764, 0.000157479735208, 0.000157782400493, 0.000111454886792, 0.000183405558346, 8.86810739757e-05, 7.59255926823e-05, 7.14276247891e-05, 6.68933207635e-05, 7.60736074881e-05, 7.12393448339e-05, 4.81425558974e-05, 5.62585264561e-05, 5.17934022355e-05, 4.26928454544e-05, 5.78166800551e-05, 6.15416429355e-05, 5.5125758081e-05, 3.07083391817e-05],
        "mean": [0.0104557778686, 0.00445894477889, 0.0018898663111, 0.00100368610583, 0.000672779977322, 0.000583190354519, 0.000491183483973, 0.000320972962072, 0.00040522616473, 0.0003248572757, 0.000177402675035, 0.000148684397573, 0.000148321385495, 8.48168710945e-05, 8.20091518108e-05, 6.38474448351e-05, 4.35189722339e-05, 2.56139555859e-05, 1.62881951837e-05, 1.57426820806e-05, 1.4861231648e-05, 1.19468022604e-05, 1.13391242849e-05, 7.71657050791e-06, 5.0101434681e-06, 4.61784520667e-06, 4.74859371025e-06, 3.5495343127e-06, 3.32598006025e-06, 3.08996118292e-06, 3.26922304339e-06, 2.88565956907e-06, 2.51847836807e-06, 3.08116295855e-06, 3.42494013239e-06, 3.18350794259e-06, 4.14553051087e-06, 3.66997596757e-06, 3.11589883495e-06, 2.41115776589e-06],
        "median": [0.0105025274679, 0.00267237122171, 0.00115501403343, 0.000589899136685, 0.000454588473076, 0.000387058738852, 0.000247502728598, 0.000201092043426, 0.000199926056666, 0.000153841581778, 9.58235759754e-05, 7.58175519877e-05, 6.59883007756e-05, 3.02415755868e-05, 2.97284022963e-05, 2.36789692281e-05, 2.1255655156e-05, 1.12404322863e-05, 7.57268435336e-06, 5.32889771421e-06, 4.89597505293e-06, 5.39822713108e-06, 4.96962502439e-06, 3.3850399177e-06, 1.79605603989e-06, 1.41570069445e-06, 2.19701450987e-06, 1.29957379613e-06, 7.68527513628e-07, 8.50717469802e-07, 7.52345499677e-07, 4.32532488048e-07, 3.37358471825e-07, 8.008827308e-07, 1.23062307011e-06, 1.46339789353e-06, 1.61682123689e-06, 1.33921309953e-06, 1.12521581741e-06, 9.57953488978e-07],
        "min": [1.31724254278e-23, 1.22892451573e-23, 5.5060179822e-24, 1.62405981556e-23, 9.03239425591e-24, 7.57348436412e-24, 1.3995031436e-23, 1.53098621943e-23, 1.1683105737e-23, 4.66075904428e-24, 2.93195419884e-24, 5.0111454204e-24, 6.89082149168e-24, 6.24599593814e-24, 1.06403223393e-23, 1.47433070253e-23, 1.20925166582e-23, 1.19090055235e-23, 8.35896894467e-24, 9.35619010307e-24, 1.41560411022e-23, 1.29315869823e-23, 6.78062708956e-24, 8.62098278345e-24, 1.1135799563e-23, 8.78583656884e-24, 5.35954110602e-24, 8.85381981279e-24, 6.34900302856e-24, 1.10573647009e-23, 1.10457621347e-23, 7.60329068457e-24, 8.81847332221e-24, 1.05993102497e-23, 1.704858736e-23, 1.29295982639e-23, 1.05955678935e-23, 9.6481270137e-24, 1.39795681845e-23, 1.245959257e-23],
        "stdev": [0.00640445016325, 0.006753470283, 0.00346489902586, 0.00108803785406, 0.000703246565536, 0.000649790104944, 0.000633763265796, 0.000388102285797, 0.00050037750043, 0.000445469544502, 0.000244381983066, 0.000200623602723, 0.000259041786194, 0.000198301888304, 0.000167970894836, 0.000124264071928, 6.44085084787e-05, 4.39752002421e-05, 2.60863234871e-05, 2.85839360004e-05, 3.12699776259e-05, 1.71609881363e-05, 1.74081669684e-05, 1.47688269863e-05, 1.06664974737e-05, 1.21675848277e-05, 9.42499355006e-06, 7.91375259723e-06, 8.06692787592e-06, 6.97265113558e-06, 8.16157626105e-06, 6.94175378158e-06, 6.00075827606e-06, 6.7600467446e-06, 6.32237561149e-06, 5.22366690348e-06, 7.10791482561e-06, 6.71095267535e-06, 5.81663334742e-06, 3.851024303e-06],
        "var": [4.10169814131e-05, 4.56093584944e-05, 1.20055246953e-05, 1.18382627079e-06, 4.94555763453e-07, 4.22227174113e-07, 4.01655910309e-07, 1.50623392869e-07, 2.50377667044e-07, 1.98443103727e-07, 5.97225593424e-08, 4.02498301355e-08, 6.71026398891e-08, 3.93236412322e-08, 2.82142220698e-08, 1.54415609188e-08, 4.1484558011e-09, 1.93381821667e-09, 6.80496270444e-10, 8.17041434509e-10, 9.77811498437e-10, 2.94499535869e-10, 3.03044284111e-10, 2.18118245687e-10, 1.1377417064e-10, 1.48050127713e-10, 8.88305054514e-11, 6.26274795912e-11, 6.50753201326e-11, 4.86178632075e-11, 6.6611320626e-11, 4.8187943219e-11, 3.60091019502e-11, 4.56982333918e-11, 3.99724350841e-11, 2.72866954726e-11, 5.05224508063e-11, 4.50368839444e-11, 3.38332244165e-11, 1.48303886532e-11]
    },
    "melbands128": {
