{
"lowlevel": {
    "average_loudness": 0.968600869179,
    "barkbands_crest": {
        "dmean": 3.35566568375,
        "dmean2": 5.0747795105,
        "dvar": 14.044049263,
        "dvar2": 26.0646324158,
        "max": 26.1759796143,
        "mean": 15.0552148819,
        "median": 14.8360776901,
        "min": 2.18728685379,
        "stdev": 6.4665312767,
        "var": 41.8160247803
    },
    "barkbands_flatness_db": {
        "dmean": 0.0436237081885,
        "dmean2": 0.0562630258501,
        "dvar": 0.0016161960084,
        "dvar2": 0.00340624316595,
        "max": 0.49178275466,
        "mean": 0.182285010815,
        "median": 0.179512172937,
        "min": 0.0312603525817,
        "stdev": 0.0786571502686,
        "var": 0.00618694676086
    },
    "barkbands_kurtosis": {
        "dmean": 15.9968271255,
        "dmean2": 21.2069320679,
        "dvar": 1655.22314453,
        "dvar2": 2824.42919922,
        "max": 862.355957031,
        "mean": 24.9196643829,
        "median": 5.78765201569,
        "min": -1.6564207077,
        "stdev": 61.1065330505,
        "var": 3734.00854492
    },
    "barkbands_skewness": {
        "dmean": 1.2386931181,
        "dmean2": 1.58505630493,
        "dvar": 2.48635458946,
        "dvar2": 3.56047010422,
        "max": 23.9169082642,
        "mean": 3.25599694252,
        "median": 2.28456902504,
        "min": -1.72613787651,
        "stdev": 3.11592912674,
        "var": 9.7090139389
    },
    "barkbands_spread": {
        "dmean": 8.49562168121,
        "dmean2": 12.9683189392,
        "dvar": 130.705490112,
        "dvar2": 291.927398682,
        "max": 90.6320953369,
        "mean": 16.4905796051,
        "median": 12.2497768402,
        "min": 0.152669221163,
        "stdev": 14.3237390518,
        "var": 205.169494629
    },
    "dissonance": {
        "dmean": 0.0219040270895,
        "dmean2": 0.0362302362919,
        "dvar": 0.000471127743367,
        "dvar2": 0.00125560408924,
        "max": 0.500000178814,
        "mean": 0.460103392601,
        "median": 0.465205609798,
        "min": 0.265438467264,
        "stdev": 0.0278644934297,
        "var": 0.000776429951657
    },
    "dynamic_complexity": 2.60853409767,
    "erbbands_crest": {
        "dmean": 2.84625315666,
        "dmean2": 4.44543933868,
        "dvar": 6.83186483383,
        "dvar2": 15.6152439117,
        "max": 31.1127490997,
        "mean": 9.69847488403,
        "median": 8.68626499176,
        "min": 2.5185918808,
        "stdev": 4.78670930862,
        "var": 22.9125843048
    },
    "erbbands_flatness_db": {
        "dmean": 0.0248521026224,
        "dmean2": 0.0325442478061,
        "dvar": 0.000563475943636,
        "dvar2": 0.0010200625984,
        "max": 0.417643547058,
        "mean": 0.146656572819,
        "median": 0.134918019176,
        "min": 0.0513625703752,
        "stdev": 0.0616655051708,
        "var": 0.00380263430998
    },
    "erbbands_kurtosis": {
        "dmean": 1.0550904274,
        "dmean2": 1.62144422531,
        "dvar": 1.57292962074,
        "dvar2": 3.41346669197,
        "max": 22.5353736877,
        "mean": 0.770415246487,
        "median": 0.289612531662,
        "min": -1.72321307659,
        "stdev": 2.01623487473,
        "var": 4.06520318985
    },
    "erbbands_skewness": {
        "dmean": 0.38513481617,
        "dmean2": 0.584999799728,
        "dvar": 0.104026995599,
        "dvar2": 0.236002787948,
        "max": 3.3787047863,
        "mean": 0.55276376009,
        "median": 0.524731814861,
        "min": -1.76663136482,
        "stdev": 0.634564816952,
        "var": 0.402672469616
    },
    "erbbands_spread": {
        "dmean": 12.3584527969,
        "dmean2": 17.4430923462,
        "dvar": 170.121963501,
        "dvar2": 316.152069092,
        "max": 133.537734985,
        "mean": 42.7350311279,
        "median": 35.8850212097,
        "min": 4.38714265823,
        "stdev": 24.7370624542,
        "var": 611.922302246
    },
    "hfc": {
        "dmean": 13.615653038,
        "dmean2": 20.067735672,
        "dvar": 393.509277344,
        "dvar2": 881.683654785,
        "max": 146.556488037,
        "mean": 26.3757038116,
        "median": 18.7149219513,
        "min": 1.08380214794e-16,
        "stdev": 25.1279029846,
        "var": 631.411499023
    },
    "loudness_ebu128": {
        "integrated": -7.90957641602,
        "loudness_range": 2.93107223511,
        "momentary": {
            "dmean": 0.59102076292,
            "dmean2": 0.950215399265,
            "dvar": 0.390729308128,
            "dvar2": 0.773842632771,
            "max": -6.20123577118,
            "mean": -8.41435623169,
            "median": -7.55646371841,
            "min": -19.061422348,
            "stdev": 2.47179245949,
            "var": 6.1097574234
        },
        "short_term": {
            "dmean": 0.104587353766,
            "dmean2": 0.102112002671,
            "dvar": 0.00677611585706,
            "dvar2": 0.00710197351873,
            "max": -6.97128582001,
            "mean": -8.18601703644,
            "median": -7.59241247177,
            "min": -12.9604434967,
            "stdev": 1.33255267143,
            "var": 1.77569675446
        }
    },
    "melbands_crest": {
        "dmean": 4.29458808899,
        "dmean2": 6.43152475357,
        "dvar": 25.3694858551,
        "dvar2": 45.4133911133,
        "max": 35.2765274048,
        "mean": 21.9487915039,
        "median": 23.1685447693,
        "min": 1.76731729507,
        "stdev": 8.99008655548,
        "var": 80.8216629028
    },
    "melbands_flatness_db": {
        "dmean": 0.0518509112298,
        "dmean2": 0.0667967051268,
        "dvar": 0.00255582644604,
        "dvar2": 0.0048554064706,
        "max": 0.615899503231,
        "mean": 0.254979223013,
        "median": 0.256089925766,
        "min": 0.00448489701375,
        "stdev": 0.100684605539,
        "var": 0.010137389414
    },
    "melbands_kurtosis": {
        "dmean": 30.3875751495,
        "dmean2": 40.0317382812,
        "dvar": 3469.42919922,
        "dvar2": 5278.73046875,
        "max": 709.814025879,
        "mean": 53.5352859497,
        "median": 15.4328994751,
        "min": -1.27027904987,
        "stdev": 98.055267334,
        "var": 9614.83496094
    },
    "melbands_skewness": {
        "dmean": 1.52716469765,
        "dmean2": 2.02074933052,
        "dvar": 3.50455737114,
        "dvar2": 5.47905540466,
        "max": 20.3697223663,
        "mean": 4.66106748581,
        "median": 3.44784998894,
        "min": -0.1842751652,
        "stdev": 3.8283457756,
        "var": 14.6562318802
    },
    "melbands_spread": {
        "dmean": 8.11351203918,
        "dmean2": 12.5845346451,
        "dvar": 136.162307739,
        "dvar2": 306.381622314,
        "max": 117.701301575,
        "mean": 15.308549881,
        "median": 11.0787687302,
        "min": 0.214643269777,
        "stdev": 14.9595632553,
        "var": 223.788543701
    },
    "pitch_salience": {
        "dmean": 0.101691231132,
        "dmean2": 0.153849646449,
        "dvar": 0.013240239583,
        "dvar2": 0.0279174614698,
        "max": 0.916151344776,
        "mean": 0.400427222252,
        "median": 0.378646761179,
        "min": 0.0412370562553,
        "stdev": 0.197858780622,
        "var": 0.0391480959952
    },
    "silence_rate_20dB": {
        "dmean": 0.00464396271855,
        "dmean2": 0.00929511990398,
        "dvar": 0.00462231272832,
        "dvar2": 0.0123073821887,
        "max": 1,
        "mean": 0.996906399727,
        "median": 1,
        "min": 0,
        "stdev": 0.0555336624384,
        "var": 0.00308398762718
    },
    "silence_rate_30dB": {
        "dmean": 0.0773993805051,
        "dmean2": 0.154918670654,
        "dvar": 0.071407854557,
        "dvar2": 0.130919590592,
        "max": 1,
        "mean": 0.774168610573,
        "median": 1,
        "min": 0,
        "stdev": 0.418126881123,
        "var": 0.174830079079
    },
    "silence_rate_60dB": {
        "dmean": 0.0193498451263,
        "dmean2": 0.0379550717771,
        "dvar": 0.0189750622958,
        "dvar2": 0.0411629229784,
        "max": 1,
        "mean": 0.0580046400428,
        "median": 0,
        "min": 0,
        "stdev": 0.233752295375,
        "var": 0.0546401366591
    },
    "spectral_centroid": {
        "dmean": 319.331451416,
        "dmean2": 482.707305908,
        "dvar": 174124.3125,
        "dvar2": 312911.9375,
        "max": 11089.8652344,
        "mean": 1202.18579102,
        "median": 1105.26806641,
        "min": 140.462051392,
        "stdev": 611.413452148,
        "var": 373826.40625
    },
    "spectral_complexity": {
        "dmean": 5.35835933685,
        "dmean2": 8.05499649048,
        "dvar": 42.0859985352,
        "dvar2": 84.1452178955,
        "max": 61,
        "mean": 17.2753295898,
        "median": 14,
        "min": 0,
        "stdev": 10.2624559402,
        "var": 105.318008423
    },
    "spectral_decrease": {
        "dmean": 7.04338321e-09,
        "dmean2": 8.2905859955e-09,
        "dvar": 1.1313571584e-16,
        "dvar2": 1.06938260315e-16,
        "max": -7.27379323236e-29,
        "mean": -2.1689640306e-08,
        "median": -1.49390544379e-08,
        "min": -8.97436081004e-08,
        "stdev": 2.33069297195e-08,
        "var": 5.43212975805e-16
    },
    "spectral_energy": {
        "dmean": 0.0268675498664,
        "dmean2": 0.0315325930715,
        "dvar": 0.00161204393953,
        "dvar2": 0.00151227042079,
        "max": 0.340431571007,
        "mean": 0.0842539072037,
        "median": 0.0580282658339,
        "min": 1.01049312592e-20,
        "stdev": 0.0885106250644,
        "var": 0.00783413089812
    },
    "spectral_energyband_high": {
        "dmean": 0.00112215860281,
        "dmean2": 0.00166639243253,
        "dvar": 3.13934719998e-06,
        "dvar2": 6.89861053615e-06,
        "max": 0.0115249101073,
        "mean": 0.00133356987499,
        "median": 0.000375078292564,
        "min": 7.19463683002e-21,
        "stdev": 0.00205322052352,
        "var": 4.21571439801e-06
    },
    "spectral_energyband_low": {
        "dmean": 0.0260930992663,
        "dmean2": 0.0320472083986,
        "dvar": 0.00185921008233,
        "dvar2": 0.00193341309205,
        "max": 0.339392691851,
        "mean": 0.0689529255033,
        "median": 0.043912962079,
        "min": 2.99474949905e-23,
        "stdev": 0.0892705023289,
        "var": 0.00796922296286
    },
    "spectral_energyband_middle_high": {
        "dmean": 0.00269478256814,
        "dmean2": 0.0042224554345,
        "dvar": 1.94189760805e-05,
        "dvar2": 4.83036455989e-05,
        "max": 0.036195717752,
        "mean": 0.00560993608087,
        "median": 0.00272655999288,
        "min": 1.6387252699e-21,
        "stdev": 0.00659734150395,
        "var": 4.35249166912e-05
    },
    "spectral_energyband_middle_low": {
        "dmean": 0.00510030705482,
        "dmean2": 0.00858626049012,
        "dvar": 7.56781737437e-05,
        "dvar2": 0.000204005249543,
        "max": 0.0690398290753,
        "mean": 0.00938218552619,
        "median": 0.00593570992351,
        "min": 2.42959339068e-22,
        "stdev": 0.00988371390849,
        "var": 9.76877927314e-05
    },
    "spectral_entropy": {
        "dmean": 0.256544739008,
        "dmean2": 0.361251354218,
        "dvar": 0.0661375150084,
        "dvar2": 0.133340016007,
        "max": 9.80631160736,
        "mean": 7.65706968307,
        "median": 7.59676265717,
        "min": 6.37825679779,
        "stdev": 0.436602026224,
        "var": 0.190621316433
    },
    "spectral_flux": {
        "dmean": 0.0699181109667,
        "dmean2": 0.0981754511595,
        "dvar": 0.00575483683497,
        "dvar2": 0.0089598717168,
        "max": 0.532189071178,
        "mean": 0.125312790275,
        "median": 0.0859001502395,
        "min": 1.00523284141e-10,
        "stdev": 0.107550144196,
        "var": 0.011567032896
    },
    "spectral_kurtosis": {
        "dmean": 1.79920136929,
        "dmean2": 2.74704670906,
        "dvar": 5.1172709465,
        "dvar2": 12.7869281769,
        "max": 29.8213920593,
        "mean": 4.1056227684,
        "median": 3.2703666687,
        "min": -1.22055470943,
        "stdev": 3.11110854149,
        "var": 9.67899608612
    },
    "spectral_rms": {
        "dmean": 0.00146329088602,
        "dmean2": 0.00172654457856,
        "dvar": 3.38371364705e-06,
        "dvar2": 3.07278014589e-06,
        "max": 0.0182243902236,
        "mean": 0.00786375068128,
        "median": 0.00752415740862,
        "min": 3.13982000122e-12,
        "stdev": 0.00451225647703,
        "var": 2.03604595299e-05
    },
    "spectral_rolloff": {
        "dmean": 755.130493164,
        "dmean2": 1274.99816895,
        "dvar": 2428861.5,
        "dvar2": 5055104,
        "max": 18647.7539062,
        "mean": 1124.64172363,
        "median": 538.330078125,
        "min": 64.599609375,
        "stdev": 1746.44934082,
        "var": 3050085.25
    },
    "spectral_skewness": {
        "dmean": 0.267274856567,
        "dmean2": 0.391627281904,
        "dvar": 0.0762475505471,
        "dvar2": 0.160144791007,
        "max": 4.04545021057,
        "mean": 1.61608541012,
        "median": 1.55917298794,
        "min": 0.00393053889275,
        "stdev": 0.450083076954,
        "var": 0.202574789524
    },
    "spectral_spread": {
        "dmean": 1044934.5625,
        "dmean2": 1402995.75,
        "dvar": 2.07387479245e+12,
        "dvar2": 2.67506784666e+12,
        "max": 40186544,
        "mean": 5551602,
        "median": 5376369,
        "min": 1381244.5,
        "stdev": 2183909.5,
        "var": 4.76946051891e+12
    },
    "spectral_strongpeak": {
        "dmean": 0.354819774628,
        "dmean2": 0.57709389925,
        "dvar": 0.362974971533,
        "dvar2": 0.743051767349,
        "max": 5.83820533752,
        "mean": 0.846289694309,
        "median": 0.553539872169,
        "min": 0,
        "stdev": 0.866728425026,
        "var": 0.751218140125
    },
    "zerocrossingrate": {
        "dmean": 0.0169227998704,
        "dmean2": 0.0192154366523,
        "dvar": 0.00054789846763,
        "dvar2": 0.000621331622824,
        "max": 0.49755859375,
        "mean": 0.0472620762885,
        "median": 0.0361328125,
        "min": 0.001953125,
        "stdev": 0.0422362685204,
        "var": 0.00178390240762
    },
    "barkbands": {
        "dmean": [0.00230299937539, 0.0258333962411, 0.00763853127137, 0.00232975860126, 0.00112095987424, 0.000531977915671, 0.000927172834054, 0.000749088823795, 0.000749417347834, 0.000909523980226, 0.000739950162824, 0.000341928564012, 0.000299351289868, 0.000314814591547, 0.0003106953518, 0.000241726884269, 0.000215271036723, 0.000252384343185, 0.000140835269121, 0.000135880429298, 0.000142240693094, 0.000172155647306, 0.000233089449466, 0.000247397721978, 0.000246448878897, 7.95297237346e-05, 7.20109073882e-06],
        "dmean2": [0.00308821373619, 0.0341255217791, 0.0142192235216, 0.00428884290159, 0.00184612977318, 0.000839416810777, 0.00146365107503, 0.00116487103514, 0.00120029284153, 0.00136622379068, 0.00110298767686, 0.000587863614783, 0.000511776888743, 0.000518198008649, 0.000481082155602, 0.000417339499108, 0.000361044541933, 0.000400475488277, 0.000225932832109, 0.000222678121645, 0.000220905800234, 0.000268254138064, 0.000353562529199, 0.00038379750913, 0.000376173469704, 0.000114080925414, 1.17550525829e-05],
        "dvar": [1.24434336612e-05, 0.00213609915227, 0.00056710006902, 3.66110216419e-05, 4.70512259199e-06, 6.56050815451e-07, 2.32364936892e-06, 3.55228803528e-06, 2.26110228141e-06, 2.56102589447e-06, 1.89227910141e-06, 3.84841200685e-07, 2.47381535701e-07, 3.95562381073e-07, 4.04617310323e-07, 3.31920631425e-07, 1.48930283217e-07, 1.91052635046e-07, 9.95191982156e-08, 6.61854500095e-08, 4.47128023495e-08, 7.84881848404e-08, 1.63477608339e-07, 1.60534710858e-07, 1.75828319016e-07, 1.59751909479e-08, 2.97972091445e-10],
        "dvar2": [2.08329347515e-05, 0.00249315262772, 0.00160284468438, 0.000106142630102, 1.08126369014e-05, 1.62006858773e-06, 5.5236296248e-06, 5.55002770852e-06, 5.17164335179e-06, 4.40209623775e-06, 3.41457052855e-06, 1.04137461676e-06, 6.76333058891e-07, 8.89874741006e-07, 9.08692470603e-07, 9.08561446522e-07, 3.8333161001e-07, 4.32561023445e-07, 2.11336342204e-07, 1.58168163011e-07, 9.76436638211e-08, 1.77392664114e-07, 3.88551114838e-07, 3.57725582489e-07, 3.93457469272e-07, 3.26886926416e-08, 7.69581454119e-10],
        "max": [0.0317883267999, 0.326523810625, 0.148512750864, 0.0417127758265, 0.0418396964669, 0.0139291621745, 0.0196940973401, 0.0587129369378, 0.0198641233146, 0.0267524365336, 0.0240219905972, 0.00500034447759, 0.00359264947474, 0.00789239164442, 0.00711105298251, 0.00908614229411, 0.00379384239204, 0.00557172857225, 0.00734460260719, 0.00249176193029, 0.00187457294669, 0.00260429852642, 0.0032305365894, 0.00287545006722, 0.00288705620915, 0.000966615683865, 0.000209205856663],
        "mean": [0.0047159967944, 0.0582952946424, 0.0051328795962, 0.00195791549049, 0.00177007040475, 0.000951509573497, 0.00183026562445, 0.00133633287624, 0.00106436095666, 0.0017103778664, 0.00130429421552, 0.000465433258796, 0.000356469739927, 0.000373249436961, 0.000486781122163, 0.000268935662461, 0.000282597029582, 0.000368706183508, 0.000168676488101, 0.000160411582328, 0.000179111433681, 0.000206627344596, 0.000248686032137, 0.00026870376314, 0.000245097355219, 9.78584284894e-05, 7.37358823244e-06],
        "median": [0.000823658425361, 0.0316771529615, 0.000535423692781, 0.000615984259639, 0.000586040492635, 0.000646124768537, 0.00088494369993, 0.000386508298106, 0.000397401570808, 0.000392683898099, 0.00032176572131, 0.000175915993168, 0.000157985137776, 0.000142367614899, 0.000111603403639, 7.1539558121e-05, 0.000100807148556, 0.000128717219923, 5.4502277635e-05, 4.37680901086e-05, 5.22582631675e-05, 7.20276148058e-05, 6.42109662294e-05, 5.55188853468e-05, 4.07890547649e-05, 2.64804475592e-05, 7.32483272259e-07],
        "min": [1.46677073293e-23, 1.75435565573e-23, 6.0392824321e-24, 1.80575215252e-23, 3.07944444573e-23, 4.69694220074e-23, 3.66616416161e-23, 4.345504983e-23, 5.86561060174e-23, 6.79984027022e-23, 7.59431344746e-23, 5.05577388505e-23, 6.74646341702e-23, 1.88552877234e-22, 1.85025722354e-22, 1.35116600717e-22, 1.16963308323e-22, 1.89972776376e-22, 3.00450183932e-22, 4.81495553972e-22, 5.48947377041e-22, 5.32002493336e-22, 5.54278410686e-22, 9.36047961312e-22, 1.01174215653e-21, 1.55486620023e-21, 2.12312120668e-21],
        "stdev": [0.0065067159012, 0.084333114326, 0.0182720907032, 0.00474009243771, 0.00347427814268, 0.00109923526179, 0.00250336318277, 0.00466151442379, 0.00193133368157, 0.00337346061133, 0.0029222057201, 0.000748154358007, 0.000511235033628, 0.000690147280693, 0.00097365770489, 0.00053987413412, 0.000421654927777, 0.000597114965785, 0.00036441985867, 0.000291254633339, 0.000272986857453, 0.000325329747284, 0.000428078463301, 0.000441990268882, 0.000446736899903, 0.000154584136908, 1.73724492925e-05],
        "var": [4.23373494414e-05, 0.00711207371205, 0.000333869276801, 2.24684772547e-05, 1.20706090456e-05, 1.20831805361e-06, 6.26682731308e-06, 2.17297183553e-05, 3.73004991161e-06, 1.13802370834e-05, 8.53928577271e-06, 5.59734928629e-07, 2.61361236653e-07, 4.76303256391e-07, 9.48009301283e-07, 2.91464090196e-07, 1.77792870204e-07, 3.56546308922e-07, 1.32801829977e-07, 8.48292671662e-08, 7.45218287079e-08, 1.05839447428e-07, 1.83251160024e-07, 1.95355397636e-07, 1.99573861437e-07, 2.38962538646e-08, 3.01801972302e-10]
    },
    "erbbands": {
        "dmean": [1.25588417053, 4.61564254761, 8.46441173553, 8.74628162384, 5.35479450226, 3.34942126274, 2.85546326637, 4.85751438141, 9.62344360352, 19.0668983459, 16.3772697449, 16.3168087006, 23.3098297119, 29.3405456543, 24.5524196625, 14.9693565369, 12.1639261246, 17.2449092865, 17.2168140411, 12.7627725601, 12.8336277008, 11.5442657471, 12.5818424225, 9.75023555756, 6.6789150238, 6.0655465126, 5.71132898331, 5.76835870743, 6.47270393372, 6.79935884476, 6.30340576172, 4.74982357025, 4.44292497635, 2.88426136971, 1.59202122688, 0.495551198721, 0.124059401453, 0.0233233179897, 0.000738859758712, 4.2499981646e-05],
        "dmean2": [1.52758991718, 6.86888933182, 15.0232133865, 16.3000411987, 9.0903635025, 5.52622556686, 4.51462554932, 7.7278547287, 14.9042730331, 29.9382381439, 25.3753547668, 25.5386562347, 37.549533844, 43.1592330933, 38.4635658264, 25.481174469, 20.3743591309, 27.8064670563, 27.3172931671, 21.4309940338, 22.0407962799, 19.2174301147, 20.2170848846, 15.6460170746, 10.8292665482, 9.83127975464, 8.92458820343, 8.93582820892, 10.270904541, 10.1593980789, 9.67770004272, 7.3532500267, 6.91502094269, 4.45331382751, 2.41421484947, 0.734222888947, 0.180235609412, 0.0351273976266, 0.00115530705079, 5.42503221368e-05],
        "dvar": [4.64618682861, 73.9296798706, 557.633544922, 672.299804688, 115.251113892, 42.9166755676, 23.4860248566, 56.9375, 268.70916748, 944.33203125, 2587.18725586, 998.571777344, 2086.36669922, 2608.15966797, 2039.37695312, 697.821533203, 453.430297852, 1057.70336914, 1470.88256836, 945.842407227, 788.883056641, 476.677978516, 472.405334473, 352.350189209, 188.175460815, 112.109603882, 93.9357681274, 77.0994567871, 108.806045532, 121.496398926, 122.193946838, 60.6113471985, 53.5502243042, 24.6750183105, 7.26866483688, 0.666908919811, 0.0387346148491, 0.00190126546659, 2.82405812868e-06, 3.08214986866e-09],
        "dvar2": [4.60616827011, 122.239082336, 1528.02001953, 1923.36486816, 298.899810791, 100.195960999, 58.64320755, 138.951629639, 605.551330566, 2174.55859375, 3937.54736328, 2209.56835938, 4757.83349609, 4421.74902344, 3877.10961914, 1873.40026855, 1224.94799805, 2282.32958984, 3357.96362305, 2470.97119141, 2118.02661133, 1211.91479492, 1119.02636719, 758.733764648, 401.129272461, 259.215026855, 213.575042725, 175.405761719, 249.709716797, 282.580718994, 287.416992188, 136.100524902, 118.617584229, 55.9808349609, 16.0491790771, 1.50691890717, 0.0744623318315, 0.00419180141762, 6.96678989698e-06, 4.46254544428e-09],
        "max": [15.7970151901, 59.4732589722, 143.34576416, 161.150497437, 149.468948364, 97.2611541748, 70.7202453613, 124.267150879, 255.330871582, 431.872772217, 1616.12609863, 507.620483398, 818.272766113, 1003.84411621, 647.663574219, 219.191589355, 180.716262817, 436.363037109, 443.424926758, 464.911376953, 347.377471924, 229.327529907, 278.324005127, 384.226257324, 272.458221436, 113.632568359, 86.8270568848, 89.0349502563, 89.3143081665, 74.8705368042, 98.0978164673, 49.1582756042, 58.6572761536, 36.339099884, 18.7527618408, 6.86328744888, 1.52727150917, 0.470036923885, 0.0201690047979, 0.000484917167341],
        "mean": [2.55718708038, 9.54885578156, 7.26080560684, 6.67451143265, 7.2161450386, 4.63585948944, 5.03614425659, 8.20771884918, 19.1959629059, 32.7979850769, 32.2324676514, 25.1988105774, 35.9033966064, 61.6031684875, 44.861415863, 22.3010501862, 15.9214067459, 22.2996177673, 26.363199234, 16.6888980865, 15.755815506, 15.3523597717, 18.4410762787, 13.9063014984, 8.33808517456, 7.44129657745, 7.1543211937, 7.1552491188, 7.46610975266, 7.71804618835, 6.76417779922, 5.25264024734, 4.73756456375, 2.92873501778, 1.57546389103, 0.550222933292, 0.15845990181, 0.0289510954171, 0.000881385814864, 0.000118957905215],
        "median": [1.33766210079, 3.8877863884, 2.0987944603, 2.06250882149, 2.00129103661, 1.62244594097, 3.43640232086, 4.98904895782, 8.8761548996, 16.5321102142, 8.72336196899, 9.61918735504, 10.5676927567, 17.1445293427, 15.1006097794, 9.71830844879, 7.8077082634, 9.73835086823, 5.8772482872, 5.84750795364, 5.35873985291, 5.55620622635, 6.64630317688, 5.73609399796, 2.62772059441, 2.27654361725, 2.09912514687, 1.84600293636, 2.4411342144, 2.3628757, 1.61044871807, 1.35642445087, 0.88956707716, 0.530248165131, 0.238200053573, 0.115218780935, 0.0418389253318, 0.00601055379957, 0.000200960217626, 7.95899686636e-05],
        "min": [5.40256881413e-22, 3.73552583586e-21, 8.63034045346e-21, 2.87976338665e-20, 7.53325920808e-20, 9.67833046818e-20, 1.21411579907e-19, 5.41193875906e-19, 3.4543667256e-19, 1.04666637065e-18, 9.65238814547e-19, 1.50737836469e-18, 1.55445373034e-18, 3.98742124768e-18, 1.50310918215e-18, 2.3843472885e-18, 3.63747587209e-18, 6.63189078264e-18, 8.132456798e-18, 1.28449312175e-17, 7.02439046484e-18, 7.15289131864e-18, 1.0160685462e-17, 1.39020622501e-17, 1.72700803153e-17, 2.23987026835e-17, 1.93382981989e-17, 2.21389613538e-17, 1.73785700157e-17, 1.72327496543e-17, 1.58844436014e-17, 2.05602176715e-17, 1.52395223107e-17, 1.19296451164e-17, 7.20118046844e-18, 5.01118133281e-18, 3.01336437761e-18, 1.28073222102e-18, 2.62239389387e-19, 3.21713804677e-20],
        "stdev": [3.85807061195, 14.2244529724, 19.5981674194, 19.8701820374, 15.2835788727, 8.0156583786, 5.73963975906, 9.97169876099, 28.8652877808, 45.1875343323, 127.802429199, 44.6472892761, 68.1238555908, 117.58631134, 88.3025360107, 33.7860069275, 22.1499118805, 38.4353103638, 57.4001579285, 30.0444469452, 28.9671230316, 23.9361953735, 28.2757854462, 23.2005996704, 16.4763278961, 12.6635894775, 12.1213779449, 11.0457754135, 11.7868337631, 12.4596128464, 11.6776685715, 8.61381626129, 8.02627182007, 5.25212335587, 2.89939570427, 0.92085146904, 0.249187394977, 0.0520347543061, 0.00176678341813, 0.000106471467006],
        "var": [14.8847084045, 202.335067749, 384.088134766, 394.82409668, 233.587783813, 64.2507858276, 32.9434623718, 99.4347686768, 833.204833984, 2041.91320801, 16333.4599609, 1993.38049316, 4640.859375, 13826.5410156, 7797.33789062, 1141.49414062, 490.618621826, 1477.27294922, 3294.77807617, 902.668823242, 839.094177246, 572.941467285, 799.520019531, 538.267822266, 271.469390869, 160.366500854, 146.927810669, 122.009147644, 138.929458618, 155.241943359, 136.367950439, 74.1978225708, 64.4210357666, 27.5848007202, 8.40649604797, 0.84796744585, 0.0620943568647, 0.00270761549473, 3.12152360493e-06, 1.13361737775e-08]
    },
    "gfcc": {
        "mean": [8.67922592163, 79.3757553101, -107.361068726, 21.4703807831, -59.1877479553, 23.6890125275, -29.4864234924, 18.7413578033, -14.6746463776, 6.6092672348, -7.99261331558, 8.18548774719, -9.69388771057],
        "cov": [[7366.62939453, -1430.86633301, 2315.29248047, 1151.89196777, 665.601806641, 1263.4519043, 156.398544312, 831.430603027, -278.967437744, 485.801605225, -488.253387451, 319.334594727, -347.974273682], [-1430.86633301, 1656.13684082, 65.696144104, 156.628585815, 375.83380127, -30.5606040955, 379.733947754, -52.9633483887, 307.686035156, -83.8073196411, 250.042480469, -124.097961426, 155.053283691], [2315.29248047, 65.696144104, 2338.77954102, 1000.71166992, 711.489257812, 857.107299805, 373.622497559, 530.677124023, 4.70125818253, 389.033843994, -65.1145477295, 176.812591553, -89.9422073364], [1151.89196777, 156.628585815, 1000.71166992, 819.522949219, 429.415252686, 436.519592285, 212.480041504, 230.039840698, 15.4516038895, 128.271499634, -8.87950611115, 24.9635467529, 28.8003692627], [665.601806641, 375.83380127, 711.489257812, 429.415252686, 630.540710449, 375.911315918, 320.978149414, 222.249099731, 158.921203613, 123.840026855, 32.1777267456, 83.5882797241, 19.2803592682], [1263.4519043, -30.5606040955, 857.107299805, 436.519592285, 375.911315918, 492.825622559, 218.180755615, 266.249908447, 37.762966156, 183.36680603, -47.3714599609, 78.5648574829, -23.8393383026], [156.398544312, 379.733947754, 373.622497559, 212.480041504, 320.978149414, 218.180755615, 326.065704346, 150.32661438, 161.786346436, 78.7283477783, 54.2290000916, 28.2083759308, 32.1931190491], [831.430603027, -52.9633483887, 530.677124023, 230.039840698, 222.249099731, 266.249908447, 150.32661438, 248.725036621, 62.4475669861, 129.847412109, -25.7597332001, 78.5975189209, -16.2313938141], [-278.967437744, 307.686035156, 4.70125818253, 15.4516038895, 158.921203613, 37.762966156, 161.786346436, 62.4475669861, 209.022857666, 46.0387954712, 86.3847808838, 11.5741090775, 56.5583953857], [485.801605225, -83.8073196411, 389.033843994, 128.271499634, 123.840026855, 183.36680603, 78.7283477783, 129.847412109, 46.0387954712, 171.106338501, 19.9010658264, 71.7552337646, -1.90035283566], [-488.253387451, 250.042480469, -65.1145477295, -8.87950611115, 32.1777267456, -47.3714599609, 54.2290000916, -25.7597332001, 86.3847808838, 19.9010658264, 160.75378418, 19.3733768463, 49.7659797668], [319.334594727, -124.097961426, 176.812591553, 24.9635467529, 83.5882797241, 78.5648574829, 28.2083759308, 78.5975189209, 11.5741090775, 71.7552337646, 19.3733768463, 145.407348633, 13.3212738037], [-347.974273682, 155.053283691, -89.9422073364, 28.8003692627, 19.2803592682, -23.8393383026, 32.1931190491, -16.2313938141, 56.5583953857, -1.90035283566, 49.7659797668, 13.3212738037, 126.361732483]],
        "icov": [[0.000473182299174, 2.93446573778e-05, 0.000204330557608, -0.000429406820331, 6.79818258504e-05, -0.000720270967577, 0.000329146452714, -0.000707057944965, 0.000201863920665, -0.000244298018515, 0.000723288336303, -0.000592302065343, 0.000872967822943], [2.93446573778e-05, 0.00204483815469, -0.000814551836811, 0.000504706287757, -0.000908921007067, 0.000658098200802, -0.00148493528832, 0.000870786549058, -0.000886324443854, 0.00195224268828, -0.00196134485304, 0.00206461641937, -0.00138926785439], [0.000204330557608, -0.000814551836811, 0.00236793095246, -0.00163588079158, 4.9261150707e-05, -0.00124796654563, 0.000313294265652, -0.00163147773128, 0.00168621144257, -0.00269954488613, 0.000970902969129, -0.0013952802401, 0.00205753394403], [-0.000429406820331, 0.000504706287757, -0.00163588079158, 0.0045976312831, -0.00160889746621, -0.000726833706722, -4.1760977183e-05, -3.09409915644e-06, 0.00114268937614, 0.0022264549043, -0.00251695746556, 0.00338930403814, -0.00373949157074], [6.79818258504e-05, -0.000908921007067, 4.9261150707e-05, -0.00160889746621, 0.00592744862661, -0.00264760339633, -0.00147902348544, 0.000915078388061, -0.00274066254497, 0.00107695220504, 0.00142613216303, -0.00356628536247, 0.00185190711636], [-0.000720270967577, 0.000658098200802, -0.00124796654563, -0.000726833706722, -0.00264760339633, 0.0124366041273, -0.0035288259387, -0.00204179016873, 0.00213552825153, -0.0041526844725, 0.000934626848903, 0.00229186494835, -0.00175460299943], [0.000329146452714, -0.00148493528832, 0.000313294265652, -4.1760977183e-05, -0.00147902348544, -0.0035288259387, 0.0110529754311, -0.00286035845056, -0.00382519769482, 0.000783331517596, 0.000192423438421, -0.00040713881026, 0.00102860818151], [-0.000707057944965, 0.000870786549058, -0.00163147773128, -3.09409915644e-06, 0.000915078388061, -0.00204179016873, -0.00286035845056, 0.0160235483199, -0.00562172150239, -0.000758004200179, 0.00199760240503, -0.00270162150264, 8.89192815521e-05], [0.000201863920665, -0.000886324443854, 0.00168621144257, 0.00114268937614, -0.00274066254497, 0.00213552825153, -0.00382519769482, -0.00562172150239, 0.0153584461659, -0.0048639671877, -0.00290453108028, 0.00254208082333, -0.00241480837576], [-0.000244298018515, 0.00195224268828, -0.00269954488613, 0.0022264549043, 0.00107695220504, -0.0041526844725, 0.000783331517596, -0.000758004200179, -0.0048639671877, 0.0180236175656, -0.00547726731747, -0.000601975712925, -0.00207317015156], [0.000723288336303, -0.00196134485304, 0.000970902969129, -0.00251695746556, 0.00142613216303, 0.000934626848903, 0.000192423438421, 0.00199760240503, -0.00290453108028, -0.00547726731747, 0.014255380258, -0.00560335256159, 0.00202359165996], [-0.000592302065343, 0.00206461641937, -0.0013952802401, 0.00338930403814, -0.00356628536247, 0.00229186494835, -0.00040713881026, -0.00270162150264, 0.00254208082333, -0.000601975712925, -0.00560335256159, 0.0147688183933, -0.00569389620796], [0.000872967822943, -0.00138926785439, 0.00205753394403, -0.00373949157074, 0.00185190711636, -0.00175460299943, 0.00102860818151, 8.89192815521e-05, -0.00241480837576, -0.00207317015156, 0.00202359165996, -0.00569389620796, 0.0143280392513]]
    },
    "melbands": {
        "dmean": [0.00881438329816, 0.00403337227181, 0.00137217110023, 0.000281304965029, 0.000104051650851, 0.000110116619908, 0.000157152651809, 0.000192706487724, 0.000133951427415, 0.000101589219412, 0.000119016636745, 0.000121527540614, 0.000104620652564, 4.11947330576e-05, 3.20880317304e-05, 3.01410873362e-05, 3.12586016662e-05, 2.77521066891e-05, 1.87843197637e-05, 1.72120890056e-05, 1.50159012264e-05, 1.29346999529e-05, 1.03131651485e-05, 1.43130928336e-05, 7.61138880989e-06, 5.33278353032e-06, 4.6696386562e-06, 4.02170007874e-06, 3.67659049516e-06, 3.46679598806e-06, 3.41732197739e-06, 3.53836412614e-06, 3.61816910299e-06, 4.23972505814e-06, 4.11277051171e-06, 2.84825432573e-06, 3.00107490148e-06, 3.53209748027e-06, 2.68276107818e-06, 2.277200565e-06],
        "dmean2": [0.0111431898549, 0.00654348544776, 0.0025319501292, 0.000474398344522, 0.000164296478033, 0.000173306340002, 0.000246437441092, 0.000302955595544, 0.000207191769732, 0.00016166412388, 0.000191643135622, 0.000177745372639, 0.000156662572408, 7.07043218426e-05, 5.36048319191e-05, 5.10107493028e-05, 5.04370764247e-05, 4.49921644758e-05, 3.01135787595e-05, 2.94812816719e-05, 2.59470070887e-05, 2.15164891415e-05, 1.68540227605e-05, 2.28344688367e-05, 1.23508580145e-05, 8.57818031363e-06, 7.82068673288e-06, 6.53648839943e-06, 5.91543039263e-06, 5.44743579667e-06, 5.301123565e-06, 5.68928908251e-06, 5.62438071938e-06, 6.44451392873e-06, 6.5048407123e-06, 4.24508107244e-06, 4.81990673507e-06, 5.59394356969e-06, 4.19843627242e-06, 3.56931241186e-06],
        "dvar": [0.000235466883169, 7.35178182367e-05, 1.46365255205e-05, 3.22653420426e-07, 2.72285713976e-08, 2.84727512678e-08, 6.9550146975e-08, 8.99677630173e-08, 1.68369084008e-07, 3.71525388232e-08, 5.25951762143e-08, 4.86948934508e-08, 3.91966352709e-08, 5.37561772873e-09, 3.75063979874e-09, 2.66718580555e-09, 3.57014151575e-09, 3.8888585685e-09, 1.55932977641e-09, 1.81157178147e-09, 1.03066422064e-09, 6.0008759073e-10, 3.70277142281e-10, 7.60314367021e-10, 2.3769813895e-10, 1.36862965405e-10, 7.79516937111e-11, 5.41031698609e-11, 5.00576524676e-11, 2.9228567483e-11, 2.91732332736e-11, 3.32671945547e-11, 3.54251246393e-11, 5.14651724015e-11, 5.72354004469e-11, 2.30691663688e-11, 2.58348932525e-11, 3.55979516697e-11, 2.11627746577e-11, 1.6335027081e-11],
        "dvar2": [0.000252961035585, 0.000176543966518, 4.15331596741e-05, 7.71746556438e-07, 6.64969022068e-08, 6.89030486001e-08, 1.61890653771e-07, 2.05923669228e-07, 2.76724790638e-07, 8.37610087956e-08, 1.19447562952e-07, 7.75954518417e-08, 6.85325289851e-08, 1.47824366081e-08, 1.00388390933e-08, 6.86670453831e-09, 7.61923768522e-09, 9.12225406324e-09, 3.79557052455e-09, 4.88986318103e-09, 2.77721645681e-09, 1.52616996818e-09, 8.74531558281e-10, 1.68464975303e-09, 5.23816490183e-10, 2.81458967244e-10, 1.89429069652e-10, 1.25940577411e-10, 1.23196772228e-10, 6.58636131745e-11, 6.95917351523e-11, 7.52588477648e-11, 8.33784499776e-11, 1.22661616975e-10, 1.38584005382e-10, 5.08688230427e-11, 6.06355937682e-11, 8.19027068388e-11, 4.72308823996e-11, 3.7690177368e-11],
        "max": [0.110630989075, 0.0631773620844, 0.0237270276994, 0.0101338373497, 0.00245814002119, 0.00308299646713, 0.00399999599904, 0.00395234674215, 0.012180888094, 0.00276814075187, 0.00405057193711, 0.00444833701476, 0.00331664551049, 0.000635905133095, 0.000805813993793, 0.000451492291177, 0.00077594735194, 0.000676724361256, 0.00040997294127, 0.000660095363855, 0.000365375424735, 0.000256282946793, 0.000186730132555, 0.000428193277912, 0.000329544243868, 0.000237747444771, 0.000134775080369, 7.45568904676e-05, 7.25821300875e-05, 4.56416673842e-05, 6.32150040474e-05, 4.91827740916e-05, 4.9145975936e-05, 4.96279026265e-05, 6.41868173261e-05, 5.24628449057e-05, 3.41586455761e-05, 5.0800954341e-05, 5.1132930821e-05, 2.81970187643e-05],
        "mean": [0.0191417448223, 0.00630183331668, 0.0011737185996, 0.000411416200222, 0.000176438174094, 0.000188832127606, 0.000319450453389, 0.00033063304727, 0.000254186015809, 0.000149095780216, 0.000179575275979, 0.000251563847996, 0.000189941201825, 5.64860783925e-05, 4.19459320256e-05, 3.77527867386e-05, 3.90186105506e-05, 3.97872681788e-05, 2.74721060123e-05, 1.96431956283e-05, 1.77748588612e-05, 1.60335948749e-05, 1.38781988426e-05, 2.0546700398e-05, 1.00258830571e-05, 6.18983403911e-06, 5.52113624508e-06, 4.71685643788e-06, 4.48208766102e-06, 4.10157508668e-06, 4.16117973145e-06, 4.06843673773e-06, 4.16231841882e-06, 4.5124065764e-06, 4.11091605201e-06, 3.34986384587e-06, 3.10835002892e-06, 3.55546262654e-06, 2.88565752271e-06, 2.26250062951e-06],
        "median": [0.0107349930331, 0.00228856527247, 0.000360110279871, 0.000124970974866, 0.00012240500655, 0.000115749317047, 0.000150924301124, 0.000163535223692, 6.80214216118e-05, 5.57415478397e-05, 4.64326403744e-05, 6.529885286e-05, 5.01334397995e-05, 2.22621201829e-05, 1.75545847014e-05, 1.74514789251e-05, 1.55822726811e-05, 7.89288151282e-06, 7.28587110643e-06, 6.09859353062e-06, 4.96070288136e-06, 5.4784322856e-06, 4.1133475861e-06, 6.77191337672e-06, 3.89262822864e-06, 1.7259502556e-06, 1.55884754349e-06, 1.33121591261e-06, 1.15341038054e-06, 1.0842508118e-06, 1.01191392332e-06, 1.26217366869e-06, 1.31308638629e-06, 1.23239396999e-06, 8.53938104228e-07, 9.0927352403e-07, 7.06069499756e-07, 5.8401434444e-07, 6.02793306825e-07, 3.60277738309e-07],
        "min": [4.78913432369e-24, 4.65021670714e-24, 6.91365585945e-24, 6.26478976034e-24, 4.72890203256e-24, 1.1128987749e-23, 5.92317393977e-24, 1.14370379325e-23, 7.69348115186e-24, 9.12500652618e-24, 7.36795927704e-24, 1.58207001175e-23, 6.68934641649e-24, 4.67803707026e-24, 6.90630525353e-24, 7.90378279172e-24, 1.36210009264e-23, 1.43834002814e-23, 1.39666892414e-23, 1.41712708508e-23, 7.51088982902e-24, 6.9960381815e-24, 1.00465546245e-23, 7.34019926179e-24, 1.1857608869e-23, 1.07521623052e-23, 1.73652708373e-23, 1.38603665685e-23, 1.1437846515e-23, 1.26872089179e-23, 1.25984502332e-23, 8.24272871256e-24, 1.16358719014e-23, 8.7391210149e-24, 7.06739696127e-24, 1.45638664129e-23, 1.14380642406e-23, 1.1036844851e-23, 8.15238205081e-24, 1.1539511753e-23],
        "stdev": [0.0278971493244, 0.0101616047323, 0.00301854731515, 0.000842510256916, 0.000199311049073, 0.000230820471188, 0.000456955895061, 0.000455461413367, 0.000978992786258, 0.000257068313658, 0.000342729559634, 0.000514693383593, 0.000422076554969, 8.79214712768e-05, 6.62320380798e-05, 5.63544563192e-05, 6.99946685927e-05, 8.788350533e-05, 4.89857666253e-05, 3.89461420127e-05, 3.3735865145e-05, 2.71310964308e-05, 2.26443717111e-05, 3.8204696466e-05, 1.81774139492e-05, 1.38145051096e-05, 1.00221423054e-05, 8.50606647873e-06, 8.23482787382e-06, 6.66534788252e-06, 6.56475413052e-06, 6.61005196889e-06, 6.63787113808e-06, 7.72965722717e-06, 7.56004055802e-06, 5.54832831767e-06, 5.32070362169e-06, 6.31319517197e-06, 4.96875736644e-06, 4.19827074438e-06],
        "var": [0.000778250978328, 0.000103258214949, 9.11162806005e-06, 7.09823495981e-07, 3.97248953732e-08, 5.32780894957e-08, 2.08808700108e-07, 2.07445097544e-07, 9.58426767284e-07, 6.60841124045e-08, 1.17463557103e-07, 2.64909289172e-07, 1.78148624741e-07, 7.73018449252e-09, 4.38668301683e-09, 3.17582471432e-09, 4.89925344738e-09, 7.72351071987e-09, 2.39960518122e-09, 1.5168019063e-09, 1.13810860736e-09, 7.36096406051e-10, 5.12767550642e-10, 1.4595988862e-09, 3.3041835934e-10, 1.90840551695e-10, 1.00443341144e-10, 7.23531720648e-11, 6.78123876496e-11, 4.44268614952e-11, 4.30959955222e-11, 4.36927889702e-11, 4.40613309727e-11, 5.97475957598e-11, 5.71542119188e-11, 3.07839483071e-11, 2.83098874204e-11, 3.98564341253e-11, 2.46885498156e-11, 1.76254774664e-11]
    },
    "melbands128": {
