{
"lowlevel": {
    "average_loudness": 0.764970064163,
    "barkbands_crest": {
        "dmean": 2.23893737793,
        "dmean2": 3.40059566498,
        "dvar": 5.72804260254,
        "dvar2": 13.0260877609,
        "max": 26.0881824493,
        "mean": 12.3157291412,
        "median": 11.1880331039,
        "min": 3.19693350792,
        "stdev": 5.72015714645,
        "var": 32.7201957703
    },
    "barkbands_flatness_db": {
        "dmean": 0.0254738684744,
        "dmean2": 0.0382998585701,
        "dvar": 0.000805769930594,
        "dvar2": 0.00150587619282,
        "max": 0.496388286352,
        "mean": 0.175845637918,
        "median": 0.1703222543,
        "min": 0.0440161600709,
        "stdev": 0.06556738168,
        "var": 0.00429908139631
    },
    "barkbands_kurtosis": {
        "dmean": 6.23215675354,
        "dmean2": 9.77442550659,
        "dvar": 224.88230896,
        "dvar2": 502.878326416,
        "max": 256.473907471,
        "mean": 9.96309185028,
        "median": 2.54272890091,
        "min": -1.90939950943,
        "stdev": 22.4919834137,
        "var": 505.889343262
    },
    "barkbands_skewness": {
        "dmean": 0.728010773659,
        "dmean2": 1.10579586029,
        "dvar": 0.821784079075,
        "dvar2": 1.70663392544,
        "max": 13.5920753479,
        "mean": 2.17179918289,
        "median": 1.68379414082,
        "min": -2.36256670952,
        "stdev": 2.0121588707,
        "var": 4.04878377914
    },
    "barkbands_spread": {
        "dmean": 8.02529239655,
        "dmean2": 13.2790279388,
        "dvar": 128.091751099,
        "dvar2": 309.543731689,
        "max": 118.998336792,
        "mean": 22.3540077209,
        "median": 18.511264801,
        "min": 0.356857329607,
        "stdev": 16.4387226105,
        "var": 270.231628418
    },
    "dissonance": {
        "dmean": 0.0199679005891,
        "dmean2": 0.033325754106,
        "dvar": 0.000488891557325,
        "dvar2": 0.00127208244521,
        "max": 0.499996751547,
        "mean": 0.463277935982,
        "median": 0.469564795494,
        "min": 0.211026936769,
        "stdev": 0.0267909169197,
        "var": 0.000717753195204
    },
    "dynamic_complexity": 4.63859224319,
    "erbbands_crest": {
        "dmean": 2.51043009758,
        "dmean2": 4.05000114441,
        "dvar": 4.35561752319,
        "dvar2": 11.4165239334,
        "max": 23.5700645447,
        "mean": 8.7653427124,
        "median": 8.07638263702,
        "min": 3.12521266937,
        "stdev": 3.38173770905,
        "var": 11.4361495972
    },
    "erbbands_flatness_db": {
        "dmean": 0.0180292725563,
        "dmean2": 0.0275109149516,
        "dvar": 0.000296211743262,
        "dvar2": 0.000600256724283,
        "max": 0.316441804171,
        "mean": 0.16290988028,
        "median": 0.155440911651,
        "min": 0.059483230114,
        "stdev": 0.0535612478852,
        "var": 0.00286880717613
    },
    "erbbands_kurtosis": {
        "dmean": 0.878188490868,
        "dmean2": 1.41673636436,
        "dvar": 1.20038974285,
        "dvar2": 2.98142027855,
        "max": 15.7208576202,
        "mean": 0.198187127709,
        "median": -0.157274007797,
        "min": -1.78294789791,
        "stdev": 1.55740070343,
        "var": 2.42549681664
    },
    "erbbands_skewness": {
        "dmean": 0.399625509977,
        "dmean2": 0.62622231245,
        "dvar": 0.14175337553,
        "dvar2": 0.32225883007,
        "max": 3.33731293678,
        "mean": 0.0725142210722,
        "median": 0.137806594372,
        "min": -2.34512114525,
        "stdev": 0.806455850601,
        "var": 0.650371074677
    },
    "erbbands_spread": {
        "dmean": 12.5472812653,
        "dmean2": 20.0445556641,
        "dvar": 273.435211182,
        "dvar2": 608.086730957,
        "max": 194.480300903,
        "mean": 45.3146133423,
        "median": 39.5196266174,
        "min": 9.90062618256,
        "stdev": 25.3038825989,
        "var": 640.286499023
    },
    "hfc": {
        "dmean": 12.5955152512,
        "dmean2": 20.6708812714,
        "dvar": 485.128631592,
        "dvar2": 1131.85827637,
        "max": 191.579406738,
        "mean": 23.7246856689,
        "median": 14.1662855148,
        "min": 1.10212419851e-16,
        "stdev": 29.2741832733,
        "var": 856.977783203
    },
    "loudness_ebu128": {
        "integrated": -9.96980667114,
        "loudness_range": 9.92821121216,
        "momentary": {
            "dmean": 0.774519920349,
            "dmean2": 0.833349049091,
            "dvar": 0.708307445049,
            "dvar2": 0.978651463985,
            "max": -6.01934051514,
            "mean": -12.0014200211,
            "median": -10.3441667557,
            "min": -21.7101039886,
            "stdev": 4.70121955872,
            "var": 22.1014652252
        },
        "short_term": {
            "dmean": 0.130509644747,
            "dmean2": 0.117162078619,
            "dvar": 0.0440919734538,
            "dvar2": 0.0535341650248,
            "max": -7.85738039017,
            "mean": -11.3477544785,
            "median": -8.89480304718,
            "min": -19.308889389,
            "stdev": 4.08215713501,
            "var": 16.6640071869
        }
    },
    "melbands_crest": {
        "dmean": 2.76233744621,
        "dmean2": 4.30971479416,
        "dvar": 8.15941810608,
        "dvar2": 19.4137458801,
        "max": 37.1173934937,
        "mean": 18.6629524231,
        "median": 17.2245121002,
        "min": 1.75819087029,
        "stdev": 8.41091918945,
        "var": 70.743560791
    },
    "melbands_flatness_db": {
        "dmean": 0.0292665343732,
        "dmean2": 0.0426819995046,
        "dvar": 0.00119442166761,
        "dvar2": 0.00204249890521,
        "max": 0.62271887064,
        "mean": 0.237583875656,
        "median": 0.234441414475,
        "min": 0.00432561244816,
        "stdev": 0.0905203893781,
        "var": 0.00819394085556
    },
    "melbands_kurtosis": {
        "dmean": 15.2784051895,
        "dmean2": 23.0646514893,
        "dvar": 1276.80041504,
        "dvar2": 2867.39331055,
        "max": 601.403198242,
        "mean": 29.4720096588,
        "median": 9.78064918518,
        "min": -1.74102246761,
        "stdev": 56.3610954285,
        "var": 3176.57324219
    },
    "melbands_skewness": {
        "dmean": 0.968011140823,
        "dmean2": 1.4131616354,
        "dvar": 1.69790053368,
        "dvar2": 3.54647111893,
        "max": 21.1198158264,
        "mean": 3.68130230904,
        "median": 2.88999414444,
        "min": -0.182041287422,
        "stdev": 2.87135076523,
        "var": 8.24465465546
    },
    "melbands_spread": {
        "dmean": 9.3422164917,
        "dmean2": 14.8300962448,
        "dvar": 298.409332275,
        "dvar2": 628.782836914,
        "max": 214.172012329,
        "mean": 24.3145656586,
        "median": 17.0716381073,
        "min": 0.445591360331,
        "stdev": 27.3700370789,
        "var": 749.118896484
    },
    "pitch_salience": {
        "dmean": 0.0753701403737,
        "dmean2": 0.119781695306,
        "dvar": 0.00648015644401,
        "dvar2": 0.0153875760734,
        "max": 0.884078145027,
        "mean": 0.460334509611,
        "median": 0.461447924376,
        "min": 0.0699819177389,
        "stdev": 0.170227095485,
        "var": 0.0289772655815
    },
    "silence_rate_20dB": {
        "dmean": 0.0030959751457,
        "dmean2": 0.00619674660265,
        "dvar": 0.00308635784313,
        "dvar2": 0.00925662834197,
        "max": 1,
        "mean": 0.998453199863,
        "median": 1,
        "min": 0,
        "stdev": 0.0392987541854,
        "var": 0.00154439220205
    },
    "silence_rate_30dB": {
        "dmean": 0.0479876175523,
        "dmean2": 0.0960495769978,
        "dvar": 0.0456850342453,
        "dvar2": 0.103864647448,
        "max": 1,
        "mean": 0.788863122463,
        "median": 1,
        "min": 0,
        "stdev": 0.408116489649,
        "var": 0.166559070349
    },
    "silence_rate_60dB": {
        "dmean": 0.0301857590675,
        "dmean2": 0.0604182817042,
        "dvar": 0.0292750410736,
        "dvar2": 0.0691588968039,
        "max": 1,
        "mean": 0.250580042601,
        "median": 0,
        "min": 0,
        "stdev": 0.433346688747,
        "var": 0.187789350748
    },
    "spectral_centroid": {
        "dmean": 296.764648438,
        "dmean2": 451.251464844,
        "dvar": 152823.734375,
        "dvar2": 263715.65625,
        "max": 11456.9287109,
        "mean": 1337.93322754,
        "median": 1146.67529297,
        "min": 141.064575195,
        "stdev": 1038.94165039,
        "var": 1079399.75
    },
    "spectral_complexity": {
        "dmean": 3.032507658,
        "dmean2": 4.43687057495,
        "dvar": 20.4416732788,
        "dvar2": 27.285528183,
        "max": 57,
        "mean": 14.8708429337,
        "median": 13,
        "min": 0,
        "stdev": 8.93698215485,
        "var": 79.869644165
    },
    "spectral_decrease": {
        "dmean": 3.32519256574e-09,
        "dmean2": 4.82030015903e-09,
        "dvar": 7.249880727e-17,
        "dvar2": 1.35580738984e-16,
        "max": 1.02340137607e-28,
        "mean": -1.30276980315e-08,
        "median": -4.87484408396e-09,
        "min": -9.57271169e-08,
        "stdev": 1.73206338161e-08,
        "var": 3.0000437919e-16
    },
    "spectral_energy": {
        "dmean": 0.0130937509239,
        "dmean2": 0.0190878361464,
        "dvar": 0.00105555646587,
        "dvar2": 0.00197237217799,
        "max": 0.365270733833,
        "mean": 0.0513213835657,
        "median": 0.0211063977331,
        "min": 9.97942275712e-21,
        "stdev": 0.0663272291422,
        "var": 0.00439930148423
    },
    "spectral_energyband_high": {
        "dmean": 0.00112401065417,
        "dmean2": 0.00188249920029,
        "dvar": 4.0500567593e-06,
        "dvar2": 9.74509930529e-06,
        "max": 0.0187409520149,
        "mean": 0.00140368787106,
        "median": 0.000243837945163,
        "min": 7.1417869359e-21,
        "stdev": 0.00246512144804,
        "var": 6.07682341069e-06
    },
    "spectral_energyband_low": {
        "dmean": 0.0104819349945,
        "dmean2": 0.0153014184907,
        "dvar": 0.000980672426522,
        "dvar2": 0.00192125223111,
        "max": 0.345861017704,
        "mean": 0.0369914248586,
        "median": 0.0013935950119,
        "min": 4.00058691179e-23,
        "stdev": 0.0598162189126,
        "var": 0.00357798021287
    },
    "spectral_energyband_middle_high": {
        "dmean": 0.00194173585624,
        "dmean2": 0.0030126995407,
        "dvar": 2.52621302934e-05,
        "dvar2": 5.13169215992e-05,
        "max": 0.0492695309222,
        "mean": 0.00404448946938,
        "median": 0.00153876561671,
        "min": 1.36417996543e-21,
        "stdev": 0.00660063140094,
        "var": 4.35683359683e-05
    },
    "spectral_energyband_middle_low": {
        "dmean": 0.00590830668807,
        "dmean2": 0.0100812800229,
        "dvar": 0.000362942111678,
        "dvar2": 0.0010182618862,
        "max": 0.185841470957,
        "mean": 0.0102212568745,
        "median": 0.00458650710061,
        "min": 2.47220929761e-22,
        "stdev": 0.0173241011798,
        "var": 0.000300124462228
    },
    "spectral_entropy": {
        "dmean": 0.242098242044,
        "dmean2": 0.368466734886,
        "dvar": 0.07705373317,
        "dvar2": 0.154662415385,
        "max": 9.80878829956,
        "mean": 7.38725709915,
        "median": 7.30892896652,
        "min": 5.55757951736,
        "stdev": 0.632788956165,
        "var": 0.400421828032
    },
    "spectral_flux": {
        "dmean": 0.0293601956218,
        "dmean2": 0.0446455813944,
        "dvar": 0.00304768118076,
        "dvar2": 0.00501272035763,
        "max": 0.581035733223,
        "mean": 0.080884501338,
        "median": 0.0616195648909,
        "min": 6.51775647342e-11,
        "stdev": 0.0868120193481,
        "var": 0.00753632700071
    },
    "spectral_kurtosis": {
        "dmean": 2.55840659142,
        "dmean2": 4.01420974731,
        "dvar": 7.05770397186,
        "dvar2": 16.6625728607,
        "max": 43.826587677,
        "mean": 4.94321489334,
        "median": 4.25436878204,
        "min": -1.40487062931,
        "stdev": 4.35148096085,
        "var": 18.9353847504
    },
    "spectral_rms": {
        "dmean": 0.000766035285778,
        "dmean2": 0.00109542789869,
        "dvar": 2.11586848309e-06,
        "dvar2": 3.83930500902e-06,
        "max": 0.018877543509,
        "mean": 0.00563492486253,
        "median": 0.00453779753298,
        "min": 3.12025990983e-12,
        "stdev": 0.00427987333387,
        "var": 1.83173160622e-05
    },
    "spectral_rolloff": {
        "dmean": 827.496337891,
        "dmean2": 1460.75610352,
        "dvar": 3173536.5,
        "dvar2": 7525967.5,
        "max": 19143.0175781,
        "mean": 1751.16894531,
        "median": 1076.66015625,
        "min": 43.06640625,
        "stdev": 2596.22680664,
        "var": 6740394
    },
    "spectral_skewness": {
        "dmean": 0.348434269428,
        "dmean2": 0.542868614197,
        "dvar": 0.114541307092,
        "dvar2": 0.248827949166,
        "max": 4.9469909668,
        "mean": 1.61135280132,
        "median": 1.62956619263,
        "min": -0.0293641928583,
        "stdev": 0.624247133732,
        "var": 0.38968449831
    },
    "spectral_spread": {
        "dmean": 1363506.375,
        "dmean2": 2097115.375,
        "dvar": 4.47280473702e+12,
        "dvar2": 9.34743638016e+12,
        "max": 42084804,
        "mean": 5669974.5,
        "median": 4648353.5,
        "min": 1519063.25,
        "stdev": 4280407,
        "var": 1.83218837914e+13
    },
    "spectral_strongpeak": {
        "dmean": 0.339469969273,
        "dmean2": 0.563416182995,
        "dvar": 0.603299975395,
        "dvar2": 1.67262578011,
        "max": 12.3325948715,
        "mean": 0.683996737003,
        "median": 0.476536631584,
        "min": 3.69736768979e-10,
        "stdev": 0.830407738686,
        "var": 0.689577043056
    },
    "zerocrossingrate": {
        "dmean": 0.0160804018378,
        "dmean2": 0.0193943344057,
        "dvar": 0.000564329850022,
        "dvar2": 0.000706186576281,
        "max": 0.521484375,
        "mean": 0.0636121332645,
        "median": 0.0478515625,
        "min": 0.001953125,
        "stdev": 0.065253265202,
        "var": 0.00425798818469
    },
    "barkbands": {
        "dmean": [0.000795485044364, 0.00900671537966, 0.00422161258757, 0.00270881201141, 0.00224351673387, 0.000805431394838, 0.000887224159669, 0.000492218998261, 0.000540797947906, 0.000427728780778, 0.000269342155661, 0.000606162822805, 0.0005202430184, 0.000312816933729, 0.000149717830936, 0.000117327901535, 0.000208070938243, 8.943976718e-05, 0.000106873390905, 0.000117251365737, 5.63588328077e-05, 8.56986516737e-05, 0.000244431750616, 0.000456465146272, 0.000276454869891, 8.89354560059e-05, 4.84302290715e-06],
        "dmean2": [0.00105937826447, 0.012926524505, 0.00774142425507, 0.0049367020838, 0.00389502779581, 0.00124857912306, 0.00134126888588, 0.000765151868109, 0.000860433152411, 0.000700515462086, 0.000424284138717, 0.000966566731222, 0.000802595866844, 0.000495639047585, 0.000227053300478, 0.000193019179278, 0.00031253931229, 0.000138115414302, 0.000170211627847, 0.000182157833478, 8.85795016075e-05, 0.000130321917823, 0.000421699456638, 0.000797464512289, 0.000419533549575, 0.000143819706864, 8.84481778485e-06],
        "dvar": [6.20487890046e-06, 0.000759084767196, 0.000436295347754, 0.000102161597169, 4.95979948028e-05, 3.86751753467e-06, 4.29180136052e-06, 1.63386710028e-06, 1.62906451351e-06, 1.10368841888e-06, 4.44565017688e-07, 3.6715719034e-06, 1.5069310848e-06, 4.37740169446e-07, 1.21782406381e-07, 4.68911380835e-08, 1.78423519515e-07, 5.70021505553e-08, 7.00471431969e-08, 9.4435726794e-08, 2.43913298448e-08, 5.39559330548e-08, 2.31699914366e-07, 6.68625261824e-07, 2.81898195453e-07, 3.00218161442e-08, 1.08619578609e-10],
        "dvar2": [9.59573208092e-06, 0.00178932363633, 0.00125060707796, 0.00030317317578, 0.000140899719554, 9.46563977777e-06, 9.19264766708e-06, 3.72487875211e-06, 4.00573480874e-06, 3.00772853734e-06, 1.12154873477e-06, 7.51471361582e-06, 2.72964621217e-06, 9.54403731157e-07, 2.68948866733e-07, 1.12777286176e-07, 3.79294476716e-07, 1.2438458441e-07, 1.56061943812e-07, 2.29968364351e-07, 5.64453621621e-08, 1.15566635372e-07, 5.84026906836e-07, 1.73925820945e-06, 5.31347382093e-07, 7.24579081179e-08, 2.89225005057e-10],
        "max": [0.0550399795175, 0.334491848946, 0.204567313194, 0.0939535722136, 0.078101977706, 0.0288333445787, 0.0400616489351, 0.0158401802182, 0.0184698477387, 0.0101720243692, 0.00854268111289, 0.0177465900779, 0.0137003445998, 0.00816392712295, 0.00363755202852, 0.003007336054, 0.00516386050731, 0.00290667149238, 0.00262206769548, 0.00541113549843, 0.00151707290206, 0.00270591420121, 0.00531707750633, 0.00665076589212, 0.00737452413887, 0.00154437043238, 7.98304463387e-05],
        "mean": [0.00410136952996, 0.0285539347678, 0.00311042764224, 0.00260268407874, 0.00310564343818, 0.00127805571537, 0.00144711241592, 0.000750434352085, 0.000815304811113, 0.000582563574426, 0.00037760991836, 0.000778532994445, 0.00082196254516, 0.000497291388456, 0.00021580910834, 0.000185964498087, 0.000320802821079, 0.00012294058979, 0.000152237102157, 0.000179613984074, 7.93038780103e-05, 0.000108353808173, 0.000224935443839, 0.000427545135608, 0.00037629227154, 0.000101294222986, 3.38298355018e-06],
        "median": [4.76378062331e-07, 5.99733393756e-05, 0.000346138112945, 0.000576157937758, 0.00109797762707, 0.000411083252402, 0.000299260602333, 0.000175379333086, 0.000144049408846, 0.000162162235938, 9.53678973019e-05, 0.000111538618512, 0.00018994511629, 0.00010621718684, 8.11183490441e-05, 7.48223392293e-05, 0.000138948889798, 3.74754999939e-05, 4.77483736177e-05, 4.34137473349e-05, 1.94088661374e-05, 1.32098975882e-05, 3.0270899515e-05, 3.29344729835e-05, 2.8060258046e-05, 1.11433037091e-05, 1.3261135301e-08],
        "min": [2.55096297783e-24, 5.89434501798e-24, 9.66867072661e-25, 1.12939306757e-23, 1.79985525948e-23, 8.13058345742e-24, 2.11317235169e-23, 1.07270315634e-23, 2.09111296088e-23, 2.98993997188e-23, 2.59751606587e-23, 3.70101004106e-23, 5.18302251331e-23, 8.34376727948e-23, 5.93909015516e-23, 5.3103509743e-23, 1.58186730605e-22, 1.47910586692e-22, 1.6380448048e-22, 1.64388578337e-22, 3.22603013738e-22, 4.62705871708e-22, 3.84271994122e-22, 5.07247306067e-22, 9.98567649297e-22, 1.65855448151e-21, 2.01191246826e-21],
        "stdev": [0.010766999796, 0.0489939078689, 0.0159384198487, 0.00782292988151, 0.00643041916192, 0.00230078911409, 0.00330202211626, 0.00169114745222, 0.00177225877997, 0.00117736053653, 0.000811926613096, 0.00236383802257, 0.00169594050385, 0.000978564959951, 0.000412627065089, 0.000286222348223, 0.000513353734277, 0.000285543501377, 0.000321160943713, 0.000376082025468, 0.000190279271919, 0.000281379325315, 0.00047559387167, 0.000853413483128, 0.000903816951904, 0.000199815025553, 9.20343791222e-06],
        "var": [0.000115928291052, 0.00240040291101, 0.000254033220699, 6.1198225012e-05, 4.13502930314e-05, 5.29363023816e-06, 1.09033499029e-05, 2.8599797588e-06, 3.14090129905e-06, 1.38617781431e-06, 6.59224838273e-07, 5.58773035664e-06, 2.87621423922e-06, 9.57589350037e-07, 1.70261102994e-07, 8.19232397475e-08, 2.63532058398e-07, 8.15350844618e-08, 1.03144344621e-07, 1.41437695333e-07, 3.62061989279e-08, 7.91743204331e-08, 2.26189541763e-07, 7.28314603293e-07, 8.16885119548e-07, 3.99260429162e-08, 8.47032652351e-11]
    },
    "erbbands": {
        "dmean": [0.288465857506, 1.98696887493, 4.30693626404, 7.59337186813, 8.24206542969, 7.50243854523, 6.49687767029, 6.64930820465, 12.2418165207, 10.1643733978, 11.6382770538, 13.2741327286, 11.7415800095, 12.8685131073, 15.3372001648, 23.9298248291, 23.9312801361, 18.2082672119, 9.49088287354, 5.66419887543, 7.70604944229, 9.38620471954, 6.28164100647, 3.85094714165, 5.714864254, 5.97895336151, 2.84981369972, 2.04538869858, 2.81486773491, 4.18641233444, 6.77434062958, 10.7237052917, 6.55180978775, 3.72870826721, 1.66780602932, 0.545210182667, 0.123728372157, 0.0210260096937, 0.000568718707655, 3.19746613968e-05],
        "dmean2": [0.397875279188, 2.81288099289, 7.30506038666, 13.8683176041, 14.6367321014, 12.5208034515, 10.3146781921, 10.5071210861, 17.8362693787, 15.9319171906, 18.4019908905, 20.4563827515, 18.9597663879, 21.5823364258, 23.7331027985, 37.7043647766, 37.8484039307, 29.4656295776, 13.9392232895, 8.86412811279, 12.1448049545, 13.8701286316, 9.60226249695, 5.97514533997, 8.80309200287, 9.45645236969, 4.619161129, 3.03858447075, 4.42073392868, 6.63909387589, 11.7323865891, 19.0968418121, 11.0867109299, 5.74697971344, 2.59986877441, 0.874747276306, 0.19683034718, 0.035619597882, 0.000986454659142, 4.99450870848e-05],
        "dvar": [0.58895689249, 46.1115951538, 432.152008057, 927.337463379, 723.530578613, 506.55090332, 368.196289062, 258.492248535, 714.567749023, 791.135070801, 1083.3215332, 983.614379883, 963.735473633, 1094.22021484, 1578.0177002, 5797.12060547, 3718.72021484, 1340.171875, 421.140136719, 226.009384155, 127.388885498, 460.853088379, 362.468566895, 111.648254395, 182.176513672, 290.480010986, 56.8238601685, 34.5833358765, 59.1221466064, 102.736152649, 196.298080444, 399.607788086, 134.918029785, 54.4213676453, 10.8189296722, 1.06399178505, 0.0631215944886, 0.00210727099329, 1.39384553677e-06, 2.83169843129e-09],
        "dvar2": [1.47672426701, 102.199943542, 1175.53955078, 2692.63574219, 2129.2565918, 1397.16210938, 955.593994141, 636.218994141, 1379.99584961, 1871.96398926, 2763.54833984, 2268.55932617, 2460.11132812, 3114.45581055, 3819.21850586, 10369.3007812, 7330.8203125, 3108.59643555, 830.668212891, 515.666381836, 278.45803833, 955.768493652, 859.733032227, 201.74458313, 400.625305176, 739.452209473, 143.010910034, 71.1721878052, 131.236114502, 226.279312134, 489.571228027, 1069.7244873, 333.447998047, 105.488357544, 21.471118927, 2.44274544716, 0.149145036936, 0.00519559299573, 3.59432942787e-06, 6.21816331758e-09],
        "max": [8.18527698517, 80.2244949341, 230.706863403, 299.713531494, 268.695343018, 245.473678589, 205.55531311, 225.13923645, 546.501281738, 455.707427979, 426.577056885, 488.783325195, 359.576538086, 444.516052246, 456.650177002, 739.034057617, 722.06652832, 448.367218018, 285.246459961, 175.83291626, 136.771377563, 254.62739563, 228.625289917, 111.165878296, 193.180969238, 235.910308838, 87.571395874, 59.6721343994, 76.6606445312, 110.810630798, 177.363342285, 136.672775269, 116.264518738, 91.8667297363, 59.4563407898, 10.1211357117, 2.35241532326, 0.392406910658, 0.0103601589799, 0.000411179149523],
        "mean": [1.24562752247, 4.72927331924, 4.14017915726, 7.07035923004, 9.4726896286, 10.267747879, 9.74075603485, 10.7785654068, 21.8364448547, 15.8108987808, 17.5393428802, 21.0081195831, 16.4693984985, 17.6207294464, 21.9633274078, 32.5838699341, 37.8913154602, 30.9553127289, 16.2647609711, 8.30385112762, 14.0094909668, 14.6132736206, 8.57618522644, 5.76761245728, 9.1128988266, 8.81656074524, 4.22661209106, 2.88819408417, 3.5088891983, 5.1769080162, 6.14914941788, 8.65879154205, 6.93199396133, 4.90235757828, 2.29499268532, 0.689982891083, 0.133992388844, 0.017313754186, 0.000493024941534, 7.9263401858e-05],
        "median": [0.000412361667259, 0.0239438507706, 0.435850828886, 1.32101047039, 2.91623783112, 3.55680346489, 3.49296450615, 3.54896664619, 4.32318401337, 4.07004976273, 5.10838079453, 3.97039175034, 4.71377038956, 5.60623598099, 4.49069547653, 5.95055007935, 7.2380027771, 9.39530467987, 5.52106523514, 3.2341427803, 7.58286380768, 5.38982582092, 2.89190745354, 1.81462216377, 2.77377176285, 1.99666512012, 1.25094377995, 0.48344540596, 0.414079070091, 0.825491964817, 0.763143658638, 0.610177636147, 0.525397181511, 0.312321871519, 0.219458669424, 0.0815379321575, 0.0130954161286, 0.000890085997526, 7.52122650738e-05, 4.23976380262e-05],
        "min": [1.39760757395e-22, 8.13843688327e-22, 5.30965619611e-21, 2.39609957338e-20, 2.37457268261e-20, 6.17848858368e-20, 1.09153551636e-19, 8.58341346333e-20, 3.334544444e-19, 2.45982679562e-19, 3.27014688235e-19, 5.99081319341e-19, 6.97840118734e-19, 1.25411995955e-18, 1.51280797823e-18, 1.83475091194e-18, 2.24464103254e-18, 3.48928481099e-18, 4.793116671e-18, 4.77984621244e-18, 3.19192454772e-18, 9.03333506723e-18, 8.69251514816e-18, 7.87624670225e-18, 7.25563376816e-18, 8.63744973478e-18, 1.17477753966e-17, 1.44176803218e-17, 1.5788090295e-17, 1.3064144006e-17, 9.90146442882e-18, 1.16449245864e-17, 1.07631972027e-17, 1.0220086129e-17, 7.77048256194e-18, 5.08668803348e-18, 3.12911775778e-18, 1.04971980448e-18, 2.68784688628e-19, 3.04671751483e-20],
        "stdev": [1.99504053593, 10.2306613922, 17.5270690918, 23.803144455, 22.3697185516, 21.8586158752, 19.5503330231, 19.983833313, 48.0668144226, 35.5898017883, 37.0961799622, 46.5115013123, 36.8819541931, 34.0014228821, 51.4059257507, 93.6078033447, 81.2021026611, 53.4785385132, 28.0675182343, 17.1333389282, 17.2926425934, 26.0784568787, 20.4471702576, 13.4315652847, 18.1552562714, 19.4208774567, 8.84424972534, 7.45203399658, 9.19532871246, 11.7865285873, 13.9308843613, 18.6801357269, 13.5872955322, 12.3077297211, 5.37198448181, 1.34841001034, 0.282215476036, 0.045145239681, 0.00111989572179, 9.03033069335e-05],
        "var": [3.98018693924, 104.666435242, 307.198150635, 566.589660645, 500.404327393, 477.799072266, 382.215545654, 399.35357666, 2310.41870117, 1266.6340332, 1376.12670898, 2163.31958008, 1360.27856445, 1156.09667969, 2642.56933594, 8762.42089844, 6593.78125, 2859.95410156, 787.785583496, 293.551300049, 299.035461426, 680.085876465, 418.086761475, 180.406936646, 329.613342285, 377.170501709, 78.2207565308, 55.5328140259, 84.5540618896, 138.92225647, 194.069534302, 348.94744873, 184.614593506, 151.480209351, 28.858215332, 1.81820940971, 0.0796455666423, 0.00203809281811, 1.25416647734e-06, 8.15468759185e-09]
    },
    "gfcc": {
        "mean": [-40.2298660278, 96.385383606, -115.790771484, 26.3371124268, -53.313785553, 14.1386127472, -46.8247909546, 3.12648677826, -28.4919013977, -1.45768725872, -13.1511096954, -6.12410736084, -13.0426769257],
        "cov": [[20090.8222656, -2704.12670898, 1852.0559082, -337.910705566, -1170.82592773, 2183.30273438, -508.898834229, 1844.57641602, -205.419067383, 954.937988281, 148.179595947, 661.211975098, -117.992202759], [-2704.12670898, 2688.3125, -821.925598145, 357.059082031, 627.21887207, -709.348144531, 314.729278564, -604.816162109, 236.154022217, -299.458953857, 107.243339539, -252.111480713, 140.443283081], [1852.0559082, -821.925598145, 1859.13269043, 2.23366856575, 25.9798679352, 874.487426758, 110.795448303, 735.227050781, 242.053543091, 410.069946289, 218.130691528, 265.679992676, 148.119720459], [-337.910705566, 357.059082031, 2.23366856575, 565.184570312, 253.577133179, -63.3654747009, 190.67590332, -39.2646255493, 145.683456421, 37.5459518433, 52.7443809509, 28.6349620819, 61.766784668], [-1170.82592773, 627.21887207, 25.9798679352, 253.577133179, 449.926818848, -33.1128234863, 214.30708313, -75.5175628662, 186.46661377, 36.8652992249, 101.778846741, -10.9375019073, 82.2790527344], [2183.30273438, -709.348144531, 874.487426758, -63.3654747009, -33.1128234863, 672.488586426, 64.5880508423, 479.284454346, 107.95136261, 296.564483643, 121.488876343, 174.769210815, 51.9615135193], [-508.898834229, 314.729278564, 110.795448303, 190.67590332, 214.30708313, 64.5880508423, 312.490081787, 51.088306427, 137.892791748, 54.9011230469, 79.2069702148, 53.0827217102, 46.5685844421], [1844.57641602, -604.816162109, 735.227050781, -39.2646255493, -75.5175628662, 479.284454346, 51.088306427, 529.192749023, 84.3654708862, 252.630203247, 89.9901351929, 166.230560303, 48.8456954956], [-205.419067383, 236.154022217, 242.053543091, 145.683456421, 186.46661377, 107.95136261, 137.892791748, 84.3654708862, 213.561126709, 102.46257019, 86.6307754517, 30.4480781555, 66.9420394897], [954.937988281, -299.458953857, 410.069946289, 37.5459518433, 36.8652992249, 296.564483643, 54.9011230469, 252.630203247, 102.46257019, 250.129013062, 90.1660690308, 98.8055877686, 40.8281173706], [148.179595947, 107.243339539, 218.130691528, 52.7443809509, 101.778846741, 121.488876343, 79.2069702148, 89.9901351929, 86.6307754517, 90.1660690308, 141.395401001, 45.0620193481, 32.1952133179], [661.211975098, -252.111480713, 265.679992676, 28.6349620819, -10.9375019073, 174.769210815, 53.0827217102, 166.230560303, 30.4480781555, 98.8055877686, 45.0620193481, 163.846969604, 45.2364768982], [-117.992202759, 140.443283081, 148.119720459, 61.766784668, 82.2790527344, 51.9615135193, 46.5685844421, 48.8456954956, 66.9420394897, 40.8281173706, 32.1952133179, 45.2364768982, 123.410858154]],
        "icov": [[0.00019972944574, -0.000373448739992, 0.000267120194621, -0.00034870946547, 0.000500702764839, -0.00106595060788, 0.000597163394559, -0.000422579789301, 0.000331236078637, -0.000234406863456, 0.000261773704551, -0.000487017066916, 0.000534886785317], [-0.000373448739992, 0.00204603886232, -0.000316308345646, 0.000843896064907, -0.00157853914425, 0.00293880701065, -0.0017958926037, 0.000900924438611, -0.00152866682038, 0.0014254457783, -0.0020248722285, 0.00211490178481, -0.00248141586781], [0.000267120194621, -0.000316308345646, 0.00217715115286, -0.000535776664037, 0.000588741968386, -0.00285041169263, 0.00119561108295, -0.0016595890047, -0.000567434064578, 0.000525740673766, -0.000524107716046, -0.000633775372989, -0.000213305087527], [-0.00034870946547, 0.000843896064907, -0.000535776664037, 0.00339418742806, -0.00179891136941, 0.00286426418461, -0.00195396295749, 0.000843070389237, -0.00147875864059, -9.4688621175e-05, -0.000180189497769, 0.000290579337161, -0.00117854948621], [0.000500702764839, -0.00157853914425, 0.000588741968386, -0.00179891136941, 0.00736135942861, -0.00322204851545, -0.00021051580552, 0.000626914668828, -0.00115847052075, -0.00149063835852, -0.000602458429057, -0.000508578843437, 0.000214033192606], [-0.00106595060788, 0.00293880701065, -0.00285041169263, 0.00286426418461, -0.00322204851545, 0.0129595864564, -0.00424117641523, 0.000206648604944, -0.00187042762991, -0.00119930726942, -0.00260780705139, 0.0027053062804, -0.00306576467119], [0.000597163394559, -0.0017958926037, 0.00119561108295, -0.00195396295749, -0.00021051580552, -0.00424117641523, 0.00830068346113, -0.00219675223343, -0.000572419608943, 0.000319305690937, 0.000824226590339, -0.00393182691187, 0.00325203174725], [-0.000422579789301, 0.000900924438611, -0.0016595890047, 0.000843070389237, 0.000626914668828, 0.000206648604944, -0.00219675223343, 0.00832575093955, -0.0010085015092, -0.00208033807576, -0.00031593957101, -0.000369267072529, -0.00137766997796], [0.000331236078637, -0.00152866682038, -0.000567434064578, -0.00147875864059, -0.00115847052075, -0.00187042762991, -0.000572419608943, -0.0010085015092, 0.0129280146211, -0.00395006407052, 0.000105125334812, 0.000655320647638, -0.000320850987919], [-0.000234406863456, 0.0014254457783, 0.000525740673766, -9.4688621175e-05, -0.00149063835852, -0.00119930726942, 0.000319305690937, -0.00208033807576, -0.00395006407052, 0.0125724719837, -0.00366841396317, 7.94155403128e-06, -0.00129083637148], [0.000261773704551, -0.0020248722285, -0.000524107716046, -0.000180189497769, -0.000602458429057, -0.00260780705139, 0.000824226590339, -0.00031593957101, 0.000105125334812, -0.00366841396317, 0.0141539424658, -0.0030733095482, 0.00317820953205], [-0.000487017066916, 0.00211490178481, -0.000633775372989, 0.000290579337161, -0.000508578843437, 0.0027053062804, -0.00393182691187, -0.000369267072529, 0.000655320647638, 7.94155403128e-06, -0.0030733095482, 0.0133721260354, -0.00588526809588], [0.000534886785317, -0.00248141586781, -0.000213305087527, -0.00117854948621, 0.000214033192606, -0.00306576467119, 0.00325203174725, -0.00137766997796, -0.000320850987919, -0.00129083637148, 0.00317820953205, -0.00588526809588, 0.0146796572953]]
    },
    "melbands": {
        "dmean": [0.00255803833716, 0.00200553471223, 0.00127667223569, 0.000551749835722, 0.000239309141762, 0.000149958534166, 0.000188398538739, 0.000103867860162, 9.88792526186e-05, 7.96398890088e-05, 5.78194740228e-05, 5.31898804184e-05, 4.33768545918e-05, 6.8800211011e-05, 5.98594742769e-05, 5.05436910316e-05, 3.5227076296e-05, 1.71630199475e-05, 9.06996592676e-06, 8.64704270498e-06, 1.03984211819e-05, 1.09546872409e-05, 8.27750318422e-06, 4.10370103054e-06, 3.05796947941e-06, 4.72115652883e-06, 3.98840757043e-06, 4.25769849244e-06, 1.8253235794e-06, 1.51249275859e-06, 1.21876189496e-06, 1.59326384619e-06, 1.87275395547e-06, 2.64427421826e-06, 2.92043387162e-06, 7.20709795132e-06, 6.6549746407e-06, 5.40734754395e-06, 3.47654395227e-06, 3.08102653435e-06],
        "dmean2": [0.00361340260133, 0.00300643290393, 0.00231147417799, 0.00095868128119, 0.000379820616217, 0.000233859216678, 0.000278309336863, 0.000164440076333, 0.000156990630785, 0.000123448277009, 9.31697504711e-05, 8.90216833795e-05, 6.86170897097e-05, 0.000105776394776, 9.14776537684e-05, 8.14910890767e-05, 5.69959265704e-05, 2.57768188021e-05, 1.34633191919e-05, 1.45482208609e-05, 1.6470972696e-05, 1.65382225532e-05, 1.27224748212e-05, 6.4462960836e-06, 4.72251440442e-06, 7.61309593145e-06, 5.82361099077e-06, 6.97872519595e-06, 2.94724304695e-06, 2.47768070949e-06, 1.81818836609e-06, 2.52745007856e-06, 2.92395020551e-06, 4.22649554821e-06, 4.89748435939e-06, 1.31154974952e-05, 1.17559893624e-05, 9.20311686059e-06, 5.66783364775e-06, 4.57665828435e-06],
        "dvar": [5.26607800566e-05, 6.47905835649e-05, 2.36756968661e-05, 2.94235132969e-06, 5.3969694136e-07, 1.28180047909e-07, 1.75083414433e-07, 8.03770987545e-08, 7.78894886366e-08, 3.36065220097e-08, 2.41939979162e-08, 1.81490538154e-08, 1.22804610925e-08, 4.32435953712e-08, 3.37304086884e-08, 1.30031878598e-08, 5.40281375194e-09, 1.50378276498e-09, 4.53892312624e-10, 3.98490768161e-10, 1.94429278233e-10, 4.89259022185e-10, 7.24691862075e-10, 1.07092036628e-10, 7.20199247461e-11, 1.2483691858e-10, 1.28371008268e-10, 1.67469774159e-10, 2.12706831315e-11, 1.73088609418e-11, 1.21769217973e-11, 1.97701056914e-11, 2.62913232851e-11, 3.63566121653e-11, 5.40434363927e-11, 2.04041381013e-10, 1.52248227914e-10, 9.00246752145e-11, 4.32040479781e-11, 4.46221185002e-11],
        "dvar2": [0.000128936197143, 0.000148871375131, 6.84625338181e-05, 8.51776985655e-06, 1.40864324294e-06, 3.12225836296e-07, 3.44540893593e-07, 1.82780965474e-07, 2.00379446369e-07, 7.87985641182e-08, 6.1687579489e-08, 5.14003417607e-08, 3.12707797434e-08, 9.2172172117e-08, 5.70232856489e-08, 2.91521526918e-08, 1.24303554117e-08, 2.97946511907e-09, 9.0379365103e-10, 1.05748199086e-09, 4.30801783136e-10, 1.01496899774e-09, 1.77122172484e-09, 2.24625998357e-10, 1.26945218226e-10, 2.99845676066e-10, 2.6353291771e-10, 4.60154220283e-10, 5.16195003408e-11, 4.44197977012e-11, 2.38656993473e-11, 4.60335623786e-11, 5.44685824222e-11, 8.33903016084e-11, 1.28344293526e-10, 5.5133392296e-10, 4.10318196087e-10, 2.29534363738e-10, 9.45985442757e-11, 8.17274511955e-11],
        "max": [0.0874553695321, 0.0962474346161, 0.0448424108326, 0.018529901281, 0.00799830630422, 0.00526912324131, 0.00872398074716, 0.0045046210289, 0.00416283123195, 0.00307987234555, 0.00179688469507, 0.00188743637409, 0.00126578414347, 0.00205466407351, 0.00172241823748, 0.00148067309055, 0.000930556154344, 0.00053042237414, 0.000252254278166, 0.000235044120927, 0.000134104120662, 0.000257305568084, 0.000328231282765, 0.000115104579891, 8.85921326699e-05, 0.000107536514406, 0.000283148314338, 0.000146765130921, 5.62075365451e-05, 3.97007243009e-05, 3.41389313689e-05, 4.76349450764e-05, 7.55789078539e-05, 5.82821776334e-05, 0.000110533583211, 9.64627470239e-05, 0.000127620282001, 0.000111189372547, 7.42152769817e-05, 0.000105852304841],
        "mean": [0.00957942660898, 0.00339328311384, 0.00126372871455, 0.000720368348993, 0.000357642915333, 0.000244180962909, 0.000330726063112, 0.00016300509742, 0.000148804450873, 0.000123039033497, 7.87144308561e-05, 7.00183227309e-05, 6.09656854067e-05, 9.02733736439e-05, 8.26043760753e-05, 7.59030663176e-05, 5.65183290746e-05, 2.72489596682e-05, 1.27235616674e-05, 1.170696396e-05, 1.83304000529e-05, 1.70192342921e-05, 1.01333171187e-05, 6.04836304774e-06, 4.13798670706e-06, 6.53382130622e-06, 6.79913227941e-06, 5.62118520975e-06, 2.62073922386e-06, 1.98240581994e-06, 1.64529478752e-06, 1.89878778656e-06, 2.27721852752e-06, 3.1885278986e-06, 3.14171143145e-06, 4.84685233459e-06, 5.67701954424e-06, 5.26553139935e-06, 4.14716896557e-06, 4.09336962548e-06],
        "median": [8.78075388755e-06, 0.000218240296817, 0.000324535823893, 0.000256556551903, 0.00012753737974, 7.68467580201e-05, 6.57814671285e-05, 4.28861640103e-05, 3.87931286241e-05, 2.30224759434e-05, 2.09674035432e-05, 2.00486938411e-05, 1.33897246997e-05, 1.41739192259e-05, 1.21181346913e-05, 1.98234265554e-05, 1.53839046106e-05, 8.00921498012e-06, 4.60429828308e-06, 4.24697964263e-06, 1.03192651295e-05, 6.37106359136e-06, 3.05738763018e-06, 1.50701271195e-06, 1.04051787275e-06, 2.09601921597e-06, 1.51194672071e-06, 1.23926895412e-06, 6.66436903884e-07, 5.04267461565e-07, 1.78547026053e-07, 2.10260438394e-07, 2.3390099102e-07, 5.10721804403e-07, 5.01936426645e-07, 2.12849187164e-07, 3.88712805943e-07, 4.0029271986e-07, 2.9926826528e-07, 1.99971225356e-07],
        "min": [2.68625282029e-24, 4.63755706734e-24, 5.66308137172e-24, 3.24853985732e-24, 4.73356301722e-24, 1.67826765484e-24, 5.76949634125e-24, 2.41934607174e-24, 2.82576642125e-24, 3.71879009812e-24, 3.37875791581e-24, 4.67180664683e-24, 4.96217490756e-24, 4.56097918382e-24, 4.57831637437e-24, 5.96528294046e-24, 6.2879258674e-24, 7.19885037593e-24, 4.04586602892e-24, 4.0433582401e-24, 3.57256605186e-24, 7.70933015631e-24, 6.10617547028e-24, 7.09433892776e-24, 5.68783543249e-24, 5.25639083735e-24, 6.00013875955e-24, 4.63986369662e-24, 7.06341242483e-24, 6.11427746621e-24, 7.82471447433e-24, 8.55653600294e-24, 8.05587044108e-24, 6.2002506831e-24, 3.81824100358e-24, 6.78784358912e-24, 5.83179387023e-24, 7.01325901506e-24, 7.51541394631e-24, 7.93571193686e-24],
        "stdev": [0.0154502727091, 0.00915936846286, 0.0038384902291, 0.00152195477858, 0.000737734895665, 0.000448347971542, 0.000734749133699, 0.000376921554562, 0.000319725339068, 0.000269664422376, 0.000183113777894, 0.000139736104757, 0.000134066533064, 0.00025817178539, 0.000233535814914, 0.00014623052266, 0.000107334257336, 5.17361804668e-05, 2.61908608081e-05, 2.20893671212e-05, 2.16386797547e-05, 2.79777323158e-05, 2.68373787549e-05, 1.41309110404e-05, 1.07751366158e-05, 1.30864837047e-05, 1.61222415045e-05, 1.30251346491e-05, 5.52208393856e-06, 4.744772923e-06, 4.42032342107e-06, 5.16798218086e-06, 6.17233854427e-06, 6.86224711899e-06, 7.75735679781e-06, 1.1902321603e-05, 1.22916371765e-05, 1.05805220301e-05, 9.10160724743e-06, 1.14710419439e-05],
        "var": [0.000238710912527, 8.38940322865e-05, 1.47340069816e-05, 2.31634635384e-06, 5.44252770851e-07, 2.01015907919e-07, 5.39856330306e-07, 1.42069865205e-07, 1.02224291254e-07, 7.27189046756e-08, 3.35306573618e-08, 1.95261780078e-08, 1.79738357531e-08, 6.66526744908e-08, 5.4538976002e-08, 2.13833644125e-08, 1.15206431062e-08, 2.67663224918e-09, 6.8596117675e-10, 4.87940132743e-10, 4.6823245281e-10, 7.8275347315e-10, 7.20244919261e-10, 1.99682645419e-10, 1.16103571202e-10, 1.71256064885e-10, 2.59926663526e-10, 1.6965413796e-10, 3.04934098805e-11, 2.25128683057e-11, 1.95392608343e-11, 2.67080402933e-11, 3.8097761057e-11, 4.70904357175e-11, 6.01765789976e-11, 1.41665248976e-10, 1.51084339484e-10, 1.1194744437e-10, 8.28392562879e-11, 1.31584812491e-10]
    },
    "melbands128": {
