{
"lowlevel": {
    "average_loudness": 0.980565130711,
    "barkbands_crest": {
        "dmean": 2.90005111694,
        "dmean2": 4.37187147141,
        "dvar": 8.02644538879,
        "dvar2": 17.2250938416,
        "max": 25.9681587219,
        "mean": 14.0042200089,
        "median": 14.3161973953,
        "min": 2.54546928406,
        "stdev": 6.06727933884,
        "var": 36.8118782043
    },
    "barkbands_flatness_db": {
        "dmean": 0.0285411924124,
        "dmean2": 0.0417347624898,
        "dvar": 0.000803521659691,
        "dvar2": 0.00158812606242,
        "max": 0.386720538139,
        "mean": 0.172664225101,
        "median": 0.168921872973,
        "min": 0.0279260873795,
        "stdev": 0.0528353601694,
        "var": 0.00279157538898
    },
    "barkbands_kurtosis": {
        "dmean": 5.73117828369,
        "dmean2": 8.86534118652,
        "dvar": 136.718612671,
        "dvar2": 317.52041626,
        "max": 166.752716064,
        "mean": 7.60901927948,
        "median": 2.23221302032,
        "min": -1.90103125572,
        "stdev": 16.0421409607,
        "var": 257.350311279
    },
    "barkbands_skewness": {
        "dmean": 0.847989678383,
        "dmean2": 1.26981258392,
        "dvar": 1.04676270485,
        "dvar2": 2.18805456161,
        "max": 11.159078598,
        "mean": 1.93972027302,
        "median": 1.52117609978,
        "min": -2.97099232674,
        "stdev": 1.82754707336,
        "var": 3.3399283886
    },
    "barkbands_spread": {
        "dmean": 11.1308460236,
        "dmean2": 17.6876926422,
        "dvar": 214.25579834,
        "dvar2": 502.733001709,
        "max": 103.156654358,
        "mean": 25.8729362488,
        "median": 20.4418869019,
        "min": 0.868565261364,
        "stdev": 18.8520698547,
        "var": 355.400512695
    },
    "dissonance": {
        "dmean": 0.0236768051982,
        "dmean2": 0.0394101068377,
        "dvar": 0.000621579878498,
        "dvar2": 0.0016642351402,
        "max": 0.499992340803,
        "mean": 0.457334071398,
        "median": 0.464684814215,
        "min": 0.164611428976,
        "stdev": 0.0337152555585,
        "var": 0.00113671843428
    },
    "dynamic_complexity": 1.75683629513,
    "erbbands_crest": {
        "dmean": 2.81454443932,
        "dmean2": 4.5050702095,
        "dvar": 6.84981584549,
        "dvar2": 16.6215286255,
        "max": 29.9602241516,
        "mean": 9.09038925171,
        "median": 7.97930288315,
        "min": 2.64283943176,
        "stdev": 4.48369550705,
        "var": 20.1035270691
    },
    "erbbands_flatness_db": {
        "dmean": 0.0201134365052,
        "dmean2": 0.0290680602193,
        "dvar": 0.000369089131709,
        "dvar2": 0.000667073298246,
        "max": 0.31817522645,
        "mean": 0.155977711082,
        "median": 0.149381250143,
        "min": 0.0734879523516,
        "stdev": 0.0419372394681,
        "var": 0.00175873213448
    },
    "erbbands_kurtosis": {
        "dmean": 1.45603752136,
        "dmean2": 2.26954388618,
        "dvar": 4.1728849411,
        "dvar2": 10.0028543472,
        "max": 23.7660999298,
        "mean": 1.25386381149,
        "median": 0.113248348236,
        "min": -1.87960863113,
        "stdev": 3.04267454147,
        "var": 9.25786876678
    },
    "erbbands_skewness": {
        "dmean": 0.457429528236,
        "dmean2": 0.69583427906,
        "dvar": 0.205613404512,
        "dvar2": 0.447822034359,
        "max": 3.29618883133,
        "mean": 0.217027768493,
        "median": 0.291005760431,
        "min": -3.65443658829,
        "stdev": 0.868398249149,
        "var": 0.754115521908
    },
    "erbbands_spread": {
        "dmean": 14.4258489609,
        "dmean2": 21.9384403229,
        "dvar": 276.862335205,
        "dvar2": 590.067016602,
        "max": 160.477203369,
        "mean": 46.9540138245,
        "median": 44.3198509216,
        "min": 4.36253547668,
        "stdev": 28.1464080811,
        "var": 792.220275879
    },
    "hfc": {
        "dmean": 20.7042446136,
        "dmean2": 32.9891242981,
        "dvar": 1323.54602051,
        "dvar2": 3092.08422852,
        "max": 300.88293457,
        "mean": 32.5344543457,
        "median": 20.2575798035,
        "min": 1.12105392904e-16,
        "stdev": 38.7445335388,
        "var": 1501.13879395
    },
    "loudness_ebu128": {
        "integrated": -7.77205181122,
        "loudness_range": 1.20868682861,
        "momentary": {
            "dmean": 0.73894482851,
            "dmean2": 0.952280044556,
            "dvar": 0.340955644846,
            "dvar2": 0.578796029091,
            "max": -4.57642745972,
            "mean": -8.04642963409,
            "median": -7.91745710373,
            "min": -12.5305309296,
            "stdev": 1.58314371109,
            "var": 2.50634384155
        },
        "short_term": {
            "dmean": 0.0711277127266,
            "dmean2": 0.0835688486695,
            "dvar": 0.00386502384208,
            "dvar2": 0.00452276971191,
            "max": -6.85864591599,
            "mean": -7.74015760422,
            "median": -7.79791879654,
            "min": -8.95394325256,
            "stdev": 0.440118730068,
            "var": 0.193704485893
        }
    },
    "melbands_crest": {
        "dmean": 2.89245462418,
        "dmean2": 4.50711345673,
        "dvar": 9.66815471649,
        "dvar2": 22.1662387848,
        "max": 31.4311695099,
        "mean": 17.1103801727,
        "median": 18.0095787048,
        "min": 3.02227330208,
        "stdev": 6.07016992569,
        "var": 36.8469657898
    },
    "melbands_flatness_db": {
        "dmean": 0.0336934998631,
        "dmean2": 0.0475488640368,
        "dvar": 0.00131175562274,
        "dvar2": 0.00223819282837,
        "max": 0.469945222139,
        "mean": 0.211709707975,
        "median": 0.210213690996,
        "min": 0.00496737845242,
        "stdev": 0.0787011161447,
        "var": 0.00619386555627
    },
    "melbands_kurtosis": {
        "dmean": 17.8425369263,
        "dmean2": 27.6273784637,
        "dvar": 1356.02270508,
        "dvar2": 3340.21484375,
        "max": 428.436431885,
        "mean": 28.5810699463,
        "median": 10.524720192,
        "min": -1.877399683,
        "stdev": 47.7393684387,
        "var": 2279.04711914
    },
    "melbands_skewness": {
        "dmean": 1.19839286804,
        "dmean2": 1.74715745449,
        "dvar": 2.31239581108,
        "dvar2": 4.83130311966,
        "max": 17.9622745514,
        "mean": 3.64666748047,
        "median": 2.94579982758,
        "min": -0.695104241371,
        "stdev": 2.88389706612,
        "var": 8.31686210632
    },
    "melbands_spread": {
        "dmean": 12.145321846,
        "dmean2": 18.7732944489,
        "dvar": 400.319915771,
        "dvar2": 822.319030762,
        "max": 231.967147827,
        "mean": 26.8104038239,
        "median": 18.8334503174,
        "min": 0.705929577351,
        "stdev": 29.8837127686,
        "var": 893.036254883
    },
    "pitch_salience": {
        "dmean": 0.0819089412689,
        "dmean2": 0.126914039254,
        "dvar": 0.00909880083054,
        "dvar2": 0.0198105052114,
        "max": 0.812476038933,
        "mean": 0.449592143297,
        "median": 0.43615809083,
        "min": 0.06096688658,
        "stdev": 0.182495132089,
        "var": 0.0333044715226
    },
    "silence_rate_20dB": {
        "dmean": 0,
        "dmean2": 0,
        "dvar": 0,
        "dvar2": 0,
        "max": 1,
        "mean": 1,
        "median": 1,
        "min": 1,
        "stdev": 0,
        "var": 0
    },
    "silence_rate_30dB": {
        "dmean": 0.0371517017484,
        "dmean2": 0.0743609592319,
        "dvar": 0.0357718616724,
        "dvar2": 0.0703815817833,
        "max": 1,
        "mean": 0.950502693653,
        "median": 1,
        "min": 0,
        "stdev": 0.216902241111,
        "var": 0.0470465831459
    },
    "silence_rate_60dB": {
        "dmean": 0.00541795650497,
        "dmean2": 0.0108443070203,
        "dvar": 0.00538879446685,
        "dvar2": 0.0122756166384,
        "max": 1,
        "mean": 0.00618716143072,
        "median": 0,
        "min": 0,
        "stdev": 0.0784140154719,
        "var": 0.00614875741303
    },
    "spectral_centroid": {
        "dmean": 417.588134766,
        "dmean2": 609.397033691,
        "dvar": 340881.53125,
        "dvar2": 586659.375,
        "max": 11173.8066406,
        "mean": 1516.21813965,
        "median": 1260.09387207,
        "min": 171.381561279,
        "stdev": 909.711914062,
        "var": 827575.75
    },
    "spectral_complexity": {
        "dmean": 4.0363779068,
        "dmean2": 5.86367177963,
        "dvar": 27.8430366516,
        "dvar2": 44.3487205505,
        "max": 58,
        "mean": 17.9474086761,
        "median": 16,
        "min": 0,
        "stdev": 8.90078639984,
        "var": 79.2239990234
    },
    "spectral_decrease": {
        "dmean": 3.40423067513e-09,
        "dmean2": 5.1259818612e-09,
        "dvar": 3.97362180711e-17,
        "dvar2": 8.1716649936e-17,
        "max": -1.05729966902e-28,
        "mean": -1.03723660771e-08,
        "median": -9.48907175058e-09,
        "min": -6.36493950879e-08,
        "stdev": 8.85958506558e-09,
        "var": 7.84922469687e-17
    },
    "spectral_energy": {
        "dmean": 0.0141350375488,
        "dmean2": 0.0213811788708,
        "dvar": 0.000587106798775,
        "dvar2": 0.00119726092089,
        "max": 0.242407396436,
        "mean": 0.0420987382531,
        "median": 0.037654183805,
        "min": 1.05673389541e-20,
        "stdev": 0.0343171730638,
        "var": 0.00117766845506
    },
    "spectral_energyband_high": {
        "dmean": 0.00234054750763,
        "dmean2": 0.00379687361419,
        "dvar": 2.08173078136e-05,
        "dvar2": 5.00926362292e-05,
        "max": 0.0362780354917,
        "mean": 0.00255884602666,
        "median": 0.000725273624994,
        "min": 7.25525689046e-21,
        "stdev": 0.00469272071496,
        "var": 2.20216279558e-05
    },
    "spectral_energyband_low": {
        "dmean": 0.010296809487,
        "dmean2": 0.0159483961761,
        "dvar": 0.000605976732913,
        "dvar2": 0.00129851396196,
        "max": 0.238281473517,
        "mean": 0.0256092455238,
        "median": 0.0239387489855,
        "min": 1.27901817718e-22,
        "stdev": 0.0320534296334,
        "var": 0.00102742237505
    },
    "spectral_energyband_middle_high": {
        "dmean": 0.00265197386034,
        "dmean2": 0.00383845274337,
        "dvar": 2.38160700974e-05,
        "dvar2": 4.82571740577e-05,
        "max": 0.0738332495093,
        "mean": 0.00650750752538,
        "median": 0.00370319490321,
        "min": 1.80941053598e-21,
        "stdev": 0.00880930479616,
        "var": 7.76038577897e-05
    },
    "spectral_energyband_middle_low": {
        "dmean": 0.00533272791654,
        "dmean2": 0.00925971847028,
        "dvar": 0.000197241475689,
        "dvar2": 0.000565014372114,
        "max": 0.132636398077,
        "mean": 0.00882302504033,
        "median": 0.00625552516431,
        "min": 3.32714393007e-22,
        "stdev": 0.0116673950106,
        "var": 0.000136128102895
    },
    "spectral_entropy": {
        "dmean": 0.22106526792,
        "dmean2": 0.325490117073,
        "dvar": 0.0537432804704,
        "dvar2": 0.10740198195,
        "max": 9.80381202698,
        "mean": 7.79293775558,
        "median": 7.74572324753,
        "min": 6.60939121246,
        "stdev": 0.412483900785,
        "var": 0.170142963529
    },
    "spectral_flux": {
        "dmean": 0.0352216511965,
        "dmean2": 0.0530110187829,
        "dvar": 0.00245830114,
        "dvar2": 0.00430100690573,
        "max": 0.459097981453,
        "mean": 0.0978056266904,
        "median": 0.0732988864183,
        "min": 1.02797562129e-10,
        "stdev": 0.0742897391319,
        "var": 0.00551896495745
    },
    "spectral_kurtosis": {
        "dmean": 1.24368476868,
        "dmean2": 1.95303893089,
        "dvar": 1.87289249897,
        "dvar2": 4.33821153641,
        "max": 17.9708309174,
        "mean": 2.26370358467,
        "median": 1.90552139282,
        "min": -1.23119008541,
        "stdev": 2.12162089348,
        "var": 4.50127506256
    },
    "spectral_rms": {
        "dmean": 0.000977957388386,
        "dmean2": 0.00144458177965,
        "dvar": 1.85643943951e-06,
        "dvar2": 3.64135394193e-06,
        "max": 0.0153783941641,
        "mean": 0.00596571993083,
        "median": 0.00606100587174,
        "min": 3.21085627704e-12,
        "stdev": 0.00234138011001,
        "var": 5.48206116946e-06
    },
    "spectral_rolloff": {
        "dmean": 1019.26141357,
        "dmean2": 1734.99938965,
        "dvar": 3549771.25,
        "dvar2": 7761812,
        "max": 19035.3515625,
        "mean": 1872.93847656,
        "median": 1033.59375,
        "min": 86.1328125,
        "stdev": 2343.79516602,
        "var": 5493375.5
    },
    "spectral_skewness": {
        "dmean": 0.271195143461,
        "dmean2": 0.411638855934,
        "dvar": 0.0816299840808,
        "dvar2": 0.174986600876,
        "max": 3.18267464638,
        "mean": 1.23590493202,
        "median": 1.2426661253,
        "min": -0.0876314342022,
        "stdev": 0.52079385519,
        "var": 0.271226257086
    },
    "spectral_spread": {
        "dmean": 1098157.625,
        "dmean2": 1636765,
        "dvar": 2.65271875994e+12,
        "dvar2": 4.54077657907e+12,
        "max": 40564716,
        "mean": 5952188.5,
        "median": 5268392,
        "min": 2786870.75,
        "stdev": 2238007,
        "var": 5.00867478323e+12
    },
    "spectral_strongpeak": {
        "dmean": 0.415523856878,
        "dmean2": 0.706761062145,
        "dvar": 0.82334458828,
        "dvar2": 2.259745121,
        "max": 10.6144618988,
        "mean": 0.903106033802,
        "median": 0.552741587162,
        "min": 0,
        "stdev": 1.20290517807,
        "var": 1.44698083401
    },
    "zerocrossingrate": {
        "dmean": 0.0194896776229,
        "dmean2": 0.0232502818108,
        "dvar": 0.000639440258965,
        "dvar2": 0.000794508203398,
        "max": 0.501953125,
        "mean": 0.0677570477128,
        "median": 0.0537109375,
        "min": 0.00390625,
        "stdev": 0.0526366233826,
        "var": 0.0027706141118
    },
    "barkbands": {
        "dmean": [5.45013244846e-05, 0.00797181017697, 0.00468981964514, 0.00232763472013, 0.00222751568072, 0.000603889813647, 0.000271579396212, 0.000393377966247, 0.000739404174965, 0.000645155203529, 0.000970438471995, 0.000760125694796, 0.000516086991411, 0.000216922038817, 0.000131832784973, 0.000265546113951, 0.000237012660364, 0.000133092253236, 0.000119128875667, 0.000241518268012, 0.000327935063979, 0.000455052679172, 0.000821615685709, 0.000451954052551, 0.000257140665781, 9.58951204666e-05, 5.915282145e-06],
        "dmean2": [7.69922553445e-05, 0.0123305944726, 0.00809100922197, 0.00423211650923, 0.00385112129152, 0.0010280716233, 0.000436265981989, 0.000637005781755, 0.00111927790567, 0.00100539601408, 0.00143047515303, 0.00115302193444, 0.00079613312846, 0.000344365922501, 0.000200473412406, 0.000394737959141, 0.000355319090886, 0.00020379741909, 0.000179281196324, 0.000359072495485, 0.000482108589495, 0.000742874748539, 0.0014153533848, 0.000771148013882, 0.000418011069996, 0.000167952661286, 1.06930519905e-05],
        "dvar": [1.55660053736e-08, 0.000365150190191, 0.000283301924355, 6.59421202727e-05, 3.43555184372e-05, 1.27814973894e-06, 3.10458119657e-07, 4.20758908604e-07, 1.49976665398e-06, 1.81262100796e-06, 4.91659420732e-06, 5.5029026953e-06, 2.24713335228e-06, 2.21193431571e-07, 6.622735782e-08, 3.99922640781e-07, 2.59505071654e-07, 1.42697800243e-07, 6.91881538728e-08, 3.94387910774e-07, 1.0447307659e-06, 1.27764383251e-06, 3.11653184326e-06, 8.71018471571e-07, 2.87183723913e-07, 1.01158946109e-07, 5.80342718326e-10],
        "dvar2": [3.14944372803e-08, 0.000861770298798, 0.000764066877309, 0.000191947314306, 9.71547488007e-05, 3.4127890558e-06, 7.28244629045e-07, 9.40638869906e-07, 3.25766745846e-06, 3.7441832319e-06, 1.02512622107e-05, 1.31451033667e-05, 5.83219934924e-06, 4.89106014356e-07, 1.42621658483e-07, 8.8645043661e-07, 5.33863783403e-07, 3.3505497754e-07, 1.40800210602e-07, 7.74792738412e-07, 2.33983109865e-06, 3.20339177051e-06, 8.31101169751e-06, 2.23461620408e-06, 7.09597657078e-07, 2.7187789442e-07, 1.59274238243e-09],
        "max": [0.00189000624232, 0.189372465014, 0.149031341076, 0.0588687211275, 0.0663465335965, 0.0100389393046, 0.0115799829364, 0.00997017230839, 0.0189410056919, 0.0283543355763, 0.0601602233946, 0.0454512163997, 0.0331192724407, 0.00643561873585, 0.00611001439393, 0.00830709561706, 0.00741215376183, 0.00508106313646, 0.00309719284996, 0.0091653522104, 0.0121681941673, 0.0155137479305, 0.016464876011, 0.00828644540161, 0.00715641723946, 0.00328498566523, 0.000227760348935],
        "mean": [8.51680160849e-05, 0.0200626458973, 0.00432122545317, 0.0022002661135, 0.00260757259093, 0.000844922789838, 0.000456148351077, 0.000690267421305, 0.00146860070527, 0.0011843375396, 0.00182642554864, 0.00107413798105, 0.000849762465805, 0.000362162536476, 0.000226719173952, 0.00042223953642, 0.000360379373888, 0.000174728702405, 0.000165072880918, 0.000312028918415, 0.000392984162318, 0.000497934175655, 0.000727299018763, 0.000455544824945, 0.000257639359916, 6.88547079335e-05, 3.63959634342e-06],
        "median": [5.57416569791e-06, 0.0192720629275, 0.000708071922418, 0.000422048673499, 0.000928271503653, 0.000301668304019, 0.000215062493226, 0.000401711207815, 0.000662433507387, 0.000535196391866, 0.000497997738421, 0.000221090129344, 0.000217804059503, 0.000123382749734, 0.000108347150672, 9.22084000194e-05, 0.00011962626013, 4.65930679638e-05, 6.5080334025e-05, 0.000104016675323, 0.000118052514154, 0.000155743648065, 0.00011393812747, 8.26952164061e-05, 4.94100531796e-05, 4.0348049879e-06, 2.72226907683e-09],
        "min": [2.93675181421e-23, 4.76092544658e-23, 7.53142293175e-23, 7.61678493921e-24, 7.3460639693e-23, 4.09491069469e-23, 4.51294134123e-23, 5.23607120038e-23, 7.20563347531e-23, 4.93284663682e-23, 1.62794031702e-22, 1.06608821055e-22, 7.9859494392e-23, 1.14141937829e-22, 2.25497618941e-22, 1.09059035648e-22, 2.85124269996e-22, 1.59094677953e-22, 3.10284288059e-22, 4.53575128585e-22, 3.16727804908e-22, 5.7440887881e-22, 6.88564044259e-22, 8.7439756018e-22, 1.10157516255e-21, 1.48076467101e-21, 2.19994378853e-21],
        "stdev": [0.000183315263712, 0.0247738994658, 0.01422438398, 0.00622836500406, 0.0051668388769, 0.00137116084807, 0.000863768509589, 0.00088480807608, 0.00216035568155, 0.00201936485246, 0.00458763772622, 0.00289688748308, 0.00237388978712, 0.000657342374325, 0.000372204987798, 0.00092161440989, 0.000658400706016, 0.000410909415223, 0.000307580805384, 0.000719815085176, 0.00105892436113, 0.00107627280522, 0.00162097532302, 0.000955998839345, 0.000544109207112, 0.000259689957602, 1.91798717424e-05],
        "var": [3.36044863047e-08, 0.000613746058661, 0.000202333088964, 3.87925283576e-05, 2.66962251771e-05, 1.88008220903e-06, 7.46096077364e-07, 7.82885308581e-07, 4.66713663627e-06, 4.07783454648e-06, 2.10464186239e-05, 8.39195672597e-06, 5.63535286346e-06, 4.32099000136e-07, 1.38536563554e-07, 8.49373122946e-07, 4.33491493368e-07, 1.68846554516e-07, 9.46059515172e-08, 5.18133788319e-07, 1.12132079266e-06, 1.15836326131e-06, 2.62756088887e-06, 9.13933831725e-07, 2.96054821547e-07, 6.74388687116e-08, 3.67867514228e-10]
    },
    "erbbands": {
        "dmean": [0.164937376976, 1.99883282185, 5.00511264801, 6.87147092819, 7.25607919693, 7.76582098007, 6.4365568161, 4.4815955162, 2.63577723503, 7.61446857452, 8.92239952087, 17.2039966583, 21.2664012909, 17.6855201721, 39.8204803467, 36.1604385376, 25.5755577087, 11.4899845123, 7.6652340889, 9.74983406067, 13.1760005951, 12.8320808411, 8.35068225861, 4.91836643219, 8.59133720398, 11.158323288, 12.5102882385, 13.4507255554, 16.3536720276, 19.54945755, 22.263092041, 13.1248340607, 6.00866222382, 3.50354075432, 1.50661075115, 0.658282518387, 0.12833109498, 0.0197574105114, 0.000741119438317, 3.84798004234e-05],
        "dmean2": [0.257603526115, 3.10982680321, 8.2710981369, 12.2311506271, 12.8595457077, 13.2989578247, 10.7981853485, 7.63239812851, 4.26834726334, 12.4745121002, 13.9915018082, 26.4136047363, 32.3424797058, 26.6131839752, 58.4075508118, 54.5467071533, 39.2211074829, 18.1302471161, 11.5511255264, 14.2146558762, 19.7709465027, 18.9499969482, 12.5680732727, 7.35297250748, 12.9872694016, 16.4299430847, 18.0450229645, 20.691614151, 26.7785205841, 33.1675415039, 38.0701560974, 22.9098892212, 10.0073337555, 5.67075300217, 2.50786232948, 1.14375174046, 0.227999329567, 0.0345631353557, 0.0013160596136, 6.21176586719e-05],
        "dvar": [0.148808851838, 25.0539474487, 286.639862061, 557.041931152, 595.676513672, 355.665527344, 153.836212158, 69.9766387939, 38.4095916748, 192.267883301, 273.050872803, 965.556762695, 2277.31860352, 1008.57751465, 10240.53125, 13490.5244141, 5502.82421875, 649.958862305, 206.84677124, 502.045532227, 914.746520996, 868.11126709, 483.548370361, 157.755523682, 502.68939209, 810.756652832, 1174.99914551, 1863.86303711, 1700.62695312, 2358.66870117, 2214.31665039, 792.242370605, 151.839981079, 53.6291770935, 10.1738243103, 4.5814371109, 0.175659865141, 0.00474229734391, 7.65957065596e-06, 5.51351764244e-09],
        "dvar2": [0.382941186428, 57.0162239075, 726.840698242, 1579.27783203, 1687.20837402, 992.264038086, 416.096008301, 190.571472168, 95.0464782715, 442.219787598, 638.914428711, 2054.33813477, 4447.90332031, 2383.05371094, 19815.3886719, 32503.0019531, 14695.7646484, 1428.74047852, 441.493041992, 1082.26086426, 2035.24035645, 1765.50622559, 1097.79052734, 327.509216309, 1031.14099121, 1555.11071777, 2257.62084961, 4587.04345703, 4214.59667969, 6362.33544922, 5848.12011719, 2126.87402344, 368.908782959, 130.734909058, 25.3868103027, 12.4240999222, 0.475946247578, 0.0123171228915, 2.07982848224e-05, 1.39681368694e-08],
        "max": [3.22566461563, 52.8290176392, 163.946289062, 191.152084351, 317.173950195, 234.499771118, 115.725898743, 90.3225631714, 130.688537598, 270.500946045, 274.760101318, 562.700378418, 1134.18701172, 692.357116699, 3014.87768555, 2315.83276367, 1626.30529785, 339.255737305, 178.044525146, 383.697937012, 481.118255615, 398.025360107, 305.672149658, 140.744659424, 294.472229004, 477.340820312, 418.454681396, 513.603942871, 424.479492188, 885.615600586, 476.134735107, 246.287307739, 147.454666138, 108.863334656, 33.4062957764, 20.3419475555, 4.3021531105, 0.613965511322, 0.0265549719334, 0.000591474177781],
        "mean": [0.403983384371, 5.03474569321, 6.52875757217, 6.39420890808, 7.29604721069, 9.81258964539, 8.66798591614, 6.41098690033, 4.22058343887, 13.5713367462, 17.5307884216, 34.3778839111, 40.306930542, 35.4466552734, 76.352684021, 54.7503852844, 43.0180397034, 20.4086856842, 13.8832702637, 16.5689678192, 22.7764339447, 19.8630275726, 11.618262291, 6.80857419968, 11.2176847458, 14.507481575, 16.1187896729, 15.2733440399, 18.1900367737, 18.4712085724, 20.3758525848, 12.0251932144, 6.51290082932, 3.64023828506, 1.43212401867, 0.489064842463, 0.0901044681668, 0.0133223319426, 0.000499826739542, 6.82463432895e-05],
        "median": [0.226211726665, 4.80129003525, 2.70836234093, 1.80929160118, 1.8185352087, 3.05013108253, 3.32969284058, 2.38270497322, 2.38446307182, 6.63010025024, 9.77466869354, 15.9739084244, 16.7700996399, 18.3871479034, 22.6405467987, 13.403594017, 11.894947052, 7.53503370285, 6.65579938889, 5.59677839279, 5.47578382492, 6.17391729355, 3.2223572731, 2.62488937378, 4.01805305481, 4.89816570282, 4.68713235855, 4.92823791504, 5.98469305038, 3.36505532265, 3.26097369194, 2.11285400391, 1.31307983398, 0.740544378757, 0.266699701548, 0.0407856144011, 0.00485825212672, 0.000265830807621, 3.51189191861e-05, 4.8547215556e-05],
        "min": [5.22370564792e-22, 1.41589361712e-20, 8.82839786514e-20, 4.17332749249e-20, 9.35218478488e-20, 3.32483101716e-19, 3.45440782614e-19, 2.86993182808e-19, 2.81055137534e-19, 1.0427433632e-18, 1.40907280857e-18, 1.33661706019e-18, 2.6570114542e-18, 2.45787165084e-18, 5.35839825314e-18, 5.34672425316e-18, 3.63953265669e-18, 5.28789682235e-18, 9.79819754679e-18, 1.02198991862e-17, 5.59118507549e-18, 1.62159726279e-17, 1.13604067158e-17, 1.24470019218e-17, 2.05023795487e-17, 1.80101373027e-17, 1.30313165162e-17, 1.45215229216e-17, 1.81676937027e-17, 2.31506098603e-17, 1.91471946619e-17, 1.67035906359e-17, 1.48267045911e-17, 1.08148397427e-17, 8.83800629174e-18, 5.6221642302e-18, 2.99122323415e-18, 1.05824979436e-18, 3.10432973977e-19, 3.29102530875e-20],
        "stdev": [0.516103744507, 6.3493885994, 15.6146144867, 18.6354808807, 19.7165985107, 19.0413837433, 14.838760376, 10.1683015823, 7.20118236542, 23.8659000397, 23.1682815552, 54.6284751892, 73.1144638062, 50.7978897095, 211.360870361, 143.676971436, 114.722251892, 36.4744415283, 21.9365997314, 31.6338787079, 46.1273117065, 37.1061935425, 25.3014640808, 14.0587453842, 25.1802749634, 33.083114624, 39.8355255127, 41.1588249207, 39.6893806458, 42.9068260193, 44.556602478, 26.0803432465, 13.9230690002, 7.72580862045, 3.11921286583, 1.73793232441, 0.33905133605, 0.058247320354, 0.00223350059241, 7.31791733415e-05],
        "var": [0.266363054514, 40.3147354126, 243.816177368, 347.281158447, 388.744262695, 362.574279785, 220.188812256, 103.394355774, 51.8570289612, 569.581176758, 536.769226074, 2984.27026367, 5345.72509766, 2580.42578125, 44673.4179688, 20643.0722656, 13161.1943359, 1330.3848877, 481.214385986, 1000.70233154, 2127.72875977, 1376.86962891, 640.1640625, 197.64831543, 634.046203613, 1094.49255371, 1586.86914062, 1694.0489502, 1575.24682617, 1840.99560547, 1985.29077148, 680.184265137, 193.851852417, 59.688117981, 9.72948932648, 3.02040886879, 0.114955812693, 0.00339275016449, 4.98852477904e-06, 5.35519184552e-09]
    },
    "gfcc": {
        "mean": [11.9053621292, 76.6416320801, -116.253967285, 36.2697715759, -76.7182540894, 38.68724823, -31.8395442963, 10.1455421448, -23.9306297302, -4.67293453217, -17.5754871368, -5.03136873245, -4.93950414658],
        "cov": [[3322.5390625, -640.476745605, 116.606376648, 276.958557129, 91.2509155273, 245.227706909, 20.1475315094, 185.620071411, 16.0191860199, 145.860900879, -99.6587982178, 166.023696899, -81.7329483032], [-640.476745605, 1678.90551758, 22.5322742462, 86.9629364014, 552.7421875, 116.158584595, 375.167053223, 111.126243591, 252.767822266, -9.16921138763, 238.273513794, -61.2296447754, 224.386917114], [116.606376648, 22.5322742462, 1231.74523926, 420.233459473, 249.822677612, 362.430725098, 180.355560303, 178.039337158, 221.720779419, 153.052627563, 99.0249862671, 146.380859375, 9.47160148621], [276.958557129, 86.9629364014, 420.233459473, 736.028930664, 298.403930664, 151.488265991, 134.34513855, 172.644546509, 260.193664551, 93.4191818237, 110.545082092, 54.147808075, 129.988479614], [91.2509155273, 552.7421875, 249.822677612, 298.403930664, 616.962646484, 259.057006836, 319.222137451, 236.602600098, 248.561508179, 131.173599243, 140.963882446, 70.4352416992, 118.847267151], [245.227706909, 116.158584595, 362.430725098, 151.488265991, 259.057006836, 467.763397217, 331.716583252, 175.490325928, 189.52684021, 177.724685669, 149.825164795, 70.2901000977, 57.6420288086], [20.1475315094, 375.167053223, 180.355560303, 134.34513855, 319.222137451, 331.716583252, 470.416503906, 175.466323853, 186.172821045, 178.562301636, 159.646713257, 41.5676994324, 88.8537902832], [185.620071411, 111.126243591, 178.039337158, 172.644546509, 236.602600098, 175.490325928, 175.466323853, 241.701873779, 177.356430054, 94.6231384277, 75.7994766235, 57.4805488586, 64.9513626099], [16.0191860199, 252.767822266, 221.720779419, 260.193664551, 248.561508179, 189.52684021, 186.172821045, 177.356430054, 289.097137451, 94.4477310181, 112.899765015, 48.9445228577, 96.5396118164], [145.860900879, -9.16921138763, 153.052627563, 93.4191818237, 131.173599243, 177.724685669, 178.562301636, 94.6231384277, 94.4477310181, 171.419311523, 78.155128479, 37.2928962708, 35.758441925], [-99.6587982178, 238.273513794, 99.0249862671, 110.545082092, 140.963882446, 149.825164795, 159.646713257, 75.7994766235, 112.899765015, 78.155128479, 166.753585815, 27.1609115601, 75.6669082642], [166.023696899, -61.2296447754, 146.380859375, 54.147808075, 70.4352416992, 70.2901000977, 41.5676994324, 57.4805488586, 48.9445228577, 37.2928962708, 27.1609115601, 103.843315125, 14.5947942734], [-81.7329483032, 224.386917114, 9.47160148621, 129.988479614, 118.847267151, 57.6420288086, 88.8537902832, 64.9513626099, 96.5396118164, 35.758441925, 75.6669082642, 14.5947942734, 138.279830933]],
        "icov": [[0.000466068420792, -0.000145127793076, 0.000306476809783, -0.000467045872938, 0.000176551242475, -0.000617183395661, 0.000343424995663, -0.000436083442764, 0.000444402685389, -0.000533722224645, 0.00074153119931, -0.000904370914213, 0.000536164210644], [-0.000145127793076, 0.00230622827075, -0.00069912330946, 0.00139175483491, -0.00212662434205, 0.00154592399485, -0.00166343839373, 0.00132796505932, -0.00139005528763, 0.00282521150075, -0.0022993395105, 0.00273680803366, -0.0022508376278], [0.000306476809783, -0.00069912330946, 0.00184915820137, -0.00137385190465, 0.000669886241667, -0.00180384726264, 0.000991705805063, -0.000450651627034, 0.000391321140341, -0.00122553145047, 0.00115459563676, -0.00248749786988, 0.00190552463755], [-0.000467045872938, 0.00139175483491, -0.00137385190465, 0.00371843599714, -0.00185274123214, 0.00189970980864, -0.000699607538991, 0.00100024486892, -0.00251751742326, 0.00160315586254, -0.00197298685089, 0.00281496951357, -0.00303009152412], [0.000176551242475, -0.00212662434205, 0.000669886241667, -0.00185274123214, 0.00546704186127, -0.00139888597187, 3.54829571734e-05, -0.0027590803802, 0.000758785987273, -0.00212639966048, 0.00208993419074, -0.00313036330044, 0.0016154468758], [-0.000617183395661, 0.00154592399485, -0.00180384726264, 0.00189970980864, -0.00139888597187, 0.00789845921099, -0.00391685077921, 0.000508746423293, -0.00207179342397, 0.000496947963256, -0.00383368693292, 0.00230519566685, -0.00117552292068], [0.000343424995663, -0.00166343839373, 0.000991705805063, -0.000699607538991, 3.54829571734e-05, -0.00391685077921, 0.00771124800667, -0.00159278744832, 0.00100638484582, -0.00477438326925, 0.000449612532975, -0.00120098947082, 0.00130015355535], [-0.000436083442764, 0.00132796505932, -0.000450651627034, 0.00100024486892, -0.0027590803802, 0.000508746423293, -0.00159278744832, 0.0107053332031, -0.00468518072739, 0.000743879645597, -0.000350806833012, 0.000134334957693, -0.00191133923363], [0.000444402685389, -0.00139005528763, 0.000391321140341, -0.00251751742326, 0.000758785987273, -0.00207179342397, 0.00100638484582, -0.00468518072739, 0.0103931576014, -0.00168150954414, 0.00019753446395, -0.00202425336465, -9.19989470276e-05], [-0.000533722224645, 0.00282521150075, -0.00122553145047, 0.00160315586254, -0.00212639966048, 0.000496947963256, -0.00477438326925, 0.000743879645597, -0.00168150954414, 0.0151692936197, -0.00433767680079, 0.00286963302642, -0.0026622149162], [0.00074153119931, -0.0022993395105, 0.00115459563676, -0.00197298685089, 0.00208993419074, -0.00383368693292, 0.000449612532975, -0.000350806833012, 0.00019753446395, -0.00433767680079, 0.0148202423006, -0.00421135872602, -0.00105862342753], [-0.000904370914213, 0.00273680803366, -0.00248749786988, 0.00281496951357, -0.00313036330044, 0.00230519566685, -0.00120098947082, 0.000134334957693, -0.00202425336465, 0.00286963302642, -0.00421135872602, 0.0172649715096, -0.00385984568857], [0.000536164210644, -0.0022508376278, 0.00190552463755, -0.00303009152412, 0.0016154468758, -0.00117552292068, 0.00130015355535, -0.00191133923363, -9.19989470276e-05, -0.0026622149162, -0.00105862342753, -0.00385984568857, 0.0148222101852]]
    },
    "melbands": {
        "dmean": [0.00195337110199, 0.00232725474052, 0.0011683201883, 0.000512412458193, 0.000258537766058, 0.000101404890302, 4.2606581701e-05, 8.31567886053e-05, 8.63579698489e-05, 0.000107350329927, 0.000106087893073, 6.99249940226e-05, 0.000139708194183, 9.68429012573e-05, 7.69058678998e-05, 4.14303794969e-05, 2.13722505578e-05, 1.399699795e-05, 9.50084449869e-06, 1.7754808141e-05, 1.6455525838e-05, 1.43392389873e-05, 1.11411145554e-05, 5.5255186453e-06, 3.89353772334e-06, 5.16399813932e-06, 8.97200607142e-06, 7.06070113665e-06, 7.86109467299e-06, 7.25054314898e-06, 8.39079893922e-06, 9.19784270081e-06, 9.72566067503e-06, 1.28931287691e-05, 1.34659121613e-05, 1.23582658489e-05, 6.45439467917e-06, 4.41015936303e-06, 3.44445720657e-06, 2.91089918392e-06],
        "dmean2": [0.00297028827481, 0.00364214088768, 0.00205195695162, 0.000899672158994, 0.000431726512033, 0.000172618310899, 6.82545578456e-05, 0.000136514077894, 0.000133623834699, 0.000163544347743, 0.00016168699949, 0.000106012761535, 0.000203109433642, 0.000145932513988, 0.000117111274449, 6.38937053736e-05, 3.44502113876e-05, 2.11553651752e-05, 1.41071250255e-05, 2.64374539256e-05, 2.53120979323e-05, 2.13474304473e-05, 1.7383172235e-05, 8.62928027345e-06, 5.93623872192e-06, 7.94341667643e-06, 1.37686502057e-05, 1.0524235222e-05, 1.15413567983e-05, 1.06764537122e-05, 1.33454468596e-05, 1.50905752889e-05, 1.60302661243e-05, 2.26193642447e-05, 2.31376488955e-05, 2.16673415707e-05, 1.11322651719e-05, 7.37336586099e-06, 5.65854679735e-06, 4.7376065595e-06],
        "dvar": [1.98537927645e-05, 4.35240472143e-05, 1.4959762666e-05, 2.24992845688e-06, 2.42049452481e-07, 3.50374733671e-08, 8.65423377405e-09, 1.90169853198e-08, 2.33421761919e-08, 3.53422073829e-08, 5.57356365505e-08, 1.68212057616e-08, 1.00410559867e-07, 7.76558906068e-08, 3.64224241878e-08, 1.33040325423e-08, 2.5146975613e-09, 7.40268568666e-10, 3.67478381058e-10, 2.10301087655e-09, 1.58959667651e-09, 1.01542563247e-09, 7.41467387488e-10, 2.92004087576e-10, 9.30966970181e-11, 1.50376558428e-10, 7.93667187526e-10, 3.05328373695e-10, 4.16724821317e-10, 3.96369964628e-10, 8.24831425383e-10, 5.53511181334e-10, 6.41121378209e-10, 9.83680026323e-10, 8.3407386553e-10, 7.51844697611e-10, 1.86898635457e-10, 8.29518537193e-11, 5.07558162166e-11, 4.0405827989e-11],
        "dvar2": [4.83033691125e-05, 9.89202308119e-05, 4.1904138925e-05, 6.42235363557e-06, 6.60629154936e-07, 9.46213418729e-08, 2.0947490853e-08, 4.34982716513e-08, 5.61156348056e-08, 7.38766132713e-08, 1.09562037665e-07, 3.9540363872e-08, 2.08555562153e-07, 1.79423679469e-07, 9.13602775654e-08, 3.13588195411e-08, 5.60308421882e-09, 1.6091373789e-09, 7.08682112993e-10, 4.57507676188e-09, 3.6249090396e-09, 2.07679562436e-09, 1.71747027711e-09, 6.96939395084e-10, 1.96889074489e-10, 3.16242310117e-10, 1.79171510961e-09, 6.31705132648e-10, 7.604850083e-10, 8.39205704928e-10, 2.12026640689e-09, 1.38625044777e-09, 1.6829565519e-09, 2.68063815589e-09, 2.18850138012e-09, 2.06196237862e-09, 4.98134755667e-10, 1.98663502315e-10, 1.25944893403e-10, 9.93454971066e-11],
        "max": [0.0355110764503, 0.062711045146, 0.0298652853817, 0.0173326451331, 0.00536575634032, 0.00193133740686, 0.00171012536157, 0.00259626051411, 0.00215728976764, 0.00375950639136, 0.00557813188061, 0.00285307993181, 0.00802603829652, 0.00500194448978, 0.00314334081486, 0.00236279307865, 0.000755252083763, 0.000330685434164, 0.000431351189036, 0.000810922007076, 0.000684174592607, 0.000472037354484, 0.000329483998939, 0.000230773599469, 0.000105330036604, 0.000164587938343, 0.000479781010654, 0.000297586782835, 0.000241752306465, 0.000226247531828, 0.000339145219186, 0.00022708416509, 0.000442671531346, 0.000469940539915, 0.000313461612677, 0.000236716659856, 0.000124027661514, 0.000114416507131, 0.000106889805465, 0.000102668891486],
        "mean": [0.00489825895056, 0.00459997821599, 0.00114480452612, 0.000572756922338, 0.000359243247658, 0.000143906319863, 6.96419228916e-05, 0.000147789076436, 0.000162058640854, 0.000215340129216, 0.000196988301468, 0.000130540516693, 0.000258998246863, 0.00014950169134, 0.00012163559586, 7.0243004302e-05, 3.52766983269e-05, 2.35622155742e-05, 1.63588611031e-05, 2.75631973636e-05, 2.7085910915e-05, 2.17538963625e-05, 1.47442897287e-05, 7.07575463821e-06, 5.05007164975e-06, 6.92906223776e-06, 1.03734664663e-05, 9.09285427042e-06, 1.01126515801e-05, 8.93813194125e-06, 8.88518934516e-06, 1.03133033917e-05, 9.68048607319e-06, 1.11604904305e-05, 1.22969167933e-05, 1.0495560673e-05, 6.07139418207e-06, 4.72518513561e-06, 3.66986114386e-06, 2.91238939099e-06],
        "median": [0.00410072831437, 0.00389874610119, 0.000342435087077, 0.00021542016475, 0.000146732942085, 5.24856914126e-05, 3.73040602426e-05, 7.61103874538e-05, 8.99776205188e-05, 0.000101860154246, 7.5511088653e-05, 6.45494219498e-05, 6.86685889377e-05, 3.75951858587e-05, 3.08667149511e-05, 2.0291268811e-05, 1.23770614664e-05, 9.74917657004e-06, 7.13316876499e-06, 6.93098763804e-06, 6.00305065745e-06, 6.62469074086e-06, 4.14378610003e-06, 1.9168999188e-06, 1.84629300293e-06, 2.56338807958e-06, 2.97709971164e-06, 3.17392709803e-06, 2.86442650577e-06, 2.45542946686e-06, 2.73925047622e-06, 3.46431829712e-06, 2.14240594687e-06, 1.66678910318e-06, 1.92250490727e-06, 1.72472277882e-06, 1.06261632027e-06, 9.65057552094e-07, 7.14031671123e-07, 5.51686810013e-07],
        "min": [8.20913901522e-24, 3.52928764377e-23, 9.22652503607e-24, 1.44488725811e-23, 1.40382010601e-23, 6.64162585375e-24, 6.00941300279e-24, 1.17802934005e-23, 1.12797824554e-23, 8.7693477982e-24, 1.26815638293e-23, 8.42328950744e-24, 2.20020358883e-23, 1.14647395721e-23, 1.19498251311e-23, 6.98533728332e-24, 9.96292984654e-24, 1.37982721713e-23, 1.94476443237e-23, 8.5026852021e-24, 6.26722970712e-24, 1.60056659117e-23, 1.29104328883e-23, 9.51294070924e-24, 9.73455855878e-24, 1.21190870712e-23, 1.72002790012e-23, 1.14987631429e-23, 8.48026261973e-24, 7.71689296581e-24, 8.84527171602e-24, 8.84112388538e-24, 1.31487454011e-23, 1.36125648478e-23, 1.20496775667e-23, 8.38854649545e-24, 1.08792698852e-23, 1.21751522046e-23, 7.5600461186e-24, 9.24278503705e-24],
        "stdev": [0.00597770651802, 0.00726582063362, 0.00310183316469, 0.00124037731439, 0.000579765939619, 0.000227152369916, 0.000117268697068, 0.000234941209783, 0.000216459520743, 0.000343382183928, 0.00036285672104, 0.000198785943212, 0.000642387371045, 0.000387085427064, 0.000269124750048, 0.000201468385058, 6.7205481173e-05, 4.09522253904e-05, 2.76791870419e-05, 6.46546322969e-05, 5.94369739702e-05, 4.0862509195e-05, 3.03924098262e-05, 1.77552810783e-05, 1.06615916593e-05, 1.40007659866e-05, 2.86412923742e-05, 1.98997731786e-05, 2.46925646934e-05, 2.20259662456e-05, 2.59658099822e-05, 2.25385683734e-05, 2.28925655392e-05, 2.70134023594e-05, 2.7399371902e-05, 2.42600890488e-05, 1.32165823743e-05, 1.04544851638e-05, 7.69933649281e-06, 6.4993300839e-06],
        "var": [3.57329736289e-05, 5.27921511093e-05, 9.62136891758e-06, 1.53853602569e-06, 3.36128522349e-07, 5.15981994909e-08, 1.37519471366e-08, 5.51973720064e-08, 4.6854726321e-08, 1.1791133403e-07, 1.31665004233e-07, 3.95158501476e-08, 4.12661563587e-07, 1.49835130969e-07, 7.24281363773e-08, 4.05895121958e-08, 4.51657689027e-09, 1.67708469334e-09, 7.66137375763e-10, 4.18022105819e-09, 3.53275386722e-09, 1.66974467586e-09, 9.23698617594e-10, 3.15249992777e-10, 1.13669539059e-10, 1.96021449073e-10, 8.20323586836e-10, 3.96000982006e-10, 6.09722772271e-10, 4.85143203388e-10, 6.74223288311e-10, 5.07987096832e-10, 5.24069565522e-10, 7.29723947934e-10, 7.50725537291e-10, 5.88551929415e-10, 1.74678049802e-10, 1.09296266482e-10, 5.92797755328e-11, 4.22412903267e-11]
    },
    "melbands128": {
