{
"lowlevel": {
    "average_loudness": 0.982307255268,
    "barkbands_crest": {
        "dmean": 3.16756391525,
        "dmean2": 5.06363105774,
        "dvar": 9.78431987762,
        "dvar2": 22.8843173981,
        "max": 25.7473545074,
        "mean": 11.0219678879,
        "median": 9.97134304047,
        "min": 2.38517260551,
        "stdev": 4.68287611008,
        "var": 21.9293270111
    },
    "barkbands_flatness_db": {
        "dmean": 0.0360418483615,
        "dmean2": 0.0520843528211,
        "dvar": 0.0014223101316,
        "dvar2": 0.00267123407684,
        "max": 0.416236430407,
        "mean": 0.158881410956,
        "median": 0.154945656657,
        "min": 0.0331318378448,
        "stdev": 0.062900736928,
        "var": 0.00395650276914
    },
    "barkbands_kurtosis": {
        "dmean": 8.55117702484,
        "dmean2": 13.7689685822,
        "dvar": 664.602539062,
        "dvar2": 1763.35656738,
        "max": 407.591949463,
        "mean": 10.6200685501,
        "median": 5.25071144104,
        "min": -1.809217453,
        "stdev": 24.1658725739,
        "var": 583.989440918
    },
    "barkbands_skewness": {
        "dmean": 0.924871385098,
        "dmean2": 1.40829527378,
        "dvar": 1.61414504051,
        "dvar2": 3.61302757263,
        "max": 17.6289958954,
        "mean": 2.20480680466,
        "median": 1.91896998882,
        "min": -3.08131599426,
        "stdev": 1.74025082588,
        "var": 3.02847313881
    },
    "barkbands_spread": {
        "dmean": 6.84055709839,
        "dmean2": 10.4051084518,
        "dvar": 81.9446716309,
        "dvar2": 186.981719971,
        "max": 94.7400588989,
        "mean": 16.1746482849,
        "median": 13.120007515,
        "min": 0.385619550943,
        "stdev": 11.7945518494,
        "var": 139.111450195
    },
    "dissonance": {
        "dmean": 0.0373455248773,
        "dmean2": 0.06058190763,
        "dvar": 0.00140328193083,
        "dvar2": 0.00358278886415,
        "max": 0.499890804291,
        "mean": 0.430431306362,
        "median": 0.441607624292,
        "min": 0.0246364250779,
        "stdev": 0.0508046224713,
        "var": 0.00258110975847
    },
    "dynamic_complexity": 2.64348864555,
    "erbbands_crest": {
        "dmean": 3.0416560173,
        "dmean2": 4.95048046112,
        "dvar": 7.05234670639,
        "dvar2": 17.3682994843,
        "max": 26.6655445099,
        "mean": 9.72592926025,
        "median": 9.05088996887,
        "min": 2.55378127098,
        "stdev": 4.09980964661,
        "var": 16.8084373474
    },
    "erbbands_flatness_db": {
        "dmean": 0.0235271286219,
        "dmean2": 0.0324653200805,
        "dvar": 0.000558646745048,
        "dvar2": 0.00103234639391,
        "max": 0.32739174366,
        "mean": 0.158733144403,
        "median": 0.152739331126,
        "min": 0.0538987666368,
        "stdev": 0.0457474552095,
        "var": 0.00209282967262
    },
    "erbbands_kurtosis": {
        "dmean": 1.94121479988,
        "dmean2": 2.97042560577,
        "dvar": 5.43931865692,
        "dvar2": 12.2638282776,
        "max": 20.4025917053,
        "mean": 2.5944583416,
        "median": 1.88984823227,
        "min": -1.75021529198,
        "stdev": 3.47253990173,
        "var": 12.0585327148
    },
    "erbbands_skewness": {
        "dmean": 0.544343113899,
        "dmean2": 0.827932596207,
        "dvar": 0.281971544027,
        "dvar2": 0.670415997505,
        "max": 4.06115341187,
        "mean": 1.01563107967,
        "median": 1.0098695755,
        "min": -3.3719997406,
        "stdev": 0.829564869404,
        "var": 0.68817782402
    },
    "erbbands_spread": {
        "dmean": 12.4194002151,
        "dmean2": 17.3707027435,
        "dvar": 230.282653809,
        "dvar2": 489.190307617,
        "max": 146.914627075,
        "mean": 36.3668212891,
        "median": 30.4642829895,
        "min": 3.61469221115,
        "stdev": 23.6840953827,
        "var": 560.936340332
    },
    "hfc": {
        "dmean": 9.86683273315,
        "dmean2": 14.2511663437,
        "dvar": 280.955322266,
        "dvar2": 652.054321289,
        "max": 116.020942688,
        "mean": 16.1652851105,
        "median": 10.7138404846,
        "min": 1.16539372155e-16,
        "stdev": 18.7944869995,
        "var": 353.232757568
    },
    "loudness_ebu128": {
        "integrated": -8.05920219421,
        "loudness_range": 1.3878698349,
        "momentary": {
            "dmean": 0.933494985104,
            "dmean2": 1.42756462097,
            "dvar": 0.588773548603,
            "dvar2": 1.07716274261,
            "max": -5.93740081787,
            "mean": -8.31343269348,
            "median": -8.01464271545,
            "min": -13.8623218536,
            "stdev": 1.59091985226,
            "var": 2.53102612495
        },
        "short_term": {
            "dmean": 0.108064524829,
            "dmean2": 0.141007855535,
            "dvar": 0.00790082011372,
            "dvar2": 0.0130323478952,
            "max": -7.23560333252,
            "mean": -8.06681156158,
            "median": -7.96191310883,
            "min": -9.47090435028,
            "stdev": 0.487957596779,
            "var": 0.23810261488
        }
    },
    "melbands_crest": {
        "dmean": 4.41436386108,
        "dmean2": 7.07270812988,
        "dvar": 17.0211963654,
        "dvar2": 39.9038276672,
        "max": 38.9031562805,
        "mean": 15.3889131546,
        "median": 14.1375246048,
        "min": 1.98636698723,
        "stdev": 6.47637367249,
        "var": 41.9434165955
    },
    "melbands_flatness_db": {
        "dmean": 0.0454824306071,
        "dmean2": 0.0634954869747,
        "dvar": 0.00239416444674,
        "dvar2": 0.00457001198083,
        "max": 0.53764462471,
        "mean": 0.232006072998,
        "median": 0.227296814322,
        "min": 0.00588766625151,
        "stdev": 0.0872627198696,
        "var": 0.00761478208005
    },
    "melbands_kurtosis": {
        "dmean": 16.8368988037,
        "dmean2": 26.783367157,
        "dvar": 1244.19250488,
        "dvar2": 2821.63818359,
        "max": 400.391326904,
        "mean": 23.3437385559,
        "median": 10.2781095505,
        "min": -1.748929739,
        "stdev": 41.8242263794,
        "var": 1749.26586914
    },
    "melbands_skewness": {
        "dmean": 1.17415010929,
        "dmean2": 1.75759673119,
        "dvar": 2.41008114815,
        "dvar2": 5.216360569,
        "max": 14.9800434113,
        "mean": 2.96255040169,
        "median": 2.35223984718,
        "min": -0.77839577198,
        "stdev": 2.30634593964,
        "var": 5.31923151016
    },
    "melbands_spread": {
        "dmean": 8.03169250488,
        "dmean2": 12.7955379486,
        "dvar": 221.447677612,
        "dvar2": 486.335205078,
        "max": 173.485275269,
        "mean": 16.4546451569,
        "median": 12.8173742294,
        "min": 0.423315942287,
        "stdev": 16.5911712646,
        "var": 275.266967773
    },
    "pitch_salience": {
        "dmean": 0.098702006042,
        "dmean2": 0.160887286067,
        "dvar": 0.0111117810011,
        "dvar2": 0.0250423196703,
        "max": 0.892876565456,
        "mean": 0.563551187515,
        "median": 0.587333500385,
        "min": 0.0808339565992,
        "stdev": 0.16559304297,
        "var": 0.027421053499
    },
    "silence_rate_20dB": {
        "dmean": 0,
        "dmean2": 0,
        "dvar": 0,
        "dvar2": 0,
        "max": 1,
        "mean": 1,
        "median": 1,
        "min": 1,
        "stdev": 0,
        "var": 0
    },
    "silence_rate_30dB": {
        "dmean": 0.0588235296309,
        "dmean2": 0.117738187313,
        "dvar": 0.0553634986281,
        "dvar2": 0.147251009941,
        "max": 1,
        "mean": 0.961330235004,
        "median": 1,
        "min": 0,
        "stdev": 0.192806720734,
        "var": 0.0371744297445
    },
    "silence_rate_60dB": {
        "dmean": 0.065789476037,
        "dmean2": 0.131680861115,
        "dvar": 0.0614612400532,
        "dvar2": 0.134479835629,
        "max": 1,
        "mean": 0.0959010049701,
        "median": 0,
        "min": 0,
        "stdev": 0.29445412755,
        "var": 0.0867032334208
    },
    "spectral_centroid": {
        "dmean": 325.350585938,
        "dmean2": 501.336517334,
        "dvar": 336064.3125,
        "dvar2": 664560.3125,
        "max": 11198.8535156,
        "mean": 955.32611084,
        "median": 809.562866211,
        "min": 156.336227417,
        "stdev": 664.864318848,
        "var": 442044.59375
    },
    "spectral_complexity": {
        "dmean": 5.44814252853,
        "dmean2": 7.88768386841,
        "dvar": 62.9300193787,
        "dvar2": 118.240753174,
        "max": 59,
        "mean": 13.6395978928,
        "median": 11,
        "min": 0,
        "stdev": 10.7095632553,
        "var": 114.694747925
    },
    "spectral_decrease": {
        "dmean": 3.66904107096e-09,
        "dmean2": 5.54854562296e-09,
        "dvar": 3.02889552079e-17,
        "dvar2": 6.10130603576e-17,
        "max": -7.51710438818e-29,
        "mean": -7.6573867247e-09,
        "median": -4.61002569452e-09,
        "min": -3.68727590683e-08,
        "stdev": 8.33801205857e-09,
        "var": 6.95224459899e-17
    },
    "spectral_energy": {
        "dmean": 0.014466656372,
        "dmean2": 0.0217352192849,
        "dvar": 0.000450732622994,
        "dvar2": 0.000900682120118,
        "max": 0.142019718885,
        "mean": 0.0303670018911,
        "median": 0.0185610502958,
        "min": 1.08541824108e-20,
        "stdev": 0.0322638861835,
        "var": 0.00104095833376
    },
    "spectral_energyband_high": {
        "dmean": 0.000653524068184,
        "dmean2": 0.000982675002888,
        "dvar": 1.5642173139e-06,
        "dvar2": 3.37774099535e-06,
        "max": 0.00966053176671,
        "mean": 0.000810837722383,
        "median": 0.000244208407821,
        "min": 7.9803517832e-21,
        "stdev": 0.00140878104139,
        "var": 1.98466409529e-06
    },
    "spectral_energyband_low": {
        "dmean": 0.00973125826567,
        "dmean2": 0.0156725402921,
        "dvar": 0.000454109744169,
        "dvar2": 0.00103067979217,
        "max": 0.135103046894,
        "mean": 0.0159707311541,
        "median": 0.00216077966616,
        "min": 6.10723806592e-23,
        "stdev": 0.0288391411304,
        "var": 0.000831696088426
    },
    "spectral_energyband_middle_high": {
        "dmean": 0.00210257968865,
        "dmean2": 0.00324232969433,
        "dvar": 1.24884199977e-05,
        "dvar2": 3.11328731186e-05,
        "max": 0.0252150353044,
        "mean": 0.00325469207019,
        "median": 0.00189839839004,
        "min": 1.70030630176e-21,
        "stdev": 0.00406844075769,
        "var": 1.65522105817e-05
    },
    "spectral_energyband_middle_low": {
        "dmean": 0.00657449569553,
        "dmean2": 0.0108090899885,
        "dvar": 0.000132705827127,
        "dvar2": 0.00033889664337,
        "max": 0.0791420564055,
        "mean": 0.0109364828095,
        "median": 0.00827426463366,
        "min": 2.80834810425e-22,
        "stdev": 0.0116580184549,
        "var": 0.000135909387609
    },
    "spectral_entropy": {
        "dmean": 0.289332002401,
        "dmean2": 0.407387971878,
        "dvar": 0.101576291025,
        "dvar2": 0.186296984553,
        "max": 9.80995559692,
        "mean": 7.39502573013,
        "median": 7.40523386002,
        "min": 5.55575609207,
        "stdev": 0.542530536652,
        "var": 0.294339388609
    },
    "spectral_flux": {
        "dmean": 0.0411598943174,
        "dmean2": 0.062446244061,
        "dvar": 0.00221220124513,
        "dvar2": 0.00410147989169,
        "max": 0.3465526402,
        "mean": 0.0977830961347,
        "median": 0.0707446485758,
        "min": 1.04183404959e-10,
        "stdev": 0.0767730996013,
        "var": 0.00589410867542
    },
    "spectral_kurtosis": {
        "dmean": 2.54252767563,
        "dmean2": 3.71595978737,
        "dvar": 17.0212268829,
        "dvar2": 35.9298019409,
        "max": 62.2031707764,
        "mean": 5.51199007034,
        "median": 3.82754659653,
        "min": -1.18228495121,
        "stdev": 5.43189573288,
        "var": 29.5054893494
    },
    "spectral_rms": {
        "dmean": 0.00120943540242,
        "dmean2": 0.00171164888889,
        "dvar": 2.31047351917e-06,
        "dvar2": 3.93412710764e-06,
        "max": 0.0117709739134,
        "mean": 0.00474527385086,
        "median": 0.00425538979471,
        "min": 3.25414304878e-12,
        "stdev": 0.00266621890478,
        "var": 7.10872382115e-06
    },
    "spectral_rolloff": {
        "dmean": 573.547119141,
        "dmean2": 942.507751465,
        "dvar": 1586526.75,
        "dvar2": 3310385,
        "max": 17958.6914062,
        "mean": 1101.00878906,
        "median": 775.1953125,
        "min": 43.06640625,
        "stdev": 1380.96826172,
        "var": 1907073.25
    },
    "spectral_skewness": {
        "dmean": 0.378606051207,
        "dmean2": 0.527953565121,
        "dvar": 0.216714128852,
        "dvar2": 0.40492618084,
        "max": 6.13971471786,
        "mean": 1.94501984119,
        "median": 1.81091499329,
        "min": -0.00509785953909,
        "stdev": 0.761474847794,
        "var": 0.579843938351
    },
    "spectral_spread": {
        "dmean": 1014673.3125,
        "dmean2": 1430330.125,
        "dvar": 1.7307982889e+12,
        "dvar2": 2.74499633152e+12,
        "max": 39644796,
        "mean": 5797586,
        "median": 5552803.5,
        "min": 1564426.5,
        "stdev": 2146052.5,
        "var": 4.60554135142e+12
    },
    "spectral_strongpeak": {
        "dmean": 0.449303537607,
        "dmean2": 0.746379554272,
        "dvar": 0.292517483234,
        "dvar2": 0.688566923141,
        "max": 4.31293869019,
        "mean": 0.73681563139,
        "median": 0.44534561038,
        "min": 0,
        "stdev": 0.741284489632,
        "var": 0.54950273037
    },
    "zerocrossingrate": {
        "dmean": 0.0144383106381,
        "dmean2": 0.0166204739362,
        "dvar": 0.000489170721266,
        "dvar2": 0.00054533930961,
        "max": 0.4931640625,
        "mean": 0.0534152500331,
        "median": 0.04736328125,
        "min": 0.00244140625,
        "stdev": 0.0377711169422,
        "var": 0.00142665719613
    },
    "barkbands": {
        "dmean": [0.00101503520273, 0.00772302597761, 0.00471962848678, 0.00160787126515, 0.00286883721128, 0.00144529622048, 0.00106669566594, 0.000948267057538, 0.000918973353691, 0.000466134020826, 0.000431634514825, 0.00033018598333, 0.000248304248089, 0.000180770381121, 0.000137568436912, 0.000115662638564, 0.000154716108227, 0.000245285220444, 0.000305010704324, 0.000160629075253, 0.000156171401613, 0.000128306855913, 0.00010962329543, 0.000104594641016, 0.000104996441223, 2.3746615625e-05, 1.44897273913e-06],
        "dmean2": [0.00180783856194, 0.012738475576, 0.00788881722838, 0.00288680568337, 0.00467674341053, 0.00244074850343, 0.00175613164902, 0.00151654682122, 0.00138630357105, 0.000702062214259, 0.000657141441479, 0.00053288124036, 0.000389554305002, 0.000285443238681, 0.000232295162277, 0.000183048352483, 0.000258964806562, 0.000417844392359, 0.000545611663256, 0.00026754103601, 0.000249182601692, 0.000195170636289, 0.000160390409292, 0.000153966961079, 0.00015838634863, 3.6054301745e-05, 2.40105623561e-06],
        "dvar": [5.93008235228e-06, 0.000327692279825, 0.000230624296819, 1.72667387233e-05, 3.96172763431e-05, 6.79055165165e-06, 2.57966848949e-06, 2.7708183552e-06, 2.13258454096e-06, 7.69993278027e-07, 6.42658108063e-07, 3.33952243636e-07, 1.90244620057e-07, 1.04394885625e-07, 7.17468537914e-08, 6.05365002571e-08, 1.50980653757e-07, 3.56486395958e-07, 1.09850009267e-06, 2.11495617464e-07, 1.43514157003e-07, 6.35004724359e-08, 4.87514775216e-08, 3.30790754788e-08, 3.02863902846e-08, 1.38012679063e-09, 5.92726085227e-12],
        "dvar2": [1.75560835487e-05, 0.000882722553797, 0.000603085616603, 4.95777967444e-05, 9.60479155765e-05, 1.90190403373e-05, 6.41407632429e-06, 6.63431728753e-06, 4.63047581434e-06, 1.56224132297e-06, 1.41542921028e-06, 8.42086308239e-07, 4.39437002342e-07, 2.59031111227e-07, 1.80433147534e-07, 1.52728631519e-07, 3.90560472852e-07, 9.56993858381e-07, 3.08719040731e-06, 5.74130922359e-07, 3.4336883914e-07, 1.45544575503e-07, 9.90899735598e-08, 6.69457236313e-08, 6.38018349264e-08, 3.15987169763e-09, 1.4840377191e-11],
        "max": [0.0196150951087, 0.112500429153, 0.096385166049, 0.0319895669818, 0.045195709914, 0.0220136977732, 0.012352139689, 0.0152071528137, 0.0149146225303, 0.0134594980627, 0.0133165763691, 0.00773990619928, 0.00435734074563, 0.00281530618668, 0.00237583299167, 0.00257009803317, 0.00409450707957, 0.00457347836345, 0.00821255706251, 0.00507784541696, 0.00370770902373, 0.00238071056083, 0.00214498187415, 0.00212954217568, 0.00186987931374, 0.000305569905322, 2.30724526773e-05],
        "mean": [0.00138046173379, 0.0100195249543, 0.0040285284631, 0.0014632960083, 0.00311053637415, 0.00212453235872, 0.0014607651392, 0.00124155683443, 0.00141455209814, 0.000698266318068, 0.000636030628812, 0.000497008499224, 0.000305940833641, 0.000232928316109, 0.000151392363477, 0.000127967228764, 0.000151737811393, 0.000215082691284, 0.000221573878662, 0.000148565493873, 0.000156870170031, 0.000139323776239, 0.000135684415, 0.000132533052238, 0.00013856953592, 3.22193591273e-05, 1.55281293246e-06],
        "median": [0.000135548441904, 0.000495437299833, 0.000333921838319, 0.000521018984728, 0.00116152944975, 0.00114327960182, 0.000521038542502, 0.000446436199127, 0.000596956291702, 0.000247315852903, 0.000235905317822, 0.000182242903975, 8.48930139909e-05, 6.45784530207e-05, 4.36652808276e-05, 3.34101241606e-05, 3.08004855469e-05, 3.76657844754e-05, 2.45498704317e-05, 2.10114103538e-05, 1.83324755199e-05, 2.34314356931e-05, 2.94009878417e-05, 3.59892728738e-05, 4.54537439509e-05, 1.4641413145e-05, 4.75981948966e-07],
        "min": [4.60929178667e-24, 4.67887917927e-23, 8.70382580027e-24, 8.04144217513e-24, 2.39383044465e-23, 5.62013665179e-23, 6.2082507582e-23, 3.04984796229e-23, 9.45661462065e-23, 5.99166615677e-23, 2.06472019934e-23, 1.25277776046e-22, 1.25891270017e-22, 9.83449287821e-23, 1.28681515215e-22, 1.66322044862e-22, 2.88772038552e-22, 2.49394121648e-22, 3.08154691782e-22, 4.18953399229e-22, 3.52613781684e-22, 4.01796166789e-22, 6.81506503325e-22, 8.64159685487e-22, 1.40617018576e-21, 1.94724940102e-21, 2.22949469475e-21],
        "stdev": [0.00255338358693, 0.0208174530417, 0.0133329732344, 0.00335733499378, 0.00629234174266, 0.00282668927684, 0.00214807316661, 0.00192983599845, 0.00204827357084, 0.00140247889794, 0.00112458027434, 0.000850826501846, 0.000528004951775, 0.000377579621272, 0.00027557235444, 0.000251781602856, 0.000356031465344, 0.000529281271156, 0.000833905534819, 0.000398881005822, 0.000375431322027, 0.00027197052259, 0.000262613670202, 0.000223594877752, 0.000219075023779, 4.40808980784e-05, 2.62667231254e-06],
        "var": [6.51976733934e-06, 0.000433366367361, 0.00017776817549, 1.12716988951e-05, 3.95935639972e-05, 7.99017198005e-06, 4.61421859654e-06, 3.72426688955e-06, 4.19542493546e-06, 1.96694691112e-06, 1.26468069084e-06, 7.2390571404e-07, 2.78789229924e-07, 1.42566378258e-07, 7.59401217465e-08, 6.33939691852e-08, 1.26758394003e-07, 2.80138635844e-07, 6.9539839842e-07, 1.59106065212e-07, 1.40948671401e-07, 7.39679677508e-08, 6.89659387376e-08, 4.99946679611e-08, 4.79938648823e-08, 1.94312566038e-09, 6.89940769447e-12]
    },
    "erbbands": {
        "dmean": [0.274457454681, 1.73424363136, 4.86273908615, 5.26888084412, 6.2574505806, 12.5492601395, 8.29497337341, 14.0230016708, 13.673207283, 19.783416748, 19.0904273987, 20.1899528503, 14.5311136246, 15.6932449341, 15.3879098892, 10.2896356583, 10.5712308884, 9.95087718964, 7.36553382874, 6.93640232086, 6.17615222931, 9.15151119232, 11.3517389297, 19.8558216095, 9.41426467896, 8.11050605774, 6.64554357529, 5.91803836823, 4.48977088928, 3.77527356148, 3.19257354736, 2.22718048096, 1.80414426327, 1.30786025524, 0.66008412838, 0.166925221682, 0.036579888314, 0.00535654183477, 0.000158771756105, 1.98591787921e-05],
        "dmean2": [0.371802926064, 2.98260211945, 7.44862651825, 9.28109359741, 11.0356779099, 19.9758491516, 13.89889431, 23.4895362854, 22.5637397766, 32.5691146851, 29.2179336548, 30.8804168701, 21.5169944763, 23.8358058929, 23.2688083649, 16.1596107483, 16.4781589508, 15.4754781723, 11.8888111115, 11.0271263123, 9.82172107697, 15.1643667221, 19.0725822449, 35.3513183594, 16.2696437836, 13.4878845215, 10.9324483871, 9.21503257751, 6.68017864227, 5.64734792709, 4.64652347565, 3.20636105537, 2.70436668396, 1.96086871624, 0.994275450706, 0.253344595432, 0.0561244152486, 0.00832279957831, 0.000251328281593, 2.95137615467e-05],
        "dvar": [0.424724519253, 18.5914287567, 215.17741394, 228.048492432, 196.219558716, 965.678405762, 302.666870117, 607.505249023, 492.328277588, 1024.84765625, 841.535827637, 1327.23669434, 593.899658203, 729.093200684, 644.595397949, 264.055206299, 358.760528564, 312.081115723, 196.065109253, 183.871551514, 206.365997314, 526.630187988, 786.745666504, 4714.24755859, 703.557067871, 569.375976562, 320.802001953, 185.361999512, 75.9422683716, 51.7736778259, 44.9955635071, 15.7460165024, 9.89166545868, 4.49132823944, 1.31440865993, 0.0764979571104, 0.00311124324799, 6.57895870972e-05, 6.19606410623e-08, 7.75910891093e-10],
        "dvar2": [0.856651544571, 54.0232696533, 505.576049805, 631.568664551, 551.65802002, 2154.84692383, 797.241149902, 1639.96264648, 1224.87768555, 2544.41259766, 1909.0892334, 2941.90600586, 1303.5793457, 1533.72033691, 1437.64428711, 630.21685791, 836.821350098, 776.839477539, 495.86428833, 445.606842041, 539.575256348, 1376.90234375, 2100.99194336, 13139.21875, 1958.45471191, 1553.93249512, 860.310119629, 408.989746094, 165.94303894, 110.64655304, 96.2073898315, 31.6447887421, 21.3501319885, 9.18440341949, 2.9134247303, 0.170632168651, 0.00755613902584, 0.000158363618539, 1.54469347535e-07, 1.47243217619e-09],
        "max": [4.7351064682, 26.5883083344, 97.7391967773, 100.5262146, 115.335334778, 257.555145264, 160.967330933, 210.668884277, 201.370101929, 256.380126953, 221.822631836, 454.475524902, 357.09777832, 517.857971191, 316.546783447, 177.421142578, 222.962005615, 153.055648804, 160.070800781, 115.081161499, 150.32901001, 244.15322876, 206.966827393, 545.070251465, 240.357589722, 271.51171875, 210.34413147, 98.3157272339, 74.7412643433, 69.4308929443, 69.9853973389, 41.9176826477, 38.0060691833, 20.7585716248, 13.5142354965, 2.26132392883, 0.454788118601, 0.0864253491163, 0.00274376454763, 0.000178045622306],
        "mean": [0.358544379473, 1.96122980118, 4.76072311401, 4.80554676056, 6.46279096603, 13.1322460175, 11.0933570862, 21.1688079834, 20.1357803345, 25.9996166229, 27.3692531586, 30.242767334, 22.9605407715, 25.1400337219, 24.6421737671, 16.738035202, 13.9982852936, 12.8799858093, 9.42415237427, 8.00585365295, 6.86047410965, 9.1032781601, 10.6483345032, 14.306886673, 7.8050236702, 7.47581768036, 6.23273706436, 6.04694986343, 4.92496299744, 4.49194574356, 3.78584289551, 2.81976914406, 2.25182390213, 1.75153172016, 0.831278979778, 0.215305671096, 0.0488479584455, 0.00709676556289, 0.0002148415806, 4.28583407484e-05],
        "median": [0.0159855987877, 0.0733842626214, 0.371146917343, 1.33658897877, 3.0331761837, 3.64458847046, 5.27398538589, 11.4719381332, 9.84011077881, 9.73688602448, 12.3162813187, 12.3095121384, 10.4815835953, 11.5908994675, 9.55941104889, 7.09529781342, 4.86312627792, 3.63969373703, 2.90446996689, 2.3144299984, 1.67866051197, 1.95418453217, 2.18775033951, 1.2734940052, 1.33926939964, 1.00173854828, 0.757760763168, 0.715568840504, 0.753974497318, 0.953624248505, 0.761678099632, 0.672826051712, 0.60288721323, 0.54022860527, 0.273722052574, 0.0711648762226, 0.0247004311532, 0.00373469432816, 0.000115909286251, 2.71818989859e-05],
        "min": [1.51078975205e-21, 1.0168700099e-20, 1.20496950794e-20, 1.47275452941e-20, 7.58441322039e-20, 5.89153122813e-20, 1.01192422916e-19, 6.49661500943e-19, 1.020676666e-18, 5.23297668257e-19, 1.02616366519e-18, 2.2892029065e-18, 1.75554443918e-18, 1.29773781364e-18, 1.44513261e-18, 5.45490334726e-18, 5.32248992916e-18, 5.20490248277e-18, 8.1795084856e-18, 4.94961221186e-18, 1.21916537482e-17, 1.71321942703e-17, 1.48146707676e-17, 1.73301055036e-17, 1.37898841513e-17, 2.05303663776e-17, 1.56252879155e-17, 1.51854164268e-17, 1.270940181e-17, 1.86586799901e-17, 1.86794637302e-17, 1.76306963208e-17, 1.5045191115e-17, 1.49666387353e-17, 9.86499320843e-18, 7.49636317875e-18, 3.4966190079e-18, 1.24540902392e-18, 3.69533555328e-19, 3.04422595635e-20],
        "stdev": [0.781357347965, 4.45334243774, 14.3473787308, 12.6311569214, 11.4213428497, 32.7215538025, 17.5601444244, 29.0629119873, 28.2234363556, 36.4026107788, 37.015586853, 49.2400588989, 37.0966644287, 40.1860046387, 38.1877708435, 24.4380741119, 23.0028934479, 20.7108650208, 15.3984260559, 14.6742105484, 13.8639783859, 20.950592041, 25.0471801758, 55.2748451233, 21.974401474, 20.5449810028, 15.7077417374, 14.4676790237, 9.72696495056, 8.27381706238, 7.61707258224, 4.89835691452, 3.76109671593, 2.74298715591, 1.38449323177, 0.331462860107, 0.0637975260615, 0.00935628730804, 0.000279488274828, 4.16048678744e-05],
        "var": [0.61051928997, 19.8322582245, 205.84727478, 159.546127319, 130.447067261, 1070.70007324, 308.358642578, 844.652832031, 796.56237793, 1325.15014648, 1370.15356445, 2424.58349609, 1376.16259766, 1614.91503906, 1458.3059082, 597.219482422, 529.133117676, 428.939910889, 237.11151123, 215.332458496, 192.209884644, 438.927337646, 627.361206055, 3055.30859375, 482.874328613, 422.096282959, 246.733154297, 209.313735962, 94.6138458252, 68.4560546875, 58.0197982788, 23.9938983917, 14.1458482742, 7.52397823334, 1.9168214798, 0.109867632389, 0.00407012412325, 8.75401092344e-05, 7.81136932915e-08, 1.73096503797e-09]
    },
    "gfcc": {
        "mean": [-28.2919445038, 84.5103683472, -97.0281524658, 7.41517591476, -75.8270339966, 15.8558616638, -44.9613952637, 10.8772134781, -30.4867591858, 1.84087145329, -15.888543129, 1.76231467724, -12.8046274185],
        "cov": [[8815.50976562, -1033.38305664, 42.8806915283, 1083.08044434, -172.354278564, 161.894561768, -108.347961426, 346.973602295, 10.2256317139, 166.580688477, -94.3545761108, 75.7411117554, -77.5559539795], [-1033.38305664, 1508.83007812, 727.208007812, 102.285194397, 560.580078125, 278.066223145, 377.364257812, 93.9942016602, 254.407455444, 56.7101707458, 277.069549561, 74.6455459595, 150.695297241], [42.8806915283, 727.208007812, 1430.2479248, 495.440460205, 387.049133301, 373.446960449, 290.197540283, 218.090637207, 248.895385742, 176.370635986, 212.005279541, 124.515113831, 112.088539124], [1083.08044434, 102.285194397, 495.440460205, 909.771789551, 199.48475647, 151.582931519, 96.3667221069, 81.7184448242, 166.125442505, 78.0556640625, 120.656990051, 104.373573303, 103.345718384], [-172.354278564, 560.580078125, 387.049133301, 199.48475647, 484.218109131, 240.077468872, 210.550048828, 132.471954346, 166.199050903, 93.4938964844, 131.965667725, 44.616153717, 88.2652282715], [161.894561768, 278.066223145, 373.446960449, 151.582931519, 240.077468872, 319.553924561, 219.302703857, 126.564338684, 130.566299438, 79.2901535034, 102.620536804, 41.0535430908, 44.4482536316], [-108.347961426, 377.364257812, 290.197540283, 96.3667221069, 210.550048828, 219.302703857, 382.304473877, 123.50151062, 131.076873779, 37.5684814453, 113.040756226, 77.623878479, 17.1759147644], [346.973602295, 93.9942016602, 218.090637207, 81.7184448242, 132.471954346, 126.564338684, 123.50151062, 238.708709717, 97.2806854248, 85.682975769, 64.0627288818, 19.7595348358, 44.3667526245], [10.2256317139, 254.407455444, 248.895385742, 166.125442505, 166.199050903, 130.566299438, 131.076873779, 97.2806854248, 217.177459717, 65.0873641968, 78.9029998779, 40.9224052429, 34.7557449341], [166.580688477, 56.7101707458, 176.370635986, 78.0556640625, 93.4938964844, 79.2901535034, 37.5684814453, 85.682975769, 65.0873641968, 135.463104248, 52.2795753479, 10.6736383438, 36.3629798889], [-94.3545761108, 277.069549561, 212.005279541, 120.656990051, 131.965667725, 102.620536804, 113.040756226, 64.0627288818, 78.9029998779, 52.2795753479, 157.958618164, 62.4321365356, 65.7490234375], [75.7411117554, 74.6455459595, 124.515113831, 104.373573303, 44.616153717, 41.0535430908, 77.623878479, 19.7595348358, 40.9224052429, 10.6736383438, 62.4321365356, 123.605033875, 39.5281944275], [-77.5559539795, 150.695297241, 112.088539124, 103.345718384, 88.2652282715, 44.4482536316, 17.1759147644, 44.3667526245, 34.7557449341, 36.3629798889, 65.7490234375, 39.5281944275, 132.310089111]],
        "icov": [[0.000188228616025, -4.84422635054e-05, 0.000128379906528, -0.000330804206897, 0.00018519393052, -0.000282764434814, 0.000195014668861, -0.000443418306531, 0.000222856513574, -0.000205830379855, 0.000258279877016, -0.000261460692855, 0.000357748300303], [-4.84422635054e-05, 0.00249324808829, -0.000978668686002, 0.000958557531703, -0.00208682846278, 0.00134119507857, -0.00133619166445, 0.00154524028767, -0.00126087141689, 0.00166027492378, -0.0025515051093, 0.00165659852792, -0.00154291163199], [0.000128379906528, -0.000978668686002, 0.00171619269531, -0.000912135641556, 0.00073905591853, -0.00145044887904, 0.00062960217474, -0.00101042201277, 0.000440030213213, -0.00131550861988, 0.000771898310632, -0.0011795819737, 0.000914569129236], [-0.000330804206897, 0.000958557531703, -0.000912135641556, 0.00243853614666, -0.0011443591211, 0.00084389327094, -0.00042996686534, 0.0014328105608, -0.00152722920757, 0.000978899654001, -0.00138280645479, 0.000298856262816, -0.00163234421052], [0.00018519393052, -0.00208682846278, 0.00073905591853, -0.0011443591211, 0.00600284337997, -0.00279839872383, 0.000448321748991, -0.00153164658695, 7.80417904025e-05, -0.00192482618149, 0.00155941676348, -0.000567836337723, 4.72672982141e-05], [-0.000282764434814, 0.00134119507857, -0.00145044887904, 0.00084389327094, -0.00279839872383, 0.00869963690639, -0.00358306616545, 0.000825797324069, -0.0013501123758, 9.74365684669e-05, -0.00198010052554, 0.00221857102588, -0.00134214363061], [0.000195014668861, -0.00133619166445, 0.00062960217474, -0.00042996686534, 0.000448321748991, -0.00358306616545, 0.00678611919284, -0.00259093055502, -5.33573438588e-06, 0.000755616289098, -0.000142590040923, -0.00342372944579, 0.00321855698712], [-0.000443418306531, 0.00154524028767, -0.00101042201277, 0.0014328105608, -0.00153164658695, 0.000825797324069, -0.00259093055502, 0.00867512542754, -0.0022917019669, -0.00143312977161, -0.00171338627115, 0.00236307806335, -0.00296999257989], [0.000222856513574, -0.00126087141689, 0.000440030213213, -0.00152722920757, 7.80417904025e-05, -0.0013501123758, -5.33573438588e-06, -0.0022917019669, 0.00887676328421, -0.00220054807141, 0.000753644329961, -0.0014748389367, 0.00189657951705], [-0.000205830379855, 0.00166027492378, -0.00131550861988, 0.000978899654001, -0.00192482618149, 9.74365684669e-05, 0.000755616289098, -0.00143312977161, -0.00220054807141, 0.0128425629809, -0.00366404931992, 0.00207842770033, -0.0017796253087], [0.000258279877016, -0.0025515051093, 0.000771898310632, -0.00138280645479, 0.00155941676348, -0.00198010052554, -0.000142590040923, -0.00171338627115, 0.000753644329961, -0.00366404931992, 0.0151766361669, -0.0048631071113, -0.00157828850206], [-0.000261460692855, 0.00165659852792, -0.0011795819737, 0.000298856262816, -0.000567836337723, 0.00221857102588, -0.00342372944579, 0.00236307806335, -0.0014748389367, 0.00207842770033, -0.0048631071113, 0.0133930211887, -0.00375701719895], [0.000357748300303, -0.00154291163199, 0.000914569129236, -0.00163234421052, 4.72672982141e-05, -0.00134214363061, 0.00321855698712, -0.00296999257989, 0.00189657951705, -0.0017796253087, -0.00157828850206, -0.00375701719895, 0.0129202827811]]
    },
    "melbands": {
        "dmean": [0.00214482587762, 0.00203450000845, 0.000890224182513, 0.00065371778328, 0.000341231178027, 0.000297877268167, 0.000211132661207, 0.000224463685299, 0.000158699564054, 0.000127679959405, 7.40846735425e-05, 6.65093248244e-05, 5.27120100742e-05, 4.08695341321e-05, 2.62595276581e-05, 2.60802153207e-05, 1.81425075425e-05, 1.23640393213e-05, 1.10920418592e-05, 8.67598919285e-06, 7.02175975675e-06, 9.49558852881e-06, 9.48025808611e-06, 1.16804631034e-05, 1.74040960701e-05, 8.99514998309e-06, 5.42564930583e-06, 5.26443500348e-06, 4.26829319622e-06, 3.93394975617e-06, 3.34511560141e-06, 2.65564995061e-06, 2.25677877097e-06, 2.08220467357e-06, 1.84698387784e-06, 1.70933412846e-06, 1.35789275646e-06, 1.31360786781e-06, 1.25658357319e-06, 1.09092161438e-06],
        "dmean2": [0.00325293908827, 0.00319113722071, 0.00153858913109, 0.00108738732524, 0.000550274096895, 0.000498288020026, 0.000348793721059, 0.000367798726074, 0.000241715693846, 0.000194968248252, 0.000109650129161, 0.00010096875485, 8.06452590041e-05, 6.5063846705e-05, 4.09500389651e-05, 4.07214683946e-05, 2.83168774331e-05, 1.98095131054e-05, 1.86725828826e-05, 1.37683091452e-05, 1.13831738418e-05, 1.58343627845e-05, 1.58012298925e-05, 1.97622630367e-05, 3.12296797347e-05, 1.60223808052e-05, 9.10230210138e-06, 8.67373546498e-06, 7.17243847248e-06, 6.38815663478e-06, 5.18787510373e-06, 3.98742895413e-06, 3.43501369571e-06, 3.10776931656e-06, 2.75614593193e-06, 2.59301077676e-06, 2.00668046091e-06, 1.99009286916e-06, 1.88772037291e-06, 1.64951165971e-06],
        "dvar": [2.52387235378e-05, 3.111546539e-05, 5.42895804756e-06, 2.07812081499e-06, 5.75427634431e-07, 2.71989335943e-07, 1.04788767885e-07, 1.35007269364e-07, 5.8172513917e-08, 5.39636673125e-08, 1.64360578481e-08, 1.26943060508e-08, 8.64905569387e-09, 6.30737462259e-09, 2.39844077932e-09, 2.46362019674e-09, 1.12266285157e-09, 5.34014221731e-10, 4.81428230614e-10, 3.01629193844e-10, 2.76776296326e-10, 5.62739299603e-10, 6.44600262056e-10, 8.00427779613e-10, 4.06364897287e-09, 7.75594199975e-10, 2.37239450307e-10, 2.32001140521e-10, 1.52066206849e-10, 9.12366363015e-11, 5.80507690529e-11, 2.87898819368e-11, 1.87733075613e-11, 1.58947126294e-11, 1.58021200292e-11, 1.22283225212e-11, 6.07366500843e-12, 5.68343939619e-12, 4.27907188849e-12, 3.14241688226e-12],
        "dvar2": [5.89808405493e-05, 6.70729059493e-05, 1.46739557749e-05, 5.14116072736e-06, 1.35213622343e-06, 7.43234807032e-07, 2.62769646042e-07, 3.32571801209e-07, 1.2521441306e-07, 1.17266502286e-07, 3.53576474765e-08, 2.66023629791e-08, 1.94951699228e-08, 1.64052611495e-08, 5.22024556915e-09, 5.7461710945e-09, 2.86057422194e-09, 1.32785316076e-09, 1.2319456566e-09, 7.25942472801e-10, 7.28510918258e-10, 1.47258583105e-09, 1.73848924145e-09, 2.14813500321e-09, 1.13720446393e-08, 2.17526596735e-09, 6.54059195693e-10, 6.3244298687e-10, 4.19813489527e-10, 2.19997256523e-10, 1.23698606913e-10, 6.62291957387e-11, 4.23552408424e-11, 3.27673756184e-11, 3.18596260485e-11, 2.92189085427e-11, 1.26429084216e-11, 1.25480910385e-11, 9.09564958074e-12, 6.57794088296e-12],
        "max": [0.0364781916142, 0.0383838042617, 0.0155476853251, 0.0100220460445, 0.00682887155563, 0.00447368388996, 0.00262548890896, 0.00327368802391, 0.00210308469832, 0.00295880204067, 0.00174129556399, 0.00191540562082, 0.00123034510761, 0.00108177005313, 0.000667258864269, 0.000565581955016, 0.000312742311507, 0.000256659666775, 0.000200522656087, 0.000155360728968, 0.000180613686098, 0.000256867089774, 0.000276178092463, 0.000215108753764, 0.000513634702656, 0.000203364499612, 0.000167967446032, 0.000169020990143, 0.000151105836267, 7.91158745415e-05, 6.05843597441e-05, 4.56287343695e-05, 5.87151334912e-05, 3.08988019242e-05, 3.9159302105e-05, 3.62775572285e-05, 2.62784742517e-05, 3.11871845042e-05, 1.90835744434e-05, 1.76681860466e-05],
        "mean": [0.00298656406812, 0.00245912233368, 0.000883518427145, 0.000690711138304, 0.000444420147687, 0.000452290725661, 0.000309523980832, 0.00029221366276, 0.000227177341003, 0.000191501821973, 0.000113960129966, 0.000103660022432, 8.11142308521e-05, 6.13952070125e-05, 3.49998153979e-05, 3.1456038414e-05, 2.26054653467e-05, 1.57710292115e-05, 1.21322791529e-05, 9.32387683861e-06, 7.63512798585e-06, 9.29875750444e-06, 9.23956667975e-06, 1.00960469354e-05, 1.21655921248e-05, 6.91260265739e-06, 4.85389318783e-06, 4.78407855553e-06, 3.79494440494e-06, 3.85195835406e-06, 3.416510026e-06, 2.7535756999e-06, 2.63089350483e-06, 2.43936506195e-06, 2.17469346353e-06, 1.98100065063e-06, 1.65698963883e-06, 1.56641181093e-06, 1.573029067e-06, 1.45251010508e-06],
        "median": [0.000180974704563, 0.000198707013624, 0.000306528090732, 0.000249963020906, 0.000181076640729, 0.000246142328251, 0.000142031785799, 9.6681775176e-05, 8.74464603839e-05, 7.78150424594e-05, 4.72036226711e-05, 4.54167675343e-05, 3.10142131639e-05, 2.20201054617e-05, 1.21478669826e-05, 8.46258899401e-06, 6.16984334556e-06, 4.52713447885e-06, 3.59424166163e-06, 2.37921699409e-06, 1.77894764875e-06, 1.90694299818e-06, 1.93686969396e-06, 1.77118022293e-06, 8.84221435626e-07, 9.67686219155e-07, 8.06627213024e-07, 5.50167499114e-07, 4.20316808913e-07, 4.57983190927e-07, 3.37710332587e-07, 3.55811494046e-07, 4.45627165391e-07, 5.1421096714e-07, 4.1164108211e-07, 4.25658697623e-07, 3.67222838804e-07, 3.55721624601e-07, 4.68280347832e-07, 4.38125823621e-07],
        "min": [1.43713385981e-23, 8.11984074961e-24, 4.7526349129e-24, 4.96826964691e-24, 3.32606831823e-24, 1.33612732065e-23, 1.57026123732e-23, 5.38825090981e-24, 9.51926658484e-24, 1.4645743864e-23, 9.16797814627e-24, 6.1647199935e-24, 3.64609064924e-24, 1.01211090798e-23, 1.50206500092e-23, 1.29698380587e-23, 8.55788179964e-24, 1.31055607886e-23, 8.79767579331e-24, 5.77797777927e-24, 1.64604694671e-23, 2.0818616735e-23, 6.81960786233e-24, 1.71457198033e-23, 1.39120054034e-23, 9.43156576256e-24, 9.0485974589e-24, 1.61655191078e-23, 9.08210984788e-24, 9.30840090943e-24, 8.87755190427e-24, 6.25974538928e-24, 8.38480571704e-24, 1.23493129709e-23, 1.12789162861e-23, 1.10844218411e-23, 1.00832816217e-23, 1.06220396989e-23, 1.14955374907e-23, 1.31170560697e-23],
        "stdev": [0.00607253517956, 0.00618038978428, 0.00201214943081, 0.00139417208266, 0.000821116263978, 0.000599661783781, 0.000418668292696, 0.000416807772126, 0.000329373695422, 0.000320137973176, 0.000199097936274, 0.000170104554854, 0.000135270282044, 0.000114059046609, 6.38253113721e-05, 5.71919590584e-05, 3.83694568882e-05, 2.64141781372e-05, 2.22285507334e-05, 1.83340544027e-05, 1.58863804245e-05, 2.15647905861e-05, 2.23972438107e-05, 2.49233944487e-05, 5.07284421474e-05, 2.24371087825e-05, 1.3025489352e-05, 1.32263103296e-05, 1.03032725747e-05, 9.36777814786e-06, 8.28820157039e-06, 5.73709439777e-06, 4.82960058434e-06, 4.64956747237e-06, 4.57016631117e-06, 3.74971068595e-06, 2.96958160106e-06, 2.78248057839e-06, 2.53599819189e-06, 2.29652619055e-06],
        "var": [3.68756809621e-05, 3.81972204195e-05, 4.04874572268e-06, 1.94371568796e-06, 6.742319556e-07, 3.59594253041e-07, 1.75283133785e-07, 1.73728722075e-07, 1.08487036243e-07, 1.02488314724e-07, 3.96399855163e-08, 2.89355579497e-08, 1.8298049298e-08, 1.30094655049e-08, 4.07367073407e-09, 3.27091997931e-09, 1.47221512758e-09, 6.97708835151e-10, 4.94108476357e-10, 3.36137534473e-10, 2.52377063692e-10, 4.65040173037e-10, 5.01636510108e-10, 6.21175610949e-10, 2.57337484655e-09, 5.03423858156e-10, 1.69663380567e-10, 1.74935274599e-10, 1.0615742313e-10, 8.77552752687e-11, 6.86942794315e-11, 3.29142546551e-11, 2.3325041551e-11, 2.16184778412e-11, 2.08864210649e-11, 1.40603301571e-11, 8.81841474842e-12, 7.74219837546e-12, 6.43128692662e-12, 5.27403207912e-12]
    },
    "melbands128": {
