{
"lowlevel": {
    "average_loudness": 0.979597806931,
    "barkbands_crest": {
        "dmean": 3.17399024963,
        "dmean2": 4.77447414398,
        "dvar": 7.38146781921,
        "dvar2": 16.2492103577,
        "max": 25.7382469177,
        "mean": 12.4418287277,
        "median": 11.6543931961,
        "min": 3.30168128014,
        "stdev": 4.93027734756,
        "var": 24.3076324463
    },
    "barkbands_flatness_db": {
        "dmean": 0.0339676328003,
        "dmean2": 0.0469407103956,
        "dvar": 0.00137239263859,
        "dvar2": 0.00268500880338,
        "max": 0.497254192829,
        "mean": 0.17526961863,
        "median": 0.162787154317,
        "min": 0.0408508963883,
        "stdev": 0.0688548907638,
        "var": 0.00474099582061
    },
    "barkbands_kurtosis": {
        "dmean": 6.6827673912,
        "dmean2": 9.42377567291,
        "dvar": 202.147415161,
        "dvar2": 358.211364746,
        "max": 254.972106934,
        "mean": 10.3901033401,
        "median": 4.70360803604,
        "min": -1.87833034992,
        "stdev": 21.4036884308,
        "var": 458.117858887
    },
    "barkbands_skewness": {
        "dmean": 0.76322811842,
        "dmean2": 1.0629324913,
        "dvar": 0.67759758234,
        "dvar2": 1.2459051609,
        "max": 12.4316473007,
        "mean": 2.34561014175,
        "median": 2.04341363907,
        "min": -1.62543702126,
        "stdev": 1.63095283508,
        "var": 2.66000699997
    },
    "barkbands_spread": {
        "dmean": 5.44413232803,
        "dmean2": 7.94063711166,
        "dvar": 48.3902778625,
        "dvar2": 94.3697052002,
        "max": 95.6562042236,
        "mean": 15.7488927841,
        "median": 14.1795349121,
        "min": 0.382627934217,
        "stdev": 10.7994689941,
        "var": 116.62853241
    },
    "dissonance": {
        "dmean": 0.0282941758633,
        "dmean2": 0.0469237454236,
        "dvar": 0.000638060562778,
        "dvar2": 0.00166228844319,
        "max": 0.499616324902,
        "mean": 0.443661093712,
        "median": 0.450078308582,
        "min": 0.232587888837,
        "stdev": 0.036543559283,
        "var": 0.00133543182164
    },
    "dynamic_complexity": 2.42751073837,
    "erbbands_crest": {
        "dmean": 2.56074786186,
        "dmean2": 4.0761089325,
        "dvar": 5.07615995407,
        "dvar2": 11.640827179,
        "max": 26.717880249,
        "mean": 8.58297348022,
        "median": 8.02550792694,
        "min": 2.47995758057,
        "stdev": 3.35868597031,
        "var": 11.2807722092
    },
    "erbbands_flatness_db": {
        "dmean": 0.0224711745977,
        "dmean2": 0.0299366563559,
        "dvar": 0.000593613425735,
        "dvar2": 0.00100313569419,
        "max": 0.413661271334,
        "mean": 0.158322930336,
        "median": 0.151359081268,
        "min": 0.0682392567396,
        "stdev": 0.0530724041164,
        "var": 0.0028166801203
    },
    "erbbands_kurtosis": {
        "dmean": 1.11640930176,
        "dmean2": 1.62974703312,
        "dvar": 1.91750311852,
        "dvar2": 4.08477878571,
        "max": 12.7054367065,
        "mean": 0.943267166615,
        "median": 0.266172885895,
        "min": -1.78887808323,
        "stdev": 2.12328147888,
        "var": 4.50832414627
    },
    "erbbands_skewness": {
        "dmean": 0.377966016531,
        "dmean2": 0.582328975201,
        "dvar": 0.133219018579,
        "dvar2": 0.274475812912,
        "max": 2.89056563377,
        "mean": 0.665598869324,
        "median": 0.616011142731,
        "min": -3.18562793732,
        "stdev": 0.652750909328,
        "var": 0.426083743572
    },
    "erbbands_spread": {
        "dmean": 11.796330452,
        "dmean2": 16.0614643097,
        "dvar": 212.122436523,
        "dvar2": 402.132720947,
        "max": 150.943756104,
        "mean": 39.1489028931,
        "median": 32.7140769958,
        "min": 4.88348388672,
        "stdev": 23.3919010162,
        "var": 547.181030273
    },
    "hfc": {
        "dmean": 9.31987190247,
        "dmean2": 13.4492034912,
        "dvar": 213.383728027,
        "dvar2": 501.858093262,
        "max": 120.0651474,
        "mean": 18.3194656372,
        "median": 14.8270702362,
        "min": 1.16844237842e-16,
        "stdev": 16.8164234161,
        "var": 282.792114258
    },
    "loudness_ebu128": {
        "integrated": -8.00206851959,
        "loudness_range": 1.60735225677,
        "momentary": {
            "dmean": 0.556589484215,
            "dmean2": 0.71247023344,
            "dvar": 1.21138596535,
            "dvar2": 1.81125342846,
            "max": -6.39328479767,
            "mean": -8.3450345993,
            "median": -7.87431144714,
            "min": -28.4285068512,
            "stdev": 2.18421196938,
            "var": 4.77078199387
        },
        "short_term": {
            "dmean": 0.0703423544765,
            "dmean2": 0.0862522348762,
            "dvar": 0.00358227011748,
            "dvar2": 0.00455155782402,
            "max": -7.14995527267,
            "mean": -8.07157707214,
            "median": -7.94908809662,
            "min": -9.57395553589,
            "stdev": 0.558653473854,
            "var": 0.312093675137
        }
    },
    "melbands_crest": {
        "dmean": 4.27573204041,
        "dmean2": 6.61253213882,
        "dvar": 14.2988204956,
        "dvar2": 32.4787330627,
        "max": 35.7392501831,
        "mean": 18.1516838074,
        "median": 17.4730892181,
        "min": 2.03427672386,
        "stdev": 7.02779006958,
        "var": 49.389831543
    },
    "melbands_flatness_db": {
        "dmean": 0.0400729365647,
        "dmean2": 0.0536170788109,
        "dvar": 0.00192602025345,
        "dvar2": 0.00370671413839,
        "max": 0.617734372616,
        "mean": 0.24714936316,
        "median": 0.233440622687,
        "min": 0.00719244312495,
        "stdev": 0.0867880880833,
        "var": 0.00753217190504
    },
    "melbands_kurtosis": {
        "dmean": 14.5113706589,
        "dmean2": 20.3534488678,
        "dvar": 759.431213379,
        "dvar2": 1328.31677246,
        "max": 453.763977051,
        "mean": 24.4199256897,
        "median": 11.7237176895,
        "min": -1.01181256771,
        "stdev": 43.1799049377,
        "var": 1864.50427246
    },
    "melbands_skewness": {
        "dmean": 1.06070196629,
        "dmean2": 1.5282355547,
        "dvar": 1.33508121967,
        "dvar2": 2.51650047302,
        "max": 15.37637043,
        "mean": 3.35786819458,
        "median": 2.85389637947,
        "min": -0.234757035971,
        "stdev": 2.20070147514,
        "var": 4.84308671951
    },
    "melbands_spread": {
        "dmean": 5.78377628326,
        "dmean2": 8.72498035431,
        "dvar": 103.818260193,
        "dvar2": 211.820587158,
        "max": 154.940307617,
        "mean": 14.9733114243,
        "median": 13.1731309891,
        "min": 0.427450507879,
        "stdev": 13.4933042526,
        "var": 182.069259644
    },
    "pitch_salience": {
        "dmean": 0.095504373312,
        "dmean2": 0.146677643061,
        "dvar": 0.00778078380972,
        "dvar2": 0.017623655498,
        "max": 0.847975194454,
        "mean": 0.494454264641,
        "median": 0.494727611542,
        "min": 0.0858410894871,
        "stdev": 0.157061964273,
        "var": 0.0246684625745
    },
    "silence_rate_20dB": {
        "dmean": 0,
        "dmean2": 0,
        "dvar": 0,
        "dvar2": 0,
        "max": 1,
        "mean": 1,
        "median": 1,
        "min": 1,
        "stdev": 0,
        "var": 0
    },
    "silence_rate_30dB": {
        "dmean": 0,
        "dmean2": 0,
        "dvar": 0,
        "dvar2": 0,
        "max": 1,
        "mean": 1,
        "median": 1,
        "min": 1,
        "stdev": 0,
        "var": 0
    },
    "silence_rate_60dB": {
        "dmean": 0.0410216711462,
        "dmean2": 0.0813323035836,
        "dvar": 0.0393385887146,
        "dvar2": 0.0871105343103,
        "max": 1,
        "mean": 0.0750193372369,
        "median": 0,
        "min": 0,
        "stdev": 0.263424038887,
        "var": 0.0693922191858
    },
    "spectral_centroid": {
        "dmean": 224.582839966,
        "dmean2": 348.665802002,
        "dvar": 149684.84375,
        "dvar2": 229650.734375,
        "max": 10878.7285156,
        "mean": 975.082580566,
        "median": 933.778381348,
        "min": 155.718917847,
        "stdev": 507.559997559,
        "var": 257617.15625
    },
    "spectral_complexity": {
        "dmean": 4.88777112961,
        "dmean2": 7.13787746429,
        "dvar": 40.0702362061,
        "dvar2": 80.9337615967,
        "max": 54,
        "mean": 15.3604021072,
        "median": 15,
        "min": 0,
        "stdev": 8.94903182983,
        "var": 80.0851745605
    },
    "spectral_decrease": {
        "dmean": 3.3830196422e-09,
        "dmean2": 5.07659203564e-09,
        "dvar": 1.42522690147e-17,
        "dvar2": 3.10453357775e-17,
        "max": -7.36424874517e-29,
        "mean": -1.02902815158e-08,
        "median": -1.01711075118e-08,
        "min": -2.98729361248e-08,
        "stdev": 6.93887924896e-09,
        "var": 4.8148046022e-17
    },
    "spectral_energy": {
        "dmean": 0.0133901098743,
        "dmean2": 0.020102430135,
        "dvar": 0.000225529947784,
        "dvar2": 0.000491226965096,
        "max": 0.114663273096,
        "mean": 0.0404995009303,
        "median": 0.0397684946656,
        "min": 1.08760631151e-20,
        "stdev": 0.0269718468189,
        "var": 0.000727480568457
    },
    "spectral_energyband_high": {
        "dmean": 0.000631428381894,
        "dmean2": 0.000940376135986,
        "dvar": 1.40749693855e-06,
        "dvar2": 3.46564434039e-06,
        "max": 0.0106694549322,
        "mean": 0.000755086133722,
        "median": 0.000321894302033,
        "min": 7.82421336464e-21,
        "stdev": 0.00120437552687,
        "var": 1.45052047174e-06
    },
    "spectral_energyband_low": {
        "dmean": 0.00889021903276,
        "dmean2": 0.0132730808109,
        "dvar": 0.000147751983604,
        "dvar2": 0.00033101963345,
        "max": 0.107039123774,
        "mean": 0.0231350362301,
        "median": 0.0191347040236,
        "min": 3.82948834571e-23,
        "stdev": 0.0231713782996,
        "var": 0.000536912761163
    },
    "spectral_energyband_middle_high": {
        "dmean": 0.00193575257435,
        "dmean2": 0.00280058290809,
        "dvar": 7.23723405827e-06,
        "dvar2": 1.67161688296e-05,
        "max": 0.0233998764306,
        "mean": 0.00411819573492,
        "median": 0.00301350513473,
        "min": 1.86411694167e-21,
        "stdev": 0.00416648294777,
        "var": 1.73595817614e-05
    },
    "spectral_energyband_middle_low": {
        "dmean": 0.00756582897156,
        "dmean2": 0.0115162050352,
        "dvar": 0.000117454008432,
        "dvar2": 0.00027267774567,
        "max": 0.0714806467295,
        "mean": 0.0138569809496,
        "median": 0.0105501180515,
        "min": 2.04271340978e-22,
        "stdev": 0.0126925660297,
        "var": 0.000161101226695
    },
    "spectral_entropy": {
        "dmean": 0.254105001688,
        "dmean2": 0.344896405935,
        "dvar": 0.0831602439284,
        "dvar2": 0.149458140135,
        "max": 9.7979927063,
        "mean": 7.42035102844,
        "median": 7.43197822571,
        "min": 5.16844367981,
        "stdev": 0.501220524311,
        "var": 0.251221984625
    },
    "spectral_flux": {
        "dmean": 0.0368908345699,
        "dmean2": 0.0576016753912,
        "dvar": 0.00161706760991,
        "dvar2": 0.00299151963554,
        "max": 0.308520913124,
        "mean": 0.0989618524909,
        "median": 0.0899420827627,
        "min": 1.04288362668e-10,
        "stdev": 0.0579516887665,
        "var": 0.0033583980985
    },
    "spectral_kurtosis": {
        "dmean": 2.58389544487,
        "dmean2": 4.05092906952,
        "dvar": 26.6381034851,
        "dvar2": 63.2428588867,
        "max": 86.3413085938,
        "mean": 5.83530521393,
        "median": 4.22323465347,
        "min": -1.22470617294,
        "stdev": 7.15731859207,
        "var": 51.2272071838
    },
    "spectral_rms": {
        "dmean": 0.00108305865433,
        "dmean2": 0.00156474742107,
        "dvar": 1.4582701624e-06,
        "dvar2": 2.74400258604e-06,
        "max": 0.010576701723,
        "mean": 0.00578828388825,
        "median": 0.00622884649783,
        "min": 3.25742124246e-12,
        "stdev": 0.00245102774352,
        "var": 6.00753719482e-06
    },
    "spectral_rolloff": {
        "dmean": 370.763763428,
        "dmean2": 595.275024414,
        "dvar": 917648.5625,
        "dvar2": 1522333.25,
        "max": 18324.7558594,
        "mean": 911.904968262,
        "median": 645.99609375,
        "min": 64.599609375,
        "stdev": 1258.28674316,
        "var": 1583285.625
    },
    "spectral_skewness": {
        "dmean": 0.319798111916,
        "dmean2": 0.461021900177,
        "dvar": 0.167440295219,
        "dvar2": 0.345718830824,
        "max": 6.72683191299,
        "mean": 1.857858181,
        "median": 1.75480663776,
        "min": 0.019666897133,
        "stdev": 0.694849789143,
        "var": 0.48281621933
    },
    "spectral_spread": {
        "dmean": 872635.3125,
        "dmean2": 1132497.25,
        "dvar": 2.00792997888e+12,
        "dvar2": 2.40553741517e+12,
        "max": 41138120,
        "mean": 5111996.5,
        "median": 4834495,
        "min": 769394.4375,
        "stdev": 2097136.25,
        "var": 4.39798045082e+12
    },
    "spectral_strongpeak": {
        "dmean": 0.360796481371,
        "dmean2": 0.601624131203,
        "dvar": 0.302788645029,
        "dvar2": 0.732865691185,
        "max": 6.74774551392,
        "mean": 0.67323756218,
        "median": 0.448814332485,
        "min": 0,
        "stdev": 0.798003435135,
        "var": 0.636809527874
    },
    "zerocrossingrate": {
        "dmean": 0.0116968303919,
        "dmean2": 0.0130334403366,
        "dvar": 0.000377186806872,
        "dvar2": 0.000433120672824,
        "max": 0.490234375,
        "mean": 0.0431892871857,
        "median": 0.03955078125,
        "min": 0.001953125,
        "stdev": 0.0330537818372,
        "var": 0.00109255244024
    },
    "barkbands": {
        "dmean": [0.00118505442515, 0.00744066946208, 0.00220484728925, 0.0025786885526, 0.00340383942239, 0.00136581307743, 0.00113940273877, 0.00125418789685, 0.000850721669849, 0.000519372173585, 0.000268175208475, 0.000514776271302, 0.0003001903533, 0.000396476621972, 0.000223715716857, 0.000136174727231, 0.000147833721712, 0.000106384184619, 9.22018807614e-05, 0.00011589602218, 0.000106315514131, 8.15712264739e-05, 0.000110306653369, 0.000122430006741, 0.00011842254753, 6.67676431476e-05, 1.10315590973e-06],
        "dmean2": [0.00193870579824, 0.0109431436285, 0.00375478412025, 0.00453664036468, 0.00523692322895, 0.00229678652249, 0.00185321725439, 0.00201633595861, 0.00130636687391, 0.00080982100917, 0.000429802079452, 0.000808076118119, 0.000463859149022, 0.000591368589085, 0.000331857736455, 0.00021435067174, 0.000230920806644, 0.000171964158653, 0.000150990992552, 0.000185871729627, 0.000175776236574, 0.000122924844618, 0.000163022137713, 0.000188908888958, 0.000178223213879, 0.000105039332993, 1.89849697563e-06],
        "dvar": [5.37350842933e-06, 0.000119314303447, 3.25623514073e-05, 3.38770696544e-05, 4.88193254569e-05, 4.8043739298e-06, 4.46049853053e-06, 3.17202602673e-06, 1.99931196221e-06, 6.10985694038e-07, 2.54132970667e-07, 1.06630488972e-06, 3.36017365044e-07, 5.67135145957e-07, 1.54524428808e-07, 4.69419880744e-08, 5.64886271093e-08, 3.10102237222e-08, 3.21937179137e-08, 6.78892888573e-08, 5.18541263261e-08, 2.2733717131e-08, 3.48018218688e-08, 6.01159797498e-08, 4.78277009108e-08, 1.87234174831e-08, 9.29396230115e-12],
        "dvar2": [1.444974896e-05, 0.000253876205534, 8.7868225819e-05, 9.6790434327e-05, 9.79865144473e-05, 1.16318060464e-05, 1.00132174339e-05, 7.77558034315e-06, 4.35241872765e-06, 1.45930448525e-06, 6.17172077e-07, 2.56372209151e-06, 7.67533606449e-07, 1.14165766263e-06, 3.20872715065e-07, 1.05220230751e-07, 1.34151477482e-07, 7.79214133217e-08, 8.46859364856e-08, 1.78623707825e-07, 1.35658552836e-07, 5.24488683595e-08, 7.63015464145e-08, 1.48904277353e-07, 1.1332510752e-07, 4.78085127043e-08, 2.40599710294e-11],
        "max": [0.0406983196735, 0.0963048785925, 0.0500775016844, 0.0413752235472, 0.0613005161285, 0.0229340903461, 0.0287113431841, 0.0188659466803, 0.0199008844793, 0.00807047169656, 0.00577761838213, 0.0170364566147, 0.00659293495119, 0.0115678627044, 0.00548459822312, 0.00220339326188, 0.00203391723335, 0.00142548186705, 0.00200779433362, 0.00349238957278, 0.00262571871281, 0.0014147053007, 0.00146524561569, 0.00201091635972, 0.0018087264616, 0.000767428136896, 2.67058239842e-05],
        "mean": [0.00287720537744, 0.0165870506316, 0.00246815010905, 0.00282103032805, 0.0037286367733, 0.0018569912063, 0.00177390140016, 0.00188033748418, 0.00150293507613, 0.000865006411914, 0.000413253903389, 0.000739897717722, 0.000391222769395, 0.000693997426424, 0.000394967297325, 0.000221026682993, 0.00020485521236, 0.000143158977153, 0.000115585382446, 0.000145078942296, 0.00012205477833, 8.86964262463e-05, 0.000146065765875, 0.000134932357469, 0.000121030454466, 6.15930330241e-05, 8.62922604483e-07],
        "median": [0.000588801165577, 0.0101163415238, 0.000545230694115, 0.000953261682298, 0.00117176002823, 0.000954768620431, 0.0008904474671, 0.00104084622581, 0.000547820876818, 0.00030112703098, 0.000149548504851, 0.000216746760998, 0.000133024455863, 0.000146113379742, 9.66597435763e-05, 0.000107461135485, 8.47088303999e-05, 7.16017311788e-05, 6.56845950289e-05, 7.2213151725e-05, 6.09347807767e-05, 2.20427627937e-05, 6.20628488832e-05, 3.58868019248e-05, 2.33093142015e-05, 7.58837768444e-06, 1.12146246067e-07],
        "min": [6.60168227625e-24, 1.62905724939e-23, 4.47779459023e-24, 1.66096051989e-23, 2.41407119552e-23, 3.0283414052e-23, 5.95511223569e-23, 5.03302802748e-24, 5.64021284628e-23, 5.83856277011e-23, 5.68134026734e-23, 6.91931230768e-23, 9.22639092972e-23, 1.11898682472e-22, 2.35256926432e-22, 1.49154033427e-22, 3.50400200118e-22, 2.40635089783e-22, 3.81762078536e-22, 3.58772298864e-22, 4.61857082618e-22, 6.29319605778e-22, 5.68544398488e-22, 1.04183105326e-21, 1.17865987342e-21, 1.51404314064e-21, 2.40128774873e-21],
        "stdev": [0.00524893263355, 0.01943712309, 0.00511317560449, 0.00508537329733, 0.0077890525572, 0.00247438112274, 0.00257955584675, 0.00234809750691, 0.00244137528352, 0.00132278422825, 0.000671125249937, 0.00131448672619, 0.000703967234585, 0.00134100276046, 0.000750137493014, 0.000293549528578, 0.000296484533465, 0.000192066465388, 0.00016883268836, 0.000244684139034, 0.000204432799364, 0.00016137676721, 0.000219929628656, 0.000244712195126, 0.000227263488341, 0.00013176666107, 2.63118431576e-06],
        "var": [2.7551295716e-05, 0.000377801741706, 2.61445657088e-05, 2.58610234596e-05, 6.06693392911e-05, 6.12256235399e-06, 6.65410834699e-06, 5.5135619732e-06, 5.96031304667e-06, 1.74975809841e-06, 4.50409089581e-07, 1.72787542851e-06, 4.95569850045e-07, 1.79828850833e-06, 5.6270624782e-07, 8.61713189693e-08, 8.79030821466e-08, 3.68895278768e-08, 2.85044752246e-08, 5.98703238097e-08, 4.17927701335e-08, 2.60424588561e-08, 4.83690421049e-08, 5.98840586008e-08, 5.16486906577e-08, 1.73624528088e-08, 6.92313090536e-12]
    },
    "erbbands": {
        "dmean": [0.36262050271, 1.27049767971, 2.13131642342, 6.30693769455, 6.34875154495, 12.5439729691, 15.7627363205, 12.9903488159, 12.5969295502, 25.1445446014, 21.9279975891, 18.4817008972, 17.6415748596, 12.7390537262, 13.2303314209, 20.1622409821, 13.391617775, 16.0848846436, 15.7577228546, 9.78254318237, 7.52751684189, 7.89702272415, 6.04043388367, 4.95399045944, 4.47682142258, 5.34774446487, 4.42622327805, 4.24053239822, 3.29333257675, 3.04207801819, 3.41124773026, 3.09767055511, 1.7394477129, 1.32113718987, 0.814393401146, 0.388268023729, 0.107344150543, 0.00877223722637, 0.000222555972869, 2.36325358856e-05],
        "dmean2": [0.502735257149, 1.8268443346, 3.30416560173, 11.1570606232, 11.1508569717, 18.9884757996, 22.7453136444, 21.7626724243, 20.5579147339, 38.7839736938, 34.9375114441, 28.6097316742, 27.4199619293, 20.7701644897, 20.5638637543, 32.2872428894, 20.6655502319, 23.912519455, 23.1071739197, 13.992767334, 11.6713504791, 12.148680687, 9.62243461609, 8.17232990265, 7.10974884033, 8.61246395111, 7.28360271454, 6.92514419556, 5.02756118774, 4.53145027161, 5.11414718628, 4.81228876114, 2.58049488068, 1.99955403805, 1.22913825512, 0.602527081966, 0.166324883699, 0.0137407984585, 0.000350676564267, 3.54162257281e-05],
        "dvar": [0.280562490225, 4.65586996078, 23.8302612305, 235.52633667, 181.903076172, 774.518737793, 877.444824219, 512.265014648, 421.617370605, 2063.4230957, 806.106750488, 1116.26513672, 582.402099609, 493.844085693, 625.712768555, 1769.45043945, 672.724304199, 778.074951172, 728.784545898, 349.176818848, 131.352111816, 160.882659912, 94.7146377563, 118.434135437, 60.5259780884, 130.727767944, 110.873535156, 92.8775482178, 43.3518753052, 25.559595108, 36.0067214966, 41.5869102478, 10.6180820465, 5.67988157272, 2.35076403618, 0.598413944244, 0.0489437170327, 0.000365882180631, 2.51102704851e-07, 1.04725095262e-09],
        "dvar2": [0.702466547489, 9.23245239258, 55.3270301819, 675.471313477, 518.325317383, 1482.65612793, 1629.59521484, 1256.74182129, 1040.53723145, 4296.96923828, 2052.34399414, 2363.73461914, 1308.35229492, 1277.65844727, 1513.32922363, 4290.00732422, 1543.40197754, 1611.18896484, 1487.38476562, 717.235351562, 310.668792725, 373.470916748, 233.948974609, 314.886871338, 151.152175903, 333.461120605, 300.518676758, 242.373260498, 102.153572083, 56.6143875122, 81.9113845825, 107.833053589, 24.9698219299, 13.3879384995, 5.61353445053, 1.50560379028, 0.119756437838, 0.000902211933862, 6.31715693089e-07, 2.45030573609e-09],
        "max": [4.98759937286, 18.7934017181, 42.8120613098, 116.030479431, 109.938087463, 262.219970703, 280.61932373, 289.618164062, 256.994018555, 600.625427246, 233.601776123, 536.522155762, 311.747283936, 198.116333008, 403.719848633, 519.612609863, 290.445068359, 372.184570312, 499.322753906, 321.202880859, 131.605758667, 121.983840942, 69.5495147705, 133.761795044, 85.6581802368, 161.325424194, 145.869186401, 111.875259399, 58.5862770081, 53.1015548706, 44.0365104675, 45.9349060059, 27.9042396545, 23.3182144165, 11.0529785156, 4.92007875443, 1.3273011446, 0.135354235768, 0.00391319999471, 0.000215446576476],
        "mean": [0.719500780106, 2.75675749779, 3.15600609779, 6.87244701385, 7.14556837082, 13.7414989471, 18.8829154968, 16.8931674957, 19.9716720581, 40.6112976074, 34.7123718262, 31.2412910461, 33.6304779053, 19.4875907898, 23.441236496, 27.3798465729, 18.8325881958, 27.3342876434, 30.3125991821, 16.3934173584, 12.6021118164, 11.6838636398, 8.76957035065, 5.70483207703, 6.19233083725, 6.79647159576, 5.8119969368, 4.08727264404, 3.30884552002, 4.01501131058, 4.31057071686, 3.23614239693, 1.98890912533, 1.41149544716, 0.792002677917, 0.36515712738, 0.0997572094202, 0.00801071710885, 0.00021713715978, 5.56808226975e-05],
        "median": [0.314646661282, 1.46445417404, 1.12437033653, 2.51443505287, 3.65002036095, 3.46781134605, 6.19320106506, 8.35422515869, 12.1930198669, 19.253742218, 22.6150989532, 12.4786863327, 15.6010608673, 10.8000888824, 9.85342311859, 8.9962387085, 7.5211186409, 7.24725580215, 7.54405546188, 4.97263383865, 6.91639089584, 5.12762498856, 4.52172279358, 2.73771214485, 3.62168478966, 3.42848205566, 3.19139170647, 1.29657316208, 0.590294539928, 1.64958441257, 1.66707265377, 0.853957533836, 0.525991201401, 0.338855773211, 0.109375238419, 0.0523757524788, 0.00787095818669, 0.0010197404772, 4.94832529512e-05, 4.84815318487e-05],
        "min": [6.20562164258e-22, 2.8711156334e-21, 7.32200002613e-21, 3.74122578883e-20, 6.50530635123e-20, 7.24296728069e-20, 1.12072012858e-19, 3.4195173479e-19, 8.15671066414e-19, 4.90942395199e-19, 2.83240833056e-19, 1.1851827273e-18, 1.83666314672e-18, 2.24945915281e-18, 1.86384368126e-18, 2.89778822088e-18, 4.51601985119e-18, 5.44258331921e-18, 1.30802111622e-17, 6.55414118174e-18, 9.89793567633e-18, 1.96240841374e-17, 1.43776232735e-17, 1.5080424046e-17, 2.00206394861e-17, 1.43942893085e-17, 1.48704227409e-17, 2.75789510482e-17, 2.13353421538e-17, 1.43029768406e-17, 1.96732815315e-17, 2.38418846983e-17, 1.40581446142e-17, 1.02047138045e-17, 1.08878731734e-17, 5.67767590752e-18, 3.04493538005e-18, 1.28622366631e-18, 3.39734503008e-19, 3.22793049194e-20],
        "stdev": [0.885822594166, 3.54807114601, 5.37120103836, 12.9666004181, 11.7096252441, 31.6613807678, 36.0666999817, 24.7142009735, 26.0245723724, 59.9541130066, 37.4249954224, 53.3476257324, 48.2895126343, 25.8763542175, 38.4822654724, 50.5871315002, 31.8753108978, 44.1805877686, 52.8998680115, 29.8682117462, 16.0105361938, 16.451253891, 11.030377388, 9.77900695801, 8.10474395752, 11.0826349258, 9.43157577515, 8.55586338043, 6.70071697235, 5.89572095871, 6.88804197311, 6.10536193848, 3.4977273941, 2.52588510513, 1.56666350365, 0.755538284779, 0.221538722515, 0.0188206825405, 0.000478366389871, 4.2719191697e-05],
        "var": [0.784681618214, 12.5888090134, 28.8498020172, 168.132736206, 137.115325928, 1002.4430542, 1300.80688477, 610.791687012, 677.278381348, 3594.49584961, 1400.63037109, 2845.96899414, 2331.87695312, 669.585693359, 1480.88476562, 2559.05786133, 1016.03546143, 1951.92443848, 2798.39599609, 892.110107422, 256.337280273, 270.643768311, 121.669219971, 95.6289749146, 65.6868743896, 122.824798584, 88.9546127319, 73.2028045654, 44.8996047974, 34.7595252991, 47.4451217651, 37.2754440308, 12.2340974808, 6.38009500504, 2.45443439484, 0.570838093758, 0.0490794070065, 0.00035421809298, 2.28834409199e-07, 1.82492942979e-09]
    },
    "gfcc": {
        "mean": [-13.104309082, 94.8082885742, -107.237831116, 19.4256839752, -67.2157058716, 14.9113388062, -43.1826705933, 10.9710283279, -21.5620059967, 5.69884204865, -13.7023620605, -2.40792608261, -10.0728445053],
        "cov": [[9186.05371094, -1356.03601074, 612.05267334, 770.956298828, -186.902557373, 718.196166992, 1.12423181534, 562.837097168, -211.852935791, 384.329803467, -203.092269897, 364.427093506, -185.845169067], [-1356.03601074, 1582.98120117, 451.257354736, 245.144302368, 626.054504395, 120.818206787, 513.116638184, 150.693756104, 374.09552002, 4.0708527565, 298.6434021, -70.6025085449, 144.632965088], [612.05267334, 451.257354736, 1504.88769531, 807.575134277, 477.982788086, 427.914611816, 357.77734375, 235.609588623, 143.012802124, 150.277633667, 85.6898498535, 126.95967865, -14.4865627289], [770.956298828, 245.144302368, 807.575134277, 799.758361816, 398.676269531, 343.461517334, 224.142684937, 210.506500244, 171.945617676, 110.055267334, 55.6609344482, 25.2141914368, 35.7257995605], [-186.902557373, 626.054504395, 477.982788086, 398.676269531, 613.382141113, 283.298400879, 276.855621338, 175.925872803, 241.070571899, 110.482246399, 124.048316956, -24.0679607391, 95.0149383545], [718.196166992, 120.818206787, 427.914611816, 343.461517334, 283.298400879, 415.295227051, 249.14239502, 223.4269104, 138.107589722, 124.973419189, 76.3036270142, 22.1039352417, 16.4013633728], [1.12423181534, 513.116638184, 357.77734375, 224.142684937, 276.855621338, 249.14239502, 462.225372314, 226.824935913, 162.342773438, 80.7784194946, 143.766204834, 35.8042869568, 22.0353279114], [562.837097168, 150.693756104, 235.609588623, 210.506500244, 175.925872803, 223.4269104, 226.824935913, 272.999816895, 140.614486694, 97.3345108032, 84.0638809204, 16.397726059, 17.6833515167], [-211.852935791, 374.09552002, 143.012802124, 171.945617676, 241.070571899, 138.107589722, 162.342773438, 140.614486694, 314.180786133, 81.8174133301, 121.321777344, -27.6990680695, 99.9293289185], [384.329803467, 4.0708527565, 150.277633667, 110.055267334, 110.482246399, 124.973419189, 80.7784194946, 97.3345108032, 81.8174133301, 168.062408447, 46.2284202576, 16.5416755676, 12.4288272858], [-203.092269897, 298.6434021, 85.6898498535, 55.6609344482, 124.048316956, 76.3036270142, 143.766204834, 84.0638809204, 121.321777344, 46.2284202576, 175.068939209, 17.4280738831, 47.8552856445], [364.427093506, -70.6025085449, 126.95967865, 25.2141914368, -24.0679607391, 22.1039352417, 35.8042869568, 16.397726059, -27.6990680695, 16.5416755676, 17.4280738831, 154.678726196, 6.1539068222], [-185.845169067, 144.632965088, -14.4865627289, 35.7257995605, 95.0149383545, 16.4013633728, 22.0353279114, 17.6833515167, 99.9293289185, 12.4288272858, 47.8552856445, 6.1539068222, 113.059524536]],
        "icov": [[0.000240654553636, -0.000153178945766, 0.000188459773199, -0.00031117873732, 0.000312655989546, -0.000468810962047, 0.000421776581788, -0.000594894983806, 0.000290404015686, -0.000428912200732, 0.000390787958167, -0.000613450247329, 0.000188566147699], [-0.000153178945766, 0.00339582492597, -0.000946087006014, 0.000912453106139, -0.00266554928385, 0.0026729980018, -0.00318883685395, 0.00143923854921, -0.00147228804417, 0.00229445635341, -0.00276787648909, 0.00215637404472, -0.000653479073662], [0.000188459773199, -0.000946087006014, 0.00226985104382, -0.00199090712704, 0.000338358309818, -0.00122265040409, 0.000596781726927, -0.000169012346305, 0.000576076330617, -0.00106246164069, 0.000910523405764, -0.0022562504746, 0.00158819777425], [-0.00031117873732, 0.000912453106139, -0.00199090712704, 0.00418225768954, -0.00160919537302, 0.000184366261237, -0.000511994177941, 6.09918170085e-05, -0.00103685399517, 0.00137453351635, -0.000356400298188, 0.00168519339059, -0.00101510423701], [0.000312655989546, -0.00266554928385, 0.000338358309818, -0.00160919537302, 0.00631190044805, -0.00334119400941, 0.00159453984816, -0.00076828856254, 0.000588127353694, -0.00256357109174, 0.00206864648499, -0.000586067268159, -0.00161640252918], [-0.000468810962047, 0.0026729980018, -0.00122265040409, 0.000184366261237, -0.00334119400941, 0.00894542038441, -0.00378231494687, -0.00073172559496, -0.00116552680265, 0.000716324022505, -0.00217817164958, 0.00242508226074, -0.000301768654026], [0.000421776581788, -0.00318883685395, 0.000596781726927, -0.000511994177941, 0.00159453984816, -0.00378231494687, 0.0085511598736, -0.00456804316491, 0.00125038158149, -0.00142854545265, 0.000735584064387, -0.00335547886789, 0.00219058571383], [-0.000594894983806, 0.00143923854921, -0.000169012346305, 6.09918170085e-05, -0.00076828856254, -0.00073172559496, -0.00456804316491, 0.0110907880589, -0.00298536685295, 6.89276930643e-05, -0.00203587277792, 0.0017236112617, 0.000446476828074], [0.000290404015686, -0.00147228804417, 0.000576076330617, -0.00103685399517, 0.000588127353694, -0.00116552680265, 0.00125038158149, -0.00298536685295, 0.00861191004515, -0.00258412957191, -0.000763736316003, 0.000704012927599, -0.00438242498785], [-0.000428912200732, 0.00229445635341, -0.00106246164069, 0.00137453351635, -0.00256357109174, 0.000716324022505, -0.00142854545265, 6.89276930643e-05, -0.00258412957191, 0.0106383208185, -0.00293471338227, 0.00124238524586, 0.000396516552428], [0.000390787958167, -0.00276787648909, 0.000910523405764, -0.000356400298188, 0.00206864648499, -0.00217817164958, 0.000735584064387, -0.00203587277792, -0.000763736316003, -0.00293471338227, 0.0122845536098, -0.00336773763411, -0.000853720237501], [-0.000613450247329, 0.00215637404472, -0.0022562504746, 0.00168519339059, -0.000586067268159, 0.00242508226074, -0.00335547886789, 0.0017236112617, 0.000704012927599, 0.00124238524586, -0.00336773763411, 0.0111600188538, -0.00400422699749], [0.000188566147699, -0.000653479073662, 0.00158819777425, -0.00101510423701, -0.00161640252918, -0.000301768654026, 0.00219058571383, 0.000446476828074, -0.00438242498785, 0.000396516552428, -0.000853720237501, -0.00400422699749, 0.0158297084272]]
    },
    "melbands": {
        "dmean": [0.00248411903158, 0.00107635057066, 0.00104237021878, 0.000568452640437, 0.000651111360639, 0.000276780920103, 0.000201775721507, 0.00028673291672, 0.000168060083524, 0.000118051910249, 8.9644046966e-05, 5.52336641704e-05, 3.93681475543e-05, 6.03152475378e-05, 4.10523352912e-05, 2.77552790067e-05, 3.29263566528e-05, 3.13146447297e-05, 1.64769899129e-05, 9.82997971732e-06, 9.17934994504e-06, 8.88224076334e-06, 6.61224612486e-06, 5.16328600497e-06, 4.01466331823e-06, 3.53920700036e-06, 3.3284102301e-06, 3.82123926101e-06, 2.98640179608e-06, 2.61601849161e-06, 2.28561225413e-06, 1.80154995633e-06, 1.61610807936e-06, 1.77478955266e-06, 2.14718625102e-06, 1.63740025982e-06, 2.07461312129e-06, 1.19768526474e-06, 1.21524146834e-06, 1.08198969428e-06],
        "dmean2": [0.00351080205292, 0.00158218131401, 0.00183432269841, 0.000917767640203, 0.000935793039389, 0.000464896234917, 0.000327022309648, 0.000448737846455, 0.000265877868515, 0.000181912473636, 0.00013967329869, 8.97543359315e-05, 6.19233687758e-05, 9.52032787609e-05, 6.65879997541e-05, 4.2355608457e-05, 4.89691992698e-05, 4.61459312646e-05, 2.4126837161e-05, 1.47839100464e-05, 1.43707602547e-05, 1.35964755827e-05, 1.04808223114e-05, 8.47540741233e-06, 6.68987422614e-06, 5.79888637731e-06, 5.15893407282e-06, 6.21017488811e-06, 4.95285303259e-06, 4.34714229414e-06, 3.70641237168e-06, 2.76078230854e-06, 2.4137696073e-06, 2.68919734481e-06, 3.23211020259e-06, 2.45992009695e-06, 3.30321176989e-06, 1.77091510523e-06, 1.88194178463e-06, 1.64642369782e-06],
        "dvar": [1.26472577904e-05, 4.19334628532e-06, 6.01655028731e-06, 1.08113545139e-06, 1.83481472504e-06, 2.12990812543e-07, 1.11317113749e-07, 2.18819735665e-07, 4.92173377609e-08, 4.29099920041e-08, 1.51356633893e-08, 8.7578690966e-09, 5.12700903954e-09, 1.67318408018e-08, 6.95894941671e-09, 3.05823855129e-09, 3.59549412465e-09, 3.39476846634e-09, 9.54621492966e-10, 3.07856018456e-10, 1.93946220195e-10, 2.11807404948e-10, 9.96933577357e-11, 8.67955637918e-11, 8.67072039168e-11, 4.30694507836e-11, 3.36631729436e-11, 7.34576705019e-11, 4.9241766914e-11, 3.63789935676e-11, 2.68672670917e-11, 1.35020154779e-11, 8.3757462771e-12, 8.43670966422e-12, 1.48198363303e-11, 8.8458199099e-12, 2.13806507221e-11, 4.92267077795e-12, 5.88380169239e-12, 3.81630447729e-12],
        "dvar2": [2.86254053208e-05, 7.9877954704e-06, 1.70928396983e-05, 2.47646335083e-06, 3.37197593581e-06, 5.27706561115e-07, 2.65039915348e-07, 4.63260846573e-07, 1.18706395824e-07, 9.13156767979e-08, 3.40993580039e-08, 2.26118874735e-08, 1.25107453286e-08, 4.14186764885e-08, 1.68775269316e-08, 6.90072665677e-09, 7.56868878682e-09, 6.86912882131e-09, 1.96333416191e-09, 6.60159371613e-10, 4.7750059462e-10, 4.87756834922e-10, 2.40213932079e-10, 2.19091397802e-10, 2.35134994808e-10, 1.11825083915e-10, 7.85816897664e-11, 1.92312013536e-10, 1.34301403332e-10, 9.74579097979e-11, 6.96675980794e-11, 3.22676781128e-11, 1.89490211716e-11, 1.91662744703e-11, 3.47673521917e-11, 2.03431750612e-11, 5.70207076001e-11, 1.15528940581e-11, 1.42373317996e-11, 8.96710049964e-12],
        "max": [0.0334628820419, 0.0182987041771, 0.0173674356192, 0.00831397995353, 0.0118785388768, 0.00560144986957, 0.00481160869822, 0.00608755555004, 0.00230273208581, 0.00315302168019, 0.00161735340953, 0.000922319770325, 0.000917510828003, 0.00237294356339, 0.00102459371556, 0.000565452617593, 0.000845179660246, 0.00113642786164, 0.000542041962035, 0.000187723999261, 0.000131833003252, 0.000164074750501, 7.91802885942e-05, 8.41960863909e-05, 0.000122232275316, 7.12360124453e-05, 6.7535242124e-05, 0.000117087132821, 9.21863174881e-05, 7.8529039456e-05, 6.06950161455e-05, 3.30918082909e-05, 3.21187217196e-05, 2.86097638309e-05, 3.03822289425e-05, 1.99686055566e-05, 3.4188880818e-05, 2.08527926588e-05, 3.05003395624e-05, 1.50744508574e-05],
        "mean": [0.00554783642292, 0.00226951902732, 0.00118687364738, 0.000645360676572, 0.000754682405386, 0.000365743850125, 0.000317609694321, 0.000463049538666, 0.000267511262791, 0.000200755079277, 0.000169306251337, 8.16297033452e-05, 6.72189053148e-05, 8.64859830472e-05, 5.44100803381e-05, 3.71488495148e-05, 5.50213626411e-05, 5.62898349017e-05, 2.84655288851e-05, 1.59896135301e-05, 1.41336940942e-05, 1.24092530314e-05, 9.67516098171e-06, 6.44500232738e-06, 4.29695865023e-06, 4.5837387006e-06, 4.54520295534e-06, 4.49758908871e-06, 3.97034500565e-06, 2.78515904029e-06, 2.08543769986e-06, 1.72996033143e-06, 1.85779049389e-06, 2.37450217355e-06, 2.64577897724e-06, 1.94332869796e-06, 2.028015615e-06, 1.36975063469e-06, 1.31193905872e-06, 1.13468206564e-06],
        "median": [0.00305073033087, 0.00126328098122, 0.00049749558093, 0.000268027943093, 0.000217799621169, 0.00019621613319, 0.000203345247428, 0.000227297874517, 0.000143767931149, 7.31359541533e-05, 7.61122573749e-05, 3.90174718632e-05, 2.76218324871e-05, 2.5997589546e-05, 1.71877800312e-05, 1.29640284285e-05, 1.22153051052e-05, 1.30165244627e-05, 6.43075509288e-06, 6.34763000562e-06, 7.79768834036e-06, 4.84230713482e-06, 4.58765453004e-06, 3.02271655528e-06, 1.77174592864e-06, 2.53391021943e-06, 2.46800414061e-06, 2.01112584364e-06, 2.07318544199e-06, 1.19310504942e-06, 5.14363875936e-07, 2.21866670813e-07, 5.47017577901e-07, 1.03670947738e-06, 1.06360698737e-06, 5.22968036876e-07, 4.59591319668e-07, 3.63870782394e-07, 3.07804327804e-07, 2.46559750394e-07],
        "min": [5.30061359084e-24, 4.33193973088e-24, 6.86006932702e-24, 4.54998443496e-24, 4.12302727507e-24, 6.84230733487e-24, 1.29664759335e-23, 4.02610230223e-24, 2.99806803966e-24, 8.00132702037e-24, 9.22879616662e-24, 9.11304502828e-24, 7.12997808574e-24, 4.79243886202e-24, 1.13814871364e-23, 9.54147065274e-24, 8.81570284271e-24, 2.06450342037e-23, 1.43540041686e-23, 7.45807953572e-24, 1.18675532495e-23, 1.87784157525e-23, 1.90576709352e-23, 1.1688266465e-23, 1.15014989125e-23, 1.65473735399e-23, 1.04517325181e-23, 9.83977445974e-24, 1.08383201156e-23, 9.79674683053e-24, 1.7933925954e-23, 1.40945225733e-23, 8.14399488167e-24, 7.09558690571e-24, 1.06513648142e-23, 1.25924115029e-23, 1.63240154632e-23, 9.50597348972e-24, 8.81440201108e-24, 7.96001121932e-24],
        "stdev": [0.00646393559873, 0.00296229333617, 0.00210283976048, 0.0010777907446, 0.00161526666488, 0.000505028350744, 0.00041121194954, 0.000631467264611, 0.000318002072163, 0.000348740810296, 0.000246551819146, 0.000113610345579, 0.000105067061668, 0.000161387928529, 9.88904721453e-05, 6.66369887767e-05, 9.71146509983e-05, 0.000107380241388, 5.92105679971e-05, 2.46086583502e-05, 1.79313210538e-05, 1.91155995708e-05, 1.25670076159e-05, 9.48176693782e-06, 8.11177687865e-06, 6.45161389912e-06, 6.44152487439e-06, 8.07128708402e-06, 6.39975996819e-06, 5.24338929608e-06, 4.64594177174e-06, 3.69951339962e-06, 3.18061393045e-06, 3.39602797794e-06, 4.32450997323e-06, 3.28835403707e-06, 4.16515740653e-06, 2.41441784965e-06, 2.4654182198e-06, 2.06608251574e-06],
        "var": [4.17824630858e-05, 8.77518232301e-06, 4.42193459094e-06, 1.16163278108e-06, 2.60908655036e-06, 2.55053663523e-07, 1.69095272895e-07, 3.98750927388e-07, 1.01125323226e-07, 1.21620146842e-07, 6.07878050118e-08, 1.29073098876e-08, 1.1039087866e-08, 2.60460648605e-08, 9.77932490542e-09, 4.44048797732e-09, 9.43125577635e-09, 1.15305169857e-08, 3.505891355e-09, 6.0558602577e-10, 3.21532245273e-10, 3.65406122027e-10, 1.57929669342e-10, 8.9903910705e-11, 6.58009202681e-11, 4.16233193745e-11, 4.14932428694e-11, 6.51456735778e-11, 4.09569253512e-11, 2.74931293009e-11, 2.15847738988e-11, 1.36863992362e-11, 1.01163044955e-11, 1.15330054534e-11, 1.87013876607e-11, 1.081327302e-11, 1.73485375371e-11, 5.82941377461e-12, 6.07828717913e-12, 4.26869694106e-12]
    },
    "melbands128": {
