{
"lowlevel": {
    "average_loudness": 0.846185624599,
    "barkbands_crest": {
        "dmean": 3.03286194801,
        "dmean2": 4.93540525436,
        "dvar": 8.54058170319,
        "dvar2": 22.0467472076,
        "max": 25.9828090668,
        "mean": 11.6960544586,
        "median": 11.0784683228,
        "min": 3.22076773643,
        "stdev": 4.42066287994,
        "var": 19.5422611237
    },
    "barkbands_flatness_db": {
        "dmean": 0.0336478687823,
        "dmean2": 0.051188301295,
        "dvar": 0.00166050461121,
        "dvar2": 0.00337085523643,
        "max": 0.656068682671,
        "mean": 0.199529543519,
        "median": 0.156032323837,
        "min": 0.043333299458,
        "stdev": 0.132185190916,
        "var": 0.017472922802
    },
    "barkbands_kurtosis": {
        "dmean": 8.16050243378,
        "dmean2": 12.9119501114,
        "dvar": 535.467712402,
        "dvar2": 1137.00695801,
        "max": 418.055999756,
        "mean": 9.60158157349,
        "median": 2.86525964737,
        "min": -1.90882921219,
        "stdev": 26.3619213104,
        "var": 694.950866699
    },
    "barkbands_skewness": {
        "dmean": 0.891390800476,
        "dmean2": 1.36445510387,
        "dvar": 1.45294094086,
        "dvar2": 3.26422643661,
        "max": 14.2499408722,
        "mean": 1.8668191433,
        "median": 1.60101258755,
        "min": -4.91787910461,
        "stdev": 1.76268005371,
        "var": 3.10704112053
    },
    "barkbands_spread": {
        "dmean": 7.26994752884,
        "dmean2": 11.3211774826,
        "dvar": 100.053710938,
        "dvar2": 234.104370117,
        "max": 104.854011536,
        "mean": 19.8025722504,
        "median": 17.7019882202,
        "min": 0.233677700162,
        "stdev": 16.022687912,
        "var": 256.726531982
    },
    "dissonance": {
        "dmean": 0.027254357934,
        "dmean2": 0.0444141440094,
        "dvar": 0.00149556563701,
        "dvar2": 0.00383477355354,
        "max": 0.499751150608,
        "mean": 0.437062084675,
        "median": 0.463026046753,
        "min": 0.000406907289289,
        "stdev": 0.0778761208057,
        "var": 0.00606469064951
    },
    "dynamic_complexity": 5.4702835083,
    "erbbands_crest": {
        "dmean": 2.76327085495,
        "dmean2": 4.38481092453,
        "dvar": 7.30570316315,
        "dvar2": 17.1725502014,
        "max": 29.4389572144,
        "mean": 9.83581542969,
        "median": 8.83888339996,
        "min": 2.66158294678,
        "stdev": 4.83708000183,
        "var": 23.3973445892
    },
    "erbbands_flatness_db": {
        "dmean": 0.0214404445142,
        "dmean2": 0.0308558475226,
        "dvar": 0.000747473386582,
        "dvar2": 0.00142248615157,
        "max": 0.545974135399,
        "mean": 0.190602421761,
        "median": 0.163173705339,
        "min": 0.049220982939,
        "stdev": 0.102072224021,
        "var": 0.0104187382385
    },
    "erbbands_kurtosis": {
        "dmean": 2.03266525269,
        "dmean2": 2.96679615974,
        "dvar": 38.0374221802,
        "dvar2": 74.4675445557,
        "max": 131.801620483,
        "mean": 2.20577049255,
        "median": 0.149783849716,
        "min": -1.76713955402,
        "stdev": 8.3100566864,
        "var": 69.0570373535
    },
    "erbbands_skewness": {
        "dmean": 0.462562292814,
        "dmean2": 0.675225615501,
        "dvar": 0.333434760571,
        "dvar2": 0.644114792347,
        "max": 9.2224407196,
        "mean": 0.391604959965,
        "median": 0.254417777061,
        "min": -2.54548811913,
        "stdev": 1.04779613018,
        "var": 1.09787678719
    },
    "erbbands_spread": {
        "dmean": 9.18206119537,
        "dmean2": 13.9486980438,
        "dvar": 146.282043457,
        "dvar2": 334.903717041,
        "max": 155.298233032,
        "mean": 34.7885475159,
        "median": 32.1791648865,
        "min": 0.878535270691,
        "stdev": 22.3272342682,
        "var": 498.505371094
    },
    "hfc": {
        "dmean": 8.49484539032,
        "dmean2": 13.0122652054,
        "dvar": 265.918792725,
        "dvar2": 656.048583984,
        "max": 156.77897644,
        "mean": 21.3442192078,
        "median": 14.9076213837,
        "min": 1.17065207562e-16,
        "stdev": 23.0139865875,
        "var": 529.643554688
    },
    "loudness_ebu128": {
        "integrated": -8.19943523407,
        "loudness_range": 7.10132837296,
        "momentary": {
            "dmean": 0.729273498058,
            "dmean2": 0.887091994286,
            "dvar": 2.13618993759,
            "dvar2": 2.95420646667,
            "max": -4.75710010529,
            "mean": -10.2790336609,
            "median": -9.15133571625,
            "min": -38.246131897,
            "stdev": 6.044485569,
            "var": 36.5358047485
        },
        "short_term": {
            "dmean": 0.106951162219,
            "dmean2": 0.120122946799,
            "dvar": 0.0119804022834,
            "dvar2": 0.0154291158542,
            "max": -5.71532440186,
            "mean": -9.24343585968,
            "median": -8.84615325928,
            "min": -14.5487709045,
            "stdev": 2.65740799904,
            "var": 7.06181716919
        }
    },
    "melbands_crest": {
        "dmean": 4.19062757492,
        "dmean2": 6.68051958084,
        "dvar": 14.7684545517,
        "dvar2": 36.3203353882,
        "max": 38.357334137,
        "mean": 18.1738681793,
        "median": 17.4379310608,
        "min": 2.72866916656,
        "stdev": 6.61779737473,
        "var": 43.7952423096
    },
    "melbands_flatness_db": {
        "dmean": 0.0410924479365,
        "dmean2": 0.061215184629,
        "dvar": 0.00249933009036,
        "dvar2": 0.00503659434617,
        "max": 0.792546033859,
        "mean": 0.273752331734,
        "median": 0.222433954477,
        "min": 0.0119745545089,
        "stdev": 0.156961545348,
        "var": 0.0246369279921
    },
    "melbands_kurtosis": {
        "dmean": 14.1027326584,
        "dmean2": 22.6911411285,
        "dvar": 978.079833984,
        "dvar2": 2063.22045898,
        "max": 593.406921387,
        "mean": 19.4747505188,
        "median": 8.77429485321,
        "min": -1.74120032787,
        "stdev": 36.98853302,
        "var": 1368.15148926
    },
    "melbands_skewness": {
        "dmean": 1.08801364899,
        "dmean2": 1.6875025034,
        "dvar": 1.8822350502,
        "dvar2": 4.27324819565,
        "max": 17.4723911285,
        "mean": 2.92229485512,
        "median": 2.46704483032,
        "min": -2.72390723228,
        "stdev": 2.20452165604,
        "var": 4.85991621017
    },
    "melbands_spread": {
        "dmean": 8.74141693115,
        "dmean2": 13.5402078629,
        "dvar": 203.684570312,
        "dvar2": 453.893890381,
        "max": 207.214385986,
        "mean": 20.0833454132,
        "median": 15.7375116348,
        "min": 0.215834751725,
        "stdev": 20.3797492981,
        "var": 415.33416748
    },
    "pitch_salience": {
        "dmean": 0.0862061977386,
        "dmean2": 0.137101531029,
        "dvar": 0.00768560450524,
        "dvar2": 0.018675968051,
        "max": 0.857483446598,
        "mean": 0.500125825405,
        "median": 0.507425308228,
        "min": 0.0654413998127,
        "stdev": 0.144685268402,
        "var": 0.0209338273853
    },
    "silence_rate_20dB": {
        "dmean": 0,
        "dmean2": 0,
        "dvar": 0,
        "dvar2": 0,
        "max": 1,
        "mean": 1,
        "median": 1,
        "min": 1,
        "stdev": 0,
        "var": 0
    },
    "silence_rate_30dB": {
        "dmean": 0.0572755411267,
        "dmean2": 0.114639811218,
        "dvar": 0.0539951920509,
        "dvar2": 0.126281887293,
        "max": 1,
        "mean": 0.952822864056,
        "median": 1,
        "min": 0,
        "stdev": 0.212014704943,
        "var": 0.044950235635
    },
    "silence_rate_60dB": {
        "dmean": 0.0332817323506,
        "dmean2": 0.0666150301695,
        "dvar": 0.0321736447513,
        "dvar2": 0.0683751404285,
        "max": 1,
        "mean": 0.172467127442,
        "median": 0,
        "min": 0,
        "stdev": 0.377784103155,
        "var": 0.14272081852
    },
    "spectral_centroid": {
        "dmean": 303.427856445,
        "dmean2": 453.874481201,
        "dvar": 241627.390625,
        "dvar2": 430659.625,
        "max": 10956.2509766,
        "mean": 1235.65991211,
        "median": 1169.96276855,
        "min": 111.737892151,
        "stdev": 828.989379883,
        "var": 687223.4375
    },
    "spectral_complexity": {
        "dmean": 3.78405570984,
        "dmean2": 5.93106126785,
        "dvar": 25.526884079,
        "dvar2": 60.3012008667,
        "max": 50,
        "mean": 15.3952045441,
        "median": 14,
        "min": 0,
        "stdev": 10.6852464676,
        "var": 114.174499512
    },
    "spectral_decrease": {
        "dmean": 3.48435724717e-09,
        "dmean2": 5.46514922206e-09,
        "dvar": 4.0240497151e-17,
        "dvar2": 8.562842014e-17,
        "max": -4.2200892682e-29,
        "mean": -8.23095991365e-09,
        "median": -5.04091213216e-09,
        "min": -6.20697164777e-08,
        "stdev": 9.12909303707e-09,
        "var": 8.33403459214e-17
    },
    "spectral_energy": {
        "dmean": 0.0135454433039,
        "dmean2": 0.0211872532964,
        "dvar": 0.000594873446971,
        "dvar2": 0.00126524176449,
        "max": 0.236184105277,
        "mean": 0.0330015160143,
        "median": 0.0204053558409,
        "min": 1.07774315206e-20,
        "stdev": 0.0356455594301,
        "var": 0.00127060583327
    },
    "spectral_energyband_high": {
        "dmean": 0.00063962204149,
        "dmean2": 0.00105801480822,
        "dvar": 2.41622251451e-06,
        "dvar2": 6.22597735855e-06,
        "max": 0.0171566046774,
        "mean": 0.000969686429016,
        "median": 0.000400470424211,
        "min": 7.85953252277e-21,
        "stdev": 0.00172269891482,
        "var": 2.9676914437e-06
    },
    "spectral_energyband_low": {
        "dmean": 0.0103151174262,
        "dmean2": 0.0167005807161,
        "dvar": 0.000497025903314,
        "dvar2": 0.00102214934304,
        "max": 0.233264163136,
        "mean": 0.0180687885731,
        "median": 0.00628692982718,
        "min": 2.61720508743e-23,
        "stdev": 0.0290903300047,
        "var": 0.000846247305162
    },
    "spectral_energyband_middle_high": {
        "dmean": 0.00228983163834,
        "dmean2": 0.00338002596982,
        "dvar": 1.41273503687e-05,
        "dvar2": 2.97328660963e-05,
        "max": 0.0390911400318,
        "mean": 0.00558406114578,
        "median": 0.00233157142065,
        "min": 1.54793169636e-21,
        "stdev": 0.00716278981417,
        "var": 5.13055565534e-05
    },
    "spectral_energyband_middle_low": {
        "dmean": 0.00556590640917,
        "dmean2": 0.00910964794457,
        "dvar": 0.000180735980393,
        "dvar2": 0.000485424534418,
        "max": 0.106838472188,
        "mean": 0.00944688916206,
        "median": 0.00574856065214,
        "min": 3.6956734917e-22,
        "stdev": 0.0131775410846,
        "var": 0.000173647582415
    },
    "spectral_entropy": {
        "dmean": 0.230616942048,
        "dmean2": 0.343369245529,
        "dvar": 0.109990783036,
        "dvar2": 0.209949240088,
        "max": 9.79711818695,
        "mean": 7.2001748085,
        "median": 7.56907701492,
        "min": 3.84726786613,
        "stdev": 1.09367465973,
        "var": 1.19612419605
    },
    "spectral_flux": {
        "dmean": 0.0347122438252,
        "dmean2": 0.0531955845654,
        "dvar": 0.00219113240018,
        "dvar2": 0.00390321086161,
        "max": 0.427950292826,
        "mean": 0.0891012847424,
        "median": 0.0729543715715,
        "min": 1.03814408459e-10,
        "stdev": 0.0772206485271,
        "var": 0.00596302840859
    },
    "spectral_kurtosis": {
        "dmean": 7.36021709442,
        "dmean2": 11.1212568283,
        "dvar": 696.457214355,
        "dvar2": 1507.9095459,
        "max": 500.497131348,
        "mean": 20.7706508636,
        "median": 4.18695640564,
        "min": -1.23113572598,
        "stdev": 54.2468490601,
        "var": 2942.72070312
    },
    "spectral_rms": {
        "dmean": 0.000994943198748,
        "dmean2": 0.00147421378642,
        "dvar": 1.92031188817e-06,
        "dvar2": 3.81535710403e-06,
        "max": 0.0151797076687,
        "mean": 0.00483042513952,
        "median": 0.00446180067956,
        "min": 3.24261732916e-12,
        "stdev": 0.00297718239017,
        "var": 8.86361522134e-06
    },
    "spectral_rolloff": {
        "dmean": 578.947265625,
        "dmean2": 947.646118164,
        "dvar": 1555132,
        "dvar2": 3079564.5,
        "max": 18669.2871094,
        "mean": 1286.49804688,
        "median": 839.794921875,
        "min": 43.06640625,
        "stdev": 1752.25256348,
        "var": 3070389.25
    },
    "spectral_skewness": {
        "dmean": 0.464557528496,
        "dmean2": 0.679430365562,
        "dvar": 0.808747112751,
        "dvar2": 1.47553825378,
        "max": 18.4160194397,
        "mean": 2.67362165451,
        "median": 1.70783793926,
        "min": 0.00655971700326,
        "stdev": 2.8821208477,
        "var": 8.30662059784
    },
    "spectral_spread": {
        "dmean": 725578,
        "dmean2": 1024946.5625,
        "dvar": 1.60601944883e+12,
        "dvar2": 2.13310308352e+12,
        "max": 41060504,
        "mean": 4682252.5,
        "median": 4899950,
        "min": 206341.484375,
        "stdev": 2514176,
        "var": 6.32108089344e+12
    },
    "spectral_strongpeak": {
        "dmean": 0.501982212067,
        "dmean2": 0.853162288666,
        "dvar": 1.18287527561,
        "dvar2": 3.22424244881,
        "max": 10.1651391983,
        "mean": 0.792790412903,
        "median": 0.287165045738,
        "min": 0,
        "stdev": 1.30735528469,
        "var": 1.70917773247
    },
    "zerocrossingrate": {
        "dmean": 0.0127901723608,
        "dmean2": 0.0140848904848,
        "dvar": 0.000474339438369,
        "dvar2": 0.000477739755297,
        "max": 0.50537109375,
        "mean": 0.0536693967879,
        "median": 0.046875,
        "min": 0.00244140625,
        "stdev": 0.0482882112265,
        "var": 0.00233175116591
    },
    "barkbands": {
        "dmean": [0.00157832936384, 0.00731866108254, 0.00303816213273, 0.00237844022922, 0.00189991283696, 0.000630049442407, 0.000502820417751, 0.00100067257881, 0.00087331578834, 0.000456068635685, 0.000282583961962, 0.000436702423031, 0.000452317646705, 0.000618155871052, 0.000536022183951, 0.000278395600617, 0.000240920315264, 0.000254542712355, 0.000163070319104, 0.000125092919916, 0.000117369745567, 0.000125490114442, 0.000160081937793, 0.000145166326547, 0.000100501434645, 3.23420863424e-05, 1.38053837873e-06],
        "dmean2": [0.00244850292802, 0.01230773516, 0.00549090467393, 0.00418335245922, 0.00329134287313, 0.00104354089126, 0.000793305691332, 0.00156784034334, 0.00141095090657, 0.000670444278512, 0.000428681727499, 0.000668216438498, 0.000650345580652, 0.000841392262373, 0.000854401441757, 0.000457398709841, 0.000383780541597, 0.000398091302486, 0.000266412185738, 0.00021158598247, 0.000204857278732, 0.00021640167688, 0.000265075417701, 0.000229877317906, 0.000164335724548, 5.31666519237e-05, 2.36354958361e-06],
        "dvar": [1.6375517589e-05, 0.000393087830162, 6.77317730151e-05, 8.24530434329e-05, 2.45778337558e-05, 2.49965455623e-06, 2.06850018003e-06, 5.75004287384e-06, 6.39194058749e-06, 1.11711312911e-06, 9.78041384769e-07, 2.56912289842e-06, 1.09218603939e-06, 2.13474208977e-06, 2.03258969123e-06, 8.32359717151e-07, 4.30254630146e-07, 2.84748722379e-07, 1.18884450728e-07, 1.07774063451e-07, 1.46605685813e-07, 1.20482170018e-07, 1.51782856506e-07, 1.23396034724e-07, 1.23614555037e-07, 4.29615010233e-09, 1.09034448137e-11],
        "dvar2": [3.78178156097e-05, 0.000874196353834, 0.00019650044851, 0.000232538935961, 7.1218033554e-05, 6.19645061306e-06, 4.11515293308e-06, 1.31797860377e-05, 1.6113055608e-05, 2.15314116758e-06, 2.13521775549e-06, 5.8016253206e-06, 2.17056958718e-06, 3.65759774468e-06, 4.75754904983e-06, 2.23092547458e-06, 1.0822409422e-06, 5.73122065362e-07, 3.02103359218e-07, 3.02917527506e-07, 4.20599491235e-07, 3.4013351069e-07, 3.72342526589e-07, 2.82546494645e-07, 3.38881079642e-07, 1.1504583064e-08, 2.92067967034e-11],
        "max": [0.0456023029983, 0.191319420934, 0.0660611316562, 0.07682428509, 0.052607871592, 0.0156385302544, 0.0316490530968, 0.0341784022748, 0.0292242560536, 0.0184805635363, 0.0315577685833, 0.0266958456486, 0.0129063120112, 0.0268206465989, 0.0185489691794, 0.0179613586515, 0.0151998102665, 0.00894773285836, 0.00512422202155, 0.00430316803977, 0.00423256494105, 0.00412467261776, 0.0057559623383, 0.00760112935677, 0.00717077357695, 0.000564057787415, 5.29118624399e-05],
        "mean": [0.00248218956403, 0.0112709989771, 0.00337986089289, 0.00203913846053, 0.00278578186408, 0.000805405783467, 0.000803889706731, 0.00171490479261, 0.00104090082459, 0.000784890900832, 0.00045049955952, 0.000589869450778, 0.000734004133847, 0.000922608654946, 0.000707530067302, 0.000364065839676, 0.00037075963337, 0.000442962453235, 0.000254717975622, 0.000163588876603, 0.000125232210848, 0.000152421853272, 0.000221984271775, 0.000213011910091, 0.000133297289722, 4.55543849966e-05, 1.44782893585e-06],
        "median": [8.33618614706e-05, 0.00271106720902, 0.000939971185289, 0.000320743682096, 0.00127200572751, 0.000250502402196, 0.00032994284993, 0.000195734843146, 0.000260743079707, 0.000159340372193, 9.4207462098e-05, 9.4811017334e-05, 9.90723565337e-05, 9.02591273189e-05, 0.000124511658214, 9.80402546702e-05, 0.000154731213115, 0.000128980260342, 8.58260318637e-05, 4.87032011733e-05, 2.45734227065e-05, 4.61006493424e-05, 6.54408650007e-05, 6.61388112349e-05, 4.62236785097e-05, 2.04397820198e-05, 1.41144866461e-07],
        "min": [6.44050734369e-24, 6.83325910029e-24, 9.29427398834e-24, 1.00886876855e-23, 3.59984935847e-23, 1.10915559835e-22, 1.42746857823e-23, 1.31538756791e-22, 6.19354134222e-23, 4.92228126495e-23, 1.9842008512e-23, 1.19598861053e-22, 2.42161239023e-22, 8.58556703088e-23, 1.52014278986e-22, 1.15456192719e-22, 1.45343507088e-22, 1.37460464239e-22, 2.81348769082e-22, 3.85523064409e-22, 4.75718264868e-22, 3.87971663415e-22, 8.24107816311e-22, 8.70587702795e-22, 1.24849776722e-21, 1.83698436744e-21, 2.25393287353e-21],
        "stdev": [0.00509953033179, 0.0228900890797, 0.00700091896579, 0.0073484252207, 0.00464283768088, 0.00176253530663, 0.00184197828639, 0.00383598264307, 0.00270440289751, 0.00189332291484, 0.00146790873259, 0.00193970149849, 0.00169978465419, 0.00247481185943, 0.00172108830884, 0.000977940391749, 0.000779762514867, 0.000784348871093, 0.000422521115979, 0.000304666667944, 0.00032015691977, 0.000317082594847, 0.00046157365432, 0.000471143779578, 0.000330626993673, 7.29563398636e-05, 3.1817519357e-06],
        "var": [2.60052111116e-05, 0.000523956201505, 4.90128695674e-05, 5.39993525308e-05, 2.15559430217e-05, 3.10653081215e-06, 3.39288385476e-06, 1.47147629832e-05, 7.31379441277e-06, 3.58467173101e-06, 2.15475597543e-06, 3.76244202016e-06, 2.88926776193e-06, 6.12469330008e-06, 2.96214511764e-06, 9.56367443905e-07, 6.08029608884e-07, 6.15203134657e-07, 1.78524089733e-07, 9.28217716023e-08, 1.02500450794e-07, 1.0054137789e-07, 2.13050242337e-07, 2.21976449666e-07, 1.09314214569e-07, 5.32262722786e-09, 1.01235460986e-11]
    },
    "erbbands": {
        "dmean": [0.329392999411, 1.42446708679, 3.15295553207, 6.68798828125, 6.03065013885, 7.03087902069, 7.22624874115, 3.70764684677, 5.0577583313, 12.8900003433, 23.9686050415, 19.491519928, 12.3914642334, 15.9534301758, 9.16683578491, 19.8305988312, 18.4521961212, 32.6838493347, 28.7234630585, 17.4247570038, 13.5688018799, 11.4882135391, 14.7113437653, 9.81868362427, 7.36702871323, 5.90740060806, 4.61838626862, 4.76334142685, 4.19336843491, 4.70310258865, 4.67774057388, 3.44358468056, 2.26037812233, 1.22595179081, 0.687285482883, 0.219388157129, 0.0459529608488, 0.00624434556812, 0.000164009412401, 1.84647178685e-05],
        "dmean2": [0.557325601578, 2.45668578148, 5.67200231552, 11.7650966644, 10.8344583511, 11.7353229523, 11.8033447266, 6.10740661621, 8.03039264679, 20.0229797363, 37.9183769226, 31.4152183533, 18.9490585327, 22.5033092499, 13.5552501678, 29.9403800964, 25.9289913177, 44.7332572937, 45.0338058472, 26.9135112762, 21.7388134003, 18.1621627808, 22.9929447174, 15.7780122757, 11.9638128281, 10.1281404495, 7.95640420914, 8.47682380676, 7.31590795517, 7.79656267166, 7.77721118927, 5.58636283875, 3.59176778793, 1.95143377781, 1.15501260757, 0.361378192902, 0.0768423080444, 0.0103278337047, 0.000272901757853, 2.82346973108e-05],
        "dvar": [0.676652133465, 20.196352005, 86.7674407959, 533.351257324, 439.288604736, 238.444366455, 323.920410156, 80.7047576904, 362.822814941, 1182.37805176, 3909.52368164, 2866.40722656, 870.046936035, 1998.61645508, 708.955688477, 5457.27539062, 1633.2800293, 5790.32275391, 6454.46826172, 2139.45678711, 1462.11462402, 1230.50305176, 984.111816406, 413.01473999, 280.671936035, 274.107788086, 170.56640625, 293.224365234, 154.648666382, 146.354354858, 132.711334229, 70.3674163818, 28.9302921295, 16.3087863922, 5.43037033081, 0.240365251899, 0.0100001003593, 0.000186210949323, 1.27307245634e-07, 9.89569093335e-10],
        "dvar2": [1.68220698833, 48.4169845581, 247.510116577, 1497.96789551, 1254.26403809, 675.448486328, 795.347595215, 199.643615723, 910.604858398, 2892.07080078, 9292.92285156, 6999.82568359, 1959.93884277, 3667.44384766, 1661.72753906, 12614.0615234, 3169.00170898, 9610.40234375, 14680.6074219, 4726.91845703, 3718.7734375, 3000.97143555, 1983.25231934, 1028.60449219, 700.562255859, 779.250976562, 479.578125, 852.69152832, 440.210845947, 386.986999512, 320.56451416, 163.132415771, 62.7507133484, 43.0713119507, 14.8808488846, 0.647566199303, 0.0265905428678, 0.000487893616082, 3.3299329516e-07, 2.18442863797e-09],
        "max": [9.56800174713, 47.6801834106, 87.9379119873, 195.585113525, 210.728668213, 163.885375977, 212.807235718, 141.667297363, 473.567626953, 469.955841064, 933.199890137, 785.862060547, 533.975708008, 1039.9206543, 656.474975586, 1372.80993652, 483.164245605, 1484.64294434, 1001.14862061, 752.27355957, 529.346923828, 921.291137695, 504.016662598, 323.920806885, 268.599578857, 249.785675049, 123.059944153, 225.791305542, 166.35256958, 167.352203369, 194.810546875, 185.544815063, 90.2469329834, 81.4403915405, 41.3702049255, 5.71698141098, 0.908139109612, 0.116737686098, 0.00415337877348, 0.000255476683378],
        "mean": [0.502865731716, 1.85389947891, 3.50749897957, 6.43905115128, 6.13107967377, 11.1089439392, 10.3502788544, 5.04423332214, 7.65198421478, 22.1596717834, 40.2195091248, 25.0302658081, 19.4748744965, 28.2110042572, 15.3604698181, 27.8917942047, 31.9375267029, 53.3943786621, 41.5389518738, 25.9743061066, 19.2741012573, 18.8723526001, 25.7680206299, 16.826713562, 11.2607297897, 7.78821277618, 5.17721319199, 5.13606977463, 4.94361972809, 6.17582798004, 6.45931196213, 4.89555931091, 3.30213093758, 1.62665915489, 0.887557685375, 0.299687087536, 0.0664439052343, 0.00811355933547, 0.000225026757107, 4.79810405523e-05],
        "median": [0.107348814607, 0.497770667076, 1.08986234665, 1.69185006618, 1.8504730463, 4.55219459534, 3.20488858223, 2.19259500504, 3.73460936546, 8.44364261627, 4.67756223679, 7.96623039246, 5.08880567551, 6.52790021896, 3.75050473213, 4.85356330872, 4.76896572113, 5.80026245117, 6.78599119186, 7.08377075195, 6.7399225235, 7.50253152847, 7.35053253174, 6.6500544548, 3.92563557625, 2.33321213722, 1.01295208931, 1.09498822689, 1.36661171913, 1.76026046276, 1.85629713535, 1.56405758858, 0.939054250717, 0.515296339989, 0.287284135818, 0.119614221156, 0.026583597064, 0.00252044457011, 9.43041377468e-05, 3.45786684193e-05],
        "min": [7.16800796557e-23, 1.9555147448e-21, 8.50776101085e-21, 3.12267305146e-20, 1.42449257964e-20, 1.24598991151e-19, 1.0106800849e-18, 5.07789892928e-19, 1.44962562245e-19, 9.07585876816e-19, 3.34837955673e-18, 1.28487081242e-18, 1.26400001159e-18, 1.14251344259e-18, 2.09561389863e-18, 5.2055158372e-18, 1.19273571348e-17, 4.33153624072e-18, 7.3209835181e-18, 7.48532858938e-18, 6.04257298626e-18, 7.89269022564e-18, 7.67679608577e-18, 1.03532481455e-17, 1.70200120356e-17, 2.13904406544e-17, 1.8682613634e-17, 1.60903669062e-17, 1.53967528015e-17, 2.21150128207e-17, 2.18130191052e-17, 1.77181392377e-17, 1.50157765725e-17, 1.41651768224e-17, 8.89273835133e-18, 8.25329547778e-18, 3.13600155484e-18, 1.12999013491e-18, 2.97489380998e-19, 3.38699441567e-20],
        "stdev": [0.942774832249, 4.49571037292, 7.66348361969, 19.4179840088, 17.0475921631, 17.0289134979, 20.7301120758, 9.578332901, 19.6256122589, 44.7711257935, 98.4577178955, 58.8976593018, 43.069644928, 73.8127670288, 38.8982925415, 85.9451141357, 67.1626663208, 135.597366333, 100.801002502, 58.5594520569, 43.5182533264, 42.2368927002, 46.2093353271, 27.1535930634, 19.2073860168, 14.9648456573, 11.631518364, 13.8995800018, 11.0306797028, 12.4627561569, 13.9058828354, 10.7883348465, 7.35652208328, 4.08543539047, 2.1584751606, 0.528466463089, 0.109565146267, 0.0144599564373, 0.000374275201466, 4.80265989609e-05],
        "var": [0.888824343681, 20.2114105225, 58.7289810181, 377.058105469, 290.620391846, 289.983917236, 429.737579346, 91.7444610596, 385.164672852, 2004.45361328, 9693.92285156, 3468.93432617, 1854.99438477, 5448.32421875, 1513.07714844, 7386.56298828, 4510.82324219, 18386.6464844, 10160.8417969, 3429.20922852, 1893.83837891, 1783.95495605, 2135.30273438, 737.317565918, 368.923706055, 223.946609497, 135.292221069, 193.19833374, 121.675888062, 155.320281982, 193.373580933, 116.388160706, 54.1184158325, 16.690782547, 4.65901517868, 0.279276788235, 0.0120045207441, 0.000209090329008, 1.40081937161e-07, 2.30655428091e-09]
    },
    "gfcc": {
        "mean": [-71.6326522827, 93.843170166, -94.8346328735, 20.4501228333, -55.2172584534, 14.2892351151, -43.3008842468, 12.6837072372, -22.2853088379, 0.373626798391, -15.6691665649, -2.15266394615, -16.0888366699],
        "cov": [[35639.5820312, -5770.78857422, -5520.38037109, 3373.04418945, 998.894836426, 2741.296875, -474.40838623, 1959.45776367, 158.135284424, 609.308776855, -158.788970947, 640.283935547, -479.487426758], [-5770.78857422, 3601.11303711, 1666.59216309, -322.23449707, 692.302307129, -812.835449219, 584.258056641, -277.641693115, 279.723937988, -173.863189697, 153.711959839, -151.677215576, 255.302459717], [-5520.38037109, 1666.59216309, 3013.06958008, 539.842285156, 16.5595474243, -479.652038574, 202.181549072, -348.973175049, 48.2248382568, -119.553153992, 97.6220550537, -91.9952011108, 154.668716431], [3373.04418945, -322.23449707, 539.842285156, 1576.80444336, 415.252716064, 150.297546387, 65.1512451172, 192.561233521, 102.338981628, 55.6117706299, -35.7870445251, 43.7040634155, 89.947013855], [998.894836426, 692.302307129, 16.5595474243, 415.252716064, 736.459899902, -12.1299743652, 296.279266357, 165.473617554, 163.658203125, 55.7317581177, 30.0867958069, 27.8099517822, 98.9788284302], [2741.296875, -812.835449219, -479.652038574, 150.297546387, -12.1299743652, 573.31072998, 72.2645492554, 227.035217285, 2.08072710037, 110.57384491, 27.6028652191, 72.1313400269, -81.3877258301], [-474.40838623, 584.258056641, 202.181549072, 65.1512451172, 296.279266357, 72.2645492554, 536.426452637, 160.803695679, 112.901535034, 92.3944854736, 49.866771698, 26.7934379578, 95.1344680786], [1959.45776367, -277.641693115, -348.973175049, 192.561233521, 165.473617554, 227.035217285, 160.803695679, 333.619903564, 129.493270874, 101.888305664, 20.8626537323, 63.6831703186, 11.6518182755], [158.135284424, 279.723937988, 48.2248382568, 102.338981628, 163.658203125, 2.08072710037, 112.901535034, 129.493270874, 248.422286987, 57.8744430542, 25.0071697235, 4.48485183716, 49.6417655945], [609.308776855, -173.863189697, -119.553153992, 55.6117706299, 55.7317581177, 110.57384491, 92.3944854736, 101.888305664, 57.8744430542, 139.347381592, 12.7033576965, 31.4634342194, 13.2683191299], [-158.788970947, 153.711959839, 97.6220550537, -35.7870445251, 30.0867958069, 27.6028652191, 49.866771698, 20.8626537323, 25.0071697235, 12.7033576965, 116.376823425, 27.7301006317, 6.82207536697], [640.283935547, -151.677215576, -91.9952011108, 43.7040634155, 27.8099517822, 72.1313400269, 26.7934379578, 63.6831703186, 4.48485183716, 31.4634342194, 27.7301006317, 94.7284698486, 12.9521360397], [-479.487426758, 255.302459717, 154.668716431, 89.947013855, 98.9788284302, -81.3877258301, 95.1344680786, 11.6518182755, 49.6417655945, 13.2683191299, 6.82207536697, 12.9521360397, 118.31652832]],
        "icov": [[0.000150274630869, -0.000196892637177, 0.000269961426966, -0.000410963344621, 7.7515731391e-05, -0.00040008596261, 0.000362740422133, -0.000430952815805, 0.000213465711568, -0.000181912444532, 0.000170823012013, -0.000461248098873, 0.0003755663638], [-0.000196892637177, 0.00191556254867, -0.000864393310621, 0.00125630164985, -0.00153376895469, 0.00160535261966, -0.00168905907776, 0.00140193419065, -0.00150709366426, 0.00189050845802, -0.0014430769952, 0.00172195304185, -0.000833943602629], [0.000269961426966, -0.000864393310621, 0.00130482623354, -0.00141285220161, 0.000968027103227, -0.000680361757986, 0.00040205323603, -0.000147958911839, 0.000408388877986, -0.000595419842284, -8.96185156307e-05, -0.000967671396211, 0.000747573794797], [-0.000410963344621, 0.00125630164985, -0.00141285220161, 0.00260857935064, -0.00161530228797, 0.000966148916632, -0.000711499946192, 0.000705979939085, -0.000834519742057, 0.00111563515384, -8.49257558002e-05, 0.0016384558985, -0.00194343645126], [7.7515731391e-05, -0.00153376895469, 0.000968027103227, -0.00161530228797, 0.00382013991475, -0.000455153727671, -0.000133482768433, -0.000891314179171, 0.000331375806127, -0.00113600643817, 0.000492813996971, -0.00126576481853, 0.000370982917957], [-0.00040008596261, 0.00160535261966, -0.000680361757986, 0.000966148916632, -0.000455153727671, 0.00547583494335, -0.00252522295341, 0.000195633023395, -0.000674627430271, 0.000239187531406, -0.00216238340363, 0.00109688087832, 0.00148901820648], [0.000362740422133, -0.00168905907776, 0.00040205323603, -0.000711499946192, -0.000133482768433, -0.00252522295341, 0.00558423995972, -0.00332147418521, 0.00196789274924, -0.00283910450526, 0.0012399405241, -0.00118381716311, -0.00110758468509], [-0.000430952815805, 0.00140193419065, -0.000147958911839, 0.000705979939085, -0.000891314179171, 0.000195633023395, -0.00332147418521, 0.009751226753, -0.00443884171546, 0.0005937787937, -0.00122877687681, -0.000357888959115, -0.000618405931164], [0.000213465711568, -0.00150709366426, 0.000408388877986, -0.000834519742057, 0.000331375806127, -0.000674627430271, 0.00196789274924, -0.00443884171546, 0.0078864954412, -0.00312281632796, 0.000290778261842, 0.000443003984401, -0.000692799221724], [-0.000181912444532, 0.00189050845802, -0.000595419842284, 0.00111563515384, -0.00113600643817, 0.000239187531406, -0.00283910450526, 0.0005937787937, -0.00312281632796, 0.0125895245001, -0.00122760678641, 0.000264263100689, -0.0016068208497], [0.000170823012013, -0.0014430769952, -8.96185156307e-05, -8.49257558002e-05, 0.000492813996971, -0.00216238340363, 0.0012399405241, -0.00122877687681, 0.000290778261842, -0.00122760678641, 0.0120090264827, -0.00480239512399, 0.00106108339969], [-0.000461248098873, 0.00172195304185, -0.000967671396211, 0.0016384558985, -0.00126576481853, 0.00109688087832, -0.00118381716311, -0.000357888959115, 0.000443003984401, 0.000264263100689, -0.00480239512399, 0.0167650841177, -0.00453882478178], [0.0003755663638, -0.000833943602629, 0.000747573794797, -0.00194343645126, 0.000370982917957, 0.00148901820648, -0.00110758468509, -0.000618405931164, -0.000692799221724, -0.0016068208497, 0.00106108339969, -0.00453882478178, 0.0148455239832]]
    },
    "melbands": {
        "dmean": [0.00238721538335, 0.00166380754672, 0.00105429301038, 0.000442940421635, 0.000255391380051, 8.92275857041e-05, 8.63746245159e-05, 0.000153056244017, 0.000205374031793, 0.000118398100312, 6.1894323153e-05, 6.59950019326e-05, 3.04057812173e-05, 4.30810541729e-05, 4.97767396155e-05, 4.72759857075e-05, 6.59545548842e-05, 4.70730265079e-05, 3.73885959561e-05, 2.25759777095e-05, 1.51050526256e-05, 1.23764120872e-05, 1.43790148286e-05, 1.27435478134e-05, 8.15963267087e-06, 6.08467007623e-06, 4.73802310808e-06, 3.93114078179e-06, 2.84677821583e-06, 2.96907865049e-06, 2.88749833999e-06, 2.4370212941e-06, 2.5104316137e-06, 2.75114666692e-06, 2.82875294033e-06, 2.68120447799e-06, 1.97305507754e-06, 1.6997092871e-06, 1.39365226914e-06, 9.64626906352e-07],
        "dmean2": [0.00385247822851, 0.00279817217961, 0.00184867123608, 0.000777148001362, 0.000419592193794, 0.000148397346493, 0.000132820481667, 0.000238229404204, 0.000327137182467, 0.000189480764675, 9.52626069193e-05, 9.38999874052e-05, 4.63561918878e-05, 6.6142398282e-05, 7.12493711035e-05, 6.99079537299e-05, 8.91267918632e-05, 7.45471770642e-05, 5.85969974054e-05, 3.62695427611e-05, 2.3964617867e-05, 1.982451613e-05, 2.23166061915e-05, 1.98205161723e-05, 1.32716295411e-05, 1.00423576441e-05, 7.75669923314e-06, 6.84410997565e-06, 4.93915467814e-06, 5.20978801433e-06, 5.20836965734e-06, 4.29785222877e-06, 4.20263449996e-06, 4.57138548882e-06, 4.75744900541e-06, 4.33401055489e-06, 3.21830884786e-06, 2.72395936918e-06, 2.20678589358e-06, 1.56780561156e-06],
        "dvar": [3.48590765498e-05, 2.18508321268e-05, 1.30304933919e-05, 1.48251228893e-06, 3.4750433997e-07, 4.67466101384e-08, 8.08157878396e-08, 1.63368866879e-07, 3.2140749795e-07, 1.12722759127e-07, 2.1516131099e-08, 3.3695595647e-08, 9.77169367644e-09, 2.01184420234e-08, 2.84372667636e-08, 1.30816255606e-08, 2.56152627998e-08, 1.97017531178e-08, 1.15183107496e-08, 5.82561421325e-09, 1.45552425668e-09, 1.54123414031e-09, 1.26463262085e-09, 7.1948541569e-10, 3.01330405073e-10, 1.89534651862e-10, 1.27641022751e-10, 1.37922492871e-10, 5.74414855958e-11, 9.7876734495e-11, 1.21757617877e-10, 6.59542975789e-11, 3.44870937363e-11, 5.64895734356e-11, 5.39558710211e-11, 3.65703682614e-11, 2.42191319083e-11, 1.72062017412e-11, 1.47929012789e-11, 1.13427305742e-11],
        "dvar2": [7.96984968474e-05, 5.73055076529e-05, 3.6509027268e-05, 4.25396046921e-06, 8.86394445843e-07, 1.15650678367e-07, 1.80995442634e-07, 3.95014183141e-07, 7.89349371644e-07, 2.71696364962e-07, 4.84603859263e-08, 6.06818133519e-08, 2.17213376175e-08, 4.59881057679e-08, 5.78846659494e-08, 2.74669709199e-08, 3.94282650973e-08, 4.42333920603e-08, 2.71488094228e-08, 1.50391148424e-08, 3.51565665468e-09, 3.99832522646e-09, 2.6178981205e-09, 1.5888090843e-09, 7.60868423821e-10, 4.92233920291e-10, 3.272578597e-10, 3.96536609104e-10, 1.60501736901e-10, 2.77824901973e-10, 3.56908946841e-10, 1.90353399709e-10, 9.31531518589e-11, 1.50920526076e-10, 1.36700803455e-10, 8.16259212999e-11, 5.86575787942e-11, 3.88243187599e-11, 3.46967524156e-11, 3.07487021955e-11],
        "max": [0.0668564140797, 0.0516652576625, 0.0300982631743, 0.012449436821, 0.00659782486036, 0.00298910681158, 0.0071426150389, 0.00513316784054, 0.00701180426404, 0.00537107512355, 0.00269246730022, 0.00383153860457, 0.00258396216668, 0.00271280878223, 0.00387709820643, 0.00155144056771, 0.00336434389465, 0.0020672713872, 0.00200441596098, 0.00167064531706, 0.000525561859831, 0.00102649442852, 0.00069992284989, 0.00033991606324, 0.00026564442669, 0.00015619082842, 0.000188681704458, 0.000181152179721, 7.87479802966e-05, 0.000112739064207, 0.000146858161315, 0.000126972474391, 5.50343283976e-05, 0.000117081523058, 0.000113084977784, 0.000120029508253, 0.000101908917713, 7.21423566574e-05, 5.56913946639e-05, 6.94859118084e-05],
        "mean": [0.00385146029294, 0.00200067646801, 0.0010638962267, 0.000614209740888, 0.000398258242058, 0.000117082629004, 0.000135394904646, 0.000263309368165, 0.000323756743455, 0.000145070705912, 9.38719531405e-05, 0.000114250258775, 5.00758942508e-05, 6.04277302045e-05, 7.30654646759e-05, 7.36165457056e-05, 0.000103940910776, 6.40518701402e-05, 4.97728469782e-05, 2.92511831503e-05, 2.07222601603e-05, 1.89892780327e-05, 2.31182366406e-05, 2.1373063646e-05, 1.28074270833e-05, 8.88067916094e-06, 6.56272823107e-06, 4.8242786761e-06, 3.16969590131e-06, 3.03082015307e-06, 3.00592341773e-06, 2.68877033704e-06, 3.11073131343e-06, 3.50464142684e-06, 3.69651502297e-06, 3.61430579687e-06, 2.71058615908e-06, 2.41017596636e-06, 1.84641339729e-06, 1.20551135296e-06],
        "median": [0.000884346081875, 0.000656756164972, 0.000311823649099, 0.000240458684857, 0.00016230440815, 4.78938927699e-05, 6.05335189903e-05, 8.76296326169e-05, 3.24244538206e-05, 4.4415359298e-05, 2.05510059459e-05, 2.4441840651e-05, 1.11075160021e-05, 1.25326023408e-05, 1.06477218651e-05, 1.03106431197e-05, 9.53919879976e-06, 9.78726347967e-06, 9.85094993666e-06, 7.28696977603e-06, 7.36812216928e-06, 7.61554611017e-06, 6.48854802421e-06, 6.48922286928e-06, 4.45975138064e-06, 2.92745266961e-06, 2.09417771657e-06, 1.2142597825e-06, 5.3122778354e-07, 5.62986429031e-07, 5.76193883717e-07, 6.14639930063e-07, 8.66035804847e-07, 8.85415488483e-07, 1.00365798517e-06, 1.03520790162e-06, 8.22457877803e-07, 6.19804950475e-07, 4.44283841716e-07, 3.54208339104e-07],
        "min": [1.50139458748e-24, 4.41966343012e-24, 4.40995058023e-24, 3.31604071283e-24, 2.87301090643e-23, 1.36783053602e-23, 2.17212850253e-24, 1.22733448769e-23, 2.76147449413e-23, 6.87154330888e-24, 6.88848567454e-24, 5.27897750279e-24, 4.69888390297e-24, 1.1720315517e-23, 2.04594168104e-23, 2.37919691708e-23, 5.64670501376e-24, 1.08612933229e-23, 1.33017063195e-23, 8.96393059567e-24, 6.22249774392e-24, 8.50818277375e-24, 6.85926311117e-24, 6.6555255829e-24, 8.20549211125e-24, 1.08205060586e-23, 1.44504471474e-23, 1.39784622015e-23, 1.0824287069e-23, 1.00579221102e-23, 9.22664652065e-24, 8.83086553817e-24, 7.69475989539e-24, 1.48573715791e-23, 1.4629682656e-23, 8.12581006008e-24, 1.15386140293e-23, 1.0875102333e-23, 8.5145520367e-24, 1.36844237654e-23],
        "stdev": [0.0072302040644, 0.00424935482442, 0.00303695118055, 0.00112952943891, 0.000675005489029, 0.000233211554587, 0.00033249889384, 0.000541957444511, 0.000809815770481, 0.00037320307456, 0.000216876316699, 0.000308355403831, 0.000154796784045, 0.000167708349181, 0.000228241900913, 0.00017524859868, 0.000290190655505, 0.000174076441908, 0.000127001054352, 8.15471503302e-05, 4.53607462987e-05, 4.47681341029e-05, 4.80755734316e-05, 3.77280375687e-05, 2.22401504288e-05, 1.55767029355e-05, 1.18659654618e-05, 1.02371932371e-05, 6.94894833941e-06, 8.23318532639e-06, 8.75416390045e-06, 6.8337412813e-06, 6.00497105552e-06, 7.61426599638e-06, 8.37256266095e-06, 7.85414613347e-06, 6.10796450928e-06, 5.52154051547e-06, 4.59058446722e-06, 3.19260834658e-06],
        "var": [5.2275849157e-05, 1.80570150405e-05, 9.22307299334e-06, 1.27583666654e-06, 4.55632374496e-07, 5.43876303993e-08, 1.10555511412e-07, 2.93717846489e-07, 6.55801613902e-07, 1.3928053022e-07, 4.7035339179e-08, 9.5083059648e-08, 2.39620447928e-08, 2.81260899015e-08, 5.20943643778e-08, 3.07120728849e-08, 8.42106189225e-08, 3.03026084225e-08, 1.6129266811e-08, 6.64993748956e-09, 2.05759720373e-09, 2.00418592833e-09, 2.31126073835e-09, 1.42340483844e-09, 4.94624285974e-10, 2.42633663161e-10, 1.4080113464e-10, 1.04800119971e-10, 4.82878806385e-11, 6.77853398412e-11, 7.66353855375e-11, 4.67000223214e-11, 3.60596795479e-11, 5.79770433051e-11, 7.00998079028e-11, 6.16876133508e-11, 3.73072302218e-11, 3.04874077373e-11, 2.10734641543e-11, 1.01927485549e-11]
    },
    "melbands128": {
