{
"lowlevel": {
    "average_loudness": 0.958251535892,
    "barkbands_crest": {
        "dmean": 2.74211144447,
        "dmean2": 4.37905550003,
        "dvar": 6.58462619781,
        "dvar2": 16.7445259094,
        "max": 24.293088913,
        "mean": 11.9491214752,
        "median": 11.2343196869,
        "min": 3.14932823181,
        "stdev": 4.48769760132,
        "var": 20.1394290924
    },
    "barkbands_flatness_db": {
        "dmean": 0.0376257710159,
        "dmean2": 0.0526583604515,
        "dvar": 0.00141109433025,
        "dvar2": 0.00286370073445,
        "max": 0.519088029861,
        "mean": 0.182964339852,
        "median": 0.172754302621,
        "min": 0.0395513921976,
        "stdev": 0.0766224712133,
        "var": 0.00587100256234
    },
    "barkbands_kurtosis": {
        "dmean": 8.06363201141,
        "dmean2": 12.977142334,
        "dvar": 471.668792725,
        "dvar2": 1244.60144043,
        "max": 472.524627686,
        "mean": 12.2050600052,
        "median": 5.55229854584,
        "min": -1.79738974571,
        "stdev": 26.1623764038,
        "var": 684.469970703
    },
    "barkbands_skewness": {
        "dmean": 0.850197255611,
        "dmean2": 1.34006464481,
        "dvar": 1.11462259293,
        "dvar2": 2.72668838501,
        "max": 15.7005558014,
        "mean": 2.2303981781,
        "median": 1.91341173649,
        "min": -2.43772625923,
        "stdev": 1.61041939259,
        "var": 2.59345054626
    },
    "barkbands_spread": {
        "dmean": 9.24914264679,
        "dmean2": 14.7339935303,
        "dvar": 184.103118896,
        "dvar2": 473.486358643,
        "max": 98.3820037842,
        "mean": 17.1874294281,
        "median": 12.6935815811,
        "min": 0.221228316426,
        "stdev": 15.7839803696,
        "var": 249.134033203
    },
    "dissonance": {
        "dmean": 0.0326643772423,
        "dmean2": 0.0529782921076,
        "dvar": 0.000954675721005,
        "dvar2": 0.00232619349845,
        "max": 0.499861180782,
        "mean": 0.423299193382,
        "median": 0.435241192579,
        "min": 0.114000931382,
        "stdev": 0.0561516731977,
        "var": 0.00315301027149
    },
    "dynamic_complexity": 2.46029138565,
    "erbbands_crest": {
        "dmean": 3.13679432869,
        "dmean2": 4.95349884033,
        "dvar": 9.73844242096,
        "dvar2": 22.0763664246,
        "max": 32.7170219421,
        "mean": 11.3545055389,
        "median": 9.85963630676,
        "min": 2.7655107975,
        "stdev": 5.63246917725,
        "var": 31.7247066498
    },
    "erbbands_flatness_db": {
        "dmean": 0.0270299203694,
        "dmean2": 0.0392182208598,
        "dvar": 0.000660311896354,
        "dvar2": 0.00131692248397,
        "max": 0.320952028036,
        "mean": 0.16180421412,
        "median": 0.161287069321,
        "min": 0.0498487539589,
        "stdev": 0.0495605617762,
        "var": 0.00245624920353
    },
    "erbbands_kurtosis": {
        "dmean": 2.36982274055,
        "dmean2": 3.69295477867,
        "dvar": 15.9138460159,
        "dvar2": 36.9676742554,
        "max": 68.8094100952,
        "mean": 3.46251893044,
        "median": 1.22096395493,
        "min": -1.82829749584,
        "stdev": 7.35399866104,
        "var": 54.0812988281
    },
    "erbbands_skewness": {
        "dmean": 0.558466076851,
        "dmean2": 0.849032759666,
        "dvar": 0.355661600828,
        "dvar2": 0.780344605446,
        "max": 6.404337883,
        "mean": 1.11167097092,
        "median": 1.01262116432,
        "min": -4.47817373276,
        "stdev": 1.1691300869,
        "var": 1.36686515808
    },
    "erbbands_spread": {
        "dmean": 13.7516460419,
        "dmean2": 21.6418571472,
        "dvar": 305.162078857,
        "dvar2": 757.486694336,
        "max": 161.867721558,
        "mean": 36.1816978455,
        "median": 30.841627121,
        "min": 3.60628819466,
        "stdev": 22.9571914673,
        "var": 527.032653809
    },
    "hfc": {
        "dmean": 9.34019470215,
        "dmean2": 13.8818998337,
        "dvar": 166.854400635,
        "dvar2": 361.631164551,
        "max": 160.365280151,
        "mean": 18.9586277008,
        "median": 12.8014774323,
        "min": 0.00108818418812,
        "stdev": 19.778793335,
        "var": 391.200653076
    },
    "loudness_ebu128": {
        "integrated": -8.27292919159,
        "loudness_range": 2.66056013107,
        "momentary": {
            "dmean": 0.605357170105,
            "dmean2": 0.734651684761,
            "dvar": 0.228168159723,
            "dvar2": 0.397962987423,
            "max": -3.41498327255,
            "mean": -8.61961364746,
            "median": -8.56548023224,
            "min": -13.68724823,
            "stdev": 1.76355814934,
            "var": 3.1101372242
        },
        "short_term": {
            "dmean": 0.100146174431,
            "dmean2": 0.098565146327,
            "dvar": 0.00655092811212,
            "dvar2": 0.00668703764677,
            "max": -6.63364887238,
            "mean": -8.38409042358,
            "median": -8.2093000412,
            "min": -10.3503646851,
            "stdev": 0.901072561741,
            "var": 0.811931729317
        }
    },
    "melbands_crest": {
        "dmean": 3.72614121437,
        "dmean2": 6.01876449585,
        "dvar": 12.5107069016,
        "dvar2": 30.6379718781,
        "max": 38.0707321167,
        "mean": 17.3787250519,
        "median": 15.9116897583,
        "min": 5.2578959465,
        "stdev": 7.0031952858,
        "var": 49.0447463989
    },
    "melbands_flatness_db": {
        "dmean": 0.0460131652653,
        "dmean2": 0.0638454705477,
        "dvar": 0.00207330612466,
        "dvar2": 0.00429441826418,
        "max": 0.666284024715,
        "mean": 0.268659353256,
        "median": 0.259717434645,
        "min": 0.0584852285683,
        "stdev": 0.0934525951743,
        "var": 0.00873338710517
    },
    "melbands_kurtosis": {
        "dmean": 15.1251916885,
        "dmean2": 24.3078956604,
        "dvar": 1360.81286621,
        "dvar2": 3423.89038086,
        "max": 764.405395508,
        "mean": 24.1376018524,
        "median": 11.6537189484,
        "min": -1.89461970329,
        "stdev": 43.7068595886,
        "var": 1910.28942871
    },
    "melbands_skewness": {
        "dmean": 1.08047878742,
        "dmean2": 1.69145750999,
        "dvar": 1.82264375687,
        "dvar2": 4.14847230911,
        "max": 18.0880527496,
        "mean": 3.04354739189,
        "median": 2.58902001381,
        "min": -0.903815150261,
        "stdev": 2.08958411217,
        "var": 4.36636209488
    },
    "melbands_spread": {
        "dmean": 7.6150097847,
        "dmean2": 12.0410442352,
        "dvar": 211.556503296,
        "dvar2": 456.646820068,
        "max": 278.289733887,
        "mean": 15.0312299728,
        "median": 11.0997219086,
        "min": 0.228017941117,
        "stdev": 17.4282875061,
        "var": 303.74520874
    },
    "pitch_salience": {
        "dmean": 0.0710931643844,
        "dmean2": 0.112238675356,
        "dvar": 0.00445921067148,
        "dvar2": 0.0107840187848,
        "max": 0.86111998558,
        "mean": 0.497053474188,
        "median": 0.499307453632,
        "min": 0.109124898911,
        "stdev": 0.130554527044,
        "var": 0.0170444827527
    },
    "silence_rate_20dB": {
        "dmean": 0,
        "dmean2": 0,
        "dvar": 0,
        "dvar2": 0,
        "max": 1,
        "mean": 1,
        "median": 1,
        "min": 1,
        "stdev": 0,
        "var": 0
    },
    "silence_rate_30dB": {
        "dmean": 0.0030959751457,
        "dmean2": 0.00619674660265,
        "dvar": 0.00308634224348,
        "dvar2": 0.00770757067949,
        "max": 1,
        "mean": 0.996133029461,
        "median": 1,
        "min": 0,
        "stdev": 0.062064062804,
        "var": 0.0038519478403
    },
    "silence_rate_60dB": {
        "dmean": 0.0123839005828,
        "dmean2": 0.0232378002256,
        "dvar": 0.012230636552,
        "dvar2": 0.0273457467556,
        "max": 1,
        "mean": 0.0162412989885,
        "median": 0,
        "min": 0,
        "stdev": 0.126401886344,
        "var": 0.0159774385393
    },
    "spectral_centroid": {
        "dmean": 326.391265869,
        "dmean2": 500.809509277,
        "dvar": 219319.96875,
        "dvar2": 484101.8125,
        "max": 5752.69873047,
        "mean": 920.392089844,
        "median": 782.00592041,
        "min": 107.83430481,
        "stdev": 633.48651123,
        "var": 401305.1875
    },
    "spectral_complexity": {
        "dmean": 3.17182660103,
        "dmean2": 4.48954296112,
        "dvar": 10.7630052567,
        "dvar2": 21.7557315826,
        "max": 42,
        "mean": 12.4563035965,
        "median": 12,
        "min": 0,
        "stdev": 6.42974901199,
        "var": 41.34167099
    },
    "spectral_decrease": {
        "dmean": 2.66317612407e-09,
        "dmean2": 3.80214215667e-09,
        "dvar": 1.01775053526e-17,
        "dvar2": 2.08222304393e-17,
        "max": -1.24671789819e-12,
        "mean": -9.29769594649e-09,
        "median": -8.07699063188e-09,
        "min": -3.29806084665e-08,
        "stdev": 6.26428597883e-09,
        "var": 3.92412795147e-17
    },
    "spectral_energy": {
        "dmean": 0.0104108564556,
        "dmean2": 0.0146237732843,
        "dvar": 0.000143844590639,
        "dvar2": 0.000284957583062,
        "max": 0.127969637513,
        "mean": 0.0368113070726,
        "median": 0.0322069860995,
        "min": 4.80411608805e-06,
        "stdev": 0.0244740247726,
        "var": 0.000598977843765
    },
    "spectral_energyband_high": {
        "dmean": 0.000735505949706,
        "dmean2": 0.0011607077904,
        "dvar": 1.75659579327e-06,
        "dvar2": 3.79311859433e-06,
        "max": 0.020036354661,
        "mean": 0.000881878309883,
        "median": 0.000237887434196,
        "min": 3.62439074308e-08,
        "stdev": 0.00169974553864,
        "var": 2.8891349757e-06
    },
    "spectral_energyband_low": {
        "dmean": 0.00698204431683,
        "dmean2": 0.0109023470432,
        "dvar": 0.000137761264341,
        "dvar2": 0.000308773014694,
        "max": 0.114752322435,
        "mean": 0.017656115815,
        "median": 0.00878361146897,
        "min": 3.26763120029e-06,
        "stdev": 0.0194155853242,
        "var": 0.000376964948373
    },
    "spectral_energyband_middle_high": {
        "dmean": 0.00167163298465,
        "dmean2": 0.00228710612282,
        "dvar": 6.09764856563e-06,
        "dvar2": 1.03173297248e-05,
        "max": 0.0443573668599,
        "mean": 0.00317936018109,
        "median": 0.00184247235302,
        "min": 2.80227368421e-07,
        "stdev": 0.00453009549528,
        "var": 2.05217638722e-05
    },
    "spectral_energyband_middle_low": {
        "dmean": 0.00514974584803,
        "dmean2": 0.00731570739299,
        "dvar": 3.82015823561e-05,
        "dvar2": 7.43775090086e-05,
        "max": 0.114016890526,
        "mean": 0.0152821578085,
        "median": 0.0115009127185,
        "min": 5.01604233705e-07,
        "stdev": 0.0140426950529,
        "var": 0.000197197281523
    },
    "spectral_entropy": {
        "dmean": 0.381141453981,
        "dmean2": 0.549872040749,
        "dvar": 0.152066335082,
        "dvar2": 0.311117619276,
        "max": 8.7673406601,
        "mean": 7.13578367233,
        "median": 7.13063526154,
        "min": 5.07860517502,
        "stdev": 0.716060101986,
        "var": 0.512742102146
    },
    "spectral_flux": {
        "dmean": 0.0300856400281,
        "dmean2": 0.0455908887088,
        "dvar": 0.000880398903973,
        "dvar2": 0.00198168400675,
        "max": 0.281709909439,
        "mean": 0.0881611257792,
        "median": 0.0813325196505,
        "min": 0.00219182949513,
        "stdev": 0.0467714369297,
        "var": 0.00218756729737
    },
    "spectral_kurtosis": {
        "dmean": 2.78225278854,
        "dmean2": 4.25141906738,
        "dvar": 9.92529964447,
        "dvar2": 21.3914337158,
        "max": 43.9702301025,
        "mean": 5.74695491791,
        "median": 4.45705461502,
        "min": -1.26418304443,
        "stdev": 4.88735628128,
        "var": 23.8862495422
    },
    "spectral_rms": {
        "dmean": 0.000870051793754,
        "dmean2": 0.00118928134907,
        "dvar": 7.91930460764e-07,
        "dvar2": 1.35234438403e-06,
        "max": 0.0111735593528,
        "mean": 0.00562796089798,
        "median": 0.00560548389331,
        "min": 6.84612459736e-05,
        "stdev": 0.00205899472348,
        "var": 4.23945903094e-06
    },
    "spectral_rolloff": {
        "dmean": 645.247314453,
        "dmean2": 1166.71337891,
        "dvar": 2260130.75,
        "dvar2": 5825353,
        "max": 10831.2011719,
        "mean": 915.786560059,
        "median": 581.396484375,
        "min": 21.533203125,
        "stdev": 1383.90905762,
        "var": 1915204.125
    },
    "spectral_skewness": {
        "dmean": 0.433306843042,
        "dmean2": 0.632209479809,
        "dvar": 0.189785152674,
        "dvar2": 0.38344669342,
        "max": 5.58020687103,
        "mean": 1.94540143013,
        "median": 1.84786963463,
        "min": -0.311346828938,
        "stdev": 0.763136267662,
        "var": 0.58237695694
    },
    "spectral_spread": {
        "dmean": 1289190.875,
        "dmean2": 1916309.75,
        "dvar": 2.08711581696e+12,
        "dvar2": 4.12369394074e+12,
        "max": 24951202,
        "mean": 5598993,
        "median": 5172531.5,
        "min": 1970083.625,
        "stdev": 2264531.25,
        "var": 5.12810234675e+12
    },
    "spectral_strongpeak": {
        "dmean": 0.462943255901,
        "dmean2": 0.759758532047,
        "dvar": 0.593462467194,
        "dvar2": 1.32931661606,
        "max": 9.66847896576,
        "mean": 0.871451199055,
        "median": 0.424349069595,
        "min": 0,
        "stdev": 1.29890286922,
        "var": 1.68714857101
    },
    "zerocrossingrate": {
        "dmean": 0.0130996936932,
        "dmean2": 0.0153882345185,
        "dvar": 0.00023109508038,
        "dvar2": 0.000275672442513,
        "max": 0.349609375,
        "mean": 0.042368311435,
        "median": 0.037109375,
        "min": 0.0009765625,
        "stdev": 0.030860375613,
        "var": 0.000952362839598
    },
    "barkbands": {
        "dmean": [0.00211956747808, 0.00518938014284, 0.00132479250897, 0.000801852438599, 0.00175740290433, 0.0014471411705, 0.000944091647398, 0.00139750889502, 0.00135068641976, 0.000749024795368, 0.000330707989633, 0.000310150819132, 0.00019636588695, 0.000209466525121, 0.000246780953603, 0.000126659942907, 0.000213658684515, 0.000103598671558, 8.71781885508e-05, 0.000110102766484, 7.86122545833e-05, 0.000146407386637, 0.000150004183524, 0.000159777555382, 0.000156535126735, 7.40939503885e-05, 4.00864200856e-06],
        "dmean2": [0.00358205172233, 0.00801849830896, 0.00217125169002, 0.00129426713102, 0.00272554880939, 0.00210994598456, 0.00136536138598, 0.00200302130543, 0.00188806699589, 0.00103819114156, 0.000456179550383, 0.00046637680498, 0.000286843045615, 0.000327999063302, 0.000404486578191, 0.000200805123313, 0.000353946263203, 0.000177170702955, 0.000135596186738, 0.000179839291377, 0.000120059754408, 0.000237522588577, 0.000234945793636, 0.000257999636233, 0.000261796783889, 0.000126709084725, 7.26597045286e-06],
        "dvar": [1.2853910448e-05, 7.76172601036e-05, 6.16747911408e-06, 1.57141596446e-06, 7.7226495705e-06, 6.53753795632e-06, 2.85056739813e-06, 1.08413332782e-05, 1.18753860079e-05, 6.05061677561e-06, 8.45102078983e-07, 3.3589543591e-07, 2.40413157826e-07, 2.24972609431e-07, 2.33283572015e-07, 1.55812927005e-07, 2.70352614962e-07, 8.7351025968e-08, 3.67571999504e-08, 5.22025622729e-08, 2.11168291742e-08, 9.65420028365e-08, 1.9073463875e-07, 1.14408443608e-07, 1.10402183395e-07, 2.756055828e-08, 1.93323593245e-10],
        "dvar2": [3.35549666488e-05, 0.000178058908205, 1.54231129272e-05, 3.88990292777e-06, 1.86234483408e-05, 1.40176325658e-05, 5.8170921875e-06, 2.13273142435e-05, 2.17653687287e-05, 1.00675133581e-05, 1.3035213442e-06, 7.51400762056e-07, 4.71425693149e-07, 4.75116308962e-07, 5.93147035488e-07, 4.04487877859e-07, 7.10393294412e-07, 2.19598135232e-07, 7.8801370762e-08, 1.36290609021e-07, 4.4378918318e-08, 1.95346601117e-07, 3.9921948769e-07, 2.25526235909e-07, 2.72946579116e-07, 7.24984090539e-08, 5.57075219287e-10],
        "max": [0.0367056131363, 0.0887721404433, 0.0239687971771, 0.0131505411118, 0.0337964743376, 0.0383235923946, 0.0292561650276, 0.0694860741496, 0.0787620618939, 0.0693770498037, 0.0217162966728, 0.0053434278816, 0.00634467648342, 0.00727683631703, 0.00516119692475, 0.00818042829633, 0.00699964072555, 0.00475095491856, 0.00321848550811, 0.00259585189633, 0.00177587801591, 0.00490095280111, 0.0103170052171, 0.0067801666446, 0.00333950622007, 0.00205336534418, 0.000246529380092],
        "mean": [0.00295718666166, 0.0127355866134, 0.00214609107934, 0.00141004449688, 0.00382164889015, 0.00276653165929, 0.00175690778997, 0.00213587540202, 0.00223204819486, 0.00151017017197, 0.000486441975227, 0.000467124744318, 0.000253668928053, 0.000262284040218, 0.000270562770311, 0.000154447567184, 0.000254128448432, 0.000109492997581, 0.000121956742078, 0.000121713906992, 9.90152329905e-05, 0.000181034076377, 0.000154803899932, 0.000180601069587, 0.000154998720973, 6.41415754217e-05, 2.78362563222e-06],
        "median": [0.00127596361563, 0.0052975253202, 0.000963110942394, 0.000556506449357, 0.00228903163224, 0.00132522988133, 0.000634615775198, 0.00050811417168, 0.000419241812779, 0.000197120287339, 0.000103993304947, 0.00015788897872, 6.14931705059e-05, 5.10825339006e-05, 6.60973310005e-05, 4.38687820861e-05, 6.91336172167e-05, 3.30055809172e-05, 4.19161297032e-05, 4.59869224869e-05, 1.89587590285e-05, 2.77295530395e-05, 2.39471955865e-05, 3.67100219592e-05, 3.11355361191e-05, 1.05107119452e-05, 9.56672039365e-08],
        "min": [1.21899887517e-07, 2.04393558079e-07, 5.23007656739e-07, 1.89836185882e-07, 9.26934546897e-08, 5.27271417639e-08, 9.39308719694e-09, 7.9312449941e-09, 1.01863605551e-07, 3.95442079082e-08, 1.2834164842e-08, 1.02276134228e-08, 1.06774420416e-08, 3.16312132043e-09, 3.13448396128e-08, 2.64952983997e-08, 1.29023662865e-08, 7.70382602155e-09, 5.4257194293e-09, 2.66144750682e-09, 5.34758104465e-09, 1.24264518675e-08, 2.69319966328e-09, 2.95870061784e-09, 6.40054054202e-09, 2.90619261989e-09, 1.32057071441e-12],
        "stdev": [0.00423255655915, 0.0155493877828, 0.00325280381367, 0.00193853978999, 0.00456994120032, 0.00429016305134, 0.00305171962827, 0.00469536799937, 0.00557215884328, 0.00663091847673, 0.00152992329095, 0.00077622331446, 0.000613658165094, 0.000645512656774, 0.000506304320879, 0.000382193044061, 0.000596862344537, 0.000322395004332, 0.000261157256318, 0.000227509066463, 0.000208881654544, 0.00046814660891, 0.000531949277502, 0.000445721379947, 0.000334309297614, 0.000152346256073, 1.08333442768e-05],
        "var": [1.79145336006e-05, 0.000241783447564, 1.05807321233e-05, 3.75793638341e-06, 2.08843612199e-05, 1.84055006685e-05, 9.31299291551e-06, 2.2046482627e-05, 3.10489558615e-05, 4.39690811618e-05, 2.34066510529e-06, 6.02522618465e-07, 3.76576338112e-07, 4.16686617655e-07, 2.56344094396e-07, 1.46071513996e-07, 3.56244640898e-07, 1.03938546658e-07, 6.82031071619e-08, 5.17603737649e-08, 4.36315481522e-08, 2.19161250925e-07, 2.82970006538e-07, 1.98667535756e-07, 1.11762702204e-07, 2.32093810837e-08, 1.17361342866e-10]
    },
    "erbbands": {
        "dmean": [0.25481647253, 0.847025990486, 1.49658310413, 2.01677966118, 4.70103216171, 6.58851480484, 6.39650392532, 13.2381916046, 15.7205533981, 16.0859203339, 32.5569419861, 29.9594326019, 31.2668552399, 14.9665222168, 8.85412883759, 14.5217380524, 9.50862693787, 10.7477521896, 12.3006906509, 8.51944923401, 8.75028610229, 8.99913406372, 6.39768028259, 3.91906356812, 5.7457318306, 4.28806066513, 2.80646705627, 3.996083498, 5.2321639061, 4.5502614975, 4.11874771118, 3.41557121277, 2.65488386154, 1.8869715929, 1.0457123518, 0.399418413639, 0.128829777241, 0.0182305574417, 0.000538349791896, 2.29768156714e-05],
        "dmean2": [0.393514186144, 1.35079467297, 2.45929265022, 3.29961562157, 7.23819112778, 10.2824373245, 9.31749820709, 19.8933124542, 23.0571937561, 22.8778190613, 46.4525184631, 43.1903266907, 45.1057815552, 19.7429103851, 12.5914106369, 21.5206394196, 13.5060968399, 16.5789604187, 20.5163593292, 13.2888278961, 13.8805131912, 14.5672969818, 10.8510313034, 6.22527313232, 9.11305713654, 6.82201290131, 4.36734676361, 6.30255937576, 8.1330909729, 7.39078617096, 6.44291543961, 5.53463888168, 4.31249189377, 3.15430641174, 1.78771901131, 0.678591251373, 0.222987622023, 0.0323470011353, 0.000960018893238, 3.55022202712e-05],
        "dvar": [0.187232419848, 2.35882759094, 8.40564537048, 9.54585266113, 72.1555099487, 145.261886597, 155.050842285, 666.246337891, 1141.25354004, 1298.66333008, 6377.1640625, 5646.06201172, 13023.8388672, 2322.48730469, 345.291412354, 786.065612793, 552.386291504, 469.052764893, 651.858337402, 309.759765625, 385.367523193, 357.480712891, 314.692718506, 82.2777938843, 131.67755127, 66.9038619995, 28.9783668518, 55.0453453064, 135.319641113, 172.564758301, 132.367294312, 61.471031189, 30.1832771301, 14.7848043442, 5.84878587723, 0.685425400734, 0.114003516734, 0.00290411757305, 2.85653095489e-06, 1.75875258801e-09],
        "dvar2": [0.441194176674, 5.38013792038, 21.0026702881, 24.0558261871, 156.74017334, 378.063964844, 330.150726318, 1434.1817627, 2550.51464844, 2529.00976562, 12693.7324219, 10966.78125, 23870.5898438, 3591.71264648, 717.964599609, 1791.50036621, 1027.89697266, 1023.99517822, 1738.83776855, 699.128967285, 963.633300781, 902.334594727, 805.819580078, 191.800933838, 323.286254883, 163.585327148, 61.52784729, 121.349159241, 259.584838867, 350.265533447, 279.840240479, 125.955513, 61.6748962402, 35.7308807373, 14.7896242142, 1.73891365528, 0.304692387581, 0.00802266038954, 8.10976689536e-06, 4.48548931331e-09],
        "max": [4.41406679153, 15.0954246521, 27.1286869049, 35.5131568909, 129.81578064, 158.258880615, 342.522125244, 443.96585083, 595.880249023, 491.525299072, 1769.00610352, 1233.7734375, 3271.55615234, 1356.54650879, 275.913146973, 274.910675049, 333.794464111, 230.55279541, 277.203582764, 276.383361816, 244.997436523, 235.681930542, 283.358184814, 148.646484375, 184.314743042, 111.079910278, 72.5988845825, 150.366027832, 226.350875854, 323.397888184, 246.619674683, 149.610244751, 100.297790527, 47.0640144348, 28.768415451, 8.10275936127, 5.3815612793, 0.782242655754, 0.0267805103213, 0.000682781334035],
        "mean": [0.604609251022, 1.89960217476, 2.46649575233, 4.02168464661, 9.59250068665, 13.1824769974, 14.5486783981, 24.5121231079, 30.1743278503, 26.8990058899, 51.5065841675, 48.7587203979, 71.3869476318, 23.5675888062, 14.500161171, 21.5589733124, 13.4227466583, 14.2161836624, 14.3519010544, 10.5972995758, 11.3957958221, 11.4079275131, 6.83381652832, 5.30541801453, 7.20882749557, 5.12656784058, 3.69150710106, 4.94820785522, 6.5063085556, 5.01990461349, 4.27398967743, 3.62127876282, 3.07544445992, 1.90485298634, 0.995351493359, 0.369030535221, 0.104112036526, 0.0140535114333, 0.000418649375206, 5.59195650567e-05],
        "median": [0.196808248758, 0.884541094303, 1.02977776527, 2.42511677742, 3.2987344265, 7.34766340256, 6.51947927475, 10.9885406494, 11.7849292755, 9.62950229645, 12.9618692398, 11.2917423248, 7.9841299057, 5.45702171326, 5.00999975204, 7.98870706558, 4.41505479813, 3.81462621689, 3.87868380547, 3.56825065613, 3.44837808609, 3.56840538979, 2.05472755432, 1.96623265743, 2.36946153641, 2.03950572014, 1.04455864429, 0.934038937092, 1.03933775425, 0.819116234779, 0.719955027103, 0.675287306309, 0.593184173107, 0.348264187574, 0.193997114897, 0.0702471286058, 0.0124870017171, 0.00130021653604, 5.59551190236e-05, 4.64980257675e-05],
        "min": [7.72065104684e-05, 0.000316320947604, 0.000627034285571, 0.000669584143907, 0.000434041925473, 0.000267082679784, 0.000362134946045, 0.000429654493928, 0.000217526438064, 9.4800889201e-05, 0.000337110017426, 0.00209765182808, 0.00184966635425, 0.00101823115256, 0.000604918808676, 0.000456428242614, 0.000514503451996, 0.000183192765689, 0.00130842905492, 0.00405072467402, 0.00127381610218, 0.000760604569223, 0.000463360338472, 0.000315853045322, 0.000272686360404, 0.000153639775817, 0.00015161826741, 0.000342344224919, 0.0005282870261, 0.000112567970064, 7.67775272834e-05, 5.7583074522e-05, 6.91515670042e-05, 6.9564084697e-05, 3.20656836266e-05, 1.38620271173e-05, 5.21033098266e-06, 1.27268140204e-06, 3.31988928792e-07, 3.77694746589e-08],
        "stdev": [0.809124171734, 2.4321577549, 3.6107571125, 4.62301445007, 15.4966287613, 17.8855113983, 27.5521087646, 42.9489212036, 56.661026001, 49.6072731018, 110.748718262, 107.546386719, 310.925170898, 74.7434234619, 27.8242073059, 36.3507614136, 29.9964580536, 28.6048221588, 27.0777606964, 20.1714763641, 23.0853481293, 23.1267204285, 18.6780700684, 11.8577928543, 13.4480819702, 9.08572769165, 7.56050682068, 11.6679201126, 17.9485187531, 16.5527057648, 14.1723241806, 10.0376377106, 7.11821603775, 4.08525085449, 2.31681990623, 0.807381212711, 0.294536739588, 0.044538218528, 0.00134478416294, 4.82108043798e-05],
        "var": [0.654681921005, 5.91539096832, 13.0375671387, 21.3722629547, 240.145492554, 319.891540527, 759.118652344, 1844.60986328, 3210.47167969, 2460.8815918, 12265.2792969, 11566.2246094, 96674.4609375, 5586.57958984, 774.186462402, 1321.37792969, 899.787536621, 818.235900879, 733.20513916, 406.888427734, 532.933288574, 534.845153809, 348.870300293, 140.607254028, 180.850906372, 82.5504455566, 57.1612663269, 136.140365601, 322.149353027, 273.99206543, 200.854766846, 100.754173279, 50.6689987183, 16.6892757416, 5.36765432358, 0.651864469051, 0.0867518857121, 0.00198365282267, 1.80844438091e-06, 2.32428165603e-09]
    },
    "gfcc": {
        "mean": [-14.7340612411, 100.077232361, -83.4454345703, 26.7500724792, -62.0169830322, 19.682559967, -38.9839172363, 16.8932685852, -18.7544403076, 8.11814594269, -11.964632988, 2.2396273613, -7.01852750778],
        "cov": [[5754.10546875, -1685.50622559, -886.070983887, -78.0643768311, -362.000091553, 423.469421387, -116.664978027, 366.023345947, -41.6144332886, 219.993423462, -268.924255371, 142.727844238, -169.569885254], [-1685.50622559, 1577.48010254, -22.8944473267, -193.0105896, 296.499450684, -179.775344849, 213.002593994, -83.9327087402, 66.6162109375, -150.440383911, 242.417327881, -100.870185852, 94.7705383301], [-886.070983887, -22.8944473267, 994.838256836, 74.7265853882, -24.6944198608, -18.1781978607, -182.199371338, -44.6405029297, -45.5400352478, -32.567565918, -41.0367393494, 10.5188264847, -37.4913482666], [-78.0643768311, -193.0105896, 74.7265853882, 497.245605469, 176.000793457, 49.5520782471, 42.0601997375, -21.0569038391, 83.7387619019, 20.2669429779, -4.89307641983, -39.3080596924, 12.0639715195], [-362.000091553, 296.499450684, -24.6944198608, 176.000793457, 396.611755371, 34.4262657166, 157.623397827, 25.9005908966, 67.8080749512, -19.5758399963, 74.1432876587, -56.3801040649, -12.0013370514], [423.469421387, -179.775344849, -18.1781978607, 49.5520782471, 34.4262657166, 280.209320068, 149.535797119, 30.2705631256, 29.4331455231, 48.7665519714, -2.81243085861, 16.7622928619, 1.65536642075], [-116.664978027, 213.002593994, -182.199371338, 42.0601997375, 157.623397827, 149.535797119, 435.743560791, 30.7572746277, 56.8391647339, 44.1642150879, 54.5117263794, -20.265296936, 18.1208877563], [366.023345947, -83.9327087402, -44.6405029297, -21.0569038391, 25.9005908966, 30.2705631256, 30.7572746277, 179.763305664, 39.3529701233, -2.33342480659, 6.68417644501, 7.33401060104, -26.2902832031], [-41.6144332886, 66.6162109375, -45.5400352478, 83.7387619019, 67.8080749512, 29.4331455231, 56.8391647339, 39.3529701233, 155.748962402, 48.2338409424, 19.9883861542, -21.3656616211, 37.0995445251], [219.993423462, -150.440383911, -32.567565918, 20.2669429779, -19.5758399963, 48.7665519714, 44.1642150879, -2.33342480659, 48.2338409424, 159.94078064, 0.778142571449, -2.05742883682, 6.98814678192], [-268.924255371, 242.417327881, -41.0367393494, -4.89307641983, 74.1432876587, -2.81243085861, 54.5117263794, 6.68417644501, 19.9883861542, 0.778142571449, 155.313705444, 16.8570842743, 3.35110855103], [142.727844238, -100.870185852, 10.5188264847, -39.3080596924, -56.3801040649, 16.7622928619, -20.265296936, 7.33401060104, -21.3656616211, -2.05742883682, 16.8570842743, 125.473335266, 38.2335968018], [-169.569885254, 94.7705383301, -37.4913482666, 12.0639715195, -12.0013370514, 1.65536642075, 18.1208877563, -26.2902832031, 37.0995445251, 6.98814678192, 3.35110855103, 38.2335968018, 129.759155273]],
        "icov": [[0.000473797292216, 4.89881349495e-05, 0.000524950097315, -0.000116983697808, 0.000158024398843, -0.000712786859367, 0.000455976900412, -0.00077713187784, 0.000256828789134, -0.000500485941302, 0.000678925018292, -0.000547395029571, 0.000645790016279], [4.89881349495e-05, 0.00263782963157, -0.000434806046542, 0.00193469214719, -0.00131514051463, 0.00147156405728, -0.00123573769815, 0.0014068064047, -0.00133657851256, 0.00238264095969, -0.00312762404792, 0.0025617685169, -0.00227107666433], [0.000524950097315, -0.000434806046542, 0.00182310468517, -0.000684308237396, 0.000311915093334, -0.00127937458456, 0.00126550055575, -0.000880797568243, 0.000640822807327, -0.000889887043741, 0.001501302002, -0.00130992848426, 0.00149583397433], [-0.000116983697808, 0.00193469214719, -0.000684308237396, 0.00423336867243, -0.00229935068637, 0.000884111330379, -0.000753781583626, 0.00201378040947, -0.00230826227926, 0.00180684274528, -0.00188232399523, 0.00214631529525, -0.00188901391812], [0.000158024398843, -0.00131514051463, 0.000311915093334, -0.00229935068637, 0.00503561925143, -0.000836106948555, -0.000479553156765, -0.0013730059145, 1.74823326233e-05, -0.000202023889869, 0.000123086821986, -0.000168117054272, 0.00178835971747], [-0.000712786859367, 0.00147156405728, -0.00127937458456, 0.000884111330379, -0.000836106948555, 0.00687150750309, -0.00324658420868, 0.00151397997979, -0.00131200510077, 0.00121340865735, -0.00216215918772, 0.00111484737135, -0.00182583241258], [0.000455976900412, -0.00123573769815, 0.00126550055575, -0.000753781583626, -0.000479553156765, -0.00324658420868, 0.00482634687796, -0.00157534272876, 0.00094696925953, -0.00221706647426, 0.00156699866056, -0.0011838125065, 0.0010950040305], [-0.00077713187784, 0.0014068064047, -0.000880797568243, 0.00201378040947, -0.0013730059145, 0.00151397997979, -0.00157534272876, 0.00911039207131, -0.00422713486478, 0.00317625841126, -0.00241862703115, 0.000667741638608, 0.0003380291746], [0.000256828789134, -0.00133657851256, 0.000640822807327, -0.00230826227926, 1.74823326233e-05, -0.00131200510077, 0.00094696925953, -0.00422713486478, 0.0114658428356, -0.00444390485063, 0.000940582482144, 0.000989181920886, -0.00261341757141], [-0.000500485941302, 0.00238264095969, -0.000889887043741, 0.00180684274528, -0.000202023889869, 0.00121340865735, -0.00221706647426, 0.00317625841126, -0.00444390485063, 0.0105149941519, -0.00375085836276, 0.00283817923628, -0.00193545699585], [0.000678925018292, -0.00312762404792, 0.001501302002, -0.00188232399523, 0.000123086821986, -0.00216215918772, 0.00156699866056, -0.00241862703115, 0.000940582482144, -0.00375085836276, 0.0127692501992, -0.00627031642944, 0.00456123892218], [-0.000547395029571, 0.0025617685169, -0.00130992848426, 0.00214631529525, -0.000168117054272, 0.00111484737135, -0.0011838125065, 0.000667741638608, 0.000989181920886, 0.00283817923628, -0.00627031642944, 0.0142844608054, -0.00737618748099], [0.000645790016279, -0.00227107666433, 0.00149583397433, -0.00188901391812, 0.00178835971747, -0.00182583241258, 0.0010950040305, 0.0003380291746, -0.00261341757141, -0.00193545699585, 0.00456123892218, -0.00737618748099, 0.0138283260167]]
    },
    "melbands": {
        "dmean": [0.00183338846546, 0.000813356658909, 0.00039726117393, 0.00039904503501, 0.000223441384151, 0.000300765386783, 0.000225031137234, 0.000194698717678, 0.000260312575847, 0.000197553992621, 0.000152300461195, 5.8432273363e-05, 3.47991845047e-05, 3.22958148899e-05, 3.13530836138e-05, 1.98219750018e-05, 2.14233368752e-05, 1.93266459974e-05, 1.71509236679e-05, 1.00519591797e-05, 1.22394703794e-05, 1.11542085506e-05, 7.53580025048e-06, 4.10966140407e-06, 3.22361233884e-06, 3.44062777913e-06, 5.42962516192e-06, 2.40871213464e-06, 1.62866786013e-06, 2.09370909943e-06, 2.637731086e-06, 3.39599705512e-06, 2.4318630949e-06, 2.68888379651e-06, 2.45633441409e-06, 2.29243710237e-06, 2.04103457691e-06, 1.83318229574e-06, 1.90832406588e-06, 1.54588190071e-06],
        "dmean2": [0.0028357882984, 0.00130377232563, 0.000636912125628, 0.000616601959337, 0.000332054914907, 0.000448774371762, 0.000328376918333, 0.000277431565337, 0.00037619509385, 0.000284603331238, 0.00022091496794, 7.81933849794e-05, 4.88119039801e-05, 4.75383531011e-05, 4.59284674434e-05, 2.83070585283e-05, 3.35517142958e-05, 3.21477164107e-05, 2.71649205388e-05, 1.59499522852e-05, 1.96374603547e-05, 1.82656531251e-05, 1.27193561639e-05, 6.92594858265e-06, 5.21357014804e-06, 5.17170337844e-06, 9.17239867704e-06, 3.78324148187e-06, 2.61479840447e-06, 3.20624781125e-06, 4.23509936809e-06, 5.24626329934e-06, 4.00732460548e-06, 4.34118192061e-06, 3.94011885874e-06, 3.61866545973e-06, 3.3178605463e-06, 2.98155759992e-06, 3.0816565868e-06, 2.6176587653e-06],
        "dvar": [9.41435337154e-06, 2.30194063988e-06, 3.1197899375e-07, 4.32661408922e-07, 1.56706903454e-07, 3.32666360237e-07, 2.05843846857e-07, 2.06961104254e-07, 3.70728372445e-07, 2.75071528222e-07, 3.09371586127e-07, 3.6682656912e-08, 7.56371321131e-09, 3.89435861337e-09, 3.73939101905e-09, 2.13079376365e-09, 2.29961294451e-09, 1.78101400294e-09, 1.25360166692e-09, 1.28683486089e-09, 9.58261470174e-10, 6.80008882536e-10, 4.42756109553e-10, 1.04615031915e-10, 6.31779281668e-11, 6.33831112595e-11, 1.54421128662e-10, 1.79014025825e-11, 8.74673163759e-12, 2.46048355301e-11, 3.13571460464e-11, 6.47290485101e-11, 3.47568154813e-11, 8.29178947725e-11, 6.0635607646e-11, 3.10333911346e-11, 2.17832384075e-11, 1.68945534645e-11, 1.3743496792e-11, 1.15114376364e-11],
        "dvar2": [2.21268983296e-05, 5.43008900422e-06, 7.50607796363e-07, 1.02623312159e-06, 3.59217636969e-07, 7.22742470316e-07, 4.52349894431e-07, 4.02791926035e-07, 7.48662444039e-07, 5.22399716374e-07, 5.67951644825e-07, 5.82848151964e-08, 1.45917402605e-08, 8.15181877556e-09, 7.79858133626e-09, 4.38846603501e-09, 5.05720798571e-09, 4.61643967498e-09, 2.91002244523e-09, 3.38119088283e-09, 2.45758102757e-09, 1.76697878551e-09, 1.15551124225e-09, 2.53792931115e-10, 1.51246973279e-10, 1.3277216826e-10, 4.23427459761e-10, 4.05885221266e-11, 2.07730568857e-11, 4.90054594127e-11, 6.79252140645e-11, 1.20256637981e-10, 7.39416583517e-11, 1.80270576244e-10, 1.3547785116e-10, 6.31619131997e-11, 4.58538970682e-11, 3.48152166818e-11, 3.04657375716e-11, 2.92523123779e-11],
        "max": [0.0315512269735, 0.0142550943419, 0.00541168544441, 0.00815204530954, 0.00902236718684, 0.00882957223803, 0.00779163930565, 0.00666391570121, 0.0119709214196, 0.00865734741092, 0.0157662648708, 0.00547629967332, 0.00172439531889, 0.000628350826446, 0.000768175639678, 0.000781536393333, 0.000514021259733, 0.000492283026688, 0.000481772382045, 0.00080934073776, 0.000382893660571, 0.000335321354214, 0.000313953234581, 0.000173957596417, 0.000132163739181, 0.000136141810799, 0.000139484924148, 6.22504667263e-05, 3.27970192302e-05, 8.27083640615e-05, 0.000133034729515, 0.000189486963791, 0.000107552506961, 0.000245382019784, 0.000173229971551, 0.000120241384138, 8.02796275821e-05, 7.291885413e-05, 6.1965038185e-05, 3.82034522772e-05],
        "mean": [0.00439034728333, 0.00163749849889, 0.000852888973895, 0.000846432172693, 0.000510948884767, 0.000564545625821, 0.000428230938269, 0.000313759228447, 0.000409550528275, 0.000326385285007, 0.000343504187185, 8.45171889523e-05, 5.21659530932e-05, 4.99206144013e-05, 4.49563049187e-05, 2.501004019e-05, 2.69189295068e-05, 2.2211288524e-05, 1.87143523362e-05, 1.20258100651e-05, 1.48839217218e-05, 1.37310598802e-05, 7.79669608164e-06, 4.51558116765e-06, 4.13252882936e-06, 4.79934533359e-06, 5.54241023565e-06, 2.90083448817e-06, 1.91232174984e-06, 2.76827927337e-06, 3.15562306241e-06, 4.25809594162e-06, 2.65473545369e-06, 2.79919527202e-06, 2.49135655395e-06, 2.33314995057e-06, 2.12954273593e-06, 2.11287715501e-06, 2.08289429793e-06, 1.45430760767e-06],
        "median": [0.00173507560976, 0.000783694384154, 0.000494303705636, 0.000450786144938, 0.000275720987702, 0.000271251483355, 0.000173063788679, 9.49408640736e-05, 9.9176671938e-05, 6.05988352618e-05, 3.62966784451e-05, 1.94380045286e-05, 1.31146834974e-05, 1.74573906406e-05, 1.54854969878e-05, 5.0296957852e-06, 4.94469895784e-06, 4.87420174977e-06, 4.62103980681e-06, 3.48538014805e-06, 3.92779929825e-06, 4.08105961469e-06, 1.48039873693e-06, 1.4941642803e-06, 1.18108971492e-06, 1.53148664594e-06, 1.62216872468e-06, 1.09258633074e-06, 5.81051722293e-07, 4.28691350862e-07, 4.74357079838e-07, 5.67443805721e-07, 4.25140797233e-07, 4.19314773126e-07, 4.21273568918e-07, 3.88890470049e-07, 3.72872023036e-07, 4.41881923052e-07, 2.97332206856e-07, 2.55436049201e-07],
        "min": [1.18376107139e-07, 3.50545434458e-07, 1.08747862271e-07, 2.29931345075e-08, 1.23376935335e-08, 9.59809387524e-09, 2.94876834062e-09, 1.03472241886e-09, 3.36624461639e-09, 1.0690949459e-08, 7.34251681678e-09, 4.05494571254e-09, 1.84079596011e-09, 1.11925335666e-09, 6.41246666877e-10, 7.95433108269e-10, 2.63088772989e-10, 1.0147368501e-09, 5.39222932971e-09, 3.45069661734e-09, 1.11530773506e-09, 8.09442124439e-10, 4.77931083598e-10, 3.65391966684e-10, 2.28769184152e-10, 2.16467677117e-10, 1.33777544598e-10, 9.55286127979e-11, 7.8454576169e-11, 8.42953415403e-11, 2.29007937613e-10, 4.22135632006e-10, 7.17685841312e-11, 5.35390620726e-11, 4.38783107071e-11, 3.82590591153e-11, 3.3209979905e-11, 2.76499673851e-11, 8.47030084961e-11, 3.9529671203e-11],
        "stdev": [0.00544475391507, 0.00211147754453, 0.000946382875554, 0.00107717362698, 0.000815595441964, 0.000929601374082, 0.000758794602007, 0.000633800402284, 0.000841287430376, 0.000804566545412, 0.00151350384112, 0.000283365894575, 0.000130211206852, 8.58057392179e-05, 7.90870180936e-05, 5.77857426833e-05, 6.18810736341e-05, 4.75480846944e-05, 3.86429892387e-05, 3.30526017933e-05, 3.54890798917e-05, 3.05532339553e-05, 2.20479541895e-05, 1.14816730274e-05, 1.00273755379e-05, 1.07699988803e-05, 1.14343347377e-05, 5.07387449034e-06, 3.35167328558e-06, 7.63212210586e-06, 9.40801601246e-06, 1.31016777232e-05, 7.35602407076e-06, 1.05503449959e-05, 8.91060335562e-06, 7.15257829143e-06, 5.85357611271e-06, 5.18423621543e-06, 4.67630297862e-06, 3.31730893777e-06],
        "var": [2.96453436022e-05, 4.45833711638e-06, 8.95640539511e-07, 1.16030298614e-06, 6.65195955207e-07, 8.64158664626e-07, 5.75769206534e-07, 4.01702948238e-07, 7.07764570507e-07, 6.47327283332e-07, 2.2906938284e-06, 8.02962247803e-08, 1.69549565499e-08, 7.36262428802e-09, 6.25475671256e-09, 3.33919225604e-09, 3.82926712561e-09, 2.26082041976e-09, 1.4932807213e-09, 1.09247444424e-09, 1.25947474672e-09, 9.33500166056e-10, 4.86112261555e-10, 1.31828825634e-10, 1.0054825722e-10, 1.15992868088e-10, 1.30744012838e-10, 2.57442019092e-11, 1.12337136121e-11, 5.82492942769e-11, 8.85107681592e-11, 1.71653954939e-10, 5.41110871388e-11, 1.11309787776e-10, 7.93988555459e-11, 5.11593753472e-11, 3.4264355242e-11, 2.68763067357e-11, 2.18678079117e-11, 1.10045392937e-11]
    },
    "melbands128": {
