{
"lowlevel": {
    "average_loudness": 0.962194025517,
    "barkbands_crest": {
        "dmean": 3.51545953751,
        "dmean2": 5.5391163826,
        "dvar": 12.2710933685,
        "dvar2": 30.8872280121,
        "max": 25.2272167206,
        "mean": 12.184264183,
        "median": 11.1959218979,
        "min": 2.96515059471,
        "stdev": 5.06082630157,
        "var": 25.6119613647
    },
    "barkbands_flatness_db": {
        "dmean": 0.0384015589952,
        "dmean2": 0.0579674243927,
        "dvar": 0.00124914001208,
        "dvar2": 0.00276862177998,
        "max": 0.421072900295,
        "mean": 0.165498584509,
        "median": 0.157099038363,
        "min": 0.032468419522,
        "stdev": 0.0607742406428,
        "var": 0.00369350844994
    },
    "barkbands_kurtosis": {
        "dmean": 11.5645627975,
        "dmean2": 17.8471336365,
        "dvar": 632.342285156,
        "dvar2": 1461.06872559,
        "max": 346.985412598,
        "mean": 13.3328819275,
        "median": 4.06793785095,
        "min": -1.92625808716,
        "stdev": 29.3437747955,
        "var": 861.057128906
    },
    "barkbands_skewness": {
        "dmean": 1.22412359715,
        "dmean2": 1.78512680531,
        "dvar": 1.93488037586,
        "dvar2": 3.8697373867,
        "max": 14.8670511246,
        "mean": 2.50474572182,
        "median": 2.022108078,
        "min": -5.62315750122,
        "stdev": 2.29458045959,
        "var": 5.26510000229
    },
    "barkbands_spread": {
        "dmean": 12.3947134018,
        "dmean2": 19.6669998169,
        "dvar": 202.542221069,
        "dvar2": 469.181732178,
        "max": 114.663223267,
        "mean": 27.7400245667,
        "median": 23.3761940002,
        "min": 0.469535797834,
        "stdev": 20.4962749481,
        "var": 420.097290039
    },
    "dissonance": {
        "dmean": 0.0248316191137,
        "dmean2": 0.0402736142278,
        "dvar": 0.000934696814511,
        "dvar2": 0.00216207071207,
        "max": 0.499977767467,
        "mean": 0.457059949636,
        "median": 0.466132104397,
        "min": 0.000170885425177,
        "stdev": 0.0377173423767,
        "var": 0.00142259791028
    },
    "dynamic_complexity": 1.41998183727,
    "erbbands_crest": {
        "dmean": 3.09394907951,
        "dmean2": 5.07084560394,
        "dvar": 7.96225214005,
        "dvar2": 19.8152351379,
        "max": 26.9305343628,
        "mean": 8.77788257599,
        "median": 7.93445825577,
        "min": 2.55828428268,
        "stdev": 3.82735133171,
        "var": 14.6486186981
    },
    "erbbands_flatness_db": {
        "dmean": 0.0243870578706,
        "dmean2": 0.0369239635766,
        "dvar": 0.000472202606034,
        "dvar2": 0.00105803948827,
        "max": 0.264277547598,
        "mean": 0.134439155459,
        "median": 0.131013408303,
        "min": 0.045604351908,
        "stdev": 0.0399129427969,
        "var": 0.00159304309636
    },
    "erbbands_kurtosis": {
        "dmean": 1.66436183453,
        "dmean2": 2.62730336189,
        "dvar": 5.92444753647,
        "dvar2": 13.7731256485,
        "max": 31.9188423157,
        "mean": 0.782748162746,
        "median": -0.171130180359,
        "min": -1.81537258625,
        "stdev": 2.93893647194,
        "var": 8.63734817505
    },
    "erbbands_skewness": {
        "dmean": 0.615664958954,
        "dmean2": 0.924641788006,
        "dvar": 0.387550503016,
        "dvar2": 0.781402230263,
        "max": 5.30505657196,
        "mean": 0.230489999056,
        "median": 0.340715497732,
        "min": -3.93803548813,
        "stdev": 1.05819022655,
        "var": 1.11976647377
    },
    "erbbands_spread": {
        "dmean": 19.8713512421,
        "dmean2": 31.3258590698,
        "dvar": 413.98046875,
        "dvar2": 1055.74853516,
        "max": 183.128646851,
        "mean": 58.033164978,
        "median": 53.4904403687,
        "min": 8.85377502441,
        "stdev": 27.6649112701,
        "var": 765.347351074
    },
    "hfc": {
        "dmean": 19.8484859467,
        "dmean2": 29.972284317,
        "dvar": 647.381774902,
        "dvar2": 1449.66479492,
        "max": 221.134399414,
        "mean": 45.2261772156,
        "median": 35.4496955872,
        "min": 1.22419752808e-16,
        "stdev": 34.5577392578,
        "var": 1194.23742676
    },
    "loudness_ebu128": {
        "integrated": -7.57677841187,
        "loudness_range": 1.61513710022,
        "momentary": {
            "dmean": 0.512595534325,
            "dmean2": 0.832746684551,
            "dvar": 0.174221843481,
            "dvar2": 0.419115960598,
            "max": -6.01283693314,
            "mean": -7.70492267609,
            "median": -7.488093853,
            "min": -12.501335144,
            "stdev": 1.11583924294,
            "var": 1.24509716034
        },
        "short_term": {
            "dmean": 0.0495111197233,
            "dmean2": 0.0591111369431,
            "dvar": 0.00237315497361,
            "dvar2": 0.00282153720036,
            "max": -6.78855895996,
            "mean": -7.63061618805,
            "median": -7.59426259995,
            "min": -9.28677940369,
            "stdev": 0.605969250202,
            "var": 0.367198735476
        }
    },
    "melbands_crest": {
        "dmean": 4.64615297318,
        "dmean2": 6.95607566833,
        "dvar": 17.2216758728,
        "dvar2": 39.6656951904,
        "max": 38.2045288086,
        "mean": 22.0736083984,
        "median": 22.2548484802,
        "min": 2.3778719902,
        "stdev": 8.42862033844,
        "var": 71.0416412354
    },
    "melbands_flatness_db": {
        "dmean": 0.0475457236171,
        "dmean2": 0.0694161057472,
        "dvar": 0.00203235540539,
        "dvar2": 0.00396761484444,
        "max": 0.534899890423,
        "mean": 0.222237333655,
        "median": 0.215707853436,
        "min": 0.0093073034659,
        "stdev": 0.0869129449129,
        "var": 0.0075538600795
    },
    "melbands_kurtosis": {
        "dmean": 39.3148422241,
        "dmean2": 61.6091690063,
        "dvar": 7865.00244141,
        "dvar2": 20065.6992188,
        "max": 1445.19104004,
        "mean": 49.9866981506,
        "median": 18.3485717773,
        "min": -1.88005232811,
        "stdev": 97.2948303223,
        "var": 9466.28417969
    },
    "melbands_skewness": {
        "dmean": 1.95911836624,
        "dmean2": 2.88839173317,
        "dvar": 5.05902338028,
        "dvar2": 11.1706190109,
        "max": 27.5710220337,
        "mean": 4.77653694153,
        "median": 3.78282427788,
        "min": -2.29209494591,
        "stdev": 3.69457936287,
        "var": 13.6499166489
    },
    "melbands_spread": {
        "dmean": 15.6038455963,
        "dmean2": 24.4417266846,
        "dvar": 866.187011719,
        "dvar2": 2020.33959961,
        "max": 284.78237915,
        "mean": 27.1845703125,
        "median": 16.9562549591,
        "min": 0.235213130713,
        "stdev": 35.9447288513,
        "var": 1292.0234375
    },
    "pitch_salience": {
        "dmean": 0.104704558849,
        "dmean2": 0.160065814853,
        "dvar": 0.00912199541926,
        "dvar2": 0.0211742222309,
        "max": 0.896122872829,
        "mean": 0.456414818764,
        "median": 0.448004096746,
        "min": 0.0884591713548,
        "stdev": 0.165596529841,
        "var": 0.0274222120643
    },
    "silence_rate_20dB": {
        "dmean": 0,
        "dmean2": 0,
        "dvar": 0,
        "dvar2": 0,
        "max": 1,
        "mean": 1,
        "median": 1,
        "min": 1,
        "stdev": 0,
        "var": 0
    },
    "silence_rate_30dB": {
        "dmean": 0.113003097475,
        "dmean2": 0.226181253791,
        "dvar": 0.10023458302,
        "dvar2": 0.206008762121,
        "max": 1,
        "mean": 0.728538274765,
        "median": 1,
        "min": 0,
        "stdev": 0.444710314274,
        "var": 0.19776725769
    },
    "silence_rate_60dB": {
        "dmean": 0.0100619196892,
        "dmean2": 0.020139425993,
        "dvar": 0.00996054988354,
        "dvar2": 0.0274802017957,
        "max": 1,
        "mean": 0.00696055684239,
        "median": 0,
        "min": 0,
        "stdev": 0.0831400379539,
        "var": 0.00691226543859
    },
    "spectral_centroid": {
        "dmean": 523.325744629,
        "dmean2": 777.598937988,
        "dvar": 467129.375,
        "dvar2": 809858.5,
        "max": 11084.0244141,
        "mean": 1496.43688965,
        "median": 1222.42346191,
        "min": 180.69859314,
        "stdev": 1006.88067627,
        "var": 1013808.6875
    },
    "spectral_complexity": {
        "dmean": 5.61996889114,
        "dmean2": 8.37180519104,
        "dvar": 34.8006362915,
        "dvar2": 71.6123962402,
        "max": 57,
        "mean": 17.0425376892,
        "median": 16,
        "min": 0,
        "stdev": 9.0764837265,
        "var": 82.38256073
    },
    "spectral_decrease": {
        "dmean": 6.09936856577e-09,
        "dmean2": 9.23207377213e-09,
        "dvar": 9.12310401602e-17,
        "dvar2": 1.73433132619e-16,
        "max": 8.15609815199e-30,
        "mean": -1.80777242065e-08,
        "median": -1.32332793612e-08,
        "min": -8.25072916655e-08,
        "stdev": 1.52901336037e-08,
        "var": 2.33788187343e-16
    },
    "spectral_energy": {
        "dmean": 0.0231941249222,
        "dmean2": 0.0351981036365,
        "dvar": 0.00130931416061,
        "dvar2": 0.00248801358975,
        "max": 0.314639508724,
        "mean": 0.0723317489028,
        "median": 0.0537136979401,
        "min": 1.10730532699e-20,
        "stdev": 0.0577407218516,
        "var": 0.00333399092779
    },
    "spectral_energyband_high": {
        "dmean": 0.0019660552498,
        "dmean2": 0.00295048113912,
        "dvar": 7.40043833503e-06,
        "dvar2": 1.5389676264e-05,
        "max": 0.0226433165371,
        "mean": 0.003486397909,
        "median": 0.00207996182144,
        "min": 8.00770205779e-21,
        "stdev": 0.0039105261676,
        "var": 1.52922148118e-05
    },
    "spectral_energyband_low": {
        "dmean": 0.0201460272074,
        "dmean2": 0.0308969207108,
        "dvar": 0.00135400425643,
        "dvar2": 0.00261439755559,
        "max": 0.295715808868,
        "mean": 0.0477119758725,
        "median": 0.0287193600088,
        "min": 2.73112385966e-23,
        "stdev": 0.057983905077,
        "var": 0.00336213316768
    },
    "spectral_energyband_middle_high": {
        "dmean": 0.00341116753407,
        "dmean2": 0.00514241214842,
        "dvar": 2.09675290535e-05,
        "dvar2": 5.15856227139e-05,
        "max": 0.049331497401,
        "mean": 0.00581904733554,
        "median": 0.00415737600997,
        "min": 1.56100987421e-21,
        "stdev": 0.00575301516801,
        "var": 3.30971852236e-05
    },
    "spectral_energyband_middle_low": {
        "dmean": 0.00869174674153,
        "dmean2": 0.013739304617,
        "dvar": 0.000107160660264,
        "dvar2": 0.000266751419986,
        "max": 0.0956370159984,
        "mean": 0.0158171765506,
        "median": 0.0132646830752,
        "min": 5.34310056634e-22,
        "stdev": 0.0130604095757,
        "var": 0.000170574290678
    },
    "spectral_entropy": {
        "dmean": 0.283048838377,
        "dmean2": 0.422769397497,
        "dvar": 0.0864228382707,
        "dvar2": 0.189014017582,
        "max": 9.81152057648,
        "mean": 7.8742184639,
        "median": 7.91726970673,
        "min": 5.38134384155,
        "stdev": 0.47598940134,
        "var": 0.226565897465
    },
    "spectral_flux": {
        "dmean": 0.0519698001444,
        "dmean2": 0.0815197229385,
        "dvar": 0.00390557316132,
        "dvar2": 0.00695001520216,
        "max": 0.556112527847,
        "mean": 0.144744724035,
        "median": 0.12295525521,
        "min": 1.05228575853e-10,
        "stdev": 0.0865761190653,
        "var": 0.00749542377889
    },
    "spectral_kurtosis": {
        "dmean": 1.11481738091,
        "dmean2": 1.7322191,
        "dvar": 2.6084086895,
        "dvar2": 6.09840869904,
        "max": 26.8256187439,
        "mean": 1.75631856918,
        "median": 1.42306756973,
        "min": -1.34365975857,
        "stdev": 2.05326151848,
        "var": 4.21588277817
    },
    "spectral_rms": {
        "dmean": 0.00131784623954,
        "dmean2": 0.00196023378521,
        "dvar": 3.13032501253e-06,
        "dvar2": 5.57278417546e-06,
        "max": 0.0175204277039,
        "mean": 0.00773640815169,
        "median": 0.00723903346807,
        "min": 3.28678859303e-12,
        "stdev": 0.00327345402911,
        "var": 1.07155019577e-05
    },
    "spectral_rolloff": {
        "dmean": 1178.02770996,
        "dmean2": 1966.82885742,
        "dvar": 4456434,
        "dvar2": 8928764,
        "max": 18841.5527344,
        "mean": 1997.70898438,
        "median": 818.26171875,
        "min": 43.06640625,
        "stdev": 2860.92480469,
        "var": 8184890.5
    },
    "spectral_skewness": {
        "dmean": 0.274576604366,
        "dmean2": 0.410429000854,
        "dvar": 0.0834214761853,
        "dvar2": 0.184684053063,
        "max": 3.86298918724,
        "mean": 1.24357712269,
        "median": 1.23797953129,
        "min": -0.0466697067022,
        "stdev": 0.474272221327,
        "var": 0.224934145808
    },
    "spectral_spread": {
        "dmean": 1321907.375,
        "dmean2": 1931669.375,
        "dvar": 2.2742695936e+12,
        "dvar2": 4.40278502605e+12,
        "max": 41111764,
        "mean": 7585430,
        "median": 7328560,
        "min": 1525907.125,
        "stdev": 2357075,
        "var": 5.55580286566e+12
    },
    "spectral_strongpeak": {
        "dmean": 0.466954082251,
        "dmean2": 0.790721774101,
        "dvar": 0.54350912571,
        "dvar2": 1.42330145836,
        "max": 6.29964923859,
        "mean": 0.833874940872,
        "median": 0.502656757832,
        "min": 0,
        "stdev": 0.829765737057,
        "var": 0.688511192799
    },
    "zerocrossingrate": {
        "dmean": 0.0261287149042,
        "dmean2": 0.029204968363,
        "dvar": 0.00106222473551,
        "dvar2": 0.00121204752941,
        "max": 0.51171875,
        "mean": 0.0808564275503,
        "median": 0.06201171875,
        "min": 0.00048828125,
        "stdev": 0.0685860142112,
        "var": 0.00470404094085
    },
    "barkbands": {
        "dmean": [0.00409351615235, 0.0179596655071, 0.00606366759166, 0.00305310334079, 0.00438795378432, 0.0013727924088, 0.00123745331075, 0.00173916236963, 0.000840383814648, 0.000862573971972, 0.000716167618521, 0.000794803141616, 0.000524306786247, 0.00039794301847, 0.000349205278326, 0.000350511894794, 0.000416104070609, 0.000303770240862, 0.000247587187914, 0.000258065934759, 0.000219800334889, 0.000334973097779, 0.00042766254046, 0.000610203365795, 0.000502028211486, 0.000174645974766, 3.67656639355e-06],
        "dmean2": [0.00566776050255, 0.027819417417, 0.0116219995543, 0.00530880130827, 0.00658022565767, 0.00230469903909, 0.00196626037359, 0.00287699908949, 0.00134137284476, 0.00132145627867, 0.00119224807713, 0.00129865575582, 0.000824836140964, 0.000670434150379, 0.000565114838537, 0.000558266299777, 0.000666561478283, 0.000490610080305, 0.00039912815555, 0.000405167258577, 0.000335178745445, 0.000497384171467, 0.00064259202918, 0.00094030884793, 0.000773121893872, 0.000277011335129, 6.37221273792e-06],
        "dvar": [4.11579458159e-05, 0.00124831241556, 0.000372988142772, 3.60188168997e-05, 3.99859964091e-05, 5.09722440256e-06, 5.37241703569e-06, 1.15492148325e-05, 2.55649001701e-06, 3.84947861676e-06, 2.23946085498e-06, 3.46777028426e-06, 8.91229319677e-07, 7.57536497531e-07, 4.96191944421e-07, 2.58185650637e-07, 4.43293998842e-07, 6.03032788149e-07, 2.68147147153e-07, 2.40006528429e-07, 1.36201833811e-07, 2.45894511863e-07, 4.73571759585e-07, 7.86672728736e-07, 6.74244404308e-07, 1.0139797979e-07, 9.21253351382e-11],
        "dvar2": [7.33774504624e-05, 0.00290176947601, 0.00110239908099, 9.79672040557e-05, 7.66155935708e-05, 1.22495321193e-05, 1.17496683743e-05, 2.68635249085e-05, 5.98548967901e-06, 7.9282808656e-06, 5.27131487615e-06, 8.46975217428e-06, 1.94170434042e-06, 1.97038866645e-06, 1.26490169805e-06, 5.94667994847e-07, 1.17111903819e-06, 1.5573350538e-06, 6.18355784354e-07, 5.34806588348e-07, 2.97654509041e-07, 4.95688937008e-07, 9.84991174846e-07, 1.87519708561e-06, 1.54464737534e-06, 2.50020207204e-07, 2.41125952538e-10],
        "max": [0.0785355642438, 0.286409050226, 0.138452351093, 0.0567516833544, 0.0779867097735, 0.0181150306016, 0.0221440680325, 0.0328466035426, 0.0183494072407, 0.0382447838783, 0.0215445999056, 0.0209527555853, 0.00985206384212, 0.0110937030986, 0.00727564282715, 0.00594257749617, 0.00730075174943, 0.0133905280381, 0.00588765321299, 0.00487780896947, 0.00477903569117, 0.00569314463064, 0.00864503532648, 0.00899661611766, 0.00889013055712, 0.00422373134643, 0.000122161392937],
        "mean": [0.0117470836267, 0.0312216449529, 0.0043428093195, 0.00295748445205, 0.006801831536, 0.00145032606088, 0.00148865045048, 0.00200871308334, 0.000926588545553, 0.00100564933382, 0.000823172973469, 0.000820280867629, 0.000610268558376, 0.000440911826445, 0.000394767150283, 0.000455218658317, 0.000533109763637, 0.000341411971021, 0.000304774730466, 0.000308449321892, 0.000320351013215, 0.000539932458196, 0.000652980874293, 0.000910543778446, 0.000701957847923, 0.000219691472012, 3.1297681744e-06],
        "median": [0.00375457527116, 0.0148733817041, 0.00105156295467, 0.000802496855613, 0.00245453231037, 0.000477289228002, 0.000330159440637, 0.000312049611239, 0.000252919504419, 0.000182309755473, 0.000206497585168, 0.000214285260881, 0.000160933312145, 0.000123942285427, 0.00011420762894, 0.000225307274377, 0.000270904536592, 9.76812880253e-05, 9.73596834228e-05, 7.90300546214e-05, 0.000120437864098, 0.00024367509468, 0.000371849921066, 0.000520343426615, 0.000298669998301, 8.61339067342e-05, 3.06078533185e-07],
        "min": [1.63932222304e-23, 8.12266802709e-24, 5.34838858498e-24, 7.42788588457e-24, 1.17887386298e-22, 3.95048414689e-23, 9.58543560648e-23, 1.52667733495e-22, 3.79671937925e-23, 1.61123300035e-22, 1.3855380021e-22, 1.49953117969e-22, 6.9362583021e-23, 8.03223159297e-23, 7.54443408797e-23, 1.44496182124e-22, 2.01554933161e-22, 1.71204437533e-22, 2.04529052369e-22, 4.04810953355e-22, 5.22078597905e-22, 4.51080106693e-22, 6.27606780494e-22, 7.74570835073e-22, 1.29368513351e-21, 1.77836460583e-21, 2.49660032144e-21],
        "stdev": [0.0147695960477, 0.0460250526667, 0.0142285116017, 0.00559262093157, 0.00971831846982, 0.00243466440588, 0.00295808026567, 0.00414874358103, 0.0018042755546, 0.00244014780037, 0.00181366538163, 0.00191204098519, 0.00115128024481, 0.000935461022891, 0.000754203880206, 0.000624748470727, 0.000737813883461, 0.000815228908323, 0.000660955905914, 0.000622857303824, 0.000537520623766, 0.000778056390118, 0.000929531466682, 0.00112317025196, 0.00100444024429, 0.000353516603354, 9.46686941461e-06],
        "var": [0.000218140965444, 0.00211830553599, 0.000202450537472, 3.12774063786e-05, 9.44457133301e-05, 5.9275903368e-06, 8.75023943081e-06, 1.72120744537e-05, 3.25541031998e-06, 5.95432084083e-06, 3.28938199345e-06, 3.65590062756e-06, 1.32544607823e-06, 8.75087323493e-07, 5.6882345234e-07, 3.90310674447e-07, 5.4436929986e-07, 6.64598132971e-07, 4.36862734432e-07, 3.87951217817e-07, 2.88928418968e-07, 6.05371724305e-07, 8.64028777414e-07, 1.26151144286e-06, 1.00890019894e-06, 1.24973979609e-07, 8.96216226232e-11]
    },
    "erbbands": {
        "dmean": [0.842702925205, 2.97820353508, 6.08676433563, 9.40011119843, 11.0926914215, 17.7983932495, 16.368686676, 9.66044616699, 12.3266181946, 29.9346160889, 34.5411262512, 18.7690048218, 20.1458816528, 30.5645809174, 29.2437782288, 29.4169311523, 25.7610473633, 16.239774704, 21.2720928192, 16.601518631, 20.6286010742, 22.0216693878, 18.2520656586, 11.5963687897, 12.9755105972, 11.873418808, 9.29830360413, 9.00821304321, 11.8208913803, 12.7088184357, 12.3998012543, 11.6744632721, 10.8741598129, 6.57996940613, 3.1765370369, 1.25274455547, 0.22406232357, 0.0197374392301, 0.000538051885087, 4.472812725e-05],
        "dmean2": [1.30876135826, 4.66865539551, 11.3587751389, 17.1673545837, 17.0817871094, 27.4940395355, 26.3162059784, 16.5484104156, 19.6135463715, 48.5417480469, 56.5297660828, 29.907453537, 31.1308841705, 47.8287239075, 48.3059463501, 48.1035766602, 40.2381477356, 26.7081775665, 34.9253807068, 26.5708999634, 33.2114486694, 35.0926055908, 29.5539970398, 18.7690696716, 20.4350795746, 18.326921463, 14.2453012466, 13.7576370239, 18.0070552826, 19.006362915, 18.7337341309, 17.9810161591, 16.710018158, 10.1043214798, 4.89625644684, 1.95889472961, 0.354329705238, 0.0312257055193, 0.000846575072501, 6.66165578878e-05],
        "dvar": [2.22510695457, 51.8679618835, 372.782958984, 583.44128418, 417.965270996, 760.056091309, 848.388549805, 293.143005371, 703.399902344, 2932.13525391, 4808.80810547, 1332.5411377, 1957.42932129, 4806.04736328, 3530.0925293, 4709.70361328, 2073.06567383, 1229.91210938, 1784.38549805, 733.323547363, 1006.02667236, 1126.68078613, 2024.10327148, 779.808654785, 665.225769043, 509.600585938, 281.07434082, 233.524749756, 345.923492432, 383.664245605, 407.621917725, 334.475860596, 236.386734009, 113.842697144, 28.8248081207, 4.942507267, 0.193495318294, 0.00165673228912, 1.50025107359e-06, 3.51222917416e-09],
        "dvar2": [5.53369760513, 110.794692993, 1073.60876465, 1697.87573242, 851.058776855, 1428.27734375, 1845.35205078, 753.968322754, 1567.21520996, 6608.25244141, 11078.0986328, 3089.1418457, 4391.35498047, 10444.5537109, 8744.49804688, 11733.2607422, 4495.21582031, 3211.52270508, 4407.20507812, 1886.90759277, 2398.60693359, 2906.69116211, 5296.40087891, 1897.18225098, 1445.20788574, 1111.91357422, 639.208251953, 498.45324707, 732.166259766, 827.870178223, 863.646911621, 827.954589844, 552.365600586, 266.117248535, 67.419631958, 12.1141672134, 0.493059754372, 0.00404386688024, 3.83511587643e-06, 8.15764167328e-09],
        "max": [11.7422323227, 57.043258667, 132.129592896, 203.353607178, 278.737823486, 277.761291504, 258.665496826, 170.613250732, 296.97052002, 568.887817383, 739.856262207, 481.060150146, 657.739135742, 1206.58630371, 755.772216797, 1045.84912109, 500.702545166, 611.374938965, 397.216278076, 273.223876953, 361.859649658, 334.410827637, 686.569152832, 319.514801025, 368.982421875, 218.39541626, 196.608078003, 167.824981689, 192.719787598, 283.785186768, 243.458908081, 192.639160156, 139.347259521, 118.743530273, 63.4802131653, 26.996006012, 5.83013629913, 0.558029234409, 0.0202895458788, 0.000776487751864],
        "mean": [1.7612695694, 3.67753791809, 5.01556158066, 8.12313842773, 14.47797966, 25.8027305603, 20.8278884888, 10.0118150711, 15.7189006805, 33.5309371948, 40.8130760193, 21.613067627, 24.2435779572, 37.0126800537, 34.1664085388, 31.4940433502, 30.7269802094, 18.6163520813, 25.3352127075, 21.5785217285, 27.2268047333, 29.7478618622, 21.4562625885, 14.3269634247, 16.5006446838, 14.5943994522, 12.7081880569, 13.3181085587, 18.5399227142, 20.1121406555, 18.6744556427, 17.337928772, 15.8342380524, 9.17880725861, 4.26440668106, 1.58621942997, 0.273010551929, 0.0232635643333, 0.000664673105348, 0.000122054145322],
        "median": [0.890368878841, 0.947577595711, 1.40946483612, 2.28527641296, 5.46493768692, 7.34807109833, 6.87247228622, 4.09144067764, 3.89613008499, 10.4910650253, 7.73078536987, 7.17623186111, 6.11772155762, 9.59124469757, 9.87304496765, 10.255191803, 9.25670719147, 6.83126068115, 7.04774236679, 8.67219543457, 14.4217453003, 15.7575826645, 7.27014684677, 4.71663093567, 5.64701414108, 3.85360050201, 3.95727157593, 5.09462451935, 7.80033016205, 11.6502819061, 10.2832756042, 10.1226654053, 8.73083019257, 3.98064899445, 1.67996191978, 0.632017731667, 0.102275975049, 0.00664114626125, 0.000234000050114, 0.000106476640212],
        "min": [5.99291243079e-22, 7.55242203039e-22, 4.96239705079e-21, 1.57784911871e-20, 5.24678562279e-20, 5.29063789211e-19, 4.35152836894e-19, 4.36713985204e-19, 1.02351327511e-18, 1.76815232607e-18, 3.85044592851e-18, 1.11830920729e-18, 5.34361033174e-18, 2.98600269051e-18, 6.16788381803e-18, 5.64465113515e-18, 3.73592318629e-18, 3.55192678519e-18, 3.94641128727e-18, 5.55652662141e-18, 9.05373168677e-18, 1.12566278089e-17, 8.46482789429e-18, 9.93781901674e-18, 1.15151440842e-17, 2.20300084322e-17, 1.3170447468e-17, 2.46556434782e-17, 2.04402599391e-17, 1.57283595829e-17, 1.97614854546e-17, 1.6199174244e-17, 1.34442434236e-17, 1.40555621563e-17, 9.50296437846e-18, 6.32535501842e-18, 3.47344761099e-18, 1.17210458823e-18, 3.47784056042e-19, 4.13783530498e-20],
        "stdev": [2.28821825981, 7.96994495392, 14.8696813583, 18.9755573273, 27.1666488647, 41.6917076111, 36.559715271, 16.7810783386, 34.7850875854, 60.2512741089, 85.28565979, 41.2874107361, 53.11536026, 81.2894592285, 66.2204437256, 67.8925857544, 55.7067337036, 33.9041557312, 47.9814300537, 31.6288166046, 36.7149467468, 38.9982376099, 46.7393569946, 32.326965332, 34.9636306763, 29.2887592316, 22.37733078, 22.7447566986, 28.3546142578, 26.4385452271, 27.2356472015, 22.4339580536, 19.734621048, 12.9023933411, 6.45601081848, 2.50363087654, 0.472237557173, 0.0461761467159, 0.00130223284941, 8.51972217788e-05],
        "var": [5.23594284058, 63.5200233459, 221.107421875, 360.071746826, 738.026855469, 1738.19836426, 1336.6126709, 281.604614258, 1210.00231934, 3630.21606445, 7273.64404297, 1704.65039062, 2821.24145508, 6607.97607422, 4385.14746094, 4609.40283203, 3103.24023438, 1149.49182129, 2302.2175293, 1000.38208008, 1347.98718262, 1520.86254883, 2184.56738281, 1045.03259277, 1222.45556641, 857.831420898, 500.744934082, 517.323974609, 803.984191895, 698.996704102, 741.780456543, 503.282440186, 389.455230713, 166.471755981, 41.6800727844, 6.26816797256, 0.223008304834, 0.00213223649189, 1.695810397e-06, 7.25856663664e-09]
    },
    "gfcc": {
        "mean": [37.5266075134, 49.5256576538, -91.3302612305, 36.2082214355, -67.1358718872, 33.4762039185, -51.09141922, 13.9929742813, -24.8554878235, 0.172056883574, -18.0546035767, 5.96831226349, -9.85073757172],
        "cov": [[4047.22705078, -188.550170898, -151.631439209, 241.867401123, -32.774974823, 197.055847168, 74.8528900146, 289.481048584, 82.9636001587, 234.83833313, 58.0737037659, 139.720916748, 20.0236816406], [-188.550170898, 1793.06982422, 150.874740601, -92.9934082031, 337.528961182, 125.694465637, 244.039352417, 3.03450226784, 277.981994629, -49.1589241028, 128.780456543, 11.7648038864, 116.530502319], [-151.631439209, 150.874740601, 1117.91174316, 547.223571777, 388.603088379, 283.753051758, 252.68031311, 135.328765869, 59.0816993713, 166.926757812, 117.480056763, 27.5924415588, 24.7661037445], [241.867401123, -92.9934082031, 547.223571777, 892.798400879, 403.383331299, 90.1652145386, 202.593826294, 90.1832046509, 33.7411727905, 154.024185181, 101.267959595, 14.715174675, 99.4868774414], [-32.774974823, 337.528961182, 388.603088379, 403.383331299, 578.543212891, 245.440689087, 221.134414673, 93.5237884521, 130.123123169, 138.930175781, 116.224365234, 14.7680063248, 71.5675201416], [197.055847168, 125.694465637, 283.753051758, 90.1652145386, 245.440689087, 419.236358643, 265.410522461, 147.410812378, 145.686553955, 91.078125, 102.009857178, 33.474357605, 4.12704896927], [74.8528900146, 244.039352417, 252.68031311, 202.593826294, 221.134414673, 265.410522461, 411.151123047, 164.418075562, 118.359100342, 77.9864349365, 102.224243164, 58.601978302, 53.6732215881], [289.481048584, 3.03450226784, 135.328765869, 90.1832046509, 93.5237884521, 147.410812378, 164.418075562, 214.795837402, 116.582397461, 67.2390594482, 58.5684204102, 34.3206558228, 13.3299951553], [82.9636001587, 277.981994629, 59.0816993713, 33.7411727905, 130.123123169, 145.686553955, 118.359100342, 116.582397461, 276.822479248, 80.3742675781, 58.6838188171, 24.3346824646, 24.63514328], [234.83833313, -49.1589241028, 166.926757812, 154.024185181, 138.930175781, 91.078125, 77.9864349365, 67.2390594482, 80.3742675781, 193.319854736, 72.818359375, 11.4418020248, 6.67786359787], [58.0737037659, 128.780456543, 117.480056763, 101.267959595, 116.224365234, 102.009857178, 102.224243164, 58.5684204102, 58.6838188171, 72.818359375, 144.125488281, 55.4316520691, 28.5568313599], [139.720916748, 11.7648038864, 27.5924415588, 14.715174675, 14.7680063248, 33.474357605, 58.601978302, 34.3206558228, 24.3346824646, 11.4418020248, 55.4316520691, 124.769546509, 55.8516273499], [20.0236816406, 116.530502319, 24.7661037445, 99.4868774414, 71.5675201416, 4.12704896927, 53.6732215881, 13.3299951553, 24.63514328, 6.67786359787, 28.5568313599, 55.8516273499, 129.954849243]],
        "icov": [[0.000437461771071, -0.000337940989994, 0.000422789598815, -0.000570492236875, 0.000477871537441, -0.000757796282414, 0.000634416297544, -0.000917042023502, 0.000645054155029, -0.000964975217357, 0.000764081953093, -0.000910060771275, 0.000335258315317], [-0.000337940989994, 0.00159909203649, -0.000778753310442, 0.00139253598172, -0.00132339715492, 0.00168310874142, -0.00157582515385, 0.00176798226312, -0.00207934505306, 0.00213496852666, -0.00207090284675, 0.0018698957283, -0.00121873500757], [0.000422789598815, -0.000778753310442, 0.00216765399091, -0.00167050212622, 0.00053347076755, -0.00189604773186, 0.000996000715531, -0.00140179635491, 0.00157038541511, -0.00175823736936, 0.00133170024492, -0.00158311950509, 0.00117817800492], [-0.000570492236875, 0.00139253598172, -0.00167050212622, 0.00385315087624, -0.00244252686389, 0.00298834010027, -0.00220961822197, 0.00154556415509, -0.00145651469938, 0.00152588204946, -0.00234282133169, 0.00271040317602, -0.00224026432261], [0.000477871537441, -0.00132339715492, 0.00053347076755, -0.00244252686389, 0.00508359773085, -0.00314188702032, 0.00128643773496, -0.00091268972028, 0.00108552747406, -0.00259834039025, 0.00103377515916, -0.000663889106363, -0.000270347198239], [-0.000757796282414, 0.00168310874142, -0.00189604773186, 0.00298834010027, -0.00314188702032, 0.00817497540265, -0.00444848369807, 0.00156648328993, -0.00329507910646, 0.00281739677303, -0.00355110294186, 0.00256126746535, -1.21805942399e-05], [0.000634416297544, -0.00157582515385, 0.000996000715531, -0.00220961822197, 0.00128643773496, -0.00444848369807, 0.00728655187413, -0.00427345698699, 0.00232319021598, -0.00199211272411, 0.00168458663393, -0.00282952585258, 0.000186617238796], [-0.000917042023502, 0.00176798226312, -0.00140179635491, 0.00154556415509, -0.00091268972028, 0.00156648328993, -0.00427345698699, 0.0110853966326, -0.00480488920584, 0.00229207170196, -0.00280089792795, 0.0019155520713, -0.000694015354384], [0.000645054155029, -0.00207934505306, 0.00157038541511, -0.00145651469938, 0.00108552747406, -0.00329507910646, 0.00232319021598, -0.00480488920584, 0.00846830569208, -0.00441694213077, 0.00269930530339, -0.00248220586218, 0.000716390903108], [-0.000964975217357, 0.00213496852666, -0.00175823736936, 0.00152588204946, -0.00259834039025, 0.00281739677303, -0.00199211272411, 0.00229207170196, -0.00441694213077, 0.0116094090044, -0.00592058058828, 0.00369213731028, -0.000714717432857], [0.000764081953093, -0.00207090284675, 0.00133170024492, -0.00234282133169, 0.00103377515916, -0.00355110294186, 0.00168458663393, -0.00280089792795, 0.00269930530339, -0.00592058058828, 0.0150099890307, -0.00746925314888, 0.00211830064654], [-0.000910060771275, 0.0018698957283, -0.00158311950509, 0.00271040317602, -0.000663889106363, 0.00256126746535, -0.00282952585258, 0.0019155520713, -0.00248220586218, 0.00369213731028, -0.00746925314888, 0.0156066184863, -0.00683856010437], [0.000335258315317, -0.00121873500757, 0.00117817800492, -0.00224026432261, -0.000270347198239, -1.21805942399e-05, 0.000186617238796, -0.000694015354384, 0.000716390903108, -0.000714717432857, 0.00211830064654, -0.00683856010437, 0.0127445422113]]
    },
    "melbands": {
        "dmean": [0.00603874213994, 0.00287592643872, 0.00162326416466, 0.000942219980061, 0.000641250575427, 0.000223519775318, 0.0002070372866, 0.000354539864929, 0.000267552852165, 0.000110506167402, 0.000104286009446, 0.000128028026666, 9.79913747869e-05, 9.4354749308e-05, 6.95353664923e-05, 4.69703591079e-05, 3.05644316541e-05, 3.76523094019e-05, 2.52419104072e-05, 2.2173691832e-05, 2.74499889201e-05, 2.48177220783e-05, 2.10705438803e-05, 1.33884786919e-05, 9.51743368205e-06, 9.73353508016e-06, 1.05761064333e-05, 7.44039653e-06, 5.76215779802e-06, 5.57246494282e-06, 5.56151780984e-06, 6.80171569911e-06, 7.56430290494e-06, 7.58148780733e-06, 7.55553037379e-06, 6.69323071634e-06, 8.04484625405e-06, 8.2588639998e-06, 6.71816906106e-06, 5.45153943676e-06],
        "dmean2": [0.00931547489017, 0.00457265600562, 0.00285675236955, 0.00141540833283, 0.00100755691528, 0.000379619130399, 0.000328152411385, 0.000571113952901, 0.000436441798229, 0.000176809175173, 0.000162171432748, 0.000200532202143, 0.000162647222169, 0.000153170345584, 0.00011406160047, 7.53631393309e-05, 5.14307175763e-05, 6.21004655841e-05, 4.1046871047e-05, 3.55651573045e-05, 4.48295213573e-05, 4.03920530516e-05, 3.47274799424e-05, 2.16028565774e-05, 1.55736470333e-05, 1.56825499289e-05, 1.6845877326e-05, 1.14003660201e-05, 8.94682762009e-06, 8.7701546363e-06, 8.60623822518e-06, 1.06381648948e-05, 1.13978021545e-05, 1.15838965939e-05, 1.14536333058e-05, 1.03973852674e-05, 1.26933437059e-05, 1.29545205709e-05, 1.04098871816e-05, 8.47962655826e-06],
        "dvar": [0.000122421537526, 6.18350604782e-05, 1.28173569465e-05, 2.05162928069e-06, 1.04868570361e-06, 1.38650477766e-07, 1.69527055505e-07, 3.89290050862e-07, 2.84485338398e-07, 4.6463572545e-08, 5.31865076425e-08, 8.80688801885e-08, 4.15497147799e-08, 5.15796862999e-08, 1.95915266232e-08, 7.57419815756e-09, 4.94700236331e-09, 6.06369399136e-09, 2.58507282247e-09, 1.26291777036e-09, 2.15913975588e-09, 1.57325164007e-09, 1.7835685151e-09, 1.48031897851e-09, 5.41719391567e-10, 4.2582073978e-10, 4.63966948194e-10, 2.15980358598e-10, 1.20928767e-10, 9.70289543156e-11, 9.86247264412e-11, 1.38456177079e-10, 1.22992740992e-10, 1.56505794435e-10, 1.59999527516e-10, 1.06902396657e-10, 1.65248772999e-10, 1.30296454182e-10, 1.22908405675e-10, 7.87608103736e-11],
        "dvar2": [0.000294777622912, 0.000154639783432, 3.64322877431e-05, 4.0670170165e-06, 2.12924601328e-06, 3.51319016545e-07, 3.68675159734e-07, 8.85537986051e-07, 6.52481730867e-07, 1.07581136888e-07, 1.16605150424e-07, 1.8823635628e-07, 1.00562303373e-07, 1.29851613906e-07, 4.70876209135e-08, 1.68632343645e-08, 1.31040769347e-08, 1.5007602272e-08, 6.56376064612e-09, 3.10611825149e-09, 5.28497601238e-09, 4.0522185607e-09, 4.78579442742e-09, 3.73735842274e-09, 1.32786226459e-09, 9.97982474438e-10, 1.0570062603e-09, 4.79617845439e-10, 2.80893197591e-10, 2.25314961133e-10, 2.16475698478e-10, 3.020145245e-10, 2.66934196969e-10, 3.55267898433e-10, 3.45273226676e-10, 2.42961595287e-10, 4.22056223304e-10, 3.02697478194e-10, 3.0166924514e-10, 1.82633561052e-10],
        "max": [0.0892756357789, 0.0570962950587, 0.0296881888062, 0.0186988711357, 0.00886183232069, 0.00342544447631, 0.0047304937616, 0.00600681360811, 0.00620759557933, 0.002596803708, 0.00345300603658, 0.00561836361885, 0.00323061528616, 0.00257672276348, 0.00172152591404, 0.00115479307715, 0.00118481297977, 0.000736228015739, 0.000605761131737, 0.000335937802447, 0.000556071347091, 0.000368042761693, 0.000542944762856, 0.000760327209719, 0.000235616549617, 0.000301618216326, 0.00023748606327, 0.000177459020051, 0.000136172340717, 0.00013663052232, 0.00011310273112, 0.000136847753311, 0.000117382311146, 0.000187808880582, 0.000138738032547, 0.00011198016, 0.000135103589855, 0.00010061517969, 0.000139594194479, 8.34421662148e-05],
        "mean": [0.0123123843223, 0.00313084758818, 0.00156812695786, 0.0014534664806, 0.000857921608258, 0.000228565331781, 0.000259908527369, 0.000397911062464, 0.000307281996356, 0.000124203113955, 0.00012238000636, 0.000152342574438, 0.000116596733278, 9.51929105213e-05, 7.73054998717e-05, 5.35926956218e-05, 3.26386725646e-05, 4.34174107795e-05, 2.92629902106e-05, 2.77783201454e-05, 3.34969954565e-05, 3.18473394145e-05, 2.45714782068e-05, 1.49298675751e-05, 1.09993516162e-05, 1.1941460798e-05, 1.21553575809e-05, 8.88960857992e-06, 7.47458443584e-06, 7.70288443164e-06, 7.75577336753e-06, 1.0034400475e-05, 1.14338163257e-05, 1.1204951079e-05, 1.09761122076e-05, 9.52030222834e-06, 1.11971721708e-05, 1.15624170576e-05, 9.44613020692e-06, 7.17205693945e-06],
        "median": [0.00652368925512, 0.000839090265799, 0.00058014219394, 0.000557023449801, 0.000275012804195, 8.51236982271e-05, 6.13898810116e-05, 0.000118439158541, 5.75521917199e-05, 3.56436466973e-05, 2.55188497249e-05, 3.4811993828e-05, 3.07296759274e-05, 2.30224504776e-05, 2.25752737606e-05, 1.46024876813e-05, 9.7587790151e-06, 1.02329004221e-05, 9.11478218768e-06, 1.23782847368e-05, 1.60882264026e-05, 1.61416537594e-05, 9.37438744586e-06, 4.13536054111e-06, 3.32999525199e-06, 3.69209078599e-06, 3.28232226821e-06, 1.98481961888e-06, 2.20925608119e-06, 2.65483618023e-06, 2.79542678072e-06, 3.68293331121e-06, 5.63707544643e-06, 6.3946345108e-06, 5.84589906794e-06, 4.95886115459e-06, 6.14759483142e-06, 6.17809246251e-06, 4.72493775305e-06, 2.79789765045e-06],
        "min": [4.89748239687e-24, 1.95809811438e-24, 3.31954207196e-24, 1.86109216497e-23, 2.09744546291e-23, 9.88048283789e-24, 1.69204353283e-23, 2.27399032468e-23, 2.73931381358e-23, 5.67042487788e-24, 2.71838501822e-23, 1.11536128311e-23, 2.02432705001e-23, 1.41154826076e-23, 1.40729914038e-23, 7.43930149073e-24, 6.4513498424e-24, 6.41116842333e-24, 7.8664515271e-24, 7.02817243048e-24, 1.15197444764e-23, 1.29224046414e-23, 6.3282267989e-24, 9.51051653968e-24, 7.75610014166e-24, 8.90083671161e-24, 9.22442824379e-24, 1.58261322137e-23, 7.94890957981e-24, 8.74213446355e-24, 1.61917487329e-23, 1.01238961254e-23, 1.04113909603e-23, 8.05760672394e-24, 1.19444845427e-23, 9.74443825276e-24, 9.7655600035e-24, 9.71173207963e-24, 9.01614135468e-24, 1.28239216682e-23],
        "stdev": [0.0161645393819, 0.00745745608583, 0.00302553130314, 0.00218371371739, 0.00139062420931, 0.000375301780878, 0.000552494078875, 0.00071568362182, 0.000645439897198, 0.000245591450948, 0.000281935848761, 0.00034918563324, 0.000243222981226, 0.000228309028898, 0.000146570338984, 0.0001004638616, 6.61613084958e-05, 9.07971989363e-05, 5.54667531105e-05, 4.16372313339e-05, 5.09199853695e-05, 4.41031770606e-05, 4.36554000771e-05, 4.11716137023e-05, 2.60352735495e-05, 2.61890982074e-05, 2.68579060503e-05, 1.86094530363e-05, 1.37915976666e-05, 1.37150836963e-05, 1.40849351737e-05, 1.72237596416e-05, 1.57005088113e-05, 1.56061814778e-05, 1.67857615452e-05, 1.33706926135e-05, 1.50003934323e-05, 1.45911044456e-05, 1.28916963149e-05, 1.06909892565e-05],
        "var": [0.000261292327195, 5.56136510568e-05, 9.15383952815e-06, 4.76860532217e-06, 1.93383561964e-06, 1.40851426522e-07, 3.05249699295e-07, 5.12203087055e-07, 4.16592627062e-07, 6.03151661949e-08, 7.94878189936e-08, 1.21930597174e-07, 5.91574220721e-08, 5.2125010086e-08, 2.14828652645e-08, 1.00929868907e-08, 4.37731850766e-09, 8.24413159961e-09, 3.07656056187e-09, 1.73365899414e-09, 2.59284482773e-09, 1.945090089e-09, 1.90579396708e-09, 1.69510183667e-09, 6.77835509943e-10, 6.85868861705e-10, 7.21347093169e-10, 3.46311757049e-10, 1.9020816866e-10, 1.8810353275e-10, 1.98385405326e-10, 2.96657920451e-10, 2.46505982293e-10, 2.43552872314e-10, 2.81761780574e-10, 1.78775411142e-10, 2.25011814736e-10, 2.12900336249e-10, 1.66195834872e-10, 1.14297245279e-10]
    },
    "melbands128": {
