{
"lowlevel": {
    "average_loudness": 0.954021155834,
    "barkbands_crest": {
        "dmean": 2.77923226357,
        "dmean2": 4.39614725113,
        "dvar": 6.53258037567,
        "dvar2": 15.4634342194,
        "max": 24.9844512939,
        "mean": 10.611371994,
        "median": 9.49656486511,
        "min": 3.16331505775,
        "stdev": 4.39667081833,
        "var": 19.3307151794
    },
    "barkbands_flatness_db": {
        "dmean": 0.0254322737455,
        "dmean2": 0.0378993935883,
        "dvar": 0.000479420094052,
        "dvar2": 0.00107426359318,
        "max": 0.328808605671,
        "mean": 0.16201429069,
        "median": 0.161387905478,
        "min": 0.0433931387961,
        "stdev": 0.0441785566509,
        "var": 0.00195174477994
    },
    "barkbands_kurtosis": {
        "dmean": 4.05946207047,
        "dmean2": 6.10519361496,
        "dvar": 21.8974895477,
        "dvar2": 47.2883644104,
        "max": 66.6356048584,
        "mean": 7.25087976456,
        "median": 4.96385765076,
        "min": -1.93005716801,
        "stdev": 8.32777500153,
        "var": 69.3518371582
    },
    "barkbands_skewness": {
        "dmean": 0.683688521385,
        "dmean2": 1.00527060032,
        "dvar": 0.442822724581,
        "dvar2": 0.854807436466,
        "max": 6.29546737671,
        "mean": 1.9555683136,
        "median": 2.02534866333,
        "min": -3.04899740219,
        "stdev": 1.3400427103,
        "var": 1.79571449757
    },
    "barkbands_spread": {
        "dmean": 9.582280159,
        "dmean2": 14.3536624908,
        "dvar": 195.977874756,
        "dvar2": 373.951385498,
        "max": 113.684799194,
        "mean": 25.0764923096,
        "median": 15.2268257141,
        "min": 1.34035015106,
        "stdev": 24.8801956177,
        "var": 619.024108887
    },
    "dissonance": {
        "dmean": 0.0241323877126,
        "dmean2": 0.0396205633879,
        "dvar": 0.000684717670083,
        "dvar2": 0.00170438725036,
        "max": 0.499808162451,
        "mean": 0.447438299656,
        "median": 0.451977431774,
        "min": 0,
        "stdev": 0.0325165204704,
        "var": 0.00105732411612
    },
    "dynamic_complexity": 2.55549478531,
    "erbbands_crest": {
        "dmean": 3.52131128311,
        "dmean2": 5.66355514526,
        "dvar": 10.5179004669,
        "dvar2": 26.2438907623,
        "max": 29.0095252991,
        "mean": 10.8762979507,
        "median": 9.7380399704,
        "min": 3.13277101517,
        "stdev": 5.25251483917,
        "var": 27.5889129639
    },
    "erbbands_flatness_db": {
        "dmean": 0.0228650551289,
        "dmean2": 0.0333502776921,
        "dvar": 0.000396748248022,
        "dvar2": 0.000806713709608,
        "max": 0.305091172457,
        "mean": 0.15411452949,
        "median": 0.152808859944,
        "min": 0.0666147321463,
        "stdev": 0.0415127947927,
        "var": 0.00172331219073
    },
    "erbbands_kurtosis": {
        "dmean": 1.52599668503,
        "dmean2": 2.36739063263,
        "dvar": 3.60069012642,
        "dvar2": 8.51700592041,
        "max": 26.6910190582,
        "mean": 1.13802957535,
        "median": 0.276421070099,
        "min": -1.75595128536,
        "stdev": 2.69669651985,
        "var": 7.27217245102
    },
    "erbbands_skewness": {
        "dmean": 0.516736090183,
        "dmean2": 0.756783783436,
        "dvar": 0.226474910975,
        "dvar2": 0.449413686991,
        "max": 4.67342090607,
        "mean": 0.731360256672,
        "median": 0.713657438755,
        "min": -2.56781482697,
        "stdev": 0.944343328476,
        "var": 0.891784310341
    },
    "erbbands_spread": {
        "dmean": 13.8266859055,
        "dmean2": 20.5131702423,
        "dvar": 244.869720459,
        "dvar2": 533.065307617,
        "max": 170.816955566,
        "mean": 46.9062004089,
        "median": 39.4270133972,
        "min": 5.18768596649,
        "stdev": 27.6474609375,
        "var": 764.382141113
    },
    "hfc": {
        "dmean": 16.0746097565,
        "dmean2": 23.8323936462,
        "dvar": 1507.80102539,
        "dvar2": 3621.93261719,
        "max": 507.762268066,
        "mean": 30.0169849396,
        "median": 13.6637620926,
        "min": 1.12810230195e-16,
        "stdev": 51.4578132629,
        "var": 2647.90649414
    },
    "loudness_ebu128": {
        "integrated": -10.4113836288,
        "loudness_range": 3.23431587219,
        "momentary": {
            "dmean": 0.81648015976,
            "dmean2": 1.0126721859,
            "dvar": 0.461093395948,
            "dvar2": 0.62022036314,
            "max": -4.83222055435,
            "mean": -10.9157886505,
            "median": -10.7777166367,
            "min": -17.613368988,
            "stdev": 2.14612007141,
            "var": 4.60583162308
        },
        "short_term": {
            "dmean": 0.10283999145,
            "dmean2": 0.101965814829,
            "dvar": 0.0081163784489,
            "dvar2": 0.00801311898977,
            "max": -7.87123537064,
            "mean": -10.6712026596,
            "median": -10.8248138428,
            "min": -12.7764949799,
            "stdev": 0.969773232937,
            "var": 0.940460085869
        }
    },
    "melbands_crest": {
        "dmean": 3.44317913055,
        "dmean2": 5.59295558929,
        "dvar": 9.86988162994,
        "dvar2": 24.2016773224,
        "max": 30.4980049133,
        "mean": 14.7613153458,
        "median": 13.6412744522,
        "min": 3.40865325928,
        "stdev": 5.13777589798,
        "var": 26.3967418671
    },
    "melbands_flatness_db": {
        "dmean": 0.030151437968,
        "dmean2": 0.044165391475,
        "dvar": 0.000725363439415,
        "dvar2": 0.00156433635857,
        "max": 0.421686500311,
        "mean": 0.251175940037,
        "median": 0.254760712385,
        "min": 0.0106275202706,
        "stdev": 0.0560204200447,
        "var": 0.00313828745857
    },
    "melbands_kurtosis": {
        "dmean": 9.35695934296,
        "dmean2": 14.662779808,
        "dvar": 149.771697998,
        "dvar2": 377.477386475,
        "max": 151.488342285,
        "mean": 18.3825759888,
        "median": 14.5548610687,
        "min": -1.53555822372,
        "stdev": 16.2505950928,
        "var": 264.081817627
    },
    "melbands_skewness": {
        "dmean": 0.872925639153,
        "dmean2": 1.34039950371,
        "dvar": 0.73362404108,
        "dvar2": 1.73269760609,
        "max": 10.1392755508,
        "mean": 3.1118645668,
        "median": 2.96085238457,
        "min": -0.408958315849,
        "stdev": 1.39588320255,
        "var": 1.94848978519
    },
    "melbands_spread": {
        "dmean": 9.70791816711,
        "dmean2": 15.2069072723,
        "dvar": 380.64743042,
        "dvar2": 863.517700195,
        "max": 234.002426147,
        "mean": 21.102148056,
        "median": 13.111114502,
        "min": 1.39323079586,
        "stdev": 25.8596420288,
        "var": 668.721069336
    },
    "pitch_salience": {
        "dmean": 0.072370313108,
        "dmean2": 0.11224270612,
        "dvar": 0.00457454146817,
        "dvar2": 0.0101979114115,
        "max": 0.958759784698,
        "mean": 0.535228192806,
        "median": 0.534959435463,
        "min": 0.145315825939,
        "stdev": 0.117625415325,
        "var": 0.013835738413
    },
    "silence_rate_20dB": {
        "dmean": 0,
        "dmean2": 0,
        "dvar": 0,
        "dvar2": 0,
        "max": 1,
        "mean": 1,
        "median": 1,
        "min": 1,
        "stdev": 0,
        "var": 0
    },
    "silence_rate_30dB": {
        "dmean": 0.0030959751457,
        "dmean2": 0.00619674660265,
        "dvar": 0.00308638275601,
        "dvar2": 0.00925673823804,
        "max": 1,
        "mean": 0.998453199863,
        "median": 1,
        "min": 0,
        "stdev": 0.0392988100648,
        "var": 0.00154439650942
    },
    "silence_rate_60dB": {
        "dmean": 0.00851393211633,
        "dmean2": 0.017041053623,
        "dvar": 0.0084414370358,
        "dvar2": 0.0182998068631,
        "max": 1,
        "mean": 0.0177880898118,
        "median": 0,
        "min": 0,
        "stdev": 0.132181152701,
        "var": 0.0174718573689
    },
    "spectral_centroid": {
        "dmean": 289.023101807,
        "dmean2": 437.376495361,
        "dvar": 233750.90625,
        "dvar2": 427408.84375,
        "max": 10489.2587891,
        "mean": 1003.78942871,
        "median": 801.72253418,
        "min": 284.885467529,
        "stdev": 708.560913086,
        "var": 502058.5625
    },
    "spectral_complexity": {
        "dmean": 2.55030965805,
        "dmean2": 4.06893873215,
        "dvar": 5.78458309174,
        "dvar2": 13.5234680176,
        "max": 30,
        "mean": 13.1492652893,
        "median": 13,
        "min": 0,
        "stdev": 4.32623529434,
        "var": 18.7163124084
    },
    "spectral_decrease": {
        "dmean": 2.31726815514e-09,
        "dmean2": 3.32759553245e-09,
        "dvar": 8.61450043587e-18,
        "dvar2": 1.7050066816e-17,
        "max": -7.8545893053e-29,
        "mean": -6.28840801653e-09,
        "median": -4.90328000424e-09,
        "min": -3.12349683895e-08,
        "stdev": 5.13312992112e-09,
        "var": 2.63490211584e-17
    },
    "spectral_energy": {
        "dmean": 0.00952626857907,
        "dmean2": 0.013774363324,
        "dvar": 0.000134475849336,
        "dvar2": 0.000272489269264,
        "max": 0.123643673956,
        "mean": 0.0264565274119,
        "median": 0.021392526105,
        "min": 1.0528677954e-20,
        "stdev": 0.02002472803,
        "var": 0.000400989723857
    },
    "spectral_energyband_high": {
        "dmean": 0.00124483031686,
        "dmean2": 0.00186610955279,
        "dvar": 1.23451754916e-05,
        "dvar2": 2.91954384011e-05,
        "max": 0.0458993762732,
        "mean": 0.00177273177542,
        "median": 0.000250780052738,
        "min": 7.79596078464e-21,
        "stdev": 0.00459147337824,
        "var": 2.10816288018e-05
    },
    "spectral_energyband_low": {
        "dmean": 0.00298231164925,
        "dmean2": 0.00439374800771,
        "dvar": 4.05613718613e-05,
        "dvar2": 8.38777850731e-05,
        "max": 0.0687399506569,
        "mean": 0.00600359868258,
        "median": 0.00357855437323,
        "min": 2.17076187989e-23,
        "stdev": 0.00810656603426,
        "var": 6.57164127915e-05
    },
    "spectral_energyband_middle_high": {
        "dmean": 0.00126802874729,
        "dmean2": 0.00170605746098,
        "dvar": 9.19943158806e-06,
        "dvar2": 1.73696553247e-05,
        "max": 0.0485087372363,
        "mean": 0.00291422288865,
        "median": 0.00141555164009,
        "min": 1.39474031068e-21,
        "stdev": 0.00492726173252,
        "var": 2.4277907869e-05
    },
    "spectral_energyband_middle_low": {
        "dmean": 0.006902649533,
        "dmean2": 0.0104462206364,
        "dvar": 7.75006556069e-05,
        "dvar2": 0.000169261213159,
        "max": 0.0902206152678,
        "mean": 0.0165586061776,
        "median": 0.0125652961433,
        "min": 3.82359997236e-22,
        "stdev": 0.0149460285902,
        "var": 0.000223383773118
    },
    "spectral_entropy": {
        "dmean": 0.234147369862,
        "dmean2": 0.316526114941,
        "dvar": 0.0477224476635,
        "dvar2": 0.0802117586136,
        "max": 9.79747200012,
        "mean": 7.32696771622,
        "median": 7.26332521439,
        "min": 5.63737869263,
        "stdev": 0.514715909958,
        "var": 0.264932483435
    },
    "spectral_flux": {
        "dmean": 0.026882538572,
        "dmean2": 0.0417089089751,
        "dvar": 0.000727213162463,
        "dvar2": 0.0016451086849,
        "max": 0.261689245701,
        "mean": 0.0854670256376,
        "median": 0.0788937136531,
        "min": 1.02609344632e-10,
        "stdev": 0.0452566854656,
        "var": 0.00204816763289
    },
    "spectral_kurtosis": {
        "dmean": 2.16213321686,
        "dmean2": 3.079195261,
        "dvar": 4.3362569809,
        "dvar2": 8.17714500427,
        "max": 23.7074775696,
        "mean": 5.92370891571,
        "median": 5.9733839035,
        "min": -1.6621863842,
        "stdev": 4.35913896561,
        "var": 19.0020904541
    },
    "spectral_rms": {
        "dmean": 0.000875352532603,
        "dmean2": 0.00122496893164,
        "dvar": 8.15147132016e-07,
        "dvar2": 1.55735949647e-06,
        "max": 0.0109830768779,
        "mean": 0.00473062088713,
        "median": 0.00456845248118,
        "min": 3.20497751602e-12,
        "stdev": 0.00185269583017,
        "var": 3.43248188983e-06
    },
    "spectral_rolloff": {
        "dmean": 945.995178223,
        "dmean2": 1555.89599609,
        "dvar": 4808468,
        "dvar2": 8317974,
        "max": 18346.2890625,
        "mean": 2207.86157227,
        "median": 667.529296875,
        "min": 107.666015625,
        "stdev": 3579.52319336,
        "var": 12812987
    },
    "spectral_skewness": {
        "dmean": 0.313596069813,
        "dmean2": 0.434684485197,
        "dvar": 0.0896976366639,
        "dvar2": 0.147447109222,
        "max": 3.87071251869,
        "mean": 2.03480386734,
        "median": 2.13911271095,
        "min": -0.234044089913,
        "stdev": 0.687041580677,
        "var": 0.472026109695
    },
    "spectral_spread": {
        "dmean": 1564801.25,
        "dmean2": 2026037.125,
        "dvar": 4.43109552947e+12,
        "dvar2": 5.39733314765e+12,
        "max": 42240892,
        "mean": 7078633,
        "median": 5350790.5,
        "min": 2210130,
        "stdev": 4660218.5,
        "var": 2.17176342528e+13
    },
    "spectral_strongpeak": {
        "dmean": 0.668702840805,
        "dmean2": 1.13126337528,
        "dvar": 2.41998577118,
        "dvar2": 7.11941766739,
        "max": 18.2927417755,
        "mean": 1.05794453621,
        "median": 0.564957141876,
        "min": 0,
        "stdev": 1.42625164986,
        "var": 2.0341937542
    },
    "zerocrossingrate": {
        "dmean": 0.0244121737778,
        "dmean2": 0.02500824444,
        "dvar": 0.00146781781223,
        "dvar2": 0.00124265230261,
        "max": 0.51513671875,
        "mean": 0.0859911218286,
        "median": 0.05078125,
        "min": 0.00927734375,
        "stdev": 0.0927576869726,
        "var": 0.00860398821533
    },
    "barkbands": {
        "dmean": [5.15623432875e-05, 0.00234609376639, 0.000762624898925, 0.00112587946933, 0.00297268619761, 0.00247059809044, 0.00204458413646, 0.000764115073252, 0.00040702932165, 0.00048367693671, 0.000210860685911, 0.000349935580743, 0.000176341753104, 0.000146779013448, 0.0001081274022, 0.000186213044799, 0.000261592795141, 8.62727174535e-05, 0.000124222991872, 4.44158358732e-05, 1.37143633765e-05, 4.05527998737e-06, 5.78703329666e-05, 0.00036453732173, 0.000580662395805, 0.000353253708454, 1.22667397591e-05],
        "dmean2": [6.98963049217e-05, 0.00355361960828, 0.00120014965069, 0.00183078227565, 0.00452580861747, 0.00373160419986, 0.00313358358108, 0.00115672324318, 0.000617911864538, 0.000722458818927, 0.000337134028086, 0.000531048048288, 0.000283999776002, 0.000243119939114, 0.000173978536623, 0.000308090791805, 0.000372429843992, 0.000136930655572, 0.000189178346773, 6.71920715831e-05, 2.15575892071e-05, 6.82068548485e-06, 8.28932024888e-05, 0.000561803113669, 0.000925886270124, 0.000547967501916, 1.94208842004e-05],
        "dvar": [2.01569214653e-08, 3.83743208658e-05, 2.11693895835e-06, 5.81395579502e-06, 1.77195215656e-05, 2.69158390438e-05, 3.35180920956e-05, 3.61046477337e-06, 1.44952616665e-06, 2.25604685511e-06, 7.50046297071e-07, 2.58795535046e-06, 1.70010503098e-06, 6.10188749306e-07, 9.1526700885e-08, 7.68310314925e-07, 1.04477408058e-06, 5.95509312973e-08, 1.14826328002e-07, 1.16858069887e-08, 1.82307458019e-09, 1.15327490613e-10, 3.35336913793e-08, 1.0602252587e-06, 4.38079314335e-06, 1.47670641581e-06, 3.00650260243e-09],
        "dvar2": [3.67748960173e-08, 8.62357774167e-05, 5.73737952436e-06, 1.58829825523e-05, 3.90990535379e-05, 5.54705256945e-05, 6.55908370391e-05, 7.58008127377e-06, 2.9266002457e-06, 4.48380387752e-06, 1.67126017914e-06, 5.64923811908e-06, 4.35470838056e-06, 1.24143014091e-06, 2.09919960525e-07, 2.08815390579e-06, 1.62116293723e-06, 1.35450278549e-07, 2.06701699312e-07, 2.46662938963e-08, 3.54596130236e-09, 2.77961403894e-10, 6.56401510923e-08, 2.46071817855e-06, 1.15936709335e-05, 3.59228101843e-06, 7.65915864065e-09],
        "max": [0.0014157894766, 0.061771735549, 0.0178412292153, 0.0248598568141, 0.0578639321029, 0.0679222717881, 0.0825574472547, 0.0294527262449, 0.0177201144397, 0.0365575999022, 0.0237579103559, 0.0336332693696, 0.0354581400752, 0.0201344694942, 0.00661744689569, 0.0174347423017, 0.0258139427751, 0.00536143966019, 0.00666349614039, 0.00207466771826, 0.00101054680999, 0.000151970496518, 0.00398487132043, 0.0129602421075, 0.0358741804957, 0.0165194589645, 0.000798776338343],
        "mean": [5.5753167544e-05, 0.00333806150593, 0.0018846609164, 0.00167572870851, 0.00552148744464, 0.00418828101829, 0.00323770917021, 0.00106129189953, 0.000569054041989, 0.000758529931773, 0.000262849993305, 0.000472393556265, 0.000194848995307, 0.000194527761778, 0.000160108073032, 0.000272841280093, 0.000450138875749, 0.00013571047748, 0.000215429143282, 6.79777658661e-05, 1.68243132066e-05, 3.41244935953e-06, 6.72778551234e-05, 0.000446233549155, 0.000735482550226, 0.00045744687668, 1.24834978124e-05],
        "median": [2.3378579499e-06, 0.00148108659778, 0.00138297316153, 0.000792303937487, 0.00285389693454, 0.000821581052151, 0.000502502545714, 0.000305309105897, 0.000186628953088, 0.000311794225127, 9.35561984079e-05, 0.000114085465611, 5.74863006477e-05, 7.49081154936e-05, 8.62281376612e-05, 0.000130285639898, 7.90314152255e-05, 6.90308734193e-05, 6.35328760836e-05, 2.60064643953e-05, 5.46350156583e-06, 2.73836548104e-07, 1.41312984852e-05, 8.53680758155e-05, 6.07336114626e-05, 2.82210003206e-05, 3.08768477453e-07],
        "min": [2.40594332496e-24, 1.3211414878e-23, 5.03402988083e-24, 1.12053479069e-23, 1.45827072513e-22, 9.70987052567e-23, 3.26226737814e-23, 5.55277045483e-23, 3.60059120327e-23, 1.30662856129e-22, 2.34368902556e-23, 6.69742403662e-23, 1.91212524931e-22, 1.15443861245e-22, 8.58740665452e-23, 9.7056485421e-23, 1.53150794048e-22, 1.96305297339e-22, 1.60278234368e-22, 3.2128280137e-22, 6.71657429773e-22, 6.53819025409e-22, 6.9233881311e-22, 7.56269363046e-22, 1.10256925351e-21, 1.84588483891e-21, 2.17028463798e-21],
        "stdev": [0.000172425046912, 0.00667841685936, 0.00203139008954, 0.00246590957977, 0.00698316423222, 0.00839916430414, 0.00891329068691, 0.00258418428712, 0.00151979899965, 0.00198660930619, 0.000922792358324, 0.00196497631259, 0.00115937215742, 0.000852395081893, 0.000345612847013, 0.000849369855132, 0.00168931146618, 0.000287220464088, 0.000606927205808, 0.000152494205395, 5.47920099052e-05, 1.09431139208e-05, 0.000216564396396, 0.00115284963977, 0.00232180976309, 0.00156659248751, 6.06996582064e-05],
        "var": [2.97303959229e-08, 4.46012527391e-05, 4.12654571846e-06, 6.08070968156e-06, 4.87645811518e-05, 7.05459533492e-05, 7.9446748714e-05, 6.67800850351e-06, 2.30978889704e-06, 3.94661674363e-06, 8.51545735259e-07, 3.86113151762e-06, 1.34414392505e-06, 7.26577354726e-07, 1.19448245073e-07, 7.21429159967e-07, 2.85377313958e-06, 8.2495596132e-08, 3.68360645098e-07, 2.32544845602e-08, 3.00216429494e-09, 1.19751736305e-10, 4.690014066e-08, 1.32906222916e-06, 5.39080019735e-06, 2.45421188083e-06, 3.68444852406e-09]
    },
    "erbbands": {
        "dmean": [0.0651873871684, 0.545886814594, 0.907276630402, 2.09518837929, 7.47952604294, 9.83003234863, 18.9625492096, 19.0155181885, 32.489200592, 19.1462917328, 16.0990924835, 7.91993093491, 15.5818729401, 11.5960760117, 8.93860626221, 15.3662958145, 8.07244205475, 6.40491580963, 7.59086513519, 5.43172883987, 11.5766658783, 13.5259981155, 4.82620763779, 5.74972200394, 5.19394111633, 2.12854337692, 1.05474543571, 0.226926609874, 0.0926032736897, 0.658754169941, 1.93033957481, 4.21923732758, 8.10946559906, 5.52446985245, 5.02044487, 2.07828092575, 0.583593904972, 0.0599315203726, 0.00144775095396, 6.11323339399e-05],
        "dmean2": [0.0966893211007, 0.863130807877, 1.44335508347, 3.40278744698, 11.8048658371, 14.3531541824, 28.5474853516, 28.4490470886, 49.8166160583, 28.7622356415, 23.7166175842, 12.2174549103, 23.3493690491, 17.0291099548, 14.3286972046, 23.2190952301, 12.9732112885, 9.99843788147, 12.0202903748, 8.69812393188, 18.1167030334, 19.5277118683, 7.10551166534, 8.42612934113, 7.87873983383, 3.26191425323, 1.55487656593, 0.368916064501, 0.157499119639, 1.07766389847, 2.68817901611, 6.12285995483, 12.6202144623, 8.62476158142, 8.19901561737, 3.33788943291, 0.8942014575, 0.0809248909354, 0.00204288819805, 8.69647337822e-05],
        "dvar": [0.035192579031, 2.08153343201, 3.13604140282, 17.3519611359, 175.36517334, 251.0181427, 1635.54064941, 2335.03637695, 9351.82324219, 1996.65698242, 1996.02587891, 607.496032715, 3376.49487305, 1113.10632324, 1170.84594727, 5720.44677734, 3972.01977539, 386.996551514, 2137.84228516, 196.515609741, 2851.25146484, 2364.97680664, 144.185974121, 327.640991211, 220.358413696, 31.3273544312, 6.59864854813, 1.26007449627, 0.0709570944309, 2.82667064667, 35.9757461548, 140.851531982, 569.920532227, 286.785186768, 487.647796631, 62.0962944031, 3.67320561409, 0.0457030534744, 2.61070163106e-05, 2.99907014778e-08],
        "dvar2": [0.0734562277794, 4.97741556168, 8.02138519287, 47.2281455994, 449.981079102, 521.128845215, 3696.44189453, 4752.66748047, 19034.9960938, 4181.63476562, 4162.53417969, 1298.3125, 6724.51025391, 1913.43493652, 2793.94067383, 13383.3466797, 10511.5800781, 755.34197998, 4514.18261719, 489.583312988, 7133.08056641, 4319.66455078, 270.255065918, 561.266052246, 468.549926758, 71.4711074829, 10.5708408356, 2.93407726288, 0.164047256112, 6.75711679459, 66.0495147705, 260.072784424, 1385.09155273, 722.745117188, 1343.47009277, 162.56413269, 8.39869976044, 0.0931017324328, 5.52449164388e-05, 6.40026627252e-08],
        "max": [1.59840202332, 15.2906112671, 20.3678512573, 44.4995040894, 179.370269775, 236.407608032, 633.447753906, 726.607727051, 1351.02880859, 562.522277832, 787.763122559, 414.139953613, 1619.68823242, 744.053527832, 658.093017578, 1693.81811523, 1730.03381348, 523.909606934, 1444.87731934, 198.757034302, 998.439575195, 924.609863281, 299.383178711, 549.992736816, 389.104064941, 109.427406311, 72.3758010864, 31.4938926697, 3.79176878929, 20.3038711548, 136.926116943, 231.017654419, 310.456237793, 213.153152466, 429.048034668, 118.276397705, 29.5024337769, 4.05188846588, 0.0977617651224, 0.00303018535487],
        "mean": [0.0755773484707, 0.812555909157, 2.20890045166, 4.05375099182, 11.2478704453, 16.9526424408, 34.8038063049, 31.9533176422, 54.2812614441, 26.8807888031, 22.8028850555, 11.0864915848, 24.7118453979, 18.6303119659, 12.7067937851, 20.5266666412, 9.60046100616, 9.63736820221, 10.3287038803, 9.41700744629, 17.751789093, 23.1360454559, 9.22727203369, 9.87882995605, 9.2805109024, 3.26290345192, 1.61029040813, 0.24688243866, 0.0903248488903, 0.622771203518, 2.33291101456, 5.33884048462, 9.55860805511, 6.56760263443, 6.2330327034, 2.55300569534, 0.773865163326, 0.0810995399952, 0.00191603717394, 0.000107728075818],
        "median": [0.0172939300537, 0.404038161039, 1.43467366695, 2.48463535309, 5.62711048126, 6.59210968018, 6.14098596573, 7.41410112381, 9.13704872131, 8.14603328705, 6.98149681091, 3.81971335411, 8.92360591888, 7.89690065384, 4.64507579803, 5.17641830444, 3.01155853271, 3.92887401581, 4.63101196289, 5.46304941177, 6.30402803421, 4.74627637863, 3.60060811043, 3.69692754745, 2.75553011894, 1.2277135849, 0.586691141129, 0.0620569363236, 0.0130874644965, 0.107790358365, 0.536621809006, 1.15517938137, 1.63723599911, 0.836239814758, 0.344076573849, 0.146876379848, 0.0436244271696, 0.00455385446548, 0.000119990123494, 3.73647999368e-05],
        "min": [9.06169797729e-22, 8.77440417572e-22, 5.15918202604e-21, 2.37687311713e-20, 3.52300979175e-19, 4.86033336758e-19, 3.95652067513e-19, 9.05217968915e-19, 3.46545275527e-19, 1.32058350818e-18, 8.16188416188e-19, 8.14651359513e-19, 1.35175973868e-18, 4.8216899709e-18, 1.25008507592e-18, 3.84692255269e-18, 7.9634489096e-18, 4.76125905048e-18, 5.35773940378e-18, 4.32515619665e-18, 6.85193364688e-18, 8.98910571987e-18, 1.09002014732e-17, 7.09638164791e-18, 1.39214910683e-17, 1.34079426024e-17, 2.74458378353e-17, 2.07054821676e-17, 2.12421850732e-17, 2.73611808626e-17, 1.92173842456e-17, 1.79762874176e-17, 1.22355240992e-17, 1.15339773324e-17, 8.56186693349e-18, 6.84842722826e-18, 3.50012873523e-18, 1.21559112739e-18, 2.98106147543e-19, 2.94302687075e-20],
        "stdev": [0.205897152424, 1.48564779758, 2.54438614845, 4.80138349533, 14.8477649689, 25.6472682953, 73.5215454102, 72.0489044189, 147.016082764, 55.9680976868, 60.6765518188, 28.0771465302, 81.403755188, 46.0976676941, 37.421081543, 85.8469696045, 54.655834198, 26.6200218201, 49.553062439, 16.5567932129, 59.8980331421, 78.5424118042, 22.3036289215, 29.0086936951, 28.5442066193, 7.40166425705, 3.97809696198, 1.2159665823, 0.285785138607, 1.68299841881, 7.37042856216, 15.4994325638, 25.6240634918, 18.586063385, 22.6988811493, 8.98806285858, 2.678804636, 0.314818769693, 0.00733118597418, 0.000262044835836],
        "var": [0.0423936359584, 2.2071492672, 6.47390079498, 23.0532836914, 220.456130981, 657.782348633, 5405.41796875, 5191.04443359, 21613.7304688, 3132.42797852, 3681.64379883, 788.326171875, 6626.57080078, 2124.99511719, 1400.33740234, 7369.70214844, 2987.26025391, 708.625610352, 2455.50610352, 274.127380371, 3587.77416992, 6168.91015625, 497.451904297, 841.504333496, 814.771728516, 54.7846336365, 15.825255394, 1.47857487202, 0.0816731378436, 2.83248376846, 54.3232192993, 240.232406616, 656.592590332, 345.441772461, 515.239196777, 80.7852706909, 7.17599439621, 0.0991108492017, 5.3746287449e-05, 6.86674965777e-08]
    },
    "gfcc": {
        "mean": [-7.68866825104, 89.3092041016, -81.8245849609, 3.42120170593, -43.2224464417, 12.4857320786, -68.6093444824, 34.9157180786, -39.733291626, -4.6979932785, -5.88767242432, -7.99914073944, -11.7928657532],
        "cov": [[3395.38842773, -692.4296875, 293.359863281, 35.0539703369, -103.914375305, 160.196044922, -167.907577515, 239.960403442, -94.952583313, 26.1844463348, 78.48853302, 47.1111602783, -38.8482475281], [-692.4296875, 1326.26330566, -495.959838867, 165.278778076, 25.8841342926, -200.464584351, 245.387802124, -238.772155762, 81.3221893311, -0.959283709526, 61.8889198303, -15.0098848343, 108.47681427], [293.359863281, -495.959838867, 782.308410645, -162.360931396, 128.81578064, 208.425643921, -134.215988159, 182.574798584, -36.6575431824, -9.27773952484, -38.5473213196, -22.7286434174, -72.9447860718], [35.0539703369, 165.278778076, -162.360931396, 379.263458252, -75.5129623413, -61.110874176, 65.0177612305, -82.3122787476, 66.9716339111, 7.16244792938, -4.38240528107, 31.374464035, 19.6675014496], [-103.914375305, 25.8841342926, 128.81578064, -75.5129623413, 239.179534912, 47.3057861328, -16.6267166138, 89.3167419434, -13.4885311127, -1.03509223461, 35.6208381653, -0.816791832447, 2.80964493752], [160.196044922, -200.464584351, 208.425643921, -61.110874176, 47.3057861328, 264.696777344, 46.0934944153, 77.5188140869, -16.965379715, 1.67048406601, -55.5772895813, -35.8604164124, -40.7008018494], [-167.907577515, 245.387802124, -134.215988159, 65.0177612305, -16.6267166138, 46.0934944153, 202.333572388, -51.1707458496, 6.04917955399, 25.599029541, -30.2679920197, -15.0624580383, 16.2239246368], [239.960403442, -238.772155762, 182.574798584, -82.3122787476, 89.3167419434, 77.5188140869, -51.1707458496, 199.242279053, 8.89967346191, 10.7810993195, 24.6734695435, -21.8985023499, -20.1689491272], [-94.952583313, 81.3221893311, -36.6575431824, 66.9716339111, -13.4885311127, -16.965379715, 6.04917955399, 8.89967346191, 103.169326782, 20.5693340302, 5.50366401672, 13.7509584427, -5.7528629303], [26.1844463348, -0.959283709526, -9.27773952484, 7.16244792938, -1.03509223461, 1.67048406601, 25.599029541, 10.7810993195, 20.5693340302, 76.4008865356, 10.249622345, -6.34694433212, 2.5979373455], [78.48853302, 61.8889198303, -38.5473213196, -4.38240528107, 35.6208381653, -55.5772895813, -30.2679920197, 24.6734695435, 5.50366401672, 10.249622345, 123.573768616, 36.134601593, 20.6422080994], [47.1111602783, -15.0098848343, -22.7286434174, 31.374464035, -0.816791832447, -35.8604164124, -15.0624580383, -21.8985023499, 13.7509584427, -6.34694433212, 36.134601593, 97.5421981812, 22.0437278748], [-38.8482475281, 108.47681427, -72.9447860718, 19.6675014496, 2.80964493752, -40.7008018494, 16.2239246368, -20.1689491272, -5.7528629303, 2.5979373455, 20.6422080994, 22.0437278748, 80.9095840454]],
        "icov": [[0.000434017914813, -9.34820491238e-05, 1.8703070964e-05, -0.000316843041219, 0.000569831579924, -0.000390246103052, 0.000467474543257, -0.000795615429524, 0.00090369163081, -0.000409579341067, -0.000194951178855, -0.00048508978216, 0.00017874527839], [-9.34820491238e-05, 0.00244864798151, 9.19356316444e-05, 0.000351525202859, -0.00167809531558, 0.00133897387423, -0.00286623206921, 0.00297410343774, -0.00303347432055, 0.0018764421111, -0.00183437683154, 0.00267394771799, -0.00181890116073], [1.8703070964e-05, 9.19356316444e-05, 0.00247570383362, 8.27011754154e-05, -0.000657042430248, -0.00149405095726, 0.00162994058337, -0.000944090483245, 0.000589745352045, -0.000451604515547, 0.000868236820679, -0.000574158213567, 0.000798035471234], [-0.000316843041219, 0.000351525202859, 8.27011754154e-05, 0.00388109893538, -5.39982320333e-05, 0.00078525749268, -0.00161322462372, 0.00167272449471, -0.00321477209218, 0.00093952572206, -1.83183183253e-05, 5.48210955458e-05, -0.000623944331892], [0.000569831579924, -0.00167809531558, -0.000657042430248, -5.39982320333e-05, 0.00734871672466, -0.00150540133473, 0.00157962110825, -0.00463096564636, 0.00325501640327, -0.00103452976327, -0.000672500871588, -0.00235561118461, 0.000538620341104], [-0.000390246103052, 0.00133897387423, -0.00149405095726, 0.00078525749268, -0.00150540133473, 0.00794659554958, -0.00500021036714, 0.000147907310748, -0.00167805701494, 0.00176754442509, 0.00121340726037, 0.00172740023118, 0.000612560135778], [0.000467474543257, -0.00286623206921, 0.00162994058337, -0.00161322462372, 0.00157962110825, -0.00500021036714, 0.0117993615568, -0.00240207719617, 0.00447878520936, -0.00519945425913, 0.00311893154867, -0.00261547951959, 0.000796209438704], [-0.000795615429524, 0.00297410343774, -0.000944090483245, 0.00167272449471, -0.00463096564636, 0.000147907310748, -0.00240207719617, 0.0136588755995, -0.00724869361147, 0.0019836621359, -0.00432999478653, 0.00615015299991, -0.00265546469018], [0.00090369163081, -0.00303347432055, 0.000589745352045, -0.00321477209218, 0.00325501640327, -0.00167805701494, 0.00447878520936, -0.00724869361147, 0.0179111938924, -0.00621993280947, 0.00262413639575, -0.00620933854952, 0.00464736996219], [-0.000409579341067, 0.0018764421111, -0.000451604515547, 0.00093952572206, -0.00103452976327, 0.00176754442509, -0.00519945425913, 0.0019836621359, -0.00621993280947, 0.0170515459031, -0.00333361048251, 0.00406606169418, -0.00213288073428], [-0.000194951178855, -0.00183437683154, 0.000868236820679, -1.83183183253e-05, -0.000672500871588, 0.00121340726037, 0.00311893154867, -0.00432999478653, 0.00262413639575, -0.00333361048251, 0.0135294739157, -0.00573892937973, 0.000487418525154], [-0.00048508978216, 0.00267394771799, -0.000574158213567, 5.48210955458e-05, -0.00235561118461, 0.00172740023118, -0.00261547951959, 0.00615015299991, -0.00620933854952, 0.00406606169418, -0.00573892937973, 0.0167362410575, -0.00500825233757], [0.00017874527839, -0.00181890116073, 0.000798035471234, -0.000623944331892, 0.000538620341104, 0.000612560135778, 0.000796209438704, -0.00265546469018, 0.00464736996219, -0.00213288073428, 0.000487418525154, -0.00500825233757, 0.0168619733304]]
    },
    "melbands": {
        "dmean": [0.000628852227237, 0.000510202022269, 0.000514761661179, 0.000585188681725, 0.00059147173306, 0.000440156174591, 0.000473858759506, 0.000192167251953, 0.000115783659567, 5.27845040779e-05, 7.89512851043e-05, 5.00367859786e-05, 2.96693106066e-05, 4.47113525297e-05, 2.62725006905e-05, 1.46093025251e-05, 1.19441438073e-05, 1.37768065542e-05, 7.36369293008e-06, 9.69644224824e-06, 1.59157443704e-05, 1.60040981427e-05, 8.76848662301e-06, 3.60444369107e-06, 4.96128723171e-06, 5.53720519747e-06, 2.06360982702e-06, 1.40773261137e-06, 8.6539705535e-07, 3.31092934402e-07, 8.40683611614e-08, 3.24488489412e-08, 1.26646753529e-07, 4.872917998e-07, 9.48615024754e-07, 1.71387591763e-06, 3.02061130242e-06, 5.88271859669e-06, 5.72674161958e-06, 4.57463647763e-06],
        "dmean2": [0.000932216469664, 0.000796973938122, 0.000821831636131, 0.00089333060896, 0.000890079245437, 0.000664233171847, 0.000723095028661, 0.000288611452561, 0.000175693203346, 8.20468048914e-05, 0.000118601587019, 7.3531839007e-05, 4.79001173517e-05, 6.69627770549e-05, 4.1215964302e-05, 2.36977939494e-05, 1.88461490325e-05, 2.22533926717e-05, 1.19478327179e-05, 1.61273219419e-05, 2.44132679654e-05, 2.30812001973e-05, 1.32026088977e-05, 5.57504199605e-06, 7.43745476939e-06, 8.52973516885e-06, 3.149084705e-06, 2.25006056098e-06, 1.29523368742e-06, 5.18040792485e-07, 1.42759333244e-07, 5.65714657341e-08, 2.15050860675e-07, 8.23869527267e-07, 1.35400148338e-06, 2.42596001954e-06, 4.4457237891e-06, 9.14815518627e-06, 9.22424260352e-06, 7.13524332241e-06],
        "dvar": [2.95545328299e-06, 1.15586192351e-06, 9.89989757727e-07, 7.55114399453e-07, 1.35579455218e-06, 1.06671348021e-06, 1.84048769825e-06, 1.84583342389e-07, 1.11017506299e-07, 2.58512518059e-08, 8.13800369315e-08, 2.12625845819e-08, 1.47229339831e-08, 3.86951271025e-08, 2.12683950451e-08, 7.90372123305e-09, 1.44431555604e-09, 9.9115178287e-09, 6.12688288992e-10, 2.05402961306e-09, 4.49125048263e-09, 4.06167099953e-09, 8.44553094126e-10, 6.57172649632e-11, 2.78917139385e-10, 2.47891485117e-10, 3.78492515107e-11, 1.52841871104e-11, 4.20552915409e-12, 1.72931124715e-12, 2.16581635439e-13, 1.59870082667e-14, 1.11751164149e-13, 1.71164493169e-12, 8.75223157837e-12, 3.34461416895e-11, 7.58244161903e-11, 2.81445478034e-10, 3.98393318335e-10, 1.84669349257e-10],
        "dvar2": [6.47381375529e-06, 2.70589725915e-06, 2.64404525296e-06, 1.84604334663e-06, 2.98789177577e-06, 2.19335606744e-06, 3.68799010175e-06, 3.85601822472e-07, 2.31004364082e-07, 5.35981818928e-08, 1.63408188314e-07, 3.78579052551e-08, 3.52181039887e-08, 8.01188519972e-08, 5.23638270522e-08, 2.09165005316e-08, 2.89872947867e-09, 2.10996198291e-08, 1.41575196011e-09, 5.68385072341e-09, 1.01882369208e-08, 6.99869362464e-09, 1.70831548907e-09, 1.40669823012e-10, 4.57889420824e-10, 4.96269081385e-10, 8.84875228646e-11, 3.75310026113e-11, 6.88110159131e-12, 3.94361713424e-12, 5.46314729566e-13, 4.22486413801e-14, 2.83346208909e-13, 4.2145262974e-12, 1.75582395845e-11, 5.79511681698e-11, 1.54229268245e-10, 6.75854872068e-10, 1.07088127255e-09, 4.66206684369e-10],
        "max": [0.0152846584097, 0.0117425089702, 0.00940377172083, 0.0150386299938, 0.0181328374892, 0.0143551183864, 0.0188854839653, 0.00514477910474, 0.00560105917975, 0.00228810450062, 0.00786564312875, 0.00289516500197, 0.00301997503266, 0.00389280240051, 0.00331148551777, 0.00220829155296, 0.00103860825766, 0.0030275573954, 0.0005208842922, 0.000958377902862, 0.00135118782055, 0.00147057778668, 0.000850649434142, 0.000156711510499, 0.000514051876962, 0.000389692548197, 0.000119853488286, 9.1640460596e-05, 5.70811716898e-05, 3.29850554408e-05, 1.12089655886e-05, 1.89023899111e-06, 2.92870845442e-06, 1.6834197595e-05, 7.27743972675e-05, 0.000168664075318, 0.000157080459758, 0.00020807510009, 0.000253822800005, 0.000173078238731],
        "mean": [0.000803897099104, 0.00114228017628, 0.000917440105695, 0.0010055124294, 0.00113422458526, 0.000741199415643, 0.000796396343503, 0.000262845336692, 0.000162265001563, 7.40228861105e-05, 0.000123329242342, 7.6542251918e-05, 3.7072932173e-05, 6.15422250121e-05, 3.09945753543e-05, 1.75404584297e-05, 1.70964449353e-05, 1.70629937202e-05, 1.1273531527e-05, 1.41751534102e-05, 2.31246322073e-05, 2.51370238402e-05, 1.54858298629e-05, 5.8734990489e-06, 7.84477742855e-06, 9.60185388976e-06, 3.04715376842e-06, 1.92830043488e-06, 1.26749694118e-06, 3.53460450242e-07, 6.5235475688e-08, 2.43386413246e-08, 1.03759795422e-07, 4.28769595828e-07, 1.09725010589e-06, 2.02912565328e-06, 3.71044711756e-06, 6.8267449933e-06, 6.27052941127e-06, 5.2841046454e-06],
        "median": [0.000301882304484, 0.000734218454454, 0.000580638181418, 0.000529686920345, 0.000223157403525, 0.000167115591466, 0.000137219860335, 7.8146760643e-05, 4.29307547165e-05, 2.40061363002e-05, 4.40655057901e-05, 2.99711318803e-05, 1.3110296095e-05, 1.53048331413e-05, 8.03694911156e-06, 6.21521667199e-06, 6.63582204652e-06, 6.33810122963e-06, 6.54466066408e-06, 6.18711601419e-06, 7.90100784798e-06, 5.19470586369e-06, 3.46814340446e-06, 2.97133101412e-06, 2.82333576251e-06, 2.57222927758e-06, 1.02702983895e-06, 7.17129069017e-07, 4.33637268316e-07, 9.70157501001e-08, 2.97734104038e-09, 1.77427295078e-10, 7.56575868621e-09, 6.78595881709e-08, 2.46414685989e-07, 4.14924556935e-07, 7.86180351042e-07, 1.15561533676e-06, 9.26749464725e-07, 6.01169688252e-07],
        "min": [5.02790279818e-24, 1.87747751594e-24, 1.22338576554e-23, 3.69460165061e-23, 1.29169977887e-23, 1.90415481961e-23, 6.0450785876e-24, 1.45228440681e-23, 6.84865766516e-24, 4.74134000246e-24, 7.1984796113e-24, 2.09650782284e-23, 3.36270972398e-24, 4.31333760187e-24, 2.33478673025e-23, 1.2606198425e-23, 8.78143393613e-24, 9.59517866975e-24, 7.29553080189e-24, 4.18823136205e-24, 9.01787684867e-24, 9.49193413219e-24, 8.58131333511e-24, 1.04719817887e-23, 4.80698624598e-24, 7.97300928046e-24, 1.24942945613e-23, 7.44204988212e-24, 1.86136274426e-23, 1.34732709446e-23, 1.09936357838e-23, 1.17149260193e-23, 1.37974186238e-23, 1.44041725667e-23, 1.01797742988e-23, 1.02057727876e-23, 1.16033984422e-23, 7.71699551772e-24, 8.55184228055e-24, 1.01655677027e-23],
        "stdev": [0.00185426790267, 0.00139171851333, 0.00107620458584, 0.00127857190091, 0.00218490511179, 0.00157064758241, 0.00210746703669, 0.000530890771188, 0.000447142665507, 0.00019598378276, 0.000398794014473, 0.000197396730073, 0.000124244121253, 0.00025677040685, 0.000142740653246, 7.74811269366e-05, 5.10739228048e-05, 0.000104144077341, 2.67760915449e-05, 4.45064470114e-05, 8.32719815662e-05, 9.20381062315e-05, 5.97897305852e-05, 1.10755299829e-05, 2.61795175902e-05, 3.14282115141e-05, 8.3100521806e-06, 4.73295222037e-06, 3.16109117193e-06, 1.45141359553e-06, 4.64359516172e-07, 1.2239772218e-07, 3.23247405731e-07, 1.25380017835e-06, 3.40014025824e-06, 7.44261433283e-06, 1.0826352991e-05, 1.81402374437e-05, 1.9065268134e-05, 1.51106105477e-05],
        "var": [3.43830924976e-06, 1.93688038053e-06, 1.15821637792e-06, 1.63474612691e-06, 4.77381036035e-06, 2.46693389272e-06, 4.44141778644e-06, 2.81845018435e-07, 1.99936565082e-07, 3.84096416894e-08, 1.59036659397e-07, 3.89654672972e-08, 1.54366031069e-08, 6.59310472884e-08, 2.03748946603e-08, 6.00332539236e-09, 2.60854560175e-09, 1.08459881076e-08, 7.16959047686e-10, 1.98082394931e-09, 6.93422252951e-09, 8.47101322421e-09, 3.57481177993e-09, 1.22667362379e-10, 6.85367096409e-10, 9.87732562407e-10, 6.90569684769e-11, 2.24008363942e-11, 9.99249728101e-12, 2.10660135169e-12, 2.15629760141e-13, 1.49812040757e-14, 1.04488879842e-13, 1.57201497913e-12, 1.15609535833e-11, 5.53925065538e-11, 1.17209922323e-10, 3.29068244875e-10, 3.63484464749e-10, 2.2833056279e-10]
    },
    "melbands128": {
