{
"lowlevel": {
    "average_loudness": 0.921531677246,
    "barkbands_crest": {
        "dmean": 2.3764424324,
        "dmean2": 3.81024694443,
        "dvar": 5.67091798782,
        "dvar2": 13.8485574722,
        "max": 26.1531963348,
        "mean": 13.4252195358,
        "median": 13.0580434799,
        "min": 3.20718193054,
        "stdev": 4.94264125824,
        "var": 24.4297008514
    },
    "barkbands_flatness_db": {
        "dmean": 0.0220844428986,
        "dmean2": 0.0324336923659,
        "dvar": 0.000640815414954,
        "dvar2": 0.0012632557191,
        "max": 0.446326851845,
        "mean": 0.225966945291,
        "median": 0.226535573602,
        "min": 0.0453687161207,
        "stdev": 0.0654375627637,
        "var": 0.00428207498044
    },
    "barkbands_kurtosis": {
        "dmean": 4.17922925949,
        "dmean2": 6.20346975327,
        "dvar": 33.374382019,
        "dvar2": 69.8938903809,
        "max": 92.7159576416,
        "mean": 11.3438663483,
        "median": 8.36164093018,
        "min": -1.91284286976,
        "stdev": 12.4313364029,
        "var": 154.538116455
    },
    "barkbands_skewness": {
        "dmean": 0.562256813049,
        "dmean2": 0.810800552368,
        "dvar": 0.373590886593,
        "dvar2": 0.721231818199,
        "max": 9.37163066864,
        "mean": 2.11441445351,
        "median": 2.00137686729,
        "min": -2.9237279892,
        "stdev": 1.43262147903,
        "var": 2.05240440369
    },
    "barkbands_spread": {
        "dmean": 3.83916926384,
        "dmean2": 5.60627794266,
        "dvar": 71.1389694214,
        "dvar2": 130.050338745,
        "max": 95.8107910156,
        "mean": 12.3192892075,
        "median": 7.29071044922,
        "min": 0.999945938587,
        "stdev": 15.6849298477,
        "var": 246.01701355
    },
    "dissonance": {
        "dmean": 0.0445006713271,
        "dmean2": 0.0752722769976,
        "dvar": 0.00160948559642,
        "dvar2": 0.00405089883134,
        "max": 0.499579638243,
        "mean": 0.379844665527,
        "median": 0.383272349834,
        "min": 0.140024706721,
        "stdev": 0.0670695602894,
        "var": 0.00449832575396
    },
    "dynamic_complexity": 4.49315738678,
    "erbbands_crest": {
        "dmean": 3.08501887321,
        "dmean2": 4.81774044037,
        "dvar": 8.9198141098,
        "dvar2": 22.297618866,
        "max": 30.6429920197,
        "mean": 14.6863250732,
        "median": 14.3610525131,
        "min": 3.0348405838,
        "stdev": 5.45789766312,
        "var": 29.7886447906
    },
    "erbbands_flatness_db": {
        "dmean": 0.0195237416774,
        "dmean2": 0.0284895058721,
        "dvar": 0.000555552076548,
        "dvar2": 0.00107254320756,
        "max": 0.431523650885,
        "mean": 0.23231035471,
        "median": 0.234824582934,
        "min": 0.0820843875408,
        "stdev": 0.0599968358874,
        "var": 0.00359962042421
    },
    "erbbands_kurtosis": {
        "dmean": 2.95498275757,
        "dmean2": 4.50086736679,
        "dvar": 14.5381135941,
        "dvar2": 34.3337135315,
        "max": 63.3262786865,
        "mean": 6.6632437706,
        "median": 5.3106212616,
        "min": -1.82395219803,
        "stdev": 6.61913299561,
        "var": 43.8129196167
    },
    "erbbands_skewness": {
        "dmean": 0.501118063927,
        "dmean2": 0.725604236126,
        "dvar": 0.265763103962,
        "dvar2": 0.525537967682,
        "max": 5.69155693054,
        "mean": 1.58301639557,
        "median": 1.68891608715,
        "min": -3.40560865402,
        "stdev": 1.18341088295,
        "var": 1.40046131611
    },
    "erbbands_spread": {
        "dmean": 6.51363706589,
        "dmean2": 9.71136951447,
        "dvar": 144.210205078,
        "dvar2": 311.544372559,
        "max": 133.162414551,
        "mean": 22.7811374664,
        "median": 15.2117643356,
        "min": 1.74776303768,
        "stdev": 21.1437206268,
        "var": 447.056945801
    },
    "hfc": {
        "dmean": 4.72161769867,
        "dmean2": 6.38199424744,
        "dvar": 80.3525695801,
        "dvar2": 123.323692322,
        "max": 203.519607544,
        "mean": 18.5485935211,
        "median": 14.1188735962,
        "min": 1.20420649173e-16,
        "stdev": 21.3829746246,
        "var": 457.2315979
    },
    "loudness_ebu128": {
        "integrated": -11.4921922684,
        "loudness_range": 3.68841075897,
        "momentary": {
            "dmean": 0.828681945801,
            "dmean2": 0.669690191746,
            "dvar": 0.80043387413,
            "dvar2": 0.832474827766,
            "max": -8.11642837524,
            "mean": -13.0439729691,
            "median": -11.6534442902,
            "min": -26.0361652374,
            "stdev": 4.09193515778,
            "var": 16.7439346313
        },
        "short_term": {
            "dmean": 0.119163312018,
            "dmean2": 0.0740645825863,
            "dvar": 0.0119674932212,
            "dvar2": 0.00681007746607,
            "max": -9.99009227753,
            "mean": -11.8093557358,
            "median": -11.4504966736,
            "min": -16.8876495361,
            "stdev": 1.51982402802,
            "var": 2.30986523628
        }
    },
    "melbands_crest": {
        "dmean": 2.90229153633,
        "dmean2": 4.60538625717,
        "dvar": 7.78642463684,
        "dvar2": 19.9298591614,
        "max": 32.0611991882,
        "mean": 16.2999134064,
        "median": 15.6996135712,
        "min": 1.75677347183,
        "stdev": 5.34700775146,
        "var": 28.5904903412
    },
    "melbands_flatness_db": {
        "dmean": 0.0244541056454,
        "dmean2": 0.0347829461098,
        "dvar": 0.000927604269236,
        "dvar2": 0.00168433680665,
        "max": 0.587952792645,
        "mean": 0.288926750422,
        "median": 0.286684066057,
        "min": 0.00672578020021,
        "stdev": 0.0857371240854,
        "var": 0.00735085457563
    },
    "melbands_kurtosis": {
        "dmean": 7.44512796402,
        "dmean2": 11.0220851898,
        "dvar": 182.851242065,
        "dvar2": 389.468811035,
        "max": 352.492584229,
        "mean": 17.544046402,
        "median": 9.84690761566,
        "min": -1.87605822086,
        "stdev": 27.7125606537,
        "var": 767.986022949
    },
    "melbands_skewness": {
        "dmean": 0.682480335236,
        "dmean2": 1.02714240551,
        "dvar": 0.661735355854,
        "dvar2": 1.49154531956,
        "max": 15.5744256973,
        "mean": 2.31121516228,
        "median": 1.79958224297,
        "min": -1.13780879974,
        "stdev": 1.83096706867,
        "var": 3.35244059563
    },
    "melbands_spread": {
        "dmean": 4.93102359772,
        "dmean2": 7.09244346619,
        "dvar": 192.145584106,
        "dvar2": 303.147766113,
        "max": 253.920715332,
        "mean": 15.3752174377,
        "median": 8.57182884216,
        "min": 1.32962369919,
        "stdev": 28.5184230804,
        "var": 813.300476074
    },
    "pitch_salience": {
        "dmean": 0.0594640448689,
        "dmean2": 0.0943395420909,
        "dvar": 0.00382495927624,
        "dvar2": 0.00844338908792,
        "max": 0.864122450352,
        "mean": 0.518325448036,
        "median": 0.529118001461,
        "min": 0.118660137057,
        "stdev": 0.142126485705,
        "var": 0.0201999396086
    },
    "silence_rate_20dB": {
        "dmean": 0,
        "dmean2": 0,
        "dvar": 0,
        "dvar2": 0,
        "max": 1,
        "mean": 1,
        "median": 1,
        "min": 1,
        "stdev": 0,
        "var": 0
    },
    "silence_rate_30dB": {
        "dmean": 0,
        "dmean2": 0,
        "dvar": 0,
        "dvar2": 0,
        "max": 1,
        "mean": 1,
        "median": 1,
        "min": 1,
        "stdev": 0,
        "var": 0
    },
    "silence_rate_60dB": {
        "dmean": 0.0340557284653,
        "dmean2": 0.0681642144918,
        "dvar": 0.032895822078,
        "dvar2": 0.0743620619178,
        "max": 1,
        "mean": 0.168600156903,
        "median": 0,
        "min": 0,
        "stdev": 0.374398976564,
        "var": 0.140174597502
    },
    "spectral_centroid": {
        "dmean": 149.568557739,
        "dmean2": 207.439941406,
        "dvar": 171158.34375,
        "dvar2": 217018.15625,
        "max": 11233.6884766,
        "mean": 787.771484375,
        "median": 601.619689941,
        "min": 238.586242676,
        "stdev": 732.219970703,
        "var": 536146.0625
    },
    "spectral_complexity": {
        "dmean": 1.23993813992,
        "dmean2": 2.05499601364,
        "dvar": 1.72106993198,
        "dvar2": 3.79634046555,
        "max": 19,
        "mean": 8.3178653717,
        "median": 8,
        "min": 0,
        "stdev": 3.31652736664,
        "var": 10.9993534088
    },
    "spectral_decrease": {
        "dmean": 1.38993316856e-09,
        "dmean2": 2.03511962837e-09,
        "dvar": 3.36026076546e-18,
        "dvar2": 6.56474811873e-18,
        "max": -2.33614113594e-29,
        "mean": -5.92592153126e-09,
        "median": -5.78222802972e-09,
        "min": -2.33962484941e-08,
        "stdev": 4.80291850735e-09,
        "var": 2.30680258024e-17
    },
    "spectral_energy": {
        "dmean": 0.00553944660351,
        "dmean2": 0.00808876287192,
        "dvar": 5.21773508808e-05,
        "dvar2": 0.000102425736259,
        "max": 0.0927309021354,
        "mean": 0.0240481738001,
        "median": 0.0231985636055,
        "min": 1.10106689884e-20,
        "stdev": 0.0190598722547,
        "var": 0.000363278726581
    },
    "spectral_energyband_high": {
        "dmean": 0.000249543227255,
        "dmean2": 0.000339147693012,
        "dvar": 8.14910663394e-07,
        "dvar2": 1.16279011309e-06,
        "max": 0.0208541750908,
        "mean": 0.000651016132906,
        "median": 0.000161187315825,
        "min": 7.98747167569e-21,
        "stdev": 0.00198515411466,
        "var": 3.9408369048e-06
    },
    "spectral_energyband_low": {
        "dmean": 0.000224859555601,
        "dmean2": 0.000350493035512,
        "dvar": 1.95525771574e-07,
        "dvar2": 4.58918492541e-07,
        "max": 0.00717092258856,
        "mean": 0.000922685896512,
        "median": 0.000464894721517,
        "min": 6.55699922242e-23,
        "stdev": 0.00116346229333,
        "var": 1.35364439302e-06
    },
    "spectral_energyband_middle_high": {
        "dmean": 0.00133095984347,
        "dmean2": 0.00160175119527,
        "dvar": 7.13261169949e-06,
        "dvar2": 8.2397409642e-06,
        "max": 0.0614120401442,
        "mean": 0.00438983272761,
        "median": 0.00129108596593,
        "min": 1.75472816216e-21,
        "stdev": 0.00801705848426,
        "var": 6.42732338747e-05
    },
    "spectral_energyband_middle_low": {
        "dmean": 0.0050371051766,
        "dmean2": 0.00757031468675,
        "dvar": 4.60190312879e-05,
        "dvar2": 9.73605710897e-05,
        "max": 0.0871019512415,
        "mean": 0.0186267383397,
        "median": 0.0171049293131,
        "min": 2.51297737675e-22,
        "stdev": 0.0159219875932,
        "var": 0.000253509700997
    },
    "spectral_entropy": {
        "dmean": 0.228166416287,
        "dmean2": 0.321347594261,
        "dvar": 0.0823197364807,
        "dvar2": 0.138686776161,
        "max": 9.79638195038,
        "mean": 6.61819505692,
        "median": 6.54448127747,
        "min": 4.93647432327,
        "stdev": 0.775050938129,
        "var": 0.600703954697
    },
    "spectral_flux": {
        "dmean": 0.0217219982296,
        "dmean2": 0.0344018004835,
        "dvar": 0.000661659578327,
        "dvar2": 0.00169861747418,
        "max": 0.236417755485,
        "mean": 0.0567994378507,
        "median": 0.0493388809264,
        "min": 1.04931736911e-10,
        "stdev": 0.0365580581129,
        "var": 0.00133649166673
    },
    "spectral_kurtosis": {
        "dmean": 4.00035715103,
        "dmean2": 6.11171102524,
        "dvar": 106.261695862,
        "dvar2": 246.417633057,
        "max": 264.236633301,
        "mean": 12.7136182785,
        "median": 5.67937755585,
        "min": -1.2114893198,
        "stdev": 29.4212265015,
        "var": 865.608581543
    },
    "spectral_rms": {
        "dmean": 0.000563155044802,
        "dmean2": 0.000814749801066,
        "dvar": 4.4808487587e-07,
        "dvar2": 7.75585817792e-07,
        "max": 0.00951152853668,
        "mean": 0.00432941690087,
        "median": 0.00475738849491,
        "min": 3.27751671289e-12,
        "stdev": 0.00217204866931,
        "var": 4.71779549116e-06
    },
    "spectral_rolloff": {
        "dmean": 392.346832275,
        "dmean2": 631.820861816,
        "dvar": 1855747.375,
        "dvar2": 3271962.25,
        "max": 18798.4863281,
        "mean": 1334.86022949,
        "median": 710.595703125,
        "min": 172.265625,
        "stdev": 2306.28491211,
        "var": 5318950
    },
    "spectral_skewness": {
        "dmean": 0.359056323767,
        "dmean2": 0.506471276283,
        "dvar": 0.294732779264,
        "dvar2": 0.571548879147,
        "max": 13.2791776657,
        "mean": 2.61596632004,
        "median": 2.27918577194,
        "min": -0.223650455475,
        "stdev": 1.71518158913,
        "var": 2.94184803963
    },
    "spectral_spread": {
        "dmean": 830808.8125,
        "dmean2": 1151117.125,
        "dvar": 1.9391962153e+12,
        "dvar2": 2.94285842842e+12,
        "max": 40662444,
        "mean": 5779038.5,
        "median": 5624151,
        "min": 373350.1875,
        "stdev": 2873964.5,
        "var": 8.25967194931e+12
    },
    "spectral_strongpeak": {
        "dmean": 0.49476608634,
        "dmean2": 0.762612104416,
        "dvar": 0.642044365406,
        "dvar2": 1.58595299721,
        "max": 9.83886909485,
        "mean": 1.712266922,
        "median": 1.38113391399,
        "min": 0,
        "stdev": 1.52220642567,
        "var": 2.31711244583
    },
    "zerocrossingrate": {
        "dmean": 0.01109895017,
        "dmean2": 0.0113424221054,
        "dvar": 0.000628592446446,
        "dvar2": 0.000515343970619,
        "max": 0.49462890625,
        "mean": 0.0537800453603,
        "median": 0.037109375,
        "min": 0.0078125,
        "stdev": 0.0626269727945,
        "var": 0.0039221374318
    },
    "barkbands": {
        "dmean": [2.68085091193e-06, 0.000105189341411, 0.000103402897366, 0.000200216774829, 0.000971034518443, 0.00215205736458, 0.00166005874053, 0.000841543776914, 0.000830181408674, 0.000855085672811, 0.000386071158573, 0.000250206299825, 0.000195857835934, 0.00013850677351, 4.7794997954e-05, 2.39494947891e-05, 1.68492715602e-05, 2.24581690418e-05, 4.25838006777e-05, 1.69393351825e-05, 1.96823566512e-05, 2.95206646115e-05, 4.24364152423e-05, 7.79243637226e-05, 0.000112581481517, 2.82779928966e-05, 1.09150857952e-06],
        "dmean2": [4.64401591671e-06, 0.000174380504177, 0.000152482767589, 0.000347533583408, 0.00156746886205, 0.00323115056381, 0.00246107298881, 0.00119414064102, 0.00113898527343, 0.00109282706399, 0.000459618982859, 0.000334690208547, 0.000261975190369, 0.000196674925974, 6.95146663929e-05, 3.42428684235e-05, 2.33749415202e-05, 3.35995318892e-05, 6.34400494164e-05, 2.52545269177e-05, 3.13265736622e-05, 4.65692683065e-05, 6.34452517261e-05, 0.000118201205623, 0.000150834021042, 4.26766382589e-05, 1.64177652096e-06],
        "dvar": [4.32618108004e-11, 5.0189353118e-08, 7.19065837984e-08, 1.19449978797e-07, 5.41824056199e-06, 1.37636534419e-05, 1.76436005859e-05, 9.42992210184e-06, 4.88299383505e-06, 6.28886891718e-06, 9.04683815861e-07, 2.57498413703e-07, 3.59174549658e-07, 1.83634554674e-07, 1.91008613371e-08, 1.29468080701e-08, 7.31045002311e-09, 5.52969492418e-09, 1.38073685818e-08, 1.07219044754e-09, 2.57579801932e-09, 1.47999070776e-08, 2.78362684014e-08, 5.80889540913e-08, 1.5316608426e-07, 2.45967157753e-08, 2.55378704295e-11],
        "dvar2": [1.14318762789e-10, 1.29565364659e-07, 1.5607503201e-07, 3.39460882515e-07, 1.30114403873e-05, 2.91261148959e-05, 3.58243523806e-05, 1.88527938008e-05, 8.61299031385e-06, 7.81888957135e-06, 1.28600299831e-06, 4.05892762956e-07, 6.21856088401e-07, 3.83063024856e-07, 3.86758784998e-08, 2.34486989825e-08, 1.18095551116e-08, 1.13377813804e-08, 2.89172223944e-08, 2.1281600926e-09, 6.07501826622e-09, 3.1927758215e-08, 5.85227830641e-08, 1.24288860093e-07, 2.13295280105e-07, 4.7023625882e-08, 5.68817215552e-11],
        "max": [0.000139901967486, 0.00403437251225, 0.00510820187628, 0.00580129120499, 0.0431885607541, 0.054848767817, 0.0720154419541, 0.0535176284611, 0.0375769250095, 0.0558435693383, 0.015726223588, 0.00758765405044, 0.0139254275709, 0.0090277036652, 0.00281957886182, 0.00373388337903, 0.00357531011105, 0.00182425254025, 0.002537305234, 0.000583964923862, 0.000734033645131, 0.00230313558131, 0.0033951124642, 0.00510542374104, 0.00848146528006, 0.00298461131752, 9.50148096308e-05],
        "mean": [3.99306009058e-06, 0.000434950430645, 0.000312075339025, 0.00043060851749, 0.00261507648975, 0.00611986871809, 0.00421357480809, 0.00226407125592, 0.0022841708269, 0.00237574731, 0.000849939067848, 0.000581518106628, 0.00035478634527, 0.000284709676635, 8.52244702401e-05, 3.72256727132e-05, 2.99355706375e-05, 3.85307212127e-05, 6.97451032465e-05, 3.44317450072e-05, 3.28479945892e-05, 5.38351996511e-05, 8.24198505143e-05, 0.000161336603924, 0.000244542956352, 5.1497208915e-05, 1.54285737608e-06],
        "median": [8.99178075997e-07, 0.000153490560479, 0.000167699850863, 0.000181700539542, 0.000604764150921, 0.00162682891823, 0.000395095674321, 0.000112989022455, 0.000155138302944, 0.000103751299321, 7.54292268539e-05, 7.15108617442e-05, 3.49849105987e-05, 1.81653795153e-05, 1.12551842903e-05, 3.86542296837e-06, 3.34782134814e-06, 5.53523614144e-06, 1.2843524928e-05, 1.17368890642e-05, 9.31924114411e-06, 3.05810226564e-06, 1.40426254802e-05, 3.86172323488e-05, 3.71113346773e-05, 4.52790163763e-06, 4.40003553592e-08],
        "min": [6.91121417717e-23, 1.27674905034e-23, 1.71476872224e-23, 1.25609043984e-23, 4.10510561748e-23, 6.6629596503e-23, 6.18758828228e-23, 2.05187864821e-23, 3.24345872535e-23, 5.17226024176e-23, 1.39836071523e-23, 9.39417911991e-23, 5.20295955274e-23, 1.31364349112e-22, 2.06185054425e-22, 2.24343433395e-22, 2.52049288615e-22, 1.80105148815e-22, 3.41209806489e-22, 3.9131719096e-22, 4.13973806272e-22, 6.02015829806e-22, 5.56047024214e-22, 7.8862467609e-22, 1.48204047997e-21, 1.78796846354e-21, 2.31744099791e-21],
        "stdev": [1.23245417853e-05, 0.000625269720331, 0.000454928493127, 0.000713100715075, 0.00573962414637, 0.00868904497474, 0.00928523298353, 0.00654906732962, 0.00519376061857, 0.00692515773699, 0.00204375199974, 0.00123749766499, 0.00105462281499, 0.00080119719496, 0.000239350119955, 0.000168979371665, 0.00016030597908, 0.000121110642795, 0.000179666196345, 5.85666202824e-05, 7.37199952709e-05, 0.000207662465982, 0.00029588965117, 0.000455659494037, 0.000814386818092, 0.000272083911113, 7.76096749178e-06],
        "var": [1.51894330447e-10, 3.90962213714e-07, 2.06959924753e-07, 5.08512641773e-07, 3.29432878061e-05, 7.54995053285e-05, 8.62155502546e-05, 4.28902822023e-05, 2.69751471933e-05, 4.79578120576e-05, 4.17692217525e-06, 1.53140058501e-06, 1.11222925625e-06, 6.41916983568e-07, 5.72884779615e-08, 2.8554028475e-08, 2.56980072777e-08, 1.46677878732e-08, 3.22799422747e-08, 3.43004913361e-09, 5.43463718472e-09, 4.31237019427e-08, 8.75506884768e-08, 2.07625575399e-07, 6.6322593284e-07, 7.40296570712e-08, 6.02326105659e-11]
    },
    "erbbands": {
        "dmean": [0.00172704108991, 0.0288898833096, 0.102819412947, 0.359977781773, 1.58687496185, 4.15009069443, 9.83986186981, 19.671667099, 26.5024585724, 18.4375324249, 15.8098449707, 21.8545036316, 26.1163902283, 17.1863746643, 13.8146047592, 9.00158309937, 8.19061565399, 7.63843250275, 4.30572605133, 1.46905553341, 1.13124966621, 0.793775141239, 1.0812458992, 2.21600627899, 1.23914217949, 0.651523768902, 0.955018103123, 0.66302293539, 1.08304190636, 1.23549437523, 1.15358614922, 1.22419118881, 1.58049154282, 1.32742619514, 0.795379757881, 0.242472603917, 0.0262105744332, 0.0034839133732, 0.000114131486043, 1.01908226497e-05],
        "dmean2": [0.00293021812104, 0.0469319149852, 0.154733136296, 0.60517168045, 2.75028467178, 6.65796327591, 14.3408889771, 29.338508606, 39.2573356628, 26.6795272827, 21.2088832855, 29.8418521881, 32.9640808105, 21.8506393433, 15.8466529846, 11.557220459, 10.4156227112, 10.0187301636, 6.26956653595, 2.0171918869, 1.65615928173, 1.12780320644, 1.53570723534, 3.22274661064, 1.80515766144, 0.951977849007, 1.48854458332, 1.04000818729, 1.70505177975, 1.85838544369, 1.7075946331, 1.84923744202, 2.35820746422, 1.85704267025, 1.07517814636, 0.343130379915, 0.0359872952104, 0.00497065158561, 0.000156404683366, 1.4378087144e-05],
        "dvar": [1.43927309182e-05, 0.0037058130838, 0.0629911646247, 0.406435102224, 10.6253318787, 147.519882202, 473.273834229, 1519.95898438, 4209.03417969, 4291.43701172, 2299.49145508, 3478.86157227, 3740.48168945, 2482.76831055, 1029.95263672, 398.803222656, 584.642272949, 344.529785156, 196.559738159, 20.2890701294, 38.7686195374, 12.0886974335, 19.2405204773, 40.2205810547, 9.46468353271, 1.50152432919, 4.12951231003, 4.57692146301, 16.7307453156, 34.4032516479, 17.874578476, 20.3385467529, 19.4473800659, 14.1685533524, 11.752404213, 1.7648422718, 0.0136863989756, 0.000189390979358, 2.49590158319e-07, 4.78313944008e-10],
        "dvar2": [3.7391713704e-05, 0.00955244712532, 0.140167549253, 0.989773154259, 29.5627479553, 374.468322754, 948.893371582, 2993.11132812, 8420.76953125, 8674.38964844, 3986.24511719, 6193.71289062, 5036.41455078, 3386.84936523, 1220.97912598, 592.209838867, 925.901306152, 676.139892578, 411.788787842, 34.2040748596, 76.8456192017, 20.2868671417, 37.5184555054, 87.5015335083, 18.6676330566, 2.73730659485, 10.028213501, 10.1743049622, 37.8094749451, 70.0871963501, 34.9554634094, 43.4192771912, 39.9876174927, 22.0698184967, 17.0995979309, 3.21568036079, 0.0209808405489, 0.000326758541632, 4.77525020415e-07, 7.55987605849e-10],
        "max": [0.0972738489509, 1.1538053751, 4.4937620163, 13.2640523911, 58.8579444885, 207.661437988, 336.800323486, 693.92010498, 1032.21289062, 1169.56066895, 911.835876465, 1078.80175781, 1240.44189453, 793.297546387, 771.631408691, 380.003997803, 610.791564941, 302.77355957, 362.23260498, 128.565292358, 171.592483521, 129.488113403, 131.222396851, 114.572319031, 51.0156822205, 24.5849552155, 32.4407844543, 35.219203949, 64.577835083, 110.078140259, 89.9664306641, 101.11113739, 97.614692688, 89.8852005005, 66.8430557251, 28.4455623627, 2.51348805428, 0.26765781641, 0.0104717081413, 0.000457813643152],
        "mean": [0.00568249449134, 0.119937054813, 0.390291512012, 0.895862817764, 2.77108693123, 9.99347400665, 29.1582012177, 54.6583900452, 71.0832519531, 50.0228538513, 41.6569709778, 60.5123519897, 73.2112426758, 43.8024673462, 36.0805931091, 24.9322147369, 17.3558444977, 16.5188903809, 8.43160247803, 2.98514103889, 1.80740630627, 1.64700078964, 1.90263450146, 3.63749790192, 2.35662555695, 1.52881360054, 1.76009702682, 1.16139113903, 1.843998909, 2.3810377121, 2.3504793644, 2.47042798996, 3.2256770134, 2.89331245422, 1.61910247803, 0.441517233849, 0.0504437871277, 0.00616510026157, 0.000207969496842, 3.81984682463e-05],
        "median": [0.00166989001445, 0.0456134565175, 0.187200114131, 0.406924456358, 1.4054120779, 1.9215015173, 6.08262777328, 16.4879302979, 11.2546710968, 5.97467279434, 5.45257711411, 8.30842018127, 10.9408254623, 6.22269535065, 6.12191104889, 4.54774522781, 2.84927773476, 1.75964045525, 1.18210947514, 0.572681069374, 0.219700440764, 0.221204310656, 0.313373714685, 0.732491791248, 0.51193022728, 0.552920222282, 0.618579387665, 0.262259304523, 0.122661024332, 0.167520672083, 0.485751658678, 0.400325477123, 0.834655880928, 0.628408849239, 0.130210310221, 0.0261863972992, 0.00666118087247, 0.000815081351902, 4.03965095757e-05, 3.20733524859e-05],
        "min": [6.0195903182e-22, 2.69008566192e-21, 1.20058609693e-20, 5.15423477512e-20, 9.50756355437e-20, 1.32116007892e-19, 1.58654689054e-19, 6.4511686726e-19, 1.31301687353e-18, 3.15311917874e-19, 4.104427031e-19, 6.46921620261e-19, 1.54992481309e-18, 1.27046453147e-18, 2.07930355131e-18, 2.73066382274e-18, 2.44208222051e-18, 5.86347928466e-18, 7.82632800664e-18, 1.05043665988e-17, 1.40309551875e-17, 1.24393025246e-17, 1.30660862261e-17, 1.50849520327e-17, 1.88934040695e-17, 1.66248149174e-17, 1.37469807745e-17, 2.1604203977e-17, 1.85772920353e-17, 1.94811936497e-17, 1.46114391085e-17, 1.46716247699e-17, 1.54238727451e-17, 1.57494361449e-17, 1.07171315144e-17, 6.95798936835e-18, 3.36948589724e-18, 1.31761672152e-18, 2.93250416401e-19, 3.79958758157e-20],
        "stdev": [0.011641388759, 0.167948409915, 0.535752594471, 1.43154299259, 3.98639750481, 25.274679184, 52.851474762, 85.6705780029, 142.379730225, 127.529342651, 109.47592926, 138.941162109, 169.551757812, 111.748466492, 83.1929702759, 51.9973297119, 44.9897346497, 38.9068183899, 20.8560752869, 8.42467212677, 7.82542991638, 7.16881895065, 6.46372652054, 9.46368598938, 5.19737148285, 2.555747509, 3.20909428596, 3.24249744415, 6.68605136871, 10.1729192734, 7.86198425293, 8.18284797668, 8.4110660553, 7.86014080048, 6.76363706589, 2.35961723328, 0.221594065428, 0.0235401224345, 0.000861221982632, 4.71685598313e-05],
        "var": [0.000135521928314, 0.0282066706568, 0.287030845881, 2.04931521416, 15.8913650513, 638.809448242, 2793.27832031, 7339.44775391, 20271.9882812, 16263.7324219, 11984.9794922, 19304.6445312, 28747.7988281, 12487.7197266, 6921.0703125, 2703.72241211, 2024.07617188, 1513.74047852, 434.975891113, 70.9750976562, 61.2373542786, 51.3919677734, 41.7797584534, 89.5613555908, 27.012670517, 6.53184509277, 10.2982854843, 10.5137901306, 44.7032814026, 103.488288879, 61.8107948303, 66.9590072632, 70.7460327148, 61.7818107605, 45.7467842102, 5.56779336929, 0.0491039305925, 0.000554137397557, 7.41703331641e-07, 2.22487317458e-09]
    },
    "gfcc": {
        "mean": [-73.0870895386, 101.118614197, -86.4379653931, -8.96421051025, -90.5806655884, 14.2389612198, -48.1939201355, 8.22161960602, -38.7567596436, 2.55789589882, -3.50715661049, -10.3797340393, -4.38948154449],
        "cov": [[10862.5498047, -3320.23657227, -1180.29614258, 156.52583313, -762.052001953, 566.148803711, -715.021606445, 369.918914795, -310.422027588, 392.502075195, 55.0681915283, 188.298156738, -302.343170166], [-3320.23657227, 2580.36621094, 338.063964844, -374.041137695, 451.755279541, -267.550994873, 430.689239502, -191.856704712, 158.712554932, -230.696136475, 226.003753662, -162.714187622, 130.524230957], [-1180.29614258, 338.063964844, 958.664733887, 185.747268677, -74.082572937, 24.9478092194, 115.126838684, -107.852081299, 122.825462341, 17.4034328461, -87.1184310913, 76.4106063843, 26.4083461761], [156.52583313, -374.041137695, 185.747268677, 596.262390137, 93.0525741577, -12.3986701965, -104.265350342, 78.5439605713, 69.4965820312, 85.2029571533, -113.16783905, 18.4103279114, -17.0841331482], [-762.052001953, 451.755279541, -74.082572937, 93.0525741577, 365.972106934, -54.6180686951, 70.1073608398, 43.0006904602, 31.9305820465, 32.1375656128, 11.249502182, -69.1742477417, 1.30032229424], [566.148803711, -267.550994873, 24.9478092194, -12.3986701965, -54.6180686951, 268.335174561, 23.0584850311, 0.957890629768, -28.2494106293, 88.0708847046, -13.1041097641, 11.6626529694, -28.3166122437], [-715.021606445, 430.689239502, 115.126838684, -104.265350342, 70.1073608398, 23.0584850311, 279.667755127, -47.3163757324, 1.05695283413, -2.4198846817, 27.6027412415, -11.4052848816, -19.710100174], [369.918914795, -191.856704712, -107.852081299, 78.5439605713, 43.0006904602, 0.957890629768, -47.3163757324, 174.593429565, -1.37311351299, 35.4833030701, 4.14387893677, -3.65733194351, -4.67462015152], [-310.422027588, 158.712554932, 122.825462341, 69.4965820312, 31.9305820465, -28.2494106293, 1.05695283413, -1.37311351299, 163.438110352, -1.23517775536, -10.7408046722, 41.4762649536, 6.02232170105], [392.502075195, -230.696136475, 17.4034328461, 85.2029571533, 32.1375656128, 88.0708847046, -2.4198846817, 35.4833030701, -1.23517775536, 166.042739868, -31.2009544373, -16.4550533295, -35.1487236023], [55.0681915283, 226.003753662, -87.1184310913, -113.16783905, 11.249502182, -13.1041097641, 27.6027412415, 4.14387893677, -10.7408046722, -31.2009544373, 168.411254883, 10.5899868011, -12.362909317], [188.298156738, -162.714187622, 76.4106063843, 18.4103279114, -69.1742477417, 11.6626529694, -11.4052848816, -3.65733194351, 41.4762649536, -16.4550533295, 10.5899868011, 144.292358398, 14.0578517914], [-302.343170166, 130.524230957, 26.4083461761, -17.0841331482, 1.30032229424, -28.3166122437, -19.710100174, -4.67462015152, 6.02232170105, -35.1487236023, -12.362909317, 14.0578517914, 142.632568359]],
        "icov": [[0.000232854756177, -1.22843684949e-05, 0.00027599738678, -0.000111405737698, 0.000464283453766, -0.000266151822871, 0.00034601072548, -0.00021374305652, 0.000210606740438, -0.000417921575718, -0.000114570189908, -0.000315916724503, 0.000333451112965], [-1.22843684949e-05, 0.00260851997882, -0.00121863815002, 0.00119407218881, -0.00270882504992, 0.000933692208491, -0.00196611788124, 0.00134385598358, -0.00236857798882, 0.00223011593334, -0.00287266075611, 0.00329463044181, -0.00198619486764], [0.00027599738678, -0.00121863815002, 0.00253051985055, -0.00139259919524, 0.00242984364741, -0.000768666213844, 0.000284084497252, 3.82249636459e-05, 0.000392799411202, -0.0017026020214, 0.00155528227333, -0.0021494992543, 0.000841163098812], [-0.000111405737698, 0.00119407218881, -0.00139259919524, 0.00346162496135, -0.00248838542029, 0.000817080261186, 0.00026043591788, -0.000283159024548, -0.00140709022526, 0.00044356964645, 0.000135138951009, 0.00102281919681, -0.000365161278751], [0.000464283453766, -0.00270882504992, 0.00242984364741, -0.00248838542029, 0.00791754946113, -0.00063002447132, 0.000926750653889, -0.00226081721485, 0.00160831073299, -0.00394245330244, 0.00203283363953, -0.00201409962028, 0.00190706958529], [-0.000266151822871, 0.000933692208491, -0.000768666213844, 0.000817080261186, -0.00063002447132, 0.00572203332558, -0.00164068781305, 0.000792435545009, -0.000299547013128, -0.00174413283821, -0.000732207321562, 0.000847931951284, -0.000801630842034], [0.00034601072548, -0.00196611788124, 0.000284084497252, 0.00026043591788, 0.000926750653889, -0.00164068781305, 0.00714226113632, -0.000695233524311, 0.00249772029929, -0.0021136093419, 0.00168465077877, -0.00310016795993, 0.00296653294936], [-0.00021374305652, 0.00134385598358, 3.82249636459e-05, -0.000283159024548, -0.00226081721485, 0.000792435545009, -0.000695233524311, 0.0081591764465, -0.00143663247582, 0.000197965404368, -0.00204808986746, 0.00155553792138, -0.00159597129095], [0.000210606740438, -0.00236857798882, 0.000392799411202, -0.00140709022526, 0.00160831073299, -0.000299547013128, 0.00249772029929, -0.00143663247582, 0.0102277984843, -0.00241543585435, 0.00259551382624, -0.00565303582698, 0.00235166796483], [-0.000417921575718, 0.00223011593334, -0.0017026020214, 0.00044356964645, -0.00394245330244, -0.00174413283821, -0.0021136093419, 0.000197965404368, -0.00241543585435, 0.0116849690676, -0.0012728353031, 0.00418214546517, -0.000695241906215], [-0.000114570189908, -0.00287266075611, 0.00155528227333, 0.000135138951009, 0.00203283363953, -0.000732207321562, 0.00168465077877, -0.00204808986746, 0.00259551382624, -0.0012728353031, 0.0107661951333, -0.00479906704277, 0.00309886271134], [-0.000315916724503, 0.00329463044181, -0.0021494992543, 0.00102281919681, -0.00201409962028, 0.000847931951284, -0.00310016795993, 0.00155553792138, -0.00565303582698, 0.00418214546517, -0.00479906704277, 0.0136548690498, -0.00384734198451], [0.000333451112965, -0.00198619486764, 0.000841163098812, -0.000365161278751, 0.00190706958529, -0.000801630842034, 0.00296653294936, -0.00159597129095, 0.00235166796483, -0.000695241906215, 0.00309886271134, -0.00384734198451, 0.00989422574639]]
    },
    "melbands": {
        "dmean": [2.27390191867e-05, 4.62478674308e-05, 9.42097904044e-05, 0.000187412937521, 0.000306379573885, 0.000444299424998, 0.000376103707822, 0.000196624925593, 0.000127783205244, 0.000142742093885, 0.000137975104735, 7.9611367255e-05, 4.72862157039e-05, 2.79423784377e-05, 2.03966792469e-05, 2.06219574466e-05, 1.45407539094e-05, 8.81881169335e-06, 3.1454630971e-06, 1.97969848159e-06, 1.27194266497e-06, 9.68774998e-07, 8.70684971233e-07, 1.04633511455e-06, 2.05963578992e-06, 1.47359037328e-06, 5.31030707407e-07, 4.94060316214e-07, 7.38715243642e-07, 4.42971469283e-07, 4.0887277919e-07, 6.69031635425e-07, 6.37771563561e-07, 7.94898596723e-07, 7.43293469441e-07, 6.39858285467e-07, 8.87287114892e-07, 1.07613823275e-06, 1.43946306252e-06, 1.12952238851e-06],
        "dmean2": [3.82015459763e-05, 7.0620997576e-05, 0.000161614996614, 0.000314293429255, 0.000453459535493, 0.000664749415591, 0.000558288709726, 0.000282741209958, 0.00016865998623, 0.000195912914933, 0.000173494699993, 0.00010063094669, 5.525603774e-05, 3.69068620785e-05, 2.57048832282e-05, 2.73675723292e-05, 1.96115997824e-05, 1.29642367028e-05, 4.27686381954e-06, 2.77503318102e-06, 1.94061431102e-06, 1.3722579979e-06, 1.22731592e-06, 1.58489842761e-06, 3.01891736854e-06, 2.10513508137e-06, 7.90659953509e-07, 7.4389765814e-07, 1.16342437195e-06, 7.17978252851e-07, 6.44968679353e-07, 1.0449389265e-06, 9.93913090497e-07, 1.23506913496e-06, 1.11153417492e-06, 9.87221142168e-07, 1.36688822749e-06, 1.62692299455e-06, 2.13522571357e-06, 1.61010234478e-06],
        "dvar": [2.34982211467e-09, 1.01741903791e-08, 2.50380942646e-08, 2.50491837051e-07, 3.85219863119e-07, 6.5552058004e-07, 8.179414408e-07, 5.04961406023e-07, 1.37292374802e-07, 1.57991578931e-07, 1.09781282731e-07, 6.30704590776e-08, 1.26973569436e-08, 2.86290724461e-09, 2.65443111935e-09, 5.61446844571e-09, 1.54324231172e-09, 9.64481716714e-10, 1.01709529687e-10, 7.41085040556e-11, 6.28191387797e-11, 2.07887318471e-11, 1.07203846494e-11, 1.32264988892e-11, 3.79456084609e-11, 1.71817976513e-11, 2.71041804452e-12, 8.95977899078e-13, 2.30697036994e-12, 2.20107309115e-12, 1.81493058429e-12, 5.72810071944e-12, 1.1670403359e-11, 1.3141471418e-11, 6.85787321028e-12, 5.59457861982e-12, 1.12476711972e-11, 9.28206730227e-12, 1.39070161637e-11, 1.10177674276e-11],
        "dvar2": [6.20748030755e-09, 2.33780905745e-08, 7.29333393679e-08, 6.14132034116e-07, 7.81974506481e-07, 1.33575395012e-06, 1.68456438132e-06, 1.0508304058e-06, 2.24833627271e-07, 2.80854436596e-07, 1.44522232404e-07, 8.00575890025e-08, 1.65782818584e-08, 4.48239445561e-09, 3.64859942259e-09, 9.66890745246e-09, 3.07973402336e-09, 1.99070382401e-09, 1.81285819689e-10, 1.2229491031e-10, 1.24411703162e-10, 3.21172533013e-11, 2.21446246756e-11, 2.73644266968e-11, 8.34158644936e-11, 3.24957491471e-11, 6.13812386335e-12, 1.60111995277e-12, 5.51964030038e-12, 5.53456152436e-12, 3.94809705762e-12, 1.41509278254e-11, 2.48472301762e-11, 2.86127337101e-11, 1.44208048281e-11, 1.15777352983e-11, 2.68003709503e-11, 2.03886508371e-11, 2.72741933205e-11, 1.84437239786e-11],
        "max": [0.000822253059596, 0.00162956921849, 0.00202921405435, 0.00998104456812, 0.00918452721089, 0.0134667027742, 0.0162944793701, 0.0124182365835, 0.00651134317741, 0.00735315959901, 0.00707477191463, 0.00438740383834, 0.00209637754597, 0.000956240110099, 0.00118691904936, 0.00193045171909, 0.00063255202258, 0.000840576307382, 0.000310460920446, 0.000263716414338, 0.000197186789592, 0.000172396903508, 9.31801478146e-05, 7.29013918317e-05, 0.000107871412183, 9.03867330635e-05, 3.54190124199e-05, 1.90599639609e-05, 3.31542287313e-05, 2.31494977925e-05, 2.50123848673e-05, 3.02374173771e-05, 8.56192564243e-05, 6.52556846035e-05, 5.36992192792e-05, 4.59952825622e-05, 7.18481824151e-05, 5.97579819441e-05, 8.28776464914e-05, 7.24952042219e-05],
        "mean": [8.60125946929e-05, 0.000194303807802, 0.000207496981602, 0.000408750987845, 0.000930168025661, 0.00126111623831, 0.00101884745527, 0.000535915896762, 0.000310906674713, 0.000388642743928, 0.000374628609279, 0.000198558103875, 0.000109104708827, 7.64863725635e-05, 4.82135583297e-05, 3.88676744478e-05, 3.02986500174e-05, 1.52824359247e-05, 5.52556684852e-06, 3.32097897626e-06, 1.75642696831e-06, 1.92915649677e-06, 1.40802194437e-06, 1.72024772382e-06, 3.16970567837e-06, 2.42555097429e-06, 9.82223582469e-07, 1.0419149703e-06, 1.36302446663e-06, 6.42192276246e-07, 6.61442527417e-07, 1.0020079344e-06, 1.16493038149e-06, 1.41033501677e-06, 1.39161124935e-06, 1.22593667129e-06, 1.61000139087e-06, 2.03323952519e-06, 2.72938200396e-06, 2.33964715335e-06],
        "median": [2.89635136141e-05, 9.41880280152e-05, 0.000107649873826, 0.00011541841377, 0.000168551836396, 0.000416172784753, 0.000138747825986, 3.37115743605e-05, 3.31671290041e-05, 3.07489135594e-05, 3.9210102841e-05, 1.19200476547e-05, 1.16263281598e-05, 1.16698429338e-05, 4.88245632368e-06, 3.43092642652e-06, 2.29153170039e-06, 1.71524209236e-06, 7.5223630347e-07, 4.08237383454e-07, 1.81065246352e-07, 1.92978362179e-07, 2.02540022087e-07, 2.63755254082e-07, 5.21702418155e-07, 4.35613173977e-07, 2.17814147163e-07, 3.61279802519e-07, 4.6332880288e-07, 1.52497307226e-07, 1.11706931705e-07, 5.68901050713e-08, 3.71466128968e-08, 7.73612711669e-08, 2.77145090877e-07, 2.0509804699e-07, 2.3048443154e-07, 4.97461712712e-07, 7.43173984574e-07, 4.31217898722e-07],
        "min": [7.82015564716e-24, 6.31400324234e-24, 8.76093223006e-24, 9.95272435301e-24, 4.72067934092e-24, 1.66780609706e-23, 1.70433998107e-23, 3.44906553842e-24, 3.07081284803e-24, 4.6564928845e-24, 7.81158861773e-24, 5.31309455365e-24, 4.58461503426e-24, 1.0578585296e-23, 6.61946911751e-24, 4.38063217025e-24, 1.21908505366e-23, 1.12414130498e-23, 1.76871844623e-23, 1.20806671785e-23, 1.6106308786e-23, 1.08504677847e-23, 1.73843155173e-23, 8.35920402522e-24, 1.24970098205e-23, 1.32006627039e-23, 1.44805627013e-23, 1.04899031307e-23, 8.15259188781e-24, 9.38950133251e-24, 1.43133620548e-23, 1.08879899536e-23, 9.99551532395e-24, 1.01318959638e-23, 6.59018817843e-24, 1.09129187471e-23, 7.95228827106e-24, 1.21775290425e-23, 7.42568969581e-24, 1.64673925104e-23],
        "stdev": [0.000131394845084, 0.000244633236434, 0.000270377291599, 0.00087949790759, 0.00161572510842, 0.0018421811983, 0.00204361299984, 0.0014405825641, 0.000819979293738, 0.000935861491598, 0.000929842237383, 0.000585682631936, 0.00025440994068, 0.000150592924911, 0.000118885138363, 0.000135834576213, 8.23249138193e-05, 4.44668403361e-05, 1.84415002877e-05, 1.42618946484e-05, 9.46950513026e-06, 9.76427054411e-06, 5.18283468409e-06, 4.99595307701e-06, 8.81511732587e-06, 6.71705993227e-06, 2.5664135137e-06, 1.76410287622e-06, 2.63815104518e-06, 1.75722891527e-06, 2.01327611649e-06, 3.46004230778e-06, 5.4275869843e-06, 5.98888209424e-06, 4.59031389255e-06, 4.23986921305e-06, 5.50445065528e-06, 5.44930708202e-06, 6.94521941114e-06, 6.63350192553e-06],
        "var": [1.7264605745e-08, 5.98454192868e-08, 7.31038838353e-08, 7.73516603658e-07, 2.61056766249e-06, 3.39363168678e-06, 4.17635374106e-06, 2.07527796192e-06, 6.72366013532e-07, 8.75836747127e-07, 8.64606533924e-07, 3.43024169069e-07, 6.47244178253e-08, 2.26782272961e-08, 1.41336755632e-08, 1.84510327017e-08, 6.77739153687e-09, 1.97729987939e-09, 3.40088956996e-10, 2.03401628873e-10, 8.9671534087e-11, 9.53409851068e-11, 2.68617766919e-11, 2.49595465823e-11, 7.77062858504e-11, 4.5118891262e-11, 6.58647789087e-12, 3.11205900459e-12, 6.95984112356e-12, 3.08785332373e-12, 4.05328071454e-12, 1.19718922276e-11, 2.94587028382e-11, 3.58667089084e-11, 2.10709800302e-11, 1.79764900882e-11, 3.02989751344e-11, 2.96949478895e-11, 4.82360748566e-11, 4.40033495752e-11]
    },
    "melbands128": {
