{
"lowlevel": {
    "average_loudness": 0.970668852329,
    "barkbands_crest": {
        "dmean": 2.6778113842,
        "dmean2": 4.40713071823,
        "dvar": 8.29793739319,
        "dvar2": 22.7789134979,
        "max": 24.2393531799,
        "mean": 10.9265527725,
        "median": 10.2934417725,
        "min": 3.0579419136,
        "stdev": 3.78196978569,
        "var": 14.3032960892
    },
    "barkbands_flatness_db": {
        "dmean": 0.0258670691401,
        "dmean2": 0.0373681560159,
        "dvar": 0.000606535468251,
        "dvar2": 0.00140660558827,
        "max": 0.413028419018,
        "mean": 0.172888994217,
        "median": 0.168698728085,
        "min": 0.0395366661251,
        "stdev": 0.0537887997925,
        "var": 0.00289323506877
    },
    "barkbands_kurtosis": {
        "dmean": 6.04972934723,
        "dmean2": 9.93397808075,
        "dvar": 86.1432342529,
        "dvar2": 232.709335327,
        "max": 93.6293945312,
        "mean": 10.4863948822,
        "median": 6.83623790741,
        "min": -1.8874527216,
        "stdev": 12.0860233307,
        "var": 146.071960449
    },
    "barkbands_skewness": {
        "dmean": 0.756203830242,
        "dmean2": 1.16310203075,
        "dvar": 0.735352694988,
        "dvar2": 1.88496291637,
        "max": 8.73343658447,
        "mean": 2.52169704437,
        "median": 2.36762905121,
        "min": -1.88242089748,
        "stdev": 1.34713196754,
        "var": 1.81476461887
    },
    "barkbands_spread": {
        "dmean": 5.53087997437,
        "dmean2": 8.10530090332,
        "dvar": 61.8757133484,
        "dvar2": 117.562271118,
        "max": 98.6555633545,
        "mean": 15.6286325455,
        "median": 12.592716217,
        "min": 1.03844666481,
        "stdev": 12.3501653671,
        "var": 152.526580811
    },
    "dissonance": {
        "dmean": 0.0216089393944,
        "dmean2": 0.0348835289478,
        "dvar": 0.000668338208925,
        "dvar2": 0.00171735556796,
        "max": 0.499999910593,
        "mean": 0.455798000097,
        "median": 0.462777554989,
        "min": 0,
        "stdev": 0.0325139053166,
        "var": 0.00105715403333
    },
    "dynamic_complexity": 2.00540089607,
    "erbbands_crest": {
        "dmean": 2.69199466705,
        "dmean2": 4.2217206955,
        "dvar": 6.54551315308,
        "dvar2": 15.4741249084,
        "max": 29.846282959,
        "mean": 8.70380783081,
        "median": 7.63161373138,
        "min": 2.68772697449,
        "stdev": 4.32559585571,
        "var": 18.7107810974
    },
    "erbbands_flatness_db": {
        "dmean": 0.0188891142607,
        "dmean2": 0.0248465705663,
        "dvar": 0.000284732319415,
        "dvar2": 0.000498612876981,
        "max": 0.355526268482,
        "mean": 0.144319102168,
        "median": 0.141900986433,
        "min": 0.0584046244621,
        "stdev": 0.040071181953,
        "var": 0.00160569953732
    },
    "erbbands_kurtosis": {
        "dmean": 1.17791485786,
        "dmean2": 1.80932593346,
        "dvar": 2.57591581345,
        "dvar2": 6.04168748856,
        "max": 24.1032390594,
        "mean": 0.830040931702,
        "median": 0.0921714305878,
        "min": -1.8339548111,
        "stdev": 2.55471801758,
        "var": 6.52658414841
    },
    "erbbands_skewness": {
        "dmean": 0.410711795092,
        "dmean2": 0.617387652397,
        "dvar": 0.143532827497,
        "dvar2": 0.329144835472,
        "max": 3.35666012764,
        "mean": 0.595187366009,
        "median": 0.556057393551,
        "min": -1.64147138596,
        "stdev": 0.730728447437,
        "var": 0.533964037895
    },
    "erbbands_spread": {
        "dmean": 11.5507698059,
        "dmean2": 16.1061725616,
        "dvar": 174.384933472,
        "dvar2": 322.645874023,
        "max": 175.92590332,
        "mean": 45.5354881287,
        "median": 40.1625785828,
        "min": 2.85360312462,
        "stdev": 25.7416000366,
        "var": 662.630004883
    },
    "hfc": {
        "dmean": 5.57884120941,
        "dmean2": 7.43925666809,
        "dvar": 53.6137390137,
        "dvar2": 92.3257827759,
        "max": 76.3884658813,
        "mean": 17.0117664337,
        "median": 13.8062696457,
        "min": 1.07491611058e-16,
        "stdev": 12.8523340225,
        "var": 165.182495117
    },
    "loudness_ebu128": {
        "integrated": -8.34496879578,
        "loudness_range": 1.88987636566,
        "momentary": {
            "dmean": 0.648367106915,
            "dmean2": 1.01594233513,
            "dvar": 0.226214379072,
            "dvar2": 0.491663694382,
            "max": -5.60852909088,
            "mean": -8.53940486908,
            "median": -8.49486446381,
            "min": -12.3611068726,
            "stdev": 1.32643353939,
            "var": 1.75942587852
        },
        "short_term": {
            "dmean": 0.0775466933846,
            "dmean2": 0.0796738341451,
            "dvar": 0.00313200848177,
            "dvar2": 0.00441061938182,
            "max": -6.83971977234,
            "mean": -8.33235645294,
            "median": -8.46298789978,
            "min": -10.3104724884,
            "stdev": 0.691047906876,
            "var": 0.477547228336
        }
    },
    "melbands_crest": {
        "dmean": 3.12672805786,
        "dmean2": 5.01484918594,
        "dvar": 10.0383663177,
        "dvar2": 25.908908844,
        "max": 31.0402603149,
        "mean": 15.7608652115,
        "median": 15.4107980728,
        "min": 2.00922727585,
        "stdev": 4.83411836624,
        "var": 23.3686981201
    },
    "melbands_flatness_db": {
        "dmean": 0.0305633246899,
        "dmean2": 0.0438726618886,
        "dvar": 0.000969455228187,
        "dvar2": 0.00215081241913,
        "max": 0.541244864464,
        "mean": 0.253573209047,
        "median": 0.251732438803,
        "min": 0.00624556280673,
        "stdev": 0.0680284127593,
        "var": 0.00462786480784
    },
    "melbands_kurtosis": {
        "dmean": 15.1006164551,
        "dmean2": 24.0423774719,
        "dvar": 568.156555176,
        "dvar2": 1451.05688477,
        "max": 248.825622559,
        "mean": 28.0083904266,
        "median": 18.1654968262,
        "min": -1.25609481335,
        "stdev": 30.9608535767,
        "var": 958.574462891
    },
    "melbands_skewness": {
        "dmean": 1.06331157684,
        "dmean2": 1.58003890514,
        "dvar": 1.43585431576,
        "dvar2": 3.45771121979,
        "max": 12.7736005783,
        "mean": 3.7837896347,
        "median": 3.45076942444,
        "min": -0.156646639109,
        "stdev": 1.97210037708,
        "var": 3.88917970657
    },
    "melbands_spread": {
        "dmean": 4.65090990067,
        "dmean2": 6.82677698135,
        "dvar": 46.1122627258,
        "dvar2": 86.7672805786,
        "max": 126.493736267,
        "mean": 12.6616010666,
        "median": 9.91782951355,
        "min": 0.973852455616,
        "stdev": 10.0440635681,
        "var": 100.883209229
    },
    "pitch_salience": {
        "dmean": 0.074975438416,
        "dmean2": 0.118295826018,
        "dvar": 0.00513545004651,
        "dvar2": 0.013786832802,
        "max": 0.820307374001,
        "mean": 0.526001095772,
        "median": 0.531498670578,
        "min": 0.140687063336,
        "stdev": 0.123099535704,
        "var": 0.0151534965262
    },
    "silence_rate_20dB": {
        "dmean": 0,
        "dmean2": 0,
        "dvar": 0,
        "dvar2": 0,
        "max": 1,
        "mean": 1,
        "median": 1,
        "min": 1,
        "stdev": 0,
        "var": 0
    },
    "silence_rate_30dB": {
        "dmean": 0.0696594417095,
        "dmean2": 0.139426797628,
        "dvar": 0.0648068189621,
        "dvar2": 0.166462346911,
        "max": 1,
        "mean": 0.95204949379,
        "median": 1,
        "min": 0,
        "stdev": 0.213662236929,
        "var": 0.0456515513361
    },
    "silence_rate_60dB": {
        "dmean": 0.00696594407782,
        "dmean2": 0.0139426803216,
        "dvar": 0.00691752973944,
        "dvar2": 0.0183959882706,
        "max": 1,
        "mean": 0.00618716143072,
        "median": 0,
        "min": 0,
        "stdev": 0.0784152448177,
        "var": 0.00614895066246
    },
    "spectral_centroid": {
        "dmean": 236.170257568,
        "dmean2": 350.560638428,
        "dvar": 152460.28125,
        "dvar2": 246396.40625,
        "max": 11170.0761719,
        "mean": 871.045898438,
        "median": 761.079589844,
        "min": 170.643066406,
        "stdev": 534.612365723,
        "var": 285810.40625
    },
    "spectral_complexity": {
        "dmean": 3.48219823837,
        "dmean2": 5.09217643738,
        "dvar": 14.2992286682,
        "dvar2": 28.994644165,
        "max": 50,
        "mean": 15.6604795456,
        "median": 14,
        "min": 0,
        "stdev": 7.53245258331,
        "var": 56.7378387451
    },
    "spectral_decrease": {
        "dmean": 4.39350644754e-09,
        "dmean2": 6.73635947024e-09,
        "dvar": 4.71523190878e-17,
        "dvar2": 1.16611250842e-16,
        "max": 4.56821103622e-29,
        "mean": -1.12301163924e-08,
        "median": -9.23456333624e-09,
        "min": -4.88968865398e-08,
        "stdev": 8.43504910364e-09,
        "var": 7.11500462679e-17
    },
    "spectral_energy": {
        "dmean": 0.0169063359499,
        "dmean2": 0.0257785040885,
        "dvar": 0.000687725492753,
        "dvar2": 0.00169276632369,
        "max": 0.186333954334,
        "mean": 0.0439281128347,
        "median": 0.036087743938,
        "min": 9.577391169e-21,
        "stdev": 0.0325061827898,
        "var": 0.00105665193405
    },
    "spectral_energyband_high": {
        "dmean": 0.000415456772316,
        "dmean2": 0.000561567663681,
        "dvar": 5.32776141426e-07,
        "dvar2": 1.02583624084e-06,
        "max": 0.00739746633917,
        "mean": 0.000644933315925,
        "median": 0.000244493334321,
        "min": 6.82267939639e-21,
        "stdev": 0.00102734472603,
        "var": 1.05543711015e-06
    },
    "spectral_energyband_low": {
        "dmean": 0.0115890195593,
        "dmean2": 0.01855295524,
        "dvar": 0.000479264155729,
        "dvar2": 0.00123480556067,
        "max": 0.172575518489,
        "mean": 0.0250153597444,
        "median": 0.01919763349,
        "min": 4.83079391032e-23,
        "stdev": 0.0257126912475,
        "var": 0.000661142519675
    },
    "spectral_energyband_middle_high": {
        "dmean": 0.00124918611255,
        "dmean2": 0.00178311590571,
        "dvar": 3.48055073118e-06,
        "dvar2": 7.38708558856e-06,
        "max": 0.0310182180256,
        "mean": 0.00346271996386,
        "median": 0.00186995358672,
        "min": 1.41556058403e-21,
        "stdev": 0.00395523151383,
        "var": 1.56438563863e-05
    },
    "spectral_energyband_middle_low": {
        "dmean": 0.0083014620468,
        "dmean2": 0.0130350394174,
        "dvar": 0.000323425017996,
        "dvar2": 0.00081338651944,
        "max": 0.164978697896,
        "mean": 0.0167717318982,
        "median": 0.0116060562432,
        "min": 2.10996689428e-22,
        "stdev": 0.0188909564167,
        "var": 0.000356868258677
    },
    "spectral_entropy": {
        "dmean": 0.218593627214,
        "dmean2": 0.284157603979,
        "dvar": 0.0433412715793,
        "dvar2": 0.073767028749,
        "max": 9.81052970886,
        "mean": 7.38229608536,
        "median": 7.40412712097,
        "min": 5.28641033173,
        "stdev": 0.474299818277,
        "var": 0.224960312247
    },
    "spectral_flux": {
        "dmean": 0.0360740311444,
        "dmean2": 0.055244486779,
        "dvar": 0.00228894362226,
        "dvar2": 0.00483319908381,
        "max": 0.363252490759,
        "mean": 0.0964185371995,
        "median": 0.0776408463717,
        "min": 9.78641473415e-11,
        "stdev": 0.0648467987776,
        "var": 0.00420510722324
    },
    "spectral_kurtosis": {
        "dmean": 1.82013714314,
        "dmean2": 2.66876029968,
        "dvar": 5.64802408218,
        "dvar2": 12.6289625168,
        "max": 47.8673858643,
        "mean": 5.04933023453,
        "median": 4.17195987701,
        "min": -1.19398748875,
        "stdev": 4.21701383591,
        "var": 17.7832069397
    },
    "spectral_rms": {
        "dmean": 0.00114308786578,
        "dmean2": 0.00165208801627,
        "dvar": 2.29271881835e-06,
        "dvar2": 5.05971365783e-06,
        "max": 0.0134829236194,
        "mean": 0.00613108603284,
        "median": 0.0059335953556,
        "min": 3.05676230855e-12,
        "stdev": 0.00229487987235,
        "var": 5.2664740906e-06
    },
    "spectral_rolloff": {
        "dmean": 386.713623047,
        "dmean2": 640.543395996,
        "dvar": 1324966.5,
        "dvar2": 2437531.5,
        "max": 19164.5507812,
        "mean": 795.595214844,
        "median": 452.197265625,
        "min": 86.1328125,
        "stdev": 1361.15734863,
        "var": 1852749.375
    },
    "spectral_skewness": {
        "dmean": 0.289271384478,
        "dmean2": 0.40418690443,
        "dvar": 0.098506629467,
        "dvar2": 0.213329970837,
        "max": 5.61692285538,
        "mean": 1.79740524292,
        "median": 1.74933445454,
        "min": 0.0153040401638,
        "stdev": 0.612871050835,
        "var": 0.375610947609
    },
    "spectral_spread": {
        "dmean": 790931.375,
        "dmean2": 1002420.0625,
        "dvar": 1.56314999194e+12,
        "dvar2": 1.63326866227e+12,
        "max": 40061980,
        "mean": 5243926.5,
        "median": 4758755,
        "min": 1464310.125,
        "stdev": 2365004.5,
        "var": 5.59324646605e+12
    },
    "spectral_strongpeak": {
        "dmean": 0.281906962395,
        "dmean2": 0.482290148735,
        "dvar": 0.252672851086,
        "dvar2": 0.637538731098,
        "max": 5.28144073486,
        "mean": 0.514039039612,
        "median": 0.362462699413,
        "min": 0,
        "stdev": 0.580147862434,
        "var": 0.336571544409
    },
    "zerocrossingrate": {
        "dmean": 0.0105717424303,
        "dmean2": 0.0120330499485,
        "dvar": 0.000409611471696,
        "dvar2": 0.000434783927631,
        "max": 0.5126953125,
        "mean": 0.0416409857571,
        "median": 0.0341796875,
        "min": 0.001953125,
        "stdev": 0.0338162742555,
        "var": 0.00114354037214
    },
    "barkbands": {
        "dmean": [0.00181420682929, 0.00905569456518, 0.00248546851799, 0.00293906475417, 0.00469549465925, 0.0010628887685, 0.000967849162407, 0.000570631120354, 0.000742235279176, 0.000429099047324, 0.000214861735003, 0.000387969863368, 0.000278869702015, 0.000213134029764, 0.000236185936956, 0.00010660476255, 7.49450991862e-05, 0.000116748866276, 9.00254235603e-05, 0.000110371162009, 0.000130577231175, 5.95115525357e-05, 5.00654059579e-05, 7.90526610217e-05, 7.41419498809e-05, 1.78432783287e-05, 7.37597133593e-07],
        "dmean2": [0.00222951523028, 0.0151341166347, 0.00395089201629, 0.00474700843915, 0.00760275078937, 0.00168874242809, 0.00143862655386, 0.000946142245084, 0.00106444535777, 0.000664398947265, 0.000345928885508, 0.000602443062235, 0.000435666413978, 0.000335099699441, 0.000352592993295, 0.000172431769897, 0.000109815380711, 0.00017447549908, 0.000135919224704, 0.000174834625795, 0.000219052148168, 8.58720013639e-05, 6.59225988784e-05, 0.000101502089819, 9.70739783952e-05, 2.34298004216e-05, 1.16550450002e-06],
        "dvar": [1.50771265908e-05, 0.000440360629, 1.54312056111e-05, 4.0194579924e-05, 0.00014806172112, 3.74212800125e-06, 2.33396667682e-06, 1.64532457347e-06, 2.8368481253e-06, 1.50423159084e-06, 3.28880162215e-07, 6.19290517534e-07, 5.42514385415e-07, 2.17603727037e-07, 2.18162071519e-07, 6.68070683219e-08, 2.41698110415e-08, 3.85111320611e-08, 2.43162876501e-08, 4.22749124596e-08, 9.95680125015e-08, 1.90744291473e-08, 9.87156578702e-09, 2.29819026032e-08, 2.96008924039e-08, 1.61026036949e-09, 5.48195646863e-12],
        "dvar2": [2.42606565735e-05, 0.00119973986875, 4.04944003094e-05, 9.9462493381e-05, 0.000392951304093, 9.53225116973e-06, 5.63843195778e-06, 3.90494506064e-06, 5.69232997805e-06, 3.70917314285e-06, 9.18384898796e-07, 1.4750671653e-06, 1.11682243187e-06, 4.8169118827e-07, 4.78121080505e-07, 1.596892929e-07, 4.99946715138e-08, 7.61893446111e-08, 5.43105365125e-08, 1.05267744743e-07, 2.68527656999e-07, 3.86574363631e-08, 1.67508797944e-08, 3.69847725779e-08, 4.51314292604e-08, 2.71487787806e-09, 1.15739405906e-11],
        "max": [0.0373196899891, 0.161434203386, 0.0351409912109, 0.0617502443492, 0.11914832145, 0.0216183066368, 0.0262026898563, 0.0176211968064, 0.0334553867579, 0.0236810706556, 0.011402447708, 0.0130733372644, 0.0158141795546, 0.00574364699423, 0.00690938392654, 0.00424782978371, 0.00347768492065, 0.00305493292399, 0.00266776396893, 0.00238850410096, 0.00328165525571, 0.00158320507035, 0.00116955291014, 0.00178406876512, 0.00313762109727, 0.000826210191008, 5.62662353332e-05],
        "mean": [0.00290135364048, 0.0148316081613, 0.00535109452903, 0.00461296318099, 0.00627890182659, 0.00185195438098, 0.00195200997405, 0.000832114426885, 0.00114980479702, 0.000623448344413, 0.00032883300446, 0.00061646476388, 0.000425130652729, 0.000345228414517, 0.000407979096053, 0.000167747726664, 0.00014763942454, 0.00021375430515, 0.000161054878845, 0.000160980795044, 0.000132010303787, 8.22540096124e-05, 8.09664052213e-05, 0.00012467619672, 0.000120047676319, 2.7252261134e-05, 8.36533558868e-07],
        "median": [8.00078414613e-05, 0.00872139818966, 0.00377844553441, 0.00240726582706, 0.00286232167855, 0.00110181723721, 0.00115959241521, 0.000234314997215, 0.000295513309538, 0.000135900059831, 8.68679053383e-05, 0.000265223148745, 0.000138319446705, 0.000119209296827, 0.000130511631141, 6.97667492204e-05, 5.41401277587e-05, 7.72912462708e-05, 7.04142730683e-05, 6.2573060859e-05, 3.01772724924e-05, 1.85006065294e-05, 2.55862341874e-05, 4.35342990386e-05, 3.62057362508e-05, 4.53693928648e-06, 5.49138583494e-08],
        "min": [1.71262775374e-23, 1.82820944477e-23, 1.35878009263e-23, 7.69428263454e-24, 2.69816178006e-23, 7.90265014523e-23, 2.11859703259e-23, 3.33136023384e-23, 3.61290279764e-23, 6.78055293663e-23, 5.20660945438e-23, 6.12391395437e-23, 4.06166020753e-23, 1.46662873797e-22, 1.52980109791e-22, 6.95745278582e-23, 1.30086419689e-22, 2.800248964e-22, 2.85323795007e-22, 2.9476637169e-22, 3.71439637953e-22, 4.1123573949e-22, 7.36869342256e-22, 7.48965394588e-22, 1.0617728511e-21, 1.44661832817e-21, 2.11800100715e-21],
        "stdev": [0.00642588268965, 0.0208552740514, 0.00524462293833, 0.00675187539309, 0.0118158897385, 0.00248585292138, 0.00240145251155, 0.00169349578209, 0.00251485663466, 0.00157131708693, 0.000819492095616, 0.00105166446883, 0.00096701993607, 0.000658500823192, 0.000753806030843, 0.000320314604323, 0.000310511124553, 0.000345340959029, 0.000248608354013, 0.000253957463428, 0.000287553528324, 0.00017852181918, 0.000146524282172, 0.000225316631258, 0.000259719701717, 6.48649292998e-05, 3.1521915389e-06],
        "var": [4.12919689552e-05, 0.000434942427091, 2.75060720014e-05, 4.55878216599e-05, 0.000139615251101, 6.17946443526e-06, 5.76697402721e-06, 2.86792783299e-06, 6.32450337434e-06, 2.46903732659e-06, 6.71567306654e-07, 1.10599819436e-06, 9.35127559387e-07, 4.33623313256e-07, 5.68223526898e-07, 1.02601447338e-07, 9.64171533724e-08, 1.19260377573e-07, 6.18061193336e-08, 6.44943867201e-08, 8.26870234505e-08, 3.18700408286e-08, 2.14693667289e-08, 5.07675856909e-08, 6.74543230161e-08, 4.20745882579e-09, 9.93631132234e-12]
    },
    "erbbands": {
        "dmean": [0.323466330767, 1.89502930641, 2.81736040115, 6.68195486069, 15.6247901917, 14.6335363388, 9.99516677856, 8.57460403442, 11.1705026627, 16.1948776245, 11.508482933, 14.8348064423, 14.8106584549, 13.3527040482, 10.3337697983, 13.2820482254, 12.5321264267, 10.148645401, 11.7242441177, 8.6989440918, 5.25242233276, 4.03647851944, 5.39060354233, 5.6844830513, 4.21540689468, 5.1797504425, 5.68955612183, 4.20708417892, 2.20837903023, 1.69968903065, 1.39922940731, 1.44609487057, 1.45949971676, 1.08018708229, 0.390150099993, 0.112772971392, 0.0288176927716, 0.00312391179614, 8.73840108397e-05, 2.05236283364e-05],
        "dmean2": [0.537765204906, 3.17764735222, 4.38001394272, 10.6963129044, 25.4341564178, 24.6991558075, 16.5423355103, 13.5008230209, 17.6169052124, 23.9293479919, 19.3374481201, 21.1451854706, 22.1836261749, 21.1271419525, 16.5309276581, 20.5530605316, 19.1730766296, 15.9943990707, 17.3708572388, 12.964348793, 8.57004737854, 5.99967098236, 7.85104894638, 8.60910892487, 6.39267587662, 8.26115894318, 9.63679218292, 6.76911497116, 3.2023935318, 2.34969949722, 1.83459770679, 1.84617877007, 1.86672139168, 1.4466356039, 0.493061482906, 0.146824732423, 0.0386092439294, 0.00428197067231, 0.00012010345381, 3.00076353597e-05],
        "dvar": [0.625137984753, 18.84907341, 23.2536468506, 148.210479736, 2278.81298828, 1064.08581543, 235.292694092, 358.801605225, 244.062210083, 928.342590332, 720.195556641, 1106.12512207, 1169.04040527, 2002.38415527, 419.140533447, 739.292358398, 1296.89587402, 420.169586182, 591.301452637, 280.045928955, 171.148498535, 63.5869522095, 102.361724854, 97.920753479, 46.6171073914, 95.1027450562, 200.853149414, 91.2436294556, 24.5803451538, 14.2525997162, 7.31168889999, 7.67437601089, 8.10220909119, 6.18566846848, 0.872103214264, 0.0712236389518, 0.00409842841327, 5.91303723922e-05, 5.70606282224e-08, 9.03425945165e-10],
        "dvar2": [1.65615260601, 52.0592880249, 61.0954399109, 363.454589844, 5896.75927734, 3003.7578125, 628.668457031, 891.724121094, 625.188293457, 1976.73706055, 1767.55407715, 2245.93237305, 2503.16137695, 5010.65722656, 1114.51123047, 1736.0994873, 2559.23339844, 993.46496582, 1233.32019043, 578.44342041, 423.345611572, 121.724403381, 189.831924438, 219.126022339, 109.575561523, 232.683364868, 561.520751953, 226.652282715, 49.0759963989, 25.3728408813, 12.6313972473, 12.5495147705, 13.2487850189, 9.75639533997, 1.38827753067, 0.113185226917, 0.0078131230548, 0.00010894281877, 1.0616119539e-07, 2.12366280117e-09],
        "max": [5.43669843674, 32.7783546448, 47.1782341003, 108.352005005, 416.63092041, 343.948547363, 208.855316162, 268.217315674, 249.954986572, 487.357208252, 358.314300537, 496.653442383, 601.85369873, 975.437011719, 263.682159424, 406.447906494, 849.102966309, 330.655853271, 380.391723633, 267.91519165, 233.455841064, 180.92098999, 205.27166748, 122.053283691, 104.572555542, 127.189125061, 125.368278503, 97.8458099365, 55.9897079468, 49.4576416016, 31.8958435059, 40.0209465027, 37.3835830688, 42.570930481, 18.6604003906, 5.49484348297, 1.61316657066, 0.166364252567, 0.00653105322272, 0.000227988726692],
        "mean": [0.416705608368, 3.28344869614, 6.82982969284, 11.847864151, 18.2974910736, 20.9520587921, 17.1864585876, 15.7660570145, 21.2210865021, 31.5211029053, 17.8215713501, 23.1617202759, 22.5325088501, 21.0820484161, 17.6455497742, 22.2997398376, 20.4137096405, 17.8345966339, 22.100479126, 15.4549331665, 9.26615333557, 8.44499111176, 10.9239168167, 10.6037521362, 7.40813159943, 7.74168920517, 5.70238304138, 4.70171642303, 3.01545596123, 2.63073825836, 2.23074197769, 2.21067285538, 2.31364655495, 1.75580143929, 0.587144255638, 0.174073249102, 0.0423351451755, 0.00455124117434, 0.000143121287692, 5.53653553652e-05],
        "median": [0.14751085639, 2.10440182686, 5.17565393448, 7.60332393646, 7.78341245651, 9.35234355927, 9.67857074738, 8.94131374359, 14.4722080231, 12.2512111664, 6.03636598587, 6.49928045273, 7.02193212509, 5.29826116562, 8.34296798706, 9.83161735535, 7.47540426254, 6.71890974045, 7.02091741562, 5.09744405746, 3.96296405792, 3.54379796982, 3.93486356735, 4.47174549103, 3.2816567421, 3.0758471489, 1.52040839195, 0.967360138893, 0.657107114792, 0.743647873402, 0.714388489723, 0.722663342953, 0.837407588959, 0.58385103941, 0.136830836535, 0.0239646360278, 0.00829554256052, 0.00085156300338, 4.49448089057e-05, 4.55657645944e-05],
        "min": [1.28354823301e-21, 1.66278933929e-21, 1.40823298761e-20, 2.02289458336e-20, 1.90240361024e-20, 9.80990129943e-20, 3.99975533779e-19, 7.44827182851e-19, 3.90869981295e-19, 3.19353548196e-19, 8.61331643022e-19, 9.03990639681e-19, 1.15088161525e-18, 2.44355749714e-18, 2.19729424825e-18, 2.95080119237e-18, 2.27263778755e-18, 4.6255766146e-18, 1.06672897466e-17, 3.78663556169e-18, 4.66116936918e-18, 8.16620907571e-18, 1.55936482571e-17, 1.548341486e-17, 1.38852737924e-17, 1.36220707117e-17, 1.54786635345e-17, 1.51899444135e-17, 1.36599564109e-17, 2.50998212692e-17, 1.3469585756e-17, 1.23022213263e-17, 1.46334371497e-17, 1.11101862348e-17, 7.8267391154e-18, 4.94160923944e-18, 3.07806148204e-18, 1.14105708772e-18, 2.93147690909e-19, 3.09916173502e-20],
        "stdev": [0.837796270847, 4.1961774826, 6.47192430496, 13.4717550278, 42.8331336975, 33.562374115, 22.993844986, 24.3987903595, 22.14021492, 50.6542320251, 35.7241401672, 49.3304443359, 48.7467460632, 57.1481666565, 28.0186786652, 39.4140472412, 47.0988349915, 30.6442012787, 41.0356140137, 27.0858783722, 16.3438777924, 15.3005247116, 18.827123642, 16.1327323914, 10.7746524811, 12.1988916397, 12.1598625183, 10.0941667557, 6.44741153717, 5.32755661011, 3.97623443604, 4.10370969772, 4.19734525681, 3.64592075348, 1.39270937443, 0.42901584506, 0.0964106544852, 0.0120867341757, 0.000363423576346, 4.00094613724e-05],
        "var": [0.70190256834, 17.6079044342, 41.8858070374, 181.488189697, 1834.67724609, 1126.4329834, 528.716918945, 595.300964355, 490.189147949, 2565.85131836, 1276.21411133, 2433.49267578, 2376.24511719, 3265.91308594, 785.046325684, 1553.46704102, 2218.30029297, 939.067077637, 1683.92175293, 733.644836426, 267.122314453, 234.106048584, 354.460571289, 260.265045166, 116.093132019, 148.812957764, 147.862258911, 101.892204285, 41.5691146851, 28.3828601837, 15.8104400635, 16.8404331207, 17.6177062988, 13.2927379608, 1.93963932991, 0.184054598212, 0.00929501373321, 0.000146089136251, 1.32076692694e-07, 1.60075697142e-09]
    },
    "gfcc": {
        "mean": [1.73204708099, 110.509048462, -91.2458648682, 37.5378189087, -55.7605438232, 20.76861763, -42.7952880859, 11.165266037, -28.0300559998, 2.42277193069, -8.51800918579, -6.55856180191, -9.38660907745],
        "cov": [[4681.96191406, -847.738098145, -423.274810791, 182.807952881, -90.5503845215, 303.426300049, -102.779327393, 146.607009888, -168.062484741, 148.691665649, -148.356948853, 56.5144805908, -46.4016113281], [-847.738098145, 1100.40466309, -167.213012695, -145.08505249, 250.584487915, -84.1363449097, 215.606033325, 6.67778587341, 184.907806396, -107.952438354, 202.692306519, -82.2155380249, 81.6994628906], [-423.274810791, -167.213012695, 841.770385742, 105.616874695, -50.5466346741, 19.8595275879, -25.9625587463, 47.2286300659, -11.0244884491, 71.1136474609, -22.7211685181, 89.1641693115, -53.2832679749], [182.807952881, -145.08505249, 105.616874695, 341.687683105, 16.5169353485, -44.1748428345, -8.38328170776, -11.472987175, 34.8843345642, -0.458294808865, 6.93838500977, 38.3631744385, 7.29368400574], [-90.5503845215, 250.584487915, -50.5466346741, 16.5169353485, 279.079223633, 39.0005340576, 85.237739563, 74.4999923706, 76.0262832642, 11.3259372711, 86.6663742065, -7.17969369888, 33.0129051208], [303.426300049, -84.1363449097, 19.8595275879, -44.1748428345, 39.0005340576, 189.211395264, 59.0757713318, 19.5582504272, -16.1801929474, 49.9239883423, 5.3189702034, 11.2744855881, 13.847155571], [-102.779327393, 215.606033325, -25.9625587463, -8.38328170776, 85.237739563, 59.0757713318, 199.989562988, 31.1809234619, 47.3930015564, 12.7639245987, 46.3304519653, 6.02141666412, 25.1092681885], [146.607009888, 6.67778587341, 47.2286300659, -11.472987175, 74.4999923706, 19.5582504272, 31.1809234619, 197.288864136, 39.4550323486, 8.29324531555, 45.486907959, -17.8008975983, -0.846010267735], [-168.062484741, 184.907806396, -11.0244884491, 34.8843345642, 76.0262832642, -16.1801929474, 47.3930015564, 39.4550323486, 124.247543335, 4.7326798439, 42.2908973694, -13.6965055466, 19.3974246979], [148.691665649, -107.952438354, 71.1136474609, -0.458294808865, 11.3259372711, 49.9239883423, 12.7639245987, 8.29324531555, 4.7326798439, 104.53742981, 0.425082176924, 17.4129199982, -3.70028591156], [-148.356948853, 202.692306519, -22.7211685181, 6.93838500977, 86.6663742065, 5.3189702034, 46.3304519653, 45.486907959, 42.2908973694, 0.425082176924, 131.321975708, -2.27733135223, 23.9779720306], [56.5144805908, -82.2155380249, 89.1641693115, 38.3631744385, -7.17969369888, 11.2744855881, 6.02141666412, -17.8008975983, -13.6965055466, 17.4129199982, -2.27733135223, 89.9724197388, -1.40456855297], [-46.4016113281, 81.6994628906, -53.2832679749, 7.29368400574, 33.0129051208, 13.847155571, 25.1092681885, -0.846010267735, 19.3974246979, -3.70028591156, 23.9779720306, -1.40456855297, 63.0335769653]],
        "icov": [[0.000441581505584, -0.000481842347654, 0.000588741328102, -0.000841173401568, 0.000386438478017, -0.00106978765689, 0.000697550305631, -0.0010481410427, 0.000854617159348, -0.000970159366261, 0.000899205741007, -0.000681509147398, 0.000608095200732], [-0.000481842347654, 0.00574769033119, -0.00159519317094, 0.00422687083483, -0.00275162653998, 0.00423875171691, -0.00477046519518, 0.00467314897105, -0.00530819827691, 0.00575531739742, -0.00592921115458, 0.00370985083282, -0.0028594948817], [0.000588741328102, -0.00159519317094, 0.00253260461614, -0.00212194817141, 0.00126678170636, -0.00211392529309, 0.00180976151023, -0.00264517916366, 0.00179404800292, -0.00289941672236, 0.00216381903738, -0.00278572458774, 0.00232438021339], [-0.000841173401568, 0.00422687083483, -0.00212194817141, 0.00714723626152, -0.00248643639497, 0.00477368989959, -0.00361835840158, 0.00456527713686, -0.00543077569455, 0.00495220907032, -0.00473481230438, 0.00184068793897, -0.00315824709833], [0.000386438478017, -0.00275162653998, 0.00126678170636, -0.00248643639497, 0.0070082610473, -0.00318823638372, 0.00152521894779, -0.00361312692985, 0.00077109830454, -0.00306576560251, 0.000830551434774, -0.00206620735116, 0.000804076495115], [-0.00106978765689, 0.00423875171691, -0.00211392529309, 0.00477368989959, -0.00318823638372, 0.0119437202811, -0.0060852393508, 0.0040746377781, -0.00225977762602, 0.00184819824062, -0.00440626125783, 0.00318291271105, -0.00454507302493], [0.000697550305631, -0.00477046519518, 0.00180976151023, -0.00361835840158, 0.00152521894779, -0.0060852393508, 0.0109924552962, -0.00440701190382, 0.00264993892051, -0.00476898578927, 0.004279400222, -0.00430659856647, 0.00192587357014], [-0.0010481410427, 0.00467314897105, -0.00264517916366, 0.00456527713686, -0.00361312692985, 0.0040746377781, -0.00440701190382, 0.0112634040415, -0.00607891008258, 0.00561513425782, -0.00687347631902, 0.00511435512453, -0.00175999698695], [0.000854617159348, -0.00530819827691, 0.00179404800292, -0.00543077569455, 0.00077109830454, -0.00225977762602, 0.00264993892051, -0.00607891008258, 0.0172484442592, -0.00726505089551, 0.00476098107174, -0.0017167221522, 0.00102583447006], [-0.000970159366261, 0.00575531739742, -0.00289941672236, 0.00495220907032, -0.00306576560251, 0.00184819824062, -0.00476898578927, 0.00561513425782, -0.00726505089551, 0.0182875711471, -0.00631782272831, 0.00274389609694, -0.00224935193546], [0.000899205741007, -0.00592921115458, 0.00216381903738, -0.00473481230438, 0.000830551434774, -0.00440626125783, 0.004279400222, -0.00687347631902, 0.00476098107174, -0.00631782272831, 0.017130324617, -0.00473951315507, 0.00100199342705], [-0.000681509147398, 0.00370985083282, -0.00278572458774, 0.00184068793897, -0.00206620735116, 0.00318291271105, -0.00430659856647, 0.00511435512453, -0.0017167221522, 0.00274389609694, -0.00473951315507, 0.0166880264878, -0.00284670060501], [0.000608095200732, -0.0028594948817, 0.00232438021339, -0.00315824709833, 0.000804076495115, -0.00454507302493, 0.00192587357014, -0.00175999698695, 0.00102583447006, -0.00224935193546, 0.00100199342705, -0.00284670060501, 0.0212429780513]]
    },
    "melbands": {
        "dmean": [0.0026649851352, 0.00168350571766, 0.00134435179643, 0.00113119347952, 0.000385038700188, 0.000189037978998, 0.000176557718078, 0.000168024183949, 8.82274180185e-05, 0.000101846773759, 7.6702919614e-05, 5.82669017604e-05, 3.40362566931e-05, 4.54299442936e-05, 2.93263074127e-05, 2.95260597341e-05, 1.84265863936e-05, 1.98203670152e-05, 1.72143954842e-05, 8.56888345879e-06, 6.27018744126e-06, 4.59770535599e-06, 4.28032308264e-06, 6.60912292005e-06, 4.78231277157e-06, 3.08389098791e-06, 3.73841248802e-06, 3.42851740243e-06, 3.35553818331e-06, 3.42908674611e-06, 2.2415431431e-06, 1.2534076177e-06, 1.12619773063e-06, 9.4048863275e-07, 8.07911817446e-07, 8.27469477827e-07, 9.71919575932e-07, 1.03653712813e-06, 1.14566432785e-06, 8.70621818194e-07],
        "dmean2": [0.00444095814601, 0.00264465459622, 0.00213547819294, 0.00183179636952, 0.000641614373308, 0.000296893704217, 0.00027358715306, 0.000252684025327, 0.000144815101521, 0.000145799407619, 0.000115354618174, 9.19840240385e-05, 5.49389187654e-05, 7.04686171957e-05, 4.58484755654e-05, 4.51594860351e-05, 2.91440592264e-05, 2.98478025798e-05, 2.5366223781e-05, 1.31665838126e-05, 1.04484897747e-05, 6.82063728163e-06, 6.47647993901e-06, 1.00485649455e-05, 7.42187103242e-06, 4.63251853944e-06, 6.01175088377e-06, 5.47132412976e-06, 5.63896628591e-06, 5.84495455769e-06, 3.55168549504e-06, 1.89105912796e-06, 1.63760989835e-06, 1.30262094444e-06, 1.10513121854e-06, 1.07951382233e-06, 1.29372983793e-06, 1.35080006203e-06, 1.56311079991e-06, 1.1826765558e-06],
        "dvar": [3.91716093873e-05, 9.73926034931e-06, 8.77201273397e-06, 9.93346657197e-06, 3.33642020678e-07, 1.53415925297e-07, 6.31096099823e-08, 9.13780837664e-08, 3.85262381997e-08, 5.31811963356e-08, 2.98310816049e-08, 3.83741536325e-08, 6.35996633136e-09, 9.9855919089e-09, 5.2208402046e-09, 6.03485483808e-09, 1.49993062415e-09, 1.86333259933e-09, 1.29205557364e-09, 3.75329434199e-10, 2.48604997699e-10, 1.05150041452e-10, 5.97307273087e-11, 1.56549453956e-10, 7.43763939326e-11, 2.70141339853e-11, 4.66935067001e-11, 4.35419339473e-11, 6.15660786241e-11, 7.54370038658e-11, 2.57306918827e-11, 8.48966903721e-12, 7.25674164856e-12, 4.07554155354e-12, 2.53165327244e-12, 2.53983119258e-12, 3.67822135597e-12, 3.82141887578e-12, 6.53126597944e-12, 4.34668750646e-12],
        "dvar2": [0.000105193830677, 2.57354531641e-05, 2.16987609747e-05, 2.61969307758e-05, 9.42582119023e-07, 3.85069654385e-07, 1.61041597835e-07, 1.96000314645e-07, 9.11174566909e-08, 1.0909626269e-07, 6.40740012159e-08, 9.62588870834e-08, 1.80910895153e-08, 2.403191246e-08, 1.12485460946e-08, 1.35116264843e-08, 3.43606920694e-09, 3.68199915002e-09, 2.84612866608e-09, 7.84450115976e-10, 6.34053642923e-10, 2.06005795755e-10, 1.28806576516e-10, 3.2391242466e-10, 1.69929750826e-10, 6.3411859097e-11, 1.19740425908e-10, 1.02185822304e-10, 1.71107003566e-10, 2.05998787473e-10, 6.13456091481e-11, 1.71040716312e-11, 1.56779294408e-11, 7.01849646109e-12, 4.70442001327e-12, 4.27524118538e-12, 6.4859107668e-12, 6.44762628704e-12, 1.19231039972e-11, 7.14506535535e-12],
        "max": [0.0465777665377, 0.0282338932157, 0.0275770500302, 0.0303390808403, 0.00875614862889, 0.00523173902184, 0.00332153099589, 0.00430359691381, 0.00235937605612, 0.0041303304024, 0.00296443561092, 0.0041895234026, 0.00135146640241, 0.00197897362523, 0.00120005919598, 0.00124804978259, 0.000551945297047, 0.000795545522124, 0.000678177806549, 0.000339955266099, 0.0003133698483, 0.000234206425375, 0.000117656993098, 0.00017787021352, 0.000110994304123, 0.000108205749711, 7.48279780964e-05, 9.85797305475e-05, 5.75217090955e-05, 9.70111505012e-05, 4.58220456494e-05, 3.10654977511e-05, 3.20375875162e-05, 2.35787429119e-05, 1.57688409672e-05, 2.14508509089e-05, 2.62423945969e-05, 2.08314377232e-05, 4.73185609735e-05, 3.45547996403e-05],
        "mean": [0.00413624383509, 0.00393884489313, 0.00220836815424, 0.00145415368024, 0.000669881002977, 0.000345121981809, 0.000346124987118, 0.000312363961712, 0.000135081543704, 0.000154441964696, 0.000113137117296, 8.81831147126e-05, 5.51329139853e-05, 7.01010067132e-05, 4.55305053038e-05, 4.47792517662e-05, 3.02809603454e-05, 3.49677902705e-05, 2.90567022603e-05, 1.3428467355e-05, 1.00742390714e-05, 8.58745352161e-06, 8.15596740722e-06, 1.16129540402e-05, 8.389548384e-06, 5.26171652382e-06, 5.75351032239e-06, 4.97027895108e-06, 3.39761345458e-06, 3.28708506458e-06, 2.56544990407e-06, 1.69923748672e-06, 1.49606717059e-06, 1.455013944e-06, 1.25286624097e-06, 1.25747533275e-06, 1.40652582559e-06, 1.5684884147e-06, 1.74666524799e-06, 1.39700853197e-06],
        "median": [0.00216344185174, 0.00309494603425, 0.00136189791374, 0.000643158622552, 0.000394398783101, 0.000207687509828, 0.000230057485169, 0.000116126182547, 3.63181788998e-05, 3.88228691008e-05, 3.32634954248e-05, 1.82306230272e-05, 2.12018694583e-05, 3.15716279147e-05, 1.45873882502e-05, 1.49148927449e-05, 1.07440191641e-05, 1.03319107438e-05, 9.04763328435e-06, 4.64178992843e-06, 3.96689392801e-06, 3.30366583512e-06, 2.86387535198e-06, 3.95470715375e-06, 3.38713948622e-06, 2.32716843129e-06, 2.37140829995e-06, 1.88289266134e-06, 8.44872886319e-07, 6.58267140352e-07, 5.06336903072e-07, 3.44883716252e-07, 3.50851081521e-07, 4.3603537847e-07, 4.10013939245e-07, 3.74916339752e-07, 4.47799862968e-07, 5.54338782877e-07, 5.93415109051e-07, 4.5677998628e-07],
        "min": [8.75619512033e-24, 5.00117264084e-24, 3.46390795635e-24, 3.34337119332e-24, 1.27495139411e-23, 1.55571006683e-23, 5.82288171415e-24, 4.00165550278e-24, 7.48858005376e-24, 5.40709403582e-24, 5.84182265891e-24, 1.03236917157e-23, 7.40980282604e-24, 7.04709325929e-24, 5.42456336057e-24, 5.47177313587e-24, 8.76294145879e-24, 1.74244811591e-23, 1.13760250635e-23, 2.50001834057e-24, 5.96178237019e-24, 6.70543444579e-24, 1.35489921252e-23, 1.377763557e-23, 1.26311532508e-23, 1.02405678644e-23, 8.78266692573e-24, 9.18818166291e-24, 9.11490279571e-24, 9.81395030915e-24, 8.32292588991e-24, 7.77739859724e-24, 8.85446904532e-24, 1.59370334352e-23, 6.2026338319e-24, 9.14955035553e-24, 7.58711824715e-24, 1.09137391624e-23, 9.54369366277e-24, 9.66164335645e-24],
        "stdev": [0.00656782602891, 0.003743912559, 0.00298023689538, 0.00295821693726, 0.000869069073815, 0.000503947550897, 0.000358496065019, 0.00048623260227, 0.000274552265182, 0.000337915378623, 0.000245505041676, 0.000249038188485, 0.0001106254349, 0.000125159654999, 9.96464223135e-05, 9.85303340713e-05, 5.56576233066e-05, 7.09328669473e-05, 5.75527446927e-05, 2.72264151135e-05, 1.92882271222e-05, 1.72680320247e-05, 1.43397246575e-05, 2.12174891203e-05, 1.30733988044e-05, 7.8726452557e-06, 9.16060889722e-06, 8.33578178572e-06, 6.96721053828e-06, 7.68698828324e-06, 5.6619460338e-06, 3.72654039893e-06, 3.3388855627e-06, 2.88001820081e-06, 2.22890571422e-06, 2.3811464871e-06, 2.69060251412e-06, 2.82501218862e-06, 3.52846041096e-06, 3.00884721582e-06],
        "var": [4.31363405369e-05, 1.40168804137e-05, 8.88181239134e-06, 8.7510479716e-06, 7.55281007514e-07, 2.53963150953e-07, 1.28519431541e-07, 2.36422138755e-07, 7.53789493046e-08, 1.14186811118e-07, 6.02727183718e-08, 6.20200211188e-08, 1.22379866241e-08, 1.56649377914e-08, 9.92941018296e-09, 9.70822622293e-09, 3.09777092866e-09, 5.03147123965e-09, 3.31231841955e-09, 7.41277650373e-10, 3.72035680041e-10, 2.98184921199e-10, 2.05627709304e-10, 4.50181864009e-10, 1.70913755371e-10, 6.19785403555e-11, 8.391674855e-11, 6.94852647642e-11, 4.85420210972e-11, 5.90897955566e-11, 3.20576343249e-11, 1.38871041402e-11, 1.11481561829e-11, 8.29450483991e-12, 4.96802035274e-12, 5.66985867978e-12, 7.23934150473e-12, 7.98069423047e-12, 1.24500331919e-11, 9.053161866e-12]
    },
    "melbands128": {
