{
"lowlevel": {
    "average_loudness": 0.957026600838,
    "barkbands_crest": {
        "dmean": 3.4145526886,
        "dmean2": 5.39984846115,
        "dvar": 12.1848526001,
        "dvar2": 27.10247612,
        "max": 26.0188827515,
        "mean": 13.5695133209,
        "median": 12.7684345245,
        "min": 2.3077070713,
        "stdev": 5.58400249481,
        "var": 31.1810836792
    },
    "barkbands_flatness_db": {
        "dmean": 0.0413673520088,
        "dmean2": 0.0560179166496,
        "dvar": 0.00231035123579,
        "dvar2": 0.00390503299423,
        "max": 0.623597502708,
        "mean": 0.226059257984,
        "median": 0.218382075429,
        "min": 0.0158483795822,
        "stdev": 0.0950913727283,
        "var": 0.00904236920178
    },
    "barkbands_kurtosis": {
        "dmean": 16.6597671509,
        "dmean2": 24.2136878967,
        "dvar": 1663.99572754,
        "dvar2": 3146.05932617,
        "max": 663.097412109,
        "mean": 23.7426662445,
        "median": 6.88345527649,
        "min": -1.90386009216,
        "stdev": 56.1468887329,
        "var": 3152.47314453
    },
    "barkbands_skewness": {
        "dmean": 1.26834082603,
        "dmean2": 1.83149707317,
        "dvar": 2.93356060982,
        "dvar2": 5.51565265656,
        "max": 20.6470222473,
        "mean": 2.62663412094,
        "median": 1.84298169613,
        "min": -3.90792632103,
        "stdev": 2.77401471138,
        "var": 7.69515705109
    },
    "barkbands_spread": {
        "dmean": 7.16095495224,
        "dmean2": 11.4171333313,
        "dvar": 132.05456543,
        "dvar2": 345.566986084,
        "max": 95.4507675171,
        "mean": 13.673075676,
        "median": 9.43929290771,
        "min": 0.268309384584,
        "stdev": 13.283823967,
        "var": 176.459976196
    },
    "dissonance": {
        "dmean": 0.0406580753624,
        "dmean2": 0.0642753094435,
        "dvar": 0.00162189861294,
        "dvar2": 0.00373655254953,
        "max": 0.500000119209,
        "mean": 0.406630277634,
        "median": 0.421099156141,
        "min": 0.0377327948809,
        "stdev": 0.0666477233171,
        "var": 0.0044419192709
    },
    "dynamic_complexity": 2.69042539597,
    "erbbands_crest": {
        "dmean": 3.50391936302,
        "dmean2": 5.40228843689,
        "dvar": 12.9482812881,
        "dvar2": 25.0006217957,
        "max": 33.4843978882,
        "mean": 13.7147483826,
        "median": 12.9458751678,
        "min": 2.27543568611,
        "stdev": 5.96275138855,
        "var": 35.5544052124
    },
    "erbbands_flatness_db": {
        "dmean": 0.0284884907305,
        "dmean2": 0.0373144373298,
        "dvar": 0.000849436328281,
        "dvar2": 0.00144227989949,
        "max": 0.421039909124,
        "mean": 0.201369777322,
        "median": 0.203897953033,
        "min": 0.0647140666842,
        "stdev": 0.0615922994912,
        "var": 0.00379361142404
    },
    "erbbands_kurtosis": {
        "dmean": 4.62274551392,
        "dmean2": 6.74599695206,
        "dvar": 63.9095497131,
        "dvar2": 137.120407104,
        "max": 122.120735168,
        "mean": 7.12461185455,
        "median": 2.577044487,
        "min": -1.8539904356,
        "stdev": 11.1933660507,
        "var": 125.291435242
    },
    "erbbands_skewness": {
        "dmean": 0.780637383461,
        "dmean2": 1.14494752884,
        "dvar": 0.82096773386,
        "dvar2": 1.8633518219,
        "max": 9.51778793335,
        "mean": 1.48638606071,
        "median": 1.25873339176,
        "min": -6.3845281601,
        "stdev": 1.61038148403,
        "var": 2.59332871437
    },
    "erbbands_spread": {
        "dmean": 12.0435962677,
        "dmean2": 17.8045444489,
        "dvar": 245.918151855,
        "dvar2": 550.416442871,
        "max": 153.237457275,
        "mean": 29.6906204224,
        "median": 21.6966400146,
        "min": 1.15833604336,
        "stdev": 23.0412826538,
        "var": 530.900695801
    },
    "hfc": {
        "dmean": 12.5161857605,
        "dmean2": 20.431312561,
        "dvar": 824.491088867,
        "dvar2": 2215.82885742,
        "max": 202.475738525,
        "mean": 18.3706073761,
        "median": 12.7332134247,
        "min": 1.19207764167e-16,
        "stdev": 25.3823547363,
        "var": 644.263916016
    },
    "loudness_ebu128": {
        "integrated": -8.54496574402,
        "loudness_range": 3.49210214615,
        "momentary": {
            "dmean": 0.70696657896,
            "dmean2": 1.09994256496,
            "dvar": 0.369877338409,
            "dvar2": 0.811909019947,
            "max": -6.02354240417,
            "mean": -8.87261104584,
            "median": -8.26105690002,
            "min": -15.5906429291,
            "stdev": 1.79058682919,
            "var": 3.20620131493
        },
        "short_term": {
            "dmean": 0.0857141837478,
            "dmean2": 0.116309724748,
            "dvar": 0.00473528821021,
            "dvar2": 0.00894057564437,
            "max": -7.28253173828,
            "mean": -8.77035045624,
            "median": -8.01840209961,
            "min": -11.3268003464,
            "stdev": 1.35615980625,
            "var": 1.83916926384
        }
    },
    "melbands_crest": {
        "dmean": 4.19145822525,
        "dmean2": 6.24766778946,
        "dvar": 16.0415725708,
        "dvar2": 35.6014404297,
        "max": 34.8496589661,
        "mean": 17.3839797974,
        "median": 16.0032234192,
        "min": 1.74680256844,
        "stdev": 6.9590215683,
        "var": 48.4279785156
    },
    "melbands_flatness_db": {
        "dmean": 0.0497004278004,
        "dmean2": 0.0664727464318,
        "dvar": 0.00372450822033,
        "dvar2": 0.00668189208955,
        "max": 0.766589581966,
        "mean": 0.287984937429,
        "median": 0.280463069677,
        "min": 0.00729976082221,
        "stdev": 0.123309418559,
        "var": 0.0152052119374
    },
    "melbands_kurtosis": {
        "dmean": 29.9099559784,
        "dmean2": 43.5847740173,
        "dvar": 8274.31054688,
        "dvar2": 15861.8369141,
        "max": 1391.39318848,
        "mean": 39.8430633545,
        "median": 9.57704544067,
        "min": -1.69338524342,
        "stdev": 109.512542725,
        "var": 11992.9970703
    },
    "melbands_skewness": {
        "dmean": 1.46088349819,
        "dmean2": 2.00738024712,
        "dvar": 4.56338310242,
        "dvar2": 9.18679141998,
        "max": 25.3487033844,
        "mean": 3.07664942741,
        "median": 2.26843547821,
        "min": -2.25824117661,
        "stdev": 3.1125125885,
        "var": 9.68773460388
    },
    "melbands_spread": {
        "dmean": 8.90906620026,
        "dmean2": 14.3936872482,
        "dvar": 287.353027344,
        "dvar2": 655.223571777,
        "max": 209.552703857,
        "mean": 16.1777019501,
        "median": 9.77346038818,
        "min": 0.257274061441,
        "stdev": 21.7556858063,
        "var": 473.309875488
    },
    "pitch_salience": {
        "dmean": 0.0919884964824,
        "dmean2": 0.138897672296,
        "dvar": 0.0113962711766,
        "dvar2": 0.0259064566344,
        "max": 0.940323412418,
        "mean": 0.494736343622,
        "median": 0.498836159706,
        "min": 0.0477747395635,
        "stdev": 0.173238694668,
        "var": 0.0300116445869
    },
    "silence_rate_20dB": {
        "dmean": 0,
        "dmean2": 0,
        "dvar": 0,
        "dvar2": 0,
        "max": 1,
        "mean": 1,
        "median": 1,
        "min": 1,
        "stdev": 0,
        "var": 0
    },
    "silence_rate_30dB": {
        "dmean": 0.0526315793395,
        "dmean2": 0.105344690382,
        "dvar": 0.0498610325158,
        "dvar2": 0.094248868525,
        "max": 1,
        "mean": 0.915699899197,
        "median": 1,
        "min": 0,
        "stdev": 0.277834296227,
        "var": 0.0771919041872
    },
    "silence_rate_60dB": {
        "dmean": 0.0595975220203,
        "dmean2": 0.119287371635,
        "dvar": 0.0560458451509,
        "dvar2": 0.123648762703,
        "max": 1,
        "mean": 0.0703789666295,
        "median": 0,
        "min": 0,
        "stdev": 0.255782753229,
        "var": 0.0654248148203
    },
    "spectral_centroid": {
        "dmean": 331.802734375,
        "dmean2": 524.090698242,
        "dvar": 388770.15625,
        "dvar2": 821252.6875,
        "max": 10783.3779297,
        "mean": 941.605102539,
        "median": 640.109008789,
        "min": 116.907646179,
        "stdev": 804.405151367,
        "var": 647067.6875
    },
    "spectral_complexity": {
        "dmean": 4.48219823837,
        "dmean2": 6.71572446823,
        "dvar": 60.3752288818,
        "dvar2": 119.607025146,
        "max": 59,
        "mean": 10.6790409088,
        "median": 8,
        "min": 0,
        "stdev": 9.18547344208,
        "var": 84.3729248047
    },
    "spectral_decrease": {
        "dmean": 4.15827861033e-09,
        "dmean2": 5.99017324632e-09,
        "dvar": 4.22752919747e-17,
        "dvar2": 7.60784743842e-17,
        "max": 5.66092259858e-29,
        "mean": -9.26890919573e-09,
        "median": -5.53571366524e-09,
        "min": -5.39157305468e-08,
        "stdev": 1.05190602895e-08,
        "var": 1.10650620435e-16
    },
    "spectral_energy": {
        "dmean": 0.0164349544793,
        "dmean2": 0.0238626897335,
        "dvar": 0.000645073188934,
        "dvar2": 0.00118406279944,
        "max": 0.20603659749,
        "mean": 0.0366492308676,
        "median": 0.0224337894469,
        "min": 1.05988307863e-20,
        "stdev": 0.0404492095113,
        "var": 0.0016361385351
    },
    "spectral_energyband_high": {
        "dmean": 0.000925515079871,
        "dmean2": 0.00159324612468,
        "dvar": 6.30312570138e-06,
        "dvar2": 1.71772680915e-05,
        "max": 0.0189262628555,
        "mean": 0.000838922220282,
        "median": 0.000164845012478,
        "min": 7.95318487775e-21,
        "stdev": 0.00210022926331,
        "var": 4.4109629016e-06
    },
    "spectral_energyband_low": {
        "dmean": 0.0102834654972,
        "dmean2": 0.0147348577157,
        "dvar": 0.000563781533856,
        "dvar2": 0.000963449012488,
        "max": 0.196832552552,
        "mean": 0.0182946044952,
        "median": 0.00420971307904,
        "min": 4.16952841662e-23,
        "stdev": 0.0373656451702,
        "var": 0.00139619142283
    },
    "spectral_energyband_middle_high": {
        "dmean": 0.00281265401281,
        "dmean2": 0.00463946582749,
        "dvar": 5.08799384988e-05,
        "dvar2": 0.000134642803459,
        "max": 0.0616984255612,
        "mean": 0.00381690287031,
        "median": 0.00145196320955,
        "min": 1.38492592177e-21,
        "stdev": 0.00742621347308,
        "var": 5.51486446057e-05
    },
    "spectral_energyband_middle_low": {
        "dmean": 0.00812564324588,
        "dmean2": 0.012889361009,
        "dvar": 0.000189752681763,
        "dvar2": 0.00051581102889,
        "max": 0.110815010965,
        "mean": 0.0148064065725,
        "median": 0.0111727900803,
        "min": 3.01803919732e-22,
        "stdev": 0.0147507041693,
        "var": 0.000217583277845
    },
    "spectral_entropy": {
        "dmean": 0.36213234067,
        "dmean2": 0.466955155134,
        "dvar": 0.166587278247,
        "dvar2": 0.293732136488,
        "max": 9.81325817108,
        "mean": 6.95386075974,
        "median": 6.88749170303,
        "min": 4.53112840652,
        "stdev": 0.786684632301,
        "var": 0.618872702122
    },
    "spectral_flux": {
        "dmean": 0.0511488951743,
        "dmean2": 0.0791537836194,
        "dvar": 0.00387247162871,
        "dvar2": 0.00666479766369,
        "max": 0.42789080739,
        "mean": 0.0969301983714,
        "median": 0.0729922652245,
        "min": 1.02950620251e-10,
        "stdev": 0.0837919190526,
        "var": 0.00702108582482
    },
    "spectral_kurtosis": {
        "dmean": 2.44576573372,
        "dmean2": 3.63294553757,
        "dvar": 18.1308326721,
        "dvar2": 40.6005554199,
        "max": 101.563201904,
        "mean": 6.25097846985,
        "median": 4.64714813232,
        "min": -1.20855987072,
        "stdev": 6.98597335815,
        "var": 48.8038215637
    },
    "spectral_rms": {
        "dmean": 0.00131099473219,
        "dmean2": 0.00181717856321,
        "dvar": 2.85137321043e-06,
        "dvar2": 4.89750118504e-06,
        "max": 0.014177845791,
        "mean": 0.00519533222541,
        "median": 0.00467831408605,
        "min": 3.21563717494e-12,
        "stdev": 0.00296038854867,
        "var": 8.76390095073e-06
    },
    "spectral_rolloff": {
        "dmean": 711.364440918,
        "dmean2": 1234.66552734,
        "dvar": 2460500.25,
        "dvar2": 5656297,
        "max": 18432.421875,
        "mean": 1240.98193359,
        "median": 516.796875,
        "min": 64.599609375,
        "stdev": 1797.61669922,
        "var": 3231425.75
    },
    "spectral_skewness": {
        "dmean": 0.380256712437,
        "dmean2": 0.531759440899,
        "dvar": 0.194835439324,
        "dvar2": 0.379778623581,
        "max": 8.09032917023,
        "mean": 2.03832817078,
        "median": 1.98104608059,
        "min": 0.0129664381966,
        "stdev": 0.852344214916,
        "var": 0.726490676403
    },
    "spectral_spread": {
        "dmean": 991709.8125,
        "dmean2": 1471664.75,
        "dvar": 2.16499735757e+12,
        "dvar2": 3.67444177715e+12,
        "max": 41132540,
        "mean": 5791783,
        "median": 5757739.5,
        "min": 1238574.375,
        "stdev": 2137603.25,
        "var": 4.56934765363e+12
    },
    "spectral_strongpeak": {
        "dmean": 0.53819257021,
        "dmean2": 0.8792065382,
        "dvar": 0.455416828394,
        "dvar2": 1.05878591537,
        "max": 7.73185300827,
        "mean": 1.20167303085,
        "median": 0.824669897556,
        "min": 4.43600356448e-09,
        "stdev": 1.08644759655,
        "var": 1.18036830425
    },
    "zerocrossingrate": {
        "dmean": 0.0152092808858,
        "dmean2": 0.0168553479016,
        "dvar": 0.000607159687206,
        "dvar2": 0.000657835684251,
        "max": 0.51318359375,
        "mean": 0.0503968186677,
        "median": 0.0400390625,
        "min": 0.001953125,
        "stdev": 0.0463034398854,
        "var": 0.00214400840923
    },
    "barkbands": {
        "dmean": [0.000533777812961, 0.00850980263203, 0.00339666055515, 0.0021027980838, 0.00267784879543, 0.00155256886501, 0.00251154205762, 0.000802275084425, 0.000596875732299, 0.000671978748869, 0.000537434360012, 0.000334672513418, 0.000357020151569, 0.000298898899928, 0.000308237766149, 0.000420963886427, 0.000190361359273, 0.000134479894768, 0.000173923544935, 0.000273408804787, 0.000227891257964, 0.00018315690977, 0.000104455190012, 0.000118633543025, 0.000118091607874, 4.19747884735e-05, 5.88688271819e-06],
        "dmean2": [0.000654189439956, 0.0124495141208, 0.00622790493071, 0.0037237314973, 0.0044006863609, 0.00229344516993, 0.0035496733617, 0.00122193049174, 0.000918202975299, 0.00113734335173, 0.000930789625272, 0.000500108872075, 0.00052732671611, 0.000448518258054, 0.000495297485031, 0.00076279573841, 0.00032518588705, 0.000241065761657, 0.00031349202618, 0.000491242972203, 0.000401721074013, 0.00032760828617, 0.000180564515176, 0.000196073335246, 0.000195125321625, 6.34344105492e-05, 8.91567196959e-06],
        "dvar": [1.94621088667e-06, 0.000467620062409, 0.000124123471323, 3.36983721354e-05, 4.79562368128e-05, 9.46943418967e-06, 1.51215544975e-05, 4.49002845926e-06, 2.38754250859e-06, 4.80381640955e-06, 3.50767186319e-06, 5.40693406492e-07, 6.62708600885e-07, 4.73885336305e-07, 4.3312707021e-07, 2.38146753873e-06, 2.94098185805e-07, 1.81190699777e-07, 3.96655735813e-07, 6.23560424629e-07, 3.64269993725e-07, 2.91606795599e-07, 8.47732835041e-08, 8.47782501978e-08, 9.77790719503e-08, 9.39688238333e-09, 4.29829422055e-10],
        "dvar2": [3.30531133841e-06, 0.000750290520955, 0.000356518954504, 9.5657298516e-05, 0.000129819833091, 1.92000079551e-05, 3.09330462187e-05, 8.26991526992e-06, 5.08183848069e-06, 1.11922308861e-05, 9.73457645159e-06, 1.16631235869e-06, 1.27444968712e-06, 1.07722769371e-06, 9.31490831135e-07, 6.86834391672e-06, 8.07436549621e-07, 4.97877692851e-07, 1.10871178549e-06, 1.76126320639e-06, 1.01135708519e-06, 8.04477679139e-07, 2.28297125204e-07, 2.15763023448e-07, 2.53633629654e-07, 2.11014992146e-08, 8.15108536223e-10],
        "max": [0.0123178223148, 0.185961484909, 0.0926677137613, 0.0482424348593, 0.0511926710606, 0.0394674874842, 0.0379355289042, 0.0401394143701, 0.0300551690161, 0.0516085997224, 0.0190086197108, 0.0104043046013, 0.0154153844342, 0.00866540893912, 0.00791852362454, 0.0143216904253, 0.00448840716854, 0.00324648921378, 0.0056484695524, 0.00535210873932, 0.00462773395702, 0.00403111055493, 0.00218064151704, 0.00230571418069, 0.00311118806712, 0.000746645440813, 0.000210363810766],
        "mean": [0.000609029142652, 0.0136073715985, 0.00309208547696, 0.0018446930917, 0.00267967442051, 0.00251176673919, 0.0053464169614, 0.00125369639136, 0.000927861023229, 0.000994742847979, 0.000508609518874, 0.000441140931798, 0.000490428006742, 0.000343071238603, 0.000369631045032, 0.000315679004416, 0.000177897178219, 9.35443531489e-05, 0.000122958634165, 0.000213857318158, 0.000204435054911, 0.000135119611514, 8.48897252581e-05, 0.00010913162987, 0.000122993136756, 4.27316372225e-05, 5.80176447329e-06],
        "median": [7.90429476183e-06, 0.00045041445992, 0.000242845533649, 0.000172932588612, 0.000423683290137, 0.000443382305093, 0.00171212048735, 0.000157310947543, 0.000195869462914, 0.000167404316016, 7.31184190954e-05, 4.76088971482e-05, 6.87293941155e-05, 3.43983847415e-05, 3.85084931622e-05, 1.17323534141e-05, 1.25462420328e-05, 4.29991268902e-06, 1.00875713542e-05, 1.63414006238e-05, 2.69983920589e-05, 1.06739698822e-05, 1.00897659649e-05, 2.03646541195e-05, 3.86266219721e-05, 7.8509656305e-06, 1.45457065059e-07],
        "min": [4.72985284661e-23, 1.3291001477e-23, 2.58064031951e-24, 3.19188623369e-24, 4.48410721296e-23, 2.58644408752e-23, 9.33355863033e-23, 4.70739776317e-23, 5.53791083973e-23, 6.97229220608e-23, 1.05220154494e-22, 9.18139430369e-23, 1.21344528194e-22, 1.03702928848e-22, 1.49671980565e-22, 1.88142265666e-22, 1.4085476232e-22, 5.57127082078e-23, 2.11184135401e-22, 2.89939401231e-22, 3.85278328202e-22, 4.7231068868e-22, 5.15659112915e-22, 1.05775276544e-21, 1.34671809384e-21, 1.92363173856e-21, 2.28990250742e-21],
        "stdev": [0.00183985591866, 0.0322034992278, 0.00871521607041, 0.00497663812712, 0.00631428929046, 0.00440378766507, 0.00758121162653, 0.00367249897681, 0.0025310148485, 0.00414870493114, 0.00156389945187, 0.00102354120463, 0.00125834718347, 0.00084895058535, 0.000841127999593, 0.00120041274931, 0.000501804461237, 0.000342858635122, 0.000500365858898, 0.000626976776402, 0.000497678294778, 0.000436901696958, 0.000246513809543, 0.000266994844424, 0.000280538370134, 0.000100440556707, 2.24811792577e-05],
        "var": [3.38506970365e-06, 0.00103706528898, 7.5954994827e-05, 2.47669249802e-05, 3.98702504754e-05, 1.93933447008e-05, 5.74747682549e-05, 1.3487248907e-05, 6.40603639113e-06, 1.72117524926e-05, 2.44578154707e-06, 1.04763660147e-06, 1.58343777912e-06, 7.20717082459e-07, 7.0749626957e-07, 1.44099078625e-06, 2.51807705354e-07, 1.17552048096e-07, 2.50365985721e-07, 3.93099867324e-07, 2.47683658472e-07, 1.90883085338e-07, 6.07690608945e-08, 7.1286244463e-08, 7.87017739867e-08, 1.00883053022e-08, 5.0540344132e-10]
    },
    "erbbands": {
        "dmean": [0.337295144796, 1.93829703331, 3.70207333565, 5.67733287811, 7.29392814636, 8.83305358887, 11.0363540649, 14.077003479, 33.942943573, 28.5075950623, 11.7545824051, 14.5129404068, 16.8268375397, 29.215763092, 14.6296834946, 14.7266483307, 15.6862335205, 16.6028175354, 15.5477685928, 14.6832895279, 21.2122116089, 10.8790388107, 7.53577470779, 8.62494945526, 9.21994304657, 14.6074886322, 11.4806661606, 7.39720106125, 6.57257175446, 4.39566373825, 2.91134381294, 2.62586593628, 1.95531713963, 1.65632236004, 0.63519090414, 0.233071371913, 0.0734015703201, 0.015362280421, 0.00056178169325, 2.997925003e-05],
        "dmean2": [0.406463414431, 2.93849158287, 6.709461689, 10.0202550888, 12.5005674362, 14.5863990784, 17.8976726532, 20.3714199066, 47.6092796326, 40.8703460693, 17.5784835815, 22.1904811859, 27.6552963257, 50.1796569824, 23.9087162018, 21.7705421448, 22.7537879944, 24.9271812439, 23.2784461975, 24.8214664459, 38.1304588318, 19.2555980682, 13.4326114655, 15.6519775391, 16.4354629517, 26.321969986, 20.4385108948, 12.9054403305, 11.7222633362, 7.88922643661, 4.95106887817, 4.35275125504, 3.26354598999, 2.76764583588, 1.02332055569, 0.366432130337, 0.112066559494, 0.0234476365149, 0.000835949904285, 4.3607014959e-05],
        "dvar": [0.697817087173, 24.4582977295, 138.178955078, 252.654724121, 427.867553711, 545.216308594, 883.854125977, 748.779296875, 2917.21655273, 2539.69360352, 681.905029297, 1388.72192383, 4861.96777344, 10073.953125, 1456.61401367, 1010.57159424, 1401.00476074, 1428.59020996, 1096.37939453, 1532.69421387, 5774.81640625, 1114.89294434, 509.586212158, 847.939453125, 1091.84851074, 1818.40405273, 965.764587402, 460.362457275, 406.826812744, 165.542282104, 61.017578125, 44.2876052856, 23.9523887634, 20.1639385223, 2.64323782921, 0.31667047739, 0.030849436298, 0.00215483363718, 3.3659255223e-06, 2.68693578498e-09],
        "dvar2": [0.906263232231, 51.2988166809, 392.222412109, 703.799865723, 1201.25097656, 1464.49230957, 2267.61523438, 1448.88378906, 5884.91845703, 5761.07958984, 1363.79650879, 2888.05541992, 11183.6855469, 25701.9257812, 3744.55395508, 2178.75561523, 2472.84814453, 3165.90795898, 2103.53857422, 4110.37792969, 16608.0761719, 3112.34326172, 1405.26342773, 2348.44238281, 3056.76733398, 5157.37744141, 2721.88964844, 1274.52197266, 1130.68200684, 458.881103516, 162.114151001, 115.69493103, 61.2294197083, 53.061126709, 6.70015668869, 0.767304003239, 0.067451313138, 0.00403348216787, 6.64215576762e-06, 5.49630563285e-09],
        "max": [7.42505550385, 37.3245582581, 93.2201538086, 137.521636963, 180.417190552, 183.838104248, 293.964080811, 351.920806885, 589.537536621, 949.671691895, 411.898254395, 685.287902832, 1652.53845215, 1685.30993652, 387.388092041, 493.537841797, 814.320678711, 542.006347656, 433.433074951, 380.456604004, 693.447570801, 273.920227051, 162.683227539, 203.078079224, 314.727752686, 309.364532471, 199.577468872, 184.455032349, 162.614868164, 98.093536377, 56.0823554993, 49.7804260254, 40.5159645081, 42.8289642334, 16.1441116333, 5.1444196701, 1.27676439285, 0.440264344215, 0.0209003277123, 0.000433365465142],
        "mean": [0.496898919344, 2.60624241829, 3.82035183907, 5.28237581253, 7.05260467529, 8.88396072388, 12.1145915985, 25.1411209106, 74.3803405762, 55.7204551697, 19.9664268494, 24.4336090088, 20.8127365112, 35.3417282104, 18.7292747498, 20.8709201813, 24.0062885284, 20.1089382172, 20.383436203, 14.8352708817, 16.8106040955, 9.60046195984, 5.66781139374, 5.9285993576, 6.62695980072, 11.2506380081, 10.1081705093, 6.46846437454, 4.90916395187, 3.27705526352, 2.39022326469, 2.33904457092, 1.78655672073, 1.57596600056, 0.722075939178, 0.236590504646, 0.0732101649046, 0.0162384528667, 0.000579393585213, 5.55527003598e-05],
        "median": [0.00445467978716, 0.184468060732, 0.692060470581, 0.630444049835, 1.1733546257, 1.405777812, 1.71308040619, 7.71559667587, 22.1125411987, 16.3273086548, 6.37318992615, 6.16177415848, 4.13031339645, 5.54713869095, 4.88770389557, 3.67529177666, 4.4903678894, 2.90372824669, 2.4017701149, 1.13299608231, 0.821512818336, 0.606442928314, 0.347987532616, 0.406599968672, 0.543084561825, 0.834989964962, 1.41321599483, 0.702942311764, 0.380938917398, 0.397853672504, 0.236223191023, 0.39785566926, 0.32995223999, 0.427335709333, 0.252701252699, 0.0518109314144, 0.0122284693643, 0.00185719784349, 6.5340733272e-05, 3.08922790282e-05],
        "min": [9.17377125677e-22, 1.460072231e-21, 3.80672031799e-21, 9.71257703801e-21, 4.57459862375e-20, 2.4722988698e-19, 6.81856805025e-20, 2.2996644665e-19, 8.459430334e-19, 1.39394377857e-18, 1.34548474655e-18, 1.09796077101e-18, 2.29906558773e-18, 2.37905995003e-18, 4.91396527695e-18, 4.24611205809e-18, 5.52868496276e-18, 5.04032414656e-18, 8.44388781708e-18, 7.92440598469e-18, 9.44996443507e-18, 6.70702111614e-18, 3.71541117505e-18, 1.06268629485e-17, 1.03581558081e-17, 1.39315942523e-17, 1.23080777651e-17, 1.8968429351e-17, 1.52425349025e-17, 1.41929386581e-17, 1.45190215274e-17, 1.58216258514e-17, 2.08792215291e-17, 1.2896177538e-17, 1.05032143362e-17, 6.67355917882e-18, 3.92237838175e-18, 1.41578320789e-18, 3.29661666195e-19, 3.33462483561e-20],
        "stdev": [1.32917749882, 6.10413742065, 9.6418170929, 13.553604126, 17.7276935577, 21.6332893372, 29.9010238647, 41.9497032166, 105.561141968, 96.5788116455, 41.5286750793, 62.8992843628, 83.4096221924, 136.490020752, 41.0958557129, 44.3547668457, 61.7025985718, 46.9767189026, 46.1306266785, 37.8753433228, 60.0105819702, 28.0009269714, 18.2761821747, 23.2083930969, 26.2196502686, 33.6371917725, 25.0807552338, 17.5632209778, 16.2049331665, 10.3317584991, 6.76383972168, 5.93675804138, 4.45984697342, 3.91542077065, 1.53032302856, 0.546612501144, 0.183362856507, 0.0514498203993, 0.00198559579439, 6.49784269626e-05],
        "var": [1.76671278477, 37.2604942322, 92.9646377563, 183.700180054, 314.271118164, 467.999176025, 894.071228027, 1759.77758789, 11143.1552734, 9327.46679688, 1724.63085938, 3956.32006836, 6957.16455078, 18629.5273438, 1688.86950684, 1967.34533691, 3807.21044922, 2206.81201172, 2128.03466797, 1434.54162598, 3601.27001953, 784.051940918, 334.018859863, 538.629516602, 687.470092773, 1131.46057129, 629.044250488, 308.46673584, 262.599853516, 106.745239258, 45.7495307922, 35.245098114, 19.8902359009, 15.3305206299, 2.34188842773, 0.298785239458, 0.0336219370365, 0.00264708395116, 3.94259086534e-06, 4.22219637031e-09]
    },
    "gfcc": {
        "mean": [-54.4765853882, 77.5668869019, -91.545463562, 7.42646694183, -76.7680206299, 12.2309560776, -45.2820701599, 3.0146791935, -30.6115055084, 15.0306596756, -16.7552185059, -6.15110111237, -9.30477619171],
        "cov": [[9831.24121094, -793.511901855, -1174.71325684, -41.7161369324, -485.885314941, -20.4828186035, -179.272827148, 515.97265625, 81.3302459717, 409.394104004, -43.8059616089, 128.734695435, -127.899467468], [-793.511901855, 2155.59765625, 1228.6307373, 185.365783691, 604.780395508, 330.851928711, 590.050964355, 177.260894775, 216.196380615, -10.3206529617, 369.501220703, 53.2656860352, 74.0453414917], [-1174.71325684, 1228.6307373, 2922.44995117, 1235.71289062, 788.411499023, 623.40246582, 856.857971191, 363.063659668, 299.336517334, 49.5556259155, 470.14932251, 262.914428711, -63.044593811], [-41.7161369324, 185.365783691, 1235.71289062, 1320.29211426, 610.931091309, 238.751739502, 253.42149353, 98.871925354, 224.189865112, 0.860720336437, 94.9741287231, 58.1726837158, 19.0032749176], [-485.885314941, 604.780395508, 788.411499023, 610.931091309, 722.992126465, 326.807678223, 332.176696777, 122.021102905, 165.407836914, -57.071762085, 102.639343262, 18.115776062, 31.9377117157], [-20.4828186035, 330.851928711, 623.40246582, 238.751739502, 326.807678223, 504.888397217, 436.585662842, 272.853790283, 147.410980225, 42.4069747925, 154.331008911, 49.9457244873, -32.8038063049], [-179.272827148, 590.050964355, 856.857971191, 253.42149353, 332.176696777, 436.585662842, 659.600708008, 361.289703369, 173.618240356, 4.28776502609, 234.483825684, 103.992248535, -51.4995422363], [515.97265625, 177.260894775, 363.063659668, 98.871925354, 122.021102905, 272.853790283, 361.289703369, 394.445068359, 166.875259399, 80.3852920532, 171.108657837, 94.1477890015, -58.5445899963], [81.3302459717, 216.196380615, 299.336517334, 224.189865112, 165.407836914, 147.410980225, 173.618240356, 166.875259399, 234.534851074, 91.0998306274, 103.784645081, 13.0138397217, 8.78890132904], [409.394104004, -10.3206529617, 49.5556259155, 0.860720336437, -57.071762085, 42.4069747925, 4.28776502609, 80.3852920532, 91.0998306274, 224.598007202, 101.694801331, 17.7297515869, -9.52149200439], [-43.8059616089, 369.501220703, 470.14932251, 94.9741287231, 102.639343262, 154.331008911, 234.483825684, 171.108657837, 103.784645081, 101.694801331, 270.0284729, 127.470710754, 0.17884452641], [128.734695435, 53.2656860352, 262.914428711, 58.1726837158, 18.115776062, 49.9457244873, 103.992248535, 94.1477890015, 13.0138397217, 17.7297515869, 127.470710754, 187.228622437, 27.1627960205], [-127.899467468, 74.0453414917, -63.044593811, 19.0032749176, 31.9377117157, -32.8038063049, -51.4995422363, -58.5445899963, 8.78890132904, -9.52149200439, 0.17884452641, 27.1627960205, 129.257553101]],
        "icov": [[0.00016444461653, -0.000129612802994, 0.000180392249604, -0.000242565351073, 0.000158901209943, -9.03451145859e-05, 0.000126642451505, -0.0004175407812, 0.000210327474633, -0.000339072314091, 0.000328085356159, -0.000339441350661, 0.000191362458281], [-0.000129612802994, 0.00140813586768, -0.000663579034153, 0.00105888769031, -0.00114166049752, 0.000847599119879, -0.000777907494921, 0.000669391243719, -0.000558921834454, 0.000603145279456, -0.00173232017551, 0.00160289299674, -0.00117579929065], [0.000180392249604, -0.000663579034153, 0.00157820258755, -0.00142710772343, 0.000529871322215, -0.000637663935777, -0.000630670634564, 0.0003761232947, 0.000378147437004, -0.000520026718732, -3.70943052985e-05, -0.00158788717818, 0.00143424561247], [-0.000242565351073, 0.00105888769031, -0.00142710772343, 0.00293291779235, -0.00207006838173, 0.000961368612479, 4.08083797083e-05, 0.000721237563994, -0.00165680819191, 0.000512916478328, -0.00027105587651, 0.000900484621525, -0.000913881929591], [0.000158901209943, -0.00114166049752, 0.000529871322215, -0.00207006838173, 0.00460736034438, -0.0022866986692, 0.000309180555632, -3.86830179195e-05, -0.000377755670343, 0.00105607870501, 0.000624285079539, -0.000363481289241, -6.00688435952e-05], [-9.03451145859e-05, 0.000847599119879, -0.000637663935777, 0.000961368612479, -0.0022866986692, 0.0063773705624, -0.00314990221523, -0.00110622995999, 0.000377436896088, -0.00123031984549, -0.000183799711522, 0.00161194766406, -0.00105462688953], [0.000126642451505, -0.000777907494921, -0.000630670634564, 4.08083797083e-05, 0.000309180555632, -0.00314990221523, 0.00764695135877, -0.00403650803491, -5.22642440046e-05, 0.00241016317159, -0.00113647629041, 3.6660956539e-05, 0.000774985004682], [-0.0004175407812, 0.000669391243719, 0.0003761232947, 0.000721237563994, -3.86830179195e-05, -0.00110622995999, -0.00403650803491, 0.0102876415476, -0.00467914529145, 0.000121900317026, -0.0013336277334, -0.00248883920722, 0.00291294418275], [0.000210327474633, -0.000558921834454, 0.000378147437004, -0.00165680819191, -0.000377755670343, 0.000377436896088, -5.22642440046e-05, -0.00467914529145, 0.010628704913, -0.00346297258511, -0.000276218546787, 0.00245409761555, -0.00248783151619], [-0.000339072314091, 0.000603145279456, -0.000520026718732, 0.000512916478328, 0.00105607870501, -0.00123031984549, 0.00241016317159, 0.000121900317026, -0.00346297258511, 0.00924538262188, -0.00535017857328, 0.00249049719423, -0.000167221864103], [0.000328085356159, -0.00173232017551, -3.70943052985e-05, -0.00027105587651, 0.000624285079539, -0.000183799711522, -0.00113647629041, -0.0013336277334, -0.000276218546787, -0.00535017857328, 0.0134689277038, -0.0071218945086, 0.00118368305266], [-0.000339441350661, 0.00160289299674, -0.00158788717818, 0.000900484621525, -0.000363481289241, 0.00161194766406, 3.6660956539e-05, -0.00248883920722, 0.00245409761555, 0.00249049719423, -0.0071218945086, 0.0131466444582, -0.00551097979769], [0.000191362458281, -0.00117579929065, 0.00143424561247, -0.000913881929591, -6.00688435952e-05, -0.00105462688953, 0.000774985004682, 0.00291294418275, -0.00248783151619, -0.000167221864103, 0.00118368305266, -0.00551097979769, 0.0121219372377]]
    },
    "melbands": {
        "dmean": [0.0026097134687, 0.00191349955276, 0.00101174646989, 0.00055656657787, 0.000401859084377, 0.000316881923936, 0.000527996744495, 0.000282951077679, 8.79433937371e-05, 9.19876692933e-05, 8.35053142509e-05, 0.000120430537208, 5.96812569711e-05, 3.7703957787e-05, 3.47318164131e-05, 3.65524101653e-05, 3.22016567225e-05, 2.39921791945e-05, 2.15910986299e-05, 2.45607607212e-05, 2.47238949669e-05, 1.07994237624e-05, 1.07874830064e-05, 4.71182056572e-06, 7.31703585188e-06, 6.34371508568e-06, 7.41055873732e-06, 1.03450993265e-05, 7.14166026228e-06, 5.7281890804e-06, 3.97619260184e-06, 4.47723914476e-06, 2.38873712988e-06, 2.23541587729e-06, 1.55233090027e-06, 1.68362987552e-06, 1.6379368617e-06, 1.38600330502e-06, 1.42280839555e-06, 1.39100416163e-06],
        "dmean2": [0.00350858853199, 0.0031992290169, 0.00176335428841, 0.00092175626196, 0.000652657006867, 0.000460382754682, 0.000741551571991, 0.000409156578826, 0.000133446665131, 0.000140762262163, 0.000136435686727, 0.000208227720577, 0.000100827477581, 5.63861394767e-05, 5.12911065016e-05, 5.47671443201e-05, 4.87056349812e-05, 3.59132282028e-05, 3.582410136e-05, 4.31991793448e-05, 4.45200566901e-05, 1.85715634871e-05, 1.98142843146e-05, 8.07144624559e-06, 1.33495705086e-05, 1.14396571007e-05, 1.31159749799e-05, 1.87739460671e-05, 1.26476488731e-05, 1.01858322523e-05, 6.83827192915e-06, 8.06437583378e-06, 4.1812991185e-06, 4.00252201871e-06, 2.60755541603e-06, 2.88493515654e-06, 2.70997338703e-06, 2.30849514082e-06, 2.41160955738e-06, 2.32554839386e-06],
        "dvar": [4.12406370742e-05, 2.79745945591e-05, 7.97470147518e-06, 2.10815596802e-06, 1.24890880215e-06, 3.69011530665e-07, 6.78986509683e-07, 2.83600229523e-07, 3.89232539533e-08, 5.97880216446e-08, 1.16570681996e-07, 1.7869146518e-07, 3.46633406423e-08, 6.37699049122e-09, 5.79099879161e-09, 6.61059607054e-09, 6.06587624574e-09, 2.7934841107e-09, 2.35701813622e-09, 6.76321931792e-09, 7.62610419258e-09, 9.43522704411e-10, 1.31608968168e-09, 2.17826756632e-10, 6.1517291261e-10, 5.70209379713e-10, 5.4934296001e-10, 8.95798324407e-10, 3.67254199274e-10, 2.20980525545e-10, 1.42996683938e-10, 1.93171048601e-10, 4.51280228464e-11, 4.32801884609e-11, 1.65609956304e-11, 2.07535915536e-11, 1.67402758322e-11, 1.15068059248e-11, 1.44989888151e-11, 1.39207265507e-11],
        "dvar2": [5.79969746468e-05, 7.24525598343e-05, 2.23166225624e-05, 5.81602216698e-06, 3.26255508298e-06, 7.15340433999e-07, 1.3499659417e-06, 6.17777857315e-07, 7.89246215049e-08, 1.24463582551e-07, 2.63826677838e-07, 4.47459512998e-07, 9.39520745646e-08, 1.36606903567e-08, 1.14968905507e-08, 1.40256100067e-08, 1.34903421767e-08, 5.57845902804e-09, 5.92602500404e-09, 1.91206908084e-08, 2.18916085259e-08, 2.56747867411e-09, 3.78041464799e-09, 5.67928093442e-10, 1.70937874966e-09, 1.61324831272e-09, 1.51735768394e-09, 2.55162713181e-09, 1.03260544559e-09, 6.20656748218e-10, 3.90278115381e-10, 5.39778499675e-10, 1.22062748797e-10, 1.20488855004e-10, 4.34917934999e-11, 5.52855122793e-11, 4.33417017554e-11, 2.92914477396e-11, 3.91468697736e-11, 3.59663722416e-11],
        "max": [0.0577093660831, 0.0422224327922, 0.0247760079801, 0.0125046772882, 0.0110426470637, 0.00792598538101, 0.00891075842083, 0.0110022779554, 0.00362873612903, 0.0050508021377, 0.00827394798398, 0.00757003342733, 0.00179486488923, 0.00114061217755, 0.00126422964968, 0.00112309399992, 0.001131043653, 0.000703003781382, 0.000504876079503, 0.000788011588156, 0.000795331259724, 0.000247603747994, 0.00024784373818, 0.000115570677735, 0.000167950231116, 0.000233201280935, 0.000194883279619, 0.000221365567995, 0.000125007340102, 0.00012235698523, 0.000107266037958, 0.000110997811134, 4.4508229621e-05, 5.28317614226e-05, 3.08439957735e-05, 3.30963594024e-05, 3.38610952895e-05, 2.85189271381e-05, 2.83469471469e-05, 3.75344170607e-05],
        "mean": [0.00405661901459, 0.00242983177304, 0.000959503930062, 0.000575042970013, 0.000428433675552, 0.000548745738342, 0.00116332329344, 0.000534538994543, 0.00014631418162, 0.000146931037307, 0.000102103862446, 0.000146461141412, 6.41354854451e-05, 5.28525633854e-05, 5.11301659571e-05, 4.68461585115e-05, 3.63599792763e-05, 3.09339047817e-05, 2.33472183027e-05, 2.05374617508e-05, 1.92785155377e-05, 1.00233046396e-05, 7.7967715697e-06, 3.56408031621e-06, 4.91227547172e-06, 4.53557640867e-06, 5.35356502951e-06, 7.93818071543e-06, 6.38836445432e-06, 4.96908296554e-06, 3.43697820426e-06, 3.2541188375e-06, 1.80121082849e-06, 1.68691440194e-06, 1.30271791932e-06, 1.37086340146e-06, 1.49105505898e-06, 1.27172188513e-06, 1.20536606119e-06, 1.37190966143e-06],
        "median": [8.24939925224e-05, 0.000700737466104, 0.00013924362429, 9.51696638367e-05, 6.21042418061e-05, 0.000141817479744, 0.000350880698534, 0.00015327638539, 4.02391633543e-05, 3.3877135138e-05, 1.70749117387e-05, 1.98559209821e-05, 1.27610901473e-05, 9.86562463368e-06, 9.13526946533e-06, 6.54055975247e-06, 3.59593650501e-06, 3.52704432771e-06, 2.25995540859e-06, 8.96341305179e-07, 8.48312026847e-07, 5.87479917158e-07, 4.71009258263e-07, 1.71869686483e-07, 2.63544364998e-07, 3.67314925143e-07, 3.06665072003e-07, 5.70303825498e-07, 9.43910947626e-07, 6.42554709884e-07, 3.02706041566e-07, 1.86304987437e-07, 1.73354678168e-07, 2.1918444304e-07, 1.24974548044e-07, 1.18300960139e-07, 2.92183841566e-07, 2.47267905706e-07, 2.06694068083e-07, 3.94640551349e-07],
        "min": [8.54260314163e-24, 1.90819181529e-24, 1.87955872823e-24, 1.0988359882e-23, 3.977950627e-24, 5.06966272792e-24, 1.64082610747e-23, 1.40569585947e-23, 1.07717268446e-23, 7.15673151448e-24, 1.13865334797e-23, 8.55584969395e-24, 1.58585212648e-23, 1.06422526819e-23, 1.41682368917e-23, 9.95850197028e-24, 8.89980645926e-24, 1.41594395149e-23, 8.52668471742e-24, 1.47476252499e-23, 1.02909847537e-23, 7.26879157265e-24, 4.77516635807e-24, 2.58146112928e-24, 9.49103167532e-24, 7.60165616477e-24, 9.28176344324e-24, 9.02388875763e-24, 6.86258815989e-24, 9.0114373771e-24, 1.22826155702e-23, 9.67672874354e-24, 6.8725901273e-24, 8.40613020503e-24, 8.20064929416e-24, 9.02351562642e-24, 9.62261051886e-24, 1.44490792626e-23, 1.31753102921e-23, 1.01710124207e-23],
        "stdev": [0.0100890072063, 0.00530375773087, 0.00239358143881, 0.00130692613311, 0.00108518195339, 0.00092051923275, 0.0016371748643, 0.00103431753814, 0.000307083973894, 0.000409786734963, 0.000423900753958, 0.000599946186412, 0.000170468934812, 0.000115194408863, 0.000117853960546, 0.000111832618131, 9.33089249884e-05, 7.29218008928e-05, 5.3090552683e-05, 6.87651991029e-05, 6.92162648193e-05, 2.79717187368e-05, 2.78754814644e-05, 1.26679751702e-05, 1.9668130335e-05, 1.87853547686e-05, 1.88356571016e-05, 2.35522238654e-05, 1.56398127729e-05, 1.21502735055e-05, 9.92809782474e-06, 1.1082643141e-05, 5.59946056455e-06, 5.27079919266e-06, 3.59993759957e-06, 3.9138012653e-06, 3.68629525838e-06, 3.13616124004e-06, 3.21386278301e-06, 3.32291733685e-06],
        "var": [0.000101788071333, 2.81298453046e-05, 5.72923227082e-06, 1.70805583366e-06, 1.17761999263e-06, 8.47355636324e-07, 2.6803415949e-06, 1.0698126971e-06, 9.43005602494e-08, 1.67925165329e-07, 1.79691838298e-07, 3.59935398819e-07, 2.90596577912e-08, 1.32697515198e-08, 1.38895552837e-08, 1.25065344747e-08, 8.70655547658e-09, 5.31758947986e-09, 2.81860690343e-09, 4.7286530247e-09, 4.79089168337e-09, 7.82417075573e-10, 7.770424304e-10, 1.60477603428e-10, 3.86835341537e-10, 3.52889550914e-10, 3.54781981571e-10, 5.54707280109e-10, 2.44603753918e-10, 1.4762914502e-10, 9.85671266829e-11, 1.22824986293e-10, 3.13539610941e-11, 2.77813223815e-11, 1.29595509671e-11, 1.53178390111e-11, 1.35887724684e-11, 9.83550740852e-12, 1.03289139394e-11, 1.10417803373e-11]
    },
    "melbands128": {
