{
"lowlevel": {
    "average_loudness": 0.970368206501,
    "barkbands_crest": {
        "dmean": 3.04937028885,
        "dmean2": 4.9462351799,
        "dvar": 7.6697511673,
        "dvar2": 19.3766307831,
        "max": 25.5411453247,
        "mean": 11.6189937592,
        "median": 10.8910160065,
        "min": 3.27374625206,
        "stdev": 4.69599246979,
        "var": 22.0523452759
    },
    "barkbands_flatness_db": {
        "dmean": 0.0319365188479,
        "dmean2": 0.0469967201352,
        "dvar": 0.000992096029222,
        "dvar2": 0.00198109750636,
        "max": 0.366960525513,
        "mean": 0.135982260108,
        "median": 0.124811850488,
        "min": 0.0279189702123,
        "stdev": 0.0575532540679,
        "var": 0.00331237725914
    },
    "barkbands_kurtosis": {
        "dmean": 5.75044345856,
        "dmean2": 9.14548492432,
        "dvar": 105.538749695,
        "dvar2": 240.678909302,
        "max": 133.279876709,
        "mean": 8.71989631653,
        "median": 4.12072086334,
        "min": -1.79798388481,
        "stdev": 13.8277645111,
        "var": 191.207077026
    },
    "barkbands_skewness": {
        "dmean": 0.735033094883,
        "dmean2": 1.11317229271,
        "dvar": 0.677639067173,
        "dvar2": 1.46492660046,
        "max": 10.159696579,
        "mean": 2.16136646271,
        "median": 1.81417989731,
        "min": -1.66254520416,
        "stdev": 1.40342271328,
        "var": 1.96959531307
    },
    "barkbands_spread": {
        "dmean": 8.05168437958,
        "dmean2": 12.5506401062,
        "dvar": 106.027610779,
        "dvar2": 230.839538574,
        "max": 110.856933594,
        "mean": 20.5605888367,
        "median": 17.991153717,
        "min": 0.792786002159,
        "stdev": 14.6243143082,
        "var": 213.870559692
    },
    "dissonance": {
        "dmean": 0.0269348695874,
        "dmean2": 0.0446617119014,
        "dvar": 0.000768620229792,
        "dvar2": 0.00183671852574,
        "max": 0.500000059605,
        "mean": 0.449695318937,
        "median": 0.456872522831,
        "min": 0.0669897645712,
        "stdev": 0.0359527617693,
        "var": 0.00129260099493
    },
    "dynamic_complexity": 2.18569779396,
    "erbbands_crest": {
        "dmean": 2.5083990097,
        "dmean2": 4.12913894653,
        "dvar": 5.84190368652,
        "dvar2": 14.574133873,
        "max": 29.0045948029,
        "mean": 8.5570230484,
        "median": 7.41934108734,
        "min": 2.47696352005,
        "stdev": 4.34140491486,
        "var": 18.8477954865
    },
    "erbbands_flatness_db": {
        "dmean": 0.0204423684627,
        "dmean2": 0.0304064527154,
        "dvar": 0.000344013504218,
        "dvar2": 0.00073993683327,
        "max": 0.252924591303,
        "mean": 0.1244789958,
        "median": 0.124581731856,
        "min": 0.0458865985274,
        "stdev": 0.0345986895263,
        "var": 0.00119706930127
    },
    "erbbands_kurtosis": {
        "dmean": 1.25014567375,
        "dmean2": 1.92570447922,
        "dvar": 2.60983562469,
        "dvar2": 5.51878499985,
        "max": 36.7906074524,
        "mean": 1.45293784142,
        "median": 0.607164382935,
        "min": -1.63241577148,
        "stdev": 2.98731279373,
        "var": 8.92403793335
    },
    "erbbands_skewness": {
        "dmean": 0.387558311224,
        "dmean2": 0.59353095293,
        "dvar": 0.13640011847,
        "dvar2": 0.285770505667,
        "max": 4.33694839478,
        "mean": 0.817850589752,
        "median": 0.699834406376,
        "min": -1.09051036835,
        "stdev": 0.713471651077,
        "var": 0.509041786194
    },
    "erbbands_spread": {
        "dmean": 11.0322704315,
        "dmean2": 16.6300506592,
        "dvar": 150.86907959,
        "dvar2": 347.184509277,
        "max": 139.07635498,
        "mean": 39.6806373596,
        "median": 36.2768211365,
        "min": 4.30100011826,
        "stdev": 19.263469696,
        "var": 371.081298828
    },
    "hfc": {
        "dmean": 11.9891204834,
        "dmean2": 17.2307949066,
        "dvar": 223.290176392,
        "dvar2": 441.25100708,
        "max": 135.779785156,
        "mean": 26.7535800934,
        "median": 20.0787525177,
        "min": 1.14062793401e-16,
        "stdev": 22.7785949707,
        "var": 518.864379883
    },
    "loudness_ebu128": {
        "integrated": -8.68852615356,
        "loudness_range": 2.27465677261,
        "momentary": {
            "dmean": 0.491422653198,
            "dmean2": 0.652548193932,
            "dvar": 0.142275378108,
            "dvar2": 0.220570147038,
            "max": -6.21159172058,
            "mean": -8.8742017746,
            "median": -8.57167625427,
            "min": -13.7409687042,
            "stdev": 1.30868685246,
            "var": 1.71266114712
        },
        "short_term": {
            "dmean": 0.0569547303021,
            "dmean2": 0.0587930865586,
            "dvar": 0.00230068853125,
            "dvar2": 0.00255213072523,
            "max": -7.42497491837,
            "mean": -8.69215488434,
            "median": -8.39216995239,
            "min": -10.5178394318,
            "stdev": 0.806298971176,
            "var": 0.650117993355
        }
    },
    "melbands_crest": {
        "dmean": 4.11320114136,
        "dmean2": 6.6265130043,
        "dvar": 13.5217189789,
        "dvar2": 35.2568092346,
        "max": 35.5512924194,
        "mean": 16.5240802765,
        "median": 15.802195549,
        "min": 2.24812293053,
        "stdev": 6.06339454651,
        "var": 36.764755249
    },
    "melbands_flatness_db": {
        "dmean": 0.0411492139101,
        "dmean2": 0.0591456852853,
        "dvar": 0.0015406558523,
        "dvar2": 0.00299476389773,
        "max": 0.495084792376,
        "mean": 0.226148948073,
        "median": 0.215016812086,
        "min": 0.00710835121572,
        "stdev": 0.0768411159515,
        "var": 0.00590455764905
    },
    "melbands_kurtosis": {
        "dmean": 11.0552759171,
        "dmean2": 17.5541191101,
        "dvar": 294.573852539,
        "dvar2": 701.310058594,
        "max": 172.528930664,
        "mean": 19.0683994293,
        "median": 11.3175506592,
        "min": -1.14955711365,
        "stdev": 22.7941741943,
        "var": 519.57434082
    },
    "melbands_skewness": {
        "dmean": 0.966519832611,
        "dmean2": 1.4688167572,
        "dvar": 1.02160084248,
        "dvar2": 2.12414097786,
        "max": 10.9594364166,
        "mean": 3.03683114052,
        "median": 2.77843999863,
        "min": -0.314308077097,
        "stdev": 1.80031859875,
        "var": 3.24114704132
    },
    "melbands_spread": {
        "dmean": 6.554646492,
        "dmean2": 9.86519241333,
        "dvar": 61.1356010437,
        "dvar2": 128.261169434,
        "max": 136.120544434,
        "mean": 17.3075504303,
        "median": 15.3526983261,
        "min": 0.744885385036,
        "stdev": 12.0949783325,
        "var": 146.288497925
    },
    "pitch_salience": {
        "dmean": 0.0830914452672,
        "dmean2": 0.134712204337,
        "dvar": 0.00547371571884,
        "dvar2": 0.0135426465422,
        "max": 0.872250556946,
        "mean": 0.514756083488,
        "median": 0.519791007042,
        "min": 0.110805742443,
        "stdev": 0.130921825767,
        "var": 0.0171405263245
    },
    "silence_rate_20dB": {
        "dmean": 0,
        "dmean2": 0,
        "dvar": 0,
        "dvar2": 0,
        "max": 1,
        "mean": 1,
        "median": 1,
        "min": 1,
        "stdev": 0,
        "var": 0
    },
    "silence_rate_30dB": {
        "dmean": 0.00464396271855,
        "dmean2": 0.00929511990398,
        "dvar": 0.00462235650048,
        "dvar2": 0.0123072080314,
        "max": 1,
        "mean": 0.996906399727,
        "median": 1,
        "min": 0,
        "stdev": 0.05553381145,
        "var": 0.00308400439098
    },
    "silence_rate_60dB": {
        "dmean": 0.00386996893212,
        "dmean2": 0.00774593325332,
        "dvar": 0.00385494390503,
        "dvar2": 0.00923515483737,
        "max": 1,
        "mean": 0.00541376648471,
        "median": 0,
        "min": 0,
        "stdev": 0.0733785033226,
        "var": 0.0053844046779
    },
    "spectral_centroid": {
        "dmean": 295.494934082,
        "dmean2": 443.630432129,
        "dvar": 165134.828125,
        "dvar2": 289887.8125,
        "max": 10644.8212891,
        "mean": 1079.52954102,
        "median": 1010.10784912,
        "min": 174.683227539,
        "stdev": 577.25189209,
        "var": 333219.75
    },
    "spectral_complexity": {
        "dmean": 4.84442710876,
        "dmean2": 6.78698682785,
        "dvar": 23.6065330505,
        "dvar2": 46.1859703064,
        "max": 51,
        "mean": 18.6125297546,
        "median": 18,
        "min": 0,
        "stdev": 8.18732643127,
        "var": 67.0323104858
    },
    "spectral_decrease": {
        "dmean": 3.50777207281e-09,
        "dmean2": 5.32476196469e-09,
        "dvar": 1.44149737869e-17,
        "dvar2": 3.20290487404e-17,
        "max": -2.56333120488e-29,
        "mean": -1.04356736585e-08,
        "median": -9.42241573654e-09,
        "min": -3.81072631228e-08,
        "stdev": 5.80770720404e-09,
        "var": 3.37294640733e-17
    },
    "spectral_energy": {
        "dmean": 0.0138601930812,
        "dmean2": 0.0208740271628,
        "dvar": 0.000219356807065,
        "dvar2": 0.000474035012303,
        "max": 0.145084008574,
        "mean": 0.0418132692575,
        "median": 0.0384439118207,
        "min": 1.04425639286e-20,
        "stdev": 0.0230061411858,
        "var": 0.000529282551724
    },
    "spectral_energyband_high": {
        "dmean": 0.000858905317727,
        "dmean2": 0.00129141961224,
        "dvar": 1.60716717801e-06,
        "dvar2": 3.63672916137e-06,
        "max": 0.0135940723121,
        "mean": 0.00133379979525,
        "median": 0.000737207301427,
        "min": 7.00350640973e-21,
        "stdev": 0.00164302054327,
        "var": 2.69951647169e-06
    },
    "spectral_energyband_low": {
        "dmean": 0.00930374674499,
        "dmean2": 0.015133863315,
        "dvar": 0.000172427608049,
        "dvar2": 0.000432432803791,
        "max": 0.137823075056,
        "mean": 0.0209396779537,
        "median": 0.0167091712356,
        "min": 1.26262400673e-22,
        "stdev": 0.01746968925,
        "var": 0.000305190013023
    },
    "spectral_energyband_middle_high": {
        "dmean": 0.00310254981741,
        "dmean2": 0.0043152696453,
        "dvar": 1.76832181751e-05,
        "dvar2": 3.1581872463e-05,
        "max": 0.057362485677,
        "mean": 0.00650920905173,
        "median": 0.00332822953351,
        "min": 1.79093609516e-21,
        "stdev": 0.00845825951546,
        "var": 7.15421483619e-05
    },
    "spectral_energyband_middle_low": {
        "dmean": 0.00639489479363,
        "dmean2": 0.0098784994334,
        "dvar": 5.92549185967e-05,
        "dvar2": 0.000122707322589,
        "max": 0.0710694417357,
        "mean": 0.0142373898998,
        "median": 0.0109472647309,
        "min": 3.40275845665e-22,
        "stdev": 0.0117006544024,
        "var": 0.000136905306135
    },
    "spectral_entropy": {
        "dmean": 0.25545462966,
        "dmean2": 0.378361344337,
        "dvar": 0.0621521435678,
        "dvar2": 0.130260273814,
        "max": 9.8067111969,
        "mean": 7.60351276398,
        "median": 7.61108016968,
        "min": 6.11390113831,
        "stdev": 0.440822482109,
        "var": 0.194324448705
    },
    "spectral_flux": {
        "dmean": 0.0349488817155,
        "dmean2": 0.0538607947528,
        "dvar": 0.0010127753485,
        "dvar2": 0.00208649854176,
        "max": 0.284272104502,
        "mean": 0.104134440422,
        "median": 0.0951662883162,
        "min": 1.02188861539e-10,
        "stdev": 0.048545114696,
        "var": 0.00235662818886
    },
    "spectral_kurtosis": {
        "dmean": 1.72126019001,
        "dmean2": 2.64712548256,
        "dvar": 3.65314459801,
        "dvar2": 7.84526348114,
        "max": 23.0523071289,
        "mean": 4.45578050613,
        "median": 3.64855289459,
        "min": -1.19332480431,
        "stdev": 3.116792202,
        "var": 9.71439361572
    },
    "spectral_rms": {
        "dmean": 0.00107222178485,
        "dmean2": 0.00157769885845,
        "dvar": 1.10552775823e-06,
        "dvar2": 2.18673471863e-06,
        "max": 0.0118972845376,
        "mean": 0.00612805178389,
        "median": 0.00612423522398,
        "min": 3.19184392458e-12,
        "stdev": 0.00180010613985,
        "var": 3.2403820569e-06
    },
    "spectral_rolloff": {
        "dmean": 563.08190918,
        "dmean2": 933.818237305,
        "dvar": 1607810.375,
        "dvar2": 3369559.25,
        "max": 19121.484375,
        "mean": 1016.29168701,
        "median": 689.0625,
        "min": 64.599609375,
        "stdev": 1432.61352539,
        "var": 2052381.5
    },
    "spectral_skewness": {
        "dmean": 0.28947404027,
        "dmean2": 0.432550102472,
        "dvar": 0.0834036692977,
        "dvar2": 0.174065500498,
        "max": 4.21972417831,
        "mean": 1.79132509232,
        "median": 1.7143881321,
        "min": 0.054671689868,
        "stdev": 0.52331250906,
        "var": 0.273855954409
    },
    "spectral_spread": {
        "dmean": 1096102.5,
        "dmean2": 1610699.375,
        "dvar": 1.85814705766e+12,
        "dvar2": 2.84196864e+12,
        "max": 40230016,
        "mean": 6058417,
        "median": 5933276,
        "min": 2497418,
        "stdev": 2151805.75,
        "var": 4.63026834637e+12
    },
    "spectral_strongpeak": {
        "dmean": 0.547718882561,
        "dmean2": 0.91529160738,
        "dvar": 0.822098970413,
        "dvar2": 1.75024700165,
        "max": 7.31650447845,
        "mean": 0.905257761478,
        "median": 0.319021493196,
        "min": 0,
        "stdev": 1.34022605419,
        "var": 1.79620599747
    },
    "zerocrossingrate": {
        "dmean": 0.0138846477494,
        "dmean2": 0.0161159280688,
        "dvar": 0.000361340673408,
        "dvar2": 0.000448406295618,
        "max": 0.501953125,
        "mean": 0.0496105849743,
        "median": 0.04541015625,
        "min": 0.0029296875,
        "stdev": 0.0326323434711,
        "var": 0.00106486980803
    },
    "barkbands": {
        "dmean": [0.00089636805933, 0.00743383960798, 0.00261969328858, 0.00158290786203, 0.00134782504756, 0.000653667782899, 0.0014923166018, 0.00252975756302, 0.00141785060987, 0.00158604932949, 0.000501651258674, 0.000449573941296, 0.00081299233716, 0.000371111033019, 0.000219677414862, 0.000116658884508, 0.000115954113426, 0.000141894517583, 0.000130678381538, 0.000156744776177, 0.00021162853227, 9.44947241805e-05, 0.00011718521273, 0.000202434530365, 0.000197554152692, 0.000115196104161, 9.84209964372e-06],
        "dmean2": [0.00145053828601, 0.0124162593856, 0.00434932578355, 0.00256116036326, 0.00219141086563, 0.00107334635686, 0.00242360541597, 0.0039574126713, 0.00213235639967, 0.00235204491764, 0.000731409352738, 0.000706666556653, 0.00125478429254, 0.00058017775882, 0.000340829981724, 0.000180296148756, 0.000176412650035, 0.000221438109293, 0.000196911933017, 0.000246156938374, 0.000318320380757, 0.000150807696627, 0.000181846204214, 0.000313810887747, 0.000308394664899, 0.000185629061889, 1.6492260329e-05],
        "dvar": [2.71381236416e-06, 0.0001304034231, 2.53345715464e-05, 6.34469643046e-06, 3.05092362396e-06, 2.29717193179e-06, 7.69176403992e-06, 2.45161936618e-05, 7.98380642664e-06, 9.5460063676e-06, 1.44214959619e-06, 9.81580910775e-07, 2.80426343124e-06, 7.55848986955e-07, 2.93990467526e-07, 5.67832572074e-08, 3.44826922571e-08, 5.27724530741e-08, 4.16848706664e-08, 6.66894308665e-08, 1.41143942756e-07, 3.15908508242e-08, 3.45344837172e-08, 9.10828461542e-08, 9.77158833848e-08, 4.37892850869e-08, 4.33749175466e-10],
        "dvar2": [6.39186873741e-06, 0.000343095627613, 6.38791680103e-05, 1.65374458447e-05, 8.01786154625e-06, 6.13022075413e-06, 1.68233291333e-05, 5.28032287548e-05, 1.7179749193e-05, 1.93847517949e-05, 2.60679780695e-06, 2.03962940759e-06, 6.66366349833e-06, 1.68076314822e-06, 6.24549670647e-07, 1.04856127336e-07, 6.99310405139e-08, 1.19294668366e-07, 8.20607084506e-08, 1.54629930194e-07, 3.10980709628e-07, 8.29172321914e-08, 8.09104676591e-08, 2.00865571287e-07, 2.21464546257e-07, 9.71449125586e-08, 1.07973108232e-09],
        "max": [0.0227147303522, 0.112354926765, 0.0638080239296, 0.0274487920105, 0.0211658850312, 0.0303360782564, 0.0633417144418, 0.0467707104981, 0.0363249108195, 0.0435505025089, 0.0336132757366, 0.0136538352817, 0.0235840938985, 0.0104908430949, 0.00948223751038, 0.00541791971773, 0.00220139278099, 0.00260058348067, 0.00388779421337, 0.00347817246802, 0.00460333749652, 0.00221185479313, 0.0016742447624, 0.00227986415848, 0.00285552465357, 0.0030050650239, 0.000237832311541],
        "mean": [0.00133122527041, 0.0148947564885, 0.00378977111541, 0.00229495880194, 0.00244231079705, 0.00107795663644, 0.00242446968332, 0.00325220567174, 0.00218738266267, 0.00260924105532, 0.000877504935488, 0.000662763719447, 0.00102486251853, 0.000457441434264, 0.000266916293185, 0.000170691375388, 0.000179053007741, 0.000213472012547, 0.000203874777071, 0.000223082824959, 0.000274394958979, 0.000108917876787, 0.000155365472892, 0.000276680482784, 0.000264389760559, 0.000140400341479, 9.17622219276e-06],
        "median": [0.000411126820836, 0.0116483578458, 0.00179145322181, 0.00123874843121, 0.0018324626144, 0.000632679206319, 0.00106512522325, 0.000625740154646, 0.000688706990331, 0.000826717994642, 0.000238651264226, 0.000309296476189, 0.000303434149828, 0.00015242434165, 0.000102158584923, 6.59985016682e-05, 6.48977802484e-05, 9.84321013675e-05, 0.000104836770333, 9.03381951503e-05, 9.91496563074e-05, 3.42164239555e-05, 5.33363054274e-05, 0.000100744517113, 0.000114667018352, 6.5117237682e-05, 2.34953108702e-06],
        "min": [2.23863484109e-23, 2.51595983895e-23, 7.33633005682e-23, 2.64759705821e-23, 8.96941664995e-23, 8.14780476429e-23, 4.54582958345e-23, 2.1612049878e-23, 4.89912346421e-23, 6.34689905764e-23, 1.2849761596e-23, 1.98989532253e-22, 1.34572173097e-22, 1.53049794608e-22, 1.97808361354e-22, 1.72446394898e-22, 1.98122189154e-22, 2.33138714995e-22, 2.32623898057e-22, 4.29588152999e-22, 4.11678056955e-22, 3.81708713673e-22, 5.29588806158e-22, 8.72338999249e-22, 1.04073841149e-21, 1.58888551754e-21, 2.18024210733e-21],
        "stdev": [0.00209594797343, 0.0141879580915, 0.00680526345968, 0.00295334588736, 0.00221795216203, 0.00157695566304, 0.00413515977561, 0.00629785796627, 0.00397699419409, 0.00518347602338, 0.00274990079924, 0.00114838266745, 0.00200516963378, 0.000980274868198, 0.000603240914643, 0.000321137340507, 0.000268817326287, 0.000283155182842, 0.000275909958873, 0.000314009259455, 0.000448652222985, 0.000176755536813, 0.000225101030082, 0.000385890773032, 0.000382388418075, 0.000248314376222, 2.02905375772e-05],
        "var": [4.39299765276e-06, 0.000201298156753, 4.63116120955e-05, 8.72225155035e-06, 4.91931177748e-06, 2.48678929893e-06, 1.70995481312e-05, 3.96630166506e-05, 1.58164839377e-05, 2.6868421628e-05, 7.56195458962e-06, 1.31878266529e-06, 4.02070554628e-06, 9.60938905337e-07, 3.63899602007e-07, 1.03129188744e-07, 7.22627575556e-08, 8.01768536007e-08, 7.61262981541e-08, 9.86018164895e-08, 2.01288827384e-07, 3.12425179061e-08, 5.06704722625e-08, 1.48911695419e-07, 1.46220912711e-07, 6.16600317471e-08, 4.11705891601e-10]
    },
    "erbbands": {
        "dmean": [0.299026727676, 1.46430015564, 2.85453510284, 3.84267926216, 5.22528600693, 4.7162861824, 5.3790602684, 5.58854532242, 16.1235675812, 37.6326065063, 47.6892433167, 36.0036354065, 32.0307731628, 48.2210464478, 15.5736093521, 21.7613582611, 33.9426994324, 22.4580249786, 13.7534742355, 7.13069391251, 6.07709980011, 5.71103858948, 7.64737939835, 7.0859208107, 7.14841651917, 7.08730125427, 8.59229755402, 6.93032979965, 3.72653150558, 2.80036401749, 3.7344956398, 3.97109889984, 3.52413201332, 2.40113353729, 1.3270881176, 0.595072388649, 0.202219486237, 0.0330761633813, 0.00106039410457, 3.62283280992e-05],
        "dmean2": [0.500108420849, 2.45307159424, 4.80047893524, 6.31929397583, 8.53880119324, 7.65233564377, 8.77807331085, 9.13494205475, 25.6303062439, 59.1921310425, 73.6829223633, 53.6770324707, 47.9843978882, 71.9135360718, 23.3066978455, 34.1585388184, 52.9573898315, 33.6839408875, 20.1552448273, 10.8881139755, 9.34458827972, 8.56501579285, 11.6261768341, 10.7574777603, 10.6202173233, 10.9795541763, 12.8895778656, 10.4226779938, 5.98992681503, 4.42603635788, 5.81434106827, 6.19308614731, 5.42442655563, 3.76006627083, 2.0843873024, 0.951479256153, 0.327794015408, 0.0536269955337, 0.00174730014987, 5.54859616386e-05],
        "dvar": [0.228869244456, 5.18684482574, 26.4325485229, 36.2987060547, 68.3327484131, 37.8649559021, 137.850982666, 101.898887634, 887.783874512, 5374.13183594, 11199.46875, 4889.72216797, 6387.00146484, 11070.6806641, 710.354614258, 2454.06103516, 4967.87548828, 2280.89257812, 1260.27612305, 184.306488037, 119.058143616, 79.6023025513, 129.133255005, 120.079040527, 118.814170837, 129.723327637, 228.941833496, 158.606048584, 55.3268432617, 21.5066356659, 39.3427238464, 38.3864555359, 28.7027053833, 14.7297582626, 4.72983789444, 1.17822873592, 0.141769722104, 0.00399415194988, 4.38928964286e-06, 2.40947772845e-09],
        "dvar2": [0.609811723232, 13.6939468384, 68.7841567993, 95.9146499634, 182.47265625, 90.829864502, 366.537017822, 268.319732666, 2010.83984375, 11302.4121094, 24746.5625, 10238.6884766, 14209.6542969, 23415.0234375, 1690.25402832, 5065.97753906, 12107.2949219, 4781.69433594, 2444.65039062, 392.972045898, 240.04397583, 156.054168701, 275.958068848, 263.024841309, 249.854476929, 291.164489746, 509.317596436, 343.829589844, 146.033370972, 53.0867538452, 93.2975692749, 87.2533798218, 64.5717849731, 34.3415985107, 10.9149932861, 2.72755885124, 0.313802748919, 0.00897230021656, 1.06786501419e-05, 5.30562527246e-09],
        "max": [6.54489469528, 20.0879631042, 59.4755783081, 63.0786819458, 110.828567505, 99.5128936768, 200.387512207, 175.722457886, 440.306030273, 1299.47290039, 1140.73535156, 991.459228516, 1338.9934082, 1863.60107422, 469.932922363, 698.455505371, 1111.03833008, 534.618530273, 711.733886719, 177.218887329, 194.04019165, 129.477523804, 122.165428162, 147.984268188, 174.040115356, 168.658950806, 193.005615234, 111.066261292, 98.9406280518, 49.9518852234, 63.6207847595, 52.9261169434, 46.7963294983, 36.0370750427, 20.5528888702, 12.0260629654, 5.9474902153, 1.00364780426, 0.0245093349367, 0.000695761002135],
        "mean": [0.568191349506, 2.80770254135, 4.39135694504, 6.15283632278, 7.88651561737, 8.29928779602, 9.14579582214, 9.71963405609, 28.6308460236, 55.6046562195, 61.3623313904, 58.9283294678, 48.9663047791, 93.514213562, 28.0473518372, 31.1910018921, 45.5774993896, 30.3010101318, 17.8502807617, 9.91390132904, 9.2954492569, 9.43784427643, 12.1477060318, 10.7403240204, 10.9520864487, 10.3835039139, 11.8309412003, 8.44396781921, 4.25437021255, 3.60719943047, 4.84811401367, 5.27784633636, 4.77312803268, 3.24074602127, 1.67203760147, 0.731060147285, 0.239948064089, 0.0374867022038, 0.0011243885383, 8.04545998108e-05],
        "median": [0.447576522827, 1.99080324173, 2.59410572052, 3.52338695526, 4.69469738007, 5.80981636047, 4.86355781555, 6.03725862503, 12.7554731369, 17.5689315796, 14.717206955, 18.3010749817, 15.0495424271, 24.380613327, 12.9167032242, 14.183807373, 15.0516672134, 9.96527481079, 7.56805419922, 4.09122657776, 3.52888083458, 3.90693426132, 5.91091537476, 5.49832057953, 5.76797533035, 4.403881073, 4.93389177322, 2.89344596863, 1.36862397194, 1.23841798306, 1.65989398956, 1.81718933582, 1.91359162331, 1.44925737381, 0.655294060707, 0.300592511892, 0.100430339575, 0.0153482975438, 0.000443000724772, 6.68326101732e-05],
        "min": [8.44895676937e-22, 6.379256062e-21, 6.76351077943e-20, 9.8408520715e-20, 1.12673295615e-19, 3.39768339865e-19, 6.60077359217e-19, 5.30754442985e-19, 8.99781944724e-19, 3.62110358963e-19, 5.8409627046e-19, 1.23807823914e-18, 2.18724503778e-18, 1.01044330444e-18, 3.60205310313e-18, 6.53595313443e-18, 6.17909707841e-18, 8.037397202e-18, 1.16474177088e-17, 5.68290534335e-18, 1.11397116196e-17, 1.18388198579e-17, 9.94084484343e-18, 1.70125971886e-17, 1.10930528428e-17, 2.1050906174e-17, 1.38469182545e-17, 1.96322616449e-17, 1.01583867271e-17, 1.77445196818e-17, 1.70217044471e-17, 1.75412466637e-17, 1.5212850699e-17, 1.20390248631e-17, 6.52596575571e-18, 4.76752039413e-18, 3.01125610102e-18, 1.30349757564e-18, 2.93450594109e-19, 3.31520127774e-20],
        "stdev": [0.550277173519, 2.96616411209, 6.43473577499, 7.62025117874, 9.2142162323, 8.73666763306, 12.8151350021, 12.1423063278, 46.5935707092, 109.454833984, 125.942298889, 105.144805908, 92.0974273682, 222.802581787, 39.8830680847, 56.5590667725, 85.9370193481, 57.9980735779, 42.4693183899, 17.2298145294, 14.6837520599, 13.7076320648, 15.3898210526, 14.0804576874, 14.3187923431, 14.4471750259, 18.8106060028, 14.3487215042, 7.15786981583, 5.24483966827, 7.33549928665, 7.70294141769, 6.73108196259, 4.66337347031, 2.56980276108, 1.27415466309, 0.440869301558, 0.070492811501, 0.00214296299964, 6.39748832327e-05],
        "var": [0.302804976702, 8.7981300354, 41.4058227539, 58.0682296753, 84.9017791748, 76.3293609619, 164.22769165, 147.435592651, 2170.96069336, 11980.3613281, 15861.4619141, 11055.4296875, 8481.93554688, 49640.9882812, 1590.65905762, 3198.92797852, 7385.17089844, 3363.77636719, 1803.64294434, 296.866516113, 215.612579346, 187.899185181, 236.846603394, 198.259292603, 205.027801514, 208.720870972, 353.838897705, 205.885803223, 51.2350997925, 27.5083408356, 53.809551239, 59.3353042603, 45.3074645996, 21.7470531464, 6.60388660431, 1.62347006798, 0.194365739822, 0.00496923690662, 4.59229022454e-06, 4.09278611002e-09]
    },
    "gfcc": {
        "mean": [31.0698223114, 85.5683364868, -83.5587234497, 20.2619380951, -56.1329040527, 28.1016082764, -28.306974411, 22.6078033447, -27.176700592, 12.6103019714, -12.4820308685, 1.44549655914, -13.0063533783],
        "cov": [[5141.69189453, -1283.15014648, -558.656494141, -40.9664230347, -591.514831543, 49.4970321655, -94.3450698853, 353.617431641, -203.762573242, 135.099380493, -122.160255432, -91.5956268311, -155.687057495], [-1283.15014648, 1041.05212402, 140.384780884, -15.5704526901, 248.348449707, -75.0711135864, 61.7905731201, -122.608772278, 87.9634933472, -76.4718856812, 80.6588439941, -7.56433296204, 66.9735946655], [-558.656494141, 140.384780884, 516.395751953, 47.9094238281, 113.33795929, 40.4428787231, 13.2955055237, -94.6518478394, 13.8075647354, -11.2888059616, -12.4922447205, 31.0216503143, -18.683839798], [-40.9664230347, -15.5704526901, 47.9094238281, 240.942626953, 82.4999237061, 0.810358762741, -45.3657073975, -20.9746551514, 38.2508010864, -9.67356300354, -6.81699371338, 12.9186706543, 16.3035449982], [-591.514831543, 248.348449707, 113.33795929, 82.4999237061, 275.051361084, 14.435087204, -11.881942749, -61.3954582214, 53.8253746033, -10.6260967255, 4.62732982635, 33.0539894104, 35.7419509888], [49.4970321655, -75.0711135864, 40.4428787231, 0.810358762741, 14.435087204, 137.774108887, 63.0328941345, 2.97112345695, -0.845105171204, -6.04962730408, -0.901163101196, 6.15488576889, -4.14968204498], [-94.3450698853, 61.7905731201, 13.2955055237, -45.3657073975, -11.881942749, 63.0328941345, 159.285522461, 15.5757274628, -9.54364967346, -22.1257762909, 15.3055200577, -4.39493894577, -2.61171555519], [353.617431641, -122.608772278, -94.6518478394, -20.9746551514, -61.3954582214, 2.97112345695, 15.5757274628, 129.74281311, 3.72372627258, 17.4625053406, 10.8406610489, -20.6113624573, -0.438725471497], [-203.762573242, 87.9634933472, 13.8075647354, 38.2508010864, 53.8253746033, -0.845105171204, -9.54364967346, 3.72372627258, 112.221435547, 13.9346427917, -1.94330573082, 23.8070850372, 18.1034564972], [135.099380493, -76.4718856812, -11.2888059616, -9.67356300354, -10.6260967255, -6.04962730408, -22.1257762909, 17.4625053406, 13.9346427917, 88.5963287354, 18.2198696136, -15.083527565, 6.09077358246], [-122.160255432, 80.6588439941, -12.4922447205, -6.81699371338, 4.62732982635, -0.901163101196, 15.3055200577, 10.8406610489, -1.94330573082, 18.2198696136, 85.8787155151, 0.743511140347, 11.3898763657], [-91.5956268311, -7.56433296204, 31.0216503143, 12.9186706543, 33.0539894104, 6.15488576889, -4.39493894577, -20.6113624573, 23.8070850372, -15.083527565, 0.743511140347, 97.5202026367, 13.9274482727], [-155.687057495, 66.9735946655, -18.683839798, 16.3035449982, 35.7419509888, -4.14968204498, -2.61171555519, -0.438725471497, 18.1034564972, 6.09077358246, 11.3898763657, 13.9274482727, 69.9690628052]],
        "icov": [[0.00042750639841, -1.65788935647e-06, 0.00027514345129, -0.000331259361701, 0.0005287436652, -0.000387102656532, 0.000278619263554, -0.000828770978842, 0.000728913699277, -0.000755492248572, 0.000740449526347, -0.000351801631041, 0.000642295577563], [-1.65788935647e-06, 0.00273762410507, -0.000367497617844, 0.00121860136278, -0.00183248077519, 0.00229241629131, -0.00131027016323, 0.00201968266629, -0.00249140127562, 0.0031765375752, -0.00296897767112, 0.00235956534743, -0.00158867635764], [0.00027514345129, -0.000367497617844, 0.00272557442077, -0.000624226115178, -0.000152362554218, -0.00104518933222, 5.22348636878e-06, 0.000659115728922, 0.000805713003501, -0.00130705465563, 0.00106429704465, -0.000958474527579, 0.00178026151843], [-0.000331259361701, 0.00121860136278, -0.000624226115178, 0.00593220954761, -0.00226583029144, 0.000672223512083, 0.000966163526755, 0.00144896213897, -0.0028806203045, 0.00312821171246, -0.00197206437588, 0.00172482617199, -0.0017593067605], [0.0005287436652, -0.00183248077519, -0.000152362554218, -0.00226583029144, 0.00728054530919, -0.00252634496428, 0.0014110741904, -0.000544524868019, 0.000660312827677, -0.00240985560231, 0.00225425162353, -0.00216507446021, -0.000298918079352], [-0.000387102656532, 0.00229241629131, -0.00104518933222, 0.000672223512083, -0.00252634496428, 0.0116040939465, -0.00536856427789, 0.00190473347902, -0.00227218540385, 0.00243749353103, -0.0022432715632, 0.00146992539521, -0.00125277158804], [0.000278619263554, -0.00131027016323, 5.22348636878e-06, 0.000966163526755, 0.0014110741904, -0.00536856427789, 0.00993133056909, -0.00246659084223, 0.0012642480433, 0.00103620951995, -0.000161654417752, -0.000424157420639, 0.000659862766042], [-0.000828770978842, 0.00201968266629, 0.000659115728922, 0.00144896213897, -0.000544524868019, 0.00190473347902, -0.00246659084223, 0.0133297219872, -0.004805885721, 0.00253893644549, -0.00439911382273, 0.00371170486324, -0.00255656451918], [0.000728913699277, -0.00249140127562, 0.000805713003501, -0.0028806203045, 0.000660312827677, -0.00227218540385, 0.0012642480433, -0.004805885721, 0.0148265650496, -0.00668967980891, 0.00520302867517, -0.00531566143036, 0.00139529269654], [-0.000755492248572, 0.0031765375752, -0.00130705465563, 0.00312821171246, -0.00240985560231, 0.00243749353103, 0.00103620951995, 0.00253893644549, -0.00668967980891, 0.0190073531121, -0.00803089980036, 0.00601613009349, -0.00418327515945], [0.000740449526347, -0.00296897767112, 0.00106429704465, -0.00197206437588, 0.00225425162353, -0.0022432715632, -0.000161654417752, -0.00439911382273, 0.00520302867517, -0.00803089980036, 0.0176213309169, -0.00398879731074, 0.00119333399925], [-0.000351801631041, 0.00235956534743, -0.000958474527579, 0.00172482617199, -0.00216507446021, 0.00146992539521, -0.000424157420639, 0.00371170486324, -0.00531566143036, 0.00601613009349, -0.00398879731074, 0.0144001813605, -0.00386400590651], [0.000642295577563, -0.00158867635764, 0.00178026151843, -0.0017593067605, -0.000298918079352, -0.00125277158804, 0.000659862766042, -0.00255656451918, 0.00139529269654, -0.00418327515945, 0.00119333399925, -0.00386400590651, 0.018792193383]]
    },
    "melbands": {
        "dmean": [0.00229042721912, 0.00144758482929, 0.000701845274307, 0.000317749538226, 0.000188420206541, 0.000122863508295, 0.000265869515715, 0.000451972300652, 0.000382205238566, 0.000212656130316, 0.000162318188814, 0.000205355900107, 5.48392963537e-05, 5.17558110005e-05, 7.56373556214e-05, 6.69463770464e-05, 4.1896932089e-05, 2.31838093896e-05, 1.35042519105e-05, 8.63525929162e-06, 7.20511570762e-06, 5.92502465224e-06, 6.69943074172e-06, 7.64433116274e-06, 5.82455277254e-06, 5.20512003277e-06, 6.02457521381e-06, 4.46579861091e-06, 5.16867521583e-06, 6.22204879619e-06, 3.23302538163e-06, 2.19928551815e-06, 1.72139084498e-06, 1.55466966589e-06, 2.23681740863e-06, 2.24489394895e-06, 2.67532755061e-06, 2.52172935689e-06, 2.52388349509e-06, 1.96715086531e-06],
        "dmean2": [0.00380622805096, 0.00241676298901, 0.00112812488806, 0.000519792141858, 0.0003020944132, 0.000202065813937, 0.000429275038186, 0.000711759843398, 0.000590612064116, 0.000317937927321, 0.000243458038312, 0.000306905829348, 8.14531376818e-05, 8.07197648101e-05, 0.000121707838844, 0.000103072037746, 6.36833065073e-05, 3.50738082489e-05, 2.1202260541e-05, 1.31441065605e-05, 1.13684527605e-05, 8.99221686268e-06, 1.016958322e-05, 1.21383391161e-05, 8.94408549357e-06, 7.88748729974e-06, 9.34085164772e-06, 6.97446057529e-06, 7.85775409895e-06, 9.65274921327e-06, 4.87610759592e-06, 3.56422242476e-06, 2.76697369372e-06, 2.47696334554e-06, 3.54863777829e-06, 3.46264300788e-06, 4.22522953158e-06, 3.90256855098e-06, 3.99157624997e-06, 3.11127814712e-06],
        "dvar": [1.29005202325e-05, 4.96217489854e-06, 1.07731978005e-06, 1.85821463106e-07, 1.1941511957e-07, 5.63944162479e-08, 2.48447491913e-07, 7.76735191721e-07, 7.7741702853e-07, 1.85906145589e-07, 1.58970721031e-07, 1.97562968651e-07, 1.22253309698e-08, 1.23196350899e-08, 3.30960858719e-08, 1.79585430971e-08, 9.03485375403e-09, 4.29730695473e-09, 8.53731918493e-10, 3.94441757035e-10, 1.70869915439e-10, 9.37284763691e-11, 9.98254048867e-11, 1.86407042579e-10, 8.47069844823e-11, 8.20066931029e-11, 1.13364824472e-10, 5.29352256473e-11, 8.77525552223e-11, 1.52584334057e-10, 3.5557744249e-11, 2.19225991527e-11, 1.08475338087e-11, 6.54782738446e-12, 1.5915649007e-11, 1.43019051463e-11, 1.75776112415e-11, 1.54842944022e-11, 1.50240635904e-11, 1.15172073267e-11],
        "dvar2": [3.38623103744e-05, 1.28981773742e-05, 2.79736218545e-06, 4.91695118399e-07, 3.08238440994e-07, 1.47587186916e-07, 5.67350753045e-07, 1.62764899869e-06, 1.71441570274e-06, 3.90721822896e-07, 3.53739693537e-07, 4.1338120127e-07, 2.75559628449e-08, 2.5625558564e-08, 7.67103784938e-08, 4.10523313121e-08, 1.9107655902e-08, 8.57429505174e-09, 2.05828398769e-09, 6.6891336914e-10, 3.78692827097e-10, 1.82928810988e-10, 2.2185869808e-10, 4.18474505048e-10, 1.93313906549e-10, 1.74170775025e-10, 2.79746309451e-10, 1.18185308762e-10, 1.98406555074e-10, 3.68170827159e-10, 7.49818401813e-11, 5.8627637467e-11, 2.87877742478e-11, 1.58760140451e-11, 3.92588357656e-11, 3.30375483915e-11, 4.1325384087e-11, 3.51083155603e-11, 3.40120570597e-11, 2.79501612827e-11],
        "max": [0.0426156967878, 0.0215070080012, 0.0100296949968, 0.00528282625601, 0.00541209243238, 0.00440383050591, 0.00884525850415, 0.0126000810415, 0.0102433105931, 0.00654762797058, 0.00664121890441, 0.00767496228218, 0.00224033300765, 0.00154226727318, 0.00244597531855, 0.00169536727481, 0.00112062261906, 0.0013085368555, 0.00044963406981, 0.000532682577614, 0.000179685928742, 0.000140333271702, 0.000102248137409, 0.000156688314746, 0.00011533954239, 0.000178605070687, 0.000152211476234, 8.61023872858e-05, 0.00012270375737, 0.000150377731188, 5.16469590366e-05, 6.23413579888e-05, 3.61445599992e-05, 2.39315377257e-05, 4.36693371739e-05, 3.65330452041e-05, 3.34990072588e-05, 3.48261564795e-05, 3.38442841894e-05, 3.82741563953e-05],
        "mean": [0.00463752169162, 0.00267675844952, 0.00115930230822, 0.000560340296943, 0.000340599624906, 0.000210637721466, 0.000458235706901, 0.000646467262413, 0.000489467987791, 0.000343579245964, 0.000236846681219, 0.000391946086893, 9.60856195888e-05, 8.02551730885e-05, 9.45668434724e-05, 8.85075933184e-05, 5.28003620275e-05, 2.88925821224e-05, 1.61332591233e-05, 1.24692005556e-05, 1.04732353066e-05, 9.3356193247e-06, 1.08277035906e-05, 1.07858013507e-05, 8.33782087284e-06, 7.89037039794e-06, 8.09240009403e-06, 6.3709967435e-06, 7.12373321221e-06, 7.3944511314e-06, 3.88035368815e-06, 2.37000836023e-06, 1.96650626094e-06, 2.01072634809e-06, 2.77682102023e-06, 2.83958547698e-06, 3.43329111274e-06, 3.30935677084e-06, 3.32048762175e-06, 2.52637369158e-06],
        "median": [0.00373681262136, 0.00180887209717, 0.000698843388818, 0.000408553198213, 0.000199550500838, 0.000130068699946, 0.000196904496988, 0.000182119896635, 0.000123416248243, 0.000104090140667, 7.32321132091e-05, 0.000100503842987, 3.67850843759e-05, 4.07433617511e-05, 3.07641676045e-05, 2.61721470451e-05, 1.69509930856e-05, 1.13644782687e-05, 6.64889057589e-06, 4.84511338072e-06, 3.65741630048e-06, 3.24145821651e-06, 5.08445964442e-06, 4.68113194074e-06, 3.81657446269e-06, 3.76973184757e-06, 3.37942537953e-06, 2.51814617513e-06, 2.93593348033e-06, 2.30378100241e-06, 1.29852003283e-06, 6.47994056635e-07, 5.69767450997e-07, 6.68948928251e-07, 8.68835229539e-07, 9.30040016556e-07, 1.04760863451e-06, 1.22170888517e-06, 1.38043424158e-06, 1.05551941942e-06],
        "min": [8.02561841423e-24, 2.58354486592e-23, 1.72297934431e-23, 1.49667960529e-23, 2.21415980042e-23, 1.32462951518e-23, 1.31059457527e-23, 3.31420661123e-24, 4.58749595429e-24, 8.67461270323e-24, 1.07641277475e-23, 4.16457697338e-24, 6.13559446002e-24, 2.59839406806e-23, 9.99111505782e-24, 1.64768698853e-23, 1.36106037396e-23, 1.74309513962e-23, 1.19024082798e-23, 5.87950851651e-24, 1.58365672658e-23, 1.22701720783e-23, 9.48590644602e-24, 1.05069914357e-23, 1.45655167099e-23, 7.4342433146e-24, 1.120150221e-23, 1.4505569592e-23, 8.40815915528e-24, 8.392825277e-24, 1.2262466485e-23, 4.96619297058e-24, 7.68452048084e-24, 9.38073077697e-24, 1.06429973666e-23, 8.02765998625e-24, 1.17677915329e-23, 1.01523621712e-23, 1.17326320023e-23, 9.63012126354e-24],
        "stdev": [0.00436337897554, 0.00289090676233, 0.0013030100381, 0.000530256133061, 0.000420122116338, 0.000277565704891, 0.000753716856707, 0.00126855343115, 0.00103180552833, 0.000649258261546, 0.00045572972158, 0.000922852021176, 0.000199178946787, 0.000131159831653, 0.000202056253329, 0.000171017032699, 0.000111787347123, 7.58832175052e-05, 3.06059009745e-05, 2.75274651358e-05, 1.63364838954e-05, 1.46677321027e-05, 1.38380319186e-05, 1.58782131621e-05, 1.14836484499e-05, 1.15026150524e-05, 1.21249768199e-05, 9.07957382879e-06, 1.14613512778e-05, 1.3328733985e-05, 6.78916558172e-06, 4.3519803512e-06, 3.29463023263e-06, 2.96247026199e-06, 4.37359767602e-06, 4.57692021882e-06, 5.06952301293e-06, 4.83934763906e-06, 4.80277731185e-06, 3.85692737837e-06],
        "var": [1.90390765056e-05, 8.35734135762e-06, 1.69783504589e-06, 2.81171537608e-07, 1.7650259565e-07, 7.70427135421e-08, 5.68089092212e-07, 1.60922786563e-06, 1.06462255189e-06, 4.21536327622e-07, 2.07689566878e-07, 8.51655897804e-07, 3.96722512619e-08, 1.72029022139e-08, 4.08267304408e-08, 2.92468254059e-08, 1.24964110171e-08, 5.7582631996e-09, 9.36721145095e-10, 7.57761298154e-10, 2.66880684219e-10, 2.15142362259e-10, 1.91491128509e-10, 2.52117632327e-10, 1.31874178244e-10, 1.32310148948e-10, 1.47015052909e-10, 8.2438667004e-11, 1.31362573597e-10, 1.77655140599e-10, 4.60927719603e-11, 1.89397317274e-11, 1.08545880617e-11, 8.7762306103e-12, 1.91283568846e-11, 2.09481980373e-11, 2.57000618703e-11, 2.3419285608e-11, 2.3066668367e-11, 1.48758887153e-11]
    },
    "melbands128": {
