{
"lowlevel": {
    "average_loudness": 0.979727387428,
    "barkbands_crest": {
        "dmean": 3.12629961967,
        "dmean2": 4.89622592926,
        "dvar": 11.2528400421,
        "dvar2": 20.8827171326,
        "max": 26.3211936951,
        "mean": 13.3098154068,
        "median": 12.1254425049,
        "min": 2.05967378616,
        "stdev": 6.48618412018,
        "var": 42.0705871582
    },
    "barkbands_flatness_db": {
        "dmean": 0.0344872772694,
        "dmean2": 0.0500265918672,
        "dvar": 0.00110346369911,
        "dvar2": 0.00223457301036,
        "max": 0.415369331837,
        "mean": 0.166623219848,
        "median": 0.160811394453,
        "min": 0.0277360156178,
        "stdev": 0.0673639699817,
        "var": 0.00453790416941
    },
    "barkbands_kurtosis": {
        "dmean": 8.24318695068,
        "dmean2": 13.0242395401,
        "dvar": 301.433929443,
        "dvar2": 618.629516602,
        "max": 259.067962646,
        "mean": 9.90679550171,
        "median": 1.77665996552,
        "min": -1.80860364437,
        "stdev": 25.808965683,
        "var": 666.102722168
    },
    "barkbands_skewness": {
        "dmean": 0.99296104908,
        "dmean2": 1.47497844696,
        "dvar": 1.33604025841,
        "dvar2": 2.78127026558,
        "max": 14.8743591309,
        "mean": 2.06098818779,
        "median": 1.46465051174,
        "min": -1.81533002853,
        "stdev": 2.16779994965,
        "var": 4.69935655594
    },
    "barkbands_spread": {
        "dmean": 7.15985679626,
        "dmean2": 10.2789106369,
        "dvar": 67.3688354492,
        "dvar2": 128.146621704,
        "max": 105.594085693,
        "mean": 20.5133190155,
        "median": 17.8599510193,
        "min": 0.409048974514,
        "stdev": 14.2877855301,
        "var": 204.140823364
    },
    "dissonance": {
        "dmean": 0.0214048568159,
        "dmean2": 0.0350439548492,
        "dvar": 0.000435185735114,
        "dvar2": 0.00114286947064,
        "max": 0.499999970198,
        "mean": 0.462721168995,
        "median": 0.469916969538,
        "min": 0.282757371664,
        "stdev": 0.0274532530457,
        "var": 0.000753681058995
    },
    "dynamic_complexity": 2.13033390045,
    "erbbands_crest": {
        "dmean": 3.23476052284,
        "dmean2": 5.01298141479,
        "dvar": 9.97688007355,
        "dvar2": 21.6259250641,
        "max": 30.2177181244,
        "mean": 10.0883331299,
        "median": 8.97410964966,
        "min": 2.73429775238,
        "stdev": 5.09801959991,
        "var": 25.9898033142
    },
    "erbbands_flatness_db": {
        "dmean": 0.0200922004879,
        "dmean2": 0.0279441792518,
        "dvar": 0.000355034047971,
        "dvar2": 0.000649083754979,
        "max": 0.306140780449,
        "mean": 0.159709751606,
        "median": 0.156365096569,
        "min": 0.0699258223176,
        "stdev": 0.0389699600637,
        "var": 0.00151865789667
    },
    "erbbands_kurtosis": {
        "dmean": 1.17524492741,
        "dmean2": 1.82052671909,
        "dvar": 2.57126641273,
        "dvar2": 5.9099240303,
        "max": 18.4464855194,
        "mean": 0.652625620365,
        "median": 0.000646352767944,
        "min": -1.70348727703,
        "stdev": 2.17781329155,
        "var": 4.74287080765
    },
    "erbbands_skewness": {
        "dmean": 0.41692122817,
        "dmean2": 0.641466140747,
        "dvar": 0.153181150556,
        "dvar2": 0.338908523321,
        "max": 2.310516119,
        "mean": 0.0400586687028,
        "median": 0.0560541823506,
        "min": -2.33389139175,
        "stdev": 0.670573294163,
        "var": 0.449668526649
    },
    "erbbands_spread": {
        "dmean": 9.85602664948,
        "dmean2": 14.5457868576,
        "dvar": 102.562309265,
        "dvar2": 235.460571289,
        "max": 116.215438843,
        "mean": 34.5312156677,
        "median": 30.7260475159,
        "min": 3.73215031624,
        "stdev": 18.2132282257,
        "var": 331.721710205
    },
    "hfc": {
        "dmean": 10.1844120026,
        "dmean2": 13.8357572556,
        "dvar": 347.418548584,
        "dvar2": 705.53314209,
        "max": 175.523422241,
        "mean": 19.8771972656,
        "median": 13.3458557129,
        "min": 1.09372990348e-16,
        "stdev": 24.5355815887,
        "var": 601.994750977
    },
    "loudness_ebu128": {
        "integrated": -8.31886005402,
        "loudness_range": 0.920214176178,
        "momentary": {
            "dmean": 0.560656964779,
            "dmean2": 0.709192454815,
            "dvar": 0.234503209591,
            "dvar2": 0.345285147429,
            "max": -6.14292907715,
            "mean": -8.41490364075,
            "median": -8.38830471039,
            "min": -12.3924655914,
            "stdev": 0.926952958107,
            "var": 0.859241783619
        },
        "short_term": {
            "dmean": 0.0838239565492,
            "dmean2": 0.138222590089,
            "dvar": 0.00458942260593,
            "dvar2": 0.011779518798,
            "max": -7.65837478638,
            "mean": -8.32995128632,
            "median": -8.3369102478,
            "min": -9.05534553528,
            "stdev": 0.328713059425,
            "var": 0.108052283525
        }
    },
    "melbands_crest": {
        "dmean": 4.02532911301,
        "dmean2": 5.89042234421,
        "dvar": 17.6117172241,
        "dvar2": 33.0402870178,
        "max": 35.8986129761,
        "mean": 20.4572238922,
        "median": 21.1732845306,
        "min": 3.34589576721,
        "stdev": 8.6454410553,
        "var": 74.7436523438
    },
    "melbands_flatness_db": {
        "dmean": 0.0420006029308,
        "dmean2": 0.0588713437319,
        "dvar": 0.00165814626962,
        "dvar2": 0.00303380028345,
        "max": 0.527606844902,
        "mean": 0.237678408623,
        "median": 0.233356013894,
        "min": 0.00753830559552,
        "stdev": 0.0872296392918,
        "var": 0.00760900974274
    },
    "melbands_kurtosis": {
        "dmean": 18.1423778534,
        "dmean2": 28.6187610626,
        "dvar": 1123.99609375,
        "dvar2": 2553.953125,
        "max": 415.211730957,
        "mean": 24.9060401917,
        "median": 7.11693477631,
        "min": -1.76483392715,
        "stdev": 49.1156997681,
        "var": 2412.35180664
    },
    "melbands_skewness": {
        "dmean": 1.26177299023,
        "dmean2": 1.89393496513,
        "dvar": 2.25953936577,
        "dvar2": 4.78549718857,
        "max": 17.0577812195,
        "mean": 3.30915045738,
        "median": 2.46576571465,
        "min": -0.467702925205,
        "stdev": 2.77215051651,
        "var": 7.68481874466
    },
    "melbands_spread": {
        "dmean": 8.92691230774,
        "dmean2": 12.3278083801,
        "dvar": 119.092384338,
        "dvar2": 191.67791748,
        "max": 162.751724243,
        "mean": 22.7042961121,
        "median": 17.6934661865,
        "min": 0.460980772972,
        "stdev": 20.0768928528,
        "var": 403.081604004
    },
    "pitch_salience": {
        "dmean": 0.0934166535735,
        "dmean2": 0.149970337749,
        "dvar": 0.00970415025949,
        "dvar2": 0.0199786033481,
        "max": 0.829228281975,
        "mean": 0.446985244751,
        "median": 0.456201314926,
        "min": 0.0427469611168,
        "stdev": 0.180869996548,
        "var": 0.0327139571309
    },
    "silence_rate_20dB": {
        "dmean": 0,
        "dmean2": 0,
        "dvar": 0,
        "dvar2": 0,
        "max": 1,
        "mean": 1,
        "median": 1,
        "min": 1,
        "stdev": 0,
        "var": 0
    },
    "silence_rate_30dB": {
        "dmean": 0.0743034034967,
        "dmean2": 0.148721918464,
        "dvar": 0.0687827989459,
        "dvar2": 0.126604765654,
        "max": 1,
        "mean": 0.888631105423,
        "median": 1,
        "min": 0,
        "stdev": 0.314589470625,
        "var": 0.0989665314555
    },
    "silence_rate_60dB": {
        "dmean": 0.00541795650497,
        "dmean2": 0.0100697129965,
        "dvar": 0.0053887758404,
        "dvar2": 0.0115172425285,
        "max": 1,
        "mean": 0.00541376648471,
        "median": 0,
        "min": 0,
        "stdev": 0.0733779296279,
        "var": 0.0053843203932
    },
    "spectral_centroid": {
        "dmean": 348.156188965,
        "dmean2": 486.952301025,
        "dvar": 205495.1875,
        "dvar2": 318836.0625,
        "max": 11185.9960938,
        "mean": 1395.81958008,
        "median": 1260.84851074,
        "min": 154.002197266,
        "stdev": 709.526184082,
        "var": 503427.375
    },
    "spectral_complexity": {
        "dmean": 5.54334354401,
        "dmean2": 7.60650634766,
        "dvar": 49.5298652649,
        "dvar2": 76.7979354858,
        "max": 61,
        "mean": 18.3178653717,
        "median": 16,
        "min": 0,
        "stdev": 11.6286497116,
        "var": 135.225494385
    },
    "spectral_decrease": {
        "dmean": 5.11764541855e-09,
        "dmean2": 8.06953881494e-09,
        "dvar": 6.09816341118e-17,
        "dvar2": 1.31217592863e-16,
        "max": -1.28491726432e-28,
        "mean": -1.08167572677e-08,
        "median": -6.26782448165e-09,
        "min": -5.14484348457e-08,
        "stdev": 1.09708553353e-08,
        "var": 1.20359662801e-16
    },
    "spectral_energy": {
        "dmean": 0.0199893154204,
        "dmean2": 0.0313132889569,
        "dvar": 0.00088115001563,
        "dvar2": 0.00189473479986,
        "max": 0.195509508252,
        "mean": 0.0426278151572,
        "median": 0.0257277991623,
        "min": 1.04053973466e-20,
        "stdev": 0.0418665148318,
        "var": 0.0017528050812
    },
    "spectral_energyband_high": {
        "dmean": 0.000796341744717,
        "dmean2": 0.00110083690379,
        "dvar": 3.67065513274e-06,
        "dvar2": 7.42868996895e-06,
        "max": 0.0174124967307,
        "mean": 0.00095697096549,
        "median": 0.000184214353794,
        "min": 7.51543023471e-21,
        "stdev": 0.00236535794102,
        "var": 5.59491763852e-06
    },
    "spectral_energyband_low": {
        "dmean": 0.0174543857574,
        "dmean2": 0.0281282067299,
        "dvar": 0.000950542278588,
        "dvar2": 0.00213836552575,
        "max": 0.191994920373,
        "mean": 0.0294792931527,
        "median": 0.0103918360546,
        "min": 6.07466820795e-23,
        "stdev": 0.0414167679846,
        "var": 0.00171534880064
    },
    "spectral_energyband_middle_high": {
        "dmean": 0.00236371252686,
        "dmean2": 0.00328158563934,
        "dvar": 9.8762639027e-06,
        "dvar2": 1.82657677215e-05,
        "max": 0.0315501876175,
        "mean": 0.00537268025801,
        "median": 0.00343383289874,
        "min": 1.49653603261e-21,
        "stdev": 0.00531776854768,
        "var": 2.82786641037e-05
    },
    "spectral_energyband_middle_low": {
        "dmean": 0.00423437776044,
        "dmean2": 0.00709125911817,
        "dvar": 4.89300909976e-05,
        "dvar2": 0.000131257940666,
        "max": 0.0554404184222,
        "mean": 0.00749965198338,
        "median": 0.00592904537916,
        "min": 4.63383206614e-22,
        "stdev": 0.0068500963971,
        "var": 4.69238184451e-05
    },
    "spectral_entropy": {
        "dmean": 0.201099991798,
        "dmean2": 0.279159277678,
        "dvar": 0.0393748022616,
        "dvar2": 0.0718314796686,
        "max": 9.77161884308,
        "mean": 7.56606721878,
        "median": 7.5114197731,
        "min": 6.12455177307,
        "stdev": 0.393937081099,
        "var": 0.15518642962
    },
    "spectral_flux": {
        "dmean": 0.0484776906669,
        "dmean2": 0.0751136019826,
        "dvar": 0.00357668567449,
        "dvar2": 0.00639885198325,
        "max": 0.379868090153,
        "mean": 0.103481464088,
        "median": 0.0771117582917,
        "min": 1.02006847413e-10,
        "stdev": 0.0793963298202,
        "var": 0.00630377745256
    },
    "spectral_kurtosis": {
        "dmean": 1.96566951275,
        "dmean2": 3.18707609177,
        "dvar": 5.14838838577,
        "dvar2": 12.2467107773,
        "max": 25.4775390625,
        "mean": 5.35327196121,
        "median": 4.91034460068,
        "min": -1.21154153347,
        "stdev": 3.27996134758,
        "var": 10.758146286
    },
    "spectral_rms": {
        "dmean": 0.0013515263563,
        "dmean2": 0.00202368013561,
        "dvar": 2.95701283903e-06,
        "dvar2": 5.70629254071e-06,
        "max": 0.0138109009713,
        "mean": 0.00581693137065,
        "median": 0.0050100190565,
        "min": 3.18615880207e-12,
        "stdev": 0.00278414832428,
        "var": 7.75148237153e-06
    },
    "spectral_rolloff": {
        "dmean": 545.814147949,
        "dmean2": 846.91796875,
        "dvar": 974874.5625,
        "dvar2": 1613379.875,
        "max": 18195.5566406,
        "mean": 1195.53173828,
        "median": 882.861328125,
        "min": 64.599609375,
        "stdev": 1362.73156738,
        "var": 1857037.25
    },
    "spectral_skewness": {
        "dmean": 0.295102834702,
        "dmean2": 0.437894374132,
        "dvar": 0.0885948836803,
        "dvar2": 0.185249611735,
        "max": 3.7337706089,
        "mean": 1.6653213501,
        "median": 1.66240334511,
        "min": -0.04140406847,
        "stdev": 0.528201520443,
        "var": 0.278996855021
    },
    "spectral_spread": {
        "dmean": 530395.375,
        "dmean2": 765930.5625,
        "dvar": 1.47365429248e+12,
        "dvar2": 1.70289607475e+12,
        "max": 41283444,
        "mean": 4170106.5,
        "median": 3984882.75,
        "min": 1736740.25,
        "stdev": 1546065.125,
        "var": 2.39031733453e+12
    },
    "spectral_strongpeak": {
        "dmean": 0.3528034091,
        "dmean2": 0.594847798347,
        "dvar": 0.355531603098,
        "dvar2": 0.843642771244,
        "max": 4.65985059738,
        "mean": 0.667833149433,
        "median": 0.414376735687,
        "min": 0,
        "stdev": 0.77949565649,
        "var": 0.607613503933
    },
    "zerocrossingrate": {
        "dmean": 0.0125380950049,
        "dmean2": 0.0137626472861,
        "dvar": 0.00033900202834,
        "dvar2": 0.000374534865841,
        "max": 0.4775390625,
        "mean": 0.0440291464329,
        "median": 0.037109375,
        "min": 0.00244140625,
        "stdev": 0.0340683758259,
        "var": 0.00116065423936
    },
    "barkbands": {
        "dmean": [0.000795712519903, 0.015974516049, 0.00335113285109, 0.00114508217666, 0.00135901547037, 0.00135187804699, 0.000521345995367, 0.000693616922945, 0.000620185630396, 0.000548406736925, 0.000344464060618, 0.000200723923626, 0.00063625711482, 0.000441433192464, 0.000312033516821, 0.000268363393843, 0.000206289158086, 0.00029419735074, 0.000321646803059, 0.000259886670392, 0.000238106847974, 0.000210407582927, 0.000127539460664, 7.6997668657e-05, 4.6622903028e-05, 1.57018239406e-05, 5.07293293595e-07],
        "dmean2": [0.00112286186777, 0.0260329395533, 0.00640980014578, 0.00205032667145, 0.00227808696218, 0.00236407597549, 0.000871197029483, 0.00111212651245, 0.000891694100574, 0.00078359071631, 0.000502285780385, 0.00030271182186, 0.00102723238524, 0.000677547301166, 0.000482310075313, 0.00039886040031, 0.000311023526592, 0.000443148892373, 0.000487615674501, 0.000385756487958, 0.000360774836736, 0.000318360864185, 0.000186081713764, 0.000108163396362, 6.57107520965e-05, 2.26781485253e-05, 8.29609746233e-07],
        "dvar": [1.03254649275e-06, 0.000824364135042, 0.000134716538014, 7.14468887963e-06, 4.332831395e-06, 1.24492080431e-05, 7.11069503723e-07, 1.72993713932e-06, 1.71505234903e-06, 1.1303119436e-06, 6.04312731411e-07, 1.6218092469e-07, 1.07129517346e-06, 5.4447588127e-07, 4.14470321175e-07, 3.10638426981e-07, 1.3146194533e-07, 4.0108398025e-07, 6.09777941918e-07, 4.02595503601e-07, 3.49568693991e-07, 3.53101881956e-07, 1.04072761076e-07, 3.48240014603e-08, 1.2738616384e-08, 2.56333487769e-09, 2.39012607449e-12],
        "dvar2": [2.25726148528e-06, 0.00197948375717, 0.000391037960071, 1.99500609597e-05, 1.15824905151e-05, 3.4514850995e-05, 1.878359285e-06, 3.72179329133e-06, 3.19346395372e-06, 1.85430883448e-06, 1.00688953353e-06, 3.96417306092e-07, 2.69708630185e-06, 1.3081768202e-06, 8.71026202276e-07, 6.62366915094e-07, 2.74953379176e-07, 9.57833890425e-07, 1.44369573718e-06, 8.70799397035e-07, 7.88067325175e-07, 8.39046549572e-07, 2.05062974601e-07, 6.82632546045e-08, 2.37358808164e-08, 5.15956655178e-09, 5.7695814272e-12],
        "max": [0.00856816675514, 0.179297298193, 0.0726949721575, 0.0240509919822, 0.0185371320695, 0.0336727946997, 0.00786745361984, 0.02182687819, 0.0205528121442, 0.0170825272799, 0.0130599476397, 0.00584234995767, 0.0114508746192, 0.0070844325237, 0.0109144849703, 0.00823573581874, 0.00386046431959, 0.00896720867604, 0.0090292673558, 0.00616774056107, 0.00711292587221, 0.0074626239948, 0.00420347834006, 0.00189136527479, 0.00154591863975, 0.00117093208246, 2.2455036742e-05],
        "mean": [0.00149077258538, 0.0253514125943, 0.00212975824252, 0.00101808377076, 0.00190559343901, 0.00148936372716, 0.000703205470927, 0.000992959132418, 0.00104360596742, 0.000900321174413, 0.000686022336595, 0.000252851605183, 0.00104863406159, 0.000634632713627, 0.000459496484837, 0.00035988324089, 0.00029464752879, 0.000368536013411, 0.000381672667572, 0.000315306388075, 0.000258025975199, 0.000214887768379, 0.000150795385707, 9.52288755798e-05, 6.20474966126e-05, 1.96280107048e-05, 4.70559058385e-07],
        "median": [0.000953072390985, 0.0077630286105, 0.000262634508545, 0.000347975961631, 0.0010879165493, 0.000640305224806, 0.000373857998056, 0.00040921694017, 0.000316911638947, 0.000250868150033, 0.000182104937267, 8.79888320924e-05, 0.000562350440305, 0.000167049831362, 0.000135788723128, 0.000100839366496, 0.000107286432467, 0.000108686894237, 8.55086836964e-05, 7.86485688877e-05, 2.74437115877e-05, 2.41171128437e-05, 2.55317208939e-05, 1.4228911823e-05, 1.36070229928e-05, 4.85085593027e-06, 6.35436165908e-08],
        "min": [4.76877650585e-23, 2.29179112878e-23, 1.02068267058e-23, 3.65120451895e-23, 1.97345079121e-22, 3.34662690116e-23, 8.17057444546e-23, 4.47029457406e-23, 4.65862754211e-23, 2.9750626863e-23, 7.91313820874e-23, 7.22617162675e-23, 6.99554530121e-23, 6.28313827057e-23, 1.80421942733e-22, 1.75772560641e-22, 2.40147308687e-22, 1.19783782671e-22, 3.29693447015e-22, 4.08409572722e-22, 6.01609055258e-22, 5.83395582242e-22, 5.91320037134e-22, 7.76560430629e-22, 1.01384857923e-21, 1.6176140899e-21, 2.23426431186e-21],
        "stdev": [0.00150077254511, 0.0374220535159, 0.00858870521188, 0.00218483549543, 0.00215115142055, 0.00294368993491, 0.000957237847615, 0.001959776273, 0.00196599354967, 0.00164049968589, 0.00152955227531, 0.000437819428043, 0.00140350207221, 0.00103049899917, 0.000909971713554, 0.000678400974721, 0.000485883676447, 0.000702114601154, 0.000888067297637, 0.00072530307807, 0.000676873780321, 0.000648608605843, 0.00038775120629, 0.000240118679358, 0.000154946363182, 6.14944074186e-05, 1.52594975589e-06],
        "var": [2.25231815421e-06, 0.00140041019768, 7.37658556318e-05, 4.77350567962e-06, 4.6274521992e-06, 8.66531081556e-06, 9.16304259135e-07, 3.84072336601e-06, 3.86513102058e-06, 2.69123916041e-06, 2.33953028328e-06, 1.9168584231e-07, 1.96981795852e-06, 1.06192828753e-06, 8.28048484891e-07, 4.60227909116e-07, 2.36082939864e-07, 4.92964943533e-07, 7.88663498952e-07, 5.26064525275e-07, 4.58158126548e-07, 4.20693112346e-07, 1.50350999206e-07, 5.76569831878e-08, 2.40083757319e-08, 3.78156217451e-09, 2.32852279125e-12]
    },
    "erbbands": {
        "dmean": [0.622850835323, 3.17522144318, 4.27672243118, 3.80637049675, 2.93806314468, 4.73950719833, 11.1002960205, 10.8626384735, 7.35281801224, 11.6940202713, 13.2869729996, 15.9371852875, 12.0695896149, 15.615404129, 14.3962278366, 9.7844543457, 29.3909301758, 22.5874462128, 16.5857849121, 15.7297344208, 11.8514108658, 11.6076107025, 15.3520669937, 14.6496334076, 16.6057567596, 12.5797271729, 10.3544139862, 9.52105617523, 6.90917348862, 5.81697368622, 3.22413516045, 1.87563753128, 1.24177789688, 0.638204932213, 0.286505669355, 0.0995674356818, 0.0232445467263, 0.00266246777028, 7.32720072847e-05, 2.49634649663e-05],
        "dmean2": [0.955046832561, 5.38796329498, 7.89993667603, 7.0563993454, 4.92216062546, 7.97083473206, 19.7039108276, 19.0244235992, 12.2017717361, 18.8830280304, 21.2755508423, 22.4852085114, 17.4009113312, 22.5391864777, 20.17578125, 14.9484987259, 47.5721282959, 34.3148193359, 25.4414520264, 23.1492767334, 17.4191360474, 17.9578838348, 22.5481357574, 21.6679115295, 25.7769966125, 18.9795722961, 15.6422109604, 13.7189903259, 10.3604927063, 8.71131134033, 4.66017436981, 2.64738631248, 1.81754374504, 0.913816928864, 0.413308650255, 0.147705450654, 0.033634275198, 0.00388475158252, 0.000107724801637, 3.80762212444e-05],
        "dvar": [1.11308693886, 43.2660331726, 195.248275757, 114.254173279, 30.2339038849, 42.4156684875, 739.09161377, 923.863586426, 194.818359375, 335.972198486, 1034.09558105, 1183.53833008, 558.902893066, 1311.76062012, 990.214477539, 339.762664795, 2267.14331055, 1509.38598633, 901.01574707, 899.870056152, 507.501251221, 502.049835205, 937.035583496, 1057.2520752, 1694.37268066, 901.958984375, 604.173522949, 601.298034668, 363.252532959, 228.537109375, 71.0803222656, 21.1876029968, 9.99582862854, 2.32609152794, 0.553908705711, 0.0926076546311, 0.00601742602885, 9.20643360587e-05, 4.53042936499e-08, 1.15011777879e-09],
        "dvar2": [2.28911328316, 114.206970215, 551.070983887, 327.896697998, 74.3511352539, 112.683372498, 2048.05371094, 2553.81298828, 514.600280762, 718.589050293, 2221.96533203, 2021.99926758, 983.5703125, 2189.4597168, 1441.9161377, 832.957702637, 5774.87988281, 3516.33276367, 1923.40710449, 1650.25402832, 1061.44213867, 1096.40563965, 2111.2980957, 2329.21313477, 4176.14941406, 1972.75830078, 1339.38903809, 1297.59484863, 845.896972656, 527.808898926, 135.930770874, 43.1032791138, 20.8123626709, 4.37512874603, 1.12644159794, 0.205313041806, 0.0111919874325, 0.000181346025784, 9.24961511828e-08, 2.42431230646e-09],
        "max": [6.61462879181, 42.0719413757, 85.9471435547, 65.7293395996, 50.5780830383, 50.5944595337, 205.806396484, 303.639038086, 113.612098694, 219.198181152, 591.810974121, 558.733886719, 297.00088501, 626.572998047, 655.434936523, 282.957519531, 557.635131836, 423.060028076, 399.770172119, 539.239685059, 264.139221191, 217.856903076, 278.356262207, 520.874145508, 499.651245117, 269.429779053, 200.349075317, 337.63104248, 286.620941162, 175.838241577, 136.084854126, 40.585849762, 34.4288978577, 18.3014850616, 12.9844293594, 6.46892786026, 1.84722793102, 0.215379700065, 0.00388060021214, 0.000211067323107],
        "mean": [1.08444225788, 4.24113225937, 3.17561459541, 3.01125597954, 3.53882074356, 6.88217592239, 12.3385038376, 11.4812402725, 9.87440395355, 17.3420791626, 20.6255741119, 27.680814743, 22.9133415222, 24.7206954956, 31.119764328, 17.0656700134, 49.1058921814, 36.154335022, 24.2884902954, 24.5650787354, 17.6880626678, 16.5413379669, 20.4782028198, 18.6605796814, 18.9914627075, 15.2092065811, 11.4023962021, 10.0125780106, 7.14627361298, 6.53257226944, 3.84982657433, 2.15939903259, 1.56139564514, 0.837426126003, 0.367519140244, 0.123930692673, 0.0293310601264, 0.00315666827373, 0.000100137462141, 5.28788150405e-05],
        "median": [0.434373527765, 0.803253829479, 0.571920573711, 0.954952299595, 1.59750807285, 4.00629138947, 5.56330823898, 4.773021698, 4.56484508514, 9.51650428772, 7.73003435135, 8.91097640991, 6.85703134537, 9.07993888855, 8.88464927673, 9.29563140869, 28.1038780212, 11.9051923752, 8.95879650116, 6.78365135193, 6.25285291672, 5.78498649597, 6.81438350677, 4.62407970428, 4.3905005455, 3.72522211075, 1.852003932, 0.757176876068, 0.773218691349, 1.08763158321, 0.593370378017, 0.240844994783, 0.238190874457, 0.169844448566, 0.0759105607867, 0.0223276428878, 0.00830614753067, 0.000876034959219, 4.25443540735e-05, 3.33275747835e-05],
        "min": [7.06866677489e-22, 5.74332380759e-21, 1.24423328362e-20, 6.1612121411e-20, 5.18437930459e-19, 4.91210815308e-19, 5.64609342795e-19, 2.9915496086e-19, 1.17231159018e-18, 7.35561053931e-19, 1.08813934541e-18, 8.38221612574e-19, 1.56058065713e-18, 1.78908206352e-18, 2.23761289246e-18, 3.58470712569e-18, 3.58679492955e-18, 2.30204178358e-18, 8.71477788716e-18, 7.53544746269e-18, 1.05256301036e-17, 1.40604640287e-17, 7.9858613683e-18, 1.36500269349e-17, 1.43037841689e-17, 2.08611724481e-17, 2.58714186533e-17, 2.23438573002e-17, 1.72414052722e-17, 1.88944678237e-17, 1.86825110636e-17, 1.90205549645e-17, 1.05090054277e-17, 1.11881554522e-17, 7.17870762556e-18, 4.82123047207e-18, 3.40721960204e-18, 1.37658663418e-18, 3.49798912918e-19, 2.81333238241e-20],
        "stdev": [1.44409239292, 7.50406217575, 10.8909454346, 8.14782047272, 5.37652444839, 7.59086704254, 22.9883499146, 25.0233325958, 14.6822547913, 23.8402385712, 49.2863807678, 52.7539634705, 38.4074783325, 53.9431877136, 69.9072723389, 22.4012756348, 64.1888427734, 56.0505599976, 40.4442329407, 49.1463890076, 29.3945865631, 28.6706886292, 36.1305580139, 39.513092041, 44.6227912903, 34.1431808472, 28.2747592926, 28.4352703094, 21.579990387, 16.9410743713, 10.2581415176, 5.64006519318, 3.97265005112, 2.06660437584, 0.971318840981, 0.366028308868, 0.0953611731529, 0.0110463900492, 0.000247696996666, 4.86033204652e-05],
        "var": [2.08540296555, 56.3109474182, 118.612701416, 66.3869781494, 28.9070167542, 57.6212615967, 528.464233398, 626.167175293, 215.568618774, 568.356994629, 2429.1472168, 2782.98071289, 1475.13427734, 2909.86767578, 4887.02685547, 501.817138672, 4120.20800781, 3141.6652832, 1635.73608398, 2415.36743164, 864.041748047, 822.008422852, 1305.41711426, 1561.2845459, 1991.19348145, 1165.75671387, 799.462036133, 808.564575195, 465.696014404, 286.999969482, 105.229469299, 31.8103370667, 15.7819490433, 4.27085351944, 0.943460285664, 0.133976727724, 0.00909375399351, 0.000122022727737, 6.13538091443e-08, 2.36228281381e-09]
    },
    "gfcc": {
        "mean": [-5.55983781815, 102.47833252, -117.630737305, 33.0643501282, -49.0505104065, 22.0689945221, -30.3774051666, 14.0482873917, -18.3384246826, 11.3196897507, -5.15456676483, 4.42243337631, -5.54973316193],
        "cov": [[4631.90820312, -1142.59960938, -257.117095947, 493.275970459, -295.235595703, 150.029754639, -201.627075195, 215.038223267, -125.876243591, 67.6909332275, -173.636703491, 90.1058044434, -121.093605042], [-1142.59960938, 1160.77368164, 174.234817505, -225.197341919, 357.211486816, -11.8207178116, 158.463546753, -87.4740829468, 148.841964722, -27.0982723236, 156.725952148, -87.6688919067, 72.5381469727], [-257.117095947, 174.234817505, 567.605224609, 196.420089722, 118.744232178, 105.576713562, 94.3112792969, 24.5719928741, 131.783859253, 46.7971038818, 91.9590835571, 41.4546737671, 45.8395347595], [493.275970459, -225.197341919, 196.420089722, 479.872833252, 6.84408044815, 47.3369407654, 25.4477939606, 15.8978128433, 61.483631134, 38.7314414978, 68.842338562, 34.1327323914, 47.6410713196], [-295.235595703, 357.211486816, 118.744232178, 6.84408044815, 312.330993652, 87.2316818237, 121.910194397, 21.2799739838, 107.8151474, 16.7708950043, 80.7998123169, -7.49795484543, 44.1457901001], [150.029754639, -11.8207178116, 105.576713562, 47.3369407654, 87.2316818237, 293.690704346, 147.267333984, 39.2942008972, 65.2357330322, 46.8214988708, 75.7705993652, 13.1299390793, 35.8608970642], [-201.627075195, 158.463546753, 94.3112792969, 25.4477939606, 121.910194397, 147.267333984, 235.128173828, 51.9569358826, 65.6306762695, 6.16795063019, 83.2702865601, 12.6988859177, 46.7913398743], [215.038223267, -87.4740829468, 24.5719928741, 15.8978128433, 21.2799739838, 39.2942008972, 51.9569358826, 161.16418457, 50.3999557495, 9.18705844879, -3.36578845978, 28.0145359039, 17.8345527649], [-125.876243591, 148.841964722, 131.783859253, 61.483631134, 107.8151474, 65.2357330322, 65.6306762695, 50.3999557495, 189.863540649, 45.7557868958, 39.5337181091, -2.36478638649, 43.4986381531], [67.6909332275, -27.0982723236, 46.7971038818, 38.7314414978, 16.7708950043, 46.8214988708, 6.16795063019, 9.18705844879, 45.7557868958, 115.434753418, 44.6345252991, 20.7463970184, 3.37447667122], [-173.636703491, 156.725952148, 91.9590835571, 68.842338562, 80.7998123169, 75.7705993652, 83.2702865601, -3.36578845978, 39.5337181091, 44.6345252991, 158.290054321, 25.8055286407, 34.969783783], [90.1058044434, -87.6688919067, 41.4546737671, 34.1327323914, -7.49795484543, 13.1299390793, 12.6988859177, 28.0145359039, -2.36478638649, 20.7463970184, 25.8055286407, 101.647071838, 22.6476097107], [-121.093605042, 72.5381469727, 45.8395347595, 47.6410713196, 44.1457901001, 35.8608970642, 46.7913398743, 17.8345527649, 43.4986381531, 3.37447667122, 34.969783783, 22.6476097107, 95.0712890625]],
        "icov": [[0.000425802572863, -0.000166090176208, 0.000366711406969, -0.000753144558985, 0.000140646618092, -0.000706326798536, 0.000525606505107, -0.000736460380722, 0.000337488687364, -0.000200225622393, 0.000613064796198, -0.000437225273345, 0.000681598670781], [-0.000166090176208, 0.0035473764874, -0.00112678902224, 0.00268132449128, -0.00244943564758, 0.00239805877209, -0.00123679335229, 0.00232388218865, -0.0017185874749, 0.00128567335196, -0.00334800616838, 0.00278358068317, -0.00200381595641], [0.000366711406969, -0.00112678902224, 0.00316089321859, -0.00210897671059, 0.000435452646343, -0.00149989617057, 0.000556439161301, -0.000833135971334, -0.000594317214563, -0.000308622285957, 0.00102043047082, -0.00203552376479, 0.00149800081272], [-0.000753144558985, 0.00268132449128, -0.00210897671059, 0.00562056386843, -0.00131713435985, 0.00264253071509, -0.00128436973318, 0.00258394377306, -0.00198572641239, 0.00102249998599, -0.00403269100934, 0.00246096029878, -0.00327317230403], [0.000140646618092, -0.00244943564758, 0.000435452646343, -0.00131713435985, 0.00672146724537, -0.00167717656586, -0.000567273877095, -0.00133420247585, -0.000871590804309, -0.00034672266338, 0.000847188697662, -0.00119166646618, 0.000922487408388], [-0.000706326798536, 0.00239805877209, -0.00149989617057, 0.00264253071509, -0.00167717656586, 0.00794040132314, -0.00458085816354, 0.00221492536366, -0.00148210080806, -0.000795258791186, -0.00322013534606, 0.00272604590282, -0.00246621505357], [0.000525606505107, -0.00123679335229, 0.000556439161301, -0.00128436973318, -0.000567273877095, -0.00458085816354, 0.00953356176615, -0.00333436462097, 0.000572591263335, 0.00168591772672, -0.00105155014899, -0.00117159879301, 0.000257172359852], [-0.000736460380722, 0.00232388218865, -0.000833135971334, 0.00258394377306, -0.00133420247585, 0.00221492536366, -0.00333436462097, 0.0104051576927, -0.00378264021128, 0.00110591377597, -0.00102928036358, -0.000316436693538, -0.00198562256992], [0.000337488687364, -0.0017185874749, -0.000594317214563, -0.00198572641239, -0.000871590804309, -0.00148210080806, 0.000572591263335, -0.00378264021128, 0.010444114916, -0.00402112770826, 0.00275027751923, 0.000914679549169, -0.00145107274875], [-0.000200225622393, 0.00128567335196, -0.000308622285957, 0.00102249998599, -0.00034672266338, -0.000795258791186, 0.00168591772672, 0.00110591377597, -0.00402112770826, 0.0126392096281, -0.0047094123438, -0.00111749081407, 0.00121384055819], [0.000613064796198, -0.00334800616838, 0.00102043047082, -0.00403269100934, 0.000847188697662, -0.00322013534606, -0.00105155014899, -0.00102928036358, 0.00275027751923, -0.0047094123438, 0.014220754616, -0.00443663494661, 0.00113094423432], [-0.000437225273345, 0.00278358068317, -0.00203552376479, 0.00246096029878, -0.00119166646618, 0.00272604590282, -0.00117159879301, -0.000316436693538, 0.000914679549169, -0.00111749081407, -0.00443663494661, 0.0149300890043, -0.00507495505735], [0.000681598670781, -0.00200381595641, 0.00149800081272, -0.00327317230403, 0.000922487408388, -0.00246621505357, 0.000257172359852, -0.00198562256992, -0.00145107274875, 0.00121384055819, 0.00113094423432, -0.00507495505735, 0.0159950125962]]
    },
    "melbands": {
        "dmean": [0.00488595105708, 0.00264076027088, 0.000627091911156, 0.000240509281866, 0.000359516823664, 0.000239274493651, 0.000108667489258, 0.00013497233158, 0.000111638451926, 9.22952676774e-05, 6.04451815889e-05, 6.6995715315e-05, 4.76809873362e-05, 2.6872894523e-05, 5.6355020206e-05, 4.96045176988e-05, 4.58081849501e-05, 2.82594901364e-05, 2.23706265388e-05, 2.26774573093e-05, 1.28671063067e-05, 1.16567234727e-05, 1.41038635775e-05, 1.482911739e-05, 1.17856616271e-05, 1.23842255562e-05, 1.08956555778e-05, 8.06650587037e-06, 6.75444016451e-06, 5.86917849432e-06, 5.53446488993e-06, 4.08043615607e-06, 3.88408307117e-06, 3.00657302432e-06, 1.95087091015e-06, 1.56843464083e-06, 1.0301172324e-06, 9.46715999817e-07, 6.85192844685e-07, 5.06695414515e-07],
        "dmean2": [0.00777712743729, 0.00449626008049, 0.00113890774082, 0.000398187985411, 0.000634202675428, 0.000416601280449, 0.000183319818461, 0.000215946929529, 0.000175200606463, 0.000130870437715, 8.75656114658e-05, 9.74332069745e-05, 6.96362621966e-05, 3.84569757443e-05, 9.11152237677e-05, 7.87529934314e-05, 6.97438081261e-05, 4.36877853645e-05, 3.47176464857e-05, 3.34738360834e-05, 1.96321216208e-05, 1.81372088264e-05, 2.15034724533e-05, 2.25258481805e-05, 1.77337296918e-05, 1.90976552403e-05, 1.72112977452e-05, 1.2187874745e-05, 1.03600168586e-05, 8.68581810209e-06, 8.06417756394e-06, 6.19703041593e-06, 5.93592767473e-06, 4.56081215816e-06, 2.84244197246e-06, 2.30276782531e-06, 1.47664718497e-06, 1.42875103393e-06, 1.00256045243e-06, 7.27590190763e-07],
        "dvar": [7.12917390047e-05, 4.38409988419e-05, 2.70939358415e-06, 1.11218156462e-07, 6.75474154832e-07, 4.23891066248e-07, 3.97923223261e-08, 4.24485300243e-08, 6.65005543965e-08, 3.94413852689e-08, 1.40960230155e-08, 2.56801833132e-08, 1.16859695254e-08, 2.61495602949e-09, 8.48860093328e-09, 7.16651005206e-09, 6.35993435694e-09, 2.61646060373e-09, 2.5769000267e-09, 2.19282347835e-09, 6.44769293512e-10, 4.60468080332e-10, 9.1841939609e-10, 9.9031094436e-10, 7.02738589542e-10, 9.45371891881e-10, 7.39499461666e-10, 3.66519148365e-10, 2.54217341622e-10, 2.08220107822e-10, 2.15829645822e-10, 1.37430664071e-10, 1.1667802835e-10, 5.65945380837e-11, 2.78847049617e-11, 1.68654604171e-11, 6.29576729291e-12, 6.38470352976e-12, 2.67618609565e-12, 1.48522969097e-12],
        "dvar2": [0.00016224225692, 0.00011713818094, 7.66803623264e-06, 2.90153906235e-07, 1.8746305841e-06, 1.17361037155e-06, 1.05315940857e-07, 8.9887684851e-08, 1.43685568332e-07, 6.94832991144e-08, 2.46166784734e-08, 4.30557172137e-08, 1.92649132202e-08, 5.36990985012e-09, 2.19171987226e-08, 1.7834903332e-08, 1.48928140931e-08, 5.79202863449e-09, 5.58899460046e-09, 4.46965620071e-09, 1.36361533176e-09, 1.00673025472e-09, 2.12949546885e-09, 2.36620634197e-09, 1.54421686549e-09, 2.24682361605e-09, 1.8923718148e-09, 7.37098659886e-10, 5.75407665959e-10, 4.39762698479e-10, 4.63649091342e-10, 3.30979604835e-10, 2.83569945303e-10, 1.26942817369e-10, 5.5170555624e-11, 3.74617420418e-11, 1.27684113282e-11, 1.39952702205e-11, 5.23281244724e-12, 2.80947769389e-12],
        "max": [0.0537072680891, 0.0408263206482, 0.0108859641477, 0.00267666624859, 0.00659044645727, 0.00649831257761, 0.00148908118717, 0.00264416332357, 0.00433418527246, 0.00334197515622, 0.00151790643577, 0.00279672211036, 0.00184774491936, 0.000729476916604, 0.00110459909774, 0.00114444107749, 0.000892454467248, 0.000669190951157, 0.00120153324679, 0.000832921243273, 0.000277145300061, 0.000214176645386, 0.00028413781547, 0.000453615008155, 0.000440781674115, 0.000362994731404, 0.000265645328909, 0.000163665434229, 0.000125215898152, 0.000141150259878, 0.000233742990531, 0.000197721805307, 0.000134192378027, 8.43842281029e-05, 9.57705560722e-05, 3.94891067117e-05, 2.30913246924e-05, 3.09469614876e-05, 2.13345392694e-05, 1.66017271113e-05],
        "mean": [0.00817245058715, 0.00279932445846, 0.000536443025339, 0.000356053787982, 0.000429129227996, 0.000261166656855, 0.000147136102896, 0.000197254426894, 0.000178853908437, 0.000158027280122, 0.000110222405056, 9.88304236671e-05, 9.68286767602e-05, 4.63097276224e-05, 8.98843136383e-05, 8.29379932838e-05, 6.85674895067e-05, 3.78968979931e-05, 3.24682769133e-05, 3.09440547426e-05, 1.84823329619e-05, 1.60930176207e-05, 1.83293741429e-05, 1.86815068446e-05, 1.45264984894e-05, 1.42160552059e-05, 1.2236110706e-05, 9.67740288615e-06, 7.29854309611e-06, 6.33126910543e-06, 5.61481147088e-06, 4.02076511818e-06, 4.01449597121e-06, 3.42116527463e-06, 2.3063912522e-06, 1.67235521076e-06, 1.18641196423e-06, 1.15056479899e-06, 8.8705746748e-07, 6.46000557936e-07],
        "median": [0.00278401188552, 0.000498907756992, 0.000202377559617, 0.000201363640372, 0.000218489411054, 0.00010980280058, 6.99868032825e-05, 0.000109539592813, 5.58229949092e-05, 5.34597311344e-05, 2.91407359327e-05, 3.00481533486e-05, 2.85060214082e-05, 1.38457608045e-05, 4.74352164019e-05, 4.20377618866e-05, 1.78618811333e-05, 1.24809548652e-05, 9.31466820475e-06, 7.75543776399e-06, 6.62406500851e-06, 5.31446903551e-06, 5.39046959602e-06, 5.25223595105e-06, 3.10665200232e-06, 3.11152439281e-06, 2.97864949061e-06, 2.22114749704e-06, 1.22644155454e-06, 6.12985161297e-07, 3.74977616957e-07, 3.61251323966e-07, 4.97151802392e-07, 6.33130241567e-07, 3.61821520301e-07, 1.70099340835e-07, 1.24678649627e-07, 1.65945451158e-07, 1.4961916861e-07, 1.29026190621e-07],
        "min": [9.93667103359e-24, 6.7490513541e-24, 2.50665838002e-23, 3.85314565316e-23, 2.10883708769e-23, 6.94823794381e-24, 1.76811922749e-23, 8.60328390018e-24, 8.18142002073e-24, 6.07688112057e-24, 7.45160850971e-24, 6.23072083e-24, 9.05983162705e-24, 5.60072231159e-24, 1.11219195553e-23, 6.5205901362e-24, 3.99143107658e-24, 1.25007143113e-23, 1.5095127945e-23, 8.54352532003e-24, 1.2933357975e-23, 1.54913585782e-23, 1.00995266343e-23, 5.30591868042e-24, 1.14203298586e-23, 1.31945561316e-23, 9.43016474559e-24, 1.447765496e-23, 1.74976196091e-23, 1.30143377024e-23, 1.36581483864e-23, 1.01883176624e-23, 9.62916831957e-24, 1.0834489407e-23, 1.23451627737e-23, 1.00685417557e-23, 1.1092894996e-23, 7.62630017945e-24, 7.01246620985e-24, 1.03418970477e-23],
        "stdev": [0.0114255677909, 0.00622197566554, 0.00128759420477, 0.000383011240046, 0.000701657205354, 0.000540211389307, 0.000210397702176, 0.000271899974905, 0.000392965856008, 0.000297622900689, 0.000192146922927, 0.000237055995967, 0.000211445440073, 8.58495259308e-05, 0.000120363285532, 0.000117441944894, 0.000116382165288, 6.57937853248e-05, 6.84329061187e-05, 6.29827482044e-05, 3.22834166582e-05, 2.78981679003e-05, 3.46056986018e-05, 3.51511444023e-05, 3.22852538375e-05, 3.42866769643e-05, 2.80431140709e-05, 2.24355844693e-05, 1.80117258424e-05, 1.70321709447e-05, 1.68464066519e-05, 1.28206038426e-05, 1.16501387311e-05, 8.5369874796e-06, 6.28384850643e-06, 4.65125276605e-06, 3.09175743496e-06, 3.01608315567e-06, 2.1813038984e-06, 1.62703645401e-06],
        "var": [0.000130543601699, 3.8712980313e-05, 1.65789890616e-06, 1.46697615833e-07, 4.92322840273e-07, 2.91828314403e-07, 4.42671925782e-08, 7.39295984431e-08, 1.54422167498e-07, 8.85793909333e-08, 3.69204400386e-08, 5.61955424416e-08, 4.47091714761e-08, 7.37014138608e-09, 1.44873206764e-08, 1.37926106092e-08, 1.35448088301e-08, 4.32882218959e-09, 4.68306238233e-09, 3.96682686699e-09, 1.04221908881e-09, 7.78307751581e-10, 1.19755438899e-09, 1.23560295329e-09, 1.04233754961e-09, 1.17557630297e-09, 7.86416265441e-10, 5.03355412906e-10, 3.24422266829e-10, 2.90094864797e-10, 2.83801399048e-10, 1.64367880418e-10, 1.35725722328e-10, 7.28801602401e-11, 3.94867541442e-11, 2.16341528025e-11, 9.55896386351e-12, 9.09675720168e-12, 4.75808671976e-12, 2.64724765546e-12]
    },
    "melbands128": {
