{
"lowlevel": {
    "average_loudness": 0.961636304855,
    "barkbands_crest": {
        "dmean": 2.9557621479,
        "dmean2": 4.80410957336,
        "dvar": 8.30595111847,
        "dvar2": 21.1777820587,
        "max": 24.9784736633,
        "mean": 9.57647514343,
        "median": 8.77756404877,
        "min": 2.26027417183,
        "stdev": 4.04337835312,
        "var": 16.3489093781
    },
    "barkbands_flatness_db": {
        "dmean": 0.0298234540969,
        "dmean2": 0.0443161167204,
        "dvar": 0.000746933452319,
        "dvar2": 0.00162961496972,
        "max": 0.315872967243,
        "mean": 0.120957225561,
        "median": 0.118684284389,
        "min": 0.030878553167,
        "stdev": 0.0434438362718,
        "var": 0.00188736687414
    },
    "barkbands_kurtosis": {
        "dmean": 2.93885850906,
        "dmean2": 4.72332763672,
        "dvar": 31.3736152649,
        "dvar2": 89.0280380249,
        "max": 92.4638519287,
        "mean": 2.89996862411,
        "median": 1.3998374939,
        "min": -1.94085597992,
        "stdev": 6.0982708931,
        "var": 37.1889076233
    },
    "barkbands_skewness": {
        "dmean": 0.700853943825,
        "dmean2": 1.05703783035,
        "dvar": 0.601626217365,
        "dvar2": 1.37488603592,
        "max": 9.17127609253,
        "mean": 1.10139656067,
        "median": 1.07205212116,
        "min": -4.48210668564,
        "stdev": 1.20670151711,
        "var": 1.45612847805
    },
    "barkbands_spread": {
        "dmean": 11.0033769608,
        "dmean2": 17.2167491913,
        "dvar": 158.783477783,
        "dvar2": 372.555175781,
        "max": 114.364326477,
        "mean": 29.5898799896,
        "median": 24.4683017731,
        "min": 2.23782539368,
        "stdev": 19.0030498505,
        "var": 361.115875244
    },
    "dissonance": {
        "dmean": 0.0270806383342,
        "dmean2": 0.0432029701769,
        "dvar": 0.000933632836677,
        "dvar2": 0.00229204795323,
        "max": 0.499919444323,
        "mean": 0.44630548358,
        "median": 0.456043303013,
        "min": 0,
        "stdev": 0.0419525913894,
        "var": 0.00176001992077
    },
    "dynamic_complexity": 2.033452034,
    "erbbands_crest": {
        "dmean": 3.3027317524,
        "dmean2": 5.30005073547,
        "dvar": 9.07747077942,
        "dvar2": 22.1792621613,
        "max": 31.5332374573,
        "mean": 10.1145973206,
        "median": 9.26289081573,
        "min": 2.61516427994,
        "stdev": 4.68717241287,
        "var": 21.969587326
    },
    "erbbands_flatness_db": {
        "dmean": 0.0231866165996,
        "dmean2": 0.033977791667,
        "dvar": 0.00044196494855,
        "dvar2": 0.000890461436938,
        "max": 0.294324696064,
        "mean": 0.151476785541,
        "median": 0.146085262299,
        "min": 0.0672976672649,
        "stdev": 0.0442292317748,
        "var": 0.00195622490719
    },
    "erbbands_kurtosis": {
        "dmean": 1.89762496948,
        "dmean2": 2.85454535484,
        "dvar": 8.57684803009,
        "dvar2": 18.259437561,
        "max": 32.8840141296,
        "mean": 1.77607786655,
        "median": 0.5940117836,
        "min": -1.72560811043,
        "stdev": 3.86909627914,
        "var": 14.9699058533
    },
    "erbbands_skewness": {
        "dmean": 0.55244076252,
        "dmean2": 0.801452040672,
        "dvar": 0.305288821459,
        "dvar2": 0.575559914112,
        "max": 5.01118516922,
        "mean": 0.455741107464,
        "median": 0.580508172512,
        "min": -4.87854957581,
        "stdev": 1.09402883053,
        "var": 1.19689905643
    },
    "erbbands_spread": {
        "dmean": 12.6608982086,
        "dmean2": 18.9047908783,
        "dvar": 192.61088562,
        "dvar2": 469.804962158,
        "max": 150.698364258,
        "mean": 39.3788337708,
        "median": 35.301574707,
        "min": 4.81761646271,
        "stdev": 22.1416759491,
        "var": 490.253814697
    },
    "hfc": {
        "dmean": 19.3932228088,
        "dmean2": 30.8836421967,
        "dvar": 1014.097229,
        "dvar2": 2414.82177734,
        "max": 476.40927124,
        "mean": 43.5041007996,
        "median": 35.7759933472,
        "min": 1.16077739199e-16,
        "stdev": 41.4518127441,
        "var": 1718.25292969
    },
    "loudness_ebu128": {
        "integrated": -6.97803974152,
        "loudness_range": 2.59519910812,
        "momentary": {
            "dmean": 0.560309529305,
            "dmean2": 0.757932782173,
            "dvar": 0.226946130395,
            "dvar2": 0.357222616673,
            "max": -4.65162467957,
            "mean": -7.24254083633,
            "median": -7.03552436829,
            "min": -13.5192213058,
            "stdev": 1.63148331642,
            "var": 2.66173791885
        },
        "short_term": {
            "dmean": 0.0694677382708,
            "dmean2": 0.0824603363872,
            "dvar": 0.0027051945217,
            "dvar2": 0.00409398460761,
            "max": -5.60329675674,
            "mean": -7.07536697388,
            "median": -6.74773311615,
            "min": -8.85223197937,
            "stdev": 0.995779633522,
            "var": 0.991577029228
        }
    },
    "melbands_crest": {
        "dmean": 3.58918380737,
        "dmean2": 5.67188453674,
        "dvar": 10.9084377289,
        "dvar2": 27.5845336914,
        "max": 35.6744918823,
        "mean": 13.683971405,
        "median": 12.7041053772,
        "min": 2.39110636711,
        "stdev": 5.34475183487,
        "var": 28.5663738251
    },
    "melbands_flatness_db": {
        "dmean": 0.0381099246442,
        "dmean2": 0.0557420067489,
        "dvar": 0.00140114256646,
        "dvar2": 0.00311554805376,
        "max": 0.405476182699,
        "mean": 0.168702811003,
        "median": 0.165209531784,
        "min": 0.0065004308708,
        "stdev": 0.0587263256311,
        "var": 0.00344878132455
    },
    "melbands_kurtosis": {
        "dmean": 7.36111354828,
        "dmean2": 11.8433113098,
        "dvar": 291.974487305,
        "dvar2": 795.659790039,
        "max": 310.528411865,
        "mean": 9.71968460083,
        "median": 4.88683891296,
        "min": -1.90817785263,
        "stdev": 17.3307876587,
        "var": 300.356231689
    },
    "melbands_skewness": {
        "dmean": 0.883272409439,
        "dmean2": 1.31263923645,
        "dvar": 1.04301357269,
        "dvar2": 2.53472161293,
        "max": 14.0823488235,
        "mean": 2.06344151497,
        "median": 1.8212274313,
        "min": -1.61497104168,
        "stdev": 1.61128389835,
        "var": 2.59623599052
    },
    "melbands_spread": {
        "dmean": 16.140247345,
        "dmean2": 25.4961299896,
        "dvar": 686.941345215,
        "dvar2": 1412.69714355,
        "max": 266.767364502,
        "mean": 35.3729743958,
        "median": 26.1159992218,
        "min": 1.48235595226,
        "stdev": 35.121383667,
        "var": 1233.51159668
    },
    "pitch_salience": {
        "dmean": 0.081660181284,
        "dmean2": 0.126936480403,
        "dvar": 0.00576797453687,
        "dvar2": 0.0141314659268,
        "max": 0.959994733334,
        "mean": 0.572402119637,
        "median": 0.577987313271,
        "min": 0.121426664293,
        "stdev": 0.126392439008,
        "var": 0.0159750487655
    },
    "silence_rate_20dB": {
        "dmean": 0,
        "dmean2": 0,
        "dvar": 0,
        "dvar2": 0,
        "max": 1,
        "mean": 1,
        "median": 1,
        "min": 1,
        "stdev": 0,
        "var": 0
    },
    "silence_rate_30dB": {
        "dmean": 0.00773993786424,
        "dmean2": 0.0154918665066,
        "dvar": 0.00768005289137,
        "dvar2": 0.0214486755431,
        "max": 1,
        "mean": 0.99535959959,
        "median": 1,
        "min": 0,
        "stdev": 0.0679619312286,
        "var": 0.00461882445961
    },
    "silence_rate_60dB": {
        "dmean": 0.0286377705634,
        "dmean2": 0.0573199056089,
        "dvar": 0.0278176870197,
        "dvar2": 0.0633295327425,
        "max": 1,
        "mean": 0.0317092016339,
        "median": 0,
        "min": 0,
        "stdev": 0.175225093961,
        "var": 0.0307038351893
    },
    "spectral_centroid": {
        "dmean": 455.287200928,
        "dmean2": 688.04876709,
        "dvar": 347533,
        "dvar2": 637335.3125,
        "max": 10876.4042969,
        "mean": 1650.47888184,
        "median": 1483.29382324,
        "min": 297.660736084,
        "stdev": 900.828186035,
        "var": 811491.375
    },
    "spectral_complexity": {
        "dmean": 6.51006174088,
        "dmean2": 10.2974433899,
        "dvar": 57.0982131958,
        "dvar2": 128.639343262,
        "max": 53,
        "mean": 18.7579269409,
        "median": 17,
        "min": 0,
        "stdev": 9.98689556122,
        "var": 99.7380828857
    },
    "spectral_decrease": {
        "dmean": 2.53436760467e-09,
        "dmean2": 3.72194319809e-09,
        "dvar": 1.25041799544e-17,
        "dvar2": 2.84297807544e-17,
        "max": -7.4960473535e-29,
        "mean": -7.82517961539e-09,
        "median": -7.21855908381e-09,
        "min": -4.09127522971e-08,
        "stdev": 5.5267102006e-09,
        "var": 3.05445275474e-17
    },
    "spectral_energy": {
        "dmean": 0.0103298919275,
        "dmean2": 0.0153530435637,
        "dvar": 0.000181893614354,
        "dvar2": 0.000410065607866,
        "max": 0.165512949228,
        "mean": 0.0334800034761,
        "median": 0.031772762537,
        "min": 1.08115171779e-20,
        "stdev": 0.0219212416559,
        "var": 0.000480540853459
    },
    "spectral_energyband_high": {
        "dmean": 0.001881694654,
        "dmean2": 0.00303694559261,
        "dvar": 1.34513757075e-05,
        "dvar2": 3.02720145555e-05,
        "max": 0.0547931604087,
        "mean": 0.00279771350324,
        "median": 0.00127253541723,
        "min": 7.65946063549e-21,
        "stdev": 0.00485084112734,
        "var": 2.3530659746e-05
    },
    "spectral_energyband_low": {
        "dmean": 0.00484346132725,
        "dmean2": 0.00790015049279,
        "dvar": 0.000178295376827,
        "dvar2": 0.000448235514341,
        "max": 0.145095974207,
        "mean": 0.00904729310423,
        "median": 0.00242830906063,
        "min": 1.7109409798e-22,
        "stdev": 0.0155876483768,
        "var": 0.00024297478376
    },
    "spectral_energyband_middle_high": {
        "dmean": 0.00396739086136,
        "dmean2": 0.00581391528249,
        "dvar": 2.43987979047e-05,
        "dvar2": 5.29546196049e-05,
        "max": 0.0549627877772,
        "mean": 0.00967745110393,
        "median": 0.00644025718793,
        "min": 1.54494609133e-21,
        "stdev": 0.0100903343409,
        "var": 0.000101814854133
    },
    "spectral_energyband_middle_low": {
        "dmean": 0.0052682668902,
        "dmean2": 0.0078362505883,
        "dvar": 4.25679972977e-05,
        "dvar2": 9.35001953621e-05,
        "max": 0.0682468563318,
        "mean": 0.0129321366549,
        "median": 0.0109387170523,
        "min": 4.85759643777e-22,
        "stdev": 0.010233219713,
        "var": 0.000104718783405
    },
    "spectral_entropy": {
        "dmean": 0.261296004057,
        "dmean2": 0.36180794239,
        "dvar": 0.063908778131,
        "dvar2": 0.124618470669,
        "max": 9.81398582458,
        "mean": 7.73132753372,
        "median": 7.74432897568,
        "min": 6.17826223373,
        "stdev": 0.488136649132,
        "var": 0.238277375698
    },
    "spectral_flux": {
        "dmean": 0.0314160324633,
        "dmean2": 0.047490555793,
        "dvar": 0.000878073857166,
        "dvar2": 0.00190967542585,
        "max": 0.311223715544,
        "mean": 0.103003680706,
        "median": 0.0944495499134,
        "min": 1.03978443911e-10,
        "stdev": 0.051036786288,
        "var": 0.0026047534775
    },
    "spectral_kurtosis": {
        "dmean": 1.10768413544,
        "dmean2": 1.6331871748,
        "dvar": 1.27004909515,
        "dvar2": 2.77281713486,
        "max": 12.6865253448,
        "mean": 3.14952969551,
        "median": 3.08075904846,
        "min": -1.24243819714,
        "stdev": 2.00142765045,
        "var": 4.00571250916
    },
    "spectral_rms": {
        "dmean": 0.000893592077773,
        "dmean2": 0.00127835245803,
        "dvar": 9.54657252805e-07,
        "dvar2": 1.87551358977e-06,
        "max": 0.0127073228359,
        "mean": 0.00536937499419,
        "median": 0.00556756835431,
        "min": 3.24774105179e-12,
        "stdev": 0.00195786450058,
        "var": 3.83323322239e-06
    },
    "spectral_rolloff": {
        "dmean": 1204.32714844,
        "dmean2": 2006.47497559,
        "dvar": 3625479.25,
        "dvar2": 7391490.5,
        "max": 18820.0195312,
        "mean": 2478.28686523,
        "median": 1571.92382812,
        "min": 64.599609375,
        "stdev": 2560.06298828,
        "var": 6553922.5
    },
    "spectral_skewness": {
        "dmean": 0.249791547656,
        "dmean2": 0.348106712103,
        "dvar": 0.0610334128141,
        "dvar2": 0.114889875054,
        "max": 2.94308829308,
        "mean": 1.49961972237,
        "median": 1.51382887363,
        "min": -0.266078829765,
        "stdev": 0.496458888054,
        "var": 0.246471434832
    },
    "spectral_spread": {
        "dmean": 899222.8125,
        "dmean2": 1308544.25,
        "dvar": 1.41934369178e+12,
        "dvar2": 2.03082511155e+12,
        "max": 40723504,
        "mean": 6401777,
        "median": 6074222,
        "min": 2845360,
        "stdev": 1988144.5,
        "var": 3.9527186432e+12
    },
    "spectral_strongpeak": {
        "dmean": 0.826339960098,
        "dmean2": 1.33955478668,
        "dvar": 1.31686413288,
        "dvar2": 3.0395860672,
        "max": 10.2557878494,
        "mean": 1.61447834969,
        "median": 0.830483198166,
        "min": 0,
        "stdev": 1.82299876213,
        "var": 3.32332444191
    },
    "zerocrossingrate": {
        "dmean": 0.0220350138843,
        "dmean2": 0.0260025840253,
        "dvar": 0.000836210267153,
        "dvar2": 0.000872064731084,
        "max": 0.5107421875,
        "mean": 0.096671000123,
        "median": 0.0810546875,
        "min": 0.00732421875,
        "stdev": 0.0610324069858,
        "var": 0.00372495455667
    },
    "barkbands": {
        "dmean": [0.000280508305877, 0.00400790059939, 0.00117847067304, 0.000814704340883, 0.00122319802176, 0.00159177836031, 0.00189839571249, 0.00121584488079, 0.000985250808299, 0.00112523755524, 0.000848472584039, 0.00114487356041, 0.000892059470061, 0.000854422687553, 0.000472271814942, 0.000368341541616, 0.000381463847589, 0.000407534680562, 0.000223622249905, 0.000210275145946, 0.000266108778305, 0.000354596384568, 0.00036272034049, 0.000424282887252, 0.000465680437628, 0.000145042591612, 7.17025977792e-06],
        "dmean2": [0.0004431848065, 0.00687841838226, 0.00197277986445, 0.001401233254, 0.00191445893142, 0.00242058257572, 0.00287886778824, 0.00183031777851, 0.00150122423656, 0.00166221719701, 0.00124627829064, 0.00177552993409, 0.00134232651908, 0.00132586073596, 0.0007495075115, 0.000586802489124, 0.00061891641235, 0.000665113213472, 0.000361354614142, 0.000352387753082, 0.000445131881861, 0.000570593576413, 0.000586510519497, 0.000670964596793, 0.000752042164095, 0.000237157422816, 1.22078799905e-05],
        "dvar": [5.90042930071e-07, 0.000178749192855, 1.0942138033e-05, 3.19766650136e-06, 3.49565971192e-06, 7.67679375713e-06, 1.9541976144e-05, 6.18886360826e-06, 4.00887165597e-06, 7.20851585356e-06, 3.87116597267e-06, 8.72442888067e-06, 3.75748254555e-06, 3.82310645364e-06, 7.24549863662e-07, 5.44809154235e-07, 3.97278625996e-07, 3.21327291886e-07, 8.96750549373e-08, 8.92847751288e-08, 1.61128440368e-07, 4.70631022154e-07, 4.89046669827e-07, 1.07570087948e-06, 1.50759296957e-06, 9.46807290347e-08, 3.65347169184e-10],
        "dvar2": [1.40360339174e-06, 0.000488886609674, 2.93277080345e-05, 8.71541942615e-06, 8.46199054649e-06, 1.71879128175e-05, 4.20159813075e-05, 1.33823541546e-05, 8.51338154462e-06, 1.46665988723e-05, 7.66399443819e-06, 2.22756443691e-05, 7.75443186285e-06, 8.59670490172e-06, 1.74883871296e-06, 1.22429401017e-06, 9.7705344615e-07, 7.76162664806e-07, 2.23531330334e-07, 2.22889170232e-07, 3.93885869698e-07, 1.05840558717e-06, 9.68778067545e-07, 2.48530977842e-06, 3.93788968722e-06, 2.2431386526e-07, 8.25823021078e-10],
        "max": [0.00906104315072, 0.139745444059, 0.0388760343194, 0.0217775478959, 0.0224262755364, 0.0301995873451, 0.058637432754, 0.0361890271306, 0.0292529910803, 0.0517405942082, 0.0335748568177, 0.043020196259, 0.028271978721, 0.0334592685103, 0.010670335032, 0.0138105079532, 0.00890514533967, 0.00720584066585, 0.00342164863832, 0.00379607873037, 0.00387354567647, 0.0101675577462, 0.00833287928253, 0.0150007158518, 0.0201705377549, 0.00655295001343, 0.000536475505214],
        "mean": [0.000412650202634, 0.00640026014298, 0.00160009064712, 0.00118586770259, 0.00208115228452, 0.00257787806913, 0.00293404213153, 0.00191562692635, 0.00150932080578, 0.00180200871546, 0.00140454608481, 0.00162348046433, 0.00131494831294, 0.00117950013373, 0.000635320087895, 0.000470221217256, 0.000517059350386, 0.000631130184047, 0.000354875606718, 0.000276052043773, 0.000330074806698, 0.00047084884136, 0.000417586532421, 0.000562396133319, 0.000676637049764, 0.000189177866559, 7.25339214114e-06],
        "median": [2.55676986853e-05, 0.00142204971053, 0.000613462238107, 0.000461598683614, 0.00114544585813, 0.00098093226552, 0.000834760430735, 0.000369780347683, 0.000299756327877, 0.000309966388159, 0.000207051751204, 0.000284300971543, 0.000204848111025, 0.000214592393604, 0.000215241467231, 0.00017357460456, 0.000218091066927, 0.000326570763718, 0.0002254434512, 0.000139205701998, 0.000130447573611, 0.000179691327503, 9.45046849665e-05, 0.0001729222422, 0.00026191509096, 7.51228508307e-05, 1.37581605486e-06],
        "min": [4.65785004081e-23, 6.50905414987e-23, 6.57971336778e-23, 3.66576468245e-23, 6.63278792949e-23, 5.05101042736e-23, 8.49629574432e-23, 8.40357177134e-23, 1.41367332582e-22, 6.59355693004e-23, 1.07388139899e-22, 2.08698504109e-22, 3.28240889031e-23, 9.37155585132e-23, 1.92297063525e-22, 1.53614341337e-22, 9.97600253392e-23, 1.89753397314e-22, 2.33862447544e-22, 2.92863033341e-22, 3.7571107363e-22, 6.53496614801e-22, 6.197406382e-22, 1.0608873074e-21, 9.98872995265e-22, 1.55031034549e-21, 2.60243379951e-21],
        "stdev": [0.00101374706719, 0.0139082754031, 0.00330977677368, 0.00195360695943, 0.00251418352127, 0.0040962328203, 0.00569794652984, 0.00365291256458, 0.00281965825707, 0.0039112563245, 0.00339351035655, 0.00408963812515, 0.0031998346094, 0.0027662483044, 0.00112608191557, 0.000920443562791, 0.000790767313447, 0.000836338265799, 0.000385540246498, 0.000372497015633, 0.000501077622175, 0.000877098471392, 0.00097769824788, 0.00130751077086, 0.00135850603692, 0.000364908279153, 2.08060846489e-05],
        "var": [1.02768319721e-06, 0.000193440137082, 1.09546226668e-05, 3.81657991966e-06, 6.32111823506e-06, 1.67791240528e-05, 3.24665925291e-05, 1.33437706609e-05, 7.95047253632e-06, 1.52979264385e-05, 1.15159127745e-05, 1.67251382663e-05, 1.02389412859e-05, 7.65212917031e-06, 1.26806048684e-06, 8.47216313105e-07, 6.25312964075e-07, 6.99461679687e-07, 1.48641291275e-07, 1.38754018053e-07, 2.51078802194e-07, 7.69301720993e-07, 9.55893824539e-07, 1.70958435319e-06, 1.84553880445e-06, 1.33158053472e-07, 4.32893138003e-10]
    },
    "erbbands": {
        "dmean": [0.117575973272, 0.893987298012, 1.39202046394, 2.0814614296, 2.77495098114, 4.2064576149, 13.0695705414, 10.2178678513, 22.5805854797, 25.4166355133, 29.8743476868, 21.1536006927, 23.3797550201, 45.4933815002, 23.1934566498, 51.5528259277, 40.319644928, 44.6108016968, 25.3366260529, 20.2462654114, 19.1545085907, 20.1695842743, 23.4096279144, 14.5511226654, 10.4895429611, 9.88739299774, 11.1863145828, 9.71505832672, 12.2417135239, 12.5114021301, 10.460021019, 9.52682495117, 6.56464958191, 5.02347326279, 3.59306716919, 1.02373123169, 0.210430055857, 0.028634602204, 0.00077142578084, 3.69616536773e-05],
        "dmean2": [0.195897892118, 1.56761872768, 2.22437119484, 3.56740140915, 4.56538295746, 6.68373537064, 20.061756134, 15.6393098831, 33.8931999207, 38.1969451904, 45.4959106445, 31.4011764526, 34.5448417664, 65.4613952637, 33.7941017151, 80.4837188721, 61.0331573486, 67.5882339478, 39.3152694702, 32.1435165405, 29.7439117432, 32.0972099304, 37.8854522705, 23.4418869019, 17.1163330078, 16.3635406494, 18.7109127045, 16.0034198761, 19.6951751709, 20.0189476013, 17.0205535889, 15.3187799454, 10.5575275421, 7.99409675598, 5.88036966324, 1.67118513584, 0.348150193691, 0.0470001921058, 0.00127260538284, 5.90714116697e-05],
        "dvar": [0.125559136271, 10.0515327454, 14.449596405, 20.6165771484, 31.0013790131, 49.3675270081, 625.328552246, 536.371398926, 2841.41357422, 4034.39550781, 3533.90429688, 1840.37243652, 2350.83911133, 13476.4267578, 2328.37963867, 19746.2753906, 8618.17089844, 10251.9492188, 1959.51818848, 1149.78039551, 1428.75927734, 1262.62475586, 1049.48339844, 406.537628174, 204.930801392, 206.831726074, 271.876861572, 237.751159668, 500.724121094, 727.825683594, 392.910491943, 605.716796875, 217.329742432, 176.590652466, 84.8353500366, 4.09297227859, 0.23243843019, 0.00668489607051, 3.68126870853e-06, 5.1042552407e-09],
        "dvar2": [0.336929261684, 27.3827037811, 34.6056213379, 57.2792472839, 79.8930740356, 118.797142029, 1467.72387695, 1172.96972656, 6398.53466797, 8649.45898438, 7956.43603516, 3874.1862793, 4744.41699219, 26800.6015625, 5163.53857422, 52256.0820312, 18239.5253906, 23468.5351562, 4453.88574219, 2787.89526367, 2972.98095703, 3134.3996582, 2570.26416016, 936.011535645, 534.786376953, 513.263916016, 670.423034668, 567.934875488, 1123.93725586, 1467.1640625, 829.532043457, 1407.62219238, 512.299926758, 450.256347656, 225.270980835, 10.2361984253, 0.534690797329, 0.0148032475263, 8.08984441392e-06, 1.19062439907e-08],
        "max": [4.09805011749, 32.2728614807, 40.3878173828, 44.3567123413, 60.9188156128, 79.2379837036, 359.89956665, 388.964508057, 833.098693848, 1038.96899414, 823.990234375, 807.510437012, 752.05291748, 2074.62646484, 834.618164062, 2191.74707031, 1292.65454102, 1772.20324707, 598.018920898, 517.598510742, 932.64666748, 638.481811523, 463.024169922, 198.289016724, 163.531646729, 190.336395264, 176.137115479, 184.07572937, 303.014282227, 384.766601562, 232.464080811, 351.736877441, 196.351470947, 219.858093262, 154.871536255, 31.5834217072, 10.467880249, 2.34563112259, 0.0531125739217, 0.00159604067449],
        "mean": [0.207179948688, 1.31353747845, 2.09467458725, 3.26061463356, 4.02011632919, 7.24184703827, 20.5133171082, 16.4039402008, 36.7896232605, 39.9601211548, 48.599647522, 35.9797439575, 44.3717651367, 75.9543914795, 39.9536170959, 75.9406967163, 63.4036331177, 66.3699874878, 37.5281829834, 29.4322242737, 26.1554470062, 28.2122631073, 36.5910873413, 23.5472183228, 16.3007144928, 12.8896970749, 13.8654050827, 12.5952644348, 16.5138988495, 15.7804994583, 11.5074186325, 11.9763813019, 8.7173614502, 7.05764722824, 5.06420373917, 1.33188021183, 0.272246211767, 0.0373892523348, 0.00100450741593, 8.34249367472e-05],
        "median": [0.0169793497771, 0.346162557602, 0.841390967369, 1.08733201027, 1.92561793327, 3.29723381996, 8.14471340179, 5.8663482666, 10.058839798, 12.8714361191, 11.7818784714, 11.1963853836, 10.6643104553, 14.7953252792, 12.2529850006, 15.1037321091, 12.6490354538, 14.3488264084, 13.7417287827, 12.2146921158, 9.85175228119, 12.6571588516, 20.0761051178, 14.2989397049, 10.2059345245, 6.32951545715, 5.94123125076, 4.98041152954, 6.70753240585, 4.96609067917, 2.37040305138, 3.17150592804, 2.95935630798, 2.53212308884, 1.88190937042, 0.533520042896, 0.0978903472424, 0.0124192815274, 0.000362518738257, 6.3179883e-05],
        "min": [2.00169812056e-21, 1.51992821969e-20, 6.8039211373e-20, 1.0238744687e-19, 1.48700953324e-19, 1.89061408931e-19, 4.57380472423e-19, 4.37104517851e-19, 9.52363231325e-19, 1.78875139807e-18, 1.5530987051e-18, 2.81917855893e-18, 3.06501312147e-18, 3.26191271294e-18, 5.45475610911e-18, 7.43681361927e-18, 1.94331237027e-18, 4.05433933205e-18, 4.13601597292e-18, 1.30358577378e-17, 9.55049417646e-18, 5.73705051829e-18, 8.90871948076e-18, 1.46608714219e-17, 1.07458785223e-17, 1.42310584495e-17, 1.77544987887e-17, 1.24514538078e-17, 2.09196905134e-17, 2.37206464902e-17, 1.92687091483e-17, 1.87142946514e-17, 1.62450744962e-17, 1.17559578672e-17, 7.86302587452e-18, 4.97148493521e-18, 3.15409013368e-18, 1.19612291469e-18, 3.66689449888e-19, 3.8358811003e-20],
        "stdev": [0.466226011515, 3.02161955833, 4.12920379639, 5.03139305115, 6.2900519371, 9.62119293213, 34.8544616699, 31.8401432037, 73.2273712158, 84.5702972412, 84.8984603882, 62.772605896, 92.49269104, 173.363052368, 77.9759979248, 189.908172607, 149.552581787, 145.223480225, 63.5798912048, 46.1827964783, 50.1451072693, 42.8781242371, 47.012336731, 28.2230033875, 17.9176368713, 17.760137558, 20.6586780548, 19.7582492828, 29.1694068909, 36.6136703491, 26.3313026428, 30.9221477509, 18.3196601868, 15.0297470093, 10.0078468323, 2.35262417793, 0.580403864384, 0.0989762246609, 0.00231423391961, 9.23124680412e-05],
        "var": [0.217366695404, 9.13018417358, 17.0503234863, 25.3149166107, 39.5647544861, 92.5673446655, 1214.83337402, 1013.79473877, 5362.24804688, 7152.13525391, 7207.74853516, 3940.40014648, 8554.8984375, 30054.75, 6080.25634766, 36065.1132812, 22365.9746094, 21089.859375, 4042.40258789, 2132.85058594, 2514.53173828, 1838.53369141, 2210.15966797, 796.537902832, 321.041687012, 315.422485352, 426.780975342, 390.388397217, 850.854309082, 1340.56091309, 693.337463379, 956.179260254, 335.609924316, 225.893295288, 100.156990051, 5.53484106064, 0.336868673563, 0.00979629252106, 5.35567824045e-06, 8.5215914325e-09]
    },
    "gfcc": {
        "mean": [33.0447654724, 50.1988716125, -108.228065491, 21.9267215729, -66.7746734619, 20.0280094147, -48.5174255371, 17.8666725159, -30.2423477173, 9.73898410797, -15.2790298462, 6.58510351181, -14.6515827179],
        "cov": [[5499.76416016, -390.381896973, -15.6889724731, 54.7681045532, -68.6012878418, 173.682739258, 49.646156311, 194.50390625, -92.0470046997, 144.799118042, -140.28225708, 13.3426933289, -61.2957992554], [-390.381896973, 1435.49267578, 23.7094116211, -186.270370483, 254.109954834, 27.3017978668, 206.867645264, 133.691848755, 25.2115478516, -39.5254058838, 78.7090606689, -21.4722080231, 48.5772399902], [-15.6889724731, 23.7094116211, 1175.92370605, 470.373535156, 44.9996566772, 4.03954172134, 14.8495817184, 46.6927528381, -24.9744243622, 63.3705863953, -26.6232433319, 17.4947357178, 53.8198814392], [54.7681045532, -186.270370483, 470.373535156, 782.90625, 135.398300171, -66.3945617676, -52.2637939453, 16.0385322571, 106.072570801, 48.8329200745, -33.073299408, 72.7842254639, 93.0822906494], [-68.6012878418, 254.109954834, 44.9996566772, 135.398300171, 320.694366455, 85.6331481934, 62.4510574341, 63.1447601318, 37.5549850464, 24.71626091, 8.83250713348, 22.0223045349, 59.7984237671], [173.682739258, 27.3017978668, 4.03954172134, -66.3945617676, 85.6331481934, 356.621154785, 191.410644531, 0.448676466942, -33.5118141174, 28.9503803253, 32.9856071472, -15.0136947632, -0.938625872135], [49.646156311, 206.867645264, 14.8495817184, -52.2637939453, 62.4510574341, 191.410644531, 370.126678467, 112.458969116, -22.3555622101, 70.4170532227, 51.4777793884, 48.2854232788, 45.3703575134], [194.50390625, 133.691848755, 46.6927528381, 16.0385322571, 63.1447601318, 0.448676466942, 112.458969116, 237.953903198, 89.6407241821, 25.5548439026, 20.5747623444, 39.0558853149, 59.4853553772], [-92.0470046997, 25.2115478516, -24.9744243622, 106.072570801, 37.5549850464, -33.5118141174, -22.3555622101, 89.6407241821, 186.206726074, 26.4826126099, -0.374693512917, 21.0052890778, 29.483625412], [144.799118042, -39.5254058838, 63.3705863953, 48.8329200745, 24.71626091, 28.9503803253, 70.4170532227, 25.5548439026, 26.4826126099, 139.541717529, 36.3888778687, 27.3763065338, 31.7081928253], [-140.28225708, 78.7090606689, -26.6232433319, -33.073299408, 8.83250713348, 32.9856071472, 51.4777793884, 20.5747623444, -0.374693512917, 36.3888778687, 110.484642029, 46.5565071106, 7.52985095978], [13.3426933289, -21.4722080231, 17.4947357178, 72.7842254639, 22.0223045349, -15.0136947632, 48.2854232788, 39.0558853149, 21.0052890778, 27.3763065338, 46.5565071106, 121.807975769, 54.0116767883], [-61.2957992554, 48.5772399902, 53.8198814392, 93.0822906494, 59.7984237671, -0.938625872135, 45.3703575134, 59.4853553772, 29.483625412, 31.7081928253, 7.52985095978, 54.0116767883, 132.385864258]],
        "icov": [[0.000275736529147, -8.70316362125e-05, 0.000153965462232, -0.000189419050002, 0.000270212884061, -0.000454733206425, 0.000463045405922, -0.000759936578106, 0.000645708700176, -0.000715381931514, 0.000838986423332, -0.000475068402011, 0.000461327756057], [-8.70316362125e-05, 0.00133144925348, -0.000401187397074, 0.000716736773029, -0.00142200489063, 0.001162661938, -0.00138014508411, 0.000657987839077, -0.000937029195484, 0.00147992337588, -0.00167700345628, 0.001368511701, -0.000650531379506], [0.000153965462232, -0.000401187397074, 0.00148205424193, -0.00124145066366, 0.000791493221186, -0.000766488257796, 0.000817777414341, -0.00132945482619, 0.0016215875512, -0.00128084688913, 0.00100856728386, -0.00026647746563, 0.000440012518084], [-0.000189419050002, 0.000716736773029, -0.00124145066366, 0.00292055588216, -0.00172254850622, 0.00120721571147, -0.000894602097105, 0.00185297371354, -0.00237539387308, 0.00101109035313, -0.00045531935757, -0.000310795672704, -0.00119931309018], [0.000270212884061, -0.00142200489063, 0.000791493221186, -0.00172254850622, 0.00574299553409, -0.00273591536097, 0.00197432283312, -0.00218372698873, 0.00152717635501, -0.0020206340123, 0.00213303021155, -0.00136069196742, -0.000194956941414], [-0.000454733206425, 0.001162661938, -0.000766488257796, 0.00120721571147, -0.00273591536097, 0.00636800192297, -0.00464443350211, 0.00326742976904, -0.00218590442091, 0.00255894823931, -0.00354195083492, 0.00334102893248, -0.00105758802965], [0.000463045405922, -0.00138014508411, 0.000817777414341, -0.000894602097105, 0.00197432283312, -0.00464443350211, 0.00780509179458, -0.00484698079526, 0.00394181115553, -0.00441095326096, 0.00291813933291, -0.00363357528113, 0.00109072006308], [-0.000759936578106, 0.000657987839077, -0.00132945482619, 0.00185297371354, -0.00218372698873, 0.00326742976904, -0.00484698079526, 0.0103079713881, -0.00642415275797, 0.00371367949992, -0.00341219175607, 0.00173211959191, -0.0032880702056], [0.000645708700176, -0.000937029195484, 0.0016215875512, -0.00237539387308, 0.00152717635501, -0.00218590442091, 0.00394181115553, -0.00642415275797, 0.0108296936378, -0.00438155652955, 0.00326262926683, -0.00200538313948, 0.00175424863119], [-0.000715381931514, 0.00147992337588, -0.00128084688913, 0.00101109035313, -0.0020206340123, 0.00255894823931, -0.00441095326096, 0.00371367949992, -0.00438155652955, 0.0125665282831, -0.00637919502333, 0.00292631960474, -0.00315569387749], [0.000838986423332, -0.00167700345628, 0.00100856728386, -0.00045531935757, 0.00213303021155, -0.00354195083492, 0.00291813933291, -0.00341219175607, 0.00326262926683, -0.00637919502333, 0.0169864688069, -0.00841999053955, 0.00372883165255], [-0.000475068402011, 0.001368511701, -0.00026647746563, -0.000310795672704, -0.00136069196742, 0.00334102893248, -0.00363357528113, 0.00173211959191, -0.00200538313948, 0.00292631960474, -0.00841999053955, 0.0155802052468, -0.00542185455561], [0.000461327756057, -0.000650531379506, 0.000440012518084, -0.00119931309018, -0.000194956941414, -0.00105758802965, 0.00109072006308, -0.0032880702056, 0.00175424863119, -0.00315569387749, 0.00372883165255, -0.00542185455561, 0.0122196478769]]
    },
    "melbands": {
        "dmean": [0.00110231817234, 0.000812261539977, 0.000357740354957, 0.000238830558374, 0.000378962664399, 0.000250835786574, 0.000364725798136, 0.000259213062236, 0.000253612612141, 0.000127304476337, 0.000119084266771, 0.000185774450074, 8.58021448948e-05, 0.000123092002468, 0.000119839060062, 8.09500998002e-05, 9.30044916458e-05, 4.28939674748e-05, 3.61529309885e-05, 2.87183920591e-05, 2.13749408431e-05, 2.06739405257e-05, 2.39904820774e-05, 1.985455674e-05, 1.184258781e-05, 8.81975938682e-06, 6.80537868902e-06, 6.88160571372e-06, 7.15158557796e-06, 6.74110378895e-06, 5.67934830542e-06, 6.78355127093e-06, 8.03876810096e-06, 6.95998187439e-06, 6.44285273665e-06, 5.32498097527e-06, 6.4520709202e-06, 5.13578697792e-06, 3.8501416384e-06, 4.55867211713e-06],
        "dmean2": [0.00185712706298, 0.0013127240818, 0.000607688096352, 0.000383199570933, 0.000579690735321, 0.00038290763041, 0.000549590447918, 0.000392234796891, 0.000387581269024, 0.000190265869605, 0.000177604291821, 0.00026855134638, 0.000125169302919, 0.000190465114429, 0.000183721247595, 0.000122615179862, 0.000142057979247, 6.69764194754e-05, 5.6736611441e-05, 4.59385555587e-05, 3.29888716806e-05, 3.34479373123e-05, 3.88149564969e-05, 3.2495783671e-05, 1.91686722246e-05, 1.45946542034e-05, 1.11156296043e-05, 1.15937573355e-05, 1.20157110359e-05, 1.1386042388e-05, 9.23221887206e-06, 1.09646198325e-05, 1.32844861582e-05, 1.12368006739e-05, 1.06896586658e-05, 8.5751653387e-06, 1.04382061181e-05, 8.40042230266e-06, 6.16245188212e-06, 7.31216550776e-06],
        "dvar": [1.24227472043e-05, 5.3590256357e-06, 5.40564769835e-07, 1.7963550647e-07, 4.60474581132e-07, 2.55947185224e-07, 6.87930594268e-07, 3.86795136365e-07, 2.63082597485e-07, 6.99632352053e-08, 5.95829625638e-08, 2.35860397879e-07, 3.33953167342e-08, 1.0457121391e-07, 7.88967540188e-08, 3.12730961127e-08, 4.85903868253e-08, 6.79426559458e-09, 4.99502395002e-09, 3.56514573419e-09, 1.83437021128e-09, 1.59046087411e-09, 1.19493359652e-09, 8.9576712714e-10, 2.87683155076e-10, 1.53024870553e-10, 9.08861735871e-11, 1.1402491451e-10, 1.07601337562e-10, 1.2225814805e-10, 8.9756625743e-11, 1.46368056564e-10, 3.31882465954e-10, 2.34624597528e-10, 1.57616836249e-10, 1.16837109432e-10, 3.1913247045e-10, 1.49902354418e-10, 6.97869470545e-11, 1.6339794795e-10],
        "dvar2": [3.42566236213e-05, 1.282730409e-05, 1.47001389905e-06, 4.48254212415e-07, 1.08150061351e-06, 5.55493272714e-07, 1.5048823343e-06, 8.29874124975e-07, 5.90070385442e-07, 1.46941786738e-07, 1.20583521834e-07, 4.7189374186e-07, 7.09225247419e-08, 2.5704130735e-07, 1.76120494189e-07, 6.45588968951e-08, 1.0935845296e-07, 1.40415812311e-08, 1.19333920523e-08, 8.83560247189e-09, 3.92579391217e-09, 4.03945676908e-09, 2.88075208132e-09, 2.2565693758e-09, 6.63699928349e-10, 3.90949828066e-10, 2.35046648811e-10, 2.86074164357e-10, 2.60107629879e-10, 3.07109615516e-10, 2.12032363889e-10, 3.3728714266e-10, 7.93764332041e-10, 4.53730247818e-10, 3.3782118769e-10, 2.54071014227e-10, 7.76749053966e-10, 3.64660940333e-10, 1.68890734731e-10, 4.2356793073e-10],
        "max": [0.0375128984451, 0.0206476766616, 0.00788364373147, 0.00504244677722, 0.0105690583587, 0.00741468323395, 0.0121877910569, 0.0108401617035, 0.00638333242387, 0.005555909127, 0.00370410759933, 0.00899864826351, 0.00287278648466, 0.00486151827499, 0.00366881024092, 0.00279595702887, 0.00399491051212, 0.00109926098958, 0.0011099135736, 0.000905056949705, 0.00103281461634, 0.000784086063504, 0.000457911228295, 0.000349219917553, 0.000173904074472, 0.000166931698914, 0.000107380205009, 0.000132246073917, 0.000111792061944, 0.000123932259157, 0.000119588468806, 0.000152170818183, 0.000308321294142, 0.000221376030822, 0.000168941915035, 0.000149819388753, 0.000257601117482, 0.000180303381057, 0.000114048074465, 0.000207936798688],
        "mean": [0.00181213696487, 0.00131656066515, 0.000566139409784, 0.000386681640521, 0.00061873998493, 0.000408595107729, 0.000597059144638, 0.000410231208662, 0.0004020157794, 0.00021191551059, 0.000212399289012, 0.000298644794384, 0.00013995495101, 0.00017622980522, 0.00017905808636, 0.000116282579256, 0.000129760606796, 6.00044222665e-05, 4.87345751026e-05, 3.6821449612e-05, 2.78556617559e-05, 2.70454638667e-05, 3.53844698111e-05, 2.90961834253e-05, 1.79770868272e-05, 1.29336076498e-05, 9.57252268563e-06, 8.212051398e-06, 8.71898646437e-06, 7.93022536527e-06, 7.09811547495e-06, 8.97988411452e-06, 9.89459022094e-06, 8.51579534356e-06, 6.76696890878e-06, 6.03462694926e-06, 7.90169724496e-06, 6.44241481496e-06, 5.10176278112e-06, 6.22894049229e-06],
        "median": [0.000282945489744, 0.000493773783091, 0.000244067632593, 0.000175491644768, 0.000275966041954, 0.000150938969455, 0.000164395678439, 0.000141189273563, 7.5887022831e-05, 5.11471735081e-05, 3.78434851882e-05, 4.96611537528e-05, 2.85022051685e-05, 3.92658803321e-05, 3.2943993574e-05, 1.90932332771e-05, 2.39811215579e-05, 1.73893404281e-05, 1.56040605361e-05, 1.35867649078e-05, 9.54794904828e-06, 1.13753212645e-05, 1.70375551534e-05, 1.55360576173e-05, 1.0339344044e-05, 7.82632105256e-06, 5.05044499732e-06, 3.5966629639e-06, 3.65872983821e-06, 2.86691351903e-06, 2.6111185889e-06, 3.52030315298e-06, 3.53110704054e-06, 2.24528616855e-06, 1.215096745e-06, 1.38685493312e-06, 2.00577233045e-06, 1.99266855816e-06, 1.88148987945e-06, 2.14265560317e-06],
        "min": [2.0648219624e-23, 2.98533333974e-23, 1.96365370675e-23, 1.17280163772e-23, 1.46562972452e-23, 9.44847578492e-24, 1.52402452194e-23, 2.02292824185e-23, 1.0823135332e-23, 2.09604618143e-23, 1.6075274998e-23, 1.25018857697e-23, 1.71229422335e-23, 2.48672134059e-23, 8.85976151313e-24, 3.59308195743e-24, 8.42832086229e-24, 6.01163877383e-24, 1.4823122394e-23, 1.35565857003e-23, 1.11020970585e-23, 5.83255235999e-24, 6.31003290541e-24, 9.1624789969e-24, 1.27623463414e-23, 6.30132309215e-24, 9.5758247563e-24, 8.85297652049e-24, 1.02809654314e-23, 1.09452541556e-23, 5.94714268951e-24, 1.12266913276e-23, 1.38011026042e-23, 1.25067538304e-23, 1.26968574756e-23, 7.74469400183e-24, 1.34518581042e-23, 1.11052327806e-23, 1.13536608569e-23, 9.38255146793e-24],
        "stdev": [0.00397067144513, 0.00246518431231, 0.000804465205874, 0.000519100751262, 0.000965454091784, 0.000743844662793, 0.0011385048274, 0.000865732610691, 0.000728122948203, 0.000394445989514, 0.000461916235508, 0.000708236300852, 0.000295796548016, 0.000446421618108, 0.000418293755502, 0.000272242061328, 0.000311339477776, 0.000119657132018, 9.28655717871e-05, 7.08554434823e-05, 5.48374991922e-05, 4.49416838819e-05, 4.87394136144e-05, 3.89415508835e-05, 2.30984624068e-05, 1.49877187141e-05, 1.20253343994e-05, 1.25937449411e-05, 1.29998552438e-05, 1.3172254512e-05, 1.19796141007e-05, 1.56255209731e-05, 2.10489415622e-05, 2.1303552785e-05, 1.59903356689e-05, 1.4499455574e-05, 2.13756975427e-05, 1.43837078213e-05, 1.02613648778e-05, 1.40865249705e-05],
        "var": [1.57662325364e-05, 6.07713400314e-06, 6.47164256407e-07, 2.69465601832e-07, 9.32101556828e-07, 5.53304857931e-07, 1.29619331801e-06, 7.49492983232e-07, 5.30162992618e-07, 1.55587642325e-07, 2.13366618596e-07, 5.0159866305e-07, 8.74956000985e-08, 1.99292273351e-07, 1.74969656541e-07, 7.41157393236e-08, 9.69322755395e-08, 1.43178287004e-08, 8.6240143915e-09, 5.02049379847e-09, 3.00715141677e-09, 2.01975480785e-09, 2.37553043902e-09, 1.51644452551e-09, 5.33538990766e-10, 2.24631716006e-10, 1.44608658381e-10, 1.58602408984e-10, 1.68996233674e-10, 1.7350827719e-10, 1.43511161288e-10, 2.44156889151e-10, 4.43057951438e-10, 4.53841381143e-10, 2.55690857376e-10, 2.10234218923e-10, 4.56920445924e-10, 2.06891045962e-10, 1.05295605568e-10, 1.98430175069e-10]
    },
    "melbands128": {
