{
"lowlevel": {
    "average_loudness": 0.982158243656,
    "barkbands_crest": {
        "dmean": 3.24259519577,
        "dmean2": 4.80958127975,
        "dvar": 9.36652183533,
        "dvar2": 22.2395763397,
        "max": 26.0340023041,
        "mean": 11.6686582565,
        "median": 10.4072532654,
        "min": 2.00581002235,
        "stdev": 5.45259904861,
        "var": 29.7308368683
    },
    "barkbands_flatness_db": {
        "dmean": 0.0350248329341,
        "dmean2": 0.0481364987791,
        "dvar": 0.00116990564857,
        "dvar2": 0.00251526292413,
        "max": 0.353921771049,
        "mean": 0.131963148713,
        "median": 0.129351526499,
        "min": 0.0108346333727,
        "stdev": 0.0552925765514,
        "var": 0.00305726914667
    },
    "barkbands_kurtosis": {
        "dmean": 4.42501497269,
        "dmean2": 6.50190258026,
        "dvar": 64.0653457642,
        "dvar2": 133.277435303,
        "max": 147.908065796,
        "mean": 5.93633031845,
        "median": 3.08160400391,
        "min": -1.94529902935,
        "stdev": 10.3712759018,
        "var": 107.563369751
    },
    "barkbands_skewness": {
        "dmean": 0.748319089413,
        "dmean2": 1.11874890327,
        "dvar": 0.735940873623,
        "dvar2": 1.73979353905,
        "max": 11.8550481796,
        "mean": 1.93319380283,
        "median": 1.75937080383,
        "min": -1.77195882797,
        "stdev": 1.29763317108,
        "var": 1.6838517189
    },
    "barkbands_spread": {
        "dmean": 10.6742143631,
        "dmean2": 15.997964859,
        "dvar": 181.50352478,
        "dvar2": 392.236724854,
        "max": 117.714729309,
        "mean": 28.7509059906,
        "median": 23.0008468628,
        "min": 1.69263827801,
        "stdev": 19.9646339417,
        "var": 398.586578369
    },
    "dissonance": {
        "dmean": 0.0227476023138,
        "dmean2": 0.0369211286306,
        "dvar": 0.00062356190756,
        "dvar2": 0.00144908565562,
        "max": 0.499992728233,
        "mean": 0.457171827555,
        "median": 0.463638305664,
        "min": 0.0978107824922,
        "stdev": 0.0322066880763,
        "var": 0.00103727076203
    },
    "dynamic_complexity": 1.67996501923,
    "erbbands_crest": {
        "dmean": 3.02782344818,
        "dmean2": 4.7876739502,
        "dvar": 9.67116641998,
        "dvar2": 22.5472869873,
        "max": 27.4112606049,
        "mean": 8.51078128815,
        "median": 7.57685995102,
        "min": 2.15948414803,
        "stdev": 4.17321634293,
        "var": 17.4157352448
    },
    "erbbands_flatness_db": {
        "dmean": 0.0216466002166,
        "dmean2": 0.0311855282634,
        "dvar": 0.000418418436311,
        "dvar2": 0.000837655621581,
        "max": 0.233118236065,
        "mean": 0.120662152767,
        "median": 0.118748918176,
        "min": 0.0454610437155,
        "stdev": 0.0359920822084,
        "var": 0.00129542988725
    },
    "erbbands_kurtosis": {
        "dmean": 1.38305354118,
        "dmean2": 2.17711496353,
        "dvar": 5.3106918335,
        "dvar2": 13.365694046,
        "max": 36.7946090698,
        "mean": 0.842389583588,
        "median": 0.116794347763,
        "min": -1.77008140087,
        "stdev": 2.61516046524,
        "var": 6.83906412125
    },
    "erbbands_skewness": {
        "dmean": 0.479454874992,
        "dmean2": 0.734768867493,
        "dvar": 0.288731515408,
        "dvar2": 0.591503620148,
        "max": 5.61274003983,
        "mean": 0.500665187836,
        "median": 0.551010966301,
        "min": -3.78402686119,
        "stdev": 0.868458211422,
        "var": 0.754219710827
    },
    "erbbands_spread": {
        "dmean": 15.2567873001,
        "dmean2": 23.6096038818,
        "dvar": 297.6328125,
        "dvar2": 733.348571777,
        "max": 157.060028076,
        "mean": 50.2419776917,
        "median": 43.3921279907,
        "min": 9.96846103668,
        "stdev": 25.8970623016,
        "var": 670.657836914
    },
    "hfc": {
        "dmean": 19.1897373199,
        "dmean2": 29.4764900208,
        "dvar": 845.105773926,
        "dvar2": 2101.04443359,
        "max": 201.870895386,
        "mean": 32.350944519,
        "median": 21.5679969788,
        "min": 1.21013704585e-16,
        "stdev": 31.9384860992,
        "var": 1020.06689453
    },
    "loudness_ebu128": {
        "integrated": -7.5393204689,
        "loudness_range": 0.848522186279,
        "momentary": {
            "dmean": 0.511270463467,
            "dmean2": 0.861189305782,
            "dvar": 0.201780349016,
            "dvar2": 0.525943100452,
            "max": -5.71742391586,
            "mean": -7.6068315506,
            "median": -7.51784038544,
            "min": -10.4471197128,
            "stdev": 0.783097028732,
            "var": 0.61324095726
        },
        "short_term": {
            "dmean": 0.077462002635,
            "dmean2": 0.120050959289,
            "dvar": 0.00365967908874,
            "dvar2": 0.00897579547018,
            "max": -6.88547277451,
            "mean": -7.52213764191,
            "median": -7.48778867722,
            "min": -8.13546848297,
            "stdev": 0.28425103426,
            "var": 0.0807986482978
        }
    },
    "melbands_crest": {
        "dmean": 4.35700893402,
        "dmean2": 6.86044692993,
        "dvar": 17.068939209,
        "dvar2": 41.0748939514,
        "max": 35.5710639954,
        "mean": 17.0685787201,
        "median": 15.9305057526,
        "min": 1.85776472092,
        "stdev": 7.01257133484,
        "var": 49.1761550903
    },
    "melbands_flatness_db": {
        "dmean": 0.0443236194551,
        "dmean2": 0.063034825027,
        "dvar": 0.00217795511708,
        "dvar2": 0.0052014789544,
        "max": 0.438641160727,
        "mean": 0.211795017123,
        "median": 0.211416691542,
        "min": 0.00446308823302,
        "stdev": 0.0696329623461,
        "var": 0.00484874937683
    },
    "melbands_kurtosis": {
        "dmean": 15.8689680099,
        "dmean2": 23.9342193604,
        "dvar": 1523.75939941,
        "dvar2": 3743.74584961,
        "max": 842.07635498,
        "mean": 24.5098190308,
        "median": 12.0129642487,
        "min": -1.14355313778,
        "stdev": 45.5463981628,
        "var": 2074.47436523
    },
    "melbands_skewness": {
        "dmean": 1.19868779182,
        "dmean2": 1.80587434769,
        "dvar": 2.49980759621,
        "dvar2": 5.95041561127,
        "max": 25.7730407715,
        "mean": 3.45230817795,
        "median": 2.93483638763,
        "min": -0.275730729103,
        "stdev": 2.42059373856,
        "var": 5.85927391052
    },
    "melbands_spread": {
        "dmean": 10.9206619263,
        "dmean2": 17.7993583679,
        "dvar": 263.739532471,
        "dvar2": 674.632324219,
        "max": 148.045349121,
        "mean": 22.5251560211,
        "median": 17.7515792847,
        "min": 0.897764801979,
        "stdev": 18.1508369446,
        "var": 329.452880859
    },
    "pitch_salience": {
        "dmean": 0.0996344462037,
        "dmean2": 0.157748237252,
        "dvar": 0.0103802746162,
        "dvar2": 0.0231996495277,
        "max": 0.864730715752,
        "mean": 0.500274658203,
        "median": 0.506558954716,
        "min": 0.0485578067601,
        "stdev": 0.153256848454,
        "var": 0.0234876610339
    },
    "silence_rate_20dB": {
        "dmean": 0,
        "dmean2": 0,
        "dvar": 0,
        "dvar2": 0,
        "max": 1,
        "mean": 1,
        "median": 1,
        "min": 1,
        "stdev": 0,
        "var": 0
    },
    "silence_rate_30dB": {
        "dmean": 0.0061919502914,
        "dmean2": 0.0123934932053,
        "dvar": 0.00615343498066,
        "dvar2": 0.0168876778334,
        "max": 1,
        "mean": 0.996133029461,
        "median": 1,
        "min": 0,
        "stdev": 0.0620645843446,
        "var": 0.00385201256722
    },
    "silence_rate_60dB": {
        "dmean": 0.000773993786424,
        "dmean2": 0.00154918665066,
        "dvar": 0.000773391744588,
        "dvar2": 0.00154677091632,
        "max": 1,
        "mean": 0.00232018553652,
        "median": 0,
        "min": 0,
        "stdev": 0.0481134317815,
        "var": 0.00231490237638
    },
    "spectral_centroid": {
        "dmean": 430.483154297,
        "dmean2": 672.494018555,
        "dvar": 291365.21875,
        "dvar2": 605120.8125,
        "max": 10966.1572266,
        "mean": 1422.24377441,
        "median": 1244.63378906,
        "min": 214.691955566,
        "stdev": 776.879760742,
        "var": 603542.125
    },
    "spectral_complexity": {
        "dmean": 6.62306499481,
        "dmean2": 9.70642948151,
        "dvar": 63.2003555298,
        "dvar2": 130.047668457,
        "max": 68,
        "mean": 19.2049503326,
        "median": 17,
        "min": 0,
        "stdev": 10.8660793304,
        "var": 118.071670532
    },
    "spectral_decrease": {
        "dmean": 2.80956458099e-09,
        "dmean2": 3.88783316652e-09,
        "dvar": 8.49611682814e-18,
        "dvar2": 1.57307898396e-17,
        "max": 7.36027832022e-30,
        "mean": -9.69386793059e-09,
        "median": -7.98808308389e-09,
        "min": -4.18049559414e-08,
        "stdev": 5.67509284011e-09,
        "var": 3.22066808139e-17
    },
    "spectral_energy": {
        "dmean": 0.0113246235996,
        "dmean2": 0.0161464493722,
        "dvar": 0.000142509205034,
        "dvar2": 0.000256645696936,
        "max": 0.165376037359,
        "mean": 0.0395212285221,
        "median": 0.0324954017997,
        "min": 1.09485278526e-20,
        "stdev": 0.022595288232,
        "var": 0.000510547019076
    },
    "spectral_energyband_high": {
        "dmean": 0.00169577356428,
        "dmean2": 0.00259116571397,
        "dvar": 6.24621634415e-06,
        "dvar2": 1.47472383105e-05,
        "max": 0.0165318157524,
        "mean": 0.002266041236,
        "median": 0.000961864483543,
        "min": 7.76267403512e-21,
        "stdev": 0.00296291313134,
        "var": 8.77885486261e-06
    },
    "spectral_energyband_low": {
        "dmean": 0.00829779729247,
        "dmean2": 0.0121906287968,
        "dvar": 0.000126319908304,
        "dvar2": 0.000256251107203,
        "max": 0.120546653867,
        "mean": 0.0209562275559,
        "median": 0.0121830897406,
        "min": 9.44012174794e-23,
        "stdev": 0.018880520016,
        "var": 0.000356474047294
    },
    "spectral_energyband_middle_high": {
        "dmean": 0.00313583016396,
        "dmean2": 0.00528467725962,
        "dvar": 3.28965761582e-05,
        "dvar2": 9.31525719352e-05,
        "max": 0.0365855880082,
        "mean": 0.00513789290562,
        "median": 0.0033925101161,
        "min": 1.74438133631e-21,
        "stdev": 0.00561495032161,
        "var": 3.15276665788e-05
    },
    "spectral_energyband_middle_low": {
        "dmean": 0.00609538657591,
        "dmean2": 0.00978945847601,
        "dvar": 6.790018233e-05,
        "dvar2": 0.000167359947227,
        "max": 0.106029644608,
        "mean": 0.0121423425153,
        "median": 0.0105368997902,
        "min": 3.13223722632e-22,
        "stdev": 0.00927031133324,
        "var": 8.59386636876e-05
    },
    "spectral_entropy": {
        "dmean": 0.261030972004,
        "dmean2": 0.374350428581,
        "dvar": 0.0835757032037,
        "dvar2": 0.163027748466,
        "max": 9.80771064758,
        "mean": 7.76291799545,
        "median": 7.76090097427,
        "min": 5.83035469055,
        "stdev": 0.475496560335,
        "var": 0.226096972823
    },
    "spectral_flux": {
        "dmean": 0.033765103668,
        "dmean2": 0.0461912155151,
        "dvar": 0.00121478468645,
        "dvar2": 0.00167832162697,
        "max": 0.33687916398,
        "mean": 0.10944404453,
        "median": 0.0900308713317,
        "min": 1.04635210219e-10,
        "stdev": 0.0604283437133,
        "var": 0.00365158473141
    },
    "spectral_kurtosis": {
        "dmean": 1.13760018349,
        "dmean2": 1.69423925877,
        "dvar": 1.67043435574,
        "dvar2": 3.9088010788,
        "max": 18.270942688,
        "mean": 2.9268887043,
        "median": 2.72622823715,
        "min": -1.29623436928,
        "stdev": 2.0131289959,
        "var": 4.0526881218
    },
    "spectral_rms": {
        "dmean": 0.000897655612789,
        "dmean2": 0.00129521114286,
        "dvar": 7.59048248256e-07,
        "dvar2": 1.32061666136e-06,
        "max": 0.01270206552,
        "mean": 0.00596318673342,
        "median": 0.00563052669168,
        "min": 3.26825502425e-12,
        "stdev": 0.00173139246181,
        "var": 2.99771977552e-06
    },
    "spectral_rolloff": {
        "dmean": 1053.29431152,
        "dmean2": 1804.92016602,
        "dvar": 3349782.25,
        "dvar2": 7739782,
        "max": 18755.4199219,
        "mean": 1582.8470459,
        "median": 753.662109375,
        "min": 64.599609375,
        "stdev": 2122.48486328,
        "var": 4504942.5
    },
    "spectral_skewness": {
        "dmean": 0.239295274019,
        "dmean2": 0.354240179062,
        "dvar": 0.0638474076986,
        "dvar2": 0.12831556797,
        "max": 3.38172745705,
        "mean": 1.46522307396,
        "median": 1.46098744869,
        "min": -0.170575276017,
        "stdev": 0.4431668818,
        "var": 0.196396887302
    },
    "spectral_spread": {
        "dmean": 1084307.625,
        "dmean2": 1603165.5,
        "dvar": 2.11785665741e+12,
        "dvar2": 3.36915490406e+12,
        "max": 40470236,
        "mean": 6721099.5,
        "median": 6412409,
        "min": 3040674,
        "stdev": 2254374.75,
        "var": 5.08220512666e+12
    },
    "spectral_strongpeak": {
        "dmean": 0.346114546061,
        "dmean2": 0.594263017178,
        "dvar": 0.300792694092,
        "dvar2": 0.754143118858,
        "max": 4.54572963715,
        "mean": 0.56149995327,
        "median": 0.391411304474,
        "min": 0,
        "stdev": 0.63803935051,
        "var": 0.407094240189
    },
    "zerocrossingrate": {
        "dmean": 0.018282957375,
        "dmean2": 0.0213338434696,
        "dvar": 0.000506228709128,
        "dvar2": 0.000634539290331,
        "max": 0.49951171875,
        "mean": 0.0689424425364,
        "median": 0.0595703125,
        "min": 0.0048828125,
        "stdev": 0.0415493659675,
        "var": 0.00172634969931
    },
    "barkbands": {
        "dmean": [0.000334617681801, 0.0069039738737, 0.00411422830075, 0.00162209535483, 0.00210460065864, 0.00130089488812, 0.00105509057175, 0.00194940529764, 0.000707990955561, 0.000618007732555, 0.000436175760115, 0.000607830937952, 0.000461976596853, 0.00039978971472, 0.000455216591945, 0.000264364556642, 0.000235680083279, 0.000331629038556, 0.000332840339979, 0.000288851006189, 0.000292799784802, 0.000271387660177, 0.000289728253847, 0.000313799828291, 0.000293240795145, 0.000218890359974, 1.57622835104e-05],
        "dmean2": [0.000392310990719, 0.0103949951008, 0.00698388461024, 0.00287573412061, 0.00342058599927, 0.00217134598643, 0.00176252995152, 0.00300048035569, 0.00113383308053, 0.000977515242994, 0.000726099999156, 0.000969852495473, 0.0007629863685, 0.000672301393934, 0.000785809359513, 0.000465244258521, 0.000409059604863, 0.0006000836147, 0.000613518350292, 0.000488472811412, 0.000491307873745, 0.000440466101281, 0.000447332073236, 0.000485724682221, 0.000443549914053, 0.000344465253875, 2.64808604697e-05],
        "dvar": [1.2412620265e-07, 9.66490551946e-05, 9.99738986138e-05, 2.20517340495e-05, 9.95452137431e-06, 4.64331969852e-06, 3.99878763346e-06, 9.94450238068e-06, 1.37242648179e-06, 9.27124233385e-07, 7.61231603974e-07, 8.00478346719e-07, 6.55831684071e-07, 4.43032774911e-07, 6.47804881737e-07, 2.89840272671e-07, 2.48966046001e-07, 6.87049976023e-07, 6.9581670914e-07, 1.85957503618e-07, 2.36542078369e-07, 2.50707216765e-07, 1.9928910433e-07, 2.49295851518e-07, 2.23700808988e-07, 1.48804360833e-07, 9.61801860377e-10],
        "dvar2": [1.53869606834e-07, 0.000199952686671, 0.000261873065028, 6.24631284154e-05, 2.44034799834e-05, 1.20288977996e-05, 1.04943628685e-05, 2.22829330596e-05, 3.29504700858e-06, 2.18630452764e-06, 1.83745783033e-06, 2.03543800126e-06, 1.65064557223e-06, 1.09455970687e-06, 1.84006557902e-06, 8.08111963124e-07, 6.79701429362e-07, 1.94855533664e-06, 1.98493830794e-06, 4.84393694933e-07, 6.04164483775e-07, 6.34500906926e-07, 4.6118000796e-07, 5.40827898021e-07, 5.02753152887e-07, 3.45799236356e-07, 2.51431386822e-09],
        "max": [0.00354323093779, 0.0762029737234, 0.0561229810119, 0.0808794647455, 0.0575717538595, 0.0206286143512, 0.0200799684972, 0.0309505984187, 0.0143083557487, 0.0116830281913, 0.0149821257219, 0.0098586557433, 0.00878200400621, 0.00901713315398, 0.00526850065216, 0.00414126832038, 0.00477086892352, 0.00570862554014, 0.0055770627223, 0.00482858996838, 0.00369063415565, 0.00344353215769, 0.00395362731069, 0.00690813269466, 0.00467442907393, 0.00314218993299, 0.000455782865174],
        "mean": [0.000845764996484, 0.0156295709312, 0.0036099255085, 0.00151905592065, 0.00359325087629, 0.00164239713922, 0.00128616217989, 0.00282124034129, 0.00108601257671, 0.000936211377848, 0.000525747251231, 0.000917847733945, 0.000597135338467, 0.000471263774671, 0.000547857838683, 0.000279971369309, 0.000220161833568, 0.000291856587864, 0.000289015064482, 0.000411766959587, 0.000319611135637, 0.000257433624938, 0.000331998395268, 0.000460465642391, 0.000363968720194, 0.00025132499286, 1.42191247505e-05],
        "median": [0.000702012097463, 0.0078663257882, 0.00116290710866, 0.000468050478958, 0.0024327095598, 0.000836364401039, 0.000408772437368, 0.00133551156614, 0.000530657125637, 0.000431507651228, 0.000158740993356, 0.000436851289123, 0.000211303471588, 0.000162394964718, 0.000178707414307, 0.000114580303489, 5.81752392463e-05, 7.77275854489e-05, 0.000115732123959, 0.000238402368268, 0.00011628014181, 4.83152180095e-05, 8.75815312611e-05, 0.000217975422856, 0.000123717516544, 7.04487465555e-05, 2.05700257538e-06],
        "min": [2.07022581737e-24, 8.10324106513e-23, 6.43521882018e-24, 1.9301269605e-23, 5.79790866559e-23, 4.29857091459e-23, 1.12781007617e-22, 2.3436853968e-23, 2.22708433972e-23, 6.32704942399e-23, 6.57618999944e-23, 9.13252468615e-23, 1.36640654743e-22, 1.43363541947e-22, 2.10296483867e-22, 2.05914569798e-22, 1.19116002448e-22, 3.05484530146e-22, 2.41375912215e-22, 3.52757669913e-22, 5.03747136541e-22, 4.80106350985e-22, 5.31763790337e-22, 9.37697273828e-22, 1.12992104271e-21, 1.49591090136e-21, 2.76186155347e-21],
        "stdev": [0.00075677112909, 0.0164658818394, 0.00849207770079, 0.00377047806978, 0.0038033160381, 0.00218516099267, 0.00219673011452, 0.00392692582682, 0.00152634421829, 0.00128881423734, 0.00116182246711, 0.00126519356854, 0.00103630369995, 0.000781336915679, 0.00082329288125, 0.000490563863423, 0.000452072388725, 0.000674292736221, 0.000649910711218, 0.000494761043228, 0.000499424000736, 0.000494467443787, 0.000531531579327, 0.000645765627269, 0.000553250720259, 0.000414002483012, 3.0553630495e-05],
        "var": [5.7270256093e-07, 0.000271125289146, 7.21153774066e-05, 1.42165044963e-05, 1.44652130984e-05, 4.77492903883e-06, 4.82562290927e-06, 1.5420746422e-05, 2.32972661252e-06, 1.66104211985e-06, 1.34983133648e-06, 1.60071465416e-06, 1.07392531845e-06, 6.10487347785e-07, 6.77811158312e-07, 2.40652923367e-07, 2.04369442258e-07, 4.54670669114e-07, 4.22383948262e-07, 2.44788509463e-07, 2.49424346066e-07, 2.44498039592e-07, 2.82525803641e-07, 4.17013239939e-07, 3.06086377577e-07, 1.71398056636e-07, 9.33524257896e-10]
    },
    "erbbands": {
        "dmean": [0.243062987924, 1.64508223534, 4.07359743118, 5.64591312408, 5.14525127411, 7.69140768051, 12.7394285202, 9.56886196136, 9.59365749359, 28.1897411346, 40.2857627869, 16.1038761139, 16.0480442047, 19.4221038818, 17.5290412903, 22.1448802948, 19.7968215942, 16.9445705414, 27.1202354431, 19.8640727997, 12.9461126328, 14.3888597488, 16.6771621704, 17.312582016, 15.2930765152, 14.8343696594, 13.459403038, 10.7831497192, 10.1359157562, 7.1671500206, 8.95753192902, 6.47929859161, 5.41780185699, 3.48597550392, 2.05570745468, 1.18933808804, 0.345010071993, 0.0586951337755, 0.00174164178316, 5.46765586478e-05],
        "dmean2": [0.305669814348, 2.33476352692, 6.38436412811, 10.0303668976, 8.29920482635, 12.8011865616, 21.2123298645, 15.9676818848, 16.0467185974, 46.2316093445, 61.3125801086, 25.3420562744, 25.4792575836, 31.8916988373, 28.3884372711, 34.8935089111, 32.0262832642, 28.6719303131, 47.1076049805, 34.4432144165, 22.6660404205, 25.3050098419, 30.0353469849, 31.5993709564, 27.8885612488, 25.0844669342, 22.6295681, 17.9175262451, 16.5460472107, 11.2913379669, 13.7101268768, 10.0932741165, 8.44631958008, 5.36043834686, 3.19297385216, 1.86734068394, 0.545371413231, 0.0934548377991, 0.00284407986328, 8.45904432936e-05],
        "dvar": [0.0622268654406, 6.65038394928, 78.7102203369, 245.282699585, 180.334915161, 135.315155029, 335.710479736, 324.334259033, 309.655822754, 2715.75463867, 5049.49707031, 682.501586914, 557.221252441, 1088.97668457, 805.963317871, 1082.78320312, 1132.33081055, 839.186035156, 2529.0012207, 1335.98010254, 628.177429199, 1038.45605469, 1715.22229004, 1998.57507324, 1202.8215332, 489.959991455, 506.495849609, 374.992675781, 353.209838867, 151.165206909, 184.899108887, 120.394882202, 67.9705276489, 32.1869812012, 11.752073288, 4.37257146835, 0.384623527527, 0.0120497299358, 1.07010027932e-05, 7.69696484326e-09],
        "dvar2": [0.10057079792, 13.4739198685, 186.003036499, 689.203796387, 453.948913574, 362.589477539, 924.030090332, 825.3515625, 797.004699707, 7233.14501953, 11339.15625, 1690.37316895, 1378.99072266, 2558.66992188, 1957.14831543, 2594.66894531, 2641.51342773, 2204.29003906, 7131.35644531, 3656.95361328, 1729.82421875, 2870.97387695, 4848.43505859, 5699.7578125, 3409.46362305, 1277.26989746, 1323.5456543, 955.185241699, 892.987304688, 371.020782471, 423.546173096, 260.23046875, 149.346176147, 69.8298797607, 26.7517852783, 10.2705039978, 0.919805943966, 0.0292948130518, 2.68368094112e-05, 1.79477126494e-08],
        "max": [2.60008025169, 21.0095081329, 60.2969970703, 234.868179321, 347.754852295, 135.137969971, 152.397201538, 192.260101318, 155.318283081, 560.323669434, 640.032348633, 326.262908936, 250.349578857, 428.022583008, 387.958740234, 423.345672607, 448.121520996, 339.996063232, 339.647796631, 285.166442871, 175.844940186, 224.861236572, 289.019714355, 317.579925537, 241.342224121, 259.063110352, 190.777603149, 162.41607666, 122.977890015, 100.830856323, 145.345932007, 177.33442688, 82.4556350708, 66.8995819092, 28.7513504028, 16.5769882202, 6.72335767746, 1.38015520573, 0.0363336205482, 0.000883748754859],
        "mean": [0.567077219486, 3.01229453087, 4.36787462234, 5.17688512802, 7.26538801193, 11.8787317276, 18.2856063843, 11.2337083817, 11.4783420563, 39.1700744629, 58.968120575, 24.8241195679, 28.8647556305, 28.1478271484, 25.6205310822, 35.4099578857, 28.5034618378, 21.7249469757, 32.1296424866, 24.2518939972, 14.7107095718, 13.0138196945, 14.8564443588, 15.3812494278, 14.6893129349, 20.7539215088, 16.6832809448, 10.7013673782, 9.56837177277, 7.4912481308, 10.3364744186, 8.91469097137, 8.02154636383, 4.50845146179, 2.41038990021, 1.28892290592, 0.409377515316, 0.0634822919965, 0.00176403729711, 9.94379952317e-05],
        "median": [0.345170646906, 1.35199606419, 1.5599732399, 2.04011845589, 3.46046710014, 7.89808273315, 9.94799518585, 5.13775682449, 5.17114257812, 18.3999710083, 28.6554508209, 14.2952737808, 15.8570985794, 13.2052602768, 12.8976888657, 16.2720890045, 11.2584972382, 9.07981586456, 11.7459201813, 8.57981300354, 6.6948928833, 3.51316523552, 3.90597510338, 5.4539103508, 6.61890125275, 11.9803247452, 7.89339065552, 2.48669695854, 1.83197510242, 1.72746884823, 2.69418048859, 3.37628388405, 3.91339206696, 1.73348414898, 0.647673308849, 0.331587314606, 0.116833008826, 0.014218728058, 0.000377754273359, 6.39514473733e-05],
        "min": [1.67312011024e-21, 1.98888534328e-20, 1.75756299251e-20, 3.17366744375e-20, 1.09743602831e-19, 2.11655071882e-19, 2.47564946826e-19, 5.61335413629e-19, 1.35867300404e-18, 1.28433686733e-18, 4.17969969126e-19, 5.01559671952e-19, 1.64302378423e-18, 2.70042809661e-18, 2.72933392311e-18, 3.39792829581e-18, 6.80970483584e-18, 6.60781693168e-18, 8.27887603823e-18, 1.2546276003e-17, 1.06273906898e-17, 9.10437499259e-18, 1.5770338999e-17, 1.40310097814e-17, 1.17878092839e-17, 1.68635210442e-17, 2.00290866546e-17, 1.90851131026e-17, 1.69496437809e-17, 1.73146967832e-17, 1.53540355403e-17, 1.54698970744e-17, 1.72489574312e-17, 1.19807839034e-17, 8.17149558701e-18, 6.59107066018e-18, 2.47716336388e-18, 1.46780407963e-18, 3.97395893491e-19, 3.60566801166e-20],
        "stdev": [0.563059329987, 3.8617682457, 8.67608737946, 12.3776054382, 13.330789566, 12.6817531586, 21.6523914337, 17.447063446, 17.856502533, 57.7152557373, 84.7038345337, 31.5719909668, 34.7953643799, 43.623840332, 40.0594444275, 48.9605522156, 47.2365264893, 32.6119766235, 50.3305778503, 37.8468360901, 23.3508739471, 27.6635684967, 34.1258163452, 35.1677513123, 27.8857307434, 25.1430187225, 23.7489452362, 19.3152217865, 18.5022144318, 13.0361385345, 16.41040802, 14.251991272, 10.4606618881, 6.72422599792, 3.87147140503, 2.20470571518, 0.667106032372, 0.114622756839, 0.00333148171194, 0.000100393153843],
        "var": [0.31703582406, 14.9132547379, 75.2744979858, 153.205123901, 177.709945679, 160.826873779, 468.826080322, 304.400024414, 318.854705811, 3331.05053711, 7174.73925781, 996.790588379, 1210.71740723, 1903.03930664, 1604.75915527, 2397.13549805, 2231.28955078, 1063.54101562, 2533.16723633, 1432.38305664, 545.263305664, 765.273071289, 1164.57128906, 1236.77062988, 777.614013672, 632.171386719, 564.012390137, 373.077819824, 342.33190918, 169.940917969, 269.301513672, 203.119247437, 109.425453186, 45.2152137756, 14.9882917404, 4.86072683334, 0.445030421019, 0.0131383761764, 1.1098770301e-05, 1.00787849178e-08]
    },
    "gfcc": {
        "mean": [37.2306518555, 67.7497177124, -83.4098052979, 28.8089771271, -57.8517570496, 28.9240951538, -32.9246635437, 22.5833072662, -25.8235816956, 15.762137413, -12.3404483795, -1.61067712307, -8.34850692749],
        "cov": [[4734.51220703, -621.266662598, -635.073974609, -140.40133667, -267.007904053, -61.9127311707, -180.9037323, -26.9071292877, -20.1422691345, 78.8913192749, -142.250442505, 148.504455566, -154.191253662], [-621.266662598, 1206.93286133, -232.560974121, -257.737823486, 62.5924682617, -108.79889679, 43.1728439331, 5.91043996811, -41.495300293, -76.9425354004, 157.976837158, -129.005096436, 87.7439575195], [-635.073974609, -232.560974121, 851.439819336, 219.98614502, -20.017824173, 99.2674484253, -70.4512176514, -95.5090942383, -69.4917144775, -34.4983940125, -125.006454468, 25.4313373566, -50.5862426758], [-140.40133667, -257.737823486, 219.98614502, 379.164001465, 20.1202812195, -19.713262558, -63.5659294128, -13.1052408218, 41.9033737183, -37.7255210876, -75.5585861206, 8.60071659088, -6.63379383087], [-267.007904053, 62.5924682617, -20.017824173, 20.1202812195, 202.707992554, 22.5433616638, 25.9821109772, 42.436290741, 25.4833660126, 18.5505046844, 25.4613056183, -21.6496162415, 28.7135505676], [-61.9127311707, -108.79889679, 99.2674484253, -19.713262558, 22.5433616638, 177.699249268, 68.6154022217, 1.84899008274, -21.3803310394, 31.4093284607, 11.1173715591, -4.76847171783, 2.29133486748], [-180.9037323, 43.1728439331, -70.4512176514, -63.5659294128, 25.9821109772, 68.6154022217, 223.968719482, 65.4873352051, -15.2924928665, 63.3895606995, 75.385597229, -32.910194397, 4.58215475082], [-26.9071292877, 5.91043996811, -95.5090942383, -13.1052408218, 42.436290741, 1.84899008274, 65.4873352051, 165.216690063, 89.1473464966, 50.7429924011, 52.8525314331, -32.2313957214, 35.0610427856], [-20.1422691345, -41.495300293, -69.4917144775, 41.9033737183, 25.4833660126, -21.3803310394, -15.2924928665, 89.1473464966, 185.848846436, 60.04895401, 8.50516986847, 2.58193612099, 20.7745094299], [78.8913192749, -76.9425354004, -34.4983940125, -37.7255210876, 18.5505046844, 31.4093284607, 63.3895606995, 50.7429924011, 60.04895401, 136.902252197, 55.0988044739, 6.14635801315, 20.7166614532], [-142.250442505, 157.976837158, -125.006454468, -75.5585861206, 25.4613056183, 11.1173715591, 75.385597229, 52.8525314331, 8.50516986847, 55.0988044739, 149.031295776, -3.66109490395, 45.7987823486], [148.504455566, -129.005096436, 25.4313373566, 8.60071659088, -21.6496162415, -4.76847171783, -32.910194397, -32.2313957214, 2.58193612099, 6.14635801315, -3.66109490395, 114.825744629, -6.1135764122], [-154.191253662, 87.7439575195, -50.5862426758, -6.63379383087, 28.7135505676, 2.29133486748, 4.58215475082, 35.0610427856, 20.7745094299, 20.7166614532, 45.7987823486, -6.1135764122, 120.898353577]],
        "icov": [[0.00037921348121, 2.4223649234e-05, 0.000498001056258, -8.75612531672e-05, 0.000408416526625, -0.000258456653683, 0.000579842948355, -0.000454881286714, 0.000606874935329, -0.00076968036592, 0.000626742083114, -0.000390268396586, 0.000457918446045], [2.4223649234e-05, 0.0019617327489, -0.000332984229317, 0.00142241653521, -0.000568764226045, 0.00147750601172, -0.000433763605542, 0.00135652697645, -0.000985905528069, 0.00224709743634, -0.00231834431179, 0.0021276162006, -0.000953837530687], [0.000498001056258, -0.000332984229317, 0.00255243736319, -0.00139534089249, 0.000755923159886, -0.00181757903192, 0.00137774075847, -0.000752264226321, 0.00187298492528, -0.00205677864142, 0.00214172620326, -0.00103571498767, 0.00105598650407], [-8.75612531672e-05, 0.00142241653521, -0.00139534089249, 0.00477725407109, -0.00106466142461, 0.00184364267625, -0.000668031279929, 0.00126752525102, -0.00237487605773, 0.00291201448999, -0.000925635627937, 0.00150390691124, -0.00125428009778], [0.000408416526625, -0.000568764226045, 0.000755923159886, -0.00106466142461, 0.00615283800289, -0.0015035365941, 0.00077029800741, -0.00172126071993, 0.000775926164351, -0.00154923030641, 0.000886657217052, -0.000325419125147, 8.51462937135e-06], [-0.000258456653683, 0.00147750601172, -0.00181757903192, 0.00184364267625, -0.0015035365941, 0.00891721900553, -0.00317930849269, 0.0019009381067, -0.000890060211532, 0.0012065746123, -0.00173343147617, 0.00178226595744, -0.00161102227867], [0.000579842948355, -0.000433763605542, 0.00137774075847, -0.000668031279929, 0.00077029800741, -0.00317930849269, 0.00900715775788, -0.00397742819041, 0.0039595128037, -0.0043826228939, -0.000607383379247, 0.000250404787948, 0.00259690987878], [-0.000454881286714, 0.00135652697645, -0.000752264226321, 0.00126752525102, -0.00172126071993, 0.0019009381067, -0.00397742819041, 0.0132060619071, -0.00702827610075, 0.00288126477972, -0.00413402169943, 0.00423777289689, -0.00262184604071], [0.000606874935329, -0.000985905528069, 0.00187298492528, -0.00237487605773, 0.000775926164351, -0.000890060211532, 0.0039595128037, -0.00702827610075, 0.0119461584836, -0.00711137847975, 0.00385729176924, -0.00254645594396, 0.00143948639743], [-0.00076968036592, 0.00224709743634, -0.00205677864142, 0.00291201448999, -0.00154923030641, 0.0012065746123, -0.0043826228939, 0.00288126477972, -0.00711137847975, 0.016340598464, -0.00680214585736, 0.00200133142062, -0.00253779487684], [0.000626742083114, -0.00231834431179, 0.00214172620326, -0.000925635627937, 0.000886657217052, -0.00173343147617, -0.000607383379247, -0.00413402169943, 0.00385729176924, -0.00680214585736, 0.0153936240822, -0.00435402244329, -0.00117738731205], [-0.000390268396586, 0.0021276162006, -0.00103571498767, 0.00150390691124, -0.000325419125147, 0.00178226595744, 0.000250404787948, 0.00423777289689, -0.00254645594396, 0.00200133142062, -0.00435402244329, 0.0127420881763, -0.00119932647794], [0.000457918446045, -0.000953837530687, 0.00105598650407, -0.00125428009778, 8.51462937135e-06, -0.00161102227867, 0.00259690987878, -0.00262184604071, 0.00143948639743, -0.00253779487684, -0.00117738731205, -0.00119932647794, 0.0111840320751]]
    },
    "melbands": {
        "dmean": [0.00193851522636, 0.00180903624278, 0.000903126609046, 0.00042446385487, 0.000425028410973, 0.000217891429202, 0.000162860989803, 0.000338472833391, 0.00029324265779, 9.6362993645e-05, 8.26241448522e-05, 8.3818587882e-05, 6.00839739491e-05, 7.12117907824e-05, 4.38876122644e-05, 4.84134397993e-05, 2.99791063298e-05, 4.88518890052e-05, 2.94854562526e-05, 2.11388123716e-05, 1.51682579599e-05, 1.45813482959e-05, 1.49164425238e-05, 1.49634015543e-05, 1.41470309245e-05, 1.32733175633e-05, 8.54294921737e-06, 1.07830310299e-05, 9.18110526982e-06, 7.36254742151e-06, 6.15383578406e-06, 6.22423067398e-06, 4.37914377471e-06, 4.05060291087e-06, 5.54623056814e-06, 4.42340251539e-06, 4.09497215514e-06, 4.23504934588e-06, 3.14605813401e-06, 3.01575119011e-06],
        "dmean2": [0.00269086007029, 0.00251434929669, 0.00155085418373, 0.000681026431266, 0.000712645298336, 0.000363407452824, 0.00027250466519, 0.000546732102521, 0.000446634745458, 0.000152415130287, 0.000130682150484, 0.000136358881718, 9.79773758445e-05, 0.00011425838602, 6.88270374667e-05, 8.14433005871e-05, 5.03007759107e-05, 8.449080633e-05, 5.08836965309e-05, 3.64897823601e-05, 2.64183672698e-05, 2.56249822996e-05, 2.68273743131e-05, 2.66745046247e-05, 2.5879664463e-05, 2.46299605351e-05, 1.48926128531e-05, 1.84137825272e-05, 1.53652217705e-05, 1.24376592794e-05, 1.02862913991e-05, 1.03799184217e-05, 7.09847563485e-06, 6.41610040475e-06, 8.53245092003e-06, 6.99003885529e-06, 6.47962542644e-06, 6.71543830322e-06, 4.8293072723e-06, 4.6936615945e-06],
        "dvar": [4.99010047861e-06, 1.00344641396e-05, 5.43666783415e-06, 4.87542536121e-07, 3.65070548014e-07, 1.55632704946e-07, 8.68952696464e-08, 3.24609345626e-07, 2.57639925394e-07, 2.6181046664e-08, 1.46795686717e-08, 1.95679916715e-08, 1.17470753125e-08, 1.25861054912e-08, 5.63402613452e-09, 7.64190399849e-09, 2.55062637677e-09, 8.0954443149e-09, 2.59941335123e-09, 1.68142655355e-09, 8.35704283553e-10, 9.89855419853e-10, 1.32637434369e-09, 1.24121257716e-09, 1.36003741602e-09, 1.10050568658e-09, 2.31433233688e-10, 2.46601128406e-10, 2.31894045633e-10, 1.71779895863e-10, 1.28880697781e-10, 1.38279124262e-10, 6.34954727685e-11, 4.97507382513e-11, 7.12652575841e-11, 5.11226581901e-11, 5.4777845454e-11, 4.21461164579e-11, 2.54358617502e-11, 2.54886441814e-11],
        "dvar2": [9.11789447855e-06, 2.01984657906e-05, 1.4961908164e-05, 1.17345769013e-06, 1.01096975413e-06, 3.96435922312e-07, 2.24664162829e-07, 8.28494194138e-07, 5.86065198149e-07, 6.23481426487e-08, 3.55816922593e-08, 4.52889459268e-08, 2.79392455838e-08, 3.07588052806e-08, 1.12663762764e-08, 2.00544043594e-08, 6.41011643765e-09, 2.23659171183e-08, 7.18743642381e-09, 4.65594496291e-09, 2.2823729573e-09, 2.69569211397e-09, 3.72290731576e-09, 3.47988970972e-09, 3.8810181735e-09, 3.14864889717e-09, 6.36780517205e-10, 6.20990592282e-10, 6.10007044877e-10, 4.53675153e-10, 3.24857640788e-10, 3.50159762297e-10, 1.59779814379e-10, 1.23028559562e-10, 1.65341088043e-10, 1.17870269101e-10, 1.18397999738e-10, 9.47088726888e-11, 5.67935039275e-11, 5.67242884608e-11],
        "max": [0.0203270372003, 0.0263950545341, 0.0336494669318, 0.0140555994585, 0.00538446661085, 0.00408002641052, 0.00269675278105, 0.00521392328665, 0.00429182406515, 0.002024786314, 0.0013968431158, 0.00157795287669, 0.00177341257222, 0.0013436031295, 0.00123727100436, 0.00092746980954, 0.000557933293749, 0.000801286136266, 0.000369920569938, 0.000314022006933, 0.000204623735044, 0.00022227516456, 0.000271014840109, 0.0002400255471, 0.000263625261141, 0.000243245100137, 0.000141455922858, 0.000177586814971, 0.000150675783516, 0.000101884688775, 9.37448130571e-05, 7.70176338847e-05, 5.46360643057e-05, 6.57675263938e-05, 7.99747795099e-05, 9.23635307117e-05, 0.00012203665392, 7.53504282329e-05, 5.84053886996e-05, 5.95382152824e-05],
        "mean": [0.00467827729881, 0.00279253651388, 0.000937669014093, 0.000690700078849, 0.000631115864962, 0.000258380838204, 0.000197618224774, 0.000490423350129, 0.000425127567723, 0.00014693463163, 0.000147220940562, 0.000118920048408, 8.1231315562e-05, 0.0001011503482, 7.36191432225e-05, 5.92653523199e-05, 3.68124674424e-05, 5.50280055904e-05, 3.60819685739e-05, 2.39986366068e-05, 1.6232183043e-05, 1.31435526782e-05, 1.24637135741e-05, 1.40722095239e-05, 1.21999582916e-05, 1.11337303679e-05, 1.01313935374e-05, 1.50920559463e-05, 1.16104192784e-05, 7.29879093342e-06, 5.86971191296e-06, 5.7369775277e-06, 4.24069867222e-06, 4.19282287112e-06, 6.19393995294e-06, 5.34175296707e-06, 5.56464146939e-06, 6.03443277214e-06, 4.46603007731e-06, 3.57030512532e-06],
        "median": [0.0025904874783, 0.0012813344365, 0.000410487613408, 0.000455994711956, 0.000389475782868, 0.000120468990644, 8.08172990219e-05, 0.000251510267844, 0.00021327509603, 7.38457456464e-05, 7.83090436016e-05, 5.15229949087e-05, 3.32093914039e-05, 4.97858018207e-05, 2.50167067861e-05, 2.05014312087e-05, 1.45128879012e-05, 1.87568657566e-05, 1.20586500998e-05, 8.43579255161e-06, 6.65519883114e-06, 3.30667398885e-06, 2.99686985272e-06, 3.93739901483e-06, 4.08852611145e-06, 3.97394751417e-06, 5.16878299095e-06, 8.11457994132e-06, 5.48324260308e-06, 2.06042136597e-06, 1.0958516441e-06, 1.0286065617e-06, 8.41474218305e-07, 9.77696345217e-07, 1.54832321186e-06, 1.59956368861e-06, 2.2481558517e-06, 2.77091385215e-06, 2.16262856156e-06, 1.24837242765e-06],
        "min": [1.98852917322e-23, 1.55667736807e-23, 7.9137997475e-24, 1.21842390933e-23, 9.37596684596e-24, 1.22521568618e-23, 2.07054783039e-23, 1.2032281606e-23, 3.29133102548e-24, 3.2322171419e-24, 7.89727626698e-24, 1.00183110375e-23, 8.56432442666e-24, 1.15196466577e-23, 8.62246584195e-24, 1.50531952547e-23, 1.26579287677e-23, 1.29678209414e-23, 1.61649605943e-23, 1.55325812937e-23, 1.1181221385e-23, 6.28656113803e-24, 1.6767808098e-23, 1.26946959968e-23, 1.14112950346e-23, 7.18562985602e-24, 1.03164665387e-23, 1.08297104877e-23, 1.19057625163e-23, 1.28686824248e-23, 9.67768168752e-24, 8.13239389319e-24, 1.15616314128e-23, 9.02490796592e-24, 9.5209563249e-24, 7.61802029539e-24, 1.04991619912e-23, 1.18499222083e-23, 1.1379277537e-23, 9.66503072518e-24],
        "stdev": [0.00460110465065, 0.00402113609016, 0.00191392726265, 0.000810995406937, 0.000705769169144, 0.000384712271625, 0.000307631300529, 0.000662440783344, 0.000604551227298, 0.0002060670231, 0.000181371156941, 0.000185646160389, 0.000157534668688, 0.000139911513543, 0.000131169639644, 0.000103021397081, 5.82247921557e-05, 9.15933560464e-05, 5.41372755833e-05, 4.07073712267e-05, 2.71385597443e-05, 2.75942966255e-05, 3.0263863664e-05, 3.0163959309e-05, 2.89012459689e-05, 2.5653587727e-05, 1.43188999573e-05, 1.88037138287e-05, 1.6522642909e-05, 1.26990917124e-05, 1.12961961349e-05, 1.14509048217e-05, 7.92920945969e-06, 7.43186865293e-06, 9.91087927105e-06, 8.93974720384e-06, 9.32250623009e-06, 8.14121449366e-06, 6.00746170676e-06, 5.79197967454e-06],
        "var": [2.1170164473e-05, 1.6169537048e-05, 3.66311746802e-06, 6.57713542296e-07, 4.98110125591e-07, 1.48003522327e-07, 9.46370235511e-08, 4.38827783e-07, 3.65482208053e-07, 4.24636183993e-08, 3.28954961049e-08, 3.44644988104e-08, 2.48171740935e-08, 1.95752321019e-08, 1.72054761549e-08, 1.06134079303e-08, 3.39012640183e-09, 8.38934344216e-09, 2.93084445602e-09, 1.65709002076e-09, 7.36501470922e-10, 7.61445240194e-10, 9.1590141027e-10, 9.0986440604e-10, 8.35282065736e-10, 6.5810656924e-10, 2.05030908917e-10, 3.53579637791e-10, 2.72997707773e-10, 1.61266930365e-10, 1.27604038447e-10, 1.3112322339e-10, 6.28723600959e-11, 5.52326726022e-11, 9.8225524936e-11, 7.99190852385e-11, 8.69091187905e-11, 6.62793778194e-11, 3.6089596589e-11, 3.35470297375e-11]
    },
    "melbands128": {
