{
"lowlevel": {
    "average_loudness": 0.978336393833,
    "barkbands_crest": {
        "dmean": 3.07757711411,
        "dmean2": 4.85840845108,
        "dvar": 8.82515525818,
        "dvar2": 18.9673862457,
        "max": 25.2674598694,
        "mean": 12.1932630539,
        "median": 10.9948711395,
        "min": 2.72166347504,
        "stdev": 5.1245803833,
        "var": 26.2613258362
    },
    "barkbands_flatness_db": {
        "dmean": 0.0262871999294,
        "dmean2": 0.0380532927811,
        "dvar": 0.000626488064881,
        "dvar2": 0.00117215677164,
        "max": 0.408699482679,
        "mean": 0.145531266928,
        "median": 0.139818057418,
        "min": 0.0233138278127,
        "stdev": 0.0541432015598,
        "var": 0.00293148634955
    },
    "barkbands_kurtosis": {
        "dmean": 4.75742864609,
        "dmean2": 7.39008188248,
        "dvar": 75.1286849976,
        "dvar2": 171.228851318,
        "max": 124.155982971,
        "mean": 7.86509895325,
        "median": 5.23764801025,
        "min": -1.85349094868,
        "stdev": 10.8101263046,
        "var": 116.858840942
    },
    "barkbands_skewness": {
        "dmean": 0.664484143257,
        "dmean2": 1.00180268288,
        "dvar": 0.523741662502,
        "dvar2": 1.10323858261,
        "max": 9.11773872375,
        "mean": 2.14580631256,
        "median": 1.97282993793,
        "min": -1.96250855923,
        "stdev": 1.18602657318,
        "var": 1.40665912628
    },
    "barkbands_spread": {
        "dmean": 7.53175115585,
        "dmean2": 11.9776391983,
        "dvar": 98.5879058838,
        "dvar2": 236.898086548,
        "max": 89.6120147705,
        "mean": 18.6708908081,
        "median": 14.8081302643,
        "min": 0.821876943111,
        "stdev": 13.824757576,
        "var": 191.123916626
    },
    "dissonance": {
        "dmean": 0.0292524304241,
        "dmean2": 0.0473442561924,
        "dvar": 0.000952909584157,
        "dvar2": 0.00228568445891,
        "max": 0.500000059605,
        "mean": 0.445645958185,
        "median": 0.456656455994,
        "min": 0,
        "stdev": 0.0436836779118,
        "var": 0.00190826377366
    },
    "dynamic_complexity": 1.88775920868,
    "erbbands_crest": {
        "dmean": 2.99721074104,
        "dmean2": 4.71215248108,
        "dvar": 7.7664065361,
        "dvar2": 16.7023563385,
        "max": 31.9629936218,
        "mean": 9.86869335175,
        "median": 8.67337417603,
        "min": 2.3285048008,
        "stdev": 4.89652490616,
        "var": 23.9759559631
    },
    "erbbands_flatness_db": {
        "dmean": 0.0212940145284,
        "dmean2": 0.0297151915729,
        "dvar": 0.000399860582547,
        "dvar2": 0.000690453336574,
        "max": 0.411190658808,
        "mean": 0.151388883591,
        "median": 0.145395249128,
        "min": 0.0499063134193,
        "stdev": 0.0540427044034,
        "var": 0.00292061385699
    },
    "erbbands_kurtosis": {
        "dmean": 1.73835122585,
        "dmean2": 2.66073226929,
        "dvar": 6.29347133636,
        "dvar2": 13.1636543274,
        "max": 49.7056808472,
        "mean": 2.20765519142,
        "median": 1.11816215515,
        "min": -1.77412045002,
        "stdev": 4.04739570618,
        "var": 16.3814105988
    },
    "erbbands_skewness": {
        "dmean": 0.503463149071,
        "dmean2": 0.747624695301,
        "dvar": 0.213641062379,
        "dvar2": 0.477253556252,
        "max": 6.13418531418,
        "mean": 1.11132979393,
        "median": 1.10550928116,
        "min": -1.87561357021,
        "stdev": 0.90436309576,
        "var": 0.817872583866
    },
    "erbbands_spread": {
        "dmean": 11.6110649109,
        "dmean2": 17.8979511261,
        "dvar": 176.170394897,
        "dvar2": 399.126342773,
        "max": 160.650283813,
        "mean": 41.1440010071,
        "median": 35.7520027161,
        "min": 2.68861079216,
        "stdev": 24.77602005,
        "var": 613.851196289
    },
    "hfc": {
        "dmean": 10.0274057388,
        "dmean2": 14.4764108658,
        "dvar": 167.464187622,
        "dvar2": 366.261108398,
        "max": 112.216339111,
        "mean": 27.6252803802,
        "median": 24.1872882843,
        "min": 1.08768162501e-16,
        "stdev": 18.9428100586,
        "var": 358.830078125
    },
    "loudness_ebu128": {
        "integrated": -5.754550457,
        "loudness_range": 0.98792219162,
        "momentary": {
            "dmean": 0.477891564369,
            "dmean2": 0.711029469967,
            "dvar": 0.346949309111,
            "dvar2": 0.739482998848,
            "max": -4.46904993057,
            "mean": -5.91019964218,
            "median": -5.61599445343,
            "min": -17.8144264221,
            "stdev": 1.31490242481,
            "var": 1.72896850109
        },
        "short_term": {
            "dmean": 0.0620770342648,
            "dmean2": 0.0881554484367,
            "dvar": 0.00195982772857,
            "dvar2": 0.00340299704112,
            "max": -5.19874811172,
            "mean": -5.79569149017,
            "median": -5.71727848053,
            "min": -6.78420114517,
            "stdev": 0.338622450829,
            "var": 0.114665165544
        }
    },
    "melbands_crest": {
        "dmean": 3.53883624077,
        "dmean2": 5.28986406326,
        "dvar": 10.2221860886,
        "dvar2": 20.9831886292,
        "max": 31.7110061646,
        "mean": 15.3023958206,
        "median": 13.8864383698,
        "min": 3.00334239006,
        "stdev": 6.1550116539,
        "var": 37.8841705322
    },
    "melbands_flatness_db": {
        "dmean": 0.0316259339452,
        "dmean2": 0.0451292432845,
        "dvar": 0.000942732091062,
        "dvar2": 0.00183590140659,
        "max": 0.462899148464,
        "mean": 0.209281027317,
        "median": 0.204798609018,
        "min": 0.00818176660687,
        "stdev": 0.0678158476949,
        "var": 0.00459898961708
    },
    "melbands_kurtosis": {
        "dmean": 11.4252958298,
        "dmean2": 17.9085083008,
        "dvar": 688.442504883,
        "dvar2": 1526.4987793,
        "max": 488.252929688,
        "mean": 20.3432064056,
        "median": 11.6058483124,
        "min": -1.29036617279,
        "stdev": 30.6318473816,
        "var": 938.310119629
    },
    "melbands_skewness": {
        "dmean": 0.949654042721,
        "dmean2": 1.41795754433,
        "dvar": 1.31822013855,
        "dvar2": 2.75494408607,
        "max": 18.5801315308,
        "mean": 3.01399540901,
        "median": 2.57504534721,
        "min": 0.0728629007936,
        "stdev": 1.92538917065,
        "var": 3.70712327957
    },
    "melbands_spread": {
        "dmean": 7.06270837784,
        "dmean2": 11.1885585785,
        "dvar": 155.312530518,
        "dvar2": 341.567962646,
        "max": 153.973449707,
        "mean": 16.6246623993,
        "median": 13.2589473724,
        "min": 0.891282498837,
        "stdev": 14.9584493637,
        "var": 223.755218506
    },
    "pitch_salience": {
        "dmean": 0.0865583866835,
        "dmean2": 0.137489035726,
        "dvar": 0.00768837705255,
        "dvar2": 0.0169394053519,
        "max": 0.957491695881,
        "mean": 0.550011217594,
        "median": 0.557650327682,
        "min": 0.147731721401,
        "stdev": 0.153121575713,
        "var": 0.0234462171793
    },
    "silence_rate_20dB": {
        "dmean": 0,
        "dmean2": 0,
        "dvar": 0,
        "dvar2": 0,
        "max": 1,
        "mean": 1,
        "median": 1,
        "min": 1,
        "stdev": 0,
        "var": 0
    },
    "silence_rate_30dB": {
        "dmean": 0.0294117648154,
        "dmean2": 0.0588690936565,
        "dvar": 0.028547083959,
        "dvar2": 0.0724436938763,
        "max": 1,
        "mean": 0.977571547031,
        "median": 1,
        "min": 0,
        "stdev": 0.148072600365,
        "var": 0.0219254959375
    },
    "silence_rate_60dB": {
        "dmean": 0.00696594407782,
        "dmean2": 0.0139426803216,
        "dvar": 0.00691750040278,
        "dvar2": 0.016846768558,
        "max": 1,
        "mean": 0.0201082751155,
        "median": 0,
        "min": 0,
        "stdev": 0.140370756388,
        "var": 0.0197039488703
    },
    "spectral_centroid": {
        "dmean": 301.483856201,
        "dmean2": 461.947265625,
        "dvar": 204399.625,
        "dvar2": 381665.96875,
        "max": 11283.2871094,
        "mean": 1098.33435059,
        "median": 943.854064941,
        "min": 218.180984497,
        "stdev": 608.376647949,
        "var": 370122.15625
    },
    "spectral_complexity": {
        "dmean": 4.95278644562,
        "dmean2": 6.96746730804,
        "dvar": 33.9877204895,
        "dvar2": 53.2893829346,
        "max": 55,
        "mean": 18.6597061157,
        "median": 16,
        "min": 0,
        "stdev": 9.69217777252,
        "var": 93.9383087158
    },
    "spectral_decrease": {
        "dmean": 3.29805160959e-09,
        "dmean2": 4.80317874363e-09,
        "dvar": 1.92913656253e-17,
        "dvar2": 3.96018707047e-17,
        "max": -3.80652831271e-29,
        "mean": -1.0439284992e-08,
        "median": -9.04813557412e-09,
        "min": -4.05309990015e-08,
        "stdev": 6.73747146962e-09,
        "var": 4.5393524656e-17
    },
    "spectral_energy": {
        "dmean": 0.0129320183769,
        "dmean2": 0.0187495034188,
        "dvar": 0.000283617031528,
        "dvar2": 0.000578534149099,
        "max": 0.154439821839,
        "mean": 0.0419059917331,
        "median": 0.0368997119367,
        "min": 1.00092553813e-20,
        "stdev": 0.0258825235069,
        "var": 0.000669905042741
    },
    "spectral_energyband_high": {
        "dmean": 0.000884503708221,
        "dmean2": 0.0013659427641,
        "dvar": 2.04350476452e-06,
        "dvar2": 5.01402428199e-06,
        "max": 0.0126292146742,
        "mean": 0.00146434747148,
        "median": 0.000849036790896,
        "min": 7.42165186393e-21,
        "stdev": 0.00177649967372,
        "var": 3.15595116263e-06
    },
    "spectral_energyband_low": {
        "dmean": 0.00815451517701,
        "dmean2": 0.0118491519243,
        "dvar": 0.000289590301691,
        "dvar2": 0.000608439499047,
        "max": 0.146319374442,
        "mean": 0.0167612470686,
        "median": 0.00496029574424,
        "min": 1.72507421178e-22,
        "stdev": 0.0253461468965,
        "var": 0.000642427185085
    },
    "spectral_energyband_middle_high": {
        "dmean": 0.00225627119653,
        "dmean2": 0.00336689921096,
        "dvar": 1.06825700641e-05,
        "dvar2": 2.48736396316e-05,
        "max": 0.0317550227046,
        "mean": 0.00497236149386,
        "median": 0.00348019809462,
        "min": 1.3607494681e-21,
        "stdev": 0.00495954090729,
        "var": 2.45970459218e-05
    },
    "spectral_energyband_middle_low": {
        "dmean": 0.00686048669741,
        "dmean2": 0.010556358844,
        "dvar": 5.76042839384e-05,
        "dvar2": 0.000130871514557,
        "max": 0.081434302032,
        "mean": 0.0194363892078,
        "median": 0.017976988107,
        "min": 2.81898977475e-22,
        "stdev": 0.0126554816961,
        "var": 0.000160161216627
    },
    "spectral_entropy": {
        "dmean": 0.229383677244,
        "dmean2": 0.332658737898,
        "dvar": 0.0547515153885,
        "dvar2": 0.104706577957,
        "max": 9.79621505737,
        "mean": 7.63639545441,
        "median": 7.65952301025,
        "min": 5.1377825737,
        "stdev": 0.486039489508,
        "var": 0.236234381795
    },
    "spectral_flux": {
        "dmean": 0.0357272103429,
        "dmean2": 0.055010817945,
        "dvar": 0.00170784140937,
        "dvar2": 0.0032784009818,
        "max": 0.353102117777,
        "mean": 0.103728637099,
        "median": 0.0899662002921,
        "min": 1.00046262941e-10,
        "stdev": 0.0561546757817,
        "var": 0.00315334764309
    },
    "spectral_kurtosis": {
        "dmean": 1.33439207077,
        "dmean2": 2.11424517632,
        "dvar": 3.71551561356,
        "dvar2": 9.19780254364,
        "max": 35.2591743469,
        "mean": 3.61342668533,
        "median": 2.76236629486,
        "min": -1.22094500065,
        "stdev": 3.59196376801,
        "var": 12.9022035599
    },
    "spectral_rms": {
        "dmean": 0.000979846343398,
        "dmean2": 0.0013884055661,
        "dvar": 1.3377760979e-06,
        "dvar2": 2.50604466601e-06,
        "max": 0.0122748930007,
        "mean": 0.00606725551188,
        "median": 0.00599997630343,
        "min": 3.12492024444e-12,
        "stdev": 0.00201799278148,
        "var": 4.072295269e-06
    },
    "spectral_rolloff": {
        "dmean": 648.280883789,
        "dmean2": 1102.41369629,
        "dvar": 1965641.75,
        "dvar2": 4257574.5,
        "max": 18432.421875,
        "mean": 1208.45849609,
        "median": 732.12890625,
        "min": 64.599609375,
        "stdev": 1593.04614258,
        "var": 2537796
    },
    "spectral_skewness": {
        "dmean": 0.245489776134,
        "dmean2": 0.375429362059,
        "dvar": 0.0664566233754,
        "dvar2": 0.149457573891,
        "max": 4.62690782547,
        "mean": 1.57767128944,
        "median": 1.52222120762,
        "min": -0.003081348259,
        "stdev": 0.532537996769,
        "var": 0.283596724272
    },
    "spectral_spread": {
        "dmean": 804451.125,
        "dmean2": 1203049.375,
        "dvar": 1.53648024781e+12,
        "dvar2": 1.9061374976e+12,
        "max": 41639140,
        "mean": 5987376,
        "median": 5953011.5,
        "min": 1451216.75,
        "stdev": 1969130,
        "var": 3.87747309158e+12
    },
    "spectral_strongpeak": {
        "dmean": 0.530044913292,
        "dmean2": 0.836878418922,
        "dvar": 0.435217946768,
        "dvar2": 0.930003583431,
        "max": 7.35168647766,
        "mean": 1.21614861488,
        "median": 0.764898300171,
        "min": 2.56578491786e-09,
        "stdev": 1.0429006815,
        "var": 1.08764183521
    },
    "zerocrossingrate": {
        "dmean": 0.0146189592779,
        "dmean2": 0.0169048942626,
        "dvar": 0.000441187061369,
        "dvar2": 0.000517511216458,
        "max": 0.49755859375,
        "mean": 0.0584241934121,
        "median": 0.05224609375,
        "min": 0.00341796875,
        "stdev": 0.0375743657351,
        "var": 0.00141183286905
    },
    "barkbands": {
        "dmean": [0.000226701959036, 0.00686811748892, 0.00226906291209, 0.00101087987423, 0.0015221578069, 0.00179919204675, 0.0036237379536, 0.00171764951665, 0.00126309355255, 0.000610228453297, 0.000629005313385, 0.000840948079713, 0.000405228493037, 0.000213321589399, 0.000139713316457, 9.12606556085e-05, 0.000144968711538, 0.000132663088152, 0.000159604547662, 0.000132239598315, 0.000166055455338, 0.000188886071555, 0.00019098118355, 0.00016358839639, 0.000133540874231, 9.31637478061e-05, 3.71806777366e-06],
        "dmean2": [0.000294105004286, 0.00988554302603, 0.00421290844679, 0.00173447479028, 0.00249475357123, 0.0027445438318, 0.005462678615, 0.00267544784583, 0.00182461203076, 0.000980611192062, 0.000960319535807, 0.00136398000177, 0.000680179626215, 0.00032476830529, 0.000215244624997, 0.000140003059641, 0.000215283071157, 0.000191622501006, 0.000248636264587, 0.000203310337383, 0.000263827329036, 0.000305074616335, 0.000308281974867, 0.000244065624429, 0.000211624879739, 0.000152462758706, 6.05173863732e-06],
        "dvar": [1.98049875166e-07, 0.00023135302763, 4.25565704063e-05, 3.65797836821e-06, 4.73534691992e-06, 7.97050233814e-06, 3.58238103217e-05, 1.18847774502e-05, 4.78758374811e-06, 1.07463949917e-06, 1.70046052972e-06, 2.58399472841e-06, 5.98227416049e-07, 1.45698209053e-07, 8.895018766e-08, 2.35881465471e-08, 5.86814188352e-08, 5.58378054905e-08, 7.24794304574e-08, 4.45978898256e-08, 7.4291172325e-08, 1.04303239823e-07, 1.27768984726e-07, 5.57092079134e-08, 3.72467852117e-08, 2.82107439631e-08, 1.22200707886e-10],
        "dvar2": [3.22665641761e-07, 0.000469855207484, 0.000122842771816, 1.03519014374e-05, 1.24953839986e-05, 1.72037471202e-05, 6.84688275214e-05, 2.71413373412e-05, 9.16648968996e-06, 2.66862798526e-06, 3.70159136764e-06, 6.41812312097e-06, 1.66008919678e-06, 3.1934266076e-07, 1.81522366915e-07, 5.3851639592e-08, 1.30213180682e-07, 1.17070754868e-07, 1.71450693642e-07, 9.44293958582e-08, 1.85541011888e-07, 2.7004548997e-07, 3.41166241924e-07, 1.09227180189e-07, 8.90174831625e-08, 7.32857827757e-08, 2.90962531846e-10],
        "max": [0.00414768140763, 0.12321626395, 0.0497969947755, 0.0191630236804, 0.0249778591096, 0.0350680835545, 0.0774767771363, 0.0670422613621, 0.02902777493, 0.0152597194538, 0.0237743165344, 0.0229896306992, 0.00744256190956, 0.00592145277187, 0.00469456007704, 0.00139952567406, 0.00324023049325, 0.00253020063974, 0.00306888017803, 0.00356304529123, 0.00267326971516, 0.00274051190354, 0.00385035458021, 0.00281943078153, 0.00213338248432, 0.00147783488501, 0.000224558243644],
        "mean": [0.000417231785832, 0.0139607079327, 0.00173956260551, 0.00122968573123, 0.00247567449696, 0.00326297595166, 0.00704099377617, 0.00302333128639, 0.00221277563833, 0.00090363889467, 0.00103344453964, 0.00117870979011, 0.000518196320627, 0.000366852706065, 0.000212739803828, 0.000136698057759, 0.00021930206276, 0.000176669462235, 0.000225772178965, 0.000215344349272, 0.000258020154433, 0.00026168115437, 0.000254366430454, 0.000270601798547, 0.000194620530237, 0.000112463232654, 3.92299125451e-06],
        "median": [5.12326150783e-05, 0.00239720987156, 0.000385971332435, 0.000560835062061, 0.0014566082973, 0.00176424684469, 0.00321413483471, 0.00101559364703, 0.000878881488461, 0.000368318869732, 0.000441785494331, 0.000489279103931, 0.000216878950596, 0.000108592597826, 7.48759848648e-05, 6.34774623904e-05, 0.000107417603431, 7.65467993915e-05, 0.000110823995783, 0.000101299883681, 0.000151606785948, 0.000133772278787, 0.000129831794766, 0.000138177361805, 9.88614992821e-05, 4.81556198793e-05, 6.73021872899e-07],
        "min": [2.36001103101e-23, 6.46806746159e-23, 7.14090144269e-23, 3.83438149213e-23, 8.45183049499e-23, 3.92092521323e-23, 7.21576907576e-24, 6.2469977126e-23, 3.56635874206e-23, 6.24707786087e-23, 5.64180382095e-23, 1.23469744717e-22, 1.15815749208e-22, 1.22962601818e-22, 1.22001276986e-22, 7.93880648042e-23, 1.67104481284e-22, 2.1718658434e-22, 1.97261586083e-22, 2.41282889737e-22, 5.07452839043e-22, 4.60169046498e-22, 4.87933365778e-22, 8.38544046608e-22, 1.14540775805e-21, 1.87709879013e-21, 2.17751277482e-21],
        "stdev": [0.000744975928683, 0.0227444525808, 0.0049750097096, 0.00181854562834, 0.00278504798189, 0.00428962334991, 0.00987423397601, 0.00518176378682, 0.00350892799906, 0.0014394458849, 0.0019848709926, 0.00216197664849, 0.000825505121611, 0.000705345708411, 0.000419194082497, 0.000188134115888, 0.000298302300507, 0.000278600724414, 0.000317494414048, 0.000313179625664, 0.000325263623381, 0.000354366318788, 0.0003765860165, 0.0003797521058, 0.000248237833148, 0.000176946457941, 1.23834652186e-05],
        "var": [5.54989128432e-07, 0.000517310108989, 2.47507196036e-05, 3.30710804519e-06, 7.75649186835e-06, 1.84008695214e-05, 9.75005023065e-05, 2.68506737484e-05, 1.23125755636e-05, 2.07200446312e-06, 3.9397132241e-06, 4.67414292871e-06, 6.81458743657e-07, 4.97512587572e-07, 1.75723670282e-07, 3.53944429321e-08, 8.89842652896e-08, 7.76183668449e-08, 1.00802701297e-07, 9.80814718332e-08, 1.0579641696e-07, 1.25575496668e-07, 1.41817025678e-07, 1.44211668385e-07, 6.16220177108e-08, 3.13100514404e-08, 1.5335022141e-10]
    },
    "erbbands": {
        "dmean": [0.228180706501, 1.69758796692, 2.76933574677, 3.03148436546, 3.99563527107, 5.31092405319, 9.63625717163, 16.3957386017, 38.1487770081, 57.8429336548, 35.8873405457, 24.4349479675, 18.3917636871, 20.055021286, 25.0581130981, 30.2677536011, 19.3460445404, 12.6396799088, 9.04683113098, 4.91848421097, 5.47088384628, 7.85344076157, 7.27157735825, 7.41320705414, 7.85634708405, 6.04187250137, 7.56345367432, 6.020216465, 6.67079401016, 5.86756658554, 5.38903617859, 3.94340324402, 2.6459209919, 1.63203418255, 0.954102516174, 0.491522729397, 0.142869099975, 0.0231204461306, 0.000533575599547, 2.81001302938e-05],
        "dmean2": [0.277755051851, 2.57574653625, 4.97366857529, 5.42401742935, 6.49143266678, 8.89375400543, 14.9205150604, 25.3165092468, 58.632183075, 84.8083648682, 54.979511261, 35.9596557617, 27.7952594757, 31.5074558258, 38.7542076111, 48.4154434204, 31.8286991119, 19.4132175446, 13.6725769043, 7.26534509659, 8.26143455505, 11.6532306671, 10.4881410599, 11.1885375977, 12.2576274872, 9.25450325012, 12.0100679398, 9.52170944214, 10.9154129028, 9.27812480927, 8.68465900421, 6.09785366058, 3.88810348511, 2.51728606224, 1.54476058483, 0.81734085083, 0.230869710445, 0.0376583710313, 0.00086593546439, 4.25740327046e-05],
        "dvar": [0.233185663819, 14.8993358612, 63.5705490112, 48.6517219543, 34.6576194763, 71.5710601807, 270.958648682, 777.094238281, 3855.20776367, 9466.10253906, 4547.515625, 1522.80004883, 1171.30578613, 1196.5402832, 2073.68701172, 3575.47827148, 1304.546875, 487.43145752, 320.614807129, 84.6964492798, 84.0312652588, 171.798950195, 167.331878662, 162.943740845, 185.137512207, 100.885276794, 146.279602051, 129.677200317, 134.104263306, 89.1622467041, 98.2980270386, 34.9515762329, 15.322555542, 5.33349132538, 2.26666092873, 0.737506330013, 0.0715364292264, 0.00195473013446, 1.81939537924e-06, 1.31915089963e-09],
        "dvar2": [0.338830322027, 35.618598938, 179.114318848, 139.718978882, 90.0008010864, 194.842208862, 632.499755859, 1633.99316406, 8926.33496094, 18204.6699219, 9888.87792969, 3010.6652832, 2461.08789062, 2977.78662109, 4865.51708984, 8449.45703125, 3501.50732422, 1114.02368164, 696.285217285, 177.744064331, 193.539733887, 372.181488037, 346.182495117, 367.892944336, 438.766937256, 221.664123535, 364.079071045, 336.43347168, 344.484344482, 224.50453186, 263.644104004, 79.0390472412, 30.3873691559, 12.3731546402, 5.81411361694, 1.94045829773, 0.180973351002, 0.00487908348441, 4.4902794798e-06, 3.0394107231e-09],
        "max": [5.05107498169, 30.9852104187, 59.1584701538, 58.1539497375, 55.8395881653, 102.592933655, 270.797821045, 414.01373291, 840.645874023, 1200.93835449, 972.864990234, 508.008392334, 589.927124023, 528.679016113, 645.696594238, 866.954101562, 328.637786865, 324.362884521, 331.669311523, 149.085647583, 90.1046066284, 190.311126709, 148.106369019, 118.755111694, 180.533859253, 209.526184082, 150.954681396, 109.449874878, 96.4852294922, 75.5445251465, 101.801841736, 68.8986663818, 46.8796691895, 29.8371372223, 12.9598855972, 7.16821622849, 3.1034693718, 0.449208170176, 0.0282147508115, 0.00042767112609],
        "mean": [0.480384111404, 2.77063632011, 2.60493612289, 3.37855315208, 5.82404708862, 8.3627243042, 17.2939109802, 30.0920410156, 74.3813858032, 103.511795044, 70.2460098267, 43.4564323425, 31.4414520264, 35.6804351807, 39.0579566956, 43.5282897949, 27.9411735535, 21.9320545197, 14.8787584305, 7.94390296936, 8.72141265869, 12.3395280838, 10.2162647247, 10.336771965, 11.5092191696, 9.9942150116, 11.7387065887, 8.88475894928, 9.30753993988, 8.34169387817, 7.01468229294, 5.94759702682, 4.29953765869, 2.41893625259, 1.28555083275, 0.623583137989, 0.165986225009, 0.0243260096759, 0.000608320056926, 7.01842873241e-05],
        "median": [0.0634831041098, 0.384996116161, 0.617248892784, 1.66073691845, 3.37366843224, 4.55835723877, 7.86855363846, 16.8659820557, 34.2077064514, 47.1558227539, 30.1570281982, 20.4962387085, 14.9984922409, 16.3245830536, 17.5035076141, 18.5425071716, 13.1704063416, 8.08114719391, 4.81648874283, 3.24508595467, 4.11037826538, 6.21561002731, 4.87504720688, 4.75450801849, 5.41740655899, 4.72202968597, 6.39052724838, 4.87846755981, 4.70020723343, 4.4242606163, 3.5431034565, 2.84937238693, 2.12950181961, 1.24176359177, 0.658777058125, 0.293882131577, 0.0655729696155, 0.00633272668347, 0.000188759688172, 6.00185339863e-05],
        "min": [1.62990547682e-21, 1.60759870175e-20, 6.75324146138e-20, 1.27979691239e-19, 9.37452060012e-20, 4.08018702014e-19, 3.76088341297e-19, 3.11723789322e-19, 1.42694678574e-19, 2.4545669609e-19, 1.74320290444e-18, 1.06223039426e-18, 1.25624508995e-18, 2.04527747682e-18, 2.87320978975e-18, 5.56295216041e-18, 5.79020266292e-18, 5.06992439119e-18, 7.38937315678e-18, 5.78611556351e-18, 4.84541806036e-18, 8.31525130566e-18, 1.44755581493e-17, 6.342610006e-18, 1.29019421597e-17, 1.24271876374e-17, 1.32134525881e-17, 2.37103580178e-17, 1.57332697271e-17, 1.58436354731e-17, 1.34453617718e-17, 1.57692520837e-17, 1.47742332161e-17, 1.26594897319e-17, 9.29851014646e-18, 7.16934311384e-18, 3.46466812276e-18, 1.22624645445e-18, 2.87645621516e-19, 3.13988325496e-20],
        "stdev": [0.833592534065, 4.79402065277, 6.42992830276, 5.73992204666, 7.04027462006, 10.2804422379, 24.8868846893, 42.9133224487, 101.927993774, 149.734466553, 112.208427429, 61.1126670837, 51.5584716797, 54.066116333, 62.1178703308, 82.923286438, 41.83203125, 39.2439689636, 25.6794013977, 12.6545114517, 11.3386764526, 16.3638916016, 15.2088165283, 15.4037733078, 16.4601917267, 14.5451917648, 15.0242938995, 12.4477968216, 12.6490907669, 10.8446044922, 10.5869731903, 8.49310588837, 6.17065048218, 3.16001439095, 1.73371195793, 0.911941230297, 0.285780906677, 0.0476841926575, 0.0014267595252, 4.83271796838e-05],
        "var": [0.694876492023, 22.982635498, 41.3439750671, 32.9467048645, 49.5654640198, 105.687484741, 619.356994629, 1841.55334473, 10389.3164062, 22420.4101562, 12590.7304688, 3734.75830078, 2658.27612305, 2923.14501953, 3858.62963867, 6876.27148438, 1749.91882324, 1540.0892334, 659.431640625, 160.136657715, 128.565582275, 267.776947021, 231.308105469, 237.276229858, 270.937927246, 211.562591553, 225.729415894, 154.947647095, 159.99949646, 117.605438232, 112.084007263, 72.1328430176, 38.0769271851, 9.98569107056, 3.00575733185, 0.831636786461, 0.0816707238555, 0.00227378215641, 2.03564263757e-06, 2.33551622486e-09]
    },
    "gfcc": {
        "mean": [25.7921657562, 75.0927734375, -101.764549255, 16.5991630554, -83.9851837158, 13.0542583466, -40.2993240356, 11.6645441055, -26.4057998657, 9.84494304657, -12.0970077515, 5.05333757401, -16.5805892944],
        "cov": [[5734.52539062, -1233.37512207, 373.408050537, 483.382110596, 133.153778076, 508.203186035, -156.44354248, 238.926040649, -124.802490234, 383.941711426, -186.420776367, 159.888809204, -140.148132324], [-1233.37512207, 1284.17407227, 73.1469726562, 15.6336088181, 197.725311279, 11.360244751, 268.63659668, 36.2230491638, 206.543457031, -64.474609375, 194.428955078, 7.9612903595, 149.766098022], [373.408050537, 73.1469726562, 832.939697266, 535.797424316, 333.736541748, 290.890014648, 179.416641235, 166.429718018, 63.1947212219, 159.395065308, 93.729057312, 164.145980835, 125.411125183], [483.382110596, 15.6336088181, 535.797424316, 822.321472168, 400.550537109, 246.545471191, 66.0937423706, 139.93913269, 118.761634827, 169.105438232, 123.049934387, 114.950393677, 188.081848145], [133.153778076, 197.725311279, 333.736541748, 400.550537109, 428.595794678, 206.352676392, 125.468299866, 127.912208557, 106.489067078, 97.8939056396, 90.0136642456, 76.2305450439, 90.5814056396], [508.203186035, 11.360244751, 290.890014648, 246.545471191, 206.352676392, 297.126678467, 140.672073364, 125.603179932, 55.6140975952, 86.6241989136, 62.5984840393, 72.1152801514, 48.3918800354], [-156.44354248, 268.63659668, 179.416641235, 66.0937423706, 125.468299866, 140.672073364, 269.905944824, 129.631790161, 67.2712631226, 31.409948349, 95.1904296875, 78.5592346191, 41.841217041], [238.926040649, 36.2230491638, 166.429718018, 139.93913269, 127.912208557, 125.603179932, 129.631790161, 180.140029907, 82.4036483765, 72.8947296143, 54.8606796265, 53.066368103, 41.0581703186], [-124.802490234, 206.543457031, 63.1947212219, 118.761634827, 106.489067078, 55.6140975952, 67.2712631226, 82.4036483765, 190.153320312, 82.0126113892, 66.9101867676, 4.21474218369, 75.8098754883], [383.941711426, -64.474609375, 159.395065308, 169.105438232, 97.8939056396, 86.6241989136, 31.409948349, 72.8947296143, 82.0126113892, 167.591751099, 39.904712677, 45.9262008667, 50.3998947144], [-186.420776367, 194.428955078, 93.729057312, 123.049934387, 90.0136642456, 62.5984840393, 95.1904296875, 54.8606796265, 66.9101867676, 39.904712677, 131.836166382, 63.5692253113, 76.5601806641], [159.888809204, 7.9612903595, 164.145980835, 114.950393677, 76.2305450439, 72.1152801514, 78.5592346191, 53.066368103, 4.21474218369, 45.9262008667, 63.5692253113, 136.627365112, 64.5679550171], [-140.148132324, 149.766098022, 125.411125183, 188.081848145, 90.5814056396, 48.3918800354, 41.841217041, 41.0581703186, 75.8098754883, 50.3998947144, 76.5601806641, 64.5679550171, 139.032058716]],
        "icov": [[0.000441396201495, -0.000155677902512, 0.000333879987011, -0.000393854104914, 0.00040776169044, -0.00100212136749, 0.000798913592007, -0.000709915242624, 0.000409875588957, -0.000988763174973, 0.000901548890397, -0.00104041036684, 0.00101829215419], [-0.000155677902512, 0.00234708026983, -0.000640212208964, 0.00104254297912, -0.00145772378892, 0.00134980492294, -0.00250336318277, 0.00196507177316, -0.00184675247874, 0.00214016460814, -0.00222496548668, 0.00224593491293, -0.00245176395401], [0.000333879987011, -0.000640212208964, 0.0033776415512, -0.00185624556616, 0.000327634159476, -0.00182669260539, -6.44312312943e-05, -0.000897813180927, 0.0013679175172, -0.00203441665508, 0.00236807856709, -0.00267552514561, 0.00112758437172], [-0.000393854104914, 0.00104254297912, -0.00185624556616, 0.00477850576863, -0.00301423179917, 0.000611131894402, 0.000451336527476, 0.000577380531467, -0.000169186401763, 0.000781769165769, -0.00270309438929, 0.00278221140616, -0.00485996063799], [0.00040776169044, -0.00145772378892, 0.000327634159476, -0.00301423179917, 0.00671388208866, -0.00283570284955, 0.0012579652248, -0.00181000609882, -0.000303565291688, -0.00126066128723, 0.00167705945205, -0.00246113538742, 0.00337415514514], [-0.00100212136749, 0.00134980492294, -0.00182669260539, 0.000611131894402, -0.00283570284955, 0.00996752642095, -0.00473782652989, 0.000794421939645, -0.000902150466572, 0.00186485750601, -0.00275463238358, 0.00325940269977, -0.00225470773876], [0.000798913592007, -0.00250336318277, -6.44312312943e-05, 0.000451336527476, 0.0012579652248, -0.00473782652989, 0.0128227435052, -0.00693337991834, 0.00117126572877, -0.00115999032278, -0.000937665521633, -0.00544915022328, 0.00479639274999], [-0.000709915242624, 0.00196507177316, -0.000897813180927, 0.000577380531467, -0.00181000609882, 0.000794421939645, -0.00693337991834, 0.0143970539793, -0.0050571472384, 0.00125050637871, -0.00152529147454, 0.00150600122288, -0.0016212540213], [0.000409875588957, -0.00184675247874, 0.0013679175172, -0.000169186401763, -0.000303565291688, -0.000902150466572, 0.00117126572877, -0.0050571472384, 0.0137549405918, -0.00676875235513, -0.000269046926405, 0.00373163865879, -0.00358107872307], [-0.000988763174973, 0.00214016460814, -0.00203441665508, 0.000781769165769, -0.00126066128723, 0.00186485750601, -0.00115999032278, 0.00125050637871, -0.00676875235513, 0.014254800044, -0.00348689826205, 0.000858846819028, -0.00232790689915], [0.000901548890397, -0.00222496548668, 0.00236807856709, -0.00270309438929, 0.00167705945205, -0.00275463238358, -0.000937665521633, -0.00152529147454, -0.000269046926405, -0.00348689826205, 0.0195291768759, -0.00755984056741, -0.000407486077165], [-0.00104041036684, 0.00224593491293, -0.00267552514561, 0.00278221140616, -0.00246113538742, 0.00325940269977, -0.00544915022328, 0.00150600122288, 0.00373163865879, 0.000858846819028, -0.00755984056741, 0.0195075552911, -0.0103969583288], [0.00101829215419, -0.00245176395401, 0.00112758437172, -0.00485996063799, 0.00337415514514, -0.00225470773876, 0.00479639274999, -0.0016212540213, -0.00358107872307, -0.00232790689915, -0.000407486077165, -0.0103969583288, 0.021888686344]]
    },
    "melbands": {
        "dmean": [0.00189554563258, 0.00161588820629, 0.000526966061443, 0.000325677247019, 0.000296262209304, 0.000376523705199, 0.000630082038697, 0.000579807208851, 0.000291889329674, 0.000155847985297, 9.53049166128e-05, 8.35190730868e-05, 8.60281797941e-05, 8.81843516254e-05, 6.82526442688e-05, 3.96969917347e-05, 2.25998592214e-05, 1.60516738106e-05, 9.45811098063e-06, 6.14113332631e-06, 6.81931896906e-06, 8.70014901011e-06, 7.65379718359e-06, 6.62439924781e-06, 6.16728084424e-06, 6.06080448051e-06, 5.51717130293e-06, 3.86781675843e-06, 5.16835689268e-06, 3.95693314204e-06, 3.73081275029e-06, 4.00336057282e-06, 3.70979955733e-06, 3.19373930324e-06, 3.1340989608e-06, 3.06350534629e-06, 2.33584523812e-06, 2.03243075703e-06, 1.59170394909e-06, 1.34144761432e-06],
        "dmean2": [0.00255862018093, 0.00263862288557, 0.000921868777368, 0.000533115875442, 0.00047083789832, 0.000575779820792, 0.000955770607106, 0.000863026303705, 0.000436411966803, 0.000231570971664, 0.00014592835214, 0.000132897257572, 0.000130525819259, 0.000147317317897, 0.000105124359834, 6.59427096252e-05, 3.45744956576e-05, 2.4674616725e-05, 1.45485437315e-05, 9.38791799854e-06, 1.0475135241e-05, 1.33514631671e-05, 1.12891602839e-05, 9.73733403953e-06, 9.45003375818e-06, 9.55880204856e-06, 8.50061587698e-06, 6.04779779678e-06, 8.41514884087e-06, 6.32737601336e-06, 6.04744718657e-06, 6.63532046019e-06, 6.05068817094e-06, 5.08086077389e-06, 5.08153743795e-06, 5.04109493704e-06, 3.5878649669e-06, 3.05494336317e-06, 2.3942345706e-06, 2.09299105336e-06],
        "dvar": [1.69546437974e-05, 1.61037132784e-05, 1.22824985738e-06, 2.30780088373e-07, 2.20122387873e-07, 3.42413812859e-07, 9.95426262307e-07, 8.98718155895e-07, 2.92264303425e-07, 6.76871820815e-08, 3.15163752873e-08, 2.00507255244e-08, 3.43878205911e-08, 3.23528759338e-08, 1.96924752061e-08, 5.63690161215e-09, 1.74269976227e-09, 1.03162667298e-09, 5.31552024619e-10, 1.14779415139e-10, 1.2420030282e-10, 2.1410449802e-10, 1.88434268189e-10, 1.66434394044e-10, 1.10525207042e-10, 9.74618719063e-11, 9.35993296758e-11, 4.62639752896e-11, 7.68257957251e-11, 3.72683134353e-11, 6.34792635124e-11, 5.53962604954e-11, 3.46411302421e-11, 2.69930258701e-11, 3.08407188676e-11, 3.66471852864e-11, 1.23354703188e-11, 9.25428657317e-12, 5.27653138196e-12, 3.62822250542e-12],
        "dvar2": [2.91560845653e-05, 4.28667735832e-05, 3.48879962075e-06, 6.11562711583e-07, 5.13551583481e-07, 7.25165079984e-07, 2.10661278288e-06, 1.76989669853e-06, 6.049187391e-07, 1.40761471812e-07, 6.67969572987e-08, 4.97344743167e-08, 7.53002211695e-08, 8.58613802279e-08, 4.10056379962e-08, 1.55438186766e-08, 3.6905318801e-09, 2.32738117667e-09, 1.12039544309e-09, 2.56538457144e-10, 2.93218838099e-10, 5.01844454881e-10, 3.88155924069e-10, 3.83888670852e-10, 2.54072235473e-10, 2.32465893757e-10, 2.14510312291e-10, 1.09234031542e-10, 1.97244179323e-10, 8.53662626699e-11, 1.72721115188e-10, 1.45981449151e-10, 8.77759115392e-11, 6.80442924228e-11, 8.29719001838e-11, 9.75702227346e-11, 2.69191925695e-11, 1.85929969337e-11, 1.11456928756e-11, 8.8192404768e-12],
        "max": [0.0396210364997, 0.030744228512, 0.0098431725055, 0.00609683431685, 0.00717552285641, 0.00822784472257, 0.0126835489646, 0.010915260762, 0.00660444423556, 0.00336448522285, 0.00300654605962, 0.00208944804035, 0.00322552141733, 0.00175140437204, 0.0029153060168, 0.000857095234096, 0.000716609356459, 0.000583591521718, 0.000352518080035, 0.00011067550804, 0.000116503942991, 0.000243408561801, 0.000157423011842, 0.000136449147249, 0.000105739447463, 0.000142615346704, 0.000101424280729, 0.000163337317645, 0.000118656513223, 5.77306018386e-05, 8.29962082207e-05, 6.5958192863e-05, 4.72210813314e-05, 4.20392098022e-05, 5.650915773e-05, 7.38391026971e-05, 4.44149009127e-05, 3.8883601519e-05, 2.68931689789e-05, 2.62008743448e-05],
        "mean": [0.00409393152222, 0.00210318504833, 0.000640435784589, 0.000515971623827, 0.000545913935639, 0.000700256263372, 0.00123443594202, 0.00104055902921, 0.000553534715436, 0.000262157496763, 0.00015514792176, 0.000143610333907, 0.000137753391755, 0.000114900307381, 0.000100577984995, 5.14784405823e-05, 3.90324566979e-05, 2.45771971095e-05, 1.42903836604e-05, 8.87089299795e-06, 1.03039192254e-05, 1.31505285026e-05, 1.07589867184e-05, 8.14043323771e-06, 8.30556382425e-06, 8.59199099068e-06, 7.8928842413e-06, 6.14991631664e-06, 7.58502528697e-06, 6.11250925431e-06, 4.963511401e-06, 5.36978905075e-06, 4.86850512971e-06, 4.52537915407e-06, 4.01567649533e-06, 3.85859402741e-06, 3.57201429324e-06, 3.22636719829e-06, 2.3567322387e-06, 1.92837251234e-06],
        "median": [0.000724579556845, 0.00053297157865, 0.000383284466807, 0.000314688571962, 0.000271263823379, 0.000400730234105, 0.000583683897275, 0.000467889214633, 0.000201255941647, 0.00011865497072, 6.79980003042e-05, 6.28747511655e-05, 5.86351634411e-05, 4.9482932809e-05, 3.58962715836e-05, 2.05307478609e-05, 1.18483676488e-05, 7.24275969333e-06, 5.30662919118e-06, 3.681703447e-06, 4.9383543228e-06, 6.65588595439e-06, 5.12713086209e-06, 3.15916327054e-06, 3.45747366737e-06, 4.25953066951e-06, 2.97519409287e-06, 2.93094012704e-06, 3.91429148294e-06, 3.53170617018e-06, 2.46742274612e-06, 2.64310801867e-06, 2.33175092035e-06, 2.44815055339e-06, 2.01160128199e-06, 1.60971399055e-06, 1.64916070844e-06, 1.56873295509e-06, 1.11340943931e-06, 9.87408611763e-07],
        "min": [1.78295501899e-23, 3.13069263667e-23, 2.0255180722e-23, 1.63235279471e-23, 1.55810331305e-23, 6.82984806574e-24, 2.22160921116e-24, 4.25097341415e-24, 1.31038126728e-23, 5.87647929063e-24, 6.47316657959e-24, 8.38722515343e-24, 8.97322811029e-24, 1.01413054967e-23, 2.21689194128e-23, 6.58506334356e-24, 9.80310110512e-24, 1.26907816689e-23, 7.87228042033e-24, 6.97345624923e-24, 5.74206449213e-24, 7.41251650755e-24, 1.21863098532e-23, 1.26966649936e-23, 3.65625354429e-24, 7.92284088233e-24, 8.81923615071e-24, 8.30706110825e-24, 8.19193159229e-24, 1.02341702025e-23, 1.46188689507e-23, 8.43344766931e-24, 9.08560055738e-24, 8.70285550136e-24, 7.29865705766e-24, 8.11149302351e-24, 1.05713388197e-23, 1.03794334161e-23, 1.05376568256e-23, 1.040522759e-23],
        "stdev": [0.00674350326881, 0.00395003147423, 0.000943989958614, 0.000586727634072, 0.000727522536181, 0.000906720932107, 0.00165861623827, 0.00144276034553, 0.000930657435674, 0.000389963708585, 0.000264042901108, 0.000217713328311, 0.00026465987321, 0.000195670931134, 0.000225915209739, 8.40626526042e-05, 7.95422092779e-05, 4.38496426796e-05, 3.01312229567e-05, 1.3327702618e-05, 1.36664402817e-05, 1.7551223209e-05, 1.6092288206e-05, 1.42864410009e-05, 1.26845898194e-05, 1.18293455671e-05, 1.23998297568e-05, 9.44863950281e-06, 1.04018254206e-05, 7.68777499616e-06, 7.91980255599e-06, 7.77335208113e-06, 6.5668782554e-06, 5.92193555349e-06, 5.95525352765e-06, 6.43755947749e-06, 5.22136588188e-06, 4.75467186334e-06, 3.32442846229e-06, 2.51424307862e-06],
        "var": [4.54748333141e-05, 1.56027472258e-05, 8.91117053925e-07, 3.44249343698e-07, 5.29289081896e-07, 8.22142851575e-07, 2.75100796898e-06, 2.08155756809e-06, 8.66123230026e-07, 1.52071692128e-07, 6.97186592902e-08, 4.73990944272e-08, 7.00448481439e-08, 3.82871157001e-08, 5.1037684301e-08, 7.06652913962e-09, 6.32696339764e-09, 1.92279125955e-09, 9.07890596036e-10, 1.77627648701e-10, 1.86771598187e-10, 3.08045422504e-10, 2.58961713184e-10, 2.04102387769e-10, 1.60898822044e-10, 1.3993341208e-10, 1.53755772003e-10, 8.92767873517e-11, 1.08197971416e-10, 5.91018900487e-11, 6.27232779604e-11, 6.04250052771e-11, 4.31238898757e-11, 3.50693189766e-11, 3.54650440959e-11, 4.14421691408e-11, 2.72626626135e-11, 2.26069024611e-11, 1.10518243862e-11, 6.32141778159e-12]
    },
    "melbands128": {
