{
"lowlevel": {
    "average_loudness": 0.92343378067,
    "barkbands_crest": {
        "dmean": 2.95830464363,
        "dmean2": 4.43170261383,
        "dvar": 7.21812772751,
        "dvar2": 17.4094867706,
        "max": 25.5048751831,
        "mean": 13.1740036011,
        "median": 13.1966924667,
        "min": 2.73387312889,
        "stdev": 4.8495926857,
        "var": 23.5185470581
    },
    "barkbands_flatness_db": {
        "dmean": 0.0320742987096,
        "dmean2": 0.0455544367433,
        "dvar": 0.000797700777184,
        "dvar2": 0.00162423076108,
        "max": 0.389876693487,
        "mean": 0.178963169456,
        "median": 0.172968253493,
        "min": 0.0287291444838,
        "stdev": 0.055416315794,
        "var": 0.00307096820325
    },
    "barkbands_kurtosis": {
        "dmean": 9.01235389709,
        "dmean2": 13.9580764771,
        "dvar": 277.794250488,
        "dvar2": 595.737365723,
        "max": 178.903259277,
        "mean": 10.3280725479,
        "median": 2.26209068298,
        "min": -1.97027230263,
        "stdev": 21.0855083466,
        "var": 444.598693848
    },
    "barkbands_skewness": {
        "dmean": 1.10957884789,
        "dmean2": 1.57109284401,
        "dvar": 1.45915198326,
        "dvar2": 2.67047524452,
        "max": 11.6708278656,
        "mean": 2.08977794647,
        "median": 1.62300550938,
        "min": -5.3745059967,
        "stdev": 2.24745464325,
        "var": 5.05105209351
    },
    "barkbands_spread": {
        "dmean": 9.5369977951,
        "dmean2": 14.0503406525,
        "dvar": 126.086158752,
        "dvar2": 250.358703613,
        "max": 130.821182251,
        "mean": 23.9182491302,
        "median": 21.4142284393,
        "min": 0.942368090153,
        "stdev": 16.7528495789,
        "var": 280.657989502
    },
    "dissonance": {
        "dmean": 0.0226646363735,
        "dmean2": 0.0370230078697,
        "dvar": 0.000659005716443,
        "dvar2": 0.00145444844384,
        "max": 0.499898940325,
        "mean": 0.462180048227,
        "median": 0.472246199846,
        "min": 0.131399407983,
        "stdev": 0.0353210046887,
        "var": 0.00124757341109
    },
    "dynamic_complexity": 2.88923788071,
    "erbbands_crest": {
        "dmean": 3.43067169189,
        "dmean2": 5.6186132431,
        "dvar": 9.76305770874,
        "dvar2": 23.8318824768,
        "max": 29.2056770325,
        "mean": 9.79152107239,
        "median": 8.79894447327,
        "min": 2.55384755135,
        "stdev": 4.43650436401,
        "var": 19.6825695038
    },
    "erbbands_flatness_db": {
        "dmean": 0.0258355103433,
        "dmean2": 0.0371363162994,
        "dvar": 0.000488518388011,
        "dvar2": 0.00100305303931,
        "max": 0.391716808081,
        "mean": 0.166616871953,
        "median": 0.157479703426,
        "min": 0.0514467395842,
        "stdev": 0.0578247867525,
        "var": 0.00334370601922
    },
    "erbbands_kurtosis": {
        "dmean": 1.65846335888,
        "dmean2": 2.57677340508,
        "dvar": 5.18168210983,
        "dvar2": 11.9491214752,
        "max": 21.4106807709,
        "mean": 1.18224227428,
        "median": 0.347674369812,
        "min": -1.67478919029,
        "stdev": 2.86816549301,
        "var": 8.22637367249
    },
    "erbbands_skewness": {
        "dmean": 0.551724910736,
        "dmean2": 0.836218774319,
        "dvar": 0.269532620907,
        "dvar2": 0.58904504776,
        "max": 2.94344806671,
        "mean": 0.118197388947,
        "median": 0.144378870726,
        "min": -3.75601577759,
        "stdev": 0.916910231113,
        "var": 0.840724408627
    },
    "erbbands_spread": {
        "dmean": 13.9195547104,
        "dmean2": 21.2494392395,
        "dvar": 224.707504272,
        "dvar2": 523.016540527,
        "max": 163.16293335,
        "mean": 38.6416130066,
        "median": 34.3434448242,
        "min": 4.6051235199,
        "stdev": 22.9235668182,
        "var": 525.489929199
    },
    "hfc": {
        "dmean": 12.3761825562,
        "dmean2": 17.3963623047,
        "dvar": 260.246765137,
        "dvar2": 559.591369629,
        "max": 154.484420776,
        "mean": 22.7962398529,
        "median": 15.3996076584,
        "min": 4.37850019352e-07,
        "stdev": 23.2210865021,
        "var": 539.21887207
    },
    "loudness_ebu128": {
        "integrated": -9.85904502869,
        "loudness_range": 3.49801826477,
        "momentary": {
            "dmean": 0.783946275711,
            "dmean2": 1.16143620014,
            "dvar": 0.423966825008,
            "dvar2": 0.746449351311,
            "max": -5.39526700974,
            "mean": -10.3790187836,
            "median": -10.2193622589,
            "min": -15.2640352249,
            "stdev": 2.14836859703,
            "var": 4.61548757553
        },
        "short_term": {
            "dmean": 0.109988048673,
            "dmean2": 0.130173221231,
            "dvar": 0.0101880170405,
            "dvar2": 0.013560145162,
            "max": -7.91799640656,
            "mean": -9.95486927032,
            "median": -9.67916679382,
            "min": -12.6659345627,
            "stdev": 1.20748794079,
            "var": 1.4580270052
        }
    },
    "melbands_crest": {
        "dmean": 4.17241334915,
        "dmean2": 6.31693220139,
        "dvar": 16.7355365753,
        "dvar2": 38.6243743896,
        "max": 36.9193344116,
        "mean": 23.2817497253,
        "median": 24.7331504822,
        "min": 3.12361621857,
        "stdev": 8.92069530487,
        "var": 79.5788116455
    },
    "melbands_flatness_db": {
        "dmean": 0.0377247221768,
        "dmean2": 0.0519375093281,
        "dvar": 0.00114823703188,
        "dvar2": 0.00208986317739,
        "max": 0.485007226467,
        "mean": 0.228842303157,
        "median": 0.229929447174,
        "min": 0.0300685521215,
        "stdev": 0.0830195248127,
        "var": 0.00689224107191
    },
    "melbands_kurtosis": {
        "dmean": 25.7042732239,
        "dmean2": 40.0680732727,
        "dvar": 2454.63842773,
        "dvar2": 5637.59082031,
        "max": 656.645629883,
        "mean": 33.3908195496,
        "median": 9.81946372986,
        "min": -1.7795817852,
        "stdev": 61.9042358398,
        "var": 3832.13452148
    },
    "melbands_skewness": {
        "dmean": 1.6207691431,
        "dmean2": 2.32542443275,
        "dvar": 3.47084021568,
        "dvar2": 7.11813735962,
        "max": 22.8011169434,
        "mean": 3.82787322998,
        "median": 2.89600467682,
        "min": -2.01371335983,
        "stdev": 3.33097934723,
        "var": 11.0954227448
    },
    "melbands_spread": {
        "dmean": 12.4216051102,
        "dmean2": 18.1199798584,
        "dvar": 334.271484375,
        "dvar2": 744.541564941,
        "max": 238.607788086,
        "mean": 27.1536216736,
        "median": 19.3522090912,
        "min": 0.562324047089,
        "stdev": 27.9338340759,
        "var": 780.299133301
    },
    "pitch_salience": {
        "dmean": 0.0935293734074,
        "dmean2": 0.14432361722,
        "dvar": 0.00834313966334,
        "dvar2": 0.0204832740128,
        "max": 0.958856999874,
        "mean": 0.426122874022,
        "median": 0.406449019909,
        "min": 0.0940836817026,
        "stdev": 0.174116164446,
        "var": 0.0303164403886
    },
    "silence_rate_20dB": {
        "dmean": 0,
        "dmean2": 0,
        "dvar": 0,
        "dvar2": 0,
        "max": 1,
        "mean": 1,
        "median": 1,
        "min": 1,
        "stdev": 0,
        "var": 0
    },
    "silence_rate_30dB": {
        "dmean": 0.0340557284653,
        "dmean2": 0.0681642144918,
        "dvar": 0.0328958407044,
        "dvar2": 0.0821079984307,
        "max": 1,
        "mean": 0.975251376629,
        "median": 1,
        "min": 0,
        "stdev": 0.155357524753,
        "var": 0.0241359584033
    },
    "silence_rate_60dB": {
        "dmean": 0.0456656329334,
        "dmean2": 0.0914020165801,
        "dvar": 0.0435806848109,
        "dvar2": 0.095441184938,
        "max": 1,
        "mean": 0.0587780363858,
        "median": 0,
        "min": 0,
        "stdev": 0.23521104455,
        "var": 0.0553242340684
    },
    "spectral_centroid": {
        "dmean": 447.837982178,
        "dmean2": 646.977783203,
        "dvar": 234442.546875,
        "dvar2": 437184.4375,
        "max": 6263.85888672,
        "mean": 1866.98571777,
        "median": 1774.11767578,
        "min": 229.074890137,
        "stdev": 888.777404785,
        "var": 789925.3125
    },
    "spectral_complexity": {
        "dmean": 4.81888532639,
        "dmean2": 6.7041053772,
        "dvar": 29.3231430054,
        "dvar2": 46.9347305298,
        "max": 58,
        "mean": 14.1593198776,
        "median": 12,
        "min": 0,
        "stdev": 10.2546548843,
        "var": 105.157943726
    },
    "spectral_decrease": {
        "dmean": 2.8375899408e-09,
        "dmean2": 4.358343908e-09,
        "dvar": 2.61834559957e-17,
        "dvar2": 6.48541827198e-17,
        "max": -2.61512488914e-17,
        "mean": -8.23508816694e-09,
        "median": -6.48063291919e-09,
        "min": -5.46992637851e-08,
        "stdev": 7.23220416887e-09,
        "var": 5.23047774926e-17
    },
    "spectral_energy": {
        "dmean": 0.0115335825831,
        "dmean2": 0.0176096893847,
        "dvar": 0.000392863759771,
        "dvar2": 0.000970107736066,
        "max": 0.210597485304,
        "mean": 0.0331488214433,
        "median": 0.0261939838529,
        "min": 1.38415182094e-10,
        "stdev": 0.0281855706125,
        "var": 0.000794426363427
    },
    "spectral_energyband_high": {
        "dmean": 0.000825235329103,
        "dmean2": 0.00120205862913,
        "dvar": 1.99921350941e-06,
        "dvar2": 4.24929612564e-06,
        "max": 0.013865608722,
        "mean": 0.00116123259068,
        "median": 0.000510660931468,
        "min": 5.12203612857e-11,
        "stdev": 0.00181460962631,
        "var": 3.29280806e-06
    },
    "spectral_energyband_low": {
        "dmean": 0.00673470553011,
        "dmean2": 0.0107424752787,
        "dvar": 0.000267379160505,
        "dvar2": 0.000709947256837,
        "max": 0.174947425723,
        "mean": 0.0206328853965,
        "median": 0.0183950569481,
        "min": 1.13331254104e-11,
        "stdev": 0.0217940397561,
        "var": 0.000474980159197
    },
    "spectral_energyband_middle_high": {
        "dmean": 0.00354584120214,
        "dmean2": 0.00490715214983,
        "dvar": 2.99139428535e-05,
        "dvar2": 6.32414012216e-05,
        "max": 0.0585257299244,
        "mean": 0.00624853186309,
        "median": 0.00295089744031,
        "min": 2.59612938786e-11,
        "stdev": 0.0087864138186,
        "var": 7.72010680521e-05
    },
    "spectral_energyband_middle_low": {
        "dmean": 0.00525372941047,
        "dmean2": 0.00898306723684,
        "dvar": 0.00018144477508,
        "dvar2": 0.000518505403306,
        "max": 0.121981449425,
        "mean": 0.00608814228326,
        "median": 0.00238255644217,
        "min": 5.07019461138e-11,
        "stdev": 0.0122327310964,
        "var": 0.000149639701704
    },
    "spectral_entropy": {
        "dmean": 0.226565122604,
        "dmean2": 0.326406627893,
        "dvar": 0.0434978753328,
        "dvar2": 0.087330147624,
        "max": 9.32539272308,
        "mean": 7.74849843979,
        "median": 7.73446416855,
        "min": 6.37162828445,
        "stdev": 0.417129695415,
        "var": 0.173997193575
    },
    "spectral_flux": {
        "dmean": 0.0339830853045,
        "dmean2": 0.0494630299509,
        "dvar": 0.00169886869844,
        "dvar2": 0.00304903299548,
        "max": 0.411030471325,
        "mean": 0.095828846097,
        "median": 0.0789937004447,
        "min": 1.17649979074e-05,
        "stdev": 0.0660037249327,
        "var": 0.00435649137944
    },
    "spectral_kurtosis": {
        "dmean": 1.45485138893,
        "dmean2": 2.3003988266,
        "dvar": 1.82470178604,
        "dvar2": 4.55516767502,
        "max": 13.232421875,
        "mean": 3.50117301941,
        "median": 3.35727930069,
        "min": -1.3705290556,
        "stdev": 2.25389647484,
        "var": 5.08004951477
    },
    "spectral_rms": {
        "dmean": 0.000925748550799,
        "dmean2": 0.00133741786703,
        "dvar": 1.482790708e-06,
        "dvar2": 3.20871208714e-06,
        "max": 0.0143339093775,
        "mean": 0.00520789809525,
        "median": 0.0050552058965,
        "min": 3.67476786778e-07,
        "stdev": 0.00228431914002,
        "var": 5.21811352883e-06
    },
    "spectral_rolloff": {
        "dmean": 819.895812988,
        "dmean2": 1321.09790039,
        "dvar": 2256261.75,
        "dvar2": 4687361,
        "max": 13802.7832031,
        "mean": 1785.0748291,
        "median": 1076.66015625,
        "min": 43.06640625,
        "stdev": 2363.98632812,
        "var": 5588431.5
    },
    "spectral_skewness": {
        "dmean": 0.264080286026,
        "dmean2": 0.406446188688,
        "dvar": 0.0577111318707,
        "dvar2": 0.124912261963,
        "max": 3.12324786186,
        "mean": 1.43343901634,
        "median": 1.44918346405,
        "min": -0.0315971858799,
        "stdev": 0.427803874016,
        "var": 0.18301615119
    },
    "spectral_spread": {
        "dmean": 1048838,
        "dmean2": 1566990.625,
        "dvar": 1.9386639319e+12,
        "dvar2": 3.2817456087e+12,
        "max": 29141574,
        "mean": 5480567,
        "median": 4960207,
        "min": 2431025.25,
        "stdev": 2254710.25,
        "var": 5.08371822182e+12
    },
    "spectral_strongpeak": {
        "dmean": 0.396190881729,
        "dmean2": 0.652014613152,
        "dvar": 0.785959362984,
        "dvar2": 2.02037286758,
        "max": 8.98474597931,
        "mean": 0.675737321377,
        "median": 0.242040231824,
        "min": 0,
        "stdev": 1.01501059532,
        "var": 1.0302464962
    },
    "zerocrossingrate": {
        "dmean": 0.0174855329096,
        "dmean2": 0.0189083218575,
        "dvar": 0.000559232605156,
        "dvar2": 0.000520622357726,
        "max": 0.486328125,
        "mean": 0.063986748457,
        "median": 0.0458984375,
        "min": 0.00146484375,
        "stdev": 0.0647914633155,
        "var": 0.00419793324545
    },
    "barkbands": {
        "dmean": [0.000596569676418, 0.00488928100094, 0.00266601424664, 0.00148408033419, 0.00161236990243, 0.000564066693187, 0.000511506397743, 0.000641247141175, 0.00136142747942, 0.000672403723001, 0.000766561890487, 0.000874306017067, 0.000586300855502, 0.000638463243376, 0.000565413443837, 0.000318841659464, 0.00039268983528, 0.000339471967891, 0.000228463337407, 0.000285638845526, 0.000117001749459, 0.000129722378915, 0.000152769091073, 0.000167084901477, 0.000174435946974, 6.21412109467e-05, 1.69309601006e-06],
        "dmean2": [0.000886288005859, 0.00729256263003, 0.00464194826782, 0.00256663537584, 0.00301538757049, 0.000959538912866, 0.000856828701217, 0.00103694025893, 0.00211564148776, 0.0011084547732, 0.00115238374565, 0.00134823017288, 0.000941258331295, 0.000998954754323, 0.000905507942662, 0.000474329513963, 0.000617621524725, 0.000499794841744, 0.000354794639861, 0.000434296671301, 0.000176162226126, 0.000206581506063, 0.000246255629463, 0.000252377270954, 0.000252889614785, 9.22348335735e-05, 2.8062443107e-06],
        "dvar": [1.32253910579e-06, 0.000112773916044, 0.00011606386397, 3.09609386022e-05, 5.01376380271e-05, 2.45756336881e-06, 2.05911692319e-06, 2.65718017545e-06, 9.43040777202e-06, 4.67617383038e-06, 5.03608225699e-06, 9.04926946532e-06, 3.14350631925e-06, 3.1759363992e-06, 1.64132120517e-06, 5.64624201616e-07, 8.29630835142e-07, 3.55683141606e-07, 2.73148089036e-07, 3.59715329523e-07, 6.00049574473e-08, 1.17392517041e-07, 8.09230087384e-08, 1.103889673e-07, 2.81255722712e-07, 3.52449838203e-08, 4.71651502576e-11],
        "dvar2": [2.92598360829e-06, 0.000290089345071, 0.000324413849739, 8.32040896057e-05, 0.000146262216731, 6.77153457218e-06, 5.36360312253e-06, 6.16270699538e-06, 2.16486168938e-05, 1.22223445942e-05, 1.23928457469e-05, 2.14378142118e-05, 7.91424554336e-06, 7.77390414441e-06, 3.98579459215e-06, 1.21240134376e-06, 1.97370627575e-06, 7.1736803875e-07, 6.61070828301e-07, 7.9836598843e-07, 1.32825221044e-07, 2.79170677686e-07, 2.05966415479e-07, 2.41988260541e-07, 6.05968523359e-07, 6.75045725984e-08, 9.95233132017e-11],
        "max": [0.0120767550543, 0.0984476283193, 0.109960399568, 0.0543963834643, 0.0589163005352, 0.0159853585064, 0.0174893047661, 0.0185328871012, 0.0336333438754, 0.030086144805, 0.0373562537134, 0.0425680465996, 0.0271650739014, 0.0259308926761, 0.0142216430977, 0.00975247379392, 0.00891123153269, 0.00767622422427, 0.00645465077832, 0.00748185254633, 0.00407654140145, 0.00602417392656, 0.00346359214745, 0.00408573402092, 0.00824278686196, 0.0026150289923, 0.00014209865185],
        "mean": [0.00301408185624, 0.0142155783251, 0.00251140701585, 0.00166638894007, 0.00112372764852, 0.000547923031263, 0.000518614135217, 0.000623968837317, 0.00140345562249, 0.000663734565023, 0.000869073614012, 0.00104046426713, 0.000565202091821, 0.000815148407128, 0.000662275298964, 0.000367752072634, 0.000437954382505, 0.000465627439553, 0.000284571695374, 0.000387082836824, 0.000155209825607, 0.000149059938849, 0.00018398957036, 0.000198420180823, 0.000204987823963, 7.15438291081e-05, 1.55319048645e-06],
        "median": [0.00308621581644, 0.0121744070202, 0.000390083529055, 0.000155685978825, 0.000180118629942, 0.000110343469714, 9.80522163445e-05, 8.73765311553e-05, 0.000224186151172, 0.000123568897834, 0.000180280359928, 0.000146046033478, 9.46419895627e-05, 0.000104254540929, 8.9720946562e-05, 6.5106934926e-05, 9.3442882644e-05, 0.000132552639116, 0.000105641003756, 0.000124398589833, 4.46997219115e-05, 3.48157554981e-05, 7.30076935724e-05, 6.42699014861e-05, 5.46653027413e-05, 1.23173595057e-05, 1.01940671016e-07],
        "min": [3.28827460053e-12, 5.19846925923e-12, 2.91396594354e-12, 2.58330900074e-12, 6.1025030515e-12, 6.49286657425e-12, 7.36886072994e-12, 9.4174164994e-12, 1.55246735606e-11, 7.40883222827e-12, 1.47526966771e-12, 1.53061851388e-12, 2.7024016705e-12, 1.44225993995e-12, 7.12149252329e-13, 1.28939740829e-12, 2.45720110925e-12, 4.20525550146e-12, 3.7252588167e-12, 2.15261489189e-12, 5.75679217837e-12, 1.3811785049e-11, 1.99980587645e-11, 5.20761255299e-12, 3.81753439624e-12, 8.25403601804e-13, 2.92662595547e-13],
        "stdev": [0.0027950827498, 0.015729220584, 0.00929567869753, 0.00630228547379, 0.00526579422876, 0.00138467014767, 0.00140588870272, 0.00169225677382, 0.00332934269682, 0.00197906629182, 0.00233049504459, 0.00356350606307, 0.00172647938598, 0.00226893112995, 0.00155308330432, 0.000894301978406, 0.00100335711613, 0.000806737458333, 0.000560725049581, 0.000727690116037, 0.000335247721523, 0.000378248427296, 0.000298980565276, 0.000379161268938, 0.000589624105487, 0.000233934042626, 7.28589657228e-06],
        "var": [7.81248763815e-06, 0.00024740837398, 8.64096364239e-05, 3.97188014176e-05, 2.77285889752e-05, 1.91731146515e-06, 1.97652298084e-06, 2.86373301606e-06, 1.1084522157e-05, 3.91670300814e-06, 5.4312076827e-06, 1.26985751194e-05, 2.98073086924e-06, 5.14804878549e-06, 2.41206771534e-06, 7.99775989435e-07, 1.00672548342e-06, 6.50825313642e-07, 3.14412574198e-07, 5.29532940163e-07, 1.12391035145e-07, 1.43071872571e-07, 8.93893741249e-08, 1.43763273286e-07, 3.47656566646e-07, 5.47251381988e-08, 5.30842904356e-11]
    },
    "erbbands": {
        "dmean": [0.207147181034, 0.996405184269, 2.7714445591, 4.07072496414, 5.25061988831, 5.17017030716, 4.53286314011, 4.66873311996, 5.96874713898, 9.47732925415, 18.8843650818, 30.6568393707, 23.134973526, 24.9822902679, 29.1859302521, 32.4937782288, 25.4944343567, 33.0797653198, 29.6170902252, 23.0959968567, 15.2891664505, 21.5315589905, 19.7050571442, 12.0920686722, 12.3458175659, 13.6798820496, 6.72495174408, 3.99040293694, 4.27237510681, 5.28456497192, 4.20804691315, 3.38429522514, 2.90417718887, 2.24934411049, 1.06714057922, 0.397178709507, 0.0948268175125, 0.00876074377447, 0.000242332782364, 2.24041232286e-05],
        "dmean2": [0.29322630167, 1.54108011723, 4.66609048843, 6.93829202652, 9.81275844574, 9.64103889465, 8.0539598465, 7.78092384338, 10.3003005981, 15.3509044647, 29.6821899414, 46.9980926514, 37.661403656, 39.7297668457, 44.6315879822, 48.6060600281, 40.4370727539, 51.2523727417, 45.7916297913, 35.2203102112, 22.6674747467, 33.872253418, 29.128370285, 17.8296070099, 18.478767395, 20.7125988007, 10.0387706757, 6.09377908707, 6.75703334808, 8.65596961975, 6.73910331726, 5.14685487747, 4.39144420624, 3.40302419662, 1.54363238811, 0.602241754532, 0.14082378149, 0.0130230784416, 0.000372355396394, 3.29039321514e-05],
        "dvar": [0.214589267969, 5.44583082199, 113.658195496, 245.956008911, 528.589355469, 485.87890625, 218.209777832, 190.043518066, 315.978302002, 699.388183594, 1856.36071777, 5029.3984375, 6332.98779297, 7610.85351562, 8290.12695312, 10536.2851562, 6205.55517578, 7708.87011719, 5061.59033203, 2458.02099609, 1245.80651855, 2430.05664062, 1388.5802002, 610.445129395, 637.176879883, 900.108581543, 179.890686035, 87.71459198, 181.398498535, 141.419387817, 56.7161445618, 41.0099143982, 39.7957725525, 48.0317687988, 10.5539131165, 1.58408796787, 0.0893393754959, 0.000783604918979, 6.76261038279e-07, 1.41703671019e-09],
        "dvar2": [0.505697607994, 14.3131351471, 312.351165771, 678.377502441, 1536.17907715, 1427.97912598, 628.018127441, 509.931640625, 878.79095459, 1714.96228027, 4209.20117188, 11453.1220703, 16186.4882812, 18666.5585938, 20695.7597656, 23797.71875, 16022.7734375, 18061.9824219, 12792.0410156, 5701.62841797, 2713.36987305, 5751.52099609, 2717.11230469, 1268.5859375, 1454.59570312, 2065.5769043, 405.778442383, 181.571685791, 442.585693359, 370.076843262, 141.915588379, 96.4374008179, 84.5636825562, 108.012832642, 22.3761768341, 3.25717830658, 0.170663043857, 0.00149905332364, 1.37042400183e-06, 3.04661318395e-09],
        "max": [4.66614055634, 23.7980422974, 107.401077271, 173.938522339, 210.056488037, 174.521896362, 142.359008789, 183.407180786, 258.818054199, 351.381896973, 472.45501709, 779.691040039, 1138.96862793, 1655.50744629, 1654.1796875, 1426.58691406, 1244.64953613, 1349.67578125, 845.140197754, 603.378234863, 466.642944336, 508.444732666, 480.516784668, 283.502075195, 332.678863525, 378.75592041, 184.764556885, 142.272293091, 294.19442749, 168.376541138, 109.547058105, 80.1365280151, 70.5429840088, 105.432434082, 51.4678726196, 16.1357421875, 5.18406963348, 0.597073972225, 0.015131469816, 0.00049021479208],
        "mean": [0.700040459633, 2.01522517204, 2.99533224106, 4.88709354401, 4.16782617569, 3.75890731812, 4.19810152054, 4.30580997467, 5.52724504471, 9.3743391037, 19.9364833832, 31.722278595, 22.2360095978, 30.9170379639, 35.2094306946, 42.839302063, 27.6408519745, 43.4620399475, 34.7400398254, 29.4483909607, 18.6530361176, 24.6105136871, 26.9883079529, 16.614982605, 16.4830284119, 18.3019180298, 9.35982322693, 5.15026855469, 4.95272493362, 5.90284585953, 5.16899490356, 4.015001297, 3.40275001526, 2.60208201408, 1.24452495575, 0.46550744772, 0.104742512107, 0.00983036868274, 0.000281832995825, 5.16359759786e-05],
        "median": [0.73550093174, 0.819217681885, 0.564476311207, 0.623598515987, 0.36864349246, 0.636361420155, 0.913398087025, 0.79564255476, 1.32869946957, 1.83969151974, 4.01803159714, 5.62875127792, 4.55962324142, 9.33834075928, 7.37099170685, 7.23053693771, 5.51080560684, 5.61300182343, 6.02368593216, 4.97966432571, 3.88030195236, 5.77332019806, 7.04198455811, 6.19658041, 6.59039783478, 5.89050245285, 2.92156934738, 1.33351385593, 1.12176704407, 1.7370557785, 2.155169487, 1.45566689968, 0.96802854538, 0.697993934155, 0.292978703976, 0.0844193994999, 0.0164274517447, 0.0016864023637, 6.6474553023e-05, 3.75547133444e-05],
        "min": [1.98226199344e-10, 1.01998531843e-09, 3.07677683331e-09, 6.65546062706e-09, 1.24668204649e-08, 2.18473577007e-08, 3.64783048212e-08, 5.84227208833e-08, 9.12888893367e-08, 1.44972858607e-07, 2.42087281777e-07, 3.49598366256e-07, 3.10524967517e-07, 1.39633328899e-07, 5.14479587821e-08, 7.27456210825e-08, 1.21652561802e-07, 9.04110777356e-08, 4.68096317263e-08, 4.61302853694e-08, 7.63832730399e-08, 1.5284885535e-07, 2.59889219478e-07, 1.56378931138e-07, 1.70089791141e-07, 1.00982738616e-07, 2.70665793778e-07, 1.79460059258e-07, 4.86852172799e-07, 5.02333193708e-07, 5.42473856058e-07, 2.16304002265e-07, 7.99795500939e-08, 5.78731942369e-08, 1.90678495215e-08, 1.98672678309e-09, 2.16016426968e-09, 4.94696672515e-10, 5.9085909776e-11, 5.14797145884e-12],
        "stdev": [0.679127812386, 3.29318284988, 9.46890926361, 16.9118652344, 18.3847789764, 16.3780860901, 11.7444210052, 12.4144058228, 15.1265039444, 26.3752574921, 46.7589797974, 77.986038208, 73.5185241699, 91.0809249878, 100.356819153, 138.33605957, 77.506362915, 121.032356262, 77.6932067871, 61.6125068665, 42.5997428894, 54.1301498413, 49.9684181213, 30.6389827728, 29.0301456451, 35.8060684204, 17.4496459961, 12.8446722031, 13.9162425995, 11.8963985443, 8.19363594055, 7.11788320541, 7.20547628403, 7.3416185379, 3.70124173164, 1.49825012684, 0.36748534441, 0.0347958989441, 0.000956036383286, 5.0134040066e-05],
        "var": [0.461214601994, 10.8450527191, 89.6602401733, 286.011199951, 338.000091553, 268.241699219, 137.931427002, 154.117477417, 228.811126709, 695.65423584, 2186.40209961, 6081.82226562, 5404.97314453, 8295.734375, 10071.4912109, 19136.8652344, 6007.23681641, 14648.8310547, 6036.23486328, 3796.10083008, 1814.73803711, 2930.07299805, 2496.84277344, 938.747314453, 842.749328613, 1282.07458496, 304.490112305, 164.985595703, 193.661819458, 141.524307251, 67.1356735229, 50.664264679, 51.9188919067, 53.8993606567, 13.6991901398, 2.24475359917, 0.135045468807, 0.00121075462084, 9.14005511277e-07, 2.51342213708e-09]
    },
    "gfcc": {
        "mean": [-21.3411483765, 50.6873245239, -125.343040466, 28.2932834625, -58.682800293, 27.101184845, -32.8323020935, 24.6137313843, -24.5363883972, 6.74003362656, -7.6619181633, 1.28080368042, -7.29037427902],
        "cov": [[4742.97021484, 431.408569336, 644.05682373, 828.290710449, 778.717346191, 805.951965332, 339.987335205, 358.51071167, 203.581237793, 184.849029541, -70.7833404541, 31.0415077209, -134.706130981], [431.408569336, 2592.32617188, 1106.12915039, 798.626708984, 1110.58898926, 474.762756348, 612.502990723, 237.919052124, 304.641113281, 116.657691956, 195.777832031, -187.339050293, 17.4312343597], [644.05682373, 1106.12915039, 2477.71289062, 1291.29785156, 913.308166504, 757.40802002, 436.700714111, 360.617858887, 145.591567993, 229.10635376, 85.9937820435, -11.714972496, -43.5668869019], [828.290710449, 798.626708984, 1291.29785156, 1282.69604492, 738.685424805, 489.038513184, 376.055908203, 297.438842773, 227.836517334, 132.909835815, 89.1114883423, 14.9876899719, 34.0550537109], [778.717346191, 1110.58898926, 913.308166504, 738.685424805, 1037.70629883, 596.91027832, 473.293548584, 297.228149414, 216.447174072, 204.680892944, 73.5963821411, -49.4299812317, -2.6752781868], [805.951965332, 474.762756348, 757.40802002, 489.038513184, 596.91027832, 728.25769043, 435.925170898, 191.296142578, 113.339759827, 159.380691528, 47.8894882202, -6.45597219467, -50.3907203674], [339.987335205, 612.502990723, 436.700714111, 376.055908203, 473.293548584, 435.925170898, 542.654724121, 181.750564575, 127.447860718, 119.408149719, 84.3054046631, 5.52726459503, -0.963733315468], [358.51071167, 237.919052124, 360.617858887, 297.438842773, 297.228149414, 191.296142578, 181.750564575, 345.984588623, 162.196411133, 79.3790054321, 51.2129096985, 2.06551194191, 28.5631885529], [203.581237793, 304.641113281, 145.591567993, 227.836517334, 216.447174072, 113.339759827, 127.447860718, 162.196411133, 256.411315918, 80.7025680542, 30.783115387, -4.62016820908, 5.2435593605], [184.849029541, 116.657691956, 229.10635376, 132.909835815, 204.680892944, 159.380691528, 119.408149719, 79.3790054321, 80.7025680542, 190.158187866, 42.3197669983, 5.62088537216, 1.98465335369], [-70.7833404541, 195.777832031, 85.9937820435, 89.1114883423, 73.5963821411, 47.8894882202, 84.3054046631, 51.2129096985, 30.783115387, 42.3197669983, 164.524337769, 46.6913299561, 34.8464355469], [31.0415077209, -187.339050293, -11.714972496, 14.9876899719, -49.4299812317, -6.45597219467, 5.52726459503, 2.06551194191, -4.62016820908, 5.62088537216, 46.6913299561, 155.251846313, 42.8777618408], [-134.706130981, 17.4312343597, -43.5668869019, 34.0550537109, -2.6752781868, -50.3907203674, -0.963733315468, 28.5631885529, 5.2435593605, 1.98465335369, 34.8464355469, 42.8777618408, 121.786727905]],
        "icov": [[0.000346493994584, -0.000167538164533, 0.000273885409115, -0.000333507079631, 0.000101343553979, -0.00051282386994, 0.000374399445718, -0.000430117506767, 0.000307801674353, -0.000293690653052, 0.000477058609249, -0.000481706170831, 0.000516975007486], [-0.000167538164533, 0.00162544171326, -0.000745010038372, 0.000648223271128, -0.00172770454083, 0.00121531693731, -0.00126193568576, 0.00143889640458, -0.00155448599253, 0.00167192099616, -0.00189737440087, 0.00211787060834, -0.000911362993065], [0.000273885409115, -0.000745010038372, 0.00157075270545, -0.00143751257565, 0.000658129400108, -0.00125990412198, 0.00104719388764, -0.00127394264564, 0.00160238402896, -0.00135702989064, 0.000995739479549, -0.00110194657464, 0.00122985662892], [-0.000333507079631, 0.000648223271128, -0.00143751257565, 0.00281323282979, -0.00135320681147, 0.000853585079312, -0.000887221132871, 0.000947863096371, -0.0019238491077, 0.00165423564613, -0.00111741467845, 0.000740424264222, -0.00155352789443], [0.000101343553979, -0.00172770454083, 0.000658129400108, -0.00135320681147, 0.00475903041661, -0.00222797552124, 0.000559694715776, -0.00188997981604, 0.00125464028679, -0.00264766742475, 0.00197366788052, -0.0010690294439, 0.000404376565712], [-0.00051282386994, 0.00121531693731, -0.00125990412198, 0.000853585079312, -0.00222797552124, 0.00542396772653, -0.00323041062802, 0.00127924128901, -0.00082957232371, 0.000605246750638, -0.00122423877474, 0.00122087530326, 0.000385439343518], [0.000374399445718, -0.00126193568576, 0.00104719388764, -0.000887221132871, 0.000559694715776, -0.00323041062802, 0.00548726227134, -0.0017347765388, 0.00103474594653, -0.00135695864446, 0.000524127390236, -0.0018679134082, 0.000828639429528], [-0.000430117506767, 0.00143889640458, -0.00127394264564, 0.000947863096371, -0.00188997981604, 0.00127924128901, -0.0017347765388, 0.00668872287497, -0.00404184637591, 0.00185303553008, -0.00229662819766, 0.00224938779138, -0.00248814700171], [0.000307801674353, -0.00155448599253, 0.00160238402896, -0.0019238491077, 0.00125464028679, -0.00082957232371, 0.00103474594653, -0.00404184637591, 0.0084404880181, -0.0035516989883, 0.00206490047276, -0.00208438001573, 0.00215208902955], [-0.000293690653052, 0.00167192099616, -0.00135702989064, 0.00165423564613, -0.00264766742475, 0.000605246750638, -0.00135695864446, 0.00185303553008, -0.0035516989883, 0.00959834642708, -0.00320963002741, 0.00195719092153, -0.00153945060447], [0.000477058609249, -0.00189737440087, 0.000995739479549, -0.00111741467845, 0.00197366788052, -0.00122423877474, 0.000524127390236, -0.00229662819766, 0.00206490047276, -0.00320963002741, 0.010241127573, -0.004566910211, 0.000188524893019], [-0.000481706170831, 0.00211787060834, -0.00110194657464, 0.000740424264222, -0.0010690294439, 0.00122087530326, -0.0018679134082, 0.00224938779138, -0.00208438001573, 0.00195719092153, -0.004566910211, 0.0110358875245, -0.00401872070506], [0.000516975007486, -0.000911362993065, 0.00122985662892, -0.00155352789443, 0.000404376565712, 0.000385439343518, 0.000828639429528, -0.00248814700171, 0.00215208902955, -0.00153945060447, 0.000188524893019, -0.00401872070506, 0.0118395481259]]
    },
    "melbands": {
        "dmean": [0.00152215373237, 0.00124892173335, 0.000688268512022, 0.000380058510927, 0.000166112004081, 0.000104193430161, 9.65886865743e-05, 0.000103430364106, 0.000178029877134, 0.000196151479031, 0.000113367306767, 9.98153336695e-05, 9.86360464594e-05, 0.000109202410385, 6.2059625634e-05, 5.94995508436e-05, 6.5744832682e-05, 4.82408759126e-05, 4.19612006226e-05, 2.65067574219e-05, 1.7807858967e-05, 2.35039915424e-05, 2.02751507459e-05, 1.79107119038e-05, 9.27398741624e-06, 9.37804270507e-06, 9.97164443106e-06, 9.5506929938e-06, 4.91069295094e-06, 2.68051530838e-06, 2.38519010054e-06, 2.45495743911e-06, 2.68987810159e-06, 3.15423790198e-06, 2.61123773271e-06, 2.07158677767e-06, 2.12149552681e-06, 2.16693933908e-06, 1.89652223526e-06, 2.00614044843e-06],
        "dmean2": [0.00219727330841, 0.00203307671472, 0.00117961550131, 0.000716780195944, 0.000297866790788, 0.000174778600922, 0.000165459932759, 0.000167752965353, 0.000279111525742, 0.000302912230836, 0.00018590662512, 0.000160612820764, 0.000148852574057, 0.000165110366652, 9.79344840744e-05, 9.32706752792e-05, 0.00010288208432, 7.59844915592e-05, 6.57169075566e-05, 3.99557175115e-05, 2.71243861789e-05, 3.78067707061e-05, 2.99329585687e-05, 2.72604102065e-05, 1.43663464769e-05, 1.46203647091e-05, 1.52273905769e-05, 1.4895476852e-05, 7.36739139029e-06, 4.15432532463e-06, 3.69418125956e-06, 3.95495953853e-06, 4.23802976002e-06, 5.27040765519e-06, 4.22174935011e-06, 3.24987399836e-06, 3.29090721607e-06, 3.30665898218e-06, 2.88046612695e-06, 3.02929720419e-06],
        "dvar": [1.07875039248e-05, 1.67720991158e-05, 7.2473048931e-06, 2.84966358777e-06, 3.36220864483e-07, 8.78809842675e-08, 7.54064259922e-08, 8.02649964271e-08, 1.59779517617e-07, 2.1605551126e-07, 1.54859961299e-07, 1.20086212974e-07, 7.00018532029e-08, 1.62254792713e-07, 2.54839900293e-08, 2.8124912177e-08, 3.5732714565e-08, 1.64538409564e-08, 1.03039683452e-08, 4.08027656107e-09, 2.00953098606e-09, 3.21185122942e-09, 1.90654292354e-09, 1.05637587566e-09, 4.02014699308e-10, 4.52813758711e-10, 3.90772247894e-10, 4.64992461202e-10, 9.88811255098e-11, 3.16696183167e-11, 3.67170217841e-11, 6.6419696132e-11, 4.23144054518e-11, 5.22727035268e-11, 2.31687689867e-11, 1.28189871912e-11, 1.91929354354e-11, 2.32625446683e-11, 2.17011911913e-11, 4.45240858071e-11],
        "dvar2": [2.65439048235e-05, 4.46002886747e-05, 2.01142975129e-05, 8.35749324324e-06, 9.71925487647e-07, 2.37395056502e-07, 2.0473891027e-07, 1.94140966414e-07, 3.59709133591e-07, 4.96473774092e-07, 3.94315009089e-07, 2.94048930982e-07, 1.68048927662e-07, 3.86079051395e-07, 6.29929601814e-08, 6.72566642379e-08, 8.42473752982e-08, 4.27057784691e-08, 2.54072940464e-08, 9.25500565074e-09, 4.66755700756e-09, 7.90899790104e-09, 3.93688326383e-09, 2.18219642356e-09, 8.67810656668e-10, 1.13993137152e-09, 8.35498836782e-10, 1.09670128534e-09, 2.21658760791e-10, 7.06592145905e-11, 7.75344649595e-11, 1.68476524398e-10, 9.38250241389e-11, 1.40885497713e-10, 5.83185305603e-11, 3.14480975983e-11, 4.57026222422e-11, 5.13102164923e-11, 4.81289764986e-11, 1.02317612716e-10],
        "max": [0.0325003638864, 0.0427587628365, 0.0276522990316, 0.0143679976463, 0.00515683367848, 0.00361208058894, 0.00383603945374, 0.00343841174617, 0.00431987363845, 0.00477111851797, 0.00553068425506, 0.00621839752421, 0.00373492762446, 0.0061690704897, 0.00283882883377, 0.00229287776165, 0.00307193794288, 0.00190513324924, 0.00126040540636, 0.00099792086985, 0.000645867141429, 0.000530149030965, 0.000445389770903, 0.0003393557854, 0.000221944326768, 0.000259468302829, 0.000254628423136, 0.000249122822424, 0.000125069200294, 8.19715351099e-05, 9.82227356872e-05, 0.000177183566848, 0.000101196659671, 8.37441184558e-05, 6.35002215859e-05, 4.6046294301e-05, 5.63276989851e-05, 6.56028933008e-05, 6.99564334354e-05, 0.000106419938675],
        "mean": [0.00500079942867, 0.00187218491919, 0.000803997158073, 0.000272294302704, 0.000148713195813, 9.72367270151e-05, 9.3232774816e-05, 0.000100530000054, 0.000185876619071, 0.000198487774469, 0.000104448394268, 0.000118264462799, 0.000117428477097, 0.000126940401969, 7.21610995242e-05, 6.07153342571e-05, 8.36719627841e-05, 5.28243181179e-05, 5.0071226724e-05, 3.04228033201e-05, 1.98138986889e-05, 2.45977898885e-05, 2.63674410235e-05, 2.32099282584e-05, 1.19388287203e-05, 1.1330856978e-05, 1.29359750645e-05, 1.21606744869e-05, 6.64642220727e-06, 3.40543829225e-06, 2.83832923742e-06, 2.67565042122e-06, 3.05335970552e-06, 3.37782989845e-06, 3.12025304083e-06, 2.52794939115e-06, 2.39232690546e-06, 2.43225827035e-06, 2.19819480662e-06, 2.23394999921e-06],
        "median": [0.00508792791516, 0.000511121295858, 9.82926576398e-05, 3.56079799531e-05, 3.54882322426e-05, 1.86682755157e-05, 2.05556607398e-05, 1.89935690287e-05, 3.47224631696e-05, 2.86853937723e-05, 1.526487722e-05, 3.20781036862e-05, 2.57297633652e-05, 1.53689252329e-05, 1.45892590808e-05, 9.18291880225e-06, 9.23642892303e-06, 9.11216648092e-06, 6.47877959636e-06, 5.29922090209e-06, 3.54691155735e-06, 5.09814753968e-06, 5.71029886487e-06, 6.01689225732e-06, 4.00998897021e-06, 4.24299514634e-06, 4.41554357167e-06, 3.56141413249e-06, 1.93893015421e-06, 8.92156322152e-07, 5.93127026605e-07, 5.33790796453e-07, 7.03148543835e-07, 1.02730825802e-06, 1.21351138205e-06, 1.01710702438e-06, 7.90505794157e-07, 6.2723205474e-07, 6.00910993853e-07, 5.41960048395e-07],
        "min": [1.78973470159e-12, 1.53205378071e-12, 1.30481812421e-12, 1.21978859305e-12, 1.24261961398e-12, 1.3147252384e-12, 1.43390778851e-12, 1.67152500608e-12, 2.08855914334e-12, 2.22827789206e-12, 1.52331088282e-12, 5.92838441098e-13, 1.80945129756e-13, 1.47154153012e-13, 2.56074648248e-13, 2.56655997453e-13, 1.55662551534e-13, 7.72517629293e-14, 5.31230502567e-14, 7.66797717444e-14, 8.74289857633e-14, 1.19490368663e-13, 2.91044640645e-13, 1.61908138806e-13, 1.19320433525e-13, 1.53462895061e-13, 7.33975529551e-14, 6.40137153896e-14, 1.43103316198e-13, 2.00828177872e-13, 6.13856228761e-14, 2.86448924476e-13, 2.74568887591e-13, 2.80244116758e-13, 3.09636783444e-13, 3.1718066216e-13, 5.93074648094e-14, 6.9797656153e-14, 1.57038705634e-14, 6.68202336995e-14],
        "stdev": [0.00491529935971, 0.00419594952837, 0.00275996187702, 0.00126690720208, 0.000450091436505, 0.000266184390057, 0.000247060088441, 0.000280421547359, 0.000434514600784, 0.000505726668052, 0.000363689789083, 0.000361828337191, 0.000303727749269, 0.000471529085189, 0.000190544757061, 0.000173076317878, 0.000255671446212, 0.000127791790874, 0.000122841505799, 7.25551508367e-05, 5.04723138874e-05, 5.80924970564e-05, 5.57528801437e-05, 4.18659219577e-05, 2.37224230659e-05, 2.22982998821e-05, 2.35560219153e-05, 2.51568471867e-05, 1.2747062101e-05, 7.44986755308e-06, 7.86091095506e-06, 7.96319727669e-06, 7.74861837272e-06, 6.74596367389e-06, 5.16813406648e-06, 4.04031288781e-06, 4.68845928481e-06, 5.34708169653e-06, 5.09211122335e-06, 6.92873118169e-06],
        "var": [2.41601665039e-05, 1.7605991161e-05, 7.61739011068e-06, 1.60505396707e-06, 2.02582313591e-07, 7.08541278982e-08, 6.10386905464e-08, 7.86362406302e-08, 1.88802928847e-07, 2.55759459833e-07, 1.32270272957e-07, 1.30919744379e-07, 9.22505520862e-08, 2.22339664901e-07, 3.63073020537e-08, 2.99554123728e-08, 6.53678924323e-08, 1.63307429801e-08, 1.50900358875e-08, 5.26425036895e-09, 2.54745446959e-09, 3.37473804457e-09, 3.10838355055e-09, 1.75275527425e-09, 5.62753343925e-10, 4.97214214246e-10, 5.5488619255e-10, 6.32866925532e-10, 1.62487592825e-10, 5.55005277847e-11, 6.17939241443e-11, 6.34125044141e-11, 6.00410832163e-11, 4.55080279016e-11, 2.67096084833e-11, 1.63241295481e-11, 2.19816491398e-11, 2.85912838544e-11, 2.59295952765e-11, 4.80073168718e-11]
    },
    "melbands128": {
