{
"lowlevel": {
    "average_loudness": 0.980584740639,
    "barkbands_crest": {
        "dmean": 2.33393669128,
        "dmean2": 3.415402174,
        "dvar": 4.99598169327,
        "dvar2": 11.3040313721,
        "max": 21.8943595886,
        "mean": 12.9134054184,
        "median": 12.7946014404,
        "min": 3.10347628593,
        "stdev": 3.72163629532,
        "var": 13.8505764008
    },
    "barkbands_flatness_db": {
        "dmean": 0.038585383445,
        "dmean2": 0.0519386790693,
        "dvar": 0.00144003599416,
        "dvar2": 0.00248773186468,
        "max": 0.411960989237,
        "mean": 0.203301951289,
        "median": 0.194507211447,
        "min": 0.0349213033915,
        "stdev": 0.0711705237627,
        "var": 0.00506524369121
    },
    "barkbands_kurtosis": {
        "dmean": 7.41135787964,
        "dmean2": 11.6535959244,
        "dvar": 96.3631515503,
        "dvar2": 227.983520508,
        "max": 121.072219849,
        "mean": 13.676607132,
        "median": 9.92005348206,
        "min": -1.90441668034,
        "stdev": 14.1988725662,
        "var": 201.607971191
    },
    "barkbands_skewness": {
        "dmean": 0.816429197788,
        "dmean2": 1.25983893871,
        "dvar": 0.684453785419,
        "dvar2": 1.60836267471,
        "max": 9.34294033051,
        "mean": 2.8400747776,
        "median": 2.74982452393,
        "min": -0.808224260807,
        "stdev": 1.4137942791,
        "var": 1.9988142252
    },
    "barkbands_spread": {
        "dmean": 7.0549082756,
        "dmean2": 10.9434480667,
        "dvar": 106.124488831,
        "dvar2": 239.522003174,
        "max": 91.8039016724,
        "mean": 14.9453048706,
        "median": 11.5085582733,
        "min": 0.904279351234,
        "stdev": 13.2656478882,
        "var": 175.977401733
    },
    "dissonance": {
        "dmean": 0.0326317548752,
        "dmean2": 0.0525869168341,
        "dvar": 0.000807806965895,
        "dvar2": 0.00210481067188,
        "max": 0.499185621738,
        "mean": 0.43173366785,
        "median": 0.438382387161,
        "min": 0.171991109848,
        "stdev": 0.042298708111,
        "var": 0.0017891805619
    },
    "dynamic_complexity": 1.27751266956,
    "erbbands_crest": {
        "dmean": 3.13093233109,
        "dmean2": 4.92381858826,
        "dvar": 8.62971496582,
        "dvar2": 20.2128181458,
        "max": 26.7276515961,
        "mean": 10.6011371613,
        "median": 9.55867385864,
        "min": 3.04201364517,
        "stdev": 4.58978462219,
        "var": 21.0661220551
    },
    "erbbands_flatness_db": {
        "dmean": 0.0255561098456,
        "dmean2": 0.0377495475113,
        "dvar": 0.000597714795731,
        "dvar2": 0.00122121861205,
        "max": 0.320552885532,
        "mean": 0.151386722922,
        "median": 0.144890785217,
        "min": 0.0616583116353,
        "stdev": 0.045554254204,
        "var": 0.0020751899574
    },
    "erbbands_kurtosis": {
        "dmean": 2.01376533508,
        "dmean2": 3.14635944366,
        "dvar": 5.12786054611,
        "dvar2": 11.3999090195,
        "max": 27.3209514618,
        "mean": 2.21734523773,
        "median": 1.35204935074,
        "min": -1.86190569401,
        "stdev": 3.40030932426,
        "var": 11.5621042252
    },
    "erbbands_skewness": {
        "dmean": 0.55082243681,
        "dmean2": 0.849811255932,
        "dvar": 0.305587023497,
        "dvar2": 0.664635539055,
        "max": 4.00120830536,
        "mean": 1.09922194481,
        "median": 1.13078331947,
        "min": -2.38511443138,
        "stdev": 0.884528398514,
        "var": 0.782390534878
    },
    "erbbands_spread": {
        "dmean": 16.4123001099,
        "dmean2": 25.4822864532,
        "dvar": 314.194488525,
        "dvar2": 716.367736816,
        "max": 174.621017456,
        "mean": 46.5477867126,
        "median": 39.8395690918,
        "min": 4.57968235016,
        "stdev": 29.1960105896,
        "var": 852.406982422
    },
    "hfc": {
        "dmean": 14.1119632721,
        "dmean2": 22.5221195221,
        "dvar": 528.354858398,
        "dvar2": 1392.46533203,
        "max": 242.77583313,
        "mean": 27.8933048248,
        "median": 21.9068946838,
        "min": 0.000206720331335,
        "stdev": 23.7637329102,
        "var": 564.715026855
    },
    "loudness_ebu128": {
        "integrated": -9.36047744751,
        "loudness_range": 0.695502281189,
        "momentary": {
            "dmean": 0.343306064606,
            "dmean2": 0.455821156502,
            "dvar": 0.100026167929,
            "dvar2": 0.150283366442,
            "max": -8.15546035767,
            "mean": -9.415143013,
            "median": -9.28218650818,
            "min": -13.0416297913,
            "stdev": 0.718355715275,
            "var": 0.516034960747
        },
        "short_term": {
            "dmean": 0.0424061715603,
            "dmean2": 0.05447864905,
            "dvar": 0.000987169099972,
            "dvar2": 0.00147185847163,
            "max": -8.72260665894,
            "mean": -9.37521266937,
            "median": -9.35213279724,
            "min": -10.0550508499,
            "stdev": 0.252723097801,
            "var": 0.0638689622283
        }
    },
    "melbands_crest": {
        "dmean": 3.50697588921,
        "dmean2": 5.255900383,
        "dvar": 12.4652757645,
        "dvar2": 30.5879898071,
        "max": 36.8834495544,
        "mean": 21.2130718231,
        "median": 21.4809112549,
        "min": 5.31383752823,
        "stdev": 6.25926399231,
        "var": 39.1783828735
    },
    "melbands_flatness_db": {
        "dmean": 0.0456383675337,
        "dmean2": 0.0614185929298,
        "dvar": 0.00212281546555,
        "dvar2": 0.00382215227,
        "max": 0.539976656437,
        "mean": 0.295555561781,
        "median": 0.287371128798,
        "min": 0.0640402212739,
        "stdev": 0.0860272049904,
        "var": 0.00740067940205
    },
    "melbands_kurtosis": {
        "dmean": 18.1922950745,
        "dmean2": 28.8773536682,
        "dvar": 721.152770996,
        "dvar2": 1747.28063965,
        "max": 365.766235352,
        "mean": 34.7317352295,
        "median": 21.9370574951,
        "min": -1.09993624687,
        "stdev": 40.2904090881,
        "var": 1623.31713867
    },
    "melbands_skewness": {
        "dmean": 1.19726061821,
        "dmean2": 1.86022794247,
        "dvar": 1.61511397362,
        "dvar2": 3.92126011848,
        "max": 15.3848276138,
        "mean": 3.9973795414,
        "median": 3.59028720856,
        "min": -0.0599041320384,
        "stdev": 2.2246491909,
        "var": 4.94906377792
    },
    "melbands_spread": {
        "dmean": 5.60722589493,
        "dmean2": 8.49360179901,
        "dvar": 86.8068618774,
        "dvar2": 177.905578613,
        "max": 125.450805664,
        "mean": 11.6792612076,
        "median": 7.95975923538,
        "min": 0.794261097908,
        "stdev": 12.059510231,
        "var": 145.431793213
    },
    "pitch_salience": {
        "dmean": 0.0726258158684,
        "dmean2": 0.113678902388,
        "dvar": 0.0049686152488,
        "dvar2": 0.0114664072171,
        "max": 0.814768493176,
        "mean": 0.473166257143,
        "median": 0.465033739805,
        "min": 0.147302538157,
        "stdev": 0.118502020836,
        "var": 0.0140427295119
    },
    "silence_rate_20dB": {
        "dmean": 0,
        "dmean2": 0,
        "dvar": 0,
        "dvar2": 0,
        "max": 1,
        "mean": 1,
        "median": 1,
        "min": 1,
        "stdev": 0,
        "var": 0
    },
    "silence_rate_30dB": {
        "dmean": 0.0804953575134,
        "dmean2": 0.161115407944,
        "dvar": 0.074015788734,
        "dvar2": 0.173884749413,
        "max": 1,
        "mean": 0.922660470009,
        "median": 1,
        "min": 0,
        "stdev": 0.267129540443,
        "var": 0.0713581964374
    },
    "silence_rate_60dB": {
        "dmean": 0.00232198135927,
        "dmean2": 0.00387296662666,
        "dvar": 0.00231666048057,
        "dvar2": 0.00385779165663,
        "max": 1,
        "mean": 0.00464037107304,
        "median": 0,
        "min": 0,
        "stdev": 0.0679615586996,
        "var": 0.00461877323687
    },
    "spectral_centroid": {
        "dmean": 280.001922607,
        "dmean2": 432.74899292,
        "dvar": 173222.140625,
        "dvar2": 371477.34375,
        "max": 3681.10131836,
        "mean": 793.545471191,
        "median": 634.968078613,
        "min": 173.482315063,
        "stdev": 543.843933105,
        "var": 295766.21875
    },
    "spectral_complexity": {
        "dmean": 4.33746147156,
        "dmean2": 6.74283504486,
        "dvar": 29.3396282196,
        "dvar2": 61.2072753906,
        "max": 49,
        "mean": 14.065738678,
        "median": 12,
        "min": 0,
        "stdev": 7.13699769974,
        "var": 50.9367370605
    },
    "spectral_decrease": {
        "dmean": 3.38395977906e-09,
        "dmean2": 5.13900610954e-09,
        "dvar": 1.21809252157e-17,
        "dvar2": 2.95983321883e-17,
        "max": -8.33161176769e-13,
        "mean": -1.87098265769e-08,
        "median": -1.91836377894e-08,
        "min": -4.2840035519e-08,
        "stdev": 7.03348579378e-09,
        "var": 4.94699203455e-17
    },
    "spectral_energy": {
        "dmean": 0.0133797880262,
        "dmean2": 0.0205193385482,
        "dvar": 0.000191225059098,
        "dvar2": 0.0004729644279,
        "max": 0.164899706841,
        "mean": 0.0731452554464,
        "median": 0.0751334652305,
        "min": 3.16329078487e-06,
        "stdev": 0.0268576648086,
        "var": 0.000721334130503
    },
    "spectral_energyband_high": {
        "dmean": 0.00126469868701,
        "dmean2": 0.0020853173919,
        "dvar": 6.47356546324e-06,
        "dvar2": 1.72965610545e-05,
        "max": 0.0225940216333,
        "mean": 0.00148423667997,
        "median": 0.000669936707709,
        "min": 5.50243905995e-10,
        "stdev": 0.00250175176188,
        "var": 6.25876145932e-06
    },
    "spectral_energyband_low": {
        "dmean": 0.00968841463327,
        "dmean2": 0.0141935208812,
        "dvar": 0.000128342187963,
        "dvar2": 0.000305236375425,
        "max": 0.140386983752,
        "mean": 0.0446138195693,
        "median": 0.0450656376779,
        "min": 2.38056395574e-06,
        "stdev": 0.0251711830497,
        "var": 0.000633588409983
    },
    "spectral_energyband_middle_high": {
        "dmean": 0.00275292107835,
        "dmean2": 0.00430267537013,
        "dvar": 2.29642428167e-05,
        "dvar2": 5.56778431928e-05,
        "max": 0.0447315946221,
        "mean": 0.00416735373437,
        "median": 0.00169365096372,
        "min": 5.71478553368e-09,
        "stdev": 0.00577217526734,
        "var": 3.33180068992e-05
    },
    "spectral_energyband_middle_low": {
        "dmean": 0.0099179521203,
        "dmean2": 0.0159858111292,
        "dvar": 0.000160087016411,
        "dvar2": 0.000437112525105,
        "max": 0.114158444107,
        "mean": 0.0232701562345,
        "median": 0.0199973322451,
        "min": 2.45386843289e-07,
        "stdev": 0.014933232218,
        "var": 0.000223001421546
    },
    "spectral_entropy": {
        "dmean": 0.360643029213,
        "dmean2": 0.531683743,
        "dvar": 0.136833876371,
        "dvar2": 0.274713128805,
        "max": 8.72656822205,
        "mean": 7.23570203781,
        "median": 7.27940034866,
        "min": 5.47152471542,
        "stdev": 0.619047701359,
        "var": 0.383220046759
    },
    "spectral_flux": {
        "dmean": 0.0417347736657,
        "dmean2": 0.0610971413553,
        "dvar": 0.00156528980006,
        "dvar2": 0.00292648538016,
        "max": 0.351554453373,
        "mean": 0.115525521338,
        "median": 0.100653357804,
        "min": 0.00177856429946,
        "stdev": 0.0636413246393,
        "var": 0.00405021803454
    },
    "spectral_kurtosis": {
        "dmean": 2.91100788116,
        "dmean2": 4.47411108017,
        "dvar": 18.9209861755,
        "dvar2": 41.0243644714,
        "max": 75.194229126,
        "mean": 5.4248957634,
        "median": 3.29804515839,
        "min": -1.31392335892,
        "stdev": 6.75631284714,
        "var": 45.6477622986
    },
    "spectral_rms": {
        "dmean": 0.000800700101536,
        "dmean2": 0.00121815362945,
        "dvar": 7.190877227e-07,
        "dvar2": 1.66566701409e-06,
        "max": 0.0126837603748,
        "mean": 0.00826151575893,
        "median": 0.0085615972057,
        "min": 5.5553013226e-05,
        "stdev": 0.00176313600969,
        "var": 3.10864857056e-06
    },
    "spectral_rolloff": {
        "dmean": 379.86328125,
        "dmean2": 645.279968262,
        "dvar": 1048783,
        "dvar2": 2543600.5,
        "max": 10012.9394531,
        "mean": 642.298706055,
        "median": 366.064453125,
        "min": 43.06640625,
        "stdev": 1098.38110352,
        "var": 1206441.125
    },
    "spectral_skewness": {
        "dmean": 0.429301917553,
        "dmean2": 0.642657518387,
        "dvar": 0.222053170204,
        "dvar2": 0.447014570236,
        "max": 6.67879676819,
        "mean": 1.8826072216,
        "median": 1.76230192184,
        "min": 0.144660785794,
        "stdev": 0.807916045189,
        "var": 0.652728319168
    },
    "spectral_spread": {
        "dmean": 1283348.125,
        "dmean2": 1872032.625,
        "dvar": 2.30767381709e+12,
        "dvar2": 4.27696272179e+12,
        "max": 29272856,
        "mean": 6189285,
        "median": 6020150.5,
        "min": 1052762.75,
        "stdev": 2519386.25,
        "var": 6.34730735206e+12
    },
    "spectral_strongpeak": {
        "dmean": 0.218542918563,
        "dmean2": 0.381364166737,
        "dvar": 0.234778702259,
        "dvar2": 0.629977583885,
        "max": 4.406021595,
        "mean": 0.546254515648,
        "median": 0.386771559715,
        "min": 0,
        "stdev": 0.53129786253,
        "var": 0.282277405262
    },
    "zerocrossingrate": {
        "dmean": 0.0120966769755,
        "dmean2": 0.0137906363234,
        "dvar": 0.00018503931642,
        "dvar2": 0.00021143835329,
        "max": 0.27978515625,
        "mean": 0.0393056981266,
        "median": 0.03369140625,
        "min": 0.00048828125,
        "stdev": 0.0285329315811,
        "var": 0.000814128201455
    },
    "barkbands": {
        "dmean": [0.00280793453567, 0.00762446084991, 0.00328918662854, 0.00276931305416, 0.00473069306463, 0.00280939345248, 0.00181903480552, 0.00129355525132, 0.00146979023702, 0.000717420771252, 0.000982340076007, 0.000623907486442, 0.0002722585632, 0.000311680079903, 0.000230023157201, 0.000170913568581, 0.000145019090269, 0.000155450616148, 0.000178351401701, 0.000147914135596, 0.000121211305668, 0.00022690896003, 0.000466097437311, 0.00027472327929, 0.000189783168025, 6.38503188384e-05, 5.57386329092e-06],
        "dmean2": [0.00374656007625, 0.011212897487, 0.00559013755992, 0.00494528654963, 0.00764824869111, 0.00435097282752, 0.00300370343029, 0.00220684311353, 0.00234604277648, 0.00116695964243, 0.00158405653201, 0.00098600552883, 0.000444517441792, 0.000522803980857, 0.000381210469641, 0.000299489445752, 0.000241513582296, 0.000250463694101, 0.000285732880002, 0.00024665996898, 0.000202042851015, 0.000383382925065, 0.00083373876987, 0.000433279376011, 0.000297228078125, 0.000106202307506, 1.02137828435e-05],
        "dvar": [2.11660244531e-05, 0.000112906251161, 4.29395004176e-05, 3.50608570443e-05, 4.57690148323e-05, 2.08247238334e-05, 1.09758921099e-05, 1.32141940412e-05, 8.37000152387e-06, 3.58234524356e-06, 4.65180073661e-06, 1.98077054847e-06, 3.87227629517e-07, 5.13760369358e-07, 3.05494580743e-07, 5.90248703247e-07, 1.1761421348e-07, 9.48643190668e-08, 1.69691972474e-07, 2.1716998333e-07, 1.5541014875e-07, 2.7800805924e-07, 1.59602041094e-06, 2.39826533743e-07, 1.49735114974e-07, 6.69163640055e-08, 2.36081687532e-09],
        "dvar2": [4.04990751122e-05, 0.000288707349682, 0.000121006763948, 0.000102499187051, 0.000123791673104, 5.13241575391e-05, 2.57768824667e-05, 3.53778741555e-05, 1.9150240405e-05, 8.66163645696e-06, 1.10236733235e-05, 4.35788524555e-06, 9.22642186652e-07, 1.31320689434e-06, 7.80245443366e-07, 1.71104693436e-06, 3.16101534281e-07, 2.39249231981e-07, 4.23677477102e-07, 5.68033840409e-07, 4.04832576351e-07, 7.35361709303e-07, 4.51664527645e-06, 5.76718889533e-07, 3.81124550586e-07, 1.95976895156e-07, 6.99595492648e-09],
        "max": [0.0733411461115, 0.0926230028272, 0.0560380145907, 0.0612771324813, 0.0685044154525, 0.0476397164166, 0.0358437225223, 0.0403528027236, 0.028737699613, 0.0296729300171, 0.0215889606625, 0.0189416203648, 0.00876015983522, 0.00628181919456, 0.00509330257773, 0.01565281488, 0.00575969647616, 0.00404336955398, 0.00867417175323, 0.0067935870029, 0.00578517606482, 0.0057629593648, 0.0103936707601, 0.00759044848382, 0.005609607324, 0.00540309818462, 0.0012097976869],
        "mean": [0.00802328903228, 0.0315633937716, 0.00476791337132, 0.003326455364, 0.00805160496384, 0.00597745133564, 0.00253980187699, 0.00123530742712, 0.0018146460643, 0.000811494537629, 0.00121285452042, 0.000693944166414, 0.000293130084174, 0.00031727948226, 0.000244811584707, 0.000164200057043, 0.000163230200997, 0.000172747779288, 0.000211446502362, 0.000140227319207, 0.000115846538392, 0.000232078295085, 0.000399919634219, 0.000353519018972, 0.000238978551351, 7.55665532779e-05, 4.19791513195e-06],
        "median": [0.00505222007632, 0.0334430709481, 0.00219318340532, 0.00117820629384, 0.00543185556307, 0.00307914381847, 0.00119911902584, 0.000332630530465, 0.000429754465586, 0.000136949340231, 0.000265075243078, 6.60661971779e-05, 4.90265156259e-05, 8.1844322267e-05, 7.32737025828e-05, 5.67619790672e-05, 5.9628393501e-05, 5.57577805012e-05, 7.52958003432e-05, 3.29061294906e-05, 1.92498882825e-05, 7.08032821422e-05, 0.000101115947473, 0.000142409800901, 8.31174475024e-05, 2.96396592603e-05, 3.77677537244e-07],
        "min": [1.26439676507e-08, 5.26431335857e-07, 3.8733691099e-07, 1.37512898846e-07, 4.2621813634e-08, 4.14597209897e-08, 2.12148698608e-08, 1.57203650097e-09, 6.67286115252e-10, 1.37726108296e-09, 1.64708557904e-09, 9.91812187934e-10, 4.13249046094e-10, 5.45944844887e-10, 2.87458140624e-10, 1.80604337041e-10, 1.19044205049e-10, 1.38296485375e-10, 1.34768016191e-10, 8.69653585256e-11, 7.73909478169e-11, 8.58310852947e-11, 7.56491189136e-11, 9.54286302757e-11, 6.31140903429e-11, 5.89360574232e-11, 2.61011195296e-11],
        "stdev": [0.00863051228225, 0.0199163127691, 0.0067335520871, 0.00582342874259, 0.00889835692942, 0.00710350088775, 0.00381855200976, 0.00325010879897, 0.00357490731403, 0.00210059131496, 0.00243912008591, 0.00174633669667, 0.000763158604968, 0.000690070854034, 0.000557041901629, 0.000585846195463, 0.000315373297781, 0.000316864374327, 0.000424043100793, 0.000432552042184, 0.000389194872696, 0.000491115904879, 0.00102424283978, 0.000608942005783, 0.000436124799307, 0.000202321360121, 3.51980925188e-05],
        "var": [7.44857388781e-05, 0.000396659539547, 4.53407265013e-05, 3.3912321669e-05, 7.91807542555e-05, 5.04597228428e-05, 1.4581339201e-05, 1.05632070699e-05, 1.27799630718e-05, 4.41248357674e-06, 5.94930679654e-06, 3.04969171339e-06, 5.82411075811e-07, 4.76197783428e-07, 3.10295661166e-07, 3.43215759813e-07, 9.94603226445e-08, 1.00403035219e-07, 1.79812559509e-07, 1.8710126426e-07, 1.51472647758e-07, 2.411948401e-07, 1.04907337573e-06, 3.70810397499e-07, 1.90204829664e-07, 4.09339335761e-08, 1.23890564474e-09]
    },
    "erbbands": {
        "dmean": [0.423686504364, 1.26429665089, 3.1697678566, 7.2793340683, 9.67258358002, 18.9641036987, 22.4078865051, 24.154296875, 19.9883575439, 38.9403800964, 19.8202800751, 29.402633667, 30.3033790588, 23.7395305634, 34.757019043, 24.4776592255, 13.6876344681, 16.8543663025, 11.6187705994, 11.2312393188, 8.60844230652, 8.47022819519, 8.02194881439, 10.180018425, 7.36898946762, 6.85611581802, 5.04590845108, 4.99120283127, 6.5994811058, 13.983039856, 12.9992017746, 6.95012950897, 4.51909685135, 2.72631335258, 1.05904221535, 0.346642494202, 0.11039301753, 0.0212409906089, 0.000615584373008, 2.86723661702e-05],
        "dmean2": [0.568132996559, 1.95143735409, 5.27836418152, 12.9378671646, 16.3610496521, 30.7029438019, 34.4888954163, 37.0334205627, 32.6417617798, 63.7933235168, 33.8451194763, 46.6481285095, 47.7873306274, 36.9946365356, 55.9451179504, 38.3446807861, 21.6671943665, 27.7308750153, 19.4092388153, 19.4201259613, 14.7746829987, 13.920340538, 12.8347091675, 16.1267318726, 11.7132148743, 11.5906763077, 8.45561027527, 8.33840465546, 10.8049116135, 24.9685935974, 23.2834663391, 11.3159103394, 7.10485601425, 4.30618476868, 1.70472037792, 0.571363210678, 0.185583874583, 0.0375471375883, 0.00110750040039, 4.7109915613e-05],
        "dvar": [0.333017230034, 4.53310203552, 38.3430633545, 231.800338745, 318.55065918, 860.707824707, 1384.25183105, 1745.24804688, 1210.18737793, 9290.43847656, 2898.44360352, 3798.59790039, 4206.47558594, 3085.50244141, 5809.31689453, 2965.11816406, 858.399658203, 1525.11914062, 754.999084473, 1112.14038086, 1132.76977539, 390.433410645, 290.191375732, 345.320007324, 539.23614502, 538.382995605, 305.716430664, 238.542327881, 215.933990479, 1614.99328613, 1200.59313965, 170.197555542, 62.3817558289, 28.5140247345, 5.98275899887, 0.892938375473, 0.254528850317, 0.0200201682746, 2.69249485427e-05, 9.98404736663e-09],
        "dvar2": [0.690146028996, 12.3805074692, 104.680786133, 672.579650879, 861.333740234, 2357.16992188, 3104.0949707, 4281.82910156, 3000.24194336, 23100.875, 7874.54980469, 8741.328125, 10007.8447266, 7316.28759766, 14140.1591797, 6626.12011719, 1949.39257812, 3697.10498047, 1910.37426758, 3011.03076172, 3230.40209961, 1045.54003906, 746.369689941, 830.246582031, 1381.4239502, 1457.26806641, 776.188415527, 624.116394043, 550.078186035, 4586.484375, 3389.69287109, 430.433929443, 148.157241821, 68.5815200806, 16.4236030579, 2.52294063568, 0.750331163406, 0.0592816881835, 7.99278786872e-05, 2.94694064706e-08],
        "max": [5.63016176224, 18.4285354614, 61.5439414978, 143.019241333, 200.190155029, 324.605529785, 406.137115479, 501.293640137, 407.740020752, 1016.34283447, 825.687072754, 880.735717773, 694.985046387, 879.608520508, 733.764831543, 714.884887695, 393.977264404, 395.569152832, 273.174438477, 451.866119385, 738.664550781, 325.784179688, 174.428161621, 297.850341797, 519.314758301, 369.935302734, 290.460968018, 244.760253906, 197.188491821, 356.648742676, 289.164978027, 195.986068726, 89.9583892822, 69.0839691162, 36.6830863953, 17.5961437225, 10.7620353699, 2.76460528374, 0.124947451055, 0.00220264797099],
        "mean": [1.72886192799, 3.85289406776, 5.21876239777, 9.51277637482, 14.2978715897, 31.8142738342, 37.6114501953, 50.9784355164, 34.1401367188, 49.6628341675, 19.9594936371, 35.6887130737, 40.0181427002, 31.5416507721, 43.1215324402, 28.0473098755, 16.5922527313, 17.8999519348, 12.8295536041, 11.1249046326, 9.32660579681, 9.66789531708, 8.90792179108, 12.6999969482, 8.15299510956, 6.53151512146, 4.93066310883, 4.93540239334, 7.2172369957, 11.6575222015, 11.2453947067, 8.15587425232, 5.74002122879, 3.45989513397, 1.2223957777, 0.417289912701, 0.125293403864, 0.0197336059064, 0.00057697982993, 0.000101412188087],
        "median": [1.81671786308, 3.40746712685, 2.85298800468, 4.3458070755, 8.46202945709, 18.6281166077, 19.7635478973, 22.8918876648, 15.1097135544, 20.8981323242, 5.98061943054, 8.91860866547, 9.05458641052, 8.51033878326, 9.4770898819, 3.25885438919, 2.88152933121, 4.48987007141, 4.10111761093, 3.5054192543, 3.67660999298, 3.50717782974, 3.00441503525, 4.63174581528, 2.55745458603, 1.65596175194, 0.798098623753, 1.01930999756, 2.26875948906, 2.65927624702, 2.8746972084, 3.09939265251, 2.26295542717, 1.10261332989, 0.429447591305, 0.161813735962, 0.0420461595058, 0.00485017616302, 0.000168182494235, 9.80530676316e-05],
        "min": [3.93475384044e-05, 0.000231225931202, 0.000463113887236, 0.000491407292429, 0.000281447632005, 9.79750693659e-05, 0.000175039356691, 0.000383212114684, 0.00037652530591, 0.000155175162945, 1.9642557163e-05, 1.47819982885e-05, 3.39486286975e-05, 5.85917805438e-05, 6.27949339105e-05, 3.47088171111e-05, 1.66052868735e-05, 3.36020275427e-05, 1.43943325384e-05, 1.86770666915e-05, 8.49556090543e-06, 7.50736307964e-06, 7.73357533035e-06, 8.45001795824e-06, 5.05326534039e-06, 3.94419612348e-06, 3.5674800074e-06, 2.70314353656e-06, 2.77336334875e-06, 2.56506086771e-06, 2.39264386437e-06, 2.19143748836e-06, 1.39912515351e-06, 8.18373564471e-07, 4.09639540067e-07, 2.26311485108e-07, 1.10780142393e-07, 3.68243675553e-08, 9.54710444034e-09, 4.22476320594e-09],
        "stdev": [1.2000644207, 2.90978527069, 6.65770626068, 14.7387952805, 18.8515586853, 39.8979454041, 51.1491088867, 67.2641143799, 45.8363494873, 97.1385498047, 48.0207977295, 72.7929077148, 85.854598999, 63.9163703918, 84.2445983887, 67.8144226074, 38.9905166626, 39.7858657837, 27.4664764404, 29.7106933594, 26.7001018524, 18.4538917542, 16.8567962646, 21.341255188, 22.4105606079, 20.5005607605, 17.7968826294, 14.6302566528, 14.7132806778, 32.1815872192, 28.0847644806, 14.8609189987, 9.81720161438, 6.49280261993, 2.32653975487, 0.831659913063, 0.386444866657, 0.103398673236, 0.00375682651065, 8.0201360106e-05],
        "var": [1.44015455246, 8.46685028076, 44.3250541687, 217.232086182, 355.381256104, 1591.84606934, 2616.23120117, 4524.4609375, 2100.97094727, 9435.89746094, 2305.99707031, 5298.80761719, 7371.01171875, 4085.30249023, 7097.15234375, 4598.79589844, 1520.26037598, 1582.91516113, 754.407287598, 882.725341797, 712.895446777, 340.546112061, 284.151611328, 455.449157715, 502.233184814, 420.273010254, 316.729003906, 214.044403076, 216.480636597, 1035.65466309, 788.753967285, 220.846908569, 96.3774490356, 42.1564865112, 5.4127869606, 0.691658198833, 0.1493396312, 0.0106912851334, 1.41137461469e-05, 6.43225872565e-09]
    },
    "gfcc": {
        "mean": [18.666425705, 100.073135376, -69.1908035278, 32.6210746765, -60.850227356, 22.2777481079, -42.2758636475, 15.1419057846, -18.8901500702, 1.5977691412, -5.58246183395, 9.52914524078, -6.92277526855],
        "cov": [[3647.47412109, -1668.77307129, -330.036865234, 68.5230865479, -442.622039795, 505.166656494, -238.021087646, 293.161193848, -133.048233032, 54.3735198975, -189.43951416, 163.732757568, -330.500427246], [-1668.77307129, 1554.97375488, -20.5398101807, -251.63873291, 430.606414795, -227.241973877, 369.537322998, -82.0104522705, 177.766769409, -85.809677124, 180.195022583, -35.5282363892, 192.512878418], [-330.036865234, -20.5398101807, 834.241760254, 241.95614624, 30.4928741455, 97.31640625, -58.0259590149, 36.9364852905, 50.0434570312, 46.2970275879, 5.91755867004, 26.2659416199, 47.7024688721], [68.5230865479, -251.63873291, 241.95614624, 537.317565918, 0.409653782845, -46.3402442932, -76.8094558716, -44.7073860168, 33.443321228, 72.1294021606, 10.6410713196, -10.1527147293, 44.4936752319], [-442.622039795, 430.606414795, 30.4928741455, 0.409653782845, 420.05859375, 11.125084877, 95.0187301636, 12.1668987274, 76.8893585205, 20.136674881, 52.2082061768, -5.65077877045, 54.1154823303], [505.166656494, -227.241973877, 97.31640625, -46.3402442932, 11.125084877, 341.699676514, 62.6715049744, 99.5968704224, 12.6882886887, 7.56329202652, 2.96288371086, 46.0437698364, -43.4561805725], [-238.021087646, 369.537322998, -58.0259590149, -76.8094558716, 95.0187301636, 62.6715049744, 420.540740967, 91.2871856689, 46.5159950256, 25.4017276764, 113.239639282, 92.3557739258, 95.0142059326], [293.161193848, -82.0104522705, 36.9364852905, -44.7073860168, 12.1668987274, 99.5968704224, 91.2871856689, 219.359695435, 26.0758991241, 0.388106793165, 38.6487884521, 54.7900466919, -3.33202552795], [-133.048233032, 177.766769409, 50.0434570312, 33.443321228, 76.8893585205, 12.6882886887, 46.5159950256, 26.0758991241, 177.855133057, 64.2981491089, 68.8462142944, 40.9179763794, 65.5068359375], [54.3735198975, -85.809677124, 46.2970275879, 72.1294021606, 20.136674881, 7.56329202652, 25.4017276764, 0.388106793165, 64.2981491089, 196.796295166, 58.4092254639, 24.7165794373, 67.1325912476], [-189.43951416, 180.195022583, 5.91755867004, 10.6410713196, 52.2082061768, 2.96288371086, 113.239639282, 38.6487884521, 68.8462142944, 58.4092254639, 176.706298828, 63.6036071777, 78.9611434937], [163.732757568, -35.5282363892, 26.2659416199, -10.1527147293, -5.65077877045, 46.0437698364, 92.3557739258, 54.7900466919, 40.9179763794, 24.7165794373, 63.6036071777, 177.063980103, 57.2760810852], [-330.500427246, 192.512878418, 47.7024688721, 44.4936752319, 54.1154823303, -43.4561805725, 95.0142059326, -3.33202552795, 65.5068359375, 67.1325912476, 78.9611434937, 57.2760810852, 191.743637085]],
        "icov": [[0.00095736811636, 0.000226324715186, 0.000714574940503, -0.000477131805383, 0.000446806632681, -0.00106789183337, 0.000491501647048, -0.00100536923856, 0.000150551335537, -0.000674449955113, 0.000743125856388, -0.00114013662096, 0.000945988227613], [0.000226324715186, 0.00437822658569, -0.00104349735193, 0.00237515731715, -0.00263079442084, 0.00274614593945, -0.00329400948249, 0.0024005533196, -0.00353524158709, 0.00371494865976, -0.0022774185054, 0.00264303968288, -0.00120292673819], [0.000714574940503, -0.00104349735193, 0.00241112546064, -0.00172663142439, 0.00100059015676, -0.00219928147271, 0.00168699224014, -0.00177330791485, 0.000965828541666, -0.00152959907427, 0.00140124198515, -0.00175673095509, 0.000585872796364], [-0.000477131805383, 0.00237515731715, -0.00172663142439, 0.00404784688726, -0.00174909259658, 0.00260304496624, -0.00189605238847, 0.0023309586104, -0.00223694345914, 0.00191011675633, -0.00188306183554, 0.00234760367312, -0.00148353469558], [0.000446806632681, -0.00263079442084, 0.00100059015676, -0.00174909259658, 0.00473585259169, -0.00250490917824, 0.00182219827548, -0.0020155638922, 0.00123823108152, -0.00250784656964, 0.00161579204723, -0.00154679524712, 0.00097782840021], [-0.00106789183337, 0.00274614593945, -0.00219928147271, 0.00260304496624, -0.00250490917824, 0.00717676104978, -0.00345841306262, 0.0017420676304, -0.00280977203511, 0.00288047362119, -0.0021043214947, 0.00249941251241, -0.000505854259245], [0.000491501647048, -0.00329400948249, 0.00168699224014, -0.00189605238847, 0.00182219827548, -0.00345841306262, 0.00661629810929, -0.00349221983925, 0.00331323640421, -0.00315297651105, 0.000952582864556, -0.00361915607937, 0.000198151348741], [-0.00100536923856, 0.0024005533196, -0.00177330791485, 0.0023309586104, -0.0020155638922, 0.0017420676304, -0.00349221983925, 0.00869514141232, -0.00287004327402, 0.00336130592041, -0.0029875356704, 0.00199970020913, -0.00096094905166], [0.000150551335537, -0.00353524158709, 0.000965828541666, -0.00223694345914, 0.00123823108152, -0.00280977203511, 0.00331323640421, -0.00287004327402, 0.01086424198, -0.00476796925068, 0.000513583130669, -0.0032617142424, 0.000130311207613], [-0.000674449955113, 0.00371494865976, -0.00152959907427, 0.00191011675633, -0.00250784656964, 0.00288047362119, -0.00315297651105, 0.00336130592041, -0.00476796925068, 0.0105681400746, -0.00399158755317, 0.00367294345051, -0.00349822407588], [0.000743125856388, -0.0022774185054, 0.00140124198515, -0.00188306183554, 0.00161579204723, -0.0021043214947, 0.000952582864556, -0.0029875356704, 0.000513583130669, -0.00399158755317, 0.0109469266608, -0.00395822431892, 9.53406197368e-05], [-0.00114013662096, 0.00264303968288, -0.00175673095509, 0.00234760367312, -0.00154679524712, 0.00249941251241, -0.00361915607937, 0.00199970020913, -0.0032617142424, 0.00367294345051, -0.00395822431892, 0.0110711734742, -0.00374411535449], [0.000945988227613, -0.00120292673819, 0.000585872796364, -0.00148353469558, 0.00097782840021, -0.000505854259245, 0.000198151348741, -0.00096094905166, 0.000130311207613, -0.00349822407588, 9.53406197368e-05, -0.00374411535449, 0.0100060170516]]
    },
    "melbands": {
        "dmean": [0.0027864028234, 0.00143519137055, 0.00118831766304, 0.001007256913, 0.000778920715675, 0.000529608048964, 0.000323219690472, 0.000403621583246, 0.000156709764269, 0.000202815950615, 0.000151257627294, 9.36278083827e-05, 0.000138832343509, 6.74462426105e-05, 5.27583324583e-05, 2.64790833171e-05, 3.2186977478e-05, 1.91317176359e-05, 1.67805956153e-05, 1.29109321279e-05, 9.59621957008e-06, 8.93423111847e-06, 8.6546087914e-06, 7.07514027454e-06, 8.97969584912e-06, 5.83815653954e-06, 5.49906962988e-06, 4.41212614533e-06, 3.33565253641e-06, 2.77519734482e-06, 2.99890302813e-06, 3.42166731571e-06, 5.36096104042e-06, 8.34438924358e-06, 7.71369286667e-06, 6.14775490249e-06, 3.75370905203e-06, 3.21690527016e-06, 3.24348593495e-06, 2.13773842006e-06],
        "dmean2": [0.00385329453275, 0.00225740112364, 0.00207653432153, 0.00163086946122, 0.00121685920749, 0.000816802028567, 0.000528579053935, 0.000666704436298, 0.000268069386948, 0.000322894746205, 0.000239197455812, 0.0001461700449, 0.000223567330977, 0.000112292793347, 7.89225232438e-05, 4.29941392213e-05, 5.36824154551e-05, 3.24733846355e-05, 2.90954703814e-05, 2.22930593736e-05, 1.65183719218e-05, 1.49088873513e-05, 1.42576818689e-05, 1.12927609734e-05, 1.42763901749e-05, 9.35538901103e-06, 9.0820431069e-06, 7.55595692681e-06, 5.63784124097e-06, 4.60610181108e-06, 5.02592456542e-06, 5.59807631362e-06, 9.07398407435e-06, 1.50921232489e-05, 1.39723633765e-05, 1.04411192297e-05, 5.94692573941e-06, 5.18929209647e-06, 5.00904070577e-06, 3.43276587955e-06],
        "dvar": [1.36453645609e-05, 6.07610627412e-06, 6.03846956437e-06, 2.34920594266e-06, 1.37141569212e-06, 7.95557241418e-07, 2.84804002604e-07, 1.03677643892e-06, 1.71968864038e-07, 1.66378640643e-07, 1.06615452466e-07, 5.32096819938e-08, 9.3821412861e-08, 2.91212014503e-08, 1.38677416217e-08, 3.64409391551e-09, 5.62965496442e-09, 2.1623676183e-09, 1.88071846985e-09, 3.02053915213e-09, 1.19988396996e-09, 5.2878240675e-10, 3.9538591845e-10, 1.87389367912e-10, 2.65260646781e-10, 2.57513566027e-10, 3.25424437397e-10, 2.67624117312e-10, 1.41287107014e-10, 1.09149932148e-10, 7.79387387961e-11, 6.35124661197e-11, 1.51879231414e-10, 6.16676487653e-10, 4.70314176493e-10, 1.66365018983e-10, 5.37385171084e-11, 3.24237026117e-11, 3.66626312642e-11, 1.9603520196e-11],
        "dvar2": [3.1000465242e-05, 1.58865077537e-05, 1.73402331711e-05, 6.29723672319e-06, 3.23335439134e-06, 1.97686836145e-06, 6.96764459462e-07, 2.62268804363e-06, 4.56452170283e-07, 3.81546698236e-07, 2.55726178011e-07, 1.27482692847e-07, 2.19662723566e-07, 7.16930088629e-08, 2.62125983141e-08, 8.29091195698e-09, 1.39248701458e-08, 5.45283018738e-09, 5.05099828629e-09, 8.69877947451e-09, 3.39815620087e-09, 1.45369383198e-09, 1.02037989169e-09, 4.67211491717e-10, 6.32857433125e-10, 6.54092668917e-10, 8.1744316871e-10, 7.34944050063e-10, 3.61177726615e-10, 2.86585366549e-10, 2.05994277191e-10, 1.62183974584e-10, 4.07416683723e-10, 1.75902103994e-09, 1.33030642058e-09, 4.53485082819e-10, 1.32462985025e-10, 7.67303234839e-11, 8.60619214782e-11, 4.99166402657e-11],
        "max": [0.0383240245283, 0.0257612317801, 0.0264272224158, 0.0155266690999, 0.0119476402178, 0.010881385766, 0.00620510382578, 0.00949212070554, 0.00688105495647, 0.00543903000653, 0.00343289552256, 0.00336885266006, 0.0031907374505, 0.00240565603599, 0.00244122487493, 0.000597905658651, 0.00069100339897, 0.000486738892505, 0.000381764228223, 0.00102788361255, 0.000756252557039, 0.00041257054545, 0.000274955556961, 0.000190924969502, 0.000234465434914, 0.000354610936483, 0.00035116658546, 0.000231656522374, 0.000192543127923, 0.000164014389156, 0.000144424164318, 0.000114800415759, 0.000119537638966, 0.000236922700424, 0.000187013152754, 0.000122999947052, 0.000127400286146, 6.49986031931e-05, 7.37592345104e-05, 6.31967850495e-05],
        "mean": [0.0116796018556, 0.00325139472261, 0.00169854646083, 0.00172219437081, 0.00136274960823, 0.00112983153667, 0.000538530526683, 0.000495452259202, 0.000150026680785, 0.000247861928074, 0.000196803084691, 0.000118327217933, 0.000175185632543, 6.96835486451e-05, 6.40225334791e-05, 2.81933953374e-05, 3.31085320795e-05, 2.00509821298e-05, 1.69584527612e-05, 1.19590777103e-05, 1.03877900983e-05, 1.01294726846e-05, 8.5743577074e-06, 7.96828771854e-06, 1.09623988465e-05, 6.50940046398e-06, 5.31135310666e-06, 4.02812520406e-06, 3.19465902976e-06, 2.61768445853e-06, 2.88711066787e-06, 3.74162686967e-06, 5.20264939041e-06, 6.62607772028e-06, 6.18189233137e-06, 6.24027234153e-06, 4.50462221124e-06, 3.88225225834e-06, 3.97449275624e-06, 2.54717087955e-06],
        "median": [0.012517654337, 0.00257183937356, 0.000945389154367, 0.00109908741433, 0.000760933849961, 0.000532868143637, 0.000248995551374, 0.000205102929613, 3.49178044416e-05, 6.00784078415e-05, 4.24031968578e-05, 3.06712718157e-05, 3.87405489164e-05, 7.81600920163e-06, 6.94598111295e-06, 4.51492633147e-06, 8.26758878247e-06, 5.95074970988e-06, 4.8791489462e-06, 3.41873828802e-06, 4.16952707383e-06, 3.52195252162e-06, 2.34067124438e-06, 2.79428036265e-06, 3.79483344659e-06, 1.92685570255e-06, 1.22849132822e-06, 8.85569704678e-07, 4.55867905202e-07, 3.35386459938e-07, 5.80107837322e-07, 1.11969529826e-06, 1.49651702941e-06, 1.18103969271e-06, 1.23670872654e-06, 1.87130410723e-06, 1.6348265035e-06, 1.3934530898e-06, 1.25257156469e-06, 7.11398172371e-07],
        "min": [1.37395019806e-07, 2.57942872395e-07, 7.87970364513e-08, 1.18690319795e-08, 5.41391731446e-09, 8.52639292503e-09, 5.43135270092e-09, 1.30936850251e-09, 8.54124340699e-11, 1.01345008774e-10, 1.710779296e-10, 2.31520663752e-10, 2.22616911016e-10, 1.33176095152e-10, 3.96077164122e-11, 5.38578313891e-11, 6.08513101019e-11, 2.3287226314e-11, 2.15029816869e-11, 1.8826024073e-11, 8.29738968505e-12, 8.83198982699e-12, 5.51094369791e-12, 6.30990138611e-12, 7.26643224758e-12, 3.73582848684e-12, 3.4067581655e-12, 2.4259123356e-12, 2.13180623328e-12, 1.84189122288e-12, 1.54773893354e-12, 1.47989639206e-12, 1.77703826047e-12, 1.20803063733e-12, 1.35428723357e-12, 1.43443525287e-12, 1.28185493904e-12, 1.11450226218e-12, 7.1342747248e-13, 6.53059258147e-13],
        "stdev": [0.00769196683541, 0.00290760560893, 0.0023758134339, 0.00205329456367, 0.00162693299353, 0.00142237660475, 0.000693525653332, 0.00100612593815, 0.000378620548872, 0.000492239079904, 0.000429708015872, 0.000257332139881, 0.000349835027009, 0.000176385990926, 0.00017996749375, 6.99591473676e-05, 7.40799732739e-05, 4.58422509837e-05, 3.93710179196e-05, 4.32472515968e-05, 2.78874722426e-05, 2.07168486668e-05, 1.89071397472e-05, 1.45874892041e-05, 1.88575922948e-05, 1.58364127856e-05, 1.72674317582e-05, 1.40653655762e-05, 1.19058540804e-05, 1.00868664958e-05, 8.21306002763e-06, 7.96485619503e-06, 1.11842064143e-05, 1.97671070055e-05, 1.71694191522e-05, 1.23990748762e-05, 8.58807834447e-06, 6.9238881224e-06, 7.42999418435e-06, 5.04367562826e-06],
        "var": [5.91663520026e-05, 8.45417071105e-06, 5.64448919249e-06, 4.21601862399e-06, 2.64691107077e-06, 2.02315504794e-06, 4.80977803363e-07, 1.01228943095e-06, 1.43353517501e-07, 2.42299307729e-07, 1.84648968116e-07, 6.62198331725e-08, 1.22384548717e-07, 3.11120160745e-08, 3.23882964892e-08, 4.89428231276e-09, 5.48784262477e-09, 2.10151207547e-09, 1.55007717773e-09, 1.87032478394e-09, 7.77711062216e-10, 4.29187851925e-10, 3.57479962299e-10, 2.12794851184e-10, 3.55608792413e-10, 2.50791942769e-10, 2.98164187784e-10, 1.97834512661e-10, 1.41749362248e-10, 1.01744869474e-10, 6.74543615409e-11, 6.3438934661e-11, 1.25086468961e-10, 3.90738497114e-10, 2.94788943256e-10, 1.53737064745e-10, 7.37550923113e-11, 4.79402247067e-11, 5.52048129432e-11, 2.54386615939e-11]
    },
    "melbands128": {
