{
"lowlevel": {
    "average_loudness": 0.98494207859,
    "barkbands_crest": {
        "dmean": 3.37754416466,
        "dmean2": 5.41500711441,
        "dvar": 8.48176574707,
        "dvar2": 21.4060649872,
        "max": 24.7575740814,
        "mean": 12.9267148972,
        "median": 12.8276586533,
        "min": 2.16867589951,
        "stdev": 4.59952974319,
        "var": 21.1556720734
    },
    "barkbands_flatness_db": {
        "dmean": 0.0395445041358,
        "dmean2": 0.0566959269345,
        "dvar": 0.00135614618193,
        "dvar2": 0.00262742047198,
        "max": 0.449542611837,
        "mean": 0.177537739277,
        "median": 0.171157509089,
        "min": 0.0276118535548,
        "stdev": 0.0676852166653,
        "var": 0.00458128843457
    },
    "barkbands_kurtosis": {
        "dmean": 12.7276496887,
        "dmean2": 20.0344200134,
        "dvar": 721.33782959,
        "dvar2": 1736.96691895,
        "max": 397.061096191,
        "mean": 16.1997909546,
        "median": 5.41852760315,
        "min": -1.95655524731,
        "stdev": 32.3507003784,
        "var": 1046.56787109
    },
    "barkbands_skewness": {
        "dmean": 1.25608587265,
        "dmean2": 1.82612681389,
        "dvar": 1.81202602386,
        "dvar2": 3.65521526337,
        "max": 15.2308912277,
        "mean": 2.87669181824,
        "median": 2.3586294651,
        "min": -2.56595253944,
        "stdev": 2.24295473099,
        "var": 5.03084564209
    },
    "barkbands_spread": {
        "dmean": 12.7978534698,
        "dmean2": 19.5224552155,
        "dvar": 240.488433838,
        "dvar2": 512.071777344,
        "max": 121.415054321,
        "mean": 29.8886432648,
        "median": 23.6008243561,
        "min": 0.45345801115,
        "stdev": 24.5009021759,
        "var": 600.294250488
    },
    "dissonance": {
        "dmean": 0.0260361302644,
        "dmean2": 0.0405621193349,
        "dvar": 0.000660231453367,
        "dvar2": 0.001482920954,
        "max": 0.499856114388,
        "mean": 0.4463801682,
        "median": 0.459112882614,
        "min": 0.189059332013,
        "stdev": 0.0454856529832,
        "var": 0.00206894450821
    },
    "dynamic_complexity": 1.63849914074,
    "erbbands_crest": {
        "dmean": 3.41810297966,
        "dmean2": 5.59315729141,
        "dvar": 9.5387430191,
        "dvar2": 22.1486606598,
        "max": 32.6005554199,
        "mean": 9.35272216797,
        "median": 8.29943180084,
        "min": 2.78868341446,
        "stdev": 4.55045747757,
        "var": 20.7066650391
    },
    "erbbands_flatness_db": {
        "dmean": 0.0233035217971,
        "dmean2": 0.0350482091308,
        "dvar": 0.000418452342274,
        "dvar2": 0.000858833373059,
        "max": 0.259592235088,
        "mean": 0.125533565879,
        "median": 0.119408339262,
        "min": 0.0492603369057,
        "stdev": 0.0330996587873,
        "var": 0.0010955875041
    },
    "erbbands_kurtosis": {
        "dmean": 2.07717418671,
        "dmean2": 3.29113125801,
        "dvar": 14.9345397949,
        "dvar2": 29.9449520111,
        "max": 66.9078674316,
        "mean": 1.21671450138,
        "median": -0.238771677017,
        "min": -1.8624676466,
        "stdev": 4.78080224991,
        "var": 22.8560714722
    },
    "erbbands_skewness": {
        "dmean": 0.669054746628,
        "dmean2": 0.982422709465,
        "dvar": 0.488614678383,
        "dvar2": 0.88759303093,
        "max": 5.4829158783,
        "mean": 0.132780492306,
        "median": 0.236641347408,
        "min": -6.73789024353,
        "stdev": 1.26542651653,
        "var": 1.60130441189
    },
    "erbbands_spread": {
        "dmean": 22.2375335693,
        "dmean2": 34.2924003601,
        "dvar": 481.59475708,
        "dvar2": 1064.90527344,
        "max": 181.744491577,
        "mean": 64.8578948975,
        "median": 60.2712974548,
        "min": 4.48746442795,
        "stdev": 33.1985282898,
        "var": 1102.14233398
    },
    "hfc": {
        "dmean": 24.3590431213,
        "dmean2": 35.2904090881,
        "dvar": 1591.35705566,
        "dvar2": 3319.25317383,
        "max": 437.866760254,
        "mean": 44.6361885071,
        "median": 28.7201519012,
        "min": 0.00113589642569,
        "stdev": 53.607875824,
        "var": 2873.80419922
    },
    "loudness_ebu128": {
        "integrated": -7.83682060242,
        "loudness_range": 0.822374343872,
        "momentary": {
            "dmean": 0.489890635014,
            "dmean2": 0.706306815147,
            "dvar": 0.152358144522,
            "dvar2": 0.308439224958,
            "max": -6.03195810318,
            "mean": -7.9152674675,
            "median": -7.87394142151,
            "min": -10.9701166153,
            "stdev": 0.839231550694,
            "var": 0.704309642315
        },
        "short_term": {
            "dmean": 0.0730579942465,
            "dmean2": 0.105610430241,
            "dvar": 0.00257296022028,
            "dvar2": 0.00629217131063,
            "max": -7.29742670059,
            "mean": -7.87361001968,
            "median": -7.83958339691,
            "min": -8.70114326477,
            "stdev": 0.299765110016,
            "var": 0.0898591130972
        }
    },
    "melbands_crest": {
        "dmean": 4.10406494141,
        "dmean2": 6.92051506042,
        "dvar": 13.7107744217,
        "dvar2": 37.9070167542,
        "max": 36.4098701477,
        "mean": 19.0423526764,
        "median": 19.1643276215,
        "min": 3.90870380402,
        "stdev": 5.34438419342,
        "var": 28.5624446869
    },
    "melbands_flatness_db": {
        "dmean": 0.0477283634245,
        "dmean2": 0.0678948685527,
        "dvar": 0.00205985386856,
        "dvar2": 0.00375749636441,
        "max": 0.597243487835,
        "mean": 0.260728061199,
        "median": 0.255783379078,
        "min": 0.0348265506327,
        "stdev": 0.0870161503553,
        "var": 0.00757180992514
    },
    "melbands_kurtosis": {
        "dmean": 39.0708465576,
        "dmean2": 59.1592941284,
        "dvar": 3145.58105469,
        "dvar2": 6701.72900391,
        "max": 576.070007324,
        "mean": 57.7446708679,
        "median": 27.977678299,
        "min": -1.74782121181,
        "stdev": 75.8262023926,
        "var": 5749.61328125
    },
    "melbands_skewness": {
        "dmean": 2.03921508789,
        "dmean2": 3.00015878677,
        "dvar": 4.30985593796,
        "dvar2": 8.78979682922,
        "max": 22.0054016113,
        "mean": 5.34544467926,
        "median": 4.45923423767,
        "min": -0.323950797319,
        "stdev": 3.37863898277,
        "var": 11.4152011871
    },
    "melbands_spread": {
        "dmean": 12.2142333984,
        "dmean2": 18.47032547,
        "dvar": 490.558929443,
        "dvar2": 1103.90795898,
        "max": 263.098236084,
        "mean": 21.090007782,
        "median": 12.9235963821,
        "min": 0.359157651663,
        "stdev": 27.0092086792,
        "var": 729.497314453
    },
    "pitch_salience": {
        "dmean": 0.0914964973927,
        "dmean2": 0.14744053781,
        "dvar": 0.00664231367409,
        "dvar2": 0.0165830757469,
        "max": 0.787408530712,
        "mean": 0.440691351891,
        "median": 0.435416311026,
        "min": 0.13396205008,
        "stdev": 0.120639681816,
        "var": 0.0145539334044
    },
    "silence_rate_20dB": {
        "dmean": 0,
        "dmean2": 0,
        "dvar": 0,
        "dvar2": 0,
        "max": 1,
        "mean": 1,
        "median": 1,
        "min": 1,
        "stdev": 0,
        "var": 0
    },
    "silence_rate_30dB": {
        "dmean": 0.105263158679,
        "dmean2": 0.210689380765,
        "dvar": 0.0941818803549,
        "dvar2": 0.169396981597,
        "max": 1,
        "mean": 0.872389793396,
        "median": 1,
        "min": 0,
        "stdev": 0.333652853966,
        "var": 0.111324228346
    },
    "silence_rate_60dB": {
        "dmean": 0,
        "dmean2": 0,
        "dvar": 0,
        "dvar2": 0,
        "max": 0,
        "mean": 0,
        "median": 0,
        "min": 0,
        "stdev": 0,
        "var": 0
    },
    "spectral_centroid": {
        "dmean": 519.349121094,
        "dmean2": 771.418945312,
        "dvar": 374459.28125,
        "dvar2": 723413,
        "max": 6265.734375,
        "mean": 1609.66430664,
        "median": 1388.63305664,
        "min": 127.529220581,
        "stdev": 1046.40881348,
        "var": 1094971.375
    },
    "spectral_complexity": {
        "dmean": 5.26161003113,
        "dmean2": 7.2997674942,
        "dvar": 40.7518692017,
        "dvar2": 59.1965827942,
        "max": 60,
        "mean": 14.8213453293,
        "median": 12,
        "min": 0,
        "stdev": 10.6822090149,
        "var": 114.109596252
    },
    "spectral_decrease": {
        "dmean": 5.58781065862e-09,
        "dmean2": 7.79865239053e-09,
        "dvar": 3.93129034296e-17,
        "dvar2": 6.64806911193e-17,
        "max": -2.52488286355e-12,
        "mean": -1.50557859513e-08,
        "median": -1.26790817845e-08,
        "min": -5.72977754132e-08,
        "stdev": 9.76168124112e-09,
        "var": 9.52904257076e-17
    },
    "spectral_energy": {
        "dmean": 0.0220635551959,
        "dmean2": 0.0308325998485,
        "dvar": 0.000577113474719,
        "dvar2": 0.000979821081273,
        "max": 0.219016328454,
        "mean": 0.0608726963401,
        "median": 0.0523420348763,
        "min": 9.63254478847e-06,
        "stdev": 0.0373836383224,
        "var": 0.00139753636904
    },
    "spectral_energyband_high": {
        "dmean": 0.00256157061085,
        "dmean2": 0.00370824988931,
        "dvar": 2.11935966945e-05,
        "dvar2": 4.48970131401e-05,
        "max": 0.0441140681505,
        "mean": 0.00394043605775,
        "median": 0.00187264662236,
        "min": 4.05477322829e-08,
        "stdev": 0.00621208595112,
        "var": 3.85900129913e-05
    },
    "spectral_energyband_low": {
        "dmean": 0.0196123663336,
        "dmean2": 0.0277818702161,
        "dvar": 0.000589082483202,
        "dvar2": 0.00100115733221,
        "max": 0.208777204156,
        "mean": 0.0436623431742,
        "median": 0.0330319963396,
        "min": 7.12696783012e-06,
        "stdev": 0.0370106063783,
        "var": 0.00136978493538
    },
    "spectral_energyband_middle_high": {
        "dmean": 0.00322732911445,
        "dmean2": 0.0047175642103,
        "dvar": 4.53384709544e-05,
        "dvar2": 0.000104934049887,
        "max": 0.0660267621279,
        "mean": 0.00461586751044,
        "median": 0.00191591004841,
        "min": 6.85661589728e-08,
        "stdev": 0.00773959280923,
        "var": 5.99012964813e-05
    },
    "spectral_energyband_middle_low": {
        "dmean": 0.00484022637829,
        "dmean2": 0.00761208962649,
        "dvar": 2.81506872852e-05,
        "dvar2": 7.11132306606e-05,
        "max": 0.03825860098,
        "mean": 0.0101550649852,
        "median": 0.00986462831497,
        "min": 8.1018055198e-07,
        "stdev": 0.00721074361354,
        "var": 5.19948262081e-05
    },
    "spectral_entropy": {
        "dmean": 0.243778198957,
        "dmean2": 0.336113035679,
        "dvar": 0.0600191839039,
        "dvar2": 0.116882748902,
        "max": 8.82996368408,
        "mean": 7.74077224731,
        "median": 7.78282356262,
        "min": 5.35500526428,
        "stdev": 0.494486927986,
        "var": 0.244517311454
    },
    "spectral_flux": {
        "dmean": 0.0469499491155,
        "dmean2": 0.0743941813707,
        "dvar": 0.0023327851668,
        "dvar2": 0.00550470175222,
        "max": 0.431020855904,
        "mean": 0.134659424424,
        "median": 0.119794011116,
        "min": 0.00310363410972,
        "stdev": 0.0651504844427,
        "var": 0.00424458552152
    },
    "spectral_kurtosis": {
        "dmean": 0.975344836712,
        "dmean2": 1.50496482849,
        "dvar": 1.61911058426,
        "dvar2": 3.56045413017,
        "max": 20.693819046,
        "mean": 1.97004890442,
        "median": 1.69220209122,
        "min": -0.96861577034,
        "stdev": 1.85804927349,
        "var": 3.45234704018
    },
    "spectral_rms": {
        "dmean": 0.00135953759309,
        "dmean2": 0.00194442516658,
        "dvar": 1.77163985882e-06,
        "dvar2": 2.9950113003e-06,
        "max": 0.0146176079288,
        "mean": 0.00737794255838,
        "median": 0.0071460059844,
        "min": 9.69412431004e-05,
        "stdev": 0.00222574081272,
        "var": 4.95392168887e-06
    },
    "spectral_rolloff": {
        "dmean": 1024.2121582,
        "dmean2": 1744.02453613,
        "dvar": 3492713.75,
        "dvar2": 7849716.5,
        "max": 13049.1210938,
        "mean": 1466.57299805,
        "median": 473.73046875,
        "min": 64.599609375,
        "stdev": 2289.51635742,
        "var": 5241885.5
    },
    "spectral_skewness": {
        "dmean": 0.251415222883,
        "dmean2": 0.371387839317,
        "dvar": 0.0656221956015,
        "dvar2": 0.128919526935,
        "max": 3.94456958771,
        "mean": 1.13378512859,
        "median": 1.10325348377,
        "min": -0.440644711256,
        "stdev": 0.475369393826,
        "var": 0.225976064801
    },
    "spectral_spread": {
        "dmean": 1140206.125,
        "dmean2": 1580846.75,
        "dvar": 1.14260430029e+12,
        "dvar2": 1.94904037786e+12,
        "max": 22370364,
        "mean": 7079723,
        "median": 6830290,
        "min": 2665532.5,
        "stdev": 1962544.125,
        "var": 3.8515792937e+12
    },
    "spectral_strongpeak": {
        "dmean": 0.391187548637,
        "dmean2": 0.667078077793,
        "dvar": 0.825441539288,
        "dvar2": 1.87257218361,
        "max": 11.7960195541,
        "mean": 0.585326731205,
        "median": 0.355233162642,
        "min": 0,
        "stdev": 0.964080452919,
        "var": 0.929451167583
    },
    "zerocrossingrate": {
        "dmean": 0.0213936734945,
        "dmean2": 0.024944325909,
        "dvar": 0.000461383868242,
        "dvar2": 0.000593453180045,
        "max": 0.3271484375,
        "mean": 0.0702211111784,
        "median": 0.056640625,
        "min": 0.00341796875,
        "stdev": 0.0505223348737,
        "var": 0.00255250628106
    },
    "barkbands": {
        "dmean": [0.0014379665954, 0.016769176349, 0.00859572272748, 0.00204281252809, 0.0015059314901, 0.00154594168998, 0.00141009048093, 0.000776512606535, 0.00072036095662, 0.000664462102577, 0.000315440818667, 0.000795368338004, 0.000518982298672, 0.000377131917048, 0.00024018996919, 0.000272531207884, 0.000190209102584, 0.000215636915527, 0.00044606620213, 0.000422179989982, 0.000594937999267, 0.000484756223159, 0.00059271894861, 0.000544235866982, 0.000307492213324, 0.000315691693686, 3.27104089592e-06],
        "dmean2": [0.00241003092378, 0.0267791133374, 0.0149315968156, 0.0036479390692, 0.00240171817131, 0.00233282963745, 0.00217568385415, 0.00125766242854, 0.00117893528659, 0.00101518386509, 0.000491813872941, 0.00116359582171, 0.000854688405525, 0.000607456313446, 0.000390643195715, 0.000443293742137, 0.000299210078083, 0.000328271533363, 0.000699439202435, 0.00068495166488, 0.000922637875192, 0.000754589971621, 0.000923035957385, 0.000842958514113, 0.000436277827248, 0.00048415287165, 5.3511457736e-06],
        "dvar": [2.32906245401e-06, 0.000659687211737, 0.000237458720221, 1.20191225506e-05, 3.91183721149e-06, 5.18098613611e-06, 6.23870209893e-06, 2.07984498957e-06, 2.23156735046e-06, 2.26206930165e-06, 4.39904312088e-07, 6.33470335742e-06, 1.66735082985e-06, 9.17402473988e-07, 4.09280488611e-07, 5.5976454405e-07, 2.53221685398e-07, 7.53344693294e-07, 1.11606345854e-06, 7.53434733269e-07, 1.16883495593e-06, 8.39978554268e-07, 1.53714074713e-06, 2.31836838793e-06, 9.4548886409e-07, 2.22171323117e-07, 1.54042126277e-10],
        "dvar2": [6.48831428407e-06, 0.00147507002112, 0.000650829111692, 3.38174795615e-05, 8.86564157554e-06, 1.06326142486e-05, 1.33054772959e-05, 5.12243377671e-06, 5.28405053046e-06, 5.40641849511e-06, 1.01095429272e-06, 9.35043135541e-06, 4.36899745182e-06, 1.99180931304e-06, 1.03443233002e-06, 1.48029346292e-06, 6.05803222697e-07, 1.77847948635e-06, 2.63034280579e-06, 1.6387695041e-06, 2.47958973887e-06, 2.00020576813e-06, 3.8195171328e-06, 5.32099920747e-06, 1.6593686496e-06, 5.8122924429e-07, 3.20053816782e-10],
        "max": [0.011860517785, 0.189467892051, 0.104029551148, 0.0246831178665, 0.0222368054092, 0.0240835640579, 0.0234452150762, 0.0136205879971, 0.0119582777843, 0.0191000141203, 0.00845064595342, 0.0497175380588, 0.0120928147808, 0.013691008091, 0.00711414357647, 0.00784007273614, 0.0052520041354, 0.0174388289452, 0.0118656381965, 0.00716732814908, 0.0131967803463, 0.0111738760024, 0.0130504341796, 0.0310867037624, 0.021025698632, 0.00460139242932, 0.000201173636015],
        "mean": [0.00259177433327, 0.0291227791458, 0.0106848059222, 0.00211227685213, 0.00224128342234, 0.00210612290539, 0.0015890878858, 0.0007863897481, 0.000924166291952, 0.000781052745879, 0.000348472356563, 0.0010202138219, 0.000545855378732, 0.00038151719491, 0.000221515874728, 0.000283641566057, 0.000208000958082, 0.000209360790905, 0.000532212259714, 0.000499968475197, 0.000759428425226, 0.000661352532916, 0.000738225819077, 0.000677397591062, 0.000468510843348, 0.000374146969989, 3.13065424962e-06],
        "median": [0.00217696558684, 0.0203964486718, 0.00632754480466, 0.00114181789104, 0.00119574554265, 0.000891213538125, 0.000407841231208, 0.000204120369744, 0.000152035558131, 0.000106955878437, 5.67917850276e-05, 6.12300427747e-05, 6.20126520516e-05, 4.51429732493e-05, 2.32999118452e-05, 6.20494756731e-05, 5.35440194653e-05, 2.10030793824e-05, 0.000138147195685, 0.000199335976504, 0.00027053616941, 0.000316975492751, 0.000308315968141, 0.000168302110978, 9.73393907771e-05, 0.000179558628588, 1.5930621089e-07],
        "min": [3.64037850886e-06, 3.91344838135e-06, 1.16215414891e-06, 4.02799173571e-07, 1.07036555619e-07, 1.75614204068e-07, 6.75102640457e-08, 1.86879205444e-08, 3.09617931293e-08, 1.6409021697e-08, 1.05471871237e-08, 1.56103237003e-08, 5.05495600933e-09, 7.01608549036e-09, 3.03224179099e-09, 4.22693480218e-09, 2.93926993855e-09, 3.23064375252e-09, 2.94731528072e-09, 2.91153989807e-09, 2.73720313082e-09, 4.76265027416e-09, 1.14612150881e-08, 2.95557200936e-09, 3.26850235766e-09, 1.18278649097e-08, 3.08355251055e-12],
        "stdev": [0.00190891348757, 0.0301831047982, 0.0142119536176, 0.00298406020738, 0.00282238912769, 0.00314409658313, 0.00314357015304, 0.00149787112605, 0.00183055340312, 0.00175263464916, 0.000752951949835, 0.00385939283296, 0.00134028599132, 0.00100735772867, 0.000599711202085, 0.000712146225851, 0.000501297181472, 0.000862240442075, 0.00111723353621, 0.000925275497139, 0.00130571727641, 0.00107646244578, 0.00138063286431, 0.00172447564546, 0.00136383634526, 0.000568351650145, 1.39571020554e-05],
        "var": [3.6439505493e-06, 0.000911019858904, 0.000201979622943, 8.9046152425e-06, 7.96588028606e-06, 9.88534338831e-06, 9.88203373709e-06, 2.24361792789e-06, 3.35092590831e-06, 3.07172808789e-06, 5.66936648738e-07, 1.48949138747e-05, 1.79636651865e-06, 1.014769623e-06, 3.59653512305e-07, 5.07152208229e-07, 2.5129887149e-07, 7.43458599572e-07, 1.24821087866e-06, 8.56134761307e-07, 1.70489761331e-06, 1.15877151075e-06, 1.90614707662e-06, 2.9738162084e-06, 1.86004945135e-06, 3.2302358477e-07, 1.94800703346e-10]
    },
    "erbbands": {
        "dmean": [0.535009980202, 3.91930961609, 8.37581443787, 9.18897914886, 3.08270430565, 5.8675327301, 12.6462564468, 11.5563411713, 16.8733997345, 20.2027206421, 16.6234512329, 16.7069473267, 23.8110256195, 12.7507381439, 13.2304344177, 37.0360603333, 25.704990387, 19.5836162567, 16.1500320435, 10.9764976501, 15.2250156403, 10.3251972198, 11.9983549118, 16.3494243622, 23.7352752686, 19.9219512939, 15.733250618, 30.4885959625, 17.9350757599, 17.1039619446, 15.0921049118, 13.7895669937, 8.3540687561, 3.70447421074, 2.16799211502, 1.45231330395, 0.585239052773, 0.026046006009, 0.000695990107488, 5.5484866607e-05],
        "dmean2": [0.921963095665, 6.10297012329, 13.896528244, 16.4221286774, 5.06015062332, 9.54858589172, 19.3825187683, 17.4280757904, 26.7429771423, 30.398607254, 26.5843334198, 26.944688797, 36.9865188599, 18.6384334564, 21.042142868, 52.9720726013, 41.5229759216, 31.1419143677, 26.0084018707, 17.1373844147, 24.6190376282, 16.2742481232, 18.7418422699, 24.8491516113, 37.6311035156, 32.0319595337, 24.3076095581, 47.2389755249, 27.4037380219, 27.6148700714, 22.9125366211, 21.4770336151, 12.8099689484, 5.31974601746, 3.17812585831, 2.21489644051, 0.898860156536, 0.0383792445064, 0.00103047478478, 7.84748917795e-05],
        "dvar": [0.388640969992, 44.2758102417, 202.159103394, 281.381500244, 22.1043281555, 73.4128723145, 343.616668701, 348.333068848, 979.539672852, 1296.25634766, 998.702758789, 1263.63928223, 3532.02441406, 621.352661133, 825.444580078, 15620.0498047, 3959.93725586, 2037.99182129, 1996.52966309, 786.956787109, 1684.20959473, 788.799865723, 2595.26098633, 1925.93823242, 2739.93603516, 1882.67553711, 1298.36096191, 2752.06738281, 1120.50024414, 1960.48950195, 891.559509277, 770.668273926, 941.566833496, 176.958343506, 30.38971138, 5.23539161682, 0.769105195999, 0.00316045270301, 2.26492988986e-06, 4.98107199931e-09],
        "dvar2": [1.1325314045, 94.3399963379, 465.649993896, 795.263916016, 53.8300209045, 168.657592773, 713.804199219, 733.434997559, 2300.81762695, 2620.27563477, 2417.02026367, 2924.21362305, 8812.3984375, 1325.73193359, 2037.28735352, 22297.8378906, 10503.3261719, 4557.98779297, 4947.01220703, 1937.73242188, 4416.91552734, 1878.37316895, 6252.36962891, 4166.26660156, 6599.94189453, 4024.83813477, 2966.71826172, 6006.93994141, 2606.09790039, 4982.13769531, 2100.45361328, 1821.79052734, 2179.14599609, 304.879882812, 58.8696556091, 12.9877786636, 2.00607848167, 0.00634329253808, 4.44217084805e-06, 1.01519805895e-08],
        "max": [4.55827474594, 47.3110389709, 91.7732696533, 114.641471863, 40.3421630859, 96.3302612305, 181.267059326, 265.754302979, 293.632507324, 438.315307617, 244.116409302, 378.389068604, 661.840332031, 284.456390381, 307.789398193, 2543.62329102, 616.140563965, 420.867248535, 580.787475586, 295.814758301, 418.32144165, 294.031860352, 991.514343262, 487.126678467, 539.715881348, 349.098052979, 340.839508057, 616.563415527, 392.80456543, 640.009460449, 374.269042969, 428.719238281, 632.684020996, 299.678527832, 105.26158905, 29.4162158966, 8.47277545929, 1.22126221657, 0.0286212414503, 0.00121411483269],
        "mean": [0.965666353703, 5.82246255875, 13.2301120758, 10.0902729034, 4.18218994141, 8.42833805084, 18.3634243011, 14.9601020813, 19.2894649506, 23.3310470581, 18.4865055084, 21.3895454407, 27.3122062683, 16.6507053375, 14.8714818954, 48.0962562561, 28.0749473572, 21.9567546844, 15.1765499115, 11.39889431, 16.5642375946, 11.4739904404, 11.3943367004, 18.9765872955, 28.6198635101, 23.7925662994, 19.7051696777, 39.143497467, 25.2075691223, 20.4829292297, 19.6068019867, 17.1680088043, 10.2131824493, 5.262819767, 3.3421330452, 1.80330061913, 0.68212646246, 0.0338897593319, 0.00092463742476, 0.000122416313388],
        "median": [0.755904197693, 3.54443192482, 8.42540645599, 6.14520406723, 2.40321707726, 3.97440171242, 8.6135597229, 6.31707191467, 6.04125547409, 6.80921840668, 4.26070451736, 3.83698296547, 4.22480583191, 3.36122441292, 2.79673480988, 3.12640357018, 3.64403319359, 3.19293236732, 1.90039992332, 1.89016211033, 4.26927995682, 2.9966673851, 1.3599473238, 4.1812787056, 8.38816356659, 9.39543247223, 7.92003917694, 13.9915790558, 12.3870725632, 6.49511909485, 8.14979743958, 7.03629922867, 2.13575148582, 1.02531528473, 0.789009749889, 0.911000192165, 0.312081187963, 0.0143709946424, 0.000409082422266, 9.05383349163e-05],
        "min": [0.000167441539816, 0.000693613837939, 0.00139001884963, 0.00145709398203, 0.000774070154876, 0.000219340305193, 0.000681921490468, 0.00162801146507, 0.00137941411231, 0.000382382015232, 0.000587811635341, 0.000674490758684, 0.000660522840917, 0.00037603842793, 0.000535987201147, 0.000587001617532, 0.000243230606429, 0.000313106720569, 0.000257197272731, 0.000203764415346, 0.000225723939366, 0.000171666426468, 0.000182207062608, 0.000161493633641, 0.000150608015247, 0.000125685430248, 0.000110464156023, 0.00010849089449, 0.000206400291063, 9.84899816103e-05, 0.000248194497544, 0.000214896936086, 4.55201479781e-05, 3.30345719703e-05, 2.53070447798e-05, 4.61124727735e-05, 2.26472857321e-05, 1.99463511308e-06, 3.51050147174e-07, 4.34068105903e-08],
        "stdev": [0.78434497118, 7.48746681213, 15.6873464584, 14.011964798, 5.02574157715, 12.3595142365, 25.77085495, 25.5328178406, 36.7171783447, 44.8835334778, 33.7997016907, 44.1810836792, 64.9340744019, 31.6681194305, 31.2164897919, 191.299209595, 62.3098678589, 49.9955596924, 41.8340492249, 27.7250804901, 39.4232902527, 28.1518287659, 48.9770393372, 48.2084083557, 55.056186676, 46.1367454529, 39.3076591492, 63.7584648132, 40.8534736633, 43.947265625, 36.4268112183, 32.0640602112, 33.4548225403, 18.3252162933, 7.69614315033, 2.92490768433, 1.04298245907, 0.0738061442971, 0.00198154267855, 0.000104669234133],
        "var": [0.615197002888, 56.0621566772, 246.092849731, 196.335159302, 25.2580776215, 152.757583618, 664.136962891, 651.924743652, 1348.15112305, 2014.53149414, 1142.4197998, 1951.96826172, 4216.43408203, 1002.86975098, 974.469238281, 36595.3867188, 3882.51977539, 2499.55615234, 1750.08776855, 768.680053711, 1554.19592285, 792.52545166, 2398.75048828, 2324.05053711, 3031.18359375, 2128.59912109, 1545.09191895, 4065.14160156, 1669.00634766, 1931.36218262, 1326.91259766, 1028.10388184, 1119.22509766, 335.813537598, 59.2306213379, 8.55508518219, 1.0878123045, 0.00544734671712, 3.92651099901e-06, 1.09556488326e-08]
    },
    "gfcc": {
        "mean": [31.7237625122, 57.7580528259, -60.5048027039, 58.2577095032, -60.5280723572, 30.4514846802, -25.7313957214, 15.2123651505, -22.9471893311, 17.8531608582, -16.6897983551, 9.02008533478, -14.698597908],
        "cov": [[3069.39501953, -684.54284668, -992.776916504, -243.589736938, -183.472625732, 158.608535767, -36.420715332, 159.227767944, -53.2623252869, 101.50377655, -61.4966621399, 3.35954999924, -46.2421569824], [-684.54284668, 1533.57373047, -159.02671814, -437.539520264, -25.9882717133, -323.53717041, 56.5466156006, -89.3785552979, 97.7285614014, -66.070098877, 85.7314376831, -31.771396637, 23.6909141541], [-992.776916504, -159.02671814, 1264.42224121, 314.854309082, -137.164093018, -30.2781333923, -33.8230438232, -57.2845344543, -37.3705787659, -27.5104255676, -79.4361801147, 46.7606964111, -2.47645735741], [-243.589736938, -437.539520264, 314.854309082, 597.667236328, 124.661209106, -39.1605148315, -132.456604004, -52.1737670898, 7.20796394348, -8.82284355164, -20.1824302673, -38.5359611511, 46.5345420837], [-183.472625732, -25.9882717133, -137.164093018, 124.661209106, 384.187805176, 86.9087753296, -41.0432128906, -77.2803497314, -4.04084777832, 0.145515799522, 28.8108634949, -12.5528736115, -38.2041091919], [158.608535767, -323.53717041, -30.2781333923, -39.1605148315, 86.9087753296, 358.263275146, 120.69908905, -17.3328800201, -77.5577011108, 9.90261077881, -4.72877311707, -13.760178566, -27.5335235596], [-36.420715332, 56.5466156006, -33.8230438232, -132.456604004, -41.0432128906, 120.69908905, 240.549179077, 93.9942169189, -32.7762451172, -28.2830638885, -5.93728399277, -14.1277561188, -25.2292251587], [159.227767944, -89.3785552979, -57.2845344543, -52.1737670898, -77.2803497314, -17.3328800201, 93.9942169189, 178.534606934, 23.150270462, -21.7503032684, -18.9545230865, -5.69868469238, 2.26274132729], [-53.2623252869, 97.7285614014, -37.3705787659, 7.20796394348, -4.04084777832, -77.5577011108, -32.7762451172, 23.150270462, 129.005905151, 31.2015552521, -16.0280742645, -19.8141880035, 8.06046676636], [101.50377655, -66.070098877, -27.5104255676, -8.82284355164, 0.145515799522, 9.90261077881, -28.2830638885, -21.7503032684, 31.2015552521, 117.043487549, 26.825056076, -21.455657959, -32.1254386902], [-61.4966621399, 85.7314376831, -79.4361801147, -20.1824302673, 28.8108634949, -4.72877311707, -5.93728399277, -18.9545230865, -16.0280742645, 26.825056076, 114.234291077, 16.1259117126, -16.9268131256], [3.35954999924, -31.771396637, 46.7606964111, -38.5359611511, -12.5528736115, -13.760178566, -14.1277561188, -5.69868469238, -19.8141880035, -21.455657959, 16.1259117126, 119.454444885, 23.3436908722], [-46.2421569824, 23.6909141541, -2.47645735741, 46.5345420837, -38.2041091919, -27.5335235596, -25.2292251587, 2.26274132729, 8.06046676636, -32.1254386902, -16.9268131256, 23.3436908722, 108.215606689]],
        "icov": [[0.0008153700619, -0.000148150051245, 0.00094133336097, -0.000491748272907, 0.000969673797954, -0.000843441928737, 0.00112601649016, -0.0010215502698, 0.000911852053832, -0.000868925766554, 0.00135076593142, -0.000903540058061, 0.00110578234307], [-0.000148150051245, 0.00378668075427, -0.00103637867142, 0.00407844502479, -0.00196162355132, 0.0049956003204, -0.00383314699866, 0.00509464833885, -0.00285528390668, 0.00342520605773, -0.00387472426519, 0.00421645259485, -0.0033776066266], [0.00094133336097, -0.00103637867142, 0.00254129548557, -0.00247452920303, 0.00240835407749, -0.00205134018324, 0.00168719841167, -0.00152163172606, 0.00173738249578, -0.00161484163254, 0.00325417285785, -0.00298860762268, 0.00304975430481], [-0.000491748272907, 0.00407844502479, -0.00247452920303, 0.00755083328113, -0.00394234945998, 0.00569988228381, -0.00297540496103, 0.00492871180177, -0.00294254929759, 0.0039499271661, -0.00498952902853, 0.00669163884595, -0.00597707508132], [0.000969673797954, -0.00196162355132, 0.00240835407749, -0.00394234945998, 0.00631084432825, -0.00460431119427, 0.0033236599993, -0.00184513919521, 0.00108187366277, -0.000979273812845, 0.00275556230918, -0.00373565452173, 0.00532968062907], [-0.000843441928737, 0.0049956003204, -0.00205134018324, 0.00569988228381, -0.00460431119427, 0.0118303177878, -0.00868226122111, 0.00836426392198, -0.00179308152292, 0.00308362138458, -0.00475934240967, 0.00628095911816, -0.00581696163863], [0.00112601649016, -0.00383314699866, 0.00168719841167, -0.00297540496103, 0.0033236599993, -0.00868226122111, 0.0136291570961, -0.0103923305869, 0.00442875502631, -0.00220387452282, 0.00436131842434, -0.00352231203578, 0.00545539380983], [-0.0010215502698, 0.00509464833885, -0.00152163172606, 0.00492871180177, -0.00184513919521, 0.00836426392198, -0.0103923305869, 0.01683020778, -0.00678831152618, 0.00650092633441, -0.00545131182298, 0.00559481792152, -0.00462817912921], [0.000911852053832, -0.00285528390668, 0.00173738249578, -0.00294254929759, 0.00108187366277, -0.00179308152292, 0.00442875502631, -0.00678831152618, 0.0144151076674, -0.00758698908612, 0.00647519808263, -0.00247371476144, 0.00164044450503], [-0.000868925766554, 0.00342520605773, -0.00161484163254, 0.0039499271661, -0.000979273812845, 0.00308362138458, -0.00220387452282, 0.00650092633441, -0.00758698908612, 0.0164508726448, -0.00791016034782, 0.00593438511714, -0.000136152069899], [0.00135076593142, -0.00387472426519, 0.00325417285785, -0.00498952902853, 0.00275556230918, -0.00475934240967, 0.00436131842434, -0.00545131182298, 0.00647519808263, -0.00791016034782, 0.0169579740614, -0.00777055043727, 0.00603637099266], [-0.000903540058061, 0.00421645259485, -0.00298860762268, 0.00669163884595, -0.00373565452173, 0.00628095911816, -0.00352231203578, 0.00559481792152, -0.00247371476144, 0.00593438511714, -0.00777055043727, 0.0162346269935, -0.00768553419039], [0.00110578234307, -0.0033776066266, 0.00304975430481, -0.00597707508132, 0.00532968062907, -0.00581696163863, 0.00545539380983, -0.00462817912921, 0.00164044450503, -0.000136152069899, 0.00603637099266, -0.00768553419039, 0.0173024572432]]
    },
    "melbands": {
        "dmean": [0.00441464874893, 0.00384502182715, 0.00136278034188, 0.00026858507772, 0.000404519058065, 0.000268057367066, 0.000269373063929, 0.000205249423743, 0.00013796845451, 0.000101912053651, 0.000119699296192, 5.27613265149e-05, 4.21155418735e-05, 7.75424850872e-05, 7.89061523392e-05, 5.16471372976e-05, 3.62442951882e-05, 2.88772389467e-05, 1.76386238309e-05, 1.53963246703e-05, 1.93888354261e-05, 1.17335921459e-05, 9.19854664971e-06, 1.08980075311e-05, 1.31413034978e-05, 2.04941225093e-05, 1.51729500431e-05, 1.32972727442e-05, 1.03574539025e-05, 1.05447934402e-05, 2.16134267248e-05, 1.04549144453e-05, 9.14550037123e-06, 1.02846115624e-05, 8.24078233563e-06, 1.11648432721e-05, 7.71010854805e-06, 6.77291245665e-06, 3.75885747417e-06, 2.98537997878e-06],
        "dmean2": [0.00740421377122, 0.00590200070292, 0.00240864581428, 0.000436061585788, 0.000621179467998, 0.000404587597586, 0.000419777381467, 0.000313248747261, 0.000222415401367, 0.000166017358424, 0.000186465520528, 7.77611930971e-05, 6.62338061375e-05, 0.000116336144856, 0.000115171445941, 8.41709843371e-05, 5.84318404435e-05, 4.70102822874e-05, 2.87107632175e-05, 2.43595786742e-05, 3.18804704875e-05, 1.85961634998e-05, 1.49745374074e-05, 1.66267964232e-05, 2.02389783226e-05, 3.25018263538e-05, 2.45520841418e-05, 2.14989249798e-05, 1.64076700457e-05, 1.61597872648e-05, 3.35831718985e-05, 1.63261065609e-05, 1.45444928421e-05, 1.67427479028e-05, 1.24978396343e-05, 1.79949529411e-05, 1.20861977848e-05, 1.04891842057e-05, 5.47020817976e-06, 4.3041736717e-06],
        "dvar": [3.67932880181e-05, 3.96617833758e-05, 5.98113820161e-06, 1.46226895481e-07, 2.92728884688e-07, 1.62850199104e-07, 2.29629961268e-07, 1.23093741422e-07, 6.79323761688e-08, 4.80273243397e-08, 9.01958188138e-08, 1.09955511363e-08, 8.14559797391e-09, 5.05038819654e-08, 4.92018905618e-08, 1.58897446312e-08, 7.5355828244e-09, 6.92419765969e-09, 2.25847140989e-09, 1.72693614964e-09, 2.85269363687e-09, 9.05521657657e-10, 1.30919197705e-09, 1.91904137026e-09, 1.2329407495e-09, 2.48024090155e-09, 1.04387742894e-09, 7.82073683592e-10, 5.15012865687e-10, 5.14281450759e-10, 1.32139421627e-09, 3.85333320807e-10, 3.65838942473e-10, 8.66475169392e-10, 3.38126748822e-10, 3.43923695079e-10, 3.2225752622e-10, 6.70551170145e-10, 1.50013043654e-10, 1.5574223855e-10],
        "dvar2": [8.90460578375e-05, 6.91139503033e-05, 1.68155947904e-05, 3.46926327666e-07, 6.13314796283e-07, 3.40913913988e-07, 5.20040487118e-07, 2.53733929867e-07, 1.58535115702e-07, 1.14091392334e-07, 2.24710674956e-07, 2.31551737784e-08, 1.94612237436e-08, 8.34198488064e-08, 7.98840744665e-08, 4.11198648465e-08, 1.63917590612e-08, 1.76879986213e-08, 5.65138824626e-09, 4.34185709608e-09, 7.64196705916e-09, 2.17306994621e-09, 3.18908188746e-09, 4.5503778523e-09, 2.63929034183e-09, 6.12216721763e-09, 2.47807463438e-09, 1.64140179226e-09, 1.22442611605e-09, 1.14095111137e-09, 2.95615021351e-09, 9.02868557695e-10, 9.03183028367e-10, 2.25063878645e-09, 7.78323849815e-10, 9.04680053093e-10, 7.269246316e-10, 1.57297763703e-09, 3.12844194994e-10, 2.57748267174e-10],
        "max": [0.0449662916362, 0.0421413332224, 0.0166252106428, 0.00431973533705, 0.00575360888615, 0.0052415789105, 0.00458443071693, 0.00381786306389, 0.00198232918046, 0.002380508231, 0.00341078056954, 0.00126174627803, 0.00100679171737, 0.0042902957648, 0.00395943270996, 0.00126074498985, 0.000834565784317, 0.00121375825256, 0.000504166062456, 0.000566402857658, 0.000543282250874, 0.000293636694551, 0.000584996480029, 0.000865934067406, 0.000369929592125, 0.000563852081541, 0.000266592745902, 0.000224644914852, 0.000214346131543, 0.000316069257678, 0.000372763111955, 0.000270335818641, 0.000266477261903, 0.000455736328149, 0.000209238380194, 0.000273590238066, 0.000298471131828, 0.000565992551856, 0.000206214434002, 0.000293496006634],
        "mean": [0.00813975092024, 0.007132247556, 0.00156931113452, 0.0003868987842, 0.000618281075731, 0.000351844413672, 0.000309477734845, 0.000235625644564, 0.000156245514518, 0.000129621548695, 0.000134564717882, 6.7163942731e-05, 4.4937034545e-05, 9.41785910982e-05, 9.88532192423e-05, 5.52442288608e-05, 3.92738984374e-05, 2.55530594586e-05, 1.66303507285e-05, 1.59872797667e-05, 2.05043470487e-05, 1.28770598167e-05, 8.63990590005e-06, 1.04599466795e-05, 1.50974838107e-05, 2.31781850744e-05, 1.77241599886e-05, 1.53784731083e-05, 1.21357370517e-05, 1.29921227199e-05, 2.66198330792e-05, 1.41752134368e-05, 1.10926857815e-05, 1.15278780868e-05, 1.05279787022e-05, 1.31449578475e-05, 9.44778093981e-06, 7.95665710029e-06, 4.82370523969e-06, 4.26005908594e-06],
        "median": [0.00594672746956, 0.00460502784699, 0.000983861973509, 0.00020250378293, 0.000322997657349, 0.000151118860231, 8.66970003699e-05, 7.06909559085e-05, 2.92911718134e-05, 2.18833556573e-05, 1.97259723791e-05, 1.24657799461e-05, 7.15977967047e-06, 7.15011901775e-06, 6.8835656748e-06, 6.12636176811e-06, 4.93526249556e-06, 2.69781980933e-06, 1.78451921329e-06, 3.01373825096e-06, 5.22932987224e-06, 3.30594934894e-06, 1.17068134386e-06, 9.80366507974e-07, 2.79652317658e-06, 5.71778764424e-06, 5.84643339607e-06, 5.58007468499e-06, 4.62317029815e-06, 4.60172759631e-06, 9.39160781854e-06, 6.78047126712e-06, 4.41384554506e-06, 2.84917246063e-06, 3.20210097016e-06, 6.71348925607e-06, 2.32930733546e-06, 1.4880603203e-06, 9.709550568e-07, 7.52577534513e-07],
        "min": [1.46631737152e-06, 7.73930537434e-07, 2.31856873256e-07, 2.97167090935e-08, 1.99865954897e-08, 3.61262628701e-08, 1.9278397545e-08, 3.42347572513e-09, 5.17606268957e-09, 4.18426582272e-09, 3.23807469726e-09, 1.48120382626e-09, 1.61063884452e-09, 1.8675851976e-09, 9.29261001481e-10, 4.97271390731e-10, 6.00683669472e-10, 4.98104502089e-10, 2.07405023711e-10, 2.96566521341e-10, 2.4951662958e-10, 1.71732281173e-10, 1.65860394863e-10, 1.55994564488e-10, 1.28888413831e-10, 1.05025564634e-10, 1.11491649246e-10, 7.76034375649e-11, 6.79095321643e-11, 7.17356868352e-11, 5.3162942798e-11, 1.14013791463e-10, 1.03589026246e-10, 3.68905669901e-11, 6.51564219245e-11, 3.53720219781e-10, 4.86368237351e-11, 3.291711001e-11, 2.04837379697e-11, 3.08609249267e-11],
        "stdev": [0.00736627914011, 0.00801992043853, 0.00207851734012, 0.000487729499582, 0.000782489136327, 0.000559267471544, 0.000585670932196, 0.000432225991972, 0.000292807148071, 0.000269642827334, 0.000325971224811, 0.000132929038955, 9.79675241979e-05, 0.000327346031554, 0.000330099544954, 0.000136710383231, 9.47303924477e-05, 7.55417786422e-05, 4.53347529401e-05, 4.08057640016e-05, 4.97879227623e-05, 3.02568787447e-05, 3.42827224813e-05, 4.34660578321e-05, 3.90566056012e-05, 5.01460781379e-05, 3.37316232617e-05, 3.00585907098e-05, 2.39696819335e-05, 2.65806556854e-05, 4.33429704572e-05, 2.46935378527e-05, 2.01301299967e-05, 2.80765216303e-05, 2.23336264753e-05, 2.0361812858e-05, 2.09529553103e-05, 2.77895287581e-05, 1.50707192006e-05, 1.71807969309e-05],
        "var": [5.42620655324e-05, 6.43191306153e-05, 4.32023443864e-06, 2.37880058762e-07, 6.12289284163e-07, 3.12780116474e-07, 3.43010441384e-07, 1.86819306691e-07, 8.57360191731e-08, 7.27072588802e-08, 1.06257239452e-07, 1.76701302479e-08, 9.59763557518e-09, 1.07155422313e-07, 1.08965707568e-07, 1.86897288756e-08, 8.97384744292e-09, 5.70656055743e-09, 2.05523975616e-09, 1.66511049393e-09, 2.4788373576e-09, 9.15478692853e-10, 1.17530507548e-09, 1.88929827338e-09, 1.52541834719e-09, 2.51462917156e-09, 1.13782239186e-09, 9.03518870832e-10, 5.74545688803e-10, 7.06531277928e-10, 1.8786130429e-09, 6.09770844928e-10, 4.05222133626e-10, 7.88291099063e-10, 4.98790841963e-10, 4.14603407162e-10, 4.39026343058e-10, 7.72257868764e-10, 2.27126567554e-10, 2.95179769516e-10]
    },
    "melbands128": {
