{
"lowlevel": {
    "average_loudness": 0.966355383396,
    "barkbands_crest": {
        "dmean": 2.29197430611,
        "dmean2": 3.68789458275,
        "dvar": 10.4231672287,
        "dvar2": 26.6381416321,
        "max": 25.314081192,
        "mean": 17.1156730652,
        "median": 19.2542095184,
        "min": 2.48534560204,
        "stdev": 5.78315973282,
        "var": 33.4449386597
    },
    "barkbands_flatness_db": {
        "dmean": 0.0376503244042,
        "dmean2": 0.0501758158207,
        "dvar": 0.00155447050929,
        "dvar2": 0.00261047505774,
        "max": 0.545390069485,
        "mean": 0.243634641171,
        "median": 0.242000773549,
        "min": 0.0425930842757,
        "stdev": 0.0891378745437,
        "var": 0.0079455608502
    },
    "barkbands_kurtosis": {
        "dmean": 14.3599100113,
        "dmean2": 21.5578536987,
        "dvar": 573.93560791,
        "dvar2": 1242.35546875,
        "max": 286.491241455,
        "mean": 26.9642696381,
        "median": 12.6029214859,
        "min": -1.87022221088,
        "stdev": 38.0082359314,
        "var": 1444.62597656
    },
    "barkbands_skewness": {
        "dmean": 1.09132778645,
        "dmean2": 1.60933077335,
        "dvar": 1.53863871098,
        "dvar2": 3.00484991074,
        "max": 14.2632884979,
        "mean": 3.67249584198,
        "median": 3.21883821487,
        "min": -2.14199185371,
        "stdev": 2.61368632317,
        "var": 6.83135604858
    },
    "barkbands_spread": {
        "dmean": 5.36345720291,
        "dmean2": 8.04645633698,
        "dvar": 69.571647644,
        "dvar2": 145.217071533,
        "max": 78.8331604004,
        "mean": 11.993897438,
        "median": 7.86909770966,
        "min": 0.261250853539,
        "stdev": 12.531496048,
        "var": 157.038391113
    },
    "dissonance": {
        "dmean": 0.0255644414574,
        "dmean2": 0.0436458922923,
        "dvar": 0.000762906391174,
        "dvar2": 0.00212314911187,
        "max": 0.499910026789,
        "mean": 0.454397022724,
        "median": 0.463284194469,
        "min": 0.271987020969,
        "stdev": 0.035813011229,
        "var": 0.00128257181495
    },
    "dynamic_complexity": 2.1463663578,
    "erbbands_crest": {
        "dmean": 2.89971756935,
        "dmean2": 4.56854486465,
        "dvar": 8.32579803467,
        "dvar2": 20.1161727905,
        "max": 28.5100498199,
        "mean": 8.86367225647,
        "median": 7.7853679657,
        "min": 3.00679063797,
        "stdev": 4.36714935303,
        "var": 19.0719947815
    },
    "erbbands_flatness_db": {
        "dmean": 0.0280869510025,
        "dmean2": 0.0401230640709,
        "dvar": 0.000698785530403,
        "dvar2": 0.0014118226245,
        "max": 0.321788519621,
        "mean": 0.170664608479,
        "median": 0.168065518141,
        "min": 0.0574839450419,
        "stdev": 0.0461572818458,
        "var": 0.00213049468584
    },
    "erbbands_kurtosis": {
        "dmean": 1.33872115612,
        "dmean2": 2.11285829544,
        "dvar": 3.81818509102,
        "dvar2": 8.81215572357,
        "max": 31.2441520691,
        "mean": 0.73839110136,
        "median": -0.0773332118988,
        "min": -1.81578445435,
        "stdev": 2.6068687439,
        "var": 6.7957649231
    },
    "erbbands_skewness": {
        "dmean": 0.536896348,
        "dmean2": 0.851889848709,
        "dvar": 0.271720409393,
        "dvar2": 0.653296232224,
        "max": 4.14399576187,
        "mean": 0.258982330561,
        "median": 0.235119044781,
        "min": -3.12144851685,
        "stdev": 0.888398528099,
        "var": 0.789251923561
    },
    "erbbands_spread": {
        "dmean": 13.8306560516,
        "dmean2": 21.6446018219,
        "dvar": 317.616912842,
        "dvar2": 747.104064941,
        "max": 173.292816162,
        "mean": 41.2590789795,
        "median": 34.3501091003,
        "min": 4.4012670517,
        "stdev": 24.2487182617,
        "var": 588.000305176
    },
    "hfc": {
        "dmean": 10.1271352768,
        "dmean2": 15.4484014511,
        "dvar": 278.50112915,
        "dvar2": 527.138305664,
        "max": 171.496200562,
        "mean": 21.1278781891,
        "median": 14.7816762924,
        "min": 1.11562894771e-16,
        "stdev": 21.2498245239,
        "var": 451.555053711
    },
    "loudness_ebu128": {
        "integrated": -6.56512260437,
        "loudness_range": 1.05740737915,
        "momentary": {
            "dmean": 0.581453919411,
            "dmean2": 0.73634904623,
            "dvar": 0.633273601532,
            "dvar2": 0.987908422947,
            "max": -4.76603889465,
            "mean": -6.86675786972,
            "median": -6.23762130737,
            "min": -19.0091056824,
            "stdev": 1.82605326176,
            "var": 3.33447051048
        },
        "short_term": {
            "dmean": 0.0722353085876,
            "dmean2": 0.0853815823793,
            "dvar": 0.00336124352179,
            "dvar2": 0.00649098260328,
            "max": -5.82497787476,
            "mean": -6.59111213684,
            "median": -6.66658115387,
            "min": -7.67228221893,
            "stdev": 0.377929538488,
            "var": 0.142830744386
        }
    },
    "melbands_crest": {
        "dmean": 2.82270288467,
        "dmean2": 4.12105941772,
        "dvar": 15.8258228302,
        "dvar2": 35.5815696716,
        "max": 37.1090774536,
        "mean": 26.2681045532,
        "median": 30.5996437073,
        "min": 2.96955776215,
        "stdev": 9.20548152924,
        "var": 84.7408981323
    },
    "melbands_flatness_db": {
        "dmean": 0.0450836755335,
        "dmean2": 0.058696731925,
        "dvar": 0.00231259549037,
        "dvar2": 0.00381939439103,
        "max": 0.684530556202,
        "mean": 0.327568173409,
        "median": 0.329550147057,
        "min": 0.0112800979987,
        "stdev": 0.116809934378,
        "var": 0.0136445611715
    },
    "melbands_kurtosis": {
        "dmean": 35.1139221191,
        "dmean2": 52.5453491211,
        "dvar": 4655.93359375,
        "dvar2": 10255.4902344,
        "max": 870.374267578,
        "mean": 64.7241668701,
        "median": 29.3878326416,
        "min": -1.79763972759,
        "stdev": 97.6527404785,
        "var": 9536.05761719
    },
    "melbands_skewness": {
        "dmean": 1.61805355549,
        "dmean2": 2.41853928566,
        "dvar": 4.27035570145,
        "dvar2": 9.03499412537,
        "max": 26.5938091278,
        "mean": 5.45747613907,
        "median": 4.64014577866,
        "min": -1.06042087078,
        "stdev": 3.82191991806,
        "var": 14.6070718765
    },
    "melbands_spread": {
        "dmean": 5.37768268585,
        "dmean2": 8.13941860199,
        "dvar": 101.557540894,
        "dvar2": 222.850631714,
        "max": 130.241317749,
        "mean": 12.4436578751,
        "median": 6.12588596344,
        "min": 0.229865968227,
        "stdev": 17.5402107239,
        "var": 307.658966064
    },
    "pitch_salience": {
        "dmean": 0.0770940333605,
        "dmean2": 0.120995245874,
        "dvar": 0.00972966942936,
        "dvar2": 0.0250240098685,
        "max": 0.892490267754,
        "mean": 0.360291272402,
        "median": 0.307173967361,
        "min": 0.101556375623,
        "stdev": 0.186621367931,
        "var": 0.0348275341094
    },
    "silence_rate_20dB": {
        "dmean": 0,
        "dmean2": 0,
        "dvar": 0,
        "dvar2": 0,
        "max": 1,
        "mean": 1,
        "median": 1,
        "min": 1,
        "stdev": 0,
        "var": 0
    },
    "silence_rate_30dB": {
        "dmean": 0.0634674951434,
        "dmean2": 0.127033308148,
        "dvar": 0.0594395399094,
        "dvar2": 0.113994166255,
        "max": 1,
        "mean": 0.416086614132,
        "median": 0,
        "min": 0,
        "stdev": 0.492906838655,
        "var": 0.242957159877
    },
    "silence_rate_60dB": {
        "dmean": 0.0208978336304,
        "dmean2": 0.0410534478724,
        "dvar": 0.0204611662775,
        "dvar2": 0.0424667820334,
        "max": 1,
        "mean": 0.0533642694354,
        "median": 0,
        "min": 0,
        "stdev": 0.224759534001,
        "var": 0.0505168512464
    },
    "spectral_centroid": {
        "dmean": 331.525543213,
        "dmean2": 492.705657959,
        "dvar": 259149.828125,
        "dvar2": 453371.34375,
        "max": 11315.640625,
        "mean": 1113.7220459,
        "median": 869.889709473,
        "min": 162.920700073,
        "stdev": 831.14666748,
        "var": 690804.75
    },
    "spectral_complexity": {
        "dmean": 4.34520101547,
        "dmean2": 6.2819519043,
        "dvar": 34.9086608887,
        "dvar2": 55.835319519,
        "max": 63,
        "mean": 15.8259859085,
        "median": 15,
        "min": 0,
        "stdev": 9.79052734375,
        "var": 95.8544311523
    },
    "spectral_decrease": {
        "dmean": 3.91256715915e-09,
        "dmean2": 5.57148105429e-09,
        "dvar": 3.96613019774e-17,
        "dvar2": 1.02092166449e-16,
        "max": -1.61387524699e-28,
        "mean": -2.53455620935e-08,
        "median": -3.04294189846e-08,
        "min": -5.95676503679e-08,
        "stdev": 1.49270835692e-08,
        "var": 2.22817813657e-16
    },
    "spectral_energy": {
        "dmean": 0.015114963986,
        "dmean2": 0.0216387473047,
        "dvar": 0.000587553076912,
        "dvar2": 0.00151300407015,
        "max": 0.228169903159,
        "mean": 0.0975763574243,
        "median": 0.118005700409,
        "min": 1.07282045806e-20,
        "stdev": 0.0564776062965,
        "var": 0.00318972021341
    },
    "spectral_energyband_high": {
        "dmean": 0.000684573024046,
        "dmean2": 0.00105172174517,
        "dvar": 2.17958790927e-06,
        "dvar2": 4.55775216324e-06,
        "max": 0.0150340953842,
        "mean": 0.000826386152767,
        "median": 0.00025629546144,
        "min": 7.37666987916e-21,
        "stdev": 0.00181195279583,
        "var": 3.2831731005e-06
    },
    "spectral_energyband_low": {
        "dmean": 0.01190607436,
        "dmean2": 0.0154130998999,
        "dvar": 0.00033338405774,
        "dvar2": 0.000754641543608,
        "max": 0.173384875059,
        "mean": 0.0814501270652,
        "median": 0.0976209789515,
        "min": 4.59855420646e-23,
        "stdev": 0.0553328320384,
        "var": 0.00306172249839
    },
    "spectral_energyband_middle_high": {
        "dmean": 0.00231356639415,
        "dmean2": 0.00318940519355,
        "dvar": 1.64346020028e-05,
        "dvar2": 2.7599528039e-05,
        "max": 0.0517440140247,
        "mean": 0.00397727498785,
        "median": 0.0021087503992,
        "min": 1.72271752453e-21,
        "stdev": 0.00570572400466,
        "var": 3.25552864524e-05
    },
    "spectral_energyband_middle_low": {
        "dmean": 0.00811955425888,
        "dmean2": 0.0139989787713,
        "dvar": 0.000271324854111,
        "dvar2": 0.000758835871238,
        "max": 0.114096343517,
        "mean": 0.0128743052483,
        "median": 0.00882252026349,
        "min": 6.58795538652e-22,
        "stdev": 0.0153457308188,
        "var": 0.000235491446801
    },
    "spectral_entropy": {
        "dmean": 0.296309828758,
        "dmean2": 0.431620299816,
        "dvar": 0.102837473154,
        "dvar2": 0.207479149103,
        "max": 9.80444049835,
        "mean": 7.30803537369,
        "median": 7.28443861008,
        "min": 5.82840442657,
        "stdev": 0.534311830997,
        "var": 0.285489141941
    },
    "spectral_flux": {
        "dmean": 0.0395520813763,
        "dmean2": 0.0613292939961,
        "dvar": 0.00352083169855,
        "dvar2": 0.00588840059936,
        "max": 0.415662020445,
        "mean": 0.0963613390923,
        "median": 0.0716975107789,
        "min": 1.03577049715e-10,
        "stdev": 0.0784709602594,
        "var": 0.00615769112483
    },
    "spectral_kurtosis": {
        "dmean": 4.49767589569,
        "dmean2": 7.16458272934,
        "dvar": 39.7895507812,
        "dvar2": 92.361946106,
        "max": 60.1888046265,
        "mean": 7.17917490005,
        "median": 4.60022544861,
        "min": -1.22919487953,
        "stdev": 8.18079090118,
        "var": 66.9253463745
    },
    "spectral_rms": {
        "dmean": 0.000835301179904,
        "dmean2": 0.00115381518845,
        "dvar": 1.57060037509e-06,
        "dvar2": 3.53884138349e-06,
        "max": 0.0149199459702,
        "mean": 0.0090645160526,
        "median": 0.0107297487557,
        "min": 3.23520333786e-12,
        "stdev": 0.00360983633436,
        "var": 1.30309181259e-05
    },
    "spectral_rolloff": {
        "dmean": 358.214355469,
        "dmean2": 592.621826172,
        "dvar": 1068028,
        "dvar2": 2000640,
        "max": 19078.4179688,
        "mean": 758.610107422,
        "median": 172.265625,
        "min": 64.599609375,
        "stdev": 1607.64355469,
        "var": 2584517.75
    },
    "spectral_skewness": {
        "dmean": 0.509360790253,
        "dmean2": 0.781826794147,
        "dvar": 0.276406913996,
        "dvar2": 0.609693944454,
        "max": 5.70391607285,
        "mean": 1.81344747543,
        "median": 1.64478075504,
        "min": -0.0326664932072,
        "stdev": 0.877979516983,
        "var": 0.770848035812
    },
    "spectral_spread": {
        "dmean": 1102978,
        "dmean2": 1578349.125,
        "dvar": 2.86203287962e+12,
        "dvar2": 4.71594119987e+12,
        "max": 42220644,
        "mean": 4093056.75,
        "median": 3797957.5,
        "min": 980033.0625,
        "stdev": 2141457.5,
        "var": 4.58584018125e+12
    },
    "spectral_strongpeak": {
        "dmean": 0.196295574307,
        "dmean2": 0.296707719564,
        "dvar": 0.229435428977,
        "dvar2": 0.606699407101,
        "max": 5.4342341423,
        "mean": 0.76524490118,
        "median": 0.769928336143,
        "min": 0,
        "stdev": 0.531204223633,
        "var": 0.28217792511
    },
    "zerocrossingrate": {
        "dmean": 0.00888807885349,
        "dmean2": 0.0104358298704,
        "dvar": 0.000359780155122,
        "dvar2": 0.000401044555474,
        "max": 0.49072265625,
        "mean": 0.0283376835287,
        "median": 0.013671875,
        "min": 0.001953125,
        "stdev": 0.0432363115251,
        "var": 0.00186937872786
    },
    "barkbands": {
        "dmean": [0.00180293363519, 0.00991684664041, 0.00363967544399, 0.00209203921258, 0.00260664359666, 0.00108826719224, 0.00230626971461, 0.000720220326912, 0.00129209039733, 0.00027602649061, 0.000249887845712, 0.000382390775485, 0.000421698379796, 0.000464803393697, 0.000451311643701, 0.000332821131451, 0.000188182006241, 0.000186770790606, 0.00019704112492, 0.000192464722204, 0.000144750025356, 0.000111592060421, 0.00018177536549, 0.000105026279925, 5.71337295696e-05, 2.60110609815e-05, 1.68323936123e-06],
        "dmean2": [0.00233367783949, 0.0122561817989, 0.00682851439342, 0.00379671156406, 0.00457269093022, 0.00201378762722, 0.00376984546892, 0.0011824585963, 0.00190674082842, 0.000453863845905, 0.000404406397138, 0.000590154901147, 0.000661735131871, 0.000738946197089, 0.000686264596879, 0.000466197059723, 0.000263442692813, 0.000276503560599, 0.000296757672913, 0.00029606744647, 0.00021721876692, 0.000161285846843, 0.00029713960248, 0.000176320492756, 9.33058690862e-05, 4.32745837315e-05, 3.03802357848e-06],
        "dvar": [7.28739814804e-06, 0.000226787073188, 0.00013980413496, 3.74532028218e-05, 2.37567273871e-05, 8.60959153215e-06, 2.31268968491e-05, 4.96964776175e-06, 9.00085251487e-06, 5.39154086709e-07, 2.51935432516e-07, 9.67325490819e-07, 1.46600700646e-06, 1.48362084929e-06, 1.3572437183e-06, 5.74828561639e-07, 2.23750902251e-07, 2.69070170589e-07, 1.79463853556e-07, 2.12849130321e-07, 1.01899637173e-07, 9.1841222627e-08, 1.29946400307e-07, 6.00662346528e-08, 3.75782072126e-08, 1.13349427622e-08, 1.05489991742e-10],
        "dvar2": [1.37301258292e-05, 0.000450898485724, 0.000410410197219, 0.000107019921415, 6.59917204757e-05, 2.45820483542e-05, 5.74120749661e-05, 1.20663480629e-05, 1.84414093383e-05, 1.39521478104e-06, 5.29232863755e-07, 2.05893843486e-06, 3.46598358192e-06, 3.46836463905e-06, 3.13751115755e-06, 9.93845674202e-07, 3.50669495219e-07, 4.98807651184e-07, 3.72667415149e-07, 4.90572915623e-07, 1.99045629756e-07, 1.79096048214e-07, 2.90915721735e-07, 1.45210350411e-07, 9.23072747128e-08, 3.01429494698e-08, 2.98323143966e-10],
        "max": [0.0384769141674, 0.153927341104, 0.0830327644944, 0.0445775389671, 0.0381263904274, 0.0228808186948, 0.0519409924746, 0.060464091599, 0.0429800413549, 0.0125647746027, 0.00625677919015, 0.0133893964812, 0.0203469656408, 0.0126551287249, 0.0155111029744, 0.0120399175212, 0.0109719019383, 0.00590963289142, 0.00471508083865, 0.00490399310365, 0.00389475631528, 0.00550400419161, 0.00410994049162, 0.0033173430711, 0.00361296790652, 0.0017654071562, 0.000160298339324],
        "mean": [0.00856589898467, 0.0678929165006, 0.00347854732536, 0.00266389385797, 0.00383668486029, 0.0010949743446, 0.00244157668203, 0.000923031882849, 0.00181862746831, 0.000416544557083, 0.000372370646801, 0.000429192383308, 0.000447318743682, 0.000522893620655, 0.000548561103642, 0.000476378627354, 0.000260663102381, 0.000231066092965, 0.00025084221852, 0.000234217644902, 0.000193911837414, 0.000135453912662, 0.000161271047546, 9.93852590909e-05, 5.64634101465e-05, 2.25946514547e-05, 1.18600530641e-06],
        "median": [0.00772458082065, 0.0796065479517, 0.0010519878706, 0.000895109551493, 0.0022836017888, 0.000416643917561, 0.000554038502742, 0.00025888212258, 0.000363249942893, 0.000147523489431, 0.000123125268146, 0.000117136609333, 0.000130150263431, 0.000130953543703, 0.000114142450911, 8.19451815914e-05, 3.75585295842e-05, 4.30111031164e-05, 2.49061649811e-05, 3.75240160793e-05, 4.27831437264e-05, 2.06734857784e-05, 1.4090815057e-05, 1.244374198e-05, 6.51989603284e-06, 1.02508840882e-06, 6.6664065379e-09],
        "min": [7.13604018597e-25, 1.37674592643e-23, 2.10081279457e-23, 2.93496646421e-23, 9.22991429807e-23, 1.7552637924e-23, 3.57552593687e-23, 1.04686499558e-22, 3.32535946359e-22, 5.97751777867e-23, 9.63384894686e-23, 6.4510804464e-23, 1.19702851853e-22, 2.06525488926e-22, 1.31683881954e-22, 1.91564621952e-22, 1.31481378205e-22, 1.86849758094e-22, 4.29693065188e-22, 2.87060955073e-22, 3.60620454814e-22, 7.50697505944e-22, 7.0248419544e-22, 8.17965253054e-22, 1.1569441609e-21, 1.31571699623e-21, 2.45649983319e-21],
        "stdev": [0.00757200829685, 0.0486751273274, 0.00902750808746, 0.00519703282043, 0.00469452189282, 0.00237755407579, 0.00510632526129, 0.00231837527826, 0.00431178184226, 0.000811565143522, 0.000644766259938, 0.00107983860653, 0.00119294901378, 0.00129615690093, 0.00146827870049, 0.00113400479313, 0.00072588538751, 0.00064945028862, 0.000539610569831, 0.000536955834832, 0.000407470099162, 0.000417455099523, 0.000401692057494, 0.000256231898675, 0.000196693508769, 9.84739963314e-05, 8.22549918666e-06],
        "var": [5.73353063373e-05, 0.00236926809885, 8.14958984847e-05, 2.70091495622e-05, 2.20385372813e-05, 5.65276286579e-06, 2.60745564447e-05, 5.37486403118e-06, 1.85914632311e-05, 6.58637986817e-07, 4.15723519609e-07, 1.16605133371e-06, 1.42312740081e-06, 1.68002270584e-06, 2.15584236685e-06, 1.28596695959e-06, 5.26909616383e-07, 4.21785642857e-07, 2.91179560463e-07, 2.8832158705e-07, 1.66031881577e-07, 1.74268748765e-07, 1.61356510375e-07, 6.56547882727e-08, 3.86883378667e-08, 9.69712843357e-09, 6.76588368664e-11]
    },
    "erbbands": {
        "dmean": [0.608131945133, 1.67297327518, 3.92774939537, 6.11790370941, 7.05723571777, 10.7934970856, 7.84398365021, 9.90979003906, 28.4274654388, 26.348657608, 19.4936981201, 32.6543121338, 10.6939992905, 9.34535121918, 10.8767290115, 15.701625824, 17.2840671539, 23.1692256927, 24.7601108551, 18.9817752838, 17.3036346436, 10.0102853775, 10.0753278732, 9.22290229797, 10.0505247116, 8.69878578186, 7.41719532013, 5.43828392029, 4.15362119675, 4.22639560699, 5.12938833237, 3.1542840004, 1.33119249344, 0.733079493046, 0.351496219635, 0.131924107671, 0.048941001296, 0.00787605345249, 0.000192200241145, 2.14239189518e-05],
        "dmean2": [0.624025166035, 2.54622840881, 7.25020360947, 11.3224716187, 12.1098976135, 18.8135814667, 14.3375682831, 18.0860900879, 48.5238265991, 43.0641937256, 30.8183994293, 47.8767929077, 15.957493782, 15.3146600723, 17.1790065765, 23.8760204315, 26.3859977722, 35.7766799927, 37.0099983215, 27.4925994873, 24.7033195496, 13.540643692, 14.4763870239, 13.3079538345, 15.105340004, 12.9871149063, 11.3774728775, 8.11166381836, 6.17701292038, 6.63205766678, 8.48801326752, 5.33412075043, 2.17222929001, 1.19245696068, 0.584447383881, 0.21888576448, 0.0821887925267, 0.013284993358, 0.000331480900059, 3.21530751535e-05],
        "dvar": [0.739257693291, 11.8855981827, 161.232543945, 344.32901001, 231.246765137, 389.129730225, 321.567382812, 754.322021484, 3446.33325195, 4316.41162109, 4082.87353516, 6746.74707031, 679.331481934, 527.623046875, 407.557067871, 1810.1887207, 2061.78588867, 4075.46875, 4327.42675781, 1750.80102539, 1785.60449219, 588.932922363, 896.895385742, 414.426513672, 563.371704102, 475.477172852, 242.856231689, 176.185043335, 127.69833374, 109.713294983, 102.714363098, 40.859172821, 14.6344909668, 5.49775648117, 1.54055190086, 0.247772306204, 0.0453022904694, 0.00146844470873, 9.03241982542e-07, 1.4607338672e-09],
        "dvar2": [1.29148364067, 31.3430213928, 466.462585449, 1006.38293457, 601.070800781, 1146.94189453, 915.526916504, 2145.73364258, 9115.15722656, 10076.1875, 9487.30761719, 13787.1757812, 1489.88745117, 1348.57641602, 849.217346191, 3753.01000977, 4550.80126953, 9856.16992188, 9789.94238281, 3780.8815918, 3089.18212891, 824.941589355, 1654.75231934, 789.762512207, 1301.0423584, 1094.92602539, 511.605163574, 379.943756104, 258.594177246, 219.055435181, 229.243713379, 101.332504272, 35.7283363342, 13.4402265549, 3.89914822578, 0.659682869911, 0.122178472579, 0.00393867632374, 2.50668222179e-06, 3.8294363236e-09],
        "max": [8.83353233337, 29.9355792999, 95.5596008301, 125.509895325, 117.853256226, 147.676589966, 191.906036377, 249.568664551, 610.764221191, 841.71484375, 1900.34667969, 1370.1784668, 409.610076904, 477.376953125, 201.581359863, 569.599060059, 658.738342285, 749.180847168, 986.182006836, 555.818786621, 854.916870117, 565.250732422, 390.039550781, 272.11630249, 331.281799316, 245.176651001, 173.993225098, 166.283584595, 186.997207642, 204.130081177, 138.959335327, 57.1133842468, 65.2898864746, 48.5944747925, 15.4400205612, 6.73815155029, 3.78369736671, 0.657707333565, 0.0150153143331, 0.000454009452369],
        "mean": [3.76769137383, 7.89503669739, 4.21765136719, 8.08545780182, 8.49138450623, 15.4509515762, 9.83093261719, 10.3636360168, 28.7144756317, 30.2168941498, 27.5730171204, 44.0637130737, 17.3117866516, 15.5468082428, 14.8926963806, 18.3446216583, 19.4312744141, 26.5592803955, 29.1009845734, 26.1032657623, 25.9203968048, 14.8456754684, 12.6223363876, 12.3280897141, 12.1186571121, 10.5923652649, 9.76989269257, 7.02228403091, 4.91541385651, 4.45277023315, 4.57887029648, 2.83521342278, 1.27738082409, 0.747360646725, 0.323736071587, 0.115535736084, 0.0410121418536, 0.00651381025091, 0.000194726351765, 0.000113202528155],
        "median": [4.25828504562, 8.16565608978, 2.08427739143, 3.36411118507, 4.50891971588, 7.61258125305, 4.54487657547, 4.02554750443, 7.84202957153, 8.15890312195, 8.85934829712, 8.58295154572, 5.24854040146, 6.17162084579, 6.25739860535, 4.94892501831, 6.01553916931, 7.87824964523, 6.48849821091, 5.55828857422, 4.97469043732, 2.58079123497, 2.30251455307, 1.79358041286, 1.22412407398, 1.91727721691, 2.16473793983, 1.72154402733, 0.980810642242, 0.51831561327, 0.414499819279, 0.336823731661, 0.148954987526, 0.0914467573166, 0.0269970409572, 0.00751090608537, 0.00143081368878, 9.93875801214e-05, 6.30958093097e-05, 0.000132869929075],
        "min": [3.57942896819e-22, 3.76815504141e-21, 2.77100076832e-20, 5.53036672435e-20, 3.11820466057e-19, 2.14453979656e-19, 1.37590599379e-19, 1.61068479629e-19, 2.32960090835e-19, 1.82311144674e-18, 3.35655003323e-18, 7.1180521256e-18, 3.91445275071e-18, 1.30758746678e-18, 5.03259952041e-18, 2.35000047472e-18, 4.68418277459e-18, 9.48668546401e-18, 8.91329709827e-18, 9.23743940183e-18, 9.26617896503e-18, 7.56612511007e-18, 1.26448569068e-17, 1.55955325745e-17, 2.04468459511e-17, 1.36169802422e-17, 1.19533587302e-17, 1.98061780231e-17, 2.81687887275e-17, 2.17728048925e-17, 1.85617939793e-17, 1.4158374089e-17, 1.55668674576e-17, 1.13675882978e-17, 1.011998404e-17, 5.41166661664e-18, 2.49282023852e-18, 8.87199080041e-19, 3.15659850719e-19, 4.02237381616e-20],
        "stdev": [2.85025596619, 6.08421850204, 9.86747455597, 15.2835302353, 13.8251962662, 19.7228927612, 16.4828605652, 22.4952545166, 57.0955123901, 71.1641159058, 69.9543380737, 113.923027039, 37.0578804016, 27.3265552521, 24.4134101868, 47.4393348694, 48.0781059265, 65.6698760986, 74.9278869629, 57.5156669617, 62.3390388489, 39.3486862183, 36.9036483765, 27.4159870148, 27.3108348846, 24.6519775391, 19.9985733032, 16.1692352295, 14.1560754776, 14.016576767, 11.5571756363, 6.55037307739, 3.9326145649, 2.45806479454, 1.181899786, 0.44959244132, 0.193254634738, 0.0360726974905, 0.000818589993287, 6.37561533949e-05],
        "var": [8.12395954132, 37.0177154541, 97.3670501709, 233.586303711, 191.136062622, 388.992462158, 271.6847229, 506.036437988, 3259.89746094, 5064.33105469, 4893.60888672, 12978.4560547, 1373.28649902, 746.740600586, 596.014587402, 2250.49047852, 2311.50415039, 4312.53271484, 5614.18847656, 3308.05175781, 3886.15576172, 1548.3190918, 1361.87927246, 751.636352539, 745.881713867, 607.719970703, 399.942932129, 261.44418335, 200.394470215, 196.464416504, 133.56829834, 42.9073867798, 15.4654569626, 6.04208278656, 1.39688706398, 0.202133357525, 0.0373473539948, 0.00130123959389, 6.70089605137e-07, 4.06484712556e-09]
    },
    "gfcc": {
        "mean": [-21.3642578125, 127.960693359, -101.973426819, 41.7734870911, -43.4680252075, 20.1665821075, -23.7925739288, 7.77828025818, -6.24142694473, 6.18240642548, -5.20471096039, -5.53883075714, 0.950644671917],
        "cov": [[6092.86621094, -1643.48181152, -200.774963379, 630.072570801, -584.131835938, 504.805969238, -176.139724731, 462.51663208, -61.5992889404, 324.702819824, -108.773933411, 194.90083313, -190.129455566], [-1643.48181152, 3022.37426758, 278.585845947, -399.694091797, 743.521362305, -334.148254395, 543.405639648, -271.462615967, 285.072265625, -238.665222168, 257.477844238, -243.855361938, 312.659179688], [-200.774963379, 278.585845947, 961.764404297, 111.711700439, 49.2943153381, 239.572967529, 106.14250946, -6.77567625046, 36.9891853333, -41.371761322, 121.908332825, 84.2426986694, 50.1879959106], [630.072570801, -399.694091797, 111.711700439, 642.117797852, -87.5666351318, 12.0535593033, 5.7412405014, 28.6374359131, 58.6275138855, 40.3512763977, 68.6985626221, 38.5939788818, 65.8781204224], [-584.131835938, 743.521362305, 49.2943153381, -87.5666351318, 616.202148438, -137.045303345, 211.599365234, -16.7648429871, 104.004379272, -14.6509246826, 118.151535034, -15.3854427338, 130.383514404], [504.805969238, -334.148254395, 239.572967529, 12.0535593033, -137.045303345, 388.932220459, -9.23492717743, 45.687461853, -16.1242313385, 19.1503505707, 18.2372283936, 52.5412216187, -37.8339309692], [-176.139724731, 543.405639648, 106.14250946, 5.7412405014, 211.599365234, -9.23492717743, 414.111053467, 10.7719449997, 35.7079315186, 11.92137146, 77.3194198608, -11.3294754028, 122.269981384], [462.51663208, -271.462615967, -6.77567625046, 28.6374359131, -16.7648429871, 45.687461853, 10.7719449997, 191.11479187, -6.3941078186, 73.0033340454, 8.12102127075, 24.4261989594, -26.9830417633], [-61.5992889404, 285.072265625, 36.9891853333, 58.6275138855, 104.004379272, -16.1242313385, 35.7079315186, -6.3941078186, 175.098266602, -0.0665611028671, 64.8491134644, -26.9490432739, 61.125328064], [324.702819824, -238.665222168, -41.371761322, 40.3512763977, -14.6509246826, 19.1503505707, 11.92137146, 73.0033340454, -0.0665611028671, 185.849197388, -4.05745220184, -3.11608409882, 5.11741542816], [-108.773933411, 257.477844238, 121.908332825, 68.6985626221, 118.151535034, 18.2372283936, 77.3194198608, 8.12102127075, 64.8491134644, -4.05745220184, 192.361129761, 9.18091964722, 41.0724601746], [194.90083313, -243.855361938, 84.2426986694, 38.5939788818, -15.3854427338, 52.5412216187, -11.3294754028, 24.4261989594, -26.9490432739, -3.11608409882, 9.18091964722, 136.397262573, -12.40604496], [-190.129455566, 312.659179688, 50.1879959106, 65.8781204224, 130.383514404, -37.8339309692, 122.269981384, -26.9830417633, 61.125328064, 5.11741542816, 41.0724601746, -12.40604496, 139.923202515]],
        "icov": [[0.000332098075887, -0.000257775100181, 0.000268329225946, -0.000509258068632, 0.000138203773531, -0.000541353481822, 0.000131074237288, -0.000653348455671, 7.10199165042e-05, -0.000440665869974, 0.000378655618988, -0.000583126209676, 0.000477333203889], [-0.000257775100181, 0.00182079803199, -0.000779073860031, 0.0015481475275, -0.000471945619211, 0.00140875403304, -0.00124067405704, 0.00149918464012, -0.00126050307881, 0.00164090178441, -0.00137311767321, 0.00243788259104, -0.00156452308875], [0.000268329225946, -0.000779073860031, 0.00187886343338, -0.000976858194917, 0.000128775922349, -0.0016942450311, 0.000331178016495, -0.000669586181175, 0.000474978325656, -0.000452377687907, 0.000132671208121, -0.00172457448207, 0.000512036494911], [-0.000509258068632, 0.0015481475275, -0.000976858194917, 0.00362091208808, 0.000313619151711, 0.0018643620424, -0.000801076472271, 0.00139728211798, -0.00143557263073, 0.0012741117971, -0.00207286374643, 0.00168817548547, -0.00298573100008], [0.000138203773531, -0.000471945619211, 0.000128775922349, 0.000313619151711, 0.00301032443531, 0.000548943178728, -0.000394272530684, -0.000724362034816, -0.00053633825155, -0.000403534941142, -0.000747616926674, -0.0011435537599, -0.00103618495632], [-0.000541353481822, 0.00140875403304, -0.0016942450311, 0.0018643620424, 0.000548943178728, 0.00519575877115, -0.00117418973241, 0.00113448128104, -0.00116709549911, 0.0011236538412, -0.00163748208433, 0.00139039033093, -0.000942665152252], [0.000131074237288, -0.00124067405704, 0.000331178016495, -0.000801076472271, -0.000394272530684, -0.00117418973241, 0.00464821234345, -0.00163190637249, 0.00183912739158, -0.00109958346002, 0.000214159095776, -0.00115944177378, -0.00204667355865], [-0.000653348455671, 0.00149918464012, -0.000669586181175, 0.00139728211798, -0.000724362034816, 0.00113448128104, -0.00163190637249, 0.00876857247204, -0.00121495139319, -0.000930023321416, -0.00162888388149, 0.00131064502057, 0.000602392712608], [7.10199165042e-05, -0.00126050307881, 0.000474978325656, -0.00143557263073, -0.00053633825155, -0.00116709549911, 0.00183912739158, -0.00121495139319, 0.00898651219904, -0.000852825352922, -0.000973392394371, 0.000172130050487, -0.0018321336247], [-0.000440665869974, 0.00164090178441, -0.000452377687907, 0.0012741117971, -0.000403534941142, 0.0011236538412, -0.00109958346002, -0.000930023321416, -0.000852825352922, 0.00826443079859, -0.00111841212492, 0.00293978326954, -0.0025823970791], [0.000378655618988, -0.00137311767321, 0.000132671208121, -0.00207286374643, -0.000747616926674, -0.00163748208433, 0.000214159095776, -0.00162888388149, -0.000973392394371, -0.00111841212492, 0.00847923755646, -0.00223829806782, 0.00204245676287], [-0.000583126209676, 0.00243788259104, -0.00172457448207, 0.00168817548547, -0.0011435537599, 0.00139039033093, -0.00115944177378, 0.00131064502057, 0.000172130050487, 0.00293978326954, -0.00223829806782, 0.0121709676459, -0.00215519475751], [0.000477333203889, -0.00156452308875, 0.000512036494911, -0.00298573100008, -0.00103618495632, -0.000942665152252, -0.00204667355865, 0.000602392712608, -0.0018321336247, -0.0025823970791, 0.00204245676287, -0.00215519475751, 0.0152328601107]]
    },
    "melbands": {
        "dmean": [0.00371380895376, 0.00192974018864, 0.00104954501148, 0.000600192171987, 0.000320155842928, 0.000230677585932, 0.000457804999314, 0.000248405587627, 0.000182617819519, 0.000192938256077, 5.22532172909e-05, 3.85318016924e-05, 3.45510234183e-05, 4.09726962971e-05, 4.34769899584e-05, 4.300465298e-05, 4.45040459454e-05, 4.09442836826e-05, 3.21192856063e-05, 2.27014752454e-05, 2.10705584323e-05, 1.12342022476e-05, 9.0884805104e-06, 8.93561445992e-06, 7.58243686505e-06, 8.04765750217e-06, 6.26026758255e-06, 6.30538170299e-06, 5.7606507653e-06, 3.27087150254e-06, 3.28254554915e-06, 2.54312408288e-06, 1.95708616957e-06, 2.71166663879e-06, 3.13293048748e-06, 2.81401662505e-06, 1.60153786055e-06, 9.61046566772e-07, 7.72403609517e-07, 5.81571271141e-07],
        "dmean2": [0.00405694684014, 0.00334099959582, 0.00191748829093, 0.00104589306284, 0.000577120867092, 0.000422931712819, 0.000770464946982, 0.000406783132348, 0.00028345361352, 0.000283120956738, 7.95286396169e-05, 6.36141339783e-05, 5.51059529244e-05, 6.3962303102e-05, 6.73901449773e-05, 6.7458517151e-05, 7.0160262112e-05, 6.24578096904e-05, 4.85540076625e-05, 3.22859777953e-05, 3.06240435748e-05, 1.56940222951e-05, 1.28050996864e-05, 1.33064631882e-05, 1.11339541036e-05, 1.2237052033e-05, 9.73799251369e-06, 9.74722934188e-06, 9.07370667846e-06, 4.89478179588e-06, 4.91138644065e-06, 3.84232407669e-06, 2.86825525109e-06, 4.36686104877e-06, 5.20921048519e-06, 4.79371692563e-06, 2.70410532721e-06, 1.54003225816e-06, 1.29645866309e-06, 9.27731832689e-07],
        "dvar": [2.74441881629e-05, 2.924556793e-05, 9.55488940235e-06, 1.15370335152e-06, 5.18207400546e-07, 4.11337310879e-07, 8.73998828865e-07, 3.60051160442e-07, 3.16372933185e-07, 2.25565699452e-07, 1.77589125627e-08, 9.63410506927e-09, 4.37137526177e-09, 1.06629522989e-08, 2.063609017e-08, 1.63044138191e-08, 1.52782000384e-08, 1.19126246645e-08, 6.63785826305e-09, 2.42802733474e-09, 2.68998068265e-09, 7.94067200882e-10, 6.58581689184e-10, 6.06936834124e-10, 2.78982642543e-10, 3.36318251026e-10, 3.26149024454e-10, 2.6719898516e-10, 1.57683199831e-10, 4.96254912163e-11, 7.5337187877e-11, 5.1552519198e-11, 2.87076733912e-11, 4.03538001625e-11, 3.98160948656e-11, 3.24395961482e-11, 1.21949082776e-11, 6.58344776264e-12, 9.0552270543e-12, 2.88359700701e-12],
        "dvar2": [4.95241292811e-05, 8.25342722237e-05, 2.73532059509e-05, 3.18268121191e-06, 1.49940785832e-06, 1.17103479624e-06, 2.26190172725e-06, 8.43654277105e-07, 7.03725959283e-07, 4.6192454306e-07, 3.93798558207e-08, 2.47280826926e-08, 9.18127707195e-09, 2.08369748123e-08, 5.24934371526e-08, 3.95502546269e-08, 3.65028967053e-08, 2.65423913959e-08, 1.53108707934e-08, 4.39917036132e-09, 4.68871164117e-09, 1.27221866375e-09, 1.13534681656e-09, 1.09915720969e-09, 5.51323375841e-10, 7.29276194988e-10, 8.39071034875e-10, 6.35683727879e-10, 3.72729042075e-10, 1.00917510459e-10, 1.70101877028e-10, 1.09358889999e-10, 5.51476156407e-11, 8.80846645623e-11, 8.7940606186e-11, 8.08580494227e-11, 3.10909631374e-11, 1.51685001365e-11, 2.42820086954e-11, 6.84032995177e-12],
        "max": [0.0555338077247, 0.0427988246083, 0.0208286456764, 0.00836157239974, 0.00724308937788, 0.00517173903063, 0.00928060896695, 0.00780632393435, 0.0162591058761, 0.00806028395891, 0.00210659997538, 0.00209134630859, 0.000898129132111, 0.00125731364824, 0.0030366841238, 0.00227898871526, 0.00153551239055, 0.00159468245693, 0.0014944759896, 0.000726479513105, 0.00111355085392, 0.000660066201817, 0.000343035644619, 0.000286292633973, 0.000222785049118, 0.000229832949117, 0.000272778212093, 0.000203045390663, 0.000173620093847, 8.67680646479e-05, 0.000117589770525, 0.000114149268484, 0.000129079315229, 8.91839736141e-05, 0.00010992395255, 5.32359990757e-05, 4.31003354606e-05, 3.76580283046e-05, 6.68504435453e-05, 3.12130505336e-05],
        "mean": [0.0246189069003, 0.00435902085155, 0.00132909952663, 0.000855270423926, 0.000430871325079, 0.000232025326113, 0.000472045328934, 0.000293612276437, 0.000249769887887, 0.000263271620497, 7.87731260061e-05, 6.24120075372e-05, 4.92653780384e-05, 4.77264438814e-05, 4.57185087726e-05, 4.53140382888e-05, 4.93045554322e-05, 4.60264564026e-05, 4.06954568462e-05, 3.1397856219e-05, 2.98791419482e-05, 1.56454843818e-05, 1.15096736408e-05, 1.1054924471e-05, 9.76078990789e-06, 9.86789109447e-06, 6.71995121593e-06, 7.45521629142e-06, 7.02981878931e-06, 4.37917378804e-06, 3.93758955397e-06, 2.88958108285e-06, 2.32969341596e-06, 2.58479508375e-06, 2.76133209809e-06, 2.37701624428e-06, 1.46369461618e-06, 8.89088767053e-07, 7.60563978019e-07, 5.78491437864e-07],
        "median": [0.0289432182908, 0.00370101607405, 0.000559681269806, 0.000493447005283, 0.000202602415811, 8.73325552675e-05, 0.000126129627461, 8.30049830256e-05, 6.43105304334e-05, 5.04422714585e-05, 2.17398610403e-05, 2.21438913286e-05, 1.7433301764e-05, 1.47233458847e-05, 1.08256699605e-05, 1.32632712848e-05, 1.32574186864e-05, 9.52493610384e-06, 8.63039167598e-06, 5.3772901083e-06, 5.31383057023e-06, 2.35052857533e-06, 1.70066755345e-06, 2.08055416806e-06, 1.25401231799e-06, 8.51660502121e-07, 7.49290961721e-07, 1.04145590285e-06, 1.30181183522e-06, 8.3183630295e-07, 8.31516558719e-07, 4.56222096545e-07, 3.22356925153e-07, 2.43165374059e-07, 2.28187573725e-07, 2.33022888096e-07, 1.77460165673e-07, 9.09775650371e-08, 8.23149619578e-08, 7.0732667723e-08],
        "min": [3.38376166053e-24, 1.02295458998e-23, 1.74294793818e-23, 2.09852888447e-23, 5.4228748038e-24, 3.33636019203e-24, 4.20070009752e-24, 2.00056371964e-23, 3.57513844839e-23, 4.43632306803e-23, 1.84106645757e-23, 3.94342810164e-24, 1.50930106423e-23, 9.00427688666e-24, 6.93573607618e-24, 1.36137812713e-23, 1.78264215675e-23, 1.62080355551e-23, 8.87531390588e-24, 1.3713146191e-23, 9.70193363833e-24, 6.23744468592e-24, 1.32938539981e-23, 7.55811972027e-24, 1.31243869541e-23, 1.67499845748e-23, 1.04670387862e-23, 8.75613043373e-24, 7.45705559426e-24, 6.65660868892e-24, 1.42881153503e-23, 1.62069453494e-23, 1.39945502308e-23, 1.23232316517e-23, 1.03314391187e-23, 1.03598941204e-23, 7.863434923e-24, 1.05141479818e-23, 9.92862623008e-24, 9.71071997109e-24],
        "stdev": [0.0180425029248, 0.00492312945426, 0.0025470382534, 0.00103890907485, 0.000670472742058, 0.000519079971127, 0.000942530110478, 0.000651818292681, 0.000644807878416, 0.000673518923577, 0.000181472147233, 0.000114603935799, 8.30125209177e-05, 0.000117840827443, 0.00013494178711, 0.000123716614326, 0.000127448365674, 0.000121397388284, 0.000111100787763, 7.04302437953e-05, 7.53932617954e-05, 4.34807807324e-05, 3.38135541824e-05, 3.09664865199e-05, 2.21829141083e-05, 2.22802391363e-05, 1.84293239727e-05, 1.80110582733e-05, 1.54098906933e-05, 8.95437642612e-06, 1.00525603557e-05, 8.49933621794e-06, 7.94939933257e-06, 7.50198933019e-06, 7.43734790376e-06, 5.61485239814e-06, 3.52083088728e-06, 2.73580394605e-06, 2.88037540486e-06, 1.80931635896e-06],
        "var": [0.000325531931594, 2.42372025241e-05, 6.48740342513e-06, 1.07933215077e-06, 4.4953370093e-07, 2.69444001333e-07, 8.88362990281e-07, 4.2486706775e-07, 4.1577723664e-07, 4.53627734487e-07, 3.29321423465e-08, 1.31340627263e-08, 6.89107837459e-09, 1.38864608701e-08, 1.82092847467e-08, 1.53057992947e-08, 1.62430850992e-08, 1.4737325138e-08, 1.23433849808e-08, 4.96041963061e-09, 5.68414382229e-09, 1.89057813849e-09, 1.14335652057e-09, 9.58923385141e-10, 4.92081708714e-10, 4.96409024997e-10, 3.39639982805e-10, 3.24398202745e-10, 2.37464714559e-10, 8.0180855011e-11, 1.01053970747e-10, 7.22387150098e-11, 6.31929439332e-11, 5.62798418979e-11, 5.53141421555e-11, 3.152656608e-11, 1.23962506926e-11, 7.4846231643e-12, 8.29656222195e-12, 3.27362572813e-12]
    },
    "melbands128": {
