{
"lowlevel": {
    "average_loudness": 0.952282369137,
    "barkbands_crest": {
        "dmean": 2.75674700737,
        "dmean2": 3.96446442604,
        "dvar": 7.64692354202,
        "dvar2": 17.9609127045,
        "max": 26.3008480072,
        "mean": 14.4714841843,
        "median": 13.6979799271,
        "min": 3.69400429726,
        "stdev": 5.82719564438,
        "var": 33.9562110901
    },
    "barkbands_flatness_db": {
        "dmean": 0.0454261116683,
        "dmean2": 0.0662116184831,
        "dvar": 0.00297027034685,
        "dvar2": 0.00668849982321,
        "max": 0.619345068932,
        "mean": 0.233634829521,
        "median": 0.213562965393,
        "min": 0.055950500071,
        "stdev": 0.0955873951316,
        "var": 0.00913695059717
    },
    "barkbands_kurtosis": {
        "dmean": 38.7087783813,
        "dmean2": 62.4222450256,
        "dvar": 18319.5488281,
        "dvar2": 49007.453125,
        "max": 1831.84130859,
        "mean": 44.4799041748,
        "median": 10.0907068253,
        "min": -1.91488003731,
        "stdev": 132.411010742,
        "var": 17532.6757812
    },
    "barkbands_skewness": {
        "dmean": 1.7110272646,
        "dmean2": 2.56508374214,
        "dvar": 8.08151435852,
        "dvar2": 19.8322544098,
        "max": 34.2030830383,
        "mean": 3.98403096199,
        "median": 2.83973097801,
        "min": -2.19207525253,
        "stdev": 4.09379434586,
        "var": 16.7591514587
    },
    "barkbands_spread": {
        "dmean": 8.08863258362,
        "dmean2": 12.0024290085,
        "dvar": 138.171798706,
        "dvar2": 270.672576904,
        "max": 125.306884766,
        "mean": 15.4433002472,
        "median": 10.1141414642,
        "min": 0.0787604376674,
        "stdev": 17.644443512,
        "var": 311.32635498
    },
    "dissonance": {
        "dmean": 0.0269620846957,
        "dmean2": 0.0440127849579,
        "dvar": 0.000690126908012,
        "dvar2": 0.00168891006615,
        "max": 0.499541074038,
        "mean": 0.449231594801,
        "median": 0.45604160428,
        "min": 0.202178254724,
        "stdev": 0.0356606915593,
        "var": 0.0012716850033
    },
    "dynamic_complexity": 2.24148035049,
    "erbbands_crest": {
        "dmean": 3.27674889565,
        "dmean2": 5.24312543869,
        "dvar": 9.96205711365,
        "dvar2": 24.9527130127,
        "max": 27.501783371,
        "mean": 9.24135398865,
        "median": 8.19976806641,
        "min": 2.44476771355,
        "stdev": 4.18730258942,
        "var": 17.5335044861
    },
    "erbbands_flatness_db": {
        "dmean": 0.0323656238616,
        "dmean2": 0.0454559698701,
        "dvar": 0.00110952334944,
        "dvar2": 0.00246897223406,
        "max": 0.407250910997,
        "mean": 0.161896124482,
        "median": 0.155982986093,
        "min": 0.0575036518276,
        "stdev": 0.0560859553516,
        "var": 0.0031456341967
    },
    "erbbands_kurtosis": {
        "dmean": 3.23331069946,
        "dmean2": 5.33129644394,
        "dvar": 113.315765381,
        "dvar2": 294.839294434,
        "max": 165.241714478,
        "mean": 1.96307647228,
        "median": 0.153877735138,
        "min": -1.92543184757,
        "stdev": 9.37203979492,
        "var": 87.8351364136
    },
    "erbbands_skewness": {
        "dmean": 0.748006820679,
        "dmean2": 1.1299431324,
        "dvar": 0.895888864994,
        "dvar2": 1.91215026379,
        "max": 10.1394119263,
        "mean": 0.683168411255,
        "median": 0.630324006081,
        "min": -3.99550747871,
        "stdev": 1.28326153755,
        "var": 1.64676010609
    },
    "erbbands_spread": {
        "dmean": 21.3695106506,
        "dmean2": 31.5698776245,
        "dvar": 586.656311035,
        "dvar2": 1159.63220215,
        "max": 204.460754395,
        "mean": 55.4903335571,
        "median": 44.1172447205,
        "min": 1.07189655304,
        "stdev": 39.6761131287,
        "var": 1574.19396973
    },
    "hfc": {
        "dmean": 10.0552043915,
        "dmean2": 13.9600858688,
        "dvar": 286.225524902,
        "dvar2": 576.885620117,
        "max": 285.369720459,
        "mean": 20.2993392944,
        "median": 13.1085977554,
        "min": 0.000396371207898,
        "stdev": 23.9996585846,
        "var": 575.983642578
    },
    "loudness_ebu128": {
        "integrated": -9.80277061462,
        "loudness_range": 2.71295928955,
        "momentary": {
            "dmean": 0.833106517792,
            "dmean2": 1.26578080654,
            "dvar": 0.584799349308,
            "dvar2": 1.22852218151,
            "max": -7.19148254395,
            "mean": -10.1376209259,
            "median": -9.7464132309,
            "min": -15.8914451599,
            "stdev": 1.79768919945,
            "var": 3.2316865921
        },
        "short_term": {
            "dmean": 0.101144082844,
            "dmean2": 0.133465230465,
            "dvar": 0.00710392696783,
            "dvar2": 0.010008350946,
            "max": -8.50793552399,
            "mean": -9.87961673737,
            "median": -9.49380111694,
            "min": -13.1541833878,
            "stdev": 1.11750853062,
            "var": 1.24882519245
        }
    },
    "melbands_crest": {
        "dmean": 3.70156383514,
        "dmean2": 5.71200656891,
        "dvar": 13.4022979736,
        "dvar2": 34.375869751,
        "max": 37.4717445374,
        "mean": 20.3165035248,
        "median": 19.6970996857,
        "min": 4.64226436615,
        "stdev": 7.71444702148,
        "var": 59.5126953125
    },
    "melbands_flatness_db": {
        "dmean": 0.053104441613,
        "dmean2": 0.0758788734674,
        "dvar": 0.00387094495818,
        "dvar2": 0.00886290054768,
        "max": 0.767433524132,
        "mean": 0.315372377634,
        "median": 0.297343224287,
        "min": 0.0587451383471,
        "stdev": 0.119721002877,
        "var": 0.0143331186846
    },
    "melbands_kurtosis": {
        "dmean": 56.3184432983,
        "dmean2": 81.9976272583,
        "dvar": 12860.9482422,
        "dvar2": 26436.6035156,
        "max": 1779.10693359,
        "mean": 90.7457733154,
        "median": 28.8178138733,
        "min": -1.85887145996,
        "stdev": 169.765716553,
        "var": 28820.3984375
    },
    "melbands_skewness": {
        "dmean": 2.0439157486,
        "dmean2": 2.92018222809,
        "dvar": 6.53805398941,
        "dvar2": 13.0608301163,
        "max": 35.6922721863,
        "mean": 5.72546577454,
        "median": 4.27775335312,
        "min": -0.044401127845,
        "stdev": 4.66922187805,
        "var": 21.8016319275
    },
    "melbands_spread": {
        "dmean": 6.94464588165,
        "dmean2": 10.6241817474,
        "dvar": 296.276611328,
        "dvar2": 691.381530762,
        "max": 233.56338501,
        "mean": 12.5575246811,
        "median": 7.12816381454,
        "min": 0.202798172832,
        "stdev": 20.9994430542,
        "var": 440.976593018
    },
    "pitch_salience": {
        "dmean": 0.0854168906808,
        "dmean2": 0.131480798125,
        "dvar": 0.00919628702104,
        "dvar2": 0.0215056762099,
        "max": 0.806473493576,
        "mean": 0.450101107359,
        "median": 0.481291651726,
        "min": 0.032917689532,
        "stdev": 0.18303501606,
        "var": 0.0335018150508
    },
    "silence_rate_20dB": {
        "dmean": 0,
        "dmean2": 0,
        "dvar": 0,
        "dvar2": 0,
        "max": 1,
        "mean": 1,
        "median": 1,
        "min": 1,
        "stdev": 0,
        "var": 0
    },
    "silence_rate_30dB": {
        "dmean": 0.0572755411267,
        "dmean2": 0.114639811218,
        "dvar": 0.0539951846004,
        "dvar2": 0.104595638812,
        "max": 1,
        "mean": 0.846867740154,
        "median": 1,
        "min": 0,
        "stdev": 0.360117226839,
        "var": 0.12968441844
    },
    "silence_rate_60dB": {
        "dmean": 0.0100619196892,
        "dmean2": 0.0193648338318,
        "dvar": 0.00996055081487,
        "dvar2": 0.0205392353237,
        "max": 1,
        "mean": 0.0100541375577,
        "median": 0,
        "min": 0,
        "stdev": 0.0997650027275,
        "var": 0.00995305646211
    },
    "spectral_centroid": {
        "dmean": 369.067199707,
        "dmean2": 554.59753418,
        "dvar": 230133.453125,
        "dvar2": 471234.8125,
        "max": 7008.390625,
        "mean": 946.448181152,
        "median": 762.234619141,
        "min": 92.5959701538,
        "stdev": 733.244445801,
        "var": 537647.4375
    },
    "spectral_complexity": {
        "dmean": 3.73684215546,
        "dmean2": 5.75910139084,
        "dvar": 24.1940040588,
        "dvar2": 60.0338478088,
        "max": 54,
        "mean": 12.0054140091,
        "median": 11,
        "min": 0,
        "stdev": 6.80697202682,
        "var": 46.3348655701
    },
    "spectral_decrease": {
        "dmean": 5.41490807748e-09,
        "dmean2": 7.7234849627e-09,
        "dvar": 8.77959708345e-17,
        "dvar2": 1.54253911178e-16,
        "max": -1.40835140858e-12,
        "mean": -1.59815964906e-08,
        "median": -1.19615775063e-08,
        "min": -8.38919902435e-08,
        "stdev": 1.67298495057e-08,
        "var": 2.79887876088e-16
    },
    "spectral_energy": {
        "dmean": 0.0208282265812,
        "dmean2": 0.0296054370701,
        "dvar": 0.00124985713046,
        "dvar2": 0.00219088653103,
        "max": 0.320233374834,
        "mean": 0.0621594078839,
        "median": 0.0468218401074,
        "min": 5.35140588909e-06,
        "stdev": 0.0635054185987,
        "var": 0.00403293827549
    },
    "spectral_energyband_high": {
        "dmean": 0.000855092774145,
        "dmean2": 0.00124835630413,
        "dvar": 4.50080869996e-06,
        "dvar2": 8.71234351507e-06,
        "max": 0.0362510681152,
        "mean": 0.00112651730888,
        "median": 0.000181812967639,
        "min": 2.93867885581e-09,
        "stdev": 0.00284278020263,
        "var": 8.08139975561e-06
    },
    "spectral_energyband_low": {
        "dmean": 0.0184275954962,
        "dmean2": 0.0264943316579,
        "dvar": 0.00139787141234,
        "dvar2": 0.00252573867328,
        "max": 0.316449195147,
        "mean": 0.0484263412654,
        "median": 0.0326769724488,
        "min": 1.92016273104e-06,
        "stdev": 0.0638061314821,
        "var": 0.00407122215256
    },
    "spectral_energyband_middle_high": {
        "dmean": 0.00134864600841,
        "dmean2": 0.00197271816432,
        "dvar": 4.36164827988e-06,
        "dvar2": 9.02222927834e-06,
        "max": 0.0261084940284,
        "mean": 0.00230879266746,
        "median": 0.000969860295299,
        "min": 1.65211808678e-08,
        "stdev": 0.00331206060946,
        "var": 1.09697448352e-05
    },
    "spectral_energyband_middle_low": {
        "dmean": 0.00769855082035,
        "dmean2": 0.0130055192858,
        "dvar": 0.000311168987537,
        "dvar2": 0.00089116737945,
        "max": 0.143577203155,
        "mean": 0.0127756111324,
        "median": 0.00920919980854,
        "min": 4.75657230936e-07,
        "stdev": 0.0152810364962,
        "var": 0.000233510087128
    },
    "spectral_entropy": {
        "dmean": 0.39244800806,
        "dmean2": 0.566491484642,
        "dvar": 0.216216355562,
        "dvar2": 0.495248764753,
        "max": 8.86897659302,
        "mean": 7.26285839081,
        "median": 7.2856554985,
        "min": 4.00780677795,
        "stdev": 0.693918585777,
        "var": 0.481522977352
    },
    "spectral_flux": {
        "dmean": 0.043776307255,
        "dmean2": 0.068191036582,
        "dvar": 0.00369434943423,
        "dvar2": 0.00652576005086,
        "max": 0.564849257469,
        "mean": 0.109552890062,
        "median": 0.0840114951134,
        "min": 0.00231331051327,
        "stdev": 0.0938954725862,
        "var": 0.00881635956466
    },
    "spectral_kurtosis": {
        "dmean": 4.43808889389,
        "dmean2": 6.7022061348,
        "dvar": 81.7172927856,
        "dvar2": 172.82019043,
        "max": 175.133163452,
        "mean": 7.07456159592,
        "median": 3.75593757629,
        "min": -1.55090200901,
        "stdev": 13.4196548462,
        "var": 180.087127686
    },
    "spectral_rms": {
        "dmean": 0.00119063281454,
        "dmean2": 0.00164944247808,
        "dvar": 2.23605957217e-06,
        "dvar2": 3.86239253203e-06,
        "max": 0.017675485462,
        "mean": 0.00698518427089,
        "median": 0.00675868662074,
        "min": 7.22556796973e-05,
        "stdev": 0.00344245368615,
        "var": 1.18504867714e-05
    },
    "spectral_rolloff": {
        "dmean": 552.230102539,
        "dmean2": 921.70916748,
        "dvar": 2182925.5,
        "dvar2": 4645177,
        "max": 11757.1289062,
        "mean": 938.616516113,
        "median": 301.46484375,
        "min": 64.599609375,
        "stdev": 1891.57885742,
        "var": 3578070.5
    },
    "spectral_skewness": {
        "dmean": 0.538751900196,
        "dmean2": 0.803533732891,
        "dvar": 0.523847401142,
        "dvar2": 1.20932114124,
        "max": 9.22837352753,
        "mean": 1.8179936409,
        "median": 1.60826086998,
        "min": -0.293452709913,
        "stdev": 1.1223988533,
        "var": 1.25977909565
    },
    "spectral_spread": {
        "dmean": 1509503.25,
        "dmean2": 1948539.875,
        "dvar": 3.15618885632e+12,
        "dvar2": 4.41935095398e+12,
        "max": 18546996,
        "mean": 5824788,
        "median": 4885621,
        "min": 550227.1875,
        "stdev": 3366371.25,
        "var": 1.13324557599e+13
    },
    "spectral_strongpeak": {
        "dmean": 0.281962066889,
        "dmean2": 0.454143404961,
        "dvar": 0.227320685983,
        "dvar2": 0.587813436985,
        "max": 6.82702970505,
        "mean": 0.633399903774,
        "median": 0.448119133711,
        "min": 0,
        "stdev": 0.590767383575,
        "var": 0.349006086588
    },
    "zerocrossingrate": {
        "dmean": 0.0161355789751,
        "dmean2": 0.0177615620196,
        "dvar": 0.000531598227099,
        "dvar2": 0.00058902578894,
        "max": 0.3671875,
        "mean": 0.0437576286495,
        "median": 0.029296875,
        "min": 0.0009765625,
        "stdev": 0.0478803105652,
        "var": 0.0022925240919
    },
    "barkbands": {
        "dmean": [0.000903936801478, 0.0154178105295, 0.0091058332473, 0.00412107538432, 0.00243008742109, 0.00119848712347, 0.00106674991548, 0.000780591275543, 0.000606809277087, 0.000378195079975, 0.000214634157601, 0.000210248123039, 0.000302156200632, 0.000177500958671, 0.000131810083985, 0.000110713102913, 0.000121750512335, 0.000115195216495, 0.000182812364073, 0.000184237869689, 0.000101858757262, 9.40857280511e-05, 0.000163840843015, 0.000240086883423, 0.000212133963942, 7.8121018305e-05, 9.19981800962e-07],
        "dmean2": [0.00126311904751, 0.0232516881078, 0.0156439207494, 0.00744344713166, 0.00408352119848, 0.0018984193448, 0.00172866391949, 0.00124251609668, 0.00094122585142, 0.000541076238733, 0.000337256293278, 0.000339692807756, 0.000460393843241, 0.000287039641989, 0.000216936387005, 0.000189196609426, 0.000190554288565, 0.000189458340174, 0.000295301666483, 0.00029433844611, 0.000169267455931, 0.000148253515363, 0.000248411815846, 0.000347866531229, 0.000299927254673, 0.0001242456201, 1.59116927989e-06],
        "dvar": [1.80412894224e-06, 0.00105506973341, 0.00101835583337, 0.000179412119905, 2.45989231189e-05, 4.18692343374e-06, 6.09659127804e-06, 5.01537215314e-06, 2.2451604309e-06, 1.05604351575e-06, 3.2277336004e-07, 3.69723665017e-07, 6.5201192001e-07, 1.85641511052e-07, 1.17080901418e-07, 1.31051123731e-07, 5.3100649211e-08, 5.94552744815e-08, 2.37477976839e-07, 2.27499370453e-07, 8.12233196257e-08, 5.34533590724e-08, 4.63734039613e-07, 5.04642741816e-07, 3.01723048324e-07, 3.07525382937e-08, 1.56145166241e-11],
        "dvar2": [3.37982146448e-06, 0.00215406832285, 0.0027195867151, 0.000519763852935, 6.64402905386e-05, 9.75176408247e-06, 1.46890661199e-05, 1.28218462123e-05, 5.13316172146e-06, 2.31306353271e-06, 6.89515559316e-07, 9.47550006458e-07, 1.42968951877e-06, 4.5060028242e-07, 2.63555506308e-07, 3.50373738911e-07, 1.15148630186e-07, 1.39403539379e-07, 5.04229319631e-07, 5.19635136698e-07, 1.77993896955e-07, 1.1668421962e-07, 8.456979117e-07, 1.13469991447e-06, 5.99638326548e-07, 7.11298611122e-08, 3.95700243405e-11],
        "max": [0.0136296171695, 0.251286029816, 0.221560269594, 0.114307008684, 0.0400824733078, 0.0196252968162, 0.0492325723171, 0.0364705994725, 0.0187415629625, 0.0157691091299, 0.010506644845, 0.00898774340749, 0.0155403846875, 0.00552737992257, 0.00543990312144, 0.00690208841115, 0.0026162029244, 0.00335092633031, 0.00907761789858, 0.00518665742129, 0.00361694255844, 0.00373255251907, 0.0132924951613, 0.0141828544438, 0.00779270613566, 0.00205958425067, 6.26244436717e-05],
        "mean": [0.00226932601072, 0.0350185520947, 0.00879560410976, 0.00417933287099, 0.00343927927315, 0.00189597299322, 0.00131591758691, 0.000848916301038, 0.000821595138405, 0.00052358355606, 0.000249244563747, 0.000239921879256, 0.000363172090147, 0.000213367849938, 0.00013463968935, 0.00010076102626, 0.000162884345627, 0.000122841884149, 0.000206833647098, 0.000213498497033, 0.000113026588224, 0.000108326246846, 0.000203345654882, 0.000294675788609, 0.00024375335488, 8.02297290647e-05, 7.74365162215e-07],
        "median": [0.00106071634218, 0.0196482744068, 0.0019917555619, 0.00135592173319, 0.00196006614715, 0.000904733897187, 0.00056290847715, 0.000231064259424, 0.000207334407605, 0.000120047167002, 8.51140939631e-05, 5.20131507074e-05, 3.67335305782e-05, 2.98827108054e-05, 2.11819096876e-05, 1.7626409317e-05, 4.70780505566e-05, 3.50234295183e-05, 5.01708200318e-05, 3.36660632456e-05, 1.86861343536e-05, 1.98506895686e-05, 2.84034722426e-05, 3.86631400033e-05, 1.64168086485e-05, 6.40515281702e-06, 4.48850023815e-09],
        "min": [1.18658416426e-08, 2.81633589339e-07, 2.18317751433e-07, 2.91925687179e-07, 1.01630284632e-07, 2.80504384165e-08, 4.08571452226e-08, 1.23313332878e-08, 8.02858501903e-10, 7.42845784885e-10, 3.99367250381e-09, 1.54152735021e-09, 2.55883669809e-09, 1.60560842399e-09, 1.12501508109e-09, 2.1394079841e-09, 8.78296713136e-10, 9.08533859256e-10, 7.78771880316e-10, 5.13667441915e-10, 4.54404569528e-10, 4.96677421413e-10, 3.6120975655e-10, 2.81951295644e-10, 7.95841656465e-11, 2.71304896951e-12, 3.10991412743e-13],
        "stdev": [0.00288888160139, 0.0499608367682, 0.0269185956568, 0.0104508856311, 0.00479164626449, 0.00283962138928, 0.00264550559223, 0.00216463487595, 0.00188564648852, 0.00127058220096, 0.000650920148473, 0.000698889663909, 0.00105593190528, 0.000499336747453, 0.000367883447325, 0.000320599472616, 0.000292190874461, 0.000258958927589, 0.000552169047296, 0.000567288778257, 0.000351632334059, 0.000283415254671, 0.000887204252649, 0.000812752346974, 0.000695154885761, 0.000197112167371, 3.73025318368e-06],
        "var": [8.34563707031e-06, 0.00249608512968, 0.000724610756151, 0.000109221007733, 2.29598754231e-05, 8.06344905868e-06, 6.99869951859e-06, 4.68564439871e-06, 3.555662488e-06, 1.61437912993e-06, 4.23697031238e-07, 4.88446744384e-07, 1.11499230115e-06, 2.49337205105e-07, 1.3533824017e-07, 1.02784014189e-07, 8.53755039998e-08, 6.70597231078e-08, 3.04890676261e-07, 3.21816571613e-07, 1.23645307326e-07, 8.03242130587e-08, 7.8713134144e-07, 6.60566399802e-07, 4.83240285121e-07, 3.88532050977e-08, 1.39147885922e-11]
    },
    "erbbands": {
        "dmean": [0.443370103836, 3.68764328957, 9.75358867645, 12.4034967422, 11.4583806992, 7.29212379456, 6.44798135757, 10.719534874, 15.5604667664, 13.1567716599, 18.7484836578, 14.8224468231, 13.2295103073, 7.7201757431, 8.14407348633, 9.0125951767, 14.2647409439, 8.83532714844, 8.60298156738, 5.77912998199, 5.94585800171, 6.4534702301, 7.02343606949, 5.81242275238, 11.6610450745, 8.2105474472, 5.21715450287, 3.43688249588, 3.33481621742, 3.86602163315, 4.95919752121, 5.1264834404, 3.90928125381, 2.78374099731, 1.32935321331, 0.49645575881, 0.123965919018, 0.00930435676128, 0.00021526729688, 3.22040323226e-05],
        "dmean2": [0.607471942902, 5.50618600845, 15.2196741104, 21.792678833, 20.105140686, 11.9551200867, 10.3483552933, 16.9379901886, 25.2841434479, 20.7130489349, 29.0706329346, 22.474779129, 18.524969101, 11.411863327, 12.7715930939, 14.3579978943, 21.7308387756, 13.5304508209, 13.6289520264, 9.0490398407, 9.99690055847, 10.0770330429, 11.5081701279, 9.36268043518, 18.7794036865, 12.7893486023, 8.60291671753, 5.53401184082, 5.34861183167, 5.99606704712, 7.30344629288, 7.7099905014, 5.73533964157, 4.02201986313, 1.92530822754, 0.776026964188, 0.196603015065, 0.0144866229966, 0.000333563628374, 4.60154151369e-05],
        "dvar": [0.483173906803, 81.521156311, 954.774658203, 1759.7989502, 921.218078613, 219.713760376, 155.367141724, 343.70513916, 1615.13623047, 1046.45532227, 2638.91650391, 1313.77624512, 1554.92419434, 389.487701416, 417.446746826, 570.513427734, 1363.88037109, 334.614440918, 499.75378418, 254.949371338, 309.529937744, 156.09135437, 203.289505005, 135.754516602, 1114.97937012, 437.226257324, 247.537902832, 87.4337539673, 66.5582427979, 157.012619019, 463.12399292, 365.475372314, 99.7090301514, 59.9899749756, 10.1049194336, 1.27353239059, 0.0781225934625, 0.000527637428604, 2.67623050831e-07, 1.85956394727e-09],
        "dvar2": [0.904942214489, 153.000335693, 2350.43774414, 4945.9140625, 2650.88916016, 547.74230957, 372.315765381, 821.306640625, 4065.52172852, 2535.32568359, 6475.26123047, 2960.33984375, 3278.64453125, 904.254821777, 892.551330566, 1395.64306641, 2983.42919922, 756.471923828, 1192.26806641, 606.278991699, 817.871520996, 331.877990723, 505.125091553, 311.003845215, 2452.82714844, 951.606994629, 576.926147461, 183.148956299, 150.702484131, 302.150238037, 880.722412109, 840.375610352, 208.817337036, 122.413146973, 21.1483020782, 3.0210955143, 0.174999386072, 0.00115978531539, 5.89603587287e-07, 3.41368311396e-09],
        "max": [6.59067869186, 68.385635376, 222.668655396, 334.466400146, 249.360992432, 191.418212891, 225.214874268, 206.744552612, 794.917236328, 617.516174316, 637.785217285, 579.410095215, 650.4609375, 397.548370361, 375.345916748, 422.374816895, 663.782531738, 213.133743286, 347.85534668, 222.109848022, 349.258544922, 147.748199463, 175.160079956, 123.226524353, 557.703125, 249.859466553, 220.061599731, 153.060409546, 123.795684814, 236.70274353, 460.291168213, 423.022094727, 144.893692017, 119.429145813, 35.9817123413, 12.8350429535, 3.3354613781, 0.331089913845, 0.00677352864295, 0.000395778013626],
        "mean": [1.29168868065, 6.61422014236, 10.9078769684, 12.9455471039, 13.3440990448, 10.6457824707, 10.3943128586, 16.1753940582, 19.2625827789, 17.4772129059, 21.5143718719, 20.9032859802, 18.0568180084, 11.0554876328, 10.4241504669, 11.0743303299, 17.8268318176, 11.9016122818, 8.84665775299, 5.94504213333, 6.10790634155, 8.73558616638, 7.91768693924, 6.68220329285, 13.3179922104, 9.73935413361, 5.53282642365, 3.95601344109, 3.81954956055, 4.48890733719, 6.1997423172, 6.25703382492, 4.75067520142, 3.19599747658, 1.46401250362, 0.502833604813, 0.128249749541, 0.00993056967854, 0.000257421896094, 8.34010133985e-05],
        "median": [0.873022854328, 2.60130286217, 3.14715123177, 4.28723955154, 6.53171920776, 5.71264266968, 5.90586328506, 7.51634168625, 7.84553670883, 7.61583089828, 5.36641407013, 5.60365962982, 4.3032040596, 3.67219257355, 3.70692801476, 2.4102973938, 2.08464646339, 1.84832024574, 1.38505685329, 1.03315329552, 1.20982587337, 2.64960289001, 2.67913174629, 2.15595412254, 2.21297359467, 1.65892112255, 0.970363497734, 0.758256673813, 0.692234933376, 0.652492761612, 0.898826181889, 1.01940786839, 0.445000231266, 0.19564434886, 0.101615875959, 0.0374293699861, 0.0104259420186, 0.000812369107734, 5.57253806619e-05, 6.37609336991e-05],
        "min": [1.57199883688e-05, 0.000163017190062, 0.000830384204164, 0.000980710145086, 0.0006800944102, 0.00023149952176, 7.01975877746e-05, 0.000303245178657, 0.000570948817767, 0.000490069680382, 0.000186905192095, 2.45628980338e-05, 1.07736232167e-05, 7.3570634413e-05, 0.000160921394126, 6.26833716524e-05, 0.000124524667626, 9.58258460741e-05, 5.8993948187e-05, 0.000101521771285, 6.73585018376e-05, 5.15835818078e-05, 5.91986354266e-05, 4.32051456301e-05, 3.31294068019e-05, 2.73131227004e-05, 2.00031154236e-05, 1.62133273989e-05, 1.78576610779e-05, 1.528822213e-05, 9.70761175267e-06, 5.22859181729e-06, 5.01091381011e-06, 3.86236206396e-06, 2.39802693613e-06, 1.98184920919e-06, 7.91429215496e-07, 2.06649062306e-07, 4.82043844841e-08, 1.03208206426e-08],
        "stdev": [1.46844363213, 12.293510437, 29.5123634338, 33.8740653992, 24.5489730835, 15.9293136597, 14.7726316452, 25.0062713623, 41.2106933594, 35.1693992615, 52.7245483398, 47.7149810791, 48.2201805115, 25.5227527618, 24.9455280304, 30.2655220032, 51.1629524231, 25.7434864044, 23.0372638702, 17.0498218536, 16.4635276794, 15.9010972977, 14.6123170853, 12.8590984344, 37.8451194763, 25.923915863, 18.252948761, 11.5086574554, 9.74726295471, 16.6037750244, 27.3901119232, 20.6544437408, 12.317732811, 9.52815532684, 3.96212601662, 1.27781569958, 0.311581164598, 0.0262014046311, 0.000592365278862, 7.60179391364e-05],
        "var": [2.15632677078, 151.130401611, 870.979614258, 1147.45239258, 602.652038574, 253.743041992, 218.230636597, 625.313598633, 1698.32116699, 1236.88671875, 2779.87792969, 2276.71948242, 2325.18579102, 651.410949707, 622.27935791, 916.001831055, 2617.64770508, 662.727050781, 530.715515137, 290.696411133, 271.04776001, 252.844909668, 213.519821167, 165.356414795, 1432.25305176, 672.049438477, 333.17010498, 132.449203491, 95.0091400146, 275.685333252, 750.218200684, 426.606048584, 151.726547241, 90.7857437134, 15.6984424591, 1.63281309605, 0.0970828309655, 0.000686513609253, 3.50896613099e-07, 5.77872683039e-09]
    },
    "gfcc": {
        "mean": [-28.3024997711, 100.421173096, -76.0215988159, 41.075553894, -60.0024299622, 14.1055364609, -37.8228263855, 15.7474470139, -22.506937027, -1.66236615181, -8.00269508362, -1.24804985523, -11.471786499],
        "cov": [[5055.19140625, -2074.33251953, -378.952697754, 56.3613510132, -520.082702637, 377.139556885, -470.220001221, 174.273284912, -507.501098633, 473.542480469, -394.503601074, 21.8567695618, -287.740020752], [-2074.33251953, 2873.15185547, -476.021087646, -431.280334473, 753.836730957, -206.150497437, 593.878845215, -192.835250854, 449.126251221, -272.953063965, 395.776550293, -127.039482117, 117.132011414], [-378.952697754, -476.021087646, 2049.8503418, 956.667480469, 343.29574585, 455.718505859, 247.676010132, 323.512176514, 205.80430603, 206.566604614, 53.969997406, 163.314788818, 147.66293335], [56.3613510132, -431.280334473, 956.667480469, 1154.32788086, 343.228302002, 212.921554565, 163.958816528, 277.409454346, 263.183380127, 91.2820053101, 115.185249329, 101.774559021, 148.155151367], [-520.082702637, 753.836730957, 343.29574585, 343.228302002, 788.25177002, 169.201324463, 394.672454834, 134.674865723, 322.920715332, 73.1324157715, 165.665237427, -4.00530433655, 81.1227416992], [377.139556885, -206.150497437, 455.718505859, 212.921554565, 169.201324463, 486.884613037, 176.11907959, 126.783317566, 75.1480255127, 150.930664062, 26.9611740112, 27.1233825684, 34.796081543], [-470.220001221, 593.878845215, 247.676010132, 163.958816528, 394.672454834, 176.11907959, 489.85647583, 104.602081299, 216.31439209, 17.856306076, 144.323364258, 13.0357275009, 63.6057281494], [174.273284912, -192.835250854, 323.512176514, 277.409454346, 134.674865723, 126.783317566, 104.602081299, 291.494720459, 123.845115662, 80.5578231812, 60.5404052734, 52.7260131836, 56.4065170288], [-507.501098633, 449.126251221, 205.80430603, 263.183380127, 322.920715332, 75.1480255127, 216.31439209, 123.845115662, 328.991149902, 21.3968830109, 150.109146118, 8.79344177246, 94.4708633423], [473.542480469, -272.953063965, 206.566604614, 91.2820053101, 73.1324157715, 150.930664062, 17.856306076, 80.5578231812, 21.3968830109, 227.987670898, -16.534198761, 12.9207954407, -11.3754386902], [-394.503601074, 395.776550293, 53.969997406, 115.185249329, 165.665237427, 26.9611740112, 144.323364258, 60.5404052734, 150.109146118, -16.534198761, 203.604049683, 12.7542619705, 72.1683502197], [21.8567695618, -127.039482117, 163.314788818, 101.774559021, -4.00530433655, 27.1233825684, 13.0357275009, 52.7260131836, 8.79344177246, 12.9207954407, 12.7542619705, 111.323829651, 32.8527603149], [-287.740020752, 117.132011414, 147.66293335, 148.155151367, 81.1227416992, 34.796081543, 63.6057281494, 56.4065170288, 94.4708633423, -11.3754386902, 72.1683502197, 32.8527603149, 122.688095093]],
        "icov": [[0.000529906537849, -7.4230163591e-05, 0.000416543887695, -0.000452832231531, 0.000159183648066, -0.000515785010066, 0.000223214330617, -0.000568142335396, 0.000710981199518, -0.000898793048691, 0.000426475686254, -0.000226011543418, 0.000724523153622], [-7.4230163591e-05, 0.00177763041575, -0.000241135872784, 0.00129536027089, -0.00124751869589, 0.000775554799475, -0.000961748242844, 0.00140518229455, -0.00138899532612, 0.00137313874438, -0.00177253945731, 0.000772667175625, -0.000655158190057], [0.000416543887695, -0.000241135872784, 0.00135834724642, -0.00112279411405, 0.000219299792661, -0.000942447979469, 8.95654884516e-05, -0.000704708916601, 0.000825492432341, -0.00108622258995, 0.000894519325811, -0.000893992662895, 0.000304844346829], [-0.000452832231531, 0.00129536027089, -0.00112279411405, 0.00305589055642, -0.00133871042635, 0.0009461552836, -0.000351779570337, 0.000747425423469, -0.00211335625499, 0.00183193979319, -0.00160400068853, 0.000426153070293, -0.00155546120368], [0.000159183648066, -0.00124751869589, 0.000219299792661, -0.00133871042635, 0.00376687874086, -0.00056960771326, -0.000827628653497, -0.000795365544036, -0.000528901291545, -0.00179326930083, 0.00118298886809, 3.88741100323e-05, 0.000917315133847], [-0.000515785010066, 0.000775554799475, -0.000942447979469, 0.0009461552836, -0.00056960771326, 0.0042051775381, -0.00170836225152, 0.000728399725631, -0.000752211431973, -0.000368554552551, -0.000937195844017, 0.00092959520407, -0.0013761902228], [0.000223214330617, -0.000961748242844, 8.95654884516e-05, -0.000351779570337, -0.000827628653497, -0.00170836225152, 0.00492249103263, -0.00122674170416, 0.000101961872133, -3.07762056764e-05, -0.000136954869959, -0.000852834316902, 0.00103002914693], [-0.000568142335396, 0.00140518229455, -0.000704708916601, 0.000747425423469, -0.000795365544036, 0.000728399725631, -0.00122674170416, 0.0071133566089, -0.00290374783799, 0.000644134939648, -0.00203955103643, -0.000565434631426, -0.00139675929677], [0.000710981199518, -0.00138899532612, 0.000825492432341, -0.00211335625499, -0.000528901291545, -0.000752211431973, 0.000101961872133, -0.00290374783799, 0.0096178362146, -0.00237280572765, -0.000580804888159, 0.00039952021325, -0.000993887661025], [-0.000898793048691, 0.00137313874438, -0.00108622258995, 0.00183193979319, -0.00179326930083, -0.000368554552551, -3.07762056764e-05, 0.000644134939648, -0.00237280572765, 0.0088207302615, -0.00138330610935, 0.000722419295926, -4.85156670038e-05], [0.000426475686254, -0.00177253945731, 0.000894519325811, -0.00160400068853, 0.00118298886809, -0.000937195844017, -0.000136954869959, -0.00203955103643, -0.000580804888159, -0.00138330610935, 0.0106727126986, -0.00124972499907, -0.00157924322411], [-0.000226011543418, 0.000772667175625, -0.000893992662895, 0.000426153070293, 3.88741100323e-05, 0.00092959520407, -0.000852834316902, -0.000565434631426, 0.00039952021325, 0.000722419295926, -0.00124972499907, 0.0118807675317, -0.00298052490689], [0.000724523153622, -0.000655158190057, 0.000304844346829, -0.00155546120368, 0.000917315133847, -0.0013761902228, 0.00103002914693, -0.00139675929677, -0.000993887661025, -4.85156670038e-05, -0.00157924322411, -0.00298052490689, 0.0143666956574]]
    },
    "melbands": {
        "dmean": [0.00403310731053, 0.00429801689461, 0.00205778609961, 0.000626611465123, 0.000230901423492, 0.00024373792985, 0.000229228113312, 0.000143172495882, 0.000153789573233, 8.48575291457e-05, 6.54873001622e-05, 3.17408630508e-05, 2.98409249808e-05, 2.45149913098e-05, 2.77716299024e-05, 2.78919833363e-05, 1.70167168108e-05, 1.52307784447e-05, 8.65768470248e-06, 7.50764775148e-06, 7.24747133063e-06, 6.32870660411e-06, 8.46093371365e-06, 5.03373121319e-06, 4.53838129033e-06, 8.31464785733e-06, 8.82260155777e-06, 4.96181974086e-06, 3.53307950718e-06, 2.61518653133e-06, 1.86158808901e-06, 1.96933888219e-06, 1.86276008662e-06, 2.35954348682e-06, 2.83127224066e-06, 3.15021156894e-06, 3.22337996295e-06, 2.75649654213e-06, 2.69626298177e-06, 2.2959945909e-06],
        "dmean2": [0.00590664288029, 0.00581437442452, 0.00360440462828, 0.00106108968612, 0.000370502268197, 0.000385488849133, 0.000372927170247, 0.000226973148528, 0.000240526147536, 0.000127983817947, 9.28638328332e-05, 4.67746976938e-05, 4.68297475891e-05, 3.94405215047e-05, 4.46620033472e-05, 4.26056030847e-05, 2.70519649348e-05, 2.4593420676e-05, 1.38724026328e-05, 1.27685807456e-05, 1.22215351439e-05, 9.93661706161e-06, 1.36338394441e-05, 8.34756701806e-06, 7.38875132811e-06, 1.32614450195e-05, 1.40133342938e-05, 7.8380380728e-06, 5.87849172007e-06, 4.37270591647e-06, 2.98637360174e-06, 3.24605912283e-06, 2.94953747471e-06, 3.63863182429e-06, 4.16839156969e-06, 4.71707153338e-06, 4.85069404021e-06, 4.14863598053e-06, 3.83782617064e-06, 3.40645988217e-06],
        "dvar": [5.24066817889e-05, 0.000129499559989, 4.44052602688e-05, 1.84342559351e-06, 1.97533040591e-07, 1.82866912724e-07, 3.18895217788e-07, 1.33078344788e-07, 1.76044977707e-07, 4.27949657933e-08, 3.84077871729e-08, 6.42167252707e-09, 5.85433390654e-09, 5.15451237248e-09, 7.14467507379e-09, 4.37977121237e-09, 1.38810662964e-09, 1.83261039677e-09, 5.76025283028e-10, 5.74967629063e-10, 4.50343623504e-10, 1.80691059337e-10, 3.18498782903e-10, 1.13249895572e-10, 9.1192262075e-11, 5.6420790262e-10, 6.28317675666e-10, 1.81320597425e-10, 1.35757960429e-10, 4.95002233647e-11, 2.63374183573e-11, 2.47983820978e-11, 2.24712280034e-11, 6.83124667944e-11, 1.56812243746e-10, 1.64865066044e-10, 1.2767521762e-10, 4.92447749245e-11, 5.35880992358e-11, 4.36018131322e-11],
        "dvar2": [0.000111498360639, 0.000256460596574, 0.000123433303088, 5.06487231178e-06, 4.83269843699e-07, 4.36631495404e-07, 7.8870669995e-07, 3.3158985957e-07, 4.3091725388e-07, 9.21656848618e-08, 8.11327751649e-08, 1.45969485388e-08, 1.18527250237e-08, 1.27096777547e-08, 1.7227648641e-08, 9.35511135225e-09, 3.33233707295e-09, 4.49236603473e-09, 1.37646960496e-09, 1.41431366618e-09, 1.18901222201e-09, 3.6382805102e-10, 7.98909272071e-10, 2.64798849514e-10, 2.14699064083e-10, 1.27352695056e-09, 1.43805956032e-09, 3.91058629923e-10, 3.30380667268e-10, 1.12478519554e-10, 5.54691223509e-11, 5.96057578295e-11, 4.8219699067e-11, 1.28246066544e-10, 3.03366276544e-10, 3.38776090514e-10, 3.01356550825e-10, 1.06760031371e-10, 1.03708729104e-10, 9.54972489975e-11],
        "max": [0.0610709786415, 0.0869018808007, 0.0508081205189, 0.0114793507382, 0.00721177551895, 0.00502154463902, 0.0116764977574, 0.00802443549037, 0.00600198889151, 0.00326050003059, 0.00316018192098, 0.00151726044714, 0.00165948097128, 0.00123173627071, 0.00189008866437, 0.000878437946085, 0.00044031967991, 0.000569218886085, 0.000341277860571, 0.000383774196962, 0.000405810860684, 0.0001583826961, 0.000349920417648, 0.000145599769894, 0.000113060028525, 0.000465414253995, 0.000414348294726, 0.000170152809005, 0.000166562807863, 8.46457260195e-05, 8.60733271111e-05, 7.37864756957e-05, 7.54460124881e-05, 0.000172157611814, 0.000268699339358, 0.00027956883423, 0.000239344313741, 9.65321960393e-05, 0.000115493014164, 8.5363011749e-05],
        "mean": [0.0104464357719, 0.00660186307505, 0.00225749285892, 0.000845937873237, 0.000383108359529, 0.000372424314264, 0.000288364302833, 0.000179821639904, 0.000180360962986, 0.000119630385598, 8.69701107149e-05, 4.41279662482e-05, 3.59275727533e-05, 2.89911331492e-05, 3.28193891619e-05, 3.3794054616e-05, 2.12887916859e-05, 1.47114187712e-05, 8.46053353598e-06, 7.26331654732e-06, 7.16378781362e-06, 8.50019023346e-06, 9.85438055068e-06, 5.34551008968e-06, 4.9572640819e-06, 8.97800782695e-06, 9.962041986e-06, 5.59436466574e-06, 3.51858307113e-06, 2.79473351839e-06, 2.10367466025e-06, 2.16151079258e-06, 2.07443417821e-06, 2.65486960416e-06, 3.48553589902e-06, 3.76796629098e-06, 3.86034525945e-06, 3.30070361088e-06, 3.13289888254e-06, 2.54320957538e-06],
        "median": [0.00645250594243, 0.00253875250928, 0.000910489063244, 0.000472453597467, 0.000230188510614, 0.000175611086888, 0.000119138712762, 7.58459791541e-05, 4.02927435061e-05, 3.09358765662e-05, 1.93536379811e-05, 1.40746933539e-05, 1.2905503354e-05, 6.38701521893e-06, 5.14392650075e-06, 3.64513766726e-06, 2.93897892334e-06, 2.16551188714e-06, 1.42081228205e-06, 1.16632418212e-06, 1.2833013443e-06, 2.29461420531e-06, 3.04064565171e-06, 1.73616149368e-06, 1.50425762513e-06, 1.7111752868e-06, 1.18267632843e-06, 9.37941194934e-07, 5.14356145231e-07, 3.94343828702e-07, 4.46976173407e-07, 3.93109871766e-07, 3.31352623562e-07, 3.38948723311e-07, 4.76594635757e-07, 5.49914489056e-07, 6.27743077075e-07, 3.37488643254e-07, 1.69648430415e-07, 1.50197791982e-07],
        "min": [6.23992377768e-08, 1.59668587685e-07, 1.60881668876e-07, 3.04737781676e-08, 2.83937451329e-09, 6.73047884092e-09, 8.73517258526e-09, 4.82261475199e-09, 1.16617915324e-09, 8.81021366972e-11, 4.60831164895e-11, 2.59991334017e-10, 5.73325886766e-10, 2.14590289982e-10, 2.62322219502e-10, 2.06996114693e-10, 1.78385153871e-10, 8.0750899023e-11, 9.64266513859e-11, 1.89140966778e-10, 5.32317627477e-11, 5.21403718812e-11, 4.75064640404e-11, 4.87063341048e-11, 3.50518676584e-11, 2.0345114482e-11, 2.22975318764e-11, 1.73747648213e-11, 1.25682832197e-11, 1.12174236913e-11, 8.21537195911e-12, 9.45060349422e-12, 6.50561202131e-12, 7.81808038447e-12, 5.67742944671e-12, 4.29098076515e-12, 2.82186340267e-12, 7.74242866e-14, 8.15234327527e-13, 8.93517031197e-13],
        "stdev": [0.0130125293508, 0.0139834387228, 0.00542485946789, 0.00124506943393, 0.000514318293426, 0.000573383411393, 0.000593801960349, 0.000377501070034, 0.000433255976532, 0.000278104125755, 0.000238752487348, 0.000106860607048, 9.27710207179e-05, 8.53569290484e-05, 9.82321362244e-05, 9.05870983843e-05, 4.82194591314e-05, 4.21881777584e-05, 2.47284842771e-05, 2.32551956287e-05, 1.99243586394e-05, 1.76248850039e-05, 1.84097534657e-05, 1.13289997898e-05, 1.01318337329e-05, 2.58740237769e-05, 2.83491372102e-05, 1.65098354046e-05, 1.28526926346e-05, 8.40631219035e-06, 6.2073781919e-06, 5.61199340154e-06, 5.8086975514e-06, 1.09643897304e-05, 1.59778228408e-05, 1.50777896124e-05, 1.19770229503e-05, 8.54342306411e-06, 9.13329859031e-06, 7.77048262535e-06],
        "var": [0.000169325910974, 0.000195536558749, 2.94290985039e-05, 1.55019790782e-06, 2.64523322357e-07, 3.28768550162e-07, 3.52600750375e-07, 1.4250704794e-07, 1.87710753607e-07, 7.73419088773e-08, 5.70027509639e-08, 1.14191891498e-08, 8.60646220957e-09, 7.28580529241e-09, 9.64955315652e-09, 8.20602252816e-09, 2.32511609966e-09, 1.77984227356e-09, 6.11497963376e-10, 5.40804123705e-10, 3.96980059936e-10, 3.10636544265e-10, 3.38919003973e-10, 1.28346236417e-10, 1.02654051926e-10, 6.69465149983e-10, 8.03673627647e-10, 2.7257465729e-10, 1.65191707535e-10, 7.06660910343e-11, 3.85315460094e-11, 3.14944702262e-11, 3.37409648832e-11, 1.20217849564e-10, 2.55290816265e-10, 2.27339730374e-10, 1.43449072065e-10, 7.29900792584e-11, 8.34171481889e-11, 6.03804020671e-11]
    },
    "melbands128": {
