{
"lowlevel": {
    "average_loudness": 0.95180106163,
    "barkbands_crest": {
        "dmean": 2.88431930542,
        "dmean2": 4.34719753265,
        "dvar": 7.24992132187,
        "dvar2": 17.0692749023,
        "max": 25.7378921509,
        "mean": 13.0032157898,
        "median": 12.2322273254,
        "min": 3.80605649948,
        "stdev": 4.7901468277,
        "var": 22.9455070496
    },
    "barkbands_flatness_db": {
        "dmean": 0.0388122610748,
        "dmean2": 0.054270632565,
        "dvar": 0.00172556366306,
        "dvar2": 0.00351020763628,
        "max": 0.544277071953,
        "mean": 0.206476762891,
        "median": 0.191197946668,
        "min": 0.0318810380995,
        "stdev": 0.081082418561,
        "var": 0.00657435879111
    },
    "barkbands_kurtosis": {
        "dmean": 12.8942575455,
        "dmean2": 19.7809619904,
        "dvar": 789.248718262,
        "dvar2": 1754.18261719,
        "max": 591.631896973,
        "mean": 16.4340114594,
        "median": 6.22835254669,
        "min": -1.94078350067,
        "stdev": 33.6092414856,
        "var": 1129.58105469
    },
    "barkbands_skewness": {
        "dmean": 1.08609223366,
        "dmean2": 1.58895134926,
        "dvar": 1.80983257294,
        "dvar2": 3.85875320435,
        "max": 19.618019104,
        "mean": 2.58516931534,
        "median": 2.06825685501,
        "min": -2.11617684364,
        "stdev": 2.14095258713,
        "var": 4.58367824554
    },
    "barkbands_spread": {
        "dmean": 6.56684446335,
        "dmean2": 9.84024810791,
        "dvar": 106.802474976,
        "dvar2": 235.172439575,
        "max": 103.864082336,
        "mean": 15.3716363907,
        "median": 11.7296228409,
        "min": 0.312883973122,
        "stdev": 15.1377830505,
        "var": 229.152481079
    },
    "dissonance": {
        "dmean": 0.0361022278666,
        "dmean2": 0.0592308118939,
        "dvar": 0.00128594599664,
        "dvar2": 0.00310104782693,
        "max": 0.497522383928,
        "mean": 0.420896649361,
        "median": 0.433026254177,
        "min": 0.107801631093,
        "stdev": 0.0532394312322,
        "var": 0.00283443718217
    },
    "dynamic_complexity": 2.71561288834,
    "erbbands_crest": {
        "dmean": 3.40739893913,
        "dmean2": 5.5091252327,
        "dvar": 10.4960775375,
        "dvar2": 25.9509849548,
        "max": 28.0614509583,
        "mean": 11.2221050262,
        "median": 10.5627698898,
        "min": 2.78633904457,
        "stdev": 4.82638788223,
        "var": 23.2940177917
    },
    "erbbands_flatness_db": {
        "dmean": 0.0271519944072,
        "dmean2": 0.0390201881528,
        "dvar": 0.000753992644604,
        "dvar2": 0.0013869915856,
        "max": 0.322845190763,
        "mean": 0.163145124912,
        "median": 0.160253718495,
        "min": 0.0530537590384,
        "stdev": 0.0490373857319,
        "var": 0.00240466510877
    },
    "erbbands_kurtosis": {
        "dmean": 2.48863601685,
        "dmean2": 3.90617585182,
        "dvar": 17.4327945709,
        "dvar2": 45.5050544739,
        "max": 55.6656608582,
        "mean": 2.97371578217,
        "median": 1.55016136169,
        "min": -1.86818444729,
        "stdev": 5.07813167572,
        "var": 25.7874221802
    },
    "erbbands_skewness": {
        "dmean": 0.601299285889,
        "dmean2": 0.902385473251,
        "dvar": 0.458540320396,
        "dvar2": 1.04238283634,
        "max": 6.35162067413,
        "mean": 0.863224625587,
        "median": 0.801964521408,
        "min": -4.15879011154,
        "stdev": 1.07536709309,
        "var": 1.15641450882
    },
    "erbbands_spread": {
        "dmean": 15.800538063,
        "dmean2": 23.5951633453,
        "dvar": 479.374847412,
        "dvar2": 1129.06945801,
        "max": 174.79258728,
        "mean": 38.782371521,
        "median": 27.3433456421,
        "min": 3.80520963669,
        "stdev": 30.5413017273,
        "var": 932.771057129
    },
    "hfc": {
        "dmean": 9.01834869385,
        "dmean2": 14.0192966461,
        "dvar": 174.947250366,
        "dvar2": 409.529327393,
        "max": 101.666999817,
        "mean": 20.9089260101,
        "median": 16.1312465668,
        "min": 1.2136078957e-16,
        "stdev": 18.2842903137,
        "var": 334.3152771
    },
    "loudness_ebu128": {
        "integrated": -8.88670349121,
        "loudness_range": 5.0692243576,
        "momentary": {
            "dmean": 0.605207800865,
            "dmean2": 0.74120426178,
            "dvar": 0.226052045822,
            "dvar2": 0.439781427383,
            "max": -5.01742553711,
            "mean": -9.3909740448,
            "median": -9.42552089691,
            "min": -16.3055953979,
            "stdev": 2.15713691711,
            "var": 4.65323925018
        },
        "short_term": {
            "dmean": 0.0950348824263,
            "dmean2": 0.119222521782,
            "dvar": 0.00714104948565,
            "dvar2": 0.00924589298666,
            "max": -6.2363243103,
            "mean": -9.30463695526,
            "median": -9.61641120911,
            "min": -12.6176834106,
            "stdev": 1.67864727974,
            "var": 2.81785655022
        }
    },
    "melbands_crest": {
        "dmean": 3.85155797005,
        "dmean2": 6.18524837494,
        "dvar": 14.6024866104,
        "dvar2": 33.9531135559,
        "max": 36.996307373,
        "mean": 18.4643115997,
        "median": 17.6117687225,
        "min": 2.43764877319,
        "stdev": 6.72555875778,
        "var": 45.2331428528
    },
    "melbands_flatness_db": {
        "dmean": 0.0454683788121,
        "dmean2": 0.0622834824026,
        "dvar": 0.0024343833793,
        "dvar2": 0.0049738609232,
        "max": 0.681680440903,
        "mean": 0.29845765233,
        "median": 0.281687736511,
        "min": 0.00510279368609,
        "stdev": 0.101216517389,
        "var": 0.0102447830141
    },
    "melbands_kurtosis": {
        "dmean": 27.9221744537,
        "dmean2": 43.2670478821,
        "dvar": 3163.1003418,
        "dvar2": 6907.76074219,
        "max": 979.715698242,
        "mean": 38.1731758118,
        "median": 14.8332691193,
        "min": -1.57033264637,
        "stdev": 74.1512451172,
        "var": 5498.40771484
    },
    "melbands_skewness": {
        "dmean": 1.47207391262,
        "dmean2": 2.23224377632,
        "dvar": 3.6543905735,
        "dvar2": 8.15378761292,
        "max": 20.485502243,
        "mean": 3.73421025276,
        "median": 2.98260521889,
        "min": -0.5774050951,
        "stdev": 2.99062156677,
        "var": 8.94381713867
    },
    "melbands_spread": {
        "dmean": 5.98458814621,
        "dmean2": 9.18874645233,
        "dvar": 160.340927124,
        "dvar2": 365.905792236,
        "max": 273.681091309,
        "mean": 13.9586706161,
        "median": 9.69337558746,
        "min": 0.220322027802,
        "stdev": 17.2741088867,
        "var": 298.394866943
    },
    "pitch_salience": {
        "dmean": 0.0890734344721,
        "dmean2": 0.145154803991,
        "dvar": 0.00834811944515,
        "dvar2": 0.0208525750786,
        "max": 0.828185796738,
        "mean": 0.45020404458,
        "median": 0.445260256529,
        "min": 0.0902626886964,
        "stdev": 0.130206108093,
        "var": 0.0169536303729
    },
    "silence_rate_20dB": {
        "dmean": 0,
        "dmean2": 0,
        "dvar": 0,
        "dvar2": 0,
        "max": 1,
        "mean": 1,
        "median": 1,
        "min": 1,
        "stdev": 0,
        "var": 0
    },
    "silence_rate_30dB": {
        "dmean": 0.0975232198834,
        "dmean2": 0.19519752264,
        "dvar": 0.0880138128996,
        "dvar2": 0.164840504527,
        "max": 1,
        "mean": 0.8337200284,
        "median": 1,
        "min": 0,
        "stdev": 0.372331380844,
        "var": 0.138630658388
    },
    "silence_rate_60dB": {
        "dmean": 0.0147058824077,
        "dmean2": 0.0294345468283,
        "dvar": 0.0144896171987,
        "dvar2": 0.0347647033632,
        "max": 1,
        "mean": 0.0139211136848,
        "median": 0,
        "min": 0,
        "stdev": 0.117163382471,
        "var": 0.0137272588909
    },
    "spectral_centroid": {
        "dmean": 261.939880371,
        "dmean2": 391.442016602,
        "dvar": 219281.984375,
        "dvar2": 362344.78125,
        "max": 11465.9785156,
        "mean": 864.879272461,
        "median": 736.710754395,
        "min": 117.762176514,
        "stdev": 678.983154297,
        "var": 461018.09375
    },
    "spectral_complexity": {
        "dmean": 3.00774002075,
        "dmean2": 4.78156471252,
        "dvar": 16.6377887726,
        "dvar2": 39.0461387634,
        "max": 47,
        "mean": 11.6620264053,
        "median": 11,
        "min": 0,
        "stdev": 6.39949846268,
        "var": 40.9535827637
    },
    "spectral_decrease": {
        "dmean": 6.2561134051e-09,
        "dmean2": 9.27234733439e-09,
        "dvar": 1.13778375619e-16,
        "dvar2": 2.47841760957e-16,
        "max": 3.39916794886e-29,
        "mean": -1.5041029755e-08,
        "median": -1.02848440875e-08,
        "min": -8.2422872083e-08,
        "stdev": 1.45456171552e-08,
        "var": 2.11574986529e-16
    },
    "spectral_energy": {
        "dmean": 0.0241617262363,
        "dmean2": 0.0358684584498,
        "dvar": 0.00166270334739,
        "dvar2": 0.00362500315532,
        "max": 0.314502358437,
        "mean": 0.0586647503078,
        "median": 0.0404121167958,
        "min": 1.08794881598e-20,
        "stdev": 0.0556920692325,
        "var": 0.00310160638765
    },
    "spectral_energyband_high": {
        "dmean": 0.000556103652343,
        "dmean2": 0.000863488006871,
        "dvar": 1.2174590438e-06,
        "dvar2": 2.80077074422e-06,
        "max": 0.00935787986964,
        "mean": 0.000751580810174,
        "median": 0.000292133569019,
        "min": 7.6945931933e-21,
        "stdev": 0.00130687677301,
        "var": 1.70792691279e-06
    },
    "spectral_energyband_low": {
        "dmean": 0.0214179772884,
        "dmean2": 0.0316266342998,
        "dvar": 0.00164276827127,
        "dvar2": 0.00364159839228,
        "max": 0.290886431932,
        "mean": 0.039419401437,
        "median": 0.0200383774936,
        "min": 1.15304138202e-22,
        "stdev": 0.0516740605235,
        "var": 0.00267020845786
    },
    "spectral_energyband_middle_high": {
        "dmean": 0.00206493563019,
        "dmean2": 0.0031403764151,
        "dvar": 1.06198694994e-05,
        "dvar2": 2.41834404733e-05,
        "max": 0.0510667413473,
        "mean": 0.00465764338151,
        "median": 0.00202462961897,
        "min": 1.53004583412e-21,
        "stdev": 0.00637994240969,
        "var": 4.07036641263e-05
    },
    "spectral_energyband_middle_low": {
        "dmean": 0.00721988640726,
        "dmean2": 0.01213460695,
        "dvar": 0.000135205656989,
        "dvar2": 0.000382130790967,
        "max": 0.088703237474,
        "mean": 0.0155895436183,
        "median": 0.0120675619692,
        "min": 2.97962558399e-22,
        "stdev": 0.0133650330827,
        "var": 0.000178624104592
    },
    "spectral_entropy": {
        "dmean": 0.356264352798,
        "dmean2": 0.512297213078,
        "dvar": 0.154279768467,
        "dvar2": 0.308129996061,
        "max": 9.79409790039,
        "mean": 7.06602430344,
        "median": 7.13626194,
        "min": 4.89204454422,
        "stdev": 0.67526525259,
        "var": 0.455983132124
    },
    "spectral_flux": {
        "dmean": 0.0490839332342,
        "dmean2": 0.0748854056001,
        "dvar": 0.0044834362343,
        "dvar2": 0.00746807642281,
        "max": 0.493492752314,
        "mean": 0.118012711406,
        "median": 0.085177950561,
        "min": 1.0430478703e-10,
        "stdev": 0.098499558866,
        "var": 0.00970216374844
    },
    "spectral_kurtosis": {
        "dmean": 3.3367202282,
        "dmean2": 5.15439033508,
        "dvar": 31.2186317444,
        "dvar2": 68.2666702271,
        "max": 59.4823493958,
        "mean": 6.66698312759,
        "median": 4.74052286148,
        "min": -1.49445986748,
        "stdev": 7.40620422363,
        "var": 54.8518600464
    },
    "spectral_rms": {
        "dmean": 0.00137340673245,
        "dmean2": 0.00196008617058,
        "dvar": 3.57399403583e-06,
        "dvar2": 7.26240523363e-06,
        "max": 0.0175166074187,
        "mean": 0.00684466678649,
        "median": 0.00627904897556,
        "min": 3.25793407009e-12,
        "stdev": 0.00322248297743,
        "var": 1.03843967736e-05
    },
    "spectral_rolloff": {
        "dmean": 475.463531494,
        "dmean2": 820.964294434,
        "dvar": 1843137.75,
        "dvar2": 4062236.5,
        "max": 19186.0839844,
        "mean": 896.467529297,
        "median": 473.73046875,
        "min": 64.599609375,
        "stdev": 1525.6072998,
        "var": 2327477.75
    },
    "spectral_skewness": {
        "dmean": 0.444540172815,
        "dmean2": 0.646191954613,
        "dvar": 0.300125837326,
        "dvar2": 0.594077408314,
        "max": 6.1831035614,
        "mean": 2.03984570503,
        "median": 1.89212906361,
        "min": -0.5419459939,
        "stdev": 0.909822225571,
        "var": 0.827776432037
    },
    "spectral_spread": {
        "dmean": 1259906.125,
        "dmean2": 1796222.875,
        "dvar": 2.98972794061e+12,
        "dvar2": 5.19061844787e+12,
        "max": 40088884,
        "mean": 5621905.5,
        "median": 5111516.5,
        "min": 1133560.875,
        "stdev": 2537319,
        "var": 6.43798715597e+12
    },
    "spectral_strongpeak": {
        "dmean": 0.437122344971,
        "dmean2": 0.737463951111,
        "dvar": 0.765279173851,
        "dvar2": 1.95942687988,
        "max": 8.79198074341,
        "mean": 0.788161456585,
        "median": 0.480598986149,
        "min": 0,
        "stdev": 0.98819899559,
        "var": 0.976537227631
    },
    "zerocrossingrate": {
        "dmean": 0.012552455999,
        "dmean2": 0.0147982127964,
        "dvar": 0.000478868518258,
        "dvar2": 0.000566135393456,
        "max": 0.50146484375,
        "mean": 0.0393317528069,
        "median": 0.0302734375,
        "min": 0.00146484375,
        "stdev": 0.039018727839,
        "var": 0.00152246118523
    },
    "barkbands": {
        "dmean": [0.00135827797931, 0.0152762914076, 0.0105556566268, 0.00255316821858, 0.00238232361153, 0.00106400530785, 0.000878405116964, 0.000982975587249, 0.00149550125934, 0.000794753956143, 0.00064009486232, 0.000538091000635, 0.000583318585996, 0.000312757445499, 0.000200394482818, 0.000146521662828, 0.000127519349917, 9.46598083829e-05, 9.01198145584e-05, 8.36145700305e-05, 7.64717624406e-05, 8.26539690024e-05, 9.17936049518e-05, 0.000110860681161, 0.000126906001242, 8.26309260447e-05, 6.76249828757e-06],
        "dmean2": [0.00163632270414, 0.0223853811622, 0.0192655175924, 0.0045858360827, 0.00405138777569, 0.00172958860639, 0.00137764378451, 0.00155880488455, 0.00235195108689, 0.00119510421064, 0.000964147562627, 0.000879408326, 0.000916657736525, 0.000496920547448, 0.000295328442007, 0.000247117335675, 0.000207500779652, 0.000150395251694, 0.000140764532262, 0.000130603570142, 0.000120282784337, 0.000132871777168, 0.00014200246369, 0.000170048617292, 0.000204860814847, 0.000139357434819, 1.14756194307e-05],
        "dvar": [7.50984190745e-06, 0.000836608407553, 0.000832341378555, 3.79334996978e-05, 2.05003325391e-05, 4.81352662973e-06, 3.85576322515e-06, 7.8169068729e-06, 1.83948613994e-05, 3.9723804548e-06, 2.37146764448e-06, 2.05939363696e-06, 2.14437432078e-06, 1.05682136109e-06, 3.79536061246e-07, 2.33352579926e-07, 1.34464158918e-07, 4.17520311657e-08, 2.29052119494e-08, 2.7619757148e-08, 1.86035009619e-08, 3.26822764407e-08, 3.42880781545e-08, 5.8693569116e-08, 7.562203308e-08, 4.77154706857e-08, 4.57119453401e-10],
        "dvar2": [1.11933550215e-05, 0.00192447891459, 0.00233644898981, 0.000108338877908, 5.69613293919e-05, 1.25417609524e-05, 8.43105317472e-06, 1.9123799575e-05, 4.47750499006e-05, 9.19627109397e-06, 5.67584402233e-06, 5.0587232181e-06, 5.04627132614e-06, 2.32665206568e-06, 7.25874826912e-07, 6.17140926806e-07, 3.54209191755e-07, 9.87553292475e-08, 5.41872289261e-08, 6.22930542704e-08, 4.35112212926e-08, 7.94567398543e-08, 7.46066106672e-08, 1.29673836113e-07, 1.75893333676e-07, 1.23503511418e-07, 1.1842168357e-09],
        "max": [0.0373798012733, 0.24772131443, 0.179458469152, 0.0504972934723, 0.0489108152688, 0.0257507581264, 0.0343480929732, 0.0401245690882, 0.0770342126489, 0.0346730351448, 0.030316863209, 0.0173346325755, 0.0246683880687, 0.0206410437822, 0.0115159023553, 0.00863064546138, 0.0070279436186, 0.00263820798136, 0.00173034053296, 0.00228148326278, 0.00108376145363, 0.00128212803975, 0.00214432179928, 0.00337749253958, 0.00245985435322, 0.00184670474846, 0.000223084774916],
        "mean": [0.00265393778682, 0.027116753161, 0.00833776686341, 0.00270356424153, 0.00489676510915, 0.00173336337321, 0.00189295632299, 0.00130568782333, 0.00210732966661, 0.00129290646873, 0.0010500093922, 0.000674374401569, 0.000812587561086, 0.000376330921426, 0.000292044394882, 0.000163673961652, 0.000164233875694, 0.000128977189888, 0.000141512893606, 0.000124202095321, 0.000112180758151, 9.20797538129e-05, 0.000113978763693, 0.000147531012772, 0.000147567669046, 7.72857310949e-05, 5.16053842148e-06],
        "median": [0.000805206422228, 0.013285192661, 0.00210639927536, 0.00129511998966, 0.00368219707161, 0.000658978766296, 0.000402972451411, 0.000240294582909, 0.000267463881755, 0.000212198225199, 0.000151401603944, 9.75211150944e-05, 7.33078850317e-05, 4.31363514508e-05, 3.13864184136e-05, 2.37297026615e-05, 3.22175656038e-05, 3.31875598931e-05, 5.42490670341e-05, 4.4135384087e-05, 3.52556926373e-05, 1.93949872482e-05, 3.22055275319e-05, 4.78970832773e-05, 3.44068721461e-05, 1.1685161553e-05, 1.80288296292e-07],
        "min": [4.94975949908e-23, 6.42343118722e-23, 1.4810293938e-23, 5.86296373674e-24, 5.17677315722e-23, 4.63180721797e-23, 6.12770805978e-23, 7.35141875713e-23, 4.92580905091e-23, 1.1511662912e-22, 7.97255458103e-23, 1.7181506636e-22, 5.94240905076e-23, 9.52100586536e-23, 8.45897315717e-23, 1.35959975066e-22, 1.60366384841e-22, 3.47893465219e-22, 1.65980701592e-22, 2.73230569952e-22, 3.69901321323e-22, 4.96891039129e-22, 6.56013497608e-22, 8.84049784537e-22, 1.45295880085e-21, 1.70228216483e-21, 2.10935963547e-21],
        "stdev": [0.00465088849887, 0.0371259711683, 0.0227896906435, 0.00495989574119, 0.00498723704368, 0.0029635799583, 0.00401677330956, 0.00324982753955, 0.00572075415403, 0.00309627270326, 0.00225058710203, 0.00172056932934, 0.00204274221323, 0.00125149637461, 0.000905775174033, 0.000506845593918, 0.000388126616599, 0.000247646617936, 0.000216885935515, 0.000225965181016, 0.000179166090675, 0.000188695208635, 0.000239441040321, 0.000310206844006, 0.000327904388541, 0.000201874005143, 1.9217693989e-05],
        "var": [2.16307616938e-05, 0.00137833785266, 0.000519369961694, 2.46005674853e-05, 2.4872533686e-05, 8.78280661709e-06, 1.61344687513e-05, 1.05613789856e-05, 3.27270281559e-05, 9.58690452535e-06, 5.0651424317e-06, 2.96035887004e-06, 4.17279534304e-06, 1.56624309966e-06, 8.20428624593e-07, 2.56892434436e-07, 1.50642264884e-07, 6.13288406726e-08, 4.70395065122e-08, 5.10602617965e-08, 3.21004876014e-08, 3.5605879134e-08, 5.73320093622e-08, 9.62282911132e-08, 1.07521287873e-07, 4.0753111108e-08, 3.69319769211e-10]
    },
    "erbbands": {
        "dmean": [0.517714679241, 3.62930989265, 11.3038129807, 10.5758457184, 8.2922334671, 7.83034849167, 8.14999103546, 8.88018989563, 10.4295148849, 18.1428985596, 17.9760246277, 40.8872337341, 32.9716567993, 16.2799186707, 24.6701164246, 23.3673000336, 24.9656639099, 19.2964267731, 12.7070407867, 6.78063392639, 6.95776081085, 6.0623793602, 4.83935070038, 4.73095607758, 4.06131649017, 3.90885400772, 2.78792715073, 3.23072600365, 2.76864528656, 3.11504101753, 2.55427837372, 2.14177799225, 2.05521821976, 1.59162354469, 0.79134529829, 0.356453895569, 0.162620037794, 0.0283881146461, 0.000825010007247, 4.47882557637e-05],
        "dmean2": [0.653381109238, 5.61612176895, 19.7105789185, 19.243221283, 14.26313591, 13.3837509155, 13.8473463058, 14.7335977554, 16.749578476, 28.2537002563, 29.002456665, 63.6512031555, 48.3782691956, 25.8173446655, 37.3993682861, 36.9611167908, 39.5437240601, 29.4686050415, 18.8143348694, 10.8258008957, 11.5667505264, 9.79815101624, 7.46748447418, 7.33406543732, 6.27949380875, 6.13274860382, 4.38301753998, 5.18017339706, 4.48832416534, 5.03563070297, 3.92606043816, 3.24888849258, 3.25319623947, 2.56552219391, 1.28361952305, 0.597504794598, 0.276329427958, 0.0477729290724, 0.00139441201463, 7.0695168688e-05],
        "dvar": [0.791951954365, 63.0702896118, 898.089172363, 718.633972168, 237.291381836, 296.121429443, 311.203521729, 364.563934326, 799.664550781, 1766.30822754, 2074.64892578, 14902.0585938, 6050.62158203, 1485.6628418, 3617.53955078, 4218.71923828, 4124.90478516, 2797.22558594, 1538.94616699, 325.126922607, 493.887481689, 259.498352051, 105.552635193, 74.6448059082, 48.053855896, 56.3194351196, 24.3295211792, 42.181224823, 34.2963104248, 52.557674408, 27.738079071, 17.1183280945, 25.0464382172, 12.6982011795, 3.40312480927, 0.801650762558, 0.191711634398, 0.00633077509701, 6.56845440972e-06, 6.43744435536e-09],
        "dvar2": [1.49152827263, 150.184524536, 2412.2512207, 2031.67431641, 680.261901855, 828.207092285, 813.198120117, 961.83581543, 1874.14831543, 3958.89746094, 5213.72509766, 35712.7382812, 14098.2089844, 3176.87695312, 8793.96777344, 10133.0498047, 9847.29492188, 6024.93554688, 2838.04931641, 787.602600098, 1330.19641113, 655.606628418, 235.892700195, 169.486282349, 103.953170776, 130.921264648, 53.6819572449, 104.076187134, 84.460105896, 126.266349792, 60.3397254944, 37.6200447083, 56.1483268738, 28.2346992493, 8.219871521, 2.05510497093, 0.502962052822, 0.0163329839706, 1.71856008819e-05, 1.56404773577e-08],
        "max": [9.86574935913, 64.1890029907, 203.94694519, 170.852218628, 139.78578186, 202.499298096, 175.324081421, 234.52671814, 598.979248047, 625.859985352, 548.065124512, 2178.8737793, 1370.15563965, 425.168395996, 1477.18225098, 894.606201172, 1077.05700684, 983.159057617, 680.014465332, 258.791534424, 416.588989258, 248.726715088, 133.763931274, 94.8287353516, 81.9644775391, 96.1300048828, 64.8082275391, 62.9740905762, 52.9023323059, 63.4348258972, 62.1603851318, 43.8224220276, 77.530166626, 48.5886268616, 14.6340866089, 7.37432146072, 3.78091239929, 0.722911953926, 0.0222808979452, 0.000646162603516],
        "mean": [1.02553737164, 5.05156469345, 9.93147373199, 9.76118087769, 17.3914852142, 12.3901796341, 9.96856021881, 15.2156171799, 21.9038906097, 34.7823524475, 23.7507247925, 59.623085022, 55.3735389709, 25.5838680267, 43.278427124, 32.9163818359, 36.9017715454, 26.6900959015, 19.0064697266, 9.41693401337, 8.81613540649, 8.37506008148, 7.22092914581, 7.33527374268, 6.86285543442, 5.82441234589, 4.21878004074, 4.48396730423, 3.17347288132, 3.44032049179, 3.21382260323, 2.97844433784, 2.56663179398, 1.96681666374, 0.84216594696, 0.356129765511, 0.143547683954, 0.0237757377326, 0.000686399987899, 8.45879476401e-05],
        "median": [0.469327509403, 1.9619243145, 2.83260965347, 3.76658821106, 9.22391033173, 8.78804683685, 3.46724748611, 5.36244392395, 6.498087883, 9.14886379242, 6.20271348953, 9.09659957886, 10.7797498703, 6.42454481125, 6.4274148941, 5.77011728287, 4.45999240875, 3.26309251785, 2.31523895264, 1.72425556183, 1.55694925785, 1.75622618198, 1.88066625595, 2.88180685043, 2.52314782143, 2.22341012955, 1.59272694588, 1.19590353966, 0.716060698032, 0.870553910732, 0.941783905029, 1.02352797985, 0.70063573122, 0.481181949377, 0.179747179151, 0.0588838458061, 0.0218137223274, 0.00246237567626, 8.8540953584e-05, 5.54758007638e-05],
        "min": [3.42399216883e-21, 8.62935090634e-21, 2.08001560519e-20, 1.82042322607e-20, 1.73193034554e-19, 1.14045071263e-19, 1.83864103896e-19, 4.11448451327e-19, 9.05323641238e-19, 1.36600440921e-18, 1.059195055e-18, 8.71313283172e-19, 2.62659457552e-18, 4.14346018484e-18, 2.56781760273e-18, 8.29438484753e-18, 4.13973994004e-18, 4.733461646e-18, 3.59387187328e-18, 4.55328723292e-18, 8.73475429896e-18, 1.04870661163e-17, 1.56711368825e-17, 1.28078073516e-17, 9.90721416126e-18, 1.27694352702e-17, 1.55873021274e-17, 1.45692429711e-17, 1.7058470971e-17, 2.49453221287e-17, 1.63937320871e-17, 1.7469037105e-17, 1.5299368828e-17, 1.34387592162e-17, 1.12899069393e-17, 5.2173470015e-18, 3.30806546201e-18, 1.5151045418e-18, 2.96421542526e-19, 3.12744064909e-20],
        "stdev": [1.39983379841, 8.47515296936, 25.0748958588, 21.1898727417, 18.6495342255, 15.9271116257, 19.1419334412, 26.7184848785, 47.1222915649, 67.0595626831, 51.564956665, 163.810256958, 122.723136902, 51.266998291, 100.302246094, 79.539390564, 89.4616699219, 71.2514801025, 58.4543190002, 23.0865039825, 23.0475082397, 18.6364650726, 14.1273145676, 11.5695610046, 10.9635028839, 10.0584831238, 6.82150030136, 7.51583814621, 6.0790309906, 7.86840629578, 6.78801345825, 5.56408548355, 6.16681814194, 4.57949113846, 1.98648715019, 0.872494101524, 0.393199443817, 0.073067612946, 0.0022554253228, 8.8270244305e-05],
        "var": [1.95953476429, 71.8282241821, 628.750366211, 449.010681152, 347.805145264, 253.672897339, 366.413635254, 713.877441406, 2220.51025391, 4496.98486328, 2658.94482422, 26833.8007812, 15060.96875, 2628.30493164, 10060.5410156, 6326.51464844, 8003.390625, 5076.77392578, 3416.9074707, 532.986633301, 531.18762207, 347.317840576, 199.581008911, 133.854751587, 120.198402405, 101.173080444, 46.5328674316, 56.4878196716, 36.9546165466, 61.9118156433, 46.077129364, 30.9590454102, 38.0296440125, 20.971736908, 3.9461312294, 0.761245965958, 0.154605790973, 0.00533887557685, 5.08694347445e-06, 7.79163578102e-09]
    },
    "gfcc": {
        "mean": [-13.5248241425, 102.250083923, -71.4681549072, 30.2766723633, -55.2325210571, 25.8783473969, -30.3463973999, 14.1039676666, -28.2851524353, 2.57912445068, -12.4337129593, -2.7623436451, -11.4869403839],
        "cov": [[7491.21435547, -1647.27148438, -1330.3157959, -113.81452179, -335.638122559, 344.694885254, 0.694233417511, 356.162017822, -173.475097656, 274.904907227, -240.511108398, 239.389633179, -276.190093994], [-1647.27148438, 1959.8059082, 138.583114624, -344.958526611, 249.274795532, -57.4296073914, 403.590942383, -47.3880577087, 291.702270508, -76.2077331543, 227.855285645, -142.784957886, 159.557525635], [-1330.3157959, 138.583114624, 1267.46765137, 329.812805176, -11.7562332153, -34.9384384155, -21.1761226654, -20.9878330231, 137.290206909, -3.46502375603, 52.4697303772, 102.897842407, 25.2026500702], [-113.81452179, -344.958526611, 329.812805176, 582.376098633, 74.4813613892, -131.773895264, -139.690597534, 5.57913303375, 35.7740211487, -6.3981013298, 45.8659286499, 97.8172073364, 47.9877052307], [-335.638122559, 249.274795532, -11.7562332153, 74.4813613892, 385.682952881, 37.0243148804, 52.3833580017, -21.6644630432, 83.6011505127, 22.8820419312, 11.67927742, -17.4593925476, 82.2260284424], [344.694885254, -57.4296073914, -34.9384384155, -131.773895264, 37.0243148804, 310.357635498, 166.554641724, -5.9434709549, 1.76257586479, 67.8483810425, -4.23188495636, -5.33010292053, 4.9089679718], [0.694233417511, 403.590942383, -21.1761226654, -139.690597534, 52.3833580017, 166.554641724, 400.790283203, 35.3639411926, 77.3620452881, 62.8654098511, 73.4478988647, 13.9662771225, 42.9675788879], [356.162017822, -47.3880577087, -20.9878330231, 5.57913303375, -21.6644630432, -5.9434709549, 35.3639411926, 177.28062439, 67.2946929932, 13.8653917313, 22.4179286957, 44.3100395203, -11.0366687775], [-173.475097656, 291.702270508, 137.290206909, 35.7740211487, 83.6011505127, 1.76257586479, 77.3620452881, 67.2946929932, 232.227050781, 35.0522155762, 32.3186035156, 25.7904262543, 38.3125267029], [274.904907227, -76.2077331543, -3.46502375603, -6.3981013298, 22.8820419312, 67.8483810425, 62.8654098511, 13.8653917313, 35.0522155762, 143.473144531, 13.3899421692, 14.2481184006, -8.69925403595], [-240.511108398, 227.855285645, 52.4697303772, 45.8659286499, 11.67927742, -4.23188495636, 73.4478988647, 22.4179286957, 32.3186035156, 13.3899421692, 164.782073975, 24.5757389069, 36.2426719666], [239.389633179, -142.784957886, 102.897842407, 97.8172073364, -17.4593925476, -5.33010292053, 13.9662771225, 44.3100395203, 25.7904262543, 14.2481184006, 24.5757389069, 147.925292969, 8.5467414856], [-276.190093994, 159.557525635, 25.2026500702, 47.9877052307, 82.2260284424, 4.9089679718, 42.9675788879, -11.0366687775, 38.3125267029, -8.69925403595, 36.2426719666, 8.5467414856, 111.66255188]],
        "icov": [[0.000311799958581, -9.68876556726e-05, 0.000402336154366, -0.000320774532156, 0.000254071870586, -0.00047291291412, 0.000132370580104, -0.000519906927366, 0.00017498152738, -0.000481146737002, 0.000524594273884, -0.00060796859907, 0.000466824945761], [-9.68876556726e-05, 0.00271162809804, -0.000667512591463, 0.00230625108816, -0.00122945487965, 0.00237995758653, -0.00213261297904, 0.00177960807923, -0.0027639688924, 0.00222881115042, -0.00317021389492, 0.00218413234688, -0.00117381394375], [0.000402336154366, -0.000667512591463, 0.00170330097899, -0.00146213721018, 0.000867322203703, -0.00127252098173, 0.000563674722798, -0.000393402326154, -6.60479636281e-05, -0.000767665333115, 0.00115770415869, -0.00156043481547, 0.00106091285124], [-0.000320774532156, 0.00230625108816, -0.00146213721018, 0.00506697921082, -0.00191120884847, 0.00311219505966, -0.000818888423964, 0.00174985546619, -0.00209633074701, 0.00169073452707, -0.00361585966311, 0.000782654387876, -0.00221311976202], [0.000254071870586, -0.00122945487965, 0.000867322203703, -0.00191120884847, 0.00429191812873, -0.00181798066478, 0.000854600162711, -0.000481966009829, 4.90379679832e-05, -0.0015863935696, 0.00213700020686, -0.000572004297283, -0.00123646459542], [-0.00047291291412, 0.00237995758653, -0.00127252098173, 0.00311219505966, -0.00181798066478, 0.00749403564259, -0.0036935498938, 0.00229692528956, -0.00164609763306, 0.000719925155863, -0.00249486626126, 0.00233694864437, -0.00171143538319], [0.000132370580104, -0.00213261297904, 0.000563674722798, -0.000818888423964, 0.000854600162711, -0.0036935498938, 0.00602618884295, -0.00182390550617, 0.00133496860508, -0.00245208246633, 0.000909757043701, -0.00231815315783, -0.000133542882395], [-0.000519906927366, 0.00177960807923, -0.000393402326154, 0.00174985546619, -0.000481966009829, 0.00229692528956, -0.00182390550617, 0.00937631353736, -0.00455317460001, 0.00230976892635, -0.00331471930258, 0.000175938359462, 0.000195001761313], [0.00017498152738, -0.0027639688924, -6.60479636281e-05, -0.00209633074701, 4.90379679832e-05, -0.00164609763306, 0.00133496860508, -0.00455317460001, 0.00948258023709, -0.00370135484263, 0.00345683773048, -0.00219846074469, -0.00012499204604], [-0.000481146737002, 0.00222881115042, -0.000767665333115, 0.00169073452707, -0.0015863935696, 0.000719925155863, -0.00245208246633, 0.00230976892635, -0.00370135484263, 0.01098918356, -0.00367114855908, 0.00188911566511, 0.000553225341719], [0.000524594273884, -0.00317021389492, 0.00115770415869, -0.00361585966311, 0.00213700020686, -0.00249486626126, 0.000909757043701, -0.00331471930258, 0.00345683773048, -0.00367114855908, 0.0118384649977, -0.00346574862488, -7.07284343662e-05], [-0.00060796859907, 0.00218413234688, -0.00156043481547, 0.000782654387876, -0.000572004297283, 0.00233694864437, -0.00231815315783, 0.000175938359462, -0.00219846074469, 0.00188911566511, -0.00346574862488, 0.0115093458444, -0.00223556114361], [0.000466824945761, -0.00117381394375, 0.00106091285124, -0.00221311976202, -0.00123646459542, -0.00171143538319, -0.000133542882395, 0.000195001761313, -0.00012499204604, 0.000553225341719, -7.07284343662e-05, -0.00223556114361, 0.0138356201351]]
    },
    "melbands": {
        "dmean": [0.00422137789428, 0.00490275165066, 0.00170696701389, 0.00055518024601, 0.000287501636194, 0.000198245019419, 0.000167682286701, 0.000207889141166, 0.000136677088449, 0.000273634592304, 0.000158778944751, 6.52324015391e-05, 8.04468436399e-05, 7.04589911038e-05, 4.70976992801e-05, 6.54579926049e-05, 3.5881956137e-05, 2.16673397517e-05, 1.09787106339e-05, 1.19922506201e-05, 8.10041819932e-06, 7.55561768528e-06, 4.72903047921e-06, 4.27925624535e-06, 4.07725065088e-06, 3.55505335392e-06, 2.99401449411e-06, 2.66741903943e-06, 1.74225283445e-06, 2.0989020868e-06, 1.85186752333e-06, 1.53104201672e-06, 1.76076878233e-06, 1.72406635102e-06, 1.41446230373e-06, 1.57145439061e-06, 1.26878080664e-06, 1.42203441555e-06, 1.5579206547e-06, 1.32561251576e-06],
        "dmean2": [0.00570584693924, 0.00795951951295, 0.0030887031462, 0.000945406674873, 0.000489333644509, 0.000326292327372, 0.000265170529019, 0.00032438323251, 0.000219019711949, 0.000424321362516, 0.00023491603497, 0.000104328595626, 0.000121233628306, 0.000114038055472, 7.38234375603e-05, 0.000103287507955, 5.55740989512e-05, 3.35960285156e-05, 1.70322509803e-05, 1.96977161977e-05, 1.33451212605e-05, 1.24972375488e-05, 7.52878577259e-06, 6.72924852552e-06, 6.44247984383e-06, 5.54278631171e-06, 4.596544386e-06, 4.24695781476e-06, 2.75286447504e-06, 3.35233198712e-06, 3.06014749185e-06, 2.48738183473e-06, 2.91695073429e-06, 2.79182336271e-06, 2.18648870032e-06, 2.41876296059e-06, 1.93854202735e-06, 2.24101631829e-06, 2.54758424489e-06, 2.15403269976e-06],
        "dvar": [5.14863386343e-05, 0.000139197945828, 1.71447845787e-05, 1.15981913495e-06, 3.60397166332e-07, 1.81712564995e-07, 1.63000166253e-07, 2.76409224398e-07, 1.07694852147e-07, 6.73962233577e-07, 1.46581328409e-07, 2.54398901944e-08, 3.70077088974e-08, 2.7744347264e-08, 1.3836714885e-08, 3.33150964593e-08, 1.31005783999e-08, 4.789585617e-09, 9.01745178528e-10, 1.4197343301e-09, 5.95359372912e-10, 5.11582665119e-10, 1.10113508589e-10, 7.56964976811e-11, 5.73871609955e-11, 3.8960154547e-11, 4.40344496977e-11, 3.03628060194e-11, 1.06304002059e-11, 1.66316023453e-11, 1.45642109484e-11, 1.04205220841e-11, 1.82576540692e-11, 1.51088221795e-11, 8.94534619988e-12, 9.77710534061e-12, 6.29223756432e-12, 1.26401224557e-11, 1.43013474327e-11, 8.77309336289e-12],
        "dvar2": [0.00010925175593, 0.000338280398864, 4.83234616695e-05, 3.23527297041e-06, 9.76799924501e-07, 4.65580257014e-07, 3.71879679051e-07, 6.42473310108e-07, 2.67690751343e-07, 1.62068420195e-06, 3.4016676409e-07, 5.52585639468e-08, 8.96780321114e-08, 7.14921668532e-08, 3.13837844601e-08, 7.83092630741e-08, 2.87460864001e-08, 9.19476139671e-09, 1.94411597931e-09, 3.6545522164e-09, 1.56828838804e-09, 1.33657018786e-09, 2.44277875705e-10, 1.75834333205e-10, 1.33248703738e-10, 8.42246203336e-11, 9.29588905851e-11, 7.5193039295e-11, 2.36615796401e-11, 3.80304190917e-11, 3.62147950517e-11, 2.61866119067e-11, 4.52089893299e-11, 3.59999703659e-11, 1.95179809814e-11, 2.19770469184e-11, 1.40255342063e-11, 2.95613290791e-11, 3.11857761837e-11, 2.01497638019e-11],
        "max": [0.0790210962296, 0.0821015164256, 0.027059417218, 0.0112628368661, 0.00493461405858, 0.00645460747182, 0.00819937419146, 0.00819580629468, 0.0035791117698, 0.0148975346237, 0.00677201338112, 0.00169626041315, 0.00421287724748, 0.00217792950571, 0.00164055288769, 0.00337643572129, 0.00221481011249, 0.00112993293442, 0.000503322982695, 0.000655409123283, 0.000371853646357, 0.000392194400774, 0.00013801100431, 0.000119801814435, 9.14385018405e-05, 8.99287042557e-05, 0.000140737451147, 8.63333480083e-05, 4.3519125029e-05, 4.54953442386e-05, 3.82069920306e-05, 3.38669487974e-05, 3.37336205121e-05, 3.85137100238e-05, 3.81395402655e-05, 3.48064240825e-05, 2.94386718451e-05, 6.12835137872e-05, 4.71683197247e-05, 3.63319995813e-05],
        "mean": [0.00822647009045, 0.00554272765294, 0.00193820346612, 0.00112091004848, 0.000362101302017, 0.000342314102454, 0.000373078597477, 0.000372708920622, 0.000167726204381, 0.000397789641283, 0.000260485190665, 9.01022940525e-05, 0.000133036795887, 0.00010098417988, 6.6278858867e-05, 8.63176319399e-05, 4.47064558102e-05, 3.02248190565e-05, 1.56770292961e-05, 1.35713344207e-05, 9.62287322182e-06, 9.7509164334e-06, 6.47118167763e-06, 6.03882654104e-06, 5.84117833569e-06, 5.55497399546e-06, 4.47057755082e-06, 3.67130701306e-06, 2.49123559115e-06, 2.83542908619e-06, 2.48866217589e-06, 1.70024168256e-06, 1.84511043244e-06, 1.91923845705e-06, 1.73573482698e-06, 2.0372549443e-06, 1.70800728938e-06, 1.73254613856e-06, 1.87593923329e-06, 1.58898842528e-06],
        "median": [0.00421913899481, 0.00201749056578, 0.00114580860827, 0.000844297930598, 0.000152036722284, 0.000110321525426, 9.90636108327e-05, 9.57940210355e-05, 3.40316037182e-05, 5.34003484063e-05, 4.91328028147e-05, 1.76875655598e-05, 1.83498086699e-05, 1.56889163918e-05, 9.0649627964e-06, 7.79948550189e-06, 4.9871741794e-06, 3.20958611155e-06, 2.23123652177e-06, 1.84710006579e-06, 1.62975686635e-06, 1.74503884409e-06, 1.50053801917e-06, 1.44444948091e-06, 2.06616323339e-06, 1.90702235159e-06, 1.45752846947e-06, 1.34964443532e-06, 9.35586854212e-07, 6.78017499922e-07, 5.41770248219e-07, 3.57143619567e-07, 3.863281961e-07, 4.51561561476e-07, 4.77693163248e-07, 6.22355855739e-07, 5.61190802273e-07, 4.51847398608e-07, 4.3277941586e-07, 3.65682296888e-07],
        "min": [2.61026674022e-23, 1.02594808046e-23, 7.22501689216e-24, 1.28608821682e-23, 5.06755055284e-24, 9.50271786077e-24, 1.30306150583e-23, 1.5506831296e-23, 7.15537072942e-24, 6.40704544181e-24, 1.4401556704e-23, 1.80640864256e-23, 8.71116220669e-24, 1.5145818569e-23, 1.9315765713e-23, 6.57787327084e-24, 8.68247133557e-24, 4.82292596943e-24, 7.1492712569e-24, 5.19591281605e-24, 1.23827441072e-23, 1.08036891219e-23, 1.08902476735e-23, 1.61193297241e-23, 9.77445598793e-24, 6.89634430688e-24, 7.42332311309e-24, 8.67503158837e-24, 9.25530583734e-24, 1.02199494069e-23, 7.49036603484e-24, 8.46230972325e-24, 1.29973898147e-23, 1.39806552348e-23, 9.23771976118e-24, 7.52602964751e-24, 1.18472006382e-23, 1.17329846231e-23, 9.77639895234e-24, 1.16488494522e-23],
        "stdev": [0.0107220886275, 0.0112163815647, 0.00332820555195, 0.00117176177446, 0.00061809347244, 0.000635052332655, 0.000768676749431, 0.000743966258597, 0.000376345851691, 0.00110401737038, 0.000600506376941, 0.000205134085263, 0.000296971556963, 0.00021616833692, 0.000156900947331, 0.000248373835348, 0.000144987381645, 9.66968655121e-05, 4.01161414629e-05, 4.17098817707e-05, 2.49987606367e-05, 2.46022591455e-05, 1.38660143421e-05, 1.16725177577e-05, 9.67553569353e-06, 9.62612557487e-06, 9.19572721614e-06, 6.92670164426e-06, 4.29178908234e-06, 5.39714710612e-06, 4.31947410107e-06, 3.28569194608e-06, 4.3043974074e-06, 4.42162581749e-06, 3.91929097532e-06, 3.91725779991e-06, 3.3363669445e-06, 4.31069383922e-06, 4.62536809209e-06, 3.73152192878e-06],
        "var": [0.000114963193482, 0.000125807215227, 1.10769515231e-05, 1.37302572512e-06, 3.82039530678e-07, 4.03291437578e-07, 5.9086391957e-07, 5.53485790533e-07, 1.41636206763e-07, 1.21885432236e-06, 3.60607884886e-07, 4.20799928236e-08, 8.81921025098e-08, 4.67287506467e-08, 2.46179077124e-08, 6.16895619032e-08, 2.10213411123e-08, 9.35028321436e-09, 1.60930480053e-09, 1.73971426154e-09, 6.24938045757e-10, 6.05271111009e-10, 1.92266355614e-10, 1.36247679805e-10, 9.361598996e-11, 9.26622875652e-11, 8.45613926104e-11, 4.79791935348e-11, 1.84194551972e-11, 2.91291955834e-11, 1.86578565098e-11, 1.07957722623e-11, 1.85278372505e-11, 1.95507759287e-11, 1.53608410713e-11, 1.53449076362e-11, 1.11313441103e-11, 1.85820820536e-11, 2.13940306443e-11, 1.39242567129e-11]
    },
    "melbands128": {
