{
"lowlevel": {
    "average_loudness": 0.98361992836,
    "barkbands_crest": {
        "dmean": 3.28225898743,
        "dmean2": 4.88464832306,
        "dvar": 9.74978542328,
        "dvar2": 21.0879058838,
        "max": 26.0764026642,
        "mean": 13.1341362,
        "median": 12.4238557816,
        "min": 3.43246674538,
        "stdev": 5.31829595566,
        "var": 28.2842731476
    },
    "barkbands_flatness_db": {
        "dmean": 0.0314860343933,
        "dmean2": 0.0433486253023,
        "dvar": 0.00102629209869,
        "dvar2": 0.00187438633293,
        "max": 0.565759301186,
        "mean": 0.158562779427,
        "median": 0.143410846591,
        "min": 0.0391206070781,
        "stdev": 0.0707841664553,
        "var": 0.00501039810479
    },
    "barkbands_kurtosis": {
        "dmean": 7.92937088013,
        "dmean2": 12.2870512009,
        "dvar": 1020.34075928,
        "dvar2": 2519.80102539,
        "max": 867.466491699,
        "mean": 9.75235748291,
        "median": 2.75530958176,
        "min": -1.9143269062,
        "stdev": 37.169052124,
        "var": 1381.53845215
    },
    "barkbands_skewness": {
        "dmean": 0.901778936386,
        "dmean2": 1.29472362995,
        "dvar": 1.56907248497,
        "dvar2": 3.53063988686,
        "max": 23.009519577,
        "mean": 1.98138415813,
        "median": 1.57997584343,
        "min": -3.75838279724,
        "stdev": 1.93972957134,
        "var": 3.76255059242
    },
    "barkbands_spread": {
        "dmean": 8.99481678009,
        "dmean2": 13.1254444122,
        "dvar": 147.182235718,
        "dvar2": 263.284912109,
        "max": 121.022018433,
        "mean": 23.9618396759,
        "median": 19.0489215851,
        "min": 0.115257948637,
        "stdev": 19.9980869293,
        "var": 399.923461914
    },
    "dissonance": {
        "dmean": 0.0256023760885,
        "dmean2": 0.0411599315703,
        "dvar": 0.000856531667523,
        "dvar2": 0.00212298356928,
        "max": 0.499877035618,
        "mean": 0.453078776598,
        "median": 0.463249385357,
        "min": 0.0422295108438,
        "stdev": 0.0396470203996,
        "var": 0.00157188635785
    },
    "dynamic_complexity": 1.92960476875,
    "erbbands_crest": {
        "dmean": 2.8984079361,
        "dmean2": 4.73972702026,
        "dvar": 7.76872873306,
        "dvar2": 18.6136207581,
        "max": 30.7756023407,
        "mean": 9.5545425415,
        "median": 8.39283084869,
        "min": 2.29601812363,
        "stdev": 4.44066333771,
        "var": 19.7194919586
    },
    "erbbands_flatness_db": {
        "dmean": 0.0246735401452,
        "dmean2": 0.0348469167948,
        "dvar": 0.000505097908899,
        "dvar2": 0.000967787753325,
        "max": 0.390680700541,
        "mean": 0.152102723718,
        "median": 0.145741716027,
        "min": 0.060934830457,
        "stdev": 0.0503124818206,
        "var": 0.00253134593368
    },
    "erbbands_kurtosis": {
        "dmean": 1.75835025311,
        "dmean2": 2.65997266769,
        "dvar": 5.44380140305,
        "dvar2": 11.0014152527,
        "max": 43.6200637817,
        "mean": 2.1300444603,
        "median": 1.02718639374,
        "min": -1.76232933998,
        "stdev": 4.25121116638,
        "var": 18.0727977753
    },
    "erbbands_skewness": {
        "dmean": 0.49247983098,
        "dmean2": 0.717197597027,
        "dvar": 0.242550715804,
        "dvar2": 0.453621923923,
        "max": 5.57168531418,
        "mean": 0.540246248245,
        "median": 0.543860733509,
        "min": -3.8217484951,
        "stdev": 1.07450830936,
        "var": 1.15456807613
    },
    "erbbands_spread": {
        "dmean": 11.2462491989,
        "dmean2": 17.0116348267,
        "dvar": 155.82623291,
        "dvar2": 356.952056885,
        "max": 119.296676636,
        "mean": 33.2404899597,
        "median": 27.6675796509,
        "min": 3.04065966606,
        "stdev": 18.8707885742,
        "var": 356.106689453
    },
    "hfc": {
        "dmean": 15.6265974045,
        "dmean2": 22.6467494965,
        "dvar": 518.121154785,
        "dvar2": 1029.94616699,
        "max": 196.266876221,
        "mean": 36.8894729614,
        "median": 27.2804603577,
        "min": 1.18194686292e-16,
        "stdev": 32.5928726196,
        "var": 1062.29528809
    },
    "loudness_ebu128": {
        "integrated": -8.01374149323,
        "loudness_range": 1.52445936203,
        "momentary": {
            "dmean": 0.566775679588,
            "dmean2": 0.898845613003,
            "dvar": 0.289332151413,
            "dvar2": 0.724821448326,
            "max": -6.49565792084,
            "mean": -8.17811775208,
            "median": -7.76946592331,
            "min": -14.7128448486,
            "stdev": 1.31290102005,
            "var": 1.72370910645
        },
        "short_term": {
            "dmean": 0.0614014789462,
            "dmean2": 0.0686977729201,
            "dvar": 0.00252753030509,
            "dvar2": 0.00286272424273,
            "max": -7.30434131622,
            "mean": -8.07591152191,
            "median": -7.98448562622,
            "min": -9.6394405365,
            "stdev": 0.573001980782,
            "var": 0.328331261873
        }
    },
    "melbands_crest": {
        "dmean": 4.13854026794,
        "dmean2": 5.93672561646,
        "dvar": 16.9915523529,
        "dvar2": 33.2786636353,
        "max": 38.9551429749,
        "mean": 21.9976234436,
        "median": 22.7773952484,
        "min": 3.1458003521,
        "stdev": 8.63689231873,
        "var": 74.595916748
    },
    "melbands_flatness_db": {
        "dmean": 0.0389097630978,
        "dmean2": 0.0520317777991,
        "dvar": 0.00160993309692,
        "dvar2": 0.00295008835383,
        "max": 0.70189499855,
        "mean": 0.228359520435,
        "median": 0.216991841793,
        "min": 0.00921582337469,
        "stdev": 0.0874882787466,
        "var": 0.00765419891104
    },
    "melbands_kurtosis": {
        "dmean": 15.0579919815,
        "dmean2": 23.1399555206,
        "dvar": 1779.84399414,
        "dvar2": 4354.91113281,
        "max": 913.508605957,
        "mean": 21.7181224823,
        "median": 8.31902980804,
        "min": -1.72038006783,
        "stdev": 51.3325004578,
        "var": 2635.02563477
    },
    "melbands_skewness": {
        "dmean": 1.17438817024,
        "dmean2": 1.688544631,
        "dvar": 2.15347838402,
        "dvar2": 4.74571561813,
        "max": 24.889465332,
        "mean": 3.11213970184,
        "median": 2.60229420662,
        "min": -1.4040068388,
        "stdev": 2.45653533936,
        "var": 6.0345659256
    },
    "melbands_spread": {
        "dmean": 10.2830152512,
        "dmean2": 14.9800348282,
        "dvar": 273.83203125,
        "dvar2": 463.833709717,
        "max": 234.840560913,
        "mean": 23.6690540314,
        "median": 18.1304798126,
        "min": 0.103530094028,
        "stdev": 24.9799079895,
        "var": 623.995788574
    },
    "pitch_salience": {
        "dmean": 0.0969959273934,
        "dmean2": 0.148944154382,
        "dvar": 0.0107145858929,
        "dvar2": 0.0244311802089,
        "max": 0.856236517429,
        "mean": 0.430801749229,
        "median": 0.429249823093,
        "min": 0.0217358134687,
        "stdev": 0.173540279269,
        "var": 0.0301162265241
    },
    "silence_rate_20dB": {
        "dmean": 0,
        "dmean2": 0,
        "dvar": 0,
        "dvar2": 0,
        "max": 1,
        "mean": 1,
        "median": 1,
        "min": 1,
        "stdev": 0,
        "var": 0
    },
    "silence_rate_30dB": {
        "dmean": 0.113003097475,
        "dmean2": 0.226181253791,
        "dvar": 0.100234828889,
        "dvar2": 0.179672271013,
        "max": 1,
        "mean": 0.826759457588,
        "median": 1,
        "min": 0,
        "stdev": 0.378456950188,
        "var": 0.143229663372
    },
    "silence_rate_60dB": {
        "dmean": 0.00696594407782,
        "dmean2": 0.0139426803216,
        "dvar": 0.00691752741113,
        "dvar2": 0.016846800223,
        "max": 1,
        "mean": 0.0116009283811,
        "median": 0,
        "min": 0,
        "stdev": 0.107080496848,
        "var": 0.0114662330598
    },
    "spectral_centroid": {
        "dmean": 378.863525391,
        "dmean2": 549.161621094,
        "dvar": 282804.875,
        "dvar2": 417145.84375,
        "max": 11513.71875,
        "mean": 1481.36413574,
        "median": 1279.01293945,
        "min": 79.8748321533,
        "stdev": 884.593933105,
        "var": 782506.4375
    },
    "spectral_complexity": {
        "dmean": 5.6006193161,
        "dmean2": 8.09450054169,
        "dvar": 46.828037262,
        "dvar2": 90.390663147,
        "max": 61,
        "mean": 20.7617950439,
        "median": 20,
        "min": 0,
        "stdev": 10.6231861115,
        "var": 112.852073669
    },
    "spectral_decrease": {
        "dmean": 5.46233147602e-09,
        "dmean2": 6.88300438867e-09,
        "dvar": 4.88632396145e-17,
        "dvar2": 7.9711458252e-17,
        "max": 1.89427186907e-29,
        "mean": -1.55151695935e-08,
        "median": -1.17358638363e-08,
        "min": -6.85059333705e-08,
        "stdev": 1.19852066049e-08,
        "var": 1.43645180856e-16
    },
    "spectral_energy": {
        "dmean": 0.0210731625557,
        "dmean2": 0.0268529485911,
        "dvar": 0.000702319433913,
        "dvar2": 0.0011375452159,
        "max": 0.26396676898,
        "mean": 0.0619038268924,
        "median": 0.0477746240795,
        "min": 1.06491135125e-20,
        "stdev": 0.0457272566855,
        "var": 0.00209098192863
    },
    "spectral_energyband_high": {
        "dmean": 0.00136580003891,
        "dmean2": 0.00198972201906,
        "dvar": 6.61848434902e-06,
        "dvar2": 1.12069010356e-05,
        "max": 0.0244232080877,
        "mean": 0.0021451737266,
        "median": 0.000696165428963,
        "min": 7.53467026188e-21,
        "stdev": 0.00385141000152,
        "var": 1.48333583638e-05
    },
    "spectral_energyband_low": {
        "dmean": 0.0181720256805,
        "dmean2": 0.0243431515992,
        "dvar": 0.000829914060887,
        "dvar2": 0.00140556786209,
        "max": 0.248914644122,
        "mean": 0.0392810851336,
        "median": 0.024547541514,
        "min": 6.31176697945e-23,
        "stdev": 0.0445817969739,
        "var": 0.00198753667064
    },
    "spectral_energyband_middle_high": {
        "dmean": 0.00401119608432,
        "dmean2": 0.00606455188245,
        "dvar": 2.65684993792e-05,
        "dvar2": 6.49453868391e-05,
        "max": 0.0492078848183,
        "mean": 0.00899243541062,
        "median": 0.00645316252485,
        "min": 1.67355328954e-21,
        "stdev": 0.00847585685551,
        "var": 7.18401570339e-05
    },
    "spectral_energyband_middle_low": {
        "dmean": 0.00611828640103,
        "dmean2": 0.010117707774,
        "dvar": 8.4107996372e-05,
        "dvar2": 0.000232021659031,
        "max": 0.0594178698957,
        "mean": 0.0119107989594,
        "median": 0.0100638465956,
        "min": 3.80482003411e-22,
        "stdev": 0.00968301668763,
        "var": 9.3760805612e-05
    },
    "spectral_entropy": {
        "dmean": 0.22745783627,
        "dmean2": 0.318247318268,
        "dvar": 0.0587985701859,
        "dvar2": 0.097263738513,
        "max": 9.78603839874,
        "mean": 7.69314050674,
        "median": 7.68798351288,
        "min": 5.39076185226,
        "stdev": 0.494054853916,
        "var": 0.244090184569
    },
    "spectral_flux": {
        "dmean": 0.0470061860979,
        "dmean2": 0.0634265691042,
        "dvar": 0.00241053267382,
        "dvar2": 0.00388009403832,
        "max": 0.414164453745,
        "mean": 0.130798518658,
        "median": 0.108726784587,
        "min": 1.03194543188e-10,
        "stdev": 0.0813101381063,
        "var": 0.00661133881658
    },
    "spectral_kurtosis": {
        "dmean": 2.0732448101,
        "dmean2": 3.22218418121,
        "dvar": 31.7685451508,
        "dvar2": 95.975189209,
        "max": 128.034545898,
        "mean": 4.66926574707,
        "median": 3.8548617363,
        "min": -1.24146783352,
        "stdev": 6.09431552887,
        "var": 37.1406822205
    },
    "spectral_rms": {
        "dmean": 0.00129898672458,
        "dmean2": 0.00163077842444,
        "dvar": 2.00219733415e-06,
        "dvar2": 2.94899655273e-06,
        "max": 0.0160476956517,
        "mean": 0.00724914623424,
        "median": 0.00682710669935,
        "min": 3.22325608045e-12,
        "stdev": 0.00280067604035,
        "var": 7.84378607932e-06
    },
    "spectral_rolloff": {
        "dmean": 701.714172363,
        "dmean2": 1112.35546875,
        "dvar": 1933802.375,
        "dvar2": 3111961,
        "max": 19013.8183594,
        "mean": 1453.76708984,
        "median": 861.328125,
        "min": 43.06640625,
        "stdev": 1996.17382812,
        "var": 3984710
    },
    "spectral_skewness": {
        "dmean": 0.318913429976,
        "dmean2": 0.460874289274,
        "dvar": 0.187090650201,
        "dvar2": 0.441032469273,
        "max": 9.80776309967,
        "mean": 1.65459430218,
        "median": 1.64223968983,
        "min": -0.208938643336,
        "stdev": 0.717214524746,
        "var": 0.51439666748
    },
    "spectral_spread": {
        "dmean": 900921.875,
        "dmean2": 1203925.125,
        "dvar": 1.62266703462e+12,
        "dvar2": 1.98273060045e+12,
        "max": 41856112,
        "mean": 5457772.5,
        "median": 5054961.5,
        "min": 1240032.875,
        "stdev": 2067176,
        "var": 4.27321668403e+12
    },
    "spectral_strongpeak": {
        "dmean": 0.437466412783,
        "dmean2": 0.729349911213,
        "dvar": 0.660014748573,
        "dvar2": 1.62558507919,
        "max": 7.74497079849,
        "mean": 0.839220106602,
        "median": 0.424155116081,
        "min": 0,
        "stdev": 1.06746935844,
        "var": 1.13949072361
    },
    "zerocrossingrate": {
        "dmean": 0.0166563615203,
        "dmean2": 0.0178557373583,
        "dvar": 0.000620857870672,
        "dvar2": 0.000587709131651,
        "max": 0.5078125,
        "mean": 0.0562252253294,
        "median": 0.0458984375,
        "min": 0.00146484375,
        "stdev": 0.0492537207901,
        "var": 0.00242592883296
    },
    "barkbands": {
        "dmean": [0.00273221591488, 0.0171555280685, 0.00404598377645, 0.00185577571392, 0.00220785895362, 0.00104661041405, 0.000762939278502, 0.00140241265763, 0.00160315737594, 0.00114281952847, 0.000838968611788, 0.00106009864248, 0.000609996146522, 0.000825629802421, 0.00036728422856, 0.000452191743534, 0.000273919693427, 0.000226306379773, 0.000267100724159, 0.000173797117895, 0.00023315945873, 0.000323189713527, 0.000289624236757, 0.000362639169907, 0.000188720456208, 0.000102254700323, 3.79986613552e-06],
        "dmean2": [0.00335537851788, 0.0242043584585, 0.00731173390523, 0.0035061573144, 0.00382786733098, 0.00167014554609, 0.00121880311053, 0.00222506816499, 0.00238058087416, 0.00168491899967, 0.00130165170413, 0.001614873996, 0.000996580463834, 0.00135235639755, 0.000589889648836, 0.000785185431596, 0.000457722810097, 0.000353836891009, 0.000432090193499, 0.000276774779195, 0.000372805225197, 0.000506388547365, 0.000413621921325, 0.000504175783135, 0.000272037897957, 0.000163116492331, 6.16343277215e-06],
        "dvar": [1.75905770448e-05, 0.00088942371076, 0.000112935900688, 3.07663976855e-05, 1.63555414474e-05, 3.18525576404e-06, 1.67376799709e-06, 5.60464286536e-06, 6.4566893343e-06, 4.33198192695e-06, 2.9366419767e-06, 3.36166294801e-06, 7.92290620666e-07, 2.43459180638e-06, 4.5680693006e-07, 1.30274383991e-06, 3.88383767813e-07, 1.24838706483e-07, 1.79432646519e-07, 7.28996241151e-08, 2.51517633387e-07, 5.65506923067e-07, 3.53387008545e-07, 5.95796052494e-07, 1.29240149249e-07, 3.33933272145e-08, 7.21234461043e-11],
        "dvar2": [2.63752044702e-05, 0.0016741536092, 0.000314071454341, 8.90080991667e-05, 4.53313041362e-05, 7.54377651901e-06, 4.16104739998e-06, 1.44712175825e-05, 1.47827067849e-05, 9.61673322308e-06, 6.50160473015e-06, 6.69031032885e-06, 1.93975120055e-06, 6.07214042248e-06, 1.07406822281e-06, 3.62604555448e-06, 1.00052363905e-06, 2.97329250998e-07, 4.36800576153e-07, 1.7012619935e-07, 5.69512337734e-07, 1.27913017423e-06, 5.63471928672e-07, 9.57504312282e-07, 2.20281322072e-07, 8.01871138378e-08, 1.69872518829e-10],
        "max": [0.0367487221956, 0.230591103435, 0.067467212677, 0.0400093831122, 0.0305883456022, 0.0189900808036, 0.01377442386, 0.0292196683586, 0.0308707114309, 0.0282696858048, 0.0247674193233, 0.0313476100564, 0.0125015797094, 0.0165876857936, 0.00738257821649, 0.0104759968817, 0.0119573064148, 0.00285735726357, 0.00420037889853, 0.0035255770199, 0.00677177635953, 0.0107608940452, 0.00668116332963, 0.00842797663063, 0.00435008807108, 0.0012381299166, 0.000179941576789],
        "mean": [0.00520401075482, 0.0306857395917, 0.00307673681527, 0.00127317977604, 0.00262122554705, 0.00144205254037, 0.00112483045086, 0.00224102428183, 0.0030033448711, 0.00204745586962, 0.00121937075164, 0.001768180402, 0.000878809194546, 0.00101618107874, 0.000462166120997, 0.000526353833266, 0.000330861978, 0.000304196582874, 0.000406696053687, 0.000246901996434, 0.000278471474303, 0.000415354210418, 0.00041413269355, 0.000521676847711, 0.000259315827861, 0.000130937754875, 4.59419788967e-06],
        "median": [0.0022909163963, 0.0178976785392, 0.000338049343554, 0.000227506185183, 0.00130456732586, 0.000620140752289, 0.000543532019947, 0.000895936158486, 0.00139388954267, 0.000675464281812, 0.000361607177183, 0.000553051882889, 0.00041765102651, 0.000301017833408, 0.000154081950313, 0.000146002188558, 0.000144540244946, 0.000148001432535, 0.000221432346734, 0.000124343336211, 7.73235442466e-05, 0.000124923928524, 0.000107323845441, 9.89317559288e-05, 6.42532249913e-05, 5.47449344594e-05, 1.75374771061e-06],
        "min": [5.80917170605e-24, 1.33804472596e-23, 1.53674332632e-23, 8.10541642796e-23, 1.50600955788e-22, 2.60347638332e-23, 2.23526640503e-23, 6.38292286419e-23, 3.33629534766e-23, 3.47111798725e-23, 1.04913476928e-22, 6.38366439344e-23, 1.25969512397e-22, 2.13672051235e-22, 9.49601348971e-23, 1.79816387859e-22, 1.43056062899e-22, 2.48593017621e-22, 2.61443145249e-22, 3.59617478127e-22, 3.69392966734e-22, 4.91008080529e-22, 6.88098856138e-22, 6.94910020033e-22, 1.31061628472e-21, 1.54382113782e-21, 2.44956431957e-21],
        "stdev": [0.0070255054161, 0.0402434915304, 0.00852729100734, 0.00416242796928, 0.00389600358903, 0.00229653622955, 0.00162605615333, 0.00344419199973, 0.00399128859863, 0.00357128493488, 0.0025083522778, 0.00314212474041, 0.00116518291179, 0.00182967993896, 0.000820570683572, 0.00107277650386, 0.000606906309258, 0.000403164362069, 0.000527532189153, 0.000327464280417, 0.000589930394199, 0.00088972132653, 0.000899250851944, 0.00117038702592, 0.000526365300175, 0.00020066932484, 9.25152016862e-06],
        "var": [4.93577281304e-05, 0.00161953864153, 7.27146980353e-05, 1.73258067662e-05, 1.51788435687e-05, 5.27407837581e-06, 2.64405844064e-06, 1.18624584502e-05, 1.59303835972e-05, 1.27540761241e-05, 6.29183159617e-06, 9.87294788501e-06, 1.35765128562e-06, 3.34772857968e-06, 6.73336273849e-07, 1.15084947083e-06, 3.68335292933e-07, 1.62541510917e-07, 2.78290229971e-07, 1.0723285726e-07, 3.48017863416e-07, 7.91604009009e-07, 8.0865208929e-07, 1.36980565912e-06, 2.77060422604e-07, 4.02681799017e-08, 8.55906318042e-11]
    },
    "erbbands": {
        "dmean": [0.758578300476, 3.62631964684, 5.03639936447, 5.66252946854, 5.97224569321, 8.13128662109, 9.90471935272, 7.98675584793, 9.23066902161, 16.19282341, 34.083480835, 33.228717804, 30.4862823486, 34.0140228271, 37.0603179932, 36.4593200684, 27.3546829224, 36.2925834656, 30.2278022766, 16.5397796631, 24.7402229309, 15.3294296265, 11.8573970795, 15.521399498, 10.6419887543, 7.78862714767, 8.62769508362, 10.681016922, 12.2520236969, 8.51045322418, 8.71365070343, 7.91488313675, 5.7243309021, 2.66547679901, 1.06096100807, 0.516884088516, 0.183276042342, 0.0250264033675, 0.00056386628421, 3.77732940251e-05],
        "dmean2": [0.985404968262, 5.36615896225, 8.66852283478, 10.4159183502, 10.7254505157, 14.1577701569, 16.2916851044, 12.6286754608, 15.0413894653, 25.7772598267, 54.6475105286, 49.383480072, 43.9807472229, 51.0941543579, 55.9656829834, 54.6336708069, 44.0657577515, 59.587600708, 48.1507835388, 27.1667766571, 42.5000038147, 25.5595264435, 18.8159637451, 25.569858551, 16.8298454285, 12.4121437073, 14.1244630814, 16.8244094849, 19.5163154602, 12.933426857, 12.33614254, 11.0272655487, 8.10446643829, 3.7397210598, 1.58350729942, 0.814573705196, 0.294284105301, 0.0395760424435, 0.000882217253093, 5.19064160471e-05],
        "dvar": [1.5072824955, 49.0332145691, 146.858886719, 259.523742676, 200.637832642, 219.03112793, 325.467407227, 222.064331055, 246.647323608, 785.59375, 3434.83935547, 3236.0065918, 2446.29980469, 3592.68432617, 4528.15673828, 3811.3359375, 1573.47668457, 4706.90576172, 2728.25390625, 1111.47265625, 3639.14501953, 1392.21911621, 403.570709229, 683.104125977, 284.827484131, 140.3515625, 305.29586792, 578.221313477, 892.19744873, 319.296783447, 357.827209473, 292.81350708, 148.632324219, 28.8028583527, 3.92682123184, 0.81838041544, 0.115196727216, 0.00187824491877, 1.05759568214e-06, 2.17784990042e-09],
        "dvar2": [2.47756576538, 112.305007935, 390.585083008, 740.605957031, 569.165039062, 596.794128418, 797.944213867, 505.719512939, 606.358886719, 1767.31774902, 9167.65136719, 7465.16210938, 5192.80615234, 8190.91796875, 10121.2939453, 7596.34863281, 3807.07739258, 12145.5830078, 6343.1171875, 2805.75927734, 10015.0771484, 3608.62426758, 966.647644043, 1716.3996582, 680.284118652, 335.923858643, 704.884277344, 1288.01135254, 2089.32714844, 600.789733887, 563.027587891, 496.796722412, 237.575958252, 47.7744216919, 7.32765769958, 1.92271733284, 0.280828416348, 0.0043529914692, 2.49052459367e-06, 4.28114033113e-09],
        "max": [10.8841819763, 50.0250244141, 79.5082244873, 123.781951904, 85.0667648315, 158.198913574, 191.973526001, 243.067459106, 212.534103394, 381.594940186, 783.819396973, 715.635925293, 593.437683105, 894.045898438, 889.205810547, 921.923828125, 559.333557129, 777.567993164, 614.940429688, 332.092193604, 529.316223145, 732.304138184, 179.878341675, 303.184936523, 263.230987549, 131.199554443, 234.112030029, 295.74911499, 410.789398193, 335.772186279, 250.559341431, 214.561630249, 126.676841736, 79.7037124634, 25.5372543335, 9.07734298706, 2.14431095123, 0.460650891066, 0.0207619536668, 0.000471777369967],
        "mean": [1.44448208809, 4.62244510651, 4.32947349548, 4.11900949478, 5.29494094849, 9.7523727417, 12.3897838593, 11.568356514, 13.9685411453, 25.226020813, 60.1980514526, 63.1788063049, 58.9363098145, 64.1260528564, 63.6215133667, 62.1952018738, 42.3566169739, 46.6722450256, 38.6742630005, 22.1958122253, 29.8380012512, 19.2590332031, 15.8142671585, 22.2550506592, 17.0087795258, 11.5588703156, 10.3055257797, 12.7086715698, 15.3023881912, 11.8258428574, 12.4591236115, 10.9301490784, 8.33088302612, 3.68894600868, 1.4180855751, 0.667570233345, 0.22264893353, 0.0326109156013, 0.000781769456808, 0.000100018987723],
        "median": [0.868930697441, 1.44070827961, 0.506496846676, 0.848912537098, 1.66039824486, 4.47051668167, 4.79735136032, 5.27199935913, 7.43563365936, 13.1230506897, 28.4682731628, 30.9477157593, 24.6944503784, 26.336227417, 22.4650745392, 23.2622432709, 21.808965683, 18.2099266052, 12.9163169861, 7.99619007111, 9.08800411224, 9.01483058929, 7.86704063416, 10.4102039337, 10.060177803, 6.06726980209, 3.5030465126, 3.28547596931, 4.37744569778, 3.63041210175, 3.01519012451, 1.69689822197, 1.75947117805, 0.79340171814, 0.391024678946, 0.253869861364, 0.090892329812, 0.0154343452305, 0.000393776659621, 8.26752948342e-05],
        "min": [4.48740686036e-22, 2.7955544212e-21, 1.40315826686e-20, 1.50107160366e-19, 4.10255915378e-19, 5.16641552663e-19, 2.89898525463e-19, 3.0075069566e-19, 3.22363244855e-19, 5.19885082941e-19, 1.70923680053e-18, 8.1708047878e-19, 5.80583234399e-19, 2.48479369144e-18, 4.01782882059e-18, 2.39125424662e-18, 5.7729067299e-18, 1.20064877137e-17, 6.18611281078e-18, 5.70376849276e-18, 8.94790302638e-18, 8.77903493151e-18, 1.35117314354e-17, 1.33870620822e-17, 1.42271971704e-17, 1.61513731308e-17, 1.02243353558e-17, 1.88943768339e-17, 1.89946178892e-17, 2.27394249953e-17, 1.63080576824e-17, 1.51281887633e-17, 1.31267549609e-17, 1.37207144813e-17, 9.15631779916e-18, 4.94888718806e-18, 3.43879991026e-18, 1.1740515646e-18, 3.12085086304e-19, 3.88692977632e-20],
        "stdev": [1.80510962009, 7.73778057098, 10.3919487, 12.338186264, 11.3988494873, 15.5207080841, 20.6785621643, 20.1539611816, 19.5175647736, 36.8444747925, 86.2832260132, 88.7425765991, 85.7025909424, 98.3377685547, 105.339660645, 102.301429749, 54.3916625977, 77.5208587646, 68.4114151001, 37.3221893311, 59.6926651001, 34.8251876831, 21.682510376, 29.9726009369, 21.2492198944, 14.6047182083, 20.1035003662, 28.8992614746, 34.2828559875, 23.8814792633, 28.6956863403, 25.2015571594, 18.5154647827, 8.01201438904, 2.73794269562, 1.06238996983, 0.355320751667, 0.049307782203, 0.00118421937805, 7.26757643861e-05],
        "var": [3.25842094421, 59.873249054, 107.992607117, 152.230834961, 129.933776855, 240.892379761, 427.602966309, 406.182128906, 380.935302734, 1357.51525879, 7444.79492188, 7875.24462891, 7344.93408203, 9670.31738281, 11096.4443359, 10465.5820312, 2958.453125, 6009.48339844, 4680.12207031, 1392.94567871, 3563.21411133, 1212.7935791, 470.131225586, 898.356811523, 451.529327393, 213.297805786, 404.150726318, 835.167358398, 1175.31433105, 570.325012207, 823.442382812, 635.118469238, 342.82244873, 64.1923751831, 7.49633073807, 1.12867236137, 0.126252830029, 0.00243125739507, 1.40237557389e-06, 5.28176702375e-09]
    },
    "gfcc": {
        "mean": [29.9518146515, 70.3768997192, -106.431083679, 16.4369010925, -60.178478241, 26.7790813446, -27.3403091431, 20.7682285309, -19.1215934753, 9.49165916443, -11.9509649277, 7.44414710999, -11.2884492874],
        "cov": [[7019.16162109, -777.93347168, 47.7693328857, 599.161499023, 97.5433654785, 417.54901123, -261.414001465, 100.471740723, -360.103485107, 187.446334839, -137.528366089, 115.416023254, -223.863311768], [-777.93347168, 1803.4173584, 270.119812012, -59.9651107788, 626.313293457, -67.2715835571, 294.036590576, 120.068435669, 120.618286133, -38.1847686768, 192.6849823, 44.9650802612, 157.029510498], [47.7693328857, 270.119812012, 979.536682129, 410.281585693, 259.848815918, 282.051696777, 94.1375808716, 72.5093002319, 69.4574737549, 110.617843628, 86.5325164795, 59.8569564819, 117.94229126], [599.161499023, -59.9651107788, 410.281585693, 651.358215332, 267.713439941, 219.809310913, 21.4616775513, 5.10350179672, 128.627944946, 132.168365479, 64.1746826172, 35.5618667603, 101.853111267], [97.5433654785, 626.313293457, 259.848815918, 267.713439941, 598.805236816, 148.899597168, 175.01348877, 117.659866333, 108.426551819, 91.5856933594, 137.203170776, 63.9118804932, 92.5376663208], [417.54901123, -67.2715835571, 282.051696777, 219.809310913, 148.899597168, 341.986755371, 190.240036011, 108.835609436, 101.761962891, 105.589660645, 81.1611099243, 87.9749603271, 74.8294219971], [-261.414001465, 294.036590576, 94.1375808716, 21.4616775513, 175.01348877, 190.240036011, 444.490081787, 209.346725464, 130.101211548, 15.2149524689, 111.308303833, 129.798858643, 70.4151535034], [100.471740723, 120.068435669, 72.5093002319, 5.10350179672, 117.659866333, 108.835609436, 209.346725464, 238.402496338, 95.653465271, 48.0955276489, 81.057144165, 75.7716445923, 40.0121612549], [-360.103485107, 120.618286133, 69.4574737549, 128.627944946, 108.426551819, 101.761962891, 130.101211548, 95.653465271, 287.452392578, 125.167488098, 83.0233688354, 22.7347450256, 92.6349945068], [187.446334839, -38.1847686768, 110.617843628, 132.168365479, 91.5856933594, 105.589660645, 15.2149524689, 48.0955276489, 125.167488098, 166.630020142, 61.8071784973, 15.8496408463, 55.9197235107], [-137.528366089, 192.6849823, 86.5325164795, 64.1746826172, 137.203170776, 81.1611099243, 111.308303833, 81.057144165, 83.0233688354, 61.8071784973, 141.975128174, 73.1980819702, 68.2493972778], [115.416023254, 44.9650802612, 59.8569564819, 35.5618667603, 63.9118804932, 87.9749603271, 129.798858643, 75.7716445923, 22.7347450256, 15.8496408463, 73.1980819702, 141.851165771, 51.5189437866], [-223.863311768, 157.029510498, 117.94229126, 101.853111267, 92.5376663208, 74.8294219971, 70.4151535034, 40.0121612549, 92.6349945068, 55.9197235107, 68.2493972778, 51.5189437866, 149.167938232]],
        "icov": [[0.000365693529602, -0.000357719545718, 0.00042571828817, -0.000662272330374, 0.000342117156833, -0.000875816505868, 0.000657727068756, -0.000796688487753, 0.000889165850822, -0.000907306734007, 0.000862874148879, -0.000773430918343, 0.00083159795031], [-0.000357719545718, 0.00226866058074, -0.00117651803885, 0.00178429775406, -0.00248877191916, 0.00249321083538, -0.00165965652559, 0.00151753949467, -0.0014026213903, 0.00217059906572, -0.00210138759576, 0.00174321921077, -0.00212683272548], [0.00042571828817, -0.00117651803885, 0.00245134602301, -0.00188744650222, 0.00107036274858, -0.00261359894648, 0.00134936603718, -0.00151945394464, 0.00177829887252, -0.00151420023758, 0.0013411315158, -0.000922569190152, 0.000813988794107], [-0.000662272330374, 0.00178429775406, -0.00188744650222, 0.0049074748531, -0.00289468234405, 0.00125723693054, -0.00096072780434, 0.00281059835106, -0.00288735912181, 0.00209566392004, -0.00161911698524, 0.00145781121682, -0.00262131914496], [0.000342117156833, -0.00248877191916, 0.00107036274858, -0.00289468234405, 0.00550628453493, -0.00220303703099, 0.000889646937139, -0.00203839596361, 0.00199222727679, -0.00269427662715, 0.000289416057058, -0.000969098357018, 0.00205477443524], [-0.000875816505868, 0.00249321083538, -0.00261359894648, 0.00125723693054, -0.00220303703099, 0.0103580551222, -0.00517752766609, 0.00242951605469, -0.00171500793658, -0.00019961882208, -0.0025411688257, 0.00139762728941, -0.00294812885113], [0.000657727068756, -0.00165965652559, 0.00134936603718, -0.00096072780434, 0.000889646937139, -0.00517752766609, 0.00820022821426, -0.00480300933123, -0.000564120069612, 0.00164923944976, 0.00162432610523, -0.0042064357549, 0.00222775712609], [-0.000796688487753, 0.00151753949467, -0.00151945394464, 0.00281059835106, -0.00203839596361, 0.00242951605469, -0.00480300933123, 0.0103260213509, -0.00297581381164, 0.000823726062663, -0.00318659725599, 0.000887547328603, -0.00127695640549], [0.000889165850822, -0.0014026213903, 0.00177829887252, -0.00288735912181, 0.00199222727679, -0.00171500793658, -0.000564120069612, -0.00297581381164, 0.0099373832345, -0.00725809996948, 0.00132964574732, 0.000567309500184, -0.000189252692508], [-0.000907306734007, 0.00217059906572, -0.00151420023758, 0.00209566392004, -0.00269427662715, -0.00019961882208, 0.00164923944976, 0.000823726062663, -0.00725809996948, 0.0164813715965, -0.00589079409838, 0.00305386213586, -0.00313889025711], [0.000862874148879, -0.00210138759576, 0.0013411315158, -0.00161911698524, 0.000289416057058, -0.0025411688257, 0.00162432610523, -0.00318659725599, 0.00132964574732, -0.00589079409838, 0.0177044700831, -0.0074383514002, 0.000586694164667], [-0.000773430918343, 0.00174321921077, -0.000922569190152, 0.00145781121682, -0.000969098357018, 0.00139762728941, -0.0042064357549, 0.000887547328603, 0.000567309500184, 0.00305386213586, -0.0074383514002, 0.0153163196519, -0.00499782478437], [0.00083159795031, -0.00212683272548, 0.000813988794107, -0.00262131914496, 0.00205477443524, -0.00294812885113, 0.00222775712609, -0.00127695640549, -0.000189252692508, -0.00313889025711, 0.000586694164667, -0.00499782478437, 0.0135841034353]]
    },
    "melbands": {
        "dmean": [0.0054301219061, 0.00298089534044, 0.000956213392783, 0.00048716404126, 0.00034448588849, 0.000178255388164, 0.000142847507959, 0.000204948883038, 0.000287306495011, 0.000211149803363, 0.000161540534464, 0.000152249922394, 0.000125315462356, 0.000131799548399, 7.54900684115e-05, 6.0864531406e-05, 7.05551501596e-05, 5.76094244025e-05, 2.50181128649e-05, 2.70556392934e-05, 2.87783950625e-05, 1.62111009558e-05, 1.29560821733e-05, 1.09935381261e-05, 1.35524214784e-05, 9.48501747189e-06, 6.45558338874e-06, 5.16518366567e-06, 5.37304413228e-06, 5.5804848671e-06, 6.79788763591e-06, 7.49991022531e-06, 5.84289591643e-06, 4.64093864139e-06, 5.34473383595e-06, 4.78334050058e-06, 5.24679126102e-06, 4.33510012954e-06, 3.37422989105e-06, 2.05776314033e-06],
        "dmean2": [0.00733219925314, 0.00457722879946, 0.00174073060043, 0.000847993476782, 0.00057507265592, 0.00028063802165, 0.000232725826208, 0.000322907028021, 0.000459938513814, 0.000311566545861, 0.000233777682297, 0.00023008066637, 0.000190669466974, 0.000196936467546, 0.00011954751244, 9.94862202788e-05, 0.000115616312542, 9.24715131987e-05, 3.97549301852e-05, 4.65289485874e-05, 4.92180915899e-05, 2.69772972388e-05, 2.11373571801e-05, 1.74837950908e-05, 2.24737814278e-05, 1.52867742145e-05, 1.00647612271e-05, 8.31473425933e-06, 8.70402709552e-06, 8.8794331532e-06, 1.09495458673e-05, 1.19823826026e-05, 9.21700120671e-06, 7.10194944986e-06, 7.76678189141e-06, 6.72903934174e-06, 7.58723035688e-06, 6.38181245449e-06, 4.7937646741e-06, 2.99124189951e-06],
        "dvar": [7.96883468865e-05, 3.52021634171e-05, 6.8663557613e-06, 8.97159793567e-07, 3.61177797004e-07, 9.93442483832e-08, 5.70571820901e-08, 1.08178227265e-07, 2.24823907047e-07, 1.19203384941e-07, 6.9810965897e-08, 7.42786667729e-08, 5.91392250726e-08, 5.81208112749e-08, 1.59118567211e-08, 8.64338112194e-09, 1.93615612432e-08, 1.06189705917e-08, 2.65448796277e-09, 4.40028191662e-09, 4.74528993877e-09, 1.90166393743e-09, 5.61919122344e-10, 3.13379544536e-10, 5.25153309727e-10, 2.20356080605e-10, 9.46068154373e-11, 6.25837923152e-11, 1.17474752148e-10, 1.46503198462e-10, 2.40209740987e-10, 3.40333261573e-10, 1.87535584284e-10, 1.00010506821e-10, 1.45633616278e-10, 1.14809509122e-10, 1.27276397754e-10, 8.36323094111e-11, 5.68800943845e-11, 1.71745586502e-11],
        "dvar2": [0.000136483184178, 8.30162025522e-05, 1.9444814825e-05, 2.49694949161e-06, 9.17126953937e-07, 2.29952405562e-07, 1.41334652426e-07, 2.45613733796e-07, 6.11772065895e-07, 2.60737948565e-07, 1.4719853425e-07, 1.71068549548e-07, 1.29752180555e-07, 1.16380185489e-07, 3.56615572628e-08, 2.12023447688e-08, 4.93798779644e-08, 2.41853825855e-08, 6.39747232967e-09, 1.21440821843e-08, 1.29704975649e-08, 4.99871433135e-09, 1.36986089139e-09, 7.61652296788e-10, 1.31473310017e-09, 5.26135968126e-10, 2.20409940299e-10, 1.49825277185e-10, 2.73730482725e-10, 3.26252358462e-10, 5.42824396543e-10, 8.18993928231e-10, 4.22825302548e-10, 1.85223947291e-10, 2.48812831449e-10, 1.86885312781e-10, 2.43508213593e-10, 1.37115832577e-10, 1.05921681148e-10, 3.13155820719e-11],
        "max": [0.0755495503545, 0.0389071963727, 0.0184130426496, 0.00793253723532, 0.0053731482476, 0.004681521561, 0.00320508191362, 0.00379933137447, 0.00576032930985, 0.00384648749605, 0.00338621041737, 0.00404903013259, 0.00371852819808, 0.00425429176539, 0.00161630578805, 0.00117886275984, 0.00179100665264, 0.00134352419991, 0.000745458004531, 0.000609121460002, 0.000583225977607, 0.000954242888838, 0.00024567588116, 0.000174075132236, 0.000282955210423, 0.00016417200095, 0.000135767899337, 8.8089662313e-05, 0.000180603616172, 0.000161316143931, 0.000183282667422, 0.000231836485909, 0.000214053798118, 0.000215473279241, 0.000156819733093, 0.000155706671649, 0.000156128138769, 9.82826968539e-05, 0.000100299381302, 5.76675847697e-05],
        "mean": [0.0105663100258, 0.00334400264546, 0.000732265063561, 0.000538838154171, 0.000441854906967, 0.000257679494098, 0.000218003988266, 0.000318424892612, 0.000512063154019, 0.000392146204831, 0.00030324672116, 0.000276291684713, 0.000199894042453, 0.000216622065636, 0.000111203953566, 8.69912182679e-05, 8.67911294335e-05, 7.0045607572e-05, 3.22651940223e-05, 3.12581360049e-05, 3.41389495588e-05, 1.96378441615e-05, 1.54712524818e-05, 1.44260457091e-05, 1.86175366252e-05, 1.43853494592e-05, 9.56870917435e-06, 7.14217185305e-06, 6.31994862488e-06, 6.25664233667e-06, 7.84458370617e-06, 8.96397068573e-06, 7.49191895011e-06, 6.26658493275e-06, 7.45735860619e-06, 6.54834593661e-06, 6.78470996718e-06, 6.14365353613e-06, 4.64992126581e-06, 2.62734965872e-06],
        "median": [0.0068025495857, 0.000898248224985, 0.000178173519089, 0.000244328024564, 0.000198864610866, 0.000118064701383, 0.000121456941997, 0.000153183136717, 0.000238206324866, 0.000180418734089, 0.000119174277643, 0.000106979277916, 6.72274909448e-05, 6.42696249997e-05, 4.59359616798e-05, 4.07051447837e-05, 2.97651149594e-05, 2.00445701921e-05, 1.08621970867e-05, 8.77584352565e-06, 9.8361460914e-06, 8.64110916154e-06, 5.85754924032e-06, 6.9981147135e-06, 7.74938871473e-06, 7.7064778452e-06, 4.76592867926e-06, 3.46924207406e-06, 2.07423749998e-06, 1.58995578659e-06, 1.86138584013e-06, 2.42960209107e-06, 2.27446025747e-06, 1.79726453098e-06, 1.8275286493e-06, 1.17163619962e-06, 9.61817931966e-07, 1.2118016457e-06, 1.0654646303e-06, 5.01532781527e-07],
        "min": [3.93603450281e-24, 7.44539623008e-24, 3.47096273942e-23, 3.23332691142e-23, 1.42158067821e-23, 6.05346891219e-24, 4.99453319303e-24, 7.96920381545e-24, 1.28501213166e-23, 4.36346931797e-24, 2.84361873796e-24, 9.46326377145e-24, 1.47289292465e-23, 6.48640051014e-24, 7.16069080736e-24, 1.89427591449e-23, 2.17437991155e-23, 9.91666867648e-24, 6.25530094694e-24, 1.09385275387e-23, 9.79776367223e-24, 8.07637530259e-24, 8.74223622661e-24, 1.56282653883e-23, 1.00336756814e-23, 1.06301263121e-23, 1.23830099534e-23, 1.05861307505e-23, 5.5048626954e-24, 8.47888842404e-24, 1.08494375323e-23, 1.02786020041e-23, 1.0099097494e-23, 1.40607735261e-23, 8.90271656714e-24, 8.9859887243e-24, 9.78692393453e-24, 9.13953655519e-24, 1.03158764707e-23, 1.17143959048e-23],
        "stdev": [0.013032653369, 0.00610911473632, 0.00202986970544, 0.000887551694177, 0.00067411956843, 0.000424391211709, 0.000295158068184, 0.000436729606008, 0.000698380870745, 0.00054336671019, 0.000460639916128, 0.000442163989646, 0.000373799644876, 0.000414412177633, 0.000168522092281, 0.000120053598948, 0.000156269248691, 0.000134157438879, 6.05066852586e-05, 6.15574754192e-05, 7.01969038346e-05, 4.02061232307e-05, 2.44234597631e-05, 1.98210236704e-05, 2.63285783149e-05, 1.8770357201e-05, 1.2592983694e-05, 9.80943877948e-06, 1.27813391373e-05, 1.39956637213e-05, 1.84696855285e-05, 2.08237215702e-05, 1.57806753123e-05, 1.33285511765e-05, 1.75826608029e-05, 1.58917227964e-05, 1.56450714712e-05, 1.36311291499e-05, 1.06552570287e-05, 5.8321461438e-06],
        "var": [0.000169850041857, 3.73212824343e-05, 4.12037115893e-06, 7.87747978848e-07, 4.54437213193e-07, 1.80107903702e-07, 8.71182876949e-08, 1.90732748706e-07, 4.87735803745e-07, 2.95247389204e-07, 2.12189121385e-07, 1.95509002765e-07, 1.39726168413e-07, 1.7173745448e-07, 2.83996950401e-08, 1.4412867344e-08, 2.44200784039e-08, 1.79982180271e-08, 3.66105878946e-09, 3.78932307754e-09, 4.92760499071e-09, 1.61653235242e-09, 5.9650540063e-10, 3.9287295639e-10, 6.9319405771e-10, 3.52326279263e-10, 1.58583243759e-10, 9.62250834569e-11, 1.6336262898e-10, 1.95878591125e-10, 3.41129291481e-10, 4.33627411756e-10, 2.49029685762e-10, 1.77650269495e-10, 3.09149983391e-10, 2.52546872304e-10, 2.44768233459e-10, 1.8580768868e-10, 1.13534508184e-10, 3.4013930561e-11]
    },
    "melbands128": {
