{
"lowlevel": {
    "average_loudness": 0.969644904137,
    "barkbands_crest": {
        "dmean": 3.43683362007,
        "dmean2": 5.1519536972,
        "dvar": 9.87875747681,
        "dvar2": 21.6841545105,
        "max": 26.2494258881,
        "mean": 12.3559617996,
        "median": 11.5852823257,
        "min": 2.83631205559,
        "stdev": 4.93571901321,
        "var": 24.3613243103
    },
    "barkbands_flatness_db": {
        "dmean": 0.0343855321407,
        "dmean2": 0.050172701478,
        "dvar": 0.00123586179689,
        "dvar2": 0.0026901520323,
        "max": 0.388855665922,
        "mean": 0.15006890893,
        "median": 0.141909822822,
        "min": 0.0376533716917,
        "stdev": 0.0579051673412,
        "var": 0.00335300853476
    },
    "barkbands_kurtosis": {
        "dmean": 7.77236413956,
        "dmean2": 11.6248588562,
        "dvar": 233.830947876,
        "dvar2": 505.179962158,
        "max": 226.880981445,
        "mean": 8.66813278198,
        "median": 2.77200174332,
        "min": -1.9212127924,
        "stdev": 17.9808063507,
        "var": 323.309387207
    },
    "barkbands_skewness": {
        "dmean": 1.02549767494,
        "dmean2": 1.51190412045,
        "dvar": 1.43288338184,
        "dvar2": 2.8244805336,
        "max": 14.3594827652,
        "mean": 2.08089280128,
        "median": 1.71099841595,
        "min": -3.55865216255,
        "stdev": 1.85800766945,
        "var": 3.45219254494
    },
    "barkbands_spread": {
        "dmean": 11.752114296,
        "dmean2": 17.9137992859,
        "dvar": 204.022735596,
        "dvar2": 450.401977539,
        "max": 114.388618469,
        "mean": 28.4491195679,
        "median": 25.0199050903,
        "min": 0.663723409176,
        "stdev": 20.2193126678,
        "var": 408.820617676
    },
    "dissonance": {
        "dmean": 0.0241421628743,
        "dmean2": 0.0396592840552,
        "dvar": 0.000671701447573,
        "dvar2": 0.00143758486956,
        "max": 0.499909520149,
        "mean": 0.452521681786,
        "median": 0.460846185684,
        "min": 0.0519186034799,
        "stdev": 0.0360246859491,
        "var": 0.00129777798429
    },
    "dynamic_complexity": 1.92384636402,
    "erbbands_crest": {
        "dmean": 3.19606947899,
        "dmean2": 5.024933815,
        "dvar": 8.60178661346,
        "dvar2": 19.1077480316,
        "max": 28.5388259888,
        "mean": 10.4124660492,
        "median": 9.40615940094,
        "min": 2.45098280907,
        "stdev": 5.1342215538,
        "var": 26.3602294922
    },
    "erbbands_flatness_db": {
        "dmean": 0.0220248345286,
        "dmean2": 0.0311999116093,
        "dvar": 0.0005011165631,
        "dvar2": 0.00090182753047,
        "max": 0.320903122425,
        "mean": 0.14384111762,
        "median": 0.136809527874,
        "min": 0.053004860878,
        "stdev": 0.0510094501078,
        "var": 0.00260196416639
    },
    "erbbands_kurtosis": {
        "dmean": 1.50806522369,
        "dmean2": 2.29783797264,
        "dvar": 5.01871395111,
        "dvar2": 11.697057724,
        "max": 21.668800354,
        "mean": 0.984200537205,
        "median": -0.00971388816833,
        "min": -1.78032588959,
        "stdev": 2.93706417084,
        "var": 8.62634658813
    },
    "erbbands_skewness": {
        "dmean": 0.55259937048,
        "dmean2": 0.805295228958,
        "dvar": 0.317092984915,
        "dvar2": 0.61231315136,
        "max": 4.02561235428,
        "mean": 0.599256396294,
        "median": 0.610524117947,
        "min": -3.37869000435,
        "stdev": 0.981098711491,
        "var": 0.962554693222
    },
    "erbbands_spread": {
        "dmean": 16.3688430786,
        "dmean2": 24.1702136993,
        "dvar": 329.643005371,
        "dvar2": 717.999572754,
        "max": 202.354431152,
        "mean": 53.6851005554,
        "median": 49.8205223083,
        "min": 4.95817470551,
        "stdev": 28.9639492035,
        "var": 838.910400391
    },
    "hfc": {
        "dmean": 16.8695030212,
        "dmean2": 26.0397338867,
        "dvar": 559.126708984,
        "dvar2": 1351.26623535,
        "max": 170.392349243,
        "mean": 37.500164032,
        "median": 30.6836566925,
        "min": 1.76080047822e-05,
        "stdev": 29.4421081543,
        "var": 866.83770752
    },
    "loudness_ebu128": {
        "integrated": -6.11542272568,
        "loudness_range": 2.321808815,
        "momentary": {
            "dmean": 0.647646903992,
            "dmean2": 0.987623333931,
            "dvar": 0.315638691187,
            "dvar2": 0.720901727676,
            "max": -4.05642318726,
            "mean": -6.31491374969,
            "median": -6.21409320831,
            "min": -10.543964386,
            "stdev": 1.34155225754,
            "var": 1.7997623682
        },
        "short_term": {
            "dmean": 0.073842689395,
            "dmean2": 0.0779144912958,
            "dvar": 0.00316694099456,
            "dvar2": 0.00315168383531,
            "max": -4.84357786179,
            "mean": -6.19083356857,
            "median": -6.25852012634,
            "min": -7.81561231613,
            "stdev": 0.776871442795,
            "var": 0.603529214859
        }
    },
    "melbands_crest": {
        "dmean": 4.05782270432,
        "dmean2": 6.41224908829,
        "dvar": 14.00502491,
        "dvar2": 35.2465171814,
        "max": 35.0641517639,
        "mean": 17.1800785065,
        "median": 17.0957202911,
        "min": 3.67204165459,
        "stdev": 5.8314242363,
        "var": 34.0055084229
    },
    "melbands_flatness_db": {
        "dmean": 0.043313331902,
        "dmean2": 0.0623380057514,
        "dvar": 0.00202506245114,
        "dvar2": 0.00426825648174,
        "max": 0.520958542824,
        "mean": 0.207345843315,
        "median": 0.20071798563,
        "min": 0.0247528515756,
        "stdev": 0.0792480036616,
        "var": 0.00628024619073
    },
    "melbands_kurtosis": {
        "dmean": 25.1257839203,
        "dmean2": 37.84375,
        "dvar": 2768.71826172,
        "dvar2": 5335.50830078,
        "max": 799.009643555,
        "mean": 32.9559783936,
        "median": 13.3708057404,
        "min": -1.89361262321,
        "stdev": 65.1243362427,
        "var": 4241.17919922
    },
    "melbands_skewness": {
        "dmean": 1.48659598827,
        "dmean2": 2.20430636406,
        "dvar": 3.50640773773,
        "dvar2": 7.04688119888,
        "max": 21.0416698456,
        "mean": 3.80651760101,
        "median": 3.05701494217,
        "min": -0.631178557873,
        "stdev": 2.90124249458,
        "var": 8.4172077179
    },
    "melbands_spread": {
        "dmean": 13.1083030701,
        "dmean2": 20.1619701385,
        "dvar": 479.449249268,
        "dvar2": 976.577148438,
        "max": 252.255249023,
        "mean": 26.1372528076,
        "median": 18.6320991516,
        "min": 0.614906311035,
        "stdev": 30.9511699677,
        "var": 957.974975586
    },
    "pitch_salience": {
        "dmean": 0.0969415232539,
        "dmean2": 0.14300493896,
        "dvar": 0.00944969430566,
        "dvar2": 0.0219685379416,
        "max": 0.858582377434,
        "mean": 0.503698348999,
        "median": 0.509351015091,
        "min": 0.049654237926,
        "stdev": 0.158932179213,
        "var": 0.0252594389021
    },
    "silence_rate_20dB": {
        "dmean": 0,
        "dmean2": 0,
        "dvar": 0,
        "dvar2": 0,
        "max": 1,
        "mean": 1,
        "median": 1,
        "min": 1,
        "stdev": 0,
        "var": 0
    },
    "silence_rate_30dB": {
        "dmean": 0.0448916405439,
        "dmean2": 0.0898528248072,
        "dvar": 0.0428759902716,
        "dvar2": 0.0879749879241,
        "max": 1,
        "mean": 0.949729323387,
        "median": 1,
        "min": 0,
        "stdev": 0.218500703573,
        "var": 0.0477425567806
    },
    "silence_rate_60dB": {
        "dmean": 0.022445820272,
        "dmean2": 0.0441518202424,
        "dvar": 0.0219418853521,
        "dvar2": 0.0561452917755,
        "max": 1,
        "mean": 0.0216550659388,
        "median": 0,
        "min": 0,
        "stdev": 0.145554900169,
        "var": 0.0211862307042
    },
    "spectral_centroid": {
        "dmean": 440.368225098,
        "dmean2": 667.245361328,
        "dvar": 282541,
        "dvar2": 554574.25,
        "max": 6089.30957031,
        "mean": 1450.28442383,
        "median": 1351.82312012,
        "min": 145.941070557,
        "stdev": 827.173583984,
        "var": 684216.1875
    },
    "spectral_complexity": {
        "dmean": 4.49922609329,
        "dmean2": 6.82184362411,
        "dvar": 32.2050857544,
        "dvar2": 69.8752746582,
        "max": 56,
        "mean": 16.6380519867,
        "median": 15,
        "min": 0,
        "stdev": 8.7925453186,
        "var": 77.3088531494
    },
    "spectral_decrease": {
        "dmean": 3.47317685723e-09,
        "dmean2": 4.64864147176e-09,
        "dvar": 2.22233023434e-17,
        "dvar2": 3.43919662608e-17,
        "max": -1.53476334933e-15,
        "mean": -1.02147801329e-08,
        "median": -8.24264656529e-09,
        "min": -4.76291361906e-08,
        "stdev": 8.46585113123e-09,
        "var": 7.16706340407e-17
    },
    "spectral_energy": {
        "dmean": 0.0135566769168,
        "dmean2": 0.017787726596,
        "dvar": 0.00030770644662,
        "dvar2": 0.00047078463831,
        "max": 0.183173984289,
        "mean": 0.0419543161988,
        "median": 0.0351134873927,
        "min": 7.3896488928e-09,
        "stdev": 0.032411750406,
        "var": 0.00105052161962
    },
    "spectral_energyband_high": {
        "dmean": 0.00159680598881,
        "dmean2": 0.00247171567753,
        "dvar": 5.68700352233e-06,
        "dvar2": 1.28288438646e-05,
        "max": 0.0160329118371,
        "mean": 0.00275302003138,
        "median": 0.00164165883325,
        "min": 1.61094337869e-09,
        "stdev": 0.00308224745095,
        "var": 9.50024968915e-06
    },
    "spectral_energyband_low": {
        "dmean": 0.0107292309403,
        "dmean2": 0.0148399909958,
        "dvar": 0.000423232733738,
        "dvar2": 0.000723981356714,
        "max": 0.174101740122,
        "mean": 0.0221245642751,
        "median": 0.0084873624146,
        "min": 2.34631203355e-09,
        "stdev": 0.0322722345591,
        "var": 0.00104149722029
    },
    "spectral_energyband_middle_high": {
        "dmean": 0.00257401913404,
        "dmean2": 0.00389225548133,
        "dvar": 1.56676960614e-05,
        "dvar2": 3.6077821278e-05,
        "max": 0.0404224619269,
        "mean": 0.00548752723262,
        "median": 0.0029426603578,
        "min": 1.77779380106e-09,
        "stdev": 0.00610290234908,
        "var": 3.72454196622e-05
    },
    "spectral_energyband_middle_low": {
        "dmean": 0.00643709208816,
        "dmean2": 0.00976574141532,
        "dvar": 8.57802879182e-05,
        "dvar2": 0.000207186996704,
        "max": 0.0716041475534,
        "mean": 0.0134981097654,
        "median": 0.0105670103803,
        "min": 1.50977874647e-09,
        "stdev": 0.0115109849721,
        "var": 0.000132502784254
    },
    "spectral_entropy": {
        "dmean": 0.286622107029,
        "dmean2": 0.419462710619,
        "dvar": 0.0966103821993,
        "dvar2": 0.192862898111,
        "max": 9.15537071228,
        "mean": 7.71999454498,
        "median": 7.77118062973,
        "min": 5.86682081223,
        "stdev": 0.543615996838,
        "var": 0.29551833868
    },
    "spectral_flux": {
        "dmean": 0.0412733666599,
        "dmean2": 0.0575634688139,
        "dvar": 0.00172656273935,
        "dvar2": 0.00306523195468,
        "max": 0.41114166379,
        "mean": 0.110199190676,
        "median": 0.0938155129552,
        "min": 8.59630672494e-05,
        "stdev": 0.0681336298585,
        "var": 0.00464219180867
    },
    "spectral_kurtosis": {
        "dmean": 1.32899606228,
        "dmean2": 1.93185901642,
        "dvar": 4.39199113846,
        "dvar2": 8.64039993286,
        "max": 34.9631614685,
        "mean": 2.54953050613,
        "median": 1.85886192322,
        "min": -1.41540455818,
        "stdev": 3.03228998184,
        "var": 9.19478321075
    },
    "spectral_rms": {
        "dmean": 0.0010239899857,
        "dmean2": 0.00131330441218,
        "dvar": 1.16505930237e-06,
        "dvar2": 1.75394586677e-06,
        "max": 0.0133681083098,
        "mean": 0.00594102125615,
        "median": 0.00585295306519,
        "min": 2.6850350423e-06,
        "stdev": 0.0023738942109,
        "var": 5.63537423659e-06
    },
    "spectral_rolloff": {
        "dmean": 1384.17578125,
        "dmean2": 2369.92089844,
        "dvar": 5484558.5,
        "dvar2": 12649237,
        "max": 12381.5917969,
        "mean": 2262.57275391,
        "median": 1033.59375,
        "min": 64.599609375,
        "stdev": 2807.5715332,
        "var": 7882457.5
    },
    "spectral_skewness": {
        "dmean": 0.27255949378,
        "dmean2": 0.381380587816,
        "dvar": 0.108160793781,
        "dvar2": 0.198308050632,
        "max": 4.45775413513,
        "mean": 1.35964787006,
        "median": 1.30631744862,
        "min": -0.277314543724,
        "stdev": 0.578884780407,
        "var": 0.335107594728
    },
    "spectral_spread": {
        "dmean": 1199793.625,
        "dmean2": 1711765.875,
        "dvar": 2.38843042202e+12,
        "dvar2": 4.44656831693e+12,
        "max": 32415228,
        "mean": 7388359,
        "median": 7161014.5,
        "min": 1580677.25,
        "stdev": 2499255.75,
        "var": 6.24627915162e+12
    },
    "spectral_strongpeak": {
        "dmean": 0.548761129379,
        "dmean2": 0.876097381115,
        "dvar": 0.750046253204,
        "dvar2": 1.77188324928,
        "max": 10.3859443665,
        "mean": 1.16262412071,
        "median": 0.668949127197,
        "min": 0,
        "stdev": 1.24551677704,
        "var": 1.55131196976
    },
    "zerocrossingrate": {
        "dmean": 0.023914443329,
        "dmean2": 0.0272181816399,
        "dvar": 0.00076714012539,
        "dvar2": 0.000857211009134,
        "max": 0.42578125,
        "mean": 0.0886700600386,
        "median": 0.07470703125,
        "min": 0.00439453125,
        "stdev": 0.0615939348936,
        "var": 0.00379381258972
    },
    "barkbands": {
        "dmean": [0.000266942282906, 0.00873650610447, 0.0056274458766, 0.00272940681316, 0.00150540017057, 0.00223980238661, 0.000714146939572, 0.000518984859809, 0.00137779768556, 0.000724910350982, 0.000980618759058, 0.000443121505668, 0.000240443332586, 0.000351607071934, 0.00031726245652, 0.000255340914009, 0.000193756917724, 0.000159242728841, 0.000207363977097, 0.000205234478926, 0.000239490633248, 0.000179900453077, 0.00028265840956, 0.000417709292378, 0.000391069683246, 0.0002505161101, 1.06040424726e-05],
        "dmean2": [0.000358476594556, 0.0129089457914, 0.00971675477922, 0.0042397021316, 0.0026587320026, 0.00351755460724, 0.00114011438563, 0.000810654077213, 0.00196091062389, 0.00110669934656, 0.00146898301318, 0.000669243047014, 0.000395612791181, 0.000581856875215, 0.000528745935299, 0.000428787607234, 0.000327112094965, 0.000258925196249, 0.000337771547493, 0.000317220867146, 0.000371950707631, 0.00027667771792, 0.000453559536254, 0.000649559602607, 0.000635807751678, 0.000419061223511, 1.86725501408e-05],
        "dvar": [3.25043686189e-07, 0.000386763509596, 0.000310922216158, 3.85201055906e-05, 1.47577911775e-05, 1.60989529832e-05, 3.0570497529e-06, 2.36466962633e-06, 6.76459649185e-06, 2.85429041469e-06, 4.54912878922e-06, 1.09431198325e-06, 4.08568581634e-07, 9.72980046754e-07, 4.55462298987e-07, 3.17631361213e-07, 1.87915176753e-07, 1.51864412601e-07, 1.68232588749e-07, 1.36748198543e-07, 2.02103393576e-07, 9.12528506092e-08, 2.73567792419e-07, 6.91760476457e-07, 3.95863594349e-07, 2.90802972813e-07, 4.2041489734e-10],
        "dvar2": [5.18340698363e-07, 0.000908294168767, 0.000875311088748, 8.98356011021e-05, 4.19183634222e-05, 3.54828262061e-05, 7.19262243365e-06, 5.72424505663e-06, 1.28846713778e-05, 5.72295448364e-06, 9.97420465865e-06, 1.91301251107e-06, 9.62798026194e-07, 2.42279088525e-06, 1.16029650599e-06, 8.36924073155e-07, 4.81194547319e-07, 3.52220638433e-07, 4.30586283073e-07, 3.04212392166e-07, 4.33066674077e-07, 2.06602052799e-07, 6.22601191935e-07, 1.35635127663e-06, 9.48703359427e-07, 7.61252067605e-07, 1.13697506965e-09],
        "max": [0.00758473575115, 0.151508063078, 0.139898777008, 0.0459277518094, 0.030190275982, 0.0421888828278, 0.030045511201, 0.0326675213873, 0.0367044433951, 0.0244750063866, 0.0296150259674, 0.0225193612278, 0.0120523832738, 0.0166210662574, 0.00720517057925, 0.00537231052294, 0.00865393970162, 0.00642476696521, 0.00600641220808, 0.00921740941703, 0.00788887497038, 0.00444748112932, 0.00466896407306, 0.0097184414044, 0.00553076295182, 0.00351710361429, 0.000169224891579],
        "mean": [0.000397762138164, 0.0140908164904, 0.00597829278558, 0.00301523157395, 0.00162697886117, 0.00408182991669, 0.00106735329609, 0.000666034349706, 0.00252733565867, 0.00112165370956, 0.00157725077588, 0.000690947344992, 0.000290203432087, 0.000401212775614, 0.000402398203732, 0.000298793951515, 0.000249732460361, 0.000230112345889, 0.000330228736857, 0.000368768145563, 0.000432035536505, 0.000267074385192, 0.000350318703568, 0.000622824998572, 0.00060745124938, 0.000252097874181, 9.58649980021e-06],
        "median": [5.33362253918e-05, 0.00262306304649, 0.000375007977709, 0.000186229633982, 0.000617695215624, 0.00127652240917, 0.00022060055926, 0.00022764057212, 0.000699928670656, 0.000240092645981, 0.000348239642335, 0.000182584568392, 9.1696078016e-05, 0.000104757753434, 0.000124683050672, 8.58221901581e-05, 7.76921806391e-05, 6.26844339422e-05, 0.000119692471344, 0.000169518723851, 0.000212798870052, 0.000115726012154, 9.73024580162e-05, 0.000239386150497, 0.000339115795214, 7.44710487197e-05, 1.80930499027e-06],
        "min": [8.63144555829e-10, 1.13715437067e-09, 5.63588120617e-10, 3.94425242467e-10, 4.65465110899e-10, 1.40333814014e-10, 4.15855752611e-11, 3.0498676501e-11, 2.90140328429e-10, 4.81616746484e-10, 2.6488714e-10, 2.31590926991e-10, 2.00668606731e-10, 1.77858366923e-10, 1.77063863571e-10, 1.51866949571e-10, 5.94495980222e-11, 4.32370771131e-11, 5.46784978406e-11, 7.38296507263e-11, 8.70648622642e-11, 8.79954858979e-11, 9.10059666515e-11, 5.8057919583e-10, 6.52349618768e-10, 3.97140688391e-11, 7.97124356539e-13],
        "stdev": [0.00093467219267, 0.0236952640116, 0.0150664718822, 0.00663572736084, 0.00318900309503, 0.00623612245545, 0.0027276892215, 0.00161890161689, 0.0045662028715, 0.0027094411198, 0.00325434235856, 0.00187604618259, 0.000780224392656, 0.000997760915197, 0.000733404478524, 0.000613289186731, 0.000494685024023, 0.000549159245566, 0.000628945359495, 0.000633951975033, 0.000651763344649, 0.000406641920563, 0.000615146767814, 0.00111971748993, 0.000757951871492, 0.000490496109705, 1.957767563e-05],
        "var": [8.73612066243e-07, 0.000561465567444, 0.000226998570724, 4.40328803961e-05, 1.01697414721e-05, 3.88892258343e-05, 7.44028830013e-06, 2.62084245151e-06, 2.08502078749e-05, 7.34107061362e-06, 1.05907447505e-05, 3.51954940925e-06, 6.08750099218e-07, 9.95526875158e-07, 5.37882158369e-07, 3.76123608703e-07, 2.44713277198e-07, 3.01575880712e-07, 3.95572271827e-07, 4.01895078994e-07, 4.24795445042e-07, 1.65357647575e-07, 3.78405559331e-07, 1.25376732285e-06, 5.74491025418e-07, 2.40586444988e-07, 3.83285403416e-10]
    },
    "erbbands": {
        "dmean": [0.185230180621, 2.26353096962, 5.68407869339, 8.09501266479, 6.72898864746, 4.62596845627, 11.8685827255, 19.3654289246, 12.2615528107, 9.64702224731, 14.0443439484, 32.5535430908, 25.0116271973, 29.5676345825, 29.1260738373, 18.3578777313, 11.536734581, 16.7410984039, 15.454199791, 15.8125715256, 11.2092905045, 11.4290380478, 8.44992733002, 10.0559005737, 9.92909908295, 8.71889209747, 10.7357463837, 8.20135402679, 6.3435125351, 6.68272066116, 8.77284526825, 8.80233573914, 7.35023069382, 4.91523694992, 2.5780608654, 1.33723664284, 0.397667050362, 0.0594210214913, 0.001490113209, 5.48375137441e-05],
        "dmean2": [0.286385655403, 3.23247861862, 8.86089038849, 13.1673574448, 10.8430242538, 8.00130748749, 18.7510204315, 29.9716129303, 19.987121582, 15.3932638168, 20.6063423157, 45.6395492554, 36.9479484558, 44.4134559631, 43.9840316772, 27.6100978851, 18.4888553619, 26.9419689178, 25.2899036407, 25.941608429, 18.7715740204, 19.0512828827, 13.6647510529, 15.5232086182, 16.1555118561, 13.1822185516, 16.6930046082, 12.6935167313, 9.97631263733, 10.403758049, 14.3696365356, 14.1387500763, 11.1913118362, 7.97324943542, 4.15695095062, 2.22580957413, 0.666903614998, 0.100091129541, 0.00258056819439, 8.56542901602e-05],
        "dvar": [0.150693386793, 25.5520782471, 236.536712646, 376.179168701, 292.191223145, 132.927871704, 522.592773438, 1448.02783203, 883.491394043, 1179.05273438, 1387.66540527, 3662.98950195, 3317.56933594, 6092.92431641, 4465.75585938, 2224.98071289, 821.289733887, 2489.14453125, 1219.58666992, 946.39050293, 612.133483887, 725.247680664, 360.243408203, 525.516967773, 391.619293213, 244.747695923, 395.615509033, 330.476837158, 130.063705444, 162.232055664, 266.706481934, 347.675811768, 195.975234985, 64.3971862793, 18.1650123596, 7.61416864395, 0.730067491531, 0.019758252427, 1.03594238681e-05, 9.56436174704e-09],
        "dvar2": [0.353184491396, 59.8518104553, 610.09185791, 1001.62103271, 758.27331543, 378.142700195, 1188.80126953, 3128.08398438, 2123.34155273, 3027.94140625, 2596.0859375, 6537.70800781, 6974.55615234, 12028.9648438, 10715.1015625, 3966.08276367, 1909.84912109, 6144.90185547, 3150.17358398, 2422.79663086, 1658.8293457, 1817.07067871, 858.747314453, 1181.27868652, 1056.67163086, 518.221679688, 878.808410645, 666.649841309, 300.105865479, 359.905517578, 611.038818359, 720.783752441, 414.78729248, 151.949203491, 43.8473320007, 19.892326355, 1.89513885975, 0.0521736629307, 2.77200178971e-05, 2.48594140828e-08],
        "max": [3.38483166695, 40.3797454834, 129.849075317, 152.36026001, 129.374237061, 103.663414001, 281.711273193, 465.750305176, 502.558563232, 798.98638916, 738.693786621, 1077.97961426, 823.194030762, 1119.74047852, 1171.57067871, 1131.95703125, 493.634429932, 962.241516113, 506.641235352, 290.945922852, 206.137557983, 563.765136719, 270.616577148, 460.587890625, 321.59197998, 395.229431152, 311.222076416, 449.216674805, 176.534988403, 175.66003418, 147.870483398, 204.363357544, 194.048843384, 94.5837402344, 50.9595108032, 18.8942241669, 5.46244573593, 1.13976287842, 0.0269522685558, 0.000714143447112],
        "mean": [0.285106122494, 3.51490259171, 7.51818466187, 9.05428218842, 7.28250598907, 5.43532943726, 19.7015590668, 33.8886299133, 17.4764175415, 15.0739059448, 21.4868144989, 62.9203567505, 43.0981407166, 45.2765388489, 51.702671051, 30.8002758026, 16.2248687744, 20.5696258545, 20.2719783783, 19.8980712891, 13.9808225632, 15.0582504272, 12.0191669464, 16.0532493591, 16.9204235077, 16.1587657928, 20.2879047394, 14.0413007736, 9.70805263519, 8.74717140198, 10.6886577606, 11.703751564, 11.1239089966, 7.54550743103, 3.81886053085, 1.44236123562, 0.390093445778, 0.05614663288, 0.00149812980089, 0.000102447454992],
        "median": [0.078598625958, 0.440667182207, 0.890789449215, 0.713258326054, 1.16591501236, 2.14626193047, 4.58406734467, 10.6839132309, 5.18483972549, 4.81834077835, 6.63724136353, 17.9947166443, 14.7209777832, 12.5787620544, 11.5524244308, 8.21155643463, 5.62826395035, 6.19601488113, 6.9648399353, 6.76379966736, 5.10203886032, 4.84627485275, 3.56867361069, 4.63917064667, 8.67230224609, 7.82332801819, 9.03806495667, 7.24623632431, 4.47298622131, 2.49648690224, 3.13794183731, 3.53185105324, 4.67979478836, 4.0806145668, 1.9102319479, 0.45083540678, 0.112822800875, 0.0150741180405, 0.00044413030264, 7.0167989179e-05],
        "min": [4.41175487254e-08, 2.19483325736e-07, 6.09195808465e-07, 1.09589427666e-06, 1.45931164752e-06, 1.53173630224e-06, 1.36036112508e-06, 1.06781021714e-06, 7.23598418517e-07, 4.85631062475e-07, 1.24037683236e-06, 6.07288029641e-06, 1.37206134241e-05, 1.39149633469e-05, 1.01160794657e-05, 9.48473643803e-06, 9.2902155302e-06, 9.25856602407e-06, 9.12651466933e-06, 9.79367086984e-06, 6.71598400004e-06, 3.45336661667e-06, 2.46220247391e-06, 2.49637878369e-06, 2.42707255893e-06, 3.15342003887e-06, 5.83038172408e-06, 2.08031224247e-06, 2.49656363849e-06, 2.29319152822e-06, 3.11876965498e-06, 3.24073675984e-06, 1.70839994098e-05, 9.60269153438e-06, 2.54799260802e-06, 2.17773902023e-07, 1.24498711784e-07, 7.70616281898e-09, 9.3495899911e-10, 1.13720449724e-10],
        "stdev": [0.502851545811, 6.11639928818, 15.5320034027, 18.228805542, 16.5256404877, 10.0204105377, 35.2729797363, 59.4159889221, 35.9406776428, 41.2860069275, 56.4128303528, 115.916259766, 87.0588607788, 103.389427185, 121.522994995, 85.1400680542, 37.1113739014, 50.7637138367, 36.1734237671, 34.4691200256, 25.319021225, 30.8751735687, 24.4673748016, 37.5841751099, 27.9603977203, 27.3307819366, 34.74659729, 23.1412162781, 15.0781898499, 15.3284711838, 18.8032550812, 23.3388175964, 18.4469795227, 9.69688987732, 5.16263055801, 2.60545563698, 0.774143755436, 0.126599878073, 0.00297626969405, 0.000101004210592],
        "var": [0.252859652042, 37.4103393555, 241.243133545, 332.289337158, 273.096801758, 100.408630371, 1244.18310547, 3530.25976562, 1291.73217773, 1704.53442383, 3182.4074707, 13436.5800781, 7579.24462891, 10689.3740234, 14767.8378906, 7248.83056641, 1377.25415039, 2576.95483398, 1308.51647949, 1188.12036133, 641.052856445, 953.276306152, 598.65246582, 1412.57019043, 781.783874512, 746.971618652, 1207.32592773, 535.515930176, 227.351821899, 234.962036133, 353.562408447, 544.700378418, 340.29107666, 94.0296783447, 26.6527519226, 6.78839921951, 0.599298596382, 0.0160275287926, 8.8581819e-06, 1.02018509196e-08]
    },
    "gfcc": {
        "mean": [25.9780216217, 46.968875885, -96.557144165, 16.8254108429, -73.6046218872, 23.1594409943, -39.6008033752, 16.8192443848, -32.2854385376, 10.9806432724, -17.6103591919, 2.92974877357, -1.70501601696],
        "cov": [[3470.08520508, -553.98425293, 383.201263428, 734.324645996, 447.242645264, 297.447967529, 104.730796814, 309.066375732, -22.6410865784, 42.8421974182, -162.041885376, 31.8136425018, -69.0364151001], [-553.98425293, 1462.36230469, 422.658294678, 188.000091553, 602.196533203, 173.003189087, 375.370880127, -4.74427318573, 144.182876587, 20.1795005798, 85.4829559326, -155.651397705, -15.5855789185], [383.201263428, 422.658294678, 1512.31884766, 630.256103516, 637.627990723, 599.55279541, 232.878173828, 132.899291992, 208.20513916, -23.6874828339, -38.7524261475, -31.225812912, -240.464416504], [734.324645996, 188.000091553, 630.256103516, 841.166503906, 485.054718018, 278.844848633, 157.39151001, 161.837036133, 73.3513641357, -59.0127029419, -25.2910938263, -5.23177289963, -101.479637146], [447.242645264, 602.196533203, 637.627990723, 485.054718018, 770.319702148, 373.595336914, 304.303375244, 144.830108643, 137.132415771, 20.8053226471, -14.9769268036, -54.5981521606, -81.3768768311], [297.447967529, 173.003189087, 599.55279541, 278.844848633, 373.595336914, 648.232727051, 284.196990967, 57.1180534363, 119.778999329, 52.9522361755, -24.6977996826, -47.3480148315, -71.8567581177], [104.730796814, 375.370880127, 232.878173828, 157.39151001, 304.303375244, 284.196990967, 371.313659668, 76.0244445801, 62.4615287781, 73.3829116821, 41.3637924194, -46.4023551941, -11.9359579086], [309.066375732, -4.74427318573, 132.899291992, 161.837036133, 144.830108643, 57.1180534363, 76.0244445801, 250.288772583, 64.1677703857, 17.4516868591, 31.9389762878, 21.8816890717, 21.6664714813], [-22.6410865784, 144.182876587, 208.20513916, 73.3513641357, 137.132415771, 119.778999329, 62.4615287781, 64.1677703857, 182.086624146, 33.8646736145, 17.1833648682, 10.7686929703, -15.4496507645], [42.8421974182, 20.1795005798, -23.6874828339, -59.0127029419, 20.8053226471, 52.9522361755, 73.3829116821, 17.4516868591, 33.8646736145, 179.003051758, 68.8483123779, 8.06036472321, 76.7413711548], [-162.041885376, 85.4829559326, -38.7524261475, -25.2910938263, -14.9769268036, -24.6977996826, 41.3637924194, 31.9389762878, 17.1833648682, 68.8483123779, 151.630905151, 51.3144760132, 58.9276542664], [31.8136425018, -155.651397705, -31.225812912, -5.23177289963, -54.5981521606, -47.3480148315, -46.4023551941, 21.8816890717, 10.7686929703, 8.06036472321, 51.3144760132, 137.911407471, 42.873008728], [-69.0364151001, -15.5855789185, -240.464416504, -101.479637146, -81.3768768311, -71.8567581177, -11.9359579086, 21.6664714813, -15.4496507645, 76.7413711548, 58.9276542664, 42.873008728, 183.151901245]],
        "icov": [[0.000510775775183, 0.000269311014563, 9.08811125555e-05, -0.000347385910572, -0.000304685469018, -1.29022964757e-05, -2.16456228372e-05, -0.000387358973967, 0.000324691034621, -0.000511939404532, 0.000608489906881, -0.000137948285555, 0.000124673097162], [0.000269311014563, 0.00245791045018, -0.000528774398845, 0.000287988426862, -0.00191388756502, 0.0013670977205, -0.00175331486389, 0.00148096412886, -0.00122303108219, 0.00159698422067, -0.00184541917406, 0.00268700206652, -0.0016350132646], [9.08811125555e-05, -0.000528774398845, 0.0019728273619, -0.000689249194693, -0.000238602980971, -0.00143882026896, 0.00109087990131, -0.00060670095263, -0.000217416964006, -0.000790939026047, 0.000253686128417, -0.00101874978282, 0.00213980511762], [-0.000347385910572, 0.000287988426862, -0.000689249194693, 0.00269640330225, -0.00121508154552, 0.000152660140884, -0.000179242400918, -0.000239148226683, 0.000149987026816, 0.00150461029261, -0.000897271267604, 0.000249055912718, -0.00036813042243], [-0.000304685469018, -0.00191388756502, -0.000238602980971, -0.00121508154552, 0.00487782154232, -0.000945517269429, -0.00045048512402, -0.0013302200241, 6.29639316685e-06, -0.00115308328532, 0.0018891611835, -0.00143069762271, 0.000870863033924], [-1.29022964757e-05, 0.0013670977205, -0.00143882026896, 0.000152660140884, -0.000945517269429, 0.00443700421602, -0.00317439273931, 0.0015336361248, -0.00147021503653, 0.000485946802655, 2.14312276512e-05, 0.00159875419922, -0.00146939302795], [-2.16456228372e-05, -0.00175331486389, 0.00109087990131, -0.000179242400918, -0.00045048512402, -0.00317439273931, 0.00733514269814, -0.0019745642785, 0.00150809821207, -0.00238816183992, -0.000555418082513, -0.000577535829507, 0.00188336195424], [-0.000387358973967, 0.00148096412886, -0.00060670095263, -0.000239148226683, -0.0013302200241, 0.0015336361248, -0.0019745642785, 0.00693022599444, -0.00267618894577, 0.00208080257289, -0.00244171707891, 0.00164984748699, -0.00258510466665], [0.000324691034621, -0.00122303108219, -0.000217416964006, 0.000149987026816, 6.29639316685e-06, -0.00147021503653, 0.00150809821207, -0.00267618894577, 0.00873091816902, -0.00261095864698, 0.00135519681498, -0.00261987489648, 0.00166455609724], [-0.000511939404532, 0.00159698422067, -0.000790939026047, 0.00150461029261, -0.00115308328532, 0.000485946802655, -0.00238816183992, 0.00208080257289, -0.00261095864698, 0.0111807482317, -0.00521034793928, 0.00342336762697, -0.00501530757174], [0.000608489906881, -0.00184541917406, 0.000253686128417, -0.000897271267604, 0.0018891611835, 2.14312276512e-05, -0.000555418082513, -0.00244171707891, 0.00135519681498, -0.00521034793928, 0.0131328459829, -0.00608911504969, 0.000506132666487], [-0.000137948285555, 0.00268700206652, -0.00101874978282, 0.000249055912718, -0.00143069762271, 0.00159875419922, -0.000577535829507, 0.00164984748699, -0.00261987489648, 0.00342336762697, -0.00608911504969, 0.013146023266, -0.00403768988326], [0.000124673097162, -0.0016350132646, 0.00213980511762, -0.00036813042243, 0.000870863033924, -0.00146939302795, 0.00188336195424, -0.00258510466665, 0.00166455609724, -0.00501530757174, 0.000506132666487, -0.00403768988326, 0.0112363938242]]
    },
    "melbands": {
        "dmean": [0.00201304070652, 0.00247883168049, 0.00132532417774, 0.000367645610822, 0.000358674296876, 0.000425619975431, 0.000174302913365, 0.00010223985737, 0.0001347422658, 0.000214165294892, 0.00012230037828, 0.000116030292702, 0.000106444735138, 5.33020829607e-05, 4.33992026956e-05, 2.41204197664e-05, 3.39152029483e-05, 2.5612042009e-05, 2.5647403163e-05, 2.12143677345e-05, 1.16430810522e-05, 1.37917613756e-05, 8.26366158435e-06, 6.62224829284e-06, 8.66289519763e-06, 8.2951191871e-06, 6.90538763592e-06, 6.23181313131e-06, 7.28071063349e-06, 6.00903831582e-06, 4.72857072964e-06, 3.78675713364e-06, 3.60504941455e-06, 3.85732391806e-06, 4.96487473356e-06, 5.75237118028e-06, 5.67256120121e-06, 5.31759997102e-06, 5.1818465181e-06, 3.96784662371e-06],
        "dmean2": [0.00312820496038, 0.00354408100247, 0.00211759726517, 0.000623496482149, 0.000573501514737, 0.000662451726384, 0.000283357308945, 0.000162824086146, 0.000199215326575, 0.000299545819871, 0.000181401352165, 0.000175194669282, 0.000161228352226, 7.86609889474e-05, 6.80590746924e-05, 3.80143028451e-05, 5.49918368051e-05, 4.21014738095e-05, 4.29550345871e-05, 3.52908500645e-05, 1.99194764718e-05, 2.31134254136e-05, 1.37919623739e-05, 1.07447667688e-05, 1.35105719892e-05, 1.34103638629e-05, 1.14431159091e-05, 9.28929057409e-06, 1.12072466436e-05, 9.231284821e-06, 7.44076260162e-06, 6.16047600488e-06, 5.37307278137e-06, 6.13780184722e-06, 8.22640504339e-06, 9.34489617066e-06, 9.06253808353e-06, 8.14968097984e-06, 8.19990600576e-06, 6.563943316e-06],
        "dvar": [2.07589055208e-05, 3.01086729451e-05, 9.35276511882e-06, 8.83612187863e-07, 4.28042255862e-07, 6.22374329851e-07, 1.68748883311e-07, 1.48821854395e-07, 1.52716467028e-07, 1.57938316647e-07, 8.34315159182e-08, 9.34562294219e-08, 5.05336892331e-08, 1.4715068275e-08, 1.56147521579e-08, 4.31039470783e-09, 1.02144701586e-08, 3.95120114405e-09, 3.49962658852e-09, 1.97427962867e-09, 7.29611482342e-10, 1.25608823343e-09, 3.19613363553e-10, 2.17258822044e-10, 4.07794686907e-10, 3.06315695031e-10, 1.53299539729e-10, 1.45404993601e-10, 2.00784194826e-10, 1.16246408333e-10, 1.29858498954e-10, 5.22643490986e-11, 4.36734502729e-11, 6.13990941423e-11, 8.78632583357e-11, 1.38356479051e-10, 1.53417875626e-10, 1.09462904019e-10, 9.34004887321e-11, 3.97601084001e-11],
        "dvar2": [4.66791789222e-05, 6.17531186435e-05, 2.4178851163e-05, 2.4375067369e-06, 1.01584078038e-06, 1.36013704832e-06, 4.01549442586e-07, 3.8154476556e-07, 2.80301435396e-07, 2.76290734291e-07, 1.73532654912e-07, 1.84711026918e-07, 1.17440343672e-07, 2.74179914328e-08, 3.58000207257e-08, 7.82038256375e-09, 2.53004550643e-08, 1.02193036255e-08, 9.03865604585e-09, 4.98843633068e-09, 2.02446703845e-09, 3.10557557448e-09, 8.16800738157e-10, 5.04049524341e-10, 9.16610676249e-10, 7.65754459842e-10, 4.05679156934e-10, 2.90660939761e-10, 4.5728024145e-10, 2.49658044238e-10, 2.6849028556e-10, 1.28294902479e-10, 9.7733703075e-11, 1.39336125971e-10, 2.05470557235e-10, 3.18793824672e-10, 3.24853699496e-10, 2.27952351439e-10, 2.23758706008e-10, 9.49785042281e-11],
        "max": [0.0335426963866, 0.0470836684108, 0.0227233562618, 0.00751031190157, 0.00745747284964, 0.00938294827938, 0.00644191587344, 0.00922335032374, 0.00770282605663, 0.00725443847477, 0.00397268682718, 0.0042605176568, 0.00312486523762, 0.00265236059204, 0.00217742472887, 0.00166466552764, 0.00181187689304, 0.000866964343004, 0.000732241082005, 0.000443347846158, 0.000205894641113, 0.000797086453531, 0.000200926442631, 0.000199720263481, 0.000385301944334, 0.000359897880116, 0.000143383178511, 0.000352583243512, 0.00030416509253, 0.000158426293638, 0.000289933057502, 0.000101129480754, 9.58503078436e-05, 0.00011103941506, 9.39238088904e-05, 0.000145305210026, 0.000147170838318, 0.000130044558318, 0.000155888148583, 5.52528181288e-05],
        "mean": [0.00333469407633, 0.00426713423803, 0.00153482507449, 0.000405007158406, 0.000582779117394, 0.000756193592679, 0.000254852930084, 0.000151273517986, 0.000201139890123, 0.000411694025388, 0.0002004908456, 0.000170346189407, 0.000174425469595, 9.57224619924e-05, 6.04679225944e-05, 3.02999760606e-05, 3.96298455598e-05, 3.10247742163e-05, 3.04570949083e-05, 2.60675624304e-05, 1.33276707857e-05, 1.74075557879e-05, 1.07002333607e-05, 9.79371634457e-06, 1.31130791488e-05, 1.35738755489e-05, 1.09172106022e-05, 1.06481138573e-05, 1.3035703887e-05, 1.04960390672e-05, 7.34984814699e-06, 5.50792992726e-06, 4.93340576213e-06, 4.73988848171e-06, 5.73633860768e-06, 6.91785680829e-06, 7.3095066e-06, 7.94320476416e-06, 7.28741269995e-06, 6.05304421697e-06],
        "median": [0.000758994894568, 0.000698181509506, 0.00014688866213, 0.000106571191282, 0.00019257972599, 0.000258765445324, 6.7742948886e-05, 4.32856359112e-05, 4.76561472169e-05, 0.000115974471555, 5.85153757129e-05, 3.49173024006e-05, 3.92924448533e-05, 2.12572922464e-05, 1.53977234731e-05, 8.87562600838e-06, 9.61832211033e-06, 1.03902912088e-05, 9.23712013901e-06, 7.40796713217e-06, 4.52607673651e-06, 5.06248989041e-06, 3.22354094351e-06, 2.7379965104e-06, 3.3034966691e-06, 4.99159932588e-06, 5.75448393647e-06, 4.48094442618e-06, 4.95627818964e-06, 5.13593295182e-06, 3.45674880009e-06, 2.39193173002e-06, 1.61351988481e-06, 1.07869072963e-06, 1.56343855906e-06, 1.93512482838e-06, 2.09182258004e-06, 3.15287752528e-06, 3.42167390954e-06, 3.26609688273e-06],
        "min": [3.96302518579e-10, 3.08910397262e-10, 1.99580407756e-10, 1.0791765398e-10, 5.19253841313e-11, 2.41676574586e-11, 1.0396182179e-11, 5.00549124718e-12, 1.23681212841e-11, 4.29213678488e-11, 7.00181926327e-11, 5.78642203597e-11, 3.50691663209e-11, 2.66986936032e-11, 2.2669303934e-11, 1.93564504702e-11, 1.68337427331e-11, 1.45274885871e-11, 1.35036357096e-11, 1.2537441571e-11, 6.63215402735e-12, 3.56468543919e-12, 2.6625902004e-12, 1.93335625287e-12, 1.98187668533e-12, 2.25542674814e-12, 8.73501683311e-13, 2.55053140066e-12, 4.45852816472e-12, 1.61577749878e-12, 1.248620673e-12, 1.25892753253e-12, 1.97065671073e-12, 8.16185172833e-13, 1.68467963104e-12, 1.95638795962e-12, 1.48639477462e-12, 9.77154381715e-12, 1.71477051308e-11, 4.52861749836e-12],
        "stdev": [0.0056206821464, 0.00723669258878, 0.00299611221999, 0.000833036960103, 0.000949452689383, 0.00122132024262, 0.000549248594325, 0.000429401610745, 0.000605014327448, 0.000773150473833, 0.000443866942078, 0.000407546380302, 0.000369884364773, 0.000232030361076, 0.000182613337529, 9.27747387323e-05, 0.000103675600258, 6.3128893089e-05, 6.26404143986e-05, 5.21372967341e-05, 2.55989707512e-05, 4.00668977818e-05, 2.00752529054e-05, 2.06743698072e-05, 3.2204134186e-05, 3.09655624733e-05, 1.50410605784e-05, 2.13990297198e-05, 2.47859097726e-05, 1.61131902132e-05, 1.36304688567e-05, 9.05473825696e-06, 8.60562795424e-06, 8.96442452358e-06, 1.03886677607e-05, 1.36583512358e-05, 1.53210767166e-05, 1.39761023092e-05, 1.10523369585e-05, 7.61505043556e-06],
        "var": [3.15920697176e-05, 5.23697162862e-05, 8.97668905964e-06, 6.93950596542e-07, 9.01460396108e-07, 1.49162303842e-06, 3.01674020875e-07, 1.84385740454e-07, 3.66042343103e-07, 5.97761697918e-07, 1.97017868686e-07, 1.66094054066e-07, 1.36814435336e-07, 5.38380859894e-08, 3.33476322112e-08, 8.6071523242e-09, 1.0748629542e-08, 3.98525701328e-09, 3.9238212679e-09, 2.71829780907e-09, 6.55307308417e-10, 1.60535629234e-09, 4.03015787409e-10, 4.27429536209e-10, 1.03710628974e-09, 9.58866097633e-10, 2.26233490275e-10, 4.57918480912e-10, 6.14341300054e-10, 2.59634896915e-10, 1.85789675311e-10, 8.19882772785e-11, 7.40568370516e-11, 8.0360912369e-11, 1.07924419401e-10, 1.86550566661e-10, 2.3473537003e-10, 1.95331445463e-10, 1.22154147908e-10, 5.79889920804e-11]
    },
    "melbands128": {
