{
"lowlevel": {
    "average_loudness": 0.876580417156,
    "barkbands_crest": {
        "dmean": 2.41992640495,
        "dmean2": 4.00383758545,
        "dvar": 4.71600055695,
        "dvar2": 12.6447381973,
        "max": 26.0765113831,
        "mean": 11.6977434158,
        "median": 11.3243789673,
        "min": 2.00975179672,
        "stdev": 3.73384928703,
        "var": 13.9416313171
    },
    "barkbands_flatness_db": {
        "dmean": 0.0251000765711,
        "dmean2": 0.0373522527516,
        "dvar": 0.000619605998509,
        "dvar2": 0.00129754736554,
        "max": 0.439741462469,
        "mean": 0.247565507889,
        "median": 0.251053214073,
        "min": 0.0328101478517,
        "stdev": 0.0653160661459,
        "var": 0.00426618847996
    },
    "barkbands_kurtosis": {
        "dmean": 1.58933091164,
        "dmean2": 2.65750980377,
        "dvar": 10.2409734726,
        "dvar2": 26.6594333649,
        "max": 44.8417243958,
        "mean": 1.76858663559,
        "median": 0.943861722946,
        "min": -1.54014670849,
        "stdev": 3.66226744652,
        "var": 13.4122028351
    },
    "barkbands_skewness": {
        "dmean": 0.474253565073,
        "dmean2": 0.74094825983,
        "dvar": 0.275002628565,
        "dvar2": 0.660990834236,
        "max": 3.76159977913,
        "mean": 0.404015719891,
        "median": 0.394684612751,
        "min": -4.72756624222,
        "stdev": 0.846391439438,
        "var": 0.716378509998
    },
    "barkbands_spread": {
        "dmean": 2.04776287079,
        "dmean2": 3.31496405602,
        "dvar": 10.8905200958,
        "dvar2": 25.802318573,
        "max": 64.4372406006,
        "mean": 7.36831760406,
        "median": 6.07171821594,
        "min": 0.749039292336,
        "stdev": 5.33489322662,
        "var": 28.4610862732
    },
    "dissonance": {
        "dmean": 0.0495494753122,
        "dmean2": 0.0824692323804,
        "dvar": 0.00208525382914,
        "dvar2": 0.00586231006309,
        "max": 0.499631136656,
        "mean": 0.389445781708,
        "median": 0.395866304636,
        "min": 0.107015445828,
        "stdev": 0.0646254569292,
        "var": 0.00417644996196
    },
    "dynamic_complexity": 3.31564426422,
    "erbbands_crest": {
        "dmean": 3.35799527168,
        "dmean2": 5.53162336349,
        "dvar": 8.91267871857,
        "dvar2": 23.7225227356,
        "max": 33.517036438,
        "mean": 15.9691867828,
        "median": 15.0395231247,
        "min": 3.01327204704,
        "stdev": 6.24453020096,
        "var": 38.9941558838
    },
    "erbbands_flatness_db": {
        "dmean": 0.0229431893677,
        "dmean2": 0.0344401970506,
        "dvar": 0.00055309641175,
        "dvar2": 0.00117542396765,
        "max": 0.490447044373,
        "mean": 0.314299970865,
        "median": 0.321695715189,
        "min": 0.0576555244625,
        "stdev": 0.0689629688859,
        "var": 0.00475589092821
    },
    "erbbands_kurtosis": {
        "dmean": 2.01206064224,
        "dmean2": 3.29436969757,
        "dvar": 26.0562381744,
        "dvar2": 62.1529045105,
        "max": 96.7073974609,
        "mean": 2.26817202568,
        "median": 0.971038103104,
        "min": -1.29062604904,
        "stdev": 5.92029476166,
        "var": 35.0498886108
    },
    "erbbands_skewness": {
        "dmean": 0.412069320679,
        "dmean2": 0.643977701664,
        "dvar": 0.197124049067,
        "dvar2": 0.494586974382,
        "max": 3.66845154762,
        "mean": 0.237294018269,
        "median": 0.23431044817,
        "min": -2.16609883308,
        "stdev": 0.683858156204,
        "var": 0.467661976814
    },
    "erbbands_spread": {
        "dmean": 3.04197239876,
        "dmean2": 4.86666154861,
        "dvar": 18.7074947357,
        "dvar2": 43.7069206238,
        "max": 71.4124908447,
        "mean": 11.1665420532,
        "median": 8.94967460632,
        "min": 0.589360773563,
        "stdev": 8.51574516296,
        "var": 72.5179138184
    },
    "hfc": {
        "dmean": 6.17368459702,
        "dmean2": 9.48042488098,
        "dvar": 74.1415252686,
        "dvar2": 170.576095581,
        "max": 156.499481201,
        "mean": 21.1792831421,
        "median": 17.7470340729,
        "min": 1.10724047603e-16,
        "stdev": 18.0077056885,
        "var": 324.277435303
    },
    "loudness_ebu128": {
        "integrated": -14.4411220551,
        "loudness_range": 5.14101600647,
        "momentary": {
            "dmean": 0.636361479759,
            "dmean2": 0.573334574699,
            "dvar": 0.759949862957,
            "dvar2": 0.742223203182,
            "max": -9.08874702454,
            "mean": -15.7108812332,
            "median": -14.8934907913,
            "min": -27.4322338104,
            "stdev": 3.62456464767,
            "var": 13.137468338
        },
        "short_term": {
            "dmean": 0.140362918377,
            "dmean2": 0.0610852092505,
            "dvar": 0.0145739251748,
            "dvar2": 0.00650767516345,
            "max": -11.7024002075,
            "mean": -14.882938385,
            "median": -14.6860351562,
            "min": -19.2254619598,
            "stdev": 1.67338132858,
            "var": 2.80020523071
        }
    },
    "melbands_crest": {
        "dmean": 3.06214928627,
        "dmean2": 5.00831127167,
        "dvar": 7.33135175705,
        "dvar2": 19.7470264435,
        "max": 33.7997360229,
        "mean": 15.0795402527,
        "median": 14.750831604,
        "min": 1.4914008379,
        "stdev": 4.72233963013,
        "var": 22.3004894257
    },
    "melbands_flatness_db": {
        "dmean": 0.0273566432297,
        "dmean2": 0.0401416383684,
        "dvar": 0.000868545146659,
        "dvar2": 0.0019300916465,
        "max": 0.475011706352,
        "mean": 0.276247650385,
        "median": 0.278018087149,
        "min": 0.00262775970623,
        "stdev": 0.0660232678056,
        "var": 0.00435907207429
    },
    "melbands_kurtosis": {
        "dmean": 1.72649633884,
        "dmean2": 2.89341783524,
        "dvar": 8.65430355072,
        "dvar2": 22.4297122955,
        "max": 43.0594749451,
        "mean": 1.98736703396,
        "median": 0.828411102295,
        "min": -1.4221559763,
        "stdev": 3.81465554237,
        "var": 14.5515966415
    },
    "melbands_skewness": {
        "dmean": 0.511634409428,
        "dmean2": 0.789566397667,
        "dvar": 0.29701307416,
        "dvar2": 0.716370880604,
        "max": 5.13073301315,
        "mean": 0.543711543083,
        "median": 0.468524187803,
        "min": -4.23787546158,
        "stdev": 0.974130094051,
        "var": 0.948929488659
    },
    "melbands_spread": {
        "dmean": 3.14432024956,
        "dmean2": 5.11486434937,
        "dvar": 28.6969852448,
        "dvar2": 71.0920639038,
        "max": 160.342514038,
        "mean": 12.9736232758,
        "median": 10.8250780106,
        "min": 1.77890229225,
        "stdev": 11.2136898041,
        "var": 125.746833801
    },
    "pitch_salience": {
        "dmean": 0.0565314926207,
        "dmean2": 0.0903761535883,
        "dvar": 0.00306605128571,
        "dvar2": 0.00797419156879,
        "max": 0.913318097591,
        "mean": 0.490213125944,
        "median": 0.485629975796,
        "min": 0.103516034782,
        "stdev": 0.0958025231957,
        "var": 0.00917812343687
    },
    "silence_rate_20dB": {
        "dmean": 0,
        "dmean2": 0,
        "dvar": 0,
        "dvar2": 0,
        "max": 1,
        "mean": 1,
        "median": 1,
        "min": 1,
        "stdev": 0,
        "var": 0
    },
    "silence_rate_30dB": {
        "dmean": 0.0030959751457,
        "dmean2": 0.00619674660265,
        "dvar": 0.00308638322167,
        "dvar2": 0.00770750874653,
        "max": 1,
        "mean": 0.99535959959,
        "median": 1,
        "min": 0,
        "stdev": 0.067961961031,
        "var": 0.00461882771924
    },
    "silence_rate_60dB": {
        "dmean": 0.0232198145241,
        "dmean2": 0.0457010082901,
        "dvar": 0.0226808413863,
        "dvar2": 0.0482607483864,
        "max": 1,
        "mean": 0.102861560881,
        "median": 0,
        "min": 0,
        "stdev": 0.303779304028,
        "var": 0.092281870544
    },
    "spectral_centroid": {
        "dmean": 139.312698364,
        "dmean2": 232.829681396,
        "dvar": 101122.34375,
        "dvar2": 234463.828125,
        "max": 11292.6220703,
        "mean": 1044.98266602,
        "median": 967.351928711,
        "min": 450.168212891,
        "stdev": 804.80078125,
        "var": 647704.3125
    },
    "spectral_complexity": {
        "dmean": 1.76160991192,
        "dmean2": 2.83965921402,
        "dvar": 5.17846441269,
        "dvar2": 11.5722818375,
        "max": 34,
        "mean": 10.1856145859,
        "median": 10,
        "min": 0,
        "stdev": 3.66960000992,
        "var": 13.4659643173
    },
    "spectral_decrease": {
        "dmean": 1.44775980093e-09,
        "dmean2": 2.14387063657e-09,
        "dvar": 3.6571784871e-18,
        "dvar2": 8.30607042804e-18,
        "max": 1.52078003654e-29,
        "mean": -5.56814772068e-09,
        "median": -4.69173455642e-09,
        "min": -3.70930486326e-08,
        "stdev": 4.5509414015e-09,
        "var": 2.07110689455e-17
    },
    "spectral_energy": {
        "dmean": 0.00600112276152,
        "dmean2": 0.00890334416181,
        "dvar": 6.33758754702e-05,
        "dvar2": 0.000144156234455,
        "max": 0.152489647269,
        "mean": 0.022936495021,
        "median": 0.0193149913102,
        "min": 1.0589706758e-20,
        "stdev": 0.0187693182379,
        "var": 0.00035228728666
    },
    "spectral_energyband_high": {
        "dmean": 9.00753366295e-05,
        "dmean2": 0.000165081044543,
        "dvar": 6.98598796589e-08,
        "dvar2": 1.99207292439e-07,
        "max": 0.0023037979845,
        "mean": 7.80031041359e-05,
        "median": 2.41816305788e-05,
        "min": 7.38936597065e-21,
        "stdev": 0.000203446659725,
        "var": 4.13905425489e-08
    },
    "spectral_energyband_low": {
        "dmean": 0.000122310360894,
        "dmean2": 0.000187823156011,
        "dvar": 1.15419744873e-07,
        "dvar2": 2.74684396118e-07,
        "max": 0.00650723045692,
        "mean": 0.00019414864073,
        "median": 5.16132968187e-05,
        "min": 2.42987697039e-23,
        "stdev": 0.000446999416454,
        "var": 1.99808468437e-07
    },
    "spectral_energyband_middle_high": {
        "dmean": 0.00473993550986,
        "dmean2": 0.00714014563709,
        "dvar": 5.81267086091e-05,
        "dvar2": 0.000125861697597,
        "max": 0.136527687311,
        "mean": 0.0130066070706,
        "median": 0.00979036465287,
        "min": 1.24330910719e-21,
        "stdev": 0.0138991251588,
        "var": 0.000193185682292
    },
    "spectral_energyband_middle_low": {
        "dmean": 0.00283412658609,
        "dmean2": 0.0041538355872,
        "dvar": 1.09083339339e-05,
        "dvar2": 2.43132817559e-05,
        "max": 0.0449879094958,
        "mean": 0.00989300757647,
        "median": 0.00743576232344,
        "min": 3.01348980493e-22,
        "stdev": 0.00805902574211,
        "var": 6.49478970445e-05
    },
    "spectral_entropy": {
        "dmean": 0.264595389366,
        "dmean2": 0.373762339354,
        "dvar": 0.0902229100466,
        "dvar2": 0.189522877336,
        "max": 9.80338287354,
        "mean": 6.4770617485,
        "median": 6.36603164673,
        "min": 4.66877365112,
        "stdev": 0.691386342049,
        "var": 0.478015065193
    },
    "spectral_flux": {
        "dmean": 0.0185413714498,
        "dmean2": 0.0303426552564,
        "dvar": 0.000402261182899,
        "dvar2": 0.00105660886038,
        "max": 0.228780969977,
        "mean": 0.0567203946412,
        "median": 0.0517862699926,
        "min": 6.59948692916e-11,
        "stdev": 0.0311415120959,
        "var": 0.000969793822151
    },
    "spectral_kurtosis": {
        "dmean": 7.39193725586,
        "dmean2": 12.5171108246,
        "dvar": 45.0068473816,
        "dvar2": 115.325233459,
        "max": 60.1866531372,
        "mean": 16.1097774506,
        "median": 14.899723053,
        "min": -1.23584794998,
        "stdev": 10.5449409485,
        "var": 111.195777893
    },
    "spectral_rms": {
        "dmean": 0.000600006023888,
        "dmean2": 0.000895544944797,
        "dvar": 3.69035319636e-07,
        "dvar2": 8.78896116774e-07,
        "max": 0.0121971461922,
        "mean": 0.00433877343312,
        "median": 0.00434095552191,
        "min": 3.2142528656e-12,
        "stdev": 0.00188470003195,
        "var": 3.55209408553e-06
    },
    "spectral_rolloff": {
        "dmean": 175.881561279,
        "dmean2": 313.756896973,
        "dvar": 266746.65625,
        "dvar2": 544875.0625,
        "max": 18949.21875,
        "mean": 1330.47705078,
        "median": 1162.79296875,
        "min": 279.931640625,
        "stdev": 1408.17651367,
        "var": 1982961.125
    },
    "spectral_skewness": {
        "dmean": 0.620114386082,
        "dmean2": 1.02484822273,
        "dvar": 0.300889104605,
        "dvar2": 0.73168182373,
        "max": 5.90344905853,
        "mean": 2.81630444527,
        "median": 2.84176039696,
        "min": -0.0161902979016,
        "stdev": 0.982263326645,
        "var": 0.964841187
    },
    "spectral_spread": {
        "dmean": 430664.625,
        "dmean2": 683033.6875,
        "dvar": 1.05462366208e+12,
        "dvar2": 2.05409995981e+12,
        "max": 42171260,
        "mean": 2603645.25,
        "median": 2158276.5,
        "min": 1172282,
        "stdev": 3087322,
        "var": 9.53155688858e+12
    },
    "spectral_strongpeak": {
        "dmean": 1.02453732491,
        "dmean2": 1.68881428242,
        "dvar": 1.49331367016,
        "dvar2": 3.4250793457,
        "max": 14.5728654861,
        "mean": 2.96707367897,
        "median": 2.42473196983,
        "min": 1.43593872903e-10,
        "stdev": 2.27072501183,
        "var": 5.15619182587
    },
    "zerocrossingrate": {
        "dmean": 0.00405439734459,
        "dmean2": 0.00541458884254,
        "dvar": 7.5506119174e-05,
        "dvar2": 0.000131852852064,
        "max": 0.5078125,
        "mean": 0.0481238365173,
        "median": 0.046875,
        "min": 0.01123046875,
        "stdev": 0.0359940752387,
        "var": 0.00129557342734
    },
    "barkbands": {
        "dmean": [4.68579855806e-07, 6.5091488068e-05, 4.89763151563e-05, 6.28130655969e-05, 0.000182328934898, 0.000156384601723, 0.000207259508898, 0.00234332261607, 0.000495529733598, 0.000376450130716, 0.00203242432326, 0.00280272564851, 0.000257394305663, 0.000178021204192, 0.000467841106001, 6.75342598697e-05, 5.08188422828e-05, 3.31003102474e-05, 1.75794139068e-05, 1.06867555587e-05, 1.9204486307e-05, 5.91977513977e-05, 5.00426085637e-06, 2.59793660007e-06, 7.99972497134e-07, 2.85932287625e-07, 3.10994003883e-08],
        "dmean2": [7.39739334676e-07, 0.000102064943349, 8.18300104584e-05, 0.000102764846815, 0.000257926381892, 0.000190018428839, 0.000306370377075, 0.00344955665059, 0.000690670858603, 0.000546994095203, 0.00301409489475, 0.00418960116804, 0.000407574349083, 0.000284132896923, 0.000801878981292, 0.000108421656478, 7.96521853772e-05, 5.10629943165e-05, 2.83455319732e-05, 1.69770446519e-05, 3.3450556657e-05, 0.00011278893362, 8.63461627887e-06, 4.45213845524e-06, 1.39296491852e-06, 5.36868981271e-07, 5.37723074956e-08],
        "dvar": [1.20000916756e-12, 4.25166106766e-08, 4.72744829949e-08, 6.4014813006e-08, 2.7486782983e-07, 1.93641795931e-07, 7.48103445858e-08, 8.80110110302e-06, 1.60759725532e-06, 8.52180960464e-07, 3.03623874061e-05, 2.65801973001e-05, 3.29887939188e-07, 1.46429400161e-07, 6.47663796371e-07, 2.21550937596e-08, 5.80528380922e-09, 6.51441345312e-09, 1.75429837324e-09, 5.18054099619e-10, 2.09575201637e-09, 4.31110329657e-08, 2.02919681058e-10, 4.03831204587e-11, 3.66067592905e-12, 7.63731363308e-13, 7.10162079154e-15],
        "dvar2": [2.79410045448e-12, 1.00289028637e-07, 1.27438070763e-07, 1.79296222313e-07, 7.03478690411e-07, 2.68923997737e-07, 1.77672319523e-07, 1.94531548914e-05, 3.11243024953e-06, 1.7083577859e-06, 6.08638838457e-05, 5.43286623724e-05, 9.28159067826e-07, 3.56134535195e-07, 1.8711134544e-06, 5.17237346287e-08, 1.33595090546e-08, 1.32820874299e-08, 4.57247661956e-09, 1.30637434204e-09, 5.60159563179e-09, 1.25692935171e-07, 5.63174951118e-10, 1.09286746319e-10, 1.00435068248e-11, 2.19431005484e-12, 1.92470009115e-14],
        "max": [1.6652591512e-05, 0.00299638160504, 0.00534870103002, 0.00527850538492, 0.00963942334056, 0.0141694517806, 0.00428973603994, 0.0433747433126, 0.0191283803433, 0.0172128528357, 0.0914912521839, 0.135641723871, 0.0108153242618, 0.00591062894091, 0.00718553317711, 0.00394685473293, 0.00161139655393, 0.00187609123532, 0.00054025487043, 0.00024715429754, 0.000374187569832, 0.00183385354467, 0.000211061138543, 6.43473686068e-05, 1.90943446796e-05, 7.56442568672e-06, 9.35680702696e-07],
        "mean": [6.56580368741e-07, 8.25118768262e-05, 6.18237390881e-05, 8.81232845131e-05, 0.000481285940623, 0.000708323554136, 0.000519657274708, 0.00599548500031, 0.0016648665769, 0.000997608760372, 0.00456616003066, 0.00563863571733, 0.00056759477593, 0.000295689271297, 0.000876591657288, 0.000122430210467, 9.84886428341e-05, 6.19204292889e-05, 2.33940918406e-05, 1.44117893797e-05, 1.81904706551e-05, 4.26222868555e-05, 5.97308689976e-06, 2.7437135941e-06, 1.0184378425e-06, 2.74128126421e-07, 2.98642497398e-08],
        "median": [9.99031328774e-08, 8.2468304754e-06, 1.28736028273e-05, 3.41278791893e-05, 0.0001189281611, 5.82477514399e-05, 0.000331442424795, 0.00466983346269, 0.000169233739143, 0.000132725253934, 0.000500418886077, 0.00350159243681, 0.000189546553884, 6.54133909848e-05, 0.000472360028652, 3.18182283081e-05, 3.78318982257e-05, 2.13163457374e-05, 8.77956972545e-06, 5.46531100554e-06, 5.56508393856e-06, 8.63618788571e-06, 2.41399470724e-06, 7.57437646826e-07, 4.73597765449e-07, 9.75078293664e-08, 8.36827940276e-09],
        "min": [7.99828280614e-24, 1.08760631656e-23, 4.09087251571e-24, 6.18173651209e-24, 1.510786016e-23, 1.57677202191e-23, 1.56061441508e-23, 3.22164735241e-23, 3.36906336749e-23, 3.87728732122e-23, 4.13931378177e-23, 1.36308601099e-23, 4.82975198284e-23, 5.17685961638e-23, 7.77929312559e-23, 1.1103082188e-22, 1.08885385275e-22, 1.30970474017e-22, 1.63492646919e-22, 1.99734254813e-22, 2.72286663169e-22, 4.44894679889e-22, 4.44107535545e-22, 7.21410445304e-22, 9.96240799928e-22, 1.4443407542e-21, 1.99742448869e-21],
        "stdev": [1.7153203089e-06, 0.000245486677159, 0.000217783104745, 0.000257513864199, 0.00119839562103, 0.00209289370105, 0.000607770052738, 0.00584239466116, 0.00361393461935, 0.00238092197105, 0.0105079011992, 0.00775423273444, 0.0011534919031, 0.00063813070301, 0.00104592205025, 0.000305692228721, 0.000178282309207, 0.000135605005198, 4.15539325331e-05, 2.36819705606e-05, 3.96611030737e-05, 0.000152779030032, 1.20033182611e-05, 5.45635930393e-06, 1.66760594311e-06, 6.6917868935e-07, 7.20896125017e-08],
        "var": [2.94232390188e-12, 6.02637157954e-08, 4.74294807873e-08, 6.63133903345e-08, 1.43615216075e-06, 4.38020424554e-06, 3.69384451915e-07, 3.41335762641e-05, 1.30605230879e-05, 5.66878998143e-06, 0.000110415981908, 6.01281280979e-05, 1.33054368234e-06, 4.07210791309e-07, 1.09395284653e-06, 9.34477384362e-08, 3.17845803011e-08, 1.83887163274e-08, 1.72672931509e-09, 5.60835711205e-10, 1.57300306114e-09, 2.33414318984e-08, 1.44079650988e-10, 2.97718585895e-11, 2.78090940033e-12, 4.47800081521e-13, 5.19691262612e-15]
    },
    "erbbands": {
        "dmean": [0.00147960230242, 0.0164719987661, 0.0462411120534, 0.14227321744, 0.306260317564, 0.521091103554, 1.72659349442, 0.852967143059, 2.34622216225, 15.5379924774, 53.9511108398, 12.41492939, 8.55525970459, 20.1063785553, 119.513046265, 105.912879944, 14.6267471313, 9.47098255157, 20.3117752075, 13.1633930206, 3.35717535019, 2.17616772652, 1.85310328007, 1.09521090984, 0.701984882355, 0.494581192732, 0.746905267239, 1.5307302475, 2.28730154037, 0.308416217566, 0.133421093225, 0.0656118765473, 0.0388723090291, 0.013951132074, 0.00392626272514, 0.00182221876457, 0.000352783798007, 9.08086658455e-05, 5.23546123077e-06, 7.23013317838e-06],
        "dmean2": [0.00226676603779, 0.0258955154568, 0.0770587027073, 0.224262952805, 0.484229683876, 0.782660782337, 2.21704149246, 1.09172201157, 3.34489226341, 20.4423389435, 81.7039031982, 17.8277282715, 12.3803024292, 31.2211704254, 175.903335571, 166.269256592, 22.8317260742, 15.0387039185, 34.6120452881, 23.0865249634, 5.50082588196, 3.43384480476, 2.91994214058, 1.72595787048, 1.16292178631, 0.788675010204, 1.2650822401, 2.87592363358, 4.36768341064, 0.531757831573, 0.231965079904, 0.114687293768, 0.0651424303651, 0.0237968470901, 0.00692740548402, 0.00342004792765, 0.000656666408759, 0.000159597548191, 8.48808849696e-06, 1.080790571e-05],
        "dvar": [2.21878563025e-05, 0.00269190361723, 0.0358507670462, 0.225498348475, 1.85517883301, 2.62254023552, 32.9114265442, 4.75250244141, 14.4285869598, 1029.51867676, 5108.61328125, 675.645385742, 381.857574463, 1038.94470215, 89034.2421875, 30145.6816406, 779.476379395, 385.603729248, 1129.41186523, 740.467712402, 28.3952503204, 10.9671754837, 19.6150417328, 6.29317235947, 2.99727106094, 1.26925909519, 3.39788508415, 23.3592033386, 64.6545257568, 0.439012467861, 0.151030525565, 0.0292459204793, 0.00853298697621, 0.00111754075624, 8.95619086805e-05, 3.26726549247e-05, 1.019554702e-06, 6.21548537083e-08, 7.25561555281e-11, 9.16673612017e-11],
        "dvar2": [4.77565263282e-05, 0.00658796355128, 0.0997739955783, 0.600429475307, 5.48728942871, 7.15470218658, 47.3271064758, 8.14884376526, 28.1513442993, 1663.38317871, 12405.8388672, 1407.37768555, 756.081054688, 2276.33300781, 194645.546875, 67122.4375, 2152.18774414, 937.080444336, 3224.25317383, 2128.609375, 73.9365539551, 26.8731822968, 41.9070549011, 15.2611560822, 8.10901355743, 3.23087239265, 8.8496131897, 67.6836242676, 188.528320312, 1.19947075844, 0.42431268096, 0.0811479389668, 0.0227202940732, 0.00304297218099, 0.000248211174039, 9.40140234889e-05, 2.90592470265e-06, 1.7189475443e-07, 1.9501535109e-10, 2.09328374079e-10],
        "max": [0.0726492553949, 0.739325881004, 4.36752510071, 9.03013134003, 24.9440040588, 26.9717350006, 206.300125122, 48.4875030518, 95.7895736694, 711.77935791, 949.440673828, 526.488952637, 517.727905273, 552.292541504, 4877.94677734, 3753.51123047, 542.863037109, 322.413879395, 370.221588135, 224.204406738, 80.2831115723, 46.812538147, 102.620475769, 34.1086235046, 18.5211830139, 11.081580162, 20.4896068573, 43.1469192505, 71.9356079102, 6.95801496506, 6.0401725769, 2.15171933174, 0.924053013325, 0.341302335262, 0.0763782337308, 0.0516979917884, 0.00857958942652, 0.0025018020533, 0.000100675533758, 0.000179722977919],
        "mean": [0.00189822458196, 0.0206275749952, 0.0619227960706, 0.218153387308, 0.466073602438, 1.21022307873, 8.13454914093, 2.84226679802, 6.63683795929, 47.0139732361, 132.742767334, 42.7067642212, 26.2309513092, 44.0393218994, 274.279968262, 227.556625366, 37.7526283264, 20.9787597656, 38.6763420105, 23.5626907349, 7.2099738121, 4.41806411743, 3.62795615196, 1.794500947, 0.935730755329, 0.650350868702, 0.727325379848, 1.13578557968, 1.58684813976, 0.418511509895, 0.158293753862, 0.0683921054006, 0.0440145097673, 0.0184444095939, 0.00484075397253, 0.00170228851493, 0.000356625037966, 9.22532490222e-05, 1.48172684931e-05, 2.73064415524e-05],
        "median": [0.000217610475374, 0.00214172736742, 0.0126010803506, 0.0834381133318, 0.221104562283, 0.335366278887, 0.328273236752, 0.496145695448, 3.87530493736, 17.2384490967, 107.372489929, 12.4269351959, 4.70222234726, 24.2154941559, 43.1193885803, 151.698623657, 21.3694286346, 9.95863056183, 25.8139076233, 9.90865898132, 3.59270763397, 2.1673977375, 1.39328205585, 0.733757913113, 0.365969032049, 0.242473766208, 0.214016526937, 0.260515987873, 0.319132775068, 0.168764904141, 0.0609725154936, 0.0239642541856, 0.0123293306679, 0.00821658410132, 0.00231472053565, 0.000526737596374, 0.000162152500707, 3.61790080206e-05, 1.25198903334e-05, 2.30716977967e-05],
        "min": [4.94334675412e-22, 1.73114584066e-21, 3.78178736565e-21, 1.52505690105e-20, 5.62307945385e-20, 4.19232679718e-20, 1.76229239767e-19, 1.27095758281e-19, 2.72070896256e-19, 7.28501842885e-19, 7.77544244029e-19, 5.89462397889e-19, 1.1089007516e-18, 1.42147193576e-18, 1.21111690746e-18, 7.55205042515e-19, 2.40122053223e-18, 3.27919954697e-18, 3.24383881655e-18, 4.31237956491e-18, 5.43383050756e-18, 7.16251060198e-18, 7.46280777002e-18, 7.05791444071e-18, 8.18345413712e-18, 8.64674807205e-18, 9.60598062477e-18, 1.31469265873e-17, 1.19184723878e-17, 1.16288615661e-17, 1.12131156272e-17, 1.28528729786e-17, 1.22642586993e-17, 8.66688743842e-18, 7.69824239751e-18, 4.92876353811e-18, 2.8389171563e-18, 1.16848670703e-18, 2.64865041597e-19, 2.9734060481e-20],
        "stdev": [0.00589880114421, 0.060642413795, 0.200799047947, 0.549278199673, 1.1318488121, 2.65819907188, 28.304851532, 6.34597063065, 8.7366399765, 82.3192520142, 124.713020325, 79.4365386963, 61.7201805115, 64.190032959, 579.626831055, 279.787200928, 59.3449783325, 35.2850799561, 42.3117599487, 31.9860877991, 10.0867071152, 6.2975230217, 7.60591220856, 3.13481616974, 1.61727118492, 1.14710271358, 1.64067029953, 3.61358499527, 5.90957212448, 0.630373239517, 0.323728710413, 0.14207264781, 0.0833270549774, 0.0297264717519, 0.00822831131518, 0.00436958670616, 0.000777680717874, 0.000204065945582, 1.18507150546e-05, 2.22592061618e-05],
        "var": [3.47958557541e-05, 0.00367750250734, 0.0403202585876, 0.301706552505, 1.28108167648, 7.06602239609, 801.164672852, 40.2713432312, 76.3288726807, 6776.45947266, 15553.3378906, 6310.16308594, 3809.38085938, 4120.35986328, 335967.25, 78280.8828125, 3521.82666016, 1245.03674316, 1790.28515625, 1023.10980225, 101.741653442, 39.6587982178, 57.849899292, 9.82707309723, 2.61556601524, 1.31584465504, 2.6917989254, 13.0579957962, 34.9230422974, 0.397370398045, 0.104800269008, 0.0201846379787, 0.00694339815527, 0.00088366313139, 6.77051139064e-05, 1.90932860278e-05, 6.04787260272e-07, 4.16429095651e-08, 1.40439437857e-10, 4.9547227432e-10]
    },
    "gfcc": {
        "mean": [-101.251609802, 116.433822632, -178.161712646, -27.2356109619, -72.8470840454, 11.5322647095, -23.7129764557, -8.09078979492, -8.27836704254, -3.70714688301, -11.9735908508, -8.62971305847, -15.1356859207],
        "cov": [[12189.1298828, 463.240844727, -2034.60876465, -265.840393066, -640.893127441, 156.556533813, -349.425628662, -174.823318481, 5.36633253098, -44.8403739929, -109.953659058, -79.5009155273, -43.9433670044], [463.240844727, 729.788696289, 257.960296631, 54.3782958984, -7.12613534927, -70.1843719482, 62.9013519287, -46.8125228882, -91.7388305664, -31.5874252319, 105.021324158, 33.0989952087, 42.8985023499], [-2034.60876465, 257.960296631, 864.939331055, 398.178955078, 66.9681549072, -66.1802062988, 67.2539749146, 27.8327140808, -156.338638306, -12.3816890717, 27.0248222351, 32.1825370789, 55.5571136475], [-265.840393066, 54.3782958984, 398.178955078, 776.89440918, 56.8364982605, 0.531374275684, 43.0890426636, 84.3018951416, -21.6695556641, -36.8039550781, -40.5676994324, 3.71797037125, 78.5442047119], [-640.893127441, -7.12613534927, 66.9681549072, 56.8364982605, 177.140441895, 58.8125839233, 59.457157135, 43.6059188843, 45.896396637, 10.7849321365, 13.5154027939, -14.5970153809, -23.7962417603], [156.556533813, -70.1843719482, -66.1802062988, 0.531374275684, 58.8125839233, 145.193069458, 36.0763206482, 48.2057189941, 52.6799163818, 8.3870639801, 0.821556806564, -49.8586845398, -52.3362960815], [-349.425628662, 62.9013519287, 67.2539749146, 43.0890426636, 59.457157135, 36.0763206482, 193.484985352, 86.9640350342, 77.1434020996, 2.48825120926, 47.9770584106, 20.4643554688, -23.6998348236], [-174.823318481, -46.8125228882, 27.8327140808, 84.3018951416, 43.6059188843, 48.2057189941, 86.9640350342, 154.710266113, 67.2511672974, 3.82187342644, -7.72703361511, -38.10572052, -30.3880882263], [5.36633253098, -91.7388305664, -156.338638306, -21.6695556641, 45.896396637, 52.6799163818, 77.1434020996, 67.2511672974, 196.018463135, 17.1079711914, 11.8367490768, -0.353716015816, -21.3049411774], [-44.8403739929, -31.5874252319, -12.3816890717, -36.8039550781, 10.7849321365, 8.3870639801, 2.48825120926, 3.82187342644, 17.1079711914, 106.558326721, 18.573469162, 25.9732131958, 4.34671878815], [-109.953659058, 105.021324158, 27.0248222351, -40.5676994324, 13.5154027939, 0.821556806564, 47.9770584106, -7.72703361511, 11.8367490768, 18.573469162, 134.517440796, 60.6721458435, 38.1236457825], [-79.5009155273, 33.0989952087, 32.1825370789, 3.71797037125, -14.5970153809, -49.8586845398, 20.4643554688, -38.10572052, -0.353716015816, 25.9732131958, 60.6721458435, 125.886039734, 72.2038879395], [-43.9433670044, 42.8985023499, 55.5571136475, 78.5442047119, -23.7962417603, -52.3362960815, -23.6998348236, -30.3880882263, -21.3049411774, 4.34671878815, 38.1236457825, 72.2038879395, 142.621231079]],
        "icov": [[0.000434913497884, -0.000869634095579, 0.00147508992814, -0.000621957413387, 0.00128056423273, -0.00106228666846, 0.000348013243638, -0.000271707394859, 0.000650321133435, -0.00021198973991, 0.000451836036518, -0.000594029610511, 0.00027083454188], [-0.000869634095579, 0.00376322027296, -0.003276695963, 0.00117627193686, -0.00245020166039, 0.00300981220789, -0.00182348559611, 0.00150067103095, -0.000715677335393, 0.000781273178291, -0.00260811764747, 0.0024316990748, -0.000723484961782], [0.00147508992814, -0.003276695963, 0.00732605624944, -0.00309297582135, 0.00337228947319, -0.00266811205074, 0.000217190157855, -0.00129702396225, 0.00433926610276, -0.00112436257768, 0.00129241182003, -0.00203422922641, 0.000999791314825], [-0.000621957413387, 0.00117627193686, -0.00309297582135, 0.00304512586445, -0.00201191497035, 0.000822291942313, -0.00029632364749, -0.000644445128273, -0.00130736210849, 0.000997179420665, 0.00066776771564, 0.000500128488056, -0.00189547275659], [0.00128056423273, -0.00245020166039, 0.00337228947319, -0.00201191497035, 0.0114712854847, -0.00561200641096, 3.63436265616e-05, -0.000507962191477, 0.000442796881543, -0.00115589750931, 0.000868235714734, -0.00126092066057, 0.00118594022933], [-0.00106228666846, 0.00300981220789, -0.00266811205074, 0.000822291942313, -0.00561200641096, 0.0141427367926, -0.00191909552086, 0.000388986401958, -0.00203887210228, -0.000570687290747, -0.00400461209938, 0.00596810085699, 0.00113317265641], [0.000348013243638, -0.00182348559611, 0.000217190157855, -0.00029632364749, 3.63436265616e-05, -0.00191909552086, 0.0115261059254, -0.00555395381525, -0.00252532679588, 0.00138842978049, -0.00142699223943, -0.00518978945911, 0.00335737573914], [-0.000271707394859, 0.00150067103095, -0.00129702396225, -0.000644445128273, -0.000507962191477, 0.000388986401958, -0.00555395381525, 0.0126217268407, -0.00248096324503, -0.00118840730283, -0.000450207618997, 0.00556381884962, -0.000881383195519], [0.000650321133435, -0.000715677335393, 0.00433926610276, -0.00130736210849, 0.000442796881543, -0.00203887210228, -0.00252532679588, -0.00248096324503, 0.010420512408, -0.000986061175354, 0.000472119863844, -0.00162364274729, 0.000105206330772], [-0.00021198973991, 0.000781273178291, -0.00112436257768, 0.000997179420665, -0.00115589750931, -0.000570687290747, 0.00138842978049, -0.00118840730283, -0.000986061175354, 0.0109730279073, -0.000838378327899, -0.00318771693856, 0.000519937195349], [0.000451836036518, -0.00260811764747, 0.00129241182003, 0.00066776771564, 0.000868235714734, -0.00400461209938, -0.00142699223943, -0.000450207618997, 0.000472119863844, -0.000838378327899, 0.0135404067114, -0.00588873354718, -0.00214733951725], [-0.000594029610511, 0.0024316990748, -0.00203422922641, 0.000500128488056, -0.00126092066057, 0.00596810085699, -0.00518978945911, 0.00556381884962, -0.00162364274729, -0.00318771693856, -0.00588873354718, 0.0193888861686, -0.00648188823834], [0.00027083454188, -0.000723484961782, 0.000999791314825, -0.00189547275659, 0.00118594022933, 0.00113317265641, 0.00335737573914, -0.000881383195519, 0.000105206330772, 0.000519937195349, -0.00214733951725, -0.00648188823834, 0.0128062749282]]
    },
    "melbands": {
        "dmean": [1.62322667165e-05, 2.26748106797e-05, 2.69623014901e-05, 2.75027632597e-05, 5.21638321516e-05, 2.2762820663e-05, 3.70730122086e-05, 0.000238121734583, 0.000408041116316, 6.22621009825e-05, 4.14914939029e-05, 6.8015026045e-05, 0.000284066103632, 0.000451772473752, 7.7137905464e-05, 3.26075569319e-05, 1.74271517608e-05, 2.90675234282e-05, 3.39893194905e-05, 7.26083817426e-06, 3.97306484956e-06, 2.73618843494e-06, 2.08750520869e-06, 1.13897419851e-06, 9.38188122745e-07, 5.82747190947e-07, 3.91035683833e-07, 3.12196192453e-07, 5.25999496404e-07, 3.30942441451e-07, 1.26262807498e-06, 1.88497403997e-06, 2.41633415499e-07, 1.20583010244e-07, 8.34698568042e-08, 5.43665130692e-08, 3.66889807424e-08, 2.84507848392e-08, 2.14962909695e-08, 9.46250633405e-09],
        "dmean2": [2.52990666922e-05, 3.60208687198e-05, 4.28110433859e-05, 4.28381681559e-05, 6.72244568705e-05, 2.78756542684e-05, 5.40750661457e-05, 0.000322317268001, 0.000614020274952, 8.70573785505e-05, 5.96968675382e-05, 0.000107409148768, 0.000420361262513, 0.000666869280394, 0.000125012113131, 5.206419155e-05, 2.70501386694e-05, 4.92072176712e-05, 5.91275711486e-05, 1.21558050523e-05, 6.2798021645e-06, 4.34572712038e-06, 3.10352606903e-06, 1.80896120128e-06, 1.47574678522e-06, 9.69289885688e-07, 6.3277315121e-07, 5.04892000208e-07, 8.85566862507e-07, 5.72831709178e-07, 2.40390795625e-06, 3.61669776794e-06, 4.24353970629e-07, 2.03316176339e-07, 1.43918555295e-07, 9.48932736833e-08, 6.39110240286e-08, 4.82518132117e-08, 3.55703839716e-08, 1.62068864995e-08],
        "dvar": [2.67062305603e-09, 5.85440806944e-09, 1.07710489416e-08, 1.24395462819e-08, 2.63507935472e-08, 3.37600214451e-09, 3.36126992906e-09, 1.83536272402e-07, 3.19761710443e-07, 2.58838497302e-08, 9.78445058308e-09, 1.8822683856e-08, 5.88673628954e-07, 6.64879280521e-07, 1.35946365276e-08, 5.8424576288e-09, 1.93002791526e-09, 2.25580509827e-09, 4.13806278132e-09, 3.27973564973e-10, 3.81222831081e-11, 1.87469709895e-11, 3.04412987873e-11, 5.04441323781e-12, 4.69566703229e-12, 2.1275236347e-12, 7.71362086618e-13, 5.03721250909e-13, 1.82602414092e-12, 6.40451071083e-13, 1.79933550698e-11, 4.59070975678e-11, 3.12473056327e-13, 7.45885016078e-14, 5.51287395725e-14, 2.59496912077e-14, 8.63995798463e-15, 4.83189563596e-15, 2.62034957365e-15, 4.73743198059e-16],
        "dvar2": [5.94180304958e-09, 1.57185784389e-08, 3.00530551556e-08, 3.63805376935e-08, 4.02166122626e-08, 5.26943200185e-09, 7.31675786625e-09, 3.10026251782e-07, 7.53616347993e-07, 5.10592705893e-08, 1.91033837638e-08, 4.08900575621e-08, 1.25389283312e-06, 1.32805212161e-06, 3.6814878257e-08, 1.63862630131e-08, 4.5810231164e-09, 6.44721120935e-09, 1.19368266382e-08, 8.29264379387e-10, 9.10055433789e-11, 4.55840920566e-11, 5.38431729757e-11, 1.24667802123e-11, 1.12682571607e-11, 5.71066111066e-12, 2.01018932403e-12, 1.29718273883e-12, 4.71036838007e-12, 1.7451541514e-12, 5.24302996852e-11, 1.33960842419e-10, 8.81643228475e-13, 1.99082246456e-13, 1.54752282495e-13, 7.32134079924e-14, 2.38054696534e-14, 1.31808829801e-14, 6.80717181028e-15, 1.31395678893e-15],
        "max": [0.000786893186159, 0.00161536643282, 0.00205877865665, 0.00205810577609, 0.00574351614341, 0.00127049488947, 0.00135144637898, 0.00937175471336, 0.00778658455238, 0.00351678160951, 0.00251908088103, 0.00238424888812, 0.0124825546518, 0.0202323812991, 0.00161983864382, 0.00145304307807, 0.000715233560186, 0.000518532120623, 0.00054814980831, 0.000411708693719, 9.02686660993e-05, 7.59431422921e-05, 0.000139948941069, 3.11269977828e-05, 3.03760734823e-05, 1.58127440955e-05, 8.88309841685e-06, 8.01876376499e-06, 1.69521972566e-05, 9.77393392532e-06, 3.84699524147e-05, 6.04532506259e-05, 4.72356805403e-06, 3.65869254892e-06, 3.41633449352e-06, 2.67340510618e-06, 9.95056439024e-07, 7.89826515302e-07, 5.23620428794e-07, 2.858523942e-07],
        "mean": [2.07384819078e-05, 3.2348681998e-05, 4.32690976595e-05, 5.06994547322e-05, 0.000227395008551, 8.16698156996e-05, 9.74155991571e-05, 0.000675157993101, 0.00102028332185, 0.000218054716242, 0.000120246229926, 0.000138240429806, 0.000656504416838, 0.000928975932766, 0.000168093756656, 7.13378321961e-05, 3.25555483869e-05, 5.18579763593e-05, 6.39741410851e-05, 1.22497021948e-05, 7.8249067883e-06, 5.32863396074e-06, 3.7443517158e-06, 2.10876646634e-06, 1.43024112731e-06, 7.19906608992e-07, 5.33501690825e-07, 3.93995151171e-07, 4.94012624586e-07, 3.40931421761e-07, 8.63052662226e-07, 1.23487745896e-06, 3.01093308508e-07, 1.74391047381e-07, 9.52935295118e-08, 6.12234387631e-08, 3.41020829353e-08, 3.15976791398e-08, 2.34219807993e-08, 1.3862048398e-08],
        "median": [2.17882552533e-06, 6.87389729137e-06, 2.05156338779e-05, 2.33453611145e-05, 1.28225274239e-05, 1.05026147139e-05, 5.44852700841e-05, 0.000320746505167, 0.000765702570789, 3.4400698496e-05, 1.41719256135e-05, 4.17289847974e-05, 5.91512434767e-05, 0.000566334521864, 0.000110630287963, 1.99353016797e-05, 8.07937067293e-06, 3.28309179167e-05, 2.52927711699e-05, 2.73084265245e-06, 2.99578368868e-06, 1.93513437807e-06, 1.24396456158e-06, 9.11336883291e-07, 4.40834213578e-07, 2.14214225025e-07, 1.9978374155e-07, 1.34269598107e-07, 1.24402887991e-07, 1.23702477595e-07, 1.59081366746e-07, 1.85260830676e-07, 1.28530729171e-07, 6.96621071938e-08, 3.68845114451e-08, 2.01577030623e-08, 9.37609812013e-09, 8.98476759659e-09, 6.12962525182e-09, 5.83813397625e-09],
        "min": [4.100157803e-24, 2.39961547721e-24, 5.83656292883e-24, 2.67622837033e-24, 5.09102665895e-24, 2.69235682876e-24, 3.7091170857e-24, 7.41016412433e-24, 6.25736026834e-24, 3.7432735796e-24, 5.73687970383e-24, 5.45521336775e-24, 4.35381089948e-24, 1.32063283029e-24, 3.28461209994e-24, 5.11055333294e-24, 5.64553434417e-24, 3.57016042053e-24, 5.99436981975e-24, 6.63269831489e-24, 5.93672144252e-24, 5.51667352087e-24, 6.80909707963e-24, 6.39181687647e-24, 5.0455259508e-24, 4.86619025691e-24, 8.11323246181e-24, 5.34879090404e-24, 6.26073343757e-24, 6.15481742256e-24, 7.46908808965e-24, 5.60397951827e-24, 6.78015850618e-24, 5.20622953897e-24, 5.50140787907e-24, 7.76956363073e-24, 7.95578923576e-24, 7.62978378921e-24, 8.20370060814e-24, 5.98132561025e-24],
        "stdev": [6.30613139947e-05, 8.84825276444e-05, 0.000105973696918, 0.000100791541627, 0.000773392326664, 0.000197385626961, 0.000130593572976, 0.00106951151974, 0.00106309412513, 0.000494548934512, 0.000304605142446, 0.000276239647064, 0.00150380737614, 0.00127032888122, 0.000186372504686, 0.000152114938828, 7.71905033616e-05, 5.8424211602e-05, 8.85144545464e-05, 3.08347225655e-05, 1.21773964565e-05, 9.03554791876e-06, 9.45827559917e-06, 3.28450619236e-06, 2.75443449027e-06, 1.38915538628e-06, 9.13025019145e-07, 7.06552611973e-07, 1.20186712138e-06, 7.0323824275e-07, 3.12754514198e-06, 4.96491520607e-06, 4.88000125642e-07, 2.66619508693e-07, 1.96290969257e-07, 1.37622393481e-07, 7.69324515204e-08, 6.13182393749e-08, 4.72488110859e-08, 2.09520063521e-08],
