{
"lowlevel": {
    "average_loudness": 0.895908117294,
    "barkbands_crest": {
        "dmean": 1.66896498203,
        "dmean2": 2.58032774925,
        "dvar": 4.05649232864,
        "dvar2": 9.19617366791,
        "max": 26.4582958221,
        "mean": 16.5370006561,
        "median": 16.5187358856,
        "min": 3.24698972702,
        "stdev": 4.87550210953,
        "var": 23.7705192566
    },
    "barkbands_flatness_db": {
        "dmean": 0.0230548419058,
        "dmean2": 0.0323443077505,
        "dvar": 0.00061730761081,
        "dvar2": 0.00116498442367,
        "max": 0.619684278965,
        "mean": 0.457422196865,
        "median": 0.463032126427,
        "min": 0.0178962331265,
        "stdev": 0.0672976598144,
        "var": 0.00452897511423
    },
    "barkbands_kurtosis": {
        "dmean": 4.3547501564,
        "dmean2": 6.74745464325,
        "dvar": 119.351707458,
        "dvar2": 298.788482666,
        "max": 246.839523315,
        "mean": 11.6345338821,
        "median": 4.05127477646,
        "min": -1.87327218056,
        "stdev": 21.3132266998,
        "var": 454.253631592
    },
    "barkbands_skewness": {
        "dmean": 0.588224947453,
        "dmean2": 0.918778240681,
        "dvar": 0.481416493654,
        "dvar2": 1.10434985161,
        "max": 11.5890960693,
        "mean": 1.14998412132,
        "median": 0.984903037548,
        "min": -4.55694246292,
        "stdev": 1.84421551228,
        "var": 3.40113067627
    },
    "barkbands_spread": {
        "dmean": 0.682992041111,
        "dmean2": 0.986450016499,
        "dvar": 4.02086019516,
        "dvar2": 8.40155887604,
        "max": 71.1524734497,
        "mean": 2.94194769859,
        "median": 1.79757535458,
        "min": 0.13709628582,
        "stdev": 3.52959728241,
        "var": 12.4580574036
    },
    "dissonance": {
        "dmean": 0.0592797286808,
        "dmean2": 0.100791603327,
        "dvar": 0.00379903777502,
        "dvar2": 0.00923472922295,
        "max": 0.497117638588,
        "mean": 0.279925346375,
        "median": 0.271024703979,
        "min": 0.0667059123516,
        "stdev": 0.0968952849507,
        "var": 0.00938869640231
    },
    "dynamic_complexity": 4.09037685394,
    "erbbands_crest": {
        "dmean": 1.86864650249,
        "dmean2": 2.72028470039,
        "dvar": 5.82821178436,
        "dvar2": 11.8839559555,
        "max": 33.5256690979,
        "mean": 19.2946338654,
        "median": 18.2730293274,
        "min": 2.76366782188,
        "stdev": 6.39122152328,
        "var": 40.8477134705
    },
    "erbbands_flatness_db": {
        "dmean": 0.0186992809176,
        "dmean2": 0.0242906678468,
        "dvar": 0.000491571554448,
        "dvar2": 0.000731312960852,
        "max": 0.579699575901,
        "mean": 0.446623414755,
        "median": 0.457369118929,
        "min": 0.0644475668669,
        "stdev": 0.0675249248743,
        "var": 0.00455961516127
    },
    "erbbands_kurtosis": {
        "dmean": 2.41431713104,
        "dmean2": 3.53215479851,
        "dvar": 18.888256073,
        "dvar2": 43.3500213623,
        "max": 63.6353683472,
        "mean": 6.65563678741,
        "median": 3.45732450485,
        "min": -1.93256282806,
        "stdev": 9.08706092834,
        "var": 82.5746688843
    },
    "erbbands_skewness": {
        "dmean": 0.401665121317,
        "dmean2": 0.57567691803,
        "dvar": 0.260139673948,
        "dvar2": 0.493763595819,
        "max": 6.73926734924,
        "mean": 0.535320520401,
        "median": 0.565715789795,
        "min": -5.03190326691,
        "stdev": 1.89899861813,
        "var": 3.60619568825
    },
    "erbbands_spread": {
        "dmean": 1.26352679729,
        "dmean2": 1.84055292606,
        "dvar": 6.3322019577,
        "dvar2": 11.6025772095,
        "max": 60.2450332642,
        "mean": 6.05164289474,
        "median": 4.11386060715,
        "min": 0.378975689411,
        "stdev": 6.30843687057,
        "var": 39.7963752747
    },
    "hfc": {
        "dmean": 1.45094037056,
        "dmean2": 1.69799768925,
        "dvar": 7.10814905167,
        "dvar2": 8.93659114838,
        "max": 71.24584198,
        "mean": 6.67066860199,
        "median": 4.24806118011,
        "min": 1.13570521675e-16,
        "stdev": 7.1198425293,
        "var": 50.6921577454
    },
    "loudness_ebu128": {
        "integrated": -15.3493833542,
        "loudness_range": 3.7569103241,
        "momentary": {
            "dmean": 1.07762980461,
            "dmean2": 1.10645031929,
            "dvar": 1.02936983109,
            "dvar2": 1.47891891003,
            "max": -11.183599472,
            "mean": -16.1027698517,
            "median": -15.8567352295,
            "min": -31.7645683289,
            "stdev": 2.73997592926,
            "var": 7.50746822357
        },
        "short_term": {
            "dmean": 0.123272009194,
            "dmean2": 0.11264166981,
            "dvar": 0.00940012279898,
            "dvar2": 0.00932780094445,
            "max": -13.032459259,
            "mean": -15.5066843033,
            "median": -15.4241094589,
            "min": -18.4594421387,
            "stdev": 1.29587972164,
            "var": 1.67930424213
        }
    },
    "melbands_crest": {
        "dmean": 1.97250413895,
        "dmean2": 3.06742763519,
        "dvar": 5.89850091934,
        "dvar2": 14.0362119675,
        "max": 31.734205246,
        "mean": 18.5774974823,
        "median": 18.3209114075,
        "min": 2.33947610855,
        "stdev": 5.21083259583,
        "var": 27.1527786255
    },
    "melbands_flatness_db": {
        "dmean": 0.0228341147304,
        "dmean2": 0.0323546268046,
        "dvar": 0.000679405638948,
        "dvar2": 0.00129364896566,
        "max": 0.761579394341,
        "mean": 0.583115458488,
        "median": 0.590924024582,
        "min": 0.00535414135084,
        "stdev": 0.0691101327538,
        "var": 0.00477621052414
    },
    "melbands_kurtosis": {
        "dmean": 2.82843279839,
        "dmean2": 4.28743124008,
        "dvar": 43.8331718445,
        "dvar2": 114.553627014,
        "max": 137.629364014,
        "mean": 8.26105976105,
        "median": 3.99822187424,
        "min": -1.88189709187,
        "stdev": 13.3705272675,
        "var": 178.770996094
    },
    "melbands_skewness": {
        "dmean": 0.459331959486,
        "dmean2": 0.701363384724,
        "dvar": 0.245746836066,
        "dvar2": 0.542591571808,
        "max": 9.50652694702,
        "mean": 1.20980322361,
        "median": 1.0542498827,
        "min": -3.64449429512,
        "stdev": 1.51666557789,
        "var": 2.3002743721
    },
    "melbands_spread": {
        "dmean": 1.06032419205,
        "dmean2": 1.48166644573,
        "dvar": 7.70556116104,
        "dvar2": 6.74106168747,
        "max": 133.651901245,
        "mean": 4.61918306351,
        "median": 2.89817905426,
        "min": 0.304373055696,
        "stdev": 6.09668827057,
        "var": 37.1696090698
    },
    "pitch_salience": {
        "dmean": 0.0523210130632,
        "dmean2": 0.0812370628119,
        "dvar": 0.00414920272306,
        "dvar2": 0.0094353556633,
        "max": 0.825111269951,
        "mean": 0.431262671947,
        "median": 0.441853195429,
        "min": 0.0585660003126,
        "stdev": 0.134885668755,
        "var": 0.018194142729
    },
    "silence_rate_20dB": {
        "dmean": 0,
        "dmean2": 0,
        "dvar": 0,
        "dvar2": 0,
        "max": 1,
        "mean": 1,
        "median": 1,
        "min": 1,
        "stdev": 0,
        "var": 0
    },
    "silence_rate_30dB": {
        "dmean": 0.0030959751457,
        "dmean2": 0.00619674660265,
        "dvar": 0.00308635644615,
        "dvar2": 0.00925660971552,
        "max": 1,
        "mean": 0.998453199863,
        "median": 1,
        "min": 0,
        "stdev": 0.0392987541854,
        "var": 0.00154439196922
    },
    "silence_rate_60dB": {
        "dmean": 0.0263157896698,
        "dmean2": 0.0518977530301,
        "dvar": 0.0256231538951,
        "dvar2": 0.053851775825,
        "max": 1,
        "mean": 0.11059551686,
        "median": 0,
        "min": 0,
        "stdev": 0.313628673553,
        "var": 0.0983629375696
    },
    "spectral_centroid": {
        "dmean": 35.2895011902,
        "dmean2": 47.5979614258,
        "dvar": 59522.0664062,
        "dvar2": 41901.4023438,
        "max": 11452.7744141,
        "mean": 390.179656982,
        "median": 360.296325684,
        "min": 113.567802429,
        "stdev": 336.834564209,
        "var": 113457.53125
    },
    "spectral_complexity": {
        "dmean": 0.84674924612,
        "dmean2": 1.42989933491,
        "dvar": 1.03224480152,
        "dvar2": 2.15368843079,
        "max": 13,
        "mean": 4.89327144623,
        "median": 5,
        "min": 0,
        "stdev": 1.92135620117,
        "var": 3.69160985947
    },
    "spectral_decrease": {
        "dmean": 1.07050357467e-09,
        "dmean2": 1.33789390677e-09,
        "dvar": 3.16459842939e-18,
        "dvar2": 4.74278231714e-18,
        "max": 2.25761374987e-29,
        "mean": -4.71084771192e-09,
        "median": -3.22171334055e-09,
        "min": -3.14559436276e-08,
        "stdev": 4.64342075901e-09,
        "var": 2.15613560213e-17
    },
    "spectral_energy": {
        "dmean": 0.00416537187994,
        "dmean2": 0.00519410474226,
        "dvar": 4.81322458654e-05,
        "dvar2": 7.16003705747e-05,
        "max": 0.125183820724,
        "mean": 0.0183848571032,
        "median": 0.0126271219924,
        "min": 1.02159802564e-20,
        "stdev": 0.018141657114,
        "var": 0.000329119706294
    },
    "spectral_energyband_high": {
        "dmean": 1.58121608251e-07,
        "dmean2": 2.51112908245e-07,
        "dvar": 3.38789489084e-13,
        "dvar2": 8.06364523764e-13,
        "max": 7.50963772589e-06,
        "mean": 1.76176030209e-07,
        "median": 3.75592854596e-08,
        "min": 7.2923451165e-21,
        "stdev": 5.81095662255e-07,
        "var": 3.3767219164e-13
    },
    "spectral_energyband_low": {
        "dmean": 0.000948430853896,
        "dmean2": 0.00151798094157,
        "dvar": 4.72963210996e-06,
        "dvar2": 1.21937955555e-05,
        "max": 0.0483958981931,
        "mean": 0.00158538564574,
        "median": 0.000292175915092,
        "min": 1.09132456511e-22,
        "stdev": 0.00322061101906,
        "var": 1.03723350549e-05
    },
    "spectral_energyband_middle_high": {
        "dmean": 0.00017173156084,
        "dmean2": 0.000207216842682,
        "dvar": 1.99125523181e-07,
        "dvar2": 3.43549658055e-07,
        "max": 0.00840735156089,
        "mean": 0.000608673726674,
        "median": 6.51550217299e-05,
        "min": 1.52652738827e-21,
        "stdev": 0.00120395584963,
        "var": 1.44950956837e-06
    },
    "spectral_energyband_middle_low": {
        "dmean": 0.00375629402697,
        "dmean2": 0.00460848910734,
        "dvar": 4.18018862547e-05,
        "dvar2": 5.85118614254e-05,
        "max": 0.121903665364,
        "mean": 0.0169569291174,
        "median": 0.0109827257693,
        "min": 3.74813337299e-22,
        "stdev": 0.0178350489587,
        "var": 0.000318088976201
    },
    "spectral_entropy": {
        "dmean": 0.156751796603,
        "dmean2": 0.216358467937,
        "dvar": 0.0390502549708,
        "dvar2": 0.0648771300912,
        "max": 9.79773807526,
        "mean": 4.60246562958,
        "median": 4.56109428406,
        "min": 3.2900762558,
        "stdev": 0.549663901329,
        "var": 0.302130401134
    },
    "spectral_flux": {
        "dmean": 0.0138889728114,
        "dmean2": 0.02167712152,
        "dvar": 0.000481997121824,
        "dvar2": 0.00102882925421,
        "max": 0.222710177302,
        "mean": 0.0318757221103,
        "median": 0.0212516542524,
        "min": 1.01074135173e-10,
        "stdev": 0.0290475338697,
        "var": 0.000843759218697
    },
    "spectral_kurtosis": {
        "dmean": 45.3941345215,
        "dmean2": 73.6314239502,
        "dvar": 1825.55334473,
        "dvar2": 4929.70361328,
        "max": 525.480285645,
        "mean": 181.040786743,
        "median": 175.34954834,
        "min": -1.18130195141,
        "stdev": 81.3696289062,
        "var": 6621.01708984
    },
    "spectral_rms": {
        "dmean": 0.000464608019684,
        "dmean2": 0.000594681187067,
        "dvar": 3.98136393187e-07,
        "dvar2": 6.42095073999e-07,
        "max": 0.0110512692481,
        "mean": 0.00378660601564,
        "median": 0.00350986374542,
        "min": 3.15702563917e-12,
        "stdev": 0.00189685518853,
        "var": 3.59805949302e-06
    },
    "spectral_rolloff": {
        "dmean": 56.7161979675,
        "dmean2": 85.0651626587,
        "dvar": 154366.78125,
        "dvar2": 82079.7265625,
        "max": 18755.4199219,
        "mean": 518.396240234,
        "median": 409.130859375,
        "min": 86.1328125,
        "stdev": 579.580322266,
        "var": 335913.375
    },
    "spectral_skewness": {
        "dmean": 1.40100705624,
        "dmean2": 2.28928375244,
        "dvar": 1.43963062763,
        "dvar2": 3.63368535042,
        "max": 19.0160579681,
        "mean": 11.065243721,
        "median": 11.2694911957,
        "min": -0.0636075735092,
        "stdev": 2.77502298355,
        "var": 7.70075273514
    },
    "spectral_spread": {
        "dmean": 371299.8125,
        "dmean2": 615438.125,
        "dvar": 852732674048,
        "dvar2": 961912897536,
        "max": 39565608,
        "mean": 934439.125,
        "median": 825692.1875,
        "min": 229027.671875,
        "stdev": 1206232.25,
        "var": 1.45499632435e+12
    },
    "spectral_strongpeak": {
        "dmean": 0.284857928753,
        "dmean2": 0.446726888418,
        "dvar": 0.208810642362,
        "dvar2": 0.467532604933,
        "max": 7.77338790894,
        "mean": 1.2832710743,
        "median": 1.02382290363,
        "min": 0,
        "stdev": 0.997498929501,
        "var": 0.995004057884
    },
    "zerocrossingrate": {
        "dmean": 0.00174148601945,
        "dmean2": 0.00178897776641,
        "dvar": 5.94765951973e-05,
        "dvar2": 1.36739463414e-05,
        "max": 0.49853515625,
        "mean": 0.0187567211688,
        "median": 0.0166015625,
        "min": 0.00439453125,
        "stdev": 0.0177058801055,
        "var": 0.000313498196192
    },
    "barkbands": {
        "dmean": [1.4758319594e-05, 0.000150147636305, 0.000537863234058, 0.000674631854054, 0.00123993691523, 0.00171745487023, 0.000307254027575, 0.000501607719343, 0.000279685424175, 0.000165790785104, 5.11980833835e-05, 2.87777493213e-05, 2.95313907372e-06, 8.20764853415e-07, 2.77677514759e-07, 2.91326244906e-07, 1.57496486963e-07, 2.79008443016e-08, 1.68595395422e-08, 1.17254517207e-08, 1.22934684654e-08, 2.29414958142e-08, 1.68428666569e-08, 2.91760091642e-08, 3.27141442824e-08, 4.66605740712e-08, 8.18989320805e-09],
        "dmean2": [2.4080147341e-05, 0.000231928119319, 0.000884080829564, 0.00108955160249, 0.00187348842155, 0.0019266064046, 0.000396535528125, 0.000601234845817, 0.000372910144506, 0.000224097748287, 4.82833929709e-05, 3.60703343176e-05, 4.76386730952e-06, 1.3148716107e-06, 4.29826371828e-07, 3.95594696556e-07, 2.3523377024e-07, 4.88212457128e-08, 2.50781155842e-08, 1.73521232938e-08, 2.05887058513e-08, 4.09172358218e-08, 2.69367781414e-08, 4.53380692989e-08, 5.22635126288e-08, 7.7955618849e-08, 1.43557308263e-08],
        "dvar": [5.44726153073e-10, 1.33127187496e-07, 2.07438733923e-06, 2.26237602874e-06, 4.22736320616e-06, 1.95588927454e-05, 7.80687344104e-07, 7.34423701942e-06, 9.75225248112e-07, 3.39218047429e-07, 6.20791027472e-08, 2.15776356782e-08, 3.4380367997e-10, 3.06917685711e-12, 1.43653123251e-12, 8.31512430525e-13, 1.61096364113e-12, 1.69945014414e-14, 1.78933041954e-15, 1.82440605388e-15, 2.32630716821e-15, 2.10715098798e-14, 2.97220324829e-15, 1.31293562719e-14, 1.40338553224e-14, 4.73952440608e-14, 1.61911819587e-15],
        "dvar2": [1.21476828596e-09, 2.93829941711e-07, 5.28535747435e-06, 4.92936305818e-06, 9.94789024844e-06, 2.45368592005e-05, 1.14114595817e-06, 8.09171433502e-06, 1.37262668432e-06, 6.85861493821e-07, 5.48244472043e-08, 2.75474594247e-08, 8.86137052625e-10, 8.33798134703e-12, 3.52697428554e-12, 1.65979599856e-12, 2.88600068322e-12, 4.70268253863e-14, 4.06789817556e-15, 3.23049620468e-15, 6.44422962733e-15, 6.15441806675e-14, 7.26299581458e-15, 3.22405845782e-14, 3.38585022107e-14, 1.17123636636e-13, 4.39123902713e-15],
        "max": [0.000306146306684, 0.00623092520982, 0.0323274359107, 0.0371184013784, 0.0429003722966, 0.0959302559495, 0.0172854214907, 0.111410155892, 0.0256077311933, 0.0129089867696, 0.00775332842022, 0.00365805253386, 0.000456343463156, 2.84982306766e-05, 3.1629588193e-05, 1.64302546182e-05, 2.7478503398e-05, 2.02886508305e-06, 5.58955775887e-07, 1.02430919924e-06, 7.59632712288e-07, 2.51434812526e-06, 7.27031306269e-07, 1.94177732737e-06, 1.60347576639e-06, 3.78876029572e-06, 5.53689801563e-07],
        "mean": [1.83649444807e-05, 0.00020832948212, 0.00085518672131, 0.00121877505444, 0.0038637558464, 0.00793628487736, 0.00111518800259, 0.00132258422673, 0.000960300967563, 0.0006541510229, 0.00016118165513, 6.26149776508e-05, 5.33731190444e-06, 1.46033119108e-06, 4.20892121156e-07, 4.7398916081e-07, 2.5657195124e-07, 2.9782267319e-08, 3.00837861289e-08, 1.99384633248e-08, 1.58288369079e-08, 2.14740989435e-08, 1.90079525453e-08, 2.95253581584e-08, 3.18435589008e-08, 4.16902032896e-08, 6.84725565137e-09],
        "median": [7.90423291619e-06, 3.40983642673e-05, 0.000115510374599, 0.000155496469233, 0.00247481861152, 0.00131312478334, 9.4341179647e-05, 9.02942410903e-05, 8.16547035356e-05, 2.30988571275e-05, 5.58746842216e-06, 2.45198589255e-06, 1.00684530935e-06, 3.89350788055e-07, 7.28459923494e-08, 5.34701563026e-08, 2.70805244895e-08, 1.0600553324e-08, 1.09963291806e-08, 7.59659535277e-09, 6.58715659796e-09, 5.42267564185e-09, 4.89432716577e-09, 5.06229946851e-09, 4.82111861544e-09, 4.48764403416e-09, 1.00392760771e-09],
        "min": [1.15497645782e-23, 6.1840106403e-23, 2.70798909367e-23, 2.46192318249e-23, 7.1859384584e-23, 1.81994486461e-23, 4.58540042418e-23, 3.52276471071e-23, 1.40466718485e-22, 1.05148708939e-22, 7.54376197848e-23, 1.03830635963e-22, 4.1854832862e-23, 9.6162560865e-23, 2.73911994313e-22, 1.86577683123e-22, 1.13068052012e-22, 1.94060413773e-22, 2.1550003759e-22, 2.97775024074e-22, 4.64448029997e-22, 4.86767770148e-22, 3.90919175923e-22, 6.83979714792e-22, 1.04941552803e-21, 1.94830619696e-21, 2.26539263696e-21],
        "stdev": [3.42635139532e-05, 0.000511324033141, 0.00230100448243, 0.00380406551994, 0.00450186338276, 0.0137967737392, 0.00251407572068, 0.00606149202213, 0.00265492498875, 0.00171930878423, 0.000694095273502, 0.000291622680379, 2.6398598493e-05, 2.80131371255e-06, 1.46546994984e-06, 1.29546003791e-06, 1.55468569574e-06, 1.06845959635e-07, 5.49493499591e-08, 5.64777060674e-08, 4.21496757497e-08, 1.11077405052e-07, 5.37303925796e-08, 1.10443124868e-07, 1.15779982934e-07, 2.03463699222e-07, 3.48708724118e-08],
        "var": [1.173988462e-09, 2.61452271388e-07, 5.29462204213e-06, 1.44709147207e-05, 2.02667742997e-05, 0.000190350954654, 6.32057663097e-06, 3.67416869267e-05, 7.04862668499e-06, 2.95602262668e-06, 4.81768267946e-07, 8.50437871236e-08, 6.96885993356e-10, 7.8473590473e-12, 2.14760219157e-12, 1.67821659347e-12, 2.41704746495e-12, 1.14160584943e-14, 3.01943105257e-15, 3.18973147354e-15, 1.77659506742e-15, 1.23381902297e-14, 2.88695509962e-15, 1.21976844044e-14, 1.34050036628e-14, 4.1397474912e-14, 1.21597773507e-15]
    },
    "erbbands": {
        "dmean": [0.0034066780936, 0.0423976927996, 0.425309360027, 1.65042006969, 2.62667942047, 4.5036687851, 9.048869133, 14.1899433136, 8.3368062973, 3.507635355, 13.5246181488, 6.33157300949, 6.61579227448, 1.21767961979, 2.30164813995, 1.3800368309, 0.251618415117, 0.0492730438709, 0.0186464749277, 0.0145758567378, 0.012234355323, 0.0093296924606, 0.00211484264582, 0.00117353873793, 0.000623458763584, 0.00049051863607, 0.000602067622822, 0.000389103312045, 0.000687973224558, 0.00077501218766, 0.000471096573165, 0.000557137536816, 0.000499360496178, 0.000313497352181, 0.000251019140705, 0.000190880338778, 9.46915752138e-05, 2.26128686336e-05, 2.37128460867e-06, 4.61490571979e-06],
        "dmean2": [0.00512395007536, 0.0685947537422, 0.698790073395, 2.68371367455, 4.17867469788, 6.82746696472, 10.9315500259, 16.8645935059, 9.53433132172, 5.25447797775, 15.5192394257, 8.7509355545, 9.08766174316, 1.6784747839, 2.07646679878, 1.58718585968, 0.36918720603, 0.0778861045837, 0.0302384253591, 0.0215264428407, 0.0167776010931, 0.0143743734807, 0.00352031318471, 0.00181518995669, 0.000936070398893, 0.000750286621042, 0.00102143152617, 0.000622927560471, 0.00118770857807, 0.00137468136381, 0.000739531475119, 0.000864337722305, 0.000797483371571, 0.000498714332934, 0.000404566904763, 0.000315150740789, 0.000158833048772, 3.77754695364e-05, 3.10490509037e-06, 5.73315992369e-06],
        "dvar": [7.7188036812e-05, 0.0109243085608, 1.18323087692, 12.9367218018, 38.3136863708, 60.7740364075, 305.423919678, 2032.31518555, 652.178039551, 297.517974854, 5786.59863281, 457.466003418, 507.459838867, 15.7493124008, 142.182861328, 52.0250091553, 2.23986721039, 0.0107938880101, 0.00352154788561, 0.00251007918268, 0.00166996545158, 0.00785328354686, 9.67319574556e-05, 1.31262004288e-05, 3.56377245225e-06, 2.48204537456e-06, 8.37083462102e-06, 1.36666574235e-06, 1.24845000755e-05, 2.01423790713e-05, 2.30268778978e-06, 4.26996530223e-06, 4.13855741499e-06, 1.29119064241e-06, 7.81930339144e-07, 6.90948240845e-07, 2.39376674926e-07, 1.07138324879e-08, 1.99337421569e-11, 5.9330380886e-11],
        "dvar2": [0.000161477684742, 0.0258552003652, 3.09560227394, 32.887046814, 86.8579864502, 133.31048584, 455.222595215, 2917.91235352, 752.566162109, 679.502075195, 6124.75732422, 755.719421387, 1056.49804688, 34.0412559509, 123.277107239, 59.1707572937, 4.79859399796, 0.0289231706411, 0.00986398477107, 0.00612296909094, 0.00382072245702, 0.0140567263588, 0.000224774659728, 3.33994248649e-05, 6.93726542522e-06, 4.88948444399e-06, 2.42104488279e-05, 3.45703756466e-06, 3.58115576091e-05, 5.8173747675e-05, 5.52054052605e-06, 1.02785925264e-05, 1.03691700133e-05, 3.11434496325e-06, 1.85507667538e-06, 1.71050226072e-06, 6.05869956871e-07, 2.7631923416e-08, 3.86583334788e-11, 8.75662806155e-11],
        "max": [0.158109232783, 1.69947683811, 23.1326065063, 67.4273071289, 134.202713013, 213.973220825, 296.083282471, 1082.77099609, 548.430053711, 380.452026367, 3116.61132812, 471.19720459, 503.476379395, 82.3786239624, 387.058990479, 188.416564941, 40.1332817078, 1.44940268993, 0.896621704102, 1.21939361095, 0.841357946396, 1.92756378651, 0.1588293612, 0.0509445443749, 0.0364191792905, 0.0319707132876, 0.0530127510428, 0.0149916661903, 0.0550712831318, 0.0777455642819, 0.0229702405632, 0.0362486131489, 0.0302239991724, 0.0196227878332, 0.0115142213181, 0.0145782800391, 0.00820694863796, 0.00160876219161, 6.32363007753e-05, 0.000142142918776],
        "mean": [0.00499833002687, 0.0607826896012, 0.693950116634, 2.74901843071, 5.1713385582, 15.7072725296, 36.9644508362, 69.0116348267, 35.3019485474, 9.87583351135, 39.7662315369, 21.9403572083, 26.178068161, 4.42607402802, 7.17032432556, 3.20561623573, 0.551130533218, 0.100570015609, 0.0327290855348, 0.0236925389618, 0.021161660552, 0.0145363481715, 0.00257976306602, 0.00193307676818, 0.00106813153252, 0.000857206061482, 0.000785198586527, 0.00057372340234, 0.000699066265952, 0.000726942729671, 0.000542771536857, 0.000599039020017, 0.00050443544751, 0.000332190043991, 0.000250181357842, 0.000179925351404, 8.43181478558e-05, 2.03132058232e-05, 9.20637558011e-06, 2.04448788281e-05],
        "median": [0.0010151588358, 0.0111263105646, 0.106314659119, 0.43167245388, 1.52077639103, 9.16474914551, 19.8219814301, 7.77101755142, 3.46066689491, 1.85726761818, 2.02777957916, 2.74044394493, 2.6438293457, 0.511558353901, 0.240172937512, 0.128969192505, 0.0821693018079, 0.039802968502, 0.0125214504078, 0.00593248289078, 0.00484887883067, 0.00176748353988, 0.00079308252316, 0.000635258678813, 0.000465266755782, 0.000368224951671, 0.000299355800962, 0.000245938281296, 0.00020250074158, 0.000170685569174, 0.000143820943777, 0.000118372037832, 9.45998399402e-05, 6.60089863231e-05, 4.36868867837e-05, 2.71015214821e-05, 1.24049529404e-05, 3.12031829708e-06, 6.15792487224e-06, 1.42302351378e-05],
        "min": [1.48484524021e-21, 1.4983173184e-20, 3.17552924637e-20, 6.61449160714e-20, 1.03473612562e-19, 3.33732325387e-19, 2.10356850684e-19, 1.12187999089e-19, 6.79527994333e-19, 5.43174042895e-19, 1.09103582172e-18, 3.55775923569e-18, 3.37411107763e-18, 2.78827157573e-18, 3.34668611122e-18, 4.13665414276e-18, 2.76624913269e-18, 4.83074594425e-18, 7.87969025514e-18, 1.25780860606e-17, 1.09782790513e-17, 8.19097486325e-18, 9.37160065256e-18, 9.9627891179e-18, 1.2650064836e-17, 1.41254771161e-17, 1.72713128144e-17, 1.70912802628e-17, 1.6568957065e-17, 1.49074820867e-17, 1.28532518273e-17, 1.45072788714e-17, 1.08537734798e-17, 1.22503968066e-17, 7.79320604055e-18, 6.56383367056e-18, 4.12267396323e-18, 1.11854919306e-18, 3.1379448089e-19, 3.55676871276e-20],
        "stdev": [0.0126613322645, 0.135397642851, 1.69450259209, 6.26750135422, 13.344288826, 20.7916278839, 49.8158874512, 138.477584839, 79.3278274536, 26.6936855316, 174.394058228, 54.2031364441, 65.6493835449, 10.3975114822, 32.8689918518, 14.6174154282, 2.56793451309, 0.162965267897, 0.0624351128936, 0.0615043379366, 0.0517172329128, 0.10654528439, 0.0100203156471, 0.00409503933042, 0.00239556003362, 0.00200752075762, 0.00243914197199, 0.00120061088819, 0.00283653498627, 0.00349478074349, 0.00152066641022, 0.00204679183662, 0.00190599169582, 0.00112045463175, 0.000878972059581, 0.000781036331318, 0.000441927724751, 9.4441777037e-05, 9.20368438528e-06, 2.01806160476e-05],
        "var": [0.00016030932602, 0.0183325223625, 2.87133908272, 39.2815742493, 178.070037842, 432.291809082, 2481.62280273, 19176.0429688, 6292.90429688, 712.552856445, 30413.2871094, 2937.97998047, 4309.84179688, 108.10823822, 1080.37072754, 213.668823242, 6.59428787231, 0.0265576802194, 0.00389814330265, 0.00378278340213, 0.00267467228696, 0.0113518983126, 0.000100406723504, 1.67693488038e-05, 5.73870829612e-06, 4.03013973482e-06, 5.94941411691e-06, 1.44146645198e-06, 8.04593128123e-06, 1.22134924823e-05, 2.31242643167e-06, 4.18935678681e-06, 3.63280423699e-06, 1.25541851048e-06, 7.72591931764e-07, 6.10017707459e-07, 1.95300117412e-07, 8.9192493391e-09, 8.47078032717e-11, 4.07257255697e-10]
    },
    "gfcc": {
        "mean": [-271.135253906, 221.538894653, -36.557472229, -48.3632507324, -66.6418228149, -17.3272476196, -30.2545375824, -19.4767932892, -20.8682880402, -17.1254386902, -9.5835647583, -7.8467092514, 2.50636148453],
        "cov": [[5319.35058594, 673.614440918, 11.4651918411, -575.68536377, -234.030044556, -6.84485816956, -213.17364502, 135.503204346, 189.729614258, 108.341140747, -59.716053009, -29.6400299072, -96.2710876465], [673.614440918, 459.797607422, -2.38425135612, -206.449020386, -18.5212478638, -105.550224304, 41.9193534851, -44.2889137268, 74.4129180908, -41.895111084, 30.2197990417, -69.6406097412, 42.9397659302], [11.4651918411, -2.38425135612, 328.193878174, 149.537689209, -18.4230957031, -58.8048934937, -44.1799354553, -5.09517765045, 32.2976112366, 37.0715751648, -36.6875648499, -87.9753875732, -76.1498336792], [-575.68536377, -206.449020386, 149.537689209, 491.35748291, 213.273269653, 242.155502319, 90.8859481812, 59.1513214111, -92.8486328125, -42.2545700073, -45.3792877197, -13.6471920013, -95.2062149048], [-234.030044556, -18.5212478638, -18.4230957031, 213.273269653, 277.940338135, 239.639892578, 136.805923462, 29.5950374603, -92.310874939, -97.8361816406, -39.3072891235, -3.50191569328, -42.7160758972], [-6.84485816956, -105.550224304, -58.8048934937, 242.155502319, 239.639892578, 407.048461914, 220.973831177, 136.567901611, -126.44342804, -128.922485352, -119.60433197, -9.03401470184, -76.5874252319], [-213.17364502, 41.9193534851, -44.1799354553, 90.8859481812, 136.805923462, 220.973831177, 269.963256836, 137.6459198, -53.4474830627, -151.351547241, -129.041229248, -76.2730636597, -29.6933746338], [135.503204346, -44.2889137268, -5.09517765045, 59.1513214111, 29.5950374603, 136.567901611, 137.6459198, 263.123779297, 116.380088806, -19.85496521, -173.228347778, -117.727745056, -85.4393768311], [189.729614258, 74.4129180908, 32.2976112366, -92.8486328125, -92.310874939, -126.44342804, -53.4474830627, 116.380088806, 263.764007568, 140.69960022, -26.8501930237, -111.059776306, -36.5169906616], [108.341140747, -41.895111084, 37.0715751648, -42.2545700073, -97.8361816406, -128.922485352, -151.351547241, -19.85496521, 140.69960022, 224.626571655, 129.771072388, 31.9372158051, -29.9777317047], [-59.716053009, 30.2197990417, -36.6875648499, -45.3792877197, -39.3072891235, -119.60433197, -129.041229248, -173.228347778, -26.8501930237, 129.771072388, 277.240203857, 171.67855835, 63.0510940552], [-29.6400299072, -69.6406097412, -87.9753875732, -13.6471920013, -3.50191569328, -9.03401470184, -76.2730636597, -117.727745056, -111.059776306, 31.9372158051, 171.67855835, 221.339447021, 92.5121154785], [-96.2710876465, 42.9397659302, -76.1498336792, -95.2062149048, -42.7160758972, -76.5874252319, -29.6933746338, -85.4393768311, -36.5169906616, -29.9777317047, 63.0510940552, 92.5121154785, 140.192169189]],
        "icov": [[0.00057307939278, -0.00146792491432, -0.000367804430425, 0.0006578732864, 0.000549587071873, -0.0015145650832, 0.00204294919968, -0.00116188474931, 0.000584469176829, -0.000174055327079, 0.000448782782769, -0.000712498440407, 0.00053814263083], [-0.00146792491432, 0.00920481048524, -0.000880077248439, 0.00134444970172, -0.00240194355138, 0.00275504402816, -0.00629444606602, 0.00472017470747, -0.00616607023403, 0.00613172026351, -0.00607931334525, 0.00416387990117, -0.00138421833981], [-0.000367804430425, -0.000880077248439, 0.00676547456533, -0.00441306130961, 0.00100651441608, 0.00379531621002, -0.00149183964822, 0.00190256664064, 0.00144248607103, -0.0025688088499, 0.00284678349271, 0.000850278476719, 0.00190352147911], [0.0006578732864, 0.00134444970172, -0.00441306130961, 0.00778177892789, -0.00298986118287, -0.00418874714524, 0.00330080324784, -0.00314133474603, 0.000770546030253, 0.00166886299849, -0.00354439625517, 0.0015222907532, -0.000339990889188], [0.000549587071873, -0.00240194355138, 0.00100651441608, -0.00298986118287, 0.0122293485329, -0.00723873078823, 0.000437524693552, 0.00489899888635, -0.00527692819014, 0.0046517290175, 6.75489063724e-05, -0.00282814935781, 0.00393548095599], [-0.0015145650832, 0.00275504402816, 0.00379531621002, -0.00418874714524, -0.00723873078823, 0.018255982548, -0.0105685582384, -0.00134922051802, 0.00597464479506, -0.00598044367507, 0.00470075756311, -0.00232664262876, 0.0017385748215], [0.00204294919968, -0.00629444606602, -0.00149183964822, 0.00330080324784, 0.000437524693552, -0.0105685582384, 0.0244851522148, -0.0159853436053, 0.00769051304087, 0.00586660811678, -0.00772128533572, 0.008111031726, -0.00405642436817], [-0.00116188474931, 0.00472017470747, 0.00190256664064, -0.00314133474603, 0.00489899888635, -0.00134922051802, -0.0159853436053, 0.0303865168244, -0.0225429404527, 0.00414515612647, 0.0123960189521, -0.0135122258216, 0.0109012471512], [0.000584469176829, -0.00616607023403, 0.00144248607103, 0.000770546030253, -0.00527692819014, 0.00597464479506, 0.00769051304087, -0.0225429404527, 0.0348255559802, -0.0226717665792, -0.000734328117687, 0.0163728445768, -0.0131076620892], [-0.000174055327079, 0.00613172026351, -0.0025688088499, 0.00166886299849, 0.0046517290175, -0.00598044367507, 0.00586660811678, 0.00414515612647, -0.0226717665792, 0.0348502770066, -0.0163802877069, -0.00309152691625, 0.0106131657958], [0.000448782782769, -0.00607931334525, 0.00284678349271, -0.00354439625517, 6.75489063724e-05, 0.00470075756311, -0.00772128533572, 0.0123960189521, -0.000734328117687, -0.0163802877069, 0.0287371687591, -0.0196994785219, 0.00619860133156], [-0.000712498440407, 0.00416387990117, 0.000850278476719, 0.0015222907532, -0.00282814935781, -0.00232664262876, 0.008111031726, -0.0135122258216, 0.0163728445768, -0.00309152691625, -0.0196994785219, 0.0332678891718, -0.0184085834771], [0.00053814263083, -0.00138421833981, 0.00190352147911, -0.000339990889188, 0.00393548095599, 0.0017385748215, -0.00405642436817, 0.0109012471512, -0.0131076620892, 0.0106131657958, 0.00619860133156, -0.0184085834771, 0.0248782224953]]
    },
    "melbands": {
        "dmean": [3.42750972777e-05, 0.00017427597777, 0.00029487645952, 0.000231619953411, 0.000294983561616, 0.000323790911352, 0.00011288652604, 4.24579302489e-05, 0.000112962210551, 3.54290823452e-05, 3.24862157868e-05, 4.52346421298e-06, 6.60490422888e-06, 4.43655198978e-06, 2.34099343288e-06, 1.1269736433e-07, 9.03651056205e-08, 3.10083230204e-08, 2.31445245191e-08, 2.45071571925e-08, 1.07964597262e-08, 1.10458096003e-08, 3.01686076121e-09, 1.39832045942e-09, 9.92206761197e-10, 4.59713461742e-10, 4.87090479062e-10, 2.99134050863e-10, 4.08138994823e-10, 2.84071044465e-10, 2.16310122592e-10, 3.10969777706e-10, 6.44077180478e-10, 3.50251994075e-10, 2.61017735204e-10, 2.95424323893e-10, 3.73595016034e-10, 3.87937848512e-10, 2.76654643638e-10, 2.61366123189e-10],
        "dmean2": [5.08235207235e-05, 0.000281741522485, 0.000466222321847, 0.000359300087439, 0.000373233371647, 0.000372874696041, 0.000130578686367, 6.19409038336e-05, 0.000132078130264, 5.09312521899e-05, 4.4726581109e-05, 6.46961234452e-06, 6.15009275862e-06, 4.28147632192e-06, 3.18930665344e-06, 1.79220052132e-07, 1.43725500834e-07, 5.09027913154e-08, 3.47571464943e-08, 3.2865131061e-08, 1.51733061671e-08, 1.67450160404e-08, 4.88317564162e-09, 2.44809705841e-09, 1.50749557282e-09, 7.33896221572e-10, 7.22651327667e-10, 4.56619131395e-10, 6.87743750838e-10, 4.79050021873e-10, 3.45783290889e-10, 5.15842812909e-10, 1.16957510343e-09, 6.06197259057e-10, 4.14465795018e-10, 4.50717685396e-10, 5.91083404444e-10, 6.2456256833e-10, 4.35586483549e-10, 4.21362639225e-10],
        "dvar": [6.57388676828e-09, 1.81028411816e-07, 3.96200476871e-07, 1.77240295329e-07, 2.94614380891e-07, 8.79028846157e-07, 1.21209183135e-07, 4.38985701123e-08, 3.77576441224e-07, 1.42325742303e-08, 1.25821584263e-08, 2.94028135173e-10, 1.09265374526e-09, 3.6982239493e-10, 1.88657103828e-10, 1.65079931604e-13, 3.45660796535e-14, 1.00976864403e-14, 1.3840154134e-14, 4.92698778979e-15, 1.43347959642e-15, 1.00843168722e-14, 5.2790317292e-16, 5.69338754151e-17, 7.5576589165e-18, 2.11751929561e-18, 5.53294825164e-18, 6.20825261007e-19, 3.85954450165e-18, 1.0347859891e-18, 4.29076187169e-19, 1.70812537998e-18, 2.48264645465e-17, 2.20637317586e-18, 8.01904351178e-19, 8.33020455979e-19, 2.36075713141e-18, 2.82310746005e-18, 1.08216534362e-18, 9.0413829142e-19],
        "dvar2": [1.40803120274e-08, 4.69044579177e-07, 9.09775110358e-07, 4.45855988573e-07, 4.853358746e-07, 1.1926215393e-06, 1.41448339264e-07, 9.45418321407e-08, 4.19318695322e-07, 2.68807838211e-08, 2.62260257955e-08, 6.32581265148e-10, 9.61544621703e-10, 3.35383110173e-10, 3.41541184223e-10, 4.50858399009e-13, 9.1197469227e-14, 2.87667940412e-14, 3.25000714275e-14, 8.95364816631e-15, 3.53882000912e-15, 1.80142325481e-14, 9.83607163241e-16, 1.57901314459e-16, 1.77255226519e-17, 5.30052042568e-18, 8.97770386231e-18, 1.40058903741e-18, 1.12559875711e-17, 2.80485096354e-18, 1.08947317414e-18, 4.77745566046e-18, 7.3414271215e-17, 6.0780821956e-18, 2.02018267819e-18, 1.87939509037e-18, 5.92771482231e-18, 7.24815191952e-18, 2.68094654561e-18, 2.18589404505e-18],
        "max": [0.00133364181966, 0.00915727578104, 0.0132246389985, 0.00703623332083, 0.00937217939645, 0.0213123187423, 0.00738832447678, 0.00476020341739, 0.0239907875657, 0.00297205080278, 0.00250110542402, 0.000453153130366, 0.00102881051134, 0.00046932901023, 0.000325196597259, 8.02958493296e-06, 3.29841009261e-06, 1.50025994117e-06, 3.53602854375e-06, 1.09894426714e-06, 8.05700778983e-07, 2.16690273191e-06, 5.1365964282e-07, 1.29360898882e-07, 4.26154826982e-08, 2.23949196965e-08, 6.24271763172e-08, 1.17641416608e-08, 3.7365278871e-08, 1.50777683672e-08, 9.91901849545e-09, 2.17322444485e-08, 8.77956480849e-08, 2.17809592584e-08, 1.53216372922e-08, 1.08413731326e-08, 3.02555314136e-08, 2.68863917796e-08, 1.63107909401e-08, 1.66622164954e-08],
        "mean": [4.92791477882e-05, 0.000286902737571, 0.000557960534934, 0.000652458053082, 0.00124476966448, 0.00154576217756, 0.000467662932351, 0.000111577166535, 0.000335747929057, 0.000123030476971, 0.000127404375235, 1.52443499246e-05, 2.07896864595e-05, 1.1661899407e-05, 4.92040953759e-06, 2.08624740594e-07, 1.66158429238e-07, 5.16555793695e-08, 3.45379298494e-08, 4.11087732743e-08, 1.87293469622e-08, 1.73907821477e-08, 3.76183839634e-09, 1.49472512145e-09, 1.66087676945e-09, 7.00043689683e-10, 7.49276363177e-10, 5.19859877368e-10, 5.28574795045e-10, 3.735622367e-10, 3.10821091087e-10, 3.43141792758e-10, 5.15555598213e-10, 3.49701434477e-10, 2.89914564577e-10, 3.32013638804e-10, 3.75999814617e-10, 3.68477165447e-10, 2.83361778486e-10, 2.66913741109e-10],
        "median": [9.17794477573e-06, 4.90114653076e-05, 9.7548305348e-05, 0.000420896103606, 0.000742939533666, 0.00019635350327, 4.39161376562e-05, 1.03170277725e-05, 1.4251743778e-05, 1.51106578414e-05, 8.70183976076e-06, 1.20666550174e-06, 5.10582651714e-07, 2.88605548349e-07, 2.43106882181e-07, 6.83533372126e-08, 4.50865194068e-08, 1.78879702162e-08, 5.29107113678e-09, 5.12731235247e-09, 4.30892477254e-09, 1.55720969452e-09, 7.01416147386e-10, 5.27483612345e-10, 4.71809036284e-10, 3.13509135319e-10, 2.60065302626e-10, 2.32103850029e-10, 1.80267828442e-10, 1.59448426684e-10, 1.30089161665e-10, 1.13496684273e-10, 1.01501120009e-10, 8.81211770221e-11, 7.84418363597e-11, 7.18142628697e-11, 6.33134239481e-11, 6.19383710987e-11, 5.23061975677e-11, 4.4925729803e-11],
        "min": [1.63913684072e-23, 1.81424976219e-23, 1.13105243649e-23, 1.7289320887e-23, 8.40445072016e-24, 2.89854771444e-24, 1.05843944677e-23, 6.5183947363e-24, 1.19689329199e-23, 2.1515868801e-23, 1.69486686601e-23, 1.14991283855e-23, 9.9952802434e-24, 1.18500216048e-23, 8.44606549949e-24, 5.33570291276e-24, 8.96086034902e-24, 8.93580691553e-24, 2.47100518032e-23, 9.62437283413e-24, 1.3727568146e-23, 8.04145006374e-24, 6.96544378901e-24, 1.03117207515e-23, 7.56651872233e-24, 7.9998676277e-24, 8.97766939719e-24, 9.65061429214e-24, 9.85446936068e-24, 1.31039349463e-23, 8.22932438806e-24, 8.73061946092e-24, 1.03710809569e-23, 6.99670634669e-24, 7.21687505875e-24, 7.73480089721e-24, 9.08928611553e-24, 6.51792141976e-24, 9.29975736049e-24, 1.0772784707e-23],
        "stdev": [0.000119691132568, 0.000651775801089, 0.00140318123158, 0.000797727028839, 0.00151341944002, 0.00289376196451, 0.00107174366713, 0.000347987923305, 0.00139133725315, 0.000305210764054, 0.000326591834892, 4.70868289995e-05, 9.2010559456e-05, 4.73761065223e-05, 2.51489764196e-05, 4.63583972987e-07, 3.18702149116e-07, 1.02565287818e-07, 1.47965778297e-07, 1.0682259699e-07, 4.46547829824e-08, 1.2170639252e-07, 2.68479460885e-08, 6.13618089673e-09, 3.57981910781e-09, 1.51146717364e-09, 3.05160541281e-09, 1.03188046996e-09, 1.72270886445e-09, 9.2142393715e-10, 6.68059607634e-10, 1.12190878809e-09, 3.68152242025e-09, 1.26151689095e-09, 8.51997306039e-10, 9.61919432996e-10, 1.45421652498e-09, 1.52590218239e-09, 9.96842941525e-10, 9.3564511694e-10],
