{
"lowlevel": {
    "average_loudness": 0.944458901882,
    "barkbands_crest": {
        "dmean": 2.62200593948,
        "dmean2": 3.80826425552,
        "dvar": 7.18772983551,
        "dvar2": 15.4354362488,
        "max": 26.0327301025,
        "mean": 13.0422420502,
        "median": 12.086935997,
        "min": 2.6064081192,
        "stdev": 5.48348712921,
        "var": 30.0686321259
    },
    "barkbands_flatness_db": {
        "dmean": 0.0394953973591,
        "dmean2": 0.0539221093059,
        "dvar": 0.00153016496915,
        "dvar2": 0.00278107705526,
        "max": 0.460160851479,
        "mean": 0.179285645485,
        "median": 0.165292233229,
        "min": 0.021718878299,
        "stdev": 0.0765165314078,
        "var": 0.00585477938876
    },
    "barkbands_kurtosis": {
        "dmean": 10.8268613815,
        "dmean2": 15.0447149277,
        "dvar": 327.123138428,
        "dvar2": 572.070800781,
        "max": 358.647064209,
        "mean": 20.3404560089,
        "median": 11.4813585281,
        "min": -1.90182542801,
        "stdev": 32.3903617859,
        "var": 1049.13549805
    },
    "barkbands_skewness": {
        "dmean": 0.938953101635,
        "dmean2": 1.30156517029,
        "dvar": 0.93337482214,
        "dvar2": 1.87571752071,
        "max": 16.7767753601,
        "mean": 3.17524051666,
        "median": 2.85485720634,
        "min": -2.49576091766,
        "stdev": 2.0989010334,
        "var": 4.40538549423
    },
    "barkbands_spread": {
        "dmean": 7.22949743271,
        "dmean2": 11.1535634995,
        "dvar": 99.4680404663,
        "dvar2": 216.55090332,
        "max": 96.5339431763,
        "mean": 15.936214447,
        "median": 10.9664144516,
        "min": 0.343882322311,
        "stdev": 14.6137037277,
        "var": 213.560348511
    },
    "dissonance": {
        "dmean": 0.0280201770365,
        "dmean2": 0.04339280352,
        "dvar": 0.000649728404824,
        "dvar2": 0.0015849834308,
        "max": 0.500000059605,
        "mean": 0.443766713142,
        "median": 0.451988309622,
        "min": 0.290880560875,
        "stdev": 0.0365895330906,
        "var": 0.00133879389614
    },
    "dynamic_complexity": 1.92553973198,
    "erbbands_crest": {
        "dmean": 2.8997733593,
        "dmean2": 4.69161081314,
        "dvar": 7.42853784561,
        "dvar2": 18.5219211578,
        "max": 27.6421165466,
        "mean": 9.50949859619,
        "median": 8.76233291626,
        "min": 2.28585767746,
        "stdev": 4.012799263,
        "var": 16.102558136
    },
    "erbbands_flatness_db": {
        "dmean": 0.0221324507147,
        "dmean2": 0.0311574693769,
        "dvar": 0.000425194535637,
        "dvar2": 0.000827699259389,
        "max": 0.262219667435,
        "mean": 0.13153038919,
        "median": 0.128053754568,
        "min": 0.0594794712961,
        "stdev": 0.0321085564792,
        "var": 0.00103095930535
    },
    "erbbands_kurtosis": {
        "dmean": 1.68203914165,
        "dmean2": 2.55825591087,
        "dvar": 3.68311691284,
        "dvar2": 7.75222826004,
        "max": 16.0689659119,
        "mean": 1.4033459425,
        "median": 0.612730026245,
        "min": -1.68908143044,
        "stdev": 2.70185637474,
        "var": 7.30002737045
    },
    "erbbands_skewness": {
        "dmean": 0.539443135262,
        "dmean2": 0.825744688511,
        "dvar": 0.287308394909,
        "dvar2": 0.649260520935,
        "max": 3.23157668114,
        "mean": 0.970185220242,
        "median": 1.02196073532,
        "min": -2.35709643364,
        "stdev": 0.817452788353,
        "var": 0.668229103088
    },
    "erbbands_spread": {
        "dmean": 15.1834983826,
        "dmean2": 23.0624370575,
        "dvar": 224.992279053,
        "dvar2": 494.936157227,
        "max": 125.354385376,
        "mean": 49.8298034668,
        "median": 47.8689956665,
        "min": 6.76893520355,
        "stdev": 21.5782051086,
        "var": 465.618896484
    },
    "hfc": {
        "dmean": 11.0250968933,
        "dmean2": 17.2389240265,
        "dvar": 233.884246826,
        "dvar2": 520.767822266,
        "max": 160.316375732,
        "mean": 22.7163925171,
        "median": 16.784992218,
        "min": 1.2034176923e-16,
        "stdev": 19.5866394043,
        "var": 383.636474609
    },
    "loudness_ebu128": {
        "integrated": -9.42635726929,
        "loudness_range": 3.26242256165,
        "momentary": {
            "dmean": 0.540594398975,
            "dmean2": 0.737246215343,
            "dvar": 0.220891237259,
            "dvar2": 0.450977444649,
            "max": -6.79802274704,
            "mean": -9.69456386566,
            "median": -9.56914329529,
            "min": -13.946434021,
            "stdev": 1.56493461132,
            "var": 2.44902038574
        },
        "short_term": {
            "dmean": 0.0506836287677,
            "dmean2": 0.0437291450799,
            "dvar": 0.00234667933546,
            "dvar2": 0.00218436308205,
            "max": -7.9938044548,
            "mean": -9.47799777985,
            "median": -9.16201114655,
            "min": -11.7189865112,
            "stdev": 1.21405780315,
            "var": 1.47393643856
        }
    },
    "melbands_crest": {
        "dmean": 3.66309189796,
        "dmean2": 5.14124202728,
        "dvar": 11.1159105301,
        "dvar2": 23.4382228851,
        "max": 36.5205535889,
        "mean": 18.649477005,
        "median": 17.5843009949,
        "min": 2.17263698578,
        "stdev": 7.67557954788,
        "var": 58.9145202637
    },
    "melbands_flatness_db": {
        "dmean": 0.0475521050394,
        "dmean2": 0.0658273026347,
        "dvar": 0.00242351647466,
        "dvar2": 0.00448718061671,
        "max": 0.587058246136,
        "mean": 0.260457575321,
        "median": 0.254447132349,
        "min": 0.00583353918046,
        "stdev": 0.100916855037,
        "var": 0.0101842116565
    },
    "melbands_kurtosis": {
        "dmean": 20.1396312714,
        "dmean2": 29.8636779785,
        "dvar": 1299.90722656,
        "dvar2": 2123.70751953,
        "max": 805.587524414,
        "mean": 41.5634498596,
        "median": 24.6169834137,
        "min": -1.76356291771,
        "stdev": 64.4266586304,
        "var": 4150.79443359
    },
    "melbands_skewness": {
        "dmean": 1.12259483337,
        "dmean2": 1.66170585155,
        "dvar": 1.52956044674,
        "dvar2": 3.10562205315,
        "max": 21.4309864044,
        "mean": 4.24205589294,
        "median": 3.74234986305,
        "min": -0.029863152653,
        "stdev": 2.47235894203,
        "var": 6.11255836487
    },
    "melbands_spread": {
        "dmean": 6.94483041763,
        "dmean2": 10.9817466736,
        "dvar": 180.470153809,
        "dvar2": 396.487243652,
        "max": 214.76739502,
        "mean": 13.8739995956,
        "median": 7.86249494553,
        "min": 0.314325064421,
        "stdev": 16.8459434509,
        "var": 283.785827637
    },
    "pitch_salience": {
        "dmean": 0.0828458368778,
        "dmean2": 0.121298238635,
        "dvar": 0.00810162350535,
        "dvar2": 0.0189170446247,
        "max": 0.881078362465,
        "mean": 0.481593102217,
        "median": 0.496638000011,
        "min": 0.0518002361059,
        "stdev": 0.161813274026,
        "var": 0.0261835362762
    },
    "silence_rate_20dB": {
        "dmean": 0,
        "dmean2": 0,
        "dvar": 0,
        "dvar2": 0,
        "max": 1,
        "mean": 1,
        "median": 1,
        "min": 1,
        "stdev": 0,
        "var": 0
    },
    "silence_rate_30dB": {
        "dmean": 0.0773993805051,
        "dmean2": 0.154144078493,
        "dvar": 0.0714079365134,
        "dvar2": 0.139677599072,
        "max": 1,
        "mean": 0.787316322327,
        "median": 1,
        "min": 0,
        "stdev": 0.409203857183,
        "var": 0.167447805405
    },
    "silence_rate_60dB": {
        "dmean": 0.00851393211633,
        "dmean2": 0.0162664595991,
        "dvar": 0.0084414370358,
        "dvar2": 0.0206492189318,
        "max": 1,
        "mean": 0.00773395225406,
        "median": 0,
        "min": 0,
        "stdev": 0.0876025110483,
        "var": 0.00767420046031
    },
    "spectral_centroid": {
        "dmean": 367.375457764,
        "dmean2": 575.532226562,
        "dvar": 293291.5625,
        "dvar2": 583390.1875,
        "max": 10923.5390625,
        "mean": 969.790039062,
        "median": 771.49798584,
        "min": 188.230957031,
        "stdev": 682.813232422,
        "var": 466233.875
    },
    "spectral_complexity": {
        "dmean": 5.92647075653,
        "dmean2": 9.69016265869,
        "dvar": 53.5279426575,
        "dvar2": 128.261779785,
        "max": 45,
        "mean": 14.4655838013,
        "median": 12,
        "min": 0,
        "stdev": 8.57529830933,
        "var": 73.535736084
    },
    "spectral_decrease": {
        "dmean": 4.83185447209e-09,
        "dmean2": 6.07425221233e-09,
        "dvar": 4.32946630395e-17,
        "dvar2": 6.56495995969e-17,
        "max": 1.14686645544e-29,
        "mean": -1.77093930631e-08,
        "median": -1.15009557433e-08,
        "min": -7.23325896956e-08,
        "stdev": 1.67261795525e-08,
        "var": 2.79765056311e-16
    },
    "spectral_energy": {
        "dmean": 0.0187084414065,
        "dmean2": 0.0238214358687,
        "dvar": 0.000633949530311,
        "dvar2": 0.000971346744336,
        "max": 0.275678217411,
        "mean": 0.0688997730613,
        "median": 0.0454996414483,
        "min": 1.08720709993e-20,
        "stdev": 0.0635356009007,
        "var": 0.00403677299619
    },
    "spectral_energyband_high": {
        "dmean": 0.000940569618251,
        "dmean2": 0.00153206696268,
        "dvar": 2.09070162782e-06,
        "dvar2": 4.47302500106e-06,
        "max": 0.0174644254148,
        "mean": 0.00119657628238,
        "median": 0.000541139743291,
        "min": 7.78104891539e-21,
        "stdev": 0.00182615558151,
        "var": 3.33484399562e-06
    },
    "spectral_energyband_low": {
        "dmean": 0.0161684826016,
        "dmean2": 0.0196786001325,
        "dvar": 0.000658315955661,
        "dvar2": 0.0010264570592,
        "max": 0.250559419394,
        "mean": 0.0484778732061,
        "median": 0.0228199306875,
        "min": 9.42539339929e-23,
        "stdev": 0.0606674365699,
        "var": 0.00368053792045
    },
    "spectral_energyband_middle_high": {
        "dmean": 0.001589179039,
        "dmean2": 0.00256825261749,
        "dvar": 5.57440853299e-06,
        "dvar2": 1.35460586534e-05,
        "max": 0.0274448338896,
        "mean": 0.00275299022906,
        "median": 0.00138153973967,
        "min": 1.39951517846e-21,
        "stdev": 0.00366649823263,
        "var": 1.34432084451e-05
    },
    "spectral_energyband_middle_low": {
        "dmean": 0.00707564409822,
        "dmean2": 0.0119262104854,
        "dvar": 0.000164217810379,
        "dvar2": 0.000446141319117,
        "max": 0.113254964352,
        "mean": 0.0184667240828,
        "median": 0.0168440490961,
        "min": 4.47870036032e-22,
        "stdev": 0.0135290939361,
        "var": 0.000183036376256
    },
    "spectral_entropy": {
        "dmean": 0.329883247614,
        "dmean2": 0.458580613136,
        "dvar": 0.105682641268,
        "dvar2": 0.198608368635,
        "max": 9.8028678894,
        "mean": 7.45649719238,
        "median": 7.47021913528,
        "min": 5.78755331039,
        "stdev": 0.48561912775,
        "var": 0.235825940967
    },
    "spectral_flux": {
        "dmean": 0.0440190285444,
        "dmean2": 0.0632308647037,
        "dvar": 0.00276210159063,
        "dvar2": 0.00400934321806,
        "max": 0.468091577291,
        "mean": 0.106118328869,
        "median": 0.083224773407,
        "min": 1.04269225198e-10,
        "stdev": 0.0795296505094,
        "var": 0.00632496504113
    },
    "spectral_kurtosis": {
        "dmean": 1.5164847374,
        "dmean2": 2.32880854607,
        "dvar": 5.41172122955,
        "dvar2": 12.0951385498,
        "max": 29.3531799316,
        "mean": 3.24793624878,
        "median": 2.64173078537,
        "min": -1.19070518017,
        "stdev": 2.66700291634,
        "var": 7.11290502548
    },
    "spectral_rms": {
        "dmean": 0.00111857021693,
        "dmean2": 0.00147741811816,
        "dvar": 1.68959991242e-06,
        "dvar2": 2.73659065897e-06,
        "max": 0.0163998268545,
        "mean": 0.0073780240491,
        "median": 0.00666257413104,
        "min": 3.25682341339e-12,
        "stdev": 0.00357548706234,
        "var": 1.27841085487e-05
    },
    "spectral_rolloff": {
        "dmean": 578.563537598,
        "dmean2": 992.197021484,
        "dvar": 1728914.375,
        "dvar2": 3669847.5,
        "max": 18798.4863281,
        "mean": 948.660461426,
        "median": 452.197265625,
        "min": 64.599609375,
        "stdev": 1543.6986084,
        "var": 2383005.5
    },
    "spectral_skewness": {
        "dmean": 0.322801232338,
        "dmean2": 0.467389255762,
        "dvar": 0.135050997138,
        "dvar2": 0.281504929066,
        "max": 4.46009969711,
        "mean": 1.52204918861,
        "median": 1.46093690395,
        "min": -0.0086717363447,
        "stdev": 0.489885419607,
        "var": 0.239987716079
    },
    "spectral_spread": {
        "dmean": 855585.0625,
        "dmean2": 1289256.75,
        "dvar": 1.58678974464e+12,
        "dvar2": 2.39770088243e+12,
        "max": 40637900,
        "mean": 6154017.5,
        "median": 6109574,
        "min": 2695801,
        "stdev": 1648954.5,
        "var": 2.71905089126e+12
    },
    "spectral_strongpeak": {
        "dmean": 0.309356987476,
        "dmean2": 0.513725280762,
        "dvar": 0.187003791332,
        "dvar2": 0.421157151461,
        "max": 4.87218093872,
        "mean": 0.769893050194,
        "median": 0.554707527161,
        "min": 0,
        "stdev": 0.649970591068,
        "var": 0.422461748123
    },
    "zerocrossingrate": {
        "dmean": 0.0142066413537,
        "dmean2": 0.016969949007,
        "dvar": 0.000454612454632,
        "dvar2": 0.000518524495419,
        "max": 0.51806640625,
        "mean": 0.0480298064649,
        "median": 0.0380859375,
        "min": 0.001953125,
        "stdev": 0.0405787751079,
        "var": 0.00164663710166
    },
    "barkbands": {
        "dmean": [0.00114636681974, 0.0138430185616, 0.00589875644073, 0.0025167488493, 0.00336776510812, 0.000951423542574, 0.00156553112902, 0.000664235616568, 0.000746810284909, 0.000299354229355, 0.000315103126923, 0.000165379256941, 0.000196897948626, 0.000165037214174, 0.000182467192644, 0.000184978169273, 0.000141635595355, 0.000186894816579, 0.000223458133405, 0.000192985113245, 0.000218272485654, 0.000179729657248, 0.000159936476848, 0.000168251412106, 0.000130237458507, 7.45771758375e-05, 1.06180259536e-05],
        "dmean2": [0.00102023663931, 0.0168497879058, 0.0104935271665, 0.00461620092392, 0.00576423341408, 0.00157836650033, 0.00251124985516, 0.00103620043956, 0.00110495649278, 0.000504674448166, 0.00049153593136, 0.000281830289168, 0.000343052757671, 0.000259507272858, 0.000301911233691, 0.000300212239381, 0.000211576421862, 0.000314586708555, 0.00038291659439, 0.00033197941957, 0.000368088134564, 0.000308047456201, 0.000259359105257, 0.000266723800451, 0.000203562813113, 0.000129048494273, 1.8966566131e-05],
        "dvar": [3.8708858483e-06, 0.000758508802392, 0.000229503813898, 4.59080765722e-05, 3.15825272992e-05, 3.35081858793e-06, 4.78302717966e-06, 1.48423816881e-06, 1.38326402066e-06, 4.66994919179e-07, 3.37825042607e-07, 8.06699844702e-08, 4.20629959308e-07, 1.34420091058e-07, 2.00662569227e-07, 1.81316195835e-07, 2.17917886403e-07, 1.08760588091e-07, 1.18599423615e-07, 8.50266985708e-08, 9.78909042715e-08, 8.46108463293e-08, 9.39418782764e-08, 9.0809820108e-08, 1.49923678805e-07, 4.43945182838e-08, 6.26628526845e-10],
        "dvar2": [4.58720887764e-06, 0.0012741193641, 0.00064449745696, 0.000131748180138, 8.86938432814e-05, 8.40941174829e-06, 1.16657938634e-05, 3.40519318343e-06, 2.99063299281e-06, 1.12876034564e-06, 7.40369841878e-07, 1.97225475063e-07, 1.1715784467e-06, 2.81951088255e-07, 5.119314892e-07, 4.4855107717e-07, 4.64979194703e-07, 2.81230683186e-07, 3.08658286485e-07, 2.23039847924e-07, 2.44551898732e-07, 2.08114002476e-07, 2.14688583355e-07, 1.91288179963e-07, 3.10729603825e-07, 1.21831348565e-07, 1.7316018619e-09],
        "max": [0.0227917656302, 0.244773775339, 0.119477361441, 0.0547460056841, 0.0588881857693, 0.0225758999586, 0.0309644360095, 0.0228820163757, 0.018088966608, 0.0130025697872, 0.0115137258545, 0.00340427644551, 0.0126247461885, 0.00722716469318, 0.00740533228964, 0.00791303254664, 0.0152332913131, 0.0045323157683, 0.00262170354836, 0.00272770621814, 0.0033358100336, 0.00256742420606, 0.00461566681042, 0.00565397646278, 0.00747140543535, 0.00451546069235, 0.000323796150042],
        "mean": [0.00299771432765, 0.037919588387, 0.00559658091515, 0.00356130790897, 0.00732001615688, 0.00171152804978, 0.00320057640783, 0.00116582028568, 0.00145393621642, 0.000349317386281, 0.000544075737707, 0.000204456038773, 0.000221355774556, 0.000246483832598, 0.000209290898056, 0.000230646925047, 0.000189817132195, 0.000238229215029, 0.000242091089603, 0.000211173741263, 0.000252216384979, 0.000165981255122, 0.000203783711186, 0.00022183683177, 0.000161478412338, 7.33458364266e-05, 7.19330773791e-06],
        "median": [0.000591948861256, 0.00886649731547, 0.00155225454364, 0.00149240123574, 0.00581820774823, 0.00054069008911, 0.00194587314036, 0.000502765411511, 0.000850037205964, 9.53543712967e-05, 0.000159677962074, 7.79273977969e-05, 3.51579292328e-05, 3.43149149558e-05, 3.45791559084e-05, 3.73109178327e-05, 3.57421449735e-05, 6.96877541486e-05, 9.72792113316e-05, 8.69156647241e-05, 9.97854003799e-05, 5.72763310629e-05, 9.32079492486e-05, 0.000105746927147, 4.90960665047e-05, 2.40614226641e-05, 9.57101974564e-07],
        "min": [1.91104741288e-23, 6.11053045579e-23, 3.66662509304e-24, 2.78665177878e-23, 1.14720418997e-22, 8.2731175279e-23, 2.73581979086e-23, 6.38479656661e-23, 1.28186463976e-22, 4.26428417975e-23, 5.66437975788e-23, 5.71295591916e-23, 7.44963130874e-23, 2.16504705595e-22, 1.16517242191e-22, 1.5943984562e-22, 1.63569791205e-22, 1.78612851175e-22, 2.63622875215e-22, 2.6179097611e-22, 4.77850486475e-22, 3.77663990309e-22, 6.76739915435e-22, 1.12705196191e-21, 1.13932608223e-21, 1.66281074582e-21, 2.3378921096e-21],
        "stdev": [0.00469752773643, 0.0553840883076, 0.0123050585389, 0.00584994023666, 0.00657335622236, 0.00287061044946, 0.0035930997692, 0.00177506974433, 0.00186123722233, 0.000867912138347, 0.0010562047828, 0.000379009346943, 0.000693689333275, 0.000699735886883, 0.000543912989087, 0.000601095438469, 0.000615330820438, 0.000397192896344, 0.000349573907442, 0.000300120649626, 0.000371169386199, 0.000289311516099, 0.000376759795472, 0.000392367888708, 0.000462126452476, 0.000186898949323, 2.03014915314e-05],
        "var": [2.20667679969e-05, 0.00306739704683, 0.000151414467837, 3.42218008882e-05, 4.32090091635e-05, 8.24040398584e-06, 1.29103664221e-05, 3.15087277158e-06, 3.46420415553e-06, 7.5327147897e-07, 1.11556857973e-06, 1.43648080098e-07, 4.81204892822e-07, 4.89630338052e-07, 2.95841346087e-07, 3.61315727559e-07, 3.78632051934e-07, 1.57762187314e-07, 1.22201925024e-07, 9.00723975406e-08, 1.37766704711e-07, 8.37011526755e-08, 1.41947950283e-07, 1.53952555593e-07, 2.13560852558e-07, 3.49312188064e-08, 4.12150535922e-10]
    },
    "erbbands": {
        "dmean": [0.607397198677, 3.07339739799, 6.76958036423, 7.54744100571, 9.31845188141, 13.8483228683, 10.2781915665, 6.6644949913, 11.8696537018, 29.688243866, 17.1223487854, 13.9053297043, 9.10058116913, 11.9945726395, 8.75060176849, 6.34698057175, 7.87922430038, 7.74178552628, 9.20731830597, 9.07161998749, 9.94031333923, 7.67949151993, 7.68840312958, 13.5564908981, 9.57653427124, 9.26119232178, 9.34990596771, 7.68079710007, 6.34432601929, 6.18847942352, 4.45093774796, 3.69981622696, 2.77619814873, 1.53776586056, 0.912360966206, 0.342516481876, 0.134902372956, 0.0326760038733, 0.00126823794562, 4.21883560193e-05],
        "dmean2": [0.627494990826, 3.98471951485, 11.4525814056, 13.791601181, 16.5904579163, 23.0330028534, 16.8955821991, 10.9226865768, 18.7305469513, 48.0215530396, 25.53241539, 20.9407081604, 14.4467086792, 19.2686157227, 13.8223590851, 10.5930967331, 13.4664049149, 12.643945694, 14.8830518723, 14.5965366364, 15.810628891, 11.5293331146, 12.4152669907, 23.2608528137, 16.3407669067, 15.8455038071, 16.1532173157, 12.6020774841, 10.8036556244, 10.4286355972, 7.2607626915, 5.85398674011, 4.484395504, 2.44840359688, 1.42073357105, 0.568667531013, 0.235540673137, 0.0577771551907, 0.00228125299327, 6.51766531519e-05],
        "dvar": [1.34892380238, 41.4454345703, 264.083862305, 367.705718994, 461.268280029, 432.376800537, 316.526275635, 181.137878418, 238.415512085, 2549.67431641, 733.897277832, 693.38659668, 526.257263184, 459.606506348, 193.27897644, 129.432647705, 638.195983887, 284.622650146, 394.534057617, 477.837615967, 746.829589844, 292.03503418, 150.492416382, 522.182800293, 203.106933594, 201.650863647, 206.402481079, 119.974395752, 102.798545837, 97.1642837524, 91.5383834839, 55.698474884, 25.0242652893, 20.5836734772, 7.83860635757, 1.07999694347, 0.159571051598, 0.00499765202403, 9.77244508249e-06, 4.93970775395e-09],
        "dvar2": [1.59588086605, 88.0280456543, 705.821105957, 1047.7532959, 1315.59448242, 1185.4642334, 800.587097168, 440.936248779, 527.765014648, 6103.84960938, 1574.10778809, 1463.32373047, 1250.29272461, 1002.44763184, 463.052856445, 305.925292969, 1736.19519043, 656.881225586, 968.856689453, 1086.57678223, 1766.82470703, 511.207977295, 365.854797363, 1371.21789551, 518.907409668, 530.365539551, 547.416442871, 284.894042969, 248.943328857, 236.873916626, 216.619293213, 122.925880432, 54.835609436, 45.8082923889, 15.8104276657, 2.6143682003, 0.453287124634, 0.0137255070731, 2.71167973551e-05, 1.26130652589e-08],
        "max": [10.3867254257, 55.9319763184, 136.367996216, 161.006607056, 182.642105103, 250.293167114, 190.275161743, 184.463760376, 172.900543213, 770.489074707, 426.910888672, 515.416259766, 418.66317749, 421.138214111, 156.299087524, 170.153762817, 502.711334229, 265.903106689, 268.209869385, 484.875518799, 472.850769043, 516.75994873, 212.791000366, 214.034881592, 125.775009155, 136.173141479, 122.659088135, 148.468551636, 93.7115631104, 102.546669006, 147.190322876, 144.608551025, 67.8038024902, 87.8725814819, 52.7936058044, 17.7319564819, 9.10356521606, 0.947400271893, 0.037227101624, 0.000975624483544],
        "mean": [1.61727941036, 6.32050418854, 7.40454387665, 9.9612197876, 14.4101352692, 32.6326446533, 20.0432491302, 11.6590614319, 22.6322154999, 60.3591194153, 33.2450561523, 26.5657482147, 14.3377094269, 20.4580955505, 12.5442705154, 8.31336021423, 9.46488380432, 11.1481685638, 11.9157896042, 10.7967424393, 14.2600135803, 11.9359273911, 10.6219062805, 15.590880394, 10.4346418381, 9.92987060547, 10.3941984177, 8.75967502594, 5.93512868881, 6.38615608215, 5.65224838257, 4.66281461716, 3.69919228554, 1.9635078907, 1.08159649372, 0.381491810083, 0.123767673969, 0.0254760142416, 0.00092687481083, 9.91308697849e-05],
        "median": [0.308091521263, 1.46691977978, 2.42007780075, 4.98866653442, 10.3825941086, 21.2311840057, 10.7024068832, 4.38417863846, 15.2699661255, 29.1718063354, 16.7167167664, 17.000082016, 6.05083560944, 7.10190153122, 3.45974993706, 3.20379853249, 2.16452980042, 1.88966369629, 2.09281015396, 2.23271656036, 2.1176378727, 2.28993153572, 3.52921247482, 5.64593458176, 3.9595220089, 4.13893318176, 4.30454540253, 3.18273711205, 2.02009749413, 2.49310612679, 2.7262160778, 2.30240488052, 1.48437297344, 0.569981813431, 0.340815365314, 0.136358365417, 0.039198666811, 0.00628122594208, 0.000180335249752, 7.1232461778e-05],
        "min": [3.10379632944e-21, 8.5422101753e-21, 5.70448307341e-21, 6.10054102811e-20, 2.27623509264e-19, 3.95585324377e-19, 3.26398128485e-19, 8.6328451305e-19, 6.54462302122e-19, 4.21968999647e-19, 2.24940704043e-18, 3.20685474419e-18, 1.09660233365e-18, 2.43560746427e-18, 1.67856763176e-18, 2.51087759129e-18, 3.56768995254e-18, 8.20361831892e-18, 7.95417207903e-18, 7.56897640164e-18, 9.52376466214e-18, 9.81761643885e-18, 7.88553015026e-18, 1.57787745869e-17, 1.09009914307e-17, 1.180287307e-17, 1.90245585187e-17, 1.80542326468e-17, 1.28974092099e-17, 1.89162276369e-17, 2.11911943515e-17, 2.51467836213e-17, 1.39477110394e-17, 1.25146876297e-17, 8.3649127481e-18, 5.36734172992e-18, 3.48150931324e-18, 1.2525735454e-18, 3.42820455379e-19, 3.48236446289e-20],
        "stdev": [2.57444500923, 9.95104026794, 14.6296339035, 16.0395736694, 18.2899227142, 32.2992553711, 26.2606582642, 20.8726425171, 22.9085960388, 81.1637802124, 43.9809036255, 37.3138694763, 27.5229129791, 42.105884552, 20.530960083, 15.6707344055, 26.3694610596, 28.2115592957, 26.6540489197, 27.2217159271, 41.891242981, 30.4610347748, 17.6013088226, 23.2057189941, 15.094329834, 14.3633861542, 14.9377164841, 13.5826597214, 10.3636980057, 10.4070091248, 11.2646503448, 9.14052772522, 6.554022789, 5.35368394852, 3.28782105446, 1.07523989677, 0.33161008358, 0.0589996501803, 0.00251358677633, 9.22798062675e-05],
        "var": [6.62776708603, 99.0231933594, 214.026199341, 257.267913818, 334.52130127, 1043.24182129, 689.622192383, 435.667236328, 524.803771973, 6587.55908203, 1934.31982422, 1392.3248291, 757.510742188, 1772.90539551, 421.520355225, 245.571929932, 695.348449707, 795.892028809, 710.438354492, 741.021789551, 1754.8762207, 927.874694824, 309.806060791, 538.505371094, 227.838790894, 206.306869507, 223.135360718, 184.488647461, 107.406227112, 108.305839539, 126.892349243, 83.5492477417, 42.9552154541, 28.6619300842, 10.8097667694, 1.15614080429, 0.109965242445, 0.00348095875233, 6.31811826679e-06, 8.51556247738e-09]
    },
    "gfcc": {
        "mean": [17.5875015259, 83.3660888672, -71.8896636963, 39.5489501953, -71.0578918457, 11.4054059982, -34.8885879517, 16.7785453796, -23.4833183289, 4.71508598328, -16.5988674164, -2.22246789932, -15.2488698959],
        "cov": [[4321.11132812, -744.571166992, -641.073974609, 150.466094971, -69.9275817871, 60.9677391052, -213.814453125, 111.394882202, -114.017921448, -4.70823764801, -171.564682007, 50.3835525513, 50.3388671875], [-744.571166992, 997.861450195, 532.176452637, 47.8575019836, 136.391815186, 96.1703720093, 303.489440918, 10.9147434235, 79.6861419678, -10.4133386612, 187.622955322, 16.5771102905, 90.1938705444], [-641.073974609, 532.176452637, 1103.61572266, 270.49230957, 107.441116333, 137.6456604, 376.533752441, 46.4384880066, 151.337249756, 113.813949585, 145.486831665, 118.473236084, 77.2090377808], [150.466094971, 47.8575019836, 270.49230957, 321.03338623, 65.4098739624, 26.3310966492, 100.452484131, 52.0106430054, 86.3736419678, 25.6758785248, 14.5955247879, 50.1618080139, 43.7948875427], [-69.9275817871, 136.391815186, 107.441116333, 65.4098739624, 197.056533813, 43.3130607605, 90.2204818726, 25.1399440765, 64.467338562, 39.7246780396, 33.1330490112, 25.2066612244, 22.743188858], [60.9677391052, 96.1703720093, 137.6456604, 26.3310966492, 43.3130607605, 176.731750488, 147.146987915, 20.0895366669, 5.26453542709, 35.0575942993, 75.9465789795, 10.880153656, 27.6493301392], [-213.814453125, 303.489440918, 376.533752441, 100.452484131, 90.2204818726, 147.146987915, 337.426239014, 58.1637840271, 71.8201980591, 49.221988678, 132.985244751, 68.3150787354, 39.6409301758], [111.394882202, 10.9147434235, 46.4384880066, 52.0106430054, 25.1399440765, 20.0895366669, 58.1637840271, 122.880989075, 58.9929122925, 14.7734117508, 30.4465274811, 28.8859596252, 38.5173377991], [-114.017921448, 79.6861419678, 151.337249756, 86.3736419678, 64.467338562, 5.26453542709, 71.8201980591, 58.9929122925, 160.405197144, 42.6969871521, 16.3756961823, 36.4037094116, 17.7638645172], [-4.70823764801, -10.4133386612, 113.813949585, 25.6758785248, 39.7246780396, 35.0575942993, 49.221988678, 14.7734117508, 42.6969871521, 109.171394348, 45.7492141724, 13.4228982925, 15.108830452], [-171.564682007, 187.622955322, 145.486831665, 14.5955247879, 33.1330490112, 75.9465789795, 132.985244751, 30.4465274811, 16.3756961823, 45.7492141724, 136.759216309, 30.3614425659, 33.911239624], [50.3835525513, 16.5771102905, 118.473236084, 50.1618080139, 25.2066612244, 10.880153656, 68.3150787354, 28.8859596252, 36.4037094116, 13.4228982925, 30.3614425659, 84.6852722168, 34.3851661682], [50.3388671875, 90.1938705444, 77.2090377808, 43.7948875427, 22.743188858, 27.6493301392, 39.6409301758, 38.5173377991, 17.7638645172, 15.108830452, 33.911239624, 34.3851661682, 122.025527954]],
        "icov": [[0.000370349996956, -0.000101497331343, 0.000355081341695, -0.000425770675065, 0.000180197777809, -0.000640827114694, 0.000194027554244, -0.000504545052536, 0.000514078477863, -0.000590413517784, 0.000814539496787, -0.000848268042319, 6.91595196258e-05], [-0.000101497331343, 0.00329182296991, -0.00149233569391, 0.00115474825725, -0.00169309112243, 0.00187085568905, -0.00152008899022, 0.00171292666346, -0.00166960596107, 0.00432696659118, -0.00433008512482, 0.00424432894215, -0.00230201543309], [0.000355081341695, -0.00149233569391, 0.00285642943345, -0.00178993551526, 0.00130696245469, -0.00108913611621, -0.00100715691224, -6.20860009803e-05, 0.000507261313032, -0.00330034829676, 0.00250036991201, -0.00313138309866, 0.00066391332075], [-0.000425770675065, 0.00115474825725, -0.00178993551526, 0.0054099787958, -0.00137863773853, 0.00123857497238, -0.000830078264698, 0.000124946847791, -0.00198593176901, 0.00230286014266, -0.000889075396117, 0.00161530263722, -0.00148457300384], [0.000180197777809, -0.00169309112243, 0.00130696245469, -0.00137863773853, 0.00755348429084, -0.00167359260377, -0.000566954025999, -0.000332918629283, -0.000928095483687, -0.00368026806973, 0.00277467723936, -0.00252049090341, 0.000635526317637], [-0.000640827114694, 0.00187085568905, -0.00108913611621, 0.00123857497238, -0.00167359260377, 0.0123583767563, -0.00580156128854, 0.00163973192684, 0.000170851271832, 0.00157105992548, -0.00481528881937, 0.00631892774254, -0.00265687820502], [0.000194027554244, -0.00152008899022, -0.00100715691224, -0.000830078264698, -0.000566954025999, -0.00580156128854, 0.0105970939621, -0.00228296592832, -0.000137525436003, 5.00597816426e-05, -0.00254321773537, -0.00494301086292, 0.00279044616036], [-0.000504545052536, 0.00171292666346, -6.20860009803e-05, 0.000124946847791, -0.000332918629283, 0.00163973192684, -0.00228296592832, 0.0133418692276, -0.00550919957459, 0.00329206255265, -0.00448667537421, 0.00215884041972, -0.00380980828777], [0.000514078477863, -0.00166960596107, 0.000507261313032, -0.00198593176901, -0.000928095483687, 0.000170851271832, -0.000137525436003, -0.00550919957459, 0.0122285597026, -0.00574464909732, 0.00498319696635, -0.00424256781116, 0.00207347841933], [-0.000590413517784, 0.00432696659118, -0.00330034829676, 0.00230286014266, -0.00368026806973, 0.00157105992548, 5.00597816426e-05, 0.00329206255265, -0.00574464909732, 0.0190897770226, -0.0106885246933, 0.00695516634732, -0.00293525471352], [0.000814539496787, -0.00433008512482, 0.00250036991201, -0.000889075396117, 0.00277467723936, -0.00481528881937, -0.00254321773537, -0.00448667537421, 0.00498319696635, -0.0106885246933, 0.0216152649373, -0.00793674588203, 0.001245402731], [-0.000848268042319, 0.00424432894215, -0.00313138309866, 0.00161530263722, -0.00252049090341, 0.00631892774254, -0.00494301086292, 0.00215884041972, -0.00424256781116, 0.00695516634732, -0.00793674588203, 0.0242142882198, -0.00628448324278], [6.91595196258e-05, -0.00230201543309, 0.00066391332075, -0.00148457300384, 0.000635526317637, -0.00265687820502, 0.00279044616036, -0.00380980828777, 0.00207347841933, -0.00293525471352, 0.001245402731, -0.00628448324278, 0.0122467223555]]
    },
    "melbands": {
        "dmean": [0.00432753004134, 0.00321596022695, 0.00130472145975, 0.000800897541922, 0.000399361277232, 0.000157985414262, 0.00021909509087, 0.000281968648778, 0.000154430934344, 8.19448541733e-05, 4.70274280815e-05, 4.83567928313e-05, 3.62120517821e-05, 1.680724381e-05, 1.98220168386e-05, 2.00416034204e-05, 1.45190160765e-05, 1.60453291755e-05, 1.55806374096e-05, 1.1763270777e-05, 1.22033343359e-05, 9.25822041609e-06, 6.80491530147e-06, 8.75075147633e-06, 1.17726858662e-05, 7.96902531874e-06, 6.50158744975e-06, 6.1366886257e-06, 5.60676426176e-06, 5.81639142183e-06, 4.24232530349e-06, 3.41388727065e-06, 3.84010445487e-06, 3.34189849127e-06, 2.62743355961e-06, 2.31198964684e-06, 2.26287534133e-06, 2.13100247493e-06, 1.55225939125e-06, 1.2601965409e-06],
        "dmean2": [0.00486609898508, 0.00475646136329, 0.00235290359706, 0.00137605960481, 0.000652637856547, 0.000257255713223, 0.000348173227394, 0.0004549639998, 0.000227704862482, 0.000125173130073, 7.46517107473e-05, 7.89072655607e-05, 5.65182708669e-05, 2.88227638521e-05, 3.25011642417e-05, 3.54187141056e-05, 2.36106352531e-05, 2.5907987947e-05, 2.61475852312e-05, 1.91446906683e-05, 1.93519554159e-05, 1.41755408549e-05, 1.12024927148e-05, 1.45851809066e-05, 2.02902865567e-05, 1.36814342113e-05, 1.11622512122e-05, 1.04796863525e-05, 9.70428573055e-06, 9.75129114522e-06, 7.05133834344e-06, 5.75635203859e-06, 6.75649516779e-06, 5.55453289053e-06, 4.31552007285e-06, 3.75661011276e-06, 3.62425794265e-06, 3.44342379321e-06, 2.47256048169e-06, 2.04891512112e-06],
        "dvar": [7.11766333552e-05, 4.30646141467e-05, 1.06581146611e-05, 1.91009621631e-06, 3.62837113244e-07, 9.02300385519e-08, 7.50106536884e-08, 2.21701938585e-07, 5.69012001961e-08, 2.34771775354e-08, 1.43332821168e-08, 7.56228679677e-09, 3.5218523653e-09, 1.02219621656e-09, 2.4846527058e-09, 4.15894962913e-09, 9.99794247392e-10, 1.46182588256e-09, 1.85991988477e-09, 4.18291151716e-10, 1.85564952293e-09, 7.45175754435e-10, 2.02041203212e-10, 2.63367383457e-10, 3.98018840109e-10, 1.59881871631e-10, 1.04505008813e-10, 8.68267333032e-11, 7.40329811344e-11, 7.95449608959e-11, 4.03983825559e-11, 2.9819244296e-11, 4.55790405418e-11, 2.87980143204e-11, 3.56275356439e-11, 2.68666321829e-11, 2.07554893411e-11, 1.48849110121e-11, 1.08367802579e-11, 2.0637087525e-11],
        "dvar2": [0.000100725534139, 0.000102416328446, 3.02064599964e-05, 5.39195116289e-06, 9.45224883253e-07, 2.23090708573e-07, 1.78862137545e-07, 5.31605905962e-07, 1.19111227548e-07, 4.98603967003e-08, 3.38697674351e-08, 1.72736029924e-08, 7.9741138137e-09, 2.55274423822e-09, 6.00040994669e-09, 1.16229683655e-08, 2.27315544166e-09, 3.51646201047e-09, 5.05113995075e-09, 9.55170387229e-10, 4.60425653159e-09, 1.64625202359e-09, 5.68719793481e-10, 6.67376487407e-10, 1.04298636394e-09, 4.18044293626e-10, 2.72678157831e-10, 2.27129176578e-10, 1.99134431167e-10, 1.91140547834e-10, 9.84490891587e-11, 7.02657446117e-11, 1.17336820815e-10, 6.78796116538e-11, 8.74090522185e-11, 5.98048277567e-11, 4.55259822896e-11, 3.39765680868e-11, 2.48680936954e-11, 4.81368590821e-11],
        "max": [0.0742809772491, 0.056697294116, 0.0260414164513, 0.0134500851855, 0.00620999792591, 0.00378073868342, 0.0031772851944, 0.00724237551913, 0.00290799955837, 0.00302112405188, 0.00206020567566, 0.00156391761266, 0.000937784847338, 0.000468825455755, 0.00103613594547, 0.00111753598321, 0.00052436144324, 0.000623948697466, 0.000726735161152, 0.000338392070262, 0.000756782363169, 0.000817231077235, 0.000294496392598, 0.000276855105767, 0.000186809294974, 0.000126455372083, 8.09342309367e-05, 9.98791729216e-05, 5.92925680394e-05, 0.000151235421072, 9.67244923231e-05, 6.62946913508e-05, 6.89843363944e-05, 5.84328809055e-05, 0.000100734883745, 9.88864121609e-05, 9.71607805695e-05, 4.96154061693e-05, 4.90078491566e-05, 9.41365287872e-05],
        "mean": [0.0121256774291, 0.0051696957089, 0.00178963306826, 0.0016996760387, 0.00086785008898, 0.000280299165752, 0.000430864922237, 0.000571428739931, 0.000282087479718, 0.0001606712176, 6.87965148245e-05, 8.04861629149e-05, 5.71978780499e-05, 1.87097139133e-05, 2.40917088377e-05, 2.2290938432e-05, 2.12716349779e-05, 2.07014836633e-05, 1.73084772541e-05, 1.31779133881e-05, 1.63599706866e-05, 1.28499405037e-05, 8.8660772235e-06, 1.0977671991e-05, 1.31220385811e-05, 8.30992030387e-06, 6.74784860166e-06, 6.48479408483e-06, 6.02562340646e-06, 6.7965515882e-06, 4.46608328275e-06, 3.18893194162e-06, 3.35418530995e-06, 3.62664582099e-06, 3.22507617057e-06, 3.06827359964e-06, 2.71226804216e-06, 2.73248269878e-06, 1.99922624233e-06, 1.53988730744e-06],
        "median": [0.00275431014597, 0.00199131038971, 0.000992290908471, 0.00131431908812, 0.000654996896628, 0.000102305704786, 0.000298240920529, 0.000302444590488, 0.000115707494842, 0.000107553125417, 2.3831074941e-05, 2.77146955341e-05, 1.64363063959e-05, 4.53784241472e-06, 9.69056327449e-06, 3.05116122945e-06, 3.14037720273e-06, 3.08777566715e-06, 2.67475775217e-06, 2.62927915173e-06, 2.00938893613e-06, 2.14036685975e-06, 2.66426627604e-06, 3.19852165376e-06, 4.7106477723e-06, 3.15659031003e-06, 2.10056873584e-06, 2.74201170214e-06, 2.50745438279e-06, 2.59784928858e-06, 1.50970845425e-06, 1.01842022104e-06, 1.07483970169e-06, 1.44159503179e-06, 1.50301252688e-06, 1.44514478961e-06, 1.33920866574e-06, 1.13211319785e-06, 6.07211575243e-07, 3.84837989031e-07],
        "min": [2.25259957238e-23, 5.83110085592e-24, 1.39735539089e-23, 2.45506451024e-23, 1.29056468691e-23, 1.79422973459e-23, 9.64579435201e-24, 6.21696585682e-24, 2.04591880407e-23, 1.88004139277e-23, 4.64102095557e-24, 9.75428402572e-24, 6.19304562202e-24, 5.15479146921e-24, 8.10333620175e-24, 8.31628525881e-24, 1.63944102549e-23, 1.40066261135e-23, 1.14243814482e-23, 9.33807785668e-24, 1.13568194559e-23, 1.08785512329e-23, 6.4950002773e-24, 8.34752493952e-24, 1.35375015773e-23, 8.95581479467e-24, 5.58890596409e-24, 9.01459676503e-24, 1.05890100928e-23, 1.16019067063e-23, 1.06335207805e-23, 6.76615149195e-24, 7.91694888023e-24, 1.19405307719e-23, 1.21581845954e-23, 1.46813072913e-23, 1.54000084854e-23, 1.04118003791e-23, 8.55567851113e-24, 1.09895692058e-23],
        "stdev": [0.0182002820075, 0.00799958687276, 0.00271532125771, 0.00159102387261, 0.000886329857167, 0.000466023746412, 0.00042196753202, 0.000745832163375, 0.000402360165026, 0.00022427503427, 0.000143490295159, 0.000164054566994, 9.62192862062e-05, 4.28494968219e-05, 5.49793767277e-05, 6.97805007803e-05, 5.60142943868e-05, 5.41791741853e-05, 4.7528425057e-05, 2.58383388427e-05, 5.60965745535e-05, 3.82551115763e-05, 1.71268438862e-05, 1.97473727894e-05, 1.98587767954e-05, 1.2821823475e-05, 1.05687422547e-05, 9.57766314968e-06, 8.6195905169e-06, 1.13102978503e-05, 7.35496860216e-06, 5.84598365094e-06, 6.1197119976e-06, 6.03325042903e-06, 6.71147927278e-06, 6.45798945698e-06, 5.42122870684e-06, 4.82690711578e-06, 4.21731510869e-06, 4.9895606935e-06],
        "var": [0.000331250281306, 6.39933932689e-05, 7.37296977604e-06, 2.53135681305e-06, 7.85580652973e-07, 2.1717814036e-07, 1.78056609457e-07, 5.56265604246e-07, 1.61893709105e-07, 5.02992918427e-08, 2.05894643557e-08, 2.69138986653e-08, 9.25815069053e-09, 1.83607951065e-09, 3.02273206465e-09, 4.86931872601e-09, 3.13760128989e-09, 2.93538304774e-09, 2.25895102623e-09, 6.67619737271e-10, 3.14682568892e-09, 1.46345346952e-09, 2.93328777934e-10, 3.89958704217e-10, 3.94371035828e-10, 1.64399147073e-10, 1.11698317262e-10, 9.17316361759e-11, 7.42973391143e-11, 1.27922838988e-10, 5.40955648332e-11, 3.41755235223e-11, 3.74508757339e-11, 3.64001086217e-11, 4.50439546773e-11, 4.1705628534e-11, 2.93897198245e-11, 2.32990311072e-11, 1.77857468336e-11, 2.4895717432e-11]
    },
    "melbands128": {
