{
"lowlevel": {
    "average_loudness": 0.98301756382,
    "barkbands_crest": {
        "dmean": 2.44101643562,
        "dmean2": 4.21499538422,
        "dvar": 6.83906126022,
        "dvar2": 18.2670993805,
        "max": 20.6787185669,
        "mean": 7.27502441406,
        "median": 6.59636259079,
        "min": 2.49940562248,
        "stdev": 2.90090632439,
        "var": 8.41525745392
    },
    "barkbands_flatness_db": {
        "dmean": 0.0165555886924,
        "dmean2": 0.0273926816881,
        "dvar": 0.000349781068508,
        "dvar2": 0.000886620546225,
        "max": 0.227268353105,
        "mean": 0.0696645379066,
        "median": 0.0610352531075,
        "min": 0.0160533413291,
        "stdev": 0.0322692990303,
        "var": 0.00104130757973
    },
    "barkbands_kurtosis": {
        "dmean": 1.71204614639,
        "dmean2": 2.92001438141,
        "dvar": 8.89912605286,
        "dvar2": 24.0099067688,
        "max": 29.204914093,
        "mean": 1.50537240505,
        "median": 0.57768368721,
        "min": -1.71158874035,
        "stdev": 3.09870767593,
        "var": 9.60198879242
    },
    "barkbands_skewness": {
        "dmean": 0.450020700693,
        "dmean2": 0.732683479786,
        "dvar": 0.297609776258,
        "dvar2": 0.753101825714,
        "max": 5.08043241501,
        "mean": 1.26162338257,
        "median": 1.11821436882,
        "min": -1.72419190407,
        "stdev": 0.744792759418,
        "var": 0.554716229439
    },
    "barkbands_spread": {
        "dmean": 6.55596923828,
        "dmean2": 10.4709644318,
        "dvar": 54.9282073975,
        "dvar2": 130.359771729,
        "max": 83.0083007812,
        "mean": 33.7170295715,
        "median": 33.5203552246,
        "min": 6.01490592957,
        "stdev": 12.3958854675,
        "var": 153.657974243
    },
    "dissonance": {
        "dmean": 0.0123762739822,
        "dmean2": 0.0206228997558,
        "dvar": 0.000274445425021,
        "dvar2": 0.000659492099658,
        "max": 0.49968534708,
        "mean": 0.478151619434,
        "median": 0.480572909117,
        "min": 0.138531759381,
        "stdev": 0.0170091893524,
        "var": 0.000289312534733
    },
    "dynamic_complexity": 0.89989221096,
    "erbbands_crest": {
        "dmean": 2.30160164833,
        "dmean2": 3.79340338707,
        "dvar": 5.38038635254,
        "dvar2": 14.2187452316,
        "max": 23.489025116,
        "mean": 7.10457897186,
        "median": 6.09137773514,
        "min": 2.41593265533,
        "stdev": 3.60511541367,
        "var": 12.9968566895
    },
    "erbbands_flatness_db": {
        "dmean": 0.0119791589677,
        "dmean2": 0.0184808634222,
        "dvar": 0.000114977847261,
        "dvar2": 0.000267813709797,
        "max": 0.209701225162,
        "mean": 0.101895809174,
        "median": 0.100071541965,
        "min": 0.0394198559225,
        "stdev": 0.0251058991998,
        "var": 0.000630306196399
    },
    "erbbands_kurtosis": {
        "dmean": 0.496792346239,
        "dmean2": 0.803531825542,
        "dvar": 0.291952639818,
        "dvar2": 0.736752569675,
        "max": 4.83954763412,
        "mean": -0.135588601232,
        "median": -0.390335798264,
        "min": -1.52505791187,
        "stdev": 0.92367464304,
        "var": 0.853174805641
    },
    "erbbands_skewness": {
        "dmean": 0.25358748436,
        "dmean2": 0.397685080767,
        "dvar": 0.0491839647293,
        "dvar2": 0.121142908931,
        "max": 1.77998900414,
        "mean": 0.0918760895729,
        "median": 0.0806077495217,
        "min": -1.38096356392,
        "stdev": 0.46238848567,
        "var": 0.213803112507
    },
    "erbbands_spread": {
        "dmean": 7.41359758377,
        "dmean2": 11.6321554184,
        "dvar": 48.3212814331,
        "dvar2": 106.676895142,
        "max": 102.929077148,
        "mean": 46.6312980652,
        "median": 43.94688797,
        "min": 16.8938045502,
        "stdev": 15.7531814575,
        "var": 248.162719727
    },
    "hfc": {
        "dmean": 7.39310264587,
        "dmean2": 11.7892971039,
        "dvar": 65.0762939453,
        "dvar2": 148.388412476,
        "max": 104.455024719,
        "mean": 47.0892181396,
        "median": 48.2983779907,
        "min": 1.14535093679e-16,
        "stdev": 16.6347389221,
        "var": 276.714569092
    },
    "loudness_ebu128": {
        "integrated": -5.81445980072,
        "loudness_range": 1.36845207214,
        "momentary": {
            "dmean": 0.139884516597,
            "dmean2": 0.135697409511,
            "dvar": 0.0114080356434,
            "dvar2": 0.0114891948178,
            "max": -4.81287097931,
            "mean": -5.85741138458,
            "median": -5.63208627701,
            "min": -7.80332279205,
            "stdev": 0.623908519745,
            "var": 0.389261811972
        },
        "short_term": {
            "dmean": 0.0239586252719,
            "dmean2": 0.0234346576035,
            "dvar": 0.000349361507688,
            "dvar2": 0.000312574178679,
            "max": -5.27026987076,
            "mean": -5.83047914505,
            "median": -5.56013250351,
            "min": -6.85692882538,
            "stdev": 0.512111961842,
            "var": 0.262258648872
        }
    },
    "melbands_crest": {
        "dmean": 2.88203954697,
        "dmean2": 4.85888147354,
        "dvar": 8.18782520294,
        "dvar2": 20.4094715118,
        "max": 25.9105472565,
        "mean": 11.3993358612,
        "median": 10.7583045959,
        "min": 3.02424144745,
        "stdev": 3.6773018837,
        "var": 13.5225496292
    },
    "melbands_flatness_db": {
        "dmean": 0.022997200489,
        "dmean2": 0.0377855561674,
        "dvar": 0.000749372702558,
        "dvar2": 0.00184718961827,
        "max": 0.331658959389,
        "mean": 0.143973708153,
        "median": 0.133522361517,
        "min": 0.00595187535509,
        "stdev": 0.0429776124656,
        "var": 0.00184707518201
    },
    "melbands_kurtosis": {
        "dmean": 5.65348100662,
        "dmean2": 9.68217086792,
        "dvar": 118.580558777,
        "dvar2": 323.138641357,
        "max": 96.8396148682,
        "mean": 9.08521080017,
        "median": 6.00226974487,
        "min": -1.08143603802,
        "stdev": 10.7394647598,
        "var": 115.336097717
    },
    "melbands_skewness": {
        "dmean": 0.682574391365,
        "dmean2": 1.1261382103,
        "dvar": 0.797584831715,
        "dvar2": 2.01782464981,
        "max": 8.6179933548,
        "mean": 2.45076465607,
        "median": 2.24580097198,
        "min": 0.209293395281,
        "stdev": 1.19581782818,
        "var": 1.42998039722
    },
    "melbands_spread": {
        "dmean": 7.82453107834,
        "dmean2": 12.323431015,
        "dvar": 68.4715652466,
        "dvar2": 156.631454468,
        "max": 127.977386475,
        "mean": 30.6048622131,
        "median": 30.1557178497,
        "min": 3.81926417351,
        "stdev": 13.6355419159,
        "var": 185.928009033
    },
    "pitch_salience": {
        "dmean": 0.071551091969,
        "dmean2": 0.121028080583,
        "dvar": 0.00506833661348,
        "dvar2": 0.0145683847368,
        "max": 0.903531014919,
        "mean": 0.609177112579,
        "median": 0.614908337593,
        "min": 0.272402942181,
        "stdev": 0.0867435857654,
        "var": 0.00752444984391
    },
    "silence_rate_20dB": {
        "dmean": 0,
        "dmean2": 0,
        "dvar": 0,
        "dvar2": 0,
        "max": 1,
        "mean": 1,
        "median": 1,
        "min": 1,
        "stdev": 0,
        "var": 0
    },
    "silence_rate_30dB": {
        "dmean": 0,
        "dmean2": 0,
        "dvar": 0,
        "dvar2": 0,
        "max": 1,
        "mean": 1,
        "median": 1,
        "min": 1,
        "stdev": 0,
        "var": 0
    },
    "silence_rate_60dB": {
        "dmean": 0.000773993786424,
        "dmean2": 0.00154918665066,
        "dvar": 0.000773391744588,
        "dvar2": 0.00154677091632,
        "max": 1,
        "mean": 0.00154679035768,
        "median": 0,
        "min": 0,
        "stdev": 0.0392987206578,
        "var": 0.00154438940808
    },
    "spectral_centroid": {
        "dmean": 232.84387207,
        "dmean2": 372.975646973,
        "dvar": 98905.5,
        "dvar2": 162936.25,
        "max": 10489.1826172,
        "mean": 1541.31445312,
        "median": 1539.40771484,
        "min": 488.331085205,
        "stdev": 464.091461182,
        "var": 215380.890625
    },
    "spectral_complexity": {
        "dmean": 4.04102182388,
        "dmean2": 6.76065063477,
        "dvar": 12.7561798096,
        "dvar2": 31.3299980164,
        "max": 53,
        "mean": 34.6426925659,
        "median": 35,
        "min": 0,
        "stdev": 6.70302295685,
        "var": 44.930519104
    },
    "spectral_decrease": {
        "dmean": 3.3080336248e-09,
        "dmean2": 5.54283463572e-09,
        "dvar": 2.02186020047e-17,
        "dvar2": 5.15087451932e-17,
        "max": -4.15904721954e-29,
        "mean": -1.08127062859e-08,
        "median": -9.75217151478e-09,
        "min": -3.46360558012e-08,
        "stdev": 4.65496619029e-09,
        "var": 2.16687091755e-17
    },
    "spectral_energy": {
        "dmean": 0.012632953003,
        "dmean2": 0.0211803112179,
        "dvar": 0.00028803490568,
        "dvar2": 0.000733895343728,
        "max": 0.135701104999,
        "mean": 0.0450807623565,
        "median": 0.0411348640919,
        "min": 1.05456416189e-20,
        "stdev": 0.0177251379937,
        "var": 0.000314180506393
    },
    "spectral_energyband_high": {
        "dmean": 0.000600067724008,
        "dmean2": 0.000892145617399,
        "dvar": 7.48419438423e-07,
        "dvar2": 1.35756783948e-06,
        "max": 0.0110963098705,
        "mean": 0.00257289875299,
        "median": 0.00232009449974,
        "min": 7.51075876451e-21,
        "stdev": 0.00168661773205,
        "var": 2.8446795568e-06
    },
    "spectral_energyband_low": {
        "dmean": 0.0101649062708,
        "dmean2": 0.0176476985216,
        "dvar": 0.000323911081068,
        "dvar2": 0.000841178698465,
        "max": 0.110962979496,
        "mean": 0.0149378916249,
        "median": 0.0102027729154,
        "min": 9.67372681226e-23,
        "stdev": 0.0165838375688,
        "var": 0.000275023659924
    },
    "spectral_energyband_middle_high": {
        "dmean": 0.00274133426137,
        "dmean2": 0.00436103856191,
        "dvar": 9.16299995879e-06,
        "dvar2": 2.19633839151e-05,
        "max": 0.0424798056483,
        "mean": 0.0105012673885,
        "median": 0.00916097033769,
        "min": 1.77895025616e-21,
        "stdev": 0.0063620400615,
        "var": 4.04755519412e-05
    },
    "spectral_energyband_middle_low": {
        "dmean": 0.00640060380101,
        "dmean2": 0.0109560349956,
        "dvar": 5.56634659006e-05,
        "dvar2": 0.000157795977429,
        "max": 0.0831931307912,
        "mean": 0.0200131740421,
        "median": 0.0185686908662,
        "min": 2.94950927277e-22,
        "stdev": 0.00892989803106,
        "var": 7.97430839157e-05
    },
    "spectral_entropy": {
        "dmean": 0.0913793742657,
        "dmean2": 0.140510961413,
        "dvar": 0.009935320355,
        "dvar2": 0.019992923364,
        "max": 9.79047679901,
        "mean": 7.99413394928,
        "median": 8.01490211487,
        "min": 7.03622627258,
        "stdev": 0.240040481091,
        "var": 0.0576194301248
    },
    "spectral_flux": {
        "dmean": 0.0295849554241,
        "dmean2": 0.0440965145826,
        "dvar": 0.00121453823522,
        "dvar2": 0.00201126351021,
        "max": 0.315978080034,
        "mean": 0.118509031832,
        "median": 0.104229658842,
        "min": 1.02691972981e-10,
        "stdev": 0.0486000366509,
        "var": 0.00236196373589
    },
    "spectral_kurtosis": {
        "dmean": 0.702053368092,
        "dmean2": 1.12763631344,
        "dvar": 0.87253934145,
        "dvar2": 2.31635212898,
        "max": 17.7081565857,
        "mean": 3.43398356438,
        "median": 3.38219404221,
        "min": -1.22135269642,
        "stdev": 1.50262582302,
        "var": 2.25788450241
    },
    "spectral_rms": {
        "dmean": 0.000863503490109,
        "dmean2": 0.00142451422289,
        "dvar": 1.06680442968e-06,
        "dvar2": 2.64183063337e-06,
        "max": 0.0115061420947,
        "mean": 0.00652313884348,
        "median": 0.00633494881913,
        "min": 3.20755835087e-12,
        "stdev": 0.00119578302838,
        "var": 1.42989711094e-06
    },
    "spectral_rolloff": {
        "dmean": 658.781188965,
        "dmean2": 1076.42810059,
        "dvar": 1200106.25,
        "dvar2": 2461423.25,
        "max": 18066.3574219,
        "mean": 1993.69665527,
        "median": 1873.38867188,
        "min": 129.19921875,
        "stdev": 1466.31738281,
        "var": 2150086.75
    },
    "spectral_skewness": {
        "dmean": 0.121380537748,
        "dmean2": 0.188660934567,
        "dvar": 0.0187336262316,
        "dvar2": 0.0401657558978,
        "max": 2.58392429352,
        "mean": 1.52109777927,
        "median": 1.56010723114,
        "min": 0.0449896417558,
        "stdev": 0.261853694916,
        "var": 0.0685673579574
    },
    "spectral_spread": {
        "dmean": 484154.25,
        "dmean2": 723320.4375,
        "dvar": 850598428672,
        "dvar2": 1.19440710042e+12,
        "max": 40624084,
        "mean": 6040812.5,
        "median": 6042912,
        "min": 2380410.75,
        "stdev": 1727032,
        "var": 2.98263956685e+12
    },
    "spectral_strongpeak": {
        "dmean": 0.845431745052,
        "dmean2": 1.50360953808,
        "dvar": 1.90696036816,
        "dvar2": 4.77341508865,
        "max": 9.52102088928,
        "mean": 1.19380748272,
        "median": 0.583204746246,
        "min": 0,
        "stdev": 1.57126784325,
        "var": 2.46888256073
    },
    "zerocrossingrate": {
        "dmean": 0.0128608448431,
        "dmean2": 0.015751702711,
        "dvar": 0.000317115191137,
        "dvar2": 0.000407918298151,
        "max": 0.48486328125,
        "mean": 0.0931843072176,
        "median": 0.09423828125,
        "min": 0.0126953125,
        "stdev": 0.0332961380482,
        "var": 0.00110863288864
    },
    "barkbands": {
        "dmean": [0.000222791742999, 0.00671894615516, 0.00422984035686, 0.00235285423696, 0.00336914276704, 0.00117713783402, 0.000991372391582, 0.00186991784722, 0.000926467124373, 0.00106891384348, 0.000381175108487, 0.000637047865894, 0.000541684683412, 0.000681230099872, 0.000717551796697, 0.000516878149938, 0.000505481089931, 0.000291456177365, 0.000207918026717, 0.000181804483873, 0.000159421964781, 0.000144057630678, 0.000131480206619, 0.000141865195474, 0.000130008062115, 0.000100659985037, 3.31186420226e-05],
        "dmean2": [0.000321459781844, 0.0118271000683, 0.0076701217331, 0.00407410040498, 0.00585164129734, 0.00201432500035, 0.00166126259137, 0.0030292798765, 0.00149929837789, 0.00167050992604, 0.00062531477306, 0.0010263833683, 0.000874061137438, 0.00112189701758, 0.00114688288886, 0.000829525641166, 0.000825320603326, 0.000499974819832, 0.00035292992834, 0.000308168644551, 0.000268862553639, 0.000231250858633, 0.000207454286283, 0.000215454419958, 0.000193384112208, 0.000154309906065, 5.10490572196e-05],
        "dvar": [8.77990657955e-08, 0.000178254791535, 5.57509192731e-05, 7.65735239838e-06, 1.92210627574e-05, 2.76203172689e-06, 2.92113350042e-06, 6.81405117575e-06, 2.84130260297e-06, 4.6671666496e-06, 3.00774019024e-07, 1.75449338258e-06, 1.06280333512e-06, 1.76368166649e-06, 1.53036478423e-06, 5.03153444242e-07, 3.71609388594e-07, 8.73780834354e-08, 4.88095217577e-08, 4.50620767367e-08, 3.70385215831e-08, 4.34877662769e-08, 5.15137337231e-08, 7.53641486995e-08, 5.94643054797e-08, 1.52445380763e-08, 1.81613646344e-09],
        "dvar2": [1.58346665557e-07, 0.000474249594845, 0.000157534741447, 2.14392694033e-05, 5.46387418581e-05, 8.03822149464e-06, 7.70921724325e-06, 1.7297688828e-05, 7.38939525036e-06, 1.04516757347e-05, 7.53734809678e-07, 3.80950291401e-06, 2.51194887824e-06, 4.54928567706e-06, 3.84309805668e-06, 1.25059239053e-06, 9.29448845e-07, 2.41253388822e-07, 1.34170917931e-07, 1.1786777776e-07, 9.44883211673e-08, 9.10256687803e-08, 1.06391588872e-07, 1.41920935448e-07, 1.32496793981e-07, 3.23366649013e-08, 4.12530720695e-09],
        "max": [0.00225000292994, 0.0831500142813, 0.0579803772271, 0.0241831541061, 0.0454302690923, 0.014649852179, 0.0216759312898, 0.028157396242, 0.0268896818161, 0.0330004245043, 0.00885574892163, 0.0189515631646, 0.0145794795826, 0.0195340514183, 0.0179003663361, 0.0106993298978, 0.0082242321223, 0.00319072720595, 0.00288918009028, 0.00320273684338, 0.00267880735919, 0.00339016597718, 0.00375283416361, 0.00498153455555, 0.00398842385039, 0.00133514625486, 0.000510377052706],
        "mean": [0.000370470777852, 0.00666193058714, 0.00533884530887, 0.00492379115894, 0.0065455683507, 0.00182718574069, 0.00143829942681, 0.00299850897864, 0.00157166924328, 0.00204707379453, 0.000669901375659, 0.00119954219554, 0.000959227385465, 0.00113768165465, 0.00127295474522, 0.00107482820749, 0.00108242512215, 0.000678513839375, 0.00049466395285, 0.000437729700934, 0.000411406741478, 0.000371471629478, 0.000354075018549, 0.000401102792239, 0.000402577687055, 0.000341877836036, 6.74550028634e-05],
        "median": [0.000170653045643, 0.0028536352329, 0.00375459855422, 0.00431422004476, 0.00516502233222, 0.0012795010116, 0.000912300194614, 0.00182700320147, 0.00100441009272, 0.000799141009338, 0.000412278983276, 0.000538122432772, 0.00046054951963, 0.000595514429733, 0.000560747168493, 0.000686088344082, 0.00083606003318, 0.000594724609982, 0.000427266437327, 0.000361502345186, 0.000328509748215, 0.000281204236671, 0.000269350042799, 0.000320056133205, 0.000353380019078, 0.000332807016093, 5.47711497347e-05],
        "min": [2.44509078404e-23, 4.04053924565e-23, 4.00776049732e-23, 7.13480197017e-24, 4.86712284827e-23, 3.1411652385e-23, 7.20947428128e-23, 7.44091155584e-23, 5.26267474555e-23, 6.52410940247e-23, 2.56018861934e-22, 1.11545840766e-22, 8.24264919538e-23, 1.31818897076e-22, 1.09877406262e-22, 1.45807294192e-22, 2.02017092055e-22, 2.2631154669e-22, 2.68157449646e-22, 3.15148947137e-22, 3.14190399096e-22, 4.9482687413e-22, 4.68968543771e-22, 8.78456924802e-22, 1.13555217166e-21, 1.97646567875e-21, 2.25945575814e-21],
        "stdev": [0.000443807686679, 0.0115656852722, 0.00634379312396, 0.00348421325907, 0.00522418925539, 0.00175204616971, 0.00181979080662, 0.00337172835134, 0.00197991728783, 0.00388759048656, 0.000886766472831, 0.00224638567306, 0.00158869265579, 0.00177062861621, 0.00196162820794, 0.00125213747378, 0.000906901143026, 0.000410911830841, 0.000310992065351, 0.000330839480739, 0.000297931022942, 0.000333825330017, 0.000368941226043, 0.000449412123999, 0.000366059248336, 0.000221496753511, 6.16561374045e-05],
        "var": [1.96965274313e-07, 0.000133765075589, 4.02437108278e-05, 1.21397415569e-05, 2.72921533906e-05, 3.06966558128e-06, 3.31163869305e-06, 1.13685518954e-05, 3.92007268601e-06, 1.51133599502e-05, 7.86354803495e-07, 5.04624858877e-06, 2.52394443123e-06, 3.13512555294e-06, 3.84798522646e-06, 1.56784824412e-06, 8.2246964439e-07, 1.68848544035e-07, 9.67160715959e-08, 1.09454759922e-07, 8.87629028057e-08, 1.1143934131e-07, 1.36117634497e-07, 2.01971261049e-07, 1.33999364493e-07, 4.90608087489e-08, 3.80147957557e-09]
    },
    "erbbands": {
        "dmean": [0.188697859645, 1.60682177544, 4.54274988174, 6.12229967117, 10.0712842941, 11.71671772, 13.8237018585, 9.59688091278, 11.0693416595, 26.4571819305, 34.3864173889, 21.318195343, 33.0757102966, 17.970741272, 17.365776062, 20.0425357819, 25.0481109619, 25.6536159515, 33.2336578369, 34.4797172546, 27.4228096008, 28.8971729279, 17.0901451111, 10.8190574646, 9.93614387512, 8.5738697052, 6.79274940491, 6.22933006287, 5.32489109039, 4.60467576981, 3.70084571838, 3.12343192101, 2.43714237213, 1.62013924122, 0.988213121891, 0.406785935163, 0.232065603137, 0.0661414340138, 0.00318763754331, 5.39740358363e-05],
        "dmean2": [0.319483101368, 2.89064002037, 8.29163169861, 10.788269043, 17.3996658325, 20.6389484406, 23.3322868347, 16.4534511566, 19.0938796997, 43.0311851501, 55.8842391968, 34.3688316345, 51.9556770325, 28.1672973633, 28.6706256866, 32.3982849121, 40.3131027222, 41.8441963196, 54.5364837646, 54.8980445862, 43.9874534607, 47.1860847473, 28.7871074677, 18.5888118744, 16.9390010834, 14.4662494659, 11.5478172302, 10.4523916245, 8.60768508911, 7.46133899689, 5.82030057907, 4.83239793777, 3.78036427498, 2.43341946602, 1.51932454109, 0.626144528389, 0.36450406909, 0.10180965811, 0.00489482749254, 8.2306600234e-05],
        "dvar": [0.11098985374, 11.4265041351, 74.2361602783, 69.4019775391, 157.345230103, 293.026824951, 371.228485107, 193.766296387, 369.347259521, 1888.36608887, 2620.04785156, 1870.44372559, 4463.53662109, 790.947387695, 832.368713379, 1767.03479004, 2233.79345703, 2680.70288086, 3647.68188477, 3967.17578125, 1435.45068359, 1365.98413086, 331.272796631, 120.319732666, 160.277008057, 96.5908355713, 67.4743881226, 63.6418037415, 65.3244552612, 43.1006278992, 53.4656715393, 42.6161651611, 18.008348465, 12.0777406693, 1.99440860748, 0.222546696663, 0.0864508897066, 0.00734467245638, 1.70883067767e-05, 4.41598846379e-09],
        "dvar2": [0.285494238138, 31.2436828613, 209.25440979, 194.478668213, 430.476959229, 826.942993164, 1003.86706543, 565.479614258, 1017.03479004, 5072.18945312, 6464.49902344, 4910.71826172, 10560.4892578, 1664.20568848, 1998.7902832, 4332.77587891, 5064.16943359, 7093.87451172, 9200.43164062, 10447.4658203, 3306.5480957, 3383.2409668, 911.487609863, 332.161132812, 441.375976562, 244.489929199, 182.702865601, 150.167190552, 143.279418945, 97.5506973267, 102.551704407, 77.5774536133, 37.6929588318, 26.7075424194, 4.25817966461, 0.502840578556, 0.186825543642, 0.0156779121608, 3.75106064894e-05, 9.05167940601e-09],
        "max": [1.98753988743, 21.2935600281, 63.5379714966, 70.8623352051, 113.86971283, 168.634185791, 247.248321533, 163.112365723, 287.623565674, 669.807495117, 584.150268555, 817.909179688, 1065.87695312, 476.374969482, 525.36541748, 645.39263916, 681.336181641, 777.905517578, 1152.34313965, 820.831787109, 619.644104004, 578.752319336, 289.916992188, 147.57043457, 220.750793457, 184.530380249, 93.5194015503, 127.460906982, 117.784667969, 119.996856689, 135.182220459, 96.5963592529, 74.061050415, 56.7380523682, 24.5985355377, 5.4639377594, 3.47945094109, 1.09564876556, 0.0496764108539, 0.000823719019536],
        "mean": [0.199067443609, 1.48859322071, 5.31723308563, 12.8068380356, 19.6656417847, 18.5466384888, 23.0523376465, 15.1489553452, 18.8206939697, 40.5591964722, 56.7356147766, 36.2043571472, 66.8615036011, 37.2289237976, 33.5456962585, 40.6655883789, 48.341884613, 48.2944564819, 61.7536811829, 68.6656036377, 62.4389915466, 64.6259460449, 40.9073066711, 27.3084793091, 23.5404682159, 21.2639656067, 17.1501045227, 16.1023139954, 13.4340772629, 11.9711580276, 9.71989822388, 8.17496299744, 6.6752448082, 4.53038263321, 2.9140188694, 1.40248703957, 0.670812129974, 0.165746808052, 0.00690897600725, 0.000187548910617],
        "median": [0.0862533822656, 0.622887372971, 3.4147734642, 10.2601852417, 14.1618938446, 13.2025556564, 14.6392221451, 10.0681648254, 13.1556787491, 23.2342281342, 36.6084938049, 24.8025169373, 28.3074512482, 22.5049972534, 19.4150085449, 20.481212616, 23.1133136749, 26.6467876434, 35.4772033691, 35.5445022583, 43.6781196594, 50.2060966492, 35.8360023499, 24.4899234772, 19.8337268829, 17.5934696198, 14.0364408493, 12.5213346481, 10.029127121, 9.45473194122, 7.12368345261, 5.87587308884, 5.52853488922, 3.59017515182, 2.64879727364, 1.37573218346, 0.622933804989, 0.14357316494, 0.00564507115632, 0.000171293504536],
        "min": [7.05674677107e-22, 1.09514956862e-20, 4.7638019717e-20, 3.56070169808e-20, 2.03857191779e-20, 1.95234076232e-19, 2.61457755407e-19, 2.77714258437e-19, 4.33804946086e-19, 1.746276294e-18, 1.79413158757e-18, 1.53437505834e-18, 9.93141064174e-19, 5.43303021032e-18, 9.77686704033e-18, 4.78717296471e-18, 3.78321475627e-18, 6.27679000389e-18, 6.62457767885e-18, 6.63415684393e-18, 8.00175812531e-18, 1.12757513975e-17, 1.10143424716e-17, 1.21117199769e-17, 1.75466283008e-17, 1.45928639407e-17, 1.16537059358e-17, 1.42333745552e-17, 1.67438660599e-17, 1.34063527613e-17, 1.43478447714e-17, 1.59841006673e-17, 1.64894980954e-17, 1.2466636708e-17, 8.75623700665e-18, 7.65011454793e-18, 3.77960659444e-18, 1.17254609588e-18, 3.88829352573e-19, 2.90734921384e-20],
        "stdev": [0.314907729626, 2.78354644775, 7.04023790359, 9.69594097137, 17.2068386078, 17.9166603088, 25.0264530182, 15.4356679916, 22.5089454651, 49.3907623291, 61.7293014526, 45.7639541626, 120.917762756, 48.6822357178, 45.604057312, 69.6198806763, 77.6379470825, 71.8919219971, 90.1780853271, 90.8876876831, 61.4476623535, 54.7397499084, 25.8408470154, 14.8234519958, 16.2586746216, 16.075717926, 12.335351944, 12.5603065491, 12.354678154, 10.2437057495, 11.8386287689, 10.7018508911, 6.84673213959, 5.06855344772, 2.25817012787, 0.875388026237, 0.473012179136, 0.134042069316, 0.00609099119902, 0.000107669293357],
        "var": [0.0991668850183, 7.74813127518, 49.5649528503, 94.0112686157, 296.075286865, 321.006744385, 626.323303223, 238.259857178, 506.652648926, 2439.44750977, 3810.5065918, 2094.33959961, 14621.1044922, 2369.96020508, 2079.72998047, 4846.92822266, 6027.65136719, 5168.44824219, 8132.08740234, 8260.57226562, 3775.81518555, 2996.44018555, 667.749328613, 219.734725952, 264.344482422, 258.428710938, 152.160903931, 157.761291504, 152.638076782, 104.933502197, 140.153137207, 114.52960968, 46.8777427673, 25.6902332306, 5.09933233261, 0.766304194927, 0.223740532994, 0.0179672781378, 3.71001733583e-05, 1.15926761524e-08]
    },
    "gfcc": {
        "mean": [92.5862426758, 56.7291984558, -98.2130661011, 25.3961982727, -49.0392570496, 13.6680250168, -42.6092224121, 14.088927269, -26.0129871368, 3.81372880936, -27.7147159576, 1.60634839535, -18.2259845734],
        "cov": [[2643.97631836, -499.52520752, 25.2453365326, -116.285835266, -107.187416077, 93.6485900879, -66.9845809937, 73.9689483643, -62.6124649048, 92.573387146, -99.7829055786, 60.2236251831, -57.3232460022], [-499.52520752, 729.946228027, -164.065856934, 128.787155151, 68.705078125, -81.8265686035, 62.429725647, -56.8509216309, 11.2635784149, -92.6951828003, 91.1768875122, -58.5336151123, 25.3594436646], [25.2453365326, -164.065856934, 230.536468506, 20.4902458191, 10.7061843872, 14.5466737747, -1.71317505836, 23.7458286285, 16.864736557, 44.3779678345, -18.9136600494, 37.015499115, 0.486183106899], [-116.285835266, 128.787155151, 20.4902458191, 200.630233765, -0.0489845573902, 8.18166065216, -8.56302070618, -20.8139839172, 29.5168704987, -13.6275653839, 18.7583084106, -12.8890695572, 29.1336975098], [-107.187416077, 68.705078125, 10.7061843872, -0.0489845573902, 159.641418457, -0.665135443211, 16.8266220093, 18.3169193268, 29.0119876862, 6.74130821228, 6.37322759628, 8.39832401276, 15.2691516876], [93.6485900879, -81.8265686035, 14.5466737747, 8.18166065216, -0.665135443211, 103.406410217, 41.0224647522, 24.9666538239, -4.73531293869, 8.73042678833, 5.85261964798, 10.0696687698, -5.06845998764], [-66.9845809937, 62.429725647, -1.71317505836, -8.56302070618, 16.8266220093, 41.0224647522, 118.125350952, 28.5691184998, -9.2263879776, -8.40169620514, 20.5918960571, 2.95555329323, -9.73220825195], [73.9689483643, -56.8509216309, 23.7458286285, -20.8139839172, 18.3169193268, 24.9666538239, 28.5691184998, 59.7726707458, 22.080450058, 15.7690353394, -6.05475759506, 10.0334568024, -0.105478055775], [-62.6124649048, 11.2635784149, 16.864736557, 29.5168704987, 29.0119876862, -4.73531293869, -9.2263879776, 22.080450058, 66.9751281738, 30.2522678375, 2.9780023098, -0.0266082566231, 13.8174352646], [92.573387146, -92.6951828003, 44.3779678345, -13.6275653839, 6.74130821228, 8.73042678833, -8.40169620514, 15.7690353394, 30.2522678375, 64.2608261108, 2.92744517326, 10.9873056412, -4.43869924545], [-99.7829055786, 91.1768875122, -18.9136600494, 18.7583084106, 6.37322759628, 5.85261964798, 20.5918960571, -6.05475759506, 2.9780023098, 2.92744517326, 50.5942573547, 5.48842525482, 1.21055316925], [60.2236251831, -58.5336151123, 37.015499115, -12.8890695572, 8.39832401276, 10.0696687698, 2.95555329323, 10.0334568024, -0.0266082566231, 10.9873056412, 5.48842525482, 49.9222335815, 14.8166770935], [-57.3232460022, 25.3594436646, 0.486183106899, 29.1336975098, 15.2691516876, -5.06845998764, -9.73220825195, -0.105478055775, 13.8174352646, -4.43869924545, 1.21055316925, 14.8166770935, 46.5923728943]],
        "icov": [[0.000590427021962, -0.000186693592696, 0.000491787097417, -0.000318687176332, 0.00024142631446, -0.000428182684118, 0.000634599593468, -0.00116038543638, 0.00143432267942, -0.00161581567954, 0.00154346274212, -0.0011823719833, 0.000782997987699], [-0.000186693592696, 0.00489322701469, 0.00102046539541, -0.00143544923048, -0.0017295704456, 0.00403955997899, -0.00325355515815, 0.00248549552634, -0.00289694522507, 0.00585807301104, -0.00746311992407, 0.00392302405089, -0.00131024396978], [0.000491787097417, 0.00102046539541, 0.00738804368302, -0.0031373235397, -0.000602635671385, 0.00127662648447, -0.000765051401686, -0.00183402805123, 0.00208789808676, -0.00477472133934, 0.00377150019631, -0.00559510616586, 0.00271391635761], [-0.000318687176332, -0.00143544923048, -0.0031373235397, 0.00897548347712, 0.00128143536858, -0.00359523948282, 0.000887470028829, 0.00442898599431, -0.00598868494853, 0.00379197229631, -0.00227772514336, 0.00374969467521, -0.00480197183788], [0.00024142631446, -0.0017295704456, -0.000602635671385, 0.00128143536858, 0.00795137230307, -0.00120819406584, 9.26284701563e-05, -0.00153845443856, -0.00219857459888, -0.00125010928605, 0.00225102179684, -0.001954409061, -0.00118200015277], [-0.000428182684118, 0.00403955997899, 0.00127662648447, -0.00359523948282, -0.00120819406584, 0.0166300944984, -0.0062359161675, -0.00289535219781, 0.00142215995584, 0.00191303819884, -0.00624633254483, 0.00148754497059, -0.000145079291542], [0.000634599593468, -0.00325355515815, -0.000765051401686, 0.000887470028829, 9.26284701563e-05, -0.0062359161675, 0.0158484019339, -0.00970690697432, 0.00601468328387, -0.00183118088171, -0.000507572258357, -0.00204324163496, 0.0032891756855], [-0.00116038543638, 0.00248549552634, -0.00183402805123, 0.00442898599431, -0.00153845443856, -0.00289535219781, -0.00970690697432, 0.0338517129421, -0.0176837239414, 0.00658193323761, 8.62385859364e-05, 0.000426532584243, -0.0015589952236], [0.00143432267942, -0.00289694522507, 0.00208789808676, -0.00598868494853, -0.00219857459888, 0.00142215995584, 0.00601468328387, -0.0176837239414, 0.0371017456055, -0.0219059903175, 0.00572608038783, 0.000533383630682, -0.00425236904994], [-0.00161581567954, 0.00585807301104, -0.00477472133934, 0.00379197229631, -0.00125010928605, 0.00191303819884, -0.00183118088171, 0.00658193323761, -0.0219059903175, 0.0388752147555, -0.0169786904007, 0.00468063075095, 0.00190514489077], [0.00154346274212, -0.00746311992407, 0.00377150019631, -0.00227772514336, 0.00225102179684, -0.00624633254483, -0.000507572258357, 8.62385859364e-05, 0.00572608038783, -0.0169786904007, 0.0413768738508, -0.0158313252032, 0.00646664388478], [-0.0011823719833, 0.00392302405089, -0.00559510616586, 0.00374969467521, -0.001954409061, 0.00148754497059, -0.00204324163496, 0.000426532584243, 0.000533383630682, 0.00468063075095, -0.0158313252032, 0.0368514582515, -0.016519645229], [0.000782997987699, -0.00131024396978, 0.00271391635761, -0.00480197183788, -0.00118200015277, -0.000145079291542, 0.0032891756855, -0.0015589952236, -0.00425236904994, 0.00190514489077, 0.00646664388478, -0.016519645229, 0.0336965322495]]
    },
    "melbands": {
        "dmean": [0.00176368025132, 0.00214465148747, 0.0010695902165, 0.000716358656064, 0.000503340794239, 0.00020988174947, 0.000171960593434, 0.000335774995619, 0.00025060743792, 0.000137558599818, 0.0001729435171, 8.6883912445e-05, 5.13045015396e-05, 6.95662238286e-05, 6.14998207311e-05, 5.5349260947e-05, 5.32545054739e-05, 6.18389094598e-05, 5.6257689721e-05, 4.0390263166e-05, 3.30499497068e-05, 3.54695002898e-05, 2.04848820431e-05, 1.28778774524e-05, 9.67095547821e-06, 8.55677808431e-06, 7.78200137574e-06, 5.83964174439e-06, 5.02834609506e-06, 4.20261130785e-06, 3.81999052479e-06, 3.36164157488e-06, 2.88627848022e-06, 2.79120922642e-06, 2.34970093516e-06, 2.05413607546e-06, 2.16041030399e-06, 1.98057318812e-06, 1.54990891588e-06, 1.4919143041e-06],
        "dmean2": [0.00305503536947, 0.00386645388789, 0.00188891636208, 0.00126004021149, 0.000846588111017, 0.000357379147317, 0.000296767277177, 0.000542319845408, 0.000409283034969, 0.000221158275963, 0.00027234267327, 0.000135013469844, 8.48065246828e-05, 0.000111114044557, 9.91774795693e-05, 8.89707735041e-05, 8.68991191965e-05, 0.000101443329186, 8.90887968126e-05, 6.38655037619e-05, 5.32402846147e-05, 5.83018554607e-05, 3.44767577189e-05, 2.23735678446e-05, 1.65918045241e-05, 1.44827063195e-05, 1.32475697683e-05, 9.85330098047e-06, 8.62404431246e-06, 7.17838929631e-06, 6.30351451036e-06, 5.52035726287e-06, 4.70842951472e-06, 4.61528543383e-06, 3.80964502256e-06, 3.10790960611e-06, 3.4169297578e-06, 3.11237545247e-06, 2.41115458266e-06, 2.28416593018e-06],
        "dvar": [1.1277043086e-05, 1.71760075318e-05, 1.90283549273e-06, 1.07772200408e-06, 4.42656101995e-07, 9.03897401372e-08, 8.81716246681e-08, 2.54465163607e-07, 1.47057562572e-07, 7.45987307482e-08, 1.22672304315e-07, 2.21605489514e-08, 5.31780752766e-09, 1.79801968869e-08, 2.49136782315e-08, 1.21100738326e-08, 1.23865495638e-08, 1.44722314133e-08, 9.57425250192e-09, 3.78476983087e-09, 2.10165351788e-09, 2.25827245792e-09, 6.94435564608e-10, 1.98031799292e-10, 9.64223631494e-11, 9.04266245216e-11, 1.02803217328e-10, 5.02698091487e-11, 3.83398625348e-11, 2.39214602987e-11, 2.48558743032e-11, 2.53591384003e-11, 1.76972499155e-11, 1.43942323338e-11, 2.01283816004e-11, 1.8388597936e-11, 1.87206413566e-11, 9.44026107286e-12, 1.19821314329e-11, 8.7955762465e-12],
        "dvar2": [2.95958434435e-05, 4.75676242786e-05, 5.31624345967e-06, 3.08093240164e-06, 1.20679271731e-06, 2.6443890988e-07, 2.38643707462e-07, 6.79820573168e-07, 3.6388800595e-07, 1.94603202885e-07, 2.87786065201e-07, 4.64597000871e-08, 1.34135742513e-08, 4.06976532474e-08, 5.90141482348e-08, 2.90508044287e-08, 3.23761106813e-08, 3.66403725138e-08, 2.322507342e-08, 9.82484404943e-09, 4.90672924514e-09, 5.60080026801e-09, 1.68581515414e-09, 5.4367482738e-10, 2.68022382066e-10, 2.49054443735e-10, 2.79185813357e-10, 1.28270241651e-10, 1.01725031176e-10, 6.24506765745e-11, 5.92693949475e-11, 5.93676011129e-11, 3.66407529317e-11, 3.53810557241e-11, 3.94307017593e-11, 3.4848627456e-11, 3.65897971644e-11, 2.16267628805e-11, 2.55331832066e-11, 2.04947569332e-11],
        "max": [0.0194409191608, 0.0268351361156, 0.0109672592953, 0.0104917790741, 0.00817461498082, 0.00319796497934, 0.00406531710178, 0.00680883647874, 0.00434238975868, 0.0047978782095, 0.00536745088175, 0.00271955179051, 0.00117132498417, 0.00246274028905, 0.00278449058533, 0.00185447675176, 0.00176640262362, 0.00188035808969, 0.00112741149496, 0.00108010228723, 0.000742286036257, 0.000681084638927, 0.000615557655692, 0.000202870505746, 0.000127563005663, 0.00013193898485, 0.000163318196428, 0.00013823210611, 7.11987668183e-05, 6.07047804806e-05, 7.99605477368e-05, 6.80496741552e-05, 6.61695376039e-05, 6.67392814648e-05, 7.86365708336e-05, 8.01160858828e-05, 7.02425386407e-05, 5.1085222367e-05, 5.33804995939e-05, 4.89920093969e-05],
        "mean": [0.00180793099571, 0.00255542551167, 0.00242754281498, 0.00132972293068, 0.000852455093991, 0.000334114709403, 0.000286692607915, 0.000538538442925, 0.000417134695454, 0.000224010844249, 0.000344507367117, 0.000166367884958, 9.52975897235e-05, 0.000126070226543, 0.000116842566058, 9.30167007027e-05, 9.21955361264e-05, 0.00010046549869, 0.000100426244899, 8.18840271677e-05, 6.74934199196e-05, 7.2176939284e-05, 4.40572403022e-05, 2.91148498945e-05, 2.12287704926e-05, 1.85842400242e-05, 1.53672499437e-05, 1.36390153784e-05, 1.111027359e-05, 9.83677546174e-06, 8.95529410627e-06, 7.68887275626e-06, 6.71983025313e-06, 6.70820145388e-06, 5.6655080698e-06, 4.96681150253e-06, 5.00851410834e-06, 4.84074689666e-06, 3.97187386625e-06, 3.78927393285e-06],
        "median": [0.000776409520768, 0.00160655647051, 0.00214047776535, 0.00104825058952, 0.000543340865988, 0.000227652810281, 0.000200369715458, 0.000318824517308, 0.000273128505796, 0.000149173152749, 0.000140813877806, 9.37725926633e-05, 6.0143553128e-05, 6.32836017758e-05, 4.23181008955e-05, 4.65343873657e-05, 4.60624178231e-05, 5.50409677089e-05, 4.26455335401e-05, 4.46244084742e-05, 4.60987357656e-05, 5.19610584888e-05, 3.70000489056e-05, 2.51233868767e-05, 1.84176369658e-05, 1.55769248522e-05, 1.23117661133e-05, 1.08015829028e-05, 8.62357410369e-06, 7.75897751737e-06, 6.75662522553e-06, 5.64225319977e-06, 5.0215421652e-06, 5.36799097972e-06, 4.15391923525e-06, 3.32180979967e-06, 3.55221982318e-06, 4.03487092626e-06, 2.99065595755e-06, 2.97546534966e-06],
        "min": [9.74609959383e-24, 2.10810754913e-23, 5.42116021462e-24, 6.43667939615e-24, 1.12060373714e-23, 6.436169792e-24, 9.01415894722e-24, 1.88369792084e-23, 1.30213475204e-23, 8.91017919131e-24, 4.00736922231e-24, 2.03502479274e-23, 3.30416062537e-23, 1.68818584523e-23, 1.21989884257e-23, 6.88127311929e-24, 1.22480981725e-23, 1.11279890511e-23, 7.09352324559e-24, 1.07624979608e-23, 9.53162803522e-24, 1.27248194393e-23, 8.54275933609e-24, 9.97267543416e-24, 9.3064784554e-24, 1.22922002302e-23, 1.27814643854e-23, 8.93349634194e-24, 6.56067176437e-24, 7.86245358004e-24, 8.19765872247e-24, 1.00824959162e-23, 9.15427878779e-24, 6.51614411614e-24, 8.13339337996e-24, 8.26275000234e-24, 1.10607710023e-23, 9.93761608895e-24, 1.21524732424e-23, 1.03138293767e-23],
        "stdev": [0.00300900847651, 0.00343707180582, 0.00154865451623, 0.00112087023444, 0.000883462256752, 0.000329864502419, 0.000335876597092, 0.00062068522675, 0.000457867630757, 0.000299633160466, 0.00062965642428, 0.000248086551437, 0.000113076173875, 0.000211435282836, 0.000271964177955, 0.00015349512978, 0.000157619666425, 0.000167527628946, 0.000160263851285, 0.000111405315693, 6.68091961415e-05, 6.85591294314e-05, 3.50915179297e-05, 1.88217454706e-05, 1.28445435621e-05, 1.27490784507e-05, 1.26534841911e-05, 1.13581154437e-05, 9.04810440261e-06, 7.44573935663e-06, 7.6128121691e-06, 7.31326781533e-06, 6.55401481708e-06, 5.62647983315e-06, 6.87767851559e-06, 7.01566978023e-06, 6.71712177791e-06, 4.73452018923e-06, 5.25173572896e-06, 4.13567431679e-06],
        "var": [9.05413253349e-06, 1.18134630611e-05, 2.39833070736e-06, 1.25635017412e-06, 7.80505558851e-07, 1.08810581878e-07, 1.12813090425e-07, 3.8525013224e-07, 2.09642763593e-07, 8.97800305211e-08, 3.96467186192e-07, 6.15469346599e-08, 1.27862209709e-08, 4.4704879798e-08, 7.39645216186e-08, 2.3560756901e-08, 2.48439597783e-08, 2.80655072515e-08, 2.56845016366e-08, 1.24111450006e-08, 4.46346870575e-09, 4.70035432798e-09, 1.23141474795e-09, 3.54258095081e-10, 1.64982305595e-10, 1.62539010029e-10, 1.60110660841e-10, 1.29006791361e-10, 8.18681858417e-11, 5.54390353069e-11, 5.79549082336e-11, 5.34838874577e-11, 4.29551082204e-11, 3.16572740244e-11, 4.73024605596e-11, 4.92196249036e-11, 4.51197239293e-11, 2.24156804229e-11, 2.7580729367e-11, 1.71038027491e-11]
    },
    "melbands128": {
