{
"lowlevel": {
    "average_loudness": 0.557061553001,
    "barkbands_crest": {
        "dmean": 3.5464553833,
        "dmean2": 5.60595989227,
        "dvar": 10.5903196335,
        "dvar2": 25.9458866119,
        "max": 26.2492237091,
        "mean": 12.7474756241,
        "median": 11.8088378906,
        "min": 2.26066303253,
        "stdev": 5.9011964798,
        "var": 34.8241195679
    },
    "barkbands_flatness_db": {
        "dmean": 0.0348059870303,
        "dmean2": 0.0514106974006,
        "dvar": 0.00106661417522,
        "dvar2": 0.00215301476419,
        "max": 0.407175540924,
        "mean": 0.179807811975,
        "median": 0.174936845899,
        "min": 0.0364842638373,
        "stdev": 0.0665054619312,
        "var": 0.0044229766354
    },
    "barkbands_kurtosis": {
        "dmean": 7.33021211624,
        "dmean2": 11.2495346069,
        "dvar": 234.864456177,
        "dvar2": 523.08795166,
        "max": 211.240585327,
        "mean": 9.42051887512,
        "median": 1.86311292648,
        "min": -1.87595534325,
        "stdev": 22.2288608551,
        "var": 494.122283936
    },
    "barkbands_skewness": {
        "dmean": 1.00023066998,
        "dmean2": 1.46960866451,
        "dvar": 1.13282644749,
        "dvar2": 2.31132459641,
        "max": 13.250629425,
        "mean": 1.87458503246,
        "median": 1.31496608257,
        "min": -2.04844713211,
        "stdev": 2.17970395088,
        "var": 4.75110912323
    },
    "barkbands_spread": {
        "dmean": 7.69508743286,
        "dmean2": 11.8573970795,
        "dvar": 84.1011657715,
        "dvar2": 202.415679932,
        "max": 100.986427307,
        "mean": 18.9270439148,
        "median": 15.2924633026,
        "min": 0.719043731689,
        "stdev": 14.1445188522,
        "var": 200.06741333
    },
    "dissonance": {
        "dmean": 0.0284193139523,
        "dmean2": 0.0466430857778,
        "dvar": 0.000776011671405,
        "dvar2": 0.001977060223,
        "max": 0.499925196171,
        "mean": 0.453288286924,
        "median": 0.462222367525,
        "min": 0.25514549017,
        "stdev": 0.0379939638078,
        "var": 0.00144354137592
    },
    "dynamic_complexity": 3.47179961205,
    "erbbands_crest": {
        "dmean": 4.15476322174,
        "dmean2": 6.80112457275,
        "dvar": 13.053984642,
        "dvar2": 33.6355400085,
        "max": 28.8381786346,
        "mean": 10.7027540207,
        "median": 9.74352836609,
        "min": 2.4106733799,
        "stdev": 5.00848960876,
        "var": 25.0849704742
    },
    "erbbands_flatness_db": {
        "dmean": 0.029964607209,
        "dmean2": 0.0425385385752,
        "dvar": 0.000717191200238,
        "dvar2": 0.00140326179098,
        "max": 0.372513175011,
        "mean": 0.199733182788,
        "median": 0.200634256005,
        "min": 0.060146689415,
        "stdev": 0.0605559907854,
        "var": 0.00366702792235
    },
    "erbbands_kurtosis": {
        "dmean": 1.69091832638,
        "dmean2": 2.70092272758,
        "dvar": 4.70308160782,
        "dvar2": 11.1189155579,
        "max": 24.4410800934,
        "mean": 0.989345490932,
        "median": -0.0119934082031,
        "min": -1.85837233067,
        "stdev": 2.90194177628,
        "var": 8.42126655579
    },
    "erbbands_skewness": {
        "dmean": 0.621351003647,
        "dmean2": 0.959801256657,
        "dvar": 0.333617150784,
        "dvar2": 0.746922552586,
        "max": 4.00499725342,
        "mean": 0.513787865639,
        "median": 0.497168749571,
        "min": -2.93594002724,
        "stdev": 0.912320077419,
        "var": 0.832327902317
    },
    "erbbands_spread": {
        "dmean": 12.5493326187,
        "dmean2": 19.4302539825,
        "dvar": 166.408706665,
        "dvar2": 372.33972168,
        "max": 153.14263916,
        "mean": 37.4740180969,
        "median": 32.4813308716,
        "min": 3.92710661888,
        "stdev": 23.4554481506,
        "var": 550.158081055
    },
    "hfc": {
        "dmean": 12.7057161331,
        "dmean2": 17.6920280457,
        "dvar": 411.116485596,
        "dvar2": 846.775268555,
        "max": 210.599975586,
        "mean": 21.9534187317,
        "median": 12.7392454147,
        "min": 1.19998588537e-16,
        "stdev": 27.1400051117,
        "var": 736.579833984
    },
    "loudness_ebu128": {
        "integrated": -12.0207023621,
        "loudness_range": 2.78617954254,
        "momentary": {
            "dmean": 0.904055297375,
            "dmean2": 1.22725403309,
            "dvar": 0.667370021343,
            "dvar2": 1.03932392597,
            "max": -7.94543647766,
            "mean": -12.5325737,
            "median": -12.5420627594,
            "min": -19.9973812103,
            "stdev": 2.16150617599,
            "var": 4.67210865021
        },
        "short_term": {
            "dmean": 0.103194795549,
            "dmean2": 0.123498231173,
            "dvar": 0.00850287266076,
            "dvar2": 0.0102310320362,
            "max": -10.1407403946,
            "mean": -12.2702665329,
            "median": -12.674580574,
            "min": -13.6214256287,
            "stdev": 0.972365140915,
            "var": 0.945493936539
        }
    },
    "melbands_crest": {
        "dmean": 4.30174016953,
        "dmean2": 6.74882745743,
        "dvar": 15.669962883,
        "dvar2": 38.0126914978,
        "max": 39.4969406128,
        "mean": 18.1959934235,
        "median": 16.711145401,
        "min": 2.00502681732,
        "stdev": 8.65878009796,
        "var": 74.9744796753
    },
    "melbands_flatness_db": {
        "dmean": 0.0408138558269,
        "dmean2": 0.0583971589804,
        "dvar": 0.00150143285282,
        "dvar2": 0.00301764789037,
        "max": 0.499709457159,
        "mean": 0.204913780093,
        "median": 0.19174399972,
        "min": 0.0050609735772,
        "stdev": 0.0941817089915,
        "var": 0.00887019466609
    },
    "melbands_kurtosis": {
        "dmean": 20.1126441956,
        "dmean2": 29.9732608795,
        "dvar": 2318.90258789,
        "dvar2": 4647.25,
        "max": 842.32824707,
        "mean": 30.6389369965,
        "median": 6.58206558228,
        "min": -1.66425263882,
        "stdev": 80.3863601685,
        "var": 6461.96679688
    },
    "melbands_skewness": {
        "dmean": 1.35339093208,
        "dmean2": 1.96997654438,
        "dvar": 2.5828371048,
        "dvar2": 4.9133105278,
        "max": 28.4395885468,
        "mean": 3.18265676498,
        "median": 2.1313097477,
        "min": -1.16655063629,
        "stdev": 3.47160553932,
        "var": 12.0520448685
    },
    "melbands_spread": {
        "dmean": 12.1327142715,
        "dmean2": 18.5159282684,
        "dvar": 292.087127686,
        "dvar2": 640.051879883,
        "max": 167.548294067,
        "mean": 25.1699829102,
        "median": 17.8409328461,
        "min": 0.56275254488,
        "stdev": 24.6948623657,
        "var": 609.836242676
    },
    "pitch_salience": {
        "dmean": 0.102571390569,
        "dmean2": 0.163129270077,
        "dvar": 0.00870363134891,
        "dvar2": 0.0200252681971,
        "max": 0.947378158569,
        "mean": 0.518602490425,
        "median": 0.545673727989,
        "min": 0.0369642339647,
        "stdev": 0.18922033906,
        "var": 0.0358043387532
    },
    "silence_rate_20dB": {
        "dmean": 0,
        "dmean2": 0,
        "dvar": 0,
        "dvar2": 0,
        "max": 1,
        "mean": 1,
        "median": 1,
        "min": 1,
        "stdev": 0,
        "var": 0
    },
    "silence_rate_30dB": {
        "dmean": 0.0201238393784,
        "dmean2": 0.0402788519859,
        "dvar": 0.0197185557336,
        "dvar2": 0.0386559292674,
        "max": 1,
        "mean": 0.899458646774,
        "median": 1,
        "min": 0,
        "stdev": 0.300721228123,
        "var": 0.090433254838
    },
    "silence_rate_60dB": {
        "dmean": 0.119195044041,
        "dmean2": 0.237025558949,
        "dvar": 0.104986824095,
        "dvar2": 0.214927002788,
        "max": 1,
        "mean": 0.174787312746,
        "median": 0,
        "min": 0,
        "stdev": 0.379783332348,
        "var": 0.144235372543
    },
    "spectral_centroid": {
        "dmean": 458.836883545,
        "dmean2": 681.967102051,
        "dvar": 314054.75,
        "dvar2": 600004.4375,
        "max": 11069.5341797,
        "mean": 1578.74108887,
        "median": 1427.86767578,
        "min": 224.475982666,
        "stdev": 848.537353516,
        "var": 720015.625
    },
    "spectral_complexity": {
        "dmean": 4.80495357513,
        "dmean2": 6.75367927551,
        "dvar": 35.4139099121,
        "dvar2": 60.7619743347,
        "max": 53,
        "mean": 12.6256771088,
        "median": 10,
        "min": 0,
        "stdev": 10.2616462708,
        "var": 105.301391602
    },
    "spectral_decrease": {
        "dmean": 2.56761012452e-09,
        "dmean2": 3.53952733789e-09,
        "dvar": 1.69009062992e-17,
        "dvar2": 3.16094564116e-17,
        "max": 1.37486084088e-28,
        "mean": -8.13391487497e-09,
        "median": -3.4045819497e-09,
        "min": -6.91956358878e-08,
        "stdev": 1.1530961963e-08,
        "var": 1.32963089539e-16
    },
    "spectral_energy": {
        "dmean": 0.0105734383687,
        "dmean2": 0.0146098351106,
        "dvar": 0.0002611973905,
        "dvar2": 0.000485712807858,
        "max": 0.264847129583,
        "mean": 0.0326905287802,
        "median": 0.0142185678706,
        "min": 1.03653194765e-20,
        "stdev": 0.0443725399673,
        "var": 0.00196892232634
    },
    "spectral_energyband_high": {
        "dmean": 0.000873495650012,
        "dmean2": 0.00133386487141,
        "dvar": 5.49893775315e-06,
        "dvar2": 1.25265105453e-05,
        "max": 0.0266073551029,
        "mean": 0.000999787007459,
        "median": 0.000322750624036,
        "min": 7.2869199749e-21,
        "stdev": 0.00244474527426,
        "var": 5.9767789935e-06
    },
    "spectral_energyband_low": {
        "dmean": 0.00371987721883,
        "dmean2": 0.00462100282311,
        "dvar": 0.000175058143213,
        "dvar2": 0.000324219581671,
        "max": 0.235504031181,
        "mean": 0.0175887309015,
        "median": 1.1764042938e-05,
        "min": 6.4134303242e-23,
        "stdev": 0.0407414548099,
        "var": 0.00165986607317
    },
    "spectral_energyband_middle_high": {
        "dmean": 0.00353697361425,
        "dmean2": 0.0046598482877,
        "dvar": 2.79761807178e-05,
        "dvar2": 4.54145738331e-05,
        "max": 0.0585760809481,
        "mean": 0.00622732378542,
        "median": 0.00204557040706,
        "min": 1.58498074441e-21,
        "stdev": 0.00916112866253,
        "var": 8.39262793306e-05
    },
    "spectral_energyband_middle_low": {
        "dmean": 0.00603595050052,
        "dmean2": 0.00949504878372,
        "dvar": 0.000101087687653,
        "dvar2": 0.000247277203016,
        "max": 0.0854466557503,
        "mean": 0.00821394659579,
        "median": 0.00459304824471,
        "min": 3.23730138199e-22,
        "stdev": 0.0108239073306,
        "var": 0.000117156960187
    },
    "spectral_entropy": {
        "dmean": 0.293474972248,
        "dmean2": 0.428562968969,
        "dvar": 0.0869960263371,
        "dvar2": 0.176279887557,
        "max": 9.80376052856,
        "mean": 7.58965873718,
        "median": 7.58048343658,
        "min": 5.41953277588,
        "stdev": 0.53145724535,
        "var": 0.282446831465
    },
    "spectral_flux": {
        "dmean": 0.0349013991654,
        "dmean2": 0.0515976548195,
        "dvar": 0.00148537009954,
        "dvar2": 0.00261977198534,
        "max": 0.369638741016,
        "mean": 0.0931674689054,
        "median": 0.078742839396,
        "min": 1.01810213038e-10,
        "stdev": 0.0631373673677,
        "var": 0.00398632697761
    },
    "spectral_kurtosis": {
        "dmean": 1.76293420792,
        "dmean2": 2.83294630051,
        "dvar": 3.34091663361,
        "dvar2": 7.88249158859,
        "max": 19.0681743622,
        "mean": 4.08895349503,
        "median": 3.68276500702,
        "min": -1.56043350697,
        "stdev": 2.8562514782,
        "var": 8.15817260742
    },
    "spectral_rms": {
        "dmean": 0.00103061296977,
        "dmean2": 0.00137187656946,
        "dvar": 1.37161089242e-06,
        "dvar2": 2.28200269703e-06,
        "max": 0.0160744339228,
        "mean": 0.00459241028875,
        "median": 0.00372448284179,
        "min": 3.18001679676e-12,
        "stdev": 0.00328678265214,
        "var": 1.08029407784e-05
    },
    "spectral_rolloff": {
        "dmean": 923.545288086,
        "dmean2": 1515.41455078,
        "dvar": 2718697.5,
        "dvar2": 5632120.5,
        "max": 19336.8164062,
        "mean": 2133.88208008,
        "median": 1399.65820312,
        "min": 43.06640625,
        "stdev": 2312.10498047,
        "var": 5345829
    },
    "spectral_skewness": {
        "dmean": 0.291697174311,
        "dmean2": 0.448790878057,
        "dvar": 0.0764456614852,
        "dvar2": 0.165271341801,
        "max": 3.5515704155,
        "mean": 1.50308442116,
        "median": 1.51710212231,
        "min": -0.145052224398,
        "stdev": 0.482392668724,
        "var": 0.232702687383
    },
    "spectral_spread": {
        "dmean": 955816.3125,
        "dmean2": 1375641.375,
        "dvar": 2.27456922419e+12,
        "dvar2": 3.4500509696e+12,
        "max": 41325568,
        "mean": 5045728.5,
        "median": 4432101.5,
        "min": 1624549.875,
        "stdev": 2418094.25,
        "var": 5.84718011597e+12
    },
    "spectral_strongpeak": {
        "dmean": 0.605238974094,
        "dmean2": 0.912659108639,
        "dvar": 0.827634453773,
        "dvar2": 1.79642760754,
        "max": 8.71903419495,
        "mean": 1.08751642704,
        "median": 0.674361169338,
        "min": 0,
        "stdev": 1.22155785561,
        "var": 1.49220359325
    },
    "zerocrossingrate": {
        "dmean": 0.0178649704903,
        "dmean2": 0.0195834450424,
        "dvar": 0.000677130417898,
        "dvar2": 0.000729018356651,
        "max": 0.5361328125,
        "mean": 0.0722633600235,
        "median": 0.05908203125,
        "min": 0.001953125,
        "stdev": 0.0563092194498,
        "var": 0.00317072821781
    },
    "barkbands": {
        "dmean": [0.00050403457135, 0.00302602630109, 0.000958735239692, 0.000474914355436, 0.000781360897236, 0.00183372804895, 0.00074676622171, 0.0011212649988, 0.00264732493088, 0.000757876667194, 0.000884894456249, 0.000759501417633, 0.000716836366337, 0.00056588568259, 0.000598319456913, 0.000511032296345, 0.000393465481466, 0.000308436487103, 0.000241182598984, 0.000156945810886, 0.000190944949281, 0.000261349981884, 0.000152169770445, 0.000139716052217, 9.44996718317e-05, 2.83973840851e-05, 6.62876686874e-07],
        "dmean2": [0.000674352224451, 0.00325186108239, 0.00177400768735, 0.000885939050931, 0.00128343875986, 0.00295502552763, 0.0012375471415, 0.0018898670096, 0.00438697496429, 0.001195678371, 0.0013357216958, 0.0011387062259, 0.0011124170851, 0.000931408780161, 0.000951302994508, 0.00082216312876, 0.000605776906013, 0.000468712009024, 0.00038015798782, 0.00024695659522, 0.000294724159176, 0.000434955785749, 0.000240658671828, 0.000226494157687, 0.000152770473505, 4.57582209492e-05, 1.1744417634e-06],
        "dvar": [6.84993938194e-06, 0.000105671017081, 4.65976409032e-05, 1.11448780444e-05, 6.47103342999e-06, 1.51614904098e-05, 7.06007085682e-06, 1.26991599245e-05, 4.11597102357e-05, 5.63721187063e-06, 5.88201100982e-06, 4.09519907407e-06, 4.47319780505e-06, 2.79245045931e-06, 2.61373475041e-06, 1.35641596444e-06, 5.73380305013e-07, 2.84386061367e-07, 2.09403481222e-07, 1.16892941548e-07, 1.83873623882e-07, 9.74119416242e-07, 1.65745731806e-07, 1.6705845951e-07, 5.29759880408e-08, 3.43817796455e-09, 3.76533569948e-12],
        "dvar2": [1.3856923033e-05, 0.000153057932039, 0.000134139554575, 3.26551344187e-05, 1.81077157322e-05, 3.38113568432e-05, 1.65592791745e-05, 3.33946263709e-05, 0.000100730569102, 1.22170249597e-05, 1.25381957332e-05, 9.04972421267e-06, 1.01364357761e-05, 6.8273116085e-06, 6.53642200632e-06, 3.1115728234e-06, 1.23375059502e-06, 6.22973573172e-07, 3.95419249344e-07, 2.30122566336e-07, 3.49378353803e-07, 2.50439529736e-06, 3.89469846596e-07, 4.10613040458e-07, 1.25761530967e-07, 8.40701108729e-09, 1.0464969169e-11],
        "max": [0.0663518458605, 0.178218066692, 0.0803273916245, 0.0437050648034, 0.0319341644645, 0.0652411580086, 0.0451561398804, 0.0511098206043, 0.0598007068038, 0.0479853004217, 0.0318423174322, 0.0265121422708, 0.027465486899, 0.0253858417273, 0.0240854881704, 0.0131644466892, 0.00873080361634, 0.00789243448526, 0.00455663492903, 0.0034701472614, 0.00357003509998, 0.0123458821326, 0.00385436881334, 0.00430351635441, 0.00262171914801, 0.000559813634027, 1.8482303858e-05],
        "mean": [0.0017773413565, 0.0149600505829, 0.000656611053273, 0.000391515291994, 0.00105507904664, 0.00205357163213, 0.000656937074382, 0.00113289349247, 0.00259735342115, 0.000791156489868, 0.00104435137473, 0.0008766266983, 0.000769745674916, 0.000536108156666, 0.000607922964264, 0.000538110150956, 0.000458376540337, 0.00039430250763, 0.00031320983544, 0.000177820431418, 0.000209282967262, 0.000236295949435, 0.000173607695615, 0.000142975361086, 0.000103033598862, 3.57345888915e-05, 4.83447138322e-07],
        "median": [9.262525964e-07, 1.89834486264e-06, 2.07823836718e-06, 7.30562851459e-06, 0.000115925686259, 0.000525726587512, 0.000101880024886, 0.000367880100384, 0.000226476549869, 7.37068476155e-05, 0.000105213082861, 0.000166601836099, 9.06703498913e-05, 6.50510919513e-05, 6.68344800943e-05, 7.02844845364e-05, 7.0233567385e-05, 0.00010182634287, 8.70124495123e-05, 5.76130514673e-05, 3.98130941903e-05, 3.70484303858e-05, 4.28658713645e-05, 3.59443110938e-05, 1.69803042809e-05, 4.89073499921e-06, 1.60141357952e-08],
        "min": [6.76394741458e-24, 3.63760865902e-23, 1.36612233662e-23, 1.89184022756e-23, 5.39871033767e-23, 5.18459329315e-23, 7.4870315198e-23, 8.0370486932e-23, 4.21295899599e-23, 4.43295652524e-23, 1.20967982796e-22, 9.59097908983e-23, 5.54741124939e-23, 6.46432573654e-23, 1.23852323323e-22, 1.82635902952e-22, 2.35212977414e-22, 2.19506643195e-22, 3.16635943633e-22, 3.410413058e-22, 2.798961543e-22, 3.86949728823e-22, 5.59296777734e-22, 6.49587499782e-22, 1.08202019685e-21, 1.64027310335e-21, 2.69733419555e-21],
        "stdev": [0.00507781328633, 0.0353406332433, 0.00517726363614, 0.00256204046309, 0.00258292583749, 0.00410194415599, 0.00269277137704, 0.0032041084487, 0.00658184755594, 0.00256322394125, 0.00308743282221, 0.00240867654793, 0.00235072197393, 0.0017754988512, 0.00177632796112, 0.00128689303529, 0.000954689807259, 0.000679648946971, 0.000571340613533, 0.000386731320759, 0.000506057229359, 0.000879162107594, 0.000419418036472, 0.00039060623385, 0.000245537783485, 6.74283583066e-05, 1.58617876878e-06],
        "var": [2.57841857092e-05, 0.00124896038324, 2.6804060326e-05, 6.56405154587e-06, 6.67150607114e-06, 1.68259466591e-05, 7.25101745047e-06, 1.02663116195e-05, 4.33207169408e-05, 6.57011696603e-06, 9.53224116529e-06, 5.80172309128e-06, 5.52589335712e-06, 3.15239617521e-06, 3.15534111905e-06, 1.65609378655e-06, 9.11432664452e-07, 4.61922667228e-07, 3.26430125597e-07, 1.49561117269e-07, 2.56093898088e-07, 7.7292605738e-07, 1.75911495148e-07, 1.52573221612e-07, 6.02888050594e-08, 4.54658355409e-09, 2.51596313228e-12]
    },
    "erbbands": {
        "dmean": [0.167683377862, 0.507217049599, 1.06554079056, 1.44324553013, 1.48831117153, 2.63632178307, 9.05244636536, 16.0044612885, 13.8103046417, 9.63323974609, 35.1730232239, 63.4326820374, 30.5044956207, 29.1026477814, 29.3001937866, 28.311006546, 33.3411598206, 22.8148002625, 30.8096256256, 26.9527378082, 26.621673584, 20.9690761566, 15.9865274429, 14.2798166275, 10.0803804398, 7.4820766449, 7.68513059616, 7.12311267853, 10.1625318527, 6.10867929459, 4.32853364944, 3.27668118477, 2.2798910141, 1.1433352232, 0.620446383953, 0.197233706713, 0.0427479408681, 0.00356722809374, 0.000105440500192, 1.70853290911e-05],
        "dmean2": [0.148428633809, 0.686015367508, 1.88969004154, 2.68310189247, 2.7514975071, 4.24567079544, 14.1000938416, 26.1211032867, 22.7948093414, 15.7523202896, 58.2318649292, 104.921394348, 46.3078079224, 46.1045265198, 43.4805641174, 41.9957733154, 51.0697364807, 35.8718833923, 47.7338142395, 42.2993049622, 40.2728271484, 31.5397472382, 23.7356586456, 21.6693878174, 15.7808446884, 11.7333307266, 12.0863418579, 11.1321163177, 17.2038555145, 9.5348072052, 6.98515319824, 5.32560873032, 3.72145080566, 1.84561824799, 0.999348163605, 0.32304161787, 0.069911852479, 0.0059935641475, 0.000175912078703, 2.43817194132e-05],
        "dvar": [0.304514914751, 5.16596031189, 51.0436019897, 98.2457504272, 104.642776489, 57.2964706421, 292.999511719, 1608.69909668, 2454.64990234, 1443.81604004, 8644.5390625, 28510.1152344, 9040.64941406, 7132.00097656, 7007.27099609, 5079.56298828, 9720.25488281, 3577.67016602, 8151.5859375, 4381.24072266, 3696.37084961, 1545.22253418, 776.402038574, 582.167785645, 503.405334473, 272.915985107, 268.132141113, 294.488189697, 1654.9744873, 335.737182617, 153.074310303, 97.9605178833, 41.1848564148, 7.12460613251, 2.60160827637, 0.19200553, 0.00829305034131, 6.69700311846e-05, 6.13915673853e-08, 5.79309211712e-10],
        "dvar2": [0.328586816788, 11.0492172241, 139.819732666, 286.301086426, 305.1355896, 153.0599823, 678.786193848, 3716.51635742, 5959.88037109, 3435.53100586, 21392.5664062, 69431.390625, 20597.7753906, 16870.1503906, 14661.7275391, 10283.5390625, 21812.9101562, 8465.73925781, 19092.4277344, 10122.0224609, 7684.86279297, 3240.61352539, 1609.52502441, 1192.32080078, 897.926635742, 533.954833984, 518.125183105, 604.249633789, 4367.90478516, 760.921630859, 383.687652588, 249.440505981, 98.5633621216, 16.3751049042, 6.53923559189, 0.473192900419, 0.0200379583985, 0.000181811337825, 1.66583220107e-07, 1.18754062139e-09],
        "max": [11.6877059937, 31.117816925, 83.9562072754, 117.897842407, 135.194961548, 82.1313247681, 249.508163452, 788.192993164, 811.826171875, 914.129089355, 1388.8190918, 1811.78088379, 1981.11157227, 1021.89758301, 1586.19299316, 1134.14855957, 1418.64074707, 1204.7668457, 1354.97619629, 823.80456543, 854.359191895, 380.106384277, 367.644470215, 258.392089844, 251.064361572, 154.717010498, 154.768478394, 190.304672241, 520.911621094, 205.330078125, 122.61631012, 99.5985946655, 70.7416229248, 33.2681732178, 21.7434253693, 5.26376056671, 0.919447541237, 0.0788114741445, 0.00229024328291, 0.000304414948914],
        "mean": [0.799011468887, 1.86600518227, 0.930816709995, 1.21504306793, 1.13900852203, 3.93409967422, 12.4900331497, 16.4760150909, 12.2985630035, 10.2470445633, 36.8956985474, 62.5399856567, 32.7970962524, 33.4137496948, 36.6985549927, 36.4745140076, 37.7414131165, 26.008731842, 32.7178649902, 30.0544338226, 30.2923316956, 25.7205696106, 21.4966697693, 19.6998653412, 12.5774822235, 8.5477771759, 8.54487228394, 7.96601438522, 8.94681739807, 6.49895000458, 4.75046920776, 3.33043193817, 2.30997776985, 1.25014901161, 0.663900434971, 0.244997814298, 0.0529357232153, 0.0036497367546, 0.000119531963719, 4.45324440079e-05],
        "median": [7.80997797847e-05, 0.000340667087585, 0.00215550442226, 0.0192990079522, 0.0876597836614, 0.47009447217, 3.23196339607, 3.49180603027, 1.77138626575, 3.3208925724, 11.5411205292, 6.3810915947, 3.64830493927, 4.64094400406, 5.66236877441, 8.28722667694, 5.06855821609, 4.11116790771, 3.94140815735, 4.27045917511, 4.14464235306, 4.30681371689, 5.31010961533, 5.75002288818, 3.82468104362, 2.6991455555, 1.8601500988, 1.54383552074, 1.33745133877, 1.22137141228, 1.18782424927, 0.864431202412, 0.519739925861, 0.234358891845, 0.0975995063782, 0.0342907272279, 0.00676154531538, 0.000527785043232, 3.29386857629e-05, 2.28554654313e-05],
        "min": [1.3682184284e-21, 6.79175463527e-21, 1.96322174166e-20, 3.63861920372e-20, 1.54429734828e-19, 1.73073842998e-19, 9.21006804706e-20, 6.47015143369e-19, 1.46371511907e-18, 6.47143304665e-19, 1.9296111574e-18, 7.5628342754e-19, 8.10853049538e-19, 3.35403540417e-18, 4.51434108814e-18, 4.19650024649e-18, 3.01223362171e-18, 3.03618629071e-18, 3.84095485816e-18, 1.1217373953e-17, 7.19674347163e-18, 1.26692248205e-17, 1.28503021012e-17, 1.46715983001e-17, 1.51174767744e-17, 1.50181505808e-17, 1.27409769484e-17, 1.22951803649e-17, 1.35161593333e-17, 1.46255805883e-17, 1.63394607672e-17, 1.20992254137e-17, 1.32478963888e-17, 1.06685346534e-17, 8.46796704471e-18, 5.17617698164e-18, 3.15675737757e-18, 1.32578544026e-18, 3.63572865985e-19, 4.28428537061e-20],
        "stdev": [1.93059718609, 4.72713041306, 5.86733150482, 7.64683389664, 7.69460010529, 9.28374958038, 22.1213226318, 39.7440795898, 48.0978164673, 36.4569091797, 90.2974624634, 170.954116821, 101.466186523, 97.1991882324, 103.099998474, 91.6004257202, 110.884460449, 75.2331542969, 98.1348571777, 75.7793121338, 72.0766677856, 50.9752388, 37.1817054749, 32.0119514465, 26.6533737183, 18.7406005859, 19.1230316162, 19.8760414124, 35.1685333252, 18.7470741272, 11.9632110596, 9.22176933289, 6.26112890244, 2.86064338684, 1.6675362587, 0.488507509232, 0.101994171739, 0.00756994122639, 0.000227802884183, 5.33995589649e-05],
        "var": [3.72720551491, 22.3457603455, 34.425579071, 58.4740715027, 59.2068710327, 86.1880111694, 489.352905273, 1579.59179688, 2313.39990234, 1329.10632324, 8153.63183594, 29225.3125, 10295.3867188, 9447.68261719, 10629.6103516, 8390.63769531, 12295.3642578, 5660.02734375, 9630.45019531, 5742.50390625, 5195.04589844, 2598.47509766, 1382.47924805, 1024.76513672, 710.402282715, 351.210083008, 365.690338135, 395.057006836, 1236.82580566, 351.452789307, 143.118408203, 85.0410232544, 39.2017326355, 8.18327999115, 2.78067731857, 0.238639578223, 0.0104028116912, 5.73040124436e-05, 5.18941547512e-08, 2.85151280366e-09]
    },
    "gfcc": {
        "mean": [-47.4698829651, 46.8040428162, -150.753219604, 5.29995965958, -88.9888916016, 4.26626682281, -48.3029823303, 10.5696239471, -27.0277004242, 2.01973056793, -7.28886604309, 5.67636919022, -8.56118965149],
        "cov": [[6148.87304688, -611.461975098, 9.10275840759, 508.827728271, 534.213378906, 656.444885254, 299.70111084, 394.64163208, 401.967681885, 316.334442139, -140.685684204, 270.725524902, 326.442321777], [-611.461975098, 1943.30224609, 618.822631836, 402.297851562, 514.739135742, 117.628944397, 383.270599365, -2.74822568893, 200.091262817, -99.2850799561, 317.288665771, -107.9479599, 128.728286743], [9.10275840759, 618.822631836, 2407.30444336, 994.034912109, 597.399719238, 628.275085449, 387.958587646, 331.75769043, 142.678543091, 295.178710938, 160.429458618, 136.223419189, -108.596710205], [508.827728271, 402.297851562, 994.034912109, 874.936035156, 469.580047607, 316.321075439, 305.294952393, 241.069198608, 205.651550293, 142.23374939, 106.02104187, 84.1320724487, 56.626537323], [534.213378906, 514.739135742, 597.399719238, 469.580047607, 737.467407227, 441.900726318, 333.888244629, 242.376113892, 249.731689453, 137.132949829, 77.6612014771, 52.0778388977, 106.139823914], [656.444885254, 117.628944397, 628.275085449, 316.321075439, 441.900726318, 653.341369629, 412.550598145, 201.654830933, 176.552749634, 216.829208374, 80.1280059814, 45.2960586548, 14.0029973984], [299.70111084, 383.270599365, 387.958587646, 305.294952393, 333.888244629, 412.550598145, 508.739562988, 197.769973755, 191.678955078, 134.834274292, 151.344619751, 17.684589386, 37.5723075867], [394.64163208, -2.74822568893, 331.75769043, 241.069198608, 242.376113892, 201.654830933, 197.769973755, 337.516906738, 178.019500732, 110.180015564, 36.9301757812, 70.6532592773, 35.6910018921], [401.967681885, 200.091262817, 142.678543091, 205.651550293, 249.731689453, 176.552749634, 191.678955078, 178.019500732, 279.523376465, 112.35018158, 66.3174667358, 31.8202457428, 91.7863922119], [316.334442139, -99.2850799561, 295.178710938, 142.23374939, 137.132949829, 216.829208374, 134.834274292, 110.180015564, 112.35018158, 244.723419189, 57.9322280884, 52.8626327515, 20.1867389679], [-140.685684204, 317.288665771, 160.429458618, 106.02104187, 77.6612014771, 80.1280059814, 151.344619751, 36.9301757812, 66.3174667358, 57.9322280884, 211.774169922, 40.4405479431, 46.0747680664], [270.725524902, -107.9479599, 136.223419189, 84.1320724487, 52.0778388977, 45.2960586548, 17.684589386, 70.6532592773, 31.8202457428, 52.8626327515, 40.4405479431, 151.969360352, 44.8873252869], [326.442321777, 128.728286743, -108.596710205, 56.626537323, 106.139823914, 14.0029973984, 37.5723075867, 35.6910018921, 91.7863922119, 20.1867389679, 46.0747680664, 44.8873252869, 184.148864746]],
        "icov": [[0.000263777270447, -2.20588899538e-05, 0.000162543175975, -0.000227046053624, 0.000123606223497, -0.000399631593609, 0.000116617855383, -8.17681502667e-05, -7.96088206698e-05, -0.000116320508823, 0.000428678991739, -0.000372941169189, -0.00029922806425], [-2.20588899538e-05, 0.00203549070284, -0.000934938143473, 0.000590397918131, -0.00156712194439, 0.00158611312509, -0.00138115498703, 0.00139753124677, -0.0010864182841, 0.00192918104585, -0.00230801990256, 0.00200969143771, -0.000905483320821], [0.000162543175975, -0.000934938143473, 0.00171724846587, -0.00158941012342, 0.000614613236394, -0.00165627372917, 0.00129103742074, -0.00103213207331, 0.0010933931917, -0.0013388589723, 0.000649009132758, -0.00133191107307, 0.00133925525006], [-0.000227046053624, 0.000590397918131, -0.00158941012342, 0.00349042494781, -0.00139842228964, 0.00178693083581, -0.00154140254017, 0.00046798796393, -0.000982847879641, 0.000794931314886, -0.000576745951548, 0.000515805906616, -0.000705606187694], [0.000123606223497, -0.00156712194439, 0.000614613236394, -0.00139842228964, 0.00482164742425, -0.00320478505455, 0.00126971490681, -0.00154393829871, -0.000382462807465, -0.000583557062782, 0.00217152293772, -0.00129588227719, -0.000799227971584], [-0.000399631593609, 0.00158611312509, -0.00165627372917, 0.00178693083581, -0.00320478505455, 0.00739081436768, -0.00485092960298, 0.00174458534457, -0.000344434258295, -0.000742093136068, -0.000731117150281, 0.00148248008918, 8.48127383506e-05], [0.000116617855383, -0.00138115498703, 0.00129103742074, -0.00154140254017, 0.00126971490681, -0.00485092960298, 0.0075556715019, -0.00247349473648, -0.000154344932525, -0.000468747981358, -0.00174511887599, 0.000122386743897, 0.00110405648593], [-8.17681502667e-05, 0.00139753124677, -0.00103213207331, 0.00046798796393, -0.00154393829871, 0.00174458534457, -0.00247349473648, 0.00692552141845, -0.00346209877171, 0.000995476031676, -0.00022276720847, -0.000735589768738, 0.000186614663107], [-7.96088206698e-05, -0.0010864182841, 0.0010933931917, -0.000982847879641, -0.000382462807465, -0.000344434258295, -0.000154344932525, -0.00346209877171, 0.00916036311537, -0.00318701635115, 0.000518089276738, 0.000329442758812, -0.00162967445794], [-0.000116320508823, 0.00192918104585, -0.0013388589723, 0.000794931314886, -0.000583557062782, -0.000742093136068, -0.000468747981358, 0.000995476031676, -0.00318701635115, 0.00904334243387, -0.0031942196656, 0.000932359253056, -0.000711786036845], [0.000428678991739, -0.00230801990256, 0.000649009132758, -0.000576745951548, 0.00217152293772, -0.000731117150281, -0.00174511887599, -0.00022276720847, 0.000518089276738, -0.0031942196656, 0.0107922060415, -0.00448944512755, -0.000897221325431], [-0.000372941169189, 0.00200969143771, -0.00133191107307, 0.000515805906616, -0.00129588227719, 0.00148248008918, 0.000122386743897, -0.000735589768738, 0.000329442758812, 0.000932359253056, -0.00448944512755, 0.0115681523457, -0.00289896782488], [-0.00029922806425, -0.000905483320821, 0.00133925525006, -0.000705606187694, -0.000799227971584, 8.48127383506e-05, 0.00110405648593, 0.000186614663107, -0.00162967445794, -0.000711786036845, -0.000897221325431, -0.00289896782488, 0.00961479358375]]
    },
    "melbands": {
        "dmean": [0.00109906366561, 0.000542782596312, 0.000249427132076, 0.000132423796458, 0.000267022638582, 0.000360772683052, 0.000197134839254, 0.000120371456433, 0.000333639269229, 0.000390349072404, 0.000143746670801, 0.000115418733913, 0.000110327964649, 8.07411342976e-05, 8.78228311194e-05, 6.29731512163e-05, 4.56894849776e-05, 5.3421343182e-05, 4.48067003163e-05, 3.44064901583e-05, 3.39267171512e-05, 2.38211614487e-05, 1.78096015588e-05, 1.36344197017e-05, 1.21705897982e-05, 9.09898062673e-06, 5.73063562115e-06, 4.95944914292e-06, 4.52616995972e-06, 5.66571225136e-06, 3.82836378776e-06, 6.47292972644e-06, 4.28563043897e-06, 3.07691288981e-06, 2.32691240853e-06, 2.69259885499e-06, 1.76773085059e-06, 1.71421311279e-06, 1.26177360471e-06, 8.76824685747e-07],
        "dmean2": [0.000992392539047, 0.000846511975396, 0.00046123485663, 0.00022767506016, 0.000416603608755, 0.000584757595789, 0.00032568408642, 0.000198795358301, 0.000546646479052, 0.000651497917715, 0.000218910703552, 0.000185971264727, 0.000162775395438, 0.000122801575344, 0.00013156112982, 9.58745440585e-05, 7.54627690185e-05, 8.47471819725e-05, 7.18500232324e-05, 5.60038570256e-05, 5.24928145751e-05, 3.71685164282e-05, 2.731868517e-05, 2.08736746572e-05, 1.8823231585e-05, 1.42805529322e-05, 8.89194870979e-06, 7.87905355537e-06, 7.23765333532e-06, 8.74933630257e-06, 6.34911521047e-06, 1.10617811515e-05, 6.97986070008e-06, 4.74348144053e-06, 3.74521232516e-06, 4.49262097391e-06, 2.84895986624e-06, 2.79889695776e-06, 2.05210790227e-06, 1.4351722939e-06],
        "dvar": [1.20985014291e-05, 9.14805787033e-06, 2.94017695524e-06, 3.46957648389e-07, 2.31389506666e-07, 7.35980108857e-07, 4.74582833476e-07, 2.05425038757e-07, 6.64858532673e-07, 1.12007819553e-06, 2.19031491611e-07, 1.13708914284e-07, 8.14995075871e-08, 6.57137917415e-08, 5.83131836152e-08, 4.30424798026e-08, 1.80639183611e-08, 2.75235620961e-08, 1.61842770297e-08, 7.51685469425e-09, 6.50365228339e-09, 2.32253904997e-09, 1.28654065179e-09, 5.43192657521e-10, 4.49198428454e-10, 3.75214692649e-10, 1.89310345178e-10, 1.15041476345e-10, 7.70685043561e-11, 2.0358313646e-10, 8.20898557463e-11, 7.55773832406e-10, 1.91933316462e-10, 6.98758412243e-11, 3.78183005745e-11, 7.71584948711e-11, 2.52793064259e-11, 2.31217319596e-11, 1.148426753e-11, 4.00254265495e-12],
        "dvar2": [1.34663468998e-05, 2.31274807447e-05, 8.54961945151e-06, 9.99402232083e-07, 5.33837692274e-07, 1.65740345892e-06, 1.14798444883e-06, 5.09954531935e-07, 1.580667913e-06, 2.76851346825e-06, 4.91825630888e-07, 2.71944173846e-07, 1.71200710497e-07, 1.54323998913e-07, 1.37226948027e-07, 9.50934548882e-08, 4.4215987316e-08, 6.36500772089e-08, 4.04261761844e-08, 1.86772872723e-08, 1.40615927791e-08, 5.11532105563e-09, 2.7601796404e-09, 1.16692833174e-09, 9.78212510994e-10, 6.84657164296e-10, 3.72363417878e-10, 2.36176272983e-10, 1.66833005744e-10, 4.1368475312e-10, 1.89411278328e-10, 2.03090810835e-09, 4.66126748311e-10, 1.50869164384e-10, 9.35160351934e-11, 2.04436259588e-10, 6.24319138054e-11, 5.63826069166e-11, 2.59070490755e-11, 9.58925560485e-12],
        "max": [0.0738068893552, 0.0349836274981, 0.0206719972193, 0.00751105742529, 0.00655296165496, 0.0155684482306, 0.0104815345258, 0.0103117059916, 0.010555209592, 0.0116232195869, 0.00980603415519, 0.00375322974287, 0.00465599447489, 0.00368763296865, 0.00345278787427, 0.00359212607145, 0.0026243980974, 0.0027091416996, 0.00147294299677, 0.00101889320649, 0.000983391772024, 0.000472892686957, 0.000463483534986, 0.000196048771613, 0.000225748648518, 0.000211766076973, 0.000164643992321, 0.000100564582681, 8.74200632097e-05, 0.00013344520994, 0.000103335631138, 0.000361798942322, 0.000144916761201, 8.89582297532e-05, 6.32159717497e-05, 8.77306520124e-05, 5.39393950021e-05, 4.97076653119e-05, 5.29143835593e-05, 1.82978346857e-05],
        "mean": [0.00533941248432, 0.00101463601459, 0.00019813812105, 0.000155704517965, 0.000398373755161, 0.000378022174118, 0.0001737572602, 0.000123361503938, 0.000349261652445, 0.000380322628189, 0.000150544030475, 0.000126533341245, 0.000133009263664, 9.27806831896e-05, 0.000104405902675, 6.61841186229e-05, 4.64133445348e-05, 5.2883875469e-05, 4.48470309493e-05, 3.54335679731e-05, 3.58372308256e-05, 2.6926103601e-05, 2.21419722948e-05, 1.78901154868e-05, 1.59441879077e-05, 1.10311411845e-05, 6.42458599032e-06, 5.46192541151e-06, 5.02207285535e-06, 5.5676705415e-06, 4.15598287873e-06, 5.38967333341e-06, 4.04776483265e-06, 3.42333328263e-06, 2.64916229753e-06, 2.58226941696e-06, 1.82807855253e-06, 1.67874770796e-06, 1.31383183088e-06, 9.62394892667e-07],
        "median": [6.67907897878e-07, 1.14278452656e-06, 4.37019707533e-06, 1.5410105334e-05, 0.000107799562102, 8.24496455607e-05, 2.32928468904e-05, 3.9896411181e-05, 9.68089298112e-05, 3.01374948322e-05, 1.11665931399e-05, 1.3670334738e-05, 1.61512198247e-05, 1.81017949217e-05, 1.64867851709e-05, 7.54783695811e-06, 6.02577256359e-06, 5.03246292283e-06, 5.32569356437e-06, 4.60063120045e-06, 4.36843401985e-06, 3.95070128434e-06, 4.19063280788e-06, 4.84456541017e-06, 4.66129222332e-06, 2.96594862448e-06, 2.05867104341e-06, 1.52776465256e-06, 1.18293598916e-06, 8.74781790117e-07, 7.27515612198e-07, 6.92042419814e-07, 6.31996499578e-07, 6.49993921797e-07, 6.71619602599e-07, 5.74870000492e-07, 4.83464475565e-07, 3.88417390695e-07, 2.44562102125e-07, 1.73675061887e-07],
        "min": [1.10600413059e-23, 9.54832979831e-24, 9.61588074648e-24, 1.38451573303e-23, 3.53231955177e-24, 1.43012830166e-23, 1.9757272229e-23, 9.92598354605e-24, 1.43132279484e-23, 4.54346331628e-24, 4.05623560552e-24, 1.25855681346e-23, 1.5047890954e-23, 1.26767525666e-23, 8.21625611831e-24, 5.88718926071e-24, 5.4599713823e-24, 4.97182307086e-24, 1.27489175622e-23, 1.38353375897e-23, 7.44271489186e-24, 1.08788872876e-23, 1.54515589678e-23, 1.11180312599e-23, 1.13224077655e-23, 1.48325051056e-23, 8.12536040936e-24, 1.05153241734e-23, 8.92185354384e-24, 6.82688825962e-24, 6.89293011688e-24, 7.90115036288e-24, 7.27427731138e-24, 8.35792528169e-24, 9.88172844926e-24, 8.70641720835e-24, 6.289280736e-24, 8.55268557286e-24, 1.02793585217e-23, 8.65458510257e-24],
        "stdev": [0.0126867452636, 0.00337345246226, 0.00131498742849, 0.000502386013977, 0.000667747983243, 0.000872616656125, 0.000672889815178, 0.000423322111601, 0.000831204641145, 0.00105541874655, 0.000503210991155, 0.000378325610654, 0.000367157830624, 0.000278024177533, 0.000298536790069, 0.000232161590247, 0.00015547235671, 0.000175231602043, 0.000137337978231, 8.90196315595e-05, 9.12327377591e-05, 5.8070414525e-05, 4.49136787211e-05, 2.97991446132e-05, 2.68791482085e-05, 2.30829609791e-05, 1.52598076966e-05, 1.19804990391e-05, 1.0111807569e-05, 1.57496106112e-05, 9.99315852823e-06, 2.31184912991e-05, 1.32253353513e-05, 9.00016493688e-06, 6.15004410065e-06, 7.739128705e-06, 4.88159230372e-06, 4.5967690312e-06, 3.59470345757e-06, 2.08462233786e-06],
        "var": [0.000160953510203, 1.13801816042e-05, 1.72919180841e-06, 2.52391686217e-07, 4.45887337719e-07, 7.61459830301e-07, 4.52780739124e-07, 1.79201620654e-07, 6.90901174494e-07, 1.11390863822e-06, 2.53221287494e-07, 1.43130264973e-07, 1.34804878371e-07, 7.72974360075e-08, 8.91242137868e-08, 5.38990043708e-08, 2.41716548999e-08, 3.0706114984e-08, 1.88617192975e-08, 7.92449483811e-09, 8.32341306989e-09, 3.37217320734e-09, 2.01723859838e-09, 8.87989071163e-10, 7.22488624483e-10, 5.32823063448e-10, 2.32861729899e-10, 1.4353235267e-10, 1.02248660927e-10, 2.48050247009e-10, 9.98632149196e-11, 5.34464639212e-10, 1.74909503547e-10, 8.10029751608e-11, 3.7823039839e-11, 5.98941174434e-11, 2.38299414923e-11, 2.11302850217e-11, 1.29218927225e-11, 4.3456505755e-12]
    },
    "melbands128": {
