{
"lowlevel": {
    "average_loudness": 0.981358528137,
    "barkbands_crest": {
        "dmean": 2.07587409019,
        "dmean2": 3.2773501873,
        "dvar": 4.22506952286,
        "dvar2": 9.89847946167,
        "max": 19.6746788025,
        "mean": 8.39363098145,
        "median": 7.75114965439,
        "min": 2.96064114571,
        "stdev": 2.98103904724,
        "var": 8.88659381866
    },
    "barkbands_flatness_db": {
        "dmean": 0.0232066996396,
        "dmean2": 0.0338952764869,
        "dvar": 0.00062922219513,
        "dvar2": 0.00149881024845,
        "max": 0.357847601175,
        "mean": 0.15544039011,
        "median": 0.143761873245,
        "min": 0.0556668080389,
        "stdev": 0.0521086007357,
        "var": 0.00271530612372
    },
    "barkbands_kurtosis": {
        "dmean": 4.62883424759,
        "dmean2": 7.20743608475,
        "dvar": 94.7890472412,
        "dvar2": 208.842300415,
        "max": 162.164489746,
        "mean": 6.74133014679,
        "median": 3.73186731339,
        "min": -1.29023504257,
        "stdev": 11.964802742,
        "var": 143.156494141
    },
    "barkbands_skewness": {
        "dmean": 0.59821075201,
        "dmean2": 0.879898488522,
        "dvar": 0.604449152946,
        "dvar2": 1.23340594769,
        "max": 10.0004415512,
        "mean": 1.9541028738,
        "median": 1.73915457726,
        "min": -1.83724939823,
        "stdev": 1.18736755848,
        "var": 1.40984165668
    },
    "barkbands_spread": {
        "dmean": 3.79484558105,
        "dmean2": 5.71660661697,
        "dvar": 17.4567604065,
        "dvar2": 38.2485656738,
        "max": 74.8117294312,
        "mean": 15.0974416733,
        "median": 13.9215803146,
        "min": 1.13398897648,
        "stdev": 8.45030021667,
        "var": 71.4075698853
    },
    "dissonance": {
        "dmean": 0.0209651309997,
        "dmean2": 0.0350849181414,
        "dvar": 0.000593089673202,
        "dvar2": 0.0014808975393,
        "max": 0.499645918608,
        "mean": 0.460301280022,
        "median": 0.46544572711,
        "min": 0.0268516354263,
        "stdev": 0.0274165291339,
        "var": 0.00075166602619
    },
    "dynamic_complexity": 1.52729284763,
    "erbbands_crest": {
        "dmean": 2.28084373474,
        "dmean2": 3.81400942802,
        "dvar": 4.59236621857,
        "dvar2": 12.0796260834,
        "max": 22.142364502,
        "mean": 7.655418396,
        "median": 6.90682220459,
        "min": 2.81480240822,
        "stdev": 3.02349066734,
        "var": 9.14149570465
    },
    "erbbands_flatness_db": {
        "dmean": 0.0165297463536,
        "dmean2": 0.0215224698186,
        "dvar": 0.000267461873591,
        "dvar2": 0.000490705890115,
        "max": 0.277881652117,
        "mean": 0.15131315589,
        "median": 0.14656855166,
        "min": 0.0567111000419,
        "stdev": 0.0413035973907,
        "var": 0.00170598726254
    },
    "erbbands_kurtosis": {
        "dmean": 0.706836521626,
        "dmean2": 1.1258610487,
        "dvar": 0.527584731579,
        "dvar2": 1.37612068653,
        "max": 6.91367053986,
        "mean": 0.394679576159,
        "median": 0.241996526718,
        "min": -1.71131086349,
        "stdev": 1.17484986782,
        "var": 1.38027226925
    },
    "erbbands_skewness": {
        "dmean": 0.283630043268,
        "dmean2": 0.449372917414,
        "dvar": 0.0568919032812,
        "dvar2": 0.141271069646,
        "max": 2.15825152397,
        "mean": 0.576795101166,
        "median": 0.615003108978,
        "min": -0.951762676239,
        "stdev": 0.449204385281,
        "var": 0.201784580946
    },
    "erbbands_spread": {
        "dmean": 7.28542661667,
        "dmean2": 10.7968912125,
        "dvar": 62.7950592041,
        "dvar2": 129.369995117,
        "max": 126.910583496,
        "mean": 36.7015037537,
        "median": 32.5597038269,
        "min": 11.3617362976,
        "stdev": 17.0279159546,
        "var": 289.949920654
    },
    "hfc": {
        "dmean": 4.70978116989,
        "dmean2": 7.0214381218,
        "dvar": 33.6833152771,
        "dvar2": 75.9520645142,
        "max": 77.4309463501,
        "mean": 20.494140625,
        "median": 17.8437461853,
        "min": 1.17507755807e-16,
        "stdev": 12.6014862061,
        "var": 158.797454834
    },
    "loudness_ebu128": {
        "integrated": -7.69897031784,
        "loudness_range": 1.92367887497,
        "momentary": {
            "dmean": 0.541149199009,
            "dmean2": 0.72766828537,
            "dvar": 0.163660377264,
            "dvar2": 0.331090390682,
            "max": -5.27166414261,
            "mean": -7.86983585358,
            "median": -7.97019338608,
            "min": -12.1293020248,
            "stdev": 1.22566843033,
            "var": 1.50226318836
        },
        "short_term": {
            "dmean": 0.0736091583967,
            "dmean2": 0.090766184032,
            "dvar": 0.00281201303005,
            "dvar2": 0.00446228357032,
            "max": -6.24966335297,
            "mean": -7.76356840134,
            "median": -7.73595905304,
            "min": -8.98170661926,
            "stdev": 0.653980672359,
            "var": 0.427690714598
        }
    },
    "melbands_crest": {
        "dmean": 3.12257742882,
        "dmean2": 4.70103549957,
        "dvar": 10.7763948441,
        "dvar2": 21.0900001526,
        "max": 36.3821792603,
        "mean": 13.3132762909,
        "median": 11.8130493164,
        "min": 2.25001382828,
        "stdev": 5.37595462799,
        "var": 28.9008903503
    },
    "melbands_flatness_db": {
        "dmean": 0.027187043801,
        "dmean2": 0.0390867367387,
        "dvar": 0.000926227192394,
        "dvar2": 0.0021023072768,
        "max": 0.451301604509,
        "mean": 0.235744133592,
        "median": 0.223348841071,
        "min": 0.0063323546201,
        "stdev": 0.0665697753429,
        "var": 0.0044315350242
    },
    "melbands_kurtosis": {
        "dmean": 9.84455871582,
        "dmean2": 15.0711250305,
        "dvar": 449.860961914,
        "dvar2": 925.255249023,
        "max": 452.655853271,
        "mean": 15.8182811737,
        "median": 8.87333297729,
        "min": -1.20084428787,
        "stdev": 27.0804767609,
        "var": 733.352233887
    },
    "melbands_skewness": {
        "dmean": 0.779204845428,
        "dmean2": 1.14318025112,
        "dvar": 1.01474750042,
        "dvar2": 2.03620195389,
        "max": 16.3250637054,
        "mean": 2.78343009949,
        "median": 2.4415075779,
        "min": 0.0629091858864,
        "stdev": 1.58226156235,
        "var": 2.50355148315
    },
    "melbands_spread": {
        "dmean": 3.94008755684,
        "dmean2": 5.98884296417,
        "dvar": 25.6281147003,
        "dvar2": 43.4509239197,
        "max": 126.443367004,
        "mean": 14.5645980835,
        "median": 12.7174758911,
        "min": 0.663241922855,
        "stdev": 8.86850738525,
        "var": 78.650428772
    },
    "pitch_salience": {
        "dmean": 0.0684539601207,
        "dmean2": 0.110828086734,
        "dvar": 0.00431206077337,
        "dvar2": 0.00948253553361,
        "max": 0.847393870354,
        "mean": 0.575503528118,
        "median": 0.581822991371,
        "min": 0.165029764175,
        "stdev": 0.104988694191,
        "var": 0.011022625491
    },
    "silence_rate_20dB": {
        "dmean": 0,
        "dmean2": 0,
        "dvar": 0,
        "dvar2": 0,
        "max": 1,
        "mean": 1,
        "median": 1,
        "min": 1,
        "stdev": 0,
        "var": 0
    },
    "silence_rate_30dB": {
        "dmean": 0.0897832810879,
        "dmean2": 0.179705649614,
        "dvar": 0.0817230269313,
        "dvar2": 0.15205745399,
        "max": 1,
        "mean": 0.899458646774,
        "median": 1,
        "min": 0,
        "stdev": 0.30072119832,
        "var": 0.0904332399368
    },
    "silence_rate_60dB": {
        "dmean": 0.00154798757285,
        "dmean2": 0.002323779976,
        "dvar": 0.00154557928909,
        "dvar2": 0.00231834454462,
        "max": 1,
        "mean": 0.00232018553652,
        "median": 0,
        "min": 0,
        "stdev": 0.0481121987104,
        "var": 0.00231478363276
    },
    "spectral_centroid": {
        "dmean": 170.713607788,
        "dmean2": 257.382537842,
        "dvar": 112667.8125,
        "dvar2": 161389.90625,
        "max": 10949.3652344,
        "mean": 865.365844727,
        "median": 814.194091797,
        "min": 247.403579712,
        "stdev": 457.993255615,
        "var": 209757.828125
    },
    "spectral_complexity": {
        "dmean": 2.91950464249,
        "dmean2": 4.63749027252,
        "dvar": 8.78301239014,
        "dvar2": 20.3627490997,
        "max": 49,
        "mean": 19.993812561,
        "median": 19,
        "min": 0,
        "stdev": 7.19435214996,
        "var": 51.7587013245
    },
    "spectral_decrease": {
        "dmean": 5.18312592845e-09,
        "dmean2": 7.57968710019e-09,
        "dvar": 8.83333801523e-17,
        "dvar2": 1.81898843115e-16,
        "max": 5.85302989756e-29,
        "mean": -1.29659136761e-08,
        "median": -9.58168033804e-09,
        "min": -6.70040734008e-08,
        "stdev": 1.11347882026e-08,
        "var": 1.23983507977e-16
    },
    "spectral_energy": {
        "dmean": 0.0198377240449,
        "dmean2": 0.0289759468287,
        "dvar": 0.00127400050405,
        "dvar2": 0.00261680060066,
        "max": 0.255947470665,
        "mean": 0.0507952868938,
        "median": 0.038262784481,
        "min": 1.04373811251e-20,
        "stdev": 0.0425638444722,
        "var": 0.00181168084964
    },
    "spectral_energyband_high": {
        "dmean": 0.000187126890523,
        "dmean2": 0.000283082132228,
        "dvar": 1.00102859335e-07,
        "dvar2": 2.29826454756e-07,
        "max": 0.00578743079677,
        "mean": 0.00052223453531,
        "median": 0.000356573087629,
        "min": 7.62436604397e-21,
        "stdev": 0.000604631030001,
        "var": 3.65578699757e-07
    },
    "spectral_energyband_low": {
        "dmean": 0.0172612369061,
        "dmean2": 0.0261954795569,
        "dvar": 0.00133207591716,
        "dvar2": 0.0028716805391,
        "max": 0.230007484555,
        "mean": 0.0275376532227,
        "median": 0.0143367033452,
        "min": 3.98294356433e-23,
        "stdev": 0.039882838726,
        "var": 0.00159064074978
    },
    "spectral_energyband_middle_high": {
        "dmean": 0.00175603979733,
        "dmean2": 0.00272673065774,
        "dvar": 5.79178959015e-06,
        "dvar2": 1.50252890307e-05,
        "max": 0.0348029285669,
        "mean": 0.00514464592561,
        "median": 0.003382332623,
        "min": 1.40158898649e-21,
        "stdev": 0.00491124391556,
        "var": 2.4120316084e-05
    },
    "spectral_energyband_middle_low": {
        "dmean": 0.00672265188769,
        "dmean2": 0.0109773641452,
        "dvar": 9.25024578464e-05,
        "dvar2": 0.00025052492856,
        "max": 0.104482240975,
        "mean": 0.0193640030921,
        "median": 0.0168791469187,
        "min": 3.62918021667e-22,
        "stdev": 0.0114888679236,
        "var": 0.000131994092953
    },
    "spectral_entropy": {
        "dmean": 0.156957119703,
        "dmean2": 0.219842508435,
        "dvar": 0.0325041823089,
        "dvar2": 0.0658831521869,
        "max": 9.81257343292,
        "mean": 7.37662315369,
        "median": 7.45029020309,
        "min": 6.01464605331,
        "stdev": 0.42221352458,
        "var": 0.178264260292
    },
    "spectral_flux": {
        "dmean": 0.0364463962615,
        "dmean2": 0.053333427757,
        "dvar": 0.00283060222864,
        "dvar2": 0.00513374153525,
        "max": 0.442857384682,
        "mean": 0.111320145428,
        "median": 0.0878046229482,
        "min": 1.02163499882e-10,
        "stdev": 0.0771967247128,
        "var": 0.00595933431759
    },
    "spectral_kurtosis": {
        "dmean": 2.39366698265,
        "dmean2": 3.97305750847,
        "dvar": 14.5498790741,
        "dvar2": 37.7995643616,
        "max": 59.5726547241,
        "mean": 6.41663360596,
        "median": 4.53817224503,
        "min": -1.18292570114,
        "stdev": 6.26957941055,
        "var": 39.3076248169
    },
    "spectral_rms": {
        "dmean": 0.00115474907216,
        "dmean2": 0.00164059293456,
        "dvar": 2.92878053187e-06,
        "dvar2": 5.53328845854e-06,
        "max": 0.015802051872,
        "mean": 0.00663611898199,
        "median": 0.00610979087651,
        "min": 3.19105158963e-12,
        "stdev": 0.00234910240397,
        "var": 5.5182822507e-06
    },
    "spectral_rolloff": {
        "dmean": 254.147827148,
        "dmean2": 417.536804199,
        "dvar": 464109.1875,
        "dvar2": 768032,
        "max": 18820.0195312,
        "mean": 765.753051758,
        "median": 581.396484375,
        "min": 43.06640625,
        "stdev": 766.903564453,
        "var": 588141.0625
    },
    "spectral_skewness": {
        "dmean": 0.258178830147,
        "dmean2": 0.409368902445,
        "dvar": 0.0916310697794,
        "dvar2": 0.22069901228,
        "max": 5.71362686157,
        "mean": 1.90893125534,
        "median": 1.75710904598,
        "min": 0.0125724198297,
        "stdev": 0.634303689003,
        "var": 0.402341187
    },
    "spectral_spread": {
        "dmean": 531134.4375,
        "dmean2": 685435.5625,
        "dvar": 1.53813424538e+12,
        "dvar2": 1.65076926464e+12,
        "max": 39670568,
        "mean": 4303378,
        "median": 4224983.5,
        "min": 1132519.375,
        "stdev": 1936068.375,
        "var": 3.74836088013e+12
    },
    "spectral_strongpeak": {
        "dmean": 0.412025272846,
        "dmean2": 0.71560972929,
        "dvar": 0.561036884785,
        "dvar2": 1.43899440765,
        "max": 7.68703460693,
        "mean": 0.630188703537,
        "median": 0.364762067795,
        "min": 0,
        "stdev": 0.904703199863,
        "var": 0.818487882614
    },
    "zerocrossingrate": {
        "dmean": 0.00750524550676,
        "dmean2": 0.00901410263032,
        "dvar": 0.00023192052322,
        "dvar2": 0.000254144339124,
        "max": 0.4951171875,
        "mean": 0.0389590263367,
        "median": 0.03662109375,
        "min": 0.001953125,
        "stdev": 0.0231341551989,
        "var": 0.000535189115908
    },
    "barkbands": {
        "dmean": [0.00259607168846, 0.0107106342912, 0.00664877425879, 0.00315351318568, 0.00302995811217, 0.00159122003242, 0.00105512794107, 0.00118268979713, 0.00108226132579, 0.000563122157473, 0.00055981753394, 0.000384452461731, 0.000404108141083, 0.000413040310377, 0.000163603413966, 0.000235350133153, 0.000154428358655, 0.000154375622515, 9.45465726545e-05, 7.05458369339e-05, 4.58345057268e-05, 4.74258013128e-05, 4.82005925733e-05, 3.93718801206e-05, 2.60075630649e-05, 1.17762874652e-05, 9.84368625723e-07],
        "dmean2": [0.00388688733801, 0.0166158527136, 0.0116872452199, 0.00562843075022, 0.0051198406145, 0.00251828017645, 0.00176114705391, 0.00180590420496, 0.00163147435524, 0.000906511035282, 0.000880926905666, 0.000642220082227, 0.000651462352835, 0.000682940590195, 0.00027009981568, 0.000383938167943, 0.000251036690315, 0.000249708915362, 0.00015216684551, 0.000115475697385, 7.21704927855e-05, 7.56112131057e-05, 7.53937492846e-05, 5.96430581936e-05, 3.71790338249e-05, 1.79579674295e-05, 1.69056045252e-06],
        "dvar": [4.00155877287e-05, 0.000605008972343, 0.000235629428062, 5.19207278558e-05, 1.48427243403e-05, 3.77781930183e-06, 1.74478009285e-06, 4.14296482631e-06, 3.75578929379e-06, 1.72071884208e-06, 1.32351613047e-06, 4.25011990046e-07, 5.76959621412e-07, 7.6812551697e-07, 7.93895011952e-08, 4.0780503241e-07, 6.48103295475e-08, 5.75770116029e-08, 1.84774862078e-08, 1.28431141277e-08, 4.8485020443e-09, 6.23314289072e-09, 5.33893906862e-09, 5.02799624158e-09, 4.79702144673e-09, 1.29892574474e-09, 9.24021536369e-12],
        "dvar2": [7.91027778178e-05, 0.00136933464091, 0.000643944484182, 0.000150507534272, 4.01628494728e-05, 1.00784782262e-05, 4.69351152788e-06, 1.08927615656e-05, 7.89543719293e-06, 4.30506725024e-06, 3.46670981344e-06, 1.19279297905e-06, 1.44145008107e-06, 2.00583690457e-06, 2.09097606785e-07, 1.1789348946e-06, 1.70686362821e-07, 1.52662664732e-07, 4.68090561867e-08, 3.6292409078e-08, 1.22901742117e-08, 1.67355338476e-08, 1.34508386651e-08, 1.07659019477e-08, 7.79620723534e-09, 2.43290299018e-09, 2.52143791957e-11],
        "max": [0.0460794046521, 0.151351317763, 0.13343526423, 0.0919417068362, 0.0435832664371, 0.0212483871728, 0.0171733666211, 0.0334809087217, 0.0384721383452, 0.0192908700556, 0.0161102563143, 0.00924881361425, 0.0114654265344, 0.011468696408, 0.00516984425485, 0.00985937286168, 0.00321981380694, 0.00292284903117, 0.00206544506364, 0.00164413859602, 0.000997621333227, 0.0009300968959, 0.000935151416343, 0.00168539048173, 0.00206532026641, 0.00110743183177, 3.82556972909e-05],
        "mean": [0.00312995514832, 0.0143035249785, 0.00838491134346, 0.00392372114584, 0.00603260938078, 0.00328113208525, 0.00180313480087, 0.00209610257298, 0.00206810422242, 0.000909760943614, 0.000838249106891, 0.000636964803562, 0.000651172478683, 0.000671945046633, 0.000280625157757, 0.000375889998395, 0.000292355427518, 0.000298580998788, 0.000198692010599, 0.000149075305671, 9.36172727961e-05, 9.53585476964e-05, 0.000114290116471, 9.17511570151e-05, 5.41513036296e-05, 1.87126206583e-05, 8.96986421139e-07],
        "median": [0.00024415293592, 0.0063645769842, 0.00536453537643, 0.00223285937682, 0.00472641829401, 0.00254035741091, 0.00129544420633, 0.00114778650459, 0.00110355042852, 0.000432874978287, 0.000334535405273, 0.000348768458935, 0.000285618938506, 0.000239265675191, 0.000150149280671, 0.000114861082693, 0.000126300947159, 0.000147641534568, 0.000121123535791, 8.06504467619e-05, 4.54792389064e-05, 4.72611573059e-05, 7.94621810201e-05, 5.53939862584e-05, 2.28990629694e-05, 5.63292906008e-06, 7.13166414812e-08],
        "min": [1.49991866817e-23, 1.79979357055e-23, 1.25429349358e-23, 3.18438298319e-24, 2.95182663056e-23, 6.11110222218e-23, 4.16761716442e-23, 8.90661637991e-23, 8.84812013498e-23, 7.88137929979e-23, 2.71323912076e-23, 5.219954141e-23, 1.03676536718e-22, 2.10630859917e-22, 1.44033909633e-22, 7.30846559638e-23, 1.99603556338e-22, 2.40778296437e-22, 1.96189732372e-22, 2.22037510927e-22, 3.35926104499e-22, 5.9574346422e-22, 5.50543526642e-22, 9.09256275974e-22, 1.23958255352e-21, 1.73860460256e-21, 2.28478695271e-21],
        "stdev": [0.00754077639431, 0.0254986491054, 0.0127271069214, 0.00614391546696, 0.00475332420319, 0.00276514794677, 0.00179306883365, 0.00274523370899, 0.00333724101074, 0.00176506547723, 0.00152761349455, 0.000887594302185, 0.00110173714347, 0.00134101731237, 0.000370403489796, 0.000873797980603, 0.000397844502004, 0.000363577943062, 0.00021960347658, 0.000174659435288, 0.000112478403025, 0.000120720353152, 0.000124133948702, 0.00013421017502, 0.000138044546475, 5.88466173213e-05, 2.69011570708e-06],
        "var": [5.68633076909e-05, 0.000650181085803, 0.000161979245604, 3.77476972062e-05, 2.2594091206e-05, 7.64604283177e-06, 3.21509583046e-06, 7.53630820327e-06, 1.11371782623e-05, 3.1154561384e-06, 2.33360310631e-06, 7.87823637438e-07, 1.21382481666e-06, 1.79832738922e-06, 1.37198753691e-07, 7.63522905345e-07, 1.58280258233e-07, 1.32188915813e-07, 4.8225690108e-08, 3.05059195682e-08, 1.26513910459e-08, 1.45734038171e-08, 1.54092383298e-08, 1.80123720384e-08, 1.9056297873e-08, 3.46292439168e-09, 7.23672250597e-12]
    },
    "erbbands": {
        "dmean": [0.480825006962, 2.19722628593, 6.95610523224, 9.38188934326, 8.17400169373, 12.3849363327, 13.2653751373, 14.1072568893, 7.63129615784, 26.7790794373, 22.7922763824, 15.376616478, 28.1468830109, 16.2669296265, 18.6397686005, 10.7136287689, 15.835316658, 24.4365653992, 8.76549434662, 8.01704025269, 14.7330160141, 9.62099456787, 8.40275287628, 4.39617586136, 5.36471796036, 2.94523096085, 2.18757081032, 1.590077281, 1.72933936119, 1.59566414356, 1.40438866615, 0.95391023159, 0.625581741333, 0.317708015442, 0.171180203557, 0.0669117346406, 0.020161639899, 0.00320620648563, 0.000106697894807, 2.25628918997e-05],
        "dmean2": [0.711096584797, 3.74386262894, 12.1957015991, 16.3735923767, 14.3447303772, 20.7243366241, 21.9077835083, 21.6064529419, 12.2544307709, 42.7524528503, 34.5947532654, 23.8403816223, 42.9406890869, 25.4650154114, 30.1371173859, 17.7615032196, 25.6075992584, 39.5337715149, 14.6126308441, 13.1332788467, 24.034362793, 15.7124214172, 13.6806116104, 6.99566936493, 8.63449668884, 4.80444145203, 3.55343699455, 2.45887589455, 2.79191184044, 2.53024983406, 2.19986391068, 1.48284733295, 0.957931697369, 0.455152153969, 0.259706646204, 0.0985833927989, 0.0310488101095, 0.00519412010908, 0.000172867206857, 3.18526545016e-05],
        "dvar": [1.2309782505, 31.2855529785, 254.380706787, 599.73614502, 144.90586853, 241.721405029, 326.839111328, 329.480926514, 85.4390029907, 1356.38977051, 2077.67041016, 699.963928223, 2698.52270508, 897.714782715, 1432.91418457, 307.482391357, 894.92779541, 2901.94140625, 346.268188477, 180.10748291, 1773.78503418, 256.771881104, 180.028747559, 36.3784446716, 69.0168533325, 20.7221641541, 11.8731689453, 6.53483819962, 8.98513126373, 6.8998208046, 4.03051376343, 2.65444874763, 1.46345710754, 0.584495604038, 0.255521059036, 0.0513314120471, 0.00314778694883, 6.52144153719e-05, 1.08246943853e-07, 1.49765810864e-09],
        "dvar2": [2.728546381, 82.9521484375, 695.06072998, 1677.89831543, 415.547729492, 625.995361328, 848.305175781, 816.277893066, 229.820831299, 3490.01000977, 5520.12207031, 1504.61669922, 6354.58007812, 2251.09960938, 3941.3269043, 851.217590332, 2209.19067383, 7497.36328125, 945.914978027, 444.422790527, 5078.26318359, 666.114501953, 473.804962158, 89.8471603394, 183.930328369, 55.1633605957, 31.23670578, 16.3511924744, 24.2810325623, 17.9139308929, 10.2521734238, 6.23403835297, 3.08942008018, 0.903817594051, 0.44761249423, 0.0862864851952, 0.00621159700677, 0.00017237663269, 2.92283488079e-07, 2.87454593462e-09],
        "max": [8.26076793671, 39.5370407104, 109.585289001, 299.748657227, 112.328659058, 199.18989563, 167.525054932, 257.505187988, 98.2751998901, 611.714050293, 943.444030762, 467.052001953, 835.26361084, 600.094360352, 597.644470215, 254.743026733, 501.521087646, 860.270324707, 408.893829346, 146.890533447, 669.99017334, 247.083312988, 179.063064575, 75.8681335449, 126.776725769, 56.0206336975, 39.3143386841, 40.0046844482, 39.261177063, 31.7097511292, 25.6316165924, 32.6766204834, 27.5189342499, 21.7671279907, 14.5412387848, 7.81825351715, 1.49197363853, 0.0824603885412, 0.00444320077077, 0.000290622992907],
        "mean": [0.551582336426, 2.69458889961, 8.97027206421, 12.2499761581, 13.8527879715, 23.5710277557, 23.469751358, 29.0654907227, 17.6615772247, 48.1504631042, 42.9381561279, 31.2518157959, 51.6372413635, 29.4792175293, 31.8365631104, 20.174161911, 28.4601783752, 41.638053894, 15.7964773178, 15.5204257965, 23.7702903748, 19.6784496307, 16.9907150269, 9.78585910797, 11.3559570312, 6.68371295929, 4.32027101517, 3.2250919342, 3.44392991066, 3.39887547493, 3.26183533669, 2.19193792343, 1.3700543642, 0.6883289814, 0.3434664011, 0.113534115255, 0.0305754151195, 0.00395682454109, 0.000135539099574, 6.15722237853e-05],
        "median": [0.165672048926, 1.47271049023, 5.65975189209, 7.52197217941, 9.54067993164, 17.3550186157, 16.2360134125, 22.0149269104, 14.9100189209, 34.0895690918, 23.0909442902, 18.043138504, 28.2812805176, 15.8272094727, 14.317155838, 11.8295059204, 12.9407711029, 15.2434148788, 8.10398101807, 7.51244688034, 7.46458721161, 8.6404876709, 8.53354644775, 6.08146333694, 6.43635511398, 3.72348165512, 2.3477294445, 1.38686323166, 1.53091788292, 2.06857800484, 2.25750517845, 1.41608691216, 0.780085921288, 0.302545130253, 0.135790809989, 0.0395006723702, 0.00809962116182, 0.000802930153441, 4.2651889089e-05, 4.73308973596e-05],
        "min": [6.21697720064e-22, 3.99784064086e-21, 1.24972959183e-20, 1.52614742237e-20, 2.8574330644e-20, 1.00010808336e-19, 3.83146673464e-19, 3.97814653676e-19, 5.57174488353e-19, 8.75268964259e-19, 2.50568930769e-18, 1.58280338128e-18, 3.54637764405e-18, 1.08461710696e-18, 1.73022826634e-18, 2.10687637626e-18, 4.92039950135e-18, 8.39224527708e-18, 1.16819632527e-17, 4.42842349228e-18, 5.1716477542e-18, 1.09654122568e-17, 1.40380871387e-17, 1.13515740812e-17, 8.077067957e-18, 1.24408055118e-17, 1.23564239903e-17, 1.48773677493e-17, 1.96401000084e-17, 1.89772024286e-17, 1.76480704224e-17, 1.67818187608e-17, 1.62630640201e-17, 1.22276543028e-17, 9.47913413219e-18, 5.73529193231e-18, 3.34731766362e-18, 1.39010721149e-18, 3.36321426553e-19, 3.18531615011e-20],
        "stdev": [1.18938982487, 4.8196606636, 13.1650819778, 20.2924079895, 13.4710817337, 20.8805503845, 23.3921909332, 25.7064037323, 12.341999054, 48.8053855896, 59.39112854, 44.7257881165, 75.8524475098, 44.3682823181, 51.5478591919, 25.0029373169, 45.6232643127, 83.7397384644, 22.8207073212, 20.7516555786, 56.9530563354, 26.9764957428, 20.3677082062, 10.5771408081, 13.2457370758, 7.6667804718, 5.04717731476, 4.21569871902, 4.49351835251, 3.93944883347, 3.53510951996, 2.9022758007, 2.24003362656, 1.5734899044, 0.960798501968, 0.393893837929, 0.0901112928987, 0.00857943482697, 0.000304771121591, 4.96384927828e-05],
        "var": [1.41464817524, 23.2291297913, 173.319381714, 411.781860352, 181.470046997, 435.997375488, 547.194580078, 660.819213867, 152.324935913, 2381.96557617, 3527.30615234, 2000.39599609, 5753.59375, 1968.54443359, 2657.18164062, 625.146850586, 2081.48217773, 7012.34326172, 520.784667969, 430.631225586, 3243.65063477, 727.731323242, 414.843566895, 111.875915527, 175.449554443, 58.7795219421, 25.4739971161, 17.7721176147, 20.1917076111, 15.5192565918, 12.4969997406, 8.423204422, 5.01775074005, 2.47587037086, 0.923133730888, 0.155152365565, 0.00812004506588, 7.3606694059e-05, 9.2885429126e-08, 2.463979909e-09]
    },
    "gfcc": {
        "mean": [20.6873683929, 125.718231201, -104.530014038, 32.9278297424, -58.2015800476, 16.9101352692, -36.9836425781, 11.1957578659, -19.9019565582, -3.27225446701, -10.0063257217, -3.32854008675, -11.9668169022],
        "cov": [[4665.57421875, -1540.40734863, -175.193252563, 381.496520996, -367.298736572, 402.680877686, -302.009155273, 268.217193604, -198.920883179, 163.676742554, -231.974075317, 183.228042603, -181.512390137], [-1540.40734863, 1397.46618652, -156.90586853, -255.770996094, 231.967559814, -281.276702881, 246.034805298, -196.274627686, 151.580184937, -145.5103302, 176.293289185, -169.696914673, 118.328636169], [-175.193252563, -156.90586853, 510.1824646, 23.5414352417, 29.0313892365, 58.6908988953, -0.492981672287, 37.9884185791, -26.6565093994, 82.0773391724, -16.6458492279, 68.4281234741, 6.38757419586], [381.496520996, -255.770996094, 23.5414352417, 206.444030762, -22.0175418854, 30.5884990692, -54.4936141968, 35.76354599, 11.6207742691, 9.1130437851, -39.6645965576, 32.3594970703, 16.5767173767], [-367.298736572, 231.967559814, 29.0313892365, -22.0175418854, 155.160385132, -50.3252105713, 70.0458831787, -25.2172374725, 35.8984298706, -4.37394762039, 27.7381839752, -4.56573057175, 32.5815353394], [402.680877686, -281.276702881, 58.6908988953, 30.5884990692, -50.3252105713, 186.737915039, 4.73839950562, 43.7963829041, -38.5514373779, 49.4327468872, -6.65219783783, 36.7322120667, -24.6180610657], [-302.009155273, 246.034805298, -0.492981672287, -54.4936141968, 70.0458831787, 4.73839950562, 179.15423584, -42.3777008057, 23.0587329865, 5.53682231903, 34.5164489746, -18.3345947266, 24.0788631439], [268.217193604, -196.274627686, 37.9884185791, 35.76354599, -25.2172374725, 43.7963829041, -42.3777008057, 103.295059204, 2.20984911919, 23.0035362244, -17.1059741974, 28.0355453491, -11.4465675354], [-198.920883179, 151.580184937, -26.6565093994, 11.6207742691, 35.8984298706, -38.5514373779, 23.0587329865, 2.20984911919, 91.5656738281, -14.025434494, 17.5664100647, -18.3352489471, 28.2769088745], [163.676742554, -145.5103302, 82.0773391724, 9.1130437851, -4.37394762039, 49.4327468872, 5.53682231903, 23.0035362244, -14.025434494, 86.6339950562, -1.03483724594, 29.4524841309, -9.91781044006], [-231.974075317, 176.293289185, -16.6458492279, -39.6645965576, 27.7381839752, -6.65219783783, 34.5164489746, -17.1059741974, 17.5664100647, -1.03483724594, 83.2244338989, -10.1114788055, 7.55348348618], [183.228042603, -169.696914673, 68.4281234741, 32.3594970703, -4.56573057175, 36.7322120667, -18.3345947266, 28.0355453491, -18.3352489471, 29.4524841309, -10.1114788055, 75.9450378418, 4.24987077713], [-181.512390137, 118.328636169, 6.38757419586, 16.5767173767, 32.5815353394, -24.6180610657, 24.0788631439, -11.4465675354, 28.2769088745, -9.91781044006, 7.55348348618, 4.24987077713, 78.7318572998]],
        "icov": [[0.000542727531865, -0.000522147340234, 0.000571982178371, -0.000944580358919, 0.000567907467484, -0.000837555562612, 0.000401623983635, -0.000797750544734, 0.00074663158739, -0.00104473100509, 0.00130831589922, -0.00105379859451, 0.000984341837466], [-0.000522147340234, 0.00676778331399, -0.00121613510419, 0.00468502100557, -0.00287962867878, 0.00464622536674, -0.00351497530937, 0.00396734615788, -0.00396761950105, 0.00571111636236, -0.00796817615628, 0.00681817438453, -0.00542594958097], [0.000571982178371, -0.00121613510419, 0.00322643690743, -0.00128639780451, 2.54363148997e-05, -0.00148377334699, 0.000893002084922, -0.00144006754272, 0.00156836677343, -0.00343984691426, 0.00256980350241, -0.00299769756384, 0.00111724121962], [-0.000944580358919, 0.00468502100557, -0.00128639780451, 0.0105257770047, -0.00243752612732, 0.00242723012343, -0.000764635042287, 0.00307002640329, -0.00538302352652, 0.00466377241537, -0.00365664483979, 0.00353510212153, -0.00620206166059], [0.000567907467484, -0.00287962867878, 2.54363148997e-05, -0.00243752612732, 0.0113788228482, 0.000353850715328, -0.00175854715053, -0.00175710418262, 0.000230277277296, -0.00292673334479, 0.00235560489818, -0.00462623778731, 0.00140477647074], [-0.000837555562612, 0.00464622536674, -0.00148377334699, 0.00242723012343, 0.000353850715328, 0.0123504372314, -0.00522273639217, 0.000460206938442, -0.000531618075911, 0.00197471980937, -0.00734023563564, 0.00361735722981, -0.00297639821656], [0.000401623983635, -0.00351497530937, 0.000893002084922, -0.000764635042287, -0.00175854715053, -0.00522273639217, 0.0108207017183, 0.000759367714636, 0.000595794175752, -0.00437358394265, 0.00364878936671, -0.00229100324214, 0.00120166456327], [-0.000797750544734, 0.00396734615788, -0.00144006754272, 0.00307002640329, -0.00175710418262, 0.000460206938442, 0.000759367714636, 0.0167454220355, -0.00671037472785, 0.00247183116153, -0.00387192377821, 0.00148390303366, -0.00224520708434], [0.00074663158739, -0.00396761950105, 0.00156836677343, -0.00538302352652, 0.000230277277296, -0.000531618075911, 0.000595794175752, -0.00671037472785, 0.018857402727, -0.0036728004925, 0.00240566814318, -0.000587879563682, -0.000163266508025], [-0.00104473100509, 0.00571111636236, -0.00343984691426, 0.00466377241537, -0.00292673334479, 0.00197471980937, -0.00437358394265, 0.00247183116153, -0.0036728004925, 0.0221543069929, -0.00830624252558, 0.00290161999874, -0.00341913220473], [0.00130831589922, -0.00796817615628, 0.00256980350241, -0.00365664483979, 0.00235560489818, -0.00734023563564, 0.00364878936671, -0.00387192377821, 0.00240566814318, -0.00830624252558, 0.0253245010972, -0.00892012845725, 0.00674600340426], [-0.00105379859451, 0.00681817438453, -0.00299769756384, 0.00353510212153, -0.00462623778731, 0.00361735722981, -0.00229100324214, 0.00148390303366, -0.000587879563682, 0.00290161999874, -0.00892012845725, 0.0270734447986, -0.00924482196569], [0.000984341837466, -0.00542594958097, 0.00111724121962, -0.00620206166059, 0.00140477647074, -0.00297639821656, 0.00120166456327, -0.00224520708434, -0.000163266508025, -0.00341913220473, 0.00674600340426, -0.00924482196569, 0.0216145180166]]
    },
    "melbands": {
        "dmean": [0.00341493054293, 0.00320721440949, 0.001503725769, 0.000618175719865, 0.000494602019899, 0.000300277722999, 0.000142601464177, 0.000290008611046, 0.000166169949807, 0.000126056445879, 0.000146656864672, 7.00899690855e-05, 7.63641146477e-05, 4.78515794384e-05, 2.30785262829e-05, 5.40857363376e-05, 4.30936415796e-05, 1.58841630764e-05, 1.30108282974e-05, 1.12707193693e-05, 1.79875532922e-05, 1.10855035018e-05, 8.90774208528e-06, 6.71955558573e-06, 3.60392209586e-06, 4.19285879616e-06, 3.87046475225e-06, 1.84766417988e-06, 1.54800432028e-06, 1.12626185e-06, 9.56982148637e-07, 1.01289288068e-06, 1.02619173958e-06, 9.46404668412e-07, 8.97340555639e-07, 7.37616062452e-07, 5.94598247972e-07, 5.1358415476e-07, 3.2851778542e-07, 2.77003039173e-07],
        "dmean2": [0.00509152095765, 0.00555595150217, 0.00262707145885, 0.00106415711343, 0.000813148741145, 0.00046477097203, 0.000234278268181, 0.000455240980955, 0.000253155187238, 0.000192574429093, 0.000224054019782, 0.000110753622721, 0.000121384895465, 8.08003242128e-05, 3.82848993468e-05, 8.82075255504e-05, 6.99421507306e-05, 2.68050916929e-05, 2.19470566662e-05, 1.82807470992e-05, 2.96870512102e-05, 1.80111364898e-05, 1.47072169057e-05, 1.1084961443e-05, 5.73125907977e-06, 6.80826542521e-06, 6.33866147837e-06, 3.0207168038e-06, 2.57501437773e-06, 1.7864089159e-06, 1.52127790898e-06, 1.67572397913e-06, 1.65908249983e-06, 1.51448398356e-06, 1.43466468217e-06, 1.16836736197e-06, 9.36880496738e-07, 8.01849068921e-07, 4.61219599401e-07, 4.14784409486e-07],
        "dvar": [5.93227741774e-05, 5.72803874093e-05, 1.20681161206e-05, 7.14336465535e-07, 3.9172246602e-07, 1.40130211435e-07, 2.72842015647e-08, 1.55112900302e-07, 1.25005897189e-07, 5.0205755997e-08, 7.23009208059e-08, 1.80230443902e-08, 2.61701078585e-08, 7.29727300808e-09, 1.64425839611e-09, 1.02971693394e-08, 9.9858183944e-09, 1.39280587064e-09, 4.37102964934e-10, 5.79228054409e-10, 2.57083399013e-09, 3.78344439111e-10, 2.01038782843e-10, 1.21672352749e-10, 2.27494065252e-11, 3.81447824715e-11, 3.97673075025e-11, 9.27127038336e-12, 6.10306857135e-12, 3.02459099433e-12, 2.63543505595e-12, 3.26001118461e-12, 2.94074747192e-12, 2.36942128244e-12, 1.62729183427e-12, 1.548684141e-12, 1.03647830336e-12, 9.59270640352e-13, 5.38310715448e-13, 4.56656251441e-13],
        "dvar2": [0.00012456755212, 0.00015416253882, 3.34067226504e-05, 1.94241329154e-06, 1.02282433545e-06, 3.5168986301e-07, 7.51965032464e-08, 3.96013405179e-07, 3.25391795286e-07, 1.0535181616e-07, 1.69315498511e-07, 4.609305293e-08, 7.11512697649e-08, 2.03451140379e-08, 4.39829328513e-09, 2.55827536932e-08, 2.59696939509e-08, 3.79986797583e-09, 1.23657450946e-09, 1.52761348016e-09, 7.51080975192e-09, 9.8605512644e-10, 5.2890342106e-10, 3.18006537769e-10, 5.73377005597e-11, 9.75956260252e-11, 1.11593206897e-10, 2.46871689757e-11, 1.60822674622e-11, 7.72644535157e-12, 6.64759913782e-12, 8.93833358023e-12, 7.9210240797e-12, 6.11398908931e-12, 4.12070941605e-12, 4.12833612781e-12, 2.35838215276e-12, 2.17114997855e-12, 9.0505147864e-13, 7.95756635499e-13],
        "max": [0.0563385374844, 0.0480039343238, 0.0404744744301, 0.011250522919, 0.00550104212016, 0.00506046274677, 0.00181457423605, 0.00640734191984, 0.00740811461583, 0.0044632833451, 0.00423581339419, 0.00239102565683, 0.00232944381423, 0.00118331855629, 0.000682068290189, 0.00139884336386, 0.00143238576129, 0.000776055734605, 0.000258593237959, 0.000317872298183, 0.000877883168869, 0.000262818968622, 0.000174660875928, 0.000138186340337, 6.08534137427e-05, 8.41005821712e-05, 0.000102829850221, 4.66236597276e-05, 2.48029245995e-05, 2.0839712306e-05, 2.52706031461e-05, 2.46021336352e-05, 1.78161426447e-05, 1.91081580851e-05, 1.50088271766e-05, 2.39687251451e-05, 1.94438034669e-05, 1.84876116691e-05, 2.34634626395e-05, 1.58614548127e-05],
        "mean": [0.0044809919782, 0.00423868047073, 0.00218488718383, 0.00124680611771, 0.000926530105062, 0.000624838343356, 0.000311889627483, 0.000544454902411, 0.000306175556034, 0.000238779844949, 0.000266100803856, 0.000120955548482, 0.00011961657583, 7.54849024815e-05, 3.7511021219e-05, 8.81485975697e-05, 7.14616762707e-05, 2.44247639785e-05, 2.17378346861e-05, 1.97973440663e-05, 2.74653848464e-05, 1.97598656086e-05, 1.75592304004e-05, 1.23652498587e-05, 7.20321031622e-06, 8.27711482998e-06, 7.49649643694e-06, 3.66975382349e-06, 2.76262903753e-06, 2.14531178244e-06, 1.74565525413e-06, 1.8963586399e-06, 1.93279970517e-06, 1.90487685359e-06, 1.97058329832e-06, 1.5754138758e-06, 1.25239171211e-06, 1.05015283225e-06, 6.73677220675e-07, 5.52440724277e-07],
        "median": [0.00165208429098, 0.00267078517936, 0.00146550184581, 0.000957225624006, 0.000678670417983, 0.000484507821966, 0.000258512387518, 0.000375127332518, 0.000157062822836, 0.000131192689878, 0.000142968652654, 6.2824889028e-05, 4.85465025122e-05, 3.73585608031e-05, 2.06027179956e-05, 3.6791589082e-05, 2.42207497649e-05, 1.08800095404e-05, 1.18759817269e-05, 7.3978335422e-06, 8.26728501124e-06, 7.82346978667e-06, 8.43845646159e-06, 6.15470207777e-06, 4.35046695202e-06, 4.74234047942e-06, 4.00487897423e-06, 1.95648772205e-06, 1.49806010086e-06, 9.49127354488e-07, 6.79530216985e-07, 7.56202894081e-07, 1.03359104742e-06, 1.21241566831e-06, 1.35455809414e-06, 1.00564693639e-06, 7.56454028306e-07, 5.54475889203e-07, 3.17431272379e-07, 2.14709913848e-07],
        "min": [6.29835934173e-24, 5.93187231454e-24, 2.77982217605e-24, 4.54012091263e-24, 1.19135888054e-23, 1.03678860702e-23, 8.51540321762e-24, 1.05093098979e-23, 2.08785622752e-23, 1.00102646563e-23, 1.77621136265e-23, 4.19198831211e-24, 4.65980255043e-24, 6.16202524465e-24, 8.63012489248e-24, 9.11044573159e-24, 1.73242658474e-23, 2.15989595201e-23, 7.40289713767e-24, 4.74983761213e-24, 6.52239544438e-24, 1.28068309967e-23, 1.08005699658e-23, 1.22294266237e-23, 9.00466973939e-24, 6.10622595738e-24, 5.96876812794e-24, 8.54873732403e-24, 7.51510865714e-24, 8.24682053408e-24, 8.81170252906e-24, 1.18851369591e-23, 1.07818629183e-23, 9.25284380245e-24, 9.68481614554e-24, 9.77713101526e-24, 1.02625557844e-23, 1.17374629865e-23, 1.07587279946e-23, 9.93965608325e-24],
        "stdev": [0.00858939252794, 0.00631571793929, 0.00299356691539, 0.00101236382034, 0.000830980134197, 0.000537497224286, 0.000223164795898, 0.000540403067134, 0.000473673746455, 0.000376846175641, 0.000393104797695, 0.000194546533749, 0.000215787600609, 0.000114297072287, 5.51231169084e-05, 0.000150863794261, 0.000157257614774, 4.30711770605e-05, 2.75607217191e-05, 3.47346867784e-05, 6.8240085966e-05, 2.9075117709e-05, 2.17360247916e-05, 1.56156474986e-05, 8.02364866104e-06, 9.59024055192e-06, 9.33453520702e-06, 4.7182616072e-06, 3.32574109052e-06, 2.75619254353e-06, 2.46641798185e-06, 2.569603339e-06, 2.47641969509e-06, 2.22154130824e-06, 2.15003342419e-06, 2.01692478186e-06, 1.73765670297e-06, 1.67863629486e-06, 1.45136073115e-06, 1.30728881231e-06],
        "var": [7.3777657235e-05, 3.98882912123e-05, 8.96144229046e-06, 1.0248804756e-06, 6.90527997449e-07, 2.88903294177e-07, 4.98025229945e-08, 2.92035451821e-07, 2.24366829116e-07, 1.42013035997e-07, 1.54531377916e-07, 3.7848352008e-08, 4.65642884251e-08, 1.3063821136e-08, 3.03855807182e-09, 2.275988642e-08, 2.47299585254e-08, 1.85512638584e-09, 7.59593388189e-10, 1.20649856772e-09, 4.65670924044e-09, 8.45362502222e-10, 4.72454797507e-10, 2.43848441439e-10, 6.43789327404e-11, 9.19727141668e-11, 8.71335503749e-11, 2.22619908619e-11, 1.10605535147e-11, 7.59659696259e-12, 6.08321726325e-12, 6.60286105306e-12, 6.13265428023e-12, 4.93524622211e-12, 4.62264384757e-12, 4.06798596544e-12, 3.01945079183e-12, 2.81781976225e-12, 2.10644782866e-12, 1.70900414046e-12]
    },
    "melbands128": {
