{
"lowlevel": {
    "average_loudness": 0.977207958698,
    "barkbands_crest": {
        "dmean": 2.6729528904,
        "dmean2": 3.9613006115,
        "dvar": 8.23545265198,
        "dvar2": 14.4111824036,
        "max": 26.3706798553,
        "mean": 14.023859024,
        "median": 13.0401878357,
        "min": 4.05457687378,
        "stdev": 5.1138882637,
        "var": 26.1518535614
    },
    "barkbands_flatness_db": {
        "dmean": 0.0362584218383,
        "dmean2": 0.0488548837602,
        "dvar": 0.00140878930688,
        "dvar2": 0.00240179430693,
        "max": 0.578088700771,
        "mean": 0.246943429112,
        "median": 0.236440241337,
        "min": 0.0427834242582,
        "stdev": 0.0874157771468,
        "var": 0.00764151802287
    },
    "barkbands_kurtosis": {
        "dmean": 12.3978567123,
        "dmean2": 17.7180709839,
        "dvar": 546.997436523,
        "dvar2": 1071.15783691,
        "max": 436.967803955,
        "mean": 21.1594390869,
        "median": 9.59757041931,
        "min": -1.73738396168,
        "stdev": 32.3860054016,
        "var": 1048.85339355
    },
    "barkbands_skewness": {
        "dmean": 1.00055134296,
        "dmean2": 1.36145234108,
        "dvar": 1.32793080807,
        "dvar2": 2.38712882996,
        "max": 15.1245765686,
        "mean": 3.1052672863,
        "median": 2.5643362999,
        "min": -1.80906808376,
        "stdev": 2.10124945641,
        "var": 4.41524887085
    },
    "barkbands_spread": {
        "dmean": 3.80437350273,
        "dmean2": 5.54019117355,
        "dvar": 48.9414596558,
        "dvar2": 110.915184021,
        "max": 70.3894195557,
        "mean": 8.50135803223,
        "median": 5.66208934784,
        "min": 0.167476072907,
        "stdev": 9.10553359985,
        "var": 82.910736084
    },
    "dissonance": {
        "dmean": 0.0407505296171,
        "dmean2": 0.0686454623938,
        "dvar": 0.00156163133215,
        "dvar2": 0.00411033723503,
        "max": 0.499619692564,
        "mean": 0.413837760687,
        "median": 0.422411561012,
        "min": 0.0430518016219,
        "stdev": 0.0535870715976,
        "var": 0.0028715741355
    },
    "dynamic_complexity": 2.92254376411,
    "erbbands_crest": {
        "dmean": 2.67260289192,
        "dmean2": 4.27721595764,
        "dvar": 5.61478900909,
        "dvar2": 14.2127151489,
        "max": 23.9464073181,
        "mean": 9.81728744507,
        "median": 9.34431171417,
        "min": 2.50033354759,
        "stdev": 3.61827206612,
        "var": 13.0918931961
    },
    "erbbands_flatness_db": {
        "dmean": 0.0244324784726,
        "dmean2": 0.0322013013065,
        "dvar": 0.0006788247847,
        "dvar2": 0.00111521512736,
        "max": 0.35587823391,
        "mean": 0.179031297565,
        "median": 0.176520064473,
        "min": 0.0591291375458,
        "stdev": 0.0588089153171,
        "var": 0.00345848873258
    },
    "erbbands_kurtosis": {
        "dmean": 2.02957820892,
        "dmean2": 3.15274381638,
        "dvar": 6.09829473495,
        "dvar2": 14.8779716492,
        "max": 34.4932098389,
        "mean": 2.86298418045,
        "median": 2.0248003006,
        "min": -1.7523368597,
        "stdev": 3.71466636658,
        "var": 13.798746109
    },
    "erbbands_skewness": {
        "dmean": 0.523487746716,
        "dmean2": 0.798275351524,
        "dvar": 0.23295815289,
        "dvar2": 0.584719061852,
        "max": 4.75012493134,
        "mean": 1.01301586628,
        "median": 0.97450107336,
        "min": -1.61290562153,
        "stdev": 0.862359523773,
        "var": 0.743663966656
    },
    "erbbands_spread": {
        "dmean": 11.528263092,
        "dmean2": 16.1788578033,
        "dvar": 265.000396729,
        "dvar2": 559.822753906,
        "max": 140.882766724,
        "mean": 32.4948959351,
        "median": 23.616853714,
        "min": 4.69202756882,
        "stdev": 25.3188056946,
        "var": 641.041931152
    },
    "hfc": {
        "dmean": 6.04587030411,
        "dmean2": 9.13944339752,
        "dvar": 103.093154907,
        "dvar2": 225.032684326,
        "max": 86.4476699829,
        "mean": 12.0152168274,
        "median": 8.16045570374,
        "min": 1.16485228221e-16,
        "stdev": 12.2023210526,
        "var": 148.896636963
    },
    "loudness_ebu128": {
        "integrated": -7.76175498962,
        "loudness_range": 1.47275209427,
        "momentary": {
            "dmean": 0.835044145584,
            "dmean2": 1.21121275425,
            "dvar": 1.20360898972,
            "dvar2": 2.02504825592,
            "max": -5.1792049408,
            "mean": -8.2876625061,
            "median": -7.81332826614,
            "min": -25.8306465149,
            "stdev": 2.41279196739,
            "var": 5.82156562805
        },
        "short_term": {
            "dmean": 0.118114806712,
            "dmean2": 0.190433517098,
            "dvar": 0.00695478357375,
            "dvar2": 0.0225686971098,
            "max": -6.79266548157,
            "mean": -7.85870218277,
            "median": -7.8806552887,
            "min": -9.15902423859,
            "stdev": 0.480563431978,
            "var": 0.230941221118
        }
    },
    "melbands_crest": {
        "dmean": 3.19698643684,
        "dmean2": 5.04466056824,
        "dvar": 11.3328905106,
        "dvar2": 26.3935546875,
        "max": 31.8375720978,
        "mean": 17.3371315002,
        "median": 17.0017776489,
        "min": 2.03548955917,
        "stdev": 5.5241727829,
        "var": 30.5164833069
    },
    "melbands_flatness_db": {
        "dmean": 0.0420769006014,
        "dmean2": 0.055047120899,
        "dvar": 0.00196846923791,
        "dvar2": 0.00334943970665,
        "max": 0.721372008324,
        "mean": 0.35031247139,
        "median": 0.344420462847,
        "min": 0.00644430238754,
        "stdev": 0.106493115425,
        "var": 0.011340783909
    },
    "melbands_kurtosis": {
        "dmean": 21.3744602203,
        "dmean2": 31.4264831543,
        "dvar": 1332.72900391,
        "dvar2": 2891.11474609,
        "max": 422.331359863,
        "mean": 36.7194747925,
        "median": 16.827331543,
        "min": -1.58489656448,
        "stdev": 53.1886482239,
        "var": 2829.03222656
    },
    "melbands_skewness": {
        "dmean": 1.21182572842,
        "dmean2": 1.73081481457,
        "dvar": 2.16561174393,
        "dvar2": 4.53039693832,
        "max": 17.0534000397,
        "mean": 3.75827026367,
        "median": 3.13267326355,
        "min": -0.646024048328,
        "stdev": 2.43924355507,
        "var": 5.94990921021
    },
    "melbands_spread": {
        "dmean": 3.05724048615,
        "dmean2": 4.44702672958,
        "dvar": 50.1510696411,
        "dvar2": 95.7497329712,
        "max": 183.232055664,
        "mean": 7.44119119644,
        "median": 4.96623468399,
        "min": 0.331594884396,
        "stdev": 10.4355192184,
        "var": 108.900062561
    },
    "pitch_salience": {
        "dmean": 0.0933265537024,
        "dmean2": 0.143694028258,
        "dvar": 0.0108504313976,
        "dvar2": 0.0240288097411,
        "max": 0.879774272442,
        "mean": 0.461767673492,
        "median": 0.457023262978,
        "min": 0.0595387332141,
        "stdev": 0.158249869943,
        "var": 0.0250430218875
    },
    "silence_rate_20dB": {
        "dmean": 0,
        "dmean2": 0,
        "dvar": 0,
        "dvar2": 0,
        "max": 1,
        "mean": 1,
        "median": 1,
        "min": 1,
        "stdev": 0,
        "var": 0
    },
    "silence_rate_30dB": {
        "dmean": 0.106811143458,
        "dmean2": 0.213787764311,
        "dvar": 0.0954013243318,
        "dvar2": 0.172728911042,
        "max": 1,
        "mean": 0.827532887459,
        "median": 1,
        "min": 0,
        "stdev": 0.377785056829,
        "var": 0.142721548676
    },
    "silence_rate_60dB": {
        "dmean": 0.0193498451263,
        "dmean2": 0.0387296676636,
        "dvar": 0.0189753193408,
        "dvar2": 0.043425783515,
        "max": 1,
        "mean": 0.040989946574,
        "median": 0,
        "min": 0,
        "stdev": 0.198266804218,
        "var": 0.0393097251654
    },
    "spectral_centroid": {
        "dmean": 173.917816162,
        "dmean2": 250.576034546,
        "dvar": 144284.71875,
        "dvar2": 234234.59375,
        "max": 11318.75,
        "mean": 555.18536377,
        "median": 410.859680176,
        "min": 112.527656555,
        "stdev": 516.624389648,
        "var": 266900.78125
    },
    "spectral_complexity": {
        "dmean": 2.74612998962,
        "dmean2": 4.26645994186,
        "dvar": 23.474187851,
        "dvar2": 46.2479782104,
        "max": 53,
        "mean": 10.250579834,
        "median": 9,
        "min": 0,
        "stdev": 6.14511060715,
        "var": 37.762386322
    },
    "spectral_decrease": {
        "dmean": 6.06151839833e-09,
        "dmean2": 9.06803698797e-09,
        "dvar": 8.86415611788e-17,
        "dvar2": 1.65062329518e-16,
        "max": 1.82353878167e-29,
        "mean": -1.38747280332e-08,
        "median": -7.93320342751e-09,
        "min": -6.31213765701e-08,
        "stdev": 1.37254492216e-08,
        "var": 1.88387962524e-16
    },
    "spectral_energy": {
        "dmean": 0.0232809092849,
        "dmean2": 0.0348260737956,
        "dvar": 0.00129963690415,
        "dvar2": 0.00242270017043,
        "max": 0.240935876966,
        "mean": 0.0534562058747,
        "median": 0.0307198483497,
        "min": 1.04967159859e-20,
        "stdev": 0.052481032908,
        "var": 0.0027542586904
    },
    "spectral_energyband_high": {
        "dmean": 0.000305567780742,
        "dmean2": 0.000442380871391,
        "dvar": 6.04888953148e-07,
        "dvar2": 1.30772639295e-06,
        "max": 0.00808887276798,
        "mean": 0.000341224687872,
        "median": 6.31598741165e-05,
        "min": 7.86298260909e-21,
        "stdev": 0.000862327986397,
        "var": 7.4360951885e-07
    },
    "spectral_energyband_low": {
        "dmean": 0.0196655523032,
        "dmean2": 0.0298113059253,
        "dvar": 0.00122661562636,
        "dvar2": 0.00259798159823,
        "max": 0.225678652525,
        "mean": 0.0389632359147,
        "median": 0.0186734069139,
        "min": 1.88545818506e-23,
        "stdev": 0.0465040840209,
        "var": 0.00216262997128
    },
    "spectral_energyband_middle_high": {
        "dmean": 0.000736845075153,
        "dmean2": 0.00113618478645,
        "dvar": 1.87527439266e-06,
        "dvar2": 4.18917488787e-06,
        "max": 0.0188342928886,
        "mean": 0.00149191881064,
        "median": 0.000649666471872,
        "min": 1.40644059466e-21,
        "stdev": 0.00222961581312,
        "var": 4.97118662679e-06
    },
    "spectral_energyband_middle_low": {
        "dmean": 0.0129700154066,
        "dmean2": 0.0235681142658,
        "dvar": 0.000810624740552,
        "dvar2": 0.00229794252664,
        "max": 0.144707903266,
        "mean": 0.0154449911788,
        "median": 0.00817838218063,
        "min": 3.19933634652e-22,
        "stdev": 0.0230790730566,
        "var": 0.000532643636689
    },
    "spectral_entropy": {
        "dmean": 0.298727840185,
        "dmean2": 0.405947655439,
        "dvar": 0.117505535483,
        "dvar2": 0.202229753137,
        "max": 9.79769325256,
        "mean": 6.72186040878,
        "median": 6.7669711113,
        "min": 4.61410903931,
        "stdev": 0.741131544113,
        "var": 0.549275994301
    },
    "spectral_flux": {
        "dmean": 0.054725445807,
        "dmean2": 0.0823979005218,
        "dvar": 0.00516639975831,
        "dvar2": 0.00895349960774,
        "max": 0.498283684254,
        "mean": 0.107092887163,
        "median": 0.0634454637766,
        "min": 1.02453483197e-10,
        "stdev": 0.100804515183,
        "var": 0.0101615507156
    },
    "spectral_kurtosis": {
        "dmean": 5.43769216537,
        "dmean2": 8.02035999298,
        "dvar": 60.9329223633,
        "dvar2": 115.998451233,
        "max": 105.200912476,
        "mean": 13.1903247833,
        "median": 7.65334320068,
        "min": -1.21207487583,
        "stdev": 14.5173797607,
        "var": 210.754302979
    },
    "spectral_rms": {
        "dmean": 0.00141224113759,
        "dmean2": 0.00205878634006,
        "dvar": 4.00309954784e-06,
        "dvar2": 6.70286362947e-06,
        "max": 0.0153316464275,
        "mean": 0.00643891235813,
        "median": 0.00547453947365,
        "min": 3.20010923142e-12,
        "stdev": 0.00326998508535,
        "var": 1.06928018795e-05
    },
    "spectral_rolloff": {
        "dmean": 214.647994995,
        "dmean2": 343.546295166,
        "dvar": 538969.9375,
        "dvar2": 1021444.5625,
        "max": 18733.8867188,
        "mean": 476.427642822,
        "median": 322.998046875,
        "min": 64.599609375,
        "stdev": 879.282897949,
        "var": 773138.4375
    },
    "spectral_skewness": {
        "dmean": 0.556612253189,
        "dmean2": 0.767900288105,
        "dvar": 0.418641507626,
        "dvar2": 0.748881459236,
        "max": 8.79624462128,
        "mean": 2.79327225685,
        "median": 2.46249079704,
        "min": -0.0221612546593,
        "stdev": 1.40661501884,
        "var": 1.9785656929
    },
    "spectral_spread": {
        "dmean": 892099.4375,
        "dmean2": 1170380.25,
        "dvar": 1.36741624218e+12,
        "dvar2": 1.90796621414e+12,
        "max": 39895664,
        "mean": 4565044.5,
        "median": 4199056.5,
        "min": 840971.1875,
        "stdev": 2419492.25,
        "var": 5.85394290688e+12
    },
    "spectral_strongpeak": {
        "dmean": 0.211134687066,
        "dmean2": 0.331786155701,
        "dvar": 0.0728133618832,
        "dvar2": 0.172501549125,
        "max": 2.48668003082,
        "mean": 0.566070735455,
        "median": 0.440443783998,
        "min": 0,
        "stdev": 0.3628667593,
        "var": 0.131672278047
    },
    "zerocrossingrate": {
        "dmean": 0.00824900530279,
        "dmean2": 0.00984467286617,
        "dvar": 0.000307586160488,
        "dvar2": 0.000367633241694,
        "max": 0.48876953125,
        "mean": 0.025602100417,
        "median": 0.0185546875,
        "min": 0.0009765625,
        "stdev": 0.0270473435521,
        "var": 0.000731558830012
    },
    "barkbands": {
        "dmean": [0.000459475908428, 0.0152391754091, 0.00731133669615, 0.00493799289688, 0.00607659947127, 0.00156009418424, 0.00105965777766, 0.000516380066983, 0.00041411613347, 0.000402037578169, 0.000188654419617, 0.000140495030791, 9.586843953e-05, 8.10251876828e-05, 6.94687842042e-05, 4.64680852019e-05, 3.69603767467e-05, 3.74221308448e-05, 4.3798234401e-05, 6.43885578029e-05, 5.88237708143e-05, 6.42951927148e-05, 5.76366765017e-05, 4.84827505716e-05, 3.6700093915e-05, 1.84234468179e-05, 6.42080158286e-06],
        "dmean2": [0.000806076976005, 0.0235713925213, 0.0125842606649, 0.00910240970552, 0.0113058490679, 0.00255418242887, 0.00184126803651, 0.000820219109301, 0.000688459782396, 0.00065566773992, 0.000300640298519, 0.000227006661589, 0.000157984381076, 0.00013395192218, 0.000112701949547, 7.2686256317e-05, 5.68082759855e-05, 5.80338310101e-05, 6.79267395753e-05, 0.000100090139313, 9.04570479179e-05, 9.96520757326e-05, 8.69892974151e-05, 7.34489512979e-05, 5.59811232961e-05, 2.67500490736e-05, 1.00900615507e-05],
        "dvar": [8.71089696375e-07, 0.00083116046153, 0.000298404920613, 0.000175541659701, 0.000195050830371, 6.90372189638e-06, 3.40920496456e-06, 8.75754892604e-07, 5.23031189914e-07, 6.0177518435e-07, 1.72926348796e-07, 9.12981832357e-08, 9.88436923421e-08, 4.85804534378e-08, 3.31250866736e-08, 1.43739882219e-08, 8.82365203125e-09, 1.31857262886e-08, 2.3301899077e-08, 3.87918390743e-08, 2.8167081112e-08, 3.59575302866e-08, 2.24925127412e-08, 1.45170488963e-08, 9.0818028653e-09, 1.63565472278e-09, 2.59873123021e-10],
        "dvar2": [2.60123556473e-06, 0.00166958128102, 0.000809278630186, 0.000502890790813, 0.000553656253032, 1.83139891305e-05, 9.33453429752e-06, 2.18814830077e-06, 1.32419268084e-06, 1.43722502344e-06, 4.28127208352e-07, 2.10189980976e-07, 2.48218640309e-07, 1.35453831263e-07, 8.13828791024e-08, 3.49253319598e-08, 1.70070446615e-08, 2.89597288372e-08, 5.24795034096e-08, 9.48854506078e-08, 5.95056377506e-08, 8.27375714607e-08, 5.25841556964e-08, 3.31473017923e-08, 2.12331130456e-08, 3.57576435128e-09, 6.20594187151e-10],
        "max": [0.00666560698301, 0.190676689148, 0.127316713333, 0.0753726959229, 0.0744144394994, 0.0386392697692, 0.0152185335755, 0.0106844957918, 0.011311034672, 0.0107905995101, 0.00573362456635, 0.00394194340333, 0.00590019067749, 0.0028325591702, 0.0021771080792, 0.00100401067175, 0.000909681257326, 0.00133307441138, 0.00159660272766, 0.00348222441971, 0.00197434215806, 0.00244279904291, 0.00155789742712, 0.00117002637126, 0.000996216782369, 0.000373695016606, 0.000159088798682],
        "mean": [0.000413752160966, 0.0262961331755, 0.00965041667223, 0.00446307985112, 0.00521459290758, 0.00263884896412, 0.0013292998774, 0.000848437775858, 0.000587615359109, 0.000614168413449, 0.00026905775303, 0.000210340178455, 0.000161495991051, 0.000104636899778, 8.54003374116e-05, 5.71146592847e-05, 5.06297474203e-05, 3.97080439143e-05, 4.39953328168e-05, 6.38683704892e-05, 6.13207084825e-05, 6.45957697998e-05, 6.19809943601e-05, 5.34735590918e-05, 4.10469874623e-05, 2.43429803959e-05, 6.92966659699e-06],
        "median": [8.90353767318e-05, 0.0110666546971, 0.00260648853146, 0.00123012263793, 0.00177220418118, 0.00153747585136, 0.000603424501605, 0.000343740131939, 0.000192463849089, 0.000196297012735, 6.43070088699e-05, 6.39691570541e-05, 3.52915958501e-05, 1.59128321684e-05, 1.63992681337e-05, 9.58524105954e-06, 8.39645417727e-06, 5.55306769456e-06, 4.83039639221e-06, 7.09162759449e-06, 7.27289398128e-06, 9.87071598502e-06, 7.53287713451e-06, 1.07315163405e-05, 5.55575888939e-06, 1.19595881642e-06, 4.10971523479e-08],
        "min": [1.81493891107e-23, 1.1231486813e-23, 3.62798274159e-24, 3.31079873211e-24, 5.56649221696e-23, 3.58167084777e-23, 2.50333254244e-23, 4.46456996824e-23, 7.82318913288e-23, 1.00176291462e-22, 6.40547986846e-23, 7.51549866997e-23, 1.2701862167e-22, 5.73575841694e-23, 1.32622298266e-22, 1.90935439116e-22, 1.87207497048e-22, 1.22116715735e-22, 2.20968623333e-22, 5.15316204546e-22, 4.66300149184e-22, 4.98982366187e-22, 5.39543347257e-22, 7.91421711802e-22, 1.38849909564e-21, 1.59896092475e-21, 2.32846354308e-21],
        "stdev": [0.000855210004374, 0.0373754389584, 0.0163295418024, 0.0103525444865, 0.0110130049288, 0.00352317048237, 0.00187264592387, 0.00129670428578, 0.00105879607145, 0.0011281700572, 0.000570626463741, 0.000449450075394, 0.00047549570445, 0.0002791476727, 0.000207181627047, 0.000135605034302, 0.000113178859465, 0.000116504335892, 0.000152086606249, 0.000196455890546, 0.000183674434084, 0.000192494117073, 0.000155872883624, 0.000128568877699, 0.000101115962025, 5.18225460837e-05, 1.73754688149e-05],
        "var": [7.31384147912e-07, 0.00139692355879, 0.000266653922154, 0.000107175168523, 0.000121286269859, 1.24127309391e-05, 3.50680261363e-06, 1.68144208601e-06, 1.12104908112e-06, 1.27276757667e-06, 3.25614593066e-07, 2.02005381311e-07, 2.26096176448e-07, 7.79234170523e-08, 4.29242241751e-08, 1.83887234328e-08, 1.2809453942e-08, 1.35732598494e-08, 2.31303349807e-08, 3.85949192605e-08, 3.37362955349e-08, 3.70539865457e-08, 2.429635515e-08, 1.65299560706e-08, 1.0224438185e-08, 2.68557620586e-09, 3.01906916134e-10]
    },
    "erbbands": {
        "dmean": [0.368260115385, 3.87728118896, 8.9491443634, 12.0889596939, 20.3923568726, 19.9763774872, 14.2447814941, 12.8681697845, 15.1620130539, 15.1478490829, 9.52672576904, 9.95369720459, 13.1556062698, 8.14824962616, 7.09791564941, 5.83027362823, 4.37770843506, 4.27604675293, 3.3003115654, 2.80840849876, 2.34165525436, 2.13976740837, 1.96041953564, 1.65761315823, 2.66483473778, 3.16881251335, 1.91893303394, 2.82650279999, 2.6945669651, 1.99625456333, 1.3564504385, 1.11092197895, 0.709161520004, 0.507131636143, 0.200325414538, 0.0763463750482, 0.0325412899256, 0.0137618817389, 0.000671682006214, 3.41044942616e-05],
        "dmean2": [0.536531090736, 5.90512704849, 14.7202005386, 21.184835434, 38.5744895935, 36.8596153259, 24.666267395, 20.9129104614, 25.5625629425, 26.6723842621, 14.6969661713, 16.0988254547, 21.4756011963, 13.571308136, 11.2836742401, 9.35323619843, 6.9873456955, 6.98344326019, 5.09130191803, 4.50511550903, 3.56219363213, 3.29356980324, 3.03392267227, 2.46555614471, 4.22393894196, 4.92841911316, 2.95313644409, 4.35989713669, 4.15752029419, 3.02840018272, 2.07299661636, 1.69423532486, 1.09327435493, 0.785340249538, 0.299340814352, 0.1141820997, 0.0474932193756, 0.0207120701671, 0.00105353898834, 5.00057976751e-05],
        "dvar": [0.482227802277, 55.4814834595, 405.342285156, 911.814697266, 2827.8034668, 2102.91162109, 729.108337402, 405.601043701, 583.596618652, 1074.88598633, 247.722564697, 304.978240967, 647.32208252, 315.821258545, 274.621673584, 164.005004883, 156.513198853, 119.752166748, 64.0035705566, 60.2075462341, 35.076877594, 34.7342071533, 32.1030883789, 30.2910709381, 78.633644104, 102.122932434, 32.4932403564, 66.7823638916, 65.484413147, 32.395198822, 11.4170207977, 7.80348968506, 3.27478408813, 1.7588814497, 0.256258875132, 0.0310848541558, 0.00520434277132, 0.00101737142541, 2.93668995255e-06, 2.56812038302e-09],
        "dvar2": [1.00965535641, 111.772453308, 1074.72961426, 2555.27441406, 8054.95263672, 5973.07714844, 1977.31079102, 1052.18054199, 1555.65112305, 3048.34033203, 577.473571777, 743.765075684, 1438.99169922, 707.677185059, 673.798828125, 362.765045166, 378.304931641, 327.563598633, 143.864822388, 148.098815918, 80.1588363647, 68.3453369141, 68.5326156616, 63.775100708, 183.053100586, 253.774200439, 69.6126861572, 145.599594116, 148.522735596, 76.2574386597, 26.5337791443, 17.8384590149, 7.68692302704, 4.16745090485, 0.570512056351, 0.0686558187008, 0.0113449003547, 0.00229032477364, 7.17901957614e-06, 5.08435027413e-09],
        "max": [5.74431705475, 50.0619163513, 150.804656982, 185.947463989, 277.280914307, 324.932769775, 329.366699219, 219.108276367, 256.880004883, 326.241210938, 196.626190186, 309.510070801, 398.574401855, 327.834686279, 229.565505981, 184.124359131, 234.846542358, 139.352020264, 105.808486938, 90.8908157349, 56.3478355408, 63.6436347961, 66.1235275269, 54.2785797119, 88.4589080811, 191.481933594, 73.5271148682, 101.266326904, 108.402755737, 68.2038650513, 32.7627067566, 31.1995105743, 18.7867107391, 12.4222803116, 6.39735841751, 1.66542756557, 0.690703213215, 0.288748025894, 0.0170144680887, 0.000388160697185],
        "mean": [0.546494424343, 6.58735370636, 12.8784484863, 13.4864320755, 15.1332683563, 17.7983531952, 18.8558330536, 21.7354927063, 22.7168083191, 18.0847625732, 16.265542984, 15.7133789062, 20.9611530304, 12.1604204178, 10.9219694138, 9.51795768738, 8.03987026215, 6.26563119888, 4.60730838776, 3.44058156013, 3.2494161129, 2.86865186691, 2.25752258301, 1.73740589619, 2.70322704315, 3.21213340759, 1.96640729904, 2.87477064133, 2.68998980522, 2.04788041115, 1.52144658566, 1.2234518528, 0.785476982594, 0.550576686859, 0.239093706012, 0.0968717709184, 0.0432008244097, 0.016688529402, 0.000737441296224, 7.17631191947e-05],
        "median": [0.201224282384, 2.86641311646, 4.03393650055, 5.92296695709, 3.96474218369, 5.71659517288, 7.09421062469, 12.6691427231, 12.1203308105, 6.70874786377, 6.31115579605, 6.14221906662, 6.26401996613, 4.13217782974, 3.43020915985, 3.13875508308, 1.95655608177, 1.12778151035, 1.04180896282, 0.586471557617, 0.562607169151, 0.461966574192, 0.388170570135, 0.228572294116, 0.357846826315, 0.326070100069, 0.263671755791, 0.300403207541, 0.378900438547, 0.257642388344, 0.206875234842, 0.198949307203, 0.171571940184, 0.0828540846705, 0.0312386918813, 0.00740092247725, 0.00169714190997, 0.000252322934102, 3.85633356927e-05, 4.09649619542e-05],
        "min": [3.96426964898e-22, 2.29929876219e-21, 4.6017358024e-21, 8.79539772079e-21, 7.22594222347e-20, 2.3564698026e-19, 1.23504773372e-19, 4.91415284016e-19, 3.31723568968e-19, 4.09959500375e-19, 1.29101149109e-18, 2.10152617206e-18, 4.01083211338e-18, 2.28937826879e-18, 2.08041900437e-18, 3.64394111576e-18, 6.7424736636e-18, 3.47720259738e-18, 4.5792119005e-18, 7.59578284375e-18, 1.13123764735e-17, 1.02134769559e-17, 7.04022601049e-18, 6.98386109637e-18, 1.64231135425e-17, 2.18177969004e-17, 2.41369466402e-17, 1.75963832146e-17, 1.8606436917e-17, 1.347605679e-17, 1.7718039976e-17, 1.56035843506e-17, 1.37221703192e-17, 1.34821696547e-17, 1.10638583303e-17, 6.47874201454e-18, 2.65015329975e-18, 1.35965155871e-18, 3.41029505955e-19, 3.3859714259e-20],
        "stdev": [0.87525421381, 9.36687278748, 19.8890800476, 24.8622264862, 40.416973114, 36.9966049194, 31.9066028595, 26.4200553894, 29.8683223724, 30.0545558929, 24.1185741425, 26.7163028717, 39.3865966797, 26.622461319, 22.5012588501, 20.2057552338, 21.339931488, 15.2397909164, 10.5608243942, 8.20698261261, 7.20542049408, 6.70572566986, 5.96266794205, 5.7584862709, 8.66007614136, 10.1216869354, 6.02544164658, 8.79131317139, 8.28909683228, 5.76457262039, 3.5714840889, 2.95831418037, 1.88018751144, 1.37698233128, 0.571546316147, 0.213244706392, 0.0925729572773, 0.0379253588617, 0.00180995941628, 7.08580191713e-05],
        "var": [0.766069948673, 87.7383041382, 395.575531006, 618.130310059, 1633.53173828, 1368.7487793, 1018.03125, 698.019287109, 892.116699219, 903.276367188, 581.705627441, 713.760803223, 1551.30395508, 708.755493164, 506.306610107, 408.272521973, 455.392700195, 232.251235962, 111.531005859, 67.3545684814, 51.9180870056, 44.9667549133, 35.5534095764, 33.1601638794, 74.9969177246, 102.448554993, 36.3059463501, 77.2871932983, 68.7091293335, 33.2302970886, 12.7554979324, 8.75162220001, 3.53510522842, 1.89608025551, 0.326665222645, 0.0454733036458, 0.00856975279748, 0.00143833283801, 3.27595307681e-06, 5.02085839571e-09]
    },
    "gfcc": {
        "mean": [-54.9496192932, 131.1199646, -58.8420753479, 22.9317245483, -59.4239463806, 22.8987731934, -28.116065979, 6.62329673767, -17.0199508667, 1.86483347416, -8.64953041077, -0.965590894222, -7.78994226456],
        "cov": [[7888.05957031, -1786.08068848, -300.370758057, 736.012023926, -128.840759277, 27.5682659149, -164.424133301, 238.819351196, -76.3110733032, 255.854171753, -430.488098145, 134.019638062, -127.553901672], [-1786.08068848, 2039.57702637, 181.136398315, -476.030426025, 327.373321533, 28.6150341034, 144.471664429, -143.685592651, 210.180053711, -148.437469482, 324.196166992, -135.372421265, 161.560317993], [-300.370758057, 181.136398315, 1433.2109375, 108.692459106, 201.640884399, -14.3680610657, 133.043502808, -43.0502624512, 17.280292511, 133.373397827, 49.0325546265, 121.29082489, -80.622795105], [736.012023926, -476.030426025, 108.692459106, 565.691162109, 69.6190643311, -11.7500915527, 4.15976142883, 89.3137130737, 51.2744102478, 1.74850642681, -16.2197532654, 4.85353469849, 1.87836432457], [-128.840759277, 327.373321533, 201.640884399, 69.6190643311, 387.459777832, 80.7831115723, 74.7792510986, 21.017156601, 111.791938782, 27.1279087067, 67.6575164795, -11.5718812943, 37.3059997559], [27.5682659149, 28.6150341034, -14.3680610657, -11.7500915527, 80.7831115723, 229.291290283, 96.4632720947, 37.8767433167, 31.9038219452, 32.750164032, 35.6588249207, -9.91639137268, 17.3350772858], [-164.424133301, 144.471664429, 133.043502808, 4.15976142883, 74.7792510986, 96.4632720947, 214.388565063, 10.4211053848, 13.4165563583, 31.4826393127, 48.677936554, -18.0432891846, 14.7250404358], [238.819351196, -143.685592651, -43.0502624512, 89.3137130737, 21.017156601, 37.8767433167, 10.4211053848, 121.294433594, 45.3753356934, 12.228430748, 1.75999331474, 9.63611602783, 0.432348757982], [-76.3110733032, 210.180053711, 17.280292511, 51.2744102478, 111.791938782, 31.9038219452, 13.4165563583, 45.3753356934, 151.379165649, 5.13561010361, 50.5024185181, -21.1886615753, 34.2666511536], [255.854171753, -148.437469482, 133.373397827, 1.74850642681, 27.1279087067, 32.750164032, 31.4826393127, 12.228430748, 5.13561010361, 133.873123169, -1.58659756184, 31.7848453522, -19.2160243988], [-430.488098145, 324.196166992, 49.0325546265, -16.2197532654, 67.6575164795, 35.6588249207, 48.677936554, 1.75999331474, 50.5024185181, -1.58659756184, 155.754150391, 2.76855254173, 46.6960220337], [134.019638062, -135.372421265, 121.29082489, 4.85353469849, -11.5718812943, -9.91639137268, -18.0432891846, 9.63611602783, -21.1886615753, 31.7848453522, 2.76855254173, 101.082687378, -0.579329490662], [-127.553901672, 161.560317993, -80.622795105, 1.87836432457, 37.3059997559, 17.3350772858, 14.7250404358, 0.432348757982, 34.2666511536, -19.2160243988, 46.6960220337, -0.579329490662, 83.0322265625]],
        "icov": [[0.000214551779209, -0.00019225665892, 0.000148784238263, -0.000436149566667, 7.58199748816e-05, -0.000139287920319, 0.000118377720355, -0.000250289333053, 0.000214694940951, -0.000621573417448, 0.000743711309042, -0.000438404153101, 0.000179573020432], [-0.00019225665892, 0.00328965950757, -0.000960901670624, 0.00318241748028, -0.00138039409649, 0.00112342019565, -0.000837760278955, 0.00206741481088, -0.00296045118012, 0.00379437976517, -0.00446680281311, 0.00356034631841, -0.00254097790457], [0.000148784238263, -0.000960901670624, 0.00153189199045, -0.00131028273609, -0.000152059481479, 7.63171701692e-05, -0.000610545452219, 0.000339110003551, 0.00043314913637, -0.00170960940886, 0.00116262887605, -0.00279957870953, 0.00252643064596], [-0.000436149566667, 0.00318241748028, -0.00131028273609, 0.00555170280859, -0.00160211045295, 0.00160202884581, -0.000864635512698, 0.000361797283404, -0.00299793621525, 0.00437863729894, -0.00440977932885, 0.00402935920283, -0.00296459114179], [7.58199748816e-05, -0.00138039409649, -0.000152059481479, -0.00160211045295, 0.00455840583891, -0.00138302391861, 3.62122991646e-05, -0.000385222112527, -0.00107750773896, -0.00176356127486, 0.00163008749951, -0.000976183917373, 4.02255718654e-05], [-0.000139287920319, 0.00112342019565, 7.63171701692e-05, 0.00160202884581, -0.00138302391861, 0.00665573915467, -0.00275623938069, -0.000897004385479, -0.000965643615928, 0.00034609483555, -0.00203890306875, 0.00134767999407, -0.00100205536], [0.000118377720355, -0.000837760278955, -0.000610545452219, -0.000864635512698, 3.62122991646e-05, -0.00275623938069, 0.00742316339165, -0.00145501142833, 0.0025101096835, -0.00217100698501, -8.92862299224e-05, 0.0018983327318, -0.000985908089206], [-0.000250289333053, 0.00206741481088, 0.000339110003551, 0.000361797283404, -0.000385222112527, -0.000897004385479, -0.00145501142833, 0.0137239387259, -0.00625638477504, 0.00241993530653, -0.00264519709162, -0.00101752777118, 0.00108334701508], [0.000214694940951, -0.00296045118012, 0.00043314913637, -0.00299793621525, -0.00107750773896, -0.000965643615928, 0.0025101096835, -0.00625638477504, 0.0142856910825, -0.00447079585865, 0.00194545951672, 0.000541587593034, -0.0011688855011], [-0.000621573417448, 0.00379437976517, -0.00170960940886, 0.00437863729894, -0.00176356127486, 0.00034609483555, -0.00217100698501, 0.00241993530653, -0.00447079585865, 0.0147217046469, -0.00552053516731, 0.00154187204316, -0.000636832381133], [0.000743711309042, -0.00446680281311, 0.00116262887605, -0.00440977932885, 0.00163008749951, -0.00203890306875, -8.92862299224e-05, -0.00264519709162, 0.00194545951672, -0.00552053516731, 0.0163481421769, -0.00623570848256, -0.000532601086888], [-0.000438404153101, 0.00356034631841, -0.00279957870953, 0.00402935920283, -0.000976183917373, 0.00134767999407, 0.0018983327318, -0.00101752777118, 0.000541587593034, 0.00154187204316, -0.00623570848256, 0.0186247769743, -0.00681451195851], [0.000179573020432, -0.00254097790457, 0.00252643064596, -0.00296459114179, 4.02255718654e-05, -0.00100205536, -0.000985908089206, 0.00108334701508, -0.0011688855011, -0.000636832381133, -0.000532601086888, -0.00681451195851, 0.0207309983671]]
    },
    "melbands": {
        "dmean": [0.0037470641546, 0.00441152649, 0.00229872833006, 0.0014645421179, 0.000562860572245, 0.000290197494905, 0.000225228694035, 0.000153604865773, 7.35358335078e-05, 6.32724259049e-05, 6.57797427266e-05, 3.37130986736e-05, 2.49101631198e-05, 1.77004167199e-05, 1.30196685859e-05, 8.50992000778e-06, 8.72034070198e-06, 5.27545444129e-06, 4.78084075439e-06, 3.42403518516e-06, 2.72726333606e-06, 2.25707276513e-06, 2.24509517466e-06, 1.52190239078e-06, 1.2813380863e-06, 2.04335333365e-06, 2.13317343878e-06, 2.03925674214e-06, 1.1844825849e-06, 1.05271305983e-06, 2.05780997931e-06, 1.79497396857e-06, 9.06892921648e-07, 1.2785292256e-06, 7.19407580618e-07, 7.88180045674e-07, 6.68476957344e-07, 4.12825897911e-07, 6.54786049381e-07, 3.80989376936e-07],
        "dmean2": [0.00568082556129, 0.00675784563646, 0.00408596964553, 0.00274414452724, 0.000989389140159, 0.000474342581583, 0.00038243047311, 0.000265795999439, 0.000112898043881, 0.000103545142338, 0.000107482883323, 5.65754089621e-05, 3.96672112402e-05, 2.85404494207e-05, 2.14436604438e-05, 1.33743951665e-05, 1.43583147292e-05, 8.25518691272e-06, 7.76580873207e-06, 5.33801085112e-06, 4.13641964769e-06, 3.49496008312e-06, 3.55010388375e-06, 2.34439494307e-06, 1.90179571291e-06, 3.27473503603e-06, 3.3651231206e-06, 3.22735922964e-06, 1.89396632777e-06, 1.61413186106e-06, 3.26041208609e-06, 2.80406470665e-06, 1.3955416307e-06, 1.95076449927e-06, 1.0951753211e-06, 1.23136851471e-06, 1.03536683582e-06, 6.30064164397e-07, 1.05845970211e-06, 5.88548289215e-07],
        "dvar": [4.93083753099e-05, 7.87261233199e-05, 3.32307208737e-05, 1.19175720101e-05, 1.17919125842e-06, 2.102422485e-07, 1.31592457819e-07, 1.08134052823e-07, 1.41154785638e-08, 1.15617462271e-08, 1.65981823841e-08, 5.69957148144e-09, 3.14730463913e-09, 1.41419376209e-09, 1.60581425934e-09, 5.67840885424e-10, 5.32412947063e-10, 1.58882018653e-10, 1.7463584745e-10, 7.62569729584e-11, 4.79247717899e-11, 3.7458654234e-11, 4.0499815307e-11, 2.34980247066e-11, 1.75592977658e-11, 5.86260484603e-11, 4.05290072336e-11, 4.23279467032e-11, 1.24405902246e-11, 1.00412074489e-11, 3.89533440226e-11, 3.21568952022e-11, 6.15566018297e-12, 1.44535555399e-11, 3.1023803318e-12, 4.04806960522e-12, 3.06652641648e-12, 9.76763808724e-13, 3.70552286771e-12, 9.94480322744e-13],
        "dvar2": [9.57635857048e-05, 0.000190097824088, 9.29957386688e-05, 3.39424550475e-05, 3.25182418237e-06, 5.5261551779e-07, 3.50569848706e-07, 3.04842188825e-07, 3.18180397585e-08, 2.91268591468e-08, 3.71160275847e-08, 1.31024284755e-08, 7.79594255818e-09, 3.38230399244e-09, 3.889204514e-09, 1.45131406892e-09, 1.4797524317e-09, 3.64915042628e-10, 4.44001169164e-10, 1.81949011413e-10, 1.07323358534e-10, 7.47681291879e-11, 8.87488207924e-11, 5.06912532783e-11, 3.67464288165e-11, 1.38100419989e-10, 9.83507372765e-11, 1.0505789988e-10, 2.80095720923e-11, 2.05865983982e-11, 9.06848901527e-11, 7.38664060473e-11, 1.45006853747e-11, 3.49697944213e-11, 7.12852953749e-12, 9.67851146449e-12, 7.17684635679e-12, 2.22659542713e-12, 9.23315330442e-12, 2.37782124719e-12],
        "max": [0.0500666387379, 0.0627051219344, 0.0321723818779, 0.0183806437999, 0.00891168601811, 0.00543375918642, 0.00343388225883, 0.00334473024122, 0.00154966732953, 0.00166450021788, 0.00201333360747, 0.00134691689163, 0.000789785874076, 0.000520298490301, 0.000727607053705, 0.000555855862331, 0.000311033392791, 0.000157163434778, 0.000135880734888, 8.8717417384e-05, 6.33402814856e-05, 6.73734830343e-05, 7.48535312596e-05, 5.11401121912e-05, 4.03033409384e-05, 8.1155616499e-05, 9.788510215e-05, 0.000122155819554, 4.62299976789e-05, 3.76738244086e-05, 7.4837829743e-05, 8.13840888441e-05, 3.12925330945e-05, 5.13998784299e-05, 1.82086041605e-05, 2.07865250559e-05, 2.30540881603e-05, 1.09673810584e-05, 2.12207014556e-05, 1.07937412395e-05],
        "mean": [0.00637042056769, 0.00742429774255, 0.00235749478452, 0.00117368844803, 0.000686304934788, 0.000495776475873, 0.000331478775479, 0.000191717743292, 0.000125455742818, 9.55739451456e-05, 0.000102182711998, 4.7682566219e-05, 3.64883671864e-05, 2.69519132416e-05, 2.03898380278e-05, 1.45752592289e-05, 1.15181182991e-05, 7.06813762008e-06, 5.44432214156e-06, 4.22545417678e-06, 3.71904593521e-06, 3.01109525935e-06, 2.57652686741e-06, 1.62500964507e-06, 1.31050239816e-06, 1.91704134522e-06, 2.20148854169e-06, 2.02997034648e-06, 1.15076636575e-06, 1.15808290957e-06, 1.96887276616e-06, 1.72207467131e-06, 9.42503504575e-07, 1.27037583297e-06, 8.27102610401e-07, 8.43364659886e-07, 7.23842106254e-07, 4.80340645481e-07, 6.37641107915e-07, 4.18176568928e-07],
        "median": [0.00267435447313, 0.0031841204036, 0.000971956702415, 0.000356612610631, 0.000264190399321, 0.00029486103449, 0.000173419146449, 6.90470697009e-05, 4.26877231803e-05, 3.58258876076e-05, 2.84868910967e-05, 1.54663866851e-05, 9.43852319324e-06, 9.33082901611e-06, 5.46311503058e-06, 3.70461316379e-06, 1.67023847553e-06, 1.44325645124e-06, 9.48046249505e-07, 7.02200736669e-07, 5.79075674523e-07, 4.61587745804e-07, 4.22474670358e-07, 2.35896266076e-07, 1.39310373015e-07, 1.91163564978e-07, 2.78690635014e-07, 1.7172848743e-07, 1.38777622283e-07, 1.53276914716e-07, 1.69620719248e-07, 2.06328863328e-07, 1.40508575441e-07, 1.33189033136e-07, 1.07496525459e-07, 1.05565860054e-07, 1.17118766241e-07, 1.18053307574e-07, 9.43614324456e-08, 6.02310166187e-08],
        "min": [3.60864263321e-24, 2.54737287185e-24, 2.96936987157e-24, 1.1130723243e-23, 6.59312589644e-24, 9.6809791261e-24, 5.0249149875e-24, 4.74490841476e-24, 1.09052163092e-23, 1.35141954707e-23, 1.92823606091e-23, 8.20363828813e-24, 6.92601809869e-24, 9.01620367469e-24, 1.26979303265e-23, 1.18356209489e-23, 5.60103391165e-24, 5.41758943574e-24, 1.07699858285e-23, 1.23942346552e-23, 1.2370705301e-23, 1.04179416612e-23, 9.49948984194e-24, 4.79988531454e-24, 5.26646853541e-24, 9.74409273168e-24, 1.35580798028e-23, 1.57747205708e-23, 1.62702056831e-23, 1.19625597126e-23, 9.63219754544e-24, 1.04517459287e-23, 8.96062211303e-24, 7.38563449448e-24, 1.01384466648e-23, 8.74909537218e-24, 1.00749023412e-23, 9.74255366406e-24, 8.68791368696e-24, 1.25720241817e-23],
        "stdev": [0.00932864006609, 0.00990068074316, 0.00465395394713, 0.00267456448637, 0.00110903289169, 0.000606927962508, 0.000433671404608, 0.000319933518767, 0.000193583924556, 0.000156120120664, 0.000196766981389, 0.000110266904812, 7.67693200032e-05, 5.40850996913e-05, 5.50765216758e-05, 3.78639742848e-05, 3.05276334984e-05, 1.66100708157e-05, 1.36379658215e-05, 9.86974373518e-06, 8.57170198287e-06, 7.03906607669e-06, 6.61078229314e-06, 4.9727905207e-06, 4.42527107225e-06, 7.26139933249e-06, 6.35089600109e-06, 6.4921887315e-06, 3.5563232359e-06, 3.5229002151e-06, 6.33157196717e-06, 5.71325290366e-06, 2.51166784437e-06, 3.75172703571e-06, 1.9031855345e-06, 2.04878006116e-06, 1.8006104483e-06, 1.06725133264e-06, 1.84011082638e-06, 1.03662057427e-06],
        "var": [8.70235307957e-05, 9.80234835879e-05, 2.16592889046e-05, 7.15329497325e-06, 1.22995402307e-06, 3.68361526171e-07, 1.88070885088e-07, 1.02357461174e-07, 3.74747344267e-08, 2.43734934458e-08, 3.87172427452e-08, 1.21587904189e-08, 5.89352833202e-09, 2.92519808376e-09, 3.03342329033e-09, 1.43368061867e-09, 9.31936305903e-10, 2.75894446178e-10, 1.85994109003e-10, 9.74118355423e-11, 7.34740740471e-11, 4.95484521468e-11, 4.37024409716e-11, 2.47286462141e-11, 1.95830227034e-11, 5.2727919253e-11, 4.03338820676e-11, 4.21485173152e-11, 1.26474343151e-11, 1.24108258392e-11, 4.00888038044e-11, 3.26412612217e-11, 6.30847500974e-12, 1.40754560785e-11, 3.62211519458e-12, 4.19749998648e-12, 3.2421981766e-12, 1.13902550586e-12, 3.3860080538e-12, 1.07458215503e-12]
    },
    "melbands128": {
