{
"lowlevel": {
    "average_loudness": 0.964273452759,
    "barkbands_crest": {
        "dmean": 2.82240915298,
        "dmean2": 4.33492660522,
        "dvar": 10.6248874664,
        "dvar2": 22.7217826843,
        "max": 25.6759300232,
        "mean": 14.1635665894,
        "median": 14.1301193237,
        "min": 3.09186005592,
        "stdev": 5.81167125702,
        "var": 33.7755203247
    },
    "barkbands_flatness_db": {
        "dmean": 0.0403250157833,
        "dmean2": 0.0529212281108,
        "dvar": 0.00176145764999,
        "dvar2": 0.00309061468579,
        "max": 0.521150708199,
        "mean": 0.219457760453,
        "median": 0.209313675761,
        "min": 0.0272973291576,
        "stdev": 0.0930579826236,
        "var": 0.00865978747606
    },
    "barkbands_kurtosis": {
        "dmean": 12.3184175491,
        "dmean2": 19.2062950134,
        "dvar": 568.532775879,
        "dvar2": 1481.17578125,
        "max": 415.557800293,
        "mean": 21.0802822113,
        "median": 10.9501161575,
        "min": -1.89866924286,
        "stdev": 30.0778675079,
        "var": 904.678161621
    },
    "barkbands_skewness": {
        "dmean": 1.20563626289,
        "dmean2": 1.73310565948,
        "dvar": 1.73416805267,
        "dvar2": 3.73821282387,
        "max": 17.9295349121,
        "mean": 2.98615717888,
        "median": 2.75741744041,
        "min": -5.71591520309,
        "stdev": 2.50746250153,
        "var": 6.28736877441
    },
    "barkbands_spread": {
        "dmean": 10.8953094482,
        "dmean2": 17.015832901,
        "dvar": 283.278747559,
        "dvar2": 629.933105469,
        "max": 119.387535095,
        "mean": 17.8068733215,
        "median": 8.91376304626,
        "min": 0.249150723219,
        "stdev": 21.2528247833,
        "var": 451.682525635
    },
    "dissonance": {
        "dmean": 0.0327482149005,
        "dmean2": 0.0523001365364,
        "dvar": 0.00106663443148,
        "dvar2": 0.00255991099402,
        "max": 0.499643951654,
        "mean": 0.434657156467,
        "median": 0.447329312563,
        "min": 0.0705801099539,
        "stdev": 0.0511462502182,
        "var": 0.00261593889445
    },
    "dynamic_complexity": 2.86310172081,
    "erbbands_crest": {
        "dmean": 3.14355874062,
        "dmean2": 5.06349468231,
        "dvar": 9.59178638458,
        "dvar2": 21.8261871338,
        "max": 26.9633960724,
        "mean": 9.79664897919,
        "median": 8.61119174957,
        "min": 2.50738835335,
        "stdev": 4.69707775116,
        "var": 22.062538147
    },
    "erbbands_flatness_db": {
        "dmean": 0.0313507132232,
        "dmean2": 0.0443887598813,
        "dvar": 0.00102355529089,
        "dvar2": 0.00185024598613,
        "max": 0.446787536144,
        "mean": 0.169812723994,
        "median": 0.162775367498,
        "min": 0.0552245788276,
        "stdev": 0.0664407089353,
        "var": 0.00441436795518
    },
    "erbbands_kurtosis": {
        "dmean": 2.40053296089,
        "dmean2": 3.77930641174,
        "dvar": 11.521780014,
        "dvar2": 27.6885871887,
        "max": 49.031452179,
        "mean": 2.25363540649,
        "median": 0.787655115128,
        "min": -1.86430048943,
        "stdev": 4.46025371552,
        "var": 19.893863678
    },
    "erbbands_skewness": {
        "dmean": 0.679494857788,
        "dmean2": 0.990108072758,
        "dvar": 0.476609647274,
        "dvar2": 0.89353531599,
        "max": 5.70557498932,
        "mean": 0.634589016438,
        "median": 0.6932746768,
        "min": -3.80800795555,
        "stdev": 1.28662359715,
        "var": 1.65540015697
    },
    "erbbands_spread": {
        "dmean": 17.8098583221,
        "dmean2": 27.5604972839,
        "dvar": 447.373901367,
        "dvar2": 906.902587891,
        "max": 189.244247437,
        "mean": 45.24817276,
        "median": 37.373752594,
        "min": 3.87063741684,
        "stdev": 31.7269287109,
        "var": 1006.59802246
    },
    "hfc": {
        "dmean": 24.2254295349,
        "dmean2": 38.8024749756,
        "dvar": 3165.37255859,
        "dvar2": 8261.61621094,
        "max": 484.567718506,
        "mean": 29.8768692017,
        "median": 14.6632575989,
        "min": 4.00598736405e-07,
        "stdev": 51.7629547119,
        "var": 2679.40356445
    },
    "loudness_ebu128": {
        "integrated": -9.95707035065,
        "loudness_range": 1.94477367401,
        "momentary": {
            "dmean": 0.775467693806,
            "dmean2": 1.06529974937,
            "dvar": 0.545438408852,
            "dvar2": 0.82698482275,
            "max": -6.49098873138,
            "mean": -10.4235277176,
            "median": -9.76050853729,
            "min": -18.427532196,
            "stdev": 2.26084923744,
            "var": 5.1114397049
        },
        "short_term": {
            "dmean": 0.105392046273,
            "dmean2": 0.130186632276,
            "dvar": 0.00799621921033,
            "dvar2": 0.0143006984144,
            "max": -8.94286441803,
            "mean": -10.0024728775,
            "median": -9.95818042755,
            "min": -12.2953863144,
            "stdev": 0.764759242535,
            "var": 0.584856688976
        }
    },
    "melbands_crest": {
        "dmean": 3.5751657486,
        "dmean2": 5.21198225021,
        "dvar": 15.6156625748,
        "dvar2": 31.5217075348,
        "max": 35.8279190063,
        "mean": 20.8340911865,
        "median": 20.5579128265,
        "min": 3.8390173912,
        "stdev": 8.97461128235,
        "var": 80.5436401367
    },
    "melbands_flatness_db": {
        "dmean": 0.0497483052313,
        "dmean2": 0.0640327110887,
        "dvar": 0.00305168773048,
        "dvar2": 0.00543599203229,
        "max": 0.683776795864,
        "mean": 0.293880581856,
        "median": 0.286154061556,
        "min": 0.0425656996667,
        "stdev": 0.125814110041,
        "var": 0.0158291887492
    },
    "melbands_kurtosis": {
        "dmean": 27.4009857178,
        "dmean2": 42.1755638123,
        "dvar": 2015.19238281,
        "dvar2": 4781.19628906,
        "max": 545.583251953,
        "mean": 48.8864784241,
        "median": 22.6966762543,
        "min": -1.86106085777,
        "stdev": 66.0593109131,
        "var": 4363.83300781
    },
    "melbands_skewness": {
        "dmean": 1.60574746132,
        "dmean2": 2.34810781479,
        "dvar": 3.02444219589,
        "dvar2": 6.3996348381,
        "max": 20.6174621582,
        "mean": 4.49943256378,
        "median": 3.67739248276,
        "min": -2.28115010262,
        "stdev": 3.37295007706,
        "var": 11.376791954
    },
    "melbands_spread": {
        "dmean": 14.3240013123,
        "dmean2": 23.0419921875,
        "dvar": 879.980957031,
        "dvar2": 1963.66711426,
        "max": 256.181030273,
        "mean": 20.6354751587,
        "median": 6.98372364044,
        "min": 0.324344545603,
        "stdev": 36.8075332642,
        "var": 1354.79443359
    },
    "pitch_salience": {
        "dmean": 0.08295442909,
        "dmean2": 0.127377614379,
        "dvar": 0.00894391350448,
        "dvar2": 0.0194686204195,
        "max": 0.971189498901,
        "mean": 0.474555194378,
        "median": 0.474689871073,
        "min": 0.107177607715,
        "stdev": 0.178751692176,
        "var": 0.0319521687925
    },
    "silence_rate_20dB": {
        "dmean": 0.0061919502914,
        "dmean2": 0.0123934932053,
        "dvar": 0.00615361146629,
        "dvar2": 0.0168875157833,
        "max": 1,
        "mean": 0.996133029461,
        "median": 1,
        "min": 0,
        "stdev": 0.0620646066964,
        "var": 0.00385201559402
    },
    "silence_rate_30dB": {
        "dmean": 0.0766253843904,
        "dmean2": 0.153369486332,
        "dvar": 0.0707546696067,
        "dvar2": 0.137594401836,
        "max": 1,
        "mean": 0.726218104362,
        "median": 1,
        "min": 0,
        "stdev": 0.445895940065,
        "var": 0.198823198676
    },
    "silence_rate_60dB": {
        "dmean": 0.0472136214375,
        "dmean2": 0.0937257930636,
        "dvar": 0.0449840314686,
        "dvar2": 0.0957845076919,
        "max": 1,
        "mean": 0.0711523592472,
        "median": 0,
        "min": 0,
        "stdev": 0.257079929113,
        "var": 0.0660900846124
    },
    "spectral_centroid": {
        "dmean": 433.815155029,
        "dmean2": 603.076538086,
        "dvar": 393297.59375,
        "dvar2": 648463.1875,
        "max": 7085.03710938,
        "mean": 1170.90380859,
        "median": 707.792358398,
        "min": 135.251739502,
        "stdev": 1064.37219238,
        "var": 1132888.25
    },
    "spectral_complexity": {
        "dmean": 4.48142433167,
        "dmean2": 6.51587915421,
        "dvar": 37.4091720581,
        "dvar2": 65.1822509766,
        "max": 49,
        "mean": 12.3433876038,
        "median": 10,
        "min": 0,
        "stdev": 8.84635543823,
        "var": 78.2580032349
    },
    "spectral_decrease": {
        "dmean": 5.92882409833e-09,
        "dmean2": 7.96862842378e-09,
        "dvar": 1.32922802535e-16,
        "dvar2": 2.77490296391e-16,
        "max": -1.35251441691e-16,
        "mean": -1.74267356101e-08,
        "median": -9.60861079591e-09,
        "min": -1.28367318553e-07,
        "stdev": 1.95501179689e-08,
        "var": 3.82207100306e-16
    },
    "spectral_energy": {
        "dmean": 0.0234215259552,
        "dmean2": 0.0313916988671,
        "dvar": 0.00193611741997,
        "dvar2": 0.00401696562767,
        "max": 0.490140557289,
        "mean": 0.0684824809432,
        "median": 0.0395880527794,
        "min": 5.46805101198e-10,
        "stdev": 0.0745548531413,
        "var": 0.00555842602625
    },
    "spectral_energyband_high": {
        "dmean": 0.00247263954952,
        "dmean2": 0.00403089355677,
        "dvar": 4.02047298849e-05,
        "dvar2": 0.000105865030491,
        "max": 0.0509245693684,
        "mean": 0.00218432932161,
        "median": 0.000302475324133,
        "min": 3.87061389884e-12,
        "stdev": 0.00562596367672,
        "var": 3.16514669976e-05
    },
    "spectral_energyband_low": {
        "dmean": 0.0178140625358,
        "dmean2": 0.0230017434806,
        "dvar": 0.00172494642902,
        "dvar2": 0.00368015281856,
        "max": 0.459824562073,
        "mean": 0.0520360507071,
        "median": 0.00999405328184,
        "min": 2.57716573776e-11,
        "stdev": 0.0721915140748,
        "var": 0.00521161500365
    },
    "spectral_energyband_middle_high": {
        "dmean": 0.00169526517857,
        "dmean2": 0.00269130500965,
        "dvar": 3.29492540914e-05,
        "dvar2": 9.34722265811e-05,
        "max": 0.144225046039,
        "mean": 0.00278476183303,
        "median": 0.00116205448285,
        "min": 1.42756917398e-10,
        "stdev": 0.00654650107026,
        "var": 4.28566745541e-05
    },
    "spectral_energyband_middle_low": {
        "dmean": 0.00739687588066,
        "dmean2": 0.0114398673177,
        "dvar": 0.00016680295812,
        "dvar2": 0.000432068889495,
        "max": 0.153435796499,
        "mean": 0.0136135751382,
        "median": 0.00829141959548,
        "min": 3.92769400337e-10,
        "stdev": 0.0150647433475,
        "var": 0.00022694648942
    },
    "spectral_entropy": {
        "dmean": 0.367460608482,
        "dmean2": 0.496574789286,
        "dvar": 0.162305042148,
        "dvar2": 0.292086809874,
        "max": 9.01025295258,
        "mean": 7.31250619888,
        "median": 7.29730176926,
        "min": 5.0920715332,
        "stdev": 0.781763315201,
        "var": 0.611153900623
    },
    "spectral_flux": {
        "dmean": 0.0468765199184,
        "dmean2": 0.0675831735134,
        "dvar": 0.00452512316406,
        "dvar2": 0.00895278342068,
        "max": 0.639582693577,
        "mean": 0.100343093276,
        "median": 0.0757044702768,
        "min": 2.33838636632e-05,
        "stdev": 0.0855973660946,
        "var": 0.00732690887526
    },
    "spectral_kurtosis": {
        "dmean": 4.52636241913,
        "dmean2": 6.99610519409,
        "dvar": 65.3619003296,
        "dvar2": 144.3855896,
        "max": 117.653327942,
        "mean": 7.75885009766,
        "median": 3.69073438644,
        "min": -1.33927118778,
        "stdev": 13.1762685776,
        "var": 173.614044189
    },
    "spectral_rms": {
        "dmean": 0.00142332422547,
        "dmean2": 0.00178043940105,
        "dvar": 4.14545502281e-06,
        "dvar2": 7.33800470698e-06,
        "max": 0.0218674633652,
        "mean": 0.00693735061213,
        "median": 0.00621469924226,
        "min": 7.30389217551e-07,
        "stdev": 0.00432265782729,
        "var": 1.86853721971e-05
    },
    "spectral_rolloff": {
        "dmean": 1179.17712402,
        "dmean2": 2024.98742676,
        "dvar": 6277698,
        "dvar2": 13252913,
        "max": 14168.8476562,
        "mean": 1737.77807617,
        "median": 452.197265625,
        "min": 64.599609375,
        "stdev": 3102.50292969,
        "var": 9625525
    },
    "spectral_skewness": {
        "dmean": 0.549837052822,
        "dmean2": 0.793373167515,
        "dvar": 0.4183357656,
        "dvar2": 0.844057142735,
        "max": 9.02603626251,
        "mean": 1.85434532166,
        "median": 1.60577964783,
        "min": -0.291274726391,
        "stdev": 1.23253929615,
        "var": 1.51915299892
    },
    "spectral_spread": {
        "dmean": 1436821.875,
        "dmean2": 2001089.875,
        "dvar": 3.18372524851e+12,
        "dvar2": 5.45866330931e+12,
        "max": 27334326,
        "mean": 5587232.5,
        "median": 5076099,
        "min": 610389.875,
        "stdev": 3199742,
        "var": 1.02383495414e+13
    },
    "spectral_strongpeak": {
        "dmean": 0.384283751249,
        "dmean2": 0.588425040245,
        "dvar": 0.377470105886,
        "dvar2": 0.958227574825,
        "max": 8.24935817719,
        "mean": 0.910115838051,
        "median": 0.754471182823,
        "min": 0,
        "stdev": 0.876970887184,
        "var": 0.769077897072
    },
    "zerocrossingrate": {
        "dmean": 0.0243925210088,
        "dmean2": 0.0270078908652,
        "dvar": 0.00133721134625,
        "dvar2": 0.00125906441826,
        "max": 0.494140625,
        "mean": 0.0630441680551,
        "median": 0.0341796875,
        "min": 0.001953125,
        "stdev": 0.0807766392827,
        "var": 0.00652486504987
    },
    "barkbands": {
        "dmean": [0.00107935804408, 0.013944956474, 0.00326804327779, 0.00203902553767, 0.00170803850051, 0.00257336953655, 0.00163622607943, 0.00121317245066, 0.000703548197635, 0.000347638095263, 0.000262134388322, 0.000551318400539, 0.000318868900649, 0.000212507438846, 9.68912718236e-05, 0.000113057591079, 0.00024985926575, 0.000133670662763, 0.000114182963443, 0.000214798492379, 0.000289902614895, 0.000281391607132, 0.000712697161362, 0.000483483396238, 0.000314007862471, 0.000346770655597, 1.43545321407e-05],
        "dmean2": [0.00131962180603, 0.01841179654, 0.00479594850913, 0.00317321787588, 0.00273605016991, 0.00409877346829, 0.0026869205758, 0.00195453129709, 0.00114102731459, 0.000499897520058, 0.000405934260925, 0.000910058559384, 0.000486344768433, 0.000352628470864, 0.00015072520182, 0.000187037046999, 0.00045189957018, 0.000214888321352, 0.000179106296855, 0.000339595775586, 0.000459071045043, 0.000450432446087, 0.00125408777967, 0.000819534237962, 0.000512095226441, 0.000563061679713, 2.4927112463e-05],
        "dvar": [6.91616787662e-06, 0.00116651225835, 0.000177809633897, 3.20473409374e-05, 1.70376588358e-05, 3.89707529393e-05, 1.47848149936e-05, 9.92489913187e-06, 5.32321746505e-06, 2.52870063377e-06, 7.66674077113e-07, 2.47893494816e-05, 9.01449084267e-07, 4.72917605521e-07, 9.35550517056e-08, 5.12898239435e-08, 1.11535939595e-06, 9.03770498439e-08, 5.26601695583e-08, 2.95333251188e-07, 5.66037385852e-07, 4.36933788706e-07, 4.80713197248e-06, 1.79158064384e-06, 5.64830315852e-07, 1.17244189823e-06, 3.51882123439e-09],
        "dvar2": [1.17662184493e-05, 0.00259419484064, 0.00044265150791, 8.91044401214e-05, 4.61445815745e-05, 9.78419047897e-05, 3.34294709319e-05, 2.29336437769e-05, 1.30691478262e-05, 3.21958441418e-06, 1.79562800895e-06, 7.51721381675e-05, 1.9087290184e-06, 1.19723313219e-06, 2.33195009969e-07, 1.29536431359e-07, 3.24906932292e-06, 2.20595310907e-07, 1.30483925886e-07, 7.10218159838e-07, 1.41102532325e-06, 1.0959095107e-06, 1.34128022182e-05, 4.87514626002e-06, 1.41129942222e-06, 2.99980774798e-06, 9.59766666142e-09],
        "max": [0.0285538509488, 0.378302007914, 0.24442666769, 0.0829873383045, 0.0576178655028, 0.10099644959, 0.0453934744, 0.0453125163913, 0.0479657202959, 0.0691086873412, 0.018562361598, 0.133001640439, 0.0229940451682, 0.0108296936378, 0.00781823508441, 0.00247871410102, 0.0120426043868, 0.00249834149145, 0.00318796792999, 0.00604079430923, 0.0084443083033, 0.00533067248762, 0.0156093873084, 0.0109200133011, 0.00621720822528, 0.0109167657793, 0.000901643768884],
        "mean": [0.00413827737793, 0.0411942824721, 0.00469418475404, 0.00319747230969, 0.00261546485126, 0.00337767763995, 0.00170288153458, 0.00166399171576, 0.00073658011388, 0.000572128454223, 0.000315848534228, 0.000684151251335, 0.000311256648274, 0.000223684197408, 0.000129590102006, 0.00014870717132, 0.000222477348871, 0.000145376150613, 0.000140222502523, 0.000210085185245, 0.000275122438325, 0.000273796467809, 0.000507912773173, 0.000388164713513, 0.000295536068734, 0.000306444795569, 1.11748431664e-05],
        "median": [2.67884788627e-05, 0.0073035438545, 0.000897137506399, 0.00134521408472, 0.00137696799356, 0.00065030308906, 0.000452247419162, 0.000314378237817, 0.000147029975778, 9.15750715649e-05, 4.18879462813e-05, 4.96902575833e-05, 4.31144799222e-05, 3.26610752381e-05, 3.17160411214e-05, 4.26777478424e-05, 4.1766303184e-05, 2.57015562966e-05, 3.75952004106e-05, 2.43605845753e-05, 2.09662448469e-05, 4.36358641309e-05, 3.89848464692e-05, 2.920283805e-05, 1.60707313626e-05, 1.42612070704e-05, 1.09334905574e-07],
        "min": [6.40655670875e-12, 1.02404144192e-11, 7.89246532712e-12, 9.20914906832e-12, 2.89741564075e-11, 3.61600749343e-11, 4.74553972507e-11, 7.79692699293e-11, 1.56438292875e-10, 9.21302062418e-11, 2.8227691018e-11, 1.50242873698e-11, 1.10034828471e-11, 6.08427761298e-12, 3.51922419158e-12, 1.67939631385e-12, 1.01104367933e-12, 1.96241764158e-12, 9.3831908389e-13, 1.03852310866e-12, 5.30515301828e-13, 6.09474222393e-13, 4.76725321545e-13, 4.68946713059e-13, 4.22663775724e-13, 3.98522035684e-13, 4.15616732653e-13],
        "stdev": [0.0064557348378, 0.058571010828, 0.0149857085198, 0.00540554709733, 0.00400431780145, 0.00693298829719, 0.00409566331655, 0.00433254847303, 0.00232768966816, 0.00331307272427, 0.000954705930781, 0.00444402778521, 0.00102494633757, 0.00074586761184, 0.000349491456291, 0.000270221440587, 0.000806769705378, 0.000310762639856, 0.000259474443737, 0.000526142888702, 0.000712154142093, 0.000632093579043, 0.00174161267933, 0.00113000872079, 0.000747832993511, 0.000981256132945, 4.912571967e-05],
        "var": [4.16765105911e-05, 0.00343056349084, 0.000224571471335, 2.92199383694e-05, 1.60345625773e-05, 4.80663256894e-05, 1.6774458345e-05, 1.87709756574e-05, 5.41813869859e-06, 1.09764514491e-05, 9.11463359898e-07, 1.97493827727e-05, 1.05051492483e-06, 5.56318468625e-07, 1.22144271586e-07, 7.30196347831e-08, 6.5087732537e-07, 9.65734230363e-08, 6.73269937579e-08, 2.76826341405e-07, 5.07163520069e-07, 3.99542301466e-07, 3.03321462525e-06, 1.27691964735e-06, 5.59254146992e-07, 9.62863509812e-07, 2.41333619755e-09]
    },
    "erbbands": {
        "dmean": [0.533847212791, 2.73889112473, 4.26818132401, 5.57129573822, 5.1873588562, 4.74629545212, 16.5635604858, 21.2420406342, 19.501832962, 29.3593540192, 23.6627655029, 14.3835535049, 14.1990671158, 8.42056941986, 15.8174161911, 18.4301757812, 10.3450174332, 15.6917991638, 5.79454231262, 4.91832542419, 7.78289031982, 14.3093099594, 7.65055370331, 6.5107088089, 5.73325252533, 11.1475429535, 12.5259170532, 9.82294082642, 10.3162708282, 12.7089061737, 19.8642883301, 14.5067100525, 6.05665063858, 3.20893478394, 2.5365087986, 1.75762486458, 0.583326935768, 0.0822308287024, 0.00184620590881, 8.18195840111e-05],
        "dmean2": [0.654197990894, 3.87900876999, 6.20541191101, 8.52034091949, 8.39559745789, 7.59657669067, 25.6857624054, 33.6905479431, 31.87018013, 48.0735359192, 36.9340896606, 23.5477275848, 20.9402770996, 12.8060321808, 24.5959911346, 30.4361133575, 15.5193347931, 24.9625892639, 9.41689682007, 7.54720258713, 12.9108457565, 25.9029273987, 12.514834404, 10.3660154343, 9.04052352905, 17.8255176544, 19.9002113342, 15.3919487, 16.4379997253, 21.2031478882, 34.8811988831, 24.9268531799, 10.1907777786, 5.27410173416, 4.15587806702, 2.86904764175, 0.946285068989, 0.134119898081, 0.00302044674754, 0.000125601218315],
        "dvar": [1.8780798912, 60.2507781982, 282.538909912, 274.915527344, 255.857421875, 136.267990112, 1284.8704834, 4028.80639648, 1865.67260742, 5607.20654297, 3631.17871094, 1833.02868652, 6442.14013672, 421.243133545, 8343.59375, 25618.9101562, 785.699768066, 2207.01855469, 895.785583496, 86.8799591064, 450.517669678, 3898.28491211, 315.897186279, 179.772109985, 120.031806946, 911.00793457, 1304.20617676, 524.155395508, 565.121826172, 1187.06970215, 3667.88623047, 1823.19909668, 249.161758423, 58.5569190979, 41.2135696411, 27.4951782227, 3.54662251472, 0.0699135661125, 4.19512434746e-05, 4.23635917457e-08],
        "dvar2": [3.45680618286, 149.151184082, 663.467224121, 763.510986328, 700.701293945, 378.859741211, 3086.07958984, 10239.8681641, 4562.46923828, 13084.7587891, 7471.96826172, 4511.01025391, 12650.7167969, 904.114074707, 22082.2207031, 79018.1328125, 1670.14111328, 5438.31201172, 2449.86645508, 187.382217407, 1260.88671875, 11327.7089844, 789.325561523, 446.46987915, 284.993438721, 2225.01831055, 3336.94262695, 1242.69836426, 1400.58581543, 3174.77148438, 10222.6904297, 5028.00195312, 665.197631836, 149.985977173, 103.649871826, 69.7685470581, 9.15787410736, 0.17803889513, 0.000110170345579, 1.0732021849e-07],
        "max": [14.3283786774, 92.7594833374, 310.597320557, 226.346221924, 238.830810547, 162.778427124, 509.622802734, 1230.33679199, 549.777832031, 1108.21569824, 958.14074707, 664.623535156, 2616.24389648, 352.274810791, 2407.01245117, 4202.70166016, 556.630065918, 776.540161133, 802.79486084, 147.490982056, 232.537094116, 722.785339355, 125.758514404, 167.121047974, 79.3536834717, 363.79208374, 457.721984863, 205.521087646, 179.42036438, 260.390289307, 425.506866455, 325.419311523, 124.530090332, 68.5104904175, 59.1271896362, 54.4659233093, 18.9095516205, 3.05698609352, 0.0979109182954, 0.00254945387132],
        "mean": [1.98617291451, 5.89764261246, 6.27273035049, 9.19632816315, 7.9636797905, 7.38866186142, 21.7162704468, 28.4963569641, 22.6139373779, 31.9792518616, 32.9865264893, 16.7031173706, 22.2050571442, 13.5323448181, 19.5884513855, 24.4469280243, 11.8032770157, 16.7245464325, 7.15176153183, 7.42618513107, 9.20548915863, 12.9118013382, 8.3047876358, 7.97929906845, 6.75949621201, 10.6015863419, 11.5132713318, 9.90719223022, 10.1029853821, 10.3651361465, 14.2779407501, 10.9943132401, 5.08085489273, 2.95020031929, 2.31385731697, 1.57528722286, 0.506455004215, 0.0707491263747, 0.00161170226056, 0.00013213432976],
        "median": [0.121282175183, 1.10566103458, 0.960230588913, 3.8537209034, 3.92882704735, 4.01012039185, 7.6841211319, 4.95304393768, 7.97348213196, 6.65783071518, 7.51268386841, 3.5496006012, 3.63336968422, 3.14065313339, 2.62747716904, 2.42864751816, 2.25160980225, 2.14016580582, 1.60427725315, 1.97572743893, 2.78157043457, 2.36924314499, 1.49650502205, 2.03349328041, 1.7379925251, 1.09876549244, 0.881719052792, 0.933503985405, 1.55988574028, 1.29400920868, 1.10686767101, 0.763933897018, 0.378282099962, 0.177692443132, 0.106913134456, 0.0774611085653, 0.02102997154, 0.00226349267177, 9.81883276836e-05, 7.44100980228e-05],
        "min": [3.61687402251e-10, 2.13598050358e-09, 7.95131960274e-09, 2.21127933742e-08, 5.18400540273e-08, 1.05668256367e-07, 1.92863183202e-07, 3.30070548671e-07, 5.62297429951e-07, 1.04873811324e-06, 2.12138616007e-06, 3.49720153281e-06, 3.5216132801e-06, 2.02511137104e-06, 9.5864368177e-07, 5.96494828642e-07, 5.14490693604e-07, 3.67311514538e-07, 2.31473762824e-07, 1.47769057435e-07, 7.79169937459e-08, 6.14437780655e-08, 1.08049093228e-07, 6.23375200348e-08, 4.8389228624e-08, 4.76691504048e-08, 3.27056568494e-08, 1.73609180365e-08, 2.28188490325e-08, 1.74932086594e-08, 1.35063142892e-08, 1.03629878012e-08, 7.40085370765e-09, 4.84425921599e-09, 2.94493962549e-09, 1.60305146935e-09, 7.34537652924e-10, 2.60354904302e-10, 5.91392698701e-11, 6.46222311773e-12],
        "stdev": [2.97933626175, 10.1497917175, 20.6877384186, 16.0081043243, 15.4484367371, 10.8434114456, 43.6477279663, 68.3948440552, 45.3535385132, 85.2117767334, 84.0359344482, 44.2510147095, 145.216934204, 28.4100570679, 88.3737487793, 152.692108154, 32.040561676, 53.2548103333, 26.8299503326, 14.1692619324, 19.3579006195, 47.7203979492, 17.9137401581, 14.9865627289, 12.0860586166, 28.4537601471, 32.964176178, 23.0768413544, 22.997089386, 29.6844940186, 48.2474136353, 34.8716087341, 13.8692884445, 7.39390182495, 6.28036212921, 4.84389448166, 1.68223118782, 0.240083679557, 0.00567457545549, 0.000201543007279],
        "var": [8.87644386292, 103.018280029, 427.982513428, 256.259429932, 238.654190063, 117.579574585, 1905.12426758, 4677.85449219, 2056.94360352, 7261.04638672, 7062.03857422, 1958.15222168, 21087.9589844, 807.131347656, 7809.91943359, 23314.8808594, 1026.59765625, 2836.07470703, 719.846252441, 200.767974854, 374.728302002, 2277.23632812, 320.902099609, 224.597061157, 146.072814941, 809.616455078, 1086.63684082, 532.540588379, 528.866088867, 881.169189453, 2327.81274414, 1216.02905273, 192.357162476, 54.6697845459, 39.4429512024, 23.4633140564, 2.82990193367, 0.0576401762664, 3.22008054354e-05, 4.06195823643e-08]
    },
    "gfcc": {
        "mean": [-32.7149887085, 91.9957427979, -83.123550415, 29.0876960754, -61.1035385132, 8.48476600647, -36.2182617188, 5.89175367355, -18.2902927399, 2.75982928276, -14.3301992416, 2.98218274117, -12.2721862793],
        "cov": [[8880.58300781, -3170.89282227, 863.480285645, 922.622070312, -417.090606689, 1023.81329346, -421.099853516, 654.170532227, -116.158935547, 612.678771973, -121.641967773, 436.187011719, -370.14642334], [-3170.89282227, 4883.5078125, -321.553405762, -134.481811523, 1259.85375977, -312.122894287, 921.670349121, -413.754150391, 501.206512451, -467.659729004, 547.344543457, -310.502624512, 502.312164307], [863.480285645, -321.553405762, 1924.04797363, 425.874023438, 69.8737640381, 493.218688965, 42.2058944702, 239.916503906, 29.0114135742, 272.364105225, -23.6916904449, 208.5599823, 91.904914856], [922.622070312, -134.481811523, 425.874023438, 1460.35913086, 381.124237061, 246.594619751, 358.409515381, 164.753372192, 283.502502441, 104.1510849, 160.602554321, 23.9687900543, 176.636108398], [-417.090606689, 1259.85375977, 69.8737640381, 381.124237061, 868.059814453, 64.2180023193, 449.364898682, -14.9821472168, 241.044769287, -17.0551700592, 209.020782471, -59.5686683655, 224.805236816], [1023.81329346, -312.122894287, 493.218688965, 246.594619751, 64.2180023193, 500.722717285, 98.8450164795, 158.76713562, 43.6772041321, 138.984344482, 39.9845352173, 60.048210144, 24.4691696167], [-421.099853516, 921.670349121, 42.2058944702, 358.409515381, 449.364898682, 98.8450164795, 591.458496094, 48.8009910583, 187.437240601, -45.7341308594, 186.666305542, -66.1684494019, 175.948699951], [654.170532227, -413.754150391, 239.916503906, 164.753372192, -14.9821472168, 158.76713562, 48.8009910583, 276.914154053, 42.6773490906, 86.3577346802, -13.307472229, 79.8391952515, -10.8686962128], [-116.158935547, 501.206512451, 29.0114135742, 283.502502441, 241.044769287, 43.6772041321, 187.437240601, 42.6773490906, 278.229522705, 13.6204738617, 121.819259644, -31.781129837, 99.3146057129], [612.678771973, -467.659729004, 272.364105225, 104.1510849, -17.0551700592, 138.984344482, -45.7341308594, 86.3577346802, 13.6204738617, 257.286254883, -3.1145324707, 42.1488456726, -34.2295532227], [-121.641967773, 547.344543457, -23.6916904449, 160.602554321, 209.020782471, 39.9845352173, 186.666305542, -13.307472229, 121.819259644, -3.1145324707, 200.872344971, -16.288110733, 73.1847610474], [436.187011719, -310.502624512, 208.5599823, 23.9687900543, -59.5686683655, 60.048210144, -66.1684494019, 79.8391952515, -31.781129837, 42.1488456726, -16.288110733, 145.953170776, 0.160450860858], [-370.14642334, 502.312164307, 91.904914856, 176.636108398, 224.805236816, 24.4691696167, 175.948699951, -10.8686962128, 99.3146057129, -34.2295532227, 73.1847610474, 0.160450860858, 190.885650635]],
        "icov": [[0.000239094079006, -9.29928592086e-06, 0.000110732362373, -0.00017765085795, -4.23428355134e-05, -0.000413097965065, 0.000156146765221, -0.000156234542374, 8.15024468466e-05, -0.000196002598386, 3.8352827687e-05, -0.000476327375509, 0.000457315472886], [-9.29928592086e-06, 0.00106383371167, -0.000382556667319, 0.000677606614772, -0.000712620210834, 0.000462697556941, -0.000478663278045, 0.000690046872478, -0.000845319533255, 0.00124106009025, -0.00145890354179, 0.000946279906202, -0.000778997666202], [0.000110732362373, -0.000382556667319, 0.00106728600804, -0.000414681446273, 0.000203047922696, -0.000944449740928, 0.000214653380681, -0.000285918213194, 0.000390963803511, -0.0010456412565, 0.000959200027864, -0.00138249062002, 1.57067302098e-06], [-0.00017765085795, 0.000677606614772, -0.000414681446273, 0.00156913988758, -0.000468473590445, 0.000447853090009, -0.000662474194542, 0.000309561815811, -0.00121778273024, 0.000724435900338, -0.000996711547486, 0.000877824903, -0.00111247575842], [-4.23428355134e-05, -0.000712620210834, 0.000203047922696, -0.000468473590445, 0.00285968161188, -0.000164756987942, -0.000774514803197, -3.29159047396e-05, -6.24207750661e-05, -0.00111135467887, 0.000379480828997, -0.000350310292561, -0.000817807391286], [-0.000413097965065, 0.000462697556941, -0.000944449740928, 0.000447853090009, -0.000164756987942, 0.00418482674286, -0.000809495162684, -0.000564962683711, -0.000120423981571, 3.2744872442e-05, -0.00136491132434, 0.00146113976371, -0.00101614557207], [0.000156146765221, -0.000478663278045, 0.000214653380681, -0.000662474194542, -0.000774514803197, -0.000809495162684, 0.00445560459048, -0.00191127485596, 0.000741257390473, 0.000213168765185, -0.00133083690889, 0.00135189667344, -0.000966151768807], [-0.000156234542374, 0.000690046872478, -0.000285918213194, 0.000309561815811, -3.29159047396e-05, -0.000564962683711, -0.00191127485596, 0.00685004936531, -0.00225770613179, 0.000120102457004, 0.000990874250419, -0.00251854676753, 0.000813741644379], [8.15024468466e-05, -0.000845319533255, 0.000390963803511, -0.00121778273024, -6.24207750661e-05, -0.000120423981571, 0.000741257390473, -0.00225770613179, 0.00745596829802, -0.00141652999446, -0.00148190511391, 0.00106281612534, -0.000967693456914], [-0.000196002598386, 0.00124106009025, -0.0010456412565, 0.000724435900338, -0.00111135467887, 3.2744872442e-05, 0.000213168765185, 0.000120102457004, -0.00141652999446, 0.00714620249346, -0.00220836885273, 0.00154631352052, 0.000166009034729], [3.8352827687e-05, -0.00145890354179, 0.000959200027864, -0.000996711547486, 0.000379480828997, -0.00136491132434, -0.00133083690889, 0.000990874250419, -0.00148190511391, -0.00220836885273, 0.0111159533262, -0.0033002840355, 0.00150107266381], [-0.000476327375509, 0.000946279906202, -0.00138249062002, 0.000877824903, -0.000350310292561, 0.00146113976371, 0.00135189667344, -0.00251854676753, 0.00106281612534, 0.00154631352052, -0.0033002840355, 0.012786670588, -0.00374580500647], [0.000457315472886, -0.000778997666202, 1.57067302098e-06, -0.00111247575842, -0.000817807391286, -0.00101614557207, -0.000966151768807, 0.000813741644379, -0.000967693456914, 0.000166009034729, 0.00150107266381, -0.00374580500647, 0.0111952666193]]
    },
    "melbands": {
        "dmean": [0.00414875056595, 0.00254024518654, 0.000918605481274, 0.000305921887048, 0.00049833272351, 0.000468507816549, 0.000319826009218, 0.000316930556437, 0.000175928813405, 9.29847083171e-05, 6.98258008924e-05, 3.3925713069e-05, 4.31555963587e-05, 7.26504804334e-05, 2.19176872633e-05, 3.47617497027e-05, 2.74290850939e-05, 9.86718896456e-06, 6.72097030474e-06, 7.02882425685e-06, 9.99690200842e-06, 1.7829997887e-05, 7.23945004211e-06, 6.20784658167e-06, 5.45110060557e-06, 3.94958988181e-06, 5.49801779925e-06, 7.81104972702e-06, 8.07787728263e-06, 6.32257251709e-06, 5.81054200666e-06, 5.71589544052e-06, 5.80065943723e-06, 8.59794727148e-06, 1.13121968752e-05, 1.28929677885e-05, 7.65239656175e-06, 4.64623690277e-06, 3.11583698931e-06, 2.52636800724e-06],
        "dmean2": [0.00528913037851, 0.00366516364738, 0.00142138625961, 0.000491477665491, 0.000774545944296, 0.0007435749867, 0.000523062539287, 0.000518244109116, 0.000273278506938, 0.000152526044985, 0.000102503254311, 5.23112576047e-05, 6.58047938487e-05, 0.000120947552205, 3.34280266543e-05, 5.24316128576e-05, 4.44372344646e-05, 1.62424439623e-05, 1.02580042949e-05, 1.0920337445e-05, 1.67439447978e-05, 3.27167945215e-05, 1.18986554298e-05, 9.81066204986e-06, 8.78214996192e-06, 6.17173463979e-06, 8.85732424649e-06, 1.26225722852e-05, 1.30922871904e-05, 9.6876601674e-06, 9.25630683923e-06, 9.02662031876e-06, 9.46699674387e-06, 1.47283662955e-05, 1.99830246856e-05, 2.28927292483e-05, 1.29617064886e-05, 7.94854440755e-06, 5.15178589922e-06, 4.14879878008e-06],
        "dvar": [0.000103383783426, 7.04893536749e-05, 7.81545259088e-06, 7.84908138485e-07, 1.06289382984e-06, 1.69869508682e-06, 4.86800104227e-07, 5.95788435476e-07, 1.99883459118e-07, 9.04724757333e-08, 1.55296163484e-07, 7.00804969611e-09, 3.1339041584e-08, 5.18256285886e-07, 6.3901119951e-09, 1.03994128864e-08, 6.92815183001e-09, 3.45619843856e-09, 2.06983499784e-10, 1.69796190996e-10, 8.12844236364e-10, 6.60524879237e-09, 2.97176117048e-10, 1.94382579477e-10, 1.33511909861e-10, 5.87071363745e-11, 1.32475946879e-10, 4.85492923641e-10, 6.81667444713e-10, 2.12112161169e-10, 1.95844757078e-10, 1.64166624739e-10, 2.0356023811e-10, 6.20024254161e-10, 1.1804131006e-09, 1.60169288943e-09, 5.08102782071e-10, 1.59250626575e-10, 5.42686798277e-11, 3.6155880373e-11],
        "dvar2": [0.000211169564864, 0.00016680144472, 2.19561170525e-05, 2.19757203013e-06, 2.53842017628e-06, 4.30620730185e-06, 1.1637806665e-06, 1.41818225075e-06, 4.14206624555e-07, 2.23294961188e-07, 3.0205151802e-07, 1.54878954106e-08, 7.47694954839e-08, 1.57273689183e-06, 1.62409357074e-08, 2.19625153619e-08, 1.72880412208e-08, 9.57632551035e-09, 4.51921916556e-10, 3.82498172025e-10, 2.30145036362e-09, 1.92482421113e-08, 7.81532283334e-10, 4.76089168089e-10, 3.4041947039e-10, 1.38121653004e-10, 3.21868948161e-10, 1.18246246128e-09, 1.79329429084e-09, 5.00609664833e-10, 4.75850192583e-10, 4.06629369065e-10, 5.17513865095e-10, 1.69499603242e-09, 3.28407545602e-09, 4.49040049588e-09, 1.39433864454e-09, 4.29549784631e-10, 1.41992514968e-10, 9.19097783991e-11],
        "max": [0.10092061758, 0.131665572524, 0.039793677628, 0.013533600606, 0.0137105155736, 0.0241593159735, 0.00817053392529, 0.0120740318671, 0.00637943390757, 0.005151537247, 0.0131087694317, 0.00142179732211, 0.00372488819994, 0.0193572603166, 0.00164517294616, 0.00234832474962, 0.00131244200747, 0.00155205151532, 0.000243681817665, 0.000185338169103, 0.00030953346868, 0.000917448138352, 0.000173781038029, 0.000123687539599, 0.00015634643205, 9.33764749789e-05, 9.0852525318e-05, 0.000263844471192, 0.000366291089449, 0.000138692819746, 0.000144883015309, 9.79664546321e-05, 0.000123662888655, 0.000199483925826, 0.00022562740196, 0.00030205809162, 0.00019760246505, 0.000107088824734, 5.89588780713e-05, 5.04274867126e-05],
        "mean": [0.0138196907938, 0.004566332791, 0.00151148822624, 0.000487554410938, 0.000679834221955, 0.000622770108748, 0.000359343597665, 0.000368233304471, 0.000235700528719, 0.000102978548966, 0.000107755622594, 5.15886786161e-05, 5.30131728738e-05, 8.90158262337e-05, 2.76360642602e-05, 3.38965910487e-05, 2.92059685307e-05, 1.07693367681e-05, 9.51290348894e-06, 1.01829373307e-05, 1.08328531496e-05, 1.51642498167e-05, 7.86774944572e-06, 6.68726215736e-06, 6.55626081425e-06, 4.80529615743e-06, 5.61545039091e-06, 7.24523943063e-06, 7.155869298e-06, 6.2708418227e-06, 5.71667078475e-06, 5.73092893319e-06, 5.21468018633e-06, 6.49528874419e-06, 8.07611104392e-06, 9.01363182493e-06, 5.96908239459e-06, 3.71689930034e-06, 2.79896494249e-06, 2.28819908443e-06],
        "median": [0.00180821132381, 0.000862965011038, 0.000727783015464, 0.000275146245258, 0.000280559121165, 0.0001073151725, 0.000115657901915, 8.00322086434e-05, 5.48412681383e-05, 1.99245805561e-05, 1.70629609784e-05, 1.15825259854e-05, 7.64493324823e-06, 6.21498884357e-06, 4.40037138105e-06, 4.65410994366e-06, 3.59723503607e-06, 1.98880320568e-06, 2.44617399403e-06, 2.39883524955e-06, 3.09363190354e-06, 2.51167739407e-06, 1.21154641874e-06, 1.20397669434e-06, 1.50768937601e-06, 1.34416211495e-06, 1.00043223483e-06, 5.17252487953e-07, 4.82021107473e-07, 5.16746126777e-07, 4.90216962135e-07, 8.43547809382e-07, 7.88705847299e-07, 5.76590934998e-07, 5.44987415196e-07, 5.51878883925e-07, 4.01597304744e-07, 2.56395395581e-07, 2.24638498025e-07, 1.1018985191e-07],
        "min": [3.3401736238e-12, 3.79276384604e-12, 4.60881289729e-12, 5.58515430085e-12, 6.49048436524e-12, 7.42363635842e-12, 8.92799376095e-12, 1.24391460674e-11, 1.87205147217e-11, 2.25596659409e-11, 1.74061424996e-11, 8.51858340811e-12, 3.53404827104e-12, 1.85295181976e-12, 1.29184065788e-12, 1.02708423363e-12, 6.32261441553e-13, 3.85217004779e-13, 2.47776679816e-13, 1.46694356423e-13, 7.9120832607e-14, 5.71831197302e-14, 8.93261701586e-14, 9.21341792464e-14, 4.59774803137e-14, 3.28473718765e-14, 3.44784964468e-14, 3.18554149801e-14, 2.47903572128e-14, 1.01457309961e-14, 9.77521506801e-15, 1.32378908386e-14, 1.15312109294e-14, 8.93910799874e-15, 7.94853515418e-15, 6.71909435981e-15, 6.17200424951e-15, 5.29386825243e-15, 4.55331666401e-15, 3.92148895415e-15],
        "stdev": [0.0198890361935, 0.0104723600671, 0.00254173367284, 0.000798899622168, 0.00126004731283, 0.00141417467967, 0.00073477323167, 0.000932273513172, 0.000594402721617, 0.000315319222864, 0.000714555731975, 0.000110959212179, 0.000187003068277, 0.000627388013527, 0.000105507417175, 0.000113961352326, 9.50386529439e-05, 4.97072869621e-05, 2.08006476896e-05, 1.86543693417e-05, 2.4806780857e-05, 6.13800075371e-05, 1.74245578819e-05, 1.42133476402e-05, 1.27527464429e-05, 8.74269517226e-06, 1.15112879939e-05, 2.06568529393e-05, 2.29358938668e-05, 1.48070203068e-05, 1.37334427563e-05, 1.26196437122e-05, 1.31510169012e-05, 2.05928936339e-05, 2.73932637356e-05, 3.14670760417e-05, 1.87053192349e-05, 1.08440781332e-05, 6.8729132181e-06, 5.90336412643e-06],
        "var": [0.000395573762944, 0.000109670334496, 6.46040962238e-06, 6.38240635453e-07, 1.58771933911e-06, 1.99988994609e-06, 5.39891686913e-07, 8.69133941706e-07, 3.53314590029e-07, 9.94262165932e-08, 5.10589870828e-07, 1.23119470175e-08, 3.49701494429e-08, 3.9361572135e-07, 1.11318154694e-08, 1.29871891019e-08, 9.03234553817e-09, 2.47081444193e-09, 4.32666957817e-10, 3.4798547377e-10, 6.15376416491e-10, 3.76750541875e-09, 3.03615188546e-10, 2.02019248552e-10, 1.62632546319e-10, 7.64347127258e-11, 1.3250975317e-10, 4.26705559775e-10, 5.26055254912e-10, 2.19247855981e-10, 1.88607449103e-10, 1.59255414411e-10, 1.72949252142e-10, 4.24067253535e-10, 7.50390916071e-10, 9.90176829418e-10, 3.49888951146e-10, 1.17594031734e-10, 4.72369365845e-11, 3.4849706454e-11]
    },
    "melbands128": {
