{
"lowlevel": {
    "average_loudness": 0.983247756958,
    "barkbands_crest": {
        "dmean": 2.59775590897,
        "dmean2": 4.31743049622,
        "dvar": 4.88716745377,
        "dvar2": 12.7867975235,
        "max": 21.0262813568,
        "mean": 9.29114055634,
        "median": 8.79186439514,
        "min": 3.39799118042,
        "stdev": 3.25894427299,
        "var": 10.6207170486
    },
    "barkbands_flatness_db": {
        "dmean": 0.0222237128764,
        "dmean2": 0.0335211567581,
        "dvar": 0.000343703024555,
        "dvar2": 0.000769560458139,
        "max": 0.270505309105,
        "mean": 0.152175188065,
        "median": 0.151157870889,
        "min": 0.052374638617,
        "stdev": 0.0365112349391,
        "var": 0.00133307033684
    },
    "barkbands_kurtosis": {
        "dmean": 3.16272640228,
        "dmean2": 5.11053276062,
        "dvar": 20.7134170532,
        "dvar2": 51.0422897339,
        "max": 64.7818450928,
        "mean": 5.78225374222,
        "median": 2.87165975571,
        "min": -1.41942667961,
        "stdev": 7.73442602158,
        "var": 59.821346283
    },
    "barkbands_skewness": {
        "dmean": 0.551439702511,
        "dmean2": 0.868208289146,
        "dvar": 0.254073381424,
        "dvar2": 0.590619921684,
        "max": 7.3759355545,
        "mean": 1.86140215397,
        "median": 1.74137532711,
        "min": -1.73802387714,
        "stdev": 1.16095888615,
        "var": 1.34782552719
    },
    "barkbands_spread": {
        "dmean": 3.71655774117,
        "dmean2": 5.69115495682,
        "dvar": 14.9206895828,
        "dvar2": 31.6645259857,
        "max": 56.4498214722,
        "mean": 15.1591625214,
        "median": 14.7560968399,
        "min": 2.52864432335,
        "stdev": 7.31130647659,
        "var": 53.45520401
    },
    "dissonance": {
        "dmean": 0.0227341968566,
        "dmean2": 0.0381371788681,
        "dvar": 0.0006551060942,
        "dvar2": 0.00170224998146,
        "max": 0.499284982681,
        "mean": 0.454926937819,
        "median": 0.462646245956,
        "min": 0.0588188022375,
        "stdev": 0.0324242450297,
        "var": 0.00105133175384
    },
    "dynamic_complexity": 1.21778047085,
    "erbbands_crest": {
        "dmean": 2.33805084229,
        "dmean2": 3.81971907616,
        "dvar": 4.82497930527,
        "dvar2": 12.8826913834,
        "max": 21.7171516418,
        "mean": 8.35816383362,
        "median": 7.73186588287,
        "min": 2.5732011795,
        "stdev": 3.29668736458,
        "var": 10.86814785
    },
    "erbbands_flatness_db": {
        "dmean": 0.0179519802332,
        "dmean2": 0.0237727575004,
        "dvar": 0.000196913126274,
        "dvar2": 0.000407580198953,
        "max": 0.248583853245,
        "mean": 0.157666787505,
        "median": 0.159780725837,
        "min": 0.0719176232815,
        "stdev": 0.0326336063445,
        "var": 0.00106495223008
    },
    "erbbands_kurtosis": {
        "dmean": 0.826579928398,
        "dmean2": 1.30541026592,
        "dvar": 0.854561984539,
        "dvar2": 2.02252578735,
        "max": 10.723151207,
        "mean": 0.631058216095,
        "median": 0.37455034256,
        "min": -1.71036553383,
        "stdev": 1.58313202858,
        "var": 2.50630712509
    },
    "erbbands_skewness": {
        "dmean": 0.344981968403,
        "dmean2": 0.523615777493,
        "dvar": 0.0908092260361,
        "dvar2": 0.197197854519,
        "max": 2.47947955132,
        "mean": 0.353339403868,
        "median": 0.314939975739,
        "min": -1.65483927727,
        "stdev": 0.615755200386,
        "var": 0.379154443741
    },
    "erbbands_spread": {
        "dmean": 7.11144542694,
        "dmean2": 10.3573102951,
        "dvar": 49.1276283264,
        "dvar2": 101.276939392,
        "max": 100.570251465,
        "mean": 34.6949157715,
        "median": 31.4636955261,
        "min": 6.51843690872,
        "stdev": 16.6209106445,
        "var": 276.254699707
    },
    "hfc": {
        "dmean": 6.63102722168,
        "dmean2": 10.0622272491,
        "dvar": 46.9059066772,
        "dvar2": 113.37727356,
        "max": 78.9274902344,
        "mean": 24.4027824402,
        "median": 23.1531276703,
        "min": 1.14316135662e-16,
        "stdev": 12.3157186508,
        "var": 151.676925659
    },
    "loudness_ebu128": {
        "integrated": -11.3360376358,
        "loudness_range": 2.25541877747,
        "momentary": {
            "dmean": 0.287616819143,
            "dmean2": 0.324081480503,
            "dvar": 0.0599458478391,
            "dvar2": 0.07230065763,
            "max": -9.69192504883,
            "mean": -11.4581298828,
            "median": -11.5229988098,
            "min": -13.6785745621,
            "stdev": 1.03080034256,
            "var": 1.06254923344
        },
        "short_term": {
            "dmean": 0.0441517978907,
            "dmean2": 0.0367355793715,
            "dvar": 0.00108081614599,
            "dvar2": 0.00109278352465,
            "max": -10.019952774,
            "mean": -11.4542284012,
            "median": -11.3751220703,
            "min": -12.6068792343,
            "stdev": 0.662117421627,
            "var": 0.438399463892
        }
    },
    "melbands_crest": {
        "dmean": 3.56978368759,
        "dmean2": 5.94180488586,
        "dvar": 9.74576473236,
        "dvar2": 25.9432086945,
        "max": 28.3278083801,
        "mean": 13.8027477264,
        "median": 13.399643898,
        "min": 2.3960006237,
        "stdev": 4.34333753586,
        "var": 18.8645801544
    },
    "melbands_flatness_db": {
        "dmean": 0.0268346443772,
        "dmean2": 0.0401231087744,
        "dvar": 0.000522118352819,
        "dvar2": 0.00114144396503,
        "max": 0.381808161736,
        "mean": 0.234243378043,
        "median": 0.232963621616,
        "min": 0.00667947297916,
        "stdev": 0.0484291389585,
        "var": 0.00234538153745
    },
    "melbands_kurtosis": {
        "dmean": 7.17425823212,
        "dmean2": 11.4474439621,
        "dvar": 115.682868958,
        "dvar2": 282.002746582,
        "max": 195.548797607,
        "mean": 14.8878536224,
        "median": 8.98975753784,
        "min": -1.30530965328,
        "stdev": 17.6652736664,
        "var": 312.061889648
    },
    "melbands_skewness": {
        "dmean": 0.756734907627,
        "dmean2": 1.15659952164,
        "dvar": 0.493528664112,
        "dvar2": 1.15813553333,
        "max": 11.3930511475,
        "mean": 2.81273460388,
        "median": 2.56104421616,
        "min": -0.545620679855,
        "stdev": 1.57275545597,
        "var": 2.47355985641
    },
    "melbands_spread": {
        "dmean": 4.34933710098,
        "dmean2": 6.84850025177,
        "dvar": 25.9664459229,
        "dvar2": 49.676158905,
        "max": 131.29850769,
        "mean": 15.4859399796,
        "median": 14.3590650558,
        "min": 1.74504137039,
        "stdev": 9.15891647339,
        "var": 83.8857574463
    },
    "pitch_salience": {
        "dmean": 0.0781004577875,
        "dmean2": 0.128308489919,
        "dvar": 0.00395232345909,
        "dvar2": 0.0106902299449,
        "max": 0.820025324821,
        "mean": 0.555310726166,
        "median": 0.556996166706,
        "min": 0.247657880187,
        "stdev": 0.0980034992099,
        "var": 0.00960468593985
    },
    "silence_rate_20dB": {
        "dmean": 0,
        "dmean2": 0,
        "dvar": 0,
        "dvar2": 0,
        "max": 1,
        "mean": 1,
        "median": 1,
        "min": 1,
        "stdev": 0,
        "var": 0
    },
    "silence_rate_30dB": {
        "dmean": 0.00154798757285,
        "dmean2": 0.00309837330133,
        "dvar": 0.00154558313079,
        "dvar2": 0.00308873085305,
        "max": 1,
        "mean": 0.998453199863,
        "median": 1,
        "min": 0,
        "stdev": 0.0392987541854,
        "var": 0.00154439220205
    },
    "silence_rate_60dB": {
        "dmean": 0.000773993786424,
        "dmean2": 0.00154918665066,
        "dvar": 0.000773391744588,
        "dvar2": 0.00154677091632,
        "max": 1,
        "mean": 0.00154679035768,
        "median": 0,
        "min": 0,
        "stdev": 0.0392987206578,
        "var": 0.00154438940808
    },
    "spectral_centroid": {
        "dmean": 184.961578369,
        "dmean2": 276.869384766,
        "dvar": 95775.828125,
        "dvar2": 124419.273438,
        "max": 10952.4189453,
        "mean": 912.062255859,
        "median": 861.43145752,
        "min": 268.214202881,
        "stdev": 471.077880859,
        "var": 221914.359375
    },
    "spectral_complexity": {
        "dmean": 4.07198143005,
        "dmean2": 6.11076688766,
        "dvar": 17.4739227295,
        "dvar2": 36.423828125,
        "max": 47,
        "mean": 21.6395969391,
        "median": 21,
        "min": 0,
        "stdev": 7.33436059952,
        "var": 53.7928466797
    },
    "spectral_decrease": {
        "dmean": 4.32555680163e-09,
        "dmean2": 7.06405822726e-09,
        "dvar": 1.73526660277e-17,
        "dvar2": 4.44006597668e-17,
        "max": -1.64694201969e-28,
        "mean": -1.36433966347e-08,
        "median": -1.31312631879e-08,
        "min": -3.37340395618e-08,
        "stdev": 5.53494361455e-09,
        "var": 3.06356001329e-17
    },
    "spectral_energy": {
        "dmean": 0.0167386550456,
        "dmean2": 0.0273143015802,
        "dvar": 0.000255216815276,
        "dvar2": 0.000650367932394,
        "max": 0.133200988173,
        "mean": 0.0537067428231,
        "median": 0.0517733320594,
        "min": 1.09904103335e-20,
        "stdev": 0.0213925223798,
        "var": 0.000457640038803
    },
    "spectral_energyband_high": {
        "dmean": 0.000203795250854,
        "dmean2": 0.000277833314613,
        "dvar": 1.07485263356e-07,
        "dvar2": 2.23653202625e-07,
        "max": 0.00412308890373,
        "mean": 0.000365112908185,
        "median": 0.0002342920925,
        "min": 7.92600989436e-21,
        "stdev": 0.000439121184172,
        "var": 1.9282741448e-07
    },
    "spectral_energyband_low": {
        "dmean": 0.0136110186577,
        "dmean2": 0.0220868643373,
        "dvar": 0.000221080088522,
        "dvar2": 0.000562837754842,
        "max": 0.105367086828,
        "mean": 0.0260947681963,
        "median": 0.0212120376527,
        "min": 4.02861419312e-23,
        "stdev": 0.0194446891546,
        "var": 0.000378095923224
    },
    "spectral_energyband_middle_high": {
        "dmean": 0.00277618016116,
        "dmean2": 0.00448867632076,
        "dvar": 1.2598313333e-05,
        "dvar2": 3.44932705048e-05,
        "max": 0.0363366119564,
        "mean": 0.00789593625814,
        "median": 0.00578593974933,
        "min": 1.74792633838e-21,
        "stdev": 0.00681387539953,
        "var": 4.64289005322e-05
    },
    "spectral_energyband_middle_low": {
        "dmean": 0.00847027916461,
        "dmean2": 0.0135534629226,
        "dvar": 7.45296420064e-05,
        "dvar2": 0.000193239218788,
        "max": 0.0695253312588,
        "mean": 0.0232030209154,
        "median": 0.0216870345175,
        "min": 4.059676885e-22,
        "stdev": 0.0114325154573,
        "var": 0.00013070240675
    },
    "spectral_entropy": {
        "dmean": 0.158601865172,
        "dmean2": 0.221953257918,
        "dvar": 0.0211968254298,
        "dvar2": 0.0402771085501,
        "max": 9.79553794861,
        "mean": 7.40333032608,
        "median": 7.39698219299,
        "min": 6.64804792404,
        "stdev": 0.286997407675,
        "var": 0.0823675096035
    },
    "spectral_flux": {
        "dmean": 0.0345027782023,
        "dmean2": 0.0544685944915,
        "dvar": 0.000882942171302,
        "dvar2": 0.00210325559601,
        "max": 0.267487794161,
        "mean": 0.119417116046,
        "median": 0.114587850869,
        "min": 1.04835154446e-10,
        "stdev": 0.042046263814,
        "var": 0.00176788831595
    },
    "spectral_kurtosis": {
        "dmean": 1.48900437355,
        "dmean2": 2.4195253849,
        "dvar": 1.67873942852,
        "dvar2": 4.2769203186,
        "max": 11.8547372818,
        "mean": 5.5319185257,
        "median": 5.34773159027,
        "min": -1.20424437523,
        "stdev": 1.9084290266,
        "var": 3.64210152626
    },
    "spectral_rms": {
        "dmean": 0.00111678580288,
        "dmean2": 0.00179341982584,
        "dvar": 1.02330693608e-06,
        "dvar2": 2.48464880315e-06,
        "max": 0.0113996574655,
        "mean": 0.00708172563463,
        "median": 0.00710707856342,
        "min": 3.27450024561e-12,
        "stdev": 0.00149870035239,
        "var": 2.24610289479e-06
    },
    "spectral_rolloff": {
        "dmean": 258.714569092,
        "dmean2": 433.215759277,
        "dvar": 359965.53125,
        "dvar2": 541086.3125,
        "max": 18217.0898438,
        "mean": 825.689758301,
        "median": 710.595703125,
        "min": 107.666015625,
        "stdev": 717.622131348,
        "var": 514981.53125
    },
    "spectral_skewness": {
        "dmean": 0.201492547989,
        "dmean2": 0.315544724464,
        "dvar": 0.0320301838219,
        "dvar2": 0.070605494082,
        "max": 2.77009177208,
        "mean": 1.81502783298,
        "median": 1.81031274796,
        "min": 0.0135613195598,
        "stdev": 0.329098582268,
        "var": 0.108305871487
    },
    "spectral_spread": {
        "dmean": 528596.5625,
        "dmean2": 662475.375,
        "dvar": 797840441344,
        "dvar2": 620288409600,
        "max": 40718420,
        "mean": 4019727.75,
        "median": 3709769.25,
        "min": 2461405.5,
        "stdev": 1475171.875,
        "var": 2.17613218611e+12
    },
    "spectral_strongpeak": {
        "dmean": 0.487322509289,
        "dmean2": 0.840550839901,
        "dvar": 0.565364003181,
        "dvar2": 1.50641441345,
        "max": 6.32107067108,
        "mean": 0.765626966953,
        "median": 0.534164726734,
        "min": 0,
        "stdev": 0.802737951279,
        "var": 0.644388198853
    },
    "zerocrossingrate": {
        "dmean": 0.00704455282539,
        "dmean2": 0.00853036064655,
        "dvar": 0.00021678689518,
        "dvar2": 0.000249100732617,
        "max": 0.48291015625,
        "mean": 0.037991527468,
        "median": 0.03515625,
        "min": 0.00146484375,
        "stdev": 0.0197082608938,
        "var": 0.000388415530324
    },
    "barkbands": {
        "dmean": [0.000584652763791, 0.0076000043191, 0.00701031368226, 0.00445690890774, 0.00335350609384, 0.00155427318532, 0.00120697624516, 0.00132372812368, 0.00110652996227, 0.00109608762432, 0.00109250179958, 0.000599054794293, 0.00100550171919, 0.000731713254936, 0.000269025214948, 0.000186764242244, 0.000179263603059, 0.000227897660807, 0.000207158038393, 7.01319804648e-05, 3.36952289217e-05, 5.94941957388e-05, 3.36031407642e-05, 4.53674110759e-05, 2.55277482211e-05, 1.10025603135e-05, 4.65149668116e-07],
        "dmean2": [0.000870653428137, 0.0117267072201, 0.0115738930181, 0.00749679235741, 0.0054776952602, 0.00253553502262, 0.00189297227189, 0.00201951595955, 0.00177560362499, 0.0016797237331, 0.00180648465175, 0.000993682770059, 0.00169910932891, 0.00125271442812, 0.00044694513781, 0.000303530425299, 0.000286842143396, 0.000353541981895, 0.000313662254484, 0.000110019311251, 5.11237558385e-05, 9.32805924094e-05, 4.91810242238e-05, 6.52770759189e-05, 3.15241049975e-05, 1.45222302308e-05, 7.69996802319e-07],
        "dvar": [8.81343908077e-07, 0.000108561544039, 8.29035561765e-05, 2.89207691822e-05, 1.65382480191e-05, 4.16322654928e-06, 3.81560494134e-06, 5.51159064344e-06, 2.7009709811e-06, 3.83627366318e-06, 4.08139931096e-06, 1.54115775786e-06, 3.39395978699e-06, 2.115197276e-06, 2.11116528703e-07, 9.37421305025e-08, 5.81215218176e-08, 1.23945568475e-07, 1.64241953371e-07, 1.33595579044e-08, 2.66501221091e-09, 1.05232649261e-08, 4.07329148189e-09, 6.86881351797e-09, 1.986427689e-09, 4.78959039096e-10, 1.16749275178e-12],
        "dvar2": [1.89356171632e-06, 0.000250688608503, 0.000221374531975, 7.55436412874e-05, 4.30184445577e-05, 1.10074443e-05, 7.43969030736e-06, 1.38019822771e-05, 7.10244285074e-06, 9.21355876926e-06, 1.1322102182e-05, 4.04175580115e-06, 9.31615250011e-06, 6.18645935901e-06, 5.73666852688e-07, 2.26576773343e-07, 1.48968155145e-07, 2.66659810677e-07, 3.52335348452e-07, 2.81491292498e-08, 6.48603215581e-09, 2.67296194068e-08, 8.97073793027e-09, 1.46244678589e-08, 3.35337135837e-09, 9.38147004526e-10, 2.82788657942e-12],
        "max": [0.00707503734156, 0.0758728310466, 0.068458199501, 0.0385476909578, 0.0423256717622, 0.0289981011301, 0.0478575788438, 0.036090541631, 0.0213256888092, 0.0223418753594, 0.025339981541, 0.0146913854405, 0.0192868411541, 0.0201414842159, 0.00709459744394, 0.00497316941619, 0.002312670229, 0.00599659793079, 0.00559703912586, 0.00234584952705, 0.000766530982219, 0.00127015449107, 0.000947329681367, 0.000895714503713, 0.00099865719676, 0.000437609036453, 1.2966439499e-05],
        "mean": [0.000588090100791, 0.010530417785, 0.0114709418267, 0.00587296113372, 0.00702460622415, 0.00268502114341, 0.00212555075996, 0.00223724450916, 0.00195586076006, 0.00172549579293, 0.00173648213968, 0.000928283669055, 0.00146902538836, 0.00105795485433, 0.00044657534454, 0.000296477926895, 0.000321564555634, 0.000412155000959, 0.000371934467694, 0.000135564579978, 6.43956882413e-05, 8.66013215273e-05, 4.78756519442e-05, 6.22459701844e-05, 3.81394384021e-05, 1.4897438632e-05, 4.24895631568e-07],
        "median": [0.000121481156384, 0.00485131004825, 0.00862147659063, 0.00407695490867, 0.00548329530284, 0.00163295376115, 0.00145092536695, 0.00132695154753, 0.00114864856005, 0.000578051549383, 0.000516446714755, 0.000237877538893, 0.000438343180576, 0.000337091245456, 0.00026117626112, 0.000168862155988, 0.000211269609281, 0.000236452804529, 0.000166002078913, 9.03836189536e-05, 4.73475847684e-05, 5.50399126951e-05, 2.23063634621e-05, 2.50260327448e-05, 1.46032080011e-05, 5.59702903047e-06, 9.23912892858e-08],
        "min": [1.03397623901e-23, 1.30062187459e-23, 2.39459705967e-23, 2.74891973338e-24, 9.83933711525e-23, 8.55366928241e-23, 1.01140128027e-22, 7.76511508631e-23, 3.5904562339e-23, 6.55378950517e-23, 6.85644261789e-23, 6.23323051208e-23, 1.23004644949e-22, 1.12267238287e-22, 1.15590311694e-22, 1.97625800007e-22, 1.67907667903e-22, 4.105266482e-22, 2.525189196e-22, 4.10375944212e-22, 5.36465199383e-22, 5.67295398172e-22, 6.86411981222e-22, 9.25678113345e-22, 1.23695540689e-21, 1.778782639e-21, 2.20841976448e-21],
        "stdev": [0.00103864632547, 0.0129280732945, 0.0101274522021, 0.00565087562427, 0.00589630939066, 0.00306940241717, 0.00305730430409, 0.00285103125498, 0.00232090638019, 0.00274212565273, 0.00267637521029, 0.00173730193637, 0.00234016869217, 0.00174091418739, 0.00060857826611, 0.000410662847571, 0.000332201831043, 0.000549421238247, 0.000616522622295, 0.000171222898643, 6.57727796352e-05, 0.00010677978571, 8.19818887976e-05, 0.000101186866232, 6.94866175763e-05, 2.83452900476e-05, 1.06616630546e-06],
        "var": [1.07878611288e-06, 0.000167135076481, 0.000102565289126, 3.1932395359e-05, 3.47664645233e-05, 9.42123187997e-06, 9.34710897127e-06, 8.12837970443e-06, 5.38660651728e-06, 7.51925335862e-06, 7.16298427506e-06, 3.01821796711e-06, 5.47638910575e-06, 3.03078218167e-06, 3.70367502001e-07, 1.68643978782e-07, 1.10358058691e-07, 3.01863707364e-07, 3.80100175335e-07, 2.93172810473e-08, 4.32605817835e-09, 1.14019220732e-08, 6.7210299548e-09, 1.02387822665e-08, 4.82838968807e-09, 8.03455468823e-10, 1.1367106258e-12]
    },
    "erbbands": {
        "dmean": [0.32267087698, 1.42888140678, 6.12735843658, 13.2224826813, 13.1374015808, 10.4882593155, 9.75259590149, 14.2657022476, 16.6543579102, 29.0311584473, 20.4213981628, 23.6465873718, 46.4706382751, 23.0365657806, 38.4307327271, 30.1771717072, 40.9533729553, 42.1595230103, 16.7896709442, 10.4708528519, 10.0868997574, 9.64663982391, 11.6628761292, 12.297208786, 7.51447439194, 3.11424732208, 1.53624296188, 1.31843280792, 1.56097400188, 2.40504789352, 0.909098982811, 0.925794184208, 0.727599143982, 0.330631554127, 0.172062680125, 0.0689591541886, 0.0147420791909, 0.00220743147656, 5.71876735194e-05, 1.94137282961e-05],
        "dmean2": [0.489905655384, 2.2597720623, 10.0490942001, 21.8827571869, 21.3089847565, 17.4319782257, 16.6107788086, 23.6991443634, 26.0912055969, 42.847694397, 32.5973510742, 38.2160263062, 71.4397277832, 38.0496177673, 62.3259506226, 50.6560935974, 69.6566772461, 71.6714096069, 28.1381587982, 16.965057373, 16.5012187958, 15.3203582764, 18.5286006927, 18.4550952911, 11.4777803421, 4.81828737259, 2.29949879646, 2.01743888855, 2.41670179367, 3.8547604084, 1.31894254684, 1.39016532898, 1.02659881115, 0.412229776382, 0.21963980794, 0.0916913822293, 0.0195458047092, 0.00328064034693, 8.50194119266e-05, 3.11584553856e-05],
        "dvar": [0.258476048708, 3.33736085892, 64.4935760498, 278.845367432, 224.905517578, 212.115707397, 222.748046875, 356.333374023, 493.278625488, 2269.92578125, 2196.97753906, 1367.28613281, 8259.36035156, 2189.14648438, 5482.84082031, 3470.58935547, 5785.60546875, 7172.73388672, 813.381652832, 284.674285889, 281.934387207, 176.977172852, 272.177886963, 676.330566406, 178.229797363, 25.6657829285, 7.03039979935, 3.33811330795, 5.08223485947, 24.2313652039, 3.05463051796, 3.17769479752, 1.6513710022, 0.311638683081, 0.104816995561, 0.0170552246273, 0.000932218099479, 2.37006424868e-05, 1.52969459322e-08, 3.19207493771e-10],
        "dvar2": [0.567104518414, 8.0144405365, 170.261032104, 730.836975098, 571.532470703, 577.863098145, 614.466125488, 944.841430664, 1096.16149902, 4845.60986328, 5685.84375, 3534.43261719, 20510.7832031, 5765.98193359, 14473.2421875, 9317.00390625, 16013.1865234, 21037.1269531, 2246.90722656, 702.782531738, 713.834594727, 438.04864502, 671.313598633, 1387.45605469, 398.018554688, 55.1903800964, 16.4981861115, 8.4265499115, 12.1863565445, 62.5444717407, 6.66793107986, 7.1123046875, 3.35510158539, 0.512643754482, 0.206022471189, 0.0338067412376, 0.0017630411312, 5.56531485927e-05, 3.65574486239e-08, 7.842376748e-10],
        "max": [3.33074378967, 15.5353937149, 63.3709030151, 126.01700592, 128.73324585, 174.186309814, 136.208114624, 238.371154785, 347.321777344, 906.884094238, 989.276855469, 477.086273193, 1101.88671875, 830.332885742, 1055.9342041, 699.671386719, 991.429199219, 1179.49584961, 441.508331299, 291.979309082, 220.828170776, 126.981536865, 160.867980957, 357.719299316, 241.823226929, 102.018875122, 31.1765041351, 26.4924945831, 24.3146362305, 63.4322242737, 27.8733329773, 22.1426486969, 14.2398691177, 12.0366706848, 6.35401344299, 2.22688698769, 0.694789946079, 0.0513581521809, 0.00126886204816, 0.000153435801622],
        "mean": [0.356189697981, 2.23267555237, 10.281498909, 20.1612606049, 25.268655777, 18.5853385925, 13.9697408676, 24.1357250214, 31.9945011139, 51.3439979553, 36.2328643799, 43.6796607971, 72.7682952881, 40.9998168945, 62.4791526794, 54.2275352478, 63.1821479797, 63.9545936584, 28.6981887817, 19.0344619751, 17.0294456482, 18.022151947, 21.750749588, 22.3635101318, 14.8319768906, 6.48718833923, 2.89071655273, 2.6404466629, 2.741543293, 2.76342654228, 1.29759991169, 1.22943210602, 1.01687026024, 0.481635034084, 0.251694381237, 0.0972783192992, 0.0194832924753, 0.00250307098031, 8.71717784321e-05, 6.36051772744e-05],
        "median": [0.125509247184, 1.22582936287, 7.34743928909, 14.9969129562, 19.0184745789, 14.3643732071, 8.91757297516, 14.2694778442, 20.1330814362, 29.2336406708, 23.600025177, 27.6017856598, 22.6359291077, 16.0964221954, 17.4980659485, 14.3680849075, 21.2134513855, 21.4259357452, 17.93998909, 11.894071579, 10.6322565079, 12.1077003479, 13.629737854, 9.54508304596, 7.92594337463, 4.39050722122, 1.94493257999, 1.93250954151, 1.88741004467, 1.30246150494, 0.59042596817, 0.485503911972, 0.410101860762, 0.184072807431, 0.0985071063042, 0.0360628925264, 0.00765665899962, 0.000814855680801, 4.83089024783e-05, 6.23805681244e-05],
        "min": [3.59118488894e-22, 3.70240710741e-21, 2.25752888776e-20, 1.66450388113e-20, 3.69962700507e-20, 4.69651903606e-19, 8.07969342826e-19, 5.51187872067e-19, 1.20079379681e-18, 1.78170381925e-18, 1.56979648313e-18, 9.00157794915e-19, 9.44382592775e-19, 4.21659618588e-18, 1.42715270202e-18, 3.46870745249e-18, 5.86351816215e-18, 4.38302368436e-18, 5.92792203105e-18, 7.46675921181e-18, 1.35951716254e-17, 8.84974812053e-18, 1.76792104637e-17, 1.93848535781e-17, 1.07011487306e-17, 1.83798721472e-17, 2.08858406284e-17, 2.21298855281e-17, 2.32369245029e-17, 2.04039698713e-17, 1.96702854833e-17, 2.08741012811e-17, 1.24104430202e-17, 1.39927923827e-17, 9.50998052442e-18, 5.66142180848e-18, 3.66369336161e-18, 1.30744136601e-18, 2.8301240196e-19, 3.09177462441e-20],
        "stdev": [0.561429858208, 2.44199347496, 9.31734848022, 17.8437862396, 22.7174434662, 16.9242897034, 15.3424425125, 28.3795700073, 36.9591751099, 67.5869293213, 51.1097221375, 50.4306526184, 125.500442505, 68.7136917114, 98.1487503052, 87.3847351074, 97.6156387329, 102.380378723, 35.0456924438, 24.4830532074, 21.5481243134, 18.2881031036, 23.9206237793, 38.6376419067, 22.7617816925, 7.82398462296, 3.19896745682, 2.54196619987, 2.88032531738, 4.63156747818, 2.31355047226, 2.10255265236, 1.62821614742, 0.872328042984, 0.468768417835, 0.174836024642, 0.0396704189479, 0.00511649670079, 0.000128215397126, 2.42554742726e-05],
        "var": [0.315203458071, 5.96333265305, 86.8129806519, 318.400695801, 516.082275391, 286.43157959, 235.390533447, 805.399963379, 1365.98071289, 4567.99267578, 2612.20385742, 2543.25073242, 15750.3603516, 4721.57128906, 9633.17773438, 7636.09179688, 9528.8125, 10481.7412109, 1228.20043945, 599.41986084, 464.321624756, 334.454681396, 572.196228027, 1492.86730957, 518.098693848, 61.2147369385, 10.2333927155, 6.46159219742, 8.29627418518, 21.4514160156, 5.35251617432, 4.4207277298, 2.65108799934, 0.760956227779, 0.219743832946, 0.0305676348507, 0.00157374225091, 2.61785371549e-05, 1.64391895652e-08, 5.88327997431e-10]
    },
    "gfcc": {
        "mean": [32.3457336426, 120.656585693, -110.195358276, 31.9905281067, -51.4204177856, 17.7718639374, -37.1929512024, 12.5891523361, -24.2753715515, -0.561372160912, -15.1564331055, -6.69356775284, -17.7911262512],
        "cov": [[2811.99560547, -211.801055908, -327.840087891, -29.0462303162, -98.3438034058, 149.147171021, -20.6701450348, 40.4081993103, -141.923919678, 23.0445137024, -58.9907112122, 29.9372730255, -95.7577285767], [-211.801055908, 466.546569824, -72.0715560913, -57.6539955139, 31.3178691864, -75.471862793, 101.133674622, -55.1477241516, 39.9937477112, -28.0730361938, 81.4369125366, -22.4224720001, 32.4474525452], [-327.840087891, -72.0715560913, 464.044586182, 166.828643799, 43.0342788696, -41.7926979065, -143.398681641, 29.3210086823, 73.8526382446, 28.9913959503, -29.0501556396, 4.99963092804, 43.7091217041], [-29.0462303162, -57.6539955139, 166.828643799, 230.110321045, 91.8309707642, -96.8711853027, -96.3634643555, 41.9780311584, 50.2347793579, 19.6133003235, -4.3736782074, -9.37156581879, 35.8020133972], [-98.3438034058, 31.3178691864, 43.0342788696, 91.8309707642, 142.42388916, -2.12112736702, 6.49323129654, 34.9759483337, 28.0912036896, 12.4998369217, 16.1642990112, -7.31645441055, 24.5343799591], [149.147171021, -75.471862793, -41.7926979065, -96.8711853027, -2.12112736702, 297.025115967, 154.33732605, -16.7011413574, -43.7879981995, -2.38963699341, -29.2090167999, 14.0668964386, -20.7792644501], [-20.6701450348, 101.133674622, -143.398681641, -96.3634643555, 6.49323129654, 154.33732605, 224.160949707, 2.98033666611, -30.9553146362, -14.295955658, 29.3015460968, 7.74689435959, -14.5698404312], [40.4081993103, -55.1477241516, 29.3210086823, 41.9780311584, 34.9759483337, -16.7011413574, 2.98033666611, 112.085662842, 49.7379074097, 30.3844604492, 4.90712881088, -1.87854707241, 11.4530601501], [-141.923919678, 39.9937477112, 73.8526382446, 50.2347793579, 28.0912036896, -43.7879981995, -30.9553146362, 49.7379074097, 117.415710449, 45.625705719, 6.11445426941, -13.6298484802, 23.6972045898], [23.0445137024, -28.0730361938, 28.9913959503, 19.6133003235, 12.4998369217, -2.38963699341, -14.295955658, 30.3844604492, 45.625705719, 69.5438842773, 26.1796989441, 4.47007513046, 3.98460674286], [-58.9907112122, 81.4369125366, -29.0501556396, -4.3736782074, 16.1642990112, -29.2090167999, 29.3015460968, 4.90712881088, 6.11445426941, 26.1796989441, 81.9781265259, 22.077829361, 2.26874041557], [29.9372730255, -22.4224720001, 4.99963092804, -9.37156581879, -7.31645441055, 14.0668964386, 7.74689435959, -1.87854707241, -13.6298484802, 4.47007513046, 22.077829361, 51.7963485718, 12.2446660995], [-95.7577285767, 32.4474525452, 43.7091217041, 35.8020133972, 24.5343799591, -20.7792644501, -14.5698404312, 11.4530601501, 23.6972045898, 3.98460674286, 2.26874041557, 12.2446660995, 56.4136810303]],
        "icov": [[0.000742353498936, -0.00140006979927, 0.00110717536882, -0.00154185912106, 0.00104434497189, -0.00150754337665, 0.001862477744, -0.001903855009, 0.0018664264353, -0.00174117705319, 0.00177517090924, -0.00172553688753, 0.00168621842749], [-0.00140006979927, 0.0107612665743, -0.00320700975135, 0.00661853188649, -0.00427185604349, 0.00695772143081, -0.00912880618125, 0.00993070285767, -0.0092970347032, 0.00922883022577, -0.0111326333135, 0.00975466240197, -0.00865087844431], [0.00110717536882, -0.00320700975135, 0.00567306019366, -0.00516071170568, 0.00252481293865, -0.00467498041689, 0.00609024195001, -0.00371322385035, 0.001780154882, -0.00261087762192, 0.00337340612896, -0.00422330899164, 0.00232801306993], [-0.00154185912106, 0.00661853188649, -0.00516071170568, 0.0150053780526, -0.00881644152105, 0.00754649704322, -0.00543845957145, 0.00580616435036, -0.00573140755296, 0.00510193128139, -0.00552157638595, 0.00678713712841, -0.00712170032784], [0.00104434497189, -0.00427185604349, 0.00252481293865, -0.00881644152105, 0.0142358606681, -0.00583710055798, 0.00395791558549, -0.0063765887171, 0.00380235444754, -0.00231537525542, 6.7375432991e-05, -0.000467623583972, 0.000509391946252], [-0.00150754337665, 0.00695772143081, -0.00467498041689, 0.00754649704322, -0.00583710055798, 0.014566081576, -0.0140864411369, 0.00892809312791, -0.00412354758009, 0.000193584288354, 0.00122000719421, 0.0027202819474, -0.00419579911977], [0.001862477744, -0.00912880618125, 0.00609024195001, -0.00543845957145, 0.00395791558549, -0.0140864411369, 0.02141408436, -0.0120781706646, 0.00707629323006, -0.00184346502647, 0.000991283566691, -0.00581746036187, 0.00659811124206], [-0.001903855009, 0.00993070285767, -0.00371322385035, 0.00580616435036, -0.0063765887171, 0.00892809312791, -0.0120781706646, 0.0225446820259, -0.0128132738173, 0.00472717452794, -0.00710517959669, 0.00715352315456, -0.00760441552848], [0.0018664264353, -0.0092970347032, 0.001780154882, -0.00573140755296, 0.00380235444754, -0.00412354758009, 0.00707629323006, -0.0128132738173, 0.0257257074118, -0.0185190960765, 0.0117820193991, -0.00349856098182, 0.00281719048508], [-0.00174117705319, 0.00922883022577, -0.00261087762192, 0.00510193128139, -0.00231537525542, 0.000193584288354, -0.00184346502647, 0.00472717452794, -0.0185190960765, 0.0368098691106, -0.0228954907507, 0.00931445416063, -0.00575790647417], [0.00177517090924, -0.0111326333135, 0.00337340612896, -0.00552157638595, 6.7375432991e-05, 0.00122000719421, 0.000991283566691, -0.00710517959669, 0.0117820193991, -0.0228954907507, 0.037916932255, -0.0218959730119, 0.0123210782185], [-0.00172553688753, 0.00975466240197, -0.00422330899164, 0.00678713712841, -0.000467623583972, 0.0027202819474, -0.00581746036187, 0.00715352315456, -0.00349856098182, 0.00931445416063, -0.0218959730119, 0.0383395664394, -0.0179534740746], [0.00168621842749, -0.00865087844431, 0.00232801306993, -0.00712170032784, 0.000509391946252, -0.00419579911977, 0.00659811124206, -0.00760441552848, 0.00281719048508, -0.00575790647417, 0.0123210782185, -0.0179534740746, 0.0323856137693]]
    },
    "melbands": {
        "dmean": [0.00236278492957, 0.0024603412021, 0.00202761474065, 0.000766644545365, 0.000383702368708, 0.000318702252116, 0.000255107821431, 0.000321325380355, 0.000162904325407, 0.00015748833539, 0.000226691277931, 8.64849353093e-05, 0.000145580794197, 7.87159660831e-05, 0.000104356637166, 7.27106453269e-05, 8.54943427839e-05, 2.69861247943e-05, 1.85056069313e-05, 1.33266566991e-05, 1.30216758407e-05, 1.06882953332e-05, 1.04318032754e-05, 1.09225320557e-05, 1.08371023089e-05, 7.10763470124e-06, 4.11286919189e-06, 1.87833563814e-06, 1.04267894585e-06, 8.43879604417e-07, 8.35114349229e-07, 9.05072283786e-07, 1.17666024835e-06, 1.25944279716e-06, 5.30038221314e-07, 3.92932491877e-07, 6.88646082381e-07, 6.16599720615e-07, 3.2170012787e-07, 2.69035751899e-07],
        "dmean2": [0.00359484646469, 0.00395682733506, 0.00331331393681, 0.00124991685152, 0.000652994262055, 0.000521793437656, 0.000396745279431, 0.000475381209981, 0.000260509899817, 0.000253552716458, 0.000349902315065, 0.000142543838592, 0.000238236447331, 0.000128907966428, 0.000177799389348, 0.000121511729958, 0.000146573191159, 4.52961212432e-05, 3.09417082462e-05, 2.13067414734e-05, 2.15025393118e-05, 1.71376432263e-05, 1.69925842783e-05, 1.68042188307e-05, 1.64557477547e-05, 1.08814074338e-05, 6.46459329801e-06, 2.99180260299e-06, 1.60490094459e-06, 1.29326747356e-06, 1.31926424274e-06, 1.42867577324e-06, 1.8696053985e-06, 2.014325446e-06, 7.81773508152e-07, 5.57090913844e-07, 1.07077494249e-06, 9.05550336938e-07, 4.14073838328e-07, 3.44402366181e-07],
        "dvar": [1.22798210214e-05, 9.46340696828e-06, 5.77658238399e-06, 8.08267316188e-07, 3.43440802908e-07, 1.72613752625e-07, 1.32053827429e-07, 2.74739534234e-07, 1.29079396061e-07, 5.99261014145e-08, 1.95246400381e-07, 3.29823919287e-08, 7.90449163901e-08, 2.62517279026e-08, 4.70991530221e-08, 2.33305517128e-08, 3.32149099336e-08, 2.45637510332e-09, 1.01683206299e-09, 4.35434632795e-10, 5.09421727024e-10, 2.2668532329e-10, 2.42021014341e-10, 3.20431958745e-10, 5.74307434942e-10, 1.79027320746e-10, 4.80829508154e-11, 8.78606128824e-12, 3.44801552761e-12, 1.75337142808e-12, 1.33731892747e-12, 1.6153786208e-12, 4.6878959048e-12, 6.51798883963e-12, 1.08480173629e-12, 5.42050941892e-13, 1.91955284133e-12, 1.2689712562e-12, 3.01145040979e-13, 2.29432710894e-13],
        "dvar2": [2.76475038845e-05, 2.4515471523e-05, 1.510009497e-05, 2.07176935874e-06, 9.39039239256e-07, 4.50346078651e-07, 2.75260077842e-07, 6.03103899266e-07, 3.26919035842e-07, 1.60659624271e-07, 4.84863790007e-07, 8.58585238461e-08, 2.16906855144e-07, 6.89409915822e-08, 1.28994457782e-07, 6.4317696058e-08, 9.80688312779e-08, 6.68044020102e-09, 2.62255572814e-09, 1.08185604919e-09, 1.34522959438e-09, 5.73266156767e-10, 6.35594521459e-10, 6.70442701356e-10, 1.20156185002e-09, 4.11674000445e-10, 9.80310901899e-11, 2.05282613824e-11, 8.23048747212e-12, 4.41710166707e-12, 3.49255346865e-12, 3.90675339301e-12, 1.19248682109e-11, 1.66325443002e-11, 2.3681538501e-12, 1.17321473717e-12, 4.43675434933e-12, 2.74534279858e-12, 5.46590062708e-13, 3.82744048044e-13],
        "max": [0.02423995547, 0.0271070394665, 0.0191601533443, 0.00824425928295, 0.00638006674126, 0.00556231988594, 0.00748114613816, 0.00964000448585, 0.00760801322758, 0.00298518664204, 0.00534193916246, 0.00324919912964, 0.00409981003031, 0.00186588591896, 0.00265864608809, 0.00235722307116, 0.00259774643928, 0.000864581554197, 0.000434221758042, 0.00033470307244, 0.000317103462294, 0.000147947037476, 0.000241150744841, 0.000300425570458, 0.000330067996401, 0.000229326702538, 0.000175555775058, 4.73287072964e-05, 2.22965554713e-05, 1.69020986505e-05, 1.50952273543e-05, 1.36223143272e-05, 2.51979890891e-05, 3.07957488985e-05, 1.76979137905e-05, 1.38106424856e-05, 1.58060211106e-05, 1.09302018245e-05, 9.33885621635e-06, 1.1377208466e-05],
        "mean": [0.00296155875549, 0.00462508108467, 0.00361242424697, 0.00156007043552, 0.000580783758778, 0.000556964543648, 0.000491040293127, 0.000568160437979, 0.000288039533189, 0.000281921820715, 0.000346651213476, 0.000140244825161, 0.000226644755458, 0.000130873784656, 0.000164028970175, 0.000111718443804, 0.000122414232465, 4.28567000199e-05, 3.02864191326e-05, 2.13379971683e-05, 2.00937556656e-05, 1.84211403393e-05, 1.85173666978e-05, 1.96884830075e-05, 1.83977244888e-05, 1.26315835587e-05, 7.56933241064e-06, 3.55585757461e-06, 1.79302332981e-06, 1.46435422721e-06, 1.58192267463e-06, 1.56904570758e-06, 1.56304486154e-06, 1.40937095239e-06, 7.48058482714e-07, 5.72233318508e-07, 8.54159566188e-07, 8.26190273528e-07, 4.58982981399e-07, 3.83305831519e-07],
        "median": [0.00126275909133, 0.00352148036472, 0.00304241827689, 0.00121346162632, 0.000376443029381, 0.000324435648508, 0.00030825290014, 0.000322610343574, 0.000191719751456, 0.000167628706549, 0.000100409430161, 4.53905704489e-05, 6.62115417072e-05, 3.32961280947e-05, 3.80479323212e-05, 4.03660342272e-05, 3.41408740496e-05, 2.47021816904e-05, 1.83443044079e-05, 1.24267298816e-05, 1.17047920867e-05, 1.18212319649e-05, 1.26395016196e-05, 1.11288381959e-05, 6.67651966069e-06, 6.14327609583e-06, 4.47904494649e-06, 2.41262591771e-06, 1.08765311779e-06, 1.00729255337e-06, 1.05489732505e-06, 1.0873679912e-06, 9.10242761165e-07, 6.02452018938e-07, 3.40733663506e-07, 2.46369751267e-07, 3.22853423995e-07, 3.36187611083e-07, 1.72382669916e-07, 1.45358612258e-07],
        "min": [4.1818167396e-24, 8.72660021461e-24, 3.2297044227e-24, 1.58087157426e-23, 2.80861997727e-23, 1.43253322301e-23, 1.82338335152e-23, 1.91079166417e-23, 1.09633167037e-23, 5.33333554118e-24, 4.30335811699e-24, 1.68417638079e-23, 6.26943181234e-24, 7.05962668135e-24, 1.04838565119e-23, 1.1856786087e-23, 7.54396518905e-24, 9.58253086285e-24, 1.08111667344e-23, 9.79951494344e-24, 1.65408070617e-23, 7.54480138161e-24, 1.38533961936e-23, 1.99170307618e-23, 1.5323350138e-23, 9.73082093582e-24, 7.90375439273e-24, 1.26169947753e-23, 1.31617316294e-23, 1.68364105978e-23, 1.0592854212e-23, 1.42170184724e-23, 9.13768115435e-24, 1.26884442741e-23, 1.20389474807e-23, 8.64842725434e-24, 1.52310455235e-23, 8.16238165165e-24, 9.35622481295e-24, 1.28337918959e-23],
        "stdev": [0.00404780823737, 0.0038217860274, 0.00271248887293, 0.00130372401327, 0.000637174351141, 0.000655745679978, 0.000602392770816, 0.000736367248464, 0.000404786522267, 0.000329585163854, 0.000608584610745, 0.000266807241132, 0.000365838612197, 0.000230998077313, 0.000279940955807, 0.00020293839043, 0.000215040199691, 5.89630762988e-05, 4.14804453612e-05, 2.82661985693e-05, 2.74462181551e-05, 1.95487082237e-05, 2.04598527489e-05, 2.83305253106e-05, 3.43562896887e-05, 2.05384294532e-05, 1.20529075502e-05, 3.99179998567e-06, 2.15966679207e-06, 1.59345631801e-06, 1.59204182637e-06, 1.64989683071e-06, 2.16269677367e-06, 2.44513853431e-06, 1.38509972203e-06, 1.03625882275e-06, 1.51372239543e-06, 1.32089689941e-06, 8.029846299e-07, 7.34660034141e-07],
        "var": [1.63847507793e-05, 1.4606048353e-05, 7.35759613235e-06, 1.6996963268e-06, 4.05991130492e-07, 4.30002359053e-07, 3.62877074167e-07, 5.42236705314e-07, 1.63852135415e-07, 1.08626380779e-07, 3.70375204284e-07, 7.11861005698e-08, 1.33837886551e-07, 5.33601109964e-08, 7.83669449334e-08, 4.11839913284e-08, 4.62422882208e-08, 3.47664452782e-09, 1.7206273073e-09, 7.98977994876e-10, 7.53294870925e-10, 3.8215197673e-10, 4.18605539121e-10, 8.02618693729e-10, 1.18035459185e-09, 4.21827101027e-10, 1.4527257175e-10, 1.59344655526e-11, 4.66416098452e-12, 2.5391030424e-12, 2.53459709817e-12, 2.72215973721e-12, 4.6772572794e-12, 5.97870277591e-12, 1.91850116522e-12, 1.07383232081e-12, 2.29135547342e-12, 1.74476850068e-12, 6.44784301906e-13, 5.39725328232e-13]
    },
    "melbands128": {
