{
"lowlevel": {
    "average_loudness": 0.973307907581,
    "barkbands_crest": {
        "dmean": 3.75003814697,
        "dmean2": 5.58222436905,
        "dvar": 11.2160434723,
        "dvar2": 22.743434906,
        "max": 26.328994751,
        "mean": 13.9610853195,
        "median": 13.3558235168,
        "min": 3.06489920616,
        "stdev": 5.64703226089,
        "var": 31.8889732361
    },
    "barkbands_flatness_db": {
        "dmean": 0.0440483018756,
        "dmean2": 0.0596836134791,
        "dvar": 0.00184330076445,
        "dvar2": 0.00343643943779,
        "max": 0.550700545311,
        "mean": 0.208653092384,
        "median": 0.205461680889,
        "min": 0.0339711159468,
        "stdev": 0.0787725225091,
        "var": 0.00620511034504
    },
    "barkbands_kurtosis": {
        "dmean": 16.7891712189,
        "dmean2": 26.5230083466,
        "dvar": 2830.64233398,
        "dvar2": 6702.69238281,
        "max": 894.459655762,
        "mean": 17.9199104309,
        "median": 3.54375267029,
        "min": -1.86446011066,
        "stdev": 59.4875526428,
        "var": 3538.76904297
    },
    "barkbands_skewness": {
        "dmean": 1.3133481741,
        "dmean2": 1.86542141438,
        "dvar": 3.57141757011,
        "dvar2": 7.27826452255,
        "max": 25.1571540833,
        "mean": 2.28343296051,
        "median": 1.59555113316,
        "min": -5.14756536484,
        "stdev": 2.84119439125,
        "var": 8.07238578796
    },
    "barkbands_spread": {
        "dmean": 7.77137613297,
        "dmean2": 11.2710876465,
        "dvar": 93.993347168,
        "dvar2": 206.385452271,
        "max": 95.7814941406,
        "mean": 16.9920749664,
        "median": 12.5687980652,
        "min": 0.103545926511,
        "stdev": 14.505490303,
        "var": 210.409240723
    },
    "dissonance": {
        "dmean": 0.0390458591282,
        "dmean2": 0.0645053982735,
        "dvar": 0.00148325879127,
        "dvar2": 0.00356188672595,
        "max": 0.499999046326,
        "mean": 0.422575980425,
        "median": 0.436599254608,
        "min": 0.16649915278,
        "stdev": 0.05929774791,
        "var": 0.00351622304879
    },
    "dynamic_complexity": 2.78056168556,
    "erbbands_crest": {
        "dmean": 3.4957177639,
        "dmean2": 5.50353622437,
        "dvar": 9.64522266388,
        "dvar2": 24.6364707947,
        "max": 33.4894790649,
        "mean": 12.0754423141,
        "median": 11.2154855728,
        "min": 2.93505883217,
        "stdev": 4.94136571884,
        "var": 24.4170951843
    },
    "erbbands_flatness_db": {
        "dmean": 0.031333040446,
        "dmean2": 0.0429454036057,
        "dvar": 0.000942123355344,
        "dvar2": 0.00155035196804,
        "max": 0.454958796501,
        "mean": 0.19258788228,
        "median": 0.185346409678,
        "min": 0.0586840063334,
        "stdev": 0.0625529438257,
        "var": 0.00391287077218
    },
    "erbbands_kurtosis": {
        "dmean": 2.66629576683,
        "dmean2": 4.0607252121,
        "dvar": 18.6051845551,
        "dvar2": 41.1411323547,
        "max": 39.9191513062,
        "mean": 2.46571588516,
        "median": 0.708269834518,
        "min": -1.8420342207,
        "stdev": 5.40454959869,
        "var": 29.2091579437
    },
    "erbbands_skewness": {
        "dmean": 0.654960870743,
        "dmean2": 0.961398363113,
        "dvar": 0.47505953908,
        "dvar2": 0.946720540524,
        "max": 5.51539564133,
        "mean": 0.567275047302,
        "median": 0.637422382832,
        "min": -5.09535551071,
        "stdev": 1.19627928734,
        "var": 1.43108415604
    },
    "erbbands_spread": {
        "dmean": 13.1170215607,
        "dmean2": 19.1435565948,
        "dvar": 240.67225647,
        "dvar2": 544.063354492,
        "max": 168.809158325,
        "mean": 34.0168266296,
        "median": 29.0258159637,
        "min": 1.79777705669,
        "stdev": 23.5729942322,
        "var": 555.686035156
    },
    "hfc": {
        "dmean": 15.3971385956,
        "dmean2": 22.663974762,
        "dvar": 778.161437988,
        "dvar2": 1851.01416016,
        "max": 202.640151978,
        "mean": 23.9334430695,
        "median": 16.9907894135,
        "min": 0.000154129811563,
        "stdev": 29.3577613831,
        "var": 861.878173828
    },
    "loudness_ebu128": {
        "integrated": -9.40239429474,
        "loudness_range": 1.69333839417,
        "momentary": {
            "dmean": 0.884793162346,
            "dmean2": 1.36620748043,
            "dvar": 0.649804353714,
            "dvar2": 1.11595010757,
            "max": -7.45562410355,
            "mean": -9.6587896347,
            "median": -9.27547073364,
            "min": -16.3060035706,
            "stdev": 1.60148477554,
            "var": 2.56475353241
        },
        "short_term": {
            "dmean": 0.0942133516073,
            "dmean2": 0.129817023873,
            "dvar": 0.00693268142641,
            "dvar2": 0.00963407196105,
            "max": -8.30423164368,
            "mean": -9.44319534302,
            "median": -9.35130119324,
            "min": -11.0466537476,
            "stdev": 0.576657652855,
            "var": 0.332534074783
        }
    },
    "melbands_crest": {
        "dmean": 4.70465040207,
        "dmean2": 7.28129482269,
        "dvar": 19.1700611115,
        "dvar2": 41.6462783813,
        "max": 37.1368179321,
        "mean": 19.479429245,
        "median": 18.7247047424,
        "min": 3.46005988121,
        "stdev": 7.69624710083,
        "var": 59.232219696
    },
    "melbands_flatness_db": {
        "dmean": 0.0508311353624,
        "dmean2": 0.0659969523549,
        "dvar": 0.00244540348649,
        "dvar2": 0.00436414871365,
        "max": 0.703234493732,
        "mean": 0.266636312008,
        "median": 0.263299226761,
        "min": 0.0507556609809,
        "stdev": 0.104181833565,
        "var": 0.0108538549393
    },
    "melbands_kurtosis": {
        "dmean": 25.1730461121,
        "dmean2": 38.3802528381,
        "dvar": 3375.2097168,
        "dvar2": 7073.66064453,
        "max": 727.254211426,
        "mean": 32.24792099,
        "median": 8.18409156799,
        "min": -1.91211307049,
        "stdev": 74.8107681274,
        "var": 5596.65136719
    },
    "melbands_skewness": {
        "dmean": 1.49428403378,
        "dmean2": 2.14258623123,
        "dvar": 3.73994374275,
        "dvar2": 7.04956054688,
        "max": 21.4151821136,
        "mean": 3.25403499603,
        "median": 2.34271883965,
        "min": -3.3080136776,
        "stdev": 3.17803502083,
        "var": 10.0999059677
    },
    "melbands_spread": {
        "dmean": 9.89702510834,
        "dmean2": 14.8959302902,
        "dvar": 315.188476562,
        "dvar2": 720.537109375,
        "max": 220.540512085,
        "mean": 19.5876560211,
        "median": 13.0222196579,
        "min": 0.187415271997,
        "stdev": 24.4095363617,
        "var": 595.825500488
    },
    "pitch_salience": {
        "dmean": 0.10612591356,
        "dmean2": 0.15902300179,
        "dvar": 0.0122121339664,
        "dvar2": 0.0270335003734,
        "max": 0.895224511623,
        "mean": 0.457361340523,
        "median": 0.461569428444,
        "min": 0.0243193153292,
        "stdev": 0.186425670981,
        "var": 0.0347545295954
    },
    "silence_rate_20dB": {
        "dmean": 0,
        "dmean2": 0,
        "dvar": 0,
        "dvar2": 0,
        "max": 1,
        "mean": 1,
        "median": 1,
        "min": 1,
        "stdev": 0,
        "var": 0
    },
    "silence_rate_30dB": {
        "dmean": 0.0603715181351,
        "dmean2": 0.120836563408,
        "dvar": 0.0567263439298,
        "dvar2": 0.106235764921,
        "max": 1,
        "mean": 0.888631105423,
        "median": 1,
        "min": 0,
        "stdev": 0.314589828253,
        "var": 0.0989667624235
    },
    "silence_rate_60dB": {
        "dmean": 0.0441176481545,
        "dmean2": 0.0875290483236,
        "dvar": 0.0421707592905,
        "dvar2": 0.0922603905201,
        "max": 1,
        "mean": 0.0587780363858,
        "median": 0,
        "min": 0,
        "stdev": 0.235210210085,
        "var": 0.0553238429129
    },
    "spectral_centroid": {
        "dmean": 368.639678955,
        "dmean2": 529.027099609,
        "dvar": 240681.609375,
        "dvar2": 432665.96875,
        "max": 5488.09521484,
        "mean": 1270.3001709,
        "median": 976.839660645,
        "min": 92.8751831055,
        "stdev": 904.209106445,
        "var": 817594.125
    },
    "spectral_complexity": {
        "dmean": 5.19891643524,
        "dmean2": 7.76607275009,
        "dvar": 58.7077331543,
        "dvar2": 128.475738525,
        "max": 54,
        "mean": 12.125289917,
        "median": 11,
        "min": 0,
        "stdev": 9.03236675262,
        "var": 81.583656311
    },
    "spectral_decrease": {
        "dmean": 5.19656229159e-09,
        "dmean2": 7.11656023e-09,
        "dvar": 7.70245175421e-17,
        "dvar2": 1.11587101385e-16,
        "max": -2.0360537529e-14,
        "mean": -1.1873216188e-08,
        "median": -7.46681116937e-09,
        "min": -7.10226544243e-08,
        "stdev": 1.43538141373e-08,
        "var": 2.06031989688e-16
    },
    "spectral_energy": {
        "dmean": 0.0205078907311,
        "dmean2": 0.0282950140536,
        "dvar": 0.001139433356,
        "dvar2": 0.00166825030465,
        "max": 0.270611077547,
        "mean": 0.0469830818474,
        "median": 0.0298324748874,
        "min": 9.08259565335e-08,
        "stdev": 0.05502833426,
        "var": 0.00302811758593
    },
    "spectral_energyband_high": {
        "dmean": 0.00106859277003,
        "dmean2": 0.00163723668084,
        "dvar": 5.40119572179e-06,
        "dvar2": 1.2559354218e-05,
        "max": 0.0170668102801,
        "mean": 0.00124158884864,
        "median": 0.000255654740613,
        "min": 6.11064709943e-09,
        "stdev": 0.00246543833055,
        "var": 6.07838592259e-06
    },
    "spectral_energyband_low": {
        "dmean": 0.0155324460939,
        "dmean2": 0.0217808429152,
        "dvar": 0.00123154022731,
        "dvar2": 0.00196228083223,
        "max": 0.266821712255,
        "mean": 0.0297965295613,
        "median": 0.0109748905525,
        "min": 4.40560504744e-10,
        "stdev": 0.0529535003006,
        "var": 0.00280407327227
    },
    "spectral_energyband_middle_high": {
        "dmean": 0.00360496575013,
        "dmean2": 0.00561793055385,
        "dvar": 3.81118952646e-05,
        "dvar2": 0.000102172554762,
        "max": 0.0464487411082,
        "mean": 0.00476208375767,
        "median": 0.00238226633519,
        "min": 5.50307568403e-08,
        "stdev": 0.00650140969083,
        "var": 4.22683260695e-05
    },
    "spectral_energyband_middle_low": {
        "dmean": 0.00761403515935,
        "dmean2": 0.0120266461745,
        "dvar": 0.000142166609294,
        "dvar2": 0.000381276244298,
        "max": 0.0922905132174,
        "mean": 0.0121124321595,
        "median": 0.00889652501792,
        "min": 3.00582705393e-08,
        "stdev": 0.0123319560662,
        "var": 0.000152077147504
    },
    "spectral_entropy": {
        "dmean": 0.33727195859,
        "dmean2": 0.479184746742,
        "dvar": 0.128096237779,
        "dvar2": 0.222599133849,
        "max": 8.66976737976,
        "mean": 7.16182374954,
        "median": 7.13215017319,
        "min": 4.76516008377,
        "stdev": 0.670186579227,
        "var": 0.449150025845
    },
    "spectral_flux": {
        "dmean": 0.0549529865384,
        "dmean2": 0.0824981629848,
        "dvar": 0.00392633955926,
        "dvar2": 0.00648566056043,
        "max": 0.496100723743,
        "mean": 0.11567992717,
        "median": 0.0831771194935,
        "min": 0.000301373453112,
        "stdev": 0.0992593243718,
        "var": 0.00985241308808
    },
    "spectral_kurtosis": {
        "dmean": 3.02346491814,
        "dmean2": 4.56043863297,
        "dvar": 20.1658153534,
        "dvar2": 42.804058075,
        "max": 77.2444381714,
        "mean": 6.63098096848,
        "median": 4.70949029922,
        "min": -0.666996955872,
        "stdev": 6.92234325409,
        "var": 47.918838501
    },
    "spectral_rms": {
        "dmean": 0.00143202580512,
        "dmean2": 0.00192581559531,
        "dvar": 3.32694594363e-06,
        "dvar2": 4.71739031127e-06,
        "max": 0.016248408705,
        "mean": 0.00587584776804,
        "median": 0.00539489137009,
        "min": 9.41332473303e-06,
        "stdev": 0.00336326030083,
        "var": 1.13115193017e-05
    },
    "spectral_rolloff": {
        "dmean": 655.96484375,
        "dmean2": 1064.91882324,
        "dvar": 1561437.5,
        "dvar2": 3341892.5,
        "max": 10981.9335938,
        "mean": 1321.40100098,
        "median": 667.529296875,
        "min": 43.06640625,
        "stdev": 1689.36413574,
        "var": 2853951
    },
    "spectral_skewness": {
        "dmean": 0.415008485317,
        "dmean2": 0.602225601673,
        "dvar": 0.195651203394,
        "dvar2": 0.380715399981,
        "max": 7.02591705322,
        "mean": 1.88735711575,
        "median": 1.71857249737,
        "min": -0.0941981002688,
        "stdev": 0.931895196438,
        "var": 0.868428707123
    },
    "spectral_spread": {
        "dmean": 899172.6875,
        "dmean2": 1240487.375,
        "dvar": 898544697344,
        "dvar2": 1.54099974144e+12,
        "max": 12377361,
        "mean": 4838390.5,
        "median": 4444269.5,
        "min": 910359.1875,
        "stdev": 1677452.75,
        "var": 2.81384766669e+12
    },
    "spectral_strongpeak": {
        "dmean": 0.571878910065,
        "dmean2": 0.936316370964,
        "dvar": 0.816599071026,
        "dvar2": 1.84917759895,
        "max": 7.53376483917,
        "mean": 1.06324851513,
        "median": 0.572599411011,
        "min": 0.000156951908139,
        "stdev": 1.21991193295,
        "var": 1.4881850481
    },
    "zerocrossingrate": {
        "dmean": 0.0162534918636,
        "dmean2": 0.0178954508156,
        "dvar": 0.000467128789751,
        "dvar2": 0.000502359238453,
        "max": 0.3134765625,
        "mean": 0.0508261881769,
        "median": 0.03759765625,
        "min": 0.001953125,
        "stdev": 0.0478215664625,
        "var": 0.00228690216318
    },
    "barkbands": {
        "dmean": [0.000870569667313, 0.0135604562238, 0.00649266550317, 0.00187235348858, 0.00162753358018, 0.000854857906234, 0.00152276933659, 0.00177378347144, 0.00194122211542, 0.000767757184803, 0.00087585253641, 0.000571994576603, 0.000632800336462, 0.000566904374864, 0.00048806425184, 0.000225108015002, 0.000273751124041, 0.000195039086975, 0.000163384029293, 0.000137107228511, 0.000187901008758, 0.000210137979593, 0.000144041332533, 0.00018545993953, 0.000235201659962, 0.000110120548925, 6.41393444312e-06],
        "dmean2": [0.00126697868109, 0.0191728640348, 0.011628379114, 0.00354301161133, 0.00276818242855, 0.00136161444243, 0.00236079888418, 0.00274311122485, 0.00287265190855, 0.00115570169874, 0.00154136167839, 0.00097184831975, 0.000962237361819, 0.000911200360861, 0.000783758354373, 0.000369700544979, 0.000443283701316, 0.000300847576, 0.000268921256065, 0.000218127795961, 0.000285301590338, 0.000345440261299, 0.000229718381888, 0.000288955547148, 0.000382589845685, 0.000171006206074, 1.05076996988e-05],
        "dvar": [4.38706229033e-06, 0.00103117339313, 0.00053183658747, 5.72846365685e-05, 1.35378604682e-05, 2.44646753345e-06, 1.02878266262e-05, 1.53344171849e-05, 1.46737602336e-05, 4.34615230915e-06, 5.1636416174e-06, 1.88311764759e-06, 1.91173830899e-06, 1.45226192672e-06, 9.76791170615e-07, 2.93051073186e-07, 2.41931360279e-07, 1.31853795438e-07, 1.33929887625e-07, 6.56680683164e-08, 1.07066810529e-07, 2.56319253822e-07, 1.01926460161e-07, 1.96367437866e-07, 4.36574254081e-07, 9.096348208e-08, 4.07218370135e-10],
        "dvar2": [7.73563078837e-06, 0.00166745111346, 0.00149885891005, 0.000167302292539, 3.82253710995e-05, 5.69140320295e-06, 2.35773150052e-05, 3.1444888009e-05, 3.07918708131e-05, 8.45710655994e-06, 1.44161349453e-05, 4.98990766573e-06, 3.86995498047e-06, 3.28206260747e-06, 2.27885334425e-06, 7.56847100547e-07, 6.1238233684e-07, 3.10193769337e-07, 3.38166643132e-07, 1.56927825401e-07, 2.42471429601e-07, 6.22214429313e-07, 2.41128390144e-07, 4.36040295426e-07, 1.07582411601e-06, 2.10919424148e-07, 1.00223329635e-09],
        "max": [0.0179615095258, 0.258596360683, 0.162795424461, 0.0613200217485, 0.0419581979513, 0.0171902794391, 0.0354543365538, 0.0447109639645, 0.0379305072129, 0.0648799911141, 0.0173911917955, 0.0162071809173, 0.0184529609978, 0.0154199330136, 0.0145272184163, 0.00770008889958, 0.00539285643026, 0.00423520617187, 0.00328490138054, 0.00235554948449, 0.00314212357625, 0.00623845029622, 0.00280963093974, 0.00309620192274, 0.00456160120666, 0.00204920163378, 0.000252860801993],
        "mean": [0.00122889562044, 0.0231821537018, 0.00468704756349, 0.00122185866348, 0.00196320354007, 0.0010214720387, 0.00219582021236, 0.00261041591875, 0.00261148181744, 0.000977971125394, 0.000719996984117, 0.000500552065205, 0.000745508586988, 0.00058756978251, 0.000491890474223, 0.000215104431845, 0.000318756676279, 0.000240883557126, 0.000174027285539, 0.00017728714738, 0.000265220296569, 0.000218606306589, 0.000153184417286, 0.000183279102203, 0.00019147079729, 9.36510405154e-05, 5.79656170885e-06],
        "median": [5.0432914577e-05, 0.00683073699474, 3.31273367919e-05, 2.46506242547e-05, 0.000874970050063, 0.000204308598768, 0.000597358273808, 0.000515050662216, 0.000476334156701, 0.000127520412207, 4.74427397421e-05, 6.42077066004e-05, 0.000103306185338, 8.13526203274e-05, 7.0002861321e-05, 3.13974269375e-05, 7.28390077711e-05, 4.25288235419e-05, 2.24178129429e-05, 4.95711574331e-05, 5.12275801157e-05, 2.54388560279e-05, 1.6942167349e-05, 2.26785141422e-05, 1.29594673126e-05, 6.71164070809e-06, 1.36684079166e-07],
        "min": [2.00006219919e-10, 6.95363974734e-11, 1.17626380858e-10, 3.91782162268e-10, 1.35537059354e-09, 6.7498606704e-10, 2.53460141764e-09, 9.74043601332e-09, 1.39146614231e-08, 7.28177118603e-09, 7.24100335248e-09, 2.16972839695e-09, 5.25389243222e-09, 1.23373011807e-09, 5.46883249797e-09, 6.86504986191e-09, 1.08817426181e-08, 4.68819472133e-09, 4.30266888785e-09, 1.36324618261e-09, 4.12978318209e-09, 3.90459276023e-10, 1.23213855785e-10, 2.98469388094e-10, 1.08466277626e-10, 1.53949162446e-11, 1.15306689977e-12],
        "stdev": [0.00262403301895, 0.0435247793794, 0.0182869452983, 0.00563163263723, 0.00333941564895, 0.0019284687005, 0.00392795959488, 0.00562885310501, 0.00491324067116, 0.00326088117436, 0.00196538469754, 0.0012639046181, 0.00188828678802, 0.00130767025985, 0.00108996580821, 0.000541079614777, 0.000576509686653, 0.000466780096758, 0.000403152487706, 0.000312723219395, 0.000447721016826, 0.000569725001696, 0.000355112570105, 0.000451669970062, 0.000600775354542, 0.000289900781354, 1.88651010831e-05],
        "var": [6.885548828e-06, 0.00189440639224, 0.000334412354277, 3.17152880598e-05, 1.11516965262e-05, 3.71899136553e-06, 1.54288682097e-05, 3.16839868901e-05, 2.41399338847e-05, 1.06333463918e-05, 3.86273677577e-06, 1.59745479777e-06, 3.56562713932e-06, 1.71000135651e-06, 1.18802552151e-06, 2.9276716873e-07, 3.32363413236e-07, 2.17883652454e-07, 1.62531918591e-07, 9.77958123372e-08, 2.004541102e-07, 3.24586551415e-07, 1.26104936271e-07, 2.04005758064e-07, 3.60931039722e-07, 8.40424547732e-08, 3.55892038062e-10]
    },
    "erbbands": {
        "dmean": [0.55843514204, 3.14786839485, 7.31953620911, 6.87838029861, 4.88053846359, 5.84300136566, 6.90720844269, 7.09462356567, 21.0112323761, 25.2030296326, 38.0776062012, 53.1974105835, 21.7369327545, 25.3545227051, 38.9186668396, 19.9872207642, 28.664730072, 29.375207901, 27.470697403, 15.3491849899, 13.2574100494, 13.6356277466, 11.2673816681, 11.4798707962, 4.45763635635, 6.52256441116, 7.55045986176, 8.11814403534, 7.58089351654, 5.2363409996, 4.20152616501, 3.50369501114, 3.3831012249, 3.23613882065, 1.30470752716, 0.496208071709, 0.201943457127, 0.0326727516949, 0.000809271179605, 4.58341564809e-05],
        "dmean2": [0.735569775105, 4.28113555908, 12.4041624069, 12.6261291504, 8.96024990082, 9.84473133087, 11.2326231003, 11.184923172, 32.2122917175, 38.9107933044, 57.9795455933, 78.2950210571, 31.5414295197, 42.1045646667, 66.9581451416, 32.4694137573, 43.5207366943, 45.4531326294, 44.026309967, 23.8361148834, 21.4563293457, 22.3372325897, 17.6090126038, 18.1063976288, 7.21455621719, 10.2989683151, 11.4378681183, 12.7597312927, 12.7345838547, 8.20223426819, 6.6022439003, 5.44862890244, 5.29742193222, 5.36656808853, 2.08144569397, 0.772804200649, 0.31547498703, 0.0497933067381, 0.00122329697479, 6.50436122669e-05],
        "dvar": [1.67461133003, 57.8432426453, 564.712646484, 666.313049316, 301.209747314, 148.43371582, 134.960983276, 188.427398682, 2148.34741211, 2468.64599609, 8035.80517578, 11724.546875, 4975.77539062, 3541.85791016, 8901.56933594, 2210.62915039, 3953.50805664, 3311.20117188, 3451.54956055, 1240.85876465, 876.927368164, 679.09552002, 403.198791504, 598.104980469, 90.2588272095, 149.316085815, 161.545852661, 255.896255493, 338.660858154, 139.046203613, 86.2495346069, 62.3034286499, 71.2102584839, 85.7548904419, 12.8379764557, 1.79542601109, 0.313003927469, 0.00750822480768, 4.5192205107e-06, 6.65188926163e-09],
        "dvar2": [2.90345072746, 115.449043274, 1510.82592773, 1902.97021484, 878.308959961, 403.369934082, 329.991851807, 444.606170654, 4832.67773438, 5117.88525391, 16764.6640625, 24938.4277344, 9151.75683594, 9328.671875, 23995.5546875, 5709.03271484, 8152.66015625, 7304.36962891, 8402.234375, 2444.46240234, 2222.08203125, 1813.53637695, 956.353881836, 1392.54907227, 233.910873413, 356.99508667, 349.345092773, 620.763244629, 840.721557617, 314.431945801, 203.293624878, 129.422058105, 165.822036743, 216.986923218, 31.139995575, 4.22239542007, 0.728017985821, 0.0157533939928, 9.04457738216e-06, 1.30628423634e-08],
        "max": [9.83945655823, 64.7060241699, 173.4243927, 193.21963501, 171.477920532, 125.052558899, 113.092651367, 151.79006958, 503.023773193, 707.089172363, 1260.20922852, 1151.01367188, 2515.98413086, 551.948486328, 706.407226562, 809.931762695, 851.635864258, 730.724243164, 870.646728516, 589.01550293, 404.034484863, 189.85824585, 217.713729858, 273.188171387, 85.6278762817, 127.514389038, 150.131576538, 128.498748779, 219.488449097, 147.667480469, 90.7934951782, 50.3182220459, 58.3030776978, 63.3345108032, 24.2269191742, 9.36248779297, 3.9957382679, 0.587036967278, 0.0157522391528, 0.000541646615602],
        "mean": [0.821813225746, 4.52233123779, 6.24722576141, 4.78788805008, 4.14061594009, 7.39367628098, 9.0687122345, 8.66338920593, 31.5117912292, 37.858997345, 58.0110588074, 72.8073730469, 30.7828216553, 25.6836395264, 34.5453567505, 21.1734485626, 34.5018806458, 32.9738082886, 28.0874843597, 17.0344696045, 13.6194868088, 14.978477478, 14.4263734818, 13.9323101044, 4.98776769638, 8.49628829956, 11.0532999039, 9.98176860809, 7.85144853592, 5.83952236176, 4.38051223755, 3.7296538353, 3.14574360847, 2.5618751049, 1.08544743061, 0.42509546876, 0.169233351946, 0.0296540874988, 0.000798837281764, 7.66298762755e-05],
        "median": [0.247212812304, 0.878043651581, 0.361895829439, 0.179306849837, 0.692793667316, 2.89995527267, 2.83638286591, 2.64197349548, 7.47969102859, 14.4203519821, 17.9705142975, 16.2659950256, 6.89236497879, 4.51294803619, 4.49132537842, 3.80478668213, 5.49117136002, 5.5392780304, 4.62692546844, 3.07113075256, 2.58041548729, 3.79281353951, 3.69369792938, 1.63689827919, 1.20497870445, 2.41512465477, 2.5648329258, 1.34747767448, 0.938444852829, 0.836856663227, 0.43553724885, 0.447330385447, 0.353272646666, 0.155582651496, 0.0794091001153, 0.0375135242939, 0.00998465623707, 0.00120516761672, 5.58000865567e-05, 3.76066564058e-05],
        "min": [5.07634734248e-09, 7.65736452024e-09, 9.34710797651e-08, 7.88358477166e-07, 2.68562007477e-06, 4.96208076584e-06, 5.48527077626e-06, 5.92540618527e-06, 2.1371006369e-05, 9.52566333581e-05, 0.00027286313707, 0.000328954949509, 0.000194365726202, 0.000305951893097, 0.000243028684054, 8.53779638419e-05, 0.000235622690525, 8.91674280865e-05, 0.00010652787023, 0.000411235174397, 0.000545011425857, 0.0004777344584, 0.000286463560769, 0.000221316222451, 0.000156826223247, 6.31284201518e-05, 0.000232405975112, 6.23064915999e-05, 7.82847291703e-06, 1.79011258297e-05, 3.51612675331e-06, 1.96676160158e-06, 7.9530345829e-06, 2.150624141e-06, 2.1664426697e-07, 5.16113942695e-08, 3.72456305797e-08, 1.35719924188e-08, 1.35528666068e-09, 2.01225300311e-10],
        "stdev": [1.64336657524, 9.19638252258, 20.3141384125, 19.9445819855, 13.3171663284, 12.184762001, 13.9892206192, 16.3889598846, 58.5530662537, 72.1714935303, 125.05266571, 136.038406372, 117.282356262, 61.4353523254, 85.9816055298, 46.5485496521, 86.2516479492, 67.2984313965, 61.5059700012, 42.6954498291, 30.6734142303, 26.6246566772, 26.0812397003, 31.9478664398, 9.46876049042, 14.8908624649, 18.3599624634, 19.160692215, 20.2910232544, 14.3787641525, 10.1877222061, 8.70065593719, 8.21128368378, 8.19675064087, 3.32310056686, 1.28024113178, 0.534248828888, 0.089013658464, 0.00226592645049, 0.000100971643406],
        "var": [2.70065379143, 84.5734481812, 412.664215088, 397.786376953, 177.346908569, 148.468414307, 195.698287964, 268.597991943, 3428.46166992, 5208.72460938, 15638.1689453, 18506.4492188, 13755.1503906, 3774.30249023, 7392.8359375, 2166.76733398, 7439.34667969, 4529.07861328, 3782.98413086, 1822.90136719, 940.858398438, 708.872375488, 680.231079102, 1020.66619873, 89.6574172974, 221.737792969, 337.088226318, 367.132141113, 411.725646973, 206.74887085, 103.78968811, 75.7014160156, 67.4251861572, 67.1867218018, 11.0429973602, 1.63901722431, 0.285421818495, 0.00792343169451, 5.13442319061e-06, 1.01952730702e-08]
    },
    "gfcc": {
        "mean": [-31.6978797913, 79.3300552368, -111.949127197, 16.010887146, -67.8855895996, 11.7556991577, -34.2924156189, 15.214466095, -14.168296814, 13.571310997, -13.7295503616, 0.493344157934, -8.87003612518],
        "cov": [[7377.41943359, -983.135437012, 432.910614014, 448.568511963, 362.308807373, 591.71282959, -14.2522678375, 377.671905518, -111.872741699, 198.271743774, -91.2402191162, 223.084854126, -63.1972961426], [-983.135437012, 2291.07958984, 678.331176758, -21.6281299591, 869.755126953, 171.795501709, 401.698913574, 122.588752747, 368.446105957, 61.1984672546, 219.720077515, -63.4292030334, 118.625595093], [432.910614014, 678.331176758, 1788.05725098, 959.184692383, 682.087463379, 469.178741455, 398.753082275, 250.894592285, 261.415161133, 152.40737915, 132.277038574, 71.0173034668, 25.2162570953], [448.568511963, -21.6281299591, 959.184692383, 1672.87304688, 455, 194.730194092, 285.35635376, 274.67779541, 270.228942871, 78.9272384644, 137.010269165, 37.7301254272, 199.398773193], [362.308807373, 869.755126953, 682.087463379, 455, 950.587158203, 343.851623535, 317.336242676, 232.119720459, 243.141235352, 114.167411804, 91.0860671997, 43.0299377441, 130.067199707], [591.71282959, 171.795501709, 469.178741455, 194.730194092, 343.851623535, 469.069122314, 269.573760986, 116.504486084, 98.3521270752, 105.627319336, 70.8899078369, 68.8760452271, 17.3391284943], [-14.2522678375, 401.698913574, 398.753082275, 285.35635376, 317.336242676, 269.573760986, 437.573272705, 188.325286865, 174.101776123, 98.3430938721, 119.859046936, 59.8837738037, 61.7978439331], [377.671905518, 122.588752747, 250.894592285, 274.67779541, 232.119720459, 116.504486084, 188.325286865, 325.383636475, 205.046325684, 100.648139954, 75.8419570923, 29.9742984772, 51.8988609314], [-111.872741699, 368.446105957, 261.415161133, 270.228942871, 243.141235352, 98.3521270752, 174.101776123, 205.046325684, 401.671112061, 166.490646362, 94.3429031372, -10.9706544876, 74.8054885864], [198.271743774, 61.1984672546, 152.40737915, 78.9272384644, 114.167411804, 105.627319336, 98.3430938721, 100.648139954, 166.490646362, 241.124038696, 62.570186615, 17.0011043549, 30.3055648804], [-91.2402191162, 219.720077515, 132.277038574, 137.010269165, 91.0860671997, 70.8899078369, 119.859046936, 75.8419570923, 94.3429031372, 62.570186615, 176.09173584, 61.0600013733, 60.0442314148], [223.084854126, -63.4292030334, 71.0173034668, 37.7301254272, 43.0299377441, 68.8760452271, 59.8837738037, 29.9742984772, -10.9706544876, 17.0011043549, 61.0600013733, 172.930908203, 61.2482833862], [-63.1972961426, 118.625595093, 25.2162570953, 199.398773193, 130.067199707, 17.3391284943, 61.7978439331, 51.8988609314, 74.8054885864, 30.3055648804, 60.0442314148, 61.2482833862, 180.103988647]],
        "icov": [[0.000211126971408, 7.47354579289e-06, 6.2942643126e-05, -9.35007701628e-05, -4.25497310061e-05, -0.000354837538907, 0.000324547261698, -0.000387873646105, 0.000234406048548, -0.00020111638878, 0.000213912455365, -0.000275827391306, 0.000188132806215], [7.47354579289e-06, 0.00162598351017, -0.000642307160888, 0.000980342854746, -0.00146461033728, 0.00111740699504, -0.00104081165045, 0.00101474230178, -0.00101497559808, 0.00102772412356, -0.00181881012395, 0.0014621198643, -0.000691145018209], [6.2942643126e-05, -0.000642307160888, 0.00154538545758, -0.00105039332993, 6.51139635011e-05, -0.00106494303327, 0.000380535086151, -0.00033049157355, 0.000312240241328, -0.000609281181823, 0.000673816422932, -0.0010890403064, 0.00153040722944], [-9.35007701628e-05, 0.000980342854746, -0.00105039332993, 0.00177578954026, -0.000738698465284, 0.000986791914329, -0.000831401557662, 0.00033579202136, -0.00078838103218, 0.00103073497303, -0.00130900042132, 0.00148805440404, -0.00178612757009], [-4.25497310061e-05, -0.00146461033728, 6.51139635011e-05, -0.000738698465284, 0.00339305889793, -0.00179708329961, 0.000606948626228, -0.00134995789267, 0.000531606492586, -0.000609019189142, 0.00194862345234, -0.000745003053453, -0.000852794095408], [-0.000354837538907, 0.00111740699504, -0.00106494303327, 0.000986791914329, -0.00179708329961, 0.00581622356549, -0.00315922196023, 0.00163892225828, -0.000565630558413, -2.68131389021e-05, -0.00139048567507, 0.000454585271655, 9.41240432439e-05], [0.000324547261698, -0.00104081165045, 0.000380535086151, -0.000831401557662, 0.000606948626228, -0.00315922196023, 0.00608209613711, -0.00247812690213, 0.000524152186699, -0.000642834696919, -2.92126533168e-05, -0.00143151928205, 0.000546639377717], [-0.000387873646105, 0.00101474230178, -0.00033049157355, 0.00033579202136, -0.00134995789267, 0.00163892225828, -0.00247812690213, 0.00690736994147, -0.00295615987852, 0.000616084667854, -0.00156613939907, 0.000586042646319, -5.96320569457e-06], [0.000234406048548, -0.00101497559808, 0.000312240241328, -0.00078838103218, 0.000531606492586, -0.000565630558413, 0.000524152186699, -0.00295615987852, 0.00627042446285, -0.00327517022379, 0.000410042528529, 0.000526137533598, -0.000446489750175], [-0.00020111638878, 0.00102772412356, -0.000609281181823, 0.00103073497303, -0.000609019189142, -2.68131389021e-05, -0.000642834696919, 0.000616084667854, -0.00327517022379, 0.00725073646754, -0.0021432316862, 0.00106864736881, -0.000826516537927], [0.000213912455365, -0.00181881012395, 0.000673816422932, -0.00130900042132, 0.00194862345234, -0.00139048567507, -2.92126533168e-05, -0.00156613939907, 0.000410042528529, -0.0021432316862, 0.0108566218987, -0.00410312693566, -0.000217916225665], [-0.000275827391306, 0.0014621198643, -0.0010890403064, 0.00148805440404, -0.000745003053453, 0.000454585271655, -0.00143151928205, 0.000586042646319, 0.000526137533598, 0.00106864736881, -0.00410312693566, 0.0100563755259, -0.00418854365125], [0.000188132806215, -0.000691145018209, 0.00153040722944, -0.00178612757009, -0.000852794095408, 9.41240432439e-05, 0.000546639377717, -5.96320569457e-06, -0.000446489750175, -0.000826516537927, -0.000217916225665, -0.00418854365125, 0.0100793326274]]
    },
    "melbands": {
        "dmean": [0.00414315517992, 0.00344615383074, 0.00110423297156, 0.00037075864384, 0.000243980568484, 0.000162116091815, 0.000320165330777, 0.000298924715025, 0.000335953285685, 0.000299949198961, 0.000102244055597, 9.78289244813e-05, 0.000134326648549, 7.0641610364e-05, 6.51134469081e-05, 5.11847683811e-05, 5.75684898649e-05, 4.32543565694e-05, 3.1195635529e-05, 1.57968970598e-05, 1.68127789948e-05, 1.4911692233e-05, 1.21767279779e-05, 9.96229573502e-06, 9.90270837065e-06, 4.16954162574e-06, 2.7092316941e-06, 5.08089487994e-06, 5.11644611834e-06, 4.37209973825e-06, 5.19838113178e-06, 4.97435303259e-06, 3.33061757374e-06, 2.84003817796e-06, 2.66866663878e-06, 1.98675274987e-06, 2.25817620958e-06, 2.52141171586e-06, 2.26354177357e-06, 2.93589414468e-06],
        "dmean2": [0.00553182419389, 0.0051674307324, 0.00199944432825, 0.000652327609714, 0.000390985864215, 0.000257551902905, 0.000490362464916, 0.000461687799543, 0.000498788780533, 0.00044536756468, 0.000148629915202, 0.000162417534739, 0.000233974991716, 0.000118626623589, 0.000100032375485, 7.91060665506e-05, 9.04651533347e-05, 7.03175901435e-05, 4.98589033668e-05, 2.45755345532e-05, 2.75807014987e-05, 2.46535419137e-05, 1.94262065634e-05, 1.50825508172e-05, 1.58139901032e-05, 6.96508868714e-06, 4.38783263235e-06, 8.03863622423e-06, 7.85097108746e-06, 6.73142858432e-06, 8.31697434478e-06, 8.54922564031e-06, 5.25209770785e-06, 4.54417431683e-06, 4.35678248323e-06, 3.1472138744e-06, 3.49327297045e-06, 4.01184115617e-06, 3.51869402948e-06, 4.95495987707e-06],
        "dvar": [8.90269875526e-05, 8.72770397109e-05, 1.62688611454e-05, 9.983241398e-07, 1.48945488831e-07, 9.18650187032e-08, 4.9910005373e-07, 3.65091409549e-07, 4.99826910527e-07, 3.82293762868e-07, 1.23942328401e-07, 5.57503803122e-08, 1.14289413489e-07, 2.47160247824e-08, 2.35637003243e-08, 1.00044399431e-08, 1.35802062928e-08, 1.02763975107e-08, 4.09803568857e-09, 1.55798673962e-09, 1.72346448224e-09, 8.73470906715e-10, 5.19976284252e-10, 3.60313834324e-10, 4.77709427571e-10, 9.02179927986e-11, 3.38272881928e-11, 9.12873457382e-11, 7.9016508614e-11, 6.10870937168e-11, 1.20994894659e-10, 1.57557009106e-10, 6.54240064901e-11, 4.16186876628e-11, 3.7405217812e-11, 1.90423475599e-11, 2.67708164664e-11, 3.97563301724e-11, 3.4542313454e-11, 7.41988206987e-11],
        "dvar2": [0.000136022281367, 0.000203074174351, 4.60347146145e-05, 2.87832631329e-06, 3.61740347898e-07, 2.15199023046e-07, 1.12435861865e-06, 7.49186710891e-07, 1.02941987734e-06, 8.35648847897e-07, 2.26408545245e-07, 1.42264482861e-07, 3.16426365998e-07, 6.45022524282e-08, 5.19573148949e-08, 2.1732988742e-08, 3.01474187836e-08, 2.47729534664e-08, 9.35985688955e-09, 3.45624218134e-09, 4.33151070567e-09, 2.32065788808e-09, 1.31503008483e-09, 7.79064479595e-10, 1.12191000934e-09, 2.36734548631e-10, 8.83572243149e-11, 2.12630649199e-10, 1.71070616006e-10, 1.4041125207e-10, 2.96995344984e-10, 4.06619155013e-10, 1.54007528952e-10, 9.63972582313e-11, 9.19333845162e-11, 3.82884939032e-11, 5.77540307245e-11, 9.4037770626e-11, 8.12616016144e-11, 1.91202942368e-10],
        "max": [0.0683290213346, 0.0728142186999, 0.0298307724297, 0.0112928561866, 0.00352252298035, 0.00321502122097, 0.00771035719663, 0.00883390661329, 0.00981599465013, 0.00646698800847, 0.0125062279403, 0.0023892421741, 0.00269562890753, 0.0013686864404, 0.001900089439, 0.00113065436017, 0.00141507107764, 0.0014149339404, 0.000608970760368, 0.000672855821904, 0.000662786362227, 0.000226648626267, 0.0003806159948, 0.0002239595633, 0.000242587237153, 8.8292399596e-05, 5.8032990637e-05, 0.000112661859021, 9.77327581495e-05, 8.79928993527e-05, 0.000103868915176, 0.000159340590471, 0.000104322527477, 9.55320938374e-05, 5.34726932528e-05, 3.91990251956e-05, 3.27800407831e-05, 4.53944448964e-05, 4.19135431002e-05, 5.92755095568e-05],
        "mean": [0.00685627060011, 0.00405638897792, 0.00080786558101, 0.000408753345255, 0.000334854295943, 0.000193935949937, 0.000475174601888, 0.000441126059741, 0.000511559192091, 0.000399138429202, 0.000137500057463, 9.88097235677e-05, 0.00011265881767, 6.57302516629e-05, 7.57310917834e-05, 5.86031892453e-05, 6.2822480686e-05, 4.28760176874e-05, 3.15382312692e-05, 1.66023091879e-05, 1.68471051438e-05, 1.57384110935e-05, 1.44648338392e-05, 1.30254993564e-05, 1.14531321742e-05, 4.13549742007e-06, 2.95601171274e-06, 6.48679406368e-06, 7.49353648644e-06, 5.87764316151e-06, 5.81318499826e-06, 4.69081987831e-06, 3.68697533304e-06, 3.00825877275e-06, 2.62347589342e-06, 2.25358303396e-06, 2.282415835e-06, 2.31364720094e-06, 2.00099884751e-06, 2.22966605179e-06],
        "median": [0.00232799421065, 0.000386529834941, 4.62221723865e-05, 0.000146613005199, 0.000119009564514, 5.17324733664e-05, 0.000111093948362, 0.00015643228835, 0.000155217872816, 7.85413212725e-05, 1.71768006112e-05, 1.41399550557e-05, 1.06398092612e-05, 1.01183231891e-05, 1.17182089525e-05, 8.36851904751e-06, 8.96112123883e-06, 6.15583167018e-06, 4.54155906482e-06, 2.76662194665e-06, 2.71620319836e-06, 3.49019887835e-06, 4.17793262386e-06, 2.12696158997e-06, 1.07068558464e-06, 6.77228513268e-07, 6.7396393888e-07, 1.64533810221e-06, 1.59862997862e-06, 1.06544052869e-06, 5.64539959669e-07, 3.85181579077e-07, 4.47773089718e-07, 3.9100569893e-07, 2.15769361489e-07, 2.06999587249e-07, 2.6966492328e-07, 2.56416086586e-07, 1.77214147357e-07, 1.00549058857e-07],
        "min": [4.1530119621e-11, 4.10852012134e-11, 1.88872598117e-10, 2.81073220254e-10, 2.03807165589e-10, 1.34203134716e-10, 3.72856523434e-10, 1.23718990608e-09, 2.42949105278e-09, 1.95886440402e-09, 9.30679366906e-10, 1.23239496386e-09, 9.28126464572e-10, 3.37417260798e-10, 2.67084382388e-10, 5.32048072266e-10, 1.23643317806e-10, 1.16558873664e-10, 5.17729858984e-10, 3.96759791688e-10, 7.97989452295e-10, 6.24073237532e-10, 2.07118183715e-10, 2.81463186091e-10, 1.64820837534e-10, 1.76092113113e-10, 4.48348441706e-11, 3.89583192095e-11, 1.28963492663e-10, 1.33864863638e-10, 8.90093380945e-12, 2.12253608786e-12, 9.89617155583e-12, 8.09509577426e-12, 2.06180537053e-12, 1.14919174437e-12, 6.33764687865e-13, 5.47645869625e-12, 5.05270781812e-12, 7.57870383204e-13],
        "stdev": [0.0129298437387, 0.00974784698337, 0.00315924594179, 0.000839869084302, 0.000478508853121, 0.000365925399819, 0.000889422371984, 0.000887930975296, 0.000991439679638, 0.000759438320529, 0.000582825217862, 0.00025445438223, 0.00029480777448, 0.000150102350744, 0.000195119340788, 0.000128855448565, 0.000133716705022, 0.000104304155684, 7.21425894881e-05, 4.39591094619e-05, 4.25817197538e-05, 2.99336825265e-05, 2.59107782767e-05, 2.66846200248e-05, 2.78699117189e-05, 8.98347389011e-06, 5.6796611716e-06, 1.20865515782e-05, 1.32650529849e-05, 1.00118104456e-05, 1.24893440443e-05, 1.27654066091e-05, 9.88624015008e-06, 7.47280819269e-06, 6.33235322312e-06, 5.12770839123e-06, 5.50209369976e-06, 6.05638388151e-06, 5.62869718124e-06, 7.46327032175e-06],
        "var": [0.000167180856806, 9.50205212575e-05, 9.98083487502e-06, 7.05380045929e-07, 2.28970733929e-07, 1.33901394861e-07, 7.91072181983e-07, 7.88421459674e-07, 9.82952656159e-07, 5.76746572278e-07, 3.39685243489e-07, 6.47470272952e-08, 8.69116192348e-08, 2.25307168478e-08, 3.80715547976e-08, 1.66037263938e-08, 1.78801560224e-08, 1.08793569709e-08, 5.20455367692e-09, 1.93240334845e-09, 1.81320292114e-09, 8.96025309505e-10, 6.71368405314e-10, 7.12068903841e-10, 7.76732012042e-10, 8.07028055494e-11, 3.22585534673e-11, 1.46084727648e-10, 1.75961620275e-10, 1.00236353939e-10, 1.55983712058e-10, 1.62955607341e-10, 9.77377415112e-11, 5.58428615849e-11, 4.00986951976e-11, 2.62933928102e-11, 3.0273037549e-11, 3.66797876794e-11, 3.16822297564e-11, 5.57004026236e-11]
    },
    "melbands128": {
