{
"lowlevel": {
    "average_loudness": 0.981571793556,
    "barkbands_crest": {
        "dmean": 3.01536750793,
        "dmean2": 4.51424360275,
        "dvar": 10.4303321838,
        "dvar2": 23.464099884,
        "max": 25.2371997833,
        "mean": 13.2012834549,
        "median": 12.3135900497,
        "min": 2.84827136993,
        "stdev": 5.10136842728,
        "var": 26.0239601135
    },
    "barkbands_flatness_db": {
        "dmean": 0.0378335267305,
        "dmean2": 0.0572305582464,
        "dvar": 0.00188675604295,
        "dvar2": 0.00434297416359,
        "max": 0.413863360882,
        "mean": 0.181206092238,
        "median": 0.17543554306,
        "min": 0.0296129900962,
        "stdev": 0.0620246455073,
        "var": 0.00384705653414
    },
    "barkbands_kurtosis": {
        "dmean": 7.68766689301,
        "dmean2": 12.0598058701,
        "dvar": 140.698028564,
        "dvar2": 308.56842041,
        "max": 161.534225464,
        "mean": 11.6475553513,
        "median": 5.88392829895,
        "min": -1.85464036465,
        "stdev": 16.6226291656,
        "var": 276.311828613
    },
    "barkbands_skewness": {
        "dmean": 0.943818747997,
        "dmean2": 1.45907461643,
        "dvar": 1.15737557411,
        "dvar2": 2.67017197609,
        "max": 11.686009407,
        "mean": 2.56805586815,
        "median": 2.25540065765,
        "min": -1.9810628891,
        "stdev": 1.64237928391,
        "var": 2.69740962982
    },
    "barkbands_spread": {
        "dmean": 7.53117609024,
        "dmean2": 12.6622686386,
        "dvar": 148.654281616,
        "dvar2": 403.997253418,
        "max": 88.2331695557,
        "mean": 15.3063611984,
        "median": 13.332400322,
        "min": 0.994245529175,
        "stdev": 11.8775281906,
        "var": 141.075683594
    },
    "dissonance": {
        "dmean": 0.0303871929646,
        "dmean2": 0.0495731532574,
        "dvar": 0.000850413402077,
        "dvar2": 0.00212924974039,
        "max": 0.499895840883,
        "mean": 0.438158363104,
        "median": 0.447522729635,
        "min": 0.204528599977,
        "stdev": 0.0414415597916,
        "var": 0.00171740283258
    },
    "dynamic_complexity": 2.14417290688,
    "erbbands_crest": {
        "dmean": 2.90487289429,
        "dmean2": 4.67574071884,
        "dvar": 7.3865146637,
        "dvar2": 19.059879303,
        "max": 24.7085418701,
        "mean": 9.3504858017,
        "median": 8.72112560272,
        "min": 2.41319918633,
        "stdev": 3.7723941803,
        "var": 14.2309579849
    },
    "erbbands_flatness_db": {
        "dmean": 0.023771867156,
        "dmean2": 0.0337372869253,
        "dvar": 0.000575745129026,
        "dvar2": 0.0011517967796,
        "max": 0.291649460793,
        "mean": 0.150518193841,
        "median": 0.151676863432,
        "min": 0.0528133362532,
        "stdev": 0.0436655208468,
        "var": 0.0019066776149
    },
    "erbbands_kurtosis": {
        "dmean": 1.38927197456,
        "dmean2": 2.06026268005,
        "dvar": 2.41816020012,
        "dvar2": 5.21819591522,
        "max": 18.1190223694,
        "mean": 1.56555449963,
        "median": 0.760126590729,
        "min": -1.67156112194,
        "stdev": 2.67856884003,
        "var": 7.17473077774
    },
    "erbbands_skewness": {
        "dmean": 0.477661043406,
        "dmean2": 0.736971020699,
        "dvar": 0.236693933606,
        "dvar2": 0.574802041054,
        "max": 3.45079421997,
        "mean": 0.697969198227,
        "median": 0.707134783268,
        "min": -2.55354309082,
        "stdev": 0.712794661522,
        "var": 0.508076190948
    },
    "erbbands_spread": {
        "dmean": 12.2410840988,
        "dmean2": 17.9301891327,
        "dvar": 231.528030396,
        "dvar2": 491.367736816,
        "max": 153.525192261,
        "mean": 39.0697441101,
        "median": 34.9502830505,
        "min": 7.34404373169,
        "stdev": 22.927740097,
        "var": 525.681274414
    },
    "hfc": {
        "dmean": 14.0659332275,
        "dmean2": 23.1808662415,
        "dvar": 929.121704102,
        "dvar2": 2571.22216797,
        "max": 215.923980713,
        "mean": 20.9647159576,
        "median": 15.1073408127,
        "min": 1.16775747287e-16,
        "stdev": 26.5251522064,
        "var": 703.583679199
    },
    "loudness_ebu128": {
        "integrated": -7.25423717499,
        "loudness_range": 1.23205900192,
        "momentary": {
            "dmean": 0.622178137302,
            "dmean2": 0.856224298477,
            "dvar": 0.234965190291,
            "dvar2": 0.424627244473,
            "max": -5.19705677032,
            "mean": -7.46430206299,
            "median": -7.03402709961,
            "min": -14.4179401398,
            "stdev": 1.4822435379,
            "var": 2.19704580307
        },
        "short_term": {
            "dmean": 0.0839053317904,
            "dmean2": 0.109161235392,
            "dvar": 0.00373425125144,
            "dvar2": 0.00745095917955,
            "max": -6.59541130066,
            "mean": -7.23955821991,
            "median": -7.02854204178,
            "min": -8.57332515717,
            "stdev": 0.469020098448,
            "var": 0.219979852438
        }
    },
    "melbands_crest": {
        "dmean": 3.99849200249,
        "dmean2": 6.16732788086,
        "dvar": 14.2401857376,
        "dvar2": 34.7474632263,
        "max": 36.0261459351,
        "mean": 20.1534137726,
        "median": 20.0501613617,
        "min": 2.48252487183,
        "stdev": 6.75976228714,
        "var": 45.6943893433
    },
    "melbands_flatness_db": {
        "dmean": 0.0444598197937,
        "dmean2": 0.067625939846,
        "dvar": 0.00291872373782,
        "dvar2": 0.00690285069868,
        "max": 0.529306769371,
        "mean": 0.258999466896,
        "median": 0.255317717791,
        "min": 0.00650598620996,
        "stdev": 0.0785657018423,
        "var": 0.00617256993428
    },
    "melbands_kurtosis": {
        "dmean": 18.9051074982,
        "dmean2": 29.7467556,
        "dvar": 1147.30627441,
        "dvar2": 2668.37939453,
        "max": 504.937530518,
        "mean": 28.5765686035,
        "median": 14.7715263367,
        "min": -1.56153702736,
        "stdev": 45.1523628235,
        "var": 2038.73571777
    },
    "melbands_skewness": {
        "dmean": 1.27155196667,
        "dmean2": 1.9357790947,
        "dvar": 2.38539528847,
        "dvar2": 5.29841375351,
        "max": 18.3765258789,
        "mean": 3.6600856781,
        "median": 3.21815943718,
        "min": -0.332960575819,
        "stdev": 2.44861650467,
        "var": 5.99572229385
    },
    "melbands_spread": {
        "dmean": 7.6328420639,
        "dmean2": 12.8151836395,
        "dvar": 211.435760498,
        "dvar2": 549.046447754,
        "max": 181.7603302,
        "mean": 14.3016042709,
        "median": 11.4493875504,
        "min": 0.675829291344,
        "stdev": 14.0323152542,
        "var": 196.905883789
    },
    "pitch_salience": {
        "dmean": 0.0940685421228,
        "dmean2": 0.153028443456,
        "dvar": 0.0104773100466,
        "dvar2": 0.026098228991,
        "max": 0.86213696003,
        "mean": 0.44879257679,
        "median": 0.434173762798,
        "min": 0.0743149742484,
        "stdev": 0.153349220753,
        "var": 0.0235159825534
    },
    "silence_rate_20dB": {
        "dmean": 0,
        "dmean2": 0,
        "dvar": 0,
        "dvar2": 0,
        "max": 1,
        "mean": 1,
        "median": 1,
        "min": 1,
        "stdev": 0,
        "var": 0
    },
    "silence_rate_30dB": {
        "dmean": 0.0773993805051,
        "dmean2": 0.154918670654,
        "dvar": 0.0714078322053,
        "dvar2": 0.165001839399,
        "max": 1,
        "mean": 0.912606358528,
        "median": 1,
        "min": 0,
        "stdev": 0.282410085201,
        "var": 0.0797554627061
    },
    "silence_rate_60dB": {
        "dmean": 0.0193498451263,
        "dmean2": 0.0379550717771,
        "dvar": 0.0189753882587,
        "dvar2": 0.0473590753973,
        "max": 1,
        "mean": 0.0293890181929,
        "median": 0,
        "min": 0,
        "stdev": 0.168894901872,
        "var": 0.0285254865885
    },
    "spectral_centroid": {
        "dmean": 311.073760986,
        "dmean2": 510.883148193,
        "dvar": 285060.25,
        "dvar2": 622137,
        "max": 11231.6855469,
        "mean": 929.662719727,
        "median": 817.619506836,
        "min": 171.442504883,
        "stdev": 564.694274902,
        "var": 318879.59375
    },
    "spectral_complexity": {
        "dmean": 4.78715181351,
        "dmean2": 7.61347770691,
        "dvar": 47.6911392212,
        "dvar2": 117.798118591,
        "max": 50,
        "mean": 14.3673629761,
        "median": 13,
        "min": 0,
        "stdev": 7.76522827148,
        "var": 60.2987670898
    },
    "spectral_decrease": {
        "dmean": 4.01732647148e-09,
        "dmean2": 6.13816864004e-09,
        "dvar": 3.05556216938e-17,
        "dvar2": 6.52639282906e-17,
        "max": -1.07956663909e-29,
        "mean": -1.18512151204e-08,
        "median": -9.52296197454e-09,
        "min": -4.43751169144e-08,
        "stdev": 8.51194492668e-09,
        "var": 7.24532130747e-17
    },
    "spectral_energy": {
        "dmean": 0.0156982261688,
        "dmean2": 0.023587865755,
        "dvar": 0.000437467417214,
        "dvar2": 0.000901711231563,
        "max": 0.171167626977,
        "mean": 0.0466307662427,
        "median": 0.0374898798764,
        "min": 1.06326506796e-20,
        "stdev": 0.033054087311,
        "var": 0.00109257269651
    },
    "spectral_energyband_high": {
        "dmean": 0.0010862336494,
        "dmean2": 0.0018861022545,
        "dvar": 7.32631451683e-06,
        "dvar2": 2.05038286367e-05,
        "max": 0.0178779233247,
        "mean": 0.000965425686445,
        "median": 0.000299488950986,
        "min": 7.99050413274e-21,
        "stdev": 0.0022256814409,
        "var": 4.95365748066e-06
    },
    "spectral_energyband_low": {
        "dmean": 0.0107801724225,
        "dmean2": 0.0177890975028,
        "dvar": 0.000430242711445,
        "dvar2": 0.00103406060953,
        "max": 0.152167245746,
        "mean": 0.0279854722321,
        "median": 0.0208245757967,
        "min": 3.63420488198e-23,
        "stdev": 0.0298170167953,
        "var": 0.000889054499567
    },
    "spectral_energyband_middle_high": {
        "dmean": 0.00249523087405,
        "dmean2": 0.00400184607133,
        "dvar": 1.31590095407e-05,
        "dvar2": 3.47573259205e-05,
        "max": 0.023433316499,
        "mean": 0.00430363183841,
        "median": 0.00325796823017,
        "min": 1.32136165573e-21,
        "stdev": 0.0041021197103,
        "var": 1.68273854797e-05
    },
    "spectral_energyband_middle_low": {
        "dmean": 0.00760072097182,
        "dmean2": 0.0115059185773,
        "dvar": 0.000142326229252,
        "dvar2": 0.000305881490931,
        "max": 0.119772344828,
        "mean": 0.0141389481723,
        "median": 0.00961545761675,
        "min": 2.95176831796e-22,
        "stdev": 0.0153145100921,
        "var": 0.000234534207266
    },
    "spectral_entropy": {
        "dmean": 0.283554702997,
        "dmean2": 0.424601078033,
        "dvar": 0.116140596569,
        "dvar2": 0.239226445556,
        "max": 9.81328105927,
        "mean": 7.34960126877,
        "median": 7.33883571625,
        "min": 5.22881650925,
        "stdev": 0.510382354259,
        "var": 0.26049014926
    },
    "spectral_flux": {
        "dmean": 0.0451647378504,
        "dmean2": 0.0661390125751,
        "dvar": 0.0021960909944,
        "dvar2": 0.00400319509208,
        "max": 0.389859586954,
        "mean": 0.102264590561,
        "median": 0.0857474058867,
        "min": 1.03114745909e-10,
        "stdev": 0.0691589340568,
        "var": 0.00478295842186
    },
    "spectral_kurtosis": {
        "dmean": 2.42868614197,
        "dmean2": 3.77724051476,
        "dvar": 13.2131547928,
        "dvar2": 29.8583393097,
        "max": 46.6744651794,
        "mean": 5.39306402206,
        "median": 4.28187274933,
        "min": -1.17660462856,
        "stdev": 4.59958076477,
        "var": 21.1561450958
    },
    "spectral_rms": {
        "dmean": 0.00107557536103,
        "dmean2": 0.00155898183584,
        "dvar": 1.6183171283e-06,
        "dvar2": 2.80396920971e-06,
        "max": 0.012922569178,
        "mean": 0.00630996888503,
        "median": 0.00604776758701,
        "min": 3.22076349965e-12,
        "stdev": 0.00238280324265,
        "var": 5.67775077798e-06
    },
    "spectral_rolloff": {
        "dmean": 598.947387695,
        "dmean2": 1078.69543457,
        "dvar": 2229209.25,
        "dvar2": 5828504,
        "max": 18949.21875,
        "mean": 865.026306152,
        "median": 559.86328125,
        "min": 43.06640625,
        "stdev": 1342.55102539,
        "var": 1802443.375
    },
    "spectral_skewness": {
        "dmean": 0.337040185928,
        "dmean2": 0.509304761887,
        "dvar": 0.155027449131,
        "dvar2": 0.334508061409,
        "max": 5.32835054398,
        "mean": 1.88533353806,
        "median": 1.80740809441,
        "min": -0.0199921932071,
        "stdev": 0.613828778267,
        "var": 0.37678578496
    },
    "spectral_spread": {
        "dmean": 995826.8125,
        "dmean2": 1350515.375,
        "dvar": 2.09420812288e+12,
        "dvar2": 3.08056870093e+12,
        "max": 40620708,
        "mean": 5320194.5,
        "median": 5116482.5,
        "min": 1647710.25,
        "stdev": 1993348.75,
        "var": 3.97343929139e+12
    },
    "spectral_strongpeak": {
        "dmean": 0.251565128565,
        "dmean2": 0.409637838602,
        "dvar": 0.187830120325,
        "dvar2": 0.424374520779,
        "max": 4.35480213165,
        "mean": 0.656374275684,
        "median": 0.547708749771,
        "min": 0,
        "stdev": 0.555182397366,
        "var": 0.308227479458
    },
    "zerocrossingrate": {
        "dmean": 0.0114833014086,
        "dmean2": 0.0153738623485,
        "dvar": 0.000393794936826,
        "dvar2": 0.00049347395543,
        "max": 0.5,
        "mean": 0.0392078906298,
        "median": 0.03369140625,
        "min": 0.00244140625,
        "stdev": 0.0288849193603,
        "var": 0.000834338599816
    },
    "barkbands": {
        "dmean": [0.000990764936432, 0.00896236207336, 0.00238236994483, 0.00264558265917, 0.00321124587208, 0.000896233890671, 0.00169310846832, 0.000832411868032, 0.00136278697755, 0.000460635958007, 0.000591378484387, 0.000502024660818, 0.000336514291121, 0.000254413695075, 0.000220271685976, 0.000146217891597, 0.000383276958019, 0.000243571412284, 0.000198928333702, 0.000114797359856, 0.000131128414068, 0.000173547930899, 0.00023053723271, 0.000210868543945, 0.000226876873057, 0.000100956051028, 4.30605723523e-06],
        "dmean2": [0.0014429455623, 0.0141873378307, 0.00407283520326, 0.00448001082987, 0.00485195452347, 0.00161472940817, 0.00283767608926, 0.0013980679214, 0.00203731632791, 0.000683417485561, 0.000904314452782, 0.000760065799113, 0.000518244982231, 0.000408086489188, 0.000372181209968, 0.000251273042522, 0.000710367807187, 0.00043385612662, 0.00035795228905, 0.000209533012821, 0.000230530262343, 0.000305701832986, 0.000401039113058, 0.000358873803634, 0.000407985207858, 0.00017606493202, 7.98751079856e-06],
        "dvar": [3.00261899611e-06, 0.000359570083674, 3.33427451551e-05, 5.30082688783e-05, 3.52575043507e-05, 4.51139567303e-06, 9.77083527687e-06, 4.78266883874e-06, 6.36276899968e-06, 8.98220889667e-07, 1.05637457182e-06, 7.71089219143e-07, 4.27972736361e-07, 2.13589544273e-07, 1.42798270986e-07, 9.24222689491e-08, 1.25453198052e-06, 4.03739733201e-07, 2.17448544504e-07, 7.15344583568e-08, 9.75745919618e-08, 1.51530926473e-07, 3.4137516991e-07, 2.69833407174e-07, 5.74519219754e-07, 9.87858257417e-08, 2.0032138448e-10],
        "dvar2": [6.18899912297e-06, 0.000802982249297, 9.12038303795e-05, 0.00014310068218, 8.207828796e-05, 1.35559448609e-05, 2.56293169514e-05, 1.27615521706e-05, 1.36333328555e-05, 2.00417730412e-06, 2.55811437455e-06, 1.73625380739e-06, 9.22540664305e-07, 4.97193582305e-07, 3.41759147204e-07, 2.50696558624e-07, 3.65139226233e-06, 1.16619924029e-06, 6.11539348938e-07, 2.03555416078e-07, 2.72473869245e-07, 4.21405019324e-07, 9.61450837167e-07, 7.42851398172e-07, 1.63336903825e-06, 2.7951224979e-07, 5.7779597773e-10],
        "max": [0.0184612050653, 0.135664582253, 0.046985372901, 0.0933169946074, 0.0687212720513, 0.0278063453734, 0.0249102711678, 0.0241126827896, 0.0251031294465, 0.0171636939049, 0.0105943018571, 0.0107356486842, 0.00682896608487, 0.0066513386555, 0.00363469636068, 0.00221290579066, 0.00882066786289, 0.00456160819158, 0.00284949596971, 0.00166138680652, 0.00211939890869, 0.00354838185012, 0.00418884353712, 0.00429268088192, 0.00501984544098, 0.00223414227366, 0.000144823759911],
        "mean": [0.00228525674902, 0.0202964916825, 0.00470098340884, 0.00284068612382, 0.00499818380922, 0.00112547667231, 0.00198172498494, 0.00103684968781, 0.00205787690356, 0.000764647265896, 0.000883769011125, 0.000717986607924, 0.000434034096543, 0.000347800261807, 0.000285294663627, 0.000149546802277, 0.000303366658045, 0.000239125613007, 0.000167591046193, 9.70548207988e-05, 0.000112539259135, 0.00015722498938, 0.000183677810128, 0.000205636577448, 0.000169862483745, 8.53380188346e-05, 2.77401727544e-06],
        "median": [0.000121221048175, 0.0140686035156, 0.00145617371891, 0.00052014074754, 0.00261314492673, 0.00041006837273, 0.000634157971945, 0.000239534740103, 0.000612978299614, 0.000239690751187, 0.00031793085509, 0.000262756075244, 0.000145044192323, 0.00010611925245, 8.11130958027e-05, 5.45145885553e-05, 8.42058798298e-05, 8.97474601516e-05, 4.82543036924e-05, 2.32933871303e-05, 2.563349517e-05, 3.9362545067e-05, 2.88544288196e-05, 7.79540569056e-05, 3.22100495396e-05, 1.93676387426e-05, 1.92143630784e-07],
        "min": [3.0394873787e-23, 1.4338394189e-23, 5.51877228531e-24, 1.90654033498e-23, 4.8051672905e-23, 6.44020804986e-23, 6.94574104127e-23, 4.11400428404e-23, 3.271470545e-23, 8.2013494871e-23, 9.0605969799e-23, 1.21701194298e-22, 6.45617459458e-23, 5.07592297029e-23, 9.43178885242e-23, 2.13802459409e-22, 1.63762449971e-22, 1.64386584097e-22, 1.74705907101e-22, 3.07792472097e-22, 3.37970049415e-22, 6.09934074784e-22, 1.15982495471e-21, 8.17248588699e-22, 9.61863024228e-22, 1.96278266547e-21, 2.22419960791e-21],
        "stdev": [0.00364133180119, 0.0281855110079, 0.00705217430368, 0.00707540102303, 0.00718165095896, 0.00193453126121, 0.00319133978337, 0.00227035046555, 0.00324038788676, 0.00140970479697, 0.00129089294933, 0.00106343347579, 0.000770895159803, 0.000624926469754, 0.000478436500998, 0.00027749792207, 0.000839788408484, 0.000502072332893, 0.000378711003577, 0.000219891036977, 0.000260041066213, 0.000337696139468, 0.000476265500765, 0.000443062832346, 0.000593099393882, 0.000254931510426, 1.07606238089e-05],
        "var": [1.3259296793e-05, 0.000794422987383, 4.97331602674e-05, 5.00612986798e-05, 5.15761093993e-05, 3.74241130885e-06, 1.01846489997e-05, 5.15449164595e-06, 1.05001136035e-05, 1.98726752387e-06, 1.6664046143e-06, 1.13089083698e-06, 5.94279356392e-07, 3.90533074324e-07, 2.28901484434e-07, 7.70050903043e-08, 7.05244531218e-07, 2.52076603147e-07, 1.43422013821e-07, 4.83520707917e-08, 6.76213574025e-08, 1.14038691379e-07, 2.26828817063e-07, 1.96304682731e-07, 3.5176685742e-07, 6.49900755434e-08, 1.15791022604e-10]
    },
    "erbbands": {
        "dmean": [0.36608800292, 2.00579833984, 3.15917134285, 4.99316644669, 13.0851011276, 10.0324373245, 6.42002677917, 8.36826896667, 16.2508296967, 28.444278717, 17.6810970306, 32.8040542603, 17.2720375061, 22.6274871826, 17.0718803406, 18.2510242462, 14.4816036224, 11.3148450851, 10.9383897781, 8.99871826172, 10.002415657, 22.3424091339, 13.7803153992, 11.9900894165, 8.61478614807, 5.57963705063, 5.86569881439, 4.55417537689, 5.26777410507, 8.2661485672, 6.43942213058, 4.36993026733, 3.61328125, 2.17617726326, 1.6944309473, 0.576562821865, 0.203127071261, 0.0204186998308, 0.000553409277927, 3.36453558702e-05],
        "dmean2": [0.5148037076, 3.18569087982, 5.37205123901, 8.42759895325, 19.3675060272, 16.4658985138, 10.8267688751, 15.1079683304, 27.3548583984, 48.5197029114, 28.5839672089, 48.4276733398, 24.9693489075, 33.8646087646, 26.2160968781, 27.1282501221, 21.9103374481, 17.520778656, 17.9999656677, 14.9404029846, 17.5216674805, 41.4339752197, 24.5439319611, 21.5775794983, 15.6407566071, 10.1988363266, 10.6388254166, 7.78365850449, 9.11814117432, 14.6756620407, 11.3298740387, 7.43986320496, 6.16506004333, 3.84381318092, 3.06104516983, 1.01147484779, 0.361792564392, 0.0365642644465, 0.00100253289565, 5.50086624571e-05],
        "dvar": [0.526330053806, 20.6785678864, 56.2706794739, 159.618927002, 833.741699219, 408.774780273, 237.338592529, 315.528289795, 743.359985352, 3914.29052734, 2109.54296875, 4077.40600586, 765.782043457, 1515.47387695, 892.168334961, 1063.10754395, 732.285644531, 324.26449585, 324.937408447, 265.872070312, 456.254638672, 4406.17578125, 1249.27246094, 1108.98413086, 441.168579102, 177.615203857, 201.863128662, 119.808135986, 127.056999207, 400.389038086, 302.772491455, 122.047119141, 74.600769043, 43.6447525024, 34.5154342651, 3.04863333702, 0.46655613184, 0.00435075024143, 3.21514221469e-06, 5.45215517178e-09],
        "dvar2": [1.05672001839, 51.7899208069, 153.874694824, 426.521728516, 1912.26513672, 1117.94226074, 672.448547363, 955.96081543, 1977.87121582, 10622.3691406, 5434.53320312, 8315.22265625, 1510.43383789, 3610.19628906, 2180.92749023, 2299.4621582, 1515.21582031, 706.693359375, 768.122497559, 669.593688965, 1255.78210449, 12842.9707031, 3610.8659668, 3198.83032227, 1241.38037109, 505.50769043, 568.20489502, 330.66104126, 351.747955322, 1117.58300781, 859.217651367, 337.303863525, 205.817245483, 123.759803772, 98.1389770508, 8.64051818848, 1.31599366665, 0.0123533494771, 9.16461704037e-06, 1.42602951669e-08],
        "max": [6.11490249634, 32.7873191833, 63.4024124146, 170.559356689, 270.32723999, 294.651763916, 189.357727051, 217.979904175, 228.706390381, 633.300842285, 594.726196289, 651.440490723, 333.021789551, 407.1746521, 275.289855957, 312.504272461, 287.080108643, 242.784622192, 180.445236206, 139.719314575, 147.393035889, 518.305236816, 265.170654297, 241.87260437, 132.846481323, 75.9356231689, 94.6019287109, 79.5415878296, 125.309127808, 138.665206909, 124.801010132, 90.9279403687, 76.1135101318, 48.6086196899, 38.1007957458, 12.319231987, 4.75973129272, 0.49866554141, 0.0159323103726, 0.000594246550463],
        "mean": [0.777441322803, 3.7748336792, 6.1077413559, 6.58582496643, 17.1562519073, 14.5791759491, 9.82427120209, 10.9021377563, 19.7330799103, 31.4737110138, 27.2545585632, 47.5348052979, 29.8685283661, 35.8111877441, 27.7451171875, 27.543888092, 20.5362415314, 16.3955860138, 17.1898555756, 11.7045574188, 10.1411733627, 17.8580055237, 13.4940195084, 10.7530508041, 7.09461259842, 4.631960392, 4.8402338028, 4.21844577789, 5.0197634697, 6.69401407242, 5.02790355682, 4.019343853, 3.49925112724, 1.78175675869, 1.22806954384, 0.487947434187, 0.15593713522, 0.015650710091, 0.000430212443462, 6.91464156262e-05],
        "median": [0.29044380784, 1.46459126472, 2.23788523674, 2.29132294655, 4.24889278412, 8.11759853363, 4.672560215, 3.91544532776, 7.94256544113, 10.715004921, 8.10970592499, 13.9120321274, 14.0572595596, 17.1608562469, 11.243979454, 11.6576900482, 8.28560829163, 6.9415178299, 5.43938112259, 4.16162919998, 4.0515165329, 5.21308422089, 5.1897444725, 3.48149561882, 2.02168917656, 1.09859776497, 0.952866256237, 1.00131595135, 1.29806232452, 1.29685080051, 0.748403787613, 0.927169680595, 1.23252809048, 0.408570945263, 0.195599421859, 0.117502197623, 0.0233602039516, 0.0021290644072, 7.71412669565e-05, 4.6965029469e-05],
        "min": [9.29477974284e-22, 1.60000267553e-21, 4.71157351318e-21, 3.24490837401e-20, 1.829658116e-19, 8.98527331455e-20, 1.96259986986e-19, 6.37651200341e-19, 1.21908658587e-18, 5.55825718665e-19, 1.10370491998e-18, 7.57491628222e-19, 1.94527258153e-18, 2.5981029597e-18, 4.91356947103e-18, 4.44047179149e-18, 3.05707446233e-18, 2.23762592056e-18, 3.28957425301e-18, 9.77742125135e-18, 9.02671596796e-18, 9.8510899567e-18, 9.13508903592e-18, 7.45258464483e-18, 1.06860386224e-17, 1.37684378396e-17, 1.26772137309e-17, 1.86732185166e-17, 1.8993357266e-17, 3.71414021204e-17, 2.87227218053e-17, 1.71464383204e-17, 1.43564871545e-17, 9.02193403684e-18, 8.12870387956e-18, 6.98550304988e-18, 3.8714418404e-18, 1.19499484713e-18, 2.7707544236e-19, 3.61177686973e-20],
        "stdev": [1.16287195683, 5.63235473633, 8.50864505768, 12.3383026123, 34.462928772, 20.3939476013, 14.7071886063, 17.9700393677, 28.649969101, 56.2882461548, 51.2502250671, 82.3113250732, 42.0203819275, 50.8331832886, 40.4583473206, 40.4772224426, 33.2768516541, 24.1072044373, 26.7485275269, 18.9419994354, 18.5669002533, 49.7114639282, 27.9288082123, 25.860704422, 16.9287185669, 10.8594617844, 11.5652093887, 9.46890354156, 10.2853775024, 16.4524974823, 13.8776435852, 9.39879417419, 7.36888647079, 5.25193881989, 4.60046958923, 1.41814398766, 0.543393075466, 0.0520915798843, 0.00140338833444, 7.41230760468e-05],
        "var": [1.35227108002, 31.7234210968, 72.3970336914, 152.233718872, 1187.69335938, 415.913085938, 216.30140686, 322.922332764, 820.820678711, 3168.36645508, 2626.58569336, 6775.15380859, 1765.71264648, 2584.01245117, 1636.87780762, 1638.40539551, 1107.34875488, 581.157287598, 715.483703613, 358.799316406, 344.729797363, 2471.22973633, 780.018310547, 668.776062012, 286.581512451, 117.927902222, 133.754074097, 89.6601409912, 105.788986206, 270.684661865, 192.589004517, 88.3373336792, 54.3004875183, 27.5828590393, 21.1643218994, 2.0111322403, 0.295276015997, 0.00271353265271, 1.96949895326e-06, 5.49423040397e-09]
    },
    "gfcc": {
        "mean": [0.124307252467, 98.0617904663, -97.4158248901, 21.493396759, -57.3588294983, 24.3325557709, -37.810546875, 14.5919828415, -23.0250930786, -1.27144563198, -15.4402933121, 2.48996210098, -13.6413593292],
        "cov": [[5778.61035156, -1337.88415527, 329.883575439, 296.896057129, -262.944976807, 444.3019104, -230.11706543, 448.108215332, -92.795753479, 137.594604492, -196.748214722, 262.544128418, -229.235748291], [-1337.88415527, 1448.6541748, 73.5626754761, 184.002334595, 396.410888672, -9.60858535767, 402.202972412, -75.0244216919, 199.847305298, -32.4825134277, 229.53968811, -98.4526596069, 245.313537598], [329.883575439, 73.5626754761, 904.257324219, 297.215423584, 265.161621094, 209.178085327, 102.015785217, 194.490219116, 116.561958313, 140.691604614, 74.2362518311, 164.537216187, -8.30067157745], [296.896057129, 184.002334595, 297.215423584, 709.760681152, 259.028869629, 13.6364707947, 171.877975464, -95.089515686, 152.949020386, 97.3650283813, 49.9223670959, 14.8953199387, 110.886802673], [-262.944976807, 396.410888672, 265.161621094, 259.028869629, 422.182891846, 100.978675842, 200.9871521, 81.8417053223, 145.935501099, 94.5310592651, 94.7434997559, 55.2533073425, 106.084487915], [444.3019104, -9.60858535767, 209.178085327, 13.6364707947, 100.978675842, 318.656036377, 147.23387146, 188.219116211, 91.0123443604, 74.2559051514, 67.543838501, 62.5587158203, 37.1947059631], [-230.11706543, 402.202972412, 102.015785217, 171.877975464, 200.9871521, 147.23387146, 356.023101807, 72.2049865723, 125.686637878, 48.7099113464, 101.962158203, 14.2140951157, 134.606063843], [448.108215332, -75.0244216919, 194.490219116, -95.089515686, 81.8417053223, 188.219116211, 72.2049865723, 321.105010986, 61.3249092102, 56.1365661621, 63.0273628235, 98.5894393921, -1.83370995522], [-92.795753479, 199.847305298, 116.561958313, 152.949020386, 145.935501099, 91.0123443604, 125.686637878, 61.3249092102, 202.058944702, 67.5430221558, 88.7147674561, 14.4015684128, 65.2256698608], [137.594604492, -32.4825134277, 140.691604614, 97.3650283813, 94.5310592651, 74.2559051514, 48.7099113464, 56.1365661621, 67.5430221558, 127.24974823, 33.7156410217, 40.5150032043, 30.2571811676], [-196.748214722, 229.53968811, 74.2362518311, 49.9223670959, 94.7434997559, 67.543838501, 101.962158203, 63.0273628235, 88.7147674561, 33.7156410217, 143.50692749, 16.4869422913, 55.4064750671], [262.544128418, -98.4526596069, 164.537216187, 14.8953199387, 55.2533073425, 62.5587158203, 14.2140951157, 98.5894393921, 14.4015684128, 40.5150032043, 16.4869422913, 134.745407104, -10.3799142838], [-229.235748291, 245.313537598, -8.30067157745, 110.886802673, 106.084487915, 37.1947059631, 134.606063843, -1.83370995522, 65.2256698608, 30.2571811676, 55.4064750671, -10.3799142838, 146.250488281]],
        "icov": [[0.000412460532971, -0.000141765238368, 0.000322042498738, -0.000837601313833, 0.000556042359676, -0.000802534166723, 0.00047402700875, -0.000820050598122, 0.000378344353521, -0.000292864744551, 0.000650614325423, -0.000506675278302, 0.000501247239299], [-0.000141765238368, 0.00268209981732, -0.000932546681724, 0.00146322720684, -0.00207057944499, 0.00158503465354, -0.00195855577476, 0.00151677092072, -0.000929747417103, 0.00247300625779, -0.00265635224059, 0.00195620395243, -0.00191471923608], [0.000322042498738, -0.000932546681724, 0.00271794386208, -0.00193806411698, 0.000299830950098, -0.00181435304694, 0.00120503408834, -0.00153135729488, 0.000842078647111, -0.00156227708794, 0.000910806120373, -0.00225907284766, 0.00225060340017], [-0.000837601313833, 0.00146322720684, -0.00193806411698, 0.0050870529376, -0.00261359242722, 0.00270188134164, -0.00238529569469, 0.00391456624493, -0.00241742958315, 0.000899624661542, -0.00173135858495, 0.00170862767845, -0.00261189066805], [0.000556042359676, -0.00207057944499, 0.000299830950098, -0.00261359242722, 0.00685866223648, -0.00130939146038, 0.000652381102555, -0.00253064720891, 7.34303102945e-05, -0.00292717432603, 0.00225078361109, -0.00245095882565, 0.000615295371972], [-0.000802534166723, 0.00158503465354, -0.00181435304694, 0.00270188134164, -0.00130939146038, 0.00856787525117, -0.00390500109643, -0.000299282051856, -0.001955317799, 0.000224303308642, -0.00226028868929, 0.00210223067552, -0.00187584361993], [0.00047402700875, -0.00195855577476, 0.00120503408834, -0.00238529569469, 0.000652381102555, -0.00390500109643, 0.00804097112268, -0.0020002136007, 0.000465338729555, -0.000608027621638, 0.00123573117889, -0.00154771842062, -0.00166055094451], [-0.000820050598122, 0.00151677092072, -0.00153135729488, 0.00391456624493, -0.00253064720891, -0.000299282051856, -0.0020002136007, 0.00907508656383, -0.00202277302742, 0.00134848279413, -0.00336822448298, -0.000977733288892, -0.00118816841859], [0.000378344353521, -0.000929747417103, 0.000842078647111, -0.00241742958315, 7.34303102945e-05, -0.001955317799, 0.000465338729555, -0.00202277302742, 0.0101757617667, -0.00308838998899, -0.00212674448267, 0.000305632827803, 0.000951685768086], [-0.000292864744551, 0.00247300625779, -0.00156227708794, 0.000899624661542, -0.00292717432603, 0.000224303308642, -0.000608027621638, 0.00134848279413, -0.00308838998899, 0.0145040620118, -0.00241542281583, 0.000360745762009, -0.00341779878363], [0.000650614325423, -0.00265635224059, 0.000910806120373, -0.00173135858495, 0.00225078361109, -0.00226028868929, 0.00123573117889, -0.00336822448298, -0.00212674448267, -0.00241542281583, 0.0144236655906, -0.00244831107557, 0.000412560184486], [-0.000506675278302, 0.00195620395243, -0.00225907284766, 0.00170862767845, -0.00245095882565, 0.00210223067552, -0.00154771842062, -0.000977733288892, 0.000305632827803, 0.000360745762009, -0.00244831107557, 0.0133830280975, -0.00117725739256], [0.000501247239299, -0.00191471923608, 0.00225060340017, -0.00261189066805, 0.000615295371972, -0.00187584361993, -0.00166055094451, -0.00118816841859, 0.000951685768086, -0.00341779878363, 0.000412560184486, -0.00117725739256, 0.0145299751312]]
    },
    "melbands": {
        "dmean": [0.002622629283, 0.00186747976113, 0.0011268107919, 0.000794229854364, 0.000257108185906, 0.000183314739843, 0.00028297433164, 0.000288474635454, 0.000143197437865, 0.000215881169424, 8.57983905007e-05, 9.140012844e-05, 6.42087688902e-05, 6.13594893366e-05, 2.73074456345e-05, 4.16042857978e-05, 2.02474147954e-05, 1.99571804842e-05, 1.90735336218e-05, 8.17900854599e-06, 1.27373141368e-05, 2.3464412152e-05, 1.59232477017e-05, 1.23105046441e-05, 9.59395310929e-06, 7.68079644331e-06, 4.7993780754e-06, 3.33424395649e-06, 3.89764318243e-06, 2.97622750622e-06, 2.59968305727e-06, 2.72891543318e-06, 4.00943008572e-06, 4.90528736918e-06, 3.94390872316e-06, 2.44626176027e-06, 2.75404977401e-06, 2.47225261774e-06, 2.4466821742e-06, 1.68962617408e-06],
        "dmean2": [0.00403151055798, 0.00313142314553, 0.00179494929034, 0.00120950792916, 0.000429095263826, 0.000331217917847, 0.000474117696285, 0.000487944722408, 0.000228900607908, 0.000317222031299, 0.000125927836052, 0.000136687827762, 0.000100164106698, 9.10845192266e-05, 4.20554752054e-05, 6.29470960121e-05, 3.23862877849e-05, 3.2070754969e-05, 3.17538542731e-05, 1.36761555041e-05, 2.24590239668e-05, 4.35254623881e-05, 2.88846895273e-05, 2.21325881284e-05, 1.7247049982e-05, 1.39942158057e-05, 8.70987423696e-06, 6.08226855547e-06, 7.14912630428e-06, 5.22809614267e-06, 4.42573627879e-06, 4.64221466245e-06, 7.21353490007e-06, 8.6676900537e-06, 6.97532050253e-06, 4.24948120781e-06, 4.6568752623e-06, 4.16658531321e-06, 4.28753082815e-06, 3.0396558941e-06],
        "dvar": [2.86383656203e-05, 1.74408687599e-05, 7.17813691153e-06, 2.2300589535e-06, 2.99522156411e-07, 1.61099720231e-07, 2.29293092957e-07, 3.87732228546e-07, 1.50607888827e-07, 1.72326593884e-07, 2.07451709144e-08, 2.42339872614e-08, 1.23935759433e-08, 1.23769146043e-08, 2.41701059167e-09, 7.15061121426e-09, 1.32418498389e-09, 1.33480426712e-09, 1.27313326548e-09, 2.41182018801e-10, 7.67370333943e-10, 4.86121765064e-09, 1.66918978639e-09, 1.19679044452e-09, 7.04881319979e-10, 3.38507277764e-10, 1.30818550437e-10, 6.02040639563e-11, 9.24427340232e-11, 4.9302003452e-11, 3.80265853528e-11, 3.19253616599e-11, 8.86595241667e-11, 1.41008191235e-10, 1.12632243809e-10, 3.57575774546e-11, 4.90641416384e-11, 3.22239075701e-11, 4.16763221156e-11, 2.93150469177e-11],
        "dvar2": [5.61766973988e-05, 4.72647661809e-05, 1.81035120477e-05, 5.12841961609e-06, 8.47087676448e-07, 4.84816666813e-07, 5.9628979443e-07, 1.05442882159e-06, 3.81102921665e-07, 3.42126469377e-07, 4.15810674781e-08, 5.8684300086e-08, 3.07533731814e-08, 2.76296123758e-08, 5.45965139764e-09, 1.52617616322e-08, 2.9887383679e-09, 3.11136383324e-09, 2.98716318348e-09, 6.20693552111e-10, 2.100673413e-09, 1.41817206867e-08, 4.81233941585e-09, 3.47781292653e-09, 2.02988825748e-09, 9.5287810975e-10, 3.69345692919e-10, 1.71870781496e-10, 2.61519222944e-10, 1.37262451405e-10, 1.03723522826e-10, 8.81097902972e-11, 2.49386955531e-10, 3.91962629021e-10, 3.18307408209e-10, 1.01214793491e-10, 1.33060368279e-10, 8.78170730578e-11, 1.17879234152e-10, 8.32950861063e-11],
        "max": [0.0410194061697, 0.0325194150209, 0.0327820926905, 0.0166791006923, 0.00648349290714, 0.00496373185888, 0.00376586290076, 0.00653962418437, 0.00516996020451, 0.00462447619066, 0.00193226372357, 0.00160740502179, 0.000975664355792, 0.00157449138351, 0.000635044416413, 0.000939114950597, 0.000570276810322, 0.000379209901439, 0.000401483470341, 0.000144433608511, 0.000211309510632, 0.000548758194782, 0.000311050884193, 0.000253917271039, 0.000193371641217, 0.000111657733214, 7.24083874957e-05, 4.51332634839e-05, 6.61978847347e-05, 4.41708652943e-05, 4.76302811876e-05, 7.15388159733e-05, 6.86868588673e-05, 8.27870535431e-05, 7.82946444815e-05, 4.72088177048e-05, 5.77703613089e-05, 5.3498755733e-05, 5.31020996277e-05, 3.78301556339e-05],
        "mean": [0.00630479399115, 0.00363929127343, 0.00155679532327, 0.00116353656631, 0.000400689663365, 0.000231057521887, 0.000349216017639, 0.000327467772877, 0.000222216302063, 0.000312233169097, 0.000144094097777, 0.000144020435982, 9.81252742349e-05, 9.01290113688e-05, 4.07191873819e-05, 5.2601313655e-05, 2.75249021797e-05, 2.93786251859e-05, 2.42287660512e-05, 9.44315888773e-06, 1.2175593838e-05, 1.83783577086e-05, 1.44744271893e-05, 1.12504594654e-05, 8.5087322077e-06, 6.13193242316e-06, 3.89651950172e-06, 2.75426600638e-06, 3.10650648316e-06, 2.55983786701e-06, 2.41370730691e-06, 2.71727253676e-06, 3.29405588673e-06, 3.89152182834e-06, 3.00187298308e-06, 2.13772295865e-06, 2.54975952885e-06, 2.45729506787e-06, 2.13337557398e-06, 1.30375588014e-06],
        "median": [0.00339754275046, 0.00185279373545, 0.00051123497542, 0.00051779684145, 0.00021831363847, 8.2164122432e-05, 0.000129746083985, 0.000105289822386, 5.20026260347e-05, 8.481524128e-05, 5.96287791268e-05, 6.72112437314e-05, 4.11730870837e-05, 2.99884177366e-05, 1.88169469766e-05, 1.5951183741e-05, 9.71825738816e-06, 8.30035241961e-06, 6.87073998051e-06, 3.45710463989e-06, 4.27346549259e-06, 5.03974752064e-06, 4.70714030598e-06, 3.95602819481e-06, 2.53632356362e-06, 1.6470621631e-06, 8.84927317202e-07, 5.62602849641e-07, 5.61237413876e-07, 5.62837158213e-07, 5.29482349521e-07, 7.14604141194e-07, 7.10921142399e-07, 6.41872816232e-07, 4.14813996485e-07, 3.65680364212e-07, 5.77780895128e-07, 8.94571314802e-07, 5.78630761083e-07, 2.36289452005e-07],
        "min": [7.35693100159e-24, 2.24023047004e-24, 1.1020630604e-23, 9.63979033166e-24, 6.01200086098e-24, 1.5717591264e-23, 1.69897967122e-23, 6.77772329256e-24, 8.64428021257e-24, 4.26450947842e-24, 1.03441066471e-23, 1.03341780437e-23, 1.5389983641e-23, 1.32739431488e-23, 9.43001880632e-24, 5.98567617815e-24, 3.93387539051e-24, 4.58005936254e-24, 1.05856140466e-23, 1.36289873542e-23, 9.74232095009e-24, 9.3471718452e-24, 9.67847764817e-24, 8.54406411203e-24, 5.06820806841e-24, 8.57551915176e-24, 6.89611001519e-24, 1.01632531848e-23, 8.3404993443e-24, 7.93363328838e-24, 1.29065106718e-23, 1.24361752341e-23, 1.00412227137e-23, 2.44935094847e-23, 1.5732898321e-23, 1.36794902293e-23, 8.74697964723e-24, 9.62281798928e-24, 9.98302292266e-24, 6.57301546538e-24],
        "stdev": [0.00880208611488, 0.00455310055986, 0.00290438183583, 0.00179438921623, 0.000543839123566, 0.00038896757178, 0.000509569596034, 0.000567398266867, 0.000450982712209, 0.000542555237189, 0.000218811939703, 0.000204303345527, 0.00014201173326, 0.000137666822411, 5.97989455855e-05, 9.99834956019e-05, 4.66332494398e-05, 5.36547304364e-05, 4.42346245109e-05, 1.66801928572e-05, 2.38082793658e-05, 5.21879082953e-05, 3.20650215144e-05, 2.64558075287e-05, 2.07609427889e-05, 1.47031223605e-05, 9.34327090363e-06, 6.41468068352e-06, 7.73509964347e-06, 5.8754053498e-06, 5.4461261243e-06, 5.51719540454e-06, 7.72589555709e-06, 9.80704589892e-06, 8.46213606565e-06, 5.0033977459e-06, 6.06806088399e-06, 4.95585572935e-06, 5.25761333847e-06, 4.25592452302e-06],
        "var": [7.74767177063e-05, 2.07307239179e-05, 8.4354342107e-06, 3.21983247886e-06, 2.95760997915e-07, 1.5129577946e-07, 2.59661192104e-07, 3.21940774484e-07, 2.03385397413e-07, 2.94366174103e-07, 4.78786645886e-08, 4.17398595687e-08, 2.01673326927e-08, 1.89521554006e-08, 3.57591400935e-09, 9.99669946822e-09, 2.17466000763e-09, 2.87883028527e-09, 1.95670191161e-09, 2.78228828865e-10, 5.66834135185e-10, 2.72357758568e-09, 1.0281655527e-09, 6.99909741275e-10, 4.31016777824e-10, 2.16181808566e-10, 8.72967115262e-11, 4.11481300422e-11, 5.98317714817e-11, 3.45203865493e-11, 2.96602915839e-11, 3.04394461026e-11, 5.96894617066e-11, 9.61781418396e-11, 7.16077475094e-11, 2.50339887709e-11, 3.68213654012e-11, 2.45605081411e-11, 2.76424976658e-11, 1.81128931298e-11]
    },
    "melbands128": {
