{
"lowlevel": {
    "average_loudness": 0.957162320614,
    "barkbands_crest": {
        "dmean": 2.4803776741,
        "dmean2": 4.02654457092,
        "dvar": 5.48729419708,
        "dvar2": 13.5868463516,
        "max": 25.2984924316,
        "mean": 9.54034328461,
        "median": 8.72937583923,
        "min": 3.20880484581,
        "stdev": 3.81594395638,
        "var": 14.5614290237
    },
    "barkbands_flatness_db": {
        "dmean": 0.021051781252,
        "dmean2": 0.0309890117496,
        "dvar": 0.000406300503528,
        "dvar2": 0.000788292265497,
        "max": 0.321484208107,
        "mean": 0.134981811047,
        "median": 0.130610316992,
        "min": 0.030998269096,
        "stdev": 0.0452725850046,
        "var": 0.00204960699193
    },
    "barkbands_kurtosis": {
        "dmean": 2.25963759422,
        "dmean2": 3.41233563423,
        "dvar": 38.4449691772,
        "dvar2": 78.3712081909,
        "max": 125.121688843,
        "mean": 3.38476490974,
        "median": 1.51072502136,
        "min": -1.80581271648,
        "stdev": 8.94332408905,
        "var": 79.983039856
    },
    "barkbands_skewness": {
        "dmean": 0.432298451662,
        "dmean2": 0.632784426212,
        "dvar": 0.281357109547,
        "dvar2": 0.574362814426,
        "max": 9.9730682373,
        "mean": 1.34689748287,
        "median": 1.19641768932,
        "min": -1.75463664532,
        "stdev": 1.07613754272,
        "var": 1.15807199478
    },
    "barkbands_spread": {
        "dmean": 5.16798973083,
        "dmean2": 7.65432786942,
        "dvar": 39.1612663269,
        "dvar2": 74.7637176514,
        "max": 77.2372894287,
        "mean": 22.7672042847,
        "median": 20.0885925293,
        "min": 1.11615943909,
        "stdev": 12.7113904953,
        "var": 161.579437256
    },
    "dissonance": {
        "dmean": 0.0258011650294,
        "dmean2": 0.0423942506313,
        "dvar": 0.000651904440019,
        "dvar2": 0.00145406101365,
        "max": 0.499903142452,
        "mean": 0.44151288271,
        "median": 0.44995239377,
        "min": 0.041941344738,
        "stdev": 0.039724688977,
        "var": 0.00157805089839
    },
    "dynamic_complexity": 2.33947277069,
    "erbbands_crest": {
        "dmean": 2.4792611599,
        "dmean2": 3.96474456787,
        "dvar": 6.00074768066,
        "dvar2": 14.6546020508,
        "max": 26.7637405396,
        "mean": 9.72519111633,
        "median": 8.71272850037,
        "min": 2.81408834457,
        "stdev": 4.41487789154,
        "var": 19.491147995
    },
    "erbbands_flatness_db": {
        "dmean": 0.0178651437163,
        "dmean2": 0.0245487131178,
        "dvar": 0.00029584186268,
        "dvar2": 0.000510591315106,
        "max": 0.336950689554,
        "mean": 0.163901522756,
        "median": 0.162709802389,
        "min": 0.0616257116199,
        "stdev": 0.0485242344439,
        "var": 0.00235460139811
    },
    "erbbands_kurtosis": {
        "dmean": 0.924508392811,
        "dmean2": 1.39869201183,
        "dvar": 1.66837406158,
        "dvar2": 3.63279747963,
        "max": 26.3008594513,
        "mean": 0.847310900688,
        "median": 0.114978075027,
        "min": -1.70992469788,
        "stdev": 2.29291176796,
        "var": 5.25744390488
    },
    "erbbands_skewness": {
        "dmean": 0.323577523232,
        "dmean2": 0.478377729654,
        "dvar": 0.0978590771556,
        "dvar2": 0.224320083857,
        "max": 3.39778065681,
        "mean": 0.727171599865,
        "median": 0.726459980011,
        "min": -2.3238492012,
        "stdev": 0.667128384113,
        "var": 0.445060253143
    },
    "erbbands_spread": {
        "dmean": 7.49135446548,
        "dmean2": 11.0303153992,
        "dvar": 70.6824874878,
        "dvar2": 143.716384888,
        "max": 126.056510925,
        "mean": 37.5963859558,
        "median": 34.1330451965,
        "min": 3.2523663044,
        "stdev": 19.0534057617,
        "var": 363.032287598
    },
    "hfc": {
        "dmean": 8.40451526642,
        "dmean2": 11.3430728912,
        "dvar": 118.635765076,
        "dvar2": 218.033615112,
        "max": 158.488769531,
        "mean": 29.6310482025,
        "median": 26.5556221008,
        "min": 6.08309892414e-06,
        "stdev": 20.6729202271,
        "var": 427.369598389
    },
    "loudness_ebu128": {
        "integrated": -9.65502166748,
        "loudness_range": 2.11691761017,
        "momentary": {
            "dmean": 0.544404566288,
            "dmean2": 0.579515218735,
            "dvar": 0.184309467673,
            "dvar2": 0.237953752279,
            "max": -6.63926267624,
            "mean": -9.89782428741,
            "median": -9.75922203064,
            "min": -16.1566810608,
            "stdev": 1.50911056995,
            "var": 2.27741479874
        },
        "short_term": {
            "dmean": 0.0834381505847,
            "dmean2": 0.105547398329,
            "dvar": 0.00422182260081,
            "dvar2": 0.00712735578418,
            "max": -8.25936889648,
            "mean": -9.77421283722,
            "median": -9.86838340759,
            "min": -11.2173604965,
            "stdev": 0.680034220219,
            "var": 0.462446570396
        }
    },
    "melbands_crest": {
        "dmean": 3.09218168259,
        "dmean2": 4.91593599319,
        "dvar": 7.96439838409,
        "dvar2": 19.1985416412,
        "max": 27.2885780334,
        "mean": 12.5386581421,
        "median": 11.7460250854,
        "min": 3.95923185349,
        "stdev": 4.61917877197,
        "var": 21.336812973
    },
    "melbands_flatness_db": {
        "dmean": 0.0221530962735,
        "dmean2": 0.0322980247438,
        "dvar": 0.00050047627883,
        "dvar2": 0.000927225104533,
        "max": 0.389122903347,
        "mean": 0.17166928947,
        "median": 0.167058497667,
        "min": 0.0486946851015,
        "stdev": 0.0503052733839,
        "var": 0.00253062043339
    },
    "melbands_kurtosis": {
        "dmean": 4.97296285629,
        "dmean2": 7.65577793121,
        "dvar": 204.033935547,
        "dvar2": 426.747833252,
        "max": 284.223022461,
        "mean": 9.92673778534,
        "median": 5.57471847534,
        "min": -1.69099771976,
        "stdev": 20.2541484833,
        "var": 410.230560303
    },
    "melbands_skewness": {
        "dmean": 0.555242419243,
        "dmean2": 0.824746668339,
        "dvar": 0.439286708832,
        "dvar2": 0.903327286243,
        "max": 13.718129158,
        "mean": 2.07980704308,
        "median": 1.9149491787,
        "min": -0.297385901213,
        "stdev": 1.41033494473,
        "var": 1.9890447855
    },
    "melbands_spread": {
        "dmean": 6.44380998611,
        "dmean2": 9.41759109497,
        "dvar": 95.2510757446,
        "dvar2": 200.862792969,
        "max": 192.035675049,
        "mean": 25.3350887299,
        "median": 22.1127719879,
        "min": 1.1738319397,
        "stdev": 16.2423610687,
        "var": 263.814300537
    },
    "pitch_salience": {
        "dmean": 0.0652132704854,
        "dmean2": 0.102763868868,
        "dvar": 0.00384856224991,
        "dvar2": 0.0096373539418,
        "max": 0.855276286602,
        "mean": 0.554920434952,
        "median": 0.562836766243,
        "min": 0.118401609361,
        "stdev": 0.101347140968,
        "var": 0.0102712428197
    },
    "silence_rate_20dB": {
        "dmean": 0,
        "dmean2": 0,
        "dvar": 0,
        "dvar2": 0,
        "max": 1,
        "mean": 1,
        "median": 1,
        "min": 1,
        "stdev": 0,
        "var": 0
    },
    "silence_rate_30dB": {
        "dmean": 0.00464396271855,
        "dmean2": 0.00929511990398,
        "dvar": 0.00462235370651,
        "dvar2": 0.0123072452843,
        "max": 1,
        "mean": 0.996906399727,
        "median": 1,
        "min": 0,
        "stdev": 0.0555337443948,
        "var": 0.00308399670757
    },
    "silence_rate_60dB": {
        "dmean": 0.0147058824077,
        "dmean2": 0.0286599528044,
        "dvar": 0.0144896078855,
        "dvar2": 0.0355841591954,
        "max": 1,
        "mean": 0.0139211136848,
        "median": 0,
        "min": 0,
        "stdev": 0.117164000869,
        "var": 0.0137274032459
    },
    "spectral_centroid": {
        "dmean": 236.661758423,
        "dmean2": 344.695159912,
        "dvar": 65050.4765625,
        "dvar2": 130037.828125,
        "max": 3982.56640625,
        "mean": 1400.49645996,
        "median": 1370.62939453,
        "min": 305.173400879,
        "stdev": 523.143493652,
        "var": 273679.125
    },
    "spectral_complexity": {
        "dmean": 3.5,
        "dmean2": 4.89697885513,
        "dvar": 14.2701234818,
        "dvar2": 24.5090332031,
        "max": 44,
        "mean": 18.745552063,
        "median": 18,
        "min": 0,
        "stdev": 7.63247537613,
        "var": 58.2546768188
    },
    "spectral_decrease": {
        "dmean": 2.09274775287e-09,
        "dmean2": 2.93459478939e-09,
        "dvar": 7.94830654131e-18,
        "dvar2": 1.66412460331e-17,
        "max": -5.7744671234e-16,
        "mean": -6.71913369388e-09,
        "median": -6.41898001419e-09,
        "min": -3.86580225609e-08,
        "stdev": 4.31822932967e-09,
        "var": 1.86471027703e-17
    },
    "spectral_energy": {
        "dmean": 0.00850030314177,
        "dmean2": 0.0118613597006,
        "dvar": 0.000128858911921,
        "dvar2": 0.000264996517217,
        "max": 0.155168890953,
        "mean": 0.0280471965671,
        "median": 0.0266733895987,
        "min": 2.73117084504e-09,
        "stdev": 0.0177378542721,
        "var": 0.00031463149935
    },
    "spectral_energyband_high": {
        "dmean": 0.000582331093028,
        "dmean2": 0.000843499903567,
        "dvar": 8.24235769414e-07,
        "dvar2": 1.57630722697e-06,
        "max": 0.0116078117862,
        "mean": 0.00149664178025,
        "median": 0.000988414976746,
        "min": 5.98656846318e-10,
        "stdev": 0.00160353095271,
        "var": 2.57131159742e-06
    },
    "spectral_energyband_low": {
        "dmean": 0.00277583883144,
        "dmean2": 0.00390750495717,
        "dvar": 5.48629905097e-05,
        "dvar2": 0.000127047998831,
        "max": 0.104621648788,
        "mean": 0.00465392088518,
        "median": 0.00162895023823,
        "min": 9.21027420997e-10,
        "stdev": 0.00873115565628,
        "var": 7.62330819271e-05
    },
    "spectral_energyband_middle_high": {
        "dmean": 0.00246485718526,
        "dmean2": 0.00318486266769,
        "dvar": 1.10828250399e-05,
        "dvar2": 1.71373794728e-05,
        "max": 0.0517074652016,
        "mean": 0.00818330049515,
        "median": 0.00541767338291,
        "min": 5.50884560191e-10,
        "stdev": 0.00826282147318,
        "var": 6.82742174831e-05
    },
    "spectral_energyband_middle_low": {
        "dmean": 0.00522287283093,
        "dmean2": 0.0078335441649,
        "dvar": 3.80035126e-05,
        "dvar2": 9.27355140448e-05,
        "max": 0.0722955018282,
        "mean": 0.0143007868901,
        "median": 0.0124609395862,
        "min": 5.77132674984e-10,
        "stdev": 0.0100771896541,
        "var": 0.000101549754618
    },
    "spectral_entropy": {
        "dmean": 0.202784329653,
        "dmean2": 0.282388240099,
        "dvar": 0.0375019274652,
        "dvar2": 0.0669777393341,
        "max": 9.10596942902,
        "mean": 7.51492118835,
        "median": 7.53595542908,
        "min": 5.85261964798,
        "stdev": 0.442388266325,
        "var": 0.195707380772
    },
    "spectral_flux": {
        "dmean": 0.0274407882243,
        "dmean2": 0.0423489771783,
        "dvar": 0.000706633436494,
        "dvar2": 0.00157045444939,
        "max": 0.298410952091,
        "mean": 0.090068615973,
        "median": 0.0863571316004,
        "min": 5.22606060258e-05,
        "stdev": 0.0415462180972,
        "var": 0.00172608834691
    },
    "spectral_kurtosis": {
        "dmean": 1.07581555843,
        "dmean2": 1.74861443043,
        "dvar": 1.77478969097,
        "dvar2": 4.20562362671,
        "max": 24.2438182831,
        "mean": 3.38728284836,
        "median": 3.08064508438,
        "min": -0.985735654831,
        "stdev": 2.06109690666,
        "var": 4.24812078476
    },
    "spectral_rms": {
        "dmean": 0.000795910891611,
        "dmean2": 0.00108172092587,
        "dvar": 7.94371203483e-07,
        "dvar2": 1.4693086996e-06,
        "max": 0.0123038319871,
        "mean": 0.00496870558709,
        "median": 0.00510125653818,
        "min": 1.63234710726e-06,
        "stdev": 0.00163557031192,
        "var": 2.67509017249e-06
    },
    "spectral_rolloff": {
        "dmean": 489.231567383,
        "dmean2": 797.38092041,
        "dvar": 913389.6875,
        "dvar2": 1897432.75,
        "max": 9991.40625,
        "mean": 1759.29443359,
        "median": 1399.65820312,
        "min": 86.1328125,
        "stdev": 1472.72924805,
        "var": 2168931.5
    },
    "spectral_skewness": {
        "dmean": 0.184040173888,
        "dmean2": 0.284983187914,
        "dvar": 0.0386361666024,
        "dvar2": 0.0820595249534,
        "max": 3.99506211281,
        "mean": 1.48101437092,
        "median": 1.4582221508,
        "min": 0.218252331018,
        "stdev": 0.376534253359,
        "var": 0.141778051853
    },
    "spectral_spread": {
        "dmean": 590991.8125,
        "dmean2": 847382.625,
        "dvar": 649626517504,
        "dvar2": 954189807616,
        "max": 21183144,
        "mean": 5493369,
        "median": 5234199,
        "min": 2565598,
        "stdev": 1572649.125,
        "var": 2.47322509312e+12
    },
    "spectral_strongpeak": {
        "dmean": 0.712941527367,
        "dmean2": 1.12151503563,
        "dvar": 0.941541552544,
        "dvar2": 1.97661304474,
        "max": 13.0154256821,
        "mean": 1.64896845818,
        "median": 0.999722421169,
        "min": 0,
        "stdev": 1.67150866985,
        "var": 2.79394125938
    },
    "zerocrossingrate": {
        "dmean": 0.0104640331119,
        "dmean2": 0.0117308534682,
        "dvar": 0.000198600042495,
        "dvar2": 0.000208793979255,
        "max": 0.29443359375,
        "mean": 0.0691305026412,
        "median": 0.0615234375,
        "min": 0.00732421875,
        "stdev": 0.034410148859,
        "var": 0.00118405825924
    },
    "barkbands": {
        "dmean": [5.29476801603e-06, 0.00179607619066, 0.000953406561166, 0.00031829328509, 0.00206100172363, 0.00101702648681, 0.00154892657883, 0.00133300595917, 0.00130747642834, 0.000910681847017, 0.000734464556444, 0.000617596728262, 0.000657270720694, 0.000482375355205, 0.000312423915602, 0.000324030930642, 0.000210027443245, 8.83041866473e-05, 0.000164357552421, 0.00019123594393, 0.000160962401424, 0.000161203788593, 0.000104718819784, 0.00010641910194, 9.11929237191e-05, 5.43359128642e-05, 2.82337691715e-06],
        "dmean2": [9.29524139792e-06, 0.00262487470172, 0.00139287416823, 0.000496272230521, 0.0033392009791, 0.0015784377465, 0.00239053484984, 0.00204263674095, 0.00203124200925, 0.0013370095985, 0.00103252672125, 0.000955107680056, 0.000936417316552, 0.000751735176891, 0.000464854645543, 0.000450868916232, 0.000305250985548, 0.000130533240736, 0.000243980583036, 0.000285172805889, 0.000245488859946, 0.000241579327849, 0.000156102556502, 0.00015813545906, 0.000135502996272, 8.24754606583e-05, 4.78812808069e-06],
        "dvar": [2.93564700327e-10, 3.66543063137e-05, 5.07425920659e-06, 4.40437560201e-07, 1.85942753888e-05, 2.0142865651e-06, 6.30198383078e-06, 6.5527337938e-06, 7.10447329766e-06, 3.81725385523e-06, 2.62631056103e-06, 2.57416695604e-06, 2.26015959015e-06, 1.94869312509e-06, 4.31847325899e-07, 6.62504135107e-07, 1.26449094751e-07, 2.06329957564e-08, 9.02199843722e-08, 1.87548096164e-07, 4.41957475061e-08, 5.25909271687e-08, 3.68420778329e-08, 3.98883948094e-08, 2.86410717365e-08, 3.35777841087e-08, 1.38905997815e-10],
        "dvar2": [8.38016156468e-10, 8.7617590907e-05, 1.09287566374e-05, 1.10978737666e-06, 5.26352050656e-05, 4.78307538287e-06, 1.47117798406e-05, 1.37759243444e-05, 1.70130242623e-05, 7.79367201176e-06, 4.04260026698e-06, 5.79963034397e-06, 3.89129399991e-06, 4.76450622955e-06, 9.32206660309e-07, 1.06432389657e-06, 2.47457421665e-07, 4.03275137728e-08, 1.8515498823e-07, 3.76089445808e-07, 9.6127315885e-08, 1.17032151081e-07, 7.30257241344e-08, 8.00707837811e-08, 5.742333542e-08, 7.9260260577e-08, 3.76264547297e-10],
        "max": [0.000238264285144, 0.0823377594352, 0.025806479156, 0.00657253852114, 0.0599810890853, 0.0178965013474, 0.0320459231734, 0.0362119227648, 0.034439407289, 0.0269159823656, 0.0300342980772, 0.0243753194809, 0.0285086221993, 0.0214496236295, 0.00859085842967, 0.0240672715008, 0.00704432791099, 0.00306625105441, 0.00386879895814, 0.011498676613, 0.00291000772268, 0.00257750647143, 0.00256333500147, 0.00270770560019, 0.00210669194348, 0.00413104146719, 0.000274087185971],
        "mean": [4.97237078889e-06, 0.00272857747041, 0.00162940914743, 0.000513806706294, 0.00370635371655, 0.00182528013829, 0.00259627378546, 0.00268099899404, 0.00236974819563, 0.00169532385189, 0.00144860113505, 0.000876602891367, 0.00147547852248, 0.000631735485513, 0.000524070172105, 0.000672380847391, 0.00044477096526, 0.000165309713339, 0.000318510778015, 0.000376498064725, 0.000374616356567, 0.000324208551319, 0.000203080649953, 0.000188748381333, 0.000172144471435, 9.63763595792e-05, 3.33066373059e-06],
        "median": [9.39709195791e-07, 0.000459140108433, 0.000465817080112, 0.000143532946822, 0.00171595194843, 0.00111940538045, 0.00119849620387, 0.00111819407903, 0.0010657873936, 0.000678312848322, 0.000326280482113, 0.000214106534258, 0.000513539009262, 0.000193367086467, 0.000210239144508, 0.000162283831742, 0.000205383752473, 8.66978225531e-05, 0.000163817545399, 0.000199786722078, 0.000231250771321, 0.000215959647903, 5.61233973713e-05, 8.88158974703e-05, 7.71042978158e-05, 2.58054333244e-05, 1.60305674513e-07],
        "min": [3.40784622743e-10, 4.46720854752e-10, 2.20132689854e-10, 1.55188001338e-10, 1.99028793446e-10, 8.59579699086e-11, 4.81082257364e-11, 2.51596382617e-11, 4.27909652156e-11, 7.17573223064e-11, 5.10714144586e-11, 6.74554301305e-11, 9.10748976235e-11, 5.54191449675e-11, 1.80388013554e-11, 3.39367839386e-11, 4.45030921836e-11, 1.44243289188e-11, 1.03887322356e-10, 2.12315269532e-11, 2.19760980247e-11, 2.20145304763e-10, 1.40515571401e-10, 5.66635870169e-11, 9.7987000458e-11, 2.83678393276e-11, 1.77808592502e-12],
        "stdev": [1.59878891282e-05, 0.00699897576123, 0.00282580056228, 0.000842251232825, 0.00546856829897, 0.00208897329867, 0.00354220811278, 0.0042366287671, 0.00409582303837, 0.00321075320244, 0.00323959859088, 0.00199503824115, 0.00316295074299, 0.00153851974756, 0.000938295794185, 0.001637813868, 0.0006830036873, 0.000259972031927, 0.000447726633865, 0.000636199256405, 0.000391055888031, 0.000353465293301, 0.000341368431691, 0.000308258866426, 0.000252915517194, 0.000221292750211, 1.19732212625e-05],
        "var": [2.55612614408e-10, 4.89856611239e-05, 7.98514884082e-06, 7.09387109055e-07, 2.99052389892e-05, 4.36380969404e-06, 1.2547238839e-05, 1.79490216397e-05, 1.67757680174e-05, 1.03089359982e-05, 1.04949986053e-05, 3.98017755288e-06, 1.00042570921e-05, 2.36704295276e-06, 8.80398943082e-07, 2.6824343422e-06, 4.66494014972e-07, 6.75854607834e-08, 2.00459126631e-07, 4.04749471272e-07, 1.52924698682e-07, 1.24937713508e-07, 1.16532412164e-07, 9.50235303776e-08, 6.39662545154e-08, 4.89704810036e-08, 1.433580199e-10]
    },
    "erbbands": {
        "dmean": [0.022398326546, 0.498343408108, 1.22923278809, 0.962865769863, 2.55748200417, 9.45970058441, 9.14207744598, 9.23712348938, 19.3554420471, 21.6137390137, 29.9544620514, 31.8771190643, 25.0807933807, 30.9485378265, 24.9580879211, 23.3365764618, 28.9299507141, 23.6583423615, 15.7308425903, 14.9704208374, 15.2929525375, 9.33326339722, 4.94807672501, 4.69624423981, 10.9737691879, 8.410820961, 5.81074714661, 6.39554929733, 6.07232666016, 3.63237905502, 2.98255443573, 2.44469857216, 1.6616808176, 0.9691375494, 0.736643195152, 0.331326901913, 0.0817691683769, 0.010470462963, 0.000300225947285, 1.77058554982e-05],
        "dmean2": [0.031751267612, 0.731267213821, 1.82345914841, 1.39256966114, 4.02516222, 15.3844051361, 14.7186088562, 14.5248413086, 29.7914142609, 33.1019935608, 45.5439414978, 48.7910842896, 37.8209915161, 43.866104126, 35.3532524109, 34.663143158, 40.4420433044, 35.615940094, 24.1102752686, 21.3975372314, 20.962682724, 13.7315807343, 7.23464441299, 7.02623558044, 16.2783622742, 12.5752487183, 8.94948768616, 9.5011882782, 9.22179222107, 5.45903015137, 4.50433158875, 3.68236994743, 2.45469903946, 1.45145273209, 1.09640789032, 0.511152505875, 0.122642561793, 0.0159454792738, 0.000472534360597, 2.49142158282e-05],
        "dvar": [0.0059719751589, 2.70997905731, 9.42080688477, 3.63993215561, 29.3655738831, 414.524291992, 295.980957031, 194.553573608, 928.108764648, 1148.87390137, 4386.17822266, 4111.26757812, 3731.75048828, 5010.64257812, 2841.23706055, 4048.34643555, 4108.20849609, 4107.43945312, 1169.48815918, 1178.86499023, 2176.16381836, 236.752853394, 59.2715492249, 59.8661346436, 472.994384766, 382.801422119, 80.5465698242, 68.6113433838, 79.276512146, 37.3158836365, 33.4174995422, 25.974521637, 8.49596214294, 3.20863604546, 2.05164790154, 1.17599368095, 0.0580225363374, 0.00119913730305, 1.75639468125e-06, 1.62229008005e-09],
        "dvar2": [0.0138198714703, 6.50490188599, 21.2731227875, 7.86283254623, 81.1044235229, 1182.12744141, 770.171203613, 484.860870361, 2073.24121094, 2702.37304688, 9269.26953125, 9845.97167969, 7100.91162109, 9404.3125, 4551.49267578, 8463.51660156, 5971.50683594, 9535.61816406, 2383.11621094, 2431.95727539, 3279.24487305, 505.617401123, 116.604789734, 135.081665039, 959.71661377, 847.628417969, 189.589035034, 130.649353027, 179.355255127, 78.4972381592, 64.713760376, 51.8849563599, 17.0430984497, 6.44687843323, 4.32025337219, 2.82062125206, 0.134568095207, 0.00290823774412, 4.78837046103e-06, 3.77153819286e-09],
        "max": [1.15204131603, 22.3542404175, 39.2392196655, 20.7804450989, 80.6127548218, 260.84854126, 213.153442383, 150.309036255, 390.910247803, 435.691497803, 984.551391602, 993.133056641, 1043.98815918, 1036.91101074, 962.151062012, 1257.62011719, 1520.65625, 841.182556152, 621.873413086, 593.643981934, 1621.44226074, 209.966827393, 143.195175171, 152.335647583, 378.659515381, 529.747070312, 131.060150146, 130.478149414, 110.409248352, 74.7805328369, 86.5422286987, 75.2334823608, 42.8623046875, 25.8259944916, 21.3781280518, 24.6047668457, 5.12334680557, 0.718247413635, 0.0306999962777, 0.000873094599228],
        "mean": [0.0342395827174, 0.759980618954, 2.0532643795, 1.8609675169, 4.5795507431, 15.4356374741, 15.552980423, 16.1676082611, 33.2547340393, 41.5170669556, 60.8021965027, 63.523891449, 49.883441925, 58.2996711731, 58.081489563, 43.3620491028, 67.377456665, 41.0046463013, 28.4662265778, 31.223241806, 34.205532074, 21.098772049, 10.2940988541, 10.3767499924, 21.9582576752, 17.270160675, 13.4543952942, 15.2762641907, 12.679684639, 7.1119685173, 5.70724964142, 4.45065307617, 2.84108352661, 1.78388702869, 1.31349444389, 0.559351027012, 0.151854649186, 0.0189298577607, 0.000484765303554, 5.22612172063e-05],
        "median": [0.00401164824143, 0.155250966549, 0.598021388054, 0.878842949867, 1.66197490692, 5.69180202484, 8.17792797089, 9.74698066711, 16.9518413544, 21.2843360901, 24.4138679504, 31.1831588745, 22.3495006561, 19.9473514557, 15.9870615005, 13.1455373764, 25.4180164337, 15.017367363, 13.0103712082, 10.6762609482, 10.3849210739, 10.2074670792, 6.33145999908, 6.53670597076, 11.2204427719, 9.56823921204, 7.88992595673, 9.52241611481, 8.38151550293, 2.8507707119, 1.59184598923, 1.77133512497, 1.34345543385, 0.755567133427, 0.557945132256, 0.168837532401, 0.0359413214028, 0.00292741972953, 9.26772190724e-05, 4.17791452492e-05],
        "min": [1.7369448102e-08, 8.60821174342e-08, 2.38110672512e-07, 4.29866531704e-07, 5.87345198255e-07, 6.64660547045e-07, 6.89166711254e-07, 7.00882708315e-07, 7.04464127921e-07, 6.55041390019e-07, 5.38300355402e-07, 9.11153222205e-07, 1.96910173145e-06, 2.2660558443e-06, 2.17501110455e-06, 2.93425978271e-06, 4.06413755627e-06, 3.50824007e-06, 1.51424512751e-06, 8.78855303199e-07, 2.34342905969e-06, 2.44912621383e-06, 9.63375782703e-07, 3.06561605612e-06, 4.62212892671e-06, 1.01212003756e-06, 1.05452022581e-06, 2.18997956836e-06, 8.82330277818e-06, 6.01991359872e-06, 3.1773279261e-06, 8.07578089734e-07, 1.30168564283e-06, 1.00369641132e-06, 6.8731213787e-07, 1.92664330712e-07, 3.57688278996e-08, 1.50521408671e-08, 3.2582936349e-09, 3.07285474843e-10],
        "stdev": [0.0938748940825, 1.88978922367, 3.62967348099, 2.72996139526, 7.65324068069, 25.1643829346, 21.529876709, 18.8404064178, 43.3130073547, 54.6017723083, 106.934356689, 105.462852478, 101.290260315, 114.759933472, 121.252807617, 90.004486084, 142.459533691, 87.5386123657, 49.0352134705, 58.511844635, 89.0896377563, 29.9448890686, 13.5959701538, 12.9357280731, 31.3511142731, 27.8790893555, 15.8311548233, 17.1031322479, 13.5257291794, 10.0101165771, 10.0594549179, 7.93563699722, 4.4245724678, 2.66305446625, 2.01834559441, 1.25395452976, 0.323660820723, 0.0458310693502, 0.00137611327227, 5.32534177182e-05],
        "var": [0.0088124955073, 3.57130336761, 13.1745290756, 7.45268917084, 58.5720939636, 633.246154785, 463.535614014, 354.9609375, 1876.01647949, 2981.35351562, 11434.9570312, 11122.4130859, 10259.7167969, 13169.8417969, 14702.2431641, 8100.80810547, 20294.7167969, 7663.00927734, 2404.45214844, 3423.63574219, 7936.96289062, 896.696350098, 184.850402832, 167.333053589, 982.89239502, 777.243591309, 250.625457764, 292.517150879, 182.945343018, 100.202438354, 101.192634583, 62.9743347168, 19.5768413544, 7.09185886383, 4.07371902466, 1.57240200043, 0.104756332934, 0.00210048700683, 1.89368779502e-06, 2.83592660466e-09]
    },
    "gfcc": {
        "mean": [22.5399284363, 65.5310745239, -127.330665588, 12.7259569168, -82.3394012451, 9.42843151093, -42.1280708313, 8.29799938202, -30.7877235413, 11.4650793076, -22.7519016266, 0.252624541521, -11.5861148834],
        "cov": [[4094.35961914, -594.848815918, 290.624786377, 359.646057129, 134.536972046, 237.087249756, -51.307964325, 137.904998779, 52.623550415, 144.284439087, -105.207443237, 131.054321289, -54.79296875], [-594.848815918, 1197.0838623, 309.754333496, 227.442489624, 285.598205566, 88.2932662964, 262.153320312, -8.10916900635, 31.5758876801, -7.16134357452, 50.3541069031, -98.4394454956, 34.7697906494], [290.624786377, 309.754333496, 1071.90344238, 492.236694336, 162.961410522, 197.659973145, -0.500841140747, 84.2190246582, 65.8317184448, -31.2734737396, 18.3252849579, 85.9968338013, -54.2221107483], [359.646057129, 227.442489624, 492.236694336, 514.135314941, 251.132553101, 124.006904602, 14.9002246857, 71.1921463013, 117.473876953, 2.57940983772, -24.625164032, 18.464099884, 17.1381034851], [134.536972046, 285.598205566, 162.961410522, 251.132553101, 395.695495605, 170.640563965, 138.205688477, 68.2907180786, 94.1277770996, 78.1472244263, -22.3344688416, -8.40716743469, 1.96604371071], [237.087249756, 88.2932662964, 197.659973145, 124.006904602, 170.640563965, 350.277648926, 181.560943604, 86.2668228149, 45.9187850952, 50.5780410767, 68.9118499756, 10.5120601654, -47.6676940918], [-51.307964325, 262.153320312, -0.500841140747, 14.9002246857, 138.205688477, 181.560943604, 324.38369751, 86.3998794556, 19.3365459442, 62.916015625, 70.9384536743, 14.8364334106, -19.8114128113], [137.904998779, -8.10916900635, 84.2190246582, 71.1921463013, 68.2907180786, 86.2668228149, 86.3998794556, 151.743621826, 108.615783691, 54.665512085, 25.7024517059, 29.2101173401, 6.62801361084], [52.623550415, 31.5758876801, 65.8317184448, 117.473876953, 94.1277770996, 45.9187850952, 19.3365459442, 108.615783691, 211.232299805, 78.3767623901, -7.65474796295, 14.4340867996, 26.7618236542], [144.284439087, -7.16134357452, -31.2734737396, 2.57940983772, 78.1472244263, 50.5780410767, 62.916015625, 54.665512085, 78.3767623901, 118.106750488, 23.1841602325, 15.0258712769, 9.27265834808], [-105.207443237, 50.3541069031, 18.3252849579, -24.625164032, -22.3344688416, 68.9118499756, 70.9384536743, 25.7024517059, -7.65474796295, 23.1841602325, 125.938819885, 41.0490608215, -16.0281715393], [131.054321289, -98.4394454956, 85.9968338013, 18.464099884, -8.40716743469, 10.5120601654, 14.8364334106, 29.2101173401, 14.4340867996, 15.0258712769, 41.0490608215, 121.387634277, 17.6183128357], [-54.79296875, 34.7697906494, -54.2221107483, 17.1381034851, 1.96604371071, -47.6676940918, -19.8114128113, 6.62801361084, 26.7618236542, 9.27265834808, -16.0281715393, 17.6183128357, 97.7753677368]],
        "icov": [[0.000403925369028, -7.49203245505e-05, 0.000296505284496, -0.000694795919117, 0.000492158753332, -0.000529398268554, 0.000412487919675, -0.00057022011606, 0.000795584463049, -0.00113583472557, 0.00105574063491, -0.000833565311041, 0.000606686342508], [-7.49203245505e-05, 0.00296403677203, -0.0019002512563, 0.00111828616355, -0.00241717114113, 0.00226668687537, -0.00349242123775, 0.00294380565174, -0.00207188399509, 0.00261052930728, -0.00357099529356, 0.00461014639586, -0.00319594866596], [0.000296505284496, -0.0019002512563, 0.00362468929961, -0.00345353549346, 0.00242065195926, -0.00247892108746, 0.00288584525697, -0.00278626382351, 0.00235975254327, -0.00210325163789, 0.00314576574601, -0.00485635176301, 0.00391808943823], [-0.000694795919117, 0.00111828616355, -0.00345353549346, 0.00773249100894, -0.00486819352955, 0.00170732336119, -0.00124647363555, 0.00204653781839, -0.0042113265954, 0.00537352869287, -0.00350941787474, 0.00372293079272, -0.00412169005722], [0.000492158753332, -0.00241717114113, 0.00242065195926, -0.00486819352955, 0.00870339665562, -0.00391058530658, 0.00137019180693, -0.00204779091291, 0.00266757351346, -0.00665404368192, 0.00668339943513, -0.0044558304362, 0.00346541940235], [-0.000529398268554, 0.00226668687537, -0.00247892108746, 0.00170732336119, -0.00391058530658, 0.00810546707362, -0.00481269042939, 0.001741994638, -0.00245494977571, 0.00322643690743, -0.00606161030009, 0.0052499929443, -0.00141342624556], [0.000412487919675, -0.00349242123775, 0.00288584525697, -0.00124647363555, 0.00137019180693, -0.00481269042939, 0.0103976270184, -0.00678044557571, 0.0048728059046, -0.00458188075572, 0.0030777156353, -0.00591616379097, 0.00415589241311], [-0.00057022011606, 0.00294380565174, -0.00278626382351, 0.00204653781839, -0.00204779091291, 0.001741994638, -0.00678044557571, 0.017577284947, -0.00962207745761, 0.00335745653138, -0.00496278656647, 0.00398262543604, -0.0041611706838], [0.000795584463049, -0.00207188399509, 0.00235975254327, -0.0042113265954, 0.00266757351346, -0.00245494977571, 0.0048728059046, -0.00962207745761, 0.0139058800414, -0.00920927710831, 0.00556778907776, -0.00419115414843, 0.0023536880035], [-0.00113583472557, 0.00261052930728, -0.00210325163789, 0.00537352869287, -0.00665404368192, 0.00322643690743, -0.00458188075572, 0.00335745653138, -0.00920927710831, 0.0207281950861, -0.00833396986127, 0.00507908407599, -0.00484884530306], [0.00105574063491, -0.00357099529356, 0.00314576574601, -0.00350941787474, 0.00668339943513, -0.00606161030009, 0.0030777156353, -0.00496278656647, 0.00556778907776, -0.00833396986127, 0.0191616117954, -0.0109749305993, 0.00647676875815], [-0.000833565311041, 0.00461014639586, -0.00485635176301, 0.00372293079272, -0.0044558304362, 0.0052499929443, -0.00591616379097, 0.00398262543604, -0.00419115414843, 0.00507908407599, -0.0109749305993, 0.019631261006, -0.00894288066775], [0.000606686342508, -0.00319594866596, 0.00391808943823, -0.00412169005722, 0.00346541940235, -0.00141342624556, 0.00415589241311, -0.0041611706838, 0.0023536880035, -0.00484884530306, 0.00647676875815, -0.00894288066775, 0.0174534562975]]
    },
    "melbands": {
        "dmean": [0.000363742990885, 0.000646064931061, 0.000187578829355, 0.000412870955188, 0.000361196114682, 0.000201179544092, 0.000310134229949, 0.000232606267673, 0.00024451801437, 0.000202075039851, 0.000126792947412, 0.000127710605739, 8.81044543348e-05, 7.26072539692e-05, 6.42826562398e-05, 6.27298941254e-05, 4.76686436741e-05, 2.82733653876e-05, 2.14651608985e-05, 2.55884806393e-05, 1.86858342204e-05, 1.13788728413e-05, 7.65740423958e-06, 3.51816174771e-06, 3.9617721086e-06, 7.64112064644e-06, 9.46258387557e-06, 5.18855813425e-06, 3.53603036274e-06, 4.22587072535e-06, 4.26871611126e-06, 3.96031873606e-06, 2.82378186967e-06, 1.91547587747e-06, 1.79485607532e-06, 1.76651508355e-06, 1.48889694174e-06, 1.32136187858e-06, 9.63620664152e-07, 8.34440811559e-07],
        "dmean2": [0.000524271395989, 0.000935748859774, 0.000276554899756, 0.000655384152196, 0.000583963061217, 0.000315945566399, 0.000477725814562, 0.000357110169716, 0.000367622240447, 0.000314895238262, 0.000189360987861, 0.000182964620763, 0.000122360987007, 0.000107393600047, 8.8320375653e-05, 9.12858959055e-05, 7.31755644665e-05, 4.4182423153e-05, 3.15488650813e-05, 3.62733044312e-05, 2.6114501452e-05, 1.68054575624e-05, 1.17176605272e-05, 5.17633543495e-06, 6.1190244196e-06, 1.13016058094e-05, 1.4240492419e-05, 7.98035034677e-06, 5.47187346456e-06, 6.54405675959e-06, 6.3421316554e-06, 6.07815445619e-06, 4.29087685916e-06, 2.93272728413e-06, 2.75095180768e-06, 2.67911559604e-06, 2.28940780289e-06, 1.96494715965e-06, 1.49305799368e-06, 1.25793712868e-06],
        "dvar": [1.56379314831e-06, 2.94562210001e-06, 1.11745137588e-07, 7.42322072256e-07, 5.26166957115e-07, 8.69622880373e-08, 2.40180384026e-07, 1.28091500073e-07, 2.76859850601e-07, 1.81172580938e-07, 9.42810771676e-08, 8.62740776597e-08, 3.8300740357e-08, 2.60208263825e-08, 3.00638767214e-08, 1.8182324979e-08, 1.92790441389e-08, 5.1419712932e-09, 2.090836837e-09, 3.11823811217e-09, 3.03704106308e-09, 3.94252103186e-10, 1.91586538301e-10, 3.91894919294e-11, 5.0894635728e-11, 2.21832163749e-10, 5.36198418999e-10, 1.23685159337e-10, 3.15571631326e-11, 4.11698210245e-11, 3.31521927965e-11, 3.22945836739e-11, 2.35741027393e-11, 1.11401946695e-11, 1.17045982281e-11, 1.48630881908e-11, 9.19672497879e-12, 5.26573749882e-12, 3.10490131869e-12, 2.55888539524e-12],
        "dvar2": [3.69455710825e-06, 6.87964302415e-06, 2.60725357748e-07, 2.12014333556e-06, 1.43346755976e-06, 2.13453404285e-07, 5.43007786291e-07, 2.86772802838e-07, 5.82298639529e-07, 4.39304272959e-07, 1.80527706561e-07, 1.61315469427e-07, 5.45407310426e-08, 5.38900977176e-08, 5.80252255133e-08, 3.62494496642e-08, 4.62426719139e-08, 1.13138192148e-08, 4.34642277725e-09, 5.11646547352e-09, 4.65197258492e-09, 8.27587720575e-10, 4.27899521371e-10, 7.82039641378e-11, 1.20032470075e-10, 4.87972995344e-10, 1.05834119246e-09, 2.86303203367e-10, 6.79794762148e-11, 9.9507534157e-11, 6.40818509368e-11, 7.46241887728e-11, 5.45423289866e-11, 2.38892412796e-11, 2.34522384152e-11, 2.80012870529e-11, 2.02417579226e-11, 1.08006234165e-11, 6.80287987401e-12, 5.40954043712e-12],
        "max": [0.0175050795078, 0.0243412069976, 0.00354023743421, 0.0100967660546, 0.00989910680801, 0.00359325483441, 0.00577581161633, 0.00494204601273, 0.00732219405472, 0.00562187843025, 0.00501787243411, 0.00391820585355, 0.00450462289155, 0.00258093932644, 0.00321645848453, 0.00227918103337, 0.00194653158542, 0.00138842675369, 0.000630050431937, 0.000837797007989, 0.00182705803309, 0.000340652244631, 0.00034340104321, 0.000169469640241, 0.000145970581798, 0.000204749303521, 0.000521048088558, 0.000264019530732, 8.62255183165e-05, 0.000111756133265, 9.34744603001e-05, 6.86210405547e-05, 6.54063769616e-05, 4.563827315e-05, 5.25166469743e-05, 6.08264890616e-05, 3.98119773308e-05, 4.04698403145e-05, 2.01514176297e-05, 2.49750228249e-05],
        "mean": [0.000553576275706, 0.00106259947643, 0.000376434996724, 0.000719474279322, 0.000616062898189, 0.000355543830665, 0.000530382210854, 0.000463587086415, 0.000475104461657, 0.000392031884985, 0.000237754793488, 0.000229781551752, 0.000190386126633, 0.000123095858726, 0.000130795553559, 0.00013106247934, 7.03573387e-05, 4.38504539488e-05, 3.71933456336e-05, 5.27920492459e-05, 3.70842353732e-05, 2.44249185926e-05, 1.33859330163e-05, 6.67115364195e-06, 7.7074564615e-06, 1.46069623952e-05, 1.70726616489e-05, 9.82229812507e-06, 7.4431777648e-06, 8.98978123587e-06, 9.19159083423e-06, 7.98000746727e-06, 4.78689571537e-06, 3.57187013833e-06, 3.27184488924e-06, 3.1681040582e-06, 2.51273445429e-06, 2.13367843571e-06, 1.54525628204e-06, 1.48380092924e-06],
        "median": [8.63722889335e-05, 0.000354677787982, 0.000187842495507, 0.000281557469862, 0.000318507867632, 0.000207603341551, 0.000268310832325, 0.000244642404141, 0.000191662620637, 0.000171403837157, 9.46211730479e-05, 6.28544294159e-05, 4.33992536273e-05, 3.33783864335e-05, 3.81443460356e-05, 4.34989997302e-05, 1.91581493709e-05, 1.74618307938e-05, 1.48479102791e-05, 1.17493373182e-05, 1.16943110697e-05, 1.0225548067e-05, 7.11044322088e-06, 3.6426679344e-06, 4.18828540205e-06, 6.16219949734e-06, 8.48087893246e-06, 4.81318193124e-06, 3.79599555345e-06, 5.48570687897e-06, 4.7877229008e-06, 5.08645734953e-06, 2.22309586206e-06, 1.20000913739e-06, 8.26178336411e-07, 9.40822360462e-07, 1.08122708298e-06, 9.96256858343e-07, 5.67645770388e-07, 6.36964614387e-07],
        "min": [1.5593633329e-10, 1.20863263842e-10, 7.86497880712e-11, 4.50360512771e-11, 2.54412879652e-11, 1.58237555004e-11, 1.05977067399e-11, 6.80653493637e-12, 4.25359487216e-12, 6.21651428251e-12, 1.00317592774e-11, 9.27123655625e-12, 7.08503785155e-12, 7.22800248473e-12, 8.46358486767e-12, 9.08370514224e-12, 6.11462486547e-12, 2.58121345478e-12, 1.20464402342e-12, 1.4711692151e-12, 3.00181060564e-12, 2.65131623253e-12, 1.63868137809e-12, 4.52062432627e-13, 2.50017151079e-12, 4.88319801262e-12, 1.28484354232e-12, 5.44347498934e-13, 7.47866178707e-13, 3.33800424367e-13, 1.57937649504e-12, 5.94723445838e-12, 3.12886739087e-12, 3.68714303881e-12, 2.5963944536e-12, 1.61594018331e-13, 6.33989171925e-13, 9.02005954737e-13, 1.24811988002e-12, 5.79359964951e-13],
        "stdev": [0.00146954332013, 0.0019891038537, 0.000478102767374, 0.00113305414561, 0.000861050037201, 0.000417376140831, 0.000697231909726, 0.000609442591667, 0.000837602827232, 0.000690933607984, 0.000507513235789, 0.000480619899463, 0.00043863223982, 0.00023537434754, 0.000312216143357, 0.000253143283771, 0.000170230894582, 8.95752527867e-05, 6.89915250405e-05, 0.000117084462545, 0.000101362013083, 3.88806547562e-05, 2.14016326936e-05, 1.19115384223e-05, 1.06921861516e-05, 2.20785095735e-05, 3.15598808811e-05, 1.62506639754e-05, 1.05002409327e-05, 1.00215347629e-05, 1.16415521916e-05, 8.68063398229e-06, 6.56998236082e-06, 5.62914510738e-06, 5.77693754167e-06, 6.43426028546e-06, 4.32160368291e-06, 3.44926388607e-06, 2.4563498755e-06, 2.26749602916e-06],
        "var": [2.15955742533e-06, 3.95653387386e-06, 2.28582266004e-07, 1.28381168452e-06, 7.41407177429e-07, 1.74202853032e-07, 4.86132364586e-07, 3.71420298961e-07, 7.01578528606e-07, 4.77389221487e-07, 2.5756969535e-07, 2.30995482298e-07, 1.92398246668e-07, 5.54010810561e-08, 9.74789244879e-08, 6.40815258635e-08, 2.89785582197e-08, 8.02372568387e-09, 4.75983030768e-09, 1.37087718954e-08, 1.02742570007e-08, 1.51170520546e-09, 4.58029891792e-10, 1.41884740068e-10, 1.14322842859e-10, 4.87460571907e-10, 9.96026039424e-10, 2.64084060175e-10, 1.10255062025e-10, 1.00431163386e-10, 1.35525729528e-10, 7.53534110109e-11, 4.31646662857e-11, 3.16872743322e-11, 3.33730092172e-11, 4.13997065796e-11, 1.86762567217e-11, 1.18974214161e-11, 6.03365447882e-12, 5.14153780315e-12]
    },
    "melbands128": {
