{
"lowlevel": {
    "average_loudness": 0.968472659588,
    "barkbands_crest": {
        "dmean": 3.47336745262,
        "dmean2": 5.37850475311,
        "dvar": 11.956401825,
        "dvar2": 22.4419651031,
        "max": 26.6444454193,
        "mean": 14.2266874313,
        "median": 13.0850048065,
        "min": 3.0055577755,
        "stdev": 6.14255619049,
        "var": 37.7309989929
    },
    "barkbands_flatness_db": {
        "dmean": 0.0556334815919,
        "dmean2": 0.0780031755567,
        "dvar": 0.00406604493037,
        "dvar2": 0.00714527908713,
        "max": 0.674098849297,
        "mean": 0.262123376131,
        "median": 0.242828607559,
        "min": 0.038882471621,
        "stdev": 0.129152044654,
        "var": 0.016680251807
    },
    "barkbands_kurtosis": {
        "dmean": 19.668970108,
        "dmean2": 28.771604538,
        "dvar": 3489.2578125,
        "dvar2": 7038.57763672,
        "max": 1081.75292969,
        "mean": 24.3158378601,
        "median": 5.82846832275,
        "min": -1.87750518322,
        "stdev": 74.2578125,
        "var": 5514.22216797
    },
    "barkbands_skewness": {
        "dmean": 1.389108181,
        "dmean2": 2.01340484619,
        "dvar": 3.41688489914,
        "dvar2": 6.39075946808,
        "max": 26.2919540405,
        "mean": 2.7816362381,
        "median": 1.97507178783,
        "min": -3.20818400383,
        "stdev": 3.00555515289,
        "var": 9.03336238861
    },
    "barkbands_spread": {
        "dmean": 6.92932605743,
        "dmean2": 11.1914834976,
        "dvar": 118.180633545,
        "dvar2": 257.807678223,
        "max": 98.7374420166,
        "mean": 13.0620908737,
        "median": 8.05904483795,
        "min": 0.0465473197401,
        "stdev": 14.096455574,
        "var": 198.71005249
    },
    "dissonance": {
        "dmean": 0.0316202491522,
        "dmean2": 0.0493648946285,
        "dvar": 0.000992096844129,
        "dvar2": 0.00212585390545,
        "max": 0.499779880047,
        "mean": 0.42447283864,
        "median": 0.441326379776,
        "min": 0.153546273708,
        "stdev": 0.0618014000356,
        "var": 0.00381941301748
    },
    "dynamic_complexity": 5.28806400299,
    "erbbands_crest": {
        "dmean": 3.45393300056,
        "dmean2": 5.56132507324,
        "dvar": 11.0909776688,
        "dvar2": 27.0450954437,
        "max": 30.0906105042,
        "mean": 12.5636606216,
        "median": 11.8855228424,
        "min": 2.66139411926,
        "stdev": 5.47240304947,
        "var": 29.9471969604
    },
    "erbbands_flatness_db": {
        "dmean": 0.0361194945872,
        "dmean2": 0.0495975166559,
        "dvar": 0.00169379741419,
        "dvar2": 0.00274629681371,
        "max": 0.50048238039,
        "mean": 0.231188729405,
        "median": 0.215892404318,
        "min": 0.068458892405,
        "stdev": 0.0900267288089,
        "var": 0.00810481142253
    },
    "erbbands_kurtosis": {
        "dmean": 2.39675378799,
        "dmean2": 3.90131044388,
        "dvar": 21.6962566376,
        "dvar2": 50.2246742249,
        "max": 73.4563446045,
        "mean": 2.4833316803,
        "median": 0.570009469986,
        "min": -1.79354739189,
        "stdev": 6.34692764282,
        "var": 40.2834892273
    },
    "erbbands_skewness": {
        "dmean": 0.643271923065,
        "dmean2": 0.995431482792,
        "dvar": 0.474303334951,
        "dvar2": 1.05401575565,
        "max": 7.53643083572,
        "mean": 0.899086654186,
        "median": 0.749560415745,
        "min": -1.89006316662,
        "stdev": 1.14783143997,
        "var": 1.31751692295
    },
    "erbbands_spread": {
        "dmean": 11.8220815659,
        "dmean2": 18.2350444794,
        "dvar": 263.549621582,
        "dvar2": 636.668029785,
        "max": 165.093734741,
        "mean": 32.3358192444,
        "median": 28.4785079956,
        "min": 0.822162508965,
        "stdev": 21.973903656,
        "var": 482.852416992
    },
    "hfc": {
        "dmean": 9.94452190399,
        "dmean2": 15.565779686,
        "dvar": 457.634857178,
        "dvar2": 1144.66625977,
        "max": 184.135223389,
        "mean": 14.0841207504,
        "median": 5.28549098969,
        "min": 0.000114799491712,
        "stdev": 22.1628627777,
        "var": 491.192474365
    },
    "loudness_ebu128": {
        "integrated": -8.52173233032,
        "loudness_range": 2.33573913574,
        "momentary": {
            "dmean": 1.07021296024,
            "dmean2": 1.7072122097,
            "dvar": 2.21986436844,
            "dvar2": 5.07442808151,
            "max": -6.00060653687,
            "mean": -9.56901836395,
            "median": -8.61403751373,
            "min": -37.2864456177,
            "stdev": 4.02153921127,
            "var": 16.1727771759
        },
        "short_term": {
            "dmean": 0.131794258952,
            "dmean2": 0.190792039037,
            "dvar": 0.0110056065023,
            "dvar2": 0.0207491461188,
            "max": -7.16609621048,
            "mean": -8.67435073853,
            "median": -8.37913703918,
            "min": -13.6883802414,
            "stdev": 1.0454672575,
            "var": 1.09300172329
        }
    },
    "melbands_crest": {
        "dmean": 4.14129447937,
        "dmean2": 6.69954919815,
        "dvar": 16.4870853424,
        "dvar2": 37.6001701355,
        "max": 37.6908187866,
        "mean": 18.3377323151,
        "median": 17.3979530334,
        "min": 4.19361448288,
        "stdev": 7.0136847496,
        "var": 49.1917762756
    },
    "melbands_flatness_db": {
        "dmean": 0.0681860521436,
        "dmean2": 0.0933919474483,
        "dvar": 0.00631550885737,
        "dvar2": 0.0110380025581,
        "max": 0.828725278378,
        "mean": 0.338457584381,
        "median": 0.31881198287,
        "min": 0.024735243991,
        "stdev": 0.159534618258,
        "var": 0.0254512950778
    },
    "melbands_kurtosis": {
        "dmean": 24.154712677,
        "dmean2": 39.3983650208,
        "dvar": 2694.78491211,
        "dvar2": 6965.75976562,
        "max": 555.254760742,
        "mean": 31.7162876129,
        "median": 12.2581911087,
        "min": -1.64371287823,
        "stdev": 56.9700622559,
        "var": 3245.58813477
    },
    "melbands_skewness": {
        "dmean": 1.41581821442,
        "dmean2": 2.21259236336,
        "dvar": 3.6441180706,
        "dvar2": 8.84666442871,
        "max": 18.7747592926,
        "mean": 3.40089821815,
        "median": 2.68972826004,
        "min": -1.52138376236,
        "stdev": 2.66836857796,
        "var": 7.12019062042
    },
    "melbands_spread": {
        "dmean": 8.89868354797,
        "dmean2": 14.6973590851,
        "dvar": 237.238632202,
        "dvar2": 551.547424316,
        "max": 142.934692383,
        "mean": 14.3901948929,
        "median": 8.02691268921,
        "min": 0.175964087248,
        "stdev": 18.0543441772,
        "var": 325.959320068
    },
    "pitch_salience": {
        "dmean": 0.100704714656,
        "dmean2": 0.15463796258,
        "dvar": 0.0117392381653,
        "dvar2": 0.0248348545283,
        "max": 0.866435647011,
        "mean": 0.448247939348,
        "median": 0.473769873381,
        "min": 0.0320959240198,
        "stdev": 0.188225612044,
        "var": 0.0354288816452
    },
    "silence_rate_20dB": {
        "dmean": 0,
        "dmean2": 0,
        "dvar": 0,
        "dvar2": 0,
        "max": 1,
        "mean": 1,
        "median": 1,
        "min": 1,
        "stdev": 0,
        "var": 0
    },
    "silence_rate_30dB": {
        "dmean": 0.0820433422923,
        "dmean2": 0.16421379149,
        "dvar": 0.075312115252,
        "dvar2": 0.143444359303,
        "max": 1,
        "mean": 0.890951275826,
        "median": 1,
        "min": 0,
        "stdev": 0.311701506376,
        "var": 0.0971578285098
    },
    "silence_rate_60dB": {
        "dmean": 0.0735294148326,
        "dmean2": 0.147172734141,
        "dvar": 0.0681237131357,
        "dvar2": 0.145649209619,
        "max": 1,
        "mean": 0.192575410008,
        "median": 0,
        "min": 0,
        "stdev": 0.394317686558,
        "var": 0.155486434698
    },
    "spectral_centroid": {
        "dmean": 348.334747314,
        "dmean2": 553.327087402,
        "dvar": 269191.125,
        "dvar2": 577153.5,
        "max": 4656.32373047,
        "mean": 878.299194336,
        "median": 627.034606934,
        "min": 80.2642745972,
        "stdev": 690.408081055,
        "var": 476663.28125
    },
    "spectral_complexity": {
        "dmean": 4.40789461136,
        "dmean2": 7.17660713196,
        "dvar": 62.8050079346,
        "dvar2": 141.843017578,
        "max": 53,
        "mean": 10.2861566544,
        "median": 7,
        "min": 0,
        "stdev": 9.69942760468,
        "var": 94.0788955688
    },
    "spectral_decrease": {
        "dmean": 4.89784524049e-09,
        "dmean2": 6.28251761725e-09,
        "dvar": 5.87526669111e-17,
        "dvar2": 1.01271649603e-16,
        "max": -2.3293702511e-14,
        "mean": -9.30076371475e-09,
        "median": -4.09875644536e-09,
        "min": -5.71717073683e-08,
        "stdev": 1.20878826948e-08,
        "var": 1.4611691564e-16
    },
    "spectral_energy": {
        "dmean": 0.0190506801009,
        "dmean2": 0.0245186556131,
        "dvar": 0.000860573607497,
        "dvar2": 0.00148209859617,
        "max": 0.217421427369,
        "mean": 0.0363806858659,
        "median": 0.0167426839471,
        "min": 1.21821855714e-07,
        "stdev": 0.0464254170656,
        "var": 0.0021553193219
    },
    "spectral_energyband_high": {
        "dmean": 0.000582544773351,
        "dmean2": 0.000964223174378,
        "dvar": 1.99785426958e-06,
        "dvar2": 4.8573060667e-06,
        "max": 0.011465032585,
        "mean": 0.000523132563103,
        "median": 1.34365609483e-05,
        "min": 8.61606619385e-10,
        "stdev": 0.0013869125396,
        "var": 1.92352626982e-06
    },
    "spectral_energyband_low": {
        "dmean": 0.0150138894096,
        "dmean2": 0.0196940992028,
        "dvar": 0.000844868598506,
        "dvar2": 0.00145895895548,
        "max": 0.214735671878,
        "mean": 0.0236794315279,
        "median": 0.0022167020943,
        "min": 2.23202424425e-13,
        "stdev": 0.0437502488494,
        "var": 0.00191408430692
    },
    "spectral_energyband_middle_high": {
        "dmean": 0.00233814981766,
        "dmean2": 0.00391340162605,
        "dvar": 3.99767814088e-05,
        "dvar2": 0.000106541840069,
        "max": 0.066422611475,
        "mean": 0.00287275435403,
        "median": 0.000467757927254,
        "min": 3.63993706287e-08,
        "stdev": 0.00615501124412,
        "var": 3.78841614292e-05
    },
    "spectral_energyband_middle_low": {
        "dmean": 0.00467231916264,
        "dmean2": 0.00729019008577,
        "dvar": 0.000125997059513,
        "dvar2": 0.000306426605675,
        "max": 0.10874774307,
        "mean": 0.00982194952667,
        "median": 0.00394256412983,
        "min": 1.99363392461e-09,
        "stdev": 0.0140795772895,
        "var": 0.000198234498384
    },
    "spectral_entropy": {
        "dmean": 0.416465818882,
        "dmean2": 0.60511046648,
        "dvar": 0.280251294374,
        "dvar2": 0.476892411709,
        "max": 8.69135761261,
        "mean": 6.71131896973,
        "median": 6.75629234314,
        "min": 4.06329965591,
        "stdev": 0.987189412117,
        "var": 0.974542915821
    },
    "spectral_flux": {
        "dmean": 0.0475581511855,
        "dmean2": 0.0713028684258,
        "dvar": 0.0031209224835,
        "dvar2": 0.00629278179258,
        "max": 0.375994354486,
        "mean": 0.0911995247006,
        "median": 0.0600005947053,
        "min": 0.000195730259293,
        "stdev": 0.0830885991454,
        "var": 0.00690371543169
    },
    "spectral_kurtosis": {
        "dmean": 12.2290935516,
        "dmean2": 19.1585216522,
        "dvar": 509.608703613,
        "dvar2": 1089.02392578,
        "max": 326.684997559,
        "mean": 21.8675842285,
        "median": 7.68790626526,
        "min": -1.10986745358,
        "stdev": 38.274066925,
        "var": 1464.90429688
    },
    "spectral_rms": {
        "dmean": 0.00140657403972,
        "dmean2": 0.00176085578278,
        "dvar": 3.24056895806e-06,
        "dvar2": 4.79974823975e-06,
        "max": 0.0145642869174,
        "mean": 0.00480006635189,
        "median": 0.00404157489538,
        "min": 1.09018619696e-05,
        "stdev": 0.00352884293534,
        "var": 1.24527323351e-05
    },
    "spectral_rolloff": {
        "dmean": 570.913696289,
        "dmean2": 993.098449707,
        "dvar": 1418851.625,
        "dvar2": 3047565.75,
        "max": 12403.125,
        "mean": 1017.55609131,
        "median": 430.6640625,
        "min": 43.06640625,
        "stdev": 1591.21740723,
        "var": 2531973
    },
    "spectral_skewness": {
        "dmean": 0.877152681351,
        "dmean2": 1.33036386967,
        "dvar": 1.34493899345,
        "dvar2": 2.81877326965,
        "max": 14.5756340027,
        "mean": 2.80257582664,
        "median": 2.17285251617,
        "min": 0.211172491312,
        "stdev": 2.13191485405,
        "var": 4.54506063461
    },
    "spectral_spread": {
        "dmean": 917339.3125,
        "dmean2": 1288586.5,
        "dvar": 1.15245921075e+12,
        "dvar2": 1.93716145357e+12,
        "max": 15206787,
        "mean": 3523113.25,
        "median": 3458057.75,
        "min": 288033.34375,
        "stdev": 2019099.25,
        "var": 4.07676177613e+12
    },
    "spectral_strongpeak": {
        "dmean": 0.345573812723,
        "dmean2": 0.542038142681,
        "dvar": 0.280187189579,
        "dvar2": 0.652950644493,
        "max": 8.34225749969,
        "mean": 0.742506504059,
        "median": 0.555670440197,
        "min": 0.000987238250673,
        "stdev": 0.798285841942,
        "var": 0.637260317802
    },
    "zerocrossingrate": {
        "dmean": 0.0129417208955,
        "dmean2": 0.0159514024854,
        "dvar": 0.000359259487595,
        "dvar2": 0.000441685057012,
        "max": 0.33154296875,
        "mean": 0.0383634977043,
        "median": 0.02734375,
        "min": 0.00146484375,
        "stdev": 0.0394200794399,
        "var": 0.00155394279864
    },
    "barkbands": {
        "dmean": [0.000276214297628, 0.0129083422944, 0.00371408648789, 0.00108939385973, 0.00169254420325, 0.00142282061279, 0.00114606367424, 0.000626065942924, 0.000443543773144, 0.000322881678585, 0.000287892122287, 0.000224812829401, 0.000231970479945, 0.000201553659281, 0.000593685195781, 0.000303520908346, 0.000197478104383, 0.000241033063503, 0.000220575617277, 7.08383813617e-05, 0.000127394829178, 8.33753874758e-05, 9.89631880657e-05, 0.000139956988278, 0.00011258192535, 1.88623998838e-05, 3.05569386683e-07],
        "dmean2": [0.000394255184801, 0.0169811658561, 0.00617424212396, 0.00199173321016, 0.00274012098089, 0.00215773726813, 0.00177523423918, 0.000971633940935, 0.000659296405502, 0.000525412207935, 0.000456673151348, 0.000369076064089, 0.000358364166459, 0.000311997020617, 0.00109611020889, 0.000534815597348, 0.000341143721016, 0.000426505313953, 0.000393376802094, 0.000121659002616, 0.000215667940211, 0.000141581040225, 0.000164301338373, 0.000238976979745, 0.000192349965801, 2.99017010548e-05, 5.30991144387e-07],
        "dvar": [4.19992062461e-07, 0.000701988174114, 8.59542706166e-05, 2.42883052124e-05, 2.09025729418e-05, 1.54395038408e-05, 8.31732177176e-06, 4.71638759336e-06, 3.12687075166e-06, 8.01687804142e-07, 6.55263306726e-07, 4.81584891077e-07, 9.07569528863e-07, 3.2213989698e-07, 1.23574427562e-05, 1.25698068132e-06, 2.99162081774e-07, 3.85458235996e-07, 3.62361220141e-07, 3.28799174554e-08, 1.14420906527e-07, 5.31848343144e-08, 5.90978110893e-08, 1.41202562531e-07, 8.98130210203e-08, 4.86403362032e-09, 4.26664172742e-12],
        "dvar2": [1.01986495338e-06, 0.00119240069762, 0.00022293846996, 7.05099882907e-05, 5.41004483239e-05, 3.25149667333e-05, 1.6155967387e-05, 8.9038594524e-06, 7.10427093509e-06, 2.06650315704e-06, 1.53135692926e-06, 1.22867231767e-06, 1.61380296504e-06, 6.66303435537e-07, 3.59208570444e-05, 3.47051627614e-06, 8.29801820146e-07, 1.04476930574e-06, 9.91479737422e-07, 8.33377669096e-08, 2.79707705886e-07, 1.3826765155e-07, 1.42821463101e-07, 3.64965046629e-07, 2.27893210081e-07, 9.9216217464e-09, 1.05278086596e-11],
        "max": [0.0082081137225, 0.192529767752, 0.0591235980392, 0.0566270127892, 0.0501278191805, 0.0522421896458, 0.0545680075884, 0.05656029284, 0.0453799366951, 0.00902996398509, 0.0135811958462, 0.00973716657609, 0.0285729914904, 0.0109768044204, 0.0421631112695, 0.0128784747794, 0.00506681669503, 0.0056015914306, 0.00466663856059, 0.00137125176843, 0.00378263602033, 0.00415024207905, 0.00268264859915, 0.00320389145054, 0.00325239566155, 0.00223339092918, 4.297684427e-05],
        "mean": [0.00035999895772, 0.0196187756956, 0.0032702293247, 0.000960193923675, 0.002498538699, 0.00256648031063, 0.0019466864178, 0.00103952386416, 0.000660146120936, 0.000415031478042, 0.00037008052459, 0.000256292987615, 0.000340275117196, 0.000260302651441, 0.000413941772422, 0.000269770622253, 0.000205789096071, 0.00020991495694, 0.000166290730704, 5.62808381801e-05, 0.000105033825093, 7.62901618145e-05, 9.55881550908e-05, 0.000109763946966, 8.91591480467e-05, 2.00579124794e-05, 2.74042292858e-07],
        "median": [3.18867205351e-05, 0.0011760253692, 0.000124282378238, 0.000114499693154, 0.000464015669422, 0.000955829862505, 0.000387903070077, 7.00718373992e-05, 8.08225886431e-05, 4.28417915828e-05, 1.58962975547e-05, 3.8369824324e-05, 2.74082103715e-05, 1.70386738318e-05, 1.31913075165e-05, 2.72844426945e-05, 2.17112956307e-05, 2.38028369495e-05, 9.75347393251e-06, 2.10491202779e-06, 2.22349763135e-06, 2.13565999729e-06, 3.14836756843e-06, 9.62186618381e-07, 6.93756760484e-07, 1.88528304079e-07, 1.63502267281e-09],
        "min": [1.91977679684e-14, 3.35673397173e-14, 1.02860692782e-13, 4.14435602806e-13, 5.55677791107e-13, 4.37715662327e-12, 2.65088350576e-11, 3.66260875795e-11, 9.58868540124e-10, 8.91436813255e-10, 3.3704869451e-10, 2.59799237678e-10, 4.27685081794e-10, 7.57574891708e-10, 3.54191076468e-09, 1.77683467939e-09, 9.5829066904e-10, 1.43039324829e-09, 4.241723639e-10, 6.10364647713e-10, 2.74967493219e-10, 9.96672813725e-11, 9.39239241937e-11, 6.33217228652e-11, 5.59796740213e-12, 1.32226491583e-13, 4.04232736262e-16],
        "stdev": [0.000753210857511, 0.0397810973227, 0.00845545250922, 0.00385017856024, 0.00519565306604, 0.00499923760071, 0.00467528449371, 0.00343147409149, 0.00234315544367, 0.00112899777014, 0.00107443996239, 0.000740385556128, 0.0014886748977, 0.000880140752997, 0.00260870088823, 0.000931319897063, 0.000518871471286, 0.000537504558451, 0.000494500796776, 0.000162032214575, 0.000311116396915, 0.000207451914321, 0.000262584449956, 0.0003385496384, 0.000287950533675, 0.000103113728983, 2.10183952731e-06],
        "var": [5.67326594592e-07, 0.00158253568225, 7.14946727385e-05, 1.48238750626e-05, 2.69948104688e-05, 2.49923759839e-05, 2.18582845264e-05, 1.17750150821e-05, 5.49037713427e-06, 1.27463590616e-06, 1.15442117021e-06, 5.48170760339e-07, 2.21615300688e-06, 7.7464773085e-07, 6.80532048136e-06, 8.67356732215e-07, 2.69227626859e-07, 2.88911138568e-07, 2.44531037197e-07, 2.62544403995e-08, 9.67934070673e-08, 4.30362945281e-08, 6.89505910145e-08, 1.14615858138e-07, 8.2915512678e-08, 1.06324407056e-08, 4.41772920329e-12]
    },
    "erbbands": {
        "dmean": [0.311594426632, 3.39433026314, 5.59816884995, 3.19236779213, 4.35217952728, 6.29320430756, 7.29493761063, 13.0979661942, 18.692117691, 12.6623888016, 12.5045061111, 10.348238945, 9.45991611481, 10.8831357956, 10.2737016678, 9.00904750824, 10.7748184204, 10.0474815369, 12.9944190979, 36.1072425842, 15.7426118851, 10.5564785004, 13.3735628128, 13.8185558319, 6.38443088531, 3.50072836876, 4.75939130783, 4.46082735062, 2.84055733681, 3.73122572899, 2.72193789482, 2.73993992805, 2.32137727737, 1.69206440449, 0.51734828949, 0.168918147683, 0.018781254068, 0.00292181130499, 7.64260621509e-05, 2.40054905589e-05],
        "dmean2": [0.370632499456, 4.50348091125, 8.65056037903, 5.49590826035, 7.44818305969, 10.29292202, 11.3533821106, 19.7451343536, 27.9117908478, 20.7532711029, 18.0723705292, 15.3630304337, 15.2325773239, 17.7196350098, 16.2399234772, 14.8900194168, 16.5465755463, 15.3065767288, 22.5787506104, 67.174697876, 27.5539951324, 18.2000827789, 23.4299259186, 24.8378009796, 10.8498973846, 6.02629566193, 8.07130336761, 7.56567764282, 4.86916351318, 6.29465246201, 4.521048069, 4.67688131332, 3.93736600876, 2.93606567383, 0.856583297253, 0.274608999491, 0.0294991135597, 0.00486419629306, 0.00012284652621, 3.18981510645e-05],
        "dvar": [0.364032119513, 51.632774353, 175.859527588, 112.717857361, 196.577102661, 330.226623535, 449.47744751, 1353.83459473, 2503.48583984, 1329.23791504, 2420.92529297, 2235.5546875, 759.005737305, 1002.65496826, 1543.39013672, 724.161132812, 1967.79260254, 727.699707031, 1871.50073242, 48430.0234375, 3154.43994141, 849.799560547, 1086.63635254, 1468.62841797, 276.821289062, 83.7544174194, 156.028747559, 154.983840942, 64.6357345581, 88.6894378662, 46.3852157593, 53.1268386841, 38.9226264954, 20.879650116, 2.0019338131, 0.306512385607, 0.00567877385765, 0.000108774060209, 6.69588757773e-08, 1.2661830473e-09],
        "dvar2": [0.478703081608, 93.1206283569, 416.968475342, 310.453979492, 558.274230957, 839.855529785, 1080.08361816, 2906.27514648, 4801.87744141, 3461.29736328, 3885.29711914, 5273.31396484, 1932.26330566, 2499.72290039, 3786.33691406, 1812.69250488, 3513.81762695, 1367.68127441, 5084.31884766, 140463.4375, 8816.52441406, 2363.23266602, 2990.54394531, 4036.58203125, 721.136108398, 212.494354248, 387.383789062, 390.382232666, 167.69039917, 230.678100586, 110.489013672, 133.776229858, 100.320274353, 54.2115859985, 4.85462474823, 0.703030288219, 0.0093933576718, 0.00025179979275, 1.56022778697e-07, 2.29421348585e-09],
        "max": [5.93493795395, 51.9466896057, 89.5778884888, 122.74559021, 157.872787476, 198.4324646, 218.484527588, 468.201324463, 973.901245117, 461.478942871, 1596.2911377, 1329.97009277, 319.169342041, 502.003875732, 765.182006836, 451.811462402, 1389.01037598, 592.36517334, 515.048095703, 2710.00341797, 724.102294922, 279.719696045, 273.696472168, 256.796203613, 157.622589111, 85.9888076782, 108.909133911, 186.100875854, 145.32081604, 125.696418762, 84.2542190552, 60.4917373657, 56.1868133545, 35.1936988831, 26.8493118286, 15.9821605682, 2.34705591202, 0.233948752284, 0.00556046562269, 0.000309556169668],
        "mean": [0.520667850971, 4.44880390167, 5.40407085419, 3.03432250023, 5.84099054337, 9.02773761749, 12.7340679169, 22.706287384, 33.809047699, 19.7365913391, 20.9764709473, 16.2754669189, 13.0919218063, 13.5321893692, 13.0635042191, 11.2995738983, 15.7301530838, 14.8149137497, 12.5091028214, 25.6771888733, 14.6429357529, 11.0423984528, 11.9758033752, 10.1454496384, 5.44950675964, 2.8309071064, 3.79924798012, 3.69569802284, 2.62549948692, 3.28042340279, 2.65787315369, 2.26405787468, 1.82498288155, 1.2682749033, 0.452475756407, 0.159129440784, 0.0229341555387, 0.00283947610296, 8.74290053616e-05, 4.50943007309e-05],
        "median": [0.0230423677713, 0.218084856868, 0.362665325403, 0.469531983137, 1.10416793823, 1.53243887424, 2.59520721436, 8.61557674408, 8.35781669617, 2.28955626488, 1.82858419418, 1.87160587311, 1.84882938862, 0.884881913662, 0.952048480511, 1.64499175549, 1.57489573956, 1.20478308201, 0.969395279884, 1.38044631481, 2.00041413307, 1.43643534184, 1.54463601112, 0.65189832449, 0.36941614747, 0.11893029511, 0.0872907266021, 0.0740055441856, 0.0799055472016, 0.0953370034695, 0.0875273495913, 0.0350490882993, 0.0127977598459, 0.00847070664167, 0.00402619410306, 0.00150828738697, 0.000231452213484, 1.83116117114e-05, 1.50094647324e-05, 2.20937763515e-05],
        "min": [1.42128030265e-12, 8.95454804056e-12, 9.78422204367e-11, 6.20775986171e-10, 2.07243600059e-09, 1.93822513594e-09, 2.82005352403e-09, 6.28963263694e-08, 4.41451362576e-07, 4.9611793429e-07, 1.23973495647e-06, 2.29748620768e-05, 4.99739762745e-05, 1.81238156074e-05, 6.74020566294e-06, 1.36026219479e-05, 2.45949231612e-05, 5.35460421816e-05, 0.000165791425388, 0.000319116225, 7.58194364607e-05, 6.70782465022e-05, 7.79781694291e-05, 3.57019125659e-05, 1.85563530977e-05, 3.03381475533e-05, 1.37849128805e-05, 7.99428835307e-06, 3.88735361412e-06, 3.39603548127e-06, 3.16999376082e-06, 2.24314658226e-06, 1.36392782224e-06, 4.54621101653e-07, 2.25456219027e-07, 9.12131170594e-08, 2.83173715587e-08, 9.24199716756e-10, 1.91725135767e-10, 1.72162797907e-10],
        "stdev": [1.03216075897, 9.72462368011, 13.1176300049, 9.12644290924, 13.2385063171, 21.8389873505, 26.7003879547, 45.981716156, 81.3061141968, 48.3127555847, 80.1427536011, 61.20860672, 35.4285354614, 41.2748565674, 40.6496200562, 30.8756694794, 66.8173828125, 48.295753479, 38.8619651794, 163.552001953, 46.7436676025, 26.9371814728, 28.8446941376, 31.1996822357, 14.8146486282, 8.17555046082, 11.3386678696, 11.2218990326, 7.22749900818, 8.52097129822, 7.58293819427, 6.93563175201, 5.64874601364, 4.07517337799, 1.58909189701, 0.709522485733, 0.12679977715, 0.0140400659293, 0.000332992261974, 5.5267370044e-05],
        "var": [1.06535577774, 94.5683059692, 172.072219849, 83.2919540405, 175.258041382, 476.94140625, 712.910705566, 2114.31835938, 6610.68457031, 2334.12231445, 6422.86083984, 3746.4934082, 1255.18103027, 1703.61364746, 1652.39172363, 953.306945801, 4464.5625, 2332.47973633, 1510.25219727, 26749.2597656, 2184.97045898, 725.611694336, 832.016418457, 973.420166016, 219.473800659, 66.839630127, 128.565383911, 125.931007385, 52.236743927, 72.6069488525, 57.5009536743, 48.1029853821, 31.9083309174, 16.6070384979, 2.52521324158, 0.503422141075, 0.0160781834275, 0.000197123445105, 1.10883846105e-07, 3.05448200066e-09]
    },
    "gfcc": {
        "mean": [-126.60697937, 139.083740234, -110.240379333, 19.3102169037, -46.7293205261, -3.08884501457, -43.2117805481, 4.09980964661, -9.31004810333, -1.9441344738, -1.66933727264, 3.61654663086, -3.86283946037],
        "cov": [[23600.8964844, -4898.32421875, 1081.74975586, 2078.22973633, -1539.43347168, 2810.27050781, -189.073440552, 985.727172852, -789.343139648, 394.487915039, -957.044616699, 134.024749756, -988.937683105], [-4898.32421875, 4819.95068359, 617.18536377, -961.543823242, 1831.22924805, -1159.22961426, 643.770385742, -70.4498291016, 810.346801758, -327.575592041, 721.578186035, -224.899337769, 418.338562012], [1081.74975586, 617.18536377, 2099.74951172, 490.66998291, 337.793182373, 691.656616211, 334.608276367, 187.140136719, 296.137817383, 120.013046265, 25.0750274658, 21.3530635834, 85.5233688354], [2078.22973633, -961.543823242, 490.66998291, 982.083312988, -141.81338501, 650.225646973, 51.8201293945, 100.42678833, 0.992009699345, 142.897705078, -119.173522949, 21.5000801086, -40.8289031982], [-1539.43347168, 1831.22924805, 337.793182373, -141.81338501, 1325.71337891, -353.392700195, 388.156066895, 191.228378296, 378.459503174, -20.4041252136, 361.591949463, -101.941482544, 216.899017334], [2810.27050781, -1159.22961426, 691.656616211, 650.225646973, -353.392700195, 1011.00793457, 67.0445327759, 140.119445801, -56.5201797485, 180.16633606, -198.384933472, 65.5154190063, -125.943244934], [-189.073440552, 643.770385742, 334.608276367, 51.8201293945, 388.156066895, 67.0445327759, 404.126464844, 119.448287964, 190.763702393, 16.8688430786, 169.534225464, 27.2062721252, 56.2551994324], [985.727172852, -70.4498291016, 187.140136719, 100.42678833, 191.228378296, 140.119445801, 119.448287964, 295.989532471, 55.4152412415, 57.7287254333, 59.1974945068, 12.999247551, 18.702960968], [-789.343139648, 810.346801758, 296.137817383, 0.992009699345, 378.459503174, -56.5201797485, 190.763702393, 55.4152412415, 359.624237061, 3.59688711166, 148.098907471, -17.1860389709, 109.053901672], [394.487915039, -327.575592041, 120.013046265, 142.897705078, -20.4041252136, 180.16633606, 16.8688430786, 57.7287254333, 3.59688711166, 156.64213562, 7.34262132645, 39.8652687073, -12.8766269684], [-957.044616699, 721.578186035, 25.0750274658, -119.173522949, 361.591949463, -198.384933472, 169.534225464, 59.1974945068, 148.098907471, 7.34262132645, 304.199890137, 22.7725868225, 104.1639328], [134.024749756, -224.899337769, 21.3530635834, 21.5000801086, -101.941482544, 65.5154190063, 27.2062721252, 12.999247551, -17.1860389709, 39.8652687073, 22.7725868225, 153.372085571, -5.87444114685], [-988.937683105, 418.338562012, 85.5233688354, -40.8289031982, 216.899017334, -125.943244934, 56.2551994324, 18.702960968, 109.053901672, -12.8766269684, 104.1639328, -5.87444114685, 185.12008667]],
        "icov": [[0.000101786623418, -7.86638556747e-05, 3.10318064294e-05, -0.000125858539832, 5.43083551747e-05, -0.000175904235221, 9.88777101156e-05, -0.000405926228268, 0.000141736250953, 5.63493631489e-05, 0.000109382279334, -6.39371355646e-05, 0.00036393571645], [-7.86638556747e-05, 0.00199320935644, -0.000758477021009, 0.00112821243238, -0.00125356251374, 0.000789219338913, -0.000884023727849, 0.00181272730697, -0.00165449269116, 0.00204616528936, -0.00160775042605, 0.00128669838887, -0.0001716347615], [3.10318064294e-05, -0.000758477021009, 0.00112451112363, -0.000416752533056, 0.000268911098829, -0.00100629648659, 0.000121642493468, -0.000619923404884, 0.000198338108021, -0.000671479094308, 0.000790450372733, -0.000531178840902, -0.000330828363076], [-0.000125858539832, 0.00112821243238, -0.000416752533056, 0.00255289743654, -0.000812042504549, -0.000623723608442, -0.000515838561114, 0.00135779147968, -0.00107040803414, 0.000578858249355, -0.000749383470975, 0.000977991498075, -0.000796109321527], [5.43083551747e-05, -0.00125356251374, 0.000268911098829, -0.000812042504549, 0.00277846655808, 0.000302545289742, -0.000483270647237, -0.00193291238975, 0.000464717624709, -0.00164953339845, 0.000250383513048, 0.000586214999203, -0.000398629112169], [-0.000175904235221, 0.000789219338913, -0.00100629648659, -0.000623723608442, 0.000302545289742, 0.0038868188858, -0.00140827649739, 0.000339843187248, -0.00061114190612, -0.00106881989632, 0.000489962927531, 0.000448839215096, 0.000311825337121], [9.88777101156e-05, -0.000884023727849, 0.000121642493468, -0.000515838561114, -0.000483270647237, -0.00140827649739, 0.00560192298144, -0.00151722901501, -0.000350063550286, 0.000422067532782, -0.00108814320993, -0.00185333634727, 0.00120411929674], [-0.000405926228268, 0.00181272730697, -0.000619923404884, 0.00135779147968, -0.00193291238975, 0.000339843187248, -0.00151722901501, 0.00738408276811, -0.00141878658906, 0.00058815581724, -0.00197197892703, 0.00104764127173, -0.0014485612046], [0.000141736250953, -0.00165449269116, 0.000198338108021, -0.00107040803414, 0.000464717624709, -0.00061114190612, -0.000350063550286, -0.00141878658906, 0.00643961224705, -0.00176001503132, 0.000710676598828, -0.000635316362604, -0.00087826338131], [5.63493631489e-05, 0.00204616528936, -0.000671479094308, 0.000578858249355, -0.00164953339845, -0.00106881989632, 0.000422067532782, 0.00058815581724, -0.00176001503132, 0.0116404797882, -0.00310767209157, -0.000535239349119, 0.000710970896762], [0.000109382279334, -0.00160775042605, 0.000790450372733, -0.000749383470975, 0.000250383513048, 0.000489962927531, -0.00108814320993, -0.00197197892703, 0.000710676598828, -0.00310767209157, 0.00843016430736, -0.00255120359361, -0.00120230868924], [-6.39371355646e-05, 0.00128669838887, -0.000531178840902, 0.000977991498075, 0.000586214999203, 0.000448839215096, -0.00185333634727, 0.00104764127173, -0.000635316362604, -0.000535239349119, -0.00255120359361, 0.00925945304334, -0.000645921565592], [0.00036393571645, -0.0001716347615, -0.000330828363076, -0.000796109321527, -0.000398629112169, 0.000311825337121, 0.00120411929674, -0.0014485612046, -0.00087826338131, 0.000710970896762, -0.00120230868924, -0.000645921565592, 0.00939371436834]]
    },
    "melbands": {
        "dmean": [0.0030752827879, 0.00329129165038, 0.000572949124034, 0.000384388375096, 0.00025730242487, 0.000301800959278, 0.000256907689618, 0.000135449779918, 0.000102604113636, 6.36317708995e-05, 4.71952444059e-05, 4.46564372396e-05, 3.61746788258e-05, 2.30736695812e-05, 2.48722553806e-05, 2.45783812716e-05, 1.98766319954e-05, 1.58028033184e-05, 5.23928974872e-05, 3.38532991009e-05, 1.6595071429e-05, 1.19485212053e-05, 1.07290916276e-05, 1.11227727757e-05, 1.18484267659e-05, 7.07470599082e-06, 2.69361271421e-06, 2.09472864299e-06, 2.83482540908e-06, 3.19271975968e-06, 2.30569457926e-06, 1.4665663457e-06, 1.86389581813e-06, 2.1855698833e-06, 1.68414544532e-06, 1.33976425332e-06, 1.82699182005e-06, 1.76101946181e-06, 1.47650916915e-06, 1.39114240483e-06],
        "dmean2": [0.00393534591421, 0.00459831859916, 0.000983548699878, 0.000625120126642, 0.00040189223364, 0.000455657282146, 0.000387498555938, 0.000223541283049, 0.000146270060213, 9.47999724303e-05, 7.67767924117e-05, 7.29851744836e-05, 5.82267493883e-05, 3.87378531741e-05, 4.0056049329e-05, 3.66993881471e-05, 3.00078099826e-05, 2.67393279501e-05, 9.72507623374e-05, 6.11844079685e-05, 2.92847889796e-05, 2.06566583074e-05, 1.85823373613e-05, 1.96550208784e-05, 2.14803840208e-05, 1.23311956486e-05, 4.55951430922e-06, 3.63974095308e-06, 4.86826957058e-06, 5.36637071491e-06, 3.94197422793e-06, 2.52031782111e-06, 3.14143426294e-06, 3.72968065676e-06, 2.82271707874e-06, 2.20407287088e-06, 3.15194392897e-06, 2.99216253552e-06, 2.5487113362e-06, 2.42443229581e-06],
        "dvar": [3.75330564566e-05, 5.11372090841e-05, 3.30316470354e-06, 1.10201369807e-06, 5.35290439529e-07, 6.53514234727e-07, 4.37376144191e-07, 1.74064908265e-07, 1.69019386931e-07, 9.17231801623e-08, 1.89418205565e-08, 1.6924715851e-08, 1.33664324053e-08, 6.77637812529e-09, 6.91657753293e-09, 1.21037677658e-08, 3.11717407442e-09, 1.71291503204e-09, 1.03239642613e-07, 2.75456528698e-08, 2.82023893128e-09, 1.20641041601e-09, 6.81190825969e-10, 8.88477402761e-10, 1.10666964481e-09, 3.59435481379e-10, 4.72213344815e-11, 3.18812268252e-11, 6.08919928369e-11, 6.93072751967e-11, 4.74167753672e-11, 1.9366978507e-11, 2.38693804305e-11, 3.04018893393e-11, 1.81906451707e-11, 1.27418613854e-11, 2.48236084466e-11, 2.34440158259e-11, 1.63058715835e-11, 1.44256100121e-11],
        "dvar2": [5.36005863978e-05, 0.000104855709651, 9.14232259674e-06, 2.9194804938e-06, 1.28843828406e-06, 1.38944494665e-06, 8.47450792207e-07, 4.49431354355e-07, 2.75113450243e-07, 2.17816491954e-07, 4.85637983161e-08, 4.29724593687e-08, 3.19415143224e-08, 1.7592423518e-08, 1.66745675045e-08, 1.94485121341e-08, 5.78205705537e-09, 4.18608125941e-09, 3.01078529219e-07, 7.84776474916e-08, 7.84326115166e-09, 3.36068017859e-09, 1.90444571224e-09, 2.36075980986e-09, 3.07288949841e-09, 9.62627533241e-10, 1.20232573897e-10, 8.1438862598e-11, 1.58140348039e-10, 1.63219035509e-10, 1.23687823872e-10, 5.1695356329e-11, 6.04322286657e-11, 7.98635532706e-11, 4.48358121463e-11, 2.87043583347e-11, 6.41607045271e-11, 6.08701353211e-11, 4.23571767938e-11, 3.76021852544e-11],
        "max": [0.0523188635707, 0.0475269854069, 0.0209382772446, 0.0111772110686, 0.00789123401046, 0.0101640354842, 0.0125449532643, 0.00547983404249, 0.0130306538194, 0.00859651248902, 0.00160431396216, 0.00203058496118, 0.00220314855687, 0.00144939450547, 0.00167493196204, 0.00375034613535, 0.00130920531228, 0.000461595540401, 0.00390159967355, 0.00212699477561, 0.000717857619748, 0.000348431989551, 0.000232075646636, 0.000356908742106, 0.000213794861338, 0.000175525303348, 5.34825703653e-05, 6.31253933534e-05, 7.53008789616e-05, 9.72392663243e-05, 0.000110539134766, 8.13677688711e-05, 8.60993604874e-05, 5.99464110564e-05, 5.3763451433e-05, 5.5166434322e-05, 4.09143030993e-05, 5.20381254319e-05, 3.63857288903e-05, 2.92896820611e-05],
        "mean": [0.00518978899345, 0.00383116235025, 0.000614879652858, 0.000551448145416, 0.00043638178613, 0.000544851121958, 0.000464190961793, 0.000207497549127, 0.000164617944392, 9.81454286375e-05, 6.31537477602e-05, 5.3705778555e-05, 4.52809726994e-05, 2.80319600279e-05, 3.21488187183e-05, 3.51878261426e-05, 2.73029236268e-05, 1.7168586055e-05, 3.54483308911e-05, 2.68303792836e-05, 1.57468057296e-05, 1.24141233755e-05, 1.02287413029e-05, 9.2416021289e-06, 8.29343935038e-06, 5.65810159969e-06, 2.25768235396e-06, 1.64973209849e-06, 2.1333200948e-06, 2.70155874205e-06, 1.85506041817e-06, 1.292332513e-06, 1.76295748133e-06, 1.85223723292e-06, 1.60084846357e-06, 1.30008049837e-06, 1.41612099469e-06, 1.38776090353e-06, 1.10465396119e-06, 1.03639649751e-06],
        "median": [0.000309982395265, 0.000267622293904, 0.00010172540351, 9.80084441835e-05, 8.08379627415e-05, 0.00021979137091, 0.000105496306787, 1.57406448125e-05, 1.4043437659e-05, 1.11568124339e-05, 8.56458427734e-06, 3.33891080118e-06, 2.57222336586e-06, 3.82192638426e-06, 3.34307333105e-06, 2.69875613412e-06, 1.73064631781e-06, 1.39426572332e-06, 9.83389213616e-07, 2.10009238799e-06, 1.8888717932e-06, 1.29315299091e-06, 1.28407396005e-06, 9.22337051179e-07, 3.46971575027e-07, 3.39815528605e-07, 1.2396559157e-07, 4.72995864698e-08, 4.45103935931e-08, 4.93482623654e-08, 3.63724232955e-08, 3.48558124585e-08, 4.6356813499e-08, 4.91581282347e-08, 4.64662690547e-08, 3.06889411661e-08, 1.23969012833e-08, 7.75691511024e-09, 6.3131073702e-09, 5.76348790915e-09],
        "min": [1.15610349595e-14, 3.67418159157e-14, 1.73030331924e-13, 1.26221908901e-13, 8.09244774598e-14, 1.65594035879e-12, 6.17327022834e-12, 6.53628973862e-12, 8.43183248916e-12, 1.42891865007e-10, 2.27985214041e-10, 6.79242148638e-11, 3.22595283819e-11, 1.28514022341e-11, 7.16267670176e-11, 4.28200981617e-11, 8.0810545755e-11, 1.18834581064e-10, 2.98614799554e-10, 2.58701310374e-10, 4.06101888228e-11, 5.53776746681e-11, 6.86696810526e-11, 6.82435358224e-11, 2.33389314819e-11, 1.10429443367e-11, 1.92254996645e-11, 1.24187110248e-11, 7.51250017056e-12, 6.75186642707e-12, 2.35294444519e-12, 1.34010966386e-12, 1.86556542783e-12, 1.48467707312e-12, 1.22973929217e-12, 1.08169072657e-12, 5.5353329342e-13, 3.99944779985e-13, 1.67785463258e-13, 7.74709818323e-14],
        "stdev": [0.0101981274784, 0.00839632935822, 0.00159782357514, 0.00116530724335, 0.0009177881293, 0.00103263463825, 0.00107889983337, 0.000559577078093, 0.000649273337331, 0.00039463446592, 0.000175093111466, 0.000163423872436, 0.000130251602968, 7.97925822553e-05, 0.000103762242361, 0.000180075294338, 9.75641669356e-05, 4.82439245388e-05, 0.000236897962168, 0.000127920997329, 4.58971553599e-05, 3.21110164805e-05, 2.39235378103e-05, 2.58713535004e-05, 2.66719434876e-05, 1.61752250278e-05, 6.2204412643e-06, 5.00665964864e-06, 6.78332207826e-06, 7.87499539001e-06, 6.01259671384e-06, 3.81216182177e-06, 4.57531723441e-06, 4.93184188599e-06, 4.5478282118e-06, 4.17624778493e-06, 4.48699620392e-06, 4.36416667071e-06, 3.53785753759e-06, 3.41346890309e-06],
        "var": [0.000104001810541, 7.04983394826e-05, 2.55304030361e-06, 1.35794084599e-06, 8.42334998197e-07, 1.06633422092e-06, 1.16402486583e-06, 3.13126491847e-07, 4.21555853336e-07, 1.55736373131e-07, 3.0657599126e-08, 2.67073616556e-08, 1.69654814641e-08, 6.36685593136e-09, 1.07666027205e-08, 3.24271098862e-08, 9.51876621968e-09, 2.32747621176e-09, 5.61206441319e-08, 1.6363781441e-08, 2.10654871324e-09, 1.03111741367e-09, 5.72335623339e-10, 6.69326927216e-10, 7.11392611485e-10, 2.6163787803e-10, 3.86938918406e-11, 2.50666397361e-11, 4.60134569336e-11, 6.20155454767e-11, 3.61513180502e-11, 1.45325782658e-11, 2.09335292156e-11, 2.43230626612e-11, 2.06827419774e-11, 1.74410468706e-11, 2.01331364774e-11, 1.90459488458e-11, 1.25164358045e-11, 1.16517698268e-11]
    },
    "melbands128": {
