{
"lowlevel": {
    "average_loudness": 0.851643383503,
    "barkbands_crest": {
        "dmean": 2.43688821793,
        "dmean2": 3.91180109978,
        "dvar": 4.6830496788,
        "dvar2": 12.2785711288,
        "max": 24.2407836914,
        "mean": 10.6750688553,
        "median": 10.0703268051,
        "min": 2.77360749245,
        "stdev": 3.87964940071,
        "var": 15.0516786575
    },
    "barkbands_flatness_db": {
        "dmean": 0.0252478960901,
        "dmean2": 0.0382522642612,
        "dvar": 0.000702961930074,
        "dvar2": 0.00150229292922,
        "max": 0.527088105679,
        "mean": 0.2115996629,
        "median": 0.205255895853,
        "min": 0.0266379099339,
        "stdev": 0.0658542960882,
        "var": 0.00433678878471
    },
    "barkbands_kurtosis": {
        "dmean": 4.50506687164,
        "dmean2": 7.09723472595,
        "dvar": 35.6343803406,
        "dvar2": 82.5378646851,
        "max": 126.867736816,
        "mean": 9.48635292053,
        "median": 5.98111248016,
        "min": -1.86411166191,
        "stdev": 11.4870958328,
        "var": 131.953369141
    },
    "barkbands_skewness": {
        "dmean": 0.560823559761,
        "dmean2": 0.882851958275,
        "dvar": 0.313906818628,
        "dvar2": 0.7304880023,
        "max": 8.6415271759,
        "mean": 1.72724568844,
        "median": 1.5733590126,
        "min": -1.73513448238,
        "stdev": 1.20623970032,
        "var": 1.45501410961
    },
    "barkbands_spread": {
        "dmean": 3.02858614922,
        "dmean2": 4.78404378891,
        "dvar": 30.411813736,
        "dvar2": 67.4171600342,
        "max": 86.1110153198,
        "mean": 9.25084114075,
        "median": 7.14925384521,
        "min": 0.578342199326,
        "stdev": 9.10453510284,
        "var": 82.8925552368
    },
    "dissonance": {
        "dmean": 0.036035887897,
        "dmean2": 0.059051591903,
        "dvar": 0.00108433736023,
        "dvar2": 0.00272949505597,
        "max": 0.499999254942,
        "mean": 0.41345629096,
        "median": 0.42235776782,
        "min": 0.10984402895,
        "stdev": 0.0509871914983,
        "var": 0.00259969383478
    },
    "dynamic_complexity": 5.19357633591,
    "erbbands_crest": {
        "dmean": 3.21756982803,
        "dmean2": 5.06221055984,
        "dvar": 8.31684494019,
        "dvar2": 21.7783050537,
        "max": 28.8853569031,
        "mean": 12.426076889,
        "median": 11.346871376,
        "min": 3.42867469788,
        "stdev": 5.10749292374,
        "var": 26.0864849091
    },
    "erbbands_flatness_db": {
        "dmean": 0.0239479467273,
        "dmean2": 0.0355978049338,
        "dvar": 0.000592071795836,
        "dvar2": 0.00133572344203,
        "max": 0.361952781677,
        "mean": 0.214769124985,
        "median": 0.217499569058,
        "min": 0.0779201239347,
        "stdev": 0.05046338588,
        "var": 0.00254655326717
    },
    "erbbands_kurtosis": {
        "dmean": 3.11250519753,
        "dmean2": 4.86712646484,
        "dvar": 15.2654447556,
        "dvar2": 36.6754264832,
        "max": 54.3732910156,
        "mean": 5.62267208099,
        "median": 3.58813619614,
        "min": -1.61426353455,
        "stdev": 6.61425495148,
        "var": 43.7483673096
    },
    "erbbands_skewness": {
        "dmean": 0.491427153349,
        "dmean2": 0.765634894371,
        "dvar": 0.222480967641,
        "dvar2": 0.535778701305,
        "max": 5.60007572174,
        "mean": 1.4904512167,
        "median": 1.35411858559,
        "min": -2.37789154053,
        "stdev": 0.919664442539,
        "var": 0.845782637596
    },
    "erbbands_spread": {
        "dmean": 6.3335518837,
        "dmean2": 10.0235099792,
        "dvar": 63.3619041443,
        "dvar2": 144.591659546,
        "max": 101.768821716,
        "mean": 20.4926986694,
        "median": 15.5608701706,
        "min": 2.10198259354,
        "stdev": 15.4596576691,
        "var": 239.001022339
    },
    "hfc": {
        "dmean": 4.07852125168,
        "dmean2": 6.01448488235,
        "dvar": 40.9350242615,
        "dvar2": 82.3430633545,
        "max": 115.257766724,
        "mean": 11.1927261353,
        "median": 5.82408332825,
        "min": 1.21713539088e-16,
        "stdev": 14.2582044601,
        "var": 203.296401978
    },
    "loudness_ebu128": {
        "integrated": -14.0067558289,
        "loudness_range": 7.97508811951,
        "momentary": {
            "dmean": 1.06050825119,
            "dmean2": 1.12160050869,
            "dvar": 2.04042458534,
            "dvar2": 2.84215283394,
            "max": -8.58596420288,
            "mean": -16.5327301025,
            "median": -14.9903640747,
            "min": -27.9678192139,
            "stdev": 4.98266887665,
            "var": 24.8269901276
        },
        "short_term": {
            "dmean": 0.156411424279,
            "dmean2": 0.132201254368,
            "dvar": 0.041174210608,
            "dvar2": 0.0355260521173,
            "max": -11.5011997223,
            "mean": -15.3529520035,
            "median": -14.5907993317,
            "min": -19.9363594055,
            "stdev": 2.71321940422,
            "var": 7.36155891418
        }
    },
    "melbands_crest": {
        "dmean": 3.18515372276,
        "dmean2": 5.14514398575,
        "dvar": 7.90309810638,
        "dvar2": 20.4693946838,
        "max": 29.8786659241,
        "mean": 14.1707115173,
        "median": 13.1287326813,
        "min": 2.62031388283,
        "stdev": 5.26921272278,
        "var": 27.7646007538
    },
    "melbands_flatness_db": {
        "dmean": 0.0273449961096,
        "dmean2": 0.0416289679706,
        "dvar": 0.000998341711238,
        "dvar2": 0.00222249608487,
        "max": 0.663690686226,
        "mean": 0.296757906675,
        "median": 0.283806860447,
        "min": 0.00660826731473,
        "stdev": 0.0875122919679,
        "var": 0.0076584010385
    },
    "melbands_kurtosis": {
        "dmean": 6.07725524902,
        "dmean2": 9.69700336456,
        "dvar": 112.191246033,
        "dvar2": 252.442947388,
        "max": 261.794677734,
        "mean": 12.0955553055,
        "median": 7.21112060547,
        "min": -1.44763183594,
        "stdev": 17.5071468353,
        "var": 306.500213623
    },
    "melbands_skewness": {
        "dmean": 0.625488102436,
        "dmean2": 0.980391979218,
        "dvar": 0.405587643385,
        "dvar2": 0.952909767628,
        "max": 9.92140102386,
        "mean": 1.75006139278,
        "median": 1.50227439404,
        "min": -1.64750754833,
        "stdev": 1.46417450905,
        "var": 2.14380693436
    },
    "melbands_spread": {
        "dmean": 3.52984976768,
        "dmean2": 5.53089237213,
        "dvar": 60.8462219238,
        "dvar2": 114.929473877,
        "max": 177.180267334,
        "mean": 10.6375989914,
        "median": 9.14191627502,
        "min": 0.541380763054,
        "stdev": 10.6799612045,
        "var": 114.061569214
    },
    "pitch_salience": {
        "dmean": 0.0762095227838,
        "dmean2": 0.125930964947,
        "dvar": 0.00437159184366,
        "dvar2": 0.0105646923184,
        "max": 0.875873804092,
        "mean": 0.567849576473,
        "median": 0.588062345982,
        "min": 0.235933095217,
        "stdev": 0.122342832386,
        "var": 0.0149677684531
    },
    "silence_rate_20dB": {
        "dmean": 0,
        "dmean2": 0,
        "dvar": 0,
        "dvar2": 0,
        "max": 1,
        "mean": 1,
        "median": 1,
        "min": 1,
        "stdev": 0,
        "var": 0
    },
    "silence_rate_30dB": {
        "dmean": 0.0247678011656,
        "dmean2": 0.0495739728212,
        "dvar": 0.024154510349,
        "dvar2": 0.048665035516,
        "max": 1,
        "mean": 0.95204949379,
        "median": 1,
        "min": 0,
        "stdev": 0.213661715388,
        "var": 0.0456513315439
    },
    "silence_rate_60dB": {
        "dmean": 0.0472136214375,
        "dmean2": 0.0945003852248,
        "dvar": 0.0449839495122,
        "dvar2": 0.094866886735,
        "max": 1,
        "mean": 0.228151589632,
        "median": 0,
        "min": 0,
        "stdev": 0.419638127089,
        "var": 0.17609615624
    },
    "spectral_centroid": {
        "dmean": 127.395729065,
        "dmean2": 201.59046936,
        "dvar": 124619.304688,
        "dvar2": 201945.125,
        "max": 10795.96875,
        "mean": 663.633483887,
        "median": 623.359008789,
        "min": 128.281021118,
        "stdev": 453.289276123,
        "var": 205471.15625
    },
    "spectral_complexity": {
        "dmean": 1.79643964767,
        "dmean2": 2.92796278,
        "dvar": 5.23177337646,
        "dvar2": 12.6353855133,
        "max": 29,
        "mean": 9.83372020721,
        "median": 9,
        "min": 0,
        "stdev": 4.1500544548,
        "var": 17.222951889
    },
    "spectral_decrease": {
        "dmean": 2.26003682435e-09,
        "dmean2": 3.29195048998e-09,
        "dvar": 2.08261049533e-17,
        "dvar2": 3.68107747208e-17,
        "max": -1.96993323064e-29,
        "mean": -6.25483442818e-09,
        "median": -3.31392202568e-09,
        "min": -5.74394860564e-08,
        "stdev": 8.84563355896e-09,
        "var": 7.82452376029e-17
    },
    "spectral_energy": {
        "dmean": 0.00885458756238,
        "dmean2": 0.0129123264924,
        "dvar": 0.000309576804284,
        "dvar2": 0.00054877391085,
        "max": 0.221796900034,
        "mean": 0.0246223863214,
        "median": 0.0133308507502,
        "min": 1.1114132804e-20,
        "stdev": 0.0342727936804,
        "var": 0.00117462442722
    },
    "spectral_energyband_high": {
        "dmean": 7.46156292735e-05,
        "dmean2": 0.00011839466606,
        "dvar": 4.70591778878e-08,
        "dvar2": 9.93204878341e-08,
        "max": 0.0042759780772,
        "mean": 0.000143031880725,
        "median": 5.31093719474e-05,
        "min": 7.98487865834e-21,
        "stdev": 0.00031793868402,
        "var": 1.01084999926e-07
    },
    "spectral_energyband_low": {
        "dmean": 0.00413327151909,
        "dmean2": 0.00604413449764,
        "dvar": 0.000201589180506,
        "dvar2": 0.000343487714417,
        "max": 0.193762242794,
        "mean": 0.00947712641209,
        "median": 0.000884502194822,
        "min": 4.37948122219e-23,
        "stdev": 0.0260878819972,
        "var": 0.000680577591993
    },
    "spectral_energyband_middle_high": {
        "dmean": 0.00103169470094,
        "dmean2": 0.00161566131283,
        "dvar": 9.91087381408e-06,
        "dvar2": 2.26462361752e-05,
        "max": 0.0777916237712,
        "mean": 0.00232912553474,
        "median": 0.000596400001086,
        "min": 1.87807521061e-21,
        "stdev": 0.00637377984822,
        "var": 4.06250692322e-05
    },
    "spectral_energyband_middle_low": {
        "dmean": 0.00585518963635,
        "dmean2": 0.00880272034556,
        "dvar": 9.67239466263e-05,
        "dvar2": 0.000219427383854,
        "max": 0.155731469393,
        "mean": 0.0131753180176,
        "median": 0.00725139956921,
        "min": 2.38798823545e-22,
        "stdev": 0.0171226896346,
        "var": 0.000293186516501
    },
    "spectral_entropy": {
        "dmean": 0.216303542256,
        "dmean2": 0.326267629862,
        "dvar": 0.0663377419114,
        "dvar2": 0.143312454224,
        "max": 9.79257106781,
        "mean": 6.71408939362,
        "median": 6.71724414825,
        "min": 4.91475820541,
        "stdev": 0.556036949158,
        "var": 0.309177070856
    },
    "spectral_flux": {
        "dmean": 0.0214645005763,
        "dmean2": 0.0348427221179,
        "dvar": 0.00123814202379,
        "dvar2": 0.00286218011752,
        "max": 0.387853145599,
        "mean": 0.0610636211932,
        "median": 0.0529868714511,
        "min": 1.05423586527e-10,
        "stdev": 0.0485049001873,
        "var": 0.00235272548161
    },
    "spectral_kurtosis": {
        "dmean": 4.90238857269,
        "dmean2": 8.12683773041,
        "dvar": 60.5054779053,
        "dvar2": 155.193710327,
        "max": 128.497924805,
        "mean": 14.680065155,
        "median": 9.5674571991,
        "min": -1.17397201061,
        "stdev": 15.9509716034,
        "var": 254.433486938
    },
    "spectral_rms": {
        "dmean": 0.000784611562267,
        "dmean2": 0.00114652118646,
        "dvar": 1.2106684153e-06,
        "dvar2": 2.08701681004e-06,
        "max": 0.0147101059556,
        "mean": 0.0040615350008,
        "median": 0.00360634271055,
        "min": 3.29287964083e-12,
        "stdev": 0.00274331076071,
        "var": 7.525753972e-06
    },
    "spectral_rolloff": {
        "dmean": 218.597793579,
        "dmean2": 357.456604004,
        "dvar": 618402.0625,
        "dvar2": 1015099.1875,
        "max": 18453.9550781,
        "mean": 749.016174316,
        "median": 624.462890625,
        "min": 107.666015625,
        "stdev": 1033.69934082,
        "var": 1068534.25
    },
    "spectral_skewness": {
        "dmean": 0.430198222399,
        "dmean2": 0.695383489132,
        "dvar": 0.260598152876,
        "dvar2": 0.660629034042,
        "max": 9.23983478546,
        "mean": 2.92833089828,
        "median": 2.65662837029,
        "min": 0.0243617426604,
        "stdev": 1.16693711281,
        "var": 1.36174225807
    },
    "spectral_spread": {
        "dmean": 579327.1875,
        "dmean2": 857367.875,
        "dvar": 1.1755430871e+12,
        "dvar2": 1.71472846848e+12,
        "max": 39271260,
        "mean": 3895473,
        "median": 3977919,
        "min": 745604.1875,
        "stdev": 2112851.75,
        "var": 4.46414245069e+12
    },
    "spectral_strongpeak": {
        "dmean": 0.53323829174,
        "dmean2": 0.807561218739,
        "dvar": 0.626349270344,
        "dvar2": 1.35303533077,
        "max": 11.368021965,
        "mean": 1.2438699007,
        "median": 0.67290943861,
        "min": 0,
        "stdev": 1.58886885643,
        "var": 2.52450442314
    },
    "zerocrossingrate": {
        "dmean": 0.00667872000486,
        "dmean2": 0.00763133307919,
        "dvar": 0.000292077602353,
        "dvar2": 0.000297721591778,
        "max": 0.50634765625,
        "mean": 0.0349855609238,
        "median": 0.03173828125,
        "min": 0.00390625,
        "stdev": 0.0285240970552,
        "var": 0.000813624064904
    },
    "barkbands": {
        "dmean": [9.59170793067e-05, 0.00207750708796, 0.00233274744824, 0.000808734854218, 0.00125543866307, 0.000577473430894, 0.00170224788599, 0.000967102416325, 0.00270008901134, 0.000532753532752, 0.00028955785092, 0.00023092412448, 0.000305695575662, 8.53445744724e-05, 3.08868002321e-05, 2.01767070394e-05, 2.69061511062e-05, 2.66989500233e-05, 1.26953409563e-05, 4.03222256864e-05, 1.20838212752e-05, 9.48100750975e-06, 8.61546504893e-06, 1.69487702806e-05, 1.80371644092e-05, 4.49668505098e-06, 2.19968029569e-07],
        "dmean2": [0.000154385823407, 0.00314868357964, 0.00385346030816, 0.00143545365427, 0.00202958541922, 0.000938371929806, 0.00268353661522, 0.00152019842062, 0.00371672376059, 0.000851141870953, 0.000406407081755, 0.000396909774281, 0.000513580802362, 0.000136536647915, 5.39024731552e-05, 3.303772246e-05, 4.55253721157e-05, 4.43174394604e-05, 2.20050678763e-05, 6.89601583872e-05, 2.16305088543e-05, 1.60262461577e-05, 1.33052626552e-05, 2.42310015892e-05, 2.73284895229e-05, 7.42870861359e-06, 3.84455205449e-07],
        "dvar": [6.20234388293e-08, 6.33901872789e-05, 6.11461000517e-05, 1.32991308419e-05, 1.17135214168e-05, 1.5744914208e-06, 1.18378138723e-05, 4.97927476317e-06, 3.91227040382e-05, 4.67839390694e-06, 2.00504337045e-06, 4.16471408471e-07, 1.90140247014e-06, 4.28948716547e-08, 6.35438590635e-09, 2.79241452183e-09, 5.51892842537e-09, 3.89855703276e-09, 1.19265786136e-09, 9.20877152311e-09, 1.67061364742e-09, 1.16341192236e-09, 7.37782945848e-10, 4.3018393292e-09, 3.25729088146e-09, 1.33190319884e-10, 7.29015589215e-13],
        "dvar2": [1.47484925606e-07, 0.000138879637234, 0.000110349239549, 3.80717865482e-05, 3.13143391395e-05, 4.01756733481e-06, 2.72465476883e-05, 1.17121508083e-05, 6.53268434689e-05, 1.16747060019e-05, 2.34475373873e-06, 1.11444717277e-06, 5.44122576684e-06, 9.66784412526e-08, 1.742344935e-08, 7.17467418809e-09, 1.43172993461e-08, 9.7193231241e-09, 3.28329385901e-09, 2.65650932363e-08, 4.66176253155e-09, 2.76697709189e-09, 1.29850807884e-09, 6.3359331115e-09, 7.40121919307e-09, 3.43449019224e-10, 1.92575447776e-12],
        "max": [0.00368157611229, 0.112434484065, 0.0957394018769, 0.0399327501655, 0.0563235133886, 0.0193586610258, 0.0525619573891, 0.0407476685941, 0.132603347301, 0.0638313144445, 0.0630105882883, 0.0112984385341, 0.0373043678701, 0.00351802329533, 0.000848664727528, 0.00074751523789, 0.00177384458948, 0.00111494085286, 0.000459818926174, 0.00112748076208, 0.000530598161276, 0.000693623675033, 0.000813863589428, 0.0017952361377, 0.00155360391364, 0.000116440547572, 1.21265165944e-05],
        "mean": [0.000172322237631, 0.00463158683851, 0.00428439071402, 0.000805640069302, 0.00222719553858, 0.000913343334105, 0.00258965464309, 0.00154099997599, 0.004860681016, 0.000778626301326, 0.00061851675855, 0.000301372376271, 0.0004268255434, 0.000117534320452, 4.21485528932e-05, 2.97904116451e-05, 4.24584068242e-05, 3.87940308428e-05, 1.70293133124e-05, 6.92178946338e-05, 1.43553224916e-05, 9.26480697672e-06, 1.58657348948e-05, 2.83808494714e-05, 4.01183824579e-05, 6.13527890891e-06, 1.59921142995e-07],
        "median": [5.43759524589e-05, 0.000426434999099, 0.000238479464315, 0.000231693746173, 0.000852263241541, 0.000358467397746, 0.000816871994175, 0.000275915605016, 0.000680556986481, 0.000150646388647, 4.57918649772e-05, 6.18307676632e-05, 5.75081066927e-05, 2.49065778917e-05, 1.05177177829e-05, 1.27639159473e-05, 1.10627424874e-05, 8.93698052096e-06, 4.01828719987e-06, 1.444298141e-05, 3.38256722898e-06, 6.42914642413e-07, 3.8339103412e-06, 8.04005776445e-06, 1.6861500626e-05, 1.19718993119e-06, 1.02322261775e-09],
        "min": [2.1138862708e-23, 2.65529444738e-23, 3.42408744114e-24, 1.51062145962e-23, 6.94154556344e-23, 1.2037255374e-23, 5.51890686498e-23, 3.59923026043e-23, 4.24973632248e-23, 6.40643786114e-23, 2.22600694505e-22, 9.00680297705e-23, 1.54562880312e-22, 7.06711076253e-23, 1.50857291406e-22, 1.9733553706e-22, 1.44431230472e-22, 3.59347296422e-22, 2.04956955768e-22, 3.57899124505e-22, 3.76516090407e-22, 7.05672607136e-22, 5.56920299547e-22, 8.05253914459e-22, 1.19554942326e-21, 2.0215823631e-21, 2.44243069458e-21],
        "stdev": [0.000353647541488, 0.0128567004576, 0.0130009613931, 0.00286692543887, 0.00399391492829, 0.00170090282336, 0.00507040554658, 0.00359095516615, 0.0114056039602, 0.00288172857836, 0.0038919148501, 0.000787991390098, 0.00155546225142, 0.000271266238997, 9.10433809622e-05, 6.59964134684e-05, 0.000110146669613, 7.84861913417e-05, 3.48210414813e-05, 0.000112455207272, 3.74332048523e-05, 4.04056590924e-05, 4.69504993816e-05, 0.000109105138108, 8.62874439918e-05, 1.29657983052e-05, 7.30184297026e-07],
        "var": [1.25066577539e-07, 0.00016529475397, 0.000169025006471, 8.219261872e-06, 1.5951356545e-05, 2.89307035928e-06, 2.57090141531e-05, 1.28949595819e-05, 0.00013008780661, 8.30435965327e-06, 1.51470012497e-05, 6.20930393325e-07, 2.41946281676e-06, 7.35853689093e-08, 8.28889668014e-09, 4.35552660605e-09, 1.21322880631e-08, 6.1600822221e-09, 1.2125049853e-09, 1.26461729977e-08, 1.40124489789e-09, 1.63261715258e-09, 2.20434936971e-09, 1.19039311741e-08, 7.44552242082e-09, 1.68111927157e-10, 5.33169103485e-13]
    },
    "erbbands": {
        "dmean": [0.0476251468062, 0.539991796017, 2.73794198036, 2.26102256775, 3.96534156799, 4.67049264908, 2.0730445385, 5.46449279785, 19.1857337952, 21.0283641815, 35.6811714172, 51.2339706421, 34.5469436646, 14.0930633545, 6.66505718231, 9.43662643433, 13.1193246841, 6.62943315506, 2.81848025322, 1.28348147869, 0.874713599682, 1.6713821888, 1.4771116972, 0.590405225754, 1.03679418564, 2.12635183334, 0.588580191135, 0.458015620708, 0.369638234377, 0.285332530737, 0.244887381792, 0.335047781467, 0.29804033041, 0.225110605359, 0.11992739886, 0.0295055489987, 0.00748296640813, 0.000884298002347, 3.01393920381e-05, 1.05104718386e-05],
        "dmean2": [0.0738855600357, 0.811252355576, 4.27334165573, 4.03732776642, 6.5278968811, 7.67149353027, 3.43914341927, 8.86336708069, 30.5743274689, 33.0627403259, 52.548286438, 75.2253646851, 47.8273735046, 20.5020084381, 10.3713521957, 16.1431522369, 22.0364189148, 10.7213811874, 4.47707653046, 2.20198512077, 1.41617810726, 2.82002735138, 2.46192264557, 1.02941167355, 1.80694317818, 3.64114379883, 1.02901351452, 0.828961074352, 0.651413738728, 0.437342435122, 0.375463038683, 0.448500365019, 0.45149576664, 0.347647964954, 0.187711909413, 0.0472363270819, 0.0124089485034, 0.00148627453018, 5.0085815019e-05, 1.542418795e-05],
        "dvar": [0.0244710054249, 4.23821783066, 86.0254364014, 92.3057327271, 200.94317627, 140.615997314, 16.9030056, 139.114364624, 1353.04284668, 2549.58422852, 7237.95214844, 12622.9833984, 12837.3652344, 4102.74902344, 413.97354126, 726.835632324, 5116.07910156, 295.771148682, 46.1735076904, 10.6910457611, 4.6414270401, 23.6935081482, 11.2388038635, 2.80572652817, 7.08093070984, 23.7099838257, 2.78329014778, 2.870626688, 1.86857903004, 0.686690568924, 0.705139279366, 2.23362088203, 1.1096303463, 0.605410814285, 0.0979346707463, 0.00495564099401, 0.000551710720174, 1.05086546682e-05, 1.26380861332e-08, 3.84701742684e-10],
        "dvar2": [0.0550522878766, 8.89714336395, 141.199005127, 263.484588623, 552.093322754, 370.817474365, 47.6349601746, 355.132293701, 3463.16259766, 5229.83056641, 14418.7529297, 26517.6640625, 19984.7265625, 6638.90917969, 874.791809082, 1953.37817383, 14958.7617188, 744.841796875, 102.836257935, 29.1752910614, 11.3864393234, 61.8723258972, 28.0109958649, 8.03442573547, 19.7283706665, 67.6356887817, 7.77033996582, 7.92195653915, 4.73661231995, 1.42827022076, 1.1174094677, 3.16425585747, 2.10247683525, 1.26841938496, 0.239491060376, 0.0117188980803, 0.00144918332808, 2.79403757304e-05, 3.40823298473e-08, 7.00321634017e-10],
        "max": [2.20945239067, 29.4688835144, 124.132110596, 110.658325195, 163.518890381, 229.429260254, 61.5899505615, 183.249450684, 485.817504883, 860.770568848, 2123.13354492, 1672.15759277, 2594.58666992, 2592.98974609, 564.403930664, 506.970123291, 1979.11645508, 303.88671875, 104.127334595, 38.4149589539, 31.247303009, 114.594398499, 59.9542312622, 16.8981246948, 28.7510185242, 51.2361831665, 22.7674751282, 23.0718841553, 24.3401050568, 19.8450164795, 27.8452701569, 48.3105010986, 24.5820007324, 21.5135040283, 6.96118545532, 1.04530835152, 0.229309901595, 0.0487125366926, 0.00176108267624, 0.000245530041866],
        "mean": [0.105064623058, 1.15306222439, 5.4394659996, 2.82326841354, 5.6634106636, 8.76605129242, 3.83172130585, 8.22410774231, 28.4396934509, 33.5885162354, 66.2602539062, 90.0176620483, 56.7743492126, 29.1287250519, 11.6472597122, 13.3262958527, 18.9480743408, 9.89040279388, 4.36594581604, 1.79012930393, 1.67030155659, 2.63941884041, 2.31348156929, 0.876591265202, 1.62574315071, 3.51040863991, 0.91400706768, 0.483017355204, 0.358128368855, 0.409067422152, 0.434239178896, 0.521246671677, 0.524190247059, 0.490478932858, 0.247185140848, 0.0543604679406, 0.00792526546866, 0.000761320639867, 3.71541536879e-05, 2.92090699077e-05],
        "median": [0.0126810194924, 0.0953516885638, 0.292358160019, 0.649567306042, 1.78902733326, 3.01034402847, 2.17811799049, 2.96346139908, 9.93717288971, 9.14126586914, 13.240571022, 15.5346908569, 7.75778722763, 3.08477759361, 1.69575703144, 2.82888913155, 2.65281653404, 1.9228272438, 1.09073734283, 0.544330775738, 0.767180383205, 0.64672267437, 0.596118748188, 0.281805634499, 0.404610127211, 0.665127515793, 0.233246251941, 0.0953865945339, 0.0341359786689, 0.0780204236507, 0.096120968461, 0.0788182839751, 0.168360710144, 0.190467298031, 0.100271418691, 0.0154694840312, 0.00119258149061, 6.99124357197e-05, 1.32124632728e-05, 1.69462746271e-05],
        "min": [1.02585027118e-21, 5.19740762542e-21, 4.63443286261e-21, 2.46701770933e-20, 8.27867107838e-20, 3.32826149026e-19, 1.83185647772e-19, 1.47545291536e-19, 6.96450041714e-19, 4.73749549565e-19, 1.15469502128e-18, 1.01606244574e-18, 1.62165667503e-18, 4.28796905144e-18, 8.43396661282e-18, 4.10348295943e-18, 6.30347609122e-18, 4.90133381541e-18, 3.771706606e-18, 1.08880369552e-17, 1.03108402499e-17, 9.6801919606e-18, 2.23067003471e-17, 1.13096269251e-17, 1.27656757343e-17, 1.43243329897e-17, 1.73893630684e-17, 1.32839366481e-17, 2.67311670209e-17, 2.10856725751e-17, 1.54929539068e-17, 1.80447465395e-17, 1.20589458538e-17, 1.19347579197e-17, 8.94559188375e-18, 6.16203068802e-18, 4.10765898075e-18, 1.36304196524e-18, 3.57605869389e-19, 3.70995642297e-20],
        "stdev": [0.260216832161, 3.34006381035, 16.3727474213, 8.73962974548, 13.5222148895, 16.7310314178, 4.94561624527, 15.7145938873, 49.3228263855, 77.8224716187, 165.494354248, 188.20892334, 194.803131104, 157.781616211, 41.866809845, 33.6743164062, 79.0605010986, 21.7455272675, 9.51237392426, 3.49005961418, 3.29889297485, 6.68834209442, 4.39448451996, 1.664965868, 2.86012411118, 5.84475660324, 1.70666432381, 1.54191792011, 1.49411284924, 1.17564737797, 1.51174724102, 2.54108524323, 1.62461876869, 1.23107898235, 0.436826705933, 0.0973173901439, 0.0226617660373, 0.00285443547182, 9.67029191088e-05, 3.84211125493e-05],
        "var": [0.0677128061652, 11.1560268402, 268.066864014, 76.3811340332, 182.850296021, 279.927398682, 24.4591178894, 246.948471069, 2432.74121094, 6056.33691406, 27388.3808594, 35422.6015625, 37948.2617188, 24895.0371094, 1752.82971191, 1133.95947266, 6250.5625, 472.867950439, 90.4852523804, 12.1805152893, 10.8826942444, 44.733921051, 19.3114948273, 2.77211117744, 8.18030929565, 34.1611824036, 2.91270327568, 2.37751078606, 2.23237323761, 1.38214683533, 2.28537964821, 6.45711374283, 2.63938617706, 1.51555538177, 0.190817579627, 0.00947067514062, 0.000513555598445, 8.14780196379e-06, 9.3514547217e-09, 1.47618195445e-09]
    },
    "gfcc": {
        "mean": [-89.7420730591, 137.188110352, -93.7339859009, 5.50640630722, -67.0847015381, 13.2816696167, -40.1322975159, 20.1937198639, -20.1406402588, 6.01927995682, -10.7125673294, -13.6371660233, -6.63526773453],
        "cov": [[9289.84570312, -2623.0612793, -665.66583252, -258.145568848, -974.956726074, 556.727783203, -224.154937744, 1053.26525879, -1358.02600098, 285.525817871, 220.266159058, -502.956115723, -281.213806152], [-2623.0612793, 1708.37365723, 397.796905518, -18.0914230347, 595.434997559, -169.852706909, 175.413101196, -373.118774414, 464.599212646, -188.376739502, -17.6848678589, 40.6066856384, 146.354385376], [-665.66583252, 397.796905518, 719.127929688, 223.596511841, 296.025848389, 46.0300331116, 5.92412805557, -96.6608810425, 146.86555481, -44.2281074524, -31.3892364502, 53.0622291565, 27.3918094635], [-258.145568848, -18.0914230347, 223.596511841, 394.952423096, 108.241256714, -4.53071022034, -6.14837121964, -66.1435241699, 133.291519165, -13.3254594803, -23.9758987427, 104.810661316, 7.12727642059], [-974.956726074, 595.434997559, 296.025848389, 108.241256714, 438.833007812, -45.1215438843, 54.5609092712, -110.069976807, 171.037322998, -76.9587020874, -40.4245223999, 43.6004333496, 71.0080490112], [556.727783203, -169.852706909, 46.0300331116, -4.53071022034, -45.1215438843, 185.789535522, 35.4885559082, 47.6330757141, -95.6195602417, 2.33505940437, 15.5035009384, -34.2114906311, -30.9148960114], [-224.154937744, 175.413101196, 5.92412805557, -6.14837121964, 54.5609092712, 35.4885559082, 200.531494141, -34.6268386841, 47.5888442993, -21.7444267273, 14.9968357086, 7.79689311981, -16.1655254364], [1053.26525879, -373.118774414, -96.6608810425, -66.1435241699, -110.069976807, 47.6330757141, -34.6268386841, 283.80090332, -195.213027954, 51.6338119507, 38.9405784607, -108.243896484, 9.59154224396], [-1358.02600098, 464.599212646, 146.86555481, 133.291519165, 171.037322998, -95.6195602417, 47.5888442993, -195.213027954, 369.401092529, -44.0914382935, -71.9702148438, 119.201057434, 28.5151901245], [285.525817871, -188.376739502, -44.2281074524, -13.3254594803, -76.9587020874, 2.33505940437, -21.7444267273, 51.6338119507, -44.0914382935, 107.081054688, 39.9993171692, -15.4470872879, -20.2682666779], [220.266159058, -17.6848678589, -31.3892364502, -23.9758987427, -40.4245223999, 15.5035009384, 14.9968357086, 38.9405784607, -71.9702148438, 39.9993171692, 121.238571167, -34.1208648682, -3.58353233337], [-502.956115723, 40.6066856384, 53.0622291565, 104.810661316, 43.6004333496, -34.2114906311, 7.79689311981, -108.243896484, 119.201057434, -15.4470872879, -34.1208648682, 159.370849609, 5.50129270554], [-281.213806152, 146.354385376, 27.3918094635, 7.12727642059, 71.0080490112, -30.9148960114, -16.1655254364, 9.59154224396, 28.5151901245, -20.2682666779, -3.58353233337, 5.50129270554, 81.7504806519]],
        "icov": [[0.000386064639315, -7.15075657354e-05, 0.000131172171677, -0.000321389612509, 0.00017920913524, -0.000466200348455, 0.000220335830818, -0.000821374298539, 0.000842055189423, -0.000101081823232, 0.000190958671737, 5.55610095034e-05, 0.000933946052101], [-7.15075657354e-05, 0.00422470457852, -0.000990567496046, 0.00222602509893, -0.00268679182045, 0.00166429870296, -0.00173224357422, 0.00349772558548, -0.00326245534234, 0.00308108353056, -0.00322848651558, 0.00329944631085, -0.00392295746133], [0.000131172171677, -0.000990567496046, 0.00271078385413, -0.00148191407789, -0.000896675803233, -0.00180194363929, 0.00115786551032, -0.000882913474925, 0.000579369952902, -0.000886410474777, 0.000639902835246, -0.000493977859151, 0.00151490408462], [-0.000321389612509, 0.00222602509893, -0.00148191407789, 0.0052174446173, -0.00173479912337, 0.000815329083707, -0.000508554745466, 0.00154621072579, -0.00326868589036, 0.00174558453728, -0.00230547203682, -0.000605073117185, -0.00200327369384], [0.00017920913524, -0.00268679182045, -0.000896675803233, -0.00173479912337, 0.00644670985639, -0.000273746205494, -0.000169342660229, -0.00177092792001, 0.00187509693205, -0.000718638009857, 0.00246827839874, -0.0012610576814, -0.000289766991045], [-0.000466200348455, 0.00166429870296, -0.00180194363929, 0.000815329083707, -0.000273746205494, 0.00901237223297, -0.00295480224304, 0.00201417831704, 0.000131463486468, 0.00201290124096, -0.00089601468062, 0.00162726501003, -0.00092080043396], [0.000220335830818, -0.00173224357422, 0.00115786551032, -0.000508554745466, -0.000169342660229, -0.00295480224304, 0.00738004874438, -0.0022037201561, -2.65157432295e-05, 0.00013995973859, -0.000729732040782, -0.0016343150055, 0.00438501266763], [-0.000821374298539, 0.00349772558548, -0.000882913474925, 0.00154621072579, -0.00177092792001, 0.00201417831704, -0.0022037201561, 0.0116924876347, -0.00133181316778, 9.26690190681e-05, -0.00172042078339, 0.00568677438423, -0.00840453337878], [0.000842055189423, -0.00326245534234, 0.000579369952902, -0.00326868589036, 0.00187509693205, 0.000131463486468, -2.65157432295e-05, -0.00133181316778, 0.0107349241152, -0.00358090456575, 0.00525639858097, -0.0033046216704, 0.00322066317312], [-0.000101081823232, 0.00308108353056, -0.000886410474777, 0.00174558453728, -0.000718638009857, 0.00201290124096, 0.00013995973859, 9.26690190681e-05, -0.00358090456575, 0.0155995152891, -0.00663822470233, 0.00148286262993, 0.000409223313909], [0.000190958671737, -0.00322848651558, 0.000639902835246, -0.00230547203682, 0.00246827839874, -0.00089601468062, -0.000729732040782, -0.00172042078339, 0.00525639858097, -0.00663822470233, 0.0138035351411, -0.000932611059397, 0.00118663080502], [5.55610095034e-05, 0.00329944631085, -0.000493977859151, -0.000605073117185, -0.0012610576814, 0.00162726501003, -0.0016343150055, 0.00568677438423, -0.0033046216704, 0.00148286262993, -0.000932611059397, 0.0133690666407, -0.00419734790921], [0.000933946052101, -0.00392295746133, 0.00151490408462, -0.00200327369384, -0.000289766991045, -0.00092080043396, 0.00438501266763, -0.00840453337878, 0.00322066317312, 0.000409223313909, 0.00118663080502, -0.00419734790921, 0.0232043880969]]
    },
    "melbands": {
        "dmean": [0.000474583765026, 0.00108174269553, 0.00043418086716, 0.000315108598443, 9.0022207587e-05, 0.000137393188197, 0.000312251911964, 0.000199101079488, 0.000345630309312, 0.00034223558032, 0.000173914319021, 5.99040467932e-05, 3.04000041069e-05, 2.3468017389e-05, 2.188599683e-05, 3.48222019966e-05, 1.00779807326e-05, 5.7791457948e-06, 2.07562811738e-06, 1.7080658381e-06, 1.04483558516e-06, 1.59036414971e-06, 2.13866724152e-06, 9.07610683498e-07, 4.45391492576e-07, 6.02436330155e-07, 1.27509463255e-06, 1.50340531491e-06, 4.13603913785e-07, 2.55457194953e-07, 3.03022545722e-07, 2.10523367628e-07, 1.9143344332e-07, 1.52281117494e-07, 1.23987291545e-07, 2.02763075663e-07, 2.14120234432e-07, 1.97558037485e-07, 2.30736020512e-07, 2.00749283863e-07],
        "dmean2": [0.000726557220332, 0.00161943212152, 0.000757832312956, 0.000511426536832, 0.000150127714733, 0.000222480899538, 0.00049513252452, 0.000313712254865, 0.000502713548485, 0.000492645660415, 0.00024094870605, 8.91636227607e-05, 4.56287671113e-05, 4.02977893827e-05, 3.75308118237e-05, 5.81282984058e-05, 1.60896488524e-05, 9.03722502699e-06, 3.57764611181e-06, 2.8496149298e-06, 1.71726321696e-06, 2.68703161055e-06, 3.63779872714e-06, 1.5652607317e-06, 7.8682990079e-07, 1.06317736481e-06, 2.19380308408e-06, 2.57606734522e-06, 7.20269667909e-07, 4.60108168454e-07, 5.46532362478e-07, 3.74775368073e-07, 3.17771167602e-07, 2.30458923056e-07, 2.0127812661e-07, 2.91389341101e-07, 2.93893918979e-07, 2.96006078315e-07, 3.57826195341e-07, 3.09957158606e-07],
        "dvar": [3.00850729218e-06, 1.36387589009e-05, 3.26640156345e-06, 7.7973891166e-07, 3.77139635077e-08, 8.7653958758e-08, 3.63238484624e-07, 2.23231850782e-07, 7.29613134354e-07, 6.92636206168e-07, 3.4486970435e-07, 7.32980893758e-08, 1.34719426725e-08, 6.09025807563e-09, 4.32213065338e-09, 2.64898130098e-08, 6.17894235777e-10, 2.19974025106e-10, 2.95274776851e-11, 2.3634705304e-11, 6.95572115531e-12, 2.42710296305e-11, 2.36647750007e-11, 5.20239667318e-12, 1.4829587211e-12, 3.10343872996e-12, 9.22385345187e-12, 1.18080597383e-11, 9.66562658904e-13, 1.00305571141e-12, 1.22211821826e-12, 6.54578279601e-13, 5.22010928407e-13, 1.57222962405e-13, 1.61204356071e-13, 6.46532252648e-13, 1.03503457975e-12, 5.18172906926e-13, 6.38974550354e-13, 4.03980072051e-13],
        "dvar2": [6.81495112076e-06, 2.2615888156e-05, 9.19920512388e-06, 2.07959396903e-06, 1.05692969044e-07, 2.24454382192e-07, 8.94703589438e-07, 4.60354470988e-07, 1.39056453463e-06, 1.32836839839e-06, 5.4661137483e-07, 1.3590386061e-07, 2.35135555471e-08, 1.62530291448e-08, 1.23967724974e-08, 7.51950253175e-08, 1.48326173566e-09, 4.71150007897e-10, 7.94554005923e-11, 6.17563153393e-11, 1.78389490679e-11, 6.41577554972e-11, 5.75097157396e-11, 1.43305159406e-11, 4.27111427823e-12, 8.59200037506e-12, 2.64185947424e-11, 3.36435670989e-11, 2.67473543314e-12, 2.83608900253e-12, 3.42722530043e-12, 1.71246556432e-12, 1.25191794865e-12, 3.19597592748e-13, 3.02632186889e-13, 1.00417493331e-12, 1.52715091007e-12, 9.65422511899e-13, 1.22361723618e-12, 9.04743727853e-13],
        "max": [0.0244184881449, 0.0475394353271, 0.0207139085978, 0.0143866715953, 0.0031199385412, 0.00446190964431, 0.00783382821828, 0.00780889904127, 0.0221492983401, 0.015833703801, 0.0133548285812, 0.00962956342846, 0.00414473796263, 0.00151994486805, 0.00125206622761, 0.00439203344285, 0.000492805847898, 0.00025774090318, 6.44748652121e-05, 6.92097528372e-05, 3.95652132283e-05, 0.000107948639197, 8.09205230325e-05, 2.26094234677e-05, 1.22718201965e-05, 2.41336947511e-05, 3.86403808079e-05, 3.43957435689e-05, 1.45935864566e-05, 1.30697244458e-05, 1.60563340614e-05, 1.28518740894e-05, 1.83357260539e-05, 8.06475509307e-06, 1.2768594388e-05, 2.94435722026e-05, 2.94247984129e-05, 1.74005581357e-05, 2.02573519346e-05, 1.70392231666e-05],
        "mean": [0.00103981106076, 0.00226937164553, 0.000591537798755, 0.000556075305212, 0.000167531339685, 0.000208414392546, 0.000472257088404, 0.000310577714117, 0.000646482920274, 0.000589918636251, 0.000275705358945, 0.000114900030894, 5.59412983421e-05, 3.02280823234e-05, 3.06174115394e-05, 4.80275848531e-05, 1.41372447615e-05, 8.24037124403e-06, 2.80476751868e-06, 2.20819060814e-06, 1.78967081865e-06, 2.43815861722e-06, 3.13019609166e-06, 1.31664501168e-06, 5.89460057654e-07, 7.67145024838e-07, 2.06837580663e-06, 2.36084497374e-06, 6.39864708774e-07, 2.51630467574e-07, 3.04669868001e-07, 1.88135743429e-07, 1.9931620443e-07, 2.49959327903e-07, 2.09714073662e-07, 3.30556389372e-07, 3.11420052412e-07, 3.1142434409e-07, 4.54814994555e-07, 4.09749418395e-07],
        "median": [0.000117625459097, 0.000152209235239, 0.000159264003742, 0.000209485166124, 8.36419276311e-05, 6.93270412739e-05, 0.00016250355111, 7.04876074451e-05, 8.99846272659e-05, 8.20026107249e-05, 3.30604125338e-05, 1.15985103548e-05, 5.52395977138e-06, 5.56940085517e-06, 6.07556103205e-06, 5.84076497034e-06, 2.88093201561e-06, 1.76978198851e-06, 7.14982832051e-07, 8.17064233161e-07, 7.80525510891e-07, 5.72634917262e-07, 7.71283566792e-07, 2.99053397157e-07, 1.84531089076e-07, 1.78976478082e-07, 4.39720082568e-07, 4.23624896939e-07, 1.57888450758e-07, 4.10252880556e-08, 4.060051495e-08, 1.14542260121e-08, 1.50425201184e-08, 4.37240963436e-08, 5.733542352e-08, 3.89048402383e-08, 3.83815610405e-08, 8.47480805533e-08, 1.51296816853e-07, 1.49233315483e-07],
        "min": [9.70407933999e-24, 3.90605542182e-24, 6.2542434789e-24, 1.31961314869e-23, 9.8739329258e-24, 2.99387504673e-24, 1.14809475082e-23, 4.55080918903e-24, 1.02542956219e-23, 5.97840564161e-24, 8.3583891319e-24, 1.59873406729e-23, 2.80997271595e-23, 1.2280076227e-23, 1.66076661788e-23, 1.15563547222e-23, 8.91429310093e-24, 4.26231605067e-24, 1.34374787476e-23, 1.49956904502e-23, 1.12466100654e-23, 8.89111478981e-24, 1.53972679826e-23, 1.89735215648e-23, 7.69261340486e-24, 7.74793385356e-24, 1.38135413629e-23, 7.89151521578e-24, 9.73438974255e-24, 1.10858749228e-23, 6.17637659667e-24, 1.51444096635e-23, 1.37569989687e-23, 1.14894459068e-23, 8.73418195677e-24, 1.00731021606e-23, 1.11379776079e-23, 8.69499765788e-24, 7.21602230011e-24, 1.13620417151e-23],
        "stdev": [0.00275058369152, 0.006668579299, 0.00169443991035, 0.00102050451096, 0.000241531932261, 0.000402959587518, 0.000840154243633, 0.000721119518857, 0.0017144450685, 0.00139559502713, 0.000998583971523, 0.000604490167461, 0.000270880613243, 9.27495348151e-05, 7.83418508945e-05, 0.000181722818525, 3.19262762787e-05, 2.01954553631e-05, 6.28058160146e-06, 5.58245028515e-06, 3.78168260795e-06, 6.79777394907e-06, 6.50929041512e-06, 2.66135202764e-06, 1.19143157917e-06, 1.67544828855e-06, 3.46212164004e-06, 4.05218452215e-06, 1.12971986255e-06, 8.66699963353e-07, 9.99667918222e-07, 8.17691159227e-07, 8.96221251878e-07, 5.89048681832e-07, 6.44698502583e-07, 1.45017111208e-06, 1.64570076322e-06, 1.08974006707e-06, 1.26626639485e-06, 9.75073476184e-07],
        "var": [7.56571034799e-06, 4.446994717e-05, 2.87112675323e-06, 1.04142941382e-06, 5.83376760233e-08, 1.62376437629e-07, 7.05859179106e-07, 5.20013372807e-07, 2.93932203022e-06, 1.94768540496e-06, 9.97169877337e-07, 3.65408396874e-07, 7.33763130256e-08, 8.60247606482e-09, 6.13744521871e-09, 3.30231841872e-08, 1.01928721019e-09, 4.07856415308e-10, 3.94457036479e-11, 3.11637521344e-11, 1.43011236534e-11, 4.62097304865e-11, 4.23708602926e-11, 7.08279442041e-12, 1.4195092584e-12, 2.80712692674e-12, 1.1986286963e-11, 1.64202002689e-11, 1.27626685262e-12, 7.51168821155e-13, 9.99336030594e-13, 6.68618860365e-13, 8.03212531209e-13, 3.46978332568e-13, 4.15636166977e-13, 2.10299637947e-12, 2.70833117218e-12, 1.18753347e-12, 1.60343060444e-12, 9.50768326916e-13]
    },
    "melbands128": {
