{
"lowlevel": {
    "average_loudness": 0.959323585033,
    "barkbands_crest": {
        "dmean": 3.09831023216,
        "dmean2": 4.70257711411,
        "dvar": 11.7685317993,
        "dvar2": 24.6389522552,
        "max": 25.8847084045,
        "mean": 14.8353834152,
        "median": 14.8348722458,
        "min": 2.44626069069,
        "stdev": 6.4780216217,
        "var": 41.9647636414
    },
    "barkbands_flatness_db": {
        "dmean": 0.0377855561674,
        "dmean2": 0.0516012534499,
        "dvar": 0.00200714776292,
        "dvar2": 0.00348561140709,
        "max": 0.549786031246,
        "mean": 0.177232757211,
        "median": 0.164680331945,
        "min": 0.0301433429122,
        "stdev": 0.089777380228,
        "var": 0.00805997755378
    },
    "barkbands_kurtosis": {
        "dmean": 9.91420650482,
        "dmean2": 15.3444471359,
        "dvar": 607.80456543,
        "dvar2": 1364.8380127,
        "max": 508.911651611,
        "mean": 14.2220973969,
        "median": 4.50732040405,
        "min": -1.67436659336,
        "stdev": 30.0557403564,
        "var": 903.34753418
    },
    "barkbands_skewness": {
        "dmean": 0.969998180866,
        "dmean2": 1.42244541645,
        "dvar": 1.46470093727,
        "dvar2": 3.02864933014,
        "max": 13.9747333527,
        "mean": 2.46186161041,
        "median": 1.90807592869,
        "min": -2.03929615021,
        "stdev": 2.21744012833,
        "var": 4.91704034805
    },
    "barkbands_spread": {
        "dmean": 7.37696743011,
        "dmean2": 10.8627748489,
        "dvar": 95.5895309448,
        "dvar2": 198.244430542,
        "max": 79.3464889526,
        "mean": 19.3661670685,
        "median": 15.0224637985,
        "min": 0.164483234286,
        "stdev": 15.4682836533,
        "var": 239.267791748
    },
    "dissonance": {
        "dmean": 0.0285160169005,
        "dmean2": 0.0476664453745,
        "dvar": 0.00104034552351,
        "dvar2": 0.00262045068666,
        "max": 0.500000059605,
        "mean": 0.449072808027,
        "median": 0.460390120745,
        "min": 0.0394297130406,
        "stdev": 0.0421483889222,
        "var": 0.00177648675162
    },
    "dynamic_complexity": 3.02797698975,
    "erbbands_crest": {
        "dmean": 3.17226314545,
        "dmean2": 4.91715955734,
        "dvar": 9.38690376282,
        "dvar2": 19.569814682,
        "max": 31.5910587311,
        "mean": 10.5797996521,
        "median": 9.13210582733,
        "min": 2.69032526016,
        "stdev": 5.71607732773,
        "var": 32.673538208
    },
    "erbbands_flatness_db": {
        "dmean": 0.0233957786113,
        "dmean2": 0.0328537635505,
        "dvar": 0.000600493396632,
        "dvar2": 0.0010745638283,
        "max": 0.388077437878,
        "mean": 0.153873234987,
        "median": 0.14636349678,
        "min": 0.0598215349019,
        "stdev": 0.0504915714264,
        "var": 0.00254939892329
    },
    "erbbands_kurtosis": {
        "dmean": 1.40515673161,
        "dmean2": 2.21378803253,
        "dvar": 5.8543419838,
        "dvar2": 13.6322546005,
        "max": 35.7480506897,
        "mean": 1.26963722706,
        "median": 0.413110494614,
        "min": -1.68709504604,
        "stdev": 3.27043747902,
        "var": 10.6957607269
    },
    "erbbands_skewness": {
        "dmean": 0.422986388206,
        "dmean2": 0.637355029583,
        "dvar": 0.193914338946,
        "dvar2": 0.445290416479,
        "max": 4.62157011032,
        "mean": 0.484067559242,
        "median": 0.406060576439,
        "min": -1.64075052738,
        "stdev": 0.776186585426,
        "var": 0.602465629578
    },
    "erbbands_spread": {
        "dmean": 11.5038394928,
        "dmean2": 17.4154968262,
        "dvar": 155.579147339,
        "dvar2": 354.084686279,
        "max": 133.402542114,
        "mean": 39.0586090088,
        "median": 35.2696075439,
        "min": 2.60860967636,
        "stdev": 21.1558685303,
        "var": 447.570770264
    },
    "hfc": {
        "dmean": 12.7501678467,
        "dmean2": 19.4073867798,
        "dvar": 785.980285645,
        "dvar2": 1759.6697998,
        "max": 268.882751465,
        "mean": 21.6648921967,
        "median": 12.3497123718,
        "min": 1.2240205776e-16,
        "stdev": 29.9686260223,
        "var": 898.118530273
    },
    "loudness_ebu128": {
        "integrated": -9.92367172241,
        "loudness_range": 2.07354927063,
        "momentary": {
            "dmean": 0.680785834789,
            "dmean2": 0.971419811249,
            "dvar": 0.398900568485,
            "dvar2": 0.896840214729,
            "max": -7.0225892067,
            "mean": -10.2383489609,
            "median": -10.0225734711,
            "min": -16.26927948,
            "stdev": 1.72138094902,
            "var": 2.96315217018
        },
        "short_term": {
            "dmean": 0.0868514031172,
            "dmean2": 0.0896086022258,
            "dvar": 0.00392095651478,
            "dvar2": 0.00560855632648,
            "max": -8.69553756714,
            "mean": -10.0342149734,
            "median": -9.95809555054,
            "min": -11.9147033691,
            "stdev": 0.786229610443,
            "var": 0.618157029152
        }
    },
    "melbands_crest": {
        "dmean": 3.3415722847,
        "dmean2": 5.11504983902,
        "dvar": 13.7758655548,
        "dvar2": 29.5255947113,
        "max": 32.3322715759,
        "mean": 18.1884498596,
        "median": 19.8303527832,
        "min": 3.00800991058,
        "stdev": 6.90654230118,
        "var": 47.7003250122
    },
    "melbands_flatness_db": {
        "dmean": 0.0444075800478,
        "dmean2": 0.0592817254364,
        "dvar": 0.0029488184955,
        "dvar2": 0.00495186075568,
        "max": 0.688521444798,
        "mean": 0.243047535419,
        "median": 0.236314237118,
        "min": 0.01073832158,
        "stdev": 0.116227976978,
        "var": 0.0135089419782
    },
    "melbands_kurtosis": {
        "dmean": 19.035402298,
        "dmean2": 30.109462738,
        "dvar": 1567.54760742,
        "dvar2": 3998.40771484,
        "max": 440.209899902,
        "mean": 30.976568222,
        "median": 11.8144378662,
        "min": -1.43205344677,
        "stdev": 47.0756759644,
        "var": 2216.11914062
    },
    "melbands_skewness": {
        "dmean": 1.21225452423,
        "dmean2": 1.82349383831,
        "dvar": 2.29870033264,
        "dvar2": 5.32543897629,
        "max": 17.0384273529,
        "mean": 3.6271135807,
        "median": 2.86775827408,
        "min": -1.20765769482,
        "stdev": 2.76592826843,
        "var": 7.65035867691
    },
    "melbands_spread": {
        "dmean": 8.30449867249,
        "dmean2": 11.948805809,
        "dvar": 134.610427856,
        "dvar2": 248.562042236,
        "max": 151.587966919,
        "mean": 20.9504852295,
        "median": 13.5978288651,
        "min": 0.276836842299,
        "stdev": 20.6568622589,
        "var": 426.705963135
    },
    "pitch_salience": {
        "dmean": 0.0876913964748,
        "dmean2": 0.130272015929,
        "dvar": 0.00907566118985,
        "dvar2": 0.0187027100474,
        "max": 0.844655096531,
        "mean": 0.434320509434,
        "median": 0.430245608091,
        "min": 0.0930322408676,
        "stdev": 0.179495990276,
        "var": 0.0322188101709
    },
    "silence_rate_20dB": {
        "dmean": 0,
        "dmean2": 0,
        "dvar": 0,
        "dvar2": 0,
        "max": 1,
        "mean": 1,
        "median": 1,
        "min": 1,
        "stdev": 0,
        "var": 0
    },
    "silence_rate_30dB": {
        "dmean": 0.0263157896698,
        "dmean2": 0.0526723451912,
        "dvar": 0.0256232265383,
        "dvar2": 0.0669394060969,
        "max": 1,
        "mean": 0.974477946758,
        "median": 1,
        "min": 0,
        "stdev": 0.157704949379,
        "var": 0.0248708520085
    },
    "silence_rate_60dB": {
        "dmean": 0.0402476787567,
        "dmean2": 0.0797831118107,
        "dvar": 0.0386281199753,
        "dvar2": 0.0796140134335,
        "max": 1,
        "mean": 0.0757927298546,
        "median": 0,
        "min": 0,
        "stdev": 0.264666765928,
        "var": 0.0700484961271
    },
    "spectral_centroid": {
        "dmean": 324.67590332,
        "dmean2": 477.356018066,
        "dvar": 241650.328125,
        "dvar2": 387536.71875,
        "max": 10949.3525391,
        "mean": 1326.35205078,
        "median": 1207.63024902,
        "min": 117.975227356,
        "stdev": 789.763000488,
        "var": 623725.5625
    },
    "spectral_complexity": {
        "dmean": 5.5851392746,
        "dmean2": 7.81022453308,
        "dvar": 65.0383758545,
        "dvar2": 106.877357483,
        "max": 62,
        "mean": 15.4300079346,
        "median": 12,
        "min": 0,
        "stdev": 11.8882703781,
        "var": 141.330963135
    },
    "spectral_decrease": {
        "dmean": 2.80898526661e-09,
        "dmean2": 4.49553283488e-09,
        "dvar": 1.98881168802e-17,
        "dvar2": 4.50703617343e-17,
        "max": 1.2132873556e-28,
        "mean": -1.07399369398e-08,
        "median": -1.22374546052e-08,
        "min": -3.73671475984e-08,
        "stdev": 8.31982038818e-09,
        "var": 6.92194067182e-17
    },
    "spectral_energy": {
        "dmean": 0.0114892171696,
        "dmean2": 0.0182785540819,
        "dvar": 0.000336472323397,
        "dvar2": 0.00076189043466,
        "max": 0.146852448583,
        "mean": 0.0425000600517,
        "median": 0.0481377132237,
        "min": 1.06442990628e-20,
        "stdev": 0.0325026698411,
        "var": 0.0010564236436
    },
    "spectral_energyband_high": {
        "dmean": 0.000911622773856,
        "dmean2": 0.00135815667454,
        "dvar": 4.16952798332e-06,
        "dvar2": 8.79104845808e-06,
        "max": 0.0210358742625,
        "mean": 0.00119538290892,
        "median": 0.000453563086921,
        "min": 8.00487235692e-21,
        "stdev": 0.0023180982098,
        "var": 5.37357982466e-06
    },
    "spectral_energyband_low": {
        "dmean": 0.0070418426767,
        "dmean2": 0.0115516670048,
        "dvar": 0.000154745634063,
        "dvar2": 0.000369567744201,
        "max": 0.125042587519,
        "mean": 0.0285058729351,
        "median": 0.0313990041614,
        "min": 4.68658477259e-23,
        "stdev": 0.0270122140646,
        "var": 0.000729659746867
    },
    "spectral_energyband_middle_high": {
        "dmean": 0.00359135004692,
        "dmean2": 0.00568347657099,
        "dvar": 6.49561770842e-05,
        "dvar2": 0.000161058604135,
        "max": 0.0681511238217,
        "mean": 0.00483632599935,
        "median": 0.00223856791854,
        "min": 1.20201429615e-21,
        "stdev": 0.00800137780607,
        "var": 6.402204599e-05
    },
    "spectral_energyband_middle_low": {
        "dmean": 0.00488076359034,
        "dmean2": 0.00745906354859,
        "dvar": 9.19694284676e-05,
        "dvar2": 0.000218865068746,
        "max": 0.0838642269373,
        "mean": 0.00847190152854,
        "median": 0.00471777934581,
        "min": 3.5128889926e-22,
        "stdev": 0.0112071214244,
        "var": 0.000125599573948
    },
    "spectral_entropy": {
        "dmean": 0.297374337912,
        "dmean2": 0.422668874264,
        "dvar": 0.133559376001,
        "dvar2": 0.248869717121,
        "max": 9.8012008667,
        "mean": 7.44773101807,
        "median": 7.52963495255,
        "min": 5.15278196335,
        "stdev": 0.644954562187,
        "var": 0.415966391563
    },
    "spectral_flux": {
        "dmean": 0.0366232767701,
        "dmean2": 0.0529135800898,
        "dvar": 0.00199239794165,
        "dvar2": 0.00384491565637,
        "max": 0.323280662298,
        "mean": 0.0831937417388,
        "median": 0.0637479424477,
        "min": 1.03171214627e-10,
        "stdev": 0.0621711462736,
        "var": 0.00386525131762
    },
    "spectral_kurtosis": {
        "dmean": 2.25043821335,
        "dmean2": 3.41681742668,
        "dvar": 18.0662231445,
        "dvar2": 39.3355636597,
        "max": 65.5536727905,
        "mean": 4.82199621201,
        "median": 3.23715639114,
        "min": -1.18473446369,
        "stdev": 6.25729179382,
        "var": 39.1537017822
    },
    "spectral_rms": {
        "dmean": 0.000907359295525,
        "dmean2": 0.00136495754123,
        "dvar": 1.78464813416e-06,
        "dvar2": 3.46747310687e-06,
        "max": 0.0119695728645,
        "mean": 0.00578549411148,
        "median": 0.00685300072655,
        "min": 3.22252727974e-12,
        "stdev": 0.00282692932524,
        "var": 7.99152985564e-06
    },
    "spectral_rolloff": {
        "dmean": 630.380371094,
        "dmean2": 981.889526367,
        "dvar": 1428838.375,
        "dvar2": 2673420.75,
        "max": 18863.0859375,
        "mean": 1315.65270996,
        "median": 689.0625,
        "min": 43.06640625,
        "stdev": 1628.88195801,
        "var": 2653256.5
    },
    "spectral_skewness": {
        "dmean": 0.33692920208,
        "dmean2": 0.500378668308,
        "dvar": 0.221160978079,
        "dvar2": 0.436009377241,
        "max": 6.73373508453,
        "mean": 1.68197035789,
        "median": 1.53153383732,
        "min": 0.00517511507496,
        "stdev": 0.784259796143,
        "var": 0.615063428879
    },
    "spectral_spread": {
        "dmean": 833358.375,
        "dmean2": 1206511,
        "dvar": 1.70597167923e+12,
        "dvar2": 2.31995578778e+12,
        "max": 40176936,
        "mean": 5334638.5,
        "median": 5295884,
        "min": 1292451,
        "stdev": 1806328.25,
        "var": 3.26282195763e+12
    },
    "spectral_strongpeak": {
        "dmean": 0.327161490917,
        "dmean2": 0.565498650074,
        "dvar": 0.338126301765,
        "dvar2": 0.926008939743,
        "max": 5.82645988464,
        "mean": 0.74392747879,
        "median": 0.528697371483,
        "min": 0,
        "stdev": 0.715231716633,
        "var": 0.511556386948
    },
    "zerocrossingrate": {
        "dmean": 0.0152312004939,
        "dmean2": 0.0172570161521,
        "dvar": 0.000483091018395,
        "dvar2": 0.000560004962608,
        "max": 0.5009765625,
        "mean": 0.0540810190141,
        "median": 0.04248046875,
        "min": 0.00048828125,
        "stdev": 0.0422795005143,
        "var": 0.0017875561025
    },
    "barkbands": {
        "dmean": [0.000459092494566, 0.00622543692589, 0.00151241302956, 0.000688501575496, 0.00159517663997, 0.000998631119728, 0.000654817733448, 0.000938914134167, 0.00116102339234, 0.000594753131736, 0.000387116102502, 0.000889700895641, 0.000673504895531, 0.000374197814381, 0.000368574459571, 0.000336589815561, 0.000437443843111, 0.000216688436922, 0.000204651689273, 0.000186167948414, 0.000220027548494, 0.00020830136782, 0.000158036782523, 0.000151782180183, 0.000101074241684, 4.01663055527e-05, 2.62694175035e-06],
        "dmean2": [0.000723157601897, 0.010015389882, 0.00265632802621, 0.00106776098255, 0.00276455306448, 0.00161792791914, 0.00109972222708, 0.00150310841855, 0.00175499066245, 0.000884249748196, 0.00062240799889, 0.00148085900582, 0.00109721103217, 0.000612217409071, 0.000613608048297, 0.000558598665521, 0.000749383063521, 0.000349495909177, 0.000326005916577, 0.000295536010526, 0.000346532498952, 0.000318859645631, 0.000242170252022, 0.000229158176808, 0.000146195743582, 6.00477142143e-05, 4.40690519099e-06],
        "dvar": [2.56052362602e-06, 0.000112806781544, 1.61222687893e-05, 4.05569426221e-06, 1.3873745047e-05, 5.66265362067e-06, 3.68781638826e-06, 4.77611683891e-06, 6.23581354375e-06, 1.44117586842e-06, 7.13213580639e-07, 3.78403615287e-06, 2.76994728665e-06, 7.02616546278e-07, 9.84775624602e-07, 1.40895406275e-06, 2.03624836104e-06, 3.15060106004e-07, 2.57608121501e-07, 1.33224077103e-07, 2.88885132704e-07, 1.62707806339e-07, 1.31577579054e-07, 1.17049353321e-07, 5.14468325719e-08, 7.67767538434e-09, 6.37546751503e-11],
        "dvar2": [6.70204599373e-06, 0.000243616508669, 5.11834805366e-05, 9.7855236163e-06, 3.71288006136e-05, 1.50752675836e-05, 9.47484932112e-06, 1.1462092516e-05, 1.18852467494e-05, 2.95342056233e-06, 1.68605345152e-06, 1.01221803561e-05, 6.85611030349e-06, 1.76221305992e-06, 2.5188694508e-06, 3.72719159714e-06, 5.58586452826e-06, 8.19299998511e-07, 6.33523939086e-07, 3.00933010067e-07, 6.1066765511e-07, 3.5707881807e-07, 3.05031733205e-07, 2.40429812948e-07, 1.11944309822e-07, 1.67167719667e-08, 1.62972912943e-10],
        "max": [0.0265524350107, 0.0817596465349, 0.0471750311553, 0.0235387180001, 0.0380687192082, 0.0250913761556, 0.0164212323725, 0.0303881242871, 0.0351609028876, 0.029071636498, 0.00909889116883, 0.0189237035811, 0.0138565367088, 0.00890985596925, 0.00952026247978, 0.014158597216, 0.0129503011703, 0.00505009293556, 0.00522676948458, 0.00439463369548, 0.00553952576593, 0.00457628071308, 0.00386159610935, 0.00340700754896, 0.00249047297984, 0.00078820635099, 0.00015373370843],
        "mean": [0.000964731618296, 0.0247121751308, 0.00251830602065, 0.000837933446746, 0.00212390674278, 0.00129882676993, 0.000587766582612, 0.00159899541177, 0.00159666955005, 0.000857415434439, 0.000441899901489, 0.000961064826697, 0.000681437610183, 0.000397505093133, 0.000392782589188, 0.000332036579493, 0.000408332649386, 0.000242513153353, 0.00023403535306, 0.00024922893499, 0.000247793912422, 0.000259188876953, 0.000203170377063, 0.000186711826245, 0.000116255658213, 4.7073168389e-05, 2.33619289247e-06],
        "median": [9.95937734842e-05, 0.0293486863375, 0.000692157365847, 0.000235141895246, 0.00081292714458, 0.000500287686009, 9.19216836337e-05, 0.000234508857829, 0.000259658670984, 0.000186682664207, 8.89653310878e-05, 0.000236267180298, 9.50775574893e-05, 6.26806431683e-05, 8.65906476974e-05, 4.10419343098e-05, 9.02510873857e-05, 8.03143266239e-05, 6.57997152302e-05, 8.08385520941e-05, 4.36980262748e-05, 9.48804881773e-05, 7.25779100321e-05, 5.9768823121e-05, 3.00648589473e-05, 1.24827638501e-05, 2.71575402166e-07],
        "min": [6.12794694658e-25, 2.49456167136e-23, 2.05037823477e-23, 2.71202175062e-24, 9.98122731747e-23, 6.6751888876e-23, 6.38863658373e-24, 1.85790942676e-23, 1.34600950742e-22, 5.66421125719e-23, 4.87266286064e-23, 3.41858963284e-23, 1.21024742916e-22, 8.29937081882e-23, 1.11574025188e-22, 5.59901032565e-23, 1.58028870072e-22, 1.46539294003e-22, 1.62413005573e-22, 3.71992471676e-22, 5.00314013882e-22, 5.7122662654e-22, 7.82876518042e-22, 9.09316456595e-22, 9.65945410967e-22, 1.70817077798e-21, 2.63203155775e-21],
        "stdev": [0.00239928532392, 0.0235636532307, 0.0047760088928, 0.00201790896244, 0.00388488941826, 0.00233712117188, 0.0017019987572, 0.00380290974863, 0.00365357543342, 0.00213928218, 0.000921886821743, 0.00189512909856, 0.00170126010198, 0.000892107957043, 0.000972867826931, 0.00105022930074, 0.00118638703134, 0.000525555515196, 0.000520248198882, 0.000440002477262, 0.000594094046392, 0.000450495659607, 0.000392343237763, 0.000389304273995, 0.000250377139309, 9.56961594056e-05, 7.20549905964e-06],
        "var": [5.75656986257e-06, 0.000555245729629, 2.28102599067e-05, 4.07195693697e-06, 1.50923651745e-05, 5.46213505004e-06, 2.8967997423e-06, 1.4462121726e-05, 1.33486137202e-05, 4.57652868135e-06, 8.49875334552e-07, 3.59151431439e-06, 2.89428612632e-06, 7.95856578861e-07, 9.46471800489e-07, 1.10298151412e-06, 1.40751421895e-06, 2.76208595551e-07, 2.7065817676e-07, 1.93602190279e-07, 3.52947722604e-07, 2.02946338845e-07, 1.53933214619e-07, 1.5155781341e-07, 6.2688705782e-08, 9.15775455468e-09, 5.19192154547e-11]
    },
    "erbbands": {
        "dmean": [0.153899043798, 1.56348824501, 2.17902469635, 1.77829420567, 3.7926607132, 5.70710372925, 7.19505310059, 8.37294197083, 8.90187072754, 12.2333250046, 23.5872516632, 30.5762119293, 18.2385139465, 14.2384624481, 22.8423690796, 37.2048034668, 31.4420223236, 19.1909656525, 19.6010303497, 20.7468471527, 18.0202312469, 22.6216087341, 13.4670057297, 9.55617141724, 10.4972286224, 8.85966682434, 8.58291435242, 9.13303470612, 7.29724216461, 6.15848636627, 4.5457816124, 3.56937074661, 2.26115345955, 1.2606459856, 0.643728554249, 0.257331907749, 0.0583028122783, 0.00950255431235, 0.000272093922831, 2.04823518288e-05],
        "dmean2": [0.245811909437, 2.48808431625, 3.89798593521, 2.89344763756, 6.47502708435, 9.64986038208, 11.9392566681, 13.4602222443, 14.8219356537, 20.8512763977, 36.5632667542, 45.9118728638, 26.5033073425, 21.9954986572, 36.853843689, 61.6264152527, 51.2254486084, 31.4640636444, 32.2077255249, 34.4603538513, 29.3805999756, 39.2352027893, 22.3082103729, 15.010720253, 16.6898097992, 13.8552751541, 13.5332546234, 14.1135187149, 10.9320545197, 9.61820983887, 6.86948394775, 5.40339946747, 3.40475535393, 1.8340857029, 0.935568630695, 0.382728815079, 0.0893534570932, 0.0151269529015, 0.000436130882008, 3.15577271977e-05],
        "dvar": [0.0896722897887, 7.13075637817, 32.7359008789, 24.3599414825, 107.453742981, 180.154083252, 233.357681274, 367.38394165, 621.853820801, 1299.36901855, 2534.81665039, 4882.60351562, 1653.37365723, 738.40625, 2787.77075195, 6195.36083984, 6420.61914062, 1696.02636719, 2362.67431641, 4838.83789062, 2869.40039062, 6846.41650391, 1402.08447266, 614.443359375, 603.958374023, 308.876403809, 424.097869873, 501.25479126, 218.65675354, 175.096755981, 110.265937805, 63.8884162903, 26.055059433, 7.78648376465, 2.14593720436, 0.320520728827, 0.017180332914, 0.000525010866113, 5.89704768572e-07, 1.36007938245e-09],
        "dvar2": [0.156816601753, 16.8016166687, 107.058860779, 63.8002624512, 292.318023682, 481.944122314, 633.706176758, 955.635070801, 1545.23779297, 3468.26733398, 5899.40722656, 9371.73632812, 3201.6809082, 1630.66516113, 7051.25878906, 16501.0488281, 16290.1640625, 4271.26708984, 6010.66943359, 12889.4736328, 7275.85888672, 18994.5429688, 3704.46948242, 1495.69726562, 1440.2277832, 678.53314209, 988.658325195, 1096.80651855, 465.119720459, 417.326599121, 249.248855591, 139.290786743, 52.7998390198, 16.8799991608, 4.59183931351, 0.717411220074, 0.0372657105327, 0.00126271229237, 1.46730906181e-06, 3.02975466937e-09],
        "max": [2.80027651787, 22.9527797699, 71.9421081543, 54.6461219788, 122.646324158, 134.576324463, 162.089126587, 193.048049927, 205.347717285, 364.725128174, 837.154602051, 951.603210449, 1187.24511719, 408.462341309, 600.981994629, 731.562561035, 692.941955566, 377.507232666, 521.908447266, 739.418273926, 528.646850586, 811.47479248, 338.966583252, 317.174499512, 246.628417969, 240.888183594, 236.565628052, 239.922607422, 186.735290527, 150.144958496, 120.043373108, 80.4871749878, 49.6228523254, 31.6204032898, 16.4891777039, 5.34135198593, 1.28287661076, 0.255254209042, 0.012988965027, 0.00040134252049],
        "mean": [0.676660120487, 5.48595142365, 5.12343835831, 2.63597917557, 4.41980886459, 7.5154337883, 9.78012752533, 10.7144784927, 8.84039115906, 12.8582515717, 42.0002098083, 42.7768783569, 29.9929428101, 19.1111869812, 25.9370193481, 42.5946998596, 32.820186615, 21.8424282074, 22.2225151062, 20.8849067688, 19.1667308807, 20.684715271, 14.6120834351, 11.3830804825, 12.431646347, 12.0011997223, 10.1521701813, 9.95760631561, 9.00494670868, 8.10927867889, 5.63268089294, 4.41853046417, 2.71073389053, 1.48752403259, 0.709419965744, 0.293174237013, 0.0671071335673, 0.0101648494601, 0.000297849182971, 5.90367599216e-05],
        "median": [0.406787186861, 4.5923166275, 3.08260822296, 1.04299926758, 1.70858442783, 2.7462310791, 3.54486465454, 4.21771669388, 1.91171836853, 2.39504098892, 9.3085641861, 9.32939720154, 6.24596309662, 6.40553665161, 7.03429508209, 12.8447465897, 6.22470664978, 6.01158380508, 4.6695394516, 3.48480677605, 3.65947270393, 4.59760093689, 4.99345111847, 3.65131092072, 3.69803881645, 3.70709562302, 2.30376529694, 1.90409398079, 3.12885332108, 2.84855771065, 1.97932612896, 1.35588133335, 0.804402530193, 0.407287627459, 0.141753569245, 0.0818796083331, 0.017118671909, 0.00227980944328, 7.90811463958e-05, 6.04120723438e-05],
        "min": [2.50150039721e-22, 7.16122164133e-21, 2.02646842366e-20, 2.01779142828e-20, 2.61557240032e-20, 3.15696841202e-19, 9.18839772447e-19, 4.92522775458e-19, 1.38274264155e-19, 2.78986953358e-19, 5.02185899374e-19, 3.34477677157e-18, 2.26748403874e-18, 1.64474431991e-18, 2.5968956896e-18, 1.23206711763e-18, 5.75360736544e-18, 3.53054995662e-18, 8.40256021932e-18, 3.31956947638e-18, 2.6883369908e-18, 8.34297509107e-18, 8.80671074044e-18, 9.14985007395e-18, 1.13596787968e-17, 1.61506203964e-17, 1.39396973136e-17, 2.24325707665e-17, 2.03567180059e-17, 2.4394178304e-17, 2.14957159309e-17, 1.77062708503e-17, 1.53723906781e-17, 9.36588069863e-18, 7.95016769769e-18, 4.97089391466e-18, 3.30743535718e-18, 1.5483411758e-18, 3.82251224601e-19, 3.89112287117e-20],
        "stdev": [0.751535594463, 5.7349653244, 7.74004173279, 5.07469654083, 9.26949882507, 14.5618371964, 16.2198085785, 19.7328014374, 22.9980964661, 33.008026123, 96.1162490845, 97.0682678223, 89.5711746216, 34.9009094238, 52.2572937012, 79.376335144, 80.375793457, 42.7177696228, 52.3020477295, 61.4218711853, 50.2533531189, 66.9228057861, 33.4992179871, 24.8069381714, 26.7010879517, 21.6780815125, 22.2757339478, 24.0788555145, 16.7491645813, 14.1872587204, 11.368098259, 9.00561618805, 5.77325868607, 3.10836982727, 1.61340665817, 0.608842074871, 0.141874343157, 0.0228506475687, 0.000723941659089, 4.84067531943e-05],
        "var": [0.564805746078, 32.8898277283, 59.9082450867, 25.7525463104, 85.923614502, 212.047103882, 263.082214355, 389.383422852, 528.912414551, 1089.52990723, 9238.33300781, 9422.24902344, 8022.99511719, 1218.07336426, 2730.82470703, 6300.60302734, 6460.26757812, 1824.80786133, 2735.50439453, 3772.64648438, 2525.3996582, 4478.66162109, 1122.19763184, 615.384155273, 712.948120117, 469.939239502, 496.208343506, 579.791259766, 280.534515381, 201.278320312, 129.233657837, 81.1011199951, 33.3305168152, 9.66196346283, 2.60308122635, 0.370688647032, 0.0201283283532, 0.000522152113263, 5.24091490206e-07, 2.34321384518e-09]
    },
    "gfcc": {
        "mean": [-13.6166334152, 79.982925415, -102.207870483, 30.3043498993, -59.9525680542, 27.3016777039, -30.3957939148, 13.2289838791, -21.9924201965, 3.46405482292, -12.205286026, 5.12999629974, -11.1025733948],
        "cov": [[8395.09179688, -1327.53564453, -451.619476318, 913.564331055, 14.5161848068, 557.636047363, 26.7286548615, 424.946838379, 113.459701538, 542.776672363, -108.224273682, 173.328918457, -87.7735366821], [-1327.53564453, 1978.77185059, 901.750793457, 54.8055267334, 393.731842041, 84.7847213745, 462.150115967, -19.2102413177, 210.25289917, -198.789596558, 200.823760986, -180.611480713, 11.1892051697], [-451.619476318, 901.750793457, 1304.34729004, 390.233673096, 313.923339844, 219.6224823, 371.326629639, 125.333854675, 174.330596924, 8.18564319611, 116.030189514, -69.2142944336, 6.76571559906], [913.564331055, 54.8055267334, 390.233673096, 703.794555664, 308.702026367, 213.28666687, 155.339614868, 89.9296646118, 141.542266846, 151.511108398, 44.5325393677, -15.3411607742, 60.0285224915], [14.5161848068, 393.731842041, 313.923339844, 308.702026367, 605.547851562, 232.070602417, 208.487640381, 89.5024414062, 149.733184814, 94.6085128784, 99.2249755859, -5.13236713409, 10.9615745544], [557.636047363, 84.7847213745, 219.6224823, 213.28666687, 232.070602417, 358.47833252, 227.067596436, 138.360244751, 96.3497009277, 68.4260101318, 65.1760025024, -26.6661434174, -50.0713195801], [26.7286548615, 462.150115967, 371.326629639, 155.339614868, 208.487640381, 227.067596436, 405.459136963, 131.533615112, 134.662765503, 32.1329040527, 94.7873306274, -45.8229904175, -18.3406429291], [424.946838379, -19.2102413177, 125.333854675, 89.9296646118, 89.5024414062, 138.360244751, 131.533615112, 175.646850586, 81.2601394653, 53.9661445618, 23.3903007507, 7.34527444839, -21.7711143494], [113.459701538, 210.25289917, 174.330596924, 141.542266846, 149.733184814, 96.3497009277, 134.662765503, 81.2601394653, 177.820602417, 57.5030975342, 38.9496078491, -21.813079834, 12.6920852661], [542.776672363, -198.789596558, 8.18564319611, 151.511108398, 94.6085128784, 68.4260101318, 32.1329040527, 53.9661445618, 57.5030975342, 180.988708496, 28.3717098236, 35.643901825, 16.3707828522], [-108.224273682, 200.823760986, 116.030189514, 44.5325393677, 99.2249755859, 65.1760025024, 94.7873306274, 23.3903007507, 38.9496078491, 28.3717098236, 133.832672119, 23.7206783295, 7.55444049835], [173.328918457, -180.611480713, -69.2142944336, -15.3411607742, -5.13236713409, -26.6661434174, -45.8229904175, 7.34527444839, -21.813079834, 35.643901825, 23.7206783295, 128.615158081, 35.7344779968], [-87.7735366821, 11.1892051697, 6.76571559906, 60.0285224915, 10.9615745544, -50.0713195801, -18.3406429291, -21.7711143494, 12.6920852661, 16.3707828522, 7.55444049835, 35.7344779968, 123.814170837]],
        "icov": [[0.000257864332525, -0.000230325851589, 0.000253294478171, -0.000440131727373, 0.000354762654752, -0.000432520755567, 0.000226446631132, -0.000525468843989, 0.000229443539865, -0.000654538103845, 0.000505043193698, -0.000513254082762, 0.000318330246955], [-0.000230325851589, 0.00239019980654, -0.00108441279735, 0.000940892088693, -0.00134585611522, 0.00154955277685, -0.00171748292632, 0.00189964775927, -0.00172876135912, 0.00299036758952, -0.00251361518167, 0.00227080797777, -0.000670974666718], [0.000253294478171, -0.00108441279735, 0.00183752889279, -0.00125669909175, 0.000620409206022, -0.000578482926358, 2.03025192604e-05, -0.00129116524477, 0.000626269087661, -0.000891379197128, 0.000841917586513, -0.000998113420792, 0.000563899986446], [-0.000440131727373, 0.000940892088693, -0.00125669909175, 0.00365755450912, -0.00142472656444, -0.000152526452439, -0.00030914216768, 0.00153080408927, -0.00116322608665, 5.04842100781e-05, -0.000701066281181, 0.00192123546731, -0.0022129798308], [0.000354762654752, -0.00134585611522, 0.000620409206022, -0.00142472656444, 0.00381560041569, -0.00224326783791, 0.000873736746144, -0.00075266911881, -0.000167145975865, -0.00221292651258, 0.000839487533085, -0.00189587357454, 0.000587732356507], [-0.000432520755567, 0.00154955277685, -0.000578482926358, -0.000152526452439, -0.00224326783791, 0.00805913191289, -0.00322978082113, -0.00110350351315, -0.000302604632452, 0.0020992544014, -0.00276946742088, 0.00233008223586, 0.00169414991979], [0.000226446631132, -0.00171748292632, 2.03025192604e-05, -0.00030914216768, 0.000873736746144, -0.00322978082113, 0.00716618727893, -0.00319970119745, -0.000228468386922, -0.00170918612275, -0.00028867990477, -0.000120803437312, -0.000118194075185], [-0.000525468843989, 0.00189964775927, -0.00129116524477, 0.00153080408927, -0.00075266911881, -0.00110350351315, -0.00319970119745, 0.0127390483394, -0.00455436762422, 0.0015961463796, -0.000478565547382, -0.000560880929697, 0.000617486191913], [0.000229443539865, -0.00172876135912, 0.000626269087661, -0.00116322608665, -0.000167145975865, -0.000302604632452, -0.000228468386922, -0.00455436762422, 0.0115476725623, -0.00394872063771, 0.00126751256175, 0.000675216433592, -0.00102747255005], [-0.000654538103845, 0.00299036758952, -0.000891379197128, 5.04842100781e-05, -0.00221292651258, 0.0020992544014, -0.00170918612275, 0.0015961463796, -0.00394872063771, 0.0127737009898, -0.00441451463848, 0.00113095692359, -0.000978899886832], [0.000505043193698, -0.00251361518167, 0.000841917586513, -0.000701066281181, 0.000839487533085, -0.00276946742088, -0.00028867990477, -0.000478565547382, 0.00126751256175, -0.00441451463848, 0.013714264147, -0.005782592576, 0.000843781745061], [-0.000513254082762, 0.00227080797777, -0.000998113420792, 0.00192123546731, -0.00189587357454, 0.00233008223586, -0.000120803437312, -0.000560880929697, 0.000675216433592, 0.00113095692359, -0.005782592576, 0.0138073442504, -0.00430328585207], [0.000318330246955, -0.000670974666718, 0.000563899986446, -0.0022129798308, 0.000587732356507, 0.00169414991979, -0.000118194075185, 0.000617486191913, -0.00102747255005, -0.000978899886832, 0.000843781745061, -0.00430328585207, 0.0115544470027]]
    },
    "melbands": {
        "dmean": [0.00158028525766, 0.00136413169093, 0.000339048914611, 0.000343721534591, 0.000250435841735, 0.000188200254343, 0.000133956898935, 0.000146938677062, 0.000201049348107, 0.000179047608981, 8.91478994163e-05, 5.86737878621e-05, 6.29477726761e-05, 0.000101842444565, 7.5410323916e-05, 6.63967366563e-05, 3.32218733092e-05, 3.37488563673e-05, 2.52875652222e-05, 2.80729800579e-05, 2.15413692786e-05, 2.42767800955e-05, 1.99600817723e-05, 8.54125755723e-06, 7.68862173572e-06, 8.09498123999e-06, 6.82774225425e-06, 5.96320478508e-06, 5.43035730516e-06, 5.52898700334e-06, 5.34976425115e-06, 4.22105676989e-06, 4.08748110203e-06, 3.21710786011e-06, 2.89215586236e-06, 2.21950040213e-06, 2.19363732867e-06, 1.73735986664e-06, 1.28137139654e-06, 1.01199839264e-06],
        "dmean2": [0.00252714869566, 0.00229323655367, 0.000544217997231, 0.000601375300903, 0.000418744777562, 0.000302232307149, 0.000223308801651, 0.000247574876994, 0.000308492046315, 0.000269720418146, 0.000129514053697, 9.12035320653e-05, 9.9545053672e-05, 0.000167378253536, 0.00012525600323, 0.000108477812319, 5.40286200703e-05, 5.54471407668e-05, 4.13228335674e-05, 4.78094589198e-05, 3.47075510945e-05, 4.17507289967e-05, 3.49618421751e-05, 1.3516524632e-05, 1.21976345326e-05, 1.3170879356e-05, 1.07026489786e-05, 9.38635639613e-06, 8.9116010713e-06, 8.85617373569e-06, 8.29674536362e-06, 6.46232820145e-06, 6.34997968518e-06, 5.11877124154e-06, 4.42790405941e-06, 3.41192435371e-06, 3.3373489714e-06, 2.65281573775e-06, 1.89501167824e-06, 1.48011065448e-06],
        "dvar": [7.52997493692e-06, 7.83980249253e-06, 7.83023608619e-07, 6.90555339133e-07, 2.85570678216e-07, 1.94865961589e-07, 1.44981612493e-07, 1.68969449987e-07, 1.61610358873e-07, 1.67179919686e-07, 4.11192182526e-08, 1.32883579695e-08, 1.92003408728e-08, 5.09057755949e-08, 2.66313797681e-08, 2.80811782716e-08, 4.65328042765e-09, 7.52720286101e-09, 5.28123278443e-09, 1.14642793037e-08, 3.51786777486e-09, 6.76958444856e-09, 5.05228969772e-09, 4.93149854286e-10, 4.07123390556e-10, 4.08846817512e-10, 1.84396498071e-10, 1.49140019778e-10, 1.88593862749e-10, 1.81121437293e-10, 1.65858229928e-10, 6.97693777751e-11, 6.81421793991e-11, 5.20384291214e-11, 4.92831400689e-11, 2.24672138532e-11, 2.54065744137e-11, 1.705395547e-11, 7.25449691638e-12, 5.44789517318e-12],
        "dvar2": [1.45795956996e-05, 2.34451690631e-05, 2.00503814085e-06, 1.87366413229e-06, 7.55260543883e-07, 5.05919331317e-07, 3.68857769217e-07, 4.42915620624e-07, 3.70707681441e-07, 3.19776717106e-07, 8.10015592378e-08, 2.9332403173e-08, 4.69092036326e-08, 1.34530225182e-07, 7.01038302964e-08, 7.05069069795e-08, 1.17294787216e-08, 1.91452667053e-08, 1.36471376422e-08, 3.10908951917e-08, 8.87500650748e-09, 1.86116384526e-08, 1.4177705232e-08, 1.25415255958e-09, 9.9795027797e-10, 1.0148533125e-09, 4.20159601555e-10, 3.37881278512e-10, 4.71435723792e-10, 4.13800771426e-10, 3.56342705343e-10, 1.52094420391e-10, 1.53057413965e-10, 1.28722657533e-10, 1.17087464724e-10, 4.8116396284e-11, 5.68772286214e-11, 3.58209815976e-11, 1.53229547106e-11, 1.22183790863e-11],
        "max": [0.019392836839, 0.0348476581275, 0.00964292604476, 0.00887716840953, 0.00483657652512, 0.00467493291944, 0.00298887933604, 0.00448597874492, 0.006591825746, 0.00536983879283, 0.00581078277901, 0.00180475658271, 0.00142674520612, 0.00238771317527, 0.00136835302692, 0.00141437118873, 0.000624876294751, 0.0011160117574, 0.000751421728637, 0.00132131029386, 0.000556219252758, 0.00076287984848, 0.000724784389604, 0.000286495545879, 0.000268771254923, 0.00018689542776, 0.000138345130836, 0.000180943447049, 0.000173689317307, 0.000129344989546, 0.000151478248881, 0.000106281135231, 8.47522824188e-05, 9.13998082979e-05, 8.76371559571e-05, 4.74316220789e-05, 5.22451591678e-05, 4.41647862317e-05, 2.97184724332e-05, 2.70835989795e-05],
        "mean": [0.00665835989639, 0.00425428990275, 0.000496471766382, 0.000434752582805, 0.000359198806109, 0.000241852074396, 0.000127774765133, 0.000171431718627, 0.000347861321643, 0.000248769792961, 0.000142147269798, 7.53796120989e-05, 7.06457722117e-05, 0.000113825095468, 8.2396385551e-05, 6.57727941871e-05, 3.72482318198e-05, 3.69168446923e-05, 2.57437986875e-05, 2.71749722742e-05, 2.25428448175e-05, 2.20188176172e-05, 1.85083554243e-05, 1.00433308035e-05, 8.85030840436e-06, 9.0285020633e-06, 8.49553634907e-06, 7.8134917203e-06, 6.24140784566e-06, 6.02422142038e-06, 5.70950851397e-06, 5.02429611515e-06, 5.00099167766e-06, 4.24509107688e-06, 3.38266841027e-06, 2.72936858892e-06, 2.65634162133e-06, 2.0079908154e-06, 1.53450992002e-06, 1.14356168979e-06],
        "median": [0.00675176130608, 0.00337808253244, 0.000196365654119, 0.000175794644747, 0.000129199252115, 9.24956111703e-05, 2.43311988015e-05, 2.73414589174e-05, 8.09198609204e-05, 4.13704256061e-05, 2.19694884436e-05, 2.09105182876e-05, 1.45211506606e-05, 3.23344029312e-05, 2.31055855693e-05, 9.58014516073e-06, 8.17937052489e-06, 6.1576574808e-06, 4.91561468152e-06, 3.84993609259e-06, 4.11305427406e-06, 4.3604095481e-06, 4.65374205305e-06, 3.49276911038e-06, 2.60153933596e-06, 2.18283707909e-06, 2.10352459362e-06, 2.30454793382e-06, 1.28572219182e-06, 1.0420678791e-06, 1.03404181573e-06, 1.46987554217e-06, 1.85324961421e-06, 1.46546221913e-06, 1.10017845145e-06, 7.86399368735e-07, 8.20288107661e-07, 5.50782147002e-07, 4.18238386146e-07, 2.77320992836e-07],
        "min": [4.94878951572e-24, 1.07246144936e-23, 3.54985001324e-24, 1.00577903704e-23, 3.1693452433e-23, 1.06114303086e-23, 1.74812464065e-24, 3.60884773705e-24, 5.86422828078e-24, 2.1598279522e-23, 1.08246310123e-23, 6.26852935546e-24, 7.80560589662e-24, 4.57795941481e-24, 5.72472809045e-24, 1.31798951517e-23, 5.38043842583e-24, 1.44476971783e-23, 5.97977115984e-24, 4.22211214907e-24, 2.4237130085e-24, 7.47789335507e-24, 1.11434333699e-23, 7.02756737416e-24, 7.38429343095e-24, 6.23398040326e-24, 1.29176202e-23, 9.94764724422e-24, 8.90306524366e-24, 6.61691991349e-24, 1.62214903667e-23, 1.19347996974e-23, 1.08939789856e-23, 1.43443532443e-23, 1.37555521978e-23, 1.04931327273e-23, 1.06653071419e-23, 1.26707351356e-23, 7.32964193629e-24, 7.97802564696e-24],
        "stdev": [0.00632626004517, 0.00501074548811, 0.000910484988708, 0.000806632102467, 0.000607961206697, 0.000445946672698, 0.000343899708241, 0.000416685245, 0.000738146190997, 0.000582290289458, 0.000439921801444, 0.000148653009092, 0.000147385813762, 0.000220484696911, 0.000164371405845, 0.000166735044331, 7.39731694921e-05, 9.29030429688e-05, 6.82573809172e-05, 9.09261070774e-05, 5.65557202208e-05, 6.80155862938e-05, 5.71266864426e-05, 2.13336006709e-05, 1.99968289962e-05, 2.05925443879e-05, 1.62621709023e-05, 1.4646562704e-05, 1.40459624163e-05, 1.41728423841e-05, 1.3957610463e-05, 9.34955005505e-06, 9.03112322703e-06, 7.57040970711e-06, 7.25630661691e-06, 5.39775646757e-06, 5.59092404728e-06, 4.54164046459e-06, 3.04640843751e-06, 2.53044822784e-06],
        "var": [4.00215685659e-05, 2.51075689448e-05, 8.2898287701e-07, 6.50655351819e-07, 3.69616856233e-07, 1.98868434609e-07, 1.18267017513e-07, 1.73626588662e-07, 5.44859801721e-07, 3.39061955401e-07, 1.93531178638e-07, 2.20977156573e-08, 2.17225792909e-08, 4.86135043332e-08, 2.70179594253e-08, 2.78005760634e-08, 5.47202994028e-09, 8.63097504578e-09, 4.65907046276e-09, 8.26755730543e-09, 3.19854964737e-09, 4.62612037566e-09, 3.26345839241e-09, 4.55122495246e-10, 3.99873134604e-10, 4.24052903902e-10, 2.64458177579e-10, 2.14521789221e-10, 1.97289060089e-10, 2.00869459954e-10, 1.94814900323e-10, 8.74140898555e-11, 8.15611883587e-11, 5.73111037794e-11, 5.26539853385e-11, 2.91357736548e-11, 3.12584333417e-11, 2.06264970382e-11, 9.28060406302e-12, 6.40316792644e-12]
    },
    "melbands128": {
