{
"lowlevel": {
    "average_loudness": 0.865505039692,
    "barkbands_crest": {
        "dmean": 2.51432847977,
        "dmean2": 3.54339694977,
        "dvar": 5.90355968475,
        "dvar2": 11.8960504532,
        "max": 26.0021724701,
        "mean": 12.9955663681,
        "median": 11.7975282669,
        "min": 2.5940785408,
        "stdev": 5.16805839539,
        "var": 26.7088279724
    },
    "barkbands_flatness_db": {
        "dmean": 0.0298118293285,
        "dmean2": 0.039897814393,
        "dvar": 0.00104756036308,
        "dvar2": 0.00179852708243,
        "max": 0.489190936089,
        "mean": 0.209476426244,
        "median": 0.202213466167,
        "min": 0.0489223711193,
        "stdev": 0.0690870657563,
        "var": 0.00477302214131
    },
    "barkbands_kurtosis": {
        "dmean": 8.72748756409,
        "dmean2": 12.643538475,
        "dvar": 212.838043213,
        "dvar2": 382.098388672,
        "max": 320.256286621,
        "mean": 18.7639007568,
        "median": 11.08360672,
        "min": -1.86477220058,
        "stdev": 27.2187995911,
        "var": 740.863037109
    },
    "barkbands_skewness": {
        "dmean": 0.856774270535,
        "dmean2": 1.2248647213,
        "dvar": 0.86121481657,
        "dvar2": 1.61998784542,
        "max": 15.3314399719,
        "mean": 3.03975081444,
        "median": 2.73254728317,
        "min": -2.55183386803,
        "stdev": 1.97054839134,
        "var": 3.88306093216
    },
    "barkbands_spread": {
        "dmean": 6.73488044739,
        "dmean2": 9.81839466095,
        "dvar": 140.995285034,
        "dvar2": 280.116973877,
        "max": 116.178596497,
        "mean": 14.1488819122,
        "median": 8.41278553009,
        "min": 0.227622404695,
        "stdev": 17.0387611389,
        "var": 290.319396973
    },
    "dissonance": {
        "dmean": 0.0328754521906,
        "dmean2": 0.0540015399456,
        "dvar": 0.0010822681943,
        "dvar2": 0.00258193304762,
        "max": 0.499829739332,
        "mean": 0.424518108368,
        "median": 0.428014904261,
        "min": 0.0200379844755,
        "stdev": 0.0470701083541,
        "var": 0.00221559521742
    },
    "dynamic_complexity": 2.93182778358,
    "erbbands_crest": {
        "dmean": 2.91724061966,
        "dmean2": 4.60050106049,
        "dvar": 6.99465751648,
        "dvar2": 15.992058754,
        "max": 26.4264469147,
        "mean": 10.9018163681,
        "median": 10.4040641785,
        "min": 2.87520432472,
        "stdev": 4.16418457031,
        "var": 17.3404312134
    },
    "erbbands_flatness_db": {
        "dmean": 0.0211056638509,
        "dmean2": 0.0301327425987,
        "dvar": 0.000435985421063,
        "dvar2": 0.000909078749828,
        "max": 0.331787228584,
        "mean": 0.167824611068,
        "median": 0.165057733655,
        "min": 0.0550614409149,
        "stdev": 0.045240573585,
        "var": 0.0020467096474
    },
    "erbbands_kurtosis": {
        "dmean": 2.00336289406,
        "dmean2": 3.1024813652,
        "dvar": 5.15781450272,
        "dvar2": 11.9764204025,
        "max": 22.8365325928,
        "mean": 3.06898188591,
        "median": 2.13733434677,
        "min": -1.81812477112,
        "stdev": 3.71248483658,
        "var": 13.7825431824
    },
    "erbbands_skewness": {
        "dmean": 0.537652254105,
        "dmean2": 0.78515291214,
        "dvar": 0.334161281586,
        "dvar2": 0.654853880405,
        "max": 4.04056406021,
        "mean": 1.17396998405,
        "median": 1.27735126019,
        "min": -2.88938045502,
        "stdev": 1.09368765354,
        "var": 1.19615268707
    },
    "erbbands_spread": {
        "dmean": 12.0851230621,
        "dmean2": 18.4380455017,
        "dvar": 247.337966919,
        "dvar2": 567.588134766,
        "max": 154.699798584,
        "mean": 37.0874290466,
        "median": 30.0659790039,
        "min": 6.50860500336,
        "stdev": 23.4930019379,
        "var": 551.921142578
    },
    "hfc": {
        "dmean": 9.63163566589,
        "dmean2": 14.133348465,
        "dvar": 368.220916748,
        "dvar2": 821.098876953,
        "max": 222.689300537,
        "mean": 18.9119148254,
        "median": 11.8314476013,
        "min": 1.21597707332e-16,
        "stdev": 24.7644557953,
        "var": 613.278259277
    },
    "loudness_ebu128": {
        "integrated": -11.8170595169,
        "loudness_range": 4.15909004211,
        "momentary": {
            "dmean": 1.04610943794,
            "dmean2": 1.2129034996,
            "dvar": 1.63273358345,
            "dvar2": 1.97288036346,
            "max": -7.23150587082,
            "mean": -12.9426984787,
            "median": -13.3604469299,
            "min": -24.3784389496,
            "stdev": 3.16564321518,
            "var": 10.0212974548
        },
        "short_term": {
            "dmean": 0.133510068059,
            "dmean2": 0.162743896246,
            "dvar": 0.0330016091466,
            "dvar2": 0.0385985374451,
            "max": -9.72021198273,
            "mean": -12.1502027512,
            "median": -11.6514921188,
            "min": -14.9576892853,
            "stdev": 1.42991316319,
            "var": 2.04465150833
        }
    },
    "melbands_crest": {
        "dmean": 3.39275121689,
        "dmean2": 5.2215256691,
        "dvar": 12.4769020081,
        "dvar2": 29.0364513397,
        "max": 38.0946464539,
        "mean": 19.2795753479,
        "median": 17.4628639221,
        "min": 2.05376410484,
        "stdev": 8.35736560822,
        "var": 69.8455657959
    },
    "melbands_flatness_db": {
        "dmean": 0.0349498130381,
        "dmean2": 0.0453846976161,
        "dvar": 0.00161702546757,
        "dvar2": 0.00267691188492,
        "max": 0.616757273674,
        "mean": 0.279501199722,
        "median": 0.273260176182,
        "min": 0.00908053573221,
        "stdev": 0.0918440371752,
        "var": 0.00843532755971
    },
    "melbands_kurtosis": {
        "dmean": 16.7055301666,
        "dmean2": 25.0844135284,
        "dvar": 1097.72741699,
        "dvar2": 2243.31787109,
        "max": 548.643310547,
        "mean": 34.7193374634,
        "median": 18.975769043,
        "min": -1.86362791061,
        "stdev": 54.287021637,
        "var": 2947.08056641
    },
    "melbands_skewness": {
        "dmean": 1.05153095722,
        "dmean2": 1.53047001362,
        "dvar": 1.57480621338,
        "dvar2": 3.14125347137,
        "max": 18.984085083,
        "mean": 3.76974797249,
        "median": 3.05225682259,
        "min": -0.623691082001,
        "stdev": 2.63049530983,
        "var": 6.91950559616
    },
    "melbands_spread": {
        "dmean": 6.70879936218,
        "dmean2": 10.046087265,
        "dvar": 278.884033203,
        "dvar2": 540.674499512,
        "max": 226.838851929,
        "mean": 13.8580169678,
        "median": 7.79463624954,
        "min": 0.31087449193,
        "stdev": 24.5988464355,
        "var": 605.103271484
    },
    "pitch_salience": {
        "dmean": 0.076342612505,
        "dmean2": 0.115313112736,
        "dvar": 0.00794652849436,
        "dvar2": 0.0172288194299,
        "max": 0.917567253113,
        "mean": 0.491992324591,
        "median": 0.522555887699,
        "min": 0.054990183562,
        "stdev": 0.181318134069,
        "var": 0.0328762680292
    },
    "silence_rate_20dB": {
        "dmean": 0.0278637763113,
        "dmean2": 0.0557707212865,
        "dvar": 0.0270873643458,
        "dvar2": 0.0604059249163,
        "max": 1,
        "mean": 0.964423835278,
        "median": 1,
        "min": 0,
        "stdev": 0.185231879354,
        "var": 0.0343108512461
    },
    "silence_rate_30dB": {
        "dmean": 0.0294117648154,
        "dmean2": 0.0588690936565,
        "dvar": 0.0285470187664,
        "dvar2": 0.0554028972983,
        "max": 1,
        "mean": 0.883217334747,
        "median": 1,
        "min": 0,
        "stdev": 0.321162283421,
        "var": 0.103145211935
    },
    "silence_rate_60dB": {
        "dmean": 0.0286377705634,
        "dmean2": 0.0573199056089,
        "dvar": 0.0278176870197,
        "dvar2": 0.0633305907249,
        "max": 1,
        "mean": 0.0587780363858,
        "median": 0,
        "min": 0,
        "stdev": 0.235209867358,
        "var": 0.0553236827254
    },
    "spectral_centroid": {
        "dmean": 286.743865967,
        "dmean2": 416.598968506,
        "dvar": 336951.90625,
        "dvar2": 559516.875,
        "max": 11169.0322266,
        "mean": 871.100280762,
        "median": 603.840515137,
        "min": 140.863967896,
        "stdev": 828.933410645,
        "var": 687130.5625
    },
    "spectral_complexity": {
        "dmean": 3.20975232124,
        "dmean2": 4.9961271286,
        "dvar": 26.667301178,
        "dvar2": 57.1811561584,
        "max": 51,
        "mean": 11.2838363647,
        "median": 10,
        "min": 0,
        "stdev": 6.28966379166,
        "var": 39.5598716736
    },
    "spectral_decrease": {
        "dmean": 4.40274972036e-09,
        "dmean2": 6.13237416403e-09,
        "dvar": 1.03801174534e-16,
        "dvar2": 1.76902526632e-16,
        "max": 2.1511563171e-29,
        "mean": -1.45339207336e-08,
        "median": -6.96243063203e-09,
        "min": -1.25665039263e-07,
        "stdev": 2.30297647619e-08,
        "var": 5.303700505e-16
    },
    "spectral_energy": {
        "dmean": 0.017052160576,
        "dmean2": 0.0238866582513,
        "dvar": 0.00151810515672,
        "dvar2": 0.00261146505363,
        "max": 0.477121680975,
        "mean": 0.0565696842968,
        "median": 0.0274406615645,
        "min": 1.09480819506e-20,
        "stdev": 0.0876696929336,
        "var": 0.00768597470596
    },
    "spectral_energyband_high": {
        "dmean": 0.000812533369754,
        "dmean2": 0.00118122308049,
        "dvar": 3.99030250264e-06,
        "dvar2": 8.56407768879e-06,
        "max": 0.026146935299,
        "mean": 0.00105084758252,
        "median": 0.000219804816879,
        "min": 8.40879095082e-21,
        "stdev": 0.00250875134952,
        "var": 6.29383339401e-06
    },
    "spectral_energyband_low": {
        "dmean": 0.013284470886,
        "dmean2": 0.0175601039082,
        "dvar": 0.00141019211151,
        "dvar2": 0.00213009933941,
        "max": 0.466979026794,
        "mean": 0.0399599261582,
        "median": 0.00785461440682,
        "min": 9.93098807963e-24,
        "stdev": 0.081874370575,
        "var": 0.0067034130916
    },
    "spectral_energyband_middle_high": {
        "dmean": 0.00082794087939,
        "dmean2": 0.00131753750611,
        "dvar": 1.76635035132e-06,
        "dvar2": 4.53715483673e-06,
        "max": 0.0103280302137,
        "mean": 0.00153606536333,
        "median": 0.00118788704276,
        "min": 1.32986691419e-21,
        "stdev": 0.00145749165677,
        "var": 2.12428176383e-06
    },
    "spectral_energyband_middle_low": {
        "dmean": 0.00987416040152,
        "dmean2": 0.0166701655835,
        "dvar": 0.00100134056993,
        "dvar2": 0.00281950621866,
        "max": 0.342894405127,
        "mean": 0.0157365109771,
        "median": 0.0113631039858,
        "min": 3.32534608451e-22,
        "stdev": 0.0265526995063,
        "var": 0.000705045822542
    },
    "spectral_entropy": {
        "dmean": 0.271894872189,
        "dmean2": 0.368110239506,
        "dvar": 0.0936903208494,
        "dvar2": 0.172194451094,
        "max": 9.8086271286,
        "mean": 7.25018644333,
        "median": 7.14701986313,
        "min": 5.08244037628,
        "stdev": 0.609666585922,
        "var": 0.371693313122
    },
    "spectral_flux": {
        "dmean": 0.0384868010879,
        "dmean2": 0.0582825578749,
        "dvar": 0.00365292211063,
        "dvar2": 0.00577971711755,
        "max": 0.656014978886,
        "mean": 0.0941869914532,
        "median": 0.0636220872402,
        "min": 1.04633079978e-10,
        "stdev": 0.104094259441,
        "var": 0.0108356149867
    },
    "spectral_kurtosis": {
        "dmean": 2.24180078506,
        "dmean2": 3.39010071754,
        "dvar": 11.1040725708,
        "dvar2": 24.7646865845,
        "max": 73.3988723755,
        "mean": 5.35080432892,
        "median": 4.46891546249,
        "min": -1.20248019695,
        "stdev": 5.47298431396,
        "var": 29.9535560608
    },
    "spectral_rms": {
        "dmean": 0.000962043704931,
        "dmean2": 0.0013354603434,
        "dvar": 2.60311026068e-06,
        "dvar2": 4.23695018981e-06,
        "max": 0.0215750914067,
        "mean": 0.00612776959315,
        "median": 0.00517410645261,
        "min": 3.26818845424e-12,
        "stdev": 0.00420005153865,
        "var": 1.76404319063e-05
    },
    "spectral_rolloff": {
        "dmean": 590.064697266,
        "dmean2": 979.070800781,
        "dvar": 2857605.25,
        "dvar2": 5985601,
        "max": 18346.2890625,
        "mean": 1075.28137207,
        "median": 473.73046875,
        "min": 43.06640625,
        "stdev": 2158.41333008,
        "var": 4658748
    },
    "spectral_skewness": {
        "dmean": 0.353743314743,
        "dmean2": 0.504403531551,
        "dvar": 0.146121487021,
        "dvar2": 0.292881816626,
        "max": 6.60264921188,
        "mean": 1.9470499754,
        "median": 1.99042248726,
        "min": -0.142924115062,
        "stdev": 0.744160234928,
        "var": 0.553774416447
    },
    "spectral_spread": {
        "dmean": 1018235.625,
        "dmean2": 1474271.125,
        "dvar": 1.90013269606e+12,
        "dvar2": 3.2212605993e+12,
        "max": 39692996,
        "mean": 5994065.5,
        "median": 5735463,
        "min": 931552.4375,
        "stdev": 2446083.75,
        "var": 5.98332565094e+12
    },
    "spectral_strongpeak": {
        "dmean": 0.288027226925,
        "dmean2": 0.459979385138,
        "dvar": 0.269858419895,
        "dvar2": 0.718010425568,
        "max": 8.67465019226,
        "mean": 0.763497054577,
        "median": 0.527777612209,
        "min": 0,
        "stdev": 0.638103425503,
        "var": 0.407176017761
    },
    "zerocrossingrate": {
        "dmean": 0.0153026282787,
        "dmean2": 0.0167853776366,
        "dvar": 0.0006881938898,
        "dvar2": 0.000681301695295,
        "max": 0.50537109375,
        "mean": 0.0483738295734,
        "median": 0.03515625,
        "min": 0.00146484375,
        "stdev": 0.0549893006682,
        "var": 0.00302382325754
    },
    "barkbands": {
        "dmean": [0.00153352634516, 0.0119866002351, 0.00671553239226, 0.00355018186383, 0.00305244186893, 0.00295786489733, 0.00211627525277, 0.000654084724374, 0.000279298605165, 0.000214022074942, 0.000181732480996, 0.000176673944225, 0.000120293778309, 0.000123939244077, 6.18939593551e-05, 6.07785950706e-05, 3.67174106941e-05, 8.55627949932e-05, 9.26552966121e-05, 0.000100792225567, 0.000101908015495, 0.000107478212158, 0.000160832045367, 0.000200999173103, 0.000185181677807, 8.2228674728e-05, 2.38085499404e-06],
        "dmean2": [0.00232726847753, 0.0141659481451, 0.0114897973835, 0.00646108435467, 0.00560592068359, 0.00478417845443, 0.0033741754014, 0.00104818504769, 0.000442494783783, 0.000334563199431, 0.000299935840303, 0.000292072742013, 0.000190696169739, 0.000208134573768, 9.82103592833e-05, 9.5178889751e-05, 6.13202428212e-05, 0.000140522344736, 0.000153883360326, 0.000167218677234, 0.000166063313372, 0.000158697017469, 0.00025548285339, 0.000299785926472, 0.00027293083258, 0.000126938772155, 4.3657214519e-06],
        "dvar": [1.79155467777e-05, 0.00138155207969, 0.000864546338562, 0.000252181198448, 0.000136960603413, 4.61543750134e-05, 1.51076174006e-05, 1.93653158931e-06, 4.79346397242e-07, 1.78661167638e-07, 1.54318897216e-07, 1.92100401364e-07, 4.36720206665e-08, 1.05270196116e-07, 1.50375480956e-08, 2.34036026114e-08, 1.05326654065e-08, 4.35592255599e-08, 7.00201994164e-08, 1.27804383965e-07, 1.08592701054e-07, 5.97575251504e-08, 2.18887720393e-07, 3.09953179567e-07, 2.87275327082e-07, 5.10242905705e-08, 1.84490242527e-10],
        "dvar2": [3.89384840673e-05, 0.00170522171538, 0.00233433768153, 0.000728235580027, 0.000409396656323, 0.000124216603581, 3.71438109141e-05, 5.08207313032e-06, 1.3059259345e-06, 4.20681544711e-07, 4.09161714288e-07, 4.93892969189e-07, 1.07009128669e-07, 2.88587671093e-07, 3.62266874276e-08, 5.77350220965e-08, 2.62159858266e-08, 1.15829436709e-07, 1.77914557753e-07, 3.12382582024e-07, 2.70047848971e-07, 1.29236198632e-07, 5.44350996279e-07, 6.62994978029e-07, 6.0901965071e-07, 1.05317113253e-07, 4.61852195377e-10],
        "max": [0.0504029020667, 0.457794964314, 0.305294692516, 0.156776487827, 0.118816167116, 0.0674252063036, 0.0317496992648, 0.0187498759478, 0.00727757066488, 0.00608419487253, 0.00460792845115, 0.00510169519112, 0.00231836200692, 0.00438830023631, 0.00133860786445, 0.00300803896971, 0.0011867522262, 0.00231379503384, 0.00252501992509, 0.00561285018921, 0.00376164633781, 0.00379155902192, 0.00842105317861, 0.00774260330945, 0.00703548872843, 0.00344109232537, 0.000353395065758],
        "mean": [0.00374302640557, 0.0284492131323, 0.00607427954674, 0.00298637687229, 0.00323603022844, 0.00434635160491, 0.00359236984514, 0.00110724195838, 0.000428854691563, 0.000314217439154, 0.000236668798607, 0.000213111517951, 0.000185241282452, 0.00015660909412, 8.13091101008e-05, 9.13768890314e-05, 4.1127728764e-05, 0.00010448100511, 9.23310144572e-05, 8.87465939741e-05, 0.000103718382888, 0.00013283622684, 0.000178165078978, 0.000248048774665, 0.000237175088841, 9.88860410871e-05, 1.95251527657e-06],
        "median": [2.44226021096e-06, 0.000464204669697, 0.00133835803717, 0.00046325623407, 0.00112912594341, 0.00197595567442, 0.00143133848906, 0.000701578333974, 0.000152223263285, 0.000134411762701, 8.06339594419e-05, 6.06184221397e-05, 5.81092936045e-05, 4.92758081236e-05, 3.32429845002e-05, 4.0372768126e-05, 1.27672174131e-05, 3.00557567243e-05, 1.06610286821e-05, 5.17022181157e-06, 1.53532382683e-05, 3.51000817318e-05, 2.41830057348e-05, 2.90766929538e-05, 3.56712407665e-05, 1.35918544402e-05, 1.03312007838e-08],
        "min": [9.58477911643e-24, 3.35407643024e-24, 1.55848701499e-24, 1.44929762165e-23, 6.53394365806e-23, 3.87586800268e-23, 3.67251985615e-23, 3.76650222004e-23, 1.26676394877e-22, 6.39556672678e-23, 7.19504506869e-23, 1.01787669234e-22, 7.10294019376e-23, 1.66227709719e-22, 1.02367324227e-22, 6.84304649754e-23, 1.85698437691e-22, 1.97212020375e-22, 2.15481155415e-22, 2.05464098667e-22, 4.44637902509e-22, 3.99624842925e-22, 7.63651384558e-22, 1.29309786759e-21, 1.37348605025e-21, 1.81510245141e-21, 2.40127684352e-21],
        "stdev": [0.00626330263913, 0.0715677514672, 0.0241721272469, 0.012077210471, 0.0090270396322, 0.00669393409044, 0.00498238625005, 0.00155166757759, 0.000747390440665, 0.000537195708603, 0.000427510385634, 0.000464924058178, 0.000317114521749, 0.000326922861859, 0.000134781628731, 0.000159529532539, 9.77173185674e-05, 0.000205985590583, 0.000264499976765, 0.000332347175572, 0.000316880032187, 0.000287466595182, 0.000479267939227, 0.000704236153979, 0.000702914607245, 0.00029233461828, 1.4600303075e-05],
        "var": [3.92289584852e-05, 0.00512194354087, 0.000584291701671, 0.000145859012264, 8.14874510979e-05, 4.48087521363e-05, 2.48241740337e-05, 2.40767212745e-06, 5.58592432753e-07, 2.88579229846e-07, 1.82765134582e-07, 2.16154376176e-07, 1.00561614147e-07, 1.06878559336e-07, 1.81660873011e-08, 2.54496725915e-08, 9.54867385161e-09, 4.24300630186e-08, 6.99602367149e-08, 1.10454642765e-07, 1.00412954396e-07, 8.2637036769e-08, 2.29697761256e-07, 4.95948597745e-07, 4.94088908454e-07, 8.54595327837e-08, 2.13168843688e-10]
    },
    "erbbands": {
        "dmean": [0.501241922379, 2.66586637497, 6.49493789673, 10.9761695862, 8.99824619293, 10.583946228, 16.3429355621, 26.4238891602, 33.5745582581, 22.2759513855, 11.166015625, 6.13568210602, 5.9878950119, 6.44490289688, 7.54726028442, 6.59084892273, 5.31712722778, 6.34931135178, 3.75742578506, 3.44030618668, 2.88949680328, 2.11822271347, 3.97106027603, 4.95259523392, 4.40373516083, 4.66040754318, 4.27593278885, 4.31966733932, 4.00778579712, 3.60950422287, 4.78366327286, 3.98526883125, 3.50959181786, 2.17552280426, 1.34043598175, 0.551852762699, 0.107785508037, 0.0127156199887, 0.000316100398777, 2.9524531783e-05],
        "dmean2": [0.588776350021, 2.91494774818, 10.1042413712, 19.5878582001, 16.6355209351, 19.2045631409, 27.5682945251, 43.4173851013, 53.9530410767, 34.7386245728, 17.6814994812, 9.82660388947, 9.43572330475, 10.0167455673, 12.4583415985, 10.8584842682, 8.45903587341, 10.607301712, 6.16801548004, 5.37916851044, 4.45057296753, 3.5011241436, 6.59662389755, 8.09118747711, 7.45175504684, 7.6862411499, 7.08380413055, 6.98835229874, 6.00977230072, 5.60177230835, 7.62658691406, 6.0216884613, 5.27610969543, 3.15240955353, 2.07426667213, 0.852896392345, 0.165038570762, 0.0206592250615, 0.000514558050781, 4.23612436862e-05],
        "dvar": [2.06259083748, 76.2584075928, 699.753112793, 2322.6809082, 1768.03051758, 1474.44384766, 1952.49768066, 3678.72070312, 4299.69140625, 1978.09924316, 468.449829102, 259.66317749, 158.312896729, 148.596710205, 335.282623291, 269.157623291, 93.6561813354, 208.169235229, 90.322479248, 55.2010574341, 43.373374939, 35.8714485168, 105.798820496, 155.975418091, 186.986740112, 260.910125732, 241.12677002, 185.461837769, 82.5933532715, 93.310874939, 193.432449341, 114.508926392, 100.279556274, 34.9893035889, 18.8821678162, 2.33535575867, 0.0922642350197, 0.0026298307348, 1.54286988163e-06, 3.3340656902e-09],
        "dvar2": [2.48294091225, 101.072418213, 1747.49609375, 6547.45556641, 5242.27197266, 4374.88867188, 5396.84082031, 9775.71386719, 10614.8544922, 4815.68701172, 1240.80310059, 718.180297852, 386.907562256, 346.314056396, 929.846923828, 698.862243652, 231.611572266, 566.230163574, 241.42137146, 140.437683105, 98.8770065308, 87.7774353027, 282.120056152, 398.344146729, 469.539886475, 633.856445312, 609.098693848, 462.689910889, 181.908554077, 215.97164917, 486.126342773, 253.614761353, 208.142501831, 67.4245986938, 45.2540817261, 4.89838552475, 0.186017483473, 0.0064781550318, 3.86460578738e-06, 6.45004716304e-09],
        "max": [18.6668262482, 112.105140686, 269.515258789, 395.118591309, 475.12008667, 367.557617188, 449.066925049, 569.798522949, 493.41217041, 540.003662109, 300.408477783, 185.892044067, 157.398208618, 221.229721069, 199.362594604, 197.837554932, 106.621360779, 164.042922974, 139.775054932, 138.298171997, 130.584609985, 70.7594070435, 116.205039978, 133.772445679, 147.753372192, 247.710769653, 233.439239502, 158.610061646, 125.72743988, 141.730407715, 247.545837402, 147.113754272, 176.571640015, 82.0638427734, 67.6245727539, 23.9572544098, 4.31187343597, 1.14741683006, 0.0274476110935, 0.000769457779825],
        "mean": [1.24881184101, 4.67810726166, 6.74601221085, 10.0851097107, 7.19233369827, 12.1985998154, 23.0049781799, 40.0212402344, 53.1010856628, 39.5495986938, 21.6881332397, 9.87909126282, 9.57658481598, 9.98251152039, 10.4046478271, 8.16785049438, 8.30763530731, 8.84241104126, 4.924700737, 5.19146871567, 4.36532497406, 2.55227041245, 4.79492807388, 6.00090646744, 4.08991384506, 4.11216592789, 3.98391962051, 4.69252872467, 4.96912765503, 4.19467926025, 5.27407741547, 4.76814746857, 4.3716711998, 2.734187603, 1.63521468639, 0.675308227539, 0.127031832933, 0.0132331065834, 0.000349078763975, 7.92714272393e-05],
        "median": [0.00368184968829, 0.226022005081, 1.39680957794, 3.30026745796, 1.42113542557, 4.21642351151, 8.96036052704, 19.0524158478, 17.367433548, 19.0830211639, 13.232922554, 4.09080648422, 4.58769655228, 5.44499444962, 4.25503396988, 2.61777257919, 2.81806945801, 2.82322788239, 1.91233849525, 2.28824877739, 1.92681312561, 0.931956648827, 1.45583617687, 1.29100251198, 0.393160641193, 0.261929064989, 0.355893403292, 0.858146369457, 1.42735445499, 0.788039267063, 0.70017105341, 0.590637326241, 0.508174359798, 0.294852107763, 0.25358107686, 0.104729898274, 0.0137377223, 0.000889410614036, 5.3476102039e-05, 3.77408578061e-05],
        "min": [2.61849642118e-22, 1.83143437125e-22, 1.35756221761e-21, 2.03154362909e-20, 1.34514443927e-19, 2.47096116365e-19, 2.43211443564e-19, 4.02255217698e-19, 3.42014574667e-19, 7.8228952071e-19, 1.21923837351e-18, 2.27477025917e-18, 2.48574122683e-18, 2.7734549098e-18, 2.77370782028e-18, 3.86886599998e-18, 3.39030768762e-18, 9.18774900807e-18, 5.15766757466e-18, 5.05981541692e-18, 3.99823332547e-18, 1.11241531795e-17, 1.11914095807e-17, 8.29958946794e-18, 1.21862597034e-17, 1.09156623061e-17, 1.41036147325e-17, 1.91551074717e-17, 1.37853230774e-17, 2.41325112978e-17, 1.90343341392e-17, 2.11507204041e-17, 2.38734515648e-17, 1.6972644365e-17, 9.72407058338e-18, 6.67829685578e-18, 3.10638786853e-18, 1.25161411929e-18, 3.75685788682e-19, 3.4638139683e-20],
        "stdev": [2.78265118599, 14.6121110916, 24.9365787506, 37.7054519653, 31.6729431152, 30.4896697998, 41.8522224426, 60.8623924255, 79.9953079224, 54.1047439575, 27.3245220184, 17.3371315002, 15.2109451294, 14.844335556, 18.3285713196, 16.801530838, 13.527425766, 15.3214330673, 9.38863563538, 7.88211202621, 7.39283323288, 5.79180812836, 9.8303976059, 13.7846012115, 12.9897041321, 15.115858078, 14.2088890076, 13.2115125656, 10.5170030594, 10.678194046, 14.1194839478, 12.8628826141, 13.1269712448, 8.21359539032, 5.0576581955, 1.94254672527, 0.398876875639, 0.0605354011059, 0.00142241653521, 0.000108968975837],
        "var": [7.7431473732, 213.513778687, 621.832946777, 1421.70117188, 1003.175354, 929.619995117, 1751.60864258, 3704.23095703, 6399.24902344, 2927.32324219, 746.629516602, 300.576141357, 231.372848511, 220.354293823, 335.936523438, 282.291442871, 182.991256714, 234.746322632, 88.1464767456, 62.1276893616, 54.6539840698, 33.5450401306, 96.6367111206, 190.01524353, 168.732406616, 228.48916626, 201.89251709, 174.544052124, 110.60735321, 114.02381897, 199.359832764, 165.45375061, 172.317367554, 67.4631500244, 25.5799045563, 3.77348780632, 0.159102767706, 0.00366453477181, 2.02326896215e-06, 1.18742375932e-08]
    },
    "gfcc": {
        "mean": [-30.9577713013, 92.7935638428, -83.5860366821, 18.0328292847, -77.3777236938, 16.7196979523, -52.2394866943, 8.10614109039, -18.728805542, 7.28017473221, -12.719124794, 5.70307636261, -12.6233615875],
        "cov": [[6333.97509766, -916.237915039, 1018.44854736, 799.838439941, 161.105865479, 319.987365723, -97.9388809204, 377.427825928, -121.728775024, 318.158752441, -27.8448448181, 256.165283203, -162.343902588], [-916.237915039, 1972.94934082, 178.622680664, -97.9783554077, 416.32144165, 52.8650665283, 297.611938477, -4.22553682327, 330.9659729, -244.572433472, 126.966697693, -38.5744552612, 167.503936768], [1018.44854736, 178.622680664, 1103.57592773, 427.551513672, 277.327209473, 305.047546387, 254.984161377, 315.290039062, 123.917182922, 5.41543245316, 44.8988647461, 61.0958137512, 117.915100098], [799.838439941, -97.9783554077, 427.551513672, 661.237976074, 349.33114624, 247.192260742, 227.510406494, 248.706268311, 169.795349121, 85.061920166, 142.558990479, 5.57187318802, 151.309921265], [161.105865479, 416.32144165, 277.327209473, 349.33114624, 599.715209961, 238.524963379, 268.461181641, 177.194793701, 234.152832031, 80.0846481323, 171.657470703, 14.3040809631, 122.247314453], [319.987365723, 52.8650665283, 305.047546387, 247.192260742, 238.524963379, 337.745056152, 168.376052856, 133.022949219, 135.415512085, 84.0408782959, 98.7046127319, 13.546210289, 107.693969727], [-97.9388809204, 297.611938477, 254.984161377, 227.510406494, 268.461181641, 168.376052856, 371.835601807, 189.713287354, 170.695571899, 6.08484697342, 118.34563446, 20.1051063538, 149.882888794], [377.427825928, -4.22553682327, 315.290039062, 248.706268311, 177.194793701, 133.022949219, 189.713287354, 297.50479126, 120.900634766, 40.7119369507, 90.3264083862, 43.7034950256, 92.8550491333], [-121.728775024, 330.9659729, 123.917182922, 169.795349121, 234.152832031, 135.415512085, 170.695571899, 120.900634766, 274.055267334, 69.0253448486, 120.631080627, -10.2848119736, 107.71081543], [318.158752441, -244.572433472, 5.41543245316, 85.061920166, 80.0846481323, 84.0408782959, 6.08484697342, 40.7119369507, 69.0253448486, 214.942199707, 57.5987091064, 3.33494019508, 2.62608003616], [-27.8448448181, 126.966697693, 44.8988647461, 142.558990479, 171.657470703, 98.7046127319, 118.34563446, 90.3264083862, 120.631080627, 57.5987091064, 181.731872559, 21.4447059631, 96.547668457], [256.165283203, -38.5744552612, 61.0958137512, 5.57187318802, 14.3040809631, 13.546210289, 20.1051063538, 43.7034950256, -10.2848119736, 3.33494019508, 21.4447059631, 135.324752808, 11.5139732361], [-162.343902588, 167.503936768, 117.915100098, 151.309921265, 122.247314453, 107.693969727, 149.882888794, 92.8550491333, 107.71081543, 2.62608003616, 96.547668457, 11.5139732361, 208.199249268]],
        "icov": [[0.000320502760587, -0.000149853207404, -0.000133483830723, -0.000541563669685, 0.000165245044627, -0.000130291475216, 0.000300718937069, -0.000256408384303, 0.000444997334853, -0.000587088579778, 0.000185361612239, -0.000550784519874, 0.000429586682003], [-0.000149853207404, 0.00166448578238, -0.000438524904894, 0.00141696201172, -0.00124177301768, 0.000520032423083, -0.000471180566819, 0.00116400537081, -0.00229732715525, 0.00252090580761, -0.00062415539287, 0.000579452083912, -0.000543106521945], [-0.000133483830723, -0.000438524904894, 0.00199428177439, -0.00067826960003, 0.00021077573183, -0.00121735187713, -0.000136036411277, -0.00144738866948, 0.000549145857804, 9.21303071664e-05, 0.00122516346164, -0.000314394681482, 2.55585982813e-05], [-0.000541563669685, 0.00141696201172, -0.00067826960003, 0.00494823139161, -0.00209207856096, 0.000106607454654, -0.000511672056746, -9.20548991417e-05, -0.00182887981646, 0.00215076934546, -0.00123116699979, 0.00200508604757, -0.0018125618808], [0.000165245044627, -0.00124177301768, 0.00021077573183, -0.00209207856096, 0.00466256588697, -0.00118992850184, -0.000881591753569, -0.000358173681889, 0.000321163533954, -0.00189894950017, -0.000840457738377, -0.000725152436644, 0.00148881599307], [-0.000130291475216, 0.000520032423083, -0.00121735187713, 0.000106607454654, -0.00118992850184, 0.00615149363875, -0.000877958955243, 0.00100432289764, -0.00107122003101, -0.000820941058919, -0.000668352236971, 0.000416258291807, -0.00135568121914], [0.000300718937069, -0.000471180566819, -0.000136036411277, -0.000511672056746, -0.000881591753569, -0.000877958955243, 0.00658721290529, -0.00251088780351, -0.000246924260864, 0.00030084484024, -4.05220744142e-05, -0.000506936514284, -0.00141728145536], [-0.000256408384303, 0.00116400537081, -0.00144738866948, -9.20548991417e-05, -0.000358173681889, 0.00100432289764, -0.00251088780351, 0.00826097559184, -0.00265313568525, 0.00128386844881, -0.00145603355486, -0.000855300109833, -0.00035680984729], [0.000444997334853, -0.00229732715525, 0.000549145857804, -0.00182887981646, 0.000321163533954, -0.00107122003101, -0.000246924260864, -0.00265313568525, 0.010795767419, -0.00502141891047, -0.000755295797717, 0.000382391561288, -0.000252723169979], [-0.000587088579778, 0.00252090580761, 9.21303071664e-05, 0.00215076934546, -0.00189894950017, -0.000820941058919, 0.00030084484024, 0.00128386844881, -0.00502141891047, 0.0105462502688, -0.00239495397545, 0.00124809949193, 0.000155624918989], [0.000185361612239, -0.00062415539287, 0.00122516346164, -0.00123116699979, -0.000840457738377, -0.000668352236971, -4.05220744142e-05, -0.00145603355486, -0.000755295797717, -0.00239495397545, 0.0112696420401, -0.00198526890017, -0.0023299716413], [-0.000550784519874, 0.000579452083912, -0.000314394681482, 0.00200508604757, -0.000725152436644, 0.000416258291807, -0.000506936514284, -0.000855300109833, 0.000382391561288, 0.00124809949193, -0.00198526890017, 0.00944413710386, -0.00103317783214], [0.000429586682003, -0.000543106521945, 2.55585982813e-05, -0.0018125618808, 0.00148881599307, -0.00135568121914, -0.00141728145536, -0.00035680984729, -0.000252723169979, 0.000155624918989, -0.0023299716413, -0.00103317783214, 0.00915071740746]]
    },
    "melbands": {
        "dmean": [0.00376961729489, 0.0026098836679, 0.00173434161115, 0.000649673573207, 0.000553334015422, 0.000583545363043, 0.000485318683786, 0.000217831038754, 7.84659423516e-05, 3.84782906622e-05, 3.1037710869e-05, 2.76795635727e-05, 2.73592322628e-05, 2.15970048885e-05, 1.35631662488e-05, 1.22265182654e-05, 1.2325708667e-05, 6.92084813636e-06, 4.59404009234e-06, 5.00580745211e-06, 3.13023497256e-06, 2.12670784094e-06, 2.99883663502e-06, 4.17413821197e-06, 4.1916241571e-06, 3.59820865015e-06, 3.0920766676e-06, 3.15681995744e-06, 2.97907854474e-06, 2.45153296419e-06, 2.5095955607e-06, 2.51097253567e-06, 1.84737587006e-06, 2.27743157666e-06, 2.94354299513e-06, 2.71331418844e-06, 2.42438090936e-06, 2.57794044956e-06, 2.32685329138e-06, 1.7885026864e-06],
        "dmean2": [0.00449366308749, 0.00323070213199, 0.00306664640084, 0.00120375794359, 0.000945761974435, 0.000950084649958, 0.00077304453589, 0.000340563157806, 0.000125703125377, 6.18784470134e-05, 4.88359873998e-05, 4.29777210229e-05, 4.52787098766e-05, 3.50032678398e-05, 2.21085829253e-05, 1.91944309336e-05, 2.08248275158e-05, 1.1562005966e-05, 7.30424244466e-06, 7.84639269114e-06, 4.88360865347e-06, 3.52020060745e-06, 5.12668520969e-06, 6.73296972309e-06, 6.86614703227e-06, 6.09875405644e-06, 5.12500446348e-06, 5.23345806869e-06, 5.05082471136e-06, 4.10032180298e-06, 4.03018384532e-06, 3.88195940104e-06, 2.80733797808e-06, 3.71161081603e-06, 4.82226141685e-06, 4.24421205025e-06, 3.69411236534e-06, 3.95886945626e-06, 3.46165029441e-06, 2.63481479124e-06],
        "dvar": [0.000121687022329, 8.09441917227e-05, 5.64630936424e-05, 7.73685951572e-06, 2.38816096498e-06, 1.72356646999e-06, 8.74657246186e-07, 2.00011385232e-07, 2.49496423521e-08, 9.94187843162e-09, 4.11310985271e-09, 2.74469424966e-09, 3.74260844538e-09, 3.20242787843e-09, 7.80210618334e-10, 4.32865132627e-10, 9.35179156336e-10, 3.36605993079e-10, 8.72981409383e-11, 1.8250471967e-10, 4.52634735248e-11, 3.50412060479e-11, 9.41202255023e-11, 7.69488014973e-11, 1.14405485085e-10, 1.25243634908e-10, 1.00466378272e-10, 1.28224597606e-10, 1.41177264323e-10, 6.35019051232e-11, 5.54283667575e-11, 3.73425491917e-11, 1.94824538446e-11, 4.65604950428e-11, 8.44030886848e-11, 4.97171574743e-11, 4.44848810566e-11, 5.77674089119e-11, 3.8567312538e-11, 2.46285804251e-11],
        "dvar2": [0.000143716155435, 0.000150730906171, 0.000157003858476, 2.32195689023e-05, 6.73714203003e-06, 4.58293379779e-06, 2.15297632167e-06, 5.0115789918e-07, 6.66089974288e-08, 2.74212723639e-08, 9.86588144514e-09, 6.29686924825e-09, 1.00994013152e-08, 8.20031686999e-09, 2.02754346645e-09, 1.01624264559e-09, 2.58864574221e-09, 9.05308716881e-10, 2.05118311225e-10, 4.79623452065e-10, 1.01034069999e-10, 8.65450003329e-11, 2.59623850196e-10, 1.930458432e-10, 2.90037355244e-10, 3.2680266826e-10, 2.46441089757e-10, 3.1385685717e-10, 3.6672720416e-10, 1.61430924184e-10, 1.37471561912e-10, 8.86974868552e-11, 4.28349543335e-11, 1.13842185678e-10, 2.18721582512e-10, 1.18267451388e-10, 9.74727382141e-11, 1.27173632736e-10, 7.62291132994e-11, 4.98395144599e-11],
        "max": [0.141666680574, 0.111815012991, 0.0660442858934, 0.0295787751675, 0.0163669902831, 0.0125388773158, 0.00707107456401, 0.00509759783745, 0.00207422231324, 0.00107145274524, 0.000794615829363, 0.000987614155747, 0.000738102942705, 0.000751553336158, 0.000368379434804, 0.000279369618511, 0.000348975823727, 0.000292119657388, 0.000108560321678, 0.000255054066656, 0.00012343157141, 7.47150916141e-05, 0.000111560708319, 8.71980300872e-05, 0.000132067347295, 0.000117329414934, 0.0001060558061, 0.000183023264981, 0.000196104097995, 7.83094728831e-05, 9.20086386031e-05, 6.63120517856e-05, 7.8483892139e-05, 0.000112700276077, 0.000170104074641, 9.55772920861e-05, 8.94560944289e-05, 0.000126141356304, 9.48226079345e-05, 7.16733848094e-05],
        "mean": [0.00941206887364, 0.00427978113294, 0.00161903549451, 0.000626018969342, 0.000788048841059, 0.000888833310455, 0.000793501210865, 0.00038042673259, 0.000148387494846, 5.87012182223e-05, 4.88046898681e-05, 4.22234952566e-05, 3.75240742869e-05, 2.53289344982e-05, 1.70931634784e-05, 1.97162335098e-05, 1.59123701451e-05, 8.4335115389e-06, 6.16321676716e-06, 7.39848110243e-06, 4.38535380454e-06, 2.41250836552e-06, 3.07379377773e-06, 5.30577335667e-06, 4.90737102155e-06, 3.21927541336e-06, 2.7080120617e-06, 2.73402179118e-06, 2.60341948888e-06, 2.36125447373e-06, 2.77830986306e-06, 2.9587915833e-06, 2.29264492191e-06, 2.45211731453e-06, 3.06357583213e-06, 3.05989715343e-06, 2.84181442112e-06, 3.07897153107e-06, 2.8203128295e-06, 2.14057172343e-06],
        "median": [6.84927799739e-05, 0.000894032244105, 0.00050805718638, 0.000207918492379, 0.000341420294717, 0.000446173973614, 0.000278260558844, 0.000186854798812, 8.27519979794e-05, 2.04928528547e-05, 2.26948359341e-05, 2.19013018068e-05, 1.42829239849e-05, 6.96992219673e-06, 5.36483457836e-06, 5.82794018555e-06, 4.8719912229e-06, 2.78872425952e-06, 2.38521283791e-06, 3.24897496284e-06, 1.8241860289e-06, 7.35198000257e-07, 8.97446682302e-07, 1.46291085912e-06, 8.97283314316e-07, 2.82561813947e-07, 1.74583504986e-07, 1.4241311419e-07, 1.70977898506e-07, 3.01929418356e-07, 5.15195381467e-07, 7.59123565786e-07, 5.57783209842e-07, 3.34339546271e-07, 3.74851168772e-07, 3.21946799886e-07, 3.17276658279e-07, 3.40154400646e-07, 2.79758864963e-07, 2.07997373991e-07],
        "min": [1.81485024311e-24, 5.38313702038e-25, 7.25029830645e-24, 1.40902075042e-23, 8.77311460902e-24, 8.00543935227e-24, 6.36879160436e-24, 8.35172799042e-24, 1.16380696679e-23, 1.56480673747e-23, 1.3021065897e-23, 1.13081546267e-23, 9.90598828868e-24, 1.03245957503e-23, 9.66365652948e-24, 7.96348457389e-24, 1.82186037666e-23, 7.39136714668e-24, 8.30866801791e-24, 5.89301144862e-24, 4.51917941661e-24, 1.19941173043e-23, 7.95481499254e-24, 1.13251182916e-23, 5.72368127203e-24, 9.08305963641e-24, 7.39465748552e-24, 7.43902696713e-24, 7.07146985012e-24, 1.20755174945e-23, 1.02733939444e-23, 8.1125627189e-24, 7.43623124408e-24, 1.60874960311e-23, 1.06676626805e-23, 8.62229229255e-24, 1.56032663862e-23, 2.01338397153e-23, 1.12960345677e-23, 1.48444926359e-23],
        "stdev": [0.0218657255173, 0.0126528237015, 0.00600718241185, 0.00209632446058, 0.0013983650133, 0.00131571048405, 0.00115761987399, 0.000522770627867, 0.00019566444098, 0.000108202948468, 7.92380960775e-05, 6.5430169343e-05, 6.56470365357e-05, 5.97102953179e-05, 3.00236297335e-05, 3.37571218552e-05, 3.02600383293e-05, 1.82064741239e-05, 1.03364554889e-05, 1.31905044327e-05, 7.66368702898e-06, 5.73799843551e-06, 8.21104822535e-06, 9.79595097306e-06, 1.20606828204e-05, 1.04804776129e-05, 9.45101237448e-06, 1.04837899926e-05, 1.03850989035e-05, 7.63952812122e-06, 7.33535944164e-06, 6.5229323809e-06, 5.19617378814e-06, 6.99300335327e-06, 8.77814636624e-06, 8.00600082584e-06, 7.98212477093e-06, 9.4455335784e-06, 8.5254341684e-06, 6.64172466713e-06],
        "var": [0.00047810995602, 0.000160093943123, 3.6086243199e-05, 4.39457608081e-06, 1.95542475012e-06, 1.73109401658e-06, 1.34008382702e-06, 2.73289117558e-07, 3.82845755098e-08, 1.17078782225e-08, 6.27867535741e-09, 4.28110746853e-09, 4.30953317476e-09, 3.56531937307e-09, 9.0141838438e-10, 1.13954323755e-09, 9.15669928769e-10, 3.31475680238e-10, 1.06842319714e-10, 1.73989406216e-10, 5.87320955758e-11, 3.29246283015e-11, 6.74213185281e-11, 9.5960656088e-11, 1.45460060663e-10, 1.09840407603e-10, 8.93216403619e-11, 1.09909852053e-10, 1.0785027732e-10, 5.83623843697e-11, 5.38075001222e-11, 4.25486486322e-11, 2.70002197683e-11, 4.89020941796e-11, 7.70558547525e-11, 6.40960479137e-11, 6.37143116045e-11, 8.92180981871e-11, 7.26830262643e-11, 4.41125087847e-11]
    },
    "melbands128": {
