{
"lowlevel": {
    "average_loudness": 0.983627617359,
    "barkbands_crest": {
        "dmean": 3.15593028069,
        "dmean2": 4.34887170792,
        "dvar": 7.77569198608,
        "dvar2": 15.3348798752,
        "max": 26.4036388397,
        "mean": 14.2161474228,
        "median": 13.2239809036,
        "min": 3.47463226318,
        "stdev": 5.68223905563,
        "var": 32.2878417969
    },
    "barkbands_flatness_db": {
        "dmean": 0.04311452806,
        "dmean2": 0.0607982203364,
        "dvar": 0.00166555528995,
        "dvar2": 0.00306694745086,
        "max": 0.595449566841,
        "mean": 0.24880386889,
        "median": 0.226367011666,
        "min": 0.0308403577656,
        "stdev": 0.105322636664,
        "var": 0.011092858389
    },
    "barkbands_kurtosis": {
        "dmean": 18.4148483276,
        "dmean2": 28.4979934692,
        "dvar": 2054.5300293,
        "dvar2": 4865.40820312,
        "max": 959.514587402,
        "mean": 22.7831001282,
        "median": 10.3459978104,
        "min": -1.92990374565,
        "stdev": 46.7144622803,
        "var": 2182.2409668
    },
    "barkbands_skewness": {
        "dmean": 1.42586684227,
        "dmean2": 2.14221358299,
        "dvar": 2.77002000809,
        "dvar2": 6.32827949524,
        "max": 25.4972381592,
        "mean": 3.28418874741,
        "median": 2.85082602501,
        "min": -3.62913584709,
        "stdev": 2.40738892555,
        "var": 5.79552173615
    },
    "barkbands_spread": {
        "dmean": 7.66432237625,
        "dmean2": 12.140171051,
        "dvar": 158.286209106,
        "dvar2": 349.985412598,
        "max": 114.381340027,
        "mean": 14.0200595856,
        "median": 8.44549560547,
        "min": 0.185779482126,
        "stdev": 16.5105133057,
        "var": 272.597076416
    },
    "dissonance": {
        "dmean": 0.0320501998067,
        "dmean2": 0.0517299249768,
        "dvar": 0.00102078542113,
        "dvar2": 0.00255035259761,
        "max": 0.499999731779,
        "mean": 0.441416621208,
        "median": 0.447990506887,
        "min": 0.0741340368986,
        "stdev": 0.0437323898077,
        "var": 0.00191252178047
    },
    "dynamic_complexity": 2.14479279518,
    "erbbands_crest": {
        "dmean": 3.52398633957,
        "dmean2": 5.94169664383,
        "dvar": 9.45899581909,
        "dvar2": 25.6363639832,
        "max": 27.3326187134,
        "mean": 9.9240655899,
        "median": 9.31921863556,
        "min": 3.25267672539,
        "stdev": 3.90479516983,
        "var": 15.247426033
    },
    "erbbands_flatness_db": {
        "dmean": 0.0284844338894,
        "dmean2": 0.0440653450787,
        "dvar": 0.000720984535292,
        "dvar2": 0.00162444659509,
        "max": 0.463599056005,
        "mean": 0.190902173519,
        "median": 0.167079597712,
        "min": 0.0621731877327,
        "stdev": 0.0798046290874,
        "var": 0.00636877864599
    },
    "erbbands_kurtosis": {
        "dmean": 2.40245461464,
        "dmean2": 3.91086173058,
        "dvar": 13.6039981842,
        "dvar2": 35.6617050171,
        "max": 43.9513816833,
        "mean": 1.65172028542,
        "median": 0.327002286911,
        "min": -1.85222065449,
        "stdev": 4.05442619324,
        "var": 16.4383735657
    },
    "erbbands_skewness": {
        "dmean": 0.737654685974,
        "dmean2": 1.11992955208,
        "dvar": 0.558856368065,
        "dvar2": 1.09819316864,
        "max": 5.44623231888,
        "mean": 0.504935383797,
        "median": 0.597750008106,
        "min": -4.23834753036,
        "stdev": 1.27543699741,
        "var": 1.62673938274
    },
    "erbbands_spread": {
        "dmean": 17.5286846161,
        "dmean2": 27.9644260406,
        "dvar": 419.835662842,
        "dvar2": 1082.05969238,
        "max": 168.238189697,
        "mean": 44.54945755,
        "median": 37.7285652161,
        "min": 2.13430333138,
        "stdev": 28.1672363281,
        "var": 793.393249512
    },
    "hfc": {
        "dmean": 9.31273555756,
        "dmean2": 13.9927549362,
        "dvar": 172.698989868,
        "dvar2": 385.738861084,
        "max": 118.668258667,
        "mean": 18.3100910187,
        "median": 13.3321323395,
        "min": 1.19207592113e-16,
        "stdev": 17.4943790436,
        "var": 306.053283691
    },
    "loudness_ebu128": {
        "integrated": -7.64097309113,
        "loudness_range": 1.67688751221,
        "momentary": {
            "dmean": 0.424378216267,
            "dmean2": 0.570977509022,
            "dvar": 0.232201680541,
            "dvar2": 0.330697119236,
            "max": -6.17566156387,
            "mean": -7.83140802383,
            "median": -7.42698764801,
            "min": -15.3434753418,
            "stdev": 1.48207378387,
            "var": 2.19654273987
        },
        "short_term": {
            "dmean": 0.0536711849272,
            "dmean2": 0.0639099776745,
            "dvar": 0.00314252940007,
            "dvar2": 0.00337547226809,
            "max": -6.99769592285,
            "mean": -7.72727441788,
            "median": -7.35925292969,
            "min": -9.76929950714,
            "stdev": 0.69324016571,
            "var": 0.480581909418
        }
    },
    "melbands_crest": {
        "dmean": 4.25118684769,
        "dmean2": 6.51892089844,
        "dvar": 16.6013336182,
        "dvar2": 35.9638023376,
        "max": 37.7637405396,
        "mean": 19.6182231903,
        "median": 18.5526943207,
        "min": 1.66630637646,
        "stdev": 7.51197910309,
        "var": 56.4298324585
    },
    "melbands_flatness_db": {
        "dmean": 0.0508291237056,
        "dmean2": 0.0694480463862,
        "dvar": 0.00239781383425,
        "dvar2": 0.00415316596627,
        "max": 0.752395749092,
        "mean": 0.338537544012,
        "median": 0.312222123146,
        "min": 0.00698724621907,
        "stdev": 0.134985283017,
        "var": 0.0182210262865
    },
    "melbands_kurtosis": {
        "dmean": 39.1295394897,
        "dmean2": 63.0894470215,
        "dvar": 5476.25244141,
        "dvar2": 13961.6904297,
        "max": 946.200866699,
        "mean": 52.5565834045,
        "median": 27.1792850494,
        "min": -1.83400726318,
        "stdev": 81.0677261353,
        "var": 6571.97607422
    },
    "melbands_skewness": {
        "dmean": 1.92805016041,
        "dmean2": 3.00464916229,
        "dvar": 5.18748188019,
        "dvar2": 13.2465963364,
        "max": 22.7190074921,
        "mean": 4.85214138031,
        "median": 4.00106620789,
        "min": -2.69090175629,
        "stdev": 3.22980546951,
        "var": 10.431643486
    },
    "melbands_spread": {
        "dmean": 7.95184230804,
        "dmean2": 12.4557313919,
        "dvar": 381.4894104,
        "dvar2": 781.455871582,
        "max": 255.572814941,
        "mean": 12.8473587036,
        "median": 6.9326710701,
        "min": 0.175764963031,
        "stdev": 23.7530918121,
        "var": 564.209350586
    },
    "pitch_salience": {
        "dmean": 0.108238406479,
        "dmean2": 0.160783007741,
        "dvar": 0.0114418072626,
        "dvar2": 0.0254083275795,
        "max": 0.880894184113,
        "mean": 0.461338698864,
        "median": 0.47668504715,
        "min": 0.0357846058905,
        "stdev": 0.188187465072,
        "var": 0.0354145206511
    },
    "silence_rate_20dB": {
        "dmean": 0,
        "dmean2": 0,
        "dvar": 0,
        "dvar2": 0,
        "max": 1,
        "mean": 1,
        "median": 1,
        "min": 1,
        "stdev": 0,
        "var": 0
    },
    "silence_rate_30dB": {
        "dmean": 0.0990712046623,
        "dmean2": 0.198295891285,
        "dvar": 0.0892546027899,
        "dvar2": 0.158975288272,
        "max": 1,
        "mean": 0.817478716373,
        "median": 1,
        "min": 0,
        "stdev": 0.386273145676,
        "var": 0.149206951261
    },
    "silence_rate_60dB": {
        "dmean": 0.0270897839218,
        "dmean2": 0.0542215332389,
        "dvar": 0.0263561177999,
        "dvar2": 0.0590269118547,
        "max": 1,
        "mean": 0.039443153888,
        "median": 0,
        "min": 0,
        "stdev": 0.194647461176,
        "var": 0.0378876365721
    },
    "spectral_centroid": {
        "dmean": 358.782958984,
        "dmean2": 539.31817627,
        "dvar": 374376.75,
        "dvar2": 585145.5,
        "max": 11214.1953125,
        "mean": 933.26373291,
        "median": 670.76763916,
        "min": 125.491035461,
        "stdev": 896.846435547,
        "var": 804333.5625
    },
    "spectral_complexity": {
        "dmean": 3.91253876686,
        "dmean2": 5.69016265869,
        "dvar": 18.5828609467,
        "dvar2": 37.9690132141,
        "max": 46,
        "mean": 11.8105182648,
        "median": 11,
        "min": 0,
        "stdev": 6.58574151993,
        "var": 43.3719940186
    },
    "spectral_decrease": {
        "dmean": 4.77121941955e-09,
        "dmean2": 6.91283830179e-09,
        "dvar": 2.82962407163e-17,
        "dvar2": 6.3727390672e-17,
        "max": -4.36786053138e-30,
        "mean": -1.50078030003e-08,
        "median": -1.32417339316e-08,
        "min": -4.32010303086e-08,
        "stdev": 1.04773034693e-08,
        "var": 1.09773895012e-16
    },
    "spectral_energy": {
        "dmean": 0.0183878261596,
        "dmean2": 0.0266638081521,
        "dvar": 0.000414557638578,
        "dvar2": 0.000941660196986,
        "max": 0.166536808014,
        "mean": 0.058303643018,
        "median": 0.0515034012496,
        "min": 1.08289558255e-20,
        "stdev": 0.0399784371257,
        "var": 0.001598275383
    },
    "spectral_energyband_high": {
        "dmean": 0.000758198497351,
        "dmean2": 0.00114738650154,
        "dvar": 2.81365373667e-06,
        "dvar2": 5.84780673307e-06,
        "max": 0.0158895272762,
        "mean": 0.00100533990189,
        "median": 0.000194681604626,
        "min": 8.20998487606e-21,
        "stdev": 0.00217478210106,
        "var": 4.72967758469e-06
    },
    "spectral_energyband_low": {
        "dmean": 0.014631616883,
        "dmean2": 0.0191534422338,
        "dvar": 0.000292530254228,
        "dvar2": 0.000536670442671,
        "max": 0.147359669209,
        "mean": 0.0423167310655,
        "median": 0.0358306840062,
        "min": 4.78062361893e-23,
        "stdev": 0.0359055735171,
        "var": 0.00128921028227
    },
    "spectral_energyband_middle_high": {
        "dmean": 0.00126156548504,
        "dmean2": 0.00185952545144,
        "dvar": 3.17843455377e-06,
        "dvar2": 7.8296270658e-06,
        "max": 0.0210436657071,
        "mean": 0.0021582194604,
        "median": 0.00146127236076,
        "min": 1.33413428566e-21,
        "stdev": 0.00232369150035,
        "var": 5.39954180567e-06
    },
    "spectral_energyband_middle_low": {
        "dmean": 0.0121537409723,
        "dmean2": 0.0208709556609,
        "dvar": 0.000491934886668,
        "dvar2": 0.00136765174102,
        "max": 0.128276407719,
        "mean": 0.0149619961157,
        "median": 0.00952952541411,
        "min": 2.79849150812e-22,
        "stdev": 0.0195102021098,
        "var": 0.000380647950806
    },
    "spectral_entropy": {
        "dmean": 0.339810878038,
        "dmean2": 0.492443829775,
        "dvar": 0.128168582916,
        "dvar2": 0.246474564075,
        "max": 9.79839897156,
        "mean": 7.17352771759,
        "median": 7.23440933228,
        "min": 4.60786867142,
        "stdev": 0.744912028313,
        "var": 0.554893910885
    },
    "spectral_flux": {
        "dmean": 0.0486169122159,
        "dmean2": 0.0711431652308,
        "dvar": 0.00266877748072,
        "dvar2": 0.00397295225412,
        "max": 0.394401162863,
        "mean": 0.12736953795,
        "median": 0.103487990797,
        "min": 1.04062265749e-10,
        "stdev": 0.0824881717563,
        "var": 0.00680429814383
    },
    "spectral_kurtosis": {
        "dmean": 7.90976190567,
        "dmean2": 12.9670705795,
        "dvar": 305.791717529,
        "dvar2": 760.04486084,
        "max": 246.424835205,
        "mean": 14.6804771423,
        "median": 4.23177862167,
        "min": -1.1577641964,
        "stdev": 28.2343330383,
        "var": 797.177612305
    },
    "spectral_rms": {
        "dmean": 0.00124297314323,
        "dmean2": 0.00174162280746,
        "dvar": 1.52239829276e-06,
        "dvar2": 3.01449767903e-06,
        "max": 0.0127465650439,
        "mean": 0.00699095195159,
        "median": 0.00708852754906,
        "min": 3.25035918319e-12,
        "stdev": 0.0028298816178,
        "var": 8.00822999736e-06
    },
    "spectral_rolloff": {
        "dmean": 556.797668457,
        "dmean2": 967.378417969,
        "dvar": 2200452,
        "dvar2": 4512747.5,
        "max": 18733.8867188,
        "mean": 811.983581543,
        "median": 322.998046875,
        "min": 43.06640625,
        "stdev": 1649.32214355,
        "var": 2720263.5
    },
    "spectral_skewness": {
        "dmean": 0.674179017544,
        "dmean2": 1.06349492073,
        "dvar": 0.933237850666,
        "dvar2": 2.31773352623,
        "max": 12.1326637268,
        "mean": 2.16904520988,
        "median": 1.77647948265,
        "min": -0.012413659133,
        "stdev": 1.63170182705,
        "var": 2.66245102882
    },
    "spectral_spread": {
        "dmean": 954495.8125,
        "dmean2": 1389402.75,
        "dvar": 1.63642893926e+12,
        "dvar2": 2.84728727962e+12,
        "max": 38602916,
        "mean": 4609755.5,
        "median": 4683218.5,
        "min": 255328.546875,
        "stdev": 2631799,
        "var": 6.92636562227e+12
    },
    "spectral_strongpeak": {
        "dmean": 0.323486715555,
        "dmean2": 0.531267464161,
        "dvar": 0.286177635193,
        "dvar2": 0.713406324387,
        "max": 9.51074886322,
        "mean": 0.574958920479,
        "median": 0.471104323864,
        "min": 0,
        "stdev": 0.565602421761,
        "var": 0.319906115532
    },
    "zerocrossingrate": {
        "dmean": 0.0142935644835,
        "dmean2": 0.0164340119809,
        "dvar": 0.000630264403298,
        "dvar2": 0.000721727963537,
        "max": 0.49560546875,
        "mean": 0.0374277196825,
        "median": 0.02490234375,
        "min": 0.0009765625,
        "stdev": 0.0435798130929,
        "var": 0.00189920014236
    },
    "barkbands": {
        "dmean": [0.00143742910586, 0.0134987533092, 0.00765605689958, 0.0051956968382, 0.00411897245795, 0.00261981040239, 0.00184074603021, 0.000730958825443, 0.000760228198487, 0.000526632298715, 0.000264833681285, 0.000250798970228, 0.000190454156836, 0.00018214697775, 0.000171563238837, 0.000156579437316, 8.65782203618e-05, 9.06629065867e-05, 0.000101974219433, 5.42603302165e-05, 9.65350118349e-05, 0.00019365940534, 0.000265046866843, 0.000145042926306, 8.89353977982e-05, 2.06455006264e-05, 6.62907837068e-07],
        "dmean2": [0.00218500988558, 0.0181526616216, 0.0128169450909, 0.00979042146355, 0.00717275589705, 0.00437384657562, 0.00288400799036, 0.00118564080913, 0.00138285988942, 0.000926928478293, 0.000404715596233, 0.000379282282665, 0.000311886047712, 0.000288598472252, 0.00025686022127, 0.000242171707214, 0.000138292874908, 0.000148664330482, 0.00015829813492, 8.58911735122e-05, 0.000149911007611, 0.000295706500765, 0.000416904716985, 0.000215604202822, 0.00013303590822, 3.14666358463e-05, 1.12302609523e-06],
        "dvar": [3.65238520317e-06, 0.000388080079574, 0.000250856421189, 0.000199617963517, 6.41461883788e-05, 1.53791388584e-05, 8.37638344819e-06, 2.90062280328e-06, 4.78528363601e-06, 2.25434064305e-06, 4.31245013033e-07, 2.97701632235e-07, 1.48304735603e-07, 1.52896078021e-07, 1.85910195682e-07, 6.19664106694e-08, 3.75609268133e-08, 3.60431577917e-08, 3.48955850882e-08, 3.26025961783e-08, 9.06756767449e-08, 2.64837325403e-07, 4.80344795051e-07, 1.10880861826e-07, 5.00486088129e-08, 2.4277020394e-09, 4.29335777e-12],
        "dvar2": [9.36486685532e-06, 0.000739381590392, 0.000685888051521, 0.000573032477405, 0.000180925242603, 3.84435188607e-05, 1.9411680114e-05, 6.77693697071e-06, 1.36534054036e-05, 6.25504435448e-06, 9.58922441896e-07, 6.98026440205e-07, 3.24069787894e-07, 3.74610266363e-07, 3.83812306382e-07, 1.45157883935e-07, 8.86992879146e-08, 9.06565773562e-08, 8.15733329773e-08, 8.19272685249e-08, 2.13929965298e-07, 5.87090994486e-07, 1.09313191388e-06, 2.22905555347e-07, 1.10479049908e-07, 4.80073358844e-09, 1.05470380693e-11],
        "max": [0.0171860363334, 0.135887622833, 0.0867051780224, 0.0734359025955, 0.076078504324, 0.0373004563153, 0.0282003618777, 0.0221501477063, 0.0190182290971, 0.0126806907356, 0.0127789545804, 0.00759704969823, 0.00404652580619, 0.00535417720675, 0.0109351258725, 0.00227438262664, 0.00291877635755, 0.00228880462237, 0.00197270163335, 0.00393972499296, 0.00445063179359, 0.00844080280513, 0.00733445072547, 0.00329857319593, 0.00255845999345, 0.000883823609911, 3.1246439903e-05],
        "mean": [0.00196633930318, 0.0294410865754, 0.00886551477015, 0.00387196824886, 0.00444354023784, 0.00291790394112, 0.00213514454663, 0.000737835653126, 0.000627567875199, 0.000469003309263, 0.000324343360262, 0.000285214598989, 0.000203090981813, 0.000206574826734, 0.000212919941987, 0.000212375816773, 0.000102283243905, 0.000109150532808, 0.00013659443357, 6.06107896601e-05, 0.000106810635771, 0.000237611500779, 0.000325522298226, 0.000177553942194, 0.000103770697024, 2.28658045671e-05, 5.41877227533e-07],
        "median": [0.000978709431365, 0.0181389339268, 0.00337301800027, 0.000632301089354, 0.00208175019361, 0.00114658416715, 0.000610472168773, 9.8200798675e-05, 0.000147821439896, 7.53307758714e-05, 4.80214475829e-05, 4.89735939482e-05, 5.3901814681e-05, 5.09596029588e-05, 4.39545983681e-05, 8.07880060165e-05, 3.72755239368e-05, 3.83513179258e-05, 4.58699214505e-05, 1.10104529085e-05, 1.53812961798e-05, 5.35216313438e-05, 3.52274073521e-05, 1.91629169422e-05, 1.38520726978e-05, 2.71265662377e-06, 9.01291485889e-09],
        "min": [1.89384499922e-24, 1.27907390231e-23, 3.17135652306e-23, 2.5144322887e-23, 1.78599229125e-23, 3.45946177851e-23, 5.28277176597e-23, 7.10714766228e-23, 6.63063844129e-23, 3.12908052052e-23, 1.78012647933e-23, 1.22127936493e-22, 1.08962163529e-22, 1.89771042554e-22, 1.05158162648e-22, 1.3291339425e-22, 1.1080405908e-22, 1.40092861525e-22, 2.49567645803e-22, 3.41944949122e-22, 5.87876261697e-22, 6.14984854549e-22, 7.83660481698e-22, 1.04557578229e-21, 1.11685336618e-21, 1.74444636369e-21, 2.29837000154e-21],
        "stdev": [0.00237990519963, 0.0325291194022, 0.0143860764802, 0.0106633175164, 0.007156629581, 0.00430127838627, 0.0035812612623, 0.00200813706033, 0.00172670627944, 0.00129770080093, 0.000846348004416, 0.000640597892925, 0.000425748847192, 0.000419972231612, 0.000537984946277, 0.000305896421196, 0.000202448864002, 0.000199744332349, 0.000224922710913, 0.000171852647327, 0.000333402684191, 0.000598172540776, 0.000819236331154, 0.000432149827247, 0.000265424605459, 6.35723699816e-05, 2.04344723898e-06],
        "var": [5.66394828638e-06, 0.00105814367998, 0.000206959201023, 0.000113706337288, 5.12173464813e-05, 1.85009976121e-05, 1.28254314404e-05, 4.03261401516e-06, 2.9815146263e-06, 1.68402743839e-06, 7.1630495313e-07, 4.10365629477e-07, 1.81262080901e-07, 1.76376687477e-07, 2.89427788402e-07, 9.3572616322e-08, 4.0985540295e-08, 3.98977988425e-08, 5.05902271186e-08, 2.95333340006e-08, 1.1115735532e-07, 3.5781039287e-07, 6.71148143283e-07, 1.86753482012e-07, 7.04502198801e-08, 4.04144628874e-09, 4.17567629779e-12]
    },
    "erbbands": {
        "dmean": [0.440984249115, 3.34495139122, 7.59950637817, 14.3405208588, 13.4904222488, 16.5038471222, 10.5445632935, 27.2012844086, 22.9520874023, 28.4720726013, 15.2217979431, 14.0376462936, 25.9595794678, 9.74619579315, 9.54437065125, 9.74549770355, 8.23020935059, 9.23536205292, 9.42542457581, 7.74957799911, 7.88913726807, 4.7655134201, 4.74415874481, 5.76128101349, 3.84838461876, 2.60949492455, 2.91361379623, 4.77260303497, 6.73192882538, 7.86286640167, 7.54952144623, 3.51562190056, 2.2989051342, 1.23490011692, 0.501238465309, 0.142017155886, 0.0295676775277, 0.00343437353149, 9.18856894714e-05, 2.27268319577e-05],
        "dmean2": [0.524819612503, 4.45261573792, 11.4257621765, 26.0081119537, 24.5849761963, 27.6997814178, 18.7121486664, 44.7491569519, 37.0281944275, 45.2425193787, 24.0472373962, 25.1707401276, 47.3516921997, 15.4846792221, 14.1338272095, 14.5015583038, 13.3076696396, 14.4611692429, 14.4320306778, 11.2277421951, 12.1825056076, 7.56555843353, 7.79754447937, 8.87725448608, 5.98222255707, 4.1605348587, 4.6428937912, 7.41814279556, 10.4501657486, 12.5565805435, 11.6544704437, 5.28688716888, 3.42137265205, 1.85479462147, 0.747072339058, 0.213926851749, 0.0460279881954, 0.00557228177786, 0.000142150354804, 3.31301016558e-05],
        "dvar": [0.26995626092, 25.6784114838, 181.537780762, 1341.19116211, 1148.85852051, 758.226806641, 420.309173584, 1630.74414062, 1085.32788086, 3092.55664062, 1666.23376465, 1393.0255127, 7948.67871094, 440.535705566, 581.344848633, 406.662353516, 258.917510986, 379.185333252, 458.743652344, 254.892059326, 171.952972412, 112.992683411, 116.32624054, 103.569923401, 52.1733093262, 93.2897186279, 91.7665863037, 211.626617432, 411.515228271, 404.363983154, 356.403778076, 64.2920761108, 29.3690261841, 9.36888217926, 1.59694182873, 0.107709772885, 0.00600488763303, 8.47923001857e-05, 5.12669551256e-08, 5.49727374732e-10],
        "dvar2": [0.298110067844, 55.5823974609, 451.03237915, 3806.5065918, 3274.59960938, 2039.49694824, 1178.51647949, 3978.79394531, 2618.94897461, 7241.86816406, 3885.38110352, 3945.76635742, 22739.6191406, 1128.03625488, 1177.68054199, 910.840515137, 570.002624512, 933.573303223, 985.256591797, 518.723022461, 414.276733398, 259.848602295, 300.574798584, 239.842956543, 122.391426086, 242.200012207, 220.383468628, 438.370880127, 962.43572998, 975.882568359, 786.639770508, 132.092849731, 58.6443328857, 19.567735672, 3.58021020889, 0.221110612154, 0.011722180061, 0.000193070969544, 1.10615637539e-07, 1.27010957307e-09],
        "max": [3.94308280945, 35.3535842896, 78.8961334229, 198.381484985, 209.426773071, 274.078155518, 146.664703369, 368.795654297, 300.034179688, 681.406677246, 598.130187988, 317.616638184, 760.218383789, 275.972290039, 554.932312012, 276.432617188, 190.928894043, 274.745025635, 327.883209229, 391.480987549, 120.877204895, 177.340255737, 108.068664551, 116.935523987, 91.4664382935, 220.938140869, 156.101730347, 231.827590942, 301.1277771, 264.01663208, 193.567016602, 86.5989685059, 58.8063697815, 36.2309112549, 14.3381032944, 4.42852926254, 1.50759351254, 0.137576013803, 0.0042437990196, 0.000240209235926],
        "mean": [1.00016868114, 5.97842264175, 10.4011449814, 12.6431531906, 11.551030159, 19.3395748138, 11.4068117142, 30.8340606689, 26.7781772614, 30.423204422, 16.8091087341, 12.4653491974, 20.5411624908, 12.1581754684, 12.4959306717, 11.0559062958, 8.98819065094, 10.9903097153, 11.892537117, 10.7230606079, 10.6681442261, 5.95239257812, 5.57236242294, 7.79583740234, 5.12639808655, 2.86085677147, 3.0590069294, 5.85784578323, 8.19757080078, 9.32400798798, 9.17984008789, 4.39347600937, 2.73115539551, 1.47058641911, 0.562211155891, 0.156863898039, 0.0329574234784, 0.0035037198104, 0.000119445947348, 7.0769841841e-05],
        "median": [0.565507173538, 3.71953821182, 5.01534795761, 4.20449066162, 3.53303742409, 8.19802188873, 5.67348718643, 10.986035347, 10.2396612167, 5.87922477722, 2.68986439705, 3.38580489159, 3.89169096947, 2.69364714622, 2.07885026932, 2.01159954071, 2.68694090843, 3.2358751297, 2.45782709122, 3.00599241257, 4.72147512436, 2.43227553368, 2.01311230659, 3.00058412552, 1.69545185566, 0.554220974445, 0.376962780952, 1.0025151968, 1.80779993534, 1.5244550705, 0.99238806963, 0.609327971935, 0.245484992862, 0.140369400382, 0.0743821412325, 0.0192118417472, 0.00395586108789, 0.000319157232298, 4.22780030931e-05, 6.28375419183e-05],
        "min": [1.43208092172e-22, 4.16090427366e-21, 3.25979956374e-20, 4.42148684613e-20, 1.28248408616e-19, 2.80781192117e-20, 1.05966825401e-19, 3.64097091698e-19, 8.06729864377e-19, 1.0469758396e-18, 1.60611250376e-18, 1.16689066203e-18, 1.05797796213e-18, 1.01766055869e-18, 1.49441261878e-18, 5.39434255948e-18, 4.16930751103e-18, 8.57695388068e-18, 8.11172765185e-18, 4.75232012319e-18, 7.38647140719e-18, 6.82730641209e-18, 8.06844294475e-18, 7.20224504989e-18, 1.67340259193e-17, 1.64435945345e-17, 2.20473709532e-17, 2.43996873269e-17, 1.72236821004e-17, 2.49553343228e-17, 2.28380679377e-17, 1.80849806045e-17, 1.89682357908e-17, 1.28424298233e-17, 8.00740032427e-18, 4.53114526228e-18, 3.69576398114e-18, 1.55284806937e-18, 2.75775915768e-19, 3.52477427139e-20],
        "stdev": [1.11032557487, 7.31428384781, 14.3861694336, 28.870136261, 26.6533107758, 29.1520252228, 17.6556224823, 46.5077514648, 38.920211792, 62.176525116, 49.747833252, 30.5194015503, 69.5267944336, 24.8734703064, 33.1881828308, 24.2056865692, 17.6781845093, 21.2095279694, 27.079864502, 21.0133666992, 15.2820148468, 11.3742961884, 10.7877159119, 12.4555845261, 8.50528049469, 8.8076210022, 9.95818138123, 17.6938838959, 22.1882724762, 22.5998287201, 23.058839798, 10.4097414017, 6.90199232101, 3.76191329956, 1.47943031788, 0.409779757261, 0.101366102695, 0.0105111869052, 0.000275006430456, 4.58759459434e-05],
        "var": [1.23282277584, 53.4987487793, 206.961868286, 833.484741211, 710.398986816, 849.840576172, 311.720977783, 2162.97094727, 1514.78295898, 3865.92041016, 2474.84692383, 931.433898926, 4833.97558594, 618.68951416, 1101.45556641, 585.915222168, 312.518218994, 449.844116211, 733.319091797, 441.561584473, 233.539978027, 129.374603271, 116.374816895, 155.141586304, 72.3397903442, 77.5741882324, 99.1653823853, 313.073547363, 492.319458008, 510.752227783, 531.710083008, 108.362709045, 47.6375007629, 14.1519918442, 2.1887140274, 0.167919442058, 0.0102750873193, 0.000110485059849, 7.5628534546e-08, 2.10460227024e-09]
    },
    "gfcc": {
        "mean": [-47.1445388794, 127.528503418, -86.8941879272, 37.9987869263, -43.7227249146, 15.4193944931, -38.9815559387, 5.99808645248, -7.18846225739, -1.3944029808, -6.00308609009, 4.84383583069, -7.65051317215],
        "cov": [[9516.54101562, -4297.3125, 766.002990723, 2034.69970703, -2348.45092773, 986.480773926, -615.077392578, 475.258514404, -672.630981445, 516.865661621, -338.67578125, 302.692779541, -516.388244629], [-4297.3125, 5366.44677734, -674.25592041, -2206.1184082, 2193.29492188, -871.078552246, 605.828735352, -333.505279541, 697.877197266, -461.132537842, 280.375976562, -305.844207764, 419.490081787], [766.002990723, -674.25592041, 1303.74182129, 688.534179688, -105.267982483, 418.389648438, 68.5045928955, 206.836807251, -99.9695587158, 114.342430115, -40.8406562805, 22.6333751678, -44.3989067078], [2034.69970703, -2206.1184082, 688.534179688, 1518.81628418, -754.488464355, 468.307220459, -209.172409058, 94.9412384033, -233.908477783, 183.12840271, -121.123970032, 39.6541175842, -147.210876465], [-2348.45092773, 2193.29492188, -105.267982483, -754.488464355, 1720.90075684, -243.763565063, 284.71496582, -55.379940033, 405.003326416, -64.0943450928, 163.26625061, -170.09312439, 222.077804565], [986.480773926, -871.078552246, 418.389648438, 468.307220459, -243.763565063, 417.475341797, 8.48620700836, 129.601852417, -58.8135528564, 157.432022095, -4.85504341125, 61.4336051941, -49.0899200439], [-615.077392578, 605.828735352, 68.5045928955, -209.172409058, 284.71496582, 8.48620700836, 385.866668701, 119.302001953, 138.592559814, -52.4640350342, 67.2572021484, 41.1534080505, 78.0165100098], [475.258514404, -333.505279541, 206.836807251, 94.9412384033, -55.379940033, 129.601852417, 119.302001953, 279.916229248, -0.553668320179, 49.3197784424, 14.909362793, 109.857307434, -4.11688375473], [-672.630981445, 697.877197266, -99.9695587158, -233.908477783, 405.003326416, -58.8135528564, 138.592559814, -0.553668320179, 278.104553223, 7.97409105301, 95.4535369873, 4.42179393768, 107.916397095], [516.865661621, -461.132537842, 114.342430115, 183.12840271, -64.0943450928, 157.432022095, -52.4640350342, 49.3197784424, 7.97409105301, 220.692428589, 43.4066123962, 44.2482261658, -22.2942848206], [-338.67578125, 280.375976562, -40.8406562805, -121.123970032, 163.26625061, -4.85504341125, 67.2572021484, 14.909362793, 95.4535369873, 43.4066123962, 187.018096924, 56.1753578186, 20.0464782715], [302.692779541, -305.844207764, 22.6333751678, 39.6541175842, -170.09312439, 61.4336051941, 41.1534080505, 109.857307434, 4.42179393768, 44.2482261658, 56.1753578186, 207.716262817, 19.4409408569], [-516.388244629, 419.490081787, -44.3989067078, -147.210876465, 222.077804565, -49.0899200439, 78.0165100098, -4.11688375473, 107.916397095, -22.2942848206, 20.0464782715, 19.4409408569, 166.48664856]],
        "icov": [[0.000322378939018, -0.000420097523602, 0.00025629682932, -0.000479662587168, 0.00035221784492, -0.000554297992494, 0.000510699523147, -0.000741397379898, 0.000251009740168, -0.000574659090489, 0.000570214528125, -0.000369703979231, 0.000546582276002], [-0.000420097523602, 0.0024555537384, -0.00108106597327, 0.00226364354603, -0.00118045322597, 0.00178880302701, -0.00170635106042, 0.0023616773542, -0.00164529262111, 0.00215805997141, -0.00172101531643, 0.00168328045402, -0.00145072268788], [0.00025629682932, -0.00108106597327, 0.00189534528181, -0.0014752370771, 0.000270069111139, -0.00182537361979, 0.000573212688323, -0.00167039525695, 0.00123046524823, -0.000777083216235, 0.000827888143249, -0.000496994471177, 0.000568205839954], [-0.000479662587168, 0.00226364354603, -0.0014752370771, 0.00356103200465, -0.000765490345657, 0.000803605362307, -0.00116905290633, 0.00240598339587, -0.00161129236221, 0.00189787824638, -0.00135676143691, 0.00172713887878, -0.00131042732392], [0.00035221784492, -0.00118045322597, 0.000270069111139, -0.000765490345657, 0.00201424397528, -0.000652193790302, 0.000741808209568, -0.00156425416935, -0.000300936429994, -0.00138440122828, 0.000341304083122, 0.000587943941355, 9.64840291999e-05], [-0.000554297992494, 0.00178880302701, -0.00182537361979, 0.000803605362307, -0.000652193790302, 0.00759352510795, -0.00246161525138, 0.00132494128775, -0.00106316863094, -0.00122198020108, -0.00145117740612, 0.00127778132446, -0.00115636165719], [0.000510699523147, -0.00170635106042, 0.000573212688323, -0.00116905290633, 0.000741808209568, -0.00246161525138, 0.0061295684427, -0.00385678466409, -0.000419838557718, 0.000411609740695, 0.000663303770125, -0.00126005325001, 0.000714098801836], [-0.000741397379898, 0.0023616773542, -0.00167039525695, 0.00240598339587, -0.00156425416935, 0.00132494128775, -0.00385678466409, 0.00910293124616, -0.00122690107673, 0.00161618657876, -0.000856901402585, -0.00145659875125, -0.00077363580931], [0.000251009740168, -0.00164529262111, 0.00123046524823, -0.00161129236221, -0.000300936429994, -0.00106316863094, -0.000419838557718, -0.00122690107673, 0.00891307555139, -0.00261794100516, -0.000797124695964, -0.00106027454603, -0.00182634557132], [-0.000574659090489, 0.00215805997141, -0.000777083216235, 0.00189787824638, -0.00138440122828, -0.00122198020108, 0.000411609740695, 0.00161618657876, -0.00261794100516, 0.00988074112684, -0.00346198957413, 0.00101868761703, -0.00109766656533], [0.000570214528125, -0.00172101531643, 0.000827888143249, -0.00135676143691, 0.000341304083122, -0.00145117740612, 0.000663303770125, -0.000856901402585, -0.000797124695964, -0.00346198957413, 0.00993810687214, -0.00440612249076, 0.00328190252185], [-0.000369703979231, 0.00168328045402, -0.000496994471177, 0.00172713887878, 0.000587943941355, 0.00127778132446, -0.00126005325001, -0.00145659875125, -0.00106027454603, 0.00101868761703, -0.00440612249076, 0.0100194076076, -0.00366218551062], [0.000546582276002, -0.00145072268788, 0.000568205839954, -0.00131042732392, 9.64840291999e-05, -0.00115636165719, 0.000714098801836, -0.00077363580931, -0.00182634557132, -0.00109766656533, 0.00328190252185, -0.00366218551062, 0.0105958562344]]
    },
    "melbands": {
        "dmean": [0.00366638647392, 0.00322331069037, 0.00233810627833, 0.0010131848976, 0.000445961108198, 0.000574505596887, 0.000366264896002, 0.000268479052465, 0.000116015136882, 0.000103646932985, 0.00012932086247, 3.77052238036e-05, 3.42867751897e-05, 2.76301143458e-05, 2.3275577405e-05, 1.85628505278e-05, 1.71766059793e-05, 1.55952093337e-05, 1.20027762023e-05, 1.09185157271e-05, 9.10309972824e-06, 5.44690874449e-06, 3.97199073632e-06, 4.62894877273e-06, 5.00977284901e-06, 3.53252676177e-06, 2.10210782825e-06, 1.72633144757e-06, 1.62866354003e-06, 2.30656496569e-06, 3.06862466459e-06, 4.13998350268e-06, 3.72065210286e-06, 4.96832808494e-06, 5.00690839544e-06, 2.9597485991e-06, 1.91890762835e-06, 1.57768363351e-06, 1.61389243658e-06, 9.04375554001e-07],
        "dmean2": [0.00471428222954, 0.00452256435528, 0.00420341268182, 0.0017655499978, 0.000772691157181, 0.000948459026404, 0.000575224286877, 0.000431374006439, 0.000185908516869, 0.000188672725926, 0.00023567538301, 5.94524717599e-05, 5.13111444889e-05, 4.18886593252e-05, 3.66242566088e-05, 3.01018699247e-05, 2.72815759672e-05, 2.46137005888e-05, 1.73812604771e-05, 1.66759418789e-05, 1.42803219205e-05, 8.68746792548e-06, 6.54783252685e-06, 7.59249087423e-06, 7.71300892666e-06, 5.46439423488e-06, 3.29773774865e-06, 2.8026659038e-06, 2.60327647084e-06, 3.67528491552e-06, 4.76153945783e-06, 6.53069719192e-06, 5.68388531974e-06, 8.11225527286e-06, 7.91786806076e-06, 4.39749965153e-06, 2.95574955089e-06, 2.39518681155e-06, 2.41195652961e-06, 1.36655000915e-06],
        "dvar": [2.38697521127e-05, 2.2667391022e-05, 3.42458261002e-05, 4.05319678976e-06, 6.42962220354e-07, 7.29399232569e-07, 2.53966703667e-07, 2.71003642638e-07, 1.04030412729e-07, 9.33513888413e-08, 1.93755028022e-07, 6.94874779938e-09, 7.57700213683e-09, 4.18372003708e-09, 2.17194506824e-09, 1.4138169524e-09, 1.44607326114e-09, 1.30552579858e-09, 1.17286280688e-09, 3.33083699511e-10, 2.64713029274e-10, 1.73287301175e-10, 9.86594070329e-11, 1.03054530187e-10, 8.24219095752e-11, 4.19482504288e-11, 2.37111736495e-11, 4.81202126756e-11, 2.86492583129e-11, 5.65304955624e-11, 8.75459496563e-11, 1.8149221015e-10, 7.11551650934e-11, 2.08904948895e-10, 1.7177866074e-10, 4.28978207123e-11, 2.03293250289e-11, 1.3950958444e-11, 1.66228003584e-11, 5.16183146573e-12],
        "dvar2": [3.38097634085e-05, 4.31284934166e-05, 9.59182434599e-05, 1.14650956675e-05, 1.78710934051e-06, 1.79065307293e-06, 5.89768831105e-07, 6.28215332199e-07, 2.52291357583e-07, 2.66401031013e-07, 5.53767279143e-07, 1.79477002149e-08, 1.56646038363e-08, 9.92136861555e-09, 4.80309303441e-09, 3.29748583994e-09, 3.56446050453e-09, 2.8312250322e-09, 2.42778996906e-09, 7.60284668555e-10, 6.59126697666e-10, 4.08084760428e-10, 2.53694371066e-10, 2.64630012348e-10, 1.94867733061e-10, 9.93485918532e-11, 5.62841821761e-11, 1.25957078101e-10, 6.85052084504e-11, 1.34667832441e-10, 1.72683159438e-10, 4.27797658409e-10, 1.64619040621e-10, 5.25283982977e-10, 3.86380955009e-10, 8.74408254137e-11, 4.38895933486e-11, 2.83781088906e-11, 3.58951722512e-11, 1.07289368362e-11],
        "max": [0.0332322083414, 0.0323526374996, 0.0306516885757, 0.0187624022365, 0.00635118363425, 0.00827342551202, 0.00446262257174, 0.00614243326709, 0.00440877629444, 0.00263859075494, 0.00377276702784, 0.00105169299059, 0.00204297364689, 0.000947346678004, 0.000492434133776, 0.000422487035394, 0.000560738728382, 0.000380634301109, 0.00100424524862, 0.000206541473744, 0.000131443914142, 0.000226041636779, 0.000146963633597, 0.000140042349813, 0.000102736288682, 6.25731117907e-05, 7.89127516327e-05, 0.000159663366503, 0.000105444210931, 0.000126915547298, 0.000172003274201, 0.000209288991755, 0.000109761931526, 0.000220757166971, 0.000131786015118, 7.06977225491e-05, 4.41264455731e-05, 3.60965605068e-05, 5.18585729878e-05, 2.7035284802e-05],
        "mean": [0.0086330268532, 0.00615455303341, 0.00214439746924, 0.00108126085252, 0.000507851538714, 0.000644089246634, 0.000442400429165, 0.000289056042675, 0.000121695775306, 8.59254578245e-05, 0.000102757039713, 4.76068235002e-05, 4.34439571109e-05, 3.20336657751e-05, 2.43635913648e-05, 2.00600807148e-05, 1.98106426978e-05, 1.9159169824e-05, 1.50328269228e-05, 1.49194020196e-05, 1.15713801279e-05, 6.47251954433e-06, 4.2674632823e-06, 5.49824380869e-06, 6.56759675621e-06, 4.5904680519e-06, 2.4915366339e-06, 1.74233923644e-06, 1.66839163285e-06, 2.40155759457e-06, 3.77545393349e-06, 4.81654251416e-06, 4.42710461357e-06, 5.62020068173e-06, 5.88524289924e-06, 3.64721222468e-06, 2.28937642532e-06, 1.83008023669e-06, 1.86097986443e-06, 1.0242127928e-06],
        "median": [0.00506247393787, 0.00481016747653, 0.000692016154062, 0.000517255684827, 0.000236003790633, 0.000233411105, 0.00016538494674, 5.08012271894e-05, 1.84572691069e-05, 2.12046488741e-05, 1.90177470358e-05, 1.02060093923e-05, 6.66436062602e-06, 5.48621119378e-06, 4.02942623623e-06, 5.85976204093e-06, 5.32458579983e-06, 3.30569741891e-06, 3.46428191733e-06, 4.5331930778e-06, 4.83570602228e-06, 2.31117883231e-06, 1.19186813663e-06, 1.97556255443e-06, 2.34835715673e-06, 1.25161034248e-06, 6.54957602819e-07, 2.08511181654e-07, 1.66477590824e-07, 2.68756309652e-07, 6.60024966237e-07, 9.13581459372e-07, 1.04278308299e-06, 6.27493648153e-07, 5.10669281084e-07, 5.30099271145e-07, 2.41139105128e-07, 1.34142993602e-07, 1.45523841866e-07, 1.00564882644e-07],
        "min": [2.52057467525e-24, 1.2485006513e-23, 1.24348736136e-23, 5.05224783457e-24, 3.03228685358e-24, 8.2939360405e-24, 1.1209969843e-23, 1.2551032593e-23, 1.42219488531e-23, 7.34372625889e-24, 5.11474731194e-24, 3.91942266986e-24, 2.94194709436e-24, 1.3543072513e-23, 1.17446195326e-23, 1.11064413155e-23, 1.66574275247e-23, 1.48715489872e-23, 6.54264826483e-24, 7.52707488821e-24, 8.42886596518e-24, 5.88403933912e-24, 7.85279476711e-24, 7.28755778472e-24, 5.18634787757e-24, 9.93864239699e-24, 1.15260245981e-23, 1.07352096844e-23, 1.25522884596e-23, 1.56278220485e-23, 1.32195638112e-23, 8.05335870796e-24, 1.47753757988e-23, 1.2938689097e-23, 1.28433584121e-23, 1.22383304968e-23, 1.11393297155e-23, 1.26739181894e-23, 1.36175536042e-23, 1.0231133088e-23],
        "stdev": [0.00934345833957, 0.00680141104385, 0.00470889825374, 0.00177551957313, 0.000743105832953, 0.000965378596447, 0.000639866339043, 0.000586427224334, 0.000384073733585, 0.000240261826548, 0.000344413361745, 0.000100514502265, 0.000119362084661, 7.5571173511e-05, 5.24074166606e-05, 4.11380678997e-05, 4.05020837206e-05, 4.49338876933e-05, 4.10540451412e-05, 2.36322484852e-05, 1.78612990567e-05, 1.36058088174e-05, 9.63502498053e-06, 1.03873981061e-05, 1.09131142381e-05, 7.75736225478e-06, 5.16775116921e-06, 6.2040148805e-06, 5.52864503334e-06, 7.92454193288e-06, 1.17686213343e-05, 1.44216455737e-05, 9.79841661319e-06, 1.51880285557e-05, 1.55775232997e-05, 8.57375380292e-06, 5.59911450182e-06, 4.69553151561e-06, 4.88784235131e-06, 2.74115018328e-06],
        "var": [8.73002209119e-05, 4.62591924588e-05, 2.21737227548e-05, 3.15246961691e-06, 5.52206245175e-07, 9.31955810302e-07, 4.09428906778e-07, 3.43896914501e-07, 1.47512636772e-07, 5.77257424084e-08, 1.18620569367e-07, 1.01031645272e-08, 1.42473073339e-08, 5.71100189362e-09, 2.74653744192e-09, 1.69234071201e-09, 1.64041891182e-09, 2.01905425712e-09, 1.68543468071e-09, 5.58483204127e-10, 3.19025972306e-10, 1.85118045892e-10, 9.28337129391e-11, 1.07898030788e-10, 1.19096066342e-10, 6.01766622643e-11, 2.67056533138e-11, 3.84897981542e-11, 3.05659178523e-11, 6.27983706702e-11, 1.38500447222e-10, 2.07983866241e-10, 9.60089646673e-11, 2.30676214241e-10, 2.42659226046e-10, 7.35092542392e-11, 3.13500822524e-11, 2.20480144558e-11, 2.38910020239e-11, 7.51390442921e-12]
    },
    "melbands128": {
