{
"lowlevel": {
    "average_loudness": 0.966001152992,
    "barkbands_crest": {
        "dmean": 3.02512097359,
        "dmean2": 4.66092300415,
        "dvar": 8.83698654175,
        "dvar2": 20.8426265717,
        "max": 26.2357769012,
        "mean": 12.3909749985,
        "median": 12.221657753,
        "min": 2.20648813248,
        "stdev": 4.63605833054,
        "var": 21.4930362701
    },
    "barkbands_flatness_db": {
        "dmean": 0.0314565375447,
        "dmean2": 0.0460894368589,
        "dvar": 0.000970602151938,
        "dvar2": 0.0017958014505,
        "max": 0.415052235126,
        "mean": 0.165570765734,
        "median": 0.16623069346,
        "min": 0.0241924133152,
        "stdev": 0.0572215244174,
        "var": 0.00327430292964
    },
    "barkbands_kurtosis": {
        "dmean": 6.06226873398,
        "dmean2": 9.39338588715,
        "dvar": 142.681640625,
        "dvar2": 316.707580566,
        "max": 189.076553345,
        "mean": 7.38768911362,
        "median": 2.25731039047,
        "min": -1.94796454906,
        "stdev": 15.7271022797,
        "var": 247.341751099
    },
    "barkbands_skewness": {
        "dmean": 0.946988403797,
        "dmean2": 1.34455263615,
        "dvar": 0.974980473518,
        "dvar2": 2.00544667244,
        "max": 11.251666069,
        "mean": 1.68431687355,
        "median": 1.3583419323,
        "min": -4.74477815628,
        "stdev": 1.80142450333,
        "var": 3.24513030052
    },
    "barkbands_spread": {
        "dmean": 13.2283010483,
        "dmean2": 20.8283004761,
        "dvar": 355.834014893,
        "dvar2": 776.582885742,
        "max": 121.588882446,
        "mean": 25.728061676,
        "median": 18.6559352875,
        "min": 0.652617692947,
        "stdev": 22.9720191956,
        "var": 527.713684082
    },
    "dissonance": {
        "dmean": 0.0392222516239,
        "dmean2": 0.0651067271829,
        "dvar": 0.00143677613232,
        "dvar2": 0.00366784958169,
        "max": 0.499935984612,
        "mean": 0.429617077112,
        "median": 0.437620401382,
        "min": 0.0631898641586,
        "stdev": 0.0522235184908,
        "var": 0.00272729573771
    },
    "dynamic_complexity": 2.41388344765,
    "erbbands_crest": {
        "dmean": 3.87137460709,
        "dmean2": 6.37677764893,
        "dvar": 13.3222503662,
        "dvar2": 32.9464378357,
        "max": 31.8363571167,
        "mean": 11.2497425079,
        "median": 10.2514791489,
        "min": 3.15419816971,
        "stdev": 5.35142374039,
        "var": 28.6377372742
    },
    "erbbands_flatness_db": {
        "dmean": 0.0291621442884,
        "dmean2": 0.0421062223613,
        "dvar": 0.000756614084821,
        "dvar2": 0.00142909341957,
        "max": 0.478970646858,
        "mean": 0.160877272487,
        "median": 0.150573983788,
        "min": 0.0505712218583,
        "stdev": 0.06485645473,
        "var": 0.00420635985211
    },
    "erbbands_kurtosis": {
        "dmean": 3.097219944,
        "dmean2": 4.93986988068,
        "dvar": 22.5699691772,
        "dvar2": 53.278301239,
        "max": 74.5180358887,
        "mean": 3.18855547905,
        "median": 1.2555642128,
        "min": -1.77142298222,
        "stdev": 5.99111938477,
        "var": 35.8935127258
    },
    "erbbands_skewness": {
        "dmean": 0.787998974323,
        "dmean2": 1.18805003166,
        "dvar": 0.574771046638,
        "dvar2": 1.26517605782,
        "max": 7.24588155746,
        "mean": 0.591809213161,
        "median": 0.692673921585,
        "min": -4.16006803513,
        "stdev": 1.22514653206,
        "var": 1.50098395348
    },
    "erbbands_spread": {
        "dmean": 16.5244083405,
        "dmean2": 25.4957027435,
        "dvar": 365.296447754,
        "dvar2": 772.276000977,
        "max": 141.408554077,
        "mean": 38.9867553711,
        "median": 29.4382362366,
        "min": 1.2938747406,
        "stdev": 29.1266613007,
        "var": 848.362426758
    },
    "hfc": {
        "dmean": 29.3368320465,
        "dmean2": 44.8395576477,
        "dvar": 2361.22949219,
        "dvar2": 5087.85058594,
        "max": 373.54095459,
        "mean": 42.8224182129,
        "median": 25.3471984863,
        "min": 8.86930138222e-06,
        "stdev": 56.2094078064,
        "var": 3159.49731445
    },
    "loudness_ebu128": {
        "integrated": -8.08560657501,
        "loudness_range": 2.34911155701,
        "momentary": {
            "dmean": 0.668367683887,
            "dmean2": 1.0288630724,
            "dvar": 0.385880827904,
            "dvar2": 0.795220196247,
            "max": -5.51353931427,
            "mean": -8.33113384247,
            "median": -8.09297370911,
            "min": -14.3051280975,
            "stdev": 1.575340271,
            "var": 2.48169708252
        },
        "short_term": {
            "dmean": 0.0902837440372,
            "dmean2": 0.123950600624,
            "dvar": 0.00692392420024,
            "dvar2": 0.0126021290198,
            "max": -7.1659283638,
            "mean": -8.20051670074,
            "median": -7.87556838989,
            "min": -11.3912506104,
            "stdev": 0.925865292549,
            "var": 0.857226550579
        }
    },
    "melbands_crest": {
        "dmean": 3.89165568352,
        "dmean2": 5.80362224579,
        "dvar": 14.696436882,
        "dvar2": 33.5343933105,
        "max": 36.6043586731,
        "mean": 20.5768871307,
        "median": 21.4108352661,
        "min": 3.64072847366,
        "stdev": 7.43512630463,
        "var": 55.2811050415
    },
    "melbands_flatness_db": {
        "dmean": 0.0375035479665,
        "dmean2": 0.0523964241147,
        "dvar": 0.00149896100629,
        "dvar2": 0.00261243991554,
        "max": 0.475572317839,
        "mean": 0.234989345074,
        "median": 0.245600938797,
        "min": 0.0295684859157,
        "stdev": 0.0751169621944,
        "var": 0.00564255844802
    },
    "melbands_kurtosis": {
        "dmean": 13.3841371536,
        "dmean2": 20.6846427917,
        "dvar": 651.018249512,
        "dvar2": 1527.38195801,
        "max": 414.773864746,
        "mean": 20.0515022278,
        "median": 7.40715312958,
        "min": -1.89003503323,
        "stdev": 32.5492019653,
        "var": 1059.45043945
    },
    "melbands_skewness": {
        "dmean": 1.19903671741,
        "dmean2": 1.72275042534,
        "dvar": 1.65987825394,
        "dvar2": 3.26112341881,
        "max": 16.0254364014,
        "mean": 2.90767407417,
        "median": 2.30785012245,
        "min": -4.63751649857,
        "stdev": 2.3611035347,
        "var": 5.57480955124
    },
    "melbands_spread": {
        "dmean": 13.3394565582,
        "dmean2": 20.1036319733,
        "dvar": 500.683868408,
        "dvar2": 1031.70385742,
        "max": 252.635528564,
        "mean": 26.6274986267,
        "median": 18.2343654633,
        "min": 0.639815032482,
        "stdev": 30.2593841553,
        "var": 915.630310059
    },
    "pitch_salience": {
        "dmean": 0.0871125757694,
        "dmean2": 0.131326258183,
        "dvar": 0.00704865856096,
        "dvar2": 0.0167643968016,
        "max": 0.854611754417,
        "mean": 0.470979988575,
        "median": 0.445359319448,
        "min": 0.110009536147,
        "stdev": 0.137454614043,
        "var": 0.0188937708735
    },
    "silence_rate_20dB": {
        "dmean": 0,
        "dmean2": 0,
        "dvar": 0,
        "dvar2": 0,
        "max": 1,
        "mean": 1,
        "median": 1,
        "min": 1,
        "stdev": 0,
        "var": 0
    },
    "silence_rate_30dB": {
        "dmean": 0.0479876175523,
        "dmean2": 0.095274977386,
        "dvar": 0.0456852763891,
        "dvar2": 0.0970431119204,
        "max": 1,
        "mean": 0.947409152985,
        "median": 1,
        "min": 0,
        "stdev": 0.22321498394,
        "var": 0.0498249307275
    },
    "silence_rate_60dB": {
        "dmean": 0.0131578948349,
        "dmean2": 0.0255615804344,
        "dvar": 0.0129849426448,
        "dvar2": 0.0280061326921,
        "max": 1,
        "mean": 0.0309358090162,
        "median": 0,
        "min": 0,
        "stdev": 0.17314440012,
        "var": 0.0299789831042
    },
    "spectral_centroid": {
        "dmean": 466.883270264,
        "dmean2": 684.172180176,
        "dvar": 400579.3125,
        "dvar2": 762652.0625,
        "max": 6465.82470703,
        "mean": 1373.75744629,
        "median": 1019.93548584,
        "min": 219.471755981,
        "stdev": 974.211975098,
        "var": 949089
    },
    "spectral_complexity": {
        "dmean": 3.51934981346,
        "dmean2": 5.14639806747,
        "dvar": 26.4695262909,
        "dvar2": 35.3626899719,
        "max": 61,
        "mean": 13.808971405,
        "median": 12,
        "min": 0,
        "stdev": 8.88857936859,
        "var": 79.0068359375
    },
    "spectral_decrease": {
        "dmean": 2.95943514139e-09,
        "dmean2": 4.36277858284e-09,
        "dvar": 2.74725590778e-17,
        "dvar2": 4.68637190808e-17,
        "max": -3.5589249714e-15,
        "mean": -1.17087077811e-08,
        "median": -1.09618047972e-08,
        "min": -4.89922484803e-08,
        "stdev": 8.19540346697e-09,
        "var": 6.71646437545e-17
    },
    "spectral_energy": {
        "dmean": 0.0125382458791,
        "dmean2": 0.0186046995223,
        "dvar": 0.000419382326072,
        "dvar2": 0.000710679916665,
        "max": 0.189335361123,
        "mean": 0.0480755567551,
        "median": 0.0444898605347,
        "min": 1.4236669621e-08,
        "stdev": 0.0322718247771,
        "var": 0.00104147067759
    },
    "spectral_energyband_high": {
        "dmean": 0.00282570277341,
        "dmean2": 0.00436692824587,
        "dvar": 2.80202148133e-05,
        "dvar2": 6.13014781266e-05,
        "max": 0.0405256338418,
        "mean": 0.00295086810365,
        "median": 0.000544862181414,
        "min": 4.30982249888e-10,
        "stdev": 0.0058754933998,
        "var": 3.45214248227e-05
    },
    "spectral_energyband_low": {
        "dmean": 0.00743593461812,
        "dmean2": 0.0108389817178,
        "dvar": 0.00034409223008,
        "dvar2": 0.000572118966375,
        "max": 0.171555504203,
        "mean": 0.0260306913406,
        "median": 0.0256435796618,
        "min": 5.83582160374e-09,
        "stdev": 0.0262216012925,
        "var": 0.000687572406605
    },
    "spectral_energyband_middle_high": {
        "dmean": 0.00452174991369,
        "dmean2": 0.0061969240196,
        "dvar": 5.18829474458e-05,
        "dvar2": 8.37311745272e-05,
        "max": 0.0788847208023,
        "mean": 0.00869528297335,
        "median": 0.00344595243223,
        "min": 1.62541835547e-09,
        "stdev": 0.0124031538144,
        "var": 0.000153838220285
    },
    "spectral_energyband_middle_low": {
        "dmean": 0.00648555811495,
        "dmean2": 0.010424929671,
        "dvar": 0.00011666444334,
        "dvar2": 0.000309410272166,
        "max": 0.0973267480731,
        "mean": 0.0111224642023,
        "median": 0.00813252758235,
        "min": 5.85589088331e-09,
        "stdev": 0.0113788265735,
        "var": 0.000129477703013
    },
    "spectral_entropy": {
        "dmean": 0.32925504446,
        "dmean2": 0.466854512691,
        "dvar": 0.107892602682,
        "dvar2": 0.19344265759,
        "max": 9.01461601257,
        "mean": 7.5810303688,
        "median": 7.51983356476,
        "min": 5.49426031113,
        "stdev": 0.601326286793,
        "var": 0.361593276262
    },
    "spectral_flux": {
        "dmean": 0.0421644896269,
        "dmean2": 0.065506786108,
        "dvar": 0.00225505512208,
        "dvar2": 0.00419499259442,
        "max": 0.439106047153,
        "mean": 0.113714151084,
        "median": 0.0976283997297,
        "min": 0.00011931751942,
        "stdev": 0.072666451335,
        "var": 0.00528041273355
    },
    "spectral_kurtosis": {
        "dmean": 1.75065529346,
        "dmean2": 2.60957860947,
        "dvar": 6.34510374069,
        "dvar2": 13.8490982056,
        "max": 63.4971542358,
        "mean": 3.70484614372,
        "median": 3.29167842865,
        "min": -1.14919447899,
        "stdev": 3.5938243866,
        "var": 12.9155731201
    },
    "spectral_rms": {
        "dmean": 0.000898622209206,
        "dmean2": 0.00131442584097,
        "dvar": 1.61244713581e-06,
        "dvar2": 2.74403942058e-06,
        "max": 0.0135910790414,
        "mean": 0.00643290625885,
        "median": 0.00658822758123,
        "min": 3.72685303773e-06,
        "stdev": 0.00234961300157,
        "var": 5.52068104298e-06
    },
    "spectral_rolloff": {
        "dmean": 1356.57519531,
        "dmean2": 2335.89331055,
        "dvar": 5589022,
        "dvar2": 12486735,
        "max": 13458.2519531,
        "mean": 1988.734375,
        "median": 925.927734375,
        "min": 64.599609375,
        "stdev": 2703.18432617,
        "var": 7307205.5
    },
    "spectral_skewness": {
        "dmean": 0.36769554019,
        "dmean2": 0.517371296883,
        "dvar": 0.15553702414,
        "dvar2": 0.280922174454,
        "max": 6.26840400696,
        "mean": 1.62107992172,
        "median": 1.67652690411,
        "min": -0.224244043231,
        "stdev": 0.706113934517,
        "var": 0.498596847057
    },
    "spectral_spread": {
        "dmean": 1419337.125,
        "dmean2": 2029945.125,
        "dvar": 3.1868345385e+12,
        "dvar2": 5.44765850419e+12,
        "max": 28351496,
        "mean": 6738214,
        "median": 5910708.5,
        "min": 1359145.25,
        "stdev": 2654129,
        "var": 7.04440067686e+12
    },
    "spectral_strongpeak": {
        "dmean": 0.606963634491,
        "dmean2": 1.0287129879,
        "dvar": 1.66958856583,
        "dvar2": 4.07121133804,
        "max": 9.87714290619,
        "mean": 0.982893943787,
        "median": 0.388501137495,
        "min": 0,
        "stdev": 1.50485789776,
        "var": 2.26459717751
    },
    "zerocrossingrate": {
        "dmean": 0.0248743779957,
        "dmean2": 0.0290200188756,
        "dvar": 0.000908697082195,
        "dvar2": 0.00108503247611,
        "max": 0.48779296875,
        "mean": 0.0723328441381,
        "median": 0.048828125,
        "min": 0.00048828125,
        "stdev": 0.0623970590532,
        "var": 0.00389339309186
    },
    "barkbands": {
        "dmean": [0.000796313979663, 0.00635421322659, 0.00309110293165, 0.00134468614124, 0.00121444172692, 0.000786109769251, 0.00107970274985, 0.00238366075791, 0.00211843941361, 0.0014934198698, 0.00156047916971, 0.0010310212383, 0.000603499822319, 0.00065287691541, 0.000519885623362, 0.000350346264895, 0.0003358531103, 0.000292306998745, 0.00024829179165, 0.000179646798642, 0.000257694948232, 0.000524702889379, 0.000709636777174, 0.000505469099153, 0.000446752994321, 0.000435163005022, 2.55329287029e-05],
        "dmean2": [0.00124073273037, 0.00980791542679, 0.00519087351859, 0.00246887770481, 0.00204390543513, 0.00134725077078, 0.00165150314569, 0.00390284205787, 0.00319251162, 0.00232281116769, 0.0022592660971, 0.00155858253129, 0.000960310397204, 0.00102314085234, 0.000781742855906, 0.000541072920896, 0.00048915570369, 0.0004451033019, 0.000359156430932, 0.000253718724707, 0.000396892050048, 0.000815122912172, 0.00110867456533, 0.000798962078989, 0.000733109714929, 0.00072496465873, 4.61917989014e-05],
        "dvar": [1.54022620791e-06, 0.000311758398311, 0.000140088042826, 2.67280811386e-05, 8.47717637953e-06, 1.88393164535e-06, 4.61464242107e-06, 2.65766793746e-05, 1.78891823452e-05, 1.82293042599e-05, 1.52861830429e-05, 6.08826985626e-06, 2.68448502538e-06, 2.1068631213e-06, 1.10905250494e-06, 1.18908781133e-06, 1.04048046978e-06, 1.32685477183e-06, 1.1426917581e-06, 5.06188257532e-07, 1.04416267277e-06, 1.20368554235e-06, 1.61680986821e-06, 1.23624488424e-06, 8.56024826135e-07, 7.92657431248e-07, 3.814220495e-09],
        "dvar2": [3.62573950952e-06, 0.000656379852444, 0.000397241907194, 7.78491375968e-05, 2.29985871556e-05, 5.0668854783e-06, 1.10422679427e-05, 6.69534420012e-05, 3.58715260518e-05, 4.45383957413e-05, 2.86958220386e-05, 1.19998339869e-05, 6.61977037453e-06, 4.97583278047e-06, 2.2431954676e-06, 2.66276629191e-06, 2.1350285806e-06, 2.50506104749e-06, 2.02101136892e-06, 9.69454504229e-07, 1.95033635464e-06, 2.59616672338e-06, 3.75245986106e-06, 2.7494124879e-06, 2.02837850338e-06, 1.98704424292e-06, 1.03709139054e-08],
        "max": [0.0162176936865, 0.164599731565, 0.111375272274, 0.0468699559569, 0.0405846051872, 0.0139224492013, 0.0245207194239, 0.0544576123357, 0.0481127202511, 0.053500238806, 0.0561511591077, 0.0355615317822, 0.0271965973079, 0.0175839420408, 0.0108708906919, 0.0174218062311, 0.0110467216, 0.013188120909, 0.0115286614746, 0.00965073425323, 0.0109925819561, 0.0112612377852, 0.0119633004069, 0.0138545706868, 0.0121881039813, 0.00809630844742, 0.000365814805264],
        "mean": [0.00351187842898, 0.018965786323, 0.00297944038175, 0.00129875622224, 0.00155451102182, 0.00100633443799, 0.00157922622748, 0.00250126724131, 0.00292975548655, 0.00175135268364, 0.0020731468685, 0.00153742183466, 0.000651304784697, 0.00069028371945, 0.000595044286456, 0.000399437878514, 0.000396966614062, 0.000333754607709, 0.000258517247858, 0.000205298521905, 0.000283788976958, 0.000541230023373, 0.00073884712765, 0.00051089032786, 0.000413445697632, 0.000351526221493, 1.63111417351e-05],
        "median": [0.00176566711161, 0.0166553482413, 0.000734271598049, 0.000300171028357, 0.000804826559033, 0.000517111562658, 0.000472754793009, 0.000743561424315, 0.000856640166603, 0.000240526191192, 0.000235029103351, 0.000229676807066, 0.000119333766634, 0.000116899245768, 0.000112418179924, 4.48527716799e-05, 6.11583018326e-05, 4.21753102273e-05, 2.22901580855e-05, 2.76664250123e-05, 4.12510380556e-05, 9.58692835411e-05, 0.000146726772073, 5.16499094374e-05, 7.00078526279e-05, 2.78797542705e-05, 2.53003889839e-07],
        "min": [2.25271273857e-10, 2.82355783199e-09, 3.22244897433e-10, 7.59503127057e-10, 1.49991208342e-09, 9.55029721972e-10, 7.69628416553e-10, 6.84056367106e-10, 7.9181816659e-10, 4.10634026782e-10, 2.65157201751e-10, 2.32562968883e-10, 1.81929346588e-10, 1.49452561438e-10, 1.22155494053e-10, 9.01865249148e-11, 8.14943321159e-11, 9.05380631577e-11, 6.57474560906e-11, 5.90072365969e-11, 9.56183257572e-11, 4.48992024116e-11, 7.13566636334e-11, 5.78110927185e-11, 3.46300141341e-11, 4.18007191361e-11, 9.21822405735e-13],
        "stdev": [0.0037878677249, 0.0208269096911, 0.00924529414624, 0.00399889377877, 0.00269495137036, 0.00141077989247, 0.00276782712899, 0.00506442924961, 0.00557714002207, 0.00510961003602, 0.00542268157005, 0.00380716496147, 0.00165382027626, 0.00156355160289, 0.00129592977464, 0.00126928440295, 0.00125642260537, 0.00132120656781, 0.00123095826712, 0.000823986949399, 0.0011223097099, 0.0012333743507, 0.00143225374632, 0.00118664267939, 0.00092543620849, 0.00085232919082, 4.96608554386e-05],
        "var": [1.43479410326e-05, 0.000433760142187, 8.54754689499e-05, 1.59911523951e-05, 7.2627631198e-06, 1.99030000658e-06, 7.66086668591e-06, 2.56484454439e-05, 3.1104489608e-05, 2.61081167992e-05, 2.94054771075e-05, 1.44945042848e-05, 2.73512137028e-06, 2.44469356403e-06, 1.6794340354e-06, 1.61108289376e-06, 1.57859767569e-06, 1.74558692834e-06, 1.51525819092e-06, 6.78954449995e-07, 1.259578994e-06, 1.52121242536e-06, 2.05135074793e-06, 1.40812085192e-06, 8.56432222918e-07, 7.2646503213e-07, 2.46620057709e-09]
    },
    "erbbands": {
        "dmean": [0.276343166828, 1.17257285118, 3.08066511154, 4.35397815704, 3.77149415016, 4.62678909302, 6.32746124268, 5.07324504852, 9.16560554504, 28.2521190643, 59.0492706299, 37.7296218872, 40.7674789429, 58.6160125732, 33.5746269226, 37.9531974792, 30.3076572418, 31.8177547455, 26.0203056335, 21.8493118286, 21.3724269867, 19.8124008179, 14.9474935532, 15.112080574, 12.3284311295, 8.12448692322, 9.12453174591, 11.4107789993, 16.8576221466, 22.6955795288, 18.3765659332, 12.4852151871, 8.05135154724, 5.24474954605, 3.06753182411, 2.15016889572, 0.78377187252, 0.100511133671, 0.00286605488509, 9.77492891252e-05],
        "dmean2": [0.444475203753, 1.77729988098, 5.0620174408, 7.67236757278, 6.78626155853, 7.61806058884, 10.5118656158, 8.57569599152, 14.4922590256, 45.0954856873, 95.0245513916, 56.8002586365, 61.3683013916, 84.2774124146, 48.0393638611, 56.7146034241, 45.4796714783, 48.8521118164, 40.6448440552, 32.4975624084, 32.8513870239, 28.9519748688, 22.306640625, 23.1373882294, 17.988576889, 11.4260387421, 13.794878006, 17.2387943268, 25.4238471985, 36.6390762329, 28.7477359772, 19.7402591705, 12.6395511627, 8.54614639282, 5.04510164261, 3.56317210197, 1.32969748974, 0.17338886857, 0.00502055743709, 0.000161221323651],
        "dvar": [0.535752177238, 13.1239271164, 132.888656616, 274.63079834, 161.730255127, 103.683158875, 132.515136719, 81.5274734497, 414.005706787, 3141.06958008, 15285.7783203, 5631.00683594, 11628.8789062, 19312.671875, 6854.36083984, 7998.63232422, 6168.21435547, 5723.20849609, 2774.5637207, 2212.17773438, 4708.69580078, 3427.52246094, 2951.24023438, 4631.5859375, 2865.58447266, 971.786499023, 1549.37585449, 1462.39501953, 1414.30322266, 1738.0826416, 1137.78564453, 581.966918945, 362.956329346, 142.307754517, 36.3432540894, 19.7101631165, 2.54500055313, 0.0454628244042, 4.04995516874e-05, 3.25634452736e-08],
        "dvar2": [1.36006629467, 26.6725673676, 362.153747559, 791.696960449, 461.630340576, 268.343322754, 353.797332764, 210.584411621, 1092.70092773, 7630.9375, 37715.6835938, 11624.9414062, 26938.9628906, 36526.9335938, 13672.1552734, 16460.8203125, 14937.1914062, 13172.5996094, 6433.33349609, 4477.76757812, 10166.0673828, 6951.68310547, 4978.83935547, 10127.7099609, 5119.4375, 1728.72949219, 2727.05566406, 2835.91870117, 2910.42749023, 4144.43066406, 2625.65283203, 1266.93530273, 828.041564941, 342.452178955, 86.3074035645, 47.8570861816, 6.50273513794, 0.118365086615, 0.000107573272544, 8.37517006858e-08],
        "max": [6.04569149017, 33.8055763245, 103.949699402, 151.012008667, 126.601348877, 135.52192688, 170.718292236, 94.9190979004, 319.775054932, 632.240661621, 1287.03039551, 1235.96643066, 1215.12097168, 2056.00366211, 1471.9744873, 1351.22131348, 1327.21252441, 1030.24853516, 471.066040039, 524.378112793, 1126.625, 629.167480469, 659.916015625, 821.200561523, 617.101135254, 399.476989746, 422.203125, 381.698394775, 382.349273682, 384.286865234, 359.345489502, 222.435546875, 259.266113281, 210.775939941, 52.1055221558, 44.8259277344, 11.5108413696, 1.19069266319, 0.035708501935, 0.00112359097693],
        "mean": [0.993794620037, 2.49756550789, 3.22903680801, 4.38315820694, 3.90879106522, 6.12711811066, 8.09710502625, 7.18712854385, 13.196064949, 37.139667511, 72.627456665, 50.8960876465, 57.2345848083, 90.724609375, 48.63306427, 55.2512512207, 38.8339424133, 36.0359802246, 28.9108905792, 26.4149742126, 25.439283371, 24.6475849152, 18.4145698547, 14.6055173874, 13.000538826, 9.25408554077, 9.98956489563, 12.6436290741, 17.8845119476, 22.7769603729, 19.6790466309, 12.6627550125, 7.84168815613, 4.69416570663, 2.92046737671, 1.83338654041, 0.608179926872, 0.0732875093818, 0.00203339778818, 0.00012318881636],
        "median": [1.07760334015, 1.19097149372, 1.29830670357, 1.76272177696, 1.4315212965, 3.04746842384, 4.5488524437, 3.69226717949, 4.89098930359, 13.4893255234, 22.8107376099, 16.9924411774, 11.1747121811, 15.6714448929, 8.8334197998, 9.62260818481, 8.08672046661, 7.43487167358, 5.51330327988, 4.63616228104, 3.46992707253, 4.16707086563, 2.6713848114, 1.53985750675, 1.38466143608, 1.18479168415, 1.20516479015, 2.07935619354, 3.09522366524, 4.42702770233, 3.94074749947, 1.22264492512, 0.908127486706, 0.636242806911, 0.53583073616, 0.181167244911, 0.0429328382015, 0.00377893331461, 0.000113815221994, 6.47007473162e-05],
        "min": [1.0992823718e-07, 5.43696501154e-07, 1.50618757289e-06, 2.76472678706e-06, 3.99391092287e-06, 5.12269843966e-06, 6.45092359264e-06, 8.18994521978e-06, 1.03169168142e-05, 1.28511583171e-05, 1.60364106705e-05, 1.80714396265e-05, 1.50500964082e-05, 1.17339295684e-05, 1.05841600089e-05, 9.33187584451e-06, 8.47164574225e-06, 7.94984407548e-06, 7.01354838384e-06, 5.74239356865e-06, 4.91153787152e-06, 4.67318614028e-06, 4.89153035232e-06, 4.37796461483e-06, 2.46085187428e-06, 2.56018461187e-06, 4.72709461974e-06, 2.64655204774e-06, 1.88472222362e-06, 1.58664647643e-06, 2.17575257011e-06, 1.4703063016e-06, 7.96039159923e-07, 3.62824209788e-07, 2.5149208227e-07, 1.71405574179e-07, 7.42411288002e-08, 2.74639191389e-08, 6.09275474517e-09, 6.31244390092e-10],
        "stdev": [0.898088634014, 4.12813997269, 9.47973918915, 12.7384586334, 10.1886024475, 10.4947137833, 11.4010953903, 10.3109092712, 22.3722686768, 63.9608459473, 132.552825928, 96.677444458, 138.051742554, 215.967376709, 110.943412781, 132.870193481, 88.2958297729, 83.2275390625, 58.0171127319, 58.3922424316, 81.1265716553, 74.1010971069, 67.6793670654, 69.6930236816, 60.967048645, 37.125377655, 44.7930526733, 41.7632102966, 42.887714386, 45.80493927, 38.1275291443, 26.7224712372, 19.6841659546, 11.6617794037, 6.12026071548, 4.48995018005, 1.4510871172, 0.184420138597, 0.00534990942106, 0.000168700629729],
        "var": [0.806563198566, 17.0415382385, 89.8654632568, 162.268325806, 103.807617188, 110.139007568, 129.984970093, 106.314857483, 500.5184021, 4090.98999023, 17570.25, 9346.52832031, 19058.2832031, 46641.9101562, 12308.4414062, 17654.4863281, 7796.15380859, 6926.82373047, 3365.98535156, 3409.65380859, 6581.52050781, 5490.97314453, 4580.49707031, 4857.11767578, 3716.98095703, 1378.2935791, 2006.41760254, 1744.16564941, 1839.35620117, 2098.0925293, 1453.70861816, 714.090515137, 387.466400146, 135.99710083, 37.4575920105, 20.1596508026, 2.10565376282, 0.0340107865632, 2.86215326923e-05, 2.84599028788e-08]
    },
    "gfcc": {
        "mean": [15.3783416748, 64.1053390503, -93.4330673218, 14.7473583221, -69.1492919922, 35.4271736145, -34.8568992615, 18.5553245544, -12.7145385742, 10.1343069077, -19.8099956512, 10.77115345, -13.2015571594],
        "cov": [[4255.64892578, 57.6993217468, 1060.06738281, 722.714477539, 448.427185059, 450.388702393, 239.803939819, 167.954666138, 125.714881897, 269.856903076, 42.6939315796, 173.482925415, -99.8815002441], [57.6993217468, 2518.43652344, 542.789550781, 157.853012085, 634.756896973, 323.363708496, 408.040649414, 151.127822876, 180.47543335, 135.727645874, 219.340682983, -38.0224838257, 31.8398761749], [1060.06738281, 542.789550781, 2289.8918457, 1033.97998047, 285.806335449, 384.978179932, 184.104202271, 96.773147583, 150.594223022, 291.275360107, 114.886268616, 31.1532154083, -119.382003784], [722.714477539, 157.853012085, 1033.97998047, 933.257080078, 253.777145386, 112.977806091, 55.2546691895, 108.606185913, 99.8485717773, 135.400039673, 57.4376869202, 8.56648921967, -23.1691379547], [448.427185059, 634.756896973, 285.806335449, 253.777145386, 452.38671875, 180.18006897, 165.471389771, 114.243202209, 83.5161972046, 116.818634033, 50.1816482544, 9.60225772858, 14.7419929504], [450.388702393, 323.363708496, 384.978179932, 112.977806091, 180.18006897, 373.806335449, 207.020751953, 31.6105365753, 45.187210083, 67.1645889282, 67.5590591431, 26.4263687134, -2.20064377785], [239.803939819, 408.040649414, 184.104202271, 55.2546691895, 165.471389771, 207.020751953, 304.129486084, 85.2910232544, 3.43786025047, 38.8653259277, 61.8695526123, 25.7365436554, 6.23456764221], [167.954666138, 151.127822876, 96.773147583, 108.606185913, 114.243202209, 31.6105365753, 85.2910232544, 144.315673828, 73.7642745972, 29.1162624359, 9.40805149078, 5.46381664276, 21.2020130157], [125.714881897, 180.47543335, 150.594223022, 99.8485717773, 83.5161972046, 45.187210083, 3.43786025047, 73.7642745972, 189.47164917, 81.5536651611, -2.66783690453, -11.9493303299, 4.05339860916], [269.856903076, 135.727645874, 291.275360107, 135.400039673, 116.818634033, 67.1645889282, 38.8653259277, 29.1162624359, 81.5536651611, 161.700424194, 30.2089385986, -16.2561244965, -23.0490627289], [42.6939315796, 219.340682983, 114.886268616, 57.4376869202, 50.1816482544, 67.5590591431, 61.8695526123, 9.40805149078, -2.66783690453, 30.2089385986, 132.27180481, 22.7725963593, -8.44277954102], [173.482925415, -38.0224838257, 31.1532154083, 8.56648921967, 9.60225772858, 26.4263687134, 25.7365436554, 5.46381664276, -11.9493303299, -16.2561244965, 22.7725963593, 98.4688034058, 18.922416687], [-99.8815002441, 31.8398761749, -119.382003784, -23.1691379547, 14.7419929504, -2.20064377785, 6.23456764221, 21.2020130157, 4.05339860916, -23.0490627289, -8.44277954102, 18.922416687, 94.4494628906]],
        "icov": [[0.000388132466469, 3.97550138587e-06, 0.000104714134068, -0.000260603963397, -2.25289350055e-05, -0.000496740743984, 0.000186481192941, -0.000418059178628, 0.000270317919785, -0.000583294895478, 0.000420620577643, -0.000860185129568, 0.00060700828908], [3.97550138587e-06, 0.0011449852027, -0.000567112118006, 0.000759394373745, -0.00184159015771, 0.000948815897573, -0.00125443167053, 0.00122330070008, -0.00148960971273, 0.00152531079948, -0.00168264110107, 0.00134308170527, -0.000777897599619], [0.000104714134068, -0.000567112118006, 0.00166537321638, -0.00177917850669, 0.00151474925224, -0.00164645863697, 0.000659363518935, -0.000844089256134, 0.00098231213633, -0.0022436119616, 0.00113480852451, -0.00143591093365, 0.00164107012097], [-0.000260603963397, 0.000759394373745, -0.00177917850669, 0.00342098856345, -0.00231652567163, 0.00170105171856, -0.000306392932544, 0.000237586340518, -0.00116585299838, 0.00203101057559, -0.00187151075806, 0.00177862658165, -0.00155110098422], [-2.25289350055e-05, -0.00184159015771, 0.00151474925224, -0.00231652567163, 0.00728951999918, -0.00294357561506, 0.00131429429166, -0.00385883869603, 0.002718772972, -0.00485679414123, 0.00276567018591, -0.00228767422959, 0.000920094142202], [-0.000496740743984, 0.000948815897573, -0.00164645863697, 0.00170105171856, -0.00294357561506, 0.00768498750404, -0.00506660249084, 0.00473373336717, -0.00364337605424, 0.0031048618257, -0.00278508337215, 0.00206629489549, -0.00234752474353], [0.000186481192941, -0.00125443167053, 0.000659363518935, -0.000306392932544, 0.00131429429166, -0.00506660249084, 0.00932476110756, -0.00666177505627, 0.00473594339564, -0.00263815955259, 0.000966553227045, -0.00222660205327, 0.00162050325889], [-0.000418059178628, 0.00122330070008, -0.000844089256134, 0.000237586340518, -0.00385883869603, 0.00473373336717, -0.00666177505627, 0.0160348266363, -0.00762904621661, 0.00449456926435, -0.00205976795405, 0.00238705473021, -0.00354838906787], [0.000270317919785, -0.00148960971273, 0.00098231213633, -0.00116585299838, 0.002718772972, -0.00364337605424, 0.00473594339564, -0.00762904621661, 0.0117237037048, -0.00679971743375, 0.0034169619903, -0.00208227615803, 0.00119446322788], [-0.000583294895478, 0.00152531079948, -0.0022436119616, 0.00203101057559, -0.00485679414123, 0.0031048618257, -0.00263815955259, 0.00449456926435, -0.00679971743375, 0.0149251148105, -0.00459255464375, 0.00511854141951, -0.000974998052698], [0.000420620577643, -0.00168264110107, 0.00113480852451, -0.00187151075806, 0.00276567018591, -0.00278508337215, 0.000966553227045, -0.00205976795405, 0.0034169619903, -0.00459255464375, 0.0122513119131, -0.00494477152824, 0.00270773586817], [-0.000860185129568, 0.00134308170527, -0.00143591093365, 0.00177862658165, -0.00228767422959, 0.00206629489549, -0.00222660205327, 0.00238705473021, -0.00208227615803, 0.00511854141951, -0.00494477152824, 0.0152828060091, -0.0048900921829], [0.00060700828908, -0.000777897599619, 0.00164107012097, -0.00155110098422, 0.000920094142202, -0.00234752474353, 0.00162050325889, -0.00354838906787, 0.00119446322788, -0.000974998052698, 0.00270773586817, -0.0048900921829, 0.0146094225347]]
    },
    "melbands": {
        "dmean": [0.00207178667188, 0.00136984349228, 0.00072518014349, 0.000277827173704, 0.000209571793675, 0.000125793478219, 0.000161108895554, 0.000350512971636, 0.000497279281262, 0.000234419479966, 0.000218212415348, 0.000236210180447, 0.0001554829214, 9.31238464545e-05, 0.000126669910969, 5.43354217371e-05, 6.29865535302e-05, 4.41455558757e-05, 4.13856905652e-05, 2.22358048632e-05, 2.49378117587e-05, 2.20456113311e-05, 1.67562830029e-05, 1.22171959447e-05, 1.25289152493e-05, 1.02369867818e-05, 8.04946193966e-06, 4.78981064589e-06, 5.98696988163e-06, 5.0942312555e-06, 7.62141416999e-06, 8.81128926267e-06, 1.1695982721e-05, 1.39123458212e-05, 1.13691530714e-05, 9.51336824073e-06, 7.14989437256e-06, 5.65528171137e-06, 5.08372431796e-06, 4.35005404142e-06],
        "dmean2": [0.00324622984044, 0.00200422154739, 0.00127464777324, 0.000480454153148, 0.000346730666934, 0.000213489693124, 0.000251153920544, 0.000569010444451, 0.00078750558896, 0.000354035000782, 0.000332798808813, 0.000341986829881, 0.000225409603445, 0.00014352951257, 0.000189585887711, 8.6604450189e-05, 9.72045017988e-05, 7.02204779373e-05, 6.37668708805e-05, 3.41718114214e-05, 3.89950619137e-05, 3.28569913108e-05, 2.543386654e-05, 1.81948380487e-05, 1.96950641111e-05, 1.50795885929e-05, 1.16998353406e-05, 6.70569215799e-06, 8.8445513029e-06, 7.65891581977e-06, 1.15686389108e-05, 1.32933218993e-05, 1.85922926903e-05, 2.2780512154e-05, 1.82012154255e-05, 1.49350944412e-05, 1.14185668281e-05, 8.89213879418e-06, 8.2613014456e-06, 7.23089533494e-06],
        "dvar": [3.07635782519e-05, 1.92937986867e-05, 7.18022238289e-06, 5.39424661383e-07, 1.49553457618e-07, 4.97915735309e-08, 1.07886187095e-07, 4.90400680064e-07, 1.00569218375e-06, 2.46214312938e-07, 3.51544372279e-07, 3.05417273694e-07, 1.46545687585e-07, 8.19232539584e-08, 1.23192791079e-07, 2.21112852472e-08, 2.50491094533e-08, 9.84324355358e-09, 8.73590799699e-09, 3.15708703624e-09, 7.84172637935e-09, 4.22571488912e-09, 3.84873288795e-09, 2.50617016029e-09, 3.3452189907e-09, 2.07971573296e-09, 1.18742993216e-09, 3.02055547241e-10, 6.51588505374e-10, 4.16081558097e-10, 6.52765619336e-10, 4.9756737619e-10, 5.02633601407e-10, 6.96377566722e-10, 4.37871905401e-10, 3.32706057149e-10, 2.14099238338e-10, 1.9367053794e-10, 1.93124613523e-10, 8.95920837518e-11],
        "dvar2": [7.0505484473e-05, 4.56263624073e-05, 2.04789539566e-05, 1.5051310811e-06, 3.88660339468e-07, 1.30848533786e-07, 2.76243980579e-07, 1.19823528166e-06, 2.38983693635e-06, 4.86204896788e-07, 8.19714102818e-07, 6.04866102094e-07, 2.89676961529e-07, 1.81581881975e-07, 2.75808758943e-07, 4.9984791417e-08, 5.76411061104e-08, 2.39633362042e-08, 1.82295654128e-08, 7.01002944581e-09, 1.73507341827e-08, 8.99595242743e-09, 7.08543801409e-09, 5.23263077312e-09, 7.58360041431e-09, 3.74653774671e-09, 2.6308399903e-09, 5.03662000995e-10, 1.13449682981e-09, 8.55546578027e-10, 1.33502886523e-09, 1.04913233656e-09, 1.14373743809e-09, 1.7272739905e-09, 1.04653752331e-09, 7.38543892709e-10, 4.82390294376e-10, 4.36472691323e-10, 4.7712739315e-10, 2.17039636263e-10],
        "max": [0.0487261898816, 0.0417225509882, 0.0238916818053, 0.0086741251871, 0.00618966994807, 0.00216604443267, 0.00456956401467, 0.00622689072043, 0.00892111845315, 0.0081807365641, 0.00664073647931, 0.00786284264177, 0.00493689160794, 0.00540719041601, 0.0048645529896, 0.00202289223671, 0.00221636239439, 0.000920157879591, 0.00115760066546, 0.000700924720149, 0.00179435929749, 0.000771176710259, 0.000838493055198, 0.000631908827927, 0.00068081455538, 0.000567286799196, 0.000430623302236, 0.000211791688344, 0.000301876949379, 0.000217909429921, 0.000270050251856, 0.000215197069338, 0.000265303708147, 0.000263078487478, 0.000233816492255, 0.000226292104344, 0.000147896469571, 0.000170612125657, 0.000289191986667, 0.000142183926073],
        "mean": [0.00685723032802, 0.00205704942346, 0.000740361749195, 0.000339949794579, 0.000286474794848, 0.000172566054971, 0.000236203341046, 0.000425562815508, 0.00063403043896, 0.000315553217661, 0.00028914574068, 0.000364877341781, 0.000210896032513, 0.000122866957099, 0.000162302399985, 6.0579051933e-05, 6.73814211041e-05, 4.41081501776e-05, 4.78469628433e-05, 2.57724204857e-05, 2.83127010334e-05, 2.65307426162e-05, 1.98896123038e-05, 1.33287876452e-05, 1.16402015919e-05, 1.05569388325e-05, 7.96263157099e-06, 5.52787651031e-06, 6.46668968329e-06, 5.15089868713e-06, 8.24391463539e-06, 9.25524454942e-06, 1.1772626749e-05, 1.34417032314e-05, 1.21917255456e-05, 9.48783690546e-06, 7.05481443219e-06, 5.57883231522e-06, 4.60119827039e-06, 3.76312709705e-06],
        "median": [0.00693042110652, 0.00120049249381, 0.000307627167786, 0.000168535043485, 0.000164192155353, 8.60034342622e-05, 8.04475421319e-05, 0.000139810261317, 0.000192317602341, 9.07040812308e-05, 3.73132970708e-05, 5.75917838432e-05, 3.2102856494e-05, 1.74950455403e-05, 2.06055556191e-05, 1.08644699139e-05, 1.09486300062e-05, 6.40300459054e-06, 9.70691053226e-06, 3.0475521271e-06, 3.35537947649e-06, 4.22925950261e-06, 2.59907460531e-06, 1.63093727679e-06, 1.06467200567e-06, 8.52958635278e-07, 9.68627318798e-07, 5.70599581806e-07, 6.83637892962e-07, 7.77917591677e-07, 1.32611171466e-06, 1.57824058533e-06, 2.05634660233e-06, 2.54580209003e-06, 2.63443757831e-06, 8.94545451047e-07, 6.15126396042e-07, 6.42305224119e-07, 5.53002621473e-07, 4.75934911037e-07],
        "min": [9.86579817841e-10, 7.64458774061e-10, 5.11250097812e-10, 3.26433324815e-10, 2.29574234623e-10, 1.84541187886e-10, 1.58753482582e-10, 1.42274192427e-10, 1.32689081944e-10, 1.12367608274e-10, 7.34561855786e-11, 4.73885583552e-11, 3.61825118478e-11, 2.74709248405e-11, 2.12377043035e-11, 1.73843543727e-11, 1.43704440708e-11, 1.14505540466e-11, 8.93518245504e-12, 6.54931881297e-12, 5.57872845142e-12, 4.87795697932e-12, 4.38246878023e-12, 4.33803904257e-12, 3.54512708252e-12, 2.13345638898e-12, 1.17813961711e-12, 1.88764824084e-12, 3.12751040343e-12, 2.56152976434e-12, 1.06434262445e-12, 9.7582846751e-13, 9.89357575899e-13, 8.95935127303e-13, 1.34805654053e-12, 1.06111777351e-12, 8.46124006363e-13, 6.82031688071e-13, 2.93058193815e-13, 3.18129393271e-13],
        "stdev": [0.00664502894506, 0.00438719661906, 0.00209319568239, 0.00063917634543, 0.000391931360355, 0.000243937422056, 0.000390922592487, 0.000750812527258, 0.00115856563207, 0.000655068084598, 0.000744709395804, 0.000860066502355, 0.00051265215734, 0.000361753860489, 0.00047877948964, 0.000158010152518, 0.000171339488588, 0.000101900375739, 0.000110987799417, 6.70737717883e-05, 0.000100231336546, 8.00793277449e-05, 7.35587454983e-05, 5.49597934878e-05, 5.74226578465e-05, 5.16932195751e-05, 3.56447853846e-05, 2.15546988329e-05, 2.93784887617e-05, 2.15221352846e-05, 2.7130041417e-05, 2.44671191467e-05, 2.51405908784e-05, 2.76578775811e-05, 2.31460817304e-05, 2.00839367608e-05, 1.56193873408e-05, 1.44627811096e-05, 1.30760881802e-05, 9.18284513318e-06],
        "var": [4.41564116045e-05, 1.92474926735e-05, 4.38146844317e-06, 4.085464127e-07, 1.53610201892e-07, 5.95054672203e-08, 1.52820476274e-07, 5.63719424918e-07, 1.34227423132e-06, 4.29114180633e-07, 5.54592077151e-07, 7.39714380416e-07, 2.62812221763e-07, 1.30865856818e-07, 2.2922979781e-07, 2.49672069685e-08, 2.93572224308e-08, 1.03836867993e-08, 1.23182921641e-08, 4.49889103749e-09, 1.00463211083e-08, 6.4126988164e-09, 5.41088907013e-09, 3.02057889812e-09, 3.297361717e-09, 2.67218891459e-09, 1.2705507757e-09, 4.64605048878e-10, 8.63095594994e-10, 4.63202282086e-10, 7.36039118543e-10, 5.98639915417e-10, 6.32049301785e-10, 7.64958207888e-10, 5.35741062624e-10, 4.03364536217e-10, 2.43965236901e-10, 2.09172040799e-10, 1.70984074122e-10, 8.43246375504e-11]
    },
    "melbands128": {
