{
"lowlevel": {
    "average_loudness": 0.97658264637,
    "barkbands_crest": {
        "dmean": 3.38553309441,
        "dmean2": 5.43405914307,
        "dvar": 9.15568256378,
        "dvar2": 20.8541488647,
        "max": 24.476020813,
        "mean": 11.9184856415,
        "median": 11.3459243774,
        "min": 2.80740356445,
        "stdev": 4.6666302681,
        "var": 21.7774391174
    },
    "barkbands_flatness_db": {
        "dmean": 0.0317052677274,
        "dmean2": 0.0475931316614,
        "dvar": 0.000922983628698,
        "dvar2": 0.00202249642462,
        "max": 0.331912875175,
        "mean": 0.142280310392,
        "median": 0.137606918812,
        "min": 0.0352214351296,
        "stdev": 0.0489293634892,
        "var": 0.00239408249035
    },
    "barkbands_kurtosis": {
        "dmean": 4.7087931633,
        "dmean2": 7.35892248154,
        "dvar": 77.2563018799,
        "dvar2": 183.984680176,
        "max": 136.48046875,
        "mean": 5.81199645996,
        "median": 3.04964447021,
        "min": -1.96430659294,
        "stdev": 10.1026906967,
        "var": 102.064361572
    },
    "barkbands_skewness": {
        "dmean": 0.781822323799,
        "dmean2": 1.1836373806,
        "dvar": 0.723578810692,
        "dvar2": 1.66018974781,
        "max": 10.9597206116,
        "mean": 1.96269822121,
        "median": 1.85101521015,
        "min": -1.92374265194,
        "stdev": 1.32380414009,
        "var": 1.7524574995
    },
    "barkbands_spread": {
        "dmean": 10.4084177017,
        "dmean2": 16.0208969116,
        "dvar": 152.700485229,
        "dvar2": 314.786743164,
        "max": 122.949142456,
        "mean": 30.3750782013,
        "median": 25.399438858,
        "min": 1.43767917156,
        "stdev": 21.3242950439,
        "var": 454.725585938
    },
    "dissonance": {
        "dmean": 0.0189342778176,
        "dmean2": 0.0307856742293,
        "dvar": 0.000337138189934,
        "dvar2": 0.000848628696986,
        "max": 0.5,
        "mean": 0.46095213294,
        "median": 0.46775752306,
        "min": 0.307203888893,
        "stdev": 0.0285069625825,
        "var": 0.0008126469329
    },
    "dynamic_complexity": 1.51352667809,
    "erbbands_crest": {
        "dmean": 3.02059435844,
        "dmean2": 4.82384681702,
        "dvar": 7.48853588104,
        "dvar2": 16.8949451447,
        "max": 27.6460952759,
        "mean": 9.68538475037,
        "median": 8.64478778839,
        "min": 2.01427149773,
        "stdev": 4.8820681572,
        "var": 23.8345890045
    },
    "erbbands_flatness_db": {
        "dmean": 0.0181576944888,
        "dmean2": 0.0263675060123,
        "dvar": 0.000303815730149,
        "dvar2": 0.000613483949564,
        "max": 0.281884849072,
        "mean": 0.12880115211,
        "median": 0.122027471662,
        "min": 0.0373697392642,
        "stdev": 0.0415605045855,
        "var": 0.00172727543395
    },
    "erbbands_kurtosis": {
        "dmean": 1.01630520821,
        "dmean2": 1.60937333107,
        "dvar": 2.28257775307,
        "dvar2": 5.60422182083,
        "max": 20.1985054016,
        "mean": 0.313028156757,
        "median": -0.295840501785,
        "min": -1.85188961029,
        "stdev": 1.98257052898,
        "var": 3.93058586121
    },
    "erbbands_skewness": {
        "dmean": 0.442310661077,
        "dmean2": 0.648191273212,
        "dvar": 0.182827651501,
        "dvar2": 0.366264104843,
        "max": 3.48428630829,
        "mean": 0.263636320829,
        "median": 0.285379141569,
        "min": -3.87167668343,
        "stdev": 0.870055794716,
        "var": 0.756997108459
    },
    "erbbands_spread": {
        "dmean": 14.6655454636,
        "dmean2": 22.3588562012,
        "dvar": 287.449188232,
        "dvar2": 662.776306152,
        "max": 182.831939697,
        "mean": 56.4526290894,
        "median": 50.5101928711,
        "min": 5.20498228073,
        "stdev": 29.5473766327,
        "var": 873.047485352
    },
    "hfc": {
        "dmean": 15.5373983383,
        "dmean2": 22.9655075073,
        "dvar": 665.814697266,
        "dvar2": 1334.30603027,
        "max": 425.314422607,
        "mean": 42.4408683777,
        "median": 30.6349716187,
        "min": 1.14771018824e-16,
        "stdev": 46.6642837524,
        "var": 2177.55541992
    },
    "loudness_ebu128": {
        "integrated": -7.97496843338,
        "loudness_range": 1.97994947433,
        "momentary": {
            "dmean": 0.549812734127,
            "dmean2": 0.808744192123,
            "dvar": 0.211599588394,
            "dvar2": 0.490446954966,
            "max": -5.49644756317,
            "mean": -8.11301708221,
            "median": -8.04113578796,
            "min": -12.0256843567,
            "stdev": 1.12008368969,
            "var": 1.25458753109
        },
        "short_term": {
            "dmean": 0.0625415295362,
            "dmean2": 0.0723265707493,
            "dvar": 0.00219042808749,
            "dvar2": 0.0028120954521,
            "max": -6.8454875946,
            "mean": -8.07964992523,
            "median": -8.27051734924,
            "min": -9.47578525543,
            "stdev": 0.686412632465,
            "var": 0.471162289381
        }
    },
    "melbands_crest": {
        "dmean": 4.33164262772,
        "dmean2": 7.05483818054,
        "dvar": 15.8942565918,
        "dvar2": 34.9662094116,
        "max": 36.7447967529,
        "mean": 17.493309021,
        "median": 16.5838451385,
        "min": 2.23804235458,
        "stdev": 6.27331113815,
        "var": 39.3544311523
    },
    "melbands_flatness_db": {
        "dmean": 0.0384772494435,
        "dmean2": 0.0573753044009,
        "dvar": 0.00149781350046,
        "dvar2": 0.00318273250014,
        "max": 0.43797942996,
        "mean": 0.206480652094,
        "median": 0.201289743185,
        "min": 0.00510047934949,
        "stdev": 0.0633651688695,
        "var": 0.00401514442638
    },
    "melbands_kurtosis": {
        "dmean": 16.3430252075,
        "dmean2": 25.6364498138,
        "dvar": 829.372009277,
        "dvar2": 2118.51123047,
        "max": 371.125518799,
        "mean": 25.9437503815,
        "median": 14.7861003876,
        "min": -1.49623119831,
        "stdev": 34.7818832397,
        "var": 1209.77929688
    },
    "melbands_skewness": {
        "dmean": 1.23847126961,
        "dmean2": 1.88537526131,
        "dvar": 2.07617783546,
        "dvar2": 5.101354599,
        "max": 17.7897777557,
        "mean": 3.79967451096,
        "median": 3.35527062416,
        "min": -0.371598482132,
        "stdev": 2.29144525528,
        "var": 5.25072145462
    },
    "melbands_spread": {
        "dmean": 10.192738533,
        "dmean2": 15.608663559,
        "dvar": 198.797088623,
        "dvar2": 383.571929932,
        "max": 201.43119812,
        "mean": 24.0524101257,
        "median": 18.0269393921,
        "min": 0.911125063896,
        "stdev": 22.3237628937,
        "var": 498.350402832
    },
    "pitch_salience": {
        "dmean": 0.0969046875834,
        "dmean2": 0.153121039271,
        "dvar": 0.00870073772967,
        "dvar2": 0.0205226391554,
        "max": 0.876315951347,
        "mean": 0.488770395517,
        "median": 0.482608288527,
        "min": 0.0753801241517,
        "stdev": 0.137727096677,
        "var": 0.0189687535167
    },
    "silence_rate_20dB": {
        "dmean": 0,
        "dmean2": 0,
        "dvar": 0,
        "dvar2": 0,
        "max": 1,
        "mean": 1,
        "median": 1,
        "min": 1,
        "stdev": 0,
        "var": 0
    },
    "silence_rate_30dB": {
        "dmean": 0.0681114569306,
        "dmean2": 0.136328428984,
        "dvar": 0.0634719580412,
        "dvar2": 0.150275498629,
        "max": 1,
        "mean": 0.945088922977,
        "median": 1,
        "min": 0,
        "stdev": 0.227805271745,
        "var": 0.0518952421844
    },
    "silence_rate_60dB": {
        "dmean": 0.0108359130099,
        "dmean2": 0.020139425993,
        "dvar": 0.0107184294611,
        "dvar2": 0.0259301010519,
        "max": 1,
        "mean": 0.00850734766573,
        "median": 0,
        "min": 0,
        "stdev": 0.0918424203992,
        "var": 0.00843502953649
    },
    "spectral_centroid": {
        "dmean": 393.694335938,
        "dmean2": 607.522460938,
        "dvar": 234542.0625,
        "dvar2": 450854.65625,
        "max": 10932.9697266,
        "mean": 1446.19470215,
        "median": 1274.81787109,
        "min": 218.298675537,
        "stdev": 727.692321777,
        "var": 529536.125
    },
    "spectral_complexity": {
        "dmean": 4.95201253891,
        "dmean2": 7.60650634766,
        "dvar": 37.0982894897,
        "dvar2": 79.0118179321,
        "max": 58,
        "mean": 17.972158432,
        "median": 17,
        "min": 0,
        "stdev": 9.15801048279,
        "var": 83.8691482544
    },
    "spectral_decrease": {
        "dmean": 3.98298904969e-09,
        "dmean2": 5.9225695459e-09,
        "dvar": 2.63759326525e-17,
        "dvar2": 5.81034492442e-17,
        "max": 1.39706341266e-29,
        "mean": -1.18967786733e-08,
        "median": -1.03900639203e-08,
        "min": -4.81485784576e-08,
        "stdev": 7.94409604765e-09,
        "var": 6.31086661912e-17
    },
    "spectral_energy": {
        "dmean": 0.015337979421,
        "dmean2": 0.0227653943002,
        "dvar": 0.000378453172743,
        "dvar2": 0.000827887561172,
        "max": 0.183999493718,
        "mean": 0.048750732094,
        "median": 0.043245613575,
        "min": 1.03573247436e-20,
        "stdev": 0.0307599138469,
        "var": 0.000946172338445
    },
    "spectral_energyband_high": {
        "dmean": 0.00145987339783,
        "dmean2": 0.00216249772348,
        "dvar": 7.25948211766e-06,
        "dvar2": 1.38774739753e-05,
        "max": 0.038634609431,
        "mean": 0.00302700535394,
        "median": 0.00143221009057,
        "min": 7.40767218846e-21,
        "stdev": 0.00482361204922,
        "var": 2.32672318816e-05
    },
    "spectral_energyband_low": {
        "dmean": 0.0137192690745,
        "dmean2": 0.0209663826972,
        "dvar": 0.000460057519376,
        "dvar2": 0.00101694569457,
        "max": 0.172785580158,
        "mean": 0.0268147699535,
        "median": 0.0205264948308,
        "min": 8.48321895486e-23,
        "stdev": 0.0290317777544,
        "var": 0.000842844136059
    },
    "spectral_energyband_middle_high": {
        "dmean": 0.00240124412812,
        "dmean2": 0.00378606445156,
        "dvar": 1.32175437102e-05,
        "dvar2": 3.22066844092e-05,
        "max": 0.0420162715018,
        "mean": 0.00540572637692,
        "median": 0.00361189222895,
        "min": 1.42370829286e-21,
        "stdev": 0.00536631187424,
        "var": 2.87973034574e-05
    },
    "spectral_energyband_middle_low": {
        "dmean": 0.00715631153435,
        "dmean2": 0.0111083779484,
        "dvar": 9.79462420219e-05,
        "dvar2": 0.000236536987359,
        "max": 0.0860929787159,
        "mean": 0.0156361088157,
        "median": 0.0130174513906,
        "min": 2.89122747178e-22,
        "stdev": 0.0119363041595,
        "var": 0.000142475357279
    },
    "spectral_entropy": {
        "dmean": 0.225781187415,
        "dmean2": 0.319361805916,
        "dvar": 0.051961351186,
        "dvar2": 0.0964117646217,
        "max": 9.8042049408,
        "mean": 7.76576042175,
        "median": 7.75603103638,
        "min": 6.07740163803,
        "stdev": 0.459088623524,
        "var": 0.210762366652
    },
    "spectral_flux": {
        "dmean": 0.0428159721196,
        "dmean2": 0.0668320432305,
        "dvar": 0.0017557592364,
        "dvar2": 0.00376293063164,
        "max": 0.379422038794,
        "mean": 0.121800705791,
        "median": 0.107532478869,
        "min": 1.01770945837e-10,
        "stdev": 0.0652200356126,
        "var": 0.00425365334377
    },
    "spectral_kurtosis": {
        "dmean": 1.0517475605,
        "dmean2": 1.58270430565,
        "dvar": 2.08116936684,
        "dvar2": 5.19229364395,
        "max": 22.0048446655,
        "mean": 2.50138688087,
        "median": 2.33287668228,
        "min": -1.50771820545,
        "stdev": 2.16073918343,
        "var": 4.66879367828
    },
    "spectral_rms": {
        "dmean": 0.00105832866393,
        "dmean2": 0.00154164561536,
        "dvar": 1.28192391458e-06,
        "dvar2": 2.47451635005e-06,
        "max": 0.0133981974795,
        "mean": 0.00654491782188,
        "median": 0.00649544782937,
        "min": 3.17879013043e-12,
        "stdev": 0.00217388640158,
        "var": 4.72578221888e-06
    },
    "spectral_rolloff": {
        "dmean": 1026.84570312,
        "dmean2": 1734.66552734,
        "dvar": 3468684.75,
        "dvar2": 7268951.5,
        "max": 19099.9511719,
        "mean": 1925.94677734,
        "median": 861.328125,
        "min": 64.599609375,
        "stdev": 2629.61328125,
        "var": 6914865.5
    },
    "spectral_skewness": {
        "dmean": 0.20565803349,
        "dmean2": 0.294564515352,
        "dvar": 0.0537198483944,
        "dvar2": 0.112682573497,
        "max": 3.45312309265,
        "mean": 1.35507535934,
        "median": 1.39749348164,
        "min": -0.297809839249,
        "stdev": 0.456947475672,
        "var": 0.208800986409
    },
    "spectral_spread": {
        "dmean": 1062099.75,
        "dmean2": 1509926.625,
        "dvar": 2.61397466317e+12,
        "dvar2": 4.03260178432e+12,
        "max": 42347100,
        "mean": 7126439,
        "median": 6529769,
        "min": 2329756.25,
        "stdev": 2787695.75,
        "var": 7.77124734566e+12
    },
    "spectral_strongpeak": {
        "dmean": 0.513283669949,
        "dmean2": 0.879607081413,
        "dvar": 0.804166734219,
        "dvar2": 1.91219687462,
        "max": 10.6230287552,
        "mean": 0.897518992424,
        "median": 0.460570275784,
        "min": 0,
        "stdev": 1.10469102859,
        "var": 1.22034227848
    },
    "zerocrossingrate": {
        "dmean": 0.0209004785866,
        "dmean2": 0.0243236683309,
        "dvar": 0.000664514722303,
        "dvar2": 0.000766349025071,
        "max": 0.5068359375,
        "mean": 0.0828329697251,
        "median": 0.06787109375,
        "min": 0.0048828125,
        "stdev": 0.0591611228883,
        "var": 0.00350003829226
    },
    "barkbands": {
        "dmean": [0.000921022961847, 0.0109437881038, 0.00565833039582, 0.00322199705988, 0.00233953795396, 0.00202289270237, 0.000973733956926, 0.000660524994601, 0.00111148366705, 0.000469673337648, 0.000468368816655, 0.000462076510303, 0.000332515017362, 0.000416062481236, 0.000611558207311, 0.000381373887649, 0.000230053701671, 0.000282141962089, 0.000189490965568, 0.000219947731239, 0.000240897366893, 0.000207108954783, 0.000227591197472, 0.000401436263928, 0.000456942943856, 0.000165218458278, 5.29581711817e-06],
        "dmean2": [0.00117764796596, 0.0173029992729, 0.00960731040686, 0.00526201585308, 0.00397465471178, 0.00304386485368, 0.00156139547471, 0.00107033143286, 0.00157289719209, 0.000744602177292, 0.000737534719519, 0.000744022254366, 0.00053128041327, 0.000691305263899, 0.000983803183772, 0.000580620195251, 0.000356429460226, 0.000462278665509, 0.000314484233968, 0.000354816031177, 0.000360459671356, 0.000330738315824, 0.000351741560735, 0.000614898977801, 0.000691368652042, 0.000242138587055, 8.08580716694e-06],
        "dvar": [2.51451729127e-06, 0.000359098397894, 0.00016027741367, 6.23181986157e-05, 1.61286916409e-05, 1.58263155754e-05, 4.25866937803e-06, 2.54267956734e-06, 5.74195018999e-06, 1.32551042498e-06, 1.44052125961e-06, 2.20284687202e-06, 8.93053083928e-07, 7.55341659442e-07, 1.72891498096e-06, 6.26283508609e-07, 2.58237491835e-07, 2.90370849143e-07, 1.06477344275e-07, 1.901000104e-07, 1.64627721233e-07, 1.80781810855e-07, 1.99415453039e-07, 8.20235243282e-07, 1.51034134888e-06, 1.87582145372e-07, 3.83257814374e-10],
        "dvar2": [3.88082889913e-06, 0.00089605973335, 0.000433814595453, 0.000154883775394, 4.22310004069e-05, 3.07775881083e-05, 9.52884420258e-06, 6.35928563497e-06, 1.10699702418e-05, 2.84073826151e-06, 3.04949344354e-06, 5.40202245247e-06, 2.2454230475e-06, 1.86465842944e-06, 4.26241467721e-06, 1.24025166315e-06, 6.06887624599e-07, 6.39906375e-07, 2.7546155934e-07, 4.81753318127e-07, 3.56935260015e-07, 4.17101659878e-07, 4.26893137728e-07, 1.5881417994e-06, 3.0323383271e-06, 3.36210291607e-07, 7.92425347562e-10],
        "max": [0.0166090931743, 0.158985793591, 0.107845544815, 0.0775455757976, 0.0378423519433, 0.0555218569934, 0.0258825719357, 0.0415446795523, 0.0597000829875, 0.0204983782023, 0.0185046065599, 0.0282692201436, 0.0150362616405, 0.0105135329068, 0.0152412811294, 0.0117008499801, 0.0119494954124, 0.0078213987872, 0.00431589363143, 0.0053862282075, 0.0072543551214, 0.00669729383662, 0.0076520065777, 0.0145233850926, 0.0223592855036, 0.010500417091, 0.000535115192179],
        "mean": [0.00158195220865, 0.0172791462392, 0.00589870009571, 0.00348197156563, 0.00363402022049, 0.00362433609553, 0.00151022046339, 0.00126663479023, 0.00194516882766, 0.000671596906614, 0.000681700243149, 0.000575198442675, 0.000453719927464, 0.00050735444529, 0.000806320866104, 0.000578063598368, 0.000361958780559, 0.000431975233369, 0.000290557974949, 0.000309788039885, 0.000384705606848, 0.000275984435575, 0.000341241713613, 0.000718976254575, 0.000864486966748, 0.00026887783315, 6.08528171142e-06],
        "median": [0.000496845517773, 0.00961112044752, 0.001861755969, 0.00110808643512, 0.00225093006156, 0.0011538232211, 0.000361098500434, 0.000203297051485, 0.000432456843555, 0.00018544656632, 0.000143991375808, 0.000165037199622, 0.000149723040522, 0.000178308779141, 0.00029635662213, 0.000209973615711, 0.000142577831866, 0.000206641037948, 0.000166843892657, 0.000135822047014, 0.000176766712684, 9.08922374947e-05, 0.00012299354421, 0.00027504080208, 0.000284572364762, 7.81922062743e-05, 3.02212612269e-07],
        "min": [4.18846139389e-23, 3.19994074019e-23, 1.89465172782e-23, 2.85015760601e-23, 8.7367310819e-23, 3.21502754723e-23, 2.57945115114e-23, 5.4868027505e-23, 5.44984303936e-23, 4.55613431569e-23, 2.50724103269e-23, 9.48953725722e-23, 1.3350945755e-22, 1.99753061257e-22, 6.59959266259e-23, 9.38952357839e-23, 1.60327913672e-22, 1.71380195742e-22, 3.24841510686e-22, 2.78258075164e-22, 4.60443696311e-22, 6.57052724031e-22, 5.87265367812e-22, 8.80997132648e-22, 1.13339253556e-21, 1.55421350303e-21, 2.12547390544e-21],
        "stdev": [0.00246509327553, 0.0229824092239, 0.0113763809204, 0.00752410572022, 0.0044480394572, 0.00589334452525, 0.00317097059451, 0.00346150179394, 0.00384696689434, 0.00155432894826, 0.00178066326771, 0.00164551951457, 0.00106814270839, 0.000982004916295, 0.0015495296102, 0.00118005287368, 0.000835314800497, 0.000727410893887, 0.000391813373426, 0.00049502128968, 0.000554012367502, 0.000504775322042, 0.000590934127104, 0.00149904075079, 0.00225798762403, 0.000734735454898, 2.73574351013e-05],
        "var": [6.0766851675e-06, 0.000528191158082, 0.000129422041937, 5.6612163462e-05, 1.97850549739e-05, 3.47315108229e-05, 1.00550550997e-05, 1.19819942483e-05, 1.47991540871e-05, 2.41593852479e-06, 3.1707618291e-06, 2.70773443845e-06, 1.14092881631e-06, 9.64333594311e-07, 2.40104191107e-06, 1.39252472309e-06, 6.97750806467e-07, 5.29126566562e-07, 1.53517717649e-07, 2.45046066993e-07, 3.06929678118e-07, 2.54798123933e-07, 3.49203162386e-07, 2.24712312047e-06, 5.09850815433e-06, 5.39836207736e-07, 7.48429207498e-10]
    },
    "erbbands": {
        "dmean": [0.339583277702, 2.55528569221, 5.77542924881, 8.70785617828, 7.51592445374, 8.69072151184, 13.150809288, 18.0887508392, 12.6971292496, 15.0312337875, 16.018415451, 22.6641483307, 20.2521095276, 16.978597641, 18.3038749695, 15.5684375763, 13.5535373688, 20.114944458, 26.1948795319, 25.2939186096, 20.4638061523, 11.135638237, 13.2304868698, 11.6440811157, 9.58696269989, 9.94781780243, 11.6561384201, 7.22763061523, 7.20863437653, 7.53915452957, 6.45343112946, 7.49754571915, 7.57085752487, 6.07493209839, 2.9883491993, 1.05029404163, 0.250420987606, 0.0270713083446, 0.000770341604948, 3.94299895561e-05],
        "dmean2": [0.510414659977, 4.03330993652, 9.85419082642, 14.4530582428, 12.7606277466, 14.6731529236, 20.7076778412, 26.8197536469, 19.7680282593, 23.9770202637, 25.4271221161, 31.9703655243, 29.7163257599, 26.1291370392, 28.7691078186, 25.0727157593, 21.1432342529, 32.7671813965, 42.5519104004, 41.0306358337, 30.4160919189, 17.4738273621, 21.5134372711, 19.0430603027, 15.4696969986, 16.0339450836, 17.7606945038, 10.9264030457, 11.5570411682, 12.1354255676, 9.87341308594, 11.9657211304, 11.2257843018, 9.22271251678, 4.49853038788, 1.54291284084, 0.364379018545, 0.0388741008937, 0.00111519300845, 5.58625833946e-05],
        "dvar": [0.238791123033, 26.5315132141, 138.708816528, 465.930053711, 187.370285034, 275.292785645, 649.192199707, 1441.61242676, 723.883422852, 1217.83837891, 1598.63757324, 2100.55175781, 2369.17675781, 1465.0267334, 1638.35644531, 2566.20043945, 1541.0657959, 1984.62145996, 3652.65258789, 2631.84643555, 2130.34936523, 417.842010498, 545.19744873, 434.612243652, 317.495880127, 403.610565186, 343.995269775, 234.206222534, 221.5052948, 256.59942627, 166.451538086, 271.944671631, 322.177062988, 289.614379883, 69.5970993042, 8.61241340637, 0.369829833508, 0.00661639822647, 6.55477379041e-06, 5.26775867371e-09],
        "dvar2": [0.468040317297, 65.1864242554, 347.657806396, 986.448669434, 507.079162598, 721.748962402, 1321.91455078, 2775.8984375, 1517.61376953, 2791.37207031, 3861.10498047, 4033.10888672, 4811.99560547, 3147.55712891, 3760.3605957, 6361.38623047, 3685.38061523, 4598.87548828, 8945.18652344, 6340.36767578, 4045.01318359, 913.492248535, 1243.58789062, 1150.49731445, 736.529602051, 1018.78747559, 743.548095703, 524.50012207, 519.51361084, 603.369873047, 351.858306885, 586.119140625, 637.250366211, 582.527832031, 161.336196899, 15.0954341888, 0.656636893749, 0.0100217545405, 1.12320858534e-05, 8.74814176655e-09],
        "max": [4.94000530243, 39.9110412598, 89.7366943359, 193.238616943, 121.53314209, 196.167144775, 446.276062012, 499.47164917, 448.167297363, 442.940826416, 1130.54223633, 814.271118164, 1093.12133789, 619.815856934, 643.553283691, 1085.64196777, 788.727050781, 664.862854004, 871.941589355, 757.278808594, 774.24230957, 378.447753906, 311.868133545, 273.126647949, 286.903869629, 306.040649414, 280.421142578, 364.22442627, 222.274429321, 224.157913208, 223.916717529, 270.755432129, 269.478363037, 276.592712402, 181.674240112, 87.8180007935, 15.168847084, 2.60374236107, 0.0714384689927, 0.00179838214535],
        "mean": [0.639179348946, 3.26307702065, 6.60411167145, 10.6888990402, 10.1964578629, 12.5066547394, 21.77526474, 30.6250915527, 20.4640312195, 25.4915866852, 33.0786437988, 39.0303268433, 34.5259475708, 26.9873695374, 28.4017791748, 20.6504898071, 20.4327850342, 26.4277210236, 35.307144165, 36.0271453857, 35.0665969849, 19.114030838, 20.8378353119, 20.0073642731, 14.6447048187, 14.7301120758, 18.5686187744, 11.0045394897, 9.66035461426, 9.91971302032, 9.94838047028, 12.2890138626, 13.6881408691, 11.2985029221, 4.9740228653, 1.72995460033, 0.38018271327, 0.0390388667583, 0.00113753031474, 0.000107682484668],
        "median": [0.366833359003, 1.60917937756, 2.53243803978, 4.08929491043, 5.26962280273, 7.45623779297, 9.830327034, 7.85485601425, 5.97817993164, 7.00923013687, 6.23635101318, 10.4914741516, 10.0234270096, 9.09435272217, 10.1133966446, 7.7538933754, 6.88575935364, 10.1948661804, 12.3478746414, 16.2292919159, 12.86348629, 8.43484401703, 10.5313720703, 10.3207302094, 8.0145368576, 7.07448005676, 7.25154972076, 5.54310274124, 3.4752304554, 2.85010433197, 3.86759018898, 4.97725534439, 4.8690495491, 4.03584575653, 1.41988098621, 0.459088474512, 0.11653663218, 0.00984648708254, 0.000271491677267, 7.57723100833e-05],
        "min": [1.12696381143e-21, 7.04863541294e-21, 2.49213685808e-20, 5.48122250244e-20, 1.47306856724e-19, 4.48736383323e-19, 2.43432145691e-19, 2.43676293219e-19, 3.38043047902e-19, 5.66110830703e-19, 1.45344008829e-18, 1.1759203724e-18, 9.15156957565e-19, 2.1307378486e-18, 1.32533224868e-18, 4.67213282102e-18, 4.42372841512e-18, 8.7627584986e-18, 6.9245158505e-18, 4.37087529629e-18, 5.94813170778e-18, 1.00424201411e-17, 1.01960730758e-17, 1.21577120461e-17, 1.75119876311e-17, 1.40022685638e-17, 2.25743213994e-17, 1.39852319519e-17, 1.65533051535e-17, 2.64023544556e-17, 1.64454540365e-17, 1.54375642386e-17, 1.61235947514e-17, 1.43257441598e-17, 6.80371563461e-18, 4.41047656812e-18, 3.41994618935e-18, 1.28481290977e-18, 3.05374118296e-19, 2.98103646614e-20],
        "stdev": [0.801187753677, 5.39223384857, 11.2955961227, 22.2079391479, 13.6029338837, 17.9813346863, 39.6599769592, 56.1921157837, 42.4827423096, 52.798915863, 91.8796920776, 74.4425582886, 72.2221374512, 55.9884605408, 60.0378265381, 51.8986053467, 48.4815711975, 51.3844528198, 74.9045181274, 59.9834899902, 76.1016235352, 35.0724563599, 31.442150116, 29.35131073, 21.587852478, 22.8926639557, 28.3033771515, 17.6477890015, 17.327835083, 18.7887954712, 17.4769134521, 23.0912914276, 30.920425415, 29.1608200073, 14.0551509857, 5.3093957901, 0.987711489201, 0.129462346435, 0.00388980540447, 0.000131155888084],
        "var": [0.6419018507, 29.0761852264, 127.590499878, 493.1925354, 185.039810181, 323.328430176, 1572.91381836, 3157.55371094, 1804.78344727, 2787.72558594, 8441.87792969, 5541.69433594, 5216.03662109, 3134.70776367, 3604.54052734, 2693.46533203, 2350.46264648, 2640.36206055, 5610.68701172, 3598.01928711, 5791.45654297, 1230.07727051, 988.608764648, 861.499389648, 466.035369873, 524.074035645, 801.081176758, 311.444458008, 300.253875732, 353.018829346, 305.442504883, 533.207702637, 956.072692871, 850.35345459, 197.54725647, 28.1896820068, 0.975573956966, 0.0167605001479, 1.51305866893e-05, 1.72018665978e-08]
    },
    "gfcc": {
        "mean": [42.738067627, 59.3828926086, -93.1427001953, 36.4698028564, -58.665725708, 25.4656143188, -47.2718505859, 20.2065258026, -28.5359382629, 8.54115772247, -16.6275863647, 1.27170109749, -4.69366359711],
        "cov": [[3515.86376953, -244.144226074, 157.999557495, 181.865631104, 56.1726837158, 226.449890137, 44.4043731689, 116.181816101, -66.9208145142, 79.8044433594, -143.99937439, 34.2107658386, -95.4008560181], [-244.144226074, 1680.40612793, 75.0881881714, 230.495010376, 361.788208008, -9.77508544922, 225.429016113, -48.4089012146, -20.1030406952, -98.607925415, 63.6326026917, -221.977355957, 63.0325546265], [157.999557495, 75.0881881714, 1156.68725586, 487.747680664, 180.505004883, 322.251342773, 61.8100738525, 4.68794345856, -43.0645446777, -71.5023727417, -92.6178665161, -11.3106613159, -102.379302979], [181.865631104, 230.495010376, 487.747680664, 580.424133301, 203.941253662, 138.497512817, 95.4415969849, -5.24197387695, 0.281942278147, -45.7074356079, -30.0437431335, -22.9408550262, -38.7592735291], [56.1726837158, 361.788208008, 180.505004883, 203.941253662, 386.074310303, 138.731689453, 162.298492432, 46.9924430847, 14.2148361206, 21.3959331512, 37.4899787903, 2.93725466728, 26.889673233], [226.449890137, -9.77508544922, 322.251342773, 138.497512817, 138.731689453, 338.135437012, 135.664337158, 47.7572517395, 8.82576560974, 3.72564101219, -5.43099975586, 0.379889130592, -25.979516983], [44.4043731689, 225.429016113, 61.8100738525, 95.4415969849, 162.298492432, 135.664337158, 249.338119507, 48.9268074036, 29.991437912, 8.48996829987, 18.0317592621, -5.87351799011, -4.91159820557], [116.181816101, -48.4089012146, 4.68794345856, -5.24197387695, 46.9924430847, 47.7572517395, 48.9268074036, 193.037399292, 94.5029830933, 38.3578948975, 28.6442890167, 32.0603370667, 48.0458374023], [-66.9208145142, -20.1030406952, -43.0645446777, 0.281942278147, 14.2148361206, 8.82576560974, 29.991437912, 94.5029830933, 142.606460571, 55.2132034302, 36.0529899597, 32.7621765137, 40.1447486877], [79.8044433594, -98.607925415, -71.5023727417, -45.7074356079, 21.3959331512, 3.72564101219, 8.48996829987, 38.3578948975, 55.2132034302, 123.326301575, 67.3770751953, 41.8677368164, 24.0747451782], [-143.99937439, 63.6326026917, -92.6178665161, -30.0437431335, 37.4899787903, -5.43099975586, 18.0317592621, 28.6442890167, 36.0529899597, 67.3770751953, 160.639373779, 64.4324493408, 52.2219009399], [34.2107658386, -221.977355957, -11.3106613159, -22.9408550262, 2.93725466728, 0.379889130592, -5.87351799011, 32.0603370667, 32.7621765137, 41.8677368164, 64.4324493408, 152.220184326, 44.9954795837], [-95.4008560181, 63.0325546265, -102.379302979, -38.7592735291, 26.889673233, -25.979516983, -4.91159820557, 48.0458374023, 40.1447486877, 24.0747451782, 52.2219009399, 44.9954795837, 140.714111328]],
        "icov": [[0.000406323757488, -0.000186676887097, 0.000223212788114, -0.000283634202788, 0.000209755031392, -0.00043549228576, 0.000236485066125, -0.000619008031208, 0.00077879766468, -0.000918273173738, 0.000889514398295, -0.000649685622193, 0.000355051539373], [-0.000186676887097, 0.00177844497375, -0.000446630030638, 0.000217330161831, -0.00138132635038, 0.00129611813463, -0.00130098569207, 0.00111982924864, -0.00101223576348, 0.0021707015112, -0.00237085716799, 0.00341251934879, -0.00140674377326], [0.000223212788114, -0.000446630030638, 0.00215139682405, -0.0014631531667, 0.000208171433769, -0.00199959124438, 0.00129235698842, -0.000830528209917, 0.000926659035031, -0.000529346929397, 0.00148246297613, -0.00157641561236, 0.00121350656264], [-0.000283634202788, 0.000217330161831, -0.0014631531667, 0.00348591129296, -0.00143311393913, 0.000841078988742, -0.000639539270196, 0.00117252813652, -0.00169011566322, 0.00170671090018, -0.000958347111009, 0.000888398091774, -0.000125780134113], [0.000209755031392, -0.00138132635038, 0.000208171433769, -0.00143311393913, 0.00572968367487, -0.00145630724728, -0.00125512853265, -0.00143108086195, 0.00208600494079, -0.00292072910815, 0.00134598393925, -0.00224944809452, -0.000276919919997], [-0.00043549228576, 0.00129611813463, -0.00199959124438, 0.000841078988742, -0.00145630724728, 0.00664544058964, -0.00341657013632, 0.000469586724648, -0.000859403633513, 0.00147985876538, -0.00226963520981, 0.00275778141804, -0.000920933729503], [0.000236485066125, -0.00130098569207, 0.00129235698842, -0.000639539270196, -0.00125512853265, -0.00341657013632, 0.0079814940691, -0.0015530642122, -0.000164718032465, -0.000818668340798, 0.0014750729315, -0.00232933089137, 0.00230962783098], [-0.000619008031208, 0.00111982924864, -0.000830528209917, 0.00117252813652, -0.00143108086195, 0.000469586724648, -0.0015530642122, 0.00991734862328, -0.00666099507362, 0.00236246851273, -0.00198680511676, 0.00220378185622, -0.00275405147113], [0.00077879766468, -0.00101223576348, 0.000926659035031, -0.00169011566322, 0.00208600494079, -0.000859403633513, -0.000164718032465, -0.00666099507362, 0.0143757872283, -0.00658539729193, 0.00275360490195, -0.00287490896881, -0.000175825785846], [-0.000918273173738, 0.0021707015112, -0.000529346929397, 0.00170671090018, -0.00292072910815, 0.00147985876538, -0.000818668340798, 0.00236246851273, -0.00658539729193, 0.0168269500136, -0.00803794153035, 0.00349655724131, -0.000649007910397], [0.000889514398295, -0.00237085716799, 0.00148246297613, -0.000958347111009, 0.00134598393925, -0.00226963520981, 0.0014750729315, -0.00198680511676, 0.00275360490195, -0.00803794153035, 0.0141762755811, -0.00771622220054, 0.000329232017975], [-0.000649685622193, 0.00341251934879, -0.00157641561236, 0.000888398091774, -0.00224944809452, 0.00275778141804, -0.00232933089137, 0.00220378185622, -0.00287490896881, 0.00349655724131, -0.00771622220054, 0.015483295545, -0.00463150627911], [0.000355051539373, -0.00140674377326, 0.00121350656264, -0.000125780134113, -0.000276919919997, -0.000920933729503, 0.00230962783098, -0.00275405147113, -0.000175825785846, -0.000649007910397, 0.000329232017975, -0.00463150627911, 0.0112496046349]]
    },
    "melbands": {
        "dmean": [0.00295096240006, 0.00277950894088, 0.00136489467695, 0.000520633824635, 0.000441688374849, 0.000387938227504, 0.000201321498025, 0.000154785142513, 0.000131711058202, 0.000153364788275, 0.000102383732155, 7.01147364452e-05, 6.70950757922e-05, 5.53141253476e-05, 3.31369265041e-05, 3.35650947818e-05, 3.73355069314e-05, 4.11194268963e-05, 4.46057747467e-05, 2.58383279288e-05, 2.5908333555e-05, 1.23377130876e-05, 1.14417653094e-05, 1.64530629263e-05, 9.17507804843e-06, 7.45175339034e-06, 7.18734418115e-06, 6.8213985287e-06, 9.03373347683e-06, 5.15374631505e-06, 4.15414888266e-06, 3.87933459933e-06, 4.93991092299e-06, 4.08682490161e-06, 3.69247050003e-06, 4.30316413258e-06, 5.07385584569e-06, 5.79532252232e-06, 5.95344727117e-06, 5.31978412255e-06],
        "dmean2": [0.00468393834308, 0.00450377212837, 0.00224134582095, 0.000891116214916, 0.000697657640558, 0.000573512457777, 0.000315588898957, 0.00024658467737, 0.000204172043595, 0.000218143119127, 0.000150875406689, 0.000107731299067, 0.000104806320451, 8.95756966202e-05, 5.34016107849e-05, 5.19925997651e-05, 6.16114848526e-05, 6.74849725328e-05, 7.14700581739e-05, 4.17809060309e-05, 3.88103289879e-05, 1.93154883164e-05, 1.86322649824e-05, 2.69086176559e-05, 1.51828444359e-05, 1.22787751025e-05, 1.15099246614e-05, 1.10677492557e-05, 1.40164320328e-05, 7.82450661063e-06, 6.38623760096e-06, 6.12244230069e-06, 8.17775253381e-06, 6.57721147945e-06, 5.73094666834e-06, 6.70242070555e-06, 8.17555974209e-06, 8.86157340574e-06, 9.26921802602e-06, 8.03772309155e-06],
        "dvar": [2.07286029763e-05, 2.93086086458e-05, 9.68577387539e-06, 8.75527007338e-07, 6.1096659465e-07, 6.28625002719e-07, 1.6670348657e-07, 1.15338174567e-07, 9.43324849345e-08, 1.07864245535e-07, 6.21881426355e-08, 2.5789445246e-08, 2.60201904467e-08, 3.04696818887e-08, 3.65703449745e-08, 5.83772941098e-09, 6.81970435679e-09, 9.73348246447e-09, 1.17854446202e-08, 3.25048699068e-09, 3.91464682892e-09, 6.97041036002e-10, 4.94259355666e-10, 1.15692755376e-09, 3.00127506181e-10, 2.02948893802e-10, 2.10546635682e-10, 1.89723708965e-10, 2.57286691951e-10, 9.87054049606e-11, 7.72106337199e-11, 6.13106163061e-11, 1.12060978552e-10, 7.69514521548e-11, 4.97134590438e-11, 9.38006478046e-11, 1.27565111252e-10, 1.83401446807e-10, 2.98323837855e-10, 2.22813420492e-10],
        "dvar2": [5.00102069054e-05, 6.58115459373e-05, 2.05471078516e-05, 2.37275298787e-06, 1.26900965824e-06, 1.21520292851e-06, 3.51491479478e-07, 2.70588458307e-07, 2.16505128492e-07, 2.11262474181e-07, 1.25574231902e-07, 5.45155387499e-08, 5.45446710021e-08, 7.41939842896e-08, 9.85640653539e-08, 1.35117463884e-08, 1.60771520541e-08, 2.38227890748e-08, 2.91640240846e-08, 7.47532347134e-09, 7.86909559736e-09, 1.52114199015e-09, 1.24390264755e-09, 2.38249175943e-09, 8.50458481416e-10, 4.74167316522e-10, 5.2420351393e-10, 4.82939854773e-10, 5.47950462781e-10, 2.28819310721e-10, 1.73669731374e-10, 1.37979072612e-10, 2.81516226996e-10, 1.81350129358e-10, 1.07222980494e-10, 2.19566947957e-10, 2.71768524351e-10, 3.61320084963e-10, 6.70792921209e-10, 4.63823229824e-10],
        "max": [0.0374106019735, 0.0348498821259, 0.0288789570332, 0.00957573298365, 0.0124413948506, 0.0101486872882, 0.00629899976775, 0.00412733480334, 0.00829012133181, 0.00747265294194, 0.00566898938268, 0.00260044680908, 0.00271939649247, 0.0040607759729, 0.00517568737268, 0.00146771979053, 0.00107651681174, 0.00144537759479, 0.00167438748758, 0.00102822622284, 0.00132009934168, 0.00058118859306, 0.000275773229077, 0.000556597427931, 0.000262854853645, 0.000265487004071, 0.000183432232006, 0.000182384406799, 0.000288448907668, 0.000207315693842, 0.000202515453566, 0.000122365134303, 0.000133014909807, 0.000128225030494, 0.000113176953164, 0.000178916801815, 0.000180805596756, 0.000264032860287, 0.00031831904198, 0.000244030437898],
        "mean": [0.00517762685195, 0.00374797987752, 0.00180354085751, 0.000775774882641, 0.000722419295926, 0.000670760811772, 0.000324799562804, 0.000265704351477, 0.000263403053395, 0.000261916487943, 0.000170727114892, 0.000105700237327, 0.000103872444015, 7.18986193533e-05, 4.17759401898e-05, 4.803155025e-05, 4.65100965812e-05, 5.24528659298e-05, 5.80900159548e-05, 3.70553498215e-05, 4.16927323386e-05, 1.91844519577e-05, 1.56912719831e-05, 2.47004554694e-05, 1.49844327098e-05, 1.09846714622e-05, 9.8309974419e-06, 9.32574494072e-06, 1.36005710374e-05, 7.65560253058e-06, 5.82033362662e-06, 5.20915182278e-06, 5.78990830036e-06, 5.35417802894e-06, 5.37629102837e-06, 6.39905238131e-06, 7.99431927589e-06, 9.65015897236e-06, 1.00610250229e-05, 9.34727449931e-06],
        "median": [0.00307976664044, 0.00191482214723, 0.000803961185738, 0.000454436376458, 0.000353723065928, 0.00018281667144, 9.54694696702e-05, 7.05228449078e-05, 3.84691629733e-05, 6.15017052041e-05, 4.12770023104e-05, 2.97781989502e-05, 2.83739645965e-05, 2.03108520509e-05, 1.19521928355e-05, 1.71820411197e-05, 1.6488993424e-05, 1.50303285409e-05, 2.12722789001e-05, 1.58932034537e-05, 1.2921898815e-05, 7.89358273323e-06, 5.98715860178e-06, 1.07872901935e-05, 7.22964387023e-06, 6.19699630988e-06, 4.35187257608e-06, 3.91637695429e-06, 4.3857203309e-06, 3.54675125891e-06, 2.62908270088e-06, 1.76434707555e-06, 1.63792537933e-06, 1.46229263009e-06, 2.02400337912e-06, 2.54402152677e-06, 3.04763102577e-06, 3.04465788759e-06, 3.54351800524e-06, 3.18605839311e-06],
        "min": [1.22306959009e-23, 1.1501059517e-23, 1.16372831736e-23, 2.27170957004e-23, 1.02090986252e-23, 5.34689882116e-24, 5.22765776217e-24, 6.88139854817e-24, 1.20056141631e-23, 7.09917701169e-24, 4.35225211033e-24, 8.65184144434e-24, 3.03028590789e-24, 1.17041273024e-23, 1.15775009276e-23, 1.00403786325e-23, 1.8076294837e-23, 1.38927019771e-23, 5.44213563166e-24, 5.08472484361e-24, 7.42268098032e-24, 9.73487568087e-24, 1.05146930847e-23, 7.42589322192e-24, 9.90147206e-24, 1.19803051387e-23, 1.06367314444e-23, 8.94190244375e-24, 1.51092674879e-23, 9.55903858509e-24, 7.90615647419e-24, 8.03684232719e-24, 1.45465051621e-23, 1.34864954088e-23, 8.90816128511e-24, 8.97433330442e-24, 1.04542410958e-23, 1.19625439354e-23, 1.10647066293e-23, 1.27421901564e-23],
        "stdev": [0.00633025309071, 0.0057912687771, 0.00325725274161, 0.000974618305918, 0.00117633398622, 0.00117841805331, 0.000645442400128, 0.000515531050041, 0.000693184032571, 0.000519104418345, 0.000370253721485, 0.000234810373513, 0.000250522774877, 0.000208499390283, 0.000169363702298, 9.31865433813e-05, 9.27100118133e-05, 0.000118920193927, 0.000117451803817, 6.93890979164e-05, 9.94260917651e-05, 4.43388344138e-05, 2.76122591458e-05, 4.68197940791e-05, 2.3733744456e-05, 1.72804193426e-05, 1.63001295732e-05, 1.56064506882e-05, 2.46543149842e-05, 1.18630314319e-05, 1.01646173789e-05, 9.5086697911e-06, 1.13000196507e-05, 1.03812253656e-05, 9.39872825256e-06, 1.19743790492e-05, 1.60264935403e-05, 2.29130910157e-05, 2.49768781941e-05, 2.51408018812e-05],
        "var": [4.00721037295e-05, 3.3538795833e-05, 1.06096958916e-05, 9.49880870849e-07, 1.38376162795e-06, 1.38866903399e-06, 4.16595867136e-07, 2.65772285957e-07, 4.80504127154e-07, 2.69469410341e-07, 1.37087809549e-07, 5.51359136125e-08, 6.27616572046e-08, 4.34719957809e-08, 2.86840613484e-08, 8.68373195573e-09, 8.59514592833e-09, 1.41420120059e-08, 1.37949269785e-08, 4.81484718762e-09, 9.88554749171e-09, 1.96593208379e-09, 7.62436891399e-10, 2.19209317365e-09, 5.63290636357e-10, 2.98612912175e-10, 2.65694216628e-10, 2.43561310009e-10, 6.07835282107e-10, 1.40731509779e-10, 1.03319450218e-10, 9.04148075853e-11, 1.27690441554e-10, 1.07769848601e-10, 8.83360953829e-11, 1.4338574772e-10, 2.56848486924e-10, 5.25009702379e-10, 6.23844476078e-10, 6.32059904415e-10]
    },
    "melbands128": {
