{
"lowlevel": {
    "average_loudness": 0.981895387173,
    "barkbands_crest": {
        "dmean": 3.02243232727,
        "dmean2": 4.36620140076,
        "dvar": 8.97777748108,
        "dvar2": 19.8487491608,
        "max": 25.6954879761,
        "mean": 13.5123186111,
        "median": 12.7360239029,
        "min": 3.41443324089,
        "stdev": 5.23072814941,
        "var": 27.3605194092
    },
    "barkbands_flatness_db": {
        "dmean": 0.0464412868023,
        "dmean2": 0.0592612549663,
        "dvar": 0.00229261978529,
        "dvar2": 0.00385322328657,
        "max": 0.531545817852,
        "mean": 0.2060457021,
        "median": 0.181234493852,
        "min": 0.0335682481527,
        "stdev": 0.0985619723797,
        "var": 0.00971446279436
    },
    "barkbands_kurtosis": {
        "dmean": 34.1521949768,
        "dmean2": 50.0759963989,
        "dvar": 6883.64697266,
        "dvar2": 15901.3662109,
        "max": 973.708435059,
        "mean": 39.6204566956,
        "median": 8.49207019806,
        "min": -1.90956234932,
        "stdev": 89.535697937,
        "var": 8016.64111328
    },
    "barkbands_skewness": {
        "dmean": 1.75332939625,
        "dmean2": 2.46630883217,
        "dvar": 6.56692647934,
        "dvar2": 13.6788902283,
        "max": 23.3928661346,
        "mean": 3.83138585091,
        "median": 2.59088492393,
        "min": -2.79054808617,
        "stdev": 3.60003852844,
        "var": 12.9602775574
    },
    "barkbands_spread": {
        "dmean": 11.151673317,
        "dmean2": 18.348274231,
        "dvar": 361.366027832,
        "dvar2": 941.147827148,
        "max": 112.829269409,
        "mean": 16.6383419037,
        "median": 10.566614151,
        "min": 0.193319857121,
        "stdev": 19.2608509064,
        "var": 370.980407715
    },
    "dissonance": {
        "dmean": 0.0250875446945,
        "dmean2": 0.0412939824164,
        "dvar": 0.000562920118682,
        "dvar2": 0.00137347029522,
        "max": 0.499015748501,
        "mean": 0.447500735521,
        "median": 0.453624159098,
        "min": 0.263593673706,
        "stdev": 0.0338013097644,
        "var": 0.00114252860658
    },
    "dynamic_complexity": 2.02552032471,
    "erbbands_crest": {
        "dmean": 3.03383231163,
        "dmean2": 4.80049991608,
        "dvar": 7.60531759262,
        "dvar2": 17.3236579895,
        "max": 24.138874054,
        "mean": 9.18974494934,
        "median": 8.3714799881,
        "min": 2.30384516716,
        "stdev": 3.9224190712,
        "var": 15.3853712082
    },
    "erbbands_flatness_db": {
        "dmean": 0.0241088550538,
        "dmean2": 0.0338568016887,
        "dvar": 0.000614736636635,
        "dvar2": 0.00113628862891,
        "max": 0.350534170866,
        "mean": 0.136761069298,
        "median": 0.136302858591,
        "min": 0.0435107722878,
        "stdev": 0.0409198738635,
        "var": 0.00167443603277
    },
    "erbbands_kurtosis": {
        "dmean": 1.36162030697,
        "dmean2": 2.19724440575,
        "dvar": 3.11360430717,
        "dvar2": 7.34811782837,
        "max": 16.7505950928,
        "mean": 0.693540811539,
        "median": -0.0461449623108,
        "min": -1.87506520748,
        "stdev": 2.298402071,
        "var": 5.28265190125
    },
    "erbbands_skewness": {
        "dmean": 0.587623894215,
        "dmean2": 0.909279823303,
        "dvar": 0.375167906284,
        "dvar2": 0.931619822979,
        "max": 3.51059603691,
        "mean": 0.596082925797,
        "median": 0.642614245415,
        "min": -2.92833709717,
        "stdev": 0.842475712299,
        "var": 0.709765315056
    },
    "erbbands_spread": {
        "dmean": 17.1071243286,
        "dmean2": 25.4713611603,
        "dvar": 502.100585938,
        "dvar2": 1018.55859375,
        "max": 214.68762207,
        "mean": 50.7892723083,
        "median": 41.4997215271,
        "min": 5.51425647736,
        "stdev": 31.4071483612,
        "var": 986.408935547
    },
    "hfc": {
        "dmean": 28.6943569183,
        "dmean2": 49.3311386108,
        "dvar": 4673.60546875,
        "dvar2": 12826.5175781,
        "max": 417.61831665,
        "mean": 33.765586853,
        "median": 18.9317646027,
        "min": 1.12038384657e-16,
        "stdev": 57.5286750793,
        "var": 3309.54833984
    },
    "loudness_ebu128": {
        "integrated": -9.51387214661,
        "loudness_range": 1.00960350037,
        "momentary": {
            "dmean": 0.874843776226,
            "dmean2": 1.33247840405,
            "dvar": 0.663377940655,
            "dvar2": 1.50240921974,
            "max": -7.65182065964,
            "mean": -9.70187950134,
            "median": -9.4488735199,
            "min": -19.6377239227,
            "stdev": 1.39912509918,
            "var": 1.95755112171
        },
        "short_term": {
            "dmean": 0.0862749963999,
            "dmean2": 0.131421267986,
            "dvar": 0.00388162699528,
            "dvar2": 0.00712090684101,
            "max": -8.87268924713,
            "mean": -9.53451538086,
            "median": -9.52467536926,
            "min": -10.5549507141,
            "stdev": 0.347612291574,
            "var": 0.120834305882
        }
    },
    "melbands_crest": {
        "dmean": 3.89601874352,
        "dmean2": 5.60696935654,
        "dvar": 19.5693016052,
        "dvar2": 31.8181190491,
        "max": 38.4316978455,
        "mean": 22.1190853119,
        "median": 19.6170043945,
        "min": 1.8439822197,
        "stdev": 9.5820016861,
        "var": 91.8147583008
    },
    "melbands_flatness_db": {
        "dmean": 0.0555811412632,
        "dmean2": 0.071144618094,
        "dvar": 0.00343045615591,
        "dvar2": 0.00637211278081,
        "max": 0.657539308071,
        "mean": 0.299165606499,
        "median": 0.28219923377,
        "min": 0.00434372387826,
        "stdev": 0.121005319059,
        "var": 0.014642287977
    },
    "melbands_kurtosis": {
        "dmean": 72.0165863037,
        "dmean2": 99.1928405762,
        "dvar": 27125.4882812,
        "dvar2": 50943.2265625,
        "max": 1985.74182129,
        "mean": 95.8275604248,
        "median": 20.6886138916,
        "min": -1.75394272804,
        "stdev": 207.642120361,
        "var": 43115.25
    },
    "melbands_skewness": {
        "dmean": 2.14862346649,
        "dmean2": 2.80404067039,
        "dvar": 9.38438510895,
        "dvar2": 14.9102516174,
        "max": 33.6873626709,
        "mean": 5.72570610046,
        "median": 3.78756594658,
        "min": -0.589043498039,
        "stdev": 5.16619539261,
        "var": 26.689573288
    },
    "melbands_spread": {
        "dmean": 10.0322170258,
        "dmean2": 16.969291687,
        "dvar": 520.314331055,
        "dvar2": 1370.9576416,
        "max": 217.567276001,
        "mean": 13.989815712,
        "median": 8.27180290222,
        "min": 0.148259878159,
        "stdev": 21.5413150787,
        "var": 464.028289795
    },
    "pitch_salience": {
        "dmean": 0.0939721241593,
        "dmean2": 0.136746317148,
        "dvar": 0.0106633510441,
        "dvar2": 0.019364932552,
        "max": 0.892826974392,
        "mean": 0.4187707901,
        "median": 0.442338764668,
        "min": 0.031464651227,
        "stdev": 0.19717232883,
        "var": 0.0388769246638
    },
    "silence_rate_20dB": {
        "dmean": 0.0944272428751,
        "dmean2": 0.18900077045,
        "dvar": 0.0855112969875,
        "dvar2": 0.185811847448,
        "max": 1,
        "mean": 0.919566869736,
        "median": 1,
        "min": 0,
        "stdev": 0.271963000298,
        "var": 0.0739638656378
    },
    "silence_rate_30dB": {
        "dmean": 0.131578952074,
        "dmean2": 0.263361722231,
        "dvar": 0.114266335964,
        "dvar2": 0.21104554832,
        "max": 1,
        "mean": 0.697602450848,
        "median": 1,
        "min": 0,
        "stdev": 0.459296882153,
        "var": 0.210953637958
    },
    "silence_rate_60dB": {
        "dmean": 0.00851393211633,
        "dmean2": 0.0162664595991,
        "dvar": 0.0084414370358,
        "dvar2": 0.0191004369408,
        "max": 1,
        "mean": 0.0131477182731,
        "median": 0,
        "min": 0,
        "stdev": 0.113907963037,
        "var": 0.0129750240594
    },
    "spectral_centroid": {
        "dmean": 435.394989014,
        "dmean2": 702.618896484,
        "dvar": 465442.34375,
        "dvar2": 1132329.625,
        "max": 11100.6865234,
        "mean": 1023.66113281,
        "median": 838.068603516,
        "min": 126.276329041,
        "stdev": 757.09552002,
        "var": 573193.625
    },
    "spectral_complexity": {
        "dmean": 4.4791021347,
        "dmean2": 6.7900853157,
        "dvar": 40.2960205078,
        "dvar2": 82.9758148193,
        "max": 58,
        "mean": 14.586233139,
        "median": 13,
        "min": 0,
        "stdev": 8.68444538116,
        "var": 75.419593811
    },
    "spectral_decrease": {
        "dmean": 1.04984136939e-08,
        "dmean2": 1.28624444429e-08,
        "dvar": 2.84663447845e-16,
        "dvar2": 3.77265113045e-16,
        "max": -3.24227989003e-29,
        "mean": -2.68528950187e-08,
        "median": -1.62491957667e-08,
        "min": -1.12867255098e-07,
        "stdev": 2.92440098804e-08,
        "var": 8.55212109151e-16
    },
    "spectral_energy": {
        "dmean": 0.0409340597689,
        "dmean2": 0.0501456186175,
        "dvar": 0.00394921237603,
        "dvar2": 0.00512597803026,
        "max": 0.427874833345,
        "mean": 0.104411587119,
        "median": 0.0641973316669,
        "min": 1.02845813173e-20,
        "stdev": 0.110521197319,
        "var": 0.0122149344534
    },
    "spectral_energyband_high": {
        "dmean": 0.00294403941371,
        "dmean2": 0.00522427167743,
        "dvar": 5.64785732422e-05,
        "dvar2": 0.00015501328744,
        "max": 0.0444327704608,
        "mean": 0.00220067659393,
        "median": 0.000298677710816,
        "min": 7.36112793093e-21,
        "stdev": 0.00611012289301,
        "var": 3.73336042685e-05
    },
    "spectral_energyband_low": {
        "dmean": 0.0375791937113,
        "dmean2": 0.0447524674237,
        "dvar": 0.00444447714835,
        "dvar2": 0.00591043336317,
        "max": 0.425066947937,
        "mean": 0.0851477906108,
        "median": 0.0427567698061,
        "min": 5.29042182348e-23,
        "stdev": 0.113415881991,
        "var": 0.0128631619737
    },
    "spectral_energyband_middle_high": {
        "dmean": 0.00173579505645,
        "dmean2": 0.00271850521676,
        "dvar": 1.0137825484e-05,
        "dvar2": 2.4863093131e-05,
        "max": 0.035539008677,
        "mean": 0.00312052783556,
        "median": 0.00169414991979,
        "min": 1.81018500807e-21,
        "stdev": 0.00404964154586,
        "var": 1.63995973708e-05
    },
    "spectral_energyband_middle_low": {
        "dmean": 0.0063902665861,
        "dmean2": 0.010226579383,
        "dvar": 0.000100343459053,
        "dvar2": 0.00025467510568,
        "max": 0.118251755834,
        "mean": 0.0142958080396,
        "median": 0.0122120352462,
        "min": 2.68995257793e-22,
        "stdev": 0.0122420471162,
        "var": 0.000149867715663
    },
    "spectral_entropy": {
        "dmean": 0.368797361851,
        "dmean2": 0.536459624767,
        "dvar": 0.158280313015,
        "dvar2": 0.327170372009,
        "max": 9.81542778015,
        "mean": 7.38095474243,
        "median": 7.33563280106,
        "min": 5.54803466797,
        "stdev": 0.595827877522,
        "var": 0.355010837317
    },
    "spectral_flux": {
        "dmean": 0.0681628510356,
        "dmean2": 0.103726916015,
        "dvar": 0.00668808678165,
        "dvar2": 0.013277195394,
        "max": 0.577787220478,
        "mean": 0.137770518661,
        "median": 0.111405059695,
        "min": 1.01412926667e-10,
        "stdev": 0.10542665422,
        "var": 0.0111147798598
    },
    "spectral_kurtosis": {
        "dmean": 2.60406517982,
        "dmean2": 3.75891089439,
        "dvar": 13.6845474243,
        "dvar2": 29.8535652161,
        "max": 60.2696304321,
        "mean": 5.29079532623,
        "median": 4.48685979843,
        "min": -1.51281619072,
        "stdev": 5.25648069382,
        "var": 27.6305885315
    },
    "spectral_rms": {
        "dmean": 0.00182372517884,
        "dmean2": 0.00222874479368,
        "dvar": 5.69555777474e-06,
        "dvar2": 7.0749833867e-06,
        "max": 0.0204313211143,
        "mean": 0.00886608008295,
        "median": 0.00791400950402,
        "min": 3.16760766922e-12,
        "stdev": 0.00482263276353,
        "var": 2.32577876886e-05
    },
    "spectral_rolloff": {
        "dmean": 1076.27856445,
        "dmean2": 1958.58825684,
        "dvar": 6097206.5,
        "dvar2": 15531388,
        "max": 18776.953125,
        "mean": 1091.15368652,
        "median": 409.130859375,
        "min": 43.06640625,
        "stdev": 2234.29980469,
        "var": 4992096
    },
    "spectral_skewness": {
        "dmean": 0.408604770899,
        "dmean2": 0.574597477913,
        "dvar": 0.209102720022,
        "dvar2": 0.44194984436,
        "max": 5.51795339584,
        "mean": 1.78288590908,
        "median": 1.74760425091,
        "min": 0.00131877185777,
        "stdev": 0.712130606174,
        "var": 0.507129967213
    },
    "spectral_spread": {
        "dmean": 1589998.5,
        "dmean2": 2147390.25,
        "dvar": 4.5723984855e+12,
        "dvar2": 7.42416134963e+12,
        "max": 41288268,
        "mean": 6018561.5,
        "median": 5086977,
        "min": 1089773.75,
        "stdev": 3047857.75,
        "var": 9.28943754445e+12
    },
    "spectral_strongpeak": {
        "dmean": 0.330394506454,
        "dmean2": 0.53499019146,
        "dvar": 0.300122022629,
        "dvar2": 0.78457570076,
        "max": 8.55817508698,
        "mean": 0.696450591087,
        "median": 0.42366540432,
        "min": 0,
        "stdev": 0.646469950676,
        "var": 0.417923390865
    },
    "zerocrossingrate": {
        "dmean": 0.0186812933534,
        "dmean2": 0.0239363722503,
        "dvar": 0.000779700989369,
        "dvar2": 0.00113538478035,
        "max": 0.48876953125,
        "mean": 0.0448195375502,
        "median": 0.0322265625,
        "min": 0.00146484375,
        "stdev": 0.0444552972913,
        "var": 0.00197627348825
    },
    "barkbands": {
        "dmean": [0.00683951750398, 0.0343067646027, 0.00453310320154, 0.00174496287946, 0.00324796885252, 0.000922069011722, 0.00160158949438, 0.00120814843103, 0.000462956842966, 0.000324249762343, 0.000298290833598, 0.000264144706307, 0.000202302020625, 0.000246240291744, 0.000167414240423, 0.000169219172676, 0.000261660519755, 0.000276244565612, 0.000163364209584, 0.000171880819835, 0.000411809771322, 0.000219308989472, 0.00059915339807, 0.000760485592764, 0.000465428543976, 0.000465731078293, 2.76399387076e-05],
        "dmean2": [0.00724612688646, 0.0417125932872, 0.0080599412322, 0.00306586688384, 0.00535937352106, 0.00146902934648, 0.00236006663181, 0.00178898975719, 0.000685394159518, 0.000496034161188, 0.000455513043562, 0.000419317249907, 0.000348645931808, 0.000408950640121, 0.000256097700913, 0.000276809936622, 0.000428108352935, 0.000445438665338, 0.000259698805166, 0.000269355456112, 0.000746478268411, 0.000376788375434, 0.00106366269756, 0.00138330541085, 0.000815998122562, 0.000833127473015, 4.83061958221e-05],
        "dvar": [0.000128712024889, 0.00427681067958, 0.000119356154755, 1.7606836991e-05, 4.78220281366e-05, 3.19646414937e-06, 8.01457099442e-06, 7.11236179995e-06, 8.12795008187e-07, 3.35459844791e-07, 4.41609358859e-07, 3.53210111825e-07, 3.7599070879e-07, 3.40971638479e-07, 1.22199196539e-07, 1.2635763369e-07, 3.62035848411e-07, 2.80364815808e-07, 1.50632743612e-07, 1.781792065e-07, 1.15383159027e-06, 2.61998280848e-07, 2.66675874627e-06, 3.94555718231e-06, 1.51920676217e-06, 1.92777133634e-06, 5.16075360224e-09],
        "dvar2": [0.000126725906739, 0.00666206423193, 0.000326835521264, 4.97256987728e-05, 0.000123983874801, 7.59091608415e-06, 1.67627167684e-05, 1.42296294143e-05, 1.31270371639e-06, 7.60175453252e-07, 7.72318742293e-07, 7.86877023984e-07, 1.06007939848e-06, 9.28996712446e-07, 2.60863686208e-07, 3.20032796708e-07, 8.88037789082e-07, 7.02578631717e-07, 3.56402608759e-07, 4.39810690978e-07, 3.23596646012e-06, 7.03661214629e-07, 7.24672690922e-06, 1.10614819278e-05, 4.19329762735e-06, 5.33097136213e-06, 1.37784850196e-08],
        "max": [0.105586156249, 0.379422336817, 0.115540891886, 0.0406890287995, 0.0839998349547, 0.0223584007472, 0.0343299582601, 0.040257986635, 0.0172700937837, 0.00745136477053, 0.0189593601972, 0.0100654959679, 0.00696347421035, 0.00502437679097, 0.00412350241095, 0.00325563899241, 0.00682021817192, 0.00497830240056, 0.00507238460705, 0.00393858505413, 0.00602215062827, 0.00318978657015, 0.0098050525412, 0.0111209973693, 0.00805425457656, 0.00973301380873, 0.000722562253941],
        "mean": [0.0136515507475, 0.0649520605803, 0.00632594898343, 0.00210385932587, 0.0051205069758, 0.00141390622593, 0.00272014620714, 0.00185002456419, 0.00084707402857, 0.00048077153042, 0.000437464244897, 0.000383769802283, 0.000205084434128, 0.000256810017163, 0.000238600856392, 0.000200773909455, 0.000321276951581, 0.000360884208931, 0.000213639184949, 0.000230974634178, 0.000289667426841, 0.00017184393073, 0.000417594186729, 0.000518542306963, 0.000356691220077, 0.00032269168878, 1.95336597244e-05],
        "median": [0.00177389127202, 0.0244467556477, 0.000708433217369, 0.00105861923657, 0.0028585260734, 0.000536130566616, 0.000887103378773, 0.000437593145762, 0.000220985690248, 0.000228938239161, 0.000173254535184, 0.000107044026663, 4.88759396831e-05, 6.75392293488e-05, 4.26887381764e-05, 5.18149572599e-05, 6.75812698319e-05, 8.47773480928e-05, 5.47966192244e-05, 6.64024846628e-05, 3.6102028389e-05, 2.25987550948e-05, 3.06733272737e-05, 4.22414159402e-05, 3.91264293285e-05, 2.74904305115e-05, 1.69196857769e-06],
        "min": [1.49651583777e-23, 1.20679515296e-23, 1.85793593248e-23, 1.89694541979e-23, 6.03581144412e-23, 6.08627960939e-23, 5.13002178899e-23, 1.89014906755e-23, 5.59048747243e-23, 5.57639526122e-23, 3.82459646146e-23, 9.55340848481e-23, 1.1047537545e-22, 2.08923537726e-22, 1.2775864893e-22, 2.44127004669e-22, 1.57945175085e-22, 3.82403037487e-22, 2.4963590436e-22, 2.41133245979e-22, 4.62268047595e-22, 4.28910717119e-22, 5.69102129459e-22, 8.6846381156e-22, 1.18939797428e-21, 1.2579585445e-21, 2.75632574415e-21],
        "stdev": [0.0208029523492, 0.0995019003749, 0.0114057287574, 0.00361816887744, 0.00732650002465, 0.0022937245667, 0.00418590195477, 0.00361957796849, 0.0017804580275, 0.000777307141107, 0.000934098789003, 0.000830838340335, 0.000523737806361, 0.000566910079215, 0.000501171045471, 0.000381550082238, 0.000715957954526, 0.000640692305751, 0.000446737045422, 0.000485839467729, 0.00084698345745, 0.000435358932009, 0.00132694479544, 0.00156525231432, 0.0010153678013, 0.00110613543075, 6.02033360337e-05],
        "var": [0.000432762812125, 0.00990062765777, 0.000130090658786, 1.30911457745e-05, 5.36776024092e-05, 5.26117219124e-06, 1.75217755896e-05, 1.31013448481e-05, 3.17003082273e-06, 6.04206434218e-07, 8.72540567798e-07, 6.90292381478e-07, 2.74301271475e-07, 3.21387062741e-07, 2.51172394883e-07, 1.45580472122e-07, 5.12595818236e-07, 4.10486649116e-07, 1.99573975124e-07, 2.36039994661e-07, 7.17380942206e-07, 1.89537402662e-07, 1.76078242475e-06, 2.45001479016e-06, 1.03097170268e-06, 1.22353549159e-06, 3.62444185775e-09]
    },
    "erbbands": {
        "dmean": [1.84599864483, 5.75709915161, 5.89456319809, 5.18178892136, 8.61962604523, 12.8446550369, 6.70745134354, 8.3309135437, 18.9439163208, 29.3238048553, 18.1150169373, 11.1694393158, 10.2362165451, 10.004899025, 8.95088195801, 12.2430028915, 9.0910243988, 11.4638719559, 9.48983001709, 7.91665077209, 9.87222576141, 13.2065849304, 16.1465549469, 10.0968122482, 7.48696470261, 8.39385890961, 7.14244651794, 21.2935180664, 8.13357543945, 13.253162384, 19.3509101868, 22.8653202057, 7.61597156525, 4.96397018433, 3.4677503109, 2.05650162697, 0.845329344273, 0.140450254083, 0.00376590993255, 0.000134725065436],
        "dmean2": [2.14726567268, 7.80861949921, 10.4276323318, 9.21130275726, 14.6803045273, 21.1919269562, 10.7390069962, 12.9847335815, 28.3059406281, 43.8735313416, 27.040063858, 15.8246984482, 15.076215744, 15.2676553726, 14.2695417404, 19.4189929962, 15.4223051071, 18.9866161346, 15.4381093979, 12.2689371109, 15.7324972153, 21.9139690399, 26.3216438293, 15.9573354721, 11.6489057541, 13.3267402649, 11.7573738098, 39.3217506409, 14.1045923233, 23.5810947418, 34.4289474487, 42.1208992004, 13.4462280273, 8.65669345856, 6.1365032196, 3.68503260612, 1.50811493397, 0.250984966755, 0.0066800438799, 0.00021550366364],
        "dvar": [11.4444952011, 146.10144043, 206.258758545, 117.218170166, 445.701385498, 694.843444824, 154.087417603, 286.932556152, 965.708374023, 3072.64526367, 1814.23571777, 476.290161133, 305.657867432, 522.175354004, 289.771881104, 764.630004883, 652.135437012, 737.374145508, 455.081176758, 255.193878174, 427.244140625, 983.012207031, 1046.48864746, 521.363464355, 273.170318604, 457.995544434, 253.050231934, 3580.42260742, 380.752868652, 1132.2677002, 2957.23999023, 4007.35717773, 345.217132568, 163.584457397, 92.2723693848, 36.7025146484, 6.38108062744, 0.150846987963, 0.000106535910163, 8.8748791427e-08],
        "dvar2": [14.9017915726, 330.427581787, 573.13659668, 323.007568359, 1191.82922363, 1784.66638184, 361.090301514, 677.633422852, 2027.90795898, 6035.89697266, 4113.04394531, 732.132507324, 651.378845215, 891.458557129, 726.124145508, 1771.95703125, 1793.3026123, 1993.07189941, 1196.98535156, 572.446899414, 1081.55273438, 2519.91210938, 2661.02026367, 1165.44470215, 631.993408203, 1137.56445312, 642.333007812, 10147.4628906, 1024.36633301, 3119.45385742, 8061.86523438, 11244.3818359, 948.218505859, 448.789306641, 255.967544556, 101.78704834, 17.6113681793, 0.41158208251, 0.000287426984869, 2.38984398493e-07],
        "max": [21.9478530884, 79.1883468628, 108.995239258, 101.285148621, 284.399536133, 280.268859863, 200.364181519, 269.347869873, 363.691131592, 671.032409668, 930.452270508, 503.225891113, 253.634094238, 688.499694824, 249.200836182, 506.144165039, 276.484954834, 245.433807373, 192.158004761, 151.998214722, 213.694137573, 269.568786621, 325.894592285, 312.917999268, 183.511001587, 230.622756958, 154.307800293, 354.807281494, 113.749725342, 204.050857544, 336.15447998, 349.64642334, 117.435203552, 101.147758484, 64.163482666, 39.5324287415, 19.3926105499, 3.01717877388, 0.0911069884896, 0.00228744721971],
        "mean": [3.57766628265, 7.79207515717, 7.89383935928, 6.89820861816, 11.8561534882, 19.8190174103, 10.9334630966, 13.5315008163, 34.0888061523, 47.8194961548, 28.5316028595, 21.2267036438, 17.0388088226, 15.9370660782, 13.1145648956, 18.0678844452, 10.2122802734, 12.4395227432, 11.7491388321, 11.8342552185, 13.4611883163, 15.9182043076, 20.0766830444, 14.6101512909, 10.4757471085, 11.1655406952, 7.45628643036, 13.5901069641, 6.2300195694, 9.44198608398, 13.2329311371, 14.5632143021, 5.99159288406, 3.90955543518, 2.57118582726, 1.44352293015, 0.585225760937, 0.0965750291944, 0.00267308298498, 0.00018910630024],
        "median": [1.09679710865, 3.03532171249, 1.58284080029, 2.8837697506, 6.61336231232, 9.18117618561, 4.89467573166, 5.30981349945, 11.9568843842, 14.3397474289, 9.91321277618, 6.70006942749, 8.23728656769, 6.59831476212, 6.1635093689, 4.97541856766, 3.12044525146, 3.62934613228, 2.82182407379, 2.95553040504, 4.07182073593, 3.96803426743, 4.86790847778, 3.76992797852, 3.181599617, 3.18259882927, 1.81218159199, 1.02142846584, 0.783697128296, 0.887697935104, 0.909295558929, 0.726991653442, 0.766893148422, 0.43855625391, 0.263689517975, 0.118458494544, 0.0513582602143, 0.0095212366432, 0.000290865573334, 9.04852786334e-05],
        "min": [4.58367717331e-22, 2.6896682346e-21, 2.10914464121e-20, 4.56653425901e-20, 7.04122891528e-20, 2.85500535393e-19, 3.59823514762e-19, 5.04285542263e-19, 7.58473284814e-19, 7.552867783e-19, 4.50778795653e-19, 1.26470797479e-18, 1.10942166859e-18, 1.58950282046e-18, 2.5223625805e-18, 4.10062587759e-18, 4.19624630204e-18, 7.63647764835e-18, 1.03098616952e-17, 1.03165213263e-17, 1.11770488981e-17, 1.19929252604e-17, 1.83948623143e-17, 1.71498860092e-17, 8.46396018183e-18, 1.30512135187e-17, 1.23210785627e-17, 2.16446630351e-17, 1.47203242013e-17, 1.28547473698e-17, 1.86552058316e-17, 1.58773629354e-17, 1.58517600411e-17, 1.13125394281e-17, 9.06268757126e-18, 5.39305546645e-18, 2.46229975545e-18, 1.1246019838e-18, 3.88342298289e-19, 4.08282682489e-20],
        "stdev": [5.50036287308, 13.8534727097, 13.4680423737, 10.3408193588, 19.7410850525, 30.7421913147, 17.2410354614, 22.4430103302, 49.1252479553, 78.3322143555, 52.2250976562, 45.4953994751, 25.5164279938, 35.6205596924, 21.3226032257, 37.907371521, 23.2177619934, 25.8347702026, 22.3542728424, 22.3510437012, 24.5093307495, 34.3770027161, 37.4655647278, 28.3206939697, 19.9448661804, 24.3577156067, 15.5662641525, 45.8554649353, 16.4085216522, 27.1701774597, 43.9227409363, 49.1659164429, 15.5067853928, 10.7682571411, 7.75067138672, 4.82374954224, 2.01718783379, 0.314467340708, 0.00848091579974, 0.000266126793576],
        "var": [30.253993988, 191.918716431, 181.388153076, 106.932548523, 389.710449219, 945.082336426, 297.253295898, 503.688720703, 2413.29003906, 6135.93603516, 2727.4609375, 2069.83154297, 651.08807373, 1268.82421875, 454.653411865, 1436.96875, 539.064453125, 667.435302734, 499.713500977, 499.569122314, 600.707336426, 1181.77832031, 1403.66845703, 802.061706543, 397.797698975, 593.298278809, 242.308578491, 2102.72363281, 269.239593506, 738.218505859, 1929.20727539, 2417.28735352, 240.460388184, 115.955360413, 60.0729103088, 23.2685604095, 4.06904649734, 0.0988897010684, 7.19259260222e-05, 7.08234750846e-08]
    },
    "gfcc": {
        "mean": [8.76140499115, 89.9951858521, -72.7255401611, 29.9486808777, -51.2578125, 14.2955036163, -34.1643447876, 20.7124137878, -21.2772159576, 5.63867950439, -10.3162565231, 4.14609527588, -10.5482816696],
        "cov": [[5650.31640625, -1926.40881348, -203.910644531, 238.454650879, -353.499755859, 149.066711426, -321.906188965, 274.81338501, -160.117675781, 247.086639404, -300.572937012, 151.702865601, -372.944549561], [-1926.40881348, 2177.00610352, -137.689575195, -89.983505249, 527.518005371, -167.519210815, 325.984832764, -15.9898958206, 170.707000732, -92.1113815308, 343.143310547, -171.993499756, 185.912277222], [-203.910644531, -137.689575195, 1274.09814453, 286.182495117, 167.433624268, 416.222473145, 265.437103271, 106.501670837, 192.27784729, 73.1961517334, 88.3869552612, 201.022125244, 92.6790008545], [238.454650879, -89.983505249, 286.182495117, 424.166687012, 106.485198975, 146.559906006, 67.5699462891, 34.0800514221, 112.811592102, 8.8802728653, 27.7569999695, 38.6905021667, 42.9752311707], [-353.499755859, 527.518005371, 167.433624268, 106.485198975, 414.373168945, 79.76121521, 131.444763184, 68.2364654541, 146.58140564, 19.4779052734, 116.888328552, 25.5495929718, 79.5920410156], [149.066711426, -167.519210815, 416.222473145, 146.559906006, 79.76121521, 395.554290771, 121.248184204, 16.351650238, 89.1709823608, 40.1022262573, 20.6817340851, 69.474861145, 20.568069458], [-321.906188965, 325.984832764, 265.437103271, 67.5699462891, 131.444763184, 121.248184204, 277.32913208, 53.5686187744, 85.384223938, 32.4130172729, 130.311630249, 36.719367981, 78.1423568726], [274.81338501, -15.9898958206, 106.501670837, 34.0800514221, 68.2364654541, 16.351650238, 53.5686187744, 185.758377075, 47.3405647278, 36.3535690308, 48.1966018677, 45.3288917542, 17.5122871399], [-160.117675781, 170.707000732, 192.27784729, 112.811592102, 146.58140564, 89.1709823608, 85.384223938, 47.3405647278, 202.370880127, 52.7542877197, 73.7384796143, 17.2475910187, 70.1026992798], [247.086639404, -92.1113815308, 73.1961517334, 8.8802728653, 19.4779052734, 40.1022262573, 32.4130172729, 36.3535690308, 52.7542877197, 138.505050659, 39.7615432739, 4.00191879272, -10.4061098099], [-300.572937012, 343.143310547, 88.3869552612, 27.7569999695, 116.888328552, 20.6817340851, 130.311630249, 48.1966018677, 73.7384796143, 39.7615432739, 194.700942993, 32.2386856079, 68.4792556763], [151.702865601, -171.993499756, 201.022125244, 38.6905021667, 25.5495929718, 69.474861145, 36.719367981, 45.3288917542, 17.2475910187, 4.00191879272, 32.2386856079, 143.175323486, 38.1949424744], [-372.944549561, 185.912277222, 92.6790008545, 42.9752311707, 79.5920410156, 20.568069458, 78.1423568726, 17.5122871399, 70.1026992798, -10.4061098099, 68.4792556763, 38.1949424744, 140.218048096]],
        "icov": [[0.000402061326895, 7.97254979261e-05, 0.000288895971607, -0.000390032073483, 0.000107611784188, -0.000204898708034, 7.52683263272e-05, -0.000643019156996, 0.000155446396093, -0.000693805341143, 0.000396301591536, -0.000656088523101, 0.000755565939471], [7.97254979261e-05, 0.00211497046985, -0.000111974542961, 0.000797793909442, -0.0020315060392, 0.000953049340751, -0.00132329866756, 0.000630346708931, -0.000395395909436, 0.00218012370169, -0.00250239530578, 0.00308073172346, -0.000348161760485], [0.000288895971607, -0.000111974542961, 0.00192841980606, -0.000756894238293, 0.000337738747476, -0.00116190547124, -0.000836110091768, -0.00063871848397, -0.000512891216204, -0.000882715743501, 0.00102169206366, -0.00236292369664, 0.000734267930966], [-0.000390032073483, 0.000797793909442, -0.000756894238293, 0.00390252564102, -0.00117844156921, 3.13582095259e-05, -0.000384706567274, 0.000782251765486, -0.00156163447537, 0.00225683441386, -0.00132380169816, 0.00211328151636, -0.000990852131508], [0.000107611784188, -0.0020315060392, 0.000337738747476, -0.00117844156921, 0.00577759277076, -0.00120504444931, 0.000768900150433, -0.00152496772353, -0.00154189451132, -0.00160939362831, 0.00152564572636, -0.0031263101846, 0.000534826307558], [-0.000204898708034, 0.000953049340751, -0.00116190547124, 3.13582095259e-05, -0.00120504444931, 0.00499090366066, -0.0019812840037, 0.00155974051449, -0.0010130830342, 0.000891879259143, -0.000404805323342, 0.000890260736924, 0.00033891221392], [7.52683263272e-05, -0.00132329866756, -0.000836110091768, -0.000384706567274, 0.000768900150433, -0.0019812840037, 0.00817134603858, -0.00132471474353, 0.00103634165134, -0.00156162434723, -0.00199732533656, -0.000492682040203, -0.00143328867853], [-0.000643019156996, 0.000630346708931, -0.00063871848397, 0.000782251765486, -0.00152496772353, 0.00155974051449, -0.00132471474353, 0.00806612055749, -0.00113367429003, 0.000730844156351, -0.00184489728417, 8.97375066415e-05, -0.000498354085721], [0.000155446396093, -0.000395395909436, -0.000512891216204, -0.00156163447537, -0.00154189451132, -0.0010130830342, 0.00103634165134, -0.00113367429003, 0.0102076027542, -0.00373667944223, -0.000122632583953, 0.00114202161785, -0.00328864972107], [-0.000693805341143, 0.00218012370169, -0.000882715743501, 0.00225683441386, -0.00160939362831, 0.000891879259143, -0.00156162434723, 0.000730844156351, -0.00373667944223, 0.0133118936792, -0.00556329637766, 0.00509715592489, 0.000902170897461], [0.000396301591536, -0.00250239530578, 0.00102169206366, -0.00132380169816, 0.00152564572636, -0.000404805323342, -0.00199732533656, -0.00184489728417, -0.000122632583953, -0.00556329637766, 0.0131695466116, -0.00615244777873, -0.000468106823973], [-0.000656088523101, 0.00308073172346, -0.00236292369664, 0.00211328151636, -0.0031263101846, 0.000890260736924, -0.000492682040203, 8.97375066415e-05, 0.00114202161785, 0.00509715592489, -0.00615244777873, 0.0167237110436, -0.00475169159472], [0.000755565939471, -0.000348161760485, 0.000734267930966, -0.000990852131508, 0.000534826307558, 0.00033891221392, -0.00143328867853, -0.000498354085721, -0.00328864972107, 0.000902170897461, -0.000468106823973, -0.00475169159472, 0.0131631363183]]
    },
    "melbands": {
        "dmean": [0.011961016804, 0.00399192050099, 0.000963033060543, 0.000782301009167, 0.000293716060696, 0.000198798472411, 0.000293048011372, 0.000319965009112, 0.000134640707984, 6.9754292781e-05, 5.10115205543e-05, 3.95086353819e-05, 3.24042739521e-05, 2.7513871828e-05, 3.05843132082e-05, 1.88219673873e-05, 2.32342390518e-05, 1.63541990332e-05, 1.39621715789e-05, 1.19250335047e-05, 1.24499301819e-05, 1.39409830808e-05, 1.49674651766e-05, 1.40672509588e-05, 8.13651240605e-06, 5.54515509066e-06, 6.08981872574e-06, 5.5894711295e-06, 4.22415041612e-06, 4.78052834296e-06, 1.62301967066e-05, 3.64738434655e-06, 4.49718208984e-06, 8.50688320497e-06, 1.12063826236e-05, 1.12718826131e-05, 1.4702531189e-05, 5.44628983334e-06, 3.70873090105e-06, 4.28844532507e-06],
        "dmean2": [0.0141676673666, 0.00619433354586, 0.00169714190997, 0.0012953307014, 0.000473468593555, 0.000309248483973, 0.000436476402683, 0.000481576105813, 0.000203875126317, 9.85107108136e-05, 7.55335131544e-05, 6.099636812e-05, 5.09275159857e-05, 4.3576452299e-05, 4.88839905302e-05, 3.23454441968e-05, 3.85758830816e-05, 2.71337212325e-05, 2.10347443499e-05, 1.95011871256e-05, 1.97313293029e-05, 2.2918691684e-05, 2.53717007581e-05, 2.25612293434e-05, 1.28725732793e-05, 8.67655762704e-06, 9.55159248406e-06, 9.00528903003e-06, 6.89753596816e-06, 8.20818786451e-06, 3.03529377561e-05, 6.22036486675e-06, 7.73557258071e-06, 1.52248167069e-05, 2.01245384233e-05, 1.99678033823e-05, 2.74439371424e-05, 9.5940367828e-06, 6.33987565379e-06, 7.55088422011e-06],
        "dvar": [0.000498820736539, 7.6369389717e-05, 3.97966368837e-06, 3.10196060127e-06, 2.41013225377e-07, 1.38417377116e-07, 2.32618205587e-07, 3.73840634893e-07, 9.3561226322e-08, 2.00221279556e-08, 7.79099096349e-09, 7.93988519376e-09, 4.00835631353e-09, 3.45692141579e-09, 5.99677774105e-09, 4.12253742255e-09, 3.2331819444e-09, 1.57053947625e-09, 9.66201341157e-10, 5.53538714865e-10, 7.55865481317e-10, 1.03646491389e-09, 1.49248102765e-09, 7.5143385958e-10, 3.86540965902e-10, 1.66778049704e-10, 2.0841710302e-10, 2.15086615185e-10, 9.00844399077e-11, 1.27700475194e-10, 2.23530682852e-09, 7.03804931002e-11, 1.09763816092e-10, 4.84244144783e-10, 1.06068887007e-09, 8.56572091035e-10, 1.72104008822e-09, 1.88398158185e-10, 7.41593314535e-11, 1.30335020554e-10],
        "dvar2": [0.000685248116497, 0.000196512293769, 1.09007660285e-05, 8.11211521068e-06, 5.7970493117e-07, 3.23674214542e-07, 4.80590699681e-07, 7.10773974788e-07, 2.05412078458e-07, 2.880076444e-08, 1.66504072752e-08, 1.43509488737e-08, 8.98663454763e-09, 8.19463785717e-09, 1.31128157221e-08, 1.17746301598e-08, 8.74844108267e-09, 4.24203161487e-09, 1.95356864019e-09, 1.36296618436e-09, 1.83725912262e-09, 2.45533904319e-09, 4.04633082596e-09, 1.86137649738e-09, 8.52711623534e-10, 3.84922815844e-10, 4.9830756188e-10, 5.40706868168e-10, 2.26174454165e-10, 3.35228622639e-10, 6.36161390233e-09, 1.8522822165e-10, 2.94620966512e-10, 1.33766597799e-09, 2.92371127308e-09, 2.30307883875e-09, 4.87218265732e-09, 5.20677223559e-10, 1.96136384911e-10, 3.6153502414e-10],
        "max": [0.139482349157, 0.0558632612228, 0.017370229587, 0.0215005557984, 0.00557928346097, 0.00526715628803, 0.00497934874147, 0.0066175297834, 0.00632851477712, 0.00340801151469, 0.00126971001737, 0.00254990020767, 0.00130381027702, 0.000844369817059, 0.00156172038987, 0.000846270238981, 0.000555742997676, 0.000367922359146, 0.00035234214738, 0.000248307798756, 0.000323600805132, 0.000376114563551, 0.000425942387665, 0.000347471126588, 0.000286895723548, 0.000147586179082, 0.000225153649808, 0.000167993304785, 9.87751336652e-05, 8.5863051936e-05, 0.000282652617898, 4.80468115711e-05, 6.65971601848e-05, 0.000132462184411, 0.000210267666262, 0.00018733862089, 0.000223340641242, 9.58855889621e-05, 5.89966512052e-05, 9.91172200884e-05],
        "mean": [0.024097757414, 0.00552057428285, 0.00135783175938, 0.00117718591355, 0.000498029461596, 0.000320136285154, 0.000533438404091, 0.000515457999427, 0.000209584701224, 0.000128761515953, 8.14349841676e-05, 6.17101832177e-05, 4.62233620055e-05, 4.03202684538e-05, 4.01379475079e-05, 1.83642223419e-05, 2.45892115345e-05, 1.81034138222e-05, 2.07667962968e-05, 1.46983620652e-05, 1.66247282323e-05, 1.70043258549e-05, 1.66663739947e-05, 1.80421375262e-05, 1.12215766421e-05, 7.30291003492e-06, 8.10379333416e-06, 7.1033932727e-06, 4.69330780106e-06, 4.03681906391e-06, 9.8511318356e-06, 2.90125626634e-06, 3.54352641807e-06, 5.92343758399e-06, 7.54069696995e-06, 7.76711658546e-06, 9.12691666599e-06, 4.23172832598e-06, 3.19393507198e-06, 3.25684550262e-06],
        "median": [0.00808835402131, 0.00214807363227, 0.000728187093046, 0.000643090752419, 0.000221255002543, 0.00011545419693, 0.000172108382685, 0.000138148330734, 6.43365929136e-05, 3.70849629689e-05, 3.75152740162e-05, 2.41540528805e-05, 2.00061767828e-05, 1.57677714014e-05, 9.63099228102e-06, 4.71568728244e-06, 6.8257672865e-06, 3.96573977923e-06, 3.38967629432e-06, 3.80787992071e-06, 4.09729136663e-06, 3.6440965232e-06, 3.83900260204e-06, 3.93838536183e-06, 2.456950142e-06, 1.98923703465e-06, 2.32535467148e-06, 1.66916538547e-06, 1.09953100491e-06, 7.36687582048e-07, 4.34424407558e-07, 3.63666430303e-07, 4.63124308681e-07, 4.73713384963e-07, 4.83847031774e-07, 4.44630330776e-07, 4.137601195e-07, 5.27108568349e-07, 4.94387109029e-07, 2.92112019906e-07],
        "min": [4.7635472258e-24, 8.44299130855e-24, 7.9104360446e-24, 1.28601824486e-23, 1.30635689338e-23, 1.27732270999e-23, 1.02552201669e-23, 7.38858956744e-24, 5.07185497237e-24, 7.57184905547e-24, 5.93762823813e-24, 7.06226542108e-24, 5.55677526499e-24, 1.22848835454e-23, 1.12741831207e-23, 9.86745243346e-24, 1.47650180552e-23, 1.88308797359e-23, 1.03189822161e-23, 1.89531184663e-23, 1.02367127012e-23, 1.09921795465e-23, 1.69834605814e-23, 1.72241956862e-23, 1.40283182107e-23, 6.78486090603e-24, 6.98116973116e-24, 8.56025232666e-24, 6.16362189912e-24, 1.15131030565e-23, 1.28793904228e-23, 8.19196393559e-24, 7.61528768121e-24, 6.90367440241e-24, 1.12100905387e-23, 1.03585656786e-23, 8.57610211997e-24, 1.21486614665e-23, 9.44717100899e-24, 9.38307763816e-24],
        "stdev": [0.0362316183746, 0.00871811434627, 0.00189872528426, 0.00180595263373, 0.000712095876224, 0.000505534058902, 0.000765778997447, 0.000880878302269, 0.000400592252845, 0.00030047915061, 0.00012711060117, 0.00013690549531, 8.24050366646e-05, 7.63857606216e-05, 0.000100122910226, 5.17153021065e-05, 5.42759116797e-05, 3.85314633604e-05, 4.72417341371e-05, 2.73334262602e-05, 3.46708075085e-05, 3.95127062802e-05, 3.65087435057e-05, 3.35097429343e-05, 2.394916919e-05, 1.4970828488e-05, 1.67270954989e-05, 1.67717989825e-05, 9.71424469753e-06, 9.98723044177e-06, 3.58268807759e-05, 7.31131058274e-06, 8.91340187081e-06, 1.76514295163e-05, 2.59351782006e-05, 2.40694735112e-05, 3.17638696288e-05, 1.13381820483e-05, 7.80069512984e-06, 9.42068891163e-06],
        "var": [0.00131273025181, 7.60055190767e-05, 3.60515764442e-06, 3.26146505358e-06, 5.07080528678e-07, 2.55564657436e-07, 5.86417456816e-07, 7.75946546128e-07, 1.60474158406e-07, 9.02877275166e-08, 1.61571040991e-08, 1.87431155041e-08, 6.79058986819e-09, 5.83478421134e-09, 1.00245971524e-08, 2.6744724213e-09, 2.94587443328e-09, 1.48467360628e-09, 2.23178142633e-09, 7.47116146727e-10, 1.20206500309e-09, 1.56125390394e-09, 1.33288835524e-09, 1.12290288179e-09, 5.73562697337e-10, 2.24125704107e-10, 2.79795714375e-10, 2.81293210946e-10, 9.4366549297e-11, 9.97447680007e-11, 1.28356547613e-09, 5.34552610509e-11, 7.94487253764e-11, 3.11572989631e-10, 6.72633448939e-10, 5.79339576312e-10, 1.00894348432e-09, 1.28554375478e-10, 6.08508382571e-11, 8.87493759039e-11]
    },
    "melbands128": {
