{
"lowlevel": {
    "average_loudness": 0.936055481434,
    "barkbands_crest": {
        "dmean": 2.83991575241,
        "dmean2": 4.24057722092,
        "dvar": 7.11839294434,
        "dvar2": 13.2614631653,
        "max": 25.1993770599,
        "mean": 10.9366054535,
        "median": 9.57253074646,
        "min": 2.54726266861,
        "stdev": 4.85653400421,
        "var": 23.5859203339
    },
    "barkbands_flatness_db": {
        "dmean": 0.0228232797235,
        "dmean2": 0.0320944674313,
        "dvar": 0.000549723452423,
        "dvar2": 0.000989705440588,
        "max": 0.363456368446,
        "mean": 0.13420149684,
        "median": 0.124333970249,
        "min": 0.030975965783,
        "stdev": 0.0497197210789,
        "var": 0.00247205072083
    },
    "barkbands_kurtosis": {
        "dmean": 4.62707996368,
        "dmean2": 6.86886453629,
        "dvar": 142.750015259,
        "dvar2": 251.505477905,
        "max": 222.647033691,
        "mean": 7.10214185715,
        "median": 1.94371747971,
        "min": -1.88772690296,
        "stdev": 18.3328723907,
        "var": 336.094238281
    },
    "barkbands_skewness": {
        "dmean": 0.657695889473,
        "dmean2": 0.899829149246,
        "dvar": 0.728779554367,
        "dvar2": 1.2134039402,
        "max": 12.9986047745,
        "mean": 1.62794804573,
        "median": 1.25937914848,
        "min": -1.93680334091,
        "stdev": 1.82850193977,
        "var": 3.34341955185
    },
    "barkbands_spread": {
        "dmean": 6.60880422592,
        "dmean2": 9.68966007233,
        "dvar": 62.4467811584,
        "dvar2": 119.918304443,
        "max": 109.074409485,
        "mean": 24.636554718,
        "median": 21.9174442291,
        "min": 0.724433422089,
        "stdev": 14.4959287643,
        "var": 210.131958008
    },
    "dissonance": {
        "dmean": 0.0267142243683,
        "dmean2": 0.0448491945863,
        "dvar": 0.00079645117512,
        "dvar2": 0.00203020730987,
        "max": 0.499999970198,
        "mean": 0.450418621302,
        "median": 0.457059860229,
        "min": 0.075297549367,
        "stdev": 0.0351507402956,
        "var": 0.00123557460029
    },
    "dynamic_complexity": 2.59150981903,
    "erbbands_crest": {
        "dmean": 3.35238909721,
        "dmean2": 5.30911207199,
        "dvar": 9.55109977722,
        "dvar2": 22.8613529205,
        "max": 31.3678684235,
        "mean": 12.4968662262,
        "median": 11.5133304596,
        "min": 2.50970768929,
        "stdev": 5.85077476501,
        "var": 34.2315635681
    },
    "erbbands_flatness_db": {
        "dmean": 0.0186604000628,
        "dmean2": 0.0272262059152,
        "dvar": 0.000326613517245,
        "dvar2": 0.000656684394926,
        "max": 0.311458706856,
        "mean": 0.151567697525,
        "median": 0.148207098246,
        "min": 0.0446591563523,
        "stdev": 0.0463797561824,
        "var": 0.00215108180419
    },
    "erbbands_kurtosis": {
        "dmean": 1.53599596024,
        "dmean2": 2.41439819336,
        "dvar": 4.73102140427,
        "dvar2": 11.5501070023,
        "max": 25.8063678741,
        "mean": 2.13467931747,
        "median": 1.42210102081,
        "min": -1.75829923153,
        "stdev": 3.07529258728,
        "var": 9.45742416382
    },
    "erbbands_skewness": {
        "dmean": 0.399293631315,
        "dmean2": 0.60183942318,
        "dvar": 0.169738337398,
        "dvar2": 0.371125251055,
        "max": 4.73803138733,
        "mean": 0.59313750267,
        "median": 0.546650886536,
        "min": -2.47227144241,
        "stdev": 0.810128629208,
        "var": 0.656308412552
    },
    "erbbands_spread": {
        "dmean": 8.48142147064,
        "dmean2": 12.4533138275,
        "dvar": 100.161804199,
        "dvar2": 206.401367188,
        "max": 141.352920532,
        "mean": 35.8024597168,
        "median": 28.8310661316,
        "min": 3.47928786278,
        "stdev": 24.1256465912,
        "var": 582.046813965
    },
    "hfc": {
        "dmean": 9.40403842926,
        "dmean2": 13.4165334702,
        "dvar": 166.650253296,
        "dvar2": 341.788909912,
        "max": 187.744338989,
        "mean": 32.9481468201,
        "median": 27.3804626465,
        "min": 1.15632848378e-16,
        "stdev": 26.0511608124,
        "var": 678.662963867
    },
    "loudness_ebu128": {
        "integrated": -8.95540523529,
        "loudness_range": 2.09269189835,
        "momentary": {
            "dmean": 0.632355451584,
            "dmean2": 0.651710093021,
            "dvar": 0.341666460037,
            "dvar2": 0.363113164902,
            "max": -5.07097625732,
            "mean": -9.41923141479,
            "median": -8.91662025452,
            "min": -17.6429080963,
            "stdev": 2.17246794701,
            "var": 4.71961736679
        },
        "short_term": {
            "dmean": 0.096460968256,
            "dmean2": 0.078591927886,
            "dvar": 0.00719822896644,
            "dvar2": 0.00520952465013,
            "max": -7.39958000183,
            "mean": -9.1273059845,
            "median": -9.16178226471,
            "min": -11.3237857819,
            "stdev": 0.75120985508,
            "var": 0.564316213131
        }
    },
    "melbands_crest": {
        "dmean": 3.50050497055,
        "dmean2": 5.29483175278,
        "dvar": 13.6694412231,
        "dvar2": 23.8539657593,
        "max": 36.0242576599,
        "mean": 14.7913780212,
        "median": 12.8728342056,
        "min": 2.20586204529,
        "stdev": 7.05708026886,
        "var": 49.8023796082
    },
    "melbands_flatness_db": {
        "dmean": 0.0262114759535,
        "dmean2": 0.035002078861,
        "dvar": 0.000873068289366,
        "dvar2": 0.00139748526271,
        "max": 0.491143345833,
        "mean": 0.206363752484,
        "median": 0.192423656583,
        "min": 0.00580777274445,
        "stdev": 0.067928597331,
        "var": 0.00461429404095
    },
    "melbands_kurtosis": {
        "dmean": 10.3384914398,
        "dmean2": 15.3225030899,
        "dvar": 611.149963379,
        "dvar2": 1179.07116699,
        "max": 383.391723633,
        "mean": 18.2259197235,
        "median": 4.71949625015,
        "min": -1.57001507282,
        "stdev": 40.2234573364,
        "var": 1617.92651367
    },
    "melbands_skewness": {
        "dmean": 0.863382995129,
        "dmean2": 1.19272816181,
        "dvar": 1.26595103741,
        "dvar2": 2.23141860962,
        "max": 15.6462192535,
        "mean": 2.4350335598,
        "median": 1.69926285744,
        "min": -1.33954882622,
        "stdev": 2.59511351585,
        "var": 6.73461389542
    },
    "melbands_spread": {
        "dmean": 7.23660993576,
        "dmean2": 10.2585515976,
        "dvar": 142.899475098,
        "dvar2": 266.169799805,
        "max": 220.865447998,
        "mean": 25.4030532837,
        "median": 22.2345581055,
        "min": 0.606165111065,
        "stdev": 19.3103713989,
        "var": 372.890441895
    },
    "pitch_salience": {
        "dmean": 0.0754787474871,
        "dmean2": 0.113506302238,
        "dvar": 0.00566982245073,
        "dvar2": 0.0110487556085,
        "max": 0.852022409439,
        "mean": 0.501764237881,
        "median": 0.516160488129,
        "min": 0.0629037469625,
        "stdev": 0.144916966558,
        "var": 0.0210009254515
    },
    "silence_rate_20dB": {
        "dmean": 0,
        "dmean2": 0,
        "dvar": 0,
        "dvar2": 0,
        "max": 1,
        "mean": 1,
        "median": 1,
        "min": 1,
        "stdev": 0,
        "var": 0
    },
    "silence_rate_30dB": {
        "dmean": 0.0526315793395,
        "dmean2": 0.105344690382,
        "dvar": 0.0498611703515,
        "dvar2": 0.0942483246326,
        "max": 1,
        "mean": 0.90487241745,
        "median": 1,
        "min": 0,
        "stdev": 0.293390125036,
        "var": 0.0860777720809
    },
    "silence_rate_60dB": {
        "dmean": 0.0100619196892,
        "dmean2": 0.020139425993,
        "dvar": 0.00996054429561,
        "dvar2": 0.0228327810764,
        "max": 1,
        "mean": 0.0208816714585,
        "median": 0,
        "min": 0,
        "stdev": 0.142989486456,
        "var": 0.0204459913075
    },
    "spectral_centroid": {
        "dmean": 241.788864136,
        "dmean2": 348.093139648,
        "dvar": 156082.71875,
        "dvar2": 220005.65625,
        "max": 11268.4785156,
        "mean": 1398.59130859,
        "median": 1333.82568359,
        "min": 174.505279541,
        "stdev": 645.595458984,
        "var": 416793.5
    },
    "spectral_complexity": {
        "dmean": 2.37616109848,
        "dmean2": 3.84043383598,
        "dvar": 5.64955615997,
        "dvar2": 12.8823451996,
        "max": 38,
        "mean": 14.7045631409,
        "median": 14,
        "min": 0,
        "stdev": 5.05416488647,
        "var": 25.5445842743
    },
    "spectral_decrease": {
        "dmean": 3.67820285341e-09,
        "dmean2": 5.49927747784e-09,
        "dvar": 4.54863574818e-17,
        "dvar2": 8.48458146363e-17,
        "max": -4.64056160385e-29,
        "mean": -9.63657154074e-09,
        "median": -6.38474340064e-09,
        "min": -5.88473838548e-08,
        "stdev": 1.08347411043e-08,
        "var": 1.17391619649e-16
    },
    "spectral_energy": {
        "dmean": 0.0144244423136,
        "dmean2": 0.021504599601,
        "dvar": 0.00065503269434,
        "dvar2": 0.00122321385425,
        "max": 0.225203067064,
        "mean": 0.0393591932952,
        "median": 0.0270725488663,
        "min": 1.06633831858e-20,
        "stdev": 0.0415743999183,
        "var": 0.00172843085602
    },
    "spectral_energyband_high": {
        "dmean": 0.000466656347271,
        "dmean2": 0.000670217268635,
        "dvar": 8.18282558157e-07,
        "dvar2": 1.67895188952e-06,
        "max": 0.0162668321282,
        "mean": 0.00128851691261,
        "median": 0.000948614790104,
        "min": 7.68995565043e-21,
        "stdev": 0.00142045051325,
        "var": 2.01767966246e-06
    },
    "spectral_energyband_low": {
        "dmean": 0.0101566649973,
        "dmean2": 0.0153004992753,
        "dvar": 0.000709190033376,
        "dvar2": 0.00134048238397,
        "max": 0.217225477099,
        "mean": 0.0188175234944,
        "median": 0.00294170342386,
        "min": 1.47957350366e-22,
        "stdev": 0.04035237059,
        "var": 0.00162831367925
    },
    "spectral_energyband_middle_high": {
        "dmean": 0.00400434853509,
        "dmean2": 0.00578015344217,
        "dvar": 5.12013830303e-05,
        "dvar2": 0.000112420624646,
        "max": 0.113783024251,
        "mean": 0.0106648206711,
        "median": 0.00572817260399,
        "min": 1.60139086877e-21,
        "stdev": 0.013624664396,
        "var": 0.000185631477507
    },
    "spectral_energyband_middle_low": {
        "dmean": 0.00356445414945,
        "dmean2": 0.00555039802566,
        "dvar": 2.79551386484e-05,
        "dvar2": 6.66817650199e-05,
        "max": 0.0641369819641,
        "mean": 0.00927468668669,
        "median": 0.00751644605771,
        "min": 3.00838858855e-22,
        "stdev": 0.00729596894234,
        "var": 5.32311642019e-05
    },
    "spectral_entropy": {
        "dmean": 0.18341897428,
        "dmean2": 0.26626008749,
        "dvar": 0.0332588478923,
        "dvar2": 0.0605776049197,
        "max": 9.7957611084,
        "mean": 7.46751737595,
        "median": 7.44471120834,
        "min": 6.2383441925,
        "stdev": 0.411321341991,
        "var": 0.169185236096
    },
    "spectral_flux": {
        "dmean": 0.0363465473056,
        "dmean2": 0.0589669458568,
        "dvar": 0.00225062575191,
        "dvar2": 0.00472991913557,
        "max": 0.40786203742,
        "mean": 0.100798085332,
        "median": 0.0825506970286,
        "min": 1.03263661511e-10,
        "stdev": 0.0682140439749,
        "var": 0.00465315533802
    },
    "spectral_kurtosis": {
        "dmean": 0.902911603451,
        "dmean2": 1.35763716698,
        "dvar": 0.870371997356,
        "dvar2": 1.77516007423,
        "max": 12.309876442,
        "mean": 4.14056301117,
        "median": 4.02762460709,
        "min": -1.35604584217,
        "stdev": 2.06617379189,
        "var": 4.26907444
    },
    "spectral_rms": {
        "dmean": 0.000996666844003,
        "dmean2": 0.00140634283889,
        "dvar": 1.89201591638e-06,
        "dvar2": 3.13667283081e-06,
        "max": 0.0148226283491,
        "mean": 0.00557775469497,
        "median": 0.00513928430155,
        "min": 3.22541472697e-12,
        "stdev": 0.00269960961305,
        "var": 7.28789154891e-06
    },
    "spectral_rolloff": {
        "dmean": 615.530395508,
        "dmean2": 1026.95727539,
        "dvar": 2223579.25,
        "dvar2": 4300436.5,
        "max": 18841.5527344,
        "mean": 1748.78930664,
        "median": 1507.32421875,
        "min": 64.599609375,
        "stdev": 2001.58239746,
        "var": 4006332.25
    },
    "spectral_skewness": {
        "dmean": 0.169227197766,
        "dmean2": 0.247695744038,
        "dvar": 0.0332649499178,
        "dvar2": 0.0607862360775,
        "max": 3.03286147118,
        "mean": 1.80288255215,
        "median": 1.8316296339,
        "min": -0.0447856932878,
        "stdev": 0.437143176794,
        "var": 0.191094145179
    },
    "spectral_spread": {
        "dmean": 737734.8125,
        "dmean2": 1031514.3125,
        "dvar": 1.03166391091e+12,
        "dvar2": 1.3765205033e+12,
        "max": 41223924,
        "mean": 6922428.5,
        "median": 6666571.5,
        "min": 2563466,
        "stdev": 2130419.75,
        "var": 4.53868833997e+12
    },
    "spectral_strongpeak": {
        "dmean": 1.03827095032,
        "dmean2": 1.656727314,
        "dvar": 2.4940764904,
        "dvar2": 4.99047756195,
        "max": 19.0664749146,
        "mean": 2.15942263603,
        "median": 0.969358146191,
        "min": 0,
        "stdev": 2.91103434563,
        "var": 8.47412109375
    },
    "zerocrossingrate": {
        "dmean": 0.0158449541777,
        "dmean2": 0.0175312254578,
        "dvar": 0.000511641264893,
        "dvar2": 0.000544467766304,
        "max": 0.48876953125,
        "mean": 0.0865926966071,
        "median": 0.08251953125,
        "min": 0.00341796875,
        "stdev": 0.0472709611058,
        "var": 0.00223454367369
    },
    "barkbands": {
        "dmean": [0.000981511198916, 0.00826582126319, 0.00287500838749, 0.000580384046771, 0.000766007229686, 0.000750229752157, 0.00130818062462, 0.000992967281491, 0.000595644931309, 0.000967856729403, 0.000745527853724, 0.000528951117303, 0.00115009897854, 0.00131798256189, 0.00118136161473, 0.000243079775828, 6.00198873144e-05, 6.30323920632e-05, 0.000236496023717, 0.000106978513941, 9.97507522698e-05, 4.2733430746e-05, 5.24197639606e-05, 9.96133967419e-05, 0.000155315879965, 0.000103075217339, 1.26219929371e-05],
        "dmean2": [0.00132368854247, 0.0112801510841, 0.00511656329036, 0.0010141977109, 0.00129086954985, 0.00119701505173, 0.00206019403413, 0.00154240243137, 0.000959567667451, 0.00141213648021, 0.00119699479546, 0.000899757433217, 0.00173446186818, 0.00187786726747, 0.0018943650648, 0.000343256804626, 9.09430091269e-05, 9.92279383354e-05, 0.000343678664649, 0.000160741692525, 0.000153565328219, 6.77882562741e-05, 8.26618706924e-05, 0.000150414023665, 0.000223321287194, 0.000155254383571, 1.99004971364e-05],
        "dvar": [8.38787855173e-06, 0.000496147258673, 0.000107396568637, 2.57854230767e-06, 1.48677156631e-06, 1.22449341688e-06, 1.36544904308e-05, 6.07551237408e-06, 3.25500059262e-06, 3.53149516741e-06, 5.71837563257e-06, 3.49106403519e-06, 1.1108813851e-05, 1.2461150618e-05, 9.706097444e-06, 9.89425075204e-07, 1.62863127429e-08, 1.40908786861e-08, 2.35683160099e-07, 5.01113603946e-08, 4.32887254931e-08, 1.20974750217e-08, 2.99950606575e-08, 6.26949230309e-08, 8.73507630672e-08, 4.51119070988e-08, 5.21275023146e-10],
        "dvar2": [1.68994010892e-05, 0.000785699929111, 0.000301972089801, 7.11515531293e-06, 3.76132697966e-06, 2.9191030535e-06, 3.24021602864e-05, 1.33676376208e-05, 8.18100397737e-06, 6.84839733367e-06, 1.47874443428e-05, 9.54537790676e-06, 2.54039459833e-05, 2.21777536353e-05, 2.29536872212e-05, 1.83161341738e-06, 2.8721265366e-08, 3.1809843648e-08, 4.66733951043e-07, 9.64069428733e-08, 9.3930815126e-08, 3.18777146902e-08, 7.00473989923e-08, 1.40198679333e-07, 1.51508800172e-07, 9.72124070131e-08, 1.12394726859e-09],
        "max": [0.0300138033926, 0.19431437552, 0.0825763940811, 0.0298325382173, 0.0149926636368, 0.0148305892944, 0.0526688545942, 0.0374938435853, 0.0242507942021, 0.0339246913791, 0.0240847188979, 0.0220983959734, 0.0558508858085, 0.0701446831226, 0.0478860884905, 0.0213555339724, 0.00397036410868, 0.00177429057658, 0.0120402341709, 0.00502474186942, 0.00289731868543, 0.00136405485682, 0.0034299120307, 0.00405798433349, 0.0050341244787, 0.00296456180513, 0.000347670720657],
        "mean": [0.00110947981011, 0.0143285011873, 0.00300109153613, 0.000754150561988, 0.00146680313628, 0.00148433889262, 0.00241619814187, 0.00162505765911, 0.000911753333639, 0.00171269802377, 0.00109075580258, 0.000687512918375, 0.00181882933248, 0.00229911482893, 0.00216056546196, 0.000379565026378, 0.000103840524389, 0.000110499553557, 0.000510557671078, 0.000217075736145, 0.000239482178586, 6.82744212099e-05, 7.71221384639e-05, 0.000182875999599, 0.000366114312783, 0.000217372100451, 1.95640204765e-05],
        "median": [7.24622877897e-05, 0.00177777232602, 0.000597285281401, 0.000185840908671, 0.00084374344442, 0.000696361297742, 0.000987120438367, 0.000390519213397, 0.000148633989738, 0.000475563079817, 0.00014621153241, 9.03423933778e-05, 0.000252987345448, 0.000283981615212, 0.000295801757602, 4.96779794048e-05, 5.50770600967e-05, 4.39275427198e-05, 0.000171896099346, 0.000106937201053, 7.68857280491e-05, 2.61143923126e-05, 2.22728995141e-05, 8.72691744007e-05, 0.000225202311412, 0.000134190617246, 9.74020349531e-06],
        "min": [1.65373786722e-23, 2.3023880551e-23, 8.29709069526e-23, 3.39289990414e-23, 4.72909743341e-23, 1.49839805989e-23, 6.89150022761e-23, 6.89144153636e-23, 6.29781045231e-23, 5.39108363043e-23, 4.65086956843e-23, 6.42613098478e-23, 5.49822166987e-23, 6.90433720335e-23, 1.71793129716e-22, 2.10928973608e-22, 1.14461533781e-22, 3.18725756078e-22, 2.50210750457e-22, 4.69692781191e-22, 4.08161251931e-22, 5.23392423654e-22, 3.8436771766e-22, 1.30202792449e-21, 1.20756777595e-21, 1.61895371456e-21, 2.214162167e-21],
        "stdev": [0.00343246432021, 0.0341899357736, 0.00837566051632, 0.00164898205549, 0.00173556082882, 0.00189861853141, 0.00433165999129, 0.00336273456924, 0.00234934361652, 0.00309777399525, 0.0026236276608, 0.0018626479432, 0.00462737306952, 0.00689746113494, 0.00465879263356, 0.00153971475083, 0.000189233978745, 0.000186594959814, 0.000984331243671, 0.000340834405506, 0.000381766119972, 0.000130130065372, 0.000218801607843, 0.00033859553514, 0.000512507802341, 0.000271835539024, 3.07416739815e-05],
        "var": [1.17818108265e-05, 0.00116895174142, 7.0151691034e-05, 2.71914200312e-06, 3.01217119159e-06, 3.60475246453e-06, 1.87632795132e-05, 1.13079831863e-05, 5.51941502636e-06, 9.59620410868e-06, 6.88342151989e-06, 3.46945716956e-06, 2.14125811908e-05, 4.75749693578e-05, 2.17043507291e-05, 2.37072140408e-06, 3.58094993658e-08, 3.48176811826e-08, 9.68907897914e-07, 1.16168095587e-07, 1.4574537488e-07, 1.6933835667e-08, 4.78741455368e-08, 1.14646944382e-07, 2.62664229922e-07, 7.38945615808e-08, 9.45050593337e-10]
    },
    "erbbands": {
        "dmean": [0.430115818977, 1.59312665462, 3.68285536766, 2.28668498993, 1.923199296, 2.80108976364, 4.48530292511, 7.0516166687, 13.4486503601, 28.5192222595, 14.2556419373, 15.2931051254, 22.4381313324, 27.411365509, 33.7865066528, 24.9773540497, 46.4613113403, 65.6036300659, 70.9999237061, 25.512014389, 7.68334293365, 2.61665868759, 1.99989831448, 6.69723987579, 12.6017074585, 4.92675828934, 4.52246427536, 3.27783513069, 1.49434554577, 1.15438497066, 1.63926482201, 2.01517891884, 1.75550091267, 1.69337427616, 1.22988831997, 0.491764754057, 0.197242677212, 0.0414438024163, 0.00133156217635, 3.73502516595e-05],
        "dmean2": [0.513570725918, 2.51490402222, 6.49933671951, 4.01951742172, 3.28774261475, 4.6063876152, 7.43998575211, 11.1483640671, 21.0206108093, 43.3674888611, 22.4961051941, 24.1058387756, 33.5438194275, 40.147190094, 55.3572883606, 39.9008369446, 68.8357009888, 87.5294189453, 111.720809937, 36.3262367249, 10.5066232681, 3.86398506165, 3.1084792614, 9.85708045959, 18.6325950623, 7.20039510727, 6.78195858002, 4.94763660431, 2.33312630653, 1.80447149277, 2.59882998466, 3.0997428894, 2.64008903503, 2.47936916351, 1.82494497299, 0.746959507465, 0.296059429646, 0.060617223382, 0.00203325180337, 5.3959327488e-05],
        "dvar": [1.40683722496, 21.6416091919, 173.928207397, 52.224105835, 15.682677269, 18.2635269165, 57.45495224, 113.128639221, 1072.51721191, 5681.0859375, 1370.54553223, 2022.4810791, 2137.35498047, 3925.22631836, 14031.1298828, 4673.33642578, 18835.6972656, 34857.859375, 36064.1523438, 7335.09228516, 481.978271484, 28.9222049713, 9.92031955719, 145.644561768, 823.262695312, 75.2849884033, 89.243309021, 61.9097862244, 15.7153091431, 13.6279087067, 30.3788089752, 30.4183578491, 17.2071304321, 15.5658864975, 4.20758581161, 0.768549442291, 0.191480144858, 0.00703173223883, 5.97448388362e-06, 3.54958928916e-09],
        "dvar2": [1.96597063541, 50.999130249, 484.229125977, 147.917404175, 42.3957557678, 44.2353096008, 152.90927124, 274.178894043, 2537.74291992, 13181.5537109, 3224.07592773, 4870.23486328, 4360.30908203, 8418.41894531, 37361.0429688, 12135.3964844, 44265.4101562, 51893.9765625, 81079.4609375, 14974.2539062, 760.409179688, 55.6239280701, 22.2437114716, 278.461975098, 1695.51123047, 132.657669067, 190.13092041, 138.970336914, 40.5037384033, 34.3069038391, 72.6739425659, 69.0551986694, 37.3875808716, 27.6903343201, 8.20093631744, 1.63199567795, 0.426197201014, 0.0138949491084, 1.23208856166e-05, 6.76476652473e-09],
        "max": [10.7413434982, 43.1667289734, 106.671676636, 65.7189712524, 53.7471847534, 51.5924301147, 93.5349349976, 175.074890137, 574.993835449, 1110.30651855, 584.801391602, 593.567565918, 652.557312012, 1044.90771484, 1215.87023926, 846.742919922, 2195.59326172, 4573.98144531, 2944.98803711, 2168.71557617, 427.031616211, 163.250091553, 46.7089500427, 293.414398193, 738.280212402, 176.945800781, 229.740325928, 133.976272583, 54.6750144958, 46.2254600525, 103.693389893, 85.7169647217, 70.5782165527, 68.9437561035, 36.0769500732, 14.2500305176, 5.2691283226, 1.05225896835, 0.0370740517974, 0.000728001643438],
        "mean": [0.599430084229, 2.43764972687, 3.88717222214, 2.80288362503, 3.11641979218, 5.14755630493, 8.38453388214, 13.1973152161, 26.3084373474, 48.8747558594, 25.4236068726, 25.4632701874, 38.5115127563, 49.0192184448, 46.8566741943, 39.2975692749, 79.8698501587, 139.86605835, 135.895568848, 45.133556366, 15.0433263779, 5.01696681976, 4.28310060501, 14.1043100357, 27.4243984222, 11.8229465485, 10.6489744186, 7.47931528091, 2.64442920685, 1.7606998682, 2.41834712029, 3.44920277596, 3.18428397179, 3.44949030876, 2.87942504883, 1.13206541538, 0.366219520569, 0.0752399787307, 0.00230149761774, 0.00010365259368],
        "median": [0.0479210056365, 0.387971997261, 0.922327458858, 0.778274178505, 1.25977694988, 2.94787788391, 4.35114860535, 6.07417345047, 13.0743627548, 15.3905668259, 7.62126779556, 5.21413421631, 12.8065166473, 12.1549167633, 10.6172533035, 10.206817627, 16.8534736633, 25.907125473, 24.8761711121, 9.86430072784, 4.35824251175, 2.57981753349, 2.15222811699, 6.86747264862, 8.54879570007, 6.14679574966, 3.78472709656, 2.44558548927, 1.05526220798, 0.527014613152, 0.718084812164, 1.51383280754, 1.58120512962, 1.73228907585, 1.82694637775, 0.743417978287, 0.202156156301, 0.0398541390896, 0.00126103975344, 7.92293794802e-05],
        "min": [1.03786751315e-21, 5.04077806838e-21, 5.63223854043e-20, 1.58646921311e-19, 5.19165145003e-20, 2.56738896808e-19, 1.91009897488e-19, 1.47117729632e-19, 9.41877062699e-19, 1.0200195744e-18, 1.35409352538e-18, 1.66168446186e-18, 9.99619956322e-19, 2.33833350577e-18, 2.24753699186e-18, 2.5960678886e-18, 2.6366131803e-18, 3.16345692014e-18, 7.94694417484e-18, 8.48223342874e-18, 1.08464926361e-17, 5.87403080055e-18, 1.75543161174e-17, 1.04864697191e-17, 1.90113947664e-17, 1.85194588756e-17, 2.08776250705e-17, 1.36005276198e-17, 1.94565023084e-17, 1.66860990747e-17, 1.0609264681e-17, 2.23238478012e-17, 2.06865331141e-17, 1.41443699213e-17, 9.11808054816e-18, 5.786777308e-18, 2.96270907767e-18, 1.12066336331e-18, 2.82172503445e-19, 3.43695870961e-20],
        "stdev": [1.66675150394, 5.73793172836, 10.7718791962, 6.49830245972, 5.14600038528, 6.09767484665, 10.206319809, 17.9455699921, 41.9366416931, 93.7471389771, 51.8439216614, 63.0955810547, 69.3623123169, 98.5197525024, 117.869544983, 79.9091033936, 187.904022217, 421.629882812, 284.615722656, 119.407402039, 40.8514289856, 8.4111700058, 5.57869672775, 21.8229389191, 58.9350814819, 15.6260585785, 17.2391357422, 12.3934812546, 4.7698059082, 4.51793909073, 6.76962852478, 7.13096570969, 5.81332874298, 6.15404129028, 3.6006925106, 1.30197644234, 0.516535639763, 0.111265689135, 0.00332636316307, 9.10292437766e-05],
        "var": [2.77806043625, 32.9238586426, 116.033378601, 42.2279319763, 26.4813175201, 37.1816368103, 104.168960571, 322.043457031, 1758.6817627, 8788.52636719, 2687.79223633, 3981.05224609, 4811.12988281, 9706.14160156, 13893.2294922, 6385.46533203, 35307.921875, 177771.765625, 81006.1015625, 14258.1269531, 1668.83911133, 70.7477798462, 31.1218547821, 476.240631104, 3473.34375, 244.173721313, 297.187805176, 153.598373413, 22.7510471344, 20.4117717743, 45.8278694153, 50.8506736755, 33.7947883606, 37.8722267151, 12.9649868011, 1.69514250755, 0.266809046268, 0.0123800542206, 1.10646915346e-05, 8.28632362726e-09]
    },
    "gfcc": {
        "mean": [26.0491809845, 55.5188217163, -94.535774231, 3.77992868423, -50.7508049011, 17.6547584534, -41.8803482056, 15.5910902023, -38.0006752014, 26.1719150543, -12.6454896927, -3.77538728714, -11.4063720703],
        "cov": [[3610.28173828, -249.494537354, -259.678497314, -21.8237838745, 124.485435486, 216.482803345, 173.5756073, 77.2184066772, -17.0830993652, 197.590393066, -61.0353507996, -95.0304946899, 56.1385765076], [-249.494537354, 793.922363281, 330.607116699, 189.173233032, 228.545883179, 130.633117676, 216.110046387, 82.3341293335, 61.6030807495, 56.2990379333, 61.9324798584, 35.5851020813, 67.2135467529], [-259.678497314, 330.607116699, 921.939697266, 370.960754395, 56.0742797852, 120.889122009, 83.5305633545, 181.50402832, 130.876861572, -87.0210266113, 7.79388952255, 116.710334778, -8.34091949463], [-21.8237838745, 189.173233032, 370.960754395, 805.096618652, 191.467346191, 151.11076355, 164.888809204, 59.9372291565, 181.367019653, -5.57118988037, 19.4562187195, 40.3084411621, 68.037651062], [124.485435486, 228.545883179, 56.0742797852, 191.467346191, 369.323120117, 145.257019043, 180.500778198, 30.6032867432, 60.0333480835, 114.202354431, 20.3513412476, 2.65168523788, 64.9664382935], [216.482803345, 130.633117676, 120.889122009, 151.11076355, 145.257019043, 215.27355957, 144.257019043, 14.8102970123, 47.8429107666, 66.3574829102, 50.3960380554, 4.49051570892, 30.2644824982], [173.5756073, 216.110046387, 83.5305633545, 164.888809204, 180.500778198, 144.257019043, 288.710174561, 32.5038261414, 35.4845848083, 75.2538375854, 39.1004295349, 20.4652099609, 48.9759788513], [77.2184066772, 82.3341293335, 181.50402832, 59.9372291565, 30.6032867432, 14.8102970123, 32.5038261414, 181.972076416, 89.8485946655, -1.48613345623, 1.65950000286, 24.7765312195, 30.4127922058], [-17.0830993652, 61.6030807495, 130.876861572, 181.367019653, 60.0333480835, 47.8429107666, 35.4845848083, 89.8485946655, 182.788864136, 19.784532547, 17.7637844086, 29.7782783508, 28.4989509583], [197.590393066, 56.2990379333, -87.0210266113, -5.57118988037, 114.202354431, 66.3574829102, 75.2538375854, -1.48613345623, 19.784532547, 217.389663696, 97.0565643311, -29.8520488739, 25.4375782013], [-61.0353507996, 61.9324798584, 7.79388952255, 19.4562187195, 20.3513412476, 50.3960380554, 39.1004295349, 1.65950000286, 17.7637844086, 97.0565643311, 159.563140869, 19.3102207184, -2.13951730728], [-95.0304946899, 35.5851020813, 116.710334778, 40.3084411621, 2.65168523788, 4.49051570892, 20.4652099609, 24.7765312195, 29.7782783508, -29.8520488739, 19.3102207184, 115.432792664, 27.0148544312], [56.1385765076, 67.2135467529, -8.34091949463, 68.037651062, 64.9664382935, 30.2644824982, 48.9759788513, 30.4127922058, 28.4989509583, 25.4375782013, -2.13951730728, 27.0148544312, 114.970611572]],
        "icov": [[0.000378546159482, 0.000163196149515, 0.000156462541781, -5.10726022185e-05, 0.000159016344696, -0.000578192935791, -0.000112208144856, -0.000481022958411, 0.000272100791335, -0.000470637285616, 0.000535288243555, -3.08110284095e-05, 5.26004514541e-05], [0.000163196149515, 0.00218541873619, -0.000850055948831, 0.000321993778925, -0.000915806333069, 0.000353353330866, -0.00114985636901, 6.07492329436e-05, 3.18703023368e-05, 0.00031916089938, -0.000811362464447, 0.000850996060763, -0.00100487680174], [0.000156462541781, -0.000850055948831, 0.00268523278646, -0.0010638369713, 0.000642398721538, -0.00179096439388, 0.000738942006137, -0.0025112114381, 0.000744399498217, 1.57333870447e-05, 0.000933278060984, -0.00231994804926, 0.00207736366428], [-5.10726022185e-05, 0.000321993778925, -0.0010638369713, 0.00243872776628, -0.000809623219538, 0.000247648713412, -0.000866669521201, 0.00157077726908, -0.00221006013453, 0.00113114668056, -0.00077573111048, 0.00121417478658, -0.00133987225126], [0.000159016344696, -0.000915806333069, 0.000642398721538, -0.000809623219538, 0.00577551918104, -0.00220121676102, -0.00108456308953, -0.000553582853172, 6.3862564275e-05, -0.00290399370715, 0.0025711490307, -0.000835274113342, -0.000221409776714], [-0.000578192935791, 0.000353353330866, -0.00179096439388, 0.000247648713412, -0.00220121676102, 0.0102190896869, -0.00308919046074, 0.00271103996783, -0.00176725583151, 0.000908875430468, -0.00317374477163, 0.0023107859306, -0.00141317700036], [-0.000112208144856, -0.00114985636901, 0.000738942006137, -0.000866669521201, -0.00108456308953, -0.00308919046074, 0.00710756471381, -0.0012249549618, 0.00138919369783, -0.000894811237231, 0.000465937831905, -0.00177108030766, 0.00029429863207], [-0.000481022958411, 6.07492329436e-05, -0.0025112114381, 0.00157077726908, -0.000553582853172, 0.00271103996783, -0.0012249549618, 0.0105492295697, -0.00514257652685, 0.00104312680196, -0.00120890198741, 0.00194047600962, -0.00301645626314], [0.000272100791335, 3.18703023368e-05, 0.000744399498217, -0.00221006013453, 6.3862564275e-05, -0.00176725583151, 0.00138919369783, -0.00514257652685, 0.0101923597977, -0.00168853229843, 0.000759585876949, -0.00222010328434, 0.00079098023707], [-0.000470637285616, 0.00031916089938, 1.57333870447e-05, 0.00113114668056, -0.00290399370715, 0.000908875430468, -0.000894811237231, 0.00104312680196, -0.00168853229843, 0.010537430644, -0.00686754751951, 0.00386245758273, -0.0020663307514], [0.000535288243555, -0.000811362464447, 0.000933278060984, -0.00077573111048, 0.0025711490307, -0.00317374477163, 0.000465937831905, -0.00120890198741, 0.000759585876949, -0.00686754751951, 0.0120711829513, -0.00439474033192, 0.00283205742016], [-3.08110284095e-05, 0.000850996060763, -0.00231994804926, 0.00121417478658, -0.000835274113342, 0.0023107859306, -0.00177108030766, 0.00194047600962, -0.00222010328434, 0.00386245758273, -0.00439474033192, 0.0135626206174, -0.00483731925488], [5.26004514541e-05, -0.00100487680174, 0.00207736366428, -0.00133987225126, -0.000221409776714, -0.00141317700036, 0.00029429863207, -0.00301645626314, 0.00079098023707, -0.0020663307514, 0.00283205742016, -0.00483731925488, 0.0128234066069]]
    },
    "melbands": {
        "dmean": [0.0028763958253, 0.00183496531099, 0.000376262760255, 0.000148699211422, 0.00015385633742, 0.000152114123921, 0.000226626201766, 0.00029989136965, 0.000103853402834, 9.77827148745e-05, 0.000115409035061, 0.000114522023068, 0.000109815926407, 6.9983630965e-05, 8.86124616954e-05, 0.000103128790215, 0.000130529369926, 0.000120044212963, 5.39977590961e-05, 2.63035617536e-05, 6.78402466292e-06, 3.20019307765e-06, 1.94366452888e-06, 2.96140296996e-06, 5.75196509089e-06, 1.31254100779e-05, 4.55510962638e-06, 3.5244247556e-06, 3.4605629935e-06, 2.92552545034e-06, 1.87051216471e-06, 9.58221676228e-07, 6.5588852749e-07, 6.80388041019e-07, 9.13089536425e-07, 1.18532125271e-06, 1.35444747684e-06, 1.30120429276e-06, 1.31597437303e-06, 1.62203491527e-06],
        "dmean2": [0.00329534290358, 0.00312504125759, 0.00066061335383, 0.000249635690125, 0.000255030026892, 0.000239898174186, 0.000355137628503, 0.00045507971663, 0.000166520563653, 0.000155119574629, 0.000171792969923, 0.000166391415405, 0.000175929948455, 0.000118016570923, 0.000136387563543, 0.000147306534927, 0.000173713502591, 0.000187515586731, 8.32001460367e-05, 3.56743221346e-05, 9.92307286651e-06, 4.84495330966e-06, 2.98443114843e-06, 4.56175803265e-06, 8.68475763127e-06, 1.90416722035e-05, 6.98120720699e-06, 5.23800645169e-06, 5.21831634615e-06, 4.4656371756e-06, 2.87895909423e-06, 1.49593142851e-06, 1.0593813613e-06, 1.06195921035e-06, 1.46275704083e-06, 1.85048543244e-06, 2.1243554329e-06, 2.02540809369e-06, 1.97398526325e-06, 2.36954247157e-06],
        "dvar": [5.65766931686e-05, 3.64914922102e-05, 1.2385323771e-06, 6.49124984875e-08, 6.15874427012e-08, 4.92137388619e-08, 3.58008293233e-07, 5.97505220412e-07, 8.86984068416e-08, 8.38718889895e-08, 5.5806939514e-08, 7.13571850497e-08, 1.30192532311e-07, 5.84586885566e-08, 7.64275043252e-08, 9.10687916189e-08, 1.41975689871e-07, 9.79313270477e-08, 1.8252331202e-08, 1.18009140238e-08, 3.29302973778e-10, 5.95955992888e-11, 1.45599764884e-11, 2.72983528143e-11, 1.3153030054e-10, 9.07863062505e-10, 1.26606156114e-10, 4.27960340776e-11, 5.77773419386e-11, 3.2689049384e-11, 2.99056265862e-11, 6.40444294819e-12, 4.38880529141e-12, 4.51826250025e-12, 9.77264623392e-12, 1.36602127179e-11, 1.26650486973e-11, 9.70882835932e-12, 1.1033708669e-11, 1.34327497042e-11],
        "dvar2": [7.78232279117e-05, 9.90742773865e-05, 3.46897377312e-06, 1.65873871083e-07, 1.65413368336e-07, 1.17382363385e-07, 8.55472023886e-07, 1.37062852446e-06, 2.19752450903e-07, 2.01552410317e-07, 1.1413987977e-07, 1.44950178083e-07, 3.42473157389e-07, 1.60859570997e-07, 1.77696350079e-07, 1.86666625268e-07, 2.07211769521e-07, 2.15322543795e-07, 3.92127432747e-08, 1.97852081385e-08, 5.98024685328e-10, 1.10766736061e-10, 3.22820416232e-11, 6.05273400844e-11, 2.58200877346e-10, 1.77818260116e-09, 2.90146240367e-10, 8.0625131571e-11, 1.22026291849e-10, 7.50707690456e-11, 6.40268879581e-11, 1.68864106725e-11, 1.14504681778e-11, 1.13554183417e-11, 2.49128669083e-11, 2.76748242378e-11, 3.04494103542e-11, 2.24999515547e-11, 2.19691799475e-11, 2.42811586809e-11],
        "max": [0.0707899555564, 0.0495230928063, 0.0102421250194, 0.00354265095666, 0.00296282023191, 0.00342254759744, 0.0100739132613, 0.011889198795, 0.00478998990729, 0.00403669290245, 0.00325487065129, 0.00490436330438, 0.00380670581944, 0.0028396572452, 0.00541554484516, 0.00775468442589, 0.00801537558436, 0.00445083808154, 0.0020873977337, 0.00212825578637, 0.000387362932088, 0.0002539739653, 9.27652799874e-05, 7.10762615199e-05, 0.000301455991575, 0.000812724116258, 0.000235146188061, 0.000141578828334, 0.00018775339413, 8.71612865012e-05, 0.000118729236419, 4.01855068048e-05, 3.44762047462e-05, 2.77015678876e-05, 5.76454222028e-05, 7.02175530023e-05, 4.75863307656e-05, 5.47905437998e-05, 6.17140831309e-05, 7.06030259607e-05],
        "mean": [0.00449916347861, 0.00230667670257, 0.00050250638742, 0.000285910296952, 0.000298823899357, 0.000295411649859, 0.000431631517131, 0.000507476215716, 0.000181728159077, 0.000153891611262, 0.000192551786313, 0.000200367809157, 0.000157139555085, 9.39645688049e-05, 0.000138540577609, 0.000189977610717, 0.000259206834016, 0.000209338017157, 9.57987140282e-05, 4.3626238039e-05, 1.1853228898e-05, 5.38744461664e-06, 3.21501920553e-06, 5.53524387215e-06, 1.00071547422e-05, 2.62429348368e-05, 9.38429820962e-06, 7.21408787285e-06, 6.96276356393e-06, 6.38002575215e-06, 3.62203695659e-06, 1.58093450864e-06, 9.45836291066e-07, 9.63991396929e-07, 1.25358997138e-06, 1.78095990577e-06, 2.26808583648e-06, 2.20091556002e-06, 2.29033298638e-06, 3.14303406412e-06],
        "median": [0.000441803771537, 0.000519978755619, 0.000151410320541, 0.000165577366715, 0.000161077958182, 0.000137310271384, 0.000213097402593, 0.000155947287567, 4.24351419497e-05, 2.73694222415e-05, 5.9412453993e-05, 3.72181239072e-05, 2.31314043049e-05, 1.23943518702e-05, 2.60211290879e-05, 2.42352416535e-05, 2.8184713301e-05, 2.73285131698e-05, 1.49371098814e-05, 5.34827586307e-06, 3.51733388015e-06, 2.87054695036e-06, 1.33542073399e-06, 2.26815859605e-06, 4.38221741206e-06, 6.28526231594e-06, 3.75622857973e-06, 3.43798183167e-06, 2.29055922318e-06, 1.7772266574e-06, 1.13743271868e-06, 5.74404111831e-07, 2.66868084964e-07, 2.47044454227e-07, 3.53520761109e-07, 5.53180427687e-07, 1.03498030057e-06, 1.03570914689e-06, 1.09829659323e-06, 1.51097447088e-06],
        "min": [9.28751266152e-24, 2.38294716183e-23, 2.23794711215e-23, 1.01810609309e-23, 7.77630286944e-24, 3.81536876102e-24, 1.40987682227e-23, 1.25766997603e-23, 1.0284897903e-23, 1.02362551618e-23, 4.96281585704e-24, 9.48756226506e-24, 7.29603961717e-24, 7.28355352677e-24, 6.9545014994e-24, 4.71405054273e-24, 5.71212682635e-24, 1.14727086449e-23, 1.29686516119e-23, 1.35159167652e-23, 1.31547312777e-23, 6.06306856055e-24, 9.67754915889e-24, 1.67169881008e-23, 7.05376702255e-24, 1.14821520988e-23, 1.60241741662e-23, 1.12195142711e-23, 1.46696258391e-23, 1.03192977605e-23, 6.94489001813e-24, 1.07323737294e-23, 1.15251221412e-23, 8.56675411824e-24, 5.11936924799e-24, 9.20298700438e-24, 1.53074798344e-23, 1.34722012492e-23, 1.49497156366e-23, 1.10762429312e-23],
        "stdev": [0.0114770932123, 0.00559932366014, 0.00103569659404, 0.000357555953087, 0.000345580687281, 0.000386659114156, 0.000721718883142, 0.000978254945949, 0.000401356548537, 0.000397353898734, 0.000351365451934, 0.000437036127551, 0.000383082631743, 0.000236104475334, 0.000346410146449, 0.000583635119256, 0.000804437091574, 0.000450661755167, 0.000208503290196, 0.000170551720657, 2.9964830901e-05, 1.1115081179e-05, 5.57494240638e-06, 8.71417068993e-06, 1.89000420505e-05, 5.97287653363e-05, 1.85276185221e-05, 1.05565259219e-05, 1.27770426843e-05, 1.08653648567e-05, 7.05799629941e-06, 2.92502227239e-06, 2.42937517214e-06, 2.58398858932e-06, 3.59341083822e-06, 4.93987272421e-06, 4.39142968389e-06, 4.04643378715e-06, 4.69935230285e-06, 5.76307274969e-06],
        "var": [0.000131723660161, 3.13524251396e-05, 1.07266737359e-06, 1.27846263354e-07, 1.19426005085e-07, 1.4950526861e-07, 5.20878131738e-07, 9.56982830758e-07, 1.6108707257e-07, 1.57890113428e-07, 1.23457681411e-07, 1.91000580685e-07, 1.46752299202e-07, 5.57453248007e-08, 1.19999995718e-07, 3.40629924267e-07, 6.47119009045e-07, 2.03096021778e-07, 4.34736229238e-08, 2.90878912068e-08, 8.97891094809e-10, 1.23545035313e-10, 3.10799823378e-11, 7.59367707603e-11, 3.57211593638e-10, 3.56752560826e-09, 3.43272660297e-10, 1.11440238981e-10, 1.63252827923e-10, 1.18056148191e-10, 4.9815311598e-11, 8.55575506276e-12, 5.9018640669e-12, 6.67699706289e-12, 1.29126015436e-11, 2.44023429935e-11, 1.92846554697e-11, 1.6373626413e-11, 2.20839110887e-11, 3.32130052627e-11]
    },
    "melbands128": {
