{
"lowlevel": {
    "average_loudness": 0.949492990971,
    "barkbands_crest": {
        "dmean": 3.7417781353,
        "dmean2": 5.76841640472,
        "dvar": 10.5347118378,
        "dvar2": 24.3424072266,
        "max": 26.3315143585,
        "mean": 12.0486955643,
        "median": 11.343708992,
        "min": 2.57719874382,
        "stdev": 5.43081760406,
        "var": 29.4937801361
    },
    "barkbands_flatness_db": {
        "dmean": 0.0416605062783,
        "dmean2": 0.0602071806788,
        "dvar": 0.00187505048234,
        "dvar2": 0.00374783785082,
        "max": 0.446830421686,
        "mean": 0.16858330369,
        "median": 0.171294182539,
        "min": 0.0156673099846,
        "stdev": 0.0727202296257,
        "var": 0.00528823211789
    },
    "barkbands_kurtosis": {
        "dmean": 7.56652355194,
        "dmean2": 11.3243808746,
        "dvar": 309.384735107,
        "dvar2": 567.434082031,
        "max": 305.801391602,
        "mean": 8.76851558685,
        "median": 1.94125127792,
        "min": -1.78892767429,
        "stdev": 23.123922348,
        "var": 534.715759277
    },
    "barkbands_skewness": {
        "dmean": 1.03600370884,
        "dmean2": 1.57451927662,
        "dvar": 1.68248867989,
        "dvar2": 3.65288829803,
        "max": 15.0593500137,
        "mean": 1.9187066555,
        "median": 1.41683900356,
        "min": -2.0876967907,
        "stdev": 1.96528828144,
        "var": 3.86235785484
    },
    "barkbands_spread": {
        "dmean": 11.0469675064,
        "dmean2": 17.7778244019,
        "dvar": 219.552627563,
        "dvar2": 563.846374512,
        "max": 101.361480713,
        "mean": 22.2970600128,
        "median": 18.7196369171,
        "min": 0.652155578136,
        "stdev": 16.1609535217,
        "var": 261.176391602
    },
    "dissonance": {
        "dmean": 0.0273635964841,
        "dmean2": 0.044752702117,
        "dvar": 0.000942890939768,
        "dvar2": 0.00239897170104,
        "max": 0.500000059605,
        "mean": 0.453166246414,
        "median": 0.461343258619,
        "min": 0,
        "stdev": 0.0370951257646,
        "var": 0.00137604831252
    },
    "dynamic_complexity": 2.49882507324,
    "erbbands_crest": {
        "dmean": 3.36255526543,
        "dmean2": 5.32876968384,
        "dvar": 8.34892272949,
        "dvar2": 20.0442333221,
        "max": 29.4775791168,
        "mean": 9.66242980957,
        "median": 8.85482788086,
        "min": 2.74471330643,
        "stdev": 4.41989850998,
        "var": 19.5355033875
    },
    "erbbands_flatness_db": {
        "dmean": 0.0274934880435,
        "dmean2": 0.0374685637653,
        "dvar": 0.000709658197593,
        "dvar2": 0.00132368714549,
        "max": 0.441021025181,
        "mean": 0.167288243771,
        "median": 0.165663868189,
        "min": 0.0583580359817,
        "stdev": 0.0563130229712,
        "var": 0.00317115662619
    },
    "erbbands_kurtosis": {
        "dmean": 1.42189109325,
        "dmean2": 2.12225055695,
        "dvar": 2.47937440872,
        "dvar2": 5.27161931992,
        "max": 20.4171848297,
        "mean": 1.22260034084,
        "median": 0.558546543121,
        "min": -1.74581730366,
        "stdev": 2.44793128967,
        "var": 5.99236726761
    },
    "erbbands_skewness": {
        "dmean": 0.52508354187,
        "dmean2": 0.817134797573,
        "dvar": 0.237859860063,
        "dvar2": 0.596291661263,
        "max": 3.47718024254,
        "mean": 0.397824078798,
        "median": 0.375032424927,
        "min": -2.40880966187,
        "stdev": 0.794715940952,
        "var": 0.631573438644
    },
    "erbbands_spread": {
        "dmean": 13.6204967499,
        "dmean2": 20.4549350739,
        "dvar": 278.411468506,
        "dvar2": 679.890075684,
        "max": 158.218276978,
        "mean": 38.278465271,
        "median": 33.5656204224,
        "min": 4.17864227295,
        "stdev": 22.9033527374,
        "var": 524.563598633
    },
    "hfc": {
        "dmean": 21.1935596466,
        "dmean2": 34.9960708618,
        "dvar": 2077.78491211,
        "dvar2": 5731.14697266,
        "max": 280.210754395,
        "mean": 24.9715919495,
        "median": 12.4085493088,
        "min": 1.12103182678e-16,
        "stdev": 39.1475982666,
        "var": 1532.5345459
    },
    "loudness_ebu128": {
        "integrated": -7.18592786789,
        "loudness_range": 2.72798728943,
        "momentary": {
            "dmean": 0.628625869751,
            "dmean2": 0.961656153202,
            "dvar": 0.273417562246,
            "dvar2": 0.576666474342,
            "max": -5.07060575485,
            "mean": -7.4667057991,
            "median": -6.95999193192,
            "min": -12.7210655212,
            "stdev": 1.67972302437,
            "var": 2.82146930695
        },
        "short_term": {
            "dmean": 0.0958604067564,
            "dmean2": 0.120602943003,
            "dvar": 0.00631239591166,
            "dvar2": 0.00986079592258,
            "max": -5.98144245148,
            "mean": -7.36675834656,
            "median": -6.941614151,
            "min": -10.5638189316,
            "stdev": 1.12529325485,
            "var": 1.26628482342
        }
    },
    "melbands_crest": {
        "dmean": 4.41763353348,
        "dmean2": 6.84952545166,
        "dvar": 16.5492687225,
        "dvar2": 36.62733078,
        "max": 37.2031974792,
        "mean": 17.0841121674,
        "median": 15.8389911652,
        "min": 2.43906807899,
        "stdev": 7.62200641632,
        "var": 58.0949821472
    },
    "melbands_flatness_db": {
        "dmean": 0.0521483533084,
        "dmean2": 0.0762318819761,
        "dvar": 0.00352827459574,
        "dvar2": 0.00739641720429,
        "max": 0.585548758507,
        "mean": 0.217643290758,
        "median": 0.211835518479,
        "min": 0.00519506633282,
        "stdev": 0.0960867851973,
        "var": 0.00923267006874
    },
    "melbands_kurtosis": {
        "dmean": 16.7795619965,
        "dmean2": 27.2040901184,
        "dvar": 1270.06787109,
        "dvar2": 3114.75708008,
        "max": 357.019317627,
        "mean": 22.4780445099,
        "median": 7.15381145477,
        "min": -1.7085416317,
        "stdev": 43.3747711182,
        "var": 1881.37084961
    },
    "melbands_skewness": {
        "dmean": 1.26829397678,
        "dmean2": 2.0259616375,
        "dvar": 2.8723897934,
        "dvar2": 7.07516050339,
        "max": 15.9456930161,
        "mean": 3.06880068779,
        "median": 2.3642437458,
        "min": -1.12037587166,
        "stdev": 2.52695703506,
        "var": 6.38551235199
    },
    "melbands_spread": {
        "dmean": 15.134894371,
        "dmean2": 25.5673027039,
        "dvar": 609.514892578,
        "dvar2": 1541.13647461,
        "max": 180.502792358,
        "mean": 25.3556442261,
        "median": 18.7023887634,
        "min": 0.516060054302,
        "stdev": 25.1534614563,
        "var": 632.696655273
    },
    "pitch_salience": {
        "dmean": 0.104840129614,
        "dmean2": 0.156276330352,
        "dvar": 0.00912888906896,
        "dvar2": 0.0197355914861,
        "max": 0.971466422081,
        "mean": 0.509374916553,
        "median": 0.531363725662,
        "min": 0.0643575787544,
        "stdev": 0.175725132227,
        "var": 0.0308793224394
    },
    "silence_rate_20dB": {
        "dmean": 0,
        "dmean2": 0,
        "dvar": 0,
        "dvar2": 0,
        "max": 1,
        "mean": 1,
        "median": 1,
        "min": 1,
        "stdev": 0,
        "var": 0
    },
    "silence_rate_30dB": {
        "dmean": 0.00464396271855,
        "dmean2": 0.00929511990398,
        "dvar": 0.0046223658137,
        "dvar2": 0.0107579762116,
        "max": 1,
        "mean": 0.994586229324,
        "median": 1,
        "min": 0,
        "stdev": 0.0733788609505,
        "var": 0.00538445683196
    },
    "silence_rate_60dB": {
        "dmean": 0.0487616099417,
        "dmean2": 0.0975987613201,
        "dvar": 0.0463832952082,
        "dvar2": 0.102017849684,
        "max": 1,
        "mean": 0.0626450106502,
        "median": 0,
        "min": 0,
        "stdev": 0.242323771119,
        "var": 0.0587208122015
    },
    "spectral_centroid": {
        "dmean": 510.707489014,
        "dmean2": 795.368164062,
        "dvar": 444492.625,
        "dvar2": 1069653.5,
        "max": 10793.4619141,
        "mean": 1395.91796875,
        "median": 1235.47595215,
        "min": 172.873077393,
        "stdev": 818.083862305,
        "var": 669261.1875
    },
    "spectral_complexity": {
        "dmean": 6.96130037308,
        "dmean2": 10.4446163177,
        "dvar": 85.7727355957,
        "dvar2": 182.699386597,
        "max": 62,
        "mean": 16.3325595856,
        "median": 12,
        "min": 0,
        "stdev": 12.3297967911,
        "var": 152.023880005
    },
    "spectral_decrease": {
        "dmean": 2.93274871055e-09,
        "dmean2": 4.3644226011e-09,
        "dvar": 1.57871803963e-17,
        "dvar2": 3.20331350127e-17,
        "max": -6.9441161556e-29,
        "mean": -7.03236935351e-09,
        "median": -4.72866856782e-09,
        "min": -3.24215463365e-08,
        "stdev": 6.41290220926e-09,
        "var": 4.11253123999e-17
    },
    "spectral_energy": {
        "dmean": 0.0115745086223,
        "dmean2": 0.0167719200253,
        "dvar": 0.000222227841732,
        "dvar2": 0.000424673402449,
        "max": 0.123305179179,
        "mean": 0.0288067851216,
        "median": 0.0194330569357,
        "min": 1.04301691441e-20,
        "stdev": 0.0252239909023,
        "var": 0.000636249722447
    },
    "spectral_energyband_high": {
        "dmean": 0.00199885061011,
        "dmean2": 0.00342621095479,
        "dvar": 2.17469823838e-05,
        "dvar2": 6.03924963798e-05,
        "max": 0.028334280476,
        "mean": 0.00168234691955,
        "median": 0.000290962489089,
        "min": 7.6204942894e-21,
        "stdev": 0.00385772553273,
        "var": 1.48820463437e-05
    },
    "spectral_energyband_low": {
        "dmean": 0.00816487055272,
        "dmean2": 0.0131933549419,
        "dvar": 0.000250454933848,
        "dvar2": 0.000569727213588,
        "max": 0.119928628206,
        "mean": 0.0149060711265,
        "median": 0.00473639881238,
        "min": 5.94945452528e-23,
        "stdev": 0.0232188254595,
        "var": 0.000539113825653
    },
    "spectral_energyband_middle_high": {
        "dmean": 0.00254850042984,
        "dmean2": 0.00375344860367,
        "dvar": 1.10603723442e-05,
        "dvar2": 2.443307676e-05,
        "max": 0.0313228033483,
        "mean": 0.00463317846879,
        "median": 0.0028059927281,
        "min": 1.47596163143e-21,
        "stdev": 0.00499466247857,
        "var": 2.49466520472e-05
    },
    "spectral_energyband_middle_low": {
        "dmean": 0.00558361737058,
        "dmean2": 0.00885370001197,
        "dvar": 8.82312451722e-05,
        "dvar2": 0.000219047156861,
        "max": 0.0567875467241,
        "mean": 0.00837497785687,
        "median": 0.00467466982082,
        "min": 3.54925232488e-22,
        "stdev": 0.0100100124255,
        "var": 0.000100200348243
    },
    "spectral_entropy": {
        "dmean": 0.327366292477,
        "dmean2": 0.479605853558,
        "dvar": 0.128062605858,
        "dvar2": 0.254467815161,
        "max": 9.8089132309,
        "mean": 7.50308895111,
        "median": 7.44180870056,
        "min": 5.98107719421,
        "stdev": 0.564485192299,
        "var": 0.318643540144
    },
    "spectral_flux": {
        "dmean": 0.0377812236547,
        "dmean2": 0.0556929074228,
        "dvar": 0.00162065157201,
        "dvar2": 0.00299551198259,
        "max": 0.321217030287,
        "mean": 0.098429210484,
        "median": 0.0780615583062,
        "min": 1.02128201729e-10,
        "stdev": 0.0668076649308,
        "var": 0.00446326378733
    },
    "spectral_kurtosis": {
        "dmean": 2.43400216103,
        "dmean2": 3.79910802841,
        "dvar": 17.2609386444,
        "dvar2": 39.2450180054,
        "max": 74.8251953125,
        "mean": 5.06887674332,
        "median": 3.52631092072,
        "min": -1.21905875206,
        "stdev": 6.08361339569,
        "var": 37.0103530884
    },
    "spectral_rms": {
        "dmean": 0.00105502421502,
        "dmean2": 0.00147018115968,
        "dvar": 1.47519665461e-06,
        "dvar2": 2.5639812975e-06,
        "max": 0.010968032293,
        "mean": 0.00477957725525,
        "median": 0.00435420265421,
        "min": 3.18994895603e-12,
        "stdev": 0.00229342887178,
        "var": 5.25981613464e-06
    },
    "spectral_rolloff": {
        "dmean": 1313.82629395,
        "dmean2": 2342.76660156,
        "dvar": 6075836.5,
        "dvar2": 15880083,
        "max": 18453.9550781,
        "mean": 1792.46862793,
        "median": 1162.79296875,
        "min": 43.06640625,
        "stdev": 2291.79052734,
        "var": 5252303.5
    },
    "spectral_skewness": {
        "dmean": 0.355267703533,
        "dmean2": 0.535880506039,
        "dvar": 0.171010807157,
        "dvar2": 0.350290596485,
        "max": 6.98065042496,
        "mean": 1.75594246387,
        "median": 1.69702041149,
        "min": -0.0127391666174,
        "stdev": 0.687994062901,
        "var": 0.473335802555
    },
    "spectral_spread": {
        "dmean": 987810.5,
        "dmean2": 1403096.5,
        "dvar": 1.72090025574e+12,
        "dvar2": 2.5711041577e+12,
        "max": 40959188,
        "mean": 5490841,
        "median": 5296517.5,
        "min": 921730.0625,
        "stdev": 2241206,
        "var": 5.02300462285e+12
    },
    "spectral_strongpeak": {
        "dmean": 0.484211415052,
        "dmean2": 0.820923507214,
        "dvar": 0.572722375393,
        "dvar2": 1.40013480186,
        "max": 6.72022199631,
        "mean": 0.788235127926,
        "median": 0.457359701395,
        "min": 0,
        "stdev": 0.917836427689,
        "var": 0.842423677444
    },
    "zerocrossingrate": {
        "dmean": 0.0193933062255,
        "dmean2": 0.0245377402753,
        "dvar": 0.000665394356474,
        "dvar2": 0.000912611489184,
        "max": 0.484375,
        "mean": 0.0623919963837,
        "median": 0.05615234375,
        "min": 0.0029296875,
        "stdev": 0.0417696423829,
        "var": 0.00174470304046
    },
    "barkbands": {
        "dmean": [0.000889800081495, 0.00679327966645, 0.00339049962349, 0.00238430220634, 0.00106733210851, 0.00171134842094, 0.000535222468898, 0.000952304166276, 0.000396850489778, 0.000487811979838, 0.00026176229585, 0.000565904716495, 0.000538647291251, 0.000386182655348, 0.000260011962382, 0.000259745545918, 0.000209429461393, 0.000334640761139, 0.00024076650152, 0.000298463273793, 0.000270463060588, 0.000277596322121, 0.000312531978125, 0.000373354530893, 0.000349712849129, 0.000276066479273, 1.33558678499e-05],
        "dmean2": [0.00149359530769, 0.0103554707021, 0.00601250771433, 0.00434188963845, 0.00170357478783, 0.00251122564077, 0.000864720903337, 0.00147580320481, 0.000613248615991, 0.000744315329939, 0.000380797107937, 0.000815112493001, 0.000822938920464, 0.000615088792983, 0.000385079300031, 0.00044572527986, 0.000350175483618, 0.000558058614843, 0.000383669015719, 0.000508927507326, 0.000428309198469, 0.000478328554891, 0.000544673064724, 0.000660520337988, 0.000628400011919, 0.0005015883944, 2.48762589763e-05],
        "dvar": [3.97585381506e-06, 0.000171493753442, 0.000115413728054, 4.95697349834e-05, 2.66400002147e-06, 1.33926287162e-05, 8.89548289251e-07, 3.52239430867e-06, 5.50343202121e-07, 7.62163381296e-07, 3.98020830517e-07, 1.2949099073e-06, 7.54058817165e-07, 4.69247197543e-07, 3.13583655043e-07, 2.93742516533e-07, 1.61586598324e-07, 2.64062236965e-07, 1.75361677179e-07, 3.84112212259e-07, 2.58510169715e-07, 3.9648327288e-07, 5.27005965978e-07, 7.95021662725e-07, 9.85681481325e-07, 7.16447345894e-07, 1.67925806593e-09],
        "dvar2": [1.1574360542e-05, 0.000384294777177, 0.000308034359477, 0.000141211581649, 6.79179947838e-06, 2.62418507191e-05, 2.16418084165e-06, 8.87634996616e-06, 1.14758768177e-06, 1.71940826021e-06, 8.73363262599e-07, 2.77898379863e-06, 1.61530510923e-06, 1.08293340872e-06, 6.36268907783e-07, 8.23358050184e-07, 4.09132098866e-07, 6.81844881001e-07, 4.10053360156e-07, 1.00862632735e-06, 5.82562677209e-07, 1.06947243239e-06, 1.46876084273e-06, 2.2274107323e-06, 2.77049753095e-06, 2.02183287001e-06, 4.77816586297e-09],
        "max": [0.021226933226, 0.117312796414, 0.0723536163568, 0.0448099672794, 0.0121816955507, 0.0304080098867, 0.00900485180318, 0.0268433578312, 0.012463580817, 0.0103883622214, 0.0116758877411, 0.0234419181943, 0.00980035401881, 0.00783237721771, 0.00925091374665, 0.00462484266609, 0.0058489353396, 0.00337766902521, 0.00281191640534, 0.00409007677808, 0.00376839609817, 0.00435087503865, 0.00514155393466, 0.00662167277187, 0.00680862134323, 0.00590243050829, 0.000337897479767],
        "mean": [0.00120092392899, 0.0105777783319, 0.00240036495961, 0.00164816936012, 0.00151921703946, 0.00232710898854, 0.000692761444952, 0.00133734929841, 0.000734986562748, 0.000739959534258, 0.000329029455315, 0.000808793702163, 0.00074999500066, 0.000486633856781, 0.000344430620316, 0.000257983367192, 0.00022254641226, 0.000369924149709, 0.000261842855252, 0.000249723525485, 0.000294924160698, 0.000230285775615, 0.000266566552455, 0.000303813169012, 0.000262436893536, 0.000181124836672, 8.10963683762e-06],
        "median": [0.000100988865597, 0.00180872774217, 0.000186505581951, 0.000215315201785, 0.000728897983208, 0.000558691390324, 0.000250814307947, 0.000538943218999, 0.000220458285185, 0.000240921988734, 7.71867344156e-05, 0.000212955317693, 0.000214322149986, 0.000145174999489, 8.34506354295e-05, 5.64516849408e-05, 5.26940420968e-05, 0.000128853978822, 7.06894061295e-05, 4.88204132125e-05, 2.96483285638e-05, 9.53942162596e-06, 5.75631056563e-05, 6.23149826424e-05, 4.41231168224e-05, 8.24509970698e-06, 3.1336497841e-08],
        "min": [9.11090327092e-24, 1.61000594299e-23, 3.66869829838e-23, 7.05548437274e-24, 7.65218554565e-23, 3.64353742204e-23, 1.09827499766e-22, 3.92637466436e-23, 6.40825981429e-23, 1.25165290792e-22, 1.02247890686e-22, 4.40453481345e-23, 1.23534633259e-22, 9.1503478939e-23, 1.53884371581e-22, 1.20433791435e-22, 1.77576073375e-22, 2.40697996708e-22, 1.94652955598e-22, 3.6143549328e-22, 4.33086050605e-22, 5.04815847431e-22, 7.07996427279e-22, 8.59701674739e-22, 1.29980901654e-21, 1.67671701305e-21, 2.09509097185e-21],
        "stdev": [0.00230217934586, 0.0179098434746, 0.00881796237081, 0.00539009971544, 0.00190102052875, 0.00488742813468, 0.00110785174184, 0.00207858602516, 0.00143542140722, 0.00126010132954, 0.000749201339204, 0.00171005097218, 0.00121806957759, 0.000857559265569, 0.000791351660155, 0.000526913790964, 0.000421084201662, 0.00054461468244, 0.000457078509498, 0.000560620392207, 0.000593901495449, 0.000547855102923, 0.000592630764004, 0.000727643200662, 0.000780686095823, 0.000651912065223, 3.12008633045e-05],
        "var": [5.30002944288e-06, 0.00032076248317, 7.77564637247e-05, 2.90531734208e-05, 3.61387901648e-06, 2.38869524765e-05, 1.22733558783e-06, 4.32051956523e-06, 2.06043478101e-06, 1.58785542226e-06, 5.61302670121e-07, 2.92427444037e-06, 1.48369360886e-06, 7.35407866159e-07, 6.2623746544e-07, 2.77638150692e-07, 1.77311903826e-07, 2.96605151107e-07, 2.08920752698e-07, 3.14295192538e-07, 3.52719013108e-07, 3.00145217125e-07, 3.51211213001e-07, 5.29464614374e-07, 6.09470760082e-07, 4.24989337944e-07, 9.73493952117e-10]
    },
    "erbbands": {
        "dmean": [0.303078711033, 1.23095226288, 3.16538000107, 6.3254237175, 5.39008140564, 3.06772708893, 6.58319616318, 18.8926525116, 7.71992254257, 11.7734212875, 20.9403934479, 7.95429039001, 13.3160943985, 13.6628761292, 12.4179077148, 23.2983493805, 22.022808075, 20.8399658203, 17.5643177032, 11.0360803604, 13.9781970978, 11.7395496368, 16.0495567322, 15.0210018158, 12.8163604736, 14.9787769318, 11.3683929443, 10.8178596497, 10.5623283386, 8.47672271729, 9.7930316925, 7.72980117798, 6.06955003738, 3.78364896774, 2.46290063858, 1.22050964832, 0.417197883129, 0.108575105667, 0.00235244189389, 7.77579771238e-05],
        "dmean2": [0.474469482899, 1.84965443611, 5.4933552742, 11.1292190552, 9.40528392792, 4.74363040924, 9.99253845215, 27.6166000366, 12.5678100586, 18.4891662598, 32.6476860046, 12.1326055527, 20.0509605408, 20.8091602325, 18.1231384277, 33.3958702087, 33.7825965881, 31.8222789764, 26.3257465363, 16.7883071899, 23.8503952026, 19.7810268402, 26.3926429749, 25.1603775024, 20.6497173309, 25.8161315918, 18.564081192, 17.6621017456, 18.2967681885, 14.4436588287, 17.2017021179, 13.6634902954, 10.7563896179, 6.75401687622, 4.4565410614, 2.20365643501, 0.754969060421, 0.201220214367, 0.00433219131082, 0.00013582034444],
        "dvar": [0.365960717201, 5.48549842834, 87.2248535156, 355.063812256, 185.957519531, 20.4889068604, 112.946723938, 1926.4934082, 223.95602417, 512.197875977, 1931.14953613, 205.121414185, 449.139556885, 654.608337402, 657.270080566, 2644.92602539, 1404.06005859, 1370.86865234, 1184.16674805, 432.483062744, 916.34576416, 491.557647705, 578.144592285, 657.47869873, 564.301208496, 1038.74926758, 488.475128174, 438.807189941, 550.245483398, 374.783782959, 571.472167969, 327.694549561, 215.502243042, 105.231712341, 52.3646240234, 13.6193399429, 1.56965208054, 0.115039072931, 4.67979552923e-05, 4.18011296688e-08],
        "dvar2": [0.874689400196, 11.7715396881, 229.114089966, 956.141845703, 528.025695801, 44.7595596313, 226.555648804, 4280.65429688, 562.316650391, 1212.6932373, 4932.38183594, 461.249908447, 1036.58666992, 1490.81396484, 1490.47692871, 5442.890625, 3162.57568359, 2754.55004883, 2442.46386719, 814.288635254, 2607.13916016, 1329.97839355, 1426.15014648, 1760.33093262, 1320.31567383, 2767.22290039, 1216.40124512, 999.678833008, 1460.49487305, 1035.28796387, 1607.60778809, 911.791748047, 605.078796387, 295.50112915, 147.285049438, 38.3191833496, 4.41119241714, 0.32763338089, 0.000132666900754, 1.17747006811e-07],
        "max": [4.51653432846, 22.8523483276, 62.5171699524, 131.760101318, 86.8386383057, 41.6374511719, 97.1532058716, 353.430969238, 113.039337158, 310.650939941, 725.991882324, 217.31111145, 281.603179932, 301.19519043, 424.907775879, 1193.63757324, 479.128417969, 516.80090332, 514.772644043, 573.452575684, 257.280273438, 147.041809082, 227.87399292, 183.535324097, 210.484893799, 215.202133179, 174.993469238, 164.349243164, 165.748321533, 116.206558228, 168.578460693, 126.230667114, 103.519325256, 76.4182281494, 47.7978897095, 23.9673614502, 8.59169197083, 2.55336785316, 0.0474860966206, 0.00147170783021],
        "mean": [0.426892250776, 1.90169346333, 2.72338461876, 4.59469127655, 5.31670188904, 4.33299684525, 10.0258646011, 22.9795894623, 10.7593679428, 16.0808029175, 29.7357616425, 14.4732532501, 23.6029491425, 20.249414444, 18.3472537994, 34.2550735474, 30.7167778015, 31.1950702667, 23.8537597656, 14.5047578812, 14.2537117004, 12.76811409, 19.1033420563, 16.1525917053, 12.9008016586, 12.3089637756, 11.332947731, 11.3527441025, 8.8234577179, 7.16852140427, 8.13268852234, 6.27652406693, 5.0175614357, 3.06083631516, 1.72578966618, 0.832341551781, 0.275129646063, 0.0656265616417, 0.00144288269803, 7.72945058998e-05],
        "median": [0.0510373674333, 0.236995637417, 0.341014564037, 0.533913254738, 1.15851759911, 1.94346857071, 3.33965349197, 3.84906792641, 3.72998785973, 7.00696563721, 11.4806251526, 5.91150712967, 8.82701969147, 7.43709039688, 6.53654336929, 9.12152194977, 10.5045442581, 10.5106191635, 6.60532426834, 4.38128566742, 3.47889304161, 3.64796829224, 7.12068557739, 5.5719704628, 3.29917645454, 2.27744340897, 1.43295109272, 0.75080537796, 0.353952974081, 0.798044145107, 1.79195547104, 1.11200666428, 1.19970977306, 0.679425001144, 0.164173692465, 0.0540555380285, 0.0122803859413, 0.000787605706137, 3.68347318727e-05, 2.73642253887e-05],
        "min": [2.98444836402e-22, 4.85128383396e-21, 4.14594619862e-20, 2.46164475119e-20, 1.62833579659e-19, 2.46622994904e-19, 1.90547684471e-19, 4.81540815453e-19, 1.8651731673e-18, 6.90244584458e-19, 1.01677185652e-18, 1.4949449095e-18, 2.16295136358e-18, 6.57526820176e-18, 2.67007780596e-18, 2.00198594548e-18, 4.24663855855e-18, 7.2715594765e-18, 7.13217127148e-18, 6.64449453364e-18, 7.17716327935e-18, 9.87567211014e-18, 1.21301570056e-17, 1.05836245636e-17, 1.07971182253e-17, 1.63443957267e-17, 2.225246046e-17, 1.5198808481e-17, 1.46777607957e-17, 2.51299637307e-17, 1.64241954947e-17, 1.42038491704e-17, 1.61648627922e-17, 9.81221329509e-18, 1.10856967256e-17, 6.21664487437e-18, 3.53698004511e-18, 1.11189762696e-18, 3.16798464832e-19, 3.04162938471e-20],
        "stdev": [0.784677028656, 3.1944873333, 8.00113773346, 15.4082365036, 11.3268766403, 5.79385089874, 15.1093587875, 54.189781189, 17.3349914551, 26.7398986816, 47.8276596069, 23.4273738861, 36.5285224915, 34.7307128906, 31.750202179, 79.4493331909, 48.7035903931, 54.4046669006, 46.2053222656, 32.7141990662, 30.473449707, 21.8326835632, 26.9453487396, 25.8245506287, 24.6030845642, 28.519865036, 22.8000831604, 24.0258388519, 20.8806304932, 16.3372077942, 19.1255168915, 15.0132379532, 11.8817672729, 8.18135929108, 5.63521432877, 2.86408019066, 0.970013558865, 0.256755501032, 0.00522474944592, 0.000165539357113],
        "var": [0.615718066692, 10.2047491074, 64.0182113647, 237.413742065, 128.298126221, 33.5687065125, 228.292724609, 2936.5324707, 300.501922607, 715.022216797, 2287.48510742, 548.84185791, 1334.33288574, 1206.22229004, 1008.07537842, 6312.19628906, 2372.03955078, 2959.86767578, 2134.93164062, 1070.21875, 928.631103516, 476.666046143, 726.051818848, 666.907409668, 605.311767578, 813.382751465, 519.84375, 577.240905762, 436.000762939, 266.904388428, 365.785369873, 225.39730835, 141.176391602, 66.9346466064, 31.7556400299, 8.20295524597, 0.940926253796, 0.0659233927727, 2.72980050795e-05, 2.74032796455e-08]
    },
    "gfcc": {
        "mean": [-20.5685214996, 70.75831604, -119.620155334, 12.8363618851, -70.1264953613, 19.1693344116, -48.4127197266, 14.1598949432, -28.5594062805, 0.777737021446, -7.52323293686, -3.87064433098, -13.8030815125],
        "cov": [[8494.92382812, -1622.36340332, 700.864440918, 1185.484375, 187.10559082, 334.507049561, 198.224746704, 153.183746338, -53.6254234314, 491.884979248, -371.989318848, 404.883117676, -174.073013306], [-1622.36340332, 2349.22924805, 496.385742188, 53.3745689392, 686.954101562, 410.751068115, 546.114746094, 244.977813721, 457.236297607, -26.2909183502, 432.711639404, -28.7515926361, 188.571105957], [700.864440918, 496.385742188, 1687.47216797, 816.708618164, 541.938293457, 446.215789795, 453.813140869, 228.71333313, 227.60874939, 219.937011719, -43.4053421021, 143.758010864, 16.4561424255], [1185.484375, 53.3745689392, 816.708618164, 903.990234375, 446.606140137, 297.566680908, 345.243164062, 216.808120728, 257.36831665, 246.578445435, 5.56205654144, 149.870895386, 91.4529800415], [187.10559082, 686.954101562, 541.938293457, 446.606140137, 870.079650879, 482.931854248, 498.39163208, 324.434967041, 363.579803467, 149.94883728, 181.664505005, 93.4640731812, 103.498161316], [334.507049561, 410.751068115, 446.215789795, 297.566680908, 482.931854248, 544.567077637, 401.76651001, 271.704681396, 244.160247803, 117.446136475, 154.655792236, 64.6990127563, 47.6497116089], [198.224746704, 546.114746094, 453.813140869, 345.243164062, 498.39163208, 401.76651001, 574.610534668, 243.330657959, 311.428222656, 164.720779419, 163.866607666, 133.005584717, 83.034324646], [153.183746338, 244.977813721, 228.71333313, 216.808120728, 324.434967041, 271.704681396, 243.330657959, 324.750488281, 215.910720825, 78.8427352905, 120.14692688, 26.5683021545, 50.7423934937], [-53.6254234314, 457.236297607, 227.60874939, 257.36831665, 363.579803467, 244.160247803, 311.428222656, 215.910720825, 355.295593262, 125.873123169, 120.326576233, 77.2006072998, 95.0041809082], [491.884979248, -26.2909183502, 219.937011719, 246.578445435, 149.94883728, 117.446136475, 164.720779419, 78.8427352905, 125.873123169, 194.276794434, 24.7296638489, 74.7222824097, 41.3600349426], [-371.989318848, 432.711639404, -43.4053421021, 5.56205654144, 181.664505005, 154.655792236, 163.866607666, 120.14692688, 120.326576233, 24.7296638489, 267.527130127, 15.2921724319, 66.2651672363], [404.883117676, -28.7515926361, 143.758010864, 149.870895386, 93.4640731812, 64.6990127563, 133.005584717, 26.5683021545, 77.2006072998, 74.7222824097, 15.2921724319, 155.97416687, 40.9016036987], [-174.073013306, 188.571105957, 16.4561424255, 91.4529800415, 103.498161316, 47.6497116089, 83.034324646, 50.7423934937, 95.0041809082, 41.3600349426, 66.2651672363, 40.9016036987, 140.522293091]],
        "icov": [[0.000238706095843, -4.15058093495e-05, 0.000202666356927, -0.00037077543675, 2.03186773433e-05, -0.000255429506069, 0.000136654722155, -0.000226071832003, 0.000446950027253, -0.000458860944491, 0.000346670130966, -0.000605168461334, 0.000487052107928], [-4.15058093495e-05, 0.00144564919174, -0.000822130066808, 0.000754005275667, -0.000448500883067, 0.000458821072243, -0.000765272590797, 0.00111523678061, -0.00176343158819, 0.00153678969946, -0.00171167170629, 0.00153092294931, -0.0010601200629], [0.000202666356927, -0.000822130066808, 0.00189944694284, -0.00165457685944, 0.000111552792077, -0.000940100522712, 5.5856333347e-05, -0.000687001796905, 0.00165104225744, -0.00105478754267, 0.00178027164657, -0.00129763002042, 0.00139276497066], [-0.00037077543675, 0.000754005275667, -0.00165457685944, 0.00389185547829, -0.000775018474087, 0.000770908489358, -0.000234852646827, 0.000222717600991, -0.00166756578255, -0.000508674420416, -0.000694637885317, 0.000880115083419, -0.00209392909892], [2.03186773433e-05, -0.000448500883067, 0.000111552792077, -0.000775018474087, 0.0034085821826, -0.00129248446319, -0.000742812815588, -0.000771656865254, -0.000541389686987, 0.000191941537196, 0.000258696207311, -7.75386943133e-05, -2.62096818915e-05], [-0.000255429506069, 0.000458821072243, -0.000940100522712, 0.000770908489358, -0.00129248446319, 0.00585218146443, -0.00226818909869, -0.00132126908284, -0.000456195848528, 0.000675144430716, -0.00171840004623, 0.00146203336772, -4.43433382316e-05], [0.000136654722155, -0.000765272590797, 5.5856333347e-05, -0.000234852646827, -0.000742812815588, -0.00226818909869, 0.00670217582956, -0.000508609693497, -0.000895983772352, -0.00208320096135, -0.00011307670502, -0.00341262528673, 0.00114764051978], [-0.000226071832003, 0.00111523678061, -0.000687001796905, 0.000222717600991, -0.000771656865254, -0.00132126908284, -0.000508609693497, 0.0080899996683, -0.00417497288436, 0.00183649826795, -0.00252291676588, 0.00292836246081, -0.000826053437777], [0.000446950027253, -0.00176343158819, 0.00165104225744, -0.00166756578255, -0.000541389686987, -0.000456195848528, -0.000895983772352, -0.00417497288436, 0.0107264053077, -0.00409412756562, 0.00255008833483, -0.00302218203433, 3.26937442878e-05], [-0.000458860944491, 0.00153678969946, -0.00105478754267, -0.000508674420416, 0.000191941537196, 0.000675144430716, -0.00208320096135, 0.00183649826795, -0.00409412756562, 0.0117318667471, -0.00217381492257, 0.00113976909779, -0.00197036657482], [0.000346670130966, -0.00171167170629, 0.00178027164657, -0.000694637885317, 0.000258696207311, -0.00171840004623, -0.00011307670502, -0.00252291676588, 0.00255008833483, -0.00217381492257, 0.00852322950959, -0.00212309975177, -0.000145544647239], [-0.000605168461334, 0.00153092294931, -0.00129763002042, 0.000880115083419, -7.75386943133e-05, 0.00146203336772, -0.00341262528673, 0.00292836246081, -0.00302218203433, 0.00113976909779, -0.00212309975177, 0.0125832930207, -0.00365809700452], [0.000487052107928, -0.0010601200629, 0.00139276497066, -0.00209392909892, -2.62096818915e-05, -4.43433382316e-05, 0.00114764051978, -0.000826053437777, 3.26937442878e-05, -0.00197036657482, -0.000145544647239, -0.00365809700452, 0.011687612161]]
    },
    "melbands": {
        "dmean": [0.00224850489758, 0.00139207881875, 0.00103102065623, 0.000265745125944, 0.000209588455618, 0.000381554593332, 0.00011784923845, 0.000145770522067, 0.000155591405928, 5.0526799896e-05, 7.07956060069e-05, 6.10588613199e-05, 4.01668658014e-05, 6.70336812618e-05, 4.13036359532e-05, 6.022458183e-05, 3.60605372407e-05, 3.13287673634e-05, 1.52756638272e-05, 1.66088993865e-05, 1.69644536072e-05, 1.1919741155e-05, 1.30498274302e-05, 1.83441607078e-05, 1.18741490951e-05, 8.88272279553e-06, 9.72324232862e-06, 1.0497198673e-05, 6.77293155604e-06, 7.1587110142e-06, 5.96120571572e-06, 6.9103189162e-06, 4.19144862462e-06, 4.78504762214e-06, 6.1451437432e-06, 4.17900946559e-06, 5.19770583196e-06, 4.5876531658e-06, 3.72475915356e-06, 3.04273180518e-06],
        "dmean2": [0.00345828081481, 0.00221061776392, 0.00177152571268, 0.00044228968909, 0.000316471152473, 0.000557896273676, 0.000191942075617, 0.00022575960611, 0.000243167101871, 7.7821292507e-05, 0.000106282874185, 9.38241209951e-05, 5.90953386563e-05, 9.4537390396e-05, 6.34424868622e-05, 9.31137474254e-05, 5.62108725717e-05, 4.68795697088e-05, 2.31683607126e-05, 2.70380915026e-05, 2.93500270345e-05, 2.03119707294e-05, 2.14163628698e-05, 3.11968215101e-05, 2.02330975299e-05, 1.4221098354e-05, 1.59024802997e-05, 1.8483504391e-05, 1.12927482405e-05, 1.12504558274e-05, 9.84001417237e-06, 1.20760169011e-05, 7.21351625543e-06, 8.21706362331e-06, 1.08622816697e-05, 7.24055598766e-06, 9.31305476115e-06, 8.1496882558e-06, 6.60961813992e-06, 5.43630403627e-06],
        "dvar": [1.94840795302e-05, 1.08692602225e-05, 8.20333661977e-06, 2.60164540578e-07, 1.07134958682e-07, 7.4411514106e-07, 5.20165990281e-08, 7.29774924935e-08, 1.09123853065e-07, 8.39460323476e-09, 1.28492905205e-08, 1.33925119883e-08, 9.2644407701e-09, 1.88633340059e-08, 6.43840714076e-09, 9.6843191244e-09, 4.26399537901e-09, 3.74649156143e-09, 1.01547226183e-09, 1.0469217715e-09, 1.49063683619e-09, 5.81239834041e-10, 4.2680345369e-10, 8.41152258957e-10, 4.36143898774e-10, 2.5099211598e-10, 3.59466345579e-10, 5.46333034368e-10, 1.78291950648e-10, 1.87461657308e-10, 1.37447248028e-10, 2.38440295286e-10, 9.60086038448e-11, 1.12142989339e-10, 2.28974533778e-10, 7.89601023454e-11, 1.67726596501e-10, 1.2340289901e-10, 8.48144610099e-11, 7.26246562888e-11],
        "dvar2": [4.52100211987e-05, 2.71442368103e-05, 2.16882745008e-05, 6.96330516803e-07, 2.12846146042e-07, 1.60448234965e-06, 1.31034624928e-07, 1.75064386099e-07, 2.78639049611e-07, 1.76541306018e-08, 2.95897333302e-08, 3.06719378784e-08, 2.08137507229e-08, 3.97889294845e-08, 1.46774086218e-08, 2.02798080551e-08, 8.76482530998e-09, 7.91760701446e-09, 2.03927696951e-09, 2.56171972524e-09, 4.17047862911e-09, 1.55278023772e-09, 1.07707665009e-09, 2.18716156297e-09, 1.17630050145e-09, 5.50163914426e-10, 8.89668450021e-10, 1.48172973891e-09, 4.63374089099e-10, 4.25152524297e-10, 3.08976677577e-10, 6.36787067521e-10, 2.61762472809e-10, 3.07627645579e-10, 6.46362463552e-10, 2.1535834227e-10, 4.70588013002e-10, 3.46799533535e-10, 2.39566755322e-10, 2.03290190237e-10],
        "max": [0.0362631976604, 0.0229745879769, 0.0192410722375, 0.00303321355022, 0.00262494734488, 0.00691609177738, 0.0017592216609, 0.00368298403919, 0.00555035239086, 0.00139714579564, 0.00142038473859, 0.00132243230473, 0.00186553143431, 0.00263741542585, 0.00130194239318, 0.00124452111777, 0.000833557278384, 0.000915447890293, 0.000630770693533, 0.000413278263295, 0.000356542994268, 0.00024301627127, 0.000214564686758, 0.000228896067711, 0.000151427782839, 0.000133916124469, 0.000134528250783, 0.000148044520756, 9.55329524004e-05, 0.000111670902697, 0.000118860836665, 0.000116688133858, 7.12717155693e-05, 6.62989841658e-05, 0.000109427244752, 6.31413495285e-05, 9.46180080064e-05, 8.73252793099e-05, 6.23886444373e-05, 6.98376898072e-05],
        "mean": [0.00339000904933, 0.00173598213587, 0.000824062910397, 0.00032403570367, 0.000326556444634, 0.000481061608298, 0.00016094755847, 0.000202882525628, 0.000218371947994, 9.37170843827e-05, 0.000122960278532, 8.81005544215e-05, 5.42132875125e-05, 9.54891293077e-05, 5.54403595743e-05, 8.64696776262e-05, 5.08457887918e-05, 4.04499951401e-05, 2.07740340556e-05, 1.79590206244e-05, 1.62839642144e-05, 1.21314251373e-05, 1.50345758811e-05, 1.9529274141e-05, 1.22659275803e-05, 9.31233444135e-06, 8.84774999577e-06, 8.12589496491e-06, 6.45805130262e-06, 7.58977603255e-06, 6.15743738308e-06, 5.50705999558e-06, 3.52886377186e-06, 4.04227512263e-06, 4.95041967952e-06, 3.69407189282e-06, 4.00793260269e-06, 3.68937412532e-06, 3.11376675199e-06, 2.39113114731e-06],
        "median": [0.000551702163648, 0.000235327213886, 0.000119631644338, 0.000115204828035, 0.00011949405598, 9.04008047655e-05, 6.04531378485e-05, 9.0554880444e-05, 8.49259522511e-05, 3.10605246341e-05, 4.42896853201e-05, 2.79099804175e-05, 1.60858508025e-05, 2.42891183007e-05, 1.42775179484e-05, 2.39787659666e-05, 1.46433449117e-05, 9.46308682614e-06, 5.27885003976e-06, 4.24124618803e-06, 3.28182295561e-06, 2.96035796055e-06, 4.29814235758e-06, 6.4909950197e-06, 3.57730436917e-06, 2.28383623835e-06, 1.94493009076e-06, 1.17984450299e-06, 8.35371508856e-07, 5.98660960804e-07, 2.85850688897e-07, 1.63853655977e-07, 1.87907033933e-07, 4.76287340234e-07, 1.0618559827e-06, 8.22873062134e-07, 5.97813595959e-07, 8.38969242523e-07, 7.80028244662e-07, 4.82726420614e-07],
        "min": [3.97341112692e-24, 1.53046588678e-23, 8.49813899671e-24, 1.60705512989e-23, 7.65849990388e-24, 1.11697000715e-23, 2.5870510371e-23, 7.06321363189e-24, 7.89827102058e-24, 9.62483352889e-24, 1.00270437278e-23, 2.60227068832e-23, 1.07590687825e-23, 4.63057959263e-24, 6.10787664882e-24, 1.36833698472e-23, 1.2391853873e-23, 9.95847751559e-24, 9.99539305051e-24, 7.80641447905e-24, 9.09834144986e-24, 1.03215791462e-23, 1.02744557512e-23, 1.1787345817e-23, 8.01980529822e-24, 8.69398791593e-24, 7.02954741503e-24, 1.19322477324e-23, 1.55710777058e-23, 1.00053382199e-23, 8.26564669958e-24, 6.81145656259e-24, 1.25568433424e-23, 1.56991114085e-23, 9.57280657447e-24, 9.72994608907e-24, 7.7730811615e-24, 1.19552083179e-23, 8.64861342552e-24, 8.50376041952e-24],
        "stdev": [0.00589644396678, 0.00347317825072, 0.00240156939253, 0.000498077191878, 0.000472797080874, 0.00109077908564, 0.000254479848081, 0.000314387667459, 0.000357110053301, 0.000173305990756, 0.000191798011656, 0.000157574642799, 0.000113320740638, 0.000202845068998, 0.000109503664135, 0.000141287731822, 9.23429688555e-05, 8.14055456431e-05, 4.90518650622e-05, 3.66946733266e-05, 3.86872707168e-05, 2.32196907746e-05, 2.35871902987e-05, 3.05350768031e-05, 2.07964058063e-05, 1.72803665919e-05, 1.85493408935e-05, 1.99597161554e-05, 1.29297595777e-05, 1.58253424161e-05, 1.33702114908e-05, 1.35437649078e-05, 8.39863332658e-06, 8.97368408914e-06, 1.19757205539e-05, 7.72475232225e-06, 1.04897044366e-05, 8.94766071724e-06, 7.43488362787e-06, 6.78236347085e-06],
        "var": [3.4768050682e-05, 1.20629674711e-05, 5.76753564019e-06, 2.48080880283e-07, 2.23537085731e-07, 1.18979903618e-06, 6.47599875947e-08, 9.8839599616e-08, 1.27527584937e-07, 3.00349682902e-08, 3.67864778639e-08, 2.48297684635e-08, 1.28415909018e-08, 4.11461194005e-08, 1.19910525953e-08, 1.99622220975e-08, 8.52722426004e-09, 6.6268630583e-09, 2.40608533097e-09, 1.34649913441e-09, 1.49670487115e-09, 5.39153999224e-10, 5.56355572723e-10, 9.32390942232e-10, 4.32490487867e-10, 2.98611080307e-10, 3.44078016079e-10, 3.98390292977e-10, 1.6717868756e-10, 2.5044144536e-10, 1.78762546432e-10, 1.83433573886e-10, 7.05370484244e-11, 8.05270086723e-11, 1.43417888676e-10, 5.96718022217e-11, 1.1003389172e-10, 8.00606247964e-11, 5.52774978568e-11, 4.60004534464e-11]
    },
    "melbands128": {
