{
"lowlevel": {
    "average_loudness": 0.966249287128,
    "barkbands_crest": {
        "dmean": 3.11108708382,
        "dmean2": 4.65710115433,
        "dvar": 8.49231147766,
        "dvar2": 18.394908905,
        "max": 26.5948905945,
        "mean": 12.8848171234,
        "median": 11.661772728,
        "min": 2.78328061104,
        "stdev": 5.36644792557,
        "var": 28.7987632751
    },
    "barkbands_flatness_db": {
        "dmean": 0.0428293123841,
        "dmean2": 0.0586704686284,
        "dvar": 0.00210563582368,
        "dvar2": 0.00422145519406,
        "max": 0.747130453587,
        "mean": 0.216395258904,
        "median": 0.206942468882,
        "min": 0.0460871309042,
        "stdev": 0.0871872007847,
        "var": 0.00760160805658
    },
    "barkbands_kurtosis": {
        "dmean": 14.8409490585,
        "dmean2": 23.8493099213,
        "dvar": 3456.75268555,
        "dvar2": 7863.39404297,
        "max": 1165.3770752,
        "mean": 20.4480895996,
        "median": 5.91277885437,
        "min": -1.94766700268,
        "stdev": 70.6252059937,
        "var": 4987.91943359
    },
    "barkbands_skewness": {
        "dmean": 1.22319412231,
        "dmean2": 1.81208753586,
        "dvar": 3.35170650482,
        "dvar2": 7.7565779686,
        "max": 30.5064029694,
        "mean": 2.62654066086,
        "median": 2.19206094742,
        "min": -3.70367360115,
        "stdev": 2.70640826225,
        "var": 7.32464551926
    },
    "barkbands_spread": {
        "dmean": 9.69684410095,
        "dmean2": 15.1108064651,
        "dvar": 233.989761353,
        "dvar2": 538.674926758,
        "max": 118.241149902,
        "mean": 18.0867366791,
        "median": 11.7987718582,
        "min": 0.0429465398192,
        "stdev": 19.0526351929,
        "var": 363.00289917
    },
    "dissonance": {
        "dmean": 0.0304583534598,
        "dmean2": 0.0472323223948,
        "dvar": 0.000781970098615,
        "dvar2": 0.00188198895194,
        "max": 0.499999910593,
        "mean": 0.431127846241,
        "median": 0.438428938389,
        "min": 0.233910262585,
        "stdev": 0.0493682473898,
        "var": 0.00243722391315
    },
    "dynamic_complexity": 2.35409522057,
    "erbbands_crest": {
        "dmean": 3.21820497513,
        "dmean2": 5.05670547485,
        "dvar": 9.13815402985,
        "dvar2": 21.2741508484,
        "max": 30.0400619507,
        "mean": 11.1249084473,
        "median": 9.87222766876,
        "min": 3.00389671326,
        "stdev": 5.0067243576,
        "var": 25.0672893524
    },
    "erbbands_flatness_db": {
        "dmean": 0.0256126802415,
        "dmean2": 0.0358625426888,
        "dvar": 0.000750251114368,
        "dvar2": 0.0014673062833,
        "max": 0.424994438887,
        "mean": 0.182166159153,
        "median": 0.17487795651,
        "min": 0.0717910155654,
        "stdev": 0.0525593683124,
        "var": 0.00276248715818
    },
    "erbbands_kurtosis": {
        "dmean": 2.69244241714,
        "dmean2": 4.2217502594,
        "dvar": 50.5434341431,
        "dvar2": 109.916473389,
        "max": 184.290985107,
        "mean": 2.52407670021,
        "median": 0.662802696228,
        "min": -1.89468765259,
        "stdev": 8.70725059509,
        "var": 75.8162078857
    },
    "erbbands_skewness": {
        "dmean": 0.688255012035,
        "dmean2": 1.02753138542,
        "dvar": 0.701421141624,
        "dvar2": 1.58146190643,
        "max": 12.4795188904,
        "mean": 0.715477526188,
        "median": 0.6953997612,
        "min": -5.14780569077,
        "stdev": 1.32248735428,
        "var": 1.74897289276
    },
    "erbbands_spread": {
        "dmean": 16.1460723877,
        "dmean2": 24.1063461304,
        "dvar": 411.922637939,
        "dvar2": 989.921875,
        "max": 177.573486328,
        "mean": 43.5788040161,
        "median": 35.634147644,
        "min": 0.983976483345,
        "stdev": 29.875082016,
        "var": 892.520568848
    },
    "hfc": {
        "dmean": 11.1349906921,
        "dmean2": 16.7431335449,
        "dvar": 352.15411377,
        "dvar2": 880.92388916,
        "max": 168.193969727,
        "mean": 21.1409111023,
        "median": 15.9426412582,
        "min": 0.00057989085326,
        "stdev": 20.756313324,
        "var": 430.824523926
    },
    "loudness_ebu128": {
        "integrated": -7.51651382446,
        "loudness_range": 2.18331336975,
        "momentary": {
            "dmean": 0.750944852829,
            "dmean2": 1.13268816471,
            "dvar": 1.23748219013,
            "dvar2": 2.94378113747,
            "max": -5.4330163002,
            "mean": -7.77156734467,
            "median": -7.3699388504,
            "min": -27.291513443,
            "stdev": 1.79908168316,
            "var": 3.23669505119
        },
        "short_term": {
            "dmean": 0.0925827622414,
            "dmean2": 0.127629548311,
            "dvar": 0.00407794397324,
            "dvar2": 0.00790199823678,
            "max": -6.38438558578,
            "mean": -7.58189964294,
            "median": -7.42765760422,
            "min": -9.29581642151,
            "stdev": 0.686197221279,
            "var": 0.470866590738
        }
    },
    "melbands_crest": {
        "dmean": 3.89838409424,
        "dmean2": 5.91270542145,
        "dvar": 13.7093095779,
        "dvar2": 32.4779891968,
        "max": 36.9882278442,
        "mean": 17.3976421356,
        "median": 16.2322998047,
        "min": 3.01049518585,
        "stdev": 7.03490114212,
        "var": 49.4898338318
    },
    "melbands_flatness_db": {
        "dmean": 0.0518882013857,
        "dmean2": 0.0703055933118,
        "dvar": 0.00344234216027,
        "dvar2": 0.00703371316195,
        "max": 0.900509655476,
        "mean": 0.271683752537,
        "median": 0.263208836317,
        "min": 0.0188915766776,
        "stdev": 0.115919686854,
        "var": 0.013437374495
    },
    "melbands_kurtosis": {
        "dmean": 36.7814598083,
        "dmean2": 60.6948509216,
        "dvar": 24730.0390625,
        "dvar2": 71330.453125,
        "max": 2861.5144043,
        "mean": 48.0600891113,
        "median": 16.3580055237,
        "min": -1.91653335094,
        "stdev": 149.161758423,
        "var": 22249.2304688
    },
    "melbands_skewness": {
        "dmean": 1.62585794926,
        "dmean2": 2.45115947723,
        "dvar": 6.53412389755,
        "dvar2": 16.6514759064,
        "max": 36.0816001892,
        "mean": 4.03240156174,
        "median": 3.17211270332,
        "min": -3.13743925095,
        "stdev": 3.66085457802,
        "var": 13.4018554688
    },
    "melbands_spread": {
        "dmean": 11.3679027557,
        "dmean2": 17.9189529419,
        "dvar": 509.323577881,
        "dvar2": 1209.84204102,
        "max": 237.372161865,
        "mean": 18.7624740601,
        "median": 10.9625034332,
        "min": 0.090006545186,
        "stdev": 26.5359802246,
        "var": 704.158203125
    },
    "pitch_salience": {
        "dmean": 0.0936961770058,
        "dmean2": 0.141005113721,
        "dvar": 0.0104316286743,
        "dvar2": 0.0219716671854,
        "max": 0.924043715,
        "mean": 0.488915026188,
        "median": 0.502038478851,
        "min": 0.0198587626219,
        "stdev": 0.1763112396,
        "var": 0.0310856532305
    },
    "silence_rate_20dB": {
        "dmean": 0,
        "dmean2": 0,
        "dvar": 0,
        "dvar2": 0,
        "max": 1,
        "mean": 1,
        "median": 1,
        "min": 1,
        "stdev": 0,
        "var": 0
    },
    "silence_rate_30dB": {
        "dmean": 0.0541795678437,
        "dmean2": 0.108443066478,
        "dvar": 0.0512451604009,
        "dvar2": 0.129217401147,
        "max": 1,
        "mean": 0.96210360527,
        "median": 1,
        "min": 0,
        "stdev": 0.190943822265,
        "var": 0.0364595428109
    },
    "silence_rate_60dB": {
        "dmean": 0.0263157896698,
        "dmean2": 0.0511231608689,
        "dvar": 0.0256232004613,
        "dvar2": 0.0547061152756,
        "max": 1,
        "mean": 0.0464037135243,
        "median": 0,
        "min": 0,
        "stdev": 0.210357174277,
        "var": 0.0442501418293
    },
    "spectral_centroid": {
        "dmean": 406.243621826,
        "dmean2": 610.718139648,
        "dvar": 359274.59375,
        "dvar2": 732456.9375,
        "max": 6324.30615234,
        "mean": 1140.34020996,
        "median": 864.276794434,
        "min": 61.4385643005,
        "stdev": 946.593811035,
        "var": 896039.8125
    },
    "spectral_complexity": {
        "dmean": 4.10835933685,
        "dmean2": 6.02401256561,
        "dvar": 36.5593605042,
        "dvar2": 69.7278060913,
        "max": 52,
        "mean": 11.8631086349,
        "median": 11,
        "min": 0,
        "stdev": 8.63958644867,
        "var": 74.6424484253
    },
    "spectral_decrease": {
        "dmean": 3.47812911805e-09,
        "dmean2": 4.92147789188e-09,
        "dvar": 2.09783839409e-17,
        "dvar2": 4.11559644047e-17,
        "max": -2.50542859029e-13,
        "mean": -9.85120784947e-09,
        "median": -7.84877229876e-09,
        "min": -4.3480692824e-08,
        "stdev": 7.84525422404e-09,
        "var": 6.15480079859e-17
    },
    "spectral_energy": {
        "dmean": 0.0133799957111,
        "dmean2": 0.018808349967,
        "dvar": 0.000301133521134,
        "dvar2": 0.000586524081882,
        "max": 0.166690260172,
        "mean": 0.0390982553363,
        "median": 0.0318259224296,
        "min": 1.06244885956e-06,
        "stdev": 0.0300336759537,
        "var": 0.000902021653019
    },
    "spectral_energyband_high": {
        "dmean": 0.00107985688373,
        "dmean2": 0.0017517094966,
        "dvar": 5.58221881874e-06,
        "dvar2": 1.41799237099e-05,
        "max": 0.0201290361583,
        "mean": 0.00122583494522,
        "median": 0.000312401884003,
        "min": 9.17869957817e-09,
        "stdev": 0.00237840297632,
        "var": 5.65680056752e-06
    },
    "spectral_energyband_low": {
        "dmean": 0.0102836899459,
        "dmean2": 0.0153794456273,
        "dvar": 0.000355244439561,
        "dvar2": 0.000824949180242,
        "max": 0.144136890769,
        "mean": 0.0210215393454,
        "median": 0.0100824898109,
        "min": 1.01953441245e-08,
        "stdev": 0.0272464025766,
        "var": 0.000742366421036
    },
    "spectral_energyband_middle_high": {
        "dmean": 0.00184795155656,
        "dmean2": 0.00265619717538,
        "dvar": 8.98551206774e-06,
        "dvar2": 1.89287020476e-05,
        "max": 0.0302281025797,
        "mean": 0.00365128624253,
        "median": 0.00175704713911,
        "min": 7.02191158553e-08,
        "stdev": 0.00486627919599,
        "var": 2.36806736211e-05
    },
    "spectral_energyband_middle_low": {
        "dmean": 0.00912739429623,
        "dmean2": 0.0149934785441,
        "dvar": 0.000288523850031,
        "dvar2": 0.000790205493104,
        "max": 0.128495618701,
        "mean": 0.0152684673667,
        "median": 0.0114972526208,
        "min": 6.42756617708e-07,
        "stdev": 0.0162388924509,
        "var": 0.000263701600488
    },
    "spectral_entropy": {
        "dmean": 0.366221934557,
        "dmean2": 0.504828691483,
        "dvar": 0.163201719522,
        "dvar2": 0.331536382437,
        "max": 8.79535675049,
        "mean": 7.17751216888,
        "median": 7.17531490326,
        "min": 3.82314753532,
        "stdev": 0.706656396389,
        "var": 0.499363273382
    },
    "spectral_flux": {
        "dmean": 0.0431406274438,
        "dmean2": 0.0572111867368,
        "dvar": 0.00180258031469,
        "dvar2": 0.00292775547132,
        "max": 0.411883950233,
        "mean": 0.10501062125,
        "median": 0.0816896930337,
        "min": 0.00127304194029,
        "stdev": 0.0780268236995,
        "var": 0.0060881851241
    },
    "spectral_kurtosis": {
        "dmean": 3.03214240074,
        "dmean2": 4.63426589966,
        "dvar": 41.4086608887,
        "dvar2": 93.3298110962,
        "max": 101.264663696,
        "mean": 5.44301652908,
        "median": 3.48447465897,
        "min": -1.0502512455,
        "stdev": 8.07022953033,
        "var": 65.1286010742
    },
    "spectral_rms": {
        "dmean": 0.00104725081474,
        "dmean2": 0.00142540235538,
        "dvar": 1.35400466661e-06,
        "dvar2": 2.45288333645e-06,
        "max": 0.0127524361014,
        "mean": 0.00569010153413,
        "median": 0.00557222403586,
        "min": 3.21952720697e-05,
        "stdev": 0.00240153074265,
        "var": 5.76735010327e-06
    },
    "spectral_rolloff": {
        "dmean": 907.162902832,
        "dmean2": 1564.15124512,
        "dvar": 3660969.25,
        "dvar2": 8570396,
        "max": 11627.9296875,
        "mean": 1413.1126709,
        "median": 581.396484375,
        "min": 43.06640625,
        "stdev": 2159.33007812,
        "var": 4662706.5
    },
    "spectral_skewness": {
        "dmean": 0.428729593754,
        "dmean2": 0.607812404633,
        "dvar": 0.294512778521,
        "dvar2": 0.629451274872,
        "max": 8.62383937836,
        "mean": 1.7157728672,
        "median": 1.61967408657,
        "min": -0.13597381115,
        "stdev": 0.894265830517,
        "var": 0.799711346626
    },
    "spectral_spread": {
        "dmean": 1073132.25,
        "dmean2": 1522302.375,
        "dvar": 2.24251032371e+12,
        "dvar2": 4.42976645939e+12,
        "max": 26175494,
        "mean": 5374238.5,
        "median": 5032665,
        "min": 728723.875,
        "stdev": 2209197,
        "var": 4.88055190323e+12
    },
    "spectral_strongpeak": {
        "dmean": 0.473802089691,
        "dmean2": 0.754839658737,
        "dvar": 0.590041279793,
        "dvar2": 1.51127743721,
        "max": 9.72346687317,
        "mean": 0.981023311615,
        "median": 0.59333974123,
        "min": 0,
        "stdev": 1.08740663528,
        "var": 1.18245315552
    },
    "zerocrossingrate": {
        "dmean": 0.0180796328932,
        "dmean2": 0.0211326312274,
        "dvar": 0.000621149432845,
        "dvar2": 0.000756432535127,
        "max": 0.40087890625,
        "mean": 0.0540776215494,
        "median": 0.041015625,
        "min": 0.001953125,
        "stdev": 0.0508823692799,
        "var": 0.00258901552297
    },
    "barkbands": {
        "dmean": [0.00020275710267, 0.00616185786203, 0.00636026076972, 0.00318613834679, 0.00371903041378, 0.00177678326145, 0.000891137868166, 0.00116619642358, 0.00107430666685, 0.000412052177126, 0.00036826741416, 0.000368968205294, 0.000315413926728, 0.000282677414361, 0.000247755000601, 0.000233983548242, 0.000198119218112, 0.000136035625474, 0.000131531967781, 0.000152407767018, 0.000219955327339, 0.000297067890642, 0.000233558283071, 0.000147008206113, 0.000149565021275, 4.0689130401e-05, 4.74799844596e-06],
        "dmean2": [0.000253620208241, 0.00844685547054, 0.0109359389171, 0.00568386353552, 0.00636030826718, 0.00276309996843, 0.00141964142676, 0.00173892115708, 0.00158328039106, 0.00061323918635, 0.000527362863068, 0.000598976155743, 0.00046205095714, 0.000431093474617, 0.000368269364117, 0.000374153954908, 0.000306788919261, 0.000208302299143, 0.000213148072362, 0.00025026826188, 0.00037534191506, 0.000482122617541, 0.000388470798498, 0.000226485557505, 0.000237776708673, 6.79322110955e-05, 9.11874121812e-06],
        "dvar": [9.87729720237e-08, 0.000107822059363, 0.000302399916109, 7.44549688534e-05, 6.39520148979e-05, 8.92473599379e-06, 5.95859364694e-06, 1.03115144157e-05, 8.40626762511e-06, 8.53302253745e-07, 9.22343076581e-07, 9.34720787882e-07, 4.59706882339e-07, 4.86718988668e-07, 5.27436043285e-07, 3.52017394789e-07, 2.30334208595e-07, 5.97490199539e-08, 1.03336994073e-07, 1.74464943825e-07, 4.63247289417e-07, 5.05669504491e-07, 3.01694257132e-07, 1.05689522911e-07, 1.42870248965e-07, 1.62499205203e-08, 6.32733199168e-10],
        "dvar2": [2.21378812171e-07, 0.000180372269824, 0.000813895312604, 0.000214301646338, 0.000181885508937, 2.15605323319e-05, 1.55892084877e-05, 2.25605144806e-05, 1.69496979652e-05, 1.54883241521e-06, 1.5150493482e-06, 2.00252361537e-06, 9.72939233179e-07, 1.05837625597e-06, 1.10544726795e-06, 9.02462488739e-07, 5.47345337054e-07, 1.3570667079e-07, 2.71936841045e-07, 4.5299930207e-07, 1.26275187995e-06, 1.31073079501e-06, 7.82206825534e-07, 2.28733341601e-07, 3.33704917921e-07, 4.33224158769e-08, 1.85174953149e-09],
        "max": [0.00272740097716, 0.0783191174269, 0.109600692987, 0.0760695636272, 0.0588455311954, 0.0327379666269, 0.0542395040393, 0.0446418784559, 0.0477659553289, 0.0156983900815, 0.0197010468692, 0.0177403632551, 0.0077618509531, 0.00874198321253, 0.0161379575729, 0.00531081203371, 0.00946044363081, 0.00432859361172, 0.00442833965644, 0.00360777415335, 0.00597566412762, 0.00576588092372, 0.00539671583101, 0.00575539562851, 0.00415321206674, 0.00134476437233, 0.000219881883822],
        "mean": [0.000397875206545, 0.0128130856901, 0.00584808830172, 0.00313634355552, 0.00482521252707, 0.00271325488575, 0.00117513665464, 0.00149194593541, 0.00171293423045, 0.000595609599259, 0.000617384270299, 0.000424436148023, 0.000457271758933, 0.000397005293053, 0.000334270589519, 0.000254663435044, 0.000272863369901, 0.000185749158845, 0.000154400768224, 0.00015317989164, 0.000201265662326, 0.000329362461343, 0.000231354599237, 0.000171863008291, 0.000164859404322, 3.62214123015e-05, 2.63101310338e-06],
        "median": [6.82681711623e-05, 0.00405330164358, 0.000618177233264, 0.000469685444841, 0.00177602935582, 0.000986972358078, 0.000222279486479, 0.000137653987622, 0.000260441680439, 0.000105631283077, 4.62451207568e-05, 5.15125248057e-05, 5.89293595112e-05, 4.26419792348e-05, 5.20012072229e-05, 5.20764515386e-05, 6.99395386619e-05, 7.42401825846e-05, 4.90700185765e-05, 3.45794105669e-05, 2.96810394502e-05, 7.68815880292e-05, 4.43501703558e-05, 2.81185421045e-05, 2.37897693296e-05, 4.77057983517e-06, 2.49426101995e-09],
        "min": [2.08650291489e-10, 1.61913737973e-09, 4.7394299596e-10, 2.78044343105e-09, 2.23765663776e-08, 5.6371721513e-08, 7.94856713782e-09, 1.59224349261e-08, 1.08626831974e-08, 8.90849349844e-09, 1.30118460451e-09, 1.63834901201e-09, 1.6191004093e-09, 1.73362524336e-09, 3.40270878141e-09, 6.7347269983e-09, 7.1157164605e-09, 2.84668999484e-09, 1.72321223957e-09, 2.94251845112e-09, 2.19919304989e-09, 2.24387464165e-09, 3.84531517739e-10, 6.37374875101e-10, 3.5166772272e-10, 9.79695838343e-11, 7.39633845164e-14],
        "stdev": [0.000564921530895, 0.0182823520154, 0.0147732775658, 0.00724008772522, 0.00768221216276, 0.00401710299775, 0.00253913318738, 0.00390693638474, 0.00415197061375, 0.00145990040619, 0.00189361814409, 0.00114188285079, 0.00100312859286, 0.000947416119743, 0.000999776064418, 0.000579331535846, 0.000568085873965, 0.000308153335936, 0.000309579598252, 0.000378468597773, 0.00058635044843, 0.000707667379174, 0.000528432894498, 0.000402878882596, 0.000414375623222, 0.000110501037852, 1.83632873814e-05],
        "var": [3.19136319149e-07, 0.000334244396072, 0.00021824974101, 5.24188690179e-05, 5.90163836023e-05, 1.61371171998e-05, 6.4471969381e-06, 1.52641514433e-05, 1.72388608917e-05, 2.13130920201e-06, 3.58578972737e-06, 1.30389651076e-06, 1.00626687072e-06, 8.97597317362e-07, 9.99552071335e-07, 3.35625031767e-07, 3.22721547263e-07, 9.49584730847e-08, 9.58395318662e-08, 1.43238480632e-07, 3.43806817682e-07, 5.00793134961e-07, 2.79241305634e-07, 1.62311394547e-07, 1.71707156937e-07, 1.22104788502e-08, 3.37210342982e-10]
    },
    "erbbands": {
        "dmean": [0.1701849401, 1.58269298077, 6.17464590073, 9.31271648407, 12.9970521927, 10.827829361, 13.2110795975, 12.9292812347, 13.3219690323, 13.4262170792, 29.8997383118, 27.4958667755, 10.8251266479, 14.097322464, 12.8173494339, 15.7246999741, 13.869093895, 14.5375995636, 14.0516309738, 11.1581611633, 10.4974117279, 9.22869205475, 8.26236724854, 6.66706180573, 6.19834136963, 7.05021047592, 7.38327503204, 10.6082220078, 11.4467430115, 6.91980457306, 6.88474845886, 4.19631099701, 2.11196899414, 1.69075918198, 1.01198637486, 0.343164622784, 0.0442434027791, 0.0121199237183, 0.000337288394803, 2.2837677534e-05],
        "dmean2": [0.196643650532, 2.15312623978, 10.1326904297, 15.9144048691, 23.2020511627, 18.2510166168, 20.0999240875, 20.3189067841, 21.0030841827, 21.4652938843, 43.9299468994, 39.5232658386, 15.7292013168, 20.7714042664, 18.5715427399, 24.9197692871, 20.0972728729, 21.1845626831, 20.1013870239, 17.6861114502, 16.4417533875, 14.3293409348, 12.5336904526, 10.3041744232, 9.8573884964, 11.5732517242, 12.1519823074, 18.2295532227, 18.7541389465, 11.0366420746, 11.4579105377, 6.85359811783, 3.05465316772, 2.60197067261, 1.64165019989, 0.568346202374, 0.0762472525239, 0.0228946488351, 0.000627667410299, 3.51944690919e-05],
        "dvar": [0.0597897768021, 7.85934686661, 258.036621094, 559.46862793, 1232.93701172, 440.159301758, 518.304016113, 576.007568359, 779.32208252, 1913.8260498, 5760.19287109, 5936.1015625, 703.984130859, 1142.62268066, 673.469482422, 1718.66699219, 901.430053711, 1313.85925293, 1844.56945801, 704.239074707, 577.341430664, 497.320587158, 202.456176758, 169.961898804, 218.249969482, 379.705627441, 349.927307129, 1406.55236816, 928.341247559, 177.228668213, 335.111694336, 111.690582275, 27.9612579346, 18.6688842773, 6.88090848923, 1.17318499088, 0.0217693988234, 0.00297037162818, 2.34349022321e-06, 1.56717305799e-09],
        "dvar2": [0.0843474268913, 13.221414566, 661.127685547, 1528.57653809, 3561.87866211, 1213.33374023, 1177.30639648, 1357.62023926, 1896.84118652, 4903.8359375, 11971.5302734, 12054.0830078, 1228.59570312, 2204.78515625, 1145.11462402, 3544.33935547, 1849.64819336, 2889.58911133, 3856.54541016, 1729.91247559, 1379.32653809, 1239.23132324, 453.575195312, 418.059112549, 554.286560059, 987.977905273, 909.269165039, 3917.92553711, 2456.06420898, 403.101745605, 888.271911621, 292.262573242, 52.6136474609, 40.4783096313, 17.1351833344, 3.07797169685, 0.0604376830161, 0.0086453910917, 6.81071924191e-06, 4.17630996452e-09],
        "max": [2.34183859825, 20.8746604919, 105.733398438, 175.795654297, 265.517059326, 166.024124146, 275.83026123, 292.897277832, 311.334228516, 885.339111328, 1208.89123535, 1514.0748291, 592.800415039, 583.424926758, 535.276245117, 912.959289551, 388.21206665, 564.326599121, 1005.86889648, 290.127319336, 301.275268555, 453.801635742, 193.220794678, 122.007209778, 235.603744507, 170.014099121, 158.147872925, 347.030517578, 284.909698486, 185.12487793, 221.118362427, 94.9044189453, 117.414375305, 65.2397766113, 21.783372879, 11.3787517548, 1.45248413086, 0.454197466373, 0.0138629414141, 0.000310833362164],
        "mean": [0.380749374628, 2.82070422173, 6.52142620087, 9.97202014923, 14.0537281036, 14.6926679611, 20.6092453003, 19.1832866669, 19.1058387756, 16.4241466522, 42.0653114319, 45.725189209, 16.0579662323, 22.936164856, 21.3594493866, 19.5134353638, 21.0280303955, 20.5594024658, 21.3212299347, 14.296295166, 13.7333555222, 13.0772514343, 11.9190778732, 8.84441280365, 7.33384561539, 7.27231311798, 7.27835273743, 9.33407592773, 12.1563138962, 8.32203483582, 6.54633331299, 4.2235789299, 2.73309493065, 2.01281452179, 1.02227962017, 0.31506434083, 0.0379438623786, 0.00742432009429, 0.000231866259128, 5.40626278962e-05],
        "median": [0.10646725446, 0.828871488571, 1.07668268681, 1.74018371105, 3.11145591736, 5.09421300888, 7.83314466476, 6.25166368484, 4.74362659454, 3.82615947723, 9.46208953857, 8.65374469757, 3.79414057732, 4.61847114563, 3.48705840111, 3.70348525047, 3.52735233307, 2.9167599678, 2.70552515984, 3.44130587578, 3.52798271179, 3.73952531815, 5.04727458954, 3.18818449974, 2.45629858971, 1.7123657465, 1.2069439888, 1.32526051998, 2.49312257767, 2.10418558121, 1.21770894527, 0.620692908764, 0.458225190639, 0.301780849695, 0.137508973479, 0.0388112328947, 0.00553992204368, 0.000269614363788, 3.4769262129e-05, 4.32807610196e-05],
        "min": [4.85622848601e-08, 7.46310774957e-07, 9.94622496364e-07, 7.55432665756e-06, 5.33288621227e-05, 6.15158714936e-05, 0.000483059644466, 0.000367606960936, 0.000161062023835, 0.000185561410035, 0.00071347161429, 0.00040850500227, 0.000152953653014, 0.000151518717757, 8.07685137261e-05, 6.82898462401e-05, 7.88586621638e-05, 8.14836967038e-05, 0.000156992580742, 0.000229367695283, 0.000304224115098, 0.000357671204256, 0.000182922085514, 0.000113331378088, 0.000111623689008, 0.000139619340189, 8.13812439446e-05, 0.000100020384707, 6.46753251203e-05, 6.64779363433e-05, 1.14588146971e-05, 1.12485613499e-05, 1.0274640772e-05, 4.90943421028e-06, 2.07235939342e-06, 4.29677157854e-07, 1.97526915713e-07, 5.91852504783e-08, 8.09560862791e-09, 2.51429455034e-09],
        "stdev": [0.529838502407, 4.45887613297, 14.7637014389, 21.3352432251, 29.5915393829, 22.4221801758, 31.6257858276, 32.818813324, 34.3848762512, 45.0812911987, 96.0560073853, 110.682502747, 43.3864860535, 55.6069869995, 48.6346664429, 51.2398719788, 45.9440803528, 46.4932899475, 61.099609375, 30.8665161133, 27.5903930664, 25.9314002991, 18.5431995392, 15.0957202911, 14.6721582413, 17.8356990814, 17.9515800476, 30.7351722717, 28.7188167572, 16.2603588104, 16.5482444763, 10.3978700638, 6.90526580811, 5.12854766846, 2.65720415115, 0.960034430027, 0.120419770479, 0.0401419140399, 0.00113354169298, 4.4612599595e-05],
        "var": [0.280728846788, 19.8815746307, 217.966888428, 455.192626953, 875.659240723, 502.754150391, 1000.19036865, 1077.07458496, 1182.31982422, 2032.32275391, 9226.75683594, 12250.6162109, 1882.3873291, 3092.13696289, 2365.33081055, 2625.5246582, 2110.85839844, 2161.62597656, 3733.16235352, 952.741760254, 761.229797363, 672.4375, 343.850250244, 227.880783081, 215.272232056, 318.1121521, 322.259216309, 944.650817871, 824.770385742, 264.399261475, 273.844390869, 108.115707397, 47.6826934814, 26.3020019531, 7.06073331833, 0.921666145325, 0.0145009206608, 0.00161137327086, 1.28491672058e-06, 1.9902841597e-09]
    },
    "gfcc": {
        "mean": [-32.2010803223, 85.8606262207, -101.33769989, 37.5585823059, -67.2657394409, 17.1137199402, -44.0034751892, 10.5328273773, -19.4108085632, -0.660696446896, -15.0331716537, 2.1929833889, -7.21358919144],
        "cov": [[7280.98779297, -476.001464844, -657.692932129, 100.981491089, -706.08404541, 110.544265747, -192.946487427, -2.35209393501, -252.495666504, 80.0317764282, -198.434173584, -98.1415328979, -271.164581299], [-476.001464844, 3042.85717773, 663.954956055, -0.119166441262, 1028.57226562, -86.7548675537, 387.095428467, 0.111007876694, 299.76159668, -238.866577148, 235.468490601, -164.273178101, -62.176574707], [-657.692932129, 663.954956055, 2405.64648438, 1088.50671387, 676.87286377, 285.231048584, 169.029647827, 301.791687012, 231.798477173, 40.3806648254, -55.2215270996, -23.5314273834, -38.1114578247], [100.981491089, -0.119166441262, 1088.50671387, 1166.03027344, 448.079437256, 216.139373779, 119.239974976, 211.824981689, 203.988754272, 52.2414855957, -54.8206100464, -70.7397232056, 31.992729187], [-706.08404541, 1028.57226562, 676.87286377, 448.079437256, 1036.00292969, 207.715652466, 270.214508057, 213.54637146, 297.668640137, -4.39208698273, 64.8780136108, -67.404296875, 15.1375293732], [110.544265747, -86.7548675537, 285.231048584, 216.139373779, 207.715652466, 488.878082275, 258.751678467, 125.338806152, 78.6680374146, 72.070022583, 23.2197704315, -48.5963745117, -15.9523134232], [-192.946487427, 387.095428467, 169.029647827, 119.239974976, 270.214508057, 258.751678467, 461.981048584, 98.1002960205, 104.736793518, 23.7596607208, 106.401573181, -24.0491714478, -12.6210699081], [-2.35209393501, 0.111007876694, 301.791687012, 211.824981689, 213.54637146, 125.338806152, 98.1002960205, 364.308410645, 163.731613159, 70.3706283569, 21.6063041687, -5.22269201279, 31.8489322662], [-252.495666504, 299.76159668, 231.798477173, 203.988754272, 297.668640137, 78.6680374146, 104.736793518, 163.731613159, 311.597106934, 53.6040534973, 41.8438262939, -0.867958724499, 53.1958198547], [80.0317764282, -238.866577148, 40.3806648254, 52.2414855957, -4.39208698273, 72.070022583, 23.7596607208, 70.3706283569, 53.6040534973, 167.031585693, 28.9181175232, 36.4248695374, 24.1779518127], [-198.434173584, 235.468490601, -55.2215270996, -54.8206100464, 64.8780136108, 23.2197704315, 106.401573181, 21.6063041687, 41.8438262939, 28.9181175232, 188.715881348, 35.8053588867, 22.3562278748], [-98.1415328979, -164.273178101, -23.5314273834, -70.7397232056, -67.404296875, -48.5963745117, -24.0491714478, -5.22269201279, -0.867958724499, 36.4248695374, 35.8053588867, 173.0625, 50.9866714478], [-271.164581299, -62.176574707, -38.1114578247, 31.992729187, 15.1375293732, -15.9523134232, -12.6210699081, 31.8489322662, 53.1958198547, 24.1779518127, 22.3562278748, 50.9866714478, 163.840209961]],
        "icov": [[0.000214757979847, -0.000218964662054, 0.000208228622796, -0.000288847979391, 0.000306455331156, -0.000260154571151, 0.000181688039447, -0.000224610703299, 0.00019090186106, -0.000312049000058, 0.000328300637193, -0.000227605036343, 0.000391293840948], [-0.000218964662054, 0.0013565014815, -0.000656729273032, 0.000938338635024, -0.00121106381994, 0.00109906762373, -0.000789245066699, 0.000779938709456, -0.000877637125086, 0.00148512679152, -0.00144481321331, 0.00128274934832, -0.000313361175358], [0.000208228622796, -0.000656729273032, 0.00120540289208, -0.00120157445781, 0.000379390752641, -0.000706498860382, 0.000491317710839, -0.000671995279845, 0.000539060682058, -0.000627013505436, 0.000891524017788, -0.00112701009493, 0.000821640947834], [-0.000288847979391, 0.000938338635024, -0.00120157445781, 0.0024852398783, -0.0010732508963, 0.000652523129247, -0.000590808573179, 0.000547987117898, -0.000959384255111, 0.000768090540078, -0.000617968151346, 0.00155813363381, -0.00107851473149], [0.000306455331156, -0.00121106381994, 0.000379390752641, -0.0010732508963, 0.00292847305536, -0.0011220962042, 0.000256191677181, -0.000885716581251, -0.000400601653382, -0.000690848159138, 0.00099761178717, -0.000733417575248, 0.00048164834152], [-0.000260154571151, 0.00109906762373, -0.000706498860382, 0.000652523129247, -0.0011220962042, 0.00443002069369, -0.00250872364268, 0.000296564801829, -0.00034856115235, -0.000165201112395, -0.00063818221679, 0.00180415110663, -0.000357955112122], [0.000181688039447, -0.000789245066699, 0.000491317710839, -0.000590808573179, 0.000256191677181, -0.00250872364268, 0.00444157095626, -0.000595437944867, 0.00018140533939, -0.000265867187409, -0.0010097901104, -0.000791838858277, 0.000785344745964], [-0.000224610703299, 0.000779938709456, -0.000671995279845, 0.000547987117898, -0.000885716581251, 0.000296564801829, -0.000595437944867, 0.00459438934922, -0.00198733387515, -0.000113093061373, -0.000805056537502, 0.000921175873373, -0.00068222155096], [0.00019090186106, -0.000877637125086, 0.000539060682058, -0.000959384255111, -0.000400601653382, -0.00034856115235, 0.00018140533939, -0.00198733387515, 0.00631164899096, -0.00207218504511, 0.000644711544737, -0.000731334846932, -0.000904871500097], [-0.000312049000058, 0.00148512679152, -0.000627013505436, 0.000768090540078, -0.000690848159138, -0.000165201112395, -0.000265867187409, -0.000113093061373, -0.00207218504511, 0.00955142360181, -0.0026224758476, -0.00022252688359, -0.000509064237121], [0.000328300637193, -0.00144481321331, 0.000891524017788, -0.000617968151346, 0.00099761178717, -0.00063818221679, -0.0010097901104, -0.000805056537502, 0.000644711544737, -0.0026224758476, 0.00865845847875, -0.00251594581641, 2.6677187634e-05], [-0.000227605036343, 0.00128274934832, -0.00112701009493, 0.00155813363381, -0.000733417575248, 0.00180415110663, -0.000791838858277, 0.000921175873373, -0.000731334846932, -0.00022252688359, -0.00251594581641, 0.00881359353662, -0.00258213025518], [0.000391293840948, -0.000313361175358, 0.000821640947834, -0.00107851473149, 0.00048164834152, -0.000357955112122, 0.000785344745964, -0.00068222155096, -0.000904871500097, -0.000509064237121, 2.6677187634e-05, -0.00258213025518, 0.00831651687622]]
    },
    "melbands": {
        "dmean": [0.00161877297796, 0.00251927529462, 0.00159663555678, 0.000901498366147, 0.000419022690039, 0.000301172898617, 0.000198696216103, 0.000157645190484, 0.000261170003796, 0.000150605497765, 5.1215683925e-05, 5.72465760342e-05, 4.80657690787e-05, 4.20102005592e-05, 3.72013491869e-05, 2.85439637082e-05, 2.8305044907e-05, 2.40650660999e-05, 1.50801479322e-05, 1.83994088729e-05, 1.16982964755e-05, 9.42715905694e-06, 1.00961442513e-05, 7.32259604774e-06, 5.51618131794e-06, 4.69241513201e-06, 4.37354447058e-06, 5.08198854732e-06, 4.60876071884e-06, 4.74953321827e-06, 6.98923940945e-06, 7.06203900336e-06, 5.25194491274e-06, 3.41886811839e-06, 3.7699924178e-06, 4.47069533038e-06, 1.90713581105e-06, 1.57034321546e-06, 1.3374651644e-06, 1.54926965479e-06],
        "dmean2": [0.0020117345266, 0.0037722052075, 0.00267542409711, 0.00157094921451, 0.000644477433525, 0.00047087148414, 0.000314313685521, 0.000251055287663, 0.000383207108825, 0.000217982407776, 7.48649326852e-05, 8.44200403662e-05, 6.83119287714e-05, 6.87176507199e-05, 5.53647914785e-05, 4.27270642831e-05, 4.19210919063e-05, 3.54749208782e-05, 2.26706924877e-05, 2.99914790958e-05, 1.8029468265e-05, 1.4752565221e-05, 1.5664514649e-05, 1.12542675197e-05, 8.61977059685e-06, 7.67517576605e-06, 6.97716859577e-06, 8.46488364914e-06, 7.45694887883e-06, 8.18034277472e-06, 1.21673856484e-05, 1.17016979857e-05, 8.41954079078e-06, 5.56396071261e-06, 6.22492552793e-06, 7.61821092965e-06, 3.04771629089e-06, 2.29116744777e-06, 1.95474240172e-06, 2.45406113208e-06],
        "dvar": [5.85865291214e-06, 3.02345433738e-05, 1.55496563821e-05, 4.49652179668e-06, 4.74867249523e-07, 2.84168464759e-07, 2.01141574507e-07, 2.44385432779e-07, 3.90843354126e-07, 1.87303484722e-07, 1.73297856065e-08, 1.8586730377e-08, 1.32777806527e-08, 1.22043912754e-08, 6.61732446616e-09, 5.11230435762e-09, 4.87517848313e-09, 5.07435071739e-09, 1.52488299765e-09, 2.63368149511e-09, 7.89206089369e-10, 4.85817108764e-10, 5.37508038079e-10, 2.02125607918e-10, 1.26803997857e-10, 1.8996633433e-10, 1.0081362134e-10, 2.24138943516e-10, 1.29000296556e-10, 2.04828293215e-10, 6.54990062188e-10, 3.98241606359e-10, 1.14621707958e-10, 5.46063437523e-11, 1.2207095057e-10, 1.86659909751e-10, 1.72535510184e-11, 1.56758529768e-11, 1.44799979299e-11, 1.73484490662e-11],
        "dvar2": [8.95460652828e-06, 7.0827503805e-05, 4.17633564211e-05, 1.2893994608e-05, 1.08964502488e-06, 6.75069543377e-07, 5.0620900538e-07, 6.15009014382e-07, 8.12749362922e-07, 3.82279552014e-07, 2.99898168521e-08, 3.58274050427e-08, 2.00987102517e-08, 2.76512004405e-08, 1.4167953033e-08, 1.14892939607e-08, 1.02508606048e-08, 1.09323554653e-08, 3.17168269426e-09, 6.96369717446e-09, 1.75196279706e-09, 1.154683682e-09, 1.2910881253e-09, 4.46416126287e-10, 3.17625592494e-10, 5.12346054471e-10, 2.45237302687e-10, 5.96237059725e-10, 3.21495663425e-10, 5.58642743176e-10, 1.8354077147e-09, 1.06975295289e-09, 2.78168765799e-10, 1.27181654097e-10, 3.25542065527e-10, 5.09754127798e-10, 4.05657625546e-11, 3.14752703068e-11, 2.86603085015e-11, 4.08995580459e-11],
        "max": [0.0211014021188, 0.0410844907165, 0.0327915325761, 0.0155423069373, 0.00806691218168, 0.00637368345633, 0.00718197599053, 0.00786859542131, 0.00969218555838, 0.00894172396511, 0.00297652068548, 0.00215729954652, 0.00263673975132, 0.00179277267307, 0.00116723589599, 0.000961413723417, 0.00109155138489, 0.00153669482097, 0.000662957900204, 0.000476609391626, 0.000497191678733, 0.000414745940361, 0.000391409237636, 0.00031886564102, 0.000102964491816, 0.000265825452516, 8.7025546236e-05, 0.000134473084472, 0.000142487886478, 0.000123319783597, 0.000244500144618, 0.00017396324256, 0.000112231595267, 0.000109680986498, 0.000148289793287, 0.000134924732265, 5.54076686967e-05, 8.72233867995e-05, 7.27994556655e-05, 4.8638034059e-05],
        "mean": [0.00350056309253, 0.00350493052974, 0.00178456155118, 0.00111498765182, 0.000667393440381, 0.000451193278423, 0.000278177118162, 0.000191446320969, 0.00038267072523, 0.000244092065259, 7.0772744948e-05, 9.0711939265e-05, 8.31311917864e-05, 5.04922172695e-05, 5.01223876199e-05, 3.89903616451e-05, 3.91342764487e-05, 3.53774266841e-05, 1.95471839106e-05, 1.97451190616e-05, 1.56063451868e-05, 1.31467795654e-05, 1.35042482725e-05, 9.79876494966e-06, 6.77171919961e-06, 5.35105345989e-06, 4.88933574161e-06, 4.89003787152e-06, 4.56785437564e-06, 4.279316272e-06, 5.89543878959e-06, 7.10448102836e-06, 6.0983657022e-06, 3.99934469897e-06, 3.56960640602e-06, 3.81994323106e-06, 2.11171550291e-06, 1.95012921722e-06, 1.71533486082e-06, 1.72468071469e-06],
        "median": [0.00109567376785, 0.000971485627815, 0.000423904828494, 0.000298831582768, 0.000322257052176, 0.0001588708692, 5.9588754084e-05, 3.62625105481e-05, 8.41377404868e-05, 3.95091483369e-05, 1.13543846965e-05, 1.65027013281e-05, 8.79195158632e-06, 7.08460402166e-06, 7.60596458349e-06, 5.50454933546e-06, 4.58781914858e-06, 4.00129874834e-06, 3.5908517475e-06, 4.01588567911e-06, 4.02345904149e-06, 3.48158414454e-06, 4.05241371482e-06, 3.58977263204e-06, 2.01928833121e-06, 1.65585811374e-06, 1.25933229356e-06, 9.23115408114e-07, 7.30225337975e-07, 5.22142670434e-07, 6.8760010663e-07, 1.25692224628e-06, 1.57277190738e-06, 9.09684615635e-07, 6.51547111374e-07, 4.08867549595e-07, 3.01298769045e-07, 3.10325759756e-07, 2.4616463179e-07, 2.15637896872e-07],
        "min": [4.74877748236e-10, 6.80774547845e-10, 2.44698505902e-09, 4.67543159743e-09, 1.23661099138e-08, 8.47010372951e-09, 2.15481810173e-09, 2.62144506102e-09, 6.20582252253e-09, 1.47388523608e-09, 6.6551203437e-10, 5.28721511017e-10, 2.179815356e-10, 2.02271657757e-10, 1.64082317178e-10, 1.47871367928e-10, 1.45035330967e-10, 2.52951298796e-10, 2.68693706174e-10, 2.85658857679e-10, 3.2251384896e-10, 4.05420558236e-10, 1.82650672365e-10, 1.37313257986e-10, 8.18222364862e-11, 4.95007437817e-11, 9.06290251179e-11, 8.15141704136e-11, 2.663550977e-11, 5.02302088812e-11, 1.04383697866e-11, 3.97681020059e-11, 3.91635300578e-11, 2.84543655998e-11, 6.14642755095e-12, 6.13382174913e-12, 6.75764435729e-12, 7.62054308545e-12, 5.01298221683e-12, 2.40098652765e-12],
        "stdev": [0.00484594050795, 0.00618695933372, 0.0035842154175, 0.00198290450498, 0.00094627024373, 0.000724049517885, 0.000525380892213, 0.000527611293364, 0.000794638937805, 0.000611986673903, 0.000217136126594, 0.000222670278163, 0.000232606384088, 0.000129835389089, 0.000109894630441, 9.05516790226e-05, 9.30285677896e-05, 9.9545577541e-05, 5.04958334204e-05, 4.79723967146e-05, 3.47037457686e-05, 2.66368424491e-05, 2.7175690775e-05, 1.7931102775e-05, 1.25330498122e-05, 1.23874924611e-05, 1.0114986253e-05, 1.32241248139e-05, 1.15765496957e-05, 1.23383806567e-05, 2.06812510442e-05, 1.80978222488e-05, 1.21408556879e-05, 8.63160494191e-06, 9.85051701718e-06, 1.15926741273e-05, 4.98204326504e-06, 5.01576323586e-06, 4.72384317618e-06, 4.56648058389e-06],
        "var": [2.34831404669e-05, 3.82784637623e-05, 1.28465999296e-05, 3.93191021431e-06, 8.9542737669e-07, 5.24247695921e-07, 2.76025104995e-07, 2.78373704532e-07, 6.31451086974e-07, 3.74527672875e-07, 4.71480952058e-08, 4.95820557944e-08, 5.41057332271e-08, 1.68572267256e-08, 1.20768293144e-08, 8.19960721543e-09, 8.65431459829e-09, 9.90932136347e-09, 2.5498290146e-09, 2.30135088763e-09, 1.2043499531e-09, 7.09521330577e-10, 7.38518135535e-10, 3.21524473712e-10, 1.57077337248e-10, 1.53449961071e-10, 1.0231294284e-10, 1.74877487491e-10, 1.34016506226e-10, 1.5223564076e-10, 4.27714141882e-10, 3.27531141098e-10, 1.47400383566e-10, 7.45046038753e-11, 9.70326805017e-11, 1.34390096274e-10, 2.48207548265e-11, 2.51578809868e-11, 2.23146952305e-11, 2.08527431433e-11]
    },
    "melbands128": {
