{
"lowlevel": {
    "average_loudness": 0.974368870258,
    "barkbands_crest": {
        "dmean": 3.19758319855,
        "dmean2": 5.2723107338,
        "dvar": 8.72843360901,
        "dvar2": 22.6425895691,
        "max": 26.1793861389,
        "mean": 11.4595165253,
        "median": 10.8814697266,
        "min": 2.87070226669,
        "stdev": 4.68104696274,
        "var": 21.9122028351
    },
    "barkbands_flatness_db": {
        "dmean": 0.0280900374055,
        "dmean2": 0.0435965172946,
        "dvar": 0.000808562443126,
        "dvar2": 0.00208886037581,
        "max": 0.409658938646,
        "mean": 0.129429832101,
        "median": 0.117767713964,
        "min": 0.0282636303455,
        "stdev": 0.0577990077436,
        "var": 0.00334072508849
    },
    "barkbands_kurtosis": {
        "dmean": 5.38785839081,
        "dmean2": 8.62840080261,
        "dvar": 126.363204956,
        "dvar2": 356.377593994,
        "max": 195.60559082,
        "mean": 7.51905536652,
        "median": 3.16648006439,
        "min": -1.89888799191,
        "stdev": 15.9802474976,
        "var": 255.368301392
    },
    "barkbands_skewness": {
        "dmean": 0.79789596796,
        "dmean2": 1.21134471893,
        "dvar": 0.76519048214,
        "dvar2": 1.91473591328,
        "max": 12.3269090652,
        "mean": 1.96775186062,
        "median": 1.70853435993,
        "min": -3.36624836922,
        "stdev": 1.61233043671,
        "var": 2.599609375
    },
    "barkbands_spread": {
        "dmean": 9.62413787842,
        "dmean2": 14.9743566513,
        "dvar": 141.619445801,
        "dvar2": 349.783813477,
        "max": 114.918151855,
        "mean": 25.067237854,
        "median": 20.3186664581,
        "min": 1.38752269745,
        "stdev": 18.6336612701,
        "var": 347.213348389
    },
    "dissonance": {
        "dmean": 0.0226846206933,
        "dmean2": 0.0375210084021,
        "dvar": 0.000455598521512,
        "dvar2": 0.00121514999773,
        "max": 0.499990940094,
        "mean": 0.456828027964,
        "median": 0.463061094284,
        "min": 0.287936598063,
        "stdev": 0.0306149609387,
        "var": 0.000937275821343
    },
    "dynamic_complexity": 3.54516935349,
    "erbbands_crest": {
        "dmean": 2.66560029984,
        "dmean2": 4.40326499939,
        "dvar": 6.01531171799,
        "dvar2": 15.5361728668,
        "max": 26.6202220917,
        "mean": 8.32515335083,
        "median": 7.37018442154,
        "min": 2.23279738426,
        "stdev": 3.96285057068,
        "var": 15.7041854858
    },
    "erbbands_flatness_db": {
        "dmean": 0.0199824962765,
        "dmean2": 0.0294205415994,
        "dvar": 0.000420051015681,
        "dvar2": 0.000799333851319,
        "max": 0.285992473364,
        "mean": 0.125884965062,
        "median": 0.116296432912,
        "min": 0.0465372875333,
        "stdev": 0.0437825620174,
        "var": 0.00191691261716
    },
    "erbbands_kurtosis": {
        "dmean": 1.25947546959,
        "dmean2": 2.02578186989,
        "dvar": 2.80534029007,
        "dvar2": 7.05511188507,
        "max": 20.9375171661,
        "mean": 1.10951602459,
        "median": 0.377782344818,
        "min": -1.87904775143,
        "stdev": 2.52907586098,
        "var": 6.39622449875
    },
    "erbbands_skewness": {
        "dmean": 0.419572204351,
        "dmean2": 0.653298139572,
        "dvar": 0.157059669495,
        "dvar2": 0.354392021894,
        "max": 4.51965665817,
        "mean": 0.603842616081,
        "median": 0.613445043564,
        "min": -2.94994592667,
        "stdev": 0.747171580791,
        "var": 0.558265328407
    },
    "erbbands_spread": {
        "dmean": 13.8220949173,
        "dmean2": 21.101644516,
        "dvar": 254.719940186,
        "dvar2": 578.477844238,
        "max": 146.072875977,
        "mean": 47.1491546631,
        "median": 38.6973686218,
        "min": 5.66396141052,
        "stdev": 28.3573379517,
        "var": 804.13861084
    },
    "hfc": {
        "dmean": 12.7400684357,
        "dmean2": 17.8026943207,
        "dvar": 443.732696533,
        "dvar2": 903.336364746,
        "max": 299.534362793,
        "mean": 29.0799255371,
        "median": 19.4167842865,
        "min": 0.000528547738213,
        "stdev": 33.2795333862,
        "var": 1107.52722168
    },
    "loudness_ebu128": {
        "integrated": -7.47766304016,
        "loudness_range": 2.51127481461,
        "momentary": {
            "dmean": 0.960390686989,
            "dmean2": 1.28096961975,
            "dvar": 0.902388215065,
            "dvar2": 1.71541750431,
            "max": -4.10410022736,
            "mean": -7.99953222275,
            "median": -7.68327617645,
            "min": -19.2511062622,
            "stdev": 2.28865003586,
            "var": 5.2379193306
        },
        "short_term": {
            "dmean": 0.114951469004,
            "dmean2": 0.143717393279,
            "dvar": 0.00747509952635,
            "dvar2": 0.0123890573159,
            "max": -5.88360929489,
            "mean": -7.49605512619,
            "median": -7.3878159523,
            "min": -10.2137260437,
            "stdev": 0.885420978069,
            "var": 0.783970296383
        }
    },
    "melbands_crest": {
        "dmean": 3.87079358101,
        "dmean2": 6.33270931244,
        "dvar": 12.9908571243,
        "dvar2": 33.7685089111,
        "max": 33.2367362976,
        "mean": 15.9195775986,
        "median": 15.3452310562,
        "min": 3.40932178497,
        "stdev": 5.99697875977,
        "var": 35.9637527466
    },
    "melbands_flatness_db": {
        "dmean": 0.0365322828293,
        "dmean2": 0.0557519979775,
        "dvar": 0.00138204381801,
        "dvar2": 0.00359868304804,
        "max": 0.552611470222,
        "mean": 0.206847578287,
        "median": 0.196456983685,
        "min": 0.0311396550387,
        "stdev": 0.0783245638013,
        "var": 0.00613473774865
    },
    "melbands_kurtosis": {
        "dmean": 15.2888422012,
        "dmean2": 24.4126148224,
        "dvar": 1140.03918457,
        "dvar2": 2949.70019531,
        "max": 627.435424805,
        "mean": 24.3696613312,
        "median": 10.781996727,
        "min": -1.64324879646,
        "stdev": 48.7800827026,
        "var": 2379.49658203
    },
    "melbands_skewness": {
        "dmean": 1.15102791786,
        "dmean2": 1.7799706459,
        "dvar": 1.96946370602,
        "dvar2": 4.68571090698,
        "max": 20.4544429779,
        "mean": 3.24993801117,
        "median": 2.79409408569,
        "min": -2.47544169426,
        "stdev": 2.52062654495,
        "var": 6.35355854034
    },
    "melbands_spread": {
        "dmean": 9.23085975647,
        "dmean2": 14.6736249924,
        "dvar": 217.481277466,
        "dvar2": 539.338684082,
        "max": 231.226501465,
        "mean": 21.1375312805,
        "median": 17.7038497925,
        "min": 0.803977549076,
        "stdev": 17.9568557739,
        "var": 322.448699951
    },
    "pitch_salience": {
        "dmean": 0.0859307646751,
        "dmean2": 0.140573501587,
        "dvar": 0.00699722580612,
        "dvar2": 0.0184955559671,
        "max": 0.812093615532,
        "mean": 0.51096779108,
        "median": 0.518163204193,
        "min": 0.0922462642193,
        "stdev": 0.129711806774,
        "var": 0.0168251525611
    },
    "silence_rate_20dB": {
        "dmean": 0,
        "dmean2": 0,
        "dvar": 0,
        "dvar2": 0,
        "max": 1,
        "mean": 1,
        "median": 1,
        "min": 1,
        "stdev": 0,
        "var": 0
    },
    "silence_rate_30dB": {
        "dmean": 0.0464396290481,
        "dmean2": 0.0929512009025,
        "dvar": 0.0442826002836,
        "dvar2": 0.12613800168,
        "max": 1,
        "mean": 0.974477946758,
        "median": 1,
        "min": 0,
        "stdev": 0.157705515623,
        "var": 0.0248710289598
    },
    "silence_rate_60dB": {
        "dmean": 0.0348297208548,
        "dmean2": 0.068938806653,
        "dvar": 0.0336165651679,
        "dvar2": 0.084326133132,
        "max": 1,
        "mean": 0.0572312436998,
        "median": 0,
        "min": 0,
        "stdev": 0.232284277678,
        "var": 0.0539559870958
    },
    "spectral_centroid": {
        "dmean": 313.575317383,
        "dmean2": 483.386810303,
        "dvar": 154931.796875,
        "dvar2": 377951.28125,
        "max": 4979.04638672,
        "mean": 1181.01062012,
        "median": 1068.34472656,
        "min": 223.813262939,
        "stdev": 608.809814453,
        "var": 370649.40625
    },
    "spectral_complexity": {
        "dmean": 3.93266248703,
        "dmean2": 5.8776140213,
        "dvar": 21.6137886047,
        "dvar2": 48.2825965881,
        "max": 46,
        "mean": 16.3750972748,
        "median": 15,
        "min": 0,
        "stdev": 8.86919593811,
        "var": 78.6626434326
    },
    "spectral_decrease": {
        "dmean": 3.89513665766e-09,
        "dmean2": 5.97714500117e-09,
        "dvar": 3.32284043803e-17,
        "dvar2": 7.88948655513e-17,
        "max": -6.01834283364e-13,
        "mean": -8.74945893514e-09,
        "median": -5.87695137e-09,
        "min": -4.21032950726e-08,
        "stdev": 7.96647725565e-09,
        "var": 6.34647641362e-17
    },
    "spectral_energy": {
        "dmean": 0.0152980033308,
        "dmean2": 0.0232782009989,
        "dvar": 0.000497843255289,
        "dvar2": 0.00116862601135,
        "max": 0.163239210844,
        "mean": 0.0356601774693,
        "median": 0.0247406158596,
        "min": 2.31939839068e-06,
        "stdev": 0.031470887363,
        "var": 0.000990416738205
    },
    "spectral_energyband_high": {
        "dmean": 0.000987284933217,
        "dmean2": 0.00141545536462,
        "dvar": 3.87031514038e-06,
        "dvar2": 8.70597978064e-06,
        "max": 0.0236030519009,
        "mean": 0.00166141835507,
        "median": 0.000795788888354,
        "min": 2.7815453052e-08,
        "stdev": 0.00273006292991,
        "var": 7.45324405216e-06
    },
    "spectral_energyband_low": {
        "dmean": 0.0110360104591,
        "dmean2": 0.018055472523,
        "dvar": 0.000382536672987,
        "dvar2": 0.000968761334661,
        "max": 0.13220846653,
        "mean": 0.0179463811219,
        "median": 0.00916409213096,
        "min": 8.63855348143e-07,
        "stdev": 0.0233981367201,
        "var": 0.000547472795006
    },
    "spectral_energyband_middle_high": {
        "dmean": 0.00300119142048,
        "dmean2": 0.00442701717839,
        "dvar": 2.73265304713e-05,
        "dvar2": 6.44632236799e-05,
        "max": 0.0862974151969,
        "mean": 0.00629714410752,
        "median": 0.0027981128078,
        "min": 3.28529026206e-08,
        "stdev": 0.00937569327652,
        "var": 8.79036306287e-05
    },
    "spectral_energyband_middle_low": {
        "dmean": 0.00649991631508,
        "dmean2": 0.0106480801478,
        "dvar": 0.000186320496141,
        "dvar2": 0.000511835387442,
        "max": 0.121272616088,
        "mean": 0.0112251825631,
        "median": 0.00685313530266,
        "min": 5.31881255483e-07,
        "stdev": 0.0134472418576,
        "var": 0.000180828312295
    },
    "spectral_entropy": {
        "dmean": 0.225815549493,
        "dmean2": 0.327941060066,
        "dvar": 0.0644939020276,
        "dvar2": 0.14462402463,
        "max": 8.96966743469,
        "mean": 7.7008767128,
        "median": 7.74085235596,
        "min": 5.12920475006,
        "stdev": 0.486689418554,
        "var": 0.23686657846
    },
    "spectral_flux": {
        "dmean": 0.0344300828874,
        "dmean2": 0.0523978359997,
        "dvar": 0.00192595599219,
        "dvar2": 0.00384987867437,
        "max": 0.370059967041,
        "mean": 0.0981717631221,
        "median": 0.0827770978212,
        "min": 0.0015229571145,
        "stdev": 0.0671354085207,
        "var": 0.00450716353953
    },
    "spectral_kurtosis": {
        "dmean": 1.27373611927,
        "dmean2": 1.95100927353,
        "dvar": 2.23517179489,
        "dvar2": 4.72447252274,
        "max": 19.951177597,
        "mean": 3.64773130417,
        "median": 3.39477062225,
        "min": -1.13317799568,
        "stdev": 2.72241973877,
        "var": 7.41156864166
    },
    "spectral_rms": {
        "dmean": 0.00118404417299,
        "dmean2": 0.00170620041899,
        "dvar": 2.10384428101e-06,
        "dvar2": 4.30899262938e-06,
        "max": 0.0126197366044,
        "mean": 0.00531673058867,
        "median": 0.00491296080872,
        "min": 4.75691886095e-05,
        "stdev": 0.00255396869034,
        "var": 6.52275548418e-06
    },
    "spectral_rolloff": {
        "dmean": 931.39630127,
        "dmean2": 1596.9765625,
        "dvar": 3697359.75,
        "dvar2": 8453015,
        "max": 14556.4453125,
        "mean": 1667.70202637,
        "median": 947.4609375,
        "min": 64.599609375,
        "stdev": 2443.54711914,
        "var": 5970922
    },
    "spectral_skewness": {
        "dmean": 0.239935100079,
        "dmean2": 0.356469243765,
        "dvar": 0.0624263882637,
        "dvar2": 0.131612837315,
        "max": 3.72985672951,
        "mean": 1.62115156651,
        "median": 1.66447722912,
        "min": 0.186818644404,
        "stdev": 0.520435571671,
        "var": 0.270853191614
    },
    "spectral_spread": {
        "dmean": 953582.6875,
        "dmean2": 1326404.375,
        "dvar": 1.51002179174e+12,
        "dvar2": 2.46091638374e+12,
        "max": 23727156,
        "mean": 6558712,
        "median": 6188621.5,
        "min": 2122124.5,
        "stdev": 2381700,
        "var": 5.67249521869e+12
    },
    "spectral_strongpeak": {
        "dmean": 0.569419682026,
        "dmean2": 0.967767596245,
        "dvar": 0.911419868469,
        "dvar2": 2.38110280037,
        "max": 9.65276622772,
        "mean": 0.881100654602,
        "median": 0.399031817913,
        "min": 0,
        "stdev": 1.24652564526,
        "var": 1.55382609367
    },
    "zerocrossingrate": {
        "dmean": 0.0182228684425,
        "dmean2": 0.0203901864588,
        "dvar": 0.0005748384865,
        "dvar2": 0.000616561446805,
        "max": 0.48046875,
        "mean": 0.0724687948823,
        "median": 0.0625,
        "min": 0.00439453125,
        "stdev": 0.0550478808582,
        "var": 0.00303026917391
    },
    "barkbands": {
        "dmean": [0.000484789576149, 0.00646776100621, 0.00441441312432, 0.00281759141944, 0.00176798156463, 0.000986355124041, 0.000531047699042, 0.000722862780094, 0.00180575856939, 0.000939837947953, 0.000604336033575, 0.000688536209054, 0.00105667347088, 0.000363267463399, 0.000241384506808, 0.000168203056091, 0.000120361473819, 0.000117567869893, 9.57577067311e-05, 9.64273785939e-05, 0.000128749161377, 0.000169292907231, 0.000144227495184, 0.00021632440621, 0.000200216541998, 0.000180008166353, 2.53031485045e-05],
        "dmean2": [0.000861040316522, 0.0107213230804, 0.00727033056319, 0.00511635933071, 0.00297931768, 0.00155918160453, 0.000784678035416, 0.00113185448572, 0.00288960942999, 0.00149934168439, 0.000938149576541, 0.00109907204751, 0.0017085847212, 0.000593277276494, 0.000379274046281, 0.000274953228654, 0.000189977450646, 0.00019228234305, 0.000152370339492, 0.000150230000145, 0.000207288903766, 0.000283484987449, 0.00022140047804, 0.000343187741237, 0.00028609810397, 0.000241374436882, 3.64428269677e-05],
        "dvar": [1.13413784675e-06, 0.00016927071556, 0.000129291787744, 9.08775400603e-05, 2.17358101509e-05, 5.75920239498e-06, 8.69789346325e-07, 3.59838827535e-06, 2.04513271456e-05, 1.08040494524e-05, 4.08261303164e-06, 2.9256086691e-06, 6.69447945256e-06, 8.76632896052e-07, 4.21974817755e-07, 1.32469210712e-07, 4.289466915e-08, 4.36212168609e-08, 2.46007108018e-08, 2.12644675202e-08, 7.01558562355e-08, 1.58202368539e-07, 7.84379565744e-08, 2.18095934201e-07, 2.79258159708e-07, 4.29778793887e-07, 8.44243874809e-09],
        "dvar2": [3.54071880793e-06, 0.00045410337043, 0.000335007003741, 0.000258712243522, 6.03448606853e-05, 1.40311858559e-05, 1.81920518116e-06, 6.96427878211e-06, 4.90658931085e-05, 2.7533087632e-05, 1.11907847895e-05, 7.55629343985e-06, 1.55523011927e-05, 2.27476039072e-06, 9.88502165455e-07, 3.50753879275e-07, 1.00970126482e-07, 1.14600233303e-07, 6.15735515908e-08, 5.01470935887e-08, 1.97222703946e-07, 4.50606790992e-07, 1.99052053063e-07, 5.9997853441e-07, 4.32267853512e-07, 7.23216487586e-07, 1.42521692226e-08],
        "max": [0.00940221827477, 0.119455859065, 0.110275134444, 0.0768227279186, 0.0460773594677, 0.032882925123, 0.0144744897261, 0.0382314249873, 0.0769748389721, 0.0740667581558, 0.0443722382188, 0.0356810986996, 0.0428350120783, 0.0131374076009, 0.0148378992453, 0.00649942085147, 0.00298429559916, 0.00271731289104, 0.00208289176226, 0.00245036091655, 0.00281527615152, 0.00471303518862, 0.00351478974335, 0.00465526338667, 0.00927529856563, 0.0111685981974, 0.00151410803664],
        "mean": [0.000567421666346, 0.0105585698038, 0.0054432535544, 0.00226177810691, 0.00260902079754, 0.00149424490519, 0.000887092726771, 0.00105864647776, 0.00276616425253, 0.00140814913902, 0.000847161572892, 0.000937265867833, 0.00151756429113, 0.000505923002493, 0.00031235604547, 0.000226394535275, 0.000178923481144, 0.000180546136107, 0.000155227637151, 0.000161076473887, 0.000184478791198, 0.000227102267672, 0.00022714836814, 0.000314681150485, 0.000318905338645, 0.000275571044767, 3.5468765418e-05],
        "median": [8.39903805172e-05, 0.00421489123255, 0.00188956642523, 0.000732348999009, 0.00126108829863, 0.000562494213227, 0.000426636834163, 0.000317751284456, 0.000588825263549, 0.000207898629014, 0.000216295171413, 0.000269913347438, 0.00033286769758, 0.00013518591004, 9.70128239715e-05, 6.6524342401e-05, 6.92690737196e-05, 8.31358120195e-05, 7.93634535512e-05, 7.96882886789e-05, 7.01978351572e-05, 8.68089700816e-05, 9.91500928649e-05, 0.000112407295092, 0.000111525143438, 8.18065745989e-05, 4.48041328127e-06],
        "min": [1.54198531721e-09, 2.20267168061e-07, 1.98480989866e-07, 1.99081398478e-07, 1.96227361471e-07, 9.06741881579e-09, 3.29354250539e-08, 2.60052850365e-08, 1.6316699103e-08, 1.09349480581e-08, 1.2680557715e-09, 5.10702768963e-09, 2.74628697561e-09, 4.43470371536e-09, 1.22605148256e-09, 1.66156721715e-09, 1.92013671629e-09, 1.14547060726e-09, 3.26244964377e-09, 4.84283635416e-09, 1.03626018877e-09, 1.08299202939e-09, 4.07989109164e-09, 7.97874744052e-09, 4.95274532497e-09, 3.95102794926e-09, 1.74693647135e-12],
        "stdev": [0.00115944095887, 0.0164781268686, 0.0113413026556, 0.00733707938343, 0.00440970435739, 0.00282289087772, 0.0013013468124, 0.00251750275493, 0.00627540145069, 0.00503530399874, 0.00245579401962, 0.00187473313417, 0.00354243023321, 0.00116665870883, 0.000725874851923, 0.0004952265881, 0.000283947825665, 0.000249891687417, 0.000203443167266, 0.000207629287615, 0.000306078378344, 0.000422272831202, 0.000359359197319, 0.000509909878019, 0.000834772014059, 0.000895840348676, 0.000137151888339],
        "var": [1.34430342769e-06, 0.000271528639132, 0.000128625135403, 5.38327331014e-05, 1.9445493308e-05, 7.96871336206e-06, 1.69350346368e-06, 6.33782019577e-06, 3.93806658394e-05, 2.53542875726e-05, 6.03092439633e-06, 3.51462449544e-06, 1.25488113554e-05, 1.36109247251e-06, 5.26894325503e-07, 2.45249367481e-07, 8.06263642517e-08, 6.24458564857e-08, 4.13891214635e-08, 4.31099209663e-08, 9.36839654742e-08, 1.78314351729e-07, 1.29139024807e-07, 2.60008107489e-07, 6.96844267623e-07, 8.02529939392e-07, 1.8810641933e-08]
    },
    "erbbands": {
        "dmean": [0.246777683496, 1.39351129532, 4.0690536499, 8.20789527893, 6.61933660507, 6.25187921524, 6.8849864006, 8.2601184845, 6.49499559402, 9.59647464752, 21.4773349762, 40.1309776306, 26.8878078461, 28.963186264, 20.6861476898, 27.3968925476, 36.865852356, 24.0996608734, 15.1800575256, 11.6761322021, 8.86043739319, 7.47948598862, 7.13635206223, 4.37476873398, 4.87278223038, 4.25858592987, 4.51793050766, 5.48245859146, 6.38395547867, 5.21654891968, 4.15144300461, 3.95846438408, 3.79462218285, 2.35299682617, 1.4071419239, 0.841304838657, 0.317092597485, 0.0755653902888, 0.00274705816992, 6.76088602631e-05],
        "dmean2": [0.400842219591, 2.29067540169, 6.5507569313, 14.1696357727, 11.8029766083, 10.1996917725, 10.7669019699, 13.3566141129, 9.66195774078, 14.6111106873, 34.0862541199, 63.9852828979, 41.771572113, 44.9407691956, 31.8978042603, 43.3896331787, 60.0875244141, 37.9644508362, 24.0814476013, 18.3999652863, 14.50258255, 11.680273056, 11.551609993, 6.90613126755, 7.67249965668, 6.66779994965, 7.1889705658, 8.80587005615, 10.9529514313, 8.13667106628, 6.52299594879, 6.24031591415, 6.11801719666, 3.64376688004, 1.90572762489, 1.16375219822, 0.430049777031, 0.101293683052, 0.00380841596052, 9.12050309125e-05],
        "dvar": [0.245730876923, 8.36180210114, 84.0189590454, 620.925720215, 524.971679688, 223.315505981, 161.24887085, 522.306762695, 183.28326416, 282.601501465, 2898.97998047, 10516.0390625, 4741.24707031, 6361.875, 2309.74951172, 5253.48876953, 7103.7578125, 4225.97949219, 1102.76831055, 1353.67346191, 330.820556641, 167.597869873, 160.465179443, 46.430141449, 74.2204284668, 39.8959159851, 62.9604110718, 134.994613647, 232.3387146, 134.418182373, 67.0209121704, 71.1506958008, 73.5940856934, 32.0255126953, 18.852180481, 8.88712120056, 1.30436861515, 0.0791404172778, 0.000106817380583, 4.12616998346e-08],
        "dvar2": [0.738605976105, 22.6501331329, 212.473419189, 1656.74963379, 1511.43139648, 568.516357422, 369.646575928, 1241.57116699, 386.426757812, 646.540649414, 6300.98779297, 25215.9433594, 11208.3427734, 16321.2529297, 6570.81494141, 13466.7402344, 17482.0800781, 9599.27929688, 2642.72875977, 3271.43383789, 853.309265137, 393.226593018, 430.101776123, 111.37197113, 186.726272583, 95.8783035278, 166.504653931, 373.84866333, 686.352050781, 299.13458252, 177.330993652, 195.872528076, 202.3671875, 68.0995407104, 27.2737426758, 16.6219062805, 2.04858446121, 0.123126156628, 0.000170555591467, 6.30899421594e-08],
        "max": [3.47492098808, 27.187538147, 92.7435455322, 220.710266113, 211.518051147, 159.788269043, 185.130447388, 388.113922119, 216.911575317, 275.723144531, 980.916748047, 1872.44812012, 1182.54846191, 1439.03356934, 722.183105469, 1702.63586426, 1054.24987793, 1167.0144043, 662.578613281, 852.036499023, 308.982818604, 155.34513855, 128.016937256, 73.8907699585, 136.793075562, 96.5240402222, 74.5461349487, 143.283935547, 157.372894287, 250.985580444, 81.5359420776, 89.9754638672, 78.057975769, 100.605934143, 91.3609924316, 52.407459259, 19.6277580261, 5.09436845779, 0.17088341713, 0.00364420097321],
        "mean": [0.383371025324, 2.08456778526, 5.481153965, 8.06268310547, 6.52044677734, 10.2594089508, 11.9809923172, 11.8278255463, 10.8094215393, 16.1573734283, 34.4078712463, 60.6694335938, 43.2471580505, 43.4816627502, 31.5923156738, 39.1786842346, 55.1802177429, 36.7556686401, 22.6100082397, 15.6022968292, 12.8324680328, 11.6075582504, 11.5936355591, 7.55234241486, 7.97894001007, 7.28066015244, 7.00150823593, 7.71864271164, 8.27470302582, 7.86769962311, 6.39969825745, 6.12799739838, 5.13177728653, 3.45831036568, 2.2584438324, 1.25740814209, 0.483698129654, 0.11122444272, 0.00391592131928, 0.00012638620683],
        "median": [0.10706486553, 0.938876748085, 2.117197752, 2.55270433426, 2.29586720467, 5.15867424011, 4.90706968307, 4.69690465927, 5.01390981674, 8.73352718353, 12.2956600189, 13.6928930283, 9.82771492004, 10.6399803162, 10.2805213928, 11.7492465973, 13.9669303894, 9.80337524414, 8.08440113068, 4.9506187439, 4.26616811752, 4.78115415573, 5.52446699142, 4.02297067642, 4.12483406067, 3.78064846992, 3.14041495323, 2.84183216095, 3.02928495407, 3.13708281517, 2.83895754814, 2.3240749836, 1.80353975296, 1.19724965096, 0.738162279129, 0.394082397223, 0.135481446981, 0.0202819108963, 0.000594441953581, 6.46323751425e-05],
        "min": [8.19703564048e-06, 6.65354673401e-05, 0.000246274139499, 0.000583292276133, 0.000810069963336, 0.000590334180743, 0.000208655881579, 7.19493327779e-05, 0.000352386588929, 0.000603425898589, 0.000515779829584, 0.000374482042389, 0.000375122937839, 0.000218357861741, 5.17321786901e-05, 0.000229467594181, 0.000129028208903, 0.000216079890379, 0.000116719995276, 7.24000419723e-05, 0.000107001797005, 9.80616387096e-05, 7.48160236981e-05, 0.00012101453467, 0.000141990094562, 0.000251149380347, 8.48602503538e-05, 5.86997557548e-05, 4.79190202896e-05, 5.10099962412e-05, 0.000115451031888, 0.000200978072826, 9.8339485703e-05, 3.95437200496e-05, 4.56430861959e-05, 1.74048363988e-05, 5.84385088587e-06, 4.51515973054e-07, 9.77818217507e-08, 8.70769678585e-09],
        "stdev": [0.631575942039, 3.28445577621, 9.48674106598, 21.6776771545, 17.7857284546, 17.1641712189, 19.674036026, 25.14793396, 18.0939025879, 21.6359558105, 74.8877182007, 141.936233521, 104.746398926, 115.554626465, 58.5997047424, 81.01146698, 115.250282288, 85.6713104248, 43.6804962158, 41.0153312683, 26.4231834412, 18.3164863586, 15.6465463638, 9.29510116577, 11.3414268494, 9.08742237091, 10.0036020279, 13.4481878281, 15.2348451614, 15.3191204071, 9.84161472321, 9.51722335815, 9.06247711182, 7.79933738708, 6.83247280121, 3.96783494949, 1.60594046116, 0.409147471189, 0.0152030196041, 0.000304647284793],
        "var": [0.398888200521, 10.7876491547, 89.998260498, 469.921691895, 316.332122803, 294.608795166, 387.067657471, 632.418579102, 327.389343262, 468.114593506, 5608.16992188, 20145.8925781, 10971.8085938, 13352.8720703, 3433.92529297, 6562.85791016, 13282.6279297, 7339.57373047, 1907.98583984, 1682.25732422, 698.184631348, 335.493682861, 244.814407349, 86.3989028931, 128.627960205, 82.581237793, 100.072059631, 180.853759766, 232.100509644, 234.675460815, 96.8573760986, 90.5775375366, 82.1284942627, 60.8296661377, 46.6826820374, 15.7437133789, 2.57904481888, 0.167401656508, 0.000231131809414, 9.28099765929e-08]
    },
    "gfcc": {
        "mean": [15.5289134979, 68.6321640015, -88.5618896484, 19.8470821381, -58.4513015747, 27.3981723785, -35.8339500427, 12.8720397949, -27.2323055267, 7.10098457336, -19.0421180725, 4.27628469467, -18.3240413666],
        "cov": [[6459.92822266, -1276.41015625, -135.857284546, -242.581130981, 5.01457834244, 264.29776001, -9.13117599487, 323.876708984, -91.863822937, 160.161758423, -28.1161079407, -38.6118927002, -54.1980514526], [-1276.41015625, 1468.89990234, 36.6171226501, -19.4433116913, 208.274429321, 13.0450248718, 185.062652588, 38.8323898315, 187.229568481, -23.3838424683, 161.972076416, 8.53181648254, 87.3712005615], [-135.857284546, 36.6171226501, 1011.05224609, 227.999588013, 104.566650391, 101.49697876, 63.1701889038, 50.6309547424, 126.211784363, 53.2274894714, -66.8640899658, 57.9378089905, -57.8769111633], [-242.581130981, -19.4433116913, 227.999588013, 633.03112793, 101.522605896, 41.6301231384, 20.6907253265, -24.4788608551, 79.8832855225, -44.8734130859, -64.2876968384, -30.4185066223, 5.8738617897], [5.01457834244, 208.274429321, 104.566650391, 101.522605896, 231.607849121, 77.3338470459, 84.3176498413, 68.3620452881, 65.8002319336, 26.6724796295, 36.3034133911, 14.0690050125, 29.1861572266], [264.29776001, 13.0450248718, 101.49697876, 41.6301231384, 77.3338470459, 258.241088867, 134.356719971, 64.9381866455, 32.7199287415, 19.8508300781, 21.553276062, -8.61161422729, -12.7899026871], [-9.13117599487, 185.062652588, 63.1701889038, 20.6907253265, 84.3176498413, 134.356719971, 203.802627563, 71.4144210815, 62.5706100464, 32.039188385, 31.950548172, 10.9727659225, 1.19695687294], [323.876708984, 38.8323898315, 50.6309547424, -24.4788608551, 68.3620452881, 64.9381866455, 71.4144210815, 149.735717773, 50.2684249878, 41.1788330078, 44.8705635071, 6.88417673111, 14.670167923], [-91.863822937, 187.229568481, 126.211784363, 79.8832855225, 65.8002319336, 32.7199287415, 62.5706100464, 50.2684249878, 157.091598511, 45.2151641846, 1.3138794899, 17.0434894562, 19.2569046021], [160.161758423, -23.3838424683, 53.2274894714, -44.8734130859, 26.6724796295, 19.8508300781, 32.039188385, 41.1788330078, 45.2151641846, 93.2688674927, 26.8635196686, 30.9417171478, 8.5982093811], [-28.1161079407, 161.972076416, -66.8640899658, -64.2876968384, 36.3034133911, 21.553276062, 31.950548172, 44.8705635071, 1.3138794899, 26.8635196686, 118.810394287, 23.9799194336, 29.0125293732], [-38.6118927002, 8.53181648254, 57.9378089905, -30.4185066223, 14.0690050125, -8.61161422729, 10.9727659225, 6.88417673111, 17.0434894562, 30.9417171478, 23.9799194336, 82.2128982544, 21.9945640564], [-54.1980514526, 87.3712005615, -57.8769111633, 5.8738617897, 29.1861572266, -12.7899026871, 1.19695687294, 14.670167923, 19.2569046021, 8.5982093811, 29.0125293732, 21.9945640564, 71.6233291626]],
        "icov": [[0.000239032349782, 0.000190137317986, 6.11675350228e-05, 7.20365642337e-05, -8.89233342605e-05, -0.000211710561416, 0.000164151148056, -0.000519028166309, 5.56175436941e-05, -0.000221039008466, 0.000106385341496, 0.000124708763906, 2.46432700806e-05], [0.000190137317986, 0.00184395653196, -0.000272431352641, 0.00071215594653, -0.00106488820165, 0.00083072995767, -0.00143233535346, 0.00112619856372, -0.00242147617973, 0.00232293107547, -0.00263731484301, 0.00138203741517, -0.00099243351724], [6.11675350228e-05, -0.000272431352641, 0.0016148329014, -0.000540618144441, -0.000227003518376, -0.000671093934216, 0.000724986253772, -0.000863887893502, -0.000249924400123, -0.000849399541039, 0.00140587252099, -0.00192563794553, 0.00205637398176], [7.20365642337e-05, 0.00071215594653, -0.000540618144441, 0.00255437358283, -0.00133209174965, 0.000110642162326, -0.00044717694982, 0.00123750278726, -0.00201227236539, 0.00225030886941, -0.000327780697262, 0.00146597786807, -0.00119051570073], [-8.89233342605e-05, -0.00106488820165, -0.000227003518376, -0.00133209174965, 0.00721008004621, -0.00110336916987, -0.000365232204786, -0.00206774077378, 0.000783770112321, -0.0015190357808, 0.000291824195301, -0.000669225642923, -0.00148899981286], [-0.000211710561416, 0.00083072995767, -0.000671093934216, 0.000110642162326, -0.00110336916987, 0.00727026350796, -0.00491688214242, 0.000488399353344, -0.000517394742928, 0.0014184131287, -0.00212017563172, 0.00202976283617, 0.000209402001929], [0.000164151148056, -0.00143233535346, 0.000724986253772, -0.00044717694982, -0.000365232204786, -0.00491688214242, 0.0107336584479, -0.00315908412449, -1.58974307851e-05, -0.00238316040486, 0.00187927193474, -0.00238650804386, 0.00249447789975], [-0.000519028166309, 0.00112619856372, -0.000863887893502, 0.00123750278726, -0.00206774077378, 0.000488399353344, -0.00315908412449, 0.0130089344457, -0.00394947035238, 0.000675858580507, -0.00521420314908, 0.00309170596302, -0.00210464675911], [5.56175436941e-05, -0.00242147617973, -0.000249924400123, -0.00201227236539, 0.000783770112321, -0.000517394742928, -1.58974307851e-05, -0.00394947035238, 0.0140567002818, -0.00773269729689, 0.00564548186958, -0.001438563806, -0.00133961858228], [-0.000221039008466, 0.00232293107547, -0.000849399541039, 0.00225030886941, -0.0015190357808, 0.0014184131287, -0.00238316040486, 0.000675858580507, -0.00773269729689, 0.0201623961329, -0.00578148337081, -0.00245023518801, -0.000345242326148], [0.000106385341496, -0.00263731484301, 0.00140587252099, -0.000327780697262, 0.000291824195301, -0.00212017563172, 0.00187927193474, -0.00521420314908, 0.00564548186958, -0.00578148337081, 0.0168676320463, -0.00444329250604, -0.00129224103875], [0.000124708763906, 0.00138203741517, -0.00192563794553, 0.00146597786807, -0.000669225642923, 0.00202976283617, -0.00238650804386, 0.00309170596302, -0.001438563806, -0.00245023518801, -0.00444329250604, 0.0186096020043, -0.00646001752466], [2.46432700806e-05, -0.00099243351724, 0.00205637398176, -0.00119051570073, -0.00148899981286, 0.000209402001929, 0.00249447789975, -0.00210464675911, -0.00133961858228, -0.000345242326148, -0.00129224103875, -0.00646001752466, 0.0208929572254]]
    },
    "melbands": {
        "dmean": [0.00190439890139, 0.0019484537188, 0.00129729951732, 0.000430707004853, 0.000239245826378, 0.000179704235052, 0.000102772071841, 0.000116303701361, 0.000199217640329, 0.000258793763351, 0.000146459715324, 0.000131315900944, 7.21618707757e-05, 7.19805902918e-05, 9.68401000137e-05, 9.21494647628e-05, 4.0263930714e-05, 2.90340303764e-05, 2.00251415663e-05, 1.17799281725e-05, 1.0892435057e-05, 7.86709915701e-06, 5.95689061811e-06, 6.14977943769e-06, 3.66479139302e-06, 3.92859328713e-06, 3.6276899209e-06, 2.78627089756e-06, 2.89707054435e-06, 3.52202368958e-06, 2.87484226646e-06, 3.59623822987e-06, 3.66262565876e-06, 2.81375241684e-06, 2.54930750998e-06, 2.54325118476e-06, 2.47272396336e-06, 2.7912758469e-06, 2.42805276685e-06, 1.9551105197e-06],
        "dmean2": [0.0031350934878, 0.0031259751413, 0.00222600158304, 0.000738037168048, 0.000371191534214, 0.000289072835585, 0.000152274107677, 0.000176909379661, 0.000323720945744, 0.000411780143622, 0.000227799158893, 0.000205813310458, 0.00011213155085, 0.000113989990496, 0.000159500283189, 0.000147752725752, 6.50892980048e-05, 4.64535551146e-05, 3.15313445753e-05, 1.88935864571e-05, 1.79020044015e-05, 1.23868931041e-05, 9.53240851231e-06, 9.92097830022e-06, 5.83436622037e-06, 6.32610408502e-06, 5.74349860472e-06, 4.45008163297e-06, 4.5416049943e-06, 5.83019118494e-06, 4.6450991249e-06, 6.18862532065e-06, 6.22281322649e-06, 4.27285613114e-06, 4.1153307393e-06, 4.03689455197e-06, 3.90225386582e-06, 4.55388908449e-06, 3.91466710425e-06, 3.04140166918e-06],
        "dvar": [1.43911711348e-05, 1.47624996316e-05, 1.50849300553e-05, 1.61032721735e-06, 1.76848061528e-07, 2.29543957175e-07, 4.03551645434e-08, 5.5331955906e-08, 2.75375867886e-07, 4.67563069151e-07, 1.5539967535e-07, 1.41543040399e-07, 4.3520870463e-08, 2.75784621806e-08, 7.08828267193e-08, 7.42723074154e-08, 1.30468338355e-08, 4.95812590984e-09, 3.6868257336e-09, 8.68632832329e-10, 5.32174304624e-10, 1.93156907136e-10, 8.90719512037e-11, 1.34741787172e-10, 3.44444542333e-11, 4.89347035115e-11, 3.72468618448e-11, 1.73150799254e-11, 2.24215195022e-11, 7.12655698343e-11, 3.08897074586e-11, 7.30475679944e-11, 1.11175409157e-10, 3.45239635491e-11, 2.6975454856e-11, 3.00572934597e-11, 2.57864320174e-11, 3.78657313838e-11, 3.02254887785e-11, 2.38113920942e-11],
        "dvar2": [4.04519378208e-05, 3.67565044144e-05, 3.99900563934e-05, 4.55690405943e-06, 4.07713059758e-07, 5.49093897462e-07, 8.35456077652e-08, 1.22816842918e-07, 6.81037704453e-07, 1.07219545953e-06, 3.7135859543e-07, 3.64446691492e-07, 1.24233551446e-07, 7.01031055428e-08, 1.88596288808e-07, 1.71534026094e-07, 3.08235534874e-08, 1.21069341219e-08, 8.70730509916e-09, 2.11020689811e-09, 1.39980094183e-09, 4.51639642352e-10, 2.32615815499e-10, 3.53214929527e-10, 8.41626421333e-11, 1.26464672068e-10, 9.10015673927e-11, 4.18117693246e-11, 5.3877655809e-11, 2.09499750881e-10, 8.13685230305e-11, 2.14606776794e-10, 3.15563852826e-10, 6.72171693306e-11, 7.13314754486e-11, 8.23472609546e-11, 7.09753020245e-11, 1.0299698594e-10, 7.78069692009e-11, 4.8449948914e-11],
        "max": [0.0315671153367, 0.0331372469664, 0.0323378443718, 0.0124731389806, 0.00578140141442, 0.00778344972059, 0.00312491762452, 0.00374607928097, 0.00777660589665, 0.013569643721, 0.00737264519557, 0.0077083199285, 0.00438915379345, 0.0025629827287, 0.00342480908148, 0.00466758944094, 0.00168938830029, 0.00145155063365, 0.00136877840851, 0.000429145467933, 0.000479888316477, 0.000174740809598, 8.57754421304e-05, 0.000198046051082, 7.02939141775e-05, 0.000100109413324, 0.000104934260889, 5.24843453604e-05, 4.3674306653e-05, 9.29671296035e-05, 6.9219742727e-05, 0.000110605251393, 0.000132327520987, 0.000143928453326, 6.28848283668e-05, 5.53445897822e-05, 5.03236515215e-05, 5.60294211027e-05, 6.5328720666e-05, 9.54679780989e-05],
        "mean": [0.00313137704507, 0.00277999881655, 0.00133326230571, 0.000571866868995, 0.000436781177996, 0.000266539136646, 0.000171675055753, 0.000190187842236, 0.000312281626975, 0.000390810833778, 0.00022881726909, 0.000193519692402, 0.00010587079305, 9.90386470221e-05, 0.00012515958224, 0.000136488219141, 5.78782528464e-05, 4.00731805712e-05, 2.46771414822e-05, 1.52554293891e-05, 1.45576577779e-05, 1.14412250696e-05, 9.83563040791e-06, 9.29493398871e-06, 5.76625325266e-06, 5.89348201174e-06, 5.705084277e-06, 4.53611528428e-06, 4.46049489256e-06, 4.36805885329e-06, 4.24478412242e-06, 4.57505893792e-06, 4.57664282294e-06, 4.34163757745e-06, 3.69860390492e-06, 3.77666151508e-06, 3.7070617509e-06, 3.77705032406e-06, 3.19229729939e-06, 2.82041901301e-06],
        "median": [0.00107035296969, 0.00135624886025, 0.000472169282148, 0.000262651970843, 0.000223717899644, 0.00010453514551, 8.47738992888e-05, 9.44613639149e-05, 8.95870107342e-05, 7.55518994993e-05, 4.42300261057e-05, 4.04346319556e-05, 3.12785268761e-05, 2.97278511425e-05, 2.63319125224e-05, 2.26426291192e-05, 1.50270097947e-05, 1.17359068099e-05, 6.7252253757e-06, 4.38604411102e-06, 4.41343081548e-06, 4.32102751802e-06, 4.74643638881e-06, 4.14825353801e-06, 2.92746335617e-06, 2.8545296118e-06, 2.65006815425e-06, 2.22324865717e-06, 1.93475602828e-06, 1.50612106609e-06, 1.59132105182e-06, 1.64631228472e-06, 1.61644641139e-06, 1.70743714989e-06, 1.54850090439e-06, 1.40275494687e-06, 1.38073789913e-06, 1.31481397148e-06, 1.06043785308e-06, 9.52333095938e-07],
        "min": [6.26927487701e-08, 1.18712208064e-07, 1.25408547547e-07, 5.06561583791e-08, 1.0296330899e-08, 1.71276837158e-09, 5.80089709601e-09, 6.56770593466e-09, 3.92312138331e-09, 2.26519247803e-09, 1.8707253524e-09, 9.62246504699e-10, 1.39036462898e-10, 4.47055309438e-10, 5.52356882455e-10, 2.56244081509e-10, 4.23600626798e-10, 2.24901625101e-10, 8.10834871467e-11, 1.04361908004e-10, 1.27068383593e-10, 9.03623842419e-11, 1.13529644019e-10, 4.61775305494e-11, 1.02507648203e-10, 1.27199736855e-10, 7.23501952793e-11, 2.05031588929e-10, 7.52030313023e-11, 1.92249792474e-11, 3.67120188416e-11, 2.68180790075e-11, 1.71475333932e-11, 3.53233310657e-11, 4.13992312653e-11, 1.42631087496e-10, 1.03186612033e-10, 8.6836753066e-11, 2.95322898081e-11, 3.32046508345e-11],
        "stdev": [0.00496344361454, 0.00412892177701, 0.00340899988078, 0.00109775864985, 0.000639761681668, 0.000536544073839, 0.000272371224128, 0.000296029465972, 0.000714800436981, 0.000969850399997, 0.000600634084549, 0.00055488711223, 0.000247657735599, 0.000186324046808, 0.000302173488308, 0.000389133376302, 0.000139069234137, 8.98547223187e-05, 6.59049983369e-05, 3.64920160791e-05, 3.14629251079e-05, 1.89113070519e-05, 1.26070499391e-05, 1.37577699206e-05, 7.71517170506e-06, 8.63003606355e-06, 8.20249351818e-06, 5.79709740123e-06, 6.39013978798e-06, 8.39598305902e-06, 7.06393575456e-06, 8.50547348819e-06, 1.01651039586e-05, 8.44883652462e-06, 6.12442545389e-06, 6.04189381193e-06, 5.75944113734e-06, 6.53544339002e-06, 6.31461307421e-06, 6.92102094035e-06],
        "var": [2.46357740252e-05, 1.70479943336e-05, 1.16212804642e-05, 1.20507411339e-06, 4.09295012105e-07, 2.87879572625e-07, 7.4186075949e-08, 8.76334524946e-08, 5.10939628384e-07, 9.40609766076e-07, 3.60761276852e-07, 3.07899682639e-07, 6.13343544842e-08, 3.47166526637e-08, 9.13088200605e-08, 1.51424785599e-07, 1.93402520665e-08, 8.07387134927e-09, 4.34346869582e-09, 1.33166733196e-09, 9.89915704963e-10, 3.57637558457e-10, 1.58937710215e-10, 1.89276233575e-10, 5.95238788814e-11, 7.44775213724e-11, 6.72809030711e-11, 3.36063364637e-11, 4.08338848845e-11, 7.049253542e-11, 4.9899185478e-11, 7.23430759741e-11, 1.0332934508e-10, 7.13828440801e-11, 3.75085865145e-11, 3.65044834638e-11, 3.31711637325e-11, 4.27120179503e-11, 3.98743364716e-11, 4.79005307641e-11]
    },
    "melbands128": {
