{
"lowlevel": {
    "average_loudness": 0.965266823769,
    "barkbands_crest": {
        "dmean": 3.31044220924,
        "dmean2": 5.14545917511,
        "dvar": 10.0770721436,
        "dvar2": 20.2068195343,
        "max": 26.3011398315,
        "mean": 12.7532520294,
        "median": 12.1461858749,
        "min": 2.64570331573,
        "stdev": 5.42589902878,
        "var": 29.4403781891
    },
    "barkbands_flatness_db": {
        "dmean": 0.0318067260087,
        "dmean2": 0.0468521900475,
        "dvar": 0.00111663562711,
        "dvar2": 0.00200022966601,
        "max": 0.414845734835,
        "mean": 0.191764473915,
        "median": 0.19427330792,
        "min": 0.0490180999041,
        "stdev": 0.0627290979028,
        "var": 0.00393493985757
    },
    "barkbands_kurtosis": {
        "dmean": 6.33909654617,
        "dmean2": 9.33698558807,
        "dvar": 138.625320435,
        "dvar2": 279.381195068,
        "max": 201.089233398,
        "mean": 10.0865192413,
        "median": 5.05786418915,
        "min": -1.80106472969,
        "stdev": 16.0907917023,
        "var": 258.913574219
    },
    "barkbands_skewness": {
        "dmean": 0.879569411278,
        "dmean2": 1.26558983326,
        "dvar": 0.88009595871,
        "dvar2": 1.60856056213,
        "max": 11.0709638596,
        "mean": 2.15471148491,
        "median": 2.05098986626,
        "min": -4.79388093948,
        "stdev": 1.8207167387,
        "var": 3.31500935555
    },
    "barkbands_spread": {
        "dmean": 6.35367059708,
        "dmean2": 9.9697971344,
        "dvar": 99.5904159546,
        "dvar2": 218.390396118,
        "max": 90.6122817993,
        "mean": 15.6531248093,
        "median": 12.0242519379,
        "min": 0.555039346218,
        "stdev": 13.1165161133,
        "var": 172.042984009
    },
    "dissonance": {
        "dmean": 0.0269092619419,
        "dmean2": 0.0437836274505,
        "dvar": 0.000588901806623,
        "dvar2": 0.00150821427815,
        "max": 0.499988228083,
        "mean": 0.449202239513,
        "median": 0.456500470638,
        "min": 0.122366338968,
        "stdev": 0.039434954524,
        "var": 0.001555115683
    },
    "dynamic_complexity": 2.50499773026,
    "erbbands_crest": {
        "dmean": 3.28123521805,
        "dmean2": 5.29452562332,
        "dvar": 9.3127412796,
        "dvar2": 20.545715332,
        "max": 31.9551906586,
        "mean": 10.485742569,
        "median": 9.44358539581,
        "min": 3.14205574989,
        "stdev": 4.83495521545,
        "var": 23.3767910004
    },
    "erbbands_flatness_db": {
        "dmean": 0.0230892635882,
        "dmean2": 0.0335034914315,
        "dvar": 0.000448870821856,
        "dvar2": 0.000966736290138,
        "max": 0.386728674173,
        "mean": 0.187224879861,
        "median": 0.186233207583,
        "min": 0.0565751753747,
        "stdev": 0.0476460494101,
        "var": 0.00227014604025
    },
    "erbbands_kurtosis": {
        "dmean": 1.69821155071,
        "dmean2": 2.61279797554,
        "dvar": 9.77052593231,
        "dvar2": 21.1685333252,
        "max": 43.2585411072,
        "mean": 1.43946456909,
        "median": 0.322549104691,
        "min": -1.81901729107,
        "stdev": 3.88515329361,
        "var": 15.0944166183
    },
    "erbbands_skewness": {
        "dmean": 0.535365283489,
        "dmean2": 0.778798162937,
        "dvar": 0.327569395304,
        "dvar2": 0.606249809265,
        "max": 5.78664541245,
        "mean": 0.59879130125,
        "median": 0.607612073421,
        "min": -3.7510638237,
        "stdev": 1.00107479095,
        "var": 1.00215065479
    },
    "erbbands_spread": {
        "dmean": 9.55035209656,
        "dmean2": 15.1752786636,
        "dvar": 147.534179688,
        "dvar2": 353.599578857,
        "max": 155.29107666,
        "mean": 33.2155570984,
        "median": 28.9516487122,
        "min": 3.21437120438,
        "stdev": 19.4566364288,
        "var": 378.560699463
    },
    "hfc": {
        "dmean": 13.6099309921,
        "dmean2": 21.1028423309,
        "dvar": 740.635803223,
        "dvar2": 1605.18859863,
        "max": 254.895431519,
        "mean": 22.6018543243,
        "median": 14.909029007,
        "min": 0.000387598731322,
        "stdev": 28.9114627838,
        "var": 835.872680664
    },
    "loudness_ebu128": {
        "integrated": -8.44916439056,
        "loudness_range": 0.715322494507,
        "momentary": {
            "dmean": 0.841380655766,
            "dmean2": 1.00942707062,
            "dvar": 0.354832559824,
            "dvar2": 0.828800976276,
            "max": -6.685962677,
            "mean": -8.55756664276,
            "median": -8.32037734985,
            "min": -11.7571268082,
            "stdev": 1.00451111794,
            "var": 1.00904262066
        },
        "short_term": {
            "dmean": 0.0491608828306,
            "dmean2": 0.070920445025,
            "dvar": 0.00152578402776,
            "dvar2": 0.00213679810986,
            "max": -7.8914937973,
            "mean": -8.46573162079,
            "median": -8.51515579224,
            "min": -8.88667964935,
            "stdev": 0.233362913132,
            "var": 0.0544582493603
        }
    },
    "melbands_crest": {
        "dmean": 4.16330957413,
        "dmean2": 6.31611824036,
        "dvar": 15.7457380295,
        "dvar2": 32.4085922241,
        "max": 38.2287635803,
        "mean": 20.1288642883,
        "median": 19.5239124298,
        "min": 2.98548078537,
        "stdev": 9.05762767792,
        "var": 82.0406188965
    },
    "melbands_flatness_db": {
        "dmean": 0.0390477105975,
        "dmean2": 0.0530595965683,
        "dvar": 0.00182469177525,
        "dvar2": 0.00274580973201,
        "max": 0.541801691055,
        "mean": 0.240095540881,
        "median": 0.247399330139,
        "min": 0.0251690745354,
        "stdev": 0.0996773689985,
        "var": 0.00993557740003
    },
    "melbands_kurtosis": {
        "dmean": 12.7191400528,
        "dmean2": 18.8551006317,
        "dvar": 579.208129883,
        "dvar2": 1276.57092285,
        "max": 369.047058105,
        "mean": 22.0531082153,
        "median": 10.3544626236,
        "min": -1.83426654339,
        "stdev": 34.8044471741,
        "var": 1211.3494873
    },
    "melbands_skewness": {
        "dmean": 1.0793170929,
        "dmean2": 1.57208204269,
        "dvar": 1.52348089218,
        "dvar2": 3.15024709702,
        "max": 15.4816303253,
        "mean": 3.08815574646,
        "median": 2.52940130234,
        "min": -1.13801944256,
        "stdev": 2.32410478592,
        "var": 5.40146350861
    },
    "melbands_spread": {
        "dmean": 10.3097410202,
        "dmean2": 15.1637134552,
        "dvar": 310.265594482,
        "dvar2": 564.668457031,
        "max": 198.406585693,
        "mean": 21.8442420959,
        "median": 11.8918027878,
        "min": 0.497677385807,
        "stdev": 26.4031333923,
        "var": 697.125488281
    },
    "pitch_salience": {
        "dmean": 0.095487691462,
        "dmean2": 0.147415876389,
        "dvar": 0.00936593022197,
        "dvar2": 0.0210728682578,
        "max": 0.859118878841,
        "mean": 0.469152987003,
        "median": 0.471922546625,
        "min": 0.0888792052865,
        "stdev": 0.176276385784,
        "var": 0.0310733653605
    },
    "silence_rate_20dB": {
        "dmean": 0,
        "dmean2": 0,
        "dvar": 0,
        "dvar2": 0,
        "max": 1,
        "mean": 1,
        "median": 1,
        "min": 1,
        "stdev": 0,
        "var": 0
    },
    "silence_rate_30dB": {
        "dmean": 0.0773993805051,
        "dmean2": 0.154918670654,
        "dvar": 0.0714077800512,
        "dvar2": 0.130919784307,
        "max": 1,
        "mean": 0.826759457588,
        "median": 1,
        "min": 0,
        "stdev": 0.378456920385,
        "var": 0.14322963357
    },
    "silence_rate_60dB": {
        "dmean": 0.0379256978631,
        "dmean2": 0.075135551393,
        "dvar": 0.0364871323109,
        "dvar2": 0.0818841010332,
        "max": 1,
        "mean": 0.0572312436998,
        "median": 0,
        "min": 0,
        "stdev": 0.232284933329,
        "var": 0.0539562925696
    },
    "spectral_centroid": {
        "dmean": 359.190002441,
        "dmean2": 505.185119629,
        "dvar": 240361.8125,
        "dvar2": 381446.59375,
        "max": 6819.65966797,
        "mean": 1343.06286621,
        "median": 998.202819824,
        "min": 225.705291748,
        "stdev": 915.832885742,
        "var": 838749.875
    },
    "spectral_complexity": {
        "dmean": 5.19969034195,
        "dmean2": 7.76142501831,
        "dvar": 64.4321136475,
        "dvar2": 122.713058472,
        "max": 57,
        "mean": 14.777261734,
        "median": 13,
        "min": 0,
        "stdev": 9.79159832001,
        "var": 95.8753890991
    },
    "spectral_decrease": {
        "dmean": 3.50628837076e-09,
        "dmean2": 4.90876983505e-09,
        "dvar": 3.0051269822e-17,
        "dvar2": 4.37780243761e-17,
        "max": -1.67067111556e-13,
        "mean": -1.25790249328e-08,
        "median": -7.55974305378e-09,
        "min": -4.14916137004e-08,
        "stdev": 1.19281873268e-08,
        "var": 1.42281656334e-16
    },
    "spectral_energy": {
        "dmean": 0.0139544559643,
        "dmean2": 0.0197362415493,
        "dvar": 0.000446745078079,
        "dvar2": 0.000665922125336,
        "max": 0.159054964781,
        "mean": 0.049526181072,
        "median": 0.0333763957024,
        "min": 6.65707716507e-07,
        "stdev": 0.0452242977917,
        "var": 0.00204523722641
    },
    "spectral_energyband_high": {
        "dmean": 0.001139181084,
        "dmean2": 0.00176808424294,
        "dvar": 7.01479029885e-06,
        "dvar2": 1.47488553921e-05,
        "max": 0.0258573833853,
        "mean": 0.00126471917611,
        "median": 0.000186875389772,
        "min": 1.49482115575e-08,
        "stdev": 0.00292607978918,
        "var": 8.56194310472e-06
    },
    "spectral_energyband_low": {
        "dmean": 0.00988577865064,
        "dmean2": 0.0141434408724,
        "dvar": 0.000403699174058,
        "dvar2": 0.000558702333365,
        "max": 0.129611626267,
        "mean": 0.0310393385589,
        "median": 0.00142630340997,
        "min": 9.85429977618e-08,
        "stdev": 0.0402662307024,
        "var": 0.00162136927247
    },
    "spectral_energyband_middle_high": {
        "dmean": 0.00253733387217,
        "dmean2": 0.00392602430657,
        "dvar": 2.36456653511e-05,
        "dvar2": 5.59125837754e-05,
        "max": 0.0329569913447,
        "mean": 0.00398333184421,
        "median": 0.00237657479011,
        "min": 4.33852775927e-08,
        "stdev": 0.00517804548144,
        "var": 2.68121530098e-05
    },
    "spectral_energyband_middle_low": {
        "dmean": 0.00727906823158,
        "dmean2": 0.0117725450546,
        "dvar": 0.000220108442591,
        "dvar2": 0.000614318414591,
        "max": 0.117602817714,
        "mean": 0.0131656853482,
        "median": 0.0107694137841,
        "min": 5.45245995909e-07,
        "stdev": 0.0149728134274,
        "var": 0.00022418514709
    },
    "spectral_entropy": {
        "dmean": 0.266790419817,
        "dmean2": 0.377085804939,
        "dvar": 0.0836183056235,
        "dvar2": 0.135969504714,
        "max": 8.90703105927,
        "mean": 7.36217498779,
        "median": 7.3252620697,
        "min": 5.52027511597,
        "stdev": 0.540443837643,
        "var": 0.292079538107
    },
    "spectral_flux": {
        "dmean": 0.0487109236419,
        "dmean2": 0.0790411904454,
        "dvar": 0.00311574153602,
        "dvar2": 0.00660420442,
        "max": 0.387148410082,
        "mean": 0.114035479724,
        "median": 0.0980673506856,
        "min": 0.000815909123048,
        "stdev": 0.0765599086881,
        "var": 0.00586141971871
    },
    "spectral_kurtosis": {
        "dmean": 2.12844586372,
        "dmean2": 3.32426452637,
        "dvar": 5.35808229446,
        "dvar2": 13.1674013138,
        "max": 30.0385169983,
        "mean": 5.35186672211,
        "median": 4.68897008896,
        "min": -1.17457163334,
        "stdev": 3.90486574173,
        "var": 15.2479763031
    },
    "spectral_rms": {
        "dmean": 0.00106536236126,
        "dmean2": 0.00146992446389,
        "dvar": 1.97529834622e-06,
        "dvar2": 2.87772263619e-06,
        "max": 0.0124569488689,
        "mean": 0.00610479433089,
        "median": 0.00570634193718,
        "min": 2.54847200267e-05,
        "stdev": 0.0033241158817,
        "var": 1.10497458081e-05
    },
    "spectral_rolloff": {
        "dmean": 712.896789551,
        "dmean2": 1096.00915527,
        "dvar": 1711498.25,
        "dvar2": 3247705,
        "max": 11972.4609375,
        "mean": 1501.56347656,
        "median": 667.529296875,
        "min": 43.06640625,
        "stdev": 1991.84545898,
        "var": 3967448.5
    },
    "spectral_skewness": {
        "dmean": 0.320803999901,
        "dmean2": 0.461326360703,
        "dvar": 0.0992469787598,
        "dvar2": 0.192903056741,
        "max": 4.51583147049,
        "mean": 1.74860215187,
        "median": 1.64558124542,
        "min": -0.122337430716,
        "stdev": 0.662938594818,
        "var": 0.439487546682
    },
    "spectral_spread": {
        "dmean": 758287.625,
        "dmean2": 1107214.125,
        "dvar": 1.14574347469e+12,
        "dvar2": 1.84007367066e+12,
        "max": 24406724,
        "mean": 4642154,
        "median": 4064181.25,
        "min": 1977572.375,
        "stdev": 1952059.5,
        "var": 3.81053619405e+12
    },
    "spectral_strongpeak": {
        "dmean": 0.465115487576,
        "dmean2": 0.791367769241,
        "dvar": 0.34600892663,
        "dvar2": 0.956659853458,
        "max": 6.60953044891,
        "mean": 0.879759728909,
        "median": 0.739225685596,
        "min": 0,
        "stdev": 0.74848151207,
        "var": 0.560224592686
    },
    "zerocrossingrate": {
        "dmean": 0.0167466867715,
        "dmean2": 0.0172702539712,
        "dvar": 0.000569857016671,
        "dvar2": 0.000552770216018,
        "max": 0.4521484375,
        "mean": 0.053204908967,
        "median": 0.03759765625,
        "min": 0.001953125,
        "stdev": 0.0534752272069,
        "var": 0.00285959988832
    },
    "barkbands": {
        "dmean": [0.00270276144147, 0.00934841111302, 0.0032909035217, 0.00253358040936, 0.0028007873334, 0.00103819894139, 0.00181541277561, 0.000732881715521, 0.000748518330511, 0.000415278278524, 0.000611506868154, 0.000427533785114, 0.000262506859144, 0.000167147358297, 0.000216884480324, 0.000166748155607, 0.000541939050891, 0.000293688673992, 0.000277962273685, 0.000351634836989, 0.000152557782712, 0.000224308445468, 0.000239237051574, 0.000261795852566, 0.000149140614667, 2.41933066718e-05, 1.1580455066e-06],
        "dmean2": [0.00424709264189, 0.0127862021327, 0.00599884707481, 0.00471906643361, 0.00453301658854, 0.00169572304003, 0.00269145308994, 0.0011539462721, 0.00108615984209, 0.000653895607684, 0.000999197713099, 0.000686524610501, 0.000406664126785, 0.000260644796072, 0.000365975982277, 0.00025199438096, 0.000922360864934, 0.000470942497486, 0.000460687617306, 0.000553203979507, 0.000248375843512, 0.000357982062269, 0.000375225587049, 0.000401631550631, 0.000228081436944, 3.7644058466e-05, 1.92245420294e-06],
        "dvar": [2.2249916583e-05, 0.000371459667804, 0.00011480847752, 6.16411271039e-05, 3.28765745508e-05, 4.70685654363e-06, 6.27280724075e-06, 2.11446376852e-06, 1.54481938353e-06, 7.29794578547e-07, 1.72458180714e-06, 6.84862982325e-07, 4.20680152047e-07, 8.36693843098e-08, 2.43368361907e-07, 6.45718216674e-08, 2.00272097572e-06, 4.53675141898e-07, 4.853069413e-07, 9.20106060676e-07, 1.42570016237e-07, 2.73024738817e-07, 3.23653864598e-07, 5.28324903826e-07, 1.69012466245e-07, 5.84926995728e-09, 4.00015368052e-11],
        "dvar2": [5.28357268195e-05, 0.000526632124092, 0.000324490130879, 0.000179845708772, 8.57276972965e-05, 1.06948082248e-05, 1.33574121719e-05, 5.36419202035e-06, 2.8588940495e-06, 1.58052637289e-06, 4.12019380747e-06, 1.62859066677e-06, 1.01419573184e-06, 2.07357331306e-07, 6.43765190489e-07, 1.54395564778e-07, 5.25702034793e-06, 1.04720140826e-06, 1.21207961001e-06, 2.00479348678e-06, 3.34293531523e-07, 6.21282367774e-07, 7.09844869107e-07, 1.13014766612e-06, 3.34595569029e-07, 1.07081863376e-08, 1.0208434098e-10],
        "max": [0.0478961914778, 0.126455396414, 0.0677847415209, 0.049699511379, 0.0660658627748, 0.0214111655951, 0.0261016748846, 0.0188934095204, 0.0151148680598, 0.015241724439, 0.0193700864911, 0.0131416153163, 0.01001741644, 0.00320989429019, 0.00499879010022, 0.00405858177692, 0.00888914614916, 0.00415753060952, 0.00470594037324, 0.00674608023837, 0.00228029931895, 0.00395763106644, 0.00709491642192, 0.00946828071028, 0.00589762674645, 0.00131757359486, 0.000154743669555],
        "mean": [0.00689803343266, 0.0221317242831, 0.0021417317912, 0.00171075912658, 0.00396484788507, 0.00111123814713, 0.00390791846439, 0.00105238822289, 0.00127367023379, 0.000581868633162, 0.000615537166595, 0.000550344004296, 0.000347905152012, 0.000249521719525, 0.00024336099159, 0.000262443936663, 0.000497506931424, 0.000305422727251, 0.000267885858193, 0.000322036648868, 0.000145415368024, 0.000239259272348, 0.000245330360485, 0.000277674524114, 0.000152467895532, 2.88962710329e-05, 9.8864040865e-07],
        "median": [5.77488171984e-05, 0.000385445018765, 3.75507370336e-05, 6.55517651467e-05, 0.00113022013102, 0.000221729642362, 0.00148243992589, 0.000416806869907, 0.000664175837301, 0.000134817426442, 0.000156435242388, 0.00021806472796, 0.000122014564113, 0.000106538762338, 8.83858156158e-05, 0.000118105395813, 0.000139627882163, 8.14216182334e-05, 7.3003815487e-05, 3.38733225362e-05, 2.44253296842e-05, 4.47058919235e-05, 2.52570825978e-05, 1.93635914911e-05, 1.4111582459e-05, 3.15010584018e-06, 5.34014326092e-08],
        "min": [4.28769103555e-10, 1.83716206692e-08, 1.16027587538e-08, 3.66014383246e-08, 2.15110361523e-07, 7.13952132969e-08, 1.29043540298e-08, 6.72260966894e-08, 9.57362331633e-08, 1.02697628179e-08, 1.35024293968e-08, 5.33313082585e-09, 3.86255027962e-09, 3.44074790881e-09, 2.56720711356e-09, 2.44301623376e-09, 2.1742596612e-09, 2.05365791039e-09, 1.56345036917e-09, 1.5275838372e-09, 2.00330285693e-09, 6.88446188946e-09, 1.86516491141e-09, 8.17714340684e-10, 8.1724788048e-10, 9.32520505259e-10, 4.09353567753e-13],
        "stdev": [0.0114507405087, 0.0348217710853, 0.00841709692031, 0.00593490060419, 0.00677553238347, 0.00234155287035, 0.0047605400905, 0.00165261444636, 0.00185796269216, 0.0011421109084, 0.00134844169952, 0.00101159303449, 0.000783810915891, 0.000351898866938, 0.000468174112029, 0.000340150087141, 0.00122148718219, 0.00067539216252, 0.00062891485868, 0.000950772780925, 0.000363410130376, 0.000546796596609, 0.00061054143589, 0.000871024967637, 0.000501960341353, 0.000103225502244, 5.7851548263e-06],
        "var": [0.000131119450089, 0.0012125557987, 7.08475272404e-05, 3.52230454155e-05, 4.59078401036e-05, 5.482870165e-06, 2.26627398661e-05, 2.73113437288e-06, 3.45202533936e-06, 1.30441742385e-06, 1.81829511803e-06, 1.02332035112e-06, 6.14359578321e-07, 1.23832819554e-07, 2.19187000994e-07, 1.15702086134e-07, 1.49203106048e-06, 4.56154566564e-07, 3.95533930941e-07, 9.03968839339e-07, 1.32066929837e-07, 2.98986520875e-07, 3.72760837308e-07, 7.58684507218e-07, 2.51964195286e-07, 1.06555040347e-08, 3.34680165526e-11]
    },
    "erbbands": {
        "dmean": [0.441180378199, 2.20360279083, 3.84335136414, 6.57365942001, 9.09731769562, 10.7102088928, 6.09873008728, 9.78513050079, 24.6402359009, 23.0161781311, 14.1443557739, 17.1665306091, 13.751709938, 19.1525306702, 21.5717811584, 16.3484668732, 10.5259771347, 9.37440395355, 11.2774000168, 9.04912567139, 10.416226387, 32.6324119568, 17.1388378143, 21.4684829712, 9.59362602234, 17.0467510223, 8.56104183197, 5.18140172958, 7.32249832153, 9.07605934143, 6.86781024933, 5.41415166855, 4.35065460205, 2.28385519981, 0.741158723831, 0.166917070746, 0.0332368649542, 0.00562329171225, 0.000141975237057, 2.14265000977e-05],
        "dmean2": [0.588777303696, 2.71536874771, 6.31496477127, 12.2637996674, 16.4860687256, 16.7315063477, 9.34350299835, 15.6595783234, 35.552570343, 35.7380409241, 22.3388824463, 24.6149272919, 21.3179626465, 28.8380889893, 35.3338813782, 26.1768093109, 16.1222782135, 14.3011264801, 19.6512069702, 14.0345497131, 15.8549861908, 55.8222427368, 27.9904842377, 36.1770515442, 15.4921121597, 26.8892097473, 13.7559595108, 8.32641410828, 11.6462154388, 14.7135686874, 10.7099657059, 8.37750434875, 6.65743684769, 3.56332349777, 1.11445462704, 0.251980602741, 0.0530535914004, 0.00867708586156, 0.000218860630412, 3.1367468182e-05],
        "dvar": [0.578581273556, 22.3436794281, 128.446243286, 431.838684082, 625.956054688, 431.862030029, 149.649276733, 463.968505859, 1270.86157227, 1589.32629395, 597.874572754, 977.961791992, 1306.91027832, 1100.38574219, 2599.42016602, 921.85534668, 622.922180176, 366.106414795, 753.546508789, 276.831787109, 264.502716064, 7631.07666016, 1602.99645996, 3364.42675781, 525.395935059, 2212.00952148, 469.707733154, 166.015777588, 305.180084229, 439.143127441, 275.844726562, 245.891769409, 151.368621826, 40.6138076782, 4.42901611328, 0.263923853636, 0.0104479910806, 0.000543317990378, 3.63996264241e-07, 1.00962116445e-09],
        "dvar2": [0.749462544918, 33.0773277283, 339.113830566, 1245.81628418, 1839.08398438, 968.83404541, 347.530609131, 1107.78857422, 2595.34716797, 3417.84594727, 1548.95703125, 1754.58227539, 2623.86743164, 2537.43041992, 6343.39990234, 2113.87158203, 1419.78381348, 875.952148438, 2010.25500488, 636.604980469, 641.123718262, 20164.1210938, 3834.92919922, 8666.50292969, 1055.03393555, 4816.49755859, 1054.13671875, 383.811218262, 686.487487793, 1005.47509766, 621.136474609, 519.671569824, 333.615356445, 84.795753479, 8.87232494354, 0.477051913738, 0.0210017841309, 0.00123714329675, 8.62611273078e-07, 1.84993931285e-09],
        "max": [5.95968103409, 31.1216907501, 72.4103546143, 133.113296509, 179.996704102, 282.340820312, 183.626480103, 215.104644775, 314.488464355, 715.472595215, 398.000518799, 480.034790039, 725.77722168, 360.487640381, 876.718444824, 461.761749268, 337.028930664, 387.140197754, 306.190460205, 199.98034668, 260.341186523, 555.986755371, 259.168640137, 384.434814453, 137.893325806, 336.295501709, 146.632720947, 82.8972320557, 109.845413208, 182.375976562, 181.373062134, 246.73085022, 184.256591797, 75.7736129761, 35.4911613464, 9.09302902222, 1.71619701385, 0.471031278372, 0.0142884282395, 0.000396480580093],
        "mean": [0.9866091609, 3.59657239914, 3.26407432556, 4.56876182556, 8.29051494598, 16.4823226929, 8.49965381622, 11.4267482758, 48.2109909058, 44.0672569275, 23.2592468262, 29.5197601318, 19.6867866516, 25.8124542236, 23.4304981232, 22.6270999908, 15.7853736877, 14.6255283356, 12.5889606476, 12.6413602829, 16.8432788849, 29.8753299713, 17.8262825012, 19.2532482147, 10.5724287033, 15.7051553726, 8.11845588684, 5.0967206955, 7.54285144806, 9.5708732605, 6.80650091171, 5.92056846619, 4.40579319, 2.22558999062, 0.799222290516, 0.198379337788, 0.0397847294807, 0.00575433392078, 0.000168660859345, 6.42796439934e-05],
        "median": [0.0212083272636, 0.0457269474864, 0.0683441981673, 0.215251877904, 1.8522746563, 4.48872375488, 1.54114735126, 3.38738250732, 11.7789182663, 20.3035964966, 11.7466955185, 13.193362236, 10.3810443878, 6.08796977997, 7.26352024078, 8.98737335205, 6.4479227066, 6.26590967178, 5.08161592484, 5.4164648056, 8.37448883057, 8.46642875671, 4.92361354828, 4.76052618027, 2.71351528168, 1.72735488415, 1.22447681427, 0.868178784847, 1.25202810764, 1.56851601601, 0.653011143208, 0.442179948092, 0.260732293129, 0.152171239257, 0.0978974252939, 0.0235273595899, 0.00378610356711, 0.000457003538031, 4.88286823384e-05, 5.25393697899e-05],
        "min": [3.35286586051e-07, 5.34029140908e-06, 4.06233521062e-05, 0.00016931501159, 0.000444899807917, 0.000779211288318, 0.000862853950821, 0.000459732196759, 0.000113336078357, 0.000676788506098, 0.00179772789124, 0.00222803000361, 0.000878640683368, 0.000347344059264, 0.000462891010102, 0.00021101666789, 0.000180364455446, 0.000176613000804, 0.00015328777954, 0.000129833599203, 0.000135306661832, 0.000122444558656, 0.000107753498014, 9.07326975721e-05, 8.3073748101e-05, 7.15805290383e-05, 6.10075767327e-05, 9.28816443775e-05, 0.00016598138609, 0.000203222152777, 6.38068595435e-05, 2.65060261881e-05, 1.2331635844e-05, 9.30467558646e-06, 5.72044609726e-06, 3.73007128474e-06, 1.45326180245e-06, 1.03310938471e-07, 1.26562170522e-07, 1.31981297002e-08],
        "stdev": [1.40500843525, 7.49575138092, 10.289894104, 15.9239263535, 20.5757427216, 29.2704277039, 15.5922212601, 22.5185260773, 67.0028152466, 62.9357872009, 29.4408950806, 47.9800186157, 42.4141197205, 51.099697113, 51.4502868652, 40.5995788574, 33.6370887756, 22.7382392883, 24.4174175262, 19.9910507202, 21.4679470062, 74.7157974243, 39.2682037354, 50.3719520569, 23.8117485046, 46.547252655, 21.4129753113, 12.6242027283, 17.8043231964, 22.2471408844, 17.5077457428, 18.6741600037, 14.1565628052, 7.41698789597, 2.63030672073, 0.696236491203, 0.13453400135, 0.0253555718809, 0.000632986193523, 5.56396917091e-05],
        "var": [1.97404873371, 56.1862869263, 105.88192749, 253.57144165, 423.361175537, 856.75793457, 243.117355347, 507.084014893, 4489.37744141, 3960.91308594, 866.766357422, 2302.08227539, 1798.95751953, 2611.17919922, 2647.13183594, 1648.32592773, 1131.45385742, 517.027526855, 596.210266113, 399.642120361, 460.872741699, 5582.45068359, 1541.99169922, 2537.33374023, 566.999389648, 2166.64672852, 458.51550293, 159.370483398, 316.993927002, 494.935272217, 306.521179199, 348.724273682, 200.40826416, 55.0117111206, 6.91851329803, 0.484745264053, 0.0180993992835, 0.000642905069981, 4.00671552825e-07, 3.0957754138e-09]
    },
    "gfcc": {
        "mean": [-22.8292274475, 80.418548584, -126.961669922, 18.8998565674, -74.7271881104, 8.75749206543, -43.6707878113, 13.043211937, -16.086233139, -0.544785857201, -11.2701435089, 2.25599479675, -11.3429498672],
        "cov": [[4086.77392578, -317.824737549, 936.705322266, 436.037689209, 331.330291748, 625.401550293, 54.4499206543, 252.396133423, 7.84588003159, 191.192443848, 239.043579102, 345.44619751, 109.756576538], [-317.824737549, 2804.84643555, 1228.58276367, 129.128067017, 679.877929688, 51.2827796936, 445.419799805, 74.2380065918, 321.348022461, -42.8258361816, 248.401321411, 57.3762207031, 184.033508301], [936.705322266, 1228.58276367, 2264.90551758, 462.125152588, 476.71270752, 505.937072754, 296.294189453, 176.814361572, 183.844833374, 129.610458374, 180.00378418, 278.286376953, 220.131851196], [436.037689209, 129.128067017, 462.125152588, 591.647033691, 371.053710938, 285.680419922, 200.161361694, 97.2873687744, 169.801498413, 112.175201416, 78.0790405273, 53.4621887207, 146.972213745], [331.330291748, 679.877929688, 476.71270752, 371.053710938, 643.358581543, 294.99597168, 265.004364014, 146.923187256, 234.175354004, 152.83883667, 158.719207764, 48.6188392639, 147.595352173], [625.401550293, 51.2827796936, 505.937072754, 285.680419922, 294.99597168, 412.239501953, 206.834030151, 166.778198242, 120.020896912, 137.591995239, 122.934654236, 88.7755126953, 105.804588318], [54.4499206543, 445.419799805, 296.294189453, 200.161361694, 265.004364014, 206.834030151, 417.443969727, 171.791183472, 130.556472778, 66.4711761475, 105.644111633, 66.0735168457, 128.900558472], [252.396133423, 74.2380065918, 176.814361572, 97.2873687744, 146.923187256, 166.778198242, 171.791183472, 231.110687256, 115.041687012, 79.803314209, 98.0317687988, 47.9056091309, 69.0372390747], [7.84588003159, 321.348022461, 183.844833374, 169.801498413, 234.175354004, 120.020896912, 130.556472778, 115.041687012, 262.003295898, 106.801383972, 86.4230575562, 14.2521448135, 73.6662139893], [191.192443848, -42.8258361816, 129.610458374, 112.175201416, 152.83883667, 137.591995239, 66.4711761475, 79.803314209, 106.801383972, 163.234344482, 74.8379364014, 44.2002258301, 52.3896408081], [239.043579102, 248.401321411, 180.00378418, 78.0790405273, 158.719207764, 122.934654236, 105.644111633, 98.0317687988, 86.4230575562, 74.8379364014, 185.136688232, 65.2241210938, 37.9039497375], [345.44619751, 57.3762207031, 278.286376953, 53.4621887207, 48.6188392639, 88.7755126953, 66.0735168457, 47.9056091309, 14.2521448135, 44.2002258301, 65.2241210938, 162.838287354, 66.2083053589], [109.756576538, 184.033508301, 220.131851196, 146.972213745, 147.595352173, 105.804588318, 128.900558472, 69.0372390747, 73.6662139893, 52.3896408081, 37.9039497375, 66.2083053589, 153.145797729]],
        "icov": [[0.000426382845035, -4.16492548538e-05, 4.4080959924e-05, -0.000221289141336, -5.27033516846e-05, -0.000610667048022, 0.000480738061015, -0.000382040714612, 0.00035438456689, 6.82379395585e-05, -4.41620759375e-05, -0.000774583430029, 0.000285745307337], [-4.16492548538e-05, 0.00184938462917, -0.00115766830277, 0.00139007926919, -0.00190337258391, 0.00206345831975, -0.00150055729318, 0.00142482528463, -0.00159178476315, 0.0023668508511, -0.00199392880313, 0.001265774481, -0.000930768437684], [4.4080959924e-05, -0.00115766830277, 0.00148623192217, -0.000974536000285, 0.000964962062426, -0.00204828311689, 0.00104613648728, -0.000718080380466, 0.000759175221901, -0.000882242224179, 0.00133181060664, -0.0018516612472, 0.000494327163324], [-0.000221289141336, 0.00139007926919, -0.000974536000285, 0.00461431220174, -0.00230992515571, 0.000150198698975, -0.00142316578422, 0.00216495199129, -0.00218055467121, 0.00191151094623, -0.000895591510925, 0.00163908721879, -0.00228697317652], [-5.27033516846e-05, -0.00190337258391, 0.000964962062426, -0.00230992515571, 0.00591382104903, -0.00273226923309, 0.000616094097495, -0.000559085630812, 0.000253790582065, -0.0032280923333, 0.000475449021906, 0.00026409199927, -0.000173180786078], [-0.000610667048022, 0.00206345831975, -0.00204828311689, 0.000150198698975, -0.00273226923309, 0.00989383272827, -0.00300305150449, -0.000441607582616, -0.000459667266114, -0.000473849358968, -0.00258701341227, 0.00226941378787, -0.000674996874295], [0.000480738061015, -0.00150055729318, 0.00104613648728, -0.00142316578422, 0.000616094097495, -0.00300305150449, 0.00639419443905, -0.00355515093543, 0.0013369305525, -0.000231098485528, 0.00103996007238, -0.00199759774841, -0.000935366144404], [-0.000382040714612, 0.00142482528463, -0.000718080380466, 0.00216495199129, -0.000559085630812, -0.000441607582616, -0.00355515093543, 0.0102067952976, -0.00365890865214, 0.00128335866611, -0.00326921371743, 0.00170889252331, -0.00185750122182], [0.00035438456689, -0.00159178476315, 0.000759175221901, -0.00218055467121, 0.000253790582065, -0.000459667266114, 0.0013369305525, -0.00365890865214, 0.00930198188871, -0.0050909537822, 0.000746565812733, 8.1173820945e-05, 0.000304636254441], [6.82379395585e-05, 0.0023668508511, -0.000882242224179, 0.00191151094623, -0.0032280923333, -0.000473849358968, -0.000231098485528, 0.00128335866611, -0.0050909537822, 0.0146924136207, -0.00369470054284, -0.000463508884422, -0.00186743494123], [-4.41620759375e-05, -0.00199392880313, 0.00133181060664, -0.000895591510925, 0.000475449021906, -0.00258701341227, 0.00103996007238, -0.00326921371743, 0.000746565812733, -0.00369470054284, 0.0117144500837, -0.00444430764765, 0.00322720780969], [-0.000774583430029, 0.001265774481, -0.0018516612472, 0.00163908721879, 0.00026409199927, 0.00226941378787, -0.00199759774841, 0.00170889252331, 8.1173820945e-05, -0.000463508884422, -0.00444430764765, 0.0129577107728, -0.00517119513825], [0.000285745307337, -0.000930768437684, 0.000494327163324, -0.00228697317652, -0.000173180786078, -0.000674996874295, -0.000935366144404, -0.00185750122182, 0.000304636254441, -0.00186743494123, 0.00322720780969, -0.00517119513825, 0.013114717789]]
    },
    "melbands": {
        "dmean": [0.00295871635899, 0.00201915251091, 0.00115983944852, 0.000702447141521, 0.000260081258602, 0.000233444981859, 0.000367940112483, 0.000224033152335, 0.000113153015263, 0.000110381515697, 6.81839737808e-05, 7.40808463888e-05, 7.76531232987e-05, 5.30573888682e-05, 4.07418410759e-05, 2.04469142773e-05, 1.708138916e-05, 1.82365565706e-05, 1.36482340167e-05, 1.18934494822e-05, 1.12834804895e-05, 3.62003775081e-05, 2.41581146838e-05, 1.17922691061e-05, 1.95975644601e-05, 5.87664771956e-06, 9.67547566688e-06, 1.22033361549e-05, 5.99212353336e-06, 3.91683306589e-06, 2.54952647083e-06, 3.5563352867e-06, 5.79870447837e-06, 4.73190675621e-06, 4.13329144067e-06, 3.54453300133e-06, 3.27631209984e-06, 3.31602041115e-06, 2.51310211752e-06, 1.72869420112e-06],
        "dmean2": [0.00404773280025, 0.0026954356581, 0.00214983941987, 0.00118006241973, 0.000387813634006, 0.000365279411199, 0.000536124338396, 0.000350614369381, 0.000180199087481, 0.000157910981216, 0.000106548366603, 0.000112669702503, 0.00012807987514, 8.2970072981e-05, 6.7564258643e-05, 3.03030119539e-05, 2.64034588326e-05, 3.16114128509e-05, 2.23856768571e-05, 1.80246206583e-05, 1.70932125911e-05, 6.30093345535e-05, 3.94242597395e-05, 1.90981718333e-05, 3.31655865011e-05, 9.32510010898e-06, 1.50614550876e-05, 1.92466777662e-05, 9.52056325332e-06, 6.50695392324e-06, 4.01380566473e-06, 5.58242572879e-06, 9.36697415455e-06, 7.65569529904e-06, 6.57083546685e-06, 5.60246098757e-06, 5.04997478856e-06, 5.08482708028e-06, 3.87963609683e-06, 2.73074306278e-06],
        "dvar": [2.97804890579e-05, 2.40729659708e-05, 1.31352207973e-05, 2.27448731493e-06, 2.46076837129e-07, 2.17497159838e-07, 2.59435410044e-07, 1.57391752964e-07, 3.37190364519e-08, 3.88975927024e-08, 3.15719539401e-08, 1.64560489679e-08, 3.27733893357e-08, 1.1397172095e-08, 1.16961560437e-08, 1.9384822636e-09, 1.1913657838e-09, 1.74749115178e-09, 8.70323257907e-10, 3.41377232038e-10, 3.01245500767e-10, 9.65749169524e-09, 3.56558249592e-09, 6.67320199099e-10, 2.87664336796e-09, 1.42454562035e-10, 6.61020571613e-10, 1.13335274499e-09, 2.30064148288e-10, 1.00120994828e-10, 3.6793419006e-11, 7.00804553277e-11, 1.83554879629e-10, 1.20961851646e-10, 1.01342684244e-10, 9.63249896513e-11, 1.01262526142e-10, 1.07320902165e-10, 4.27262877856e-11, 2.63700884046e-11],
        "dvar2": [3.86966821679e-05, 4.98828667332e-05, 3.80152450816e-05, 6.26662949799e-06, 5.17107650921e-07, 4.98157703532e-07, 5.35244623734e-07, 3.43105455158e-07, 8.65587495014e-08, 7.01310298723e-08, 6.37915391621e-08, 3.82404508059e-08, 8.01014152785e-08, 2.66344297728e-08, 2.86189401066e-08, 4.47957759775e-09, 2.87122903231e-09, 4.59342341941e-09, 2.2601913674e-09, 8.43669856199e-10, 7.16101122844e-10, 2.61804462554e-08, 8.70695071598e-09, 1.55497248411e-09, 7.52234363688e-09, 3.08185504894e-10, 1.48918188891e-09, 2.42291875452e-09, 5.01533592434e-10, 2.43141673462e-10, 8.42286240754e-11, 1.58930493765e-10, 4.16433887374e-10, 2.75434314245e-10, 2.40040015642e-10, 2.0010050561e-10, 2.18907392213e-10, 2.50390874701e-10, 9.0893050031e-11, 5.48166755043e-11],
        "max": [0.0389927774668, 0.0323950350285, 0.0228412505239, 0.0175742432475, 0.00665504066274, 0.0043829199858, 0.00475769490004, 0.00722398096696, 0.00281728222035, 0.00299011776224, 0.00351344491355, 0.00145823473576, 0.00296487240121, 0.00184922839981, 0.00175921118353, 0.000868330185767, 0.000627426546998, 0.000472990621347, 0.000293099088594, 0.000248595228186, 0.000264892732957, 0.000628808396868, 0.000400669669034, 0.000149932006025, 0.000360775302397, 7.43908458389e-05, 0.000184170872672, 0.000236897802097, 0.000106143706944, 5.95944766246e-05, 5.10578029207e-05, 6.41140723019e-05, 0.000118144504086, 0.000113518733997, 9.68243184616e-05, 0.000140505610034, 0.000160391733516, 0.000182002710062, 8.37072730064e-05, 7.02985780663e-05],
        "mean": [0.00783677399158, 0.00266007287428, 0.000862452667207, 0.000912282965146, 0.000401940662414, 0.00026965374127, 0.000760652939789, 0.000424186611781, 0.000179788738023, 0.000185242766747, 9.22288600123e-05, 0.00010042287613, 8.121826977e-05, 6.21018407401e-05, 5.26315598108e-05, 3.0336128475e-05, 2.56203366007e-05, 2.02931860258e-05, 1.5771958715e-05, 1.70449784491e-05, 1.86259385373e-05, 3.19965802191e-05, 2.23478946282e-05, 1.27715957206e-05, 1.67522903212e-05, 6.54859286442e-06, 8.98789858184e-06, 1.11266417662e-05, 5.69291660213e-06, 3.4817148844e-06, 2.57393980974e-06, 3.6076064589e-06, 5.93942741034e-06, 4.96483562529e-06, 3.84151644539e-06, 3.83213000532e-06, 3.50202435584e-06, 3.3424562389e-06, 2.39220526055e-06, 1.67385951499e-06],
        "median": [0.000169418184669, 4.98800436617e-05, 7.5827287219e-05, 0.000265791051788, 7.9781304521e-05, 6.47951528663e-05, 0.000225953830522, 0.000186322125955, 8.60072977957e-05, 8.80373845575e-05, 4.43134922534e-05, 2.15774016397e-05, 2.35860225075e-05, 2.17715860344e-05, 1.3882501662e-05, 1.1834003999e-05, 1.00267225207e-05, 7.38602511774e-06, 5.95547953708e-06, 7.93167055235e-06, 8.71932115842e-06, 8.51589629747e-06, 4.3597910917e-06, 3.47257650901e-06, 3.39776511282e-06, 2.07821881304e-06, 1.31870262976e-06, 9.83119548437e-07, 6.87508190822e-07, 5.31044861418e-07, 4.54454749388e-07, 5.74037528622e-07, 9.73823489403e-07, 7.06196715328e-07, 3.42632546335e-07, 2.83903062837e-07, 2.46100597678e-07, 1.83387356856e-07, 1.47080584156e-07, 1.24132867541e-07],
        "min": [4.0498973064e-09, 6.41323882888e-09, 3.68394132977e-08, 4.46855565883e-08, 3.22124229513e-08, 1.05317372601e-08, 1.88227811115e-09, 8.87920670323e-09, 1.57539101764e-08, 1.36026008235e-08, 3.91158216928e-09, 1.17271947708e-09, 1.77932202305e-09, 6.95769608594e-10, 4.56455456765e-10, 3.64368452077e-10, 3.24220622572e-10, 2.5694424366e-10, 1.861280019e-10, 1.60342752964e-10, 1.56371110505e-10, 1.16458481747e-10, 1.25067539658e-10, 9.25561988163e-11, 7.08888850398e-11, 5.89629317593e-11, 5.68521445199e-11, 4.61648323735e-11, 3.78175164795e-11, 3.45610241814e-11, 6.12536479871e-11, 4.54699750074e-11, 2.30880536911e-10, 5.44849963757e-11, 3.73708702872e-11, 2.48374706219e-11, 1.27886833068e-11, 8.56122551324e-12, 8.11620302216e-12, 7.58848192617e-12],
        "stdev": [0.0107431551442, 0.00623785145581, 0.00280470959842, 0.00161963386927, 0.000713453104254, 0.000519552733749, 0.000990356784314, 0.000611031136941, 0.000226015341468, 0.000294795609079, 0.000208601268241, 0.000203654621146, 0.000181488663657, 0.000117600015074, 0.000133530280436, 5.72375902266e-05, 4.05845785281e-05, 3.84628438042e-05, 2.99267012451e-05, 2.28488097491e-05, 2.37439289776e-05, 8.17795516923e-05, 5.60459775443e-05, 2.64647624135e-05, 4.57875430584e-05, 1.24477010104e-05, 2.50797766057e-05, 3.36700613843e-05, 1.53082128236e-05, 9.25895892578e-06, 6.16795387032e-06, 8.53698566061e-06, 1.40997490234e-05, 1.17420568131e-05, 1.00400702649e-05, 1.12333746074e-05, 1.19688802442e-05, 1.14803578981e-05, 7.33403430786e-06, 5.99844815952e-06],
        "var": [0.000115415379696, 3.89107881347e-05, 7.86639611761e-06, 2.62321373157e-06, 5.09015308126e-07, 2.69935071628e-07, 9.80806589723e-07, 3.73359029027e-07, 5.10829352152e-08, 8.69044427532e-08, 4.35144862365e-08, 4.14752072686e-08, 3.29381357744e-08, 1.38297640007e-08, 1.78303345422e-08, 3.27614158024e-09, 1.64710811656e-09, 1.47939038797e-09, 8.95607421558e-10, 5.22068110964e-10, 5.63774193996e-10, 6.68789557068e-09, 3.14115178313e-09, 7.00383639973e-10, 2.09649897442e-09, 1.54945251074e-10, 6.28995189267e-10, 1.13367315535e-09, 2.3434140739e-10, 8.5728320276e-11, 3.80436550318e-11, 7.28801186067e-11, 1.9880293245e-10, 1.37875905137e-10, 1.0080301871e-10, 1.26188712257e-10, 1.43254089147e-10, 1.3179861369e-10, 5.37880573415e-11, 3.59813775996e-11]
    },
    "melbands128": {
