{
"lowlevel": {
    "average_loudness": 0.97031211853,
    "barkbands_crest": {
        "dmean": 0.879434108734,
        "dmean2": 1.13072311878,
        "dvar": 1.19538629055,
        "dvar2": 2.1000418663,
        "max": 21.4897842407,
        "mean": 10.9372701645,
        "median": 10.3811969757,
        "min": 4.09639310837,
        "stdev": 3.64620709419,
        "var": 13.2948265076
    },
    "barkbands_flatness_db": {
        "dmean": 0.0218253973871,
        "dmean2": 0.0320781692863,
        "dvar": 0.00110935291741,
        "dvar2": 0.00230751908384,
        "max": 0.445102721453,
        "mean": 0.30433255434,
        "median": 0.310636311769,
        "min": 0.0706890001893,
        "stdev": 0.0566243045032,
        "var": 0.00320631172508
    },
    "barkbands_kurtosis": {
        "dmean": 0.275275558233,
        "dmean2": 0.376562088728,
        "dvar": 0.202187120914,
        "dvar2": 0.364346086979,
        "max": 9.28489112854,
        "mean": -0.1937238276,
        "median": -0.488362073898,
        "min": -1.72346973419,
        "stdev": 1.29429388046,
        "var": 1.67519652843
    },
    "barkbands_skewness": {
        "dmean": 0.130331277847,
        "dmean2": 0.175520569086,
        "dvar": 0.0296170730144,
        "dvar2": 0.0567922666669,
        "max": 2.34233307838,
        "mean": -0.242166757584,
        "median": -0.326427996159,
        "min": -2.07741975784,
        "stdev": 0.693425476551,
        "var": 0.480838924646
    },
    "barkbands_spread": {
        "dmean": 0.968674600124,
        "dmean2": 1.35657644272,
        "dvar": 2.5703856945,
        "dvar2": 4.98660898209,
        "max": 31.6899108887,
        "mean": 13.4827871323,
        "median": 12.5703544617,
        "min": 3.12321233749,
        "stdev": 5.17375659943,
        "var": 26.7677555084
    },
    "dissonance": {
        "dmean": 0.0463797524571,
        "dmean2": 0.0799617543817,
        "dvar": 0.00218058284372,
        "dvar2": 0.00595536828041,
        "max": 0.493678838015,
        "mean": 0.37769934535,
        "median": 0.386725664139,
        "min": 0,
        "stdev": 0.0605264417827,
        "var": 0.00366345024668
    },
    "dynamic_complexity": 1.7661190033,
    "erbbands_crest": {
        "dmean": 1.29060673714,
        "dmean2": 1.69034719467,
        "dvar": 3.36938738823,
        "dvar2": 5.71681928635,
        "max": 31.5370483398,
        "mean": 18.6199569702,
        "median": 18.3219547272,
        "min": 2.94545531273,
        "stdev": 6.55771684647,
        "var": 43.0036506653
    },
    "erbbands_flatness_db": {
        "dmean": 0.0167441815138,
        "dmean2": 0.0234386641532,
        "dvar": 0.000721075281035,
        "dvar2": 0.00145418080501,
        "max": 0.473637610674,
        "mean": 0.346789866686,
        "median": 0.349666655064,
        "min": 0.0985020771623,
        "stdev": 0.0493982210755,
        "var": 0.00244018435478
    },
    "erbbands_kurtosis": {
        "dmean": 0.736853480339,
        "dmean2": 0.931089937687,
        "dvar": 1.4501093626,
        "dvar2": 2.38672566414,
        "max": 23.1533222198,
        "mean": 3.37100458145,
        "median": 2.27543544769,
        "min": -1.63895750046,
        "stdev": 3.87040781975,
        "var": 14.9800567627
    },
    "erbbands_skewness": {
        "dmean": 0.210511550307,
        "dmean2": 0.299301177263,
        "dvar": 0.132423594594,
        "dvar2": 0.271164536476,
        "max": 1.55785787106,
        "mean": -0.957827031612,
        "median": -0.865387201309,
        "min": -4.07140302658,
        "stdev": 0.900277733803,
        "var": 0.810500025749
    },
    "erbbands_spread": {
        "dmean": 1.11832129955,
        "dmean2": 1.49211239815,
        "dvar": 3.44733810425,
        "dvar2": 5.86848449707,
        "max": 37.2640266418,
        "mean": 11.4814548492,
        "median": 9.86075782776,
        "min": 2.70455598831,
        "stdev": 6.21515512466,
        "var": 38.6281509399
    },
    "hfc": {
        "dmean": 3.51566290855,
        "dmean2": 4.30698871613,
        "dvar": 37.1507911682,
        "dvar2": 65.8694381714,
        "max": 97.9563293457,
        "mean": 28.5179843903,
        "median": 24.9990329742,
        "min": 1.1217439962e-16,
        "stdev": 17.0054912567,
        "var": 289.186737061
    },
    "loudness_ebu128": {
        "integrated": -14.2138204575,
        "loudness_range": 2.46665382385,
        "momentary": {
            "dmean": 0.644547462463,
            "dmean2": 0.537786543369,
            "dvar": 0.272148191929,
            "dvar2": 0.272138655186,
            "max": -9.70511817932,
            "mean": -14.7324419022,
            "median": -14.7168292999,
            "min": -19.6225090027,
            "stdev": 2.13353466988,
            "var": 4.55197048187
        },
        "short_term": {
            "dmean": 0.0996323674917,
            "dmean2": 0.0727146193385,
            "dvar": 0.00695373257622,
            "dvar2": 0.00474614230916,
            "max": -12.6808586121,
            "mean": -14.2973098755,
            "median": -14.267534256,
            "min": -16.062915802,
            "stdev": 0.820033431053,
            "var": 0.672454833984
        }
    },
    "melbands_crest": {
        "dmean": 0.841985106468,
        "dmean2": 1.16273093224,
        "dvar": 0.972610890865,
        "dvar2": 1.80544567108,
        "max": 22.1494369507,
        "mean": 10.5560951233,
        "median": 10.1029510498,
        "min": 1.79739379883,
        "stdev": 3.14664292336,
        "var": 9.90136146545
    },
    "melbands_flatness_db": {
        "dmean": 0.0247171800584,
        "dmean2": 0.0340331681073,
        "dvar": 0.00166113849264,
        "dvar2": 0.00343735702336,
        "max": 0.539909720421,
        "mean": 0.36263012886,
        "median": 0.368175029755,
        "min": 0.00586957158521,
        "stdev": 0.0708730220795,
        "var": 0.00502298539504
    },
    "melbands_kurtosis": {
        "dmean": 0.253352701664,
        "dmean2": 0.36092633009,
        "dvar": 0.222701832652,
        "dvar2": 0.434266000986,
        "max": 9.35423374176,
        "mean": -0.404548287392,
        "median": -0.902626752853,
        "min": -1.80647182465,
        "stdev": 1.55688130856,
        "var": 2.42387938499
    },
    "melbands_skewness": {
        "dmean": 0.125492841005,
        "dmean2": 0.162797138095,
        "dvar": 0.0241431575269,
        "dvar2": 0.0416584536433,
        "max": 2.65792965889,
        "mean": 0.267003744841,
        "median": 0.144773349166,
        "min": -1.22672605515,
        "stdev": 0.705034911633,
        "var": 0.497074186802
    },
    "melbands_spread": {
        "dmean": 1.73518109322,
        "dmean2": 2.45774698257,
        "dvar": 13.5545425415,
        "dvar2": 20.2463092804,
        "max": 128.569625854,
        "mean": 26.6588058472,
        "median": 25.7413845062,
        "min": 4.83476066589,
        "stdev": 9.70511245728,
        "var": 94.189201355
    },
    "pitch_salience": {
        "dmean": 0.0250673741102,
        "dmean2": 0.0370357334614,
        "dvar": 0.00161102181301,
        "dvar2": 0.0034211515449,
        "max": 0.970476329327,
        "mean": 0.427018433809,
        "median": 0.421950936317,
        "min": 0.210326164961,
        "stdev": 0.0873902291059,
        "var": 0.00763705186546
    },
    "silence_rate_20dB": {
        "dmean": 0,
        "dmean2": 0,
        "dvar": 0,
        "dvar2": 0,
        "max": 1,
        "mean": 1,
        "median": 1,
        "min": 1,
        "stdev": 0,
        "var": 0
    },
    "silence_rate_30dB": {
        "dmean": 0,
        "dmean2": 0,
        "dvar": 0,
        "dvar2": 0,
        "max": 1,
        "mean": 1,
        "median": 1,
        "min": 1,
        "stdev": 0,
        "var": 0
    },
    "silence_rate_60dB": {
        "dmean": 0.000773993786424,
        "dmean2": 0.00154918665066,
        "dvar": 0.000773391744588,
        "dvar2": 0.00154677091632,
        "max": 1,
        "mean": 0.00154679035768,
        "median": 0,
        "min": 0,
        "stdev": 0.0392987206578,
        "var": 0.00154438940808
    },
    "spectral_centroid": {
        "dmean": 59.1885414124,
        "dmean2": 84.9101104736,
        "dvar": 67722.765625,
        "dvar2": 77190.09375,
        "max": 10569.6962891,
        "mean": 1128.20458984,
        "median": 1083.55895996,
        "min": 410.70401001,
        "stdev": 438.158233643,
        "var": 191982.640625
    },
    "spectral_complexity": {
        "dmean": 1.00464391708,
        "dmean2": 1.70797836781,
        "dvar": 2.71977877617,
        "dvar2": 6.16184139252,
        "max": 25,
        "mean": 11.1330242157,
        "median": 11,
        "min": 0,
        "stdev": 2.31058883667,
        "var": 5.3388209343
    },
    "spectral_decrease": {
        "dmean": 6.89929446906e-10,
        "dmean2": 8.00701394077e-10,
        "dvar": 1.1297556292e-18,
        "dvar2": 1.79243400616e-18,
        "max": -4.80201080645e-29,
        "mean": -6.79253497893e-09,
        "median": -6.12271300326e-09,
        "min": -2.32802630507e-08,
        "stdev": 3.2145601736e-09,
        "var": 1.0333396638e-17
    },
    "spectral_energy": {
        "dmean": 0.00291042588651,
        "dmean2": 0.00338202505372,
        "dvar": 2.03785039048e-05,
        "dvar2": 3.27705638483e-05,
        "max": 0.0967500209808,
        "mean": 0.0282232016325,
        "median": 0.0253736954182,
        "min": 1.03557826657e-20,
        "stdev": 0.0135370614007,
        "var": 0.000183252021088
    },
    "spectral_energyband_high": {
        "dmean": 5.10364770889e-05,
        "dmean2": 8.01308488008e-05,
        "dvar": 3.65224117616e-08,
        "dvar2": 8.46987049385e-08,
        "max": 0.00329354498535,
        "mean": 5.83495202591e-05,
        "median": 9.53315884544e-06,
        "min": 7.44893589945e-21,
        "stdev": 0.000202197450562,
        "var": 4.08838118915e-08
    },
    "spectral_energyband_low": {
        "dmean": 0.000194793072296,
        "dmean2": 0.000302383123199,
        "dvar": 7.54571232164e-08,
        "dvar2": 1.94747869386e-07,
        "max": 0.00721663422883,
        "mean": 0.00170226988848,
        "median": 0.00115047057625,
        "min": 6.0255928555e-23,
        "stdev": 0.00161612336524,
        "var": 2.61185482486e-06
    },
    "spectral_energyband_middle_high": {
        "dmean": 0.00214796792716,
        "dmean2": 0.00257292063907,
        "dvar": 1.23965937746e-05,
        "dvar2": 2.04463976843e-05,
        "max": 0.0622316487134,
        "mean": 0.0172525048256,
        "median": 0.0150371929631,
        "min": 1.63981801265e-21,
        "stdev": 0.0108598489314,
        "var": 0.00011793631711
    },
    "spectral_energyband_middle_low": {
        "dmean": 0.00116111745592,
        "dmean2": 0.0014245006023,
        "dvar": 4.04446791435e-06,
        "dvar2": 6.26516839475e-06,
        "max": 0.0481760427356,
        "mean": 0.0101369656622,
        "median": 0.00835639238358,
        "min": 3.54448230387e-22,
        "stdev": 0.00643194979057,
        "var": 4.13699781348e-05
    },
    "spectral_entropy": {
        "dmean": 0.214371263981,
        "dmean2": 0.311611384153,
        "dvar": 0.142004042864,
        "dvar2": 0.300030827522,
        "max": 9.80268573761,
        "mean": 5.71539449692,
        "median": 5.59250497818,
        "min": 4.93458032608,
        "stdev": 0.49373704195,
        "var": 0.243776276708
    },
    "spectral_flux": {
        "dmean": 0.0124985929579,
        "dmean2": 0.0187570508569,
        "dvar": 0.000465145829367,
        "dvar2": 0.000966080115177,
        "max": 0.228039070964,
        "mean": 0.0260649118572,
        "median": 0.0177005100995,
        "min": 1.01763368565e-10,
        "stdev": 0.0253806393594,
        "var": 0.000644176849164
    },
    "spectral_kurtosis": {
        "dmean": 17.8601932526,
        "dmean2": 31.1683235168,
        "dvar": 267.663299561,
        "dvar2": 694.649230957,
        "max": 143.680953979,
        "mean": 43.6317710876,
        "median": 38.6736106873,
        "min": -1.20647966862,
        "stdev": 26.2975673676,
        "var": 691.562011719
    },
    "spectral_rms": {
        "dmean": 0.000265966431471,
        "dmean2": 0.00030864123255,
        "dvar": 1.6341193998e-07,
        "dvar2": 2.5304598239e-07,
        "max": 0.00971546489745,
        "mean": 0.00510342838243,
        "median": 0.0049754222855,
        "min": 3.17855355751e-12,
        "stdev": 0.0012205846142,
        "var": 1.48982690007e-06
    },
    "spectral_rolloff": {
        "dmean": 76.8160400391,
        "dmean2": 133.785751343,
        "dvar": 242186.0625,
        "dvar2": 290099.75,
        "max": 18583.1542969,
        "mean": 1504.30566406,
        "median": 1335.05859375,
        "min": 409.130859375,
        "stdev": 680.154174805,
        "var": 462609.71875
    },
    "spectral_skewness": {
        "dmean": 1.16332161427,
        "dmean2": 2.04002141953,
        "dvar": 0.933775603771,
        "dvar2": 2.5757856369,
        "max": 9.12703704834,
        "mean": 4.41968822479,
        "median": 4.22087812424,
        "min": 0.0409496426582,
        "stdev": 1.54354596138,
        "var": 2.3825340271
    },
    "spectral_spread": {
        "dmean": 398798.65625,
        "dmean2": 612133.0625,
        "dvar": 836773806080,
        "dvar2": 666612006912,
        "max": 40469860,
        "mean": 1611459.5,
        "median": 1414239.375,
        "min": 569410.125,
        "stdev": 1424151,
        "var": 2.02820616192e+12
    },
    "spectral_strongpeak": {
        "dmean": 0.582035958767,
        "dmean2": 0.861115217209,
        "dvar": 1.15941202641,
        "dvar2": 2.29011440277,
        "max": 12.0319252014,
        "mean": 4.60816383362,
        "median": 4.62441444397,
        "min": 6.5504174307e-10,
        "stdev": 2.44518017769,
        "var": 5.9789056778
    },
    "zerocrossingrate": {
        "dmean": 0.00347163435072,
        "dmean2": 0.00414906674996,
        "dvar": 0.000194237785763,
        "dvar2": 0.000225291078095,
        "max": 0.49609375,
        "mean": 0.0534877553582,
        "median": 0.05224609375,
        "min": 0.01220703125,
        "stdev": 0.0190720316023,
        "var": 0.000363742379704
    },
    "barkbands": {
        "dmean": [4.13412692524e-07, 3.62995415344e-05, 0.000127833860461, 0.000150257532368, 0.000305668887449, 0.000328098714817, 0.000292906421237, 0.000203862189665, 0.000256416533375, 0.000257555249846, 0.000402690813644, 0.00053990498418, 0.000835847458802, 0.000365918298485, 0.000134682821226, 0.000195343149244, 0.000177387337317, 8.47424453241e-05, 9.26607754081e-06, 1.12020679808e-05, 1.17148010759e-05, 7.19954232409e-06, 4.65599214294e-06, 1.8635433662e-05, 3.17866079058e-06, 5.17883961493e-07, 2.37778792211e-07],
        "dmean2": [7.18932710697e-07, 5.88289076404e-05, 0.000199674686883, 0.000219663241296, 0.000409529282479, 0.000357167271432, 0.000359603523975, 0.000286035705358, 0.00038882860099, 0.000304134620819, 0.000479180569528, 0.000643059320282, 0.000951645837631, 0.000461677031126, 0.000195758140762, 0.000300696992781, 0.000224538103794, 0.000114921589557, 1.44602436194e-05, 2.00822760235e-05, 2.05763444683e-05, 1.18804955491e-05, 7.03462774254e-06, 2.80636213574e-05, 5.36926881978e-06, 8.74373597526e-07, 3.45597129581e-07],
        "dvar": [4.46066008566e-13, 6.56270815469e-09, 3.24943485452e-08, 7.05029066239e-08, 2.3862887133e-07, 5.23254300333e-07, 6.50836682325e-07, 2.74173117987e-07, 9.32534817366e-07, 5.93129527715e-07, 8.48850220336e-07, 3.2239461234e-06, 3.8293437683e-06, 1.38707139286e-06, 3.14712934824e-07, 2.4346201144e-07, 4.62515913568e-07, 3.24428867771e-07, 1.41634581841e-09, 1.72641101415e-09, 1.9212065272e-09, 4.42924530386e-10, 9.0911844719e-10, 1.53476769071e-08, 2.41849124061e-10, 7.86762235222e-12, 3.1829311322e-12],
        "dvar2": [1.11216699912e-12, 1.70665455101e-08, 8.30699704579e-08, 1.5309591106e-07, 4.63668300199e-07, 5.24928793766e-07, 1.10643679818e-06, 4.8329332003e-07, 1.95666711988e-06, 6.49205333048e-07, 1.16215051094e-06, 4.27207123721e-06, 5.52598476133e-06, 2.47132516051e-06, 5.77298692406e-07, 5.54227142402e-07, 6.30875035768e-07, 5.58328622446e-07, 2.89052404234e-09, 4.75661554589e-09, 5.29695931561e-09, 1.17118559295e-09, 1.43398248831e-09, 3.19143786953e-08, 6.35453967224e-10, 1.77851431499e-11, 6.47871166437e-12],
        "max": [1.30853049995e-05, 0.00296437600628, 0.0056750155054, 0.00718653434888, 0.0115806236863, 0.0256831645966, 0.0213938262314, 0.0112615302205, 0.0189321115613, 0.0246764495969, 0.0328510813415, 0.0393962711096, 0.0460892803967, 0.02765555121, 0.0141137074679, 0.00923125818372, 0.0151551607996, 0.0134720988572, 0.00102342898026, 0.000383549078833, 0.00054061220726, 0.000193782310816, 0.00110100884922, 0.00268773874268, 0.000219425084651, 4.9038852012e-05, 4.03599333367e-05],
        "mean": [4.35696449586e-07, 0.000287912087515, 0.000906814297196, 0.00114640232641, 0.00218195328489, 0.00217762053944, 0.0014952410711, 0.00092602125369, 0.0013108921703, 0.00135430356022, 0.00322075979784, 0.00343308737502, 0.00526871485636, 0.00164207629859, 0.000502275186591, 0.0010009346297, 0.000911928131245, 0.00036651067785, 2.92324311886e-05, 8.29539203551e-06, 9.2751779448e-06, 8.54850168253e-06, 4.44417537437e-06, 2.65786966338e-05, 2.36339315052e-06, 4.47140308779e-07, 2.1682647855e-07],
        "median": [2.20279744667e-07, 2.99340244965e-05, 0.000568303861655, 0.000676556490362, 0.00180007959716, 0.00119094538968, 0.000700858130585, 0.000487010518555, 0.000192034262, 0.000471425213618, 0.00125451677013, 0.000644375744741, 0.00160851737019, 1.74488650373e-05, 1.39741450766e-06, 3.81576428481e-05, 3.09451593239e-06, 1.07194421162e-06, 7.38467349493e-07, 8.4910499254e-07, 1.0535079582e-06, 1.72207342075e-06, 2.49424630283e-07, 3.95321336555e-07, 7.57488578529e-08, 2.92077206865e-08, 1.27326655885e-08],
        "min": [3.03923336549e-23, 2.28580777659e-23, 1.11841054605e-23, 1.47321351772e-23, 6.38492089109e-23, 1.87733717759e-23, 9.0960976139e-23, 2.75424411062e-23, 1.32787454185e-22, 2.75555519744e-23, 9.11827407167e-23, 4.84522280737e-23, 1.56057336276e-22, 1.59465972693e-22, 1.28176088877e-22, 1.04113489929e-22, 1.88171687022e-22, 3.0141113011e-22, 2.97179528754e-22, 3.06475970532e-22, 4.30085097504e-22, 4.55072777859e-22, 6.60045094326e-22, 5.55177838336e-22, 1.47471783129e-21, 1.63344654089e-21, 2.29784796495e-21],
        "stdev": [7.85191502928e-07, 0.000564652029425, 0.00107633171137, 0.00127599365078, 0.0016522326041, 0.00323279481381, 0.00243758712895, 0.00140458357055, 0.00271886074916, 0.00293166190386, 0.00463483482599, 0.00607991637662, 0.00790301710367, 0.00399779528379, 0.00168261223007, 0.00156976818107, 0.00236797169782, 0.00149962236173, 9.77968884399e-05, 3.34287251462e-05, 3.58625366061e-05, 2.05976921279e-05, 3.99387317884e-05, 0.000142599630635, 1.34170650199e-05, 2.74640569842e-06, 1.87005457519e-06],
        "var": [6.16525710692e-13, 3.18831894219e-07, 1.15848990845e-06, 1.62815967997e-06, 2.72987244898e-06, 1.04509626908e-05, 5.94183075009e-06, 1.97285498871e-06, 7.39220422474e-06, 8.59464125824e-06, 2.14816955122e-05, 3.69653826056e-05, 6.24576787231e-05, 1.59823684953e-05, 2.8311837923e-06, 2.46417221206e-06, 5.60728994969e-06, 2.24886707656e-06, 9.56423207299e-09, 1.11747977538e-09, 1.28612165362e-09, 4.24264900989e-10, 1.59510227249e-09, 2.03346548489e-08, 1.80017639684e-10, 7.542744207e-12, 3.49710429885e-12]
    },
    "erbbands": {
        "dmean": [0.000274062593235, 0.011436117813, 0.106506183743, 0.31134134531, 0.630347073078, 1.15299355984, 1.74523901939, 3.28068804741, 4.63648557663, 5.34021234512, 2.59068417549, 6.76481533051, 8.29468631744, 4.97081136703, 20.9376602173, 30.3040618896, 42.3866386414, 20.6926345825, 8.02014732361, 10.4035701752, 10.3055925369, 5.67288541794, 6.17338466644, 0.810422360897, 0.300459265709, 0.488019824028, 0.631096661091, 0.384490787983, 0.274163037539, 0.156351983547, 0.134279280901, 0.351628929377, 0.269216328859, 0.0203004218638, 0.0426840037107, 0.00435353629291, 0.000537542800885, 0.000288418814307, 3.74998162442e-05, 3.99749615099e-06],
        "dmean2": [0.000467156496597, 0.0184844117612, 0.165155485272, 0.476642817259, 0.940769135952, 1.4681481123, 2.36728835106, 3.51519799232, 4.9729590416, 7.41291666031, 3.94222688675, 9.9089422226, 9.62089824677, 7.04208135605, 25.0496101379, 33.4690551758, 47.4034156799, 25.0145072937, 12.3512268066, 14.9306468964, 13.9699773788, 7.44128274918, 8.34471035004, 1.16961967945, 0.520982503891, 0.86539131403, 1.13233911991, 0.658966779709, 0.470901697874, 0.254326462746, 0.196713164449, 0.528390049934, 0.401964008808, 0.0315755829215, 0.0716557204723, 0.00720603764057, 0.00090454245219, 0.000470143393613, 5.33467464265e-05, 4.75302113045e-06],
        "dvar": [2.91928444085e-07, 0.000620914623141, 0.0293199699372, 0.23731251061, 1.15099203587, 3.69923305511, 14.6363725662, 62.4114151001, 157.68145752, 148.657089233, 47.4117622375, 627.186523438, 842.68762207, 181.836669922, 2010.49963379, 8475.63476562, 9868.53320312, 3431.96508789, 685.692626953, 1868.93725586, 556.339660645, 378.731811523, 1605.9822998, 10.9050092697, 0.935022592545, 2.98109698296, 5.35468053818, 2.1189763546, 0.751791596413, 0.300630301237, 0.826711177826, 9.89784622192, 1.51903629303, 0.00465530063957, 0.0502210557461, 0.000508897879627, 6.75293904351e-06, 2.38169013755e-06, 8.83420625541e-08, 4.57312521185e-11],
        "dvar2": [8.03547266059e-07, 0.00159282318782, 0.0749877020717, 0.555813968182, 2.65447998047, 6.81266784668, 24.0234870911, 57.9786605835, 240.912567139, 275.011444092, 110.708641052, 1221.16674805, 913.69317627, 382.687530518, 2570.56469727, 10930.4189453, 14039.1201172, 5338.67675781, 1808.70202637, 3354.8671875, 885.020446777, 537.619873047, 2747.10668945, 20.9921207428, 2.52733492851, 8.09776592255, 15.0018529892, 5.78209590912, 2.07493114471, 0.709107100964, 1.21899366379, 20.1365833282, 3.44228816032, 0.0116401091218, 0.133163943887, 0.00112920370884, 1.70793919096e-05, 4.90517550134e-06, 1.85360249816e-07, 7.97042015721e-11],
        "max": [0.013451160863, 0.923089027405, 4.69304037094, 12.1621313095, 16.8411903381, 57.7270202637, 115.430870056, 320.388916016, 325.87600708, 216.909790039, 109.643081665, 490.075958252, 969.199157715, 347.974975586, 1694.13842773, 2038.13647461, 2329.07958984, 1441.36962891, 385.432434082, 1247.46691895, 462.022064209, 423.57321167, 950.346923828, 74.1952362061, 11.9440088272, 17.2124843597, 18.4994907379, 21.6721286774, 7.66255617142, 7.63899374008, 33.7339477539, 70.3213653564, 20.1564083099, 0.924318492413, 3.1533203125, 0.406341671944, 0.0614479631186, 0.0275711752474, 0.00688592111692, 0.00011693835404],
        "mean": [0.0015341360122, 0.100106976926, 0.909244000912, 2.49625563622, 3.77412247658, 8.81439304352, 12.2367763519, 19.6246204376, 26.2135505676, 23.5372409821, 12.9273662567, 38.2463607788, 44.9185447693, 27.2707576752, 173.790817261, 204.894378662, 278.450744629, 103.718971252, 30.6869659424, 50.7041816711, 57.1201782227, 28.7058143616, 27.7003364563, 3.45906400681, 0.367603898048, 0.391652494669, 0.482216924429, 0.342479079962, 0.294325768948, 0.155195340514, 0.139992043376, 0.426050454378, 0.444423884153, 0.0249502584338, 0.0314694344997, 0.00362174934708, 0.000499100715388, 0.000310756266117, 4.69924780191e-05, 3.45158114214e-05],
        "median": [0.000500078662299, 0.0245811864734, 0.597727477551, 1.93221604824, 2.78592085838, 6.49713850021, 7.79705619812, 7.95485401154, 10.5554952621, 11.5750341415, 8.13466930389, 6.53193759918, 12.4758777618, 17.2579956055, 78.9798431396, 84.8410339355, 91.8101119995, 23.5415878296, 2.88850665092, 8.05711746216, 24.4769020081, 2.93577980995, 0.341732025146, 0.0856498852372, 0.0578254088759, 0.0615864880383, 0.0533562153578, 0.0601902753115, 0.0480077341199, 0.0229870807379, 0.00968381855637, 0.00628371397033, 0.00722983200103, 0.00209055049345, 0.000523394381162, 0.000182107454748, 6.74552138662e-05, 3.94168455387e-05, 1.71650845004e-05, 3.08740200126e-05],
        "min": [1.3600556744e-21, 2.93956846416e-21, 1.13701686296e-20, 3.48792596004e-20, 2.34017072561e-19, 1.2898443134e-19, 1.10334519981e-19, 1.3662521498e-19, 9.10352382374e-19, 1.03335775838e-18, 1.31936610512e-18, 3.03026802022e-18, 1.24824335829e-18, 1.56635168947e-18, 3.84676911068e-18, 2.48944141251e-18, 6.67758423968e-18, 8.53284116579e-18, 8.54756167198e-18, 4.96583446445e-18, 6.0335645758e-18, 1.22338730467e-17, 1.70876770641e-17, 1.87766409086e-17, 1.09107182475e-17, 1.47751232625e-17, 1.44714139744e-17, 1.8030679506e-17, 1.36317214279e-17, 1.98176030417e-17, 1.950479973e-17, 1.02463755832e-17, 1.23245758824e-17, 1.69870339989e-17, 9.32284166417e-18, 5.12856157045e-18, 3.42898375793e-18, 1.2558376001e-18, 2.95926604177e-19, 3.54496103263e-20],
        "stdev": [0.00247706868686, 0.174039408565, 1.03363144398, 2.27699971199, 3.30544185638, 8.08218574524, 13.6841278076, 35.9486656189, 42.2537498474, 32.4014282227, 13.4636497498, 76.5185699463, 114.059738159, 32.7596855164, 234.33454895, 309.00112915, 402.898468018, 209.658889771, 56.4863166809, 140.166244507, 77.9319763184, 65.9585418701, 106.354919434, 9.06976222992, 0.899293005466, 1.4230530262, 1.83194768429, 1.22043263912, 0.771857857704, 0.555410265923, 1.24288904667, 3.59888792038, 1.50620353222, 0.0711570903659, 0.191631451249, 0.0222030859441, 0.00239055952989, 0.001647934434, 0.000304582790704, 1.70828043338e-05],
        "var": [6.13586917098e-06, 0.0302897132933, 1.06839394569, 5.1847281456, 10.9259462357, 65.321723938, 187.255355835, 1292.30651855, 1785.3795166, 1049.85266113, 181.269866943, 5855.09130859, 13009.6240234, 1073.19689941, 54912.6796875, 95481.703125, 162327.1875, 43956.8515625, 3190.70410156, 19646.578125, 6073.39306641, 4350.52880859, 11311.3681641, 82.2605895996, 0.808727920055, 2.02507996559, 3.3560321331, 1.48945593834, 0.595764517784, 0.30848056078, 1.54477310181, 12.9519939423, 2.26864910126, 0.00506333168596, 0.0367226153612, 0.000492977036629, 5.7147744883e-06, 2.71568796961e-06, 9.27706764742e-08, 2.91822177534e-10]
    },
    "gfcc": {
        "mean": [-89.0153045654, 170.381729126, -147.091491699, -33.6446380615, -45.2470550537, 9.66251087189, -41.7978973389, -28.7892990112, -20.8894824982, -19.7341213226, -9.86717510223, -5.29931020737, -6.29950428009],
        "cov": [[3619.21411133, -1034.74047852, -557.071838379, 408.462371826, -315.890319824, 386.924255371, -559.085449219, 225.662490845, 126.867263794, 96.0822982788, -24.4545402527, -176.038391113, 148.717926025], [-1034.74047852, 1064.29443359, 301.106536865, -235.600814819, 209.398513794, -150.172927856, 389.679656982, -154.050872803, 14.5898418427, -74.3315200806, 61.9609451294, 114.530296326, -28.8235569], [-557.071838379, 301.106536865, 523.624206543, 65.2858657837, -18.9950408936, 147.167297363, 187.897537231, -57.8154449463, -30.1765556335, 52.0510101318, 8.60997772217, 31.9268245697, 74.0650939941], [408.462371826, -235.600814819, 65.2858657837, 412.843841553, -39.8346405029, 149.752075195, -68.2228317261, 145.121017456, 69.3800125122, -19.7206516266, 30.1043567657, 36.0922317505, 123.227409363], [-315.890319824, 209.398513794, -18.9950408936, -39.8346405029, 489.053161621, -48.3514518738, -67.7883834839, 63.393497467, 64.3794326782, -53.07995224, 10.7765703201, 133.693649292, -99.3883666992], [386.924255371, -150.172927856, 147.167297363, 149.752075195, -48.3514518738, 582.430541992, -143.440155029, -93.1600570679, 193.560501099, 49.2802085876, -17.1215744019, -84.7583694458, 253.556213379], [-559.085449219, 389.679656982, 187.897537231, -68.2228317261, -67.7883834839, -143.440155029, 545.494506836, -17.1256828308, -130.347061157, 33.8439025879, -26.8987064362, 61.4432449341, -112.026435852], [225.662490845, -154.050872803, -57.8154449463, 145.121017456, 63.393497467, -93.1600570679, -17.1256828308, 268.189331055, -8.47439479828, -60.6760597229, 20.5676403046, 65.0196380615, -35.4564247131], [126.867263794, 14.5898418427, -30.1765556335, 69.3800125122, 64.3794326782, 193.560501099, -130.347061157, -8.47439479828, 249.202377319, -45.8162689209, 0.444164156914, 70.9267349243, 137.009872437], [96.0822982788, -74.3315200806, 52.0510101318, -19.7206516266, -53.07995224, 49.2802085876, 33.8439025879, -60.6760597229, -45.8162689209, 158.308959961, -24.9876194, -61.6227493286, -7.40909814835], [-24.4545402527, 61.9609451294, 8.60997772217, 30.1043567657, 10.7765703201, -17.1215744019, -26.8987064362, 20.5676403046, 0.444164156914, -24.9876194, 141.220153809, -20.5853881836, -23.9975395203], [-176.038391113, 114.530296326, 31.9268245697, 36.0922317505, 133.693649292, -84.7583694458, 61.4432449341, 65.0196380615, 70.9267349243, -61.6227493286, -20.5853881836, 325.443359375, 5.96048641205], [148.717926025, -28.8235569, 74.0650939941, 123.227409363, -99.3883666992, 253.556213379, -112.026435852, -35.4564247131, 137.009872437, -7.40909814835, -23.9975395203, 5.96048641205, 313.054534912]],
        "icov": [[0.000685199163854, -0.00058361212723, 0.00107841624413, -0.000612057803664, 0.000885727931745, -0.00101647910196, 0.0008721484337, -0.000904078478925, 0.000504187250044, -0.000922825944144, 0.000453718967037, -0.000343622581568, 0.000719556410331], [-0.00058361212723, 0.00510481651872, -0.00306105916388, 0.00228881789371, -0.00347047392279, 0.00331132183783, -0.00421089725569, 0.00329625140876, -0.00277568632737, 0.00312535883859, -0.0030527736526, 0.00142324157059, -0.00331914727576], [0.00107841624413, -0.00306105916388, 0.00574828824028, -0.0022198529914, 0.00216783257201, -0.00381607655436, 0.00177363748662, -0.0019808630459, 0.00333038088866, -0.00293967034668, 0.00112456188072, -0.00171947409399, 0.001500876504], [-0.000612057803664, 0.00228881789371, -0.0022198529914, 0.00559701863676, -0.00123179028742, 0.000774632324465, -0.00185082934331, -0.00117703655269, -0.00133913406171, 0.00137008435559, -0.0023187447805, 0.00020423726528, -0.00255369651131], [0.000885727931745, -0.00347047392279, 0.00216783257201, -0.00123179028742, 0.00581456534564, -0.00309219607152, 0.00392805412412, -0.00333802821115, 0.00104597816244, -0.00225527770817, 0.0022264465224, -0.00223745638505, 0.00431189499795], [-0.00101647910196, 0.00331132183783, -0.00381607655436, 0.000774632324465, -0.00309219607152, 0.00728963455185, -0.00284549943171, 0.00366102531552, -0.00485691102222, 0.00150897202548, -0.00151487241965, 0.00287164654583, -0.00411325972527], [0.0008721484337, -0.00421089725569, 0.00177363748662, -0.00185082934331, 0.00392805412412, -0.00284549943171, 0.00663963705301, -0.00305022322573, 0.00292638479732, -0.00297955819406, 0.00319195305929, -0.0020876948256, 0.00402235426009], [-0.000904078478925, 0.00329625140876, -0.0019808630459, -0.00117703655269, -0.00333802821115, 0.00366102531552, -0.00305022322573, 0.00903162639588, -0.00133916025516, 0.00395404780284, -0.00194430327974, 0.00072461826494, -0.00191180256661], [0.000504187250044, -0.00277568632737, 0.00333038088866, -0.00133913406171, 0.00104597816244, -0.00485691102222, 0.00292638479732, -0.00133916025516, 0.010621022433, -0.000177744819666, 0.000920932681765, -0.00319625530392, -0.000115556867968], [-0.000922825944144, 0.00312535883859, -0.00293967034668, 0.00137008435559, -0.00225527770817, 0.00150897202548, -0.00297955819406, 0.00395404780284, -0.000177744819666, 0.0108835678548, -0.000494246080052, 0.0017235284904, -0.00140957639087], [0.000453718967037, -0.0030527736526, 0.00112456188072, -0.0023187447805, 0.0022264465224, -0.00151487241965, 0.00319195305929, -0.00194430327974, 0.000920932681765, -0.000494246080052, 0.00997346173972, 0.000218414294068, 0.00335151003674], [-0.000343622581568, 0.00142324157059, -0.00171947409399, 0.00020423726528, -0.00223745638505, 0.00287164654583, -0.0020876948256, 0.00072461826494, -0.00319625530392, 0.0017235284904, 0.000218414294068, 0.00551688158885, -0.00172918150201], [0.000719556410331, -0.00331914727576, 0.001500876504, -0.00255369651131, 0.00431189499795, -0.00411325972527, 0.00402235426009, -0.00191180256661, -0.000115556867968, -0.00140957639087, 0.00335151003674, -0.00172918150201, 0.00942738261074]]
    },
    "melbands": {
        "dmean": [5.91684693063e-06, 4.15514878114e-05, 6.11829891568e-05, 5.33772399649e-05, 6.39030477032e-05, 7.13487897883e-05, 6.83872567606e-05, 5.74185614823e-05, 1.96724959096e-05, 4.45685473096e-05, 4.09394269809e-05, 1.86015658983e-05, 5.58512947464e-05, 7.34542700229e-05, 8.98290381883e-05, 6.50569127174e-05, 4.21982731496e-05, 1.43253573697e-05, 8.06767729955e-06, 2.05108990485e-05, 1.20627573779e-05, 8.0015106505e-06, 5.09585743202e-06, 3.4918948586e-06, 4.68275629828e-07, 2.18742229663e-07, 1.77446736416e-07, 3.79221546609e-07, 4.70532000918e-07, 2.82167263777e-07, 1.9825959896e-07, 1.70584655734e-07, 1.1265315436e-07, 7.45871773233e-08, 7.20398389831e-08, 7.03109606093e-08, 3.25675188151e-07, 2.921431701e-07, 1.67623142033e-08, 5.93674842619e-09],
        "dmean2": [9.76636147243e-06, 6.45143227302e-05, 9.15380878723e-05, 7.35290886951e-05, 8.3229111624e-05, 7.52434425522e-05, 7.48820093577e-05, 7.95228988864e-05, 3.00359097309e-05, 6.5716332756e-05, 4.78649017168e-05, 2.7235091693e-05, 6.96346905897e-05, 8.45987451612e-05, 9.67465239228e-05, 7.6862575952e-05, 5.07949007442e-05, 2.23240294872e-05, 1.2042556591e-05, 3.06859219563e-05, 1.54501431098e-05, 1.01957548395e-05, 6.99715428709e-06, 4.68944062959e-06, 6.96439315107e-07, 3.8628397192e-07, 3.18434445035e-07, 6.73994634326e-07, 8.55023984059e-07, 4.99592999859e-07, 3.34489300258e-07, 2.90083846721e-07, 1.89305836784e-07, 1.22504431488e-07, 1.14981638433e-07, 9.22024909755e-08, 4.97609846661e-07, 4.36372317836e-07, 2.58432848455e-08, 1.07823199258e-08],
        "dvar": [1.66440666804e-10, 4.29690016901e-09, 9.36223454318e-09, 7.26003079876e-09, 1.56223212144e-08, 2.74685767465e-08, 3.51620421668e-08, 1.83152302213e-08, 2.99476021759e-09, 2.96737372452e-08, 2.05324468538e-08, 3.25207527574e-09, 1.66463518525e-08, 3.9139866459e-08, 3.97794970297e-08, 2.02468424249e-08, 1.73239005363e-08, 2.4265043308e-09, 1.44769085608e-09, 3.36973515758e-09, 1.41808453868e-09, 9.86430381822e-10, 9.054123562e-10, 5.10201381143e-10, 6.34728250862e-12, 6.37173473705e-13, 4.06494147153e-13, 1.87090382249e-12, 3.31054411315e-12, 1.50648124617e-12, 4.7118808421e-13, 2.32968754964e-13, 1.68777643771e-13, 7.22418747544e-14, 1.34088283554e-13, 5.6768652279e-13, 1.04419823482e-11, 1.80067690359e-12, 6.33451980242e-15, 7.20549752406e-16],
        "dvar2": [4.45256082005e-10, 1.10342917026e-08, 2.15360547173e-08, 1.35774778087e-08, 2.777890451e-08, 2.61797303835e-08, 5.46044880423e-08, 3.28628573243e-08, 6.95444546395e-09, 5.94167843815e-08, 2.22200728928e-08, 6.72902311649e-09, 2.51085889857e-08, 5.18061256116e-08, 5.33765387445e-08, 3.18037542968e-08, 2.65590180959e-08, 6.59537313652e-09, 2.76466449733e-09, 7.15163306353e-09, 1.91959625973e-09, 1.35317712591e-09, 1.55739798835e-09, 8.73932759493e-10, 1.27938501807e-11, 1.72099476597e-12, 1.11771562058e-12, 5.078324046e-12, 9.33162661726e-12, 4.19333578278e-12, 1.28584957352e-12, 6.38209157831e-13, 4.45372064966e-13, 1.73012063118e-13, 2.23664741784e-13, 8.29454831642e-13, 2.13325572485e-11, 4.14295724463e-12, 1.40845045045e-14, 2.03226476277e-15],
        "max": [0.00042786411359, 0.00195771153085, 0.00236096535809, 0.00219537969679, 0.0033693399746, 0.00616444367915, 0.00497491657734, 0.00267643574625, 0.000876788573805, 0.00346666318364, 0.0047836760059, 0.00155098363757, 0.00445268861949, 0.00432714121416, 0.00415043905377, 0.00302786100656, 0.00328609184362, 0.000878393184394, 0.00100122590084, 0.0012425618479, 0.000831922225188, 0.000693727983162, 0.000662531761918, 0.000543114496395, 7.14136986062e-05, 1.12358848128e-05, 6.60146906739e-06, 1.45237836477e-05, 1.44442346937e-05, 2.09355384868e-05, 9.76351930149e-06, 4.81158804178e-06, 4.21344566348e-06, 3.37228993885e-06, 1.24924199554e-05, 2.87646307697e-05, 7.27810183889e-05, 2.05058786378e-05, 1.05244589577e-06, 4.59746189563e-07],
        "mean": [4.1919243813e-05, 0.000365688872989, 0.000482303497847, 0.000408150284784, 0.000463341304567, 0.000440674833953, 0.000381574005587, 0.000253620935837, 9.98395116767e-05, 0.000245418283157, 0.000214984902414, 8.31194411148e-05, 0.000435049005318, 0.000531438039616, 0.000597107573412, 0.000396349554649, 0.000194907348487, 5.11845537403e-05, 2.94311994367e-05, 0.000107910840597, 6.64556500851e-05, 4.12610461353e-05, 2.17322940443e-05, 1.49006573338e-05, 1.89858087651e-06, 1.68101877307e-07, 1.38018847906e-07, 2.9687987535e-07, 3.36291833491e-07, 2.20241474835e-07, 2.01203405936e-07, 2.06250717838e-07, 9.72548264144e-08, 7.05052869421e-08, 6.83426222281e-08, 7.55013545017e-08, 3.85115356494e-07, 4.92086996928e-07, 2.02730454646e-08, 4.90204765669e-09],
        "median": [4.99287079947e-06, 0.00023559544934, 0.000374139432097, 0.000338870420819, 0.000356025877409, 0.000185874101589, 0.000156796726515, 0.000122131445096, 5.57274652238e-05, 4.00688841182e-05, 5.67799688724e-05, 2.5049339456e-05, 0.000171695210156, 0.00025201542303, 0.000276985199889, 0.000135482565383, 6.5896488195e-06, 1.13071018859e-06, 1.46896823594e-07, 3.09945426125e-06, 1.8528993678e-05, 1.62938277981e-07, 5.54663905916e-08, 5.7767984174e-08, 1.53845256534e-08, 2.03439824986e-08, 1.70286416079e-08, 3.73383564067e-08, 2.91849211465e-08, 2.01879757356e-08, 3.18253619014e-08, 2.08169037563e-08, 9.24612386655e-09, 9.11433239992e-09, 4.23098001079e-09, 1.19959409073e-09, 2.66473465516e-09, 5.07914155179e-09, 6.90827006711e-10, 6.84838130649e-10],
        "min": [1.12272948062e-23, 5.08100457558e-24, 1.18288627776e-23, 1.50226537159e-23, 3.20263091365e-24, 3.59058481823e-24, 1.64031461006e-23, 9.59763044944e-24, 1.36257814234e-23, 1.87839630224e-23, 5.63597808317e-24, 5.50752233994e-24, 1.19583038081e-23, 6.05772481677e-24, 1.18743098432e-23, 1.4002041254e-23, 1.64295682077e-23, 1.4105413587e-23, 8.82370268115e-24, 6.89510973957e-24, 7.06965862548e-24, 1.2003589946e-23, 1.38963449367e-23, 1.48148298882e-23, 1.60176329316e-23, 8.48805498776e-24, 9.24232276456e-24, 9.57821500484e-24, 8.71696664523e-24, 8.3134848026e-24, 1.10826161384e-23, 7.01365738982e-24, 9.34695096414e-24, 1.13439144804e-23, 1.26301158987e-23, 7.64470114892e-24, 5.97648515974e-24, 5.93501631967e-24, 1.52031435133e-23, 1.40557295494e-23],
        "stdev": [8.14303493826e-05, 0.000410541484598, 0.000404306629207, 0.000320661260048, 0.000420524680521, 0.000748778111301, 0.000619692436885, 0.000362910766853, 0.000115631126391, 0.000513057981152, 0.000563629495446, 0.000142420394695, 0.000620690232608, 0.000672978931107, 0.000733078108169, 0.000559328123927, 0.000469878781587, 0.000101052566606, 0.000112320267363, 0.000190727907466, 0.00012962645269, 0.000108965265099, 8.03259754321e-05, 5.94609809923e-05, 6.83314374328e-06, 6.65233528707e-07, 5.17918465448e-07, 1.12854138479e-06, 1.41736961723e-06, 9.87781731965e-07, 5.95965786943e-07, 4.89764886424e-07, 3.58654432375e-07, 2.68326942887e-07, 4.83632561554e-07, 1.02216517917e-06, 3.67620168618e-06, 1.65767391991e-06, 9.21939431464e-08, 2.13823430073e-08],
        "var": [6.63090204966e-09, 1.68544318058e-07, 1.63463852232e-07, 1.02823641157e-07, 1.76841012944e-07, 5.60668695471e-07, 3.84018704835e-07, 1.31704226192e-07, 1.33705571059e-08, 2.63228514541e-07, 3.17678228612e-07, 2.02835686025e-08, 3.85256385016e-07, 4.52900621895e-07, 5.37403536782e-07, 3.12847930672e-07, 2.2078606321e-07, 1.02116217704e-08, 1.26158425928e-08, 3.63771341938e-08, 1.68030158676e-08, 1.18734284626e-08, 6.45226228002e-09, 3.53560825062e-09, 4.66918552433e-11, 4.42535683662e-13, 2.68239559254e-13, 1.27360556997e-12, 2.00893663684e-12, 9.75712783138e-13, 3.55175226252e-13, 2.39869647582e-13, 1.2863299835e-13, 7.19993455047e-14, 2.33900436996e-13, 1.04482156434e-12, 1.35144595168e-11, 2.74788265059e-12, 8.49972320988e-15, 4.57204615066e-16]
