{
"lowlevel": {
    "average_loudness": 0.966644525528,
    "barkbands_crest": {
        "dmean": 3.2935552597,
        "dmean2": 5.08193159103,
        "dvar": 8.370262146,
        "dvar2": 17.4743938446,
        "max": 26.4603862762,
        "mean": 13.0369615555,
        "median": 12.1016807556,
        "min": 2.74243187904,
        "stdev": 5.70964479446,
        "var": 32.6000442505
    },
    "barkbands_flatness_db": {
        "dmean": 0.04307320714,
        "dmean2": 0.0600621029735,
        "dvar": 0.00181547924876,
        "dvar2": 0.00297443056479,
        "max": 0.537608921528,
        "mean": 0.197070658207,
        "median": 0.188012585044,
        "min": 0.0227589104325,
        "stdev": 0.0821715369821,
        "var": 0.00675216177478
    },
    "barkbands_kurtosis": {
        "dmean": 18.1108398438,
        "dmean2": 28.1952209473,
        "dvar": 1667.48999023,
        "dvar2": 4206.19775391,
        "max": 742.274536133,
        "mean": 24.0959243774,
        "median": 10.1679048538,
        "min": -1.86074781418,
        "stdev": 44.5947914124,
        "var": 1988.69543457
    },
    "barkbands_skewness": {
        "dmean": 1.41519010067,
        "dmean2": 2.09504413605,
        "dvar": 2.70945692062,
        "dvar2": 6.04878330231,
        "max": 23.3458213806,
        "mean": 3.33053541183,
        "median": 2.88624453545,
        "min": -2.42132520676,
        "stdev": 2.59815049171,
        "var": 6.75038576126
    },
    "barkbands_spread": {
        "dmean": 10.1126174927,
        "dmean2": 16.0430221558,
        "dvar": 188.207855225,
        "dvar2": 441.313140869,
        "max": 103.653465271,
        "mean": 17.2951335907,
        "median": 11.7401275635,
        "min": 0.210385739803,
        "stdev": 17.1517868042,
        "var": 294.183776855
    },
    "dissonance": {
        "dmean": 0.0306593179703,
        "dmean2": 0.0495246611536,
        "dvar": 0.000940275727771,
        "dvar2": 0.00230142753571,
        "max": 0.499292731285,
        "mean": 0.439655154943,
        "median": 0.452443063259,
        "min": 0.176542714238,
        "stdev": 0.0479853786528,
        "var": 0.00230259657837
    },
    "dynamic_complexity": 2.6368932724,
    "erbbands_crest": {
        "dmean": 3.52661967278,
        "dmean2": 5.80973958969,
        "dvar": 10.1280021667,
        "dvar2": 23.3192043304,
        "max": 29.5813732147,
        "mean": 10.0058450699,
        "median": 8.62165927887,
        "min": 2.61675190926,
        "stdev": 4.99295043945,
        "var": 24.9295539856
    },
    "erbbands_flatness_db": {
        "dmean": 0.0272971652448,
        "dmean2": 0.0411205515265,
        "dvar": 0.000646307948045,
        "dvar2": 0.00129264395218,
        "max": 0.348083496094,
        "mean": 0.151161208749,
        "median": 0.146393999457,
        "min": 0.0471782907844,
        "stdev": 0.0457896217704,
        "var": 0.00209668953903
    },
    "erbbands_kurtosis": {
        "dmean": 2.41968369484,
        "dmean2": 3.89833879471,
        "dvar": 12.0388717651,
        "dvar2": 28.2338695526,
        "max": 35.7623176575,
        "mean": 1.74233853817,
        "median": 0.244783878326,
        "min": -1.91418910027,
        "stdev": 4.29477405548,
        "var": 18.4450836182
    },
    "erbbands_skewness": {
        "dmean": 0.740717053413,
        "dmean2": 1.10247397423,
        "dvar": 0.512069046497,
        "dvar2": 1.15465402603,
        "max": 5.30038261414,
        "mean": 0.795498251915,
        "median": 0.761158466339,
        "min": -2.84911108017,
        "stdev": 1.14635002613,
        "var": 1.31411826611
    },
    "erbbands_spread": {
        "dmean": 20.3782176971,
        "dmean2": 32.1898536682,
        "dvar": 477.291809082,
        "dvar2": 1085.76000977,
        "max": 180.320861816,
        "mean": 54.3632469177,
        "median": 49.5783309937,
        "min": 2.35893845558,
        "stdev": 32.273639679,
        "var": 1041.58789062
    },
    "hfc": {
        "dmean": 10.4668493271,
        "dmean2": 15.9942312241,
        "dvar": 199.423934937,
        "dvar2": 458.038818359,
        "max": 154.750991821,
        "mean": 19.5638771057,
        "median": 15.6279354095,
        "min": 0.000223223745706,
        "stdev": 16.9108600616,
        "var": 285.977203369
    },
    "loudness_ebu128": {
        "integrated": -6.11913013458,
        "loudness_range": 1.03203630447,
        "momentary": {
            "dmean": 0.627738654613,
            "dmean2": 0.776483416557,
            "dvar": 0.37210303545,
            "dvar2": 0.474310964346,
            "max": -4.04524946213,
            "mean": -6.3219704628,
            "median": -6.06106138229,
            "min": -13.6566934586,
            "stdev": 1.43399918079,
            "var": 2.05635380745
        },
        "short_term": {
            "dmean": 0.0749538913369,
            "dmean2": 0.0883314833045,
            "dvar": 0.00308017153293,
            "dvar2": 0.00513905799016,
            "max": -5.37688827515,
            "mean": -6.0985751152,
            "median": -6.06168794632,
            "min": -7.16065311432,
            "stdev": 0.352787613869,
            "var": 0.12445910275
        }
    },
    "melbands_crest": {
        "dmean": 4.46489477158,
        "dmean2": 7.17688131332,
        "dvar": 15.1942577362,
        "dvar2": 35.581993103,
        "max": 34.7087783813,
        "mean": 18.8312225342,
        "median": 19.1988620758,
        "min": 3.78797960281,
        "stdev": 6.79250621796,
        "var": 46.1381378174
    },
    "melbands_flatness_db": {
        "dmean": 0.0549321137369,
        "dmean2": 0.0758399069309,
        "dvar": 0.00287035736255,
        "dvar2": 0.00491584744304,
        "max": 0.683294415474,
        "mean": 0.281040757895,
        "median": 0.274331361055,
        "min": 0.0284192916006,
        "stdev": 0.10642092675,
        "var": 0.0113254142925
    },
    "melbands_kurtosis": {
        "dmean": 39.6539077759,
        "dmean2": 61.0747718811,
        "dvar": 5561.23779297,
        "dvar2": 12492.9296875,
        "max": 1019.52850342,
        "mean": 59.7559814453,
        "median": 29.5318222046,
        "min": -1.66041529179,
        "stdev": 94.0320510864,
        "var": 8842.02734375
    },
    "melbands_skewness": {
        "dmean": 1.89823639393,
        "dmean2": 2.87078690529,
        "dvar": 4.4987988472,
        "dvar2": 9.83348274231,
        "max": 23.4745693207,
        "mean": 4.91572189331,
        "median": 4.18413448334,
        "min": -1.09385299683,
        "stdev": 3.45955681801,
        "var": 11.9685335159
    },
    "melbands_spread": {
        "dmean": 10.5746841431,
        "dmean2": 16.7038021088,
        "dvar": 444.807189941,
        "dvar2": 1014.10272217,
        "max": 191.642929077,
        "mean": 16.2195072174,
        "median": 8.7907781601,
        "min": 0.335933595896,
        "stdev": 25.7423820496,
        "var": 662.670227051
    },
    "pitch_salience": {
        "dmean": 0.103514738381,
        "dmean2": 0.159402132034,
        "dvar": 0.0105383386835,
        "dvar2": 0.023259146139,
        "max": 0.949957132339,
        "mean": 0.493248134851,
        "median": 0.496847569942,
        "min": 0.0588064081967,
        "stdev": 0.173022910953,
        "var": 0.0299369301647
    },
    "silence_rate_20dB": {
        "dmean": 0,
        "dmean2": 0,
        "dvar": 0,
        "dvar2": 0,
        "max": 1,
        "mean": 1,
        "median": 1,
        "min": 1,
        "stdev": 0,
        "var": 0
    },
    "silence_rate_30dB": {
        "dmean": 0.0557275526226,
        "dmean2": 0.111541442573,
        "dvar": 0.0526216886938,
        "dvar2": 0.122336700559,
        "max": 1,
        "mean": 0.948182523251,
        "median": 1,
        "min": 0,
        "stdev": 0.221658915281,
        "var": 0.0491326749325
    },
    "silence_rate_60dB": {
        "dmean": 0.0363777093589,
        "dmean2": 0.0720371827483,
        "dvar": 0.0350546762347,
        "dvar2": 0.0761420279741,
        "max": 1,
        "mean": 0.0549110583961,
        "median": 0,
        "min": 0,
        "stdev": 0.227804407477,
        "var": 0.0518948510289
    },
    "spectral_centroid": {
        "dmean": 459.783905029,
        "dmean2": 683.647399902,
        "dvar": 312150.75,
        "dvar2": 622782.8125,
        "max": 4259.76171875,
        "mean": 1035.86535645,
        "median": 760.079101562,
        "min": 105.954551697,
        "stdev": 812.116333008,
        "var": 659532.9375
    },
    "spectral_complexity": {
        "dmean": 4.5208978653,
        "dmean2": 6.90395021439,
        "dvar": 31.4849224091,
        "dvar2": 62.1967391968,
        "max": 57,
        "mean": 12.3573083878,
        "median": 10,
        "min": 0,
        "stdev": 7.79537773132,
        "var": 60.7679138184
    },
    "spectral_decrease": {
        "dmean": 3.72157948902e-09,
        "dmean2": 5.25763699244e-09,
        "dvar": 1.93610340852e-17,
        "dvar2": 3.67167904596e-17,
        "max": -2.37716449173e-13,
        "mean": -1.19488037242e-08,
        "median": -1.14411955465e-08,
        "min": -4.13760794515e-08,
        "stdev": 8.53664161582e-09,
        "var": 7.28742480065e-17
    },
    "spectral_energy": {
        "dmean": 0.0145001811907,
        "dmean2": 0.0203975904733,
        "dvar": 0.000280394684523,
        "dvar2": 0.000530544493813,
        "max": 0.158365428448,
        "mean": 0.0468720085919,
        "median": 0.0451926141977,
        "min": 9.1744374231e-07,
        "stdev": 0.0325853601098,
        "var": 0.00106180575676
    },
    "spectral_energyband_high": {
        "dmean": 0.000968300155364,
        "dmean2": 0.00152849545702,
        "dvar": 2.34767844631e-06,
        "dvar2": 5.65354230275e-06,
        "max": 0.0165390633047,
        "mean": 0.00121111702174,
        "median": 0.000595656398218,
        "min": 5.77084779962e-09,
        "stdev": 0.00169774750248,
        "var": 2.88234650725e-06
    },
    "spectral_energyband_low": {
        "dmean": 0.0103484671563,
        "dmean2": 0.0150423562154,
        "dvar": 0.000277583370917,
        "dvar2": 0.000555054168217,
        "max": 0.146520912647,
        "mean": 0.0294006597251,
        "median": 0.0252370424569,
        "min": 5.19848299518e-07,
        "stdev": 0.0301066245884,
        "var": 0.00090640882263
    },
    "spectral_energyband_middle_high": {
        "dmean": 0.00159737293143,
        "dmean2": 0.00244443770498,
        "dvar": 6.35523156234e-06,
        "dvar2": 1.2560111827e-05,
        "max": 0.0252878703177,
        "mean": 0.00221298239194,
        "median": 0.000996260321699,
        "min": 1.81855863701e-08,
        "stdev": 0.0032895731274,
        "var": 1.08212907435e-05
    },
    "spectral_energyband_middle_low": {
        "dmean": 0.0111640114337,
        "dmean2": 0.0174504742026,
        "dvar": 0.000301056017634,
        "dvar2": 0.000738179427572,
        "max": 0.127492502332,
        "mean": 0.016476104036,
        "median": 0.00914342142642,
        "min": 4.16455890218e-07,
        "stdev": 0.0192632116377,
        "var": 0.00037107130629
    },
    "spectral_entropy": {
        "dmean": 0.39886868,
        "dmean2": 0.581738829613,
        "dvar": 0.169412389398,
        "dvar2": 0.333705306053,
        "max": 8.82358646393,
        "mean": 7.38291883469,
        "median": 7.42472076416,
        "min": 4.50470066071,
        "stdev": 0.661852777004,
        "var": 0.438049137592
    },
    "spectral_flux": {
        "dmean": 0.0425786487758,
        "dmean2": 0.0615630336106,
        "dvar": 0.00180238822941,
        "dvar2": 0.00274167978205,
        "max": 0.39514490962,
        "mean": 0.118950910866,
        "median": 0.107422664762,
        "min": 0.000957832846325,
        "stdev": 0.0743430331349,
        "var": 0.00552688678727
    },
    "spectral_kurtosis": {
        "dmean": 2.92688345909,
        "dmean2": 4.47250938416,
        "dvar": 24.4888401031,
        "dvar2": 49.4314079285,
        "max": 77.5096435547,
        "mean": 4.62869691849,
        "median": 2.28291797638,
        "min": -1.24151134491,
        "stdev": 7.02285051346,
        "var": 49.3204269409
    },
    "spectral_rms": {
        "dmean": 0.00109282776248,
        "dmean2": 0.00147230771836,
        "dvar": 1.36510425364e-06,
        "dvar2": 2.30945715884e-06,
        "max": 0.0124299172312,
        "mean": 0.00623056245968,
        "median": 0.00664005707949,
        "min": 2.99176717817e-05,
        "stdev": 0.00262847985141,
        "var": 6.90890601618e-06
    },
    "spectral_rolloff": {
        "dmean": 804.080749512,
        "dmean2": 1406.83154297,
        "dvar": 3467269.5,
        "dvar2": 8152817.5,
        "max": 11821.7285156,
        "mean": 1098.06018066,
        "median": 366.064453125,
        "min": 64.599609375,
        "stdev": 2061.02416992,
        "var": 4247820.5
    },
    "spectral_skewness": {
        "dmean": 0.492832660675,
        "dmean2": 0.722867369652,
        "dvar": 0.318190217018,
        "dvar2": 0.615611672401,
        "max": 7.17622375488,
        "mean": 1.6114808321,
        "median": 1.40316307545,
        "min": -0.172203719616,
        "stdev": 0.947565615177,
        "var": 0.897880554199
    },
    "spectral_spread": {
        "dmean": 1483177.875,
        "dmean2": 2253852.5,
        "dvar": 2.88649091482e+12,
        "dvar2": 6.01322317414e+12,
        "max": 21811494,
        "mean": 6197124.5,
        "median": 5716914.5,
        "min": 996238.5,
        "stdev": 2487497.75,
        "var": 6.18764487885e+12
    },
    "spectral_strongpeak": {
        "dmean": 0.362842231989,
        "dmean2": 0.601390182972,
        "dvar": 0.282641887665,
        "dvar2": 0.683598577976,
        "max": 4.35171842575,
        "mean": 0.696532785892,
        "median": 0.451628684998,
        "min": 0,
        "stdev": 0.662502765656,
        "var": 0.438909947872
    },
    "zerocrossingrate": {
        "dmean": 0.0173970982432,
        "dmean2": 0.02011105977,
        "dvar": 0.000478170288261,
        "dvar2": 0.000524335890077,
        "max": 0.306640625,
        "mean": 0.0467696413398,
        "median": 0.03369140625,
        "min": 0.00146484375,
        "stdev": 0.0481715686619,
        "var": 0.00232049985789
    },
    "barkbands": {
        "dmean": [0.000695653317962, 0.00817469134927, 0.0061542657204, 0.00545628601685, 0.00273213093169, 0.00411898829043, 0.00136650784407, 0.00133671727963, 0.000714583322406, 0.000377661635866, 0.000316341844155, 0.000348748726537, 0.000218146378757, 0.000137891009217, 9.08438378247e-05, 9.14616539376e-05, 7.83323121141e-05, 0.000105465907836, 0.000268429721473, 0.000270990334684, 0.000177040565177, 0.000185225624591, 0.000229142373428, 0.000250533950748, 0.000112226574856, 4.7961166274e-05, 3.60649323738e-06],
        "dmean2": [0.0011237161234, 0.0109544303268, 0.00969317462295, 0.00960598140955, 0.0048287990503, 0.00627998821437, 0.00229047704488, 0.00226849340834, 0.00112015311606, 0.000607408233918, 0.000530091812834, 0.000562218017876, 0.000361064856406, 0.000232620426686, 0.000140857431688, 0.000147938160808, 0.00012577821326, 0.000171099018189, 0.000433244917076, 0.000431502587162, 0.000278243474895, 0.000291358039249, 0.000366604945157, 0.000421960401582, 0.00018324724806, 8.00514753792e-05, 6.02223553869e-06],
        "dvar": [1.14941383345e-06, 0.000212573228055, 0.000211159218452, 0.000164984710864, 3.72108770534e-05, 4.8390833399e-05, 6.7081036832e-06, 9.56822532316e-06, 2.59990156337e-06, 1.06242157472e-06, 6.26092571565e-07, 8.80938159753e-07, 2.16159989463e-07, 1.56294447606e-07, 9.74369243067e-08, 4.86824518475e-08, 4.56709194907e-08, 1.14281228036e-07, 3.61213238875e-07, 3.16068621942e-07, 1.13739538676e-07, 1.20187038988e-07, 1.31373155909e-07, 2.14927126763e-07, 3.77315636513e-08, 9.18133746808e-09, 1.39414785272e-10],
        "dvar2": [2.70558575721e-06, 0.000414673471823, 0.00050544802798, 0.000468585203635, 0.00010611480684, 9.93185603875e-05, 1.6379128283e-05, 2.43209797191e-05, 5.46305818716e-06, 2.2303077003e-06, 1.75205707365e-06, 2.13225462176e-06, 4.68443658974e-07, 4.15294977074e-07, 2.27768154559e-07, 1.19322194791e-07, 1.05830253005e-07, 2.93284045938e-07, 8.60975546857e-07, 7.22567676803e-07, 2.63674536427e-07, 2.8624046422e-07, 3.22239969819e-07, 5.5993046999e-07, 9.28645889076e-08, 2.37816077941e-08, 3.53100299e-10],
        "max": [0.0162387304008, 0.117012053728, 0.108108781278, 0.0916049033403, 0.051550552249, 0.0820085778832, 0.0342063158751, 0.0308684036136, 0.0230310894549, 0.0175709053874, 0.0125640658662, 0.0145882451907, 0.00607559690252, 0.00687425071374, 0.00650334497914, 0.0032430649735, 0.00231732241809, 0.00348897720687, 0.00700333621353, 0.00582431768999, 0.00400480814278, 0.00359833659604, 0.00297814491205, 0.00382771715522, 0.00152582186274, 0.000891677220352, 0.000188071702723],
        "mean": [0.00267833913676, 0.0180852636695, 0.00628168601543, 0.00484709907323, 0.00283325463533, 0.00550150033087, 0.00122889468912, 0.00109553383663, 0.000850987271406, 0.000402425706852, 0.000347910943674, 0.000334205309628, 0.000214634390431, 0.000135822949233, 0.00010588888108, 0.000101548488601, 8.68729184731e-05, 9.5457493444e-05, 0.000264743110165, 0.000310216244543, 0.000200602778932, 0.000209699195693, 0.000245687726419, 0.000244789349381, 0.000119489821373, 4.63844007754e-05, 3.09957363243e-06],
        "median": [0.000345545995515, 0.0128804584965, 0.00165203888901, 0.00143460556865, 0.00124571460765, 0.00137667835224, 0.000261148612481, 0.000142162069096, 0.000259977590758, 0.000109951346531, 0.000127300620079, 7.67491146689e-05, 5.14480598213e-05, 3.24613683915e-05, 2.28088138101e-05, 2.68004623649e-05, 2.253573075e-05, 1.42823573697e-05, 3.26271510858e-05, 3.49482870661e-05, 4.30466025136e-05, 6.39737190795e-05, 7.40438335924e-05, 6.44059764454e-05, 3.70070847566e-05, 1.5955984054e-05, 3.14567131454e-07],
        "min": [3.1710895021e-10, 5.0495238213e-08, 1.82189751285e-07, 1.44577228411e-07, 1.44881724395e-07, 6.95097313042e-08, 4.29752660125e-08, 3.84075971027e-09, 9.44199207709e-09, 1.79475434514e-09, 1.25799659578e-09, 8.99996355219e-10, 1.26064203521e-09, 1.93810878457e-09, 6.81738310249e-09, 1.09225861689e-09, 2.33949015715e-09, 1.34493083337e-09, 6.07907821304e-11, 2.43379344456e-10, 2.64931548921e-10, 8.05583932895e-10, 2.13841078178e-09, 1.8404783253e-09, 3.11139058962e-10, 2.51506204751e-10, 1.25091907319e-11],
        "stdev": [0.00408333865926, 0.0233044084162, 0.0138751082122, 0.0103082433343, 0.00505918404087, 0.0101158730686, 0.00254275789484, 0.00283002667129, 0.00187980849296, 0.00115555943921, 0.000750169681851, 0.000958558637649, 0.00050986505812, 0.000375546165742, 0.000408728170441, 0.00024066939659, 0.000223744122195, 0.000311929470627, 0.000627354253083, 0.000671633111779, 0.00036963072489, 0.000377603137167, 0.000401978060836, 0.000452242267784, 0.000205382413696, 8.97807913134e-05, 1.14323474918e-05],
        "var": [1.66736554092e-05, 0.00054309546249, 0.00019251863705, 0.000106259882159, 2.55953455053e-05, 0.000102330886875, 6.46561738904e-06, 8.00905127107e-06, 3.53367977368e-06, 1.33531750635e-06, 5.62754564726e-07, 9.18834643926e-07, 2.5996240538e-07, 1.41034917078e-07, 1.67058715306e-07, 5.79217598329e-08, 5.00614305565e-08, 9.72999885107e-08, 3.93573373003e-07, 4.51091040077e-07, 1.36626880476e-07, 1.42584127616e-07, 1.61586356739e-07, 2.04523061598e-07, 4.21819343899e-08, 8.06059041736e-09, 1.30698563083e-10]
    },
    "erbbands": {
        "dmean": [0.221169933677, 1.98153054714, 5.60014247894, 13.7980604172, 13.0190887451, 8.34220981598, 15.4214363098, 43.4015350342, 20.7872123718, 27.6018886566, 21.9236717224, 18.3324966431, 13.0260801315, 10.6894102097, 13.6315498352, 13.7651424408, 10.2493724823, 7.89898252487, 4.84735298157, 4.91556453705, 4.80107688904, 4.34733486176, 5.44157123566, 9.11304950714, 15.4219932556, 13.153968811, 6.91747760773, 7.47236585617, 6.70519685745, 6.47841501236, 6.75259542465, 6.57621860504, 3.37022447586, 1.4327237606, 0.767850399017, 0.291727095842, 0.0730146616697, 0.0129885021597, 0.000402078119805, 2.33185401157e-05],
        "dmean2": [0.340010404587, 2.40986323357, 8.07773303986, 23.7226963043, 22.6688690186, 14.6630067825, 25.1401367188, 67.1841506958, 34.3845062256, 45.1870918274, 37.6178627014, 28.6628227234, 20.7567176819, 17.0554924011, 22.3354949951, 22.6549263, 16.7497425079, 13.1289014816, 7.97077178955, 7.68056201935, 7.60708665848, 6.86504745483, 8.77995491028, 14.561498642, 24.8235054016, 20.8583278656, 10.7901763916, 11.7812566757, 10.6586055756, 10.1476459503, 11.0839290619, 11.1073360443, 5.62355804443, 2.3388531208, 1.27887237072, 0.491256028414, 0.121871337295, 0.0213672742248, 0.000660232035443, 3.41929044225e-05],
        "dvar": [0.129612788558, 14.087805748, 150.813293457, 1081.39160156, 837.718078613, 344.379089355, 581.892272949, 6815.93017578, 1714.62536621, 3190.86938477, 2914.25878906, 1890.73010254, 1274.57739258, 616.203979492, 1126.3737793, 1399.87341309, 465.782653809, 331.142608643, 313.617706299, 213.47833252, 127.099708557, 140.884765625, 331.34765625, 504.890106201, 1131.67333984, 736.711425781, 194.532913208, 195.778015137, 188.16242981, 111.834991455, 130.915023804, 156.647247314, 37.2614746094, 6.11342382431, 2.12644028664, 0.363664418459, 0.0203798655421, 0.00132386700716, 1.38077484735e-06, 8.46169023738e-10],
        "dvar2": [0.331215113401, 24.1073226929, 316.455780029, 2918.21435547, 2335.19067383, 974.383422852, 1379.72961426, 13826.9775391, 4289.84375, 7565.71337891, 7553.06640625, 4187.94189453, 2830.80151367, 1383.18322754, 2848.38354492, 3402.7722168, 1045.5637207, 846.940063477, 771.249938965, 500.493560791, 304.016723633, 325.787750244, 839.530761719, 1167.85180664, 2690.58398438, 1658.4810791, 443.90032959, 456.808380127, 461.4034729, 260.433013916, 331.232849121, 415.812744141, 94.4083709717, 14.8408889771, 5.44680500031, 0.957854509354, 0.0521051064134, 0.00334121636115, 3.42165208167e-06, 1.88225590669e-09],
        "max": [3.1106107235, 28.9759483337, 96.5874862671, 242.089706421, 223.234313965, 164.475753784, 218.329421997, 1043.84057617, 548.316101074, 676.507385254, 652.137023926, 698.869567871, 569.19152832, 442.255371094, 408.638519287, 518.449401855, 270.352172852, 263.722717285, 330.485656738, 318.675842285, 165.166152954, 129.896118164, 206.103851318, 302.230865479, 319.835083008, 278.184753418, 144.647384644, 157.908370972, 158.476242065, 100.399093628, 85.4371948242, 113.323608398, 53.4756469727, 22.1754951477, 15.984372139, 6.51943254471, 1.39744138718, 0.697066664696, 0.019015179947, 0.000453834654763],
        "mean": [0.65630543232, 3.5022046566, 7.26457595825, 12.7045946121, 13.3038330078, 8.26383018494, 18.673620224, 55.9555549622, 20.6428222656, 25.7981739044, 19.6535301208, 21.824306488, 14.0894765854, 12.2111644745, 15.136341095, 13.9987926483, 10.5180044174, 7.96971654892, 5.57594585419, 5.74632501602, 5.35811567307, 4.95028877258, 5.18597364426, 9.22908592224, 15.4893283844, 15.249712944, 7.75891685486, 8.55198097229, 7.33348655701, 7.74776506424, 6.81499862671, 6.0567741394, 3.4500181675, 1.54312193394, 0.768514990807, 0.271957695484, 0.0711653456092, 0.0126240476966, 0.000402204866987, 6.52844755678e-05],
        "median": [0.57142663002, 1.06347227097, 2.64137792587, 4.3208398819, 5.16149568558, 3.52854943275, 6.31718206406, 10.9109172821, 6.12018966675, 4.5008649826, 3.60870099068, 7.01027345657, 3.90273499489, 3.92450261116, 5.05532550812, 3.60848426819, 2.80226421356, 2.08719348907, 1.43436098099, 1.41246402264, 1.65251910686, 1.3089607954, 1.00294601917, 1.30535006523, 2.19084095955, 1.68423461914, 1.69681739807, 1.89401090145, 1.99834597111, 2.75740432739, 1.86504769325, 1.28579926491, 0.95856231451, 0.480485111475, 0.22381901741, 0.0855485498905, 0.0235012900084, 0.00319106085226, 0.000108208216261, 6.09102899034e-05],
        "min": [2.75828210761e-06, 3.562429265e-05, 0.000185714583495, 0.000391442707041, 0.000511627527885, 0.000454435299616, 0.000417309551267, 0.000627119152341, 0.000723175413441, 0.000322015519487, 9.6019168268e-05, 0.000213587059989, 0.000127537627122, 4.47815837106e-05, 3.89199049096e-05, 4.06071885664e-05, 5.41475674254e-05, 8.93725955393e-05, 0.000280660111457, 0.000214811952901, 6.72697206028e-05, 0.000145891754073, 0.000100125034805, 7.97287430032e-06, 5.106547178e-06, 1.29396994453e-05, 9.92343211692e-06, 1.18539965115e-05, 1.92842107936e-05, 3.0089282518e-05, 6.15123499301e-05, 7.26511061657e-05, 1.25688575281e-05, 4.52393942396e-06, 1.70350676854e-06, 1.35797813527e-06, 3.56694187076e-07, 5.00642016732e-08, 8.44126724076e-09, 1.83172610413e-09],
        "stdev": [0.666734933853, 5.93978118896, 13.7758636475, 27.5306091309, 24.9884204865, 15.5902118683, 29.0175228119, 115.686958313, 40.6122398376, 57.1608772278, 49.4495582581, 48.459072113, 39.008102417, 27.9413452148, 33.4954795837, 38.1066169739, 23.422498703, 18.119934082, 19.9522438049, 18.6147670746, 11.9159259796, 12.6567878723, 16.8944034576, 24.1788692474, 34.3795585632, 33.2020797729, 16.160867691, 15.4664678574, 14.2418794632, 12.4537324905, 11.8797664642, 11.8034286499, 6.22052621841, 2.6642563343, 1.43733203411, 0.543297827244, 0.138712868094, 0.0355084091425, 0.00117997417692, 4.40482617705e-05],
        "var": [0.444535434246, 35.28099823, 189.774429321, 757.934387207, 624.421142578, 243.054718018, 842.016601562, 13383.4726562, 1649.35388184, 3267.36572266, 2445.25878906, 2348.28149414, 1521.63208008, 780.71875, 1121.94726562, 1452.11425781, 548.61340332, 328.33203125, 398.092010498, 346.50958252, 141.98928833, 160.194274902, 285.420837402, 584.617736816, 1181.95410156, 1102.37805176, 261.173614502, 239.211639404, 202.831130981, 155.095458984, 141.128860474, 139.32093811, 38.6949462891, 7.09826183319, 2.06592345238, 0.295172512531, 0.019241258502, 0.00126084708609, 1.39233907248e-06, 1.94024951661e-09]
    },
    "gfcc": {
        "mean": [-17.8807010651, 85.9564819336, -71.5573043823, 34.2180023193, -70.3786773682, 19.5534858704, -34.6359710693, 5.94437885284, -27.7027721405, 4.12759971619, -12.9184064865, 2.4209651947, -11.7327318192],
        "cov": [[5193.78027344, -1189.41064453, -621.6640625, 797.567687988, -556.496704102, -104.837150574, -255.205978394, 148.783325195, -59.9456138611, 264.989227295, 54.3370246887, 15.2899723053, -133.01902771], [-1189.41064453, 1737.703125, 201.322174072, -239.074661255, 595.481323242, -41.7446632385, 339.640655518, -30.8607845306, 198.973297119, -47.8614234924, 70.5134963989, -46.945350647, 119.697769165], [-621.6640625, 201.322174072, 1180.93884277, 403.092773438, 228.711105347, 261.022827148, 121.516921997, 79.3965606689, 156.6590271, -17.8095092773, 74.9666976929, 31.2736034393, 80.8000946045], [797.567687988, -239.074661255, 403.092773438, 1039.62646484, 208.996536255, 129.58253479, 58.0707244873, 86.1474609375, 174.461029053, 112.886489868, 159.829849243, 52.0486221313, 99.4297790527], [-556.496704102, 595.481323242, 228.711105347, 208.996536255, 803.902648926, 233.875869751, 163.941238403, 138.013793945, 207.811187744, 22.8253765106, 99.7612838745, 60.3731422424, 100.862281799], [-104.837150574, -41.7446632385, 261.022827148, 129.58253479, 233.875869751, 407.432525635, 68.5056304932, 129.376296997, 136.219619751, 4.97071123123, 70.1593551636, 63.2863235474, 70.7262420654], [-255.205978394, 339.640655518, 121.516921997, 58.0707244873, 163.941238403, 68.5056304932, 366.145233154, 108.745674133, 47.2860221863, 49.5274963379, 64.0294723511, 8.10811424255, 69.9748916626], [148.783325195, -30.8607845306, 79.3965606689, 86.1474609375, 138.013793945, 129.376296997, 108.745674133, 235.264480591, 76.9253463745, 25.6400356293, 47.8893318176, 31.7332649231, 33.6270751953], [-59.9456138611, 198.973297119, 156.6590271, 174.461029053, 207.811187744, 136.219619751, 47.2860221863, 76.9253463745, 250.916992188, 52.484790802, 64.4415054321, 56.337600708, 71.1837158203], [264.989227295, -47.8614234924, -17.8095092773, 112.886489868, 22.8253765106, 4.97071123123, 49.5274963379, 25.6400356293, 52.484790802, 177.078063965, 70.8619537354, 2.89803433418, 38.4465942383], [54.3370246887, 70.5134963989, 74.9666976929, 159.829849243, 99.7612838745, 70.1593551636, 64.0294723511, 47.8893318176, 64.4415054321, 70.8619537354, 151.403106689, 37.3330230713, 51.1241035461], [15.2899723053, -46.945350647, 31.2736034393, 52.0486221313, 60.3731422424, 63.2863235474, 8.10811424255, 31.7332649231, 56.337600708, 2.89803433418, 37.3330230713, 126.621238708, 36.8427734375], [-133.01902771, 119.697769165, 80.8000946045, 99.4297790527, 100.862281799, 70.7262420654, 69.9748916626, 33.6270751953, 71.1837158203, 38.4465942383, 51.1241035461, 36.8427734375, 124.175735474]],
        "icov": [[0.000396596005885, -0.000183577678399, 0.000306407484459, -0.000557880208362, 0.000421711680247, -0.000254540151218, 0.000351596885594, -0.000576184771489, 0.000288152252324, -0.000653213006444, 0.000304151180899, -0.000294298573863, 0.000608625472523], [-0.000183577678399, 0.00215919525363, -0.000438128481619, 0.00132131366991, -0.00162212876603, 0.0016512562288, -0.00176197139081, 0.00168869306799, -0.00215030065738, 0.00191713334061, -0.00155962631106, 0.00180324469693, -0.00139204144944], [0.000306407484459, -0.000438128481619, 0.00145377847366, -0.000982875470072, 0.000552366953343, -0.00100008235313, 0.000182412462891, -0.000424025463872, 0.000191493381863, -0.000183821612154, 0.000434595742263, -0.000192557999981, 0.000549933116417], [-0.000557880208362, 0.00132131366991, -0.000982875470072, 0.00271042436361, -0.00140376063064, 0.00134291569702, -0.00102811004035, 0.0013607244473, -0.00178225617856, 0.00131012056954, -0.00207053869963, 0.00128524575848, -0.00172864110209], [0.000421711680247, -0.00162212876603, 0.000552366953343, -0.00140376063064, 0.00329113006592, -0.00179439666681, 0.000977741554379, -0.00178232742473, 0.000652637681924, -0.00128385785501, 0.000906833040062, -0.00135181820951, 0.00111156026833], [-0.000254540151218, 0.0016512562288, -0.00100008235313, 0.00134291569702, -0.00179439666681, 0.00533763226122, -0.00105373188853, -3.66749773093e-05, -0.00245701079257, 0.00216826959513, -0.00193267932627, 0.000788696343079, -0.00196898239665], [0.000351596885594, -0.00176197139081, 0.000182412462891, -0.00102811004035, 0.000977741554379, -0.00105373188853, 0.00535420328379, -0.00310377310961, 0.00239301915281, -0.00238422793336, 0.000656819029246, -0.000965815328527, -0.000208537763683], [-0.000576184771489, 0.00168869306799, -0.000424025463872, 0.0013607244473, -0.00178232742473, -3.66749773093e-05, -0.00310377310961, 0.00788668449968, -0.00250048818998, 0.00191508722492, -0.00163545669056, 0.00111314677633, -0.000793252547737], [0.000288152252324, -0.00215030065738, 0.000191493381863, -0.00178225617856, 0.000652637681924, -0.00245701079257, 0.00239301915281, -0.00250048818998, 0.00897326041013, -0.0035035694018, 0.00176704360638, -0.00320295710117, 4.55133704236e-05], [-0.000653213006444, 0.00191713334061, -0.000183821612154, 0.00131012056954, -0.00128385785501, 0.00216826959513, -0.00238422793336, 0.00191508722492, -0.0035035694018, 0.0103455316275, -0.0048183389008, 0.00310660665855, -0.00297705549747], [0.000304151180899, -0.00155962631106, 0.000434595742263, -0.00207053869963, 0.000906833040062, -0.00193267932627, 0.000656819029246, -0.00163545669056, 0.00176704360638, -0.0048183389008, 0.0119786532596, -0.00321929971687, 0.000143621087773], [-0.000294298573863, 0.00180324469693, -0.000192557999981, 0.00128524575848, -0.00135181820951, 0.000788696343079, -0.000965815328527, 0.00111314677633, -0.00320295710117, 0.00310660665855, -0.00321929971687, 0.0114027243108, -0.00324920169078], [0.000608625472523, -0.00139204144944, 0.000549933116417, -0.00172864110209, 0.00111156026833, -0.00196898239665, -0.000208537763683, -0.000793252547737, 4.55133704236e-05, -0.00297705549747, 0.000143621087773, -0.00324920169078, 0.013424708508]]
    },
    "melbands": {
        "dmean": [0.00208177580498, 0.00224082963541, 0.00226152851246, 0.000688727304805, 0.000491719285492, 0.000890546536539, 0.000315595971188, 0.000313111610012, 0.000156138936291, 0.000115228038339, 6.40520011075e-05, 4.37987291662e-05, 4.61494164483e-05, 4.00812314183e-05, 3.08745911752e-05, 1.9781260562e-05, 1.46320653585e-05, 8.14695431473e-06, 7.06574883225e-06, 6.57188775222e-06, 5.72803628529e-06, 4.41560405307e-06, 5.0820767683e-06, 5.0236608331e-06, 7.55153087084e-06, 1.20921567941e-05, 1.11351328087e-05, 8.50043852552e-06, 4.25278358307e-06, 4.37402786702e-06, 4.45690102424e-06, 3.73881039195e-06, 3.92252013626e-06, 3.75663671548e-06, 3.63070080311e-06, 4.26395945397e-06, 4.11919882026e-06, 2.55183590525e-06, 1.74567230715e-06, 1.06918980691e-06],
        "dmean2": [0.00300707854331, 0.00280061666854, 0.00378499412909, 0.00121059687808, 0.000798617198598, 0.00137247832026, 0.000521036505233, 0.000510496029165, 0.000268425152171, 0.000181095238077, 0.000102054844319, 7.01124154148e-05, 7.70504339016e-05, 6.47049382678e-05, 5.19360073667e-05, 3.21752195305e-05, 2.47484476859e-05, 1.35403925015e-05, 1.1045739484e-05, 1.04500413727e-05, 9.29304678721e-06, 7.10387394065e-06, 8.16437750473e-06, 8.30348199088e-06, 1.20910617625e-05, 1.94953245227e-05, 1.80588758667e-05, 1.32844534164e-05, 6.67303083901e-06, 6.96130882716e-06, 7.07511981091e-06, 6.00232624492e-06, 6.25595839665e-06, 5.8954551605e-06, 5.92894866713e-06, 7.11286020305e-06, 7.08925699655e-06, 4.29058673035e-06, 2.80784183815e-06, 1.77384049493e-06],
        "dvar": [1.25321084852e-05, 1.73954231286e-05, 2.53001180681e-05, 2.43541853706e-06, 5.74286673327e-07, 2.64118352789e-06, 3.57519809313e-07, 4.0726169459e-07, 1.40182876862e-07, 7.86403120401e-08, 3.21458379915e-08, 1.12318847556e-08, 1.38193083643e-08, 1.39819897882e-08, 5.60843282926e-09, 1.93178073538e-09, 1.31710820028e-09, 1.02389696721e-09, 5.93752436107e-10, 3.01386526846e-10, 1.88106905052e-10, 1.36405400863e-10, 2.75537093142e-10, 2.75491268686e-10, 4.02710892411e-10, 7.75843833623e-10, 6.01362126762e-10, 3.43744477327e-10, 8.7600517118e-11, 9.20303555585e-11, 6.27848814605e-11, 6.03702018931e-11, 5.36041731836e-11, 3.75017274179e-11, 3.66231246718e-11, 5.98332772217e-11, 6.60815221987e-11, 2.16250073404e-11, 9.62254061154e-12, 3.52502922685e-12],
        "dvar2": [2.73992209259e-05, 2.67851282842e-05, 6.71004818287e-05, 6.94289201419e-06, 1.40579084018e-06, 5.35922526979e-06, 8.81406890585e-07, 9.81654807219e-07, 3.66743194036e-07, 1.76630976512e-07, 7.0804510699e-08, 2.47462619285e-08, 3.73715458579e-08, 3.39509789171e-08, 1.35158719772e-08, 4.32523350469e-09, 3.4699942919e-09, 2.60293475662e-09, 1.35587907568e-09, 7.40809691369e-10, 4.55082083128e-10, 3.18501613972e-10, 6.55228926671e-10, 7.28295423968e-10, 9.36817401431e-10, 1.91813742667e-09, 1.43425260557e-09, 7.74359076861e-10, 2.02001165794e-10, 2.25019405886e-10, 1.45231271453e-10, 1.49262491256e-10, 1.27777177727e-10, 8.88766768514e-11, 9.13720279994e-11, 1.51158183193e-10, 1.78600287337e-10, 5.56498111481e-11, 2.35735701792e-11, 8.61054456902e-12],
        "max": [0.0283391065896, 0.0370511077344, 0.0363777801394, 0.0130858123302, 0.00619699200615, 0.0201445072889, 0.00721099274233, 0.00750596821308, 0.00438196025789, 0.00450661871582, 0.00294568063691, 0.00199036067352, 0.00176669843495, 0.00215076142922, 0.00093052216107, 0.000631482631434, 0.000539647298865, 0.000651778944302, 0.000554611906409, 0.000278734922176, 0.000163489865372, 0.000117456991575, 0.000207314544241, 0.000171233143192, 0.000282898574369, 0.000308317510644, 0.000268815783784, 0.000227948810789, 0.000136678369017, 0.000132162997033, 7.73121064412e-05, 8.69575742399e-05, 7.07058352418e-05, 7.00071250321e-05, 5.54437319806e-05, 5.90730378462e-05, 7.62496129028e-05, 4.15113172494e-05, 2.60118940787e-05, 1.82000494533e-05],
        "mean": [0.00553094130009, 0.00407481193542, 0.00225045904517, 0.000717502436601, 0.000601250329055, 0.00116269360296, 0.000305193272652, 0.000283366185613, 0.000145358193549, 0.000134880829137, 6.75890551065e-05, 4.91112768941e-05, 5.03658848174e-05, 3.91596477129e-05, 3.00657211483e-05, 2.01174880203e-05, 1.41681994137e-05, 8.81360301719e-06, 8.155060641e-06, 7.3020646596e-06, 6.00806788498e-06, 4.94992536915e-06, 4.99872385262e-06, 4.40511666966e-06, 7.46149999031e-06, 1.13728492579e-05, 1.16871024147e-05, 9.64776245382e-06, 4.63162541564e-06, 4.58180102214e-06, 5.02035027239e-06, 3.89884598917e-06, 4.31319631389e-06, 4.3166874093e-06, 3.69434565073e-06, 4.00183216698e-06, 3.63323306374e-06, 2.50839229921e-06, 1.83741394721e-06, 1.11306917461e-06],
        "median": [0.00495713949203, 0.00177764077671, 0.000873909797519, 0.000312632299028, 0.000218760062126, 0.000240572058829, 8.15516614239e-05, 4.33417008026e-05, 2.8727332392e-05, 4.12701847381e-05, 1.76637386176e-05, 1.52546581376e-05, 1.80458555405e-05, 9.83261452348e-06, 7.56990993978e-06, 4.95117092214e-06, 3.34061792273e-06, 2.11002361539e-06, 1.70218254425e-06, 1.84075872767e-06, 1.76213586656e-06, 1.29491104417e-06, 8.52735297485e-07, 6.81544065628e-07, 9.46120849221e-07, 1.27699649966e-06, 1.25615463276e-06, 9.89945760921e-07, 8.5335904032e-07, 9.41458210946e-07, 1.05108597381e-06, 8.70746589499e-07, 1.26323561744e-06, 1.46542413404e-06, 9.34198567393e-07, 7.46247280858e-07, 7.00252599017e-07, 6.42130032702e-07, 5.30107172381e-07, 3.3174364944e-07],
        "min": [1.64195146368e-08, 8.73968204473e-08, 7.11032015488e-08, 3.48356294921e-08, 1.5427090716e-08, 1.40557840922e-08, 1.05493898062e-08, 2.71070876856e-09, 8.12292344499e-10, 1.38305955577e-09, 5.92576876457e-10, 1.57563226355e-10, 1.54051493784e-10, 9.40432801078e-11, 1.03462710621e-10, 1.41045466973e-10, 1.55889176567e-10, 3.88280435581e-10, 5.21442611312e-10, 1.15556238189e-10, 6.62218960223e-11, 1.4682584315e-10, 1.40305517204e-10, 4.28610272274e-11, 2.06326036985e-12, 2.51798842194e-12, 6.70886826995e-12, 8.39492104304e-12, 5.96240071205e-12, 7.02239221634e-12, 6.56730182388e-12, 8.30359912773e-12, 2.06020096816e-11, 1.34691953771e-11, 2.1130753397e-11, 7.68243038629e-11, 3.1729143618e-11, 8.46951501987e-12, 6.66436914334e-12, 2.4647634194e-12],
        "stdev": [0.00600868882611, 0.0064332340844, 0.00437338510528, 0.00129386188928, 0.000895577482879, 0.00230688997544, 0.00059558841167, 0.00063613394741, 0.000349923619069, 0.000308384449454, 0.000196201595827, 0.000118990617921, 0.000111393339466, 0.000117001989565, 7.44975186535e-05, 4.7248260671e-05, 3.47125533153e-05, 3.33921452693e-05, 3.1773448427e-05, 1.9698698452e-05, 1.37244842335e-05, 1.235241416e-05, 1.64992816281e-05, 1.4761491002e-05, 2.15197978832e-05, 2.77912040474e-05, 2.58996624325e-05, 2.34538001678e-05, 1.10588280222e-05, 9.60088073043e-06, 8.97913741937e-06, 8.02193244454e-06, 7.92446007836e-06, 7.20199386706e-06, 6.49429330224e-06, 7.75669104769e-06, 7.38181461202e-06, 4.65730954602e-06, 3.32433614858e-06, 1.98427392206e-06],
        "var": [3.61043421435e-05, 4.13865018345e-05, 1.91264953173e-05, 1.67407847584e-06, 8.0205904851e-07, 5.32174135515e-06, 3.54725557372e-07, 4.04666423037e-07, 1.22446536466e-07, 9.51009653249e-08, 3.84950666898e-08, 1.41587674918e-08, 1.24084760245e-08, 1.36894655611e-08, 5.54988011103e-09, 2.23239826624e-09, 1.2049612419e-09, 1.11503528633e-09, 1.00955210858e-09, 3.88038712273e-10, 1.88361479192e-10, 1.52582127488e-10, 2.72226269304e-10, 2.1790161342e-10, 4.63101668124e-10, 7.72351016476e-10, 6.70792532631e-10, 5.5008070321e-10, 1.22297685867e-10, 9.21769049977e-11, 8.06249025875e-11, 6.43514061482e-11, 6.27970730971e-11, 5.18687141848e-11, 4.21758426794e-11, 6.01662608624e-11, 5.44911858691e-11, 2.16905330502e-11, 1.10512102941e-11, 3.93734263943e-12]
    },
    "melbands128": {
