{
"lowlevel": {
    "average_loudness": 0.9181625247,
    "barkbands_crest": {
        "dmean": 2.6259868145,
        "dmean2": 4.17843580246,
        "dvar": 5.80723524094,
        "dvar2": 13.7396993637,
        "max": 25.5882282257,
        "mean": 12.3915815353,
        "median": 11.6698379517,
        "min": 3.31315803528,
        "stdev": 4.54672718048,
        "var": 20.6727294922
    },
    "barkbands_flatness_db": {
        "dmean": 0.024760119617,
        "dmean2": 0.0355669073761,
        "dvar": 0.000521287089214,
        "dvar2": 0.00106214708649,
        "max": 0.35093703866,
        "mean": 0.168361529708,
        "median": 0.164957731962,
        "min": 0.0391103103757,
        "stdev": 0.0528166890144,
        "var": 0.00278960261494
    },
    "barkbands_kurtosis": {
        "dmean": 5.83317375183,
        "dmean2": 9.06174659729,
        "dvar": 73.0327987671,
        "dvar2": 165.477996826,
        "max": 118.585830688,
        "mean": 12.1270961761,
        "median": 9.15949440002,
        "min": -1.93501079082,
        "stdev": 13.54941082,
        "var": 183.586532593
    },
    "barkbands_skewness": {
        "dmean": 0.684003829956,
        "dmean2": 1.04723131657,
        "dvar": 0.527129888535,
        "dvar2": 1.13841557503,
        "max": 8.89540290833,
        "mean": 2.63056206703,
        "median": 2.53463602066,
        "min": -2.24428367615,
        "stdev": 1.44456136227,
        "var": 2.08675765991
    },
    "barkbands_spread": {
        "dmean": 6.00446605682,
        "dmean2": 8.7779045105,
        "dvar": 82.1200485229,
        "dvar2": 165.710845947,
        "max": 109.538322449,
        "mean": 17.0871200562,
        "median": 12.2951784134,
        "min": 1.16956436634,
        "stdev": 15.4714889526,
        "var": 239.366958618
    },
    "dissonance": {
        "dmean": 0.0249840579927,
        "dmean2": 0.0406287200749,
        "dvar": 0.000550571188796,
        "dvar2": 0.00137934484519,
        "max": 0.499271333218,
        "mean": 0.435254871845,
        "median": 0.441945672035,
        "min": 0.245437800884,
        "stdev": 0.0408772490919,
        "var": 0.00167094939388
    },
    "dynamic_complexity": 3.78775382042,
    "erbbands_crest": {
        "dmean": 3.39767456055,
        "dmean2": 5.4053273201,
        "dvar": 10.1927509308,
        "dvar2": 24.8248062134,
        "max": 31.5784111023,
        "mean": 12.3856830597,
        "median": 11.2529993057,
        "min": 2.44474554062,
        "stdev": 5.61274766922,
        "var": 31.5029373169
    },
    "erbbands_flatness_db": {
        "dmean": 0.018548278138,
        "dmean2": 0.0278872940689,
        "dvar": 0.000307991111185,
        "dvar2": 0.000668071501423,
        "max": 0.294564545155,
        "mean": 0.153166308999,
        "median": 0.15128839016,
        "min": 0.0688325539231,
        "stdev": 0.0385332666337,
        "var": 0.00148481258657
    },
    "erbbands_kurtosis": {
        "dmean": 2.19689512253,
        "dmean2": 3.37568902969,
        "dvar": 9.48233699799,
        "dvar2": 21.4711761475,
        "max": 40.2140426636,
        "mean": 2.95135211945,
        "median": 1.1530354023,
        "min": -1.77908301353,
        "stdev": 5.23558807373,
        "var": 27.4113845825
    },
    "erbbands_skewness": {
        "dmean": 0.523565769196,
        "dmean2": 0.778881072998,
        "dvar": 0.288660258055,
        "dvar2": 0.576305627823,
        "max": 5.62626934052,
        "mean": 1.18376719952,
        "median": 1.19046342373,
        "min": -2.92146587372,
        "stdev": 1.16674876213,
        "var": 1.36130261421
    },
    "erbbands_spread": {
        "dmean": 11.6901407242,
        "dmean2": 17.6764717102,
        "dvar": 158.388931274,
        "dvar2": 349.303710938,
        "max": 151.35786438,
        "mean": 42.742855072,
        "median": 38.657409668,
        "min": 4.41543531418,
        "stdev": 23.5877056122,
        "var": 556.379821777
    },
    "hfc": {
        "dmean": 6.56945085526,
        "dmean2": 9.74951076508,
        "dvar": 133.831329346,
        "dvar2": 300.233612061,
        "max": 217.634231567,
        "mean": 19.1845855713,
        "median": 16.5016136169,
        "min": 1.13807399733e-16,
        "stdev": 17.3918075562,
        "var": 302.474975586
    },
    "loudness_ebu128": {
        "integrated": -10.9060993195,
        "loudness_range": 2.62885951996,
        "momentary": {
            "dmean": 0.665420353413,
            "dmean2": 0.638264894485,
            "dvar": 0.576901257038,
            "dvar2": 0.564962387085,
            "max": -6.76416873932,
            "mean": -12.0967788696,
            "median": -10.779050827,
            "min": -29.9701061249,
            "stdev": 4.05369281769,
            "var": 16.4324245453
        },
        "short_term": {
            "dmean": 0.093727812171,
            "dmean2": 0.0649879351258,
            "dvar": 0.0102262059227,
            "dvar2": 0.00517020653933,
            "max": -9.74314880371,
            "mean": -11.3737068176,
            "median": -11.2863407135,
            "min": -15.7997522354,
            "stdev": 1.17548370361,
            "var": 1.38176202774
        }
    },
    "melbands_crest": {
        "dmean": 3.12198734283,
        "dmean2": 4.88289213181,
        "dvar": 8.3667383194,
        "dvar2": 19.6852970123,
        "max": 34.3756790161,
        "mean": 16.4381103516,
        "median": 15.5194778442,
        "min": 1.88779747486,
        "stdev": 5.2128367424,
        "var": 27.1736660004
    },
    "melbands_flatness_db": {
        "dmean": 0.0289058666676,
        "dmean2": 0.04020434618,
        "dvar": 0.000814778089989,
        "dvar2": 0.00158343021758,
        "max": 0.450453281403,
        "mean": 0.237046256661,
        "median": 0.234324589372,
        "min": 0.00578908529133,
        "stdev": 0.0678964778781,
        "var": 0.00460993219167
    },
    "melbands_kurtosis": {
        "dmean": 12.6832313538,
        "dmean2": 20.0367088318,
        "dvar": 367.92855835,
        "dvar2": 850.622497559,
        "max": 279.397369385,
        "mean": 28.8826828003,
        "median": 20.5196304321,
        "min": -1.64897918701,
        "stdev": 30.9179706573,
        "var": 955.920898438
    },
    "melbands_skewness": {
        "dmean": 0.946677386761,
        "dmean2": 1.4186463356,
        "dvar": 0.96103656292,
        "dvar2": 2.08646798134,
        "max": 12.8008670807,
        "mean": 3.64395570755,
        "median": 3.24086284637,
        "min": -0.0514689721167,
        "stdev": 2.10569739342,
        "var": 4.43396186829
    },
    "melbands_spread": {
        "dmean": 5.70332193375,
        "dmean2": 8.34685993195,
        "dvar": 143.624099731,
        "dvar2": 269.397155762,
        "max": 238.064086914,
        "mean": 14.9068641663,
        "median": 9.78366088867,
        "min": 0.90001386404,
        "stdev": 18.2466239929,
        "var": 332.939300537
    },
    "pitch_salience": {
        "dmean": 0.0686844438314,
        "dmean2": 0.109188385308,
        "dvar": 0.00425631273538,
        "dvar2": 0.0101128928363,
        "max": 0.786452770233,
        "mean": 0.472310692072,
        "median": 0.480061292648,
        "min": 0.142680227757,
        "stdev": 0.115496382117,
        "var": 0.0133394142613
    },
    "silence_rate_20dB": {
        "dmean": 0,
        "dmean2": 0,
        "dvar": 0,
        "dvar2": 0,
        "max": 1,
        "mean": 1,
        "median": 1,
        "min": 1,
        "stdev": 0,
        "var": 0
    },
    "silence_rate_30dB": {
        "dmean": 0.00464037107304,
        "dmean2": 0.00928792543709,
        "dvar": 0.00461876438931,
        "dvar2": 0.010749544017,
        "max": 1,
        "mean": 0.989953637123,
        "median": 1,
        "min": 0,
        "stdev": 0.0997276082635,
        "var": 0.00994559563696
    },
    "silence_rate_60dB": {
        "dmean": 0.0224284604192,
        "dmean2": 0.0441176481545,
        "dvar": 0.0219257213175,
        "dvar2": 0.0530066303909,
        "max": 1,
        "mean": 0.0788253471255,
        "median": 0,
        "min": 0,
        "stdev": 0.269461452961,
        "var": 0.0726094692945
    },
    "spectral_centroid": {
        "dmean": 258.155029297,
        "dmean2": 368.768463135,
        "dvar": 212382.09375,
        "dvar2": 314057.4375,
        "max": 11069.3320312,
        "mean": 960.158325195,
        "median": 749.040771484,
        "min": 207.231826782,
        "stdev": 711.778808594,
        "var": 506629.03125
    },
    "spectral_complexity": {
        "dmean": 3.57076573372,
        "dmean2": 5.65170288086,
        "dvar": 22.1011333466,
        "dvar2": 51.9157066345,
        "max": 49,
        "mean": 11.5502319336,
        "median": 10,
        "min": 0,
        "stdev": 6.73890829086,
        "var": 45.4128837585
    },
    "spectral_decrease": {
        "dmean": 2.30981456184e-09,
        "dmean2": 3.59391960636e-09,
        "dvar": 9.07049532906e-18,
        "dvar2": 2.22799609066e-17,
        "max": 6.35283820893e-29,
        "mean": -8.81650041862e-09,
        "median": -8.84627038289e-09,
        "min": -4.60274449665e-08,
        "stdev": 6.34267527388e-09,
        "var": 4.02295320448e-17
    },
    "spectral_energy": {
        "dmean": 0.00908834766597,
        "dmean2": 0.0141214290634,
        "dvar": 0.00013734010281,
        "dvar2": 0.000337471603416,
        "max": 0.176416262984,
        "mean": 0.0350156091154,
        "median": 0.0352294817567,
        "min": 1.00828962663e-20,
        "stdev": 0.0247557405382,
        "var": 0.000612846692093
    },
    "spectral_energyband_high": {
        "dmean": 0.000510581710842,
        "dmean2": 0.000741868163459,
        "dvar": 1.35975767535e-06,
        "dvar2": 2.88082082989e-06,
        "max": 0.0162316989154,
        "mean": 0.000896074110642,
        "median": 0.000464058917714,
        "min": 7.3568870147e-21,
        "stdev": 0.00152570812497,
        "var": 2.32778529607e-06
    },
    "spectral_energyband_low": {
        "dmean": 0.00355882709846,
        "dmean2": 0.00579584855586,
        "dvar": 6.01680658292e-05,
        "dvar2": 0.000157484726515,
        "max": 0.154818803072,
        "mean": 0.011167251505,
        "median": 0.00344137987122,
        "min": 5.59942242659e-23,
        "stdev": 0.0157377906144,
        "var": 0.000247678050073
    },
    "spectral_energyband_middle_high": {
        "dmean": 0.000880222127307,
        "dmean2": 0.00130639981944,
        "dvar": 2.19396315515e-06,
        "dvar2": 4.78310130347e-06,
        "max": 0.027187384665,
        "mean": 0.00219934876077,
        "median": 0.00131599989254,
        "min": 1.35587302029e-21,
        "stdev": 0.00285472325049,
        "var": 8.14944542071e-06
    },
    "spectral_energyband_middle_low": {
        "dmean": 0.0073832445778,
        "dmean2": 0.0114449970424,
        "dvar": 0.000103940241388,
        "dvar2": 0.000248422758887,
        "max": 0.102917172015,
        "mean": 0.0218434538692,
        "median": 0.0221537724137,
        "min": 2.78232099552e-22,
        "stdev": 0.01779730618,
        "var": 0.000316744117299
    },
    "spectral_entropy": {
        "dmean": 0.234819233418,
        "dmean2": 0.32208609581,
        "dvar": 0.0579378940165,
        "dvar2": 0.105300292373,
        "max": 9.80813026428,
        "mean": 7.38555431366,
        "median": 7.40198326111,
        "min": 5.49842357635,
        "stdev": 0.508329570293,
        "var": 0.2583989501
    },
    "spectral_flux": {
        "dmean": 0.0265504103154,
        "dmean2": 0.0415896102786,
        "dvar": 0.000916737772059,
        "dvar2": 0.00216002203524,
        "max": 0.306950896978,
        "mean": 0.07641338557,
        "median": 0.0662053376436,
        "min": 1.00413628801e-10,
        "stdev": 0.0474799945951,
        "var": 0.00225434987806
    },
    "spectral_kurtosis": {
        "dmean": 1.16056072712,
        "dmean2": 1.76037502289,
        "dvar": 2.08315420151,
        "dvar2": 4.74779462814,
        "max": 21.1176776886,
        "mean": 3.54175376892,
        "median": 3.05511450768,
        "min": -1.3127450943,
        "stdev": 2.37370038033,
        "var": 5.6344537735
    },
    "spectral_rms": {
        "dmean": 0.000743026728742,
        "dmean2": 0.00111911830027,
        "dvar": 7.28696761598e-07,
        "dvar2": 1.65353480952e-06,
        "max": 0.0131192011759,
        "mean": 0.00535483984277,
        "median": 0.00586261227727,
        "min": 3.13639478972e-12,
        "stdev": 0.00234249792993,
        "var": 5.48729667571e-06
    },
    "spectral_rolloff": {
        "dmean": 471.349914551,
        "dmean2": 777.730957031,
        "dvar": 1648803.25,
        "dvar2": 3080438.25,
        "max": 19616.7480469,
        "mean": 1018.78198242,
        "median": 559.86328125,
        "min": 64.599609375,
        "stdev": 1663.75646973,
        "var": 2768085.75
    },
    "spectral_skewness": {
        "dmean": 0.241520270705,
        "dmean2": 0.329241901636,
        "dvar": 0.064811386168,
        "dvar2": 0.11615383625,
        "max": 3.73466396332,
        "mean": 1.55604815483,
        "median": 1.53137254715,
        "min": 0.000494259584229,
        "stdev": 0.510069549084,
        "var": 0.260170966387
    },
    "spectral_spread": {
        "dmean": 689235.25,
        "dmean2": 988883.4375,
        "dvar": 1.62556320154e+12,
        "dvar2": 2.22117101568e+12,
        "max": 40638144,
        "mean": 5951531.5,
        "median": 5781324,
        "min": 2810802.25,
        "stdev": 1883322.5,
        "var": 3.54690374042e+12
    },
    "spectral_strongpeak": {
        "dmean": 0.455108851194,
        "dmean2": 0.744086265564,
        "dvar": 0.451142221689,
        "dvar2": 1.05261230469,
        "max": 6.63650751114,
        "mean": 1.17716038227,
        "median": 0.787694215775,
        "min": 0,
        "stdev": 1.11077201366,
        "var": 1.23381459713
    },
    "zerocrossingrate": {
        "dmean": 0.0123116355389,
        "dmean2": 0.0138891832903,
        "dvar": 0.00043337335228,
        "dvar2": 0.000464247714262,
        "max": 0.505859375,
        "mean": 0.053379252553,
        "median": 0.04443359375,
        "min": 0.0048828125,
        "stdev": 0.0403540357947,
        "var": 0.00162844825536
    },
    "barkbands": {
        "dmean": [8.70402145665e-05, 0.00240792590193, 0.00128677207977, 0.0012612977298, 0.00373918819241, 0.00214816490188, 0.0011249918025, 0.00182907411363, 0.00106092228089, 0.000549092714209, 0.000172347630723, 8.8876382506e-05, 0.000118258438306, 0.000132708562887, 0.00010088441195, 8.90306546353e-05, 8.25316892588e-05, 9.50585381361e-05, 9.25824278966e-05, 0.000113150206744, 0.000141335010994, 7.98674227553e-05, 8.37435873109e-05, 9.78194948402e-05, 0.00010142334213, 4.51132327726e-05, 5.06727974425e-06],
        "dmean2": [0.000120101154607, 0.00379321258515, 0.00207826518454, 0.00200905418023, 0.0055833067745, 0.00327751180157, 0.00171988259535, 0.00277781952173, 0.00149654678535, 0.000861725478899, 0.000261823035544, 0.000144719684613, 0.000191082901438, 0.000201569942874, 0.000159449627972, 0.000138846269692, 0.000137020731927, 0.000149901374243, 0.000151071057189, 0.000173452106537, 0.000217257707845, 0.000119248114061, 0.0001253613882, 0.000150656560436, 0.000158156966791, 6.82391837472e-05, 8.15386101749e-06],
        "dvar": [2.64400227934e-07, 4.2466494051e-05, 8.48421041155e-06, 7.46003797758e-06, 3.97821822844e-05, 3.17955637001e-05, 1.19375563372e-05, 2.11793230847e-05, 8.21903358883e-06, 2.47488378591e-06, 2.26462219644e-07, 8.0056267393e-08, 1.0386866478e-07, 1.65168884791e-07, 9.38606419254e-08, 9.19072320471e-08, 9.51777892055e-08, 4.66675160737e-08, 3.54895703936e-08, 4.88848250768e-08, 8.47372660928e-08, 1.90764790631e-08, 4.80239386036e-08, 8.32568147757e-08, 1.34081162173e-07, 3.08460776921e-08, 3.17705944886e-10],
        "dvar2": [5.47982438093e-07, 0.00010381671018, 1.864951264e-05, 1.97618919628e-05, 8.79542931216e-05, 7.63595598983e-05, 2.76699865935e-05, 5.34166501893e-05, 1.6035468434e-05, 5.45488182979e-06, 4.15543723875e-07, 1.94343868998e-07, 2.51110407135e-07, 3.15513460691e-07, 1.84522534141e-07, 1.90186412397e-07, 2.69684079512e-07, 1.10520019803e-07, 8.73248637845e-08, 1.09044464125e-07, 1.98239320071e-07, 4.19766656989e-08, 1.0622353841e-07, 1.82963162842e-07, 2.71698382903e-07, 7.81478490808e-08, 8.29909752031e-10],
        "max": [0.0177869591862, 0.151509255171, 0.0566016882658, 0.0342893972993, 0.0923713073134, 0.0831694304943, 0.0521759465337, 0.0530653968453, 0.0603495724499, 0.0400598272681, 0.012685880065, 0.00578599981964, 0.00640002125874, 0.0133040258661, 0.0121934581548, 0.00924184266478, 0.0071927877143, 0.00399777945131, 0.00251116137952, 0.00341103342362, 0.00355284428224, 0.00219417666085, 0.00374421803281, 0.00508763920516, 0.0082618072629, 0.00312565849163, 0.000315173325362],
        "mean": [0.000137534429086, 0.00657185819, 0.00358215114102, 0.00194571830798, 0.00869446434081, 0.00393386045471, 0.00165105122142, 0.00290141208097, 0.00220935349353, 0.00083717959933, 0.000335736054694, 0.000139975425554, 0.000200260939891, 0.000192829713342, 0.000155966161401, 0.000120833872643, 0.000121994540677, 0.000156877926202, 0.000152852662723, 0.000157971167937, 0.00017211298109, 0.000124770318507, 0.000135502996272, 0.000151366300997, 0.00015269042342, 7.28105878807e-05, 6.50801803204e-06],
        "median": [1.04529260625e-06, 0.000643086154014, 0.00138307677116, 0.000819773878902, 0.00321423751302, 0.00052471208619, 0.000278389023151, 0.000248723139521, 0.000252014520811, 0.000282342894934, 6.35362957837e-05, 3.60102931154e-05, 3.95382230636e-05, 4.67601639684e-05, 6.54580944683e-05, 4.76941931993e-05, 5.1873998018e-05, 5.79584120715e-05, 7.30572792236e-05, 6.24556123512e-05, 4.74761909572e-05, 4.72874817206e-05, 6.41621809336e-05, 5.76490565436e-05, 5.14407656738e-05, 2.55276099779e-05, 1.20124923342e-06],
        "min": [1.15412448804e-23, 1.35183653894e-23, 2.98976768466e-23, 8.63285277349e-24, 1.9260917792e-23, 6.71881542001e-23, 5.0344077452e-23, 2.89103669366e-23, 7.22133748712e-23, 7.53966684375e-23, 2.33896658864e-23, 5.31639617319e-23, 9.83784143498e-23, 1.42170266766e-22, 1.10342581761e-22, 2.13547651026e-22, 1.08129366227e-22, 2.09628943458e-22, 2.63815256302e-22, 4.58926205608e-22, 2.65672449443e-22, 4.71308267351e-22, 5.04718710254e-22, 8.23908341788e-22, 1.27464230894e-21, 1.70229105056e-21, 2.28792401903e-21],
        "stdev": [0.000832234858535, 0.0125596094877, 0.00542330509052, 0.00323022389784, 0.011120242998, 0.00802423339337, 0.00403796834871, 0.00684759300202, 0.00585268251598, 0.00194309139624, 0.000834878941532, 0.000401968893129, 0.000510609825142, 0.000686444924213, 0.000529749842826, 0.000364813255146, 0.000296570360661, 0.000312552234391, 0.000243720816798, 0.000285738962702, 0.000330970156938, 0.000192936611711, 0.000261508335825, 0.0003559559118, 0.0004691768263, 0.000184329575859, 1.80645401997e-05],
        "var": [6.92614833042e-07, 0.00015774377971, 2.94122382911e-05, 1.04343471321e-05, 0.000123659803648, 6.43883176963e-05, 1.63051900017e-05, 4.68895268568e-05, 3.42538914992e-05, 3.77560400011e-06, 6.97022812801e-07, 1.61578981306e-07, 2.6072240189e-07, 4.71206618613e-07, 2.80634878891e-07, 1.33088704501e-07, 8.79539854282e-08, 9.76888969717e-08, 5.93998379372e-08, 8.16467604636e-08, 1.0954125429e-07, 3.72245345659e-08, 6.83866048234e-08, 1.26704620129e-07, 2.20126892714e-07, 3.39773933433e-08, 3.26327603828e-10]
    },
    "erbbands": {
        "dmean": [0.0467242226005, 0.631278991699, 1.56339979172, 2.61784100533, 6.3171172142, 14.5703001022, 20.4319324493, 16.1670856476, 14.4832649231, 28.4295692444, 34.8516731262, 27.0088176727, 21.3047809601, 8.25174999237, 6.31151771545, 3.48989725113, 5.17060089111, 6.18124055862, 4.82518196106, 5.47345256805, 4.68672037125, 3.94965004921, 4.53082752228, 5.61660766602, 4.6947889328, 5.30017757416, 7.43339204788, 3.34557390213, 2.95276212692, 2.4699203968, 2.47841453552, 2.2730512619, 1.58350408077, 1.27493488789, 0.665154337883, 0.235721454024, 0.0822678133845, 0.0155460983515, 0.000498836976476, 1.90283280972e-05],
        "dmean2": [0.0654905065894, 1.01292979717, 2.50972652435, 4.22881126404, 9.61657047272, 21.3158416748, 30.283657074, 24.3853378296, 22.1066226959, 43.1571235657, 53.2471389771, 37.9355926514, 32.8328971863, 12.610294342, 9.67961215973, 5.58914613724, 8.14333248138, 9.24611377716, 7.63828325272, 8.45073604584, 7.5230178833, 6.52612686157, 7.3529624939, 9.20585632324, 7.42623567581, 8.00894451141, 11.7150917053, 4.91346883774, 4.42987680435, 3.73298001289, 3.76788163185, 3.5082962513, 2.37435507774, 2.01424264908, 1.04011166096, 0.356408655643, 0.125569432974, 0.0240351650864, 0.000764555647038, 2.91186079266e-05],
        "dvar": [0.0262059662491, 2.70929574966, 9.91610336304, 42.169380188, 194.826385498, 805.128356934, 2649.05541992, 2724.47729492, 2947.0559082, 3953.56079102, 10818.9638672, 6258.84179688, 4302.75585938, 368.372253418, 234.587585449, 83.6260757446, 172.619995117, 396.283721924, 84.8920135498, 350.180999756, 199.48324585, 319.131530762, 137.673873901, 129.41506958, 100.238891602, 106.438453674, 255.99710083, 39.4233360291, 27.7180767059, 25.6825237274, 47.3969764709, 40.0476646423, 30.3974494934, 24.4044284821, 4.80825662613, 0.717242598534, 0.105061650276, 0.00312801054679, 2.92264326163e-06, 1.91492266488e-09],
        "dvar2": [0.0526708699763, 6.79149246216, 23.5249633789, 112.97542572, 438.589294434, 1700.85192871, 5920.49902344, 6415.75390625, 7204.93896484, 8755.97265625, 28821.4960938, 12121.1171875, 9466.83886719, 756.631896973, 526.496643066, 184.242263794, 421.772796631, 737.719360352, 201.812210083, 722.733886719, 450.697570801, 923.374633789, 331.002075195, 310.638458252, 258.56640625, 231.141540527, 594.262268066, 83.5602798462, 62.7666778564, 57.1077728271, 106.106170654, 93.7785110474, 59.0704994202, 45.8293495178, 11.8776836395, 1.82344102859, 0.264585524797, 0.00783891789615, 7.31158570488e-06, 4.68164929046e-09],
        "max": [3.66258025169, 36.3187866211, 53.39320755, 114.313056946, 204.15032959, 392.90838623, 718.277832031, 1071.46313477, 1009.24304199, 775.803710938, 1573.97924805, 1912.70617676, 1626.47460938, 438.854949951, 214.742584229, 238.997573853, 248.879455566, 680.759094238, 131.957290649, 750.866333008, 320.920440674, 449.467010498, 246.470932007, 243.506225586, 147.666519165, 161.405303955, 201.905654907, 92.1154785156, 79.3678970337, 73.5997085571, 134.407669067, 139.240722656, 130.129440308, 124.741989136, 36.3145980835, 13.8181753159, 6.08173894882, 1.02078819275, 0.028041254729, 0.000822014000732],
        "mean": [0.11860793829, 1.69131362438, 4.72135162354, 5.07495307922, 13.4596786499, 32.6500015259, 42.3707427979, 28.2052230835, 22.0607681274, 48.3543319702, 57.0388336182, 54.9825439453, 33.9895324707, 15.9435901642, 12.8341236115, 6.92325687408, 9.1797542572, 9.92508792877, 7.06521844864, 9.13215637207, 7.05013370514, 6.34009742737, 7.84801626205, 9.68708705902, 7.34086942673, 7.35683679581, 8.32965373993, 5.2399263382, 4.38728189468, 3.96491122246, 4.09809160233, 3.43535256386, 2.40780282021, 1.8299100399, 0.989907801151, 0.345360815525, 0.135075107217, 0.0252833422273, 0.000754135136958, 5.99673621764e-05],
        "median": [0.00462508574128, 0.19304741919, 1.42668032646, 3.11918735504, 4.06235790253, 8.05868721008, 8.29793167114, 5.11640548706, 5.24126720428, 6.31026983261, 7.20125627518, 8.92003822327, 8.97376441956, 6.84980297089, 3.23322153091, 1.93150568008, 2.12675499916, 2.56878376007, 2.97123575211, 3.51532840729, 2.65550374985, 2.77371740341, 3.1332116127, 4.49572992325, 3.54049968719, 2.81141734123, 2.25310754776, 1.55722165108, 1.51321208477, 1.94309806824, 1.98333382607, 1.40878391266, 0.81763112545, 0.569186091423, 0.345773816109, 0.12316416204, 0.0447489917278, 0.00760923698545, 0.000213919280213, 5.54436846869e-05],
        "min": [2.95406017977e-22, 3.64979106953e-21, 2.85929357454e-20, 4.02972215268e-20, 2.06272365298e-20, 7.7778933506e-20, 1.29038960637e-19, 8.18796826852e-19, 9.85059095999e-19, 4.53311260797e-19, 6.7900630186e-19, 1.84126868157e-18, 2.15026613529e-18, 2.21104529875e-18, 1.11097883609e-18, 2.64847495028e-18, 4.37282413381e-18, 5.43060284881e-18, 7.6254720103e-18, 6.96560439307e-18, 9.60461743112e-18, 6.71254999135e-18, 1.13652250428e-17, 1.12505869089e-17, 1.28496031336e-17, 1.88440908701e-17, 1.66705050657e-17, 1.38796803971e-17, 1.62140089011e-17, 1.91117896774e-17, 1.25406668912e-17, 1.60060838192e-17, 1.36739183925e-17, 1.32603901248e-17, 9.48231629601e-18, 5.97665579043e-18, 3.16864830567e-18, 1.18768246712e-18, 2.6080823768e-19, 3.77990520664e-20],
        "stdev": [0.313605546951, 3.10787987709, 6.77671194077, 7.25044822693, 25.0021419525, 52.1553649902, 76.9880218506, 72.225769043, 60.1310462952, 104.083557129, 147.078582764, 150.973587036, 85.344329834, 29.4841499329, 24.7953796387, 17.6572036743, 21.7170028687, 35.7472648621, 11.9884052277, 33.8805084229, 17.8391399384, 15.9657745361, 15.9328699112, 18.4628486633, 11.2603120804, 13.4464673996, 18.4622631073, 8.41084766388, 7.00158929825, 6.49201488495, 7.97933673859, 7.11324453354, 7.22503328323, 6.51061916351, 2.52020072937, 0.874479711056, 0.351122051477, 0.0610101222992, 0.00184199621435, 5.8561010519e-05],
        "var": [0.0983484461904, 9.65891742706, 45.9238243103, 52.5689964294, 625.107116699, 2720.18212891, 5927.15576172, 5216.56152344, 3615.74267578, 10833.3867188, 21632.1074219, 22793.0234375, 7283.65478516, 869.315124512, 614.810852051, 311.776855469, 471.628234863, 1277.86682129, 143.721862793, 1147.88891602, 318.234924316, 254.905960083, 253.856338501, 340.876800537, 126.794631958, 180.807495117, 340.855194092, 70.7423553467, 49.0222549438, 42.1462554932, 63.6698112488, 50.5982475281, 52.2011070251, 42.3881607056, 6.35141134262, 0.76471477747, 0.123286686838, 0.00372223509476, 3.3929500205e-06, 3.42939210363e-09]
    },
    "gfcc": {
        "mean": [-7.85139513016, 75.2197418213, -88.3346328735, 28.9338474274, -70.7112808228, 8.10811042786, -43.7899360657, 9.33590221405, -29.8815422058, -2.06764006615, -24.5741500854, -2.31007432938, -15.8926610947],
        "cov": [[6221.00341797, -335.877838135, 764.820129395, 257.958465576, 147.172134399, 97.8532791138, 50.2961807251, 392.826385498, -48.2257995605, 124.59753418, -59.508430481, 24.3754329681, -3.63387751579], [-335.877838135, 992.502685547, 80.5567092896, 39.5912666321, 241.341186523, 54.8332061768, 97.5290298462, -46.8947868347, 190.715377808, 27.5391197205, 168.020584106, 28.8878726959, 66.2222747803], [764.820129395, 80.5567092896, 783.00970459, 196.642166138, 183.308013916, 49.5091018677, 4.84701156616, 90.7945632935, 47.2096672058, 62.5641555786, 68.6870040894, 23.7233638763, -11.892791748], [257.958465576, 39.5912666321, 196.642166138, 722.034912109, 287.79989624, 116.078163147, 91.1584472656, -24.5419979095, 61.8289871216, 29.1766872406, 21.4408321381, -8.66296482086, 54.1595687866], [147.172134399, 241.341186523, 183.308013916, 287.79989624, 441.834350586, 200.245742798, 119.269325256, 51.5238609314, 80.7128067017, 13.7641277313, 56.6456565857, 14.5885238647, 41.968711853], [97.8532791138, 54.8332061768, 49.5091018677, 116.078163147, 200.245742798, 308.257385254, 161.823822021, 36.0649833679, 20.8056240082, 41.3364028931, 25.7946205139, -7.71196603775, 27.4298439026], [50.2961807251, 97.5290298462, 4.84701156616, 91.1584472656, 119.269325256, 161.823822021, 227.134140015, 44.1875267029, 33.29945755, 49.5941314697, 10.9444618225, -7.21920537949, 18.603969574], [392.826385498, -46.8947868347, 90.7945632935, -24.5419979095, 51.5238609314, 36.0649833679, 44.1875267029, 166.927337646, 61.6964530945, 18.2038879395, 7.27801656723, 4.23936605453, -1.11174297333], [-48.2257995605, 190.715377808, 47.2096672058, 61.8289871216, 80.7128067017, 20.8056240082, 33.29945755, 61.6964530945, 183.08152771, 62.5598907471, 62.9276504517, 14.6228675842, 8.97181797028], [124.59753418, 27.5391197205, 62.5641555786, 29.1766872406, 13.7641277313, 41.3364028931, 49.5941314697, 18.2038879395, 62.5598907471, 146.870010376, 76.4140319824, 16.9783306122, -10.2828903198], [-59.508430481, 168.020584106, 68.6870040894, 21.4408321381, 56.6456565857, 25.7946205139, 10.9444618225, 7.27801656723, 62.9276504517, 76.4140319824, 156.545166016, 52.4360733032, 13.226603508], [24.3754329681, 28.8878726959, 23.7233638763, -8.66296482086, 14.5885238647, -7.71196603775, -7.21920537949, 4.23936605453, 14.6228675842, 16.9783306122, 52.4360733032, 95.1299743652, 39.282951355], [-3.63387751579, 66.2222747803, -11.892791748, 54.1595687866, 41.968711853, 27.4298439026, 18.603969574, -1.11174297333, 8.97181797028, -10.2828903198, 13.226603508, 39.282951355, 95.2327728271]],
        "icov": [[0.000240129753365, -0.000120501521451, -0.000130790067487, -0.000159793169587, 8.04618612165e-05, -6.11662180745e-05, 0.000213533086935, -0.000768546189647, 0.000504934345372, -0.000449297978776, 0.000380107929232, -0.000192912571947, 2.96709258691e-05], [-0.000120501521451, 0.00257170200348, -0.000318919715937, 0.00107925245538, -0.00133571750484, 0.00103899848182, -0.00179764570203, 0.00295590958558, -0.00299623911269, 0.00199750927277, -0.00272344704717, 0.00171584519558, -0.00160299683921], [-0.000130790067487, -0.000318919715937, 0.0018364257412, -0.00047638345859, -0.000456077599665, -1.75556506292e-05, 0.000754458480515, -0.00106214755215, 0.000692909932695, -0.000706692575477, -0.000138507733936, -0.000441858137492, 0.000823214708362], [-0.000159793169587, 0.00107925245538, -0.00047638345859, 0.00270345527679, -0.00191801041365, 0.000790326041169, -0.00118290784303, 0.00267776870169, -0.00183922948781, 0.000478096422739, -0.000725051970221, 0.00156495801639, -0.00179351912811], [8.04618612165e-05, -0.00133571750484, -0.000456077599665, -0.00191801041365, 0.00577916717157, -0.00303933350369, 0.000439042079961, -0.00200910540298, 0.000175767723704, 0.00126540299971, 8.68628776516e-05, -0.00133486127015, 0.00084369443357], [-6.11662180745e-05, 0.00103899848182, -1.75556506292e-05, 0.000790326041169, -0.00303933350369, 0.0071794516407, -0.00411197636276, 0.00103207700886, 0.000137722061481, -0.000425716018071, -0.00147393636871, 0.00207744981162, -0.00180078612175], [0.000213533086935, -0.00179764570203, 0.000754458480515, -0.00118290784303, 0.000439042079961, -0.00411197636276, 0.00935174711049, -0.00385422259569, 0.00233699055389, -0.00400313083082, 0.00316085619852, -0.000883184722625, 0.00041702814633], [-0.000768546189647, 0.00295590958558, -0.00106214755215, 0.00267776870169, -0.00200910540298, 0.00103207700886, -0.00385422259569, 0.0134235071018, -0.00745594175532, 0.00367914303206, -0.00242481683381, 0.00176938483492, -0.00153592473362], [0.000504934345372, -0.00299623911269, 0.000692909932695, -0.00183922948781, 0.000175767723704, 0.000137722061481, 0.00233699055389, -0.00745594175532, 0.0126232709736, -0.00562818301842, 0.00145348720253, -0.00125447951723, 0.0010932328878], [-0.000449297978776, 0.00199750927277, -0.000706692575477, 0.000478096422739, 0.00126540299971, -0.000425716018071, -0.00400313083082, 0.00367914303206, -0.00562818301842, 0.0141636924818, -0.00741627346724, 0.000903617939912, 0.0013404849451], [0.000380107929232, -0.00272344704717, -0.000138507733936, -0.000725051970221, 8.68628776516e-05, -0.00147393636871, 0.00316085619852, -0.00242481683381, 0.00145348720253, -0.00741627346724, 0.0149427065626, -0.00701824761927, 0.00192575028632], [-0.000192912571947, 0.00171584519558, -0.000441858137492, 0.00156495801639, -0.00133486127015, 0.00207744981162, -0.000883184722625, 0.00176938483492, -0.00125447951723, 0.000903617939912, -0.00701824761927, 0.017765186727, -0.00810014270246], [2.96709258691e-05, -0.00160299683921, 0.000823214708362, -0.00179351912811, 0.00084369443357, -0.00180078612175, 0.00041702814633, -0.00153592473362, 0.0010932328878, 0.0013404849451, 0.00192575028632, -0.00810014270246, 0.0159022063017]]
    },
    "melbands": {
        "dmean": [0.00054549210472, 0.000766302109696, 0.000529873883352, 0.00069672887912, 0.000712656066753, 0.000367918575648, 0.000217308741412, 0.000336121069267, 0.000274682446616, 0.000160057039466, 0.000103155449324, 3.36400007654e-05, 2.28073840844e-05, 1.14644471978e-05, 1.03865222627e-05, 1.13995129141e-05, 1.2875464563e-05, 8.59447118273e-06, 7.10798713044e-06, 7.18348837836e-06, 6.01881220064e-06, 4.34151843365e-06, 4.20656897404e-06, 5.02334887642e-06, 4.86058206661e-06, 3.25573523696e-06, 3.94412700189e-06, 3.49594324689e-06, 4.52756103186e-06, 3.68613336832e-06, 1.59594424076e-06, 1.74176295786e-06, 1.61277591815e-06, 1.35831271564e-06, 1.46226193465e-06, 1.54838210165e-06, 1.39376174957e-06, 1.12832128707e-06, 1.17709430469e-06, 1.14489978387e-06],
        "dmean2": [0.000830059463624, 0.00124750332907, 0.000825112161692, 0.00104096415453, 0.00105846766382, 0.000556810118724, 0.000333672214765, 0.000510376528837, 0.000422676239396, 0.000221785026952, 0.000160045892699, 5.20285939274e-05, 3.46177657775e-05, 1.78644459083e-05, 1.70136572706e-05, 1.79788949026e-05, 1.92908610188e-05, 1.36240860229e-05, 1.11398449008e-05, 1.13336491268e-05, 9.54267125053e-06, 7.32764738132e-06, 7.02542956788e-06, 8.08744880487e-06, 8.01887017587e-06, 5.17448097526e-06, 6.26287101113e-06, 5.29419457962e-06, 7.20734669812e-06, 5.81158747082e-06, 2.36959863287e-06, 2.66816437033e-06, 2.45279466071e-06, 2.08283108805e-06, 2.25330722969e-06, 2.38745360548e-06, 2.20655920202e-06, 1.70024952695e-06, 1.71239275915e-06, 1.82031180884e-06],
        "dvar": [2.71228850579e-06, 2.46708441409e-06, 1.20902222989e-06, 1.50200844473e-06, 2.46015611083e-06, 1.18435536933e-06, 5.76360150717e-07, 5.38841959496e-07, 6.70405142955e-07, 2.06440248007e-07, 1.04641841858e-07, 6.09409056551e-09, 3.23556537118e-09, 1.30707034085e-09, 7.02531421926e-10, 9.87929960061e-10, 1.92697346968e-09, 2.84378381954e-10, 6.52218778985e-10, 7.56180562611e-10, 3.129136672e-10, 4.2667491762e-10, 1.34006181152e-10, 1.4508788615e-10, 9.93434917662e-11, 5.6255181069e-11, 5.58534121731e-11, 5.3367980174e-11, 9.76580066814e-11, 6.09944456054e-11, 8.66462717547e-12, 1.01084800253e-11, 7.85552699278e-12, 8.7250302469e-12, 1.44295070684e-11, 2.15756856825e-11, 1.35404855731e-11, 1.31800412598e-11, 2.62968102155e-11, 1.9391224737e-11],
        "dvar2": [6.26353994448e-06, 6.35672040517e-06, 2.99369730783e-06, 3.26505619341e-06, 5.54355847271e-06, 2.79651453639e-06, 1.3793388689e-06, 1.21498908356e-06, 1.81362042895e-06, 3.93226002871e-07, 2.30692549508e-07, 1.25617898306e-08, 6.41756203734e-09, 3.14813419777e-09, 1.80070713895e-09, 2.11502615421e-09, 3.48210149603e-09, 6.47105369289e-10, 1.29709787355e-09, 1.8764296783e-09, 7.59858620469e-10, 1.23719912093e-09, 3.50952600314e-10, 3.46900175252e-10, 2.36748093352e-10, 1.45195855339e-10, 1.39436948099e-10, 1.1752473994e-10, 2.20699902798e-10, 1.43190195812e-10, 1.90027681091e-11, 2.34101852487e-11, 1.74539376008e-11, 1.99479009699e-11, 3.22714945045e-11, 4.99763216921e-11, 3.15880724355e-11, 2.82841718796e-11, 4.63137930784e-11, 4.17179832346e-11],
        "max": [0.0410065278411, 0.0265659466386, 0.0164560489357, 0.0143412267789, 0.0198415052146, 0.0205366741866, 0.0135747967288, 0.00892502721399, 0.014240751043, 0.0117952236906, 0.00800252053887, 0.00166679406539, 0.00112114322837, 0.000746290199459, 0.000503317802213, 0.000783631927334, 0.00155399320647, 0.000275504513411, 0.0010250848718, 0.000838522741105, 0.000357857934432, 0.000527757627424, 0.000185379540198, 0.000231588594033, 0.00022343119781, 0.000135003778269, 9.59256576607e-05, 0.000126067650854, 0.000135076465085, 0.00010198164091, 3.95838542318e-05, 5.15683350386e-05, 4.41520533059e-05, 4.01997604058e-05, 6.49498178973e-05, 9.99551120913e-05, 7.85059455666e-05, 7.67190795159e-05, 0.000169454011484, 0.000110895845864],
        "mean": [0.00144523754716, 0.00239366316237, 0.00111498916522, 0.00160604692064, 0.00158735446166, 0.000646985427011, 0.000332343683112, 0.000568664749153, 0.0004723148013, 0.00031533985748, 0.000158550581546, 6.18631529505e-05, 4.67103745905e-05, 1.9411510948e-05, 2.01035454666e-05, 1.72211002791e-05, 1.96494838747e-05, 1.17596209748e-05, 1.06865527414e-05, 1.09340307972e-05, 8.16214469523e-06, 6.50664833302e-06, 6.56686506773e-06, 7.80849859439e-06, 7.95228879724e-06, 5.08521134179e-06, 5.38794756721e-06, 4.65509720016e-06, 5.13963050253e-06, 4.29341298513e-06, 2.61326317741e-06, 2.4289324756e-06, 2.45038677349e-06, 2.05808350984e-06, 2.37917151935e-06, 2.26524684876e-06, 2.02947626349e-06, 1.69616043877e-06, 1.54202962221e-06, 1.56408123075e-06],
        "median": [0.000107663116069, 0.000635841919575, 0.000617077457719, 0.000505342963152, 0.000375570205506, 9.76687006187e-05, 6.04433080298e-05, 6.38090496068e-05, 4.7739562433e-05, 4.25322068622e-05, 3.48874891642e-05, 2.24708783207e-05, 9.31331123866e-06, 4.74426178698e-06, 4.68115831609e-06, 3.7393601815e-06, 4.48794617114e-06, 4.65969378638e-06, 4.23136589234e-06, 4.1952898755e-06, 2.75576076092e-06, 2.73676255347e-06, 2.79659161606e-06, 2.79619507637e-06, 3.60292688129e-06, 2.4087789825e-06, 2.3795830657e-06, 1.61952493727e-06, 1.41022883327e-06, 1.12038151201e-06, 8.0361428445e-07, 7.33652257168e-07, 1.02808132851e-06, 8.97554798485e-07, 1.13148394121e-06, 9.70673681877e-07, 7.25589188733e-07, 5.26669168721e-07, 4.49122069313e-07, 4.58333488496e-07],
        "min": [3.47065074494e-24, 1.1681069687e-23, 6.04051108296e-24, 2.94458188978e-24, 4.76653227546e-24, 1.73018732418e-23, 1.35002436767e-23, 5.20341054452e-24, 6.53096286825e-24, 1.13906087351e-23, 1.02873062953e-23, 8.97940804663e-24, 2.91066205415e-24, 6.49381185834e-24, 1.00672748451e-23, 8.53276525728e-24, 1.04950046942e-23, 1.29780501007e-23, 7.77531837103e-24, 1.48154325779e-23, 9.74869652393e-24, 6.03177444844e-24, 1.03189727498e-23, 9.5950201087e-24, 8.71870687239e-24, 1.17386076237e-23, 5.83843568462e-24, 1.52716529275e-23, 1.47921138495e-23, 4.67228390767e-24, 9.03312552997e-24, 9.27749176144e-24, 9.59141422551e-24, 1.02949180142e-23, 7.11925352173e-24, 7.28707579071e-24, 1.02096074405e-23, 9.44708502315e-24, 9.04433918774e-24, 1.24083868198e-23],
        "stdev": [0.00310557708144, 0.00338489166461, 0.00155716657173, 0.00229844078422, 0.00246636988595, 0.00152184988838, 0.000872856180649, 0.00123819103464, 0.00122226506937, 0.000855781370774, 0.000420098251197, 0.00011920905672, 0.000101389232441, 5.06708383909e-05, 4.75293600175e-05, 4.53824650322e-05, 7.88467732491e-05, 2.15544150706e-05, 4.14639798691e-05, 3.49765614374e-05, 2.07668908843e-05, 1.7994800146e-05, 1.3578242033e-05, 1.6677826352e-05, 1.60674080689e-05, 8.37743573356e-06, 8.36228446133e-06, 9.58752298175e-06, 1.20946051538e-05, 8.52892299008e-06, 4.15201930082e-06, 4.09921494793e-06, 3.79893890567e-06, 3.63952540283e-06, 4.49986464446e-06, 5.03568162458e-06, 4.23873916588e-06, 4.76204013466e-06, 6.4653499976e-06, 5.48902517039e-06],
        "var": [9.64460923569e-06, 1.14574922918e-05, 2.42476789936e-06, 5.28282953383e-06, 6.08298023508e-06, 2.3160271212e-06, 7.61877913646e-07, 1.5331169152e-06, 1.49393190441e-06, 7.32361797873e-07, 1.76482529923e-07, 1.421079876e-08, 1.02797770296e-08, 2.56753396322e-09, 2.25904006612e-09, 2.05956829369e-09, 6.21681373048e-09, 4.64592808669e-10, 1.71926162196e-09, 1.22335974684e-09, 4.31263774692e-10, 3.23812837655e-10, 1.84368659228e-10, 2.78149864252e-10, 2.5816157545e-10, 7.01814370507e-11, 6.99278066008e-11, 9.19206030736e-11, 1.46279474644e-10, 7.27425203406e-11, 1.72392655706e-11, 1.68035620141e-11, 1.4431937416e-11, 1.32461446326e-11, 2.02487835527e-11, 2.53580871579e-11, 1.79669092104e-11, 2.26770251882e-11, 4.18007503611e-11, 3.01293989757e-11]
    },
    "melbands128": {
