{
"lowlevel": {
    "average_loudness": 0.966852068901,
    "barkbands_crest": {
        "dmean": 2.40800666809,
        "dmean2": 3.63186192513,
        "dvar": 6.27888965607,
        "dvar2": 12.2969503403,
        "max": 24.0743083954,
        "mean": 13.8168773651,
        "median": 13.5228700638,
        "min": 3.14978933334,
        "stdev": 5.56594133377,
        "var": 30.9797019958
    },
    "barkbands_flatness_db": {
        "dmean": 0.0393092185259,
        "dmean2": 0.0544955581427,
        "dvar": 0.00232902425341,
        "dvar2": 0.00384206790477,
        "max": 0.616063416004,
        "mean": 0.221012577415,
        "median": 0.201460286975,
        "min": 0.0194408483803,
        "stdev": 0.116832494736,
        "var": 0.0136498324573
    },
    "barkbands_kurtosis": {
        "dmean": 27.2317237854,
        "dmean2": 43.0655288696,
        "dvar": 3733.16870117,
        "dvar2": 8583.35742188,
        "max": 765.939575195,
        "mean": 39.8351249695,
        "median": 8.79749965668,
        "min": -1.87861645222,
        "stdev": 79.1888504028,
        "var": 6270.87402344
    },
    "barkbands_skewness": {
        "dmean": 1.48678135872,
        "dmean2": 2.25242543221,
        "dvar": 4.56008338928,
        "dvar2": 9.09325885773,
        "max": 24.4271125793,
        "mean": 3.52479195595,
        "median": 2.54032874107,
        "min": -4.77198219299,
        "stdev": 3.19454312325,
        "var": 10.2051057816
    },
    "barkbands_spread": {
        "dmean": 6.81812143326,
        "dmean2": 10.6952667236,
        "dvar": 136.722167969,
        "dvar2": 320.982391357,
        "max": 117.421424866,
        "mean": 14.2830972672,
        "median": 9.72948074341,
        "min": 0.155795142055,
        "stdev": 15.7799768448,
        "var": 249.007659912
    },
    "dissonance": {
        "dmean": 0.0318135581911,
        "dmean2": 0.0525595135987,
        "dvar": 0.00110574590508,
        "dvar2": 0.00277368281968,
        "max": 0.499999970198,
        "mean": 0.434349477291,
        "median": 0.445888370275,
        "min": 0.157235458493,
        "stdev": 0.0500184744596,
        "var": 0.00250184792094
    },
    "dynamic_complexity": 4.04489803314,
    "erbbands_crest": {
        "dmean": 2.8876721859,
        "dmean2": 4.59304523468,
        "dvar": 8.36955165863,
        "dvar2": 19.3591365814,
        "max": 25.7719841003,
        "mean": 10.3419599533,
        "median": 9.5372543335,
        "min": 2.45349383354,
        "stdev": 4.55244827271,
        "var": 20.7247867584
    },
    "erbbands_flatness_db": {
        "dmean": 0.0224308017641,
        "dmean2": 0.0329829640687,
        "dvar": 0.000542364374269,
        "dvar2": 0.00115140364505,
        "max": 0.318529695272,
        "mean": 0.16134595871,
        "median": 0.159263655543,
        "min": 0.0425828061998,
        "stdev": 0.0431048460305,
        "var": 0.00185802788474
    },
    "erbbands_kurtosis": {
        "dmean": 2.61422204971,
        "dmean2": 4.20572471619,
        "dvar": 19.7984886169,
        "dvar2": 48.6620368958,
        "max": 50.0402069092,
        "mean": 2.96599149704,
        "median": 1.50502586365,
        "min": -1.85533034801,
        "stdev": 5.25748062134,
        "var": 27.6411018372
    },
    "erbbands_skewness": {
        "dmean": 0.665523171425,
        "dmean2": 0.992403924465,
        "dvar": 0.631064891815,
        "dvar2": 1.29492199421,
        "max": 6.35485744476,
        "mean": 0.997582316399,
        "median": 1.08838355541,
        "min": -4.47938728333,
        "stdev": 1.29599225521,
        "var": 1.67959594727
    },
    "erbbands_spread": {
        "dmean": 14.6389560699,
        "dmean2": 23.8245372772,
        "dvar": 501.627319336,
        "dvar2": 1275.4161377,
        "max": 178.261306763,
        "mean": 39.8463821411,
        "median": 33.8655052185,
        "min": 6.79832649231,
        "stdev": 25.2830600739,
        "var": 639.233154297
    },
    "hfc": {
        "dmean": 9.16542720795,
        "dmean2": 15.1083965302,
        "dvar": 331.5078125,
        "dvar2": 855.489624023,
        "max": 163.259490967,
        "mean": 13.4957914352,
        "median": 7.01113557816,
        "min": 0.000188320074813,
        "stdev": 18.7406921387,
        "var": 351.213531494
    },
    "loudness_ebu128": {
        "integrated": -8.96448040009,
        "loudness_range": 5.8056268692,
        "momentary": {
            "dmean": 1.07020962238,
            "dmean2": 1.53668999672,
            "dvar": 1.47233784199,
            "dvar2": 2.94762587547,
            "max": -6.7416434288,
            "mean": -9.940117836,
            "median": -8.5288734436,
            "min": -24.7452316284,
            "stdev": 3.38166213036,
            "var": 11.4356393814
        },
        "short_term": {
            "dmean": 0.136969834566,
            "dmean2": 0.197443753481,
            "dvar": 0.0314138531685,
            "dvar2": 0.0562717467546,
            "max": -7.74876594543,
            "mean": -9.39869689941,
            "median": -8.4844455719,
            "min": -17.3225040436,
            "stdev": 2.21146178246,
            "var": 4.89056348801
        }
    },
    "melbands_crest": {
        "dmean": 3.6721675396,
        "dmean2": 5.44073438644,
        "dvar": 21.142786026,
        "dvar2": 39.943813324,
        "max": 38.833530426,
        "mean": 23.0184173584,
        "median": 22.0896701813,
        "min": 3.24438762665,
        "stdev": 10.9034080505,
        "var": 118.884315491
    },
    "melbands_flatness_db": {
        "dmean": 0.0461681559682,
        "dmean2": 0.0622092559934,
        "dvar": 0.00317533873022,
        "dvar2": 0.00519641581923,
        "max": 0.730135321617,
        "mean": 0.300704270601,
        "median": 0.279258668423,
        "min": 0.058960404247,
        "stdev": 0.139085710049,
        "var": 0.0193448346108
    },
    "melbands_kurtosis": {
        "dmean": 81.8406295776,
        "dmean2": 129.336013794,
        "dvar": 68260.0859375,
        "dvar2": 149813.265625,
        "max": 4166.04345703,
        "mean": 117.016471863,
        "median": 19.3370361328,
        "min": -1.85481333733,
        "stdev": 330.162567139,
        "var": 109007.320312
    },
    "melbands_skewness": {
        "dmean": 2.14805269241,
        "dmean2": 3.33844542503,
        "dvar": 14.2290430069,
        "dvar2": 32.1577339172,
        "max": 50.4588470459,
        "mean": 5.45092391968,
        "median": 3.5460395813,
        "min": -2.39950203896,
        "stdev": 5.60577583313,
        "var": 31.4247245789
    },
    "melbands_spread": {
        "dmean": 8.49885749817,
        "dmean2": 13.5310544968,
        "dvar": 450.227600098,
        "dvar2": 939.963989258,
        "max": 268.422271729,
        "mean": 15.1967277527,
        "median": 8.6418762207,
        "min": 0.0619743056595,
        "stdev": 26.8470211029,
        "var": 720.762573242
    },
    "pitch_salience": {
        "dmean": 0.0854067951441,
        "dmean2": 0.131919413805,
        "dvar": 0.0139562645927,
        "dvar2": 0.0249832738191,
        "max": 0.877165257931,
        "mean": 0.430566966534,
        "median": 0.45058247447,
        "min": 0.0210759844631,
        "stdev": 0.249174252152,
        "var": 0.0620878115296
    },
    "silence_rate_20dB": {
        "dmean": 0,
        "dmean2": 0,
        "dvar": 0,
        "dvar2": 0,
        "max": 1,
        "mean": 1,
        "median": 1,
        "min": 1,
        "stdev": 0,
        "var": 0
    },
    "silence_rate_30dB": {
        "dmean": 0.128482967615,
        "dmean2": 0.25639039278,
        "dvar": 0.111975833774,
        "dvar2": 0.229382485151,
        "max": 1,
        "mean": 0.848414540291,
        "median": 1,
        "min": 0,
        "stdev": 0.358619838953,
        "var": 0.128608196974
    },
    "silence_rate_60dB": {
        "dmean": 0.0595975220203,
        "dmean2": 0.118512779474,
        "dvar": 0.0560464113951,
        "dvar2": 0.11376105994,
        "max": 1,
        "mean": 0.172467127442,
        "median": 0,
        "min": 0,
        "stdev": 0.377782911062,
        "var": 0.14271992445
    },
    "spectral_centroid": {
        "dmean": 376.554534912,
        "dmean2": 573.545349121,
        "dvar": 359159.59375,
        "dvar2": 673034.4375,
        "max": 5628.36572266,
        "mean": 1088.7890625,
        "median": 833.28125,
        "min": 89.1250534058,
        "stdev": 919.367431641,
        "var": 845236.4375
    },
    "spectral_complexity": {
        "dmean": 3.76625394821,
        "dmean2": 6.21068954468,
        "dvar": 43.4500198364,
        "dvar2": 111.675140381,
        "max": 46,
        "mean": 8.68368148804,
        "median": 7,
        "min": 0,
        "stdev": 7.25951528549,
        "var": 52.7005615234
    },
    "spectral_decrease": {
        "dmean": 6.06748074006e-09,
        "dmean2": 9.53229495337e-09,
        "dvar": 1.1052807859e-16,
        "dvar2": 2.27194591714e-16,
        "max": -4.20551343316e-13,
        "mean": -1.31262440917e-08,
        "median": -5.25035304122e-09,
        "min": -7.02675464481e-08,
        "stdev": 1.47972238906e-08,
        "var": 2.18957831577e-16
    },
    "spectral_energy": {
        "dmean": 0.0235359445214,
        "dmean2": 0.0370596908033,
        "dvar": 0.0016229164321,
        "dvar2": 0.00334508065134,
        "max": 0.268716961145,
        "mean": 0.0507655888796,
        "median": 0.0215057432652,
        "min": 1.60433398833e-06,
        "stdev": 0.0564541183412,
        "var": 0.00318706734106
    },
    "spectral_energyband_high": {
        "dmean": 0.000679223972838,
        "dmean2": 0.00113938574214,
        "dvar": 2.88440855911e-06,
        "dvar2": 6.99400879967e-06,
        "max": 0.0180863495916,
        "mean": 0.000725255405996,
        "median": 0.000138775096275,
        "min": 9.53871870379e-10,
        "stdev": 0.00185792671982,
        "var": 3.45189164364e-06
    },
    "spectral_energyband_low": {
        "dmean": 0.0200049299747,
        "dmean2": 0.0316803492606,
        "dvar": 0.00145963393152,
        "dvar2": 0.00332987168804,
        "max": 0.251358121634,
        "mean": 0.040601272136,
        "median": 0.00501140300184,
        "min": 8.59062652125e-08,
        "stdev": 0.0520281605422,
        "var": 0.00270692957565
    },
    "spectral_energyband_middle_high": {
        "dmean": 0.00168223364744,
        "dmean2": 0.00290760071948,
        "dvar": 1.99758196686e-05,
        "dvar2": 5.70202682866e-05,
        "max": 0.0289731919765,
        "mean": 0.00199200888164,
        "median": 0.000504689058289,
        "min": 1.48571039915e-08,
        "stdev": 0.00401913560927,
        "var": 1.61534517247e-05
    },
    "spectral_energyband_middle_low": {
        "dmean": 0.00850665383041,
        "dmean2": 0.0154456254095,
        "dvar": 0.000635964854155,
        "dvar2": 0.00181078631431,
        "max": 0.161252737045,
        "mean": 0.00884294323623,
        "median": 0.00431934697554,
        "min": 2.7863504215e-07,
        "stdev": 0.0195959545672,
        "var": 0.000384001410566
    },
    "spectral_entropy": {
        "dmean": 0.297407418489,
        "dmean2": 0.438231348991,
        "dvar": 0.120009124279,
        "dvar2": 0.219766065478,
        "max": 8.77473926544,
        "mean": 7.35784769058,
        "median": 7.35936260223,
        "min": 5.23570775986,
        "stdev": 0.601101279259,
        "var": 0.36132273078
    },
    "spectral_flux": {
        "dmean": 0.0518233776093,
        "dmean2": 0.080972224474,
        "dvar": 0.00612316140905,
        "dvar2": 0.00914307590574,
        "max": 0.502897083759,
        "mean": 0.0993126258254,
        "median": 0.0601536892354,
        "min": 0.00126662303228,
        "stdev": 0.11336992681,
        "var": 0.012852740474
    },
    "spectral_kurtosis": {
        "dmean": 2.06309247017,
        "dmean2": 3.38992762566,
        "dvar": 5.38617992401,
        "dvar2": 13.6445932388,
        "max": 21.6683177948,
        "mean": 4.38952636719,
        "median": 3.63780021667,
        "min": -0.929519176483,
        "stdev": 3.25488042831,
        "var": 10.5942459106
    },
    "spectral_rms": {
        "dmean": 0.00147495989222,
        "dmean2": 0.00225193635561,
        "dvar": 4.62991783934e-06,
        "dvar2": 8.50549622555e-06,
        "max": 0.016191445291,
        "mean": 0.00583284674212,
        "median": 0.00458052521572,
        "min": 3.95626557292e-05,
        "stdev": 0.00393767794594,
        "var": 1.55053057824e-05
    },
    "spectral_rolloff": {
        "dmean": 502.314086914,
        "dmean2": 852.721435547,
        "dvar": 1627192.875,
        "dvar2": 3439699.25,
        "max": 11670.9960938,
        "mean": 867.061584473,
        "median": 387.59765625,
        "min": 43.06640625,
        "stdev": 1609.33117676,
        "var": 2589947
    },
    "spectral_skewness": {
        "dmean": 0.351110935211,
        "dmean2": 0.540317714214,
        "dvar": 0.135465204716,
        "dvar2": 0.303220301867,
        "max": 3.81966900826,
        "mean": 1.63556468487,
        "median": 1.59981429577,
        "min": 0.12387791276,
        "stdev": 0.622194826603,
        "var": 0.387126415968
    },
    "spectral_spread": {
        "dmean": 1049477.5,
        "dmean2": 1614634.875,
        "dvar": 2.39845035213e+12,
        "dvar2": 4.75547828224e+12,
        "max": 25284192,
        "mean": 5285791.5,
        "median": 4966467,
        "min": 2212594.75,
        "stdev": 2075920.25,
        "var": 4.30944498483e+12
    },
    "spectral_strongpeak": {
        "dmean": 0.263041764498,
        "dmean2": 0.433039844036,
        "dvar": 0.141327559948,
        "dvar2": 0.326353609562,
        "max": 5.4149980545,
        "mean": 0.556480765343,
        "median": 0.403722763062,
        "min": 0,
        "stdev": 0.525667250156,
        "var": 0.276326060295
    },
    "zerocrossingrate": {
        "dmean": 0.0128449713811,
        "dmean2": 0.0145981339738,
        "dvar": 0.000484714255435,
        "dvar2": 0.000519877823535,
        "max": 0.359375,
        "mean": 0.0398083291948,
        "median": 0.02734375,
        "min": 0.0009765625,
        "stdev": 0.04558743909,
        "var": 0.00207821466029
    },
    "barkbands": {
        "dmean": [0.00326525932178, 0.00936940219253, 0.0102497283369, 0.00444857496768, 0.00247301533818, 0.000845802365802, 0.000776783504989, 0.000598891812842, 0.000477122346638, 0.00023373705335, 0.000498908746522, 0.000195758650079, 0.000137725655804, 0.000213319188333, 0.000122324112453, 8.85348053998e-05, 0.000205269083381, 0.00014365070092, 0.000123297329992, 0.000156171765411, 0.000145161189721, 0.000175251916517, 0.000136738904985, 6.90938177286e-05, 7.40610630601e-05, 3.10326213366e-05, 2.30007026403e-06],
        "dmean2": [0.00454400200397, 0.014041361399, 0.0179182197899, 0.00854951329529, 0.00463165109977, 0.00138132518623, 0.00126074696891, 0.000942351121921, 0.000731613195967, 0.000340459489962, 0.000881042331457, 0.000330969371134, 0.000206225449801, 0.000369944988051, 0.000218467481318, 0.000157683549332, 0.000377333984943, 0.000260178232566, 0.00022126417025, 0.000287359551294, 0.000263196096057, 0.000302948901663, 0.000208352241316, 0.000103069149191, 0.0001196683952, 4.75201304653e-05, 3.60273702427e-06],
        "dvar": [1.98602956516e-05, 0.000201056551305, 0.00114892446436, 0.00025731525966, 6.33663221379e-05, 2.85732676275e-06, 1.85073201919e-06, 1.29678790017e-06, 8.42477788865e-07, 3.21716100871e-07, 1.98940256269e-06, 2.08493787568e-07, 9.66456354945e-08, 2.88392953962e-07, 1.06029801827e-07, 6.03818435252e-08, 4.27959975013e-07, 1.84418070148e-07, 1.26710148152e-07, 2.53615354495e-07, 1.86636540889e-07, 2.20609649659e-07, 1.6729138963e-07, 5.55300800897e-08, 2.61118948686e-08, 1.05660920013e-08, 1.14112976013e-10],
        "dvar2": [3.78345430363e-05, 0.000355724943802, 0.00302159530111, 0.000747500860598, 0.000183727868716, 5.97333291807e-06, 4.46366038886e-06, 2.97216411127e-06, 1.94518202079e-06, 5.79856589411e-07, 5.52571373191e-06, 4.78716003727e-07, 1.90801245026e-07, 8.03429543339e-07, 2.94356510722e-07, 1.6728058938e-07, 1.22205744901e-06, 5.25964935605e-07, 3.50898346824e-07, 7.18942033018e-07, 5.23196320046e-07, 5.72481155814e-07, 3.13172648703e-07, 1.06834278313e-07, 5.67037865551e-08, 2.10017585545e-08, 2.65784116937e-10],
        "max": [0.0378244332969, 0.11865324527, 0.190355837345, 0.0991747379303, 0.0520430020988, 0.0114200226963, 0.0143518252298, 0.0124258715659, 0.00951733253896, 0.00981083419174, 0.0130634605885, 0.00826454814523, 0.00464013591409, 0.0034468579106, 0.00280553195626, 0.00337239634246, 0.00419312994927, 0.00290198903531, 0.00344677804969, 0.0031884375494, 0.00273060495965, 0.00477750319988, 0.00850841123611, 0.00410627527162, 0.00178624514956, 0.0015014189994, 0.00021280029614],
        "mean": [0.00614822097123, 0.0262429192662, 0.00688397092745, 0.00270988512784, 0.00201123137958, 0.00112989870831, 0.00109533953946, 0.000911011884455, 0.0007940926007, 0.000423645164119, 0.00044830807019, 0.000223957234994, 0.000180357150384, 0.000209893725696, 0.000108207852463, 8.61279986566e-05, 0.000155821748194, 0.000125413193018, 0.000108595602796, 0.000113180474727, 0.000114887414384, 0.000161593794473, 0.000170756975422, 9.47497901507e-05, 7.30083193048e-05, 3.81335412385e-05, 2.40744498115e-06],
        "median": [0.000795856351033, 0.00194980367087, 0.000157265341841, 0.000288031587843, 0.000547278788872, 0.000435771798948, 0.000376340205548, 0.000194706415641, 0.000110926004709, 5.58264146093e-05, 4.41429147031e-05, 2.67521099886e-05, 1.97673089133e-05, 2.29988909268e-05, 1.71378924279e-05, 1.71002520801e-05, 1.99555524887e-05, 2.38606044149e-05, 2.14059164136e-05, 1.26967997858e-05, 1.65201090567e-05, 1.97055196622e-05, 2.18618351937e-05, 1.58347065735e-05, 1.00620600278e-05, 5.49437572772e-06, 9.78657084261e-08],
        "min": [1.56713433896e-10, 1.25468622159e-08, 1.00464889741e-08, 2.32125465516e-08, 4.29696669357e-08, 1.0135234163e-07, 4.98316410358e-08, 4.17048227064e-08, 1.37003484113e-08, 3.96660260193e-09, 7.77890019066e-09, 1.23120680318e-09, 3.07990605242e-10, 1.51887960542e-10, 3.92147876671e-11, 3.24426527309e-11, 1.19879287053e-10, 1.07075293077e-09, 1.00670483061e-09, 7.73722128034e-11, 8.02309121917e-11, 6.84938994411e-10, 2.10861224315e-11, 5.00564416306e-11, 3.00775966633e-11, 3.43245744328e-11, 6.96143853283e-14],
        "stdev": [0.00845247227699, 0.0315370708704, 0.028209367767, 0.0117910783738, 0.00599982682616, 0.0018843509024, 0.00168931949884, 0.00158190820366, 0.00138134206645, 0.00107137823943, 0.00125856755767, 0.000611685216427, 0.000474509608466, 0.000505869102199, 0.0002769214625, 0.000252540776273, 0.000519248191267, 0.000356180651579, 0.000297982362099, 0.000395032431697, 0.000350651447661, 0.000447963859187, 0.000570368545596, 0.000324185501086, 0.000194101245143, 0.000133754307171, 1.12917641673e-05],
        "var": [7.1444294008e-05, 0.000994586851448, 0.000795768457465, 0.000139029521961, 3.59979239875e-05, 3.55077850145e-06, 2.85380042442e-06, 2.50243351729e-06, 1.90810601453e-06, 1.14785132155e-06, 1.58399222983e-06, 3.7415881593e-07, 2.25159368483e-07, 2.559035579e-07, 7.66854952872e-08, 6.37768380329e-08, 2.69618709581e-07, 1.26864662775e-07, 8.87934916705e-08, 1.56050617761e-07, 1.22956436144e-07, 2.00671607331e-07, 3.25320286265e-07, 1.05096241043e-07, 3.7675295772e-08, 1.78902155312e-08, 1.27503937963e-10]
    },
    "erbbands": {
        "dmean": [0.54361140728, 1.78879797459, 10.5420818329, 13.2957277298, 11.7482938766, 6.73677396774, 6.92589139938, 6.50976324081, 10.225892067, 9.76877117157, 13.917049408, 10.9317970276, 8.18085098267, 10.7065162659, 16.9729709625, 7.40663528442, 6.67417955399, 9.05750370026, 8.11801624298, 5.52914953232, 6.33630609512, 11.810049057, 10.2404460907, 4.60906267166, 7.09761714935, 6.91722345352, 6.30511140823, 6.31994628906, 6.12907886505, 4.22757291794, 4.02160739899, 1.98374342918, 1.03225588799, 1.06002783775, 0.381511449814, 0.17505119741, 0.0502540245652, 0.00794626772404, 0.000250994693488, 3.06539222947e-05],
        "dmean2": [0.79710060358, 2.85744428635, 18.4432907104, 23.6342067719, 22.447271347, 12.4934940338, 11.1854104996, 10.6046648026, 16.5629653931, 15.8265800476, 21.5596847534, 16.6113471985, 11.4441165924, 17.9794960022, 29.8232288361, 12.6710414886, 9.8909740448, 14.9677972794, 14.0772294998, 10.0406894684, 11.4233217239, 21.9321880341, 18.6920108795, 8.1388168335, 12.7126483917, 12.6701526642, 11.6717433929, 11.3993110657, 10.6841983795, 6.68590068817, 6.1522693634, 2.95337891579, 1.58475720882, 1.7676460743, 0.586742758751, 0.25969004631, 0.0773072317243, 0.0115045206621, 0.000369563698769, 4.77203757328e-05],
        "dvar": [0.674421191216, 18.3464069366, 1227.25280762, 1900.99768066, 1708.85241699, 433.792724609, 194.663452148, 182.660247803, 368.885101318, 395.059997559, 578.427612305, 439.434631348, 415.663299561, 659.674560547, 2201.89868164, 331.101867676, 214.827331543, 472.03125, 446.507110596, 233.170852661, 374.82019043, 1520.82568359, 1028.9354248, 156.795578003, 444.645263672, 482.435028076, 407.219573975, 335.15222168, 272.286132812, 149.927307129, 148.247085571, 42.5032691956, 11.75689888, 4.65646219254, 1.18198883533, 0.359459877014, 0.023417185992, 0.000866170739755, 1.19680953503e-06, 2.4011681532e-09],
        "dvar2": [1.12797832489, 41.8648796082, 3223.56835938, 5149.27246094, 4943.58544922, 1256.3572998, 458.03112793, 402.200195312, 899.313415527, 984.919067383, 1324.82910156, 1031.734375, 630.640686035, 1761.64099121, 5991.42871094, 801.030883789, 409.839355469, 1240.16748047, 1222.4777832, 664.67779541, 1061.37341309, 4373.45654297, 2953.0949707, 430.629119873, 1236.02099609, 1363.19287109, 1164.46850586, 934.175231934, 715.6484375, 306.700836182, 277.871337891, 82.3354949951, 23.1431312561, 10.5511188507, 2.52485442162, 0.70528793335, 0.050173509866, 0.0019125280669, 2.75704246633e-06, 4.93744822805e-09],
        "max": [7.85732603073, 27.5179100037, 196.93069458, 264.712615967, 264.667480469, 151.647033691, 143.284957886, 134.390579224, 240.735992432, 275.506561279, 208.239135742, 227.904693604, 419.74597168, 378.316741943, 488.201660156, 274.891967773, 201.613845825, 197.711257935, 257.795593262, 102.11895752, 219.933807373, 246.918533325, 221.618133545, 106.07660675, 192.659729004, 137.530517578, 134.862518311, 115.434020996, 172.835006714, 220.555648804, 293.016662598, 121.85320282, 48.7716407776, 21.7981739044, 14.2853918076, 10.8058280945, 2.28169059753, 0.498771488667, 0.0214592795819, 0.000442895747256],
        "mean": [1.51098096371, 2.90525341034, 7.21284151077, 9.16881752014, 7.59767580032, 6.03268289566, 8.98955726624, 9.08977603912, 15.189702034, 14.9897251129, 21.487039566, 18.2220344543, 15.0164165497, 13.5576591492, 15.6294927597, 8.02209377289, 8.77977752686, 10.502612114, 7.9143652916, 4.78454017639, 5.74501800537, 8.98009204865, 8.47796058655, 4.41541290283, 6.01074457169, 5.06431055069, 4.5961022377, 5.14987421036, 5.51888370514, 5.05641460419, 4.91198682785, 2.64833331108, 1.32444274426, 0.971576988697, 0.424819260836, 0.204081833363, 0.0608749762177, 0.00968503206968, 0.000307781534502, 6.50709698675e-05],
        "median": [0.085905790329, 0.335600554943, 0.389000803232, 0.917963564396, 0.598953127861, 1.68646585941, 4.14222097397, 3.32042741776, 5.16689586639, 5.21130180359, 4.39532709122, 2.82338356972, 2.19271230698, 1.84096801281, 1.65920495987, 0.992650449276, 1.01899254322, 1.14208710194, 1.18757343292, 1.08296656609, 0.985486447811, 1.20961773396, 1.44773828983, 1.0804746151, 1.1095584631, 0.616416633129, 0.626668274403, 0.606347501278, 0.651997685432, 0.669590950012, 0.578213334084, 0.426750451326, 0.22844055295, 0.111628681421, 0.0547981671989, 0.0245440006256, 0.00962478388101, 0.00120848417282, 6.01948886469e-05, 4.1384009819e-05],
        "min": [4.39818762743e-07, 5.13482154929e-06, 5.60198350286e-05, 0.000129168765852, 4.48863065685e-05, 0.000165088451467, 0.000565580208786, 0.000871309253853, 0.000769138685428, 0.000773759617005, 0.000860730884597, 0.000318886362948, 0.000145886529936, 0.000202793002245, 0.000256456027273, 3.82013968192e-05, 1.53435667016e-05, 6.69689961796e-06, 5.80605046707e-06, 1.37640961384e-06, 2.29901411331e-06, 7.47901685827e-06, 3.94298440369e-05, 7.74198560975e-05, 2.94330002362e-05, 4.43237422587e-06, 3.44131694874e-06, 5.2354903346e-06, 1.60588824656e-05, 1.74122797034e-05, 1.09542111204e-06, 9.98205791802e-07, 8.30385545214e-07, 1.82804981819e-07, 2.68603457698e-07, 1.19670858112e-07, 7.02998761426e-08, 2.40130475504e-08, 1.73655412272e-09, 1.80415049567e-09],
        "stdev": [1.95589876175, 4.66975545883, 29.152545929, 35.3288764954, 30.575881958, 16.3201351166, 14.4596881866, 15.5481042862, 23.5808925629, 25.2569408417, 33.5825767517, 31.3366222382, 39.4245300293, 30.1884555817, 44.1194038391, 20.7764701843, 22.00116539, 24.633523941, 19.4340362549, 12.4639902115, 17.6880054474, 30.6343688965, 25.6740474701, 10.9174795151, 17.4995574951, 17.2767162323, 15.5502347946, 15.1842823029, 15.3665132523, 15.4138765335, 17.3312091827, 9.09603214264, 4.50255918503, 2.4309129715, 1.33093631268, 0.772541582584, 0.194402545691, 0.0357019677758, 0.00121655210387, 6.99276788509e-05],
        "var": [3.82554006577, 21.8066177368, 849.870910645, 1248.1295166, 934.88458252, 266.346832275, 209.082580566, 241.743545532, 556.05847168, 637.913024902, 1127.78942871, 981.983947754, 1554.29345703, 911.342895508, 1946.52185059, 431.661743164, 484.051300049, 606.810546875, 377.681732178, 155.35105896, 312.865539551, 938.464538574, 659.156677246, 119.191352844, 306.23449707, 298.484893799, 241.809799194, 230.562423706, 236.129714966, 237.587585449, 300.370819092, 82.7377929688, 20.2730388641, 5.9093375206, 1.77139151096, 0.596820473671, 0.0377923510969, 0.00127463054378, 1.47999901401e-06, 4.88988050051e-09]
    },
    "gfcc": {
        "mean": [-67.7530059814, 95.5968170166, -88.0434799194, 36.6746368408, -60.4242782593, 15.1969242096, -32.0998573303, 13.8738288879, -12.0980978012, 7.83500099182, -6.71006441116, 5.30807209015, -4.90450668335],
        "cov": [[9655.00195312, -1473.74182129, 182.206954956, -481.839355469, -730.155883789, 701.964294434, -143.211959839, 346.050750732, -138.297958374, 66.0527191162, -516.76965332, 146.741363525, -900.057861328], [-1473.74182129, 1802.78637695, -230.282073975, -289.241546631, 295.988525391, -348.431732178, 138.160217285, -90.3750839233, 74.3188018799, -166.90007019, 178.124221802, -154.613708496, 212.282577515], [182.206954956, -230.282073975, 1759.14282227, 314.977844238, 465.446685791, 411.873504639, 188.102432251, 163.201339722, 165.214935303, 284.332214355, 173.703353882, 126.757911682, 38.7909965515], [-481.839355469, -289.241546631, 314.977844238, 705.15423584, 211.029342651, 28.9632015228, 26.5320243835, 11.9798192978, 54.6204833984, 55.0699501038, 120.238777161, 36.4709358215, 194.430938721], [-730.155883789, 295.988525391, 465.446685791, 211.029342651, 663.560913086, 169.238037109, 263.446289062, 32.4886550903, 140.885131836, 111.237510681, 184.90133667, 114.539657593, 188.00553894], [701.964294434, -348.431732178, 411.873504639, 28.9632015228, 169.238037109, 448.478424072, 174.094650269, 72.3992767334, 92.2059936523, 103.558113098, -5.02204275131, 85.4469604492, -76.1727676392], [-143.211959839, 138.160217285, 188.102432251, 26.5320243835, 263.446289062, 174.094650269, 361.051727295, 68.5528106689, 124.956726074, 66.5362548828, 114.802108765, 95.7274246216, 42.5816688538], [346.050750732, -90.3750839233, 163.201339722, 11.9798192978, 32.4886550903, 72.3992767334, 68.5528106689, 194.822692871, 76.3538589478, 64.9122238159, 48.7868614197, 38.8788833618, -22.9549331665], [-138.297958374, 74.3188018799, 165.214935303, 54.6204833984, 140.885131836, 92.2059936523, 124.956726074, 76.3538589478, 227.202301025, 80.4032287598, 89.6907806396, 41.3382720947, 36.0339050293], [66.0527191162, -166.90007019, 284.332214355, 55.0699501038, 111.237510681, 103.558113098, 66.5362548828, 64.9122238159, 80.4032287598, 186.345397949, 66.9335098267, 59.0177650452, 16.6795883179], [-516.76965332, 178.124221802, 173.703353882, 120.238777161, 184.90133667, -5.02204275131, 114.802108765, 48.7868614197, 89.6907806396, 66.9335098267, 192.309799194, 61.9819793701, 97.8518600464], [146.741363525, -154.613708496, 126.757911682, 36.4709358215, 114.539657593, 85.4469604492, 95.7274246216, 38.8788833618, 41.3382720947, 59.0177650452, 61.9819793701, 184.156951904, 1.33155465126], [-900.057861328, 212.282577515, 38.7909965515, 194.430938721, 188.00553894, -76.1727676392, 42.5816688538, -22.9549331665, 36.0339050293, 16.6795883179, 97.8518600464, 1.33155465126, 244.039230347]],
        "icov": [[0.000205340358661, -0.000102254212834, 2.55199320236e-05, -0.000143503391882, 0.000127385239466, -0.000276663544355, 8.3469421952e-05, -0.000359571859008, 0.000133582740091, -0.000159329007147, 0.000434249697719, -0.000285955611616, 0.000542280147783], [-0.000102254212834, 0.0019558435306, -0.000232180565945, 0.00152927055024, -0.00115904188715, 0.00152373372111, -0.000695726717822, 0.0006670858711, -0.000821081805043, 0.00204761745408, -0.00191082339734, 0.00199346151203, -0.000970701279584], [2.55199320236e-05, -0.000232180565945, 0.00107426277827, -0.000456534937257, -0.000370870257029, -0.000865199428517, 0.000463832111564, -0.000425586273195, 0.000303337204969, -0.00112112157512, -0.000244411116, -1.36814214784e-05, 0.000513666600455], [-0.000143503391882, 0.00152927055024, -0.000456534937257, 0.00328732957132, -0.000877327984199, 0.000832055986393, 3.4745182802e-06, 0.000595510995481, -0.000677853007801, 0.00187014590483, -0.00222013238817, 0.00141213822644, -0.002560273977], [0.000127385239466, -0.00115904188715, -0.000370870257029, -0.000877327984199, 0.00428407872096, -0.00170081760734, -0.000883055792656, 0.000247631280217, 0.000252016237937, -0.00110066484194, 0.000211357022636, -0.00187868950889, -0.00145443074871], [-0.000276663544355, 0.00152373372111, -0.000865199428517, 0.000832055986393, -0.00170081760734, 0.00611948315054, -0.00241548009217, 0.000710365828127, -0.00148645939771, 0.000673601171002, 0.000974206195679, 0.00104005867615, 0.000614600488916], [8.3469421952e-05, -0.000695726717822, 0.000463832111564, 3.4745182802e-06, -0.000883055792656, -0.00241548009217, 0.00584974652156, -0.000919287907891, -0.000659638026264, -2.51186756941e-05, -0.00137594493572, -0.00153034203686, 0.000314892531605], [-0.000359571859008, 0.0006670858711, -0.000425586273195, 0.000595510995481, 0.000247631280217, 0.000710365828127, -0.000919287907891, 0.00766542274505, -0.00186172453687, -0.000233067155932, -0.00237999134697, 0.000692304107361, -0.000159511546372], [0.000133582740091, -0.000821081805043, 0.000303337204969, -0.000677853007801, 0.000252016237937, -0.00148645939771, -0.000659638026264, -0.00186172453687, 0.00725264335051, -0.00226867431775, -0.000886229914613, -0.000207195800613, 0.000421250239015], [-0.000159329007147, 0.00204761745408, -0.00112112157512, 0.00187014590483, -0.00110066484194, 0.000673601171002, -2.51186756941e-05, -0.000233067155932, -0.00226867431775, 0.0108932182193, -0.00351663073525, 0.000895433826372, -0.00164429133292], [0.000434249697719, -0.00191082339734, -0.000244411116, -0.00222013238817, 0.000211357022636, 0.000974206195679, -0.00137594493572, -0.00237999134697, -0.000886229914613, -0.00351663073525, 0.0139207225293, -0.0040678572841, 4.0547678509e-05], [-0.000285955611616, 0.00199346151203, -1.36814214784e-05, 0.00141213822644, -0.00187868950889, 0.00104005867615, -0.00153034203686, 0.000692304107361, -0.000207195800613, 0.000895433826372, -0.0040678572841, 0.00952720921487, -0.000259015272604], [0.000542280147783, -0.000970701279584, 0.000513666600455, -0.002560273977, -0.00145443074871, 0.000614600488916, 0.000314892531605, -0.000159511546372, 0.000421250239015, -0.00164429133292, 4.0547678509e-05, -0.000259015272604, 0.0101779866964]]
    },
    "melbands": {
        "dmean": [0.00348420231603, 0.00410197488964, 0.00219277432188, 0.000636099895928, 0.000233192724409, 0.000148257575347, 0.000159217917826, 0.000113057016279, 0.000113739086373, 6.60288569634e-05, 3.93968512071e-05, 4.03091289627e-05, 6.63579776301e-05, 2.56199746218e-05, 1.58353959705e-05, 1.67477010109e-05, 1.75130699063e-05, 1.48333738252e-05, 9.01081966731e-06, 5.95515120949e-06, 7.34296509108e-06, 1.14387357826e-05, 1.23114341477e-05, 6.4678642957e-06, 3.17478952638e-06, 5.71679584027e-06, 4.1246589717e-06, 5.02437660543e-06, 4.02454952564e-06, 4.68708503831e-06, 3.40919382325e-06, 3.69925942323e-06, 3.04129184769e-06, 2.23384199671e-06, 2.57827582573e-06, 1.79191761163e-06, 1.06723643967e-06, 7.65462175423e-07, 7.2598601264e-07, 9.85456836133e-07],
        "dmean2": [0.004911984317, 0.00690980721265, 0.00386445317417, 0.00120996753685, 0.000375579984393, 0.000240049761487, 0.000258395564742, 0.000178559639608, 0.000173887587152, 0.00010003184434, 5.54129983357e-05, 6.6812717705e-05, 0.000117743249575, 4.39003597421e-05, 2.60570777755e-05, 2.42335991061e-05, 2.92858894682e-05, 2.56367293332e-05, 1.64717694133e-05, 1.07216383185e-05, 1.3164619304e-05, 2.11251299334e-05, 2.25669919018e-05, 1.18545667647e-05, 5.51356743017e-06, 1.03339816633e-05, 7.23718221707e-06, 9.34152012633e-06, 7.50877507016e-06, 8.63727746037e-06, 6.12203575656e-06, 6.5186932261e-06, 5.14434486831e-06, 3.41394866155e-06, 4.04618276661e-06, 2.70464738605e-06, 1.61037235102e-06, 1.1651462728e-06, 1.14478052637e-06, 1.6678591237e-06],
        "dvar": [2.3502345357e-05, 0.000162875265232, 5.01468530274e-05, 4.57411670141e-06, 2.54793434351e-07, 8.72539729357e-08, 8.24045613967e-08, 5.06410771095e-08, 3.91548873324e-08, 1.61232627249e-08, 9.86024240035e-09, 8.9349425636e-09, 3.68974895082e-08, 3.38278782763e-09, 1.60464497245e-09, 1.46390399802e-09, 1.87821980191e-09, 1.52741397308e-09, 6.42949526952e-10, 2.50010762093e-10, 4.99571439772e-10, 1.38660738447e-09, 1.48149348345e-09, 4.03499150758e-10, 6.87633908147e-11, 2.91634549843e-10, 1.44518924605e-10, 2.76511563646e-10, 1.73147343685e-10, 2.25519644625e-10, 8.87639267644e-11, 1.01412038489e-10, 7.01146918303e-11, 4.79627240701e-11, 6.40755642989e-11, 3.34918516531e-11, 1.40974940055e-11, 7.50148380912e-12, 3.83938323842e-12, 3.87442161687e-12],
        "dvar2": [3.94567723561e-05, 0.00040650786832, 0.000134072790388, 1.32841832965e-05, 6.3652390736e-07, 1.89546369711e-07, 2.04605129284e-07, 1.23523761886e-07, 8.69421299399e-08, 3.70949599926e-08, 1.50603529647e-08, 2.33146995043e-08, 1.02444758454e-07, 8.51467074625e-09, 3.70598352006e-09, 2.775634389e-09, 5.01880048631e-09, 4.17061851721e-09, 1.83760440198e-09, 6.90391355196e-10, 1.39873879146e-09, 3.97726962476e-09, 4.23773105496e-09, 1.16008369577e-09, 1.81423626122e-10, 8.18850098838e-10, 3.82835624313e-10, 7.88582921185e-10, 4.97461183357e-10, 6.44939379679e-10, 2.44631204183e-10, 2.73023742503e-10, 1.67920163885e-10, 9.89773887849e-11, 1.28470123428e-10, 6.43896394537e-11, 2.89557440525e-11, 1.48749502299e-11, 8.1416774364e-12, 9.21888607119e-12],
        "max": [0.049181971699, 0.0725712180138, 0.0431231334805, 0.0135503169149, 0.00511035090312, 0.00264561339281, 0.0033689327538, 0.00326321111061, 0.00156987155788, 0.00141611660365, 0.00203171512112, 0.001543624443, 0.0020530228503, 0.000811066594906, 0.000634490861557, 0.000581660948228, 0.000372406851966, 0.000496699300129, 0.000177805675776, 0.000193106126972, 0.000280202337308, 0.00024655868765, 0.00025755277602, 0.000138354342198, 9.73677742877e-05, 0.000159223694936, 0.0001543986873, 0.000107935498818, 9.07762441784e-05, 9.79991891654e-05, 5.91470561631e-05, 7.62793570175e-05, 0.00012753259216, 0.00011198802531, 0.000204189491342, 0.000138921270263, 7.69016332924e-05, 4.57805181213e-05, 2.70151595032e-05, 2.03193285415e-05],
        "mean": [0.00982556678355, 0.00351062975824, 0.0015519533772, 0.000470458122436, 0.00029857645859, 0.000212823113543, 0.000227608339628, 0.000176568690222, 0.00017298271996, 0.000112006717245, 7.1969050623e-05, 5.25140312675e-05, 5.81467575103e-05, 2.74120175163e-05, 1.67148391483e-05, 2.16594398808e-05, 1.90355476661e-05, 1.38203258757e-05, 7.5092661973e-06, 5.52258552489e-06, 6.71270572639e-06, 8.61406624608e-06, 9.9520348158e-06, 5.27732663613e-06, 3.17577473652e-06, 4.71713383376e-06, 3.56078589903e-06, 3.44132877217e-06, 2.80755648419e-06, 3.35192430612e-06, 2.88925639325e-06, 3.19174114338e-06, 2.97298674923e-06, 2.77778599411e-06, 3.02857711176e-06, 2.21546565626e-06, 1.38823168072e-06, 9.71364443103e-07, 7.61126102589e-07, 8.40644020172e-07],
        "median": [0.000666506122798, 0.000452674546978, 0.00014993287914, 7.51802217565e-05, 0.000141089389217, 9.03472027858e-05, 7.98185792519e-05, 5.06897449668e-05, 3.04300083371e-05, 1.71620813489e-05, 1.06136458271e-05, 7.98986638983e-06, 5.78210801905e-06, 3.36389871336e-06, 1.9919582428e-06, 2.17286287807e-06, 2.01629745789e-06, 1.90599814687e-06, 1.24585278627e-06, 1.20400432024e-06, 1.04469404505e-06, 1.05451567833e-06, 1.40095391998e-06, 9.59141289059e-07, 7.36790468636e-07, 8.31957436276e-07, 5.86601629493e-07, 2.84464533706e-07, 3.13650303951e-07, 3.64339484804e-07, 3.16286843827e-07, 3.11766569894e-07, 3.8910047806e-07, 3.33486298132e-07, 3.13914227945e-07, 2.80702238342e-07, 2.21981991899e-07, 1.34367823534e-07, 9.70832161329e-08, 7.68182104594e-08],
        "min": [3.83214171507e-09, 6.57713794538e-09, 1.95888301135e-08, 6.09462391665e-09, 1.78975962939e-08, 1.94965377176e-08, 1.14034639509e-08, 8.64912585996e-09, 6.5222010015e-09, 1.64783975354e-09, 6.62088439629e-10, 7.48238249138e-10, 1.01721708834e-09, 2.27017959986e-10, 4.00723412786e-11, 2.04337016058e-11, 1.24588351788e-11, 1.17087693707e-11, 1.7905107735e-12, 2.26457524607e-12, 2.53725274298e-12, 7.19014257855e-12, 8.54327632943e-12, 6.41945177571e-11, 6.52895376652e-11, 2.81967851845e-11, 8.38647727652e-12, 1.84321199796e-12, 2.45808451718e-12, 1.63422151245e-12, 3.61075362318e-12, 7.26995937408e-12, 1.8620221684e-11, 4.58592452207e-12, 3.22898663103e-13, 3.70538886033e-13, 6.50036827751e-13, 7.81433349018e-13, 2.10014717747e-13, 9.34930979206e-14],
        "stdev": [0.0121742915362, 0.0112502695993, 0.00581900961697, 0.00159064296167, 0.000495556509122, 0.000340233033057, 0.000344015687006, 0.000299376435578, 0.000285519898171, 0.000196956170839, 0.000192262654309, 0.00011717115558, 0.000168885904714, 7.08388906787e-05, 4.49567523901e-05, 5.79368061153e-05, 4.65215234726e-05, 3.59227997251e-05, 2.01596703846e-05, 1.5056056327e-05, 2.16564494622e-05, 2.96023918054e-05, 3.10973227897e-05, 1.58413840836e-05, 7.80813479651e-06, 1.39084158945e-05, 1.08519943751e-05, 1.27496696223e-05, 1.00169127109e-05, 1.15771399578e-05, 8.10859910416e-06, 8.98457619769e-06, 8.78718583408e-06, 8.71174415806e-06, 1.09081802293e-05, 8.00858106231e-06, 4.91199944008e-06, 3.60489252671e-06, 2.38301663558e-06, 2.07096218219e-06],
        "var": [0.000148213366629, 0.00012656855688, 3.38608733728e-05, 2.53014491136e-06, 2.45576245561e-07, 1.15758524544e-07, 1.18346797251e-07, 8.96262548622e-08, 8.15216125716e-08, 3.87917324929e-08, 3.69649271192e-08, 1.37290792068e-08, 2.85224466268e-08, 5.01814856335e-09, 2.02110972403e-09, 3.35667338369e-09, 2.16425211086e-09, 1.29044752661e-09, 4.06412320464e-10, 2.2668482369e-10, 4.69001781855e-10, 8.76301642361e-10, 9.67043445321e-10, 2.50949427905e-10, 6.09669675855e-11, 1.93444038565e-10, 1.17765783236e-10, 1.62554067429e-10, 1.00338536091e-10, 1.34030161969e-10, 6.57493851031e-11, 8.07226091526e-11, 7.72146374617e-11, 7.58944920798e-11, 1.18988388587e-10, 6.41373690269e-11, 2.41277397367e-11, 1.29952507089e-11, 5.67876778587e-12, 4.28888478551e-12]
    },
    "melbands128": {
