{
"lowlevel": {
    "average_loudness": 0.946352183819,
    "barkbands_crest": {
        "dmean": 2.44367909431,
        "dmean2": 3.76173233986,
        "dvar": 6.60643815994,
        "dvar2": 15.5701417923,
        "max": 25.9377574921,
        "mean": 13.0729351044,
        "median": 12.6375741959,
        "min": 2.46769523621,
        "stdev": 4.86561346054,
        "var": 23.6741924286
    },
    "barkbands_flatness_db": {
        "dmean": 0.0330319665372,
        "dmean2": 0.0454354025424,
        "dvar": 0.00113519886509,
        "dvar2": 0.00226824823767,
        "max": 0.456604152918,
        "mean": 0.217731043696,
        "median": 0.208010464907,
        "min": 0.0216631256044,
        "stdev": 0.0732369795442,
        "var": 0.00536365481094
    },
    "barkbands_kurtosis": {
        "dmean": 7.2514667511,
        "dmean2": 11.0291986465,
        "dvar": 197.086776733,
        "dvar2": 468.630859375,
        "max": 245.623382568,
        "mean": 11.936205864,
        "median": 5.99901008606,
        "min": -1.83559560776,
        "stdev": 19.4096374512,
        "var": 376.734008789
    },
    "barkbands_skewness": {
        "dmean": 0.793724417686,
        "dmean2": 1.16901028156,
        "dvar": 1.06815218925,
        "dvar2": 2.48303318024,
        "max": 13.073433876,
        "mean": 2.34551501274,
        "median": 2.09114789963,
        "min": -2.07557606697,
        "stdev": 1.8032515049,
        "var": 3.25171589851
    },
    "barkbands_spread": {
        "dmean": 4.814930439,
        "dmean2": 7.20619440079,
        "dvar": 44.2981147766,
        "dvar2": 102.713905334,
        "max": 97.2955551147,
        "mean": 15.7673168182,
        "median": 10.7959871292,
        "min": 0.514646530151,
        "stdev": 13.8444690704,
        "var": 191.669326782
    },
    "dissonance": {
        "dmean": 0.0238807518035,
        "dmean2": 0.0389016084373,
        "dvar": 0.000495481537655,
        "dvar2": 0.00132089527324,
        "max": 0.499597162008,
        "mean": 0.445484369993,
        "median": 0.453137159348,
        "min": 0.280156821012,
        "stdev": 0.0363751873374,
        "var": 0.00132315419614
    },
    "dynamic_complexity": 3.19102740288,
    "erbbands_crest": {
        "dmean": 2.82922649384,
        "dmean2": 4.45565891266,
        "dvar": 10.6817512512,
        "dvar2": 26.5362148285,
        "max": 29.6142902374,
        "mean": 10.9950027466,
        "median": 9.57831954956,
        "min": 2.82109498978,
        "stdev": 5.25696849823,
        "var": 27.635717392
    },
    "erbbands_flatness_db": {
        "dmean": 0.0260699298233,
        "dmean2": 0.0340450592339,
        "dvar": 0.000679711578414,
        "dvar2": 0.00131699431222,
        "max": 0.384331017733,
        "mean": 0.190850868821,
        "median": 0.18481515348,
        "min": 0.0756648629904,
        "stdev": 0.0508771240711,
        "var": 0.00258848187514
    },
    "erbbands_kurtosis": {
        "dmean": 1.56593191624,
        "dmean2": 2.42486357689,
        "dvar": 7.93009281158,
        "dvar2": 18.2603416443,
        "max": 51.0731658936,
        "mean": 1.25363731384,
        "median": -0.116943001747,
        "min": -1.80257463455,
        "stdev": 4.02957248688,
        "var": 16.2374534607
    },
    "erbbands_skewness": {
        "dmean": 0.458516180515,
        "dmean2": 0.687022209167,
        "dvar": 0.257871031761,
        "dvar2": 0.614552974701,
        "max": 5.64919948578,
        "mean": 0.720441043377,
        "median": 0.553278326988,
        "min": -2.41861653328,
        "stdev": 1.06250321865,
        "var": 1.12891316414
    },
    "erbbands_spread": {
        "dmean": 10.4127664566,
        "dmean2": 15.7501296997,
        "dvar": 176.80329895,
        "dvar2": 408.467407227,
        "max": 168.559616089,
        "mean": 37.2938194275,
        "median": 34.1392593384,
        "min": 3.98382329941,
        "stdev": 18.8426418304,
        "var": 355.045166016
    },
    "hfc": {
        "dmean": 4.62985277176,
        "dmean2": 6.67928361893,
        "dvar": 36.0683364868,
        "dvar2": 78.442489624,
        "max": 68.4189910889,
        "mean": 13.0745229721,
        "median": 8.88130569458,
        "min": 1.10932014044e-16,
        "stdev": 11.8933763504,
        "var": 141.452392578
    },
    "loudness_ebu128": {
        "integrated": -11.8156957626,
        "loudness_range": 2.85098934174,
        "momentary": {
            "dmean": 1.09250283241,
            "dmean2": 1.42154610157,
            "dvar": 6.71081161499,
            "dvar2": 6.17595148087,
            "max": -8.68526268005,
            "mean": -12.5034923553,
            "median": -11.8617124557,
            "min": -94.7739868164,
            "stdev": 4.19378900528,
            "var": 17.5878677368
        },
        "short_term": {
            "dmean": 0.114211350679,
            "dmean2": 0.134404987097,
            "dvar": 0.00767788151279,
            "dvar2": 0.0118240574375,
            "max": -9.77435112,
            "mean": -11.9345750809,
            "median": -12.2007389069,
            "min": -14.076128006,
            "stdev": 1.08489501476,
            "var": 1.17699730396
        }
    },
    "melbands_crest": {
        "dmean": 2.64342546463,
        "dmean2": 4.11971759796,
        "dvar": 8.36108207703,
        "dvar2": 19.5965557098,
        "max": 31.3479347229,
        "mean": 15.8775377274,
        "median": 15.5410461426,
        "min": 1.73104727268,
        "stdev": 5.2656583786,
        "var": 27.7271575928
    },
    "melbands_flatness_db": {
        "dmean": 0.0384882986546,
        "dmean2": 0.0502168089151,
        "dvar": 0.00181125954259,
        "dvar2": 0.0035231190268,
        "max": 0.534150183201,
        "mean": 0.265398085117,
        "median": 0.25612205267,
        "min": 0.00487487902865,
        "stdev": 0.0981977656484,
        "var": 0.00964280124754
    },
    "melbands_kurtosis": {
        "dmean": 15.7963657379,
        "dmean2": 24.6307258606,
        "dvar": 960.203063965,
        "dvar2": 2304.04931641,
        "max": 401.576782227,
        "mean": 26.583442688,
        "median": 14.4694356918,
        "min": -1.34432649612,
        "stdev": 37.5767745972,
        "var": 1412.01391602
    },
    "melbands_skewness": {
        "dmean": 1.05944097042,
        "dmean2": 1.59100198746,
        "dvar": 2.09616446495,
        "dvar2": 4.78361940384,
        "max": 15.7943058014,
        "mean": 3.41546654701,
        "median": 3.04215097427,
        "min": -0.462648004293,
        "stdev": 2.17055892944,
        "var": 4.71132612228
    },
    "melbands_spread": {
        "dmean": 5.43086004257,
        "dmean2": 8.02944087982,
        "dvar": 75.7445068359,
        "dvar2": 164.549057007,
        "max": 154.981216431,
        "mean": 17.2860546112,
        "median": 9.59980201721,
        "min": 0.63430082798,
        "stdev": 19.3350353241,
        "var": 373.843566895
    },
    "pitch_salience": {
        "dmean": 0.0717408880591,
        "dmean2": 0.111421570182,
        "dvar": 0.00601974269375,
        "dvar2": 0.0142998872325,
        "max": 0.916509687901,
        "mean": 0.466549426317,
        "median": 0.463370800018,
        "min": 0.0912018418312,
        "stdev": 0.135544523597,
        "var": 0.0183723177761
    },
    "silence_rate_20dB": {
        "dmean": 0,
        "dmean2": 0,
        "dvar": 0,
        "dvar2": 0,
        "max": 1,
        "mean": 1,
        "median": 1,
        "min": 1,
        "stdev": 0,
        "var": 0
    },
    "silence_rate_30dB": {
        "dmean": 0.0247773900628,
        "dmean2": 0.0495739728212,
        "dvar": 0.0241636540741,
        "dvar2": 0.0657058432698,
        "max": 1,
        "mean": 0.98452013731,
        "median": 1,
        "min": 0,
        "stdev": 0.12345315516,
        "var": 0.015240682289
    },
    "silence_rate_60dB": {
        "dmean": 0.0414246991277,
        "dmean2": 0.082881487906,
        "dvar": 0.0397092364728,
        "dvar2": 0.0853052064776,
        "max": 1,
        "mean": 0.0727554187179,
        "median": 0,
        "min": 0,
        "stdev": 0.259737104177,
        "var": 0.0674633681774
    },
    "spectral_centroid": {
        "dmean": 244.683029175,
        "dmean2": 364.350494385,
        "dvar": 128312.210938,
        "dvar2": 275235.40625,
        "max": 11551.4042969,
        "mean": 1102.02697754,
        "median": 758.420593262,
        "min": 168.381851196,
        "stdev": 1041.82299805,
        "var": 1085395.125
    },
    "spectral_complexity": {
        "dmean": 2.33565616608,
        "dmean2": 3.60457015038,
        "dvar": 8.43975830078,
        "dvar2": 19.1305999756,
        "max": 40,
        "mean": 10.1369972229,
        "median": 9,
        "min": 0,
        "stdev": 5.05809211731,
        "var": 25.5842952728
    },
    "spectral_decrease": {
        "dmean": 3.60175245184e-09,
        "dmean2": 5.07967001795e-09,
        "dvar": 3.78900171183e-17,
        "dvar2": 8.81135684851e-17,
        "max": 9.60040447573e-29,
        "mean": -7.12878556186e-09,
        "median": -4.6561963174e-09,
        "min": -4.87880242872e-08,
        "stdev": 7.51382156494e-09,
        "var": 5.64575186439e-17
    },
    "spectral_energy": {
        "dmean": 0.0139438649639,
        "dmean2": 0.0196773223579,
        "dvar": 0.000555596780032,
        "dvar2": 0.00128974788822,
        "max": 0.187630683184,
        "mean": 0.0280915666372,
        "median": 0.0186601541936,
        "min": 1.01185320795e-20,
        "stdev": 0.0289591886103,
        "var": 0.000838634558022
    },
    "spectral_energyband_high": {
        "dmean": 0.000225529802265,
        "dmean2": 0.000352230592398,
        "dvar": 1.37061476835e-07,
        "dvar2": 3.00206949078e-07,
        "max": 0.00613369047642,
        "mean": 0.000445370387752,
        "median": 0.000123391233501,
        "min": 7.07838968118e-21,
        "stdev": 0.000664517225232,
        "var": 4.41583125621e-07
    },
    "spectral_energyband_low": {
        "dmean": 0.00729102501646,
        "dmean2": 0.0112177040428,
        "dvar": 0.000375207513571,
        "dvar2": 0.000962894642726,
        "max": 0.157305598259,
        "mean": 0.0115525880828,
        "median": 0.00597445294261,
        "min": 2.00431096671e-23,
        "stdev": 0.0189655069262,
        "var": 0.000359690486221
    },
    "spectral_energyband_middle_high": {
        "dmean": 0.000753198517486,
        "dmean2": 0.00110414903611,
        "dvar": 1.84531256764e-06,
        "dvar2": 3.67409893443e-06,
        "max": 0.0315476320684,
        "mean": 0.00276010739617,
        "median": 0.000867167545948,
        "min": 1.28253525988e-21,
        "stdev": 0.00351110519841,
        "var": 1.23278605315e-05
    },
    "spectral_energyband_middle_low": {
        "dmean": 0.00777565920725,
        "dmean2": 0.010867299512,
        "dvar": 0.000157237998792,
        "dvar2": 0.000329383765347,
        "max": 0.113752447069,
        "mean": 0.0138213299215,
        "median": 0.00622190767899,
        "min": 1.50856218555e-22,
        "stdev": 0.0174267664552,
        "var": 0.000303692213492
    },
    "spectral_entropy": {
        "dmean": 0.337212443352,
        "dmean2": 0.423842072487,
        "dvar": 0.108744099736,
        "dvar2": 0.189543738961,
        "max": 9.81321525574,
        "mean": 6.93014478683,
        "median": 6.94748783112,
        "min": 4.71091938019,
        "stdev": 0.662668406963,
        "var": 0.439129441977
    },
    "spectral_flux": {
        "dmean": 0.0392142385244,
        "dmean2": 0.0597627088428,
        "dvar": 0.00306535395794,
        "dvar2": 0.00689914450049,
        "max": 0.397128343582,
        "mean": 0.068306863308,
        "median": 0.0473274476826,
        "min": 6.60322699297e-11,
        "stdev": 0.0630423054099,
        "var": 0.00397433247417
    },
    "spectral_kurtosis": {
        "dmean": 3.42172932625,
        "dmean2": 5.0850725174,
        "dvar": 19.2758388519,
        "dvar2": 39.7747840881,
        "max": 48.2216835022,
        "mean": 6.45235013962,
        "median": 4.05735874176,
        "min": -1.26018166542,
        "stdev": 6.66585206985,
        "var": 44.4335861206
    },
    "spectral_rms": {
        "dmean": 0.00113670539577,
        "dmean2": 0.00152424664702,
        "dvar": 2.52701261161e-06,
        "dvar2": 5.38359745406e-06,
        "max": 0.0135297570378,
        "mean": 0.00464230403304,
        "median": 0.00426673516631,
        "min": 3.14193224389e-12,
        "stdev": 0.00241980655119,
        "var": 5.85546376897e-06
    },
    "spectral_rolloff": {
        "dmean": 342.382019043,
        "dmean2": 560.639099121,
        "dvar": 496411.9375,
        "dvar2": 1017137,
        "max": 19379.8828125,
        "mean": 1152.53295898,
        "median": 452.197265625,
        "min": 64.599609375,
        "stdev": 1744.93505859,
        "var": 3044798.5
    },
    "spectral_skewness": {
        "dmean": 0.405126273632,
        "dmean2": 0.579199910164,
        "dvar": 0.191986203194,
        "dvar2": 0.367595016956,
        "max": 4.90020656586,
        "mean": 1.79620552063,
        "median": 1.52922201157,
        "min": -0.0564314350486,
        "stdev": 0.799838244915,
        "var": 0.639741241932
    },
    "spectral_spread": {
        "dmean": 768775.75,
        "dmean2": 1014547.3125,
        "dvar": 1.0219978752e+12,
        "dvar2": 1.79929599181e+12,
        "max": 42330320,
        "mean": 4283118.5,
        "median": 4078092.5,
        "min": 1190124.5,
        "stdev": 2848685.75,
        "var": 8.11500988006e+12
    },
    "spectral_strongpeak": {
        "dmean": 0.373129606247,
        "dmean2": 0.584547519684,
        "dvar": 0.343850255013,
        "dvar2": 0.845953881741,
        "max": 6.94371366501,
        "mean": 0.842481374741,
        "median": 0.536624968052,
        "min": 0,
        "stdev": 0.811524868011,
        "var": 0.658572614193
    },
    "zerocrossingrate": {
        "dmean": 0.00864596199244,
        "dmean2": 0.0105334101245,
        "dvar": 0.000124377475004,
        "dvar2": 0.000150743027916,
        "max": 0.51708984375,
        "mean": 0.0404207669199,
        "median": 0.033203125,
        "min": 0.00341796875,
        "stdev": 0.044309578836,
        "var": 0.00196333881468
    },
    "barkbands": {
        "dmean": [8.80183433765e-05, 0.00426769349724, 0.00287040998228, 0.000971227651462, 0.00553226005286, 0.000777275767177, 0.000735265435651, 0.00026514774072, 0.000802276772447, 0.000231755358982, 9.02820829651e-05, 6.46846310701e-05, 0.000149139712448, 7.65423392295e-05, 0.000127804814838, 6.28418129054e-05, 0.000162284180988, 5.47425115656e-05, 0.000119551572425, 7.28037703084e-05, 8.49717180245e-05, 6.01834071858e-05, 3.52455390384e-05, 3.29085087287e-05, 1.87852565432e-05, 4.41258407591e-06, 2.86949708439e-09],
        "dmean2": [0.000150960506289, 0.00649596471339, 0.0045576421544, 0.00157345866319, 0.00736535014585, 0.00124003749806, 0.00118311087135, 0.000434807676356, 0.0013919576304, 0.00035601152922, 0.000138580886414, 9.89464315353e-05, 0.00021523826581, 0.000106395033072, 0.000192027073354, 0.000100007287983, 0.00024771259632, 8.46003094921e-05, 0.000185059048817, 0.000112405417894, 0.000138110830449, 9.77548697847e-05, 5.55776896363e-05, 5.20098437846e-05, 2.74173526122e-05, 6.81146457282e-06, 3.79175046916e-09],
        "dvar": [7.30600717702e-08, 0.000146608581417, 9.18003061088e-05, 4.78238689539e-06, 0.000126703394926, 3.12908491651e-06, 4.31342232332e-06, 3.06979973175e-06, 1.10926184789e-05, 4.18185777562e-07, 8.94786822414e-08, 3.44523378715e-08, 1.3823787981e-07, 4.23897148494e-08, 6.96792241683e-08, 3.10347800792e-08, 1.39856553005e-07, 1.62646216495e-08, 4.19827266285e-08, 1.67729350409e-08, 2.21519318444e-08, 1.08409237143e-08, 3.78530762291e-09, 5.06813213619e-09, 2.76564326995e-09, 1.19491874728e-10, 8.06669709735e-15],
        "dvar2": [1.93982174324e-07, 0.000366629421478, 0.000236560706981, 1.14199910968e-05, 0.000268402538495, 6.76830904922e-06, 1.08469394036e-05, 7.58844225857e-06, 3.10291652568e-05, 9.52064340254e-07, 2.01772323294e-07, 6.72325342066e-08, 2.43759728846e-07, 7.42036050383e-08, 1.48298681779e-07, 8.08156030985e-08, 3.05803581568e-07, 3.27931211075e-08, 9.09428194973e-08, 3.71745976224e-08, 5.44917924117e-08, 2.62123762695e-08, 8.32766477998e-09, 1.01754018544e-08, 4.00697963698e-09, 2.28061361462e-10, 8.08300586972e-15],
        "max": [0.0032112414483, 0.117496222258, 0.100272253156, 0.033526815474, 0.104493677616, 0.047383479774, 0.0268691182137, 0.0580699145794, 0.0331974290311, 0.0173987597227, 0.00921390671283, 0.00717070186511, 0.011125523597, 0.00572152761742, 0.00437319232151, 0.00317090284079, 0.00712809152901, 0.00351308402605, 0.00310357660055, 0.00212234770879, 0.00278735440224, 0.0012575390283, 0.0013980033109, 0.0021245891694, 0.00200346321799, 0.00026297417935, 4.56449288322e-06],
        "mean": [7.47700687498e-05, 0.00707968417555, 0.00397840188816, 0.00153290806338, 0.00835234578699, 0.00134997873101, 0.00116302119568, 0.000344130356098, 0.000948194763623, 0.000567078590393, 0.000141172626172, 0.000118228512292, 0.000392609072151, 0.000166988640558, 0.000368593115127, 0.000111297762487, 0.000434999994468, 0.00011437930516, 0.000294535013381, 0.000149167186464, 0.00017977724201, 9.38444427447e-05, 5.39138964086e-05, 4.49274120911e-05, 2.95516147162e-05, 7.06536320649e-06, 2.59510546385e-09],
        "median": [3.04437071463e-06, 0.00134142080788, 0.000832917750813, 0.000423011253588, 0.00156631390564, 0.000449879502412, 0.000340768950991, 6.11277064309e-05, 8.95210032468e-05, 7.02410325175e-05, 2.08549790841e-05, 4.11502915085e-05, 6.88712971169e-05, 3.59428449883e-05, 6.12943113083e-05, 2.68301264441e-05, 4.59932925878e-05, 1.66522713698e-05, 4.60259252577e-05, 2.32073234656e-05, 3.21395236824e-05, 2.46991858148e-05, 1.63199292729e-05, 1.26590330183e-05, 6.92736102792e-06, 9.49754053181e-07, 2.18451784439e-10],
        "min": [2.33962615524e-24, 6.02420453919e-24, 3.07071640979e-24, 3.46301575466e-24, 1.06257055356e-23, 1.3316846138e-23, 1.89401180386e-23, 1.52584537068e-23, 1.44459853501e-23, 2.51703552968e-23, 2.16517658691e-23, 3.33593184055e-23, 3.89507992116e-23, 5.16887539738e-23, 6.53261963392e-23, 2.41578034156e-23, 5.0743105386e-23, 1.18717432053e-22, 1.75631663772e-22, 2.56900997752e-22, 2.51075518714e-22, 4.61246188733e-22, 5.11163438792e-22, 6.12840364577e-22, 9.99328691811e-22, 1.36131462068e-21, 2.10803364233e-21],
        "stdev": [0.000241203568294, 0.0130927423015, 0.00935986451805, 0.00297132856213, 0.0147598963231, 0.00271921535023, 0.00257270666771, 0.00180352269672, 0.0029340761248, 0.00133597594686, 0.0004917049082, 0.000320692313835, 0.000780193600804, 0.000411417800933, 0.000651170499623, 0.000242380003328, 0.000809420016594, 0.00029873958556, 0.000451751606306, 0.000254459679127, 0.000273463956546, 0.00015093802358, 9.20668826438e-05, 0.000111495537567, 9.1087713372e-05, 1.85237768164e-05, 8.97923797538e-08],
        "var": [5.8179164597e-08, 0.000171419902472, 8.76070553204e-05, 8.8287933977e-06, 0.000217854540097, 7.39413235351e-06, 6.61881995256e-06, 3.25269411405e-06, 8.60880300024e-06, 1.78483173841e-06, 2.41773733478e-07, 1.0284355767e-07, 6.08702009686e-07, 1.69264595229e-07, 4.24022999823e-07, 5.87480641911e-08, 6.55160761198e-07, 8.92453329016e-08, 2.040795124e-07, 6.4749734463e-08, 7.47825410485e-08, 2.27822862797e-08, 8.47631120848e-09, 1.24312551364e-08, 8.29697111016e-09, 3.43130329705e-10, 8.06267114975e-15]
    },
    "erbbands": {
        "dmean": [0.0758067369461, 1.12080848217, 3.40331888199, 2.87614917755, 9.04611873627, 22.7292175293, 12.9353542328, 6.97021007538, 11.7166509628, 6.47322034836, 8.34066295624, 20.7670860291, 6.45467948914, 7.50420284271, 2.64965605736, 2.99905395508, 6.35434818268, 4.85414743423, 5.09467411041, 5.48546504974, 4.01422643661, 6.85364723206, 4.51666641235, 4.9862742424, 4.94079065323, 3.73396205902, 3.88049006462, 2.63574719429, 2.10772657394, 1.64466643333, 1.0101236105, 0.742477834225, 0.51892888546, 0.260432273149, 0.113544210792, 0.0345602370799, 0.00620224233717, 0.000242270107265, 1.23394220282e-05, 1.58736620506e-05],
        "dmean2": [0.121105000377, 1.70292508602, 5.3282752037, 4.59653615952, 13.0940933228, 30.2779846191, 17.2125892639, 10.8700313568, 18.4596004486, 10.8148908615, 13.9632234573, 36.4465484619, 10.4506959915, 11.2692403793, 4.01009130478, 4.58989524841, 9.0762720108, 6.70532178879, 7.76439189911, 8.0850944519, 6.38360309601, 10.6008739471, 6.90567064285, 7.71804141998, 7.59621143341, 5.75531721115, 6.27596950531, 4.37493181229, 3.42862963676, 2.6808719635, 1.59666478634, 1.18871462345, 0.815231144428, 0.396799325943, 0.164333596826, 0.0517863444984, 0.0100188367069, 0.000393605761928, 1.76139019459e-05, 2.23112692765e-05],
        "dvar": [0.0550627037883, 10.0092124939, 110.109863281, 59.6882820129, 632.706176758, 2841.84008789, 851.750366211, 265.787628174, 887.549743652, 522.229125977, 1826.41711426, 8105.37060547, 357.148925781, 624.027160645, 45.2502555847, 60.6774520874, 289.374694824, 174.483779907, 207.628051758, 136.712722778, 152.412490845, 243.26739502, 80.8732681274, 85.9046554565, 101.310180664, 46.1540222168, 48.7104530334, 19.3641910553, 13.7936353683, 8.07022190094, 3.73636555672, 2.28396248817, 1.58734977245, 0.525522828102, 0.112533643842, 0.00643918011338, 0.000368426612113, 7.26452924482e-07, 6.20462736745e-10, 6.70074384868e-10],
        "dvar2": [0.139769986272, 24.9831924438, 285.186279297, 147.482711792, 1271.34570312, 6051.44677734, 1736.93139648, 532.794433594, 2026.59472656, 1423.48266602, 4556.73486328, 22725.0273438, 771.208190918, 1455.42370605, 93.6215438843, 126.288085938, 505.49621582, 304.793121338, 476.347167969, 255.814819336, 404.23260498, 544.609069824, 169.157653809, 176.374923706, 215.178756714, 101.006355286, 120.662689209, 47.9508209229, 33.7210121155, 19.7327423096, 8.32735538483, 4.90076971054, 3.45735239983, 0.8683193326, 0.170970574021, 0.0107896029949, 0.000811258156318, 1.79259939159e-06, 1.12100562166e-09, 1.54900159366e-09],
        "max": [3.47528338432, 30.6911010742, 101.856987, 124.352508545, 314.884216309, 559.060058594, 262.497772217, 499.597381592, 366.194641113, 663.96875, 1586.88916016, 900.987426758, 710.290649414, 674.59954834, 219.274780273, 236.001831055, 488.070465088, 361.453521729, 273.880004883, 258.291687012, 211.426376343, 274.133636475, 158.417373657, 166.584793091, 197.067642212, 103.43057251, 137.428070068, 57.7590866089, 51.0426712036, 38.1847343445, 51.9612693787, 43.4016914368, 39.9861068726, 28.3926277161, 10.516907692, 1.88040232658, 0.509271502495, 0.0149662680924, 0.000658731383737, 0.00020919094095],
        "mean": [0.124538235366, 1.86020982265, 4.96798038483, 4.36206245422, 15.9840106964, 31.3450374603, 19.6027736664, 12.8892478943, 20.1526298523, 8.60912513733, 10.3841953278, 23.8997879028, 13.0367937088, 18.10105896, 5.27472829819, 6.66672849655, 17.1838474274, 12.3158435822, 14.6033830643, 14.7012357712, 8.92195034027, 17.938457489, 12.4359130859, 12.8419914246, 12.2119264603, 8.55246257782, 8.08608913422, 4.86743974686, 3.33716416359, 2.58441948891, 1.53335690498, 0.97126531601, 0.704263687134, 0.388359487057, 0.171544998884, 0.0572725012898, 0.00917569268495, 0.000315680488711, 2.50898265222e-05, 3.33273310389e-05],
        "median": [0.011324445717, 0.518422245979, 1.63166356087, 1.71271109581, 2.51852464676, 4.16021728516, 4.12806749344, 5.18295669556, 6.00868988037, 3.31463909149, 2.05090093613, 2.38870716095, 3.23371362686, 1.98774027824, 1.68860769272, 2.37497711182, 3.51906061172, 3.85727262497, 3.05215740204, 3.05420851707, 2.23517179489, 2.53247976303, 1.82134890556, 2.1680533886, 2.12663316727, 1.43716156483, 1.30952692032, 1.08739113808, 0.902150213718, 0.743145465851, 0.462951123714, 0.290645748377, 0.185034364462, 0.0941504910588, 0.0366009809077, 0.0102488864213, 0.000641998427454, 2.33886530623e-05, 1.37648858072e-05, 2.31623525906e-05],
        "min": [2.33641768439e-22, 8.60667089026e-22, 4.50555990032e-21, 8.19943993884e-21, 2.21841891598e-20, 4.27057129766e-20, 6.0879549581e-20, 1.01260555457e-19, 2.92386969089e-19, 2.33567939338e-19, 4.05241236312e-19, 3.17542255299e-19, 6.60741119959e-19, 1.0657399148e-18, 1.29117299811e-18, 1.53926793506e-18, 1.8449622498e-18, 2.12389809891e-18, 2.78027067126e-18, 4.31282417449e-18, 3.15069848638e-18, 3.5994731268e-18, 8.18449142161e-18, 8.30022474266e-18, 9.06572332411e-18, 1.22765845176e-17, 1.1152555253e-17, 1.106707689e-17, 1.23726598914e-17, 1.32559738075e-17, 1.46375565092e-17, 1.37575844027e-17, 1.06632067831e-17, 9.2902524024e-18, 6.16680931041e-18, 5.37878494652e-18, 2.61118254634e-18, 8.5640764363e-19, 2.78861790591e-19, 2.79613219554e-20],
        "stdev": [0.268808096647, 3.37938189507, 10.1436710358, 8.36151218414, 38.6420707703, 67.5911712646, 39.2662086487, 27.0338478088, 42.4669761658, 21.2824726105, 42.1421089172, 77.3010787964, 33.8753967285, 49.2207145691, 13.6486692429, 14.2713117599, 36.0301742554, 28.1105613708, 34.7623558044, 28.649641037, 18.3192443848, 31.8706855774, 21.0135440826, 21.689239502, 22.3778705597, 14.3035564423, 12.5588855743, 7.38917303085, 5.2083978653, 4.05506801605, 2.76123118401, 2.18465471268, 1.88165521622, 1.19274652004, 0.559476017952, 0.148553356528, 0.0278159733862, 0.00101770751644, 3.65197338397e-05, 3.26175613736e-05],
        "var": [0.0722577944398, 11.4202222824, 102.894058228, 69.9148788452, 1493.2097168, 4568.56689453, 1541.83508301, 730.828918457, 1803.4440918, 452.943603516, 1775.95727539, 5975.45654297, 1147.54248047, 2422.67871094, 186.28616333, 203.670333862, 1298.17333984, 790.203674316, 1208.42138672, 820.801940918, 335.594726562, 1015.74053955, 441.569030762, 470.423126221, 500.769104004, 204.591720581, 157.725616455, 54.5998764038, 27.1274089813, 16.4435749054, 7.62439823151, 4.77271652222, 3.54062628746, 1.42264437675, 0.31301343441, 0.0220681000501, 0.000773728417698, 1.03572847365e-06, 1.33369104649e-09, 1.06390529719e-09]
    },
    "gfcc": {
        "mean": [-63.4988555908, 115.739562988, -117.929496765, 46.8094673157, -62.1536483765, 10.9103479385, -42.8208732605, -0.366265535355, -22.0613937378, -3.82344388962, -9.70509338379, -9.68044090271, -3.8147342205],
        "cov": [[15357.6894531, -1282.03259277, -916.108703613, 1367.09179688, -666.829162598, 354.904846191, -207.882720947, 819.19543457, -331.324188232, 422.378631592, -514.264160156, 179.631484985, -305.603790283], [-1282.03259277, 2243.81860352, 413.690124512, -263.422851562, 418.915496826, -163.192001343, 134.321411133, -494.624267578, 266.061523438, -284.812530518, 384.656585693, -197.93107605, 228.303039551], [-916.108703613, 413.690124512, 1115.75915527, 212.723556519, 271.760803223, 184.090087891, 38.8106231689, -54.2927055359, 64.6384506226, 33.5291099548, 88.6022796631, 38.5068130493, 83.6172027588], [1367.09179688, -263.422851562, 212.723556519, 524.702941895, 124.138885498, 183.912338257, 90.1663970947, 173.343902588, 40.4807701111, 109.858306885, -29.1276435852, 34.189655304, -10.567032814], [-666.829162598, 418.915496826, 271.760803223, 124.138885498, 444.628479004, 57.9829902649, 165.952453613, -7.97459220886, 121.654350281, 10.0418901443, 99.4272079468, 10.9152803421, 39.0812950134], [354.904846191, -163.192001343, 184.090087891, 183.912338257, 57.9829902649, 271.759521484, 100.191375732, 148.025726318, 49.4592666626, 84.5152816772, 13.1898860931, 24.4370651245, -4.24679470062], [-207.882720947, 134.321411133, 38.8106231689, 90.1663970947, 165.952453613, 100.191375732, 255.807037354, 111.66129303, 131.915267944, 39.8160858154, 61.331577301, -2.40448355675, 10.8773965836], [819.19543457, -494.624267578, -54.2927055359, 173.343902588, -7.97459220886, 148.025726318, 111.66129303, 375.329620361, 76.078956604, 154.904388428, -75.8504257202, 71.3718261719, -51.8809089661], [-331.324188232, 266.061523438, 64.6384506226, 40.4807701111, 121.654350281, 49.4592666626, 131.915267944, 76.078956604, 220.776901245, 75.3741912842, 105.062538147, -28.8329410553, 26.854511261], [422.378631592, -284.812530518, 33.5291099548, 109.858306885, 10.0418901443, 84.5152816772, 39.8160858154, 154.904388428, 75.3741912842, 225.149795532, 29.8826694489, 60.3097305298, -61.0650482178], [-514.264160156, 384.656585693, 88.6022796631, -29.1276435852, 99.4272079468, 13.1898860931, 61.331577301, -75.8504257202, 105.062538147, 29.8826694489, 194.400695801, 11.5947685242, 61.0969276428], [179.631484985, -197.93107605, 38.5068130493, 34.189655304, 10.9152803421, 24.4370651245, -2.40448355675, 71.3718261719, -28.8329410553, 60.3097305298, 11.5947685242, 148.180328369, 45.7127151489], [-305.603790283, 228.303039551, 83.6172027588, -10.567032814, 39.0812950134, -4.24679470062, 10.8773965836, -51.8809089661, 26.854511261, -61.0650482178, 61.0969276428, 45.7127151489, 161.293838501]],
        "icov": [[0.000251281162491, -0.000695330381859, 0.000424169382313, -0.000929981644731, 0.000574267178308, -0.000271930824965, 0.000296176032862, -0.000467128847959, 0.000711827247869, -0.000683928315993, 0.000800810928922, -0.00065605645068, 0.000368098495528], [-0.000695330381859, 0.00387127301656, -0.00163538579363, 0.00295250560157, -0.00240450142883, 0.00144229270518, -0.000944819534197, 0.00205715582706, -0.00336763006635, 0.00364803150296, -0.00447570206597, 0.00344008719549, -0.00174757908098], [0.000424169382313, -0.00163538579363, 0.00220316951163, -0.00191181793343, 0.000398054602556, -0.00174339639489, 0.0011939201504, -0.000194083491806, 0.0011200751178, -0.00177196902223, 0.00218031555414, -0.00181274453644, 0.000396297429688], [-0.000929981644731, 0.00295250560157, -0.00191181793343, 0.00657478626817, -0.00314124510624, -9.04169155547e-06, -0.00121037720237, 0.00113306636922, -0.00203849677928, 0.00151098694187, -0.00259110168554, 0.00366817903705, -0.00245900312439], [0.000574267178308, -0.00240450142883, 0.000398054602556, -0.00314124510624, 0.00587146077305, -0.000323865795508, -0.00161725305952, -0.000267530384008, 0.000564315763768, -0.00115341693163, 0.00242319074459, -0.00389082264155, 0.0023253839463], [-0.000271930824965, 0.00144229270518, -0.00174339639489, -9.04169155547e-06, -0.000323865795508, 0.00761790852994, -0.00226081814617, -0.00196320400573, 0.000964746752288, 0.000439357885625, -0.00351986917667, 0.00310201151296, -0.00139360129833], [0.000296176032862, -0.000944819534197, 0.0011939201504, -0.00121037720237, -0.00161725305952, -0.00226081814617, 0.00894613284618, -0.00283316103742, -0.00199265871197, 0.00126935669687, -0.000483259966131, -0.000908960064407, 0.00127098953817], [-0.000467128847959, 0.00205715582706, -0.000194083491806, 0.00113306636922, -0.000267530384008, -0.00196320400573, -0.00283316103742, 0.0105170421302, -0.0071195489727, -0.000115845519758, 0.00412558345124, -0.00349040329456, 0.000533021171577], [0.000711827247869, -0.00336763006635, 0.0011200751178, -0.00203849677928, 0.000564315763768, 0.000964746752288, -0.00199265871197, -0.0071195489727, 0.0182018708438, -0.00849035102874, -0.00242634653114, 0.00644061528146, -0.0040169772692], [-0.000683928315993, 0.00364803150296, -0.00177196902223, 0.00151098694187, -0.00115341693163, 0.000439357885625, 0.00126935669687, -0.000115845519758, -0.00849035102874, 0.0160225462168, -0.00743650551885, -0.00354847963899, 0.00602857163176], [0.000800810928922, -0.00447570206597, 0.00218031555414, -0.00259110168554, 0.00242319074459, -0.00351986917667, -0.000483259966131, 0.00412558345124, -0.00242634653114, -0.00743650551885, 0.0184123124927, -0.00737767340615, -6.28258785582e-05], [-0.00065605645068, 0.00344008719549, -0.00181274453644, 0.00366817903705, -0.00389082264155, 0.00310201151296, -0.000908960064407, -0.00349040329456, 0.00644061528146, -0.00354847963899, -0.00737767340615, 0.0196104925126, -0.0101482290775], [0.000368098495528, -0.00174757908098, 0.000396297429688, -0.00245900312439, 0.0023253839463, -0.00139360129833, 0.00127098953817, 0.000533021171577, -0.0040169772692, 0.00602857163176, -6.28258785582e-05, -0.0101482290775, 0.0143410935998]]
    },
    "melbands": {
        "dmean": [0.000947337830439, 0.00163910386618, 0.000676068593748, 0.00104824558366, 0.000693069887348, 0.000155132845975, 0.000170176354004, 6.51088703307e-05, 8.63702225615e-05, 0.000121319106256, 2.88422652375e-05, 3.18976126437e-05, 1.06592860902e-05, 7.59203066991e-06, 1.29816917251e-05, 1.25578135339e-05, 8.54913832882e-06, 7.87278440839e-06, 7.02088664184e-06, 5.57197654416e-06, 5.34508899364e-06, 6.47211481919e-06, 8.27825442684e-06, 3.22685468745e-06, 4.2780552576e-06, 4.82599944007e-06, 2.83281474367e-06, 2.26819406635e-06, 2.54943165601e-06, 2.06220215659e-06, 1.61203411153e-06, 1.17196566407e-06, 1.2830163314e-06, 8.04669468835e-07, 6.33174920495e-07, 4.71133887459e-07, 4.60085914256e-07, 4.16161526573e-07, 2.94997789752e-07, 2.03151188316e-07],
        "dmean2": [0.00145326508209, 0.00253575970419, 0.00104060221929, 0.0014326015953, 0.000903246283997, 0.000242998328758, 0.000270571094006, 0.000109294174763, 0.000147383281728, 0.000210873942706, 4.59727598354e-05, 4.81140268676e-05, 1.60880554176e-05, 1.14701724669e-05, 1.94793865376e-05, 1.78425816557e-05, 1.18602274597e-05, 1.21062885228e-05, 1.06269862954e-05, 8.41935161588e-06, 8.53749224916e-06, 1.01932964753e-05, 1.23331192299e-05, 4.93839479532e-06, 6.64236858938e-06, 7.4865820352e-06, 4.36311120211e-06, 3.51572225554e-06, 4.05976197726e-06, 3.44866225532e-06, 2.6368120416e-06, 1.90741889128e-06, 2.1170162654e-06, 1.30616479055e-06, 1.00744568954e-06, 7.63970376738e-07, 7.37265395401e-07, 6.65212724016e-07, 4.60729381757e-07, 3.12478761089e-07],
        "dvar": [7.48613729229e-06, 2.13487710425e-05, 2.54923611465e-06, 4.40744861407e-06, 2.75680508821e-06, 1.26114755972e-07, 1.94095079564e-07, 7.2426551867e-08, 1.47427428487e-07, 2.67317943781e-07, 8.19031242827e-09, 1.14214468994e-08, 8.10572831078e-10, 3.99716842958e-10, 1.31874544618e-09, 1.05507691472e-09, 5.66783897593e-10, 5.34883692893e-10, 1.64670888037e-10, 1.39419142897e-10, 3.16354303864e-10, 2.2422505519e-10, 4.85502638092e-10, 8.41831465648e-11, 7.48404047068e-11, 1.02754228737e-10, 2.98682363564e-11, 1.72606998139e-11, 2.08685846381e-11, 1.97569426097e-11, 6.80513761661e-12, 4.38985870224e-12, 6.44421495333e-12, 1.82414586908e-12, 1.70760454388e-12, 8.83221122107e-13, 1.02462168524e-12, 1.09849607709e-12, 5.65606101451e-13, 3.99048768205e-13],
        "dvar2": [1.87928817468e-05, 5.49186261196e-05, 5.6661860981e-06, 9.47594890022e-06, 5.60208673051e-06, 2.54197402683e-07, 4.600600505e-07, 1.9354366998e-07, 3.9173227151e-07, 7.42894599171e-07, 1.75789089951e-08, 2.6319799673e-08, 1.6773981093e-09, 8.43653202853e-10, 2.50113685318e-09, 1.74161807198e-09, 9.91224435865e-10, 1.24148369363e-09, 3.3131111743e-10, 2.89973128842e-10, 8.37122038355e-10, 5.32608290804e-10, 1.00646846413e-09, 1.60513616287e-10, 1.52501289374e-10, 2.27831947752e-10, 6.51076206837e-11, 3.82935037846e-11, 4.96598387412e-11, 5.25257233541e-11, 1.61633536416e-11, 1.07466700469e-11, 1.66719173189e-11, 4.41923581063e-12, 3.96135164601e-12, 2.11181029261e-12, 2.08358308905e-12, 2.55175850068e-12, 1.19149319317e-12, 6.25200032803e-13],
        "max": [0.0301720239222, 0.0410300865769, 0.0182896051556, 0.018643502146, 0.0158731210977, 0.010575465858, 0.00553803797811, 0.00889364909381, 0.0117779383436, 0.00588651141152, 0.00351875228807, 0.00264890375547, 0.000711735454388, 0.000634771131445, 0.00131539395079, 0.000902806874365, 0.000606894202065, 0.000424019119237, 0.000229595578276, 0.00023032297031, 0.000282244029222, 0.000210305021028, 0.000481333496282, 0.000270600517979, 0.000155707908561, 0.000196975219296, 0.000101748926681, 5.86446985835e-05, 7.8657969425e-05, 0.000100788878626, 2.99781331705e-05, 3.18521124427e-05, 3.42747916875e-05, 2.25032563321e-05, 3.72977265215e-05, 1.35621439767e-05, 3.32447925757e-05, 3.34511605615e-05, 2.58188447333e-05, 2.64084264927e-05],
        "mean": [0.00158569018822, 0.00252737896517, 0.00114673527423, 0.00159924593754, 0.00100318680052, 0.000285009242361, 0.000284377310891, 8.35352620925e-05, 0.000103044389107, 0.00014058042143, 6.19018974248e-05, 7.70940605435e-05, 1.88787507795e-05, 1.38201667141e-05, 3.2392788853e-05, 3.3234104194e-05, 2.02563805942e-05, 2.12056856981e-05, 1.93671530724e-05, 1.3552744349e-05, 1.0828156519e-05, 1.56252335728e-05, 2.30477689911e-05, 7.51078732719e-06, 1.01623591036e-05, 1.14155818665e-05, 6.36112281427e-06, 4.68321013614e-06, 5.42485076949e-06, 3.25331370732e-06, 2.97341148325e-06, 1.76252638084e-06, 1.87591217582e-06, 1.25874896639e-06, 9.54466713665e-07, 5.9278693243e-07, 5.77638843424e-07, 5.31712203156e-07, 4.04160289236e-07, 2.97986559872e-07],
        "median": [0.000224052317208, 0.00120137888007, 0.000365182873793, 0.000321367988363, 0.000145863610669, 0.000119155709399, 8.70437070262e-05, 2.73175646726e-05, 1.53755172505e-05, 1.36725830089e-05, 1.16283899843e-05, 7.42861539038e-06, 4.29647843703e-06, 4.41178144683e-06, 5.48708658243e-06, 7.28373561287e-06, 3.35363165505e-06, 2.77532399195e-06, 4.32330125477e-06, 2.48247761192e-06, 1.42563794725e-06, 2.49319464274e-06, 1.52743984927e-06, 7.62420711453e-07, 1.32136153752e-06, 1.2642301499e-06, 1.1392835404e-06, 7.79489084834e-07, 7.43459168007e-07, 4.92622859838e-07, 5.82228210533e-07, 4.64662832655e-07, 4.89013586957e-07, 3.67161646864e-07, 2.67318625902e-07, 1.76740741153e-07, 1.58565612196e-07, 1.35232340881e-07, 9.95888100874e-08, 6.92709392069e-08],
        "min": [2.5045249057e-24, 2.22257793235e-24, 1.87208742659e-24, 2.06877746875e-24, 1.69140396385e-24, 2.18516166797e-24, 4.4893865068e-24, 2.77262243979e-24, 2.91295152571e-24, 2.07297578649e-24, 3.47494648699e-24, 3.21180773256e-24, 3.46623667374e-24, 3.00989602286e-24, 4.26215748963e-24, 1.59043607887e-24, 3.55075838657e-24, 3.35588331614e-24, 5.23537203296e-24, 2.95224961778e-24, 4.03311133137e-24, 2.77562859148e-24, 5.8518021438e-24, 6.23926261588e-24, 6.06497878723e-24, 7.02108057094e-24, 5.95850741414e-24, 8.95289600932e-24, 6.15909068208e-24, 3.73106398494e-24, 6.51436720695e-24, 6.20116102859e-24, 7.89513372076e-24, 5.76426382687e-24, 8.46387324557e-24, 7.71943783109e-24, 7.40354794792e-24, 7.41794860375e-24, 6.68826409933e-24, 8.47105503525e-24],
        "stdev": [0.00302880466916, 0.00448922719806, 0.00218744389713, 0.00276670092717, 0.00220818282105, 0.000581810367294, 0.000598501763307, 0.000256919389358, 0.000349820795236, 0.000457388319774, 0.000166895522852, 0.000212572456803, 5.91013158555e-05, 3.63900326192e-05, 7.3724615504e-05, 6.78022770444e-05, 5.08506418555e-05, 5.36584411748e-05, 3.12655138259e-05, 2.6267789508e-05, 2.7259633498e-05, 2.70177952189e-05, 5.10778772878e-05, 2.23210718104e-05, 2.00902886718e-05, 2.23545412155e-05, 1.0939481399e-05, 8.34523507365e-06, 9.63551246969e-06, 6.14454802417e-06, 4.65271386929e-06, 2.90447542284e-06, 3.14468184115e-06, 2.00729050448e-06, 1.80726260623e-06, 1.15112675303e-06, 1.50633866269e-06, 1.46390470945e-06, 1.0990612509e-06, 1.01716182144e-06],
        "var": [9.1736574177e-06, 2.01531620405e-05, 4.78491074318e-06, 7.65463391872e-06, 4.87607121613e-06, 3.38503326702e-07, 3.58204346185e-07, 6.6007572741e-08, 1.22374586908e-07, 2.09204074508e-07, 2.78541136822e-08, 4.51870469931e-08, 3.49296547242e-09, 1.32423449983e-09, 5.43531886166e-09, 4.59714888379e-09, 2.5857878061e-09, 2.8792281892e-09, 9.77532388369e-10, 6.89996726422e-10, 7.43087591459e-10, 7.29961258106e-10, 2.60894950088e-09, 4.98230234847e-10, 4.03619693223e-10, 4.99725483216e-10, 1.19672244336e-10, 6.96429441893e-11, 9.28431012626e-11, 3.77554688902e-11, 2.16477478304e-11, 8.43597761091e-12, 9.88902362775e-12, 4.02921489576e-12, 3.26619807589e-12, 1.32509281325e-12, 2.26905625365e-12, 2.14301710058e-12, 1.2079355528e-12, 1.03461824611e-12]
    },
    "melbands128": {
