{
"lowlevel": {
    "average_loudness": 0.933754563332,
    "barkbands_crest": {
        "dmean": 3.24117159843,
        "dmean2": 5.31057882309,
        "dvar": 9.74271774292,
        "dvar2": 23.2277679443,
        "max": 24.4096794128,
        "mean": 12.8625926971,
        "median": 11.855389595,
        "min": 2.72712516785,
        "stdev": 5.29353952408,
        "var": 28.0215587616
    },
    "barkbands_flatness_db": {
        "dmean": 0.0345546342432,
        "dmean2": 0.0498741976917,
        "dvar": 0.001058120979,
        "dvar2": 0.00211033876985,
        "max": 0.383767068386,
        "mean": 0.155347645283,
        "median": 0.142133384943,
        "min": 0.0225786529481,
        "stdev": 0.0679710656404,
        "var": 0.00462006544694
    },
    "barkbands_kurtosis": {
        "dmean": 13.8744134903,
        "dmean2": 19.8339385986,
        "dvar": 663.447509766,
        "dvar2": 1320.80151367,
        "max": 253.478912354,
        "mean": 18.8159198761,
        "median": 5.56218242645,
        "min": -1.9235637188,
        "stdev": 36.9514503479,
        "var": 1365.40979004
    },
    "barkbands_skewness": {
        "dmean": 1.23129975796,
        "dmean2": 1.75378262997,
        "dvar": 1.71683597565,
        "dvar2": 3.3695101738,
        "max": 13.4706115723,
        "mean": 2.94750857353,
        "median": 2.40635871887,
        "min": -1.38824486732,
        "stdev": 2.58158326149,
        "var": 6.66457176208
    },
    "barkbands_spread": {
        "dmean": 14.0098381042,
        "dmean2": 21.1912307739,
        "dvar": 333.454345703,
        "dvar2": 591.690490723,
        "max": 124.556091309,
        "mean": 33.6124458313,
        "median": 22.1009483337,
        "min": 0.809586107731,
        "stdev": 31.5927200317,
        "var": 998.099975586
    },
    "dissonance": {
        "dmean": 0.0188557114452,
        "dmean2": 0.0295848026872,
        "dvar": 0.000526838528458,
        "dvar2": 0.00127787515521,
        "max": 0.499700903893,
        "mean": 0.466755002737,
        "median": 0.475457251072,
        "min": 0.115975566208,
        "stdev": 0.0307647343725,
        "var": 0.000946468848269
    },
    "dynamic_complexity": 2.71479105949,
    "erbbands_crest": {
        "dmean": 2.2621076107,
        "dmean2": 3.74352216721,
        "dvar": 4.45809841156,
        "dvar2": 11.6538858414,
        "max": 21.3749351501,
        "mean": 6.9927983284,
        "median": 6.31476306915,
        "min": 2.57666134834,
        "stdev": 2.84816765785,
        "var": 8.1120595932
    },
    "erbbands_flatness_db": {
        "dmean": 0.0190164837986,
        "dmean2": 0.029590671882,
        "dvar": 0.000332889234414,
        "dvar2": 0.000800169422291,
        "max": 0.255162000656,
        "mean": 0.108820915222,
        "median": 0.10469584167,
        "min": 0.0438978821039,
        "stdev": 0.0315471217036,
        "var": 0.000995220965706
    },
    "erbbands_kurtosis": {
        "dmean": 1.1907273531,
        "dmean2": 1.8981127739,
        "dvar": 2.04502296448,
        "dvar2": 4.56830739975,
        "max": 10.7864465714,
        "mean": 0.536264121532,
        "median": -0.119041204453,
        "min": -1.77946233749,
        "stdev": 1.95923686028,
        "var": 3.83860898018
    },
    "erbbands_skewness": {
        "dmean": 0.515181899071,
        "dmean2": 0.742968201637,
        "dvar": 0.247788771987,
        "dvar2": 0.429190903902,
        "max": 3.08511137962,
        "mean": 0.0657957047224,
        "median": 0.108073152602,
        "min": -2.71127438545,
        "stdev": 0.91573792696,
        "var": 0.838575959206
    },
    "erbbands_spread": {
        "dmean": 18.782995224,
        "dmean2": 29.6857662201,
        "dvar": 352.870178223,
        "dvar2": 834.774291992,
        "max": 161.245437622,
        "mean": 61.1265602112,
        "median": 53.1638908386,
        "min": 9.7678937912,
        "stdev": 30.3811035156,
        "var": 923.011474609
    },
    "hfc": {
        "dmean": 12.0086612701,
        "dmean2": 17.5107746124,
        "dvar": 294.352294922,
        "dvar2": 538.260681152,
        "max": 154.440032959,
        "mean": 29.4263496399,
        "median": 23.5439834595,
        "min": 0.000355141790351,
        "stdev": 26.6728210449,
        "var": 711.43939209
    },
    "loudness_ebu128": {
        "integrated": -9.47635364532,
        "loudness_range": 2.1824464798,
        "momentary": {
            "dmean": 1.02188837528,
            "dmean2": 1.22607862949,
            "dvar": 1.03184342384,
            "dvar2": 1.55640268326,
            "max": -6.09398174286,
            "mean": -10.0415248871,
            "median": -9.55173015594,
            "min": -16.1472492218,
            "stdev": 2.29519438744,
            "var": 5.26791763306
        },
        "short_term": {
            "dmean": 0.132257089019,
            "dmean2": 0.151096224785,
            "dvar": 0.0137327825651,
            "dvar2": 0.0174369607121,
            "max": -8.44895267487,
            "mean": -9.59556484222,
            "median": -9.49726867676,
            "min": -11.8250999451,
            "stdev": 0.71727836132,
            "var": 0.514488220215
        }
    },
    "melbands_crest": {
        "dmean": 3.75847053528,
        "dmean2": 5.75314378738,
        "dvar": 13.672703743,
        "dvar2": 27.2856521606,
        "max": 35.8455619812,
        "mean": 19.2960662842,
        "median": 18.3672523499,
        "min": 3.03538632393,
        "stdev": 7.15405702591,
        "var": 51.1805343628
    },
    "melbands_flatness_db": {
        "dmean": 0.0438863709569,
        "dmean2": 0.063292786479,
        "dvar": 0.00178158725612,
        "dvar2": 0.00340158632025,
        "max": 0.497464627028,
        "mean": 0.242758437991,
        "median": 0.237728402019,
        "min": 0.0225614216179,
        "stdev": 0.0885523706675,
        "var": 0.00784152280539
    },
    "melbands_kurtosis": {
        "dmean": 42.1613426208,
        "dmean2": 63.434928894,
        "dvar": 6109.33837891,
        "dvar2": 12988.7529297,
        "max": 964.123718262,
        "mean": 64.4293518066,
        "median": 26.8927593231,
        "min": -1.50833702087,
        "stdev": 109.067169189,
        "var": 11895.6474609
    },
    "melbands_skewness": {
        "dmean": 1.8599281311,
        "dmean2": 2.76466679573,
        "dvar": 4.01694488525,
        "dvar2": 8.39373874664,
        "max": 24.9818210602,
        "mean": 5.48966550827,
        "median": 4.46966409683,
        "min": 0.00953492894769,
        "stdev": 3.75832414627,
        "var": 14.125
    },
    "melbands_spread": {
        "dmean": 12.0740346909,
        "dmean2": 18.8200321198,
        "dvar": 328.653839111,
        "dvar2": 715.743347168,
        "max": 164.504516602,
        "mean": 22.4790058136,
        "median": 11.7971611023,
        "min": 0.478838086128,
        "stdev": 26.5885829926,
        "var": 706.952758789
    },
    "pitch_salience": {
        "dmean": 0.0995821729302,
        "dmean2": 0.163315728307,
        "dvar": 0.00888751354069,
        "dvar2": 0.0232895612717,
        "max": 0.834472239017,
        "mean": 0.448377043009,
        "median": 0.46869045496,
        "min": 0.0964343175292,
        "stdev": 0.140318006277,
        "var": 0.0196891445667
    },
    "silence_rate_20dB": {
        "dmean": 0.0510835908353,
        "dmean2": 0.102246321738,
        "dvar": 0.0484738647938,
        "dvar2": 0.104184955359,
        "max": 1,
        "mean": 0.952822864056,
        "median": 1,
        "min": 0,
        "stdev": 0.212015792727,
        "var": 0.044950697571
    },
    "silence_rate_30dB": {
        "dmean": 0.0526315793395,
        "dmean2": 0.105344690382,
        "dvar": 0.0498611293733,
        "dvar2": 0.0942482873797,
        "max": 1,
        "mean": 0.811291575432,
        "median": 1,
        "min": 0,
        "stdev": 0.391277998686,
        "var": 0.153098464012
    },
    "silence_rate_60dB": {
        "dmean": 0.0100619196892,
        "dmean2": 0.0193648338318,
        "dvar": 0.0099605564028,
        "dvar2": 0.0236380007118,
        "max": 1,
        "mean": 0.0100541375577,
        "median": 0,
        "min": 0,
        "stdev": 0.0997650027275,
        "var": 0.00995305646211
    },
    "spectral_centroid": {
        "dmean": 496.035369873,
        "dmean2": 734.103027344,
        "dvar": 362699.15625,
        "dvar2": 609924.8125,
        "max": 4723.50634766,
        "mean": 1494.56945801,
        "median": 1171.42529297,
        "min": 185.250946045,
        "stdev": 1054.15380859,
        "var": 1111240.375
    },
    "spectral_complexity": {
        "dmean": 4.70356035233,
        "dmean2": 6.83888435364,
        "dvar": 30.0784721375,
        "dvar2": 48.6526565552,
        "max": 61,
        "mean": 14.4717712402,
        "median": 12,
        "min": 0,
        "stdev": 9.89739131927,
        "var": 97.9583587646
    },
    "spectral_decrease": {
        "dmean": 7.06412084384e-09,
        "dmean2": 9.61056834115e-09,
        "dvar": 2.28429089295e-16,
        "dvar2": 3.52691231407e-16,
        "max": -1.22169228943e-13,
        "mean": -1.65669238328e-08,
        "median": -6.28760732369e-09,
        "min": -1.18777634839e-07,
        "stdev": 2.60871697577e-08,
        "var": 6.8054041584e-16
    },
    "spectral_energy": {
        "dmean": 0.027109278366,
        "dmean2": 0.036880005151,
        "dvar": 0.00328778102994,
        "dvar2": 0.00511545641348,
        "max": 0.452299445868,
        "mean": 0.065196454525,
        "median": 0.0253609791398,
        "min": 4.9330873253e-07,
        "stdev": 0.0988240540028,
        "var": 0.00976619310677
    },
    "spectral_energyband_high": {
        "dmean": 0.00109455920756,
        "dmean2": 0.00150960101746,
        "dvar": 2.75512275039e-06,
        "dvar2": 5.34025957677e-06,
        "max": 0.0137831987813,
        "mean": 0.00209680735134,
        "median": 0.00105517788325,
        "min": 1.11680042991e-08,
        "stdev": 0.00256435200572,
        "var": 6.57590089759e-06
    },
    "spectral_energyband_low": {
        "dmean": 0.0236566457897,
        "dmean2": 0.0329408496618,
        "dvar": 0.00291613349691,
        "dvar2": 0.00418429588899,
        "max": 0.404362142086,
        "mean": 0.0515917874873,
        "median": 0.0107271084562,
        "min": 1.21300615774e-07,
        "stdev": 0.0947144776583,
        "var": 0.00897083245218
    },
    "spectral_energyband_middle_high": {
        "dmean": 0.00168816908263,
        "dmean2": 0.00246998295188,
        "dvar": 1.03553529698e-05,
        "dvar2": 1.78038080776e-05,
        "max": 0.0367130823433,
        "mean": 0.00292039872147,
        "median": 0.00141340564005,
        "min": 8.91966678296e-08,
        "stdev": 0.00478006666526,
        "var": 2.28490371228e-05
    },
    "spectral_energyband_middle_low": {
        "dmean": 0.00700707128271,
        "dmean2": 0.0107372030616,
        "dvar": 0.000151531072333,
        "dvar2": 0.000379101576982,
        "max": 0.0921400561929,
        "mean": 0.0106876222417,
        "median": 0.0073272632435,
        "min": 2.40160574094e-07,
        "stdev": 0.0129704093561,
        "var": 0.000168231519638
    },
    "spectral_entropy": {
        "dmean": 0.279329538345,
        "dmean2": 0.384571731091,
        "dvar": 0.0778131783009,
        "dvar2": 0.144152387977,
        "max": 8.91914749146,
        "mean": 7.85753822327,
        "median": 7.87687540054,
        "min": 6.25001478195,
        "stdev": 0.528087079525,
        "var": 0.278875976801
    },
    "spectral_flux": {
        "dmean": 0.0490545518696,
        "dmean2": 0.080444149673,
        "dvar": 0.00630481028929,
        "dvar2": 0.0120139988139,
        "max": 0.569193661213,
        "mean": 0.115710362792,
        "median": 0.0859987810254,
        "min": 0.000702359422576,
        "stdev": 0.0978904590011,
        "var": 0.00958254188299
    },
    "spectral_kurtosis": {
        "dmean": 1.52583861351,
        "dmean2": 2.2215821743,
        "dvar": 3.85178613663,
        "dvar2": 9.11270332336,
        "max": 20.6878204346,
        "mean": 2.98797798157,
        "median": 2.18386125565,
        "min": -1.21904098988,
        "stdev": 2.97005319595,
        "var": 8.82121562958
    },
    "spectral_rms": {
        "dmean": 0.0014680752065,
        "dmean2": 0.00202382588759,
        "dvar": 5.09546816829e-06,
        "dvar2": 8.01916758064e-06,
        "max": 0.0210063736886,
        "mean": 0.00656843278557,
        "median": 0.00497417524457,
        "min": 2.19380217459e-05,
        "stdev": 0.00452349474654,
        "var": 2.04620064324e-05
    },
    "spectral_rolloff": {
        "dmean": 1334.80908203,
        "dmean2": 2292.75976562,
        "dvar": 6012876,
        "dvar2": 11972487,
        "max": 12553.8574219,
        "mean": 2225.46313477,
        "median": 473.73046875,
        "min": 43.06640625,
        "stdev": 3300.7746582,
        "var": 10895114
    },
    "spectral_skewness": {
        "dmean": 0.299891412258,
        "dmean2": 0.421144425869,
        "dvar": 0.0948999598622,
        "dvar2": 0.188325330615,
        "max": 3.64548254013,
        "mean": 1.46418309212,
        "median": 1.41622316837,
        "min": 0.206872954965,
        "stdev": 0.566941022873,
        "var": 0.321422129869
    },
    "spectral_spread": {
        "dmean": 1298358.25,
        "dmean2": 1864217.625,
        "dvar": 1.67530699162e+12,
        "dvar2": 3.4134270935e+12,
        "max": 19161648,
        "mean": 7360818.5,
        "median": 7087903.5,
        "min": 1892458.375,
        "stdev": 2414626.25,
        "var": 5.83041967718e+12
    },
    "spectral_strongpeak": {
        "dmean": 0.24937209487,
        "dmean2": 0.419371008873,
        "dvar": 0.130372658372,
        "dvar2": 0.33953255415,
        "max": 3.76963615417,
        "mean": 0.491711914539,
        "median": 0.391192853451,
        "min": 0,
        "stdev": 0.397813767195,
        "var": 0.158255785704
    },
    "zerocrossingrate": {
        "dmean": 0.0254303067923,
        "dmean2": 0.0271489676088,
        "dvar": 0.000708009523805,
        "dvar2": 0.000795466941781,
        "max": 0.32958984375,
        "mean": 0.0826758742332,
        "median": 0.06396484375,
        "min": 0.001953125,
        "stdev": 0.0671531632543,
        "var": 0.00450954725966
    },
    "barkbands": {
        "dmean": [0.00389196560718, 0.0190845727921, 0.00558759039268, 0.00301578454673, 0.00228184391744, 0.00139104947448, 0.000841418455821, 0.000569185009226, 0.000354371673893, 0.000237780870521, 0.000223475130042, 0.000264470698312, 0.000291254604235, 0.000408582040109, 0.000245804403676, 0.000207178090932, 0.000143651966937, 0.000119845208246, 0.000189611091628, 0.000156880108989, 0.000155664907652, 0.000172935397131, 0.000179138078238, 0.000252307305345, 0.000258690735791, 0.000165867139003, 1.64225257322e-05],
        "dmean2": [0.00470900349319, 0.0270735416561, 0.010092029348, 0.00466313958168, 0.00364428688772, 0.00226375809871, 0.00133815594018, 0.000916849530768, 0.000562955043279, 0.000414185109548, 0.000357134529622, 0.000414861482568, 0.000478744652355, 0.000643701059744, 0.000388081971323, 0.000316796504194, 0.000226019124966, 0.000181751966011, 0.000286859984044, 0.000247848394793, 0.000224640607485, 0.000272344186669, 0.000264806294581, 0.000377385003958, 0.000379315286409, 0.000238713502767, 2.73461173492e-05],
        "dvar": [0.000112583627924, 0.00208214833401, 0.000194403575733, 2.14274532482e-05, 2.30849927902e-05, 8.29330929264e-06, 2.66106349045e-06, 1.5769547872e-06, 4.95413019053e-07, 3.22073077541e-07, 3.31580110924e-07, 4.49496496913e-07, 6.80973244016e-07, 1.56721227995e-06, 2.94340878781e-07, 1.88763721098e-07, 9.35159789606e-08, 1.03983410327e-07, 9.76014291609e-08, 7.21220700939e-08, 7.45393577972e-08, 1.12829425802e-07, 1.09495751133e-07, 1.64951444503e-07, 1.13195504525e-07, 5.09119253422e-08, 1.11795939173e-09],
        "dvar2": [0.000189894839423, 0.00352056510746, 0.000559577194508, 5.01064860146e-05, 5.71068376303e-05, 2.2152922611e-05, 6.078530987e-06, 3.72631211576e-06, 1.11767826638e-06, 9.13295593818e-07, 7.14785812761e-07, 1.12000145691e-06, 1.68317455973e-06, 3.86669444197e-06, 6.76490287788e-07, 4.19483711767e-07, 1.87840697663e-07, 2.19640412524e-07, 1.99702995474e-07, 1.56102998972e-07, 1.38829022944e-07, 2.39955227244e-07, 2.29901871762e-07, 3.76582676154e-07, 2.2692537982e-07, 1.0370729342e-07, 2.81889467324e-09],
        "max": [0.0916133895516, 0.346169441938, 0.115657642484, 0.0378875099123, 0.03387786448, 0.0219733063132, 0.0241235308349, 0.0145478760824, 0.0100120054558, 0.00591102894396, 0.00908821728081, 0.00902691856027, 0.0104144914076, 0.0163887646049, 0.00630396325141, 0.00596013804898, 0.00350743136369, 0.00381674873643, 0.00346322264522, 0.00282657286152, 0.00241774134338, 0.00293422606774, 0.00293040089309, 0.00592616060749, 0.00255899433978, 0.00195438391529, 0.000367234839359],
        "mean": [0.00562279950827, 0.0374085307121, 0.00649370485917, 0.00425623496994, 0.00286032748409, 0.00158815796021, 0.000953066744842, 0.000559126317967, 0.000399255979573, 0.000229850324104, 0.000265448703431, 0.000317959435051, 0.000327633082634, 0.000435640162323, 0.000338186568115, 0.00029028696008, 0.000204306634259, 0.000144966630614, 0.000288563402137, 0.000234485545661, 0.000227609925787, 0.000232071426581, 0.000271708762739, 0.000474959582789, 0.000478248664876, 0.000276142294751, 1.71711490111e-05],
        "median": [6.07465808571e-05, 0.00720636313781, 0.00151410594117, 0.00194556312636, 0.000971306697465, 0.000486704491777, 0.000150917243445, 0.000140865755384, 0.000131297420012, 6.65314219077e-05, 6.68754728395e-05, 8.61741064e-05, 7.43925411371e-05, 9.98546893243e-05, 0.000100040386315, 8.91306262929e-05, 7.61868650443e-05, 4.00370845455e-05, 0.000116006493045, 0.000101576632005, 5.67506758671e-05, 5.02056718688e-05, 7.84746735008e-05, 0.00022273385548, 0.000238426495343, 0.000120085125673, 3.55291012966e-06],
        "min": [3.36448957583e-09, 2.32666241828e-08, 4.14706846641e-08, 6.17735977926e-08, 5.19163307899e-08, 2.14453059755e-08, 6.05256786912e-08, 3.38249535048e-08, 7.37672367634e-09, 1.26610322226e-08, 2.8234419247e-09, 4.47961445715e-09, 2.05209111925e-08, 2.4328702608e-08, 9.42736377851e-09, 7.66615837478e-09, 2.7056961116e-09, 1.60512048097e-09, 3.40872485793e-09, 1.16321718924e-09, 3.71347425032e-10, 2.83540579904e-10, 4.36079200528e-10, 1.20350784893e-09, 7.63322205444e-09, 9.46032696625e-10, 3.38826536272e-11],
        "stdev": [0.0155686642975, 0.07335524261, 0.0132347084582, 0.00565499952063, 0.00504048587754, 0.00271319388412, 0.0018819491379, 0.00129165337421, 0.000810739409644, 0.000533266516868, 0.000701815064531, 0.000741491792724, 0.000901009945665, 0.00127763836645, 0.000658756820485, 0.000538595893886, 0.000382832338801, 0.000371324160369, 0.000428492785431, 0.000356885953806, 0.000400280667236, 0.000428115017712, 0.000436431786511, 0.000611145107541, 0.000548917218111, 0.00034646486165, 3.47338718711e-05],
        "var": [0.000242383321165, 0.00538099184632, 0.000175157518242, 3.19790196954e-05, 2.54064998444e-05, 7.36142146707e-06, 3.54173266714e-06, 1.66836844073e-06, 6.57298357964e-07, 2.84373186332e-07, 4.9254441592e-07, 5.49810067696e-07, 8.11818949842e-07, 1.63235984019e-06, 4.33960536839e-07, 2.90085552024e-07, 1.46560594771e-07, 1.37881642104e-07, 1.83606076121e-07, 1.27367584923e-07, 1.60224601586e-07, 1.83282466537e-07, 1.90472704276e-07, 3.73498323825e-07, 3.01310080886e-07, 1.20037896068e-07, 1.20644183532e-09]
    },
    "erbbands": {
        "dmean": [1.02506732941, 3.73245286942, 6.69078588486, 8.14170265198, 8.85771274567, 6.32080602646, 11.1223087311, 11.0926294327, 9.72806739807, 14.0833511353, 11.0812301636, 7.61998796463, 8.34189319611, 8.65452384949, 8.69398117065, 10.2026805878, 11.8914175034, 21.3534126282, 14.1901407242, 11.3602256775, 11.1215543747, 7.60235452652, 5.80737924576, 8.8128490448, 9.60153484344, 7.30010938644, 6.55165433884, 6.28584718704, 6.39744567871, 5.52246761322, 5.31400966644, 5.47768497467, 4.19056177139, 2.983689785, 1.95891714096, 0.90580612421, 0.278262168169, 0.051845472306, 0.00165310141165, 5.85033194511e-05],
        "dmean2": [1.30463206768, 6.31317043304, 12.1985654831, 13.1997480392, 13.797118187, 9.93420505524, 18.6661300659, 18.0537605286, 15.4715127945, 22.1311016083, 17.2768821716, 11.7364521027, 14.3220586777, 14.4327287674, 13.3761301041, 15.7235879898, 19.275812149, 35.2694206238, 21.7426528931, 17.516872406, 16.6512031555, 11.7818527222, 8.97424507141, 13.2285823822, 14.2752380371, 11.2186660767, 9.54628372192, 9.32062149048, 9.74955844879, 8.74615001678, 8.06882381439, 8.38358688354, 6.28320264816, 4.43394517899, 2.92815899849, 1.3160020113, 0.409638315439, 0.0799933448434, 0.00259893154725, 8.17319523776e-05],
        "dvar": [6.74641275406, 84.0305328369, 297.858764648, 204.271331787, 201.053451538, 204.647766113, 911.790466309, 479.662963867, 314.800598145, 855.356689453, 598.770202637, 283.519195557, 329.355163574, 428.983123779, 608.869445801, 629.816345215, 955.719116211, 5777.25488281, 1181.07165527, 730.359680176, 450.832000732, 295.592071533, 248.22618103, 308.954620361, 210.250869751, 154.711288452, 130.013381958, 150.273300171, 162.265075684, 101.953681946, 97.7487411499, 108.12865448, 32.6970939636, 15.7754402161, 6.57652711868, 1.56978905201, 0.147982686758, 0.0069115832448, 1.00737306639e-05, 6.72197808527e-09],
        "dvar2": [9.51079177856, 223.740493774, 859.590698242, 503.098907471, 476.387054443, 490.02722168, 2459.87744141, 1262.60583496, 695.314697266, 1915.34436035, 1368.29846191, 602.172119141, 892.044616699, 1170.68078613, 1376.70861816, 1467.12841797, 2185.52392578, 15264.8984375, 2638.93896484, 1726.09973145, 915.89666748, 569.458007812, 486.997924805, 621.266723633, 434.885162354, 334.783081055, 250.29989624, 323.44821167, 341.279602051, 225.688583374, 208.957321167, 263.252166748, 65.8640975952, 31.8207397461, 14.1931095123, 3.26479244232, 0.308070003986, 0.0161996483803, 2.44269995164e-05, 1.37706264169e-08],
        "max": [19.4438247681, 75.7544784546, 132.964172363, 120.567214966, 111.731773376, 103.268501282, 244.468185425, 170.796554565, 177.848205566, 308.600402832, 390.709716797, 284.86416626, 142.535705566, 316.592895508, 394.433868408, 390.119659424, 380.72467041, 948.868652344, 489.381713867, 399.887207031, 268.712554932, 194.835708618, 166.902511597, 203.032363892, 132.72315979, 137.546447754, 111.409286499, 111.032211304, 115.84487915, 85.8737411499, 84.1409759521, 157.424621582, 56.5061836243, 34.9084396362, 18.8992996216, 11.2041473389, 3.7443985939, 0.737548053265, 0.0380360484123, 0.000671582762152],
        "mean": [1.80710077286, 5.43870067596, 7.57691955566, 11.9539871216, 12.9270906448, 7.4395775795, 10.645324707, 12.9230365753, 11.6825141907, 15.8550186157, 11.6484918594, 8.81823444366, 8.3679857254, 9.34029483795, 10.9340381622, 13.1813087463, 14.6075258255, 21.9520072937, 19.5367393494, 16.0008010864, 16.3224468231, 11.3757896423, 7.83739280701, 11.9001646042, 14.7984304428, 10.896115303, 9.63972759247, 8.64525318146, 8.24701404572, 7.75884437561, 7.98087120056, 9.17733001709, 8.09655475616, 5.50360298157, 3.34444832802, 1.48190844059, 0.453704565763, 0.0710580423474, 0.00211685639806, 0.000134625850478],
        "median": [0.186987504363, 1.61730718613, 2.22046971321, 5.45054531097, 5.71785354614, 2.14561057091, 1.84040129185, 3.72209382057, 3.03846812248, 3.13638830185, 3.56655406952, 2.75506925583, 2.8504319191, 2.73325848579, 2.80494022369, 3.59978580475, 3.51762366295, 5.26047134399, 4.99134874344, 4.96131038666, 5.47928380966, 4.33900117874, 2.3946659565, 3.59138584137, 6.2239279747, 5.00369358063, 2.75304675102, 1.67247247696, 1.72036123276, 2.07129740715, 2.24378919601, 3.51242470741, 4.02058410645, 2.67496466637, 1.64856815338, 0.630767524242, 0.196088060737, 0.0255831163377, 0.000732986605726, 9.08711881493e-05],
        "min": [1.77929666734e-06, 1.69403410837e-05, 7.31550826458e-05, 0.000164711629623, 0.000215957974433, 0.000154048757395, 6.81229139445e-05, 0.000239255605265, 0.000724531535525, 0.000952505797613, 0.000584256253205, 0.000175846973434, 0.000308124348521, 0.000318484148011, 7.3863659054e-05, 0.000298085826216, 0.000979660777375, 0.00102000404149, 0.000970878230873, 0.000328795751557, 0.000450956140412, 0.000141203097883, 7.26578800823e-05, 0.000195755244931, 0.000131933935336, 4.41132833657e-05, 2.07446391869e-05, 1.00103525256e-05, 1.00578790807e-05, 1.00977485999e-05, 1.17078907351e-05, 1.85961071111e-05, 2.37896601902e-05, 5.39207321708e-05, 5.97933394602e-05, 6.91717241352e-06, 1.34486344905e-06, 1.94008194399e-07, 2.54837733138e-08, 2.09975192789e-09],
        "stdev": [4.18447399139, 10.1147584915, 15.5837659836, 16.6149196625, 17.532907486, 15.2560214996, 26.3710670471, 21.8550262451, 20.7891349792, 33.4463882446, 25.884885788, 20.1998271942, 16.8905944824, 20.4780311584, 29.3850898743, 30.1816635132, 36.9438285828, 70.7867584229, 41.9794807434, 31.4188117981, 28.5100364685, 21.8515777588, 19.1366405487, 22.3536682129, 20.5945510864, 16.5954780579, 16.4313583374, 16.0704708099, 16.0907611847, 12.7798252106, 12.8888721466, 13.8339986801, 9.64533424377, 6.56559038162, 3.88956809044, 1.85294508934, 0.585398972034, 0.106042698026, 0.00358792650513, 0.000129126769025],
        "var": [17.5098209381, 102.308334351, 242.853775024, 276.055541992, 307.402832031, 232.746185303, 695.433166504, 477.642150879, 432.188171387, 1118.66101074, 670.027282715, 408.03302002, 285.292175293, 419.349761963, 863.483459473, 910.932800293, 1364.84643555, 5010.76464844, 1762.27685547, 987.141723633, 812.822143555, 477.491455078, 366.211029053, 499.68649292, 424.135528564, 275.409912109, 269.989562988, 258.260009766, 258.912567139, 163.323928833, 166.123016357, 191.37953186, 93.0324783325, 43.1069793701, 15.1287403107, 3.43340563774, 0.342691928148, 0.0112450541928, 1.28732162921e-05, 1.6673723735e-08]
    },
    "gfcc": {
        "mean": [15.8225164413, 55.7250289917, -71.1443252563, 39.662902832, -40.9638404846, 31.6085624695, -39.6989784241, 22.8800373077, -24.8512458801, 12.8438177109, -15.5070734024, -2.47004294395, -14.334446907],
        "cov": [[3769.0871582, -900.479309082, 299.268188477, 238.805877686, -205.201812744, 1.53842318058, -163.472793579, 13.9166173935, -108.915214539, 172.184020996, -32.0150489807, 103.149848938, -49.6288414001], [-900.479309082, 2191.92724609, -147.104721069, -396.500061035, 275.594665527, -233.061599731, -72.4113540649, -137.484527588, 47.60597229, -234.245620728, 151.073013306, -108.691261292, 106.298217773], [299.268188477, -147.104721069, 777.308654785, 192.728500366, -43.3964767456, 23.1039218903, -4.84151315689, -23.2196674347, -15.9245128632, 41.9647254944, -22.4414348602, 31.4304885864, 33.8165359497], [238.805877686, -396.500061035, 192.728500366, 536.610473633, 25.9312381744, 174.494949341, 120.251296997, 20.4491291046, 104.932647705, 38.8566436768, 27.5459957123, 30.9866275787, 42.7278251648], [-205.201812744, 275.594665527, -43.3964767456, 25.9312381744, 280.087127686, 71.7868423462, 27.3375015259, 37.5494194031, 62.018611908, 5.99996042252, 48.0480194092, -12.1501398087, 19.4596061707], [1.53842318058, -233.061599731, 23.1039218903, 174.494949341, 71.7868423462, 361.509735107, 241.283187866, 75.5729217529, 109.355545044, 53.6611251831, 21.9045810699, 42.2287216187, 7.60298347473], [-163.472793579, -72.4113540649, -4.84151315689, 120.251296997, 27.3375015259, 241.283187866, 417, 76.7660827637, 101.421707153, 31.0237636566, 6.41703367233, 69.4577713013, -4.7462477684], [13.9166173935, -137.484527588, -23.2196674347, 20.4491291046, 37.5494194031, 75.5729217529, 76.7660827637, 171.105331421, 39.1266174316, 53.4874839783, 26.0372447968, -6.5359172821, -5.55056524277], [-108.915214539, 47.60597229, -15.9245128632, 104.932647705, 62.018611908, 109.355545044, 101.421707153, 39.1266174316, 156.685562134, 17.8017559052, 40.0926208496, 13.8527431488, 13.6339111328], [172.184020996, -234.245620728, 41.9647254944, 38.8566436768, 5.99996042252, 53.6611251831, 31.0237636566, 53.4874839783, 17.8017559052, 128.970932007, 8.55894756317, 1.3126193285, -10.9704713821], [-32.0150489807, 151.073013306, -22.4414348602, 27.5459957123, 48.0480194092, 21.9045810699, 6.41703367233, 26.0372447968, 40.0926208496, 8.55894756317, 91.6611709595, -5.82991456985, 14.6585054398], [103.149848938, -108.691261292, 31.4304885864, 30.9866275787, -12.1501398087, 42.2287216187, 69.4577713013, -6.5359172821, 13.8527431488, 1.3126193285, -5.82991456985, 86.8787307739, 2.32746839523], [-49.6288414001, 106.298217773, 33.8165359497, 42.7278251648, 19.4596061707, 7.60298347473, -4.7462477684, -5.55056524277, 13.6339111328, -10.9704713821, 14.6585054398, 2.32746839523, 76.3348464966]],
        "icov": [[0.000350240443368, -3.08685957862e-05, -2.90545667667e-05, -0.000224389950745, 0.0002161127195, -0.000105863546196, 0.000333249452524, -0.000116516013804, 0.000284980080323, -0.000453011511127, -1.04580285551e-05, -0.000604255183134, 0.000281292625004], [-3.08685957862e-05, 0.00158987264149, -0.00031035245047, 0.00141419516876, -0.00132566795219, 0.00103106489405, -0.00114978349302, 0.00136592262425, -0.000922703824472, 0.00206073420122, -0.0023715980351, 0.00197323062457, -0.00176881230436], [-2.90545667667e-05, -0.00031035245047, 0.00160261127166, -0.000850341049954, 0.000366263295291, -0.000146585181938, 0.00032387682586, -9.00458617252e-05, 0.00056281441357, -0.000933046685532, 0.000826953328215, -0.000786818738561, -0.00025530878338], [-0.000224389950745, 0.00141419516876, -0.000850341049954, 0.00407520448789, -0.00105151743628, 3.64051920769e-05, -0.00121222634334, 0.00159534823615, -0.00218098657206, 0.00178655830678, -0.00232088589109, 0.00205119024031, -0.00268505653366], [0.0002161127195, -0.00132566795219, 0.000366263295291, -0.00105151743628, 0.00556528009474, -0.00173132261261, 0.00146508426405, -0.00156130897813, -0.000162410346093, -0.00166601431556, 0.00050875992747, -0.00127970206086, 0.000875033671036], [-0.000105863546196, 0.00103106489405, -0.000146585181938, 3.64051920769e-05, -0.00173132261261, 0.00635070586577, -0.00322524900548, 0.000336745579261, -0.00187707867008, 0.000349549925886, -0.00121462333482, 0.000976223847829, -0.00123830500524], [0.000333249452524, -0.00114978349302, 0.00032387682586, -0.00121222634334, 0.00146508426405, -0.00322524900548, 0.00574157107621, -0.0021922532469, -0.000310618517688, -0.00136643077713, 0.00234047695994, -0.00432896707207, 0.00203980947845], [-0.000116516013804, 0.00136592262425, -9.00458617252e-05, 0.00159534823615, -0.00156130897813, 0.000336745579261, -0.0021922532469, 0.00909433327615, -0.00125166994985, -0.00086974829901, -0.00343584083021, 0.00338218966499, -0.00128626124933], [0.000284980080323, -0.000922703824472, 0.00056281441357, -0.00218098657206, -0.000162410346093, -0.00187707867008, -0.000310618517688, -0.00125166994985, 0.0109204556793, -0.00152517983224, -0.00153671344742, -0.00171569862869, 0.000737411202863], [-0.000453011511127, 0.00206073420122, -0.000933046685532, 0.00178655830678, -0.00166601431556, 0.000349549925886, -0.00136643077713, -0.00086974829901, -0.00152517983224, 0.0128169534728, -0.00337265850976, 0.00328634749167, -0.00084728479851], [-1.04580285551e-05, -0.0023715980351, 0.000826953328215, -0.00232088589109, 0.00050875992747, -0.00121462333482, 0.00234047695994, -0.00343584083021, -0.00153671344742, -0.00337265850976, 0.0172753762454, -0.00245663546957, 0.000662734848447], [-0.000604255183134, 0.00197323062457, -0.000786818738561, 0.00205119024031, -0.00127970206086, 0.000976223847829, -0.00432896707207, 0.00338218966499, -0.00171569862869, 0.00328634749167, -0.00245663546957, 0.0174511801451, -0.00301605113782], [0.000281292625004, -0.00176881230436, -0.00025530878338, -0.00268505653366, 0.000875033671036, -0.00123830500524, 0.00203980947845, -0.00128626124933, 0.000737411202863, -0.00084728479851, 0.000662734848447, -0.00301605113782, 0.0170070063323]]
    },
    "melbands": {
        "dmean": [0.00665678549558, 0.00368579430506, 0.00142016005702, 0.000478808302432, 0.000378725730116, 0.000244634196861, 0.000161957053933, 0.000148826831719, 8.07049218565e-05, 4.8506197345e-05, 4.13921443396e-05, 3.46861852449e-05, 3.01427626255e-05, 3.12520423904e-05, 2.52512654697e-05, 3.09786992148e-05, 4.18210911448e-05, 2.48326614383e-05, 1.77389210876e-05, 1.42700946526e-05, 1.36774397106e-05, 8.57920167618e-06, 6.05260629527e-06, 5.99616259933e-06, 7.44919998397e-06, 7.81301787356e-06, 6.28900170341e-06, 4.7877738325e-06, 4.34754610978e-06, 3.67829920833e-06, 3.92760102841e-06, 3.87103773392e-06, 3.37420806318e-06, 3.13401869789e-06, 3.07484901896e-06, 3.62896935258e-06, 3.38752988682e-06, 3.07546906697e-06, 2.94122992273e-06, 2.59194143837e-06],
        "dmean2": [0.00885265320539, 0.00653125019744, 0.00229299208149, 0.000728194019757, 0.000634071475361, 0.000395966897486, 0.000257285748376, 0.000235149054788, 0.000125317907077, 7.68610625528e-05, 7.14107882231e-05, 5.84662011534e-05, 4.7790192184e-05, 4.90547427034e-05, 3.75006347895e-05, 5.15585197718e-05, 6.92129760864e-05, 3.83258520742e-05, 2.8751199352e-05, 2.2131118385e-05, 2.06605163839e-05, 1.35282361953e-05, 9.80576442089e-06, 9.07395315153e-06, 1.13945980047e-05, 1.18256111818e-05, 9.99754956865e-06, 7.48222737457e-06, 6.6491720645e-06, 5.37667619938e-06, 6.13289921603e-06, 5.9461631281e-06, 5.3719686548e-06, 4.91636183142e-06, 4.74650369142e-06, 5.67715096622e-06, 5.2216551012e-06, 4.67860081699e-06, 4.54417659057e-06, 3.91474713979e-06],
        "dvar": [0.000266107439529, 8.5452615167e-05, 5.90367199038e-06, 7.19629724699e-07, 1.10202620363e-06, 2.26266337222e-07, 8.58778008705e-08, 9.02467647279e-08, 3.13841361788e-08, 1.05160706809e-08, 8.20288281744e-09, 7.16805237388e-09, 7.24313053979e-09, 6.40774988625e-09, 4.03876665445e-09, 9.54596757197e-09, 2.22128040406e-08, 4.24673896049e-09, 1.52935952791e-09, 1.14002118856e-09, 6.61753152276e-10, 3.21466381292e-10, 3.24198390356e-10, 2.49996523483e-10, 2.21992868532e-10, 1.47713299925e-10, 1.11283551818e-10, 6.60146312614e-11, 6.19343396013e-11, 3.8435234162e-11, 7.5670934796e-11, 6.94656554501e-11, 3.53011161969e-11, 3.48052142662e-11, 3.39156550067e-11, 4.51313535155e-11, 3.9450307604e-11, 1.8146793096e-11, 1.53422777954e-11, 1.21737793457e-11],
        "dvar2": [0.000371445901692, 0.000240569774178, 1.4920448848e-05, 1.69585746335e-06, 2.95302766062e-06, 5.94705340973e-07, 1.94032935497e-07, 2.02894327117e-07, 7.04688147835e-08, 2.36652937247e-08, 2.22319247456e-08, 2.00696792518e-08, 1.56796620132e-08, 1.63767026606e-08, 8.31844815252e-09, 2.50239562405e-08, 5.86615769294e-08, 1.00202290909e-08, 3.65702113037e-09, 2.75520517512e-09, 1.39245470709e-09, 6.64257426841e-10, 7.07234493191e-10, 5.21657050889e-10, 4.58085291921e-10, 3.10345915633e-10, 2.47589976299e-10, 1.45264217322e-10, 1.28178259673e-10, 7.76204170383e-11, 1.76038156274e-10, 1.5267044573e-10, 8.2681500535e-11, 7.9057448088e-11, 7.31125507358e-11, 1.04564988612e-10, 9.80288836216e-11, 3.71838532187e-11, 3.23652667167e-11, 2.56514878783e-11],
        "max": [0.121896877885, 0.068927384913, 0.0209472775459, 0.00736938696355, 0.00811929441988, 0.00367403309792, 0.00374382780865, 0.00272450712509, 0.0028860620223, 0.00154810014647, 0.000736462883651, 0.00130218139384, 0.0014310895931, 0.000950568006374, 0.001130596851, 0.00140765821561, 0.00177273398731, 0.00100227212533, 0.000476152432384, 0.000521739711985, 0.000333907810273, 0.000217083128518, 0.000197673245566, 0.00018879592244, 0.000164161305293, 0.000114254980872, 0.000102937476186, 8.68491333677e-05, 8.19480992504e-05, 7.04501653672e-05, 9.10379603738e-05, 8.24366507004e-05, 5.16131185577e-05, 5.5173139117e-05, 5.06360702275e-05, 7.53876083763e-05, 9.65758008533e-05, 4.5847515139e-05, 3.47336499544e-05, 3.10699106194e-05],
        "mean": [0.0128275491297, 0.00482462719083, 0.00211941753514, 0.000690739834681, 0.000357310258551, 0.000287072180072, 0.000191548082512, 0.000166426063515, 8.65462061483e-05, 5.42278794455e-05, 4.06479957746e-05, 3.6122804886e-05, 3.70266825485e-05, 3.69152367057e-05, 3.07969021378e-05, 3.48435096384e-05, 4.11608234572e-05, 3.18030943163e-05, 2.47470634349e-05, 1.88059111679e-05, 1.91948347492e-05, 1.22811343317e-05, 7.8905504779e-06, 6.98637586538e-06, 9.64563423622e-06, 1.17283070722e-05, 9.03491491044e-06, 6.80963830746e-06, 6.21644358034e-06, 5.13471286467e-06, 5.0427079259e-06, 4.69522046842e-06, 4.37433664047e-06, 4.2557217057e-06, 4.26932319897e-06, 5.5354144024e-06, 5.50497179574e-06, 5.73740453547e-06, 5.18154320162e-06, 4.48369428341e-06],
        "median": [0.0019157344941, 0.00152952468488, 0.00125477078836, 0.000296850979794, 5.95842138864e-05, 8.77194615896e-05, 5.02001748828e-05, 3.82590478694e-05, 2.59350963461e-05, 1.75988552655e-05, 1.40529064083e-05, 1.05433073259e-05, 9.50798585109e-06, 1.00934648799e-05, 7.20171283319e-06, 8.35656464915e-06, 9.082284123e-06, 7.28450049792e-06, 7.88429406384e-06, 5.27223528479e-06, 6.64539902573e-06, 4.51801361123e-06, 2.32233128372e-06, 1.86810211744e-06, 2.65659787146e-06, 4.88401019538e-06, 3.76524099011e-06, 2.80938911601e-06, 1.73883620391e-06, 1.16276657991e-06, 8.59883641624e-07, 8.64109495069e-07, 9.89871978163e-07, 1.10431483336e-06, 1.09643349333e-06, 1.64557684457e-06, 2.23615961659e-06, 2.78874358628e-06, 2.51986580224e-06, 2.059450253e-06],
        "min": [9.47088985015e-09, 1.34534543506e-08, 3.00044327162e-08, 1.35393545264e-08, 2.95479463119e-09, 5.41746647542e-09, 1.15622640351e-08, 1.00247516954e-08, 4.04274702603e-09, 9.23075782477e-10, 1.59233848329e-09, 1.4035472784e-09, 2.9320396111e-10, 2.57501464596e-10, 1.82454107378e-09, 1.8408118363e-09, 2.01526972887e-09, 1.85438497891e-09, 5.43362577154e-10, 4.03533234605e-10, 5.58146195928e-10, 1.6404252956e-10, 5.49372422554e-11, 7.18199666405e-11, 1.79137815692e-10, 8.39443722866e-11, 9.19963341617e-11, 1.41578398311e-11, 1.43753117049e-11, 6.59556263771e-12, 5.50528763202e-12, 4.21132356418e-12, 7.6596437526e-12, 5.69507505391e-12, 5.62263777204e-12, 9.75918824919e-12, 1.1749390523e-11, 1.80449492154e-11, 9.8434827997e-12, 6.27931664998e-11],
        "stdev": [0.027204439044, 0.00883593596518, 0.00268834107555, 0.00102653633803, 0.000913910800591, 0.000472688872833, 0.000339546211762, 0.000338280457072, 0.000191598752281, 0.000117457639135, 8.38724299683e-05, 8.15201710793e-05, 0.000103810976725, 8.60068903421e-05, 7.95086161816e-05, 9.92570567178e-05, 0.000137332812301, 7.48298771214e-05, 4.64215263491e-05, 3.8412752474e-05, 3.34856595146e-05, 2.23781080422e-05, 2.08648616535e-05, 1.7928192392e-05, 1.87131572602e-05, 1.67366033565e-05, 1.36109501909e-05, 1.06996922113e-05, 1.07483037937e-05, 8.85267400008e-06, 1.0294895219e-05, 9.91984506982e-06, 7.56953204473e-06, 7.14383531886e-06, 7.31065165382e-06, 8.9271206889e-06, 8.26463838166e-06, 7.06946229911e-06, 6.29347778158e-06, 5.50052754988e-06],
        "var": [0.000740081479307, 7.80737682362e-05, 7.22717777535e-06, 1.05377682758e-06, 8.35232924601e-07, 2.23434781788e-07, 1.15291626912e-07, 1.14433660769e-07, 3.67100803089e-08, 1.37962974378e-08, 7.0345840264e-09, 6.64553789775e-09, 1.07767190727e-08, 7.39718508669e-09, 6.32162056036e-09, 9.8519636893e-09, 1.88602999884e-08, 5.59951063295e-09, 2.15495821188e-09, 1.47553957941e-09, 1.12128939467e-09, 5.00779751e-10, 4.35342428773e-10, 3.21420057237e-10, 3.50182272069e-10, 2.80113904294e-10, 1.85257961749e-10, 1.14483415803e-10, 1.15526040123e-10, 7.83698383966e-11, 1.05984873655e-10, 9.84033340923e-11, 5.72978157976e-11, 5.10343815818e-11, 5.34456298662e-11, 7.96934879199e-11, 6.8304251144e-11, 4.99772966067e-11, 3.9607862129e-11, 3.02558013365e-11]
    },
    "melbands128": {
