{
"lowlevel": {
    "average_loudness": 0.962719023228,
    "barkbands_crest": {
        "dmean": 3.01616215706,
        "dmean2": 4.34271001816,
        "dvar": 8.17496776581,
        "dvar2": 19.050907135,
        "max": 26.2772541046,
        "mean": 12.9027576447,
        "median": 11.9905653,
        "min": 3.32109189034,
        "stdev": 5.11434984207,
        "var": 26.1565761566
    },
    "barkbands_flatness_db": {
        "dmean": 0.0451847538352,
        "dmean2": 0.0620759874582,
        "dvar": 0.00217348500155,
        "dvar2": 0.00421745097265,
        "max": 0.530637800694,
        "mean": 0.215714767575,
        "median": 0.200899317861,
        "min": 0.0482641942799,
        "stdev": 0.0866931304336,
        "var": 0.007515699137
    },
    "barkbands_kurtosis": {
        "dmean": 11.6631469727,
        "dmean2": 18.394197464,
        "dvar": 556.575683594,
        "dvar2": 1274.67456055,
        "max": 376.809509277,
        "mean": 16.6647949219,
        "median": 7.25026512146,
        "min": -1.94824075699,
        "stdev": 30.2389392853,
        "var": 914.393493652
    },
    "barkbands_skewness": {
        "dmean": 1.07671773434,
        "dmean2": 1.60583901405,
        "dvar": 1.48728191853,
        "dvar2": 3.31921195984,
        "max": 13.9867343903,
        "mean": 2.6601319313,
        "median": 2.20173287392,
        "min": -2.14500927925,
        "stdev": 2.10158371925,
        "var": 4.41665363312
    },
    "barkbands_spread": {
        "dmean": 8.25898456573,
        "dmean2": 12.9860486984,
        "dvar": 155.190917969,
        "dvar2": 340.772857666,
        "max": 115.650909424,
        "mean": 16.9123573303,
        "median": 10.8556108475,
        "min": 0.167902305722,
        "stdev": 18.4889507294,
        "var": 341.841308594
    },
    "dissonance": {
        "dmean": 0.0355857796967,
        "dmean2": 0.0566221438348,
        "dvar": 0.00124475371558,
        "dvar2": 0.0028532394208,
        "max": 0.499993234873,
        "mean": 0.422741442919,
        "median": 0.434154897928,
        "min": 0.0838393494487,
        "stdev": 0.0533148609102,
        "var": 0.00284247449599
    },
    "dynamic_complexity": 3.02300810814,
    "erbbands_crest": {
        "dmean": 3.59601449966,
        "dmean2": 5.56981420517,
        "dvar": 10.8583869934,
        "dvar2": 25.4179000854,
        "max": 31.6029129028,
        "mean": 12.3989400864,
        "median": 11.2814359665,
        "min": 2.70922136307,
        "stdev": 5.81299686432,
        "var": 33.7909317017
    },
    "erbbands_flatness_db": {
        "dmean": 0.0298353917897,
        "dmean2": 0.0422860682011,
        "dvar": 0.000889977498446,
        "dvar2": 0.00169025384821,
        "max": 0.483528763056,
        "mean": 0.18280608952,
        "median": 0.171484142542,
        "min": 0.0652348026633,
        "stdev": 0.0690004900098,
        "var": 0.00476106768474
    },
    "erbbands_kurtosis": {
        "dmean": 2.89261651039,
        "dmean2": 4.56566143036,
        "dvar": 12.4451990128,
        "dvar2": 28.9062309265,
        "max": 33.8232116699,
        "mean": 3.49916434288,
        "median": 1.91577005386,
        "min": -1.81365633011,
        "stdev": 4.95516633987,
        "var": 24.5536746979
    },
    "erbbands_skewness": {
        "dmean": 0.704431712627,
        "dmean2": 1.09596979618,
        "dvar": 0.538038671017,
        "dvar2": 1.19841361046,
        "max": 4.7743473053,
        "mean": 1.08546447754,
        "median": 1.17417275906,
        "min": -3.57783746719,
        "stdev": 1.14073097706,
        "var": 1.30126702785
    },
    "erbbands_spread": {
        "dmean": 16.5015907288,
        "dmean2": 25.446559906,
        "dvar": 403.81942749,
        "dvar2": 937.701782227,
        "max": 177.819564819,
        "mean": 39.9261627197,
        "median": 32.3709030151,
        "min": 1.86876392365,
        "stdev": 29.4956073761,
        "var": 869.990844727
    },
    "hfc": {
        "dmean": 12.039232254,
        "dmean2": 18.1054916382,
        "dvar": 332.109924316,
        "dvar2": 715.094848633,
        "max": 201.197677612,
        "mean": 26.4304428101,
        "median": 21.7623081207,
        "min": 8.66536629474e-06,
        "stdev": 25.7321720123,
        "var": 662.144714355
    },
    "loudness_ebu128": {
        "integrated": -8.89265537262,
        "loudness_range": 4.07916879654,
        "momentary": {
            "dmean": 0.704967141151,
            "dmean2": 0.850992619991,
            "dvar": 0.941774189472,
            "dvar2": 1.04873740673,
            "max": -6.66528987885,
            "mean": -9.80040359497,
            "median": -8.63934516907,
            "min": -32.1924285889,
            "stdev": 3.69091010094,
            "var": 13.6228170395
        },
        "short_term": {
            "dmean": 0.0843906253576,
            "dmean2": 0.0862431302667,
            "dvar": 0.00640001567081,
            "dvar2": 0.00617715669796,
            "max": -7.59060525894,
            "mean": -9.16063594818,
            "median": -8.27054786682,
            "min": -13.2173480988,
            "stdev": 1.68360888958,
            "var": 2.8345386982
        }
    },
    "melbands_crest": {
        "dmean": 3.83318018913,
        "dmean2": 5.68421173096,
        "dvar": 14.7723093033,
        "dvar2": 31.3297767639,
        "max": 38.5614013672,
        "mean": 19.7328968048,
        "median": 18.2846221924,
        "min": 5.22017765045,
        "stdev": 8.08645343781,
        "var": 65.3907241821
    },
    "melbands_flatness_db": {
        "dmean": 0.0541086681187,
        "dmean2": 0.0729097500443,
        "dvar": 0.00325537566096,
        "dvar2": 0.00629107235,
        "max": 0.656134784222,
        "mean": 0.280386537313,
        "median": 0.267154753208,
        "min": 0.0346144847572,
        "stdev": 0.109334096313,
        "var": 0.0119539443403
    },
    "melbands_kurtosis": {
        "dmean": 25.6643104553,
        "dmean2": 41.0739326477,
        "dvar": 3311.92333984,
        "dvar2": 8265.14160156,
        "max": 765.157897949,
        "mean": 37.1948394775,
        "median": 14.3086509705,
        "min": -1.71308791637,
        "stdev": 69.2621536255,
        "var": 4797.24560547
    },
    "melbands_skewness": {
        "dmean": 1.3760471344,
        "dmean2": 2.04145169258,
        "dvar": 3.077003479,
        "dvar2": 6.89284992218,
        "max": 21.6439361572,
        "mean": 3.67966604233,
        "median": 3.01042914391,
        "min": -0.594795107841,
        "stdev": 3.0026037693,
        "var": 9.0156288147
    },
    "melbands_spread": {
        "dmean": 8.98716259003,
        "dmean2": 13.6323509216,
        "dvar": 340.743621826,
        "dvar2": 646.895080566,
        "max": 257.018981934,
        "mean": 17.1294746399,
        "median": 10.0985412598,
        "min": 0.218243092299,
        "stdev": 26.7728385925,
        "var": 716.784851074
    },
    "pitch_salience": {
        "dmean": 0.084999486804,
        "dmean2": 0.128651872277,
        "dvar": 0.00775299500674,
        "dvar2": 0.0172001309693,
        "max": 0.847826421261,
        "mean": 0.482279360294,
        "median": 0.499378323555,
        "min": 0.0687838420272,
        "stdev": 0.164922431111,
        "var": 0.0271994080395
    },
    "silence_rate_20dB": {
        "dmean": 0,
        "dmean2": 0,
        "dvar": 0,
        "dvar2": 0,
        "max": 1,
        "mean": 1,
        "median": 1,
        "min": 1,
        "stdev": 0,
        "var": 0
    },
    "silence_rate_30dB": {
        "dmean": 0.0634674951434,
        "dmean2": 0.127033308148,
        "dvar": 0.0594395324588,
        "dvar2": 0.112445123494,
        "max": 1,
        "mean": 0.845320940018,
        "median": 1,
        "min": 0,
        "stdev": 0.361598908901,
        "var": 0.130753770471
    },
    "silence_rate_60dB": {
        "dmean": 0.00696594407782,
        "dmean2": 0.0131680862978,
        "dvar": 0.00691751297563,
        "dvar2": 0.0160932037979,
        "max": 1,
        "mean": 0.0371229685843,
        "median": 0,
        "min": 0,
        "stdev": 0.189061075449,
        "var": 0.0357440896332
    },
    "spectral_centroid": {
        "dmean": 356.648468018,
        "dmean2": 555.365539551,
        "dvar": 248946.921875,
        "dvar2": 536042.5,
        "max": 4763.3515625,
        "mean": 977.75793457,
        "median": 785.38684082,
        "min": 114.309783936,
        "stdev": 719.105285645,
        "var": 517112.4375
    },
    "spectral_complexity": {
        "dmean": 4.54024744034,
        "dmean2": 7.28117752075,
        "dvar": 45.2345619202,
        "dvar2": 108.173873901,
        "max": 53,
        "mean": 12.7293119431,
        "median": 11,
        "min": 0,
        "stdev": 8.46178531647,
        "var": 71.6018066406
    },
    "spectral_decrease": {
        "dmean": 3.95362897976e-09,
        "dmean2": 5.41981393098e-09,
        "dvar": 3.50533236303e-17,
        "dvar2": 6.2931305433e-17,
        "max": -3.41167401099e-15,
        "mean": -1.40774503166e-08,
        "median": -1.01656416618e-08,
        "min": -6.35422097162e-08,
        "stdev": 1.27156249974e-08,
        "var": 1.61687114981e-16
    },
    "spectral_energy": {
        "dmean": 0.0154398204759,
        "dmean2": 0.0213386826217,
        "dvar": 0.000507648685016,
        "dvar2": 0.000925207568798,
        "max": 0.241419866681,
        "mean": 0.0555288121104,
        "median": 0.0403939001262,
        "min": 1.366242941e-08,
        "stdev": 0.0483651272953,
        "var": 0.00233918544836
    },
    "spectral_energyband_high": {
        "dmean": 0.000992758199573,
        "dmean2": 0.00150254822802,
        "dvar": 3.17038893627e-06,
        "dvar2": 5.77582295591e-06,
        "max": 0.0223524104804,
        "mean": 0.00137567485217,
        "median": 0.000522274058312,
        "min": 3.87384846423e-10,
        "stdev": 0.00258341711015,
        "var": 6.67404401611e-06
    },
    "spectral_energyband_low": {
        "dmean": 0.0111902300268,
        "dmean2": 0.0142543036491,
        "dvar": 0.000594182347413,
        "dvar2": 0.00103266839869,
        "max": 0.236425504088,
        "mean": 0.0317796133459,
        "median": 0.00395629554987,
        "min": 5.55897861076e-09,
        "stdev": 0.0468996837735,
        "var": 0.00219958019443
    },
    "spectral_energyband_middle_high": {
        "dmean": 0.00237315753475,
        "dmean2": 0.0037823182065,
        "dvar": 1.91942381207e-05,
        "dvar2": 5.18870911037e-05,
        "max": 0.0536749660969,
        "mean": 0.0038722101599,
        "median": 0.00174161710311,
        "min": 1.64083169274e-09,
        "stdev": 0.00549430167302,
        "var": 3.01873496937e-05
    },
    "spectral_energyband_middle_low": {
        "dmean": 0.00725859962404,
        "dmean2": 0.0112841157243,
        "dvar": 0.000105698709376,
        "dvar2": 0.000274599442491,
        "max": 0.0978189185262,
        "mean": 0.0193955376744,
        "median": 0.0177583303303,
        "min": 5.60126744986e-09,
        "stdev": 0.0148961627856,
        "var": 0.000221895665163
    },
    "spectral_entropy": {
        "dmean": 0.405601799488,
        "dmean2": 0.581433355808,
        "dvar": 0.190736979246,
        "dvar2": 0.356849521399,
        "max": 8.71968746185,
        "mean": 7.20492935181,
        "median": 7.23770809174,
        "min": 4.5991692543,
        "stdev": 0.738863945007,
        "var": 0.545919895172
    },
    "spectral_flux": {
        "dmean": 0.0415522232652,
        "dmean2": 0.0625112205744,
        "dvar": 0.00225814664736,
        "dvar2": 0.00391773926094,
        "max": 0.44319948554,
        "mean": 0.103921204805,
        "median": 0.0873804762959,
        "min": 0.000116886396427,
        "stdev": 0.0775600448251,
        "var": 0.00601556012407
    },
    "spectral_kurtosis": {
        "dmean": 3.91460561752,
        "dmean2": 6.09913730621,
        "dvar": 73.3559646606,
        "dvar2": 185.737869263,
        "max": 91.2977676392,
        "mean": 6.16967391968,
        "median": 2.95589447021,
        "min": -1.43345451355,
        "stdev": 10.7905960083,
        "var": 116.436958313
    },
    "spectral_rms": {
        "dmean": 0.00101041875314,
        "dmean2": 0.00137195666321,
        "dvar": 1.45908302329e-06,
        "dvar2": 2.47520097219e-06,
        "max": 0.0153470383957,
        "mean": 0.00663013849407,
        "median": 0.00627763336524,
        "min": 3.65091773347e-06,
        "stdev": 0.00319620571099,
        "var": 1.02157309811e-05
    },
    "spectral_rolloff": {
        "dmean": 668.948242188,
        "dmean2": 1144.99645996,
        "dvar": 2492561.75,
        "dvar2": 5374956.5,
        "max": 11886.328125,
        "mean": 1242.18261719,
        "median": 602.9296875,
        "min": 43.06640625,
        "stdev": 2143.39941406,
        "var": 4594161
    },
    "spectral_skewness": {
        "dmean": 0.520247161388,
        "dmean2": 0.766928792,
        "dvar": 0.467385113239,
        "dvar2": 1.02424967289,
        "max": 7.77137327194,
        "mean": 1.84817421436,
        "median": 1.59473025799,
        "min": -0.309119224548,
        "stdev": 1.04913711548,
        "var": 1.10068869591
    },
    "spectral_spread": {
        "dmean": 1223051.125,
        "dmean2": 1840782,
        "dvar": 2.31422636851e+12,
        "dvar2": 4.38885888819e+12,
        "max": 32903564,
        "mean": 6066219,
        "median": 5805380,
        "min": 706311.4375,
        "stdev": 2566050.75,
        "var": 6.58461687808e+12
    },
    "spectral_strongpeak": {
        "dmean": 0.455059230328,
        "dmean2": 0.74669277668,
        "dvar": 0.585472047329,
        "dvar2": 1.23533010483,
        "max": 6.01307106018,
        "mean": 1.07028627396,
        "median": 0.572123944759,
        "min": 0,
        "stdev": 1.19965004921,
        "var": 1.43916022778
    },
    "zerocrossingrate": {
        "dmean": 0.0169193986803,
        "dmean2": 0.0191307161003,
        "dvar": 0.000571354525164,
        "dvar2": 0.000601284846198,
        "max": 0.3828125,
        "mean": 0.0526120215654,
        "median": 0.03759765625,
        "min": 0.00048828125,
        "stdev": 0.0553263612092,
        "var": 0.0030610060785
    },
    "barkbands": {
        "dmean": [0.00202987994999, 0.00968782044947, 0.00375952920876, 0.00157287786715, 0.00294731580652, 0.00125383469276, 0.00186159741133, 0.00148477812763, 0.00156851985957, 0.000791159109212, 0.000429604871897, 0.000459147035144, 0.00025199749507, 0.000299983134028, 0.000315670971759, 0.000122612284031, 0.000143957746332, 0.000186231423868, 0.000196457229322, 0.000176940709935, 0.000148128077853, 0.000153017346747, 0.000183846379514, 0.000311727751978, 0.000197339337319, 6.0424565163e-05, 6.04895888046e-07],
        "dmean2": [0.00260894792154, 0.0113907065243, 0.00681674806401, 0.0026502488181, 0.00470258761197, 0.00199786247686, 0.00295690307394, 0.00216623488814, 0.00188392179552, 0.00119616813026, 0.000722407712601, 0.000714784837328, 0.000388225453207, 0.000492307881359, 0.000506113748997, 0.000204945012229, 0.000242602443905, 0.000340060418239, 0.000327314191964, 0.000281245884253, 0.00024551464594, 0.000245747389272, 0.000297797843814, 0.000445942889201, 0.000298996717902, 9.43243358051e-05, 1.05927995264e-06],
        "dvar": [1.68302885868e-05, 0.000470108236186, 0.000251993187703, 1.76957055373e-05, 2.36793803197e-05, 4.77949561173e-06, 1.94018157345e-05, 1.22046958495e-05, 1.20921249618e-05, 2.80031622424e-06, 1.58586226462e-06, 1.4324739368e-06, 4.6719495117e-07, 6.08012328485e-07, 6.69129121889e-07, 9.44141476111e-08, 1.12781648909e-07, 3.17226692914e-07, 1.42806896974e-07, 8.99506744645e-08, 7.49204787098e-08, 7.35828464826e-08, 1.21726444036e-07, 6.12570488556e-07, 2.74200687045e-07, 1.8915633504e-08, 3.00432985781e-12],
        "dvar2": [2.65443213721e-05, 0.000764665659517, 0.000708624196704, 4.96891843795e-05, 5.86724163441e-05, 1.08874137368e-05, 4.50054358225e-05, 2.5584929972e-05, 1.50667538037e-05, 5.50941513211e-06, 4.35671063315e-06, 3.40687256539e-06, 9.54208076109e-07, 1.47577043208e-06, 1.5336316892e-06, 2.32532329392e-07, 3.06616215084e-07, 8.86570830971e-07, 3.61680491778e-07, 2.06720500273e-07, 1.93040094132e-07, 1.71476898458e-07, 2.48219805599e-07, 1.04471598661e-06, 5.645517831e-07, 3.88404863827e-08, 7.67397430324e-12],
        "max": [0.0444501563907, 0.233749568462, 0.144245058298, 0.0413444936275, 0.0498386509717, 0.0252418704331, 0.056803714484, 0.062531478703, 0.0611733794212, 0.0266438499093, 0.0256112888455, 0.0184982549399, 0.0149844996631, 0.0116244656965, 0.0123060978949, 0.0045496695675, 0.00401630066335, 0.00507275108248, 0.00402400502935, 0.0032474626787, 0.00219059130177, 0.00437918165699, 0.00551172764972, 0.0145472772419, 0.00776329310611, 0.00184482615441, 2.26552310778e-05],
        "mean": [0.00550204468891, 0.0229346267879, 0.00267445342615, 0.00221505737863, 0.00538399862126, 0.00230826996267, 0.00270357495174, 0.00247988430783, 0.00375880068168, 0.00117845844943, 0.000476064014947, 0.000736064161174, 0.000356540316716, 0.00033146457281, 0.000359212252079, 0.000117801057058, 0.00013731198851, 0.00012515776325, 0.000219695270061, 0.000230415011174, 0.000148677208927, 0.000180344024557, 0.000230481557082, 0.000416731607402, 0.000249920965871, 7.33174529159e-05, 4.95846165904e-07],
        "median": [0.000210466430872, 0.000792642938904, 0.000405317608966, 0.00113578466699, 0.00256399810314, 0.00118862011004, 0.000884585198946, 0.000410936889239, 0.000486910081236, 0.000277058512438, 8.53053425089e-05, 9.71483605099e-05, 6.53461320326e-05, 5.02586917719e-05, 3.39276630257e-05, 2.17428423639e-05, 3.48770772689e-05, 9.08736365091e-06, 4.93301995448e-05, 8.1509759184e-05, 3.99313757953e-05, 5.90785166423e-05, 8.65300535224e-05, 9.84828511719e-05, 5.64744550502e-05, 1.34508682095e-05, 1.90872881944e-08],
        "min": [4.34214253095e-12, 4.49132987745e-11, 1.4327138087e-10, 9.58760293379e-10, 1.44507295019e-09, 9.39630706576e-10, 7.53454187929e-10, 6.48987918961e-10, 7.26626925296e-10, 3.54515139467e-10, 2.50162557336e-10, 2.34224917239e-10, 1.91477736444e-10, 1.58240059944e-10, 1.28420066248e-10, 1.06239718412e-10, 9.6329715038e-11, 8.61473600788e-11, 7.22036944123e-11, 6.5569667751e-11, 7.40890682138e-11, 5.62942054083e-11, 3.03881572683e-11, 5.16514348653e-13, 2.8965155605e-14, 4.953990099e-14, 5.36597472727e-14],
        "stdev": [0.00872447248548, 0.0390748679638, 0.0123024974018, 0.00381829915568, 0.0071963891387, 0.00313670397736, 0.00552759086713, 0.00568833528087, 0.00817186385393, 0.00262699113227, 0.00119970971718, 0.00185355055146, 0.0011137140682, 0.000877770944498, 0.000992116052657, 0.000295552541502, 0.000301509222481, 0.000441742304247, 0.000436787406215, 0.000367005297448, 0.000269648415269, 0.000317168945912, 0.000445433455752, 0.0011432885658, 0.000677237170748, 0.000194561696844, 1.72686998212e-06],
        "var": [7.61164192227e-05, 0.00152684526984, 0.000151351443492, 1.45794092532e-05, 5.17880180269e-05, 9.83891186479e-06, 3.05542598653e-05, 3.23571584886e-05, 6.67793574394e-05, 6.9010829975e-06, 1.4393034462e-06, 3.43564965988e-06, 1.24035898352e-06, 7.70481790369e-07, 9.84294160844e-07, 8.73513030797e-08, 9.09078181621e-08, 1.95136252046e-07, 1.90783239873e-07, 1.34692896836e-07, 7.2710264476e-08, 1.00596139418e-07, 1.98410958774e-07, 1.30710884605e-06, 4.58650220025e-07, 3.78542566182e-08, 2.98208007767e-12]
    },
    "erbbands": {
        "dmean": [0.464603573084, 1.8209451437, 4.14489459991, 4.95356988907, 7.66205263138, 10.7406921387, 8.47295951843, 10.8072795868, 24.1706123352, 27.0036735535, 35.7698173523, 37.9927635193, 30.6582546234, 22.3160095215, 19.4024925232, 14.4056892395, 11.0224590302, 16.1023025513, 17.1456241608, 9.02755641937, 6.65954256058, 8.0130405426, 10.8717193604, 7.74875450134, 12.1713867188, 7.55104875565, 5.60360574722, 6.0675535202, 5.38907003403, 5.29339408875, 5.46819496155, 6.37187433243, 5.27712440491, 2.63567018509, 1.16488194466, 0.44083455205, 0.0759433954954, 0.00593952368945, 0.00014796317555, 2.39094370045e-05],
        "dmean2": [0.568663656712, 2.2244079113, 6.91028499603, 8.66402053833, 12.1665143967, 17.704164505, 13.4388809204, 17.6839065552, 37.2632446289, 43.0792579651, 50.3659973145, 47.9894065857, 42.0360107422, 36.5295906067, 31.2614803314, 22.57188797, 16.7228298187, 25.187253952, 27.4157352448, 14.8177585602, 10.9570989609, 13.3876190186, 19.8791675568, 13.7396669388, 18.8961582184, 12.1540279388, 9.10621833801, 10.149933815, 8.78156280518, 8.49050712585, 8.81608009338, 9.37009525299, 7.67666912079, 3.90768718719, 1.78333795071, 0.691044151783, 0.116503581405, 0.00943449884653, 0.000235324652749, 3.49266992998e-05],
        "dvar": [0.996445715427, 23.04388237, 264.940795898, 257.46005249, 234.491363525, 440.774780273, 250.753479004, 417.006958008, 3332.86181641, 4949.12744141, 7119.22753906, 7864.15722656, 4890.59667969, 2966.73754883, 3808.64697266, 1028.5291748, 745.022766113, 1973.02307129, 1686.65405273, 902.790710449, 189.896774292, 349.047637939, 1169.1027832, 322.461791992, 510.061004639, 164.414611816, 103.467506409, 139.772842407, 100.481704712, 82.2619171143, 111.841285706, 216.78843689, 213.985748291, 54.4174194336, 9.84492778778, 1.14271593094, 0.0330814756453, 0.000197699147975, 1.06597383365e-07, 1.02498765031e-09],
        "dvar2": [1.63607561588, 36.3943443298, 704.306335449, 725.384399414, 584.751831055, 1057.02990723, 558.461425781, 953.164001465, 7842.30810547, 12077.6298828, 13447.5927734, 10613.78125, 9033.46191406, 6663.75195312, 10302.2988281, 2438.62280273, 1431.52612305, 4751.91650391, 3733.55883789, 2343.30957031, 453.957305908, 948.479309082, 3296.35595703, 890.342834473, 1110.2956543, 392.653320312, 257.885467529, 354.574157715, 239.27104187, 177.599578857, 235.350158691, 367.130279541, 424.779968262, 109.116325378, 21.3326072693, 2.58763074875, 0.0633116737008, 0.000408645253628, 2.25735846016e-07, 1.97408955849e-09],
        "max": [10.0211114883, 51.5405578613, 154.895904541, 147.712356567, 200.533096313, 294.423492432, 274.061157227, 293.705352783, 805.683898926, 885.389831543, 1714.05236816, 1518.02587891, 879.496398926, 1036.73242188, 1388.10021973, 451.996185303, 656.621459961, 603.344299316, 646.165588379, 655.552368164, 149.373687744, 229.187896729, 343.151763916, 145.227508545, 344.088165283, 142.44519043, 105.013130188, 101.137588501, 147.194122314, 139.140304565, 164.373352051, 302.011138916, 259.480285645, 116.531074524, 51.2584648132, 16.2585430145, 3.17039680481, 0.225141510367, 0.00462528783828, 0.000352592294803],
        "mean": [1.18376100063, 3.0629734993, 3.36504745483, 5.76009082794, 14.2895460129, 17.5106334686, 16.8224372864, 17.8941860199, 35.2580528259, 40.5761032104, 69.3071517944, 85.2009887695, 59.661113739, 30.3101882935, 26.8250827789, 23.4537639618, 17.0509090424, 20.6955223083, 20.9610786438, 9.64859676361, 7.04377841949, 7.74926042557, 7.51837968826, 6.5555024147, 15.6866016388, 9.70520496368, 5.90718412399, 6.11501741409, 6.03260993958, 6.64620351791, 6.74281835556, 8.37278556824, 6.8002986908, 3.41884565353, 1.4339864254, 0.521467626095, 0.095455519855, 0.00702022900805, 0.000202484588954, 7.59974282118e-05],
        "median": [0.047285746783, 0.0912023484707, 0.432207882404, 2.92245602608, 5.7590341568, 7.29510164261, 8.5557718277, 8.15353870392, 13.069144249, 10.6358156204, 16.4041652679, 14.0459442139, 12.4360666275, 7.49176311493, 5.53096437454, 3.9472155571, 4.18767547607, 3.34020638466, 2.25624370575, 1.29697823524, 1.67906761169, 2.02928614616, 0.843269646168, 1.16188764572, 4.06416082382, 3.59137177467, 1.72098577023, 1.54975366592, 1.76324546337, 2.60530042648, 2.35226750374, 2.13824939728, 1.34820628166, 0.732858836651, 0.323556363583, 0.10373274982, 0.0172429066151, 0.00120019190945, 7.14172419976e-05, 5.99810882704e-05],
        "min": [1.07958930684e-08, 1.28555740275e-07, 1.43297370414e-06, 2.63074525719e-06, 3.81607469535e-06, 4.94402911499e-06, 6.30343538432e-06, 8.06832576927e-06, 1.01451560113e-05, 1.24081852846e-05, 1.51149142766e-05, 1.66305126186e-05, 1.31994211188e-05, 1.04120545075e-05, 1.02140720628e-05, 9.45029387367e-06, 8.89148941496e-06, 8.42091230879e-06, 7.3573910413e-06, 6.26711289442e-06, 5.82021903028e-06, 5.47529498363e-06, 4.81869437863e-06, 4.13541738453e-06, 3.35781419381e-06, 3.07973459712e-06, 3.12836959893e-06, 2.70607893071e-06, 2.01971897695e-06, 1.65345318237e-06, 9.06391562694e-07, 1.21011069609e-07, 5.28663406385e-08, 5.43165903366e-08, 4.37033484957e-08, 3.41927943737e-08, 1.77194152684e-08, 4.44416503598e-09, 6.42102016002e-09, 6.45539344202e-10],
        "stdev": [1.84873819351, 7.21445798874, 13.8340320587, 12.9928407669, 24.1208553314, 28.1999607086, 27.8919353485, 28.1336860657, 69.8589782715, 91.2867355347, 149.353881836, 186.381225586, 131.09815979, 72.3120117188, 65.7183990479, 51.1024436951, 41.4714241028, 58.3944206238, 53.769744873, 29.4647369385, 14.4418735504, 16.9162635803, 26.5068225861, 15.2815103531, 30.2805595398, 14.8704957962, 10.3725605011, 11.7840843201, 11.1263971329, 11.4440612793, 13.4957580566, 21.6798648834, 19.5102043152, 9.65800285339, 3.97763562202, 1.38097023964, 0.266927868128, 0.0203897859901, 0.000454401772004, 6.10474817222e-05],
        "var": [3.41783285141, 52.0484046936, 191.380432129, 168.813919067, 581.815673828, 795.237792969, 777.960083008, 791.504272461, 4880.27636719, 8333.26757812, 22306.5800781, 34737.9609375, 17186.7265625, 5229.02685547, 4318.90820312, 2611.4597168, 1719.87915039, 3409.90844727, 2891.18530273, 868.170715332, 208.567718506, 286.160003662, 702.611633301, 233.524551392, 916.91229248, 221.131652832, 107.590019226, 138.864639282, 123.796707153, 130.966537476, 182.135482788, 470.016571045, 380.648071289, 93.2770233154, 15.8215847015, 1.90707874298, 0.0712504908442, 0.000415743357735, 2.06480962106e-07, 3.72679531679e-09]
    },
    "gfcc": {
        "mean": [-21.8533210754, 90.8482971191, -86.3241271973, 20.5457630157, -83.9410476685, 15.8816928864, -41.3654022217, 8.3213634491, -28.0798950195, 1.34649753571, -14.8439674377, -7.25757980347, -10.2538814545],
        "cov": [[11581.53125, -3027.49584961, 131.194641113, 1327.57995605, -511.059051514, 1093.34533691, -642.659423828, 855.147460938, -84.7636566162, 639.885253906, -78.8831253052, 527.87298584, 89.9706573486], [-3027.49584961, 2295.42456055, -66.4702606201, -548.144348145, 555.568237305, -136.200469971, 641.802429199, -140.067489624, 316.7628479, -113.474952698, 275.550476074, -129.549545288, 130.142333984], [131.194641113, -66.4702606201, 1581.24536133, 625.575500488, 260.869415283, 315.437530518, -7.37060928345, 242.421508789, 178.038742065, 158.144897461, 152.321762085, 247.793579102, 165.447418213], [1327.57995605, -548.144348145, 625.575500488, 961.36920166, 275.752685547, 217.190155029, -131.053421021, 233.419265747, 189.083892822, 193.781677246, 87.1989746094, 170.301971436, 184.568511963], [-511.059051514, 555.568237305, 260.869415283, 275.752685547, 568.988220215, 119.646575928, 201.052261353, 106.607414246, 268.752624512, 100.515411377, 167.038986206, 53.0313148499, 162.975189209], [1093.34533691, -136.200469971, 315.437530518, 217.190155029, 119.646575928, 413.018249512, 170.675460815, 206.148971558, 97.3558425903, 162.535095215, 119.769836426, 112.041290283, 86.1775131226], [-642.659423828, 641.802429199, -7.37060928345, -131.053421021, 201.052261353, 170.675460815, 684.30657959, 157.191436768, 140.229812622, 79.6174087524, 201.395568848, 20.5924186707, 41.8698196411], [855.147460938, -140.067489624, 242.421508789, 233.419265747, 106.607414246, 206.148971558, 157.191436768, 302.483551025, 133.411102295, 128.761138916, 99.9964981079, 101.641571045, 83.1575393677], [-84.7636566162, 316.7628479, 178.038742065, 189.083892822, 268.752624512, 97.3558425903, 140.229812622, 133.411102295, 321.547058105, 149.200012207, 129.313522339, 26.9762821198, 128.469055176], [639.885253906, -113.474952698, 158.144897461, 193.781677246, 100.515411377, 162.535095215, 79.6174087524, 128.761138916, 149.200012207, 237.697952271, 103.183258057, 52.4279327393, 62.1908302307], [-78.8831253052, 275.550476074, 152.321762085, 87.1989746094, 167.038986206, 119.769836426, 201.395568848, 99.9964981079, 129.313522339, 103.183258057, 210.173416138, 56.2973823547, 69.8281097412], [527.87298584, -129.549545288, 247.793579102, 170.301971436, 53.0313148499, 112.041290283, 20.5924186707, 101.641571045, 26.9762821198, 52.4279327393, 56.2973823547, 197.140930176, 46.6638641357], [89.9706573486, 130.142333984, 165.447418213, 184.568511963, 162.975189209, 86.1775131226, 41.8698196411, 83.1575393677, 128.469055176, 62.1908302307, 69.8281097412, 46.6638641357, 172.500289917]],
        "icov": [[0.000322941486957, -0.000145517609781, 0.000370731111616, -0.000389809079934, 0.000410729087889, -0.000816184037831, 0.000534071878064, -0.000768648518715, 0.000319685495924, -0.000541843299288, 0.000313155702315, -0.000434866757132, 0.000211603619391], [-0.000145517609781, 0.00233299075626, -0.000618951453362, 0.00173467746936, -0.00168457010295, 0.00107353308704, -0.00149439973757, 0.00193402823061, -0.00186820107047, 0.00205259374343, -0.00176948506851, 0.000724478333723, -0.00128936115652], [0.000370731111616, -0.000618951453362, 0.00152323662769, -0.00116466730833, 0.000714341877028, -0.00150011153892, 0.00102957792114, -0.00120874645654, 0.000519396038726, -0.000672238238622, 0.000383822713047, -0.00125339184888, 0.000505352509208], [-0.000389809079934, 0.00173467746936, -0.00116466730833, 0.00383113883436, -0.00236678682268, 0.00151000684127, -0.000559115142096, 0.000929330417421, -0.00122312619351, 0.000886661058757, -0.00120009528473, 0.000433619163232, -0.0019583394751], [0.000410729087889, -0.00168457010295, 0.000714341877028, -0.00236678682268, 0.00539655750617, -0.00172816182021, 0.000755230663344, -0.000909137597773, -0.000913408352062, -0.000698775693309, 0.000404779129894, -0.000931269256398, -5.60783992114e-05], [-0.000816184037831, 0.00107353308704, -0.00150011153892, 0.00151000684127, -0.00172816182021, 0.00719133485109, -0.00239634769969, 0.000644419225864, 0.000159253162565, -0.000394577538827, -0.00147630437277, 0.000703194120433, -0.00181897298899], [0.000534071878064, -0.00149439973757, 0.00102957792114, -0.000559115142096, 0.000755230663344, -0.00239634769969, 0.00444641010836, -0.00347978598438, 0.00137261394411, -0.0014976838138, -0.000612510484643, -0.000703893485479, 0.00149759755004], [-0.000768648518715, 0.00193402823061, -0.00120874645654, 0.000929330417421, -0.000909137597773, 0.000644419225864, -0.00347978598438, 0.0100689139217, -0.0037985870149, 0.00223994674161, -0.00161242624745, -0.000127132385387, -0.00165702938102], [0.000319685495924, -0.00186820107047, 0.000519396038726, -0.00122312619351, -0.000913408352062, 0.000159253162565, 0.00137261394411, -0.0037985870149, 0.0100094974041, -0.0055516185239, 0.000771905470174, 0.000550607393961, -0.00157975754701], [-0.000541843299288, 0.00205259374343, -0.000672238238622, 0.000886661058757, -0.000698775693309, -0.000394577538827, -0.0014976838138, 0.00223994674161, -0.0055516185239, 0.0111916288733, -0.00402306718752, 0.00123281776905, -3.41636914527e-05], [0.000313155702315, -0.00176948506851, 0.000383822713047, -0.00120009528473, 0.000404779129894, -0.00147630437277, -0.000612510484643, -0.00161242624745, 0.000771905470174, -0.00402306718752, 0.0112760514021, -0.00213851942681, 0.000258155749179], [-0.000434866757132, 0.000724478333723, -0.00125339184888, 0.000433619163232, -0.000931269256398, 0.000703194120433, -0.000703893485479, -0.000127132385387, 0.000550607393961, 0.00123281776905, -0.00213851942681, 0.00836519803852, -0.00107265636325], [0.000211603619391, -0.00128936115652, 0.000505352509208, -0.0019583394751, -5.60783992114e-05, -0.00181897298899, 0.00149759755004, -0.00165702938102, -0.00157975754701, -3.41636914527e-05, 0.000258155749179, -0.00107265636325, 0.0110416486859]]
    },
    "melbands": {
        "dmean": [0.00324799818918, 0.00184261333197, 0.000893039978109, 0.000664621184114, 0.000330745300744, 0.000247044517891, 0.000379303004593, 0.000288628973067, 0.000301057880279, 0.000227119322517, 0.000153964603669, 9.38239609241e-05, 6.10703791608e-05, 5.80921077926e-05, 3.05774119624e-05, 2.42661026277e-05, 3.10674149659e-05, 2.75419042737e-05, 1.83079919225e-05, 9.53823200689e-06, 7.61483715905e-06, 8.14133909444e-06, 9.12391897145e-06, 9.79955439107e-06, 5.64275114812e-06, 9.41741018323e-06, 8.40189386508e-06, 4.62192610939e-06, 3.49936385646e-06, 3.56368786925e-06, 3.61838533536e-06, 3.23125823343e-06, 2.93000493912e-06, 3.03866772811e-06, 3.06604511024e-06, 3.6615456338e-06, 4.20660489908e-06, 4.08071718994e-06, 3.06366337099e-06, 1.98996281142e-06],
        "dmean2": [0.00394692923874, 0.00258977082558, 0.00151018996257, 0.00106453872286, 0.000532760517672, 0.000400605000323, 0.000586731068324, 0.000454235996585, 0.000413991918322, 0.000280442356598, 0.000214926229091, 0.000153459157445, 0.000101068551885, 9.18041405384e-05, 4.76194472867e-05, 3.69945664715e-05, 4.93193874718e-05, 4.40826042905e-05, 2.95969894069e-05, 1.63056320162e-05, 1.27027187773e-05, 1.357729343e-05, 1.61302941706e-05, 1.81003870239e-05, 1.00671340988e-05, 1.50891155499e-05, 1.30143871502e-05, 7.677159374e-06, 5.74117348151e-06, 5.9774733927e-06, 6.02568343311e-06, 5.40626933798e-06, 4.55541885458e-06, 4.97312339576e-06, 4.97105884278e-06, 5.72943645238e-06, 6.17916202827e-06, 6.01966439717e-06, 4.52821268482e-06, 3.01382397083e-06],
        "dvar": [4.94490486744e-05, 3.6657176679e-05, 6.18396188656e-06, 1.29227453272e-06, 3.88030372278e-07, 2.03143429189e-07, 7.86572002198e-07, 4.98400652305e-07, 4.37699412714e-07, 2.57707483797e-07, 1.30851773861e-07, 5.52228449635e-08, 3.09004413168e-08, 2.85998122962e-08, 5.60955992768e-09, 4.58280657867e-09, 7.46907780069e-09, 4.64494975816e-09, 3.03652680778e-09, 9.27999621592e-10, 2.33820740547e-10, 3.21072668452e-10, 7.02612579229e-10, 9.17220743801e-10, 1.90291657431e-10, 3.48500145408e-10, 2.67053545944e-10, 7.69290672831e-11, 4.49787637691e-11, 4.62641903953e-11, 5.14587088218e-11, 4.2742608064e-11, 2.3563189594e-11, 3.13939395313e-11, 3.77736522617e-11, 6.21443452253e-11, 1.07720818376e-10, 1.28655225362e-10, 7.96116852997e-11, 3.01995442542e-11],
        "dvar2": [8.38417254272e-05, 8.08906333987e-05, 1.69967206602e-05, 3.17880994771e-06, 9.31844169827e-07, 4.66815976097e-07, 1.83803922482e-06, 1.23594531942e-06, 7.86143175446e-07, 3.47213472196e-07, 2.49749945169e-07, 1.21529012631e-07, 8.25968484719e-08, 7.15647487937e-08, 1.13734541785e-08, 1.05225046454e-08, 1.78261529982e-08, 1.00141459569e-08, 6.89529411346e-09, 2.40706321541e-09, 5.64843560813e-10, 8.52974801901e-10, 1.94762117545e-09, 2.58874055525e-09, 5.29108867831e-10, 8.43201786171e-10, 5.97661087287e-10, 1.90294710545e-10, 1.11648815193e-10, 1.19971740875e-10, 1.28606361671e-10, 1.06273691236e-10, 5.23278469167e-11, 6.88340565103e-11, 8.82733469654e-11, 1.22005502923e-10, 1.83190462799e-10, 2.48084969234e-10, 1.70862990423e-10, 6.05589259295e-11],
        "max": [0.0673692300916, 0.0622899644077, 0.0218441225588, 0.011433146894, 0.00767978699878, 0.00588150834665, 0.0125841442496, 0.00882788188756, 0.012862551026, 0.00949093233794, 0.0044653089717, 0.00453954609111, 0.00372638297267, 0.00229619420134, 0.0014840340009, 0.00147475651465, 0.00124722684268, 0.00123344373424, 0.00108397088479, 0.000491536746267, 0.000192897874513, 0.000218908899114, 0.000261752778897, 0.000252744444879, 0.000117000068713, 0.000247024581768, 0.00021257600747, 0.000123140242067, 8.59912252054e-05, 5.50404183741e-05, 7.51244806452e-05, 8.68811403052e-05, 7.95890227892e-05, 8.41379951453e-05, 0.000117439871246, 0.000106460000097, 0.000225165276788, 0.000194414664293, 0.000123546051327, 8.85545814526e-05],
        "mean": [0.00835647527128, 0.00237987632863, 0.00122800096869, 0.00120109575801, 0.000603908440098, 0.000417914532591, 0.000556198006961, 0.000427616905654, 0.000596626778133, 0.000520129920915, 0.000286246475298, 0.00011919438839, 8.15975872683e-05, 8.25925744721e-05, 4.7783847549e-05, 3.4679313103e-05, 3.71811547666e-05, 3.30781622324e-05, 1.89591173694e-05, 9.22506114875e-06, 7.89083969721e-06, 8.10357778391e-06, 7.06041191734e-06, 6.19636330157e-06, 4.41424117525e-06, 1.1158682355e-05, 1.09658121801e-05, 5.30180341229e-06, 3.64262541552e-06, 3.42666703546e-06, 3.57261455974e-06, 3.30859802489e-06, 3.67981942873e-06, 3.60332910532e-06, 3.55608267455e-06, 4.51382311439e-06, 5.46216097064e-06, 5.1529295888e-06, 3.75299578081e-06, 2.54983297054e-06],
        "median": [0.00037870198139, 0.000312428775942, 0.000592881406192, 0.000526019546669, 0.000300113752019, 0.000193849715288, 0.00021364686836, 0.000115416209155, 0.00011372971494, 7.42678676033e-05, 4.85105083499e-05, 2.57817300735e-05, 1.75782315637e-05, 1.06386505649e-05, 8.72313739819e-06, 6.64257913741e-06, 4.93205880048e-06, 3.22385790241e-06, 1.79159746949e-06, 1.52594782321e-06, 1.87740602087e-06, 2.09782569982e-06, 1.07374637537e-06, 3.44822723264e-07, 5.73504678414e-07, 2.31964850173e-06, 2.91982996714e-06, 1.85789338047e-06, 9.83397853815e-07, 7.36745221275e-07, 8.50383173656e-07, 7.38224741781e-07, 1.29450904751e-06, 1.36875291901e-06, 1.26535223899e-06, 1.1525858099e-06, 1.24320217765e-06, 8.66660059273e-07, 7.61111891734e-07, 5.23697906374e-07],
        "min": [1.05036136039e-11, 7.03481162212e-10, 4.86853113379e-10, 3.13544995523e-10, 2.23866397642e-10, 1.81788958886e-10, 1.55950710679e-10, 1.36857428168e-10, 1.24699930937e-10, 1.03008976349e-10, 6.41658809419e-11, 4.17234233274e-11, 3.45311765293e-11, 2.74417762819e-11, 2.19944618074e-11, 1.83430822615e-11, 1.5238036527e-11, 1.20126296063e-11, 9.43084759591e-12, 7.50465748572e-12, 6.64736408279e-12, 5.74092596378e-12, 4.85204324635e-12, 3.96081561646e-12, 3.29992110026e-12, 2.58848021142e-12, 2.18232398298e-12, 2.00539476518e-12, 1.94946554559e-12, 1.86405448369e-12, 1.45554141656e-12, 1.15359664096e-12, 1.0294511554e-12, 8.47152860015e-13, 5.40399322513e-13, 1.4540378992e-13, 7.61998462646e-15, 4.07518901166e-15, 1.26922864241e-14, 2.47689189148e-16],
        "stdev": [0.013092010282, 0.00680200662464, 0.00226232106797, 0.00170432531741, 0.000934713927563, 0.000618025893345, 0.00108009704854, 0.000896483950783, 0.00120405550115, 0.00112601509318, 0.000659973593429, 0.00031547746039, 0.000184208882274, 0.000225893134484, 0.000130480388179, 0.000108518332127, 0.000108706750325, 8.96712590475e-05, 6.29791102256e-05, 2.79540854535e-05, 1.60206218425e-05, 1.70490839082e-05, 2.14809442696e-05, 2.33205100812e-05, 1.14200975077e-05, 2.34608469327e-05, 2.05467531487e-05, 9.09798473003e-06, 6.77357274981e-06, 6.51922164252e-06, 7.28114946469e-06, 6.69405562803e-06, 6.28581165074e-06, 6.74856482874e-06, 7.28646637072e-06, 1.04961045508e-05, 1.50943651533e-05, 1.51543963511e-05, 1.09874063128e-05, 7.33573233447e-06],
        "var": [0.000171400737599, 4.62672942376e-05, 5.11809639647e-06, 2.90472462439e-06, 8.73690169101e-07, 3.81956027695e-07, 1.16660964977e-06, 8.03683462891e-07, 1.44974956129e-06, 1.26790996546e-06, 4.35565141288e-07, 9.95260265313e-08, 3.39329133681e-08, 5.1027708281e-08, 1.70251333032e-08, 1.17762279928e-08, 1.18171579189e-08, 8.04093502893e-09, 3.96636812283e-09, 7.81430919972e-10, 2.56660331877e-10, 2.90671264835e-10, 4.61431004517e-10, 5.43846190304e-10, 1.30418620348e-10, 5.50411327627e-10, 4.22169077474e-10, 8.27733229181e-11, 4.58812848825e-11, 4.25002498472e-11, 5.3015137419e-11, 4.48103811002e-11, 3.95114288509e-11, 4.5543124827e-11, 5.30925893527e-11, 1.1016820789e-10, 2.27839858091e-10, 2.2965573887e-10, 1.20723098185e-10, 5.38129679706e-11]
    },
    "melbands128": {
