{
"lowlevel": {
    "average_loudness": 0.641292870045,
    "barkbands_crest": {
        "dmean": 3.21249651909,
        "dmean2": 5.1166343689,
        "dvar": 7.66929244995,
        "dvar2": 18.2721633911,
        "max": 26.1131343842,
        "mean": 13.2231321335,
        "median": 12.6084547043,
        "min": 3.60652351379,
        "stdev": 4.80039358139,
        "var": 23.0437793732
    },
    "barkbands_flatness_db": {
        "dmean": 0.0291821118444,
        "dmean2": 0.0420328266919,
        "dvar": 0.00075679103611,
        "dvar2": 0.00148810935207,
        "max": 0.416171342134,
        "mean": 0.245877712965,
        "median": 0.244511663914,
        "min": 0.0657575726509,
        "stdev": 0.0622071474791,
        "var": 0.00386972934939
    },
    "barkbands_kurtosis": {
        "dmean": 2.58489847183,
        "dmean2": 4.25326013565,
        "dvar": 15.2112789154,
        "dvar2": 34.5619621277,
        "max": 43.6789169312,
        "mean": 2.99169230461,
        "median": 1.56571865082,
        "min": -1.80226707458,
        "stdev": 5.00350284576,
        "var": 25.0350418091
    },
    "barkbands_skewness": {
        "dmean": 0.59349822998,
        "dmean2": 0.91081482172,
        "dvar": 0.384804040194,
        "dvar2": 0.807895362377,
        "max": 6.11487483978,
        "mean": 0.0631595104933,
        "median": 0.00755972182378,
        "min": -4.6124382019,
        "stdev": 1.07162809372,
        "var": 1.14838671684
    },
    "barkbands_spread": {
        "dmean": 3.00058817863,
        "dmean2": 4.67684698105,
        "dvar": 12.097779274,
        "dvar2": 26.0253677368,
        "max": 36.1396064758,
        "mean": 9.26242160797,
        "median": 7.47999954224,
        "min": 0.977133274078,
        "stdev": 5.81651353836,
        "var": 33.831829071
    },
    "dissonance": {
        "dmean": 0.0556453019381,
        "dmean2": 0.0935048237443,
        "dvar": 0.00255397381261,
        "dvar2": 0.00679137930274,
        "max": 0.5,
        "mean": 0.385769724846,
        "median": 0.399329453707,
        "min": 0.00224858801812,
        "stdev": 0.0769194215536,
        "var": 0.00591659778729
    },
    "dynamic_complexity": 4.67424821854,
    "erbbands_crest": {
        "dmean": 4.02714681625,
        "dmean2": 6.53215265274,
        "dvar": 13.4657039642,
        "dvar2": 32.379901886,
        "max": 33.10962677,
        "mean": 16.709815979,
        "median": 15.9555091858,
        "min": 3.28086519241,
        "stdev": 6.26002836227,
        "var": 39.187953949
    },
    "erbbands_flatness_db": {
        "dmean": 0.0309316553175,
        "dmean2": 0.0441309809685,
        "dvar": 0.000868805509526,
        "dvar2": 0.00174270058051,
        "max": 0.479303717613,
        "mean": 0.304746031761,
        "median": 0.308508425951,
        "min": 0.0987974479795,
        "stdev": 0.0643815845251,
        "var": 0.00414498802274
    },
    "erbbands_kurtosis": {
        "dmean": 3.46685028076,
        "dmean2": 5.45228099823,
        "dvar": 31.828754425,
        "dvar2": 68.4158325195,
        "max": 84.9534454346,
        "mean": 4.17870807648,
        "median": 1.79542684555,
        "min": -1.71884071827,
        "stdev": 8.0693655014,
        "var": 65.114654541
    },
    "erbbands_skewness": {
        "dmean": 0.666696250439,
        "dmean2": 1.02475762367,
        "dvar": 0.407570153475,
        "dvar2": 0.926459610462,
        "max": 6.40551519394,
        "mean": 0.693516016006,
        "median": 0.541511654854,
        "min": -2.43969559669,
        "stdev": 1.24659657478,
        "var": 1.55400300026
    },
    "erbbands_spread": {
        "dmean": 4.03945398331,
        "dmean2": 6.33086013794,
        "dvar": 34.627040863,
        "dvar2": 80.5778884888,
        "max": 79.2720336914,
        "mean": 11.1625185013,
        "median": 8.32210540771,
        "min": 0.672850191593,
        "stdev": 8.41105365753,
        "var": 70.7458267212
    },
    "hfc": {
        "dmean": 7.3286652565,
        "dmean2": 9.67484378815,
        "dvar": 232.135757446,
        "dvar2": 372.483581543,
        "max": 215.146148682,
        "mean": 12.4590377808,
        "median": 5.41164636612,
        "min": 1.22839894384e-16,
        "stdev": 22.5016994476,
        "var": 506.326507568
    },
    "loudness_ebu128": {
        "integrated": -19.7957820892,
        "loudness_range": 7.38457679749,
        "momentary": {
            "dmean": 1.09908592701,
            "dmean2": 1.4503736496,
            "dvar": 1.64885854721,
            "dvar2": 2.25016212463,
            "max": -14.4022703171,
            "mean": -21.6826667786,
            "median": -20.9057064056,
            "min": -34.6233139038,
            "stdev": 4.24999475479,
            "var": 18.062456131
        },
        "short_term": {
            "dmean": 0.176913499832,
            "dmean2": 0.230716317892,
            "dvar": 0.0445314906538,
            "dvar2": 0.0545646771789,
            "max": -15.5939397812,
            "mean": -20.6511554718,
            "median": -20.7895450592,
            "min": -27.835735321,
            "stdev": 2.54181838036,
            "var": 6.46084070206
        }
    },
    "melbands_crest": {
        "dmean": 3.80866742134,
        "dmean2": 6.03816747665,
        "dvar": 11.5288505554,
        "dvar2": 27.0445384979,
        "max": 33.1367263794,
        "mean": 16.1971817017,
        "median": 15.3832626343,
        "min": 2.78659439087,
        "stdev": 6.06466770172,
        "var": 36.7801971436
    },
    "melbands_flatness_db": {
        "dmean": 0.0310500711203,
        "dmean2": 0.0447126850486,
        "dvar": 0.000859424122609,
        "dvar2": 0.00171510048676,
        "max": 0.493991494179,
        "mean": 0.31399089098,
        "median": 0.314180642366,
        "min": 0.00529901916161,
        "stdev": 0.069144308567,
        "var": 0.00478093558922
    },
    "melbands_kurtosis": {
        "dmean": 3.47690033913,
        "dmean2": 5.70281219482,
        "dvar": 33.4574546814,
        "dvar2": 75.2157592773,
        "max": 80.8179244995,
        "mean": 4.01741838455,
        "median": 1.71803617477,
        "min": -1.61437892914,
        "stdev": 7.64762735367,
        "var": 58.4862060547
    },
    "melbands_skewness": {
        "dmean": 0.657642543316,
        "dmean2": 0.996452331543,
        "dvar": 0.504563570023,
        "dvar2": 1.07712900639,
        "max": 7.60048151016,
        "mean": 0.542963325977,
        "median": 0.45422565937,
        "min": -3.74732661247,
        "stdev": 1.19913101196,
        "var": 1.43791520596
    },
    "melbands_spread": {
        "dmean": 4.33305931091,
        "dmean2": 6.53246259689,
        "dvar": 32.1392173767,
        "dvar2": 60.3741111755,
        "max": 135.946777344,
        "mean": 12.5067539215,
        "median": 10.6095991135,
        "min": 1.05072510242,
        "stdev": 8.14801120758,
        "var": 66.3900909424
    },
    "pitch_salience": {
        "dmean": 0.0804960057139,
        "dmean2": 0.127447769046,
        "dvar": 0.0051167756319,
        "dvar2": 0.0127244172618,
        "max": 0.957188606262,
        "mean": 0.51083368063,
        "median": 0.518203258514,
        "min": 0.149448409677,
        "stdev": 0.122336059809,
        "var": 0.0149661116302
    },
    "silence_rate_20dB": {
        "dmean": 0,
        "dmean2": 0,
        "dvar": 0,
        "dvar2": 0,
        "max": 1,
        "mean": 1,
        "median": 1,
        "min": 1,
        "stdev": 0,
        "var": 0
    },
    "silence_rate_30dB": {
        "dmean": 0.0139318881556,
        "dmean2": 0.0278853606433,
        "dvar": 0.0137380035594,
        "dvar2": 0.0333047732711,
        "max": 1,
        "mean": 0.987625658512,
        "median": 1,
        "min": 0,
        "stdev": 0.11055033654,
        "var": 0.0122213773429
    },
    "silence_rate_60dB": {
        "dmean": 0.0975232198834,
        "dmean2": 0.194422930479,
        "dvar": 0.0880137607455,
        "dvar2": 0.176760718226,
        "max": 1,
        "mean": 0.285382837057,
        "median": 0,
        "min": 0,
        "stdev": 0.451593637466,
        "var": 0.203936800361
    },
    "spectral_centroid": {
        "dmean": 148.554779053,
        "dmean2": 209.032119751,
        "dvar": 109430.554688,
        "dvar2": 139722.65625,
        "max": 11314.8476562,
        "mean": 845.26751709,
        "median": 770.985168457,
        "min": 248.106018066,
        "stdev": 418.312225342,
        "var": 174985.125
    },
    "spectral_complexity": {
        "dmean": 1.63312697411,
        "dmean2": 2.32687830925,
        "dvar": 4.41493415833,
        "dvar2": 6.95125675201,
        "max": 45,
        "mean": 7.56071138382,
        "median": 7,
        "min": 0,
        "stdev": 5.10496234894,
        "var": 26.0606422424
    },
    "spectral_decrease": {
        "dmean": 1.85443016498e-09,
        "dmean2": 2.50101539478e-09,
        "dvar": 1.47040237801e-17,
        "dvar2": 2.77662727153e-17,
        "max": 6.97757557726e-29,
        "mean": -3.67484642716e-09,
        "median": -1.95069560505e-09,
        "min": -5.39178302006e-08,
        "stdev": 5.58048185439e-09,
        "var": 3.11417784195e-17
    },
    "spectral_energy": {
        "dmean": 0.00763633754104,
        "dmean2": 0.0102552613243,
        "dvar": 0.000246428040555,
        "dvar2": 0.000454951048596,
        "max": 0.219487637281,
        "mean": 0.0149997640401,
        "median": 0.00788519345224,
        "min": 1.08785963557e-20,
        "stdev": 0.0230160132051,
        "var": 0.000529736862518
    },
    "spectral_energyband_high": {
        "dmean": 7.10894237272e-05,
        "dmean2": 0.000101859579445,
        "dvar": 1.46863627037e-07,
        "dvar2": 2.65889298134e-07,
        "max": 0.00870114006102,
        "mean": 7.70977567299e-05,
        "median": 2.74312992588e-06,
        "min": 7.98648293637e-21,
        "stdev": 0.000457337213447,
        "var": 2.09157320796e-07
    },
    "spectral_energyband_low": {
        "dmean": 0.000205884542083,
        "dmean2": 0.000312613032293,
        "dvar": 4.35123354237e-07,
        "dvar2": 9.00894690403e-07,
        "max": 0.015632674098,
        "mean": 0.00039119477151,
        "median": 8.08946715551e-05,
        "min": 4.39444086485e-23,
        "stdev": 0.00102462538052,
        "var": 1.04985713278e-06
    },
    "spectral_energyband_middle_high": {
        "dmean": 0.00446406658739,
        "dmean2": 0.00610701134428,
        "dvar": 0.000136175498483,
        "dvar2": 0.000230040910537,
        "max": 0.205632477999,
        "mean": 0.00653524929658,
        "median": 0.00219034263864,
        "min": 1.3866952926e-21,
        "stdev": 0.015822801739,
        "var": 0.000250361044891
    },
    "spectral_energyband_middle_low": {
        "dmean": 0.00424987077713,
        "dmean2": 0.00592412566766,
        "dvar": 0.000100327742985,
        "dvar2": 0.000243726346525,
        "max": 0.181215286255,
        "mean": 0.00840477086604,
        "median": 0.004124824889,
        "min": 3.2324205418e-22,
        "stdev": 0.0129821235314,
        "var": 0.000168535538251
    },
    "spectral_entropy": {
        "dmean": 0.286355018616,
        "dmean2": 0.405544608831,
        "dvar": 0.0787063539028,
        "dvar2": 0.151382759213,
        "max": 9.78073692322,
        "mean": 6.17551612854,
        "median": 6.15827798843,
        "min": 4.75300884247,
        "stdev": 0.639361321926,
        "var": 0.40878289938
    },
    "spectral_flux": {
        "dmean": 0.0241854656488,
        "dmean2": 0.0402125865221,
        "dvar": 0.00104468036443,
        "dvar2": 0.0026119495742,
        "max": 0.401116430759,
        "mean": 0.0513861142099,
        "median": 0.0393218621612,
        "min": 1.04300512671e-10,
        "stdev": 0.0447745956481,
        "var": 0.00200476450846
    },
    "spectral_kurtosis": {
        "dmean": 9.24645805359,
        "dmean2": 15.3039989471,
        "dvar": 90.2989044189,
        "dvar2": 240.248336792,
        "max": 110.371604919,
        "mean": 24.0443687439,
        "median": 19.9814186096,
        "min": -1.22135221958,
        "stdev": 16.9206008911,
        "var": 286.306762695
    },
    "spectral_rms": {
        "dmean": 0.000860477564856,
        "dmean2": 0.00111619650852,
        "dvar": 1.23160680232e-06,
        "dvar2": 2.02587898457e-06,
        "max": 0.0146333277225,
        "mean": 0.00313943857327,
        "median": 0.00277360272594,
        "min": 3.25780049638e-12,
        "stdev": 0.00218583177775,
        "var": 4.77786034025e-06
    },
    "spectral_rolloff": {
        "dmean": 198.598251343,
        "dmean2": 346.948944092,
        "dvar": 326604.21875,
        "dvar2": 441281.125,
        "max": 18820.0195312,
        "mean": 1022.20379639,
        "median": 947.4609375,
        "min": 236.865234375,
        "stdev": 627.725769043,
        "var": 394039.65625
    },
    "spectral_skewness": {
        "dmean": 0.702251911163,
        "dmean2": 1.12892055511,
        "dvar": 0.426946431398,
        "dvar2": 1.07765686512,
        "max": 8.62216377258,
        "mean": 3.55839323997,
        "median": 3.4245557785,
        "min": -0.0131746903062,
        "stdev": 1.29846656322,
        "var": 1.68601536751
    },
    "spectral_spread": {
        "dmean": 504774.78125,
        "dmean2": 727103.625,
        "dvar": 1.05215249613e+12,
        "dvar2": 997619597312,
        "max": 40017960,
        "mean": 2454572.25,
        "median": 2146843.5,
        "min": 801335.4375,
        "stdev": 1540928.875,
        "var": 2.37446181683e+12
    },
    "spectral_strongpeak": {
        "dmean": 0.91084843874,
        "dmean2": 1.35771369934,
        "dvar": 1.76056945324,
        "dvar2": 3.29798913002,
        "max": 17.1505851746,
        "mean": 1.72056400776,
        "median": 1.15419483185,
        "min": 0,
        "stdev": 1.91136038303,
        "var": 3.65329837799
    },
    "zerocrossingrate": {
        "dmean": 0.00590623775497,
        "dmean2": 0.00664153276011,
        "dvar": 0.000228405071539,
        "dvar2": 0.000255433667917,
        "max": 0.513671875,
        "mean": 0.0384545102715,
        "median": 0.0361328125,
        "min": 0.0068359375,
        "stdev": 0.01802964136,
        "var": 0.000325067987433
    },
    "barkbands": {
        "dmean": [4.89747762913e-05, 7.39949755371e-05, 8.92418174772e-05, 0.000235201456235, 0.00092122569913, 0.000309394410579, 0.000707294093445, 0.00110121094622, 0.00126889056992, 0.00164315942675, 0.00122882588767, 0.000861424661707, 0.000292257405818, 0.000403191515943, 0.000427961960668, 0.000226488511544, 7.43316631997e-05, 8.39887652546e-05, 4.35400179413e-05, 2.9968789022e-05, 1.74411743501e-05, 1.49617662828e-05, 1.06422139652e-05, 1.01155274024e-05, 7.20097750673e-06, 5.87775139138e-06, 9.16038402465e-07],
        "dmean2": [8.39950153022e-05, 0.000121988603496, 0.000134298752528, 0.000403183308663, 0.00150145881344, 0.000397225812776, 0.000923249928746, 0.00143271870911, 0.00185485219117, 0.00227325200103, 0.00186960445717, 0.00120233593043, 0.000449446903076, 0.000589898379985, 0.000638814235572, 0.000317005004035, 0.000108840657049, 0.000114706577733, 6.54600080452e-05, 4.6032739192e-05, 2.52259596891e-05, 2.23435654334e-05, 1.53995079017e-05, 1.43924717122e-05, 1.08233152787e-05, 8.5137962742e-06, 1.44852958783e-06],
        "dvar": [3.53514195695e-09, 8.84215296537e-08, 1.19004752719e-07, 2.06046479434e-06, 3.37327583111e-05, 9.65968979472e-07, 6.47880551696e-06, 4.30133468399e-06, 1.4634627405e-05, 7.42782867746e-05, 2.32071088249e-05, 1.53355576913e-05, 2.41382394961e-06, 5.25022142028e-06, 3.53832365363e-06, 1.87929219919e-06, 1.06600978711e-07, 1.43374563777e-07, 2.75684985951e-08, 3.95354788907e-08, 8.73401617696e-09, 9.30868804261e-09, 4.29976942939e-09, 4.05494393618e-09, 3.48089179703e-09, 2.10654471644e-09, 6.03443822689e-11],
        "dvar2": [7.83801645809e-09, 1.6128294078e-07, 2.55049116049e-07, 5.79403786105e-06, 9.64338032645e-05, 1.51055007791e-06, 9.45343163039e-06, 7.87460612628e-06, 2.77175586234e-05, 0.000124127414892, 5.7406086853e-05, 2.2689009711e-05, 5.31504292667e-06, 1.05781055026e-05, 7.82853112469e-06, 3.9258088691e-06, 2.10870311435e-07, 2.56749700611e-07, 6.10242878452e-08, 9.52642906782e-08, 1.85746600323e-08, 1.85311144207e-08, 7.66027241639e-09, 7.82949705069e-09, 6.63563470837e-09, 4.07545241998e-09, 1.22428706062e-10],
        "max": [0.00110691983718, 0.00509523972869, 0.00866528041661, 0.0273116640747, 0.118017978966, 0.023389197886, 0.0372990146279, 0.0327972397208, 0.0834773927927, 0.181283250451, 0.125912725925, 0.104416698217, 0.0349439904094, 0.0450389571488, 0.0376735813916, 0.027924310416, 0.00618625618517, 0.00948279257864, 0.00257319118828, 0.00444715563208, 0.00240614498034, 0.00240268022753, 0.00156650214922, 0.00163008563686, 0.00134411500767, 0.00105513411108, 0.000170799408806],
        "mean": [0.000142331264215, 9.99651820166e-05, 0.000167300458997, 0.000251802877756, 0.00137100322172, 0.000611375784501, 0.00128998607397, 0.00218348903582, 0.00183745275717, 0.00235353922471, 0.00169697089586, 0.00117310823407, 0.000353478360921, 0.000429273495683, 0.000468195765279, 0.000241243367782, 9.18820878724e-05, 9.00548475329e-05, 4.75153356092e-05, 3.145536175e-05, 1.87455461855e-05, 1.52879692905e-05, 1.10475557449e-05, 9.50527282839e-06, 7.21670767234e-06, 5.72460885451e-06, 8.47414867167e-07],
        "median": [0.000133217748953, 1.30467124109e-05, 9.27642486204e-06, 1.89163820323e-05, 0.000167218895513, 9.14398915484e-05, 0.000216037864448, 0.000355031952495, 0.000169526028913, 9.96882590698e-05, 8.68218558026e-05, 7.45707075112e-05, 9.37338154472e-06, 2.16226380871e-05, 9.65334857028e-06, 5.15464216733e-06, 4.1548282752e-06, 1.91920548787e-06, 2.31466810874e-06, 1.00018883131e-06, 7.41133476367e-07, 4.16197678987e-07, 2.52587199157e-07, 1.67542339113e-07, 1.00363706679e-07, 9.6021587126e-08, 1.38277682638e-08],
        "min": [1.32744117322e-23, 2.21496664735e-23, 6.66431901541e-24, 8.63977897224e-24, 5.53675152975e-23, 8.91320431511e-23, 5.69015657682e-23, 3.13019376103e-23, 6.76733793875e-23, 6.30733358116e-23, 8.10861478561e-23, 8.01808700139e-23, 5.54449498839e-23, 7.32300777385e-23, 1.14225796899e-22, 1.3681618576e-22, 2.48377462957e-22, 2.18071522192e-22, 2.0133378705e-22, 2.49527104664e-22, 3.69824050819e-22, 6.23315478143e-22, 7.99352881478e-22, 7.09418850776e-22, 1.2716144967e-21, 1.92299782256e-21, 2.40334701648e-21],
        "stdev": [6.99909578543e-05, 0.00034986299579, 0.000568648625631, 0.00119884056039, 0.00553719233721, 0.0015462533338, 0.00371662294492, 0.00393455615267, 0.00572105217725, 0.0112248305231, 0.00510052405298, 0.00565963098779, 0.00180320255458, 0.00250046304427, 0.00207275850698, 0.00155744072981, 0.000395075185224, 0.000465945078759, 0.000182776100701, 0.00019719908596, 0.000102618498204, 0.000105882812932, 7.86761229392e-05, 7.14754787623e-05, 6.68942957418e-05, 5.27614502062e-05, 8.61421449372e-06],
        "var": [4.89873430709e-09, 1.22404117064e-07, 3.23361291521e-07, 1.43721865697e-06, 3.06604997604e-05, 2.39089922616e-06, 1.38132854772e-05, 1.54807330546e-05, 3.27304369421e-05, 0.00012599681213, 2.60153465206e-05, 3.20314211422e-05, 3.25153928316e-06, 6.25231541562e-06, 4.29632791565e-06, 2.42562146013e-06, 1.56084411174e-07, 2.1710481235e-07, 3.34071046382e-08, 3.88874781265e-08, 1.05305568709e-08, 1.12111706585e-08, 6.18993212242e-09, 5.10874453852e-09, 4.4748467154e-09, 2.78377076945e-09, 7.42046910029e-11]
    },
    "erbbands": {
        "dmean": [0.0032559633255, 0.0161810144782, 0.0845582634211, 0.432168632746, 2.92343997955, 2.63452577591, 1.66533064842, 2.75060176849, 7.22374534607, 17.3505020142, 23.5167655945, 33.4552154541, 48.7423744202, 30.8181991577, 56.6883544922, 32.0985374451, 15.2915096283, 18.6349449158, 26.145860672, 15.200006485, 8.47638988495, 3.42665052414, 4.3199429512, 3.62322068214, 2.23287558556, 1.00138521194, 0.732709646225, 0.567740738392, 0.546276211739, 0.451950579882, 0.298426628113, 0.236029371619, 0.150967568159, 0.098038174212, 0.0423210710287, 0.021376285702, 0.0113708777353, 0.0031616424676, 0.000100596276752, 1.06587440314e-05],
        "dmean2": [0.00525342393667, 0.0270925946534, 0.122821338475, 0.717252254486, 4.98152828217, 4.09785270691, 2.17709541321, 3.49638032913, 9.41423225403, 21.5956249237, 33.1231651306, 48.7362251282, 68.8248596191, 41.4130096436, 86.4965362549, 46.0189399719, 22.0969429016, 27.3262405396, 38.5607337952, 21.7998714447, 11.9970684052, 4.90452766418, 5.63410615921, 5.373234272, 3.32960772514, 1.49274134636, 1.04147195816, 0.847389876842, 0.807090163231, 0.677532613277, 0.424455970526, 0.330141276121, 0.210344001651, 0.14674782753, 0.0625471025705, 0.030799947679, 0.0168371535838, 0.00454781530425, 0.000153303859406, 1.46554521052e-05],
        "dvar": [0.00020452561148, 0.00395178375766, 0.0948436483741, 5.457675457, 453.514160156, 183.516235352, 42.1992721558, 66.3271942139, 479.837524414, 1405.1817627, 2727.88916016, 12210.8232422, 49756.3515625, 16109.7744141, 38226.2421875, 24546.3691406, 5971.51269531, 6532.40039062, 16071.4599609, 2738.01660156, 1714.34216309, 261.02722168, 540.308837891, 242.800430298, 121.403320312, 19.0895996094, 15.1043834686, 8.31408691406, 13.6366205215, 7.2296628952, 3.77765703201, 2.17867732048, 0.887921214104, 0.558367848396, 0.138970673084, 0.027130747214, 0.00792524963617, 0.00067748822039, 7.13224267201e-07, 8.63988991462e-10],
        "dvar2": [0.00044973695185, 0.00966566056013, 0.199376612902, 14.9460840225, 1278.99511719, 523.339172363, 67.8177566528, 109.013183594, 724.469177246, 2008.90332031, 5577.15820312, 23287.9511719, 84342.1484375, 28097.4335938, 91747.2109375, 37126.4609375, 9743.16015625, 14207.21875, 34520.7304688, 5666.26025391, 3555.09692383, 608.758544922, 887.458435059, 503.864105225, 289.936737061, 39.3822631836, 31.3648147583, 17.8330173492, 29.1479148865, 13.781378746, 6.81219816208, 3.97313046455, 1.68497824669, 1.01541900635, 0.266354203224, 0.0577563717961, 0.0145030254498, 0.00133793777786, 1.52130348852e-06, 1.63962587951e-09],
        "max": [0.291298657656, 1.27869677544, 7.74506521225, 43.9576568604, 412.510772705, 270.700927734, 150.508560181, 213.717147827, 279.494720459, 504.732879639, 751.230651855, 2673.55371094, 3900.04858398, 2566.59985352, 4412.625, 3784.25097656, 2332.87133789, 1840.55322266, 2305.58789062, 758.521606445, 819.362304688, 419.273773193, 653.732116699, 387.441833496, 237.234115601, 74.7408447266, 111.97857666, 56.2612228394, 97.0243759155, 51.4220085144, 52.8570022583, 40.4810943604, 22.8299026489, 16.5280475616, 9.61953735352, 3.60293769836, 2.0404343605, 0.601458609104, 0.0182138718665, 0.000642350700218],
        "mean": [0.00352828809991, 0.0235206577927, 0.169702708721, 0.535867929459, 3.25360608101, 4.67556333542, 3.48393845558, 5.56472826004, 13.6614990234, 37.2857780457, 41.214969635, 48.8803634644, 70.5750350952, 46.6080665588, 81.0387268066, 45.0752563477, 20.0257568359, 20.5447216034, 27.4548473358, 17.6267242432, 9.61258602142, 4.3452129364, 4.92087268829, 3.74280524254, 2.41034197807, 1.16296899319, 0.806712448597, 0.615579366684, 0.549367904663, 0.459207475185, 0.302811771631, 0.224632531404, 0.144020959735, 0.101210311055, 0.0414125621319, 0.0198995880783, 0.0111659606919, 0.00304655707441, 9.54044080572e-05, 1.96143864741e-05],
        "median": [0.000704731966835, 0.00227148947306, 0.0125848287717, 0.083383359015, 0.491941332817, 0.400881290436, 0.53126180172, 0.928081214428, 2.49805426598, 6.6876950264, 10.9294195175, 5.87538528442, 5.44400548935, 5.85246515274, 5.94588661194, 5.20125007629, 1.70948600769, 2.41315197945, 1.49378597736, 0.659031569958, 0.406279087067, 0.258672684431, 0.118874780834, 0.136974975467, 0.109112232924, 0.0514645650983, 0.0340371355414, 0.025663215667, 0.0143175059929, 0.0103473681957, 0.00684038596228, 0.00405199127272, 0.0026190278586, 0.00136860762723, 0.000679818913341, 0.000385524966987, 0.000170672894455, 5.08951015945e-05, 5.9195394897e-06, 9.32552757149e-06],
        "min": [1.21048380975e-21, 3.00424910091e-21, 5.68427409785e-21, 1.74721257198e-20, 4.11173517171e-20, 1.81456452551e-19, 9.23275735277e-19, 4.9108146494e-19, 6.39164475572e-19, 9.83695695555e-19, 7.29738012611e-19, 1.48856176351e-18, 1.97997342861e-18, 1.9881104043e-18, 3.7606558866e-18, 3.15417491969e-18, 2.76885309726e-18, 3.22279430779e-18, 4.5268224164e-18, 8.26744771088e-18, 1.055822681e-17, 1.02613541697e-17, 1.06945809166e-17, 1.5466652872e-17, 8.20802801876e-18, 1.04444175111e-17, 1.48064552097e-17, 2.02781226129e-17, 2.11861617847e-17, 2.06835933142e-17, 2.26836928743e-17, 1.84977619281e-17, 1.04498239636e-17, 1.39749087379e-17, 9.33847372339e-18, 5.82477922611e-18, 3.75518987712e-18, 1.56555935384e-18, 3.37014836551e-19, 3.16619567638e-20],
        "stdev": [0.0145970582962, 0.0696993470192, 0.522933602333, 2.13924741745, 17.3886814117, 18.0122432709, 11.1663169861, 13.4937076569, 33.6958007812, 66.5614929199, 84.1003265381, 163.421401978, 292.986999512, 170.218353271, 220.138870239, 220.118423462, 108.419380188, 86.5553512573, 135.85760498, 62.62865448, 47.6997528076, 17.9168872833, 29.6715259552, 17.3358917236, 11.1073312759, 5.08716630936, 4.30631685257, 3.15853214264, 3.89234542847, 3.06447696686, 2.26969885826, 1.70823335648, 1.07831084728, 0.876215338707, 0.416112184525, 0.17951233685, 0.103821396828, 0.0300530996174, 0.000903655367438, 3.92987712985e-05],
        "var": [0.000213074119529, 0.00485799927264, 0.273459553719, 4.57637929916, 302.366241455, 324.440917969, 124.686630249, 182.08013916, 1135.40698242, 4430.43212891, 7072.86474609, 26706.5527344, 85841.3828125, 28974.2871094, 48461.1210938, 48452.1171875, 11754.7626953, 7491.82910156, 18457.2890625, 3922.34814453, 2275.26635742, 321.014831543, 880.399475098, 300.53314209, 123.372810364, 25.8792591095, 18.5443668365, 9.97632598877, 15.150352478, 9.39101886749, 5.15153312683, 2.91806125641, 1.16275417805, 0.767753362656, 0.173149362206, 0.0322246812284, 0.0107788825408, 0.000903188833036, 8.16593058062e-07, 1.54439339095e-09]
    },
    "gfcc": {
        "mean": [-151.185379028, 131.237045288, -138.174728394, -27.6931400299, -62.9708099365, 2.07604765892, -26.9490795135, 5.78797054291, -14.9210205078, 0.0774692520499, -12.9151983261, -8.27462482452, -11.8700647354],
        "cov": [[8331.76269531, -160.739151001, -1073.98156738, 621.502441406, -425.015930176, -212.289352417, -223.661346436, -749.961181641, -556.524780273, -469.157409668, -200.838607788, -172.14730835, 100.359741211], [-160.739151001, 1419.36914062, 399.394287109, -256.753204346, 73.506477356, -131.199417114, 12.3993110657, -327.344268799, -125.113014221, -155.669799805, 178.274627686, -21.5243110657, 120.664924622], [-1073.98156738, 399.394287109, 1151.43078613, -58.4982948303, -153.464096069, 136.459106445, -73.2136611938, -29.6145973206, -125.41343689, -16.0395755768, -29.1780281067, 90.8759231567, -109.219924927], [621.502441406, -256.753204346, -58.4982948303, 682.141052246, 143.894989014, -55.8685836792, -62.7881813049, 41.549282074, 16.3116931915, -2.49608898163, -114.607582092, -115.546340942, -51.5260009766], [-425.015930176, 73.506477356, -153.464096069, 143.894989014, 433.891937256, -80.6418914795, 7.58590555191, 113.999191284, 123.625480652, 98.4250717163, 1.32873296738, -66.0324554443, -22.6640796661], [-212.289352417, -131.199417114, 136.459106445, -55.8685836792, -80.6418914795, 246.160507202, 61.0902290344, 32.7672195435, -57.1064224243, -30.7220211029, -7.38278150558, 32.2122573853, -35.9889450073], [-223.661346436, 12.3993110657, -73.2136611938, -62.7881813049, 7.58590555191, 61.0902290344, 205.059020996, 77.2856063843, 0.195770919323, -34.5092277527, 0.304499566555, -25.1634311676, 27.5186691284], [-749.961181641, -327.344268799, -29.6145973206, 41.549282074, 113.999191284, 32.7672195435, 77.2856063843, 331.761932373, 158.201873779, 66.0869903564, -105.280158997, -31.9274559021, -40.7477455139], [-556.524780273, -125.113014221, -125.41343689, 16.3116931915, 123.625480652, -57.1064224243, 0.195770919323, 158.201873779, 231.646072388, 139.764724731, -1.26452851295, -61.0307769775, -37.6438980103], [-469.157409668, -155.669799805, -16.0395755768, -2.49608898163, 98.4250717163, -30.7220211029, -34.5092277527, 66.0869903564, 139.764724731, 269.408294678, 122.293212891, -4.79669761658, -113.624359131], [-200.838607788, 178.274627686, -29.1780281067, -114.607582092, 1.32873296738, -7.38278150558, 0.304499566555, -105.280158997, -1.26452851295, 122.293212891, 277.263153076, 73.6158294678, -29.8301773071], [-172.14730835, -21.5243110657, 90.8759231567, -115.546340942, -66.0324554443, 32.2122573853, -25.1634311676, -31.9274559021, -61.0307769775, -4.79669761658, 73.6158294678, 184.621643066, 52.8832054138], [100.359741211, 120.664924622, -109.219924927, -51.5260009766, -22.6640796661, -35.9889450073, 27.5186691284, -40.7477455139, -37.6438980103, -113.624359131, -29.8301773071, 52.8832054138, 183.831741333]],
        "icov": [[0.000303886801703, -0.000116395043733, 0.000487901357701, -0.000261890963884, 0.000338134239428, 0.000110631815915, 0.000156076523126, 0.000407908664783, 0.000605834182352, -4.80423586851e-05, 0.000482920411741, -6.27321715001e-05, 0.000448142265668], [-0.000116395043733, 0.00335892545991, -0.00233900174499, 0.00138985808007, -0.0022665313445, 0.00173668796197, -0.000832410820294, 0.0024084483739, -0.00150813395157, 0.00354231125675, -0.00354365957901, 0.0030732084997, -0.00200076866895], [0.000487901357701, -0.00233900174499, 0.00333458837122, -0.00115626351908, 0.00207032868639, -0.00127309048548, 0.00109088711906, -0.00107157812454, 0.00231528398581, -0.0023870030418, 0.00337047153153, -0.00271610612981, 0.00285820709541], [-0.000261890963884, 0.00138985808007, -0.00115626351908, 0.00268410961144, -0.00168725801632, 0.000762006267905, 0.000364581821486, 0.000302502216073, -0.000146204503835, 0.00129792792723, -0.00120643735863, 0.00223262654617, -0.000816052895971], [0.000338134239428, -0.0022665313445, 0.00207032868639, -0.00168725801632, 0.00499404687434, -0.000365220301319, 0.000653058406897, -0.00220197951421, 0.00125966197811, -0.00304254563525, 0.00217087753117, -0.00131699198391, 0.00112711510155], [0.000110631815915, 0.00173668796197, -0.00127309048548, 0.000762006267905, -0.000365220301319, 0.00689582386985, -0.00215710909106, 0.000540179316886, 0.000819852750283, 0.00247171404772, -0.00152229471132, 0.000436811882537, 0.00132742535789], [0.000156076523126, -0.000832410820294, 0.00109088711906, 0.000364581821486, 0.000653058406897, -0.00215710909106, 0.00851941481233, -0.0044177188538, 0.0030751505401, 4.75288688904e-05, -0.00185513822362, 0.00304975383915, -0.00190409924835], [0.000407908664783, 0.0024084483739, -0.00107157812454, 0.000302502216073, -0.00220197951421, 0.000540179316886, -0.0044177188538, 0.0113806780428, -0.00633543124422, 0.00230256398208, 0.00271773664281, -0.00175270845648, 0.00173383543734], [0.000605834182352, -0.00150813395157, 0.00231528398581, -0.000146204503835, 0.00125966197811, 0.000819852750283, 0.0030751505401, -0.00633543124422, 0.0150590930134, -0.00715585099533, 0.0012966429349, 0.00355275534093, -0.00170592195354], [-4.80423586851e-05, 0.00354231125675, -0.0023870030418, 0.00129792792723, -0.00304254563525, 0.00247171404772, 4.75288688904e-05, 0.00230256398208, -0.00715585099533, 0.0151030402631, -0.00775442924351, 0.00136328896042, 0.00347796198912], [0.000482920411741, -0.00354365957901, 0.00337047153153, -0.00120643735863, 0.00217087753117, -0.00152229471132, -0.00185513822362, 0.00271773664281, 0.0012966429349, -0.00775442924351, 0.0128744365647, -0.00723255705088, 0.00421876739711], [-6.27321715001e-05, 0.0030732084997, -0.00271610612981, 0.00223262654617, -0.00131699198391, 0.000436811882537, 0.00304975383915, -0.00175270845648, 0.00355275534093, 0.00136328896042, -0.00723255705088, 0.0142884636298, -0.00760665815324], [0.000448142265668, -0.00200076866895, 0.00285820709541, -0.000816052895971, 0.00112711510155, 0.00132742535789, -0.00190409924835, 0.00173383543734, -0.00170592195354, 0.00347796198912, 0.00421876739711, -0.00760665815324, 0.0137191368267]]
    },
    "melbands": {
        "dmean": [2.41040888795e-05, 3.48190988007e-05, 0.000147505954374, 0.000221680398681, 6.16170364083e-05, 6.38614583295e-05, 0.000125776132336, 0.000207400269574, 0.000188373785932, 0.000213333652937, 0.000251593999565, 0.000131710883579, 0.000171937368577, 0.000113968570076, 6.07029141975e-05, 2.75328129646e-05, 3.71134119632e-05, 4.19509888161e-05, 2.95443114737e-05, 2.18565564865e-05, 6.79629192746e-06, 4.06967092204e-06, 3.167280056e-06, 3.77442847821e-06, 2.93200560009e-06, 1.53644703005e-06, 1.55443490257e-06, 5.06319452143e-07, 3.71995582782e-07, 5.80103574066e-07, 2.56181948544e-07, 3.362716825e-07, 2.79004382264e-07, 2.36817953692e-07, 1.77162689852e-07, 1.36390909233e-07, 1.54033202193e-07, 1.05741413847e-07, 9.77615215447e-08, 8.20031260673e-08],
        "dmean2": [3.91021203541e-05, 5.29842109245e-05, 0.000249848992098, 0.000363209546776, 8.30084900372e-05, 8.05684976513e-05, 0.000164621626027, 0.000257173902355, 0.000270595657639, 0.000311517651426, 0.000353283307049, 0.000175792360096, 0.00026299917954, 0.000166091034771, 8.73560929904e-05, 4.12788103858e-05, 5.43341921002e-05, 6.2353334215e-05, 4.42486452812e-05, 3.0484619856e-05, 9.7661613836e-06, 6.03587341175e-06, 4.18643730882e-06, 5.09511301061e-06, 4.48668470199e-06, 2.33086871049e-06, 2.38530151364e-06, 7.70483552515e-07, 5.5346163208e-07, 8.37052596125e-07, 4.0430302306e-07, 5.06092646901e-07, 4.39317574319e-07, 3.57466319656e-07, 2.5777237056e-07, 2.05837551448e-07, 2.18461735813e-07, 1.4935530146e-07, 1.37669999845e-07, 1.19441196489e-07],
        "dvar": [8.97443364067e-09, 1.38693678764e-08, 9.44828002503e-07, 2.08118058254e-06, 4.785499641e-08, 3.72157202833e-08, 1.76548908826e-07, 1.63646461715e-07, 2.06586832974e-07, 5.19032028024e-07, 1.45965680076e-06, 4.40385377942e-07, 5.42222039712e-07, 1.39724534165e-07, 2.32133814393e-07, 2.65097597207e-08, 3.41511956492e-08, 5.39541709088e-08, 1.43742289183e-08, 1.71910556901e-08, 7.58219154129e-10, 4.87533735605e-10, 3.34526961687e-10, 2.32755939522e-10, 1.99472424689e-10, 3.97523264306e-11, 1.40306197216e-10, 4.42826548e-12, 2.61279192726e-12, 1.27265246952e-11, 2.13349021609e-12, 5.89888728142e-12, 2.87376697959e-12, 2.08140059008e-12, 1.45006164194e-12, 7.570750667e-13, 9.88943302249e-13, 4.39099575927e-13, 4.01250511766e-13, 4.15570735376e-13],
        "dvar2": [1.63948659093e-08, 3.12503871669e-08, 2.67025529865e-06, 5.98245969741e-06, 8.7173837926e-08, 6.00586815835e-08, 2.62589423983e-07, 2.47595806968e-07, 4.36261586856e-07, 9.75494799604e-07, 2.47433558798e-06, 7.35198909751e-07, 1.35295897508e-06, 2.41719362748e-07, 3.13712178013e-07, 4.90726037583e-08, 7.47934834067e-08, 1.12739279245e-07, 2.99053688479e-08, 3.57744021073e-08, 1.48881007522e-09, 1.13551457126e-09, 5.38561584218e-10, 4.39734693103e-10, 4.16896933642e-10, 9.00430563444e-11, 3.41285333327e-10, 8.276063862e-12, 5.47709837553e-12, 2.75620377216e-11, 4.60681753162e-12, 1.35793086845e-11, 5.37188913144e-12, 4.20025646208e-12, 2.7931535123e-12, 1.28685376157e-12, 1.95275046133e-12, 8.43512813851e-13, 7.86039365108e-13, 7.7939824733e-13],
        "max": [0.00182553369086, 0.00269847176969, 0.0188442133367, 0.0289572179317, 0.00469708349556, 0.00510629359633, 0.00589173287153, 0.00489459233359, 0.00727572152391, 0.0161182712764, 0.0224400479347, 0.0147357257083, 0.0198671743274, 0.0076264012605, 0.0174525082111, 0.00251139840111, 0.00418681418523, 0.00412953132764, 0.00139448291156, 0.00266771949828, 0.000459375733044, 0.000566828181036, 0.000507540418766, 0.000342919316608, 0.000348161644069, 9.14428019314e-05, 0.000274913822068, 4.71999119327e-05, 3.81174140784e-05, 0.000101581412309, 2.63131387328e-05, 6.41185615677e-05, 3.45741136698e-05, 2.66132665274e-05, 3.23538151861e-05, 2.34252493101e-05, 2.54641709034e-05, 1.56592468556e-05, 1.44952655319e-05, 1.50618334374e-05],
        "mean": [3.34526448569e-05, 6.7739689257e-05, 0.000167958321981, 0.000312652555294, 0.000136159942485, 0.000127808234538, 0.000228625780437, 0.000442761403974, 0.000316314166412, 0.00030578073347, 0.000358121324098, 0.000195283995708, 0.000236667197896, 0.000163247008459, 8.59828141984e-05, 3.15627185046e-05, 4.00162425649e-05, 4.27029590355e-05, 3.4132404835e-05, 2.34171257034e-05, 7.83983614383e-06, 4.99320185554e-06, 3.79728703592e-06, 4.08759706261e-06, 2.92930303658e-06, 1.66798770351e-06, 1.56418525421e-06, 5.9211140524e-07, 4.12513429637e-07, 5.9613699932e-07, 2.72562942882e-07, 3.26483700519e-07, 2.84492870151e-07, 2.34307805158e-07, 1.7141890396e-07, 1.49981303821e-07, 1.38519283155e-07, 9.9990081992e-08, 9.23510796724e-08, 8.28671673503e-08],
        "median": [1.02288240669e-05, 5.95504980083e-06, 3.03164160869e-05, 3.71401984012e-05, 1.54690205818e-05, 1.84095533768e-05, 3.58932666131e-05, 7.44054632378e-05, 7.16561480658e-05, 2.78633197013e-05, 2.27297496167e-05, 7.78723006079e-06, 1.20408158182e-05, 1.38189116115e-05, 2.26039855988e-06, 9.29165992147e-07, 2.42604005507e-06, 1.99730220629e-06, 5.98765723225e-07, 5.34272487585e-07, 2.74153762803e-07, 2.20688448849e-07, 1.09082080257e-07, 8.3980467025e-08, 8.40330685037e-08, 6.60208172576e-08, 4.90775988737e-08, 2.23916849507e-08, 1.71959992912e-08, 2.13472670652e-08, 1.01447703571e-08, 7.43151451488e-09, 6.60823706866e-09, 4.79856687718e-09, 3.49119400056e-09, 3.18491366613e-09, 2.07979566902e-09, 1.94344207394e-09, 1.35645605859e-09, 9.86602466391e-10],
        "min": [9.64023209376e-24, 3.26863155293e-24, 4.10999332076e-24, 5.99396473968e-24, 2.74183469749e-23, 1.30159461898e-23, 9.33924852626e-24, 9.65849106828e-24, 6.81816030257e-24, 9.62813412292e-24, 1.01770345848e-23, 7.7840116182e-24, 1.20166874037e-23, 8.85739887472e-24, 8.87424421049e-24, 4.44382702851e-24, 6.12258377711e-24, 7.148573115e-24, 8.45009815644e-24, 1.05808390716e-23, 1.37848457586e-23, 1.13924144377e-23, 1.1205097838e-23, 9.64913675566e-24, 1.29588784142e-23, 5.97443885455e-24, 6.73479269324e-24, 6.56074788944e-24, 9.48584885917e-24, 9.30411266155e-24, 1.34742191554e-23, 1.45813775473e-23, 8.07479205876e-24, 1.27778987341e-23, 1.21987841107e-23, 1.28088702021e-23, 1.0805616309e-23, 7.51850628106e-24, 7.27242743256e-24, 1.36657135625e-23],
        "stdev": [0.000108968582936, 0.000193024781765, 0.000787252560258, 0.00133058370557, 0.000458275928395, 0.000311627722112, 0.000623636587989, 0.00076325784903, 0.000688902044203, 0.00106163439341, 0.0015765929129, 0.000883392232936, 0.000752030638978, 0.000510439393111, 0.000751759391278, 0.000180956732947, 0.000196524269995, 0.000248573691351, 0.000141896060086, 0.000149425060954, 3.33157549903e-05, 2.38566317421e-05, 2.35775369219e-05, 1.85544340638e-05, 1.55702291522e-05, 6.74557804814e-06, 1.15975517474e-05, 2.65935136667e-06, 1.81188033821e-06, 3.81526569981e-06, 1.56426290232e-06, 2.42685587182e-06, 1.93559480977e-06, 1.60071954269e-06, 1.33874800667e-06, 1.08147446554e-06, 1.09089614853e-06, 7.51729430704e-07, 7.1594399742e-07, 7.45409408864e-07],
        "var": [1.18741514399e-08, 3.72585660102e-08, 6.1976663801e-07, 1.77045285454e-06, 2.10016821711e-07, 9.71118438997e-08, 3.88922615002e-07, 5.82562506679e-07, 4.74586045129e-07, 1.12706766231e-06, 2.48564515459e-06, 7.80381867571e-07, 5.65550124065e-07, 2.60548375763e-07, 5.65142215692e-07, 3.27453371085e-08, 3.86217884341e-08, 6.17888744614e-08, 2.01344914075e-08, 2.23278480149e-08, 1.10993958469e-09, 5.69138847162e-10, 5.55900214749e-10, 3.44267031549e-10, 2.42432018904e-10, 4.55028202617e-11, 1.34503214122e-10, 7.0721492898e-12, 3.28291040186e-12, 1.45562520371e-11, 2.44691853585e-12, 5.88962992959e-12, 3.74652739388e-12, 2.56230323417e-12, 1.79224636434e-12, 1.16958710512e-12, 1.19005434847e-12, 5.65097176951e-13, 5.12575821631e-13, 5.55635181962e-13]
    },
