{
"lowlevel": {
    "average_loudness": 0.94614481926,
    "barkbands_crest": {
        "dmean": 2.89521503448,
        "dmean2": 4.50633764267,
        "dvar": 7.62632799149,
        "dvar2": 18.9713230133,
        "max": 25.137588501,
        "mean": 13.8246269226,
        "median": 13.6753206253,
        "min": 2.38308882713,
        "stdev": 4.69665813446,
        "var": 22.058599472
    },
    "barkbands_flatness_db": {
        "dmean": 0.0438819304109,
        "dmean2": 0.0609758943319,
        "dvar": 0.00207532895729,
        "dvar2": 0.00384475616738,
        "max": 0.562720537186,
        "mean": 0.207700207829,
        "median": 0.190182834864,
        "min": 0.0260172113776,
        "stdev": 0.10165284574,
        "var": 0.0103333014995
    },
    "barkbands_kurtosis": {
        "dmean": 11.402680397,
        "dmean2": 18.6873970032,
        "dvar": 435.983978271,
        "dvar2": 1168.88171387,
        "max": 214.070205688,
        "mean": 15.4277114868,
        "median": 5.97366905212,
        "min": -1.95284771919,
        "stdev": 24.1598472595,
        "var": 583.698181152
    },
    "barkbands_skewness": {
        "dmean": 1.08707368374,
        "dmean2": 1.72180449963,
        "dvar": 1.78158843517,
        "dvar2": 4.72880792618,
        "max": 12.9408731461,
        "mean": 2.69609284401,
        "median": 2.24649596214,
        "min": -3.43193101883,
        "stdev": 1.92428290844,
        "var": 3.70286488533
    },
    "barkbands_spread": {
        "dmean": 8.32794952393,
        "dmean2": 12.6579532623,
        "dvar": 148.750137329,
        "dvar2": 316.212249756,
        "max": 121.707580566,
        "mean": 16.8946666718,
        "median": 13.1206531525,
        "min": 0.278166919947,
        "stdev": 16.6219158173,
        "var": 276.28805542
    },
    "dissonance": {
        "dmean": 0.0313402749598,
        "dmean2": 0.0487422086298,
        "dvar": 0.000994063913822,
        "dvar2": 0.00226236833259,
        "max": 0.499735444784,
        "mean": 0.4302688241,
        "median": 0.444864869118,
        "min": 0.194858133793,
        "stdev": 0.0566314458847,
        "var": 0.00320712081157
    },
    "dynamic_complexity": 3.50345039368,
    "erbbands_crest": {
        "dmean": 3.19274330139,
        "dmean2": 5.04956197739,
        "dvar": 8.92879581451,
        "dvar2": 21.6010303497,
        "max": 25.9243221283,
        "mean": 10.5348834991,
        "median": 9.64570236206,
        "min": 2.44285821915,
        "stdev": 4.84119272232,
        "var": 23.4371490479
    },
    "erbbands_flatness_db": {
        "dmean": 0.0328090153635,
        "dmean2": 0.0453594960272,
        "dvar": 0.00117534107994,
        "dvar2": 0.00218759197742,
        "max": 0.518518984318,
        "mean": 0.177032887936,
        "median": 0.162941321731,
        "min": 0.0504538267851,
        "stdev": 0.0829795822501,
        "var": 0.00688561052084
    },
    "erbbands_kurtosis": {
        "dmean": 2.23389172554,
        "dmean2": 3.4841196537,
        "dvar": 14.5717935562,
        "dvar2": 36.8492889404,
        "max": 45.9392814636,
        "mean": 2.42142605782,
        "median": 0.55680680275,
        "min": -1.92271327972,
        "stdev": 5.39964675903,
        "var": 29.1561832428
    },
    "erbbands_skewness": {
        "dmean": 0.63050866127,
        "dmean2": 0.953076422215,
        "dvar": 0.466208726168,
        "dvar2": 1.14152610302,
        "max": 5.49326133728,
        "mean": 0.716564059258,
        "median": 0.508539378643,
        "min": -3.64164805412,
        "stdev": 1.18886601925,
        "var": 1.41340243816
    },
    "erbbands_spread": {
        "dmean": 14.8706264496,
        "dmean2": 22.6453475952,
        "dvar": 372.781463623,
        "dvar2": 829.932312012,
        "max": 194.669631958,
        "mean": 37.9720077515,
        "median": 33.6691360474,
        "min": 0.979540467262,
        "stdev": 27.2488651276,
        "var": 742.500671387
    },
    "hfc": {
        "dmean": 13.6177577972,
        "dmean2": 19.513917923,
        "dvar": 510.126098633,
        "dvar2": 871.145629883,
        "max": 181.099349976,
        "mean": 26.8356742859,
        "median": 19.363609314,
        "min": 1.17388840322e-16,
        "stdev": 31.5084686279,
        "var": 992.783630371
    },
    "loudness_ebu128": {
        "integrated": -10.4025497437,
        "loudness_range": 8.82987213135,
        "momentary": {
            "dmean": 0.66961479187,
            "dmean2": 0.869611203671,
            "dvar": 0.668905735016,
            "dvar2": 0.810768961906,
            "max": -8.67802810669,
            "mean": -12.1352090836,
            "median": -10.0175256729,
            "min": -24.3499279022,
            "stdev": 4.39791870117,
            "var": 19.3416900635
        },
        "short_term": {
            "dmean": 0.0958226695657,
            "dmean2": 0.114060528576,
            "dvar": 0.0156565457582,
            "dvar2": 0.0143135571852,
            "max": -9.15884494781,
            "mean": -11.5031785965,
            "median": -10.059422493,
            "min": -21.2739582062,
            "stdev": 3.29490065575,
            "var": 10.8563699722
        }
    },
    "melbands_crest": {
        "dmean": 3.6628677845,
        "dmean2": 5.71355104446,
        "dvar": 12.6486434937,
        "dvar2": 32.7231483459,
        "max": 34.8269309998,
        "mean": 18.4188270569,
        "median": 18.3594799042,
        "min": 1.83369910717,
        "stdev": 5.73885917664,
        "var": 32.9345054626
    },
    "melbands_flatness_db": {
        "dmean": 0.0527437105775,
        "dmean2": 0.0728215277195,
        "dvar": 0.00311527238227,
        "dvar2": 0.0057830712758,
        "max": 0.685246109962,
        "mean": 0.290272414684,
        "median": 0.280307173729,
        "min": 0.00446652481332,
        "stdev": 0.109250999987,
        "var": 0.0119357807562
    },
    "melbands_kurtosis": {
        "dmean": 22.0684642792,
        "dmean2": 36.4985771179,
        "dvar": 1479.42443848,
        "dvar2": 3907.23242188,
        "max": 419.86138916,
        "mean": 30.6467094421,
        "median": 16.1051139832,
        "min": -1.80802035332,
        "stdev": 40.9909820557,
        "var": 1680.26062012
    },
    "melbands_skewness": {
        "dmean": 1.37043988705,
        "dmean2": 2.11885762215,
        "dvar": 2.71116495132,
        "dvar2": 6.89600467682,
        "max": 14.4970741272,
        "mean": 3.76347064972,
        "median": 3.28411483765,
        "min": -1.28335475922,
        "stdev": 2.32760071754,
        "var": 5.41772508621
    },
    "melbands_spread": {
        "dmean": 7.2380361557,
        "dmean2": 10.9305181503,
        "dvar": 236.505203247,
        "dvar2": 527.745666504,
        "max": 250.562896729,
        "mean": 14.3218202591,
        "median": 10.4667291641,
        "min": 0.540764153004,
        "stdev": 18.7960128784,
        "var": 353.290100098
    },
    "pitch_salience": {
        "dmean": 0.0871038809419,
        "dmean2": 0.140072628856,
        "dvar": 0.0101725906134,
        "dvar2": 0.0261041037738,
        "max": 0.918329954147,
        "mean": 0.478812724352,
        "median": 0.48075813055,
        "min": 0.0987925678492,
        "stdev": 0.14347846806,
        "var": 0.0205860696733
    },
    "silence_rate_20dB": {
        "dmean": 0,
        "dmean2": 0,
        "dvar": 0,
        "dvar2": 0,
        "max": 1,
        "mean": 1,
        "median": 1,
        "min": 1,
        "stdev": 0,
        "var": 0
    },
    "silence_rate_30dB": {
        "dmean": 0.0650154799223,
        "dmean2": 0.130131676793,
        "dvar": 0.0607882589102,
        "dvar2": 0.125592127442,
        "max": 1,
        "mean": 0.892498075962,
        "median": 1,
        "min": 0,
        "stdev": 0.309752255678,
        "var": 0.0959464684129
    },
    "silence_rate_60dB": {
        "dmean": 0.0472136214375,
        "dmean2": 0.0945003852248,
        "dvar": 0.0449834614992,
        "dvar2": 0.0948681607842,
        "max": 1,
        "mean": 0.135344162583,
        "median": 0,
        "min": 0,
        "stdev": 0.342082679272,
        "var": 0.117020562291
    },
    "spectral_centroid": {
        "dmean": 316.285247803,
        "dmean2": 462.168365479,
        "dvar": 213594.453125,
        "dvar2": 398821.25,
        "max": 11011.8007812,
        "mean": 886.327819824,
        "median": 774.816040039,
        "min": 151.475234985,
        "stdev": 691.787109375,
        "var": 478569.375
    },
    "spectral_complexity": {
        "dmean": 4.63080501556,
        "dmean2": 6.22463226318,
        "dvar": 35.4018554688,
        "dvar2": 47.8134613037,
        "max": 52,
        "mean": 14.8499612808,
        "median": 14,
        "min": 0,
        "stdev": 10.9143676758,
        "var": 119.123420715
    },
    "spectral_decrease": {
        "dmean": 3.58507601383e-09,
        "dmean2": 5.09388131675e-09,
        "dvar": 2.07477775667e-17,
        "dvar2": 4.26738904596e-17,
        "max": 4.54926409854e-29,
        "mean": -1.28266703925e-08,
        "median": -1.21824772492e-08,
        "min": -4.58598066189e-08,
        "stdev": 1.0130552397e-08,
        "var": 1.02628100076e-16
    },
    "spectral_energy": {
        "dmean": 0.013978170231,
        "dmean2": 0.0198411140591,
        "dvar": 0.000313810829539,
        "dvar2": 0.00063862564275,
        "max": 0.175519302487,
        "mean": 0.0508449524641,
        "median": 0.0486000552773,
        "min": 1.0475815943e-20,
        "stdev": 0.0394993722439,
        "var": 0.00156020047143
    },
    "spectral_energyband_high": {
        "dmean": 0.00103028479498,
        "dmean2": 0.00150498573203,
        "dvar": 4.15550221078e-06,
        "dvar2": 7.06674927642e-06,
        "max": 0.0203593354672,
        "mean": 0.00127930694725,
        "median": 0.000192144419998,
        "min": 7.93493116651e-21,
        "stdev": 0.00260898610577,
        "var": 6.80680886944e-06
    },
    "spectral_energyband_low": {
        "dmean": 0.0111954258755,
        "dmean2": 0.0167688243091,
        "dvar": 0.000326563080307,
        "dvar2": 0.000815586652607,
        "max": 0.154264822602,
        "mean": 0.0294110942632,
        "median": 0.0214257650077,
        "min": 5.71886480288e-23,
        "stdev": 0.0323531627655,
        "var": 0.00104672717862
    },
    "spectral_energyband_middle_high": {
        "dmean": 0.00254897819832,
        "dmean2": 0.00352281052619,
        "dvar": 1.13382247946e-05,
        "dvar2": 1.84816526598e-05,
        "max": 0.0293577741832,
        "mean": 0.00557587714866,
        "median": 0.00337564689107,
        "min": 1.34226836298e-21,
        "stdev": 0.00608316762373,
        "var": 3.70049310732e-05
    },
    "spectral_energyband_middle_low": {
        "dmean": 0.00795377790928,
        "dmean2": 0.0132101522759,
        "dvar": 0.000227150972933,
        "dvar2": 0.000611245341133,
        "max": 0.143256440759,
        "mean": 0.015596518293,
        "median": 0.0129154510796,
        "min": 2.75072616963e-22,
        "stdev": 0.0151302162558,
        "var": 0.000228923439863
    },
    "spectral_entropy": {
        "dmean": 0.412521541119,
        "dmean2": 0.573918879032,
        "dvar": 0.202154278755,
        "dvar2": 0.383462011814,
        "max": 9.81601428986,
        "mean": 7.06385707855,
        "median": 7.14767599106,
        "min": 4.09487915039,
        "stdev": 0.946118712425,
        "var": 0.895140588284
    },
    "spectral_flux": {
        "dmean": 0.037006855011,
        "dmean2": 0.0528920739889,
        "dvar": 0.00175368762575,
        "dvar2": 0.00314634176902,
        "max": 0.405326664448,
        "mean": 0.102526895702,
        "median": 0.0860138982534,
        "min": 1.02351432885e-10,
        "stdev": 0.0805884674191,
        "var": 0.00649450160563
    },
    "spectral_kurtosis": {
        "dmean": 8.00409030914,
        "dmean2": 12.3056945801,
        "dvar": 417.566802979,
        "dvar2": 813.229858398,
        "max": 336.128295898,
        "mean": 13.4641017914,
        "median": 6.19989490509,
        "min": -1.18890893459,
        "stdev": 29.4027748108,
        "var": 864.523132324
    },
    "spectral_rms": {
        "dmean": 0.000949596753344,
        "dmean2": 0.00133546593133,
        "dvar": 1.24752909869e-06,
        "dvar2": 2.26592987929e-06,
        "max": 0.0130858067423,
        "mean": 0.0062790485099,
        "median": 0.00688583217561,
        "min": 3.19692167704e-12,
        "stdev": 0.00319036096334,
        "var": 1.01784034996e-05
    },
    "spectral_rolloff": {
        "dmean": 573.231201172,
        "dmean2": 949.897460938,
        "dvar": 1882180.75,
        "dvar2": 4154156.5,
        "max": 18604.6875,
        "mean": 971.726501465,
        "median": 452.197265625,
        "min": 64.599609375,
        "stdev": 1631.94970703,
        "var": 2663260
    },
    "spectral_skewness": {
        "dmean": 0.694845616817,
        "dmean2": 1.00429999828,
        "dvar": 1.23608779907,
        "dvar2": 2.3142952919,
        "max": 16.089881897,
        "mean": 2.47148919106,
        "median": 2.10661244392,
        "min": -0.15816411376,
        "stdev": 1.75656378269,
        "var": 3.08551621437
    },
    "spectral_spread": {
        "dmean": 1338274.625,
        "dmean2": 1929013.125,
        "dvar": 3.25339263795e+12,
        "dvar2": 5.63072099942e+12,
        "max": 39165960,
        "mean": 5078925,
        "median": 4599778.5,
        "min": 383220.40625,
        "stdev": 2770620.75,
        "var": 7.67633968333e+12
    },
    "spectral_strongpeak": {
        "dmean": 0.324053138494,
        "dmean2": 0.549602210522,
        "dvar": 0.361608415842,
        "dvar2": 0.958468019962,
        "max": 6.24385309219,
        "mean": 0.634154617786,
        "median": 0.381340503693,
        "min": 0,
        "stdev": 0.746398568153,
        "var": 0.557110786438
    },
    "zerocrossingrate": {
        "dmean": 0.0155479032546,
        "dmean2": 0.0178527124226,
        "dvar": 0.000463425501948,
        "dvar2": 0.000530628371052,
        "max": 0.4990234375,
        "mean": 0.0454837940633,
        "median": 0.0322265625,
        "min": 0.00390625,
        "stdev": 0.0433041192591,
        "var": 0.00187524675857
    },
    "barkbands": {
        "dmean": [0.000867751194164, 0.00930689089, 0.00482203345746, 0.00185769447125, 0.00458869384602, 0.00173461809754, 0.00148480723146, 0.000796577718575, 0.000719052506611, 0.000545768474694, 0.000613077485468, 0.000634116586298, 0.000600017781835, 0.000411689834436, 0.000423565506935, 0.00031872294494, 0.000197197747184, 0.000126475264551, 0.000125913589727, 8.2424194261e-05, 0.000102367703221, 0.000139416399179, 0.000160019044415, 0.000188555044588, 0.000244074995862, 0.000188006088138, 5.42897469131e-05],
        "dmean2": [0.00128183350898, 0.0108537403867, 0.00847327522933, 0.00331151043065, 0.00784226786345, 0.00305443210527, 0.00243767211214, 0.00125021545682, 0.00111232150812, 0.000823083450086, 0.000886870548129, 0.000970142020378, 0.000898279657122, 0.000634975964203, 0.000647077977192, 0.000470219063573, 0.000302818225464, 0.000197939079953, 0.000186531891814, 0.000125758044305, 0.000149337007315, 0.00020520981343, 0.000231751357205, 0.000289755815174, 0.000358685152605, 0.000279871746898, 8.36934123072e-05],
        "dvar": [2.34117169384e-06, 0.000220489571802, 0.000247398333158, 3.43434003298e-05, 7.63493590057e-05, 1.42983981277e-05, 7.57797488404e-06, 4.31143371316e-06, 3.36120001521e-06, 1.77691606496e-06, 1.53239363954e-06, 1.47575076426e-06, 1.46054037486e-06, 7.96483561771e-07, 8.40277493808e-07, 2.61768832388e-07, 9.97313804874e-08, 5.99565623816e-08, 4.76450310316e-08, 3.14804147195e-08, 4.29788151735e-08, 8.62991456074e-08, 1.12868633551e-07, 1.59086837925e-07, 2.9205472174e-07, 1.62576483831e-07, 1.96457250468e-08],
        "dvar2": [5.02934153701e-06, 0.000340703438269, 0.000682459096424, 9.24310807022e-05, 0.000218859277084, 4.05227438023e-05, 1.82858493645e-05, 8.86328234628e-06, 6.99365773471e-06, 3.57471799362e-06, 3.24480288327e-06, 3.55570546162e-06, 3.26957228935e-06, 1.70679231815e-06, 1.75992806817e-06, 5.87292390719e-07, 2.31230075087e-07, 1.42258443248e-07, 8.75086882957e-08, 7.18408728062e-08, 8.26974613233e-08, 1.59367047559e-07, 2.2385097509e-07, 3.30234655621e-07, 5.55656299639e-07, 3.26545148255e-07, 3.61263090554e-08],
        "max": [0.0246101785451, 0.137845337391, 0.114770747721, 0.0562296099961, 0.0801689252257, 0.0239173024893, 0.0248443745077, 0.0230612047017, 0.0224032737315, 0.0225811135024, 0.0176773127168, 0.0162764843553, 0.0134779429063, 0.0144235603511, 0.0103589529172, 0.00584507547319, 0.00367234274745, 0.00307792471722, 0.00228545698337, 0.00195448822342, 0.00232544122264, 0.00205002375878, 0.00510963099077, 0.00549087719992, 0.0079116364941, 0.00269557768479, 0.00115773431025],
        "mean": [0.00244087330066, 0.0217791665345, 0.00443758489564, 0.00189707870595, 0.0070132650435, 0.00206350092776, 0.00214062840678, 0.00095552240964, 0.000953268958256, 0.000980827026069, 0.000903312291484, 0.000896201061551, 0.000828923250083, 0.000536109029781, 0.000613467826042, 0.000464220705908, 0.000296556856483, 0.000163370568771, 0.000168841026607, 8.86947455001e-05, 0.000132658809889, 0.000159697563504, 0.000180937029654, 0.000217288732529, 0.000277859187918, 0.000201403730898, 5.37014238944e-05],
        "median": [0.000963621307164, 0.0130093581975, 0.000769919715822, 0.000579645391554, 0.00377965462394, 0.000782953109592, 0.000651275797281, 9.95191512629e-05, 0.000110508895887, 0.000114447961096, 0.000107683459646, 0.000168285856489, 0.000119854223158, 9.49115928961e-05, 0.000166040394106, 0.000179967086297, 0.000122342797113, 4.46962658316e-05, 4.25617909059e-05, 1.61497227964e-05, 3.05403336824e-05, 1.95322536456e-05, 2.6083773264e-05, 2.95365189231e-05, 2.57590236288e-05, 1.60588824656e-05, 1.51037383489e-07],
        "min": [5.79303240079e-24, 1.65600647341e-23, 2.79808773755e-23, 9.44933012128e-24, 7.0435105686e-23, 3.5251751541e-23, 5.53733150029e-23, 1.66994627669e-23, 6.44889372397e-23, 6.89376899157e-23, 8.58808065727e-23, 2.86906723299e-23, 6.06597685404e-23, 1.30597866613e-22, 9.3760738155e-23, 9.89363725126e-23, 1.75711635335e-22, 1.77251239387e-22, 3.17175196326e-22, 3.04894209753e-22, 5.12933062062e-22, 6.50016084757e-22, 5.23167655094e-22, 7.26784443469e-22, 1.30325314539e-21, 1.74507967385e-21, 2.50534307121e-21],
        "stdev": [0.00355612975545, 0.0264893639833, 0.0129142059013, 0.0049400171265, 0.00868608243763, 0.00349042844027, 0.00352590158582, 0.00260533951223, 0.00244432431646, 0.00269507407211, 0.0018511825474, 0.00161035219207, 0.00161036103964, 0.00116102583706, 0.00119516206905, 0.000683129765093, 0.000426073558629, 0.000289430026896, 0.000299453997286, 0.000201748189284, 0.000258745014435, 0.000352724688128, 0.000397704337956, 0.000463638862129, 0.000657924450934, 0.000469647726277, 0.000155119574629],
        "var": [1.26460581669e-05, 0.0007016864256, 0.000166776706465, 2.44037692028e-05, 7.54480279284e-05, 1.21830908029e-05, 1.2431981304e-05, 6.78779360896e-06, 5.97472171648e-06, 7.2634238677e-06, 3.42687667398e-06, 2.59323428509e-06, 2.5932627068e-06, 1.34798096951e-06, 1.42841236084e-06, 4.66666307375e-07, 1.81538680977e-07, 8.37697342604e-08, 8.967268883e-08, 4.07023321713e-08, 6.6948977917e-08, 1.24414697211e-07, 1.58168731446e-07, 2.1496100544e-07, 4.32864567301e-07, 2.20568992404e-07, 2.40620821046e-08]
    },
    "erbbands": {
        "dmean": [0.349334001541, 1.88666713238, 4.33171510696, 6.77402925491, 10.6326808929, 16.810880661, 16.0082187653, 13.2479391098, 19.5474777222, 22.0144538879, 14.3493347168, 18.3973007202, 16.7038650513, 20.6499404907, 20.1938781738, 28.3814487457, 26.3378429413, 20.7618255615, 20.8604888916, 18.3985443115, 16.6381225586, 8.30228042603, 6.3647069931, 7.10847568512, 4.89655780792, 4.35307073593, 3.96727991104, 4.31015062332, 4.81867170334, 5.00507354736, 4.62560176849, 4.42035722733, 2.98409605026, 2.87060284615, 1.62658500671, 0.755350232124, 0.376219391823, 0.11528646946, 0.00590407149866, 0.000108430067485],
        "dmean2": [0.45618134737, 2.11570882797, 6.78512811661, 12.095123291, 17.8490543365, 28.2071380615, 28.129611969, 23.6231441498, 31.8092956543, 35.7354354858, 22.5052566528, 27.8858375549, 24.3956108093, 29.4890766144, 30.1295413971, 42.3297996521, 38.8421630859, 31.9976825714, 31.7220420837, 26.4463863373, 24.8929710388, 12.4904346466, 9.84954833984, 10.5198936462, 7.17677497864, 6.60549211502, 5.56527042389, 6.36225557327, 7.11429166794, 7.27623796463, 6.79599809647, 6.78968524933, 4.49995088577, 4.36974716187, 2.35353565216, 1.12381696701, 0.572885751724, 0.175041779876, 0.00906491000205, 0.000162624419318],
        "dvar": [0.305549830198, 11.8233003616, 145.203079224, 570.689880371, 421.778930664, 1087.60620117, 1392.88635254, 1011.09436035, 1379.14941406, 2634.14794922, 1537.0291748, 2375.40917969, 2274.77368164, 1982.26293945, 1869.35375977, 2623.60595703, 2745.9453125, 1582.60290527, 1517.62145996, 1253.85241699, 613.592102051, 151.1590271, 129.198852539, 160.911224365, 81.2364959717, 92.5865020752, 62.8411369324, 79.5771789551, 100.330482483, 109.291046143, 96.816368103, 86.4562301636, 39.0831108093, 46.0650901794, 12.2942028046, 2.54338622093, 0.717836916447, 0.080216281116, 0.000228319287999, 5.88529616152e-08],
        "dvar2": [0.493773192167, 17.291759491, 365.784729004, 1597.56408691, 1188.22888184, 2952.11352539, 3894.71484375, 2842.91430664, 3446.71875, 6536.07226562, 3204.72680664, 4695.22167969, 4233.9296875, 3811.59765625, 4181.54638672, 5776.171875, 5840.94433594, 3516.01245117, 3218.80737305, 2556.62304688, 1426.59484863, 342.846252441, 298.899353027, 317.280426025, 150.843185425, 219.719863892, 121.104919434, 163.073104858, 180.102798462, 213.034393311, 191.522186279, 189.301483154, 74.7753601074, 89.6992034912, 24.1167640686, 5.12258911133, 1.5273911953, 0.14820343256, 0.000414905400248, 1.04998740369e-07],
        "max": [4.49995183945, 30.415063858, 96.1233596802, 201.647476196, 242.933807373, 240.739364624, 296.069213867, 202.448562622, 433.52835083, 600.913635254, 526.764465332, 585.813171387, 958.286193848, 651.217407227, 727.289916992, 544.900146484, 586.346557617, 416.87902832, 409.252716064, 410.928833008, 265.993347168, 118.310516357, 144.00378418, 130.978637695, 113.191482544, 104.036102295, 97.3203277588, 116.341949463, 72.0542984009, 107.714935303, 150.437042236, 127.454666138, 87.1683731079, 93.3146209717, 52.4148674011, 16.1331424713, 6.70171022415, 2.64542293549, 0.120139606297, 0.00183782470413],
        "mean": [0.876058161259, 3.84656858444, 5.63164234161, 6.1018409729, 17.1502475739, 23.57746315, 17.7618160248, 15.2577381134, 27.7896575928, 29.4965763092, 19.079875946, 26.428276062, 32.1300468445, 35.597442627, 27.4585590363, 42.8604774475, 38.81016922, 29.2980537415, 31.1744728088, 28.6755390167, 26.2291488647, 12.8156785965, 8.43467235565, 10.2335500717, 6.4371547699, 4.45076179504, 4.77294492722, 5.55671024323, 5.63015317917, 5.46925926208, 5.26034212112, 4.88738632202, 3.48593878746, 3.26627230644, 1.80760324001, 0.856987953186, 0.375349581242, 0.118110366166, 0.00594206526875, 0.000159463073942],
        "median": [0.504625678062, 2.07829093933, 1.44943797588, 1.93557369709, 9.22808074951, 9.48803329468, 8.31713962555, 4.62626695633, 8.76499176025, 7.74681425095, 4.74300527573, 3.48848843575, 4.05546569824, 4.67350482941, 4.0124874115, 8.41982936859, 7.2229757309, 6.77917098999, 7.42280483246, 9.60763931274, 12.9168548584, 5.86920309067, 2.72530150414, 2.83264541626, 1.42277657986, 0.806691229343, 0.942920148373, 1.19530689716, 0.747701406479, 0.566100180149, 0.733631372452, 0.716277956963, 0.423796117306, 0.278740912676, 0.174509719014, 0.0852910131216, 0.0267548952252, 0.0024094323162, 9.28775334614e-05, 6.50511574349e-05],
        "min": [1.71098843767e-22, 5.13179136177e-21, 2.81657777384e-20, 4.29686659385e-20, 5.01039485206e-20, 2.15829632713e-19, 4.27594422348e-19, 2.96281929949e-19, 5.91172490408e-19, 7.69702416726e-19, 6.1819436137e-19, 1.21999669134e-18, 1.87106269326e-18, 2.75118513976e-18, 3.2014826197e-18, 1.1032476959e-18, 2.68807436095e-18, 4.94752895749e-18, 6.36350003878e-18, 4.96808853161e-18, 7.01655789162e-18, 8.80001719493e-18, 7.72806391295e-18, 1.48017270453e-17, 1.42562196293e-17, 1.63940331809e-17, 1.61553733762e-17, 2.30513233714e-17, 2.6178016456e-17, 1.68984164856e-17, 1.52178055109e-17, 1.48138303521e-17, 1.17450589355e-17, 1.28762027805e-17, 1.07218820127e-17, 6.68530927942e-18, 3.3937388328e-18, 1.37349018696e-18, 3.54682871598e-19, 3.39622588056e-20],
        "stdev": [1.01361072063, 5.5628194809, 12.0554857254, 18.976940155, 21.8112335205, 35.5167045593, 31.8316669464, 29.7089977264, 44.6257247925, 58.7084617615, 46.4674530029, 67.2241821289, 101.013816833, 73.4936676025, 53.8061523438, 74.7170333862, 72.360748291, 49.6954574585, 55.6822090149, 46.9549560547, 35.1772880554, 16.9978065491, 13.8608980179, 17.6400089264, 12.0128908157, 10.4181079865, 9.85087490082, 10.8892393112, 12.2056598663, 12.2937679291, 11.6177787781, 10.55148983, 7.48227357864, 8.0229511261, 4.2498793602, 1.92187309265, 0.924356162548, 0.321003824472, 0.0168471094221, 0.000288184644887],
        "var": [1.0274065733, 30.9449615479, 145.334732056, 360.124267578, 475.729888916, 1261.43640137, 1013.25500488, 882.624511719, 1991.4552002, 3446.68334961, 2159.22436523, 4519.09082031, 10203.7910156, 5401.31884766, 2895.10205078, 5582.63476562, 5236.078125, 2469.63867188, 3100.50854492, 2204.76806641, 1237.44165039, 288.925415039, 192.124481201, 311.169891357, 144.309555054, 108.536979675, 97.0397415161, 118.575538635, 148.978134155, 151.136734009, 134.972793579, 111.333946228, 55.9844169617, 64.3677444458, 18.0614757538, 3.69359612465, 0.85443431139, 0.103043451905, 0.000283825123915, 8.30503879001e-08]
    },
    "gfcc": {
        "mean": [-31.6795883179, 100.98740387, -89.3600540161, 19.7009487152, -49.0886077881, 14.4775381088, -50.3762283325, -0.61450368166, -24.1886730194, 0.496686905622, -16.3104133606, 3.55503749847, -9.01445102692],
        "cov": [[19380.2421875, -4703.53564453, 299.935821533, 1031.13171387, 1122.67700195, 2741.30395508, 975.694152832, 2490.19677734, 389.03213501, 1757.05664062, -88.0682067871, 874.645141602, -197.615844727], [-4703.53564453, 2891.04199219, -126.153610229, -453.966339111, 120.020210266, -648.424194336, 11.3338479996, -511.455932617, 151.624771118, -437.079223633, 184.958999634, -207.750167847, 192.888763428], [299.935821533, -126.153610229, 971.035888672, 282.608612061, 207.042007446, 257.80581665, 149.680252075, 186.472290039, 47.3278045654, 152.965530396, 28.3839187622, 86.0124130249, 26.3057422638], [1031.13171387, -453.966339111, 282.608612061, 756.312438965, 152.373458862, 213.613510132, -28.6040000916, 143.490203857, 102.706260681, 125.587875366, 40.1196708679, 72.6930923462, 72.2314071655], [1122.67700195, 120.020210266, 207.042007446, 152.373458862, 578.175170898, 328.21875, 195.286819458, 279.471923828, 155.693786621, 193.856033325, 48.7401542664, 63.772808075, 44.136592865], [2741.30395508, -648.424194336, 257.80581665, 213.613510132, 328.21875, 709.216674805, 303.537384033, 512.758178711, 116.877876282, 341.691650391, 5.89761257172, 143.124969482, -4.86531496048], [975.694152832, 11.3338479996, 149.680252075, -28.6040000916, 195.286819458, 303.537384033, 525.391235352, 281.641693115, 26.4634838104, 97.3050079346, 44.9475784302, 107.287033081, 11.8191375732], [2490.19677734, -511.455932617, 186.472290039, 143.490203857, 279.471923828, 512.758178711, 281.641693115, 582.327514648, 134.244781494, 320.375640869, 21.2581138611, 155.664871216, 4.35518217087], [389.03213501, 151.624771118, 47.3278045654, 102.706260681, 155.693786621, 116.877876282, 26.4634838104, 134.244781494, 212.671920776, 109.579322815, 54.1733016968, 20.6139831543, 38.4768981934], [1757.05664062, -437.079223633, 152.965530396, 125.587875366, 193.856033325, 341.691650391, 97.3050079346, 320.375640869, 109.579322815, 329.375549316, 30.6895503998, 92.7252655029, -8.97948932648], [-88.0682067871, 184.958999634, 28.3839187622, 40.1196708679, 48.7401542664, 5.89761257172, 44.9475784302, 21.2581138611, 54.1733016968, 30.6895503998, 127.44303894, 19.2320251465, 31.0254096985], [874.645141602, -207.750167847, 86.0124130249, 72.6930923462, 63.772808075, 143.124969482, 107.287033081, 155.664871216, 20.6139831543, 92.7252655029, 19.2320251465, 144.92930603, 27.8684234619], [-197.615844727, 192.888763428, 26.3057422638, 72.2314071655, 44.136592865, -4.86531496048, 11.8191375732, 4.35518217087, 38.4768981934, -8.97948932648, 31.0254096985, 27.8684234619, 98.4500808716]],
        "icov": [[0.000220058645937, 0.000134515285026, 0.000198483176064, -7.51843763283e-05, -8.81417581695e-05, -0.000299908453599, 3.16922123602e-05, -0.000310651928885, 3.65456980944e-05, -0.000286659284029, 7.90047779446e-05, -0.000456016568933, 0.000278685416561], [0.000134515285026, 0.00127895909827, -0.000100829805888, 0.000745649449527, -0.000725871825125, 0.000485366384964, -0.000458278722363, 0.000211054662941, -0.00126509112306, 0.00084844592493, -0.000960200151894, 0.000751263287384, -0.00169909140095], [0.000198483176064, -0.000100829805888, 0.00150737713557, -0.00062406307552, -0.000185685785254, -0.000510610814672, -0.000140989519423, -0.000144935111166, 0.000505625910591, -0.000783737050369, 0.000259252410615, -0.000799755216576, 0.000607998634223], [-7.51843763283e-05, 0.000745649449527, -0.00062406307552, 0.00241307867691, -0.000465024582809, -0.00016168433649, 0.000398353266064, 0.000440682342742, -0.00117396458518, 0.000959586584941, -0.00100958440453, 0.000414755166275, -0.00233526295051], [-8.81417581695e-05, -0.000725871825125, -0.000185685785254, -0.000465024582809, 0.00333047960885, -0.000925651052967, -0.000288912851829, -0.000228280478041, -0.000500061549246, -0.000887058035005, 0.000462725525722, 0.000315723678796, 2.13113980863e-05], [-0.000299908453599, 0.000485366384964, -0.000510610814672, -0.00016168433649, -0.000925651052967, 0.00604921020567, -0.00157370616216, -0.00175968545955, -0.000390957458876, -0.0013587558642, 0.000677572214045, 0.00138516293373, -0.000893956341315], [3.16922123602e-05, -0.000458278722363, -0.000140989519423, 0.000398353266064, -0.000288912851829, -0.00157370616216, 0.0038404376246, -0.00157751527149, 0.0012227257248, 0.0015074503608, -0.00116436916869, -0.00157713273074, 0.000840388820507], [-0.000310651928885, 0.000211054662941, -0.000144935111166, 0.000440682342742, -0.000228280478041, -0.00175968545955, -0.00157751527149, 0.00757777737454, -0.00202190782875, -0.00210995948873, 0.000568139890675, -0.0014064918505, -0.000635262113065], [3.65456980944e-05, -0.00126509112306, 0.000505625910591, -0.00117396458518, -0.000500061549246, -0.000390957458876, 0.0012227257248, -0.00202190782875, 0.00926302839071, -0.00251071597449, -0.00113339151721, 0.000612738484051, -0.000239780842094], [-0.000286659284029, 0.00084844592493, -0.000783737050369, 0.000959586584941, -0.000887058035005, -0.0013587558642, 0.0015074503608, -0.00210995948873, -0.00251071597449, 0.0103862751275, -0.00283524533734, -0.000172590356669, 0.000381475751055], [7.90047779446e-05, -0.000960200151894, 0.000259252410615, -0.00100958440453, 0.000462725525722, 0.000677572214045, -0.00116436916869, 0.000568139890675, -0.00113339151721, -0.00283524533734, 0.011119027622, -0.00157959270291, -0.000220538728172], [-0.000456016568933, 0.000751263287384, -0.000799755216576, 0.000414755166275, 0.000315723678796, 0.00138516293373, -0.00157713273074, -0.0014064918505, 0.000612738484051, -0.000172590356669, -0.00157959270291, 0.0135317612439, -0.00588728580624], [0.000278685416561, -0.00169909140095, 0.000607998634223, -0.00233526295051, 2.13113980863e-05, -0.000893956341315, 0.000840388820507, -0.000635262113065, -0.000239780842094, 0.000381475751055, -0.000220538728172, -0.00588728580624, 0.0173346828669]]
    },
    "melbands": {
        "dmean": [0.0027666175738, 0.00176808750257, 0.00112135708332, 0.00101378688123, 0.000591807125602, 0.000303655368043, 0.000308076123474, 0.000229186727665, 0.000113436763058, 0.000115431132144, 8.2575599663e-05, 8.20005443529e-05, 7.17553193681e-05, 7.60152397561e-05, 5.59490981686e-05, 6.15476965322e-05, 4.09198728448e-05, 3.44983418472e-05, 3.23757012666e-05, 2.48992528213e-05, 1.98533125513e-05, 9.98888663162e-06, 6.33331274003e-06, 5.8717050706e-06, 6.06755656918e-06, 4.65399807581e-06, 2.3434618015e-06, 3.27017028212e-06, 2.4116620807e-06, 2.75644720205e-06, 2.48927813118e-06, 2.70338955488e-06, 2.98944951282e-06, 2.74892545349e-06, 2.66289794126e-06, 2.72599982054e-06, 2.81538791569e-06, 2.00125009542e-06, 2.3329009764e-06, 2.53960047303e-06],
        "dmean2": [0.00350639410317, 0.00264686369337, 0.00192438717932, 0.00170489843003, 0.00103486899752, 0.000536456587724, 0.000498747627717, 0.000371358677512, 0.000181303272257, 0.000173330496182, 0.000121819379274, 0.000118543364806, 0.000105687424366, 0.000117876988952, 8.39513813844e-05, 9.21645405469e-05, 6.35063042864e-05, 5.24954521097e-05, 4.85306190967e-05, 3.62163809768e-05, 3.10653267661e-05, 1.52850097948e-05, 9.93872890831e-06, 9.10636299523e-06, 9.09958453121e-06, 6.88666432325e-06, 3.60091030416e-06, 5.12041424372e-06, 3.46049341715e-06, 3.96379573431e-06, 3.7846871237e-06, 4.07713241657e-06, 4.50036668553e-06, 4.02988280257e-06, 3.93715845348e-06, 4.05979108109e-06, 4.52570702691e-06, 3.03794854517e-06, 3.58520196642e-06, 3.8664143176e-06],
        "dvar": [1.99272690224e-05, 1.6796097043e-05, 1.10675127871e-05, 3.69290842173e-06, 1.74974411493e-06, 4.95749929996e-07, 3.14467911267e-07, 2.95375627957e-07, 1.02651497969e-07, 9.33699269012e-08, 5.5916665076e-08, 3.23473940966e-08, 2.15092583744e-08, 2.19577636074e-08, 1.0301508091e-08, 1.79757577712e-08, 7.29485227779e-09, 4.56714532859e-09, 6.85804035783e-09, 1.79911607834e-09, 9.53564227579e-10, 2.33391445059e-10, 1.24566912341e-10, 1.50489218309e-10, 1.18167572949e-10, 7.21687015703e-11, 2.81401048297e-11, 5.79689525548e-11, 2.48064086633e-11, 3.31456355418e-11, 3.02970114274e-11, 3.25892993147e-11, 4.10058896561e-11, 3.54162775495e-11, 3.43029771255e-11, 3.17108908576e-11, 3.68652816607e-11, 1.77414333224e-11, 2.7847326875e-11, 3.98741803465e-11],
        "dvar2": [3.16980949719e-05, 3.58754150511e-05, 2.93386601697e-05, 1.04088039734e-05, 4.90265483677e-06, 1.38930045068e-06, 7.6794361803e-07, 7.11402378784e-07, 2.27456695256e-07, 1.79896630925e-07, 1.04016201874e-07, 6.30270022839e-08, 4.95085465957e-08, 5.15355580433e-08, 2.20110152327e-08, 4.08914040406e-08, 1.65648312844e-08, 9.93390436577e-09, 1.4889772082e-08, 3.77269371299e-09, 2.38317054979e-09, 5.56683477093e-10, 2.72539685264e-10, 3.64984570345e-10, 2.36513503227e-10, 1.36066310996e-10, 6.82825879172e-11, 1.43836415001e-10, 5.22533509517e-11, 7.09264175169e-11, 6.56435947266e-11, 5.96436372513e-11, 8.13337105998e-11, 7.22962037458e-11, 7.05641170495e-11, 6.12946915446e-11, 8.73300737281e-11, 3.52665466274e-11, 5.52134241105e-11, 8.09017089431e-11],
        "max": [0.0396316424012, 0.0356293432415, 0.0291271284223, 0.0185237247497, 0.00916933920234, 0.00491836853325, 0.00567429093644, 0.0060558016412, 0.00456356629729, 0.0041072499007, 0.00468563754112, 0.00259640160948, 0.00202508014627, 0.00218218169175, 0.00135867670178, 0.00184290483594, 0.000924726657104, 0.00103559030686, 0.00112912873738, 0.000539838161785, 0.000278518011328, 0.000147013415699, 0.000114626389404, 0.000199563131901, 0.000109302302008, 7.53467465984e-05, 0.000105366496427, 7.57909656386e-05, 6.25922693871e-05, 6.50712026982e-05, 8.91910749488e-05, 5.08443117724e-05, 4.69416736451e-05, 7.30871033738e-05, 8.52399025462e-05, 9.30973546929e-05, 7.34894347261e-05, 5.56840750505e-05, 7.82429342507e-05, 0.000105856197479],
        "mean": [0.00685614161193, 0.00355059630238, 0.00135249982122, 0.00156028568745, 0.000688160129357, 0.000363094179193, 0.000453820859548, 0.000300065905321, 0.000143376368214, 0.000167323218193, 0.000152419393999, 0.000134350761073, 9.70572436927e-05, 0.000109817214252, 8.17209147499e-05, 8.51934746606e-05, 5.22489353898e-05, 4.88507939735e-05, 4.55064036942e-05, 3.73918082914e-05, 2.98016020679e-05, 1.4990229829e-05, 7.95443793322e-06, 7.59930480854e-06, 8.4930425146e-06, 5.92473952565e-06, 2.84510156234e-06, 3.0328790217e-06, 2.6928639727e-06, 3.34102901434e-06, 3.17105332215e-06, 3.17320836984e-06, 3.12438442052e-06, 2.99003227155e-06, 2.98872237181e-06, 3.12619272336e-06, 2.91407855002e-06, 2.31280478147e-06, 2.58856903201e-06, 2.84817588181e-06],
        "median": [0.00447078095749, 0.00150633859448, 0.000586871348787, 0.000856047146954, 0.000310147966957, 0.000112446898129, 0.000140448872116, 7.67729216022e-05, 2.85976275336e-05, 1.84879172593e-05, 1.82072835742e-05, 1.68482565641e-05, 1.37063298098e-05, 1.96444398171e-05, 1.44458326758e-05, 1.35211512315e-05, 1.00250053947e-05, 9.89031741483e-06, 1.22032533909e-05, 1.42067628985e-05, 1.36403114084e-05, 6.83321559336e-06, 2.39938003688e-06, 1.98088991965e-06, 2.12546592593e-06, 1.22065910091e-06, 5.0274837804e-07, 4.02107872333e-07, 4.49458724461e-07, 7.57306622745e-07, 6.43541682166e-07, 4.13641487285e-07, 2.87303322466e-07, 3.02267096686e-07, 3.89614001506e-07, 4.45036988594e-07, 3.79170501219e-07, 2.57743067777e-07, 2.48805207548e-07, 2.14136846921e-07],
        "min": [3.59876333367e-24, 1.22628593377e-23, 6.94396626201e-24, 8.02787771186e-24, 1.63913731404e-23, 6.50892761658e-24, 1.06361405876e-23, 7.32660245523e-24, 5.49474752644e-24, 8.80183545686e-24, 9.06635077357e-24, 1.08488861186e-23, 1.17888667408e-23, 4.62090500249e-24, 2.68257534796e-24, 7.50270934143e-24, 9.85709942294e-24, 1.1302356499e-23, 7.06076500764e-24, 5.97808102535e-24, 8.89047029045e-24, 1.01385886598e-23, 6.14397650157e-24, 9.11608214276e-24, 1.20704679959e-23, 1.31178630744e-23, 8.26688205576e-24, 1.14397784353e-23, 7.79694104844e-24, 1.41933068913e-23, 1.31837447929e-23, 1.70098795331e-23, 9.546079967e-24, 9.37632972198e-24, 8.10652793297e-24, 8.16532410282e-24, 9.40853891274e-24, 7.01066050724e-24, 1.0931957905e-23, 1.04354875055e-23],
        "stdev": [0.00798438396305, 0.00559714529663, 0.00288209202699, 0.00198962376453, 0.00117252604105, 0.000681898731273, 0.000707527913619, 0.000631993054412, 0.000365087762475, 0.000437610317022, 0.0004986646818, 0.000286867521936, 0.000186684992514, 0.00019658144447, 0.000138253948535, 0.000180691538844, 0.000102985497506, 9.51284746407e-05, 0.000100599194411, 5.71942691749e-05, 4.07369843742e-05, 2.08128967643e-05, 1.32656805363e-05, 1.42349381349e-05, 1.50225223479e-05, 1.10454657261e-05, 6.17983596385e-06, 7.66486573411e-06, 5.85306224821e-06, 6.76668014421e-06, 6.42149143459e-06, 6.89293119649e-06, 7.30959527573e-06, 6.83042253513e-06, 6.76322770232e-06, 6.73571275911e-06, 6.51334994473e-06, 4.95908443554e-06, 6.08669188296e-06, 7.31218642613e-06],
        "var": [6.37503908365e-05, 3.13280361297e-05, 8.30645421956e-06, 3.95860297431e-06, 1.37481742968e-06, 4.64985902227e-07, 5.00595717767e-07, 3.99415199581e-07, 1.33289077553e-07, 1.9150277808e-07, 2.48666452762e-07, 8.22929777655e-08, 3.48512863013e-08, 3.86442629008e-08, 1.91141555916e-08, 3.26494316027e-08, 1.06060129568e-08, 9.04942609736e-09, 1.01201980129e-08, 3.27118443444e-09, 1.65950175823e-09, 4.33176688963e-10, 1.7597827362e-10, 2.02633451685e-10, 2.25676172194e-10, 1.22002311032e-10, 3.81903710045e-11, 5.87501644556e-11, 3.4258339221e-11, 4.57879602289e-11, 4.1235549697e-11, 4.75124974086e-11, 5.34301804189e-11, 4.66546697109e-11, 4.57412475952e-11, 4.53698294212e-11, 4.24237277252e-11, 2.45925189934e-11, 3.70478162037e-11, 5.34680702491e-11]
    },
    "melbands128": {
