{
"lowlevel": {
    "average_loudness": 0.982453227043,
    "barkbands_crest": {
        "dmean": 2.91376876831,
        "dmean2": 4.43465280533,
        "dvar": 10.7643947601,
        "dvar2": 18.9745845795,
        "max": 26.2805786133,
        "mean": 14.440404892,
        "median": 14.8051328659,
        "min": 2.53889083862,
        "stdev": 5.30175590515,
        "var": 28.1086139679
    },
    "barkbands_flatness_db": {
        "dmean": 0.0342340692878,
        "dmean2": 0.0477160476148,
        "dvar": 0.00108206737787,
        "dvar2": 0.00194496707991,
        "max": 0.414238780737,
        "mean": 0.160331517458,
        "median": 0.149885207415,
        "min": 0.026343068108,
        "stdev": 0.0592474117875,
        "var": 0.00351025583223
    },
    "barkbands_kurtosis": {
        "dmean": 7.28422451019,
        "dmean2": 10.2175664902,
        "dvar": 332.287719727,
        "dvar2": 686.485839844,
        "max": 373.070648193,
        "mean": 8.98591518402,
        "median": 3.20259857178,
        "min": -1.7612708807,
        "stdev": 20.822347641,
        "var": 433.57019043
    },
    "barkbands_skewness": {
        "dmean": 0.837063610554,
        "dmean2": 1.11691856384,
        "dvar": 1.21756291389,
        "dvar2": 1.93966531754,
        "max": 17.8966026306,
        "mean": 2.31003284454,
        "median": 1.86351549625,
        "min": -2.19954633713,
        "stdev": 1.74272716045,
        "var": 3.03709793091
    },
    "barkbands_spread": {
        "dmean": 8.89381790161,
        "dmean2": 13.421245575,
        "dvar": 108.876907349,
        "dvar2": 232.001556396,
        "max": 92.7677001953,
        "mean": 24.3629837036,
        "median": 22.027299881,
        "min": 0.548987746239,
        "stdev": 15.4282636642,
        "var": 238.031326294
    },
    "dissonance": {
        "dmean": 0.0214969683439,
        "dmean2": 0.0356536991894,
        "dvar": 0.000587847724091,
        "dvar2": 0.00144340796396,
        "max": 0.499651163816,
        "mean": 0.458481699228,
        "median": 0.464399367571,
        "min": 0.0740264356136,
        "stdev": 0.0305555295199,
        "var": 0.000933640345465
    },
    "dynamic_complexity": 1.17956221104,
    "erbbands_crest": {
        "dmean": 2.59105396271,
        "dmean2": 4.11199617386,
        "dvar": 5.96600723267,
        "dvar2": 13.6300468445,
        "max": 25.4627399445,
        "mean": 9.12926673889,
        "median": 8.22920799255,
        "min": 2.764575243,
        "stdev": 4.21475982666,
        "var": 17.7642002106
    },
    "erbbands_flatness_db": {
        "dmean": 0.0231396090239,
        "dmean2": 0.0322483293712,
        "dvar": 0.000527878582943,
        "dvar2": 0.000953127280809,
        "max": 0.324346721172,
        "mean": 0.137706801295,
        "median": 0.133046463132,
        "min": 0.0539625659585,
        "stdev": 0.042669840157,
        "var": 0.00182071526069
    },
    "erbbands_kurtosis": {
        "dmean": 0.901659965515,
        "dmean2": 1.38843369484,
        "dvar": 1.20226585865,
        "dvar2": 2.57919287682,
        "max": 11.9255895615,
        "mean": 0.280142128468,
        "median": -0.236440658569,
        "min": -1.85707747936,
        "stdev": 1.70747864246,
        "var": 2.91548347473
    },
    "erbbands_skewness": {
        "dmean": 0.400233745575,
        "dmean2": 0.593779921532,
        "dvar": 0.145374402404,
        "dvar2": 0.309585630894,
        "max": 2.67539024353,
        "mean": 0.357788026333,
        "median": 0.328688979149,
        "min": -1.95198893547,
        "stdev": 0.722034931183,
        "var": 0.521334409714
    },
    "erbbands_spread": {
        "dmean": 14.3370895386,
        "dmean2": 20.8919239044,
        "dvar": 260.824798584,
        "dvar2": 512.714538574,
        "max": 170.060882568,
        "mean": 47.6319046021,
        "median": 42.5401535034,
        "min": 8.41797447205,
        "stdev": 25.0795612335,
        "var": 628.984436035
    },
    "hfc": {
        "dmean": 13.7804050446,
        "dmean2": 21.1297721863,
        "dvar": 282.961578369,
        "dvar2": 581.414123535,
        "max": 135.205856323,
        "mean": 35.6797828674,
        "median": 32.5222320557,
        "min": 1.20125775828e-16,
        "stdev": 22.8782691956,
        "var": 523.415161133
    },
    "loudness_ebu128": {
        "integrated": -6.93499708176,
        "loudness_range": 1.97217464447,
        "momentary": {
            "dmean": 0.427516967058,
            "dmean2": 0.680812835693,
            "dvar": 0.167731314898,
            "dvar2": 0.398863255978,
            "max": -5.20568990707,
            "mean": -7.04056930542,
            "median": -6.90915679932,
            "min": -10.4033613205,
            "stdev": 1.00095462799,
            "var": 1.00191009045
        },
        "short_term": {
            "dmean": 0.0638822689652,
            "dmean2": 0.0905245915055,
            "dvar": 0.00291180703789,
            "dvar2": 0.00435056118295,
            "max": -6.10733366013,
            "mean": -6.94140434265,
            "median": -6.76503324509,
            "min": -8.76533889771,
            "stdev": 0.644367873669,
            "var": 0.415209978819
        }
    },
    "melbands_crest": {
        "dmean": 3.29298663139,
        "dmean2": 5.00213861465,
        "dvar": 12.9603567123,
        "dvar2": 28.1697654724,
        "max": 33.6663475037,
        "mean": 20.8213558197,
        "median": 21.5943927765,
        "min": 3.48152351379,
        "stdev": 5.8688158989,
        "var": 34.4430007935
    },
    "melbands_flatness_db": {
        "dmean": 0.038272537291,
        "dmean2": 0.0524853989482,
        "dvar": 0.00156994874123,
        "dvar2": 0.0027943616733,
        "max": 0.535708487034,
        "mean": 0.232845529914,
        "median": 0.219610393047,
        "min": 0.00784265901893,
        "stdev": 0.0740242525935,
        "var": 0.00547958957031
    },
    "melbands_kurtosis": {
        "dmean": 20.7787494659,
        "dmean2": 29.4771976471,
        "dvar": 1889.20446777,
        "dvar2": 3469.51123047,
        "max": 541.319763184,
        "mean": 30.4181346893,
        "median": 12.8376779556,
        "min": -1.6062309742,
        "stdev": 53.3976478577,
        "var": 2851.30883789
    },
    "melbands_skewness": {
        "dmean": 1.27091097832,
        "dmean2": 1.72201347351,
        "dvar": 2.80713200569,
        "dvar2": 4.63432836533,
        "max": 17.9953346252,
        "mean": 3.92189884186,
        "median": 3.17267227173,
        "min": -0.574645996094,
        "stdev": 2.6294927597,
        "var": 6.91423225403
    },
    "melbands_spread": {
        "dmean": 6.78958940506,
        "dmean2": 10.2067508698,
        "dvar": 92.3799667358,
        "dvar2": 173.775680542,
        "max": 156.489593506,
        "mean": 18.9123687744,
        "median": 16.579662323,
        "min": 0.53956580162,
        "stdev": 14.483212471,
        "var": 209.763442993
    },
    "pitch_salience": {
        "dmean": 0.0901560559869,
        "dmean2": 0.137652382255,
        "dvar": 0.0113204792142,
        "dvar2": 0.0245767701417,
        "max": 0.852354884148,
        "mean": 0.432759314775,
        "median": 0.429752528667,
        "min": 0.0589842088521,
        "stdev": 0.145173832774,
        "var": 0.0210754405707
    },
    "silence_rate_20dB": {
        "dmean": 0,
        "dmean2": 0,
        "dvar": 0,
        "dvar2": 0,
        "max": 1,
        "mean": 1,
        "median": 1,
        "min": 1,
        "stdev": 0,
        "var": 0
    },
    "silence_rate_30dB": {
        "dmean": 0.0835913345218,
        "dmean2": 0.167312160134,
        "dvar": 0.0766043514013,
        "dvar2": 0.145517081022,
        "max": 1,
        "mean": 0.867749392986,
        "median": 1,
        "min": 0,
        "stdev": 0.338760823011,
        "var": 0.114758886397
    },
    "silence_rate_60dB": {
        "dmean": 0.00232198135927,
        "dmean2": 0.00464755995199,
        "dvar": 0.00231656967662,
        "dvar2": 0.00617514923215,
        "max": 1,
        "mean": 0.00232018553652,
        "median": 0,
        "min": 0,
        "stdev": 0.048112269491,
        "var": 0.00231479061767
    },
    "spectral_centroid": {
        "dmean": 344.51083374,
        "dmean2": 504.75579834,
        "dvar": 202547.609375,
        "dvar2": 343484.3125,
        "max": 10338.578125,
        "mean": 1463.59069824,
        "median": 1398.25024414,
        "min": 243.105941772,
        "stdev": 747.569030762,
        "var": 558859.5
    },
    "spectral_complexity": {
        "dmean": 4.50696611404,
        "dmean2": 6.83656072617,
        "dvar": 28.7127780914,
        "dvar2": 48.2637710571,
        "max": 59,
        "mean": 20.9164733887,
        "median": 20,
        "min": 0,
        "stdev": 8.88105773926,
        "var": 78.8731918335
    },
    "spectral_decrease": {
        "dmean": 4.72875560931e-09,
        "dmean2": 5.78271475149e-09,
        "dvar": 5.05378601472e-17,
        "dvar2": 5.58528429987e-17,
        "max": -3.03416089098e-29,
        "mean": -1.70260889831e-08,
        "median": -1.47685605967e-08,
        "min": -5.99779568233e-08,
        "stdev": 1.16667360217e-08,
        "var": 1.36112728614e-16
    },
    "spectral_energy": {
        "dmean": 0.0184164587408,
        "dmean2": 0.022572575137,
        "dvar": 0.000718374678399,
        "dvar2": 0.000791919417679,
        "max": 0.228599593043,
        "mean": 0.067496612668,
        "median": 0.0587868131697,
        "min": 1.1010286902e-20,
        "stdev": 0.0443826429546,
        "var": 0.00196981895715
    },
    "spectral_energyband_high": {
        "dmean": 0.00136404158548,
        "dmean2": 0.00203555938788,
        "dvar": 2.90366983791e-06,
        "dvar2": 5.94009043198e-06,
        "max": 0.0125919664279,
        "mean": 0.00209836754948,
        "median": 0.00122597278096,
        "min": 8.08971653084e-21,
        "stdev": 0.00235630199313,
        "var": 5.55215865461e-06
    },
    "spectral_energyband_low": {
        "dmean": 0.0172819178551,
        "dmean2": 0.0226728729904,
        "dvar": 0.00101907423232,
        "dvar2": 0.00140252697747,
        "max": 0.224605187774,
        "mean": 0.0453343391418,
        "median": 0.0372107177973,
        "min": 1.70143476413e-22,
        "stdev": 0.0452928841114,
        "var": 0.00205144518986
    },
    "spectral_energyband_middle_high": {
        "dmean": 0.00226789223962,
        "dmean2": 0.00342734181322,
        "dvar": 8.7717153292e-06,
        "dvar2": 1.71605861397e-05,
        "max": 0.0284892972559,
        "mean": 0.00627594906837,
        "median": 0.00478008296341,
        "min": 1.42051710438e-21,
        "stdev": 0.00523762591183,
        "var": 2.74327267107e-05
    },
    "spectral_energyband_middle_low": {
        "dmean": 0.00856968387961,
        "dmean2": 0.0149619532749,
        "dvar": 0.000324575143168,
        "dvar2": 0.00092145067174,
        "max": 0.115940243006,
        "mean": 0.015416030772,
        "median": 0.0123524833471,
        "min": 3.29971504707e-22,
        "stdev": 0.0147927254438,
        "var": 0.000218824716285
    },
    "spectral_entropy": {
        "dmean": 0.255913615227,
        "dmean2": 0.372628808022,
        "dvar": 0.0683698654175,
        "dvar2": 0.130648523569,
        "max": 9.79091835022,
        "mean": 7.64931154251,
        "median": 7.63179826736,
        "min": 6.20837688446,
        "stdev": 0.458478718996,
        "var": 0.210202723742
    },
    "spectral_flux": {
        "dmean": 0.0494376160204,
        "dmean2": 0.0700748115778,
        "dvar": 0.00303851487115,
        "dvar2": 0.00513560045511,
        "max": 0.492167651653,
        "mean": 0.129311010242,
        "median": 0.100728519261,
        "min": 1.04929911982e-10,
        "stdev": 0.0900934264064,
        "var": 0.00811682548374
    },
    "spectral_kurtosis": {
        "dmean": 1.77329468727,
        "dmean2": 2.66687393188,
        "dvar": 4.91642284393,
        "dvar2": 10.7659702301,
        "max": 23.8035202026,
        "mean": 3.63405871391,
        "median": 2.91280031204,
        "min": -1.12223374844,
        "stdev": 3.22216415405,
        "var": 10.3823423386
    },
    "spectral_rms": {
        "dmean": 0.00103663210757,
        "dmean2": 0.0013074366143,
        "dvar": 1.84638213341e-06,
        "dvar2": 2.08059600482e-06,
        "max": 0.0149339875206,
        "mean": 0.00773974787444,
        "median": 0.00757317570969,
        "min": 3.2774599007e-12,
        "stdev": 0.00243858923204,
        "var": 5.94671791987e-06
    },
    "spectral_rolloff": {
        "dmean": 600.131896973,
        "dmean2": 1007.40771484,
        "dvar": 1331504.75,
        "dvar2": 3050068.5,
        "max": 18690.8203125,
        "mean": 1087.2520752,
        "median": 667.529296875,
        "min": 64.599609375,
        "stdev": 1302.81604004,
        "var": 1697329.5
    },
    "spectral_skewness": {
        "dmean": 0.284018874168,
        "dmean2": 0.430070459843,
        "dvar": 0.0969257801771,
        "dvar2": 0.193172082305,
        "max": 3.78904771805,
        "mean": 1.50350344181,
        "median": 1.43050026894,
        "min": 0.0702650621533,
        "stdev": 0.524738967419,
        "var": 0.275350987911
    },
    "spectral_spread": {
        "dmean": 1355173.5,
        "dmean2": 1888582,
        "dvar": 3.07252507443e+12,
        "dvar2": 4.67009168998e+12,
        "max": 38334036,
        "mean": 5978610,
        "median": 5590586.5,
        "min": 1450149.125,
        "stdev": 2431484,
        "var": 5.91211423334e+12
    },
    "spectral_strongpeak": {
        "dmean": 0.264983743429,
        "dmean2": 0.432007491589,
        "dvar": 0.255838721991,
        "dvar2": 0.664712131023,
        "max": 4.82613420486,
        "mean": 0.689899802208,
        "median": 0.493923455477,
        "min": 0,
        "stdev": 0.632967352867,
        "var": 0.400647640228
    },
    "zerocrossingrate": {
        "dmean": 0.0158744323999,
        "dmean2": 0.0193621851504,
        "dvar": 0.000397625175538,
        "dvar2": 0.000512576370966,
        "max": 0.50244140625,
        "mean": 0.0522517599165,
        "median": 0.048828125,
        "min": 0.001953125,
        "stdev": 0.0335017554462,
        "var": 0.00112236768473
    },
    "barkbands": {
        "dmean": [0.000591382617131, 0.0167051199824, 0.00580584211275, 0.00369101273827, 0.00315157137811, 0.00129908300005, 0.00130495824851, 0.0016483765794, 0.000808814191259, 0.000750390288886, 0.000427977211075, 0.00051093113143, 0.000364412349882, 0.000359519006452, 0.000406498409575, 0.000354078918463, 0.000302051135805, 0.000256915693171, 0.000234291277593, 0.000352318922523, 0.000181255309144, 0.000222894217586, 0.000234751758398, 0.000302240456222, 0.000295389298117, 0.0001371344988, 8.47107548907e-06],
        "dmean2": [0.000873496115673, 0.0241817496717, 0.0104921180755, 0.00691213784739, 0.00577140320092, 0.00216672080569, 0.00197786907665, 0.00251039676368, 0.00124948273879, 0.00115073542111, 0.000655698531773, 0.000803068396635, 0.000560246000532, 0.000569733907469, 0.000640011567157, 0.000544294132851, 0.000467562320409, 0.000387654057704, 0.000355378055247, 0.000528717879206, 0.000285518937744, 0.000339171907399, 0.000353196752258, 0.000468165031634, 0.000457555899629, 0.000224709117902, 1.46413458424e-05],
        "dvar": [9.01223529581e-07, 0.00116532423999, 0.000274809775874, 0.000115486742288, 6.24602616881e-05, 6.16276747678e-06, 5.50773484065e-06, 5.68306586501e-06, 1.73473586074e-06, 1.42887915899e-06, 6.65152867896e-07, 9.26599852846e-07, 4.38179938556e-07, 5.0432856824e-07, 6.90808576564e-07, 3.36414643698e-07, 2.11731759236e-07, 1.55903862264e-07, 1.45261566331e-07, 2.64447322706e-07, 8.91231550781e-08, 1.02038185901e-07, 1.24477011809e-07, 1.71441271846e-07, 1.4848757246e-07, 5.69295472985e-08, 3.55498880333e-10],
        "dvar2": [1.72286456745e-06, 0.0020473706536, 0.000765329808928, 0.000335617136443, 0.000180313480087, 1.56988044182e-05, 1.08550057121e-05, 1.23678473756e-05, 3.5730847685e-06, 3.05811158796e-06, 1.38586187859e-06, 2.30611067309e-06, 9.38592108923e-07, 1.2115303889e-06, 1.57079296059e-06, 7.7338262372e-07, 4.64713593828e-07, 3.34464829166e-07, 3.06002988282e-07, 5.85674285958e-07, 1.85421299648e-07, 2.27444047596e-07, 2.59940492242e-07, 3.77661052653e-07, 3.09979299118e-07, 1.42506422662e-07, 9.15302167392e-10],
        "max": [0.00756941828877, 0.215996921062, 0.101680845022, 0.0642376542091, 0.0525527857244, 0.0203838646412, 0.0284908823669, 0.0258360151201, 0.0217357743531, 0.0149405170232, 0.012805598788, 0.0113368974999, 0.0103982500732, 0.00785692408681, 0.011981154792, 0.00773152057081, 0.00415439065546, 0.00506502948701, 0.0034610060975, 0.00634818943217, 0.0024957084097, 0.00294726947322, 0.00485471123829, 0.00392361264676, 0.00253975600936, 0.0016198012745, 0.000131572101964],
        "mean": [0.0017154160887, 0.0375249497592, 0.004624215886, 0.003016424831, 0.00327334739268, 0.00179940881208, 0.00231327861547, 0.00308375968598, 0.00143352756277, 0.00131800747477, 0.000690158514772, 0.000722826400306, 0.00056279450655, 0.000506109150592, 0.000575549551286, 0.000543504953384, 0.000483296025777, 0.000461673014797, 0.000389527383959, 0.00067340611713, 0.000271536788205, 0.000322176347254, 0.000319785409374, 0.000383312726626, 0.000354987656465, 0.000127744089696, 5.92511923969e-06],
        "median": [0.000971321889665, 0.032483715564, 0.000890825875103, 0.00100252823904, 0.00145953078754, 0.000594226818066, 0.000799706380349, 0.00142900715582, 0.00081640004646, 0.000604885804933, 0.000210285244975, 0.000286559079541, 0.000233926693909, 0.000140313000884, 0.000160929528647, 0.000190521939658, 0.000207331351703, 0.000214391126065, 0.000183231095434, 0.000264962523943, 0.000125857201056, 0.000170060404344, 0.000121210359794, 0.000152532738866, 0.000147194994497, 3.92173060391e-05, 1.30062758785e-07],
        "min": [1.06328339982e-22, 1.16094311771e-22, 9.05045759292e-24, 7.60312344605e-24, 6.80481009392e-23, 3.51013883415e-23, 3.9327473983e-23, 5.1193453455e-23, 1.22602994841e-22, 2.77335757926e-23, 8.05147538144e-23, 1.42625496306e-22, 7.02104002349e-23, 8.95064680911e-23, 1.77758256068e-22, 6.28420165507e-23, 1.85780491847e-22, 3.25861324821e-22, 1.32243619788e-22, 2.20583028123e-22, 5.55123918115e-22, 6.53655952082e-22, 4.75810908693e-22, 9.202026866e-22, 1.57496672951e-21, 1.67669187047e-21, 2.31237492056e-21],
        "stdev": [0.00202903244644, 0.0408091209829, 0.0130730178207, 0.00803347304463, 0.00616772100329, 0.00300435256213, 0.00405022455379, 0.00408137729391, 0.00202445778996, 0.00189685157966, 0.00144776527304, 0.00122040463611, 0.000915200216696, 0.000963718688581, 0.0010439628968, 0.000815429841168, 0.000634795229416, 0.000606349378359, 0.000564993650187, 0.000912739720661, 0.000386219529901, 0.000418612908106, 0.000474583852338, 0.000544464681298, 0.000466220459202, 0.000225255076657, 1.63029853866e-05],
        "var": [4.11697283198e-06, 0.00166538439225, 0.000170903789694, 6.45366962999e-05, 3.80407836928e-05, 9.02613464859e-06, 1.64043176483e-05, 1.66576410265e-05, 4.09842959925e-06, 3.59804585059e-06, 2.09602444556e-06, 1.48938750044e-06, 8.37591414893e-07, 9.2875370683e-07, 1.08985864244e-06, 6.64925835281e-07, 4.02965014246e-07, 3.67659595213e-07, 3.19217832612e-07, 8.33093793062e-07, 1.49165529706e-07, 1.75236777977e-07, 2.25229840112e-07, 2.96441811543e-07, 2.1736151723e-07, 5.07398496552e-08, 2.65787336584e-10]
    },
    "erbbands": {
        "dmean": [0.537129402161, 4.06258821487, 6.63012456894, 10.0364494324, 11.8108329773, 9.9396686554, 9.25858688354, 10.6030769348, 19.983045578, 19.1088123322, 36.473526001, 18.525598526, 20.7574577332, 19.2093677521, 18.3689002991, 20.1883029938, 14.9429092407, 17.7992076874, 24.924779892, 17.088634491, 16.0942230225, 14.9139518738, 14.3528928757, 11.4500608444, 13.733042717, 16.4528980255, 8.10358047485, 7.69335317612, 8.22066879272, 7.71416425705, 6.35662984848, 5.93679714203, 5.44472312927, 3.56815075874, 1.99753284454, 0.800454258919, 0.196788132191, 0.0347245335579, 0.000884201668669, 4.4484884711e-05],
        "dmean2": [0.758712232113, 5.68777227402, 11.0005788803, 18.6070041656, 21.7005081177, 17.9959373474, 16.4098854065, 17.3985748291, 30.2872085571, 29.0406608582, 54.1007957458, 28.8645706177, 31.61926651, 29.746257782, 28.2632808685, 30.937620163, 23.0254325867, 27.8797569275, 38.4642219543, 26.508146286, 24.5108737946, 22.4524002075, 21.9898204803, 16.8666820526, 19.9706993103, 24.6442623138, 12.579916954, 11.7132167816, 12.4997167587, 11.8441543579, 9.40676784515, 9.0380487442, 8.61736106873, 5.57621431351, 3.10586571693, 1.28307247162, 0.325346022844, 0.0583233572543, 0.001485843095, 6.45640539005e-05],
        "dvar": [1.05355668068, 72.9566574097, 287.262786865, 877.57043457, 954.753356934, 622.995605469, 469.503814697, 399.100494385, 1499.12182617, 1098.81469727, 2845.01538086, 884.236083984, 1500.70544434, 983.931518555, 1075.20324707, 1479.89697266, 670.146850586, 1205.64904785, 2934.31201172, 899.996520996, 662.154968262, 483.550689697, 412.859680176, 463.754364014, 435.513458252, 678.826477051, 166.652297974, 149.457870483, 149.064849854, 133.245849609, 92.0323028564, 75.7592544556, 54.4919776917, 22.3001232147, 6.90431976318, 1.55401349068, 0.146970912814, 0.0053701302968, 3.57080170943e-06, 3.32555716298e-09],
        "dvar2": [1.96121323109, 145.999389648, 748.583068848, 2502.18017578, 2776.79370117, 1793.05078125, 1243.83361816, 1008.27233887, 3084.97363281, 2219.06884766, 5791.0703125, 1817.6907959, 3351.25708008, 2044.46594238, 2225.22094727, 3600.24951172, 1499.07055664, 2807.94995117, 6641.73193359, 2157.86547852, 1527.81347656, 1056.84790039, 893.864074707, 995.880493164, 937.323120117, 1535.34008789, 373.407653809, 309.810180664, 343.53314209, 285.913238525, 190.721176147, 162.911026001, 123.663925171, 47.8721046448, 14.5392456055, 3.72403669357, 0.37704589963, 0.0137290367857, 9.10303879209e-06, 7.30058857812e-09],
        "max": [7.14094686508, 54.2289657593, 113.546081543, 184.438812256, 195.481689453, 165.112472534, 178.916366577, 174.52532959, 483.811920166, 444.306091309, 704.18963623, 498.358795166, 647.621887207, 498.80267334, 615.208496094, 478.564544678, 333.409118652, 413.626831055, 917.201293945, 357.066314697, 373.366607666, 233.956420898, 192.702484131, 233.856552124, 243.154708862, 300.747894287, 113.780593872, 106.253173828, 121.120254517, 106.622718811, 145.481033325, 95.8549957275, 63.2906646729, 36.4069900513, 15.8642377853, 7.95163440704, 2.8408138752, 0.514679372311, 0.0134424697608, 0.000402284349548],
        "mean": [1.34923660755, 7.30579376221, 6.70222377777, 8.10512638092, 11.413397789, 9.90091323853, 10.3348464966, 16.3092880249, 38.0943222046, 34.565486908, 70.9447631836, 35.3899040222, 38.5979690552, 32.5773086548, 32.2219772339, 31.7132720947, 24.0749530792, 28.2293186188, 35.2719764709, 25.5574073792, 28.0670318604, 27.1828212738, 26.8979721069, 19.8874549866, 26.4339160919, 30.6405792236, 13.0218334198, 11.4498634338, 11.7660131454, 10.9898090363, 8.57874011993, 7.5123963356, 6.71563053131, 4.25431776047, 2.37604951859, 0.819870829582, 0.175123795867, 0.027158441022, 0.000729734252673, 0.000104286948044],
        "median": [1.1287791729, 5.36270236969, 2.47938966751, 2.61240816116, 5.44123363495, 3.69418239594, 3.18796062469, 6.19031524658, 12.1740045547, 16.6079025269, 35.3118057251, 22.3345584869, 16.4186573029, 14.891084671, 14.2152395248, 14.6252794266, 10.6402406693, 8.37827205658, 10.1333694458, 8.13223457336, 11.6768293381, 13.8283720016, 13.7755918503, 9.72164344788, 12.298330307, 11.9802541733, 6.28108739853, 5.27274894714, 6.24464988708, 4.7039308548, 3.16795301437, 2.38721179962, 2.89407300949, 1.71607267857, 1.1087821722, 0.315360784531, 0.0447355136275, 0.0034669295419, 0.000128355168272, 8.05333475e-05],
        "min": [3.78945655777e-21, 2.39467107123e-20, 2.22002351712e-20, 1.23625640292e-20, 6.3397364581e-20, 3.08954388632e-19, 2.1500825529e-19, 3.68506455501e-19, 6.71392052623e-19, 9.49917775241e-19, 1.3495954206e-18, 2.86177732651e-18, 1.00490181473e-18, 1.15950135422e-18, 6.23621100458e-18, 3.4421049104e-18, 2.62315991482e-18, 5.19204354656e-18, 5.37235279007e-18, 9.10463555449e-18, 6.18038748017e-18, 1.10271745244e-17, 1.46009008275e-17, 1.17521478733e-17, 7.66039143986e-18, 1.10911916864e-17, 1.76544264782e-17, 2.41197214311e-17, 2.2334000616e-17, 1.55090409153e-17, 1.42581916279e-17, 1.46201096157e-17, 1.83153057373e-17, 1.33205724774e-17, 1.4018789015e-17, 6.12627828758e-18, 3.21940100613e-18, 1.12674252043e-18, 3.3664625004e-19, 3.68729587471e-20],
        "stdev": [1.23247742653, 9.62142467499, 14.8403310776, 22.5562801361, 23.8923606873, 19.6087665558, 20.8568973541, 26.6858901978, 68.4222335815, 52.0090904236, 96.5778427124, 45.2674827576, 65.7252349854, 48.3647346497, 58.3678359985, 50.8332214355, 35.0672912598, 50.4441184998, 68.6592330933, 40.2966651917, 37.3146438599, 32.5560112, 31.2913455963, 30.465801239, 35.6976280212, 41.7782936096, 17.5149459839, 16.2178344727, 15.4392309189, 14.933880806, 13.2437963486, 11.9604625702, 9.01591014862, 5.68392181396, 3.12310528755, 1.27295064926, 0.345538139343, 0.0647814124823, 0.00167042063549, 7.15902497177e-05],
        "var": [1.51900053024, 92.5718154907, 220.235427856, 508.785736084, 570.844909668, 384.503723145, 435.010192871, 712.13671875, 4681.6015625, 2704.94555664, 9327.28027344, 2049.14501953, 4319.80615234, 2339.14746094, 3406.80444336, 2584.01635742, 1229.71484375, 2544.60913086, 4714.08984375, 1623.82116699, 1392.38269043, 1059.89379883, 979.14831543, 928.165100098, 1274.32055664, 1745.42578125, 306.773345947, 263.018127441, 238.369857788, 223.020782471, 175.398147583, 143.052658081, 81.2866363525, 32.3069648743, 9.75378704071, 1.620403409, 0.119396604598, 0.00419663172215, 2.79030496131e-06, 5.12516429296e-09]
    },
    "gfcc": {
        "mean": [44.1575202942, 80.1789169312, -99.8740692139, 35.7201156616, -59.571308136, 25.3345394135, -31.812297821, 27.2712497711, -18.7809524536, 11.0257663727, -13.3524913788, 0.363707602024, -9.86039352417],
        "cov": [[4369.82080078, -1214.33825684, 241.891372681, 530.728210449, -92.7471313477, 415.548095703, -132.37310791, 384.859069824, -70.5369949341, 205.741394043, -127.561447144, 184.999526978, -45.1433753967], [-1214.33825684, 1598.09350586, -63.0663528442, -113.274391174, 434.668670654, -72.2082366943, 310.304290771, -47.6888313293, 210.755569458, -78.9417037964, 159.310668945, -101.946174622, 130.373275757], [241.891372681, -63.0663528442, 1041.04602051, 311.21585083, 77.5555496216, 324.765808105, 82.2036132812, 98.3631896973, 74.7875823975, 44.614654541, -10.0196256638, 103.427635193, -5.57401037216], [530.728210449, -113.274391174, 311.21585083, 589.317687988, 95.6072006226, 113.973876953, 80.3632659912, 151.173400879, 131.732589722, 55.9332504272, 11.4870910645, 39.9021720886, 82.180229187], [-92.7471313477, 434.668670654, 77.5555496216, 95.6072006226, 471.923675537, 149.748123169, 198.737640381, 124.603462219, 146.258987427, 32.9773864746, 57.0942230225, -14.3548870087, 61.9737434387], [415.548095703, -72.2082366943, 324.765808105, 113.973876953, 149.748123169, 454.445007324, 189.660476685, 118.628921509, 86.0035324097, 55.6460990906, 5.85165596008, 41.6399917603, 3.12439894676], [-132.37310791, 310.304290771, 82.2036132812, 80.3632659912, 198.737640381, 189.660476685, 372.382598877, 107.958724976, 108.249465942, 22.9204826355, 54.2284736633, 4.29755783081, 26.7623844147], [384.859069824, -47.6888313293, 98.3631896973, 151.173400879, 124.603462219, 118.628921509, 107.958724976, 251.43460083, 113.046508789, 62.7063598633, 17.2962589264, 35.1089019775, 41.1442756653], [-70.5369949341, 210.755569458, 74.7875823975, 131.732589722, 146.258987427, 86.0035324097, 108.249465942, 113.046508789, 191.284896851, 58.3344688416, 30.479139328, -6.19014453888, 64.0260238647], [205.741394043, -78.9417037964, 44.614654541, 55.9332504272, 32.9773864746, 55.6460990906, 22.9204826355, 62.7063598633, 58.3344688416, 114.626800537, 26.9014339447, 15.1260623932, 0.515443503857], [-127.561447144, 159.310668945, -10.0196256638, 11.4870910645, 57.0942230225, 5.85165596008, 54.2284736633, 17.2962589264, 30.479139328, 26.9014339447, 91.0773239136, 18.9629020691, 10.8724040985], [184.999526978, -101.946174622, 103.427635193, 39.9021720886, -14.3548870087, 41.6399917603, 4.29755783081, 35.1089019775, -6.19014453888, 15.1260623932, 18.9629020691, 94.0873184204, 13.595744133], [-45.1433753967, 130.373275757, -5.57401037216, 82.180229187, 61.9737434387, 3.12439894676, 26.7623844147, 41.1442756653, 64.0260238647, 0.515443503857, 10.8724040985, 13.595744133, 101.546455383]],
        "icov": [[0.000505989184603, -0.000184680262464, 0.000335097545758, -0.000594301265664, 7.49589016777e-05, -0.000620199891273, 0.000480415968923, -0.000800009293016, 0.00100697169546, -0.000906270171981, 0.00104393274523, -0.000819523876999, 0.000499916961417], [-0.000184680262464, 0.0024957745336, -0.000820625224151, 0.00133385765366, -0.00128601526376, 0.00143414374907, -0.00151075201575, 0.0016570892185, -0.00257232622243, 0.00265842536464, -0.00376057508402, 0.00251267245039, -0.0022688137833], [0.000335097545758, -0.000820625224151, 0.00204703421332, -0.00146532466169, 0.000292182347039, -0.00170134694781, 0.000952231173869, -0.000529676792212, 0.000727174628992, -0.000924336491153, 0.00213544862345, -0.00275165168568, 0.00202444102615], [-0.000594301265664, 0.00133385765366, -0.00146532466169, 0.00383518240415, -0.000482304749312, 0.00150829763152, -0.00126235408243, 0.000696685630828, -0.00273099984042, 0.00169938267209, -0.00265321834013, 0.00219301669858, -0.00315880146809], [7.49589016777e-05, -0.00128601526376, 0.000292182347039, -0.000482304749312, 0.00415115151554, -0.00125262304209, -5.08224366058e-05, -0.00156264612451, 0.000173441178049, -0.000823133159429, 0.000393811060349, 0.000169588151039, 7.23610646673e-05], [-0.000620199891273, 0.00143414374907, -0.00170134694781, 0.00150829763152, -0.00125262304209, 0.00536236120388, -0.00286022410728, 0.00122610700782, -0.00246715755202, 0.00113325729035, -0.00148318649735, 0.00121585268062, -0.00102868420072], [0.000480415968923, -0.00151075201575, 0.000952231173869, -0.00126235408243, -5.08224366058e-05, -0.00286022410728, 0.00582225387916, -0.00223328033462, 0.000983795849606, -0.000660678429995, 0.000675471266732, -0.0015556961298, 0.00223554717377], [-0.000800009293016, 0.0016570892185, -0.000529676792212, 0.000696685630828, -0.00156264612451, 0.00122610700782, -0.00223328033462, 0.00902259815484, -0.00525770196691, 0.000977651099674, -0.00192232860718, -0.000263984140474, -0.00167602533475], [0.00100697169546, -0.00257232622243, 0.000727174628992, -0.00273099984042, 0.000173441178049, -0.00246715755202, 0.000983795849606, -0.00525770196691, 0.0163956750184, -0.00803277641535, 0.00390291656367, 0.000638060737401, -0.00295879435726], [-0.000906270171981, 0.00265842536464, -0.000924336491153, 0.00169938267209, -0.000823133159429, 0.00113325729035, -0.000660678429995, 0.000977651099674, -0.00803277641535, 0.0167386103421, -0.00840506888926, 0.00238918256946, 0.00056329270592], [0.00104393274523, -0.00376057508402, 0.00213544862345, -0.00265321834013, 0.000393811060349, -0.00148318649735, 0.000675471266732, -0.00192232860718, 0.00390291656367, -0.00840506888926, 0.0220065824687, -0.00941679999232, 0.00444921525195], [-0.000819523876999, 0.00251267245039, -0.00275165168568, 0.00219301669858, 0.000169588151039, 0.00121585268062, -0.0015556961298, -0.000263984140474, 0.000638060737401, 0.00238918256946, -0.00941679999232, 0.0193006116897, -0.0071303518489], [0.000499916961417, -0.0022688137833, 0.00202444102615, -0.00315880146809, 7.23610646673e-05, -0.00102868420072, 0.00223554717377, -0.00167602533475, -0.00295879435726, 0.00056329270592, 0.00444921525195, -0.0071303518489, 0.0180687140673]]
    },
    "melbands": {
        "dmean": [0.00467019574717, 0.00356889772229, 0.00172354176175, 0.000770407030359, 0.000332832278218, 0.000243599803071, 0.000287585367914, 0.000243522343226, 0.000269970390946, 0.000111695342639, 0.000106564235466, 8.4324987256e-05, 6.02124273428e-05, 6.82228201185e-05, 3.73966649931e-05, 3.38744830515e-05, 3.42812927556e-05, 4.37665476056e-05, 2.19758458115e-05, 2.50761622738e-05, 2.17344277189e-05, 1.55207253556e-05, 1.6288837287e-05, 1.23823838294e-05, 9.83015343081e-06, 9.94666243059e-06, 1.29133068185e-05, 1.20535360111e-05, 6.00513340032e-06, 4.06117715102e-06, 4.95345693707e-06, 4.8554938985e-06, 4.50920833828e-06, 4.45069736088e-06, 3.67549978364e-06, 3.59997488886e-06, 3.78203367291e-06, 4.23244637204e-06, 2.98494660456e-06, 3.18322531712e-06],
        "dmean2": [0.00668686069548, 0.00508189899847, 0.00315276859328, 0.00141326023731, 0.000595389108639, 0.00040071431431, 0.000435549096437, 0.000371859787265, 0.000396201270632, 0.000172444968484, 0.000162850163179, 0.000130526721478, 9.07324210857e-05, 0.000106227664219, 5.9116173361e-05, 5.15726314916e-05, 5.39987304364e-05, 6.84407350491e-05, 3.43828214682e-05, 4.03131562052e-05, 3.38178324455e-05, 2.37007916439e-05, 2.52132267633e-05, 1.88002577488e-05, 1.48144945342e-05, 1.50494515765e-05, 1.88847516256e-05, 1.81743271241e-05, 9.52298523771e-06, 6.2911308305e-06, 7.60869852456e-06, 7.45384932088e-06, 7.02988245393e-06, 6.92569210514e-06, 5.51679886485e-06, 5.43498845218e-06, 5.83077189731e-06, 6.80844414092e-06, 4.58146951132e-06, 5.01879003423e-06],
        "dvar": [8.33562007756e-05, 5.95406963839e-05, 2.35735078604e-05, 3.86995452573e-06, 6.16330908088e-07, 2.0502504583e-07, 2.91551685905e-07, 1.51000037363e-07, 1.43866145663e-07, 3.42889912019e-08, 3.78346705077e-08, 1.96750473691e-08, 1.27879014045e-08, 1.60008273298e-08, 4.60164972793e-09, 4.75017714052e-09, 4.80676165537e-09, 9.6170813535e-09, 1.78151549068e-09, 2.39258568513e-09, 1.49239776093e-09, 5.76793390827e-10, 5.77053682616e-10, 3.72722908093e-10, 3.89262455602e-10, 2.76254824572e-10, 4.13066025828e-10, 4.02481104e-10, 9.8308979013e-11, 4.45801728866e-11, 6.2231678144e-11, 5.82195680554e-11, 4.03966443629e-11, 4.87316402509e-11, 3.19149984218e-11, 3.20988964575e-11, 3.2959617674e-11, 3.72598375764e-11, 1.50361528783e-11, 1.8451877179e-11],
        "dvar2": [0.000139991796459, 0.000129037027364, 6.68127831887e-05, 1.11762601591e-05, 1.68783310528e-06, 5.21915922036e-07, 5.91988282395e-07, 3.24250834183e-07, 2.95280756291e-07, 7.0386157347e-08, 8.45211829414e-08, 4.03206890098e-08, 2.61205208574e-08, 3.8464801122e-08, 1.15186118421e-08, 9.78772973781e-09, 1.15452811755e-08, 2.18981170974e-08, 4.31805791123e-09, 5.83204018412e-09, 3.45101169863e-09, 1.26666999112e-09, 1.35197120166e-09, 8.46047842895e-10, 8.5898038682e-10, 6.0216581721e-10, 7.99334154422e-10, 9.22612874987e-10, 2.26633031786e-10, 8.99468693971e-11, 1.35679828484e-10, 1.40972733487e-10, 8.7091098222e-11, 1.07239148117e-10, 6.87923815135e-11, 6.80406217479e-11, 7.39113492632e-11, 8.8108034757e-11, 3.3938362537e-11, 3.99362209969e-11],
        "max": [0.0600096285343, 0.0505889989436, 0.02884991467, 0.0128107257187, 0.00518353236839, 0.00394484447315, 0.00660930201411, 0.00497099384665, 0.00510796066374, 0.00321835279465, 0.00314166466706, 0.00228500878438, 0.00196228479035, 0.00172745937016, 0.0011699933093, 0.00126416224521, 0.000709725834895, 0.0017148143379, 0.000534545397386, 0.000770618673414, 0.00060164812021, 0.00028926008963, 0.000346394052031, 0.000220017594984, 0.000236557199969, 0.000172861749888, 0.000250779092312, 0.000221355512622, 0.000106550367491, 6.07284455327e-05, 6.12490912317e-05, 7.95845335233e-05, 4.3355015805e-05, 7.27730148355e-05, 8.70742587722e-05, 6.78181895637e-05, 6.58656572341e-05, 5.79736115469e-05, 3.66051353922e-05, 3.1033414416e-05],
        "mean": [0.0113566080108, 0.00539290579036, 0.00150991347618, 0.000778971298132, 0.000364600797184, 0.000375155301299, 0.000549979216885, 0.000436103204265, 0.000528901233338, 0.000200053036679, 0.00019196694484, 0.000135278474772, 9.98267132672e-05, 0.000101362697023, 5.6822103943e-05, 5.26737021573e-05, 4.9548682e-05, 5.90585914324e-05, 3.12786905852e-05, 3.41700797435e-05, 3.50579648511e-05, 2.68374933512e-05, 2.78698498732e-05, 2.11773949559e-05, 1.51048388943e-05, 1.59562187036e-05, 2.42657515628e-05, 1.96339642571e-05, 8.65454603627e-06, 5.933391094e-06, 6.86231169311e-06, 6.62261527395e-06, 6.28084717391e-06, 6.0544130065e-06, 4.86668841404e-06, 4.52895574199e-06, 4.64370350528e-06, 5.0518574426e-06, 3.65135701941e-06, 3.64617835658e-06],
        "median": [0.00962962955236, 0.00292841275223, 0.000573659432121, 0.000344469124684, 0.000122235447634, 0.000145004902151, 0.000179930400918, 0.00021225879027, 0.000267341849394, 0.000118873067549, 7.90285339463e-05, 5.21719666722e-05, 3.53279028786e-05, 4.23055316787e-05, 2.8838561775e-05, 1.87702844414e-05, 1.37762363011e-05, 1.58100137924e-05, 8.91617855814e-06, 1.02946505649e-05, 1.39340745591e-05, 1.19155456559e-05, 1.43565903272e-05, 9.51337824517e-06, 6.0909765125e-06, 6.98588928572e-06, 8.79253639141e-06, 6.88228419676e-06, 3.53841278411e-06, 2.46468766818e-06, 2.85015335066e-06, 3.21101356349e-06, 2.86012209472e-06, 2.48855963036e-06, 1.88687283753e-06, 1.29530906179e-06, 1.44516013734e-06, 2.19266530621e-06, 1.5499182382e-06, 1.40020472372e-06],
        "min": [3.85761218361e-23, 1.89916322334e-23, 3.91876594316e-24, 1.18553976918e-23, 1.08394473978e-23, 8.32703585523e-24, 9.70596471755e-24, 1.09029877772e-23, 1.4581730957e-23, 1.66292099702e-23, 4.60851673083e-24, 3.66382976442e-24, 1.82402848197e-23, 1.77723514634e-23, 4.90337637112e-24, 8.24293933843e-24, 8.86316465908e-24, 8.37443771816e-24, 1.1108621727e-23, 7.63885332303e-24, 8.20636616914e-24, 1.30277112613e-23, 9.91909284604e-24, 1.53452520722e-23, 8.87797710029e-24, 5.12982204941e-24, 6.5327717263e-24, 6.9921538304e-24, 9.1329038127e-24, 1.49837328966e-23, 1.3453549422e-23, 1.255669267e-23, 1.23643265717e-23, 6.95613759692e-24, 7.79888243513e-24, 7.92603261355e-24, 1.03884366857e-23, 1.27473942718e-23, 1.31633345947e-23, 9.96234451175e-24],
        "stdev": [0.0111807435751, 0.00834353175014, 0.00375054473989, 0.00152369739953, 0.000709784158971, 0.000609578739386, 0.000970656401478, 0.000609854178037, 0.00068637134973, 0.000276619219221, 0.00032511856989, 0.000219085617573, 0.000204285053769, 0.000165732795722, 7.96640379122e-05, 0.000100305202068, 9.61284313235e-05, 0.000123406309285, 5.3577208746e-05, 6.17176992819e-05, 5.27171214344e-05, 3.41432933055e-05, 3.27050111082e-05, 2.85303449346e-05, 2.67350987997e-05, 2.39137261815e-05, 3.76562056772e-05, 2.95188820019e-05, 1.33752191687e-05, 8.86668385647e-06, 1.01031118902e-05, 9.25712720345e-06, 8.17656382424e-06, 8.67381913849e-06, 7.56575809646e-06, 7.6539326983e-06, 7.58895384934e-06, 7.05847378413e-06, 4.83271924168e-06, 5.03504134031e-06],
        "var": [0.000125009028125, 6.96145216352e-05, 1.40665852086e-05, 2.32165393754e-06, 5.03793557982e-07, 3.71586253323e-07, 9.42173869589e-07, 3.71922112663e-07, 4.71105607858e-07, 7.6518198e-08, 1.05702085307e-07, 4.79985082791e-08, 4.17323846591e-08, 2.74673617184e-08, 6.34635854979e-09, 1.0061134148e-08, 9.24067489194e-09, 1.52291157463e-08, 2.87051715731e-09, 3.80907438924e-09, 2.77909495416e-09, 1.16576448494e-09, 1.06961772772e-09, 8.1398054963e-10, 7.14765524545e-10, 5.71866276555e-10, 1.41798994768e-09, 8.71364425059e-10, 1.78896480962e-10, 7.8618077326e-11, 1.0207286405e-10, 8.56944029626e-11, 6.68561941919e-11, 7.52351445032e-11, 5.72406948229e-11, 5.85826803734e-11, 5.75922191881e-11, 4.98220527334e-11, 2.33551736978e-11, 2.53516391907e-11]
    },
    "melbands128": {
