{
"lowlevel": {
    "average_loudness": 0.773654639721,
    "barkbands_crest": {
        "dmean": 1.99326968193,
        "dmean2": 3.14139461517,
        "dvar": 3.65934681892,
        "dvar2": 8.53922462463,
        "max": 23.9748535156,
        "mean": 11.653758049,
        "median": 11.1018724442,
        "min": 3.01302719116,
        "stdev": 3.9537024498,
        "var": 15.6317625046
    },
    "barkbands_flatness_db": {
        "dmean": 0.0273295193911,
        "dmean2": 0.0445452034473,
        "dvar": 0.00104849401396,
        "dvar2": 0.0021270562429,
        "max": 0.70546901226,
        "mean": 0.344507902861,
        "median": 0.401163369417,
        "min": 0.049004253,
        "stdev": 0.190428733826,
        "var": 0.0362631008029
    },
    "barkbands_kurtosis": {
        "dmean": 2.19005203247,
        "dmean2": 3.34634184837,
        "dvar": 16.8720417023,
        "dvar2": 37.4978904724,
        "max": 54.3332099915,
        "mean": 3.12004876137,
        "median": 1.07531642914,
        "min": -1.94081223011,
        "stdev": 6.40675020218,
        "var": 41.0464477539
    },
    "barkbands_skewness": {
        "dmean": 0.472859948874,
        "dmean2": 0.700560688972,
        "dvar": 0.307652533054,
        "dvar2": 0.619639694691,
        "max": 6.17882442474,
        "mean": 0.915159165859,
        "median": 0.889458596706,
        "min": -2.9238307476,
        "stdev": 1.45480084419,
        "var": 2.11644554138
    },
    "barkbands_spread": {
        "dmean": 3.96491026878,
        "dmean2": 5.7186999321,
        "dvar": 66.6820678711,
        "dvar2": 118.192642212,
        "max": 119.02469635,
        "mean": 14.5155916214,
        "median": 10.6585283279,
        "min": 0.818272233009,
        "stdev": 14.6107234955,
        "var": 213.473251343
    },
    "dissonance": {
        "dmean": 0.0694267228246,
        "dmean2": 0.11706058681,
        "dvar": 0.00549928657711,
        "dvar2": 0.0156784243882,
        "max": 0.498824805021,
        "mean": 0.338165104389,
        "median": 0.37768420577,
        "min": 0.0119242426008,
        "stdev": 0.117491006851,
        "var": 0.0138041367754
    },
    "dynamic_complexity": 4.73463821411,
    "erbbands_crest": {
        "dmean": 2.76712322235,
        "dmean2": 4.50573158264,
        "dvar": 11.0708551407,
        "dvar2": 23.8378143311,
        "max": 34.4197463989,
        "mean": 15.8488798141,
        "median": 14.2963590622,
        "min": 2.94160509109,
        "stdev": 8.2032699585,
        "var": 67.2936401367
    },
    "erbbands_flatness_db": {
        "dmean": 0.0228641610593,
        "dmean2": 0.0368358530104,
        "dvar": 0.000894406053703,
        "dvar2": 0.00180611305404,
        "max": 0.632500469685,
        "mean": 0.338458299637,
        "median": 0.377279549837,
        "min": 0.0599600858986,
        "stdev": 0.17413136363,
        "var": 0.0303217303008
    },
    "erbbands_kurtosis": {
        "dmean": 3.94404578209,
        "dmean2": 6.11264657974,
        "dvar": 51.2351264954,
        "dvar2": 114.214904785,
        "max": 119.550643921,
        "mean": 8.46311569214,
        "median": 2.28881978989,
        "min": -1.8311303854,
        "stdev": 13.387336731,
        "var": 179.220779419
    },
    "erbbands_skewness": {
        "dmean": 0.577343404293,
        "dmean2": 0.875793874264,
        "dvar": 0.519412994385,
        "dvar2": 1.11605131626,
        "max": 4.30687570572,
        "mean": -0.614847302437,
        "median": 0.150199577212,
        "min": -7.7844209671,
        "stdev": 2.24346113205,
        "var": 5.03311777115
    },
    "erbbands_spread": {
        "dmean": 5.83401966095,
        "dmean2": 8.91563415527,
        "dvar": 123.144073486,
        "dvar2": 266.944030762,
        "max": 187.795928955,
        "mean": 21.537940979,
        "median": 12.1367330551,
        "min": 0.340887576342,
        "stdev": 23.8988304138,
        "var": 571.15411377
    },
    "hfc": {
        "dmean": 4.39103794098,
        "dmean2": 5.95911884308,
        "dvar": 70.3920211792,
        "dvar2": 120.883262634,
        "max": 108.502082825,
        "mean": 14.6782188416,
        "median": 3.8116505146,
        "min": 1.12135568453e-16,
        "stdev": 20.3260097504,
        "var": 413.14666748
    },
    "loudness_ebu128": {
        "integrated": -12.4891633987,
        "loudness_range": 6.24134254456,
        "momentary": {
            "dmean": 0.704106688499,
            "dmean2": 0.623383998871,
            "dvar": 0.38732239604,
            "dvar2": 0.414595961571,
            "max": -8.12887763977,
            "mean": -13.6269483566,
            "median": -15.0095882416,
            "min": -20.150850296,
            "stdev": 3.15095806122,
            "var": 9.92853736877
        },
        "short_term": {
            "dmean": 0.0990566909313,
            "dmean2": 0.0784409716725,
            "dvar": 0.00794498156756,
            "dvar2": 0.00517962267622,
            "max": -9.51879310608,
            "mean": -13.2263374329,
            "median": -12.2514410019,
            "min": -16.4820327759,
            "stdev": 2.46595573425,
            "var": 6.08093738556
        }
    },
    "melbands_crest": {
        "dmean": 2.58470320702,
        "dmean2": 3.93413043022,
        "dvar": 6.36498403549,
        "dvar2": 14.5471506119,
        "max": 34.4518241882,
        "mean": 15.7096071243,
        "median": 14.7468614578,
        "min": 3.80181360245,
        "stdev": 5.69278526306,
        "var": 32.4078025818
    },
    "melbands_flatness_db": {
        "dmean": 0.0293653886765,
        "dmean2": 0.0457308366895,
        "dvar": 0.0013786572963,
        "dvar2": 0.00235692504793,
        "max": 0.888365805149,
        "mean": 0.459791094065,
        "median": 0.54102486372,
        "min": 0.0098521374166,
        "stdev": 0.22559094429,
        "var": 0.050891276449
    },
    "melbands_kurtosis": {
        "dmean": 3.93575549126,
        "dmean2": 6.00974750519,
        "dvar": 59.5564727783,
        "dvar2": 124.581588745,
        "max": 140.612091064,
        "mean": 7.64184379578,
        "median": 3.06004238129,
        "min": -1.9196305275,
        "stdev": 13.8162508011,
        "var": 190.888793945
    },
    "melbands_skewness": {
        "dmean": 0.555388987064,
        "dmean2": 0.815435826778,
        "dvar": 0.445772528648,
        "dvar2": 0.884024858475,
        "max": 10.8298072815,
        "mean": 1.58821082115,
        "median": 1.36388266087,
        "min": -2.12854671478,
        "stdev": 1.74198591709,
        "var": 3.03451514244
    },
    "melbands_spread": {
        "dmean": 4.05938386917,
        "dmean2": 5.89793014526,
        "dvar": 64.252784729,
        "dvar2": 113.853385925,
        "max": 149.409103394,
        "mean": 16.2385520935,
        "median": 14.2980260849,
        "min": 0.758398413658,
        "stdev": 13.2681827545,
        "var": 176.044677734
    },
    "pitch_salience": {
        "dmean": 0.0524976402521,
        "dmean2": 0.0824584513903,
        "dvar": 0.00303328037262,
        "dvar2": 0.00688234483823,
        "max": 0.841399013996,
        "mean": 0.486306637526,
        "median": 0.456590741873,
        "min": 0.176255255938,
        "stdev": 0.127545848489,
        "var": 0.0162679422647
    },
    "silence_rate_20dB": {
        "dmean": 0,
        "dmean2": 0,
        "dvar": 0,
        "dvar2": 0,
        "max": 1,
        "mean": 1,
        "median": 1,
        "min": 1,
        "stdev": 0,
        "var": 0
    },
    "silence_rate_30dB": {
        "dmean": 0,
        "dmean2": 0,
        "dvar": 0,
        "dvar2": 0,
        "max": 1,
        "mean": 1,
        "median": 1,
        "min": 1,
        "stdev": 0,
        "var": 0
    },
    "silence_rate_60dB": {
        "dmean": 0.0301857590675,
        "dmean2": 0.0604182817042,
        "dvar": 0.0292750298977,
        "dvar2": 0.0614135712385,
        "max": 1,
        "mean": 0.0835266858339,
        "median": 0,
        "min": 0,
        "stdev": 0.276672720909,
        "var": 0.0765478014946
    },
    "spectral_centroid": {
        "dmean": 148.729217529,
        "dmean2": 212.513015747,
        "dvar": 145358.453125,
        "dvar2": 205045.46875,
        "max": 10701.3955078,
        "mean": 844.439453125,
        "median": 658.901855469,
        "min": 153.353820801,
        "stdev": 634.502624512,
        "var": 402593.59375
    },
    "spectral_complexity": {
        "dmean": 1.81965947151,
        "dmean2": 2.81951975822,
        "dvar": 6.82274866104,
        "dvar2": 11.7218570709,
        "max": 35,
        "mean": 9.02629566193,
        "median": 6,
        "min": 0,
        "stdev": 6.58616018295,
        "var": 43.3775062561
    },
    "spectral_decrease": {
        "dmean": 1.11588660534e-09,
        "dmean2": 1.57582158433e-09,
        "dvar": 4.12389281386e-18,
        "dvar2": 8.13154193624e-18,
        "max": -6.14655426e-29,
        "mean": -4.10819067653e-09,
        "median": -2.26666574399e-09,
        "min": -3.11543786324e-08,
        "stdev": 3.92752763645e-09,
        "var": 1.54254741668e-17
    },
    "spectral_energy": {
        "dmean": 0.00448350515217,
        "dmean2": 0.00632124533877,
        "dvar": 6.66632913635e-05,
        "dvar2": 0.000130369779072,
        "max": 0.123209834099,
        "mean": 0.0168366190046,
        "median": 0.00899714324623,
        "min": 1.04030151633e-20,
        "stdev": 0.0163285005838,
        "var": 0.00026661992888
    },
    "spectral_energyband_high": {
        "dmean": 0.000241395260673,
        "dmean2": 0.000340176367899,
        "dvar": 4.0860376771e-07,
        "dvar2": 7.61085573231e-07,
        "max": 0.0107883699238,
        "mean": 0.000538033840712,
        "median": 2.07477306446e-08,
        "min": 7.74407297266e-21,
        "stdev": 0.00109972362407,
        "var": 1.20939193948e-06
    },
    "spectral_energyband_low": {
        "dmean": 0.000681403325871,
        "dmean2": 0.000909793656319,
        "dvar": 2.74840976999e-06,
        "dvar2": 6.26188557362e-06,
        "max": 0.0316358990967,
        "mean": 0.00356653542258,
        "median": 0.00246487814002,
        "min": 1.21364243406e-22,
        "stdev": 0.00343048968352,
        "var": 1.17682602649e-05
    },
    "spectral_energyband_middle_high": {
        "dmean": 0.00129468552768,
        "dmean2": 0.00174778711516,
        "dvar": 6.71638326821e-06,
        "dvar2": 9.58169584919e-06,
        "max": 0.0398923158646,
        "mean": 0.00365475658327,
        "median": 0.000925062107854,
        "min": 1.45551980938e-21,
        "stdev": 0.00600567227229,
        "var": 3.60681005986e-05
    },
    "spectral_energyband_middle_low": {
        "dmean": 0.00353857083246,
        "dmean2": 0.00513639161363,
        "dvar": 4.64417717012e-05,
        "dvar2": 9.78671669145e-05,
        "max": 0.105733290315,
        "mean": 0.00974070653319,
        "median": 0.00491459155455,
        "min": 3.39038078728e-22,
        "stdev": 0.0116243418306,
        "var": 0.000135125315865
    },
    "spectral_entropy": {
        "dmean": 0.227304682136,
        "dmean2": 0.347251325846,
        "dvar": 0.091797016561,
        "dvar2": 0.153178408742,
        "max": 9.79576587677,
        "mean": 5.91853809357,
        "median": 5.44329452515,
        "min": 3.44134092331,
        "stdev": 1.25344073772,
        "var": 1.57111370564
    },
    "spectral_flux": {
        "dmean": 0.0188421588391,
        "dmean2": 0.0295749008656,
        "dvar": 0.000544988724869,
        "dvar2": 0.00115550984628,
        "max": 0.257731884718,
        "mean": 0.0481572002172,
        "median": 0.0319974385202,
        "min": 1.01995169255e-10,
        "stdev": 0.0423790290952,
        "var": 0.00179598212708
    },
    "spectral_kurtosis": {
        "dmean": 50.1435623169,
        "dmean2": 88.217590332,
        "dvar": 6049.03320312,
        "dvar2": 18516.8144531,
        "max": 730.427062988,
        "mean": 147.687057495,
        "median": 115.030830383,
        "min": -1.13001835346,
        "stdev": 152.378646851,
        "var": 23219.25
    },
    "spectral_rms": {
        "dmean": 0.000482237461256,
        "dmean2": 0.000671555171721,
        "dvar": 4.59565882238e-07,
        "dvar2": 7.90298429365e-07,
        "max": 0.01096379105,
        "mean": 0.00364079768769,
        "median": 0.00296271848492,
        "min": 3.18579407646e-12,
        "stdev": 0.00178060424514,
        "var": 3.17055150845e-06
    },
    "spectral_rolloff": {
        "dmean": 336.530944824,
        "dmean2": 556.928039551,
        "dvar": 1271759.5,
        "dvar2": 2326408.5,
        "max": 18130.9570312,
        "mean": 1056.40869141,
        "median": 732.12890625,
        "min": 64.599609375,
        "stdev": 1514.40307617,
        "var": 2293416.75
    },
    "spectral_skewness": {
        "dmean": 1.36761581898,
        "dmean2": 2.33478403091,
        "dvar": 3.60497522354,
        "dvar2": 10.415353775,
        "max": 22.4121685028,
        "mean": 7.84809207916,
        "median": 7.24813938141,
        "min": 0.0356588214636,
        "stdev": 5.86648845673,
        "var": 34.415687561
    },
    "spectral_spread": {
        "dmean": 668994.25,
        "dmean2": 1021964.125,
        "dvar": 1.7539998679e+12,
        "dvar2": 2.30407064781e+12,
        "max": 38414784,
        "mean": 3241366.75,
        "median": 1197204,
        "min": 138908.984375,
        "stdev": 3364887.25,
        "var": 1.13224659763e+13
    },
    "spectral_strongpeak": {
        "dmean": 0.471458554268,
        "dmean2": 0.776776254177,
        "dvar": 0.532174229622,
        "dvar2": 1.20804917812,
        "max": 12.9465904236,
        "mean": 1.12683129311,
        "median": 0.878351092339,
        "min": 1.68236391485e-09,
        "stdev": 1.15878307819,
        "var": 1.34277820587
    },
    "zerocrossingrate": {
        "dmean": 0.00870516244322,
        "dmean2": 0.00965707562864,
        "dvar": 0.00035052158637,
        "dvar2": 0.000311921961838,
        "max": 0.5107421875,
        "mean": 0.0435937345028,
        "median": 0.02880859375,
        "min": 0.001953125,
        "stdev": 0.0414488986135,
        "var": 0.00171801110264
    },
    "barkbands": {
        "dmean": [2.46896433964e-05, 0.000293045246508, 0.000298394530546, 0.000636905780993, 0.000744983670302, 0.000943224236835, 0.00094325246755, 0.000635466945823, 0.00101111119147, 0.000543345464393, 0.000323349668179, 0.000298002443742, 0.000265598879196, 5.0362355978e-05, 2.81142783933e-05, 3.3637505112e-05, 7.94650550233e-05, 0.000122332567116, 0.000134099769639, 0.000110282446258, 1.90936589206e-05, 2.17910292122e-05, 3.68542823708e-05, 9.80562181212e-05, 6.68414068059e-05, 4.12325607613e-05, 4.57402938991e-06],
        "dmean2": [2.80340536847e-05, 0.00035757466685, 0.000385747145629, 0.000885340326931, 0.00117320381105, 0.00142832146958, 0.00144143402576, 0.00102069496643, 0.00149887171574, 0.000809817633126, 0.000482875882881, 0.000403045560233, 0.000395095412387, 7.51721599954e-05, 3.99665004807e-05, 5.14200983162e-05, 0.000121171004139, 0.0001631246123, 0.000188883874216, 0.000174403001438, 3.05395806208e-05, 3.2356063457e-05, 5.318204785e-05, 0.000150194129674, 0.000102461744973, 6.08731606917e-05, 7.10825770511e-06],
        "dvar": [2.74201217287e-09, 2.62670397433e-07, 4.31130274592e-07, 4.36392201664e-06, 3.35827667186e-06, 1.00489423858e-05, 7.50096796764e-06, 7.32727630748e-06, 4.52544145446e-06, 1.26348891172e-06, 8.754841474e-07, 8.99772828689e-07, 1.32834816213e-06, 3.71081085859e-08, 1.20694902961e-08, 1.75569283556e-08, 8.64063736117e-08, 1.12623254722e-07, 1.37714081916e-07, 9.88543007452e-08, 5.34688604503e-09, 8.00698263248e-09, 1.91405096217e-08, 5.72075045113e-08, 2.65905750751e-08, 1.35900179998e-08, 4.37164027201e-10],
        "dvar2": [5.43149036858e-09, 6.71701229749e-07, 9.76799128694e-07, 7.20560365153e-06, 7.88369652582e-06, 2.19445610128e-05, 1.79788748937e-05, 1.87533933058e-05, 1.04909322545e-05, 2.26577412832e-06, 1.44424393511e-06, 1.67034454535e-06, 2.79199934994e-06, 8.46852330483e-08, 2.42777691284e-08, 3.99173138987e-08, 1.82745168331e-07, 1.97123213752e-07, 2.83496831344e-07, 2.31142237794e-07, 1.17733049976e-08, 1.8851402217e-08, 4.23355928092e-08, 1.30507402218e-07, 5.36767643666e-08, 2.62171351295e-08, 1.02519059908e-09],
        "max": [0.00249956944026, 0.0117893647403, 0.0144218690693, 0.0373742282391, 0.0408328548074, 0.0705600678921, 0.0458088107407, 0.0591490082443, 0.0264663659036, 0.0211606100202, 0.0259817782789, 0.0163535308093, 0.0253154151142, 0.00312401819974, 0.0023552859202, 0.0027542184107, 0.00721453176811, 0.0050484337844, 0.00949340220541, 0.0043119979091, 0.00136281142477, 0.00221541221254, 0.00304454076104, 0.00306740170345, 0.00317956786603, 0.00163064152002, 0.000280010019196],
        "mean": [0.000204052717891, 0.00176864292007, 0.000963714381214, 0.00155203731265, 0.00163456809241, 0.0018198331818, 0.00167499284726, 0.000905258930288, 0.00202470412478, 0.00110236753244, 0.000752939551603, 0.00051130738575, 0.000375173782231, 7.85154334153e-05, 5.24261849932e-05, 5.5267893913e-05, 0.000109780245111, 0.000251598568866, 0.000299574341625, 0.000203236442758, 2.59166572505e-05, 3.28988644469e-05, 5.49726610188e-05, 0.000178646863787, 0.00012752438488, 7.22117329133e-05, 4.45470368504e-06],
        "median": [6.79987642798e-05, 0.00130067323335, 0.00041162816342, 0.000228651755606, 0.000282218505163, 0.000578941311687, 0.000101668512798, 4.13393172494e-05, 0.000527772470377, 0.000233669765294, 0.000109486667498, 5.41238387086e-06, 3.77377091354e-06, 1.20728202546e-06, 1.88524197142e-07, 1.51185489017e-07, 3.9048214262e-07, 2.97224829637e-07, 2.47462708103e-07, 2.606781635e-08, 2.67286259792e-09, 1.39036970825e-09, 1.35131250634e-09, 2.32060370919e-09, 2.29331065249e-09, 1.95323512919e-09, 4.55768894847e-10],
        "min": [2.79831800605e-24, 2.49815587941e-23, 3.76703769883e-23, 9.6687765523e-23, 7.85514746588e-23, 3.42639020501e-23, 1.6317811861e-23, 1.45840218091e-23, 5.29158523555e-23, 6.68732535485e-23, 3.80614847587e-23, 6.87039030978e-23, 1.99814832221e-22, 7.29829686377e-23, 1.35018428555e-22, 2.22540438153e-22, 1.04164986769e-22, 1.88263371592e-22, 2.49915527152e-22, 3.1131182672e-22, 5.0095721951e-22, 5.63679158809e-22, 7.55982141946e-22, 6.58552746198e-22, 1.37493846308e-21, 1.65462517165e-21, 2.17181096392e-21],
        "stdev": [0.000328817899572, 0.00157803494949, 0.00160908920225, 0.00427668122575, 0.00321409292519, 0.00396708818153, 0.00355117907748, 0.00286228884943, 0.00345125584863, 0.00195097969845, 0.00232904450968, 0.00135409540962, 0.0015649581328, 0.000257490231888, 0.000171504085301, 0.000184977252502, 0.000450269551948, 0.000638756260742, 0.000831890036352, 0.000489102909341, 8.6024418124e-05, 0.000106171930383, 0.000173300752067, 0.000379041070119, 0.000265496462816, 0.000167980528204, 2.11961341847e-05],
        "var": [1.08121213316e-07, 2.49019421972e-06, 2.58916816165e-06, 1.82900039363e-05, 1.03303927972e-05, 1.57377871801e-05, 1.26108725453e-05, 8.19269735075e-06, 1.19111664389e-05, 3.80632195629e-06, 5.42444877283e-06, 1.83357428796e-06, 2.44909392677e-06, 6.63012258428e-08, 2.94136519585e-08, 3.42165833445e-08, 2.02742668876e-07, 4.08009583452e-07, 6.92040998729e-07, 2.39221634502e-07, 7.40020089651e-09, 1.12724789503e-08, 3.00331493008e-08, 1.43672139075e-07, 7.04883689195e-08, 2.82174585919e-08, 4.49276088554e-10]
    },
    "erbbands": {
        "dmean": [0.00899247080088, 0.0697137638927, 0.28054022789, 1.15913510323, 2.81396627426, 2.42931580544, 4.48338985443, 7.96481370926, 11.2796983719, 15.8350830078, 14.1798391342, 21.6584320068, 15.9882764816, 16.5783195496, 12.8213891983, 10.8230705261, 12.3427658081, 3.33370280266, 1.86330199242, 1.50343596935, 1.66735672951, 4.05748605728, 6.51503229141, 4.42816162109, 8.66680431366, 4.61338472366, 1.07188987732, 0.566181898117, 0.679007530212, 1.07239067554, 1.02858066559, 1.72529554367, 1.77035725117, 0.765144348145, 0.523899316788, 0.214548826218, 0.0735230073333, 0.0153620960191, 0.000483520270791, 1.39090834637e-05],
        "dmean2": [0.00770550454035, 0.0912738516927, 0.352715760469, 1.6089631319, 4.17720222473, 3.77681875229, 6.72983884811, 12.2993268967, 17.44439888, 24.2505722046, 20.6281337738, 32.1223258972, 24.2185878754, 24.1344528198, 18.0090675354, 14.7032823563, 18.3058700562, 4.63605594635, 2.7568962574, 2.25824546814, 2.45958018303, 5.97362518311, 8.63993167877, 5.9923043251, 12.9116573334, 7.04240608215, 1.65496921539, 0.910348832607, 1.00868690014, 1.67226302624, 1.50569367409, 2.60656237602, 2.74549818039, 1.15883457661, 0.804546535015, 0.329189985991, 0.108773775399, 0.0228995904326, 0.000744459277485, 2.01600487344e-05],
        "dvar": [0.000140963835292, 0.01834381558, 0.370525896549, 15.518784523, 46.9071502686, 43.6719741821, 374.277526855, 554.565185547, 1336.13024902, 1958.26123047, 3109.99487305, 1916.12927246, 1629.27905273, 1102.16674805, 1064.45446777, 1001.00897217, 3043.125, 162.322265625, 47.7708511353, 34.4075775146, 35.6050262451, 157.249359131, 315.432037354, 140.823974609, 659.159484863, 167.057800293, 9.9405708313, 7.25270652771, 9.98836708069, 18.7647972107, 14.7274665833, 23.1201286316, 17.4255714417, 3.4564242363, 1.66650128365, 0.283355295658, 0.0488635897636, 0.00402814522386, 4.78225001643e-06, 1.74394254593e-09],
        "dvar2": [0.000251555495197, 0.0479532517493, 0.790013372898, 28.5951957703, 109.824905396, 105.452407837, 782.442321777, 1306.51879883, 3199.18603516, 4397.08447266, 7573.1875, 4344.82128906, 4225.87890625, 1722.40026855, 1753.10473633, 1894.60839844, 6167.03125, 319.734436035, 108.403686523, 80.3588027954, 68.9349365234, 339.565246582, 541.741394043, 237.329376221, 1458.66516113, 377.105529785, 21.0523262024, 15.3715744019, 23.9384231567, 45.9219741821, 30.5128116608, 54.1715660095, 39.0069999695, 6.90299892426, 3.72085547447, 0.587363421917, 0.0972158461809, 0.00889279320836, 1.09764941953e-05, 3.79358899849e-09],
        "max": [0.380454957485, 3.29549360275, 15.1372146606, 75.1384124756, 129.480667114, 151.629653931, 545.117248535, 448.776428223, 486.228179932, 530.392272949, 1170.81188965, 524.587097168, 659.549682617, 990.400512695, 787.775024414, 464.472167969, 1191.61657715, 268.916412354, 124.299728394, 91.6426010132, 116.636459351, 243.521636963, 318.547912598, 210.819351196, 575.331481934, 195.026565552, 50.0187187195, 51.7482719421, 82.284286499, 105.252120972, 74.9813537598, 69.8813705444, 55.8481788635, 32.1762046814, 23.5029335022, 6.98432207108, 2.76510429382, 1.03831398487, 0.0334595143795, 0.00068450946128],
        "mean": [0.0776123404503, 0.302974253893, 1.07437300682, 3.08237814903, 6.55665493011, 4.79713582993, 8.13153648376, 15.9438915253, 20.1768951416, 27.7452487946, 25.0808734894, 42.6407470703, 30.6146411896, 37.3108673096, 29.7470054626, 20.269908905, 20.0371704102, 5.59083080292, 3.41822886467, 2.69811701775, 3.15155363083, 7.30371856689, 13.7143001556, 10.0565128326, 19.0864944458, 8.65988254547, 1.87518954277, 0.806946218014, 1.02421355247, 1.62810850143, 1.5638449192, 2.85541629791, 3.26108217239, 1.44765722752, 0.905230641365, 0.373592913151, 0.121454246342, 0.0197436325252, 0.000575722719077, 3.66225685866e-05],
        "median": [0.0502131618559, 0.231651306152, 0.4829210639, 0.771751582623, 0.961666107178, 1.01669621468, 1.31940257549, 5.90924739838, 2.81053328514, 1.47379827499, 3.94766068459, 11.1960926056, 10.4592151642, 7.42409753799, 5.13546514511, 0.619031012058, 0.208546340466, 0.0807123631239, 0.0300612095743, 0.00938435085118, 0.00988714769483, 0.0231161266565, 0.016760841012, 0.010292019695, 0.0104212434962, 0.0015219533816, 0.000275092053926, 8.05653980933e-05, 5.37999621884e-05, 5.55107981199e-05, 4.00123790314e-05, 4.25899706897e-05, 5.12134101882e-05, 2.75671936834e-05, 2.35709485423e-05, 1.40006495712e-05, 5.80661708227e-06, 1.06430513824e-06, 4.74212856716e-06, 1.02920157588e-05],
        "min": [1.13377946868e-21, 4.4937212817e-21, 2.91657583196e-20, 2.25006775095e-19, 3.36555570366e-19, 2.07297742909e-19, 1.61019146061e-19, 3.15097703945e-19, 2.28292336488e-19, 2.51005630434e-19, 3.66759139855e-19, 1.32357242193e-18, 2.55863899986e-18, 1.10214754568e-18, 2.06140873953e-18, 3.66171764072e-18, 8.77875617164e-18, 5.4334574491e-18, 6.23617709017e-18, 8.33081388171e-18, 1.08800538351e-17, 6.93982613646e-18, 1.10105250331e-17, 1.42077600803e-17, 1.13148530522e-17, 1.3709625298e-17, 1.93333003736e-17, 2.11954477142e-17, 1.82055636855e-17, 1.74956210355e-17, 2.31967582667e-17, 1.56040558436e-17, 1.22250586101e-17, 1.69192283498e-17, 8.48108447487e-18, 4.50037083477e-18, 3.53263403818e-18, 1.26901924015e-18, 3.75690389874e-19, 2.92734985944e-20],
        "stdev": [0.0802036747336, 0.279502302408, 1.68551981449, 7.45447158813, 12.3226041794, 10.4085540771, 23.2502365112, 30.3121204376, 48.375831604, 65.7628250122, 66.6936950684, 70.3373260498, 57.8940658569, 68.1614837646, 75.7880249023, 47.6763648987, 76.9811859131, 18.4332199097, 10.2142982483, 8.4386510849, 9.70219612122, 20.2646312714, 34.2290267944, 25.1537952423, 52.8660316467, 20.7202568054, 4.6754565239, 3.11069989204, 3.47427773476, 5.0722193718, 5.05183506012, 6.90359687805, 6.67666578293, 3.08402991295, 1.92845571041, 0.795532047749, 0.301968991756, 0.0705202370882, 0.00230643968098, 5.87615541008e-05],
        "var": [0.00643262919039, 0.0781215429306, 2.84097695351, 55.5691452026, 151.846572876, 108.337997437, 540.573486328, 918.824645996, 2340.22094727, 4324.74902344, 4448.04931641, 4947.33984375, 3351.72265625, 4645.98779297, 5743.82519531, 2273.03564453, 5926.10302734, 339.783569336, 104.331893921, 71.2108383179, 94.1326141357, 410.655273438, 1171.6262207, 632.713378906, 2794.81713867, 429.329040527, 21.8598957062, 9.67645454407, 12.070605278, 25.7274112701, 25.5210361481, 47.65965271, 44.5778656006, 9.51124095917, 3.71894145012, 0.632871210575, 0.09118527174, 0.00497310422361, 5.3196636145e-06, 3.45292017201e-09]
    },
    "gfcc": {
        "mean": [-179.840301514, 181.239028931, -53.9073257446, -28.1126613617, -46.5894050598, 9.93259334564, -10.9358243942, 24.5160274506, -26.3230648041, -20.4139709473, -5.89870977402, 1.60708522797, -2.54196357727],
        "cov": [[34430.1523438, -16663.4707031, -5754.38427734, 5724.68457031, -3235.69433594, -34.5544776917, -5034.46337891, 1158.36877441, -2961.81494141, 3083.72119141, 720.866516113, 187.76449585, -2670.42480469], [-16663.4707031, 9482.21875, 2471.59399414, -3434.82397461, 1785.66235352, -102.67906189, 2567.11108398, -582.469604492, 1555.30822754, -1649.06115723, -223.324981689, -79.2124023438, 1404.70605469], [-5754.38427734, 2471.59399414, 1600.95336914, -678.179443359, 373.626708984, 0.183131352067, 820.830383301, -217.021713257, 530.534851074, -421.99331665, -226.805831909, -87.0719909668, 410.913879395], [5724.68457031, -3434.82397461, -678.179443359, 1694.51794434, -570.750732422, -66.1684646606, -1037.19433594, 102.836097717, -641.561584473, 642.285095215, 151.166778564, -17.097360611, -500.354400635], [-3235.69433594, 1785.66235352, 373.626708984, -570.750732422, 589.748474121, 68.943069458, 503.363342285, -169.415725708, 208.793197632, -393.066650391, -23.7141189575, 54.3037605286, 301.809020996], [-34.5544776917, -102.67906189, 0.183131352067, -66.1684646606, 68.943069458, 285.330230713, 163.617736816, 26.5428657532, -35.5955657959, -109.236869812, -67.4745330811, 67.7515716553, 26.9363231659], [-5034.46337891, 2567.11108398, 820.830383301, -1037.19433594, 503.363342285, 163.617736816, 1061.14758301, -40.461605072, 439.302490234, -604.779052734, -194.777999878, 5.13560390472, 428.642547607], [1158.36877441, -582.469604492, -217.021713257, 102.836097717, -169.415725708, 26.5428657532, -40.461605072, 247.643554688, -39.664768219, 69.6691818237, -18.2866077423, -18.1608295441, -102.627998352], [-2961.81494141, 1555.30822754, 530.534851074, -641.561584473, 208.793197632, -35.5955657959, 439.302490234, -39.664768219, 517.835754395, -170.338638306, -130.999206543, -82.9299621582, 224.037078857], [3083.72119141, -1649.06115723, -421.99331665, 642.285095215, -393.066650391, -109.236869812, -604.779052734, 69.6691818237, -170.338638306, 550.961608887, 161.522399902, -49.1989479065, -297.381225586], [720.866516113, -223.324981689, -226.805831909, 151.166778564, -23.7141189575, -67.4745330811, -194.777999878, -18.2866077423, -130.999206543, 161.522399902, 257.206176758, 50.0033721924, -80.934928894], [187.76449585, -79.2124023438, -87.0719909668, -17.097360611, 54.3037605286, 67.7515716553, 5.13560390472, -18.1608295441, -82.9299621582, -49.1989479065, 50.0033721924, 149.016311646, 38.2857322693], [-2670.42480469, 1404.70605469, 410.913879395, -500.354400635, 301.809020996, 26.9363231659, 428.642547607, -102.627998352, 224.037078857, -297.381225586, -80.934928894, 38.2857322693, 315.073181152]],
        "icov": [[0.000446424761321, 8.81766318344e-05, 0.000574414851144, -6.20598511887e-05, 0.000320137594827, -0.000194472435396, 0.000554862373974, -0.000504009891301, 0.000624544627499, -0.000633968680631, 0.000723141303752, -0.000539736356586, 0.000542697613128], [8.81766318344e-05, 0.00365770724602, -0.00095861882437, 0.00281849480234, -0.00201154919341, 0.00216987589374, -0.000995001988485, 0.0017620526487, -0.00224646553397, 0.00369193940423, -0.00493780011311, 0.00394487939775, -0.0028306285385], [0.000574414851144, -0.00095861882437, 0.0029590241611, -0.00190457236022, 0.00186767335981, -0.000476266053738, -0.000823818787467, 0.000615796248894, 9.05368360691e-05, -0.00159276870545, 0.00247164908797, -0.00167149247136, 0.0011019911617], [-6.20598511887e-05, 0.00281849480234, -0.00190457236022, 0.00509904325008, -0.0025414347183, 0.00150023249444, 0.000794256629888, 0.000449377926998, 0.00108746520709, 0.00100653420668, -0.00272837351076, 0.00371619383805, -0.00211398932151], [0.000320137594827, -0.00201154919341, 0.00186767335981, -0.0025414347183, 0.00738017773256, -0.00222071981989, -5.23987146153e-05, 0.00144131761044, -0.000217969398363, 0.000900454528164, 0.000503588758875, -0.00223950156942, 0.000277306797216], [-0.000194472435396, 0.00216987589374, -0.000476266053738, 0.00150023249444, -0.00222071981989, 0.00742180366069, -0.00351319764741, 0.00153175450396, -0.000648248300422, 0.001230513677, -0.000651310605463, -0.000699062307831, -7.52833284423e-06], [0.000554862373974, -0.000995001988485, -0.000823818787467, 0.000794256629888, -5.23987146153e-05, -0.00351319764741, 0.00831172894686, -0.00450852373615, 0.00124385906383, 0.00104960543104, 0.0012678897474, -9.4012284535e-05, -0.000507831573486], [-0.000504009891301, 0.0017620526487, 0.000615796248894, 0.000449377926998, 0.00144131761044, 0.00153175450396, -0.00450852373615, 0.00939328037202, -0.00356252910569, 0.00331358844414, -0.00333490269259, 0.00229464797303, -1.01752948467e-05], [0.000624544627499, -0.00224646553397, 9.05368360691e-05, 0.00108746520709, -0.000217969398363, -0.000648248300422, 0.00124385906383, -0.00356252910569, 0.0107749430463, -0.00848495028913, 0.00758497510105, -0.00145805545617, 0.000784767558798], [-0.000633968680631, 0.00369193940423, -0.00159276870545, 0.00100653420668, 0.000900454528164, 0.001230513677, 0.00104960543104, 0.00331358844414, -0.00848495028913, 0.0157810784876, -0.0118161356077, 0.00648814253509, -0.00236926507205], [0.000723141303752, -0.00493780011311, 0.00247164908797, -0.00272837351076, 0.000503588758875, -0.000651310605463, 0.0012678897474, -0.00333490269259, 0.00758497510105, -0.0118161356077, 0.0171659421176, -0.00982860196382, 0.00640708580613], [-0.000539736356586, 0.00394487939775, -0.00167149247136, 0.00371619383805, -0.00223950156942, -0.000699062307831, -9.4012284535e-05, 0.00229464797303, -0.00145805545617, 0.00648814253509, -0.00982860196382, 0.0171537455171, -0.00844900123775], [0.000542697613128, -0.0028306285385, 0.0011019911617, -0.00211398932151, 0.000277306797216, -7.52833284423e-06, -0.000507831573486, -1.01752948467e-05, 0.000784767558798, -0.00236926507205, 0.00640708580613, -0.00844900123775, 0.0158999599516]]
    },
    "melbands": {
        "dmean": [7.4982039223e-05, 0.000122214027215, 0.000237858315813, 0.000189364756807, 0.000136705508339, 0.000183220967301, 0.000171365667484, 0.000168472790392, 0.000128728774143, 0.000133480833028, 8.22045549285e-05, 7.28899613023e-05, 4.71513267257e-05, 2.92803870252e-05, 3.60288213415e-05, 2.09323352465e-05, 4.89370040668e-06, 3.47138961843e-06, 2.14373858398e-06, 2.22339758693e-06, 1.95179200091e-06, 3.19965988638e-06, 9.77408944891e-06, 4.51993992101e-06, 3.5813516206e-06, 6.76348781781e-06, 6.1489708969e-06, 2.53102439274e-06, 7.71615873418e-07, 4.45818244543e-07, 3.19977885965e-07, 3.74174419449e-07, 5.32217484306e-07, 6.77425987305e-07, 5.91379546222e-07, 7.72892065015e-07, 1.29473187371e-06, 1.44317698414e-06, 9.7680356248e-07, 6.29318719803e-07],
        "dmean2": [7.93050785433e-05, 0.000161874326295, 0.000340430357028, 0.000290031777695, 0.000206585653359, 0.000278479681583, 0.000263964786427, 0.00026209076168, 0.000180286660907, 0.000200092472369, 0.000124944839627, 0.000106442421384, 6.70117296977e-05, 3.92240435758e-05, 5.19206660101e-05, 3.10965006065e-05, 7.17637340131e-06, 5.33842739969e-06, 3.07505229102e-06, 3.42533689945e-06, 2.90307411888e-06, 5.02831653648e-06, 1.41509381137e-05, 5.98642009209e-06, 4.92074832437e-06, 9.61603382166e-06, 9.65855087998e-06, 3.84397935704e-06, 1.21157040667e-06, 6.9479085596e-07, 5.2637187764e-07, 5.74903879169e-07, 8.0012455328e-07, 1.05174376586e-06, 8.78540106442e-07, 1.1742775996e-06, 1.97850658878e-06, 2.26241309065e-06, 1.55008808633e-06, 9.49911679982e-07],
        "dvar": [1.30414026245e-08, 7.20413453337e-08, 4.78822869354e-07, 2.19374783228e-07, 2.7704106742e-07, 2.87145780931e-07, 2.94248934551e-07, 2.50037714977e-07, 1.78332101086e-07, 7.192564766e-08, 4.23117363368e-08, 2.11506279157e-08, 1.63684568122e-08, 1.32373463302e-08, 1.2500208868e-08, 1.64821845061e-08, 3.06875108658e-10, 1.95375896017e-10, 8.67109023472e-11, 8.61659424367e-11, 4.98080014733e-11, 1.24741578178e-10, 8.78591754905e-10, 1.59840377045e-10, 1.00507699385e-10, 4.22928053689e-10, 3.07159186974e-10, 5.22898738198e-11, 5.39954235837e-12, 3.29263764691e-12, 2.81223828946e-12, 3.9140938754e-12, 3.46203447854e-12, 7.48917681342e-12, 5.03431324406e-12, 7.40531594379e-12, 1.22769667696e-11, 1.2158997767e-11, 5.94356985503e-12, 2.55055395207e-12],
        "dvar2": [2.98613826999e-08, 1.67100111526e-07, 8.53922358601e-07, 5.05685591179e-07, 5.8637994016e-07, 6.55768076285e-07, 7.24477729364e-07, 5.90211925555e-07, 3.94020418071e-07, 1.73296058392e-07, 1.07178543374e-07, 3.3429081725e-08, 2.4932601761e-08, 2.28053771423e-08, 2.38082034087e-08, 3.60815768374e-08, 6.30611729502e-10, 4.89849161234e-10, 1.7873207081e-10, 2.05025510458e-10, 9.16728012945e-11, 3.00822866617e-10, 1.81545933842e-09, 2.77458361841e-10, 1.8769331922e-10, 8.90091000905e-10, 7.26866011824e-10, 1.18939663674e-10, 1.13632540877e-11, 7.36876445279e-12, 6.28274689218e-12, 9.92200245575e-12, 7.58343648294e-12, 1.88007248658e-11, 1.07983266426e-11, 1.61486050226e-11, 3.01240421496e-11, 2.75533745125e-11, 1.38048713086e-11, 5.11717404561e-12],
        "max": [0.0029002900701, 0.00536708068103, 0.011752391234, 0.0104183722287, 0.014291446656, 0.00923912599683, 0.00787280220538, 0.00711669772863, 0.00770065002143, 0.00293555459939, 0.00329005601816, 0.00412487890571, 0.0038309241645, 0.00240955641493, 0.00143594329711, 0.00338098383509, 0.000304045563098, 0.000242216890911, 0.000247964460868, 0.00015332759358, 0.000146301681525, 0.00014496667427, 0.000554713536985, 0.000262105808361, 0.00017501504044, 0.000572502904106, 0.000258642045083, 0.000116088682262, 2.86658560071e-05, 3.18671445712e-05, 3.00993560813e-05, 5.20393150509e-05, 3.383868534e-05, 6.68432548991e-05, 4.17881274188e-05, 3.92917827412e-05, 5.18582346558e-05, 4.54982218798e-05, 2.84465950244e-05, 3.40944898198e-05],
        "mean": [0.000570441188756, 0.000491412822157, 0.000659010198433, 0.000438860006398, 0.000252655736404, 0.000368877808796, 0.000302805419778, 0.000277501821984, 0.00023789385159, 0.000261478417087, 0.000149956089444, 0.000156500551384, 0.00011364967213, 4.68359503429e-05, 6.5906191594e-05, 2.9765882573e-05, 7.65835920902e-06, 5.77944183533e-06, 3.54921280632e-06, 3.57396811523e-06, 3.48739922629e-06, 4.61598347101e-06, 1.77962629095e-05, 8.34723869048e-06, 7.1374588515e-06, 1.45563280967e-05, 1.16636747407e-05, 4.18557556259e-06, 1.24034272631e-06, 5.60006697015e-07, 4.25804529414e-07, 4.98469489685e-07, 7.84069982274e-07, 9.57042402661e-07, 8.41007988583e-07, 1.05778076431e-06, 2.07558605325e-06, 2.50947778113e-06, 1.72265322362e-06, 1.0703041653e-06],
        "median": [0.000385786028346, 0.000279334897641, 0.000163675751537, 6.94910049788e-05, 4.6541706979e-05, 0.000140429197927, 3.53490249836e-05, 8.84985911398e-06, 3.36285047524e-05, 7.53904241719e-05, 3.54469411832e-05, 3.22096202581e-05, 2.0128523829e-05, 1.21678488085e-06, 5.77696653181e-07, 2.91998503599e-07, 1.13199767782e-07, 4.79245088059e-08, 1.17996901139e-08, 9.31679444705e-09, 1.04675867973e-08, 2.3024135487e-08, 1.6493185484e-08, 1.29799131443e-08, 5.63491076022e-09, 9.28015708723e-09, 2.73343392365e-09, 4.60862820129e-10, 1.67622138392e-10, 6.204620151e-11, 3.4088620815e-11, 2.91176527334e-11, 2.65913228936e-11, 2.87469735516e-11, 2.11502794445e-11, 1.67703836929e-11, 2.65537973554e-11, 3.52002420267e-11, 1.77660993556e-11, 1.86272577224e-11],
        "min": [8.37054468959e-24, 1.43802022393e-23, 4.08293736387e-23, 2.11014344135e-23, 5.55451715065e-24, 6.95856807736e-24, 3.33907860671e-24, 2.61723853513e-24, 2.69483897959e-24, 9.38328431972e-24, 1.22624057427e-23, 3.97797074296e-24, 5.78753798458e-24, 7.36433130574e-24, 1.29157095788e-23, 2.10810865354e-23, 8.10743591187e-24, 9.24315659054e-24, 9.40855074565e-24, 1.59031534371e-23, 1.11834491282e-23, 7.04706328257e-24, 6.86522058873e-24, 9.79258243381e-24, 1.20665418351e-23, 8.30949079983e-24, 8.15851938865e-24, 9.0166170378e-24, 1.26233348504e-23, 1.29746587877e-23, 1.14547652148e-23, 1.18061498944e-23, 8.47997389664e-24, 9.91234098555e-24, 1.4428098718e-23, 1.12261911898e-23, 9.01420312343e-24, 6.92119500312e-24, 1.24396454332e-23, 1.45774190433e-23],
        "stdev": [0.000544940703548, 0.000627978588454, 0.00141808611806, 0.000844938098453, 0.000639008358121, 0.000692405854352, 0.000692768837325, 0.00068239599932, 0.000591214746237, 0.000425951293437, 0.000295244448353, 0.000286881258944, 0.000339969119523, 0.000151311149239, 0.000171557272552, 0.000170605955645, 2.42733931373e-05, 1.79174894583e-05, 1.2938456166e-05, 1.18163943625e-05, 1.141067969e-05, 1.46994580064e-05, 5.14602397743e-05, 2.15074051084e-05, 1.90003302123e-05, 4.47819656983e-05, 2.87464245048e-05, 1.07784089778e-05, 3.45537409885e-06, 2.08195911e-06, 1.83557574474e-06, 1.93931441572e-06, 2.52808490586e-06, 3.05808930534e-06, 2.92780896416e-06, 3.42624730365e-06, 5.01759086546e-06, 5.28127611688e-06, 3.72457043341e-06, 2.4760317956e-06],
        "var": [2.96960394053e-07, 3.94357073219e-07, 2.01096827368e-06, 7.13920428552e-07, 4.08331686685e-07, 4.79425864341e-07, 4.79928644381e-07, 4.65664271587e-07, 3.49534872157e-07, 1.81434501201e-07, 8.71692833471e-08, 8.23008576845e-08, 1.15579005922e-07, 2.28950618464e-08, 2.9431898696e-08, 2.91063937397e-08, 5.89197579615e-10, 3.21036447426e-10, 1.674036465e-10, 1.39627184814e-10, 1.30203611781e-10, 2.16074061421e-10, 2.64815636086e-09, 4.62568483517e-10, 3.61012553185e-10, 2.00542449313e-09, 8.2635692733e-10, 1.16174098119e-10, 1.1939609891e-11, 4.3345539831e-12, 3.36933822856e-12, 3.76094034388e-12, 6.3912130796e-12, 9.3519098715e-12, 8.57206580024e-12, 1.17391703996e-11, 2.51762170139e-11, 2.78918763086e-11, 1.38724249102e-11, 6.13073350766e-12]
    },
    "melbands128": {
