{
"lowlevel": {
    "average_loudness": 0.98014819622,
    "barkbands_crest": {
        "dmean": 3.54038596153,
        "dmean2": 5.74110889435,
        "dvar": 9.97834396362,
        "dvar2": 25.7586898804,
        "max": 24.9609107971,
        "mean": 13.5541362762,
        "median": 13.275853157,
        "min": 2.66532325745,
        "stdev": 5.15561723709,
        "var": 26.5803871155
    },
    "barkbands_flatness_db": {
        "dmean": 0.032214384526,
        "dmean2": 0.0487853996456,
        "dvar": 0.000981998862699,
        "dvar2": 0.00218312256038,
        "max": 0.386708319187,
        "mean": 0.161614015698,
        "median": 0.158400148153,
        "min": 0.0316397473216,
        "stdev": 0.0598271377385,
        "var": 0.00357928639278
    },
    "barkbands_kurtosis": {
        "dmean": 7.73464775085,
        "dmean2": 12.2467308044,
        "dvar": 354.879943848,
        "dvar2": 854.404541016,
        "max": 371.389984131,
        "mean": 11.0762138367,
        "median": 5.63453388214,
        "min": -1.83963990211,
        "stdev": 21.760717392,
        "var": 473.528808594
    },
    "barkbands_skewness": {
        "dmean": 0.850076317787,
        "dmean2": 1.29928469658,
        "dvar": 0.95414274931,
        "dvar2": 2.14583206177,
        "max": 16.0959815979,
        "mean": 2.52421021461,
        "median": 2.25598502159,
        "min": -1.74270820618,
        "stdev": 1.65426194668,
        "var": 2.73658251762
    },
    "barkbands_spread": {
        "dmean": 7.14641427994,
        "dmean2": 11.3335132599,
        "dvar": 80.8810424805,
        "dvar2": 193.34803772,
        "max": 103.213104248,
        "mean": 18.7967166901,
        "median": 17.0493183136,
        "min": 0.594065546989,
        "stdev": 12.9021062851,
        "var": 166.46434021
    },
    "dissonance": {
        "dmean": 0.0230944547802,
        "dmean2": 0.0376697741449,
        "dvar": 0.000612481846474,
        "dvar2": 0.0014832301531,
        "max": 0.499953538179,
        "mean": 0.450502276421,
        "median": 0.457373440266,
        "min": 0.154895290732,
        "stdev": 0.034965634346,
        "var": 0.00122259557247
    },
    "dynamic_complexity": 1.3266402483,
    "erbbands_crest": {
        "dmean": 2.94974017143,
        "dmean2": 4.90247488022,
        "dvar": 7.54518032074,
        "dvar2": 19.0917854309,
        "max": 29.2527370453,
        "mean": 9.0023393631,
        "median": 8.02465248108,
        "min": 2.63229942322,
        "stdev": 4.26528120041,
        "var": 18.1926250458
    },
    "erbbands_flatness_db": {
        "dmean": 0.0170215871185,
        "dmean2": 0.0257896352559,
        "dvar": 0.000271872122539,
        "dvar2": 0.000664555933326,
        "max": 0.277856349945,
        "mean": 0.132561668754,
        "median": 0.128944262862,
        "min": 0.0653345808387,
        "stdev": 0.0312021132559,
        "var": 0.00097357184859
    },
    "erbbands_kurtosis": {
        "dmean": 1.0744073391,
        "dmean2": 1.72485089302,
        "dvar": 2.24609398842,
        "dvar2": 5.49826574326,
        "max": 19.814043045,
        "mean": 0.5879150033,
        "median": 0.00372719764709,
        "min": -1.81327426434,
        "stdev": 2.1898086071,
        "var": 4.79526138306
    },
    "erbbands_skewness": {
        "dmean": 0.405445247889,
        "dmean2": 0.648305952549,
        "dvar": 0.152717456222,
        "dvar2": 0.343929857016,
        "max": 3.53298592567,
        "mean": 0.434212893248,
        "median": 0.460238277912,
        "min": -1.95308554173,
        "stdev": 0.693543553352,
        "var": 0.481002628803
    },
    "erbbands_spread": {
        "dmean": 11.175110817,
        "dmean2": 17.3189067841,
        "dvar": 146.002120972,
        "dvar2": 356.987762451,
        "max": 157.194854736,
        "mean": 45.2136459351,
        "median": 40.9118309021,
        "min": 6.10884380341,
        "stdev": 21.2495613098,
        "var": 451.543884277
    },
    "hfc": {
        "dmean": 12.152557373,
        "dmean2": 19.7428951263,
        "dvar": 356.010162354,
        "dvar2": 985.700256348,
        "max": 136.962173462,
        "mean": 30.6217575073,
        "median": 26.8522930145,
        "min": 1.26034545319e-16,
        "stdev": 19.6161079407,
        "var": 384.791717529
    },
    "loudness_ebu128": {
        "integrated": -8.1409702301,
        "loudness_range": 1.05263280869,
        "momentary": {
            "dmean": 0.363555550575,
            "dmean2": 0.443202018738,
            "dvar": 0.0887606889009,
            "dvar2": 0.145481675863,
            "max": -6.26889705658,
            "mean": -8.22252082825,
            "median": -8.14380455017,
            "min": -11.9886741638,
            "stdev": 0.864587843418,
            "var": 0.747512161732
        },
        "short_term": {
            "dmean": 0.0487463697791,
            "dmean2": 0.0567264594138,
            "dvar": 0.00158602651209,
            "dvar2": 0.00192872120533,
            "max": -7.46287679672,
            "mean": -8.10297107697,
            "median": -8.06944656372,
            "min": -9.23093032837,
            "stdev": 0.372541129589,
            "var": 0.138786882162
        }
    },
    "melbands_crest": {
        "dmean": 4.46283483505,
        "dmean2": 6.85328626633,
        "dvar": 14.7525987625,
        "dvar2": 34.082485199,
        "max": 36.7537460327,
        "mean": 20.0477046967,
        "median": 19.4331932068,
        "min": 1.99742257595,
        "stdev": 7.1016254425,
        "var": 50.4330863953
    },
    "melbands_flatness_db": {
        "dmean": 0.0388055182993,
        "dmean2": 0.0586776323617,
        "dvar": 0.00154610630125,
        "dvar2": 0.00345951900817,
        "max": 0.504306077957,
        "mean": 0.248188704252,
        "median": 0.246520534158,
        "min": 0.00528448726982,
        "stdev": 0.0747283697128,
        "var": 0.00558432890102
    },
    "melbands_kurtosis": {
        "dmean": 15.6829252243,
        "dmean2": 23.8784618378,
        "dvar": 839.515197754,
        "dvar2": 1789.84997559,
        "max": 775.026184082,
        "mean": 28.1273498535,
        "median": 17.1963291168,
        "min": -1.45307934284,
        "stdev": 41.31508255,
        "var": 1706.93603516
    },
    "melbands_skewness": {
        "dmean": 1.1125112772,
        "dmean2": 1.69515252113,
        "dvar": 1.23061716557,
        "dvar2": 2.51196169853,
        "max": 20.3491077423,
        "mean": 3.85134410858,
        "median": 3.47162151337,
        "min": -0.172847300768,
        "stdev": 2.1923224926,
        "var": 4.80627775192
    },
    "melbands_spread": {
        "dmean": 6.72108459473,
        "dmean2": 10.7604646683,
        "dvar": 96.439491272,
        "dvar2": 230.892669678,
        "max": 114.249900818,
        "mean": 15.9607639313,
        "median": 12.2958288193,
        "min": 0.5050355196,
        "stdev": 12.995844841,
        "var": 168.891983032
    },
    "pitch_salience": {
        "dmean": 0.0950284600258,
        "dmean2": 0.153242126107,
        "dvar": 0.00835682172328,
        "dvar2": 0.0211094450206,
        "max": 0.832032978535,
        "mean": 0.433684110641,
        "median": 0.431896477938,
        "min": 0.0946272984147,
        "stdev": 0.136695548892,
        "var": 0.0186856742948
    },
    "silence_rate_20dB": {
        "dmean": 0,
        "dmean2": 0,
        "dvar": 0,
        "dvar2": 0,
        "max": 1,
        "mean": 1,
        "median": 1,
        "min": 1,
        "stdev": 0,
        "var": 0
    },
    "silence_rate_30dB": {
        "dmean": 0.157894730568,
        "dmean2": 0.315259486437,
        "dvar": 0.132964804769,
        "dvar2": 0.288686335087,
        "max": 1,
        "mean": 0.740139186382,
        "median": 1,
        "min": 0,
        "stdev": 0.438555002213,
        "var": 0.192330494523
    },
    "silence_rate_60dB": {
        "dmean": 0.00232198135927,
        "dmean2": 0.00464755995199,
        "dvar": 0.00231667701155,
        "dvar2": 0.00462582334876,
        "max": 1,
        "mean": 0.00309358071536,
        "median": 0,
        "min": 0,
        "stdev": 0.0555335693061,
        "var": 0.0030839771498
    },
    "spectral_centroid": {
        "dmean": 306.138458252,
        "dmean2": 480.805175781,
        "dvar": 194982.21875,
        "dvar2": 366664.90625,
        "max": 10810.3583984,
        "mean": 1176.55810547,
        "median": 1101.06420898,
        "min": 171.697235107,
        "stdev": 584.519348145,
        "var": 341662.84375
    },
    "spectral_complexity": {
        "dmean": 4.62925720215,
        "dmean2": 7.54221534729,
        "dvar": 33.31224823,
        "dvar2": 86.6958236694,
        "max": 48,
        "mean": 19.3789634705,
        "median": 18,
        "min": 0,
        "stdev": 7.86114883423,
        "var": 61.7976608276
    },
    "spectral_decrease": {
        "dmean": 6.41907860199e-09,
        "dmean2": 9.98197169366e-09,
        "dvar": 4.37211342023e-17,
        "dvar2": 1.06671994185e-16,
        "max": 7.57154741844e-29,
        "mean": -1.95560296845e-08,
        "median": -1.79944894541e-08,
        "min": -5.55742261099e-08,
        "stdev": 1.06200399586e-08,
        "var": 1.12785242724e-16
    },
    "spectral_energy": {
        "dmean": 0.0247142761946,
        "dmean2": 0.0385306626558,
        "dvar": 0.000642327126116,
        "dvar2": 0.0015671964502,
        "max": 0.21268029511,
        "mean": 0.0765865147114,
        "median": 0.0711496993899,
        "min": 1.11459412913e-20,
        "stdev": 0.0403135232627,
        "var": 0.00162518001162
    },
    "spectral_energyband_high": {
        "dmean": 0.00101180642378,
        "dmean2": 0.00172147608828,
        "dvar": 4.47165075457e-06,
        "dvar2": 1.24587268147e-05,
        "max": 0.0151838092133,
        "mean": 0.00144023436587,
        "median": 0.000815655454062,
        "min": 8.26936739675e-21,
        "stdev": 0.00198936951347,
        "var": 3.95759116145e-06
    },
    "spectral_energyband_low": {
        "dmean": 0.0225273538381,
        "dmean2": 0.0346090309322,
        "dvar": 0.000643125094939,
        "dvar2": 0.00159019092098,
        "max": 0.205483540893,
        "mean": 0.0508724488318,
        "median": 0.0411190129817,
        "min": 3.19583866349e-23,
        "stdev": 0.0405736230314,
        "var": 0.00164621893782
    },
    "spectral_energyband_middle_high": {
        "dmean": 0.00302530010231,
        "dmean2": 0.00449056178331,
        "dvar": 1.47517848745e-05,
        "dvar2": 3.44832878909e-05,
        "max": 0.0498855374753,
        "mean": 0.00753837823868,
        "median": 0.00543989613652,
        "min": 1.62300015448e-21,
        "stdev": 0.00712419580668,
        "var": 5.07541626575e-05
    },
    "spectral_energyband_middle_low": {
        "dmean": 0.00887670647353,
        "dmean2": 0.0151812909171,
        "dvar": 0.000167284757481,
        "dvar2": 0.000468494486995,
        "max": 0.128001689911,
        "mean": 0.0185054764152,
        "median": 0.0161143504083,
        "min": 2.8559104846e-22,
        "stdev": 0.0130588989705,
        "var": 0.000170534840436
    },
    "spectral_entropy": {
        "dmean": 0.220419257879,
        "dmean2": 0.340303480625,
        "dvar": 0.0611763112247,
        "dvar2": 0.139395788312,
        "max": 9.80780601501,
        "mean": 7.53029823303,
        "median": 7.58096933365,
        "min": 5.52641153336,
        "stdev": 0.424924850464,
        "var": 0.180561125278
    },
    "spectral_flux": {
        "dmean": 0.047728497535,
        "dmean2": 0.0737812817097,
        "dvar": 0.00228453823365,
        "dvar2": 0.00440616905689,
        "max": 0.42134681344,
        "mean": 0.136901855469,
        "median": 0.117452204227,
        "min": 1.05574340936e-10,
        "stdev": 0.0678841620684,
        "var": 0.00460825953633
    },
    "spectral_kurtosis": {
        "dmean": 1.34127616882,
        "dmean2": 2.09427523613,
        "dvar": 3.24572491646,
        "dvar2": 7.67568683624,
        "max": 25.0554523468,
        "mean": 3.89923024178,
        "median": 3.57036781311,
        "min": -1.20386838913,
        "stdev": 2.47659993172,
        "var": 6.1335477829
    },
    "spectral_rms": {
        "dmean": 0.00140983529855,
        "dmean2": 0.00216876110062,
        "dvar": 1.89435502307e-06,
        "dvar2": 4.40024723503e-06,
        "max": 0.0144046163186,
        "mean": 0.00831259135157,
        "median": 0.00833152700216,
        "min": 3.29758833087e-12,
        "stdev": 0.00237056147307,
        "var": 5.61956130696e-06
    },
    "spectral_rolloff": {
        "dmean": 494.014160156,
        "dmean2": 857.092346191,
        "dvar": 1178238.875,
        "dvar2": 2480219.5,
        "max": 18626.2207031,
        "mean": 861.210754395,
        "median": 473.73046875,
        "min": 64.599609375,
        "stdev": 1185.58190918,
        "var": 1405604.375
    },
    "spectral_skewness": {
        "dmean": 0.242290392518,
        "dmean2": 0.37067475915,
        "dvar": 0.0829372256994,
        "dvar2": 0.19508010149,
        "max": 4.34029483795,
        "mean": 1.59514403343,
        "median": 1.63480079174,
        "min": 0.0265012048185,
        "stdev": 0.466411978006,
        "var": 0.217540130019
    },
    "spectral_spread": {
        "dmean": 644058.875,
        "dmean2": 937680.4375,
        "dvar": 1.36515957555e+12,
        "dvar2": 1.78790570394e+12,
        "max": 40805968,
        "mean": 5534504,
        "median": 5409909,
        "min": 1738449.75,
        "stdev": 1551151.5,
        "var": 2.40607087821e+12
    },
    "spectral_strongpeak": {
        "dmean": 0.441556245089,
        "dmean2": 0.773980975151,
        "dvar": 0.869062006474,
        "dvar2": 2.31511449814,
        "max": 10.2477121353,
        "mean": 0.772361457348,
        "median": 0.477645903826,
        "min": 0,
        "stdev": 1.08568322659,
        "var": 1.17870807648
    },
    "zerocrossingrate": {
        "dmean": 0.0102331200615,
        "dmean2": 0.0121317654848,
        "dvar": 0.000293566990877,
        "dvar2": 0.000331453891704,
        "max": 0.4951171875,
        "mean": 0.0429003983736,
        "median": 0.037109375,
        "min": 0.0009765625,
        "stdev": 0.0293113179505,
        "var": 0.000859153398778
    },
    "barkbands": {
        "dmean": [0.00250888150185, 0.0200599245727, 0.00518944254145, 0.00318483263254, 0.00459294067696, 0.00164320704062, 0.00118352344725, 0.00121198396664, 0.00084332562983, 0.00133386242669, 0.00120229274035, 0.000419478339609, 0.000470694823889, 0.000203524192329, 0.000244331022259, 0.000521847687196, 0.000368440640159, 0.000184165168321, 0.000259336084127, 0.000127962557599, 0.000283761968603, 0.000217130422243, 0.000250658165896, 0.000116910356155, 0.000163992997841, 3.74006667698e-05, 3.45814737557e-06],
        "dmean2": [0.00343099446036, 0.0314926616848, 0.00937256030738, 0.00585728604347, 0.00776717951521, 0.00269073550589, 0.00190982071217, 0.00187857937999, 0.00126527447719, 0.00208775233477, 0.00188196217641, 0.000683891761582, 0.000720048614312, 0.000325890898239, 0.000397359661292, 0.000851879769471, 0.000599816965405, 0.000318739272188, 0.000445557700004, 0.000204778218176, 0.000501188798808, 0.000368366425391, 0.000443302560598, 0.000202333525522, 0.000277290062513, 5.8081233874e-05, 5.81511903874e-06],
        "dvar": [9.2677455541e-06, 0.000599776976742, 0.000115556038509, 5.90160998399e-05, 5.3058964113e-05, 7.54898201194e-06, 4.966000688e-06, 4.31710304838e-06, 2.67492919193e-06, 7.36903166398e-06, 7.53125959818e-06, 6.7913725843e-07, 1.24969244553e-06, 1.84525376312e-07, 1.59960279689e-07, 1.47642708725e-06, 3.45640899013e-07, 1.0274962392e-07, 1.96335221858e-07, 5.84496433476e-08, 3.20096091855e-07, 1.56190978373e-07, 2.91583091894e-07, 6.53178275911e-08, 9.73645413183e-08, 3.05521052901e-09, 7.95202653725e-11],
        "dvar2": [1.75030236278e-05, 0.00156212761067, 0.000319395971019, 0.000167649821378, 0.000143368073623, 2.08260862564e-05, 1.31515225803e-05, 9.99011353997e-06, 5.7475867834e-06, 1.73864191311e-05, 1.70721887116e-05, 1.71482497535e-06, 2.82675227936e-06, 4.24016036504e-07, 3.89215927044e-07, 3.67607458429e-06, 8.99041253888e-07, 2.90491044552e-07, 5.35681124347e-07, 1.40367760082e-07, 8.97656832421e-07, 4.30072248037e-07, 7.60733371408e-07, 1.69125726757e-07, 2.59388116319e-07, 7.3072072837e-09, 2.04453981523e-10],
        "max": [0.0340623408556, 0.173011809587, 0.0693423673511, 0.0515392124653, 0.111557304859, 0.0354234613478, 0.0297530610114, 0.0229099988937, 0.0196319371462, 0.0390666425228, 0.0455997958779, 0.0101197641343, 0.0146289430559, 0.00701403664425, 0.00686160288751, 0.0159640163183, 0.00974231958389, 0.00287534296513, 0.00388699583709, 0.00486237928271, 0.00373177137226, 0.0029236394912, 0.00517380284145, 0.00260310084559, 0.00315945036709, 0.000694168382324, 9.83182617347e-05],
        "mean": [0.00432370696217, 0.0398686528206, 0.00539428275079, 0.00272157276049, 0.00715087261051, 0.00274741556495, 0.00182999111712, 0.00177217042074, 0.00129813223612, 0.00210821162909, 0.00186404515989, 0.00062474590959, 0.000652980757877, 0.000295838777674, 0.000347833381966, 0.000833875092212, 0.000642686325591, 0.000236619656789, 0.00032193728839, 0.00022111274302, 0.000336891243933, 0.000301496271277, 0.000285378890112, 0.000125355552882, 0.000216102213017, 6.17189434706e-05, 2.92359050036e-06],
        "median": [0.00200984650292, 0.0309804324061, 0.0024306490086, 0.000903224630747, 0.00453722570091, 0.00133526721038, 0.000771164428443, 0.000744332675822, 0.000429342355346, 0.000626560067758, 0.000712708104402, 0.000241329151322, 0.000147593134898, 0.000118966425362, 0.0001386031945, 0.000266727904091, 0.000398467615014, 0.000115457893116, 0.000183875410585, 0.000112001762318, 0.000178774702363, 0.000154557914357, 9.49403402046e-05, 4.35863839812e-05, 0.000100816178019, 3.57867102139e-05, 4.85740827116e-07],
        "min": [1.87696100927e-24, 1.73969136259e-23, 9.70148004331e-24, 3.68030512442e-24, 3.47210784991e-23, 2.01927881353e-23, 6.52560697602e-23, 2.97870249051e-23, 1.18785501283e-22, 9.18627893041e-23, 6.20620098202e-23, 8.96445250604e-23, 9.17737237525e-23, 2.08280534047e-22, 2.13265402905e-22, 8.23161902666e-23, 1.78656017643e-22, 1.83145734288e-22, 3.32510904759e-22, 3.03047189763e-22, 3.4680377694e-22, 5.45386824947e-22, 6.39935426887e-22, 8.44321891069e-22, 1.07521140585e-21, 2.09607163324e-21, 2.65312789454e-21],
        "stdev": [0.00533897103742, 0.0359215587378, 0.00913020316511, 0.00609980197623, 0.00806373544037, 0.00369192915969, 0.00291252112947, 0.00272041233256, 0.00226612156257, 0.00392954098061, 0.00414468534291, 0.00108821853064, 0.00136206380557, 0.000531289842911, 0.000601021107286, 0.00181219528895, 0.000816386484075, 0.000337731500622, 0.000426862097811, 0.000388190965168, 0.0005005041603, 0.000403413549066, 0.000564957270399, 0.0002615195408, 0.000319749262417, 7.03616897226e-05, 8.08282038633e-06],
        "var": [2.85046135104e-05, 0.00129035837017, 8.33606100059e-05, 3.72075846826e-05, 6.50238362141e-05, 1.3630340618e-05, 8.48277886689e-06, 7.40064342608e-06, 5.13530721946e-06, 1.54412919073e-05, 1.71784158738e-05, 1.18421951356e-06, 1.85521776075e-06, 2.82268871388e-07, 3.61226398127e-07, 3.28405167238e-06, 6.66486926093e-07, 1.14062558509e-07, 1.82211252309e-07, 1.50692216039e-07, 2.50504399446e-07, 1.62742480825e-07, 3.19176706398e-07, 6.83924739064e-08, 1.02239596345e-07, 4.95076735163e-09, 6.53319828792e-11]
    },
    "erbbands": {
        "dmean": [0.882278680801, 3.8377969265, 5.47671461105, 9.2237071991, 13.8029727936, 16.3183269501, 12.537820816, 12.6195459366, 17.2473220825, 17.9045448303, 26.8361606598, 17.8230266571, 38.1926803589, 39.6722335815, 34.2557792664, 17.6256809235, 20.3022689819, 12.7509479523, 10.6649417877, 18.9343128204, 22.6708068848, 17.3837280273, 10.594619751, 12.9716615677, 10.4493198395, 5.81126976013, 10.665719986, 10.2535686493, 8.17681980133, 8.00508880615, 6.90730237961, 2.73979401588, 2.29413557053, 2.21229195595, 0.893452763557, 0.252631872892, 0.051325481385, 0.0101612294093, 0.000404533639085, 3.30683396896e-05],
        "dmean2": [1.25609183311, 6.3749423027, 9.36249256134, 16.8659381866, 24.5341186523, 27.2734069824, 20.4975719452, 21.0294113159, 28.8260364532, 27.4563598633, 41.7296829224, 26.3724040985, 58.9766578674, 59.1835594177, 55.0259666443, 27.7961540222, 31.01537323, 19.6728057861, 16.7988986969, 29.6466522217, 36.2566452026, 28.2530326843, 17.8386249542, 23.0933856964, 17.2706375122, 9.35863208771, 18.8864498138, 17.9742240906, 13.7673768997, 13.9629325867, 12.3079528809, 4.55087471008, 4.11506032944, 3.88518619537, 1.44493794441, 0.391656041145, 0.0790692195296, 0.0160992946476, 0.000660969351884, 5.18054002896e-05],
        "dvar": [1.01811265945, 32.0800285339, 107.828269958, 468.704223633, 709.94354248, 724.331726074, 547.360900879, 575.996826172, 1195.93945312, 1078.13330078, 2216.09838867, 1094.90808105, 7353.12060547, 10676.5019531, 4199.17822266, 1052.75146484, 2580.5456543, 657.735412598, 365.946777344, 1534.46252441, 1553.92810059, 917.544921875, 249.775421143, 613.02545166, 241.056381226, 89.3227310181, 463.277282715, 409.267425537, 206.315917969, 282.865905762, 230.855697632, 33.4637565613, 28.7820663452, 21.6394615173, 1.99507129192, 0.130815505981, 0.00570993917063, 0.000423606019467, 1.08477127014e-06, 1.22267773683e-09],
        "dvar2": [2.2769010067, 86.0488815308, 284.434753418, 1312.10986328, 2006.63635254, 1868.42504883, 1492.953125, 1605.86853027, 3332.95263672, 2426.14477539, 4924.75390625, 2229.52807617, 16003.1591797, 22897.0878906, 11059.1298828, 2496.58276367, 5705.55322266, 1502.9543457, 844.113952637, 3468.38623047, 3908.47485352, 2616.42749023, 698.335266113, 1717.30419922, 624.585449219, 220.149765015, 1280.17407227, 1139.23706055, 562.266967773, 773.688354492, 610.045654297, 80.400138855, 78.9093933105, 58.4304924011, 4.79682636261, 0.313309252262, 0.0134167131037, 0.00103222788312, 2.77651020042e-06, 2.99678548643e-09],
        "max": [7.67443084717, 44.9973716736, 73.1623687744, 137.536514282, 289.15826416, 362.170135498, 384.684112549, 265.293304443, 418.282196045, 485.350067139, 537.345947266, 515.461730957, 1344.25939941, 1648.8092041, 824.216674805, 427.707977295, 767.749816895, 394.441040039, 311.499053955, 509.078338623, 520.961547852, 690.314758301, 181.739761353, 171.167572021, 146.420913696, 159.321411133, 199.732330322, 208.321258545, 108.29675293, 134.053039551, 122.442428589, 73.9353485107, 51.1354675293, 46.74061203, 15.0966835022, 4.12707281113, 1.09734141827, 0.216066092253, 0.0124072786421, 0.000280667736661],
        "mean": [1.7229398489, 6.52898406982, 7.22013950348, 8.4670381546, 16.7630958557, 25.4882183075, 22.7628707886, 20.186882019, 27.1414012909, 28.6238822937, 42.8467636108, 30.065076828, 63.0241127014, 69.5735244751, 52.4237174988, 28.832780838, 29.6406936646, 20.7902641296, 16.8060913086, 31.8727035522, 39.9668121338, 30.9383964539, 16.0138301849, 15.2007007599, 14.8915977478, 10.1891508102, 12.8915300369, 12.8439292908, 11.4670658112, 9.52798366547, 7.59412384033, 3.1257724762, 2.21407818794, 2.5069475174, 1.38602888584, 0.419123888016, 0.0841898471117, 0.0119994897395, 0.000437013601186, 0.000100436220237],
        "median": [1.21998262405, 4.33393335342, 3.23833680153, 3.63548135757, 7.22237539291, 14.0729141235, 10.4920969009, 9.46303081512, 11.7935810089, 12.4619979858, 18.2916374207, 12.335231781, 17.8501720428, 23.1252288818, 23.9648838043, 12.2874526978, 8.45777130127, 8.21945762634, 7.79421234131, 11.6545238495, 20.499956131, 21.7987041473, 8.78293228149, 8.07392120361, 8.33314609528, 5.55103969574, 6.81973600388, 6.52108955383, 5.96032142639, 3.7766187191, 2.40419268608, 0.951171576977, 0.789473414421, 0.992020726204, 0.701278984547, 0.236445426941, 0.0497768111527, 0.00499678310007, 0.000169154431205, 9.67101514107e-05],
        "min": [5.75400293952e-22, 3.59920017012e-21, 1.04154051011e-20, 1.59023081694e-20, 4.99189993367e-20, 1.30171293347e-19, 1.2441022595e-19, 2.25988405837e-19, 1.05617098608e-18, 4.62131797862e-19, 1.1507858691e-18, 3.00425277637e-18, 2.52738398041e-18, 3.12570150185e-18, 2.58911543555e-18, 3.75131825826e-18, 4.19137420823e-18, 6.91800800703e-18, 1.13807826558e-17, 1.12623568618e-17, 5.16572183229e-18, 9.13917696251e-18, 1.12889738796e-17, 1.21638182934e-17, 1.530003719e-17, 1.49845935177e-17, 1.48687038595e-17, 1.3848596604e-17, 1.59420898183e-17, 2.56207696928e-17, 1.51635920936e-17, 1.68417397244e-17, 1.44257089368e-17, 9.64762834143e-18, 8.73531181869e-18, 8.10745939989e-18, 4.18333814858e-18, 1.56415831668e-18, 3.83573602058e-19, 3.7193908056e-20],
        "stdev": [1.63155853748, 7.37513303757, 10.3008451462, 17.230348587, 24.6775512695, 33.9161071777, 34.0510444641, 28.0365772247, 41.79845047, 43.736618042, 65.5760345459, 49.0649719238, 128.449615479, 164.58833313, 82.9382095337, 46.0553321838, 60.2186393738, 34.8693504333, 27.33385849, 59.0779838562, 60.4824905396, 37.7568054199, 19.5258350372, 21.8822097778, 18.6313056946, 14.8639431, 19.4568367004, 18.5661067963, 15.0416059494, 16.6148834229, 15.4382610321, 6.68195056915, 4.78502130508, 4.41513109207, 1.78146386147, 0.486155837774, 0.0973220318556, 0.0211470015347, 0.000953577749897, 4.84076081193e-05],
        "var": [2.66198325157, 54.3925895691, 106.107406616, 296.884887695, 608.981567383, 1150.30224609, 1159.47351074, 786.049682617, 1747.1105957, 1912.89172363, 4300.21630859, 2407.37133789, 16499.3046875, 27089.3183594, 6878.74707031, 2121.09350586, 3626.28466797, 1215.87158203, 747.139770508, 3490.20800781, 3658.1315918, 1425.57641602, 381.258239746, 478.83114624, 347.125579834, 220.936798096, 378.568511963, 344.7003479, 226.249923706, 276.054351807, 238.339904785, 44.6484603882, 22.8964290619, 19.4933834076, 3.17361354828, 0.23634749651, 0.00947157759219, 0.000447195663583, 9.09310472252e-07, 2.34329666782e-09]
    },
    "gfcc": {
        "mean": [46.1751060486, 90.2605285645, -92.6293182373, 40.1319160461, -53.0658950806, 22.7402687073, -30.8819084167, 19.0379047394, -22.5863227844, 7.16715526581, -20.8823318481, 12.636218071, -3.46958994865],
        "cov": [[3553.48413086, -539.284973145, -413.13079834, -25.6441383362, -246.576934814, 157.331710815, -100.638175964, 130.379470825, -116.932830811, 67.3046722412, -133.379852295, -20.6985645294, -110.595199585], [-539.284973145, 701.818786621, 102.739784241, -81.230682373, 162.480453491, -66.6261291504, 121.776412964, 36.4949493408, 61.5286483765, 4.22182130814, 108.834083557, 28.3406410217, 68.3143005371], [-413.13079834, 102.739784241, 516.899597168, 164.121871948, 33.4471511841, 64.1671905518, 81.8695068359, 3.73242259026, 48.9172592163, -18.2536334991, 49.4072265625, 53.3280944824, 31.3348274231], [-25.6441383362, -81.230682373, 164.121871948, 428.683837891, 29.9961490631, -56.4582519531, -75.7462234497, -59.9302368164, 102.014968872, -11.9937782288, 35.455871582, 2.10846972466, 52.6436042786], [-246.576934814, 162.480453491, 33.4471511841, 29.9961490631, 242.866775513, 15.9267454147, 66.8466796875, 38.799949646, 60.2335700989, 37.5582847595, 27.6478805542, 5.89117765427, 32.2443084717], [157.331710815, -66.6261291504, 64.1671905518, -56.4582519531, 15.9267454147, 251.626281738, 127.552574158, 63.3615379333, -27.9029483795, 2.44610953331, 1.38408112526, -9.73307991028, -8.81649112701], [-100.638175964, 121.776412964, 81.8695068359, -75.7462234497, 66.8466796875, 127.552574158, 229.931304932, 85.9503631592, -20.0474033356, 3.94551134109, 27.4226455688, 42.2984542847, 18.2378387451], [130.379470825, 36.4949493408, 3.73242259026, -59.9302368164, 38.799949646, 63.3615379333, 85.9503631592, 124.152755737, 30.5070514679, 31.5034008026, 18.5391712189, 19.2522621155, 8.77025699615], [-116.932830811, 61.5286483765, 48.9172592163, 102.014968872, 60.2335700989, -27.9029483795, -20.0474033356, 30.5070514679, 175.095718384, 58.1887741089, 32.700843811, 12.8399858475, 35.5319023132], [67.3046722412, 4.22182130814, -18.2536334991, -11.9937782288, 37.5582847595, 2.44610953331, 3.94551134109, 31.5034008026, 58.1887741089, 111.066925049, 29.6282749176, 1.98155355453, 10.7878761292], [-133.379852295, 108.834083557, 49.4072265625, 35.455871582, 27.6478805542, 1.38408112526, 27.4226455688, 18.5391712189, 32.700843811, 29.6282749176, 115.56073761, 32.5267944336, 29.9090671539], [-20.6985645294, 28.3406410217, 53.3280944824, 2.10846972466, 5.89117765427, -9.73307991028, 42.2984542847, 19.2522621155, 12.8399858475, 1.98155355453, 32.5267944336, 124.946350098, 50.4213905334], [-110.595199585, 68.3143005371, 31.3348274231, 52.6436042786, 32.2443084717, -8.81649112701, 18.2378387451, 8.77025699615, 35.5319023132, 10.7878761292, 29.9090671539, 50.4213905334, 95.0180511475]],
        "icov": [[0.000502216455061, -0.000179867871339, 0.000482354284031, -0.000668617489282, 0.000496467982884, -0.000615879427642, 0.000584771216381, -0.00107776327059, 0.000674660375807, -0.000750002509449, 0.000691723078489, -0.00067855551606, 0.000662055797875], [-0.000179867871339, 0.00333668617532, -0.000925939471927, 0.00216722069308, -0.00163641013205, 0.00244706915691, -0.00217024120502, 0.00117180356756, -0.00164957053494, 0.00216991873458, -0.00306351110339, 0.00224161008373, -0.00226760981604], [0.000482354284031, -0.000925939471927, 0.00336343306117, -0.00218074722216, 0.000884037232026, -0.0017386918189, -0.000107120533357, -0.000556965533178, 0.000317277066642, -0.000542838301044, 0.000770166749135, -0.00209395005368, 0.00174853450153], [-0.000668617489282, 0.00216722069308, -0.00218074722216, 0.00600244803354, -0.00179610878695, 0.00212418870069, -0.000891435192898, 0.00349689042196, -0.00381569284946, 0.00341155263595, -0.00331951957196, 0.00296694296412, -0.00377782993019], [0.000496467982884, -0.00163641013205, 0.000884037232026, -0.00179610878695, 0.00647036824375, -0.00103804364335, -0.000689078471623, -0.00154512457084, -6.16187317064e-05, -0.00247452524491, 0.00182732124813, -0.000390311091905, 0.000376712850993], [-0.000615879427642, 0.00244706915691, -0.0017386918189, 0.00212418870069, -0.00103804364335, 0.00852343905717, -0.00514898775145, 0.000202411349164, -0.000926177308429, 0.00176722987089, -0.00234147789888, 0.0040524629876, -0.00223465589806], [0.000584771216381, -0.00217024120502, -0.000107120533357, -0.000891435192898, -0.000689078471623, -0.00514898775145, 0.0115111935884, -0.00582214677706, 0.0035735629499, -0.00113190314732, 0.00153686490376, -0.00398285733536, 0.00127609446645], [-0.00107776327059, 0.00117180356756, -0.000556965533178, 0.00349689042196, -0.00154512457084, 0.000202411349164, -0.00582214677706, 0.0164678245783, -0.0054909447208, 0.000646288448479, -0.0026091511827, 0.00108994077891, -0.00148716941476], [0.000674660375807, -0.00164957053494, 0.000317277066642, -0.00381569284946, -6.16187317064e-05, -0.000926177308429, 0.0035735629499, -0.0054909447208, 0.0117780948058, -0.00594809278846, 0.00204092124477, -0.00179311702959, 0.000316531397402], [-0.000750002509449, 0.00216991873458, -0.000542838301044, 0.00341155263595, -0.00247452524491, 0.00176722987089, -0.00113190314732, 0.000646288448479, -0.00594809278846, 0.0150231001899, -0.00535432901233, 0.00276993773878, -0.00224868603982], [0.000691723078489, -0.00306351110339, 0.000770166749135, -0.00331951957196, 0.00182732124813, -0.00234147789888, 0.00153686490376, -0.0026091511827, 0.00204092124477, -0.00535432901233, 0.014323361218, -0.00421850662678, 0.00127596210223], [-0.00067855551606, 0.00224161008373, -0.00209395005368, 0.00296694296412, -0.000390311091905, 0.0040524629876, -0.00398285733536, 0.00108994077891, -0.00179311702959, 0.00276993773878, -0.00421850662678, 0.014226927422, -0.00804795790464], [0.000662055797875, -0.00226760981604, 0.00174853450153, -0.00377782993019, 0.000376712850993, -0.00223465589806, 0.00127609446645, -0.00148716941476, 0.000316531397402, -0.00224868603982, 0.00127596210223, -0.00804795790464, 0.0180047675967]]
    },
    "melbands": {
        "dmean": [0.00637380126864, 0.00311358831823, 0.00163373956457, 0.00110038637649, 0.000466597935883, 0.000295684643788, 0.000256787287071, 0.000201775168534, 0.000223194001592, 0.000111959219794, 0.000193729298189, 0.000160290961503, 0.000128008570755, 5.37717387488e-05, 5.11559701408e-05, 4.51073501608e-05, 2.39929922827e-05, 1.67456892086e-05, 1.96673991013e-05, 4.21173062932e-05, 2.53258494922e-05, 2.09594581975e-05, 1.32547038447e-05, 8.24435301183e-06, 1.12573143269e-05, 1.09586835606e-05, 4.89948479299e-06, 3.89517435906e-06, 5.67279221286e-06, 8.09988523542e-06, 5.62732475373e-06, 4.73898171549e-06, 4.21644290327e-06, 4.89736521558e-06, 4.36394338976e-06, 2.7732774015e-06, 1.3015226159e-06, 1.51316453412e-06, 2.0238230718e-06, 1.85351416349e-06],
        "dmean2": [0.00964596774429, 0.00497284298763, 0.00295807933435, 0.00188689748757, 0.000757152040023, 0.000488989928272, 0.000424199330155, 0.000308388349367, 0.000347814377164, 0.000165864708833, 0.00030000609695, 0.000242418420385, 0.000205045580515, 8.69639552548e-05, 8.19133128971e-05, 7.02577381162e-05, 3.80963356292e-05, 2.68390231213e-05, 3.19638493238e-05, 6.81863311911e-05, 4.11284272559e-05, 3.41750965163e-05, 2.19490084419e-05, 1.44283058034e-05, 2.00491886062e-05, 1.87250752788e-05, 7.65662571212e-06, 6.42332952339e-06, 9.99674102786e-06, 1.44332416312e-05, 9.75020248006e-06, 7.83205996413e-06, 7.36791662348e-06, 8.59021201904e-06, 7.76929482527e-06, 4.76780724057e-06, 2.15161139749e-06, 2.75592424259e-06, 3.65288133253e-06, 3.21884385812e-06],
        "dvar": [5.41068438906e-05, 2.48904889304e-05, 1.30935213747e-05, 3.56274063051e-06, 5.50914478481e-07, 2.73145701613e-07, 2.45768006835e-07, 1.4270607096e-07, 1.5855303559e-07, 5.0181647282e-08, 1.92276601751e-07, 1.59916638154e-07, 6.21727167527e-08, 1.07980717701e-08, 1.07242756897e-08, 1.37078224327e-08, 2.70724553886e-09, 1.02545960612e-09, 1.14402232132e-09, 1.34915003613e-08, 1.55027135573e-09, 1.41871647763e-09, 3.41864925257e-10, 2.31996782896e-10, 4.58864363173e-10, 3.23301302396e-10, 1.42228936961e-10, 3.49672756028e-11, 1.19392343234e-10, 2.72991851347e-10, 1.1556056112e-10, 5.87123891171e-11, 7.28857321719e-11, 1.04285684255e-10, 8.73597583162e-11, 3.49755571727e-11, 7.42446729096e-12, 1.28272869757e-11, 2.13381829567e-11, 1.37157828498e-11],
        "dvar2": [0.00013148279686, 6.24595122645e-05, 3.69473928004e-05, 9.80216191238e-06, 1.4275135527e-06, 7.59302565712e-07, 6.76330614624e-07, 3.24254330053e-07, 3.40155935419e-07, 1.02738908936e-07, 4.24953924494e-07, 3.44445481915e-07, 1.5757208871e-07, 2.81262853008e-08, 2.55984566877e-08, 3.09650367569e-08, 6.32538910139e-09, 2.32397145972e-09, 2.74678257917e-09, 3.35133663043e-08, 3.78435194293e-09, 4.02922317733e-09, 8.66351712592e-10, 6.47463749281e-10, 1.27980659403e-09, 8.64839810877e-10, 3.3110766906e-10, 8.82381251399e-11, 3.23615051423e-10, 7.71510522135e-10, 3.15424880659e-10, 1.53012935655e-10, 2.04431471751e-10, 2.76553807632e-10, 2.30315724825e-10, 8.74680952667e-11, 1.75366474814e-11, 3.50257392534e-11, 5.92210239181e-11, 3.62702576306e-11],
        "max": [0.0512656979263, 0.0421215817332, 0.0226819235831, 0.0290869288146, 0.0106022506952, 0.00592934992164, 0.00601098872721, 0.00579316914082, 0.00399096542969, 0.00364124309272, 0.00660332199186, 0.00605885870755, 0.00330052850768, 0.00167781545315, 0.0010903814109, 0.00160990539007, 0.000878158723935, 0.000490322650876, 0.000607211724855, 0.00150389515329, 0.000481492228573, 0.000804985465948, 0.000185235971003, 0.000147448459757, 0.000157732647494, 0.000161900563398, 0.000270952441497, 8.37749321363e-05, 0.000137785245897, 0.000101079553133, 0.00013749943173, 7.94270745246e-05, 5.62321147299e-05, 9.84882353805e-05, 8.04509036243e-05, 6.88677973812e-05, 3.62786850019e-05, 3.40214501193e-05, 3.68713263015e-05, 4.22066659667e-05],
        "mean": [0.0129179209471, 0.00522697065026, 0.00166473421268, 0.00158579403069, 0.000857289298438, 0.000480892980704, 0.000416434777435, 0.000314115808578, 0.000354129966581, 0.000179581693374, 0.00031259568641, 0.000271909695584, 0.000195458793314, 8.25921742944e-05, 7.38850649213e-05, 6.0881691752e-05, 3.5917830246e-05, 2.44062630372e-05, 2.72400193353e-05, 6.8647088483e-05, 4.17780283897e-05, 3.52516581188e-05, 2.06171953323e-05, 9.97169809125e-06, 1.23190930026e-05, 1.32019431476e-05, 8.21573848953e-06, 6.3449128902e-06, 7.04561944076e-06, 8.72273722052e-06, 7.17939792594e-06, 6.88997852194e-06, 4.9783252507e-06, 5.56714576305e-06, 4.73447107652e-06, 2.93755920211e-06, 1.45160515785e-06, 1.37250628995e-06, 1.93638970813e-06, 2.18796299123e-06],
        "median": [0.0100218933076, 0.00277994107455, 0.000805717369076, 0.000894259719644, 0.000450165796792, 0.000229186844081, 0.000181374256499, 0.000135198613862, 0.000135385387694, 6.51145528536e-05, 7.90886115283e-05, 8.41131040943e-05, 8.62784945639e-05, 3.63663966709e-05, 2.24051091209e-05, 1.43669549288e-05, 1.25653641589e-05, 9.05839624465e-06, 1.22105902847e-05, 1.71645988303e-05, 2.26086176554e-05, 2.36533032876e-05, 1.16976261779e-05, 4.62161870018e-06, 5.86352189202e-06, 6.92338790031e-06, 3.60239869224e-06, 3.28944543071e-06, 3.80770461561e-06, 4.09808126278e-06, 3.46574688592e-06, 3.60250851372e-06, 2.14705733015e-06, 1.94257108888e-06, 1.46815068547e-06, 8.39868903313e-07, 4.04239187901e-07, 4.05657289093e-07, 6.30158012882e-07, 8.77281820522e-07],
        "min": [4.9728663394e-24, 5.22250807818e-24, 3.3622241801e-24, 6.3810319646e-24, 5.44058630884e-24, 5.91948364845e-24, 1.46290042356e-23, 4.5381298277e-24, 1.14775554063e-23, 1.80701022789e-23, 1.26601423114e-23, 1.31704430203e-23, 7.91864729776e-24, 1.1912190155e-23, 8.82284203391e-24, 9.5624101766e-24, 1.24006757045e-23, 1.98009893227e-23, 1.56347387809e-23, 1.02022024031e-23, 5.65117233306e-24, 9.24439589102e-24, 1.14763358274e-23, 8.83479643206e-24, 9.40606662266e-24, 1.55263792692e-23, 7.49252041398e-24, 1.08193022569e-23, 8.28584942737e-24, 9.07583130393e-24, 8.22383549388e-24, 7.23704149893e-24, 1.33299380736e-23, 1.50298055289e-23, 7.23553004144e-24, 1.0295015833e-23, 1.04374849013e-23, 1.14273988411e-23, 7.6655254991e-24, 7.73781513473e-24],
        "stdev": [0.0113688940182, 0.00628424203023, 0.00293097435497, 0.00199274229817, 0.00111116503831, 0.000639400619548, 0.000631517032161, 0.000495742599014, 0.000565899477806, 0.000325529399561, 0.000654057424981, 0.000633192597888, 0.000341489358107, 0.000132424887852, 0.000133866618853, 0.000138606177643, 6.60554142087e-05, 4.37447888544e-05, 4.58412359876e-05, 0.00017078674864, 5.80177984375e-05, 4.65311495645e-05, 2.51446781476e-05, 1.52950506163e-05, 1.90316841326e-05, 1.81843879545e-05, 1.94102030946e-05, 8.45036265673e-06, 1.04116734292e-05, 1.42924591273e-05, 1.05074295789e-05, 8.74574652698e-06, 7.92477203504e-06, 1.05694225567e-05, 9.67193136603e-06, 6.38488654658e-06, 3.21362313116e-06, 3.18484330819e-06, 3.98845804739e-06, 3.7348229398e-06],
        "var": [0.000129251755425, 3.94916969526e-05, 8.59061037772e-06, 3.97102166971e-06, 1.23468771562e-06, 4.08833130905e-07, 3.98813767788e-07, 2.45760730877e-07, 3.20242207863e-07, 1.05969398589e-07, 4.27791150059e-07, 4.00932890443e-07, 1.1661497723e-07, 1.7536351038e-08, 1.79202714889e-08, 1.92116740294e-08, 4.36331815123e-09, 1.91360660651e-09, 2.10141903878e-09, 2.9168113258e-08, 3.36606476026e-09, 2.1651478388e-09, 6.32254859578e-10, 2.33938562966e-10, 3.62204988225e-10, 3.30671962034e-10, 3.76756015275e-10, 7.1408622071e-11, 1.08402946342e-10, 2.04274389071e-10, 1.10406073173e-10, 7.64880797588e-11, 6.28020066507e-11, 1.1171269465e-10, 9.35462540763e-11, 4.07667753721e-11, 1.0327373505e-11, 1.01432274038e-11, 1.59077959139e-11, 1.39489027967e-11]
    },
    "melbands128": {
