{
"lowlevel": {
    "average_loudness": 0.984580934048,
    "barkbands_crest": {
        "dmean": 3.92079973221,
        "dmean2": 5.87773895264,
        "dvar": 12.4897193909,
        "dvar2": 24.1158447266,
        "max": 26.3020935059,
        "mean": 15.5802106857,
        "median": 14.8010969162,
        "min": 3.4850256443,
        "stdev": 5.48398303986,
        "var": 30.0740680695
    },
    "barkbands_flatness_db": {
        "dmean": 0.0534951873124,
        "dmean2": 0.0843943282962,
        "dvar": 0.00283789285459,
        "dvar2": 0.00640045199543,
        "max": 0.565121352673,
        "mean": 0.215613603592,
        "median": 0.200391829014,
        "min": 0.033176522702,
        "stdev": 0.0907859280705,
        "var": 0.00824208464473
    },
    "barkbands_kurtosis": {
        "dmean": 25.5311985016,
        "dmean2": 39.8199043274,
        "dvar": 4650.48046875,
        "dvar2": 8081.31835938,
        "max": 1148.60437012,
        "mean": 32.3201179504,
        "median": 9.57833862305,
        "min": -1.8121727705,
        "stdev": 88.5492858887,
        "var": 7840.97607422
    },
    "barkbands_skewness": {
        "dmean": 1.57108402252,
        "dmean2": 2.44851589203,
        "dvar": 3.73687052727,
        "dvar2": 7.47050333023,
        "max": 26.0435066223,
        "mean": 3.64986658096,
        "median": 2.73616576195,
        "min": -1.85468864441,
        "stdev": 3.03754687309,
        "var": 9.22669124603
    },
    "barkbands_spread": {
        "dmean": 9.27469444275,
        "dmean2": 15.5680551529,
        "dvar": 164.036407471,
        "dvar2": 371.043792725,
        "max": 102.600860596,
        "mean": 16.2941265106,
        "median": 11.9776382446,
        "min": 0.101835273206,
        "stdev": 16.7190914154,
        "var": 279.528015137
    },
    "dissonance": {
        "dmean": 0.0287449564785,
        "dmean2": 0.0465318411589,
        "dvar": 0.000886718451511,
        "dvar2": 0.00222657807171,
        "max": 0.499408513308,
        "mean": 0.44454652071,
        "median": 0.450786113739,
        "min": 0.0062656449154,
        "stdev": 0.0402696356177,
        "var": 0.00162164354697
    },
    "dynamic_complexity": 1.88178837299,
    "erbbands_crest": {
        "dmean": 3.63222002983,
        "dmean2": 5.64293384552,
        "dvar": 10.7663297653,
        "dvar2": 23.4212322235,
        "max": 30.6458148956,
        "mean": 11.6702222824,
        "median": 10.3712720871,
        "min": 2.2290532589,
        "stdev": 5.80979442596,
        "var": 33.7537117004
    },
    "erbbands_flatness_db": {
        "dmean": 0.028496703133,
        "dmean2": 0.0397800132632,
        "dvar": 0.000774014275521,
        "dvar2": 0.00151008879766,
        "max": 0.377174437046,
        "mean": 0.14644163847,
        "median": 0.139043495059,
        "min": 0.0425203852355,
        "stdev": 0.0580355525017,
        "var": 0.00336812552996
    },
    "erbbands_kurtosis": {
        "dmean": 1.97388315201,
        "dmean2": 3.19931864738,
        "dvar": 9.72244262695,
        "dvar2": 23.299533844,
        "max": 36.2625198364,
        "mean": 1.75835573673,
        "median": 0.685421228409,
        "min": -1.81884431839,
        "stdev": 3.83951878548,
        "var": 14.7419052124
    },
    "erbbands_skewness": {
        "dmean": 0.562202990055,
        "dmean2": 0.85838663578,
        "dvar": 0.328352332115,
        "dvar2": 0.685679197311,
        "max": 5.73925209045,
        "mean": 0.790785491467,
        "median": 0.730688154697,
        "min": -3.55291008949,
        "stdev": 0.967603206635,
        "var": 0.936255991459
    },
    "erbbands_spread": {
        "dmean": 15.526137352,
        "dmean2": 24.2661762238,
        "dvar": 262.494812012,
        "dvar2": 595.049743652,
        "max": 148.710006714,
        "mean": 46.57762146,
        "median": 41.8075408936,
        "min": 3.27857613564,
        "stdev": 25.4879417419,
        "var": 649.635192871
    },
    "hfc": {
        "dmean": 12.7549705505,
        "dmean2": 20.4565448761,
        "dvar": 316.221252441,
        "dvar2": 767.06640625,
        "max": 133.038070679,
        "mean": 22.869720459,
        "median": 18.2546482086,
        "min": 1.23475447027e-16,
        "stdev": 20.3182220459,
        "var": 412.830108643
    },
    "loudness_ebu128": {
        "integrated": -6.98933601379,
        "loudness_range": 1.33253192902,
        "momentary": {
            "dmean": 0.457885593176,
            "dmean2": 0.677350580692,
            "dvar": 0.143890962005,
            "dvar2": 0.35103559494,
            "max": -5.48116588593,
            "mean": -7.13397550583,
            "median": -6.89195775986,
            "min": -15.6867637634,
            "stdev": 1.29035544395,
            "var": 1.6650172472
        },
        "short_term": {
            "dmean": 0.0810026228428,
            "dmean2": 0.103500083089,
            "dvar": 0.00286071863957,
            "dvar2": 0.00527241732925,
            "max": -5.94859409332,
            "mean": -6.91403388977,
            "median": -6.85462188721,
            "min": -8.68903160095,
            "stdev": 0.45587554574,
            "var": 0.207822501659
        }
    },
    "melbands_crest": {
        "dmean": 5.33684206009,
        "dmean2": 8.46893501282,
        "dvar": 21.3381328583,
        "dvar2": 45.6159896851,
        "max": 37.5483322144,
        "mean": 21.992067337,
        "median": 21.6887645721,
        "min": 1.92916285992,
        "stdev": 7.19189834595,
        "var": 51.7234039307
    },
    "melbands_flatness_db": {
        "dmean": 0.0572190284729,
        "dmean2": 0.090682156384,
        "dvar": 0.0034774011001,
        "dvar2": 0.00771895190701,
        "max": 0.684721529484,
        "mean": 0.303891599178,
        "median": 0.291042119265,
        "min": 0.00496204709634,
        "stdev": 0.103163413703,
        "var": 0.0106426896527
    },
    "melbands_kurtosis": {
        "dmean": 44.7224731445,
        "dmean2": 70.407989502,
        "dvar": 6454.06591797,
        "dvar2": 14951.3164062,
        "max": 1227.05419922,
        "mean": 61.0712776184,
        "median": 24.8970336914,
        "min": -1.18715322018,
        "stdev": 101.647125244,
        "var": 10332.1386719
    },
    "melbands_skewness": {
        "dmean": 1.93735444546,
        "dmean2": 2.98260164261,
        "dvar": 4.96946144104,
        "dvar2": 11.3550424576,
        "max": 27.6528720856,
        "mean": 5.07494878769,
        "median": 3.97092056274,
        "min": -1.21879816055,
        "stdev": 3.60424089432,
        "var": 12.9905529022
    },
    "melbands_spread": {
        "dmean": 5.74702215195,
        "dmean2": 9.53093910217,
        "dvar": 82.4986801147,
        "dvar2": 153.941619873,
        "max": 140.085281372,
        "mean": 11.3969945908,
        "median": 8.35017871857,
        "min": 0.160579115152,
        "stdev": 12.5155267715,
        "var": 156.638412476
    },
    "pitch_salience": {
        "dmean": 0.123789489269,
        "dmean2": 0.195221051574,
        "dvar": 0.017051499337,
        "dvar2": 0.0408951379359,
        "max": 0.86625623703,
        "mean": 0.401900440454,
        "median": 0.395873397589,
        "min": 0.0198317468166,
        "stdev": 0.172180816531,
        "var": 0.0296462345868
    },
    "silence_rate_20dB": {
        "dmean": 0,
        "dmean2": 0,
        "dvar": 0,
        "dvar2": 0,
        "max": 1,
        "mean": 1,
        "median": 1,
        "min": 1,
        "stdev": 0,
        "var": 0
    },
    "silence_rate_30dB": {
        "dmean": 0.102167181671,
        "dmean2": 0.204492643476,
        "dvar": 0.0917284935713,
        "dvar2": 0.179718792439,
        "max": 1,
        "mean": 0.780355751514,
        "median": 1,
        "min": 0,
        "stdev": 0.414006143808,
        "var": 0.171401098371
    },
    "silence_rate_60dB": {
        "dmean": 0.0030959751457,
        "dmean2": 0.00542215351015,
        "dvar": 0.00308636273257,
        "dvar2": 0.00694206217304,
        "max": 1,
        "mean": 0.00309358071536,
        "median": 0,
        "min": 0,
        "stdev": 0.0555335693061,
        "var": 0.0030839771498
    },
    "spectral_centroid": {
        "dmean": 377.393829346,
        "dmean2": 569.309753418,
        "dvar": 294093.78125,
        "dvar2": 524964.0625,
        "max": 10652.5019531,
        "mean": 1043.82580566,
        "median": 919.013793945,
        "min": 104.253471375,
        "stdev": 755.417785645,
        "var": 570656
    },
    "spectral_complexity": {
        "dmean": 4.89164066315,
        "dmean2": 7.96591806412,
        "dvar": 35.657043457,
        "dvar2": 84.8647994995,
        "max": 58,
        "mean": 12.5908737183,
        "median": 11,
        "min": 0,
        "stdev": 7.81408834457,
        "var": 61.0599746704
    },
    "spectral_decrease": {
        "dmean": 8.43913205983e-09,
        "dmean2": 1.4097080836e-08,
        "dvar": 1.1679635401e-16,
        "dvar2": 3.26748253359e-16,
        "max": 7.32524324712e-29,
        "mean": -1.75560224136e-08,
        "median": -1.33257032076e-08,
        "min": -6.68555983907e-08,
        "stdev": 1.37180382609e-08,
        "var": 1.88184581973e-16
    },
    "spectral_energy": {
        "dmean": 0.0321474708617,
        "dmean2": 0.0533709228039,
        "dvar": 0.00168955791742,
        "dvar2": 0.00473997928202,
        "max": 0.255189448595,
        "mean": 0.0683348253369,
        "median": 0.0521867051721,
        "min": 1.09231082047e-20,
        "stdev": 0.052115406841,
        "var": 0.00271601555869
    },
    "spectral_energyband_high": {
        "dmean": 0.00100248097442,
        "dmean2": 0.00162495393306,
        "dvar": 2.9685413665e-06,
        "dvar2": 6.63948685542e-06,
        "max": 0.0185019411147,
        "mean": 0.00122660968918,
        "median": 0.000506669224706,
        "min": 7.82887514132e-21,
        "stdev": 0.00205697794445,
        "var": 4.2311580728e-06
    },
    "spectral_energyband_low": {
        "dmean": 0.0303059723228,
        "dmean2": 0.0518803969026,
        "dvar": 0.00162317196373,
        "dvar2": 0.00459068734199,
        "max": 0.238061666489,
        "mean": 0.0522299483418,
        "median": 0.0370904877782,
        "min": 5.03115101184e-23,
        "stdev": 0.0506574362516,
        "var": 0.00256617600098
    },
    "spectral_energyband_middle_high": {
        "dmean": 0.00149728171527,
        "dmean2": 0.00249557127245,
        "dvar": 6.77396610627e-06,
        "dvar2": 1.85604912986e-05,
        "max": 0.0184559337795,
        "mean": 0.00280331145041,
        "median": 0.00175558042247,
        "min": 1.67657776963e-21,
        "stdev": 0.00317627750337,
        "var": 1.00887391454e-05
    },
    "spectral_energyband_middle_low": {
        "dmean": 0.0110798580572,
        "dmean2": 0.0188409145921,
        "dvar": 0.000435023073805,
        "dvar2": 0.00122695788741,
        "max": 0.116500042379,
        "mean": 0.014192353934,
        "median": 0.00974598247558,
        "min": 2.04606259764e-22,
        "stdev": 0.0173288118094,
        "var": 0.000300287705613
    },
    "spectral_entropy": {
        "dmean": 0.351863861084,
        "dmean2": 0.515284776688,
        "dvar": 0.124456234276,
        "dvar2": 0.259043604136,
        "max": 9.80741119385,
        "mean": 7.42576169968,
        "median": 7.47102499008,
        "min": 4.8514213562,
        "stdev": 0.631533920765,
        "var": 0.398835092783
    },
    "spectral_flux": {
        "dmean": 0.0643458887935,
        "dmean2": 0.0962064787745,
        "dvar": 0.00451134843752,
        "dvar2": 0.00808561034501,
        "max": 0.458965361118,
        "mean": 0.142693340778,
        "median": 0.120082810521,
        "min": 1.04513675492e-10,
        "stdev": 0.0963467806578,
        "var": 0.00928270164877
    },
    "spectral_kurtosis": {
        "dmean": 2.76068615913,
        "dmean2": 4.32838010788,
        "dvar": 25.6679286957,
        "dvar2": 63.2019767761,
        "max": 101.726676941,
        "mean": 5.11490058899,
        "median": 3.1340303421,
        "min": -1.23724985123,
        "stdev": 7.43266105652,
        "var": 55.2444534302
    },
    "spectral_rms": {
        "dmean": 0.00174567371141,
        "dmean2": 0.00277614686638,
        "dvar": 3.38066092809e-06,
        "dvar2": 8.79800245457e-06,
        "max": 0.0157786346972,
        "mean": 0.00762823736295,
        "median": 0.00713539496064,
        "min": 3.26445879877e-12,
        "stdev": 0.00291171646677,
        "var": 8.47809315019e-06
    },
    "spectral_rolloff": {
        "dmean": 498.64730835,
        "dmean2": 892.502685547,
        "dvar": 1641154.625,
        "dvar2": 3752345.25,
        "max": 19056.8847656,
        "mean": 701.818664551,
        "median": 344.53125,
        "min": 64.599609375,
        "stdev": 1315.16064453,
        "var": 1729647.625
    },
    "spectral_skewness": {
        "dmean": 0.378175348043,
        "dmean2": 0.577588558197,
        "dvar": 0.203587204218,
        "dvar2": 0.486572176218,
        "max": 7.91822242737,
        "mean": 1.69397342205,
        "median": 1.55303859711,
        "min": 0.000313082273351,
        "stdev": 0.739907920361,
        "var": 0.547463774681
    },
    "spectral_spread": {
        "dmean": 1279687.375,
        "dmean2": 1828922.5,
        "dvar": 2.57602040627e+12,
        "dvar2": 3.69949959782e+12,
        "max": 41454296,
        "mean": 5890837.5,
        "median": 5756597.5,
        "min": 1014877.6875,
        "stdev": 2330440.5,
        "var": 5.43095259136e+12
    },
    "spectral_strongpeak": {
        "dmean": 0.334679812193,
        "dmean2": 0.558044970036,
        "dvar": 0.262203574181,
        "dvar2": 0.552771508694,
        "max": 5.45291233063,
        "mean": 0.634026348591,
        "median": 0.481906056404,
        "min": 0,
        "stdev": 0.606127262115,
        "var": 0.367390275002
    },
    "zerocrossingrate": {
        "dmean": 0.0144330188632,
        "dmean2": 0.01849190332,
        "dvar": 0.00042948796181,
        "dvar2": 0.000500501249917,
        "max": 0.4892578125,
        "mean": 0.0411810278893,
        "median": 0.03271484375,
        "min": 0.00048828125,
        "stdev": 0.0347067303956,
        "var": 0.00120455701835
    },
    "barkbands": {
        "dmean": [0.00166003732011, 0.0216597337276, 0.011923879385, 0.00491130445153, 0.00401998404413, 0.00182244228199, 0.000679113552906, 0.000390247703763, 0.00156901753508, 0.00037509331014, 0.00041598099051, 0.000297012011288, 0.000252174912021, 0.000196704146219, 0.000176863264642, 0.000110846165626, 0.00011479537352, 8.19573178887e-05, 0.000163575256011, 0.000131275592139, 0.000147367289173, 0.000116954419354, 0.000146608290379, 0.000211859674891, 0.00020000571385, 0.000187356548849, 2.28521275858e-05],
        "dmean2": [0.00228998949751, 0.0325614921749, 0.0212834365666, 0.00902189221233, 0.00708829937503, 0.00291929766536, 0.00113158335444, 0.000668690539896, 0.00230061542243, 0.000606050074566, 0.000602666463237, 0.000509536475874, 0.000433165638242, 0.000339642603649, 0.000289296323899, 0.000192376144696, 0.000196044318727, 0.000132666726131, 0.000274086196441, 0.000223349357839, 0.000238308552071, 0.000189525308087, 0.000242377645918, 0.000326681620209, 0.000343730440363, 0.000321716128383, 4.06920771638e-05],
        "dvar": [3.68105679627e-06, 0.00073058961425, 0.000604402332101, 0.000146646241774, 6.0944694269e-05, 7.10974245521e-06, 1.52854954649e-06, 9.43982399804e-07, 5.61999877391e-06, 7.54904363021e-07, 6.97658322224e-07, 5.43720659607e-07, 3.6605044329e-07, 1.5833673217e-07, 9.34357871074e-08, 4.96877561318e-08, 5.046513607e-08, 2.22481624235e-08, 7.41019761108e-08, 5.16212850243e-08, 8.0667170721e-08, 8.30145125974e-08, 8.37056646219e-08, 1.6525132196e-07, 1.57122400424e-07, 1.42481027865e-07, 3.02875080571e-09],
        "dvar2": [6.45394084131e-06, 0.0015358440578, 0.00166867487133, 0.000421143049607, 0.000168707381818, 1.71101946762e-05, 3.89994465877e-06, 2.34582535086e-06, 1.16227165563e-05, 1.52992379299e-06, 1.19725257264e-06, 1.28454996684e-06, 9.80113895821e-07, 4.1820635488e-07, 2.24557538786e-07, 1.35166942528e-07, 1.30526743192e-07, 4.8097550831e-08, 1.96601092739e-07, 1.23702662336e-07, 1.69917086623e-07, 1.8002008062e-07, 1.82807909255e-07, 3.21318509577e-07, 4.09400712442e-07, 3.66347990166e-07, 8.0922095691e-09],
        "max": [0.0124212307855, 0.190662667155, 0.13129773736, 0.0737475752831, 0.0591423735023, 0.0279760826379, 0.0132351107895, 0.0131035679951, 0.0400998741388, 0.0118567673489, 0.0129762003198, 0.0118544902653, 0.0107982587069, 0.00365184713155, 0.00312374765053, 0.0028113888111, 0.00254873023368, 0.00261491653509, 0.00305439927615, 0.00277406815439, 0.00448305951431, 0.00606581568718, 0.0043748440221, 0.00590637326241, 0.00256355456077, 0.00297079072334, 0.000327619083691],
        "mean": [0.0023131230846, 0.0396396592259, 0.00829539448023, 0.00335841346532, 0.00353445787914, 0.00291254674084, 0.000823876238428, 0.000337952078553, 0.0029304898344, 0.000610468385275, 0.000704269448761, 0.000272639939794, 0.000256297178566, 0.000215662483242, 0.000249799020821, 0.000121933437185, 0.000123226593132, 0.000109344211523, 0.000222776827286, 0.000178046553629, 0.000184837073903, 0.000119240881759, 0.000185215802048, 0.000287090457277, 0.00017716504226, 0.000154743291205, 1.62304222613e-05],
        "median": [0.0012734279735, 0.0240226332098, 0.00121097697411, 0.000537567655556, 0.000852930592373, 0.0013354960829, 0.000145509606227, 4.98660010635e-05, 0.000970956927631, 7.3299939686e-05, 0.000168754457263, 5.54891157662e-05, 6.03743901593e-05, 6.33182498859e-05, 9.01746097952e-05, 5.04292911501e-05, 4.38337629021e-05, 3.69274312106e-05, 0.000116858143883, 9.61390396697e-05, 5.79864245083e-05, 1.77109668584e-05, 6.74657858326e-05, 0.000134760295623, 4.16235743614e-05, 2.91566666419e-05, 2.79222632571e-07],
        "min": [1.81336197812e-23, 6.29464144029e-24, 3.09969450517e-23, 7.75009138814e-24, 3.21380828382e-23, 5.18596780439e-23, 1.55932999175e-23, 3.63280134066e-23, 4.10557262314e-23, 2.79896242652e-23, 1.23752207408e-22, 1.16498259042e-22, 1.01809795204e-22, 1.24749857706e-22, 8.45256760662e-23, 1.20872524316e-22, 1.39769617881e-22, 3.45634874406e-22, 3.03958709072e-22, 3.57877086887e-22, 4.43807086826e-22, 4.609457905e-22, 6.95291399571e-22, 7.37589540708e-22, 1.43074447776e-21, 1.67988204921e-21, 2.46012197954e-21],
        "stdev": [0.0026936121285, 0.0422277934849, 0.0195789579302, 0.00909739732742, 0.00651374831796, 0.00385277508758, 0.00166463805363, 0.000953909417149, 0.00397836090997, 0.00149756541941, 0.00154729071073, 0.000788851641119, 0.000682076264638, 0.000413639296312, 0.000413347326685, 0.000211705177207, 0.000225709853112, 0.000217008928303, 0.000307611364406, 0.000269727315754, 0.000362916733138, 0.000333418865921, 0.000378019205527, 0.000519687018823, 0.000354489195161, 0.000339063612046, 4.71376224596e-05],
        "var": [7.25554673409e-06, 0.00178318656981, 0.000383335573133, 8.27626427053e-05, 4.24289173679e-05, 1.48438757606e-05, 2.77102003565e-06, 9.09943196348e-07, 1.58273542183e-05, 2.2427022941e-06, 2.39410860559e-06, 6.22286904672e-07, 4.65227998347e-07, 1.71097468638e-07, 1.70856012005e-07, 4.48190817792e-08, 5.09449371577e-08, 4.70928753771e-08, 9.46247595834e-08, 7.27528259858e-08, 1.31708546292e-07, 1.11168134254e-07, 1.42898528566e-07, 2.70074622222e-07, 1.25662580786e-07, 1.14964137765e-07, 2.22195528643e-09]
    },
    "erbbands": {
        "dmean": [0.984421014786, 3.98294520378, 13.0588874817, 15.6017923355, 15.180932045, 12.5227012634, 12.2884073257, 15.7708463669, 11.0079269409, 7.74226140976, 13.2689828873, 42.5965270996, 13.4787359238, 10.8360300064, 16.4526004791, 12.650188446, 12.262348175, 8.34779834747, 9.70265960693, 8.21322059631, 5.86832141876, 5.8445763588, 4.70659637451, 6.94553565979, 7.15800714493, 6.16330194473, 6.75106191635, 5.35255670547, 3.67867279053, 4.47213315964, 4.39320135117, 4.6259393692, 3.51060986519, 2.18049883842, 1.43961751461, 0.832683444023, 0.349249303341, 0.0765315294266, 0.00246155285276, 8.05247400422e-05],
        "dmean2": [1.32762932777, 6.48332452774, 22.7933139801, 27.7020168304, 27.5156917572, 21.9680366516, 19.8518810272, 25.8727855682, 17.5365505219, 13.3936328888, 21.7999153137, 62.619228363, 20.9959259033, 16.4825572968, 24.1459770203, 21.6418952942, 20.9838085175, 15.0020618439, 15.8951816559, 13.5010499954, 10.1260566711, 10.0948410034, 7.78845453262, 11.5495538712, 11.6910295486, 10.3896827698, 11.1385202408, 8.56921386719, 6.02339887619, 7.24372005463, 7.21066904068, 7.06006574631, 5.68064689636, 3.75203967094, 2.48677754402, 1.40894806385, 0.607352972031, 0.134362444282, 0.004346862901, 0.000136799135362],
        "dvar": [1.79579150677, 32.4669303894, 657.894897461, 1303.85351562, 1144.36767578, 577.62310791, 413.849609375, 593.001647949, 370.941986084, 220.562454224, 676.008422852, 4477.10693359, 936.972900391, 495.159454346, 913.896118164, 1120.17468262, 880.901123047, 380.498504639, 270.732055664, 228.124908447, 146.493927002, 126.558227539, 81.7472076416, 168.215744019, 144.161697388, 122.173034668, 163.282073975, 140.212722778, 84.1270904541, 82.5428085327, 80.0673904419, 75.8674240112, 52.5220108032, 16.3670825958, 8.87284088135, 2.36829352379, 0.604640126228, 0.030707122758, 3.33279313054e-05, 1.43786342832e-08],
        "dvar2": [2.90372037888, 80.7239990234, 1778.48510742, 3716.78198242, 3248.2277832, 1598.58044434, 979.681274414, 1434.80224609, 888.608154297, 577.378845215, 1771.26879883, 9389.98925781, 2115.17163086, 979.352722168, 1581.69641113, 2709.18920898, 2363.08105469, 1079.86865234, 660.348144531, 573.732116699, 395.167297363, 332.508575439, 192.849243164, 444.21987915, 363.670349121, 302.699493408, 426.683776855, 266.39730835, 190.154846191, 153.876434326, 195.267318726, 149.857955933, 112.832931519, 42.0641517639, 23.019109726, 6.01258563995, 1.59292757511, 0.081105388701, 8.73855969985e-05, 3.6443850604e-08],
        "max": [9.35581874847, 37.5716285706, 140.008346558, 213.702728271, 185.510574341, 226.628250122, 285.64453125, 270.454467773, 232.50038147, 149.153381348, 337.145172119, 1090.03027344, 634.325378418, 422.859802246, 445.124053955, 579.93371582, 543.208129883, 178.872680664, 182.486968994, 191.620941162, 183.622558594, 105.490310669, 135.980300903, 193.93409729, 143.146621704, 130.496643066, 200.353988647, 179.427078247, 192.750823975, 158.000839233, 151.180938721, 128.465148926, 91.8401947021, 27.7937641144, 20.5541782379, 10.8419017792, 6.02275705338, 1.21947395802, 0.0448157899082, 0.00100754399318],
        "mean": [1.51591980457, 7.31661987305, 10.6132059097, 11.0138149261, 11.1331510544, 11.7441616058, 15.7899217606, 24.2894954681, 16.0771274567, 7.45286226273, 18.1157627106, 79.6230316162, 23.3236141205, 18.7474765778, 27.3835201263, 12.954076767, 12.8191204071, 8.99856090546, 13.7273464203, 11.3323326111, 6.90727949142, 6.48555231094, 6.04157209396, 9.61374092102, 9.96740531921, 8.50097370148, 8.66728401184, 6.3360619545, 3.89015936852, 4.71567058563, 5.55087566376, 6.42397689819, 4.30003499985, 2.08209705353, 1.2029364109, 0.736432135105, 0.266406029463, 0.0560840629041, 0.00184879393782, 0.000118863084936],
        "median": [0.899629175663, 4.25835800171, 3.22102165222, 2.18110704422, 2.00223922729, 3.00124025345, 6.64967060089, 10.6943283081, 3.72286510468, 1.84455966949, 7.24964809418, 25.1701869965, 8.98678779602, 5.81766653061, 7.96673583984, 3.45477938652, 3.35154700279, 3.13697504997, 4.76363325119, 5.04084587097, 2.81144118309, 2.36839270592, 2.1090066433, 4.27100467682, 5.16049385071, 4.69011211395, 3.52816295624, 1.63036549091, 0.683754682541, 0.909451305866, 2.14430737495, 3.09490823746, 1.72974276543, 0.600651502609, 0.226904466748, 0.189702033997, 0.0289298258722, 0.00235591712408, 0.000105543200334, 7.90774211055e-05],
        "min": [3.50460305008e-22, 1.66286648357e-21, 2.59622655218e-20, 4.00685448615e-20, 6.88049802874e-20, 8.08928872337e-20, 1.89084557064e-19, 4.32954914609e-19, 4.15259065614e-19, 3.82234577592e-19, 6.81341536127e-19, 1.04425762071e-18, 1.20787518664e-18, 2.04924277388e-18, 5.33621492347e-18, 4.37758828055e-18, 4.38619509482e-18, 5.32500662617e-18, 6.37288771155e-18, 4.53030360601e-18, 7.73866754122e-18, 7.42568059541e-18, 1.83241036303e-17, 1.77927873249e-17, 1.81671957399e-17, 1.22150977011e-17, 1.80095086454e-17, 1.97757410853e-17, 1.58547974483e-17, 1.63561367283e-17, 2.0640637825e-17, 1.8585145288e-17, 1.06286761284e-17, 1.53492263123e-17, 1.04061860504e-17, 6.15881543697e-18, 3.29122923462e-18, 1.18145141896e-18, 3.2880302687e-19, 3.96876023401e-20],
        "stdev": [1.90344929695, 7.93323373795, 21.3480701447, 27.7563343048, 26.0340137482, 20.7583198547, 23.5950222015, 33.6495475769, 31.3240699768, 14.0817470551, 27.6763286591, 109.988601685, 46.5224227905, 40.9819564819, 54.5111274719, 34.2417526245, 33.8206748962, 17.2179889679, 22.9279747009, 18.7806491852, 11.7942380905, 11.2450437546, 11.8993711472, 15.2166843414, 14.1951570511, 13.0382986069, 14.7938556671, 14.6427698135, 10.3053798676, 11.8559303284, 11.0615739822, 11.3023405075, 8.47095394135, 3.79415130615, 2.62434434891, 1.42552399635, 0.671723484993, 0.15182004869, 0.00511333486065, 0.000120033633721],
        "var": [3.62311935425, 62.9361953735, 455.740081787, 770.4140625, 677.769836426, 430.907867432, 556.725097656, 1132.29211426, 981.19732666, 198.295608521, 765.979187012, 12097.4921875, 2164.3359375, 1679.52062988, 2971.46313477, 1172.49755859, 1143.8380127, 296.45916748, 525.692016602, 352.712768555, 139.104049683, 126.451011658, 141.595031738, 231.547485352, 201.502471924, 169.997238159, 218.858154297, 214.410720825, 106.20085144, 140.563079834, 122.358421326, 127.742904663, 71.7570571899, 14.3955841064, 6.88718271255, 2.0321187973, 0.451212435961, 0.0230493266135, 2.61461955233e-05, 1.44080729569e-08]
    },
    "gfcc": {
        "mean": [-0.699422597885, 91.2578659058, -79.0839614868, 36.7833518982, -49.4197807312, 25.0688552856, -23.2165355682, 23.8176422119, -18.4734649658, 8.13258934021, -8.39080524445, -0.834322333336, -1.16299951077],
        "cov": [[7359.05175781, -2604.78222656, 237.536956787, -5.691385746, -774.669494629, 626.989685059, -773.199890137, 445.546630859, -408.919311523, 441.82598877, -223.316253662, 476.352935791, -285.521850586], [-2604.78222656, 2497.90039062, -193.372421265, -51.1958198547, 444.200805664, -447.946533203, 299.795654297, -458.668304443, 65.6634979248, -461.508331299, 111.813362122, -478.539703369, 94.065246582], [237.536956787, -193.372421265, 700.983947754, 195.850540161, 83.0662918091, 13.5612859726, -70.1141052246, -0.282940506935, -58.8997001648, -13.1297664642, -132.177612305, 19.8397579193, -114.53225708], [-5.691385746, -51.1958198547, 195.850540161, 473.9637146, 135.959594727, -34.3211631775, -3.74177622795, 12.1480836868, 68.5967559814, -33.4704475403, -21.8685779572, -31.7899475098, -3.91586780548], [-774.669494629, 444.200805664, 83.0662918091, 135.959594727, 438.397918701, -52.9557266235, 174.410125732, -5.30561590195, 124.008621216, -37.0084609985, -18.8263130188, -47.1978569031, 14.2200031281], [626.989685059, -447.946533203, 13.5612859726, -34.3211631775, -52.9557266235, 367.548339844, 39.9912185669, 153.738098145, -14.1907625198, 89.6387481689, 14.4110584259, 53.9273948669, -11.4556045532], [-773.199890137, 299.795654297, -70.1141052246, -3.74177622795, 174.410125732, 39.9912185669, 319.432739258, 24.8108310699, 128.48626709, -32.4687271118, 39.4799728394, -65.9375076294, 34.4686203003], [445.546630859, -458.668304443, -0.282940506935, 12.1480836868, -5.30561590195, 153.738098145, 24.8108310699, 316.864898682, 105.14932251, 132.964035034, 18.8396892548, 110.812400818, 44.4458732605], [-408.919311523, 65.6634979248, -58.8997001648, 68.5967559814, 124.008621216, -14.1907625198, 128.48626709, 105.14932251, 215.873458862, 37.3059654236, 27.0243453979, 6.4970293045, 55.3632507324], [441.82598877, -461.508331299, -13.1297664642, -33.4704475403, -37.0084609985, 89.6387481689, -32.4687271118, 132.964035034, 37.3059654236, 197.003860474, 19.806558609, 126.052703857, 14.1363420486], [-223.316253662, 111.813362122, -132.177612305, -21.8685779572, -18.8263130188, 14.4110584259, 39.4799728394, 18.8396892548, 27.0243453979, 19.806558609, 164.862976074, 13.1974754333, 67.2545700073], [476.352935791, -478.539703369, 19.8397579193, -31.7899475098, -47.1978569031, 53.9273948669, -65.9375076294, 110.812400818, 6.4970293045, 126.052703857, 13.1974754333, 210.620376587, 24.9692802429], [-285.521850586, 94.065246582, -114.53225708, -3.91586780548, 14.2200031281, -11.4556045532, 34.4686203003, 44.4458732605, 55.3632507324, 14.1363420486, 67.2545700073, 24.9692802429, 137.544799805]],
        "icov": [[0.000341097125784, -4.81278366351e-05, 0.000151832282427, -0.000234997001826, 0.000294722180115, -0.000392709305743, 0.000472186686238, -0.000357525132131, 0.000336733501172, -0.000253244448686, 0.00034846609924, -0.000377874413971, 0.000583440007176], [-4.81278366351e-05, 0.00250269519165, -0.000202035618713, 0.00141605304088, -0.00216724281199, 0.00132910977118, 2.52184509009e-05, 0.00118467584252, -0.000496649357956, 0.00268802465871, -0.0020720474422, 0.00331966788508, -0.00165960274171], [0.000151832282427, -0.000202035618713, 0.00228734966367, -0.00106137699913, -0.000172296146047, -0.000294008292258, 0.000278338091448, -0.000585441535804, 0.000984057784081, -0.000100931880297, 0.001324782148, -0.00098728260491, 0.00158627482597], [-0.000234997001826, 0.00141605304088, -0.00106137699913, 0.00384014984593, -0.00206925114617, 0.000826426548883, 0.000756961933803, 0.000842534413096, -0.00185932463501, 0.0022102270741, -0.00176390074193, 0.00256885611452, -0.00149251404218], [0.000294722180115, -0.00216724281199, -0.000172296146047, -0.00206925114617, 0.00578243052587, -0.000972064153757, -0.00151824217755, -0.000844430294819, -0.000457957823528, -0.0024795779027, 0.00264040543698, -0.00323018943891, 0.00160063651856], [-0.000392709305743, 0.00132910977118, -0.000294008292258, 0.000826426548883, -0.000972064153757, 0.00541638629511, -0.00210919533856, -0.00139167089947, 0.00160405074712, 0.000437493872596, -0.00169696589001, 0.00240724300966, -0.000713440356776], [0.000472186686238, 2.52184509009e-05, 0.000278338091448, 0.000756961933803, -0.00151824217755, -0.00210919533856, 0.00688446033746, -2.09373411053e-06, -0.00293177156709, 0.000944548344705, -0.000695205642842, 0.000915792596061, 0.00072966638254], [-0.000357525132131, 0.00118467584252, -0.000585441535804, 0.000842534413096, -0.000844430294819, -0.00139167089947, -2.09373411053e-06, 0.00772327743471, -0.00402900902554, -0.000323616055539, -0.000785601732787, 0.000459104543552, -0.00258385227062], [0.000336733501172, -0.000496649357956, 0.000984057784081, -0.00185932463501, -0.000457957823528, 0.00160405074712, -0.00293177156709, -0.00402900902554, 0.0108285173774, -0.00266830716282, 0.00109661545139, -0.000316460354952, -0.000540407490917], [-0.000253244448686, 0.00268802465871, -0.000100931880297, 0.0022102270741, -0.0024795779027, 0.000437493872596, 0.000944548344705, -0.000323616055539, -0.00266830716282, 0.0134515371174, -0.00325376377441, -0.000849449075758, -0.000787763739936], [0.00034846609924, -0.0020720474422, 0.001324782148, -0.00176390074193, 0.00264040543698, -0.00169696589001, -0.000695205642842, -0.000785601732787, 0.00109661545139, -0.00325376377441, 0.0105469198897, -0.00323828053661, -0.00146910885815], [-0.000377874413971, 0.00331966788508, -0.00098728260491, 0.00256885611452, -0.00323018943891, 0.00240724300966, 0.000915792596061, 0.000459104543552, -0.000316460354952, -0.000849449075758, -0.00323828053661, 0.0135627696291, -0.00431110383943], [0.000583440007176, -0.00165960274171, 0.00158627482597, -0.00149251404218, 0.00160063651856, -0.000713440356776, 0.00072966638254, -0.00258385227062, -0.000540407490917, -0.000787763739936, -0.00146910885815, -0.00431110383943, 0.0131214866415]]
    },
    "melbands": {
        "dmean": [0.00703458953649, 0.00568305840716, 0.00261846277863, 0.000997717026621, 0.000419152813265, 0.000339810474543, 0.000163901553606, 8.24242306408e-05, 0.000152382592205, 0.000246616604272, 6.25788816251e-05, 4.32039960288e-05, 6.13238808e-05, 3.50306436303e-05, 3.18687962135e-05, 2.08526635106e-05, 1.67164926097e-05, 1.71520805452e-05, 1.14608474178e-05, 9.3308826763e-06, 7.14667112334e-06, 6.79603317622e-06, 5.21951324117e-06, 3.679193469e-06, 6.09904691373e-06, 6.4257392296e-06, 4.36204345533e-06, 4.26162660006e-06, 4.43971839559e-06, 3.8898119783e-06, 3.0058813536e-06, 2.13694761442e-06, 2.31096555581e-06, 2.55898726209e-06, 2.61616719399e-06, 2.69129532171e-06, 3.04517243421e-06, 2.58238424067e-06, 2.11380643123e-06, 1.79611436124e-06],
        "dmean2": [0.00974667258561, 0.00966205541044, 0.00462634861469, 0.00177689210977, 0.000685053353664, 0.000552161014639, 0.000263871130301, 0.000142235847306, 0.000238266104134, 0.00036300875945, 9.77540767053e-05, 6.57417549519e-05, 8.72019227245e-05, 5.87900794926e-05, 5.54902981094e-05, 3.65529667761e-05, 2.96395464829e-05, 2.77669550997e-05, 1.93653395399e-05, 1.53771725309e-05, 1.23795107356e-05, 1.163041361e-05, 8.63023069542e-06, 6.12600479144e-06, 1.02768217403e-05, 1.07899859358e-05, 7.20649450159e-06, 7.17339116818e-06, 7.41682151784e-06, 6.34269690636e-06, 4.80568587591e-06, 3.51434823642e-06, 3.92650690628e-06, 4.08120422435e-06, 4.34710409536e-06, 4.23676783612e-06, 4.71863722851e-06, 4.15942213294e-06, 3.60404260391e-06, 3.09185429614e-06],
        "dvar": [7.77923924034e-05, 0.000104061924503, 3.56304190063e-05, 4.1010989662e-06, 4.47952970717e-07, 2.55242923686e-07, 8.2920799116e-08, 2.64250843429e-08, 6.63711077209e-08, 1.4188339037e-07, 2.29983196931e-08, 9.18409348571e-09, 1.46121008626e-08, 6.50404530234e-09, 5.69950309171e-09, 2.42734921052e-09, 1.40810074711e-09, 8.42709513282e-10, 5.04378649957e-10, 2.56925175579e-10, 2.29416402542e-10, 1.81953313527e-10, 1.01934703733e-10, 4.17545824305e-11, 1.43301537303e-10, 1.36199038159e-10, 6.91827498067e-11, 5.69650542015e-11, 6.89693718803e-11, 5.84891857169e-11, 5.25509531724e-11, 4.16649596768e-11, 2.42173867765e-11, 2.58912266626e-11, 2.91756757642e-11, 2.63078725471e-11, 3.43640914335e-11, 2.98411018118e-11, 1.56516414412e-11, 1.17375388922e-11],
        "dvar2": [0.000135275622597, 0.000286900118226, 0.000101010940853, 1.14615822895e-05, 1.07653102077e-06, 6.1219162717e-07, 2.01440144565e-07, 6.59432330963e-08, 1.62018167771e-07, 2.97001378158e-07, 5.10474862381e-08, 1.76693735199e-08, 2.32456205396e-08, 1.53617971677e-08, 1.50260763832e-08, 6.69511868168e-09, 3.9208787328e-09, 2.00156402563e-09, 1.28567179125e-09, 6.55800580507e-10, 5.96848348522e-10, 4.74075279033e-10, 2.29295166188e-10, 1.05694737684e-10, 3.79083903157e-10, 3.64765967431e-10, 1.64581681616e-10, 1.47313800047e-10, 1.854058157e-10, 1.31394214953e-10, 9.94974727608e-11, 9.82006628791e-11, 5.55161958071e-11, 4.89357443456e-11, 7.44461298163e-11, 5.80413737905e-11, 6.81957060267e-11, 6.11102002335e-11, 3.89110549337e-11, 3.0470615614e-11],
        "max": [0.0655837133527, 0.0619780868292, 0.0345501825213, 0.0149933164939, 0.00813502259552, 0.00532318931073, 0.00310069997795, 0.00165369920433, 0.00334973842837, 0.00589462043718, 0.00308864819817, 0.00186694366857, 0.00192868430167, 0.00138514733408, 0.00099937140476, 0.000702737248503, 0.000341014674632, 0.000260832312051, 0.000256962055573, 0.000173396212631, 0.000208318728255, 0.00015448940394, 0.000178335321834, 7.61107439757e-05, 0.000180459988769, 0.000153587810928, 0.000139368683449, 8.60214422573e-05, 0.000105917366454, 0.000139390365803, 0.000113210662676, 0.000140054849908, 7.62053387007e-05, 8.91895324457e-05, 8.09713892522e-05, 8.35921091493e-05, 8.68567731231e-05, 7.32194530428e-05, 4.1252864321e-05, 2.19507910515e-05],
        "mean": [0.0120530109853, 0.00670484872535, 0.00188629643526, 0.000848099996801, 0.000537753046956, 0.000547158590052, 0.000228353572311, 7.379912131e-05, 0.000232463731663, 0.000461235409603, 9.77788586169e-05, 7.06654172973e-05, 0.000103910235339, 3.75902636733e-05, 3.17285266647e-05, 2.0534162104e-05, 1.72177478817e-05, 2.38227839873e-05, 1.51039721459e-05, 1.20473996503e-05, 7.87377666711e-06, 7.09500636731e-06, 6.04599199505e-06, 4.81533152197e-06, 8.06831394584e-06, 8.36005438032e-06, 5.67276356378e-06, 5.60875969313e-06, 5.6684420997e-06, 4.47565798822e-06, 3.4196307297e-06, 2.21809568757e-06, 2.18282571041e-06, 2.70283385362e-06, 3.06466563416e-06, 3.61063962373e-06, 4.10006487073e-06, 3.17707440445e-06, 2.28770159083e-06, 1.56241117111e-06],
        "median": [0.0072166044265, 0.00367091083899, 0.000376579962904, 0.000178459609742, 0.000241994057433, 0.00023820331262, 4.37698399764e-05, 1.38259265441e-05, 7.14473426342e-05, 0.000159219984198, 1.73418120539e-05, 1.71982646862e-05, 2.66086444753e-05, 8.58764724398e-06, 7.72147359385e-06, 5.21923129781e-06, 5.02365583088e-06, 7.55181463319e-06, 5.62677359994e-06, 4.91318496643e-06, 2.71202861768e-06, 2.45877799898e-06, 1.7658054503e-06, 1.78592460998e-06, 3.24576672028e-06, 4.21328331868e-06, 2.8741837923e-06, 3.06826404994e-06, 2.26057886721e-06, 1.2679753354e-06, 7.71372924646e-07, 3.77305127586e-07, 2.62284999053e-07, 5.48304228687e-07, 1.02663852886e-06, 1.54078929882e-06, 1.94985068447e-06, 1.17788181342e-06, 7.73013596245e-07, 3.72957259742e-07],
        "min": [3.33773675431e-24, 9.37560791425e-24, 7.3622092699e-24, 6.05057970912e-24, 6.04530696283e-24, 1.0303403791e-23, 5.88896498661e-24, 5.39122649314e-24, 4.85703868155e-24, 7.17345930997e-24, 5.81009861761e-24, 6.77806881364e-24, 1.84842495209e-23, 1.26607836553e-23, 1.03789514221e-23, 1.10702483772e-23, 9.7622688758e-24, 1.18191416446e-23, 5.21746567927e-24, 6.76159345364e-24, 9.425608285e-24, 6.38964711455e-24, 1.15475234243e-23, 1.84352817691e-23, 1.41413619784e-23, 1.13859576112e-23, 1.43205059791e-23, 6.49544440599e-24, 1.1859196846e-23, 1.0072714041e-23, 1.16235640936e-23, 8.21509964822e-24, 9.82783268336e-24, 9.55727784755e-24, 1.19690559822e-23, 1.20795959054e-23, 1.13076355562e-23, 5.89800336043e-24, 1.00155058482e-23, 1.41642499887e-23],
        "stdev": [0.0136702535674, 0.00942536070943, 0.00461688125506, 0.00164404336829, 0.000763463962357, 0.000745636993088, 0.000452324165963, 0.000159331422765, 0.000348184024915, 0.000621813407633, 0.000232717778999, 0.000176851768629, 0.000229181270697, 9.39872697927e-05, 7.9033037764e-05, 5.05379866809e-05, 3.49250622094e-05, 4.07832412748e-05, 2.52277932304e-05, 1.87995537999e-05, 1.51676949827e-05, 1.33136700242e-05, 1.32527893584e-05, 8.13457245386e-06, 1.36445805765e-05, 1.26591485241e-05, 9.33331102715e-06, 8.70318581292e-06, 9.33820047067e-06, 9.11039205675e-06, 8.74118359206e-06, 6.73596287015e-06, 5.62833110962e-06, 6.66912865199e-06, 6.43934117761e-06, 6.52992821415e-06, 7.4166810009e-06, 6.51469736113e-06, 4.20656397182e-06, 3.07240725306e-06],
        "var": [0.00018687582633, 8.88374270289e-05, 2.13155908568e-05, 2.70287864623e-06, 5.82877191846e-07, 5.55974509098e-07, 2.04597156994e-07, 2.53865000133e-08, 1.21232119454e-07, 3.86651919371e-07, 5.41575637669e-08, 3.12765493504e-08, 5.25240579918e-08, 8.83360673498e-09, 6.24622131795e-09, 2.55408805216e-09, 1.21975984868e-09, 1.66327285278e-09, 6.36441566115e-10, 3.53423207367e-10, 2.30058971873e-10, 1.77253808853e-10, 1.75636422073e-10, 6.61712629135e-11, 1.86174589634e-10, 1.60254032266e-10, 8.71107005973e-11, 7.57454446387e-11, 8.72019817466e-11, 8.29992394258e-11, 7.64082894178e-11, 4.53731982542e-11, 3.16781115228e-11, 4.44772794983e-11, 4.1465116063e-11, 4.26399610065e-11, 5.50071585503e-11, 4.24412796574e-11, 1.76951786557e-11, 9.43968687939e-12]
    },
    "melbands128": {
