{
"lowlevel": {
    "average_loudness": 0.983721792698,
    "barkbands_crest": {
        "dmean": 3.17670559883,
        "dmean2": 4.52838230133,
        "dvar": 9.70287132263,
        "dvar2": 18.1048641205,
        "max": 26.2877559662,
        "mean": 13.3499641418,
        "median": 12.1324520111,
        "min": 3.35013818741,
        "stdev": 5.69568920135,
        "var": 32.4408760071
    },
    "barkbands_flatness_db": {
        "dmean": 0.0369127243757,
        "dmean2": 0.050740480423,
        "dvar": 0.00129802245647,
        "dvar2": 0.00238182535395,
        "max": 0.525317728519,
        "mean": 0.175485402346,
        "median": 0.160862013698,
        "min": 0.0268878582865,
        "stdev": 0.0770458579063,
        "var": 0.00593606429175
    },
    "barkbands_kurtosis": {
        "dmean": 15.0606184006,
        "dmean2": 22.4679260254,
        "dvar": 1362.35083008,
        "dvar2": 3100.14575195,
        "max": 652.344604492,
        "mean": 22.5022945404,
        "median": 7.0885515213,
        "min": -1.9352388382,
        "stdev": 47.7249755859,
        "var": 2277.67333984
    },
    "barkbands_skewness": {
        "dmean": 1.19059479237,
        "dmean2": 1.67254805565,
        "dvar": 2.2445037365,
        "dvar2": 4.53125905991,
        "max": 19.4037284851,
        "mean": 3.06977248192,
        "median": 2.37940001488,
        "min": -3.58826708794,
        "stdev": 2.63290333748,
        "var": 6.93218040466
    },
    "barkbands_spread": {
        "dmean": 7.28779792786,
        "dmean2": 11.1010055542,
        "dvar": 146.438446045,
        "dvar2": 321.414154053,
        "max": 117.256744385,
        "mean": 17.6592540741,
        "median": 14.1231603622,
        "min": 0.192425608635,
        "stdev": 16.6555023193,
        "var": 277.405731201
    },
    "dissonance": {
        "dmean": 0.0268233474344,
        "dmean2": 0.0436348281801,
        "dvar": 0.000813825696241,
        "dvar2": 0.00196615420282,
        "max": 0.499991625547,
        "mean": 0.449065625668,
        "median": 0.457010596991,
        "min": 0.0567939914763,
        "stdev": 0.0387567393482,
        "var": 0.00150208477862
    },
    "dynamic_complexity": 2.64498567581,
    "erbbands_crest": {
        "dmean": 3.0873632431,
        "dmean2": 4.98124790192,
        "dvar": 8.2168006897,
        "dvar2": 20.2946472168,
        "max": 28.0053501129,
        "mean": 9.48352336884,
        "median": 8.56053066254,
        "min": 2.65992283821,
        "stdev": 4.105448246,
        "var": 16.8547058105
    },
    "erbbands_flatness_db": {
        "dmean": 0.0201066043228,
        "dmean2": 0.0293676797301,
        "dvar": 0.000351144262822,
        "dvar2": 0.000803942442872,
        "max": 0.252318143845,
        "mean": 0.132637560368,
        "median": 0.129893124104,
        "min": 0.0455560274422,
        "stdev": 0.0349263884127,
        "var": 0.00121985247824
    },
    "erbbands_kurtosis": {
        "dmean": 1.39862859249,
        "dmean2": 2.21649074554,
        "dvar": 2.91742348671,
        "dvar2": 6.95459318161,
        "max": 15.0620822906,
        "mean": 1.46603572369,
        "median": 0.873295783997,
        "min": -1.67943930626,
        "stdev": 2.22543764114,
        "var": 4.95257282257
    },
    "erbbands_skewness": {
        "dmean": 0.486897855997,
        "dmean2": 0.754650890827,
        "dvar": 0.249514788389,
        "dvar2": 0.545743644238,
        "max": 3.54133749008,
        "mean": 0.674254417419,
        "median": 0.706856012344,
        "min": -3.1398627758,
        "stdev": 0.781691133976,
        "var": 0.611041009426
    },
    "erbbands_spread": {
        "dmean": 13.1142921448,
        "dmean2": 19.4080028534,
        "dvar": 264.124023438,
        "dvar2": 605.909790039,
        "max": 180.693984985,
        "mean": 41.7539634705,
        "median": 35.7489509583,
        "min": 7.88208675385,
        "stdev": 23.8641281128,
        "var": 569.496582031
    },
    "hfc": {
        "dmean": 11.2082004547,
        "dmean2": 16.5851707458,
        "dvar": 270.601745605,
        "dvar2": 591.724243164,
        "max": 172.092910767,
        "mean": 24.9991359711,
        "median": 17.8601856232,
        "min": 1.24847600697e-16,
        "stdev": 23.9989204407,
        "var": 575.948181152
    },
    "loudness_ebu128": {
        "integrated": -9.57959747314,
        "loudness_range": 1.88905906677,
        "momentary": {
            "dmean": 0.859323978424,
            "dmean2": 1.33924984932,
            "dvar": 0.536338925362,
            "dvar2": 1.20816278458,
            "max": -7.06341266632,
            "mean": -9.77791118622,
            "median": -9.71448421478,
            "min": -14.9058113098,
            "stdev": 1.33937442303,
            "var": 1.79392373562
        },
        "short_term": {
            "dmean": 0.105002045631,
            "dmean2": 0.150114104152,
            "dvar": 0.00516320718452,
            "dvar2": 0.0103664956987,
            "max": -8.38705825806,
            "mean": -9.66599845886,
            "median": -10.0029354095,
            "min": -10.7258300781,
            "stdev": 0.701284945011,
            "var": 0.491800576448
        }
    },
    "melbands_crest": {
        "dmean": 4.34024095535,
        "dmean2": 6.36316108704,
        "dvar": 17.9367427826,
        "dvar2": 33.115322113,
        "max": 35.3881721497,
        "mean": 19.6352214813,
        "median": 18.9203548431,
        "min": 2.17750239372,
        "stdev": 7.5916223526,
        "var": 57.6327323914
    },
    "melbands_flatness_db": {
        "dmean": 0.042879909277,
        "dmean2": 0.057085800916,
        "dvar": 0.00188181176782,
        "dvar2": 0.00318246544339,
        "max": 0.660032331944,
        "mean": 0.263037204742,
        "median": 0.249483898282,
        "min": 0.00724028097466,
        "stdev": 0.0973498001695,
        "var": 0.00947698298842
    },
    "melbands_kurtosis": {
        "dmean": 28.9094734192,
        "dmean2": 42.6033096313,
        "dvar": 3429.49755859,
        "dvar2": 6964.38085938,
        "max": 934.48248291,
        "mean": 45.0089149475,
        "median": 15.8124275208,
        "min": -1.67795085907,
        "stdev": 82.2244567871,
        "var": 6760.86132812
    },
    "melbands_skewness": {
        "dmean": 1.52176344395,
        "dmean2": 2.13752365112,
        "dvar": 3.35983610153,
        "dvar2": 6.53439283371,
        "max": 25.7058582306,
        "mean": 4.16301059723,
        "median": 3.21933269501,
        "min": -1.39118123055,
        "stdev": 3.23977684975,
        "var": 10.4961547852
    },
    "melbands_spread": {
        "dmean": 7.77595090866,
        "dmean2": 11.4861888885,
        "dvar": 244.600570679,
        "dvar2": 459.122253418,
        "max": 223.683746338,
        "mean": 16.1891365051,
        "median": 11.0922546387,
        "min": 0.212041392922,
        "stdev": 21.4628810883,
        "var": 460.655303955
    },
    "pitch_salience": {
        "dmean": 0.101678572595,
        "dmean2": 0.153794616461,
        "dvar": 0.0117327077314,
        "dvar2": 0.0256969109178,
        "max": 0.838074207306,
        "mean": 0.45407885313,
        "median": 0.463352948427,
        "min": 0.053412925452,
        "stdev": 0.162589430809,
        "var": 0.0264353211969
    },
    "silence_rate_20dB": {
        "dmean": 0,
        "dmean2": 0,
        "dvar": 0,
        "dvar2": 0,
        "max": 1,
        "mean": 1,
        "median": 1,
        "min": 1,
        "stdev": 0,
        "var": 0
    },
    "silence_rate_30dB": {
        "dmean": 0.111455105245,
        "dmean2": 0.223082885146,
        "dvar": 0.0990319177508,
        "dvar2": 0.193454295397,
        "max": 1,
        "mean": 0.81902551651,
        "median": 1,
        "min": 0,
        "stdev": 0.384995281696,
        "var": 0.148221373558
    },
    "silence_rate_60dB": {
        "dmean": 0.0131578948349,
        "dmean2": 0.0263361725956,
        "dvar": 0.0129849696532,
        "dvar2": 0.0302905198187,
        "max": 1,
        "mean": 0.0193348806351,
        "median": 0,
        "min": 0,
        "stdev": 0.137699127197,
        "var": 0.0189610477537
    },
    "spectral_centroid": {
        "dmean": 301.293365479,
        "dmean2": 454.683441162,
        "dvar": 293745.25,
        "dvar2": 500258.65625,
        "max": 11412.0693359,
        "mean": 986.677124023,
        "median": 855.053894043,
        "min": 111.209526062,
        "stdev": 733.389038086,
        "var": 537859.4375
    },
    "spectral_complexity": {
        "dmean": 4.36764717102,
        "dmean2": 6.5019364357,
        "dvar": 28.6581878662,
        "dvar2": 54.5409927368,
        "max": 50,
        "mean": 14.4570770264,
        "median": 13,
        "min": 0,
        "stdev": 8.51820087433,
        "var": 72.559753418
    },
    "spectral_decrease": {
        "dmean": 6.56052101533e-09,
        "dmean2": 8.35721536419e-09,
        "dvar": 7.63079011989e-17,
        "dvar2": 1.17469083459e-16,
        "max": 9.79043116852e-29,
        "mean": -1.55805022217e-08,
        "median": -9.60690638152e-09,
        "min": -6.16427513478e-08,
        "stdev": 1.48689336399e-08,
        "var": 2.21085194528e-16
    },
    "spectral_energy": {
        "dmean": 0.0252851843834,
        "dmean2": 0.0324661657214,
        "dvar": 0.00111270917114,
        "dvar2": 0.00172302057035,
        "max": 0.234562650323,
        "mean": 0.0610718764365,
        "median": 0.0384652204812,
        "min": 1.09545321822e-20,
        "stdev": 0.0567677132785,
        "var": 0.00322257331572
    },
    "spectral_energyband_high": {
        "dmean": 0.000653113704175,
        "dmean2": 0.000969087297563,
        "dvar": 1.76855439804e-06,
        "dvar2": 3.22473147207e-06,
        "max": 0.0179179273546,
        "mean": 0.00110186799429,
        "median": 0.000434967252659,
        "min": 7.94525880727e-21,
        "stdev": 0.00199605617672,
        "var": 3.98424026571e-06
    },
    "spectral_energyband_low": {
        "dmean": 0.0222228299826,
        "dmean2": 0.0278586950153,
        "dvar": 0.00114976521581,
        "dvar2": 0.00187371624634,
        "max": 0.229725420475,
        "mean": 0.0432653203607,
        "median": 0.0201148558408,
        "min": 3.01618221875e-23,
        "stdev": 0.0537089370191,
        "var": 0.00288464990444
    },
    "spectral_energyband_middle_high": {
        "dmean": 0.00309078209102,
        "dmean2": 0.00473223626614,
        "dvar": 3.23081876559e-05,
        "dvar2": 7.92586506577e-05,
        "max": 0.0531805418432,
        "mean": 0.00533400569111,
        "median": 0.00253329612315,
        "min": 1.60741367663e-21,
        "stdev": 0.0070854825899,
        "var": 5.02040638821e-05
    },
    "spectral_energyband_middle_low": {
        "dmean": 0.00792981684208,
        "dmean2": 0.013594343327,
        "dvar": 0.0002106174652,
        "dvar2": 0.000585553410929,
        "max": 0.0998005792499,
        "mean": 0.0125502496958,
        "median": 0.009397408925,
        "min": 2.17973955876e-22,
        "stdev": 0.0134261921048,
        "var": 0.000180262635695
    },
    "spectral_entropy": {
        "dmean": 0.245809078217,
        "dmean2": 0.365904659033,
        "dvar": 0.067971944809,
        "dvar2": 0.136245340109,
        "max": 9.81243610382,
        "mean": 7.51545715332,
        "median": 7.55758428574,
        "min": 5.82252597809,
        "stdev": 0.502128481865,
        "var": 0.252133011818
    },
    "spectral_flux": {
        "dmean": 0.0593254342675,
        "dmean2": 0.0882010310888,
        "dvar": 0.00455052452162,
        "dvar2": 0.00738199846819,
        "max": 0.524163126945,
        "mean": 0.131606936455,
        "median": 0.10114633292,
        "min": 1.04663902545e-10,
        "stdev": 0.103241883218,
        "var": 0.010658887215
    },
    "spectral_kurtosis": {
        "dmean": 1.67666184902,
        "dmean2": 2.57102251053,
        "dvar": 6.48450946808,
        "dvar2": 16.0884418488,
        "max": 37.0596466064,
        "mean": 4.70939350128,
        "median": 4.1228518486,
        "min": -1.20031940937,
        "stdev": 3.50702691078,
        "var": 12.299238205
    },
    "spectral_rms": {
        "dmean": 0.00152446154971,
        "dmean2": 0.0019657490775,
        "dvar": 3.17914918924e-06,
        "dvar2": 4.81270990349e-06,
        "max": 0.015127511695,
        "mean": 0.00696368981153,
        "median": 0.00612593209371,
        "min": 3.26915100893e-12,
        "stdev": 0.00333007005975,
        "var": 1.10893670353e-05
    },
    "spectral_rolloff": {
        "dmean": 596.163757324,
        "dmean2": 982.355224609,
        "dvar": 2404000,
        "dvar2": 4858369,
        "max": 19293.75,
        "mean": 1026.00048828,
        "median": 473.73046875,
        "min": 64.599609375,
        "stdev": 1874.38317871,
        "var": 3513312.25
    },
    "spectral_skewness": {
        "dmean": 0.273926854134,
        "dmean2": 0.408733248711,
        "dvar": 0.0990325435996,
        "dvar2": 0.215709418058,
        "max": 5.12296724319,
        "mean": 1.90250122547,
        "median": 1.87748765945,
        "min": -0.0519989281893,
        "stdev": 0.55876493454,
        "var": 0.312218248844
    },
    "spectral_spread": {
        "dmean": 1010854.0625,
        "dmean2": 1452096.625,
        "dvar": 1.79722072883e+12,
        "dvar2": 2.83107577037e+12,
        "max": 41325664,
        "mean": 6458923,
        "median": 6123178,
        "min": 1566454.5,
        "stdev": 2208272.5,
        "var": 4.87646717542e+12
    },
    "spectral_strongpeak": {
        "dmean": 0.379590809345,
        "dmean2": 0.627293467522,
        "dvar": 0.380975246429,
        "dvar2": 1.02766191959,
        "max": 5.74551153183,
        "mean": 0.705774784088,
        "median": 0.502965271473,
        "min": 0,
        "stdev": 0.69001185894,
        "var": 0.476116329432
    },
    "zerocrossingrate": {
        "dmean": 0.01588463597,
        "dmean2": 0.0175520274788,
        "dvar": 0.000662546255626,
        "dvar2": 0.000659165438265,
        "max": 0.5224609375,
        "mean": 0.0505720414221,
        "median": 0.0400390625,
        "min": 0.00048828125,
        "stdev": 0.0494807958603,
        "var": 0.00244834925979
    },
    "barkbands": {
        "dmean": [0.00127381575294, 0.0197864510119, 0.00937175564468, 0.00297036021948, 0.00259077153169, 0.00126050261315, 0.00190202041995, 0.000863166409545, 0.000929284957238, 0.000973823654931, 0.000553254154511, 0.000559516134672, 0.000543769856449, 0.000595827179495, 0.00037170262658, 0.000206598997465, 0.000181024937774, 0.000105811712274, 0.000128299579956, 8.92949537956e-05, 6.58900389681e-05, 0.000105090141005, 7.81964918133e-05, 0.000144094941788, 0.000193238563952, 0.000107808678877, 5.80548066864e-06],
        "dmean2": [0.00170412287116, 0.0255748294294, 0.0169145036489, 0.00563885224983, 0.00436628470197, 0.00204850384034, 0.00299533084035, 0.00140416319482, 0.00147657026537, 0.00163979327772, 0.000883089844137, 0.000845451140776, 0.000884872744791, 0.000958818243816, 0.00061406212626, 0.000320939318044, 0.000285565562081, 0.000168041602592, 0.000206788550713, 0.000142822027556, 0.000102247257018, 0.00015676257317, 0.000120841250464, 0.000214539526496, 0.000291279400699, 0.000162855882081, 9.89618911262e-06],
        "dvar": [4.09211770602e-06, 0.00114799209405, 0.000551543256734, 8.59490755829e-05, 1.97579429368e-05, 6.20703713139e-06, 9.83584141068e-06, 4.43810904471e-06, 3.41805116477e-06, 6.12876419837e-06, 1.49684660755e-06, 1.39627434237e-06, 1.36213452606e-06, 1.70503824393e-06, 6.1236056581e-07, 2.12122529319e-07, 1.16809395934e-07, 5.44713039119e-08, 8.06415982879e-08, 3.48339241896e-08, 1.77600743001e-08, 4.82071058627e-08, 3.82797011866e-08, 1.23275910369e-07, 1.94853114976e-07, 4.52949606711e-08, 2.21013596313e-10],
        "dvar2": [7.36553829483e-06, 0.00228782743216, 0.00155435898341, 0.000249217031524, 5.25172508787e-05, 1.46674747157e-05, 2.3310085453e-05, 1.10214878077e-05, 8.29812142911e-06, 1.62380511028e-05, 3.65924142898e-06, 2.80834524347e-06, 3.14447061101e-06, 4.15502290707e-06, 1.59506828368e-06, 4.61108271566e-07, 2.88306836183e-07, 1.30553331701e-07, 1.94805892306e-07, 8.57941699905e-08, 3.94268404591e-08, 9.78552066044e-08, 7.97859840418e-08, 2.28577476946e-07, 3.67081639752e-07, 8.89690880967e-08, 5.80584136323e-10],
        "max": [0.0119264638051, 0.226271227002, 0.13097192347, 0.0563289709389, 0.0418242253363, 0.0289550274611, 0.0341726541519, 0.0341956615448, 0.0333068631589, 0.0213318113238, 0.0144799919799, 0.0259769726545, 0.0184609331191, 0.0198430754244, 0.00818213634193, 0.00843603722751, 0.0031043770723, 0.00331009319052, 0.00340049760416, 0.00224842410535, 0.00233056256548, 0.00300018722191, 0.00303219119087, 0.00465451832861, 0.00689156167209, 0.00383520382456, 0.000162183205248],
        "mean": [0.00230528321117, 0.0321004539728, 0.00774354720488, 0.00196865713224, 0.00346257933415, 0.00159994489513, 0.00309900008142, 0.00103766540997, 0.00124454463366, 0.00105858244933, 0.000767062883824, 0.000714102177881, 0.000823035254143, 0.000765075674281, 0.000405278959079, 0.000301053514704, 0.000227325333981, 0.000123564997921, 0.000157140952069, 0.00011363660451, 9.00778104551e-05, 0.000170679792063, 0.000110425833554, 0.000221228474402, 0.000298770290101, 0.000158013906912, 5.16415229868e-06],
        "median": [0.00126109586563, 0.0113216210157, 0.00139970215969, 0.000308911607135, 0.00163191941101, 0.000399912736611, 0.00113389757462, 0.000207251447137, 0.000436026544776, 0.000214718136704, 0.000138144809171, 0.000164126526215, 0.000169309176272, 0.000236877138377, 0.000108356034616, 8.36770777823e-05, 8.29267737572e-05, 4.24945574196e-05, 5.92819123995e-05, 3.80605160899e-05, 2.74755620921e-05, 4.74257394671e-05, 2.87389939331e-05, 7.45790239307e-05, 0.000121102377307, 5.62001660001e-05, 6.2860823391e-07],
        "min": [2.16661673138e-23, 6.02108498874e-24, 1.12993154402e-23, 3.42291479941e-24, 1.91779359357e-23, 5.40406701876e-23, 3.99308957775e-23, 3.02428129589e-23, 6.7711856867e-23, 2.60382679534e-23, 1.0851369926e-22, 1.76215092676e-22, 6.37383076894e-23, 9.56454215209e-23, 2.65355163276e-22, 1.64647299471e-22, 9.40641466809e-23, 2.26246595038e-22, 2.57523402696e-22, 2.97427395161e-22, 3.90675373727e-22, 6.95924305831e-22, 4.61528714533e-22, 8.40083701146e-22, 1.29152781982e-21, 1.60985028495e-21, 2.78528958639e-21],
        "stdev": [0.00274807121605, 0.0458029508591, 0.0185440611094, 0.00686958245933, 0.00472227996215, 0.00319269346073, 0.00444199936464, 0.00260177720338, 0.00226831273176, 0.00245901220478, 0.00162358081434, 0.00158346630633, 0.00170158653054, 0.00146652618423, 0.000760240305681, 0.000666054256726, 0.000375740171876, 0.000248474359978, 0.000300468993373, 0.000204222131288, 0.000168094484252, 0.00031237010262, 0.000266599963652, 0.00050045340322, 0.000626021879725, 0.000325153814629, 1.36219177875e-05],
        "var": [7.55189603296e-06, 0.00209791027009, 0.000343882187735, 4.71911662316e-05, 2.22999296966e-05, 1.01932919279e-05, 1.97313584067e-05, 6.76924446452e-06, 5.14524299433e-06, 6.04674096394e-06, 2.63601464212e-06, 2.50736547969e-06, 2.89539661935e-06, 2.15069917431e-06, 5.77965295179e-07, 4.43628266567e-07, 1.41180677815e-07, 6.17395130575e-08, 9.02816168491e-08, 4.17066772229e-08, 2.82557568454e-08, 9.75750822363e-08, 7.10755401201e-08, 2.5045358143e-07, 3.919033702e-07, 1.05725007415e-07, 1.85556639498e-10]
    },
    "erbbands": {
        "dmean": [0.710174798965, 4.6271033287, 10.5922842026, 10.5219278336, 8.00140094757, 10.0221395493, 7.83084917068, 12.2150163651, 23.1802959442, 28.2450332642, 16.6288375854, 19.6430511475, 21.9585037231, 31.5800514221, 22.2599487305, 21.0246562958, 24.8936595917, 29.3061962128, 23.8874664307, 12.8804740906, 11.3642940521, 10.5328722, 6.17837667465, 6.23896789551, 5.80210065842, 4.23584604263, 2.76394534111, 2.84705257416, 4.00983953476, 2.96273851395, 2.19234108925, 2.32825946808, 2.8625729084, 2.29201292992, 1.36173737049, 0.636025547981, 0.172767654061, 0.023151749745, 0.000607508001849, 4.13052475778e-05],
        "dmean2": [0.917731404305, 6.58466720581, 18.1308307648, 19.5951576233, 14.2917566299, 16.599187851, 13.1878900528, 20.022687912, 37.0715675354, 45.3108062744, 26.5189208984, 32.2206306458, 35.7654876709, 51.8624420166, 34.2659835815, 32.0933074951, 39.8984603882, 46.8538246155, 39.0579452515, 20.42603302, 17.7378234863, 16.4034004211, 9.9549407959, 10.1430158615, 9.16080474854, 6.803211689, 4.40310382843, 4.36624908447, 5.98357820511, 4.47776317596, 3.38139796257, 3.49911427498, 4.30912494659, 3.4708237648, 2.06162905693, 0.96211451292, 0.269378125668, 0.0373834893107, 0.00097571342485, 5.74739642616e-05],
        "dvar": [1.53356707096, 72.0364761353, 568.836120605, 974.578063965, 369.685333252, 262.826965332, 256.022338867, 596.519470215, 1759.01879883, 3335.6706543, 1656.65881348, 2393.11938477, 1791.30883789, 6020.13623047, 1839.11706543, 1805.08398438, 3023.50415039, 3767.03125, 2534.40161133, 633.750183105, 536.780273438, 417.198425293, 167.072555542, 278.975036621, 124.389816284, 86.7719955444, 35.867389679, 38.3997955322, 68.7888717651, 49.4196929932, 29.9510440826, 33.4297866821, 47.6541557312, 28.8155059814, 9.53070354462, 1.66140639782, 0.120827309787, 0.00230657798238, 1.69335385181e-06, 2.92472113195e-09],
        "dvar2": [2.27848029137, 168.61579895, 1531.25622559, 2800.81347656, 1045.62133789, 665.518188477, 641.791564941, 1410.07739258, 4348.28564453, 7754.76904297, 4136.78564453, 6227.92431641, 4360.72363281, 16013.4472656, 4589.08154297, 3897.22924805, 7099.09130859, 8907.47265625, 6384.97949219, 1418.79711914, 1200.33532715, 1022.65075684, 404.14151001, 686.356628418, 305.04385376, 217.560150146, 86.0979995728, 82.5195922852, 144.75453186, 102.931838989, 62.1119651794, 68.1276168823, 87.1066360474, 55.3701896667, 18.754114151, 3.12022519112, 0.251875013113, 0.00566940335557, 4.20271226176e-06, 5.94633631223e-09],
        "max": [7.39670181274, 52.6124267578, 127.34853363, 177.621658325, 142.340682983, 148.815948486, 212.205154419, 296.79208374, 580.486022949, 686.632324219, 741.185119629, 1004.96368408, 436.297485352, 768.776916504, 528.900390625, 699.812255859, 900.125915527, 907.440856934, 621.093933105, 323.47177124, 278.129882812, 204.617294312, 134.940643311, 243.358398438, 111.034111023, 115.200775146, 47.5473518372, 126.654067993, 120.95930481, 103.031257629, 85.0110931396, 69.9354019165, 98.3135986328, 87.5981750488, 56.0447921753, 23.8088436127, 6.71221971512, 0.781648218632, 0.0163265392184, 0.000705610087607],
        "mean": [1.23045361042, 5.92434692383, 9.71964168549, 7.7999997139, 7.77459812164, 14.0892276764, 9.37454223633, 16.1999588013, 38.8400802612, 39.1965942383, 22.0775184631, 25.5036277771, 28.4104766846, 37.367275238, 32.8682441711, 27.590133667, 37.5280914307, 40.1071128845, 28.8479137421, 17.1199951172, 17.2912139893, 13.5985364914, 7.61351633072, 7.35475349426, 7.63125133514, 5.37487125397, 3.44951486588, 4.30944395065, 6.41759109497, 4.39315652847, 3.07315778732, 3.28142404556, 4.47081136703, 3.56013679504, 1.97467541695, 0.925406813622, 0.239489585161, 0.0280873142183, 0.000750621664338, 9.60119941738e-05],
        "median": [0.543814122677, 1.37247240543, 2.51094412804, 1.87537586689, 2.88206076622, 5.36967658997, 3.35886788368, 4.79031085968, 13.6544122696, 13.6906700134, 6.63371324539, 9.16002559662, 9.75225639343, 9.94086933136, 8.59046840668, 7.4453625679, 8.16688632965, 13.361738205, 8.51378440857, 4.85617733002, 5.66139984131, 5.2500500679, 2.90592265129, 2.46775603294, 3.27686023712, 1.85329675674, 1.1861923933, 1.11029279232, 1.73848986626, 1.20848894119, 0.801069438457, 0.901251077652, 1.56937861443, 1.35369241238, 0.768693625927, 0.330101072788, 0.0793934240937, 0.0079964324832, 0.000240360051976, 6.80841694702e-05],
        "min": [2.36584661378e-22, 1.50101686352e-21, 1.17208407027e-20, 1.38112149679e-20, 4.98262032429e-20, 5.21689919952e-20, 2.39937074958e-19, 4.2290027577e-19, 3.81413704231e-19, 9.66977858387e-19, 7.23121291494e-19, 1.32105313998e-18, 9.69265529769e-19, 1.39545452056e-18, 5.53543682451e-18, 7.92095995026e-18, 4.03388232833e-18, 4.57925656825e-18, 7.87831465378e-18, 1.36140412695e-17, 9.56188362631e-18, 6.66117793941e-18, 1.04787215183e-17, 1.63765929049e-17, 9.931220597e-18, 1.29836336898e-17, 1.89338713994e-17, 1.57075841147e-17, 2.75541356298e-17, 1.73013626317e-17, 1.21393494637e-17, 1.6852120841e-17, 1.38327511322e-17, 1.29567643819e-17, 9.93395360174e-18, 6.00016426344e-18, 3.28364915828e-18, 1.43848414583e-18, 3.52854440553e-19, 4.0778559864e-20],
        "stdev": [1.75299358368, 9.74002170563, 20.3629970551, 23.4691638947, 15.6860408783, 20.206867218, 17.6514663696, 30.4278888702, 61.2030601501, 69.4892578125, 49.999961853, 50.5253219604, 51.9860992432, 76.2050857544, 58.02602005, 53.7222709656, 76.5652008057, 72.6603775024, 52.7736434937, 32.1984672546, 32.3017044067, 22.7691307068, 13.7579898834, 16.7209033966, 12.5424032211, 9.84360599518, 6.52872085571, 8.22558116913, 11.7701158524, 9.42602062225, 7.50165748596, 7.76507902145, 9.88313865662, 7.46702671051, 4.29978227615, 1.95804321766, 0.494509875774, 0.0563165768981, 0.00143946066964, 8.38629493956e-05],
        "var": [3.07298660278, 94.8680267334, 414.651672363, 550.801635742, 246.051864624, 408.317474365, 311.574279785, 925.856445312, 3745.81469727, 4828.75732422, 2499.99633789, 2552.80810547, 2702.55444336, 5807.21533203, 3367.01904297, 2886.08227539, 5862.22998047, 5279.53076172, 2785.05761719, 1036.74121094, 1043.40014648, 518.433288574, 189.282287598, 279.588623047, 157.31187439, 96.8965759277, 42.6241989136, 67.6601791382, 138.535629272, 88.8498687744, 56.2748680115, 60.2964515686, 97.6764221191, 55.7564849854, 18.4881286621, 3.83393335342, 0.244540020823, 0.00317155686207, 2.07204698199e-06, 7.03299374294e-09]
    },
    "gfcc": {
        "mean": [11.9773778915, 81.7306518555, -80.7383728027, 20.0454349518, -48.4070396423, 30.3799476624, -40.4207420349, 22.401599884, -22.680765152, 15.8197793961, -14.0876550674, 5.50278902054, -9.81443405151],
        "cov": [[6184.68896484, -890.363952637, -580.060424805, -101.084472656, -299.681610107, 164.301879883, -57.148891449, -11.3477706909, -145.706985474, 282.904907227, -204.813278198, 212.036422729, -127.130905151], [-890.363952637, 1335.2598877, 221.134292603, -58.368522644, 335.840881348, 20.7033500671, 178.231414795, 56.1333389282, 144.675033569, -54.8643989563, 108.677749634, -96.771484375, 48.5606117249], [-580.060424805, 221.134292603, 783.736816406, 367.001342773, 222.444763184, 85.2419204712, 78.6567840576, 106.365829468, 57.3230514526, -32.5968513489, 57.3230705261, -63.9141769409, -3.17704892159], [-101.084472656, -58.368522644, 367.001342773, 591.680541992, 196.532928467, 66.8969955444, 46.454750061, 97.5179367065, 93.161277771, -22.9329948425, 56.2188835144, -32.5399169922, 19.9024276733], [-299.681610107, 335.840881348, 222.444763184, 196.532928467, 364.566375732, 119.429580688, 131.087234497, 93.9966278076, 117.913581848, 16.1631355286, 48.8253479004, -45.668926239, 8.39067459106], [164.301879883, 20.7033500671, 85.2419204712, 66.8969955444, 119.429580688, 209.685348511, 152.102355957, 51.4643783569, 56.1982650757, 48.967502594, 12.4902048111, 7.45953464508, 6.79112529755], [-57.148891449, 178.231414795, 78.6567840576, 46.454750061, 131.087234497, 152.102355957, 324.808013916, 97.327003479, 51.3736457825, 30.65467453, 43.2622261047, 6.74960374832, -1.35620236397], [-11.3477706909, 56.1333389282, 106.365829468, 97.5179367065, 93.9966278076, 51.4643783569, 97.327003479, 173.469909668, 58.6701507568, 18.3975162506, 47.0545501709, -3.19559717178, 7.1261472702], [-145.706985474, 144.675033569, 57.3230514526, 93.161277771, 117.913581848, 56.1982650757, 51.3736457825, 58.6701507568, 165.243972778, 51.6878395081, 32.9208564758, -7.01463413239, 32.978515625], [282.904907227, -54.8643989563, -32.5968513489, -22.9329948425, 16.1631355286, 48.967502594, 30.65467453, 18.3975162506, 51.6878395081, 132.083175659, 14.7511787415, 4.54309749603, -1.93562734127], [-204.813278198, 108.677749634, 57.3230705261, 56.2188835144, 48.8253479004, 12.4902048111, 43.2622261047, 47.0545501709, 32.9208564758, 14.7511787415, 110.936813354, 13.0465888977, 15.5828065872], [212.036422729, -96.771484375, -63.9141769409, -32.5399169922, -45.668926239, 7.45953464508, 6.74960374832, -3.19559717178, -7.01463413239, 4.54309749603, 13.0465888977, 101.821121216, 35.2037200928], [-127.130905151, 48.5606117249, -3.17704892159, 19.9024276733, 8.39067459106, 6.79112529755, -1.35620236397, 7.1261472702, 32.978515625, -1.93562734127, 15.5828065872, 35.2037200928, 89.3539428711]],
        "icov": [[0.000294574623695, -0.000158722090418, 0.000237578598899, -0.000350712594809, 0.000216222237214, -0.000396901654312, 0.000257202744251, -0.000335803139023, 0.000476958666695, -0.000818966305815, 0.000724230776541, -0.000880051869899, 0.000659130630083], [-0.000158722090418, 0.00189613050316, -0.000546890252735, 0.00148783426266, -0.00165650120471, 0.00124787422828, -0.00108321022708, 0.000918712699786, -0.00147521856707, 0.00180011277553, -0.00183166819625, 0.00212705694139, -0.00157126714475], [0.000237578598899, -0.000546890252735, 0.00234031421132, -0.00153458327986, 1.70409214206e-06, -0.000993474270217, 0.000541409885045, -0.000878432649188, 0.00112072436605, -0.000530186342075, 0.000470526982099, -0.000265765964286, 0.00081140792463], [-0.000350712594809, 0.00148783426266, -0.00153458327986, 0.00409860070795, -0.00189826940186, 0.000877767452039, -0.000502504350152, 0.000404726626584, -0.0022466822993, 0.00270473980345, -0.00233471510001, 0.00226794392802, -0.00180198042654], [0.000216222237214, -0.00165650120471, 1.70409214206e-06, -0.00189826940186, 0.00682282401249, -0.00280578946695, 0.000295697274851, -0.00128257775214, -0.00109696260188, -0.000814297702163, 0.000951796304435, -0.000133082241518, 0.00158376235049], [-0.000396901654312, 0.00124787422828, -0.000993474270217, 0.000877767452039, -0.00280578946695, 0.0101547827944, -0.00437064515427, 0.00130420632195, -0.00154059636407, -0.000767927442212, 0.00010885859956, 0.000546127732377, -0.00183456134982], [0.000257202744251, -0.00108321022708, 0.000541409885045, -0.000502504350152, 0.000295697274851, -0.00437064515427, 0.00625982135534, -0.00257178675383, 0.00127189478371, -0.000890192517545, 0.000225032577873, -0.00200519803911, 0.0019523864612], [-0.000335803139023, 0.000918712699786, -0.000878432649188, 0.000404726626584, -0.00128257775214, 0.00130420632195, -0.00257178675383, 0.00915632024407, -0.00251057487912, 0.0012261075899, -0.00319413654506, 0.00143005815335, -0.000899613252841], [0.000476958666695, -0.00147521856707, 0.00112072436605, -0.0022466822993, -0.00109696260188, -0.00154059636407, 0.00127189478371, -0.00251057487912, 0.0123111139983, -0.00597587274387, 0.00168932543602, -0.0013739108108, -0.00196629203856], [-0.000818966305815, 0.00180011277553, -0.000530186342075, 0.00270473980345, -0.000814297702163, -0.000767927442212, -0.000890192517545, 0.0012261075899, -0.00597587274387, 0.0135276829824, -0.00442372495309, 0.00359476474114, -0.000887459435035], [0.000724230776541, -0.00183166819625, 0.000470526982099, -0.00233471510001, 0.000951796304435, 0.00010885859956, 0.000225032577873, -0.00319413654506, 0.00168932543602, -0.00442372495309, 0.0144229009748, -0.00550305331126, 0.00165663147345], [-0.000880051869899, 0.00212705694139, -0.000265765964286, 0.00226794392802, -0.000133082241518, 0.000546127732377, -0.00200519803911, 0.00143005815335, -0.0013739108108, 0.00359476474114, -0.00550305331126, 0.0177103672177, -0.00852908566594], [0.000659130630083, -0.00157126714475, 0.00081140792463, -0.00180198042654, 0.00158376235049, -0.00183456134982, 0.0019523864612, -0.000899613252841, -0.00196629203856, -0.000887459435035, 0.00165663147345, -0.00852908566594, 0.0172833558172]]
    },
    "melbands": {
        "dmean": [0.00562311382964, 0.00495291035622, 0.00170429237187, 0.000617241777945, 0.000308170390781, 0.000263913127128, 0.00036306513357, 0.000285055051791, 0.000131699431222, 0.000126023456687, 0.000115298484161, 0.000137259572512, 8.10188503237e-05, 6.39969075564e-05, 5.76332931814e-05, 5.41799890925e-05, 5.55177939532e-05, 4.36331647506e-05, 2.33409664361e-05, 1.42160206451e-05, 1.33745215862e-05, 1.15304010251e-05, 8.69992254593e-06, 4.45108526037e-06, 5.32685862709e-06, 4.91083574161e-06, 3.67708071281e-06, 2.70345253739e-06, 1.82648238933e-06, 1.53331086494e-06, 1.80494691904e-06, 2.54075689554e-06, 1.95259917746e-06, 1.61335026405e-06, 1.34351262204e-06, 1.18340324207e-06, 1.59554213042e-06, 2.05748915505e-06, 2.23658821596e-06, 1.95400866687e-06],
        "dmean2": [0.0071657449007, 0.00757137546316, 0.0031460840255, 0.00105183338746, 0.000514781335369, 0.00043271217146, 0.000574300705921, 0.000458566733869, 0.000212414539419, 0.000203640884138, 0.000188387115486, 0.000225812938879, 0.000126350962091, 0.000100416895293, 9.14057309274e-05, 8.63707246026e-05, 8.91919480637e-05, 7.13938716217e-05, 3.87598120142e-05, 2.14105166378e-05, 2.13946386793e-05, 1.79631933861e-05, 1.43210954775e-05, 7.16322256267e-06, 8.78500395629e-06, 7.85639440437e-06, 5.90488753005e-06, 4.39813948105e-06, 2.93681068797e-06, 2.41346629082e-06, 2.78043648905e-06, 3.840338195e-06, 2.95175846077e-06, 2.4884116101e-06, 2.10956909541e-06, 1.79887297236e-06, 2.44505417868e-06, 3.13228633786e-06, 3.40565156876e-06, 2.97709516417e-06],
        "dvar": [9.2959322501e-05, 9.00659142644e-05, 2.37971016759e-05, 1.25125336581e-06, 3.21796363778e-07, 2.67554923994e-07, 3.79766731839e-07, 3.29325416715e-07, 8.98867114074e-08, 8.46558094736e-08, 5.08822424194e-08, 1.19878237115e-07, 3.18267510124e-08, 2.22958504992e-08, 1.43288438892e-08, 1.39740032878e-08, 1.35723094985e-08, 9.85200276915e-09, 2.86766832502e-09, 1.40437339535e-09, 7.73894281991e-10, 4.88376061814e-10, 3.1561489533e-10, 1.0449587029e-10, 2.13296783014e-10, 1.09433510864e-10, 5.03320163325e-11, 3.65347058162e-11, 1.65398181262e-11, 9.91046220783e-12, 1.74718971929e-11, 2.98554618527e-11, 1.82502971069e-11, 1.65513852624e-11, 1.08839300419e-11, 1.01706585862e-11, 1.61702595758e-11, 2.57108986879e-11, 2.72407704033e-11, 2.09189644773e-11],
        "dvar2": [0.000159916147823, 0.000214669402339, 6.79722579662e-05, 3.36395328304e-06, 8.01410806162e-07, 6.33909166936e-07, 9.33367175548e-07, 7.83269001658e-07, 2.25790088848e-07, 2.14877147187e-07, 1.24738548379e-07, 3.19210300859e-07, 7.91390775134e-08, 4.57005207011e-08, 3.28645661796e-08, 2.95810984596e-08, 3.24526077122e-08, 2.47979041745e-08, 7.49663353616e-09, 2.68225419653e-09, 1.78882342272e-09, 1.16884735224e-09, 7.86431919586e-10, 2.50919757194e-10, 5.26670929091e-10, 2.75529599136e-10, 1.23130061702e-10, 9.31323282383e-11, 3.98738715657e-11, 2.27812681913e-11, 3.83111285751e-11, 6.4388439025e-11, 3.90987103804e-11, 3.54116944101e-11, 2.32079910845e-11, 2.34860238896e-11, 3.29372154551e-11, 4.93337246055e-11, 5.68490428343e-11, 4.08778774719e-11],
        "max": [0.0642645582557, 0.0523686110973, 0.0276147443801, 0.0115441726521, 0.00672840233892, 0.00604687491432, 0.00808561127633, 0.00649482477456, 0.00494310865179, 0.0060829478316, 0.00242862431332, 0.00339045468718, 0.00230479938909, 0.00364738376811, 0.00218587531708, 0.00158202508464, 0.00161564454902, 0.00147197942715, 0.000645137333777, 0.000867667491548, 0.000373323098756, 0.000244178896537, 0.00017610170471, 0.000157955277245, 0.000212317623664, 0.000114209287858, 7.32144326321e-05, 6.96108691045e-05, 3.25784312736e-05, 4.34098874393e-05, 8.71463635121e-05, 8.21391149657e-05, 4.91427272209e-05, 6.27950721537e-05, 5.36469233339e-05, 5.78008184675e-05, 4.67925201519e-05, 6.66057312628e-05, 6.92519315635e-05, 7.30965839466e-05],
        "mean": [0.00977917294949, 0.00577670475468, 0.00134205701761, 0.000804651004728, 0.000395889248466, 0.000347341148881, 0.000614736694843, 0.000387086474802, 0.000169471677509, 0.000164904005942, 0.000145592159242, 0.000157187067089, 0.000118747411761, 8.06543102954e-05, 7.67301098676e-05, 8.29677010188e-05, 7.23629636923e-05, 5.10274476255e-05, 2.5058445317e-05, 2.00499871426e-05, 1.94582862605e-05, 1.44198729686e-05, 9.82913934422e-06, 5.19354989592e-06, 5.93919503444e-06, 6.07712900091e-06, 4.72106603411e-06, 3.20296067002e-06, 2.15130626202e-06, 1.9152216737e-06, 2.73727437161e-06, 3.92514220948e-06, 2.94167352877e-06, 2.24899895329e-06, 1.80307620212e-06, 1.52794007136e-06, 2.19868707063e-06, 3.08113885694e-06, 3.24919005834e-06, 2.96080565931e-06],
        "median": [0.00416955631226, 0.00177376670763, 0.000366480933735, 0.000372004898963, 0.000155173009261, 9.55273717409e-05, 0.000245966773946, 0.000131208696985, 4.17554292653e-05, 5.72136996198e-05, 4.50897132396e-05, 3.81003483199e-05, 2.71048284048e-05, 1.76932408067e-05, 1.58714210556e-05, 2.0658097128e-05, 2.19706435018e-05, 1.33184285005e-05, 6.68332222631e-06, 5.33535876457e-06, 6.45830687063e-06, 5.11667394676e-06, 3.11646817863e-06, 1.78615403001e-06, 1.73803334746e-06, 2.35091624745e-06, 1.78854270416e-06, 9.74784484242e-07, 6.90609908816e-07, 5.65299671962e-07, 6.47524359465e-07, 9.78672801466e-07, 8.39224469473e-07, 5.51638834168e-07, 4.53279398016e-07, 3.50500101831e-07, 5.8481589349e-07, 1.01459136204e-06, 1.09826430617e-06, 1.1138388345e-06],
        "min": [3.26688107058e-24, 4.61355360771e-24, 3.33472606666e-24, 3.88431480971e-24, 6.48606918856e-24, 9.53558101722e-24, 7.15844097606e-24, 9.9873119594e-24, 6.48381935726e-24, 9.0361516004e-24, 4.76083472758e-24, 4.33293093461e-24, 1.76476088884e-23, 2.04012888057e-23, 1.42208586473e-23, 6.64142074992e-24, 8.56301886186e-24, 1.00318463129e-23, 2.08731806661e-23, 1.29028890114e-23, 1.07741596916e-23, 6.90279640023e-24, 5.14464671797e-24, 1.26111232836e-23, 1.36736637027e-23, 8.8192464059e-24, 7.5417808332e-24, 8.5613149223e-24, 1.23290534452e-23, 8.99282183746e-24, 9.67377919262e-24, 1.73048598692e-23, 1.0771378168e-23, 9.0599980767e-24, 5.09188612291e-24, 1.17758245035e-23, 9.49001877791e-24, 9.09450837472e-24, 9.99150948828e-24, 1.16663937187e-23],
        "stdev": [0.0136504331604, 0.00985183101147, 0.00370677793398, 0.0011578288395, 0.00063240271993, 0.000651205191389, 0.000916719611268, 0.000699939089827, 0.000366934080375, 0.000318116392009, 0.000274772755802, 0.000338378362358, 0.000238636275753, 0.000196047651116, 0.000153449960635, 0.000176123678102, 0.000134436879307, 0.000103688384115, 5.1369650464e-05, 5.37786472705e-05, 3.63674807886e-05, 2.4927985578e-05, 1.84827786143e-05, 1.06992265501e-05, 1.44825908137e-05, 1.10912324089e-05, 8.05576109997e-06, 6.24356198387e-06, 4.31376520282e-06, 3.80691108148e-06, 5.48976277059e-06, 7.52768482926e-06, 5.73789702685e-06, 5.29206272404e-06, 4.43535282102e-06, 3.968182682e-06, 5.3256544561e-06, 7.09363348506e-06, 6.97562882124e-06, 6.29695432508e-06],
        "var": [0.000186334335012, 9.70585824689e-05, 1.37402030305e-05, 1.3405676782e-06, 3.99933213657e-07, 4.24068190341e-07, 8.40374809741e-07, 4.89914725676e-07, 1.34640615101e-07, 1.01198033065e-07, 7.5500061314e-08, 1.1449991888e-07, 5.69472717871e-08, 3.84346812154e-08, 2.35468888832e-08, 3.10195495956e-08, 1.80732744326e-08, 1.07512807546e-08, 2.63884092355e-09, 2.89214274751e-09, 1.3225935902e-09, 6.21404427914e-10, 3.41613126675e-10, 1.14473444612e-10, 2.09745443236e-10, 1.23015445053e-10, 6.48952835913e-11, 3.89820675739e-11, 1.86085712811e-11, 1.44925712056e-11, 3.01374966649e-11, 5.66660364465e-11, 3.29234625673e-11, 2.8005929173e-11, 1.96723557583e-11, 1.57464753042e-11, 2.83625935238e-11, 5.03196373458e-11, 4.86593994264e-11, 3.96516326717e-11]
    },
    "melbands128": {
