{
"lowlevel": {
    "average_loudness": 0.928225338459,
    "barkbands_crest": {
        "dmean": 2.64214324951,
        "dmean2": 4.11876296997,
        "dvar": 7.04651880264,
        "dvar2": 15.5215826035,
        "max": 25.8800811768,
        "mean": 12.8653249741,
        "median": 12.0753641129,
        "min": 1.80016064644,
        "stdev": 5.34281349182,
        "var": 28.5456542969
    },
    "barkbands_flatness_db": {
        "dmean": 0.0296384617686,
        "dmean2": 0.0431868508458,
        "dvar": 0.00092824571766,
        "dvar2": 0.00168075738475,
        "max": 0.511917889118,
        "mean": 0.193267434835,
        "median": 0.182942792773,
        "min": 0.0163738783449,
        "stdev": 0.0680993646383,
        "var": 0.0046375230886
    },
    "barkbands_kurtosis": {
        "dmean": 11.7417297363,
        "dmean2": 17.7136363983,
        "dvar": 852.299560547,
        "dvar2": 1795.84411621,
        "max": 723.542785645,
        "mean": 18.0116767883,
        "median": 6.85384178162,
        "min": -1.93616223335,
        "stdev": 43.7423820496,
        "var": 1913.39599609
    },
    "barkbands_skewness": {
        "dmean": 1.01621162891,
        "dmean2": 1.49244308472,
        "dvar": 1.71528530121,
        "dvar2": 3.52466368675,
        "max": 21.9329319,
        "mean": 2.78081870079,
        "median": 2.35127687454,
        "min": -3.72680258751,
        "stdev": 2.38273644447,
        "var": 5.67743349075
    },
    "barkbands_spread": {
        "dmean": 7.15351772308,
        "dmean2": 10.4449548721,
        "dvar": 140.472137451,
        "dvar2": 269.860443115,
        "max": 115.274482727,
        "mean": 18.7077102661,
        "median": 12.8968315125,
        "min": 0.303035497665,
        "stdev": 20.5292720795,
        "var": 421.45098877
    },
    "dissonance": {
        "dmean": 0.0274478513747,
        "dmean2": 0.0445373915136,
        "dvar": 0.000957120326348,
        "dvar2": 0.00247476203367,
        "max": 0.5,
        "mean": 0.437571704388,
        "median": 0.447578310966,
        "min": 0.145968079567,
        "stdev": 0.0426743403077,
        "var": 0.00182109943125
    },
    "dynamic_complexity": 2.89642310143,
    "erbbands_crest": {
        "dmean": 2.71936798096,
        "dmean2": 4.42513942719,
        "dvar": 7.12312173843,
        "dvar2": 17.5532073975,
        "max": 30.9335212708,
        "mean": 9.61762523651,
        "median": 8.48519515991,
        "min": 2.68541359901,
        "stdev": 4.6788392067,
        "var": 21.8915348053
    },
    "erbbands_flatness_db": {
        "dmean": 0.0206521917135,
        "dmean2": 0.0307575426996,
        "dvar": 0.000425561476732,
        "dvar2": 0.000870427524205,
        "max": 0.343832522631,
        "mean": 0.152289673686,
        "median": 0.148544996977,
        "min": 0.0574762634933,
        "stdev": 0.0428314805031,
        "var": 0.00183453562204
    },
    "erbbands_kurtosis": {
        "dmean": 1.53008401394,
        "dmean2": 2.38362026215,
        "dvar": 5.31807327271,
        "dvar2": 13.0141086578,
        "max": 29.2857055664,
        "mean": 1.68736541271,
        "median": 0.854710817337,
        "min": -1.79057085514,
        "stdev": 2.9456372261,
        "var": 8.67677879333
    },
    "erbbands_skewness": {
        "dmean": 0.482198238373,
        "dmean2": 0.715975880623,
        "dvar": 0.303400367498,
        "dvar2": 0.623837649822,
        "max": 3.66774129868,
        "mean": 0.659218847752,
        "median": 0.709320962429,
        "min": -4.82757329941,
        "stdev": 0.922617197037,
        "var": 0.851222455502
    },
    "erbbands_spread": {
        "dmean": 12.4964895248,
        "dmean2": 18.7708377838,
        "dvar": 232.109832764,
        "dvar2": 511.175537109,
        "max": 147.375793457,
        "mean": 43.1426429749,
        "median": 36.8871917725,
        "min": 6.00151109695,
        "stdev": 24.5102748871,
        "var": 600.753601074
    },
    "hfc": {
        "dmean": 11.4411525726,
        "dmean2": 17.2407493591,
        "dvar": 817.245361328,
        "dvar2": 2006.64135742,
        "max": 298.811035156,
        "mean": 20.6602859497,
        "median": 12.5181884766,
        "min": 1.14227819242e-16,
        "stdev": 29.7386569977,
        "var": 884.387756348
    },
    "loudness_ebu128": {
        "integrated": -10.5606527328,
        "loudness_range": 2.35409736633,
        "momentary": {
            "dmean": 0.783315002918,
            "dmean2": 0.95470303297,
            "dvar": 0.691398143768,
            "dvar2": 1.19573223591,
            "max": -7.43213367462,
            "mean": -10.994553566,
            "median": -10.6056098938,
            "min": -17.0942420959,
            "stdev": 2.05777525902,
            "var": 4.23443889618
        },
        "short_term": {
            "dmean": 0.106753058732,
            "dmean2": 0.116223528981,
            "dvar": 0.0110575035214,
            "dvar2": 0.0172468721867,
            "max": -9.4280796051,
            "mean": -10.6689863205,
            "median": -10.2980051041,
            "min": -13.2149133682,
            "stdev": 0.88822633028,
            "var": 0.788945972919
        }
    },
    "melbands_crest": {
        "dmean": 2.9956908226,
        "dmean2": 4.75624370575,
        "dvar": 9.7843542099,
        "dvar2": 24.0249099731,
        "max": 35.6778793335,
        "mean": 16.2515144348,
        "median": 16.0033664703,
        "min": 3.5597422123,
        "stdev": 5.95551681519,
        "var": 35.4681777954
    },
    "melbands_flatness_db": {
        "dmean": 0.0366499759257,
        "dmean2": 0.0517475120723,
        "dvar": 0.00145358138252,
        "dvar2": 0.00261406740174,
        "max": 0.629818499088,
        "mean": 0.268739581108,
        "median": 0.258315354586,
        "min": 0.00782115198672,
        "stdev": 0.0900329351425,
        "var": 0.00810592900962
    },
    "melbands_kurtosis": {
        "dmean": 22.7419223785,
        "dmean2": 35.6990776062,
        "dvar": 2185.82861328,
        "dvar2": 4995.06738281,
        "max": 586.563171387,
        "mean": 36.3699035645,
        "median": 17.5462741852,
        "min": -1.81067252159,
        "stdev": 59.9841423035,
        "var": 3598.09741211
    },
    "melbands_skewness": {
        "dmean": 1.20019483566,
        "dmean2": 1.78955817223,
        "dvar": 2.15258431435,
        "dvar2": 4.50736618042,
        "max": 18.6083469391,
        "mean": 3.86093235016,
        "median": 3.31994724274,
        "min": -1.13676357269,
        "stdev": 2.51583886147,
        "var": 6.32944536209
    },
    "melbands_spread": {
        "dmean": 8.07924556732,
        "dmean2": 11.9196147919,
        "dvar": 339.089263916,
        "dvar2": 670.609375,
        "max": 234.137527466,
        "mean": 17.1468791962,
        "median": 10.697306633,
        "min": 0.283075362444,
        "stdev": 24.5340557098,
        "var": 601.91986084
    },
    "pitch_salience": {
        "dmean": 0.0852590203285,
        "dmean2": 0.137978166342,
        "dvar": 0.00710621988401,
        "dvar2": 0.0177236013114,
        "max": 0.941577017307,
        "mean": 0.494382351637,
        "median": 0.498298197985,
        "min": 0.0692579299212,
        "stdev": 0.165643721819,
        "var": 0.0274378433824
    },
    "silence_rate_20dB": {
        "dmean": 0.0123839005828,
        "dmean2": 0.0247869864106,
        "dvar": 0.0122306840494,
        "dvar2": 0.0365658998489,
        "max": 1,
        "mean": 0.993812859058,
        "median": 1,
        "min": 0,
        "stdev": 0.0784142240882,
        "var": 0.00614879047498
    },
    "silence_rate_30dB": {
        "dmean": 0.0371517017484,
        "dmean2": 0.0743609592319,
        "dvar": 0.0357719622552,
        "dvar2": 0.075029335916,
        "max": 1,
        "mean": 0.932714641094,
        "median": 1,
        "min": 0,
        "stdev": 0.250512450933,
        "var": 0.062756486237
    },
    "silence_rate_60dB": {
        "dmean": 0.0131578948349,
        "dmean2": 0.0263361725956,
        "dvar": 0.0129851410165,
        "dvar2": 0.0302907135338,
        "max": 1,
        "mean": 0.0123743228614,
        "median": 0,
        "min": 0,
        "stdev": 0.110551141202,
        "var": 0.0122215542942
    },
    "spectral_centroid": {
        "dmean": 291.005889893,
        "dmean2": 417.261962891,
        "dvar": 281238.15625,
        "dvar2": 453368.625,
        "max": 10494.9726562,
        "mean": 924.852600098,
        "median": 676.5625,
        "min": 116.31817627,
        "stdev": 820.602111816,
        "var": 673387.875
    },
    "spectral_complexity": {
        "dmean": 3.30417966843,
        "dmean2": 4.88148736954,
        "dvar": 18.1573944092,
        "dvar2": 37.6413841248,
        "max": 55,
        "mean": 13.2064962387,
        "median": 12,
        "min": 0,
        "stdev": 6.90784883499,
        "var": 47.7183761597
    },
    "spectral_decrease": {
        "dmean": 4.41250147531e-09,
        "dmean2": 6.42066622092e-09,
        "dvar": 1.00444356494e-16,
        "dvar2": 2.03020999318e-16,
        "max": -1.01745223866e-29,
        "mean": -1.08496243101e-08,
        "median": -7.26025461972e-09,
        "min": -1.18240443214e-07,
        "stdev": 1.38787052961e-08,
        "var": 1.92618455344e-16
    },
    "spectral_energy": {
        "dmean": 0.0173922404647,
        "dmean2": 0.0254108570516,
        "dvar": 0.0014934920473,
        "dvar2": 0.00304841483012,
        "max": 0.453759610653,
        "mean": 0.04282297194,
        "median": 0.0292837582529,
        "min": 1.03992007621e-20,
        "stdev": 0.0530908480287,
        "var": 0.00281863799319
    },
    "spectral_energyband_high": {
        "dmean": 0.000878874852788,
        "dmean2": 0.00131299300119,
        "dvar": 6.48844434181e-06,
        "dvar2": 1.49068137034e-05,
        "max": 0.0220853053033,
        "mean": 0.00113517872524,
        "median": 0.000289752933895,
        "min": 7.90875784715e-21,
        "stdev": 0.00280585768633,
        "var": 7.87283715908e-06
    },
    "spectral_energyband_low": {
        "dmean": 0.0127697037533,
        "dmean2": 0.0189604088664,
        "dvar": 0.0011493434431,
        "dvar2": 0.00231444695964,
        "max": 0.397870242596,
        "mean": 0.0268076006323,
        "median": 0.0117205148563,
        "min": 1.2936169002e-22,
        "stdev": 0.0466036349535,
        "var": 0.0021718989592
    },
    "spectral_energyband_middle_high": {
        "dmean": 0.00222133845091,
        "dmean2": 0.00335512147285,
        "dvar": 4.82324358018e-05,
        "dvar2": 0.000129905500216,
        "max": 0.0828772559762,
        "mean": 0.00360645912588,
        "median": 0.00164586177561,
        "min": 1.32085143311e-21,
        "stdev": 0.00669610081241,
        "var": 4.48377650173e-05
    },
    "spectral_energyband_middle_low": {
        "dmean": 0.00796143338084,
        "dmean2": 0.0134323928505,
        "dvar": 0.000708628387656,
        "dvar2": 0.00208292133175,
        "max": 0.310801208019,
        "mean": 0.013577055186,
        "median": 0.00891147274524,
        "min": 2.64502865332e-22,
        "stdev": 0.0218405388296,
        "var": 0.000477009161841
    },
    "spectral_entropy": {
        "dmean": 0.266909480095,
        "dmean2": 0.379952251911,
        "dvar": 0.0865831375122,
        "dvar2": 0.174031630158,
        "max": 9.80218219757,
        "mean": 7.35156726837,
        "median": 7.33010578156,
        "min": 5.17433071136,
        "stdev": 0.567830264568,
        "var": 0.322431236506
    },
    "spectral_flux": {
        "dmean": 0.0377901270986,
        "dmean2": 0.0589965544641,
        "dvar": 0.00359855894931,
        "dvar2": 0.00655700592324,
        "max": 0.750903069973,
        "mean": 0.0922721549869,
        "median": 0.0734595432878,
        "min": 1.01976468936e-10,
        "stdev": 0.0833046808839,
        "var": 0.00693966960534
    },
    "spectral_kurtosis": {
        "dmean": 2.05472612381,
        "dmean2": 3.17967128754,
        "dvar": 8.50283622742,
        "dvar2": 19.0990657806,
        "max": 33.8793029785,
        "mean": 4.88466215134,
        "median": 4.07018470764,
        "min": -1.30776321888,
        "stdev": 4.36136198044,
        "var": 19.0214767456
    },
    "spectral_rms": {
        "dmean": 0.00112520286348,
        "dmean2": 0.00162523298059,
        "dvar": 2.97260226034e-06,
        "dvar2": 5.81743097428e-06,
        "max": 0.0210402552038,
        "mean": 0.00575818540528,
        "median": 0.00534504652023,
        "min": 3.18520969149e-12,
        "stdev": 0.0029362833593,
        "var": 8.62176057126e-06
    },
    "spectral_rolloff": {
        "dmean": 615.714355469,
        "dmean2": 1013.27844238,
        "dvar": 2505858.5,
        "dvar2": 4706731,
        "max": 18475.4882812,
        "mean": 1241.08068848,
        "median": 452.197265625,
        "min": 64.599609375,
        "stdev": 2190.82250977,
        "var": 4799703.5
    },
    "spectral_skewness": {
        "dmean": 0.345695972443,
        "dmean2": 0.497585386038,
        "dvar": 0.162986889482,
        "dvar2": 0.327478319407,
        "max": 4.58854103088,
        "mean": 1.86513793468,
        "median": 1.86927771568,
        "min": -0.155029296875,
        "stdev": 0.75726890564,
        "var": 0.573456227779
    },
    "spectral_spread": {
        "dmean": 1075774.125,
        "dmean2": 1543099.75,
        "dvar": 1.96029356442e+12,
        "dvar2": 3.54798324941e+12,
        "max": 40080496,
        "mean": 6074493.5,
        "median": 5632625,
        "min": 1855282.375,
        "stdev": 2544093.75,
        "var": 6.47241347891e+12
    },
    "spectral_strongpeak": {
        "dmean": 0.312821924686,
        "dmean2": 0.516914606094,
        "dvar": 0.261542588472,
        "dvar2": 0.67590034008,
        "max": 4.61161470413,
        "mean": 0.69342559576,
        "median": 0.477477610111,
        "min": 0,
        "stdev": 0.629629254341,
        "var": 0.396432965994
    },
    "zerocrossingrate": {
        "dmean": 0.0155426124111,
        "dmean2": 0.0169881023467,
        "dvar": 0.000655260111671,
        "dvar2": 0.000699224707205,
        "max": 0.505859375,
        "mean": 0.0520939081907,
        "median": 0.03857421875,
        "min": 0.00244140625,
        "stdev": 0.05277916044,
        "var": 0.00278563960455
    },
    "barkbands": {
        "dmean": [0.000213102248381, 0.00825821980834, 0.0053517469205, 0.00376449804753, 0.00257067754865, 0.00158887542784, 0.00127747503575, 0.000623856321909, 0.000472657557111, 0.000268086558208, 0.00065121660009, 0.000599947874434, 0.000427662453149, 0.000231259764405, 0.000216426997213, 0.000137293507578, 0.000144725476275, 8.33763333503e-05, 8.99604056031e-05, 7.27752922103e-05, 0.000105380582681, 0.000112881105451, 0.000193358835531, 0.000280438282061, 0.000203897507163, 3.4644970583e-05, 1.46487093389e-06],
        "dmean2": [0.000345918320818, 0.0127004925162, 0.00877879187465, 0.00687350844964, 0.00446807267144, 0.0024152752012, 0.00195134768728, 0.000965985353105, 0.000709095445927, 0.000380776269594, 0.00106798962224, 0.00100869452581, 0.000663585669827, 0.00033059110865, 0.000360028410796, 0.000220996269491, 0.000236799853155, 0.000132153916638, 0.000146485472214, 0.0001196917583, 0.00017092510825, 0.000172349464265, 0.000311875861371, 0.000420994037995, 0.000304380810121, 5.08219673065e-05, 2.22385233428e-06],
        "dvar": [8.13479516637e-07, 0.000850413402077, 0.000299811072182, 0.000274896330666, 7.35568974051e-05, 7.47342755858e-06, 5.51775656277e-06, 1.30122282371e-06, 1.13300802695e-06, 2.898417506e-07, 7.35523053663e-06, 4.24071322414e-06, 9.81121388577e-07, 3.20002982335e-07, 1.12941324915e-06, 3.71290980183e-07, 6.56638007968e-07, 5.99813176905e-08, 5.55922738954e-08, 4.60964457716e-08, 1.11612521891e-07, 1.70473569483e-07, 4.67715722152e-07, 7.27765268493e-07, 3.42221056826e-07, 7.83473730337e-09, 6.8126164432e-11],
        "dvar2": [1.76436731181e-06, 0.00205356674269, 0.000764666125178, 0.000808935379609, 0.000214692030568, 1.72357631527e-05, 1.20179865917e-05, 2.63468177764e-06, 2.61876516561e-06, 5.11455880314e-07, 2.05579090107e-05, 1.15071352411e-05, 2.517482244e-06, 5.71144425976e-07, 3.21787774737e-06, 9.00873772025e-07, 1.83100110007e-06, 1.51609043542e-07, 1.44290183357e-07, 1.21421265931e-07, 2.86885722289e-07, 3.9817152242e-07, 1.14377746741e-06, 1.55976601945e-06, 7.6496650081e-07, 1.71184773023e-08, 1.42948666793e-10],
        "max": [0.0102931950241, 0.350094914436, 0.182169616222, 0.1973747015, 0.0930926129222, 0.0321672894061, 0.0311371721327, 0.0164600666612, 0.0175054166466, 0.00994785968214, 0.0329286344349, 0.0222612842917, 0.00900461152196, 0.0112121719867, 0.0183691419661, 0.0117430863902, 0.0175789203495, 0.00325241568498, 0.00259246188216, 0.00274331495166, 0.00476743048057, 0.00898597482592, 0.00658358167857, 0.0108296805993, 0.0064328154549, 0.00168068963103, 0.000268284871709],
        "mean": [0.0003371303319, 0.0175385400653, 0.00669260462746, 0.00394602585584, 0.0033919417765, 0.00255416054279, 0.00188907969277, 0.000915013428312, 0.00074794824468, 0.000515658466611, 0.000792338512838, 0.000644968240522, 0.000568131450564, 0.000336479017278, 0.000251485558692, 0.000140638570883, 0.000155780377099, 0.000101106823422, 0.000121441567899, 9.10528324312e-05, 0.000123563891975, 0.000125170394313, 0.000198795707547, 0.000341015809681, 0.000257094041444, 4.44512734248e-05, 1.32867467073e-06],
        "median": [3.52873394149e-06, 0.00633858982474, 0.00220665428787, 0.00117940839846, 0.00147588027176, 0.00121800950728, 0.000669232103974, 0.000243877875619, 0.000221072972636, 0.000147749567986, 0.000140784744872, 0.000108317246486, 0.00013558138744, 7.5281233876e-05, 4.2762450903e-05, 2.40766548814e-05, 2.56975581578e-05, 2.32899219554e-05, 3.90724053432e-05, 2.02227492991e-05, 1.6934787709e-05, 1.75715376827e-05, 2.19228786591e-05, 6.12917065155e-05, 4.41801748821e-05, 1.07710266093e-05, 2.37742714404e-08],
        "min": [1.15173313509e-22, 7.03278395356e-23, 3.58318254193e-24, 1.8969283804e-23, 3.75295590058e-23, 1.47651537392e-23, 8.82914455922e-23, 3.13900691506e-23, 6.59950115473e-23, 7.22967606243e-23, 7.27936167769e-23, 9.8170465882e-24, 7.18203265029e-23, 4.84577469446e-23, 1.36476319239e-22, 1.24095481808e-22, 1.33255280256e-22, 2.39493021141e-22, 2.37812027972e-22, 3.8811224474e-22, 5.61494632568e-22, 4.15313203737e-22, 5.31740162375e-22, 8.1624859075e-22, 1.28598484133e-21, 2.03664811702e-21, 2.1891367223e-21],
        "stdev": [0.00123703037389, 0.0357500016689, 0.0177687760442, 0.012961840257, 0.00711833592504, 0.00359435961582, 0.00334898359142, 0.0018003109144, 0.00155675190035, 0.00113531877287, 0.00240503530949, 0.00186820235103, 0.00110836874228, 0.000839234562591, 0.000883730535861, 0.000561823078897, 0.000667685992084, 0.00025170572917, 0.000247185351327, 0.00021601402841, 0.000332447409164, 0.000429719919339, 0.000681662990246, 0.000984325539321, 0.000673777074553, 0.00011456629727, 9.51674155658e-06],
        "var": [1.53024404881e-06, 0.00127806270029, 0.00031572941225, 0.00016800929734, 5.06707074237e-05, 1.29194204419e-05, 1.12156903924e-05, 3.24111920236e-06, 2.42347664425e-06, 1.28894873797e-06, 5.78419530939e-06, 3.49018000634e-06, 1.22848121009e-06, 7.04314629729e-07, 7.80979689807e-07, 3.15645166893e-07, 4.45804545279e-07, 6.33557775132e-08, 6.1100600135e-08, 4.66620626582e-08, 1.10521277463e-07, 1.84659199931e-07, 4.64664424271e-07, 9.6889687029e-07, 4.53975559367e-07, 1.31254367375e-08, 9.05683653074e-11]
    },
    "erbbands": {
        "dmean": [0.179405301809, 2.18992161751, 5.6478638649, 10.4531488419, 9.39607429504, 8.26397418976, 12.3293638229, 12.6621017456, 17.8238983154, 19.1700019836, 10.3872556686, 11.5262022018, 6.71516036987, 13.8943014145, 26.9114627838, 25.8829097748, 18.9168491364, 12.9000682831, 11.2510232925, 8.22165966034, 8.06389045715, 7.56652259827, 3.80415272713, 5.34573554993, 4.39505672455, 3.17319369316, 3.3267762661, 4.76201534271, 4.09928894043, 4.96486663818, 5.39746332169, 4.98195457458, 5.32323551178, 3.18282198906, 0.957284867764, 0.230666905642, 0.0535553507507, 0.00686621572822, 0.000190313803614, 2.73069927061e-05],
        "dmean2": [0.257835507393, 3.37403249741, 8.94697475433, 19.0471744537, 17.019109726, 13.9024362564, 19.7512626648, 19.7997875214, 27.8312931061, 28.8649425507, 15.7273178101, 17.2708244324, 10.1834087372, 21.4815769196, 43.4595832825, 42.4961738586, 29.1615791321, 17.9726676941, 17.5226383209, 13.1572437286, 12.6020784378, 12.3941717148, 5.84154605865, 8.67048358917, 7.2590970993, 5.18336057663, 5.19871044159, 7.66633415222, 6.23849725723, 8.01299285889, 8.5871629715, 7.88977718353, 7.89766454697, 4.7613530159, 1.42427253723, 0.343233525753, 0.0771298706532, 0.0103949112818, 0.000274268473731, 3.96539071517e-05],
        "dvar": [0.401199191809, 59.4721183777, 275.349334717, 1872.03149414, 1951.42553711, 558.823364258, 694.522766113, 451.949005127, 1120.20397949, 1612.8684082, 463.36831665, 689.110900879, 184.044326782, 2492.16357422, 8365.26660156, 7600.54394531, 1871.3729248, 868.281433105, 1787.79455566, 1232.34765625, 1513.21789551, 1867.95300293, 129.403106689, 243.679275513, 151.52305603, 84.4871749878, 87.9294281006, 280.381103516, 221.945510864, 357.929626465, 339.832733154, 218.295715332, 297.505187988, 85.8861541748, 6.57685041428, 0.334705352783, 0.0185094755143, 0.000941971433349, 7.51267691612e-07, 2.9692528436e-09],
        "dvar2": [0.780714213848, 147.810668945, 669.758789062, 5448.45019531, 5754.28613281, 1572.33728027, 1585.07177734, 1039.45947266, 2474.54052734, 2873.70361328, 1014.16973877, 1559.99279785, 409.032836914, 6764.41845703, 22642.8496094, 20589.0742188, 4792.50878906, 1600.9699707, 4824.91796875, 3230.8984375, 3727.07519531, 5172.20947266, 292.881317139, 645.788024902, 403.234222412, 220.416000366, 216.302398682, 734.187866211, 504.016845703, 907.094238281, 817.001037598, 538.591186523, 621.336975098, 188.407913208, 14.3132867813, 0.757151305676, 0.0353341624141, 0.0021608909592, 1.57381464305e-06, 6.41513819843e-09],
        "max": [7.75006437302, 90.9570465088, 183.957733154, 487.406982422, 506.507720947, 245.315765381, 340.551483154, 285.460388184, 351.147949219, 830.243469238, 297.009735107, 451.011688232, 213.086700439, 599.172912598, 1131.45275879, 934.379821777, 372.748718262, 550.074645996, 680.549926758, 575.766784668, 878.940856934, 940.102844238, 176.292755127, 179.432632446, 135.784576416, 112.708770752, 97.7711257935, 260.7159729, 346.321777344, 182.564071655, 196.306533813, 137.503326416, 231.321136475, 99.618637085, 33.7907066345, 6.74268484116, 3.11552333832, 0.907426118851, 0.0273985005915, 0.000642087718006],
        "mean": [0.399163782597, 4.23985242844, 8.22894954681, 11.5519514084, 9.51360607147, 11.8263988495, 19.9893836975, 19.8250751495, 25.4853935242, 30.8778553009, 16.4532566071, 17.9158229828, 12.0285015106, 21.4750232697, 35.0643806458, 29.8721351624, 26.7163658142, 19.2165966034, 15.5369300842, 9.40034008026, 8.85844993591, 8.22849559784, 5.04037332535, 6.6842675209, 5.78122758865, 4.21882772446, 4.1746711731, 5.47247982025, 4.61775350571, 4.85497713089, 5.65030002594, 5.78990125656, 6.42047643661, 3.91488838196, 1.22843420506, 0.299903839827, 0.070698812604, 0.00760679785162, 0.000229808996664, 6.013805978e-05],
        "median": [0.0865586176515, 1.57727718353, 3.09910011292, 4.16164255142, 3.0276248455, 4.74257326126, 8.44790649414, 9.89453887939, 9.2961769104, 10.1940107346, 4.83916807175, 5.54158401489, 4.43131256104, 5.22866153717, 6.86877965927, 6.25088453293, 6.52036619186, 4.8078546524, 2.85926699638, 2.01505541801, 1.55433475971, 1.51559185982, 1.29165136814, 1.93164086342, 1.6035131216, 0.9810744524, 0.65026563406, 0.747985601425, 0.667684793472, 0.448438316584, 0.699538469315, 1.05762851238, 1.03335678577, 0.605769634247, 0.246451705694, 0.0742831081152, 0.0171174295247, 0.00103766459506, 5.48619318579e-05, 4.22056946263e-05],
        "min": [4.36576153003e-21, 7.65741368659e-21, 4.62477488272e-21, 2.37889583222e-20, 1.40166388107e-19, 7.13517789206e-20, 1.49295890055e-19, 1.51356396961e-19, 6.34642589356e-19, 1.82715015608e-18, 5.84045709045e-19, 1.76983998132e-18, 1.47627730423e-18, 2.30491582262e-18, 2.96873115932e-18, 9.91810750954e-19, 2.39400875806e-18, 2.81655846434e-18, 5.35368580519e-18, 7.08995197301e-18, 5.90680121488e-18, 7.88984472434e-18, 1.18245228682e-17, 1.26039627517e-17, 1.46423988245e-17, 1.99801853911e-17, 2.01401952088e-17, 1.8872673269e-17, 1.78890264805e-17, 1.5766679552e-17, 1.43683522332e-17, 1.53074206041e-17, 1.55756057936e-17, 1.18294603093e-17, 8.89014596729e-18, 6.37943650046e-18, 4.30537375871e-18, 1.43667189651e-18, 2.78987134304e-19, 3.36468348047e-20],
        "stdev": [0.989986896515, 8.59063816071, 17.8100204468, 34.0359230042, 33.5449562073, 22.6102657318, 33.966003418, 27.6859054565, 42.754573822, 67.1124343872, 33.5662612915, 36.0299453735, 21.4511966705, 56.2874259949, 88.7966995239, 79.5031814575, 51.2515945435, 41.230632782, 43.3519935608, 30.926361084, 35.8008880615, 35.762046814, 12.7340049744, 15.210354805, 12.5222835541, 9.50707626343, 10.4528589249, 15.8828964233, 15.7539234161, 18.1310577393, 18.717256546, 15.2406005859, 20.3230934143, 10.7544536591, 3.10131692886, 0.705148756504, 0.194585546851, 0.0346208289266, 0.00103896274231, 7.00334421708e-05],
        "var": [0.980074107647, 73.7990646362, 317.196807861, 1158.44396973, 1125.26416016, 511.224090576, 1153.68933105, 766.509399414, 1827.95361328, 4504.07861328, 1126.69384766, 1298.15698242, 460.153869629, 3168.27416992, 7884.85400391, 6320.75634766, 2626.72583008, 1699.96520996, 1879.39538574, 956.439758301, 1281.70361328, 1278.9239502, 162.154891968, 231.354888916, 156.80758667, 90.3844985962, 109.262268066, 252.266403198, 248.186096191, 328.73526001, 350.335662842, 232.275909424, 413.028137207, 115.65827179, 9.61816596985, 0.497234761715, 0.0378635339439, 0.00119860179257, 1.07944356387e-06, 4.90468288206e-09]
    },
    "gfcc": {
        "mean": [-15.5233669281, 101.004341125, -78.5416030884, 28.5751800537, -62.8527450562, 29.0743942261, -43.5062217712, 11.9108953476, -28.7110424042, 7.2667798996, -5.50097990036, -2.56545543671, -10.6317510605],
        "cov": [[5697.56054688, -1118.52600098, -500.647216797, 84.0723266602, -271.371917725, 114.570350647, -427.733154297, 168.104736328, -143.929244995, 176.725646973, -149.820709229, 52.2656021118, -271.846679688], [-1118.52600098, 1627.26196289, -26.5911617279, -383.081420898, 331.418426514, -14.0505952835, 225.036590576, -62.29737854, 101.097915649, -150.46862793, 149.833190918, -88.5394210815, 123.457221985], [-500.647216797, -26.5911617279, 1016.68292236, 164.551498413, 60.5896682739, 252.895950317, 189.179611206, 151.014373779, -19.0836906433, 102.800704956, 66.3144607544, 113.824752808, 114.464096069], [84.0723266602, -383.081420898, 164.551498413, 656.840454102, 33.4350700378, -59.4632949829, 51.4006576538, -54.8173675537, 109.739624023, -5.53668451309, -22.3169746399, 69.7816238403, 52.60887146], [-271.371917725, 331.418426514, 60.5896682739, 33.4350700378, 354.517883301, -40.7966918945, 8.20554161072, 3.49262666702, 88.2404556274, -1.12455070019, -0.233454033732, 36.182800293, 26.8684387207], [114.570350647, -14.0505952835, 252.895950317, -59.4632949829, -40.7966918945, 339.097747803, 150.87902832, 114.976356506, -14.9900951385, 57.6741867065, 125.417434692, 17.2388763428, 55.0394554138], [-427.733154297, 225.036590576, 189.179611206, 51.4006576538, 8.20554161072, 150.87902832, 405.589141846, 35.7035560608, 49.5116119385, 15.978099823, 70.4965209961, 51.3053092957, 75.2414779663], [168.104736328, -62.29737854, 151.014373779, -54.8173675537, 3.49262666702, 114.976356506, 35.7035560608, 176.37600708, -1.89842367172, 57.2999000549, 47.6746101379, 5.76654577255, 19.9878692627], [-143.929244995, 101.097915649, -19.0836906433, 109.739624023, 88.2404556274, -14.9900951385, 49.5116119385, -1.89842367172, 145.146072388, 12.1473493576, 5.98669099808, -5.79152870178, 10.7664604187], [176.725646973, -150.46862793, 102.800704956, -5.53668451309, -1.12455070019, 57.6741867065, 15.978099823, 57.2999000549, 12.1473493576, 149.403015137, 9.97089195251, 8.60425376892, -13.7165584564], [-149.820709229, 149.833190918, 66.3144607544, -22.3169746399, -0.233454033732, 125.417434692, 70.4965209961, 47.6746101379, 5.98669099808, 9.97089195251, 177.415344238, -9.45024490356, 42.7247123718], [52.2656021118, -88.5394210815, 113.824752808, 69.7816238403, 36.182800293, 17.2388763428, 51.3053092957, 5.76654577255, -5.79152870178, 8.60425376892, -9.45024490356, 160.13494873, 29.0793190002], [-271.846679688, 123.457221985, 114.464096069, 52.60887146, 26.8684387207, 55.0394554138, 75.2414779663, 19.9878692627, 10.7664604187, -13.7165584564, 42.7247123718, 29.0793190002, 123.06287384]],
        "icov": [[0.000319899409078, -0.000200378810405, 0.000367297499906, -0.000471699400805, 0.000213483115658, -0.000612609321252, 0.000413073197706, -0.000579817919061, 0.000467955251224, -0.0004184608988, 0.00048984849127, -0.000419304647949, 0.0006781265256], [-0.000200378810405, 0.00252878689207, -0.000761573552154, 0.00246639945544, -0.00195226131473, 0.00163852109108, -0.00159615825396, 0.00183664308861, -0.00186417449731, 0.00221354118548, -0.00217019720003, 0.00172498240136, -0.00219888309948], [0.000367297499906, -0.000761573552154, 0.00221622898243, -0.00160201988183, 0.000165752891917, -0.0018503239844, 0.000477770925499, -0.0017533286009, 0.00191527302377, -0.00158624898177, 0.00136666337494, -0.00119214237202, 0.000445742771262], [-0.000471699400805, 0.00246639945544, -0.00160201988183, 0.00489286473021, -0.00135594327003, 0.00263500586152, -0.00165474333335, 0.00300023285672, -0.00421481672674, 0.00246546184644, -0.00243232748471, 0.00113174365833, -0.00325535028242], [0.000213483115658, -0.00195226131473, 0.000165752891917, -0.00135594327003, 0.00532513530925, -0.000504071475007, 0.00168580270838, -0.00155119004194, -0.00138508668169, -0.00147000001743, 0.00142583320849, -0.00240888330154, 0.00117115152534], [-0.000612609321252, 0.00163852109108, -0.0018503239844, 0.00263500586152, -0.000504071475007, 0.00810970366001, -0.00274286768399, 6.29291607765e-05, -0.00152979488485, 0.000994130503386, -0.00481673888862, 0.00148512574378, -0.00268666469492], [0.000413073197706, -0.00159615825396, 0.000477770925499, -0.00165474333335, 0.00168580270838, -0.00274286768399, 0.00483193201944, -0.0010383320041, -0.000218315908569, -0.00141219981015, 0.00139827595558, -0.00221791793592, 0.000750140054151], [-0.000579817919061, 0.00183664308861, -0.0017533286009, 0.00300023285672, -0.00155119004194, 6.29291607765e-05, -0.0010383320041, 0.010463019833, -0.00252260058187, -6.39394129394e-05, -0.00259438809007, 0.00171439594124, -0.00281997327693], [0.000467955251224, -0.00186417449731, 0.00191527302377, -0.00421481672674, -0.00138508668169, -0.00152979488485, -0.000218315908569, -0.00252260058187, 0.0128606455401, -0.00330493575893, 0.00178488763049, 0.000264594273176, 0.00227832864039], [-0.0004184608988, 0.00221354118548, -0.00158624898177, 0.00246546184644, -0.00147000001743, 0.000994130503386, -0.00141219981015, -6.39394129394e-05, -0.00330493575893, 0.0106792366132, -0.00182228069752, 0.00132425222546, -0.000174255372258], [0.00048984849127, -0.00217019720003, 0.00136666337494, -0.00243232748471, 0.00142583320849, -0.00481673888862, 0.00139827595558, -0.00259438809007, 0.00178488763049, -0.00182228069752, 0.0104656815529, -0.000762872863561, 0.000624845328275], [-0.000419304647949, 0.00172498240136, -0.00119214237202, 0.00113174365833, -0.00240888330154, 0.00148512574378, -0.00221791793592, 0.00171439594124, 0.000264594273176, 0.00132425222546, -0.000762872863561, 0.00913590937853, -0.00286189233884], [0.0006781265256, -0.00219888309948, 0.000445742771262, -0.00325535028242, 0.00117115152534, -0.00268666469492, 0.000750140054151, -0.00281997327693, 0.00227832864039, -0.000174255372258, 0.000624845328275, -0.00286189233884, 0.0139927510172]]
    },
    "melbands": {
        "dmean": [0.00193467317149, 0.00281461584382, 0.00172731920611, 0.000567798968405, 0.000419307383709, 0.000293277407764, 0.000264877045993, 0.000194625652512, 8.48602503538e-05, 6.68224965921e-05, 3.22219057125e-05, 5.30114411958e-05, 9.22443941818e-05, 7.12900218787e-05, 6.09114322287e-05, 3.26013505401e-05, 2.36032901739e-05, 1.80522674782e-05, 1.56511960085e-05, 9.07790035853e-06, 1.03011079773e-05, 9.41208418226e-06, 3.41722375197e-06, 4.12779672843e-06, 4.59445482193e-06, 3.5303464756e-06, 2.99508087664e-06, 1.97944086722e-06, 2.07337029678e-06, 2.51399114859e-06, 2.85440501102e-06, 2.4405824206e-06, 2.20846095544e-06, 3.10742052534e-06, 3.31945557264e-06, 3.11153530674e-06, 3.07367668029e-06, 3.79461084776e-06, 3.82373627872e-06, 2.40608073909e-06],
        "dmean2": [0.00289310445078, 0.00433333450928, 0.00312695954926, 0.00101053412072, 0.00066971470369, 0.000452062668046, 0.000410606706282, 0.000294861325528, 0.000129850202939, 0.000100482095149, 4.90351048938e-05, 8.14564409666e-05, 0.000150809413753, 0.000115909060696, 0.000101142017229, 4.75066808576e-05, 3.35558142979e-05, 2.75602033071e-05, 2.63027795881e-05, 1.44430541695e-05, 1.61649240908e-05, 1.56079531735e-05, 5.41606459592e-06, 6.48805325909e-06, 7.57366615289e-06, 5.86457372265e-06, 5.0160660976e-06, 3.2313914744e-06, 3.25943824464e-06, 4.07357129006e-06, 4.61605077362e-06, 3.65476921615e-06, 3.62552987099e-06, 5.00005398862e-06, 5.25769837623e-06, 5.20938192494e-06, 4.73235058962e-06, 5.5775567489e-06, 5.889318345e-06, 3.78344816454e-06],
        "dvar": [4.57108471892e-05, 6.40081707388e-05, 5.32143603778e-05, 5.39796747034e-06, 6.73091108183e-07, 2.26880288778e-07, 2.2822273138e-07, 1.48683625412e-07, 3.44625696869e-08, 2.26895284783e-08, 4.47106174306e-09, 3.33073728598e-08, 1.35853184702e-07, 5.20151743899e-08, 3.96966548522e-08, 4.4172803193e-09, 3.36015482105e-09, 3.43723716156e-09, 6.6836554069e-09, 1.24567067772e-09, 2.85065393513e-09, 3.05090286368e-09, 1.49686082973e-10, 1.33950309178e-10, 1.84092213695e-10, 8.7817517147e-11, 9.29707005826e-11, 3.13892384307e-11, 3.54956515569e-11, 6.35292304874e-11, 1.03912697891e-10, 7.51112366748e-11, 9.05286609565e-11, 1.30707542012e-10, 1.38265246474e-10, 1.13921247435e-10, 7.05212208074e-11, 1.58863144861e-10, 1.4902533374e-10, 4.97617537454e-11],
        "dvar2": [9.93191861198e-05, 0.000149851155584, 0.000154937370098, 1.58364400704e-05, 1.61958837452e-06, 5.14687769737e-07, 5.04287754666e-07, 2.68184379593e-07, 7.60324283533e-08, 5.118501889e-08, 9.86700765537e-09, 8.84136071022e-08, 3.77627003445e-07, 1.4081032873e-07, 1.09060799502e-07, 9.35683086567e-09, 6.30474561447e-09, 8.43240766102e-09, 1.89939193262e-08, 3.03041880478e-09, 7.34763494492e-09, 8.59203019843e-09, 3.43294059846e-10, 3.32788602231e-10, 4.92192786528e-10, 2.34743502414e-10, 2.50291232184e-10, 8.13037484559e-11, 9.03541200192e-11, 1.62904745249e-10, 2.71181577194e-10, 1.64644631262e-10, 2.33912611503e-10, 3.26974669562e-10, 3.23852694661e-10, 3.07475045425e-10, 1.63258642716e-10, 3.3315070147e-10, 3.38053279814e-10, 1.12390555196e-10],
        "max": [0.0805887132883, 0.0871631130576, 0.0842843204737, 0.0254986789078, 0.0091575756669, 0.00588663900271, 0.00503990519792, 0.00758441537619, 0.00261696428061, 0.00244604749605, 0.00106692954432, 0.0021313528996, 0.0045330519788, 0.00251770019531, 0.00200091442093, 0.000841807399411, 0.00119840074331, 0.00106042798143, 0.00140912842471, 0.000478095462313, 0.00122682820074, 0.00117622921243, 0.000241556583205, 0.000191401835764, 0.000155227447976, 0.000109516491648, 0.000105655715743, 6.56097545289e-05, 8.019964298e-05, 0.000107105835923, 0.000154881825438, 0.000212168670259, 0.000157757647685, 0.000132074725116, 0.000160521623911, 0.000116846982564, 9.31300601223e-05, 0.000186544653843, 0.000130680564325, 8.15084786154e-05],
        "mean": [0.00435045408085, 0.00484038284048, 0.00194028159603, 0.00067890365608, 0.000709151383489, 0.000464590237243, 0.000388119544368, 0.000309060822474, 0.000132924222271, 0.000105177648948, 5.71418386244e-05, 8.33477024571e-05, 0.000112764129881, 8.28319243737e-05, 7.37430018489e-05, 4.81142378703e-05, 3.42229468515e-05, 2.52240788541e-05, 1.68013721122e-05, 9.77128547675e-06, 1.08746617116e-05, 9.80597633315e-06, 4.28990233559e-06, 5.02438888361e-06, 5.42314728591e-06, 4.56559064332e-06, 3.5817463413e-06, 2.558787628e-06, 2.50345419772e-06, 2.86723548015e-06, 3.23844847117e-06, 2.77475169241e-06, 2.16405192077e-06, 2.93810853691e-06, 3.32086733579e-06, 3.25949440594e-06, 3.61236584467e-06, 4.48611672255e-06, 4.41238444182e-06, 2.94076494356e-06],
        "median": [0.00135314615909, 0.00207651080564, 0.000784302188549, 0.000308417656925, 0.000312469695928, 0.00022760531283, 0.000142164542922, 9.74254799075e-05, 3.64150837413e-05, 3.24640459439e-05, 2.09273275686e-05, 1.72083873622e-05, 2.10912876355e-05, 1.59103710757e-05, 1.44707591971e-05, 1.17762729133e-05, 7.83160521678e-06, 4.48123228125e-06, 2.82028781839e-06, 1.96021323973e-06, 1.56033661369e-06, 1.4476289607e-06, 1.06794823296e-06, 1.14352985747e-06, 1.38684117701e-06, 1.20084246191e-06, 7.83902351031e-07, 5.2297974662e-07, 3.79943372764e-07, 3.68625165947e-07, 4.17836986344e-07, 3.88635953641e-07, 2.32466206285e-07, 2.18539881303e-07, 3.33863482638e-07, 4.61501315385e-07, 6.66424512019e-07, 6.5222889134e-07, 6.73238389481e-07, 4.50974084742e-07],
        "min": [3.40658411649e-23, 4.42697538185e-24, 9.0859129463e-24, 7.41591413147e-24, 4.99659251442e-24, 3.07007072714e-24, 1.20105153559e-23, 1.71476114918e-23, 4.58176527424e-24, 1.12751037213e-23, 7.97482839371e-24, 9.65603613314e-24, 1.07011790138e-23, 2.15761109529e-24, 5.34739225365e-24, 5.69048797729e-24, 4.75347149989e-24, 7.62171216442e-24, 1.06197015152e-23, 8.83151634842e-24, 6.70142308809e-24, 7.60615188307e-24, 7.35139714234e-24, 1.41464832634e-23, 9.44798353572e-24, 1.05710556186e-23, 1.08334993866e-23, 1.38820697098e-23, 1.23252393027e-23, 1.13087226065e-23, 1.08967257993e-23, 1.02874924665e-23, 7.71621454543e-24, 9.83788513787e-24, 7.59202180654e-24, 1.06166888554e-23, 8.47240635398e-24, 1.06360049035e-23, 1.20893233492e-23, 9.04094629698e-24],
        "stdev": [0.00940487440675, 0.00896307826042, 0.00572452088818, 0.001811303664, 0.0010643734131, 0.000642575847451, 0.000629801535979, 0.000649162568152, 0.000285953428829, 0.000208756930078, 0.000105871309643, 0.000224197559874, 0.000332649215125, 0.000208663885132, 0.000188229532796, 9.18206133065e-05, 7.85202500992e-05, 6.99070078554e-05, 6.57711207168e-05, 3.29215436068e-05, 4.731813533e-05, 4.47513812105e-05, 1.27673083625e-05, 1.23883428387e-05, 1.29366771944e-05, 9.62457033893e-06, 9.11657207325e-06, 5.89085857428e-06, 6.55890607959e-06, 7.9100673247e-06, 9.65870458458e-06, 9.46425643633e-06, 8.75735167938e-06, 1.11315603135e-05, 1.20681834233e-05, 9.78316165856e-06, 9.28569716052e-06, 1.49361248987e-05, 1.33833700602e-05, 8.06010029919e-06],
        "var": [8.84516703081e-05, 8.03367729532e-05, 3.27701382048e-05, 3.2808211472e-06, 1.13289081582e-06, 4.12903716551e-07, 3.96649966206e-07, 4.21412067908e-07, 8.17693646127e-08, 4.35794582643e-08, 1.12087334969e-08, 5.02645427503e-08, 1.10655506091e-07, 4.35406164456e-08, 3.54303573147e-08, 8.43102476722e-09, 6.16542950027e-09, 4.88698992385e-09, 4.32584013055e-09, 1.08382802733e-09, 2.2390058696e-09, 2.00268601702e-09, 1.63004151843e-10, 1.53471027553e-10, 1.67357613878e-10, 9.26323531769e-11, 8.31118784905e-11, 3.47022167946e-11, 4.30192478862e-11, 6.25691581879e-11, 9.32905697137e-11, 8.95721483096e-11, 7.66912158778e-11, 1.23911630956e-10, 1.45641040894e-10, 9.57102591626e-11, 8.62241736344e-11, 2.2308782599e-10, 1.79114598153e-10, 6.4965220703e-11]
    },
    "melbands128": {
