{
"lowlevel": {
    "average_loudness": 0.967181801796,
    "barkbands_crest": {
        "dmean": 2.89054179192,
        "dmean2": 4.44938993454,
        "dvar": 9.42722415924,
        "dvar2": 21.0940475464,
        "max": 26.3739299774,
        "mean": 12.4421701431,
        "median": 11.6390380859,
        "min": 3.11911439896,
        "stdev": 4.76910066605,
        "var": 22.7443218231
    },
    "barkbands_flatness_db": {
        "dmean": 0.0349185951054,
        "dmean2": 0.0459235347807,
        "dvar": 0.0012609566329,
        "dvar2": 0.00214476580732,
        "max": 0.479358375072,
        "mean": 0.18669834733,
        "median": 0.179807409644,
        "min": 0.0419678092003,
        "stdev": 0.0747570469975,
        "var": 0.00558861577883
    },
    "barkbands_kurtosis": {
        "dmean": 8.39207267761,
        "dmean2": 12.4617099762,
        "dvar": 299.263702393,
        "dvar2": 681.00793457,
        "max": 250.21156311,
        "mean": 12.4030179977,
        "median": 4.5233912468,
        "min": -1.92572724819,
        "stdev": 23.5391902924,
        "var": 554.093505859
    },
    "barkbands_skewness": {
        "dmean": 0.926587760448,
        "dmean2": 1.32852375507,
        "dvar": 1.1998963356,
        "dvar2": 2.25557756424,
        "max": 13.0994358063,
        "mean": 2.21800589561,
        "median": 1.85455322266,
        "min": -4.09143304825,
        "stdev": 1.99927580357,
        "var": 3.99710392952
    },
    "barkbands_spread": {
        "dmean": 7.43906402588,
        "dmean2": 11.045788765,
        "dvar": 138.428329468,
        "dvar2": 311.3621521,
        "max": 114.23589325,
        "mean": 17.571144104,
        "median": 13.0161590576,
        "min": 0.507247984409,
        "stdev": 16.2197551727,
        "var": 263.080444336
    },
    "dissonance": {
        "dmean": 0.0314884632826,
        "dmean2": 0.0500805042684,
        "dvar": 0.00102881761268,
        "dvar2": 0.0024530084338,
        "max": 0.499841362238,
        "mean": 0.425193279982,
        "median": 0.437282830477,
        "min": 0.167329847813,
        "stdev": 0.0552164018154,
        "var": 0.00304885115474
    },
    "dynamic_complexity": 3.00552272797,
    "erbbands_crest": {
        "dmean": 2.88015174866,
        "dmean2": 4.4536781311,
        "dvar": 7.56403207779,
        "dvar2": 16.8905487061,
        "max": 29.0763320923,
        "mean": 11.3750286102,
        "median": 10.4220046997,
        "min": 2.97391867638,
        "stdev": 5.01506233215,
        "var": 25.1508522034
    },
    "erbbands_flatness_db": {
        "dmean": 0.0252461303025,
        "dmean2": 0.0346929468215,
        "dvar": 0.000622292805929,
        "dvar2": 0.00114517915063,
        "max": 0.326972901821,
        "mean": 0.169809430838,
        "median": 0.166366487741,
        "min": 0.0465266890824,
        "stdev": 0.0535173118114,
        "var": 0.00286410260014
    },
    "erbbands_kurtosis": {
        "dmean": 1.81107914448,
        "dmean2": 2.83332204819,
        "dvar": 6.5808300972,
        "dvar2": 14.3930482864,
        "max": 43.2405548096,
        "mean": 2.28145432472,
        "median": 1.14288187027,
        "min": -1.82670545578,
        "stdev": 3.85509538651,
        "var": 14.8617601395
    },
    "erbbands_skewness": {
        "dmean": 0.563707470894,
        "dmean2": 0.831961274147,
        "dvar": 0.304385215044,
        "dvar2": 0.62753456831,
        "max": 5.87197351456,
        "mean": 0.77079230547,
        "median": 0.773493587971,
        "min": -3.36975193024,
        "stdev": 1.06900763512,
        "var": 1.14277744293
    },
    "erbbands_spread": {
        "dmean": 12.2972011566,
        "dmean2": 17.7052211761,
        "dvar": 257.714294434,
        "dvar2": 572.597473145,
        "max": 176.916900635,
        "mean": 36.3224830627,
        "median": 29.8936767578,
        "min": 7.28750228882,
        "stdev": 24.845949173,
        "var": 617.321228027
    },
    "hfc": {
        "dmean": 11.5960092545,
        "dmean2": 16.3204250336,
        "dvar": 411.769989014,
        "dvar2": 932.817077637,
        "max": 172.167175293,
        "mean": 19.4272899628,
        "median": 11.557518959,
        "min": 1.15854043091e-16,
        "stdev": 24.4586925507,
        "var": 598.227600098
    },
    "loudness_ebu128": {
        "integrated": -12.2840461731,
        "loudness_range": 1.56691074371,
        "momentary": {
            "dmean": 0.884839236736,
            "dmean2": 1.46422898769,
            "dvar": 0.823534607887,
            "dvar2": 1.70793581009,
            "max": -9.06688785553,
            "mean": -12.6114625931,
            "median": -12.1217327118,
            "min": -22.336687088,
            "stdev": 1.85171091557,
            "var": 3.42883324623
        },
        "short_term": {
            "dmean": 0.121132716537,
            "dmean2": 0.171640872955,
            "dvar": 0.0106152724475,
            "dvar2": 0.0142665868625,
            "max": -11.19069767,
            "mean": -12.3825216293,
            "median": -12.3065357208,
            "min": -14.7081708908,
            "stdev": 0.646816968918,
            "var": 0.41837221384
        }
    },
    "melbands_crest": {
        "dmean": 3.65237879753,
        "dmean2": 5.47382545471,
        "dvar": 14.8795862198,
        "dvar2": 29.8713970184,
        "max": 36.4209289551,
        "mean": 16.989654541,
        "median": 15.7828931808,
        "min": 3.02008485794,
        "stdev": 6.73404312134,
        "var": 45.3473396301
    },
    "melbands_flatness_db": {
        "dmean": 0.0402767881751,
        "dmean2": 0.0518423095345,
        "dvar": 0.00180042569991,
        "dvar2": 0.00283204740845,
        "max": 0.619843304157,
        "mean": 0.263802856207,
        "median": 0.255735903978,
        "min": 0.00917533133179,
        "stdev": 0.100017517805,
        "var": 0.010003503412
    },
    "melbands_kurtosis": {
        "dmean": 18.8982658386,
        "dmean2": 27.2892951965,
        "dvar": 1896.09790039,
        "dvar2": 3935.33666992,
        "max": 746.429626465,
        "mean": 28.1790294647,
        "median": 9.99264812469,
        "min": -1.85934782028,
        "stdev": 56.6152496338,
        "var": 3205.28662109
    },
    "melbands_skewness": {
        "dmean": 1.2290545702,
        "dmean2": 1.7278213501,
        "dvar": 2.4759452343,
        "dvar2": 4.87454080582,
        "max": 23.0399436951,
        "mean": 3.19560790062,
        "median": 2.56613683701,
        "min": -1.18826687336,
        "stdev": 2.68703484535,
        "var": 7.22015619278
    },
    "melbands_spread": {
        "dmean": 8.20961666107,
        "dmean2": 12.2153530121,
        "dvar": 260.148223877,
        "dvar2": 443.728759766,
        "max": 250.398040771,
        "mean": 19.1768856049,
        "median": 12.8924131393,
        "min": 0.492578148842,
        "stdev": 25.9377384186,
        "var": 672.766296387
    },
    "pitch_salience": {
        "dmean": 0.0819177553058,
        "dmean2": 0.123023696244,
        "dvar": 0.00742356711999,
        "dvar2": 0.0162576716393,
        "max": 0.852468252182,
        "mean": 0.49366748333,
        "median": 0.492205619812,
        "min": 0.0676215589046,
        "stdev": 0.140407845378,
        "var": 0.0197143629193
    },
    "silence_rate_20dB": {
        "dmean": 0,
        "dmean2": 0,
        "dvar": 0,
        "dvar2": 0,
        "max": 1,
        "mean": 1,
        "median": 1,
        "min": 1,
        "stdev": 0,
        "var": 0
    },
    "silence_rate_30dB": {
        "dmean": 0.0557275526226,
        "dmean2": 0.111541442573,
        "dvar": 0.0526216924191,
        "dvar2": 0.113042727113,
        "max": 1,
        "mean": 0.930394411087,
        "median": 1,
        "min": 0,
        "stdev": 0.254480630159,
        "var": 0.0647603943944
    },
    "silence_rate_60dB": {
        "dmean": 0.0348297208548,
        "dmean2": 0.0697133988142,
        "dvar": 0.0336165614426,
        "dvar2": 0.0695009455085,
        "max": 1,
        "mean": 0.0750193372369,
        "median": 0,
        "min": 0,
        "stdev": 0.263424247503,
        "var": 0.0693923309445
    },
    "spectral_centroid": {
        "dmean": 298.814666748,
        "dmean2": 417.48828125,
        "dvar": 249750.953125,
        "dvar2": 350117.9375,
        "max": 11518.8916016,
        "mean": 1006.45922852,
        "median": 766.940124512,
        "min": 130.022613525,
        "stdev": 850.670654297,
        "var": 723640.5625
    },
    "spectral_complexity": {
        "dmean": 3.6749227047,
        "dmean2": 5.13555383682,
        "dvar": 27.7069129944,
        "dvar2": 48.7477226257,
        "max": 48,
        "mean": 11.3271465302,
        "median": 9,
        "min": 0,
        "stdev": 8.4096736908,
        "var": 70.722618103
    },
    "spectral_decrease": {
        "dmean": 4.10184952671e-09,
        "dmean2": 5.93987348196e-09,
        "dvar": 6.84640386177e-17,
        "dvar2": 1.3743969837e-16,
        "max": -9.33363609504e-29,
        "mean": -8.69016680838e-09,
        "median": -5.64243407553e-09,
        "min": -7.05745932805e-08,
        "stdev": 1.07773594493e-08,
        "var": 1.16151484005e-16
    },
    "spectral_energy": {
        "dmean": 0.0162983760238,
        "dmean2": 0.023480957374,
        "dvar": 0.001018632669,
        "dvar2": 0.00205722171813,
        "max": 0.268208652735,
        "mean": 0.0345607921481,
        "median": 0.0224811695516,
        "min": 1.0860579328e-20,
        "stdev": 0.0416055843234,
        "var": 0.0017310247058
    },
    "spectral_energyband_high": {
        "dmean": 0.000691343913786,
        "dmean2": 0.000996880466118,
        "dvar": 2.46272475124e-06,
        "dvar2": 5.25958739672e-06,
        "max": 0.0213119480759,
        "mean": 0.000849995587487,
        "median": 0.000214414598304,
        "min": 7.62201617249e-21,
        "stdev": 0.00191538548097,
        "var": 3.66870153812e-06
    },
    "spectral_energyband_low": {
        "dmean": 0.00887671951205,
        "dmean2": 0.0123197995126,
        "dvar": 0.000634156633168,
        "dvar2": 0.00100557412952,
        "max": 0.258909553289,
        "mean": 0.0175410062075,
        "median": 0.00809917971492,
        "min": 2.1319502389e-22,
        "stdev": 0.0350554101169,
        "var": 0.0012288816506
    },
    "spectral_energyband_middle_high": {
        "dmean": 0.00240413541906,
        "dmean2": 0.00369870383292,
        "dvar": 2.74213689408e-05,
        "dvar2": 6.94341651979e-05,
        "max": 0.0484515763819,
        "mean": 0.00391038553789,
        "median": 0.0015504603507,
        "min": 1.89698565801e-21,
        "stdev": 0.00607289746404,
        "var": 3.68800829165e-05
    },
    "spectral_energyband_middle_low": {
        "dmean": 0.00793625880033,
        "dmean2": 0.0125392973423,
        "dvar": 0.000427408580435,
        "dvar2": 0.00115005020052,
        "max": 0.192998871207,
        "mean": 0.0132280280814,
        "median": 0.00956276617944,
        "min": 3.18215785901e-22,
        "stdev": 0.0185604896396,
        "var": 0.000344491796568
    },
    "spectral_entropy": {
        "dmean": 0.302203983068,
        "dmean2": 0.404638826847,
        "dvar": 0.104128561914,
        "dvar2": 0.185130178928,
        "max": 9.81135177612,
        "mean": 7.17340803146,
        "median": 7.17261505127,
        "min": 4.70037126541,
        "stdev": 0.700955212116,
        "var": 0.491338193417
    },
    "spectral_flux": {
        "dmean": 0.0408614091575,
        "dmean2": 0.0620430633426,
        "dvar": 0.00302741560154,
        "dvar2": 0.00615685991943,
        "max": 0.433058053255,
        "mean": 0.0875273793936,
        "median": 0.0628823265433,
        "min": 1.04214102625e-10,
        "stdev": 0.0784181877971,
        "var": 0.00614941166714
    },
    "spectral_kurtosis": {
        "dmean": 2.74648618698,
        "dmean2": 4.04212999344,
        "dvar": 12.024055481,
        "dvar2": 26.0793418884,
        "max": 41.3199806213,
        "mean": 6.65145921707,
        "median": 5.12695407867,
        "min": -1.16283917427,
        "stdev": 5.73006820679,
        "var": 32.8336791992
    },
    "spectral_rms": {
        "dmean": 0.00118829787243,
        "dmean2": 0.00159838644322,
        "dvar": 3.08572793983e-06,
        "dvar2": 5.72749968342e-06,
        "max": 0.016176123172,
        "mean": 0.00508003216237,
        "median": 0.00468325195834,
        "min": 3.25510170034e-12,
        "stdev": 0.00281267543323,
        "var": 7.91114325693e-06
    },
    "spectral_rolloff": {
        "dmean": 671.514465332,
        "dmean2": 1102.83032227,
        "dvar": 2906781.25,
        "dvar2": 6004415,
        "max": 18583.1542969,
        "mean": 1390.98266602,
        "median": 602.9296875,
        "min": 64.599609375,
        "stdev": 2295.28515625,
        "var": 5268334.5
    },
    "spectral_skewness": {
        "dmean": 0.378483623266,
        "dmean2": 0.527994275093,
        "dvar": 0.150899097323,
        "dvar2": 0.302711963654,
        "max": 4.93174552917,
        "mean": 2.08670282364,
        "median": 2.03656458855,
        "min": -0.0874918177724,
        "stdev": 0.819755733013,
        "var": 0.671999454498
    },
    "spectral_spread": {
        "dmean": 1219185.75,
        "dmean2": 1661150.125,
        "dvar": 3.02760381645e+12,
        "dvar2": 5.62698387456e+12,
        "max": 40102936,
        "mean": 5733136.5,
        "median": 5383240.5,
        "min": 1529083.75,
        "stdev": 2437709.5,
        "var": 5.94242751693e+12
    },
    "spectral_strongpeak": {
        "dmean": 0.424336194992,
        "dmean2": 0.694009721279,
        "dvar": 0.479241967201,
        "dvar2": 1.05461466312,
        "max": 7.98352479935,
        "mean": 0.968120455742,
        "median": 0.490900754929,
        "min": 0,
        "stdev": 1.07753169537,
        "var": 1.16107451916
    },
    "zerocrossingrate": {
        "dmean": 0.0187746416777,
        "dmean2": 0.0207718089223,
        "dvar": 0.000870824209414,
        "dvar2": 0.000988981919363,
        "max": 0.48876953125,
        "mean": 0.0585163347423,
        "median": 0.041015625,
        "min": 0.00244140625,
        "stdev": 0.061067584902,
        "var": 0.00372924981639
    },
    "barkbands": {
        "dmean": [0.00133981648833, 0.00640146713704, 0.00235627428629, 0.00135889544617, 0.00435881037265, 0.000892831245437, 0.000982076278888, 0.00122266961262, 0.000605425157119, 0.000397621566663, 0.000356357224518, 0.000282403081656, 0.000420961354394, 0.000272487755865, 0.000450278777862, 0.000397417024942, 0.00027724049869, 0.000173116364749, 0.000126731261844, 7.6186050137e-05, 8.06192765594e-05, 9.45543652051e-05, 0.000133497480419, 0.000111545283289, 0.000142834280268, 0.000137014954817, 1.28538385979e-05],
        "dmean2": [0.00196517677978, 0.00911138020456, 0.00378415780142, 0.00226061837748, 0.00737035786733, 0.00144170760177, 0.00152042822447, 0.00173642730806, 0.000821485067718, 0.000548967858776, 0.000565111753531, 0.000426928629167, 0.000638667377643, 0.000403830374125, 0.000776221451815, 0.000678268959746, 0.000467802048661, 0.000286864087684, 0.000220346453716, 0.0001167254959, 0.000125464212033, 0.00014104800357, 0.000200643160497, 0.000161189716891, 0.000212992192246, 0.000204325697268, 2.00412832783e-05],
        "dvar": [2.10215494008e-05, 0.000409494474297, 6.9447371061e-05, 3.98053707613e-05, 0.000221124646487, 6.231093721e-06, 5.41645158592e-06, 7.9897863543e-06, 2.59850594375e-06, 1.02823241832e-06, 6.61854471673e-07, 5.84946974413e-07, 2.19406433644e-06, 5.2385513527e-07, 2.17742604036e-06, 1.61358593687e-06, 7.62028378176e-07, 2.24717908281e-07, 1.36288520025e-07, 3.98871051743e-08, 6.7722105257e-08, 1.16844127263e-07, 1.31114305191e-07, 9.53140784077e-08, 1.09574365581e-07, 1.2098331581e-07, 1.0754165336e-09],
        "dvar2": [4.23977908213e-05, 0.000641409656964, 0.000174103246536, 0.00010251718777, 0.000613872834947, 1.57176691573e-05, 1.32036002469e-05, 1.76406756509e-05, 5.33459797225e-06, 1.48371827891e-06, 1.62878814081e-06, 1.38510893066e-06, 4.64161166747e-06, 1.03709123778e-06, 6.11020595898e-06, 4.43409544459e-06, 2.01846773962e-06, 5.85035081713e-07, 3.75830524035e-07, 9.10300883561e-08, 1.67997711742e-07, 2.55032063023e-07, 2.74878914297e-07, 1.7648447681e-07, 2.56654118402e-07, 2.94013432267e-07, 2.64901212077e-09],
        "max": [0.046569801867, 0.209040641785, 0.133387833834, 0.141676023602, 0.148392930627, 0.0290604680777, 0.0287176351994, 0.0306237265468, 0.028671508655, 0.0237854421139, 0.0116882715374, 0.0162208322436, 0.0256998296827, 0.0156402997673, 0.0147082125768, 0.0115785654634, 0.00794348306954, 0.00437233177945, 0.00304461224005, 0.0026908586733, 0.00353743764572, 0.00508440379053, 0.00485542137176, 0.00714092422277, 0.00515629071742, 0.00388830062002, 0.000308955961373],
        "mean": [0.00158679462038, 0.011847121641, 0.00339410151355, 0.00157413631678, 0.00468582194299, 0.00109409156721, 0.00163129600696, 0.00273402826861, 0.000991118839011, 0.000837890082039, 0.000576935883146, 0.000437151698861, 0.000560856540687, 0.00041780580068, 0.000400986813474, 0.000353725161403, 0.000268705800408, 0.000174735469045, 0.000103865575511, 8.93972901395e-05, 8.79672152223e-05, 0.000106779050839, 0.0001606168953, 0.000139363284688, 0.00015539432934, 0.000138006056659, 1.21190278151e-05],
        "median": [8.27336334623e-05, 0.00448955828324, 0.000841314031277, 0.00033380225068, 0.00179511203896, 0.000251216522884, 0.000407462037401, 0.000301125866827, 0.000101100027678, 0.000154506065883, 0.000148334729602, 6.30315189483e-05, 9.2414818937e-05, 6.52783055557e-05, 5.67506649531e-05, 4.80973249068e-05, 4.57778514829e-05, 3.19086975651e-05, 1.14705890155e-05, 1.78744103323e-05, 1.17282279462e-05, 1.42458447954e-05, 3.70577363356e-05, 2.58267427853e-05, 2.59559910774e-05, 1.35727887027e-05, 8.43483690005e-07],
        "min": [1.44495525792e-23, 1.44936770406e-22, 3.93893964086e-23, 3.76319563067e-23, 5.40901854089e-23, 2.8667748032e-23, 3.96776493388e-23, 6.68747176744e-23, 8.68124260582e-23, 8.06117521513e-23, 1.35619805622e-22, 2.54976883963e-22, 4.89680926186e-23, 1.04025244792e-22, 1.30833919039e-22, 1.49743470295e-22, 1.76709108929e-22, 1.98625532899e-22, 3.62779459827e-22, 4.53921873974e-22, 4.1857272651e-22, 5.0318036838e-22, 5.34129918669e-22, 6.3352285863e-22, 1.18129035219e-21, 2.02654019612e-21, 2.31501155876e-21],
        "stdev": [0.00505365757272, 0.0264095757157, 0.00895387120545, 0.00587472552434, 0.0119014913216, 0.00254268455319, 0.00323752267286, 0.00500692985952, 0.00266929366626, 0.00227392441593, 0.00114836567082, 0.00101657141931, 0.00178889860399, 0.00108742993325, 0.00122739514336, 0.00109340238851, 0.000773388775997, 0.000432216183981, 0.000309205031954, 0.000221644411795, 0.000254306243733, 0.000387492909795, 0.000432592176367, 0.000426606304245, 0.000368749868358, 0.000350764079485, 3.28068599629e-05],
        "var": [2.55394552369e-05, 0.000697465671692, 8.01718051662e-05, 3.45123989973e-05, 0.000141645490658, 6.46524495096e-06, 1.04815526356e-05, 2.50693483395e-05, 7.12512928658e-06, 5.1707320381e-06, 1.31874367071e-06, 1.0334175613e-06, 3.20015828947e-06, 1.18250375181e-06, 1.50649873376e-06, 1.19552873912e-06, 5.98130156959e-07, 1.86810822811e-07, 9.56077457204e-08, 4.91262461821e-08, 6.46716600272e-08, 1.50150754052e-07, 1.87135981378e-07, 1.81992945159e-07, 1.35976463866e-07, 1.23035434285e-07, 1.0762901681e-09]
    },
    "erbbands": {
        "dmean": [0.349280118942, 1.10728240013, 2.55426597595, 3.59963464737, 7.66438674927, 18.5785331726, 11.8924369812, 8.57884597778, 9.95487880707, 25.1013965607, 19.424665451, 15.9523115158, 14.3115653992, 9.81958007812, 14.2790174484, 11.472284317, 19.0555343628, 13.7396478653, 18.0519866943, 20.1466503143, 21.9056053162, 14.0120334625, 10.4347009659, 8.8789434433, 3.74401521683, 3.62295246124, 3.5279955864, 3.1067404747, 3.5188536644, 3.06597352028, 3.93571400642, 2.4485783577, 2.19236683846, 1.69532871246, 0.864935219288, 0.493582129478, 0.273967564106, 0.0569909512997, 0.00153968727682, 5.06773103552e-05],
        "dmean2": [0.48652112484, 1.61679208279, 4.20649528503, 5.52761697769, 13.4744653702, 31.2945957184, 19.4859199524, 13.9443502426, 15.5251398087, 36.9877624512, 26.3480911255, 20.5819568634, 19.4845199585, 14.5543470383, 22.0757389069, 16.6109294891, 28.9777584076, 19.5708045959, 29.5061759949, 34.1370201111, 37.7609825134, 23.9653511047, 17.3207492828, 15.5275936127, 6.1793422699, 5.50097131729, 5.62081289291, 4.6814198494, 5.33123207092, 4.4218082428, 5.94934129715, 3.53237175941, 3.18384099007, 2.54661107063, 1.27901983261, 0.742659568787, 0.411051779985, 0.0852772444487, 0.00236125988886, 7.3413400969e-05],
        "dvar": [1.43280422688, 12.1539344788, 79.6605529785, 169.223983765, 602.570007324, 4583.11865234, 1508.72509766, 801.693115234, 694.097167969, 2876.24536133, 1669.99865723, 1654.3873291, 1609.99743652, 359.039276123, 1243.45874023, 593.399658203, 5126.90039062, 1276.72167969, 2563.7878418, 4055.90258789, 5485.21142578, 2153.20410156, 818.162353516, 778.557250977, 115.9739151, 85.3359298706, 116.317062378, 111.009941101, 170.8021698, 107.04850769, 115.890258789, 41.6985092163, 33.013458252, 18.3853931427, 4.70364189148, 1.9568310976, 0.471732646227, 0.0212866980582, 1.57336435223e-05, 1.03206625468e-08],
        "dvar2": [2.53754615784, 27.5382518768, 206.486419678, 391.975921631, 1690.3795166, 12840.9619141, 3958.74023438, 2068.05053711, 1771.04614258, 6698.72558594, 3136.02734375, 3149.89233398, 2294.22338867, 848.54107666, 2552.74731445, 1168.31555176, 11168.953125, 2547.44702148, 6720.30224609, 11220.0751953, 15184.3486328, 5895.83984375, 2130.50537109, 2165.57714844, 299.269958496, 190.566772461, 294.379699707, 264.822387695, 384.852142334, 219.531982422, 240.440765381, 78.5456161499, 65.3250656128, 44.3081054688, 11.0399608612, 5.01232099533, 1.12832641602, 0.048336494714, 3.73543880414e-05, 2.2997582505e-08],
        "max": [12.7328624725, 36.2804794312, 115.526351929, 254.876266479, 314.783538818, 714.645446777, 407.899047852, 315.783294678, 382.970611572, 525.732727051, 739.673828125, 745.39831543, 928.904968262, 326.181213379, 765.397277832, 341.32824707, 1158.32299805, 885.66595459, 589.261108398, 588.898803711, 584.19732666, 507.75302124, 249.409210205, 220.381515503, 106.835212708, 138.299285889, 150.28163147, 119.863136292, 189.999557495, 224.396942139, 147.759658813, 137.893280029, 113.377067566, 77.207649231, 34.2311477661, 23.7996501923, 5.4572892189, 1.19419324398, 0.0343580618501, 0.000828958873171],
        "mean": [0.532365977764, 1.88341760635, 3.84461593628, 4.85848426819, 7.75117683411, 19.6793746948, 13.3227930069, 9.9103269577, 17.7342662811, 51.853187561, 39.3185653687, 28.6726398468, 31.3157863617, 18.0492019653, 24.8406257629, 18.8907566071, 26.3707847595, 23.0602169037, 20.6613063812, 18.9767379761, 19.1497344971, 13.0653018951, 10.625828743, 7.68387937546, 3.56802749634, 4.32125329971, 3.95670986176, 3.35687041283, 3.8907186985, 3.99706506729, 4.57000684738, 2.98786520958, 2.56581687927, 1.82939350605, 0.962787628174, 0.514400303364, 0.270779341459, 0.0563008487225, 0.00151099346112, 7.72229177528e-05],
        "median": [0.106924399734, 0.902314960957, 1.14144849777, 1.20346820354, 2.69009876251, 6.62344932556, 4.82497739792, 1.88140714169, 4.47877550125, 9.99046611786, 7.74898481369, 4.5876455307, 5.65986776352, 5.52845525742, 6.16361904144, 3.70978665352, 4.69180059433, 5.01889371872, 4.35310649872, 3.4259955883, 2.61863970757, 2.3982334137, 2.20501804352, 1.11258411407, 0.511728942394, 0.875297725201, 0.557655751705, 0.465843230486, 0.533419907093, 0.81481307745, 1.00246369839, 0.580254256725, 0.445319712162, 0.290008932352, 0.173470243812, 0.0699982866645, 0.023336417973, 0.00433909986168, 0.000132540735649, 3.63751969417e-05],
        "min": [5.00845259321e-21, 2.90101869722e-20, 4.83839718397e-20, 9.36622811448e-20, 1.45944244686e-19, 1.54232982165e-19, 2.45896239188e-19, 2.65038284237e-19, 5.32653080985e-19, 7.69931752551e-19, 1.93935327707e-18, 1.61415476726e-18, 1.41720244303e-18, 3.56107457559e-18, 9.49297617256e-18, 6.96556634276e-18, 2.93149748521e-18, 3.95425502743e-18, 5.96471543829e-18, 7.28554461911e-18, 8.70325691559e-18, 9.71967659996e-18, 1.3464117265e-17, 1.38436806696e-17, 1.82908592415e-17, 2.71884655507e-17, 1.59970079936e-17, 1.79771129439e-17, 1.9762160434e-17, 1.45748694536e-17, 1.60492808452e-17, 9.43658396148e-18, 1.3442230066e-17, 9.603700915e-18, 1.05367763624e-17, 7.38137432026e-18, 3.88261870484e-18, 1.23169902226e-18, 2.95745063882e-19, 3.71061267446e-20],
        "stdev": [1.41654765606, 3.91756701469, 9.43625736237, 14.3172540665, 19.8094654083, 54.0179328918, 33.5566749573, 26.9303340912, 35.1214866638, 86.9664001465, 75.3944473267, 73.7588272095, 88.5682601929, 30.3917331696, 56.3588523865, 38.6158027649, 84.6243591309, 58.9648094177, 49.4438323975, 54.4363059998, 61.1460113525, 38.885723114, 25.9393749237, 23.14361763, 10.1123495102, 10.4528017044, 10.6124658585, 10.5930261612, 14.2905445099, 12.6010541916, 12.7316970825, 8.86669635773, 7.46288013458, 4.61075115204, 2.4089744091, 1.3790127039, 0.700535714626, 0.152620762587, 0.00403750594705, 0.000116153227282],
        "var": [2.00660729408, 15.3473310471, 89.0429534912, 204.983764648, 392.41494751, 2917.93725586, 1126.05053711, 725.242919922, 1233.51879883, 7563.15478516, 5684.32226562, 5440.36474609, 7844.33642578, 923.657470703, 3176.3203125, 1491.18017578, 7161.28173828, 3476.84887695, 2444.69262695, 2963.31152344, 3738.83447266, 1512.09936523, 672.851196289, 535.627075195, 102.259620667, 109.261070251, 112.624435425, 112.212211609, 204.219665527, 158.786575317, 162.096115112, 78.618309021, 55.6945800781, 21.2590255737, 5.8031578064, 1.90167605877, 0.490750312805, 0.0232930984348, 1.63014556165e-05, 1.34915723038e-08]
    },
    "gfcc": {
        "mean": [-32.4130859375, 79.975402832, -89.9938354492, 9.17631626129, -56.9099121094, 18.727519989, -47.1111335754, 9.97595119476, -21.6474342346, 3.3547334671, -18.2924728394, 3.65046906471, -14.3436574936],
        "cov": [[7934.65478516, -993.088012695, -34.2379264832, 43.0196495056, -221.383560181, 186.0987854, 4.17273759842, 422.166168213, 14.1839447021, 265.186157227, -89.3341903687, 244.406280518, -146.06149292], [-993.088012695, 2459.27392578, 554.729858398, 198.909729004, 786.9375, 211.252487183, 406.961700439, 95.9196243286, 354.015686035, -73.677947998, 151.504058838, -31.4164428711, 2.97554659843], [-34.2379264832, 554.729858398, 1645.6048584, 660.931762695, 623.267028809, 356.326782227, 276.498748779, 196.707077026, 133.732955933, 63.7054519653, 61.6187820435, 72.9061889648, -16.6429710388], [43.0196495056, 198.909729004, 660.931762695, 1149.41125488, 463.716827393, 167.053848267, 226.787658691, 97.7596511841, 109.665077209, 81.7426071167, 53.3117790222, -7.68668270111, 116.860206604], [-221.383560181, 786.9375, 623.267028809, 463.716827393, 1002.91357422, 214.373474121, 182.807220459, 209.789978027, 268.744598389, 110.477287292, 24.0328979492, -23.4943885803, 16.7888450623], [186.0987854, 211.252487183, 356.326782227, 167.053848267, 214.373474121, 446.41897583, 254.400421143, 162.186752319, 120.303100586, 48.733455658, 66.6059799194, -11.207649231, -48.0326271057], [4.17273759842, 406.961700439, 276.498748779, 226.787658691, 182.807220459, 254.400421143, 417.240570068, 155.542755127, 105.337440491, 48.3015899658, 62.5883026123, 26.5843200684, -21.7927951813], [422.166168213, 95.9196243286, 196.707077026, 97.7596511841, 209.789978027, 162.186752319, 155.542755127, 251.72895813, 148.710708618, 89.9631652832, 40.1044464111, 31.1287631989, -24.1446590424], [14.1839447021, 354.015686035, 133.732955933, 109.665077209, 268.744598389, 120.303100586, 105.337440491, 148.710708618, 286.306610107, 111.852577209, 34.7660827637, 0.255016326904, 3.29876089096], [265.186157227, -73.677947998, 63.7054519653, 81.7426071167, 110.477287292, 48.733455658, 48.3015899658, 89.9631652832, 111.852577209, 196.152099609, 5.1988940239, 11.3033151627, 4.36639404297], [-89.3341903687, 151.504058838, 61.6187820435, 53.3117790222, 24.0328979492, 66.6059799194, 62.5883026123, 40.1044464111, 34.7660827637, 5.1988940239, 134.79927063, 34.685508728, 12.8613958359], [244.406280518, -31.4164428711, 72.9061889648, -7.68668270111, -23.4943885803, -11.207649231, 26.5843200684, 31.1287631989, 0.255016326904, 11.3033151627, 34.685508728, 125.257507324, 28.8313293457], [-146.06149292, 2.97554659843, -16.6429710388, 116.860206604, 16.7888450623, -48.0326271057, -21.7927951813, -24.1446590424, 3.29876089096, 4.36639404297, 12.8613958359, 28.8313293457, 122.456924438]],
        "icov": [[0.000184449920198, -3.96326613554e-05, 8.13031001599e-05, -0.000134163958137, 0.000111176705104, -0.000160082636285, 0.000247298827162, -0.000445433164714, 0.00019857265579, -0.000213993276702, 0.000315299519571, -0.000504113093484, 0.000326054956531], [-3.96326613554e-05, 0.00108273571823, -0.00023048715957, 0.000453601620393, -0.000775817432441, 0.000589664909057, -0.00129244243726, 0.00118688191287, -0.00140616390854, 0.00120874890126, -0.00104813103098, 0.000637027493212, -0.000241232119151], [8.13031001599e-05, -0.00023048715957, 0.00120784156024, -0.000654070754535, -0.000285416841507, -0.000780644244514, 0.000457379763247, -0.000382826430723, 0.000600859348197, -0.000192836276256, 0.000487196288304, -0.00141117465682, 0.000901522813365], [-0.000134163958137, 0.000453601620393, -0.000654070754535, 0.00186084967572, -0.000698361604009, 0.000482432107674, -0.0013159342343, 0.000841086148284, -0.000415230519138, 0.000217404376599, -0.000892704818398, 0.00156233622693, -0.00208976469003], [0.000111176705104, -0.000775817432441, -0.000285416841507, -0.000698361604009, 0.00247606728226, -0.000427778519224, 0.00107345404103, -0.00166589068249, -0.000150941777974, -0.000795925734565, 0.00116939819418, 6.58237404423e-05, 2.85533169517e-05], [-0.000160082636285, 0.000589664909057, -0.000780644244514, 0.000482432107674, -0.000427778519224, 0.0048962701112, -0.00265950220637, -0.000219713838305, -0.00120853888802, 0.000871219905093, -0.0019975125324, 0.00231599831022, 0.000356810982339], [0.000247298827162, -0.00129244243726, 0.000457379763247, -0.0013159342343, 0.00107345404103, -0.00265950220637, 0.00611179927364, -0.00300268293358, 0.00167993386276, -0.00138092646375, 0.00117762072477, -0.00225961115211, 0.00136193423532], [-0.000445433164714, 0.00118688191287, -0.000382826430723, 0.000841086148284, -0.00166589068249, -0.000219713838305, -0.00300268293358, 0.0104006007314, -0.00405945209786, 0.000162504074979, -0.00198896089569, -0.000446138263214, 0.00066120486008], [0.00019857265579, -0.00140616390854, 0.000600859348197, -0.000415230519138, -0.000150941777974, -0.00120853888802, 0.00167993386276, -0.00405945209786, 0.00869690068066, -0.00393421761692, 0.000688789528795, -0.000388295622543, -0.000280761800241], [-0.000213993276702, 0.00120874890126, -0.000192836276256, 0.000217404376599, -0.000795925734565, 0.000871219905093, -0.00138092646375, 0.000162504074979, -0.00393421761692, 0.00855025742203, -0.00059990119189, 0.000556359998882, -0.000548028794583], [0.000315299519571, -0.00104813103098, 0.000487196288304, -0.000892704818398, 0.00116939819418, -0.0019975125324, 0.00117762072477, -0.00198896089569, 0.000688789528795, -0.00059990119189, 0.0105858296156, -0.00380557891913, -1.97392218979e-05], [-0.000504113093484, 0.000637027493212, -0.00141117465682, 0.00156233622693, 6.58237404423e-05, 0.00231599831022, -0.00225961115211, -0.000446138263214, -0.000388295622543, 0.000556359998882, -0.00380557891913, 0.0129031343386, -0.00453778076917], [0.000326054956531, -0.000241232119151, 0.000901522813365, -0.00208976469003, 2.85533169517e-05, 0.000356810982339, 0.00136193423532, 0.00066120486008, -0.000280761800241, -0.000548028794583, -1.97392218979e-05, -0.00453778076917, 0.0122840218246]]
    },
    "melbands": {
        "dmean": [0.00231168442406, 0.00128268531989, 0.000712459324859, 0.0009091742686, 0.000551206350792, 0.000175705397851, 0.000169740247657, 0.000286732654786, 0.000142074321047, 0.000102428733953, 7.05630664015e-05, 3.94096023228e-05, 4.64842669317e-05, 3.71068126697e-05, 3.43387873727e-05, 3.79194570996e-05, 2.69230822596e-05, 2.56052517216e-05, 3.69709014194e-05, 2.45175542659e-05, 2.78634615825e-05, 1.61448479048e-05, 1.06392162706e-05, 7.82263305155e-06, 7.60835018809e-06, 3.3485239328e-06, 2.40234885496e-06, 2.38693041865e-06, 2.18955619857e-06, 2.12234999708e-06, 1.72510533503e-06, 2.24532914217e-06, 1.52805421294e-06, 1.80866913979e-06, 2.22037465392e-06, 2.3228151349e-06, 1.24819177927e-06, 1.35971947657e-06, 2.11071414924e-06, 1.20014658478e-06],
        "dmean2": [0.00309341191314, 0.00201876554638, 0.00114770256914, 0.00155378109775, 0.000909436203074, 0.000285493035335, 0.000262456538621, 0.000420332129579, 0.000192750841961, 0.000133915062179, 9.70375986071e-05, 5.85540437896e-05, 7.27185906726e-05, 5.52210549358e-05, 5.16248546774e-05, 5.77064602112e-05, 3.8969948946e-05, 4.10872708017e-05, 6.5639083914e-05, 4.02327532356e-05, 4.87492798129e-05, 2.76354130619e-05, 1.76163903234e-05, 1.30719718072e-05, 1.34193733174e-05, 5.72892531636e-06, 3.86543160857e-06, 3.59956061402e-06, 3.48624553226e-06, 3.38690711033e-06, 2.57331703324e-06, 3.50600248566e-06, 2.16835633182e-06, 2.66315123554e-06, 3.40418773703e-06, 3.47122636413e-06, 1.77221204467e-06, 1.95595134755e-06, 3.25393898493e-06, 1.80370363978e-06],
        "dvar": [5.56237901037e-05, 1.702440386e-05, 6.04636488788e-06, 8.50554170029e-06, 4.0941131374e-06, 3.06608967549e-07, 1.84737899644e-07, 3.95126448893e-07, 8.96288554486e-08, 6.87340317995e-08, 3.95919528273e-08, 5.71235991842e-09, 1.2145743078e-08, 8.50593195878e-09, 1.89341324841e-08, 1.51917536328e-08, 5.66134827906e-09, 4.61446214572e-09, 1.68576725912e-08, 4.702962908e-09, 9.86199211184e-09, 3.04990810385e-09, 8.70165939304e-10, 4.70948724463e-10, 6.02861427446e-10, 9.41476063776e-11, 5.57221803421e-11, 3.67999450357e-11, 3.69397325228e-11, 5.96370036687e-11, 3.14451485683e-11, 8.05235739199e-11, 2.9385431588e-11, 3.50204899802e-11, 4.19054374534e-11, 3.2466879879e-11, 1.4048357963e-11, 1.68797406608e-11, 2.64244459647e-11, 1.08228105297e-11],
        "dvar2": [8.91106610652e-05, 4.37063245045e-05, 1.50447940541e-05, 2.37502245e-05, 1.11096633191e-05, 7.85758857091e-07, 4.6200102588e-07, 9.05605816115e-07, 1.6555941329e-07, 1.30724998826e-07, 5.67001166019e-08, 1.32911344153e-08, 2.78563270228e-08, 1.85224653393e-08, 4.01651583104e-08, 3.49708315639e-08, 1.20406529192e-08, 1.09527391601e-08, 4.8024194399e-08, 1.2116905701e-08, 2.74339466699e-08, 8.37807068166e-09, 2.26617391519e-09, 1.25825339037e-09, 1.68730529548e-09, 2.52369292131e-10, 1.35278649394e-10, 7.93242763142e-11, 9.14988432243e-11, 1.52540827192e-10, 7.26444945864e-11, 1.91469048949e-10, 5.56546822517e-11, 7.38174174564e-11, 8.77712624803e-11, 6.90258197822e-11, 2.56453608349e-11, 3.25995411221e-11, 6.27222995764e-11, 2.66845035651e-11],
        "max": [0.0814432129264, 0.0408313162625, 0.0476884953678, 0.030171321705, 0.0218020882457, 0.00653206696734, 0.00613002898172, 0.00682486966252, 0.00536452839151, 0.00515586184338, 0.00458195107058, 0.00130464835092, 0.00173999229446, 0.00202931999229, 0.00295681576245, 0.0024888291955, 0.00159806536976, 0.0011182455346, 0.00120247493032, 0.00059184548445, 0.000744298566133, 0.000623895728495, 0.000267145893304, 0.000190445090993, 0.000198573630769, 8.07118922239e-05, 8.0658493971e-05, 9.36727810767e-05, 7.66099619796e-05, 0.000103785954707, 6.05590394116e-05, 0.000114648675662, 0.000109435466584, 0.000120137388876, 9.26658976823e-05, 7.82403876656e-05, 0.000105103215901, 8.91498566489e-05, 9.36399665079e-05, 5.397717905e-05],
        "mean": [0.00388024607673, 0.00209024804644, 0.000914309814107, 0.000965483137406, 0.000608745962381, 0.000211140024476, 0.000296166836051, 0.000614434713498, 0.000268569216132, 0.000176868910785, 0.000150173480506, 6.77675852785e-05, 7.62870040489e-05, 6.37181801721e-05, 4.59818984382e-05, 5.47709714738e-05, 4.231321509e-05, 3.12424599542e-05, 3.08022972604e-05, 2.51762230619e-05, 2.29426586884e-05, 1.46237871377e-05, 1.0635387298e-05, 7.97813572717e-06, 6.24689528195e-06, 2.82116479866e-06, 2.46077024713e-06, 2.93926927952e-06, 2.49921822615e-06, 2.18967988985e-06, 1.870925189e-06, 2.3707609671e-06, 1.82690109796e-06, 2.39495534515e-06, 2.58739146375e-06, 2.50641369348e-06, 1.5692511397e-06, 1.66178483596e-06, 2.11325846067e-06, 1.31461217734e-06],
        "median": [0.00126110366546, 0.000885149580427, 0.000275860482361, 0.000372762995539, 0.000221591079026, 3.78309232474e-05, 6.26155087957e-05, 0.000113443820737, 4.44184843218e-05, 2.02594292205e-05, 2.55441391346e-05, 1.7238460714e-05, 2.04050047614e-05, 1.20726090245e-05, 7.25079553376e-06, 8.49929256219e-06, 6.64545632389e-06, 5.96839254285e-06, 4.26732503911e-06, 3.67386496691e-06, 2.56088969763e-06, 2.32565798797e-06, 2.09368135984e-06, 1.47092805491e-06, 7.00472469362e-07, 2.74418766821e-07, 3.68103485471e-07, 5.49199739908e-07, 3.6032679418e-07, 2.59189988583e-07, 2.58929134134e-07, 2.84281185259e-07, 2.54945859979e-07, 5.1283348057e-07, 5.51457162601e-07, 4.2300175096e-07, 2.89090024808e-07, 2.57407378967e-07, 2.61959826275e-07, 2.14816083144e-07],
        "min": [4.26659775101e-23, 2.9468265146e-23, 1.75593858402e-23, 1.10693553866e-23, 8.50264575906e-24, 5.3034069473e-24, 8.54923351754e-24, 9.43856453651e-24, 1.80192365277e-23, 9.82016179991e-24, 7.31994446919e-24, 1.41115177927e-23, 2.70337141747e-23, 3.07432347628e-23, 9.038853449e-24, 6.43508944699e-24, 7.09122687149e-24, 9.27328792167e-24, 1.19036862344e-23, 8.93460232493e-24, 1.03039410052e-23, 8.55096427837e-24, 1.21749991656e-23, 1.05479901146e-23, 1.13449810203e-23, 1.30071275137e-23, 1.31815841029e-23, 1.89402978989e-23, 7.85420051725e-24, 1.2357802692e-23, 9.07677083727e-24, 1.31249060246e-23, 6.88332967967e-24, 7.94294263592e-24, 9.79502395831e-24, 7.00879248462e-24, 5.32111174703e-24, 8.68263778522e-24, 1.09913954188e-23, 6.98305668645e-24],
        "stdev": [0.00947620067745, 0.004389481619, 0.00249260151759, 0.00232950598001, 0.00167434674222, 0.000552449491806, 0.000592697935645, 0.00105354434345, 0.000539773376659, 0.000480567134218, 0.000437312468421, 0.000120881042676, 0.000160718598636, 0.000135105743539, 0.000161337753525, 0.000151343032485, 0.000112390676804, 7.51468105591e-05, 0.000103356076579, 6.83532562107e-05, 8.050485485e-05, 4.62548014184e-05, 2.64729023911e-05, 1.97390145331e-05, 2.00583417609e-05, 8.53857272887e-06, 7.41992380426e-06, 7.16686372471e-06, 6.32062437944e-06, 7.19831768947e-06, 5.89928413319e-06, 9.29885663936e-06, 6.61718195261e-06, 7.25926429368e-06, 7.61587079978e-06, 6.56231395624e-06, 5.4207375797e-06, 5.47833542441e-06, 5.41089366379e-06, 3.46323031408e-06],
        "var": [8.97983845789e-05, 1.92675488506e-05, 6.21306253379e-06, 5.42659790881e-06, 2.80343715531e-06, 3.05200444473e-07, 3.51290822209e-07, 1.10995574687e-06, 2.91355320314e-07, 2.30944763757e-07, 1.91242193637e-07, 1.46122260958e-08, 2.58304684309e-08, 1.82535622173e-08, 2.60298698151e-08, 2.29047145694e-08, 1.26316646032e-08, 5.64704327743e-09, 1.06824789015e-08, 4.67216798583e-09, 6.48103126721e-09, 2.13950679395e-09, 7.00814517529e-10, 3.89628662667e-10, 4.02337052563e-10, 7.29072219263e-11, 5.50552693712e-11, 5.13639374089e-11, 3.99502930737e-11, 5.18157773632e-11, 3.48015539997e-11, 8.646873495e-11, 4.37870954773e-11, 5.26969162751e-11, 5.80014890283e-11, 4.30639621185e-11, 2.93843942234e-11, 3.00121594243e-11, 2.92777711797e-11, 1.19939639817e-11]
    },
    "melbands128": {
