{
"lowlevel": {
    "average_loudness": 0.916344106197,
    "barkbands_crest": {
        "dmean": 3.39185118675,
        "dmean2": 5.61354875565,
        "dvar": 9.79528617859,
        "dvar2": 23.4286880493,
        "max": 25.5116252899,
        "mean": 10.8801708221,
        "median": 9.88100242615,
        "min": 3.03300762177,
        "stdev": 4.60975980759,
        "var": 21.2498874664
    },
    "barkbands_flatness_db": {
        "dmean": 0.0261120013893,
        "dmean2": 0.04064206779,
        "dvar": 0.000733630906325,
        "dvar2": 0.00167265860364,
        "max": 0.312348544598,
        "mean": 0.151434585452,
        "median": 0.14417463541,
        "min": 0.0292361211032,
        "stdev": 0.0467473417521,
        "var": 0.0021853139624
    },
    "barkbands_kurtosis": {
        "dmean": 5.76019477844,
        "dmean2": 9.40764045715,
        "dvar": 232.993041992,
        "dvar2": 578.370422363,
        "max": 204.664474487,
        "mean": 6.80454874039,
        "median": 3.37258553505,
        "min": -1.90163326263,
        "stdev": 15.1790351868,
        "var": 230.403106689
    },
    "barkbands_skewness": {
        "dmean": 0.800151050091,
        "dmean2": 1.18733608723,
        "dvar": 1.1361746788,
        "dvar2": 2.40458345413,
        "max": 12.8451070786,
        "mean": 1.63307547569,
        "median": 1.44036006927,
        "min": -2.32861804962,
        "stdev": 1.50360012054,
        "var": 2.26081323624
    },
    "barkbands_spread": {
        "dmean": 6.62471532822,
        "dmean2": 10.4234447479,
        "dvar": 110.224632263,
        "dvar2": 230.287460327,
        "max": 104.115127563,
        "mean": 17.7833194733,
        "median": 14.0532341003,
        "min": 1.00678658485,
        "stdev": 14.3867139816,
        "var": 206.977539062
    },
    "dissonance": {
        "dmean": 0.0364923961461,
        "dmean2": 0.060686416924,
        "dvar": 0.00123127386905,
        "dvar2": 0.00317303533666,
        "max": 0.499904632568,
        "mean": 0.435472100973,
        "median": 0.445689976215,
        "min": 0.00525674968958,
        "stdev": 0.0462487153709,
        "var": 0.00213894364424
    },
    "dynamic_complexity": 1.98597598076,
    "erbbands_crest": {
        "dmean": 4.05661773682,
        "dmean2": 6.64620447159,
        "dvar": 13.4825668335,
        "dvar2": 33.0501174927,
        "max": 32.6456336975,
        "mean": 12.2437677383,
        "median": 11.1241035461,
        "min": 3.1898753643,
        "stdev": 5.52335834503,
        "var": 30.5074863434
    },
    "erbbands_flatness_db": {
        "dmean": 0.0230407565832,
        "dmean2": 0.033803448081,
        "dvar": 0.000526019954123,
        "dvar2": 0.0010857215384,
        "max": 0.35913875699,
        "mean": 0.178011700511,
        "median": 0.177536159754,
        "min": 0.0626794025302,
        "stdev": 0.0497225485742,
        "var": 0.00247233198024
    },
    "erbbands_kurtosis": {
        "dmean": 2.29571413994,
        "dmean2": 3.68386697769,
        "dvar": 18.4838066101,
        "dvar2": 49.3465652466,
        "max": 82.5924758911,
        "mean": 3.34525680542,
        "median": 2.28597640991,
        "min": -1.83369255066,
        "stdev": 4.92277669907,
        "var": 24.2337303162
    },
    "erbbands_skewness": {
        "dmean": 0.528255879879,
        "dmean2": 0.824085533619,
        "dvar": 0.3120405972,
        "dvar2": 0.731259644032,
        "max": 7.48476552963,
        "mean": 0.966053128242,
        "median": 0.949915707111,
        "min": -2.15376067162,
        "stdev": 0.877768456936,
        "var": 0.770477414131
    },
    "erbbands_spread": {
        "dmean": 10.2487592697,
        "dmean2": 15.3522205353,
        "dvar": 209.615264893,
        "dvar2": 451.783050537,
        "max": 146.441314697,
        "mean": 29.4109802246,
        "median": 24.0050392151,
        "min": 1.79561960697,
        "stdev": 21.6187992096,
        "var": 467.372497559
    },
    "hfc": {
        "dmean": 11.1736660004,
        "dmean2": 17.7253112793,
        "dvar": 253.834197998,
        "dvar2": 651.768310547,
        "max": 132.088760376,
        "mean": 29.8290462494,
        "median": 27.5625343323,
        "min": 1.23295902512e-16,
        "stdev": 21.0849742889,
        "var": 444.576171875
    },
    "loudness_ebu128": {
        "integrated": -7.18745279312,
        "loudness_range": 2.77694320679,
        "momentary": {
            "dmean": 0.337911367416,
            "dmean2": 0.442762941122,
            "dvar": 0.084426574409,
            "dvar2": 0.120715051889,
            "max": -4.83566999435,
            "mean": -7.37961673737,
            "median": -7.32688903809,
            "min": -12.2197828293,
            "stdev": 1.34472644329,
            "var": 1.80828917027
        },
        "short_term": {
            "dmean": 0.0404975190759,
            "dmean2": 0.0491405762732,
            "dvar": 0.00115955644287,
            "dvar2": 0.0016046439996,
            "max": -5.7952504158,
            "mean": -7.30284738541,
            "median": -7.54878234863,
            "min": -9.15030670166,
            "stdev": 1.01253247261,
            "var": 1.02522194386
        }
    },
    "melbands_crest": {
        "dmean": 3.86228847504,
        "dmean2": 6.05065393448,
        "dvar": 12.9141654968,
        "dvar2": 27.9246921539,
        "max": 37.4708175659,
        "mean": 14.0288228989,
        "median": 12.5585174561,
        "min": 2.87307500839,
        "stdev": 6.34455633163,
        "var": 40.2533950806
    },
    "melbands_flatness_db": {
        "dmean": 0.0302941072732,
        "dmean2": 0.0458666868508,
        "dvar": 0.00113144668285,
        "dvar2": 0.00227913470007,
        "max": 0.425452172756,
        "mean": 0.201877340674,
        "median": 0.194977521896,
        "min": 0.00667258398607,
        "stdev": 0.0565700083971,
        "var": 0.00320016592741
    },
    "melbands_kurtosis": {
        "dmean": 10.8806257248,
        "dmean2": 17.6947879791,
        "dvar": 893.325683594,
        "dvar2": 2148.39111328,
        "max": 408.836547852,
        "mean": 13.5699033737,
        "median": 6.59586286545,
        "min": -1.34798026085,
        "stdev": 30.3712463379,
        "var": 922.412658691
    },
    "melbands_skewness": {
        "dmean": 0.932042121887,
        "dmean2": 1.37323200703,
        "dvar": 1.54032564163,
        "dvar2": 3.08070611954,
        "max": 16.7096843719,
        "mean": 2.10659718513,
        "median": 1.82205355167,
        "min": -1.96166741848,
        "stdev": 1.90468788147,
        "var": 3.62783575058
    },
    "melbands_spread": {
        "dmean": 7.58407068253,
        "dmean2": 11.6477956772,
        "dvar": 146.152740479,
        "dvar2": 294.815704346,
        "max": 184.602722168,
        "mean": 20.1409339905,
        "median": 16.477104187,
        "min": 0.735856235027,
        "stdev": 16.0153713226,
        "var": 256.492095947
    },
    "pitch_salience": {
        "dmean": 0.0873394086957,
        "dmean2": 0.138945102692,
        "dvar": 0.00664079189301,
        "dvar2": 0.0163545459509,
        "max": 0.939480066299,
        "mean": 0.547340631485,
        "median": 0.563496053219,
        "min": 0.0641033276916,
        "stdev": 0.131475239992,
        "var": 0.017285740003
    },
    "silence_rate_20dB": {
        "dmean": 0,
        "dmean2": 0,
        "dvar": 0,
        "dvar2": 0,
        "max": 1,
        "mean": 1,
        "median": 1,
        "min": 1,
        "stdev": 0,
        "var": 0
    },
    "silence_rate_30dB": {
        "dmean": 0.0216550659388,
        "dmean2": 0.0433436520398,
        "dvar": 0.0211861804128,
        "dvar2": 0.041464779526,
        "max": 1,
        "mean": 0.948222577572,
        "median": 1,
        "min": 0,
        "stdev": 0.221577689052,
        "var": 0.049096673727
    },
    "silence_rate_60dB": {
        "dmean": 0.00696055684239,
        "dmean2": 0.0139318881556,
        "dvar": 0.00691227475181,
        "dvar2": 0.0137381954119,
        "max": 1,
        "mean": 0.0123647600412,
        "median": 0,
        "min": 0,
        "stdev": 0.110506184399,
        "var": 0.012211616151
    },
    "spectral_centroid": {
        "dmean": 232.096481323,
        "dmean2": 348.131530762,
        "dvar": 150512.921875,
        "dvar2": 234964.140625,
        "max": 11066.953125,
        "mean": 1046.28808594,
        "median": 989.78302002,
        "min": 320.546325684,
        "stdev": 491.582366943,
        "var": 241653.21875
    },
    "spectral_complexity": {
        "dmean": 3.01933479309,
        "dmean2": 4.80340576172,
        "dvar": 12.1922140121,
        "dvar2": 28.8715801239,
        "max": 44,
        "mean": 15.5,
        "median": 15,
        "min": 0,
        "stdev": 5.51361274719,
        "var": 30.3999233246
    },
    "spectral_decrease": {
        "dmean": 3.86003140562e-09,
        "dmean2": 6.00605787326e-09,
        "dvar": 4.05485259762e-17,
        "dvar2": 7.81804395824e-17,
        "max": 6.7607700323e-29,
        "mean": -9.71289804141e-09,
        "median": -7.79325937117e-09,
        "min": -6.64074164547e-08,
        "stdev": 9.80258896277e-09,
        "var": 9.60907461113e-17
    },
    "spectral_energy": {
        "dmean": 0.0151710435748,
        "dmean2": 0.0236367005855,
        "dvar": 0.000589239643887,
        "dvar2": 0.00114345748443,
        "max": 0.252780884504,
        "mean": 0.0393643192947,
        "median": 0.0320931971073,
        "min": 1.09281423742e-20,
        "stdev": 0.0376565642655,
        "var": 0.00141801685095
    },
    "spectral_energyband_high": {
        "dmean": 0.000577023252845,
        "dmean2": 0.000894296856131,
        "dvar": 1.36662083605e-06,
        "dvar2": 3.28727901433e-06,
        "max": 0.0101856766269,
        "mean": 0.000998044502921,
        "median": 0.000508941477165,
        "min": 7.89403661719e-21,
        "stdev": 0.00136367941741,
        "var": 1.85962142041e-06
    },
    "spectral_energyband_low": {
        "dmean": 0.00701558589935,
        "dmean2": 0.0103877792135,
        "dvar": 0.000552886398509,
        "dvar2": 0.00103793211747,
        "max": 0.241751164198,
        "mean": 0.0122274132445,
        "median": 0.000853745965287,
        "min": 3.21222456666e-23,
        "stdev": 0.0352112948895,
        "var": 0.00123983516824
    },
    "spectral_energyband_middle_high": {
        "dmean": 0.00464159715921,
        "dmean2": 0.00720308348536,
        "dvar": 4.76200111734e-05,
        "dvar2": 0.000119057127449,
        "max": 0.0628250837326,
        "mean": 0.00976567994803,
        "median": 0.00627380982041,
        "min": 1.55635587254e-21,
        "stdev": 0.0100296577439,
        "var": 0.000100594028481
    },
    "spectral_energyband_middle_low": {
        "dmean": 0.00844078324735,
        "dmean2": 0.0135943340138,
        "dvar": 0.000135394002427,
        "dvar2": 0.000349317182554,
        "max": 0.100666195154,
        "mean": 0.0172674562782,
        "median": 0.0146438255906,
        "min": 4.01366824509e-22,
        "stdev": 0.0134237427264,
        "var": 0.000180196861038
    },
    "spectral_entropy": {
        "dmean": 0.235314548016,
        "dmean2": 0.359667778015,
        "dvar": 0.0678659304976,
        "dvar2": 0.147591352463,
        "max": 9.79969024658,
        "mean": 7.38388204575,
        "median": 7.39046001434,
        "min": 5.78431081772,
        "stdev": 0.445397794247,
        "var": 0.198379188776
    },
    "spectral_flux": {
        "dmean": 0.0439250059426,
        "dmean2": 0.070536993444,
        "dvar": 0.00217113201506,
        "dvar2": 0.00496602011845,
        "max": 0.449145078659,
        "mean": 0.11434803158,
        "median": 0.0996607989073,
        "min": 1.04537753454e-10,
        "stdev": 0.0630542933941,
        "var": 0.00397584401071
    },
    "spectral_kurtosis": {
        "dmean": 1.47946417332,
        "dmean2": 2.25377297401,
        "dvar": 2.6003844738,
        "dvar2": 5.90091085434,
        "max": 17.3605480194,
        "mean": 4.44435214996,
        "median": 4.17747497559,
        "min": -1.37409448624,
        "stdev": 2.71333169937,
        "var": 7.36216831207
    },
    "spectral_rms": {
        "dmean": 0.00112574966624,
        "dmean2": 0.00172843260225,
        "dvar": 1.94677454601e-06,
        "dvar2": 3.84015220334e-06,
        "max": 0.0157039966434,
        "mean": 0.00568322790787,
        "median": 0.0055955722928,
        "min": 3.26521101823e-12,
        "stdev": 0.00247084558941,
        "var": 6.1050777731e-06
    },
    "spectral_rolloff": {
        "dmean": 651.06072998,
        "dmean2": 1106.22827148,
        "dvar": 2933747,
        "dvar2": 6323737,
        "max": 19078.4179688,
        "mean": 1541.96875,
        "median": 1130.49316406,
        "min": 43.06640625,
        "stdev": 1971.64111328,
        "var": 3887368.75
    },
    "spectral_skewness": {
        "dmean": 0.253729879856,
        "dmean2": 0.370229303837,
        "dvar": 0.0739353075624,
        "dvar2": 0.148255646229,
        "max": 3.62255573273,
        "mean": 1.83682274818,
        "median": 1.85318493843,
        "min": -0.166898533702,
        "stdev": 0.485638946295,
        "var": 0.235845193267
    },
    "spectral_spread": {
        "dmean": 950620.1875,
        "dmean2": 1343616.875,
        "dvar": 2.28414534451e+12,
        "dvar2": 3.41003363942e+12,
        "max": 40055712,
        "mean": 5866285,
        "median": 5318552.5,
        "min": 2378173.25,
        "stdev": 2389222.5,
        "var": 5.70838430515e+12
    },
    "spectral_strongpeak": {
        "dmean": 1.00596415997,
        "dmean2": 1.64227974415,
        "dvar": 1.75804853439,
        "dvar2": 3.83403682709,
        "max": 11.776673317,
        "mean": 1.94686675072,
        "median": 1.26182174683,
        "min": 0,
        "stdev": 1.94411480427,
        "var": 3.77958226204
    },
    "zerocrossingrate": {
        "dmean": 0.0151019766927,
        "dmean2": 0.0171529576182,
        "dvar": 0.000688261876348,
        "dvar2": 0.000800106907263,
        "max": 0.50048828125,
        "mean": 0.0666575580835,
        "median": 0.0576171875,
        "min": 0.00439453125,
        "stdev": 0.0455753542483,
        "var": 0.00207711290568
    },
    "barkbands": {
        "dmean": [0.000911675102543, 0.00571320718154, 0.00126019876916, 0.000975286704488, 0.00233937939629, 0.00234908028506, 0.00254731345922, 0.00159578793682, 0.00241595623083, 0.00122012977954, 0.00104063621257, 0.00208029896021, 0.00101293076295, 0.000854092708323, 0.000552150886506, 0.000239116940065, 0.000142827935633, 0.000145612284541, 9.76582668955e-05, 0.000110811699415, 8.87067581061e-05, 9.83733552857e-05, 0.000110751214379, 0.000147056998685, 0.000131266235257, 7.69404869061e-05, 7.16544263923e-06],
        "dmean2": [0.000943162420299, 0.00849265884608, 0.00193446781486, 0.00147645978723, 0.00383396632969, 0.00382413249463, 0.00448187766597, 0.0025717113167, 0.00388047122397, 0.00190108106472, 0.00150030804798, 0.00339683517814, 0.00159462925512, 0.00130421668291, 0.000854689453263, 0.000404175545555, 0.000238466818701, 0.000240684254095, 0.000167416190379, 0.000178125133971, 0.000139138952363, 0.00016287949984, 0.000180681119673, 0.000228252843954, 0.00019829676603, 0.000115247021313, 1.2282975149e-05],
        "dvar": [1.3879846847e-05, 0.000532812555321, 8.18572152639e-06, 4.30148065789e-06, 3.09433817165e-05, 1.99357164092e-05, 5.30178294866e-05, 1.21412831504e-05, 1.79639137059e-05, 8.67819926498e-06, 6.06562525718e-06, 2.75419897662e-05, 5.72478029426e-06, 3.53678683496e-06, 1.88325884665e-06, 7.47627382225e-07, 1.30582975544e-07, 7.05212528374e-08, 6.76609843708e-08, 3.99577402277e-08, 2.85923409393e-08, 5.18192422305e-08, 6.0919006728e-08, 1.00425140204e-07, 1.18572074825e-07, 6.17615469878e-08, 7.21037340945e-10],
        "dvar2": [1.69973245647e-05, 0.00101620692294, 2.09520785575e-05, 9.15855525818e-06, 8.12258513179e-05, 4.95494750794e-05, 0.00014778188779, 2.82555520243e-05, 4.35776346421e-05, 2.1626954549e-05, 1.03978281913e-05, 7.04932026565e-05, 1.37574279506e-05, 8.26721225167e-06, 3.60593207915e-06, 1.79295977887e-06, 3.39851737863e-07, 1.78460808797e-07, 1.855397187e-07, 8.99769929674e-08, 6.52798775036e-08, 1.41466713899e-07, 1.64602056429e-07, 2.4309457558e-07, 2.56008746646e-07, 1.34176673328e-07, 1.94800553466e-09],
        "max": [0.0498510077596, 0.236996859312, 0.025380814448, 0.0272097662091, 0.0669609680772, 0.0482077002525, 0.0658559203148, 0.0481240898371, 0.0398608930409, 0.0359821617603, 0.0381650328636, 0.0613038688898, 0.0251644551754, 0.0232310276479, 0.0232314765453, 0.0164637882262, 0.00396816572174, 0.0028961780481, 0.00373584986664, 0.00295843509957, 0.00176104728598, 0.00228071957827, 0.0034270924516, 0.00343461893499, 0.00370076415129, 0.00393596384674, 0.000466729165055],
        "mean": [0.00134518893901, 0.00836587976664, 0.00190832442604, 0.00139516044874, 0.00291859568097, 0.00364992464893, 0.00235498649999, 0.00237830169499, 0.00381045322865, 0.00168697931804, 0.00156796968076, 0.00263677956536, 0.00145010580309, 0.00126419623848, 0.000781045644544, 0.000270955439191, 0.000179586975719, 0.000198032474145, 0.000109208434878, 0.000153178407345, 0.000125799764646, 0.000131078602863, 0.000166575366165, 0.000225512005272, 0.000184331991477, 9.90287880995e-05, 7.13801318852e-06],
        "median": [2.8828694667e-06, 4.06846302212e-05, 0.00025294412626, 0.000391574401874, 0.00144443428144, 0.00176275218837, 0.000568646821193, 0.000573797151446, 0.00133667560294, 0.000405740749557, 0.000180562550668, 0.00045959171257, 0.000356918608304, 0.000356343691237, 0.000152193460963, 5.78204235353e-05, 6.25866377959e-05, 8.5114959802e-05, 4.17188566644e-05, 5.28431628481e-05, 4.80707058159e-05, 5.83506116527e-05, 8.42229201226e-05, 9.364716243e-05, 5.12698097737e-05, 2.5174489565e-05, 7.10361746314e-07],
        "min": [4.83233944661e-24, 1.87442438758e-23, 6.17584017125e-24, 1.40544326621e-23, 1.14154761552e-22, 1.37281834575e-23, 6.0171299557e-23, 4.19514841001e-23, 1.32403663888e-22, 6.71086243991e-23, 9.32337727594e-23, 8.72410678306e-23, 1.11807830939e-22, 9.04796132147e-23, 8.12658503703e-23, 1.29500176129e-22, 1.33814778275e-22, 1.93327025567e-22, 3.52757695156e-22, 4.67766799379e-22, 2.67551503497e-22, 4.65309440862e-22, 6.75109182172e-22, 1.03221598741e-21, 1.1528005838e-21, 1.7491850827e-21, 2.41667540839e-21],
        "stdev": [0.00611086608842, 0.0312970913947, 0.00362040940672, 0.00294992746785, 0.00517526781186, 0.00513471104205, 0.00600025942549, 0.00475290138274, 0.00592587795109, 0.00342381792143, 0.00395344151184, 0.00609230482951, 0.00306517980061, 0.00267884763889, 0.00216719182208, 0.00103805947583, 0.000377728632884, 0.000310596573399, 0.000231845493545, 0.000268363859504, 0.000216379485209, 0.000216985674342, 0.000246933341259, 0.000356464326615, 0.000416966882767, 0.000281732325675, 2.46097297349e-05],
        "var": [3.73426846636e-05, 0.000979508040473, 1.31073647935e-05, 8.70207168191e-06, 2.67833984253e-05, 2.63652564172e-05, 3.60031153832e-05, 2.25900730584e-05, 3.51160269929e-05, 1.17225290523e-05, 1.56297010108e-05, 3.71161768271e-05, 9.39532674238e-06, 7.17622424418e-06, 4.69672022518e-06, 1.07756738998e-06, 1.42678928228e-07, 9.64702238093e-08, 5.37523305866e-08, 7.20191621895e-08, 4.682008381e-08, 4.70827856702e-08, 6.09760704151e-08, 1.27066826394e-07, 1.73861380404e-07, 7.93731018689e-08, 6.05638816875e-10]
    },
    "erbbands": {
        "dmean": [0.224857792258, 1.19054019451, 1.48951339722, 2.33500146866, 4.4062538147, 9.29636096954, 14.2836294174, 20.6187152863, 32.0181541443, 31.2367458344, 42.2782249451, 52.4158859253, 51.1581954956, 28.3945636749, 55.1645774841, 80.3678131104, 45.9033699036, 43.9172859192, 24.2306022644, 25.7475166321, 12.4123897552, 6.78901958466, 7.31150007248, 5.59068965912, 4.90058660507, 5.3557677269, 3.58951735497, 3.5081372261, 3.3084192276, 3.60804581642, 3.03300452232, 2.68070936203, 2.74472546577, 1.57395005226, 0.896602571011, 0.449731528759, 0.120155565441, 0.0202017612755, 0.000724053184967, 2.96596517728e-05],
        "dmean2": [0.325579732656, 1.71371376514, 2.32730197906, 3.49742221832, 7.05878639221, 15.8648033142, 23.3048801422, 33.6257019043, 55.4468727112, 53.507019043, 66.5993041992, 84.6051101685, 80.5711746216, 40.8682403564, 84.6559371948, 131.989471436, 72.8145523071, 65.9842147827, 37.0237426758, 39.9096260071, 19.7979259491, 11.3965864182, 12.1108989716, 9.21884822845, 8.12650299072, 8.44519233704, 5.55247926712, 5.68500471115, 5.45561742783, 6.03325653076, 4.87652826309, 4.25013923645, 4.27258586884, 2.37850689888, 1.36979305744, 0.679229855537, 0.190755680203, 0.0317726582289, 0.00119390664622, 4.59375587525e-05],
        "dvar": [0.830548942089, 23.8233222961, 16.4611091614, 19.0804595947, 126.057487488, 610.977905273, 959.051696777, 1679.70422363, 6415.52587891, 6715.11669922, 8318.79199219, 10244.6933594, 12878.2060547, 3641.13696289, 11757.3623047, 43666.71875, 12877.2548828, 8220.62402344, 2574.87402344, 5324.20556641, 1922.13964844, 337.587310791, 202.633483887, 125.076591492, 137.741531372, 111.259185791, 54.1055793762, 44.7387275696, 59.7762184143, 64.0030212402, 45.7426643372, 40.522808075, 33.3887901306, 15.4348697662, 6.83132648468, 2.29343485832, 0.139931917191, 0.00372845423408, 5.7838151406e-06, 3.02858915724e-09],
        "dvar2": [1.43505215645, 50.3345527649, 42.9598731995, 44.6942253113, 312.607391357, 1621.96875, 2479.91064453, 4139.62451172, 17611.140625, 18157.5664062, 18905.6660156, 25034.0957031, 34216.1367188, 6540.59960938, 27161.3476562, 107287.40625, 31478.8144531, 18411.0253906, 5160.09570312, 10423.5507812, 4192.45996094, 927.614074707, 521.394470215, 331.886871338, 370.677490234, 240.255615234, 124.497741699, 111.476638794, 161.987854004, 176.680633545, 122.828109741, 104.133453369, 79.0395431519, 33.0693130493, 15.2176675797, 4.989985466, 0.320929169655, 0.00853737536818, 1.47665041368e-05, 6.93023505249e-09],
        "max": [10.1808214188, 50.627456665, 37.8215293884, 60.0659751892, 162.536590576, 347.006103516, 469.683074951, 441.540435791, 696.632446289, 808.656311035, 1372.20263672, 1078.68371582, 1182.52172852, 998.142211914, 1367.68249512, 2653.67578125, 1199.36413574, 1311.12109375, 909.954711914, 1398.97021484, 1147.72729492, 188.318008423, 167.995605469, 130.335266113, 144.921295166, 188.004745483, 108.423362732, 73.8776702881, 81.6631622314, 98.5012283325, 97.2426071167, 70.1952590942, 67.9161300659, 50.5093536377, 37.5725784302, 26.645614624, 4.98399019241, 1.1254324913, 0.0398931615055, 0.000761627801694],
        "mean": [0.361837387085, 1.39734351635, 2.25993514061, 3.68607926369, 5.59956693649, 10.9582586288, 20.7958507538, 30.7805194855, 32.8181381226, 33.6377220154, 67.0946121216, 84.0578765869, 76.0410766602, 48.7090492249, 82.494972229, 105.778060913, 67.6454620361, 74.0964279175, 37.2564735413, 35.8636703491, 16.1514396667, 9.0005645752, 10.320561409, 7.64790534973, 6.1203956604, 7.67280769348, 5.1811876297, 4.70967721939, 4.37443733215, 5.14545679092, 4.67159557343, 4.02517843246, 4.09138631821, 2.30976867676, 1.17012143135, 0.560598433018, 0.155422315001, 0.0248944554478, 0.000830664532259, 6.88928266754e-05],
        "median": [0.000876850273926, 0.0173201076686, 0.241550251842, 1.04752087593, 2.22053909302, 4.91697216034, 10.275592804, 13.2463922501, 9.37881946564, 12.5508155823, 22.8230819702, 35.2973556519, 24.7731113434, 15.6567220688, 24.7904968262, 26.8106307983, 21.5246906281, 24.5176849365, 12.2320919037, 6.61792182922, 4.14227104187, 3.46548128128, 4.69122982025, 3.67767715454, 2.49134922028, 2.63696956635, 1.83608436584, 1.96698927879, 1.98447263241, 2.49125385284, 2.32445049286, 1.76264727116, 1.61854124069, 0.802925348282, 0.241114214063, 0.118942208588, 0.0418636500835, 0.00546155916527, 0.000150541542098, 5.06503638462e-05],
        "min": [9.79755045891e-22, 2.59833949781e-21, 5.71586973153e-21, 3.10470739941e-20, 1.99620951062e-19, 5.2421144434e-19, 8.94713253349e-20, 1.79239660208e-19, 5.09193670126e-19, 8.20503403853e-19, 1.43225144331e-18, 3.18882841069e-18, 3.06941124078e-18, 2.4263047843e-18, 2.98496974872e-18, 4.18535522851e-18, 5.55549099128e-18, 3.67196351337e-18, 5.49168434678e-18, 7.36609050408e-18, 4.77854381656e-18, 7.8212524264e-18, 7.70820826953e-18, 1.47247876678e-17, 2.312903699e-17, 2.03865312496e-17, 1.27582253185e-17, 1.12325725695e-17, 1.71415298307e-17, 1.65705915739e-17, 1.98064526471e-17, 2.36049371574e-17, 1.46010232502e-17, 9.93643762512e-18, 9.63630258448e-18, 5.46238147358e-18, 3.75341392034e-18, 1.34593390562e-18, 3.09673828969e-19, 3.95399990683e-20],
        "stdev": [1.45299351215, 5.39197826385, 4.49500608444, 6.60196638107, 11.4284362793, 22.2285575867, 31.7553043365, 47.6167449951, 70.6666183472, 72.8418197632, 124.678207397, 135.43258667, 133.913040161, 90.3199920654, 152.874099731, 247.605895996, 140.788848877, 145.522644043, 72.1316680908, 111.186691284, 60.1518249512, 18.1539344788, 16.0033836365, 11.9037790298, 11.5925550461, 14.6213226318, 9.30014801025, 7.5269947052, 7.46978330612, 7.82203578949, 6.90349149704, 6.61509180069, 6.62718248367, 4.76715660095, 3.03487491608, 1.70425462723, 0.411310702562, 0.0673746913671, 0.00237841741182, 7.33536726329e-05],
        "var": [2.11119031906, 29.0734272003, 20.205078125, 43.5859603882, 130.609161377, 494.108764648, 1008.39935303, 2267.35424805, 4993.77050781, 5305.93115234, 15544.6552734, 18341.984375, 17932.7011719, 8157.70068359, 23370.4921875, 61308.6796875, 19821.5, 21176.8378906, 5202.97705078, 12362.4794922, 3618.24194336, 329.565307617, 256.108276367, 141.699951172, 134.387329102, 213.783065796, 86.4927520752, 56.6556510925, 55.7976646423, 61.1842460632, 47.6581954956, 43.759437561, 43.9195480347, 22.7257804871, 9.21046638489, 2.90448379517, 0.169176504016, 0.00453934911638, 5.65686923437e-06, 5.38076161405e-09]
    },
    "gfcc": {
        "mean": [16.2976856232, 72.0026473999, -115.237937927, -2.80122685432, -80.4771957397, 18.1714076996, -48.9051856995, 2.18846297264, -32.5654602051, 0.226819634438, -17.6464805603, -2.46202301979, -16.9307193756],
        "cov": [[4412.55615234, -481.793151855, 98.5337219238, 222.408401489, 275.063598633, 331.370697021, 128.366836548, 135.766815186, 43.8689498901, 255.428817749, -31.6466121674, 160.611907959, -50.4901313782], [-481.793151855, 939.738037109, 90.897857666, 168.365463257, 244.412261963, 26.3587226868, 180.569625854, 49.5872154236, 109.107498169, -50.7308654785, 71.6725921631, -48.1977539062, 5.33830356598], [98.5337219238, 90.897857666, 935.402526855, 311.157531738, 260.107269287, 195.48147583, 59.8578300476, 180.766387939, 63.0702514648, 105.994972229, -4.7356338501, 107.282798767, -38.2791404724], [222.408401489, 168.365463257, 311.157531738, 470.240386963, 249.890014648, 93.6064987183, 42.4647331238, 104.442527771, 137.646240234, 63.580783844, 10.0069942474, 44.7670936584, 49.478931427], [275.063598633, 244.412261963, 260.107269287, 249.890014648, 512.930908203, 211.579589844, 162.220016479, 136.615829468, 115.905006409, 98.3672103882, 19.2686634064, 69.3416290283, 22.4678707123], [331.370697021, 26.3587226868, 195.48147583, 93.6064987183, 211.579589844, 346.228210449, 181.920043945, 45.9412307739, 26.0558242798, 54.7050628662, 39.1928215027, 47.379234314, -16.0207977295], [128.366836548, 180.569625854, 59.8578300476, 42.4647331238, 162.220016479, 181.920043945, 323.493438721, 44.2996711731, 24.0656356812, 41.3520050049, 63.0242843628, 30.6629562378, -1.59965825081], [135.766815186, 49.5872154236, 180.766387939, 104.442527771, 136.615829468, 45.9412307739, 44.2996711731, 194.363586426, 87.521270752, 26.8158226013, -13.6443653107, 31.7412834167, 26.2007293701], [43.8689498901, 109.107498169, 63.0702514648, 137.646240234, 115.905006409, 26.0558242798, 24.0656356812, 87.521270752, 178.851608276, 63.7831764221, 23.4681491852, 20.8779754639, 44.4607467651], [255.428817749, -50.7308654785, 105.994972229, 63.580783844, 98.3672103882, 54.7050628662, 41.3520050049, 26.8158226013, 63.7831764221, 156.852615356, 59.2899513245, 44.0144577026, 18.9587478638], [-31.6466121674, 71.6725921631, -4.7356338501, 10.0069942474, 19.2686634064, 39.1928215027, 63.0242843628, -13.6443653107, 23.4681491852, 59.2899513245, 135.545272827, 47.1510162354, 19.1941070557], [160.611907959, -48.1977539062, 107.282798767, 44.7670936584, 69.3416290283, 47.379234314, 30.6629562378, 31.7412834167, 20.8779754639, 44.0144577026, 47.1510162354, 125.520698547, 37.3549919128], [-50.4901313782, 5.33830356598, -38.2791404724, 49.478931427, 22.4678707123, -16.0207977295, -1.59965825081, 26.2007293701, 44.4607467651, 18.9587478638, 19.1941070557, 37.3549919128, 105.168708801]],
        "icov": [[0.000340148078976, 4.0328821342e-05, 0.00032869388815, -0.000310667732265, 0.000123994177557, -0.000322029023664, 2.4691433282e-05, -0.000370684312657, 0.000290023192065, -0.000765592150856, 0.000530959281605, -0.000599703053012, 0.000575739191845], [4.0328821342e-05, 0.00230058748275, -0.000603491265792, -1.69588165591e-05, -0.00152240518946, 0.00124934373889, -0.00121408363339, 0.000824964372441, -0.00148290093057, 0.00273115094751, -0.00234431796707, 0.00203342153691, -0.00017736099835], [0.00032869388815, -0.000603491265792, 0.00268657808192, -0.00160338450223, 0.000757437373977, -0.00132733641658, 0.000734396628104, -0.00227848044597, 0.00167828949634, -0.0026070419699, 0.00173245929182, -0.00266491482034, 0.00252626300789], [-0.000310667732265, -1.69588165591e-05, -0.00160338450223, 0.00442583858967, -0.00149509427138, 0.000394012487959, 0.000200246082386, 0.00120363244787, -0.00249028438702, 0.00150702963583, -0.000686427811161, 0.00133472622838, -0.00229919725098], [0.000123994177557, -0.00152240518946, 0.000757437373977, -0.00149509427138, 0.00517411250621, -0.00232346868142, -8.78602659213e-05, -0.00199400656857, 0.000681388133671, -0.0034269047901, 0.00290026934817, -0.002571844263, 0.000865884649102], [-0.000322029023664, 0.00124934373889, -0.00132733641658, 0.000394012487959, -0.00232346868142, 0.00625274563208, -0.00286329351366, 0.00150226603728, -0.000973364862148, 0.00225801020861, -0.00207310006954, 0.00125307391863, 8.2282567746e-05], [2.4691433282e-05, -0.00121408363339, 0.000734396628104, 0.000200246082386, -8.78602659213e-05, -0.00286329351366, 0.00574100296944, -0.0014681906905, 0.00130199978594, -0.00130533624906, -0.000790850725025, -0.00066385732498, 0.000347277702531], [-0.000370684312657, 0.000824964372441, -0.00227848044597, 0.00120363244787, -0.00199400656857, 0.00150226603728, -0.0014681906905, 0.00996849406511, -0.00484304036945, 0.00321322353557, 0.000279205531115, 0.000967639847659, -0.0023928519804], [0.000290023192065, -0.00148290093057, 0.00167828949634, -0.00249028438702, 0.000681388133671, -0.000973364862148, 0.00130199978594, -0.00484304036945, 0.0118221538141, -0.00553102651611, 0.000932971481234, -0.000667606596835, -0.00100447621662], [-0.000765592150856, 0.00273115094751, -0.0026070419699, 0.00150702963583, -0.0034269047901, 0.00225801020861, -0.00130533624906, 0.00321322353557, -0.00553102651611, 0.0152713879943, -0.00764250196517, 0.00333038181998, -0.00211118720472], [0.000530959281605, -0.00234431796707, 0.00173245929182, -0.000686427811161, 0.00290026934817, -0.00207310006954, -0.000790850725025, 0.000279205531115, 0.000932971481234, -0.00764250196517, 0.0148637536913, -0.00687587400898, 0.00102322234306], [-0.000599703053012, 0.00203342153691, -0.00266491482034, 0.00133472622838, -0.002571844263, 0.00125307391863, -0.00066385732498, 0.000967639847659, -0.000667606596835, 0.00333038181998, -0.00687587400898, 0.0155156804249, -0.00607415195554], [0.000575739191845, -0.00017736099835, 0.00252626300789, -0.00229919725098, 0.000865884649102, 8.2282567746e-05, 0.000347277702531, -0.0023928519804, -0.00100447621662, -0.00211118720472, 0.00102322234306, -0.00607415195554, 0.0150000881404]]
    },
    "melbands": {
        "dmean": [0.00176157196984, 0.000958467309829, 0.000414511247072, 0.000490896753035, 0.00046279974049, 0.000455155968666, 0.000514941581059, 0.000324869644828, 0.000362148683053, 0.000332060822984, 0.000255759368883, 0.000114077192848, 0.000173452921445, 0.000267264636932, 0.000133791356348, 9.16159697226e-05, 8.50946889841e-05, 4.18064009864e-05, 4.29827923654e-05, 2.33532609855e-05, 1.43330453284e-05, 7.36781112209e-06, 6.92983439876e-06, 8.3590612121e-06, 4.34845105701e-06, 3.95666529585e-06, 4.09071299146e-06, 3.47839591086e-06, 2.16434909817e-06, 2.48739002018e-06, 2.16948410525e-06, 1.99318401428e-06, 1.9170286123e-06, 2.23823394663e-06, 1.8203173795e-06, 1.76041032773e-06, 1.71057001808e-06, 2.02562978302e-06, 1.80835274932e-06, 1.27642874759e-06],
        "dmean2": [0.00264037470333, 0.00142226798926, 0.000636869925074, 0.000816658081021, 0.000753083906602, 0.00073971087113, 0.000896963640116, 0.000547030707821, 0.000561601133086, 0.000536996347364, 0.000400574732339, 0.000165090881637, 0.000256918690866, 0.000429700216046, 0.000214509826037, 0.000144973906572, 0.000128139639855, 6.46614280413e-05, 6.58476928947e-05, 3.70495581592e-05, 2.28154931392e-05, 1.24502430481e-05, 1.14847989607e-05, 1.3748440324e-05, 7.21452124708e-06, 6.88678164806e-06, 6.58895442029e-06, 5.52010260435e-06, 3.51054450221e-06, 3.78687263947e-06, 3.5809525798e-06, 3.36128664458e-06, 3.19155242323e-06, 3.75195008928e-06, 2.96753091789e-06, 2.87683087663e-06, 2.71549060926e-06, 3.16445925819e-06, 2.80881158687e-06, 1.96258019969e-06],
        "dvar": [5.05204698129e-05, 9.61342175287e-06, 6.25529821718e-07, 1.74832337052e-06, 9.08501021968e-07, 7.73404963184e-07, 1.81344012162e-06, 5.49779883841e-07, 5.4017795037e-07, 3.75506658656e-07, 3.24521749917e-07, 6.79046934238e-08, 1.3794608833e-07, 4.71413812875e-07, 8.5302566788e-08, 3.69203441153e-08, 3.59840797159e-08, 9.81405623435e-09, 1.44290144277e-08, 5.84901860279e-09, 2.67164268486e-09, 3.97761934501e-10, 2.99623520439e-10, 2.34791880382e-10, 8.3638984627e-11, 1.4023986139e-10, 6.61013327408e-11, 5.45074436975e-11, 2.41180183463e-11, 3.0114109123e-11, 1.73337386111e-11, 2.3827358489e-11, 1.84385007262e-11, 2.44102307811e-11, 1.47479320423e-11, 1.89195031169e-11, 1.52147218435e-11, 1.82281169325e-11, 1.50491129974e-11, 1.18086478096e-11],
        "dvar2": [9.31974354899e-05, 2.20780348172e-05, 1.42399710512e-06, 4.6226723498e-06, 2.31613262258e-06, 1.89690331354e-06, 5.02245029566e-06, 1.47157288666e-06, 1.21198831948e-06, 9.25609015212e-07, 8.62489287101e-07, 1.2404971983e-07, 2.48333265063e-07, 1.20971583328e-06, 2.0571920345e-07, 8.86708093617e-08, 7.90081955415e-08, 1.98639646953e-08, 2.91728419199e-08, 1.41456499847e-08, 5.896719113e-09, 1.07911335423e-09, 7.79963593711e-10, 5.49685463813e-10, 2.19697329773e-10, 3.94011490101e-10, 1.5228915351e-10, 1.18291071383e-10, 5.94699151035e-11, 6.34219343709e-11, 4.4428412338e-11, 6.43208403206e-11, 4.980739432e-11, 6.78008274524e-11, 3.91010869516e-11, 5.12479329806e-11, 3.8129478741e-11, 4.38505967648e-11, 3.41283147576e-11, 2.56046607527e-11],
        "max": [0.0739394798875, 0.0327533110976, 0.00963591504842, 0.0174093656242, 0.014038185589, 0.00941922422498, 0.0119071640074, 0.00724781863391, 0.0113678798079, 0.00633584195748, 0.00596532737836, 0.00450362404808, 0.00596924731508, 0.0087663307786, 0.00366737344302, 0.00232581491582, 0.0029649711214, 0.00209294934757, 0.00202468782663, 0.00101598340552, 0.00132344767917, 0.000200476672035, 0.000204009382287, 0.000165225734236, 0.000108076790639, 0.000166295329109, 9.91607521428e-05, 0.000118834446766, 9.38166631386e-05, 8.2146609202e-05, 3.59763616871e-05, 5.32571684744e-05, 3.72889953724e-05, 5.93017502979e-05, 5.39465254406e-05, 6.05873901804e-05, 4.81882416352e-05, 5.12308542966e-05, 4.38958377345e-05, 4.56830130133e-05],
        "mean": [0.00276527646929, 0.00136282946914, 0.000684068363626, 0.00059408985544, 0.000684799684677, 0.000688205065671, 0.00051315833116, 0.000375957024517, 0.000569710566197, 0.000530821445864, 0.000370832683984, 0.000185496610356, 0.000266549148364, 0.000335873890435, 0.000166028577951, 0.000139013151056, 0.000137706374517, 5.72279786866e-05, 5.94613520661e-05, 2.84444995486e-05, 1.76844478119e-05, 8.89218426892e-06, 8.62890465214e-06, 1.12893430924e-05, 5.43049964108e-06, 4.12599547417e-06, 5.3754883993e-06, 4.82606628793e-06, 2.83378221866e-06, 3.36875064022e-06, 2.60502201854e-06, 2.4585515348e-06, 2.50660082202e-06, 3.03067372442e-06, 2.74535841527e-06, 2.42546980189e-06, 2.45470096161e-06, 2.95712720799e-06, 2.5028480195e-06, 1.79052540261e-06],
        "median": [8.78560422279e-06, 0.000116555689601, 0.000219813839067, 0.000263452588115, 0.00037143524969, 0.000306275789626, 0.000135633075843, 0.00012730693561, 0.000195866159629, 0.000199770060135, 0.000105088867713, 4.4293305109e-05, 5.0377289881e-05, 5.88748589507e-05, 3.62631290045e-05, 4.1774706915e-05, 3.72469512513e-05, 1.59303144756e-05, 9.64866194408e-06, 5.39269512956e-06, 4.37379367213e-06, 3.07814025291e-06, 3.17908825309e-06, 4.62386924482e-06, 2.26241490964e-06, 1.47937862494e-06, 1.77300046289e-06, 1.45338503899e-06, 9.53547214522e-07, 8.91557988325e-07, 1.09382597202e-06, 9.95826212602e-07, 1.14958629638e-06, 1.37449364956e-06, 1.36608696266e-06, 1.11977192319e-06, 9.8882196653e-07, 1.12713746603e-06, 9.73875557975e-07, 5.16730096933e-07],
        "min": [6.59577489136e-24, 3.01083121746e-24, 8.81430577005e-24, 2.96938856758e-23, 6.28785210891e-24, 3.50298970331e-24, 9.7869972986e-24, 8.42423771825e-24, 1.2105533652e-23, 2.07014282921e-23, 1.50690655584e-23, 9.30265721318e-24, 1.17003178931e-23, 9.32124198724e-24, 1.18416928113e-23, 1.01642574047e-23, 6.73219418542e-24, 9.81918124581e-24, 7.38645254324e-24, 1.04498747507e-23, 4.79530834357e-24, 8.22526648757e-24, 6.35720954855e-24, 9.35429604803e-24, 1.15733317977e-23, 1.62363982601e-23, 1.62708541267e-23, 1.38107519508e-23, 8.21948729257e-24, 5.69542782428e-24, 7.32518329446e-24, 9.6879708003e-24, 9.05344500916e-24, 9.04064416325e-24, 9.46391063739e-24, 1.40614693014e-23, 1.59097104489e-23, 1.16626852836e-23, 7.46692818849e-24, 8.48809285308e-24],
        "stdev": [0.0105570266023, 0.00337315211073, 0.00116542063188, 0.00121209863573, 0.000988301471807, 0.0010351453675, 0.00115579448175, 0.00071036972804, 0.00100453488994, 0.000831190263852, 0.000673588307109, 0.000383525941288, 0.000598989194259, 0.000788618810475, 0.000353850133251, 0.000254305079579, 0.000303547480144, 0.000128778337967, 0.0001823312341, 9.40304962569e-05, 6.95727067068e-05, 1.93608175323e-05, 1.77340916707e-05, 1.91718572751e-05, 9.49931018113e-06, 9.94648326014e-06, 1.03407446659e-05, 9.88401643554e-06, 5.38676749784e-06, 7.43092459743e-06, 4.20372271037e-06, 4.60375576949e-06, 4.19676234742e-06, 4.84792599309e-06, 4.01412216888e-06, 4.15935983256e-06, 4.17594628743e-06, 4.84281599711e-06, 4.55801409771e-06, 4.11004839407e-06],
        "var": [0.000111450819531, 1.137815525e-05, 1.35820528158e-06, 1.46918296196e-06, 9.76739897851e-07, 1.07152595774e-06, 1.33586081574e-06, 5.046251772e-07, 1.00909039702e-06, 6.90877300258e-07, 4.53721213489e-07, 1.47092137581e-07, 3.58788042831e-07, 6.219195825e-07, 1.2520992243e-07, 6.46710702767e-08, 9.21410787669e-08, 1.65838613952e-08, 3.32446781215e-08, 8.84173356752e-09, 4.84036188908e-09, 3.74841269135e-10, 3.14498038723e-10, 3.67560093473e-10, 9.02368874067e-11, 9.8932521897e-11, 1.06931005717e-10, 9.76937836183e-11, 2.90172642858e-11, 5.52186421587e-11, 1.76712845745e-11, 2.11945669348e-11, 1.76128157198e-11, 2.35023875361e-11, 1.61131784998e-11, 1.73002740605e-11, 1.74385280521e-11, 2.34528681198e-11, 2.07754907028e-11, 1.68924995519e-11]
    },
    "melbands128": {
