{
"lowlevel": {
    "average_loudness": 0.983402967453,
    "barkbands_crest": {
        "dmean": 3.18194484711,
        "dmean2": 4.96324157715,
        "dvar": 10.7507410049,
        "dvar2": 24.0972118378,
        "max": 25.508354187,
        "mean": 12.189991951,
        "median": 11.423406601,
        "min": 2.86118531227,
        "stdev": 4.76483774185,
        "var": 22.7036800385
    },
    "barkbands_flatness_db": {
        "dmean": 0.0365986675024,
        "dmean2": 0.0544003136456,
        "dvar": 0.00162451190408,
        "dvar2": 0.0034276030492,
        "max": 0.425555825233,
        "mean": 0.146399006248,
        "median": 0.137370482087,
        "min": 0.0259840674698,
        "stdev": 0.0662695914507,
        "var": 0.00439165858552
    },
    "barkbands_kurtosis": {
        "dmean": 5.70648002625,
        "dmean2": 9.14693927765,
        "dvar": 243.153198242,
        "dvar2": 590.181945801,
        "max": 217.429733276,
        "mean": 7.13851690292,
        "median": 2.72721481323,
        "min": -1.66768848896,
        "stdev": 18.6020851135,
        "var": 346.037597656
    },
    "barkbands_skewness": {
        "dmean": 0.763894081116,
        "dmean2": 1.16585803032,
        "dvar": 1.02552437782,
        "dvar2": 2.18714118004,
        "max": 12.3378458023,
        "mean": 1.86445116997,
        "median": 1.62187325954,
        "min": -2.01797771454,
        "stdev": 1.58591580391,
        "var": 2.51512908936
    },
    "barkbands_spread": {
        "dmean": 7.3740029335,
        "dmean2": 11.4059333801,
        "dvar": 77.982170105,
        "dvar2": 174.804534912,
        "max": 90.4593048096,
        "mean": 21.7489528656,
        "median": 19.1787509918,
        "min": 0.486910402775,
        "stdev": 14.1207199097,
        "var": 199.394729614
    },
    "dissonance": {
        "dmean": 0.0223655868322,
        "dmean2": 0.0366253629327,
        "dvar": 0.000595424964558,
        "dvar2": 0.00168205180671,
        "max": 0.5,
        "mean": 0.456311911345,
        "median": 0.464567959309,
        "min": 0.241335496306,
        "stdev": 0.0336658284068,
        "var": 0.00113338790834
    },
    "dynamic_complexity": 1.88404011726,
    "erbbands_crest": {
        "dmean": 2.64964532852,
        "dmean2": 4.15498733521,
        "dvar": 6.21780538559,
        "dvar2": 14.2234487534,
        "max": 32.1497879028,
        "mean": 10.1756811142,
        "median": 8.17938423157,
        "min": 2.39987397194,
        "stdev": 5.87180995941,
        "var": 34.4781494141
    },
    "erbbands_flatness_db": {
        "dmean": 0.0223040618002,
        "dmean2": 0.0305791888386,
        "dvar": 0.000454962166259,
        "dvar2": 0.000834863458294,
        "max": 0.345606207848,
        "mean": 0.149412289262,
        "median": 0.142077639699,
        "min": 0.0455443263054,
        "stdev": 0.0503469407558,
        "var": 0.00253481441177
    },
    "erbbands_kurtosis": {
        "dmean": 1.07137000561,
        "dmean2": 1.62100577354,
        "dvar": 2.99980068207,
        "dvar2": 6.48357486725,
        "max": 35.1437988281,
        "mean": 0.985846459866,
        "median": 0.00271725654602,
        "min": -1.64613294601,
        "stdev": 3.20872974396,
        "var": 10.2959470749
    },
    "erbbands_skewness": {
        "dmean": 0.406478404999,
        "dmean2": 0.605593025684,
        "dvar": 0.146490395069,
        "dvar2": 0.335198462009,
        "max": 4.35527801514,
        "mean": 0.415063887835,
        "median": 0.382450580597,
        "min": -1.720271945,
        "stdev": 0.744938850403,
        "var": 0.554933905602
    },
    "erbbands_spread": {
        "dmean": 9.58460998535,
        "dmean2": 14.2679347992,
        "dvar": 114.928794861,
        "dvar2": 236.545028687,
        "max": 113.643180847,
        "mean": 38.9100875854,
        "median": 35.7714347839,
        "min": 2.26295232773,
        "stdev": 20.1497325897,
        "var": 406.011688232
    },
    "hfc": {
        "dmean": 7.66949176788,
        "dmean2": 11.4196252823,
        "dvar": 62.0954627991,
        "dvar2": 133.579803467,
        "max": 83.4748840332,
        "mean": 25.5090656281,
        "median": 24.6064071655,
        "min": 1.21193434388e-16,
        "stdev": 15.5885848999,
        "var": 243.003967285
    },
    "loudness_ebu128": {
        "integrated": -7.79705810547,
        "loudness_range": 1.55243492126,
        "momentary": {
            "dmean": 0.41202840209,
            "dmean2": 0.583613693714,
            "dvar": 0.147668376565,
            "dvar2": 0.378005981445,
            "max": -6.25934028625,
            "mean": -7.90231847763,
            "median": -7.67881584167,
            "min": -11.2133979797,
            "stdev": 0.980865061283,
            "var": 0.962096214294
        },
        "short_term": {
            "dmean": 0.0601379312575,
            "dmean2": 0.071891464293,
            "dvar": 0.00157841271721,
            "dvar2": 0.00363226956688,
            "max": -6.74837303162,
            "mean": -7.82335758209,
            "median": -7.88039827347,
            "min": -8.74359893799,
            "stdev": 0.481137603521,
            "var": 0.231493398547
        }
    },
    "melbands_crest": {
        "dmean": 4.10539197922,
        "dmean2": 6.55031442642,
        "dvar": 17.2926979065,
        "dvar2": 37.9386825562,
        "max": 34.6289482117,
        "mean": 17.9215011597,
        "median": 17.1435108185,
        "min": 1.81620132923,
        "stdev": 6.2002196312,
        "var": 38.4427223206
    },
    "melbands_flatness_db": {
        "dmean": 0.0442012026906,
        "dmean2": 0.0649625435472,
        "dvar": 0.00234958622605,
        "dvar2": 0.00487148202956,
        "max": 0.560560166836,
        "mean": 0.22686201334,
        "median": 0.214697867632,
        "min": 0.00476713199168,
        "stdev": 0.0825821682811,
        "var": 0.00681981444359
    },
    "melbands_kurtosis": {
        "dmean": 11.8494710922,
        "dmean2": 19.054933548,
        "dvar": 558.088317871,
        "dvar2": 1357.98461914,
        "max": 272.190429688,
        "mean": 18.0512371063,
        "median": 9.29384994507,
        "min": -1.68054175377,
        "stdev": 29.0996417999,
        "var": 846.789123535
    },
    "melbands_skewness": {
        "dmean": 0.996516168118,
        "dmean2": 1.53841757774,
        "dvar": 1.57174193859,
        "dvar2": 3.47821164131,
        "max": 13.0180034637,
        "mean": 2.9670996666,
        "median": 2.61444354057,
        "min": -1.68406772614,
        "stdev": 1.98632538319,
        "var": 3.94548845291
    },
    "melbands_spread": {
        "dmean": 7.96346712112,
        "dmean2": 12.4089641571,
        "dvar": 110.572563171,
        "dvar2": 232.06048584,
        "max": 141.945846558,
        "mean": 20.3133888245,
        "median": 17.4504089355,
        "min": 0.49441614747,
        "stdev": 14.8199453354,
        "var": 219.630783081
    },
    "pitch_salience": {
        "dmean": 0.0933708325028,
        "dmean2": 0.15144123137,
        "dvar": 0.00991317629814,
        "dvar2": 0.0245212242007,
        "max": 0.826165854931,
        "mean": 0.481242805719,
        "median": 0.478441774845,
        "min": 0.0643884912133,
        "stdev": 0.128391876817,
        "var": 0.0164844747633
    },
    "silence_rate_20dB": {
        "dmean": 0,
        "dmean2": 0,
        "dvar": 0,
        "dvar2": 0,
        "max": 1,
        "mean": 1,
        "median": 1,
        "min": 1,
        "stdev": 0,
        "var": 0
    },
    "silence_rate_30dB": {
        "dmean": 0.0386996902525,
        "dmean2": 0.0774593353271,
        "dvar": 0.0372023358941,
        "dvar2": 0.0745570734143,
        "max": 1,
        "mean": 0.958236634731,
        "median": 1,
        "min": 0,
        "stdev": 0.20004633069,
        "var": 0.0400185361505
    },
    "silence_rate_60dB": {
        "dmean": 0.00232198135927,
        "dmean2": 0.00387296662666,
        "dvar": 0.0023166439496,
        "dvar2": 0.00540701113641,
        "max": 1,
        "mean": 0.00154679035768,
        "median": 0,
        "min": 0,
        "stdev": 0.0392987206578,
        "var": 0.00154438940808
    },
    "spectral_centroid": {
        "dmean": 309.830627441,
        "dmean2": 469.747497559,
        "dvar": 188762.140625,
        "dvar2": 339861.75,
        "max": 10890.9726562,
        "mean": 1221.42590332,
        "median": 1110.53088379,
        "min": 131.716796875,
        "stdev": 645.096557617,
        "var": 416149.59375
    },
    "spectral_complexity": {
        "dmean": 4.75696611404,
        "dmean2": 7.14484882355,
        "dvar": 25.0509738922,
        "dvar2": 46.649017334,
        "max": 54,
        "mean": 20.3372001648,
        "median": 18,
        "min": 0,
        "stdev": 9.71166706085,
        "var": 94.3164825439
    },
    "spectral_decrease": {
        "dmean": 3.60358454188e-09,
        "dmean2": 5.23032994693e-09,
        "dvar": 2.33400325663e-17,
        "dvar2": 4.1092790967e-17,
        "max": 9.90071172269e-29,
        "mean": -1.14695737352e-08,
        "median": -1.01457500179e-08,
        "min": -4.60878410991e-08,
        "stdev": 7.09882241878e-09,
        "var": 5.03932789023e-17
    },
    "spectral_energy": {
        "dmean": 0.0138065526262,
        "dmean2": 0.019867811352,
        "dvar": 0.000330199109158,
        "dvar2": 0.000580664491281,
        "max": 0.175285533071,
        "mean": 0.0456025786698,
        "median": 0.0405490994453,
        "min": 1.06189173812e-20,
        "stdev": 0.027093494311,
        "var": 0.000734057452064
    },
    "spectral_energyband_high": {
        "dmean": 0.000531972153112,
        "dmean2": 0.000792946782894,
        "dvar": 5.25295433818e-07,
        "dvar2": 1.07293340079e-06,
        "max": 0.00914714951068,
        "mean": 0.00102114118636,
        "median": 0.000482019386254,
        "min": 7.92553168057e-21,
        "stdev": 0.0012644266244,
        "var": 1.59877470196e-06
    },
    "spectral_energyband_low": {
        "dmean": 0.0119294002652,
        "dmean2": 0.0181734189391,
        "dvar": 0.000356715492671,
        "dvar2": 0.000660648569465,
        "max": 0.17245067656,
        "mean": 0.024896806106,
        "median": 0.016876494512,
        "min": 8.05033311085e-23,
        "stdev": 0.0264313351363,
        "var": 0.000698615447618
    },
    "spectral_energyband_middle_high": {
        "dmean": 0.0024393890053,
        "dmean2": 0.00374152208678,
        "dvar": 8.49405023473e-06,
        "dvar2": 1.98938523681e-05,
        "max": 0.0449050851166,
        "mean": 0.0067700794898,
        "median": 0.00452451361343,
        "min": 1.38024465707e-21,
        "stdev": 0.00683659827337,
        "var": 4.67390782433e-05
    },
    "spectral_energyband_middle_low": {
        "dmean": 0.00702916411683,
        "dmean2": 0.0109063852578,
        "dvar": 0.000132334345835,
        "dvar2": 0.000290467782179,
        "max": 0.0959862992167,
        "mean": 0.0158680267632,
        "median": 0.0120515078306,
        "min": 2.7135451988e-22,
        "stdev": 0.0139446975663,
        "var": 0.000194454580196
    },
    "spectral_entropy": {
        "dmean": 0.271793484688,
        "dmean2": 0.393920332193,
        "dvar": 0.082803286612,
        "dvar2": 0.172647118568,
        "max": 9.7861366272,
        "mean": 7.49356651306,
        "median": 7.52621889114,
        "min": 5.99800872803,
        "stdev": 0.524195671082,
        "var": 0.274781107903
    },
    "spectral_flux": {
        "dmean": 0.0426895171404,
        "dmean2": 0.0665493682027,
        "dvar": 0.00244750920683,
        "dvar2": 0.00565077411011,
        "max": 0.387822002172,
        "mean": 0.104556985199,
        "median": 0.0839352235198,
        "min": 1.03048132527e-10,
        "stdev": 0.0673390477896,
        "var": 0.00453454721719
    },
    "spectral_kurtosis": {
        "dmean": 2.07362771034,
        "dmean2": 3.19633364677,
        "dvar": 9.08626270294,
        "dvar2": 21.4979839325,
        "max": 40.2510871887,
        "mean": 5.09697818756,
        "median": 3.71299982071,
        "min": -1.16511046886,
        "stdev": 4.36325120926,
        "var": 19.0379619598
    },
    "spectral_rms": {
        "dmean": 0.000986279221252,
        "dmean2": 0.00140466215089,
        "dvar": 1.37046106374e-06,
        "dvar2": 2.3816785415e-06,
        "max": 0.013077089563,
        "mean": 0.00640322314575,
        "median": 0.00628968188539,
        "min": 3.21868291568e-12,
        "stdev": 0.0018679141067,
        "var": 3.48910316461e-06
    },
    "spectral_rolloff": {
        "dmean": 544.59753418,
        "dmean2": 901.29296875,
        "dvar": 1049599.125,
        "dvar2": 1934601.125,
        "max": 18690.8203125,
        "mean": 1157.63037109,
        "median": 796.728515625,
        "min": 64.599609375,
        "stdev": 1287.77429199,
        "var": 1658362.75
    },
    "spectral_skewness": {
        "dmean": 0.287801206112,
        "dmean2": 0.415653675795,
        "dvar": 0.105709120631,
        "dvar2": 0.223981127143,
        "max": 4.40574836731,
        "mean": 1.72853946686,
        "median": 1.62493097782,
        "min": -0.0106515847147,
        "stdev": 0.622980415821,
        "var": 0.388104587793
    },
    "spectral_spread": {
        "dmean": 915063.0625,
        "dmean2": 1202852.625,
        "dvar": 1.5861162967e+12,
        "dvar2": 1.92829246669e+12,
        "max": 38424568,
        "mean": 5062683.5,
        "median": 4759969,
        "min": 1431824.875,
        "stdev": 1998827.875,
        "var": 3.9953128489e+12
    },
    "spectral_strongpeak": {
        "dmean": 0.551290988922,
        "dmean2": 0.944094359875,
        "dvar": 0.969345986843,
        "dvar2": 2.31435394287,
        "max": 10.5248889923,
        "mean": 1.17274546623,
        "median": 0.43961596489,
        "min": 1.40246969593e-09,
        "stdev": 1.63551783562,
        "var": 2.67491865158
    },
    "zerocrossingrate": {
        "dmean": 0.0134662827477,
        "dmean2": 0.0161563977599,
        "dvar": 0.000370717170881,
        "dvar2": 0.00041023248923,
        "max": 0.50390625,
        "mean": 0.051732134074,
        "median": 0.0478515625,
        "min": 0.00244140625,
        "stdev": 0.0333652459085,
        "var": 0.00111323955934
    },
    "barkbands": {
        "dmean": [0.000868599046953, 0.00918395631015, 0.00394926173612, 0.00415901187807, 0.00207457481883, 0.00105787394568, 0.000735955778509, 0.000862410815898, 0.000763175194152, 0.0007928647683, 0.000361878017429, 0.000467820704216, 0.000523419992533, 0.000541546090972, 0.000309923401801, 0.000203733710805, 0.000185441385838, 0.000207764634979, 0.000187394412933, 0.000168806524016, 0.000122632583953, 9.99346011668e-05, 0.000109322463686, 0.000112681613246, 7.29270177544e-05, 4.05895298172e-05, 6.46977105134e-06],
        "dmean2": [0.0012862571748, 0.0139763243496, 0.00697217416018, 0.00697607500479, 0.00351034174673, 0.00170788960531, 0.00113894767128, 0.001225038548, 0.00103463639971, 0.00114825333003, 0.000567200768273, 0.000745036173612, 0.000800321518909, 0.000906968256459, 0.000492308638059, 0.000311546260491, 0.000286366761429, 0.000318282458466, 0.000288702372927, 0.000262880086666, 0.000172530839336, 0.000148156366777, 0.000167699588928, 0.000171445048181, 0.000110623877845, 6.28798297839e-05, 1.06563411464e-05],
        "dvar": [1.6230608253e-06, 0.000306497269776, 0.000126548140543, 0.000121803081129, 1.37898205139e-05, 3.8710154513e-06, 1.88768456155e-06, 2.96260623145e-06, 2.92811341751e-06, 3.78662753064e-06, 3.37139681506e-07, 5.78386163852e-07, 1.87737850865e-06, 1.71951751327e-06, 2.81222128251e-07, 1.5473943904e-07, 1.03546405228e-07, 1.0693174346e-07, 9.49934815253e-08, 8.27751094334e-08, 5.20727603259e-08, 2.57171066664e-08, 3.17504422753e-08, 3.57466305445e-08, 1.43972886946e-08, 4.9630579646e-09, 2.09886955038e-10],
        "dvar2": [3.6208837173e-06, 0.000596298836172, 0.000350669375621, 0.000288207287667, 3.82372345484e-05, 8.96872552403e-06, 3.4380368561e-06, 5.36572497367e-06, 3.65007690561e-06, 6.39397012492e-06, 6.12526207533e-07, 1.34630352022e-06, 3.42775501849e-06, 4.66515530206e-06, 6.82299798882e-07, 3.11226614258e-07, 2.43251975007e-07, 2.52307870596e-07, 2.1268101591e-07, 1.91957127527e-07, 1.12442165801e-07, 4.97767409513e-08, 6.80423895005e-08, 6.42377528948e-08, 2.88247541391e-08, 1.10691198429e-08, 5.36780619953e-10],
        "max": [0.0125984828919, 0.15914529562, 0.0920033752918, 0.0818331837654, 0.0310182459652, 0.0332848951221, 0.0293079093099, 0.0332268886268, 0.0443574674428, 0.0495691336691, 0.013681567274, 0.00919959787279, 0.0403844118118, 0.0247849430889, 0.011270981282, 0.00740094901994, 0.00369754177518, 0.00330784730613, 0.00294709228911, 0.00426893914118, 0.00261209369637, 0.00153912580572, 0.003732313402, 0.00363451498561, 0.00149682746269, 0.000515251536854, 0.000115837334306],
        "mean": [0.0017947218148, 0.0169900413603, 0.00387560436502, 0.00398551952094, 0.00292887887917, 0.00190723931883, 0.00140883435961, 0.00222186092287, 0.00190249981824, 0.00213241158053, 0.000656199175864, 0.000712362583727, 0.00118486455176, 0.000887225673068, 0.000442928663688, 0.000336630473612, 0.000290917116217, 0.000352895556716, 0.000354808871634, 0.000304927234538, 0.000193303552805, 0.000178541857167, 0.000204000811209, 0.000195410320885, 0.000104720114905, 4.90944585181e-05, 6.16740771875e-06],
        "median": [0.00101412576623, 0.0095759453252, 0.00163742620498, 0.000883927219547, 0.00180357636418, 0.000776901142672, 0.000572686665691, 0.000353544746758, 0.000417379225837, 0.000448761915322, 0.000281180196907, 0.000301955413306, 0.000343342253473, 0.000225811294513, 0.000230601523072, 0.000121502023831, 0.00010568118887, 0.000161030518939, 0.000133414243464, 0.000102821191831, 7.07053113729e-05, 6.05734203418e-05, 0.000108255939267, 8.69566210895e-05, 4.50427578471e-05, 1.13022069854e-05, 6.74025784519e-07],
        "min": [1.96715423757e-24, 4.78220954489e-23, 1.25665936632e-23, 3.3983673413e-23, 4.0448940734e-23, 4.3685501344e-23, 4.39928731071e-23, 9.42126008369e-24, 8.21939799352e-23, 5.4171665274e-23, 3.65786976251e-23, 1.11585081863e-22, 1.13853770096e-22, 4.355167898e-23, 1.57294169201e-22, 1.21922769549e-22, 1.65484552259e-22, 2.30746207155e-22, 1.75367906551e-22, 2.30695240429e-22, 5.64910589614e-22, 4.2999260514e-22, 6.99732194218e-22, 8.61803351652e-22, 1.03348624279e-21, 1.81108509205e-21, 2.75801585024e-21],
        "stdev": [0.0019276473904, 0.0222111977637, 0.00907629728317, 0.0108779482543, 0.00360911618918, 0.00328149995767, 0.00268418504857, 0.00442053796723, 0.00478740036488, 0.0053245597519, 0.00136999669485, 0.00114903529175, 0.00341801857576, 0.00204474083148, 0.000671531888656, 0.000659510900732, 0.000485486496473, 0.000469333375804, 0.000503706687596, 0.000514090468641, 0.000314020522637, 0.000276383332675, 0.000304134067846, 0.000328028050717, 0.000169194099726, 8.44499008963e-05, 1.42280105138e-05],
        "var": [3.71582427761e-06, 0.00049333734205, 8.23791706352e-05, 0.000118329764518, 1.30257194542e-05, 1.07682417365e-05, 7.20484922567e-06, 1.95411557797e-05, 2.29192010011e-05, 2.83509343717e-05, 1.87689090581e-06, 1.320282081e-06, 1.16828514365e-05, 4.1809648792e-06, 4.50955099041e-07, 4.34954614548e-07, 2.35697129369e-07, 2.20273818741e-07, 2.53720401133e-07, 2.64289013785e-07, 9.86088863897e-08, 7.63877494592e-08, 9.24975296357e-08, 1.07602410537e-07, 2.86266441663e-08, 7.13178627265e-09, 2.02436276076e-10]
    },
    "erbbands": {
        "dmean": [0.377889424562, 2.03864383698, 4.5093536377, 9.67722606659, 9.19758605957, 6.94779682159, 8.50201034546, 8.27511119843, 9.80227661133, 13.0418577194, 18.1565322876, 19.9658203125, 27.6569461823, 15.9606218338, 13.671500206, 21.6358966827, 23.9254837036, 29.4532546997, 16.2557067871, 13.0862426758, 11.5342569351, 8.71394634247, 12.2250947952, 8.42932605743, 10.3392190933, 6.99435758591, 5.12208223343, 5.09753322601, 3.76158189774, 3.71811056137, 2.91339993477, 2.41063523293, 1.82826805115, 0.946083188057, 0.4758900702, 0.201967462897, 0.0633877292275, 0.0206077098846, 0.000642145867459, 2.52496101893e-05],
        "dmean2": [0.536969065666, 3.25175833702, 7.69670534134, 16.2527103424, 15.4660463333, 11.6264505386, 13.6786222458, 13.1117153168, 15.1546783447, 19.0010433197, 26.3165969849, 27.1309642792, 39.1278762817, 23.9167060852, 22.4661922455, 33.9740943909, 36.2676811218, 48.63331604, 26.7345905304, 20.6350955963, 17.0451259613, 13.3893241882, 19.1935482025, 12.5816087723, 15.8471431732, 10.8537406921, 7.36486244202, 7.57040929794, 5.68389081955, 5.66503763199, 4.38178014755, 3.72907662392, 2.74619793892, 1.42543625832, 0.741353332996, 0.309662997723, 0.0972756519914, 0.0336167886853, 0.00103592243977, 3.7217298086e-05],
        "dvar": [0.509167015553, 16.8575210571, 149.136978149, 536.245178223, 514.860046387, 114.098869324, 284.536865234, 248.128387451, 356.666595459, 552.198669434, 1773.76220703, 2250.76391602, 5889.11865234, 912.492919922, 375.163543701, 1399.63549805, 4934.32666016, 4820.07568359, 529.284545898, 455.977783203, 578.474243164, 214.595489502, 423.380889893, 189.16973877, 266.102355957, 140.858612061, 88.7599182129, 104.796691895, 38.033454895, 26.9993286133, 25.4059715271, 15.7062454224, 10.7295055389, 2.62803316116, 0.6115680933, 0.100773602724, 0.0128236748278, 0.00200717663392, 2.03530589715e-06, 9.49488598856e-10],
        "dvar2": [0.871648967266, 42.7795562744, 402.073822021, 1281.73937988, 1296.51245117, 296.364196777, 689.269287109, 505.073669434, 642.318786621, 1001.37280273, 3317.05273438, 2741.77099609, 9481.08398438, 1559.91088867, 934.075134277, 3240.43310547, 8886.53027344, 13024.8144531, 1340.44763184, 1106.24206543, 1152.81616211, 469.482727051, 1019.05877686, 379.477722168, 649.67175293, 321.601837158, 183.430557251, 246.808822632, 80.1075286865, 63.9280128479, 53.5007743835, 29.1992340088, 19.7507896423, 5.3219537735, 1.26223671436, 0.216355517507, 0.0287379696965, 0.00507281906903, 5.10687505084e-06, 2.34212649275e-09],
        "max": [6.26834487915, 39.1458244324, 100.600753784, 164.616439819, 191.42010498, 116.506721497, 330.050445557, 343.765411377, 473.929443359, 566.080505371, 897.359130859, 1288.2824707, 1908.11645508, 1014.84881592, 290.390472412, 476.315582275, 2260.94335938, 1360.89746094, 238.770370483, 409.466125488, 482.029022217, 150.360092163, 211.740142822, 127.812553406, 232.369552612, 145.31010437, 103.46043396, 94.8541564941, 79.0909957886, 83.8701095581, 98.7417755127, 72.5193481445, 68.2632293701, 25.8695354462, 9.95756912231, 2.69660758972, 1.01923131943, 0.311604946852, 0.0126326307654, 0.000292192620691],
        "mean": [0.65741956234, 3.07137751579, 5.07464075089, 9.81501483917, 9.55144405365, 10.5712947845, 14.4937705994, 15.3816843033, 19.1759719849, 34.2007026672, 44.0139007568, 52.5779571533, 75.8093795776, 38.2285041809, 22.6278781891, 36.4583969116, 55.9994697571, 53.7589912415, 25.4124984741, 20.8898582458, 19.0161914825, 14.6287555695, 20.0867767334, 17.0019931793, 21.1153964996, 12.4515762329, 7.96229934692, 7.59374332428, 6.67330646515, 6.22946214676, 5.55089473724, 4.19753170013, 3.09602022171, 1.34935975075, 0.673971354961, 0.255272001028, 0.0767246186733, 0.020902749151, 0.000662166450638, 6.85031045577e-05],
        "median": [0.36521011591, 1.68027496338, 2.46293616295, 3.01416993141, 3.67510867119, 6.07856369019, 6.94378232956, 5.47777462006, 8.27326011658, 10.5647029877, 9.6643447876, 12.8613948822, 15.8228225708, 15.6821680069, 11.9934091568, 16.4790153503, 18.6087226868, 17.7145557404, 13.9120607376, 10.113617897, 6.84200811386, 6.0720334053, 8.61476230621, 7.4913225174, 7.78892469406, 4.43113708496, 2.84867334366, 2.73712325096, 2.24863696098, 2.88177061081, 2.74657058716, 1.83194029331, 1.37637412548, 0.543721556664, 0.292306929827, 0.0776039659977, 0.0168474912643, 0.00351142277941, 0.000115569018817, 5.6466255046e-05],
        "min": [1.34423200817e-21, 1.02558036715e-20, 1.81897614468e-20, 7.2964761728e-20, 1.23883777189e-19, 1.43495505729e-19, 1.85447275889e-19, 4.34250744737e-19, 4.7505706362e-19, 6.45865569112e-19, 2.97705895524e-19, 1.71523044785e-18, 2.10483903041e-18, 1.73923615981e-18, 1.64000612596e-18, 5.53572178823e-18, 5.84649023565e-18, 2.44222821789e-18, 6.20991906881e-18, 7.10221409841e-18, 6.48701712939e-18, 8.82192672781e-18, 1.39043965538e-17, 8.55196061847e-18, 1.11183653967e-17, 1.13578672713e-17, 1.27282954424e-17, 2.4490167651e-17, 1.31926423782e-17, 2.44121132341e-17, 1.70389693609e-17, 1.55263885471e-17, 1.51654300889e-17, 1.2429105042e-17, 7.64702420116e-18, 6.20706901801e-18, 3.61253017277e-18, 1.6291758502e-18, 3.89997460845e-19, 3.42311183541e-20],
        "stdev": [0.891487598419, 4.52750301361, 10.3807783127, 22.672088623, 21.1431274414, 13.0876407623, 23.9223155975, 33.4516983032, 39.5475921631, 70.2174758911, 90.6301116943, 129.73260498, 198.961196899, 80.8973999023, 30.7150688171, 57.1495094299, 163.824920654, 109.362495422, 32.0234107971, 28.7418575287, 38.9040298462, 22.3364963531, 27.6212806702, 22.093164444, 30.9793376923, 18.6420116425, 13.0675735474, 13.1731538773, 10.4365510941, 8.32862186432, 8.65340900421, 6.9258389473, 5.47000741959, 2.31460380554, 1.05314707756, 0.403189748526, 0.138018667698, 0.0447176136076, 0.00143378856592, 4.15970898757e-05],
        "var": [0.794750154018, 20.4982814789, 107.760559082, 514.023620605, 447.031860352, 171.286331177, 572.27722168, 1119.01623535, 1564.01196289, 4930.49365234, 8213.81738281, 16830.546875, 39585.5585938, 6544.38964844, 943.415405273, 3266.06640625, 26838.6054688, 11960.1552734, 1025.4987793, 826.094360352, 1513.52368164, 498.919036865, 762.935119629, 488.107940674, 959.719360352, 347.52456665, 170.761489868, 173.531982422, 108.921600342, 69.3659439087, 74.8814849854, 47.9672470093, 29.9209804535, 5.35739040375, 1.10911881924, 0.162561967969, 0.0190491527319, 0.00199966481887, 2.05574951906e-06, 1.73031788897e-09]
    },
    "gfcc": {
        "mean": [25.9544849396, 93.5940246582, -104.079612732, 29.4822654724, -52.6650466919, 27.00431633, -32.0507316589, 14.3916006088, -20.5895137787, 4.96266269684, -9.58150959015, 0.362547188997, -11.6871471405],
        "cov": [[3917.92797852, -1310.98022461, -229.544525146, 469.914245605, -402.446929932, 125.782714844, -242.206192017, 86.8088989258, -192.067398071, 117.278869629, -192.185272217, 21.5797672272, -218.885177612], [-1310.98022461, 1507.5390625, 97.2337341309, -129.684936523, 412.487426758, -52.5753555298, 225.588058472, 3.5047018528, 129.275161743, -109.681716919, 194.768218994, -95.1424179077, 98.5019989014], [-229.544525146, 97.2337341309, 728.336425781, 22.0679340363, 148.215026855, 144.93939209, 33.7285003662, 62.5798683167, 28.631685257, 65.9599914551, -14.7641706467, 56.4807167053, 18.8581848145], [469.914245605, -129.684936523, 22.0679340363, 496.268676758, 14.9588079453, -1.01491606236, -82.0519943237, -22.3391189575, 47.5825653076, -52.6593780518, -44.1462783813, -59.0794906616, -19.3225097656], [-402.446929932, 412.487426758, 148.215026855, 14.9588079453, 326.989654541, 28.7506465912, 103.544967651, 19.5069618225, 49.6823730469, -7.41471481323, 36.1131286621, -22.8712081909, 5.00683689117], [125.782714844, -52.5753555298, 144.93939209, -1.01491606236, 28.7506465912, 223.955062866, 72.6815414429, 2.89376378059, -36.0533599854, 27.9926433563, -3.63497161865, 4.50856494904, -1.38462364674], [-242.206192017, 225.588058472, 33.7285003662, -82.0519943237, 103.544967651, 72.6815414429, 204.284011841, 48.7361831665, -6.34197282791, 6.5812664032, 44.4831619263, -4.78778600693, -9.97576522827], [86.8088989258, 3.5047018528, 62.5798683167, -22.3391189575, 19.5069618225, 2.89376378059, 48.7361831665, 170.878097534, 51.5204277039, 37.5860939026, 53.6661186218, -4.8453836441, -17.4390125275], [-192.067398071, 129.275161743, 28.631685257, 47.5825653076, 49.6823730469, -36.0533599854, -6.34197282791, 51.5204277039, 150.97756958, 13.4157037735, 31.602481842, -12.5493869781, 35.5760231018], [117.278869629, -109.681716919, 65.9599914551, -52.6593780518, -7.41471481323, 27.9926433563, 6.5812664032, 37.5860939026, 13.4157037735, 98.8193206787, 21.7659301758, 30.332151413, -5.67709207535], [-192.185272217, 194.768218994, -14.7641706467, -44.1462783813, 36.1131286621, -3.63497161865, 44.4831619263, 53.6661186218, 31.602481842, 21.7659301758, 145.372848511, 5.91587686539, 12.4219427109], [21.5797672272, -95.1424179077, 56.4807167053, -59.0794906616, -22.8712081909, 4.50856494904, -4.78778600693, -4.8453836441, -12.5493869781, 30.332151413, 5.91587686539, 106.8177948, 35.3046951294], [-218.885177612, 98.5019989014, 18.8581848145, -19.3225097656, 5.00683689117, -1.38462364674, -9.97576522827, -17.4390125275, 35.5760231018, -5.67709207535, 12.4219427109, 35.3046951294, 103.193634033]],
        "icov": [[0.000612144882325, -0.000136406728416, 0.000460119976196, -0.00074673187919, 0.000344865955412, -0.000646213127766, 0.000703008146957, -0.000991468783468, 0.000787225959357, -0.00103527749889, 0.000797820102889, -0.000775862950832, 0.000920781283639], [-0.000136406728416, 0.00252238218673, -0.000781983195338, 0.00103592779487, -0.00189407239668, 0.00134936987888, -0.00183459068649, 0.00164861045778, -0.00108755310066, 0.00284048425965, -0.00298037286848, 0.00274829077534, -0.00219918857329], [0.000460119976196, -0.000781983195338, 0.00263234484009, -0.0009271579911, -0.000405632774346, -0.00214314786717, 0.0016929047415, -0.0020704024937, 0.000730421917979, -0.00214785081334, 0.0021053366363, -0.00249373540282, 0.00110218964983], [-0.00074673187919, 0.00103592779487, -0.0009271579911, 0.00389306340367, -0.00125867046881, 0.000505088479258, -0.00011756294407, 0.00182223331649, -0.0025401818566, 0.00367296556942, -0.00162229989655, 0.00255284598097, -0.000910218397621], [0.000344865955412, -0.00189407239668, -0.000405632774346, -0.00125867046881, 0.00622074492276, -0.000600041588768, -0.00103084230796, -0.000382793863537, -0.000370447349269, -0.0018718035426, 0.00169445399661, -0.00126333546359, 0.00215666997246], [-0.000646213127766, 0.00134936987888, -0.00214314786717, 0.000505088479258, -0.000600041588768, 0.00802983902395, -0.00447023380548, 0.00248137442395, 0.000814189959783, 7.48755774111e-05, -0.00197419710457, 0.00345397810452, -0.00326904049143], [0.000703008146957, -0.00183459068649, 0.0016929047415, -0.00011756294407, -0.00103084230796, -0.00447023380548, 0.0104096531868, -0.0043481932953, 0.00216384837404, -0.00149137224071, 0.0016916336026, -0.00295683811419, 0.00315241352655], [-0.000991468783468, 0.00164861045778, -0.0020704024937, 0.00182223331649, -0.000382793863537, 0.00248137442395, -0.0043481932953, 0.0114684449509, -0.00498163979501, 0.00136771402322, -0.00516935065389, 0.00325057492591, -8.46617986099e-05], [0.000787225959357, -0.00108755310066, 0.000730421917979, -0.0025401818566, -0.000370447349269, 0.000814189959783, 0.00216384837404, -0.00498163979501, 0.0123424921185, -0.00490235770121, 0.00140559347346, 0.000744188379031, -0.00345357577316], [-0.00103527749889, 0.00284048425965, -0.00214785081334, 0.00367296556942, -0.0018718035426, 7.48755774111e-05, -0.00149137224071, 0.00136771402322, -0.00490235770121, 0.0192691702396, -0.00565740512684, -0.000186041812412, -0.000153419838171], [0.000797820102889, -0.00298037286848, 0.0021053366363, -0.00162229989655, 0.00169445399661, -0.00197419710457, 0.0016916336026, -0.00516935065389, 0.00140559347346, -0.00565740512684, 0.0131015153602, -0.00418290635571, 0.00208802102134], [-0.000775862950832, 0.00274829077534, -0.00249373540282, 0.00255284598097, -0.00126333546359, 0.00345397810452, -0.00295683811419, 0.00325057492591, 0.000744188379031, -0.000186041812412, -0.00418290635571, 0.017553826794, -0.00873298570514], [0.000920781283639, -0.00219918857329, 0.00110218964983, -0.000910218397621, 0.00215666997246, -0.00326904049143, 0.00315241352655, -8.46617986099e-05, -0.00345357577316, -0.000153419838171, 0.00208802102134, -0.00873298570514, 0.0174314565957]]
    },
    "melbands": {
        "dmean": [0.00273733772337, 0.00223921355791, 0.0016076042084, 0.000511551625095, 0.000285545567749, 0.000185947938007, 0.000154521054355, 0.000147615224705, 0.00014393501624, 0.000130140513647, 0.000137006616569, 6.49505673209e-05, 4.29712126788e-05, 5.65605805605e-05, 4.87077450089e-05, 5.33959755558e-05, 6.06874054938e-05, 2.66070874204e-05, 2.45357714448e-05, 1.58500606631e-05, 1.39927687997e-05, 9.81435550784e-06, 9.65444814938e-06, 1.15485790957e-05, 6.82121435602e-06, 8.45499653224e-06, 7.28836312192e-06, 4.23831170338e-06, 3.63336584996e-06, 3.09972688228e-06, 3.04760351355e-06, 2.34131175603e-06, 1.76462594936e-06, 2.36755272454e-06, 1.78757636604e-06, 1.47641378589e-06, 1.61848811331e-06, 1.36787411975e-06, 1.12258896934e-06, 7.22241964013e-07],
        "dmean2": [0.00407225126401, 0.00367725105025, 0.00268186116591, 0.000849842850585, 0.000463388569187, 0.000297503953334, 0.000238166176132, 0.000212133163586, 0.000209813078982, 0.000174883956788, 0.000193558342289, 9.66294392128e-05, 6.99728770996e-05, 9.15548516787e-05, 7.59397371439e-05, 7.93551735114e-05, 0.00010083217785, 4.3865016778e-05, 3.92586734961e-05, 2.46795661951e-05, 2.06581189559e-05, 1.50307168951e-05, 1.53189685079e-05, 1.76360681508e-05, 1.03980382846e-05, 1.32347113322e-05, 1.13392197818e-05, 6.67211179461e-06, 5.38869971933e-06, 4.75849083159e-06, 4.64947606815e-06, 3.63490448763e-06, 2.51836127063e-06, 3.73660873265e-06, 2.77843105323e-06, 2.23771962737e-06, 2.55221880252e-06, 2.07883545045e-06, 1.75373600086e-06, 1.08880828975e-06],
        "dvar": [2.69964093604e-05, 2.46587260335e-05, 1.46349484567e-05, 9.29700775032e-07, 2.47876613457e-07, 1.1512441489e-07, 8.47133208026e-08, 7.46705879351e-08, 1.18300526708e-07, 1.0014525742e-07, 1.43891597304e-07, 1.73142620241e-08, 3.6524141489e-09, 8.32234103854e-09, 1.11854374651e-08, 2.0443509996e-08, 2.47293545641e-08, 1.64735558528e-09, 2.46793030456e-09, 7.05734304329e-10, 8.34555813345e-10, 2.99893276878e-10, 2.35796826509e-10, 4.19234591487e-10, 1.18857701459e-10, 2.09974287957e-10, 1.71628697365e-10, 6.0743063357e-11, 5.128934083e-11, 3.6336062631e-11, 4.0298573506e-11, 1.70331509314e-11, 6.51380902342e-12, 1.24025538104e-11, 9.63458653136e-12, 9.94677430699e-12, 6.40820035924e-12, 7.13440331118e-12, 3.95197589931e-12, 1.54486568937e-12],
        "dvar2": [4.43886856374e-05, 6.29861388006e-05, 3.45351472788e-05, 2.45020783041e-06, 6.01716863002e-07, 2.43851019377e-07, 1.52000993126e-07, 1.32667324237e-07, 2.21933902367e-07, 1.17127136434e-07, 2.31980436638e-07, 2.87959203149e-08, 8.37833269429e-09, 1.93486844324e-08, 2.36642918594e-08, 3.33001644037e-08, 6.75061357924e-08, 3.98126243084e-09, 5.88390580702e-09, 1.56222179637e-09, 1.74402969844e-09, 6.71967648191e-10, 6.01921179566e-10, 9.84576531415e-10, 2.39214315023e-10, 4.90774754169e-10, 4.28306834444e-10, 1.38571293329e-10, 1.11361780908e-10, 8.35968932966e-11, 9.72440877822e-11, 3.80059560212e-11, 1.27393416996e-11, 3.1284936447e-11, 2.08942134428e-11, 2.16919815443e-11, 1.27021665755e-11, 1.35314797561e-11, 8.49520107038e-12, 3.11426557285e-12],
        "max": [0.0439359135926, 0.0427926033735, 0.0269419681281, 0.00869435444474, 0.00863985810429, 0.0066235428676, 0.0069763623178, 0.00674951728433, 0.00663224747404, 0.00868573319167, 0.00949794612825, 0.00464700674638, 0.00090078508947, 0.00101256428752, 0.00285683386028, 0.00388599396683, 0.00310014770366, 0.000574189820327, 0.00123780674767, 0.000519100984093, 0.000540119071957, 0.000197316985577, 0.000224334668019, 0.000200014153961, 9.94288056972e-05, 0.000170915285707, 0.000248853553785, 7.47640006011e-05, 6.91817549523e-05, 6.71076195431e-05, 5.25036048202e-05, 5.30643374077e-05, 3.17595695378e-05, 6.42725135549e-05, 6.83944308548e-05, 7.07787912688e-05, 4.06607578043e-05, 5.82419888815e-05, 3.08218513965e-05, 1.89068705367e-05],
        "mean": [0.00520357396454, 0.0031251530163, 0.00166224036366, 0.000670491252095, 0.00050461635692, 0.000342446990544, 0.000298964208923, 0.000398182775825, 0.000337289122399, 0.000337483623298, 0.000365425425116, 0.000145192461787, 7.06562204869e-05, 8.89338334673e-05, 9.29684392759e-05, 0.000121008131828, 0.000102345635241, 3.90270179196e-05, 3.44182953995e-05, 2.61151326413e-05, 2.12998365896e-05, 1.51467984324e-05, 1.60105209943e-05, 1.80726892722e-05, 1.2703970242e-05, 1.49333791342e-05, 1.50900114022e-05, 6.40539610686e-06, 5.0524404287e-06, 4.61386980533e-06, 4.29217197961e-06, 3.90064542444e-06, 3.11674739351e-06, 3.70276711692e-06, 3.34769879373e-06, 2.56146950051e-06, 2.62252365246e-06, 2.37641893364e-06, 1.55497218657e-06, 9.90959165392e-07],
        "median": [0.00289064599201, 0.00188043969683, 0.000542541849427, 0.000371826725313, 0.000274200370768, 0.000129000327433, 0.000123201054521, 0.000115095914225, 6.72942842357e-05, 7.40020986996e-05, 7.05061902408e-05, 5.62414606975e-05, 3.48662761098e-05, 3.95218667109e-05, 3.67945249309e-05, 3.39024918503e-05, 2.51267811109e-05, 1.93267551367e-05, 1.5742776668e-05, 1.08615640784e-05, 6.54822088109e-06, 5.76472393732e-06, 7.02885517967e-06, 6.97222094459e-06, 5.44557906323e-06, 4.940423878e-06, 5.00629221278e-06, 2.06800677915e-06, 1.60308582053e-06, 1.67063717527e-06, 1.30882699523e-06, 1.09317534225e-06, 1.2125512967e-06, 1.73988019014e-06, 1.49191907894e-06, 1.20080392207e-06, 9.52428479195e-07, 9.75162151917e-07, 5.89593980749e-07, 3.88840305732e-07],
        "min": [1.22921315993e-23, 1.1767603784e-23, 1.38201677945e-23, 9.09324304183e-24, 7.09764898812e-24, 9.59150652223e-24, 7.40642413478e-24, 5.80163611225e-24, 3.27866744137e-24, 1.15172556203e-23, 1.05076438236e-23, 6.90225287506e-24, 5.12047720313e-24, 9.3860792539e-24, 1.71679751472e-23, 9.73455540334e-24, 3.68848758416e-24, 8.08200382515e-24, 1.29738020848e-23, 7.73290053129e-24, 7.15063756398e-24, 6.95283226972e-24, 1.53688090366e-23, 1.00290963438e-23, 6.22244410138e-24, 7.58304141399e-24, 1.03783581987e-23, 6.2966711794e-24, 4.76541524842e-24, 1.46284772765e-23, 1.36777342249e-23, 5.91056518149e-24, 1.05877644815e-23, 1.47901243423e-23, 8.97532490258e-24, 1.05265338869e-23, 9.16226837104e-24, 9.08825822977e-24, 1.2638014763e-23, 1.04124843215e-23],
        "stdev": [0.00675121508539, 0.00487612234429, 0.00377074396238, 0.000953274371568, 0.000698748335708, 0.000679142773151, 0.000600982457399, 0.000857199076563, 0.00075648346683, 0.000875237747096, 0.000986902974546, 0.000339697289746, 0.000111491332063, 0.00013490630954, 0.00022629785235, 0.000363678787835, 0.000244323222432, 5.66807248106e-05, 6.20345308562e-05, 4.33713066741e-05, 4.51411142421e-05, 2.4949784347e-05, 2.32266211242e-05, 2.63324891421e-05, 1.72065629158e-05, 2.34081453527e-05, 2.74118847301e-05, 1.02542217064e-05, 9.22446088225e-06, 7.59450313126e-06, 7.91396269051e-06, 6.47596016279e-06, 4.51679125035e-06, 5.16541331308e-06, 5.22770778844e-06, 4.76219429402e-06, 4.29536385127e-06, 4.43692124463e-06, 2.77668937088e-06, 1.75620937171e-06],
        "var": [4.55789049738e-05, 2.37765707425e-05, 1.42185099321e-05, 9.08732033622e-07, 4.88249213504e-07, 4.61234890281e-07, 3.61179928632e-07, 7.34790262413e-07, 5.72267254029e-07, 7.660410688e-07, 9.73977535068e-07, 1.15394243494e-07, 1.24303163318e-08, 1.81997119597e-08, 5.1210715668e-08, 1.32262258035e-07, 5.9693839205e-08, 3.21270454684e-09, 3.84828302558e-09, 1.8810701885e-09, 2.03772021479e-09, 6.22491780344e-10, 5.3947590839e-10, 6.9339994857e-10, 2.96065838512e-10, 5.4794124793e-10, 7.51411433075e-10, 1.05149056129e-10, 8.50906706207e-11, 5.76764781768e-11, 6.26308033214e-11, 4.19380606631e-11, 2.04014027894e-11, 2.66814955546e-11, 2.73289290503e-11, 2.26784962337e-11, 1.84501511291e-11, 1.96862699753e-11, 7.71000364247e-12, 3.08427133659e-12]
    },
    "melbands128": {
