{
"lowlevel": {
    "average_loudness": 0.985697984695,
    "barkbands_crest": {
        "dmean": 3.58462333679,
        "dmean2": 5.29210710526,
        "dvar": 8.77052688599,
        "dvar2": 18.45561409,
        "max": 25.2348136902,
        "mean": 12.1297798157,
        "median": 10.8981962204,
        "min": 2.49787902832,
        "stdev": 5.49404287338,
        "var": 30.1845092773
    },
    "barkbands_flatness_db": {
        "dmean": 0.0321813486516,
        "dmean2": 0.0448128469288,
        "dvar": 0.000771678984165,
        "dvar2": 0.00158802513033,
        "max": 0.372901856899,
        "mean": 0.140393525362,
        "median": 0.132772356272,
        "min": 0.0238590836525,
        "stdev": 0.0575946681201,
        "var": 0.00331714563072
    },
    "barkbands_kurtosis": {
        "dmean": 8.35737323761,
        "dmean2": 11.6643867493,
        "dvar": 487.91494751,
        "dvar2": 837.136108398,
        "max": 444.177734375,
        "mean": 10.9650506973,
        "median": 2.98663854599,
        "min": -1.83844995499,
        "stdev": 32.3260421753,
        "var": 1044.97290039
    },
    "barkbands_skewness": {
        "dmean": 0.941030681133,
        "dmean2": 1.28832995892,
        "dvar": 1.16254544258,
        "dvar2": 1.94188702106,
        "max": 18.4852962494,
        "mean": 2.1588447094,
        "median": 1.73510968685,
        "min": -5.31982469559,
        "stdev": 2.2223315239,
        "var": 4.93875741959
    },
    "barkbands_spread": {
        "dmean": 8.09359073639,
        "dmean2": 12.2815732956,
        "dvar": 81.0910644531,
        "dvar2": 189.586776733,
        "max": 106.562919617,
        "mean": 22.2989463806,
        "median": 19.6065502167,
        "min": 0.555319905281,
        "stdev": 14.3773174286,
        "var": 206.707244873
    },
    "dissonance": {
        "dmean": 0.0197022203356,
        "dmean2": 0.0319709517062,
        "dvar": 0.00049006746849,
        "dvar2": 0.00103129004128,
        "max": 0.500000059605,
        "mean": 0.465266466141,
        "median": 0.47439160943,
        "min": 0.0265946350992,
        "stdev": 0.0326989889145,
        "var": 0.0010692239739
    },
    "dynamic_complexity": 2.05955004692,
    "erbbands_crest": {
        "dmean": 3.35540938377,
        "dmean2": 5.36172962189,
        "dvar": 10.4499530792,
        "dvar2": 25.267747879,
        "max": 30.3867073059,
        "mean": 9.3526391983,
        "median": 8.0548582077,
        "min": 2.54262065887,
        "stdev": 5.18666553497,
        "var": 26.9014987946
    },
    "erbbands_flatness_db": {
        "dmean": 0.0201877113432,
        "dmean2": 0.0285869892687,
        "dvar": 0.000346359971445,
        "dvar2": 0.000676958821714,
        "max": 0.325327455997,
        "mean": 0.139020606875,
        "median": 0.132310718298,
        "min": 0.0502763390541,
        "stdev": 0.0464669428766,
        "var": 0.00215917686
    },
    "erbbands_kurtosis": {
        "dmean": 1.36142623425,
        "dmean2": 2.13315868378,
        "dvar": 6.70407152176,
        "dvar2": 17.2596950531,
        "max": 44.1857070923,
        "mean": 0.861031770706,
        "median": -0.0387001037598,
        "min": -1.66073489189,
        "stdev": 3.4067504406,
        "var": 11.6059484482
    },
    "erbbands_skewness": {
        "dmean": 0.496700704098,
        "dmean2": 0.743706703186,
        "dvar": 0.218218371272,
        "dvar2": 0.493632167578,
        "max": 5.65838432312,
        "mean": 0.237349033356,
        "median": 0.203821957111,
        "min": -5.59119081497,
        "stdev": 0.927099108696,
        "var": 0.859512746334
    },
    "erbbands_spread": {
        "dmean": 11.5107431412,
        "dmean2": 17.1228103638,
        "dvar": 136.019668579,
        "dvar2": 305.71987915,
        "max": 174.252548218,
        "mean": 45.1689720154,
        "median": 40.4165763855,
        "min": 4.71953868866,
        "stdev": 23.6297092438,
        "var": 558.36315918
    },
    "hfc": {
        "dmean": 9.27547931671,
        "dmean2": 13.0166082382,
        "dvar": 141.228317261,
        "dvar2": 282.957336426,
        "max": 204.518325806,
        "mean": 25.9695014954,
        "median": 21.8050308228,
        "min": 2.1641539206e-05,
        "stdev": 20.3107566833,
        "var": 412.526824951
    },
    "loudness_ebu128": {
        "integrated": -8.29666996002,
        "loudness_range": 1.03223705292,
        "momentary": {
            "dmean": 0.618091702461,
            "dmean2": 1.00645053387,
            "dvar": 0.216440171003,
            "dvar2": 0.506753981113,
            "max": -6.48732328415,
            "mean": -8.39030075073,
            "median": -8.26036834717,
            "min": -11.417224884,
            "stdev": 0.917335093021,
            "var": 0.841503679752
        },
        "short_term": {
            "dmean": 0.0710336789489,
            "dmean2": 0.115862965584,
            "dvar": 0.00246247975156,
            "dvar2": 0.00552641879767,
            "max": -7.52892541885,
            "mean": -8.32379436493,
            "median": -8.41127681732,
            "min": -9.11715698242,
            "stdev": 0.354402691126,
            "var": 0.125601261854
        }
    },
    "melbands_crest": {
        "dmean": 4.40416288376,
        "dmean2": 6.80734729767,
        "dvar": 14.2449550629,
        "dvar2": 28.3200073242,
        "max": 35.5614891052,
        "mean": 17.1684780121,
        "median": 15.8876457214,
        "min": 3.00267720222,
        "stdev": 7.10118436813,
        "var": 50.4268188477
    },
    "melbands_flatness_db": {
        "dmean": 0.0380231589079,
        "dmean2": 0.0522886961699,
        "dvar": 0.00122624181677,
        "dvar2": 0.00242387410253,
        "max": 0.501083254814,
        "mean": 0.207144796848,
        "median": 0.19772092998,
        "min": 0.0256320480257,
        "stdev": 0.0771221518517,
        "var": 0.0059478264302
    },
    "melbands_kurtosis": {
        "dmean": 22.0526485443,
        "dmean2": 30.2674427032,
        "dvar": 2681.10766602,
        "dvar2": 4899.94824219,
        "max": 1063.56835938,
        "mean": 33.6525993347,
        "median": 10.6639957428,
        "min": -1.83904504776,
        "stdev": 77.8899307251,
        "var": 6066.84082031
    },
    "melbands_skewness": {
        "dmean": 1.36373364925,
        "dmean2": 1.87221992016,
        "dvar": 2.23172736168,
        "dvar2": 3.89397192001,
        "max": 24.9682121277,
        "mean": 3.72499275208,
        "median": 2.85917878151,
        "min": -1.87705910206,
        "stdev": 3.17300581932,
        "var": 10.0679655075
    },
    "melbands_spread": {
        "dmean": 9.81677722931,
        "dmean2": 15.0049171448,
        "dvar": 262.769775391,
        "dvar2": 460.785644531,
        "max": 247.074142456,
        "mean": 23.4163551331,
        "median": 17.2873592377,
        "min": 0.395208328962,
        "stdev": 27.5202198029,
        "var": 757.362548828
    },
    "pitch_salience": {
        "dmean": 0.0966070219874,
        "dmean2": 0.144902616739,
        "dvar": 0.00679557770491,
        "dvar2": 0.0151431867853,
        "max": 0.952327311039,
        "mean": 0.491436570883,
        "median": 0.501566052437,
        "min": 0.0571926049888,
        "stdev": 0.146385535598,
        "var": 0.0214287247509
    },
    "silence_rate_20dB": {
        "dmean": 0,
        "dmean2": 0,
        "dvar": 0,
        "dvar2": 0,
        "max": 1,
        "mean": 1,
        "median": 1,
        "min": 1,
        "stdev": 0,
        "var": 0
    },
    "silence_rate_30dB": {
        "dmean": 0.0464396290481,
        "dmean2": 0.0929512009025,
        "dvar": 0.0442823953927,
        "dvar2": 0.0967032462358,
        "max": 1,
        "mean": 0.959010064602,
        "median": 1,
        "min": 0,
        "stdev": 0.198265343904,
        "var": 0.0393091440201
    },
    "silence_rate_60dB": {
        "dmean": 0.0185758508742,
        "dmean2": 0.0356312952936,
        "dvar": 0.0182308852673,
        "dvar2": 0.0405587852001,
        "max": 1,
        "mean": 0.0170146953315,
        "median": 0,
        "min": 0,
        "stdev": 0.129326283932,
        "var": 0.016725288704
    },
    "spectral_centroid": {
        "dmean": 338.139190674,
        "dmean2": 513.125854492,
        "dvar": 161816.6875,
        "dvar2": 320301.53125,
        "max": 6298.58398438,
        "mean": 1339.81640625,
        "median": 1209.72094727,
        "min": 236.200759888,
        "stdev": 745.640258789,
        "var": 555979.375
    },
    "spectral_complexity": {
        "dmean": 5.29566574097,
        "dmean2": 7.55073595047,
        "dvar": 29.5055503845,
        "dvar2": 54.1148452759,
        "max": 50,
        "mean": 18.9729309082,
        "median": 18,
        "min": 0,
        "stdev": 10.1836938858,
        "var": 103.707618713
    },
    "spectral_decrease": {
        "dmean": 4.0500909293e-09,
        "dmean2": 5.58899060366e-09,
        "dvar": 2.18903869622e-17,
        "dvar2": 3.79675504115e-17,
        "max": -1.09043718201e-15,
        "mean": -1.03943360585e-08,
        "median": -7.5656849674e-09,
        "min": -3.70431543217e-08,
        "stdev": 8.23986923137e-09,
        "var": 6.78954412821e-17
    },
    "spectral_energy": {
        "dmean": 0.0157652311027,
        "dmean2": 0.0217230692506,
        "dvar": 0.000318289996358,
        "dvar2": 0.00054559786804,
        "max": 0.141074150801,
        "mean": 0.0415861196816,
        "median": 0.0311856307089,
        "min": 6.0785212419e-09,
        "stdev": 0.0316697955132,
        "var": 0.00100297585595
    },
    "spectral_energyband_high": {
        "dmean": 0.000626997614745,
        "dmean2": 0.000842718931381,
        "dvar": 1.50115977249e-06,
        "dvar2": 2.78541187981e-06,
        "max": 0.0259948894382,
        "mean": 0.00134827499278,
        "median": 0.000637738325167,
        "min": 1.48881462714e-09,
        "stdev": 0.00211632996798,
        "var": 4.47885258836e-06
    },
    "spectral_energyband_low": {
        "dmean": 0.011521762237,
        "dmean2": 0.0153676811606,
        "dvar": 0.000293271412374,
        "dvar2": 0.000503457500599,
        "max": 0.138394102454,
        "mean": 0.0234162174165,
        "median": 0.00819351989776,
        "min": 3.96041116568e-10,
        "stdev": 0.0307067297399,
        "var": 0.000942903279793
    },
    "spectral_energyband_middle_high": {
        "dmean": 0.00278663751669,
        "dmean2": 0.00418624933809,
        "dvar": 1.44405539686e-05,
        "dvar2": 3.1138300983e-05,
        "max": 0.0503166690469,
        "mean": 0.00575621332973,
        "median": 0.00378302647732,
        "min": 3.72182418218e-09,
        "stdev": 0.00623499136418,
        "var": 3.88751177525e-05
    },
    "spectral_energyband_middle_low": {
        "dmean": 0.00781772099435,
        "dmean2": 0.0120505783707,
        "dvar": 0.000116248033009,
        "dvar2": 0.000273225159617,
        "max": 0.0835509225726,
        "mean": 0.0133247654885,
        "median": 0.00921094790101,
        "min": 4.0114733757e-10,
        "stdev": 0.0131480274722,
        "var": 0.000172870626557
    },
    "spectral_entropy": {
        "dmean": 0.201795294881,
        "dmean2": 0.288107156754,
        "dvar": 0.0378719642758,
        "dvar2": 0.0794579163194,
        "max": 9.05603599548,
        "mean": 7.75234127045,
        "median": 7.76875019073,
        "min": 6.06668710709,
        "stdev": 0.421270638704,
        "var": 0.177468955517
    },
    "spectral_flux": {
        "dmean": 0.0382171571255,
        "dmean2": 0.0539882667363,
        "dvar": 0.00117056246381,
        "dvar2": 0.00201303185895,
        "max": 0.321315348148,
        "mean": 0.109625846148,
        "median": 0.0972406640649,
        "min": 7.79648689786e-05,
        "stdev": 0.0562234334648,
        "var": 0.00316107459366
    },
    "spectral_kurtosis": {
        "dmean": 1.10361778736,
        "dmean2": 1.7412045002,
        "dvar": 1.48945510387,
        "dvar2": 3.40623497963,
        "max": 16.7569141388,
        "mean": 3.41285967827,
        "median": 3.13500165939,
        "min": -1.04692554474,
        "stdev": 2.17277407646,
        "var": 4.72094678879
    },
    "spectral_rms": {
        "dmean": 0.00119881471619,
        "dmean2": 0.00159906363115,
        "dvar": 1.42771500578e-06,
        "dvar2": 2.18471427615e-06,
        "max": 0.0117317233235,
        "mean": 0.00590638723224,
        "median": 0.00551588647068,
        "min": 2.43521344601e-06,
        "stdev": 0.00238461350091,
        "var": 5.68638142795e-06
    },
    "spectral_rolloff": {
        "dmean": 662.047119141,
        "dmean2": 1102.83081055,
        "dvar": 1297622,
        "dvar2": 2734075,
        "max": 11326.4648438,
        "mean": 1374.96032715,
        "median": 968.994140625,
        "min": 64.599609375,
        "stdev": 1672.47631836,
        "var": 2797177
    },
    "spectral_skewness": {
        "dmean": 0.199464216828,
        "dmean2": 0.299647837877,
        "dvar": 0.0404845811427,
        "dvar2": 0.0752741321921,
        "max": 2.94187808037,
        "mean": 1.51905190945,
        "median": 1.52484154701,
        "min": -0.450294643641,
        "stdev": 0.455127179623,
        "var": 0.207140758634
    },
    "spectral_spread": {
        "dmean": 697379.25,
        "dmean2": 994803.625,
        "dvar": 990209572864,
        "dvar2": 1.67930232832e+12,
        "max": 26093840,
        "mean": 5690152.5,
        "median": 5430285.5,
        "min": 2477584.25,
        "stdev": 1572167.375,
        "var": 2.47171042509e+12
    },
    "spectral_strongpeak": {
        "dmean": 0.575810074806,
        "dmean2": 0.927908241749,
        "dvar": 0.719762444496,
        "dvar2": 1.76864790916,
        "max": 10.648774147,
        "mean": 1.01905155182,
        "median": 0.59150904417,
        "min": 3.96235409426e-05,
        "stdev": 1.16576611996,
        "var": 1.35901069641
    },
    "zerocrossingrate": {
        "dmean": 0.0144205475226,
        "dmean2": 0.0164491403848,
        "dvar": 0.000332003110088,
        "dvar2": 0.000305260560708,
        "max": 0.40771484375,
        "mean": 0.0617911815643,
        "median": 0.052734375,
        "min": 0.00341796875,
        "stdev": 0.045734975487,
        "var": 0.00209168810397
    },
    "barkbands": {
        "dmean": [0.000515566265676, 0.00892294198275, 0.00383378216065, 0.00300286104903, 0.00177019869443, 0.00134611409158, 0.00171905127354, 0.00101383042056, 0.00164540833794, 0.000993108842522, 0.000340843427693, 0.000541159301065, 0.000628154724836, 0.000472268729936, 0.000427809573011, 0.000337116711307, 0.000304686574964, 0.000241202607867, 0.000137600014568, 9.65172876022e-05, 9.33967385208e-05, 0.000130918298964, 0.000181785348104, 0.000143863231642, 0.000104494865809, 4.56981069874e-05, 5.23420430909e-06],
        "dmean2": [0.000679562741425, 0.0102735981345, 0.00653626816347, 0.00513289915398, 0.00310340104625, 0.00209074723534, 0.00271577993408, 0.001605460071, 0.0026594910305, 0.0015204004012, 0.000528813048732, 0.000877881946508, 0.00100606516935, 0.000732975720894, 0.000691590772476, 0.00053764495533, 0.000480788643472, 0.000395763170673, 0.000227150929277, 0.000154970563017, 0.000131050997879, 0.000190620368812, 0.000276433682302, 0.000206004013307, 0.000146804872202, 6.71283269185e-05, 9.10602011572e-06],
        "dvar": [7.97313759904e-07, 0.000229870900512, 7.13187473593e-05, 4.44312863692e-05, 1.93760770344e-05, 7.73968713474e-06, 1.67802591022e-05, 8.07330343378e-06, 1.42676890391e-05, 8.80881998455e-06, 6.12030646607e-07, 1.08749122774e-06, 1.19552498745e-06, 9.72860448201e-07, 5.70156998947e-07, 3.55015970399e-07, 1.94730446879e-07, 1.8891222453e-07, 7.4197515687e-08, 2.559406731e-08, 2.43561348867e-08, 6.47080611316e-08, 3.22009441334e-07, 1.16933570382e-07, 3.76629785137e-08, 5.45598499713e-09, 2.50853449124e-10],
        "dvar2": [1.24202313145e-06, 0.00027840497205, 0.000190864870092, 0.00011002348765, 5.61836677662e-05, 2.01618222491e-05, 3.64087645721e-05, 1.90095288417e-05, 3.57691133104e-05, 2.01702550839e-05, 1.37330084726e-06, 2.69529778052e-06, 2.91613832815e-06, 2.2201320462e-06, 1.38873940614e-06, 8.96295887287e-07, 4.61360144755e-07, 4.9869021268e-07, 2.05559942401e-07, 6.43661053346e-08, 5.24516465816e-08, 1.15683036483e-07, 6.3381895643e-07, 2.42371072545e-07, 7.63109540003e-08, 1.28878259176e-08, 6.76704414726e-10],
        "max": [0.00680465158075, 0.130570575595, 0.0654088109732, 0.0548840239644, 0.051530122757, 0.0301164183766, 0.0596426166594, 0.0384239032865, 0.040310792625, 0.0392511822283, 0.0141178984195, 0.014770344831, 0.0114715080708, 0.0150765366852, 0.00864499993622, 0.00832390226424, 0.00735137751326, 0.00698710419238, 0.00321962498128, 0.0022030051332, 0.00183551677037, 0.00652087852359, 0.0142046427354, 0.00771946180612, 0.00270295166411, 0.000625439104624, 0.000173079693923],
        "mean": [0.000829235941637, 0.0157476775348, 0.00477160559967, 0.00328634353355, 0.00211609457619, 0.00209483155049, 0.00203955802135, 0.00111567834392, 0.00220862566493, 0.00132056628354, 0.000418164301664, 0.000655213138089, 0.000836795719806, 0.000643009785563, 0.000587421003729, 0.000481018971186, 0.000479934649775, 0.00034333311487, 0.00018895159883, 0.000157030808623, 0.000178282673005, 0.000256214727415, 0.000325949629769, 0.000254664832028, 0.000175332534127, 7.03942641849e-05, 4.18658737544e-06],
        "median": [3.77253527404e-05, 0.00244462862611, 0.00281286193058, 0.0013567849528, 0.000846759183332, 0.000432812958024, 0.000324112799717, 0.000164820987266, 0.000324472115608, 0.000198524387088, 0.000118739670143, 0.000201588816708, 0.000313522061333, 0.000212154394831, 0.000247936346568, 0.000237699990976, 0.000292855547741, 0.000207772463909, 0.000102373509435, 8.28893753351e-05, 7.31010077288e-05, 0.000115526920126, 0.000135135094752, 0.000100557219412, 6.23187879683e-05, 2.00548074645e-05, 6.65135701183e-07],
        "min": [1.52196422132e-10, 1.940451827e-10, 9.14651965278e-11, 6.48575637641e-11, 1.10208495108e-10, 9.61572210745e-11, 8.14974615571e-11, 3.78875437967e-11, 8.38487439203e-12, 5.15080963992e-11, 2.03328701098e-10, 4.40392361467e-10, 6.74531319689e-10, 1.62120331049e-10, 1.01341893211e-10, 8.11671077572e-11, 1.58382557069e-10, 6.58758103622e-10, 1.1335156147e-09, 4.06127076413e-10, 1.4507176016e-10, 2.54070126049e-10, 1.22062568386e-10, 9.47612335822e-11, 2.61029309279e-10, 1.50469373073e-10, 2.42603897041e-12],
        "stdev": [0.00152915017679, 0.0275280065835, 0.00746928434819, 0.00647046416998, 0.00385983497836, 0.00414429837838, 0.00551806855947, 0.00326735037379, 0.00488261086866, 0.00399779854342, 0.000982369063422, 0.00127158279065, 0.00136301957536, 0.00120550347492, 0.000890421040822, 0.000668479246087, 0.000576188787818, 0.000457791757071, 0.00027054885868, 0.000200996903004, 0.000266361574177, 0.00045723549556, 0.000802008144092, 0.000495910353493, 0.000291401927825, 0.000106812934973, 1.31589131342e-05],
        "var": [2.3383001917e-06, 0.00075779116014, 5.57902058063e-05, 4.18669078499e-05, 1.48983262989e-05, 1.71752071765e-05, 3.0449078622e-05, 1.06755787783e-05, 2.38398879446e-05, 1.59823921422e-05, 9.65048911894e-07, 1.61692275924e-06, 1.8578223262e-06, 1.45323861034e-06, 7.9284967569e-07, 4.46864476089e-07, 3.31993533109e-07, 2.09573300936e-07, 7.3196687822e-08, 4.03997546528e-08, 7.09484879735e-08, 2.09064310752e-07, 6.43217049401e-07, 2.45927083142e-07, 8.49150794124e-08, 1.14090026315e-08, 1.73157002625e-10]
    },
    "erbbands": {
        "dmean": [0.41835424304, 1.52315366268, 3.10899472237, 9.21385097504, 6.87233257294, 5.71427249908, 6.37210273743, 12.1992120743, 17.7877101898, 30.2949333191, 22.1653842926, 36.028881073, 32.2328567505, 26.5444259644, 14.653222084, 23.4466209412, 27.7919616699, 27.5426445007, 20.4782009125, 21.1057529449, 16.6986789703, 15.8943300247, 14.035900116, 8.91972732544, 5.21042299271, 4.56733083725, 3.71626210213, 3.90382361412, 4.38289022446, 6.05667638779, 5.03739643097, 3.89292812347, 1.9628841877, 1.31057190895, 0.66073268652, 0.266819953918, 0.0691077262163, 0.0137183628976, 0.000557125080377, 2.53268244705e-05],
        "dmean2": [0.428062617779, 2.12137508392, 5.2128572464, 15.9048204422, 11.9287605286, 9.79430961609, 9.89818763733, 19.1555461884, 28.3243980408, 48.5681266785, 34.3838005066, 57.0344200134, 51.4441795349, 40.5577087402, 23.3338451385, 37.498134613, 44.2256240845, 42.4201126099, 32.4976348877, 33.3422889709, 26.5401496887, 24.685749054, 22.8210391998, 14.8693284988, 8.39645671844, 7.37958240509, 5.44465351105, 5.42450141907, 6.27562570572, 9.55593299866, 7.35721254349, 5.71676301956, 2.85668134689, 1.89043343067, 0.930522799492, 0.380059599876, 0.10459176451, 0.0221774876118, 0.00094765657559, 3.56979908247e-05],
        "dvar": [0.554778218269, 7.19733810425, 41.260269165, 455.746948242, 260.10458374, 167.605926514, 163.679611206, 672.811950684, 1503.04345703, 8263.27734375, 3857.64746094, 6492.05908203, 8418.36230469, 8314.99023438, 1018.68762207, 2126.0625, 2420.08251953, 3690.27783203, 1385.75109863, 1855.33203125, 656.752685547, 651.184570312, 614.202575684, 328.595336914, 69.3950653076, 63.7122993469, 32.989982605, 52.0657119751, 56.3961868286, 257.105529785, 300.78503418, 114.147140503, 17.1428413391, 7.36219263077, 1.33770680428, 0.18696193397, 0.0140549894422, 0.000845682399813, 2.79901041722e-06, 1.18408904903e-09],
        "dvar2": [0.560750186443, 11.845290184, 99.9231491089, 1162.11279297, 724.307678223, 468.301361084, 431.032531738, 1747.76330566, 3572.59179688, 18714.1347656, 8229.70410156, 15613.453125, 19098.8847656, 20602.3105469, 2366.37133789, 5168.29833984, 5921.50195312, 8672.09570312, 3296.96679688, 4654.33300781, 1558.00683594, 1550.61584473, 1615.44140625, 933.010437012, 171.014816284, 159.41078186, 70.6042480469, 120.453475952, 103.783622742, 620.348388672, 537.662353516, 239.913894653, 35.8120002747, 15.1822748184, 2.81334900856, 0.402864307165, 0.0353384613991, 0.0022104922682, 7.56331019147e-06, 2.5817645799e-09],
        "max": [6.01823043823, 25.4310588837, 48.8900184631, 164.64743042, 175.859954834, 144.220779419, 184.727310181, 277.176727295, 500.413757324, 1419.37756348, 1027.20495605, 989.052612305, 1390.8815918, 1332.83666992, 723.51171875, 765.360107422, 619.56060791, 863.482177734, 610.438171387, 762.61340332, 293.021484375, 480.845031738, 370.387939453, 220.958358765, 102.510070801, 113.118850708, 65.4144210815, 122.689155579, 176.400054932, 340.275695801, 484.361297607, 260.37588501, 78.7593307495, 45.0215835571, 16.9988098145, 4.21458816528, 1.04701244831, 0.274825572968, 0.0164752937853, 0.000346046464983],
        "mean": [0.64283156395, 2.80594611168, 4.84293746948, 9.9773683548, 8.04633331299, 7.02466249466, 10.4846801758, 18.1743469238, 21.2158222198, 35.6020355225, 27.3983688354, 47.7148780823, 48.0202903748, 34.8884887695, 19.3151817322, 29.7528133392, 38.4362869263, 38.9556808472, 29.0046710968, 31.8741912842, 25.4086875916, 25.458820343, 21.4701480865, 12.4204931259, 8.02167034149, 7.46455383301, 7.07993841171, 7.32766056061, 8.51196670532, 10.60638237, 8.96810245514, 6.61612415314, 3.41744041443, 2.21984052658, 1.07143723965, 0.43215867877, 0.0987103134394, 0.0155353853479, 0.000540873792488, 6.46374246571e-05],
        "median": [0.0354023836553, 0.641643226147, 3.34053730965, 4.44804668427, 4.33251333237, 2.38503432274, 2.73517227173, 3.97334218025, 5.15339326859, 5.10355377197, 5.97088384628, 8.09022140503, 8.95550441742, 6.20792150497, 7.39963626862, 10.6961240768, 16.0216636658, 13.3022499084, 12.2178964615, 16.6965312958, 14.181344986, 15.1712284088, 13.0535268784, 7.13102388382, 4.73925065994, 3.92387914658, 3.09458065033, 2.95629572868, 3.97205114365, 4.46868753433, 3.56599783897, 2.30961632729, 1.46368181705, 0.77540242672, 0.387613266706, 0.123679794371, 0.0281941518188, 0.00452481862158, 0.000146995822433, 4.88595687784e-05],
        "min": [7.64156737887e-09, 3.70216781675e-08, 9.96045201873e-08, 1.78765816372e-07, 2.65196518967e-07, 3.83511121527e-07, 5.75442697937e-07, 8.48147294619e-07, 1.12649127004e-06, 1.12187717605e-06, 6.72875273722e-07, 2.30250520872e-07, 5.58757562885e-07, 4.36404570792e-06, 1.05893141154e-05, 2.00469021365e-05, 3.06728288706e-05, 1.3797538486e-05, 5.2044279073e-06, 5.51083530809e-06, 4.58251906821e-06, 1.07615769593e-05, 3.43607571267e-05, 4.78569490951e-05, 4.33145796706e-05, 2.01370676223e-05, 1.5413366782e-05, 3.3155129131e-06, 1.151102515e-05, 3.33017146659e-06, 3.40380779562e-06, 2.24486370826e-06, 1.66417464698e-06, 2.04933758141e-06, 1.89159391084e-06, 8.28140059639e-07, 2.72770819265e-07, 8.68109140129e-08, 1.65165268129e-08, 1.52210011262e-09],
        "stdev": [1.28837776184, 4.4992852211, 6.40053701401, 19.7248001099, 13.9265546799, 13.2128820419, 20.3474121094, 35.7134056091, 46.8066177368, 117.793380737, 74.8218612671, 101.964988708, 127.443870544, 113.390686035, 36.9510307312, 57.0335731506, 59.9298706055, 75.9576873779, 46.5093307495, 48.6997680664, 31.3803577423, 32.1836700439, 27.0477085114, 17.5181865692, 9.83392429352, 9.8586101532, 9.95945072174, 11.1749954224, 13.543847084, 24.2709083557, 23.9054832458, 14.6741094589, 5.99025392532, 3.948990345, 1.69775855541, 0.683735787868, 0.149359583855, 0.0283106714487, 0.00142550177407, 5.06603100803e-05],
        "var": [1.65991735458, 20.2435684204, 40.9668731689, 389.067749023, 193.948913574, 174.58026123, 414.017211914, 1275.4473877, 2190.859375, 13875.2802734, 5598.31103516, 10396.859375, 16241.9394531, 12857.4482422, 1365.37854004, 3252.82861328, 3591.58935547, 5769.57080078, 2163.11767578, 2371.66723633, 984.726806641, 1035.78869629, 731.578552246, 306.886871338, 96.7060699463, 97.1921920776, 99.1906585693, 124.880531311, 183.435791016, 589.077026367, 571.472106934, 215.329483032, 35.883140564, 15.5945253372, 2.88238430023, 0.467494606972, 0.0223082844168, 0.000801494112238, 2.03205536309e-06, 2.56646703889e-09]
    },
    "gfcc": {
        "mean": [22.3589191437, 70.1642837524, -105.297904968, 36.0066452026, -53.082736969, 28.9905719757, -45.0936508179, 13.371131897, -18.698135376, 2.42317008972, -20.0219459534, 1.77550709248, -16.5171165466],
        "cov": [[3379.18310547, -349.858734131, -126.734298706, -32.3919677734, -154.909912109, 49.5109825134, 159.173660278, 123.473426819, -77.353302002, 70.7240447998, -148.272277832, -37.3028144836, -169.492416382], [-349.858734131, 1098.23205566, 109.61290741, -28.5032234192, 240.121704102, -93.3283615112, 66.7793579102, -35.171913147, 53.8315582275, -60.279800415, 55.2634010315, -61.2700996399, -32.2859420776], [-126.734298706, 109.61290741, 995.534362793, 564.903808594, 336.891967773, 86.0864944458, 52.0270881653, 82.5470352173, 65.7295379639, 179.81060791, 21.7329750061, 64.8488922119, 28.9406929016], [-32.3919677734, -28.5032234192, 564.903808594, 747.506713867, 243.767532349, 63.6529312134, 4.58337450027, 66.6398544312, 71.7841567993, 108.187789917, 17.2462310791, 54.3875236511, 106.409927368], [-154.909912109, 240.121704102, 336.891967773, 243.767532349, 361.366821289, 54.1099624634, 69.5129241943, 57.5030784607, 20.4162960052, 55.5411109924, 4.15619564056, 17.0176963806, 26.7379665375], [49.5109825134, -93.3283615112, 86.0864944458, 63.6529312134, 54.1099624634, 266.422058105, 179.302597046, 65.3524703979, 14.3092451096, 20.0417098999, 11.1145458221, -9.76857852936, 5.32287502289], [159.173660278, 66.7793579102, 52.0270881653, 4.58337450027, 69.5129241943, 179.302597046, 296.020751953, 125.241569519, 15.1521215439, 34.061756134, 4.39535045624, -35.6728973389, -32.3349227905], [123.473426819, -35.171913147, 82.5470352173, 66.6398544312, 57.5030784607, 65.3524703979, 125.241569519, 172.246002197, 89.7978134155, 63.4652481079, 4.00386142731, -17.781545639, -7.54084730148], [-77.353302002, 53.8315582275, 65.7295379639, 71.7841567993, 20.4162960052, 14.3092451096, 15.1521215439, 89.7978134155, 183.594711304, 58.8218612671, 23.622335434, -10.1705617905, 0.759342849255], [70.7240447998, -60.279800415, 179.81060791, 108.187789917, 55.5411109924, 20.0417098999, 34.061756134, 63.4652481079, 58.8218612671, 138.681808472, 32.9514083862, 16.3294448853, 0.672865331173], [-148.272277832, 55.2634010315, 21.7329750061, 17.2462310791, 4.15619564056, 11.1145458221, 4.39535045624, 4.00386142731, 23.622335434, 32.9514083862, 104.821983337, 50.3310165405, 30.1662445068], [-37.3028144836, -61.2700996399, 64.8488922119, 54.3875236511, 17.0176963806, -9.76857852936, -35.6728973389, -17.781545639, -10.1705617905, 16.3294448853, 50.3310165405, 114.751754761, 79.3700332642], [-169.492416382, -32.2859420776, 28.9406929016, 106.409927368, 26.7379665375, 5.32287502289, -32.3349227905, -7.54084730148, 0.759342849255, 0.672865331173, 30.1662445068, 79.3700332642, 141.947921753]],
        "icov": [[0.000431149761425, -0.000161813921295, 0.000265276874416, -0.000281583459582, 0.000386454339605, -0.000198306661332, 2.77787967207e-05, -0.000552384415641, 0.000485886936076, -0.000627651403192, 0.00105439207982, -0.00108812481631, 0.000931358779781], [-0.000161813921295, 0.00241337134503, -0.000744187855162, 0.000745121622458, -0.00213152100332, 0.00251295906492, -0.00237510423176, 0.00263008079492, -0.00211066100746, 0.00266747153364, -0.00319307926111, 0.00320986984298, -0.00126275245566], [0.000265276874416, -0.000744187855162, 0.00298211746849, -0.00177770620212, -0.000492784951348, -0.00121458794456, 0.000821427442133, -0.000683484016918, 0.000858287385199, -0.00296057714149, 0.00213885260746, -0.00321369292215, 0.00251313764602], [-0.000281583459582, 0.000745121622458, -0.00177770620212, 0.00330158090219, -0.00128703715745, 0.000456553767435, -7.37279187888e-05, 0.000688871543389, -0.00115730019752, 0.000861514883582, -0.00134315760806, 0.00266076484695, -0.00323440344073], [0.000386454339605, -0.00213152100332, -0.000492784951348, -0.00128703715745, 0.00645094132051, -0.00190418900456, 0.00111632281914, -0.00301222247072, 0.00237483088858, -0.00212875986472, 0.00327048706822, -0.00292829261161, 0.000932170252781], [-0.000198306661332, 0.00251295906492, -0.00121458794456, 0.000456553767435, -0.00190418900456, 0.009476470761, -0.00720819318667, 0.0039170649834, -0.0027930343058, 0.00341982534155, -0.00378751917742, 0.00390883954242, -0.00257238768972], [2.77787967207e-05, -0.00237510423176, 0.000821427442133, -7.37279187888e-05, 0.00111632281914, -0.00720819318667, 0.0114924469963, -0.00840378552675, 0.00455559231341, -0.00257487059571, 0.00164232368115, -0.00165117974393, 0.00217431224883], [-0.000552384415641, 0.00263008079492, -0.000683484016918, 0.000688871543389, -0.00301222247072, 0.0039170649834, -0.00840378552675, 0.016969203949, -0.00813058950007, 0.000185489465366, -0.0021898704581, 0.00433215359226, -0.0029450901784], [0.000485886936076, -0.00211066100746, 0.000858287385199, -0.00115730019752, 0.00237483088858, -0.0027930343058, 0.00455559231341, -0.00813058950007, 0.011071418412, -0.00413960823789, 0.00113521656021, -0.00130909332074, 0.0015070050722], [-0.000627651403192, 0.00266747153364, -0.00296057714149, 0.000861514883582, -0.00212875986472, 0.00341982534155, -0.00257487059571, 0.000185489465366, -0.00413960823789, 0.0158805288374, -0.00754503067583, 0.00369916623458, -0.00100696634036], [0.00105439207982, -0.00319307926111, 0.00213885260746, -0.00134315760806, 0.00327048706822, -0.00378751917742, 0.00164232368115, -0.0021898704581, 0.00113521656021, -0.00754503067583, 0.0199333205819, -0.012789699249, 0.00383218517527], [-0.00108812481631, 0.00320986984298, -0.00321369292215, 0.00266076484695, -0.00292829261161, 0.00390883954242, -0.00165117974393, 0.00433215359226, -0.00130909332074, 0.00369916623458, -0.012789699249, 0.0257481299341, -0.013339121826], [0.000931358779781, -0.00126275245566, 0.00251313764602, -0.00323440344073, 0.000932170252781, -0.00257238768972, 0.00217431224883, -0.0029450901784, 0.0015070050722, -0.00100696634036, 0.00383218517527, -0.013339121826, 0.0166825465858]]
    },
    "melbands": {
        "dmean": [0.00296492315829, 0.0015005543828, 0.0013960651122, 0.000427773135016, 0.000220359230298, 0.000271285418421, 0.00029590158374, 0.000303502223687, 0.00018559009186, 0.000235095227254, 0.000163607212016, 0.000113888767373, 5.10241552547e-05, 5.59279033041e-05, 6.71391753713e-05, 5.82679349463e-05, 5.15264000569e-05, 3.39569742209e-05, 2.8365991966e-05, 2.72149154625e-05, 2.00127033168e-05, 1.77464262379e-05, 1.66560585058e-05, 1.05257149698e-05, 7.52217874833e-06, 4.28839575761e-06, 3.75283434551e-06, 3.08743892674e-06, 2.44567195296e-06, 2.21985965254e-06, 2.4051055334e-06, 2.36429355027e-06, 3.14643398269e-06, 3.74509386347e-06, 3.13608393299e-06, 2.7399623832e-06, 2.39617315856e-06, 1.43048225709e-06, 1.27076032186e-06, 1.13542614599e-06],
        "dmean2": [0.00303112296388, 0.00235113990493, 0.00235977931879, 0.000752431456931, 0.000342713145074, 0.000424830097472, 0.000471464940347, 0.000489767233375, 0.000287217146251, 0.000376739480998, 0.000260059779976, 0.000174793283804, 7.98941982794e-05, 9.1016816441e-05, 0.000108431631816, 9.1510497441e-05, 8.03022776381e-05, 5.43866080989e-05, 4.61058880319e-05, 4.28653875133e-05, 3.27060479322e-05, 2.80943077087e-05, 2.70372074738e-05, 1.71511419467e-05, 1.27204048113e-05, 6.94179652783e-06, 6.1736650423e-06, 4.98978670294e-06, 3.72732529286e-06, 3.19011860483e-06, 3.44113550454e-06, 3.46215369973e-06, 4.76892000734e-06, 6.0033689806e-06, 4.62501748189e-06, 4.08543473895e-06, 3.5298792227e-06, 2.15951081373e-06, 1.84734972208e-06, 1.68090343777e-06],
        "dvar": [2.5459950848e-05, 6.65992502036e-06, 9.60745546763e-06, 1.13746614261e-06, 1.65647662698e-07, 3.24104121319e-07, 3.95551950305e-07, 7.76141291681e-07, 2.51306232713e-07, 2.80766784044e-07, 2.13771627955e-07, 1.68311643733e-07, 1.20121299574e-08, 1.26492070152e-08, 1.41184308688e-08, 1.14160521036e-08, 1.35422268954e-08, 4.07574685113e-09, 2.53728282829e-09, 2.79601630737e-09, 9.29736343469e-10, 7.94780463664e-10, 1.01657515739e-09, 2.72914635335e-10, 2.802142407e-10, 4.49423588622e-11, 3.82769822782e-11, 3.18019915957e-11, 1.41399314132e-11, 1.38436519193e-11, 2.22606516553e-11, 1.55825682219e-11, 5.93470897425e-11, 1.07205411215e-10, 1.32299990407e-10, 6.35188707188e-11, 4.26610274884e-11, 8.9994929911e-12, 7.00004984533e-12, 5.66203637795e-12],
        "dvar2": [2.66852839559e-05, 1.48617227751e-05, 2.4325274353e-05, 3.27323778038e-06, 4.31258541767e-07, 8.41588018829e-07, 9.00225870737e-07, 1.80676920536e-06, 5.53369545742e-07, 6.8500770567e-07, 4.82589655348e-07, 4.17021539079e-07, 2.74578209059e-08, 3.13457739765e-08, 3.309135721e-08, 2.81035941185e-08, 3.18271027311e-08, 9.60642942971e-09, 6.34601704519e-09, 7.02044378187e-09, 2.21033902292e-09, 1.91322646614e-09, 2.58078536319e-09, 7.21531945302e-10, 8.01306132558e-10, 1.10629533312e-10, 9.78835970611e-11, 7.99151231301e-11, 3.18716372738e-11, 3.19374630908e-11, 5.40085580425e-11, 3.27410251688e-11, 1.16089783619e-10, 2.81257378498e-10, 2.44731179766e-10, 1.20486218225e-10, 9.85722545255e-11, 1.99137720203e-11, 1.42954094742e-11, 1.21496267907e-11],
        "max": [0.043718777597, 0.0224869754165, 0.0245798937976, 0.0129792764783, 0.00532673392445, 0.00644244346768, 0.00862016528845, 0.0134126646444, 0.00775490747765, 0.00572425918654, 0.00683007994667, 0.00600968021899, 0.00192836346105, 0.00144818949047, 0.0014818351483, 0.00117144244723, 0.00146777671762, 0.0011332416907, 0.000608344504144, 0.000919760670513, 0.00032666241168, 0.000429956038715, 0.000501328904647, 0.000225820884225, 0.000209177349461, 6.46787084406e-05, 7.10691383574e-05, 8.68671922944e-05, 3.93399532186e-05, 4.02466248488e-05, 9.51992260525e-05, 8.21069406811e-05, 0.000194032778381, 0.000245017115958, 0.000329631846398, 0.00022680364782, 0.000148951556184, 5.52445708308e-05, 4.69465740025e-05, 3.33772004524e-05],
        "mean": [0.00495360698551, 0.00287282653153, 0.00162983033806, 0.000509542704094, 0.000364916195394, 0.000408726948081, 0.000353769544745, 0.000353371055098, 0.000228485441767, 0.000314325181535, 0.000237906933762, 0.000145716738189, 6.31026123301e-05, 6.86494458932e-05, 8.52952507557e-05, 8.09825214674e-05, 6.92593093845e-05, 4.46071462648e-05, 3.96732320951e-05, 3.96394025302e-05, 2.82050459646e-05, 2.62781450147e-05, 2.5105136956e-05, 1.50891692101e-05, 9.60672150541e-06, 6.12252233623e-06, 5.28918008058e-06, 4.86351063955e-06, 4.34900630353e-06, 4.02230534746e-06, 4.32575370723e-06, 4.42089913122e-06, 5.66480548514e-06, 6.03245916864e-06, 5.38397080163e-06, 4.45658361059e-06, 3.86574993172e-06, 2.35898596657e-06, 2.12237819142e-06, 1.81713858183e-06],
        "median": [0.000526702962816, 0.00181095325388, 0.000817398889922, 0.000245837407419, 0.000102063517261, 8.66670379764e-05, 6.92062239978e-05, 5.38469466846e-05, 4.33436252933e-05, 4.48978680652e-05, 3.65982778021e-05, 2.25687726925e-05, 2.07690754905e-05, 2.13357998291e-05, 3.27565030602e-05, 2.95941190416e-05, 2.12553895835e-05, 1.68278311321e-05, 1.82150852197e-05, 2.02458413696e-05, 1.58214661496e-05, 1.53602413775e-05, 1.52693337441e-05, 8.67557082529e-06, 5.04005083712e-06, 3.25083965436e-06, 2.98648842545e-06, 2.31593389799e-06, 1.84943382919e-06, 1.66679728864e-06, 1.72515490249e-06, 2.12975828617e-06, 2.29938109442e-06, 2.48278001891e-06, 2.10931648326e-06, 1.564531658e-06, 1.31519266233e-06, 9.96478092929e-07, 8.52321136335e-07, 5.81562858315e-07],
        "min": [6.83685261182e-11, 5.09434161522e-11, 3.31889654648e-11, 2.30461257716e-11, 1.98828037368e-11, 1.9098913423e-11, 1.72453960834e-11, 1.15565499878e-11, 4.75847182838e-12, 1.07528905485e-12, 2.65279746954e-12, 1.58136958389e-11, 3.12632836286e-11, 4.42012433599e-11, 6.70129160496e-11, 6.14627307383e-11, 2.04815539528e-11, 7.66845441313e-12, 7.93125808085e-12, 6.09324092918e-12, 5.16240739393e-12, 7.43758440253e-12, 2.67943549292e-11, 3.0603904827e-11, 3.86777658512e-11, 4.90984752854e-11, 8.79800225728e-12, 1.58078220652e-11, 1.30190450434e-11, 2.7289140999e-12, 1.5255004291e-12, 8.0487708512e-12, 2.9804800121e-12, 1.5280519905e-12, 1.94237074341e-12, 2.0476775657e-12, 1.12777430623e-12, 1.39358446657e-12, 8.63641081393e-13, 2.11995525301e-12],
        "stdev": [0.00919530726969, 0.00336148845963, 0.00291043380275, 0.000916873570532, 0.0006451793015, 0.000794454477727, 0.000806632335298, 0.0011157176923, 0.000593140721321, 0.000690961082, 0.000641619903035, 0.000509472331032, 0.000134553745738, 0.000138468865771, 0.000139326337376, 0.000139037802001, 0.000141708034789, 7.85895754234e-05, 5.80939013162e-05, 5.90017843933e-05, 3.64696279576e-05, 3.46101842297e-05, 3.535410724e-05, 1.86546094483e-05, 1.54416575242e-05, 7.86667078501e-06, 6.90530123393e-06, 6.81719848217e-06, 6.1502337303e-06, 6.05717877988e-06, 6.74959801472e-06, 6.53679717288e-06, 1.20853019325e-05, 1.45757685459e-05, 1.54086810653e-05, 1.06892075564e-05, 8.58425664774e-06, 4.13887664763e-06, 3.8070543269e-06, 3.31900719175e-06],
        "var": [8.45536778797e-05, 1.12996049211e-05, 8.47062528919e-06, 8.40657094159e-07, 4.16256312974e-07, 6.31157945463e-07, 6.5065569288e-07, 1.24482585306e-06, 3.51815913291e-07, 4.77427249734e-07, 4.11676126078e-07, 2.59562085603e-07, 1.81047088432e-08, 1.91736262423e-08, 1.94118268126e-08, 1.93315123909e-08, 2.00811669515e-08, 6.17632167632e-09, 3.37490124735e-09, 3.48121065308e-09, 1.33003386082e-09, 1.19786491837e-09, 1.2499128399e-09, 3.47994466576e-10, 2.38444763934e-10, 6.18845114042e-11, 4.76831872598e-11, 4.64741925499e-11, 3.78253747768e-11, 3.66894153947e-11, 4.55570754732e-11, 4.27297155992e-11, 1.46054515704e-10, 2.12453027393e-10, 2.37427438821e-10, 1.14259150752e-10, 7.36894642528e-11, 1.71302989155e-11, 1.4493663214e-11, 1.10158089248e-11]
    },
    "melbands128": {
