{
"lowlevel": {
    "average_loudness": 0.95241600275,
    "barkbands_crest": {
        "dmean": 2.70354151726,
        "dmean2": 4.35710334778,
        "dvar": 5.99657917023,
        "dvar2": 15.0594501495,
        "max": 24.145652771,
        "mean": 11.4806013107,
        "median": 10.8490495682,
        "min": 3.55988311768,
        "stdev": 4.46728563309,
        "var": 19.9566402435
    },
    "barkbands_flatness_db": {
        "dmean": 0.0254574287683,
        "dmean2": 0.0364446900785,
        "dvar": 0.000670087698381,
        "dvar2": 0.00139045028482,
        "max": 0.421255111694,
        "mean": 0.187858477235,
        "median": 0.181174620986,
        "min": 0.0512342303991,
        "stdev": 0.0745122954249,
        "var": 0.00555208185688
    },
    "barkbands_kurtosis": {
        "dmean": 4.63605165482,
        "dmean2": 7.35115003586,
        "dvar": 59.6792526245,
        "dvar2": 156.742279053,
        "max": 96.3364944458,
        "mean": 7.75563430786,
        "median": 5.04999828339,
        "min": -1.69946551323,
        "stdev": 10.5801925659,
        "var": 111.940475464
    },
    "barkbands_skewness": {
        "dmean": 0.616861701012,
        "dmean2": 0.932427883148,
        "dvar": 0.452669262886,
        "dvar2": 1.0829013586,
        "max": 8.40769863129,
        "mean": 1.8230701685,
        "median": 1.71967375278,
        "min": -1.82292532921,
        "stdev": 1.26113986969,
        "var": 1.5904738903
    },
    "barkbands_spread": {
        "dmean": 3.76720619202,
        "dmean2": 5.69725179672,
        "dvar": 25.7890205383,
        "dvar2": 55.7858734131,
        "max": 78.8671722412,
        "mean": 13.3494262695,
        "median": 9.74562168121,
        "min": 0.611351013184,
        "stdev": 10.8369894028,
        "var": 117.440338135
    },
    "dissonance": {
        "dmean": 0.0298534072936,
        "dmean2": 0.0493080765009,
        "dvar": 0.00103408249561,
        "dvar2": 0.00265195872635,
        "max": 0.499862521887,
        "mean": 0.431418478489,
        "median": 0.447939455509,
        "min": 0.0233801808208,
        "stdev": 0.0547559522092,
        "var": 0.00299821444787
    },
    "dynamic_complexity": 2.68997979164,
    "erbbands_crest": {
        "dmean": 2.72969722748,
        "dmean2": 4.38864135742,
        "dvar": 5.95242118835,
        "dvar2": 14.5754384995,
        "max": 30.3241500854,
        "mean": 10.8356618881,
        "median": 9.4696969986,
        "min": 2.5951192379,
        "stdev": 5.19591712952,
        "var": 26.9975566864
    },
    "erbbands_flatness_db": {
        "dmean": 0.0191208161414,
        "dmean2": 0.0268715806305,
        "dvar": 0.000358503195457,
        "dvar2": 0.000686011917423,
        "max": 0.409042835236,
        "mean": 0.183631047606,
        "median": 0.167283311486,
        "min": 0.0513395518064,
        "stdev": 0.0686695352197,
        "var": 0.00471550459042
    },
    "erbbands_kurtosis": {
        "dmean": 1.89089953899,
        "dmean2": 3.08276391029,
        "dvar": 14.3733797073,
        "dvar2": 35.9098434448,
        "max": 55.3696937561,
        "mean": 2.85464048386,
        "median": 1.13592481613,
        "min": -1.73038721085,
        "stdev": 6.01007080078,
        "var": 36.1209526062
    },
    "erbbands_skewness": {
        "dmean": 0.422407120466,
        "dmean2": 0.653956949711,
        "dvar": 0.199552536011,
        "dvar2": 0.454016596079,
        "max": 6.06711483002,
        "mean": 0.909965097904,
        "median": 0.775351285934,
        "min": -1.32605648041,
        "stdev": 0.892738282681,
        "var": 0.796981692314
    },
    "erbbands_spread": {
        "dmean": 7.18111610413,
        "dmean2": 10.304523468,
        "dvar": 99.7524490356,
        "dvar2": 170.917617798,
        "max": 136.113815308,
        "mean": 29.7272262573,
        "median": 24.9179229736,
        "min": 1.36093127728,
        "stdev": 21.6630573273,
        "var": 469.28805542
    },
    "hfc": {
        "dmean": 5.04159212112,
        "dmean2": 7.59501171112,
        "dvar": 62.3421478271,
        "dvar2": 144.265197754,
        "max": 102.797622681,
        "mean": 19.9212837219,
        "median": 12.0781087875,
        "min": 1.19618164865e-16,
        "stdev": 18.2092094421,
        "var": 331.575286865
    },
    "loudness_ebu128": {
        "integrated": -7.15460681915,
        "loudness_range": 7.0044093132,
        "momentary": {
            "dmean": 0.579071760178,
            "dmean2": 0.615250825882,
            "dvar": 0.441514700651,
            "dvar2": 0.742494463921,
            "max": -4.06004810333,
            "mean": -8.22280693054,
            "median": -7.05175971985,
            "min": -20.2179794312,
            "stdev": 3.38754081726,
            "var": 11.4754323959
        },
        "short_term": {
            "dmean": 0.0993369668722,
            "dmean2": 0.0637346431613,
            "dvar": 0.008235453628,
            "dvar2": 0.00537878414616,
            "max": -5.3736076355,
            "mean": -7.68163871765,
            "median": -6.31041622162,
            "min": -13.3871307373,
            "stdev": 2.67982888222,
            "var": 7.18148231506
        }
    },
    "melbands_crest": {
        "dmean": 3.21495938301,
        "dmean2": 5.10888290405,
        "dvar": 9.0018825531,
        "dvar2": 21.5632514954,
        "max": 34.5043487549,
        "mean": 15.1582307816,
        "median": 14.2853040695,
        "min": 3.27858066559,
        "stdev": 5.49920034409,
        "var": 30.2412052155
    },
    "melbands_flatness_db": {
        "dmean": 0.0297418739647,
        "dmean2": 0.0418584868312,
        "dvar": 0.000948960019741,
        "dvar2": 0.00192451034673,
        "max": 0.546892523766,
        "mean": 0.272267609835,
        "median": 0.271747887135,
        "min": 0.00724156433716,
        "stdev": 0.0901301130652,
        "var": 0.00812343787402
    },
    "melbands_kurtosis": {
        "dmean": 7.71000099182,
        "dmean2": 11.9869918823,
        "dvar": 167.923812866,
        "dvar2": 387.59753418,
        "max": 158.77355957,
        "mean": 14.8460350037,
        "median": 8.5671415329,
        "min": -1.22351336479,
        "stdev": 19.3379917145,
        "var": 373.957946777
    },
    "melbands_skewness": {
        "dmean": 0.733544647694,
        "dmean2": 1.10016036034,
        "dvar": 0.676131188869,
        "dvar2": 1.53164076805,
        "max": 10.3723211288,
        "mean": 2.45207190514,
        "median": 2.17574048042,
        "min": -1.75907719135,
        "stdev": 1.74130952358,
        "var": 3.03215885162
    },
    "melbands_spread": {
        "dmean": 3.74351930618,
        "dmean2": 5.65533256531,
        "dvar": 36.7739868164,
        "dvar2": 60.8678283691,
        "max": 148.132522583,
        "mean": 13.3927183151,
        "median": 9.1620016098,
        "min": 0.804563105106,
        "stdev": 11.627664566,
        "var": 135.202590942
    },
    "pitch_salience": {
        "dmean": 0.0745429694653,
        "dmean2": 0.118942283094,
        "dvar": 0.00463757477701,
        "dvar2": 0.0116727016866,
        "max": 0.874144494534,
        "mean": 0.522016763687,
        "median": 0.533124864101,
        "min": 0.175461441278,
        "stdev": 0.11720713973,
        "var": 0.0137375127524
    },
    "silence_rate_20dB": {
        "dmean": 0,
        "dmean2": 0,
        "dvar": 0,
        "dvar2": 0,
        "max": 1,
        "mean": 1,
        "median": 1,
        "min": 1,
        "stdev": 0,
        "var": 0
    },
    "silence_rate_30dB": {
        "dmean": 0.0232198145241,
        "dmean2": 0.0464756004512,
        "dvar": 0.022680953145,
        "dvar2": 0.0474133715034,
        "max": 1,
        "mean": 0.964423835278,
        "median": 1,
        "min": 0,
        "stdev": 0.185232505202,
        "var": 0.0343110784888
    },
    "silence_rate_60dB": {
        "dmean": 0.0170278642327,
        "dmean2": 0.0333075150847,
        "dvar": 0.0167378913611,
        "dvar2": 0.0337473973632,
        "max": 1,
        "mean": 0.0533642694354,
        "median": 0,
        "min": 0,
        "stdev": 0.224759459496,
        "var": 0.0505168177187
    },
    "spectral_centroid": {
        "dmean": 151.457748413,
        "dmean2": 219.241546631,
        "dvar": 117948.789062,
        "dvar2": 156829.546875,
        "max": 10873.8076172,
        "mean": 812.05682373,
        "median": 636.576599121,
        "min": 178.314117432,
        "stdev": 519.516479492,
        "var": 269897.375
    },
    "spectral_complexity": {
        "dmean": 2.89473676682,
        "dmean2": 4.43996906281,
        "dvar": 12.3109312057,
        "dvar2": 25.8095626831,
        "max": 47,
        "mean": 15.9303941727,
        "median": 14,
        "min": 0,
        "stdev": 9.03126525879,
        "var": 81.5637435913
    },
    "spectral_decrease": {
        "dmean": 3.27614957385e-09,
        "dmean2": 5.20784437796e-09,
        "dvar": 2.16754242277e-17,
        "dvar2": 5.7763114053e-17,
        "max": -4.83220547594e-29,
        "mean": -1.10116609164e-08,
        "median": -1.02118171696e-08,
        "min": -4.99508701068e-08,
        "stdev": 7.92663623628e-09,
        "var": 6.2831560686e-17
    },
    "spectral_energy": {
        "dmean": 0.0126102967188,
        "dmean2": 0.0200708284974,
        "dvar": 0.000316499383189,
        "dvar2": 0.00084136670921,
        "max": 0.191653206944,
        "mean": 0.0433674193919,
        "median": 0.0404067710042,
        "min": 1.10321021751e-20,
        "stdev": 0.0307314656675,
        "var": 0.000944423023611
    },
    "spectral_energyband_high": {
        "dmean": 0.000260774919298,
        "dmean2": 0.000383801059797,
        "dvar": 4.76582300735e-07,
        "dvar2": 1.11304427719e-06,
        "max": 0.0103945629671,
        "mean": 0.000581140513532,
        "median": 0.000131175824208,
        "min": 7.8918878863e-21,
        "stdev": 0.00103042379487,
        "var": 1.06177310499e-06
    },
    "spectral_energyband_low": {
        "dmean": 0.0101127866656,
        "dmean2": 0.0164349172264,
        "dvar": 0.000296800775686,
        "dvar2": 0.000778813031502,
        "max": 0.169019892812,
        "mean": 0.0227721575648,
        "median": 0.016815373674,
        "min": 1.89376132474e-22,
        "stdev": 0.0255744140595,
        "var": 0.000654050614685
    },
    "spectral_energyband_middle_high": {
        "dmean": 0.00163602258544,
        "dmean2": 0.00244480976835,
        "dvar": 6.08411210123e-06,
        "dvar2": 1.27526254801e-05,
        "max": 0.0444861240685,
        "mean": 0.00509593635798,
        "median": 0.00174872961361,
        "min": 1.66546656912e-21,
        "stdev": 0.0067511247471,
        "var": 4.55776862509e-05
    },
    "spectral_energyband_middle_low": {
        "dmean": 0.00623113382608,
        "dmean2": 0.00994613487273,
        "dvar": 0.00011160079157,
        "dvar2": 0.000296475627692,
        "max": 0.127513945103,
        "mean": 0.0160818677396,
        "median": 0.0138544179499,
        "min": 2.62199012835e-22,
        "stdev": 0.0120040811598,
        "var": 0.000144097954035
    },
    "spectral_entropy": {
        "dmean": 0.189111039042,
        "dmean2": 0.267923980951,
        "dvar": 0.0485186316073,
        "dvar2": 0.0854535773396,
        "max": 9.80211639404,
        "mean": 7.12400436401,
        "median": 7.29255390167,
        "min": 5.07223796844,
        "stdev": 0.718302130699,
        "var": 0.515957951546
    },
    "spectral_flux": {
        "dmean": 0.0275897514075,
        "dmean2": 0.0433955602348,
        "dvar": 0.00108050124254,
        "dvar2": 0.00229573016986,
        "max": 0.399731844664,
        "mean": 0.0959838703275,
        "median": 0.0901588648558,
        "min": 1.05033814979e-10,
        "stdev": 0.057562597096,
        "var": 0.00331345247105
    },
    "spectral_kurtosis": {
        "dmean": 4.16531896591,
        "dmean2": 6.82527780533,
        "dvar": 53.5476837158,
        "dvar2": 137.047134399,
        "max": 89.7236175537,
        "mean": 10.3793830872,
        "median": 5.92028045654,
        "min": -1.21285951138,
        "stdev": 12.2417602539,
        "var": 149.860687256
    },
    "spectral_rms": {
        "dmean": 0.000883358006831,
        "dmean2": 0.00135760486592,
        "dvar": 1.1238771549e-06,
        "dvar2": 2.77673461824e-06,
        "max": 0.0136740170419,
        "mean": 0.00604014238343,
        "median": 0.00627863360569,
        "min": 3.28070513464e-12,
        "stdev": 0.00241379160434,
        "var": 5.82638949709e-06
    },
    "spectral_rolloff": {
        "dmean": 233.881072998,
        "dmean2": 374.319824219,
        "dvar": 494133.40625,
        "dvar2": 748843.9375,
        "max": 18970.7519531,
        "mean": 779.673706055,
        "median": 516.796875,
        "min": 64.599609375,
        "stdev": 967.983215332,
        "var": 936991.5
    },
    "spectral_skewness": {
        "dmean": 0.389814406633,
        "dmean2": 0.607189118862,
        "dvar": 0.259178638458,
        "dvar2": 0.620201766491,
        "max": 7.7471780777,
        "mean": 2.33508872986,
        "median": 2.00849509239,
        "min": -0.020912097767,
        "stdev": 1.13200259209,
        "var": 1.28142976761
    },
    "spectral_spread": {
        "dmean": 621404.8125,
        "dmean2": 833685.6875,
        "dvar": 1.2435956695e+12,
        "dvar2": 1.19384991334e+12,
        "max": 40189584,
        "mean": 4167633,
        "median": 3962928,
        "min": 784180,
        "stdev": 2213645.75,
        "var": 4.9002273833e+12
    },
    "spectral_strongpeak": {
        "dmean": 0.409841537476,
        "dmean2": 0.714716851711,
        "dvar": 0.518468677998,
        "dvar2": 1.36342406273,
        "max": 7.09948921204,
        "mean": 0.755098640919,
        "median": 0.514247298241,
        "min": 0,
        "stdev": 0.836979150772,
        "var": 0.700534105301
    },
    "zerocrossingrate": {
        "dmean": 0.0070819677785,
        "dmean2": 0.00836167484522,
        "dvar": 0.000271512370091,
        "dvar2": 0.000289121700916,
        "max": 0.49267578125,
        "mean": 0.0367408022285,
        "median": 0.02783203125,
        "min": 0.0009765625,
        "stdev": 0.0291834939271,
        "var": 0.000851676275488
    },
    "barkbands": {
        "dmean": [0.00089902698528, 0.00820854585618, 0.00270716589876, 0.00191885291133, 0.00228998507373, 0.00160191068426, 0.00120455119759, 0.00145083793905, 0.00133269233629, 0.000509783974849, 0.000253075035289, 0.000429247913416, 0.000558342086151, 0.000411870074458, 0.000233117709286, 0.000206808123039, 0.000220103873289, 8.23063892312e-05, 9.22047547647e-05, 7.15663554729e-05, 4.82567047584e-05, 6.99607699062e-05, 5.35734397999e-05, 5.51744378754e-05, 5.26713010913e-05, 1.70446182892e-05, 1.17625131679e-06],
        "dmean2": [0.00130799063481, 0.0132915563881, 0.00458746170625, 0.00334991631098, 0.00384906120598, 0.00258637778461, 0.0019132256275, 0.0023734329734, 0.00209846883081, 0.000823969370686, 0.000403057929361, 0.000654800329357, 0.000895752804354, 0.000653273542412, 0.000374944909709, 0.000316708174068, 0.00033695701859, 0.000132633926114, 0.000137653725687, 0.000115351307613, 7.83160576248e-05, 0.000108003376226, 8.61622756929e-05, 8.16592873889e-05, 8.03652364993e-05, 2.33236787608e-05, 1.93747564481e-06],
        "dvar": [4.1057337512e-06, 0.000211300517549, 3.47587592842e-05, 2.49596814683e-05, 3.01847121591e-05, 7.40059203963e-06, 3.35631830239e-06, 8.60133150127e-06, 9.07502453629e-06, 1.40309168728e-06, 5.01519991758e-07, 1.11169265438e-06, 1.45386161421e-06, 8.00760915354e-07, 3.76311390937e-07, 2.65675055289e-07, 2.04317501584e-07, 8.32346955804e-08, 6.12311907844e-08, 4.00106578979e-08, 1.31388295799e-08, 2.32592611837e-08, 3.63011025684e-08, 2.64192134836e-08, 3.07725684934e-08, 5.36881428204e-09, 2.70213903336e-11],
        "dvar2": [8.59518513607e-06, 0.000558274914511, 9.52771733864e-05, 6.95531925885e-05, 8.21327193989e-05, 1.93696632778e-05, 7.89004116086e-06, 2.24378673011e-05, 2.38659777096e-05, 3.42229918715e-06, 1.22359051602e-06, 2.61345303443e-06, 3.85656403523e-06, 1.93964501705e-06, 8.65180481924e-07, 5.67440906707e-07, 4.70123154628e-07, 2.15442625517e-07, 1.08864121273e-07, 9.45326306123e-08, 3.50476199173e-08, 5.58554980046e-08, 1.01025925403e-07, 5.33781907563e-08, 6.7052177144e-08, 1.0140493778e-08, 5.49891451818e-11],
        "max": [0.0303033683449, 0.152868941426, 0.0722803473473, 0.0485142804682, 0.0684441775084, 0.0310790445656, 0.0196797270328, 0.0366336256266, 0.0412151776254, 0.0199074279517, 0.0138003518805, 0.0234231371433, 0.0180456601083, 0.0130361719057, 0.00841850973666, 0.0075350725092, 0.00540189538151, 0.00726744998246, 0.00650087464601, 0.00370986294001, 0.00167790974956, 0.00196377676912, 0.00299550942145, 0.00341041409411, 0.00352643453516, 0.00166983320378, 0.000121941659017],
        "mean": [0.00150217139162, 0.0158067718148, 0.00435946974903, 0.00245497282594, 0.00404353020713, 0.00291312066838, 0.00228250119835, 0.00212162570097, 0.00212665251456, 0.000852782162838, 0.000374974537408, 0.00074893492274, 0.000993828638457, 0.000697153504007, 0.000370245048543, 0.000356813485269, 0.000418950221501, 0.000132493398269, 0.000162561438628, 0.000111297544208, 9.13536568987e-05, 0.000139039446367, 8.95586490515e-05, 0.000100996730907, 9.0348192316e-05, 2.41562338488e-05, 1.16595742838e-06],
        "median": [0.000405494240113, 0.00889821909368, 0.00225226371549, 0.00121803220827, 0.00220994115807, 0.00180993997492, 0.00146686390508, 0.000758604612201, 0.000594723620452, 0.000209818055737, 0.000113582267659, 0.000184552220162, 0.000170203711605, 0.000113238995255, 9.12154791877e-05, 7.37084556022e-05, 7.47523663449e-05, 3.70855632355e-05, 3.2722895412e-05, 2.59132666542e-05, 2.25145431614e-05, 2.47517418757e-05, 1.60239414981e-05, 1.66059307958e-05, 1.23409008665e-05, 2.77548201666e-06, 7.13794392482e-08],
        "min": [2.47332210424e-24, 1.20033756914e-22, 6.3366142047e-23, 5.40531199904e-24, 7.07858080009e-23, 3.57021027654e-23, 2.01863731184e-23, 7.46282800505e-23, 5.05726988087e-23, 6.44156299735e-23, 8.9719599375e-23, 8.85962803787e-23, 1.56416097594e-22, 9.28061091746e-23, 2.01933523286e-22, 1.9681536849e-22, 2.93877243408e-22, 1.82412598518e-22, 1.99870784548e-22, 3.33818571082e-22, 4.91917807547e-22, 4.73167909116e-22, 6.5759414767e-22, 1.10057925405e-21, 9.19622084974e-22, 1.93847110833e-21, 2.33055108361e-21],
        "stdev": [0.00348990294151, 0.0208807885647, 0.00611597206444, 0.00443305401132, 0.00601209886372, 0.00335548864678, 0.00259097805247, 0.00378877716139, 0.00396987423301, 0.00191365124192, 0.000946992135141, 0.00163386273198, 0.00192437076475, 0.00161245150957, 0.000810813857242, 0.000773659150582, 0.000738870003261, 0.000293941557175, 0.000381715421099, 0.000234163322602, 0.000145769954543, 0.000226802410907, 0.000200522088562, 0.000248922646279, 0.000236462845351, 9.92205896182e-05, 5.72789258513e-06],
        "var": [1.21794219012e-05, 0.000436007336248, 3.74051160179e-05, 1.96519667952e-05, 3.61453348887e-05, 1.12593033919e-05, 6.71316774969e-06, 1.43548331835e-05, 1.57599006343e-05, 3.66206108993e-06, 8.96794119853e-07, 2.66950723926e-06, 3.70320299226e-06, 2.60000001617e-06, 6.57419093386e-07, 5.98548524522e-07, 5.459288559e-07, 8.64016342916e-08, 1.45706664512e-07, 5.48324621263e-08, 2.12488817652e-08, 5.1439336346e-08, 4.02091089313e-08, 6.1962481368e-08, 5.59146755563e-08, 9.84472592336e-09, 3.28087522428e-11]
    },
    "erbbands": {
        "dmean": [0.315537661314, 1.69588315487, 3.19350552559, 4.44637441635, 8.07569980621, 7.56178188324, 10.6463832855, 13.647734642, 17.5035076141, 18.8613319397, 34.706363678, 31.6031131744, 15.8828363419, 16.4536743164, 12.1058330536, 16.6664714813, 21.6365203857, 20.9380130768, 14.119884491, 10.2960109711, 12.2464427948, 10.8379955292, 5.36984491348, 3.80602383614, 4.9614739418, 3.1722445488, 1.96053636074, 2.07087182999, 2.72249364853, 1.84397959709, 1.43138635159, 1.12170052528, 0.998589754105, 0.72612708807, 0.309455126524, 0.0884028598666, 0.0317688621581, 0.00464610103518, 0.000125038786791, 1.60432464327e-05],
        "dmean2": [0.505213975906, 2.84368276596, 5.35660076141, 7.68696451187, 13.9377756119, 12.577208519, 17.1500053406, 22.1128940582, 27.6889076233, 29.5250167847, 56.0776824951, 50.4792861938, 25.5615406036, 26.6568126678, 19.0179309845, 25.6669845581, 35.2550849915, 33.1796798706, 22.4362812042, 16.1022624969, 18.4862289429, 16.4757499695, 8.45503234863, 6.06474924088, 7.40081739426, 4.99626398087, 3.20270204544, 3.23203420639, 4.23667144775, 2.9141626358, 2.27074217796, 1.64745116234, 1.52919781208, 1.12250602245, 0.469378352165, 0.121586084366, 0.0450725480914, 0.00672247167677, 0.000191306156921, 2.51622586802e-05],
        "dvar": [0.435446619987, 9.51152229309, 41.0324745178, 126.736297607, 494.54107666, 315.482147217, 330.992126465, 684.234436035, 862.650634766, 989.660583496, 5447.89648438, 5693.59228516, 1440.23181152, 1682.34558105, 771.475158691, 1373.64172363, 2329.03442383, 2522.75415039, 1059.07788086, 1002.70635986, 911.541503906, 576.951049805, 367.307830811, 64.4442138672, 211.019470215, 96.4649963379, 31.893579483, 19.0169258118, 32.4631233215, 33.9537506104, 22.8216629028, 8.09435367584, 11.1917953491, 5.66614198685, 1.1159260273, 0.117371149361, 0.020700648427, 0.000501834321767, 2.97724199072e-07, 6.10746231366e-10],
        "dvar2": [1.07352769375, 25.5192432404, 108.694564819, 353.562774658, 1407.31884766, 812.292236328, 894.6328125, 1791.50964355, 2112.59448242, 2343.76220703, 13925.2285156, 14445.5195312, 3578.04492188, 4206.90185547, 1969.13476562, 3367.53295898, 6359.72021484, 6312.05566406, 2543.91650391, 2090.65258789, 1890.88708496, 1331.67980957, 968.289672852, 149.8384552, 359.894256592, 234.43560791, 87.1257476807, 47.0605354309, 75.8241119385, 94.1460342407, 61.6091918945, 17.8944816589, 23.867609024, 13.0352106094, 2.2745141983, 0.208361923695, 0.0427846238017, 0.000903927779291, 5.93910954194e-07, 1.47273437889e-09],
        "max": [7.13591384888, 32.9830322266, 70.8315811157, 135.018218994, 246.971328735, 227.976318359, 272.175292969, 326.22052002, 280.537231445, 606.065856934, 994.737976074, 1174.25610352, 446.548248291, 704.088439941, 421.761169434, 696.501037598, 852.208984375, 895.81652832, 543.768554688, 506.595977783, 471.633880615, 332.890991211, 477.10055542, 132.677978516, 419.260375977, 219.940444946, 95.8985595703, 48.51927948, 82.0170288086, 88.1593017578, 72.471282959, 68.8520812988, 59.9754753113, 50.5865859985, 17.8899059296, 7.32208585739, 2.82547831535, 0.695368349552, 0.0151289887726, 0.000497693195939],
        "mean": [0.516906499863, 3.21132946014, 5.7659163475, 6.69445514679, 10.8697090149, 13.6391353607, 19.5737953186, 22.9337272644, 30.6630935669, 35.543964386, 54.3552284241, 51.5143089294, 26.7733135223, 28.8882656097, 21.1351776123, 30.6225013733, 39.9412536621, 42.2758293152, 25.366727829, 16.9302921295, 23.5537643433, 21.0855484009, 9.9470205307, 7.06493711472, 8.71200656891, 5.17563724518, 3.50137495995, 4.17109394073, 5.35986566544, 3.26768016815, 2.46403980255, 2.18717908859, 1.62205290794, 1.19090723991, 0.528997957706, 0.134770169854, 0.042132075876, 0.00601932033896, 0.000173089763848, 5.51711927983e-05],
        "median": [0.266069680452, 1.69303774834, 4.12673616409, 4.02707195282, 6.57555341721, 5.99963712692, 11.3991041183, 12.7673435211, 17.1004390717, 21.8536567688, 20.1939640045, 16.3663272858, 7.86167621613, 7.59095191956, 6.4104552269, 8.43913078308, 7.89385986328, 7.3570933342, 5.59935903549, 3.88271427155, 4.63035535812, 4.07611083984, 2.20268368721, 1.66378390789, 1.71594178677, 1.22351360321, 0.977934360504, 0.927629232407, 0.915954470634, 0.654667079449, 0.456844508648, 0.387139797211, 0.243332758546, 0.163354486227, 0.0744745209813, 0.0175461061299, 0.004222556483, 0.000597049016505, 4.37480011897e-05, 5.07865624968e-05],
        "min": [2.48685025308e-21, 3.0485321423e-20, 7.58932072786e-20, 4.53187733005e-20, 1.06972722262e-19, 3.3258786931e-19, 2.33413618455e-19, 2.38697751606e-19, 2.88551177492e-19, 6.49739204222e-19, 1.67690241379e-18, 1.40104440034e-18, 1.40636399886e-18, 2.61354145865e-18, 3.51019138739e-18, 4.80342334143e-18, 5.92418110673e-18, 6.74232146237e-18, 4.807119598e-18, 1.10347035224e-17, 1.4051846461e-17, 1.34486200362e-17, 1.253071839e-17, 8.04810588221e-18, 1.09270161872e-17, 1.95406861337e-17, 1.53310895501e-17, 2.14161080688e-17, 1.75530058633e-17, 1.83376644293e-17, 1.97819796815e-17, 1.77090898818e-17, 1.98371278129e-17, 1.02678582909e-17, 7.49589334016e-18, 5.1645865269e-18, 4.41097866675e-18, 1.43603465724e-18, 2.69941500715e-19, 3.7744774801e-20],
        "stdev": [0.919810056686, 4.11580991745, 7.12907457352, 10.1370172501, 18.9686393738, 22.9166984558, 24.5543708801, 30.7931613922, 36.8642616272, 47.1442756653, 98.0017318726, 95.6110153198, 53.9560394287, 65.4236450195, 40.6446685791, 58.428565979, 74.1088562012, 95.1097335815, 51.8440132141, 41.303981781, 47.1568450928, 37.9087295532, 20.9843902588, 11.4239311218, 22.6885375977, 10.892786026, 6.19219923019, 6.59949159622, 8.75095558167, 6.46602869034, 5.35059261322, 4.52791309357, 4.62391090393, 3.14725995064, 1.4253256321, 0.503438293934, 0.181604862213, 0.0277674309909, 0.000642034050543, 4.15479335061e-05],
        "var": [0.846050560474, 16.9398918152, 50.8237037659, 102.759109497, 359.809295654, 525.175109863, 602.917114258, 948.21875, 1358.97387695, 2222.58276367, 9604.33886719, 9141.46679688, 2911.25415039, 4280.25341797, 1651.98913574, 3413.8972168, 5492.12304688, 9045.86132812, 2687.80151367, 1706.0189209, 2223.76806641, 1437.07177734, 440.34463501, 130.506210327, 514.769714355, 118.652778625, 38.343334198, 43.5532875061, 76.5792236328, 41.8095245361, 28.6288394928, 20.5019989014, 21.3805503845, 9.90524578094, 2.03155326843, 0.253450125456, 0.0329803265631, 0.000771030201577, 4.12207754152e-07, 1.72623082495e-09]
    },
    "gfcc": {
        "mean": [-19.3318824768, 126.249687195, -98.1273117065, 22.9975662231, -59.8566856384, 13.8638792038, -37.3813095093, 8.76565933228, -13.351524353, 6.82615089417, -10.6626491547, -2.99038410187, -11.1965761185],
        "cov": [[10448.8691406, -2466.40063477, -836.508117676, 1468.17687988, 204.782562256, 1512.109375, -200.795913696, 575.850952148, -290.634307861, -29.1743297577, -288.130767822, 353.843994141, 129.011138916], [-2466.40063477, 1607.9675293, 53.2128181458, -409.661529541, 241.559692383, -447.1875, 156.394073486, -235.358535767, 194.542648315, -146.802032471, 141.528030396, -104.475837708, 33.5303382874], [-836.508117676, 53.2128181458, 769.020629883, 139.45854187, 12.1223087311, -99.014541626, 8.97388362885, -12.0431146622, -7.93926334381, 87.6227340698, 7.97098827362, -17.781829834, 10.3694934845], [1468.17687988, -409.661529541, 139.45854187, 615.795959473, 158.618713379, 224.60395813, -4.49481582642, 89.8753051758, 14.7912302017, 41.7069168091, -3.67042684555, 38.0711936951, 93.5442123413], [204.782562256, 241.559692383, 12.1223087311, 158.618713379, 327.033538818, 73.3692398071, 29.8954982758, 2.16746258736, 91.8254394531, -20.3479557037, 28.6741542816, 29.0933055878, 65.5223007202], [1512.109375, -447.1875, -99.014541626, 224.60395813, 73.3692398071, 396.504516602, 39.3228263855, 132.427017212, -55.1949691772, -8.03732776642, -26.8706741333, 76.4331512451, 31.4294872284], [-200.795913696, 156.394073486, 8.97388362885, -4.49481582642, 29.8954982758, 39.3228263855, 212.083618164, 65.3261489868, 37.2451095581, -11.3839406967, 57.8175354004, 3.55206012726, 13.1083726883], [575.850952148, -235.358535767, -12.0431146622, 89.8753051758, 2.16746258736, 132.427017212, 65.3261489868, 157.338607788, 12.6303110123, 30.9469928741, 1.43726658821, 33.6103935242, 9.76630306244], [-290.634307861, 194.542648315, -7.93926334381, 14.7912302017, 91.8254394531, -55.1949691772, 37.2451095581, 12.6303110123, 141.802078247, 30.96616745, 40.5794410706, -18.8721656799, 20.5991210938], [-29.1743297577, -146.802032471, 87.6227340698, 41.7069168091, -20.3479557037, -8.03732776642, -11.3839406967, 30.9469928741, 30.96616745, 114.621917725, 16.1035823822, -9.078789711, -8.88819694519], [-288.130767822, 141.528030396, 7.97098827362, -3.67042684555, 28.6741542816, -26.8706741333, 57.8175354004, 1.43726658821, 40.5794410706, 16.1035823822, 112.930282593, 17.8505535126, 28.2310943604], [353.843994141, -104.475837708, -17.781829834, 38.0711936951, 29.0933055878, 76.4331512451, 3.55206012726, 33.6103935242, -18.8721656799, -9.078789711, 17.8505535126, 97.8062210083, 34.6975402832], [129.011138916, 33.5303382874, 10.3694934845, 93.5442123413, 65.5223007202, 31.4294872284, 13.1083726883, 9.76630306244, 20.5991210938, -8.88819694519, 28.2310943604, 34.6975402832, 96.9595031738]],
        "icov": [[0.000474670465337, -0.000290132069495, 0.000568979536183, -0.0010501696961, 0.000356750970241, -0.00105670769699, 0.000707740429789, -0.00078701833263, 0.000444441888249, -0.000274911930319, 0.000692979723681, -0.000781522830948, 0.000464400538476], [-0.000290132069495, 0.00418260507286, -0.0010490543209, 0.00280837877654, -0.00335337850265, 0.00293204607442, -0.00280863023363, 0.00314377015457, -0.00255021057092, 0.00472630793229, -0.0027010012418, 0.002960403217, -0.00157681724522], [0.000568979536183, -0.0010490543209, 0.00256462860852, -0.00224525923841, 0.000555331876967, -0.000567213748582, 0.000600405503064, -0.00132580415811, 0.00220091664232, -0.00275044050068, 0.00160765217151, -0.00150227814447, 0.000708359701093], [-0.0010501696961, 0.00280837877654, -0.00224525923841, 0.00648228637874, -0.00335416779853, 0.00201336294413, -0.00207930197939, 0.00246028020047, -0.0021120775491, 0.00233920360915, -0.00270992075093, 0.00424838950858, -0.00400852551684], [0.000356750970241, -0.00335337850265, 0.000555331876967, -0.00335416779853, 0.00841430295259, -0.00428730808198, 0.00225499109365, -0.000470765749924, -0.00285013834946, -0.00170635536779, 0.00242793560028, -0.00384073960595, 0.000424364698119], [-0.00105670769699, 0.00293204607442, -0.000567213748582, 0.00201336294413, -0.00428730808198, 0.00992162339389, -0.00379331596196, -0.000461698829895, 0.00146430917084, 0.00270155491307, -0.00165113341063, 0.00116390001494, -0.00124844710808], [0.000707740429789, -0.00280863023363, 0.000600405503064, -0.00207930197939, 0.00225499109365, -0.00379331596196, 0.0101066865027, -0.00662413612008, 0.000840594933834, -6.44990141154e-05, -0.00195056269877, -0.000469593767775, 0.00152951525524], [-0.00078701833263, 0.00314377015457, -0.00132580415811, 0.00246028020047, -0.000470765749924, -0.000461698829895, -0.00662413612008, 0.0161525309086, -0.00573562085629, 0.000270117394393, -0.000217030858039, -0.000468027195893, -0.00106148282066], [0.000444441888249, -0.00255021057092, 0.00220091664232, -0.0021120775491, -0.00285013834946, 0.00146430917084, 0.000840594933834, -0.00573562085629, 0.0163470637053, -0.00718654599041, -8.83709071786e-05, 0.00122804800048, -0.000537154031917], [-0.000274911930319, 0.00472630793229, -0.00275044050068, 0.00233920360915, -0.00170635536779, 0.00270155491307, -6.44990141154e-05, 0.000270117394393, -0.00718654599041, 0.0189565885812, -0.00618323031813, 0.00423530675471, 0.000576818478294], [0.000692979723681, -0.0027010012418, 0.00160765217151, -0.00270992075093, 0.00242793560028, -0.00165113341063, -0.00195056269877, -0.000217030858039, -8.83709071786e-05, -0.00618323031813, 0.0160468723625, -0.00639054598287, -0.00129882106557], [-0.000781522830948, 0.002960403217, -0.00150227814447, 0.00424838950858, -0.00384073960595, 0.00116390001494, -0.000469593767775, -0.000468027195893, 0.00122804800048, 0.00423530675471, -0.00639054598287, 0.0187324211001, -0.00630863429978], [0.000464400538476, -0.00157681724522, 0.000708359701093, -0.00400852551684, 0.000424364698119, -0.00124844710808, 0.00152951525524, -0.00106148282066, -0.000537154031917, 0.000576818478294, -0.00129882106557, -0.00630863429978, 0.0168533287942]]
    },
    "melbands": {
        "dmean": [0.00243780133314, 0.00166005897336, 0.000842741981614, 0.000549057207536, 0.000345898879459, 0.000305573106743, 0.000262160378043, 0.000221437294385, 0.000274573947536, 0.000192652296391, 8.18998523755e-05, 7.1811817179e-05, 3.93673071812e-05, 5.38265812793e-05, 4.12358313042e-05, 5.57082457817e-05, 3.84096965718e-05, 2.62085122813e-05, 1.71652609424e-05, 1.20979721032e-05, 1.68521764863e-05, 1.21205221149e-05, 9.11902952794e-06, 3.97011626774e-06, 3.16014074997e-06, 3.77800802198e-06, 3.56530927093e-06, 1.94501581063e-06, 1.28766498619e-06, 1.22251572066e-06, 1.34391518714e-06, 1.78752713964e-06, 1.21848802337e-06, 1.07933578875e-06, 9.09732307264e-07, 7.52009611915e-07, 6.95574271958e-07, 7.2691693731e-07, 7.67236599586e-07, 6.19930915491e-07],
        "dmean2": [0.00394221022725, 0.00274952827021, 0.00144257582724, 0.000931785441935, 0.000556249869987, 0.000489966769237, 0.000414802809246, 0.000351235765265, 0.000437982584117, 0.000309897994157, 0.000132097120513, 0.000116114555567, 6.22995721642e-05, 8.15684470581e-05, 6.60363293719e-05, 8.90030933078e-05, 6.12356670899e-05, 4.18170093326e-05, 2.76608425338e-05, 1.89324418898e-05, 2.56924813584e-05, 1.84111868293e-05, 1.41828986671e-05, 6.48309060125e-06, 5.13781833433e-06, 5.5728278312e-06, 5.56602299184e-06, 3.17020658258e-06, 2.1246517008e-06, 2.02939281735e-06, 2.08899268728e-06, 2.82810742647e-06, 1.86868544461e-06, 1.78547452379e-06, 1.50084792949e-06, 1.15904992981e-06, 1.05341223389e-06, 1.11089548227e-06, 1.18967284379e-06, 9.79458263828e-07],
        "dvar": [2.11806545849e-05, 9.4019324024e-06, 4.62247498945e-06, 1.92875745597e-06, 3.2081527479e-07, 3.15812485496e-07, 1.78413245067e-07, 1.28909405817e-07, 3.05366427256e-07, 2.10621649899e-07, 3.87682348446e-08, 3.29097211704e-08, 1.0556616914e-08, 2.08645438704e-08, 7.55523199558e-09, 1.75737682184e-08, 7.9142470355e-09, 4.33081170925e-09, 2.78140221965e-09, 1.29097466051e-09, 1.74889813742e-09, 6.5776900593e-10, 6.10581141203e-10, 1.46059261907e-10, 4.51648024535e-11, 1.64698879535e-10, 9.7469282645e-11, 3.58007443135e-11, 1.36763421768e-11, 9.97775473355e-12, 7.76866331681e-12, 1.38730485433e-11, 7.32212381005e-12, 1.57232161319e-11, 1.11298548502e-11, 3.29779476296e-12, 3.23524258598e-12, 5.64144867973e-12, 7.58012923263e-12, 3.7626377708e-12],
        "dvar2": [5.38165404578e-05, 2.43832910201e-05, 1.29158152049e-05, 5.33721276952e-06, 8.3654606442e-07, 8.15752912331e-07, 4.33768718722e-07, 3.23361746268e-07, 7.68271775087e-07, 5.55664655622e-07, 9.67684883335e-08, 8.18622467591e-08, 2.65294346491e-08, 4.95406773382e-08, 1.98907859073e-08, 4.82356590226e-08, 1.95055172014e-08, 1.04746762375e-08, 6.07810513031e-09, 2.63156962887e-09, 3.81309162023e-09, 1.53569856831e-09, 1.42990730367e-09, 3.99733746104e-10, 1.08132884591e-10, 2.61060367768e-10, 2.17599355201e-10, 9.13890352283e-11, 3.72104430602e-11, 2.69357123411e-11, 1.8839887983e-11, 3.37164983433e-11, 1.68752893603e-11, 4.52161745546e-11, 3.10489550737e-11, 8.01044647281e-12, 7.05679481863e-12, 1.23391219117e-11, 1.79814652751e-11, 8.9115780727e-12],
        "max": [0.0505125932395, 0.0303842835128, 0.0239510387182, 0.0179170779884, 0.00796767417341, 0.00697013316676, 0.00426449533552, 0.00585219124332, 0.00725715281442, 0.00647531822324, 0.00231414055452, 0.00311528868042, 0.00177453376818, 0.00347959925421, 0.00120341090951, 0.00211123819463, 0.00147297047079, 0.00120250065811, 0.000842031033244, 0.000624962849542, 0.000585265632253, 0.000402361212764, 0.000376284646336, 0.000276176433545, 0.000113454159873, 0.000384519837098, 0.000129357809783, 0.000127880179207, 6.32365627098e-05, 4.19860371039e-05, 3.70936395484e-05, 5.19707791682e-05, 3.591784116e-05, 5.97841826675e-05, 4.78917718283e-05, 3.39842190442e-05, 4.03480698878e-05, 4.76372915728e-05, 5.52642741241e-05, 4.25626967626e-05],
        "mean": [0.00451339548454, 0.00342168821953, 0.00129358493723, 0.000897021789569, 0.000652813178021, 0.000525366340298, 0.000477028312162, 0.000393803959014, 0.000437139271526, 0.000304186251014, 0.000129262378323, 0.000121513920021, 6.29534479231e-05, 9.05137057998e-05, 7.11191169103e-05, 0.000103743142972, 7.21586766304e-05, 4.34508292528e-05, 2.59634525719e-05, 1.90953414858e-05, 3.03095839627e-05, 2.22817470785e-05, 1.49759607666e-05, 6.52814196656e-06, 5.40629753232e-06, 6.35762626189e-06, 5.55769429411e-06, 2.93894277092e-06, 2.10504094866e-06, 2.08779874811e-06, 2.57489682554e-06, 3.3388457723e-06, 2.234952035e-06, 1.66709924088e-06, 1.39757014495e-06, 1.39087558182e-06, 1.30751936922e-06, 1.12522616291e-06, 1.08026426915e-06, 1.00073918929e-06],
        "median": [0.00259994855151, 0.00256751407869, 0.00086295302026, 0.00046428310452, 0.000383805949241, 0.000307972892188, 0.000278978637652, 0.000224156334298, 0.000165351520991, 8.47444316605e-05, 3.46304768755e-05, 2.89661838906e-05, 1.94905132958e-05, 2.08857854886e-05, 1.76696867129e-05, 1.63886161317e-05, 1.18385014503e-05, 8.54169411468e-06, 5.8225768953e-06, 4.40955318481e-06, 5.73456236452e-06, 4.59893499283e-06, 2.47651769314e-06, 1.6871238131e-06, 1.28531019072e-06, 1.23786321637e-06, 1.041075393e-06, 6.815961342e-07, 5.7545855725e-07, 5.12618669291e-07, 4.79440700474e-07, 5.48229422748e-07, 4.07819186421e-07, 3.22857943047e-07, 2.37908693634e-07, 2.53464548905e-07, 2.2454945281e-07, 1.63814902976e-07, 1.43304646372e-07, 1.24140996149e-07],
        "min": [2.89557611485e-23, 3.92323436687e-23, 8.99885346794e-24, 1.69959151174e-23, 8.83539675521e-24, 5.98966663104e-24, 4.37067477348e-24, 9.82946562543e-24, 1.13087730936e-23, 8.90951891473e-24, 7.40208697752e-24, 1.0549660922e-23, 1.33857215836e-23, 8.25399127971e-24, 1.57723634544e-23, 1.25848447491e-23, 1.2507010999e-23, 4.86771867492e-24, 1.87801496688e-23, 9.39360340922e-24, 1.9313111985e-23, 1.29628392848e-23, 1.66937056601e-23, 8.29379877871e-24, 5.51408290166e-24, 1.05881462901e-23, 6.26225160038e-24, 1.44047263471e-23, 9.00600764749e-24, 9.23194451049e-24, 1.31965487943e-23, 8.96651490399e-24, 1.02118130956e-23, 1.04000282078e-23, 1.07155812474e-23, 1.10475654707e-23, 1.13081159725e-23, 1.41753429508e-23, 1.1665376877e-23, 7.76928752941e-24],
        "stdev": [0.00665976805612, 0.00386143429205, 0.00191660784185, 0.00142660946585, 0.000797117536422, 0.000677069940139, 0.00054681947222, 0.000502847193275, 0.000753787520807, 0.000581249536481, 0.000276850070804, 0.000289720046567, 0.000140085292514, 0.000214953281102, 0.000128882878926, 0.000221666050493, 0.000161982694408, 0.000105520004581, 6.77573843859e-05, 4.63280230178e-05, 6.1293503677e-05, 3.87445943488e-05, 3.36909470207e-05, 1.26415543491e-05, 9.03742693481e-06, 1.97883910005e-05, 1.25954375108e-05, 6.34060097582e-06, 3.93016625821e-06, 3.6975088733e-06, 4.25905000156e-06, 5.56502936888e-06, 3.89023489333e-06, 3.85726116292e-06, 3.37054575539e-06, 2.66741653832e-06, 2.87830266643e-06, 3.24940629071e-06, 3.36879861607e-06, 2.54824135482e-06],
        "var": [4.43525095761e-05, 1.49106745084e-05, 3.67338543583e-06, 2.03521472031e-06, 6.35396361304e-07, 4.58423727423e-07, 2.99011560401e-07, 2.52855301142e-07, 5.68195616779e-07, 3.37850991627e-07, 7.66459677948e-08, 8.39377065631e-08, 1.96238900685e-08, 4.62049136729e-08, 1.6610796294e-08, 4.91358349564e-08, 2.62383945682e-08, 1.11344720111e-08, 4.59106352935e-09, 2.14628581574e-09, 3.75689346299e-09, 1.50114365383e-09, 1.13508002997e-09, 1.59808902223e-10, 8.16750903021e-11, 3.91580406989e-10, 1.58645041548e-10, 4.02032226954e-11, 1.54462085483e-11, 1.36715716872e-11, 1.81395072574e-11, 3.09695533107e-11, 1.51339288323e-11, 1.48784647797e-11, 1.13605791441e-11, 7.11511145141e-12, 8.28462558972e-12, 1.05586416346e-11, 1.13488047085e-11, 6.49353357543e-12]
    },
    "melbands128": {
