{
"lowlevel": {
    "average_loudness": 0.860851407051,
    "barkbands_crest": {
        "dmean": 1.95996999741,
        "dmean2": 3.02946400642,
        "dvar": 4.65767383575,
        "dvar2": 10.4411077499,
        "max": 26.6872997284,
        "mean": 14.5556554794,
        "median": 13.3807935715,
        "min": 3.9230093956,
        "stdev": 5.53321361542,
        "var": 30.6164531708
    },
    "barkbands_flatness_db": {
        "dmean": 0.0237705428153,
        "dmean2": 0.03483209759,
        "dvar": 0.000749873288441,
        "dvar2": 0.00148620340042,
        "max": 0.456999748945,
        "mean": 0.243173465133,
        "median": 0.234472692013,
        "min": 0.0718630850315,
        "stdev": 0.070856064558,
        "var": 0.00502058165148
    },
    "barkbands_kurtosis": {
        "dmean": 18.9406585693,
        "dmean2": 28.9673194885,
        "dvar": 2610.51953125,
        "dvar2": 6445.44873047,
        "max": 1204.93164062,
        "mean": 47.968208313,
        "median": 22.7230834961,
        "min": -1.91948914528,
        "stdev": 98.0563278198,
        "var": 9615.04394531
    },
    "barkbands_skewness": {
        "dmean": 0.949287950993,
        "dmean2": 1.42296826839,
        "dvar": 1.95431280136,
        "dvar2": 4.04858207703,
        "max": 27.4817085266,
        "mean": 4.52949142456,
        "median": 3.9616355896,
        "min": -2.7191798687,
        "stdev": 3.48071932793,
        "var": 12.1154069901
    },
    "barkbands_spread": {
        "dmean": 3.27305412292,
        "dmean2": 5.1856751442,
        "dvar": 74.1282958984,
        "dvar2": 183.060256958,
        "max": 98.4831542969,
        "mean": 8.82327747345,
        "median": 5.90478086472,
        "min": 0.153331115842,
        "stdev": 11.8480033875,
        "var": 140.375183105
    },
    "dissonance": {
        "dmean": 0.0261174142361,
        "dmean2": 0.0424952581525,
        "dvar": 0.000719735049643,
        "dvar2": 0.00181298563257,
        "max": 0.499600827694,
        "mean": 0.413112163544,
        "median": 0.421250879765,
        "min": 0.206793412566,
        "stdev": 0.0465385355055,
        "var": 0.00216583511792
    },
    "dynamic_complexity": 4.57568025589,
    "erbbands_crest": {
        "dmean": 2.30473303795,
        "dmean2": 3.40275335312,
        "dvar": 5.90756893158,
        "dvar2": 12.1413125992,
        "max": 30.9039039612,
        "mean": 14.0406732559,
        "median": 12.5469493866,
        "min": 3.7529630661,
        "stdev": 6.08980751038,
        "var": 37.0857582092
    },
    "erbbands_flatness_db": {
        "dmean": 0.0172255095094,
        "dmean2": 0.0240583736449,
        "dvar": 0.000406785518862,
        "dvar2": 0.000792751903646,
        "max": 0.363006532192,
        "mean": 0.193993091583,
        "median": 0.185714870691,
        "min": 0.0759068951011,
        "stdev": 0.0550332851708,
        "var": 0.00302866240963
    },
    "erbbands_kurtosis": {
        "dmean": 3.73419475555,
        "dmean2": 5.75849437714,
        "dvar": 58.0210571289,
        "dvar2": 148.391921997,
        "max": 149.537719727,
        "mean": 8.33495426178,
        "median": 4.1114730835,
        "min": -1.84291148186,
        "stdev": 14.5815353394,
        "var": 212.621185303
    },
    "erbbands_skewness": {
        "dmean": 0.518290400505,
        "dmean2": 0.763263761997,
        "dvar": 0.408983230591,
        "dvar2": 0.811326444149,
        "max": 10.0966157913,
        "mean": 2.0275747776,
        "median": 1.81611347198,
        "min": -2.99326086044,
        "stdev": 1.62243115902,
        "var": 2.63228273392
    },
    "erbbands_spread": {
        "dmean": 7.58215808868,
        "dmean2": 11.3496179581,
        "dvar": 131.072052002,
        "dvar2": 305.346862793,
        "max": 142.067810059,
        "mean": 32.2769088745,
        "median": 27.4122219086,
        "min": 1.71470403671,
        "stdev": 21.3549137115,
        "var": 456.032348633
    },
    "hfc": {
        "dmean": 2.1830034256,
        "dmean2": 3.09186196327,
        "dvar": 12.1692495346,
        "dvar2": 23.9989681244,
        "max": 49.6766853333,
        "mean": 8.78456115723,
        "median": 5.74878311157,
        "min": 1.2318026928e-16,
        "stdev": 8.55113887787,
        "var": 73.1219787598
    },
    "loudness_ebu128": {
        "integrated": -13.9554128647,
        "loudness_range": 4.02039718628,
        "momentary": {
            "dmean": 1.02658009529,
            "dmean2": 0.958133816719,
            "dvar": 1.26175391674,
            "dvar2": 1.54150593281,
            "max": -9.46732616425,
            "mean": -15.6110773087,
            "median": -14.4007415771,
            "min": -27.4615058899,
            "stdev": 4.04210567474,
            "var": 16.3386173248
        },
        "short_term": {
            "dmean": 0.1382894665,
            "dmean2": 0.106098644435,
            "dvar": 0.0154472878203,
            "dvar2": 0.012077961117,
            "max": -12.056728363,
            "mean": -14.4336738586,
            "median": -14.2946395874,
            "min": -17.5783805847,
            "stdev": 1.31720542908,
            "var": 1.73503017426
        }
    },
    "melbands_crest": {
        "dmean": 2.330691576,
        "dmean2": 3.60664629936,
        "dvar": 5.65485334396,
        "dvar2": 12.8995304108,
        "max": 31.3817996979,
        "mean": 18.3085041046,
        "median": 17.8114700317,
        "min": 1.74108982086,
        "stdev": 5.78776168823,
        "var": 33.4981842041
    },
    "melbands_flatness_db": {
        "dmean": 0.0255972109735,
        "dmean2": 0.0362337753177,
        "dvar": 0.00104163039941,
        "dvar2": 0.00196033716202,
        "max": 0.558408677578,
        "mean": 0.317892879248,
        "median": 0.309242784977,
        "min": 0.00798643287271,
        "stdev": 0.084805637598,
        "var": 0.00719199562445
    },
    "melbands_kurtosis": {
        "dmean": 20.6397914886,
        "dmean2": 31.6734924316,
        "dvar": 982.529418945,
        "dvar2": 2221.13964844,
        "max": 518.303771973,
        "mean": 62.3261566162,
        "median": 42.3937606812,
        "min": -1.82225239277,
        "stdev": 68.1062698364,
        "var": 4638.46435547
    },
    "melbands_skewness": {
        "dmean": 0.962827920914,
        "dmean2": 1.46114099026,
        "dvar": 1.27839994431,
        "dvar2": 2.82059240341,
        "max": 15.1192064285,
        "mean": 4.89406394958,
        "median": 4.55204677582,
        "min": -0.279336690903,
        "stdev": 2.77327013016,
        "var": 7.69102716446
    },
    "melbands_spread": {
        "dmean": 3.16059994698,
        "dmean2": 4.51701593399,
        "dvar": 133.388687134,
        "dvar2": 192.81060791,
        "max": 243.196746826,
        "mean": 9.03009414673,
        "median": 4.25628089905,
        "min": 0.313548862934,
        "stdev": 23.3518714905,
        "var": 545.309936523
    },
    "pitch_salience": {
        "dmean": 0.0639812797308,
        "dmean2": 0.0998842790723,
        "dvar": 0.00435585342348,
        "dvar2": 0.00967329461128,
        "max": 0.814230680466,
        "mean": 0.471922069788,
        "median": 0.484293520451,
        "min": 0.0686591565609,
        "stdev": 0.145251661539,
        "var": 0.0210980437696
    },
    "silence_rate_20dB": {
        "dmean": 0,
        "dmean2": 0,
        "dvar": 0,
        "dvar2": 0,
        "max": 1,
        "mean": 1,
        "median": 1,
        "min": 1,
        "stdev": 0,
        "var": 0
    },
    "silence_rate_30dB": {
        "dmean": 0.00154679035768,
        "dmean2": 0.0030959751457,
        "dvar": 0.00154439348262,
        "dvar2": 0.00463435286656,
        "max": 1,
        "mean": 0.99922722578,
        "median": 1,
        "min": 0,
        "stdev": 0.0277884807438,
        "var": 0.0007721997099
    },
    "silence_rate_60dB": {
        "dmean": 0.0502706877887,
        "dmean2": 0.0998452007771,
        "dvar": 0.0477425456047,
        "dvar2": 0.106904000044,
        "max": 1,
        "mean": 0.170788258314,
        "median": 0,
        "min": 0,
        "stdev": 0.376325815916,
        "var": 0.141621127725
    },
    "spectral_centroid": {
        "dmean": 112.076904297,
        "dmean2": 165.694671631,
        "dvar": 159352.03125,
        "dvar2": 219274.03125,
        "max": 10602.6201172,
        "mean": 531.307312012,
        "median": 388.105651855,
        "min": 178.466537476,
        "stdev": 632.145446777,
        "var": 399607.875
    },
    "spectral_complexity": {
        "dmean": 1.18870842457,
        "dmean2": 1.94969046116,
        "dvar": 1.96131122112,
        "dvar2": 3.97808980942,
        "max": 23,
        "mean": 7.03632164001,
        "median": 6,
        "min": 0,
        "stdev": 3.37887310982,
        "var": 11.4167842865
    },
    "spectral_decrease": {
        "dmean": 1.5968829592e-09,
        "dmean2": 2.3393464943e-09,
        "dvar": 5.67785954161e-18,
        "dvar2": 1.43744270476e-17,
        "max": -7.83531495953e-29,
        "mean": -5.41910827323e-09,
        "median": -3.93875954074e-09,
        "min": -3.25433049397e-08,
        "stdev": 5.21259213571e-09,
        "var": 2.71711146102e-17
    },
    "spectral_energy": {
        "dmean": 0.00618756748736,
        "dmean2": 0.0090559720993,
        "dvar": 8.47024493851e-05,
        "dvar2": 0.00021359443781,
        "max": 0.125215753913,
        "mean": 0.0212497152388,
        "median": 0.0153175480664,
        "min": 1.14685368834e-20,
        "stdev": 0.0202534645796,
        "var": 0.000410202861531
    },
    "spectral_energyband_high": {
        "dmean": 8.47587798489e-05,
        "dmean2": 0.000121782170027,
        "dvar": 8.3772754067e-08,
        "dvar2": 1.47253217619e-07,
        "max": 0.00615829881281,
        "mean": 0.000261253531789,
        "median": 7.31575710233e-05,
        "min": 8.63353931598e-21,
        "stdev": 0.00057957455283,
        "var": 3.35906634064e-07
    },
    "spectral_energyband_low": {
        "dmean": 0.00110952637624,
        "dmean2": 0.00182922906242,
        "dvar": 5.57994962946e-06,
        "dvar2": 1.39878366099e-05,
        "max": 0.026423022151,
        "mean": 0.00265505257994,
        "median": 0.00153195601888,
        "min": 6.1676572382e-23,
        "stdev": 0.00344967679121,
        "var": 1.19002697829e-05
    },
    "spectral_energyband_middle_high": {
        "dmean": 0.000372873182641,
        "dmean2": 0.000517530366778,
        "dvar": 1.14258091344e-06,
        "dvar2": 1.99488704311e-06,
        "max": 0.0228510573506,
        "mean": 0.000940135854762,
        "median": 0.000222281232709,
        "min": 1.62701266708e-21,
        "stdev": 0.0019935502205,
        "var": 3.97424219045e-06
    },
    "spectral_energyband_middle_low": {
        "dmean": 0.00568663468584,
        "dmean2": 0.00828882679343,
        "dvar": 7.67825476942e-05,
        "dvar2": 0.000199968999368,
        "max": 0.120493762195,
        "mean": 0.0183366537094,
        "median": 0.0117306616157,
        "min": 2.77240709654e-22,
        "stdev": 0.0192755684257,
        "var": 0.000371547503164
    },
    "spectral_entropy": {
        "dmean": 0.23695653677,
        "dmean2": 0.330261439085,
        "dvar": 0.0973513349891,
        "dvar2": 0.171873480082,
        "max": 9.80816555023,
        "mean": 6.60917949677,
        "median": 6.70117807388,
        "min": 4.36324596405,
        "stdev": 0.762510597706,
        "var": 0.581422388554
    },
    "spectral_flux": {
        "dmean": 0.0164470355958,
        "dmean2": 0.0252517163754,
        "dvar": 0.00044355969294,
        "dvar2": 0.00104599189945,
        "max": 0.206347584724,
        "mean": 0.0451139323413,
        "median": 0.038705971092,
        "min": 1.07091252532e-10,
        "stdev": 0.0344788134098,
        "var": 0.00118878856301
    },
    "spectral_kurtosis": {
        "dmean": 3.0353000164,
        "dmean2": 4.78986978531,
        "dvar": 39.8684387207,
        "dvar2": 100.340332031,
        "max": 109.391525269,
        "mean": 9.60787582397,
        "median": 5.60960912704,
        "min": -1.24878752232,
        "stdev": 13.6257505417,
        "var": 185.661087036
    },
    "spectral_rms": {
        "dmean": 0.000610871938989,
        "dmean2": 0.000869009410962,
        "dvar": 5.74505634177e-07,
        "dvar2": 1.25031954212e-06,
        "max": 0.0110526792705,
        "mean": 0.00401689624414,
        "median": 0.00386573933065,
        "min": 3.34496883317e-12,
        "stdev": 0.00214381958358,
        "var": 4.59596230939e-06
    },
    "spectral_rolloff": {
        "dmean": 246.157287598,
        "dmean2": 427.613342285,
        "dvar": 1422884.5,
        "dvar2": 3038140.75,
        "max": 18174.0234375,
        "mean": 689.243591309,
        "median": 344.53125,
        "min": 150.732421875,
        "stdev": 1619.2956543,
        "var": 2622118.25
    },
    "spectral_skewness": {
        "dmean": 0.31827005744,
        "dmean2": 0.474729508162,
        "dvar": 0.213930681348,
        "dvar2": 0.471364766359,
        "max": 8.64983463287,
        "mean": 2.44956493378,
        "median": 2.17396831512,
        "min": 0.0155005119741,
        "stdev": 1.15135776997,
        "var": 1.32562458515
    },
    "spectral_spread": {
        "dmean": 724183.4375,
        "dmean2": 1054336.75,
        "dvar": 2.29405229056e+12,
        "dvar2": 3.1184191488e+12,
        "max": 40968372,
        "mean": 5534799,
        "median": 5497699,
        "min": 667924.5,
        "stdev": 2269753.25,
        "var": 5.15177971712e+12
    },
    "spectral_strongpeak": {
        "dmean": 0.277940571308,
        "dmean2": 0.450998544693,
        "dvar": 0.17413328588,
        "dvar2": 0.427652001381,
        "max": 4.62866926193,
        "mean": 0.88705343008,
        "median": 0.641410112381,
        "min": 9.54822554355e-10,
        "stdev": 0.746867537498,
        "var": 0.557811141014
    },
    "zerocrossingrate": {
        "dmean": 0.00869654212147,
        "dmean2": 0.0102871637791,
        "dvar": 0.00046141029452,
        "dvar2": 0.000443041091785,
        "max": 0.51318359375,
        "mean": 0.0371244698763,
        "median": 0.026611328125,
        "min": 0.00390625,
        "stdev": 0.0447308495641,
        "var": 0.00200084876269
    },
    "barkbands": {
        "dmean": [3.83634727541e-07, 0.000179920272785, 0.000639841367956, 0.00115854432806, 0.0041818167083, 0.000797280925326, 0.000247900054092, 0.000329150090693, 0.000233231621678, 0.000196536653675, 5.2007726481e-05, 4.92533035867e-05, 4.8808822612e-05, 7.0026551839e-05, 2.17686629185e-05, 3.63256876881e-05, 3.26838635374e-05, 4.20293617935e-05, 6.82437439536e-06, 1.52385809997e-05, 1.18595362437e-05, 1.52644988702e-05, 2.0342242351e-05, 2.0085102733e-05, 2.65210019279e-05, 1.31740080178e-05, 4.60653353684e-07],
        "dmean2": [6.05606032877e-07, 0.000278631749097, 0.00107630179264, 0.00185774615966, 0.00624736538157, 0.00107838341501, 0.000346797052771, 0.00048023959971, 0.000308928370941, 0.000277423096122, 7.06938662915e-05, 7.08268926246e-05, 7.01771714375e-05, 0.000110501910967, 3.37762467097e-05, 5.36853731319e-05, 5.38357053301e-05, 7.11530228727e-05, 1.09449929369e-05, 2.39743530983e-05, 1.8545828425e-05, 2.34390154219e-05, 3.05578396365e-05, 3.00200154015e-05, 3.99696837121e-05, 2.07597950066e-05, 7.85488964539e-07],
        "dvar": [6.91030826311e-12, 3.37745547085e-07, 1.90135483535e-06, 7.36418132874e-06, 5.24076604052e-05, 4.36789150626e-06, 7.8605245335e-07, 1.7571250055e-06, 7.72422140471e-07, 7.66243772432e-07, 5.58916113391e-08, 2.68441784357e-08, 4.7187810992e-08, 8.57586499592e-08, 5.04518737898e-09, 1.1262282662e-08, 7.03511737754e-09, 7.98708299499e-09, 3.13924386486e-10, 4.91624074783e-09, 4.97177721215e-09, 2.33882313516e-09, 2.42482811608e-09, 2.93897395309e-09, 8.16286238603e-09, 1.53849311069e-09, 4.31130738748e-12],
        "dvar2": [5.63967535866e-12, 7.72294470153e-07, 5.31340310772e-06, 1.93885425688e-05, 0.000144574223668, 6.884990853e-06, 1.21381970075e-06, 4.35957235823e-06, 1.34002402774e-06, 1.38303801123e-06, 8.42509564336e-08, 5.25722470002e-08, 8.39857960955e-08, 1.8634510468e-07, 1.18893286327e-08, 2.27319087998e-08, 1.68704534786e-08, 2.17055564633e-08, 7.90311205368e-10, 1.20444916263e-08, 9.91065984834e-09, 4.38820757509e-09, 4.35845448621e-09, 5.18840881369e-09, 1.73107039814e-08, 3.93405663601e-09, 1.18436094265e-11],
        "max": [0.00010531902808, 0.0109242694452, 0.0173345953226, 0.0438431054354, 0.0842306315899, 0.0496184043586, 0.0237540155649, 0.0296457000077, 0.0195682905614, 0.0194302108139, 0.00742467818782, 0.00412635365501, 0.00550579559058, 0.00558536406606, 0.00144977809396, 0.00294445431791, 0.00162854592782, 0.00118911266327, 0.000265613809461, 0.00166881887708, 0.00178702839185, 0.000936220050789, 0.00114465295337, 0.00103744934313, 0.00173829426058, 0.000542291090824, 5.04069430463e-05],
        "mean": [3.96522636947e-07, 0.000229515702813, 0.00150664860848, 0.00218820548616, 0.011896439828, 0.00264711887576, 0.00053665577434, 0.000587455113418, 0.000446940626716, 0.000307492242428, 9.05060223886e-05, 9.84446814982e-05, 7.52031482989e-05, 0.000111108493002, 3.30367256538e-05, 6.59046709188e-05, 6.21968938503e-05, 8.1056576164e-05, 1.04475584521e-05, 2.40044773818e-05, 2.34582912526e-05, 3.43293431797e-05, 5.28206619492e-05, 5.21436086274e-05, 5.33908932994e-05, 3.4315224184e-05, 5.005729804e-07],
        "median": [1.52535193365e-07, 3.83631559089e-05, 0.000889057759196, 0.000824925722554, 0.00408353284001, 0.000459021423012, 8.71921511134e-05, 9.99859475996e-05, 3.48033609043e-05, 3.24176544382e-05, 6.82481368131e-06, 8.12261532701e-06, 4.89842977913e-06, 5.43562964594e-06, 5.28368127561e-06, 6.23343839834e-06, 1.02459489426e-05, 1.28941392177e-05, 4.28711518907e-06, 4.02739851779e-06, 2.79127266367e-06, 8.02916292741e-06, 1.07187970571e-05, 1.33278954308e-05, 1.32728973767e-05, 6.42129680273e-06, 2.6969019018e-08],
        "min": [1.77476916715e-23, 7.44945018627e-24, 2.85128536156e-23, 2.10442688192e-23, 8.70184812599e-24, 2.64936473772e-23, 5.67991463792e-23, 6.48201704675e-23, 8.26743836047e-23, 9.96977495039e-23, 1.61245109625e-23, 1.16972219296e-22, 1.76219270483e-22, 5.11407102149e-23, 1.76221744351e-22, 2.0023946658e-22, 1.78816629724e-22, 1.4602052645e-22, 3.24947331643e-22, 3.56223583942e-22, 2.59607686803e-22, 6.16793302397e-22, 9.0789817304e-22, 1.390751628e-21, 1.39510391876e-21, 1.63226251747e-21, 2.39035850372e-21],
        "stdev": [2.97941164717e-06, 0.000651048903819, 0.00193127058446, 0.00367910112254, 0.0157881751657, 0.00534783862531, 0.00161653826945, 0.00156071316451, 0.00146475236397, 0.00134395551868, 0.00044667563634, 0.00031806222978, 0.00030726735713, 0.000387641484849, 0.000101045799966, 0.000184955861187, 0.000130808955873, 0.000143244731589, 1.98791767616e-05, 7.5816991739e-05, 0.000104237507912, 8.78032515175e-05, 0.000108798150904, 0.000113383808639, 0.000151019819896, 6.57052078168e-05, 1.79961523372e-06],
        "var": [8.87689314416e-12, 4.23864690902e-07, 3.72980616703e-06, 1.35357859108e-05, 0.000249266449828, 2.85993792204e-05, 2.61319610217e-06, 2.43582553594e-06, 2.1454995931e-06, 1.80621645995e-06, 1.99519121225e-07, 1.01163585953e-07, 9.4413231011e-08, 1.50265918819e-07, 1.02102530875e-08, 3.42086678984e-08, 1.71109810765e-08, 2.05190548996e-08, 3.95181692925e-10, 5.74821612531e-09, 1.08654578668e-08, 7.70941088746e-09, 1.18370380164e-08, 1.2855888798e-08, 2.28069847452e-08, 4.3171746178e-09, 3.23861488842e-12]
    },
    "erbbands": {
        "dmean": [0.00111105293036, 0.0605677142739, 0.586947023869, 2.16342329979, 9.19866085052, 16.3778610229, 10.9549770355, 6.2085313797, 3.51021528244, 4.91012620926, 7.65055751801, 5.00155067444, 5.55806875229, 4.33410692215, 1.42726492882, 1.5185136795, 2.11920189857, 3.12316417694, 2.01463198662, 0.922995328903, 2.47221708298, 1.8445224762, 2.33894872665, 0.857670903206, 0.40399953723, 0.79344534874, 0.524333894253, 0.470823079348, 0.575314462185, 0.592380821705, 0.565783083439, 0.419364660978, 0.387732684612, 0.259270697832, 0.221329525113, 0.0836063027382, 0.024720042944, 0.00210514431819, 5.49661526748e-05, 7.90743888501e-06],
        "dmean2": [0.00167824979872, 0.0949452966452, 0.986891448498, 3.5360481739, 14.8062419891, 23.7065830231, 14.2654438019, 8.20813751221, 4.7284989357, 7.11426973343, 11.0003585815, 6.68568229675, 7.87154960632, 5.8519859314, 1.99726593494, 2.18285083771, 3.03136348724, 4.78912162781, 3.04433703423, 1.4080555439, 3.57434678078, 2.9365131855, 3.89044356346, 1.42774963379, 0.652464866638, 1.26908922195, 0.758511781693, 0.724311590195, 0.87571901083, 0.90804630518, 0.847836077213, 0.644639730453, 0.602484047413, 0.388807207346, 0.34551140666, 0.134493216872, 0.0400638021529, 0.00337411439978, 8.92547977855e-05, 1.16532619359e-05],
        "dvar": [1.14928407129e-05, 0.0337577313185, 1.78302276134, 23.7615966797, 462.17300415, 923.837402344, 520.545776367, 301.388641357, 70.1852645874, 596.017944336, 1009.67114258, 419.53692627, 613.576782227, 227.844009399, 17.2938842773, 21.417224884, 87.1234207153, 206.710235596, 61.5241317749, 8.53025150299, 51.6141319275, 17.149805069, 23.2581806183, 4.19199848175, 1.68411886692, 15.5631132126, 12.6750354767, 6.01213884354, 3.51069164276, 2.2526037693, 2.11533999443, 1.15960168839, 1.36527740955, 0.864581465721, 0.585175991058, 0.0688329562545, 0.00538499420509, 5.37299965799e-05, 5.95314872953e-08, 1.35748523533e-10],
        "dvar2": [2.60733468167e-05, 0.0788156464696, 4.8967628479, 61.1418647766, 1488.52612305, 1931.88122559, 856.8671875, 451.78604126, 133.08013916, 1006.94775391, 2545.96142578, 745.539306641, 1161.06164551, 400.219482422, 33.9632034302, 42.7832984924, 146.949829102, 446.68359375, 128.309616089, 20.7880191803, 103.524345398, 42.1127357483, 62.7855262756, 11.5442314148, 4.28454875946, 38.8645210266, 24.6189594269, 12.3873615265, 7.00408172607, 4.62006855011, 3.6083137989, 2.22981572151, 3.14219808578, 1.84772956371, 1.30870687962, 0.169751524925, 0.0147182755172, 0.000145054160384, 1.64072218922e-07, 3.41448702645e-10],
        "max": [0.0632437393069, 3.37437176704, 17.2305221558, 77.4788894653, 264.767303467, 408.143066406, 587.16796875, 534.002075195, 167.324890137, 631.721069336, 703.127319336, 524.678588867, 620.972961426, 345.486022949, 78.2703018188, 98.6689987183, 232.824951172, 313.55682373, 159.851287842, 71.1249160767, 201.907394409, 69.7325286865, 63.1814994812, 28.5889816284, 31.3803253174, 100.419570923, 101.898574829, 52.4142875671, 34.7310371399, 24.8927688599, 33.5076789856, 21.1580734253, 25.5521526337, 21.6614646912, 12.9893779755, 3.96578526497, 1.17574715614, 0.165098503232, 0.00601014029235, 0.000148500228534],
        "mean": [0.00169130088761, 0.0904114991426, 1.26879000664, 5.11301803589, 19.7732810974, 45.1271629333, 37.4279899597, 21.8398780823, 10.2898349762, 10.3452453613, 14.2620611191, 9.35703849792, 9.25040531158, 8.20167350769, 2.96293735504, 2.97338461876, 3.32123160362, 4.88084030151, 3.64207363129, 1.68502390385, 4.74901676178, 3.98858642578, 4.49205207825, 1.67451906204, 0.656464219093, 1.22335231304, 0.923037469387, 0.962293505669, 1.20314371586, 1.50721776485, 1.44928884506, 1.05004608631, 0.872137784958, 0.517893135548, 0.426142603159, 0.189660713077, 0.0599066615105, 0.0051976069808, 0.000128850748297, 2.92708264169e-05],
        "median": [0.000651713577099, 0.0325454846025, 0.758965075016, 2.50245261192, 6.59702205658, 11.1297559738, 9.62155914307, 4.66227436066, 3.15129566193, 2.14854812622, 2.28643202782, 0.980600833893, 1.37794017792, 0.875557899475, 0.422069013119, 0.266965210438, 0.229710429907, 0.254552304745, 0.328659623861, 0.355033576488, 0.424835205078, 0.673477768898, 0.71874576807, 0.419404625893, 0.2336140275, 0.195329144597, 0.125381618738, 0.143132179976, 0.285113334656, 0.278155446053, 0.337207078934, 0.295750647783, 0.17244002223, 0.137301251292, 0.0911990404129, 0.0364425852895, 0.010352646932, 0.000942780287005, 3.50052068825e-05, 2.24351151701e-05],
        "min": [5.28100244562e-22, 1.14709816706e-21, 2.28811162909e-20, 6.61190472902e-20, 2.98151338746e-20, 3.5284956148e-20, 5.805085038e-20, 2.45340942503e-19, 8.64236753032e-19, 7.08214411181e-19, 1.92110215724e-18, 1.69543942792e-18, 2.75608204899e-18, 1.70105526049e-18, 2.25508604893e-18, 4.51401228385e-18, 8.75070151399e-18, 3.6232764897e-18, 5.52206751786e-18, 1.31388549589e-17, 9.9094053627e-18, 9.14606572265e-18, 8.03140510565e-18, 1.0566429133e-17, 1.85282832384e-17, 1.66087825028e-17, 1.20207706414e-17, 1.43229350545e-17, 1.98364875751e-17, 2.33805048593e-17, 2.87093578753e-17, 2.74793700829e-17, 2.19520880185e-17, 1.64037955665e-17, 1.04253857396e-17, 6.13485408258e-18, 2.88240824496e-18, 1.34551866095e-18, 3.64597742763e-19, 3.36426665899e-20],
        "stdev": [0.00384875596501, 0.207809850574, 1.69248259068, 7.17458152771, 33.6214523315, 72.7126922607, 75.6747207642, 46.5490264893, 17.4388961792, 41.8054542542, 38.0742530823, 33.3950996399, 35.43151474, 29.4903888702, 7.7374329567, 8.35675239563, 13.1501531601, 17.5727367401, 12.7065591812, 4.2771115303, 12.9707689285, 7.4307975769, 7.68806886673, 3.11015725136, 1.4207252264, 4.1001791954, 4.44557523727, 4.15340280533, 3.33251667023, 2.97168302536, 3.1310737133, 2.1502404213, 2.06730532646, 1.66732287407, 1.13348340988, 0.390230387449, 0.120123811066, 0.0101381484419, 0.000260992412223, 2.67136874754e-05],
        "var": [1.48129229274e-05, 0.0431849360466, 2.86449718475, 51.4746170044, 1130.40209961, 5287.13525391, 5726.66308594, 2166.81176758, 304.115081787, 1747.69592285, 1449.64880371, 1115.23266602, 1255.39233398, 869.682983398, 59.8678703308, 69.8353118896, 172.926528931, 308.801086426, 161.45664978, 18.2936840057, 168.240844727, 55.2167510986, 59.1064033508, 9.67307758331, 2.01846027374, 16.8114700317, 19.7631397247, 17.2507553101, 11.1056671143, 8.83090019226, 9.80362224579, 4.62353420258, 4.27375125885, 2.77996563911, 1.28478455544, 0.152279764414, 0.0144297294319, 0.000102782061731, 6.81170391204e-08, 7.13621106652e-10]
    },
    "gfcc": {
        "mean": [-89.696685791, 95.7829208374, -66.6072158813, 23.2341804504, -72.7881774902, -3.43156480789, -65.7317047119, -0.0797527059913, -35.8078613281, -15.586774826, -27.3765182495, -0.92680734396, -17.5230445862],
        "cov": [[7602.32470703, -2035.84533691, -418.098937988, -65.084815979, -479.426239014, -102.979827881, -623.133544922, 276.923858643, -93.2501144409, 137.704605103, -422.413146973, 396.870361328, -242.143737793], [-2035.84533691, 1832.39001465, 55.412727356, -317.445922852, 292.389465332, 20.0452308655, 366.587982178, -207.058151245, 83.2308425903, -84.5953063965, 248.673171997, -257.603912354, 78.6438674927], [-418.098937988, 55.412727356, 522.055786133, 172.26524353, 67.8216934204, -44.4465522766, -2.74738931656, 30.1098442078, -28.2436218262, -41.9063453674, -26.5359840393, 42.6788825989, 1.08843135834], [-65.084815979, -317.445922852, 172.26524353, 546.971862793, 19.0079956055, -57.4617462158, -71.4378814697, 39.9912490845, 81.1306610107, -23.920331955, -33.2605247498, 37.0397109985, 63.6810951233], [-479.426239014, 292.389465332, 67.8216934204, 19.0079956055, 209.737335205, 24.2500648499, 78.8263549805, -26.7493801117, -2.27928876877, -5.62502241135, 42.5067443848, -25.1206169128, -3.71848607063], [-102.979827881, 20.0452308655, -44.4465522766, -57.4617462158, 24.2500648499, 320.602508545, 139.75692749, 39.3791503906, -47.7436141968, 72.3184051514, 38.0473899841, -73.7391433716, -46.8770294189], [-623.133544922, 366.587982178, -2.74738931656, -71.4378814697, 78.8263549805, 139.75692749, 248.464355469, -9.14456748962, -28.4017009735, 27.245141983, 77.3114700317, -71.1161575317, 2.19681954384], [276.923858643, -207.058151245, 30.1098442078, 39.9912490845, -26.7493801117, 39.3791503906, -9.14456748962, 141.097412109, -0.797853469849, 14.3235712051, -29.8105812073, 46.289390564, -19.7615470886], [-93.2501144409, 83.2308425903, -28.2436218262, 81.1306610107, -2.27928876877, -47.7436141968, -28.4017009735, -0.797853469849, 132.604644775, 6.83290195465, -9.03362751007, -28.3032073975, 27.2663173676], [137.704605103, -84.5953063965, -41.9063453674, -23.920331955, -5.62502241135, 72.3184051514, 27.245141983, 14.3235712051, 6.83290195465, 119.696525574, 9.22383403778, -40.5640678406, -24.9733009338], [-422.413146973, 248.673171997, -26.5359840393, -33.2605247498, 42.5067443848, 38.0473899841, 77.3114700317, -29.8105812073, -9.03362751007, 9.22383403778, 122.656326294, -15.0968589783, 17.2035942078], [396.870361328, -257.603912354, 42.6788825989, 37.0397109985, -25.1206169128, -73.7391433716, -71.1161575317, 46.289390564, -28.3032073975, -40.5640678406, -15.0968589783, 192.16255188, 2.64048027992], [-242.143737793, 78.6438674927, 1.08843135834, 63.6810951233, -3.71848607063, -46.8770294189, 2.19681954384, -19.7615470886, 27.2663173676, -24.9733009338, 17.2035942078, 2.64048027992, 105.168830872]],
        "icov": [[0.000276054401184, -0.000136711736559, 0.000304161192616, -0.000123052261188, 0.000302827946143, -8.27543262858e-05, 0.000511212216225, -0.000203977906494, 0.000383210834116, -0.000545970047824, 0.00075459521031, -0.000556036073249, 0.000395528622903], [-0.000136711736559, 0.00354016385972, -0.00144113483839, 0.00259050237946, -0.00243061408401, 0.000963174039498, -0.00314267422073, 0.00151289813221, -0.00413276348263, 0.00394778745249, -0.00439937692136, 0.00326841301285, -0.00117592304014], [0.000304161192616, -0.00144113483839, 0.00331254745834, -0.0019451713888, 0.000396022427594, 8.33244048408e-05, 0.00125162105542, -0.00122197007295, 0.00297121307813, -0.00150877400301, 0.00286289514042, -0.00175150833093, 0.00116396602243], [-0.000123052261188, 0.00259050237946, -0.0019451713888, 0.00455651758239, -0.00220180256292, 0.000258399028098, -0.0015458194539, 0.000577383441851, -0.00458533316851, 0.00292478571646, -0.0030154667329, 0.00211964547634, -0.00245787762105], [0.000302827946143, -0.00243061408401, 0.000396022427594, -0.00220180256292, 0.00800484698266, -0.000504910771269, 0.000615309225395, -6.07271394983e-05, 0.00252651306801, -0.00247840280645, 0.00218032021075, -0.00246421061456, 0.00233931560069], [-8.27543262858e-05, 0.000963174039498, 8.33244048408e-05, 0.000258399028098, -0.000504910771269, 0.00605918001384, -0.00339149031788, -0.00151086016558, 0.00083389680367, -0.000639638572466, -0.00183357705828, 0.00258801528253, 0.00126862444449], [0.000511212216225, -0.00314267422073, 0.00125162105542, -0.0015458194539, 0.000615309225395, -0.00339149031788, 0.0110312541947, -0.00228734663688, 0.00461855763569, -0.00386904878542, 0.00172579323407, -0.00183642236516, -5.23811722815e-05], [-0.000203977906494, 0.00151289813221, -0.00122197007295, 0.000577383441851, -6.07271394983e-05, -0.00151086016558, -0.00228734663688, 0.0105847101659, -0.00317312590778, 0.000870987190865, 5.48176576558e-05, -0.00166030041873, 0.000485371914692], [0.000383210834116, -0.00413276348263, 0.00297121307813, -0.00458533316851, 0.00252651306801, 0.00083389680367, 0.00461855763569, -0.00317312590778, 0.0155022069812, -0.00611467752606, 0.00567476125434, -0.00154718698468, 0.000126219252707], [-0.000545970047824, 0.00394778745249, -0.00150877400301, 0.00292478571646, -0.00247840280645, -0.000639638572466, -0.00386904878542, 0.000870987190865, -0.00611467752606, 0.0157670360059, -0.0066462145187, 0.00588313350454, 0.000176018773345], [0.00075459521031, -0.00439937692136, 0.00286289514042, -0.0030154667329, 0.00218032021075, -0.00183357705828, 0.00172579323407, 5.48176576558e-05, 0.00567476125434, -0.0066462145187, 0.0183126125485, -0.00643459195271, 0.000174038592377], [-0.000556036073249, 0.00326841301285, -0.00175150833093, 0.00211964547634, -0.00246421061456, 0.00258801528253, -0.00183642236516, -0.00166030041873, -0.00154718698468, 0.00588313350454, -0.00643459195271, 0.0116364993155, -0.00163829152007], [0.000395528622903, -0.00117592304014, 0.00116396602243, -0.00245787762105, 0.00233931560069, 0.00126862444449, -5.23811722815e-05, 0.000485371914692, 0.000126219252707, 0.000176018773345, 0.000174038592377, -0.00163829152007, 0.013536978513]]
    },
    "melbands": {
        "dmean": [2.7444009902e-05, 0.000228637771215, 0.00055204029195, 0.000910290982574, 0.000463397445856, 0.000134008514578, 5.60491680517e-05, 5.97625185037e-05, 6.05747518421e-05, 3.05625653709e-05, 2.97160131595e-05, 2.04926654988e-05, 5.09834535478e-06, 6.23033429292e-06, 2.69908241535e-06, 6.74315288052e-06, 5.93702179685e-06, 4.15942986365e-06, 1.61106686392e-06, 1.23472273117e-06, 3.32648801304e-06, 2.15008185478e-06, 2.05025685318e-06, 1.98810175789e-06, 6.30007150448e-07, 2.56147501432e-07, 5.06035917169e-07, 5.23809660535e-07, 3.6670917325e-07, 2.63315513394e-07, 3.36910176202e-07, 3.59517002835e-07, 3.26030431097e-07, 4.00263388656e-07, 3.82935724019e-07, 2.97740854194e-07, 2.68053668151e-07, 2.91581073952e-07, 2.71936158924e-07, 2.14922295072e-07],
        "dmean2": [4.24105746788e-05, 0.00037961822818, 0.000904182437807, 0.00138697039802, 0.000612770440057, 0.000178998947376, 7.55196961109e-05, 8.65810216055e-05, 8.72051241458e-05, 3.98701777158e-05, 4.18711388193e-05, 2.81656739389e-05, 7.01986391505e-06, 8.81550477061e-06, 4.04305637858e-06, 9.78282787401e-06, 9.08486890694e-06, 6.24650647296e-06, 2.52469658335e-06, 1.96780820261e-06, 4.78129732073e-06, 3.50745631295e-06, 3.31354590344e-06, 3.3921596696e-06, 1.05278866158e-06, 4.15221649064e-07, 8.17602312964e-07, 8.37637514906e-07, 5.41859037639e-07, 3.82277050903e-07, 5.14052658218e-07, 5.56860186407e-07, 5.09716585384e-07, 6.2171176296e-07, 5.92845196934e-07, 4.57667056253e-07, 4.15218494254e-07, 4.6161446221e-07, 4.16724361685e-07, 3.32906978429e-07],
        "dvar": [8.03548516615e-09, 2.69014208243e-07, 1.35034929372e-06, 3.12853194373e-06, 6.60848627376e-07, 1.32111850348e-07, 1.70255081144e-08, 6.49714451129e-08, 5.83758925643e-08, 1.58582302845e-08, 1.75211223308e-08, 5.47861800371e-09, 2.89597679171e-10, 4.88207752003e-10, 1.0038578302e-10, 1.00035724149e-09, 6.78657519071e-10, 3.011224603e-10, 2.86905620789e-11, 1.24654470773e-11, 9.82622247458e-11, 2.69191648139e-11, 2.00632149783e-11, 1.82643188767e-11, 2.43023374862e-12, 4.85874415788e-13, 3.01436002895e-12, 7.34240099276e-12, 6.33838597927e-12, 1.93553680028e-12, 3.3943139098e-12, 1.54620001698e-12, 8.0389221755e-13, 9.12994289545e-13, 1.03540982212e-12, 4.70818479689e-13, 4.85330525768e-13, 7.24824768348e-13, 8.45984198493e-13, 7.09919427931e-13],
        "dvar2": [1.82270287752e-08, 7.04972194399e-07, 3.77662445317e-06, 8.8961178335e-06, 1.12875420655e-06, 1.97283895886e-07, 3.02911118411e-08, 1.21158535649e-07, 1.41185850566e-07, 2.59906691724e-08, 3.26859499467e-08, 1.01273140984e-08, 4.53583060001e-10, 9.18076226153e-10, 2.22366153269e-10, 1.8484999087e-09, 1.48363377139e-09, 6.24055584986e-10, 6.4171695735e-11, 3.0183893579e-11, 1.97526037193e-10, 6.8062132319e-11, 5.17343737294e-11, 5.09960858264e-11, 6.5775592438e-12, 1.25016576952e-12, 7.49937265065e-12, 1.8558090828e-11, 1.38500105482e-11, 3.12903153908e-12, 7.72297243518e-12, 3.25436032289e-12, 1.72961081221e-12, 2.0259074366e-12, 2.00997747092e-12, 8.78307301021e-13, 1.0067769101e-12, 1.75815709647e-12, 1.92525574476e-12, 1.69379495239e-12],
        "max": [0.00170490366872, 0.0070269764401, 0.0159032996744, 0.0222928505391, 0.0179251469672, 0.0107220616192, 0.0024865095038, 0.00576250068843, 0.0047376123257, 0.00352062913589, 0.00325925834477, 0.0015958432341, 0.000479372043628, 0.000591003976297, 0.000195660977624, 0.000747115176637, 0.000548746727873, 0.000359741592547, 0.000121934834169, 5.92126853007e-05, 0.000278955238173, 8.69241193868e-05, 7.48798483983e-05, 5.2948587836e-05, 2.22026283154e-05, 1.1568788068e-05, 3.95785100409e-05, 7.02804100001e-05, 7.26369471522e-05, 3.94605049223e-05, 3.66247222701e-05, 2.12653230847e-05, 1.82741205208e-05, 1.66443023772e-05, 2.57391657215e-05, 1.44425894177e-05, 1.49598845383e-05, 1.87127316167e-05, 2.10051857721e-05, 1.96451910597e-05],
        "mean": [3.53516479663e-05, 0.000508239900228, 0.00125707220286, 0.00239877658896, 0.00151874159928, 0.000462293886812, 0.0001575408387, 0.000119264383102, 0.000111159977678, 5.73642937525e-05, 4.78333677165e-05, 3.71871137759e-05, 9.69367647485e-06, 1.2705952031e-05, 3.96971881855e-06, 9.81267112365e-06, 8.9242194008e-06, 7.00563077771e-06, 2.5066804028e-06, 2.16214766624e-06, 6.13113888903e-06, 3.98888732889e-06, 3.83891710953e-06, 3.74196588382e-06, 1.10588928237e-06, 3.62688439282e-07, 7.36263075396e-07, 7.78641833676e-07, 5.74953674004e-07, 4.84910287923e-07, 6.00833573117e-07, 6.77164734952e-07, 6.84451094912e-07, 9.3737367024e-07, 9.01750411231e-07, 6.84480994551e-07, 6.15975238816e-07, 6.44100850877e-07, 5.07112019932e-07, 4.03568861884e-07],
        "median": [6.411337381e-06, 0.000315408804454, 0.000627302448265, 0.000676844851114, 0.000395445240429, 9.59482131293e-05, 4.46734775323e-05, 2.11716615013e-05, 1.45927060657e-05, 4.51297000836e-06, 6.75009550832e-06, 3.75989293389e-06, 1.1907386579e-06, 1.0540970834e-06, 2.87846177116e-07, 5.70192412397e-07, 4.2537118361e-07, 4.69511519441e-07, 4.39995062607e-07, 3.38847087278e-07, 4.69401868486e-07, 5.92156197854e-07, 7.1319698236e-07, 5.84970962336e-07, 2.78756971284e-07, 1.43411511999e-07, 1.47967398334e-07, 1.11626420107e-07, 7.54704956307e-08, 5.73428593498e-08, 7.28431572838e-08, 1.44852492667e-07, 1.58112840154e-07, 1.45542713881e-07, 1.71702424723e-07, 1.96573324729e-07, 1.64530035818e-07, 9.59071684292e-08, 1.13421592118e-07, 9.59055839189e-08],
        "min": [4.45541105647e-24, 8.84188513616e-24, 9.96713605289e-24, 1.9820289988e-24, 1.9427719275e-24, 6.39435385314e-24, 1.29460207703e-23, 7.5214755535e-24, 1.73362991317e-23, 1.03954173158e-23, 1.50731360807e-23, 8.38434107796e-24, 3.97062368692e-24, 1.62101986117e-23, 1.17148739545e-23, 1.68045090628e-23, 5.50105446938e-24, 6.9068306349e-24, 1.43036622211e-23, 1.88277526912e-23, 1.12148181821e-23, 1.0872850924e-23, 7.39311526245e-24, 6.25006369939e-24, 8.75767660111e-24, 1.10550817374e-23, 1.23385410753e-23, 1.14111419956e-23, 7.55373365364e-24, 8.39729101858e-24, 8.70025462696e-24, 1.15654155785e-23, 1.25059965239e-23, 1.29028558793e-23, 1.87018031591e-23, 1.43514561479e-23, 1.68680139434e-23, 1.50201262056e-23, 1.36067430544e-23, 1.36042108108e-23],
        "stdev": [0.00010061285866, 0.000671964895446, 0.00169371080119, 0.00365871447138, 0.00261703133583, 0.000967505853623, 0.000273329962511, 0.000409292610129, 0.000317272002576, 0.000215184656554, 0.000191116312635, 0.000133653738885, 3.25249420712e-05, 4.4573629566e-05, 1.30273574541e-05, 4.21436889155e-05, 3.21959923895e-05, 2.73515015579e-05, 7.76242541178e-06, 4.9709610721e-06, 1.76022949745e-05, 8.21414050733e-06, 6.65622428642e-06, 6.71076259096e-06, 2.22625226343e-06, 7.64713263379e-07, 1.94080530491e-06, 2.77179628938e-06, 2.93085849989e-06, 2.0666166165e-06, 2.87348757411e-06, 2.11063661482e-06, 1.48164781422e-06, 1.86805402791e-06, 2.04019374905e-06, 1.40917256886e-06, 1.28128203869e-06, 1.45444369082e-06, 1.55231737153e-06, 1.39549104006e-06],
        "var": [1.01229469252e-08, 4.51536806167e-07, 2.86865633825e-06, 1.33861913127e-05, 6.84885344526e-06, 9.36067522161e-07, 7.47092698816e-08, 1.67520440186e-07, 1.00661523561e-07, 4.63044393939e-08, 3.6525445779e-08, 1.78633214887e-08, 1.05787179017e-09, 1.9868084955e-09, 1.69712036091e-10, 1.7760904969e-09, 1.0365819314e-09, 7.48104633796e-10, 6.02552452378e-11, 2.47104559037e-11, 3.09840819668e-10, 6.74721042926e-11, 4.43053198296e-11, 4.50343373704e-11, 4.9561995133e-12, 5.84786342614e-13, 3.76672564667e-12, 7.68285435271e-12, 8.58993171732e-12, 4.270903943e-12, 8.25693072942e-12, 4.45478679986e-12, 2.19528019894e-12, 3.48962590595e-12, 4.16239048437e-12, 1.98576745325e-12, 1.64168375075e-12, 2.11540637438e-12, 2.40968920165e-12, 1.94739515312e-12]
    },
    "melbands128": {
