{
"lowlevel": {
    "average_loudness": 0.974868893623,
    "barkbands_crest": {
        "dmean": 2.47534322739,
        "dmean2": 3.85265755653,
        "dvar": 5.79519891739,
        "dvar2": 13.9202985764,
        "max": 24.9429512024,
        "mean": 10.7400588989,
        "median": 10.0136814117,
        "min": 2.75224471092,
        "stdev": 4.03609752655,
        "var": 16.2900829315
    },
    "barkbands_flatness_db": {
        "dmean": 0.0213566366583,
        "dmean2": 0.0305922087282,
        "dvar": 0.000573780853301,
        "dvar2": 0.00111167912837,
        "max": 0.355248630047,
        "mean": 0.159830003977,
        "median": 0.148123189807,
        "min": 0.0486225485802,
        "stdev": 0.0549144409597,
        "var": 0.00301559595391
    },
    "barkbands_kurtosis": {
        "dmean": 2.45752763748,
        "dmean2": 3.80500555038,
        "dvar": 20.376241684,
        "dvar2": 45.8164138794,
        "max": 104.792076111,
        "mean": 4.36213350296,
        "median": 3.31389188766,
        "min": -1.77531278133,
        "stdev": 5.6055431366,
        "var": 31.4221134186
    },
    "barkbands_skewness": {
        "dmean": 0.481224447489,
        "dmean2": 0.716509521008,
        "dvar": 0.307827055454,
        "dvar2": 0.666255891323,
        "max": 9.78869342804,
        "mean": 1.60386192799,
        "median": 1.57401108742,
        "min": -1.78570175171,
        "stdev": 0.901039838791,
        "var": 0.811872839928
    },
    "barkbands_spread": {
        "dmean": 6.11345481873,
        "dmean2": 9.4915561676,
        "dvar": 86.4341430664,
        "dvar2": 205.669616699,
        "max": 88.0642700195,
        "mean": 19.1524085999,
        "median": 16.5384311676,
        "min": 1.48798847198,
        "stdev": 12.5570545197,
        "var": 157.679626465
    },
    "dissonance": {
        "dmean": 0.0317926816642,
        "dmean2": 0.0542385578156,
        "dvar": 0.000739649520256,
        "dvar2": 0.00205752695911,
        "max": 0.499889105558,
        "mean": 0.442261815071,
        "median": 0.447364062071,
        "min": 0.233567550778,
        "stdev": 0.0367693901062,
        "var": 0.00135198805947
    },
    "dynamic_complexity": 1.74941706657,
    "erbbands_crest": {
        "dmean": 2.8980281353,
        "dmean2": 4.54933023453,
        "dvar": 7.00246238708,
        "dvar2": 16.8659553528,
        "max": 30.3188114166,
        "mean": 11.1869096756,
        "median": 10.5962285995,
        "min": 2.78560519218,
        "stdev": 4.20611047745,
        "var": 17.6913642883
    },
    "erbbands_flatness_db": {
        "dmean": 0.0195118635893,
        "dmean2": 0.0284869298339,
        "dvar": 0.000512820202857,
        "dvar2": 0.00101053598337,
        "max": 0.406877815723,
        "mean": 0.188221946359,
        "median": 0.171914711595,
        "min": 0.0735366791487,
        "stdev": 0.0604823306203,
        "var": 0.00365811213851
    },
    "erbbands_kurtosis": {
        "dmean": 1.81506478786,
        "dmean2": 2.80120706558,
        "dvar": 5.01153278351,
        "dvar2": 11.6613616943,
        "max": 24.8440189362,
        "mean": 2.79512453079,
        "median": 1.90382957458,
        "min": -1.75218176842,
        "stdev": 3.52442455292,
        "var": 12.4215679169
    },
    "erbbands_skewness": {
        "dmean": 0.475448518991,
        "dmean2": 0.722903192043,
        "dvar": 0.252547472715,
        "dvar2": 0.570747792721,
        "max": 4.39999103546,
        "mean": 1.26337170601,
        "median": 1.31716775894,
        "min": -1.9950145483,
        "stdev": 0.889417171478,
        "var": 0.791062891483
    },
    "erbbands_spread": {
        "dmean": 9.45973396301,
        "dmean2": 14.4313573837,
        "dvar": 140.203704834,
        "dvar2": 309.519775391,
        "max": 149.250167847,
        "mean": 31.6361598969,
        "median": 28.8324661255,
        "min": 3.94443440437,
        "stdev": 17.5103855133,
        "var": 306.613586426
    },
    "hfc": {
        "dmean": 11.2940893173,
        "dmean2": 18.1822490692,
        "dvar": 433.738342285,
        "dvar2": 1124.00769043,
        "max": 188.564300537,
        "mean": 32.4198951721,
        "median": 30.4665927887,
        "min": 1.20941389147e-16,
        "stdev": 24.151922226,
        "var": 583.315368652
    },
    "loudness_ebu128": {
        "integrated": -8.88440799713,
        "loudness_range": 0.983580589294,
        "momentary": {
            "dmean": 0.381095290184,
            "dmean2": 0.561296164989,
            "dvar": 0.135258764029,
            "dvar2": 0.263084709644,
            "max": -6.70829868317,
            "mean": -9.15131950378,
            "median": -8.70141124725,
            "min": -15.7213506699,
            "stdev": 1.7376614809,
            "var": 3.01946735382
        },
        "short_term": {
            "dmean": 0.0541925393045,
            "dmean2": 0.0518046803772,
            "dvar": 0.00433833431453,
            "dvar2": 0.00218649208546,
            "max": -7.62352800369,
            "mean": -8.83710575104,
            "median": -8.6623840332,
            "min": -13.9311580658,
            "stdev": 0.904999732971,
            "var": 0.819024562836
        }
    },
    "melbands_crest": {
        "dmean": 2.74265408516,
        "dmean2": 4.23133897781,
        "dvar": 8.60083389282,
        "dvar2": 18.3257789612,
        "max": 35.2855377197,
        "mean": 13.5509519577,
        "median": 12.4210033417,
        "min": 1.76773536205,
        "stdev": 5.14242744446,
        "var": 26.4445610046
    },
    "melbands_flatness_db": {
        "dmean": 0.0257597640157,
        "dmean2": 0.0353937260807,
        "dvar": 0.000857363105752,
        "dvar2": 0.00157145748381,
        "max": 0.436571806669,
        "mean": 0.200781077147,
        "median": 0.198243632913,
        "min": 0.00537801394239,
        "stdev": 0.0601291432977,
        "var": 0.00361551390961
    },
    "melbands_kurtosis": {
        "dmean": 5.60721158981,
        "dmean2": 8.34892940521,
        "dvar": 311.984191895,
        "dvar2": 631.765075684,
        "max": 477.786376953,
        "mean": 11.0524349213,
        "median": 7.99044036865,
        "min": -1.25570011139,
        "stdev": 20.1252479553,
        "var": 405.025604248
    },
    "melbands_skewness": {
        "dmean": 0.61286598444,
        "dmean2": 0.882022500038,
        "dvar": 0.636935889721,
        "dvar2": 1.13881778717,
        "max": 18.4073104858,
        "mean": 2.12966012955,
        "median": 1.99194514751,
        "min": -0.415432393551,
        "stdev": 1.32193994522,
        "var": 1.74752521515
    },
    "melbands_spread": {
        "dmean": 6.98934698105,
        "dmean2": 10.9519605637,
        "dvar": 167.986923218,
        "dvar2": 428.752716064,
        "max": 142.050109863,
        "mean": 20.5695896149,
        "median": 17.0693473816,
        "min": 1.33966052532,
        "stdev": 14.7454280853,
        "var": 217.427658081
    },
    "pitch_salience": {
        "dmean": 0.0632899701595,
        "dmean2": 0.100326433778,
        "dvar": 0.00443520816043,
        "dvar2": 0.0102042555809,
        "max": 0.889623701572,
        "mean": 0.575941681862,
        "median": 0.586277365685,
        "min": 0.104486763477,
        "stdev": 0.12135682255,
        "var": 0.0147274779156
    },
    "silence_rate_20dB": {
        "dmean": 0,
        "dmean2": 0,
        "dvar": 0,
        "dvar2": 0,
        "max": 1,
        "mean": 1,
        "median": 1,
        "min": 1,
        "stdev": 0,
        "var": 0
    },
    "silence_rate_30dB": {
        "dmean": 0.00773993786424,
        "dmean2": 0.0154918665066,
        "dvar": 0.00768005754799,
        "dvar2": 0.0152519112453,
        "max": 1,
        "mean": 0.98530548811,
        "median": 1,
        "min": 0,
        "stdev": 0.120326705277,
        "var": 0.0144785167649
    },
    "silence_rate_60dB": {
        "dmean": 0.0108359130099,
        "dmean2": 0.0209140200168,
        "dvar": 0.010718385689,
        "dvar2": 0.0251235924661,
        "max": 1,
        "mean": 0.0177880898118,
        "median": 0,
        "min": 0,
        "stdev": 0.132181197405,
        "var": 0.0174718704075
    },
    "spectral_centroid": {
        "dmean": 252.275375366,
        "dmean2": 380.451446533,
        "dvar": 204882.296875,
        "dvar2": 361541.5625,
        "max": 11506.0273438,
        "mean": 1172.35900879,
        "median": 1033.26586914,
        "min": 362.52041626,
        "stdev": 604.81854248,
        "var": 365805.4375
    },
    "spectral_complexity": {
        "dmean": 3.2182662487,
        "dmean2": 4.98838090897,
        "dvar": 16.7573699951,
        "dvar2": 31.8874320984,
        "max": 58,
        "mean": 17.9079666138,
        "median": 17,
        "min": 0,
        "stdev": 6.78450250626,
        "var": 46.0294761658
    },
    "spectral_decrease": {
        "dmean": 2.22161422592e-09,
        "dmean2": 3.30499783097e-09,
        "dvar": 1.65138271316e-17,
        "dvar2": 2.6962019895e-17,
        "max": 6.86135954774e-29,
        "mean": -8.96282514873e-09,
        "median": -8.48502690332e-09,
        "min": -6.66781190262e-08,
        "stdev": 6.69887612048e-09,
        "var": 4.48749386603e-17
    },
    "spectral_energy": {
        "dmean": 0.0090582575649,
        "dmean2": 0.0135215744376,
        "dvar": 0.000249548000284,
        "dvar2": 0.000415161863202,
        "max": 0.254065543413,
        "mean": 0.0367683507502,
        "median": 0.0354835987091,
        "min": 1.07107837046e-20,
        "stdev": 0.0261027347296,
        "var": 0.000681352801621
    },
    "spectral_energyband_high": {
        "dmean": 0.0011164463358,
        "dmean2": 0.00186402723193,
        "dvar": 7.57484804126e-06,
        "dvar2": 2.09988047573e-05,
        "max": 0.02302666381,
        "mean": 0.00165629724506,
        "median": 0.0010418810416,
        "min": 7.56962429732e-21,
        "stdev": 0.00252672471106,
        "var": 6.38433721178e-06
    },
    "spectral_energyband_low": {
        "dmean": 0.00240413961001,
        "dmean2": 0.00271305209026,
        "dvar": 0.000173286709469,
        "dvar2": 0.000208573066629,
        "max": 0.241983830929,
        "mean": 0.00896722730249,
        "median": 0.00265324604698,
        "min": 4.9308441923e-23,
        "stdev": 0.0215221643448,
        "var": 0.000463203556137
    },
    "spectral_energyband_middle_high": {
        "dmean": 0.00271930499002,
        "dmean2": 0.00398186780512,
        "dvar": 1.49226525537e-05,
        "dvar2": 2.92164277198e-05,
        "max": 0.0535112805665,
        "mean": 0.00796982925385,
        "median": 0.00537676131353,
        "min": 1.76696340742e-21,
        "stdev": 0.00775135820732,
        "var": 6.00835519435e-05
    },
    "spectral_energyband_middle_low": {
        "dmean": 0.00678861234337,
        "dmean2": 0.0108026741073,
        "dvar": 0.000128079016577,
        "dvar2": 0.000340096186846,
        "max": 0.127096548676,
        "mean": 0.0188095960766,
        "median": 0.0172777604312,
        "min": 1.87089445591e-22,
        "stdev": 0.0136889806017,
        "var": 0.000187388199265
    },
    "spectral_entropy": {
        "dmean": 0.224825426936,
        "dmean2": 0.329786092043,
        "dvar": 0.0619409456849,
        "dvar2": 0.123210407794,
        "max": 9.78442764282,
        "mean": 7.42737960815,
        "median": 7.40944290161,
        "min": 6.15467977524,
        "stdev": 0.420656472445,
        "var": 0.176951855421
    },
    "spectral_flux": {
        "dmean": 0.0316192097962,
        "dmean2": 0.0495951995254,
        "dvar": 0.00139015133027,
        "dvar2": 0.00269773439504,
        "max": 0.482368052006,
        "mean": 0.0930486321449,
        "median": 0.0778590887785,
        "min": 1.03492915626e-10,
        "stdev": 0.0540173090994,
        "var": 0.00291786971502
    },
    "spectral_kurtosis": {
        "dmean": 1.86069738865,
        "dmean2": 2.85583853722,
        "dvar": 8.45234012604,
        "dvar2": 20.7652950287,
        "max": 37.8337097168,
        "mean": 3.97111749649,
        "median": 2.7340426445,
        "min": -1.18126547337,
        "stdev": 3.98053979874,
        "var": 15.8446969986
    },
    "spectral_rms": {
        "dmean": 0.000711013970431,
        "dmean2": 0.00105834647547,
        "dvar": 8.90569708645e-07,
        "dvar2": 1.57424153713e-06,
        "max": 0.015743849799,
        "mean": 0.00568753201514,
        "median": 0.00588371837512,
        "min": 3.23257566548e-12,
        "stdev": 0.0018771000905,
        "var": 3.52350457433e-06
    },
    "spectral_rolloff": {
        "dmean": 619.263122559,
        "dmean2": 1086.95153809,
        "dvar": 2082396.375,
        "dvar2": 4933966.5,
        "max": 19315.2832031,
        "mean": 1449.85119629,
        "median": 968.994140625,
        "min": 64.599609375,
        "stdev": 1534.41271973,
        "var": 2354422.5
    },
    "spectral_skewness": {
        "dmean": 0.299384206533,
        "dmean2": 0.434434145689,
        "dvar": 0.127728208899,
        "dvar2": 0.27971085906,
        "max": 4.99296951294,
        "mean": 1.64132273197,
        "median": 1.59561181068,
        "min": -0.054160412401,
        "stdev": 0.549324929714,
        "var": 0.301757901907
    },
    "spectral_spread": {
        "dmean": 825890.3125,
        "dmean2": 1201850.75,
        "dvar": 2.23605528986e+12,
        "dvar2": 3.25087710413e+12,
        "max": 40729856,
        "mean": 5889797.5,
        "median": 6207876.5,
        "min": 1426238.25,
        "stdev": 2301023.75,
        "var": 5.2947100631e+12
    },
    "spectral_strongpeak": {
        "dmean": 0.683326661587,
        "dmean2": 1.1139755249,
        "dvar": 0.648209631443,
        "dvar2": 1.38116621971,
        "max": 6.64491558075,
        "mean": 1.7693977356,
        "median": 1.54176151752,
        "min": 4.75590100635e-09,
        "stdev": 1.33320105076,
        "var": 1.77742493153
    },
    "zerocrossingrate": {
        "dmean": 0.012105747126,
        "dmean2": 0.0146427638829,
        "dvar": 0.000348650792148,
        "dvar2": 0.000418651034124,
        "max": 0.49267578125,
        "mean": 0.0637847110629,
        "median": 0.05810546875,
        "min": 0.00537109375,
        "stdev": 0.0330153629184,
        "var": 0.00109001412056
    },
    "barkbands": {
        "dmean": [0.00019217398949, 0.0021876108367, 0.000494349806104, 0.000422324606916, 0.0011582771549, 0.00159713928588, 0.00313399219885, 0.00206313305534, 0.00215957011096, 0.00172710511833, 0.000776805856731, 0.00068816676503, 0.000302683241898, 0.00032182619907, 0.00018747971626, 0.000209389138035, 0.000137026712764, 0.000169624676346, 0.00015811479534, 0.000120413409604, 0.00012650937424, 0.00019555054314, 0.000471626466606, 0.000275995960692, 0.000104716295027, 3.77288197342e-05, 1.8025486952e-06],
        "dmean2": [0.000253784412052, 0.00262882164679, 0.000772770959884, 0.0006819612463, 0.00197412422858, 0.00248819659464, 0.00512704718858, 0.00322960922495, 0.0029710624367, 0.00251612835564, 0.00114968756679, 0.00105432549026, 0.000466897734441, 0.000483715091832, 0.000273737736279, 0.000309704599204, 0.000213421080844, 0.00027392062475, 0.000250558747211, 0.000191242535948, 0.000199984686333, 0.000323622691212, 0.000829096476082, 0.000462769356091, 0.000168904298334, 6.22399384156e-05, 3.07807840727e-06],
        "dvar": [1.74277465703e-06, 0.000175463821506, 1.23781928778e-05, 3.9469996409e-06, 1.84150794666e-05, 1.12320931294e-05, 3.97519834223e-05, 9.51255515247e-06, 1.12557027023e-05, 1.01673767858e-05, 2.52584618465e-06, 1.33529340474e-06, 4.52995635669e-07, 6.72740156915e-07, 2.03205146931e-07, 3.09030895096e-07, 1.40301835927e-07, 1.41206655258e-07, 8.96564742447e-08, 8.31876008078e-08, 1.83074931215e-07, 4.89100216328e-07, 2.19060098061e-06, 3.66708064803e-07, 3.06256033866e-08, 5.81283599033e-09, 2.00009887125e-11],
        "dvar2": [2.95681752505e-06, 0.000258305983152, 3.67774846382e-05, 1.16540768431e-05, 5.30840698048e-05, 2.71210519713e-05, 9.99576732283e-05, 2.22030539589e-05, 2.07260764e-05, 1.94520598598e-05, 5.30793704456e-06, 2.8594424748e-06, 1.05544177131e-06, 1.41759562666e-06, 4.09760730236e-07, 6.59230408928e-07, 3.39228165558e-07, 3.62178582236e-07, 1.95032498596e-07, 2.07167985877e-07, 4.9055705631e-07, 1.38764244184e-06, 6.31483817415e-06, 1.02426395188e-06, 7.86346490145e-08, 1.52051917723e-08, 5.51873824417e-11],
        "max": [0.023892885074, 0.232226416469, 0.0584580600262, 0.0273154713213, 0.0646646618843, 0.046245098114, 0.0682289302349, 0.038611266762, 0.0355913862586, 0.0412616729736, 0.0296909306198, 0.0136163812131, 0.0122347464785, 0.0147624835372, 0.00772054260597, 0.0080175595358, 0.00661450158805, 0.00413104705513, 0.00372427026741, 0.0044886963442, 0.0104398261756, 0.0151646258309, 0.0128702446818, 0.00510076107457, 0.00144056801219, 0.000717195041943, 5.04388954141e-05],
        "mean": [0.000335080869263, 0.0071868179366, 0.00104452215601, 0.000797048443928, 0.00168414914515, 0.00276015419513, 0.00476993527263, 0.00417854636908, 0.00421426352113, 0.0031550838612, 0.0014086420415, 0.00117390044034, 0.000445835408755, 0.000490334758069, 0.000280323933112, 0.000334112643031, 0.00021455809474, 0.000264964124653, 0.000287274073344, 0.000181979048648, 0.000186870151083, 0.000247880961979, 0.000456516485428, 0.000408625346608, 0.000199535788852, 5.95636593061e-05, 1.84147302207e-06],
        "median": [3.74615729015e-06, 0.000526854710188, 0.000405925733503, 0.000249059172347, 0.000873620039783, 0.00120530941058, 0.00168535823468, 0.00180941470899, 0.00174111395609, 0.00103172729723, 0.000464897981146, 0.000535160535946, 0.000178272923222, 0.000187573255971, 7.63080970501e-05, 7.07211656845e-05, 5.55871411052e-05, 0.000108919484774, 0.000184736287338, 9.04011103557e-05, 8.86361303856e-05, 9.62646954576e-05, 0.000123662830447, 0.000266736227786, 0.000130716420244, 3.54976946255e-05, 4.03492862233e-07],
        "min": [8.33936101801e-24, 3.75617571525e-23, 4.96325367484e-24, 1.17505738548e-23, 3.17307560875e-23, 2.88061710328e-23, 1.39910492661e-23, 5.34040531262e-23, 4.41720297296e-23, 2.35193356865e-23, 6.92463743434e-23, 6.31110181193e-23, 1.10868202938e-22, 1.89943544346e-22, 1.39860898554e-22, 2.22352575662e-22, 1.83841837773e-22, 1.43707497923e-22, 4.02397089473e-22, 3.38220313959e-22, 4.28531205604e-22, 4.82155521316e-22, 4.90347254905e-22, 8.84692081397e-22, 1.32979986733e-21, 1.67504578913e-21, 2.36207946848e-21],
        "stdev": [0.00164660136215, 0.0193957425654, 0.00290512386709, 0.00190602603834, 0.00357829872519, 0.00418767472729, 0.00742720300332, 0.00550808245316, 0.00561315380037, 0.00559595134109, 0.00264279125258, 0.00171204074286, 0.00080612662714, 0.000966041174252, 0.000667108688504, 0.000811396457721, 0.000534621882252, 0.000438888382632, 0.000381471618311, 0.000313868426019, 0.000408586813137, 0.000587131711654, 0.00118450075388, 0.000581916247029, 0.000225332987611, 7.90941921878e-05, 4.13843190472e-06],
        "var": [2.7112960197e-06, 0.000376194831915, 8.43974521558e-06, 3.63293520422e-06, 1.2804222024e-05, 1.75366203621e-05, 5.5163345678e-05, 3.03389715555e-05, 3.15074976243e-05, 3.13146738335e-05, 6.98434587321e-06, 2.93108337246e-06, 6.49840103506e-07, 9.3323552619e-07, 4.45033975893e-07, 6.58364228912e-07, 2.85820561885e-07, 1.92623019757e-07, 1.4552058758e-07, 9.85133965514e-08, 1.66943195268e-07, 3.44723616763e-07, 1.40304200613e-06, 3.38626534813e-07, 5.07749540191e-08, 6.25589091641e-09, 1.71266178323e-11]
    },
    "erbbands": {
        "dmean": [0.100717693567, 0.434225797653, 0.544280171394, 1.02843332291, 2.88582277298, 4.15470933914, 4.06283473969, 17.1228351593, 40.3620948792, 45.0422019958, 42.1380882263, 39.9497756958, 48.3907356262, 38.3841438293, 27.9085597992, 22.2707920074, 13.4108533859, 15.6959590912, 11.1521444321, 8.11411094666, 12.2777280807, 7.85687971115, 8.29989814758, 8.8387928009, 6.55732154846, 5.85737228394, 5.17806863785, 5.23733615875, 6.74728870392, 10.1230792999, 12.4520397186, 8.7020406723, 3.4030482769, 1.48049867153, 0.672428071499, 0.230019181967, 0.0673475787044, 0.00788910500705, 0.000211401711567, 1.68395672517e-05],
        "dmean2": [0.121404342353, 0.537769198418, 0.861426651478, 1.58615374565, 4.91777086258, 7.10599660873, 6.73646593094, 26.2617149353, 65.0687255859, 71.5365982056, 64.4869918823, 53.9088745117, 70.4563674927, 55.9088745117, 41.8468589783, 33.8596458435, 20.4631729126, 23.5405883789, 16.4413700104, 11.5618438721, 17.6529445648, 11.9257478714, 13.3891525269, 13.7228784561, 10.004032135, 9.31288909912, 8.0840845108, 8.31370735168, 11.160993576, 17.4895935059, 21.7875823975, 14.9559907913, 5.57413244247, 2.37090373039, 1.10646224022, 0.374855220318, 0.114125013351, 0.013146834448, 0.000354041752871, 2.64423870249e-05],
        "dvar": [0.412946015596, 7.08783245087, 15.6668653488, 31.6746196747, 79.5052642822, 301.362548828, 139.366531372, 1259.86499023, 7650.81201172, 5698.12158203, 4389.63867188, 5362.93212891, 5654.88916016, 4977.18457031, 2327.76342773, 1773.6739502, 802.563293457, 1584.6986084, 711.892150879, 389.732086182, 1133.2623291, 519.86114502, 377.518707275, 313.713989258, 148.644042969, 246.353088379, 170.298904419, 404.777282715, 536.48260498, 654.000854492, 1437.96459961, 566.819396973, 34.7387466431, 5.43102741241, 1.38807070255, 0.191870525479, 0.0199070218951, 0.000308711518301, 2.36770318907e-07, 7.7121131703e-10],
        "dvar2": [0.627506315708, 14.1480998993, 44.2179527283, 94.0196151733, 230.783325195, 863.232788086, 392.930297852, 2986.83935547, 18900.1601562, 13282.1367188, 9623.703125, 9404.27246094, 12092.7705078, 9513.23828125, 4811.45507812, 3902.56518555, 1791.53894043, 3015.59008789, 1512.92907715, 811.003173828, 2333.6171875, 1183.60119629, 950.585998535, 748.555358887, 310.087036133, 623.449890137, 426.641693115, 1116.66625977, 1510.52880859, 1853.9074707, 4126.18798828, 1625.86218262, 91.2520904541, 13.6400051117, 3.68874359131, 0.500792920589, 0.0537652187049, 0.00082451821072, 6.35501521629e-07, 1.7238754868e-09],
        "max": [11.3362569809, 43.5575523376, 67.8938674927, 82.7527008057, 122.215934753, 261.926605225, 172.333969116, 532.602355957, 998.351135254, 823.268249512, 764.506225586, 1054.09741211, 1042.70922852, 1037.69396973, 858.389282227, 538.404296875, 541.254089355, 819.307495117, 391.763977051, 356.975799561, 553.467407227, 427.151641846, 210.911895752, 200.007553101, 148.442092896, 258.975036621, 271.051696777, 441.945373535, 471.575714111, 281.336425781, 312.419036865, 194.412261963, 60.4201774597, 19.915555954, 9.69323921204, 4.32873678207, 1.26017570496, 0.233091205359, 0.00540235079825, 0.000327833200572],
        "mean": [0.262138158083, 1.38395953178, 1.29126095772, 2.27517533302, 4.51893949509, 5.63111877441, 6.26829767227, 30.9234275818, 58.6766052246, 83.2473983765, 98.1448059082, 76.9839477539, 106.642593384, 76.1480865479, 58.7068595886, 38.6272125244, 23.2618026733, 24.8000049591, 17.8307876587, 13.9318990707, 20.0151481628, 13.4855232239, 13.5025453568, 15.9063138962, 12.5766162872, 8.61115932465, 7.86105298996, 7.20604419708, 8.48142814636, 11.5479440689, 12.2677879333, 9.76916217804, 6.00449848175, 2.85473251343, 1.11025881767, 0.366688847542, 0.0932988598943, 0.0107760820538, 0.000303672102746, 5.76842430746e-05],
        "median": [0.0150513425469, 0.19049975276, 0.613698124886, 0.788339912891, 2.00317525864, 2.3766014576, 3.86438369751, 14.0341682434, 25.9137210846, 38.2515716553, 41.1341133118, 33.7078399658, 53.8726158142, 37.8011436462, 27.5084819794, 19.4800453186, 10.55327034, 10.064239502, 6.60963773727, 5.36437749863, 3.70335912704, 3.92253017426, 5.48029899597, 9.46203231812, 8.23830509186, 4.03095674515, 3.60135984421, 3.08629703522, 3.08879804611, 4.08535575867, 3.48799967766, 4.59406137466, 4.08312559128, 1.87659144402, 0.664987742901, 0.212696880102, 0.0541356392205, 0.00509490864351, 0.000158174327225, 5.53914251213e-05],
        "min": [1.16884720106e-21, 7.88273962415e-21, 9.65252889542e-21, 1.67462844258e-20, 4.65926088256e-20, 1.05230938386e-19, 1.92158709187e-19, 2.80958796842e-19, 3.04152605176e-19, 2.45979164044e-19, 1.42036547829e-18, 1.13957043736e-18, 7.36322421986e-19, 1.41667273725e-18, 3.12255552719e-18, 2.95081318648e-18, 5.0139548694e-18, 9.18424341664e-18, 5.8337653027e-18, 1.02926646103e-17, 1.23517247773e-17, 1.03639965304e-17, 7.41554928727e-18, 1.81696772818e-17, 2.04648222402e-17, 1.46792331771e-17, 1.48192483851e-17, 1.84782917509e-17, 1.64304456715e-17, 1.32780611842e-17, 1.53105671992e-17, 1.6681058236e-17, 1.45795297892e-17, 1.2105143891e-17, 1.17286220295e-17, 6.31296674798e-18, 2.84568121897e-18, 1.26367792814e-18, 3.14696934938e-19, 3.68812208597e-20],
        "stdev": [0.862133145332, 3.50008249283, 3.34845685959, 5.39406776428, 8.42720413208, 14.4956607819, 10.3522386551, 46.3813972473, 97.766494751, 118.241386414, 124.149131775, 114.133277893, 139.980804443, 113.160308838, 85.5589523315, 57.1326065063, 37.2828102112, 50.7601089478, 34.5880661011, 28.3233261108, 51.866645813, 33.3041877747, 22.7760982513, 21.8324642181, 16.3751773834, 16.1018619537, 14.697552681, 17.8341636658, 19.7445354462, 22.1778926849, 30.7118816376, 19.9092159271, 7.00204706192, 3.21519684792, 1.35095775127, 0.478012412786, 0.136188030243, 0.0171394310892, 0.000468916987302, 3.86583196814e-05],
        "var": [0.743273556232, 12.250576973, 11.2121639252, 29.0959682465, 71.0177764893, 210.124176025, 107.168838501, 2151.23413086, 9558.28808594, 13981.0253906, 15413.0068359, 13026.4052734, 19594.6269531, 12805.2558594, 7320.33398438, 3264.13452148, 1390.00793457, 2576.58862305, 1196.33422852, 802.210754395, 2690.14892578, 1109.16894531, 518.750671387, 476.656463623, 268.14642334, 259.269927979, 216.018051147, 318.057373047, 389.846710205, 491.858917236, 943.219726562, 396.37689209, 49.0286636353, 10.3374910355, 1.82508695126, 0.22849586606, 0.0185471791774, 0.000293760094792, 2.19883133923e-07, 1.49446566233e-09]
    },
    "gfcc": {
        "mean": [13.8206157684, 71.5216903687, -126.000762939, 0.926076471806, -94.5120697021, 13.759926796, -36.5642471313, 18.9056224823, -21.6439685822, 2.12539982796, -6.64049434662, 0.443502962589, -12.574010849],
        "cov": [[6471.82910156, -806.498718262, 2394.61645508, 999.557006836, 333.50390625, 1044.50463867, -147.853286743, 635.583984375, -513.907348633, 462.113494873, -636.958557129, 239.255493164, -317.48614502], [-806.498718262, 1661.58532715, 442.840209961, 239.687957764, 560.282592773, 66.0242767334, 526.899353027, -11.831829071, 222.31489563, 8.29477977753, 161.420166016, -14.9850082397, 43.7694778442], [2394.61645508, 442.840209961, 2757.92700195, 871.122802734, 554.940307617, 866.61114502, 379.712188721, 437.931396484, -291.219299316, 368.961242676, -367.758972168, 206.160018921, -271.276824951], [999.557006836, 239.687957764, 871.122802734, 698.006591797, 335.071655273, 305.569763184, 210.64855957, 158.526382446, 48.8540306091, 156.090682983, -86.1809921265, 105.219871521, -35.058467865], [333.50390625, 560.282592773, 554.940307617, 335.071655273, 595.299133301, 244.940155029, 180.187057495, 185.104034424, 62.686706543, 121.366340637, -18.702331543, 88.0431289673, 53.6847190857], [1044.50463867, 66.0242767334, 866.61114502, 305.569763184, 244.940155029, 555.587280273, 179.408081055, 201.258880615, -65.0520324707, 135.999679565, -69.633934021, 95.8877792358, -45.6696395874], [-147.853286743, 526.899353027, 379.712188721, 210.64855957, 180.187057495, 179.408081055, 420.70791626, 50.5039901733, 67.8087844849, 38.6663360596, 77.7943267822, 31.7308444977, -24.7410888672], [635.583984375, -11.831829071, 437.931396484, 158.526382446, 185.104034424, 201.258880615, 50.5039901733, 264.47088623, -16.6440906525, 99.0329818726, -23.8041744232, 79.8036346436, 22.8136672974], [-513.907348633, 222.31489563, -291.219299316, 48.8540306091, 62.686706543, -65.0520324707, 67.8087844849, -16.6440906525, 281.28729248, -15.2885847092, 134.926239014, 8.7305316925, 59.514755249], [462.113494873, 8.29477977753, 368.961242676, 156.090682983, 121.366340637, 135.999679565, 38.6663360596, 99.0329818726, -15.2885847092, 155.646377563, -44.2557525635, 38.9634208679, 0.0345395244658], [-636.958557129, 161.420166016, -367.758972168, -86.1809921265, -18.702331543, -69.633934021, 77.7943267822, -23.8041744232, 134.926239014, -44.2557525635, 226.661178589, 5.93976211548, 78.8478088379], [239.255493164, -14.9850082397, 206.160018921, 105.219871521, 88.0431289673, 95.8877792358, 31.7308444977, 79.8036346436, 8.7305316925, 38.9634208679, 5.93976211548, 120.277923584, 35.949924469], [-317.48614502, 43.7694778442, -271.276824951, -35.058467865, 53.6847190857, -45.6696395874, -24.7410888672, 22.8136672974, 59.514755249, 0.0345395244658, 78.8478088379, 35.949924469, 187.17980957]],
        "icov": [[0.00053024321096, -0.000332447787514, 0.000420441152528, -0.000761973380577, 0.000559302046895, -0.000817518157419, 0.000743415323086, -0.000987607636489, 0.000697219220456, -0.000646059284918, 0.000719614501577, -0.00059208314633, 0.000891512725502], [-0.000332447787514, 0.00313134794123, -0.00188151176553, 0.0015576138394, -0.003170726588, 0.00211045821197, -0.0028641410172, 0.00258221360855, -0.00193918868899, 0.00202225614339, -0.00174674042501, 0.00282105850056, -0.00219001201913], [0.000420441152528, -0.00188151176553, 0.00314177526161, -0.00202208058909, 0.00172596529592, -0.00246913498268, 0.00113228580449, -0.00264897942543, 0.00253182789311, -0.00266750226729, 0.0024155206047, -0.00299489405006, 0.00345592829399], [-0.000761973380577, 0.0015576138394, -0.00202208058909, 0.00480891019106, -0.00240351050161, 0.0017114027869, -0.00249360362068, 0.00257259816863, -0.00316328322515, 0.000830064585898, -0.000461900868686, 0.000957786338404, -0.00220651738346], [0.000559302046895, -0.003170726588, 0.00172596529592, -0.00240351050161, 0.00637606903911, -0.00258126622066, 0.00244714948349, -0.00387733825482, 0.00137001776602, -0.00245344731957, 0.00260365777649, -0.00280341925099, 0.00108537147753], [-0.000817518157419, 0.00211045821197, -0.00246913498268, 0.0017114027869, -0.00258126622066, 0.00619388418272, -0.00303369387984, 0.00158175022807, -0.00157841853797, 0.00157176749781, -0.00223185238428, 0.00175211741589, -0.0023750779219], [0.000743415323086, -0.0028641410172, 0.00113228580449, -0.00249360362068, 0.00244714948349, -0.00303369387984, 0.00727653130889, -0.00215460895561, 0.00183079403359, -0.00149211916141, -0.000819070672151, -0.00197225459851, 0.00302898697555], [-0.000987607636489, 0.00258221360855, -0.00264897942543, 0.00257259816863, -0.00387733825482, 0.00158175022807, -0.00215460895561, 0.0103436214849, -0.00237809494138, 0.000703964906279, -0.00308184698224, 0.0011038039811, -0.00384153681807], [0.000697219220456, -0.00193918868899, 0.00253182789311, -0.00316328322515, 0.00137001776602, -0.00157841853797, 0.00183079403359, -0.00237809494138, 0.0082495380193, -0.0023708450608, -0.00131250685081, -0.00247500091791, 0.00287238368765], [-0.000646059284918, 0.00202225614339, -0.00266750226729, 0.000830064585898, -0.00245344731957, 0.00157176749781, -0.00149211916141, 0.000703964906279, -0.0023708450608, 0.0128359599039, -0.00124734954443, 0.00305964052677, -0.00378580810502], [0.000719614501577, -0.00174674042501, 0.0024155206047, -0.000461900868686, 0.00260365777649, -0.00223185238428, -0.000819070672151, -0.00308184698224, -0.00131250685081, -0.00124734954443, 0.0114411907271, -0.00339733692817, 0.000269898708211], [-0.00059208314633, 0.00282105850056, -0.00299489405006, 0.000957786338404, -0.00280341925099, 0.00175211741589, -0.00197225459851, 0.0011038039811, -0.00247500091791, 0.00305964052677, -0.00339733692817, 0.0156658403575, -0.00577999977395], [0.000891512725502, -0.00219001201913, 0.00345592829399, -0.00220651738346, 0.00108537147753, -0.0023750779219, 0.00302898697555, -0.00384153681807, 0.00287238368765, -0.00378580810502, 0.000269898708211, -0.00577999977395, 0.0120236743242]]
    },
    "melbands": {
        "dmean": [0.000714280293323, 0.000335856864695, 0.000214879168198, 0.000259604858002, 0.00014931934129, 0.000381883466616, 0.000618196558207, 0.000494893989526, 0.000342346000252, 0.00026058263029, 0.000260737346252, 0.00018066992925, 0.000107817075332, 7.804598863e-05, 5.55619953957e-05, 2.86169670289e-05, 2.90464631689e-05, 2.06063014048e-05, 1.38734667416e-05, 1.14362228487e-05, 1.50862870214e-05, 9.25388576434e-06, 7.49113860365e-06, 8.57517261466e-06, 7.64179912949e-06, 6.00086787017e-06, 4.19121943196e-06, 4.23595247412e-06, 3.40826500178e-06, 3.18739535032e-06, 3.25328301187e-06, 3.71270016331e-06, 4.29393912782e-06, 7.14280167813e-06, 7.12124710844e-06, 8.0763884398e-06, 4.5104657147e-06, 2.64822756435e-06, 1.80587426257e-06, 1.17442755254e-06],
        "dmean2": [0.000839826650918, 0.000445338751888, 0.000356548902346, 0.000435649708379, 0.000254367798334, 0.000589594535995, 0.00100481149275, 0.000779232825153, 0.000513658858836, 0.00035732894321, 0.00037851111847, 0.000266143440967, 0.000162453812663, 0.00011972169159, 8.5301733634e-05, 4.28766761615e-05, 4.37311355199e-05, 3.05234971165e-05, 1.98242905753e-05, 1.74975175469e-05, 2.24335235544e-05, 1.37368115247e-05, 1.22019155242e-05, 1.38169689308e-05, 1.19357309813e-05, 9.22366689338e-06, 6.55063740851e-06, 6.82529753249e-06, 5.37934192835e-06, 5.07343293066e-06, 5.32975082024e-06, 6.17077330389e-06, 7.21274363968e-06, 1.25345022752e-05, 1.23846139104e-05, 1.4364785784e-05, 7.61347109801e-06, 4.33444256487e-06, 2.9311970593e-06, 1.91036451724e-06],
        "dvar": [1.93121577468e-05, 4.23361643698e-06, 1.06876893824e-06, 8.35662319787e-07, 2.76932013321e-07, 6.01472947892e-07, 1.74270110165e-06, 5.31860905539e-07, 3.14015949243e-07, 1.82705193197e-07, 1.6798321667e-07, 1.12575150979e-07, 4.71997410045e-08, 1.76625327697e-08, 1.66705049764e-08, 3.46601258805e-09, 5.43426903477e-09, 2.57099430634e-09, 1.16476861489e-09, 9.52722678527e-10, 1.98912464278e-09, 8.65976401698e-10, 4.01634003833e-10, 3.05071495843e-10, 2.37855152241e-10, 1.17952772549e-10, 7.02214050796e-11, 1.37425126834e-10, 5.03965792709e-11, 1.42558173599e-10, 1.9434485965e-10, 1.72181949254e-10, 1.96516206086e-10, 3.72956943107e-10, 4.22072293782e-10, 7.13675785136e-10, 1.08270413468e-10, 1.94476604959e-11, 7.85410885634e-12, 3.24528099706e-12],
        "dvar2": [2.75224101642e-05, 9.82469373412e-06, 3.15826082442e-06, 2.39698010773e-06, 7.88871091117e-07, 1.43428394495e-06, 4.39616087533e-06, 1.22780477341e-06, 6.20053185685e-07, 3.23654035128e-07, 3.58250645149e-07, 2.12923737308e-07, 9.68016138359e-08, 3.95142052412e-08, 3.64791503671e-08, 7.09617076211e-09, 1.07027702256e-08, 5.80273162853e-09, 2.37359754074e-09, 2.01155470059e-09, 4.1886618618e-09, 1.95763516508e-09, 9.80266201545e-10, 7.53801299158e-10, 5.73577518814e-10, 2.56797472176e-10, 1.60577287578e-10, 3.57181173527e-10, 1.23423535281e-10, 3.82534115495e-10, 5.44890299548e-10, 4.83705964172e-10, 5.57219825836e-10, 1.06930975186e-09, 1.2063531285e-09, 2.0627020092e-09, 3.07206232675e-10, 5.12353666438e-11, 1.9769085674e-11, 8.11191131628e-12],
        "max": [0.0777404010296, 0.0356211215258, 0.0147209847346, 0.0138675561175, 0.00778656685725, 0.0108388774097, 0.0151945371181, 0.00759905856103, 0.00728473579511, 0.00581116741523, 0.00557726435363, 0.00463930470869, 0.00422171410173, 0.00137103744783, 0.0017881001113, 0.00142524507828, 0.00145697349217, 0.000844594556838, 0.000686756742653, 0.000500568479765, 0.000698212359566, 0.00056884920923, 0.000261966342805, 0.000177114387043, 0.000168896600371, 0.000127717416035, 0.000111317101982, 0.000186968056369, 9.65273138718e-05, 0.000304032408167, 0.000275336846244, 0.000251181540079, 0.000309852475766, 0.000188338584849, 0.000176026398549, 0.000228888166021, 8.64547982928e-05, 4.95097774547e-05, 2.64902046183e-05, 1.53740420501e-05],
        "mean": [0.00218822667375, 0.00104648596607, 0.000451431202237, 0.000381480524084, 0.000218564542593, 0.000676590600051, 0.000916030665394, 0.000950137793552, 0.000785137002822, 0.00049200252397, 0.00055570108816, 0.000342745421221, 0.000210445054108, 0.000130671018269, 8.15915700514e-05, 4.54899090983e-05, 4.39069299318e-05, 2.99185776385e-05, 2.09398604056e-05, 1.83037191164e-05, 2.27925520448e-05, 1.36936050694e-05, 1.08309886855e-05, 1.39855610541e-05, 1.26992181322e-05, 1.09519505713e-05, 6.7539367592e-06, 5.46289584236e-06, 5.00719215779e-06, 4.30241016147e-06, 4.20127253165e-06, 4.60039473182e-06, 5.0998005463e-06, 7.4313247751e-06, 7.0933342613e-06, 7.09634014129e-06, 5.59413820156e-06, 4.47802676717e-06, 3.1840640986e-06, 2.15332306652e-06],
        "median": [0.000140111777, 0.000370890862541, 0.000196150154807, 0.00017955522344, 0.000127203340526, 0.000314298347803, 0.000415450689616, 0.000417556148022, 0.000263797002845, 0.000212788843783, 0.000264685455477, 0.000150788138853, 8.23555965326e-05, 5.92738142586e-05, 2.29771285376e-05, 1.94058593479e-05, 1.60131912708e-05, 9.3572316473e-06, 6.42668646833e-06, 5.25873156221e-06, 3.38372183251e-06, 3.24543225361e-06, 3.51509743268e-06, 5.49017067897e-06, 7.4230069913e-06, 7.14970019544e-06, 3.49068341166e-06, 2.02554019779e-06, 2.10656230593e-06, 1.71039800989e-06, 1.60149090789e-06, 1.59488206464e-06, 1.56955854891e-06, 2.11121823668e-06, 1.91640810954e-06, 1.82389521797e-06, 2.92264985546e-06, 2.89159947897e-06, 2.00853878596e-06, 1.26133591039e-06],
        "min": [1.08647272344e-23, 6.7978502897e-24, 4.3630993422e-24, 4.599954829e-24, 7.12186307361e-24, 6.02126090472e-24, 4.49434686417e-24, 3.78490650274e-24, 1.07622920681e-23, 7.29931102335e-24, 3.53154567922e-24, 5.14784436565e-24, 9.35893691674e-24, 7.34550040707e-24, 8.41437222377e-24, 1.55602482233e-23, 1.6377923062e-23, 9.7012339187e-24, 1.04584954226e-23, 1.60357940874e-23, 1.33354900766e-23, 9.18994397818e-24, 9.77907397967e-24, 6.88099307367e-24, 1.53973042702e-23, 1.6600967172e-23, 1.39236489904e-23, 8.33645800988e-24, 8.55829595162e-24, 8.67635450811e-24, 1.24988967758e-23, 9.08338228052e-24, 9.27827273373e-24, 6.65018972774e-24, 8.06393181067e-24, 1.0505934362e-23, 1.04946820501e-23, 1.10842482917e-23, 7.77159258097e-24, 1.14926116056e-23],
        "stdev": [0.00630871532485, 0.00236754608341, 0.000955381139647, 0.000786391727161, 0.000438545859652, 0.000985952094197, 0.00144281005487, 0.00121174566448, 0.00106924667489, 0.000686342071276, 0.000761855801102, 0.000541971356142, 0.000374931172701, 0.000193452637177, 0.000168544836924, 8.37549378048e-05, 9.12728137337e-05, 6.14734235569e-05, 4.91705977765e-05, 4.05020909966e-05, 6.40534053673e-05, 4.09386884712e-05, 2.33339251281e-05, 2.21381033043e-05, 1.8386524971e-05, 1.4192515664e-05, 1.05178642116e-05, 1.15158745757e-05, 8.84528344613e-06, 1.10000073619e-05, 1.17679119285e-05, 1.11838771772e-05, 1.18820107673e-05, 1.60873569257e-05, 1.69210288732e-05, 2.09628342418e-05, 9.37770346354e-06, 5.30008037458e-06, 3.69639019482e-06, 2.51775873039e-06],
        "var": [3.97998919652e-05, 5.60527450943e-06, 9.12753137072e-07, 6.18411945652e-07, 1.9232247439e-07, 9.72101474872e-07, 2.08170081351e-06, 1.46832758219e-06, 1.14328850032e-06, 4.71065447982e-07, 5.80424227792e-07, 2.93732966838e-07, 1.40573376939e-07, 3.74239235157e-08, 2.84073635726e-08, 7.01488955812e-09, 8.330726331e-09, 3.7789820162e-09, 2.41774755771e-09, 1.64041924489e-09, 4.10283851338e-09, 1.67597624667e-09, 5.44472078534e-10, 4.90095630745e-10, 3.38064271022e-10, 2.01427513558e-10, 1.1062546712e-10, 1.32615377013e-10, 7.82390471854e-11, 1.21000168218e-10, 1.38483752243e-10, 1.25079113733e-10, 1.4118217706e-10, 2.58803062314e-10, 2.86321244491e-10, 4.39440456246e-10, 8.7941327831e-11, 2.8090850826e-11, 1.36632996584e-11, 6.3391084916e-12]
    },
    "melbands128": {
