{
"lowlevel": {
    "average_loudness": 0.980853140354,
    "barkbands_crest": {
        "dmean": 2.82695055008,
        "dmean2": 4.30344486237,
        "dvar": 7.53592967987,
        "dvar2": 16.037021637,
        "max": 26.4557552338,
        "mean": 12.574473381,
        "median": 11.7531356812,
        "min": 2.77223086357,
        "stdev": 4.88674116135,
        "var": 23.880241394
    },
    "barkbands_flatness_db": {
        "dmean": 0.0334442965686,
        "dmean2": 0.0442662201822,
        "dvar": 0.00110735523049,
        "dvar2": 0.00180551991798,
        "max": 0.490514308214,
        "mean": 0.195297271013,
        "median": 0.182320788503,
        "min": 0.0569056607783,
        "stdev": 0.0716950818896,
        "var": 0.00514018489048
    },
    "barkbands_kurtosis": {
        "dmean": 19.85572052,
        "dmean2": 29.7652263641,
        "dvar": 6335.20898438,
        "dvar2": 16058.6816406,
        "max": 1782.48925781,
        "mean": 26.8348083496,
        "median": 9.82680988312,
        "min": -1.86687302589,
        "stdev": 76.6050415039,
        "var": 5868.33251953
    },
    "barkbands_skewness": {
        "dmean": 1.20146214962,
        "dmean2": 1.65631711483,
        "dvar": 3.54808926582,
        "dvar2": 7.31911563873,
        "max": 35.8381004333,
        "mean": 3.31712913513,
        "median": 2.70406198502,
        "min": -1.89212477207,
        "stdev": 2.78802418709,
        "var": 7.77307891846
    },
    "barkbands_spread": {
        "dmean": 7.64169454575,
        "dmean2": 10.7475337982,
        "dvar": 128.390182495,
        "dvar2": 235.059448242,
        "max": 111.189231873,
        "mean": 17.4410324097,
        "median": 10.8004331589,
        "min": 0.164886906743,
        "stdev": 19.6640090942,
        "var": 386.673217773
    },
    "dissonance": {
        "dmean": 0.024305364117,
        "dmean2": 0.0394668951631,
        "dvar": 0.000541740097106,
        "dvar2": 0.00130766851362,
        "max": 0.499999940395,
        "mean": 0.448333144188,
        "median": 0.457646906376,
        "min": 0.246801704168,
        "stdev": 0.0381602719426,
        "var": 0.00145620643161
    },
    "dynamic_complexity": 3.39781570435,
    "erbbands_crest": {
        "dmean": 2.62977814674,
        "dmean2": 4.09889125824,
        "dvar": 6.43590497971,
        "dvar2": 14.8789558411,
        "max": 27.070482254,
        "mean": 9.64902019501,
        "median": 8.67556190491,
        "min": 2.79066348076,
        "stdev": 4.34672832489,
        "var": 18.8940486908
    },
    "erbbands_flatness_db": {
        "dmean": 0.0212808270007,
        "dmean2": 0.029444931075,
        "dvar": 0.000341284729075,
        "dvar2": 0.000633424089756,
        "max": 0.254050761461,
        "mean": 0.143642142415,
        "median": 0.144417837262,
        "min": 0.0420512929559,
        "stdev": 0.0396929979324,
        "var": 0.00157553411555
    },
    "erbbands_kurtosis": {
        "dmean": 1.83365881443,
        "dmean2": 2.7852191925,
        "dvar": 8.687084198,
        "dvar2": 19.52866745,
        "max": 28.7835407257,
        "mean": 1.59321379662,
        "median": 0.228975772858,
        "min": -1.80340993404,
        "stdev": 4.07200098038,
        "var": 16.5811920166
    },
    "erbbands_skewness": {
        "dmean": 0.561019301414,
        "dmean2": 0.810737431049,
        "dvar": 0.358739584684,
        "dvar2": 0.693301796913,
        "max": 4.7475528717,
        "mean": 0.874250292778,
        "median": 0.848229885101,
        "min": -2.61093997955,
        "stdev": 1.1112267971,
        "var": 1.23482489586
    },
    "erbbands_spread": {
        "dmean": 15.8038063049,
        "dmean2": 23.4751968384,
        "dvar": 318.492401123,
        "dvar2": 689.426452637,
        "max": 177.894866943,
        "mean": 53.0482635498,
        "median": 45.5673599243,
        "min": 6.628241539,
        "stdev": 30.8066692352,
        "var": 949.050842285
    },
    "hfc": {
        "dmean": 10.5989265442,
        "dmean2": 14.5364151001,
        "dvar": 615.746337891,
        "dvar2": 1204.97436523,
        "max": 221.046920776,
        "mean": 18.0367774963,
        "median": 9.43330478668,
        "min": 1.18926615403e-16,
        "stdev": 30.7414665222,
        "var": 945.037780762
    },
    "loudness_ebu128": {
        "integrated": -9.86927700043,
        "loudness_range": 1.44673156738,
        "momentary": {
            "dmean": 1.02837634087,
            "dmean2": 1.61490416527,
            "dvar": 1.81022047997,
            "dvar2": 4.82437467575,
            "max": -6.81543874741,
            "mean": -10.1191444397,
            "median": -9.83463001251,
            "min": -19.1098365784,
            "stdev": 1.62588775158,
            "var": 2.64351081848
        },
        "short_term": {
            "dmean": 0.107324883342,
            "dmean2": 0.16278269887,
            "dvar": 0.0104507645592,
            "dvar2": 0.0173589158803,
            "max": -8.53187274933,
            "mean": -9.94026756287,
            "median": -10.0935592651,
            "min": -10.7017564774,
            "stdev": 0.484268665314,
            "var": 0.234516143799
        }
    },
    "melbands_crest": {
        "dmean": 3.58770275116,
        "dmean2": 5.29631948471,
        "dvar": 13.182677269,
        "dvar2": 25.6591396332,
        "max": 37.5481681824,
        "mean": 18.0250663757,
        "median": 16.3554573059,
        "min": 3.07377958298,
        "stdev": 7.13312911987,
        "var": 50.8815307617
    },
    "melbands_flatness_db": {
        "dmean": 0.0396394245327,
        "dmean2": 0.0516357719898,
        "dvar": 0.00169896578882,
        "dvar2": 0.00278323283419,
        "max": 0.63262462616,
        "mean": 0.278151363134,
        "median": 0.268076956272,
        "min": 0.00969150196761,
        "stdev": 0.0931172445416,
        "var": 0.00867082178593
    },
    "melbands_kurtosis": {
        "dmean": 33.2697296143,
        "dmean2": 48.0378227234,
        "dvar": 6852.11083984,
        "dvar2": 14570.1064453,
        "max": 1724.23205566,
        "mean": 57.3975067139,
        "median": 25.6182518005,
        "min": -1.65824985504,
        "stdev": 105.663360596,
        "var": 11164.7460938
    },
    "melbands_skewness": {
        "dmean": 1.47048258781,
        "dmean2": 2.08454298973,
        "dvar": 3.73946237564,
        "dvar2": 7.21494054794,
        "max": 33.5112915039,
        "mean": 4.73502779007,
        "median": 3.99633550644,
        "min": -0.256018996239,
        "stdev": 3.36601781845,
        "var": 11.3300762177
    },
    "melbands_spread": {
        "dmean": 6.30606555939,
        "dmean2": 9.5045375824,
        "dvar": 147.851303101,
        "dvar2": 311.143310547,
        "max": 140.215240479,
        "mean": 12.8909015656,
        "median": 8.17321491241,
        "min": 0.194771751761,
        "stdev": 16.3513126373,
        "var": 267.36541748
    },
    "pitch_salience": {
        "dmean": 0.0876214280725,
        "dmean2": 0.133980512619,
        "dvar": 0.00864057708532,
        "dvar2": 0.0174571853131,
        "max": 0.831573843956,
        "mean": 0.48549336195,
        "median": 0.515657126904,
        "min": 0.0584458000958,
        "stdev": 0.174555361271,
        "var": 0.0304695721716
    },
    "silence_rate_20dB": {
        "dmean": 0,
        "dmean2": 0,
        "dvar": 0,
        "dvar2": 0,
        "max": 1,
        "mean": 1,
        "median": 1,
        "min": 1,
        "stdev": 0,
        "var": 0
    },
    "silence_rate_30dB": {
        "dmean": 0.0990712046623,
        "dmean2": 0.198295891285,
        "dvar": 0.0892547443509,
        "dvar2": 0.166721224785,
        "max": 1,
        "mean": 0.829853057861,
        "median": 1,
        "min": 0,
        "stdev": 0.375762254,
        "var": 0.141197264194
    },
    "silence_rate_60dB": {
        "dmean": 0.0178018584847,
        "dmean2": 0.0356312952936,
        "dvar": 0.017484895885,
        "dvar2": 0.0390094071627,
        "max": 1,
        "mean": 0.047177106142,
        "median": 0,
        "min": 0,
        "stdev": 0.212016671896,
        "var": 0.0449510663748
    },
    "spectral_centroid": {
        "dmean": 307.429595947,
        "dmean2": 437.987060547,
        "dvar": 258345.0625,
        "dvar2": 422033.5625,
        "max": 11418.2148438,
        "mean": 961.598632812,
        "median": 727.52947998,
        "min": 110.774436951,
        "stdev": 754.50958252,
        "var": 569284.75
    },
    "spectral_complexity": {
        "dmean": 3.77786374092,
        "dmean2": 5.35941123962,
        "dvar": 40.5735816956,
        "dvar2": 74.0882644653,
        "max": 59,
        "mean": 11.5877799988,
        "median": 10,
        "min": 0,
        "stdev": 8.91739940643,
        "var": 79.5200195312
    },
    "spectral_decrease": {
        "dmean": 5.91533888539e-09,
        "dmean2": 8.18519563239e-09,
        "dvar": 1.14587570017e-16,
        "dvar2": 1.90737830443e-16,
        "max": 1.13363125422e-28,
        "mean": -1.19384901964e-08,
        "median": -4.6706833956e-09,
        "min": -8.69613501209e-08,
        "stdev": 1.67986904387e-08,
        "var": 2.821960144e-16
    },
    "spectral_energy": {
        "dmean": 0.022980671376,
        "dmean2": 0.0317533873022,
        "dvar": 0.00170366035309,
        "dvar2": 0.00284641445614,
        "max": 0.331450492144,
        "mean": 0.046694625169,
        "median": 0.0185714960098,
        "min": 1.03591414713e-20,
        "stdev": 0.0644601285458,
        "var": 0.0041551082395
    },
    "spectral_energyband_high": {
        "dmean": 0.000907963549253,
        "dmean2": 0.00126797158737,
        "dvar": 6.72230271448e-06,
        "dvar2": 1.27184557641e-05,
        "max": 0.0231736246496,
        "mean": 0.001120180008,
        "median": 0.000144867794006,
        "min": 7.55060398999e-21,
        "stdev": 0.00317959534004,
        "var": 1.01098266896e-05
    },
    "spectral_energyband_low": {
        "dmean": 0.0189202390611,
        "dmean2": 0.0266992375255,
        "dvar": 0.00157028588001,
        "dvar2": 0.00260020676069,
        "max": 0.315692126751,
        "mean": 0.0336219966412,
        "median": 0.00568450847641,
        "min": 9.32357480671e-23,
        "stdev": 0.0611902438104,
        "var": 0.00374424597248
    },
    "spectral_energyband_middle_high": {
        "dmean": 0.00122672342695,
        "dmean2": 0.0019026020309,
        "dvar": 1.38392560984e-05,
        "dvar2": 3.62919090549e-05,
        "max": 0.0405143722892,
        "mean": 0.00178874027915,
        "median": 0.000718288763892,
        "min": 1.41502178572e-21,
        "stdev": 0.0034545743838,
        "var": 1.19340838864e-05
    },
    "spectral_energyband_middle_low": {
        "dmean": 0.00692146923393,
        "dmean2": 0.0113793183118,
        "dvar": 0.00025814466062,
        "dvar2": 0.00067978783045,
        "max": 0.15861749649,
        "mean": 0.0114777395502,
        "median": 0.00785927660763,
        "min": 3.09466699996e-22,
        "stdev": 0.015141136013,
        "var": 0.000229254001169
    },
    "spectral_entropy": {
        "dmean": 0.2708517313,
        "dmean2": 0.372708559036,
        "dvar": 0.0729613155127,
        "dvar2": 0.128379136324,
        "max": 9.79937171936,
        "mean": 7.35355806351,
        "median": 7.28022575378,
        "min": 5.76704740524,
        "stdev": 0.550677239895,
        "var": 0.303245425224
    },
    "spectral_flux": {
        "dmean": 0.0514615960419,
        "dmean2": 0.0762300938368,
        "dvar": 0.00476692430675,
        "dvar2": 0.00868792831898,
        "max": 0.525130033493,
        "mean": 0.101317048073,
        "median": 0.0649091228843,
        "min": 1.01779869255e-10,
        "stdev": 0.10073954612,
        "var": 0.0101484563202
    },
    "spectral_kurtosis": {
        "dmean": 1.84523427486,
        "dmean2": 2.76671695709,
        "dvar": 4.50154352188,
        "dvar2": 10.1308813095,
        "max": 28.6810417175,
        "mean": 4.4362950325,
        "median": 4.00059175491,
        "min": -1.248265028,
        "stdev": 3.33767175674,
        "var": 11.1400527954
    },
    "spectral_rms": {
        "dmean": 0.0014256258728,
        "dmean2": 0.00186719512567,
        "dvar": 4.40636131316e-06,
        "dvar2": 6.55362327961e-06,
        "max": 0.0179823897779,
        "mean": 0.0055868383497,
        "median": 0.00425658700988,
        "min": 3.17906898722e-12,
        "stdev": 0.0037872120738,
        "var": 1.43429751915e-05
    },
    "spectral_rolloff": {
        "dmean": 644.313903809,
        "dmean2": 1026.07324219,
        "dvar": 2587753.5,
        "dvar2": 4959891.5,
        "max": 19229.1503906,
        "mean": 1129.08642578,
        "median": 387.59765625,
        "min": 43.06640625,
        "stdev": 2186.49169922,
        "var": 4780746
    },
    "spectral_skewness": {
        "dmean": 0.304893314838,
        "dmean2": 0.427478849888,
        "dvar": 0.0936340913177,
        "dvar2": 0.185141474009,
        "max": 4.2655787468,
        "mean": 1.67900073528,
        "median": 1.67733979225,
        "min": -0.0316279605031,
        "stdev": 0.623525679111,
        "var": 0.388784259558
    },
    "spectral_spread": {
        "dmean": 1164292.25,
        "dmean2": 1537805.5,
        "dvar": 2.07941599232e+12,
        "dvar2": 2.8891241513e+12,
        "max": 41084068,
        "mean": 5973514.5,
        "median": 5192829,
        "min": 1920171.5,
        "stdev": 2460584,
        "var": 6.05447310541e+12
    },
    "spectral_strongpeak": {
        "dmean": 0.301189363003,
        "dmean2": 0.463683992624,
        "dvar": 0.151536777616,
        "dvar2": 0.326551735401,
        "max": 3.65284609795,
        "mean": 0.694623351097,
        "median": 0.472588002682,
        "min": 0,
        "stdev": 0.614511191845,
        "var": 0.377624005079
    },
    "zerocrossingrate": {
        "dmean": 0.0158041380346,
        "dmean2": 0.0171272866428,
        "dvar": 0.00057142181322,
        "dvar2": 0.000570130941924,
        "max": 0.5390625,
        "mean": 0.0488402098417,
        "median": 0.03466796875,
        "min": 0.001953125,
        "stdev": 0.0498996376991,
        "var": 0.00248997379094
    },
    "barkbands": {
        "dmean": [0.00131798360962, 0.0145899355412, 0.00788126792759, 0.00312451948412, 0.00242036022246, 0.00151062686928, 0.00078249926446, 0.000473942054668, 0.00034033859265, 0.000301216408843, 0.000153691056767, 0.000105880913907, 0.000112367728434, 0.000151381464093, 0.000139930969453, 0.000109199470899, 0.000174717017217, 0.000117074545415, 0.000159335453645, 0.000272060802672, 0.00018265430117, 0.000130317683215, 0.000118250376545, 0.000117535979371, 0.000177525260369, 7.6834250649e-05, 2.60407568931e-06],
        "dmean2": [0.00167751288973, 0.0203299876302, 0.0132397739217, 0.00561512121931, 0.00406597740948, 0.00234144576825, 0.00118316686712, 0.000681275152601, 0.000513666251209, 0.00047569104936, 0.00024283809762, 0.000163872900885, 0.000174681321369, 0.000257927429629, 0.000227611191804, 0.000179147711606, 0.000285641144728, 0.000183931639185, 0.000247626507189, 0.00045693165157, 0.000279423751635, 0.000190830221982, 0.000167117497767, 0.000154492008733, 0.000234585808357, 0.000105610517494, 4.38358256361e-06],
        "dvar": [1.61567822943e-05, 0.00114038551692, 0.00046692363685, 0.000122957906569, 3.29346585204e-05, 8.02481281426e-06, 2.63054516836e-06, 1.27519717807e-06, 8.51406980473e-07, 8.28431609534e-07, 1.86620013665e-07, 8.71589094231e-08, 1.02872689922e-07, 2.28574990047e-07, 2.17331844965e-07, 9.38520443583e-08, 2.7413858561e-07, 1.12382018358e-07, 1.75925350732e-07, 1.1488899645e-06, 3.8229944721e-07, 1.744183038e-07, 1.07467855059e-07, 1.01880381465e-07, 3.32558045102e-07, 6.33844408071e-08, 5.09239976576e-11],
        "dvar2": [2.50963166764e-05, 0.00196012295783, 0.00127767026424, 0.000334267795552, 8.55863909237e-05, 1.90914270206e-05, 5.21537049281e-06, 2.33653713622e-06, 1.6384507262e-06, 2.08371238841e-06, 4.71629391541e-07, 2.10554645719e-07, 2.35090553247e-07, 6.16792476649e-07, 5.63979313029e-07, 2.48157903115e-07, 7.31580257707e-07, 2.72523379863e-07, 4.2120825583e-07, 3.12475503961e-06, 7.92818923401e-07, 3.2110955317e-07, 2.09702662346e-07, 1.69735315581e-07, 6.27371946393e-07, 1.23859322798e-07, 1.25192967104e-10],
        "max": [0.0341866612434, 0.280487567186, 0.144445478916, 0.116552039981, 0.0586808212101, 0.0341559424996, 0.023621821776, 0.0183085743338, 0.017973324284, 0.0103453276679, 0.00467106467113, 0.00463624671102, 0.00470009911805, 0.00424792105332, 0.00536422710866, 0.00330446055159, 0.00576751213521, 0.00426704529673, 0.00403395481408, 0.0110085885972, 0.00649977196008, 0.00427667796612, 0.00333832670003, 0.0037339089904, 0.00824058894068, 0.00339801167138, 7.7960001363e-05],
        "mean": [0.00153450260404, 0.0226791538298, 0.00816758256406, 0.00257080211304, 0.00321762776002, 0.00292436103337, 0.00130924605764, 0.00078010262223, 0.000519013148732, 0.000360110483598, 0.000179728885996, 0.000137449256727, 0.000141233191243, 0.000144766119774, 0.00014753366122, 0.000121333272546, 0.000201837901841, 0.00014418628416, 0.000191163591808, 0.000259476539213, 0.000194367821678, 0.000147840051795, 0.000142667689943, 0.000167383957887, 0.000206802767934, 0.000102068239357, 2.32386878452e-06],
        "median": [2.07896446227e-05, 0.00293461792171, 0.000696444301866, 0.000526098592672, 0.00158682581969, 0.00132135604508, 0.00042689460679, 0.000177122012246, 0.000116936258564, 6.90622182447e-05, 3.02969237964e-05, 1.8466520487e-05, 1.99693149625e-05, 1.87919140444e-05, 2.49281220022e-05, 2.51187429967e-05, 4.83248404635e-05, 2.61237437371e-05, 3.73472830688e-05, 3.68524379155e-05, 1.17161926028e-05, 1.28834517454e-05, 1.98539473786e-05, 2.39630662691e-05, 1.92219577002e-05, 8.07323704066e-06, 2.14233736529e-07],
        "min": [1.88178430205e-23, 1.53049460131e-23, 2.81972177456e-23, 5.3479342011e-23, 1.15833924564e-22, 6.0294992947e-23, 1.5909103026e-23, 1.16348037837e-23, 4.89866466271e-23, 1.02905958453e-22, 1.26536545615e-22, 1.01714873149e-22, 7.49947974488e-23, 3.14743352725e-23, 1.83529423611e-22, 6.53539705539e-23, 1.4971568977e-22, 2.32179737813e-22, 2.80427808685e-22, 1.77923348878e-22, 5.49569933446e-22, 3.6579316092e-22, 7.61880903008e-22, 6.62945426641e-22, 9.31124257573e-22, 1.57836743945e-21, 2.76384791785e-21],
        "stdev": [0.00525471987203, 0.0480657406151, 0.0198858454823, 0.00902604591101, 0.0055695050396, 0.00395489670336, 0.00234508700669, 0.00184162857477, 0.00142692716327, 0.000960362143815, 0.000451421306934, 0.000359984056558, 0.000406571984058, 0.000436712871306, 0.000434398825746, 0.000288630631985, 0.000475974404253, 0.00035262532765, 0.000429440668086, 0.000895655190106, 0.000664482242428, 0.000489199475851, 0.000393729511416, 0.000463670119643, 0.000722973723896, 0.000340402126312, 7.5283383012e-06],
        "var": [2.76120790659e-05, 0.00231031537987, 0.000395446841139, 8.14695085865e-05, 3.10193863697e-05, 1.56412097567e-05, 5.49943342776e-06, 3.39159601026e-06, 2.03612103178e-06, 9.2229549864e-07, 2.03781198138e-07, 1.29588514142e-07, 1.65300789945e-07, 1.90718139947e-07, 1.88702330206e-07, 8.3307647003e-08, 2.26551620131e-07, 1.24344623487e-07, 1.84419292282e-07, 8.02198258043e-07, 4.41536627704e-07, 2.39316108264e-07, 1.55022931381e-07, 2.14989967162e-07, 5.22691038896e-07, 1.15873604045e-07, 5.66758792675e-11]
    },
    "erbbands": {
        "dmean": [0.448584645987, 3.61870574951, 9.73700332642, 9.00623321533, 9.74513149261, 6.93684911728, 8.72198390961, 12.943113327, 13.3009538651, 9.77162837982, 10.5898675919, 8.76315975189, 7.69293737411, 9.21393108368, 4.76343774796, 4.534760952, 5.35161304474, 7.73895645142, 6.38207626343, 5.97166395187, 7.86600160599, 8.48934650421, 6.64586162567, 7.09184503555, 8.23222064972, 13.4755115509, 8.5097618103, 6.88986539841, 4.93555450439, 3.93515753746, 3.27762341499, 2.52030777931, 2.07630181313, 1.76923036575, 1.32178878784, 0.495367079973, 0.127868980169, 0.0120353652164, 0.000358601799235, 3.64645566151e-05],
        "dmean2": [0.591878473759, 5.22161531448, 15.5786209106, 16.2710952759, 17.1227607727, 11.4036483765, 13.9019126892, 19.9759292603, 19.3533592224, 14.6260890961, 14.6934604645, 13.2685251236, 11.9862232208, 15.3125982285, 7.27901792526, 6.88962936401, 8.24272060394, 12.987537384, 10.4379920959, 9.55948448181, 12.9767894745, 13.5137310028, 10.3534545898, 11.2342376709, 12.6329030991, 22.7416229248, 13.6571149826, 10.5176496506, 7.14489746094, 5.61151266098, 4.67785978317, 3.60376572609, 2.79011702538, 2.28745913506, 1.78786146641, 0.653307974339, 0.189355939627, 0.017999380827, 0.000549199117813, 5.00457172166e-05],
        "dvar": [1.63435637951, 73.98097229, 616.972473145, 803.400817871, 916.656860352, 214.68699646, 222.080322266, 600.013977051, 785.593139648, 469.567138672, 774.081970215, 572.581237793, 418.514129639, 1459.48974609, 121.557937622, 181.025192261, 240.492797852, 652.442260742, 403.476379395, 358.72064209, 705.002990723, 492.87109375, 363.089141846, 380.785552979, 455.448394775, 2988.15795898, 885.988708496, 520.134155273, 258.46685791, 136.239624023, 81.0267715454, 50.6510314941, 31.604352951, 29.6000480652, 19.1983718872, 2.57917332649, 0.195737838745, 0.000931870890781, 7.82124288889e-07, 4.14675094262e-09],
        "dvar2": [2.10557699203, 151.165802002, 1571.86608887, 2253.72192383, 2435.75732422, 546.128662109, 552.022216797, 1406.01281738, 1476.72521973, 948.623474121, 1386.14916992, 1090.67700195, 1036.86560059, 3829.8515625, 283.711669922, 434.822387695, 541.221008301, 1758.73547363, 1073.69799805, 896.467163086, 1925.13464355, 1270.89025879, 899.393127441, 925.188110352, 1085.0546875, 8201.91210938, 1884.68225098, 1144.67346191, 494.800109863, 271.31640625, 152.030776978, 90.4519195557, 53.9182243347, 55.7896003723, 34.7525672913, 4.42581319809, 0.424665510654, 0.00199171435088, 1.79089852281e-06, 7.31773219798e-09],
        "max": [10.8046894073, 64.8559570312, 168.4793396, 205.629135132, 300.161193848, 157.636627197, 193.746017456, 275.736633301, 439.715057373, 287.519775391, 488.546478271, 451.555023193, 300.297363281, 452.558441162, 116.01738739, 205.713195801, 236.868499756, 245.301849365, 190.79234314, 299.672393799, 308.940185547, 260.599884033, 216.404129028, 180.888717651, 218.156494141, 577.700866699, 296.79385376, 225.246566772, 189.458465576, 134.05632019, 96.3527450562, 86.0130081177, 62.76953125, 84.1331787109, 57.1962661743, 20.5749702454, 6.85356760025, 0.399152249098, 0.00845405831933, 0.000489518337417],
        "mean": [0.695784330368, 4.79442882538, 11.0884723663, 7.82996797562, 9.36145687103, 10.1886091232, 16.126209259, 23.6848468781, 24.3673648834, 15.7533550262, 17.8078269958, 14.1432685852, 10.4261198044, 9.83141231537, 6.53982448578, 6.196849823, 7.04538345337, 7.89872312546, 6.94453144073, 6.81807374954, 8.51666545868, 10.5791912079, 8.6800775528, 8.26367759705, 10.3234348297, 12.5843667984, 9.32789611816, 6.84335565567, 5.50889539719, 4.43280363083, 4.09383440018, 3.3632979393, 2.91925215721, 2.1600215435, 1.51099979877, 0.635104596615, 0.166596278548, 0.0136220464483, 0.000403317331802, 6.92776884534e-05],
        "median": [0.090456135571, 0.627681910992, 0.849542200565, 2.08911967278, 2.88052964211, 5.04681158066, 8.2746515274, 8.97159862518, 6.7261428833, 5.35038995743, 3.74976611137, 3.37508749962, 2.60386443138, 1.12551522255, 1.3406714201, 1.0373711586, 1.04152488708, 1.0196300745, 1.12471354008, 1.5936549902, 1.67612040043, 2.73059606552, 1.90755677223, 1.48218822479, 2.16821885109, 1.82235872746, 0.779543757439, 0.392403781414, 0.412677288055, 0.590530335903, 0.545501232147, 0.425170242786, 0.428315907717, 0.243420019746, 0.113008335233, 0.0480295419693, 0.0122583899647, 0.00192982354201, 6.56651318423e-05, 2.71357803285e-05],
        "min": [9.70705233586e-22, 1.56663221841e-21, 1.8408526485e-20, 1.50332696329e-19, 5.76931012274e-20, 4.31234456483e-19, 8.04137945627e-19, 5.09957829916e-19, 3.19496547045e-19, 3.42993336127e-19, 3.0444682298e-19, 1.16883071076e-18, 1.29112770997e-18, 4.83515564409e-18, 6.17959504114e-18, 3.30371097647e-18, 3.98350165235e-18, 1.69291456249e-18, 3.97034493111e-18, 1.05800594151e-17, 4.38633199322e-18, 8.77617205941e-18, 1.10509294973e-17, 1.34377103511e-17, 1.44796460759e-17, 8.53333830134e-18, 1.80688125322e-17, 2.13144525346e-17, 1.457695064e-17, 1.49415338038e-17, 2.1592461321e-17, 1.65097292788e-17, 1.12940138911e-17, 9.32126340357e-18, 7.2293542401e-18, 5.44887609572e-18, 2.54358865541e-18, 1.7694139833e-18, 3.9609592746e-19, 3.63192033323e-20],
        "stdev": [1.90584969521, 10.2926969528, 25.5361690521, 22.3193645477, 25.8303184509, 16.4027633667, 19.8791179657, 34.2644042969, 47.0089035034, 31.9513053894, 43.6893463135, 38.0919418335, 23.4977912903, 35.7066574097, 13.6512260437, 16.3143615723, 20.2528247833, 23.4336071014, 19.5417251587, 18.0109786987, 22.9821395874, 21.8925209045, 20.0230255127, 19.5490093231, 22.2619571686, 45.0275878906, 31.5780563354, 23.4115180969, 18.6320877075, 13.2175283432, 11.1847791672, 9.50060176849, 8.17255592346, 6.97363519669, 5.54753732681, 2.21274399757, 0.574449777603, 0.0374222844839, 0.00102886953391, 9.38274388318e-05],
        "var": [3.63226294518, 105.939605713, 652.09588623, 498.154052734, 667.205383301, 269.05065918, 395.179321289, 1174.04943848, 2209.8371582, 1020.88592529, 1908.7590332, 1450.99609375, 552.146179199, 1274.9654541, 186.35597229, 266.15838623, 410.1769104, 549.133972168, 381.879058838, 324.395385742, 528.178710938, 479.282440186, 400.921539307, 382.163787842, 495.594726562, 2027.48376465, 997.17364502, 548.099182129, 347.154693604, 174.703048706, 125.099281311, 90.2614364624, 66.7906723022, 48.6315879822, 30.7751712799, 4.89623641968, 0.329992562532, 0.00140042742714, 1.05857247945e-06, 8.80358808075e-09]
    },
    "gfcc": {
        "mean": [-31.156457901, 88.0468673706, -69.5347290039, 42.4653396606, -59.3016357422, 7.61244297028, -46.5115509033, 16.7465953827, -24.1087226868, 5.66261386871, -12.3349266052, 2.53764915466, -9.65043258667],
        "cov": [[5575.82373047, -730.615539551, -819.354492188, 8.70943832397, -159.714996338, 58.3722305298, -71.2771759033, 134.066299438, -195.165664673, 64.960105896, -142.749862671, -66.6230163574, -208.291595459], [-730.615539551, 1621.30273438, -225.682785034, -370.114807129, 344.087097168, -41.4559173584, 208.381286621, 138.060760498, 229.86730957, -151.728851318, 300.927947998, -31.1520557404, 11.7373666763], [-819.354492188, -225.682785034, 1150.41113281, 369.742004395, 138.627639771, 296.661560059, 205.445159912, -2.04050898552, 71.3024673462, 101.912155151, -28.315454483, 127.760894775, 107.197425842], [8.70943832397, -370.114807129, 369.742004395, 650.820983887, 181.37538147, 3.05038714409, -39.4301986694, -26.6292171478, 52.9341392517, 55.7514457703, -24.9819259644, 37.2140655518, 103.378303528], [-159.714996338, 344.087097168, 138.627639771, 181.37538147, 418.915527344, 39.9601287842, 77.1656341553, 71.8378601074, 149.938171387, 10.9749641418, 97.3850631714, 13.0820026398, 43.4661407471], [58.3722305298, -41.4559173584, 296.661560059, 3.05038714409, 39.9601287842, 375.161773682, 233.968780518, 29.7631587982, 16.2267036438, 50.6457366943, -1.22059357166, 46.0001373291, 14.9545230865], [-71.2771759033, 208.381286621, 205.445159912, -39.4301986694, 77.1656341553, 233.968780518, 336.317626953, 91.2155380249, 25.0660152435, 12.8465223312, 67.8450775146, 47.8722229004, 17.1995944977], [134.066299438, 138.060760498, -2.04050898552, -26.6292171478, 71.8378601074, 29.7631587982, 91.2155380249, 148.322738647, 52.2807655334, -5.90641498566, 65.5291824341, 32.6294136047, 2.2393040657], [-195.165664673, 229.86730957, 71.3024673462, 52.9341392517, 149.938171387, 16.2267036438, 25.0660152435, 52.2807655334, 185.548248291, 35.6168670654, 60.6977958679, 5.31329250336, 35.9757080078], [64.960105896, -151.728851318, 101.912155151, 55.7514457703, 10.9749641418, 50.6457366943, 12.8465223312, -5.90641498566, 35.6168670654, 125.373695374, 4.38900995255, 3.29868984222, 16.3658695221], [-142.749862671, 300.927947998, -28.315454483, -24.9819259644, 97.3850631714, -1.22059357166, 67.8450775146, 65.5291824341, 60.6977958679, 4.38900995255, 159.689941406, 37.6738815308, 16.3450012207], [-66.6230163574, -31.1520557404, 127.760894775, 37.2140655518, 13.0820026398, 46.0001373291, 47.8722229004, 32.6294136047, 5.31329250336, 3.29868984222, 37.6738815308, 109.152015686, 42.0191688538], [-208.291595459, 11.7373666763, 107.197425842, 103.378303528, 43.4661407471, 14.9545230865, 17.1995944977, 2.2393040657, 35.9757080078, 16.3658695221, 16.3450012207, 42.0191688538, 103.48160553]],
        "icov": [[0.000287629605737, -1.63645672728e-05, 0.000352048897184, -0.000268504343694, -6.8587341957e-06, -0.000279314117506, 8.65559268277e-05, -0.000526543415617, 0.000283676228719, -0.000413135829149, 0.000399076961912, -0.000255545950495, 0.000532055681106], [-1.63645672728e-05, 0.00290299602784, -0.000274189049378, 0.00199851207435, -0.00146882608533, 0.000807172851637, -0.00143203616608, 0.00127074448392, -0.0023674487602, 0.00380817730911, -0.00386178656481, 0.00246589770541, -0.00153439783026], [0.000352048897184, -0.000274189049378, 0.00213642138988, -0.00122900586575, 4.51896585218e-06, -0.00103832001332, -0.000485617201775, -0.000117876283184, 3.99486489187e-05, -0.0013574907789, 0.001701705507, -0.00210548727773, 0.000772737024818], [-0.000268504343694, 0.00199851207435, -0.00122900586575, 0.00426676683128, -0.00227778335102, 0.00118689762894, -0.0003630737192, 0.00136419001501, -0.00120125105605, 0.00228434195742, -0.002296108054, 0.00197602878325, -0.00332380854525], [-6.8587341957e-06, -0.00146882608533, 4.51896585218e-06, -0.00227778335102, 0.00521549861878, -0.000662961392663, 0.000303262873786, -0.00115012656897, -0.00147501693573, -0.000744900375139, 6.67054919177e-05, -8.42912559165e-05, 0.000957502576057], [-0.000279314117506, 0.000807172851637, -0.00103832001332, 0.00118689762894, -0.000662961392663, 0.00656157406047, -0.0046358294785, 0.00185777887236, -0.00123829243239, -0.000226249481784, 0.000473540480016, -0.000371791480575, -0.000160879877512], [8.65559268277e-05, -0.00143203616608, -0.000485617201775, -0.0003630737192, 0.000303262873786, -0.0046358294785, 0.0083083556965, -0.00391712225974, 0.00271174986847, -0.00113599281758, -0.000470362545457, -7.37480950193e-05, -0.000210031590541], [-0.000526543415617, 0.00127074448392, -0.000117876283184, 0.00136419001501, -0.00115012656897, 0.00185777887236, -0.00391712225974, 0.0123580545187, -0.00408774893731, 0.00291531649418, -0.00352190807462, -0.00172299484257, 0.000369532732293], [0.000283676228719, -0.0023674487602, 3.99486489187e-05, -0.00120125105605, -0.00147501693573, -0.00123829243239, 0.00271174986847, -0.00408774893731, 0.0117378048599, -0.00561274122447, 0.00175193930045, -1.93577616301e-05, -0.00102743424941], [-0.000413135829149, 0.00380817730911, -0.0013574907789, 0.00228434195742, -0.000744900375139, -0.000226249481784, -0.00113599281758, 0.00291531649418, -0.00561274122447, 0.0153974695131, -0.00679678749293, 0.00477082841098, -0.00301555264741], [0.000399076961912, -0.00386178656481, 0.001701705507, -0.002296108054, 6.67054919177e-05, 0.000473540480016, -0.000470362545457, -0.00352190807462, 0.00175193930045, -0.00679678749293, 0.0164893493056, -0.00766692170873, 0.0028047868982], [-0.000255545950495, 0.00246589770541, -0.00210548727773, 0.00197602878325, -8.42912559165e-05, -0.000371791480575, -7.37480950193e-05, -0.00172299484257, -1.93577616301e-05, 0.00477082841098, -0.00766692170873, 0.0174372494221, -0.00706561887637], [0.000532055681106, -0.00153439783026, 0.000772737024818, -0.00332380854525, 0.000957502576057, -0.000160879877512, -0.000210031590541, 0.000369532732293, -0.00102743424941, -0.00301555264741, 0.0028047868982, -0.00706561887637, 0.0163366291672]]
    },
    "melbands": {
        "dmean": [0.00371655379422, 0.00455016456544, 0.00157988641877, 0.000572341843508, 0.000298915518215, 0.000292526121484, 0.000190569320694, 0.000101872523373, 8.58398052515e-05, 4.95274362038e-05, 3.75107883883e-05, 3.7635985791e-05, 1.91763101611e-05, 1.26655231725e-05, 9.48599608819e-06, 1.29777181428e-05, 1.4620904949e-05, 9.4808274298e-06, 1.04864247987e-05, 6.63812943458e-06, 1.05767121568e-05, 9.71921417658e-06, 6.8723215918e-06, 5.76086131332e-06, 5.84657800573e-06, 6.55497615298e-06, 6.47109300189e-06, 1.01523646663e-05, 5.58942747375e-06, 4.73466434414e-06, 3.85020848626e-06, 2.93097082249e-06, 2.4158296128e-06, 2.09334302781e-06, 1.90678315448e-06, 1.8229543457e-06, 1.48573678871e-06, 1.40667623327e-06, 1.58225816449e-06, 1.49144818806e-06],
        "dmean2": [0.0051820804365, 0.00658785644919, 0.00281904125586, 0.000986238825135, 0.000472914980492, 0.000447682628874, 0.000275363447145, 0.000150526582729, 0.000120465076179, 7.65287695685e-05, 5.85993257118e-05, 6.23922314844e-05, 2.99249131785e-05, 1.96499604499e-05, 1.41733080454e-05, 2.12853210542e-05, 2.4600100005e-05, 1.56136793521e-05, 1.73807293322e-05, 1.04723703771e-05, 1.77460315172e-05, 1.58310431289e-05, 1.05928684206e-05, 9.10592734726e-06, 9.47249009187e-06, 1.00997203845e-05, 1.03553693407e-05, 1.74020660779e-05, 9.04729131435e-06, 7.41642907087e-06, 6.00558314545e-06, 4.30490763392e-06, 3.52694314643e-06, 3.00880196846e-06, 2.75011097983e-06, 2.72099214271e-06, 2.13400221583e-06, 1.94122026187e-06, 2.14166584556e-06, 2.00796762329e-06],
        "dvar": [9.04030530364e-05, 0.000111013498099, 2.3859396606e-05, 2.32973002312e-06, 2.22951470619e-07, 3.03529930079e-07, 1.5703338363e-07, 4.87499818291e-08, 4.92261733598e-08, 1.90327185123e-08, 9.98711247036e-09, 2.43131363931e-08, 2.22031126818e-09, 1.21809573539e-09, 7.79549258478e-10, 1.58087054558e-09, 2.20222706737e-09, 8.8530888176e-10, 1.62822977323e-09, 2.88205792565e-10, 1.49456602649e-09, 8.01157029606e-10, 2.60073518277e-10, 3.16272397161e-10, 2.63293054026e-10, 2.87660728571e-10, 3.79499293102e-10, 1.84423865068e-09, 3.74928532665e-10, 2.84883672208e-10, 1.61265542586e-10, 1.0013842533e-10, 5.53947859805e-11, 3.71648198327e-11, 2.76073382904e-11, 2.5820567906e-11, 1.82390248737e-11, 1.38681557557e-11, 2.19151918834e-11, 2.21862528349e-11],
        "dvar2": [0.000130734610138, 0.000250373297604, 6.58959615976e-05, 6.06373032497e-06, 5.42023542494e-07, 6.87728402227e-07, 2.9241152788e-07, 9.52517780206e-08, 8.90163178724e-08, 3.77729065804e-08, 2.48111273748e-08, 6.30524041867e-08, 5.20100496004e-09, 2.89232904294e-09, 1.63815760956e-09, 3.96131571989e-09, 5.93441784602e-09, 2.37493824606e-09, 4.27138857617e-09, 7.08386738157e-10, 4.14208001231e-09, 2.15358597622e-09, 5.8026961014e-10, 7.99473820479e-10, 6.46509124014e-10, 6.83360590337e-10, 9.6926822124e-10, 5.11724707053e-09, 8.22215073804e-10, 6.27544516352e-10, 3.59916096926e-10, 1.93898869183e-10, 1.0870821604e-10, 7.56977674987e-11, 5.28744409367e-11, 5.0454286582e-11, 3.32880355225e-11, 2.39831973725e-11, 4.30538625584e-11, 4.30970502341e-11],
        "max": [0.0862280800939, 0.081752166152, 0.0394625402987, 0.0150423385203, 0.00510317739099, 0.00702824955806, 0.00589390611276, 0.00382621213794, 0.00387715105899, 0.00242323311977, 0.00146534608211, 0.00182019581553, 0.00049988925457, 0.000583541870583, 0.000455513974885, 0.000405882514315, 0.00043001351878, 0.000327324436512, 0.000499935762491, 0.000268579256954, 0.000471248902613, 0.000326873734593, 0.000175267035956, 0.000217716427869, 0.000149439583765, 0.000191900107893, 0.000215974636376, 0.000436007219832, 0.000205178483156, 0.000180934832315, 0.000120677330415, 0.000114260590635, 8.45834656502e-05, 6.76696727169e-05, 5.82676111662e-05, 4.5351938752e-05, 5.46212104382e-05, 4.26511833211e-05, 6.12369694863e-05, 7.28523518774e-05],
        "mean": [0.00615677982569, 0.0058307768777, 0.00144984456711, 0.000685847713612, 0.000564396905247, 0.000561006425414, 0.000349331909092, 0.00016264829901, 0.000143830227898, 7.64666547184e-05, 4.9327420129e-05, 3.95711394958e-05, 2.43449212576e-05, 1.74353917828e-05, 1.28779165607e-05, 1.52014545165e-05, 1.4529150576e-05, 1.02789626908e-05, 1.05567296487e-05, 8.0483232523e-06, 1.07246669359e-05, 1.11889112304e-05, 9.58486907621e-06, 6.50629999654e-06, 6.48403556625e-06, 7.95891264715e-06, 7.16804470358e-06, 8.87312125997e-06, 6.00141765972e-06, 4.75697515867e-06, 3.73051511815e-06, 3.2423056382e-06, 2.64780396719e-06, 2.3804295779e-06, 2.38508482653e-06, 2.17616138798e-06, 1.97977851712e-06, 1.98465590984e-06, 1.97763347387e-06, 1.75731133822e-06],
        "median": [0.000861360982526, 0.000686468440108, 0.000409031868912, 0.000307305075694, 0.000315264769597, 0.000214189640246, 9.83873105724e-05, 5.309896369e-05, 3.10259674734e-05, 1.81501291081e-05, 1.12297284431e-05, 4.01642682846e-06, 4.48177115686e-06, 2.78606785287e-06, 2.3355059966e-06, 1.77130948487e-06, 1.7982611098e-06, 1.55438965521e-06, 1.80289487162e-06, 2.02038813768e-06, 1.82896781098e-06, 2.66453002951e-06, 2.13706402974e-06, 1.08208678284e-06, 1.0004429214e-06, 1.51450763042e-06, 1.38334542044e-06, 1.11180850126e-06, 4.8586525736e-07, 2.29313542377e-07, 2.10245232779e-07, 2.09593849831e-07, 2.78419747701e-07, 3.40702882795e-07, 3.34175410899e-07, 2.54519505916e-07, 2.56869839177e-07, 2.90743457754e-07, 2.79767903066e-07, 1.76044807176e-07],
        "min": [6.59016135716e-24, 9.45254315175e-24, 2.09542661008e-23, 1.34828414051e-23, 3.0736059284e-23, 1.06638808813e-23, 4.76309481407e-24, 3.49897242915e-24, 3.410309591e-24, 7.2664478669e-24, 7.00933206548e-24, 1.93399521884e-23, 2.01253689269e-23, 1.36400582281e-23, 5.45109669712e-24, 8.52125262123e-24, 2.3777661995e-24, 4.61262117412e-24, 1.4530603304e-23, 9.36967725796e-24, 4.4624536122e-24, 9.6075850852e-24, 8.16496359339e-24, 1.15632809209e-23, 1.05687182238e-23, 1.18847472618e-23, 6.54498408198e-24, 5.61196160734e-24, 8.56344879105e-24, 1.51983330395e-23, 1.12063892033e-23, 9.48870690223e-24, 5.37062341845e-24, 8.86835615269e-24, 1.10126173549e-23, 1.42389756268e-23, 8.82847292305e-24, 7.33930232694e-24, 7.98176405879e-24, 7.67537837181e-24],
        "stdev": [0.0144063886255, 0.012175749056, 0.00393160711974, 0.00139410293195, 0.000675429415423, 0.000818938890006, 0.00065977248596, 0.000334758515237, 0.000345036649378, 0.000208788973396, 0.000114412010589, 0.000149053477799, 5.5679698562e-05, 4.39638461103e-05, 3.61745878763e-05, 4.39088107669e-05, 4.36041627836e-05, 2.93032680929e-05, 3.54598159902e-05, 1.76366302185e-05, 3.23404819937e-05, 2.57439751294e-05, 1.96093678824e-05, 1.73666776391e-05, 1.60957915796e-05, 1.77912152139e-05, 1.82159910764e-05, 3.46998240275e-05, 2.02304654522e-05, 1.72826748894e-05, 1.28427018353e-05, 1.14509703053e-05, 8.47745286592e-06, 6.87132387611e-06, 6.50827178106e-06, 6.08595837548e-06, 5.73208308197e-06, 5.4762003856e-06, 6.00411158302e-06, 5.8601008277e-06],
        "var": [0.000207544042496, 0.00014824885875, 1.54575336637e-05, 1.94352310245e-06, 4.56204901411e-07, 6.7066093834e-07, 4.35299710944e-07, 1.12063254676e-07, 1.19050284297e-07, 4.35928342313e-08, 1.30901076645e-08, 2.22169393993e-08, 3.10022874039e-09, 1.93281968208e-09, 1.30860078329e-09, 1.92798355059e-09, 1.90132287692e-09, 8.58681514782e-10, 1.25739862966e-09, 3.1105074072e-10, 1.04590680561e-09, 6.62752297487e-10, 3.84527298891e-10, 3.01601521535e-10, 2.59074511844e-10, 3.16527359878e-10, 3.31822319621e-10, 1.20407772641e-09, 4.09271699864e-10, 2.98690877587e-10, 1.64934982338e-10, 1.31124722191e-10, 7.18672135691e-11, 4.72150929465e-11, 4.23576000663e-11, 3.70388893167e-11, 3.28567763275e-11, 2.9988768413e-11, 3.60493544738e-11, 3.43407802195e-11]
    },
    "melbands128": {
