{
"lowlevel": {
    "average_loudness": 0.953811645508,
    "barkbands_crest": {
        "dmean": 2.58215999603,
        "dmean2": 4.26931476593,
        "dvar": 6.67487716675,
        "dvar2": 19.5112781525,
        "max": 24.8892288208,
        "mean": 11.3854398727,
        "median": 10.8238096237,
        "min": 3.48962283134,
        "stdev": 3.96044993401,
        "var": 15.6851634979
    },
    "barkbands_flatness_db": {
        "dmean": 0.0236886609346,
        "dmean2": 0.0368924699724,
        "dvar": 0.000587218790315,
        "dvar2": 0.00140354863834,
        "max": 0.339207798243,
        "mean": 0.165100604296,
        "median": 0.1614356637,
        "min": 0.0476061813533,
        "stdev": 0.0407206714153,
        "var": 0.00165817304514
    },
    "barkbands_kurtosis": {
        "dmean": 3.58334350586,
        "dmean2": 5.83278560638,
        "dvar": 20.2038993835,
        "dvar2": 47.4710044861,
        "max": 54.7542037964,
        "mean": 7.45377397537,
        "median": 6.2548532486,
        "min": -1.8472687006,
        "stdev": 6.40917682648,
        "var": 41.077545166
    },
    "barkbands_skewness": {
        "dmean": 0.556464135647,
        "dmean2": 0.880584955215,
        "dvar": 0.367422729731,
        "dvar2": 0.840165257454,
        "max": 6.67938041687,
        "mean": 2.2172870636,
        "median": 2.2144780159,
        "min": -1.80749976635,
        "stdev": 0.939527869225,
        "var": 0.882712602615
    },
    "barkbands_spread": {
        "dmean": 4.81169366837,
        "dmean2": 7.415807724,
        "dvar": 51.9944000244,
        "dvar2": 119.818511963,
        "max": 73.2732391357,
        "mean": 15.7132291794,
        "median": 14.1210823059,
        "min": 1.54284501076,
        "stdev": 9.38577461243,
        "var": 88.0927658081
    },
    "dissonance": {
        "dmean": 0.022911394015,
        "dmean2": 0.0380648486316,
        "dvar": 0.00050799647579,
        "dvar2": 0.00131091603544,
        "max": 0.49993377924,
        "mean": 0.450550675392,
        "median": 0.454773694277,
        "min": 0.236358582973,
        "stdev": 0.0293983835727,
        "var": 0.000864264962729
    },
    "dynamic_complexity": 1.53174388409,
    "erbbands_crest": {
        "dmean": 2.66297984123,
        "dmean2": 4.38876056671,
        "dvar": 6.4259519577,
        "dvar2": 16.2495040894,
        "max": 23.6202278137,
        "mean": 8.48847103119,
        "median": 7.6048169136,
        "min": 3.09355115891,
        "stdev": 3.69015359879,
        "var": 13.6172332764
    },
    "erbbands_flatness_db": {
        "dmean": 0.0148041658103,
        "dmean2": 0.0230772793293,
        "dvar": 0.000217780354433,
        "dvar2": 0.000460013863631,
        "max": 0.262987226248,
        "mean": 0.141301602125,
        "median": 0.138501167297,
        "min": 0.0573674812913,
        "stdev": 0.0294114276767,
        "var": 0.000865032023285
    },
    "erbbands_kurtosis": {
        "dmean": 1.01736783981,
        "dmean2": 1.59061658382,
        "dvar": 1.98749387264,
        "dvar2": 4.87632465363,
        "max": 21.243637085,
        "mean": 1.0318428278,
        "median": 0.46990776062,
        "min": -1.59373807907,
        "stdev": 2.13594841957,
        "var": 4.5622754097
    },
    "erbbands_skewness": {
        "dmean": 0.369087100029,
        "dmean2": 0.578022897243,
        "dvar": 0.134090393782,
        "dvar2": 0.293825298548,
        "max": 3.15574121475,
        "mean": 0.834952235222,
        "median": 0.828072190285,
        "min": -2.10906219482,
        "stdev": 0.582303106785,
        "var": 0.339076906443
    },
    "erbbands_spread": {
        "dmean": 8.15964126587,
        "dmean2": 12.5318241119,
        "dvar": 89.3706436157,
        "dvar2": 184.652267456,
        "max": 125.736030579,
        "mean": 40.8683547974,
        "median": 37.9764022827,
        "min": 6.6603269577,
        "stdev": 17.7774600983,
        "var": 316.03805542
    },
    "hfc": {
        "dmean": 8.9589138031,
        "dmean2": 14.3112983704,
        "dvar": 480.576568604,
        "dvar2": 1296.01721191,
        "max": 198.682540894,
        "mean": 22.9627418518,
        "median": 18.8300228119,
        "min": 1.17164363356e-16,
        "stdev": 20.8244380951,
        "var": 433.657196045
    },
    "loudness_ebu128": {
        "integrated": -8.28174495697,
        "loudness_range": 1.91279602051,
        "momentary": {
            "dmean": 0.370164781809,
            "dmean2": 0.458449482918,
            "dvar": 0.101889781654,
            "dvar2": 0.133694246411,
            "max": -5.39179611206,
            "mean": -8.44944381714,
            "median": -8.51600646973,
            "min": -11.7540655136,
            "stdev": 1.20183980465,
            "var": 1.44441878796
        },
        "short_term": {
            "dmean": 0.0601576641202,
            "dmean2": 0.0572937875986,
            "dvar": 0.00225865026005,
            "dvar2": 0.00218845740892,
            "max": -6.92167472839,
            "mean": -8.30912780762,
            "median": -8.32181167603,
            "min": -9.43229484558,
            "stdev": 0.681259095669,
            "var": 0.464113950729
        }
    },
    "melbands_crest": {
        "dmean": 3.1571586132,
        "dmean2": 5.19196176529,
        "dvar": 8.68959999084,
        "dvar2": 24.5442523956,
        "max": 34.67527771,
        "mean": 16.4908466339,
        "median": 15.8226451874,
        "min": 2.80100417137,
        "stdev": 5.68448591232,
        "var": 32.3133773804
    },
    "melbands_flatness_db": {
        "dmean": 0.0281011033803,
        "dmean2": 0.0440667569637,
        "dvar": 0.00102000194602,
        "dvar2": 0.00240872357972,
        "max": 0.450476258993,
        "mean": 0.236805379391,
        "median": 0.231390297413,
        "min": 0.00684095127508,
        "stdev": 0.052986048162,
        "var": 0.00280752149411
    },
    "melbands_kurtosis": {
        "dmean": 7.68287658691,
        "dmean2": 12.5453395844,
        "dvar": 100.216125488,
        "dvar2": 225.913223267,
        "max": 144.310775757,
        "mean": 17.430398941,
        "median": 14.9715881348,
        "min": -1.11540234089,
        "stdev": 14.0182800293,
        "var": 196.512176514
    },
    "melbands_skewness": {
        "dmean": 0.749637663364,
        "dmean2": 1.20002067089,
        "dvar": 0.630572080612,
        "dvar2": 1.351359725,
        "max": 9.49121379852,
        "mean": 3.04141187668,
        "median": 2.97124099731,
        "min": -0.254394888878,
        "stdev": 1.32282686234,
        "var": 1.74987101555
    },
    "melbands_spread": {
        "dmean": 4.82143592834,
        "dmean2": 7.63018703461,
        "dvar": 77.2147216797,
        "dvar2": 185.564605713,
        "max": 120.437866211,
        "mean": 13.7949714661,
        "median": 12.1596984863,
        "min": 1.37399315834,
        "stdev": 9.30065345764,
        "var": 86.5021591187
    },
    "pitch_salience": {
        "dmean": 0.0755153670907,
        "dmean2": 0.125169098377,
        "dvar": 0.00504155736417,
        "dvar2": 0.0152835696936,
        "max": 0.806331932545,
        "mean": 0.528850913048,
        "median": 0.531216681004,
        "min": 0.133071810007,
        "stdev": 0.109072476625,
        "var": 0.0118968049064
    },
    "silence_rate_20dB": {
        "dmean": 0,
        "dmean2": 0,
        "dvar": 0,
        "dvar2": 0,
        "max": 1,
        "mean": 1,
        "median": 1,
        "min": 1,
        "stdev": 0,
        "var": 0
    },
    "silence_rate_30dB": {
        "dmean": 0.0185758508742,
        "dmean2": 0.0371804796159,
        "dvar": 0.0182309374213,
        "dvar2": 0.0419941917062,
        "max": 1,
        "mean": 0.96210360527,
        "median": 1,
        "min": 0,
        "stdev": 0.190943583846,
        "var": 0.0364594496787
    },
    "silence_rate_60dB": {
        "dmean": 0.000773993786424,
        "dmean2": 0.000774593325332,
        "dvar": 0.000773391744588,
        "dvar2": 0.000773989362642,
        "max": 1,
        "mean": 0.00077339517884,
        "median": 0,
        "min": 0,
        "stdev": 0.0277991909534,
        "var": 0.000772794999648
    },
    "spectral_centroid": {
        "dmean": 237.748428345,
        "dmean2": 377.19821167,
        "dvar": 227382.78125,
        "dvar2": 434002.28125,
        "max": 11293.5078125,
        "mean": 859.453186035,
        "median": 759.469177246,
        "min": 280.54019165,
        "stdev": 505.169158936,
        "var": 255195.890625
    },
    "spectral_complexity": {
        "dmean": 3.52631568909,
        "dmean2": 5.70255613327,
        "dvar": 19.5667648315,
        "dvar2": 41.4142036438,
        "max": 53,
        "mean": 17.6736278534,
        "median": 17,
        "min": 0,
        "stdev": 5.91524982452,
        "var": 34.9901809692
    },
    "spectral_decrease": {
        "dmean": 3.26134164119e-09,
        "dmean2": 5.42470868226e-09,
        "dvar": 1.76957209888e-17,
        "dvar2": 4.34725035625e-17,
        "max": -8.44467859208e-29,
        "mean": -1.31207418264e-08,
        "median": -1.19157652634e-08,
        "min": -6.32760759345e-08,
        "stdev": 7.20922299635e-09,
        "var": 5.1972899396e-17
    },
    "spectral_energy": {
        "dmean": 0.0128814019263,
        "dmean2": 0.0214147027582,
        "dvar": 0.000277068000287,
        "dvar2": 0.00068300840212,
        "max": 0.241354316473,
        "mean": 0.0516035072505,
        "median": 0.0467628352344,
        "min": 1.09458782897e-20,
        "stdev": 0.0280376691371,
        "var": 0.000786110933404
    },
    "spectral_energyband_high": {
        "dmean": 0.000736637273803,
        "dmean2": 0.00126835051924,
        "dvar": 6.19769298282e-06,
        "dvar2": 1.73739445017e-05,
        "max": 0.0222036652267,
        "mean": 0.000950206944253,
        "median": 0.000527978059836,
        "min": 7.83052304019e-21,
        "stdev": 0.002045791829,
        "var": 4.18526406065e-06
    },
    "spectral_energyband_low": {
        "dmean": 0.00843737367541,
        "dmean2": 0.0141637213528,
        "dvar": 0.000205559103051,
        "dvar2": 0.000514437619131,
        "max": 0.227320671082,
        "mean": 0.0269039943814,
        "median": 0.0260932035744,
        "min": 6.66717279862e-23,
        "stdev": 0.0231621544808,
        "var": 0.000536485400517
    },
    "spectral_energyband_middle_high": {
        "dmean": 0.00283369421959,
        "dmean2": 0.00430388888344,
        "dvar": 4.91199207318e-05,
        "dvar2": 0.000115287824883,
        "max": 0.0964345932007,
        "mean": 0.00523509085178,
        "median": 0.00291039398871,
        "min": 1.71285497093e-21,
        "stdev": 0.00786289479584,
        "var": 6.18251142441e-05
    },
    "spectral_energyband_middle_low": {
        "dmean": 0.00660447077826,
        "dmean2": 0.0105595914647,
        "dvar": 9.12201212486e-05,
        "dvar2": 0.000235752464505,
        "max": 0.149480462074,
        "mean": 0.0196556262672,
        "median": 0.0179257448763,
        "min": 3.23842648697e-22,
        "stdev": 0.011581174098,
        "var": 0.000134123591124
    },
    "spectral_entropy": {
        "dmean": 0.186347365379,
        "dmean2": 0.280767142773,
        "dvar": 0.040919020772,
        "dvar2": 0.0807217210531,
        "max": 9.80682373047,
        "mean": 7.48054933548,
        "median": 7.49715566635,
        "min": 6.4459028244,
        "stdev": 0.334913790226,
        "var": 0.112167239189
    },
    "spectral_flux": {
        "dmean": 0.0288834553212,
        "dmean2": 0.0463564805686,
        "dvar": 0.0013070742134,
        "dvar2": 0.00271690892987,
        "max": 0.44314545393,
        "mean": 0.102745890617,
        "median": 0.0897471308708,
        "min": 1.04622553676e-10,
        "stdev": 0.0512332208455,
        "var": 0.00262484303676
    },
    "spectral_kurtosis": {
        "dmean": 1.40671217442,
        "dmean2": 2.29930496216,
        "dvar": 2.70186662674,
        "dvar2": 6.60665273666,
        "max": 17.2714309692,
        "mean": 4.14352941513,
        "median": 3.5316195488,
        "min": -1.22418689728,
        "stdev": 2.56174850464,
        "var": 6.56255531311
    },
    "spectral_rms": {
        "dmean": 0.000873695476912,
        "dmean2": 0.00145002221689,
        "dvar": 9.48957449509e-07,
        "dvar2": 2.47800858233e-06,
        "max": 0.0153449540958,
        "mean": 0.00687938369811,
        "median": 0.00675442628562,
        "min": 3.2678595073e-12,
        "stdev": 0.00173751020338,
        "var": 3.01894169752e-06
    },
    "spectral_rolloff": {
        "dmean": 338.813476562,
        "dmean2": 583.082336426,
        "dvar": 857862.8125,
        "dvar2": 1828458.625,
        "max": 18324.7558594,
        "mean": 694.05859375,
        "median": 473.73046875,
        "min": 64.599609375,
        "stdev": 883.488342285,
        "var": 780551.625
    },
    "spectral_skewness": {
        "dmean": 0.244977116585,
        "dmean2": 0.383607059717,
        "dvar": 0.0766255632043,
        "dvar2": 0.171389266849,
        "max": 3.32553458214,
        "mean": 1.74205684662,
        "median": 1.70035457611,
        "min": -0.0465194731951,
        "stdev": 0.46191945672,
        "var": 0.213369578123
    },
    "spectral_spread": {
        "dmean": 589024.125,
        "dmean2": 845729.6875,
        "dvar": 1.35144105574e+12,
        "dvar2": 1.61719477862e+12,
        "max": 40102256,
        "mean": 5205269,
        "median": 5100286,
        "min": 2339832,
        "stdev": 1688515.5,
        "var": 2.85108443546e+12
    },
    "spectral_strongpeak": {
        "dmean": 0.319791823626,
        "dmean2": 0.54934990406,
        "dvar": 0.472752183676,
        "dvar2": 1.04797840118,
        "max": 9.34824466705,
        "mean": 0.641115188599,
        "median": 0.382384061813,
        "min": 0,
        "stdev": 0.898538053036,
        "var": 0.807370662689
    },
    "zerocrossingrate": {
        "dmean": 0.00821083504707,
        "dmean2": 0.0104710040614,
        "dvar": 0.000258105632383,
        "dvar2": 0.000302441389067,
        "max": 0.5107421875,
        "mean": 0.0413260422647,
        "median": 0.0390625,
        "min": 0.00439453125,
        "stdev": 0.0231920406222,
        "var": 0.000537870742846
    },
    "barkbands": {
        "dmean": [0.000603510939982, 0.00681941350922, 0.00250561814755, 0.00158036663197, 0.00292771868408, 0.0018553516129, 0.00208040396683, 0.00126283441205, 0.0012475582771, 0.000821753928903, 0.000589443603531, 0.000761904520914, 0.000494249165058, 0.000473103049444, 0.000276423612377, 0.000136851682328, 0.000148343373439, 0.00016670570767, 0.000101422701846, 0.000170882645762, 0.000275349622825, 0.000125233375002, 0.00013634422794, 0.000101437879493, 5.09902274644e-05, 1.93555733858e-05, 5.02799025526e-07],
        "dmean2": [0.000912870047614, 0.0113804759458, 0.0044991360046, 0.00268012750894, 0.00490960851312, 0.00300749344751, 0.00327729620039, 0.0019903278444, 0.00178742210846, 0.00123220379464, 0.000936442811508, 0.00129257631488, 0.000780445931014, 0.000727753969841, 0.000447281141533, 0.000229065844906, 0.000244792056037, 0.00027869612677, 0.000169667109731, 0.000311234791297, 0.00051506125601, 0.000209796620766, 0.000218974702875, 0.000157934890012, 7.84886142355e-05, 3.01420859614e-05, 9.61412865763e-07],
        "dvar": [4.4719881771e-06, 0.000182238523848, 3.56001073669e-05, 1.28645388031e-05, 1.05348590296e-05, 6.56958354739e-06, 1.67318376043e-05, 8.71518022905e-06, 8.42376266519e-06, 7.35548110242e-06, 2.86153499474e-06, 4.50690276921e-06, 1.55716452355e-06, 1.480087235e-06, 5.70727081595e-07, 4.55417605849e-08, 7.60592797633e-08, 1.23669536833e-07, 6.38210124748e-08, 4.06818344345e-07, 1.52529594288e-06, 1.59177062642e-07, 1.24380690636e-07, 4.02883273409e-08, 1.32776740713e-08, 2.10830108927e-09, 7.99402124357e-12],
        "dvar2": [8.54456538946e-06, 0.000451942352811, 0.000106257248262, 3.70000307157e-05, 2.86209615297e-05, 1.64899229276e-05, 3.83287115255e-05, 2.05099386221e-05, 1.7683056285e-05, 1.23515028463e-05, 5.06652941112e-06, 1.25374244817e-05, 3.56365967491e-06, 3.00313604384e-06, 1.37785218612e-06, 1.12541457042e-07, 1.89940863038e-07, 3.35333993462e-07, 1.64229689403e-07, 1.17494994356e-06, 4.45848627351e-06, 3.90362544067e-07, 2.66623430889e-07, 9.00767815892e-08, 2.64778243775e-08, 4.19706758237e-09, 2.37131494996e-11],
        "max": [0.0479795113206, 0.221303328872, 0.106614805758, 0.0589622035623, 0.0382128432393, 0.0270352717489, 0.0480467304587, 0.0336795449257, 0.0495453961194, 0.0892725810409, 0.0513771548867, 0.0174418874085, 0.0201467610896, 0.0308464895934, 0.00761074386537, 0.00280154542997, 0.00415964098647, 0.0029937196523, 0.00429380917922, 0.00635024160147, 0.0108843762428, 0.00776214897633, 0.00845637265593, 0.00280664209276, 0.00185540190432, 0.000877441023476, 5.62963832635e-05],
        "mean": [0.0023460004013, 0.0204540267587, 0.00304759619758, 0.00230865040794, 0.00612348038703, 0.00360906380229, 0.00348560139537, 0.00179500493687, 0.00219347607344, 0.00111822085455, 0.000800083624199, 0.00092966464581, 0.000654972041957, 0.000593467906583, 0.000317174621159, 0.000221398542635, 0.000229125929764, 0.00023217596754, 0.000130392058054, 0.000156114110723, 0.000193224215764, 0.000147242346429, 0.000212720246054, 0.000189091093489, 8.42470253701e-05, 3.10131326842e-05, 3.04099870618e-07],
        "median": [0.00094557274133, 0.0176601354033, 0.00140757486224, 0.00153059279546, 0.00509630795568, 0.00252134795301, 0.00113278650679, 0.000517933687661, 0.000738288101275, 0.000351714639692, 0.000306928093778, 0.000287400296656, 0.000198452762561, 0.000213385530515, 9.38046650845e-05, 0.000133853667649, 0.000114239279355, 0.000131993263494, 7.07974904799e-05, 5.90437884966e-05, 3.84097802453e-05, 5.18918823218e-05, 0.000110984918138, 0.000124693964608, 3.81078098144e-05, 1.13684127427e-05, 3.4015259498e-09],
        "min": [8.14493709713e-23, 8.69737291807e-24, 2.04349179461e-23, 4.77434318172e-24, 3.4866601248e-23, 3.62920476602e-23, 1.36948477734e-23, 1.86223326804e-22, 4.13148670387e-23, 5.40400517206e-23, 4.57203775154e-23, 8.12975247134e-23, 1.42994910401e-22, 5.84285417343e-23, 1.76888994459e-22, 2.35998809093e-22, 1.72348273223e-22, 2.37768659555e-22, 3.46181220536e-22, 5.50202738731e-22, 3.75902899359e-22, 4.6773686053e-22, 6.80686744316e-22, 1.0575185053e-21, 1.01880772491e-21, 1.75701805497e-21, 2.29632648577e-21],
        "stdev": [0.00434460490942, 0.0200373567641, 0.00510342838243, 0.00326362019405, 0.00430798344314, 0.00364023004659, 0.00554433977231, 0.00353132258169, 0.00436043459922, 0.00368292210624, 0.00220868666656, 0.00197820505127, 0.00153818493709, 0.00154399231542, 0.000747269194108, 0.000270208431175, 0.000330259121256, 0.000332659168635, 0.000236342370044, 0.000483523268485, 0.000910883536562, 0.00038585907896, 0.00040708296001, 0.000253409350989, 0.000155610454385, 6.49691719445e-05, 2.04639650292e-06],
        "var": [1.8875591195e-05, 0.000401495635742, 2.6044979677e-05, 1.06512161437e-05, 1.85587196029e-05, 1.32512750497e-05, 3.0739705835e-05, 1.24702391986e-05, 1.90133887372e-05, 1.35639156724e-05, 4.87829629492e-06, 3.91329558624e-06, 2.36601295001e-06, 2.38391226048e-06, 5.58411272777e-07, 7.301260041e-08, 1.09071095267e-07, 1.1066212835e-07, 5.58577184506e-08, 2.33794764881e-07, 8.29708767469e-07, 1.48887238538e-07, 1.657165285e-07, 6.42162945041e-08, 2.42146125373e-08, 4.22099288855e-09, 4.1877382638e-12]
    },
    "erbbands": {
        "dmean": [0.248261466622, 1.46095454693, 2.74999642372, 4.10823631287, 7.1222076416, 11.2608995438, 14.3685703278, 17.5787620544, 24.1333847046, 30.5983123779, 30.6642799377, 24.8303871155, 25.3717918396, 23.62458992, 23.9929409027, 26.288061142, 20.6741161346, 23.2261791229, 17.2323989868, 11.0056295395, 7.55526590347, 8.07636070251, 8.4786157608, 6.29959821701, 5.42973995209, 8.10676765442, 15.2857961655, 5.36123991013, 4.24869775772, 4.64793777466, 3.96616148949, 2.59481596947, 1.52390754223, 0.669683992863, 0.319223314524, 0.128989338875, 0.0289268251508, 0.00291228573769, 7.65035147197e-05, 1.67552789208e-05],
        "dmean2": [0.388529539108, 2.42416787148, 4.85392332077, 7.11252689362, 12.1177473068, 18.9629268646, 23.488653183, 28.0714130402, 37.9349784851, 47.6812591553, 47.6878585815, 34.3115119934, 37.9542388916, 35.7869491577, 39.564743042, 43.2713088989, 31.8015823364, 35.611164093, 27.4251995087, 17.5172977448, 12.2753925323, 13.059920311, 14.0402345657, 10.33132267, 9.35778617859, 14.8974571228, 28.9322662354, 9.46134853363, 7.15877199173, 7.74554681778, 6.37388658524, 4.06933116913, 2.38825058937, 1.02216482162, 0.503938257694, 0.199941933155, 0.0457585155964, 0.00510670058429, 0.000135629554279, 2.80329459201e-05],
        "dvar": [0.350004196167, 8.89937973022, 32.8940429688, 115.675941467, 104.982292175, 196.87487793, 409.125976562, 666.724304199, 2849.42211914, 3647.01928711, 6628.73681641, 3685.6315918, 4361.11865234, 3988.54370117, 4720.99511719, 5471.19287109, 2995.35400391, 3838.7512207, 2149.29785156, 595.712402344, 126.027755737, 231.017608643, 321.453338623, 187.357254028, 266.447235107, 936.699035645, 5149.80126953, 387.968231201, 197.367019653, 165.03868103, 91.19947052, 34.1404914856, 7.97594356537, 1.90585339069, 0.75620508194, 0.103218480945, 0.0043769441545, 7.90470294305e-05, 6.89738470783e-08, 5.78221692749e-10],
        "dvar2": [0.773944854736, 24.0381774902, 93.7635345459, 337.881652832, 300.079650879, 512.040710449, 1020.37469482, 1678.0402832, 6699.63574219, 8693.48046875, 16572.6855469, 6891.77636719, 7417.48193359, 6245.36035156, 12751.7578125, 14855.0097656, 6921.53222656, 7606.45458984, 5131.04003906, 1369.39709473, 309.635437012, 554.185546875, 874.27557373, 474.876556396, 720.856384277, 2714.6262207, 15106.1035156, 1085.58642578, 476.969512939, 370.361724854, 203.994674683, 77.9125289917, 17.3654651642, 3.82611894608, 1.59854900837, 0.20590595901, 0.00980926398188, 0.000225695432164, 1.99211143581e-07, 1.49930012849e-09],
        "max": [9.46437644958, 54.280921936, 102.742378235, 171.573104858, 144.125320435, 141.934860229, 244.007965088, 302.016387939, 822.367675781, 644.645812988, 1316.42077637, 1070.19750977, 2153.86132812, 1842.09777832, 628.208984375, 601.358703613, 917.994689941, 1720.13525391, 453.924926758, 215.672515869, 117.230987549, 294.687438965, 161.302108765, 168.689575195, 270.057739258, 300.7265625, 658.503967285, 198.199325562, 286.245635986, 258.617828369, 201.487609863, 80.9011306763, 48.0915222168, 22.9517440796, 15.9503498077, 6.09824037552, 1.19931077957, 0.119573242962, 0.0041605560109, 0.000264915026492],
        "mean": [0.894289195538, 3.33044028282, 3.98148798943, 6.01743221283, 11.7927570343, 21.1133651733, 27.3727035522, 34.1162033081, 44.6503677368, 46.6941261292, 45.4883422852, 44.5823707581, 40.620475769, 37.0972518921, 30.1935367584, 34.3019828796, 30.4304943085, 31.7256145477, 20.8684101105, 15.8410081863, 12.5891962051, 13.3560552597, 12.1527738571, 8.9868888855, 6.71823406219, 7.30748558044, 10.1813058853, 4.76319217682, 4.7665476799, 6.59256219864, 6.09850025177, 4.30661392212, 2.88845777512, 1.20525717735, 0.471020281315, 0.19832739234, 0.0457978434861, 0.00330046913587, 0.000109286018414, 6.41258011456e-05],
        "median": [0.73442286253, 2.58161401749, 2.28086352348, 3.86239504814, 8.55110359192, 15.6520385742, 19.8854637146, 21.2972507477, 22.3988513947, 19.6403636932, 14.370174408, 14.1678552628, 20.4366283417, 17.6168231964, 10.753985405, 10.5508413315, 8.75658512115, 11.9744796753, 6.64741659164, 6.85287284851, 7.82192659378, 7.15370798111, 7.18484210968, 5.2131986618, 3.62928676605, 2.75476717949, 1.68853402138, 1.38212871552, 1.45010399818, 3.09504890442, 3.00155234337, 2.38983631134, 1.63405930996, 0.517561554909, 0.205170735717, 0.0740640610456, 0.0148148285225, 0.000626624911092, 5.25324503542e-05, 5.72629651288e-05],
        "min": [5.15727876342e-22, 2.4011661758e-21, 1.68696748932e-20, 2.54870373352e-20, 7.96439931428e-20, 1.00568392692e-19, 2.17675654271e-19, 2.76255654674e-19, 2.50870360554e-19, 1.04548174461e-18, 4.28143515179e-18, 1.20680398775e-18, 8.02359662406e-19, 2.20628321997e-18, 3.00965840167e-18, 3.62015305571e-18, 6.21360746716e-18, 3.35177099724e-18, 6.88150494019e-18, 1.18530746614e-17, 1.13230330413e-17, 9.69793994783e-18, 1.47857525334e-17, 1.15364191696e-17, 1.87452742197e-17, 2.78467706238e-17, 1.7455732732e-17, 1.40801310749e-17, 1.82960307747e-17, 1.68001523919e-17, 1.85059841034e-17, 2.34709405156e-17, 1.51134715659e-17, 1.04761531225e-17, 8.50003187398e-18, 4.56388424375e-18, 3.40793614724e-18, 1.74896959408e-18, 3.25629910341e-19, 3.07687212557e-20],
        "stdev": [0.974992692471, 3.6225464344, 5.48170185089, 9.05963897705, 11.5283136368, 18.7607593536, 27.0298023224, 38.466381073, 67.2823028564, 72.6891326904, 93.7529907227, 94.1539001465, 91.3259429932, 88.1478500366, 63.3191795349, 73.6491394043, 70.1560974121, 81.8596191406, 45.8483734131, 27.1985816956, 14.2509908676, 19.31092453, 16.9306468964, 13.7087202072, 14.0356235504, 23.0235271454, 52.5133552551, 15.7985029221, 13.5971031189, 13.6326360703, 11.0284137726, 6.91664171219, 3.93254446983, 2.00929689407, 1.06732058525, 0.443668156862, 0.0882297232747, 0.00771686108783, 0.000213550199987, 3.47577733919e-05],
        "var": [0.950610697269, 13.1228427887, 30.0490531921, 82.0770645142, 132.902008057, 351.966094971, 730.610229492, 1479.66247559, 4526.90820312, 5283.71044922, 8789.62304688, 8864.95703125, 8340.42773438, 7770.04394531, 4009.31860352, 5424.19628906, 4921.87841797, 6700.99755859, 2102.07348633, 739.762878418, 203.09072876, 372.911804199, 286.646789551, 187.929016113, 196.998718262, 530.082763672, 2757.65234375, 249.592681885, 184.881210327, 185.848770142, 121.625915527, 47.8399353027, 15.4649057388, 4.03727388382, 1.13917326927, 0.196841433644, 0.00778448441997, 5.9549947764e-05, 4.5603687937e-08, 1.20810283999e-09]
    },
    "gfcc": {
        "mean": [28.5371437073, 110.517875671, -96.3522720337, 34.0520744324, -66.3961257935, 26.3864345551, -43.3969535828, 14.1789398193, -16.6276321411, 0.166722565889, -5.43677473068, 4.56466627121, -6.73292922974],
        "cov": [[2891.62011719, -578.703674316, -195.327514648, 22.3293514252, -178.409545898, 145.890396118, -107.949035645, 179.228378296, -100.649269104, 150.807571411, -88.7521972656, 116.482643127, -85.3739929199], [-578.703674316, 801.696716309, -27.4164390564, 73.6398925781, 187.659133911, -10.6805925369, 163.405349731, -94.5800323486, 171.880050659, -66.2579879761, 79.0049362183, -112.948532104, 95.0387039185], [-195.327514648, -27.4164390564, 324.584259033, 45.2157974243, 20.0543632507, 37.4598503113, 0.193413391709, 79.7062835693, 24.2069015503, 35.0360794067, 52.8620643616, 82.2278518677, 9.26951599121], [22.3293514252, 73.6398925781, 45.2157974243, 484.082824707, 55.5329666138, -16.5141563416, 52.6785888672, -50.464050293, 115.64969635, -1.888905406, -21.8961753845, -9.87522506714, 114.333496094], [-178.409545898, 187.659133911, 20.0543632507, 55.5329666138, 221.197463989, 41.960609436, 88.2552032471, 3.69834947586, 58.2474136353, 34.981590271, 33.4933547974, 0.530478179455, 56.2627830505], [145.890396118, -10.6805925369, 37.4598503113, -16.5141563416, 41.960609436, 138.851974487, 70.3271408081, 29.0528831482, 13.0553951263, 41.2990341187, 18.1640872955, 19.7540149689, 13.0533876419], [-107.949035645, 163.405349731, 0.193413391709, 52.6785888672, 88.2552032471, 70.3271408081, 177.903015137, -11.1827001572, 40.4748001099, 25.7088356018, 31.507932663, -11.6076097488, 40.8502464294], [179.228378296, -94.5800323486, 79.7062835693, -50.464050293, 3.69834947586, 29.0528831482, -11.1827001572, 133.948822021, 7.41143226624, 37.2375259399, 30.5378952026, 51.8871917725, -15.0326423645], [-100.649269104, 171.880050659, 24.2069015503, 115.64969635, 58.2474136353, 13.0553951263, 40.4748001099, 7.41143226624, 153.913406372, 23.4419555664, 15.1199226379, -7.73228979111, 49.5565795898], [150.807571411, -66.2579879761, 35.0360794067, -1.888905406, 34.981590271, 41.2990341187, 25.7088356018, 37.2375259399, 23.4419555664, 114.037239075, 28.3167572021, 22.2240562439, 2.96153998375], [-88.7521972656, 79.0049362183, 52.8620643616, -21.8961753845, 33.4933547974, 18.1640872955, 31.507932663, 30.5378952026, 15.1199226379, 28.3167572021, 102.210342407, 28.1510009766, 3.2425031662], [116.482643127, -112.948532104, 82.2278518677, -9.87522506714, 0.530478179455, 19.7540149689, -11.6076097488, 51.8871917725, -7.73228979111, 22.2240562439, 28.1510009766, 104.935676575, 3.11394953728], [-85.3739929199, 95.0387039185, 9.26951599121, 114.333496094, 56.2627830505, 13.0533876419, 40.8502464294, -15.0326423645, 49.5565795898, 2.96153998375, 3.2425031662, 3.11394953728, 92.1413955688]],
        "icov": [[0.000801980495453, -0.000701115524862, 0.00129725493025, -0.000953825656325, 0.000805901770946, -0.00140007201117, 0.000882632855792, -0.00152145023458, 0.00119770690799, -0.00158769171685, 0.00119269220158, -0.00156699237414, 0.00100385805126], [-0.000701115524862, 0.00584862427786, -0.00210631079972, 0.00263738026842, -0.00298166438006, 0.00285510788672, -0.0033920055721, 0.00370175484568, -0.00609833374619, 0.00594093976542, -0.00538279348984, 0.00607400387526, -0.00314583908767], [0.00129725493025, -0.00210631079972, 0.00673955772072, -0.00270409043878, 0.00161685654894, -0.00333549454808, 0.00242500496097, -0.00440916791558, 0.00267804064788, -0.00328283151612, 0.00132848124485, -0.00571418879554, 0.00255422107875], [-0.000953825656325, 0.00263738026842, -0.00270409043878, 0.00532264215872, -0.00137725262903, 0.00323938159272, -0.00254489015788, 0.00372992549092, -0.00482748495415, 0.00321936514229, -0.00171812530607, 0.00337169063278, -0.00537838041782], [0.000805901770946, -0.00298166438006, 0.00161685654894, -0.00137725262903, 0.00841456372291, -0.00221622129902, -8.81439700606e-05, -0.002628183458, 0.00242898473516, -0.00459809415042, 0.00215801899321, -0.00323337223381, -0.000970614259131], [-0.00140007201117, 0.00285510788672, -0.00333549454808, 0.00323938159272, -0.00221622129902, 0.0137374820188, -0.00674343341962, 0.0021636155434, -0.00349546922371, 0.00180228322279, -0.00203179381788, 0.00316156563349, -0.0033897026442], [0.000882632855792, -0.0033920055721, 0.00242500496097, -0.00254489015788, -8.81439700606e-05, -0.00674343341962, 0.0118508236483, -0.00172887602821, 0.00355747458525, -0.0040664402768, 0.000935195246711, -0.00249122502282, 0.000972096633632], [-0.00152145023458, 0.00370175484568, -0.00440916791558, 0.00372992549092, -0.002628183458, 0.0021636155434, -0.00172887602821, 0.0154452277347, -0.00614898977801, 0.00321031105705, -0.00506054516882, 0.00152596016414, -0.00149748451076], [0.00119770690799, -0.00609833374619, 0.00267804064788, -0.00482748495415, 0.00242898473516, -0.00349546922371, 0.00355747458525, -0.00614898977801, 0.0161499399692, -0.00794886983931, 0.00502033531666, -0.0048728371039, 0.00110978621524], [-0.00158769171685, 0.00594093976542, -0.00328283151612, 0.00321936514229, -0.00459809415042, 0.00180228322279, -0.0040664402768, 0.00321031105705, -0.00794886983931, 0.0183833520859, -0.00768163008615, 0.00633927015588, -0.00264402641915], [0.00119269220158, -0.00538279348984, 0.00132848124485, -0.00171812530607, 0.00215801899321, -0.00203179381788, 0.000935195246711, -0.00506054516882, 0.00502033531666, -0.00768163008615, 0.0183840021491, -0.0083841085434, 0.0035685277544], [-0.00156699237414, 0.00607400387526, -0.00571418879554, 0.00337169063278, -0.00323337223381, 0.00316156563349, -0.00249122502282, 0.00152596016414, -0.0048728371039, 0.00633927015588, -0.0083841085434, 0.0217324197292, -0.00646832585335], [0.00100385805126, -0.00314583908767, 0.00255422107875, -0.00537838041782, -0.000970614259131, -0.0033897026442, 0.000972096633632, -0.00149748451076, 0.00110978621524, -0.00264402641915, 0.0035685277544, -0.00646832585335, 0.0214232895523]]
    },
    "melbands": {
        "dmean": [0.00200291001238, 0.00138668285217, 0.000735125329811, 0.000634507858194, 0.000491696118843, 0.000378079421353, 0.000386089057429, 0.000315346551361, 0.000260653381702, 0.000163160570082, 0.000134580986924, 0.000103557649709, 7.16087524779e-05, 9.942764882e-05, 4.3146963435e-05, 5.86634196225e-05, 4.48741957371e-05, 3.1260864489e-05, 2.27536766033e-05, 1.02915355455e-05, 9.27051132749e-06, 9.4042661658e-06, 7.11214443072e-06, 8.8694068836e-06, 4.8597598834e-06, 4.09375934396e-06, 4.15925114794e-06, 5.50862569071e-06, 1.12412708404e-05, 5.65540358366e-06, 2.33343871514e-06, 2.3757420422e-06, 2.88209912469e-06, 2.52632412412e-06, 2.46484546551e-06, 1.98477732738e-06, 1.58614943757e-06, 1.24375071664e-06, 7.86051941759e-07, 5.45550960851e-07],
        "dmean2": [0.00328644970432, 0.00236069899984, 0.00126549904235, 0.00108279578853, 0.000793300685473, 0.000601204286795, 0.000604149885476, 0.000489637081046, 0.000406998326071, 0.000225169264013, 0.000201890026801, 0.000156086403877, 0.000116230155982, 0.000170503466506, 6.57262717141e-05, 9.06308923732e-05, 6.8312860094e-05, 5.04632043885e-05, 3.65615742339e-05, 1.67323923961e-05, 1.53169967234e-05, 1.53727487486e-05, 1.17132531159e-05, 1.49907746163e-05, 7.96552376414e-06, 7.0007913564e-06, 7.25832478565e-06, 1.0099706742e-05, 2.14238552871e-05, 1.04648552224e-05, 3.99072996515e-06, 3.94915332436e-06, 4.98441067975e-06, 4.12015424445e-06, 4.03211106459e-06, 3.12684596793e-06, 2.54339374806e-06, 1.98072098101e-06, 1.22012943393e-06, 8.3786886762e-07],
        "dvar": [1.76068824658e-05, 7.06057790012e-06, 2.9293037187e-06, 5.6709046703e-07, 4.10539797713e-07, 2.82515031813e-07, 6.22425602614e-07, 3.65369373867e-07, 5.94078358063e-07, 1.33835825977e-07, 1.33488981646e-07, 7.68295151943e-08, 3.57658258565e-08, 8.85886848323e-08, 1.18055343279e-08, 2.30920385036e-08, 1.71718816944e-08, 6.74020972369e-09, 3.57270324436e-09, 3.23813781344e-10, 2.17366930011e-10, 3.28925553461e-10, 1.60680732608e-10, 4.22449103477e-10, 1.01425014221e-10, 1.14219272929e-10, 1.81780618336e-10, 4.27427926386e-10, 2.84818590934e-09, 5.86163007021e-10, 5.83907991403e-11, 5.94310017865e-11, 8.48584952307e-11, 4.61044327715e-11, 3.16288072122e-11, 2.74966039521e-11, 1.06478333095e-11, 5.37848455009e-12, 2.06466484534e-12, 1.59166093933e-12],
        "dvar2": [4.08049781981e-05, 1.89753900486e-05, 8.5141218733e-06, 1.59351543516e-06, 1.02370336208e-06, 7.13277643172e-07, 1.44412274494e-06, 8.52320738431e-07, 1.49242339376e-06, 2.38377907635e-07, 2.27058521318e-07, 1.23995292256e-07, 8.43281071639e-08, 2.50481576813e-07, 2.564631707e-08, 5.19496161644e-08, 3.30290390593e-08, 1.58914037485e-08, 8.51979020666e-09, 7.69343921903e-10, 5.46054257367e-10, 7.74486252908e-10, 4.06665867647e-10, 1.1744349937e-09, 2.47485199001e-10, 3.04072073076e-10, 5.09253417214e-10, 1.24087806697e-09, 8.36299918205e-09, 1.70465674909e-09, 1.53337259556e-10, 1.38034014774e-10, 2.17771647937e-10, 9.55404019787e-11, 7.37641198123e-11, 6.26410104343e-11, 2.49867782715e-11, 1.16236343467e-11, 4.68733905856e-12, 3.27275684851e-12],
        "max": [0.0621498189867, 0.0409020595253, 0.0274329613894, 0.00905534997582, 0.00774708809331, 0.0060267127119, 0.0116295274347, 0.0073050330393, 0.0137301469222, 0.00652771955356, 0.0120174372569, 0.00676795700565, 0.00354051101021, 0.00248770578764, 0.00165173783898, 0.00253641698509, 0.00388658000156, 0.000848763447721, 0.000617765472271, 0.000275772676105, 0.000166609519511, 0.000360435078619, 0.000118242460303, 0.000179233204108, 0.000145753787365, 0.000137413750053, 0.000212673068745, 0.00020838995988, 0.000492289604153, 0.000212969476706, 0.000122118435684, 0.000176834859303, 0.000135527865496, 0.000162526412169, 0.000109319269541, 9.77657837211e-05, 3.87075051549e-05, 3.96384639316e-05, 2.48203796218e-05, 2.3474192858e-05],
        "mean": [0.0066855638288, 0.00275792903267, 0.00119327870198, 0.00117628753651, 0.000991964014247, 0.000738597766031, 0.000728105544113, 0.000494928797707, 0.000370288238628, 0.00028776950785, 0.000205784686841, 0.000157343485625, 9.43085542531e-05, 0.000110621127533, 6.34147872915e-05, 7.65760487411e-05, 5.66784401599e-05, 3.55115917046e-05, 2.66320312221e-05, 1.6356816559e-05, 1.40792408274e-05, 1.45699859786e-05, 1.03746097011e-05, 1.12928210001e-05, 6.79547838445e-06, 5.01000977238e-06, 4.57938131149e-06, 4.75113893117e-06, 7.20332491255e-06, 4.16075499743e-06, 2.25696521738e-06, 2.56895827988e-06, 3.18855245496e-06, 3.76524712919e-06, 3.66790595763e-06, 2.82915152638e-06, 2.58538761955e-06, 2.22653739002e-06, 1.41665282172e-06, 8.73098144893e-07],
        "median": [0.0057382248342, 0.00232142838649, 0.000912833434995, 0.000928778783418, 0.000735552690458, 0.000492655963171, 0.000357388344128, 0.000186284421943, 9.824251174e-05, 9.01206803974e-05, 0.000100000710518, 7.02372853993e-05, 3.77035757992e-05, 3.14477692882e-05, 1.55788784468e-05, 2.37934145844e-05, 2.05146079679e-05, 1.03397524072e-05, 8.43059115141e-06, 8.77033835422e-06, 8.36036997498e-06, 6.98403209753e-06, 5.78696881348e-06, 6.13819884165e-06, 3.75191780222e-06, 2.61096624854e-06, 2.18173795474e-06, 1.53764210609e-06, 9.67649498307e-07, 9.10824780931e-07, 6.74498551234e-07, 6.40158532406e-07, 1.14941576612e-06, 1.88032413462e-06, 1.7862249706e-06, 1.15233865472e-06, 1.38741245337e-06, 1.24108612454e-06, 5.78600804602e-07, 3.14368094223e-07],
        "min": [8.89799444576e-24, 6.8410396354e-24, 5.96454693323e-24, 6.49328213825e-24, 7.14293828155e-24, 6.32121264216e-24, 3.62830735786e-24, 2.03483767494e-23, 3.03009236087e-23, 5.70327028497e-24, 3.64433701145e-24, 8.82254463334e-24, 8.76640534702e-24, 1.04120338819e-23, 1.45205327057e-23, 9.38474292353e-24, 5.82706425467e-24, 9.23496190346e-24, 1.47206824946e-23, 1.78795608158e-23, 1.18100744774e-23, 9.14030253913e-24, 1.42380573927e-23, 1.0830978976e-23, 8.83342144751e-24, 1.27469430434e-23, 1.27964251325e-23, 2.15150909841e-23, 1.34023286834e-23, 8.79711175776e-24, 7.23888901117e-24, 1.05234115754e-23, 9.7647245998e-24, 9.61003134287e-24, 9.24562888062e-24, 1.44085018354e-23, 1.42449425707e-23, 9.13098214754e-24, 1.19223735604e-23, 7.66021804293e-24],
        "stdev": [0.00680307252333, 0.00297010550275, 0.00148464809172, 0.000917478522751, 0.000903139065485, 0.000787953496911, 0.00103120750282, 0.000748917402234, 0.000893244810868, 0.000583193963394, 0.00050389644457, 0.000383032223908, 0.000204903131817, 0.000255416263826, 0.000152918262756, 0.000188324629562, 0.000173778316821, 8.16426618258e-05, 6.18945050519e-05, 2.24464347411e-05, 1.73176649696e-05, 2.30846417253e-05, 1.37153292599e-05, 1.80514598469e-05, 1.06373045128e-05, 9.55867653829e-06, 1.09944858195e-05, 1.55469842866e-05, 3.89358028769e-05, 1.80843253474e-05, 6.76051831761e-06, 7.75937860453e-06, 8.33408648759e-06, 7.68382415117e-06, 6.37192897557e-06, 5.99703435e-06, 3.8299967855e-06, 3.15690158459e-06, 2.17514320866e-06, 1.72512773133e-06],
        "var": [4.62817952211e-05, 8.82152653503e-06, 2.20417996388e-06, 8.41766791382e-07, 8.15660200715e-07, 6.20870707735e-07, 1.06338882233e-06, 5.60877310818e-07, 7.97886286819e-07, 3.40115207109e-07, 2.53911650816e-07, 1.46713688309e-07, 4.19852952405e-08, 6.52374652077e-08, 2.33839934083e-08, 3.54661686686e-08, 3.01989047102e-08, 6.66552413264e-09, 3.83092935152e-09, 5.03842412236e-10, 2.9990154804e-10, 5.32900668038e-10, 1.88110263477e-10, 3.25855176175e-10, 1.13152251457e-10, 9.13682948744e-11, 1.20878709819e-10, 2.41708736359e-10, 1.51599688358e-09, 3.27042837256e-10, 4.57046102353e-11, 6.02079566758e-11, 6.94569957105e-11, 5.90411469714e-11, 4.06014770415e-11, 3.59644189429e-11, 1.46688754893e-11, 9.96602713549e-12, 4.73124837919e-12, 2.97606579137e-12]
    },
    "melbands128": {
