{
"lowlevel": {
    "average_loudness": 0.954062402248,
    "barkbands_crest": {
        "dmean": 1.97223579884,
        "dmean2": 3.13811039925,
        "dvar": 3.64245676994,
        "dvar2": 8.61843776703,
        "max": 21.7005825043,
        "mean": 9.81163024902,
        "median": 9.07115840912,
        "min": 3.74330711365,
        "stdev": 3.62266659737,
        "var": 13.1237134933
    },
    "barkbands_flatness_db": {
        "dmean": 0.0174984745681,
        "dmean2": 0.0250919684768,
        "dvar": 0.000304264540318,
        "dvar2": 0.000564755231608,
        "max": 0.315298438072,
        "mean": 0.161317944527,
        "median": 0.158168807626,
        "min": 0.0552356094122,
        "stdev": 0.0421759597957,
        "var": 0.00177881168202
    },
    "barkbands_kurtosis": {
        "dmean": 1.96593010426,
        "dmean2": 3.06875872612,
        "dvar": 9.04261207581,
        "dvar2": 19.7672863007,
        "max": 53.2419052124,
        "mean": 4.69750547409,
        "median": 3.37978935242,
        "min": -1.88089120388,
        "stdev": 6.01659917831,
        "var": 36.1994628906
    },
    "barkbands_skewness": {
        "dmean": 0.378196686506,
        "dmean2": 0.570761024952,
        "dvar": 0.172568202019,
        "dvar2": 0.370177268982,
        "max": 5.97978782654,
        "mean": 1.68196070194,
        "median": 1.62596619129,
        "min": -1.77115261555,
        "stdev": 0.941447019577,
        "var": 0.886322438717
    },
    "barkbands_spread": {
        "dmean": 3.48848462105,
        "dmean2": 5.36343479156,
        "dvar": 36.5448417664,
        "dvar2": 72.7674789429,
        "max": 88.8373565674,
        "mean": 16.2110900879,
        "median": 14.2365474701,
        "min": 1.61520648003,
        "stdev": 10.559679985,
        "var": 111.506835938
    },
    "dissonance": {
        "dmean": 0.0239228885621,
        "dmean2": 0.0398624390364,
        "dvar": 0.000601549923886,
        "dvar2": 0.00153240736108,
        "max": 0.498917847872,
        "mean": 0.438221663237,
        "median": 0.448352843523,
        "min": 0.205383941531,
        "stdev": 0.0412014983594,
        "var": 0.00169756356627
    },
    "dynamic_complexity": 2.99709773064,
    "erbbands_crest": {
        "dmean": 2.31513571739,
        "dmean2": 3.6124253273,
        "dvar": 5.42635965347,
        "dvar2": 12.4496173859,
        "max": 24.5792179108,
        "mean": 9.39882469177,
        "median": 8.67660522461,
        "min": 3.11605525017,
        "stdev": 3.88464999199,
        "var": 15.0905056
    },
    "erbbands_flatness_db": {
        "dmean": 0.0129397632554,
        "dmean2": 0.0188246741891,
        "dvar": 0.000199240734219,
        "dvar2": 0.000393405003706,
        "max": 0.273204505444,
        "mean": 0.169771030545,
        "median": 0.17155623436,
        "min": 0.0733749195933,
        "stdev": 0.0308968909085,
        "var": 0.000954617920797
    },
    "erbbands_kurtosis": {
        "dmean": 0.729696750641,
        "dmean2": 1.1119158268,
        "dvar": 1.23756635189,
        "dvar2": 2.62256813049,
        "max": 20.2516880035,
        "mean": 0.647282004356,
        "median": -0.16140127182,
        "min": -1.6950095892,
        "stdev": 2.22302937508,
        "var": 4.94185972214
    },
    "erbbands_skewness": {
        "dmean": 0.286541312933,
        "dmean2": 0.44408929348,
        "dvar": 0.109580144286,
        "dvar2": 0.213931322098,
        "max": 3.05307197571,
        "mean": 0.609509348869,
        "median": 0.59244120121,
        "min": -4.20514011383,
        "stdev": 0.674187958241,
        "var": 0.454529374838
    },
    "erbbands_spread": {
        "dmean": 5.21557855606,
        "dmean2": 7.96682691574,
        "dvar": 44.4646949768,
        "dvar2": 115.17539978,
        "max": 93.4579925537,
        "mean": 34.4250297546,
        "median": 34.8988876343,
        "min": 7.78098487854,
        "stdev": 12.9504852295,
        "var": 167.715057373
    },
    "hfc": {
        "dmean": 4.30294561386,
        "dmean2": 5.9295873642,
        "dvar": 42.7982826233,
        "dvar2": 82.192855835,
        "max": 84.5313568115,
        "mean": 17.9488010406,
        "median": 12.6357297897,
        "min": 1.08881856822e-16,
        "stdev": 16.3872718811,
        "var": 268.542694092
    },
    "loudness_ebu128": {
        "integrated": -12.5647163391,
        "loudness_range": 3.44476604462,
        "momentary": {
            "dmean": 0.567524969578,
            "dmean2": 0.531897723675,
            "dvar": 0.222599416971,
            "dvar2": 0.290157407522,
            "max": -9.04773330688,
            "mean": -13.2293386459,
            "median": -12.4473676682,
            "min": -20.5429897308,
            "stdev": 2.58517169952,
            "var": 6.68311309814
        },
        "short_term": {
            "dmean": 0.107024826109,
            "dmean2": 0.0668153166771,
            "dvar": 0.00637611234561,
            "dvar2": 0.00465800054371,
            "max": -10.3805646896,
            "mean": -12.6716012955,
            "median": -12.9052562714,
            "min": -14.6134719849,
            "stdev": 1.19391417503,
            "var": 1.42543113232
        }
    },
    "melbands_crest": {
        "dmean": 2.47548890114,
        "dmean2": 3.92295217514,
        "dvar": 5.08128070831,
        "dvar2": 12.2953186035,
        "max": 29.0053482056,
        "mean": 13.8803749084,
        "median": 13.0785903931,
        "min": 4.25554323196,
        "stdev": 5.01650714874,
        "var": 25.1653442383
    },
    "melbands_flatness_db": {
        "dmean": 0.0191974379122,
        "dmean2": 0.0273130312562,
        "dvar": 0.000440569390776,
        "dvar2": 0.000764603493735,
        "max": 0.407426148653,
        "mean": 0.214512139559,
        "median": 0.212589398026,
        "min": 0.0130274239928,
        "stdev": 0.0563041940331,
        "var": 0.00317016243935
    },
    "melbands_kurtosis": {
        "dmean": 3.84336781502,
        "dmean2": 5.94393873215,
        "dvar": 35.1701660156,
        "dvar2": 87.0160598755,
        "max": 92.5085525513,
        "mean": 10.6107587814,
        "median": 7.41750621796,
        "min": -1.29314363003,
        "stdev": 11.2795810699,
        "var": 127.2289505
    },
    "melbands_skewness": {
        "dmean": 0.461718022823,
        "dmean2": 0.695729315281,
        "dvar": 0.243187844753,
        "dvar2": 0.592065989971,
        "max": 7.54782629013,
        "mean": 2.38182759285,
        "median": 2.25786852837,
        "min": -0.0705809742212,
        "stdev": 1.20456385612,
        "var": 1.450974226
    },
    "melbands_spread": {
        "dmean": 4.73075389862,
        "dmean2": 6.96404027939,
        "dvar": 120.620727539,
        "dvar2": 246.503555298,
        "max": 190.186294556,
        "mean": 18.4439086914,
        "median": 14.7588939667,
        "min": 1.42211055756,
        "stdev": 15.5975627899,
        "var": 243.283950806
    },
    "pitch_salience": {
        "dmean": 0.053706869483,
        "dmean2": 0.0843431428075,
        "dvar": 0.00218983413652,
        "dvar2": 0.00529198395088,
        "max": 0.8214584589,
        "mean": 0.567400932312,
        "median": 0.570891678333,
        "min": 0.194589465857,
        "stdev": 0.105452239513,
        "var": 0.0111201750115
    },
    "silence_rate_20dB": {
        "dmean": 0,
        "dmean2": 0,
        "dvar": 0,
        "dvar2": 0,
        "max": 1,
        "mean": 1,
        "median": 1,
        "min": 1,
        "stdev": 0,
        "var": 0
    },
    "silence_rate_30dB": {
        "dmean": 0,
        "dmean2": 0,
        "dvar": 0,
        "dvar2": 0,
        "max": 1,
        "mean": 1,
        "median": 1,
        "min": 1,
        "stdev": 0,
        "var": 0
    },
    "silence_rate_60dB": {
        "dmean": 0.0030959751457,
        "dmean2": 0.00542215351015,
        "dvar": 0.00308636017144,
        "dvar2": 0.00694206729531,
        "max": 1,
        "mean": 0.00309358071536,
        "median": 0,
        "min": 0,
        "stdev": 0.0555335693061,
        "var": 0.0030839771498
    },
    "spectral_centroid": {
        "dmean": 179.802947998,
        "dmean2": 264.501251221,
        "dvar": 154969.390625,
        "dvar2": 222287.84375,
        "max": 11045.0283203,
        "mean": 1046.25708008,
        "median": 917.803222656,
        "min": 204.030761719,
        "stdev": 632.713562012,
        "var": 400326.46875
    },
    "spectral_complexity": {
        "dmean": 2.39009284973,
        "dmean2": 3.61270332336,
        "dvar": 6.00260734558,
        "dvar2": 11.8685665131,
        "max": 37,
        "mean": 15.4686775208,
        "median": 15,
        "min": 0,
        "stdev": 5.59553909302,
        "var": 31.3100566864
    },
    "spectral_decrease": {
        "dmean": 1.34424504861e-09,
        "dmean2": 2.06436334693e-09,
        "dvar": 3.21557281425e-18,
        "dvar2": 6.83251806354e-18,
        "max": -7.26668775457e-29,
        "mean": -5.77065861762e-09,
        "median": -5.21232257356e-09,
        "min": -1.99122904831e-08,
        "stdev": 3.40105299479e-09,
        "var": 1.15671621642e-17
    },
    "spectral_energy": {
        "dmean": 0.0053639402613,
        "dmean2": 0.00817548669875,
        "dvar": 5.12416263518e-05,
        "dvar2": 0.000108324755274,
        "max": 0.0826408490539,
        "mean": 0.0234078262001,
        "median": 0.021016927436,
        "min": 1.01501652756e-20,
        "stdev": 0.0140161374584,
        "var": 0.0001964521216
    },
    "spectral_energyband_high": {
        "dmean": 0.000226610995014,
        "dmean2": 0.000312795833452,
        "dvar": 3.93145342059e-07,
        "dvar2": 7.90497210801e-07,
        "max": 0.0135385319591,
        "mean": 0.000574712525122,
        "median": 0.000205632648431,
        "min": 7.21713388086e-21,
        "stdev": 0.00100584956817,
        "var": 1.01173338862e-06
    },
    "spectral_energyband_low": {
        "dmean": 0.00133536546491,
        "dmean2": 0.00215325318277,
        "dvar": 2.19731350626e-06,
        "dvar2": 5.40190785614e-06,
        "max": 0.0220634452999,
        "mean": 0.00379247544333,
        "median": 0.0027876009699,
        "min": 8.62755083935e-23,
        "stdev": 0.0032242606394,
        "var": 1.03958573163e-05
    },
    "spectral_energyband_middle_high": {
        "dmean": 0.00149434816558,
        "dmean2": 0.00193267036229,
        "dvar": 5.52388974029e-06,
        "dvar2": 9.22424987948e-06,
        "max": 0.0423849970102,
        "mean": 0.00518864952028,
        "median": 0.00280593521893,
        "min": 1.36172750416e-21,
        "stdev": 0.00647336058319,
        "var": 4.19043972215e-05
    },
    "spectral_energyband_middle_low": {
        "dmean": 0.00439448887482,
        "dmean2": 0.0069438512437,
        "dvar": 4.03601407015e-05,
        "dvar2": 8.96143246791e-05,
        "max": 0.064548432827,
        "mean": 0.0143786594272,
        "median": 0.0127986902371,
        "min": 6.2295141568e-22,
        "stdev": 0.0106582343578,
        "var": 0.000113597961899
    },
    "spectral_entropy": {
        "dmean": 0.16183231771,
        "dmean2": 0.235004141927,
        "dvar": 0.0322255305946,
        "dvar2": 0.0551085807383,
        "max": 9.80928993225,
        "mean": 7.12870168686,
        "median": 7.10628414154,
        "min": 6.10586929321,
        "stdev": 0.379106462002,
        "var": 0.143721699715
    },
    "spectral_flux": {
        "dmean": 0.0196551177651,
        "dmean2": 0.0307265687734,
        "dvar": 0.000498537614476,
        "dvar2": 0.0011915222276,
        "max": 0.230947256088,
        "mean": 0.0625982955098,
        "median": 0.0540777742863,
        "min": 1.00748027976e-10,
        "stdev": 0.0381087101996,
        "var": 0.00145227380563
    },
    "spectral_kurtosis": {
        "dmean": 1.70081472397,
        "dmean2": 2.80435419083,
        "dvar": 2.99529290199,
        "dvar2": 7.83501672745,
        "max": 21.363067627,
        "mean": 5.70120620728,
        "median": 4.93604469299,
        "min": -1.17269647121,
        "stdev": 3.24294519424,
        "var": 10.5166940689
    },
    "spectral_rms": {
        "dmean": 0.000539564178325,
        "dmean2": 0.000807051255833,
        "dvar": 4.15106256924e-07,
        "dvar2": 8.20182663119e-07,
        "max": 0.0089791547507,
        "mean": 0.00454993871972,
        "median": 0.0045281695202,
        "min": 3.1468397766e-12,
        "stdev": 0.00146114651579,
        "var": 2.13494899981e-06
    },
    "spectral_rolloff": {
        "dmean": 309.463867188,
        "dmean2": 499.734130859,
        "dvar": 662992.125,
        "dvar2": 1035418.875,
        "max": 18733.8867188,
        "mean": 1136.94799805,
        "median": 882.861328125,
        "min": 129.19921875,
        "stdev": 1098.53173828,
        "var": 1206771.875
    },
    "spectral_skewness": {
        "dmean": 0.220151677728,
        "dmean2": 0.340630173683,
        "dvar": 0.045394513756,
        "dvar2": 0.0960698351264,
        "max": 3.65227460861,
        "mean": 1.82571077347,
        "median": 1.78233754635,
        "min": 0.0102894194424,
        "stdev": 0.518766462803,
        "var": 0.269118636847
    },
    "spectral_spread": {
        "dmean": 411860.21875,
        "dmean2": 585941.1875,
        "dvar": 1.32533636301e+12,
        "dvar2": 1.60084760986e+12,
        "max": 39968532,
        "mean": 4207270.5,
        "median": 4156959.25,
        "min": 2138092,
        "stdev": 1406868.25,
        "var": 1.97927842611e+12
    },
    "spectral_strongpeak": {
        "dmean": 0.482698708773,
        "dmean2": 0.778700828552,
        "dvar": 0.700550019741,
        "dvar2": 1.64130938053,
        "max": 12.5315504074,
        "mean": 1.2783446312,
        "median": 0.785113096237,
        "min": 0,
        "stdev": 1.309902668,
        "var": 1.71584486961
    },
    "zerocrossingrate": {
        "dmean": 0.0073083457537,
        "dmean2": 0.00847211480141,
        "dvar": 0.000294953089906,
        "dvar2": 0.000310568138957,
        "max": 0.4931640625,
        "mean": 0.0453942939639,
        "median": 0.041015625,
        "min": 0.0068359375,
        "stdev": 0.0284741930664,
        "var": 0.000810779689346
    },
    "barkbands": {
        "dmean": [6.5351559897e-07, 0.000403572892537, 0.000883180939127, 0.000599247752689, 0.00150926678907, 0.000823141366709, 0.00226593296975, 0.00092750537442, 0.000594021403231, 0.000311327574309, 0.000320469407598, 0.000342801271472, 0.000343405990861, 0.000336029595928, 0.000290889991447, 0.000128818501253, 0.00018373542116, 3.3243533835e-05, 0.000161279531312, 7.86700256867e-05, 6.12405056017e-05, 0.000109007312858, 2.79936903098e-05, 2.87595175905e-05, 1.56391288328e-05, 9.17781744647e-06, 2.16662314756e-07],
        "dmean2": [1.0660476164e-06, 0.000686309824232, 0.00137743924279, 0.00101865152828, 0.00251270411536, 0.00131576345302, 0.00349427037872, 0.00133396836463, 0.000855641264934, 0.000405511673307, 0.000421529490268, 0.000481373950606, 0.000509716279339, 0.000487715617055, 0.000423043384217, 0.000195859713131, 0.000279591884464, 4.86851968162e-05, 0.000228531876928, 0.000111157933134, 8.82149324752e-05, 0.000156007619807, 4.16654256696e-05, 4.09326057706e-05, 2.33337996178e-05, 1.33820522024e-05, 3.3487290807e-07],
        "dvar": [2.26569435956e-12, 2.29580635391e-07, 1.12788325168e-06, 7.40262805721e-07, 3.85138673664e-06, 3.96413315684e-06, 2.36503510678e-05, 4.21101140091e-06, 3.00463170788e-06, 5.11506868861e-07, 9.33829312544e-07, 7.34037428174e-07, 1.41113378049e-06, 1.13389626222e-06, 4.72372789773e-07, 1.30905405626e-07, 1.18757064627e-07, 3.60962792989e-09, 1.36851028287e-07, 4.22982324721e-08, 2.30960353065e-08, 8.42330365458e-08, 1.50364822815e-08, 7.94124499492e-09, 2.22619922496e-09, 4.26578578017e-10, 9.42642340053e-13],
        "dvar2": [5.09911123742e-12, 6.71300142585e-07, 2.68462895292e-06, 2.02575415642e-06, 1.1303141946e-05, 9.55430914473e-06, 5.19050336152e-05, 8.0327363321e-06, 7.36516312827e-06, 7.72128259996e-07, 1.46072954976e-06, 1.36386006488e-06, 2.95812606055e-06, 2.29097258853e-06, 9.24004552871e-07, 2.98040419011e-07, 2.56291201595e-07, 7.28573112951e-09, 2.74358853858e-07, 7.48950412799e-08, 4.63326799149e-08, 1.66601253682e-07, 3.34164091953e-08, 1.72617351524e-08, 5.05880315416e-09, 8.71164695937e-10, 2.10699925389e-12],
        "max": [3.17622616421e-05, 0.00504958257079, 0.0176440887153, 0.0144200865179, 0.0338354855776, 0.0366076529026, 0.0539410635829, 0.0271658692509, 0.0296443384141, 0.0201110448688, 0.0201685242355, 0.0170614104718, 0.0216379258782, 0.0221805423498, 0.0144768785685, 0.00600482849404, 0.00461971247569, 0.00126533745788, 0.00639184238389, 0.00620381860062, 0.0036210748367, 0.00682038906962, 0.0025809078943, 0.00150675652549, 0.000783709285315, 0.000324480904965, 2.25670464715e-05],
        "mean": [7.18518379017e-07, 0.00096537231002, 0.00239535816945, 0.00109237036668, 0.00363159668632, 0.00179982115515, 0.00454682530835, 0.00199399422854, 0.00115734431893, 0.000950578658376, 0.000616356323007, 0.000716607901268, 0.000670367036946, 0.000540362729225, 0.000560262124054, 0.000255205843132, 0.000392954971176, 6.82324680383e-05, 0.000337640405633, 0.000178347268957, 0.000150773747009, 0.000238841603277, 5.22224981978e-05, 5.15144674864e-05, 2.68186267931e-05, 1.71200572368e-05, 2.20826947839e-07],
        "median": [2.50962273185e-07, 0.00077136157779, 0.0015356040094, 0.00049856887199, 0.00263276742771, 0.000829948869068, 0.00148016749881, 0.00050805718638, 0.000360716279829, 0.000241809830186, 8.6033003754e-05, 0.000260290864389, 0.000135313675855, 6.57041673549e-05, 0.000149077124661, 3.1526597013e-05, 0.000121333629068, 3.70781926904e-05, 9.59078752203e-05, 3.93552400055e-05, 3.84504273825e-05, 5.06220021634e-05, 1.63300228451e-05, 1.50562627823e-05, 1.09446336864e-05, 6.33682157059e-06, 2.53992684662e-08],
        "min": [2.63471464408e-23, 1.13660215184e-23, 2.99937632603e-23, 9.99106346632e-23, 2.15327447446e-22, 8.76859727594e-23, 7.89148492353e-23, 8.19070806903e-23, 4.27613665708e-23, 4.07310405491e-23, 6.14756779084e-23, 1.25693852842e-22, 8.64128332999e-23, 4.03474585117e-23, 1.14461546402e-22, 1.25399702388e-22, 2.54733738099e-22, 1.89846167356e-22, 2.12955008227e-22, 2.47721130683e-22, 3.08451227751e-22, 4.77337234638e-22, 7.66459527432e-22, 7.56458083818e-22, 1.16074190138e-21, 1.66947413398e-21, 2.09510672383e-21],
        "stdev": [1.67898781456e-06, 0.000805386982393, 0.00255200872198, 0.00157648068853, 0.00333926663734, 0.00285331346095, 0.0069021708332, 0.00373176997527, 0.00212241453119, 0.00187184719834, 0.00158027699217, 0.00140131812077, 0.0021401012782, 0.00170037033968, 0.00118702021427, 0.000602044456173, 0.000637292047031, 9.35252319323e-05, 0.000644631043542, 0.00044536034693, 0.000271813361906, 0.000479091890156, 0.00014499516692, 0.000113781083201, 5.84038498346e-05, 3.11776202579e-05, 9.801175338e-07],
        "var": [2.81900024157e-12, 6.48648153856e-07, 6.51274876873e-06, 2.48529136115e-06, 1.11507024485e-05, 8.14139821159e-06, 4.76399618492e-05, 1.3926106476e-05, 4.50464312962e-06, 3.5038117403e-06, 2.49727554547e-06, 1.96369251171e-06, 4.58003341919e-06, 2.89125932795e-06, 1.40901704526e-06, 3.62457512892e-07, 4.06141140274e-07, 8.74696848285e-09, 4.15549180843e-07, 1.98345844638e-07, 7.38825036706e-08, 2.29529035778e-07, 2.10235970854e-08, 1.29461348308e-08, 3.41100969692e-09, 9.72044000846e-10, 9.60630338297e-13]
    },
    "erbbands": {
        "dmean": [0.00234210002236, 0.126301854849, 0.878922104836, 1.37843441963, 4.30888175964, 5.15140342712, 3.50758504868, 7.85825490952, 25.4877338409, 32.5285453796, 17.2687263489, 15.3791723251, 6.44288825989, 13.2965745926, 12.4511985779, 14.168214798, 15.8962001801, 15.8190612793, 14.9487533569, 9.08248901367, 7.65443515778, 8.5599527359, 2.69963908195, 2.21494412422, 10.2884960175, 2.78214812279, 1.96884691715, 3.03797888756, 4.6065864563, 1.50987756252, 0.73021119833, 0.598245918751, 0.471406489611, 0.198599800467, 0.104397140443, 0.0611883923411, 0.0118913957849, 0.000955640804023, 2.69050869974e-05, 6.84196265865e-06],
        "dmean2": [0.00405410444364, 0.213222578168, 1.39729881287, 2.26840472221, 7.34340333939, 8.40261077881, 5.58823251724, 12.4754924774, 39.0016326904, 48.4518013, 23.19231987, 22.1113166809, 8.29309558868, 16.5540618896, 16.3252658844, 19.8832607269, 22.8224048615, 22.5225524902, 20.9455795288, 13.3972434998, 11.1102676392, 12.3445606232, 3.92606186867, 3.08598542213, 14.1926698685, 3.98393297195, 2.78637313843, 4.3191781044, 6.67807769775, 2.18309235573, 1.06814885139, 0.864784777164, 0.675091743469, 0.292995065451, 0.153204157948, 0.0909963101149, 0.0168761648238, 0.00132745725568, 3.81292411475e-05, 1.027000053e-05],
        "dvar": [7.36379524824e-06, 0.0221851672977, 1.09462928772, 3.32855916023, 31.716791153, 66.5104598999, 56.7165603638, 341.309631348, 2921.71337891, 7210.52148438, 1663.77441406, 2186.86547852, 351.970031738, 858.84173584, 1373.6706543, 1369.99353027, 3252.28320312, 2638.84667969, 1297.58789062, 553.508361816, 254.684524536, 325.435913086, 19.1588993073, 16.9120388031, 553.040466309, 31.9836578369, 21.0575389862, 70.3627166748, 140.003189087, 29.9908809662, 10.8471441269, 3.71456480026, 2.21674346924, 0.369146108627, 0.0754786357284, 0.0180356074125, 0.000850577198435, 7.7947806858e-06, 7.91143506262e-09, 7.97988689016e-11],
        "dvar2": [2.2516498575e-05, 0.0629611313343, 2.6756606102, 8.62327766418, 98.4264602661, 181.964080811, 154.40725708, 815.322692871, 6918.50976562, 14611.2871094, 2862.81567383, 5456.69775391, 559.76751709, 1217.19873047, 2361.98999023, 2546.61694336, 6470.22753906, 5780.71044922, 2023.12145996, 1195.66271973, 541.516357422, 707.614562988, 39.5488853455, 30.0848731995, 1042.97229004, 58.245223999, 47.2357292175, 124.788619995, 291.957855225, 61.4524154663, 24.4905281067, 8.17298030853, 4.87431764603, 0.850510120392, 0.152123063803, 0.0368936061859, 0.00160749547649, 1.47685714182e-05, 1.64564344374e-08, 1.74052411372e-10],
        "max": [0.0264724697918, 1.55993628502, 17.6013011932, 26.2503051758, 79.0636520386, 182.806472778, 143.746246338, 346.511383057, 684.641479492, 1221.12927246, 628.230651855, 815.202453613, 650.280944824, 576.502746582, 800.186584473, 788.03515625, 1188.71765137, 1338.13000488, 895.174926758, 313.324127197, 268.965698242, 295.748931885, 77.8142318726, 96.2218322754, 452.107147217, 123.080513, 91.7680664062, 224.546905518, 267.16003418, 100.85043335, 67.5593338013, 34.2454414368, 27.5416183472, 10.696844101, 5.02760362625, 2.06052899361, 0.44612300396, 0.0620379447937, 0.00241814809851, 0.000128383893752],
        "mean": [0.00550664775074, 0.32951554656, 2.60711216927, 3.01331305504, 9.5087594986, 12.3978271484, 7.69988107681, 17.73595047, 59.47082901, 57.673160553, 40.3584976196, 32.239315033, 17.014755249, 38.0438766479, 27.8188648224, 28.5985927582, 33.330291748, 29.3823299408, 30.0453014374, 18.8705234528, 18.1654968262, 18.3150634766, 6.47666835785, 5.65657091141, 24.1794490814, 7.42893838882, 4.60949468613, 7.63710403442, 10.0821113586, 3.14557862282, 1.3275604248, 1.03755867481, 0.842682778835, 0.341374903917, 0.177468195558, 0.11451151222, 0.0213229693472, 0.00149600813165, 5.33513593837e-05, 3.01036598103e-05],
        "median": [0.00458948453888, 0.256702631712, 1.8624202013, 1.92008805275, 6.28476381302, 7.68620157242, 5.30104589462, 8.77328681946, 20.1113090515, 22.4448070526, 12.5622053146, 11.2657556534, 5.13512134552, 9.23187541962, 8.7745923996, 12.3201284409, 6.83878803253, 5.21696376801, 7.84747838974, 4.08194351196, 3.38304328918, 5.37421703339, 3.57836532593, 2.90176916122, 5.62554597855, 2.33955764771, 1.69267559052, 1.60505902767, 2.07792663574, 0.895524442196, 0.408428162336, 0.308589011431, 0.247125983238, 0.114414282143, 0.0860293507576, 0.0469850823283, 0.00692602945492, 0.000494042003993, 2.86559461529e-05, 2.70769214694e-05],
        "min": [5.16381936696e-22, 2.83464779282e-21, 2.61331752535e-20, 1.82604191501e-19, 7.25648018072e-19, 5.77453389756e-19, 4.40766911712e-19, 9.46538432246e-19, 1.00602378183e-18, 2.17076387767e-18, 9.53030352489e-19, 1.09201106766e-18, 1.46028645543e-18, 1.81403003759e-18, 2.47084473798e-18, 5.87595068675e-18, 3.23462588569e-18, 3.48995565447e-18, 3.14410606369e-18, 8.94901475712e-18, 6.10330541402e-18, 1.56869310691e-17, 1.15842467526e-17, 9.45314329017e-18, 1.15318398977e-17, 1.19736279639e-17, 9.96168731332e-18, 1.49765268524e-17, 1.60053459741e-17, 2.79952958659e-17, 1.6877268786e-17, 1.32630197319e-17, 1.44247543704e-17, 1.25908039625e-17, 8.32038561572e-18, 6.21300197095e-18, 3.4758534658e-18, 8.95879203196e-19, 2.97496748076e-19, 3.39569790668e-20],
        "stdev": [0.00408253166825, 0.264725118876, 2.58787918091, 3.13067913055, 10.1743936539, 14.1380558014, 9.05913257599, 26.4551811218, 85.8271408081, 116.300765991, 77.3799209595, 56.2348480225, 33.6239509583, 70.6343460083, 58.4634552002, 56.5441398621, 108.568634033, 84.4515609741, 67.3124771118, 40.3273735046, 36.6033363342, 30.8877830505, 8.13953590393, 8.81556987762, 47.473651886, 13.7521591187, 7.40693902969, 15.5799484253, 19.6582660675, 7.46591281891, 3.78210544586, 2.37056946754, 1.91643702984, 0.75287437439, 0.371482908726, 0.204162746668, 0.0434279032052, 0.0035259751603, 0.00010481634672, 1.85019234777e-05],
        "var": [1.66670652106e-05, 0.0700793936849, 6.69711828232, 9.80115222931, 103.518280029, 199.884613037, 82.0678863525, 699.876586914, 7366.29833984, 13525.8681641, 5987.65185547, 3162.3581543, 1130.57019043, 4989.21044922, 3417.97558594, 3197.23974609, 11787.1484375, 7132.06640625, 4530.96972656, 1626.29699707, 1339.80432129, 954.055114746, 66.2520523071, 77.7142715454, 2253.74780273, 189.121871948, 54.8627471924, 242.734802246, 386.447387695, 55.73985672, 14.3043222427, 5.61959934235, 3.67273068428, 0.566819787025, 0.137999549508, 0.0416824258864, 0.00188598281238, 1.24325006254e-05, 1.09864668474e-08, 3.42321171409e-10]
    },
    "gfcc": {
        "mean": [-9.95954227448, 107.616867065, -116.864440918, 25.5471496582, -69.0753860474, 5.96408367157, -43.5338783264, 3.04841732979, -29.3475437164, 5.13608646393, -19.9767875671, -3.07949900627, -18.3141441345],
        "cov": [[4152.22998047, -1003.30505371, -663.499511719, 5.61429643631, -576.260314941, 41.5637321472, 13.8922262192, 51.4420127869, -45.3449935913, 234.59664917, -177.897125244, 62.3151779175, -60.7753295898], [-1003.30505371, 834.485412598, 131.186889648, -141.354232788, 175.351715088, -56.9692268372, 86.164024353, -13.4614210129, -5.86327075958, -164.867095947, 62.3301391602, -51.4399108887, 30.8384437561], [-663.499511719, 131.186889648, 427.915863037, 26.941493988, 40.8549385071, 31.8015460968, 47.4054489136, 20.8803462982, -32.0536346436, -35.4192771912, -3.26244711876, 54.5115432739, -9.70784378052], [5.61429643631, -141.354232788, 26.941493988, 226.728515625, 102.173400879, 15.442152977, -67.0473556519, -13.6068191528, 50.6626739502, 46.257106781, -2.96070718765, -17.1200695038, 12.262014389], [-576.260314941, 175.351715088, 40.8549385071, 102.173400879, 334.360839844, 16.5039634705, -129.641647339, -14.0996294022, 51.1954154968, -0.10852022469, 40.7877883911, -65.7968978882, 9.59690380096], [41.5637321472, -56.9692268372, 31.8015460968, 15.442152977, 16.5039634705, 120.508560181, 30.5968647003, -6.43423700333, -4.62664985657, 7.3506026268, 14.1555919647, -6.91338682175, -12.4560804367], [13.8922262192, 86.164024353, 47.4054489136, -67.0473556519, -129.641647339, 30.5968647003, 270.664489746, 24.7560787201, -79.6457977295, -45.3303184509, -4.93554449081, 50.5040588379, -12.9352855682], [51.4420127869, -13.4614210129, 20.8803462982, -13.6068191528, -14.0996294022, -6.43423700333, 24.7560787201, 81.9875717163, 4.74699497223, -1.96056878567, -6.73411798477, 0.854184865952, 2.57648301125], [-45.3449935913, -5.86327075958, -32.0536346436, 50.6626739502, 51.1954154968, -4.62664985657, -79.6457977295, 4.74699497223, 123.059959412, 32.8404006958, -8.68189716339, -29.2935829163, 12.1024532318], [234.59664917, -164.867095947, -35.4192771912, 46.257106781, -0.10852022469, 7.3506026268, -45.3303184509, -1.96056878567, 32.8404006958, 108.1665802, -2.89692211151, -6.97767210007, -14.7598619461], [-177.897125244, 62.3301391602, -3.26244711876, -2.96070718765, 40.7877883911, 14.1555919647, -4.93554449081, -6.73411798477, -8.68189716339, -2.89692211151, 79.558052063, -8.56195068359, -10.2405090332], [62.3151779175, -51.4399108887, 54.5115432739, -17.1200695038, -65.7968978882, -6.91338682175, 50.5040588379, 0.854184865952, -29.2935829163, -6.97767210007, -8.56195068359, 85.5154266357, -0.524473726749], [-60.7753295898, 30.8384437561, -9.70784378052, 12.262014389, 9.59690380096, -12.4560804367, -12.9352855682, 2.57648301125, 12.1024532318, -14.7598619461, -10.2405090332, -0.524473726749, 45.3811149597]],
        "icov": [[0.000790841761045, -0.000421068107244, 0.00148388650268, -0.000955823692493, 0.00146116293035, -0.00126296689268, 0.000974641763605, -0.00122877163813, 0.00113292387687, -0.00117749802303, 0.0016915864544, -0.00103869033046, 0.00129746505991], [-0.000421068107244, 0.00500202691182, -0.00261234515347, 0.00424019014463, -0.00406944891438, 0.00433108163998, -0.0040416745469, 0.00338631821796, -0.00341225392185, 0.00470028631389, -0.00362768839113, 0.00423320522532, -0.00329340365715], [0.00148388650268, -0.00261234515347, 0.00651605241001, -0.00376896793023, 0.00311520090327, -0.00454765325412, 0.00308531103656, -0.00435867113993, 0.00357903097756, -0.00263300281949, 0.0047894148156, -0.00579136190936, 0.0045976024121], [-0.000955823692493, 0.00424019014463, -0.00376896793023, 0.010317793116, -0.00603007618338, 0.003823162755, -0.00395510159433, 0.00460016308352, -0.00473623303697, 0.00186653819401, -0.00344325392507, 0.00382483820431, -0.00568215502426], [0.00146116293035, -0.00406944891438, 0.00311520090327, -0.00603007618338, 0.010244300589, -0.00528269493952, 0.00604885676876, -0.00403870083392, 0.00364674371667, -0.00355614768341, 0.00267429207452, -0.00153242272791, 0.00381159852259], [-0.00126296689268, 0.00433108163998, -0.00454765325412, 0.003823162755, -0.00528269493952, 0.0144681539387, -0.00618566945195, 0.00524809630588, -0.00424483651295, 0.00391215458512, -0.0060491389595, 0.00613981159404, -0.00250280229375], [0.000974641763605, -0.0040416745469, 0.00308531103656, -0.00395510159433, 0.00604885676876, -0.00618566945195, 0.0101025849581, -0.00535827502608, 0.00577742327005, -0.00239007477649, 0.00403696019202, -0.0054428759031, 0.00451720692217], [-0.00122877163813, 0.00338631821796, -0.00435867113993, 0.00460016308352, -0.00403870083392, 0.00524809630588, -0.00535827502608, 0.0168942976743, -0.00501224724576, 0.0032447767444, -0.00365756778046, 0.00509717827663, -0.00468843430281], [0.00113292387687, -0.00341225392185, 0.00357903097756, -0.00473623303697, 0.00364674371667, -0.00424483651295, 0.00577742327005, -0.00501224724576, 0.01502355095, -0.0062341070734, 0.00534494547173, -0.00182791857515, 0.00102725229226], [-0.00117749802303, 0.00470028631389, -0.00263300281949, 0.00186653819401, -0.00355614768341, 0.00391215458512, -0.00239007477649, 0.0032447767444, -0.0062341070734, 0.0183384791017, -0.00449498323724, 0.00361839472316, 0.00177627429366], [0.0016915864544, -0.00362768839113, 0.0047894148156, -0.00344325392507, 0.00267429207452, -0.0060491389595, 0.00403696019202, -0.00365756778046, 0.00534494547173, -0.00449498323724, 0.0197952389717, -0.00444502709433, 0.00734610063955], [-0.00103869033046, 0.00423320522532, -0.00579136190936, 0.00382483820431, -0.00153242272791, 0.00613981159404, -0.0054428759031, 0.00509717827663, -0.00182791857515, 0.00361839472316, -0.00444502709433, 0.0211258698255, -0.00546609703451], [0.00129746505991, -0.00329340365715, 0.0045976024121, -0.00568215502426, 0.00381159852259, -0.00250280229375, 0.00451720692217, -0.00468843430281, 0.00102725229226, 0.00177627429366, 0.00734610063955, -0.00546609703451, 0.0304890573025]]
    },
    "melbands": {
        "dmean": [6.24626190984e-05, 0.000341937586199, 0.000294272060273, 0.000369100045646, 0.00013220506662, 0.000182271673111, 0.000418032199377, 0.000324195832945, 0.000129475054564, 9.15183773031e-05, 3.23944404954e-05, 5.45442635485e-05, 4.32431734225e-05, 4.19459393015e-05, 3.32072304445e-05, 3.26373847201e-05, 3.22005762428e-05, 2.53950365732e-05, 2.08684214158e-05, 8.6144918896e-06, 1.00594652395e-05, 1.0150694834e-05, 5.49779133507e-06, 1.31567333028e-06, 1.66904271737e-06, 7.00484997651e-06, 5.8508917391e-06, 1.36151527386e-06, 1.10738608328e-06, 1.66339998486e-06, 1.98648785954e-06, 3.06344963974e-06, 1.55257669121e-06, 6.77978960084e-07, 4.58820352378e-07, 3.39332842714e-07, 4.04735288839e-07, 3.93203066551e-07, 2.22381984827e-07, 1.60743098832e-07],
        "dmean2": [0.000107107189251, 0.000551419449039, 0.000497950299177, 0.000619644648395, 0.000210743673961, 0.00028563849628, 0.00064232054865, 0.000480165559566, 0.00017330366245, 0.000133374691359, 4.15631257056e-05, 6.90627639415e-05, 5.60625994694e-05, 5.81898129894e-05, 4.85411910631e-05, 4.80657436128e-05, 4.63659198431e-05, 3.62249629688e-05, 3.07351037918e-05, 1.25990482047e-05, 1.49738507389e-05, 1.47197333717e-05, 8.41829933051e-06, 1.91254025594e-06, 2.42055921262e-06, 9.89147974906e-06, 8.17255022412e-06, 2.04065577236e-06, 1.62113155966e-06, 2.43966815106e-06, 2.80471999758e-06, 4.51025334769e-06, 2.24645782509e-06, 1.01076454939e-06, 6.99351289768e-07, 4.88481930461e-07, 5.82342408961e-07, 5.72993997139e-07, 3.23421915027e-07, 2.42878542167e-07],
        "dvar": [5.42853495489e-09, 1.54454326662e-07, 1.21266509723e-07, 2.41727121875e-07, 5.54542189946e-08, 1.95548864212e-07, 7.16713543625e-07, 6.27028441613e-07, 9.25070011704e-08, 9.49352454427e-08, 8.84861250938e-09, 1.42193457009e-08, 1.78117112171e-08, 1.21746115411e-08, 1.17785328158e-08, 1.18010374806e-08, 1.12894511517e-08, 4.96439644948e-09, 2.70342548347e-09, 7.27312543525e-10, 4.24128232535e-10, 4.44162651103e-10, 1.19161056022e-10, 4.07654942788e-12, 1.25573605333e-11, 2.49152670717e-10, 2.18159518228e-10, 7.99770492887e-12, 7.48108259369e-12, 1.31315227789e-11, 3.57145008012e-11, 6.66018074025e-11, 2.07020962872e-11, 7.38152334395e-12, 5.17411764475e-12, 1.30081524979e-12, 1.53351084001e-12, 1.56641008758e-12, 5.82953498841e-13, 2.48703184783e-13],
        "dvar2": [1.6219294352e-08, 3.80880322837e-07, 3.36331851258e-07, 7.03885802977e-07, 1.49627894075e-07, 4.60862509044e-07, 1.66808945323e-06, 1.28065096305e-06, 1.62402841397e-07, 2.38405931441e-07, 1.33700313043e-08, 2.02126901883e-08, 2.57950922844e-08, 2.31798473749e-08, 2.51255780626e-08, 2.54745362582e-08, 2.41948185931e-08, 7.98065258323e-09, 5.8670406311e-09, 1.67989566702e-09, 9.18882470113e-10, 9.30602261917e-10, 2.70272831893e-10, 8.37627536776e-12, 2.32614517925e-11, 4.60634058674e-10, 3.86279341846e-10, 1.66305424293e-11, 1.77908018179e-11, 2.67099831835e-11, 6.24879037403e-11, 1.40133821214e-10, 4.54984071252e-11, 1.5412955634e-11, 1.23242674746e-11, 2.66832844882e-12, 3.39945758175e-12, 3.50641521027e-12, 1.32252032676e-12, 5.94138507923e-13],
        "max": [0.000748483114876, 0.0062397653237, 0.00544827384874, 0.00824588071555, 0.00384777691215, 0.00840252265334, 0.00949998293072, 0.0108121521771, 0.00425357464701, 0.00562402093783, 0.00339995347895, 0.00239656167105, 0.00329609331675, 0.00227984413505, 0.00191914406605, 0.00239966996014, 0.00266155414283, 0.00158096570522, 0.000761158298701, 0.000446731079137, 0.000308569869958, 0.000310533243464, 0.000212653030758, 3.1602292438e-05, 8.19550696178e-05, 0.000259544001892, 0.00039642181946, 5.08108423674e-05, 4.65797857032e-05, 6.6174827225e-05, 0.000166901707416, 0.000190274775377, 7.71242193878e-05, 5.07502627443e-05, 4.94426349178e-05, 1.92727875401e-05, 2.40645022132e-05, 2.1698875571e-05, 1.78394693648e-05, 9.5934883575e-06],
        "mean": [0.000145100086229, 0.00100546365138, 0.000714955793228, 0.000884062086698, 0.000296020094538, 0.000404954975238, 0.00093731796369, 0.000575967715122, 0.000311325886287, 0.000179855487659, 8.10357087175e-05, 0.000156998023158, 9.10725721042e-05, 8.79674698808e-05, 6.59185971017e-05, 6.24712847639e-05, 5.49091091671e-05, 4.60533046862e-05, 3.91330468119e-05, 1.73875487235e-05, 2.28969602176e-05, 2.13290022657e-05, 1.06139523268e-05, 2.9755401556e-06, 3.39285634254e-06, 1.67684283952e-05, 1.40106267281e-05, 2.96248640552e-06, 2.22354947255e-06, 4.14675878346e-06, 4.5098654482e-06, 6.6391899054e-06, 3.07847426484e-06, 1.2876381561e-06, 7.73728345393e-07, 5.76503225602e-07, 6.66162691232e-07, 6.7399702175e-07, 3.77569278953e-07, 2.5539762305e-07],
        "median": [0.000119021286082, 0.000749443192035, 0.000530295015778, 0.000629585352726, 0.000223155890126, 0.000174432381755, 0.000325699656969, 0.000231061203522, 8.84694745764e-05, 6.0888214648e-05, 2.14030787902e-05, 3.84893974115e-05, 2.28908265854e-05, 3.20784165524e-05, 1.78755017259e-05, 1.35911386678e-05, 8.29192686069e-06, 1.03451529867e-05, 9.15735472518e-06, 1.98881048163e-06, 4.50883044323e-06, 5.52063147552e-06, 5.01078784509e-06, 1.72678244326e-06, 1.52209167936e-06, 3.98205202146e-06, 2.92224626719e-06, 9.47523119521e-07, 9.20625723211e-07, 8.14537202132e-07, 8.23298648811e-07, 1.18700563689e-06, 6.97366260738e-07, 3.60325714155e-07, 2.01300082381e-07, 1.81348539741e-07, 1.54559344878e-07, 1.7897062321e-07, 1.07935896665e-07, 8.01443604814e-08],
        "min": [5.86262689314e-24, 1.09688679179e-23, 4.94238080972e-23, 5.13929248235e-23, 1.59177189648e-23, 1.87980299901e-23, 1.59304148922e-23, 2.33441659671e-23, 6.43525431892e-24, 6.95401634994e-24, 6.99610839012e-24, 6.86317428354e-24, 7.4499077256e-24, 1.6331859896e-23, 7.3142015618e-24, 9.7712279691e-24, 5.52014726987e-24, 3.42861313616e-24, 1.02817369373e-23, 1.16027200219e-23, 6.22134285156e-24, 1.79555407428e-23, 8.96597137883e-24, 1.08812578147e-23, 7.05487694984e-24, 8.39146370308e-24, 8.44791301173e-24, 8.0029023756e-24, 5.98914913828e-24, 5.94923119876e-24, 1.0258718765e-23, 8.69571315473e-24, 9.84108317998e-24, 1.83764564114e-23, 9.64473017865e-24, 8.46026105148e-24, 7.91231037811e-24, 1.0031880234e-23, 1.15160313081e-23, 9.88371164558e-24],
        "stdev": [0.000118540338008, 0.000910188362468, 0.000637462246232, 0.000856008147821, 0.000297519000014, 0.000649963854812, 0.00131919432897, 0.00112275977153, 0.000588481139857, 0.000356032280251, 0.000171885665623, 0.000300319457892, 0.000220170128159, 0.000178121044883, 0.00017713989655, 0.0001851272973, 0.000173235981492, 0.000122998666484, 8.75776095199e-05, 4.28145976912e-05, 4.55245244666e-05, 3.85470302717e-05, 1.70512939803e-05, 3.39349276146e-06, 6.56040356262e-06, 3.17146077577e-05, 3.35064578394e-05, 5.72019916945e-06, 3.9530086724e-06, 7.27443284632e-06, 1.05914714368e-05, 1.32672339532e-05, 6.50230595056e-06, 3.50412233274e-06, 2.44968214247e-06, 1.45103285831e-06, 1.5532945099e-06, 1.57927331657e-06, 9.44313512719e-07, 5.85977318224e-07],
        "var": [1.40518112701e-08, 8.28442864531e-07, 4.06358083183e-07, 7.3274998158e-07, 8.8517552399e-08, 4.22452984594e-07, 1.74027366029e-06, 1.26058944261e-06, 3.4631005974e-07, 1.26758990859e-07, 2.95446813681e-08, 9.0191782931e-08, 4.84748845508e-08, 3.17271044992e-08, 3.13785442074e-08, 3.4272115812e-08, 3.00107068085e-08, 1.51286734251e-08, 7.66983720979e-09, 1.83308979107e-09, 2.07248240791e-09, 1.48587364635e-09, 2.90746648979e-10, 1.15157926597e-11, 4.30388953643e-11, 1.00581643014e-09, 1.12268261354e-09, 3.27206768624e-11, 1.56262780493e-11, 5.29173718733e-11, 1.12179265876e-10, 1.76019504528e-10, 4.22799815991e-11, 1.22788732307e-11, 6.00094279823e-12, 2.10549633284e-12, 2.41272366669e-12, 2.4941040986e-12, 8.91728043403e-13, 3.43369403006e-13]
    },
    "melbands128": {
