{
"lowlevel": {
    "average_loudness": 0.939778745174,
    "barkbands_crest": {
        "dmean": 2.85582971573,
        "dmean2": 4.54918193817,
        "dvar": 8.08532524109,
        "dvar2": 17.5762786865,
        "max": 26.4733104706,
        "mean": 14.6698722839,
        "median": 13.2438678741,
        "min": 3.77552056313,
        "stdev": 5.67231464386,
        "var": 32.1751556396
    },
    "barkbands_flatness_db": {
        "dmean": 0.035881202668,
        "dmean2": 0.0524978525937,
        "dvar": 0.00150832824875,
        "dvar2": 0.00297978054732,
        "max": 0.755235612392,
        "mean": 0.316184163094,
        "median": 0.299488931894,
        "min": 0.0820752605796,
        "stdev": 0.110348857939,
        "var": 0.0121768703684
    },
    "barkbands_kurtosis": {
        "dmean": 17.6334934235,
        "dmean2": 25.8456840515,
        "dvar": 1960.40283203,
        "dvar2": 4008.48681641,
        "max": 1053.89111328,
        "mean": 31.5250453949,
        "median": 16.4857769012,
        "min": -1.86492645741,
        "stdev": 61.5082817078,
        "var": 3783.26879883
    },
    "barkbands_skewness": {
        "dmean": 1.09207355976,
        "dmean2": 1.55464744568,
        "dvar": 2.14986586571,
        "dvar2": 3.99978899956,
        "max": 28.9233264923,
        "mean": 3.50149893761,
        "median": 3.00730228424,
        "min": -2.01243686676,
        "stdev": 2.55271148682,
        "var": 6.51633548737
    },
    "barkbands_spread": {
        "dmean": 2.54306125641,
        "dmean2": 3.77347111702,
        "dvar": 20.5214366913,
        "dvar2": 36.8680610657,
        "max": 85.3838500977,
        "mean": 7.21464443207,
        "median": 4.80213308334,
        "min": 0.0742883309722,
        "stdev": 8.84691429138,
        "var": 78.2678985596
    },
    "dissonance": {
        "dmean": 0.0406522788107,
        "dmean2": 0.0668613240123,
        "dvar": 0.00162643729709,
        "dvar2": 0.00428169872612,
        "max": 0.500000059605,
        "mean": 0.402238488197,
        "median": 0.411985397339,
        "min": 0.0252545028925,
        "stdev": 0.0596711263061,
        "var": 0.00356064341031
    },
    "dynamic_complexity": 4.15818691254,
    "erbbands_crest": {
        "dmean": 2.47359585762,
        "dmean2": 3.9136736393,
        "dvar": 4.43626356125,
        "dvar2": 10.41451931,
        "max": 28.3106975555,
        "mean": 11.7530183792,
        "median": 11.0024108887,
        "min": 3.57838797569,
        "stdev": 4.0693860054,
        "var": 16.5599040985
    },
    "erbbands_flatness_db": {
        "dmean": 0.0224360413849,
        "dmean2": 0.0349101424217,
        "dvar": 0.000578369945288,
        "dvar2": 0.00132189458236,
        "max": 0.509821295738,
        "mean": 0.254006385803,
        "median": 0.243924304843,
        "min": 0.0705417096615,
        "stdev": 0.074760004878,
        "var": 0.00558905815706
    },
    "erbbands_kurtosis": {
        "dmean": 3.65850424767,
        "dmean2": 5.75869560242,
        "dvar": 37.1537666321,
        "dvar2": 92.1561355591,
        "max": 86.0077819824,
        "mean": 7.10235261917,
        "median": 4.42466163635,
        "min": -1.90354788303,
        "stdev": 9.77571773529,
        "var": 95.5646514893
    },
    "erbbands_skewness": {
        "dmean": 0.563827872276,
        "dmean2": 0.866547942162,
        "dvar": 0.319604605436,
        "dvar2": 0.69654405117,
        "max": 8.03849315643,
        "mean": 1.64331710339,
        "median": 1.56305539608,
        "min": -1.57745730877,
        "stdev": 1.25694859028,
        "var": 1.57991981506
    },
    "erbbands_spread": {
        "dmean": 6.45479679108,
        "dmean2": 9.8922290802,
        "dvar": 86.8685760498,
        "dvar2": 175.94770813,
        "max": 158.449920654,
        "mean": 26.5652275085,
        "median": 18.902299881,
        "min": 0.902162611485,
        "stdev": 20.7127151489,
        "var": 429.016540527
    },
    "hfc": {
        "dmean": 3.26376700401,
        "dmean2": 4.99840259552,
        "dvar": 31.3897972107,
        "dvar2": 75.4295272827,
        "max": 42.8031196594,
        "mean": 8.53446102142,
        "median": 6.94553756714,
        "min": 1.17850804151e-16,
        "stdev": 8.06199645996,
        "var": 64.9957809448
    },
    "loudness_ebu128": {
        "integrated": -12.4663972855,
        "loudness_range": 4.57109928131,
        "momentary": {
            "dmean": 1.07539391518,
            "dmean2": 1.2629699707,
            "dvar": 1.77497661114,
            "dvar2": 2.32074213028,
            "max": -8.5321559906,
            "mean": -14.1457395554,
            "median": -12.8354406357,
            "min": -34.5760040283,
            "stdev": 4.39618825912,
            "var": 19.3264732361
        },
        "short_term": {
            "dmean": 0.177001416683,
            "dmean2": 0.189883321524,
            "dvar": 0.0366096384823,
            "dvar2": 0.0424919389188,
            "max": -10.3100347519,
            "mean": -12.8285961151,
            "median": -12.4146852493,
            "min": -18.0633106232,
            "stdev": 1.68798422813,
            "var": 2.84929060936
        }
    },
    "melbands_crest": {
        "dmean": 3.25885868073,
        "dmean2": 4.73137235641,
        "dvar": 9.10486221313,
        "dvar2": 18.799861908,
        "max": 34.5639305115,
        "mean": 18.3446960449,
        "median": 16.5915565491,
        "min": 1.90886926651,
        "stdev": 7.22092342377,
        "var": 52.1417350769
    },
    "melbands_flatness_db": {
        "dmean": 0.0397519096732,
        "dmean2": 0.0577129945159,
        "dvar": 0.00208090920933,
        "dvar2": 0.00384221039712,
        "max": 0.928148388863,
        "mean": 0.430297136307,
        "median": 0.419836997986,
        "min": 0.00518859131262,
        "stdev": 0.128561943769,
        "var": 0.0165281724185
    },
    "melbands_kurtosis": {
        "dmean": 16.2199115753,
        "dmean2": 21.8670444489,
        "dvar": 1564.77026367,
        "dvar2": 2491.49023438,
        "max": 910.881164551,
        "mean": 30.789264679,
        "median": 15.3784732819,
        "min": -1.32751226425,
        "stdev": 62.5604667664,
        "var": 3913.81176758
    },
    "melbands_skewness": {
        "dmean": 0.930643856525,
        "dmean2": 1.3078366518,
        "dvar": 1.18314421177,
        "dvar2": 2.14033293724,
        "max": 23.2246208191,
        "mean": 3.35055923462,
        "median": 2.78233957291,
        "min": -1.0583486557,
        "stdev": 2.40131282806,
        "var": 5.76630306244
    },
    "melbands_spread": {
        "dmean": 2.37636351585,
        "dmean2": 3.60249018669,
        "dvar": 26.189283371,
        "dvar2": 49.0883026123,
        "max": 116.664871216,
        "mean": 6.44684410095,
        "median": 4.43441581726,
        "min": 0.162251517177,
        "stdev": 7.34822702408,
        "var": 53.9964408875
    },
    "pitch_salience": {
        "dmean": 0.0855305939913,
        "dmean2": 0.131785839796,
        "dvar": 0.00791738461703,
        "dvar2": 0.0160518065095,
        "max": 0.809202730656,
        "mean": 0.468425929546,
        "median": 0.507935225964,
        "min": 0.0542339384556,
        "stdev": 0.180861905217,
        "var": 0.0327110290527
    },
    "silence_rate_20dB": {
        "dmean": 0.00928792543709,
        "dmean2": 0.018590239808,
        "dvar": 0.00920165609568,
        "dvar2": 0.0228921752423,
        "max": 1,
        "mean": 0.993039429188,
        "median": 1,
        "min": 0,
        "stdev": 0.0831390991807,
        "var": 0.00691210990772
    },
    "silence_rate_30dB": {
        "dmean": 0.0650154799223,
        "dmean2": 0.130131676793,
        "dvar": 0.0607882291079,
        "dvar2": 0.114747680724,
        "max": 1,
        "mean": 0.840680599213,
        "median": 1,
        "min": 0,
        "stdev": 0.365971684456,
        "var": 0.133935272694
    },
    "silence_rate_60dB": {
        "dmean": 0.0549535602331,
        "dmean2": 0.1099922508,
        "dvar": 0.0519337318838,
        "dvar2": 0.128877818584,
        "max": 1,
        "mean": 0.139211133122,
        "median": 0,
        "min": 0,
        "stdev": 0.34616586566,
        "var": 0.119830809534
    },
    "spectral_centroid": {
        "dmean": 129.646591187,
        "dmean2": 187.284210205,
        "dvar": 123784,
        "dvar2": 165470.28125,
        "max": 10924.7353516,
        "mean": 518.351867676,
        "median": 346.155548096,
        "min": 87.9221038818,
        "stdev": 486.531158447,
        "var": 236712.5625
    },
    "spectral_complexity": {
        "dmean": 1.44504642487,
        "dmean2": 2.30131673813,
        "dvar": 3.2547056675,
        "dvar2": 6.81004524231,
        "max": 27,
        "mean": 7.80201101303,
        "median": 8,
        "min": 0,
        "stdev": 3.86461997032,
        "var": 14.9352874756
    },
    "spectral_decrease": {
        "dmean": 5.64494317956e-09,
        "dmean2": 7.72197594756e-09,
        "dvar": 1.4289042156e-16,
        "dvar2": 2.5444697682e-16,
        "max": 6.04654914393e-29,
        "mean": -1.30221842198e-08,
        "median": -5.58369128711e-09,
        "min": -1.08624512052e-07,
        "stdev": 2.0094251596e-08,
        "var": 4.0377893836e-16
    },
    "spectral_energy": {
        "dmean": 0.0215516332537,
        "dmean2": 0.0295221544802,
        "dvar": 0.00207113241777,
        "dvar2": 0.00370246358216,
        "max": 0.413598001003,
        "mean": 0.0499227978289,
        "median": 0.0218933392316,
        "min": 1.04612045729e-20,
        "stdev": 0.0763854533434,
        "var": 0.00583473732695
    },
    "spectral_energyband_high": {
        "dmean": 2.81776956399e-05,
        "dmean2": 4.14677124354e-05,
        "dvar": 8.18557222004e-09,
        "dvar2": 1.44761260756e-08,
        "max": 0.00173148990143,
        "mean": 7.95102168922e-05,
        "median": 3.14856733894e-05,
        "min": 7.73273801333e-21,
        "stdev": 0.000160523821251,
        "var": 2.57678962612e-08
    },
    "spectral_energyband_low": {
        "dmean": 0.0190127156675,
        "dmean2": 0.0257948115468,
        "dvar": 0.00222117523663,
        "dvar2": 0.00409529171884,
        "max": 0.407502382994,
        "mean": 0.035329837352,
        "median": 0.0032093510963,
        "min": 4.54209259157e-23,
        "stdev": 0.0743084549904,
        "var": 0.00552174681798
    },
    "spectral_energyband_middle_high": {
        "dmean": 0.000358465651516,
        "dmean2": 0.000520941743162,
        "dvar": 4.99003135701e-07,
        "dvar2": 9.71868871602e-07,
        "max": 0.00987732410431,
        "mean": 0.000902124855202,
        "median": 0.000444564939244,
        "min": 1.48644628706e-21,
        "stdev": 0.00131748092826,
        "var": 1.73575585904e-06
    },
    "spectral_energyband_middle_low": {
        "dmean": 0.00904960371554,
        "dmean2": 0.0162332579494,
        "dvar": 0.000467725592898,
        "dvar2": 0.00134161207825,
        "max": 0.179067090154,
        "mean": 0.0160796586424,
        "median": 0.00960991159081,
        "min": 2.04800723443e-22,
        "stdev": 0.0203643608838,
        "var": 0.000414707174059
    },
    "spectral_entropy": {
        "dmean": 0.282078415155,
        "dmean2": 0.436377823353,
        "dvar": 0.107126668096,
        "dvar2": 0.224362894893,
        "max": 9.80457878113,
        "mean": 6.02610254288,
        "median": 5.95350694656,
        "min": 3.7007484436,
        "stdev": 0.72216129303,
        "var": 0.521516919136
    },
    "spectral_flux": {
        "dmean": 0.0437675900757,
        "dmean2": 0.0650340169668,
        "dvar": 0.00622576242313,
        "dvar2": 0.00976119097322,
        "max": 0.619681417942,
        "mean": 0.0906734094024,
        "median": 0.0579845272005,
        "min": 1.02280031666e-10,
        "stdev": 0.110746890306,
        "var": 0.0122648738325
    },
    "spectral_kurtosis": {
        "dmean": 10.5972604752,
        "dmean2": 17.7148990631,
        "dvar": 704.52935791,
        "dvar2": 1956.18664551,
        "max": 461.209197998,
        "mean": 26.1973495483,
        "median": 14.4333839417,
        "min": -1.17910957336,
        "stdev": 39.9071922302,
        "var": 1592.58398438
    },
    "spectral_rms": {
        "dmean": 0.00123798416462,
        "dmean2": 0.00169343163725,
        "dvar": 3.82801317755e-06,
        "dvar2": 6.30055956208e-06,
        "max": 0.0200875643641,
        "mean": 0.00553369987756,
        "median": 0.00462161842734,
        "min": 3.19469147317e-12,
        "stdev": 0.0042524561286,
        "var": 1.80833831109e-05
    },
    "spectral_rolloff": {
        "dmean": 196.681503296,
        "dmean2": 320.244720459,
        "dvar": 564349.8125,
        "dvar2": 865165.8125,
        "max": 18712.3535156,
        "mean": 523.141357422,
        "median": 322.998046875,
        "min": 64.599609375,
        "stdev": 1005.07824707,
        "var": 1010182.25
    },
    "spectral_skewness": {
        "dmean": 0.701394677162,
        "dmean2": 1.14205408096,
        "dvar": 1.24649202824,
        "dvar2": 3.29907655716,
        "max": 18.5946331024,
        "mean": 3.69054627419,
        "median": 3.42569994926,
        "min": 0.0169780645519,
        "stdev": 2.15467453003,
        "var": 4.64262199402
    },
    "spectral_spread": {
        "dmean": 677787.3125,
        "dmean2": 1043836.125,
        "dvar": 1.18281469952e+12,
        "dvar2": 1.57711033958e+12,
        "max": 39911344,
        "mean": 3913486.75,
        "median": 3607137.5,
        "min": 176881.828125,
        "stdev": 2330692.5,
        "var": 5.43212699648e+12
    },
    "spectral_strongpeak": {
        "dmean": 0.266660004854,
        "dmean2": 0.417434900999,
        "dvar": 0.091360501945,
        "dvar2": 0.223982304335,
        "max": 5.06374692917,
        "mean": 0.643926024437,
        "median": 0.51486313343,
        "min": 0,
        "stdev": 0.529313802719,
        "var": 0.280173093081
    },
    "zerocrossingrate": {
        "dmean": 0.00651016458869,
        "dmean2": 0.00760258827358,
        "dvar": 0.000247748685069,
        "dvar2": 0.000265303853666,
        "max": 0.49267578125,
        "mean": 0.0265745092183,
        "median": 0.02392578125,
        "min": 0.0009765625,
        "stdev": 0.0256997141987,
        "var": 0.000660475285258
    },
    "barkbands": {
        "dmean": [0.000794605119154, 0.0157873220742, 0.0070435446687, 0.0050787976943, 0.00334331346676, 0.00187884224579, 0.000346390617779, 0.00019190365856, 0.00023480055097, 0.000137346418342, 5.40134278708e-05, 6.92277826602e-05, 6.84525221004e-05, 3.28957830789e-05, 2.21842165047e-05, 4.45422301709e-05, 1.29985855892e-05, 1.60364415933e-05, 4.08174564654e-05, 2.56701969192e-05, 2.58421277977e-06, 3.02354237647e-06, 2.1338987608e-06, 3.35417257702e-06, 1.4643648683e-05, 3.97221810999e-06, 1.53072235776e-07],
        "dmean2": [0.00107402598951, 0.019865648821, 0.0135267069563, 0.00931005738676, 0.00598210189492, 0.0030543836765, 0.000514087674674, 0.0002684861538, 0.000323141575791, 0.000194935681066, 7.90936173871e-05, 0.000103056350781, 0.000104242848465, 4.80225462525e-05, 3.44714098901e-05, 7.07936706021e-05, 1.97445988306e-05, 2.4899482014e-05, 6.45962136332e-05, 3.7135589082e-05, 3.71806686417e-06, 4.7401822485e-06, 3.04969285025e-06, 5.13442455485e-06, 2.32857655647e-05, 5.95994333707e-06, 2.38464679114e-07],
        "dvar": [2.59975422523e-06, 0.0015983103076, 0.000733847380616, 0.000213160878047, 7.14536436135e-05, 5.74790965402e-06, 7.76551019044e-07, 1.12786960926e-06, 4.42848204329e-07, 1.13455570272e-07, 1.65623426085e-08, 3.73424668965e-08, 5.82000367899e-08, 1.31341240106e-08, 5.6246758362e-09, 1.96965945776e-08, 2.04951011717e-09, 2.44663733717e-09, 3.79253215499e-08, 3.01807610015e-08, 4.89683779636e-11, 6.30733520968e-10, 9.81421333091e-11, 1.53763807242e-10, 1.48711987169e-09, 1.48595510896e-10, 3.88167227311e-13],
        "dvar2": [5.00375881529e-06, 0.00254822080024, 0.00213396316394, 0.000610019254964, 0.000208472440136, 1.51570575326e-05, 1.2558623439e-06, 2.00958515961e-06, 8.44815360779e-07, 2.11450696952e-07, 3.16143200507e-08, 7.37878309565e-08, 1.560989773e-07, 2.85409900158e-08, 1.37611131379e-08, 4.97576913006e-08, 4.29056745688e-09, 5.30121768705e-09, 9.82148762319e-08, 6.41454889205e-08, 8.68248667407e-11, 1.2008369854e-09, 1.69786365523e-10, 2.70694799909e-10, 3.12467896002e-09, 2.77153383577e-10, 8.32805558456e-13],
        "max": [0.0157619081438, 0.352512687445, 0.184976562858, 0.118225067854, 0.0740025117993, 0.0347615107894, 0.0220218189061, 0.0401875004172, 0.0130022438243, 0.00589816644788, 0.00222218898125, 0.00306058954448, 0.00486797653139, 0.00177785265259, 0.00129806878977, 0.00229812134057, 0.000997645896859, 0.000744110904634, 0.00399093516171, 0.00478180591017, 0.000121402532386, 0.000581806874834, 0.000207006072742, 0.000292119191727, 0.000641644757707, 0.000246132025495, 1.56827154569e-05],
        "mean": [0.00109386863187, 0.0275328680873, 0.00426979409531, 0.00515243364498, 0.00506760645658, 0.00401290366426, 0.000775812019128, 0.000476961489767, 0.000533413258381, 0.000318794802297, 0.000108353946416, 0.000134080779389, 0.000126744213048, 4.4167310989e-05, 3.3145868656e-05, 5.32762314833e-05, 1.62767428264e-05, 2.3346481612e-05, 4.47773018095e-05, 3.03052711388e-05, 4.03543162975e-06, 4.28928706242e-06, 4.43899716629e-06, 8.01912210591e-06, 4.33604618593e-05, 9.56888197834e-06, 2.06194698649e-07],
        "median": [3.59539335477e-05, 0.00133545417339, 0.000297588529065, 0.00112181913573, 0.00288598239422, 0.0023097016383, 0.000188824953511, 7.5220297731e-05, 0.000176448927959, 2.75452584901e-05, 3.789845141e-05, 3.7527155655e-05, 3.52639326593e-05, 4.56695579487e-06, 6.06407911619e-06, 4.65558923679e-06, 3.56142027158e-06, 2.51365827353e-06, 2.61166564997e-06, 1.64982884598e-06, 5.22721791185e-07, 6.66996911036e-08, 3.82476798677e-07, 2.21391883315e-06, 1.43025117723e-05, 2.5686281333e-06, 4.30241531291e-09],
        "min": [1.34250226339e-23, 2.91747016042e-23, 6.51534302789e-24, 8.45294042228e-24, 3.20246888162e-23, 2.94723735336e-23, 1.6984336217e-23, 3.84521349899e-23, 4.19735343402e-23, 6.24098469923e-23, 8.76394867639e-23, 7.81431476325e-23, 1.29278676609e-22, 7.27009981957e-23, 9.97143534482e-23, 1.47426566884e-22, 2.17630896045e-22, 1.64554643024e-22, 1.93849832088e-22, 4.35711985543e-22, 6.48445481627e-22, 3.62376396081e-22, 6.91320942728e-22, 6.80639740828e-22, 1.22104076291e-21, 1.79419130129e-21, 2.45743747957e-21],
        "stdev": [0.00234719389118, 0.0633560046554, 0.0199703481048, 0.0123921781778, 0.00752127822489, 0.00454357685521, 0.0019018513849, 0.00266289827414, 0.000986344530247, 0.000706397288013, 0.000232763079111, 0.000290627009235, 0.000277855579043, 0.000138041534228, 9.36505821301e-05, 0.000148555700434, 5.02431466884e-05, 6.69515866321e-05, 0.000176748639205, 0.000185532058822, 1.14855874926e-05, 3.50314330717e-05, 1.76783796633e-05, 2.09573336178e-05, 7.48388920329e-05, 2.16633034142e-05, 8.05439640317e-07],
        "var": [5.50931963517e-06, 0.00401398306713, 0.000398814823711, 0.000153566084919, 5.65696245758e-05, 2.06440927286e-05, 3.61703860108e-06, 7.09102732799e-06, 9.7287556855e-07, 4.98997167142e-07, 5.41786491226e-08, 8.44640553055e-08, 7.72037225261e-08, 1.9055466538e-08, 8.77043149217e-09, 2.20687947916e-08, 2.52437382109e-09, 4.48251480378e-09, 3.12400807445e-08, 3.44221433579e-08, 1.31918712065e-10, 1.22720134055e-09, 3.12525116897e-10, 4.39209835168e-10, 5.60086022006e-09, 4.69298711003e-10, 6.48733020428e-13]
    },
    "erbbands": {
        "dmean": [0.655187189579, 3.52844309807, 7.96771812439, 12.9386386871, 15.2925701141, 9.46495342255, 14.528087616, 11.8054323196, 5.96842670441, 2.97847914696, 5.33626270294, 4.17118167877, 4.28523588181, 2.91634202003, 1.88942146301, 2.48960351944, 3.07928490639, 2.07064723969, 0.799792706966, 1.6482912302, 2.40506696701, 0.890803098679, 0.801262915134, 1.52310371399, 2.09127569199, 1.08200871944, 0.158238172531, 0.0967234522104, 0.107830971479, 0.0688976049423, 0.0664642080665, 0.0693541094661, 0.0629816204309, 0.091591745615, 0.157639488578, 0.0332096554339, 0.00426370138302, 0.000476438610349, 2.36825708271e-05, 2.35881034314e-05],
        "dmean2": [0.738089382648, 4.69801807404, 14.6802864075, 23.7830028534, 28.1208763123, 16.6736278534, 23.2081203461, 18.9937057495, 8.62938308716, 4.19405698776, 7.1359796524, 5.5463142395, 5.93445014954, 3.95479369164, 2.75192332268, 3.61053657532, 4.59712076187, 3.13015556335, 1.20441913605, 2.60189127922, 3.78472614288, 1.36022984982, 1.23452532291, 2.36365842819, 3.26434779167, 1.5454210043, 0.238352805376, 0.133172795177, 0.17831595242, 0.100588738918, 0.0956917479634, 0.10716085881, 0.090949639678, 0.131425917149, 0.258837282658, 0.0498143658042, 0.00613938830793, 0.000674386275932, 3.34798423864e-05, 3.23728454532e-05],
        "dvar": [2.26559901237, 91.7280044556, 855.96282959, 1603.60839844, 1756.26525879, 558.577331543, 349.785400391, 273.149536133, 210.044281006, 89.1491165161, 785.160888672, 116.183929443, 91.900894165, 51.2850914001, 16.845916748, 47.5044631958, 106.543136597, 57.9253959656, 6.7251534462, 37.6940498352, 71.3628463745, 7.08512401581, 6.80657577515, 49.0514602661, 88.4102706909, 41.3190231323, 0.18512095511, 0.120066300035, 0.853283941746, 0.370516210794, 0.0993522927165, 0.0926044210792, 0.0465567372739, 0.125255674124, 0.152004599571, 0.00916254892945, 0.000200638110982, 3.54952953785e-06, 4.12471523603e-09, 2.42004660755e-09],
        "dvar2": [2.94662666321, 194.288131714, 2432.35375977, 4601.60595703, 5091.72216797, 1617.1887207, 864.446838379, 701.592529297, 365.406677246, 131.010879517, 1345.02270508, 193.89730835, 183.022216797, 102.554450989, 31.1419525146, 90.0635070801, 280.326782227, 136.734603882, 14.6900472641, 96.9358062744, 177.994598389, 15.0645866394, 14.9064121246, 127.181800842, 216.025924683, 89.6239318848, 0.412979990244, 0.186654046178, 1.64626014233, 0.646943747997, 0.185862779617, 0.206108957529, 0.0760138705373, 0.204751387239, 0.367623955011, 0.017880031839, 0.000361380341928, 5.26714666194e-06, 7.50937356742e-09, 4.33093294561e-09],
        "max": [14.8540754318, 83.2073516846, 211.124160767, 271.725769043, 322.266845703, 229.633087158, 411.955322266, 271.054351807, 330.542724609, 214.974075317, 1135.81884766, 263.321350098, 136.434326172, 133.856491089, 64.4057235718, 120.580062866, 204.8019104, 105.403282166, 61.8129806519, 110.234542847, 158.463882446, 50.5841674805, 42.1965713501, 152.331130981, 207.921905518, 164.936187744, 7.08351039886, 7.41503763199, 22.1918544769, 18.2563285828, 7.27184247971, 6.38321495056, 5.46188688278, 9.43983459473, 7.20399808884, 1.95514380932, 0.380135297775, 0.0510004945099, 0.0017919318052, 0.000447272817837],
        "mean": [1.0842949152, 5.000395298, 5.47232103348, 11.7223110199, 16.6196594238, 15.1228122711, 34.8160362244, 26.2455883026, 14.1694736481, 6.26576375961, 14.4863986969, 10.4090652466, 10.4417743683, 6.74238443375, 4.31882286072, 5.28333759308, 6.42272996902, 2.8819463253, 1.2639966011, 2.28276228905, 2.95756196976, 1.15095388889, 1.12118327618, 1.9461350441, 2.34395503998, 1.29000735283, 0.244692012668, 0.145913630724, 0.151381015778, 0.124315410852, 0.138432353735, 0.147515922785, 0.158375814557, 0.256049245596, 0.445306539536, 0.0899239704013, 0.0109106302261, 0.00107614451554, 5.72346398258e-05, 5.63356552448e-05],
        "median": [0.0366759411991, 0.264393031597, 0.513815879822, 2.28642702103, 7.00879812241, 8.86689853668, 19.987909317, 13.2753896713, 4.08364248276, 2.01620531082, 3.1832985878, 4.07123374939, 2.00755763054, 1.5817155838, 1.71083307266, 1.88783156872, 2.11412262917, 0.435601472855, 0.29704657197, 0.492460876703, 0.213512182236, 0.2655569911, 0.15710747242, 0.177718803287, 0.135102137923, 0.0743676349521, 0.0399294123054, 0.00948284193873, 0.00317526049912, 0.00496971281245, 0.0128128957003, 0.0308573748916, 0.0426223166287, 0.0632395893335, 0.131401881576, 0.0227796342224, 0.00286867632531, 0.000193051891983, 2.57827650785e-05, 2.56947187154e-05],
        "min": [1.16321314385e-21, 5.51507083004e-21, 9.1972168592e-21, 1.82845576374e-20, 4.50460169559e-20, 1.2028954818e-19, 1.792794812e-19, 2.25386967984e-19, 3.27792134613e-19, 4.222824494e-19, 9.09395747996e-19, 9.60818568149e-19, 2.31788105154e-18, 1.21896530051e-18, 4.15893590692e-18, 2.9809943187e-18, 6.24867951154e-18, 4.8098716279e-18, 5.27467640821e-18, 6.03280811913e-18, 8.1771576383e-18, 1.28104717004e-17, 7.6124033838e-18, 9.14104969941e-18, 1.75849747396e-17, 1.73019896346e-17, 2.81621679739e-17, 2.04934079478e-17, 1.32879062878e-17, 1.64818648727e-17, 1.79868769838e-17, 1.23750818762e-17, 1.25755581967e-17, 1.07339389973e-17, 1.13799703644e-17, 5.92761101114e-18, 3.49279619269e-18, 1.45401280747e-18, 3.4074004444e-19, 3.50900097109e-20],
        "stdev": [2.52450680733, 12.3902587891, 22.6829013824, 32.1067657471, 34.2331199646, 21.7522850037, 41.5270004272, 31.8896923065, 31.0595340729, 17.0685749054, 67.8228378296, 18.6646690369, 19.1064605713, 14.7420711517, 7.71709918976, 11.0426998138, 12.6458244324, 8.9009809494, 3.81909441948, 6.54559135437, 8.93808460236, 2.99593043327, 3.15248250961, 6.53451538086, 9.13898086548, 6.86576843262, 0.553721606731, 0.591938078403, 1.20225250721, 0.973485767841, 0.551272273064, 0.443210840225, 0.406901866198, 0.649605989456, 0.774805009365, 0.17767816782, 0.0260859653354, 0.0032041692175, 0.000103667742223, 8.28326810733e-05],
        "var": [6.37313508987, 153.51852417, 514.514038086, 1030.84448242, 1171.90649414, 473.16192627, 1724.49182129, 1016.95245361, 964.694702148, 291.336273193, 4599.9375, 348.369842529, 365.056854248, 217.328674316, 59.5536231995, 121.941223145, 159.916885376, 79.2274627686, 14.5854825974, 42.8447647095, 79.8893585205, 8.97559928894, 9.93814563751, 42.6998901367, 83.5209655762, 47.1387786865, 0.306607633829, 0.350390702486, 1.44541108608, 0.947674512863, 0.303901135921, 0.196435838938, 0.165569126606, 0.421987950802, 0.600322842598, 0.0315695330501, 0.000680477591231, 1.02666999737e-05, 1.07470015109e-08, 6.86125334326e-09]
    },
    "gfcc": {
        "mean": [-135.022598267, 153.916656494, -67.0332565308, -0.624007105827, -36.8596763611, -7.82836675644, -53.0981903076, 8.1822052002, -42.8382949829, -3.50989317894, -4.24725103378, -6.07565879822, -1.09411454201],
        "cov": [[12900.3037109, -2682.08544922, 1713.78344727, -486.139556885, -2096.92163086, 2545.50097656, -111.688964844, 1446.72973633, -827.20135498, 619.876098633, -381.123016357, 78.7668304443, -433.366241455], [-2682.08544922, 2157.38964844, -172.279830933, 234.930099487, 1265.02905273, -778.424682617, 434.152374268, -248.037155151, 483.747528076, -226.240524292, 352.452423096, -10.7113847733, 298.61630249], [1713.78344727, -172.279830933, 3093.47485352, -746.077087402, -447.95715332, 1659.11352539, 5.05980730057, 993.608764648, -108.730155945, 307.143005371, 126.051147461, 176.731750488, 66.2112808228], [-486.139556885, 234.930099487, -746.077087402, 1340.88879395, 787.618347168, -565.424804688, 507.111450195, -343.61315918, 547.140991211, 33.9658279419, 39.5209083557, 32.006477356, 149.086196899], [-2096.92163086, 1265.02905273, -447.95715332, 787.618347168, 1346.50927734, -688.784301758, 457.94732666, -289.775970459, 583.278259277, -98.8271484375, 243.307861328, 0.528322160244, 228.465072632], [2545.50097656, -778.424682617, 1659.11352539, -565.424804688, -688.784301758, 1446.32299805, -93.3228607178, 731.131530762, -216.114578247, 293.461853027, -39.5989875793, 94.9690170288, -91.5616531372], [-111.688964844, 434.152374268, 5.05980730057, 507.111450195, 457.94732666, -93.3228607178, 487.308776855, -18.7515602112, 362.979675293, 42.5824775696, 111.523620605, 58.3599205017, 98.0111236572], [1446.72973633, -248.037155151, 993.608764648, -343.61315918, -289.775970459, 731.131530762, -18.7515602112, 594.822631836, -88.2853469849, 163.679382324, 47.9402198792, 53.8295707703, 8.33872699738], [-827.20135498, 483.747528076, -108.730155945, 547.140991211, 583.278259277, -216.114578247, 362.979675293, -88.2853469849, 501.77645874, 30.9088497162, 102.634635925, 74.1002655029, 139.31350708], [619.876098633, -226.240524292, 307.143005371, 33.9658279419, -98.8271484375, 293.461853027, 42.5824775696, 163.679382324, 30.9088497162, 204.076797485, 30.4598045349, 58.7442436218, 62.893497467], [-381.123016357, 352.452423096, 126.051147461, 39.5209083557, 243.307861328, -39.5989875793, 111.523620605, 47.9402198792, 102.634635925, 30.4598045349, 198.624603271, 56.3122024536, 102.43598938], [78.7668304443, -10.7113847733, 176.731750488, 32.006477356, 0.528322160244, 94.9690170288, 58.3599205017, 53.8295707703, 74.1002655029, 58.7442436218, 56.3122024536, 122.824424744, 56.113571167], [-433.366241455, 298.61630249, 66.2112808228, 149.086196899, 228.465072632, -91.5616531372, 98.0111236572, 8.33872699738, 139.31350708, 62.893497467, 102.43598938, 56.113571167, 211.684158325]],
        "icov": [[0.000214256273466, -0.000111951892904, 0.000172533196746, -0.000313087308314, 0.000208688783459, -0.000323265063344, -0.000198961279239, -0.0004418718745, 0.000464953889605, -0.000130053245812, 0.000188719219295, -0.000170031271409, 0.00019396020798], [-0.000111951892904, 0.00280649773777, -0.000485030323034, 0.00201601278968, -0.00198552152142, 0.000986771192402, -0.00174635171425, 0.000574126897845, -0.000595146848354, 0.0019149716245, -0.00107161956839, 0.00119593169075, -0.00207640998997], [0.000172533196746, -0.000485030323034, 0.0013962732628, -0.000223175113206, 0.00012822302233, -0.00173968076706, -1.40251731864e-05, -0.000870391551871, 0.000402379577281, 0.00036736621405, 0.000192124949535, -0.000708009232767, -0.000371459376765], [-0.000313087308314, 0.00201601278968, -0.000223175113206, 0.00402885582298, -0.00226482003927, 0.00121639913414, -0.00237468746491, 0.00133367069066, -0.00156060408335, -0.000119614080177, 0.00068483396899, 0.000719886098523, -0.0016947145341], [0.000208688783459, -0.00198552152142, 0.00012822302233, -0.00226482003927, 0.0045742536895, -0.000395377224777, 0.00110479991417, -0.000361921906006, -0.00164381810464, 5.61039923923e-05, -0.00190271821339, 0.00150634360034, 0.000764563970733], [-0.000323265063344, 0.000986771192402, -0.00173968076706, 0.00121639913414, -0.000395377224777, 0.00521400105208, -0.00062342005549, -0.00129354465753, -0.000646628555842, -0.00246937037446, 0.000625563086942, -0.000106244719063, 0.00153990776744], [-0.000198961279239, -0.00174635171425, -1.40251731864e-05, -0.00237468746491, 0.00110479991417, -0.00062342005549, 0.00709209963679, -0.000198366542463, -0.00291386013851, -0.000638773373794, -0.00150941673201, -0.000310897215968, 0.00191543169785], [-0.0004418718745, 0.000574126897845, -0.000870391551871, 0.00133367069066, -0.000361921906006, -0.00129354465753, -0.000198366542463, 0.00645131990314, -0.00125308288261, 1.9815071937e-05, -0.00197744066827, 0.00180696940515, -0.00141604209784], [0.000464953889605, -0.000595146848354, 0.000402379577281, -0.00156060408335, -0.00164381810464, -0.000646628555842, -0.00291386013851, -0.00125308288261, 0.00875847507268, -0.00125959643628, 0.00258577382192, -0.00398156559095, 7.18852388673e-05], [-0.000130053245812, 0.0019149716245, 0.00036736621405, -0.000119614080177, 5.61039923923e-05, -0.00246937037446, -0.000638773373794, 1.9815071937e-05, -0.00125959643628, 0.0127954613417, -0.00255629257299, 0.000355755008059, -0.00566196348518], [0.000188719219295, -0.00107161956839, 0.000192124949535, 0.00068483396899, -0.00190271821339, 0.000625563086942, -0.00150941673201, -0.00197744066827, 0.00258577382192, -0.00255629257299, 0.0116984220222, -0.00487107504159, -0.000855455407873], [-0.000170031271409, 0.00119593169075, -0.000708009232767, 0.000719886098523, 0.00150634360034, -0.000106244719063, -0.000310897215968, 0.00180696940515, -0.00398156559095, 0.000355755008059, -0.00487107504159, 0.0143906585872, -0.00286254449748], [0.00019396020798, -0.00207640998997, -0.000371459376765, -0.0016947145341, 0.000764563970733, 0.00153990776744, 0.00191543169785, -0.00141604209784, 7.18852388673e-05, -0.00566196348518, -0.000855455407873, -0.00286254449748, 0.0111774867401]]
    },
    "melbands": {
        "dmean": [0.00488964561373, 0.00385522516444, 0.00228380924091, 0.000836335471831, 0.00045560853323, 0.000287083705189, 7.95616942924e-05, 3.54880939994e-05, 4.85615819343e-05, 2.47212828981e-05, 2.23118113354e-05, 1.36598464451e-05, 6.60786781737e-06, 7.77463628765e-06, 8.03612056188e-06, 6.34644584352e-06, 3.45690932591e-06, 1.23524421269e-06, 2.08927212952e-06, 2.2723006623e-06, 2.9597788398e-06, 8.23382151793e-07, 7.92874232047e-07, 7.17999057542e-07, 1.28058354676e-06, 1.71920828507e-06, 1.56889598202e-06, 4.86122701204e-07, 1.02299019034e-07, 7.04251448269e-08, 5.03941173235e-08, 6.06968413308e-08, 6.81628620214e-08, 3.26844649123e-08, 3.56845077931e-08, 5.40747322475e-08, 4.05674747128e-08, 4.09644478339e-08, 6.32451104821e-08, 8.90067468617e-08],
        "dmean2": [0.00586217083037, 0.00630159303546, 0.00417734868824, 0.00152601103764, 0.00074384274194, 0.000467694888357, 0.000116416376841, 5.00993446622e-05, 5.9598532971e-05, 3.34567121172e-05, 3.06700858346e-05, 1.81762534339e-05, 9.42434780882e-06, 1.15094571811e-05, 1.14384420158e-05, 9.77150739345e-06, 5.18697743246e-06, 1.84972532224e-06, 3.27014618051e-06, 3.68177279597e-06, 4.65147013529e-06, 1.27132580019e-06, 1.25946075968e-06, 1.10268968001e-06, 2.01461466531e-06, 2.73711430054e-06, 2.35129164139e-06, 7.05492027464e-07, 1.65014441222e-07, 1.04947488921e-07, 6.5500067592e-08, 9.9046616242e-08, 1.05868451783e-07, 3.91826233681e-08, 5.17383185183e-08, 8.42735232709e-08, 6.35226484746e-08, 6.02642558079e-08, 9.30405121835e-08, 1.29869604848e-07],
        "dvar": [0.000137321796501, 0.000151549291331, 4.5289798436e-05, 5.19572449775e-06, 3.78311625582e-07, 1.44246314449e-07, 3.69378518883e-08, 2.09879580382e-08, 4.93698237847e-08, 3.63757091115e-09, 2.51717202637e-09, 1.08307995905e-09, 1.97639085653e-10, 6.06410588411e-10, 4.38104996725e-10, 7.19445170105e-10, 1.5092903316e-10, 1.99714012689e-11, 5.01939427522e-11, 6.18897155746e-11, 1.1821837953e-10, 6.25072563154e-12, 9.9670107237e-12, 4.3448048978e-12, 4.01548759521e-11, 1.09443190621e-10, 9.66579802308e-11, 8.13512451847e-12, 7.02514760774e-14, 4.46655685799e-14, 4.08498986048e-14, 2.72359310669e-13, 4.18432405695e-13, 5.0790040305e-14, 2.9723975153e-14, 6.09179183876e-14, 2.56818238144e-14, 1.98124343673e-14, 5.00275785153e-14, 1.21570898422e-13],
        "dvar2": [0.000186088014743, 0.000398036732804, 0.000128956977278, 1.516206612e-05, 9.66458969742e-07, 3.79249598836e-07, 6.37327204345e-08, 2.8795851037e-08, 6.92257628998e-08, 7.00510716101e-09, 4.85487339219e-09, 2.05129691011e-09, 3.51753987049e-10, 1.31307253959e-09, 8.19324941226e-10, 2.00521643734e-09, 3.46797729422e-10, 4.29879361274e-11, 1.26214080853e-10, 1.59441723713e-10, 2.95209329204e-10, 1.28044614842e-11, 2.25957967614e-11, 8.86483768336e-12, 1.0454210414e-10, 2.84875262269e-10, 2.03281377842e-10, 1.85209764192e-11, 1.7376554297e-13, 9.28629663942e-14, 5.46781383733e-14, 5.29929561604e-13, 8.8285845648e-13, 6.68484839423e-14, 5.02994286576e-14, 1.40989203277e-13, 5.74121371104e-14, 3.65826076029e-14, 8.75540349314e-14, 1.98110272761e-13],
        "max": [0.11209268868, 0.101453736424, 0.0458813048899, 0.0181383471936, 0.0130297271535, 0.00558057613671, 0.00440672645345, 0.00421809079126, 0.00920596253127, 0.00116921821609, 0.000768268480897, 0.000637744436972, 0.000296522193821, 0.000380931043765, 0.000470720115118, 0.000635599542875, 0.000178628935828, 0.000131597713334, 0.000130979358801, 0.000122661120258, 0.000209360296139, 4.4178646931e-05, 5.65912596358e-05, 3.43779793184e-05, 0.00014659052249, 0.000270793156233, 0.000267616036581, 6.05707864452e-05, 3.51156882061e-06, 3.59744240086e-06, 4.80381504531e-06, 1.4015965462e-05, 1.63958684425e-05, 8.27945405035e-06, 4.45010891781e-06, 4.99401221532e-06, 3.31760679728e-06, 3.61291699846e-06, 5.04985428051e-06, 9.33732826525e-06],
        "mean": [0.00853500794619, 0.00398537050933, 0.00221316935495, 0.00107204366941, 0.00112819334026, 0.000638627447188, 0.000185878234333, 6.69222645229e-05, 0.000128371146275, 5.95461133344e-05, 5.38698695891e-05, 3.09051720251e-05, 1.45446501847e-05, 1.29745294544e-05, 1.82560088433e-05, 1.03653046608e-05, 4.52636004411e-06, 1.73732667008e-06, 3.03426486425e-06, 2.81687903225e-06, 3.50983350472e-06, 1.0390681382e-06, 9.36204969548e-07, 1.13535907076e-06, 1.57780345944e-06, 1.79942924206e-06, 1.79705818937e-06, 5.82610823585e-07, 1.51674626636e-07, 9.7128541654e-08, 7.45887760445e-08, 8.14655294334e-08, 9.00846188756e-08, 5.82654031689e-08, 7.19384374293e-08, 1.02739512897e-07, 8.0858590934e-08, 8.69277059223e-08, 1.57674136858e-07, 2.16473637238e-07],
        "median": [0.000404302641982, 0.000379534962121, 0.00057397125056, 0.000605333363637, 0.000658174743876, 0.000346229877323, 5.04678573634e-05, 1.4074425053e-05, 3.10299510602e-05, 2.07924604183e-05, 8.44505302666e-06, 5.71700456931e-06, 5.47550462215e-06, 3.05227604258e-06, 6.48036257189e-06, 2.57323654296e-06, 4.03139097216e-07, 2.65046537606e-07, 5.27043994225e-07, 3.7112681639e-07, 1.51725501496e-07, 2.35717905639e-07, 1.30688775357e-07, 1.34700400167e-07, 1.28368682795e-07, 8.81354367266e-08, 8.62081606101e-08, 2.60324171109e-08, 2.34088783913e-08, 8.24652968134e-09, 3.78806719326e-09, 1.53248835844e-09, 7.02572555689e-10, 3.06190361954e-09, 5.20132559245e-09, 1.27880053213e-08, 1.65212252767e-08, 2.21401723621e-08, 2.97060882559e-08, 4.56407782679e-08],
        "min": [9.75633506407e-24, 5.27591120045e-24, 3.74536524429e-24, 5.73151584411e-24, 6.52834858321e-24, 5.79480023808e-24, 4.43764669775e-24, 4.65586731781e-24, 8.34588568656e-24, 5.77372384684e-24, 1.17296658853e-23, 3.97218918138e-24, 1.52124315616e-23, 7.03352642944e-24, 8.57681367251e-24, 1.56436355542e-23, 7.85825605116e-24, 8.35983432508e-24, 6.8054675306e-24, 8.55431535949e-24, 9.95001146036e-24, 1.41354328999e-23, 8.38929827989e-24, 7.16458541365e-24, 7.19527052514e-24, 7.93402850769e-24, 1.70830274494e-23, 1.00263937064e-23, 1.70008202545e-23, 1.60637797169e-23, 1.04306904423e-23, 7.44056130159e-24, 7.42488979085e-24, 1.06741329177e-23, 1.12651837955e-23, 9.15276575257e-24, 6.96163280198e-24, 8.65751098767e-24, 7.49969983708e-24, 9.73045490436e-24],
        "stdev": [0.0195738114417, 0.0116617595777, 0.00548707414418, 0.00184177001938, 0.00134210137185, 0.000738539383747, 0.00041693347157, 0.000251596706221, 0.000539157132152, 9.7867596196e-05, 0.000101583071228, 6.9697824074e-05, 2.76953505818e-05, 3.03300257656e-05, 3.79371849704e-05, 2.74108933809e-05, 1.45790290844e-05, 6.10407778368e-06, 8.33848480397e-06, 8.29108103062e-06, 1.12955394798e-05, 2.86308727482e-06, 3.30593888975e-06, 3.13321675094e-06, 5.80163123232e-06, 9.38108041737e-06, 1.0506117178e-05, 3.00654869534e-06, 3.38672691669e-07, 2.88779574475e-07, 3.6185559793e-07, 6.53908728054e-07, 8.30569831578e-07, 4.1147814045e-07, 3.14616841024e-07, 3.38433665092e-07, 2.39202051944e-07, 2.27121589091e-07, 4.83706344312e-07, 6.14918292285e-07],
