{
"lowlevel": {
    "average_loudness": 0.971749424934,
    "barkbands_crest": {
        "dmean": 3.04836320877,
        "dmean2": 4.93464994431,
        "dvar": 10.9555873871,
        "dvar2": 26.7569561005,
        "max": 26.1190013885,
        "mean": 10.3270969391,
        "median": 9.46888256073,
        "min": 2.40158510208,
        "stdev": 4.70612096786,
        "var": 22.1475734711
    },
    "barkbands_flatness_db": {
        "dmean": 0.0405710078776,
        "dmean2": 0.0618977621198,
        "dvar": 0.00190901220776,
        "dvar2": 0.00449790479615,
        "max": 0.438952833414,
        "mean": 0.15683016181,
        "median": 0.146719604731,
        "min": 0.0261972118169,
        "stdev": 0.0667848885059,
        "var": 0.00446022115648
    },
    "barkbands_kurtosis": {
        "dmean": 5.54613542557,
        "dmean2": 8.87983703613,
        "dvar": 109.324630737,
        "dvar2": 266.689758301,
        "max": 133.715332031,
        "mean": 6.33282709122,
        "median": 2.30921697617,
        "min": -1.84587645531,
        "stdev": 11.8750305176,
        "var": 141.016357422
    },
    "barkbands_skewness": {
        "dmean": 0.922784209251,
        "dmean2": 1.37592101097,
        "dvar": 1.117882967,
        "dvar2": 2.28849339485,
        "max": 8.94424724579,
        "mean": 1.50789272785,
        "median": 1.46925628185,
        "min": -8.0654630661,
        "stdev": 1.81648588181,
        "var": 3.29962110519
    },
    "barkbands_spread": {
        "dmean": 12.1820907593,
        "dmean2": 19.417798996,
        "dvar": 194.848953247,
        "dvar2": 468.126831055,
        "max": 95.505821228,
        "mean": 28.2196617126,
        "median": 23.5410575867,
        "min": 0.527266800404,
        "stdev": 20.1869621277,
        "var": 407.513427734
    },
    "dissonance": {
        "dmean": 0.0242081936449,
        "dmean2": 0.0396373793483,
        "dvar": 0.000823110342026,
        "dvar2": 0.00185228744522,
        "max": 0.500000119209,
        "mean": 0.457868218422,
        "median": 0.471758186817,
        "min": 0.147470578551,
        "stdev": 0.0415184758604,
        "var": 0.0017237837892
    },
    "dynamic_complexity": 2.62589025497,
    "erbbands_crest": {
        "dmean": 3.1795899868,
        "dmean2": 4.99021720886,
        "dvar": 16.6342887878,
        "dvar2": 31.3767185211,
        "max": 34.3598365784,
        "mean": 9.71181583405,
        "median": 7.97044420242,
        "min": 2.32903027534,
        "stdev": 6.10211753845,
        "var": 37.2358360291
    },
    "erbbands_flatness_db": {
        "dmean": 0.0314091928303,
        "dmean2": 0.0429673083127,
        "dvar": 0.00169990176801,
        "dvar2": 0.00288753164932,
        "max": 0.529591739178,
        "mean": 0.151477709413,
        "median": 0.134402886033,
        "min": 0.0519166737795,
        "stdev": 0.0737593993545,
        "var": 0.00544044934213
    },
    "erbbands_kurtosis": {
        "dmean": 3.45022821426,
        "dmean2": 5.37355661392,
        "dvar": 132.616622925,
        "dvar2": 282.331054688,
        "max": 172.557830811,
        "mean": 3.22235178947,
        "median": -0.270557403564,
        "min": -1.76658713818,
        "stdev": 15.4836502075,
        "var": 239.743423462
    },
    "erbbands_skewness": {
        "dmean": 0.605498850346,
        "dmean2": 0.917762517929,
        "dvar": 0.782538771629,
        "dvar2": 1.78484654427,
        "max": 3.35879540443,
        "mean": 0.0688869208097,
        "median": 0.237543806434,
        "min": -8.93821716309,
        "stdev": 1.23029112816,
        "var": 1.51361632347
    },
    "erbbands_spread": {
        "dmean": 15.509428978,
        "dmean2": 23.0062389374,
        "dvar": 326.602508545,
        "dvar2": 668.41394043,
        "max": 163.5756073,
        "mean": 50.2456359863,
        "median": 45.3891677856,
        "min": 0.394860595465,
        "stdev": 31.0091915131,
        "var": 961.570007324
    },
    "hfc": {
        "dmean": 25.5063972473,
        "dmean2": 40.2215385437,
        "dvar": 2703.02197266,
        "dvar2": 7248.20458984,
        "max": 387.676147461,
        "mean": 35.8256835938,
        "median": 20.3016338348,
        "min": 0.000262680201558,
        "stdev": 49.3075790405,
        "var": 2431.23730469
    },
    "loudness_ebu128": {
        "integrated": -8.78008651733,
        "loudness_range": 1.25525379181,
        "momentary": {
            "dmean": 0.78779399395,
            "dmean2": 1.19624960423,
            "dvar": 0.481751054525,
            "dvar2": 0.965282142162,
            "max": -6.10473918915,
            "mean": -8.93781852722,
            "median": -8.75616264343,
            "min": -14.1669664383,
            "stdev": 1.24364638329,
            "var": 1.54665637016
        },
        "short_term": {
            "dmean": 0.100156486034,
            "dmean2": 0.143457993865,
            "dvar": 0.00519364327192,
            "dvar2": 0.0114566721022,
            "max": -7.77994441986,
            "mean": -8.77422332764,
            "median": -8.72902679443,
            "min": -9.75682258606,
            "stdev": 0.38595944643,
            "var": 0.148964703083
        }
    },
    "melbands_crest": {
        "dmean": 4.04522180557,
        "dmean2": 6.70781803131,
        "dvar": 16.4760360718,
        "dvar2": 42.8135452271,
        "max": 36.3120117188,
        "mean": 15.4017019272,
        "median": 14.7514944077,
        "min": 4.12048339844,
        "stdev": 5.8726234436,
        "var": 34.4877052307
    },
    "melbands_flatness_db": {
        "dmean": 0.0471507050097,
        "dmean2": 0.0728030800819,
        "dvar": 0.00274676736444,
        "dvar2": 0.00629763444886,
        "max": 0.464242041111,
        "mean": 0.226257890463,
        "median": 0.223499536514,
        "min": 0.0373690202832,
        "stdev": 0.0852742940187,
        "var": 0.00727170472965
    },
    "melbands_kurtosis": {
        "dmean": 13.1426372528,
        "dmean2": 21.7894248962,
        "dvar": 444.579772949,
        "dvar2": 1089.63647461,
        "max": 251.689483643,
        "mean": 20.7984027863,
        "median": 11.4549427032,
        "min": -1.85925281048,
        "stdev": 26.2502441406,
        "var": 689.075317383
    },
    "melbands_skewness": {
        "dmean": 1.2453789711,
        "dmean2": 1.87878727913,
        "dvar": 2.10233616829,
        "dvar2": 4.38265609741,
        "max": 12.5524358749,
        "mean": 3.08408617973,
        "median": 2.83579945564,
        "min": -6.70850658417,
        "stdev": 2.44916248322,
        "var": 5.99839639664
    },
    "melbands_spread": {
        "dmean": 13.5232133865,
        "dmean2": 21.9769325256,
        "dvar": 530.19720459,
        "dvar2": 1185.81762695,
        "max": 288.210723877,
        "mean": 25.644361496,
        "median": 18.0755882263,
        "min": 0.821385264397,
        "stdev": 27.5007171631,
        "var": 756.289489746
    },
    "pitch_salience": {
        "dmean": 0.0954320281744,
        "dmean2": 0.156391963363,
        "dvar": 0.0098885865882,
        "dvar2": 0.0250384192914,
        "max": 0.897087395191,
        "mean": 0.557905912399,
        "median": 0.562693536282,
        "min": 0.0784650221467,
        "stdev": 0.142700597644,
        "var": 0.0203634593636
    },
    "silence_rate_20dB": {
        "dmean": 0,
        "dmean2": 0,
        "dvar": 0,
        "dvar2": 0,
        "max": 1,
        "mean": 1,
        "median": 1,
        "min": 1,
        "stdev": 0,
        "var": 0
    },
    "silence_rate_30dB": {
        "dmean": 0.0727554187179,
        "dmean2": 0.145623549819,
        "dvar": 0.0674627497792,
        "dvar2": 0.156952321529,
        "max": 1,
        "mean": 0.93348801136,
        "median": 1,
        "min": 0,
        "stdev": 0.249175935984,
        "var": 0.06208864972
    },
    "silence_rate_60dB": {
        "dmean": 0.0626934990287,
        "dmean2": 0.124709524214,
        "dvar": 0.0587622746825,
        "dvar2": 0.130843505263,
        "max": 1,
        "mean": 0.0928074270487,
        "median": 0,
        "min": 0,
        "stdev": 0.29016289115,
        "var": 0.0841945037246
    },
    "spectral_centroid": {
        "dmean": 394.538848877,
        "dmean2": 623.745300293,
        "dvar": 295526.3125,
        "dvar2": 671662.9375,
        "max": 7141.83642578,
        "mean": 1308.28491211,
        "median": 1184.40686035,
        "min": 232.030792236,
        "stdev": 761.773742676,
        "var": 580299.25
    },
    "spectral_complexity": {
        "dmean": 5.91795682907,
        "dmean2": 8.69945812225,
        "dvar": 65.3854675293,
        "dvar2": 142.089157104,
        "max": 55,
        "mean": 15.835267067,
        "median": 14,
        "min": 0,
        "stdev": 10.303358078,
        "var": 106.159194946
    },
    "spectral_decrease": {
        "dmean": 4.89003815218e-09,
        "dmean2": 7.63503482659e-09,
        "dvar": 5.53065464524e-17,
        "dvar2": 1.37429216338e-16,
        "max": -2.15021465124e-14,
        "mean": -9.26602705675e-09,
        "median": -6.38372199546e-09,
        "min": -5.13207289998e-08,
        "stdev": 9.41284561407e-09,
        "var": 8.86016646035e-17
    },
    "spectral_energy": {
        "dmean": 0.0198376979679,
        "dmean2": 0.0307732746005,
        "dvar": 0.000904010841623,
        "dvar2": 0.00223355693743,
        "max": 0.211983904243,
        "mean": 0.0382216311991,
        "median": 0.0267441011965,
        "min": 1.04979939408e-07,
        "stdev": 0.0379563085735,
        "var": 0.00144068128429
    },
    "spectral_energyband_high": {
        "dmean": 0.00213301787153,
        "dmean2": 0.00345857301727,
        "dvar": 2.33934842981e-05,
        "dvar2": 6.26278415439e-05,
        "max": 0.0364523716271,
        "mean": 0.00244449451566,
        "median": 0.000555615057237,
        "min": 1.07511350933e-08,
        "stdev": 0.00448422459885,
        "var": 2.0108271201e-05
    },
    "spectral_energyband_low": {
        "dmean": 0.0151807619259,
        "dmean2": 0.0252016689628,
        "dvar": 0.000747007783502,
        "dvar2": 0.00197930750437,
        "max": 0.171869233251,
        "mean": 0.0225756019354,
        "median": 0.0150887593627,
        "min": 1.65791247397e-09,
        "stdev": 0.0310058724135,
        "var": 0.000961364072282
    },
    "spectral_energyband_middle_high": {
        "dmean": 0.00271050445735,
        "dmean2": 0.00435511255637,
        "dvar": 1.65266010299e-05,
        "dvar2": 4.2312862206e-05,
        "max": 0.0316075272858,
        "mean": 0.00413736607879,
        "median": 0.00228792219423,
        "min": 6.97928044247e-08,
        "stdev": 0.00459074694663,
        "var": 2.10749567486e-05
    },
    "spectral_energyband_middle_low": {
        "dmean": 0.00593615556136,
        "dmean2": 0.00943248346448,
        "dvar": 6.51353257126e-05,
        "dvar2": 0.000155054425704,
        "max": 0.0618302412331,
        "mean": 0.0112735135481,
        "median": 0.00897035188973,
        "min": 2.2834731439e-08,
        "stdev": 0.00981393177062,
        "var": 9.63132551988e-05
    },
    "spectral_entropy": {
        "dmean": 0.318269699812,
        "dmean2": 0.45039331913,
        "dvar": 0.134388357401,
        "dvar2": 0.26261484623,
        "max": 8.94616317749,
        "mean": 7.52367258072,
        "median": 7.63069343567,
        "min": 5.25811290741,
        "stdev": 0.641536653042,
        "var": 0.411569297314
    },
    "spectral_flux": {
        "dmean": 0.047309089452,
        "dmean2": 0.0704075619578,
        "dvar": 0.00287100020796,
        "dvar2": 0.00535743124783,
        "max": 0.399391055107,
        "mean": 0.109136193991,
        "median": 0.0893880650401,
        "min": 0.000324006075971,
        "stdev": 0.0808429047465,
        "var": 0.00653557525948
    },
    "spectral_kurtosis": {
        "dmean": 2.94764304161,
        "dmean2": 4.37290334702,
        "dvar": 21.4391269684,
        "dvar2": 49.5744438171,
        "max": 54.4051895142,
        "mean": 5.58611059189,
        "median": 3.22386169434,
        "min": -1.62878799438,
        "stdev": 7.19223642349,
        "var": 51.7282676697
    },
    "spectral_rms": {
        "dmean": 0.00147766561713,
        "dmean2": 0.00214887596667,
        "dvar": 3.4528420656e-06,
        "dvar2": 7.0288920142e-06,
        "max": 0.0143810138106,
        "mean": 0.00536248041317,
        "median": 0.00510801374912,
        "min": 1.01202494989e-05,
        "stdev": 0.00292116566561,
        "var": 8.53320943861e-06
    },
    "spectral_rolloff": {
        "dmean": 1450.09143066,
        "dmean2": 2518.51635742,
        "dvar": 5861184.5,
        "dvar2": 12973089,
        "max": 13027.5878906,
        "mean": 2422.3449707,
        "median": 1313.52539062,
        "min": 43.06640625,
        "stdev": 3079.22924805,
        "var": 9481653
    },
    "spectral_skewness": {
        "dmean": 0.409201323986,
        "dmean2": 0.58583265543,
        "dvar": 0.2048278898,
        "dvar2": 0.412746429443,
        "max": 5.64415836334,
        "mean": 1.83500230312,
        "median": 1.62889695168,
        "min": -0.718884944916,
        "stdev": 0.864560425282,
        "var": 0.747464716434
    },
    "spectral_spread": {
        "dmean": 1560140.25,
        "dmean2": 2186475,
        "dvar": 3.2907877417e+12,
        "dvar2": 5.59803845837e+12,
        "max": 23292610,
        "mean": 7144148.5,
        "median": 6595066,
        "min": 1361397.125,
        "stdev": 3701375.75,
        "var": 1.37001833595e+13
    },
    "spectral_strongpeak": {
        "dmean": 0.464941173792,
        "dmean2": 0.794499576092,
        "dvar": 0.343611001968,
        "dvar2": 0.842663168907,
        "max": 4.65767431259,
        "mean": 0.768117487431,
        "median": 0.541236400604,
        "min": 0,
        "stdev": 0.712744891644,
        "var": 0.508005261421
    },
    "zerocrossingrate": {
        "dmean": 0.022453378886,
        "dmean2": 0.0248164888471,
        "dvar": 0.000758540176321,
        "dvar2": 0.000820919405669,
        "max": 0.4599609375,
        "mean": 0.0783674418926,
        "median": 0.06787109375,
        "min": 0.0048828125,
        "stdev": 0.0613896772265,
        "var": 0.00376869225875
    },
    "barkbands": {
        "dmean": [0.00085796014173, 0.00761487102136, 0.00689215399325, 0.0028067920357, 0.00114525272511, 0.0010153768817, 0.000913707481232, 0.00114892725833, 0.00130894361064, 0.00050233717775, 0.000433884997619, 0.00041924600373, 0.000395810697228, 0.000385186780477, 0.000386219529901, 0.000225707291975, 0.000269118027063, 0.000252862315392, 0.00034276873339, 0.000167189005879, 0.000194051361177, 0.00023493730987, 0.000240742141614, 0.000477346475236, 0.00065428763628, 0.000474290805869, 1.08138438009e-05],
        "dmean2": [0.00129565258976, 0.0119118271396, 0.0121061382815, 0.00491502368823, 0.00197401852347, 0.00160459207837, 0.00152287643868, 0.00188642332796, 0.00209816312417, 0.000819023232907, 0.000716267735697, 0.00069072941551, 0.00063778355252, 0.000646582280751, 0.000637967372313, 0.000344364496414, 0.000446182093583, 0.00042999436846, 0.000598243670538, 0.000275000755209, 0.000317849626299, 0.000397141440772, 0.00040120491758, 0.000778415997047, 0.00108174374327, 0.000780812464654, 1.81472059921e-05],
        "dvar": [3.89982278648e-06, 0.000231690282817, 0.000274621852441, 2.72219167528e-05, 5.33216052645e-06, 2.67653354058e-06, 2.37352219301e-06, 4.77154526379e-06, 5.73318538954e-06, 1.02949434222e-06, 1.02079161479e-06, 8.93567687399e-07, 4.96658117299e-07, 5.60947114536e-07, 4.2301323333e-07, 2.39683231484e-07, 2.55795271187e-07, 2.58551381194e-07, 6.42971770048e-07, 1.4386941416e-07, 1.61301301205e-07, 3.48354149082e-07, 3.128796493e-07, 1.14612794277e-06, 2.01419834411e-06, 9.73574174168e-07, 1.56927992823e-09],
        "dvar2": [8.22503989184e-06, 0.000535754254088, 0.000771516468376, 7.07396102371e-05, 1.40791535159e-05, 5.96616700932e-06, 5.88648936173e-06, 1.23074878502e-05, 1.42194057844e-05, 2.4273008421e-06, 2.65122730525e-06, 2.23503411689e-06, 1.13716771466e-06, 1.38213863465e-06, 1.05937067474e-06, 5.30999045623e-07, 6.6313930347e-07, 7.06620141955e-07, 1.79802952971e-06, 3.60341402939e-07, 3.80771922437e-07, 9.33665035063e-07, 8.32078910662e-07, 3.08329276777e-06, 5.39264601684e-06, 2.5648528208e-06, 3.77010955788e-09],
        "max": [0.0212182179093, 0.122225210071, 0.11636736989, 0.0319808237255, 0.0243408102542, 0.0220284108073, 0.0213565789163, 0.0237616226077, 0.0195956639946, 0.00978887081146, 0.010386986658, 0.0177131611854, 0.0104639939964, 0.00875432044268, 0.00781209813431, 0.00577709870413, 0.0064697349444, 0.00403284467757, 0.00515884486958, 0.00288633955643, 0.00292535265908, 0.00513019319624, 0.00394982751459, 0.00873956549913, 0.0099359638989, 0.00773709779605, 0.000438668968854],
        "mean": [0.00119491468649, 0.0116455443203, 0.00760006671771, 0.00345313525759, 0.00198922003619, 0.00169398949947, 0.00112246454228, 0.00129670242313, 0.00154045503587, 0.000600880477577, 0.000451048545074, 0.000442975957412, 0.000433637702372, 0.00046803225996, 0.000623947009444, 0.000278060120763, 0.000288006733172, 0.000273542129435, 0.000309468799969, 0.00015320267994, 0.000203974006581, 0.000207402146771, 0.000216974687646, 0.000505338190123, 0.000728424463887, 0.000492130871862, 8.09837092675e-06],
        "median": [6.32824085187e-05, 0.00580526981503, 0.00214074412361, 0.0012825562153, 0.00170410657302, 0.000819070322905, 0.000499147397932, 0.000373879156541, 0.000442489545094, 0.00018002113211, 9.15052660275e-05, 0.000105940933281, 7.06671053194e-05, 8.89108123374e-05, 0.000497598783113, 4.8616398999e-05, 9.26236753003e-05, 8.8133609097e-05, 4.98534609505e-05, 2.07172270166e-05, 2.61442946794e-05, 2.98254144582e-05, 3.39505349984e-05, 9.97690658551e-05, 0.000132877277792, 6.74379189149e-05, 1.55975172333e-07],
        "min": [1.39741681768e-11, 1.85270937481e-10, 3.88435152099e-11, 1.18707943475e-09, 3.46908124449e-09, 7.15150116903e-09, 5.95195048803e-09, 2.91347324044e-09, 6.60373422612e-10, 7.549041392e-10, 6.81577905226e-10, 9.64113455737e-10, 5.50873680005e-10, 2.87367063478e-09, 1.17127747501e-08, 3.81843072716e-08, 3.07444580905e-09, 1.05601589695e-08, 7.84575529544e-11, 5.21296283917e-10, 5.13363185295e-10, 6.69787392216e-10, 1.02602926155e-09, 2.38719599643e-09, 2.66733213294e-09, 5.42610789633e-10, 3.23692570144e-13],
        "stdev": [0.00287394737825, 0.0195490345359, 0.0138395158574, 0.00516443653032, 0.00230364850722, 0.00232758792117, 0.00185429258272, 0.00237683439627, 0.00268224743195, 0.00117169588339, 0.00101285544224, 0.00100153707899, 0.000878624850884, 0.000918080448173, 0.000750931270886, 0.000578375882469, 0.000505004834849, 0.00049899588339, 0.000692866393365, 0.00035650152131, 0.000418476469349, 0.00051516777603, 0.000499957706779, 0.000996007700451, 0.00137915916275, 0.000953411392402, 3.62352802767e-05],
        "var": [8.25957340567e-06, 0.000382164784241, 0.000191532206372, 2.66714050667e-05, 5.30679653821e-06, 5.41766576134e-06, 3.43840088135e-06, 5.64934134673e-06, 7.19445188224e-06, 1.37287133839e-06, 1.02587625861e-06, 1.00307659068e-06, 7.71981603975e-07, 8.42871713758e-07, 5.63897799566e-07, 3.34518659884e-07, 2.55029902974e-07, 2.48996911978e-07, 4.80063874875e-07, 1.27093343849e-07, 1.75122551127e-07, 2.65397829935e-07, 2.49957707865e-07, 9.92031232272e-07, 1.90207993001e-06, 9.08993229132e-07, 1.31299549011e-09]
    },
    "erbbands": {
        "dmean": [0.298581331968, 1.73108839989, 6.65887880325, 10.2088890076, 4.89872980118, 4.29525327682, 5.66718816757, 9.09117794037, 9.7549495697, 18.7857933044, 28.316242218, 28.8160896301, 17.596660614, 19.1198673248, 19.2697238922, 14.3608703613, 17.0731296539, 18.9549732208, 20.6662826538, 17.158323288, 11.7119541168, 14.911775589, 14.3581476212, 15.0273180008, 14.298418045, 7.82733440399, 7.8148317337, 8.02252864838, 8.51359844208, 6.81872749329, 6.46051120758, 8.21096515656, 9.22445106506, 7.03912448883, 5.11976766586, 2.63705182076, 0.748624026775, 0.0956453830004, 0.00209014606662, 9.33274641284e-05],
        "dmean2": [0.406407862902, 2.87973880768, 11.5854930878, 17.9554615021, 8.2424993515, 7.32382249832, 8.85116004944, 14.799284935, 16.298822403, 31.2877674103, 46.4192695618, 47.0234336853, 28.7885150909, 30.0884819031, 31.3080463409, 23.3615283966, 27.4382648468, 30.5358181, 33.997303009, 28.4686985016, 17.5354633331, 24.8634223938, 24.6243095398, 25.3488960266, 24.873922348, 12.9411172867, 12.9311990738, 13.0755624771, 14.3623571396, 11.3982257843, 10.6715021133, 13.5738210678, 15.2048721313, 11.5922555923, 8.470703125, 4.342628479, 1.24414098263, 0.161965608597, 0.00350514939055, 0.000149795581819],
        "dvar": [0.405762791634, 11.5593442917, 264.916473389, 448.404907227, 95.3719482422, 78.5026855469, 72.0584335327, 306.382080078, 411.435272217, 943.67590332, 2684.68969727, 3313.41748047, 1337.19274902, 1716.1081543, 2136.22900391, 961.713745117, 909.958679199, 1365.9876709, 1490.92834473, 837.255615234, 683.843261719, 724.018737793, 819.996704102, 916.63494873, 1240.47827148, 315.824645996, 270.209197998, 303.977661133, 458.754547119, 238.256896973, 208.940261841, 320.847381592, 433.290252686, 244.343460083, 117.059745789, 28.1151828766, 2.49740886688, 0.0666468441486, 3.22419145959e-05, 4.22861639038e-08],
        "dvar2": [0.856405854225, 27.3658103943, 737.771179199, 1197.14929199, 256.753753662, 201.451553345, 151.620956421, 704.809020996, 1025.04248047, 2374.85449219, 6971.84814453, 8272.03613281, 3342.4465332, 4079.54956055, 5463.74072266, 2265.99536133, 2092.47509766, 3153.50244141, 3629.39086914, 2023.59680176, 1543.55810547, 1934.07861328, 2284.57226562, 2482.56518555, 3478.84594727, 777.761230469, 694.783630371, 722.725280762, 1223.80871582, 624.097106934, 553.577392578, 843.078125, 1180.90026855, 664.935546875, 308.86706543, 73.556350708, 6.59808826447, 0.1754925102, 8.19997076178e-05, 1.10702167433e-07],
        "max": [4.70825815201, 26.5740776062, 113.925003052, 134.535797119, 108.263175964, 76.9247131348, 102.197509766, 254.573348999, 303.691833496, 334.877838135, 501.431762695, 468.13180542, 347.990753174, 373.26864624, 496.707550049, 648.132446289, 533.501159668, 511.304138184, 543.476135254, 317.387451172, 320.732147217, 204.344985962, 204.534820557, 207.749389648, 230.4715271, 135.118453979, 128.572891235, 120.806312561, 194.761108398, 118.269485474, 109.287071228, 130.045852661, 170.225326538, 128.353591919, 77.084197998, 38.4985237122, 10.9192304611, 1.88577771187, 0.0484097935259, 0.00147799332626],
        "mean": [0.407651603222, 2.38661766052, 7.37467956543, 12.2913885117, 7.11330604553, 8.29468345642, 10.6001873016, 12.9560813904, 13.0027160645, 23.0641727448, 32.1744499207, 33.3327522278, 20.8534107208, 22.1014862061, 19.4321346283, 16.3791561127, 19.5894908905, 22.042552948, 27.3211956024, 31.0053768158, 14.1756706238, 16.5111560822, 15.5746355057, 15.5616054535, 12.8751726151, 7.29567337036, 7.54725408554, 8.27845954895, 7.51864385605, 6.24336719513, 6.00483131409, 8.31081581116, 9.63005447388, 7.57309246063, 5.50284719467, 2.84986782074, 0.744367778301, 0.0800335779786, 0.00183116609696, 0.00012145882647],
        "median": [0.101030252874, 1.39932966232, 2.84565973282, 7.56760168076, 5.4032869339, 8.17967510223, 5.84340143204, 5.54192113876, 5.1670050621, 10.4655199051, 11.1543474197, 8.56739521027, 6.50504112244, 4.16716623306, 4.19116401672, 3.46333146095, 3.70279550552, 4.8626742363, 11.614613533, 25.3582286835, 3.65724897385, 5.29034614563, 5.47911214828, 3.50762677193, 2.16433358192, 1.04464733601, 0.970996081829, 1.06634616852, 1.01758551598, 0.927610993385, 1.04062378407, 1.73152709007, 1.64330756664, 1.38246142864, 0.927683651447, 0.382640957832, 0.111199788749, 0.00894615892321, 0.000227200347581, 5.28876807948e-05],
        "min": [1.03792485717e-08, 5.57369297383e-08, 1.782069603e-07, 2.73013006336e-06, 7.53092808736e-06, 1.81213399628e-05, 3.78092918254e-05, 6.43348903395e-05, 8.40461652842e-05, 8.09351622593e-05, 5.35548788321e-05, 1.70797502506e-05, 1.15090633699e-05, 3.233391908e-05, 3.15441538987e-05, 3.65896921721e-05, 2.63347683358e-05, 0.000108929052658, 0.00020767794922, 0.00211086357012, 0.00104582298081, 0.00023813052394, 0.000660790014081, 8.46114053275e-05, 1.21309021779e-05, 2.67102059297e-05, 1.00598563222e-05, 3.1071864214e-05, 2.46280051215e-05, 1.30982480187e-05, 3.37183373631e-05, 4.43475364591e-05, 3.65272026102e-05, 1.80822826223e-05, 8.65261972649e-06, 2.4692928946e-06, 1.2053417322e-06, 6.77914258063e-08, 3.71898556395e-09, 4.68600158676e-10],
        "stdev": [0.817659556866, 3.91659903526, 13.793346405, 18.5138969421, 9.11806488037, 9.2937297821, 13.5988912582, 22.1503448486, 25.1686553955, 35.9330978394, 53.9131088257, 62.7966003418, 38.1032142639, 47.5735588074, 45.3397293091, 36.6405944824, 38.6847496033, 44.3492355347, 42.5633621216, 34.8725585938, 29.7413158417, 26.8456172943, 26.5776519775, 29.9406318665, 29.8489742279, 16.8873062134, 15.8864936829, 17.8990211487, 18.7950649261, 14.2146167755, 13.0969982147, 16.6151504517, 19.3736915588, 14.8813009262, 10.5559654236, 5.3750371933, 1.48624289036, 0.222633957863, 0.00505411904305, 0.000195033659111],
        "var": [0.668567180634, 15.3397483826, 190.256393433, 342.764373779, 83.1390991211, 86.3734054565, 184.929840088, 490.637756348, 633.461181641, 1291.1875, 2906.62329102, 3943.41308594, 1451.85498047, 2263.24365234, 2055.69091797, 1342.53320312, 1496.5098877, 1966.85473633, 1811.63964844, 1216.09545898, 884.545837402, 720.687133789, 706.371582031, 896.44140625, 890.961303711, 285.181091309, 252.38067627, 320.374969482, 353.254486084, 202.055328369, 171.531356812, 276.063201904, 375.339904785, 221.453109741, 111.428413391, 28.8910236359, 2.20891785622, 0.0495658814907, 2.55441191257e-05, 3.80381308673e-08]
    },
    "gfcc": {
        "mean": [-6.26395177841, 68.1690063477, -88.0160522461, 14.8135299683, -51.4401397705, 21.9146766663, -54.8170967102, 19.2895641327, -22.230638504, 7.68923091888, -25.9504508972, -2.83050322533, -15.2491664886],
        "cov": [[11222.1835938, -1030.58300781, 1966.4777832, 724.972106934, -464.819366455, 548.264282227, 540.341552734, 717.11517334, -855.751525879, 289.56161499, 115.413749695, 334.493621826, -534.933898926], [-1030.58300781, 2835.11230469, 376.825256348, 70.8374938965, 636.331848145, 171.074111938, 601.729797363, -95.9264221191, 234.506378174, -211.26008606, 183.855667114, -59.5968399048, 203.069778442], [1966.4777832, 376.825256348, 1694.7902832, 408.420654297, 243.586898804, 479.436676025, 47.511680603, 116.659759521, -37.7674980164, 147.787200928, -66.9127044678, 71.146812439, 73.3871612549], [724.972106934, 70.8374938965, 408.420654297, 769.912963867, 199.335205078, -9.81145095825, 124.58719635, -7.72056484222, 80.0138626099, 69.236328125, -16.2420883179, 106.463722229, 67.8804626465], [-464.819366455, 636.331848145, 243.586898804, 199.335205078, 452.154937744, 127.186508179, 96.0483474731, -33.8991012573, 148.41960144, 23.7641563416, -35.9889755249, -26.0123119354, 118.815254211], [548.264282227, 171.074111938, 479.436676025, -9.81145095825, 127.186508179, 412.251220703, 111.107765198, 69.4691238403, -1.92259800434, 37.5192680359, -5.92197465897, -21.5013599396, 15.7113656998], [540.341552734, 601.729797363, 47.511680603, 124.58719635, 96.0483474731, 111.107765198, 506.26663208, 72.4296264648, -47.8202171326, -53.6967391968, 120.752319336, 60.0554962158, -32.7785377502], [717.11517334, -95.9264221191, 116.659759521, -7.72056484222, -33.8991012573, 69.4691238403, 72.4296264648, 308.442565918, -50.2847900391, -3.87259817123, 97.3278198242, 50.2503700256, -59.29246521], [-855.751525879, 234.506378174, -37.7674980164, 80.0138626099, 148.41960144, -1.92259800434, -47.8202171326, -50.2847900391, 267.814849854, -4.96721506119, -40.7988624573, -26.7799224854, 94.6173324585], [289.56161499, -211.26008606, 147.787200928, 69.236328125, 23.7641563416, 37.5192680359, -53.6967391968, -3.87259817123, -4.96721506119, 160.44569397, -35.3938865662, -16.1924381256, 3.14185166359], [115.413749695, 183.855667114, -66.9127044678, -16.2420883179, -35.9889755249, -5.92197465897, 120.752319336, 97.3278198242, -40.7988624573, -35.3938865662, 180.857910156, 31.7987499237, -54.7304267883], [334.493621826, -59.5968399048, 71.146812439, 106.463722229, -26.0123119354, -21.5013599396, 60.0554962158, 50.2503700256, -26.7799224854, -16.1924381256, 31.7987499237, 127.654693604, -10.8340024948], [-534.933898926, 203.069778442, 73.3871612549, 67.8804626465, 118.815254211, 15.7113656998, -32.7785377502, -59.29246521, 94.6173324585, 3.14185166359, -54.7304267883, -10.8340024948, 151.493865967]],
        "icov": [[0.000246870156843, -5.31398072781e-05, -0.000171181876794, -0.000254174898146, 0.000287817674689, -0.000103981117718, -0.000127802530187, -0.000370123918401, 0.000468853482744, -0.000235307248659, 0.000408965046518, -9.93562207441e-05, 0.000604989705607], [-5.31398072781e-05, 0.00152300507762, -0.000842282781377, 0.00090107426513, -0.00163639930543, 0.00116285914555, -0.00165613903664, 0.00093496410409, -0.000814067083411, 0.00163897348102, -0.00186405563727, 0.00124434789177, -0.00116446579341], [-0.000171181876794, -0.000842282781377, 0.00194143108092, -0.00096151715843, 0.000503875315189, -0.00212997710332, 0.00153212994337, -0.000479352980619, 0.000700569828041, -0.00113768468145, 0.000969637476373, -0.00126627343707, -0.000169661725522], [-0.000254174898146, 0.00090107426513, -0.00096151715843, 0.00304411002435, -0.0018208991969, 0.0019039013423, -0.00149604317266, 0.00107285694685, -0.00151490571443, 0.000188495250768, -0.00126080599148, -0.000770564307459, -0.00124504708219], [0.000287817674689, -0.00163639930543, 0.000503875315189, -0.0018208991969, 0.00600116420537, -0.00193879113067, 0.000710301508661, -0.00129345583264, -0.000140622156323, -0.00206254445948, 0.00241432571784, -0.000108484746306, -8.14484155853e-05], [-0.000103981117718, 0.00116285914555, -0.00212997710332, 0.0019039013423, -0.00193879113067, 0.00592611962929, -0.00258657126687, 0.000129019274027, -0.00115279795136, 0.000882604566868, -0.00100462906994, 0.00223184144124, -0.000852016615681], [-0.000127802530187, -0.00165613903664, 0.00153212994337, -0.00149604317266, 0.000710301508661, -0.00258657126687, 0.00522071123123, -0.00057780178031, 0.00143075443339, -0.000678781187162, 5.65938280488e-05, -0.00225456757471, 0.00129114859737], [-0.000370123918401, 0.00093496410409, -0.000479352980619, 0.00107285694685, -0.00129345583264, 0.000129019274027, -0.00057780178031, 0.00558635406196, -0.00118833349552, 0.00106340949424, -0.00375072122552, -0.000606432615314, -0.000424511206802], [0.000468853482744, -0.000814067083411, 0.000700569828041, -0.00151490571443, -0.000140622156323, -0.00115279795136, 0.00143075443339, -0.00118833349552, 0.007042826619, -0.000612375093624, 0.00157284701709, -0.000212839222513, -0.000672477297485], [-0.000235307248659, 0.00163897348102, -0.00113768468145, 0.000188495250768, -0.00206254445948, 0.000882604566868, -0.000678781187162, 0.00106340949424, -0.000612375093624, 0.00964829791337, -0.0014473667834, 0.00286715105176, -0.000901227816939], [0.000408965046518, -0.00186405563727, 0.000969637476373, -0.00126080599148, 0.00241432571784, -0.00100462906994, 5.65938280488e-05, -0.00375072122552, 0.00157284701709, -0.0014473667834, 0.0114223649725, -0.00203278358094, 0.00382177368738], [-9.93562207441e-05, 0.00124434789177, -0.00126627343707, -0.000770564307459, -0.000108484746306, 0.00223184144124, -0.00225456757471, -0.000606432615314, -0.000212839222513, 0.00286715105176, -0.00203278358094, 0.0123568670824, -0.00170890497975], [0.000604989705607, -0.00116446579341, -0.000169661725522, -0.00124504708219, -8.14484155853e-05, -0.000852016615681, 0.00129114859737, -0.000424511206802, -0.000672477297485, -0.000901227816939, 0.00382177368738, -0.00170890497975, 0.0129007901996]]
    },
    "melbands": {
        "dmean": [0.00225738040172, 0.00296313595027, 0.00151059147902, 0.000274710240774, 0.000191557468497, 0.000198533729417, 0.000162329626619, 0.000211558610317, 0.000238269916736, 0.00018473356613, 8.53724195622e-05, 7.56385707064e-05, 6.04121269134e-05, 4.90031670779e-05, 3.8744219637e-05, 4.25857615483e-05, 3.57637109119e-05, 3.55220436177e-05, 3.11677576974e-05, 1.76400462806e-05, 1.3335773474e-05, 1.50446003317e-05, 1.68965852936e-05, 1.07210744318e-05, 1.24674897961e-05, 1.45521598824e-05, 6.09939070273e-06, 5.1311471907e-06, 5.02300190419e-06, 4.59321063317e-06, 5.01074919157e-06, 4.62292609882e-06, 4.98961708217e-06, 3.56729447049e-06, 3.40700512425e-06, 5.03046157974e-06, 5.09808251081e-06, 6.01886586082e-06, 7.26939424567e-06, 5.79735205974e-06],
        "dmean2": [0.00331168202683, 0.00502064824104, 0.00263546477072, 0.000474485801533, 0.000308478745865, 0.000323093496263, 0.000270374934189, 0.000350796704879, 0.000386363855796, 0.000301746331388, 0.000140723728691, 0.000118949494208, 9.93411595118e-05, 7.95233645476e-05, 6.55980256852e-05, 6.76461932017e-05, 5.81751555728e-05, 5.9137975768e-05, 5.2879240684e-05, 2.78224742942e-05, 2.07957218663e-05, 2.48876076512e-05, 2.96190210065e-05, 1.79416401807e-05, 2.10599228012e-05, 2.57654992311e-05, 1.02413014247e-05, 8.53999426909e-06, 8.45637350722e-06, 7.4643521657e-06, 8.21545654617e-06, 7.80838126957e-06, 8.62264914758e-06, 5.88262446399e-06, 5.59551745027e-06, 8.4913954197e-06, 8.32276145957e-06, 9.82072560873e-06, 1.24165298985e-05, 9.55897212407e-06],
        "dvar": [2.18680488615e-05, 4.13779416704e-05, 9.15015061764e-06, 3.20809675713e-07, 8.71939676017e-08, 1.28159655333e-07, 9.2061789303e-08, 1.33652108047e-07, 1.81974115776e-07, 1.42624031696e-07, 3.15569614884e-08, 2.66162185625e-08, 2.08309760552e-08, 1.49997365639e-08, 6.37271257986e-09, 6.20010931485e-09, 5.70450220394e-09, 5.15424636305e-09, 2.61490074038e-09, 1.39669853461e-09, 1.06277697753e-09, 7.45987938089e-10, 1.31532884584e-09, 5.26624632791e-10, 6.14703454804e-10, 1.3946520605e-09, 2.10503059428e-10, 1.37374486786e-10, 1.23901208737e-10, 8.75087363683e-11, 1.28806146305e-10, 1.45723072498e-10, 1.56011731312e-10, 6.13124967463e-11, 5.46338460583e-11, 1.60379043379e-10, 1.00794851632e-10, 1.49805695626e-10, 3.16043941018e-10, 1.5801129849e-10],
        "dvar2": [4.90570819238e-05, 0.000110641718493, 2.42462356255e-05, 8.36644801439e-07, 2.02721906817e-07, 2.96193007898e-07, 2.28435453664e-07, 3.32492874122e-07, 4.5723555786e-07, 3.57328161726e-07, 7.88591876244e-08, 6.16489685967e-08, 5.38522826332e-08, 3.76241224842e-08, 1.60030868557e-08, 1.41719889157e-08, 1.30464670178e-08, 1.27062724786e-08, 6.71044286804e-09, 3.24099769244e-09, 2.43254349996e-09, 1.89384374849e-09, 3.7546419307e-09, 1.42482747822e-09, 1.649584358e-09, 3.95085386629e-09, 5.6238858015e-10, 3.38457595284e-10, 3.2753269541e-10, 2.07737355096e-10, 3.19077458899e-10, 3.8722533513e-10, 4.24621476869e-10, 1.57239651855e-10, 1.43081296811e-10, 4.36960467809e-10, 2.54988391513e-10, 3.96075394704e-10, 8.79602446435e-10, 4.22962193047e-10],
        "max": [0.0385842248797, 0.0442691519856, 0.019130019471, 0.00675450079143, 0.00272711832076, 0.00515232188627, 0.00472353957593, 0.00405148928985, 0.00448797363788, 0.00297633581795, 0.00168345135171, 0.00144593336154, 0.00165272981394, 0.00260753277689, 0.000885978632141, 0.00133400817867, 0.00108412955888, 0.000935844087508, 0.000560507702176, 0.000530815916136, 0.000389925204217, 0.000293808057904, 0.000259701046161, 0.000216864485992, 0.000183304829989, 0.000244802155066, 0.000119553173136, 8.57513223309e-05, 9.61080513662e-05, 7.9579440353e-05, 8.13264414319e-05, 0.000125259583001, 8.84444161784e-05, 5.84821682423e-05, 6.09740927757e-05, 8.99018923519e-05, 7.38733797334e-05, 0.000103722930362, 0.000153445071192, 9.86827508314e-05],
        "mean": [0.00345949386247, 0.00360789475963, 0.00193546304945, 0.000489311933052, 0.00036703486694, 0.000298681494314, 0.000210472251638, 0.000257910840446, 0.000272252829745, 0.000210170008359, 9.94026631815e-05, 8.76222911756e-05, 6.12424264546e-05, 5.00668065797e-05, 4.04247257393e-05, 4.6021232265e-05, 3.99708624172e-05, 4.07571787946e-05, 5.74099976802e-05, 2.31739686569e-05, 1.46123766172e-05, 1.64013472386e-05, 1.67860034708e-05, 1.21822995425e-05, 1.25126180137e-05, 1.24608204715e-05, 5.68805035073e-06, 4.56106135971e-06, 4.52721360489e-06, 4.91659602631e-06, 4.74358148495e-06, 4.10185703004e-06, 4.17624914917e-06, 3.29661475007e-06, 3.15300735565e-06, 4.40823123427e-06, 5.30748184246e-06, 6.36587083136e-06, 7.17318062016e-06, 6.15729550191e-06],
        "median": [0.00132899265736, 0.00200026319362, 0.00135123101063, 0.00048247401719, 0.000272820790997, 0.000136425704113, 8.60566287884e-05, 9.89995023701e-05, 9.44873754634e-05, 5.10798017785e-05, 2.96900489047e-05, 1.64969769685e-05, 1.32994273372e-05, 9.79988089966e-06, 8.21032699605e-06, 7.08872903488e-06, 7.82526512921e-06, 7.58624946684e-06, 5.03214541823e-05, 7.68823338149e-06, 2.74276931123e-06, 4.90172806167e-06, 5.76350066694e-06, 3.86507281291e-06, 2.43443946601e-06, 1.70551925294e-06, 9.45811734709e-07, 4.01604097533e-07, 4.29564295246e-07, 6.37336199816e-07, 5.0932595741e-07, 5.02377872635e-07, 5.34140269792e-07, 4.39121293994e-07, 5.02166983551e-07, 6.89634532591e-07, 1.13684632197e-06, 1.05854633148e-06, 1.10705491352e-06, 1.09597363007e-06],
        "min": [9.02117477941e-11, 1.16412067486e-10, 5.9620597348e-10, 8.71549443726e-10, 1.25163590603e-09, 1.44526579593e-09, 1.27918620141e-09, 8.39350200454e-10, 3.84762527394e-10, 8.11513148347e-11, 5.78580620914e-11, 1.33287103576e-10, 9.68237365284e-11, 1.17221995999e-10, 5.67381419625e-11, 7.17320647325e-11, 2.229473689e-10, 2.31111255133e-10, 1.25101884407e-09, 3.82381548647e-09, 6.34317320891e-10, 1.98892458059e-10, 4.52867576772e-10, 4.98072194599e-10, 2.02333150234e-11, 2.80911296828e-12, 1.78364198411e-11, 1.65184688844e-11, 2.58493920713e-12, 1.45772022925e-11, 1.85563439614e-11, 1.34518394687e-11, 1.23373603e-11, 6.02629708288e-12, 1.41722588526e-11, 3.17278009421e-11, 2.77929259468e-11, 2.66602191712e-11, 2.33166819186e-11, 1.18452261888e-11],
        "stdev": [0.0061052236706, 0.00598107185215, 0.00271022086963, 0.000561392691452, 0.000409532192862, 0.000462837517262, 0.000369783781935, 0.000432186294347, 0.000467527133878, 0.000409014319303, 0.000184792399523, 0.000191579965758, 0.00013939247583, 0.000127085630083, 8.36478429846e-05, 9.94784277282e-05, 8.8453416538e-05, 7.76075175963e-05, 6.30010908935e-05, 4.26484511991e-05, 3.50080263161e-05, 2.83236149698e-05, 3.06164984067e-05, 2.34596482187e-05, 2.47006191785e-05, 3.11749136017e-05, 1.28724987007e-05, 1.10592445708e-05, 1.03215361378e-05, 1.00387624116e-05, 1.10661467261e-05, 1.05839935713e-05, 1.06717907329e-05, 7.45652914702e-06, 6.84043698129e-06, 1.08261428977e-05, 9.95277332549e-06, 1.21026814668e-05, 1.5758743757e-05, 1.21770217447e-05],
        "var": [3.72737558791e-05, 3.57732205885e-05, 7.34529658075e-06, 3.15161742037e-07, 1.67716621036e-07, 2.14218559336e-07, 1.36740055723e-07, 1.86784987477e-07, 2.18581632794e-07, 1.67292711239e-07, 3.4148232686e-08, 3.67028860637e-08, 1.94302618439e-08, 1.61507571761e-08, 6.99696167672e-09, 9.89595694278e-09, 7.8240063317e-09, 6.02292704599e-09, 3.96913790723e-09, 1.81889026063e-09, 1.22556187421e-09, 8.0222717358e-10, 9.37370070453e-10, 5.5035509483e-10, 6.10120620692e-10, 9.71875135924e-10, 1.65701230515e-10, 1.22306886841e-10, 1.06534114863e-10, 1.00776754997e-10, 1.22459598018e-10, 1.12020913379e-10, 1.13887108077e-10, 5.55998268259e-11, 4.67915810265e-11, 1.17205370409e-10, 9.90576926041e-11, 1.46474901652e-10, 2.48337989062e-10, 1.48279860612e-10]
    },
    "melbands128": {
