{
"lowlevel": {
    "average_loudness": 0.961919128895,
    "barkbands_crest": {
        "dmean": 1.5271396637,
        "dmean2": 2.21724534035,
        "dvar": 2.52098083496,
        "dvar2": 6.02103948593,
        "max": 26.0702648163,
        "mean": 12.6776752472,
        "median": 12.0226688385,
        "min": 4.37357139587,
        "stdev": 4.42154073715,
        "var": 19.5500240326
    },
    "barkbands_flatness_db": {
        "dmean": 0.0358238853514,
        "dmean2": 0.0548938438296,
        "dvar": 0.0017478200607,
        "dvar2": 0.00366770778783,
        "max": 0.635925471783,
        "mean": 0.341707259417,
        "median": 0.390645980835,
        "min": 0.0655072703958,
        "stdev": 0.184076607227,
        "var": 0.0338841974735
    },
    "barkbands_kurtosis": {
        "dmean": 2.69287896156,
        "dmean2": 4.08090162277,
        "dvar": 65.0552597046,
        "dvar2": 152.893081665,
        "max": 173.036514282,
        "mean": 3.74613118172,
        "median": 1.16166067123,
        "min": -1.84063017368,
        "stdev": 10.4651975632,
        "var": 109.520362854
    },
    "barkbands_skewness": {
        "dmean": 0.414775699377,
        "dmean2": 0.621210277081,
        "dvar": 0.38514867425,
        "dvar2": 0.864172875881,
        "max": 11.1857442856,
        "mean": 1.60960173607,
        "median": 1.38984286785,
        "min": -2.03063297272,
        "stdev": 1.07436728477,
        "var": 1.15426516533
    },
    "barkbands_spread": {
        "dmean": 3.78778505325,
        "dmean2": 5.61205625534,
        "dvar": 44.0288009644,
        "dvar2": 89.3080825806,
        "max": 124.556236267,
        "mean": 16.5412445068,
        "median": 10.2872972488,
        "min": 0.499398380518,
        "stdev": 15.5653352737,
        "var": 242.279647827
    },
    "dissonance": {
        "dmean": 0.0607529394329,
        "dmean2": 0.101557277143,
        "dvar": 0.00368614541367,
        "dvar2": 0.00964022800326,
        "max": 0.49881452322,
        "mean": 0.373998731375,
        "median": 0.397599905729,
        "min": 0.131423190236,
        "stdev": 0.0901573523879,
        "var": 0.00812834873796
    },
    "dynamic_complexity": 3.3717353344,
    "erbbands_crest": {
        "dmean": 2.88835883141,
        "dmean2": 4.39913463593,
        "dvar": 11.1273593903,
        "dvar2": 24.4692783356,
        "max": 33.7812080383,
        "mean": 18.187959671,
        "median": 17.616897583,
        "min": 3.02765917778,
        "stdev": 7.90940999985,
        "var": 62.5587654114
    },
    "erbbands_flatness_db": {
        "dmean": 0.0252960156649,
        "dmean2": 0.0391369536519,
        "dvar": 0.000811212637927,
        "dvar2": 0.00171487173066,
        "max": 0.528086721897,
        "mean": 0.3107868433,
        "median": 0.355293422937,
        "min": 0.0533619746566,
        "stdev": 0.142967522144,
        "var": 0.0204397123307
    },
    "erbbands_kurtosis": {
        "dmean": 2.30556344986,
        "dmean2": 3.48926949501,
        "dvar": 10.7338514328,
        "dvar2": 22.5640544891,
        "max": 47.2958221436,
        "mean": 3.71253418922,
        "median": 2.02055263519,
        "min": -1.83545410633,
        "stdev": 5.29138422012,
        "var": 27.9987487793
    },
    "erbbands_skewness": {
        "dmean": 0.57979875803,
        "dmean2": 0.847877144814,
        "dvar": 0.482386857271,
        "dvar2": 1.09856677055,
        "max": 4.14925909042,
        "mean": -0.59607899189,
        "median": -0.301571398973,
        "min": -5.90286302567,
        "stdev": 1.69727563858,
        "var": 2.88074469566
    },
    "erbbands_spread": {
        "dmean": 5.78867340088,
        "dmean2": 8.88071250916,
        "dvar": 102.711997986,
        "dvar2": 258.49307251,
        "max": 132.799957275,
        "mean": 22.0298881531,
        "median": 16.1867618561,
        "min": 1.64204144478,
        "stdev": 17.5442314148,
        "var": 307.800079346
    },
    "hfc": {
        "dmean": 4.95735883713,
        "dmean2": 7.1772108078,
        "dvar": 77.5370254517,
        "dvar2": 138.903121948,
        "max": 132.925140381,
        "mean": 22.4712409973,
        "median": 8.93580245972,
        "min": 1.28465053422e-16,
        "stdev": 22.8351154327,
        "var": 521.442504883
    },
    "loudness_ebu128": {
        "integrated": -11.8394069672,
        "loudness_range": 2.71015167236,
        "momentary": {
            "dmean": 0.345972955227,
            "dmean2": 0.32657083869,
            "dvar": 0.206148013473,
            "dvar2": 0.0959745794535,
            "max": -9.3117275238,
            "mean": -12.0919713974,
            "median": -12.2780666351,
            "min": -24.9839057922,
            "stdev": 1.5681655407,
            "var": 2.45914316177
        },
        "short_term": {
            "dmean": 0.0452643334866,
            "dmean2": 0.0393957495689,
            "dvar": 0.00127105822321,
            "dvar2": 0.000894518161658,
            "max": -10.4019317627,
            "mean": -11.9848499298,
            "median": -12.6390609741,
            "min": -13.4868955612,
            "stdev": 1.10681784153,
            "var": 1.22504580021
        }
    },
    "melbands_crest": {
        "dmean": 1.7232517004,
        "dmean2": 2.44215273857,
        "dvar": 3.81091618538,
        "dvar2": 7.75343418121,
        "max": 36.4116592407,
        "mean": 17.7708091736,
        "median": 17.3046207428,
        "min": 2.59565114975,
        "stdev": 5.85777568817,
        "var": 34.3135375977
    },
    "melbands_flatness_db": {
        "dmean": 0.0408122092485,
        "dmean2": 0.0611441619694,
        "dvar": 0.00239853141829,
        "dvar2": 0.00506868539378,
        "max": 0.803146481514,
        "mean": 0.460953265429,
        "median": 0.520281374454,
        "min": 0.010285534896,
        "stdev": 0.228499442339,
        "var": 0.0522119961679
    },
    "melbands_kurtosis": {
        "dmean": 5.2822599411,
        "dmean2": 8.34427452087,
        "dvar": 258.183837891,
        "dvar2": 645.381774902,
        "max": 274.375213623,
        "mean": 9.34833145142,
        "median": 4.72100734711,
        "min": -1.60641372204,
        "stdev": 19.1625957489,
        "var": 367.205047607
    },
    "melbands_skewness": {
        "dmean": 0.535743057728,
        "dmean2": 0.81521487236,
        "dvar": 0.773638010025,
        "dvar2": 1.88924789429,
        "max": 13.2068958282,
        "mean": 2.37644457817,
        "median": 2.06686758995,
        "min": -0.0195550825447,
        "stdev": 1.37776982784,
        "var": 1.89824962616
    },
    "melbands_spread": {
        "dmean": 3.61183905602,
        "dmean2": 5.36981964111,
        "dvar": 43.1330833435,
        "dvar2": 96.2579879761,
        "max": 147.064605713,
        "mean": 16.1833534241,
        "median": 11.2579212189,
        "min": 0.432920396328,
        "stdev": 14.2681503296,
        "var": 203.580123901
    },
    "pitch_salience": {
        "dmean": 0.0408365875483,
        "dmean2": 0.0631776154041,
        "dvar": 0.0017701536417,
        "dvar2": 0.00407316349447,
        "max": 0.780424058437,
        "mean": 0.413181185722,
        "median": 0.406830340624,
        "min": 0.0948951393366,
        "stdev": 0.0831618458033,
        "var": 0.00691589294001
    },
    "silence_rate_20dB": {
        "dmean": 0,
        "dmean2": 0,
        "dvar": 0,
        "dvar2": 0,
        "max": 1,
        "mean": 1,
        "median": 1,
        "min": 1,
        "stdev": 0,
        "var": 0
    },
    "silence_rate_30dB": {
        "dmean": 0,
        "dmean2": 0,
        "dvar": 0,
        "dvar2": 0,
        "max": 1,
        "mean": 1,
        "median": 1,
        "min": 1,
        "stdev": 0,
        "var": 0
    },
    "silence_rate_60dB": {
        "dmean": 0.000773993786424,
        "dmean2": 0.00154918665066,
        "dvar": 0.000773391802795,
        "dvar2": 0.00154677114915,
        "max": 1,
        "mean": 0.0116009283811,
        "median": 0,
        "min": 0,
        "stdev": 0.107080496848,
        "var": 0.0114662330598
    },
    "spectral_centroid": {
        "dmean": 149.298141479,
        "dmean2": 213.324478149,
        "dvar": 105000.695312,
        "dvar2": 180485.390625,
        "max": 10876.3398438,
        "mean": 858.256652832,
        "median": 610.070373535,
        "min": 137.214126587,
        "stdev": 653.436462402,
        "var": 426979.1875
    },
    "spectral_complexity": {
        "dmean": 2.31578946114,
        "dmean2": 3.63129353523,
        "dvar": 10.5241384506,
        "dvar2": 23.5386390686,
        "max": 36,
        "mean": 10.2590875626,
        "median": 7,
        "min": 0,
        "stdev": 6.93402194977,
        "var": 48.080657959
    },
    "spectral_decrease": {
        "dmean": 1.4583075858e-09,
        "dmean2": 2.1233343972e-09,
        "dvar": 3.29391219493e-18,
        "dvar2": 7.86377033707e-18,
        "max": 1.01712176112e-28,
        "mean": -1.07717399445e-08,
        "median": -1.01754995541e-08,
        "min": -2.64784230097e-08,
        "stdev": 4.3716372744e-09,
        "var": 1.91112123053e-17
    },
    "spectral_energy": {
        "dmean": 0.00580310169607,
        "dmean2": 0.00843242928386,
        "dvar": 5.26048752363e-05,
        "dvar2": 0.000123799487483,
        "max": 0.106174200773,
        "mean": 0.0426932871342,
        "median": 0.0399789996445,
        "min": 1.12682759724e-20,
        "stdev": 0.0179570075125,
        "var": 0.000322454114212
    },
    "spectral_energyband_high": {
        "dmean": 0.000309312075842,
        "dmean2": 0.000430443964433,
        "dvar": 7.41519784242e-07,
        "dvar2": 1.36630683301e-06,
        "max": 0.016232855618,
        "mean": 0.000825220195111,
        "median": 5.35724531403e-08,
        "min": 8.25139398989e-21,
        "stdev": 0.00161738099996,
        "var": 2.61592140305e-06
    },
    "spectral_energyband_low": {
        "dmean": 0.00295479851775,
        "dmean2": 0.00410019466653,
        "dvar": 1.8613291104e-05,
        "dvar2": 4.77461726405e-05,
        "max": 0.0788935124874,
        "mean": 0.0241511575878,
        "median": 0.023629847914,
        "min": 1.95669778372e-22,
        "stdev": 0.0106127932668,
        "var": 0.000112631380034
    },
    "spectral_energyband_middle_high": {
        "dmean": 0.00156466441695,
        "dmean2": 0.00216267840005,
        "dvar": 6.37369112155e-06,
        "dvar2": 1.03732018033e-05,
        "max": 0.064819611609,
        "mean": 0.00425794627517,
        "median": 0.00144294649363,
        "min": 1.5197517168e-21,
        "stdev": 0.00662156008184,
        "var": 4.38450551883e-05
    },
    "spectral_energyband_middle_low": {
        "dmean": 0.00357281602919,
        "dmean2": 0.00545703340322,
        "dvar": 3.41694394592e-05,
        "dvar2": 7.93594444986e-05,
        "max": 0.0630702227354,
        "mean": 0.014784200117,
        "median": 0.0105153378099,
        "min": 2.50219888621e-22,
        "stdev": 0.0114885922521,
        "var": 0.000131987748318
    },
    "spectral_entropy": {
        "dmean": 0.270780950785,
        "dmean2": 0.398179233074,
        "dvar": 0.13473084569,
        "dvar2": 0.264301538467,
        "max": 9.81701278687,
        "mean": 6.17855405807,
        "median": 6.14494228363,
        "min": 4.45206069946,
        "stdev": 1.11053240299,
        "var": 1.23328220844
    },
    "spectral_flux": {
        "dmean": 0.0221200287342,
        "dmean2": 0.034313172102,
        "dvar": 0.000620106991846,
        "dvar2": 0.00128832634073,
        "max": 0.254899144173,
        "mean": 0.0610398948193,
        "median": 0.0488189458847,
        "min": 1.06152135693e-10,
        "stdev": 0.042635589838,
        "var": 0.00181779358536
    },
    "spectral_kurtosis": {
        "dmean": 33.6037406921,
        "dmean2": 55.842048645,
        "dvar": 2488.08154297,
        "dvar2": 6171.52148438,
        "max": 382.269500732,
        "mean": 100.747833252,
        "median": 45.3750114441,
        "min": -1.17674148083,
        "stdev": 105.377754211,
        "var": 11104.4707031
    },
    "spectral_rms": {
        "dmean": 0.00043111332343,
        "dmean2": 0.000621800194494,
        "dvar": 2.85703492864e-07,
        "dvar2": 6.37338189335e-07,
        "max": 0.0101776514202,
        "mean": 0.00628198543563,
        "median": 0.00624531041831,
        "min": 3.31563574339e-12,
        "stdev": 0.00147938961163,
        "var": 2.1885937258e-06
    },
    "spectral_rolloff": {
        "dmean": 251.181121826,
        "dmean2": 434.883361816,
        "dvar": 659848.5,
        "dvar2": 1124791.375,
        "max": 18776.953125,
        "mean": 955.752990723,
        "median": 667.529296875,
        "min": 64.599609375,
        "stdev": 1335.25805664,
        "var": 1782914.125
    },
    "spectral_skewness": {
        "dmean": 1.5461974144,
        "dmean2": 2.57333540916,
        "dvar": 4.87512350082,
        "dvar2": 11.9496870041,
        "max": 15.2267179489,
        "mean": 5.93195295334,
        "median": 3.89989066124,
        "min": 0.0204752422869,
        "stdev": 4.58150148392,
        "var": 20.9901561737
    },
    "spectral_spread": {
        "dmean": 559505.8125,
        "dmean2": 854244.625,
        "dvar": 1.75961106022e+12,
        "dvar2": 2.38055718912e+12,
        "max": 40440172,
        "mean": 3263393.75,
        "median": 1112311.875,
        "min": 204900.859375,
        "stdev": 3226340.5,
        "var": 1.04092737208e+13
    },
    "spectral_strongpeak": {
        "dmean": 0.385784953833,
        "dmean2": 0.689070940018,
        "dvar": 0.663661301136,
        "dvar2": 1.60760772228,
        "max": 8.48436546326,
        "mean": 0.8047529459,
        "median": 0.32203567028,
        "min": 0,
        "stdev": 1.10722315311,
        "var": 1.22594320774
    },
    "zerocrossingrate": {
        "dmean": 0.00631099753082,
        "dmean2": 0.00698609044775,
        "dvar": 0.000166350771906,
        "dvar2": 0.000131977372803,
        "max": 0.5068359375,
        "mean": 0.0362831093371,
        "median": 0.02099609375,
        "min": 0.001953125,
        "stdev": 0.0376233495772,
        "var": 0.00141551636625
    },
    "barkbands": {
        "dmean": [0.000193611966097, 0.00255679688416, 0.00107512879185, 0.000418964220444, 0.000553034711629, 0.000199013593374, 0.00141947413795, 0.00117356388364, 0.00177070859354, 0.000658670207486, 0.000312235730235, 0.000169203907717, 0.000249787786743, 0.000279482715996, 0.000492017949, 0.000164360826602, 0.000133112072945, 0.000110619199404, 4.87454126414e-05, 7.52912310418e-05, 3.66159620171e-05, 8.21584835649e-05, 7.75146399974e-05, 9.48203014559e-05, 7.36164292903e-05, 2.66627557721e-05, 9.08477488792e-07],
        "dmean2": [0.000266877526883, 0.00334978918545, 0.00145780085586, 0.00056004000362, 0.000853047356941, 0.000298315280816, 0.00219065556303, 0.00166574015748, 0.0026295625139, 0.000900976243429, 0.000449429498985, 0.000251512276009, 0.000386439322028, 0.000439646712039, 0.000755512155592, 0.000243029586272, 0.000196768523892, 0.000155517322128, 6.73728791298e-05, 0.000113403584692, 5.32547201146e-05, 0.000115386581456, 0.000111482018838, 0.000139288269565, 0.000112051340693, 4.04512393288e-05, 1.5138642766e-06],
        "dvar": [1.40945701332e-07, 1.30096059365e-05, 2.76828450296e-06, 3.04929528738e-07, 8.22683091428e-07, 5.05542402607e-07, 1.65650144481e-05, 1.05518947748e-05, 9.40540758165e-06, 3.61361662726e-06, 8.55621067331e-07, 6.25261520781e-07, 5.80119149163e-07, 6.12131657363e-07, 1.17319063975e-06, 1.65243974948e-07, 1.15679135604e-07, 6.71441782174e-08, 1.67857319155e-08, 4.92465090929e-08, 1.84360509081e-08, 4.58004478787e-08, 4.18650998313e-08, 7.15580910082e-08, 5.51927676895e-08, 5.5990350134e-09, 1.09772226031e-11],
        "dvar2": [3.40502481322e-07, 3.33751449944e-05, 7.03180921846e-06, 7.34468756036e-07, 2.35953211813e-06, 1.07238975033e-06, 3.92576184822e-05, 2.19584471779e-05, 2.08763249248e-05, 6.62016827846e-06, 1.41412897392e-06, 1.55132806867e-06, 1.18125956305e-06, 1.38278630857e-06, 2.5883264243e-06, 3.63164616601e-07, 2.49087094062e-07, 1.33816953962e-07, 2.96388282806e-08, 1.15965676173e-07, 3.67378056865e-08, 8.55175059655e-08, 7.93748284877e-08, 1.41057142855e-07, 1.25401811601e-07, 1.09058779785e-08, 3.07949082901e-11],
        "max": [0.0113607104868, 0.0719583183527, 0.0261920969933, 0.0129905715585, 0.0106430873275, 0.0118510872126, 0.0544311478734, 0.0406339205801, 0.0504456348717, 0.0511908978224, 0.0158912111074, 0.0183509923518, 0.0125159230083, 0.0110169295222, 0.0144828781486, 0.00640479009598, 0.00663954159245, 0.00310070347041, 0.00226598256268, 0.00350486161187, 0.00231051910669, 0.00310962856747, 0.00347701110877, 0.00523817911744, 0.00358060980216, 0.00154316693079, 5.37183514098e-05],
        "mean": [0.00176611484494, 0.0169318504632, 0.00459805224091, 0.00157312629744, 0.00124714209232, 0.000466552766738, 0.00262202182785, 0.00216239900328, 0.00542423641309, 0.00164174218662, 0.000556432933081, 0.000220178175368, 0.000311903248075, 0.000366086576832, 0.000891882111318, 0.000287705363007, 0.000314031640301, 0.000273024110356, 0.00010813796689, 0.00014003898832, 6.90960805514e-05, 0.000192751715076, 0.000164360375493, 0.000194710897631, 0.00012140214676, 4.72744250146e-05, 1.03520073935e-06],
        "median": [0.000622033025138, 0.0158360265195, 0.0033854842186, 0.00103845715057, 0.000841715373099, 6.83225225657e-05, 4.54321198049e-05, 3.61534621334e-05, 0.00490548275411, 9.82294441201e-05, 2.93658122246e-05, 1.21660114019e-05, 1.84432246897e-05, 2.00019603653e-05, 2.97960104945e-05, 8.79231811268e-06, 3.48267371919e-06, 3.34412675329e-07, 3.77155764397e-08, 1.21278267429e-08, 1.12067812807e-08, 8.88631923601e-09, 5.35798161394e-09, 4.77933470577e-09, 4.8306438849e-09, 3.57641849469e-09, 1.92888571782e-09],
        "min": [9.42713520417e-23, 7.05637405007e-23, 5.82206547977e-23, 6.23349620043e-23, 5.45521739094e-23, 1.41848203257e-23, 1.24548388942e-23, 2.51564461014e-23, 5.97063701831e-23, 3.97573495338e-23, 6.36917901395e-23, 1.29740217036e-22, 2.36903361183e-22, 7.86342545667e-23, 1.20662763046e-22, 2.4298922743e-22, 1.24119879698e-22, 1.48915014883e-22, 1.88554606417e-22, 3.0549707619e-22, 4.23684545176e-22, 4.76088133348e-22, 6.50391506817e-22, 8.06240280891e-22, 1.02740729328e-21, 2.11218287399e-21, 2.87251715524e-21],
        "stdev": [0.00228558247909, 0.0106837358326, 0.00400519324467, 0.0016709958436, 0.00128870096523, 0.00132972269785, 0.0058253002353, 0.00526514602825, 0.00515498965979, 0.00417099660262, 0.00157382665202, 0.000915038050152, 0.00108817324508, 0.00106687156949, 0.00190295709763, 0.000656877062283, 0.000647487933747, 0.000524686009157, 0.000250103650615, 0.000366122636478, 0.000204242882319, 0.000432075932622, 0.000366663647583, 0.00046351653873, 0.000324239896145, 0.000112842615636, 3.09066922455e-06],
        "var": [5.22388700119e-06, 0.000114142218081, 1.60415747814e-05, 2.79222717836e-06, 1.66075005836e-06, 1.76816240582e-06, 3.3934124076e-05, 2.77217604889e-05, 2.65739163297e-05, 1.73972111952e-05, 2.47693014899e-06, 8.37294635403e-07, 1.18412094707e-06, 1.13821499781e-06, 3.62124569619e-06, 4.31487507058e-07, 4.19240649308e-07, 2.75295434449e-07, 6.25518410402e-08, 1.34045777145e-07, 4.17151539978e-08, 1.86689618431e-07, 1.3444223157e-07, 2.14847588609e-07, 1.05131512385e-07, 1.27334551792e-08, 9.55223660587e-12]
    },
    "erbbands": {
        "dmean": [0.0900617092848, 0.547007799149, 1.16992008686, 1.25435400009, 1.75861692429, 1.89230012894, 0.768034160137, 2.00848793983, 15.0194711685, 22.4622535706, 27.2937030792, 37.516330719, 32.0766105652, 11.354344368, 9.86298751831, 7.9560790062, 11.4746952057, 14.73371315, 25.4191417694, 15.2686166763, 7.81886053085, 6.86662435532, 6.20694494247, 2.23526883125, 3.29869699478, 3.33702707291, 1.60199713707, 1.50079679489, 2.60955309868, 2.78462433815, 2.32151842117, 2.445936203, 1.31853592396, 0.969272971153, 0.479149371386, 0.184869199991, 0.033937510103, 0.00443691434339, 0.000106692765257, 9.15867622098e-06],
        "dmean2": [0.111784234643, 0.744728028774, 1.69996953011, 1.60048890114, 2.59732508659, 2.98784613609, 1.20873379707, 2.98449611664, 22.9235248566, 36.0179176331, 38.3995895386, 54.404083252, 43.8697509766, 15.3048419952, 13.8432254791, 11.4181280136, 17.3252029419, 23.0003032684, 40.677280426, 21.6691188812, 11.126996994, 10.1327810287, 8.79386043549, 2.93456315994, 4.83485889435, 4.93369531631, 2.34798908234, 2.23207497597, 3.73293972015, 3.6784799099, 3.44942045212, 3.47584319115, 1.98221290112, 1.50457811356, 0.712015271187, 0.280800253153, 0.0540336370468, 0.007302404847, 0.000173524065758, 1.38874102049e-05],
        "dvar": [0.0182731579989, 0.61746942997, 3.39433860779, 2.38710856438, 7.91060066223, 12.0962514877, 3.59506106377, 45.6557617188, 2200.56958008, 4684.46826172, 4843.2265625, 5152.61279297, 8297.23339844, 2788.37792969, 692.811340332, 1388.95593262, 1350.19384766, 1650.609375, 4402.77734375, 1201.80761719, 375.786193848, 307.488098145, 201.342758179, 24.7080554962, 78.4351272583, 100.790885925, 42.0793800354, 33.4238204956, 45.5319671631, 46.8914337158, 42.2256278992, 43.8355102539, 14.3759632111, 8.51293373108, 2.86393594742, 0.286735028028, 0.00986037123948, 0.000219803434447, 1.72123051811e-07, 2.89568730105e-10],
        "dvar2": [0.0457062199712, 1.59430158138, 8.94173717499, 5.51310873032, 22.9328231812, 34.1853179932, 9.925157547, 99.5638198853, 5132.14111328, 10877.8476562, 8868.04199219, 11538.4404297, 18355.7480469, 3194.06225586, 1091.47387695, 3432.83203125, 2898.48339844, 3605.76538086, 10782.9804688, 2204.44384766, 810.049133301, 658.295898438, 390.872009277, 43.2304611206, 156.683242798, 230.701126099, 103.001708984, 70.0541610718, 85.9238433838, 85.1066665649, 83.9528961182, 78.9329681396, 30.0534706116, 19.673210144, 6.31706762314, 0.555748164654, 0.0223320871592, 0.000599580816925, 4.81236213545e-07, 6.51484255432e-10],
        "max": [2.42611098289, 17.7481479645, 28.5341396332, 35.293762207, 35.4246482849, 48.0612831116, 29.4990749359, 113.728507996, 601.449768066, 780.889648438, 1022.84942627, 1440.77807617, 1940.50244141, 2006.99475098, 499.901763916, 876.875610352, 660.520996094, 803.795593262, 802.526062012, 555.300720215, 353.948577881, 314.911071777, 186.363555908, 96.6027069092, 147.833343506, 198.236251831, 102.527534485, 129.337677002, 115.871002197, 116.293479919, 113.850715637, 127.336921692, 71.9931945801, 41.0297203064, 24.9633560181, 9.86057472229, 1.92570638657, 0.251988053322, 0.00769020337611, 0.000272745266557],
        "mean": [0.67427778244, 3.09324884415, 4.96493625641, 6.0332403183, 4.86849308014, 3.91277050972, 1.74557697773, 4.89965629578, 28.5413970947, 48.5961341858, 62.4879760742, 122.097595215, 91.146736145, 22.9902877808, 18.4974117279, 11.267906189, 14.9841918945, 22.1426563263, 37.7865447998, 31.6571807861, 17.4884414673, 17.2971839905, 16.8837013245, 6.46116495132, 7.42400932312, 6.53602170944, 2.86966657639, 2.7136285305, 6.19002580643, 6.26306247711, 4.85276126862, 5.20562458038, 2.43258023262, 1.58559691906, 0.765746355057, 0.306093066931, 0.0595530755818, 0.00707624992356, 0.000190430888324, 5.72907410969e-05],
        "median": [0.573980987072, 2.5160651207, 3.94661068916, 4.4825053215, 3.31201839447, 2.37772607803, 1.11106860638, 0.810576856136, 0.791258275509, 1.26873648167, 27.4993534088, 104.405006409, 16.6963443756, 4.55592775345, 1.50510263443, 0.848726630211, 1.01064777374, 1.24256062508, 1.45250046253, 0.922028839588, 0.446053355932, 0.216159000993, 0.0367423333228, 0.0055061201565, 0.00146431196481, 0.000639581179712, 0.000496051099617, 0.000434503890574, 0.000352581933839, 0.000224249830353, 0.000165116158314, 0.000131530046929, 8.6498206656e-05, 6.02643194725e-05, 5.73912111577e-05, 3.79605553462e-05, 1.67233683896e-05, 3.09045981339e-06, 2.04847892746e-05, 4.58238428109e-05],
        "min": [3.00062533897e-21, 1.34511426011e-20, 6.51741614615e-20, 1.17402610294e-19, 2.15992807014e-19, 1.93772318842e-19, 1.10780667599e-19, 1.92713799077e-19, 1.45576433657e-19, 2.48052337153e-19, 6.6547145569e-19, 9.92278935181e-19, 2.19737076246e-18, 2.37458242137e-18, 3.38808877563e-18, 3.95447960697e-18, 8.00658720573e-18, 7.98065426634e-18, 4.83236969979e-18, 1.00439975745e-17, 1.25457672869e-17, 7.66236343844e-18, 7.24799310084e-18, 8.31719931601e-18, 1.34946873789e-17, 1.56004079771e-17, 1.60283763368e-17, 1.72952183341e-17, 1.67445393849e-17, 1.86490731145e-17, 1.78193613293e-17, 2.01964054401e-17, 1.11700575676e-17, 9.0431321944e-18, 8.65531849037e-18, 8.32311117584e-18, 3.80993723955e-18, 1.27030912491e-18, 4.63961934967e-19, 4.26746290802e-20],
        "stdev": [0.452827364206, 2.33413076401, 3.61353135109, 5.12599229813, 4.80680418015, 4.54902458191, 2.11873841286, 12.2580213547, 68.0320053101, 115.426933289, 124.33026123, 116.924186707, 156.326965332, 103.792480469, 48.3083343506, 44.4064292908, 51.4904136658, 64.0790710449, 89.6797790527, 68.0896072388, 35.8427085876, 33.5632247925, 30.307641983, 12.3511533737, 18.1075954437, 16.6142024994, 8.03420066833, 8.1426897049, 14.0222177505, 13.4997339249, 11.1684293747, 12.1066884995, 6.12411594391, 4.03662919998, 2.28238105774, 0.800452828407, 0.137084230781, 0.0165269058198, 0.00041505540139, 3.40210644936e-05],
        "var": [0.205052629113, 5.44816589355, 13.0576086044, 26.2757968903, 23.1053657532, 20.6936244965, 4.48905229568, 150.259094238, 4628.35351562, 13323.3769531, 15458.0136719, 13671.265625, 24438.1210938, 10772.8789062, 2333.6953125, 1971.93103027, 2651.26269531, 4106.12744141, 8042.46337891, 4636.19433594, 1284.69970703, 1126.48999023, 918.553161621, 152.550979614, 327.885009766, 276.031738281, 64.5483779907, 66.3033981323, 196.622589111, 182.242828369, 124.733810425, 146.571899414, 37.5047950745, 16.2943763733, 5.20926332474, 0.640724718571, 0.0187920853496, 0.000273138604825, 1.72270986809e-07, 1.15743292728e-09]
    },
    "gfcc": {
        "mean": [-121.459541321, 179.84992981, -66.721496582, -16.4574127197, -18.8837528229, 31.2464408875, -21.3434810638, 19.4082736969, 9.02355575562, -6.53946495056, -28.1632709503, -16.7272033691, -3.83731508255],
        "cov": [[30241.3652344, -12272.5742188, -4352.81689453, 5872.69677734, -5189.33789062, -327.949462891, -2256.53027344, 2842.92773438, -879.371398926, 1636.08764648, 466.768341064, 1283.91955566, -2176.98510742], [-12272.5742188, 9705.81933594, 2290.37280273, -4235.21582031, 3514.70239258, 213.280700684, 1381.04150391, -1799.09655762, 807.431762695, -1154.49316406, -294.754455566, -953.253112793, 1400.0324707], [-4352.81689453, 2290.37280273, 1338.19592285, -1034.2623291, 650.212036133, 33.8861427307, 332.493652344, -335.46105957, 181.801528931, -251.190673828, -65.1993103027, -341.920593262, 345.994354248], [5872.69677734, -4235.21582031, -1034.2623291, 2100.72021484, -1567.91357422, -193.034988403, -642.612182617, 766.524108887, -307.044525146, 511.248901367, 93.9020385742, 370.905548096, -612.554077148], [-5189.33789062, 3514.70239258, 650.212036133, -1567.91357422, 1590.00488281, 153.232055664, 532.760864258, -766.18737793, 270.725128174, -414.43536377, -103.077728271, -273.407867432, 565.885375977], [-327.949462891, 213.280700684, 33.8861427307, -193.034988403, 153.232055664, 242.171035767, 119.646850586, -75.6929092407, -53.6711921692, -70.2785415649, 28.0198364258, 15.2332515717, 60.6612854004], [-2256.53027344, 1381.04150391, 332.493652344, -642.612182617, 532.760864258, 119.646850586, 480.025543213, -270.260528564, 81.8282318115, -225.003601074, -112.276885986, -115.838661194, 273.864807129], [2842.92773438, -1799.09655762, -335.46105957, 766.524108887, -766.18737793, -75.6929092407, -270.260528564, 520.382263184, -102.716430664, 223.087387085, 71.5411300659, 143.729507446, -284.929382324], [-879.371398926, 807.431762695, 181.801528931, -307.044525146, 270.725128174, -53.6711921692, 81.8282318115, -102.716430664, 309.691314697, -15.8619346619, -97.0833206177, -156.390975952, 72.6388626099], [1636.08764648, -1154.49316406, -251.190673828, 511.248901367, -414.43536377, -70.2785415649, -225.003601074, 223.087387085, -15.8619346619, 274.683624268, 61.8028259277, 75.9667816162, -218.11769104], [466.768341064, -294.754455566, -65.1993103027, 93.9020385742, -103.077728271, 28.0198364258, -112.276885986, 71.5411300659, -97.0833206177, 61.8028259277, 173.238479614, 89.2512588501, -67.2709579468], [1283.91955566, -953.253112793, -341.920593262, 370.905548096, -273.407867432, 15.2332515717, -115.838661194, 143.729507446, -156.390975952, 75.9667816162, 89.2512588501, 240.91960144, -91.5032501221], [-2176.98510742, 1400.0324707, 345.994354248, -612.554077148, 565.885375977, 60.6612854004, 273.864807129, -284.929382324, 72.6388626099, -218.11769104, -67.2709579468, -91.5032501221, 314.394836426]],
        "icov": [[0.000296756188618, -0.0011026293505, 0.000697962997947, -0.000890917144716, 0.000931571354158, -0.00106307980604, 0.000605214154348, -0.00120431813411, 0.000547637289856, -0.00109552021604, 0.00105102779344, -0.000975136121269, 0.000425263307989], [-0.0011026293505, 0.00742918113247, -0.00274226930924, 0.00622098287567, -0.00476334057748, 0.00614819815382, -0.00289363227785, 0.00642061885446, -0.0039732628502, 0.00720885861665, -0.00697262492031, 0.00725848274305, -0.00331257795915], [0.000697962997947, -0.00274226930924, 0.00354216713458, -0.00143677648157, 0.0031953274738, -0.00237459107302, 0.001412162208, -0.00290435901843, 0.00162522040773, -0.00308246840723, 0.0016405635979, -0.000104094135168, -0.00100170727819], [-0.000890917144716, 0.00622098287567, -0.00143677648157, 0.00827375706285, -0.0021025268361, 0.00549933640286, -0.00160215550568, 0.00517269270495, -0.00237007369287, 0.00422515207902, -0.00426056003198, 0.00548828206956, -0.00319887232035], [0.000931571354158, -0.00476334057748, 0.0031953274738, -0.0021025268361, 0.00864102132618, -0.00453995075077, 0.00224953773431, -0.00119176774751, 0.0010751306545, -0.00520212901756, 0.00318340864033, -0.0037276961375, -0.00192882912233], [-0.00106307980604, 0.00614819815382, -0.00237459107302, 0.00549933640286, -0.00453995075077, 0.0109793189913, -0.0043371017091, 0.0055274721235, -0.00202279095538, 0.0063482937403, -0.00702086091042, 0.00561721576378, -0.00156700168736], [0.000605214154348, -0.00289363227785, 0.001412162208, -0.00160215550568, 0.00224953773431, -0.0043371017091, 0.00689783506095, -0.00310989120044, 0.00175610836595, -0.00253059528768, 0.00541684450582, -0.00282985973172, -0.00146446481813], [-0.00120431813411, 0.00642061885446, -0.00290435901843, 0.00517269270495, -0.00119176774751, 0.0055274721235, -0.00310989120044, 0.0131929302588, -0.00481114629656, 0.00604854384437, -0.00745145790279, 0.00540173845366, -0.00262659345753], [0.000547637289856, -0.0039732628502, 0.00162522040773, -0.00237007369287, 0.0010751306545, -0.00202279095538, 0.00175610836595, -0.00481114629656, 0.00910825375468, -0.00667080329731, 0.00668526999652, -0.0013408116065, 0.00195204699412], [-0.00109552021604, 0.00720885861665, -0.00308246840723, 0.00422515207902, -0.00520212901756, 0.0063482937403, -0.00253059528768, 0.00604854384437, -0.00667080329731, 0.0176151022315, -0.00928740855306, 0.00644410215318, 0.00141177105252], [0.00105102779344, -0.00697262492031, 0.0016405635979, -0.00426056003198, 0.00318340864033, -0.00702086091042, 0.00541684450582, -0.00745145790279, 0.00668526999652, -0.00928740855306, 0.0182042811066, -0.0107100931928, 0.00516422092915], [-0.000975136121269, 0.00725848274305, -0.000104094135168, 0.00548828206956, -0.0037276961375, 0.00561721576378, -0.00282985973172, 0.00540173845366, -0.0013408116065, 0.00644410215318, -0.0107100931928, 0.0185597650707, -0.00739038921893], [0.000425263307989, -0.00331257795915, -0.00100170727819, -0.00319887232035, -0.00192882912233, -0.00156700168736, -0.00146446481813, -0.00262659345753, 0.00195204699412, 0.00141177105252, 0.00516422092915, -0.00739038921893, 0.0178982932121]]
    },
    "melbands": {
        "dmean": [0.000734524510335, 0.000556845276151, 0.000205011208891, 0.000134489455377, 3.68225773855e-05, 4.87034521939e-05, 0.000249524717219, 0.000239201588556, 0.000244601920713, 0.000234810417169, 0.000156935042469, 4.42107702838e-05, 4.22686207457e-05, 1.86955821846e-05, 1.93132018467e-05, 2.74850735877e-05, 2.81002739939e-05, 4.09242093156e-05, 2.78895531665e-05, 1.53103392222e-05, 8.72813234309e-06, 7.92692935647e-06, 7.55348537496e-06, 4.72448800792e-06, 1.76313585598e-06, 2.03978970603e-06, 3.23624749399e-06, 2.07000653063e-06, 1.06893173779e-06, 1.02854221495e-06, 8.78486616784e-07, 1.22385188206e-06, 2.36277514887e-06, 1.32218724502e-06, 1.38926452564e-06, 1.65703909261e-06, 1.50871494498e-06, 1.04860794181e-06, 6.56398071897e-07, 9.93114895209e-07],
        "dmean2": [0.000931204878725, 0.000822162895929, 0.000276791892247, 0.000206583747058, 5.80212545174e-05, 7.24568599253e-05, 0.000382463593269, 0.000382207392249, 0.000350201793481, 0.000341238104738, 0.000215099964407, 5.80429841648e-05, 6.03215412411e-05, 2.71576573141e-05, 3.09003007715e-05, 4.3255789933e-05, 4.3687341531e-05, 6.589278928e-05, 4.13216112065e-05, 2.17453707592e-05, 1.26960694615e-05, 1.15774691949e-05, 1.07042606032e-05, 6.50799211144e-06, 2.45038449975e-06, 2.83902613774e-06, 4.9051732276e-06, 3.12835368277e-06, 1.6370852336e-06, 1.60622425938e-06, 1.32884304094e-06, 1.77962635917e-06, 3.32722493113e-06, 1.79352332452e-06, 2.11062092603e-06, 2.30629666476e-06, 2.22800144911e-06, 1.56689031883e-06, 1.01662942598e-06, 1.56146290919e-06],
        "dvar": [1.11539759473e-06, 6.94510617905e-07, 6.68291164629e-08, 4.87733444743e-08, 7.40110905895e-09, 2.99565066086e-08, 5.70613167383e-07, 4.95743734064e-07, 2.99449055774e-07, 2.00251335514e-07, 1.98981453536e-07, 5.10984357049e-08, 1.53917696366e-08, 8.54744452994e-09, 3.9923886419e-09, 7.71204433647e-09, 6.36635100193e-09, 1.34833930687e-08, 4.14968370777e-09, 1.45491596548e-09, 5.12102749095e-10, 4.87501039537e-10, 2.93221169567e-10, 1.166237662e-10, 1.81607836408e-11, 3.99696421793e-11, 7.47786138566e-11, 4.73656877609e-11, 2.41486084601e-11, 1.77807924634e-11, 1.30278669797e-11, 1.37718543167e-11, 4.02631920859e-11, 1.08599657045e-11, 1.5950660931e-11, 1.98911598998e-11, 2.02646146391e-11, 9.20996091891e-12, 4.25538814255e-12, 9.15400741319e-12],
        "dvar2": [2.81791631096e-06, 1.83940244369e-06, 1.68145248836e-07, 1.41826589584e-07, 2.04708587859e-08, 6.49805826924e-08, 1.3590592971e-06, 1.16984540455e-06, 5.65379423279e-07, 4.47863129693e-07, 4.35704237134e-07, 5.22822851678e-08, 2.48088625199e-08, 2.11594990418e-08, 9.76572955835e-09, 1.5592336311e-08, 1.39059368465e-08, 3.39451027287e-08, 7.50754569623e-09, 2.8950737363e-09, 1.13743880981e-09, 1.0489373814e-09, 6.12629502683e-10, 2.07719813572e-10, 3.61843714713e-11, 6.99508020952e-11, 1.56995749734e-10, 1.14000114904e-10, 6.48214398824e-11, 3.97537523733e-11, 2.83400074241e-11, 2.95996213651e-11, 7.39615105272e-11, 2.09060668083e-11, 3.46954999453e-11, 3.57088490721e-11, 4.16238085665e-11, 1.90841804165e-11, 9.87511808437e-12, 2.15624740285e-11],
        "max": [0.0182902608067, 0.0130142932758, 0.00487246317789, 0.00244202720933, 0.00123628496658, 0.00308388425037, 0.0105664338917, 0.00752543937415, 0.00777432369068, 0.00928922649473, 0.00941296946257, 0.00875745154917, 0.00214558723383, 0.00227132998407, 0.00087555940263, 0.00136671366636, 0.00132933887653, 0.00161488109734, 0.00130547443405, 0.000642668979708, 0.000392198882764, 0.000474699103506, 0.000231851256103, 0.000138588162372, 8.1713347754e-05, 0.000126983213704, 0.000163153614267, 0.000122320750961, 9.69645770965e-05, 8.40273496578e-05, 8.60059299157e-05, 8.19154520286e-05, 0.000106879269879, 5.09758792759e-05, 7.61921255616e-05, 7.84470030339e-05, 9.63908678386e-05, 6.08125774306e-05, 3.9235001168e-05, 4.0996066673e-05],
        "mean": [0.00540053285658, 0.00298899970949, 0.00101236719638, 0.000317824742524, 7.85583688412e-05, 0.000116591108963, 0.000465678458568, 0.000503937364556, 0.000624976237305, 0.000741460477002, 0.000434484129073, 8.04582450655e-05, 7.73358988226e-05, 2.59756561718e-05, 2.60866581812e-05, 3.64150910173e-05, 3.91294743167e-05, 5.42040579603e-05, 5.47357230971e-05, 2.92342610919e-05, 1.84167492989e-05, 1.76462417585e-05, 1.85698099813e-05, 1.19799597087e-05, 4.23613437306e-06, 4.18661920776e-06, 6.67392441756e-06, 3.58343118023e-06, 1.74986348611e-06, 1.65049482348e-06, 1.43427166677e-06, 2.62933781414e-06, 5.39328129889e-06, 2.71012027042e-06, 2.57707665696e-06, 3.43386045643e-06, 2.96994244309e-06, 1.81558630175e-06, 1.08590893433e-06, 1.49766560753e-06],
        "median": [0.00494053168222, 0.00277478131466, 0.000792658072896, 0.000214799059904, 4.58985850855e-05, 1.4618066416e-05, 1.20587737911e-05, 8.11366953712e-06, 0.000365414802218, 0.000660514982883, 4.60867922811e-05, 7.4913446042e-06, 4.80712014905e-06, 1.47571199705e-06, 1.51817232563e-06, 1.86468889751e-06, 2.04692901207e-06, 1.99319060812e-06, 1.65769154137e-06, 7.43942621284e-07, 4.41271055251e-07, 2.03927569942e-07, 5.60917392534e-08, 1.04566799664e-08, 2.99812930038e-09, 1.05264108541e-09, 4.79399742126e-10, 3.56493862208e-10, 2.93240404181e-10, 2.66694250017e-10, 2.5257443359e-10, 1.98203412016e-10, 1.44822723258e-10, 1.05238304182e-10, 7.85494932987e-11, 6.93258853102e-11, 6.70227970345e-11, 4.70010037834e-11, 3.71724630244e-11, 3.28610021139e-11],
        "min": [2.7962294968e-23, 2.77396973533e-23, 2.63124097397e-23, 1.29352725404e-23, 5.87922058228e-24, 3.73922672316e-24, 2.27745878831e-24, 3.06546535717e-24, 4.95722480538e-24, 7.8166215503e-24, 1.08264808911e-23, 8.60258575828e-24, 9.2958264666e-24, 1.73640307479e-23, 6.94157049144e-24, 2.5172657193e-23, 1.30050023224e-23, 7.39425122215e-24, 8.15045486362e-24, 1.61261044615e-23, 1.38404162763e-23, 8.21529449686e-24, 5.9681938372e-24, 6.58726426548e-24, 6.57482866217e-24, 8.15891776341e-24, 9.95038853587e-24, 1.02948438613e-23, 1.14407850218e-23, 7.28079014702e-24, 1.11370025758e-23, 9.41244298536e-24, 9.08225736487e-24, 1.16367554256e-23, 9.93550746375e-24, 1.11902380652e-23, 1.22360104568e-23, 7.91753579274e-24, 7.3157209079e-24, 7.17094521027e-24],
        "stdev": [0.00335336429998, 0.00160754821263, 0.000778171175625, 0.000326574459905, 9.65637664194e-05, 0.000315445882734, 0.00106056162622, 0.00116371118929, 0.00101184379309, 0.000706998747773, 0.000783297116868, 0.00045594520634, 0.000215568754356, 0.000106253020931, 8.52972880239e-05, 0.000129665422719, 0.000119597760204, 0.00013832213881, 0.000134698100737, 6.8775996624e-05, 3.93717382394e-05, 3.92385336454e-05, 3.41454651789e-05, 2.29922861763e-05, 9.17449597182e-06, 1.10957835204e-05, 1.77615856956e-05, 9.88305964711e-06, 5.30173610969e-06, 5.60257876714e-06, 4.57879377791e-06, 6.36663344267e-06, 1.26747172544e-05, 5.89323735767e-06, 6.22740617473e-06, 8.0902591435e-06, 7.56091958465e-06, 4.84626343678e-06, 2.88089563583e-06, 3.98143174607e-06],
        "var": [1.12450525194e-05, 2.58421118815e-06, 6.0555038317e-07, 1.06650873022e-07, 9.32456067915e-09, 9.95060958076e-08, 1.1247909697e-06, 1.35422374115e-06, 1.02382796285e-06, 4.99847260471e-07, 6.13554391293e-07, 2.07886031944e-07, 4.64698857172e-08, 1.12897051707e-08, 7.2756276559e-09, 1.68131215617e-08, 1.43036249511e-08, 1.91330133958e-08, 1.81435773072e-08, 4.73013761493e-09, 1.5501337991e-09, 1.5396625086e-09, 1.16591281074e-09, 5.28645238695e-10, 8.41713712618e-11, 1.23116419837e-10, 3.15473952517e-10, 9.76748612547e-11, 2.81084062276e-11, 3.13888880166e-11, 2.09653509831e-11, 4.05340240539e-11, 1.60648466752e-10, 3.47302464565e-11, 3.87805898505e-11, 6.54522963606e-11, 5.716750337e-11, 2.34862702203e-11, 8.29955982412e-12, 1.58517973053e-11]
    },
    "melbands128": {
