{
"lowlevel": {
    "average_loudness": 0.941546201706,
    "barkbands_crest": {
        "dmean": 2.20335769653,
        "dmean2": 3.30992364883,
        "dvar": 5.66734743118,
        "dvar2": 11.0826911926,
        "max": 24.7167453766,
        "mean": 12.0552740097,
        "median": 11.0965881348,
        "min": 2.9769411087,
        "stdev": 4.23955583572,
        "var": 17.9738330841
    },
    "barkbands_flatness_db": {
        "dmean": 0.0413070805371,
        "dmean2": 0.0534987263381,
        "dvar": 0.00170938798692,
        "dvar2": 0.00293009798042,
        "max": 0.409882187843,
        "mean": 0.203916624188,
        "median": 0.202150195837,
        "min": 0.0197150707245,
        "stdev": 0.074902780354,
        "var": 0.00561042642221
    },
    "barkbands_kurtosis": {
        "dmean": 4.45470428467,
        "dmean2": 7.00436210632,
        "dvar": 54.5404930115,
        "dvar2": 134.299667358,
        "max": 83.8852462769,
        "mean": 7.52335214615,
        "median": 4.82565975189,
        "min": -1.50628435612,
        "stdev": 9.32551193237,
        "var": 86.9651641846
    },
    "barkbands_skewness": {
        "dmean": 0.610236525536,
        "dmean2": 0.920814633369,
        "dvar": 0.40472176671,
        "dvar2": 0.9093323946,
        "max": 8.05742645264,
        "mean": 2.12969636917,
        "median": 1.92854893208,
        "min": -1.78057217598,
        "stdev": 1.13150370121,
        "var": 1.28030061722
    },
    "barkbands_spread": {
        "dmean": 5.23072719574,
        "dmean2": 7.87870311737,
        "dvar": 76.0392150879,
        "dvar2": 156.274612427,
        "max": 73.0788040161,
        "mean": 12.5956916809,
        "median": 8.75790596008,
        "min": 1.66849136353,
        "stdev": 11.4385042191,
        "var": 130.839385986
    },
    "dissonance": {
        "dmean": 0.0304165668786,
        "dmean2": 0.0487850420177,
        "dvar": 0.0010122806998,
        "dvar2": 0.0025513949804,
        "max": 0.499991476536,
        "mean": 0.441609978676,
        "median": 0.44910889864,
        "min": 6.22464585831e-06,
        "stdev": 0.0413805022836,
        "var": 0.00171234598383
    },
    "dynamic_complexity": 2.64044189453,
    "erbbands_crest": {
        "dmean": 2.7864382267,
        "dmean2": 4.46706724167,
        "dvar": 6.56227874756,
        "dvar2": 15.3887081146,
        "max": 26.2973842621,
        "mean": 10.5244340897,
        "median": 9.72139358521,
        "min": 2.7414226532,
        "stdev": 4.76573419571,
        "var": 22.712223053
    },
    "erbbands_flatness_db": {
        "dmean": 0.0345262400806,
        "dmean2": 0.0454080440104,
        "dvar": 0.00124311295804,
        "dvar2": 0.00205166195519,
        "max": 0.402859300375,
        "mean": 0.191356778145,
        "median": 0.191192686558,
        "min": 0.0529209598899,
        "stdev": 0.0733475536108,
        "var": 0.00537986401469
    },
    "erbbands_kurtosis": {
        "dmean": 1.50063478947,
        "dmean2": 2.40377879143,
        "dvar": 2.75988864899,
        "dvar2": 6.60509681702,
        "max": 22.09034729,
        "mean": 2.09730648994,
        "median": 1.42034935951,
        "min": -1.57065272331,
        "stdev": 2.68996238708,
        "var": 7.23589801788
    },
    "erbbands_skewness": {
        "dmean": 0.432692617178,
        "dmean2": 0.667004704475,
        "dvar": 0.141322225332,
        "dvar2": 0.320470750332,
        "max": 4.36483049393,
        "mean": 0.851884663105,
        "median": 0.807457029819,
        "min": -1.13445746899,
        "stdev": 0.720204889774,
        "var": 0.518695116043
    },
    "erbbands_spread": {
        "dmean": 9.18941688538,
        "dmean2": 13.9794740677,
        "dvar": 136.916168213,
        "dvar2": 272.147033691,
        "max": 104.161621094,
        "mean": 25.5565109253,
        "median": 20.5175819397,
        "min": 4.40578126907,
        "stdev": 15.911236763,
        "var": 253.167449951
    },
    "hfc": {
        "dmean": 9.22824001312,
        "dmean2": 14.7319126129,
        "dvar": 331.512329102,
        "dvar2": 735.951538086,
        "max": 137.557632446,
        "mean": 17.6188049316,
        "median": 11.1029529572,
        "min": 1.1745636473e-16,
        "stdev": 20.9246025085,
        "var": 437.839019775
    },
    "loudness_ebu128": {
        "integrated": -9.28160095215,
        "loudness_range": 5.45451450348,
        "momentary": {
            "dmean": 0.556302189827,
            "dmean2": 0.70185983181,
            "dvar": 0.389592498541,
            "dvar2": 0.385451465845,
            "max": -6.81764411926,
            "mean": -10.2743062973,
            "median": -8.82695579529,
            "min": -24.341999054,
            "stdev": 3.35622477531,
            "var": 11.2642440796
        },
        "short_term": {
            "dmean": 0.0850093066692,
            "dmean2": 0.0869296863675,
            "dvar": 0.00775654288009,
            "dvar2": 0.00567817362025,
            "max": -7.79893016815,
            "mean": -9.57656288147,
            "median": -8.41400432587,
            "min": -13.9968652725,
            "stdev": 2.05713820457,
            "var": 4.23181772232
        }
    },
    "melbands_crest": {
        "dmean": 3.08815979958,
        "dmean2": 5.01412010193,
        "dvar": 8.29211807251,
        "dvar2": 21.3728904724,
        "max": 34.4451980591,
        "mean": 20.0418796539,
        "median": 20.4143028259,
        "min": 1.82474672794,
        "stdev": 5.78025388718,
        "var": 33.4113349915
    },
    "melbands_flatness_db": {
        "dmean": 0.0447635836899,
        "dmean2": 0.0583085678518,
        "dvar": 0.00223878445104,
        "dvar2": 0.00378858787008,
        "max": 0.50740647316,
        "mean": 0.287889689207,
        "median": 0.27872890234,
        "min": 0.00612898636609,
        "stdev": 0.0876496359706,
        "var": 0.00768245896325
    },
    "melbands_kurtosis": {
        "dmean": 7.85184288025,
        "dmean2": 12.1843099594,
        "dvar": 163.960906982,
        "dvar2": 380.966461182,
        "max": 151.991699219,
        "mean": 13.9665784836,
        "median": 9.3045501709,
        "min": -1.18893516064,
        "stdev": 16.4331817627,
        "var": 270.049468994
    },
    "melbands_skewness": {
        "dmean": 0.712539494038,
        "dmean2": 1.0757137537,
        "dvar": 0.527828276157,
        "dvar2": 1.15266299248,
        "max": 8.96111392975,
        "mean": 2.72383832932,
        "median": 2.49566245079,
        "min": -0.127981245518,
        "stdev": 1.3372220993,
        "var": 1.7881629467
    },
    "melbands_spread": {
        "dmean": 4.22225236893,
        "dmean2": 6.4482665062,
        "dvar": 49.3921813965,
        "dvar2": 103.343421936,
        "max": 122.089584351,
        "mean": 12.1269979477,
        "median": 9.09024620056,
        "min": 1.61160206795,
        "stdev": 10.3876781464,
        "var": 107.903862
    },
    "pitch_salience": {
        "dmean": 0.0681349858642,
        "dmean2": 0.108101032674,
        "dvar": 0.00535540282726,
        "dvar2": 0.0135113652796,
        "max": 0.942008554935,
        "mean": 0.482989251614,
        "median": 0.477839887142,
        "min": 0.124567352235,
        "stdev": 0.118193246424,
        "var": 0.0139696439728
    },
    "silence_rate_20dB": {
        "dmean": 0,
        "dmean2": 0,
        "dvar": 0,
        "dvar2": 0,
        "max": 1,
        "mean": 1,
        "median": 1,
        "min": 1,
        "stdev": 0,
        "var": 0
    },
    "silence_rate_30dB": {
        "dmean": 0.040216550231,
        "dmean2": 0.0804953575134,
        "dvar": 0.0385992415249,
        "dvar2": 0.0740154162049,
        "max": 1,
        "mean": 0.920401871204,
        "median": 1,
        "min": 0,
        "stdev": 0.270667731762,
        "var": 0.0732610225677
    },
    "silence_rate_60dB": {
        "dmean": 0.0116009283811,
        "dmean2": 0.0232198145241,
        "dvar": 0.0114662405103,
        "dvar2": 0.025776417926,
        "max": 1,
        "mean": 0.0525502301753,
        "median": 0,
        "min": 0,
        "stdev": 0.223134383559,
        "var": 0.0497889555991
    },
    "spectral_centroid": {
        "dmean": 230.289871216,
        "dmean2": 348.321533203,
        "dvar": 190988.171875,
        "dvar2": 317857,
        "max": 11420.3173828,
        "mean": 797.688049316,
        "median": 647.957275391,
        "min": 276.066589355,
        "stdev": 575.476074219,
        "var": 331172.6875
    },
    "spectral_complexity": {
        "dmean": 3.8600153923,
        "dmean2": 5.86377716064,
        "dvar": 39.6748428345,
        "dvar2": 66.4259719849,
        "max": 62,
        "mean": 15.5780525208,
        "median": 14,
        "min": 0,
        "stdev": 9.2626543045,
        "var": 85.7967605591
    },
    "spectral_decrease": {
        "dmean": 2.8524722584e-09,
        "dmean2": 4.3208703282e-09,
        "dvar": 2.51221534913e-17,
        "dvar2": 5.07708868519e-17,
        "max": -1.22821379415e-28,
        "mean": -1.28706796332e-08,
        "median": -1.32981616829e-08,
        "min": -5.26858379146e-08,
        "stdev": 9.88085258058e-09,
        "var": 9.76312541969e-17
    },
    "spectral_energy": {
        "dmean": 0.0113549334928,
        "dmean2": 0.017142707482,
        "dvar": 0.000378779717721,
        "dvar2": 0.00077406631317,
        "max": 0.203641831875,
        "mean": 0.0501749664545,
        "median": 0.0514460355043,
        "min": 1.11171806091e-20,
        "stdev": 0.0381818450987,
        "var": 0.00145785324275
    },
    "spectral_energyband_high": {
        "dmean": 0.000712348730303,
        "dmean2": 0.00117090763524,
        "dvar": 2.7631751891e-06,
        "dvar2": 6.08278787695e-06,
        "max": 0.0131221096963,
        "mean": 0.000676296069287,
        "median": 0.000106415784103,
        "min": 7.8513544207e-21,
        "stdev": 0.00170609098859,
        "var": 2.91074638881e-06
    },
    "spectral_energyband_low": {
        "dmean": 0.00836145319045,
        "dmean2": 0.0132249901071,
        "dvar": 0.000327630201355,
        "dvar2": 0.000666107982397,
        "max": 0.173140332103,
        "mean": 0.0314337909222,
        "median": 0.031628202647,
        "min": 4.8518394571e-23,
        "stdev": 0.031684499234,
        "var": 0.00100390752777
    },
    "spectral_energyband_middle_high": {
        "dmean": 0.00159090501256,
        "dmean2": 0.00241099670529,
        "dvar": 8.02477552497e-06,
        "dvar2": 1.67322723428e-05,
        "max": 0.0256959889084,
        "mean": 0.003366290126,
        "median": 0.00174587685615,
        "min": 1.93149843621e-21,
        "stdev": 0.00416010897607,
        "var": 1.73065054696e-05
    },
    "spectral_energyband_middle_low": {
        "dmean": 0.00598498340696,
        "dmean2": 0.0100576430559,
        "dvar": 0.000206309909117,
        "dvar2": 0.000597522885073,
        "max": 0.128748565912,
        "mean": 0.0152807766572,
        "median": 0.0131797809154,
        "min": 3.31888424085e-22,
        "stdev": 0.0131664415821,
        "var": 0.000173355190782
    },
    "spectral_entropy": {
        "dmean": 0.327842354774,
        "dmean2": 0.444791465998,
        "dvar": 0.125511869788,
        "dvar2": 0.210075095296,
        "max": 9.7867641449,
        "mean": 7.14566421509,
        "median": 7.13104343414,
        "min": 5.58518695831,
        "stdev": 0.60889339447,
        "var": 0.370751172304
    },
    "spectral_flux": {
        "dmean": 0.0316419377923,
        "dmean2": 0.0492433831096,
        "dvar": 0.00225390843116,
        "dvar2": 0.0043102777563,
        "max": 0.43807721138,
        "mean": 0.0887156054378,
        "median": 0.0748920142651,
        "min": 1.05438040243e-10,
        "stdev": 0.0699599385262,
        "var": 0.00489439256489
    },
    "spectral_kurtosis": {
        "dmean": 6.10569047928,
        "dmean2": 9.51979923248,
        "dvar": 104.477233887,
        "dvar2": 256.527923584,
        "max": 114.90461731,
        "mean": 11.4034519196,
        "median": 6.43826723099,
        "min": -1.21988594532,
        "stdev": 14.5260810852,
        "var": 211.007034302
    },
    "spectral_rms": {
        "dmean": 0.000718212628271,
        "dmean2": 0.00107765535358,
        "dvar": 9.41830307966e-07,
        "dvar2": 1.85336705272e-06,
        "max": 0.0140952104703,
        "mean": 0.00640501547605,
        "median": 0.00708457827568,
        "min": 3.29333110262e-12,
        "stdev": 0.00281549221836,
        "var": 7.92699665908e-06
    },
    "spectral_rolloff": {
        "dmean": 271.820373535,
        "dmean2": 451.646728516,
        "dvar": 473828,
        "dvar2": 945642.6875,
        "max": 18324.7558594,
        "mean": 714.655944824,
        "median": 624.462890625,
        "min": 64.599609375,
        "stdev": 843.18371582,
        "var": 710958.8125
    },
    "spectral_skewness": {
        "dmean": 0.556900799274,
        "dmean2": 0.835344552994,
        "dvar": 0.458606511354,
        "dvar2": 1.00966227055,
        "max": 8.52644824982,
        "mean": 2.39443540573,
        "median": 2.13198900223,
        "min": 0.00767157319933,
        "stdev": 1.06396651268,
        "var": 1.13202464581
    },
    "spectral_spread": {
        "dmean": 1155528.75,
        "dmean2": 1582100.75,
        "dvar": 2.25184632013e+12,
        "dvar2": 2.81846271181e+12,
        "max": 41187588,
        "mean": 4119484.75,
        "median": 3873593,
        "min": 583498.0625,
        "stdev": 2263392,
        "var": 5.12294335283e+12
    },
    "spectral_strongpeak": {
        "dmean": 0.212310761213,
        "dmean2": 0.349566578865,
        "dvar": 0.139498591423,
        "dvar2": 0.384817481041,
        "max": 4.67861509323,
        "mean": 0.527084350586,
        "median": 0.294711619616,
        "min": 0,
        "stdev": 0.590178310871,
        "var": 0.348310410976
    },
    "zerocrossingrate": {
        "dmean": 0.00976147130132,
        "dmean2": 0.0118714319542,
        "dvar": 0.000281000771793,
        "dvar2": 0.000359542638762,
        "max": 0.4853515625,
        "mean": 0.0308613367379,
        "median": 0.0263671875,
        "min": 0.00244140625,
        "stdev": 0.0239504165947,
        "var": 0.000573622412048
    },
    "barkbands": {
        "dmean": [0.00211866316386, 0.00745622767136, 0.00325810653158, 0.00208783778362, 0.00198413082398, 0.00116779864766, 0.000620767648797, 0.000966789550148, 0.00130487396382, 0.000536997744348, 0.000293587014312, 0.000338049110724, 0.000394343456719, 0.000208020908758, 0.000124747253722, 8.61910521053e-05, 0.000124421349028, 0.000152559325215, 0.000178976610187, 0.000128634710563, 0.000155163055751, 0.000116900700959, 0.000129044085043, 0.000119820135296, 9.26063366933e-05, 7.1690272307e-05, 1.00980196294e-05],
        "dmean2": [0.00360400532372, 0.0112227899954, 0.00574929406866, 0.00390413147397, 0.00329935480841, 0.00178255571518, 0.00101908075158, 0.00159776373766, 0.00191507674754, 0.000749387952965, 0.000470083235996, 0.000541300163604, 0.00062943220837, 0.000337036966812, 0.000202512266696, 0.00013817816216, 0.000209017016459, 0.000247505144216, 0.000294482073514, 0.000209624136914, 0.000260300002992, 0.000188870981219, 0.000210504847928, 0.000196825625608, 0.000149001498357, 0.000117234470963, 1.7605649191e-05],
        "dvar": [1.19851056297e-05, 0.000287806236884, 0.000110663488158, 6.09308008279e-05, 2.25714375119e-05, 3.31928777086e-06, 1.70126270405e-06, 2.7870021313e-06, 3.91018102164e-06, 1.30649198127e-06, 2.1804520145e-07, 3.25870786355e-07, 7.27608153284e-07, 2.4463517434e-07, 1.6531882352e-07, 5.05378494609e-08, 9.62929505022e-08, 2.42884567569e-07, 3.37178931886e-07, 1.31835861339e-07, 2.00609534318e-07, 8.84271287305e-08, 1.57920766242e-07, 7.59016103302e-08, 3.22977271594e-08, 1.94622540306e-08, 4.54330184585e-10],
        "dvar2": [3.19089849654e-05, 0.000529902696144, 0.000316366291372, 0.000179820068297, 6.23450541752e-05, 7.26207917978e-06, 4.38453980678e-06, 7.51560673962e-06, 7.53485755922e-06, 1.98889733838e-06, 5.3163762459e-07, 8.03713646746e-07, 1.65622964232e-06, 5.75449519147e-07, 3.8473370978e-07, 1.06973303104e-07, 2.4116823738e-07, 5.61134640975e-07, 8.15259454612e-07, 3.08974136942e-07, 4.94039056775e-07, 1.76864801915e-07, 3.96980311734e-07, 1.86884307141e-07, 7.69503500919e-08, 4.58968649752e-08, 1.18763288093e-09],
        "max": [0.0341880507767, 0.144402891397, 0.0841829255223, 0.0697742477059, 0.0446413345635, 0.0217155311257, 0.0245980489999, 0.0156348440796, 0.0194900929928, 0.0205531381071, 0.00567858107388, 0.00604224111885, 0.0113390414044, 0.00893987994641, 0.00812925025821, 0.00435934914276, 0.00298930727877, 0.0043953214772, 0.00520100677386, 0.0028564168606, 0.00377746089362, 0.00331365549937, 0.00428495137021, 0.00228760414757, 0.00130090676248, 0.000991262844764, 0.000132365603349],
        "mean": [0.0076685952954, 0.0199860204011, 0.00359423458576, 0.00222194264643, 0.00373688573018, 0.00274642091244, 0.000932044931687, 0.00167597190011, 0.00300484593026, 0.0012173660798, 0.000530232326128, 0.000539512431715, 0.000552832556423, 0.000327571469825, 0.000141191761941, 0.000101858386188, 0.000150111634866, 0.000142003744259, 0.000162076103152, 0.000125797319924, 0.000138717601658, 0.000125354054035, 0.000118514857604, 9.72531997832e-05, 7.63578427723e-05, 5.44753675058e-05, 6.80577068124e-06],
        "median": [0.00216263253242, 0.0176779218018, 0.00133201654535, 0.000723726232536, 0.00211501307786, 0.0016036228044, 0.000480189570226, 0.000704880338162, 0.00127621553838, 0.000453810323961, 0.000306640053168, 0.000275710044662, 0.000194919353817, 9.35623320402e-05, 4.13159432355e-05, 3.34248943545e-05, 4.72283281852e-05, 1.82838412002e-05, 1.92567549675e-05, 1.9168088329e-05, 1.6505980966e-05, 2.26575139095e-05, 1.57140639203e-05, 8.0394129327e-06, 6.25525626674e-06, 1.56983105626e-06, 1.57976920434e-08],
        "min": [5.38337614385e-23, 2.66010145019e-23, 4.19844158875e-24, 8.88755939371e-24, 3.48050038331e-23, 9.23378981392e-23, 6.84780743088e-23, 9.17542341549e-24, 3.73995042415e-23, 1.05285775099e-22, 6.43888087027e-23, 1.3731074475e-22, 4.91195318243e-23, 9.60092315486e-23, 1.54321652958e-22, 1.91703335254e-22, 2.39308818964e-22, 2.08246960126e-22, 4.85720819198e-22, 5.32221051983e-22, 4.29044457441e-22, 6.08836687224e-22, 5.80437240252e-22, 9.49279720913e-22, 1.24147783917e-21, 1.56334318592e-21, 2.44083671592e-21],
        "stdev": [0.00857936870307, 0.0261142253876, 0.00855752918869, 0.0060260342434, 0.00494042830542, 0.00348401837982, 0.00150213134475, 0.00238982029259, 0.00390666630119, 0.00264759175479, 0.000652551359963, 0.000723339733668, 0.00102740374859, 0.000759902759455, 0.000438842544099, 0.000244887894951, 0.000323278451106, 0.000485529337311, 0.000542764144484, 0.000362646853318, 0.000415476300986, 0.000337303208653, 0.000371262722183, 0.000256459170487, 0.000175597553607, 0.000132813307573, 1.8085083866e-05],
        "var": [7.36055662856e-05, 0.00068195280619, 7.32312983018e-05, 3.63130893675e-05, 2.44078310061e-05, 1.21383836813e-05, 2.25639860219e-06, 5.71124155613e-06, 1.52620432345e-05, 7.00974260326e-06, 4.2582325932e-07, 5.23220364812e-07, 1.05555841401e-06, 5.77452169637e-07, 1.92582774616e-07, 5.99700769044e-08, 1.04508956156e-07, 2.35738738752e-07, 2.94592894079e-07, 1.31512749135e-07, 1.72620545413e-07, 1.13773452881e-07, 1.37836011049e-07, 6.57713030705e-08, 3.08345029509e-08, 1.76393761819e-08, 3.2707028752e-10]
    },
    "erbbands": {
        "dmean": [0.315301448107, 1.58914744854, 3.6831035614, 5.42796802521, 7.56553840637, 6.33342647552, 8.80918216705, 7.7770318985, 8.48322963715, 8.22964668274, 30.6485366821, 26.711807251, 19.9247074127, 10.5400781631, 9.70098972321, 14.1039495468, 17.1234416962, 13.6062393188, 4.95233106613, 5.6547369957, 5.3791642189, 7.1285572052, 8.32295608521, 8.74419498444, 8.78820323944, 5.97093009949, 6.49016427994, 5.72948169708, 4.45042085648, 3.61486887932, 3.65621638298, 2.71265792847, 1.91342711449, 1.12102949619, 0.615535140038, 0.276682645082, 0.13588629663, 0.0359781458974, 0.00109633256216, 3.52515271516e-05],
        "dmean2": [0.523894429207, 2.07043600082, 6.19961118698, 9.97595500946, 13.8313264847, 10.1508436203, 13.213552475, 12.0262241364, 13.6182546616, 13.4829883575, 49.8179206848, 40.3773536682, 27.2468185425, 16.1662445068, 15.8118696213, 22.4777317047, 26.8454551697, 21.8862438202, 7.76425600052, 9.27222061157, 8.71805095673, 11.9244890213, 13.4519319534, 14.6977844238, 14.2099924088, 9.56961536407, 10.4419651031, 9.64692211151, 7.22845983505, 5.76639604568, 5.99181175232, 4.50121450424, 3.0976703167, 1.80133533478, 0.994447112083, 0.454504281282, 0.221291914582, 0.0605906024575, 0.00188500259537, 5.62020941288e-05],
        "dvar": [0.3075543046, 19.0663585663, 135.7003479, 391.72064209, 611.579589844, 157.637802124, 194.378631592, 171.206878662, 202.241668701, 345.030273438, 2636.14526367, 2033.28649902, 1597.72705078, 202.401229858, 401.766540527, 530.951293945, 1230.20947266, 746.996337891, 114.913673401, 289.927764893, 178.66104126, 315.643768311, 677.674377441, 914.723327637, 697.995483398, 283.431488037, 340.104797363, 248.67980957, 130.858062744, 85.2143630981, 123.364532471, 54.1029930115, 15.3209352493, 4.85479545593, 1.52082300186, 0.306545376778, 0.0694942176342, 0.00477391900495, 4.84391421196e-06, 3.21007664894e-09],
        "dvar2": [0.731794476509, 30.4576034546, 372.781494141, 1148.11523438, 1783.47509766, 416.366882324, 413.202301025, 394.596313477, 521.395324707, 858.817321777, 6831.06347656, 4556.82470703, 2417.18334961, 436.418395996, 962.63092041, 1303.3458252, 2812.20581055, 1817.51721191, 265.395233154, 706.186889648, 404.083282471, 795.388549805, 1570.94494629, 2248.77124023, 1687.38623047, 654.36328125, 836.132324219, 598.533447266, 275.019012451, 177.409194946, 314.774932861, 139.101028442, 36.2646942139, 11.3980522156, 3.73054242134, 0.721151769161, 0.162998169661, 0.0118310432881, 1.24015523397e-05, 7.75174058276e-09],
        "max": [5.52053642273, 36.4203910828, 98.9729690552, 170.764877319, 214.466400146, 128.005722046, 185.525787354, 171.807830811, 164.9012146, 360.669433594, 522.380004883, 530.576416016, 822.185302734, 192.382995605, 283.983520508, 254.060333252, 393.466033936, 476.993041992, 164.449035645, 295.009887695, 206.955734253, 177.710067749, 238.834991455, 259.344512939, 235.368682861, 145.689239502, 164.33694458, 130.410079956, 140.406402588, 106.758399963, 115.875648499, 68.6924209595, 29.456325531, 17.7553462982, 9.24326229095, 4.08835411072, 1.86046028137, 0.467859745026, 0.0130070457235, 0.000403864542022],
        "mean": [0.986606061459, 2.9199154377, 4.24384069443, 6.64148759842, 10.5310487747, 12.3860759735, 20.4460487366, 16.6865119934, 14.5059041977, 13.5648393631, 66.3662490845, 58.5209693909, 51.9639511108, 21.2422924042, 17.0264091492, 23.0691452026, 27.1157207489, 23.1989116669, 7.77455663681, 6.51814126968, 6.40509223938, 8.72440624237, 8.01438713074, 7.65843391418, 8.42620277405, 5.73963069916, 5.52613306046, 5.37256526947, 4.71475744247, 3.67979764938, 3.29845714569, 2.19415831566, 1.5637075901, 0.939335227013, 0.494646549225, 0.215631663799, 0.103748962283, 0.0255604442209, 0.000777246896178, 7.37922746339e-05],
        "median": [1.14897251129, 1.0717356205, 1.77729082108, 2.84296607971, 4.8665971756, 7.61259078979, 10.9084186554, 10.5632400513, 8.77640151978, 7.6486787796, 22.5006561279, 28.0674476624, 18.5689315796, 12.2990589142, 9.43107223511, 12.2945423126, 11.2907562256, 7.35640048981, 2.8398463726, 1.87638759613, 2.30774450302, 2.6049284935, 1.37664699554, 0.756910443306, 1.13118505478, 0.863022148609, 0.725647926331, 0.646625936031, 0.810830891132, 0.688957095146, 0.404739558697, 0.218585848808, 0.110935226083, 0.0755583420396, 0.0391461625695, 0.00997091829777, 0.00244409847073, 0.000210445403354, 3.20924518746e-05, 6.03996522841e-05],
        "min": [1.2082590453e-21, 4.63298691212e-21, 5.50131733677e-21, 1.31678905946e-20, 8.77810916131e-20, 9.87100603601e-20, 2.99612469287e-19, 1.0036487395e-18, 7.2798108099e-19, 9.28901700816e-19, 4.01765811119e-19, 8.94672760273e-19, 3.51083245236e-18, 1.8296451396e-18, 5.43624422059e-18, 3.51692050167e-18, 2.340764176e-18, 3.59581616131e-18, 1.00261801041e-17, 6.09431478794e-18, 1.09582885774e-17, 1.42988822966e-17, 1.13037216827e-17, 1.82848373667e-17, 2.67012214284e-17, 2.53631161669e-17, 2.13221916364e-17, 1.96690943433e-17, 1.87524773085e-17, 1.90445018432e-17, 1.47939019167e-17, 1.52791756949e-17, 1.93727734324e-17, 1.42527537426e-17, 8.23835246002e-18, 5.37259143168e-18, 3.3297657182e-18, 1.59962089371e-18, 3.10046887426e-19, 3.13380897046e-20],
        "stdev": [0.883441984653, 6.25222587585, 10.2449493408, 15.5986185074, 20.5508651733, 14.2753858566, 27.7845535278, 19.8561630249, 17.3379669189, 21.3948669434, 96.3643035889, 70.1365890503, 109.556892395, 24.1638965607, 24.5500240326, 29.3005485535, 44.0237617493, 44.7493057251, 14.2713327408, 18.6133556366, 14.2720422745, 18.609703064, 25.5872077942, 27.8526821136, 25.4376773834, 17.0190353394, 17.0724048615, 15.2844657898, 12.8737297058, 9.8744764328, 10.2508926392, 6.53368616104, 3.81776285172, 2.18639659882, 1.17056691647, 0.529632508755, 0.251872688532, 0.0623018182814, 0.00191757979337, 7.00532837072e-05],
        "var": [0.7804697752, 39.0903282166, 104.958992004, 243.316894531, 422.338043213, 203.786636353, 771.981384277, 394.267242432, 300.605072021, 457.740325928, 9286.07910156, 4919.140625, 12002.7128906, 583.893859863, 602.703674316, 858.522094727, 1938.09143066, 2002.50036621, 203.670928955, 346.45703125, 203.691192627, 346.321075439, 654.705200195, 775.771911621, 647.075439453, 289.64755249, 291.46697998, 233.614898682, 165.732910156, 97.505279541, 105.080802917, 42.6890563965, 14.5753126144, 4.78033018112, 1.37022686005, 0.280510604382, 0.0634398460388, 0.00388151640072, 3.67711231775e-06, 4.90746243642e-09]
    },
    "gfcc": {
        "mean": [-30.4273414612, 126.122718811, -104.861984253, 7.68317508698, -60.8718833923, 14.6127815247, -26.7247447968, 6.47141027451, -19.2537937164, 0.493950545788, -12.5393457413, -0.306725144386, -7.93294477463],
        "cov": [[9279.16113281, -2555.78051758, 1738.18811035, 1719.23937988, 30.2965698242, 1296.39880371, 225.947753906, 705.141357422, -27.1072483063, 673.71270752, -204.585067749, 334.809692383, -348.309265137], [-2555.78051758, 3206.05517578, 114.310684204, -260.950073242, 767.635437012, -547.00177002, 339.0652771, -454.164306641, 182.607681274, -502.648864746, 254.331329346, -265.524932861, 280.096130371], [1738.18811035, 114.310684204, 1407.06860352, 507.664550781, 365.924957275, 345.77331543, 76.0084381104, 169.884048462, -22.5382099152, 112.8204422, 13.7491016388, 79.0941925049, -26.410741806], [1719.23937988, -260.950073242, 507.664550781, 661.661682129, 171.46647644, 310.071533203, 159.088088989, 140.858932495, 59.5634307861, 100.864768982, -5.15866470337, 52.2038383484, -44.8049850464], [30.2965698242, 767.635437012, 365.924957275, 171.46647644, 536.553894043, 12.0397634506, 265.236602783, 7.5152721405, 82.0287399292, -47.1624908447, 87.4202728271, -18.4221897125, 50.0160675049], [1296.39880371, -547.00177002, 345.77331543, 310.071533203, 12.0397634506, 479.169799805, 160.582336426, 191.523773193, 93.7434616089, 202.132965088, 8.603931427, 69.0780792236, -73.789680481], [225.947753906, 339.0652771, 76.0084381104, 159.088088989, 265.236602783, 160.582336426, 398.047668457, 53.3496398926, 196.95526123, 52.5100288391, 90.4632720947, -15.9269065857, -2.19175934792], [705.141357422, -454.164306641, 169.884048462, 140.858932495, 7.5152721405, 191.523773193, 53.3496398926, 190.842330933, 29.8442192078, 133.020355225, -4.13164234161, 52.4157524109, -51.5388641357], [-27.1072483063, 182.607681274, -22.5382099152, 59.5634307861, 82.0287399292, 93.7434616089, 196.95526123, 29.8442192078, 188.865158081, 51.0235519409, 68.1133346558, -15.7741146088, 1.09565484524], [673.71270752, -502.648864746, 112.8204422, 100.864768982, -47.1624908447, 202.132965088, 52.5100288391, 133.020355225, 51.0235519409, 196.691299438, 1.19264030457, 52.6039733887, -65.1037826538], [-204.585067749, 254.331329346, 13.7491016388, -5.15866470337, 87.4202728271, 8.603931427, 90.4632720947, -4.13164234161, 68.1133346558, 1.19264030457, 109.735267639, -11.2221279144, 23.4575653076], [334.809692383, -265.524932861, 79.0941925049, 52.2038383484, -18.4221897125, 69.0780792236, -15.9269065857, 52.4157524109, -15.7741146088, 52.6039733887, -11.2221279144, 80.8912963867, -9.17132854462], [-348.309265137, 280.096130371, -26.410741806, -44.8049850464, 50.0160675049, -73.789680481, -2.19175934792, -51.5388641357, 1.09565484524, -65.1037826538, 23.4575653076, -9.17132854462, 88.4300765991]],
        "icov": [[0.000334809330525, 2.18277164095e-05, -0.000128332962049, -0.000609213253483, 0.000168082828168, -0.000159018381964, -0.000202888404601, -9.93147550616e-05, 0.000409888016293, -0.000341088190908, 0.00027364041307, -0.000227877084399, 0.000259527761955], [2.18277164095e-05, 0.00263719260693, -0.000945495732594, 0.000785257667303, -0.00204835366458, 0.000659064389765, -0.000455245055491, 0.0029119795654, -0.00218747416511, 0.00293054431677, -0.00182271422818, 0.00319360150024, -0.00175794411916], [-0.000128332962049, -0.000945495732594, 0.00193141540512, -0.000641690392513, -0.000862433342263, -0.00124669331126, 0.00153076346032, -0.00104379071854, 0.000982498051599, -0.00114928896073, 0.000330076261889, -0.00115340086631, 0.000552645535208], [-0.000609213253483, 0.000785257667303, -0.000641690392513, 0.00416613928974, -0.00130770530086, -0.000753731408622, -0.000165838981047, 0.000655674375594, -0.00174024945591, 0.0024067373015, -0.000149998581037, 0.000938808196224, -0.000548285315745], [0.000168082828168, -0.00204835366458, -0.000862433342263, -0.00130770530086, 0.00714532565325, 0.00147259398364, -0.00433770474046, -0.00321399839595, 0.00355932302773, -0.00134293106385, 0.000288059061859, -0.00251905340701, 6.61505982862e-05], [-0.000159018381964, 0.000659064389765, -0.00124669331126, -0.000753731408622, 0.00147259398364, 0.00683476263657, -0.00271512009203, -0.00108646741137, -0.000912462477572, -0.00182015087921, -0.000518076063599, 7.43433120078e-05, -0.000481905241031], [-0.000202888404601, -0.000455245055491, 0.00153076346032, -0.000165838981047, -0.00433770474046, -0.00271512009203, 0.0101341176778, -0.00016960882931, -0.00649245921522, 8.31974684843e-05, -0.000520677480381, 0.000186948178452, 0.00165529863443], [-9.93147550616e-05, 0.0029119795654, -0.00104379071854, 0.000655674375594, -0.00321399839595, -0.00108646741137, -0.00016960882931, 0.015396441333, -0.00222888053395, -0.00187279912643, -0.00177772378083, 0.00123685703147, -0.000465123826871], [0.000409888016293, -0.00218747416511, 0.000982498051599, -0.00174024945591, 0.00355932302773, -0.000912462477572, -0.00649245921522, -0.00222888053395, 0.0164738278836, -0.00597273465246, -0.00196430156939, -0.000177575318958, -0.000378357624868], [-0.000341088190908, 0.00293054431677, -0.00114928896073, 0.0024067373015, -0.00134293106385, -0.00182015087921, 8.31974684843e-05, -0.00187279912643, -0.00597273465246, 0.0186022799462, -0.00326500250958, -0.000293704244541, 0.00300667341799], [0.00027364041307, -0.00182271422818, 0.000330076261889, -0.000149998581037, 0.000288059061859, -0.000518076063599, -0.000520677480381, -0.00177772378083, -0.00196430156939, -0.00326500250958, 0.0153200654313, -0.00208067661151, -0.00142962194514], [-0.000227877084399, 0.00319360150024, -0.00115340086631, 0.000938808196224, -0.00251905340701, 7.43433120078e-05, 0.000186948178452, 0.00123685703147, -0.000177575318958, -0.000293704244541, -0.00208067661151, 0.0220913589001, -0.00604051398113], [0.000259527761955, -0.00175794411916, 0.000552645535208, -0.000548285315745, 6.61505982862e-05, -0.000481905241031, 0.00165529863443, -0.000465123826871, -0.000378357624868, 0.00300667341799, -0.00142962194514, -0.00604051398113, 0.019087433815]]
    },
    "melbands": {
        "dmean": [0.00227960641496, 0.00172807869967, 0.000966173305642, 0.000497505243402, 0.000270077754976, 0.000185177967069, 0.000131787572172, 9.34378404054e-05, 0.00028389916406, 0.000164790966664, 9.8168689874e-05, 4.10570573877e-05, 3.33107891493e-05, 3.2483429095e-05, 3.44071522704e-05, 4.83364055981e-05, 2.48599026236e-05, 7.14146653991e-06, 1.07708792711e-05, 5.89064802625e-06, 6.6351908572e-06, 7.87829594628e-06, 7.29003386368e-06, 6.87447436576e-06, 7.17082275514e-06, 7.03922614775e-06, 5.30692932443e-06, 3.62506102647e-06, 4.06685603593e-06, 3.84386430596e-06, 3.10280665872e-06, 2.68359644906e-06, 2.02703631658e-06, 2.16883017856e-06, 2.09303379961e-06, 2.02682940653e-06, 1.57541887802e-06, 1.44873172303e-06, 1.04196033135e-06, 9.26153859382e-07],
        "dmean2": [0.00368961715139, 0.0025048519019, 0.00177310802974, 0.000850240525324, 0.000409859116189, 0.000284895621007, 0.000213410559809, 0.000151960470248, 0.000452626409242, 0.000246418232564, 0.0001355807035, 6.32680748822e-05, 5.32015801582e-05, 5.41878471267e-05, 5.25208670297e-05, 7.73140127421e-05, 3.99978780479e-05, 1.13719261208e-05, 1.73242005985e-05, 9.56166513788e-06, 1.07291753011e-05, 1.33613048092e-05, 1.16417113531e-05, 1.12833358799e-05, 1.20743106891e-05, 1.12948337119e-05, 8.81971573108e-06, 5.79606876272e-06, 6.57851933283e-06, 6.6014422373e-06, 5.19731838722e-06, 4.334291134e-06, 3.2712389384e-06, 3.4623819829e-06, 3.46250567418e-06, 3.37703613695e-06, 2.62723665401e-06, 2.38182383328e-06, 1.66369841281e-06, 1.49711115682e-06],
        "dvar": [2.05920641747e-05, 2.47830157605e-05, 1.25854121507e-05, 1.64936000147e-06, 1.692316971e-07, 8.38650819901e-08, 5.74072096526e-08, 3.67755852437e-08, 2.23006495048e-07, 8.66711147296e-08, 3.89877889972e-08, 3.07268321897e-09, 3.64346108839e-09, 3.53022522326e-09, 3.1143081447e-09, 1.22736780739e-08, 3.30775629109e-09, 2.06734629415e-10, 1.72218506123e-09, 2.49111703488e-10, 2.87964929679e-10, 4.22212431683e-10, 3.79799552919e-10, 5.2955295704e-10, 6.28526897195e-10, 5.00444852225e-10, 2.33167707364e-10, 1.0896504532e-10, 1.28875965455e-10, 1.48015322221e-10, 6.52070689111e-11, 4.81775903893e-11, 2.72629939457e-11, 3.57233062576e-11, 4.25033931661e-11, 3.96204007103e-11, 1.76506448346e-11, 9.12404179987e-12, 4.41668012927e-12, 3.23394588018e-12],
        "dvar2": [4.25495600211e-05, 5.68912946619e-05, 3.67583343177e-05, 4.65136236016e-06, 3.67888389974e-07, 1.89678402762e-07, 1.48864870653e-07, 9.26974479398e-08, 5.49519711512e-07, 1.87230071447e-07, 5.90312509985e-08, 6.78687817057e-09, 8.53129655809e-09, 8.85115980509e-09, 7.14343473263e-09, 2.88328205755e-08, 7.77572672916e-09, 4.87183793307e-10, 3.85127796321e-09, 5.4548254802e-10, 6.75735190026e-10, 1.10687092825e-09, 8.6957119283e-10, 1.20268506265e-09, 1.55911450417e-09, 1.23760901527e-09, 5.63994573266e-10, 2.46682896332e-10, 3.14380133037e-10, 3.79544090601e-10, 1.48497159014e-10, 1.00371058687e-10, 5.51231560397e-11, 8.13935585597e-11, 1.08314482383e-10, 1.04264340217e-10, 4.52006695961e-11, 2.2080051329e-11, 1.00051781096e-11, 7.77674539348e-12],
        "max": [0.0412742719054, 0.0438274815679, 0.0308892484754, 0.0110660037026, 0.00483264774084, 0.00351514155045, 0.00351833738387, 0.00317986682057, 0.00512561714277, 0.00366295874119, 0.00404859893024, 0.000621257117018, 0.000792050966993, 0.00059396319557, 0.000672876194585, 0.0014805237297, 0.00107075425331, 0.000177035093657, 0.000901577703189, 0.00030849405448, 0.000258609710727, 0.000220777539653, 0.000168203754583, 0.000189799393411, 0.000216405736865, 0.000213234307012, 0.00012944903574, 0.000104819657281, 0.000104165126686, 0.000109351043648, 6.7809894972e-05, 0.000102427293314, 5.52134006284e-05, 7.47036101529e-05, 6.89812659402e-05, 6.78559808875e-05, 3.63053186447e-05, 2.20109832298e-05, 1.65403962455e-05, 1.42739627336e-05],
        "mean": [0.00748421717435, 0.00267476798035, 0.00122834206559, 0.000865994952619, 0.000640381942503, 0.000420222932007, 0.00021680330974, 0.000142351651448, 0.00063863559626, 0.000352733623004, 0.000247505871812, 7.5875177572e-05, 5.99005034019e-05, 5.07502591063e-05, 6.07107867836e-05, 6.24275635346e-05, 4.07814186474e-05, 1.0931745237e-05, 1.15450375233e-05, 7.06206310497e-06, 7.30533884052e-06, 9.39354595175e-06, 7.69596317696e-06, 6.42749910185e-06, 6.09659718975e-06, 6.34217349216e-06, 5.25436644239e-06, 3.45030389326e-06, 3.39437133334e-06, 3.37845972354e-06, 2.95705922326e-06, 2.83924600808e-06, 2.09569748222e-06, 2.0870490971e-06, 1.9219207843e-06, 1.66917436673e-06, 1.24633140786e-06, 1.15916179766e-06, 8.84849043814e-07, 7.63421269312e-07],
        "median": [0.00822731759399, 0.00133762450423, 0.000648038345389, 0.000435501104221, 0.000387137115467, 0.000272571225651, 0.000128476618556, 7.3189730756e-05, 0.000195996923139, 0.000161158270203, 8.39150743559e-05, 4.39816576545e-05, 3.32766940119e-05, 2.74371122941e-05, 3.29284594045e-05, 1.65962155734e-05, 1.176542537e-05, 3.64810011888e-06, 2.9520319913e-06, 2.43279282586e-06, 2.35697507378e-06, 2.73841737908e-06, 1.81497421181e-06, 7.65811137171e-07, 5.08817947775e-07, 8.43467773848e-07, 7.28906911718e-07, 4.78881304389e-07, 4.06274125453e-07, 3.83265160053e-07, 3.41932775427e-07, 4.18361679522e-07, 3.6088195543e-07, 3.69432342495e-07, 2.47008728138e-07, 1.53733907382e-07, 1.02684296621e-07, 6.81667557956e-08, 6.65433788072e-08, 5.84914516821e-08],
        "min": [1.11818690398e-23, 3.81937972429e-24, 4.9767739619e-24, 6.885375196e-24, 9.73461851221e-24, 2.03824728954e-23, 1.28679148632e-23, 8.62907965178e-24, 4.39588045712e-24, 5.62522985333e-24, 1.73604650966e-23, 6.47963445016e-24, 1.39426053179e-23, 1.67162055508e-23, 5.76489176015e-24, 3.91130489672e-24, 7.05349328781e-24, 1.60134535465e-23, 9.43110191235e-24, 1.04956420938e-23, 1.27358319375e-23, 1.61814383209e-23, 9.94123774937e-24, 9.69706478882e-24, 1.51960327211e-23, 1.86920733487e-23, 1.91503068713e-23, 1.65971806397e-23, 1.23214685476e-23, 1.20622591093e-23, 1.17885969504e-23, 1.08387902767e-23, 1.037497083e-23, 1.09681847644e-23, 8.47358096787e-24, 8.21249167407e-24, 1.01090631738e-23, 1.22870963002e-23, 1.43523649156e-23, 1.1153686984e-23],
        "stdev": [0.0073946272023, 0.00573608698323, 0.00276424502954, 0.00127188698389, 0.00075342139462, 0.000480702234199, 0.000283687870251, 0.000219712994294, 0.000968205742538, 0.000436136964709, 0.000539184606168, 8.73696262715e-05, 7.95666564954e-05, 7.01524113538e-05, 8.06022871984e-05, 0.000129632957396, 9.21171158552e-05, 1.98493398784e-05, 4.49702347396e-05, 1.72865020431e-05, 1.7325841327e-05, 2.0760246116e-05, 2.00863141799e-05, 2.27417713177e-05, 2.28779226745e-05, 2.07307239179e-05, 1.50603555085e-05, 1.061427065e-05, 1.05310455183e-05, 1.07492560346e-05, 8.2882515926e-06, 8.03705006547e-06, 5.65635173189e-06, 6.02797490501e-06, 6.03380067332e-06, 5.48599564354e-06, 3.72306226382e-06, 2.8837539503e-06, 2.13390262616e-06, 1.75245054379e-06],
        "var": [5.46805094928e-05, 3.29026916006e-05, 7.64105061535e-06, 1.61769651186e-06, 5.67643837712e-07, 2.31074650969e-07, 8.04788129471e-08, 4.82737974039e-08, 9.37422328207e-07, 1.90215445173e-07, 2.90720038265e-07, 7.63345120447e-09, 6.33085273094e-09, 4.92136109642e-09, 6.49672848851e-09, 1.68047034066e-08, 8.4855624749e-09, 3.93996280046e-10, 2.02232208757e-09, 2.9882316066e-10, 3.00184765933e-10, 4.30987856515e-10, 4.03460015397e-10, 5.17188181171e-10, 5.23399379393e-10, 4.29762947451e-10, 2.26814317328e-10, 1.12662733309e-10, 1.10902918793e-10, 1.15546495982e-10, 6.86951190376e-11, 6.45941772293e-11, 3.19943134486e-11, 3.63364824341e-11, 3.64067491432e-11, 3.00961477961e-11, 1.38611925757e-11, 8.3160362277e-12, 4.55354070422e-12, 3.07108310137e-12]
    },
    "melbands128": {
