{
"lowlevel": {
    "average_loudness": 0.927786231041,
    "barkbands_crest": {
        "dmean": 2.86614537239,
        "dmean2": 4.44677829742,
        "dvar": 7.22941064835,
        "dvar2": 15.0185718536,
        "max": 24.7179813385,
        "mean": 12.2651128769,
        "median": 11.5000267029,
        "min": 3.80179238319,
        "stdev": 4.59073114395,
        "var": 21.0748119354
    },
    "barkbands_flatness_db": {
        "dmean": 0.0311055872589,
        "dmean2": 0.0432243049145,
        "dvar": 0.00100688252132,
        "dvar2": 0.0017812566366,
        "max": 0.398137778044,
        "mean": 0.183667853475,
        "median": 0.176139578223,
        "min": 0.0375806130469,
        "stdev": 0.0594893954694,
        "var": 0.00353898806497
    },
    "barkbands_kurtosis": {
        "dmean": 7.35650205612,
        "dmean2": 10.1026325226,
        "dvar": 170.906799316,
        "dvar2": 306.40020752,
        "max": 258.49899292,
        "mean": 11.1138505936,
        "median": 5.21924781799,
        "min": -1.88455212116,
        "stdev": 19.90143013,
        "var": 396.066925049
    },
    "barkbands_skewness": {
        "dmean": 0.863716125488,
        "dmean2": 1.20659172535,
        "dvar": 0.780487000942,
        "dvar2": 1.44365680218,
        "max": 14.1781215668,
        "mean": 2.36276626587,
        "median": 2.05325460434,
        "min": -1.83833003044,
        "stdev": 1.68975353241,
        "var": 2.85526704788
    },
    "barkbands_spread": {
        "dmean": 6.91666650772,
        "dmean2": 10.0489320755,
        "dvar": 90.2632522583,
        "dvar2": 170.146575928,
        "max": 73.8073425293,
        "mean": 16.6281604767,
        "median": 12.2221240997,
        "min": 0.495057821274,
        "stdev": 14.7881002426,
        "var": 218.687911987
    },
    "dissonance": {
        "dmean": 0.0296815186739,
        "dmean2": 0.0478894077241,
        "dvar": 0.000936927972361,
        "dvar2": 0.00226927245967,
        "max": 0.499967873096,
        "mean": 0.444908767939,
        "median": 0.456152975559,
        "min": 0.222870647907,
        "stdev": 0.0421970449388,
        "var": 0.00178059050813
    },
    "dynamic_complexity": 2.29908132553,
    "erbbands_crest": {
        "dmean": 3.14356374741,
        "dmean2": 5.00787830353,
        "dvar": 9.27419757843,
        "dvar2": 20.7689418793,
        "max": 27.3182964325,
        "mean": 9.82947826385,
        "median": 8.71766376495,
        "min": 2.74836683273,
        "stdev": 4.64849805832,
        "var": 21.6085357666
    },
    "erbbands_flatness_db": {
        "dmean": 0.0224143322557,
        "dmean2": 0.032356608659,
        "dvar": 0.000492868595757,
        "dvar2": 0.00099683215376,
        "max": 0.312193006277,
        "mean": 0.176104277372,
        "median": 0.178323760629,
        "min": 0.0674614906311,
        "stdev": 0.0464590899646,
        "var": 0.00215844716877
    },
    "erbbands_kurtosis": {
        "dmean": 1.81959664822,
        "dmean2": 2.84952783585,
        "dvar": 7.12604093552,
        "dvar2": 16.8701534271,
        "max": 45.6909179688,
        "mean": 1.48075520992,
        "median": 0.249433040619,
        "min": -1.81099665165,
        "stdev": 3.72632837296,
        "var": 13.8855228424
    },
    "erbbands_skewness": {
        "dmean": 0.582323074341,
        "dmean2": 0.846451044083,
        "dvar": 0.307512253523,
        "dvar2": 0.680877149105,
        "max": 5.36447906494,
        "mean": 0.67132037878,
        "median": 0.621501505375,
        "min": -3.3372490406,
        "stdev": 1.03182554245,
        "var": 1.06466388702
    },
    "erbbands_spread": {
        "dmean": 12.4615211487,
        "dmean2": 18.6267528534,
        "dvar": 174.694793701,
        "dvar2": 368.664276123,
        "max": 135.125808716,
        "mean": 39.9456825256,
        "median": 35.1234893799,
        "min": 4.52471446991,
        "stdev": 22.3514442444,
        "var": 499.587097168
    },
    "hfc": {
        "dmean": 10.5412778854,
        "dmean2": 15.3265800476,
        "dvar": 562.43951416,
        "dvar2": 1083.06115723,
        "max": 214.060775757,
        "mean": 18.9674682617,
        "median": 12.1568260193,
        "min": 1.16589598562e-16,
        "stdev": 28.4172706604,
        "var": 807.541259766
    },
    "loudness_ebu128": {
        "integrated": -9.19519424438,
        "loudness_range": 3.65396690369,
        "momentary": {
            "dmean": 0.574839115143,
            "dmean2": 0.803190886974,
            "dvar": 0.229269877076,
            "dvar2": 0.3501996696,
            "max": -6.03242588043,
            "mean": -9.5747833252,
            "median": -9.31603813171,
            "min": -14.1628322601,
            "stdev": 1.86117935181,
            "var": 3.46398878098
        },
        "short_term": {
            "dmean": 0.0839577615261,
            "dmean2": 0.109407387674,
            "dvar": 0.00533885182813,
            "dvar2": 0.00900241918862,
            "max": -7.93185091019,
            "mean": -9.51075363159,
            "median": -8.62233734131,
            "min": -12.3283252716,
            "stdev": 1.46022677422,
            "var": 2.13226222992
        }
    },
    "melbands_crest": {
        "dmean": 3.49993610382,
        "dmean2": 5.43695068359,
        "dvar": 12.4596567154,
        "dvar2": 23.9704303741,
        "max": 36.4298019409,
        "mean": 16.4876022339,
        "median": 15.3399839401,
        "min": 2.53022170067,
        "stdev": 6.22850513458,
        "var": 38.7942771912
    },
    "melbands_flatness_db": {
        "dmean": 0.0385829620063,
        "dmean2": 0.0518242903054,
        "dvar": 0.00157981005032,
        "dvar2": 0.00270527624525,
        "max": 0.526850044727,
        "mean": 0.252236634493,
        "median": 0.246639892459,
        "min": 0.00509099429473,
        "stdev": 0.0764484182,
        "var": 0.00584436114877
    },
    "melbands_kurtosis": {
        "dmean": 15.838971138,
        "dmean2": 22.9225845337,
        "dvar": 1267.47387695,
        "dvar2": 2586.56347656,
        "max": 799.193115234,
        "mean": 26.0985870361,
        "median": 13.235004425,
        "min": -1.31820642948,
        "stdev": 47.8337974548,
        "var": 2288.07202148
    },
    "melbands_skewness": {
        "dmean": 1.09065282345,
        "dmean2": 1.56962561607,
        "dvar": 1.64714157581,
        "dvar2": 2.96493816376,
        "max": 23.2076683044,
        "mean": 3.41383433342,
        "median": 2.89661192894,
        "min": -0.292817264795,
        "stdev": 2.3253364563,
        "var": 5.4071893692
    },
    "melbands_spread": {
        "dmean": 7.48945379257,
        "dmean2": 10.8669471741,
        "dvar": 141.807220459,
        "dvar2": 281.446105957,
        "max": 126.603523254,
        "mean": 15.8724002838,
        "median": 11.2426223755,
        "min": 0.34479701519,
        "stdev": 15.6939411163,
        "var": 246.299789429
    },
    "pitch_salience": {
        "dmean": 0.0801334232092,
        "dmean2": 0.127602770925,
        "dvar": 0.00697437301278,
        "dvar2": 0.0159010402858,
        "max": 0.854148030281,
        "mean": 0.520976483822,
        "median": 0.522629618645,
        "min": 0.0798530429602,
        "stdev": 0.138750270009,
        "var": 0.0192516390234
    },
    "silence_rate_20dB": {
        "dmean": 0,
        "dmean2": 0,
        "dvar": 0,
        "dvar2": 0,
        "max": 1,
        "mean": 1,
        "median": 1,
        "min": 1,
        "stdev": 0,
        "var": 0
    },
    "silence_rate_30dB": {
        "dmean": 0.0325077399611,
        "dmean2": 0.0650658383965,
        "dvar": 0.0314509123564,
        "dvar2": 0.0608328841627,
        "max": 1,
        "mean": 0.923433899879,
        "median": 1,
        "min": 0,
        "stdev": 0.265899181366,
        "var": 0.0707023814321
    },
    "silence_rate_60dB": {
        "dmean": 0.0178018584847,
        "dmean2": 0.0348566994071,
        "dvar": 0.0174848083407,
        "dvar2": 0.0398389995098,
        "max": 1,
        "mean": 0.0224284604192,
        "median": 0,
        "min": 0,
        "stdev": 0.148073166609,
        "var": 0.0219256635755
    },
    "spectral_centroid": {
        "dmean": 332.120758057,
        "dmean2": 471.544921875,
        "dvar": 254796.3125,
        "dvar2": 408328.78125,
        "max": 11111.3183594,
        "mean": 998.816711426,
        "median": 785.27355957,
        "min": 173.878143311,
        "stdev": 728.292419434,
        "var": 530409.8125
    },
    "spectral_complexity": {
        "dmean": 4.45433425903,
        "dmean2": 6.36560821533,
        "dvar": 35.4474601746,
        "dvar2": 56.5649337769,
        "max": 58,
        "mean": 15.1778812408,
        "median": 13,
        "min": 0,
        "stdev": 9.55478572845,
        "var": 91.2939224243
    },
    "spectral_decrease": {
        "dmean": 3.18774273644e-09,
        "dmean2": 4.54230386637e-09,
        "dvar": 3.50625020264e-17,
        "dvar2": 5.57683316099e-17,
        "max": 6.43118366609e-31,
        "mean": -9.6607735145e-09,
        "median": -6.65983268533e-09,
        "min": -6.03391185905e-08,
        "stdev": 1.09056825792e-08,
        "var": 1.18933907827e-16
    },
    "spectral_energy": {
        "dmean": 0.0128031810746,
        "dmean2": 0.0182371214032,
        "dvar": 0.000524523085915,
        "dvar2": 0.000848235038575,
        "max": 0.229429841042,
        "mean": 0.0381823554635,
        "median": 0.0264674182981,
        "min": 1.05725993058e-20,
        "stdev": 0.0418935120106,
        "var": 0.00175506633241
    },
    "spectral_energyband_high": {
        "dmean": 0.000846001377795,
        "dmean2": 0.00125439476687,
        "dvar": 7.56762938181e-06,
        "dvar2": 1.38904833875e-05,
        "max": 0.0249391850084,
        "mean": 0.00104922207538,
        "median": 0.000195040192921,
        "min": 7.74964109371e-21,
        "stdev": 0.00322883250192,
        "var": 1.0425358596e-05
    },
    "spectral_energyband_low": {
        "dmean": 0.00718318624422,
        "dmean2": 0.00935915485024,
        "dvar": 0.000471714767627,
        "dvar2": 0.000679406104609,
        "max": 0.216272324324,
        "mean": 0.0200678780675,
        "median": 0.0109459739178,
        "min": 5.83201838004e-23,
        "stdev": 0.0392794236541,
        "var": 0.00154287321493
    },
    "spectral_energyband_middle_high": {
        "dmean": 0.00224842806347,
        "dmean2": 0.00328684435226,
        "dvar": 2.32850488828e-05,
        "dvar2": 5.71517484786e-05,
        "max": 0.0799787342548,
        "mean": 0.00365645624697,
        "median": 0.00179429224227,
        "min": 1.59511340399e-21,
        "stdev": 0.00541845988482,
        "var": 2.93597076961e-05
    },
    "spectral_energyband_middle_low": {
        "dmean": 0.00717206485569,
        "dmean2": 0.011915486306,
        "dvar": 0.00014383753296,
        "dvar2": 0.000386093743145,
        "max": 0.0996639952064,
        "mean": 0.0140335457399,
        "median": 0.0111872218549,
        "min": 3.35500952647e-22,
        "stdev": 0.0121298087761,
        "var": 0.000147132261191
    },
    "spectral_entropy": {
        "dmean": 0.274833619595,
        "dmean2": 0.390532821417,
        "dvar": 0.0892363265157,
        "dvar2": 0.153969153762,
        "max": 9.80151557922,
        "mean": 7.27578258514,
        "median": 7.25869607925,
        "min": 5.78756761551,
        "stdev": 0.559559345245,
        "var": 0.313106656075
    },
    "spectral_flux": {
        "dmean": 0.0355870611966,
        "dmean2": 0.0530133657157,
        "dvar": 0.00199175649323,
        "dvar2": 0.00348818022758,
        "max": 0.461479276419,
        "mean": 0.095917776227,
        "median": 0.0758722573519,
        "min": 1.02823145831e-10,
        "stdev": 0.0703783258796,
        "var": 0.00495310826227
    },
    "spectral_kurtosis": {
        "dmean": 2.73061227798,
        "dmean2": 4.33526849747,
        "dvar": 12.9354848862,
        "dvar2": 32.0782623291,
        "max": 43.1904830933,
        "mean": 5.39249515533,
        "median": 4.1600561142,
        "min": -1.22388923168,
        "stdev": 5.01531648636,
        "var": 25.1533985138
    },
    "spectral_rms": {
        "dmean": 0.00094304245431,
        "dmean2": 0.00132287305314,
        "dvar": 1.64617847531e-06,
        "dvar2": 2.61125819634e-06,
        "max": 0.0149610824883,
        "mean": 0.00550604658201,
        "median": 0.00508152274415,
        "min": 3.21165555088e-12,
        "stdev": 0.00263335835189,
        "var": 6.93457604939e-06
    },
    "spectral_rolloff": {
        "dmean": 545.246765137,
        "dmean2": 903.311767578,
        "dvar": 1341287.375,
        "dvar2": 2393027.75,
        "max": 18647.7539062,
        "mean": 1037.5916748,
        "median": 516.796875,
        "min": 43.06640625,
        "stdev": 1386.08911133,
        "var": 1921243.125
    },
    "spectral_skewness": {
        "dmean": 0.4134118855,
        "dmean2": 0.592817485332,
        "dvar": 0.192693307996,
        "dvar2": 0.390872448683,
        "max": 4.95733165741,
        "mean": 1.75556504726,
        "median": 1.71912407875,
        "min": -0.0418884679675,
        "stdev": 0.802583038807,
        "var": 0.644139528275
    },
    "spectral_spread": {
        "dmean": 753754.6875,
        "dmean2": 1056337.875,
        "dvar": 1.81604777984e+12,
        "dvar2": 2.08589029376e+12,
        "max": 42127920,
        "mean": 4488641.5,
        "median": 4219223,
        "min": 1674180.375,
        "stdev": 1832694.25,
        "var": 3.3587682345e+12
    },
    "spectral_strongpeak": {
        "dmean": 0.350587636232,
        "dmean2": 0.572626113892,
        "dvar": 0.266849279404,
        "dvar2": 0.615571379662,
        "max": 4.56890773773,
        "mean": 0.723393142223,
        "median": 0.468512862921,
        "min": 0,
        "stdev": 0.657925963402,
        "var": 0.432866573334
    },
    "zerocrossingrate": {
        "dmean": 0.0121442954987,
        "dmean2": 0.0136737665161,
        "dvar": 0.000386188214179,
        "dvar2": 0.000415019021602,
        "max": 0.5078125,
        "mean": 0.0421855375171,
        "median": 0.0341796875,
        "min": 0.0029296875,
        "stdev": 0.0314980447292,
        "var": 0.000992126879282
    },
    "barkbands": {
        "dmean": [0.00107523461338, 0.00646943226457, 0.00259397481568, 0.00165669783019, 0.00292376824655, 0.00211863894947, 0.00228444486856, 0.000594845041633, 0.000605498091318, 0.000450082239695, 0.000375592469936, 0.000390934321331, 0.000384279759601, 0.000220804140554, 0.00028122740332, 0.000307231617626, 0.00022397954308, 0.000128042811411, 0.000182390518603, 0.000226868593018, 0.000175699780812, 0.000236250154558, 0.000205373915378, 0.000111049106636, 4.91507526021e-05, 1.77617166628e-05, 2.13269458982e-06],
        "dmean2": [0.00143201020546, 0.00833967607468, 0.00483238324523, 0.00303438818082, 0.0048959213309, 0.00342891947366, 0.003690314712, 0.000987181672826, 0.000941590755247, 0.000696754315868, 0.000612676667515, 0.000644825049676, 0.000579749699682, 0.000333099538693, 0.000439771276433, 0.000452724460047, 0.000333954725647, 0.00019676485681, 0.000290196097922, 0.000365548185073, 0.000241649831878, 0.000361064769095, 0.000310056901071, 0.000165580131579, 7.58760652388e-05, 2.73946443485e-05, 3.35231538884e-06],
        "dvar": [1.5233816157e-05, 0.000420511962147, 0.000139047115226, 2.66594379355e-05, 1.83674219443e-05, 1.21478369692e-05, 1.8973254555e-05, 1.61807997756e-06, 1.19096500839e-06, 1.29396175907e-06, 1.35106938615e-06, 2.20789956984e-06, 1.26304087189e-06, 2.36546043197e-07, 3.96760412968e-07, 3.27517284404e-07, 2.08808359048e-07, 6.36193604464e-08, 2.36113521623e-07, 6.26399469184e-07, 3.02703341504e-07, 6.58049600588e-07, 4.56650582237e-07, 1.68131933265e-07, 4.07108800005e-08, 7.18784498588e-09, 1.17005377609e-10],
        "dvar2": [2.15132477024e-05, 0.000625799410045, 0.00040205498226, 7.88802135503e-05, 4.64364711661e-05, 2.96497764793e-05, 4.41222255176e-05, 4.34528419646e-06, 2.85626106233e-06, 2.82098244497e-06, 3.14938188239e-06, 6.04021761319e-06, 2.98552095046e-06, 5.21694175859e-07, 9.68109702626e-07, 6.77197306231e-07, 4.60778124989e-07, 1.29219799305e-07, 5.73470288145e-07, 1.59741011885e-06, 4.92929075335e-07, 1.18124125947e-06, 9.0940852715e-07, 3.46172356558e-07, 9.72383986664e-08, 1.55111319344e-08, 2.79563400207e-10],
        "max": [0.0413610041142, 0.202208057046, 0.131351754069, 0.0508640706539, 0.0387593284249, 0.0303019210696, 0.0407053567469, 0.0148168392479, 0.0116890389472, 0.0142813138664, 0.0161871649325, 0.0260063651949, 0.0172414276749, 0.00573179451749, 0.00775978714228, 0.00537273520604, 0.00428913300857, 0.00234494172037, 0.00477840099484, 0.00837924145162, 0.00804619304836, 0.00876024924219, 0.00662628654391, 0.00492576137185, 0.00235572783276, 0.00111832516268, 0.00017166082398],
        "mean": [0.00140276888851, 0.0149095319211, 0.00320564536378, 0.00161232671235, 0.00443528080359, 0.00303723965771, 0.00324420607649, 0.000694096263032, 0.000891238509212, 0.000620394130237, 0.000440636620624, 0.000418496696511, 0.000473110092571, 0.0002776349138, 0.000310873234412, 0.000435336987721, 0.000277217885014, 0.000156196227181, 0.000178012385732, 0.000223261857172, 0.000210196376429, 0.000286869559204, 0.000241681089392, 0.00012849929044, 5.10372192366e-05, 1.86904708244e-05, 1.92702395907e-06],
        "median": [5.22117334185e-05, 0.0049949856475, 0.000588391209021, 0.00066530238837, 0.00280343997292, 0.00146692921408, 0.000984468846582, 0.000233250408201, 0.000328726542648, 0.000125139951706, 0.000108675310912, 7.41170806577e-05, 9.95543014142e-05, 7.67483870732e-05, 5.13679879077e-05, 0.000101139412436, 7.61708142818e-05, 4.32979832112e-05, 2.6742598493e-05, 1.93863361346e-05, 2.23421866394e-05, 5.85680791119e-05, 3.05812354782e-05, 2.60936740233e-05, 6.90898059474e-06, 6.35799437987e-07, 1.85124857666e-08],
        "min": [8.82478499832e-24, 1.22411483079e-23, 2.03185956725e-23, 2.93224678735e-23, 3.3587753591e-23, 5.03364223458e-23, 3.42094075388e-23, 3.60065557432e-23, 1.31381300155e-22, 7.7709419285e-23, 4.12013909752e-23, 6.29517123927e-23, 1.20180977292e-22, 2.55624097004e-23, 1.29938492492e-22, 2.75669323974e-22, 1.87749337205e-22, 2.38677553535e-22, 2.77764513295e-22, 3.30392642834e-22, 3.71294462303e-22, 4.03237169539e-22, 6.78103016592e-22, 8.18476838818e-22, 1.17565639596e-21, 2.07448072484e-21, 2.29923676404e-21],
        "stdev": [0.00531715387478, 0.0324101187289, 0.00945858005434, 0.00397513620555, 0.00489814626053, 0.00407813349739, 0.00537150260061, 0.00131009251345, 0.00140642654151, 0.00147512450349, 0.00123031588737, 0.00129047664814, 0.0012309657177, 0.000571092474274, 0.000678091309965, 0.000737303460483, 0.000521651178133, 0.000305239896988, 0.000477010791656, 0.000732816348318, 0.00069160410203, 0.000945622159634, 0.000769227975979, 0.000435036228737, 0.000195087151951, 8.68038550834e-05, 1.03829243017e-05],
        "var": [2.82721266558e-05, 0.00105041591451, 8.94647309906e-05, 1.58017082867e-05, 2.39918390434e-05, 1.66311710927e-05, 2.88530409307e-05, 1.71634246726e-06, 1.9780356979e-06, 2.17599244934e-06, 1.51367726176e-06, 1.66533004631e-06, 1.51527672188e-06, 3.26146590623e-07, 4.59807836251e-07, 5.43616408777e-07, 2.72119962119e-07, 9.31713941554e-08, 2.27539288744e-07, 5.37019786861e-07, 4.78316223962e-07, 8.94201320989e-07, 5.91711682318e-07, 1.89256510907e-07, 3.80589995075e-08, 7.53490869698e-09, 1.0780511206e-10]
    },
    "erbbands": {
        "dmean": [0.313090980053, 1.33808004856, 2.85594820976, 4.17718696594, 10.2034425735, 9.02994441986, 5.81851863861, 21.8156147003, 38.9170913696, 16.9928684235, 14.0830030441, 11.3840093613, 12.7548332214, 13.2515726089, 15.5041055679, 15.827334404, 15.6725234985, 12.1142711639, 11.4827156067, 15.501625061, 16.3952636719, 12.7654600143, 7.45405340195, 7.43155384064, 11.2700901031, 10.0151548386, 7.60659885406, 7.08789539337, 8.35905742645, 8.44047737122, 5.17603874207, 3.28412747383, 1.39086890221, 0.654415428638, 0.301040351391, 0.0992613136768, 0.0300431083888, 0.00604220759124, 0.000243146932917, 2.0473575205e-05],
        "dmean2": [0.384513765574, 1.9310965538, 4.98310375214, 7.73619556427, 17.5821628571, 14.8386983871, 10.0271244049, 34.4972724915, 61.5711669922, 29.5343780518, 22.1104164124, 18.3084506989, 19.1067333221, 20.8669490814, 24.7126235962, 25.1756649017, 23.9052963257, 17.8352279663, 17.194475174, 22.6939353943, 24.5964622498, 18.8469753265, 11.2350683212, 11.628367424, 17.8931941986, 15.7440500259, 10.7472333908, 10.1663923264, 12.573638916, 12.6316795349, 7.77733564377, 4.87298202515, 2.07099056244, 0.991196751595, 0.46399602294, 0.152488484979, 0.0463488698006, 0.0091536026448, 0.000376824697014, 2.91847027256e-05],
        "dvar": [1.08424425125, 20.9732246399, 143.748504639, 278.413391113, 255.916259766, 228.762161255, 150.777008057, 1390.88598633, 5359.64599609, 1771.83374023, 795.920410156, 447.497283936, 837.744995117, 1963.49462891, 2364.52612305, 3782.01928711, 2595.3527832, 869.031616211, 573.80645752, 1135.55273438, 984.637390137, 731.480407715, 213.802993774, 315.28213501, 1193.02587891, 1029.36120605, 488.417572021, 550.419555664, 807.597595215, 768.673034668, 299.053466797, 130.852294922, 27.8157043457, 6.27650642395, 1.71655845642, 0.218359455466, 0.0203328244388, 0.000804141920526, 1.46921922806e-06, 1.78003034534e-09],
        "dvar2": [1.37216246128, 43.839717865, 397.060546875, 816.844238281, 684.839294434, 581.182434082, 428.34576416, 3278.54150391, 12056.2402344, 5036.41308594, 2033.99609375, 1158.67480469, 1766.01220703, 4880.74755859, 5774.35498047, 10279.1386719, 6438.69433594, 1973.86132812, 1244.24035645, 2620.32421875, 2139.79370117, 1629.29187012, 431.470550537, 765.26361084, 3033.29907227, 2512.69189453, 884.429443359, 905.476196289, 1407.44226074, 1578.68908691, 577.755432129, 261.50604248, 59.3948860168, 14.5155935287, 4.09773540497, 0.481067985296, 0.0458702407777, 0.0017403945094, 3.50624759449e-06, 3.62346730398e-09],
        "max": [10.1769971848, 44.0550918579, 123.770294189, 152.10446167, 138.574783325, 196.634140015, 121.408050537, 386.089111328, 715.737609863, 410.744171143, 343.61227417, 264.388427734, 477.904418945, 661.478027344, 817.455627441, 1095.19262695, 851.581726074, 361.160766602, 289.803649902, 481.332794189, 341.613006592, 268.304229736, 149.060958862, 164.661621094, 382.573303223, 341.878814697, 306.899291992, 294.658813477, 303.189575195, 288.384033203, 168.147583008, 130.105117798, 61.2864532471, 28.8579769135, 15.7178487778, 5.99538326263, 1.93085825443, 0.336032480001, 0.0182876270264, 0.000466479541501],
        "mean": [0.581568777561, 2.71219325066, 4.14880895615, 4.4185590744, 13.6547002792, 13.6589403152, 8.5817117691, 32.9055976868, 57.840839386, 20.88331604, 18.3875083923, 17.1216373444, 19.739812851, 17.7216377258, 18.0555915833, 17.9764537811, 19.6012039185, 15.9358243942, 14.5032520294, 19.9731559753, 23.0169429779, 16.3205223083, 9.40710639954, 7.75809812546, 10.359790802, 10.0595502853, 8.86193466187, 8.62324619293, 10.2509727478, 9.43869972229, 6.20524644852, 3.74037742615, 1.58389091492, 0.698215305805, 0.298260837793, 0.103211179376, 0.0305745396763, 0.00613951077685, 0.000237638421822, 5.00340065628e-05],
        "median": [0.106103099883, 1.13232243061, 1.04164195061, 2.01495718956, 8.49616241455, 7.90160799026, 5.09524106979, 15.3095302582, 20.3913593292, 11.4168787003, 6.0719499588, 7.48184156418, 5.4784784317, 4.10478639603, 4.52995872498, 3.62503290176, 5.00254011154, 3.82253694534, 3.68100714684, 4.34280490875, 5.46824932098, 4.47977495193, 2.56733369827, 1.79103648663, 1.1108571291, 0.89120388031, 0.855867445469, 1.20848810673, 2.07750439644, 1.31729769707, 0.87898182869, 0.714457035065, 0.288657546043, 0.114156581461, 0.0298053938895, 0.00469527533278, 0.00105859455653, 0.000133248482598, 1.95834290935e-05, 3.13850614475e-05],
        "min": [7.54702596936e-22, 1.79600641343e-21, 1.94481988109e-20, 6.85077639535e-20, 5.57153059205e-20, 1.21201437258e-19, 3.43480131918e-19, 4.72772235671e-19, 4.27196651871e-19, 4.4793014072e-19, 1.07788592473e-18, 3.79647239354e-18, 2.09485764876e-18, 2.27861871697e-18, 2.21976564357e-18, 2.41449967619e-18, 4.65424255873e-18, 2.77892629597e-18, 5.12785226307e-18, 1.33725558158e-17, 9.94880645682e-18, 1.13536031552e-17, 1.21122774966e-17, 1.40392683526e-17, 1.47345996843e-17, 1.5693310286e-17, 1.78117065999e-17, 1.263419124e-17, 1.52482953883e-17, 1.59410955472e-17, 1.858378044e-17, 1.78640406629e-17, 1.35681434989e-17, 1.36781370136e-17, 8.23516946902e-18, 6.53381321818e-18, 3.90461550528e-18, 1.4166831804e-18, 3.06204374986e-19, 3.47577480609e-20],
        "stdev": [1.5849288702, 5.59941625595, 10.4230861664, 12.6208734512, 16.2607135773, 17.5296134949, 11.5076036453, 44.988948822, 93.8676834106, 35.1322860718, 31.7984256744, 25.3343334198, 39.5434684753, 46.4454078674, 49.4438400269, 54.6096115112, 52.4171104431, 34.391834259, 28.5900650024, 38.1983757019, 38.8252487183, 30.6500587463, 17.9228172302, 18.062084198, 31.8218727112, 31.404335022, 27.3906497955, 28.7812194824, 33.8223342896, 30.4712810516, 20.0183639526, 12.5114307404, 5.47563171387, 2.48480772972, 1.26104164124, 0.472037523985, 0.142576545477, 0.0294359270483, 0.00115675840061, 5.90278141317e-05],
        "var": [2.51199936867, 31.3534603119, 108.640731812, 159.286453247, 264.410827637, 307.287353516, 132.424942017, 2024.00537109, 8811.14160156, 1234.27746582, 1011.13989258, 641.828491211, 1563.68579102, 2157.17602539, 2444.69335938, 2982.20947266, 2747.5534668, 1182.79821777, 817.391845703, 1459.11584473, 1507.40002441, 939.426147461, 321.227355957, 326.238891602, 1012.6315918, 986.23223877, 750.247741699, 828.358581543, 1143.95031738, 928.498962402, 400.734863281, 156.535903931, 29.982542038, 6.17426967621, 1.59022593498, 0.222819417715, 0.0203280709684, 0.000866473768838, 1.33809010094e-06, 3.48428264019e-09]
    },
    "gfcc": {
        "mean": [-22.4640369415, 115.011299133, -107.57118988, 36.922794342, -70.6097793579, 13.3701372147, -45.8779258728, -2.69486618042, -10.711977005, -5.06598424911, -10.9293518066, -0.690422713757, -7.2437787056],
        "cov": [[4888.90869141, -1186.84191895, -181.374191284, 573.600646973, 117.663818359, 389.955841064, 202.08265686, 407.978912354, -27.2666702271, 363.047058105, -36.6504859924, 227.401916504, -48.6261978149], [-1186.84191895, 1292.21264648, 23.9372558594, -323.315460205, 197.083648682, -42.4204101562, 103.324958801, -73.2651138306, 152.813980103, -190.782836914, 130.080810547, -100.210777283, 128.036422729], [-181.374191284, 23.9372558594, 930.179199219, 186.266876221, 101.84160614, 181.286056519, 230.714569092, 146.464645386, 0.00452999444678, 114.103210449, 99.7741165161, 97.4699478149, 1.58824717999], [573.600646973, -323.315460205, 186.266876221, 780.437194824, 161.760360718, 73.2865219116, 251.111724854, 88.1172332764, 107.033668518, 180.858581543, 107.489936829, 38.3108978271, 46.0673141479], [117.663818359, 197.083648682, 101.84160614, 161.760360718, 502.124694824, 103.99004364, 137.775344849, 130.931137085, 100.959503174, 129.22227478, 57.6971740723, 28.128786087, 56.678604126], [389.955841064, -42.4204101562, 181.286056519, 73.2865219116, 103.99004364, 335.427764893, 187.274902344, 116.31628418, 49.5038452148, 76.9180450439, 73.3643493652, 52.1600036621, 18.1452445984], [202.08265686, 103.324958801, 230.714569092, 251.111724854, 137.775344849, 187.274902344, 475.016143799, 152.205474854, 11.3606147766, 95.4605255127, 119.827789307, 57.5080490112, 43.3721809387], [407.978912354, -73.2651138306, 146.464645386, 88.1172332764, 130.931137085, 116.31628418, 152.205474854, 226.003005981, 35.8257369995, 78.3440704346, 45.1048622131, 65.2091140747, 21.5435504913], [-27.2666702271, 152.813980103, 0.00452999444678, 107.033668518, 100.959503174, 49.5038452148, 11.3606147766, 35.8257369995, 222.203094482, 31.0056324005, 47.3226242065, 11.8217382431, 56.2119369507], [363.047058105, -190.782836914, 114.103210449, 180.858581543, 129.22227478, 76.9180450439, 95.4605255127, 78.3440704346, 31.0056324005, 202.904174805, 35.7884140015, 25.4293708801, 11.8601388931], [-36.6504859924, 130.080810547, 99.7741165161, 107.489936829, 57.6971740723, 73.3643493652, 119.827789307, 45.1048622131, 47.3226242065, 35.7884140015, 170.771652222, 25.8796615601, 30.9263248444], [227.401916504, -100.210777283, 97.4699478149, 38.3108978271, 28.128786087, 52.1600036621, 57.5080490112, 65.2091140747, 11.8217382431, 25.4293708801, 25.8796615601, 121.767173767, 11.9505758286], [-48.6261978149, 128.036422729, 1.58824717999, 46.0673141479, 56.678604126, 18.1452445984, 43.3721809387, 21.5435504913, 56.2119369507, 11.8601388931, 30.9263248444, 11.9505758286, 100.193023682]],
        "icov": [[0.000398613658035, -7.79712208896e-05, 0.000356782315066, -0.000388333864976, 0.000216536034713, -0.000504715484567, 0.000288922252366, -0.000685285718646, 0.000357359123882, -0.000516411964782, 0.000352796167135, -0.000604696222581, 0.000281049869955], [-7.79712208896e-05, 0.00394179159775, -0.000972299312707, 0.00276081613265, -0.00235902913846, 0.0017535026418, -0.00266659283079, 0.00218673702329, -0.00295567559078, 0.00386051437818, -0.00284240278415, 0.00355809926987, -0.00297373114154], [0.000356782315066, -0.000972299312707, 0.00192039378453, -0.00107775698416, 0.000741896976251, -0.0011658166768, 0.00064088992076, -0.00136144110002, 0.0012274926994, -0.00160018797033, 0.00059977255296, -0.00194384262431, 0.00123497424647], [-0.000388333864976, 0.00276081613265, -0.00107775698416, 0.00423198193312, -0.00179278454743, 0.00218935566954, -0.00301509280689, 0.00242314068601, -0.00316725717857, 0.00162805384025, -0.00257765944116, 0.00286287814379, -0.00220499490388], [0.000216536034713, -0.00235902913846, 0.000741896976251, -0.00179278454743, 0.00432911049575, -0.00131159590092, 0.00148428138345, -0.0025665408466, 0.00112665700726, -0.00370551878586, 0.00183925929014, -0.00197521108203, 0.00110455171671], [-0.000504715484567, 0.0017535026418, -0.0011658166768, 0.00218935566954, -0.00131159590092, 0.00590425357223, -0.00280025391839, 0.000934724637773, -0.00262030307204, 0.00143417005893, -0.00216859276406, 0.00174248346593, -0.00102815381251], [0.000288922252366, -0.00266659283079, 0.00064088992076, -0.00301509280689, 0.00148428138345, -0.00280025391839, 0.00604033982381, -0.00328066619113, 0.0035658327397, -0.00256016594358, 0.000693240261171, -0.00260266335681, 0.00108105130494], [-0.000685285718646, 0.00218673702329, -0.00136144110002, 0.00242314068601, -0.0025665408466, 0.000934724637773, -0.00328066619113, 0.00975953787565, -0.00262759416364, 0.00170794373844, -0.00170060852543, 0.00036480955896, -0.00186189415399], [0.000357359123882, -0.00295567559078, 0.0012274926994, -0.00316725717857, 0.00112665700726, -0.00262030307204, 0.0035658327397, -0.00262759416364, 0.0088072149083, -0.00283712008968, 0.0012164011132, -0.0029845261015, -0.000378937722417], [-0.000516411964782, 0.00386051437818, -0.00160018797033, 0.00162805384025, -0.00370551878586, 0.00143417005893, -0.00256016594358, 0.00170794373844, -0.00283712008968, 0.0118949795142, -0.00300318747759, 0.00414217077196, -0.00271307304502], [0.000352796167135, -0.00284240278415, 0.00059977255296, -0.00257765944116, 0.00183925929014, -0.00216859276406, 0.000693240261171, -0.00170060852543, 0.0012164011132, -0.00300318747759, 0.0102051328868, -0.00336939678527, 0.00132198038045], [-0.000604696222581, 0.00355809926987, -0.00194384262431, 0.00286287814379, -0.00197521108203, 0.00174248346593, -0.00260266335681, 0.00036480955896, -0.0029845261015, 0.00414217077196, -0.00336939678527, 0.0141769638285, -0.00374268018641], [0.000281049869955, -0.00297373114154, 0.00123497424647, -0.00220499490388, 0.00110455171671, -0.00102815381251, 0.00108105130494, -0.00186189415399, -0.000378937722417, -0.00271307304502, 0.00132198038045, -0.00374268018641, 0.014977353625]]
    },
    "melbands": {
        "dmean": [0.00213480740786, 0.00132845470216, 0.00087358255405, 0.000722124590538, 0.000216974425712, 0.000486822595121, 0.000536263862159, 0.000164112934726, 0.000122561075841, 7.01392273186e-05, 6.58643111819e-05, 5.67110473639e-05, 5.25473369635e-05, 3.8113881601e-05, 5.57144339837e-05, 3.11084731948e-05, 2.13475850614e-05, 1.81557134056e-05, 2.35994539253e-05, 2.02097380679e-05, 2.00421254704e-05, 1.41382743095e-05, 9.02586907614e-06, 5.77628907195e-06, 6.00943440077e-06, 8.24345534056e-06, 8.88436352398e-06, 6.1591931626e-06, 5.04539593749e-06, 4.18518857259e-06, 4.05073978982e-06, 4.75064962302e-06, 5.24684401171e-06, 4.65017774331e-06, 3.12736892738e-06, 2.44416742134e-06, 1.9003982743e-06, 1.08568019641e-06, 6.46120724923e-07, 5.22734751485e-07],
        "dmean2": [0.00260534696281, 0.00206378730945, 0.00156941567548, 0.00121166172903, 0.000371073110728, 0.000771121587604, 0.000850425800309, 0.000285625952529, 0.000189431331819, 0.000112387489935, 9.8643322417e-05, 8.92494572327e-05, 8.4801511548e-05, 6.25820102869e-05, 8.90713126864e-05, 4.76848981634e-05, 3.13070740958e-05, 2.81596912828e-05, 3.62027167284e-05, 3.0048264307e-05, 3.05282519548e-05, 2.10762445931e-05, 1.37825627462e-05, 8.93123433343e-06, 9.64327955444e-06, 1.36635235322e-05, 1.42898343256e-05, 9.78706702881e-06, 7.65500590205e-06, 6.08259779256e-06, 5.85376210438e-06, 7.0903638516e-06, 8.01462101663e-06, 7.0516211963e-06, 4.68366988571e-06, 3.52585198016e-06, 2.86770546154e-06, 1.6433697283e-06, 1.00802742509e-06, 7.88974148236e-07],
        "dvar": [4.59483708255e-05, 2.48337764788e-05, 7.42970223655e-06, 1.13326382234e-06, 1.96790395535e-07, 6.40906307581e-07, 9.88266265267e-07, 1.79093262886e-07, 5.89173829724e-08, 1.63045115187e-08, 2.17667590618e-08, 3.26891189673e-08, 2.67357513906e-08, 1.27156862817e-08, 4.9441712946e-08, 7.64207719328e-09, 2.42737852041e-09, 1.60798818705e-09, 2.90176038753e-09, 1.72259917441e-09, 1.40771816426e-09, 8.61276272524e-10, 3.54240387024e-10, 1.46639034249e-10, 2.170440494e-10, 6.08708583538e-10, 9.86212222998e-10, 3.6197836395e-10, 2.28225507937e-10, 1.81344800287e-10, 1.80081449752e-10, 2.51682341634e-10, 3.30004218396e-10, 2.26027016548e-10, 1.02354492937e-10, 6.59124491098e-11, 4.8335786762e-11, 1.79115090815e-11, 5.85045943982e-12, 3.96665382832e-12],
        "dvar2": [5.82862157898e-05, 5.96537938691e-05, 2.14672454604e-05, 2.83205213236e-06, 5.44170234207e-07, 1.50984089942e-06, 2.25907024287e-06, 5.11327584718e-07, 1.44422472204e-07, 4.10244851423e-08, 4.38311218431e-08, 8.08523097362e-08, 6.30008685221e-08, 3.35184253686e-08, 1.33208530428e-07, 1.78469665713e-08, 5.43283595889e-09, 3.46162631892e-09, 7.01242486301e-09, 3.67518704358e-09, 3.19637449842e-09, 1.92342053396e-09, 7.53328066594e-10, 3.09057307524e-10, 5.51400147764e-10, 1.54596013768e-09, 2.57229970657e-09, 8.58340398757e-10, 4.58742988041e-10, 3.46415340857e-10, 2.89641949314e-10, 4.50990939038e-10, 6.43964381819e-10, 4.89518647839e-10, 2.02129341043e-10, 1.24197208073e-10, 1.02108016486e-10, 3.81052134291e-11, 1.41696073278e-11, 8.96901736908e-12],
        "max": [0.0671261325479, 0.0510664060712, 0.0258802212775, 0.00922755803913, 0.00395075464621, 0.00744767347351, 0.00930494535714, 0.00408906163648, 0.00255060847849, 0.00143777613994, 0.00243726745248, 0.00262476759963, 0.00233513093553, 0.00169280124828, 0.0038312796969, 0.00120535073802, 0.000593275530264, 0.000462363706902, 0.000751550833229, 0.000477948662592, 0.000394129019696, 0.00026247560163, 0.000226516523981, 0.000112151370558, 0.000137388560688, 0.000232865422731, 0.000350557005731, 0.000189047917956, 0.000184296877705, 0.000180317278136, 0.000168265265529, 0.000180944130989, 0.000210781116039, 0.000138568153488, 0.000103046557342, 9.71041954472e-05, 8.45573085826e-05, 5.20971989317e-05, 3.12859920086e-05, 2.18836485146e-05],
        "mean": [0.00461672572419, 0.00254661031067, 0.00104855222162, 0.00108324922621, 0.000326994369971, 0.000757039233577, 0.000795147439931, 0.000184996722965, 0.000159825169249, 0.000104387014289, 0.000100948003819, 7.44186254451e-05, 6.17251353106e-05, 4.21496333729e-05, 5.85984198551e-05, 3.9067108446e-05, 2.74746180366e-05, 2.21406298806e-05, 2.72629804385e-05, 2.68684452749e-05, 2.68022995442e-05, 1.75095501618e-05, 1.11356466732e-05, 6.69520386509e-06, 5.98060842094e-06, 7.56013241698e-06, 7.70371934777e-06, 6.34778871245e-06, 5.860865258e-06, 4.63373135062e-06, 5.02616921949e-06, 5.73290435568e-06, 5.78633489567e-06, 5.15260171596e-06, 3.70257771465e-06, 2.76927448795e-06, 2.09405106943e-06, 1.20463278108e-06, 7.14270413482e-07, 5.38228846381e-07],
        "median": [0.00111560302321, 0.00105724553578, 0.000583569519222, 0.000691131339408, 0.000189531376236, 0.000371843692847, 0.00030727343983, 8.79534636624e-05, 4.95651111123e-05, 4.19930402131e-05, 2.54919978033e-05, 1.63463519129e-05, 1.57247377501e-05, 7.88936813478e-06, 1.11071967694e-05, 8.81663436303e-06, 6.6131492531e-06, 5.73971101403e-06, 4.53714756077e-06, 5.84726240049e-06, 6.47970591672e-06, 4.83274470753e-06, 2.78580478152e-06, 1.77946435542e-06, 1.23797315155e-06, 9.22142589843e-07, 4.95872654938e-07, 5.66175003769e-07, 5.17894875429e-07, 4.70771595928e-07, 7.2937166351e-07, 1.11640986233e-06, 1.0006631328e-06, 5.47614376956e-07, 4.85476846279e-07, 4.5803278681e-07, 3.8789789869e-07, 1.86138734648e-07, 1.37434952308e-07, 7.3106605214e-08],
        "min": [5.67545544388e-24, 7.55859145909e-24, 1.11528397474e-23, 5.81290420142e-24, 1.12002613318e-23, 9.85701422596e-24, 6.77174609349e-24, 4.94830436626e-24, 9.94898199688e-24, 2.37375724782e-23, 9.96370845225e-24, 9.51301328444e-24, 7.28144174612e-24, 6.91112992683e-24, 5.55517939938e-24, 1.35282908373e-23, 3.43400381715e-24, 7.1073551327e-24, 1.05372552954e-23, 2.5197588353e-23, 8.07133211483e-24, 1.18428768915e-23, 8.61362823323e-24, 1.38042643587e-23, 1.07093066477e-23, 1.17151200791e-23, 1.02523084813e-23, 9.96269792144e-24, 1.23175841965e-23, 6.70570029192e-24, 7.30342414411e-24, 8.43813508081e-24, 8.49302638918e-24, 9.71304947734e-24, 9.77849732234e-24, 1.33227089523e-23, 9.95764290075e-24, 9.72961397863e-24, 9.09463853677e-24, 1.2827734233e-23],
        "stdev": [0.010989645496, 0.0052585657686, 0.00214356184006, 0.00121342367493, 0.000441512471298, 0.000970621418674, 0.00125116971321, 0.000354282034095, 0.000284574285615, 0.000160895520821, 0.000207229226362, 0.000193776621018, 0.000171714535099, 0.00010725989705, 0.000197874047444, 9.65036815614e-05, 5.84691078984e-05, 4.68900288979e-05, 5.93025106355e-05, 4.98543668073e-05, 4.5357603085e-05, 3.32926865667e-05, 2.18677141675e-05, 1.42127310028e-05, 1.44091891343e-05, 2.26403826673e-05, 2.75594320556e-05, 1.93805062736e-05, 1.81315335794e-05, 1.54336521518e-05, 1.66856771102e-05, 1.89576167031e-05, 1.99597307073e-05, 1.62518972502e-05, 1.17077806863e-05, 9.35558819037e-06, 7.28235454517e-06, 4.37141625298e-06, 2.34389403886e-06, 1.99621808861e-06],
        "var": [0.000120772310765, 2.76525133813e-05, 4.59485772808e-06, 1.47239688886e-06, 1.94933264197e-07, 9.4210588486e-07, 1.56542557761e-06, 1.25515754235e-07, 8.09825309034e-08, 2.58873669168e-08, 4.29439523941e-08, 3.75493804938e-08, 2.9485880404e-08, 1.15046860927e-08, 3.91541377098e-08, 9.31296018081e-09, 3.41863648501e-09, 2.19867479778e-09, 3.5167877499e-09, 2.48545783954e-09, 2.0573123205e-09, 1.10840303602e-09, 4.78196926501e-10, 2.02001720906e-10, 2.0762472297e-10, 5.12586917356e-10, 7.59522333915e-10, 3.75603992353e-10, 3.28752497447e-10, 2.38197600533e-10, 2.78411821375e-10, 3.59391238991e-10, 3.98390820333e-10, 2.64124166982e-10, 1.37072131423e-10, 8.75270342315e-11, 5.30326893511e-11, 1.91092783958e-11, 5.49383975812e-12, 3.98488663941e-12]
    },
    "melbands128": {
