{
"lowlevel": {
    "average_loudness": 0.967348217964,
    "barkbands_crest": {
        "dmean": 3.1057639122,
        "dmean2": 4.9472284317,
        "dvar": 10.420671463,
        "dvar2": 24.8622379303,
        "max": 25.3367671967,
        "mean": 13.7113571167,
        "median": 13.7472915649,
        "min": 2.9301571846,
        "stdev": 5.19930839539,
        "var": 27.0328083038
    },
    "barkbands_flatness_db": {
        "dmean": 0.0356330350041,
        "dmean2": 0.048517037183,
        "dvar": 0.00141138245817,
        "dvar2": 0.00273876171559,
        "max": 0.526310622692,
        "mean": 0.193360924721,
        "median": 0.189062938094,
        "min": 0.0278674196452,
        "stdev": 0.0720398649573,
        "var": 0.00518974196166
    },
    "barkbands_kurtosis": {
        "dmean": 9.70786380768,
        "dmean2": 15.7897129059,
        "dvar": 477.000518799,
        "dvar2": 1169.29980469,
        "max": 339.268463135,
        "mean": 14.2483911514,
        "median": 7.10529899597,
        "min": -1.82531559467,
        "stdev": 24.7101364136,
        "var": 610.590881348
    },
    "barkbands_skewness": {
        "dmean": 0.970023751259,
        "dmean2": 1.4710007906,
        "dvar": 1.61021828651,
        "dvar2": 3.50355815887,
        "max": 15.9129085541,
        "mean": 2.62553310394,
        "median": 2.31012392044,
        "min": -3.5826818943,
        "stdev": 1.96009874344,
        "var": 3.84198713303
    },
    "barkbands_spread": {
        "dmean": 6.30650138855,
        "dmean2": 9.88510417938,
        "dvar": 95.1277008057,
        "dvar2": 209.686965942,
        "max": 86.6135253906,
        "mean": 14.0593519211,
        "median": 10.1239213943,
        "min": 0.308931738138,
        "stdev": 13.1874237061,
        "var": 173.90814209
    },
    "dissonance": {
        "dmean": 0.0313599668443,
        "dmean2": 0.0503980927169,
        "dvar": 0.00104074855335,
        "dvar2": 0.00253982841969,
        "max": 0.499966561794,
        "mean": 0.437429726124,
        "median": 0.445984572172,
        "min": 0.122789621353,
        "stdev": 0.0474835708737,
        "var": 0.00225468957797
    },
    "dynamic_complexity": 2.46209025383,
    "erbbands_crest": {
        "dmean": 3.00722169876,
        "dmean2": 4.86484289169,
        "dvar": 7.31565856934,
        "dvar2": 18.8625583649,
        "max": 27.0270786285,
        "mean": 9.80974388123,
        "median": 9.15123939514,
        "min": 2.77761054039,
        "stdev": 4.05116510391,
        "var": 16.4119377136
    },
    "erbbands_flatness_db": {
        "dmean": 0.0230756849051,
        "dmean2": 0.0330666489899,
        "dvar": 0.000527514086571,
        "dvar2": 0.00104593695141,
        "max": 0.380504101515,
        "mean": 0.164315879345,
        "median": 0.160510316491,
        "min": 0.0606345571578,
        "stdev": 0.0443537309766,
        "var": 0.00196725339629
    },
    "erbbands_kurtosis": {
        "dmean": 1.54724478722,
        "dmean2": 2.46910667419,
        "dvar": 3.51379537582,
        "dvar2": 8.8605260849,
        "max": 19.3180408478,
        "mean": 1.49640870094,
        "median": 0.864598274231,
        "min": -1.75147211552,
        "stdev": 2.63076853752,
        "var": 6.92094278336
    },
    "erbbands_skewness": {
        "dmean": 0.505614101887,
        "dmean2": 0.777929842472,
        "dvar": 0.266351014376,
        "dvar2": 0.629768311977,
        "max": 4.12094593048,
        "mean": 0.78174328804,
        "median": 0.808032751083,
        "min": -3.16805505753,
        "stdev": 0.813013195992,
        "var": 0.660990476608
    },
    "erbbands_spread": {
        "dmean": 11.8049402237,
        "dmean2": 18.7316608429,
        "dvar": 219.793457031,
        "dvar2": 522.794677734,
        "max": 133.954727173,
        "mean": 36.6525840759,
        "median": 31.1900272369,
        "min": 4.73937892914,
        "stdev": 20.5487575531,
        "var": 422.251403809
    },
    "hfc": {
        "dmean": 8.39593410492,
        "dmean2": 12.8440217972,
        "dvar": 244.935958862,
        "dvar2": 440.105895996,
        "max": 163.397720337,
        "mean": 19.0345401764,
        "median": 15.3296098709,
        "min": 1.13760389404e-16,
        "stdev": 20.0657444,
        "var": 402.634124756
    },
    "loudness_ebu128": {
        "integrated": -8.86586666107,
        "loudness_range": 2.29058647156,
        "momentary": {
            "dmean": 0.763841211796,
            "dmean2": 0.958781778812,
            "dvar": 0.640131592751,
            "dvar2": 0.919139862061,
            "max": -6.47803640366,
            "mean": -9.45323562622,
            "median": -8.73968791962,
            "min": -23.2583389282,
            "stdev": 2.60872650146,
            "var": 6.80545377731
        },
        "short_term": {
            "dmean": 0.0845971852541,
            "dmean2": 0.103232689202,
            "dvar": 0.00557985296473,
            "dvar2": 0.00720821833238,
            "max": -7.64326572418,
            "mean": -9.13132476807,
            "median": -8.96628284454,
            "min": -11.1972389221,
            "stdev": 0.786342322826,
            "var": 0.618334293365
        }
    },
    "melbands_crest": {
        "dmean": 4.06524896622,
        "dmean2": 6.19245290756,
        "dvar": 16.1941242218,
        "dvar2": 35.5587921143,
        "max": 37.0039825439,
        "mean": 19.79712677,
        "median": 20.2683944702,
        "min": 1.75624465942,
        "stdev": 7.64092206955,
        "var": 58.3836936951
    },
    "melbands_flatness_db": {
        "dmean": 0.0434529259801,
        "dmean2": 0.0578760243952,
        "dvar": 0.00234111025929,
        "dvar2": 0.00394495297223,
        "max": 0.669221222401,
        "mean": 0.266158878803,
        "median": 0.269894093275,
        "min": 0.00478410068899,
        "stdev": 0.102561496198,
        "var": 0.0105188600719
    },
    "melbands_kurtosis": {
        "dmean": 21.940820694,
        "dmean2": 35.7781600952,
        "dvar": 4190.85449219,
        "dvar2": 10360.9199219,
        "max": 1319.7611084,
        "mean": 29.8468017578,
        "median": 14.3715925217,
        "min": -1.76447856426,
        "stdev": 65.6624755859,
        "var": 4311.56103516
    },
    "melbands_skewness": {
        "dmean": 1.27009212971,
        "dmean2": 1.92939138412,
        "dvar": 3.2773141861,
        "dvar2": 7.59544324875,
        "max": 29.1533527374,
        "mean": 3.57664728165,
        "median": 3.07926177979,
        "min": -2.81781315804,
        "stdev": 2.58208084106,
        "var": 6.66714143753
    },
    "melbands_spread": {
        "dmean": 8.89949703217,
        "dmean2": 13.914940834,
        "dvar": 402.219146729,
        "dvar2": 960.791320801,
        "max": 197.030349731,
        "mean": 16.2652759552,
        "median": 9.55641174316,
        "min": 0.275363832712,
        "stdev": 23.4916877747,
        "var": 551.859436035
    },
    "pitch_salience": {
        "dmean": 0.0871021747589,
        "dmean2": 0.130824789405,
        "dvar": 0.00864134728909,
        "dvar2": 0.020120177418,
        "max": 0.828782021999,
        "mean": 0.469954252243,
        "median": 0.461686164141,
        "min": 0.0380943641067,
        "stdev": 0.166748762131,
        "var": 0.0278051476926
    },
    "silence_rate_20dB": {
        "dmean": 0,
        "dmean2": 0,
        "dvar": 0,
        "dvar2": 0,
        "max": 1,
        "mean": 1,
        "median": 1,
        "min": 1,
        "stdev": 0,
        "var": 0
    },
    "silence_rate_30dB": {
        "dmean": 0.0494972914457,
        "dmean2": 0.0990712046623,
        "dvar": 0.0470465868711,
        "dvar2": 0.0892549529672,
        "max": 1,
        "mean": 0.861669242382,
        "median": 1,
        "min": 0,
        "stdev": 0.345246225595,
        "var": 0.119194947183
    },
    "silence_rate_60dB": {
        "dmean": 0.0348027832806,
        "dmean2": 0.0696594417095,
        "dvar": 0.0335918627679,
        "dvar2": 0.0709988176823,
        "max": 1,
        "mean": 0.0649149939418,
        "median": 0,
        "min": 0,
        "stdev": 0.246374323964,
        "var": 0.0607003048062
    },
    "spectral_centroid": {
        "dmean": 308.970062256,
        "dmean2": 448.646148682,
        "dvar": 288063.34375,
        "dvar2": 475335.71875,
        "max": 10940.3564453,
        "mean": 992.362426758,
        "median": 734.379943848,
        "min": 134.625045776,
        "stdev": 824.273986816,
        "var": 679427.5625
    },
    "spectral_complexity": {
        "dmean": 3.71152353287,
        "dmean2": 5.3142414093,
        "dvar": 27.3436584473,
        "dvar2": 40.5002670288,
        "max": 59,
        "mean": 13.8601236343,
        "median": 13,
        "min": 0,
        "stdev": 8.85708618164,
        "var": 78.4479827881
    },
    "spectral_decrease": {
        "dmean": 4.92995866352e-09,
        "dmean2": 7.33530081121e-09,
        "dvar": 8.28346606344e-17,
        "dvar2": 2.07004608504e-16,
        "max": -5.63685050553e-30,
        "mean": -1.43462077773e-08,
        "median": -1.1907211217e-08,
        "min": -6.93365507232e-08,
        "stdev": 1.4102093715e-08,
        "var": 1.98869055569e-16
    },
    "spectral_energy": {
        "dmean": 0.0189996752888,
        "dmean2": 0.0283123254776,
        "dvar": 0.00120874983259,
        "dvar2": 0.00302084698342,
        "max": 0.265363782644,
        "mean": 0.0558723956347,
        "median": 0.0469374805689,
        "min": 1.03396809165e-20,
        "stdev": 0.0535751841962,
        "var": 0.00287030055188
    },
    "spectral_energyband_high": {
        "dmean": 0.000649909430649,
        "dmean2": 0.00101847189944,
        "dvar": 2.44739499067e-06,
        "dvar2": 4.68278858534e-06,
        "max": 0.0171884316951,
        "mean": 0.000833592785057,
        "median": 0.000223870563786,
        "min": 7.4067763454e-21,
        "stdev": 0.00190394057427,
        "var": 3.62498963113e-06
    },
    "spectral_energyband_low": {
        "dmean": 0.0160888805985,
        "dmean2": 0.0238268617541,
        "dvar": 0.00116704194807,
        "dvar2": 0.00295433518477,
        "max": 0.250637382269,
        "mean": 0.0377824865282,
        "median": 0.0239165350795,
        "min": 7.20723580958e-23,
        "stdev": 0.0527173392475,
        "var": 0.00277911801822
    },
    "spectral_energyband_middle_high": {
        "dmean": 0.00165559025481,
        "dmean2": 0.00228634360246,
        "dvar": 9.73763599177e-06,
        "dvar2": 1.78987211257e-05,
        "max": 0.0326222293079,
        "mean": 0.0033508669585,
        "median": 0.00197076005861,
        "min": 1.50129161431e-21,
        "stdev": 0.00446572247893,
        "var": 1.99426758627e-05
    },
    "spectral_energyband_middle_low": {
        "dmean": 0.0065818359144,
        "dmean2": 0.0106682367623,
        "dvar": 0.000126727478346,
        "dvar2": 0.000346523942426,
        "max": 0.0878689959645,
        "mean": 0.0151559365913,
        "median": 0.0124993054196,
        "min": 2.23480785596e-22,
        "stdev": 0.013191672042,
        "var": 0.000174020213308
    },
    "spectral_entropy": {
        "dmean": 0.291176378727,
        "dmean2": 0.415594279766,
        "dvar": 0.0990557745099,
        "dvar2": 0.183088302612,
        "max": 9.79765129089,
        "mean": 7.29519796371,
        "median": 7.25732326508,
        "min": 4.80700540543,
        "stdev": 0.587307095528,
        "var": 0.344929605722
    },
    "spectral_flux": {
        "dmean": 0.0435362532735,
        "dmean2": 0.0676374435425,
        "dvar": 0.003606203245,
        "dvar2": 0.00786665081978,
        "max": 0.485304921865,
        "mean": 0.105304911733,
        "median": 0.0850151702762,
        "min": 1.01684223541e-10,
        "stdev": 0.0855243578553,
        "var": 0.00731441518292
    },
    "spectral_kurtosis": {
        "dmean": 3.1197617054,
        "dmean2": 4.83973884583,
        "dvar": 41.7251663208,
        "dvar2": 84.0980377197,
        "max": 122.685600281,
        "mean": 6.41715526581,
        "median": 4.80155849457,
        "min": -1.22856378555,
        "stdev": 8.40616703033,
        "var": 70.6636428833
    },
    "spectral_rms": {
        "dmean": 0.00118523882702,
        "dmean2": 0.00165674800519,
        "dvar": 2.95687254948e-06,
        "dvar2": 6.0961347117e-06,
        "max": 0.0160901062191,
        "mean": 0.00656178267673,
        "median": 0.00676702801138,
        "min": 3.17608135972e-12,
        "stdev": 0.0033841736149,
        "var": 1.14526310426e-05
    },
    "spectral_rolloff": {
        "dmean": 633.707336426,
        "dmean2": 1021.29449463,
        "dvar": 2413000.25,
        "dvar2": 4886955,
        "max": 18970.7519531,
        "mean": 1175.47387695,
        "median": 495.263671875,
        "min": 64.599609375,
        "stdev": 2027.96191406,
        "var": 4112629.75
    },
    "spectral_skewness": {
        "dmean": 0.409963548183,
        "dmean2": 0.613032519817,
        "dvar": 0.256593227386,
        "dvar2": 0.51303344965,
        "max": 8.73120117188,
        "mean": 1.93920874596,
        "median": 1.84625124931,
        "min": 0.00114072358701,
        "stdev": 0.845824182034,
        "var": 0.715418577194
    },
    "spectral_spread": {
        "dmean": 945909.3125,
        "dmean2": 1380493.5,
        "dvar": 1.60809720218e+12,
        "dvar2": 2.66011777434e+12,
        "max": 41329000,
        "mean": 4972450.5,
        "median": 4614235,
        "min": 928302.875,
        "stdev": 2114178,
        "var": 4.46974866227e+12
    },
    "spectral_strongpeak": {
        "dmean": 0.377910882235,
        "dmean2": 0.641485035419,
        "dvar": 0.259492844343,
        "dvar2": 0.678918063641,
        "max": 4.53368711472,
        "mean": 0.783272206783,
        "median": 0.553844928741,
        "min": 0,
        "stdev": 0.6282376647,
        "var": 0.394682586193
    },
    "zerocrossingrate": {
        "dmean": 0.0162545163184,
        "dmean2": 0.0185750946403,
        "dvar": 0.000752072664909,
        "dvar2": 0.00084025535034,
        "max": 0.494140625,
        "mean": 0.0487149208784,
        "median": 0.03271484375,
        "min": 0.0009765625,
        "stdev": 0.05453370139,
        "var": 0.00297392439097
    },
    "barkbands": {
        "dmean": [0.0011548086768, 0.0108920261264, 0.00960419327021, 0.00240098778158, 0.00206697173417, 0.0017686651554, 0.00145766732749, 0.00118617294356, 0.000706666265614, 0.000418480747612, 0.00033205919317, 0.000485624244902, 0.000307070615236, 0.000218381392187, 0.000127921113744, 0.00013025852968, 0.000146116872202, 0.000151864645886, 9.73705828073e-05, 9.51235997491e-05, 0.000107804924482, 0.000138550662086, 0.0001811193506, 0.000117753777886, 7.23010671209e-05, 3.99839918828e-05, 3.3676599287e-06],
        "dmean2": [0.00148632563651, 0.0118618523702, 0.0165290348232, 0.00423530070111, 0.00324341119267, 0.00272900681011, 0.00240852008574, 0.00179999647662, 0.00105188007001, 0.00065398926381, 0.000528952572495, 0.0007205135189, 0.000475457287394, 0.000327887479216, 0.000199049638468, 0.000200342881726, 0.000212838043808, 0.00024043591111, 0.000149872124894, 0.000147486469359, 0.000166081503266, 0.000210774989682, 0.000291045638733, 0.000178488262463, 0.000115644732432, 6.32363080513e-05, 5.67077722735e-06],
        "dvar": [5.19012155564e-06, 0.000380459910957, 0.00117298366968, 5.66188173252e-05, 9.14707470656e-06, 9.16909448279e-06, 7.10193671694e-06, 5.07696586283e-06, 1.46887555275e-06, 7.8138674553e-07, 3.76106726208e-07, 9.84632833934e-07, 5.48062246253e-07, 1.86805095836e-07, 7.15009988994e-08, 8.6858484849e-08, 1.51916808022e-07, 1.72642344864e-07, 5.26133554501e-08, 6.14843997937e-08, 7.47588657646e-08, 1.2363307178e-07, 2.20723094913e-07, 8.25841723895e-08, 3.95711872159e-08, 1.4992886932e-08, 2.25032326107e-10],
        "dvar2": [6.7005148594e-06, 0.000440479721874, 0.00304592354223, 0.000159958595759, 2.14839965338e-05, 1.94740405277e-05, 1.87830391951e-05, 1.17139898066e-05, 2.68554390459e-06, 1.67372309079e-06, 8.74922307048e-07, 1.99252122002e-06, 1.30604712467e-06, 4.15198456949e-07, 1.68394876709e-07, 2.01145667234e-07, 3.2473545275e-07, 4.13195380133e-07, 9.88694068838e-08, 1.28931432641e-07, 1.41122342256e-07, 2.74060994343e-07, 5.01608894865e-07, 1.54356840198e-07, 7.96946793002e-08, 3.32229177502e-08, 5.83969650414e-10],
        "max": [0.0211732275784, 0.217887282372, 0.223348975182, 0.0619194842875, 0.0409072451293, 0.0442960821092, 0.032539434731, 0.0344657376409, 0.0180050805211, 0.018713997677, 0.00590624799952, 0.0113996462896, 0.0133154280484, 0.0044387052767, 0.0031905490905, 0.00559609942138, 0.00893678329885, 0.00482037151232, 0.00236170436256, 0.00256787589751, 0.00324805825949, 0.00378094334155, 0.00535398069769, 0.00482698902488, 0.00262176268734, 0.00147208687849, 0.000308595481329],
        "mean": [0.00267563411035, 0.0259137712419, 0.00799008272588, 0.00243854662403, 0.00429071253166, 0.00329100806266, 0.00198987033218, 0.00186824041884, 0.00116996583529, 0.000640657206532, 0.000463374890387, 0.000668437976856, 0.000402813777328, 0.000288251118036, 0.000157466332894, 0.000189606755157, 0.000208163241041, 0.00020645748009, 0.000136115020723, 0.000125823164126, 0.000142513570609, 0.000150297593791, 0.000180226154043, 0.000151102940436, 8.55788530316e-05, 4.4455533498e-05, 3.18515708386e-06],
        "median": [0.000348213070538, 0.011370440945, 0.00101421528962, 0.000857248320244, 0.00264855008572, 0.0013967466075, 0.000858477375004, 0.000657744938508, 0.000365671614418, 0.000199390982743, 0.000129643391119, 0.000203038463951, 0.000121728342492, 0.000107637402834, 6.54610921629e-05, 7.06653663656e-05, 7.48082020436e-05, 5.89658593526e-05, 3.60221201845e-05, 2.92486383842e-05, 3.37106503139e-05, 3.34220967488e-05, 3.0150911698e-05, 3.98442061851e-05, 1.87203331734e-05, 8.48978015711e-06, 3.40912663432e-07],
        "min": [9.80892368746e-24, 3.76158950987e-23, 1.10753097087e-23, 2.072513514e-23, 6.93841788772e-23, 3.12802470908e-23, 4.94120572252e-23, 2.29464775189e-23, 1.99025441202e-23, 6.06514066148e-23, 2.25592414778e-23, 7.144068877e-23, 1.56874419469e-22, 7.91811560551e-23, 9.50255851086e-23, 1.56748277455e-22, 2.29030807028e-22, 2.05011923596e-22, 3.42014242664e-22, 2.75865718785e-22, 4.85980625804e-22, 5.46650264572e-22, 6.87876611933e-22, 9.17160838949e-22, 1.194184757e-21, 1.5705034681e-21, 2.09489528386e-21],
        "stdev": [0.0040160077624, 0.0381435118616, 0.0290036890656, 0.00609550299123, 0.00511944899336, 0.00507368613034, 0.00310874148272, 0.0030340293888, 0.00197478826158, 0.00133654545061, 0.000780847738497, 0.00130851578433, 0.000850557116792, 0.000522668473423, 0.000293860037345, 0.000390634377254, 0.000458046619315, 0.000467798352474, 0.000291031872621, 0.00030224135844, 0.000344118772773, 0.000386173371226, 0.000483412470203, 0.000381374382414, 0.000243605260039, 0.000134882662678, 1.40669790198e-05],
        "var": [1.61283169291e-05, 0.00145492737647, 0.000841213972308, 3.71551541321e-05, 2.62087560259e-05, 2.57422889263e-05, 9.66427342064e-06, 9.20533420867e-06, 3.89978868043e-06, 1.7863536641e-06, 6.09723201705e-07, 1.71221370238e-06, 7.23447385553e-07, 2.73182337196e-07, 8.63537152895e-08, 1.52595220015e-07, 2.09806700013e-07, 2.1883529655e-07, 8.46995575898e-08, 9.1349846798e-08, 1.18417730732e-07, 1.49129874671e-07, 2.33687629247e-07, 1.45446421129e-07, 5.93435238727e-08, 1.81933330623e-08, 1.97879893027e-10]
    },
    "erbbands": {
        "dmean": [0.542072176933, 1.89739215374, 8.63878631592, 10.5423717499, 6.35098028183, 6.86050653458, 9.49452590942, 18.1926136017, 22.0786037445, 20.0407905579, 24.3201904297, 13.5217247009, 15.695561409, 13.0693340302, 13.5966653824, 18.1187171936, 13.1853160858, 10.952580452, 7.80703115463, 6.03931951523, 8.02910423279, 7.90115785599, 8.33029842377, 5.46859312057, 4.41087627411, 4.78701019287, 4.75668621063, 4.15651321411, 5.21309900284, 4.7767534256, 4.87353944778, 2.88651704788, 1.98221468925, 0.928391575813, 0.488801538944, 0.194067031145, 0.071272008121, 0.0143732037395, 0.000399437558372, 2.9371738492e-05],
        "dmean2": [0.589770257473, 2.18497824669, 14.4140529633, 18.0242977142, 10.4505529404, 11.1147108078, 14.9996118546, 28.1823749542, 37.2700271606, 31.3479347229, 37.2227363586, 19.7075119019, 23.5877075195, 19.6194477081, 21.7162075043, 26.8519496918, 20.0817718506, 16.5302848816, 11.8822755814, 9.01884937286, 12.2658529282, 11.3415689468, 13.1576395035, 8.30326080322, 6.68895673752, 7.45064783096, 7.50485944748, 6.50400209427, 7.93968439102, 7.56221342087, 7.76827430725, 4.49995279312, 2.933406353, 1.44777214527, 0.79060125351, 0.31667894125, 0.113060459495, 0.023011026904, 0.000647018256132, 4.52217791462e-05],
        "dvar": [1.02919995785, 12.2482261658, 856.276977539, 1260.16760254, 184.351119995, 116.513496399, 299.410644531, 1144.2947998, 1635.50195312, 1434.32775879, 2461.19433594, 554.660339355, 851.920532227, 493.869262695, 553.007324219, 1684.76220703, 936.132263184, 457.326965332, 250.753265381, 187.30708313, 352.513214111, 477.651000977, 544.901916504, 197.367248535, 118.354698181, 157.09753418, 175.797653198, 115.333709717, 182.051391602, 155.121551514, 156.186828613, 42.3764152527, 29.3350162506, 6.81522369385, 1.96732270718, 0.34571787715, 0.0467861704528, 0.00281159998849, 2.75877960121e-06, 2.69075051129e-09],
        "dvar2": [1.18593633175, 18.0568084717, 2185.01538086, 3341.35571289, 481.068939209, 283.335327148, 687.907287598, 2395.08349609, 4547.77587891, 3001.38354492, 6036.01171875, 995.516235352, 1585.12988281, 1140.58898926, 1227.99731445, 3322.19067383, 2043.59118652, 1001.24053955, 542.186523438, 410.735961914, 797.429443359, 997.136047363, 1245.47155762, 405.314697266, 219.659179688, 338.498901367, 351.907745361, 225.773345947, 413.08895874, 325.888122559, 361.926147461, 88.6518249512, 58.3032646179, 14.5598726273, 4.05697011948, 0.784336090088, 0.102576114237, 0.0068189734593, 6.97888390278e-06, 6.5100476121e-09],
        "max": [10.9436817169, 37.1152648926, 193.608322144, 239.765213013, 150.268447876, 151.696792603, 212.190231323, 541.659667969, 407.21395874, 681.637145996, 762.188110352, 342.812408447, 409.261962891, 327.10723877, 246.227020264, 393.606414795, 520.327941895, 222.794052124, 165.400604248, 192.329986572, 368.101287842, 521.608093262, 249.276077271, 153.122436523, 128.511444092, 134.516067505, 155.252197266, 137.365951538, 141.032318115, 139.471588135, 144.521209717, 79.0449523926, 94.1524353027, 44.5798721313, 21.2737998962, 6.94977617264, 2.8954398632, 0.809990763664, 0.031017255038, 0.000603105814662],
        "mean": [1.21537280083, 3.9819290638, 8.20645999908, 9.50306892395, 10.922876358, 12.4495811462, 18.5851192474, 34.0283699036, 32.2885398865, 32.0868301392, 38.2857131958, 22.4065036774, 27.3773365021, 21.5531082153, 20.993227005, 24.7135162354, 18.9522171021, 15.6807813644, 10.3805894852, 8.06385135651, 12.3559217453, 12.2994260788, 11.856338501, 7.8102722168, 6.15156030655, 6.26669120789, 6.51720094681, 5.0734629631, 5.55557107925, 5.10317325592, 4.88179397583, 3.42563939095, 2.42097997665, 1.10134291649, 0.546177744865, 0.21565784514, 0.0771283060312, 0.0150221418589, 0.00042106557521, 7.42373958929e-05],
        "median": [0.320719331503, 1.94011378288, 1.33689856529, 2.80410909653, 4.06502628326, 7.5376367569, 7.92604875565, 11.7014293671, 15.4926166534, 17.2418632507, 14.1003952026, 8.71044635773, 9.27562332153, 8.84322357178, 8.00433349609, 7.80894899368, 6.2455906868, 6.17496013641, 4.17407131195, 3.42246055603, 4.75283718109, 4.27085018158, 3.33159208298, 2.51648664474, 1.81025981903, 1.48611068726, 1.43688607216, 1.09696531296, 1.18961191177, 1.02544188499, 0.844479441643, 0.751860618591, 0.616878211498, 0.256108880043, 0.114011630416, 0.0407571643591, 0.012956418097, 0.00237857317552, 8.92186071724e-05, 5.91327770962e-05],
        "min": [1.3972019606e-21, 7.07111792349e-21, 1.09114719383e-20, 5.77861848958e-20, 1.06242476878e-19, 2.1885027659e-19, 3.92805894121e-19, 2.01064342457e-19, 5.52634507561e-19, 6.07120119028e-19, 5.88696790533e-19, 4.71286722689e-19, 1.22551584718e-18, 1.62063789871e-18, 1.34069020092e-18, 3.30876360245e-18, 5.53551375231e-18, 5.98907135783e-18, 3.98432966014e-18, 6.83968103406e-18, 9.74736564379e-18, 1.34298157394e-17, 1.02765279709e-17, 1.55089813583e-17, 1.51207805338e-17, 1.24287766513e-17, 2.31589263342e-17, 1.89312641261e-17, 1.95829070865e-17, 1.91733865089e-17, 1.7902282877e-17, 1.79265523561e-17, 1.73342943463e-17, 1.26473682272e-17, 8.43081505468e-18, 4.75315516202e-18, 3.07276731932e-18, 1.36104794298e-18, 2.69838568428e-19, 3.06814472387e-20],
        "stdev": [1.87910318375, 6.22825622559, 25.7861232758, 29.8183097839, 20.1844120026, 15.0799255371, 31.9437561035, 58.0721664429, 44.4325294495, 52.9316978455, 63.7004241943, 37.1677742004, 46.0565719604, 32.2916107178, 32.1069068909, 50.9632720947, 38.0723495483, 27.3909015656, 18.6911869049, 15.6912498474, 25.771944046, 27.0409240723, 26.8893203735, 16.717212677, 13.5663547516, 15.0190353394, 16.2524909973, 13.1194200516, 14.6023139954, 13.471950531, 12.8558101654, 8.13476657867, 6.75896024704, 3.10933232307, 1.66994428635, 0.644479334354, 0.236815556884, 0.0534764491022, 0.00160015153233, 6.81236269884e-05],
        "var": [3.53102898598, 38.7911758423, 664.924194336, 889.131591797, 407.410461426, 227.404144287, 1020.40356445, 3372.37646484, 1974.24963379, 2801.76464844, 4057.74414062, 1381.44335938, 2121.20776367, 1042.74804688, 1030.85339355, 2597.25512695, 1449.50390625, 750.261474609, 349.360473633, 246.215316772, 664.193054199, 731.211547852, 723.035522461, 279.465209961, 184.045974731, 225.571411133, 264.143493652, 172.119171143, 213.22756958, 181.493438721, 165.271850586, 66.1744232178, 45.6835441589, 9.66794776917, 2.78871393204, 0.415353626013, 0.0560816079378, 0.00285973073915, 2.56048497249e-06, 4.6408281662e-09]
    },
    "gfcc": {
        "mean": [-16.605386734, 91.7592697144, -98.4595947266, 19.8610496521, -66.2077713013, 11.8465909958, -42.0065460205, 8.45996189117, -20.6409435272, 1.99063777924, -11.7770957947, 3.43187880516, -10.9565124512],
        "cov": [[7812.99609375, 95.8857727051, 285.831268311, 490.019622803, 17.8783969879, 753.156982422, 339.094024658, 321.948120117, 126.528434753, 197.146987915, 97.2767028809, 242.829849243, -143.78326416], [95.8857727051, 3164.8815918, 1055.72045898, 129.698242188, 778.225585938, 317.10458374, 604.526000977, 203.951766968, 452.91696167, -12.3656845093, 344.24230957, -50.4200401306, 166.842895508], [285.831268311, 1055.72045898, 1401.47314453, 447.290222168, 486.146850586, 443.351074219, 439.679382324, 254.593338013, 279.436828613, 122.740104675, 170.468582153, 57.3766136169, 84.0890579224], [490.019622803, 129.698242188, 447.290222168, 641.465515137, 266.55279541, 166.020141602, 203.371154785, 129.506958008, 131.401092529, 97.971321106, 99.8096084595, 54.4651298523, 50.7500915527], [17.8783969879, 778.225585938, 486.146850586, 266.55279541, 587.058105469, 233.039825439, 295.681060791, 158.982833862, 192.021331787, 106.080093384, 164.697128296, 43.7613487244, 74.943359375], [753.156982422, 317.10458374, 443.351074219, 166.020141602, 233.039825439, 587.825866699, 377.711334229, 173.291412354, 173.801696777, 120.802955627, 116.269500732, 77.9219207764, 0.370843559504], [339.094024658, 604.526000977, 439.679382324, 203.371154785, 295.681060791, 377.711334229, 501.511260986, 201.472183228, 201.077407837, 86.0161819458, 140.654632568, 54.5832862854, 33.6109657288], [321.948120117, 203.951766968, 254.593338013, 129.506958008, 158.982833862, 173.291412354, 201.472183228, 251.945144653, 142.278411865, 74.2360458374, 71.8314590454, 62.3202018738, 45.9543609619], [126.528434753, 452.91696167, 279.436828613, 131.401092529, 192.021331787, 173.801696777, 201.077407837, 142.278411865, 236.33013916, 85.4802322388, 105.652404785, 33.7367935181, 62.2361221313], [197.146987915, -12.3656845093, 122.740104675, 97.971321106, 106.080093384, 120.802955627, 86.0161819458, 74.2360458374, 85.4802322388, 150.16885376, 70.499130249, 37.5908737183, 9.20311260223], [97.2767028809, 344.24230957, 170.468582153, 99.8096084595, 164.697128296, 116.269500732, 140.654632568, 71.8314590454, 105.652404785, 70.499130249, 157.430740356, 44.6554679871, 39.0889587402], [242.829849243, -50.4200401306, 57.3766136169, 54.4651298523, 43.7613487244, 77.9219207764, 54.5832862854, 62.3202018738, 33.7367935181, 37.5908737183, 44.6554679871, 109.453048706, 35.6999511719], [-143.78326416, 166.842895508, 84.0890579224, 50.7500915527, 74.943359375, 0.370843559504, 33.6109657288, 45.9543609619, 62.2361221313, 9.20311260223, 39.0889587402, 35.6999511719, 128.648208618]],
        "icov": [[0.00018996844301, -0.000142075747135, 0.00011250506941, -0.000236739433603, 0.000207497243537, -0.000306250964059, 0.000175616049091, -0.000233115250012, 0.000176978181116, -0.000186009943718, 0.000183387543075, -0.000418334268034, 0.000321880128467], [-0.000142075747135, 0.00115066452418, -0.000560287560802, 0.000777637993451, -0.000936863187235, 0.000557394523639, -0.000654948118608, 0.000602360116318, -0.00134361279197, 0.00171923241578, -0.00156662042718, 0.00132505805232, -0.000456206180388], [0.00011250506941, -0.000560287560802, 0.00161720078904, -0.000905764929485, -4.02999512517e-06, -0.000864799250849, 0.000229634868447, -0.000609659473412, 0.000263780530076, -0.000518212618772, 0.000823516573291, -0.000314286124194, 6.17045661784e-05], [-0.000236739433603, 0.000777637993451, -0.000905764929485, 0.00288350321352, -0.0011371888686, 0.000857051520143, -0.000799040601123, 0.000465303688543, -0.000830531294923, 0.000392141722841, -0.000985922059044, 0.000626082997769, -0.000616466451902], [0.000207497243537, -0.000936863187235, -4.02999512517e-06, -0.0011371888686, 0.00418172311038, -0.000472083629575, -0.000212837418076, -0.000718343711924, 0.000881629879586, -0.00186429766472, -0.00040793599328, -0.000529205135535, -0.000246650801273], [-0.000306250964059, 0.000557394523639, -0.000864799250849, 0.000857051520143, -0.000472083629575, 0.0046563684009, -0.00292035727762, 0.000721483607776, -0.00111137737986, -0.000607715162914, -0.000278592924587, -0.000710950756911, 0.00079191615805], [0.000175616049091, -0.000654948118608, 0.000229634868447, -0.000799040601123, -0.000212837418076, -0.00292035727762, 0.00624286895618, -0.00222121109255, -0.000434647838119, 0.000683021324221, -0.000803787610494, -0.000185125769349, 0.000962609483395], [-0.000233115250012, 0.000602360116318, -0.000609659473412, 0.000465303688543, -0.000718343711924, 0.000721483607776, -0.00222121109255, 0.00825268309563, -0.00333154387772, -0.000257379841059, 0.000712853448931, -0.00183115748223, -0.00085636402946], [0.000176978181116, -0.00134361279197, 0.000263780530076, -0.000830531294923, 0.000881629879586, -0.00111137737986, -0.000434647838119, -0.00333154387772, 0.011724752374, -0.00423330022022, -0.000693066162057, 0.000746466685086, -0.00247703585774], [-0.000186009943718, 0.00171923241578, -0.000518212618772, 0.000392141722841, -0.00186429766472, -0.000607715162914, 0.000683021324221, -0.000257379841059, -0.00423330022022, 0.013278182596, -0.00501439254731, 0.000669402128551, 0.00118364731316], [0.000183387543075, -0.00156662042718, 0.000823516573291, -0.000985922059044, -0.00040793599328, -0.000278592924587, -0.000803787610494, 0.000712853448931, -0.000693066162057, -0.00501439254731, 0.0144845787436, -0.00464205117896, -0.000137717710459], [-0.000418334268034, 0.00132505805232, -0.000314286124194, 0.000626082997769, -0.000529205135535, -0.000710950756911, -0.000185125769349, -0.00183115748223, 0.000746466685086, 0.000669402128551, -0.00464205117896, 0.0152659397572, -0.00444960640743], [0.000321880128467, -0.000456206180388, 6.17045661784e-05, -0.000616466451902, -0.000246650801273, 0.00079191615805, 0.000962609483395, -0.00085636402946, -0.00247703585774, 0.00118364731316, -0.000137717710459, -0.00444960640743, 0.0115134539083]]
    },
    "melbands": {
        "dmean": [0.00371623202227, 0.00322894216515, 0.00165627722163, 0.000421089614974, 0.000336789526045, 0.000385821331292, 0.000330963463057, 0.000234759514569, 0.000174938279088, 9.21790488064e-05, 8.15008097561e-05, 5.69475632801e-05, 4.66904493805e-05, 5.5041131418e-05, 4.53223146906e-05, 2.61247605522e-05, 2.00357299036e-05, 1.45550548041e-05, 9.07476351131e-06, 7.58993974159e-06, 9.80844743026e-06, 8.56123369886e-06, 8.99980659597e-06, 6.70720237395e-06, 4.49781282441e-06, 3.76930779566e-06, 2.88251135316e-06, 3.3933188206e-06, 3.25582368532e-06, 2.54409974332e-06, 2.55241639024e-06, 3.04863556266e-06, 2.6860145681e-06, 2.85670080302e-06, 2.86771478386e-06, 2.71902695204e-06, 1.53872929332e-06, 1.52049108237e-06, 1.09147401872e-06, 6.90194099207e-07],
        "dmean2": [0.00405278382823, 0.00502282660455, 0.00280823605135, 0.000674210430589, 0.000530789024197, 0.000602149462793, 0.000556482176762, 0.000364265666576, 0.000269456097158, 0.000135351714562, 0.000123377554701, 8.69320720085e-05, 7.4535033491e-05, 8.36891849758e-05, 6.9897629146e-05, 4.14034875575e-05, 3.04708355543e-05, 2.24288905883e-05, 1.40414513226e-05, 1.14118374768e-05, 1.53288219735e-05, 1.24373182189e-05, 1.42712497109e-05, 1.05956596599e-05, 6.83526559442e-06, 5.82564689466e-06, 4.28931480201e-06, 5.44195563634e-06, 5.34740001967e-06, 3.79702669306e-06, 4.08843106925e-06, 4.74173384646e-06, 4.14450187236e-06, 4.72655892736e-06, 4.5650112952e-06, 4.58921840618e-06, 2.33522132476e-06, 2.24992732001e-06, 1.70854571024e-06, 1.07356493118e-06],
        "dvar": [4.58721951873e-05, 9.22885665204e-05, 2.83085646515e-05, 4.13341837202e-07, 3.63851654583e-07, 4.90985257784e-07, 3.38615336659e-07, 1.58204002787e-07, 1.15346324492e-07, 2.60400554453e-08, 2.32782095821e-08, 1.04172590554e-08, 7.13888903547e-09, 1.26640546938e-08, 1.32932003183e-08, 3.41582917507e-09, 1.67118907601e-09, 9.83475634264e-10, 4.17823164955e-10, 2.58221777294e-10, 5.30415933397e-10, 6.42553454888e-10, 5.98408267383e-10, 3.27462224003e-10, 1.29885421862e-10, 8.24309370762e-11, 5.75280517667e-11, 8.12284337015e-11, 8.20108772559e-11, 5.0300884985e-11, 4.3517394549e-11, 6.72836994453e-11, 4.29439400706e-11, 5.5222579981e-11, 4.95020274771e-11, 5.59980152526e-11, 1.14623224107e-11, 1.65989461759e-11, 1.2773657132e-11, 3.26665430816e-12],
        "dvar2": [5.13992563356e-05, 0.000230967169045, 7.44562057662e-05, 1.03998502254e-06, 8.2660994849e-07, 1.04284060853e-06, 9.3307158977e-07, 3.26309162801e-07, 2.81210702724e-07, 4.73909516074e-08, 4.37454765745e-08, 2.37212471887e-08, 1.64972835393e-08, 2.62111363725e-08, 2.93568422904e-08, 7.35057081869e-09, 3.69616315332e-09, 2.17057993801e-09, 9.73441882657e-10, 5.44919387391e-10, 1.22840260186e-09, 1.43211309478e-09, 1.31210797782e-09, 7.63588803299e-10, 2.73878641988e-10, 1.596394128e-10, 1.2492430701e-10, 1.83467602222e-10, 1.74549832921e-10, 9.41250688502e-11, 8.87184006815e-11, 1.58106416848e-10, 9.06119276833e-11, 1.14371630222e-10, 1.08379083485e-10, 1.48528939148e-10, 2.14932776438e-11, 3.32965946481e-11, 2.87420538758e-11, 6.95538852208e-12],
        "max": [0.0752066448331, 0.0674655735493, 0.0354422703385, 0.0100323818624, 0.00721006235108, 0.0106673296541, 0.0057308669202, 0.00645912438631, 0.00504090869799, 0.0020375342574, 0.00208360026591, 0.0017779993359, 0.000895519799087, 0.00155611184891, 0.00157585088164, 0.00123775936663, 0.000430219137343, 0.000366630149074, 0.000270885066129, 0.000186985271284, 0.000471882871352, 0.000653520051856, 0.000251150137046, 0.000197198547539, 0.000131477281684, 8.28460833873e-05, 0.000100313103758, 8.55126272654e-05, 0.000115649629151, 9.76106675807e-05, 8.64874964464e-05, 8.68971692398e-05, 6.54029427096e-05, 8.12535217847e-05, 7.86464297562e-05, 8.65547190187e-05, 3.80879282602e-05, 7.2157527029e-05, 7.3193506978e-05, 2.98873255815e-05],
        "mean": [0.00864113681018, 0.00436724023893, 0.0017271352699, 0.000791315338574, 0.000667941640131, 0.000717840914149, 0.000487712473841, 0.000379880570108, 0.000270406977506, 0.00015168171376, 0.000139499432407, 8.94712793524e-05, 6.8638852099e-05, 7.52121850383e-05, 5.49347132619e-05, 3.8198166294e-05, 2.6973657441e-05, 1.78307127499e-05, 1.09336151581e-05, 1.07670466605e-05, 1.45055419125e-05, 1.26116301544e-05, 1.23502459246e-05, 8.89636066859e-06, 6.023041351e-06, 5.24846063854e-06, 3.49921924681e-06, 4.28215071224e-06, 4.34600133303e-06, 3.23800645674e-06, 2.88143405669e-06, 3.14064618578e-06, 2.92138179248e-06, 2.9551042644e-06, 2.88272303806e-06, 2.54189103543e-06, 1.9266626623e-06, 1.80692939011e-06, 1.29181353259e-06, 7.95645178187e-07],
        "median": [0.00286620273255, 0.00130255729891, 0.000612801522948, 0.000506213575136, 0.000281429704046, 0.000267559109489, 0.000248773547355, 0.000198616515263, 9.50457251747e-05, 4.74165099149e-05, 4.35713409388e-05, 3.38274403475e-05, 2.40454628511e-05, 2.28210374189e-05, 1.21931643662e-05, 1.3434297216e-05, 1.00961733551e-05, 6.29302667221e-06, 4.66790515929e-06, 4.33871537098e-06, 5.32246804141e-06, 4.14227088186e-06, 3.0243436413e-06, 3.00867304759e-06, 1.74437570877e-06, 1.39552776091e-06, 1.00455758911e-06, 8.19916067485e-07, 9.24434971239e-07, 6.48052605356e-07, 5.54893119897e-07, 6.12824692325e-07, 6.76729769111e-07, 4.58696433725e-07, 4.4727133286e-07, 4.08572930155e-07, 4.19568380039e-07, 4.53723515648e-07, 2.84009274765e-07, 1.71152635176e-07],
        "min": [1.21272502038e-23, 7.8346044235e-24, 1.0334663982e-23, 1.14283896504e-23, 1.35184521641e-23, 4.60303414754e-24, 9.79097079098e-24, 5.90590104138e-24, 4.81629953782e-24, 2.85866409036e-24, 6.81234087567e-24, 7.34790958828e-24, 3.69188126378e-24, 6.81886712194e-24, 1.08866709782e-23, 1.49076930162e-23, 1.03233067516e-23, 5.53651140049e-24, 9.06964978988e-24, 1.01711883367e-23, 1.09729991825e-23, 1.5625289805e-23, 9.01578715613e-24, 8.96768320699e-24, 1.25046609824e-23, 1.44094989556e-23, 6.13796380375e-24, 8.32741608618e-24, 1.71627655097e-23, 8.9588006332e-24, 1.26901269144e-23, 1.14765937849e-23, 9.34892942729e-24, 1.19393198704e-23, 9.2194197659e-24, 1.17009758031e-23, 1.00262596e-23, 1.04068013675e-23, 1.34435971528e-23, 9.77775815968e-24],
        "stdev": [0.0129870558158, 0.00979108270258, 0.00456756260246, 0.000988508225419, 0.0011303719366, 0.00118029292207, 0.000646806205623, 0.000565855007153, 0.000442091695732, 0.000261859793682, 0.000240825247602, 0.000147563914652, 0.00011018213263, 0.000149740735651, 0.000129300970002, 7.8113291238e-05, 4.99099623994e-05, 3.55834672519e-05, 2.1940064471e-05, 2.0175732061e-05, 3.09036222461e-05, 2.92636905215e-05, 2.92096119665e-05, 1.98369907594e-05, 1.34081165015e-05, 1.14148533612e-05, 8.45886279421e-06, 1.06665756903e-05, 1.08187759906e-05, 8.75655041455e-06, 7.7733920989e-06, 8.67524613568e-06, 7.26632697479e-06, 7.95771575213e-06, 7.46519481254e-06, 6.96883626006e-06, 4.61631771032e-06, 5.04447052663e-06, 4.03252715842e-06, 2.1538553483e-06],
        "var": [0.000168663609657, 9.58652963163e-05, 2.08626261156e-05, 9.77148488346e-07, 1.27774069369e-06, 1.39309133829e-06, 4.18358297338e-07, 3.20191873016e-07, 1.9544506813e-07, 6.85705501269e-08, 5.79968002512e-08, 2.1775107939e-08, 1.21401022568e-08, 2.24222880263e-08, 1.67187419464e-08, 6.10168626736e-09, 2.49100451377e-09, 1.26618326934e-09, 4.81366391192e-10, 4.0706019111e-10, 9.55033940819e-10, 8.56363591151e-10, 8.53201453932e-10, 3.93506199847e-10, 1.7977758171e-10, 1.30298868917e-10, 7.15523543193e-11, 1.13775829036e-10, 1.17045914627e-10, 7.66771784955e-11, 6.04256228387e-11, 7.52598955378e-11, 5.27995078214e-11, 6.33252408844e-11, 5.57291365832e-11, 4.85646800552e-11, 2.13103892172e-11, 2.54466829552e-11, 1.62612735777e-11, 4.63909249557e-12]
    },
    "melbands128": {
