{
"lowlevel": {
    "average_loudness": 0.980391800404,
    "barkbands_crest": {
        "dmean": 3.32498550415,
        "dmean2": 5.08144950867,
        "dvar": 8.03010749817,
        "dvar2": 16.5574398041,
        "max": 24.2676696777,
        "mean": 12.1013364792,
        "median": 11.2954082489,
        "min": 3.08703780174,
        "stdev": 4.94669485092,
        "var": 24.4697875977
    },
    "barkbands_flatness_db": {
        "dmean": 0.0363362841308,
        "dmean2": 0.0459120683372,
        "dvar": 0.000952295318712,
        "dvar2": 0.00177469977643,
        "max": 0.358359515667,
        "mean": 0.155188664794,
        "median": 0.146468356252,
        "min": 0.03034684062,
        "stdev": 0.0594752132893,
        "var": 0.00353730120696
    },
    "barkbands_kurtosis": {
        "dmean": 10.0999097824,
        "dmean2": 14.1430683136,
        "dvar": 460.554504395,
        "dvar2": 828.715698242,
        "max": 298.696716309,
        "mean": 13.1424484253,
        "median": 3.88979959488,
        "min": -1.79339933395,
        "stdev": 30.5346660614,
        "var": 932.365844727
    },
    "barkbands_skewness": {
        "dmean": 1.07296407223,
        "dmean2": 1.40031445026,
        "dvar": 1.54462981224,
        "dvar2": 2.39909911156,
        "max": 14.8547992706,
        "mean": 2.43700385094,
        "median": 1.88987350464,
        "min": -3.04075670242,
        "stdev": 2.2834379673,
        "var": 5.21408891678
    },
    "barkbands_spread": {
        "dmean": 6.85747098923,
        "dmean2": 9.94082641602,
        "dvar": 59.7606468201,
        "dvar2": 120.415596008,
        "max": 111.876808167,
        "mean": 18.1899452209,
        "median": 15.6912784576,
        "min": 0.98369961977,
        "stdev": 12.3647537231,
        "var": 152.887145996
    },
    "dissonance": {
        "dmean": 0.02518754825,
        "dmean2": 0.0414720550179,
        "dvar": 0.000745771452785,
        "dvar2": 0.00173266592901,
        "max": 0.499835193157,
        "mean": 0.454906672239,
        "median": 0.465333491564,
        "min": 0.140135958791,
        "stdev": 0.0379776842892,
        "var": 0.00144230457954
    },
    "dynamic_complexity": 2.08042907715,
    "erbbands_crest": {
        "dmean": 3.71490454674,
        "dmean2": 5.72735738754,
        "dvar": 10.8281402588,
        "dvar2": 25.1072635651,
        "max": 30.1894874573,
        "mean": 10.6392869949,
        "median": 9.71111488342,
        "min": 2.3202688694,
        "stdev": 4.92159891129,
        "var": 24.2221336365
    },
    "erbbands_flatness_db": {
        "dmean": 0.0261393561959,
        "dmean2": 0.0377080887556,
        "dvar": 0.000653573719319,
        "dvar2": 0.00121153960936,
        "max": 0.342299610376,
        "mean": 0.143400087953,
        "median": 0.137968048453,
        "min": 0.0567317083478,
        "stdev": 0.0493556559086,
        "var": 0.00243598083034
    },
    "erbbands_kurtosis": {
        "dmean": 1.30386281013,
        "dmean2": 2.03521347046,
        "dvar": 4.02373313904,
        "dvar2": 9.33257675171,
        "max": 25.987033844,
        "mean": 0.708891987801,
        "median": -0.0554475784302,
        "min": -1.65574455261,
        "stdev": 2.55410051346,
        "var": 6.52342987061
    },
    "erbbands_skewness": {
        "dmean": 0.482303529978,
        "dmean2": 0.724352777004,
        "dvar": 0.224103182554,
        "dvar2": 0.510076642036,
        "max": 3.1211783886,
        "mean": 0.472564667463,
        "median": 0.514815568924,
        "min": -4.10519552231,
        "stdev": 0.794106602669,
        "var": 0.630605340004
    },
    "erbbands_spread": {
        "dmean": 12.6345291138,
        "dmean2": 18.1812438965,
        "dvar": 187.253311157,
        "dvar2": 339.279449463,
        "max": 148.497055054,
        "mean": 45.6767044067,
        "median": 42.0010070801,
        "min": 3.65848135948,
        "stdev": 24.4413909912,
        "var": 597.381591797
    },
    "hfc": {
        "dmean": 10.9124069214,
        "dmean2": 14.7287912369,
        "dvar": 160.456863403,
        "dvar2": 303.08114624,
        "max": 139.675201416,
        "mean": 21.6410503387,
        "median": 16.0357398987,
        "min": 0.000111765453767,
        "stdev": 18.7191066742,
        "var": 350.404937744
    },
    "loudness_ebu128": {
        "integrated": -9.59630012512,
        "loudness_range": 0.562693595886,
        "momentary": {
            "dmean": 0.421007186174,
            "dmean2": 0.695212900639,
            "dvar": 0.0985421687365,
            "dvar2": 0.26137393713,
            "max": -8.028465271,
            "mean": -9.66681098938,
            "median": -9.5321893692,
            "min": -14.5115470886,
            "stdev": 0.837390363216,
            "var": 0.701222598553
        },
        "short_term": {
            "dmean": 0.0614088252187,
            "dmean2": 0.100482359529,
            "dvar": 0.00208160071634,
            "dvar2": 0.00445384858176,
            "max": -9.09753608704,
            "mean": -9.55301380157,
            "median": -9.53567028046,
            "min": -11.0586595535,
            "stdev": 0.286165267229,
            "var": 0.081890553236
        }
    },
    "melbands_crest": {
        "dmean": 3.71562075615,
        "dmean2": 5.83009386063,
        "dvar": 11.0237016678,
        "dvar2": 25.9718036652,
        "max": 30.1647720337,
        "mean": 14.8976774216,
        "median": 14.192779541,
        "min": 3.43146157265,
        "stdev": 5.37424230576,
        "var": 28.8824825287
    },
    "melbands_flatness_db": {
        "dmean": 0.0432577691972,
        "dmean2": 0.0520308166742,
        "dvar": 0.00141814362723,
        "dvar2": 0.00260922382586,
        "max": 0.464803129435,
        "mean": 0.228012382984,
        "median": 0.21507191658,
        "min": 0.0393721535802,
        "stdev": 0.0764126032591,
        "var": 0.00583888590336
    },
    "melbands_kurtosis": {
        "dmean": 25.0558223724,
        "dmean2": 33.8953781128,
        "dvar": 2825.18579102,
        "dvar2": 4277.78857422,
        "max": 660.232177734,
        "mean": 37.6194000244,
        "median": 12.1568937302,
        "min": -1.92366707325,
        "stdev": 80.6727676392,
        "var": 6508.09521484
    },
    "melbands_skewness": {
        "dmean": 1.4042340517,
        "dmean2": 1.85819792747,
        "dvar": 2.9204044342,
        "dvar2": 4.50058221817,
        "max": 20.4766025543,
        "mean": 3.75219678879,
        "median": 2.91496896744,
        "min": -0.72201192379,
        "stdev": 3.19383168221,
        "var": 10.2005615234
    },
    "melbands_spread": {
        "dmean": 7.82323694229,
        "dmean2": 11.4959878922,
        "dvar": 220.071304321,
        "dvar2": 525.783752441,
        "max": 291.12991333,
        "mean": 17.3974971771,
        "median": 14.5823287964,
        "min": 0.56725949049,
        "stdev": 16.9246845245,
        "var": 286.444976807
    },
    "pitch_salience": {
        "dmean": 0.101247176528,
        "dmean2": 0.149875387549,
        "dvar": 0.00999617483467,
        "dvar2": 0.0205280184746,
        "max": 0.843462884426,
        "mean": 0.483286619186,
        "median": 0.502040684223,
        "min": 0.0819138810039,
        "stdev": 0.164809808135,
        "var": 0.0271622724831
    },
    "silence_rate_20dB": {
        "dmean": 0,
        "dmean2": 0,
        "dvar": 0,
        "dvar2": 0,
        "max": 1,
        "mean": 1,
        "median": 1,
        "min": 1,
        "stdev": 0,
        "var": 0
    },
    "silence_rate_30dB": {
        "dmean": 0.0433436520398,
        "dmean2": 0.0867544561625,
        "dvar": 0.041464112699,
        "dvar2": 0.102463819087,
        "max": 1,
        "mean": 0.968290805817,
        "median": 1,
        "min": 0,
        "stdev": 0.175226151943,
        "var": 0.0307042039931
    },
    "silence_rate_60dB": {
        "dmean": 0.0208978336304,
        "dmean2": 0.0410534478724,
        "dvar": 0.0204611718655,
        "dvar2": 0.0548603758216,
        "max": 1,
        "mean": 0.0139211136848,
        "median": 0,
        "min": 0,
        "stdev": 0.117164127529,
        "var": 0.0137274330482
    },
    "spectral_centroid": {
        "dmean": 308.856262207,
        "dmean2": 452.900268555,
        "dvar": 134540.921875,
        "dvar2": 289586.75,
        "max": 6134.82324219,
        "mean": 1126.05554199,
        "median": 1031.34143066,
        "min": 206.188461304,
        "stdev": 570.403015137,
        "var": 325359.625
    },
    "spectral_complexity": {
        "dmean": 5.68188858032,
        "dmean2": 7.72656869888,
        "dvar": 32.9956092834,
        "dvar2": 61.7931785583,
        "max": 42,
        "mean": 14.9419956207,
        "median": 14,
        "min": 0,
        "stdev": 8.06655693054,
        "var": 65.0693359375
    },
    "spectral_decrease": {
        "dmean": 4.11802325573e-09,
        "dmean2": 5.23375653927e-09,
        "dvar": 1.7223108037e-17,
        "dvar2": 2.6586805806e-17,
        "max": -4.05931832473e-14,
        "mean": -9.65480495552e-09,
        "median": -7.0835937116e-09,
        "min": -3.82255684883e-08,
        "stdev": 7.76442110606e-09,
        "var": 6.0286233297e-17
    },
    "spectral_energy": {
        "dmean": 0.0162384863943,
        "dmean2": 0.020616337657,
        "dvar": 0.000259371008724,
        "dvar2": 0.0004050397838,
        "max": 0.145790472627,
        "mean": 0.0384024083614,
        "median": 0.0281729195267,
        "min": 1.63345745818e-07,
        "stdev": 0.0302131399512,
        "var": 0.000912833842449
    },
    "spectral_energyband_high": {
        "dmean": 0.000438664312242,
        "dmean2": 0.000615737517364,
        "dvar": 6.21336596396e-07,
        "dvar2": 1.39144117384e-06,
        "max": 0.0133478082716,
        "mean": 0.000659405603074,
        "median": 0.000379438919481,
        "min": 7.69970309733e-09,
        "stdev": 0.000945705338381,
        "var": 8.94358606729e-07
    },
    "spectral_energyband_low": {
        "dmean": 0.0102774901316,
        "dmean2": 0.0131404334679,
        "dvar": 0.000268485688139,
        "dvar2": 0.000381239427952,
        "max": 0.143621742725,
        "mean": 0.0187007691711,
        "median": 0.00522621814162,
        "min": 6.38548911525e-08,
        "stdev": 0.027773367241,
        "var": 0.000771359889768
    },
    "spectral_energyband_middle_high": {
        "dmean": 0.00372554385103,
        "dmean2": 0.00535590341315,
        "dvar": 4.02178957302e-05,
        "dvar2": 8.00086127128e-05,
        "max": 0.0803861096501,
        "mean": 0.0055965767242,
        "median": 0.00300176697783,
        "min": 8.97043506143e-09,
        "stdev": 0.00827741064131,
        "var": 6.85155318934e-05
    },
    "spectral_energyband_middle_low": {
        "dmean": 0.0078480951488,
        "dmean2": 0.0117897689342,
        "dvar": 8.94858821994e-05,
        "dvar2": 0.000185866796528,
        "max": 0.084318742156,
        "mean": 0.0148313585669,
        "median": 0.0113010536879,
        "min": 8.15501266516e-08,
        "stdev": 0.0129444822669,
        "var": 0.000167559628608
    },
    "spectral_entropy": {
        "dmean": 0.260071069002,
        "dmean2": 0.346190601587,
        "dvar": 0.0611661598086,
        "dvar2": 0.121474593878,
        "max": 8.84568500519,
        "mean": 7.48442173004,
        "median": 7.50755214691,
        "min": 5.34449625015,
        "stdev": 0.449739575386,
        "var": 0.202265694737
    },
    "spectral_flux": {
        "dmean": 0.0419246554375,
        "dmean2": 0.0624404847622,
        "dvar": 0.00133511004969,
        "dvar2": 0.00275024049915,
        "max": 0.308824360371,
        "mean": 0.114107370377,
        "median": 0.105380885303,
        "min": 0.000404160557082,
        "stdev": 0.0589844435453,
        "var": 0.00347916479222
    },
    "spectral_kurtosis": {
        "dmean": 1.39617431164,
        "dmean2": 2.22998404503,
        "dvar": 2.352247715,
        "dvar2": 5.46913290024,
        "max": 22.78175354,
        "mean": 4.08619499207,
        "median": 3.68908262253,
        "min": -1.27204227448,
        "stdev": 2.4183716774,
        "var": 5.8485212326
    },
    "spectral_rms": {
        "dmean": 0.00132047524676,
        "dmean2": 0.00169511826243,
        "dvar": 1.42022133787e-06,
        "dvar2": 2.27409213949e-06,
        "max": 0.011926215142,
        "mean": 0.00564763415605,
        "median": 0.00524268765002,
        "min": 1.26238546727e-05,
        "stdev": 0.00236008036882,
        "var": 5.56997974854e-06
    },
    "spectral_rolloff": {
        "dmean": 557.264892578,
        "dmean2": 916.588378906,
        "dvar": 1200998.375,
        "dvar2": 2474880,
        "max": 11412.5976562,
        "mean": 1084.25097656,
        "median": 689.0625,
        "min": 86.1328125,
        "stdev": 1356.40283203,
        "var": 1839828.5
    },
    "spectral_skewness": {
        "dmean": 0.237714976072,
        "dmean2": 0.365268439054,
        "dvar": 0.0531984232366,
        "dvar2": 0.120155282319,
        "max": 4.01322412491,
        "mean": 1.60639750957,
        "median": 1.57144713402,
        "min": -0.0820142999291,
        "stdev": 0.397583425045,
        "var": 0.158072575927
    },
    "spectral_spread": {
        "dmean": 884358.0625,
        "dmean2": 1267378,
        "dvar": 1.1388902441e+12,
        "dvar2": 1.96136284979e+12,
        "max": 17795734,
        "mean": 5498726.5,
        "median": 5094214,
        "min": 2359814.75,
        "stdev": 1818282,
        "var": 3.3061493801e+12
    },
    "spectral_strongpeak": {
        "dmean": 0.701282501221,
        "dmean2": 1.12990677357,
        "dvar": 1.36594247818,
        "dvar2": 2.94621038437,
        "max": 13.5967121124,
        "mean": 1.12495851517,
        "median": 0.636388719082,
        "min": 0,
        "stdev": 1.49131202698,
        "var": 2.2240114212
    },
    "zerocrossingrate": {
        "dmean": 0.0138529017568,
        "dmean2": 0.0161261409521,
        "dvar": 0.000312492542434,
        "dvar2": 0.000366806489183,
        "max": 0.33203125,
        "mean": 0.0525021292269,
        "median": 0.04736328125,
        "min": 0.005859375,
        "stdev": 0.0330024734139,
        "var": 0.00108916324098
    },
    "barkbands": {
        "dmean": [4.69286933367e-05, 0.00794178433716, 0.00513631431386, 0.0016611124156, 0.00234110630117, 0.0024727366399, 0.0016272442881, 0.000905125867575, 0.00202153553255, 0.000628101464827, 0.000451088591944, 0.000889945134986, 0.00113942415919, 0.000695910886861, 0.000353947049007, 0.000189432044863, 0.000183744676178, 0.000126439437736, 0.000241570262006, 0.000207650489756, 7.33092310838e-05, 6.45512627671e-05, 6.82449972373e-05, 8.28372285469e-05, 8.49880743772e-05, 5.28357304574e-05, 1.51928861669e-05],
        "dmean2": [6.52725066175e-05, 0.0115908263251, 0.00780475744978, 0.0026801195927, 0.00399889796972, 0.00390939507633, 0.00270119681954, 0.00147132168058, 0.00289281574078, 0.000902366242371, 0.000709774438292, 0.0013539781794, 0.00171969435178, 0.00108829536475, 0.000540159177035, 0.000292350974632, 0.000288707902655, 0.000195936649106, 0.000355942436727, 0.000317854923196, 0.000109234097181, 9.53021517489e-05, 0.000105264734884, 0.00012182789942, 0.000125219899928, 7.42275296943e-05, 2.36438681895e-05],
        "dvar": [5.35327160378e-09, 0.000227313517826, 9.5144037914e-05, 1.2073887774e-05, 1.72737745743e-05, 1.51369658852e-05, 1.09051570689e-05, 6.12851999904e-06, 2.60789329332e-05, 3.88643729821e-06, 2.54671658695e-06, 1.24177158796e-05, 1.5186258679e-05, 5.47018225916e-06, 1.39001815569e-06, 1.64599185837e-07, 8.5196923294e-08, 4.7241972112e-08, 1.95007871184e-07, 1.29452445208e-07, 1.26524888344e-08, 9.78914727057e-09, 2.09375929927e-08, 5.28642480901e-08, 6.13726882648e-08, 1.00027248706e-08, 1.63475455395e-09],
        "dvar2": [1.03920205774e-08, 0.000375914620236, 0.000227418699069, 3.06539623125e-05, 4.26024416811e-05, 3.73160328309e-05, 2.89875115413e-05, 1.40460660987e-05, 4.80050439364e-05, 7.39531151339e-06, 6.64502977088e-06, 2.90503612632e-05, 3.20916115015e-05, 1.068644724e-05, 3.16419254887e-06, 3.32400304615e-07, 1.85658805663e-07, 1.0898045133e-07, 4.09527814327e-07, 2.66828550366e-07, 2.86580608133e-08, 2.23559428747e-08, 5.11526856428e-08, 1.30920057018e-07, 1.35503043452e-07, 2.07584136547e-08, 3.95556876143e-09],
        "max": [0.000630309572443, 0.108035825193, 0.0739818438888, 0.0265895221382, 0.0298947393894, 0.0466055832803, 0.0367841459811, 0.036668729037, 0.0583333745599, 0.0377489477396, 0.0235163234174, 0.058727286756, 0.0536462925375, 0.0495588183403, 0.0224494300783, 0.0106354393065, 0.00514731556177, 0.00291597191244, 0.005777716171, 0.00553677231073, 0.00203562807292, 0.00109421298839, 0.00291677005589, 0.00512154167518, 0.00618975423276, 0.00157940923236, 0.000383230188163],
        "mean": [6.58638600726e-05, 0.0114325359464, 0.00597503548488, 0.00206923880614, 0.00333530525677, 0.00343910697848, 0.0017699780874, 0.00101588922553, 0.00281956978142, 0.000801607500762, 0.000539635075256, 0.00102226063609, 0.00113701040391, 0.000729432271328, 0.00038586766459, 0.000232420687098, 0.000271042255918, 0.000173630731297, 0.000313460215693, 0.000301892723655, 0.000103610494989, 8.94256590982e-05, 8.15143503132e-05, 0.000106002029497, 0.000109641427116, 6.69063592795e-05, 1.45233052535e-05],
        "median": [8.30775570648e-06, 0.0020559662953, 0.00122210534755, 0.00118339573964, 0.0012388973264, 0.00178627495188, 0.000476812012494, 0.000218958928599, 0.000319808808854, 0.000153077897266, 9.92402492557e-05, 0.00013259302068, 0.000186542296433, 0.000141628464917, 0.000127419014461, 0.00010841852054, 0.000120313692605, 7.23166012904e-05, 0.000143916127854, 0.00012666733528, 6.01546307735e-05, 5.20073554071e-05, 3.82359648938e-05, 4.29658975918e-05, 3.54420808435e-05, 1.91106955754e-05, 1.08881818051e-06],
        "min": [3.63769592227e-09, 2.83244485644e-08, 1.73544076887e-08, 1.61978128688e-08, 3.37460654976e-08, 1.54509809391e-08, 2.37119479607e-09, 4.54666393424e-09, 8.1591222667e-09, 1.57860724492e-09, 7.43823502791e-10, 8.16957779204e-10, 1.29952171246e-09, 5.48542211654e-10, 7.01099595046e-11, 3.03466529683e-10, 1.13438403115e-09, 1.85776483086e-09, 1.00592612018e-09, 1.92886262518e-09, 2.44696235496e-10, 4.70720962209e-10, 3.68118424632e-10, 2.14757811534e-09, 1.87038740052e-09, 7.58083651409e-10, 1.71282762279e-11],
        "stdev": [0.000107393316284, 0.021084241569, 0.010571975261, 0.00332060735673, 0.00494381366298, 0.00459573604167, 0.00337232230231, 0.00273355678655, 0.00707126362249, 0.00266468664631, 0.00176499481313, 0.00386437913403, 0.00436751265079, 0.00272140209563, 0.00117982632946, 0.00048501449055, 0.000417855771957, 0.000283123663394, 0.000514136860147, 0.00048085427261, 0.000129370600916, 0.000109759828774, 0.000143500132253, 0.000248018914135, 0.000305025983835, 0.00012953580881, 4.06074323109e-05],
        "var": [1.15333236295e-08, 0.000444545265054, 0.000111766661576, 1.10264336399e-05, 2.44412931352e-05, 2.11207880056e-05, 1.13725582196e-05, 7.47233252696e-06, 5.00027708767e-05, 7.10055519448e-06, 3.11520670948e-06, 1.49334255184e-05, 1.90751670743e-05, 7.40602990845e-06, 1.39199028126e-06, 2.35239042468e-07, 1.74603442815e-07, 8.01590047672e-08, 2.64336705413e-07, 2.31220823821e-07, 1.67367506521e-08, 1.20472192222e-08, 2.05922887631e-08, 6.15133757265e-08, 9.3040853244e-08, 1.67795253248e-08, 1.64896363231e-09]
    },
    "erbbands": {
        "dmean": [0.139603883028, 2.15451431274, 5.55232477188, 5.92477321625, 4.91063261032, 10.3919095993, 10.8438539505, 25.3502140045, 27.7234630585, 15.389424324, 23.205953598, 48.079624176, 26.6902751923, 16.3108463287, 20.7288284302, 41.3957481384, 53.7607498169, 29.187707901, 26.601726532, 15.2742643356, 10.5413284302, 8.51585102081, 6.31476306915, 9.99587059021, 12.7833995819, 10.0546340942, 3.48987793922, 2.76919054985, 2.29533076286, 2.51708483696, 1.74858748913, 1.52733814716, 1.50017046928, 1.04568326473, 0.569976449013, 0.260814577341, 0.093435049057, 0.032034881413, 0.00139216391835, 3.70689995179e-05],
        "dmean2": [0.184435486794, 3.06805896759, 7.70245409012, 9.72954654694, 7.58226203918, 17.0957508087, 17.9139328003, 39.9944992065, 46.0097427368, 24.6362838745, 37.4214096069, 67.7253341675, 37.3471374512, 24.6340084076, 32.0674362183, 62.9993057251, 82.190574646, 43.6029663086, 40.7343406677, 23.6091823578, 15.6926631927, 13.5201330185, 9.56350040436, 15.1208457947, 18.3085594177, 15.1674509048, 5.13831615448, 4.10311412811, 3.4068145752, 3.91126775742, 2.63305258751, 2.24444079399, 2.22712063789, 1.55965054035, 0.85137206316, 0.381594508886, 0.132535234094, 0.0470154508948, 0.00212817476131, 5.15635765623e-05],
        "dvar": [0.0611546933651, 16.0338783264, 96.8341140747, 171.53364563, 76.8199234009, 444.202453613, 255.859344482, 1784.3092041, 3135.38525391, 1420.86364746, 3217.07177734, 17560.3984375, 6579.86083984, 3150.97607422, 4490.87695312, 23419.5722656, 32389.0253906, 8051.35546875, 8427.14355469, 1202.45507812, 582.564819336, 192.819747925, 77.4865264893, 344.227813721, 628.015930176, 364.86706543, 22.2902488708, 22.3275489807, 10.8661499023, 23.8886108398, 11.7255744934, 11.9145412445, 26.3735599518, 10.3779993057, 2.75752520561, 0.350422888994, 0.0298773963004, 0.00530105782673, 1.34860019898e-05, 3.68659902605e-09],
        "dvar2": [0.102231889963, 26.9456825256, 195.611740112, 456.654815674, 182.393096924, 1075.02868652, 646.441101074, 4418.82324219, 8244.71191406, 3397.13793945, 6947.81933594, 30955.9882812, 12326.1123047, 7475.96142578, 11661.1230469, 55599.765625, 72173.8984375, 15060.3056641, 17032.0957031, 2727.74804688, 1081.03894043, 442.976226807, 169.240737915, 748.174743652, 1251.46789551, 691.262817383, 48.9933128357, 51.8762512207, 23.2574501038, 60.3470916748, 26.5834140778, 26.8229846954, 66.3839263916, 23.1953105927, 6.30211162567, 0.784063816071, 0.0593178570271, 0.0121324788779, 3.26823719661e-05, 7.97157895249e-09],
        "max": [1.78948926926, 30.3135757446, 95.6781997681, 98.9291610718, 67.9961090088, 172.69354248, 110.104888916, 497.5418396, 748.663391113, 768.317260742, 784.90612793, 1658.80578613, 1213.13427734, 1495.58618164, 968.723632812, 2567.31347656, 2480.98413086, 1958.71948242, 1671.75512695, 440.834869385, 707.299865723, 172.98425293, 135.37562561, 242.302352905, 337.800872803, 340.315856934, 57.3934173584, 85.333366394, 27.1766300201, 74.5383071899, 65.2107391357, 80.4008331299, 140.884170532, 79.6499176025, 39.8332214355, 13.8437509537, 1.76375544071, 0.650253236294, 0.0331910103559, 0.000571495678741],
        "mean": [0.197696238756, 3.00465869904, 7.52381134033, 7.04890680313, 8.35481071472, 12.0434627533, 14.6190919876, 33.6515083313, 30.5668869019, 20.0834217072, 30.8731784821, 66.3059387207, 37.6745147705, 21.675825119, 26.5750274658, 45.2100486755, 54.3592720032, 34.6984367371, 28.1196861267, 18.1532077789, 14.2527809143, 13.1514644623, 9.678150177, 13.9572381973, 18.0008506775, 14.4500770569, 5.37144041061, 3.6545715332, 3.21536612511, 2.9526848793, 2.21850967407, 2.01229834557, 1.84897065163, 1.29731690884, 0.737440109253, 0.320352613926, 0.11968254298, 0.0344143770635, 0.00138510030229, 7.09992455086e-05],
        "median": [0.0286782570183, 0.591962695122, 1.53715205193, 3.92986631393, 3.5701520443, 4.02622509003, 6.80116319656, 14.3881874084, 9.35126590729, 5.79722452164, 7.09355640411, 8.32947444916, 6.90726184845, 6.04491472244, 5.7613825798, 8.31042575836, 9.6547870636, 8.68827438354, 7.05107688904, 7.21068668365, 7.35696935654, 6.35557365417, 5.11869764328, 5.80422925949, 7.54282331467, 6.4887509346, 3.44754743576, 2.01384687424, 1.91688871384, 1.45760130882, 1.05592107773, 0.887711405754, 0.695547521114, 0.411221146584, 0.234356045723, 0.0987721011043, 0.0308519359678, 0.00523277139291, 0.000147252445458, 4.06658473366e-05],
        "min": [1.05736739897e-06, 5.6533717725e-06, 1.8071348677e-05, 4.12159897678e-05, 7.69053585827e-05, 0.000119575837743, 0.000144536898006, 0.000114232745545, 4.78553920402e-05, 4.74945700262e-05, 0.000126712024212, 0.00018597736198, 0.000109530978079, 2.30252571782e-05, 3.06142392219e-05, 4.03208359785e-05, 6.43948296783e-05, 3.24644170178e-05, 7.19457648302e-06, 1.26802715386e-05, 1.39815301736e-05, 6.9648034696e-05, 0.000113018992124, 6.91348614055e-05, 3.05184184981e-05, 9.12130999495e-05, 4.60424962512e-05, 6.36686218058e-06, 7.57388670536e-06, 2.14683295781e-05, 1.41326354424e-05, 3.91587709601e-05, 3.68900182366e-05, 3.40395090461e-05, 5.79949164603e-06, 2.32030470215e-06, 1.55100531174e-06, 4.67136572979e-07, 1.35681439417e-08, 8.1542134156e-10],
        "stdev": [0.365783452988, 5.55461549759, 12.6631669998, 11.9155092239, 11.7162466049, 22.5345134735, 18.6052150726, 48.5275230408, 57.6027565002, 45.9511070251, 66.8050537109, 181.664199829, 112.210609436, 66.7116470337, 73.656791687, 156.076751709, 194.676879883, 116.151565552, 101.365730286, 36.2486610413, 30.2931213379, 18.767747879, 12.61257267, 23.5204486847, 30.5782814026, 24.9916095734, 6.06425857544, 5.14228868484, 3.82701683044, 4.72972583771, 3.65797686577, 3.73416757584, 5.53124237061, 3.83011007309, 2.01211810112, 0.738577663898, 0.224863991141, 0.0799908712506, 0.00370630971156, 8.10223282315e-05],
        "var": [0.133797541261, 30.8537559509, 160.355789185, 141.979370117, 137.270431519, 507.804290771, 346.154022217, 2354.92041016, 3318.07739258, 2111.50415039, 4462.91552734, 33001.8828125, 12591.2207031, 4450.44433594, 5425.32275391, 24359.9511719, 37899.0898438, 13491.1865234, 10275.0107422, 1313.96533203, 917.673156738, 352.22833252, 159.076980591, 553.211547852, 935.031311035, 624.580566406, 36.7752304077, 26.4431343079, 14.6460580826, 22.3703079224, 13.3807954788, 13.9440069199, 30.5946407318, 14.6697425842, 4.04861927032, 0.545496940613, 0.0505638159811, 0.00639853952453, 1.37367314892e-05, 6.56461818238e-09]
    },
    "gfcc": {
        "mean": [10.9335803986, 81.0050125122, -97.5471496582, 30.0026130676, -54.3136482239, 13.9261903763, -39.1243362427, 10.6955480576, -29.0910701752, 8.78690338135, -15.4674434662, -1.14740097523, -15.17278862],
        "cov": [[3424.95947266, -395.603851318, -231.533477783, -161.786407471, -76.6537704468, -45.9502372742, -60.4581756592, 18.9258804321, -55.3824081421, 41.1151847839, -64.3826370239, 16.9881305695, -112.113182068], [-395.603851318, 784.364379883, -205.136993408, -59.1464004517, -69.1544952393, -129.620895386, 60.8702545166, -115.412063599, -50.4973945618, -40.3594245911, 74.3915710449, -61.9818840027, 92.2085266113], [-231.533477783, -205.136993408, 1003.96795654, 255.263153076, 366.417022705, 315.886932373, 120.093177795, 184.747314453, 130.144287109, 58.8678512573, -11.5483207703, 104.851959229, -55.9041213989], [-161.786407471, -59.1464004517, 255.263153076, 501.407348633, 260.528167725, 24.2911891937, -31.366607666, 96.3596496582, 118.525871277, -32.342880249, -34.7200393677, 35.0175476074, -8.21363449097], [-76.6537704468, -69.1544952393, 366.417022705, 260.528167725, 398.191162109, 169.899688721, 131.241409302, 137.904724121, 104.406829834, 28.0843830109, -0.892540514469, 39.4000740051, -17.8341941833], [-45.9502372742, -129.620895386, 315.886932373, 24.2911891937, 169.899688721, 305.64276123, 178.300689697, 111.891921997, 47.531917572, 50.2657203674, 23.4087638855, 27.1094074249, -19.4704303741], [-60.4581756592, 60.8702545166, 120.093177795, -31.366607666, 131.241409302, 178.300689697, 299.168273926, 97.402923584, 8.4717874527, 33.0284309387, 50.5509605408, -0.520782887936, 9.26997566223], [18.9258804321, -115.412063599, 184.747314453, 96.3596496582, 137.904724121, 111.891921997, 97.402923584, 174.871276855, 83.8896789551, 32.4538497925, 15.679901123, 37.7417144775, -5.1088180542], [-55.3824081421, -50.4973945618, 130.144287109, 118.525871277, 104.406829834, 47.531917572, 8.4717874527, 83.8896789551, 143.475402832, 56.3839263916, -2.49824547768, 7.07688093185, -14.151922226], [41.1151847839, -40.3594245911, 58.8678512573, -32.342880249, 28.0843830109, 50.2657203674, 33.0284309387, 32.4538497925, 56.3839263916, 127.601150513, 47.9129943848, -4.12634992599, 5.8767118454], [-64.3826370239, 74.3915710449, -11.5483207703, -34.7200393677, -0.892540514469, 23.4087638855, 50.5509605408, 15.679901123, -2.49824547768, 47.9129943848, 110.469863892, 41.0701141357, 33.8350372314], [16.9881305695, -61.9818840027, 104.851959229, 35.0175476074, 39.4000740051, 27.1094074249, -0.520782887936, 37.7417144775, 7.07688093185, -4.12634992599, 41.0701141357, 138.125335693, 30.1093902588], [-112.113182068, 92.2085266113, -55.9041213989, -8.21363449097, -17.8341941833, -19.4704303741, 9.26997566223, -5.1088180542, -14.151922226, 5.8767118454, 33.8350372314, 30.1093902588, 104.84614563]],
        "icov": [[0.000350825604983, 8.30539065646e-05, 0.000172038082383, 6.58101562294e-05, -9.048586071e-05, 6.43465609755e-05, 3.22621017403e-05, -0.000241344314418, 0.000373675429728, -0.000437829439761, 0.000376322452212, -0.000310368166538, 0.000423596589826], [8.30539065646e-05, 0.00250347144902, -0.000355433265213, 0.000238827517023, -0.000266869203188, 0.00145379255991, -0.00144378072582, 0.0020994481165, -0.00155015708879, 0.00213549216278, -0.00263670948334, 0.00186293118168, -0.00184220762458], [0.000172038082383, -0.000355433265213, 0.00230940431356, -0.000395084149204, -0.000909379741643, -0.00188699387945, 0.00072608323535, -0.000697493727785, 0.000592132273596, -0.00133763451595, 0.00148588104639, -0.00180313829333, 0.00128689827397], [6.58101562294e-05, 0.000238827517023, -0.000395084149204, 0.00458038412035, -0.002935401164, 0.00104795815423, 0.00131784880068, -0.000409839994973, -0.00265060528181, 0.00293365353718, -0.000818385451566, 0.00064404605655, -0.00087574654026], [-9.048586071e-05, -0.000266869203188, -0.000909379741643, -0.002935401164, 0.00688413064927, -0.0010384384077, -0.00216305721551, -0.00062326999614, -0.000613927317318, -0.000891767791472, 0.000948858098127, -0.000637712306343, 0.000406165170716], [6.43465609755e-05, 0.00145379255991, -0.00188699387945, 0.00104795815423, -0.0010384384077, 0.00871386006474, -0.00395594676957, 3.28972091665e-05, -0.000692029658239, 0.000169315346284, -0.00116098008584, 0.000825752678793, -0.000306242494844], [3.22621017403e-05, -0.00144378072582, 0.00072608323535, 0.00131784880068, -0.00216305721551, -0.00395594676957, 0.00833307858557, -0.00422875909135, 0.00261092302389, -0.000144313104101, -0.00130920077208, 0.00125706975814, 0.000171245555975], [-0.000241344314418, 0.0020994481165, -0.000697493727785, -0.000409839994973, -0.00062326999614, 3.28972091665e-05, -0.00422875909135, 0.0141738634557, -0.00725358491763, 0.00277221039869, -0.00248164054938, -0.000544862414245, -0.0017209838843], [0.000373675429728, -0.00155015708879, 0.000592132273596, -0.00265060528181, -0.000613927317318, -0.000692029658239, 0.00261092302389, -0.00725358491763, 0.0171163920313, -0.00943961180747, 0.00459329923615, -0.00135114998557, 0.00279887556098], [-0.000437829439761, 0.00213549216278, -0.00133763451595, 0.00293365353718, -0.000891767791472, 0.000169315346284, -0.000144313104101, 0.00277221039869, -0.00943961180747, 0.0178354848176, -0.0102649759501, 0.00554717285559, -0.00335630821064], [0.000376322452212, -0.00263670948334, 0.00148588104639, -0.000818385451566, 0.000948858098127, -0.00116098008584, -0.00130920077208, -0.00248164054938, 0.00459329923615, -0.0102649759501, 0.0194954965264, -0.00798643566668, 0.000587549235206], [-0.000310368166538, 0.00186293118168, -0.00180313829333, 0.00064404605655, -0.000637712306343, 0.000825752678793, 0.00125706975814, -0.000544862414245, -0.00135114998557, 0.00554717285559, -0.00798643566668, 0.0131177138537, -0.00465715583414], [0.000423596589826, -0.00184220762458, 0.00128689827397, -0.00087574654026, 0.000406165170716, -0.000306242494844, 0.000171245555975, -0.0017209838843, 0.00279887556098, -0.00335630821064, 0.000587549235206, -0.00465715583414, 0.013855417259]]
    },
    "melbands": {
        "dmean": [0.00179102143738, 0.00248761032708, 0.000915826472919, 0.000521423644386, 0.000400027667638, 0.000545286398847, 0.000392654997995, 0.000165974139236, 0.000229744211538, 0.000288289913442, 0.000127082617837, 6.45072723273e-05, 7.00360906194e-05, 9.70129112829e-05, 0.000134037341923, 8.30991120893e-05, 5.88387447351e-05, 5.26179246663e-05, 2.42279184022e-05, 1.50403029693e-05, 1.3423053133e-05, 9.20568163565e-06, 9.11333063414e-06, 5.72151839151e-06, 8.74371198734e-06, 8.94516415428e-06, 9.88691863313e-06, 6.03458283877e-06, 2.293594207e-06, 2.0730549295e-06, 1.48637366237e-06, 1.35844538818e-06, 1.31400940973e-06, 1.49660297666e-06, 1.06593586224e-06, 8.58402415815e-07, 1.00102079159e-06, 1.11612280307e-06, 9.72941165855e-07, 8.86512509624e-07],
        "dmean2": [0.00256129936315, 0.00319318333641, 0.00144473137334, 0.00086244114209, 0.000652918068226, 0.000861131353304, 0.000649838941172, 0.000266666378593, 0.000355764204869, 0.000406611303333, 0.000178538379259, 9.76915180217e-05, 0.000109091146442, 0.000148675215314, 0.000205210482818, 0.000128388783196, 8.91526069609e-05, 8.18665212137e-05, 3.79844641429e-05, 2.36832165683e-05, 2.0357187168e-05, 1.47415548781e-05, 1.40119018397e-05, 9.01319435798e-06, 1.34002857521e-05, 1.33427711262e-05, 1.44324703797e-05, 9.31138583837e-06, 3.48247635884e-06, 3.1657270938e-06, 2.19277558244e-06, 2.07314519685e-06, 2.01453235604e-06, 2.39356427301e-06, 1.64349728493e-06, 1.29078932787e-06, 1.49253378368e-06, 1.67108305504e-06, 1.46782781485e-06, 1.33900618948e-06],
        "dvar": [1.09315960799e-05, 1.70136536326e-05, 3.3275421174e-06, 8.57841257584e-07, 4.05034683126e-07, 7.87887813658e-07, 6.18636761374e-07, 1.92897175566e-07, 2.94101852205e-07, 5.74050261548e-07, 1.61539730925e-07, 5.76855754275e-08, 5.98770881766e-08, 1.7218970072e-07, 1.76091106141e-07, 8.27542407933e-08, 3.54493856491e-08, 3.78068740758e-08, 6.39277564218e-09, 7.85779330492e-10, 1.30503030604e-09, 2.84526097127e-10, 2.23833826474e-10, 9.83751483052e-11, 2.82781825733e-10, 3.36539018875e-10, 3.35775129923e-10, 1.39324635162e-10, 1.0041203112e-11, 1.36250333932e-11, 5.9282327311e-12, 3.75853124665e-12, 5.59702674832e-12, 1.04638979773e-11, 4.22039573428e-12, 3.40014041228e-12, 5.18063890398e-12, 1.48010857043e-11, 1.01350204271e-11, 7.08105752853e-12],
        "dvar2": [1.80600800377e-05, 2.58952513832e-05, 8.52131870488e-06, 2.08991673389e-06, 9.86088707577e-07, 1.94643757823e-06, 1.63103925388e-06, 4.62357121478e-07, 5.90876538809e-07, 1.0415790257e-06, 3.0266420481e-07, 1.36733603995e-07, 1.57017012725e-07, 4.02717660108e-07, 3.9418367237e-07, 1.70668471355e-07, 6.90627572908e-08, 7.57285576469e-08, 1.47767327263e-08, 1.88246263022e-09, 2.58198573633e-09, 6.48096076805e-10, 4.85762374769e-10, 2.33701197283e-10, 6.21334872442e-10, 6.89768797635e-10, 6.6298150303e-10, 2.70388322843e-10, 2.33730777788e-11, 3.33641586581e-11, 1.31909778239e-11, 8.12643181913e-12, 1.38998890523e-11, 2.73592693639e-11, 9.803886869e-12, 7.26578302732e-12, 1.19918189961e-11, 3.68392365224e-11, 2.53478054518e-11, 1.57448273169e-11],
        "max": [0.0234208796173, 0.0394931808114, 0.0137603329495, 0.00658434676006, 0.00458010425791, 0.0109640881419, 0.00987255759537, 0.00899439584464, 0.00614735903218, 0.00904031097889, 0.00590501213446, 0.0065050101839, 0.00369763607159, 0.00897646602243, 0.00522518716753, 0.00549692986533, 0.00320487981662, 0.00398011319339, 0.00161232321989, 0.000354661344318, 0.00104538246524, 0.000242824986344, 0.000170022656675, 0.00016254534421, 0.000216497224756, 0.000285995862214, 0.000263355264906, 0.000212153448956, 4.24834252044e-05, 6.9347624958e-05, 4.031062781e-05, 1.68940023286e-05, 3.15102588502e-05, 6.00155944994e-05, 3.77284559363e-05, 4.0695478674e-05, 5.20575740666e-05, 0.000104939790617, 8.43732996145e-05, 5.82436696277e-05],
        "mean": [0.0025539312046, 0.00396311702207, 0.0012474807445, 0.000757092493586, 0.000520183821209, 0.000736235873774, 0.000436336646089, 0.000208852463402, 0.000310729374178, 0.000396460003685, 0.000175715293153, 8.3240600361e-05, 8.69131254149e-05, 0.000111735396786, 0.000137511233333, 8.67296330398e-05, 6.56369593344e-05, 5.15932370035e-05, 2.63205383817e-05, 1.79041144293e-05, 1.74206670636e-05, 1.34880428959e-05, 1.25615206343e-05, 7.84642179497e-06, 1.14123868116e-05, 1.17080153359e-05, 1.44406958498e-05, 8.03908096714e-06, 3.32798140334e-06, 2.65363360086e-06, 1.90052901416e-06, 1.83440874935e-06, 1.70493467522e-06, 1.62141930105e-06, 1.29256193304e-06, 1.12355292003e-06, 1.27092732782e-06, 1.32871662117e-06, 1.16449075449e-06, 1.07656455839e-06],
        "median": [0.000421300355811, 0.000887691858225, 0.000731311913114, 0.000249702337896, 0.000234130333411, 0.000344567204593, 0.00014341037604, 5.07657896378e-05, 5.71096861677e-05, 4.3572686991e-05, 2.54631740972e-05, 2.07492194022e-05, 1.57174781634e-05, 1.51032827489e-05, 2.21003683691e-05, 1.7564618247e-05, 1.36089383886e-05, 9.67108462646e-06, 9.6511312222e-06, 7.02433453625e-06, 7.41054009268e-06, 6.47277693133e-06, 5.01031809108e-06, 3.29724548465e-06, 3.97140684072e-06, 4.99196130477e-06, 4.93572588312e-06, 3.34625451615e-06, 2.01143143386e-06, 1.39998689974e-06, 9.70015094026e-07, 1.03150102859e-06, 8.91402692105e-07, 7.37469235901e-07, 5.99850636718e-07, 5.21907395523e-07, 5.3529078059e-07, 4.94901655657e-07, 3.62449071645e-07, 3.32393000235e-07],
        "min": [9.60621271417e-09, 8.88045459391e-09, 8.09519296041e-09, 7.0946608588e-09, 5.25748156122e-09, 2.58295118627e-09, 6.58708476653e-10, 5.93320836906e-10, 1.12407494424e-09, 1.17098064578e-09, 5.14318532208e-10, 8.0466730501e-11, 1.05551054008e-10, 7.80141923284e-11, 1.67421312924e-10, 9.68897739817e-11, 5.89569226772e-11, 1.27354741336e-11, 7.35081873843e-12, 2.36803163883e-11, 1.17685843709e-11, 5.35588587369e-11, 1.167464736e-10, 8.98615487577e-11, 5.32896157757e-11, 3.25938477597e-11, 1.26563525285e-11, 7.91316734361e-11, 4.53064148698e-11, 2.66278579047e-12, 3.67454721165e-12, 2.23462524526e-12, 1.31164020617e-11, 9.9111179333e-12, 7.58752435881e-12, 9.69360963027e-12, 2.73822908792e-11, 2.27012818266e-11, 2.95355614965e-11, 2.77275598315e-11],
        "stdev": [0.00471487781033, 0.00635219784454, 0.00180335214827, 0.00116907653864, 0.0006968092639, 0.00103396445047, 0.000814388797153, 0.000512900471222, 0.000690299377311, 0.00103296944872, 0.000559609208722, 0.00028725413722, 0.000265541108092, 0.000460719573312, 0.000462668336695, 0.000329742528265, 0.000232511214563, 0.000216592277866, 7.68124809838e-05, 3.09343304252e-05, 4.24569334427e-05, 2.20564743358e-05, 2.02461687877e-05, 1.21699131341e-05, 2.11023780139e-05, 2.10199013964e-05, 2.55005452345e-05, 1.47741093315e-05, 3.97614121539e-06, 3.90849572796e-06, 2.74926833299e-06, 2.23033066504e-06, 2.38200391323e-06, 2.96128155242e-06, 2.14259944187e-06, 2.02600517696e-06, 2.41150451075e-06, 4.04518050345e-06, 3.61743673238e-06, 3.1181768918e-06],
        "var": [2.22300732275e-05, 4.03504200222e-05, 3.25207906826e-06, 1.36673986617e-06, 4.85543125706e-07, 1.06908237285e-06, 6.63229116071e-07, 2.63066880279e-07, 4.76513264402e-07, 1.06702577796e-06, 3.13162473731e-07, 8.25149442107e-08, 7.05120726252e-08, 2.12262520449e-07, 2.14061998349e-07, 1.08730141335e-07, 5.40614628619e-08, 4.69122127811e-08, 5.90015680757e-09, 9.56932866281e-10, 1.80259118743e-09, 4.86488072049e-10, 4.09907385812e-10, 1.48106790721e-10, 4.45310344155e-10, 4.41836234266e-10, 6.50277776071e-10, 2.18274315289e-10, 1.58096973013e-11, 1.52763374867e-11, 7.5584764142e-12, 4.97437464483e-12, 5.67394221884e-12, 8.76918850035e-12, 4.59073274187e-12, 4.10469661732e-12, 5.81535384084e-12, 1.63634869543e-11, 1.30858483771e-11, 9.72302707097e-12]
    },
    "melbands128": {
