{
"lowlevel": {
    "average_loudness": 0.965207397938,
    "barkbands_crest": {
        "dmean": 2.66041946411,
        "dmean2": 4.26526069641,
        "dvar": 8.77168941498,
        "dvar2": 20.1784229279,
        "max": 26.5244884491,
        "mean": 12.1775655746,
        "median": 10.9946985245,
        "min": 2.99706625938,
        "stdev": 5.01716947556,
        "var": 25.1719913483
    },
    "barkbands_flatness_db": {
        "dmean": 0.032654825598,
        "dmean2": 0.0472311675549,
        "dvar": 0.00139764102641,
        "dvar2": 0.00308635481633,
        "max": 0.446647256613,
        "mean": 0.192863121629,
        "median": 0.181249320507,
        "min": 0.0432261638343,
        "stdev": 0.070103444159,
        "var": 0.00491449330002
    },
    "barkbands_kurtosis": {
        "dmean": 10.3352804184,
        "dmean2": 14.6007938385,
        "dvar": 812.42364502,
        "dvar2": 1417.56018066,
        "max": 429.762664795,
        "mean": 15.7982673645,
        "median": 4.83280324936,
        "min": -1.93379485607,
        "stdev": 42.3522262573,
        "var": 1793.7109375
    },
    "barkbands_skewness": {
        "dmean": 0.902864336967,
        "dmean2": 1.24748575687,
        "dvar": 1.64744126797,
        "dvar2": 2.88647890091,
        "max": 19.2405567169,
        "mean": 2.46438789368,
        "median": 1.87160897255,
        "min": -2.27512145042,
        "stdev": 2.39756464958,
        "var": 5.74831628799
    },
    "barkbands_spread": {
        "dmean": 6.0021109581,
        "dmean2": 8.96792507172,
        "dvar": 76.450630188,
        "dvar2": 157.489456177,
        "max": 91.7836761475,
        "mean": 16.6993618011,
        "median": 12.6681270599,
        "min": 0.295898288488,
        "stdev": 14.9878673553,
        "var": 224.636169434
    },
    "dissonance": {
        "dmean": 0.0352761633694,
        "dmean2": 0.0578763224185,
        "dvar": 0.00102793634869,
        "dvar2": 0.00271396385506,
        "max": 0.498913109303,
        "mean": 0.425463289022,
        "median": 0.434407800436,
        "min": 0.217310771346,
        "stdev": 0.0499805063009,
        "var": 0.00249805115163
    },
    "dynamic_complexity": 2.47078227997,
    "erbbands_crest": {
        "dmean": 2.88997292519,
        "dmean2": 4.43206214905,
        "dvar": 6.47283744812,
        "dvar2": 15.246088028,
        "max": 30.7779560089,
        "mean": 11.7045459747,
        "median": 10.8513002396,
        "min": 2.63702607155,
        "stdev": 5.25968647003,
        "var": 27.6643009186
    },
    "erbbands_flatness_db": {
        "dmean": 0.0254291854799,
        "dmean2": 0.0338344909251,
        "dvar": 0.000945974083152,
        "dvar2": 0.00153407745529,
        "max": 0.370289921761,
        "mean": 0.17052090168,
        "median": 0.170782864094,
        "min": 0.0501192584634,
        "stdev": 0.0607748515904,
        "var": 0.00369358249009
    },
    "erbbands_kurtosis": {
        "dmean": 2.11684393883,
        "dmean2": 3.13203811646,
        "dvar": 15.6453399658,
        "dvar2": 29.5172290802,
        "max": 79.8504562378,
        "mean": 3.037784338,
        "median": 1.66107416153,
        "min": -1.87358856201,
        "stdev": 6.02654933929,
        "var": 36.3192977905
    },
    "erbbands_skewness": {
        "dmean": 0.460274934769,
        "dmean2": 0.673432946205,
        "dvar": 0.257496833801,
        "dvar2": 0.51531368494,
        "max": 8.01078891754,
        "mean": 0.998985469341,
        "median": 1.00118911266,
        "min": -2.23817276955,
        "stdev": 0.95262080431,
        "var": 0.907486379147
    },
    "erbbands_spread": {
        "dmean": 12.2027616501,
        "dmean2": 16.7480430603,
        "dvar": 260.449188232,
        "dvar2": 449.194030762,
        "max": 183.116134644,
        "mean": 39.6372489929,
        "median": 28.5376834869,
        "min": 2.06940197945,
        "stdev": 31.1812076569,
        "var": 972.26776123
    },
    "hfc": {
        "dmean": 8.60506725311,
        "dmean2": 13.0267248154,
        "dvar": 196.917495728,
        "dvar2": 458.667175293,
        "max": 185.620285034,
        "mean": 23.3537368774,
        "median": 19.311882019,
        "min": 1.3146602498e-16,
        "stdev": 20.1337718964,
        "var": 405.368774414
    },
    "loudness_ebu128": {
        "integrated": -9.14297389984,
        "loudness_range": 2.62999868393,
        "momentary": {
            "dmean": 0.744663059711,
            "dmean2": 0.939910769463,
            "dvar": 0.530569434166,
            "dvar2": 0.722991585732,
            "max": -6.44178962708,
            "mean": -9.49397182465,
            "median": -9.33047294617,
            "min": -17.1202716827,
            "stdev": 1.84535121918,
            "var": 3.40532112122
        },
        "short_term": {
            "dmean": 0.0915483310819,
            "dmean2": 0.112833149731,
            "dvar": 0.00610553612933,
            "dvar2": 0.00819712132215,
            "max": -7.78653907776,
            "mean": -9.26859283447,
            "median": -9.34271430969,
            "min": -11.0140609741,
            "stdev": 0.996363699436,
            "var": 0.992740631104
        }
    },
    "melbands_crest": {
        "dmean": 3.29109621048,
        "dmean2": 5.24669504166,
        "dvar": 13.1803798676,
        "dvar2": 33.4677505493,
        "max": 35.5480422974,
        "mean": 16.4483242035,
        "median": 15.1389846802,
        "min": 2.54381632805,
        "stdev": 6.12169790268,
        "var": 37.4751853943
    },
    "melbands_flatness_db": {
        "dmean": 0.0368275940418,
        "dmean2": 0.0518447160721,
        "dvar": 0.00181039271411,
        "dvar2": 0.00393583159894,
        "max": 0.578936040401,
        "mean": 0.270717531443,
        "median": 0.250429213047,
        "min": 0.00565755553544,
        "stdev": 0.089507445693,
        "var": 0.00801158230752
    },
    "melbands_kurtosis": {
        "dmean": 24.345495224,
        "dmean2": 35.1082496643,
        "dvar": 4570.34082031,
        "dvar2": 8794.20800781,
        "max": 970.668151855,
        "mean": 37.532245636,
        "median": 10.4396467209,
        "min": -1.32680726051,
        "stdev": 99.8365325928,
        "var": 9967.33398438
    },
    "melbands_skewness": {
        "dmean": 1.19443953037,
        "dmean2": 1.68484938145,
        "dvar": 3.3618144989,
        "dvar2": 6.16196966171,
        "max": 25.0110244751,
        "mean": 3.44244813919,
        "median": 2.5188794136,
        "min": -0.822381258011,
        "stdev": 3.37612891197,
        "var": 11.3982467651
    },
    "melbands_spread": {
        "dmean": 4.77086114883,
        "dmean2": 7.10314130783,
        "dvar": 84.6401901245,
        "dvar2": 167.135101318,
        "max": 176.444580078,
        "mean": 14.7730693817,
        "median": 12.1652593613,
        "min": 0.29046741128,
        "stdev": 14.1381464005,
        "var": 199.887176514
    },
    "pitch_salience": {
        "dmean": 0.0726172998548,
        "dmean2": 0.113319583237,
        "dvar": 0.00660686660558,
        "dvar2": 0.0147155756131,
        "max": 0.87489014864,
        "mean": 0.489194005728,
        "median": 0.492781758308,
        "min": 0.0365630164742,
        "stdev": 0.145701721311,
        "var": 0.0212289914489
    },
    "silence_rate_20dB": {
        "dmean": 0,
        "dmean2": 0,
        "dvar": 0,
        "dvar2": 0,
        "max": 1,
        "mean": 1,
        "median": 1,
        "min": 1,
        "stdev": 0,
        "var": 0
    },
    "silence_rate_30dB": {
        "dmean": 0.071207433939,
        "dmean2": 0.142525181174,
        "dvar": 0.066137239337,
        "dvar2": 0.123761437833,
        "max": 1,
        "mean": 0.883990705013,
        "median": 1,
        "min": 0,
        "stdev": 0.320236265659,
        "var": 0.102551266551
    },
    "silence_rate_60dB": {
        "dmean": 0.0131578948349,
        "dmean2": 0.0255615804344,
        "dvar": 0.0129850246012,
        "dvar2": 0.0280060097575,
        "max": 1,
        "mean": 0.0270688328892,
        "median": 0,
        "min": 0,
        "stdev": 0.162283271551,
        "var": 0.0263358578086
    },
    "spectral_centroid": {
        "dmean": 215.735275269,
        "dmean2": 305.086181641,
        "dvar": 152317.46875,
        "dvar2": 240649.984375,
        "max": 10609.8417969,
        "mean": 953.929443359,
        "median": 805.215637207,
        "min": 160.594711304,
        "stdev": 637.476013184,
        "var": 406375.6875
    },
    "spectral_complexity": {
        "dmean": 3.1811144352,
        "dmean2": 5.15879154205,
        "dvar": 25.9362297058,
        "dvar2": 62.0329704285,
        "max": 54,
        "mean": 12.9535961151,
        "median": 12,
        "min": 0,
        "stdev": 6.62177371979,
        "var": 43.8478851318
    },
    "spectral_decrease": {
        "dmean": 4.86078999273e-09,
        "dmean2": 7.72615305067e-09,
        "dvar": 8.70362153681e-17,
        "dvar2": 1.93697800312e-16,
        "max": 1.72737752085e-28,
        "mean": -1.22728485152e-08,
        "median": -8.44961345337e-09,
        "min": -7.36372172128e-08,
        "stdev": 1.2499715929e-08,
        "var": 1.56242890122e-16
    },
    "spectral_energy": {
        "dmean": 0.0187787692994,
        "dmean2": 0.02981008403,
        "dvar": 0.00126130436547,
        "dvar2": 0.00279101869091,
        "max": 0.281354367733,
        "mean": 0.0484388209879,
        "median": 0.0338242687285,
        "min": 1.12724110677e-20,
        "stdev": 0.0479318536818,
        "var": 0.00229746266268
    },
    "spectral_energyband_high": {
        "dmean": 0.000718230148777,
        "dmean2": 0.0011008810252,
        "dvar": 1.79774053777e-06,
        "dvar2": 4.124093266e-06,
        "max": 0.0177329517901,
        "mean": 0.00112373090815,
        "median": 0.00046439137077,
        "min": 8.71436714029e-21,
        "stdev": 0.0017819016939,
        "var": 3.17517356052e-06
    },
    "spectral_energyband_low": {
        "dmean": 0.0163329076022,
        "dmean2": 0.0259628854692,
        "dvar": 0.00138753873762,
        "dvar2": 0.00310455588624,
        "max": 0.272384405136,
        "mean": 0.0277481973171,
        "median": 0.0127061139792,
        "min": 1.22148459498e-22,
        "stdev": 0.0466314926744,
        "var": 0.0021744959522
    },
    "spectral_energyband_middle_high": {
        "dmean": 0.00160331476945,
        "dmean2": 0.00234404881485,
        "dvar": 6.2954668465e-06,
        "dvar2": 1.28557749122e-05,
        "max": 0.0367776528001,
        "mean": 0.00450694188476,
        "median": 0.00261507043615,
        "min": 1.11244705422e-21,
        "stdev": 0.00522854365408,
        "var": 2.73376663245e-05
    },
    "spectral_energyband_middle_low": {
        "dmean": 0.00507774064317,
        "dmean2": 0.00805475842208,
        "dvar": 4.81574315927e-05,
        "dvar2": 0.000116226481623,
        "max": 0.0824605822563,
        "mean": 0.0165300890803,
        "median": 0.0130034480244,
        "min": 2.40939173574e-22,
        "stdev": 0.0133330086246,
        "var": 0.000177769121365
    },
    "spectral_entropy": {
        "dmean": 0.298127859831,
        "dmean2": 0.399465352297,
        "dvar": 0.136948317289,
        "dvar2": 0.222763031721,
        "max": 9.8150510788,
        "mean": 7.16469097137,
        "median": 7.1830406189,
        "min": 4.89300251007,
        "stdev": 0.698287308216,
        "var": 0.487605184317
    },
    "spectral_flux": {
        "dmean": 0.0451295562088,
        "dmean2": 0.0729323476553,
        "dvar": 0.00367625802755,
        "dvar2": 0.0082068676129,
        "max": 0.461438834667,
        "mean": 0.101175911725,
        "median": 0.079585455358,
        "min": 1.06171613168e-10,
        "stdev": 0.0810000598431,
        "var": 0.00656101014465
    },
    "spectral_kurtosis": {
        "dmean": 2.78764247894,
        "dmean2": 4.00644016266,
        "dvar": 31.6906375885,
        "dvar2": 62.7754173279,
        "max": 79.6077728271,
        "mean": 6.48542308807,
        "median": 3.60837221146,
        "min": -1.48265326023,
        "stdev": 9.63790893555,
        "var": 92.8892822266
    },
    "spectral_rms": {
        "dmean": 0.00110318837687,
        "dmean2": 0.0016824665945,
        "dvar": 2.83313761429e-06,
        "dvar2": 5.76449474465e-06,
        "max": 0.0165678020567,
        "mean": 0.00623814668506,
        "median": 0.00574450055137,
        "min": 3.31624398081e-12,
        "stdev": 0.0028883991763,
        "var": 8.34284946905e-06
    },
    "spectral_rolloff": {
        "dmean": 427.814300537,
        "dmean2": 705.028442383,
        "dvar": 1615586.875,
        "dvar2": 3207151.5,
        "max": 18884.6191406,
        "mean": 1053.91308594,
        "median": 689.0625,
        "min": 64.599609375,
        "stdev": 1719.6862793,
        "var": 2957320.75
    },
    "spectral_skewness": {
        "dmean": 0.373905062675,
        "dmean2": 0.509798645973,
        "dvar": 0.288420438766,
        "dvar2": 0.513417124748,
        "max": 7.34298181534,
        "mean": 1.96772658825,
        "median": 1.73537731171,
        "min": 0.0558132492006,
        "stdev": 1.09383416176,
        "var": 1.19647324085
    },
    "spectral_spread": {
        "dmean": 1063508,
        "dmean2": 1395654.25,
        "dvar": 2.71505765171e+12,
        "dvar2": 3.54175077581e+12,
        "max": 39622748,
        "mean": 5968659,
        "median": 5535669,
        "min": 956266.1875,
        "stdev": 2786794.25,
        "var": 7.76622256947e+12
    },
    "spectral_strongpeak": {
        "dmean": 0.544105470181,
        "dmean2": 0.925384581089,
        "dvar": 0.708833575249,
        "dvar2": 1.63480520248,
        "max": 7.05817461014,
        "mean": 1.14642453194,
        "median": 0.666076183319,
        "min": 0,
        "stdev": 1.22621333599,
        "var": 1.50359904766
    },
    "zerocrossingrate": {
        "dmean": 0.0126178376377,
        "dmean2": 0.0144650014117,
        "dvar": 0.00050568615552,
        "dvar2": 0.000542056572158,
        "max": 0.52880859375,
        "mean": 0.0497423782945,
        "median": 0.0400390625,
        "min": 0.0029296875,
        "stdev": 0.0440733544528,
        "var": 0.00194246065803
    },
    "barkbands": {
        "dmean": [0.00110506045166, 0.0150058427826, 0.00251720682718, 0.000740509014577, 0.00199929391965, 0.0015252266312, 0.000597255071625, 0.000991056789644, 0.00146887951996, 0.00119291257579, 0.000429418199928, 0.000276896578725, 0.000191890445421, 0.000160028299433, 0.000130270651425, 0.000122361670947, 0.000103450445749, 9.22491308302e-05, 7.44066564948e-05, 0.000146752994624, 0.00010040892812, 0.000119795324281, 0.000125391437905, 0.000136374568683, 0.000143390570884, 0.000112393638119, 1.69942286448e-05],
        "dmean2": [0.00175002636388, 0.0238821357489, 0.00452867662534, 0.00131328229327, 0.00319774448872, 0.00241856952198, 0.000948539935052, 0.00151851400733, 0.00209543551318, 0.00177964195609, 0.000659538200125, 0.000396937655751, 0.000289787800284, 0.00024311793095, 0.000199025453185, 0.00019796131528, 0.000170470360899, 0.000144128862303, 0.00012313798652, 0.000230481949984, 0.000163847391377, 0.00019376281125, 0.00020536732336, 0.000210571233765, 0.000216723317862, 0.000173224208993, 2.77877024928e-05],
        "dvar": [6.06973844697e-06, 0.0012849054765, 6.01958017796e-05, 5.14239218319e-06, 1.28445908558e-05, 9.9647195384e-06, 1.44925763834e-06, 3.68282144336e-06, 8.9333334472e-06, 6.78630476614e-06, 1.03784452676e-06, 4.03707417718e-07, 1.93234683366e-07, 1.14568827314e-07, 8.36561682149e-08, 8.93533496082e-08, 9.03642600747e-08, 3.47881510265e-08, 1.77939547541e-08, 7.21177357832e-08, 4.25504147472e-08, 5.74071599146e-08, 6.8204620618e-08, 9.25399561424e-08, 1.22861465002e-07, 6.20224014369e-08, 2.5665900516e-09],
        "dvar2": [1.5670346329e-05, 0.00300832279027, 0.000176171874045, 1.45918766066e-05, 3.29923605022e-05, 2.7666816095e-05, 3.2535349419e-06, 9.20838829188e-06, 1.84289783647e-05, 1.36374910653e-05, 2.38855250245e-06, 7.74674276727e-07, 3.83487503086e-07, 2.47307497148e-07, 1.75884792952e-07, 1.95080602339e-07, 2.46431227424e-07, 8.28311215173e-08, 4.5353068856e-08, 1.76654651796e-07, 1.09614497035e-07, 1.36888928637e-07, 1.79473673256e-07, 1.99302135684e-07, 2.4979701152e-07, 1.39127834586e-07, 6.8215681992e-09],
        "max": [0.0210406761616, 0.257377237082, 0.0763233006001, 0.0272030867636, 0.0610204003751, 0.0454630218446, 0.0182893015444, 0.0198215786368, 0.0347110591829, 0.0362637154758, 0.0118004428223, 0.0111818434671, 0.00895046908408, 0.00487878918648, 0.0037253680639, 0.00438196863979, 0.0037451479584, 0.00211987597868, 0.0012362129055, 0.0043376609683, 0.00229161861353, 0.00362964021042, 0.00291013764217, 0.00709522189572, 0.00697918655351, 0.00305549893528, 0.000801461341325],
        "mean": [0.00150235719047, 0.0204736683518, 0.00503881601617, 0.00115982175339, 0.00452071707696, 0.00329745351337, 0.00103824527469, 0.00206560315564, 0.00277798529714, 0.00286990986206, 0.000607993861195, 0.000474902946735, 0.000329207250616, 0.000272027391475, 0.000211471720831, 0.000165945879417, 0.000153468645294, 0.000145495709148, 0.000100676450529, 0.000268417614279, 0.000122761091916, 0.000160463998327, 0.000171553590917, 0.000199709742446, 0.000176269299118, 0.000119561489555, 1.43289562402e-05],
        "median": [5.36988991371e-05, 0.00452485261485, 0.00287528242916, 0.000347754597897, 0.00242030853406, 0.00160532840528, 0.000429411156802, 0.00056659441907, 0.000536645529792, 0.000678031821735, 0.000114011352707, 9.82070196187e-05, 5.23132439412e-05, 3.79924458684e-05, 5.4374395404e-05, 4.02232981287e-05, 3.22427222272e-05, 3.57267163054e-05, 3.69705448975e-05, 7.37651134841e-05, 2.6728524972e-05, 4.81738061353e-05, 5.46507544641e-05, 7.09489031578e-05, 3.34442702297e-05, 1.54482477228e-05, 7.48903175918e-07],
        "min": [9.90997755828e-24, 7.38942607554e-23, 3.38008154552e-23, 6.3089344166e-24, 1.2620047667e-23, 4.67549654371e-23, 3.46670036618e-23, 3.26757672757e-23, 9.60304108862e-23, 7.08149769217e-23, 3.56667933513e-23, 1.28954675658e-22, 7.38554298662e-23, 1.05685336303e-22, 6.34813157391e-23, 1.00423955921e-22, 1.1570899424e-22, 1.47991454401e-22, 2.17932707917e-22, 2.46047609605e-22, 3.87962575738e-22, 6.13809716857e-22, 7.47481174883e-22, 9.94162549028e-22, 1.25615514536e-21, 1.84931372066e-21, 3.00376159749e-21],
        "stdev": [0.00326089886948, 0.0424609184265, 0.00732382200658, 0.00227148388512, 0.00617937091738, 0.0044501228258, 0.00164989917539, 0.00334107154049, 0.00537042692304, 0.00552686164156, 0.00133533834014, 0.00108610023744, 0.000724975136109, 0.000543305301107, 0.000414257781813, 0.000392226793338, 0.000336765748216, 0.000263831228949, 0.000153073269757, 0.000471955776447, 0.000226014177315, 0.00029510143213, 0.000295483943773, 0.000433622539276, 0.000492739898618, 0.000299438310321, 4.45311015937e-05],
        "var": [1.06334609882e-05, 0.00180292944424, 5.36383704457e-05, 5.15963938597e-06, 3.81846220989e-05, 1.98035941139e-05, 2.72216720987e-06, 1.11627596198e-05, 2.8841484891e-05, 3.05461981043e-05, 1.78312836852e-06, 1.17961383239e-06, 5.25588973233e-07, 2.95180626608e-07, 1.71609514155e-07, 1.53841853034e-07, 1.13411175562e-07, 6.96069122341e-08, 2.3431427465e-08, 2.22742258416e-07, 5.10824094135e-08, 8.70848495538e-08, 8.73107666166e-08, 1.88028508319e-07, 2.42792623339e-07, 8.9663295455e-08, 1.98301886023e-09]
    },
    "erbbands": {
        "dmean": [0.673618793488, 2.66105127335, 3.12672185898, 2.750685215, 2.33648014069, 8.71330833435, 13.9472017288, 11.6452236176, 7.75953435898, 12.4079303741, 22.6420345306, 33.049446106, 42.5625648499, 24.9548339844, 14.4399700165, 9.39799976349, 7.51679944992, 9.40519809723, 6.11792898178, 5.76391124725, 6.15472793579, 5.15687704086, 5.01174068451, 3.65473103523, 4.42334938049, 6.98762369156, 5.07230758667, 3.6949903965, 4.36075353622, 3.7201089859, 3.59687614441, 2.78778982162, 2.35859966278, 1.56807100773, 1.04207503796, 0.582844078541, 0.182203218341, 0.0451816059649, 0.00169476284645, 5.13334052812e-05],
        "dmean2": [1.13747513294, 4.00378894806, 5.62441396713, 4.84437990189, 3.95907664299, 14.1221895218, 22.1453819275, 18.6686611176, 12.1445579529, 19.4401302338, 33.921005249, 46.6564598083, 61.6463432312, 37.301361084, 21.2096767426, 13.3182373047, 11.3636846542, 13.554473877, 9.45000743866, 9.07068634033, 9.9617099762, 8.19216537476, 7.80643320084, 5.80036640167, 7.33254861832, 11.0816926956, 8.05569171906, 6.00380849838, 7.09482812881, 5.82434082031, 5.9521021843, 4.42387485504, 3.65179085732, 2.40441799164, 1.58451628685, 0.902072966099, 0.28624600172, 0.0716094151139, 0.00274026230909, 7.88017423474e-05],
        "dvar": [2.60677790642, 45.7467956543, 89.6368331909, 68.9982833862, 28.4333934784, 252.573379517, 733.661743164, 942.598022461, 253.099090576, 639.626831055, 2457.79907227, 5439.81738281, 8502.34765625, 2818.20922852, 1418.48535156, 456.802429199, 342.743499756, 345.536102295, 166.998001099, 248.724487305, 257.017120361, 256.150268555, 125.369476318, 48.6759300232, 63.4792709351, 160.102371216, 113.026184082, 63.5698242188, 93.6156692505, 44.1341896057, 59.9117355347, 31.5007858276, 34.7124710083, 15.0000047684, 7.38851594925, 2.07561373711, 0.14585070312, 0.0125789744779, 2.16705884668e-05, 9.99893234876e-09],
        "dvar2": [7.22921085358, 104.189476013, 259.385070801, 198.121994019, 80.9222793579, 665.714477539, 1900.86584473, 2737.85009766, 566.958251953, 1512.90234375, 6058.609375, 11824.2304688, 15555.421875, 6675.56103516, 2857.17504883, 890.517883301, 666.524230957, 698.795715332, 344.072509766, 608.662353516, 573.518371582, 698.270690918, 295.05657959, 122.721862793, 164.708312988, 397.88861084, 285.088775635, 166.160751343, 231.446456909, 103.578208923, 157.897384644, 69.4965744019, 77.3088760376, 30.0070495605, 15.4866514206, 4.53600549698, 0.342327356339, 0.0319350659847, 5.63005814911e-05, 2.36925803421e-08],
        "max": [10.5261268616, 55.886680603, 92.5625305176, 101.787956238, 71.8559417725, 211.689956665, 462.055267334, 527.760681152, 225.252975464, 313.783447266, 640.165771484, 1021.29248047, 1756.81079102, 1038.3013916, 618.205322266, 387.830566406, 472.133850098, 266.041473389, 206.102005005, 260.720153809, 281.426727295, 205.401016235, 148.626205444, 76.4729614258, 83.1508331299, 194.238540649, 146.634185791, 91.8611831665, 175.111251831, 73.372543335, 85.3832626343, 93.9905471802, 147.154602051, 88.2967224121, 48.5329360962, 23.1295909882, 3.35013341904, 1.52389013767, 0.0671911761165, 0.00116096285637],
        "mean": [0.764850914478, 3.93691420555, 5.76626634598, 5.52765798569, 4.68597793579, 18.4861278534, 30.5616912842, 23.9756584167, 15.8273458481, 25.1251850128, 46.7736663818, 67.8891906738, 105.224777222, 50.7883605957, 26.0704460144, 17.5159339905, 14.0016994476, 18.0053806305, 11.3351993561, 9.34514427185, 9.19969367981, 8.26319694519, 8.0354385376, 5.86529016495, 6.57045602798, 12.7697696686, 7.47944974899, 4.37937545776, 5.35720062256, 5.77772760391, 4.82565593719, 4.12031793594, 3.3097345829, 1.95042645931, 1.27841556072, 0.647436201572, 0.184301689267, 0.0419213846326, 0.00151989876758, 8.90420560609e-05],
        "median": [0.0934711024165, 1.11257171631, 3.62525439262, 2.6837284565, 3.0550429821, 8.45642471313, 14.1559505463, 9.63163280487, 7.15293741226, 11.3428668976, 15.4661092758, 19.0696640015, 23.6290035248, 19.5463619232, 7.7829990387, 5.27289533615, 3.09819698334, 3.13457632065, 3.42022681236, 3.24569320679, 2.56903839111, 1.78740739822, 2.01641535759, 2.17138242722, 2.73207640648, 3.62863540649, 1.92417311668, 1.02400255203, 1.58536183834, 1.8999671936, 1.56540763378, 1.41619229317, 1.17215013504, 0.445327490568, 0.197170644999, 0.0938344150782, 0.0230059996247, 0.00366102554835, 0.00011976728274, 4.89314625156e-05],
        "min": [3.16389455523e-21, 1.27511329298e-20, 2.9942002701e-20, 4.23638030403e-20, 2.19061336894e-20, 4.4781248074e-20, 1.31844666802e-19, 5.25239526444e-19, 2.89059686773e-19, 8.5900773079e-19, 7.73128650522e-19, 2.2407472866e-18, 1.52572212875e-18, 2.50666517402e-18, 3.03942883871e-18, 4.29559028002e-18, 3.74987358732e-18, 4.49939103934e-18, 5.07300398461e-18, 3.6598792318e-18, 5.76391527664e-18, 6.98566600446e-18, 8.39121957312e-18, 1.09121103925e-17, 8.27147111738e-18, 1.19758952659e-17, 1.5489904919e-17, 1.53571291958e-17, 2.10244612098e-17, 2.41568089011e-17, 2.25504605474e-17, 2.07550005078e-17, 1.41584998205e-17, 1.26569544233e-17, 9.65594812403e-18, 7.24712207966e-18, 2.93633318307e-18, 1.88711578741e-18, 3.95302557854e-19, 3.89982991647e-20],
        "stdev": [1.70491075516, 7.97372627258, 8.6011762619, 8.69811630249, 5.60632753372, 27.4075565338, 45.4314918518, 41.3236160278, 24.0672645569, 40.5442008972, 80.8760528564, 132.770080566, 206.25604248, 92.9575958252, 57.9432563782, 34.1389427185, 31.6096630096, 32.6063499451, 19.9141197205, 19.8574829102, 19.9228973389, 18.1732234955, 15.2493896484, 9.09226131439, 9.55712127686, 21.3086509705, 14.9785766602, 8.37236118317, 10.8542823792, 9.49389457703, 8.64159870148, 7.7632689476, 8.07683944702, 5.51756763458, 3.7018456459, 1.87355816364, 0.409723311663, 0.106342501938, 0.0041992389597, 0.000110915279947],
        "var": [2.90672087669, 63.5803070068, 73.9802322388, 75.6572341919, 31.4309082031, 751.174133301, 2064.02050781, 1707.64111328, 579.233215332, 1643.83215332, 6540.93652344, 17627.8925781, 42541.5546875, 8641.11425781, 3357.42114258, 1165.46740723, 999.170837402, 1063.17407227, 396.572143555, 394.319610596, 396.921875, 330.266082764, 232.543884277, 82.6692123413, 91.3385620117, 454.05859375, 224.357772827, 70.0964355469, 117.815444946, 90.1340255737, 74.677230835, 60.2683448792, 65.2353286743, 30.4435520172, 13.703660965, 3.51022028923, 0.167873203754, 0.0113087277859, 1.76336070581e-05, 1.23021992593e-08]
    },
    "gfcc": {
        "mean": [-6.73134946823, 87.2882614136, -81.7422943115, 16.035320282, -75.2866363525, 14.3533916473, -35.6728782654, 12.640873909, -25.0099277496, 1.13400757313, -17.6933307648, 0.249113738537, -6.67520952225],
        "cov": [[7048.89941406, -1566.76184082, -689.061340332, 575.648681641, 246.428375244, 465.802520752, 186.136886597, 552.000366211, -33.445854187, 152.241348267, -209.355194092, 237.569976807, -177.075531006], [-1566.76184082, 2029.24499512, 491.550506592, -172.049285889, 350.131347656, 148.722564697, 363.091674805, 10.4651250839, 105.030128479, -156.934799194, 77.8213500977, -192.894622803, 47.5342254639], [-689.061340332, 491.550506592, 1841.86340332, 490.331451416, 520.300964355, 249.489700317, 235.072174072, 309.565155029, 207.84173584, 120.595420837, -35.8349380493, 157.090179443, -3.17219543457], [575.648681641, -172.049285889, 490.331451416, 1035.1965332, 453.091278076, 108.188903809, 205.091262817, 327.465454102, 264.474212646, 81.7739944458, 39.1693916321, 125.661773682, 34.8214378357], [246.428375244, 350.131347656, 520.300964355, 453.091278076, 680.938293457, 326.016784668, 357.886230469, 283.561889648, 185.563461304, 118.198493958, 49.3114013672, 60.768913269, 25.8230552673], [465.802520752, 148.722564697, 249.489700317, 108.188903809, 326.016784668, 448.673339844, 320.48034668, 182.890380859, 80.8118438721, 117.549499512, 54.8727684021, 43.8443183899, 13.3625688553], [186.136886597, 363.091674805, 235.072174072, 205.091262817, 357.886230469, 320.48034668, 521.765808105, 217.614547729, 126.86844635, 71.5280761719, 77.6879196167, 73.3154602051, 9.87385177612], [552.000366211, 10.4651250839, 309.565155029, 327.465454102, 283.561889648, 182.890380859, 217.614547729, 358.868499756, 163.55015564, 50.4713859558, 6.17397069931, 81.5382614136, 11.1325006485], [-33.445854187, 105.030128479, 207.84173584, 264.474212646, 185.563461304, 80.8118438721, 126.86844635, 163.55015564, 199.984008789, 31.9488868713, 17.4941482544, 57.9686851501, 22.4572906494], [152.241348267, -156.934799194, 120.595420837, 81.7739944458, 118.198493958, 117.549499512, 71.5280761719, 50.4713859558, 31.9488868713, 166.154571533, 48.3047523499, 37.9723434448, 13.0445518494], [-209.355194092, 77.8213500977, -35.8349380493, 39.1693916321, 49.3114013672, 54.8727684021, 77.6879196167, 6.17397069931, 17.4941482544, 48.3047523499, 128.115524292, 30.99152565, 29.2806034088], [237.569976807, -192.894622803, 157.090179443, 125.661773682, 60.768913269, 43.8443183899, 73.3154602051, 81.5382614136, 57.9686851501, 37.9723434448, 30.99152565, 184.126922607, 16.5223999023], [-177.075531006, 47.5342254639, -3.17219543457, 34.8214378357, 25.8230552673, 13.3625688553, 9.87385177612, 11.1325006485, 22.4572906494, 13.0445518494, 29.2806034088, 16.5223999023, 71.4974746704]],
        "icov": [[0.000373046146706, -5.83343535254e-05, 0.000416881463025, -0.00036177871516, 4.90507300128e-05, -0.000570718606468, 0.000270395976258, -0.000707812432665, 0.000823963491712, -0.000396960880607, 0.000979583128355, -0.000749323226046, 0.000904812768567], [-5.83343535254e-05, 0.00172201870009, -0.000798847177066, 0.0010295236716, -0.00098503800109, 0.000567681272514, -0.00131538917776, 0.000869264826179, -0.00148763507605, 0.00272385519929, -0.00191422144417, 0.00253801653162, -0.00136248045601], [0.000416881463025, -0.000798847177066, 0.00156878819689, -0.000885098765139, -7.2940310929e-06, -0.0009185866802, 0.000981215387583, -0.00119674031157, 0.0013260229025, -0.00179500703234, 0.00239790906198, -0.00235785823315, 0.00176324835047], [-0.00036177871516, 0.0010295236716, -0.000885098765139, 0.00284258206375, -0.00157622084953, 0.00164100108668, -0.00079017446842, 0.000316819030559, -0.00278986780904, 0.00167960312683, -0.00227321777493, 0.00172048714012, -0.00157855276484], [4.90507300128e-05, -0.00098503800109, -7.2940310929e-06, -0.00157622084953, 0.00462280912325, -0.00162813637871, -0.00037509255344, -0.000986793893389, 0.00037917017471, -0.00220299465582, 0.00117349298671, -0.000453620392364, 0.000290894444333], [-0.000570718606468, 0.000567681272514, -0.0009185866802, 0.00164100108668, -0.00162813637871, 0.00647559808567, -0.00293187424541, 0.000123458870803, -0.00103234802373, -0.000822352361865, -0.00200117845088, 0.00211955537088, -0.00206338334829], [0.000270395976258, -0.00131538917776, 0.000981215387583, -0.00079017446842, -0.00037509255344, -0.00293187424541, 0.00569945340976, -0.0018278908683, 0.000900873739738, -0.0011303788051, 0.000201419592486, -0.00298810401, 0.0026848227717], [-0.000707812432665, 0.000869264826179, -0.00119674031157, 0.000316819030559, -0.000986793893389, 0.000123458870803, -0.0018278908683, 0.00800342578441, -0.00473856879398, 0.00221187132411, -0.0011668226216, 0.00151899561752, -0.00198708591051], [0.000823963491712, -0.00148763507605, 0.0013260229025, -0.00278986780904, 0.00037917017471, -0.00103234802373, 0.000900873739738, -0.00473856879398, 0.0128205073997, -0.00287266238593, 0.00352620775811, -0.00412668893114, 0.00112344569061], [-0.000396960880607, 0.00272385519929, -0.00179500703234, 0.00167960312683, -0.00220299465582, -0.000822352361865, -0.0011303788051, 0.00221187132411, -0.00287266238593, 0.0131810456514, -0.00639156252146, 0.00364476279356, -0.0026579182595], [0.000979583128355, -0.00191422144417, 0.00239790906198, -0.00227321777493, 0.00117349298671, -0.00200117845088, 0.000201419592486, -0.0011668226216, 0.00352620775811, -0.00639156252146, 0.0155684165657, -0.00565082672983, 4.91981199957e-06], [-0.000749323226046, 0.00253801653162, -0.00235785823315, 0.00172048714012, -0.000453620392364, 0.00211955537088, -0.00298810401, 0.00151899561752, -0.00412668893114, 0.00364476279356, -0.00565082672983, 0.0119459582493, -0.00435707950965], [0.000904812768567, -0.00136248045601, 0.00176324835047, -0.00157855276484, 0.000290894444333, -0.00206338334829, 0.0026848227717, -0.00198708591051, 0.00112344569061, -0.0026579182595, 4.91981199957e-06, -0.00435707950965, 0.0193364135921]]
    },
    "melbands": {
        "dmean": [0.00490012066439, 0.00199826434255, 0.000435276539065, 0.000354032148607, 0.000470646104077, 0.000257516541751, 0.000123208243167, 0.000149163854076, 0.000185379409231, 0.00023204064928, 0.000215122665395, 0.00010978012142, 5.0697781262e-05, 3.70233137801e-05, 1.53032360686e-05, 2.07427474379e-05, 1.81304221769e-05, 9.84878897725e-06, 1.00483493952e-05, 8.11645168142e-06, 7.98885139375e-06, 6.01211240792e-06, 4.53495704278e-06, 4.82380846734e-06, 2.94481628771e-06, 2.99116368296e-06, 4.29226292908e-06, 5.15736655871e-06, 3.80136361855e-06, 2.39025507653e-06, 2.10197367778e-06, 2.66579218078e-06, 2.25300118473e-06, 2.06431514016e-06, 2.26255133384e-06, 2.02532714866e-06, 1.65358301274e-06, 1.75094351107e-06, 1.51546782945e-06, 1.33329399432e-06],
        "dmean2": [0.00796436797827, 0.00318240746856, 0.000772166124079, 0.000573935743887, 0.000755382643547, 0.000410590029787, 0.00019302018336, 0.000235252635321, 0.000278319028439, 0.000323053274769, 0.000309330702294, 0.000164795230376, 7.58690366638e-05, 5.33524471393e-05, 2.29576871789e-05, 3.14930293825e-05, 2.61425666395e-05, 1.54840417963e-05, 1.58511866175e-05, 1.25657952594e-05, 1.29348918563e-05, 9.72479210759e-06, 7.18286810297e-06, 7.73855026637e-06, 4.72373085358e-06, 5.00876558363e-06, 6.89316357239e-06, 8.27822259453e-06, 5.96903919359e-06, 3.9498845581e-06, 3.46677461494e-06, 4.40699614046e-06, 3.56668988388e-06, 3.2549255593e-06, 3.81718564313e-06, 3.3214666928e-06, 2.60981369138e-06, 2.76836635749e-06, 2.35966672335e-06, 2.06097797673e-06],
        "dvar": [0.000135002657771, 2.79145551758e-05, 1.70994928794e-06, 3.68809111251e-07, 8.02157046564e-07, 3.94085503785e-07, 6.15104980284e-08, 8.34691107343e-08, 1.75398724878e-07, 2.55298402863e-07, 2.12404955846e-07, 5.61209247962e-08, 1.57614916674e-08, 7.01127422786e-09, 1.33326749641e-09, 2.37870056985e-09, 1.39507561059e-09, 4.35608021876e-10, 6.48431086603e-10, 4.40503550303e-10, 4.09777656252e-10, 3.50354190104e-10, 1.26479646201e-10, 1.0514961124e-10, 3.26590560151e-11, 3.31258007136e-11, 7.644052058e-11, 8.9715748719e-11, 6.917959261e-11, 3.25853857785e-11, 2.1346650142e-11, 4.0291214809e-11, 1.7673659411e-11, 1.45467787122e-11, 2.93320055744e-11, 1.67057132017e-11, 1.09344824861e-11, 2.55359483559e-11, 1.27446673007e-11, 1.25276065563e-11],
        "dvar2": [0.000335274729878, 7.29085659259e-05, 4.92180879519e-06, 9.64538230619e-07, 2.05952346732e-06, 1.13055557449e-06, 1.34744681191e-07, 1.98245572847e-07, 4.17261048824e-07, 5.47002116491e-07, 3.89639524201e-07, 1.31067338316e-07, 3.48372672931e-08, 1.33599868946e-08, 2.58405452591e-09, 4.62945548563e-09, 2.74661027255e-09, 9.70900471131e-10, 1.53143053794e-09, 9.91414617069e-10, 9.5263363864e-10, 9.41607125604e-10, 3.21742021914e-10, 2.55319709819e-10, 8.07557770655e-11, 8.78995765063e-11, 1.82777196156e-10, 2.2632354324e-10, 1.68567881875e-10, 8.48607434323e-11, 5.53594566022e-11, 1.00429907446e-10, 4.1585877103e-11, 3.52770833378e-11, 8.02193519944e-11, 4.1467437123e-11, 2.30039060717e-11, 5.96095742211e-11, 2.71926162143e-11, 2.78415415722e-11],
        "max": [0.0789284557104, 0.0487277507782, 0.0154446549714, 0.00626546004787, 0.0170954037458, 0.0103888390586, 0.00344496010803, 0.00363397086039, 0.0059925140813, 0.00684866448864, 0.00847139488906, 0.00483923591673, 0.00165671028662, 0.00154892145656, 0.000709056970663, 0.00108802039176, 0.000604707631283, 0.000283468951238, 0.000318408856401, 0.000377326883608, 0.000296388141578, 0.000236441992456, 0.00013502856018, 0.000141469718073, 6.44030878902e-05, 5.1551622164e-05, 0.000158062641276, 0.000143624958582, 0.000155139801791, 6.64957915433e-05, 6.50182701065e-05, 0.000122509998619, 5.30321412953e-05, 3.81687968911e-05, 6.02495601925e-05, 4.99763009429e-05, 5.95581041125e-05, 0.000140953576192, 7.77074164944e-05, 8.27959447633e-05],
        "mean": [0.00633128592744, 0.00359600526281, 0.000893306685612, 0.000779631722253, 0.00107015564572, 0.000541403423995, 0.000243537942879, 0.000306975271087, 0.000362454738934, 0.000457361893496, 0.000516891886946, 0.000204559066333, 7.99389235908e-05, 6.75463161315e-05, 2.59838107013e-05, 3.50054106093e-05, 3.3047501347e-05, 1.65958954312e-05, 1.53075798153e-05, 1.14673403004e-05, 1.08117328637e-05, 9.10421294975e-06, 7.11061193215e-06, 6.95916151017e-06, 4.43700218966e-06, 3.74871888198e-06, 6.69728706271e-06, 9.09896243684e-06, 5.65072741665e-06, 2.58736554315e-06, 2.40358986048e-06, 2.99220778288e-06, 3.24010534314e-06, 3.11516350848e-06, 2.78364313999e-06, 2.674101097e-06, 2.46556714956e-06, 2.47176012635e-06, 1.89530464922e-06, 1.55317491135e-06],
        "median": [0.0010517956689, 0.00209144549444, 0.000522133836057, 0.000415589660406, 0.000514203216881, 0.000234391511185, 0.000109899097879, 0.000125590755488, 0.000118173229566, 9.44330968196e-05, 0.000101858648122, 6.44230312901e-05, 1.99095939024e-05, 1.57158010552e-05, 5.62205877941e-06, 6.04540537097e-06, 4.54813152828e-06, 4.19874595536e-06, 3.7806050841e-06, 3.09670122078e-06, 2.71025805887e-06, 1.82013388894e-06, 1.34917058858e-06, 1.67869734469e-06, 1.32816580845e-06, 1.24925122691e-06, 2.16855119106e-06, 2.15602563003e-06, 1.23270342556e-06, 4.2781510956e-07, 5.05690536556e-07, 7.70963424657e-07, 9.92497007246e-07, 9.85406927612e-07, 7.96919835011e-07, 7.28137251826e-07, 7.97558755039e-07, 8.26991879421e-07, 5.52873189008e-07, 2.81225140952e-07],
        "min": [2.41617240543e-23, 1.58482187413e-23, 6.28249810994e-24, 2.86358322975e-24, 4.49170378571e-24, 1.0403639613e-23, 5.55967985084e-24, 9.78535962336e-24, 7.72050673761e-24, 1.42981433502e-23, 7.26750099621e-24, 1.00936235882e-23, 7.95046836895e-24, 1.34078475543e-23, 9.88483498351e-24, 7.22375471471e-24, 9.02979259264e-24, 9.1631913383e-24, 4.25362043692e-24, 6.76334314712e-24, 6.26459964486e-24, 7.71474253098e-24, 5.44411409481e-24, 8.24394592494e-24, 9.2877611527e-24, 7.50877804837e-24, 4.59131601322e-24, 9.20712457983e-24, 8.73908630502e-24, 1.14742832113e-23, 8.03707740774e-24, 1.09230682315e-23, 1.31647766325e-23, 1.36825667868e-23, 1.44052596171e-23, 1.0621239794e-23, 1.32538271957e-23, 1.03973910458e-23, 8.42979760991e-24, 1.20849988137e-23],
        "stdev": [0.0134390322492, 0.00551695702597, 0.00129605038092, 0.00101169396657, 0.00156019628048, 0.000851465098094, 0.000372761627659, 0.000495115935337, 0.000659723184071, 0.000911341106985, 0.00102538662031, 0.00041518532089, 0.000174608518137, 0.000147271552123, 5.53431527806e-05, 7.87398093962e-05, 6.54161995044e-05, 3.01397285511e-05, 3.17917329085e-05, 2.85196729237e-05, 2.46980271186e-05, 2.17327633436e-05, 1.43503548315e-05, 1.30300777528e-05, 7.37597974876e-06, 6.1647979237e-06, 1.20332215374e-05, 1.64023440448e-05, 1.31826236611e-05, 5.72330100113e-06, 4.81274673803e-06, 6.78737069393e-06, 5.75325475438e-06, 5.20338926435e-06, 5.4608190112e-06, 4.89927424496e-06, 4.79337268189e-06, 6.52218204777e-06, 4.73312275062e-06, 4.6753107199e-06],
        "var": [0.000180607588845, 3.04368149955e-05, 1.6797466742e-06, 1.02352464637e-06, 2.43421231971e-06, 7.24992844425e-07, 1.38951236295e-07, 2.45139801791e-07, 4.35234710494e-07, 8.30542660424e-07, 1.05141782569e-06, 1.72378861407e-07, 3.04881346835e-08, 2.1688908447e-08, 3.06286440654e-09, 6.19995788043e-09, 4.27927915325e-09, 9.08403186006e-10, 1.01071417902e-09, 8.13371758834e-10, 6.09992500955e-10, 4.72313022026e-10, 2.05932687569e-10, 1.69782937709e-10, 5.44050741957e-11, 3.80047347759e-11, 1.44798423252e-10, 2.69036903866e-10, 1.73781558588e-10, 3.27561727742e-11, 2.31625309211e-11, 4.60683990955e-11, 3.3099939456e-11, 2.70752604364e-11, 2.98205418692e-11, 2.4002886484e-11, 2.29764228477e-11, 4.25388613223e-11, 2.24024514217e-11, 2.18585306105e-11]
    },
    "melbands128": {
