{
"lowlevel": {
    "average_loudness": 0.917410433292,
    "barkbands_crest": {
        "dmean": 3.3561360836,
        "dmean2": 5.12199831009,
        "dvar": 9.08029556274,
        "dvar2": 20.0064411163,
        "max": 26.3045539856,
        "mean": 12.4535369873,
        "median": 11.5604124069,
        "min": 3.09511709213,
        "stdev": 5.43857336044,
        "var": 29.5780792236
    },
    "barkbands_flatness_db": {
        "dmean": 0.0410605110228,
        "dmean2": 0.0579765327275,
        "dvar": 0.00155716377776,
        "dvar2": 0.00307922926731,
        "max": 0.52995878458,
        "mean": 0.199472516775,
        "median": 0.195568263531,
        "min": 0.0299115981907,
        "stdev": 0.0789079219103,
        "var": 0.00622645998374
    },
    "barkbands_kurtosis": {
        "dmean": 9.3694152832,
        "dmean2": 14.2057161331,
        "dvar": 384.937896729,
        "dvar2": 790.348449707,
        "max": 409.475982666,
        "mean": 13.5415124893,
        "median": 7.44069290161,
        "min": -1.92187678814,
        "stdev": 26.6020412445,
        "var": 707.668579102
    },
    "barkbands_skewness": {
        "dmean": 1.14285171032,
        "dmean2": 1.65568721294,
        "dvar": 1.4070584774,
        "dvar2": 2.73685479164,
        "max": 15.4768009186,
        "mean": 2.30450463295,
        "median": 2.30758237839,
        "min": -4.07879400253,
        "stdev": 2.23402738571,
        "var": 4.990878582
    },
    "barkbands_spread": {
        "dmean": 9.66325569153,
        "dmean2": 15.2027378082,
        "dvar": 185.556594849,
        "dvar2": 440.649597168,
        "max": 114.838874817,
        "mean": 17.4481010437,
        "median": 10.8978796005,
        "min": 0.218663930893,
        "stdev": 17.8922405243,
        "var": 320.132293701
    },
    "dissonance": {
        "dmean": 0.0376896746457,
        "dmean2": 0.0591132231057,
        "dvar": 0.00149092229549,
        "dvar2": 0.00366684491746,
        "max": 0.499999970198,
        "mean": 0.426949709654,
        "median": 0.433515369892,
        "min": 0.0233182422817,
        "stdev": 0.0556817501783,
        "var": 0.00310045713559
    },
    "dynamic_complexity": 2.24847626686,
    "erbbands_crest": {
        "dmean": 3.74310517311,
        "dmean2": 6.12531471252,
        "dvar": 11.5419178009,
        "dvar2": 26.2857036591,
        "max": 27.8496761322,
        "mean": 11.064827919,
        "median": 10.0607776642,
        "min": 3.06133079529,
        "stdev": 4.9985742569,
        "var": 24.9857444763
    },
    "erbbands_flatness_db": {
        "dmean": 0.0335941389203,
        "dmean2": 0.0505036897957,
        "dvar": 0.00117302930448,
        "dvar2": 0.0024577958975,
        "max": 0.37374818325,
        "mean": 0.184289336205,
        "median": 0.185014784336,
        "min": 0.0636384785175,
        "stdev": 0.0576176121831,
        "var": 0.00331978942268
    },
    "erbbands_kurtosis": {
        "dmean": 2.97333407402,
        "dmean2": 4.82061719894,
        "dvar": 12.8118848801,
        "dvar2": 30.7977828979,
        "max": 33.2398414612,
        "mean": 3.24257278442,
        "median": 1.99960803986,
        "min": -1.92728185654,
        "stdev": 4.73979473114,
        "var": 22.4656562805
    },
    "erbbands_skewness": {
        "dmean": 0.791832983494,
        "dmean2": 1.20927584171,
        "dvar": 0.681983292103,
        "dvar2": 1.47157990932,
        "max": 4.51728248596,
        "mean": 0.790127515793,
        "median": 1.03077185154,
        "min": -3.61756920815,
        "stdev": 1.37323415279,
        "var": 1.88577198982
    },
    "erbbands_spread": {
        "dmean": 17.0866909027,
        "dmean2": 27.0153884888,
        "dvar": 352.379669189,
        "dvar2": 774.221923828,
        "max": 185.558105469,
        "mean": 38.4820594788,
        "median": 30.3732910156,
        "min": 1.92149102688,
        "stdev": 28.0135822296,
        "var": 784.760803223
    },
    "hfc": {
        "dmean": 17.4998912811,
        "dmean2": 26.3054351807,
        "dvar": 761.192443848,
        "dvar2": 1469.94274902,
        "max": 205.180160522,
        "mean": 32.3327407837,
        "median": 17.5274791718,
        "min": 1.17503480938e-16,
        "stdev": 39.3040161133,
        "var": 1544.80554199
    },
    "loudness_ebu128": {
        "integrated": -8.20421981812,
        "loudness_range": 1.15615463257,
        "momentary": {
            "dmean": 0.739857435226,
            "dmean2": 1.0040088892,
            "dvar": 0.570178627968,
            "dvar2": 0.846287071705,
            "max": -6.11170101166,
            "mean": -8.39921379089,
            "median": -7.92187547684,
            "min": -14.0518779755,
            "stdev": 1.380651474,
            "var": 1.90619838238
        },
        "short_term": {
            "dmean": 0.0838630571961,
            "dmean2": 0.109950460494,
            "dvar": 0.00587198976427,
            "dvar2": 0.0104132359847,
            "max": -7.43386268616,
            "mean": -8.21969223022,
            "median": -8.24696350098,
            "min": -9.45662307739,
            "stdev": 0.408290892839,
            "var": 0.166701450944
        }
    },
    "melbands_crest": {
        "dmean": 4.52096128464,
        "dmean2": 7.30084037781,
        "dvar": 17.7092170715,
        "dvar2": 41.8226776123,
        "max": 37.6594047546,
        "mean": 17.3635807037,
        "median": 15.6312627792,
        "min": 2.96637654305,
        "stdev": 8.51099014282,
        "var": 72.436958313
    },
    "melbands_flatness_db": {
        "dmean": 0.048975251615,
        "dmean2": 0.0666323825717,
        "dvar": 0.00239511718974,
        "dvar2": 0.00420119706541,
        "max": 0.665527462959,
        "mean": 0.249476835132,
        "median": 0.246201530099,
        "min": 0.00656108092517,
        "stdev": 0.110137291253,
        "var": 0.0121302232146
    },
    "melbands_kurtosis": {
        "dmean": 18.447271347,
        "dmean2": 27.6409130096,
        "dvar": 1318.27294922,
        "dvar2": 2593.42700195,
        "max": 650.18347168,
        "mean": 30.3109893799,
        "median": 15.1847496033,
        "min": -1.84621012211,
        "stdev": 54.1465377808,
        "var": 2931.84741211
    },
    "melbands_skewness": {
        "dmean": 1.39899897575,
        "dmean2": 2.05265831947,
        "dvar": 2.1459171772,
        "dvar2": 4.03240966797,
        "max": 22.6156902313,
        "mean": 3.39801311493,
        "median": 2.8947057724,
        "min": -2.16677689552,
        "stdev": 2.88507986069,
        "var": 8.32368564606
    },
    "melbands_spread": {
        "dmean": 15.8103551865,
        "dmean2": 24.9598712921,
        "dvar": 989.168273926,
        "dvar2": 2024.84912109,
        "max": 239.808151245,
        "mean": 26.0752105713,
        "median": 10.2453231812,
        "min": 0.282644331455,
        "stdev": 41.7849006653,
        "var": 1745.97790527
    },
    "pitch_salience": {
        "dmean": 0.0968494862318,
        "dmean2": 0.15257845819,
        "dvar": 0.009077552706,
        "dvar2": 0.0201946999878,
        "max": 0.906850993633,
        "mean": 0.537443757057,
        "median": 0.581278860569,
        "min": 0.055109936744,
        "stdev": 0.193421259522,
        "var": 0.0374117828906
    },
    "silence_rate_20dB": {
        "dmean": 0,
        "dmean2": 0,
        "dvar": 0,
        "dvar2": 0,
        "max": 1,
        "mean": 1,
        "median": 1,
        "min": 1,
        "stdev": 0,
        "var": 0
    },
    "silence_rate_30dB": {
        "dmean": 0.061919502914,
        "dmean2": 0.123934932053,
        "dvar": 0.0580857768655,
        "dvar2": 0.127165168524,
        "max": 1,
        "mean": 0.860015451908,
        "median": 1,
        "min": 0,
        "stdev": 0.346968591213,
        "var": 0.120387211442
    },
    "silence_rate_60dB": {
        "dmean": 0.0456656329334,
        "dmean2": 0.0914020165801,
        "dvar": 0.0435809902847,
        "dvar2": 0.101639784873,
        "max": 1,
        "mean": 0.0464037135243,
        "median": 0,
        "min": 0,
        "stdev": 0.210355266929,
        "var": 0.0442493371665
    },
    "spectral_centroid": {
        "dmean": 505.023254395,
        "dmean2": 736.047790527,
        "dvar": 581759.625,
        "dvar2": 934573.125,
        "max": 11384.6464844,
        "mean": 1344.40454102,
        "median": 868.01348877,
        "min": 169.585037231,
        "stdev": 1186.17272949,
        "var": 1407005.75
    },
    "spectral_complexity": {
        "dmean": 4.83900928497,
        "dmean2": 7.17815637589,
        "dvar": 34.5452461243,
        "dvar2": 59.92004776,
        "max": 56,
        "mean": 13.8538284302,
        "median": 12,
        "min": 0,
        "stdev": 9.13206672668,
        "var": 83.3946380615
    },
    "spectral_decrease": {
        "dmean": 3.82128506615e-09,
        "dmean2": 5.55876988884e-09,
        "dvar": 3.42727298299e-17,
        "dvar2": 7.04490735645e-17,
        "max": 5.47207433417e-29,
        "mean": -1.13437623739e-08,
        "median": -6.52589626782e-09,
        "min": -4.90033507106e-08,
        "stdev": 1.19776171204e-08,
        "var": 1.43463320235e-16
    },
    "spectral_energy": {
        "dmean": 0.0151238031685,
        "dmean2": 0.0221974477172,
        "dvar": 0.000523821741808,
        "dvar2": 0.00108483969234,
        "max": 0.186475872993,
        "mean": 0.0457466803491,
        "median": 0.0265879333019,
        "min": 1.0451397959e-20,
        "stdev": 0.0456526838243,
        "var": 0.00208416744135
    },
    "spectral_energyband_high": {
        "dmean": 0.00183617067523,
        "dmean2": 0.00284090242349,
        "dvar": 1.08904114313e-05,
        "dvar2": 2.26263728109e-05,
        "max": 0.0240628868341,
        "mean": 0.00258424063213,
        "median": 0.0005207999493,
        "min": 7.84821775828e-21,
        "stdev": 0.00453009782359,
        "var": 2.05217857001e-05
    },
    "spectral_energyband_low": {
        "dmean": 0.00856098067015,
        "dmean2": 0.0121248187497,
        "dvar": 0.000340132741258,
        "dvar2": 0.000581082014833,
        "max": 0.181107208133,
        "mean": 0.0247087869793,
        "median": 0.00201603840105,
        "min": 5.56363654049e-23,
        "stdev": 0.0439519062638,
        "var": 0.00193177000619
    },
    "spectral_energyband_middle_high": {
        "dmean": 0.00258822017349,
        "dmean2": 0.00366496457718,
        "dvar": 3.97209369112e-05,
        "dvar2": 7.62348572607e-05,
        "max": 0.0730877146125,
        "mean": 0.00391036923975,
        "median": 0.00177414808422,
        "min": 1.30430782086e-21,
        "stdev": 0.00749939773232,
        "var": 5.62409695704e-05
    },
    "spectral_energyband_middle_low": {
        "dmean": 0.00851989910007,
        "dmean2": 0.0138416765258,
        "dvar": 0.000260472908849,
        "dvar2": 0.000691838737112,
        "max": 0.149385690689,
        "mean": 0.0147972516716,
        "median": 0.0134777668864,
        "min": 4.03266022915e-22,
        "stdev": 0.0156219257042,
        "var": 0.000244044553256
    },
    "spectral_entropy": {
        "dmean": 0.346484869719,
        "dmean2": 0.49443295598,
        "dvar": 0.144227191806,
        "dvar2": 0.260802805424,
        "max": 9.80146217346,
        "mean": 7.38632965088,
        "median": 7.3448343277,
        "min": 5.11958789825,
        "stdev": 0.696712553501,
        "var": 0.485408395529
    },
    "spectral_flux": {
        "dmean": 0.0436594113708,
        "dmean2": 0.0674054697156,
        "dvar": 0.00197517382912,
        "dvar2": 0.00411445461214,
        "max": 0.396610796452,
        "mean": 0.114413112402,
        "median": 0.102367125452,
        "min": 1.02232076971e-10,
        "stdev": 0.0687190517783,
        "var": 0.00472230790183
    },
    "spectral_kurtosis": {
        "dmean": 2.66918706894,
        "dmean2": 4.25415229797,
        "dvar": 23.0000343323,
        "dvar2": 52.0389480591,
        "max": 70.3094787598,
        "mean": 4.55273342133,
        "median": 3.01034975052,
        "min": -1.21168112755,
        "stdev": 6.49068689346,
        "var": 42.1290168762
    },
    "spectral_rms": {
        "dmean": 0.00113915815018,
        "dmean2": 0.00164136325475,
        "dvar": 2.01242528419e-06,
        "dvar2": 3.73923626285e-06,
        "max": 0.0134880570695,
        "mean": 0.00592525536194,
        "median": 0.00509307859465,
        "min": 3.19319353945e-12,
        "stdev": 0.00308581138961,
        "var": 9.5222312666e-06
    },
    "spectral_rolloff": {
        "dmean": 1021.99438477,
        "dmean2": 1643.69616699,
        "dvar": 4402483,
        "dvar2": 8048276.5,
        "max": 18540.0878906,
        "mean": 1894.25927734,
        "median": 645.99609375,
        "min": 43.06640625,
        "stdev": 2944.2590332,
        "var": 8668661
    },
    "spectral_skewness": {
        "dmean": 0.445166707039,
        "dmean2": 0.653583347797,
        "dvar": 0.256209522486,
        "dvar2": 0.52470946312,
        "max": 6.68790578842,
        "mean": 1.60996472836,
        "median": 1.51449549198,
        "min": -0.0404606834054,
        "stdev": 0.855345010757,
        "var": 0.731615126133
    },
    "spectral_spread": {
        "dmean": 1087537.25,
        "dmean2": 1602490.875,
        "dvar": 2.08161708442e+12,
        "dvar2": 3.29173303296e+12,
        "max": 41429860,
        "mean": 5778121,
        "median": 5518047,
        "min": 1179069.875,
        "stdev": 2149637,
        "var": 4.6209391657e+12
    },
    "spectral_strongpeak": {
        "dmean": 0.621480941772,
        "dmean2": 1.02791535854,
        "dvar": 0.720607161522,
        "dvar2": 1.84071266651,
        "max": 6.73286819458,
        "mean": 1.10610640049,
        "median": 0.895811200142,
        "min": 0,
        "stdev": 1.01868033409,
        "var": 1.03770959377
    },
    "zerocrossingrate": {
        "dmean": 0.025409521535,
        "dmean2": 0.0278588850051,
        "dvar": 0.00138332194183,
        "dvar2": 0.00142308231443,
        "max": 0.50390625,
        "mean": 0.0700587332249,
        "median": 0.041015625,
        "min": 0.00146484375,
        "stdev": 0.0772661790252,
        "var": 0.00597006222233
    },
    "barkbands": {
        "dmean": [0.00168124609627, 0.00716767366976, 0.0031983803492, 0.00138487073127, 0.00203820131719, 0.00428239069879, 0.0024253972806, 0.0012625339441, 0.0008836867637, 0.000441311072791, 0.000485865777591, 0.000430346262874, 0.000588611117564, 0.00039205950452, 0.00032434888999, 0.000286157068331, 0.000118342621136, 0.000168450962519, 0.000153454791871, 0.000291872973321, 0.00037147878902, 0.000383520906325, 0.000348983972799, 0.000317668396747, 0.00033838962554, 0.000110963315819, 1.3927904547e-05],
        "dmean2": [0.00225337827578, 0.0071552330628, 0.00557673815638, 0.00238754693419, 0.00336720538326, 0.00719443196431, 0.00378994457424, 0.00194598292001, 0.00136174936779, 0.000678499636706, 0.000748377176933, 0.000663596088998, 0.000949990819208, 0.000636199780274, 0.000489969737828, 0.000444884441094, 0.000177429174073, 0.000256485422142, 0.000237605490838, 0.000460803101305, 0.000604149070568, 0.000620665377937, 0.000539038854185, 0.000482318951981, 0.000507778080646, 0.000161801362992, 2.3710570531e-05],
        "dvar": [1.78671452886e-05, 0.000242611946305, 0.000148849067045, 1.21975244838e-05, 1.04009959614e-05, 0.000156309062731, 1.55282195919e-05, 6.46778289592e-06, 3.21210245602e-06, 1.16817807339e-06, 7.87243550349e-07, 1.08453446046e-06, 5.21806759934e-06, 2.41758880293e-06, 1.79041308002e-06, 1.34861613788e-06, 1.39790557796e-07, 2.07247964568e-07, 9.5696108815e-08, 2.30057267459e-07, 5.23156643339e-07, 5.8252527424e-07, 4.66180324565e-07, 3.9203604274e-07, 6.06953960869e-07, 6.11213692991e-08, 1.31304100925e-09],
        "dvar2": [3.57474455086e-05, 0.000207490258617, 0.000414923444623, 3.44821528415e-05, 2.66328152065e-05, 0.00041974519263, 3.61419624824e-05, 1.48343860928e-05, 6.69825294608e-06, 2.71613339464e-06, 1.83345855476e-06, 2.22613084588e-06, 1.33358626044e-05, 5.66578364669e-06, 3.37154961016e-06, 3.20309277413e-06, 3.025489832e-07, 4.48553606702e-07, 2.19085706021e-07, 5.4710352515e-07, 1.31133901959e-06, 1.44247758271e-06, 9.63024376688e-07, 8.309565942e-07, 1.21361733818e-06, 1.06599415517e-07, 3.33610450376e-09],
        "max": [0.0593857094646, 0.176873937249, 0.0984373986721, 0.0344634205103, 0.0238710511476, 0.12753559649, 0.0428884066641, 0.0341589301825, 0.0284182745963, 0.0157588683069, 0.0104357916862, 0.0177632942796, 0.0272530764341, 0.0171392224729, 0.0162235889584, 0.012242404744, 0.00475344946608, 0.00646579777822, 0.00274383323267, 0.00612557120621, 0.00636223517358, 0.00527209183201, 0.00612830650061, 0.00595453614369, 0.00931122899055, 0.00477924849838, 0.000358666555258],
        "mean": [0.00389730511233, 0.0181672647595, 0.00247081625275, 0.00142226053867, 0.00269228522666, 0.00450504757464, 0.00327816768549, 0.0014973541256, 0.0012491538655, 0.000526975316461, 0.000789019628428, 0.000586059410125, 0.000522833375726, 0.000353985233232, 0.000313976983307, 0.000260597880697, 0.00012352259364, 0.000193574422156, 0.000186382778338, 0.000374335621018, 0.000439913128503, 0.000438171438873, 0.000470945291454, 0.000412074674387, 0.000429363368312, 0.000134633068228, 1.06468223748e-05],
        "median": [6.25221218797e-07, 4.1437218897e-05, 0.000394941394916, 0.000491425103974, 0.00135637330823, 0.00133932055905, 0.00107494741678, 0.000387661188142, 0.000403552083299, 0.000119167671073, 0.000323610613123, 7.61264818721e-05, 3.80193414458e-05, 2.78611914837e-05, 2.05800224649e-05, 3.92781912524e-05, 1.82914664038e-05, 2.68897510978e-05, 3.69709850929e-05, 0.000129314183141, 8.47963092383e-05, 5.66012204217e-05, 4.74954322272e-05, 7.60032780818e-05, 4.18930721935e-05, 1.04730424937e-05, 1.55953955527e-07],
        "min": [2.55133015313e-23, 2.43109386723e-23, 3.74775273182e-24, 5.81418696814e-23, 1.34137731619e-22, 3.07017943217e-23, 5.06201882352e-23, 1.3280396031e-23, 9.02656741372e-23, 5.13696218724e-23, 1.07933122877e-22, 1.05559755958e-22, 5.86302881777e-23, 9.81670185598e-23, 1.5683146757e-22, 8.34671951253e-23, 1.41909122252e-22, 2.0205319033e-22, 2.02506147951e-22, 3.17008361711e-22, 2.87134237095e-22, 4.83602431056e-22, 4.43121068139e-22, 9.49465412459e-22, 1.38539757224e-21, 2.05456194911e-21, 2.29235941156e-21],
        "stdev": [0.00917636603117, 0.0392721667886, 0.00973450485617, 0.00293499301188, 0.00369954947382, 0.0107690319419, 0.00496043264866, 0.00298138870858, 0.00235193711706, 0.00120959361084, 0.00125163327903, 0.00157457997557, 0.00205462821759, 0.00147752533667, 0.00145197589882, 0.00108951178845, 0.000398656673497, 0.000535909610335, 0.000373746966943, 0.000576577323955, 0.00080605543917, 0.000839267857373, 0.000950282032136, 0.000819199543912, 0.00106737262104, 0.0003615693131, 3.36493212671e-05],
        "var": [8.42056979309e-05, 0.00154230301268, 9.47605803958e-05, 8.6141835709e-06, 1.36866665343e-05, 0.000115972041385, 2.46058916673e-05, 8.88867907634e-06, 5.53160862182e-06, 1.46311663229e-06, 1.56658597916e-06, 2.47930211117e-06, 4.22149696533e-06, 2.18308127842e-06, 2.10823395719e-06, 1.18703599128e-06, 1.5892713634e-07, 2.87199100057e-07, 1.39686804346e-07, 3.32441402406e-07, 6.49725336643e-07, 7.04370563653e-07, 9.03035925148e-07, 6.71087889259e-07, 1.13928422252e-06, 1.30732374259e-07, 1.13227671683e-09]
    },
    "erbbands": {
        "dmean": [0.358413130045, 1.37364065647, 3.38432121277, 4.32157564163, 3.65054321289, 7.35657453537, 21.0519142151, 39.273059845, 32.322719574, 33.1311721802, 32.0656852722, 16.9767837524, 15.3830442429, 17.5290660858, 16.9726467133, 16.0704288483, 23.14179039, 25.8709449768, 18.2681484222, 16.6475601196, 13.6631040573, 6.81041908264, 8.5900850296, 8.40893554688, 7.89308071136, 13.980096817, 12.6443109512, 17.4317321777, 16.1682415009, 10.9311342239, 9.34031772614, 6.61760473251, 5.987180233, 4.59051942825, 1.90605723858, 0.608870148659, 0.183889746666, 0.0392347387969, 0.00157366564963, 4.88850637339e-05],
        "dmean2": [0.428857624531, 1.35929870605, 5.4832482338, 7.48096036911, 6.23852729797, 12.1717157364, 33.3937683105, 67.1519165039, 51.6417808533, 52.5767745972, 48.0862159729, 25.9978675842, 23.3270683289, 26.8896446228, 26.2735767365, 24.0680046082, 36.5883750916, 42.6323890686, 27.2086105347, 26.2014064789, 20.5788631439, 10.1857757568, 13.2008857727, 12.6522111893, 12.5204582214, 22.002828598, 19.8713378906, 28.7200775146, 26.4480304718, 17.0273265839, 14.3288784027, 10.2946128845, 8.95433521271, 6.98206329346, 2.84474444389, 0.894103467464, 0.273231238127, 0.0632081851363, 0.00265333731659, 7.62883209973e-05],
        "dvar": [0.641992509365, 11.0273532867, 150.760116577, 153.947219849, 64.3453369141, 168.083129883, 1078.29309082, 20574.9824219, 3978.17724609, 4974.23583984, 4309.87451172, 958.152954102, 1161.75366211, 1415.7409668, 1525.28222656, 1542.39501953, 6445.51220703, 12530.1230469, 5088.515625, 4921.61865234, 2855.30297852, 438.907012939, 579.858093262, 393.316009521, 259.936462402, 532.64666748, 494.151062012, 1322.12414551, 1232.91162109, 405.889160156, 350.378723145, 151.477432251, 161.475021362, 109.031227112, 20.5047969818, 2.10125875473, 0.1725615412, 0.00913634896278, 1.65543624462e-05, 7.80248932131e-09],
        "dvar2": [0.737341940403, 10.9572296143, 392.298980713, 433.146057129, 180.96156311, 411.737884521, 2394.88256836, 55598.7734375, 10280.3310547, 11989.3037109, 9344.20410156, 2060.97802734, 2704.08520508, 3539.41210938, 3639.76416016, 2948.80932617, 15661.4433594, 32981.9609375, 9953.04199219, 10563.8652344, 6468.00097656, 912.967773438, 1277.62744141, 884.474121094, 592.295043945, 1272.37365723, 1177.03735352, 3404.89160156, 3200.83325195, 831.991088867, 742.794616699, 339.133026123, 339.290863037, 218.143951416, 41.2819366455, 3.7611374855, 0.308504551649, 0.0201128832996, 4.2826126446e-05, 1.8440829308e-08],
        "max": [8.61085414886, 40.9760704041, 106.960151672, 107.092567444, 75.1539916992, 118.118980408, 272.159210205, 1470.3104248, 576.649291992, 558.233032227, 559.762268066, 414.057800293, 469.450317383, 498.76461792, 477.279266357, 809.206054688, 890.826416016, 1275.46606445, 777.901062012, 783.640808105, 567.063415527, 267.313903809, 343.9637146, 333.179016113, 198.018417358, 289.025970459, 257.697021484, 276.61328125, 259.014007568, 204.399780273, 185.084533691, 120.597747803, 127.81578064, 113.878448486, 53.1284599304, 17.7375831604, 9.41872596741, 1.83298945427, 0.0429141968489, 0.00125976034906],
        "mean": [0.804437577724, 2.96362900734, 3.21295261383, 4.35911369324, 4.43819475174, 9.52442359924, 29.369556427, 35.8546333313, 42.2078018188, 41.0272979736, 39.4554481506, 25.1683139801, 20.1726112366, 27.7092399597, 24.4333896637, 23.2051448822, 22.1556282043, 22.0864334106, 17.6362781525, 15.3384656906, 13.0803623199, 7.38233804703, 9.88081455231, 10.2251882553, 10.0389785767, 17.8978462219, 16.8907108307, 18.8092556, 17.3667430878, 14.0560112, 12.6154537201, 8.21342277527, 7.71483182907, 5.78244781494, 2.3995783329, 0.771200180054, 0.212638571858, 0.0367010235786, 0.00130962755065, 9.03869149624e-05],
        "median": [0.000671909190714, 0.0266358107328, 0.470985591412, 1.6705634594, 1.73026394844, 4.104616642, 10.4856281281, 9.99639320374, 14.4542121887, 12.1282672882, 10.844209671, 8.80533027649, 4.23585891724, 12.1000671387, 7.8596496582, 3.49124240875, 2.31782507896, 1.63914859295, 1.31774783134, 1.38460624218, 2.26856088638, 1.2718963623, 1.27087152004, 1.97913742065, 2.65330171585, 5.89818620682, 4.40182161331, 2.81767225266, 2.10621476173, 1.60661482811, 1.37320864201, 1.36414551735, 1.1187877655, 0.598358750343, 0.227360799909, 0.0746594667435, 0.0137976482511, 0.00147316802759, 7.25343634258e-05, 4.27470149589e-05],
        "min": [1.15918376857e-21, 3.67905379539e-21, 5.75887262207e-21, 8.81757213887e-20, 4.68748829172e-19, 4.06117737568e-19, 1.23827154091e-19, 2.67618208868e-19, 5.78176759202e-19, 7.36440657115e-19, 6.45534541771e-19, 2.24728180664e-18, 1.71195088352e-18, 1.87035793538e-18, 5.01321536993e-18, 4.40173616417e-18, 2.73164217061e-18, 5.39603290306e-18, 7.07769315633e-18, 6.24335040045e-18, 5.75513268649e-18, 8.2184579391e-18, 1.13511373298e-17, 1.03243969129e-17, 1.07620738915e-17, 1.48864518468e-17, 1.11046284083e-17, 1.49246163059e-17, 1.59110126427e-17, 1.48652313553e-17, 1.1571438688e-17, 1.84529783698e-17, 1.60195006888e-17, 1.56127842534e-17, 9.83266368137e-18, 5.72856529957e-18, 3.91447549818e-18, 1.50041309034e-18, 3.20707048323e-19, 3.53674706452e-20],
        "stdev": [1.75301897526, 7.23206186295, 11.2238588333, 10.1523799896, 7.52850389481, 14.9983510971, 43.3156242371, 118.693183899, 67.6841049194, 77.6526107788, 77.1817932129, 41.5054397583, 42.0429420471, 47.0298614502, 46.0195999146, 65.7801437378, 76.3267440796, 97.3028869629, 75.803604126, 69.9586791992, 52.2474861145, 22.7033939362, 28.1054039001, 23.3031539917, 19.2560272217, 27.576461792, 28.1979942322, 37.418384552, 35.4572982788, 26.9064216614, 25.9875221252, 15.1670284271, 16.9120464325, 14.194357872, 6.20173501968, 2.0530462265, 0.594432592392, 0.110883198678, 0.00384409958497, 0.000109859960503],
        "var": [3.07307553291, 52.3027191162, 125.974998474, 103.07081604, 56.6783714294, 224.950546265, 1876.2434082, 14088.0712891, 4581.13818359, 6029.92773438, 5957.02880859, 1722.70166016, 1767.60900879, 2211.80786133, 2117.80371094, 4327.02685547, 5825.77148438, 9467.8515625, 5746.18603516, 4894.21679688, 2729.79980469, 515.444091797, 789.913696289, 543.036987305, 370.794555664, 760.461242676, 795.126831055, 1400.13562012, 1257.2199707, 723.955566406, 675.351257324, 230.038742065, 286.017333984, 201.479797363, 38.461517334, 4.21499872208, 0.353350073099, 0.0122950831428, 1.47771015691e-05, 1.20692114081e-08]
    },
    "gfcc": {
        "mean": [-19.4978294373, 68.6436920166, -93.7504196167, 19.273443222, -91.295501709, 5.61833906174, -38.9449806213, 6.9245095253, -32.0063667297, 4.86198759079, -15.3319196701, -1.12861514091, -7.92058134079],
        "cov": [[7566.47607422, -2249.45239258, -181.377471924, 802.853881836, -83.5501403809, 395.551116943, -417.878662109, -32.8881835938, -159.933227539, 361.161102295, -133.323471069, 120.953201294, -297.233551025], [-2249.45239258, 3607.71166992, 431.238189697, -450.215942383, 539.683288574, -225.242980957, 275.76159668, -107.100090027, 325.323974609, -76.1903533936, 92.87134552, -207.327575684, 422.370147705], [-181.377471924, 431.238189697, 1513.92468262, 673.946716309, 349.066925049, 305.152770996, 496.682067871, 258.315704346, 274.712280273, 139.975418091, 20.8649101257, 90.500541687, 125.247505188], [802.853881836, -450.215942383, 673.946716309, 949.064697266, 337.155883789, 257.836425781, 208.850860596, 140.803070068, 192.351593018, 139.151367188, 22.0213165283, 77.9674835205, 27.2550792694], [-83.5501403809, 539.683288574, 349.066925049, 337.155883789, 709.477050781, 223.489013672, 92.0305938721, 45.540687561, 262.679046631, 118.448997498, 97.5563964844, 56.4327659607, 100.773178101], [395.551116943, -225.242980957, 305.152770996, 257.836425781, 223.489013672, 464.891387939, 207.045043945, 128.920684814, 138.944519043, 97.6488876343, 112.151222229, 113.584205627, -4.25671434402], [-417.878662109, 275.76159668, 496.682067871, 208.850860596, 92.0305938721, 207.045043945, 711.953552246, 297.667724609, 182.153884888, 93.4866714478, 96.8837127686, 119.985267639, 159.658843994], [-32.8881835938, -107.100090027, 258.315704346, 140.803070068, 45.540687561, 128.920684814, 297.667724609, 326.304199219, 139.386825562, 45.9526977539, 65.1779632568, 95.5378265381, 43.8488388062], [-159.933227539, 325.323974609, 274.712280273, 192.351593018, 262.679046631, 138.944519043, 182.153884888, 139.386825562, 304.770111084, 92.0142745972, 83.4031143188, 36.3658828735, 74.4033889771], [361.161102295, -76.1903533936, 139.975418091, 139.151367188, 118.448997498, 97.6488876343, 93.4866714478, 45.9526977539, 92.0142745972, 229.489257812, 47.7058563232, 12.3662385941, 55.0408287048], [-133.323471069, 92.87134552, 20.8649101257, 22.0213165283, 97.5563964844, 112.151222229, 96.8837127686, 65.1779632568, 83.4031143188, 47.7058563232, 170.981887817, 59.2263793945, 23.7467060089], [120.953201294, -207.327575684, 90.500541687, 77.9674835205, 56.4327659607, 113.584205627, 119.985267639, 95.5378265381, 36.3658828735, 12.3662385941, 59.2263793945, 189.421401978, 38.2992935181], [-297.233551025, 422.370147705, 125.247505188, 27.2550792694, 100.773178101, -4.25671434402, 159.658843994, 43.8488388062, 74.4033889771, 55.0408287048, 23.7467060089, 38.2992935181, 211.456390381]],
        "icov": [[0.000221365495236, -3.83819715353e-05, 0.000134315923788, -0.000267357565463, 0.000135440161102, -0.000227995507885, 0.000193205240066, -0.000105845472717, 0.000154767010827, -0.000483732641442, 0.000331649644068, -0.000258598040091, 0.000230715129874], [-3.83819715353e-05, 0.00104634417221, -0.000559511128813, 0.000991899752989, -0.000851916847751, 0.000567841518205, -0.000445669138571, 0.000769033562392, -0.000792424601968, 0.00115140213165, -0.000818271189928, 0.00148138334043, -0.00154324178584], [0.000134315923788, -0.000559511128813, 0.00162605755031, -0.00125343666878, 0.00034964477527, -0.000661088619381, -0.000236497726291, -0.000598719459958, 0.000214226587559, -0.000796247040853, 0.00123858090956, -0.000744207587559, 0.000755178858526], [-0.000267357565463, 0.000991899752989, -0.00125343666878, 0.00302612083033, -0.00139323808253, 0.000479884562083, -0.000560284359381, 0.000673225673381, -0.00100839650258, 0.0010006603552, -0.00051349226851, 0.00126869918313, -0.00112539285328], [0.000135440161102, -0.000851916847751, 0.00034964477527, -0.00139323808253, 0.00348452525213, -0.00126325339079, 0.00102561188396, 0.000134724250529, -0.00119145528879, -0.00114970817231, 0.000274922960671, -0.00145923485979, 0.00032806355739], [-0.000227995507885, 0.000567841518205, -0.000661088619381, 0.000479884562083, -0.00126325339079, 0.00444780243561, -0.00108664564323, 0.000543759029824, -0.000638967438135, 0.000267855008133, -0.00197567977011, -0.000415190239437, 0.000726454367395], [0.000193205240066, -0.000445669138571, -0.000236497726291, -0.000560284359381, 0.00102561188396, -0.00108664564323, 0.00358733977191, -0.00230152253062, 0.00028466450749, -0.000840658438392, -5.27297834196e-06, -0.000808285956737, -0.00110227393452], [-0.000105845472717, 0.000769033562392, -0.000598719459958, 0.000673225673381, 0.000134724250529, 0.000543759029824, -0.00230152253062, 0.00679650809616, -0.00279841735028, 0.00105272815563, -0.000918524747249, -0.000618602440227, -0.000216064421693], [0.000154767010827, -0.000792424601968, 0.000214226587559, -0.00100839650258, -0.00119145528879, -0.000638967438135, 0.00028466450749, -0.00279841735028, 0.00765451043844, -0.00175791385118, -0.000682628888171, 6.25561297056e-05, 0.000553333258722], [-0.000483732641442, 0.00115140213165, -0.000796247040853, 0.0010006603552, -0.00114970817231, 0.000267855008133, -0.000840658438392, 0.00105272815563, -0.00175791385118, 0.00783409830183, -0.00236842432059, 0.00296695181169, -0.0033594511915], [0.000331649644068, -0.000818271189928, 0.00123858090956, -0.00051349226851, 0.000274922960671, -0.00197567977011, -5.27297834196e-06, -0.000918524747249, -0.000682628888171, -0.00236842432059, 0.00976075790823, -0.00304217170924, 0.00176838971674], [-0.000258598040091, 0.00148138334043, -0.000744207587559, 0.00126869918313, -0.00145923485979, -0.000415190239437, -0.000808285956737, -0.000618602440227, 6.25561297056e-05, 0.00296695181169, -0.00304217170924, 0.00993513967842, -0.00387167395093], [0.000230715129874, -0.00154324178584, 0.000755178858526, -0.00112539285328, 0.00032806355739, 0.000726454367395, -0.00110227393452, -0.000216064421693, 0.000553333258722, -0.0033594511915, 0.00176838971674, -0.00387167395093, 0.00975144002587]]
    },
    "melbands": {
        "dmean": [0.00245557515882, 0.00143041368574, 0.000694876362104, 0.000350039015757, 0.000628090288956, 0.000852540368214, 0.000499788380694, 0.000325211585732, 0.000262501911493, 0.000102868019894, 7.72666971898e-05, 7.05600396032e-05, 6.11571376794e-05, 5.15874671692e-05, 4.08621854149e-05, 6.38183264527e-05, 4.64251788799e-05, 3.10074719891e-05, 2.46280778811e-05, 2.1211882995e-05, 1.44493196785e-05, 7.02783518136e-06, 7.12827522875e-06, 8.26103223517e-06, 7.02601118974e-06, 5.73219858779e-06, 6.47450997349e-06, 1.06271490949e-05, 8.58684234117e-06, 7.92184982856e-06, 1.10768414743e-05, 9.78563002718e-06, 6.58980434309e-06, 6.28974839856e-06, 5.61713522984e-06, 5.19464219906e-06, 3.79042558052e-06, 4.07320294471e-06, 4.82126688439e-06, 3.68089558833e-06],
        "dmean2": [0.00268012261949, 0.00200662016869, 0.00118858611677, 0.000585216330364, 0.000998918665573, 0.00144935655408, 0.000791715807281, 0.000515942811035, 0.000395282113459, 0.000160059542395, 0.000117103663797, 0.000109819615318, 9.33615665417e-05, 7.98145338194e-05, 6.39825375401e-05, 0.000101995894511, 7.73835054133e-05, 4.60332448711e-05, 3.7767138565e-05, 3.27512789227e-05, 2.16673433897e-05, 1.05317722046e-05, 1.07910327642e-05, 1.29814316097e-05, 1.07942523755e-05, 9.07701814867e-06, 1.0085201211e-05, 1.68137539731e-05, 1.35155260068e-05, 1.29320378619e-05, 1.83272768481e-05, 1.61911266332e-05, 1.05822273326e-05, 9.79021388048e-06, 8.59872579895e-06, 8.14333270682e-06, 5.99331042395e-06, 6.2872873059e-06, 7.30038391339e-06, 5.65968684896e-06],
        "dvar": [2.7509056963e-05, 1.90167102119e-05, 3.66951326214e-06, 4.25299134577e-07, 8.91639160727e-07, 8.37098377815e-06, 8.12138353012e-07, 4.4685700118e-07, 3.00657092112e-07, 3.76333062491e-08, 2.93231483539e-08, 2.56164582879e-08, 1.52020103172e-08, 1.73269913972e-08, 1.187435128e-08, 6.52826486203e-08, 4.15573886414e-08, 1.4355415523e-08, 1.06766790964e-08, 7.34307858963e-09, 3.03830716142e-09, 5.27163979136e-10, 4.7449943974e-10, 5.65962665622e-10, 2.92027124704e-10, 1.42830636207e-10, 1.322738169e-10, 3.14457626605e-10, 2.34541719379e-10, 2.34803065879e-10, 5.83440129542e-10, 4.68761474082e-10, 1.46755121944e-10, 1.45825115871e-10, 1.40479544664e-10, 9.59586507476e-11, 5.32142559184e-11, 7.60469881511e-11, 1.12905330918e-10, 7.47336220686e-11],
        "dvar2": [2.71783355856e-05, 4.16435868829e-05, 1.02262838482e-05, 1.14169279186e-06, 1.99782698473e-06, 2.2611246095e-05, 2.05179526347e-06, 1.08896176698e-06, 6.33447257314e-07, 8.46088568096e-08, 6.78302498613e-08, 6.48997016128e-08, 3.53765656769e-08, 3.79950435558e-08, 2.74165721237e-08, 1.6564669636e-07, 1.11035134864e-07, 2.9638233201e-08, 2.11634514358e-08, 1.68200564588e-08, 6.8637500128e-09, 1.15497966746e-09, 9.58217061253e-10, 1.31600319531e-09, 6.87633561203e-10, 3.39567596264e-10, 2.97303404118e-10, 7.69756480778e-10, 5.68419478153e-10, 5.69965297181e-10, 1.51837642459e-09, 1.22397081359e-09, 3.52948253957e-10, 2.89431645317e-10, 3.05949737767e-10, 2.20892221181e-10, 1.22930304824e-10, 1.685707407e-10, 2.32852098714e-10, 1.51194612386e-10],
        "max": [0.057179518044, 0.0413420796394, 0.0166397839785, 0.00518895126879, 0.00752078322694, 0.029902568087, 0.00795418769121, 0.00551916239783, 0.00587648525834, 0.00248831789941, 0.00232872646302, 0.00231360341422, 0.00152157247066, 0.00210428517312, 0.00228711380623, 0.00294812209904, 0.00230101682246, 0.00121517875232, 0.00116363784764, 0.000897152640391, 0.000619280268438, 0.000301232357742, 0.000298944185488, 0.000302817992633, 0.000285309302853, 0.000114614202175, 0.000111758345156, 0.000210097394302, 0.000176148751052, 0.000176728499355, 0.000176687346539, 0.000155365894898, 9.04178159544e-05, 0.000134247675305, 0.000127484338009, 7.58045935072e-05, 7.83471332397e-05, 9.05468623387e-05, 0.000110631073767, 9.98445611913e-05],
        "mean": [0.00618776073679, 0.00234063505195, 0.000728703162167, 0.000463654112536, 0.000901176128536, 0.000821437861305, 0.000663991668262, 0.000405942904763, 0.00032070389716, 0.000151515530888, 9.75852817646e-05, 0.000106580562715, 9.21391547308e-05, 6.82657046127e-05, 4.47051097581e-05, 5.6853685237e-05, 3.79883604182e-05, 2.87572438538e-05, 2.33190712606e-05, 1.91134149645e-05, 1.38343002618e-05, 7.31387945052e-06, 7.97422035248e-06, 9.34897070692e-06, 8.15401108412e-06, 6.7617888817e-06, 8.08956338005e-06, 1.30848256958e-05, 1.11583558464e-05, 9.66986317508e-06, 1.130545661e-05, 1.02690828498e-05, 7.43823056837e-06, 8.17626914795e-06, 7.44515318729e-06, 6.38466372038e-06, 4.42729970018e-06, 5.10873951498e-06, 5.88245256949e-06, 4.56740235677e-06],
        "median": [7.13071494829e-06, 0.000239875313127, 0.000340847182088, 0.000211512553506, 0.000375659670681, 0.000255950464634, 0.000239243760007, 0.000112168956548, 8.16468891571e-05, 4.7608416935e-05, 1.84433083632e-05, 4.53394786746e-05, 3.44811778632e-05, 8.02086469776e-06, 6.04544993621e-06, 3.36586344929e-06, 2.76384162134e-06, 2.00892100111e-06, 1.58142870532e-06, 1.87355169601e-06, 2.35623610934e-06, 1.11280348847e-06, 8.29179384709e-07, 1.34069250635e-06, 1.50767471041e-06, 1.19504375107e-06, 2.44979491981e-06, 4.13057841797e-06, 2.85423584501e-06, 1.95262350644e-06, 1.35386267175e-06, 1.23530344354e-06, 9.20932279769e-07, 7.53857761993e-07, 6.78765445628e-07, 8.47129740578e-07, 7.97985478584e-07, 7.61949252137e-07, 6.68985705943e-07, 4.22914013143e-07],
        "min": [9.77988413982e-24, 4.12277483958e-24, 2.84670144861e-23, 3.2988474894e-23, 6.66788624443e-24, 6.62858124982e-24, 9.60601209656e-24, 6.81838118362e-24, 6.36151594023e-24, 1.47143021876e-23, 7.97063244255e-24, 6.53786737332e-24, 1.65004994249e-23, 1.29408876524e-23, 7.61666976552e-24, 7.18115543696e-24, 9.63196325376e-24, 1.07437254379e-23, 1.04023316816e-23, 6.58370847495e-24, 6.87327643629e-24, 8.19636420172e-24, 1.01069395602e-23, 9.37935263696e-24, 8.49946507189e-24, 6.24796099065e-24, 8.88167133591e-24, 1.04448205189e-23, 7.21104537666e-24, 6.19327005295e-24, 9.85717120928e-24, 9.98241392204e-24, 7.47840295922e-24, 8.63282674108e-24, 5.98805972137e-24, 9.44192350624e-24, 1.17791037982e-23, 1.07041088432e-23, 1.22169326447e-23, 1.31392869589e-23],
        "stdev": [0.0128070376813, 0.00588141381741, 0.00158757169265, 0.000714326743037, 0.00124457105994, 0.00241487822495, 0.00100779777858, 0.000744109798688, 0.000650464033242, 0.00026514736237, 0.000211371749174, 0.000187957266462, 0.000155311485287, 0.000185531171155, 0.00012633203005, 0.000233296028455, 0.000173989261384, 0.000123168618302, 0.000108950429421, 8.24316011858e-05, 5.41625522601e-05, 2.38555694523e-05, 2.56747443927e-05, 2.64901736955e-05, 1.91930321307e-05, 1.38799741762e-05, 1.40950978675e-05, 2.06987060665e-05, 1.90078371816e-05, 1.82147523446e-05, 2.3876043997e-05, 2.15158652281e-05, 1.40802703754e-05, 1.6348232748e-05, 1.60520266945e-05, 1.26099694171e-05, 8.31779925647e-06, 1.10380196929e-05, 1.4203338651e-05, 1.16252795124e-05],
        "var": [0.000164020209922, 3.45910266333e-05, 2.52038398685e-06, 5.10262736952e-07, 1.54895712967e-06, 5.83163637202e-06, 1.01565638033e-06, 5.53699408101e-07, 4.23103472258e-07, 7.03031304283e-08, 4.46780177299e-08, 3.53279325793e-08, 2.41216557839e-08, 3.44218165083e-08, 1.59597810523e-08, 5.44270335467e-08, 3.0272264695e-08, 1.51705101814e-08, 1.18701954932e-08, 6.7949685878e-09, 2.93358204395e-09, 5.69088165481e-10, 6.59192533892e-10, 7.01729341301e-10, 3.68372499171e-10, 1.92653684672e-10, 1.98671773477e-10, 4.2843639747e-10, 3.61297880502e-10, 3.31777216811e-10, 5.70065494809e-10, 4.6293244238e-10, 1.98254024308e-10, 2.67264710363e-10, 2.57667581716e-10, 1.59011318002e-10, 6.91857821034e-11, 1.21837873124e-10, 2.01734837169e-10, 1.35147115721e-10]
    },
    "melbands128": {
