{
"lowlevel": {
    "average_loudness": 0.964911699295,
    "barkbands_crest": {
        "dmean": 2.85396289825,
        "dmean2": 4.44506549835,
        "dvar": 6.69937515259,
        "dvar2": 14.3142061234,
        "max": 25.4193935394,
        "mean": 10.6892547607,
        "median": 9.45275688171,
        "min": 2.56021976471,
        "stdev": 4.59761571884,
        "var": 21.1380691528
    },
    "barkbands_flatness_db": {
        "dmean": 0.0324242636561,
        "dmean2": 0.0449439100921,
        "dvar": 0.00101641286165,
        "dvar2": 0.00178275175858,
        "max": 0.387291878462,
        "mean": 0.169506922364,
        "median": 0.163628920913,
        "min": 0.0262738857418,
        "stdev": 0.0627655014396,
        "var": 0.0039395079948
    },
    "barkbands_kurtosis": {
        "dmean": 4.68126106262,
        "dmean2": 7.37484025955,
        "dvar": 53.2474594116,
        "dvar2": 126.836402893,
        "max": 124.554786682,
        "mean": 7.12205076218,
        "median": 4.72866678238,
        "min": -1.86829638481,
        "stdev": 9.55175876617,
        "var": 91.2360992432
    },
    "barkbands_skewness": {
        "dmean": 0.701755225658,
        "dmean2": 1.05677878857,
        "dvar": 0.445560842752,
        "dvar2": 1.00092947483,
        "max": 8.3446521759,
        "mean": 1.7926504612,
        "median": 1.6175173521,
        "min": -1.97601890564,
        "stdev": 1.19259762764,
        "var": 1.42228901386
    },
    "barkbands_spread": {
        "dmean": 6.2511305809,
        "dmean2": 9.24864959717,
        "dvar": 88.6522979736,
        "dvar2": 188.474639893,
        "max": 92.2254638672,
        "mean": 14.059753418,
        "median": 9.8135509491,
        "min": 0.48151999712,
        "stdev": 13.6068429947,
        "var": 185.14616394
    },
    "dissonance": {
        "dmean": 0.0340243130922,
        "dmean2": 0.0542317926884,
        "dvar": 0.000895206525456,
        "dvar2": 0.0020973070059,
        "max": 0.498300462961,
        "mean": 0.416993379593,
        "median": 0.426861792803,
        "min": 0.241626873612,
        "stdev": 0.0502829067409,
        "var": 0.00252837082371
    },
    "dynamic_complexity": 3.29934883118,
    "erbbands_crest": {
        "dmean": 3.07804965973,
        "dmean2": 4.87184810638,
        "dvar": 7.92040348053,
        "dvar2": 18.6600627899,
        "max": 28.8810844421,
        "mean": 10.6217451096,
        "median": 10.0305662155,
        "min": 2.74819612503,
        "stdev": 4.3091802597,
        "var": 18.5690345764
    },
    "erbbands_flatness_db": {
        "dmean": 0.0254497565329,
        "dmean2": 0.0355090014637,
        "dvar": 0.000611545459833,
        "dvar2": 0.00107118091546,
        "max": 0.350062727928,
        "mean": 0.18456491828,
        "median": 0.186126559973,
        "min": 0.0510867126286,
        "stdev": 0.0512568168342,
        "var": 0.00262726144865
    },
    "erbbands_kurtosis": {
        "dmean": 2.18884539604,
        "dmean2": 3.49978470802,
        "dvar": 11.789399147,
        "dvar2": 24.3071327209,
        "max": 68.7057495117,
        "mean": 2.88398098946,
        "median": 1.50331449509,
        "min": -1.75244677067,
        "stdev": 4.90311336517,
        "var": 24.0405216217
    },
    "erbbands_skewness": {
        "dmean": 0.566483139992,
        "dmean2": 0.864628374577,
        "dvar": 0.283121079206,
        "dvar2": 0.596501529217,
        "max": 7.03499174118,
        "mean": 1.06886303425,
        "median": 1.04726099968,
        "min": -2.37136912346,
        "stdev": 0.89700704813,
        "var": 0.804621696472
    },
    "erbbands_spread": {
        "dmean": 9.35018157959,
        "dmean2": 14.004034996,
        "dvar": 137.187805176,
        "dvar2": 299.995239258,
        "max": 121.202507019,
        "mean": 29.4256401062,
        "median": 24.2358665466,
        "min": 2.35650682449,
        "stdev": 19.7425575256,
        "var": 389.768554688
    },
    "hfc": {
        "dmean": 8.57731723785,
        "dmean2": 11.4032239914,
        "dvar": 164.052444458,
        "dvar2": 316.453063965,
        "max": 166.715057373,
        "mean": 18.6435146332,
        "median": 13.8270549774,
        "min": 1.17784642936e-16,
        "stdev": 18.8269424438,
        "var": 354.453735352
    },
    "loudness_ebu128": {
        "integrated": -7.10148859024,
        "loudness_range": 1.77683877945,
        "momentary": {
            "dmean": 0.765395820141,
            "dmean2": 0.941445350647,
            "dvar": 0.62209624052,
            "dvar2": 1.52194797993,
            "max": -5.00158643723,
            "mean": -7.38738441467,
            "median": -6.91023540497,
            "min": -14.9081840515,
            "stdev": 1.72069323063,
            "var": 2.96078515053
        },
        "short_term": {
            "dmean": 0.0833191946149,
            "dmean2": 0.0977078154683,
            "dvar": 0.00404310459271,
            "dvar2": 0.00536234816536,
            "max": -5.93117141724,
            "mean": -7.1478729248,
            "median": -7.2658905983,
            "min": -8.3099193573,
            "stdev": 0.575990080833,
            "var": 0.331764578819
        }
    },
    "melbands_crest": {
        "dmean": 3.44399428368,
        "dmean2": 5.46559810638,
        "dvar": 9.86810779572,
        "dvar2": 22.713508606,
        "max": 31.9577770233,
        "mean": 13.7044963837,
        "median": 12.6392030716,
        "min": 2.42505645752,
        "stdev": 5.36839294434,
        "var": 28.8196411133
    },
    "melbands_flatness_db": {
        "dmean": 0.0369069166481,
        "dmean2": 0.0514400079846,
        "dvar": 0.00139033712912,
        "dvar2": 0.00256769522093,
        "max": 0.489378154278,
        "mean": 0.236302703619,
        "median": 0.233517885208,
        "min": 0.0058852462098,
        "stdev": 0.0714832916856,
        "var": 0.00510986149311
    },
    "melbands_kurtosis": {
        "dmean": 6.96601438522,
        "dmean2": 11.1897439957,
        "dvar": 98.9819412231,
        "dvar2": 251.337051392,
        "max": 156.175415039,
        "mean": 12.5574836731,
        "median": 7.66425704956,
        "min": -1.74726617336,
        "stdev": 14.7765922546,
        "var": 218.347671509
    },
    "melbands_skewness": {
        "dmean": 0.763215780258,
        "dmean2": 1.15640175343,
        "dvar": 0.563067138195,
        "dvar2": 1.34033799171,
        "max": 9.33641529083,
        "mean": 2.28137207031,
        "median": 1.95599329472,
        "min": -0.943403840065,
        "stdev": 1.50797617435,
        "var": 2.27399206161
    },
    "melbands_spread": {
        "dmean": 7.56144714355,
        "dmean2": 11.1526546478,
        "dvar": 201.188949585,
        "dvar2": 364.924133301,
        "max": 219.868255615,
        "mean": 16.2063808441,
        "median": 11.1059112549,
        "min": 0.697637796402,
        "stdev": 20.8546905518,
        "var": 434.918121338
    },
    "pitch_salience": {
        "dmean": 0.0824498683214,
        "dmean2": 0.131068453193,
        "dvar": 0.00548254465684,
        "dvar2": 0.0129911527038,
        "max": 0.837976574898,
        "mean": 0.566593110561,
        "median": 0.577095985413,
        "min": 0.146507784724,
        "stdev": 0.120376706123,
        "var": 0.0144905522466
    },
    "silence_rate_20dB": {
        "dmean": 0,
        "dmean2": 0,
        "dvar": 0,
        "dvar2": 0,
        "max": 1,
        "mean": 1,
        "median": 1,
        "min": 1,
        "stdev": 0,
        "var": 0
    },
    "silence_rate_30dB": {
        "dmean": 0.00773993786424,
        "dmean2": 0.0154918665066,
        "dvar": 0.00768006267026,
        "dvar2": 0.0198994930834,
        "max": 1,
        "mean": 0.993812859058,
        "median": 1,
        "min": 0,
        "stdev": 0.0784147381783,
        "var": 0.00614887150005
    },
    "silence_rate_60dB": {
        "dmean": 0.0479876175523,
        "dmean2": 0.095274977386,
        "dvar": 0.045685492456,
        "dvar2": 0.0985924005508,
        "max": 1,
        "mean": 0.0982211902738,
        "median": 0,
        "min": 0,
        "stdev": 0.297617197037,
        "var": 0.0885760039091
    },
    "spectral_centroid": {
        "dmean": 261.633239746,
        "dmean2": 379.964141846,
        "dvar": 199163.984375,
        "dvar2": 313756.84375,
        "max": 10803.4589844,
        "mean": 877.310119629,
        "median": 733.024108887,
        "min": 259.971313477,
        "stdev": 630.608642578,
        "var": 397667.25
    },
    "spectral_complexity": {
        "dmean": 4.7708978653,
        "dmean2": 7.11851263046,
        "dvar": 49.4211845398,
        "dvar2": 92.7051315308,
        "max": 59,
        "mean": 13.2730083466,
        "median": 12,
        "min": 0,
        "stdev": 9.40754318237,
        "var": 88.5018615723
    },
    "spectral_decrease": {
        "dmean": 2.72166289506e-09,
        "dmean2": 3.54575457884e-09,
        "dvar": 1.06680275917e-17,
        "dvar2": 1.87964766997e-17,
        "max": -3.57383023459e-29,
        "mean": -7.5344139816e-09,
        "median": -6.36036645574e-09,
        "min": -3.29938814048e-08,
        "stdev": 6.15730533227e-09,
        "var": 3.79124105519e-17
    },
    "spectral_energy": {
        "dmean": 0.0108261238784,
        "dmean2": 0.0140541540459,
        "dvar": 0.000165036588442,
        "dvar2": 0.00029194241506,
        "max": 0.125695496798,
        "mean": 0.0301276203245,
        "median": 0.025498913601,
        "min": 1.0818286488e-20,
        "stdev": 0.0242071095854,
        "var": 0.000585984147619
    },
    "spectral_energyband_high": {
        "dmean": 0.000396248506149,
        "dmean2": 0.000559418287594,
        "dvar": 1.07151413431e-06,
        "dvar2": 1.89796219274e-06,
        "max": 0.0163736492395,
        "mean": 0.000544616486877,
        "median": 0.000132379849674,
        "min": 7.73163214393e-21,
        "stdev": 0.00135676085483,
        "var": 1.84080010968e-06
    },
    "spectral_energyband_low": {
        "dmean": 0.00363780441694,
        "dmean2": 0.00492013059556,
        "dvar": 7.8067110735e-05,
        "dvar2": 0.00012888837955,
        "max": 0.107944466174,
        "mean": 0.00643238052726,
        "median": 0.00147385604214,
        "min": 1.16921000135e-22,
        "stdev": 0.015408902429,
        "var": 0.000237434273004
    },
    "spectral_energyband_middle_high": {
        "dmean": 0.00252572656609,
        "dmean2": 0.00377715169452,
        "dvar": 1.57858139573e-05,
        "dvar2": 3.5761455365e-05,
        "max": 0.0443982519209,
        "mean": 0.00410212622955,
        "median": 0.0017447801074,
        "min": 1.80327594969e-21,
        "stdev": 0.00535505032167,
        "var": 2.86765643978e-05
    },
    "spectral_energyband_middle_low": {
        "dmean": 0.00797681789845,
        "dmean2": 0.01137289498,
        "dvar": 9.76436786004e-05,
        "dvar2": 0.00020874121401,
        "max": 0.0734243020415,
        "mean": 0.019810076803,
        "median": 0.0161726512015,
        "min": 1.98832403783e-22,
        "stdev": 0.0158491395414,
        "var": 0.000251195247984
    },
    "spectral_entropy": {
        "dmean": 0.28140899539,
        "dmean2": 0.394103497267,
        "dvar": 0.086435995996,
        "dvar2": 0.140505075455,
        "max": 9.80041408539,
        "mean": 7.21537780762,
        "median": 7.17564725876,
        "min": 4.9662361145,
        "stdev": 0.563056766987,
        "var": 0.317032933235
    },
    "spectral_flux": {
        "dmean": 0.033791359514,
        "dmean2": 0.0498843900859,
        "dvar": 0.00130059581716,
        "dvar2": 0.00259594293311,
        "max": 0.315090537071,
        "mean": 0.0874718055129,
        "median": 0.0761784017086,
        "min": 1.04010994262e-10,
        "stdev": 0.054969985038,
        "var": 0.00302169914357
    },
    "spectral_kurtosis": {
        "dmean": 2.19216442108,
        "dmean2": 3.50204491615,
        "dvar": 5.04856967926,
        "dvar2": 13.2299633026,
        "max": 29.4631156921,
        "mean": 6.24773645401,
        "median": 5.8737487793,
        "min": -1.19299149513,
        "stdev": 3.49657893181,
        "var": 12.226064682
    },
    "spectral_rms": {
        "dmean": 0.000983259058557,
        "dmean2": 0.00122131593525,
        "dvar": 1.04816422208e-06,
        "dvar2": 1.71543365468e-06,
        "max": 0.0110738314688,
        "mean": 0.00491625722498,
        "median": 0.00498768361285,
        "min": 3.24875759974e-12,
        "stdev": 0.00228542974219,
        "var": 5.22318941876e-06
    },
    "spectral_rolloff": {
        "dmean": 619.198181152,
        "dmean2": 1025.30456543,
        "dvar": 2079384.125,
        "dvar2": 4543703.5,
        "max": 18863.0859375,
        "mean": 1192.45422363,
        "median": 667.529296875,
        "min": 64.599609375,
        "stdev": 1718.05212402,
        "var": 2951703.25
    },
    "spectral_skewness": {
        "dmean": 0.291495382786,
        "dmean2": 0.436579227448,
        "dvar": 0.0735026523471,
        "dvar2": 0.157182171941,
        "max": 4.50733947754,
        "mean": 1.97545135021,
        "median": 2.01269674301,
        "min": -0.0207766685635,
        "stdev": 0.527979433537,
        "var": 0.278762280941
    },
    "spectral_spread": {
        "dmean": 752519.5,
        "dmean2": 1120914,
        "dvar": 1.95752584806e+12,
        "dvar2": 2.90603846861e+12,
        "max": 41613800,
        "mean": 4610174.5,
        "median": 4169650.75,
        "min": 2012586.25,
        "stdev": 1912360.375,
        "var": 3.65712218522e+12
    },
    "spectral_strongpeak": {
        "dmean": 0.544028222561,
        "dmean2": 0.855905890465,
        "dvar": 0.471480995417,
        "dvar2": 1.02388167381,
        "max": 6.53785800934,
        "mean": 1.14527487755,
        "median": 0.88199275732,
        "min": 0,
        "stdev": 1.03687918186,
        "var": 1.07511842251
    },
    "zerocrossingrate": {
        "dmean": 0.0128593323752,
        "dmean2": 0.014669617638,
        "dvar": 0.00052064092597,
        "dvar2": 0.000560706015676,
        "max": 0.48876953125,
        "mean": 0.0482129603624,
        "median": 0.03759765625,
        "min": 0.00439453125,
        "stdev": 0.0432333424687,
        "var": 0.00186912203208
    },
    "barkbands": {
        "dmean": [0.000127863779198, 0.00265927775763, 0.00133333797567, 0.00156947108917, 0.00281269010156, 0.00270531489514, 0.00158082845155, 0.00150745350402, 0.00214582541957, 0.000690128421411, 0.000302579690469, 0.000543220492546, 0.0005865196581, 0.000425345584517, 0.00024114579719, 0.000245679286309, 0.0002167539933, 0.00013032091374, 0.000111404544441, 9.81264529401e-05, 6.43189341645e-05, 8.1016063632e-05, 8.13842489151e-05, 7.26658036001e-05, 7.0197682362e-05, 2.97036021948e-05, 4.66309120384e-06],
        "dmean2": [0.000193082829355, 0.00333021604456, 0.0022749574855, 0.0026011201553, 0.00403766194358, 0.00407147128135, 0.00239733862691, 0.00229327636771, 0.00333746080287, 0.00104379339609, 0.000486215256387, 0.00086181279039, 0.000947310822085, 0.000697019509971, 0.000398636591854, 0.000405166618293, 0.000359772529919, 0.000203416828299, 0.000178035668796, 0.000151260290295, 9.70232722466e-05, 0.000120674165373, 0.000123542835354, 0.000100497680251, 0.000100432269392, 4.52513995697e-05, 7.69243979448e-06],
        "dvar": [1.46464699924e-07, 6.04180968367e-05, 1.43046863741e-05, 1.21228267744e-05, 2.3283129849e-05, 2.20437123062e-05, 1.0074482816e-05, 8.33924787003e-06, 1.54281678988e-05, 2.91968990496e-06, 3.92516056991e-07, 1.77873619123e-06, 1.90411606127e-06, 7.18207900263e-07, 2.57736758158e-07, 2.78687934951e-07, 2.06200226671e-07, 5.47250458283e-08, 6.65638069108e-08, 5.09167499274e-08, 2.86748988998e-08, 6.38357846583e-08, 8.42250571509e-08, 3.83802110093e-08, 2.94817912305e-08, 5.09367392709e-09, 1.68353345154e-10],
        "dvar2": [3.47719407046e-07, 8.23149239295e-05, 3.87754371332e-05, 3.17140802508e-05, 5.45732109458e-05, 4.55976987723e-05, 2.47812895395e-05, 1.99850728677e-05, 3.36767407134e-05, 6.06761841482e-06, 9.64765945355e-07, 4.23512756242e-06, 4.60061437479e-06, 1.72550790012e-06, 6.60180774048e-07, 7.20592197467e-07, 5.25280142938e-07, 1.27840309005e-07, 1.58872794032e-07, 1.07762275547e-07, 6.52082690067e-08, 1.30178037239e-07, 1.81277954425e-07, 6.03113861075e-08, 5.55571659788e-08, 1.10544782217e-08, 4.22040513648e-10],
        "max": [0.00456424662843, 0.10488255322, 0.0397885143757, 0.0340917482972, 0.0572528094053, 0.0652656108141, 0.056595094502, 0.0341365411878, 0.0429985448718, 0.0305559206754, 0.00802862737328, 0.0169068630785, 0.0176565274596, 0.00810314994305, 0.00410028547049, 0.00443189265206, 0.0042806440033, 0.00227199448273, 0.00296491524205, 0.0032280345913, 0.0026809128467, 0.00447389250621, 0.0047390521504, 0.00455048540607, 0.00358736352064, 0.000659510144033, 0.000150433086674],
        "mean": [0.000159061004524, 0.00418756902218, 0.00142582983244, 0.00209393398836, 0.0051702875644, 0.00410775188357, 0.00247349799611, 0.00232050800696, 0.00340118911117, 0.000885006447788, 0.000385686435038, 0.000676928146277, 0.000706756312866, 0.000503385905176, 0.00024258364283, 0.000246375420829, 0.000231632526265, 0.000166523182997, 0.000124467493151, 0.00011800442735, 7.54136053729e-05, 0.000100744517113, 9.75557486527e-05, 0.000101610072306, 9.04126645764e-05, 3.10014183924e-05, 3.92269384974e-06],
        "median": [6.3284942371e-06, 0.000237996981014, 0.000374539667973, 0.000751480110921, 0.00204819440842, 0.00143199320883, 0.0012015493121, 0.000924406689592, 0.000934642739594, 0.000131081644213, 8.78958671819e-05, 0.000114687885798, 9.88119718386e-05, 7.83516297815e-05, 5.6157605286e-05, 5.69076437387e-05, 7.85390293458e-05, 5.84592125961e-05, 3.24051325151e-05, 3.03585566144e-05, 1.62531650858e-05, 2.75519178103e-05, 2.08266974369e-05, 1.98269663088e-05, 1.11242579806e-05, 4.33560444435e-06, 2.16203844161e-07],
        "min": [1.51851795728e-23, 4.96335756782e-23, 5.27162831682e-23, 1.01127913304e-23, 5.86044514053e-23, 2.53022780837e-23, 9.99196781646e-24, 4.20244537339e-23, 4.42165246401e-23, 1.08915172663e-22, 1.10649480208e-22, 1.42248458659e-22, 8.30678106262e-23, 1.1584008399e-22, 1.34531884393e-22, 1.4470292679e-22, 2.13296477713e-22, 2.77537144649e-22, 3.73523316216e-22, 3.15583691538e-22, 5.01680093778e-22, 5.56893844308e-22, 5.05843108412e-22, 9.98282498168e-22, 1.07870571887e-21, 1.55770539267e-21, 2.47367453416e-21],
        "stdev": [0.000440288917162, 0.0131460102275, 0.00345609034412, 0.00384608539753, 0.0072455056943, 0.00652908766642, 0.00376918585971, 0.00348121905699, 0.00574195897207, 0.0023222414311, 0.000799088971689, 0.00162420072593, 0.00153169676196, 0.00101594428997, 0.000505823642015, 0.000512875209097, 0.000444600824267, 0.000267721799901, 0.000262673740508, 0.000254715996562, 0.000192165098269, 0.000282336346572, 0.000311415991746, 0.000313914963044, 0.000267042953055, 7.70857513999e-05, 1.22458413898e-05],
        "var": [1.93854319264e-07, 0.000172817584826, 1.19445612654e-05, 1.47923728946e-05, 5.24973511347e-05, 4.26289880124e-05, 1.42067628985e-05, 1.21188868434e-05, 3.2970092434e-05, 5.39280563316e-06, 6.38543156128e-07, 2.63802803602e-06, 2.34609501604e-06, 1.03214279079e-06, 2.55857571574e-07, 2.6304095968e-07, 1.97669891122e-07, 7.16749610774e-08, 6.89974868351e-08, 6.48802327419e-08, 3.69274246736e-08, 7.97138142161e-08, 9.697991743e-08, 9.85426069633e-08, 7.13119447937e-08, 5.94221338801e-09, 1.49960641127e-10]
    },
    "erbbands": {
        "dmean": [0.0948410332203, 0.564202845097, 1.39796996117, 3.17110323906, 7.88593816757, 9.02959537506, 13.1939744949, 26.9980888367, 25.76820755, 22.0807228088, 33.8260917664, 46.1793022156, 33.4255485535, 13.2875747681, 13.7912483215, 19.6499633789, 26.3942279816, 21.8870277405, 11.9226636887, 13.6490859985, 13.8529577255, 10.9065980911, 7.69929361343, 4.88741207123, 6.55493831635, 4.14238882065, 2.7700984478, 2.50156235695, 2.70393633842, 2.84393453598, 2.23296356201, 1.51627194881, 1.25546002388, 0.775960206985, 0.525607824326, 0.167511358857, 0.0484430454671, 0.0124424472451, 0.000478034751723, 1.99378409889e-05],
        "dmean2": [0.116294488311, 0.757776737213, 2.30561304092, 5.36353254318, 11.717297554, 13.1266613007, 18.9534244537, 40.6695518494, 38.5931243896, 34.0287017822, 51.8731918335, 71.7863006592, 50.3652648926, 20.2036342621, 21.7354183197, 30.7896881104, 42.1392631531, 34.9225578308, 19.4127311707, 22.7333698273, 22.9463005066, 17.9946117401, 11.9635982513, 7.74111318588, 10.4632797241, 6.42497873306, 4.2278175354, 3.77514958382, 4.04114675522, 4.20912647247, 3.40462327003, 2.15636634827, 1.75786149502, 1.09421777725, 0.81395471096, 0.255449950695, 0.0747016519308, 0.0198630373925, 0.000779772351962, 2.69255415333e-05],
        "dvar": [0.0962832868099, 2.73029088974, 14.9141559601, 55.6276473999, 269.842773438, 325.092468262, 655.050537109, 2358.7734375, 2092.59960938, 3179.69360352, 3861.01318359, 8845.07617188, 5960.19140625, 662.610534668, 843.881896973, 2483.34643555, 4026.3203125, 1950.33605957, 474.792327881, 1011.06054688, 833.300720215, 506.715454102, 188.547958374, 133.539657593, 216.666427612, 88.9176635742, 58.8085823059, 36.9778060913, 60.8345527649, 87.8910217285, 71.9824676514, 21.6121406555, 11.255698204, 4.75592088699, 1.92134594917, 0.162404298782, 0.0132462615147, 0.00102446577512, 1.76607977664e-06, 9.19199771854e-10],
        "dvar2": [0.125378683209, 4.26975917816, 37.9059562683, 154.566986084, 566.851928711, 767.236450195, 1453.01647949, 4850.35986328, 5170.55615234, 7412.26025391, 9372.84960938, 19348.3339844, 12473.2041016, 1439.32775879, 2015.89697266, 5965.74072266, 9624.42089844, 4447.37304688, 1172.68164062, 2645.86474609, 2183.07348633, 1258.50061035, 447.328430176, 316.082580566, 511.729217529, 190.501754761, 127.880401611, 72.821647644, 117.503265381, 185.293426514, 158.529556274, 40.3090248108, 16.6336479187, 8.39363002777, 4.39394760132, 0.355016648769, 0.0293249394745, 0.00237444438972, 4.4001490096e-06, 1.90959759117e-09],
        "max": [4.06116962433, 21.2675113678, 39.2365112305, 80.3575210571, 182.691574097, 248.44480896, 327.63470459, 765.692871094, 785.970947266, 1461.01049805, 880.47668457, 1328.26281738, 1050.32287598, 417.243804932, 429.400299072, 819.325622559, 786.041442871, 503.347503662, 243.860824585, 273.616577148, 225.291244507, 248.155303955, 126.909553528, 168.765716553, 150.832748413, 126.406028748, 126.223609924, 75.0834503174, 141.499679565, 147.709106445, 138.740631104, 74.6912231445, 90.7862091064, 57.1393699646, 14.2343769073, 3.79214596748, 0.954192638397, 0.265444338322, 0.0159692261368, 0.000296785437968],
        "mean": [0.141916319728, 0.855418145657, 1.64163541794, 4.14989519119, 12.995136261, 16.3664093018, 21.9752807617, 40.6694068909, 43.1831970215, 33.8112297058, 55.7269630432, 72.1830444336, 48.8139839172, 18.2386951447, 19.471162796, 26.0368118286, 33.1512832642, 27.9351806641, 14.5897121429, 13.5438890457, 14.1046466827, 12.6828804016, 10.2265195847, 6.06809854507, 7.40247440338, 5.18767118454, 3.1915512085, 3.10961604118, 3.42552518845, 3.44190168381, 2.65742468834, 2.00035142899, 1.79883265495, 1.10494828224, 0.591962635517, 0.180235818028, 0.0497003942728, 0.0116824805737, 0.000431122054579, 4.49837352789e-05],
        "median": [0.00280071189627, 0.0725309476256, 0.449132680893, 1.87113213539, 3.71769595146, 4.98300743103, 6.29322099686, 13.6799297333, 24.5399360657, 17.672996521, 29.5123767853, 21.0729351044, 9.1401348114, 5.67184305191, 5.76787042618, 4.81693315506, 5.16156339645, 4.54669094086, 3.7907602787, 3.15884923935, 3.93615078926, 4.78819465637, 3.97259235382, 2.07285165787, 1.85882842541, 1.38596534729, 0.630532622337, 0.742228150368, 0.87695902586, 0.956070840359, 0.549481987953, 0.372486323118, 0.323241114616, 0.143210321665, 0.0635443180799, 0.0235952045768, 0.00639054551721, 0.00115870172158, 4.74683147331e-05, 3.35966178682e-05],
        "min": [6.40653302932e-22, 1.39293063095e-20, 5.85011145142e-20, 5.23133479368e-20, 9.74922889397e-20, 2.65433883365e-19, 7.33563089634e-20, 3.05351913666e-19, 1.64537442474e-19, 4.28065941147e-19, 8.76285155641e-19, 1.10288011751e-18, 2.21959731231e-18, 3.38551686431e-18, 5.3473070019e-18, 6.13079510731e-18, 3.34148335196e-18, 5.68417175687e-18, 4.97665812276e-18, 7.22246051688e-18, 1.01323189573e-17, 1.15586388952e-17, 1.85642457427e-17, 1.89135608066e-17, 1.28380283953e-17, 1.34712641055e-17, 2.04160781411e-17, 2.10111088603e-17, 2.08728902887e-17, 1.36822530644e-17, 1.89889351584e-17, 2.09215599416e-17, 1.46610252775e-17, 1.19592234407e-17, 7.77264812079e-18, 5.29846860417e-18, 3.14942710977e-18, 1.10800274365e-18, 3.43014868673e-19, 4.08165003122e-20],
        "stdev": [0.488023549318, 2.64839863777, 3.90075969696, 7.14108324051, 23.9085216522, 27.744052887, 39.0122947693, 67.3438415527, 57.6090164185, 64.0885238647, 76.547203064, 129.331939697, 105.92049408, 35.1340560913, 37.399936676, 59.4176368713, 70.872253418, 58.7587127686, 25.2254772186, 29.1370487213, 28.3924121857, 23.0699214935, 15.7245016098, 12.1007595062, 14.8777246475, 10.939953804, 8.42592430115, 7.62709903717, 9.1215467453, 10.1547365189, 8.95765113831, 6.0696182251, 5.93645238876, 3.71616101265, 1.64352977276, 0.446011871099, 0.123084120452, 0.032253716141, 0.00125948362984, 4.34505491285e-05],
        "var": [0.238166987896, 7.01401472092, 15.215927124, 50.9950714111, 571.617370605, 769.732421875, 1521.95910645, 4535.19335938, 3318.79858398, 4107.33935547, 5859.47460938, 16726.75, 11219.1513672, 1234.40185547, 1398.75537109, 3530.45556641, 5022.87646484, 3452.58618164, 636.324707031, 848.967590332, 806.12902832, 532.221313477, 247.259963989, 146.428375244, 221.346679688, 119.682579041, 70.9961929321, 58.1726379395, 83.2026138306, 103.118667603, 80.2395095825, 36.8402671814, 35.2414665222, 13.8098535538, 2.70118999481, 0.198926582932, 0.0151497013867, 0.00104030210059, 1.58629893576e-06, 1.88795024059e-09]
    },
    "gfcc": {
        "mean": [-25.9502105713, 100.034980774, -107.068397522, 15.0820436478, -72.6143417358, 0.120817370713, -49.7389068604, 6.31073474884, -20.5259075165, 0.745357573032, -17.9133663177, -4.65444850922, -18.5094909668],
        "cov": [[7345.73583984, -1037.65063477, -530.085693359, -277.612121582, -195.358764648, 646.133483887, 21.9381256104, 189.888198853, -295.407714844, 58.5549354553, 3.93574786186, 185.057434082, -63.155960083], [-1037.65063477, 1588.59997559, -1.0999174118, -11.9630718231, 196.17376709, -91.7159500122, 242.953094482, -67.1831893921, 255.11958313, -114.508964539, 143.628051758, -61.8871421814, 89.8413238525], [-530.085693359, -1.0999174118, 665.979309082, 313.578521729, 113.420509338, 58.463809967, 6.14542198181, 78.3273544312, 93.0233306885, 119.45514679, -15.8933925629, -1.10909819603, 38.2330245972], [-277.612121582, -11.9630718231, 313.578521729, 512.937744141, 163.043716431, -48.088886261, -88.7364959717, 20.8630695343, 112.382255554, 56.3398208618, -29.3102741241, -32.1108093262, 75.1328582764], [-195.358764648, 196.17376709, 113.420509338, 163.043716431, 356.607910156, 76.9197463989, 63.1522789001, 32.3997764587, 40.825340271, 27.5090065002, -2.69125175476, 22.7166690826, 26.1396389008], [646.133483887, -91.7159500122, 58.463809967, -48.088886261, 76.9197463989, 372.35546875, 225.371063232, 127.839538574, 16.8275222778, 55.4578666687, 60.9839286804, 67.6679229736, -18.452167511], [21.9381256104, 242.953094482, 6.14542198181, -88.7364959717, 63.1522789001, 225.371063232, 334.035461426, 105.365249634, 46.8891983032, 5.43015193939, 88.9330062866, 40.5256271362, -15.0186395645], [189.888198853, -67.1831893921, 78.3273544312, 20.8630695343, 32.3997764587, 127.839538574, 105.365249634, 175.209411621, 57.5358085632, 33.6739311218, 16.334438324, 30.514509201, -4.98899650574], [-295.407714844, 255.11958313, 93.0233306885, 112.382255554, 40.825340271, 16.8275222778, 46.8891983032, 57.5358085632, 204.338699341, 36.208114624, 31.872959137, -17.9581241608, 39.8138465881], [58.5549354553, -114.508964539, 119.45514679, 56.3398208618, 27.5090065002, 55.4578666687, 5.43015193939, 33.6739311218, 36.208114624, 107.660232544, 18.3821163177, 10.8275966644, -11.040058136], [3.93574786186, 143.628051758, -15.8933925629, -29.3102741241, -2.69125175476, 60.9839286804, 88.9330062866, 16.334438324, 31.872959137, 18.3821163177, 116.855484009, 53.2093467712, 12.7324123383], [185.057434082, -61.8871421814, -1.10909819603, -32.1108093262, 22.7166690826, 67.6679229736, 40.5256271362, 30.514509201, -17.9581241608, 10.8275966644, 53.2093467712, 132.708206177, 35.4671554565], [-63.155960083, 89.8413238525, 38.2330245972, 75.1328582764, 26.1396389008, -18.452167511, -15.0186395645, -4.98899650574, 39.8138465881, -11.040058136, 12.7324123383, 35.4671554565, 99.080291748]],
        "icov": [[0.000238449152675, -0.000132248547743, 0.000339906953741, -0.00020311246044, 0.000285613496089, -0.000731262669433, 0.000446223973995, -0.000307629699819, 0.000475531618576, -0.000356445001671, 0.00025357407867, -0.000172575455508, -6.62336460664e-05], [-0.000132248547743, 0.00237249955535, -0.000922106031794, 0.00132364651654, -0.00188067753334, 0.00177006237209, -0.00185792590491, 0.00176437769551, -0.00305724423379, 0.00327510014176, -0.00296995532699, 0.00195491476916, -0.000975140312221], [0.000339906953741, -0.000922106031794, 0.00334945088252, -0.00206721993163, 0.00110095087439, -0.0014083920978, 0.000546626397409, -0.00134218542371, 0.00170477409847, -0.00384142389521, 0.0022021944169, -0.000975115632173, -0.000256598519627], [-0.00020311246044, 0.00132364651654, -0.00206721993163, 0.00499337771907, -0.00268533569761, 0.00146623910405, 0.000252026395174, 0.000579943822231, -0.00276954565197, 0.00170202204026, -0.00218509300612, 0.00266085495241, -0.00263870786875], [0.000285613496089, -0.00188067753334, 0.00110095087439, -0.00268533569761, 0.00546714477241, -0.0023447079584, 0.000488232297357, -0.000892999290954, 0.0025209679734, -0.00305187655613, 0.00384531379677, -0.00276285968721, 0.000790637743194], [-0.000731262669433, 0.00177006237209, -0.0014083920978, 0.00146623910405, -0.0023447079584, 0.00909004546702, -0.00570982554927, -8.25303650345e-05, -0.00206331210211, 0.00029771158006, -0.00200000079349, 0.000261513283476, -0.00017202035815], [0.000446223973995, -0.00185792590491, 0.000546626397409, 0.000252026395174, 0.000488232297357, -0.00570982554927, 0.00963796209544, -0.00362011557445, 0.00177693215664, 0.000396649935283, -0.00212395191193, 1.96897199203e-05, 0.0012495953124], [-0.000307629699819, 0.00176437769551, -0.00134218542371, 0.000579943822231, -0.000892999290954, -8.25303650345e-05, -0.00362011557445, 0.011224815622, -0.00536495959386, 0.00214709131978, 0.000636743439827, -0.00141379609704, 0.00133821985219], [0.000475531618576, -0.00305724423379, 0.00170477409847, -0.00276954565197, 0.0025209679734, -0.00206331210211, 0.00177693215664, -0.00536495959386, 0.012582693249, -0.00680089369416, 0.00126839685254, 0.00109085824806, -0.00289997877553], [-0.000356445001671, 0.00327510014176, -0.00384142389521, 0.00170202204026, -0.00305187655613, 0.00029771158006, 0.000396649935283, 0.00214709131978, -0.00680089369416, 0.0199882593006, -0.00734664592892, 0.00166384887416, 0.0033321226947], [0.00025357407867, -0.00296995532699, 0.0022021944169, -0.00218509300612, 0.00384531379677, -0.00200000079349, -0.00212395191193, 0.000636743439827, 0.00126839685254, -0.00734664592892, 0.0192265640944, -0.00866738799959, 0.00128858571406], [-0.000172575455508, 0.00195491476916, -0.000975115632173, 0.00266085495241, -0.00276285968721, 0.000261513283476, 1.96897199203e-05, -0.00141379609704, 0.00109085824806, 0.00166384887416, -0.00866738799959, 0.015471322462, -0.00749199138954], [-6.62336460664e-05, -0.000975140312221, -0.000256598519627, -0.00263870786875, 0.000790637743194, -0.00017202035815, 0.0012495953124, 0.00133821985219, -0.00289997877553, 0.0033321226947, 0.00128858571406, -0.00749199138954, 0.0171038098633]]
    },
    "melbands": {
        "dmean": [0.0007803576882, 0.000639641482849, 0.000690067361575, 0.000583561137319, 0.000453903776361, 0.00057660083985, 0.000371103727957, 0.000273591431323, 0.000299388746498, 0.000288290146273, 0.000167448219145, 6.05294953857e-05, 4.51278792752e-05, 5.30743564013e-05, 7.19909075997e-05, 5.22003028891e-05, 3.98900956498e-05, 2.06202221307e-05, 2.14415140363e-05, 1.64064658748e-05, 1.69861523318e-05, 1.21061439131e-05, 9.15567579796e-06, 6.37209677734e-06, 3.71816622646e-06, 4.79698928757e-06, 4.74668422612e-06, 2.40486087932e-06, 1.72124612163e-06, 1.60630133905e-06, 1.52691541189e-06, 1.6235496787e-06, 1.45371450344e-06, 1.67834684817e-06, 1.40292036122e-06, 1.08112374164e-06, 9.02995168417e-07, 8.88078545813e-07, 8.59596411829e-07, 6.13271538441e-07],
        "dmean2": [0.000939155346714, 0.00097550364444, 0.00110458221752, 0.000848191441037, 0.0006536222063, 0.000867298920639, 0.000558021827601, 0.000419410032919, 0.000452724460047, 0.000450725521659, 0.000253473088378, 9.16582284844e-05, 7.17567745596e-05, 8.484339196e-05, 0.000112196663395, 8.42664885568e-05, 6.44870378892e-05, 3.39257094311e-05, 3.6005203583e-05, 2.70525615633e-05, 2.86371541733e-05, 2.00373906409e-05, 1.47238433783e-05, 1.00425122582e-05, 5.96257223151e-06, 7.69318103266e-06, 7.54384973334e-06, 3.78726304007e-06, 2.73206910606e-06, 2.49429422183e-06, 2.2972642455e-06, 2.45732576332e-06, 2.1129187644e-06, 2.54165365732e-06, 2.17864430851e-06, 1.61239063345e-06, 1.27179407627e-06, 1.27374903514e-06, 1.25035217025e-06, 9.06356319774e-07],
        "dvar": [5.65401796848e-06, 2.84117254523e-06, 2.1753510282e-06, 1.11267786451e-06, 7.93574940872e-07, 1.01221735349e-06, 4.185575051e-07, 3.59990792731e-07, 2.73047191968e-07, 3.21512487744e-07, 1.53474317699e-07, 1.74200440739e-08, 8.84179041094e-09, 1.71872294175e-08, 5.88847477445e-08, 1.26919390553e-08, 6.89256829389e-09, 1.68818758972e-09, 2.43246622844e-09, 1.594462673e-09, 1.30919708408e-09, 6.97424729079e-10, 2.70225258836e-10, 1.51678877791e-10, 8.54920648163e-11, 1.28596036597e-10, 1.15742040951e-10, 3.10113532076e-11, 2.14114177777e-11, 2.35863429482e-11, 1.38261633045e-11, 2.31144027529e-11, 1.62976420554e-11, 3.20507058393e-11, 3.14326203954e-11, 1.25780089469e-11, 7.18991836554e-12, 5.31368655673e-12, 7.74343349857e-12, 2.90783868338e-12],
        "dvar2": [7.0931200753e-06, 6.39117843093e-06, 5.41703866475e-06, 2.46447439167e-06, 1.82418591521e-06, 2.08785445466e-06, 1.04420860225e-06, 8.33118917853e-07, 6.40955761355e-07, 7.20046102742e-07, 3.19757475609e-07, 3.61690339901e-08, 2.15917808077e-08, 4.50216148806e-08, 1.38302681307e-07, 3.02023828169e-08, 1.63308744305e-08, 4.30588409372e-09, 6.32307051163e-09, 4.10586320498e-09, 3.46925199679e-09, 1.73487157973e-09, 6.87363277407e-10, 3.64933111507e-10, 2.06750241927e-10, 3.10868386588e-10, 2.58951193821e-10, 6.9249571355e-11, 4.70876011793e-11, 5.40552186346e-11, 2.87066880683e-11, 4.6496424766e-11, 3.11412597098e-11, 7.0357872306e-11, 7.18926931875e-11, 2.62820425145e-11, 1.3032315678e-11, 8.18816195403e-12, 1.47484437857e-11, 5.63430335374e-12],
        "max": [0.0325669199228, 0.0196623317897, 0.0131068322808, 0.013944988139, 0.0132389534265, 0.0153850931674, 0.0109351323918, 0.0133717637509, 0.00640263780951, 0.00762596679851, 0.00520193809643, 0.00228405604139, 0.00119396985974, 0.00230943295173, 0.00479357782751, 0.00121118174866, 0.000849024567287, 0.00050264201127, 0.000420737866079, 0.000458380905911, 0.000310933886794, 0.00034194852924, 0.000131612774567, 0.000145768804941, 0.000138743504067, 0.000106275991129, 0.000145445912494, 7.19541858416e-05, 6.43652383587e-05, 8.986685134e-05, 5.09413512191e-05, 8.57020204421e-05, 6.80275770719e-05, 9.23412590055e-05, 8.95929988474e-05, 5.64204892726e-05, 4.17923511122e-05, 6.39081554255e-05, 7.28765298845e-05, 3.95547613152e-05],
        "mean": [0.00121281808242, 0.000937141478062, 0.00102454097942, 0.00106832222082, 0.000790498743299, 0.00088518980192, 0.000615845492575, 0.000418902462116, 0.00048759393394, 0.000445461424533, 0.000238924985752, 7.83200084697e-05, 6.09194212302e-05, 6.80367593304e-05, 8.58493513078e-05, 6.58701901557e-05, 4.84314186906e-05, 2.38488464674e-05, 2.08776436921e-05, 1.57535596372e-05, 1.67518246599e-05, 1.3046168533e-05, 1.13289970614e-05, 7.87302451499e-06, 4.35964147982e-06, 5.16675981999e-06, 5.47387662664e-06, 2.93214907288e-06, 1.89547358787e-06, 1.90577986814e-06, 1.7886192154e-06, 1.96139035324e-06, 1.87036766874e-06, 1.92416769096e-06, 1.59006128797e-06, 1.2917158756e-06, 1.19458786685e-06, 1.24303198845e-06, 1.20734011944e-06, 8.36968467866e-07],
        "median": [4.53958637081e-05, 0.00021722301608, 0.000437802635133, 0.000371536327293, 0.000236624415265, 0.000330071168719, 0.000355836062226, 0.000192164239706, 0.000248985859798, 0.000134847665322, 3.09058268613e-05, 1.68055867107e-05, 1.58566672326e-05, 1.35803111334e-05, 8.7105700004e-06, 8.8674159997e-06, 6.91523973728e-06, 5.23685957887e-06, 4.44045053882e-06, 3.19982564179e-06, 4.2744068196e-06, 4.37236576545e-06, 4.30543150287e-06, 2.65031076196e-06, 1.34570359478e-06, 1.12063571578e-06, 1.3235608094e-06, 6.82699578647e-07, 3.19496621159e-07, 3.64680772691e-07, 4.07569331173e-07, 4.4347751782e-07, 5.76423701659e-07, 4.67936388304e-07, 3.11937697006e-07, 2.20909399218e-07, 2.19773767185e-07, 2.38778369521e-07, 1.59531737154e-07, 9.93741267052e-08],
        "min": [1.04229540834e-23, 2.67950742846e-23, 9.77786071159e-24, 1.39903613794e-23, 4.25949113977e-24, 6.19056347119e-24, 2.51588943312e-24, 6.31486349516e-24, 6.04113270535e-24, 7.38001543826e-24, 1.22732999118e-23, 1.44467032136e-23, 1.57567487417e-23, 1.57981607837e-23, 1.45337161491e-23, 7.49828856492e-24, 1.08456651995e-23, 7.32370970229e-24, 1.20265560536e-23, 6.47230751007e-24, 1.39899054178e-23, 1.21012461929e-23, 1.36056859807e-23, 1.53257672079e-23, 1.58246523107e-23, 1.31373061292e-23, 6.15658565428e-24, 9.40810188379e-24, 1.21807499616e-23, 1.346319088e-23, 1.1612672291e-23, 1.16935967981e-23, 1.12626468188e-23, 5.90482542954e-24, 1.21102139637e-23, 9.49154759035e-24, 1.36571907092e-23, 1.11986828212e-23, 7.9010975092e-24, 1.12813341448e-23],
        "stdev": [0.00398408900946, 0.00220623845235, 0.00172161508817, 0.00162343436386, 0.00136231968645, 0.00139744847547, 0.000802686845418, 0.000706613471266, 0.000682424521074, 0.000790328253061, 0.000541853427421, 0.000182962437975, 0.000120700424304, 0.000158934417414, 0.000261514651356, 0.000135899113957, 0.000103444057459, 4.6312383347e-05, 4.71278726764e-05, 3.70340385416e-05, 3.53663090209e-05, 2.61391578533e-05, 1.77760048246e-05, 1.35974760269e-05, 9.49813238549e-06, 1.12207262646e-05, 1.13960195449e-05, 6.71850921208e-06, 4.92080562253e-06, 5.53473319087e-06, 4.46911008112e-06, 5.45693410459e-06, 4.78875472254e-06, 5.93650474912e-06, 5.67352890357e-06, 4.09215317632e-06, 3.63254389413e-06, 3.92461697629e-06, 4.55679992228e-06, 2.74665762845e-06],
        "var": [1.58729653776e-05, 4.86748785988e-06, 2.96395865007e-06, 2.63553920377e-06, 1.85591500212e-06, 1.9528622488e-06, 6.44306169306e-07, 4.99302586832e-07, 4.65703209329e-07, 6.24618792244e-07, 2.93605154411e-07, 3.34752563447e-08, 1.45685916664e-08, 2.52601495276e-08, 6.83899159526e-08, 1.84685706728e-08, 1.07006732364e-08, 2.14483675265e-09, 2.22103646585e-09, 1.37151989765e-09, 1.25077592728e-09, 6.83255563239e-10, 3.15986375954e-10, 1.84891352228e-10, 9.02145233517e-11, 1.25904689452e-10, 1.29869268117e-10, 4.51383687372e-11, 2.4214328459e-11, 3.0633270226e-11, 1.9972943438e-11, 2.97781278802e-11, 2.29321700518e-11, 3.52420904959e-11, 3.21889286059e-11, 1.67457176597e-11, 1.31953744806e-11, 1.54026184168e-11, 2.07644266365e-11, 7.54412851633e-12]
    },
    "melbands128": {
