{
"lowlevel": {
    "average_loudness": 0.948726594448,
    "barkbands_crest": {
        "dmean": 3.40839242935,
        "dmean2": 5.38620758057,
        "dvar": 9.76452159882,
        "dvar2": 23.9114761353,
        "max": 25.7175502777,
        "mean": 12.5621681213,
        "median": 11.7622756958,
        "min": 3.16985917091,
        "stdev": 5.13377046585,
        "var": 26.3555984497
    },
    "barkbands_flatness_db": {
        "dmean": 0.0363223738968,
        "dmean2": 0.0535065345466,
        "dvar": 0.00141274847556,
        "dvar2": 0.00323632033542,
        "max": 0.572777807713,
        "mean": 0.174395665526,
        "median": 0.163998782635,
        "min": 0.0357522889972,
        "stdev": 0.0683943927288,
        "var": 0.00467779301107
    },
    "barkbands_kurtosis": {
        "dmean": 8.04863739014,
        "dmean2": 12.4777603149,
        "dvar": 454.439880371,
        "dvar2": 929.07434082,
        "max": 434.198791504,
        "mean": 9.50558376312,
        "median": 2.00404405594,
        "min": -1.86114275455,
        "stdev": 30.1533889771,
        "var": 909.226867676
    },
    "barkbands_skewness": {
        "dmean": 0.935030817986,
        "dmean2": 1.44289112091,
        "dvar": 1.69013547897,
        "dvar2": 4.11513853073,
        "max": 15.6928472519,
        "mean": 1.97079920769,
        "median": 1.4829031229,
        "min": -1.7600414753,
        "stdev": 1.96260261536,
        "var": 3.85180902481
    },
    "barkbands_spread": {
        "dmean": 8.84868431091,
        "dmean2": 13.7652463913,
        "dvar": 134.967727661,
        "dvar2": 313.388061523,
        "max": 106.085693359,
        "mean": 23.3330974579,
        "median": 19.7642173767,
        "min": 0.111519865692,
        "stdev": 17.5299739838,
        "var": 307.300018311
    },
    "dissonance": {
        "dmean": 0.0273736827075,
        "dmean2": 0.045433036983,
        "dvar": 0.000676180818118,
        "dvar2": 0.00173232890666,
        "max": 0.49991697073,
        "mean": 0.447385847569,
        "median": 0.455249518156,
        "min": 0.250453978777,
        "stdev": 0.0361337512732,
        "var": 0.00130564789288
    },
    "dynamic_complexity": 2.06923437119,
    "erbbands_crest": {
        "dmean": 3.28531527519,
        "dmean2": 5.29099082947,
        "dvar": 8.09589290619,
        "dvar2": 20.6923427582,
        "max": 29.965637207,
        "mean": 10.5194368362,
        "median": 9.87220859528,
        "min": 2.68144726753,
        "stdev": 4.21441411972,
        "var": 17.7612857819
    },
    "erbbands_flatness_db": {
        "dmean": 0.0229986459017,
        "dmean2": 0.0332378149033,
        "dvar": 0.000481193885207,
        "dvar2": 0.0010246001184,
        "max": 0.306507766247,
        "mean": 0.171612858772,
        "median": 0.171828657389,
        "min": 0.0752414539456,
        "stdev": 0.0382330454886,
        "var": 0.00146176572889
    },
    "erbbands_kurtosis": {
        "dmean": 1.34109139442,
        "dmean2": 2.08809709549,
        "dvar": 3.0979757309,
        "dvar2": 7.06391477585,
        "max": 22.6300201416,
        "mean": 0.75115853548,
        "median": 0.133550167084,
        "min": -1.76625645161,
        "stdev": 2.38535165787,
        "var": 5.68990278244
    },
    "erbbands_skewness": {
        "dmean": 0.556431889534,
        "dmean2": 0.855202555656,
        "dvar": 0.339318335056,
        "dvar2": 0.796854317188,
        "max": 4.33715105057,
        "mean": 0.511918842793,
        "median": 0.568094313145,
        "min": -4.26264810562,
        "stdev": 0.905364751816,
        "var": 0.819685339928
    },
    "erbbands_spread": {
        "dmean": 13.077712059,
        "dmean2": 19.8588047028,
        "dvar": 215.661178589,
        "dvar2": 519.356628418,
        "max": 144.760818481,
        "mean": 41.7191429138,
        "median": 36.7699623108,
        "min": 7.28580236435,
        "stdev": 21.415681839,
        "var": 458.631439209
    },
    "hfc": {
        "dmean": 11.3349943161,
        "dmean2": 17.8761425018,
        "dvar": 382.930664062,
        "dvar2": 995.967651367,
        "max": 125.328231812,
        "mean": 21.1889705658,
        "median": 17.1872768402,
        "min": 1.2016697604e-16,
        "stdev": 20.1069602966,
        "var": 404.289825439
    },
    "loudness_ebu128": {
        "integrated": -10.823018074,
        "loudness_range": 2.26475715637,
        "momentary": {
            "dmean": 0.610367417336,
            "dmean2": 0.890898287296,
            "dvar": 0.306375473738,
            "dvar2": 0.695823132992,
            "max": -8.179936409,
            "mean": -11.0319881439,
            "median": -10.890999794,
            "min": -16.2754402161,
            "stdev": 1.3983938694,
            "var": 1.95550537109
        },
        "short_term": {
            "dmean": 0.0880534350872,
            "dmean2": 0.120672941208,
            "dvar": 0.00539030693471,
            "dvar2": 0.0103275487199,
            "max": -9.61204624176,
            "mean": -10.9332008362,
            "median": -10.6536340714,
            "min": -12.5275173187,
            "stdev": 0.856319606304,
            "var": 0.733283281326
        }
    },
    "melbands_crest": {
        "dmean": 4.37506151199,
        "dmean2": 6.89111614227,
        "dvar": 15.8729324341,
        "dvar2": 34.4536743164,
        "max": 36.0921707153,
        "mean": 18.4706859589,
        "median": 18.2222194672,
        "min": 2.14332985878,
        "stdev": 6.83741283417,
        "var": 46.7502174377
    },
    "melbands_flatness_db": {
        "dmean": 0.0430442206562,
        "dmean2": 0.0615112297237,
        "dvar": 0.00207068445161,
        "dvar2": 0.00478132534772,
        "max": 0.717330813408,
        "mean": 0.222497224808,
        "median": 0.204423248768,
        "min": 0.00487129343674,
        "stdev": 0.091326341033,
        "var": 0.00834050122648
    },
    "melbands_kurtosis": {
        "dmean": 20.9914608002,
        "dmean2": 35.845741272,
        "dvar": 3455.8371582,
        "dvar2": 9312.89355469,
        "max": 758.796875,
        "mean": 24.5627346039,
        "median": 8.30501651764,
        "min": -1.61961615086,
        "stdev": 59.0610809326,
        "var": 3488.21118164
    },
    "melbands_skewness": {
        "dmean": 1.33063900471,
        "dmean2": 2.10694861412,
        "dvar": 3.92258286476,
        "dvar2": 10.060883522,
        "max": 19.4696865082,
        "mean": 3.16342306137,
        "median": 2.4508266449,
        "min": -0.455382198095,
        "stdev": 2.59169173241,
        "var": 6.71686553955
    },
    "melbands_spread": {
        "dmean": 10.089641571,
        "dmean2": 16.0720424652,
        "dvar": 229.340698242,
        "dvar2": 515.734558105,
        "max": 155.002532959,
        "mean": 23.6829051971,
        "median": 19.3058624268,
        "min": 0.147873133421,
        "stdev": 20.5919742584,
        "var": 424.029388428
    },
    "pitch_salience": {
        "dmean": 0.0950651168823,
        "dmean2": 0.150045201182,
        "dvar": 0.0088646216318,
        "dvar2": 0.0210027303547,
        "max": 0.87164837122,
        "mean": 0.488137364388,
        "median": 0.497211188078,
        "min": 0.0392867662013,
        "stdev": 0.152720466256,
        "var": 0.0233235396445
    },
    "silence_rate_20dB": {
        "dmean": 0,
        "dmean2": 0,
        "dvar": 0,
        "dvar2": 0,
        "max": 1,
        "mean": 1,
        "median": 1,
        "min": 1,
        "stdev": 0,
        "var": 0
    },
    "silence_rate_30dB": {
        "dmean": 0.0727554187179,
        "dmean2": 0.145623549819,
        "dvar": 0.0674628838897,
        "dvar2": 0.18483799696,
        "max": 1,
        "mean": 0.941995382309,
        "median": 1,
        "min": 0,
        "stdev": 0.233752280474,
        "var": 0.0546401292086
    },
    "silence_rate_60dB": {
        "dmean": 0.0185758508742,
        "dmean2": 0.0364058874547,
        "dvar": 0.018230939284,
        "dvar2": 0.0397270731628,
        "max": 1,
        "mean": 0.0348027832806,
        "median": 0,
        "min": 0,
        "stdev": 0.183281615376,
        "var": 0.0335921496153
    },
    "spectral_centroid": {
        "dmean": 412.752563477,
        "dmean2": 634.522705078,
        "dvar": 278154.75,
        "dvar2": 554854.5,
        "max": 10997.5634766,
        "mean": 1359.17492676,
        "median": 1272.3157959,
        "min": 97.306678772,
        "stdev": 785.542297363,
        "var": 617076.6875
    },
    "spectral_complexity": {
        "dmean": 4.48916387558,
        "dmean2": 7.0975985527,
        "dvar": 35.0719451904,
        "dvar2": 70.7349624634,
        "max": 48,
        "mean": 14.0773391724,
        "median": 13,
        "min": 0,
        "stdev": 7.78463554382,
        "var": 60.6005516052
    },
    "spectral_decrease": {
        "dmean": 4.15556922206e-09,
        "dmean2": 6.51592912959e-09,
        "dvar": 5.01504021308e-17,
        "dvar2": 1.37614478325e-16,
        "max": -1.03085941941e-29,
        "mean": -8.24024937174e-09,
        "median": -5.30638377683e-09,
        "min": -5.2456790911e-08,
        "stdev": 8.79336248261e-09,
        "var": 7.73232290049e-17
    },
    "spectral_energy": {
        "dmean": 0.0163083579391,
        "dmean2": 0.0254613105208,
        "dvar": 0.000731449050363,
        "dvar2": 0.00198026490398,
        "max": 0.202572286129,
        "mean": 0.033022493124,
        "median": 0.0216877833009,
        "min": 1.09383940823e-20,
        "stdev": 0.0338803753257,
        "var": 0.00114787986968
    },
    "spectral_energyband_high": {
        "dmean": 0.000776306842454,
        "dmean2": 0.00121907331049,
        "dvar": 1.81365737717e-06,
        "dvar2": 4.63908781967e-06,
        "max": 0.00884279422462,
        "mean": 0.00109784374945,
        "median": 0.000519408436958,
        "min": 7.81554331629e-21,
        "stdev": 0.00149734865408,
        "var": 2.24205314225e-06
    },
    "spectral_energyband_low": {
        "dmean": 0.0104665383697,
        "dmean2": 0.0168531369418,
        "dvar": 0.00062975869514,
        "dvar2": 0.00175725203007,
        "max": 0.186062633991,
        "mean": 0.0165881644934,
        "median": 0.00563159957528,
        "min": 4.05798632452e-23,
        "stdev": 0.0301456768066,
        "var": 0.000908761809114
    },
    "spectral_energyband_middle_high": {
        "dmean": 0.00274848635308,
        "dmean2": 0.00435986695811,
        "dvar": 2.04070693144e-05,
        "dvar2": 5.21806869074e-05,
        "max": 0.0357194654644,
        "mean": 0.00444684131071,
        "median": 0.00300703709945,
        "min": 1.5852104607e-21,
        "stdev": 0.00502590881661,
        "var": 2.52597583312e-05
    },
    "spectral_energyband_middle_low": {
        "dmean": 0.00822968967259,
        "dmean2": 0.0137901101261,
        "dvar": 0.000271581142442,
        "dvar2": 0.000753510801587,
        "max": 0.137471675873,
        "mean": 0.0122285913676,
        "median": 0.00867785979062,
        "min": 4.46654054278e-22,
        "stdev": 0.0145808150992,
        "var": 0.000212600178202
    },
    "spectral_entropy": {
        "dmean": 0.280286133289,
        "dmean2": 0.406480103731,
        "dvar": 0.080632135272,
        "dvar2": 0.178472995758,
        "max": 9.79100513458,
        "mean": 7.43166685104,
        "median": 7.38773155212,
        "min": 5.57751321793,
        "stdev": 0.48514264822,
        "var": 0.235363394022
    },
    "spectral_flux": {
        "dmean": 0.0413340181112,
        "dmean2": 0.0604282692075,
        "dvar": 0.00232193712145,
        "dvar2": 0.00440811412409,
        "max": 0.412406384945,
        "mean": 0.103051863611,
        "median": 0.0809814110398,
        "min": 1.04586776739e-10,
        "stdev": 0.0765237957239,
        "var": 0.00585589092225
    },
    "spectral_kurtosis": {
        "dmean": 1.82442712784,
        "dmean2": 2.91257739067,
        "dvar": 9.5248670578,
        "dvar2": 23.288772583,
        "max": 54.4007644653,
        "mean": 3.62454342842,
        "median": 2.82167768478,
        "min": -1.19352793694,
        "stdev": 4.30363607407,
        "var": 18.5212841034
    },
    "spectral_rms": {
        "dmean": 0.00120114570018,
        "dmean2": 0.00175033509731,
        "dvar": 2.32721640714e-06,
        "dvar2": 5.50873210159e-06,
        "max": 0.0140581466258,
        "mean": 0.00513720791787,
        "median": 0.0045998711139,
        "min": 3.26674212854e-12,
        "stdev": 0.00241372804157,
        "var": 5.82608299737e-06
    },
    "spectral_rolloff": {
        "dmean": 784.446960449,
        "dmean2": 1312.8762207,
        "dvar": 1802342.875,
        "dvar2": 3617291,
        "max": 18884.6191406,
        "mean": 1558.78076172,
        "median": 990.52734375,
        "min": 64.599609375,
        "stdev": 1812.65966797,
        "var": 3285735
    },
    "spectral_skewness": {
        "dmean": 0.289435505867,
        "dmean2": 0.430481255054,
        "dvar": 0.104481890798,
        "dvar2": 0.236531719565,
        "max": 5.97910928726,
        "mean": 1.42486643791,
        "median": 1.38915014267,
        "min": -0.206134751439,
        "stdev": 0.60831964016,
        "var": 0.370052814484
    },
    "spectral_spread": {
        "dmean": 865106.8125,
        "dmean2": 1217262.375,
        "dvar": 2.0840742912e+12,
        "dvar2": 3.2199779287e+12,
        "max": 39496104,
        "mean": 5198265.5,
        "median": 4939698.5,
        "min": 1250039.75,
        "stdev": 1927310.5,
        "var": 3.71452595405e+12
    },
    "spectral_strongpeak": {
        "dmean": 0.45495724678,
        "dmean2": 0.750736713409,
        "dvar": 0.389261215925,
        "dvar2": 0.851133286953,
        "max": 4.85670518875,
        "mean": 0.832639992237,
        "median": 0.546820342541,
        "min": 0,
        "stdev": 0.829782068729,
        "var": 0.688538312912
    },
    "zerocrossingrate": {
        "dmean": 0.0151964314282,
        "dmean2": 0.0167607925832,
        "dvar": 0.000414034060668,
        "dvar2": 0.000433525186963,
        "max": 0.50732421875,
        "mean": 0.0598414540291,
        "median": 0.05419921875,
        "min": 0.001953125,
        "stdev": 0.0410594195127,
        "var": 0.00168587605003
    },
    "barkbands": {
        "dmean": [0.000473644293379, 0.00623069703579, 0.00457093771547, 0.00325430836529, 0.00242798426189, 0.00229318090715, 0.00072496116627, 0.000989907654002, 0.00119371339679, 0.00046762949205, 0.000640798534732, 0.00029131071642, 0.000491220795084, 0.000295228994219, 0.000368608394638, 0.00025666487636, 0.000415623013396, 0.000303816486849, 0.000266386952717, 0.000205662247026, 0.000123902995256, 0.00017855441547, 0.000151753803948, 0.000172373140231, 0.000107356681838, 8.03938892204e-05, 4.57364149042e-06],
        "dmean2": [0.00061931158416, 0.00853174179792, 0.00777875212952, 0.0061077773571, 0.00417144736275, 0.00360685028136, 0.00118436932098, 0.00159381725825, 0.00182922265958, 0.000752024760004, 0.000969733577222, 0.000479438604089, 0.000784081348684, 0.000461629329948, 0.000604285800364, 0.000433153560152, 0.000729547755327, 0.000509627221618, 0.000467038917122, 0.000335822987836, 0.000193000625586, 0.000274107209407, 0.000235608036746, 0.000272571458481, 0.000181093346328, 0.000144341669511, 8.30500994198e-06],
        "dvar": [8.55415976275e-07, 0.000240858673351, 0.000303771055769, 0.00017740711337, 2.51773781201e-05, 1.58575312525e-05, 4.00741782869e-06, 5.92144260736e-06, 5.79728748562e-06, 1.39388782827e-06, 1.64900666277e-06, 5.4057198895e-07, 9.91980869003e-07, 4.61843313815e-07, 6.71025418342e-07, 3.01015631976e-07, 1.0087554756e-06, 2.81068338381e-07, 3.51383164343e-07, 1.03781985672e-07, 4.91442548878e-08, 7.64702576816e-08, 6.55641869685e-08, 1.00913254641e-07, 6.50060201224e-08, 6.2288208369e-08, 2.6641036599e-10],
        "dvar2": [1.27181272092e-06, 0.000423566962127, 0.000795620435383, 0.000506209908053, 6.94091286277e-05, 3.91999201383e-05, 9.72734596871e-06, 1.33824833028e-05, 1.3666896848e-05, 3.55918814421e-06, 3.75778745365e-06, 1.36685025609e-06, 2.42778173742e-06, 1.06412142031e-06, 1.76762989668e-06, 7.99505357918e-07, 2.9144682685e-06, 7.52058952003e-07, 1.0050871424e-06, 2.60603940205e-07, 1.20438102158e-07, 1.65334668623e-07, 1.52143030618e-07, 2.38430288846e-07, 1.77858154871e-07, 1.74705803602e-07, 7.4720696297e-10],
        "max": [0.00932679511607, 0.115937381983, 0.138292729855, 0.106262847781, 0.0381080433726, 0.0385708324611, 0.0241178497672, 0.0322564356029, 0.0276162736118, 0.0118510816246, 0.0144318845123, 0.0105190323666, 0.00854430347681, 0.00747462874278, 0.00697973230854, 0.00587576581165, 0.00862187705934, 0.00513497833163, 0.00475751841441, 0.00281196925789, 0.00231128535233, 0.00380612164736, 0.00313147646375, 0.00333708897233, 0.00187203590758, 0.002002726309, 0.000186340286746],
        "mean": [0.000888950191438, 0.0110104102641, 0.0034123561345, 0.0020554382354, 0.00294263963588, 0.00320705072954, 0.000790108402725, 0.00132479309104, 0.00178287480958, 0.000531700148713, 0.000874483783264, 0.000293292163406, 0.000592228898313, 0.000357424112735, 0.000405795522965, 0.000267871655524, 0.000425361009547, 0.000337225937983, 0.000269802374532, 0.000258427258814, 0.00016602089454, 0.000265910464805, 0.000200332462555, 0.00020069727907, 0.000101651239675, 5.67756760574e-05, 2.86085605694e-06],
        "median": [0.000320875318721, 0.00408476917073, 4.8410751333e-05, 0.000186442382983, 0.000880442326888, 0.00119161477778, 0.000201919814572, 0.000285811838694, 0.000361056416295, 7.36323636374e-05, 0.00019285446615, 4.23199635406e-05, 0.000101896912383, 5.87791109865e-05, 6.86751445755e-05, 6.61759477225e-05, 0.000123452293337, 0.000109282722406, 0.000101111989352, 0.000100900047983, 7.1015652793e-05, 0.000119757823995, 7.36892470741e-05, 4.54666514997e-05, 2.23878196266e-05, 4.9426807891e-06, 5.80754333512e-09],
        "min": [6.78791636154e-25, 1.92659333697e-23, 8.55541739818e-24, 2.06811687663e-23, 5.25262118663e-23, 8.73765688906e-23, 6.73993543525e-23, 8.86076589084e-23, 1.2316028405e-22, 4.07483450019e-23, 1.06647431063e-22, 3.47968911876e-23, 9.74549737741e-23, 1.60950028315e-22, 9.90317363297e-23, 2.07774173698e-22, 3.45070984009e-22, 1.71780772999e-22, 2.25851079113e-22, 2.94421797247e-22, 4.34340402553e-22, 4.71770426245e-22, 5.64476451059e-22, 1.00343612015e-21, 1.27982783877e-21, 1.5241504557e-21, 2.58286601009e-21],
        "stdev": [0.0014119243715, 0.0213033892214, 0.0150213791057, 0.0100616365671, 0.00503308046609, 0.00487749977037, 0.00197859411128, 0.00280847167596, 0.00313486228697, 0.00131886976305, 0.00166064116638, 0.000751885061618, 0.00115010002628, 0.000821089081001, 0.000845969771035, 0.000544588780031, 0.000868329545483, 0.000543194764759, 0.000496514781844, 0.000374929717509, 0.00025838642614, 0.000367688393453, 0.000320298131555, 0.000389299122617, 0.000225366602535, 0.000195741013158, 1.26702625494e-05],
        "var": [1.99353030439e-06, 0.000453834421933, 0.000225641822908, 0.000101236531918, 2.533190127e-05, 2.37900021602e-05, 3.91483445128e-06, 7.88751367509e-06, 9.82736219157e-06, 1.7394175984e-06, 2.75772913483e-06, 5.65331163216e-07, 1.32273009967e-06, 6.74187276672e-07, 7.15664896234e-07, 2.96576956771e-07, 7.53996175717e-07, 2.95060544886e-07, 2.46526951742e-07, 1.40572282703e-07, 6.67635404739e-08, 1.3519475317e-07, 1.02590888673e-07, 1.51553805949e-07, 5.07901063429e-08, 3.83145462024e-08, 1.6053555707e-10]
    },
    "erbbands": {
        "dmean": [0.26921698451, 1.22633135319, 3.75711750984, 9.96168994904, 7.27011919022, 9.00589179993, 14.8754081726, 18.7289085388, 7.25577163696, 21.2089004517, 18.7578964233, 29.8757381439, 13.7865123749, 17.1077690125, 25.6473941803, 12.5806255341, 21.2791423798, 14.1413125992, 20.8310871124, 13.6722011566, 14.0991516113, 20.0166244507, 19.2115306854, 10.8492574692, 14.8841924667, 9.73099040985, 4.78387260437, 5.25477695465, 6.79453039169, 5.34210157394, 4.2991271019, 3.71754813194, 2.820333004, 1.4449801445, 0.664993584156, 0.303790181875, 0.135600984097, 0.0337704569101, 0.000665902567562, 3.43944266206e-05],
        "dmean2": [0.300543695688, 1.8323982954, 5.80134010315, 17.9159069061, 13.2509527206, 15.2266921997, 23.5482826233, 30.0995769501, 12.3404932022, 33.2633361816, 28.8807525635, 45.1363601685, 21.6514225006, 26.6951618195, 39.0636291504, 19.9917449951, 33.8199996948, 22.1277065277, 34.0664215088, 22.3674373627, 23.8953399658, 35.3658981323, 32.1393585205, 18.5953578949, 25.7263240814, 15.9596729279, 7.59337949753, 8.02235603333, 10.3638505936, 8.39515113831, 6.7436580658, 5.70066928864, 4.60335636139, 2.42194199562, 1.14369404316, 0.526784896851, 0.244136884809, 0.0623462758958, 0.00121809542179, 5.57110215595e-05],
        "dvar": [0.352480351925, 10.9492969513, 179.007797241, 1485.23669434, 632.395996094, 361.162322998, 512.762573242, 1335.99572754, 666.638427734, 3320.25878906, 1637.77185059, 3356.07397461, 1152.28845215, 1716.2076416, 2543.11254883, 889.844360352, 2008.63623047, 894.827026367, 1927.60327148, 843.002441406, 824.768005371, 2586.78198242, 1255.40368652, 469.286682129, 1086.88134766, 238.622848511, 68.6089553833, 86.2124404907, 111.697296143, 80.0376586914, 56.3059997559, 44.4705657959, 30.6123771667, 10.3880214691, 2.96732354164, 0.659290134907, 0.172108307481, 0.0156790018082, 5.62379682378e-06, 5.79568215642e-09],
        "dvar2": [0.452101260424, 24.0132865906, 448.744537354, 4096.13818359, 1812.65893555, 944.863769531, 1169.19689941, 3358.94262695, 1752.86230469, 8283.83789062, 3542.68896484, 7668.04589844, 2882.55883789, 4190.67578125, 5925.07958984, 2162.46044922, 4990.02099609, 2114.93408203, 4900.26220703, 2219.0144043, 2205.55859375, 7512.03076172, 3476.03051758, 1295.48425293, 3114.68530273, 586.54876709, 170.497268677, 197.526443481, 244.119796753, 182.540176392, 133.7734375, 94.1398010254, 78.7421264648, 28.1228523254, 8.22927474976, 1.8251901865, 0.480907827616, 0.0445384941995, 1.59107748914e-05, 1.53233941091e-08],
        "max": [5.07511377335, 27.0301494598, 115.370437622, 276.497741699, 199.146896362, 189.867538452, 221.778213501, 423.746673584, 398.315338135, 809.919555664, 452.655761719, 627.294250488, 350.877532959, 564.592956543, 766.917724609, 481.356109619, 411.02166748, 451.869567871, 498.779846191, 302.676147461, 292.071960449, 440.48916626, 316.356628418, 176.426834106, 243.495285034, 171.069259644, 74.5279083252, 99.679977417, 136.252593994, 104.235733032, 78.283744812, 85.6405029297, 45.2537345886, 22.5528640747, 13.8661794662, 6.62212610245, 3.31854581833, 1.09115195274, 0.0204945895821, 0.000652164686471],
        "mean": [0.484738528728, 1.83000862598, 3.39650630951, 6.53779888153, 5.5150384903, 11.3730039597, 23.1207771301, 25.4130840302, 8.02597808838, 26.2380313873, 27.4055347443, 47.3659896851, 16.6176872253, 21.624080658, 35.5614624023, 15.033821106, 26.2619667053, 18.7381572723, 25.9411773682, 15.4822311401, 16.042339325, 20.6297340393, 22.0431652069, 11.6067991257, 15.7723197937, 12.5518875122, 6.4513168335, 7.36937093735, 9.9835100174, 7.61023283005, 5.56553602219, 4.64316177368, 2.98987197876, 1.40467178822, 0.597549378872, 0.247057542205, 0.0921382308006, 0.0207886751741, 0.000434244459029, 5.25575596839e-05],
        "median": [0.189991116524, 0.501631677151, 0.171024128795, 0.416246592999, 1.08859932423, 3.0647110939, 10.7524957657, 8.6186466217, 3.51846933365, 6.02258777618, 8.96325778961, 10.6226415634, 4.68783712387, 5.286860466, 8.58892440796, 3.57475733757, 4.89529275894, 4.18730258942, 4.84666252136, 3.64643502235, 4.39269828796, 6.86226701736, 8.29259681702, 4.64470863342, 6.04009056091, 5.03322219849, 2.85163068771, 3.1176378727, 4.39234828949, 2.90407395363, 1.99656605721, 1.07542037964, 0.678994238377, 0.324033230543, 0.10645776242, 0.0371887274086, 0.00554452696815, 0.000360880978405, 2.91775759251e-05, 3.03341694234e-05],
        "min": [3.37238642827e-22, 5.08696851233e-21, 1.06183486945e-20, 4.66751588658e-20, 9.71046966616e-20, 2.36609844342e-19, 3.65002828619e-19, 8.0646563187e-19, 9.01138520929e-19, 1.52501633689e-18, 1.77804478581e-18, 3.58315202614e-18, 1.37487281935e-18, 2.54714036216e-18, 3.0806745456e-18, 1.81192238139e-18, 4.82398332915e-18, 5.94575480429e-18, 8.14898386664e-18, 7.7697505071e-18, 1.00742963732e-17, 2.154461554e-17, 9.27422329649e-18, 9.33662828344e-18, 1.2704093792e-17, 1.33905709824e-17, 2.1737464428e-17, 1.38502302857e-17, 1.50959485718e-17, 1.7816461234e-17, 1.72183732552e-17, 1.96771361932e-17, 1.75528271923e-17, 1.31800229108e-17, 9.42732863761e-18, 7.08741831879e-18, 2.31233108322e-18, 1.22204996041e-18, 3.70798288635e-19, 3.69903376148e-20],
        "stdev": [0.878121495247, 4.02295398712, 12.714632988, 30.6161727905, 19.2363376617, 21.3419494629, 32.0296287537, 43.066570282, 22.5173339844, 61.1533851624, 50.1447067261, 81.6671981812, 34.723690033, 47.7195129395, 65.0209350586, 32.7177696228, 51.3386154175, 35.1600914001, 50.3340034485, 29.3992099762, 29.7007465363, 41.8017196655, 34.9642295837, 19.4981060028, 28.3101978302, 18.2270259857, 9.42560195923, 11.8017578125, 14.1234712601, 11.3017063141, 9.08235836029, 9.22829627991, 5.83697605133, 2.96690869331, 1.45170807838, 0.67128008604, 0.325711280107, 0.0953814461827, 0.00182101177052, 7.29204330128e-05],
        "var": [0.771097362041, 16.1841602325, 161.661895752, 937.350036621, 370.036651611, 455.478820801, 1025.8972168, 1854.72937012, 507.030303955, 3739.73657227, 2514.49169922, 6669.53125, 1205.73461914, 2277.15185547, 4227.72216797, 1070.45239258, 2635.65332031, 1236.23193359, 2533.51171875, 864.313537598, 882.134399414, 1747.38378906, 1222.49743652, 380.176116943, 801.467346191, 332.224487305, 88.8419723511, 139.281494141, 199.472442627, 127.728561401, 82.4892349243, 85.1614608765, 34.0702896118, 8.80254745483, 2.10745620728, 0.450616985559, 0.106087833643, 0.00909762084484, 3.3160838484e-06, 5.31738963971e-09]
    },
    "gfcc": {
        "mean": [-14.059679985, 83.9345855713, -117.700370789, 36.8539733887, -74.5916900635, 13.0904054642, -39.6011543274, 9.81478977203, -18.0872974396, 3.86384081841, -7.858066082, 5.43619203568, -2.363697052],
        "cov": [[5751.55908203, -1683.27978516, -191.412536621, 188.654327393, -204.367889404, 330.660675049, -313.670196533, 312.829437256, -325.752655029, 68.5068511963, -315.203033447, 179.05696106, -343.105834961], [-1683.27978516, 1744.97619629, 111.964302063, 1.60221254826, 493.934936523, 58.8536262512, 472.109527588, -8.17887878418, 403.570831299, 44.2533340454, 281.341949463, -65.4641647339, 232.003585815], [-191.412536621, 111.964302063, 1352.64624023, 387.5184021, 343.85446167, 227.634414673, 128.581741333, 202.441833496, 76.1512145996, 54.3557357788, 24.2495708466, 97.2372894287, -19.7898750305], [188.654327393, 1.60221254826, 387.5184021, 763.002258301, 233.678207397, 47.1969528198, 39.4483947754, 159.31060791, 264.759277344, 45.9389953613, 92.9867477417, 10.1650047302, 104.427253723], [-204.367889404, 493.934936523, 343.85446167, 233.678207397, 651.977966309, 150.709411621, 220.108535767, 128.656448364, 242.856399536, 67.9224243164, 71.9334411621, 6.15369224548, 32.6882286072], [330.660675049, 58.8536262512, 227.634414673, 47.1969528198, 150.709411621, 425.418426514, 222.059234619, 107.055084229, 100.358802795, 113.752212524, 71.2955169678, 39.6637878418, 6.96839570999], [-313.670196533, 472.109527588, 128.581741333, 39.4483947754, 220.108535767, 222.059234619, 447.333435059, 119.295814514, 148.005233765, 68.2729873657, 131.594726562, 49.4423789978, 57.8586807251], [312.829437256, -8.17887878418, 202.441833496, 159.31060791, 128.656448364, 107.055084229, 119.295814514, 238.899551392, 104.680862427, 39.914894104, 42.3834648132, 75.7591552734, 31.3614063263], [-325.752655029, 403.570831299, 76.1512145996, 264.759277344, 242.856399536, 100.358802795, 148.005233765, 104.680862427, 377.614685059, 77.0851821899, 109.715942383, -31.0532627106, 107.98374939], [68.5068511963, 44.2533340454, 54.3557357788, 45.9389953613, 67.9224243164, 113.752212524, 68.2729873657, 39.914894104, 77.0851821899, 144.085571289, 56.0879440308, 4.28786468506, 30.7887592316], [-315.203033447, 281.341949463, 24.2495708466, 92.9867477417, 71.9334411621, 71.2955169678, 131.594726562, 42.3834648132, 109.715942383, 56.0879440308, 196.604537964, 35.3442230225, 98.1338806152], [179.05696106, -65.4641647339, 97.2372894287, 10.1650047302, 6.15369224548, 39.6637878418, 49.4423789978, 75.7591552734, -31.0532627106, 4.28786468506, 35.3442230225, 179.094070435, 29.3039340973], [-343.105834961, 232.003585815, -19.7898750305, 104.427253723, 32.6882286072, 6.96839570999, 57.8586807251, 31.3614063263, 107.98374939, 30.7887592316, 98.1338806152, 29.3039340973, 181.829238892]],
        "icov": [[0.000384979241062, 1.32230434247e-05, 0.000327014597133, -0.00036612173426, -6.75090495861e-06, -0.000542250752915, 0.000380609097192, -0.000668504217174, 0.000428898842074, -0.000267650873866, 0.000423881807365, -0.000337872916134, 0.00058790796902], [1.32230434247e-05, 0.00214088475332, -0.000475843640743, 0.00116008857731, -0.000990220694803, 0.00101564591751, -0.00166898663156, 0.00129816541448, -0.00157700560521, 0.00096993817715, -0.00149107235484, 0.000934092444368, -0.0015519708395], [0.000327014597133, -0.000475843640743, 0.00152343465015, -0.00114250113256, -0.000241081317654, -0.00114025396761, 0.000760204915423, -0.00121940241661, 0.00124136556406, -0.000431226799265, 0.000831469660625, -0.000818275846541, 0.00112056708895], [-0.00036612173426, 0.00116008857731, -0.00114250113256, 0.00330893462524, -0.000666706822813, 0.0013363189064, -0.000587509537581, 0.000490510195959, -0.00253794947639, 0.00100621022284, -0.00172784097958, 0.00109725433867, -0.00193226349074], [-6.75090495861e-06, -0.000990220694803, -0.000241081317654, -0.000666706822813, 0.00300205335952, -0.000364176026778, -5.42218549526e-05, -0.000640403770376, -0.000595361401793, -0.000604906294029, 0.000919884187169, -0.000395063136239, 0.00123256153893], [-0.000542250752915, 0.00101564591751, -0.00114025396761, 0.0013363189064, -0.000364176026778, 0.00540004391223, -0.00283445208333, 0.00111188320443, -0.00166835833807, -0.00154273235239, -0.00135353882797, 0.00072722544428, -0.000776676810347], [0.000380609097192, -0.00166898663156, 0.000760204915423, -0.000587509537581, -5.42218549526e-05, -0.00283445208333, 0.00593732530251, -0.00268624373712, 0.00115929695312, -0.000394637929276, -0.000332834897563, -0.00124838366173, 0.00171946571209], [-0.000668504217174, 0.00129816541448, -0.00121940241661, 0.000490510195959, -0.000640403770376, 0.00111188320443, -0.00268624373712, 0.00907513406128, -0.00300541170873, 0.00070279056672, -0.000746977049857, -0.00166786578484, -0.00163244165014], [0.000428898842074, -0.00157700560521, 0.00124136556406, -0.00253794947639, -0.000595361401793, -0.00166835833807, 0.00115929695312, -0.00300541170873, 0.00772450305521, -0.00194792903494, 0.000805561547168, 0.00105392572004, -0.000127546358272], [-0.000267650873866, 0.00096993817715, -0.000431226799265, 0.00100621022284, -0.000604906294029, -0.00154273235239, -0.000394637929276, 0.00070279056672, -0.00194792903494, 0.0104923481122, -0.00268764607608, 0.00116879877169, -0.00155287433881], [0.000423881807365, -0.00149107235484, 0.000831469660625, -0.00172784097958, 0.000919884187169, -0.00135353882797, -0.000332834897563, -0.000746977049857, 0.000805561547168, -0.00268764607608, 0.0106204729527, -0.00229614065029, -0.00147872488014], [-0.000337872916134, 0.000934092444368, -0.000818275846541, 0.00109725433867, -0.000395063136239, 0.00072722544428, -0.00124838366173, -0.00166786578484, 0.00105392572004, 0.00116879877169, -0.00229614065029, 0.00861250702292, -0.00279315304942], [0.00058790796902, -0.0015519708395, 0.00112056708895, -0.00193226349074, 0.00123256153893, -0.000776676810347, 0.00171946571209, -0.00163244165014, -0.000127546358272, -0.00155287433881, -0.00147872488014, -0.00279315304942, 0.0109504573047]]
    },
    "melbands": {
        "dmean": [0.00194876664318, 0.00157554436009, 0.00154983659741, 0.000523859343957, 0.000502777227666, 0.000413940608269, 0.000117240568215, 0.00023212232918, 0.000168025930179, 0.00017973924696, 6.80852317601e-05, 7.05213460606e-05, 9.27573782974e-05, 3.98142037739e-05, 3.7967969547e-05, 4.95007334393e-05, 2.52561421803e-05, 3.49693473254e-05, 2.24310952035e-05, 1.97240533453e-05, 1.7821075744e-05, 2.09779536817e-05, 2.42652586167e-05, 1.40008778544e-05, 8.47215596878e-06, 1.13672058433e-05, 1.02861868072e-05, 5.8493474171e-06, 3.13704504151e-06, 3.1676584058e-06, 3.06846754938e-06, 4.13336510974e-06, 3.60618810191e-06, 2.99604698739e-06, 2.58666614172e-06, 2.34521212406e-06, 2.36871505876e-06, 2.24156883633e-06, 1.33238484068e-06, 1.28398642119e-06],
        "dmean2": [0.00244568591006, 0.00263742217794, 0.00274860486388, 0.000931319023948, 0.000790699908976, 0.000657421187498, 0.000196164270164, 0.000369066401618, 0.000256029015873, 0.000273316458333, 0.000108790962258, 0.00011164337775, 0.000141603042721, 6.42322993372e-05, 6.20298378635e-05, 7.86339005572e-05, 4.00316457672e-05, 5.6852142734e-05, 3.71266432921e-05, 3.30388465954e-05, 3.04924269585e-05, 3.69023728126e-05, 4.22397752118e-05, 2.31354370044e-05, 1.46744132508e-05, 1.99978567252e-05, 1.74337037606e-05, 9.46060299611e-06, 4.99862517245e-06, 5.18927799931e-06, 4.61937997898e-06, 6.35028982288e-06, 5.6731978475e-06, 4.77335333926e-06, 4.16003285864e-06, 3.53356085725e-06, 3.72057411369e-06, 3.6589406136e-06, 2.18643845074e-06, 2.19252069655e-06],
        "dvar": [2.11652732105e-05, 2.50833600148e-05, 3.36004850396e-05, 1.81034567959e-06, 5.09930941917e-07, 6.02958778018e-07, 1.46100276766e-07, 4.08462312862e-07, 1.16812252315e-07, 1.28253347498e-07, 3.1064338657e-08, 3.10285379612e-08, 3.42079324867e-08, 8.07477729126e-09, 8.03937272309e-09, 1.11880007481e-08, 3.35597882817e-09, 5.4920397119e-09, 2.7272832881e-09, 2.08974593185e-09, 1.44057266116e-09, 2.84193424349e-09, 2.97952285067e-09, 6.22598306244e-10, 3.11833059374e-10, 7.13005432473e-10, 3.72264552517e-10, 9.14636075211e-11, 2.8580759287e-11, 4.57783116969e-11, 2.88434814227e-11, 4.46911535557e-11, 3.63117452773e-11, 2.5967771336e-11, 2.07458234619e-11, 1.76096342369e-11, 1.91486947826e-11, 2.05095888189e-11, 6.20668794138e-12, 1.02845509886e-11],
        "dvar2": [3.10578216158e-05, 6.46448534098e-05, 9.15977216209e-05, 5.10604377268e-06, 1.18978050523e-06, 1.50895630213e-06, 3.74850117169e-07, 1.01266243746e-06, 2.64725116494e-07, 2.95573443054e-07, 7.86392817531e-08, 7.6554194095e-08, 7.83734961374e-08, 2.00248848614e-08, 2.0176623039e-08, 2.6319719737e-08, 7.93150789491e-09, 1.38103990466e-08, 7.10313541319e-09, 5.63604451997e-09, 3.75128283991e-09, 8.21648882265e-09, 8.57778470476e-09, 1.62876956367e-09, 8.65128912952e-10, 2.04057704067e-09, 1.03683794883e-09, 2.18746576408e-10, 7.04510616512e-11, 1.20198836995e-10, 5.89351067948e-11, 9.74779562624e-11, 8.4293530489e-11, 5.97318791651e-11, 5.0921780681e-11, 3.76368831934e-11, 4.16378632961e-11, 5.26228782771e-11, 1.57691013025e-11, 2.86631482438e-11],
        "max": [0.037789709866, 0.0427323915064, 0.0409404337406, 0.00968307629228, 0.00623130938038, 0.00852555781603, 0.00572874397039, 0.00926970504224, 0.00387221807614, 0.00336483749561, 0.00169621338136, 0.00223293108866, 0.00206485437229, 0.000963001162745, 0.00110835756641, 0.00116242270451, 0.000775354914367, 0.000905112130567, 0.000359336409019, 0.000546171446331, 0.000417886767536, 0.000477082532598, 0.000513124687131, 0.000342399522197, 0.000160875686561, 0.000215353677049, 0.000138967559906, 0.000102832651464, 4.84667289129e-05, 7.69101898186e-05, 7.62201671023e-05, 9.97952520265e-05, 8.66327609401e-05, 5.77036953473e-05, 4.05579958169e-05, 5.41703593626e-05, 5.35520666745e-05, 4.51430605608e-05, 1.98006837309e-05, 2.65348480752e-05],
        "mean": [0.00359112583101, 0.00193170050625, 0.00106617284473, 0.00055126886582, 0.000794917810708, 0.000561821158044, 0.00012385113223, 0.000293330842396, 0.000239541826886, 0.000280104432022, 7.40238829167e-05, 8.34030652186e-05, 0.000126318191178, 4.67829304398e-05, 4.16428265453e-05, 6.04482374911e-05, 3.12182273774e-05, 4.39552823082e-05, 2.33128648688e-05, 1.99956757569e-05, 1.98648722289e-05, 2.08323854167e-05, 2.45389801421e-05, 1.61126517924e-05, 8.05241779744e-06, 1.10054252218e-05, 1.13048763524e-05, 7.56766803534e-06, 4.0387867557e-06, 3.70645125258e-06, 4.33452305515e-06, 5.88725924899e-06, 5.00408123116e-06, 3.95696270061e-06, 3.17467515742e-06, 2.99832049677e-06, 2.79446408058e-06, 2.30264777201e-06, 1.43156455579e-06, 1.13365172183e-06],
        "median": [0.00141431111842, 0.000270517281024, 9.01835446712e-05, 0.000151501633809, 0.000387785083149, 0.000196354143554, 4.27008599218e-05, 6.83593607391e-05, 7.11992834113e-05, 5.58786050533e-05, 1.24274920381e-05, 1.59604132932e-05, 2.85113055725e-05, 7.93474373495e-06, 8.35200353322e-06, 9.1505535238e-06, 6.02642603553e-06, 8.25303777674e-06, 4.14947635363e-06, 4.38790175394e-06, 4.58103113488e-06, 5.9999624682e-06, 7.77588502388e-06, 5.25747873326e-06, 2.49939444075e-06, 3.62038326784e-06, 4.03752392231e-06, 2.88208548227e-06, 1.71051181042e-06, 1.42688338656e-06, 1.77949948466e-06, 2.38164943767e-06, 2.1476537313e-06, 1.29336592636e-06, 1.05328194877e-06, 8.80065329056e-07, 5.27275972217e-07, 4.58161167671e-07, 3.6100348666e-07, 2.19702613435e-07],
        "min": [4.56463239867e-24, 6.4802178128e-24, 8.57722861334e-24, 1.34542167983e-23, 1.16984830026e-23, 1.81545829709e-23, 1.31729476537e-23, 1.85362149442e-23, 1.30947131623e-23, 2.23171148224e-23, 5.94664097397e-24, 1.00273387617e-23, 1.2852001961e-23, 4.53392480465e-24, 6.43528587336e-24, 1.13260420477e-23, 1.09159116854e-23, 1.45965678529e-23, 7.78722543753e-24, 1.29716524388e-23, 1.12632826407e-23, 2.38133630786e-23, 1.24396951314e-23, 7.85950560683e-24, 7.24092979434e-24, 9.69281203968e-24, 7.88641917434e-24, 9.07102635216e-24, 1.35229612931e-23, 1.2825799946e-23, 6.42668768392e-24, 9.19404132172e-24, 7.80310047439e-24, 1.01034385955e-23, 9.77496401435e-24, 1.05958747604e-23, 1.25850427532e-23, 1.25506176522e-23, 1.09789590266e-23, 1.13466510389e-23],
        "stdev": [0.00664299540222, 0.00528558297083, 0.00467811711133, 0.00117405597121, 0.000995212001726, 0.000924136373214, 0.000344289350323, 0.000680131663103, 0.000419164425693, 0.000498074921779, 0.000175371547812, 0.000202596886083, 0.000238887689193, 9.84298967524e-05, 9.10709932214e-05, 0.000128480241983, 6.71430898365e-05, 8.78870414454e-05, 5.09744349984e-05, 4.37218768639e-05, 4.0202481614e-05, 4.43579519924e-05, 4.68394209747e-05, 2.70543496299e-05, 1.54469635163e-05, 2.21043974307e-05, 1.83724841918e-05, 1.14845506687e-05, 6.24797166893e-06, 6.72126179779e-06, 7.44799717722e-06, 8.96356141311e-06, 7.45180159356e-06, 6.29400938124e-06, 5.21260335518e-06, 5.80697951591e-06, 5.79423112868e-06, 4.77597222925e-06, 2.65431208391e-06, 2.73283012575e-06],
        "var": [4.41293850599e-05, 2.79373871308e-05, 2.1884779926e-05, 1.37840754633e-06, 9.90446892501e-07, 8.5402808736e-07, 1.18535155025e-07, 4.62579066607e-07, 1.75698815497e-07, 2.48078606546e-07, 3.07551779599e-08, 4.1045495891e-08, 5.70673286404e-08, 9.68844471316e-09, 8.29392554635e-09, 1.65071725178e-08, 4.50819470643e-09, 7.72413155659e-09, 2.59839305627e-09, 1.91160265395e-09, 1.61623947559e-09, 1.96762806048e-09, 2.19393148093e-09, 7.31937843668e-10, 2.38608660608e-10, 4.88604379179e-10, 3.37548156093e-10, 1.31894911659e-10, 3.90371485137e-11, 4.51753599806e-11, 5.54726646562e-11, 8.03454316967e-11, 5.55293484805e-11, 3.96145546921e-11, 2.71712340127e-11, 3.37210120938e-11, 3.35731130396e-11, 2.28099119454e-11, 7.04537209822e-12, 7.46836013171e-12]
    },
    "melbands128": {
