{
"lowlevel": {
    "average_loudness": 0.974334478378,
    "barkbands_crest": {
        "dmean": 3.30602526665,
        "dmean2": 4.77761173248,
        "dvar": 10.0360994339,
        "dvar2": 17.9404315948,
        "max": 26.2537059784,
        "mean": 12.3112716675,
        "median": 10.9238376617,
        "min": 3.4442820549,
        "stdev": 5.5228099823,
        "var": 30.5014324188
    },
    "barkbands_flatness_db": {
        "dmean": 0.0313331820071,
        "dmean2": 0.043235309422,
        "dvar": 0.000895063276403,
        "dvar2": 0.00174890668131,
        "max": 0.4162979424,
        "mean": 0.180480793118,
        "median": 0.174059078097,
        "min": 0.0527437217534,
        "stdev": 0.0582433827221,
        "var": 0.00339229172096
    },
    "barkbands_kurtosis": {
        "dmean": 12.0264129639,
        "dmean2": 17.4389400482,
        "dvar": 606.36730957,
        "dvar2": 1259.12731934,
        "max": 294.091308594,
        "mean": 16.2444782257,
        "median": 6.30195522308,
        "min": -1.19119346142,
        "stdev": 29.3526439667,
        "var": 861.577697754
    },
    "barkbands_skewness": {
        "dmean": 1.04557025433,
        "dmean2": 1.39411497116,
        "dvar": 1.9361988306,
        "dvar2": 3.28636431694,
        "max": 15.8945560455,
        "mean": 2.63587832451,
        "median": 2.10946440697,
        "min": -1.78042078018,
        "stdev": 2.24544644356,
        "var": 5.0420293808
    },
    "barkbands_spread": {
        "dmean": 4.25127077103,
        "dmean2": 6.06289386749,
        "dvar": 31.283662796,
        "dvar2": 65.2716827393,
        "max": 72.0988922119,
        "mean": 12.1022472382,
        "median": 10.9906587601,
        "min": 0.42685854435,
        "stdev": 8.02798748016,
        "var": 64.4485778809
    },
    "dissonance": {
        "dmean": 0.0287871845067,
        "dmean2": 0.0465589128435,
        "dvar": 0.000578367966227,
        "dvar2": 0.00148988503497,
        "max": 0.499887943268,
        "mean": 0.439367592335,
        "median": 0.444196850061,
        "min": 0.267018765211,
        "stdev": 0.0357731096447,
        "var": 0.00127971544862
    },
    "dynamic_complexity": 1.91230475903,
    "erbbands_crest": {
        "dmean": 2.99882149696,
        "dmean2": 4.75389099121,
        "dvar": 7.81752586365,
        "dvar2": 17.1766357422,
        "max": 27.5608959198,
        "mean": 10.4937858582,
        "median": 9.98574924469,
        "min": 2.36506795883,
        "stdev": 4.25700473785,
        "var": 18.122089386
    },
    "erbbands_flatness_db": {
        "dmean": 0.0213320888579,
        "dmean2": 0.0300636552274,
        "dvar": 0.000405945145758,
        "dvar2": 0.000772323168349,
        "max": 0.243465557694,
        "mean": 0.147793367505,
        "median": 0.153189241886,
        "min": 0.0519585683942,
        "stdev": 0.0379690341651,
        "var": 0.00144164764788
    },
    "erbbands_kurtosis": {
        "dmean": 1.87236201763,
        "dmean2": 2.79615974426,
        "dvar": 5.82894182205,
        "dvar2": 12.9682884216,
        "max": 25.7044410706,
        "mean": 2.64327931404,
        "median": 1.672560215,
        "min": -1.71976554394,
        "stdev": 3.48339533806,
        "var": 12.1340436935
    },
    "erbbands_skewness": {
        "dmean": 0.45081859827,
        "dmean2": 0.669736146927,
        "dvar": 0.185361921787,
        "dvar2": 0.390442281961,
        "max": 4.7504401207,
        "mean": 1.07819283009,
        "median": 0.979104578495,
        "min": -0.952451884747,
        "stdev": 0.722474038601,
        "var": 0.521968722343
    },
    "erbbands_spread": {
        "dmean": 12.169752121,
        "dmean2": 17.3336658478,
        "dvar": 216.378265381,
        "dvar2": 410.52255249,
        "max": 165.083984375,
        "mean": 34.8677024841,
        "median": 27.8477573395,
        "min": 7.45532369614,
        "stdev": 23.9561462402,
        "var": 573.896972656
    },
    "hfc": {
        "dmean": 5.79465293884,
        "dmean2": 8.37009334564,
        "dvar": 44.0426940918,
        "dvar2": 87.744934082,
        "max": 77.0437088013,
        "mean": 19.7606506348,
        "median": 20.3534240723,
        "min": 1.20058079367e-16,
        "stdev": 11.3214159012,
        "var": 128.174453735
    },
    "loudness_ebu128": {
        "integrated": -8.03428840637,
        "loudness_range": 0.967500686646,
        "momentary": {
            "dmean": 0.643552422523,
            "dmean2": 1.00088870525,
            "dvar": 0.261644482613,
            "dvar2": 0.623208642006,
            "max": -5.55918979645,
            "mean": -8.17524337769,
            "median": -8.09687709808,
            "min": -12.5872001648,
            "stdev": 1.13345360756,
            "var": 1.28471696377
        },
        "short_term": {
            "dmean": 0.0837329030037,
            "dmean2": 0.125907838345,
            "dvar": 0.0033014267683,
            "dvar2": 0.0070529980585,
            "max": -7.18891906738,
            "mean": -8.04251098633,
            "median": -8.06575393677,
            "min": -8.72052192688,
            "stdev": 0.326992154121,
            "var": 0.106923863292
        }
    },
    "melbands_crest": {
        "dmean": 3.83721327782,
        "dmean2": 5.20225048065,
        "dvar": 12.5439682007,
        "dvar2": 21.248500824,
        "max": 36.9007759094,
        "mean": 16.5089702606,
        "median": 15.0883522034,
        "min": 3.06649470329,
        "stdev": 7.07155036926,
        "var": 50.0068244934
    },
    "melbands_flatness_db": {
        "dmean": 0.0363012365997,
        "dmean2": 0.0478943474591,
        "dvar": 0.0012087028008,
        "dvar2": 0.0022644251585,
        "max": 0.542089402676,
        "mean": 0.269144237041,
        "median": 0.261712312698,
        "min": 0.00864498969167,
        "stdev": 0.071097292006,
        "var": 0.00505482545123
    },
    "melbands_kurtosis": {
        "dmean": 26.21900177,
        "dmean2": 37.4788894653,
        "dvar": 3220.31958008,
        "dvar2": 5593.23291016,
        "max": 794.515563965,
        "mean": 35.8250083923,
        "median": 12.735370636,
        "min": -1.24104070663,
        "stdev": 77.0788879395,
        "var": 5941.15527344
    },
    "melbands_skewness": {
        "dmean": 1.37519156933,
        "dmean2": 1.8395973444,
        "dvar": 3.4691195488,
        "dvar2": 5.60639333725,
        "max": 22.271812439,
        "mean": 3.42909455299,
        "median": 2.55156421661,
        "min": -0.133200407028,
        "stdev": 3.15825772285,
        "var": 9.97459220886
    },
    "melbands_spread": {
        "dmean": 3.82208228111,
        "dmean2": 5.21403646469,
        "dvar": 29.8215065002,
        "dvar2": 47.0068626404,
        "max": 150.832275391,
        "mean": 11.7983694077,
        "median": 9.92439937592,
        "min": 0.503428220749,
        "stdev": 8.92460155487,
        "var": 79.6485137939
    },
    "pitch_salience": {
        "dmean": 0.0851328670979,
        "dmean2": 0.12467712909,
        "dvar": 0.00687622046098,
        "dvar2": 0.0124914711341,
        "max": 0.80271923542,
        "mean": 0.484623044729,
        "median": 0.513090312481,
        "min": 0.0625908151269,
        "stdev": 0.151791676879,
        "var": 0.0230407118797
    },
    "silence_rate_20dB": {
        "dmean": 0,
        "dmean2": 0,
        "dvar": 0,
        "dvar2": 0,
        "max": 1,
        "mean": 1,
        "median": 1,
        "min": 1,
        "stdev": 0,
        "var": 0
    },
    "silence_rate_30dB": {
        "dmean": 0.131578952074,
        "dmean2": 0.263361722231,
        "dvar": 0.11426641047,
        "dvar2": 0.198651984334,
        "max": 1,
        "mean": 0.773395180702,
        "median": 1,
        "min": 0,
        "stdev": 0.418634265661,
        "var": 0.175254657865
    },
    "silence_rate_60dB": {
        "dmean": 0.000773993786424,
        "dmean2": 0.000774593325332,
        "dvar": 0.000773391744588,
        "dvar2": 0.000773989362642,
        "max": 1,
        "mean": 0.00077339517884,
        "median": 0,
        "min": 0,
        "stdev": 0.0277991909534,
        "var": 0.000772794999648
    },
    "spectral_centroid": {
        "dmean": 169.867416382,
        "dmean2": 240.349563599,
        "dvar": 109930.15625,
        "dvar2": 148893.796875,
        "max": 11183.0449219,
        "mean": 751.301452637,
        "median": 723.674865723,
        "min": 167.052078247,
        "stdev": 426.857513428,
        "var": 182207.328125
    },
    "spectral_complexity": {
        "dmean": 3.41331267357,
        "dmean2": 5.37335395813,
        "dvar": 16.634098053,
        "dvar2": 36.7714538574,
        "max": 43,
        "mean": 14.67208004,
        "median": 14,
        "min": 0,
        "stdev": 5.89761543274,
        "var": 34.781867981
    },
    "spectral_decrease": {
        "dmean": 7.24138971009e-09,
        "dmean2": 9.76688241394e-09,
        "dvar": 1.14129920762e-16,
        "dvar2": 1.92279324528e-16,
        "max": -5.16006585909e-29,
        "mean": -1.74310539336e-08,
        "median": -1.07945599126e-08,
        "min": -6.98526463339e-08,
        "stdev": 1.57975161841e-08,
        "var": 2.49561502538e-16
    },
    "spectral_energy": {
        "dmean": 0.0276769343764,
        "dmean2": 0.0373546630144,
        "dvar": 0.00164832512382,
        "dvar2": 0.0027842100244,
        "max": 0.266291886568,
        "mean": 0.067581243813,
        "median": 0.0427594780922,
        "min": 1.10843728812e-20,
        "stdev": 0.0600871145725,
        "var": 0.00361046125181
    },
    "spectral_energyband_high": {
        "dmean": 0.00030142677133,
        "dmean2": 0.000430798187153,
        "dvar": 2.25841020551e-07,
        "dvar2": 4.36952234395e-07,
        "max": 0.00582670141011,
        "mean": 0.00048474673531,
        "median": 0.000264163507381,
        "min": 7.84020040712e-21,
        "stdev": 0.000609786133282,
        "var": 3.71839149693e-07
    },
    "spectral_energyband_low": {
        "dmean": 0.0249225273728,
        "dmean2": 0.0333550795913,
        "dvar": 0.00169188564178,
        "dvar2": 0.0027983810287,
        "max": 0.252198517323,
        "mean": 0.0437389835715,
        "median": 0.0152084324509,
        "min": 1.21137455362e-22,
        "stdev": 0.0591095685959,
        "var": 0.00349394115619
    },
    "spectral_energyband_middle_high": {
        "dmean": 0.00165953708347,
        "dmean2": 0.00230167200789,
        "dvar": 3.40099177265e-06,
        "dvar2": 5.85138650422e-06,
        "max": 0.0217877998948,
        "mean": 0.00480672297999,
        "median": 0.00302934856154,
        "min": 1.50909702063e-21,
        "stdev": 0.00450713466853,
        "var": 2.0314264475e-05
    },
    "spectral_energyband_middle_low": {
        "dmean": 0.00696301367134,
        "dmean2": 0.0107478946447,
        "dvar": 8.54026002344e-05,
        "dvar2": 0.000191296843695,
        "max": 0.128775447607,
        "mean": 0.0203212779015,
        "median": 0.0158285181969,
        "min": 5.71023012074e-22,
        "stdev": 0.0169395562261,
        "var": 0.000286948547
    },
    "spectral_entropy": {
        "dmean": 0.254070013762,
        "dmean2": 0.36708727479,
        "dvar": 0.0677640885115,
        "dvar2": 0.13213005662,
        "max": 9.79312705994,
        "mean": 7.28403520584,
        "median": 7.26239824295,
        "min": 5.84586763382,
        "stdev": 0.457618772984,
        "var": 0.209414929152
    },
    "spectral_flux": {
        "dmean": 0.0519260652363,
        "dmean2": 0.08138114959,
        "dvar": 0.00366487074643,
        "dvar2": 0.00802249275148,
        "max": 0.414082586765,
        "mean": 0.125896081328,
        "median": 0.103755280375,
        "min": 1.05282345342e-10,
        "stdev": 0.083778642118,
        "var": 0.00701886136085
    },
    "spectral_kurtosis": {
        "dmean": 1.9484795332,
        "dmean2": 2.93651938438,
        "dvar": 4.31033992767,
        "dvar2": 10.1417722702,
        "max": 23.4143791199,
        "mean": 5.45726633072,
        "median": 5.18393516541,
        "min": -1.23049366474,
        "stdev": 3.11895847321,
        "var": 9.72790241241
    },
    "spectral_rms": {
        "dmean": 0.00154320220463,
        "dmean2": 0.00205791811459,
        "dvar": 4.02554542234e-06,
        "dvar2": 6.5507756517e-06,
        "max": 0.0161182191223,
        "mean": 0.00742779672146,
        "median": 0.00645883614197,
        "min": 3.28846802219e-12,
        "stdev": 0.00328033580445,
        "var": 1.07606028905e-05
    },
    "spectral_rolloff": {
        "dmean": 209.481430054,
        "dmean2": 314.157348633,
        "dvar": 395780.34375,
        "dvar2": 591262.5,
        "max": 18432.421875,
        "mean": 600.365112305,
        "median": 452.197265625,
        "min": 43.06640625,
        "stdev": 690.387145996,
        "var": 476634.375
    },
    "spectral_skewness": {
        "dmean": 0.307861477137,
        "dmean2": 0.441479116678,
        "dvar": 0.0903546512127,
        "dvar2": 0.191509202123,
        "max": 3.8977189064,
        "mean": 1.97423839569,
        "median": 1.99844181538,
        "min": -0.045628324151,
        "stdev": 0.508420825005,
        "var": 0.258491754532
    },
    "spectral_spread": {
        "dmean": 864438,
        "dmean2": 1177621.875,
        "dvar": 1.75826652365e+12,
        "dvar2": 2.31636520141e+12,
        "max": 41245716,
        "mean": 5370597,
        "median": 4986883.5,
        "min": 2337859,
        "stdev": 1903804.5,
        "var": 3.62447162573e+12
    },
    "spectral_strongpeak": {
        "dmean": 0.514808654785,
        "dmean2": 0.83085244894,
        "dvar": 0.440759658813,
        "dvar2": 1.04031515121,
        "max": 5.68316411972,
        "mean": 0.924116373062,
        "median": 0.527744412422,
        "min": 0,
        "stdev": 0.926921606064,
        "var": 0.859183609486
    },
    "zerocrossingrate": {
        "dmean": 0.00922292191535,
        "dmean2": 0.0103178257123,
        "dvar": 0.000244207069045,
        "dvar2": 0.000295313162496,
        "max": 0.484375,
        "mean": 0.0346302054822,
        "median": 0.03173828125,
        "min": 0.00146484375,
        "stdev": 0.0228989478201,
        "var": 0.000524361850694
    },
    "barkbands": {
        "dmean": [0.00205013714731, 0.0228882022202, 0.00402646232396, 0.0023629211355, 0.0025400815066, 0.00192095385864, 0.00214116089046, 0.000969481014181, 0.00124459457584, 0.000838987296447, 0.000436073023593, 0.000481632421724, 0.000355276919436, 0.00019769181381, 0.000123866964714, 6.87987485435e-05, 0.000101103003544, 9.29343368625e-05, 7.95376618044e-05, 5.29108874616e-05, 7.14531488484e-05, 6.29273126833e-05, 5.83742839808e-05, 5.90642594034e-05, 4.7971479944e-05, 2.44317561737e-05, 1.52570078171e-06],
        "dmean2": [0.00269754161127, 0.0309529788792, 0.00705265952274, 0.00372552801855, 0.00410745106637, 0.00287067727186, 0.00347415171564, 0.00139520608354, 0.00175423373003, 0.0011505241273, 0.000627173576504, 0.00074239022797, 0.000588722992688, 0.000320260674926, 0.000193651605514, 0.000108151820314, 0.000156418594997, 0.000144314370118, 0.000119322394312, 7.99140907475e-05, 0.00010788677173, 9.07931898837e-05, 8.62029119162e-05, 8.93754258868e-05, 7.1570109867e-05, 3.69813533325e-05, 2.5018703127e-06],
        "dvar": [1.18772550195e-05, 0.00161725340877, 6.27473636996e-05, 2.29451779887e-05, 2.38565608015e-05, 1.29343334265e-05, 1.46217935253e-05, 7.54888196752e-06, 4.57071791971e-06, 1.47797129557e-06, 7.68904726556e-07, 5.89421688346e-07, 5.6306288343e-07, 2.7150230153e-07, 1.14662164208e-07, 4.27330242303e-08, 4.66027714197e-08, 2.77232174994e-08, 1.3510066843e-08, 8.25759371992e-09, 1.43709790734e-08, 1.15294653824e-08, 1.07203508293e-08, 7.93634757912e-09, 4.81924233853e-09, 1.70509295572e-09, 1.45644486055e-11],
        "dvar2": [2.42083442572e-05, 0.00270910398103, 0.00017357757315, 5.60808548471e-05, 5.28536293132e-05, 2.58272739302e-05, 3.44730324287e-05, 1.60773979587e-05, 7.51980132918e-06, 2.33290552387e-06, 1.40485474276e-06, 1.18725961329e-06, 1.34797653573e-06, 6.79647087054e-07, 2.87601181981e-07, 8.46618988248e-08, 1.16252579119e-07, 6.10405663792e-08, 2.97771265423e-08, 1.74365482053e-08, 2.90988069196e-08, 2.24587051179e-08, 2.32881021134e-08, 1.89577136211e-08, 1.04316741911e-08, 3.78373421484e-09, 3.60890275997e-11],
        "max": [0.0272719878703, 0.239056825638, 0.0533100925386, 0.0736800730228, 0.0813331082463, 0.0532042458653, 0.0534307323396, 0.0456526465714, 0.0318763144314, 0.0166271198541, 0.0175695065409, 0.0136264124885, 0.0120211597532, 0.00643213558942, 0.00492066284642, 0.00509966956452, 0.00514613091946, 0.00232096062973, 0.0010959856445, 0.00106592662632, 0.00121469364967, 0.00107050931547, 0.00122124736663, 0.00102929014247, 0.000740599469282, 0.000587595568504, 5.00654386997e-05],
        "mean": [0.00276679382659, 0.0346748828888, 0.0045647113584, 0.00391945289448, 0.0054046898149, 0.00355271995068, 0.00325640826486, 0.00130873569287, 0.0027953335084, 0.00184396933764, 0.000661028083414, 0.000821956899017, 0.000558322411962, 0.000262464134721, 0.000153429471538, 9.97451788862e-05, 0.000156430425704, 0.00013423821656, 0.000124573009089, 7.18210358173e-05, 9.51323454501e-05, 9.03348627617e-05, 7.33623091946e-05, 7.97387256171e-05, 7.11292450433e-05, 3.81489298888e-05, 1.73653688762e-06],
        "median": [0.0003587580577, 0.00967751163989, 0.00189987837803, 0.00136347406078, 0.00242991326377, 0.00141188909765, 0.00182112900075, 0.000291859527351, 0.00063038332155, 0.000491651415359, 0.00015951860405, 0.000262405286776, 0.000185645141755, 7.72376661189e-05, 4.3389518396e-05, 4.27178711107e-05, 8.30861463328e-05, 6.09786511632e-05, 6.99139491189e-05, 3.50865666405e-05, 4.37346425315e-05, 4.03300873586e-05, 2.13339899346e-05, 4.21492004534e-05, 3.95202223444e-05, 1.95902721316e-05, 3.20199916359e-07],
        "min": [2.65788885312e-23, 5.3542861091e-23, 5.51822907569e-23, 1.18714454892e-23, 6.35168460343e-23, 1.06698031757e-22, 2.35648580095e-22, 5.51374140378e-23, 9.05714176914e-23, 5.6570805857e-23, 6.2646726145e-23, 1.1800547562e-22, 1.26082515144e-22, 7.25008736504e-23, 1.03718289548e-22, 1.78273375928e-22, 1.03874073799e-22, 2.67237902888e-22, 2.73534022654e-22, 2.66384670933e-22, 3.72344139556e-22, 4.75624560815e-22, 5.93726605631e-22, 9.20925964765e-22, 1.56659707939e-21, 1.50943851536e-21, 2.47913643037e-21],
        "stdev": [0.0047991652973, 0.0544015280902, 0.00712010078132, 0.00757008604705, 0.00891477614641, 0.00624105287716, 0.00466314749792, 0.00339819956571, 0.00422551948577, 0.00259634922259, 0.00137206667569, 0.00125310476869, 0.00099987781141, 0.000561062362976, 0.000410884153098, 0.000245914212428, 0.000237529311562, 0.000197582703549, 0.000156286463607, 0.000107980718894, 0.000137471783091, 0.000134443151182, 0.00012491470261, 0.000105174993223, 8.93456672202e-05, 5.64070433029e-05, 4.57538590126e-06],
        "var": [2.3031989258e-05, 0.0029595263768, 5.06958349433e-05, 5.73062061449e-05, 7.94732331997e-05, 3.89507404179e-05, 2.17449432967e-05, 1.1547759641e-05, 1.78550162673e-05, 6.74102966514e-06, 1.88256683487e-06, 1.57027159275e-06, 9.99755684461e-07, 3.14790952416e-07, 1.68825778246e-07, 6.04738019661e-08, 5.64201734221e-08, 3.90389232052e-08, 2.44254607651e-08, 1.16598357636e-08, 1.88984898841e-08, 1.80749619716e-08, 1.56036836785e-08, 1.10617799365e-08, 7.98264832014e-09, 3.18175441549e-09, 2.09341571855e-11]
    },
    "erbbands": {
        "dmean": [0.854603886604, 5.48158121109, 6.22144842148, 5.95852947235, 7.63526773453, 10.0049676895, 10.6274061203, 18.5872650146, 31.145526886, 21.1563663483, 23.0565490723, 31.9806079865, 14.9405145645, 29.8070793152, 19.2834453583, 13.6240644455, 16.6781234741, 8.46117115021, 8.16062641144, 4.75859498978, 4.25102853775, 5.47844791412, 4.83969068527, 4.33351325989, 3.68094325066, 2.3532435894, 2.78960776329, 2.77994346619, 2.20335149765, 2.1190636158, 1.59173965454, 1.2374560833, 0.97645431757, 0.613873720169, 0.321450263262, 0.152487769723, 0.0372677072883, 0.00548456609249, 0.000159672345035, 3.21167899529e-05],
        "dmean2": [1.03282880783, 7.8745007515, 10.4027881622, 9.735704422, 11.4697685242, 16.4138698578, 16.9084072113, 28.1113624573, 50.6297492981, 32.7916259766, 33.4000358582, 45.1308746338, 21.4854240417, 39.773109436, 27.1231231689, 21.1709575653, 27.2034492493, 12.9291305542, 13.2270059586, 7.1537899971, 6.33055305481, 8.55146408081, 7.40695047379, 6.43533563614, 5.53122854233, 3.57111668587, 4.24045133591, 4.21323490143, 3.20450353622, 3.15771603584, 2.35370993614, 1.8739014864, 1.48656213284, 0.93064892292, 0.482903450727, 0.231617480516, 0.0563082247972, 0.00851937197149, 0.000247973221121, 4.36467271356e-05],
        "dvar": [1.84507143497, 108.357475281, 148.646469116, 113.644012451, 319.644897461, 414.358551025, 526.591186523, 1440.65625, 3176.83007812, 1650.91870117, 3561.51855469, 3530.78051758, 651.420471191, 1984.01147461, 936.655944824, 579.801452637, 1206.01696777, 329.697814941, 470.665588379, 226.363632202, 68.8739852905, 196.546600342, 73.5828552246, 44.6477127075, 37.2292938232, 15.989897728, 18.7433300018, 24.8472232819, 14.3625736237, 12.4282541275, 8.07336139679, 4.04034280777, 1.98595666885, 0.887539148331, 0.212089702487, 0.0678346008062, 0.00360080739483, 0.000113734415208, 1.25376402593e-07, 1.98842542432e-09],
        "dvar2": [3.10047507286, 220.834213257, 381.280517578, 302.377044678, 603.658630371, 1009.03118896, 1110.12268066, 2979.70092773, 7493.33984375, 3759.14257812, 6936.93115234, 6238.06835938, 1040.51000977, 3087.53686523, 1744.69873047, 1193.5213623, 2772.28076172, 713.47052002, 1150.23266602, 451.013031006, 136.340530396, 500.119049072, 164.66343689, 96.9418563843, 84.1055679321, 32.6161956787, 38.1228141785, 48.812877655, 29.3604221344, 24.684343338, 17.4038581848, 9.52874755859, 4.72723293304, 2.0688867569, 0.44278883934, 0.153330609202, 0.00787148904055, 0.000266263057711, 2.99131045267e-07, 3.40800987431e-09],
        "max": [9.54905796051, 61.723274231, 75.5144271851, 122.898178101, 401.901580811, 401.021270752, 665.778625488, 533.015625, 811.39831543, 499.085479736, 838.200317383, 888.421813965, 632.924438477, 453.844604492, 519.428588867, 498.737701416, 639.882080078, 236.536560059, 219.50567627, 295.459991455, 129.782455444, 357.319458008, 110.636711121, 79.5344085693, 74.6123733521, 33.3766059875, 40.2019729614, 45.6355476379, 40.3777160645, 38.0037307739, 33.5693092346, 21.2676048279, 17.5843219757, 11.2195959091, 4.90820837021, 3.96795201302, 0.783940076828, 0.159600824118, 0.0055539412424, 0.00032310813549],
        "mean": [1.19942438602, 6.7976770401, 7.33813095093, 9.41951560974, 15.8851690292, 18.283618927, 19.7816677094, 34.1538581848, 50.5825042725, 32.7294578552, 35.9832649231, 68.0816879272, 33.3177490234, 68.1176834106, 38.2938041687, 24.3017749786, 27.7082977295, 13.4779834747, 10.3321886063, 7.25153160095, 7.13570070267, 8.67838668823, 6.94037246704, 7.15505599976, 5.46714639664, 3.43145298958, 3.78554940224, 3.63969874382, 3.11717534065, 2.83079600334, 2.00556755066, 1.53596234322, 1.36639988422, 0.872789025307, 0.472318083048, 0.211454316974, 0.062334548682, 0.00856257323176, 0.000259170687059, 8.2669139374e-05],
        "median": [0.223193645477, 2.06815600395, 2.97939443588, 3.75779747963, 5.61239671707, 7.14620113373, 8.60885238647, 14.1414813995, 28.5229244232, 16.4350013733, 16.3160057068, 14.6410160065, 16.5375366211, 21.0791378021, 14.1554584503, 10.27983284, 10.0490598679, 4.84564590454, 3.1803894043, 2.24047017097, 3.44238233566, 4.69865608215, 3.31541109085, 3.79765820503, 2.98128461838, 1.80508160591, 1.89990162849, 1.50710904598, 1.42481446266, 1.07388830185, 0.551642000675, 0.588737249374, 0.796728491783, 0.485576689243, 0.257381021976, 0.103416115046, 0.0307523310184, 0.00322383525781, 0.000110416483949, 5.84992558288e-05],
        "min": [1.43216003501e-21, 1.30782974023e-20, 6.48775849001e-20, 3.80489866272e-20, 9.09390797837e-20, 1.49436833877e-19, 9.7148795728e-19, 6.17264455265e-19, 1.67793494199e-18, 4.16465131136e-18, 1.45027870739e-18, 2.06311107723e-18, 2.00325318618e-18, 1.57263609078e-18, 3.0975314525e-18, 5.34058160993e-18, 5.25862331406e-18, 4.37747619758e-18, 5.69287865999e-18, 4.88046983882e-18, 1.07452713717e-17, 6.24300008946e-18, 1.45338594932e-17, 1.31232410977e-17, 1.47776230023e-17, 1.00655266043e-17, 1.47029914587e-17, 1.4343391231e-17, 1.15310805459e-17, 1.87403789649e-17, 1.91423490379e-17, 1.60427097224e-17, 1.84817295135e-17, 1.98288543524e-17, 9.826868454e-18, 6.53416601071e-18, 2.61056691717e-18, 1.27493502909e-18, 3.85288450865e-19, 3.44249597296e-20],
        "stdev": [1.98058843613, 11.8263778687, 11.3992786407, 14.8698883057, 32.9216804504, 33.2737236023, 45.7078132629, 63.3961753845, 70.9782104492, 48.7179107666, 74.4237823486, 105.915061951, 53.4370269775, 93.5772476196, 54.4050598145, 36.1101875305, 49.0733528137, 24.099937439, 23.5824546814, 22.4637126923, 12.220375061, 14.3769226074, 9.98641586304, 9.055768013, 7.51689767838, 4.81432771683, 5.1162147522, 5.67844867706, 4.76171302795, 4.36349534988, 3.4848306179, 2.3399720192, 1.68628442287, 1.1282838583, 0.607425689697, 0.320406258106, 0.0916667580605, 0.0154811004177, 0.000482639152324, 6.70649023959e-05],
        "var": [3.92273068428, 139.863220215, 129.943557739, 221.113586426, 1083.8371582, 1107.140625, 2089.20410156, 4019.07495117, 5037.90673828, 2373.43481445, 5538.89941406, 11218.0009766, 2855.51586914, 8756.70117188, 2959.91040039, 1303.94567871, 2408.1940918, 580.807006836, 556.132202148, 504.618377686, 149.33757019, 206.695892334, 99.7285079956, 82.0069351196, 56.5037536621, 23.1777534485, 26.1756515503, 32.2447776794, 22.6739120483, 19.0400905609, 12.1440448761, 5.47546863556, 2.84355521202, 1.27302455902, 0.368965983391, 0.102660179138, 0.00840279459953, 0.000239664470428, 2.32940550404e-07, 4.4977008784e-09]
    },
    "gfcc": {
        "mean": [16.6650314331, 106.906059265, -81.1070480347, 25.420923233, -60.6241798401, 22.9883441925, -29.6012153625, 18.9799232483, -25.9950447083, 6.82680988312, -10.7168931961, 7.63637304306, -9.82559680939],
        "cov": [[3481.42211914, -471.623260498, -381.954528809, -62.6249198914, -169.137161255, 9.01486873627, -11.038561821, 200.222335815, -24.0457191467, 106.68396759, -139.898666382, 50.7535018921, -114.699729919], [-471.623260498, 680.591186523, -24.1926593781, -72.1104660034, 58.5165367126, -46.2887039185, 92.5585784912, -51.4235877991, 11.9034786224, -84.4887390137, 68.5041885376, -52.4562568665, 70.4571380615], [-381.954528809, -24.1926593781, 588.203735352, 232.079116821, 52.642906189, 35.1653823853, -58.950843811, -103.710891724, 15.4149770737, 9.83163261414, 50.8950080872, 15.7152862549, 16.5276317596], [-62.6249198914, -72.1104660034, 232.079116821, 370.417999268, 85.9343109131, 21.7711811066, -49.0595054626, -86.2914047241, 32.7637252808, 13.4342365265, 41.8196258545, -23.4909725189, 31.0313854218], [-169.137161255, 58.5165367126, 52.642906189, 85.9343109131, 195.209640503, 55.3086738586, 29.7901821136, 6.95743942261, 62.0454826355, 23.7613868713, 32.8197937012, -15.0106544495, 25.7798290253], [9.01486873627, -46.2887039185, 35.1653823853, 21.7711811066, 55.3086738586, 159.070953369, 94.2301330566, 20.946018219, 25.4109897614, 7.91218185425, 24.7590446472, 5.93261003494, -10.6533212662], [-11.038561821, 92.5585784912, -58.950843811, -49.0595054626, 29.7901821136, 94.2301330566, 218.135406494, 86.2171936035, 12.4685516357, -21.1844272614, 13.9552545547, 14.858590126, -0.567465424538], [200.222335815, -51.4235877991, -103.710891724, -86.2914047241, 6.95743942261, 20.946018219, 86.2171936035, 148.708312988, 31.0935344696, 7.45965337753, -16.1161842346, 27.2869796753, -3.57715034485], [-24.0457191467, 11.9034786224, 15.4149770737, 32.7637252808, 62.0454826355, 25.4109897614, 12.4685516357, 31.0935344696, 128.59022522, 54.8014221191, 27.0848846436, -7.06837511063, 14.7830705643], [106.68396759, -84.4887390137, 9.83163261414, 13.4342365265, 23.7613868713, 7.91218185425, -21.1844272614, 7.45965337753, 54.8014221191, 107.825889587, 28.3802814484, 9.88346672058, -4.64878320694], [-139.898666382, 68.5041885376, 50.8950080872, 41.8196258545, 32.8197937012, 24.7590446472, 13.9552545547, -16.1161842346, 27.0848846436, 28.3802814484, 94.8179092407, 16.6639614105, 15.7772016525], [50.7535018921, -52.4562568665, 15.7152862549, -23.4909725189, -15.0106544495, 5.93261003494, 14.858590126, 27.2869796753, -7.06837511063, 9.88346672058, 16.6639614105, 67.7673034668, 10.7007608414], [-114.699729919, 70.4571380615, 16.5276317596, 31.0313854218, 25.7798290253, -10.6533212662, -0.567465424538, -3.57715034485, 14.7830705643, -4.64878320694, 15.7772016525, 10.7007608414, 78.8529968262]],
        "icov": [[0.000432675180491, -0.000185620476259, 0.000307425798383, -0.000511573569383, 0.000428123254096, -0.000430945830885, 0.000391835870687, -0.000753139611334, 0.000287162722088, -0.000748019490857, 0.000753954867832, -0.000495067564771, 0.00052096840227], [-0.000185620476259, 0.00435792049393, -0.000462635565782, 0.00260479445569, -0.00157637684606, 0.0037056512665, -0.0036636358127, 0.00344575941563, -0.00164794793818, 0.00395957892761, -0.00455002114177, 0.00411617569625, -0.00305186584592], [0.000307425798383, -0.000462635565782, 0.00282519892789, -0.00184927589726, 0.000281607819488, -0.00112963328138, 0.000893483869731, 0.000528087839484, -0.000110214212327, -0.000386894360418, 0.000649624271318, -0.00240067671984, 0.000975509290583], [-0.000511573569383, 0.00260479445569, -0.00184927589726, 0.00635350868106, -0.00245150085539, 0.00219964585267, -0.00203477730975, 0.00393525138497, -0.0016009217361, 0.0029360295739, -0.00379098788835, 0.00400425028056, -0.00323341484182], [0.000428123254096, -0.00157637684606, 0.000281607819488, -0.00245150085539, 0.00846046116203, -0.00354577298276, 0.00139518047217, -0.00268518109806, -0.00120940909255, -0.00226567173377, 0.00106669985689, 0.000542677415069, -0.0006137463497], [-0.000430945830885, 0.0037056512665, -0.00112963328138, 0.00219964585267, -0.00354577298276, 0.0135590946302, -0.00800984539092, 0.00457654008642, -0.00236646900885, 0.00326188537292, -0.00476478785276, 0.00263641984202, -0.000194178777747], [0.000391835870687, -0.0036636358127, 0.000893483869731, -0.00203477730975, 0.00139518047217, -0.00800984539092, 0.0122047932819, -0.00793517753482, 0.00209431978874, -0.00107988342643, 0.00198846124113, -0.00297223613597, 0.00219574733637], [-0.000753139611334, 0.00344575941563, 0.000528087839484, 0.00393525138497, -0.00268518109806, 0.00457654008642, -0.00793517753482, 0.0170348975807, -0.00585282035172, 0.00367212621495, -0.000520798377693, -0.00236241263337, -0.0018833191134], [0.000287162722088, -0.00164794793818, -0.000110214212327, -0.0016009217361, -0.00120940909255, -0.00236646900885, 0.00209431978874, -0.00585282035172, 0.0141599988565, -0.0076084556058, 7.87425015005e-05, 0.00255720876157, -0.00109745375812], [-0.000748019490857, 0.00395957892761, -0.000386894360418, 0.0029360295739, -0.00226567173377, 0.00326188537292, -0.00107988342643, 0.00367212621495, -0.0076084556058, 0.018368255347, -0.00779925705865, 0.00122076482512, -0.000456008565379], [0.000753954867832, -0.00455002114177, 0.000649624271318, -0.00379098788835, 0.00106669985689, -0.00476478785276, 0.00198846124113, -0.000520798377693, 7.87425015005e-05, -0.00779925705865, 0.0203434173018, -0.00933445431292, 0.00223796744831], [-0.000495067564771, 0.00411617569625, -0.00240067671984, 0.00400425028056, 0.000542677415069, 0.00263641984202, -0.00297223613597, -0.00236241263337, 0.00255720876157, 0.00122076482512, -0.00933445431292, 0.0253019761294, -0.00739383464679], [0.00052096840227, -0.00305186584592, 0.000975509290583, -0.00323341484182, -0.0006137463497, -0.000194178777747, 0.00219574733637, -0.0018833191134, -0.00109745375812, -0.000456008565379, 0.00223796744831, -0.00739383464679, 0.0180737897754]]
    },
    "melbands": {
        "dmean": [0.00661959312856, 0.00437482772395, 0.0010449483525, 0.000584783498198, 0.000371727655875, 0.000396029325202, 0.000467733188998, 0.000221298963879, 0.000202134164283, 0.000185352299013, 7.80624468462e-05, 0.00012968928786, 6.8595065386e-05, 5.22462869412e-05, 4.14975511376e-05, 3.03303168039e-05, 1.56201003847e-05, 1.56740570674e-05, 7.9993988038e-06, 4.73840873383e-06, 5.44711201655e-06, 6.99024258211e-06, 4.04954562327e-06, 4.89288186145e-06, 3.5146222217e-06, 3.23683207171e-06, 2.13745443034e-06, 1.49566938035e-06, 1.80417725915e-06, 1.74427054844e-06, 1.6346581333e-06, 1.34697779686e-06, 1.15204761642e-06, 1.21561265587e-06, 9.80158347375e-07, 7.99508541149e-07, 7.61119224535e-07, 7.01354906596e-07, 6.87293265855e-07, 4.88133139243e-07],
        "dmean2": [0.00835852883756, 0.00664384709671, 0.00166470441036, 0.000937386706937, 0.000598863814957, 0.000593249918893, 0.000755249348003, 0.000344718573615, 0.000287927832687, 0.00026224530302, 0.000113158297609, 0.000173702719621, 9.64909486356e-05, 7.87619792391e-05, 6.7188491812e-05, 4.91482933285e-05, 2.41080088017e-05, 2.59763164649e-05, 1.25849655888e-05, 7.51221023165e-06, 8.28360134619e-06, 1.108100696e-05, 6.3472043621e-06, 7.64191463531e-06, 5.26572284798e-06, 4.96297843711e-06, 3.22379833051e-06, 2.28502744903e-06, 2.8027523058e-06, 2.70396299129e-06, 2.49676713793e-06, 1.98491670744e-06, 1.71911631242e-06, 1.84376688139e-06, 1.47583921262e-06, 1.22849564832e-06, 1.18004402339e-06, 1.07629489321e-06, 1.07586561171e-06, 7.4102445069e-07],
        "dvar": [0.000117317904369, 6.8859422754e-05, 3.59873206435e-06, 1.16228227398e-06, 6.34901880403e-07, 5.92152559875e-07, 7.1235268706e-07, 2.15111711555e-07, 1.9763827197e-07, 1.12810838004e-07, 1.74942051956e-08, 3.87829892645e-08, 1.62874993492e-08, 6.13113337877e-09, 8.2397653145e-09, 5.02034547267e-09, 1.3326113546e-09, 2.01758787455e-09, 6.07985495282e-10, 2.67729366454e-10, 1.17946347133e-10, 3.22106480377e-10, 5.33526313407e-11, 7.53477766291e-11, 2.99530712733e-11, 2.76946712091e-11, 1.53312119944e-11, 6.32008724868e-12, 7.43765552619e-12, 9.30921659203e-12, 8.55426840474e-12, 5.25841739943e-12, 4.01761306515e-12, 4.18582659853e-12, 3.4099296737e-12, 1.9926974567e-12, 1.51476693602e-12, 1.05049736271e-12, 1.05130476807e-12, 5.67034266763e-13],
        "dvar2": [0.000174922373844, 0.00015768087178, 8.69139785209e-06, 2.56673956756e-06, 1.38167001751e-06, 1.21421942367e-06, 1.67771031556e-06, 4.94615164826e-07, 3.82619930406e-07, 1.97579865358e-07, 2.78532219511e-08, 6.02964718155e-08, 2.93318613842e-08, 1.25939489948e-08, 1.73371326184e-08, 1.27684192108e-08, 3.06105052417e-09, 5.05677766327e-09, 1.49671530725e-09, 4.86721885018e-10, 2.48789544521e-10, 8.30175705957e-10, 1.17668236266e-10, 1.65968142007e-10, 6.48383152724e-11, 6.57027210416e-11, 3.39855331377e-11, 1.32705946926e-11, 1.61969864604e-11, 1.87087463577e-11, 1.7164015001e-11, 1.05821471377e-11, 9.05664085393e-12, 8.72165881183e-12, 7.65324349034e-12, 4.43317691584e-12, 3.68244974444e-12, 2.59411827956e-12, 2.50602815409e-12, 1.31276977136e-12],
        "max": [0.0720535591245, 0.0458978563547, 0.0270278621465, 0.0167420767248, 0.0234614647925, 0.0106641734019, 0.0124388085678, 0.00600147480145, 0.00547655951232, 0.00497030839324, 0.00323588470928, 0.00200746906921, 0.00255007715896, 0.00106572022196, 0.00186922459397, 0.000894796045031, 0.000515347579494, 0.000509199569933, 0.000436928268755, 0.000403345009545, 0.000174259461346, 0.000441968761152, 0.00011471461039, 0.000102822537883, 6.3511361077e-05, 5.7048342569e-05, 5.41884619452e-05, 2.52786176134e-05, 2.26946249313e-05, 2.86316171696e-05, 2.69534120889e-05, 2.3250862796e-05, 1.98069719772e-05, 2.25077546929e-05, 2.20223446377e-05, 1.42711942317e-05, 1.34972015076e-05, 1.34046158564e-05, 9.67995129031e-06, 9.51375295699e-06],
        "mean": [0.010245917365, 0.00554725155234, 0.00182579085231, 0.0012290662853, 0.00071978016058, 0.000736389309168, 0.000759605318308, 0.000335991993779, 0.000341688661138, 0.000395448878407, 0.000163813121617, 0.000294205266982, 0.000122309909784, 9.68498643488e-05, 6.24476524536e-05, 4.57353817183e-05, 2.27241744142e-05, 1.82364619832e-05, 1.02721587609e-05, 7.21930291547e-06, 8.69600717124e-06, 1.03732745629e-05, 5.32194508196e-06, 6.8953158916e-06, 5.61787464903e-06, 4.89494641442e-06, 2.76171181213e-06, 2.10317170968e-06, 2.37894937527e-06, 2.23306778935e-06, 2.07205494007e-06, 1.84200609965e-06, 1.59190403792e-06, 1.51725760134e-06, 1.19454819014e-06, 9.53578251028e-07, 9.31669035253e-07, 9.57497263698e-07, 8.91069191766e-07, 6.87428723722e-07],
        "median": [0.00241608684883, 0.00219055940397, 0.000750325620174, 0.000531762139872, 0.000307470356347, 0.000301937398035, 0.000427915598266, 0.0001436178718, 0.000125283084344, 8.27641270007e-05, 7.56095541874e-05, 8.78094579093e-05, 4.309049109e-05, 3.15307552228e-05, 2.01034054044e-05, 1.50959522216e-05, 7.05868160367e-06, 4.66715573566e-06, 2.76223750006e-06, 2.81672237179e-06, 4.09150698033e-06, 5.07577624376e-06, 2.5338335945e-06, 2.9355001061e-06, 2.92481672659e-06, 2.70136547442e-06, 1.21870721159e-06, 1.05353888102e-06, 1.21478558412e-06, 9.18510011161e-07, 8.18506293854e-07, 7.90511421656e-07, 6.79130153003e-07, 5.04423553593e-07, 3.0970349485e-07, 2.80905226191e-07, 3.70903336488e-07, 5.4660489468e-07, 4.84528754896e-07, 3.71269237576e-07],
        "min": [1.43293144e-23, 2.65752471493e-23, 9.12530234902e-24, 7.16447970629e-24, 2.75924611985e-23, 1.66260071949e-23, 3.21445672748e-23, 3.83169084535e-23, 1.08060951476e-23, 1.30801910219e-23, 1.03084832663e-23, 6.54598632976e-24, 9.28616449823e-24, 9.9064379394e-24, 1.90755922773e-23, 9.31038647233e-24, 7.61372258118e-24, 8.97590708193e-24, 6.52020911639e-24, 8.13785517724e-24, 1.37768041106e-23, 5.12967492685e-24, 1.1217291261e-23, 1.3093637156e-23, 1.02071816932e-23, 1.11776691444e-23, 1.07304086769e-23, 5.45436652557e-24, 1.02129656213e-23, 8.59682391823e-24, 7.68702432535e-24, 4.50137324825e-24, 1.25264288102e-23, 8.316925025e-24, 1.13466691827e-23, 9.14250898309e-24, 1.09720927813e-23, 1.35780663827e-23, 1.33163144458e-23, 1.7388332397e-23],
        "stdev": [0.0160021465272, 0.00867058522999, 0.00296082417481, 0.00191783509217, 0.00161880650558, 0.00131284829695, 0.00105595542118, 0.00054845266277, 0.000583817716688, 0.000608508184087, 0.000275387341389, 0.000413196859881, 0.000210625774343, 0.000141941403854, 0.000125926177134, 8.05210947874e-05, 4.49820217909e-05, 4.70108752779e-05, 3.17559206451e-05, 2.07126395253e-05, 1.52727152454e-05, 1.82376315934e-05, 8.1495163613e-06, 1.05420285763e-05, 7.39566849006e-06, 6.49262619845e-06, 4.63894002678e-06, 2.97486235468e-06, 3.14719295602e-06, 3.4609179238e-06, 3.30001125803e-06, 2.89100535156e-06, 2.37721587837e-06, 2.46408399107e-06, 2.21136042455e-06, 1.62645494584e-06, 1.40838699281e-06, 1.22429503335e-06, 1.15321358862e-06, 9.2150241926e-07],
        "var": [0.000256068713497, 7.51790430513e-05, 8.76647936821e-06, 3.67809138879e-06, 2.62053458755e-06, 1.72357056272e-06, 1.11504186862e-06, 3.00800337527e-07, 3.40843115509e-07, 3.70282208451e-07, 7.58381872856e-08, 1.70731638605e-07, 4.43632188762e-08, 2.01473611128e-08, 1.58574007258e-08, 6.48364650857e-09, 2.02338235056e-09, 2.21002238732e-09, 1.00843844386e-09, 4.29013408132e-10, 2.33255831317e-10, 3.32611216347e-10, 6.64146099227e-11, 1.1113435866e-10, 5.46959144643e-11, 4.21541967999e-11, 2.15197651365e-11, 8.84980543708e-12, 9.90482348917e-12, 1.19779533514e-11, 1.08900744325e-11, 8.35791158504e-12, 5.65115575862e-12, 6.07170997508e-12, 4.8901147888e-12, 2.64535572267e-12, 1.98355394609e-12, 1.4988984446e-12, 1.32990168357e-12, 8.4916665713e-13]
    },
    "melbands128": {
