{
"lowlevel": {
    "average_loudness": 0.958603680134,
    "barkbands_crest": {
        "dmean": 3.24815917015,
        "dmean2": 5.05070829391,
        "dvar": 9.86456108093,
        "dvar2": 23.9515190125,
        "max": 26.1229248047,
        "mean": 13.0289297104,
        "median": 12.4344482422,
        "min": 2.77394390106,
        "stdev": 4.78739309311,
        "var": 22.91913414
    },
    "barkbands_flatness_db": {
        "dmean": 0.0433761514723,
        "dmean2": 0.0600271075964,
        "dvar": 0.00165183586068,
        "dvar2": 0.00331200263463,
        "max": 0.469217956066,
        "mean": 0.207229807973,
        "median": 0.197998046875,
        "min": 0.0310481581837,
        "stdev": 0.0776152461767,
        "var": 0.00602412689477
    },
    "barkbands_kurtosis": {
        "dmean": 16.3345928192,
        "dmean2": 25.4586257935,
        "dvar": 1148.52770996,
        "dvar2": 2429.40966797,
        "max": 728.731262207,
        "mean": 21.4324073792,
        "median": 8.42920017242,
        "min": -1.90672409534,
        "stdev": 41.3100814819,
        "var": 1706.52294922
    },
    "barkbands_skewness": {
        "dmean": 1.31730532646,
        "dmean2": 1.97084832191,
        "dvar": 2.46796703339,
        "dvar2": 5.48155212402,
        "max": 21.5773925781,
        "mean": 3.10230922699,
        "median": 2.60828256607,
        "min": -3.92474222183,
        "stdev": 2.31998419762,
        "var": 5.38232707977
    },
    "barkbands_spread": {
        "dmean": 8.67545318604,
        "dmean2": 13.6322479248,
        "dvar": 131.256561279,
        "dvar2": 302.320251465,
        "max": 104.765426636,
        "mean": 17.3756198883,
        "median": 13.3054504395,
        "min": 0.329467356205,
        "stdev": 16.4286899567,
        "var": 269.901824951
    },
    "dissonance": {
        "dmean": 0.029495768249,
        "dmean2": 0.0463750660419,
        "dvar": 0.000948588654865,
        "dvar2": 0.00220613926649,
        "max": 0.499503433704,
        "mean": 0.437993943691,
        "median": 0.444679290056,
        "min": 0.0669880062342,
        "stdev": 0.0434459336102,
        "var": 0.00188754918054
    },
    "dynamic_complexity": 2.27812814713,
    "erbbands_crest": {
        "dmean": 3.38262629509,
        "dmean2": 5.43272352219,
        "dvar": 9.46657657623,
        "dvar2": 23.4090766907,
        "max": 28.4748020172,
        "mean": 10.5342540741,
        "median": 9.58539581299,
        "min": 2.5348546505,
        "stdev": 4.57064676285,
        "var": 20.8908100128
    },
    "erbbands_flatness_db": {
        "dmean": 0.0270161405206,
        "dmean2": 0.0406069159508,
        "dvar": 0.000606651243288,
        "dvar2": 0.00135307584424,
        "max": 0.345777958632,
        "mean": 0.155947938561,
        "median": 0.151766523719,
        "min": 0.0676002502441,
        "stdev": 0.0400583595037,
        "var": 0.00160467205569
    },
    "erbbands_kurtosis": {
        "dmean": 2.60377049446,
        "dmean2": 4.06776046753,
        "dvar": 19.7980327606,
        "dvar2": 43.0418968201,
        "max": 52.6816101074,
        "mean": 2.20939469337,
        "median": 0.361926555634,
        "min": -1.91197228432,
        "stdev": 5.67845106125,
        "var": 32.244808197
    },
    "erbbands_skewness": {
        "dmean": 0.70275503397,
        "dmean2": 1.03404593468,
        "dvar": 0.541465401649,
        "dvar2": 1.15606832504,
        "max": 6.67357397079,
        "mean": 0.95461833477,
        "median": 0.815749585629,
        "min": -4.2962012291,
        "stdev": 1.22575426102,
        "var": 1.50247359276
    },
    "erbbands_spread": {
        "dmean": 19.2231082916,
        "dmean2": 31.1634235382,
        "dvar": 467.744873047,
        "dvar2": 1127.88623047,
        "max": 197.48828125,
        "mean": 52.8501968384,
        "median": 45.7899971008,
        "min": 3.15257954597,
        "stdev": 31.2473011017,
        "var": 976.393859863
    },
    "hfc": {
        "dmean": 14.1160707474,
        "dmean2": 22.9338588715,
        "dvar": 866.869873047,
        "dvar2": 2264.8190918,
        "max": 282.223144531,
        "mean": 21.1652069092,
        "median": 15.151974678,
        "min": 1.1206204864e-16,
        "stdev": 27.349861145,
        "var": 748.014892578
    },
    "loudness_ebu128": {
        "integrated": -9.53101348877,
        "loudness_range": 1.89121341705,
        "momentary": {
            "dmean": 0.816566407681,
            "dmean2": 1.17216420174,
            "dvar": 0.467698067427,
            "dvar2": 0.929590880871,
            "max": -6.47608757019,
            "mean": -9.78715133667,
            "median": -9.5513010025,
            "min": -14.2435626984,
            "stdev": 1.5332801342,
            "var": 2.35094809532
        },
        "short_term": {
            "dmean": 0.103262923658,
            "dmean2": 0.150804162025,
            "dvar": 0.00625679735094,
            "dvar2": 0.0120512628928,
            "max": -8.32594490051,
            "mean": -9.49929714203,
            "median": -9.30134773254,
            "min": -10.8264846802,
            "stdev": 0.644632160664,
            "var": 0.415550649166
        }
    },
    "melbands_crest": {
        "dmean": 3.58732748032,
        "dmean2": 5.37716150284,
        "dvar": 11.6855106354,
        "dvar2": 23.5713596344,
        "max": 36.7308616638,
        "mean": 18.0515041351,
        "median": 17.5648097992,
        "min": 2.12123203278,
        "stdev": 6.51783752441,
        "var": 42.4822044373
    },
    "melbands_flatness_db": {
        "dmean": 0.0501865707338,
        "dmean2": 0.0682847499847,
        "dvar": 0.00237578502856,
        "dvar2": 0.00464876042679,
        "max": 0.59907078743,
        "mean": 0.274459034204,
        "median": 0.260022521019,
        "min": 0.00666283490136,
        "stdev": 0.0987096950412,
        "var": 0.00974360387772
    },
    "melbands_kurtosis": {
        "dmean": 36.1977500916,
        "dmean2": 57.5570411682,
        "dvar": 4120.81982422,
        "dvar2": 8892.43261719,
        "max": 993.692199707,
        "mean": 53.2781944275,
        "median": 26.7360515594,
        "min": -1.86622703075,
        "stdev": 82.870880127,
        "var": 6867.58251953
    },
    "melbands_skewness": {
        "dmean": 1.76356911659,
        "dmean2": 2.76338434219,
        "dvar": 4.23823595047,
        "dvar2": 9.63457584381,
        "max": 22.5553340912,
        "mean": 4.6792473793,
        "median": 4.02790641785,
        "min": -0.590440928936,
        "stdev": 3.01476478577,
        "var": 9.08880710602
    },
    "melbands_spread": {
        "dmean": 8.61047458649,
        "dmean2": 13.2956914902,
        "dvar": 315.999481201,
        "dvar2": 686.060302734,
        "max": 226.019439697,
        "mean": 15.3234815598,
        "median": 10.0567026138,
        "min": 0.236398860812,
        "stdev": 22.8888721466,
        "var": 523.90045166
    },
    "pitch_salience": {
        "dmean": 0.0890095382929,
        "dmean2": 0.138099327683,
        "dvar": 0.00786760915071,
        "dvar2": 0.0183864273131,
        "max": 0.842731595039,
        "mean": 0.47666913271,
        "median": 0.477873176336,
        "min": 0.0679032430053,
        "stdev": 0.137604981661,
        "var": 0.0189351290464
    },
    "silence_rate_20dB": {
        "dmean": 0,
        "dmean2": 0,
        "dvar": 0,
        "dvar2": 0,
        "max": 1,
        "mean": 1,
        "median": 1,
        "min": 1,
        "stdev": 0,
        "var": 0
    },
    "silence_rate_30dB": {
        "dmean": 0.0727554187179,
        "dmean2": 0.145623549819,
        "dvar": 0.0674627646804,
        "dvar2": 0.129066765308,
        "max": 1,
        "mean": 0.863109052181,
        "median": 1,
        "min": 0,
        "stdev": 0.343731313944,
        "var": 0.118151210248
    },
    "silence_rate_60dB": {
        "dmean": 0.0317337475717,
        "dmean2": 0.0635166540742,
        "dvar": 0.0307267569005,
        "dvar2": 0.0749753639102,
        "max": 1,
        "mean": 0.0348027832806,
        "median": 0,
        "min": 0,
        "stdev": 0.1832819134,
        "var": 0.033592261374
    },
    "spectral_centroid": {
        "dmean": 348.661346436,
        "dmean2": 532.829467773,
        "dvar": 279432.15625,
        "dvar2": 496695.8125,
        "max": 11392.4824219,
        "mean": 912.813110352,
        "median": 739.469970703,
        "min": 146.008102417,
        "stdev": 747.464660645,
        "var": 558703.4375
    },
    "spectral_complexity": {
        "dmean": 4.86300325394,
        "dmean2": 7.46707963943,
        "dvar": 50.3983078003,
        "dvar2": 106.992378235,
        "max": 54,
        "mean": 11.5003862381,
        "median": 9,
        "min": 0,
        "stdev": 8.79812908173,
        "var": 77.407081604
    },
    "spectral_decrease": {
        "dmean": 6.75076750056e-09,
        "dmean2": 1.01388337725e-08,
        "dvar": 1.80108255169e-16,
        "dvar2": 3.95031496765e-16,
        "max": -5.44994178799e-29,
        "mean": -1.3467265525e-08,
        "median": -7.6130115545e-09,
        "min": -9.92524604726e-08,
        "stdev": 1.65242042272e-08,
        "var": 2.73049302649e-16
    },
    "spectral_energy": {
        "dmean": 0.0264610163867,
        "dmean2": 0.0398093536496,
        "dvar": 0.00265555712394,
        "dvar2": 0.00585041102022,
        "max": 0.379893302917,
        "mean": 0.0527483224869,
        "median": 0.0304709523916,
        "min": 1.03700491079e-20,
        "stdev": 0.0631887465715,
        "var": 0.00399281736463
    },
    "spectral_energyband_high": {
        "dmean": 0.000986776896752,
        "dmean2": 0.00162911170628,
        "dvar": 4.62438583781e-06,
        "dvar2": 1.17933968795e-05,
        "max": 0.0173010248691,
        "mean": 0.00109018129297,
        "median": 0.0003928814549,
        "min": 7.89176914064e-21,
        "stdev": 0.00203846325167,
        "var": 4.15533259002e-06
    },
    "spectral_energyband_low": {
        "dmean": 0.0195132400841,
        "dmean2": 0.0291427448392,
        "dvar": 0.00249198335223,
        "dvar2": 0.0054943417199,
        "max": 0.358818352222,
        "mean": 0.0333175696433,
        "median": 0.0102742705494,
        "min": 6.95989257482e-23,
        "stdev": 0.0600781291723,
        "var": 0.00360938138328
    },
    "spectral_energyband_middle_high": {
        "dmean": 0.00366581627168,
        "dmean2": 0.00626718066633,
        "dvar": 0.000101846009784,
        "dvar2": 0.000279472384136,
        "max": 0.0976912081242,
        "mean": 0.00376906851307,
        "median": 0.00124892254826,
        "min": 1.34541421405e-21,
        "stdev": 0.00855912454426,
        "var": 7.32586122467e-05
    },
    "spectral_energyband_middle_low": {
        "dmean": 0.00758611224592,
        "dmean2": 0.0123186735436,
        "dvar": 0.000114899004984,
        "dvar2": 0.000306865898892,
        "max": 0.143672674894,
        "mean": 0.0159710850567,
        "median": 0.0133911315352,
        "min": 3.53690469534e-22,
        "stdev": 0.0132339512929,
        "var": 0.000175137465703
    },
    "spectral_entropy": {
        "dmean": 0.399756371975,
        "dmean2": 0.571382701397,
        "dvar": 0.142403870821,
        "dvar2": 0.290479332209,
        "max": 9.78443813324,
        "mean": 7.26885604858,
        "median": 7.2774887085,
        "min": 5.39224672318,
        "stdev": 0.655136525631,
        "var": 0.429203897715
    },
    "spectral_flux": {
        "dmean": 0.0555274710059,
        "dmean2": 0.0830748900771,
        "dvar": 0.00550878839567,
        "dvar2": 0.00909768603742,
        "max": 0.552796185017,
        "mean": 0.114111706614,
        "median": 0.082729049027,
        "min": 1.01833437516e-10,
        "stdev": 0.100971363485,
        "var": 0.010195216164
    },
    "spectral_kurtosis": {
        "dmean": 1.76019489765,
        "dmean2": 2.68281388283,
        "dvar": 4.30392885208,
        "dvar2": 8.91744422913,
        "max": 24.2047214508,
        "mean": 3.53795528412,
        "median": 2.89739322662,
        "min": -1.3428850174,
        "stdev": 3.09978437424,
        "var": 9.60866260529
    },
    "spectral_rms": {
        "dmean": 0.00154179730453,
        "dmean2": 0.00219365768135,
        "dvar": 4.99104226037e-06,
        "dvar2": 1.01240029835e-05,
        "max": 0.0192516911775,
        "mean": 0.00628522131592,
        "median": 0.00545231672004,
        "min": 3.18074234486e-12,
        "stdev": 0.00345800421201,
        "var": 1.19577925943e-05
    },
    "spectral_rolloff": {
        "dmean": 675.914428711,
        "dmean2": 1171.25109863,
        "dvar": 2508595.5,
        "dvar2": 5657098.5,
        "max": 18174.0234375,
        "mean": 1094.87878418,
        "median": 430.6640625,
        "min": 64.599609375,
        "stdev": 1953.62902832,
        "var": 3816666.5
    },
    "spectral_skewness": {
        "dmean": 0.345364630222,
        "dmean2": 0.505432009697,
        "dvar": 0.130132630467,
        "dvar2": 0.26746109128,
        "max": 4.02339887619,
        "mean": 1.59303927422,
        "median": 1.57893717289,
        "min": -0.0286344457418,
        "stdev": 0.614799559116,
        "var": 0.377978533506
    },
    "spectral_spread": {
        "dmean": 1214879.25,
        "dmean2": 1911014.25,
        "dvar": 2.35536567501e+12,
        "dvar2": 4.39976040858e+12,
        "max": 41398024,
        "mean": 6338541.5,
        "median": 5981382.5,
        "min": 1894654.125,
        "stdev": 2376069.25,
        "var": 5.64570462618e+12
    },
    "spectral_strongpeak": {
        "dmean": 0.355854541063,
        "dmean2": 0.584606945515,
        "dvar": 0.245515942574,
        "dvar2": 0.570309221745,
        "max": 5.2040104866,
        "mean": 0.728809177876,
        "median": 0.574271917343,
        "min": 0,
        "stdev": 0.618047475815,
        "var": 0.381982684135
    },
    "zerocrossingrate": {
        "dmean": 0.016888031736,
        "dmean2": 0.0195418410003,
        "dvar": 0.000592027092353,
        "dvar2": 0.000698313524481,
        "max": 0.48193359375,
        "mean": 0.0518193654716,
        "median": 0.0400390625,
        "min": 0.00146484375,
        "stdev": 0.0500686429441,
        "var": 0.00250686891377
    },
    "barkbands": {
        "dmean": [0.00107469654176, 0.0156533066183, 0.00652351090685, 0.00237271795049, 0.00418476387858, 0.000877031881828, 0.000909659953322, 0.00118893384933, 0.00063697504811, 0.000592485128436, 0.00081236672122, 0.000868116447236, 0.000316775054671, 0.000352546543581, 0.00041634606896, 0.000263738329522, 0.000277594168438, 0.000221374677494, 0.000108473439468, 0.000196952110855, 0.000192213468836, 0.000176445886609, 0.000187145429663, 0.000223929790081, 0.000137628434459, 4.04818638344e-05, 1.60911565672e-06],
        "dmean2": [0.00130273657851, 0.0242237728089, 0.0117338476703, 0.00424557132646, 0.00670618889853, 0.00147025636397, 0.00147050584201, 0.00193823571317, 0.000992097542621, 0.000988336279988, 0.00145689223427, 0.00158178026322, 0.000516610685736, 0.000551374803763, 0.000714385823812, 0.000453773216577, 0.000478870410006, 0.000372944690753, 0.000178741975105, 0.00034226095886, 0.000324535096297, 0.000302050058963, 0.000309324328555, 0.00037167352275, 0.000230250880122, 6.82018217049e-05, 2.8114034194e-06],
        "dvar": [6.09053813605e-06, 0.00193986820523, 0.00041657013935, 2.78203897324e-05, 5.87001559325e-05, 2.82240034721e-06, 4.20015294367e-06, 7.94524567027e-06, 1.72122884123e-06, 2.3460236207e-06, 7.12547762305e-06, 6.425326319e-06, 7.36889717246e-07, 9.96297217171e-07, 1.81767438789e-06, 6.36251627384e-07, 1.17429863167e-06, 3.39296832408e-07, 6.46421085548e-08, 3.17770229685e-07, 2.75725824395e-07, 1.9274661156e-07, 1.26949743162e-07, 1.69927361071e-07, 6.25726670478e-08, 6.21728313277e-09, 1.25941609572e-11],
        "dvar2": [1.0991394447e-05, 0.00462408410385, 0.00121033878531, 7.96240055934e-05, 0.00015185950906, 7.40439236324e-06, 9.52020400291e-06, 1.78109967237e-05, 3.94724520447e-06, 6.14776763541e-06, 1.97128774744e-05, 1.81481173058e-05, 1.82688586392e-06, 2.4445876079e-06, 4.95754011354e-06, 1.70043517755e-06, 3.24745064972e-06, 9.39634162478e-07, 1.72620147509e-07, 8.68152540079e-07, 7.2221979508e-07, 5.02125942603e-07, 3.09576989821e-07, 4.38512159917e-07, 1.6530886171e-07, 1.60916489023e-08, 3.32389567259e-11],
        "max": [0.0410153567791, 0.322528064251, 0.140841364861, 0.0424437411129, 0.120267853141, 0.0173632036895, 0.02616520226, 0.0355880595744, 0.0140436822549, 0.015298532322, 0.0225241649896, 0.0188780445606, 0.00849580671638, 0.0149774542078, 0.0132905766368, 0.00803348701447, 0.0126854088157, 0.00613514892757, 0.00309771765023, 0.0049424637109, 0.00509902974591, 0.00379850552417, 0.0025877293665, 0.00292932684533, 0.00250373291783, 0.00108182639815, 3.11162366415e-05],
        "mean": [0.00296660652384, 0.0220173913985, 0.00697707990184, 0.00293482025154, 0.00805407483131, 0.00122412585188, 0.00127133750357, 0.00160291278735, 0.000795324274804, 0.000592247000895, 0.0006016222178, 0.00063731946284, 0.000300481769955, 0.000387843465433, 0.000364249979611, 0.000231682279264, 0.00025312154321, 0.000236883453908, 0.000127779319882, 0.00017400814977, 0.000169823833858, 0.000160953015438, 0.000199471964152, 0.000259529333562, 0.000164442768437, 4.19793504989e-05, 1.23739096125e-06],
        "median": [1.34352758323e-05, 0.00470451870933, 0.00120493874419, 0.000868153234478, 0.00580265838653, 0.000518554472364, 0.000287090282654, 0.000243357149884, 8.60424770508e-05, 8.31952565932e-05, 3.53682880814e-05, 5.84238150623e-05, 4.24451100116e-05, 5.06928590767e-05, 4.13659072365e-05, 3.31974079018e-05, 4.76985660498e-05, 7.05710990587e-05, 4.03719204769e-05, 3.86936189898e-05, 3.1479565223e-05, 3.01062427752e-05, 6.1597682361e-05, 7.93670551502e-05, 5.3121442761e-05, 9.08204583538e-06, 1.30728153636e-07],
        "min": [2.47839018057e-23, 1.7687634113e-23, 1.42083836009e-23, 3.25543552715e-23, 6.66483650817e-23, 1.88440963115e-23, 9.58824142694e-23, 5.56051643783e-23, 4.71167654472e-23, 1.79776805974e-22, 7.87101051205e-23, 6.62292779926e-23, 4.44875961798e-23, 3.83119985833e-23, 1.33564046725e-22, 6.98338737694e-23, 7.63199764845e-23, 1.70924372979e-22, 3.1022034615e-22, 3.43794846878e-22, 5.08689823429e-22, 4.87723591886e-22, 6.13196349104e-22, 1.01226964573e-21, 1.29774257962e-21, 1.82685604975e-21, 2.11181452012e-21],
        "stdev": [0.00758813414723, 0.0473945327103, 0.0167920459062, 0.0053422935307, 0.00929647963494, 0.00194536929484, 0.00251040747389, 0.00342906988226, 0.00173667725176, 0.00151062605437, 0.00216883118264, 0.00202594720758, 0.000837277504615, 0.00106387410779, 0.00116600922775, 0.000683638965711, 0.000880140403751, 0.000518131419085, 0.000244693655986, 0.000470186438179, 0.000458449940197, 0.00039023309364, 0.000367135653505, 0.000433043867815, 0.000292538432404, 8.98934085853e-05, 3.15012334795e-06],
        "var": [5.75797821512e-05, 0.00224624178372, 0.000281972781522, 2.85401001747e-05, 8.64245375851e-05, 3.78446179639e-06, 6.30214617559e-06, 1.17585204862e-05, 3.01604791275e-06, 2.28199110097e-06, 4.70382838103e-06, 4.10446227761e-06, 7.01033627593e-07, 1.13182807127e-06, 1.35957759539e-06, 4.67362269774e-07, 7.74647162416e-07, 2.68460183861e-07, 5.98749920755e-08, 2.21075282525e-07, 2.10176338555e-07, 1.52281870669e-07, 1.34788592732e-07, 1.87526993045e-07, 8.55787263276e-08, 8.08082489812e-09, 9.92327661015e-12]
    },
    "erbbands": {
        "dmean": [0.472051769495, 3.7321562767, 7.89744663239, 7.24497413635, 10.969119072, 16.994764328, 9.75679016113, 6.58367919922, 9.77860832214, 19.0697574615, 24.2996406555, 12.350438118, 14.2746572495, 21.7997264862, 42.8036460876, 29.3900089264, 14.8607702255, 13.5647039413, 19.9391975403, 20.1110649109, 14.0308856964, 16.946762085, 12.0683498383, 8.06928348541, 6.04855918884, 8.25232124329, 8.52886199951, 7.14522266388, 5.68932962418, 6.63646936417, 5.19670343399, 4.38239097595, 4.09580945969, 1.91737771034, 0.807202219963, 0.265104144812, 0.0602782592177, 0.00718937348574, 0.000203323317692, 3.56564305548e-05],
        "dmean2": [0.658386945724, 6.23143529892, 13.9493703842, 13.134478569, 17.9001140594, 27.23802948, 15.3211250305, 11.0265483856, 16.3089313507, 30.2496395111, 38.341884613, 19.4999217987, 22.5163230896, 38.4645462036, 78.5660476685, 53.5235748291, 24.2738742828, 21.8939647675, 32.265209198, 34.8552284241, 24.2018642426, 29.2570037842, 20.3143215179, 13.796462059, 9.89878749847, 14.1796360016, 14.6333961487, 12.1286153793, 9.61270046234, 11.2174825668, 8.62609100342, 7.21120834351, 6.84740972519, 3.20044732094, 1.34803462029, 0.449317365885, 0.100358970463, 0.0121397254989, 0.000338880403433, 5.40851906408e-05],
        "dvar": [1.52920114994, 127.646270752, 584.194641113, 385.870025635, 449.076629639, 941.834960938, 243.899841309, 168.237609863, 563.289306641, 1937.19152832, 3096.12548828, 636.228088379, 913.763061523, 4090.953125, 19826.8066406, 6987.31201172, 1656.4597168, 1508.82531738, 2902.96020508, 4653.05761719, 1717.1842041, 4448.00732422, 1120.39416504, 512.636535645, 179.959960938, 580.390869141, 513.607666016, 412.534484863, 208.175064087, 200.340744019, 101.984832764, 74.325630188, 54.7526664734, 11.4537439346, 2.27493596077, 0.285072505474, 0.0138546731323, 0.000207628589123, 1.53085792931e-07, 3.61777696689e-09],
        "dvar2": [3.27731394768, 323.714447021, 1658.15124512, 1114.0847168, 1153.1184082, 2434.20092773, 568.982666016, 425.438018799, 1311.01049805, 4653.92431641, 6884.35693359, 1532.07519531, 2242.49023438, 11231.5771484, 55711.7265625, 19649.6542969, 4169.30712891, 3691.8059082, 7282.35791016, 12963.9277344, 4587.78466797, 12307.8935547, 3040.08422852, 1446.53820801, 478.821075439, 1560.94177246, 1343.10070801, 1094.90466309, 537.86517334, 503.018493652, 252.748184204, 188.239059448, 144.87147522, 29.6469097137, 5.96347332001, 0.793122410774, 0.033659581095, 0.000511544989422, 3.84147114119e-07, 8.07307820594e-09],
        "max": [9.65682888031, 76.1446533203, 175.374481201, 150.602401733, 351.762817383, 463.68270874, 188.331542969, 142.379501343, 303.723114014, 564.530151367, 721.124938965, 220.367782593, 345.975891113, 621.927062988, 1152.11474609, 579.307189941, 409.859985352, 564.439086914, 858.111694336, 718.28503418, 446.930328369, 790.153442383, 363.856140137, 240.207824707, 115.640983582, 237.91519165, 185.18637085, 181.983093262, 131.738418579, 100.489501953, 78.1239700317, 63.4390563965, 58.5412101746, 32.4768829346, 17.2795734406, 7.86885023117, 1.47610902786, 0.136047780514, 0.00382263003848, 0.000433872512076],
        "mean": [0.803948581219, 4.224588871, 8.91550064087, 8.87893295288, 17.4733028412, 30.679479599, 17.4048442841, 9.84939289093, 14.700504303, 26.7483272552, 33.5618667603, 15.4113149643, 18.2306461334, 19.1583747864, 30.3445892334, 22.0740089417, 14.3293437958, 15.1960763931, 20.7817611694, 17.6861782074, 12.8724136353, 16.0901374817, 12.7316398621, 8.56952095032, 7.07368850708, 7.7171292305, 7.60716342926, 5.97302675247, 5.22529983521, 6.67718076706, 5.5116724968, 4.79975795746, 4.60864686966, 2.29797625542, 0.930366754532, 0.279724419117, 0.0619156509638, 0.00696843024343, 0.000213323277421, 6.89307926223e-05],
        "median": [0.104994721711, 0.968515515327, 1.72179734707, 3.07873082161, 9.36724662781, 18.7406024933, 9.84909915924, 3.90334749222, 4.18575811386, 7.81430912018, 5.53578567505, 2.6873152256, 3.78173398972, 2.72156882286, 2.4500143528, 2.19315457344, 2.10052394867, 2.69834160805, 2.69327282906, 2.45054721832, 2.23635816574, 3.52346467972, 4.21247673035, 2.71197652817, 2.49363303185, 1.94168126583, 1.51499342918, 0.958139181137, 0.918910980225, 1.83930325508, 1.53162848949, 1.28579747677, 1.48106527328, 0.768323361874, 0.234956085682, 0.057580281049, 0.0134742269292, 0.00146208459046, 7.02176330378e-05, 4.41108568339e-05],
        "min": [8.80666341182e-22, 3.0544084366e-21, 1.20800535773e-20, 7.99396714377e-20, 7.23088010399e-20, 3.81703062349e-19, 1.42790618601e-19, 2.36882322806e-19, 1.42802941007e-18, 9.94115999924e-19, 1.14412168849e-18, 1.2583289647e-18, 3.92440538784e-18, 4.90351343632e-18, 2.88525188511e-18, 2.43029551717e-18, 2.33014090219e-18, 1.84665734967e-18, 5.95219564613e-18, 4.84891868872e-18, 4.92626173035e-18, 4.06915289605e-18, 8.00661532987e-18, 1.54866160489e-17, 1.54326772555e-17, 1.54475052952e-17, 1.78570195538e-17, 1.84351608994e-17, 1.35486766303e-17, 2.19573306892e-17, 1.72334113988e-17, 1.96180076686e-17, 1.75042551467e-17, 1.43186701112e-17, 8.83330376996e-18, 7.05533032847e-18, 3.37727876579e-18, 1.26707164339e-18, 3.08560107823e-19, 2.86948889871e-20],
        "stdev": [1.64158213139, 10.5419063568, 20.5444812775, 17.0690498352, 25.2007751465, 37.936920166, 22.5005931854, 16.0216197968, 31.5400676727, 51.1043357849, 68.3602600098, 31.742931366, 36.121471405, 53.6075973511, 110.464614868, 67.089225769, 39.2771148682, 41.243888855, 55.7366447449, 55.745388031, 35.7362060547, 54.1594085693, 29.3372440338, 19.4829311371, 12.8581800461, 20.5219154358, 19.8711071014, 17.3473205566, 12.9775238037, 13.4571819305, 10.3450298309, 9.09949302673, 7.60478162766, 3.81129956245, 1.83569455147, 0.611123800278, 0.133395969868, 0.0153010385111, 0.000405393686378, 7.32077969587e-05],
        "var": [2.69479203224, 111.131790161, 422.075683594, 291.35244751, 635.079101562, 1439.20996094, 506.276733398, 256.692321777, 994.775817871, 2611.65332031, 4673.12548828, 1007.6137085, 1304.76062012, 2873.77441406, 12202.4316406, 4500.96435547, 1542.69189453, 1701.05834961, 3106.57373047, 3107.54833984, 1277.07641602, 2933.24169922, 860.67388916, 379.584625244, 165.332794189, 421.149017334, 394.860870361, 300.929534912, 168.416122437, 181.095748901, 107.019638062, 82.80078125, 57.8327064514, 14.5260038376, 3.36977458, 0.373472332954, 0.0177944842726, 0.000234121791436, 1.64344044151e-07, 5.35938138313e-09]
    },
    "gfcc": {
        "mean": [-17.4375114441, 82.0654525757, -81.1191558838, 42.4775047302, -66.1900863647, 17.6822128296, -50.4872627258, 8.07354927063, -27.0808410645, -3.61326813698, -15.9614677429, -3.90045285225, -10.3270072937],
        "cov": [[6884.91503906, -329.222564697, -995.360412598, -293.831268311, 27.673532486, 468.417633057, 78.7150039673, 541.631896973, -123.502464294, 157.635986328, -34.4781074524, -25.6148986816, -88.3588943481], [-329.222564697, 1816.51123047, 391.82723999, 168.5025177, 586.951904297, 177.016921997, 441.265625, 72.7209777832, 301.200714111, 27.1662788391, 269.047668457, -45.2111587524, 137.792922974], [-995.360412598, 391.82723999, 1433.44958496, 629.497558594, 329.209197998, 224.251358032, 261.279785156, -2.43995428085, 149.881072998, 83.8494720459, 104.262359619, 148.075668335, 101.466995239], [-293.831268311, 168.5025177, 629.497558594, 821.002807617, 322.407775879, 123.711334229, 126.531829834, -35.9954147339, 171.812728882, 21.7533779144, 57.9642028809, 83.1439819336, 114.293403625], [27.673532486, 586.951904297, 329.209197998, 322.407775879, 624.786743164, 266.067596436, 237.782196045, 120.526802063, 215.288803101, 110.337760925, 125.997039795, 32.1920127869, 102.485290527], [468.417633057, 177.016921997, 224.251358032, 123.711334229, 266.067596436, 412.06350708, 294.559967041, 92.1471328735, 77.0049133301, 127.614440918, 88.3841705322, 35.2280807495, 39.3706626892], [78.7150039673, 441.265625, 261.279785156, 126.531829834, 237.782196045, 294.559967041, 501.508270264, 68.9071121216, 80.2315597534, 98.2540588379, 97.8787765503, 49.0306510925, 19.1109600067], [541.631896973, 72.7209777832, -2.43995428085, -35.9954147339, 120.526802063, 92.1471328735, 68.9071121216, 285.528442383, 109.199958801, 76.3622894287, 53.6548538208, 3.38974142075, 11.1058206558], [-123.502464294, 301.200714111, 149.881072998, 171.812728882, 215.288803101, 77.0049133301, 80.2315597534, 109.199958801, 282.936737061, 79.3914337158, 76.2368164062, 17.8259716034, 72.4023590088], [157.635986328, 27.1662788391, 83.8494720459, 21.7533779144, 110.337760925, 127.614440918, 98.2540588379, 76.3622894287, 79.3914337158, 181.56602478, 58.1978530884, 1.65302324295, 24.4204502106], [-34.4781074524, 269.047668457, 104.262359619, 57.9642028809, 125.997039795, 88.3841705322, 97.8787765503, 53.6548538208, 76.2368164062, 58.1978530884, 162.252532959, 31.1384296417, 35.5834236145], [-25.6148986816, -45.2111587524, 148.075668335, 83.1439819336, 32.1920127869, 35.2280807495, 49.0306510925, 3.38974142075, 17.8259716034, 1.65302324295, 31.1384296417, 157.544708252, 40.6231269836], [-88.3588943481, 137.792922974, 101.466995239, 114.293403625, 102.485290527, 39.3706626892, 19.1109600067, 11.1058206558, 72.4023590088, 24.4204502106, 35.5834236145, 40.6231269836, 138.374526978]],
        "icov": [[0.000275513710221, -0.000211360966205, 0.000320394145092, -0.000288017035928, 0.000231965270359, -0.000619144178927, 0.000323162268614, -0.000651679525618, 0.000438067305367, -0.00027142977342, 0.000392667687265, -0.000341383973137, 0.000219322784687], [-0.000211360966205, 0.00203228951432, -0.000642269907985, 0.00110481888987, -0.00158538529649, 0.00164642499294, -0.00190272345208, 0.00111070403364, -0.00140791095328, 0.00196475302801, -0.00243194075301, 0.00204998790286, -0.00130742159672], [0.000320394145092, -0.000642269907985, 0.00164007360581, -0.00130885606632, 0.000531167665031, -0.00106363045052, 0.000491520273499, -0.00079853477655, 0.000797943444923, -0.000954128161538, 0.000785038864706, -0.0013746045297, 0.000580581778195], [-0.000288017035928, 0.00110481888987, -0.00130885606632, 0.00309535046108, -0.00164112483617, 0.00114958232734, -0.00102349359076, 0.00170817121398, -0.00181018922012, 0.001656641718, -0.00109459739178, 0.000975843868218, -0.00133856409229], [0.000231965270359, -0.00158538529649, 0.000531167665031, -0.00164112483617, 0.00462314253673, -0.00264243618585, 0.00118913978804, -0.00147862022277, 2.34544386331e-05, -0.00139449723065, 0.00118387362454, -0.00101681391243, 0.000202976865694], [-0.000619144178927, 0.00164642499294, -0.00106363045052, 0.00114958232734, -0.00264243618585, 0.00763178896159, -0.00399903766811, 0.00129276618827, -0.00060157419648, -0.000298373779515, -0.00232026656158, 0.00173561659176, -0.0015156675363], [0.000323162268614, -0.00190272345208, 0.000491520273499, -0.00102349359076, 0.00118913978804, -0.00399903766811, 0.0055702724494, -0.0011522306595, 0.00127478560898, -0.00188774010167, 0.00163282174617, -0.00247132615186, 0.00213806540705], [-0.000651679525618, 0.00111070403364, -0.00079853477655, 0.00170817121398, -0.00147862022277, 0.00129276618827, -0.0011522306595, 0.00659566232935, -0.00312226358801, 0.000419381802203, -0.00195786706172, 0.00109130237252, -0.000247687217779], [0.000438067305367, -0.00140791095328, 0.000797943444923, -0.00181018922012, 2.34544386331e-05, -0.00060157419648, 0.00127478560898, -0.00312226358801, 0.00766529794782, -0.00284458324313, 0.000908150279429, -0.00119710026775, -0.000570742064156], [-0.00027142977342, 0.00196475302801, -0.000954128161538, 0.001656641718, -0.00139449723065, -0.000298373779515, -0.00188774010167, 0.000419381802203, -0.00284458324313, 0.0101701933891, -0.00353285553865, 0.00281873508357, -0.001679227571], [0.000392667687265, -0.00243194075301, 0.000785038864706, -0.00109459739178, 0.00118387362454, -0.00232026656158, 0.00163282174617, -0.00195786706172, 0.000908150279429, -0.00353285553865, 0.01148797106, -0.00356639432721, 0.000957024341915], [-0.000341383973137, 0.00204998790286, -0.0013746045297, 0.000975843868218, -0.00101681391243, 0.00173561659176, -0.00247132615186, 0.00109130237252, -0.00119710026775, 0.00281873508357, -0.00356639432721, 0.00991210062057, -0.00340832886286], [0.000219322784687, -0.00130742159672, 0.000580581778195, -0.00133856409229, 0.000202976865694, -0.0015156675363, 0.00213806540705, -0.000247687217779, -0.000570742064156, -0.001679227571, 0.000957024341915, -0.00340832886286, 0.0107036028057]]
    },
    "melbands": {
        "dmean": [0.00425587268546, 0.00403558416292, 0.00132782582659, 0.00100225710776, 0.000410804175772, 0.000154163717525, 0.000154333247337, 0.000231315483688, 0.000181187584531, 7.92827268015e-05, 7.3970273661e-05, 8.70514268172e-05, 0.000128877465613, 0.000120184580737, 4.36127156718e-05, 2.82326782326e-05, 2.65418984782e-05, 3.4054977732e-05, 3.41525410477e-05, 1.99292899197e-05, 1.61126408784e-05, 1.85909939319e-05, 1.4400055079e-05, 9.2360396593e-06, 6.55213762002e-06, 3.75137892661e-06, 5.64797619518e-06, 5.7206875681e-06, 6.00563316766e-06, 4.4170910769e-06, 4.13571797253e-06, 3.2894731703e-06, 3.46397996509e-06, 3.78101321985e-06, 3.08778407998e-06, 2.91954665954e-06, 2.64942036665e-06, 3.12748761644e-06, 2.32887668972e-06, 1.45748413161e-06],
        "dmean2": [0.00622009532526, 0.00684463232756, 0.0023532321211, 0.00162309128791, 0.000649676832836, 0.000258826359641, 0.000256075465586, 0.000369212211808, 0.000281811924651, 0.000125251943246, 0.000116665913083, 0.000151824948261, 0.000233953032875, 0.000222414484597, 7.39621536923e-05, 4.47316670034e-05, 4.33030218119e-05, 5.40007567906e-05, 5.88245966355e-05, 3.46744527633e-05, 2.80925632978e-05, 3.22162741213e-05, 2.43314934778e-05, 1.59161318152e-05, 1.12797888505e-05, 6.00966359343e-06, 9.43569557421e-06, 9.97359165922e-06, 1.041453379e-05, 7.42154452382e-06, 7.08178822606e-06, 5.61171100344e-06, 5.93491949985e-06, 6.35291780782e-06, 5.11353209731e-06, 4.90509364681e-06, 4.36184927821e-06, 5.25618088432e-06, 3.92944275518e-06, 2.43909971687e-06],
        "dvar": [0.000132122338982, 0.000139633295476, 9.65301569522e-06, 3.83593942388e-06, 3.57265747652e-07, 8.71780372336e-08, 1.19554997013e-07, 2.54532267263e-07, 1.57778842436e-07, 2.6820195842e-08, 2.5354037092e-08, 6.27767562378e-08, 1.82787360359e-07, 1.3068017779e-07, 1.43057858892e-08, 4.44293668522e-09, 7.1067156604e-09, 7.79107889315e-09, 1.30977557689e-08, 4.04708666579e-09, 2.23296559021e-09, 5.37559818881e-09, 2.49505038852e-09, 5.58166846076e-10, 3.49922618659e-10, 5.74163355749e-11, 2.2490689866e-10, 3.12108117129e-10, 2.63599420069e-10, 1.37314312698e-10, 1.42400716219e-10, 7.55231086003e-11, 6.47590384095e-11, 5.90185053606e-11, 3.32776271816e-11, 3.702876894e-11, 2.63712766901e-11, 3.28601278132e-11, 1.96073903641e-11, 6.24422302059e-12],
        "dvar2": [0.000305193796521, 0.000367115280824, 2.77897943306e-05, 1.00333318187e-05, 8.34069624034e-07, 2.22325240884e-07, 2.77932826975e-07, 6.04405101967e-07, 3.39249027093e-07, 6.47864339953e-08, 6.16638899942e-08, 1.71693997686e-07, 5.09702488216e-07, 3.6966071093e-07, 3.69655239751e-08, 1.00408721337e-08, 1.75677303815e-08, 1.86458350981e-08, 3.59556118212e-08, 1.12167173327e-08, 5.98700866661e-09, 1.49826302476e-08, 6.79936063008e-09, 1.60301327767e-09, 9.8699060036e-10, 1.47822268315e-10, 6.13495310109e-10, 8.45980396846e-10, 6.95939750273e-10, 3.59176494102e-10, 3.79302783626e-10, 1.9982385191e-10, 1.6618417753e-10, 1.47425377461e-10, 8.26015644773e-11, 9.42007721827e-11, 6.68137073445e-11, 8.68974545098e-11, 5.29776639224e-11, 1.57657741029e-11],
        "max": [0.091685116291, 0.0846710428596, 0.0234722401947, 0.0309052672237, 0.00640039425343, 0.00334153580479, 0.00396781507879, 0.00512863602489, 0.00474498327821, 0.00148090953007, 0.0019474287983, 0.00241921446286, 0.00331962527707, 0.00264341570437, 0.00108824879862, 0.00111327273771, 0.00125337485224, 0.00142039183993, 0.00117438170128, 0.000666521955281, 0.000504702911712, 0.000857818697114, 0.000614182499703, 0.000290094671072, 0.000205789910979, 7.84465228207e-05, 0.000167373756994, 0.000189866681467, 0.000130220782012, 0.00010017513705, 0.000115838876809, 8.53670353536e-05, 6.28116176813e-05, 6.15561875748e-05, 4.34277171735e-05, 4.89603298774e-05, 3.89865199395e-05, 5.06215801579e-05, 5.10217359988e-05, 1.98842190002e-05],
        "mean": [0.00665515754372, 0.00483324518427, 0.00175479950849, 0.00180143932812, 0.000786614546087, 0.000227402342716, 0.000225884112297, 0.00032612105133, 0.000248515600106, 9.43428094615e-05, 9.34176860028e-05, 7.85701195127e-05, 9.38643497648e-05, 8.40373977553e-05, 3.71830028598e-05, 2.89923937089e-05, 2.90016359941e-05, 3.56029668183e-05, 2.9513366826e-05, 1.68349397427e-05, 1.4182308405e-05, 1.68941860466e-05, 1.4071323676e-05, 9.52986101765e-06, 6.68095572109e-06, 4.70617806059e-06, 5.59381942367e-06, 5.03997580381e-06, 5.16023146702e-06, 3.84974782719e-06, 3.32647823598e-06, 2.82252335637e-06, 3.32705781148e-06, 3.81906420444e-06, 3.23658605339e-06, 2.88340197585e-06, 2.92817026093e-06, 3.41186023434e-06, 2.65046969616e-06, 1.70801013155e-06],
        "median": [0.00124778889585, 0.00124272075482, 0.000884536188096, 0.00120056874584, 0.000495639862493, 9.004916501e-05, 6.75648479955e-05, 7.46699734009e-05, 2.95218469546e-05, 1.05597309812e-05, 1.85307599168e-05, 1.09784014057e-05, 7.23951870896e-06, 6.41013457425e-06, 3.78313598048e-06, 4.40005942437e-06, 4.69118549518e-06, 4.15988597524e-06, 3.13385680784e-06, 2.32773277276e-06, 2.34266713051e-06, 3.27359111907e-06, 3.62575747204e-06, 2.66912070401e-06, 1.75930654223e-06, 1.58422164986e-06, 1.57757983743e-06, 9.90019088931e-07, 9.37834840897e-07, 6.83646192101e-07, 4.03876924793e-07, 3.92452847109e-07, 7.44161127386e-07, 1.07560333618e-06, 8.27119038149e-07, 6.07116817264e-07, 7.39499398605e-07, 9.59512817644e-07, 8.05840272733e-07, 5.22720199569e-07],
        "min": [8.36536424003e-24, 6.42678037508e-24, 1.23212405668e-23, 1.501003983e-23, 8.46516461087e-24, 6.0765746481e-24, 2.08523137174e-23, 1.17812905207e-23, 9.10774546071e-24, 7.21456685174e-24, 2.06626400013e-23, 2.142951062e-23, 9.93724690205e-24, 7.35093644757e-24, 6.44707618845e-24, 4.3497222334e-24, 2.85869544758e-24, 8.64540670594e-24, 7.99132268637e-24, 4.83797309676e-24, 5.96614792644e-24, 3.94954098479e-24, 5.82305999671e-24, 7.3747521583e-24, 1.33241068138e-23, 1.19708530073e-23, 1.16870516192e-23, 9.38220831344e-24, 9.44297900214e-24, 1.5683943191e-23, 9.27759589108e-24, 6.74634398348e-24, 1.18939698347e-23, 1.22266127569e-23, 9.434682552e-24, 1.09321085775e-23, 1.22540012186e-23, 1.31440950661e-23, 9.70803942173e-24, 1.37418496839e-23],
        "stdev": [0.0136105427518, 0.010769370012, 0.00281430478208, 0.00230174022727, 0.00089251215104, 0.000362704042345, 0.000444376259111, 0.000602596497629, 0.000511621299665, 0.000203687159228, 0.00019085459644, 0.000215315027162, 0.000341796694556, 0.000284350186121, 0.000109881169919, 7.56658846512e-05, 8.78662394825e-05, 9.74713111646e-05, 9.60173565545e-05, 5.21067813679e-05, 4.05174068874e-05, 5.91493189859e-05, 4.16656948801e-05, 2.04506704904e-05, 1.60181971296e-05, 8.21058074507e-06, 1.3047282664e-05, 1.47528617163e-05, 1.40499232657e-05, 1.03187876448e-05, 1.01029982034e-05, 7.57970929044e-06, 7.38196285965e-06, 7.46148270991e-06, 6.01429155722e-06, 6.00338989898e-06, 5.5533869272e-06, 5.78767412662e-06, 4.56216548628e-06, 2.93792095363e-06],
        "var": [0.000185246884939, 0.000115979331895, 7.92031187302e-06, 5.29800763616e-06, 7.96577921847e-07, 1.31554216409e-07, 1.97470257035e-07, 3.6312252405e-07, 2.61756326836e-07, 4.14884588906e-08, 3.64254795215e-08, 4.63605616119e-08, 1.1682497103e-07, 8.08550311149e-08, 1.20738716802e-08, 5.72532599108e-09, 7.72047581421e-09, 9.50065714989e-09, 9.21933285269e-09, 2.71511657601e-09, 1.64166014116e-09, 3.4986418207e-09, 1.73602998643e-09, 4.18229922916e-10, 2.5658264402e-10, 6.74136302337e-11, 1.70231592711e-10, 2.17646928258e-10, 1.97400332191e-10, 1.06477382467e-10, 1.02070581154e-10, 5.74519945507e-11, 5.44933750901e-11, 5.5673726046e-11, 3.61717045205e-11, 3.60406912647e-11, 3.08401047755e-11, 3.34971703153e-11, 2.08133527774e-11, 8.63137946533e-12]
    },
    "melbands128": {
