{
"lowlevel": {
    "average_loudness": 0.978483438492,
    "barkbands_crest": {
        "dmean": 2.62098503113,
        "dmean2": 4.26905536652,
        "dvar": 5.50010061264,
        "dvar2": 14.2502040863,
        "max": 23.525472641,
        "mean": 8.79650115967,
        "median": 8.12915420532,
        "min": 2.75746488571,
        "stdev": 3.61610603333,
        "var": 13.0762233734
    },
    "barkbands_flatness_db": {
        "dmean": 0.0238817408681,
        "dmean2": 0.0344148240983,
        "dvar": 0.000560316431802,
        "dvar2": 0.00118075066712,
        "max": 0.278106480837,
        "mean": 0.101291760802,
        "median": 0.0973404422402,
        "min": 0.0149225639179,
        "stdev": 0.0388426929712,
        "var": 0.00150875467807
    },
    "barkbands_kurtosis": {
        "dmean": 2.26205682755,
        "dmean2": 3.42174220085,
        "dvar": 12.9924955368,
        "dvar2": 30.1251296997,
        "max": 53.6401901245,
        "mean": 2.81812381744,
        "median": 1.27088117599,
        "min": -1.67992258072,
        "stdev": 4.77448415756,
        "var": 22.7957000732
    },
    "barkbands_skewness": {
        "dmean": 0.488559067249,
        "dmean2": 0.72076523304,
        "dvar": 0.243049874902,
        "dvar2": 0.510210335255,
        "max": 6.88284540176,
        "mean": 1.32474350929,
        "median": 1.17756652832,
        "min": -0.816020488739,
        "stdev": 0.987642407417,
        "var": 0.975437521935
    },
    "barkbands_spread": {
        "dmean": 8.23834228516,
        "dmean2": 12.5925807953,
        "dvar": 95.9939804077,
        "dvar2": 218.045288086,
        "max": 81.7968673706,
        "mean": 25.7828426361,
        "median": 22.5080604553,
        "min": 3.79296302795,
        "stdev": 13.3714647293,
        "var": 178.796081543
    },
    "dissonance": {
        "dmean": 0.0179796107113,
        "dmean2": 0.0299844872206,
        "dvar": 0.000372103590053,
        "dvar2": 0.000814936298411,
        "max": 0.499998748302,
        "mean": 0.466434448957,
        "median": 0.471854090691,
        "min": 0.12912632525,
        "stdev": 0.0274888761342,
        "var": 0.000755638349801
    },
    "dynamic_complexity": 1.80489253998,
    "erbbands_crest": {
        "dmean": 2.31510972977,
        "dmean2": 3.70201301575,
        "dvar": 4.37991333008,
        "dvar2": 10.9009256363,
        "max": 26.8740196228,
        "mean": 7.81540489197,
        "median": 6.9529337883,
        "min": 2.18894410133,
        "stdev": 3.74122095108,
        "var": 13.9967346191
    },
    "erbbands_flatness_db": {
        "dmean": 0.0194237045944,
        "dmean2": 0.0281340610236,
        "dvar": 0.000314117729431,
        "dvar2": 0.000590785930399,
        "max": 0.273666352034,
        "mean": 0.127378106117,
        "median": 0.120382398367,
        "min": 0.0456827431917,
        "stdev": 0.0419292747974,
        "var": 0.00175806414336
    },
    "erbbands_kurtosis": {
        "dmean": 0.847876191139,
        "dmean2": 1.28997504711,
        "dvar": 1.08660042286,
        "dvar2": 2.35737013817,
        "max": 18.9971656799,
        "mean": 0.704581081867,
        "median": 0.166666030884,
        "min": -1.41797173023,
        "stdev": 1.91238868237,
        "var": 3.65723061562
    },
    "erbbands_skewness": {
        "dmean": 0.310318619013,
        "dmean2": 0.48181822896,
        "dvar": 0.0705310404301,
        "dvar2": 0.174123331904,
        "max": 3.14439225197,
        "mean": 0.450971245766,
        "median": 0.437563180923,
        "min": -1.1885433197,
        "stdev": 0.528138697147,
        "var": 0.278930485249
    },
    "erbbands_spread": {
        "dmean": 9.27642822266,
        "dmean2": 13.9226341248,
        "dvar": 96.3131866455,
        "dvar2": 211.896392822,
        "max": 108.524917603,
        "mean": 37.8863487244,
        "median": 36.1121177673,
        "min": 4.9656047821,
        "stdev": 17.8877811432,
        "var": 319.972717285
    },
    "hfc": {
        "dmean": 15.410615921,
        "dmean2": 21.9139499664,
        "dvar": 503.763824463,
        "dvar2": 1112.35974121,
        "max": 262.087005615,
        "mean": 34.1872291565,
        "median": 27.1318435669,
        "min": 4.32404449384e-05,
        "stdev": 30.0020122528,
        "var": 900.120727539
    },
    "loudness_ebu128": {
        "integrated": -9.4080581665,
        "loudness_range": 1.74701213837,
        "momentary": {
            "dmean": 0.487806946039,
            "dmean2": 0.676672458649,
            "dvar": 0.186828568578,
            "dvar2": 0.304304212332,
            "max": -6.81389522552,
            "mean": -9.58816146851,
            "median": -9.50699806213,
            "min": -13.9295682907,
            "stdev": 1.26677191257,
            "var": 1.60471105576
        },
        "short_term": {
            "dmean": 0.0753889456391,
            "dmean2": 0.0964464396238,
            "dvar": 0.0035071563907,
            "dvar2": 0.00523795327172,
            "max": -7.97923564911,
            "mean": -9.41695976257,
            "median": -9.46755886078,
            "min": -10.7648820877,
            "stdev": 0.555935561657,
            "var": 0.309064358473
        }
    },
    "melbands_crest": {
        "dmean": 3.64105820656,
        "dmean2": 5.80431413651,
        "dvar": 13.6666660309,
        "dvar2": 29.7504482269,
        "max": 37.8593101501,
        "mean": 12.9418363571,
        "median": 11.4632263184,
        "min": 3.92179012299,
        "stdev": 6.13150405884,
        "var": 37.5953445435
    },
    "melbands_flatness_db": {
        "dmean": 0.029268451035,
        "dmean2": 0.0425433218479,
        "dvar": 0.000833686499391,
        "dvar2": 0.00174021476414,
        "max": 0.374178826809,
        "mean": 0.174074620008,
        "median": 0.168292298913,
        "min": 0.0426549464464,
        "stdev": 0.0517521649599,
        "var": 0.00267828651704
    },
    "melbands_kurtosis": {
        "dmean": 5.40532016754,
        "dmean2": 8.02977275848,
        "dvar": 80.7130584717,
        "dvar2": 178.041870117,
        "max": 188.342926025,
        "mean": 9.83234500885,
        "median": 5.68030738831,
        "min": -1.37861895561,
        "stdev": 13.0986862183,
        "var": 171.575592041
    },
    "melbands_skewness": {
        "dmean": 0.656960725784,
        "dmean2": 0.940989375114,
        "dvar": 0.455506503582,
        "dvar2": 0.96033847332,
        "max": 12.0949296951,
        "mean": 2.26056933403,
        "median": 2.03282475471,
        "min": -1.1720584631,
        "stdev": 1.48723220825,
        "var": 2.21185970306
    },
    "melbands_spread": {
        "dmean": 7.07489156723,
        "dmean2": 10.8058586121,
        "dvar": 61.3340339661,
        "dvar2": 150.125793457,
        "max": 100.573471069,
        "mean": 24.9852237701,
        "median": 23.3022880554,
        "min": 2.52172422409,
        "stdev": 12.3732318878,
        "var": 153.096878052
    },
    "pitch_salience": {
        "dmean": 0.0768143609166,
        "dmean2": 0.121480584145,
        "dvar": 0.00506185786799,
        "dvar2": 0.0120839625597,
        "max": 0.838307082653,
        "mean": 0.577255189419,
        "median": 0.590283274651,
        "min": 0.0807728096843,
        "stdev": 0.110811077058,
        "var": 0.0122790951282
    },
    "silence_rate_20dB": {
        "dmean": 0,
        "dmean2": 0,
        "dvar": 0,
        "dvar2": 0,
        "max": 1,
        "mean": 1,
        "median": 1,
        "min": 1,
        "stdev": 0,
        "var": 0
    },
    "silence_rate_30dB": {
        "dmean": 0.0061919502914,
        "dmean2": 0.0123934932053,
        "dvar": 0.00615356722847,
        "dvar2": 0.0153385167941,
        "max": 1,
        "mean": 0.994586229324,
        "median": 1,
        "min": 0,
        "stdev": 0.0733783841133,
        "var": 0.00538438744843
    },
    "silence_rate_60dB": {
        "dmean": 0.00232198135927,
        "dmean2": 0.00387296662666,
        "dvar": 0.00231664418243,
        "dvar2": 0.00540701113641,
        "max": 1,
        "mean": 0.00154679035768,
        "median": 0,
        "min": 0,
        "stdev": 0.0392987206578,
        "var": 0.00154438940808
    },
    "spectral_centroid": {
        "dmean": 239.435836792,
        "dmean2": 362.216766357,
        "dvar": 65747,
        "dvar2": 155008.375,
        "max": 3006.09008789,
        "mean": 1258.16442871,
        "median": 1234.58996582,
        "min": 290.73840332,
        "stdev": 421.136993408,
        "var": 177356.375
    },
    "spectral_complexity": {
        "dmean": 4.59907102585,
        "dmean2": 6.60340833664,
        "dvar": 21.5637207031,
        "dvar2": 42.4994506836,
        "max": 56,
        "mean": 23.8538284302,
        "median": 23,
        "min": 0,
        "stdev": 8.44185066223,
        "var": 71.2648468018
    },
    "spectral_decrease": {
        "dmean": 2.58460608471e-09,
        "dmean2": 3.75228292882e-09,
        "dvar": 7.26464920966e-18,
        "dvar2": 1.46116574842e-17,
        "max": -1.22892613715e-14,
        "mean": -8.8866984882e-09,
        "median": -7.95326204894e-09,
        "min": -3.51929259068e-08,
        "stdev": 4.70413352716e-09,
        "var": 2.21288714046e-17
    },
    "spectral_energy": {
        "dmean": 0.0105375004932,
        "dmean2": 0.0152308130637,
        "dvar": 0.00011970957712,
        "dvar2": 0.000230965742958,
        "max": 0.148578941822,
        "mean": 0.0366413258016,
        "median": 0.0328633636236,
        "min": 5.0304425514e-08,
        "stdev": 0.0194187127054,
        "var": 0.000377086398657
    },
    "spectral_energyband_high": {
        "dmean": 0.00120724143926,
        "dmean2": 0.00183572073001,
        "dvar": 4.96301709063e-06,
        "dvar2": 1.13315718409e-05,
        "max": 0.026080403477,
        "mean": 0.00163964787498,
        "median": 0.000755707907956,
        "min": 1.3484544592e-09,
        "stdev": 0.00252386555076,
        "var": 6.3698971644e-06
    },
    "spectral_energyband_low": {
        "dmean": 0.0058482112363,
        "dmean2": 0.00924768205732,
        "dvar": 7.89589466876e-05,
        "dvar2": 0.00016724273155,
        "max": 0.108218416572,
        "mean": 0.0120817162097,
        "median": 0.00899708457291,
        "min": 1.97464800067e-08,
        "stdev": 0.0124499173835,
        "var": 0.000155000438099
    },
    "spectral_energyband_middle_high": {
        "dmean": 0.00343250273727,
        "dmean2": 0.00470131309703,
        "dvar": 2.16210319195e-05,
        "dvar2": 3.93572699977e-05,
        "max": 0.0622250325978,
        "mean": 0.00952933263034,
        "median": 0.00656427023932,
        "min": 2.08374331123e-08,
        "stdev": 0.00942297745496,
        "var": 8.87925125426e-05
    },
    "spectral_energyband_middle_low": {
        "dmean": 0.00511322310194,
        "dmean2": 0.0078687723726,
        "dvar": 3.19610226143e-05,
        "dvar2": 7.13921544957e-05,
        "max": 0.0842820554972,
        "mean": 0.0142337894067,
        "median": 0.0119248405099,
        "min": 4.97757479678e-09,
        "stdev": 0.00983957014978,
        "var": 9.68171443674e-05
    },
    "spectral_entropy": {
        "dmean": 0.19413498044,
        "dmean2": 0.279001116753,
        "dvar": 0.0349413491786,
        "dvar2": 0.0770061761141,
        "max": 8.57939624786,
        "mean": 7.78835916519,
        "median": 7.79273366928,
        "min": 6.65300512314,
        "stdev": 0.345103234053,
        "var": 0.119096249342
    },
    "spectral_flux": {
        "dmean": 0.025686936453,
        "dmean2": 0.0391767136753,
        "dvar": 0.00058715371415,
        "dvar2": 0.00122945022304,
        "max": 0.278813749552,
        "mean": 0.103644914925,
        "median": 0.098406098783,
        "min": 0.000224286486628,
        "stdev": 0.0401817560196,
        "var": 0.00161457352806
    },
    "spectral_kurtosis": {
        "dmean": 1.41145145893,
        "dmean2": 2.14713048935,
        "dvar": 1.96918332577,
        "dvar2": 4.41403055191,
        "max": 20.5395145416,
        "mean": 4.21642208099,
        "median": 3.78978252411,
        "min": -0.339616060257,
        "stdev": 2.53041315079,
        "var": 6.40299034119
    },
    "spectral_rms": {
        "dmean": 0.000851693970617,
        "dmean2": 0.00122031511273,
        "dvar": 6.43209773443e-07,
        "dvar2": 1.20480319765e-06,
        "max": 0.0120397284627,
        "mean": 0.00577772315592,
        "median": 0.00566231552511,
        "min": 7.00553255228e-06,
        "stdev": 0.00153804011643,
        "var": 2.3655672976e-06
    },
    "spectral_rolloff": {
        "dmean": 644.113342285,
        "dmean2": 1059.46459961,
        "dvar": 1314495.5,
        "dvar2": 3235592.5,
        "max": 10056.0058594,
        "mean": 1482.54345703,
        "median": 1313.52539062,
        "min": 43.06640625,
        "stdev": 1255.56164551,
        "var": 1576435.125
    },
    "spectral_skewness": {
        "dmean": 0.223621174693,
        "dmean2": 0.334771126509,
        "dvar": 0.0430341474712,
        "dvar2": 0.0956232398748,
        "max": 3.18719434738,
        "mean": 1.71169781685,
        "median": 1.70039975643,
        "min": 0.687217593193,
        "stdev": 0.37015324831,
        "var": 0.137013420463
    },
    "spectral_spread": {
        "dmean": 999807,
        "dmean2": 1451562.75,
        "dvar": 1.1473232855e+12,
        "dvar2": 2.41739182899e+12,
        "max": 14259145,
        "mean": 5706364.5,
        "median": 5477567.5,
        "min": 2043008.875,
        "stdev": 1758151.75,
        "var": 3.09109771469e+12
    },
    "spectral_strongpeak": {
        "dmean": 0.616705060005,
        "dmean2": 1.03058922291,
        "dvar": 0.869976043701,
        "dvar2": 1.96403288841,
        "max": 9.16514968872,
        "mean": 1.0972276926,
        "median": 0.389486730099,
        "min": 0,
        "stdev": 1.50471127033,
        "var": 2.26415610313
    },
    "zerocrossingrate": {
        "dmean": 0.0155070871115,
        "dmean2": 0.0192453153431,
        "dvar": 0.000236085281358,
        "dvar2": 0.000341704901075,
        "max": 0.19921875,
        "mean": 0.0652888268232,
        "median": 0.060546875,
        "min": 0.00732421875,
        "stdev": 0.0293537862599,
        "var": 0.000861644744873
    },
    "barkbands": {
        "dmean": [0.00110532145482, 0.00479859625921, 0.00114167132415, 0.000996793271042, 0.00249437731691, 0.000959498400334, 0.00132135022432, 0.00127664546017, 0.00108785263728, 0.000993235269561, 0.00110489269719, 0.00071130838478, 0.000836704450194, 0.000696918403264, 0.000528971548192, 0.000422515033279, 0.000257804902503, 0.000220827248995, 0.000151225962327, 0.000136383037898, 0.000135527894599, 0.000191970902961, 0.000174632135895, 0.000247052754276, 0.000271709403023, 0.000193275729544, 2.04410807783e-05],
        "dmean2": [0.00158329110127, 0.00781521480531, 0.00190368387848, 0.00167908449657, 0.00404453743249, 0.00150715070777, 0.00211862451397, 0.00193158129696, 0.00162815325893, 0.00143017352093, 0.00170844327658, 0.0010924359085, 0.00129176396877, 0.00106010294985, 0.000830094097182, 0.000646670057904, 0.000385791441659, 0.000338679645211, 0.000234706749325, 0.000214007362956, 0.000207324745134, 0.000291806267342, 0.000268995849183, 0.000379602890462, 0.000422217359301, 0.000317177938996, 3.56841737812e-05],
        "dvar": [6.68803340886e-06, 6.08466434642e-05, 3.42892280969e-06, 2.22731137001e-06, 9.69965822151e-06, 2.54194242189e-06, 7.96571748651e-06, 5.45231614524e-06, 4.97241126141e-06, 5.1842839639e-06, 6.90309570928e-06, 1.41259113207e-06, 2.45007004196e-06, 1.61524235409e-06, 1.71032422713e-06, 7.01830742855e-07, 1.53735939534e-07, 1.58862746957e-07, 6.42465778355e-08, 6.96533959399e-08, 7.19677331062e-08, 1.39429033652e-07, 9.45308400446e-08, 3.23103449773e-07, 3.15632235015e-07, 1.28035651414e-07, 3.88367960014e-09],
        "dvar2": [1.22166511574e-05, 0.000139085401315, 8.86215366336e-06, 6.05100149187e-06, 2.46562049142e-05, 6.42517579763e-06, 1.95811462618e-05, 1.16033561426e-05, 9.71695590124e-06, 1.10759210656e-05, 1.46567927004e-05, 3.08349513034e-06, 5.86359055887e-06, 3.71959094991e-06, 4.32299293607e-06, 1.63374227213e-06, 3.105456301e-07, 3.51573845592e-07, 1.51055843389e-07, 1.78643787763e-07, 1.79139760803e-07, 2.928877052e-07, 2.10225763908e-07, 7.42044051094e-07, 7.11963252797e-07, 3.22330890867e-07, 1.04398987233e-08],
        "max": [0.0419399701059, 0.092080026865, 0.0190978124738, 0.0215506050736, 0.0336443334818, 0.0266180187464, 0.0539118163288, 0.027752770111, 0.037494905293, 0.0319100692868, 0.0534695312381, 0.0231263507158, 0.0226930081844, 0.0160273779184, 0.0296891611069, 0.0130467293784, 0.00476275570691, 0.00960783287883, 0.00252589141019, 0.0032328045927, 0.00362545065582, 0.00833859201521, 0.00389692443423, 0.00753361778334, 0.00641373824328, 0.00279360963032, 0.000783201598097],
        "mean": [0.0014273240231, 0.00836758408695, 0.00183983764146, 0.00144504290074, 0.00437025679275, 0.00161883654073, 0.00202426989563, 0.0021503965836, 0.00179686932825, 0.00175100693014, 0.00164245965425, 0.00125001557171, 0.00149179680739, 0.00113428395707, 0.000847682880703, 0.00069990294287, 0.000457465735963, 0.000368005712517, 0.000234323422774, 0.000190869992366, 0.000179437964107, 0.000263665046077, 0.000239030065131, 0.000315538723953, 0.000321746076224, 0.00019805021293, 1.56419228006e-05],
        "median": [0.000365237094229, 0.00576835451648, 0.00101353728678, 0.000894731085282, 0.00283527816646, 0.000890450901352, 0.000862057611812, 0.000883025000803, 0.00068702804856, 0.000630211376119, 0.000630706141237, 0.000581840227824, 0.000610918505117, 0.000428805942647, 0.000368425826309, 0.000323100335663, 0.000249004689977, 0.000195916698431, 0.000144020930748, 9.72403868218e-05, 9.09161608433e-05, 0.000141277458169, 0.000101957928564, 0.000104866914626, 8.48122290336e-05, 5.64610381844e-05, 1.6748398366e-06],
        "min": [9.46103728694e-09, 1.06145154888e-08, 3.54662965663e-09, 1.48795331611e-09, 5.47308531829e-10, 9.18917442139e-11, 1.14458054146e-10, 2.39832431692e-10, 1.51362677947e-09, 3.06646708026e-09, 5.20324361375e-09, 5.10513542551e-09, 7.20336401638e-10, 2.08248773781e-09, 1.77096626253e-09, 8.10962796916e-10, 7.43351658006e-10, 1.21441390277e-09, 5.97100202615e-10, 2.40467701307e-10, 2.67608241122e-10, 2.47541293019e-10, 1.85351914372e-10, 1.56797783091e-10, 9.53544257443e-11, 1.28640542663e-10, 4.79591800301e-12],
        "stdev": [0.00332165742293, 0.0100258197635, 0.00232134084217, 0.001765683759, 0.0043507120572, 0.00208770134486, 0.00354031915776, 0.0035204491578, 0.00369347189553, 0.0032458724454, 0.00388996466063, 0.00207867706195, 0.00238673342392, 0.00181856402196, 0.0017863252433, 0.001094535226, 0.000594151380938, 0.000545914226677, 0.000296729558613, 0.000283603236312, 0.000282217748463, 0.000441727461293, 0.000372529204469, 0.000633097428363, 0.000626860710327, 0.000346598681062, 5.18682463735e-05],
        "var": [1.10334085548e-05, 0.000100517056126, 5.38862286703e-06, 3.11763915306e-06, 1.89286947716e-05, 4.35849733549e-06, 1.2533860172e-05, 1.23935615193e-05, 1.36417347676e-05, 1.05356884887e-05, 1.51318254211e-05, 4.32089791502e-06, 5.69649682802e-06, 3.30717512043e-06, 3.19095784107e-06, 1.19800733955e-06, 3.53015877863e-07, 2.98022314382e-07, 8.80484236632e-08, 8.04308015745e-08, 7.96468526687e-08, 1.95123149638e-07, 1.38778005976e-07, 4.00812325552e-07, 3.92954348172e-07, 1.20130636105e-07, 2.69031508182e-09]
    },
    "erbbands": {
        "dmean": [0.226635366678, 0.904353916645, 1.35326397419, 2.09646892548, 7.45443248749, 8.38211727142, 6.69058465958, 8.82279396057, 16.803276062, 23.9247627258, 23.6146907806, 26.2717018127, 30.8339653015, 27.3362007141, 41.2359924316, 29.6892261505, 37.3152618408, 33.7141532898, 28.9064788818, 19.9005413055, 18.238445282, 13.2466745377, 13.0104703903, 8.84151268005, 6.41508722305, 6.27716302872, 5.59768247604, 5.47634077072, 6.96168279648, 6.03458166122, 4.99258327484, 4.53539657593, 4.55414915085, 3.33515024185, 1.84019351006, 0.877370476723, 0.323043942451, 0.0761840566993, 0.00230298074894, 6.19613856543e-05],
        "dmean2": [0.354974478483, 1.49553394318, 2.252399683, 3.39165878296, 12.2993249893, 13.8514852524, 10.5734300613, 14.0324211121, 26.9698638916, 37.113697052, 35.0000343323, 39.301612854, 43.7928504944, 39.930480957, 64.659362793, 44.5145759583, 56.898853302, 51.2912216187, 44.0250015259, 30.6230449677, 27.5962257385, 19.746591568, 19.7085113525, 13.5867576599, 9.6838054657, 9.77136421204, 8.75391674042, 8.32114219666, 10.5424556732, 9.40501880646, 7.64728784561, 7.12543964386, 6.98137950897, 5.19416666031, 2.91088557243, 1.43396031857, 0.531417667866, 0.128013372421, 0.00395490601659, 9.92716595647e-05],
        "dvar": [0.159698903561, 2.24444246292, 4.71117973328, 7.98060703278, 93.7830581665, 138.693145752, 140.098449707, 283.346618652, 931.824707031, 2181.81762695, 1781.28759766, 3296.56567383, 5656.29492188, 5310.63769531, 6848.97460938, 2875.80053711, 4562.6953125, 3935.296875, 3728.94580078, 1540.21948242, 1017.61273193, 418.583892822, 645.087280273, 205.113922119, 133.256500244, 152.161300659, 143.464004517, 97.9004745483, 227.126281738, 115.976661682, 76.6011047363, 104.342979431, 116.257125854, 58.3067245483, 13.649772644, 2.76865339279, 0.345693409443, 0.0270932652056, 3.81412937713e-05, 1.47750416346e-08],
        "dvar2": [0.324314773083, 5.85770273209, 12.1570739746, 21.0599365234, 234.600112915, 367.270294189, 316.424926758, 735.834655762, 2239.78271484, 5263.80664062, 3600.19750977, 6343.51464844, 11884.7636719, 10993.9912109, 14669.4921875, 6117.72363281, 11054.2001953, 9103.12597656, 9421.76464844, 3423.74633789, 2334.56518555, 858.039123535, 1422.4519043, 492.961120605, 321.25213623, 389.972808838, 371.34173584, 229.915176392, 449.442626953, 274.471343994, 169.106719971, 254.171813965, 261.826843262, 131.178100586, 32.5665168762, 7.01846981049, 0.874716520309, 0.0704084411263, 0.000101625584648, 3.77914908256e-08],
        "max": [5.27876901627, 19.585767746, 26.5866718292, 30.2858257294, 116.277061462, 125.772224426, 202.574066162, 280.224395752, 520.397521973, 639.950561523, 549.168945312, 1026.54943848, 1281.98657227, 1412.99243164, 1713.16894531, 1133.36608887, 1201.30969238, 839.399475098, 1279.96105957, 603.521118164, 409.409301758, 228.873916626, 635.960632324, 182.208114624, 128.012802124, 159.963928223, 170.945007324, 136.187942505, 402.186218262, 107.140739441, 125.047805786, 181.223831177, 146.720794678, 104.53099823, 45.4575195312, 12.3506326675, 5.72515869141, 1.68556654453, 0.0872804149985, 0.00148925685789],
        "mean": [0.321154534817, 1.53329634666, 2.40145754814, 3.59248113632, 11.0646800995, 13.9550676346, 12.1138601303, 14.5105657578, 26.0778751373, 40.8564071655, 41.1530914307, 43.8659248352, 56.5540351868, 50.5961532593, 63.4012641907, 55.8102760315, 70.1161804199, 60.0891151428, 54.6207962036, 35.7991294861, 34.9702796936, 25.4065494537, 22.6530914307, 14.3525733948, 10.042347908, 8.97449874878, 7.50865316391, 7.38779211044, 9.39696884155, 8.1729927063, 6.82254886627, 5.85963821411, 5.71818494797, 3.97760891914, 2.10708117485, 0.943293750286, 0.327902406454, 0.0656867995858, 0.0019210933242, 9.39984529396e-05],
        "median": [0.161336094141, 1.03696715832, 1.43892729282, 2.43837547302, 6.8027305603, 8.54663848877, 6.76393222809, 8.04152297974, 12.1222553253, 19.2387371063, 18.0100307465, 17.3834781647, 21.6097278595, 17.4677734375, 29.4518413544, 25.7371177673, 30.8913154602, 25.902469635, 23.8927154541, 18.8032798767, 18.5139064789, 14.5807113647, 11.7320632935, 9.25886631012, 5.30904722214, 4.55906438828, 3.72395634651, 3.70256900787, 4.9519162178, 3.99753475189, 2.80549669266, 2.09300017357, 1.70310485363, 0.956745147705, 0.589264452457, 0.27312874794, 0.0911764726043, 0.0131468689069, 0.000350414542481, 5.90195013501e-05],
        "min": [4.44886239848e-07, 1.91672893379e-06, 4.13505040342e-06, 4.96751499668e-06, 3.493757049e-06, 1.28680585476e-06, 5.38929839422e-07, 8.43837369757e-07, 9.46622833453e-07, 4.16221382693e-06, 5.46396222489e-06, 3.00531519315e-05, 8.88657596079e-05, 0.000117004507047, 0.000274086196441, 0.000160554336617, 3.7361318391e-05, 0.000105390347017, 7.15985370334e-05, 7.7287091699e-05, 5.91716961935e-05, 4.1655235691e-05, 6.27532936051e-05, 3.526792716e-05, 2.5257912057e-05, 1.22116598504e-05, 1.30289454319e-05, 8.91638319445e-06, 1.09912998596e-05, 3.69403119294e-06, 6.74561169944e-06, 5.08434186486e-06, 1.54125802965e-06, 7.57888756198e-07, 8.07648405043e-07, 5.38917049653e-07, 2.48219208743e-07, 5.02795423074e-08, 5.49848300224e-09, 6.02032923513e-10],
        "stdev": [0.517874062061, 1.75558376312, 2.74472999573, 3.7224009037, 12.6850156784, 15.4648952484, 16.8712882996, 19.6505317688, 40.1164741516, 65.2459259033, 63.9905204773, 89.4485855103, 111.484962463, 119.686271667, 110.913101196, 97.9178314209, 109.291000366, 87.908493042, 100.76386261, 51.8510284424, 46.2281837463, 30.8888626099, 35.0313873291, 17.0962295532, 13.4088287354, 13.4540462494, 11.9367752075, 11.2726869583, 18.017742157, 12.1699495316, 10.7772855759, 11.0445146561, 12.0275382996, 8.40330505371, 3.98193120956, 1.63201975822, 0.57090318203, 0.147106483579, 0.00524013349786, 0.000117284951557],
        "var": [0.26819357276, 3.08207440376, 7.53354310989, 13.8562688828, 160.909622192, 239.162994385, 284.640380859, 386.143432617, 1609.33154297, 4257.03125, 4094.78686523, 8001.04931641, 12428.8974609, 14324.8027344, 12301.7158203, 9587.90136719, 11944.5224609, 7727.90332031, 10153.3564453, 2688.52929688, 2137.04492188, 954.121887207, 1227.19799805, 292.281097412, 179.796676636, 181.011367798, 142.486602783, 127.07346344, 324.639038086, 148.107666016, 116.149879456, 121.981307983, 144.661682129, 70.6155319214, 15.8557758331, 2.66348862648, 0.325930476189, 0.0216403175145, 2.74590001936e-05, 1.37557591984e-08]
    },
    "gfcc": {
        "mean": [52.0129127502, 76.5788955688, -104.88684082, 18.8432769775, -53.2786445618, 27.4923839569, -39.869052887, 13.8910675049, -23.4553108215, 8.82873535156, -18.0302467346, 7.48511457443, -14.1679506302],
        "cov": [[2498.65478516, -910.984130859, 102.266593933, -45.0864715576, -211.066757202, 39.8923339844, -187.651107788, 73.3023529053, -29.3843154907, 90.8679580688, -68.3385925293, 15.8587627411, -88.6048660278], [-910.984130859, 860.62298584, -185.942947388, 5.24656772614, 121.439567566, -83.4199676514, 82.6108322144, -75.3916702271, 67.0077819824, -51.3924980164, 47.0268707275, -56.3329086304, 24.9007396698], [102.266593933, -185.942947388, 601.722839355, 173.36529541, 32.1030769348, 10.5585479736, -5.29791498184, 6.28260660172, -39.2644844055, 27.4843235016, -41.8071250916, 28.6764984131, -21.4847583771], [-45.0864715576, 5.24656772614, 173.36529541, 260.066467285, 69.239151001, -51.0301132202, -2.09272789955, -9.32830524445, 8.53246688843, 3.26011896133, -7.9304356575, 12.1071224213, 11.1264648438], [-211.066757202, 121.439567566, 32.1030769348, 69.239151001, 169.595657349, 15.5860538483, 42.413143158, -3.75045394897, 4.61582565308, -1.28673088551, 4.25953006744, -5.48017978668, 3.00955200195], [39.8923339844, -83.4199676514, 10.5585479736, -51.0301132202, 15.5860538483, 168.990158081, 57.7583503723, 30.853345871, -28.0205287933, 0.170912235975, 25.5567398071, 6.27348041534, 7.52585315704], [-187.651107788, 82.6108322144, -5.29791498184, -2.09272789955, 42.413143158, 57.7583503723, 171.820007324, 8.33828544617, -28.2022361755, -18.3040714264, 0.418843090534, 2.00265407562, 0.234447568655], [73.3023529053, -75.3916702271, 6.28260660172, -9.32830524445, -3.75045394897, 30.853345871, 8.33828544617, 91.4915847778, 30.1350822449, 15.0503931046, 11.5444278717, 5.13135957718, 8.51453018188], [-29.3843154907, 67.0077819824, -39.2644844055, 8.53246688843, 4.61582565308, -28.0205287933, -28.2022361755, 30.1350822449, 104.050323486, 35.2521400452, 6.80663824081, -10.4563102722, 7.70277261734], [90.8679580688, -51.3924980164, 27.4843235016, 3.26011896133, -1.28673088551, 0.170912235975, -18.3040714264, 15.0503931046, 35.2521400452, 71.3288650513, 20.9830703735, 3.78735113144, -1.63854849339], [-68.3385925293, 47.0268707275, -41.8071250916, -7.9304356575, 4.25953006744, 25.5567398071, 0.418843090534, 11.5444278717, 6.80663824081, 20.9830703735, 72.4766616821, 16.1867218018, 13.2194347382], [15.8587627411, -56.3329086304, 28.6764984131, 12.1071224213, -5.48017978668, 6.27348041534, 2.00265407562, 5.13135957718, -10.4563102722, 3.78735113144, 16.1867218018, 56.9964866638, 19.6194419861], [-88.6048660278, 24.9007396698, -21.4847583771, 11.1264648438, 3.00955200195, 7.52585315704, 0.234447568655, 8.51453018188, 7.70277261734, -1.63854849339, 13.2194347382, 19.6194419861, 60.9976043701]],
        "icov": [[0.000755921762902, 0.000612997624557, 0.000200182403205, -0.000181547628017, 0.000402055127779, -0.000195514250663, 0.000463266973384, -0.00017593242228, 0.000135646172566, -0.000620302511379, 0.000489315309096, 3.55044539901e-05, 0.000827238836791], [0.000612997624557, 0.00348748802207, -7.10449385224e-05, 0.000769181293435, -0.00140046875458, 0.00194787594955, -0.00167248223443, 0.00285723875277, -0.00331060239114, 0.00324226007797, -0.00386129133403, 0.00320200901479, -0.000950132671278], [0.000200182403205, -7.10449385224e-05, 0.00278903217986, -0.00208078185096, 0.000306676171022, -0.00110669375863, 0.000699489901308, -0.000895873934496, 0.00184414163232, -0.00250996975228, 0.00277410680428, -0.00170360261109, 0.00157191976905], [-0.000181547628017, 0.000769181293435, -0.00208078185096, 0.00661406153813, -0.0028868354857, 0.00305001274683, -0.00100014475174, 0.00128810154274, -0.00193362077698, 0.00228783348575, -0.00247722538188, 0.000756618450396, -0.00232776859775], [0.000402055127779, -0.00140046875458, 0.000306676171022, -0.0028868354857, 0.00865026004612, -0.00239682686515, -0.000275252183201, -0.000916581542697, 0.00100862875115, -0.00227269600146, 0.00207932177, -0.000561612017918, 0.00132984458469], [-0.000195514250663, 0.00194787594955, -0.00110669375863, 0.00305001274683, -0.00239682686515, 0.0105491839349, -0.00376896420494, -0.000815662788227, 0.000270290853223, 0.00251740333624, -0.0061638657935, 0.00328868161887, -0.00276873144321], [0.000463266973384, -0.00167248223443, 0.000699489901308, -0.00100014475174, -0.000275252183201, -0.00376896420494, 0.00905986968428, -0.00296301185153, 0.00385283236392, -0.00195640511811, 0.00398655468598, -0.00259349914268, 0.00207299459726], [-0.00017593242228, 0.00285723875277, -0.000895873934496, 0.00128810154274, -0.000916581542697, -0.000815662788227, -0.00296301185153, 0.0171727668494, -0.00887990090996, 0.00387877621688, -0.00505123427138, 0.00203395821154, -0.00254628085531], [0.000135646172566, -0.00331060239114, 0.00184414163232, -0.00193362077698, 0.00100862875115, 0.000270290853223, 0.00385283236392, -0.00887990090996, 0.019929535687, -0.0119323488325, 0.00607205089182, -0.000238777531195, -0.000383997801691], [-0.000620302511379, 0.00324226007797, -0.00250996975228, 0.00228783348575, -0.00227269600146, 0.00251740333624, -0.00195640511811, 0.00387877621688, -0.0119323488325, 0.0259731914848, -0.0122628621757, 0.00307856989093, -0.000386447733035], [0.000489315309096, -0.00386129133403, 0.00277410680428, -0.00247722538188, 0.00207932177, -0.0061638657935, 0.00398655468598, -0.00505123427138, 0.00607205089182, -0.0122628621757, 0.0257681366056, -0.00951504241675, 0.00144346593879], [3.55044539901e-05, 0.00320200901479, -0.00170360261109, 0.000756618450396, -0.000561612017918, 0.00328868161887, -0.00259349914268, 0.00203395821154, -0.000238777531195, 0.00307856989093, -0.00951504241675, 0.026430381462, -0.00897180847824], [0.000827238836791, -0.000950132671278, 0.00157191976905, -0.00232776859775, 0.00132984458469, -0.00276873144321, 0.00207299459726, -0.00254628085531, -0.000383997801691, -0.000386447733035, 0.00144346593879, -0.00897180847824, 0.0221963208169]]
    },
    "melbands": {
        "dmean": [0.00158895552158, 0.00078504771227, 0.000482667353936, 0.000576468883082, 0.000256591272773, 0.000197059183847, 0.000260607310338, 0.000275144702755, 0.000192002931726, 0.00016707618488, 0.000156339054229, 0.00011155536049, 0.000133884706884, 8.3688129962e-05, 9.25859858398e-05, 7.95573505457e-05, 6.92106696079e-05, 5.02865696035e-05, 3.9674283471e-05, 3.29629729094e-05, 2.089534064e-05, 1.43267670865e-05, 1.46557922562e-05, 9.8343098216e-06, 7.39919732951e-06, 5.42101952306e-06, 4.2966453293e-06, 4.46209969596e-06, 3.68843848264e-06, 3.46448359778e-06, 3.10405334858e-06, 3.8342618609e-06, 4.1376288209e-06, 3.10550331051e-06, 2.82351425085e-06, 3.00755255012e-06, 2.76343234873e-06, 3.20759750139e-06, 2.99536668535e-06, 2.9988912047e-06],
        "dmean2": [0.00252610747702, 0.00128408404998, 0.00078150711488, 0.000942928832956, 0.000405751954531, 0.000314098113449, 0.000416644354118, 0.000423778488766, 0.000286458089249, 0.000247381103691, 0.00022318943229, 0.000163415286806, 0.000209840975003, 0.000129014093545, 0.000143446173752, 0.000122096127598, 0.000106953099021, 7.68224999774e-05, 6.26814362477e-05, 5.21018700965e-05, 3.21579937008e-05, 2.17983688344e-05, 2.25929270528e-05, 1.51496660692e-05, 1.16028941193e-05, 8.32408568385e-06, 6.7364089773e-06, 7.1064405347e-06, 5.80371670367e-06, 5.57075873076e-06, 4.80977450934e-06, 5.8133841776e-06, 6.46527178105e-06, 4.87794932269e-06, 4.35978699898e-06, 4.69716451335e-06, 4.43273711426e-06, 5.03597402712e-06, 4.71795192425e-06, 4.72035071652e-06],
        "dvar": [7.29897601559e-06, 1.43839781686e-06, 3.74418618776e-07, 5.38356061952e-07, 1.72417799149e-07, 1.27809343553e-07, 2.61476856167e-07, 2.69400970865e-07, 1.30374758101e-07, 1.33369425726e-07, 1.44737555274e-07, 8.09693716519e-08, 9.15842548466e-08, 1.79006374168e-08, 3.27444809045e-08, 2.07945198838e-08, 1.87816677766e-08, 9.97625537735e-09, 1.07513642433e-08, 5.60500446056e-09, 1.25150612096e-09, 5.00470609399e-10, 7.32339744403e-10, 2.95299729114e-10, 1.4794594716e-10, 9.71954391971e-11, 6.52753337493e-11, 8.32540217321e-11, 5.97657409673e-11, 5.43628926597e-11, 2.97766394874e-11, 6.51113676864e-11, 6.90540402637e-11, 3.43991848895e-11, 2.36718804281e-11, 3.19973110507e-11, 4.90914635332e-11, 6.18599130253e-11, 5.15350054298e-11, 4.72965729081e-11],
        "dvar2": [1.52667798829e-05, 3.72373506252e-06, 9.63984007285e-07, 1.37839504077e-06, 4.01616773615e-07, 3.24766091353e-07, 6.31563011666e-07, 6.24944163974e-07, 2.66453042741e-07, 2.44386342274e-07, 3.07858385895e-07, 1.67684689245e-07, 1.87176411259e-07, 4.09974454385e-08, 7.32539575665e-08, 4.97467986804e-08, 4.46757049133e-08, 2.51961758124e-08, 2.59989327844e-08, 1.32055602009e-08, 2.9005620128e-09, 1.07784225989e-09, 1.56584711863e-09, 6.82098544313e-10, 3.61953189643e-10, 2.33446040276e-10, 1.63891858418e-10, 2.16139189879e-10, 1.55194967988e-10, 1.39202357974e-10, 6.81392928192e-11, 1.2849878106e-10, 1.52038798218e-10, 8.24767129592e-11, 5.18701262497e-11, 7.5082842721e-11, 1.23252894002e-10, 1.42451175855e-10, 1.15546898438e-10, 1.09363747225e-10],
        "max": [0.0331193469465, 0.0156141957268, 0.00891158543527, 0.00872357096523, 0.00617018947378, 0.00596848316491, 0.00977152306587, 0.00607171468437, 0.00517891487107, 0.00715513760224, 0.0063171107322, 0.00593358371407, 0.00666578067467, 0.00186472816858, 0.00272434996441, 0.00206988444552, 0.00187914783601, 0.00200942647643, 0.002466870239, 0.00120594794862, 0.000485094933538, 0.000238449196331, 0.000537541869562, 0.000326711015077, 0.00014647586795, 0.000105837112642, 0.000109338616312, 0.000124858546769, 9.4631810498e-05, 0.000102331337985, 6.81703750161e-05, 0.000219088164158, 0.00016412952391, 5.94119665038e-05, 6.27356930636e-05, 9.76404699031e-05, 0.000116300325317, 0.00012152412819, 0.000108034866571, 9.10898088478e-05],
        "mean": [0.00262785283849, 0.00150088244118, 0.000839322747197, 0.000962612975854, 0.000469072867418, 0.000332326861098, 0.000405312544899, 0.00046873424435, 0.000325604196405, 0.000274580088444, 0.000278199295281, 0.000196722729015, 0.000206843949854, 0.000145636266097, 0.00016489168047, 0.000139174604556, 0.000111061221105, 9.0845496743e-05, 5.9733622038e-05, 5.03051051055e-05, 3.80829769711e-05, 2.58927448158e-05, 2.48889264185e-05, 1.58719903993e-05, 1.12434472612e-05, 7.97978736955e-06, 6.13889869783e-06, 6.01824058322e-06, 4.87348142997e-06, 4.21126242145e-06, 4.20344031227e-06, 5.20196772413e-06, 5.26819621882e-06, 4.1763041736e-06, 3.78490585717e-06, 3.97926623918e-06, 3.3816290852e-06, 3.95674805986e-06, 3.6855963117e-06, 3.38799668498e-06],
        "median": [0.001600822201, 0.0010546813719, 0.000603636261076, 0.000613896059804, 0.000274951249594, 0.000184079064638, 0.000180637434823, 0.000213590727071, 0.000129976411699, 0.000103912883787, 9.9885801319e-05, 6.13493539277e-05, 8.59508218127e-05, 7.74143481976e-05, 6.32192386547e-05, 5.97569924139e-05, 4.33161731053e-05, 3.6636749428e-05, 2.80004060187e-05, 2.2645936042e-05, 2.04659354495e-05, 1.44987225212e-05, 1.17600493468e-05, 8.86100770003e-06, 6.7829987529e-06, 4.07230800192e-06, 3.01130489788e-06, 2.90749494525e-06, 2.38654570239e-06, 1.99114424504e-06, 2.10177449844e-06, 2.66915640168e-06, 2.54957171819e-06, 1.91043864106e-06, 1.5736268324e-06, 1.42113560742e-06, 1.20944582704e-06, 1.2041817854e-06, 8.9261999392e-07, 7.65153401971e-07],
        "min": [3.91572774205e-09, 2.24877960697e-09, 8.16113898683e-10, 1.59917398768e-10, 2.10959600483e-11, 1.81998097148e-11, 1.67390025452e-11, 5.01530379726e-11, 4.35551525402e-11, 2.24902332868e-10, 4.51304077442e-10, 4.38176550599e-10, 8.30201296598e-10, 7.40908945307e-10, 1.03050193379e-10, 1.02856209661e-10, 2.11750089685e-10, 1.04233219278e-10, 1.59211560602e-10, 4.15470574611e-11, 8.13893882845e-11, 3.07813566303e-11, 8.67587390818e-11, 3.44645839645e-11, 2.70183164036e-11, 2.74587401428e-11, 4.24329711993e-12, 1.03236212981e-11, 8.13419644141e-12, 9.12419792498e-12, 3.42598215422e-12, 5.78619053712e-12, 4.92354898171e-12, 1.0789607055e-12, 3.55447875994e-12, 4.09286970635e-12, 2.99168784364e-12, 1.11246070949e-12, 5.92197135513e-13, 6.23457394652e-13],
        "stdev": [0.00359074166045, 0.00150515895803, 0.000821128720418, 0.00100088038016, 0.000606592046097, 0.000441960291937, 0.000654118310194, 0.000752647581976, 0.000542427820619, 0.00058692478342, 0.000556704879273, 0.000465846504085, 0.00044879844063, 0.000214697342017, 0.000279917323496, 0.000214308049181, 0.000178914589924, 0.00016900258197, 0.000120523334772, 8.98218495422e-05, 5.04278395965e-05, 3.22984487866e-05, 3.83709739253e-05, 2.25281783059e-05, 1.40667498272e-05, 1.12545267257e-05, 8.94999266166e-06, 9.75347302301e-06, 7.73912506702e-06, 7.24658320905e-06, 6.38790197627e-06, 9.81585526461e-06, 9.3231919891e-06, 6.52420612823e-06, 5.99180884819e-06, 6.64386470817e-06, 7.09558435119e-06, 8.53361689224e-06, 7.93706840341e-06, 7.33306023903e-06],
        "var": [1.28934252643e-05, 2.26550355364e-06, 6.74252362387e-07, 1.00176146134e-06, 3.67953930436e-07, 1.95328908603e-07, 4.27870730846e-07, 5.66478377095e-07, 2.94227930908e-07, 3.44480667991e-07, 3.09920352493e-07, 2.17012967596e-07, 2.01420050416e-07, 4.60949465264e-08, 7.83537146276e-08, 4.59279405618e-08, 3.20104298623e-08, 2.85618728668e-08, 1.45258738371e-08, 8.0679640746e-09, 2.54296694813e-09, 1.0431897568e-09, 1.472331701e-09, 5.0751880476e-10, 1.97873439856e-10, 1.26664373434e-10, 8.0102376121e-11, 9.51302300822e-11, 5.98940549934e-11, 5.25129661977e-11, 4.08052931722e-11, 9.63510105034e-11, 8.6921907172e-11, 4.25652672831e-11, 3.59017746088e-11, 4.41409409024e-11, 5.03473165936e-11, 7.2822615993e-11, 6.29970589583e-11, 5.37737701589e-11]
    },
    "melbands128": {
