{
"lowlevel": {
    "average_loudness": 0.930459618568,
    "barkbands_crest": {
        "dmean": 2.44296717644,
        "dmean2": 3.92619013786,
        "dvar": 4.84904575348,
        "dvar2": 11.0956020355,
        "max": 24.105014801,
        "mean": 11.9766597748,
        "median": 11.3307237625,
        "min": 4.66269397736,
        "stdev": 3.90400385857,
        "var": 15.2412452698
    },
    "barkbands_flatness_db": {
        "dmean": 0.0291492976248,
        "dmean2": 0.0402349457145,
        "dvar": 0.000824575428851,
        "dvar2": 0.00148089183494,
        "max": 0.547465920448,
        "mean": 0.292049139738,
        "median": 0.286689579487,
        "min": 0.105624116957,
        "stdev": 0.0678248628974,
        "var": 0.00460021244362
    },
    "barkbands_kurtosis": {
        "dmean": 7.67425441742,
        "dmean2": 11.8829526901,
        "dvar": 137.163452148,
        "dvar2": 314.330200195,
        "max": 126.837646484,
        "mean": 14.8033342361,
        "median": 8.55396366119,
        "min": -1.94968271255,
        "stdev": 18.4782905579,
        "var": 341.44720459
    },
    "barkbands_skewness": {
        "dmean": 0.765514552593,
        "dmean2": 1.17704558372,
        "dvar": 0.746881246567,
        "dvar2": 1.77977871895,
        "max": 8.68570232391,
        "mean": 1.98183369637,
        "median": 1.65507268906,
        "min": -1.03305399418,
        "stdev": 1.55246913433,
        "var": 2.41016030312
    },
    "barkbands_spread": {
        "dmean": 2.80274343491,
        "dmean2": 4.4269824028,
        "dvar": 73.6807479858,
        "dvar2": 150.292984009,
        "max": 100.100654602,
        "mean": 6.41892242432,
        "median": 3.80934333801,
        "min": 0.523788452148,
        "stdev": 11.3918905258,
        "var": 129.775177002
    },
    "dissonance": {
        "dmean": 0.050889454782,
        "dmean2": 0.0824295952916,
        "dvar": 0.00175586715341,
        "dvar2": 0.00442023994401,
        "max": 0.498125582933,
        "mean": 0.371895432472,
        "median": 0.382052600384,
        "min": 0.0819948464632,
        "stdev": 0.0696266591549,
        "var": 0.00484787160531
    },
    "dynamic_complexity": 3.8709230423,
    "erbbands_crest": {
        "dmean": 3.42216491699,
        "dmean2": 5.36384153366,
        "dvar": 9.28412914276,
        "dvar2": 20.5594120026,
        "max": 29.2308254242,
        "mean": 14.0741147995,
        "median": 12.9776649475,
        "min": 4.39780044556,
        "stdev": 5.18535423279,
        "var": 26.8878993988
    },
    "erbbands_flatness_db": {
        "dmean": 0.0277069825679,
        "dmean2": 0.0388017110527,
        "dvar": 0.000691850145813,
        "dvar2": 0.00131344387773,
        "max": 0.436090648174,
        "mean": 0.267081439495,
        "median": 0.266563266516,
        "min": 0.0821302309632,
        "stdev": 0.0573472678661,
        "var": 0.00328870932572
    },
    "erbbands_kurtosis": {
        "dmean": 5.05046844482,
        "dmean2": 7.86541604996,
        "dvar": 46.2871360779,
        "dvar2": 104.205131531,
        "max": 91.4973068237,
        "mean": 8.6008348465,
        "median": 5.24855804443,
        "min": -1.89687764645,
        "stdev": 10.3521203995,
        "var": 107.166397095
    },
    "erbbands_skewness": {
        "dmean": 0.700629651546,
        "dmean2": 1.06836915016,
        "dvar": 0.501756846905,
        "dvar2": 1.09445405006,
        "max": 7.4322142601,
        "mean": 1.7389819622,
        "median": 1.69290471077,
        "min": -2.09006953239,
        "stdev": 1.33501529694,
        "var": 1.78226578236
    },
    "erbbands_spread": {
        "dmean": 7.06983804703,
        "dmean2": 10.5823221207,
        "dvar": 200.541122437,
        "dvar2": 377.017242432,
        "max": 171.261856079,
        "mean": 17.1734886169,
        "median": 11.338637352,
        "min": 1.68567323685,
        "stdev": 21.0446453094,
        "var": 442.87713623
    },
    "hfc": {
        "dmean": 2.90936231613,
        "dmean2": 3.9896569252,
        "dvar": 25.5035305023,
        "dvar2": 48.0616722107,
        "max": 83.2836532593,
        "mean": 8.53021812439,
        "median": 4.79196405411,
        "min": 2.63570891548e-05,
        "stdev": 10.2148656845,
        "var": 104.343475342
    },
    "loudness_ebu128": {
        "integrated": -9.21732997894,
        "loudness_range": 3.28250360489,
        "momentary": {
            "dmean": 0.871518492699,
            "dmean2": 0.913768589497,
            "dvar": 0.815239131451,
            "dvar2": 0.847347438335,
            "max": -4.57127571106,
            "mean": -10.0495691299,
            "median": -9.77220344543,
            "min": -18.1031265259,
            "stdev": 2.86453962326,
            "var": 8.20558738708
        },
        "short_term": {
            "dmean": 0.130184575915,
            "dmean2": 0.121351435781,
            "dvar": 0.0126802735031,
            "dvar2": 0.0121241966262,
            "max": -6.93810844421,
            "mean": -9.34449672699,
            "median": -9.37495803833,
            "min": -11.7305679321,
            "stdev": 1.11699128151,
            "var": 1.2476695776
        }
    },
    "melbands_crest": {
        "dmean": 2.83333992958,
        "dmean2": 4.51933288574,
        "dvar": 6.23322534561,
        "dvar2": 15.4937334061,
        "max": 30.279624939,
        "mean": 14.4720993042,
        "median": 13.4897480011,
        "min": 5.94719409943,
        "stdev": 4.7688794136,
        "var": 22.7422103882
    },
    "melbands_flatness_db": {
        "dmean": 0.0337988212705,
        "dmean2": 0.0456703826785,
        "dvar": 0.00117589219008,
        "dvar2": 0.00203494192101,
        "max": 0.680750012398,
        "mean": 0.393672436476,
        "median": 0.384118378162,
        "min": 0.154782265425,
        "stdev": 0.0832580253482,
        "var": 0.00693189864978
    },
    "melbands_kurtosis": {
        "dmean": 10.6120157242,
        "dmean2": 17.1164608002,
        "dvar": 509.482330322,
        "dvar2": 1359.02038574,
        "max": 339.528076172,
        "mean": 17.4190692902,
        "median": 8.74700832367,
        "min": -1.57725131512,
        "stdev": 26.2182369232,
        "var": 687.395935059
    },
    "melbands_skewness": {
        "dmean": 0.822982370853,
        "dmean2": 1.27708423138,
        "dvar": 1.26056647301,
        "dvar2": 3.06974458694,
        "max": 14.3390817642,
        "mean": 2.11510682106,
        "median": 1.74532103539,
        "min": -0.605381548405,
        "stdev": 1.69414126873,
        "var": 2.87011480331
    },
    "melbands_spread": {
        "dmean": 2.57725667953,
        "dmean2": 4.06441783905,
        "dvar": 47.3118476868,
        "dvar2": 104.556106567,
        "max": 105.32233429,
        "mean": 6.67392873764,
        "median": 4.59258556366,
        "min": 0.818971157074,
        "stdev": 9.16507053375,
        "var": 83.9985198975
    },
    "pitch_salience": {
        "dmean": 0.0674126073718,
        "dmean2": 0.104576013982,
        "dvar": 0.00357129960321,
        "dvar2": 0.00766783719882,
        "max": 0.904622554779,
        "mean": 0.555366039276,
        "median": 0.561138033867,
        "min": 0.180161058903,
        "stdev": 0.117913298309,
        "var": 0.013903546147
    },
    "silence_rate_20dB": {
        "dmean": 0,
        "dmean2": 0,
        "dvar": 0,
        "dvar2": 0,
        "max": 1,
        "mean": 1,
        "median": 1,
        "min": 1,
        "stdev": 0,
        "var": 0
    },
    "silence_rate_30dB": {
        "dmean": 0,
        "dmean2": 0,
        "dvar": 0,
        "dvar2": 0,
        "max": 1,
        "mean": 1,
        "median": 1,
        "min": 1,
        "stdev": 0,
        "var": 0
    },
    "silence_rate_60dB": {
        "dmean": 0.0255417954177,
        "dmean2": 0.0503485687077,
        "dvar": 0.0248893592507,
        "dvar2": 0.0571098551154,
        "max": 1,
        "mean": 0.0378963649273,
        "median": 0,
        "min": 0,
        "stdev": 0.190942168236,
        "var": 0.0364589132369
    },
    "spectral_centroid": {
        "dmean": 91.5439605713,
        "dmean2": 141.483062744,
        "dvar": 48337.75,
        "dvar2": 101204.953125,
        "max": 3168.59887695,
        "mean": 439.561004639,
        "median": 358.722503662,
        "min": 177.763763428,
        "stdev": 308.568389893,
        "var": 95214.4453125
    },
    "spectral_complexity": {
        "dmean": 1.25928795338,
        "dmean2": 2.08907818794,
        "dvar": 1.46915781498,
        "dvar2": 3.27867245674,
        "max": 16,
        "mean": 7.1345705986,
        "median": 7,
        "min": 0,
        "stdev": 2.84296107292,
        "var": 8.08242797852
    },
    "spectral_decrease": {
        "dmean": 1.48627110619e-09,
        "dmean2": 2.02612726596e-09,
        "dvar": 3.09823931231e-18,
        "dvar2": 5.01997302195e-18,
        "max": -1.96444490991e-14,
        "mean": -5.29449817321e-09,
        "median": -3.7468508296e-09,
        "min": -2.37883028831e-08,
        "stdev": 4.49134196501e-09,
        "var": 2.01721541589e-17
    },
    "spectral_energy": {
        "dmean": 0.00581508688629,
        "dmean2": 0.00793552026153,
        "dvar": 4.76840978081e-05,
        "dvar2": 7.68550380599e-05,
        "max": 0.09227771312,
        "mean": 0.0207563731819,
        "median": 0.0145136611536,
        "min": 7.65334178254e-08,
        "stdev": 0.0176804699004,
        "var": 0.00031259903335
    },
    "spectral_energyband_high": {
        "dmean": 8.29409036669e-05,
        "dmean2": 0.000130032800371,
        "dvar": 2.5002063353e-07,
        "dvar2": 5.6137298543e-07,
        "max": 0.0105339279398,
        "mean": 0.000110935310659,
        "median": 1.20830973174e-05,
        "min": 4.18620055287e-10,
        "stdev": 0.000649802503176,
        "var": 4.22243289222e-07
    },
    "spectral_energyband_low": {
        "dmean": 0.00119515019469,
        "dmean2": 0.00200698198751,
        "dvar": 3.00473857351e-06,
        "dvar2": 7.64673222875e-06,
        "max": 0.0284743048251,
        "mean": 0.0037065865472,
        "median": 0.00249743158929,
        "min": 1.70154290657e-08,
        "stdev": 0.00364603358321,
        "var": 1.32935601869e-05
    },
    "spectral_energyband_middle_high": {
        "dmean": 0.000639746605884,
        "dmean2": 0.000943786290009,
        "dvar": 3.19911282531e-06,
        "dvar2": 5.54833377464e-06,
        "max": 0.0473206937313,
        "mean": 0.00130925606936,
        "median": 0.000306322064716,
        "min": 2.18336171365e-09,
        "stdev": 0.00359090883285,
        "var": 1.28946267068e-05
    },
    "spectral_energyband_middle_low": {
        "dmean": 0.00545000750571,
        "dmean2": 0.00741350883618,
        "dvar": 4.33374952991e-05,
        "dvar2": 7.17422153684e-05,
        "max": 0.0913757681847,
        "mean": 0.0165945924819,
        "median": 0.010713243857,
        "min": 6.06580314866e-08,
        "stdev": 0.0158582627773,
        "var": 0.000251484481851
    },
    "spectral_entropy": {
        "dmean": 0.299057006836,
        "dmean2": 0.407543033361,
        "dvar": 0.102880574763,
        "dvar2": 0.171991586685,
        "max": 8.24170303345,
        "mean": 5.91515159607,
        "median": 5.85096359253,
        "min": 4.35568714142,
        "stdev": 0.6558355093,
        "var": 0.430120229721
    },
    "spectral_flux": {
        "dmean": 0.022274537012,
        "dmean2": 0.0359811745584,
        "dvar": 0.0005202574539,
        "dvar2": 0.00133251748048,
        "max": 0.219159051776,
        "mean": 0.0573681481183,
        "median": 0.0510756373405,
        "min": 0.000276646751445,
        "stdev": 0.0333762951195,
        "var": 0.00111397716682
    },
    "spectral_kurtosis": {
        "dmean": 12.9300642014,
        "dmean2": 19.3077163696,
        "dvar": 512.533996582,
        "dvar2": 1079.15002441,
        "max": 436.554382324,
        "mean": 32.9103393555,
        "median": 19.1819114685,
        "min": -1.52103757858,
        "stdev": 43.1940498352,
        "var": 1865.72607422
    },
    "spectral_rms": {
        "dmean": 0.000629385351203,
        "dmean2": 0.000860727624968,
        "dvar": 4.1264382844e-07,
        "dvar2": 6.40652331185e-07,
        "max": 0.00948825757951,
        "mean": 0.00411796476692,
        "median": 0.00376293365844,
        "min": 8.64099274622e-06,
        "stdev": 0.0018145168433,
        "var": 3.29247131958e-06
    },
    "spectral_rolloff": {
        "dmean": 214.397903442,
        "dmean2": 390.899597168,
        "dvar": 874332.625,
        "dvar2": 1925173,
        "max": 9840.67382812,
        "mean": 626.343688965,
        "median": 366.064453125,
        "min": 193.798828125,
        "stdev": 1126.68725586,
        "var": 1269424.25
    },
    "spectral_skewness": {
        "dmean": 0.852445542812,
        "dmean2": 1.22879123688,
        "dvar": 0.97403550148,
        "dvar2": 1.81108927727,
        "max": 17.1412906647,
        "mean": 4.22118330002,
        "median": 3.72059750557,
        "min": -0.0491573549807,
        "stdev": 2.25726819038,
        "var": 5.09525966644
    },
    "spectral_spread": {
        "dmean": 724455.75,
        "dmean2": 1019434.3125,
        "dvar": 1.59989877965e+12,
        "dvar2": 2.12661082522e+12,
        "max": 28943014,
        "mean": 3120007.75,
        "median": 2735995,
        "min": 310576.78125,
        "stdev": 2163580.75,
        "var": 4.68108181504e+12
    },
    "spectral_strongpeak": {
        "dmean": 0.418985038996,
        "dmean2": 0.618149399757,
        "dvar": 0.360223203897,
        "dvar2": 0.690279006958,
        "max": 9.56861114502,
        "mean": 0.988917291164,
        "median": 0.535114228725,
        "min": 0,
        "stdev": 1.15698850155,
        "var": 1.33862233162
    },
    "zerocrossingrate": {
        "dmean": 0.00603813445196,
        "dmean2": 0.0069104465656,
        "dvar": 0.000180885617738,
        "dvar2": 0.000180280752829,
        "max": 0.23193359375,
        "mean": 0.0244865678251,
        "median": 0.0185546875,
        "min": 0.00341796875,
        "stdev": 0.0261343661696,
        "var": 0.000683005142491
    },
    "barkbands": {
        "dmean": [2.67752766376e-05, 0.000295594276395, 0.000377804593882, 0.00102261570282, 0.00245492905378, 0.00231773289852, 0.000241025452851, 0.0016030947445, 0.000718167400919, 0.000340805243468, 0.000113621848868, 0.000123750680359, 0.000136403090437, 8.39476269903e-05, 3.63763720088e-05, 9.64784430835e-06, 6.2718108893e-06, 1.98482830456e-05, 2.01606217161e-05, 8.17831278255e-06, 6.20292348685e-06, 1.09750435513e-05, 2.28745957429e-05, 3.8859234337e-05, 1.18783282232e-05, 1.70491910012e-06, 6.85624783614e-08],
        "dmean2": [4.62552779936e-05, 0.000479041424114, 0.000620451406576, 0.00178396154661, 0.00335438759066, 0.00337712559849, 0.000379922974389, 0.00218170019798, 0.000982864759862, 0.000530259567313, 0.000179055874469, 0.000182972216862, 0.000185337266885, 0.00013332508388, 5.86046808166e-05, 1.48535937115e-05, 9.44996463659e-06, 2.95405443467e-05, 3.16902733175e-05, 1.24612588479e-05, 9.84646430879e-06, 1.66849749803e-05, 3.87768814107e-05, 5.82023531024e-05, 1.82730855158e-05, 2.50775724453e-06, 1.0761176128e-07],
        "dvar": [2.50354736941e-09, 6.78237029206e-07, 4.21673178153e-07, 1.66102790899e-06, 1.25986707644e-05, 1.38791228892e-05, 3.34199569352e-07, 1.57758986461e-05, 7.51723018766e-06, 1.10005601073e-06, 1.25690050368e-07, 6.48392187941e-07, 6.44128363092e-07, 1.75220563392e-07, 5.35859143724e-08, 2.41851849658e-09, 4.45783909786e-10, 5.15437470483e-09, 4.19966861287e-09, 2.07848871447e-09, 4.08967526511e-09, 4.34907709845e-09, 4.64130600619e-08, 6.96557833635e-08, 7.56787699174e-09, 2.23424251322e-10, 7.26770328489e-14],
        "dvar2": [6.78597089632e-09, 1.31085801058e-06, 1.04265029677e-06, 5.44469639863e-06, 1.89178881556e-05, 2.72329161817e-05, 7.8690339933e-07, 2.30711902987e-05, 1.09894926936e-05, 2.30408909374e-06, 2.64424755869e-07, 1.06311449599e-06, 1.27086480006e-06, 3.83288607964e-07, 1.35104144761e-07, 5.34740207669e-09, 1.05618835899e-09, 1.24481971397e-08, 1.00628918531e-08, 5.25159205012e-09, 1.12948095321e-08, 9.34923338747e-09, 1.31483133714e-07, 1.26416537682e-07, 1.76340364533e-08, 4.18599238605e-10, 1.66797836394e-13],
        "max": [0.000610332295764, 0.0203975737095, 0.0102570885792, 0.0114866606891, 0.0696315169334, 0.0730642750859, 0.00805479753762, 0.0576301626861, 0.0601772665977, 0.0251370985061, 0.0070362999104, 0.0231564883143, 0.018435260281, 0.00914916209877, 0.00629301834852, 0.00140523700975, 0.000342869869201, 0.00144168490078, 0.000865602400154, 0.00109021901153, 0.001856995048, 0.00128718232736, 0.00545024545863, 0.00678027234972, 0.00212115328759, 0.000487487122882, 4.44752822659e-06],
        "mean": [2.56820712821e-05, 0.00176524033304, 0.000973929767497, 0.00165414030198, 0.00568912550807, 0.00479621440172, 0.000415158923715, 0.00295014888979, 0.00104321271647, 0.000505702453665, 0.000172790183569, 0.000252557889326, 0.00016755310935, 0.000112285772047, 4.07453226217e-05, 1.35217851494e-05, 8.68209826876e-06, 2.56790808635e-05, 2.71307762887e-05, 1.03275269794e-05, 6.3556499299e-06, 1.24693578982e-05, 2.46725139732e-05, 4.71054554509e-05, 1.35995524033e-05, 2.28522708312e-06, 8.01061261768e-08],
        "median": [1.06683710328e-05, 0.000816276995465, 0.000522040994838, 0.00105765240733, 0.0028000199236, 0.00182989588939, 0.000136088012368, 0.00023108383175, 5.42887646588e-05, 0.000126306389575, 1.94050553546e-05, 8.79378785612e-06, 3.59290243068e-06, 4.86297449243e-06, 2.7334144761e-06, 1.50667381149e-06, 1.8669425117e-06, 3.60680292033e-06, 3.47659170075e-06, 1.06297250113e-06, 4.52249025784e-07, 3.39980431363e-07, 1.22390213164e-06, 4.32101614933e-06, 1.02348099063e-06, 2.87745535843e-07, 1.67498459547e-08],
        "min": [1.54045598499e-09, 5.17828091517e-09, 6.70961419758e-09, 9.10365116624e-09, 2.70178261985e-08, 1.69068083977e-08, 2.51274778762e-09, 2.56182164371e-09, 2.15598294773e-09, 7.90076615242e-10, 3.63530539005e-10, 1.91693896867e-10, 1.76281947373e-10, 1.68947689172e-10, 1.87642124061e-10, 1.46593237549e-10, 1.12091558258e-10, 7.92412732653e-11, 1.54944113095e-10, 7.1855119077e-11, 7.25387527822e-11, 6.34471364336e-11, 5.3531450106e-11, 5.08492033202e-11, 4.96007020179e-11, 2.96529606425e-11, 1.58034325101e-13],
        "stdev": [4.88824334752e-05, 0.0023460125085, 0.00115203869063, 0.0015093870461, 0.00738241663203, 0.00827474892139, 0.000866867427249, 0.00747392978519, 0.00439837295562, 0.00152746739332, 0.00057016836945, 0.00158640358131, 0.00104614230804, 0.000517566280905, 0.000222131697228, 6.3279097958e-05, 2.46064792009e-05, 8.62741508172e-05, 8.51385848364e-05, 4.70377817692e-05, 5.80282867304e-05, 8.32551231724e-05, 0.000193533312995, 0.000327200279571, 9.15430646273e-05, 1.87918940355e-05, 2.77678537941e-07],
        "var": [2.38949238174e-09, 5.50377444597e-06, 1.32719310386e-06, 2.2782492124e-06, 5.45000766579e-05, 6.847147597e-05, 7.51459140247e-07, 5.58596293558e-05, 1.93456853594e-05, 2.33315654441e-06, 3.25091946252e-07, 2.5166764317e-06, 1.09441373297e-06, 2.67874867177e-07, 4.93424892056e-08, 4.00424404745e-09, 6.05478778226e-10, 7.44322870005e-09, 7.24857862622e-09, 2.21255280763e-09, 3.36728200878e-09, 6.93141544161e-09, 3.74551447635e-08, 1.0706001774e-07, 8.38013303195e-09, 3.53135271025e-10, 7.7105368531e-14]
    },
    "erbbands": {
        "dmean": [0.00664954725653, 0.0747266635299, 0.31224834919, 2.38329577446, 1.83012890816, 9.16983604431, 28.0711460114, 10.2439374924, 3.55523014069, 11.5054502487, 39.6460456848, 13.8293676376, 8.87679481506, 7.34588432312, 2.58955049515, 5.13845825195, 6.20693302155, 3.81936359406, 2.40705156326, 1.67677903175, 0.556034564972, 0.424635767937, 0.79912930727, 1.32824027538, 0.570894479752, 0.34649643302, 0.291059523821, 0.214019924402, 0.383631616831, 0.444560438395, 0.686459302902, 0.9942907691, 0.466584056616, 0.187349587679, 0.0580707937479, 0.00971361808479, 0.00375875737518, 0.000308287708322, 1.11794806799e-05, 6.82327481627e-06],
        "dmean2": [0.0107252784073, 0.121885932982, 0.53324085474, 4.12997341156, 3.08069705963, 13.3852720261, 38.1659126282, 15.3980140686, 5.4511475563, 16.2745819092, 53.1123771667, 19.344455719, 13.7256336212, 11.5691900253, 3.98076105118, 7.27903652191, 8.33092880249, 5.88410139084, 3.71288943291, 2.65191078186, 0.864003360271, 0.621106803417, 1.18756914139, 2.04418325424, 0.84843558073, 0.50944930315, 0.469486534595, 0.312339574099, 0.57551407814, 0.671648800373, 1.13591659069, 1.59773516655, 0.688208580017, 0.284645557404, 0.0900632292032, 0.0157274212688, 0.00513019086793, 0.000426077225711, 1.59841874847e-05, 9.44199382502e-06],
        "dvar": [0.000364074803656, 0.043827958405, 0.331791996956, 10.5862026215, 5.73523664474, 159.378677368, 1689.89025879, 508.347290039, 64.1510009766, 777.555297852, 8463.33105469, 2986.52392578, 694.567810059, 287.014160156, 50.4508285522, 992.60546875, 1528.7109375, 322.775634766, 165.4894104, 155.663116455, 10.3086862564, 1.80358016491, 14.7893629074, 13.6192054749, 5.64390850067, 2.40859031677, 7.5572104454, 3.57540154457, 5.41919803619, 8.5464963913, 40.100063324, 55.9265327454, 7.6851682663, 1.74590086937, 0.162655934691, 0.00375269958749, 0.00179006590042, 2.31215130952e-06, 2.04979588858e-09, 7.01534386138e-11],
        "dvar2": [0.000711206055712, 0.0863390341401, 0.849516630173, 34.2881965637, 15.2061662674, 325.342254639, 2815.91430664, 1150.54516602, 133.984268188, 1529.32495117, 13544.3671875, 4527.89404297, 1495.17407227, 632.13671875, 101.587768555, 1638.03295898, 2942.03515625, 758.554626465, 314.527374268, 401.825897217, 25.0004920959, 4.06509971619, 34.55676651, 31.687078476, 12.9544897079, 5.60616874695, 21.331199646, 8.4447183609, 11.6167440414, 19.8864955902, 113.301895142, 112.852752686, 15.6218109131, 4.08302640915, 0.371595025063, 0.007680749055, 0.00356409582309, 3.50437903762e-06, 3.97611188419e-09, 1.18365484081e-10],
        "max": [0.467822402716, 5.00048303604, 10.1400814056, 29.1789245605, 37.9673728943, 170.370361328, 640.418212891, 578.5234375, 136.494293213, 392.918548584, 1385.40332031, 1370.10571289, 559.062866211, 344.607330322, 174.220001221, 965.323425293, 974.869140625, 518.626342773, 337.591400146, 362.260681152, 77.2370300293, 23.9555931091, 99.4976577759, 69.6136550903, 42.559841156, 33.7526130676, 74.3867721558, 56.1914596558, 49.5035705566, 62.7876548767, 157.988021851, 195.8540802, 62.2184944153, 30.9796009064, 9.38350582123, 1.31845295429, 1.42707443237, 0.0522891618311, 0.00111908407416, 0.00012455835531],
        "mean": [0.0331402346492, 0.454037755728, 0.982296526432, 4.02306890488, 4.45086860657, 19.8436012268, 60.7191619873, 24.112821579, 7.109375, 20.7257919312, 71.8812942505, 21.4094963074, 13.8863124847, 13.3693885803, 4.65032958984, 9.87066841125, 9.03485774994, 5.42647409439, 3.18944168091, 1.89809191227, 0.7912093997, 0.61740475893, 1.11112940311, 1.94713652134, 0.898493409157, 0.46640971303, 0.313187897205, 0.25184571743, 0.427280515432, 0.486872524023, 0.748938918114, 1.20311796665, 0.570518374443, 0.209072947502, 0.0694698244333, 0.0128029603511, 0.00458534853533, 0.000457651040051, 2.29656779993e-05, 2.40428325924e-05],
        "median": [0.00899526290596, 0.222100690007, 0.696359872818, 2.41071343422, 3.55700612068, 12.1377086639, 21.7851047516, 9.28407287598, 3.60404729843, 3.31008577347, 5.39102077484, 2.45946240425, 3.86688351631, 3.25765919685, 0.910235881805, 0.357925593853, 0.208815693855, 0.247356265783, 0.200958132744, 0.141029655933, 0.0929574966431, 0.141330897808, 0.173330247402, 0.296599298716, 0.107179202139, 0.0533361546695, 0.034296695143, 0.0142755042762, 0.0129905678332, 0.0128903640434, 0.045504450798, 0.11515840143, 0.0429959967732, 0.0146378641948, 0.00616730609909, 0.00131801189855, 0.000551762408577, 0.000106011597381, 1.19013939184e-05, 1.68665483216e-05],
        "min": [1.40674501381e-07, 1.25799044781e-06, 6.43370412945e-06, 2.1225088858e-05, 5.17716653121e-05, 9.82778001344e-05, 0.000140384843689, 0.000129978798213, 5.88043803873e-05, 2.94205583486e-05, 6.30323775113e-05, 4.76274108223e-05, 3.65157138731e-05, 1.86757279153e-05, 1.06923262138e-05, 8.73432054505e-06, 8.34327784105e-06, 9.25983295019e-06, 8.87934857019e-06, 9.11476672627e-06, 7.41014673622e-06, 6.26332621323e-06, 4.43908675152e-06, 8.40401571622e-06, 5.77256378165e-06, 3.50334221366e-06, 3.12862675855e-06, 2.59967714555e-06, 2.20997094402e-06, 1.96843257072e-06, 1.48645767695e-06, 1.14825672881e-06, 8.01891815172e-07, 5.58377109883e-07, 3.55808083441e-07, 1.9326435563e-07, 9.0429125521e-08, 3.09869427895e-08, 7.16221038033e-09, 7.93599574944e-10],
        "stdev": [0.0518018007278, 0.597646653652, 0.966294765472, 4.01261663437, 3.35483312607, 21.3772315979, 86.559463501, 48.2540092468, 12.1708345413, 44.7799682617, 172.774169922, 86.1259460449, 35.5964622498, 31.147605896, 12.3731937408, 60.7120094299, 56.7536506653, 24.3098735809, 15.0846204758, 11.546626091, 3.72686481476, 1.66390144825, 4.21662664413, 5.55468416214, 3.03886365891, 1.84965538979, 2.31502699852, 2.14825820923, 2.92935013771, 3.37795066833, 5.76315021515, 9.11540699005, 3.46652293205, 1.39678323269, 0.442484498024, 0.0798937231302, 0.0488620847464, 0.00219447817653, 5.94860248384e-05, 2.05610467674e-05],
        "var": [0.00268342671916, 0.357181489468, 0.93372553587, 16.1010913849, 11.2549057007, 456.985992432, 7492.54052734, 2328.44946289, 148.129211426, 2005.24560547, 29850.9140625, 7417.67919922, 1267.10803223, 970.173339844, 153.095916748, 3685.94824219, 3220.97680664, 590.969970703, 227.545776367, 133.324569702, 13.8895206451, 2.76856803894, 17.7799396515, 30.854516983, 9.23469257355, 3.42122507095, 5.35934972763, 4.6150135994, 8.5810918808, 11.4105501175, 33.2139015198, 83.090637207, 12.0167818069, 1.95100343227, 0.195792540908, 0.00638300646096, 0.00238750339486, 4.81573488287e-06, 3.53858720104e-09, 4.22756635254e-10]
    },
    "gfcc": {
        "mean": [-129.37689209, 154.728240967, -60.1551628113, 7.80457210541, -67.4767532349, -4.68210363388, -48.5752868652, 4.47820711136, -29.3750362396, -18.9928722382, -4.83296537399, -10.4191102982, -6.25576639175],
        "cov": [[6470.15039062, -1725.0168457, -1488.89672852, -27.3075447083, -644.93170166, 605.545898438, -314.785125732, 675.105407715, 64.8299484253, 230.17741394, 375.330535889, -271.486206055, -128.360931396], [-1725.0168457, 1961.63452148, 139.305923462, -686.419433594, 607.28729248, -76.0169067383, 557.194946289, -124.477828979, 137.590942383, -116.478546143, 169.953735352, 39.667881012, 133.331329346], [-1488.89672852, 139.305923462, 936.731933594, 273.822570801, -14.5963497162, -71.9952468872, 64.1517715454, -84.4921951294, 19.9590530396, -51.2434082031, -163.452407837, 163.048080444, 24.1223659515], [-27.3075447083, -686.419433594, 273.822570801, 790.593811035, -80.3978424072, -68.4620895386, -139.984786987, 20.47615242, -3.48076081276, 32.1702575684, -125.494438171, 87.2174301147, -3.82242321968], [-644.93170166, 607.28729248, -14.5963497162, -80.3978424072, 433.008026123, -29.8918972015, 141.99899292, -30.6360988617, 11.6815347672, 4.78199100494, 51.3485374451, 34.0675430298, 91.2707290649], [605.545898438, -76.0169067383, -71.9952468872, -68.4620895386, -29.8918972015, 366.458374023, 160.347076416, 43.11769104, -7.53115558624, 53.9469337463, 67.3603744507, 22.4716682434, 16.3568058014], [-314.785125732, 557.194946289, 64.1517715454, -139.984786987, 141.99899292, 160.347076416, 431.215362549, -7.90701055527, 12.2452096939, -5.20283460617, 73.3717193604, 71.2851104736, 50.2447013855], [675.105407715, -124.477828979, -84.4921951294, 20.47615242, -30.6360988617, 43.11769104, -7.90701055527, 250.992843628, 42.9892501831, -18.8222770691, 54.5621681213, 10.421916008, 21.3799743652], [64.8299484253, 137.590942383, 19.9590530396, -3.48076081276, 11.6815347672, -7.53115558624, 12.2452096939, 42.9892501831, 193.726593018, -7.06035995483, -17.3383674622, 8.69193267822, -3.37349963188], [230.17741394, -116.478546143, -51.2434082031, 32.1702575684, 4.78199100494, 53.9469337463, -5.20283460617, -18.8222770691, -7.06035995483, 125.14440155, 6.72362804413, -28.0648651123, -0.8324431777], [375.330535889, 169.953735352, -163.452407837, -125.494438171, 51.3485374451, 67.3603744507, 73.3717193604, 54.5621681213, -17.3383674622, 6.72362804413, 185.940704346, -22.591085434, 4.93882322311], [-271.486206055, 39.667881012, 163.048080444, 87.2174301147, 34.0675430298, 22.4716682434, 71.2851104736, 10.421916008, 8.69193267822, -28.0648651123, -22.591085434, 154.324310303, 52.3416862488], [-128.360931396, 133.331329346, 24.1223659515, -3.82242321968, 91.2707290649, 16.3568058014, 50.2447013855, 21.3799743652, -3.37349963188, -0.8324431777, 4.93882322311, 52.3416862488, 130.849304199]],
        "icov": [[0.000794384803157, 0.000320623948937, 0.000862042594235, -5.07949771418e-05, 0.000652127433568, -0.000742173520848, 0.000160576746566, -0.00127803324722, -0.000478886679048, -0.000626314606052, -0.000769634440076, 0.000207263146876, 7.0417677307e-06], [0.000320623948937, 0.00737185729668, -0.00191662332509, 0.00447888160124, -0.00583256548271, 0.00344335008413, -0.00616315146908, 0.00242193951271, -0.00512579455972, 0.0037109379191, -0.00418901769444, 0.00270772282965, -0.00213777180761], [0.000862042594235, -0.00191662332509, 0.0033197386656, -0.00181428808719, 0.0027622806374, -0.00170494860504, 0.00165386323351, -0.00188560015522, 0.000942082377151, -0.00156622671057, 0.00135491450783, -0.00188542692922, 0.000810405705124], [-5.07949771418e-05, 0.00447888160124, -0.00181428808719, 0.00458965217695, -0.00377467903309, 0.00254294415936, -0.00332461996004, 0.00139367068186, -0.00280385836959, 0.00149767764378, -0.00169294630177, 0.000502054055687, -0.000980860553682], [0.000652127433568, -0.00583256548271, 0.0027622806374, -0.00377467903309, 0.00903704203665, -0.00272941892035, 0.00431032385677, -0.00286650005728, 0.00337328156456, -0.00433360552415, 0.00174871797208, -0.00214196601883, -0.000335485703545], [-0.000742173520848, 0.00344335008413, -0.00170494860504, 0.00254294415936, -0.00272941892035, 0.00679651368409, -0.00501680700108, 0.00214533624239, -0.00189461151604, 0.000569786061533, -0.0019107570406, 0.000339449674357, -0.00132690824103], [0.000160576746566, -0.00616315146908, 0.00165386323351, -0.00332461996004, 0.00431032385677, -0.00501680700108, 0.00932100880891, -0.00235419091769, 0.00383846112527, -0.00313273747452, 0.00216023228131, -0.00346476212144, 0.00184507842641], [-0.00127803324722, 0.00242193951271, -0.00188560015522, 0.00139367068186, -0.00286650005728, 0.00214533624239, -0.00235419091769, 0.0084706954658, -0.00265959254466, 0.00389152602293, -0.00216590985656, 0.000466524885269, -0.00223075598478], [-0.000478886679048, -0.00512579455972, 0.000942082377151, -0.00280385836959, 0.00337328156456, -0.00189461151604, 0.00383846112527, -0.00265959254466, 0.00930926576257, -0.00249941693619, 0.00424923328683, -0.00211899750866, 0.00225353403948], [-0.000626314606052, 0.0037109379191, -0.00156622671057, 0.00149767764378, -0.00433360552415, 0.000569786061533, -0.00313273747452, 0.00389152602293, -0.00249941693619, 0.0127041628584, -0.00160207925364, 0.00368591095321, -0.00194215215743], [-0.000769634440076, -0.00418901769444, 0.00135491450783, -0.00169294630177, 0.00174871797208, -0.0019107570406, 0.00216023228131, -0.00216590985656, 0.00424923328683, -0.00160207925364, 0.0110470671207, -0.00128799909726, 0.00195532618091], [0.000207263146876, 0.00270772282965, -0.00188542692922, 0.000502054055687, -0.00214196601883, 0.000339449674357, -0.00346476212144, 0.000466524885269, -0.00211899750866, 0.00368591095321, -0.00128799909726, 0.0118826618418, -0.00422347756103], [7.0417677307e-06, -0.00213777180761, 0.000810405705124, -0.000980860553682, -0.000335485703545, -0.00132690824103, 0.00184507842641, -0.00223075598478, 0.00225353403948, -0.00194215215743, 0.00195532618091, -0.00422347756103, 0.0113668339327]]
    },
    "melbands": {
        "dmean": [7.12598266546e-05, 0.000161602933076, 0.000358443969162, 0.000306946749333, 0.000848897034302, 0.000271340482868, 5.18935303262e-05, 0.000194092586753, 0.000301439285977, 7.32563785277e-05, 4.80505441374e-05, 3.53058276232e-05, 1.1210008779e-05, 1.05131412056e-05, 2.17697597691e-05, 8.90758747119e-06, 7.85192878539e-06, 4.67193558507e-06, 3.07658115162e-06, 1.00328168173e-06, 6.26002417903e-07, 4.13634040797e-07, 5.3091969221e-07, 9.22686012927e-07, 1.1922078329e-06, 6.2149695168e-07, 3.79946584417e-07, 2.06944520187e-07, 1.74668599584e-07, 1.48373558773e-07, 1.3416192246e-07, 2.40443512212e-07, 2.1201529421e-07, 2.73960921504e-07, 3.64823193877e-07, 5.30865804649e-07, 8.02918748377e-07, 4.00007508006e-07, 1.51059794007e-07, 1.78019448072e-07],
        "dmean2": [0.00011356316827, 0.000273228157312, 0.000622155086603, 0.000458824331872, 0.0011466027936, 0.000405251746997, 7.84402654972e-05, 0.000269659794867, 0.000404920254368, 0.00010242236749, 7.44188000681e-05, 5.56750201213e-05, 1.78758746188e-05, 1.53992805281e-05, 3.01723302982e-05, 1.25768037833e-05, 1.23470435938e-05, 7.24790152162e-06, 4.96969369124e-06, 1.54709630351e-06, 1.0008989193e-06, 6.21356434749e-07, 7.93096489815e-07, 1.40499480494e-06, 1.84878319942e-06, 9.83620907391e-07, 5.97116752488e-07, 3.06981604581e-07, 2.80150430854e-07, 2.45386701181e-07, 1.92461527604e-07, 3.67415339042e-07, 3.38005634148e-07, 4.25063319653e-07, 6.2336874862e-07, 8.85691292751e-07, 1.19222636386e-06, 6.04565457252e-07, 2.40488503778e-07, 2.7176267281e-07],
        "dvar": [4.13324201531e-08, 7.86418752341e-08, 2.12586996895e-07, 1.77693067371e-07, 1.45670389884e-06, 2.69210204351e-07, 1.3497208684e-08, 2.34135455912e-07, 4.76670635408e-07, 8.9273804349e-08, 2.13270237026e-08, 7.38116101573e-09, 9.87002035657e-10, 3.78852860194e-09, 2.64181316822e-08, 2.29660890305e-09, 1.67794256267e-09, 8.0852458062e-10, 4.69519256807e-10, 3.74289974014e-11, 1.43650803058e-11, 1.78438622385e-12, 4.96738978076e-12, 1.53816508142e-11, 1.10725179026e-11, 5.28361512528e-12, 7.57948738495e-12, 5.73612771865e-13, 1.64115541903e-12, 3.60970910281e-12, 1.18590781726e-12, 2.55891900551e-12, 1.91475980037e-12, 3.24669457985e-12, 9.53674118842e-12, 2.69623334076e-11, 4.43276214346e-11, 5.98060229812e-12, 8.75480460696e-13, 2.22792964633e-12],
        "dvar2": [7.77682060971e-08, 1.83622375971e-07, 6.71322595736e-07, 3.88389565842e-07, 2.24884706768e-06, 5.67814538499e-07, 2.71457611944e-08, 3.87756301734e-07, 7.79848392085e-07, 1.36682402285e-07, 4.5571290741e-08, 1.58823780794e-08, 2.16181894608e-09, 6.46652287273e-09, 4.24309298808e-08, 4.84052398164e-09, 4.07008649006e-09, 1.53238621792e-09, 1.19670973131e-09, 9.23043516621e-11, 3.36708959325e-11, 4.13345226102e-12, 1.13217742473e-11, 3.78818955371e-11, 2.6255754515e-11, 1.23491885121e-11, 2.01191112381e-11, 1.23088041495e-12, 4.58595531341e-12, 1.01377239936e-11, 2.49608580333e-12, 5.58669516898e-12, 4.32598488281e-12, 7.88636256993e-12, 2.69156225086e-11, 7.6957912265e-11, 8.46670372701e-11, 1.31090251501e-11, 2.06481641681e-12, 5.34600835822e-12],
        "max": [0.00538793206215, 0.00463811308146, 0.00416186824441, 0.00524275423959, 0.0211209896952, 0.011343980208, 0.0020354045555, 0.00746014155447, 0.00931912846863, 0.00736740371212, 0.00318373111077, 0.00197527743876, 0.000550320895854, 0.00198708265088, 0.00548464432359, 0.00135594629683, 0.00114542280789, 0.000772317638621, 0.000589524512179, 0.000167159596458, 8.12951329863e-05, 2.32031707128e-05, 4.3713782361e-05, 9.28539448068e-05, 6.20521532255e-05, 3.79692246497e-05, 6.71861562296e-05, 1.77032725333e-05, 3.31710871251e-05, 5.41979679838e-05, 2.87844413833e-05, 3.67760694644e-05, 2.74826888926e-05, 3.61749480362e-05, 7.21883625374e-05, 0.00012764679559, 0.000177927839104, 5.92207616137e-05, 1.58631446538e-05, 3.95810857299e-05],
        "mean": [0.00041756030987, 0.000602062849794, 0.000678672804497, 0.000728081446141, 0.00196654326282, 0.000614569406025, 9.54715069383e-05, 0.000349252048181, 0.000544356240425, 0.000106722851342, 7.22769182175e-05, 6.17355981376e-05, 1.77328965947e-05, 2.00561771635e-05, 3.58109718945e-05, 1.11055114758e-05, 1.02893855001e-05, 5.67018832953e-06, 3.30497573486e-06, 1.2596040051e-06, 8.38920925617e-07, 5.56949601105e-07, 7.08117738668e-07, 1.20727145259e-06, 1.68390545241e-06, 8.72653743045e-07, 4.48356189509e-07, 2.71493462378e-07, 1.96626587012e-07, 1.37216659368e-07, 1.5771456674e-07, 2.50667369528e-07, 2.3345474176e-07, 2.84514413806e-07, 3.79864559363e-07, 5.30434022039e-07, 8.87251928816e-07, 4.74578797593e-07, 1.73930374103e-07, 1.82395538673e-07],
        "median": [0.000167649093783, 0.000419670570409, 0.000450530991657, 0.000500367314089, 0.000891016563401, 0.000231383310165, 4.09006897826e-05, 2.87792499876e-05, 3.78157928935e-05, 6.84657379679e-06, 1.85345088539e-05, 1.33766716317e-05, 2.92645017907e-06, 1.11693202598e-06, 3.72706722374e-07, 4.10855790278e-07, 3.89218001828e-07, 3.01301270156e-07, 1.9547948682e-07, 1.20869557918e-07, 7.83321425502e-08, 1.18097979396e-07, 1.17333193828e-07, 1.88301015669e-07, 2.32575501968e-07, 9.02451162688e-08, 3.67938781665e-08, 2.81763146148e-08, 2.12485726792e-08, 7.22024617872e-09, 6.13265660476e-09, 7.44727213231e-09, 4.80228212751e-09, 6.10788353228e-09, 1.50799195353e-08, 4.35666116516e-08, 8.09333755569e-08, 3.17461861243e-08, 8.64467164519e-09, 1.01968602451e-08],
        "min": [1.41584743929e-09, 2.90536728009e-09, 4.49022108384e-09, 5.39510303099e-09, 4.96534013905e-09, 2.92807933455e-09, 7.91869847472e-10, 3.51823681299e-10, 5.14788878192e-10, 2.8809754582e-10, 1.75576400641e-10, 7.36205055252e-11, 4.33160868285e-11, 1.95783927265e-11, 2.41577417792e-11, 1.62051292524e-11, 1.72220675221e-11, 1.30784662614e-11, 1.46763885767e-11, 1.08000622334e-11, 8.19682256098e-12, 6.43768632153e-12, 5.51271615162e-12, 3.14298912417e-12, 7.58183966998e-12, 4.23528313115e-12, 3.36926840594e-12, 2.07713013456e-12, 1.94155325497e-12, 1.64541145466e-12, 1.48815161582e-12, 1.23630500368e-12, 1.20324507736e-12, 1.0362404294e-12, 8.41061595369e-13, 7.84105419482e-13, 6.80186701234e-13, 5.69876014867e-13, 4.84450695705e-13, 4.70956064945e-13],
        "stdev": [0.000574234232772, 0.00060431152815, 0.000599345483351, 0.000673295930028, 0.00263524567708, 0.00117276364472, 0.000182213931112, 0.000832962396089, 0.00130045146216, 0.000473516178317, 0.000197146495339, 0.000151976011693, 4.89843660034e-05, 0.000110955937998, 0.000291532662231, 6.08571317571e-05, 5.11733451276e-05, 3.26581575791e-05, 2.06135355256e-05, 6.28903853794e-06, 4.49730305263e-06, 1.56094256454e-06, 2.44032798946e-06, 4.35280026068e-06, 4.89916010338e-06, 3.02279227071e-06, 2.54833594227e-06, 1.02464025531e-06, 1.12428847387e-06, 1.61609159477e-06, 1.33470416586e-06, 1.84355860711e-06, 1.68140388723e-06, 2.00242152459e-06, 2.84942802864e-06, 4.46938156529e-06, 7.56767894927e-06, 2.94573123938e-06, 1.03288846276e-06, 1.47612547607e-06],
        "var": [3.29744949568e-07, 3.65192391882e-07, 3.59215022172e-07, 4.53327430705e-07, 6.94452000971e-06, 1.37537449518e-06, 3.32019176597e-08, 6.93826336828e-07, 1.69117390669e-06, 2.24217572509e-07, 3.88667409368e-08, 2.30967085457e-08, 2.39946795766e-09, 1.23112195993e-08, 8.49912922263e-08, 3.70359054536e-09, 2.61871124785e-09, 1.06655517751e-09, 4.24917878661e-10, 3.9552004033e-11, 2.02257360166e-11, 2.43654163685e-12, 5.95520074226e-12, 1.89468701145e-11, 2.40017675873e-11, 9.13727253582e-12, 6.49401582856e-12, 1.04988771583e-12, 1.26402469221e-12, 2.61175217738e-12, 1.78143513396e-12, 3.39870818121e-12, 2.82711918112e-12, 4.00969188408e-12, 8.1192396556e-12, 1.99753703162e-11, 5.72697653189e-11, 8.67733315757e-12, 1.06685862401e-12, 2.17894647637e-12]
    },
    "melbands128": {
