{
"lowlevel": {
    "average_loudness": 0.978227972984,
    "barkbands_crest": {
        "dmean": 3.15495038033,
        "dmean2": 4.65825033188,
        "dvar": 8.24431324005,
        "dvar2": 17.3920478821,
        "max": 24.3887310028,
        "mean": 10.8602437973,
        "median": 10.1299972534,
        "min": 2.76663923264,
        "stdev": 4.86762571335,
        "var": 23.6937789917
    },
    "barkbands_flatness_db": {
        "dmean": 0.0276232361794,
        "dmean2": 0.0402902662754,
        "dvar": 0.000749934639316,
        "dvar2": 0.00168560736347,
        "max": 0.294349789619,
        "mean": 0.113961867988,
        "median": 0.11086692661,
        "min": 0.0254185497761,
        "stdev": 0.0453254841268,
        "var": 0.00205439934507
    },
    "barkbands_kurtosis": {
        "dmean": 3.57032394409,
        "dmean2": 5.89402389526,
        "dvar": 57.7341346741,
        "dvar2": 149.346466064,
        "max": 120.770011902,
        "mean": 3.8418507576,
        "median": 1.44148635864,
        "min": -1.93048715591,
        "stdev": 8.02559280396,
        "var": 64.4101409912
    },
    "barkbands_skewness": {
        "dmean": 0.726770818233,
        "dmean2": 1.10832536221,
        "dvar": 0.748135507107,
        "dvar2": 1.61528396606,
        "max": 8.8201675415,
        "mean": 1.32874560356,
        "median": 1.14765679836,
        "min": -3.78136086464,
        "stdev": 1.42097663879,
        "var": 2.01917457581
    },
    "barkbands_spread": {
        "dmean": 10.4742174149,
        "dmean2": 15.3870668411,
        "dvar": 139.562942505,
        "dvar2": 275.25088501,
        "max": 125.602416992,
        "mean": 31.1062602997,
        "median": 25.8498973846,
        "min": 1.54571509361,
        "stdev": 20.0359230042,
        "var": 401.438232422
    },
    "dissonance": {
        "dmean": 0.019721031189,
        "dmean2": 0.0332600437105,
        "dvar": 0.000437613663962,
        "dvar2": 0.0011394059984,
        "max": 0.499927580357,
        "mean": 0.465662926435,
        "median": 0.47386687994,
        "min": 0.314509510994,
        "stdev": 0.0305117890239,
        "var": 0.000930969312321
    },
    "dynamic_complexity": 1.94085896015,
    "erbbands_crest": {
        "dmean": 3.06302237511,
        "dmean2": 4.89842700958,
        "dvar": 8.77304553986,
        "dvar2": 20.8436641693,
        "max": 30.2829532623,
        "mean": 9.60134887695,
        "median": 8.01263141632,
        "min": 2.60302710533,
        "stdev": 5.34353160858,
        "var": 28.5533275604
    },
    "erbbands_flatness_db": {
        "dmean": 0.0201042331755,
        "dmean2": 0.0273342467844,
        "dvar": 0.000313195807394,
        "dvar2": 0.00060184072936,
        "max": 0.288696318865,
        "mean": 0.131546825171,
        "median": 0.126080200076,
        "min": 0.041338276118,
        "stdev": 0.0423634573817,
        "var": 0.00179466244299
    },
    "erbbands_kurtosis": {
        "dmean": 1.43350589275,
        "dmean2": 2.18901014328,
        "dvar": 3.5461063385,
        "dvar2": 8.04376220703,
        "max": 19.6936302185,
        "mean": 1.37140095234,
        "median": 0.490223884583,
        "min": -1.73139452934,
        "stdev": 2.8127014637,
        "var": 7.91128969193
    },
    "erbbands_skewness": {
        "dmean": 0.473278313875,
        "dmean2": 0.714689075947,
        "dvar": 0.20155839622,
        "dvar2": 0.435707002878,
        "max": 3.88155174255,
        "mean": 0.284735232592,
        "median": 0.271756768227,
        "min": -3.86418247223,
        "stdev": 0.970219135284,
        "var": 0.941325128078
    },
    "erbbands_spread": {
        "dmean": 11.6028547287,
        "dmean2": 17.284992218,
        "dvar": 155.372497559,
        "dvar2": 351.520965576,
        "max": 168.695587158,
        "mean": 40.7329025269,
        "median": 35.3903846741,
        "min": 4.99042654037,
        "stdev": 23.0064201355,
        "var": 529.295349121
    },
    "hfc": {
        "dmean": 14.2423095703,
        "dmean2": 20.0141963959,
        "dvar": 294.358154297,
        "dvar2": 565.137512207,
        "max": 159.206710815,
        "mean": 37.6958007812,
        "median": 30.6681442261,
        "min": 1.19857557552e-16,
        "stdev": 27.4543819427,
        "var": 753.743041992
    },
    "loudness_ebu128": {
        "integrated": -6.91729354858,
        "loudness_range": 0.758248329163,
        "momentary": {
            "dmean": 0.664947330952,
            "dmean2": 0.950375080109,
            "dvar": 0.318200021982,
            "dvar2": 0.643960416317,
            "max": -5.12103223801,
            "mean": -7.03788709641,
            "median": -6.84412670135,
            "min": -11.5300226212,
            "stdev": 1.0736014843,
            "var": 1.15262019634
        },
        "short_term": {
            "dmean": 0.0697959512472,
            "dmean2": 0.0802561193705,
            "dvar": 0.00258456310257,
            "dvar2": 0.00349333602935,
            "max": -6.19932365417,
            "mean": -6.94465923309,
            "median": -6.94183826447,
            "min": -7.61425685883,
            "stdev": 0.252910673618,
            "var": 0.0639638081193
        }
    },
    "melbands_crest": {
        "dmean": 4.10591506958,
        "dmean2": 6.32803010941,
        "dvar": 16.4878578186,
        "dvar2": 35.1142539978,
        "max": 36.1719245911,
        "mean": 15.7272920609,
        "median": 14.7265310287,
        "min": 1.66281282902,
        "stdev": 6.81207275391,
        "var": 46.404335022
    },
    "melbands_flatness_db": {
        "dmean": 0.0363128073514,
        "dmean2": 0.0522195473313,
        "dvar": 0.00155797961634,
        "dvar2": 0.00315000885166,
        "max": 0.425336390734,
        "mean": 0.177965670824,
        "median": 0.179485708475,
        "min": 0.00421037431806,
        "stdev": 0.0702923089266,
        "var": 0.00494100851938
    },
    "melbands_kurtosis": {
        "dmean": 10.2377719879,
        "dmean2": 16.3897190094,
        "dvar": 378.057434082,
        "dvar2": 903.440734863,
        "max": 248.885009766,
        "mean": 15.1021575928,
        "median": 6.17962551117,
        "min": -1.83395576477,
        "stdev": 24.6076068878,
        "var": 605.534301758
    },
    "melbands_skewness": {
        "dmean": 1.01494431496,
        "dmean2": 1.51406526566,
        "dvar": 1.47266316414,
        "dvar2": 3.13722157478,
        "max": 15.1624383926,
        "mean": 2.64569401741,
        "median": 2.11008143425,
        "min": -1.83511662483,
        "stdev": 2.13897585869,
        "var": 4.57521724701
    },
    "melbands_spread": {
        "dmean": 13.8902845383,
        "dmean2": 21.5567703247,
        "dvar": 402.791137695,
        "dvar2": 842.199584961,
        "max": 251.120513916,
        "mean": 33.4640388489,
        "median": 24.5155544281,
        "min": 1.041852355,
        "stdev": 31.3976192474,
        "var": 985.810546875
    },
    "pitch_salience": {
        "dmean": 0.0857348740101,
        "dmean2": 0.130042821169,
        "dvar": 0.00775316404179,
        "dvar2": 0.0166483577341,
        "max": 0.88050287962,
        "mean": 0.523842096329,
        "median": 0.516434490681,
        "min": 0.0543901398778,
        "stdev": 0.142244875431,
        "var": 0.020233605057
    },
    "silence_rate_20dB": {
        "dmean": 0,
        "dmean2": 0,
        "dvar": 0,
        "dvar2": 0,
        "max": 1,
        "mean": 1,
        "median": 1,
        "min": 1,
        "stdev": 0,
        "var": 0
    },
    "silence_rate_30dB": {
        "dmean": 0.0356037169695,
        "dmean2": 0.0712625905871,
        "dvar": 0.0343359857798,
        "dvar2": 0.0909725278616,
        "max": 1,
        "mean": 0.976798117161,
        "median": 1,
        "min": 0,
        "stdev": 0.150542974472,
        "var": 0.0226631872356
    },
    "silence_rate_60dB": {
        "dmean": 0.0216718260199,
        "dmean2": 0.0418280400336,
        "dvar": 0.0212018135935,
        "dvar2": 0.0462757572532,
        "max": 1,
        "mean": 0.0239752512425,
        "median": 0,
        "min": 0,
        "stdev": 0.152970686555,
        "var": 0.0234000310302
    },
    "spectral_centroid": {
        "dmean": 409.343231201,
        "dmean2": 616.197753906,
        "dvar": 278264.65625,
        "dvar2": 510011.15625,
        "max": 11287.3515625,
        "mean": 1732.10388184,
        "median": 1470.2668457,
        "min": 226.825027466,
        "stdev": 946.05078125,
        "var": 895012.0625
    },
    "spectral_complexity": {
        "dmean": 6.07275533676,
        "dmean2": 8.74360942841,
        "dvar": 42.3461036682,
        "dvar2": 78.8692016602,
        "max": 62,
        "mean": 21.7022418976,
        "median": 19,
        "min": 0,
        "stdev": 11.6980047226,
        "var": 136.843307495
    },
    "spectral_decrease": {
        "dmean": 3.43231132405e-09,
        "dmean2": 4.99147212452e-09,
        "dvar": 2.39240650921e-17,
        "dvar2": 5.71350986796e-17,
        "max": 3.03835099231e-29,
        "mean": -9.54418499788e-09,
        "median": -8.04069966165e-09,
        "min": -4.34596572063e-08,
        "stdev": 7.23671744751e-09,
        "var": 5.23700817476e-17
    },
    "spectral_energy": {
        "dmean": 0.0134714972228,
        "dmean2": 0.0192990694195,
        "dvar": 0.000332668161718,
        "dvar2": 0.000784811447375,
        "max": 0.167557641864,
        "mean": 0.0394410863519,
        "median": 0.0343254506588,
        "min": 1.07567705845e-20,
        "stdev": 0.0279406439513,
        "var": 0.000780679576565
    },
    "spectral_energyband_high": {
        "dmean": 0.00123996415641,
        "dmean2": 0.00178809277713,
        "dvar": 3.34479318553e-06,
        "dvar2": 7.012190963e-06,
        "max": 0.0153828561306,
        "mean": 0.00237707956694,
        "median": 0.00101820193231,
        "min": 8.14427329277e-21,
        "stdev": 0.00284064933658,
        "var": 8.06928892416e-06
    },
    "spectral_energyband_low": {
        "dmean": 0.0103040104732,
        "dmean2": 0.0158905331045,
        "dvar": 0.000421398144681,
        "dvar2": 0.0010643118294,
        "max": 0.149200886488,
        "mean": 0.0197281874716,
        "median": 0.0108721666038,
        "min": 4.43610502688e-23,
        "stdev": 0.0251756124198,
        "var": 0.000633811461739
    },
    "spectral_energyband_middle_high": {
        "dmean": 0.00323034962639,
        "dmean2": 0.00493592070416,
        "dvar": 1.57465292432e-05,
        "dvar2": 3.64494771929e-05,
        "max": 0.0455321632326,
        "mean": 0.00785024091601,
        "median": 0.00566161517054,
        "min": 1.41480125807e-21,
        "stdev": 0.00719313044101,
        "var": 5.174112448e-05
    },
    "spectral_energyband_middle_low": {
        "dmean": 0.00536297494546,
        "dmean2": 0.00835599936545,
        "dvar": 4.92984981975e-05,
        "dvar2": 0.000114174290502,
        "max": 0.0480338186026,
        "mean": 0.0109305791557,
        "median": 0.0089977607131,
        "min": 3.28416401116e-22,
        "stdev": 0.00896618142724,
        "var": 8.0392412201e-05
    },
    "spectral_entropy": {
        "dmean": 0.190454751253,
        "dmean2": 0.264585793018,
        "dvar": 0.0412405245006,
        "dvar2": 0.0735886022449,
        "max": 9.79987430573,
        "mean": 7.90007209778,
        "median": 7.86272764206,
        "min": 6.25061368942,
        "stdev": 0.420875012875,
        "var": 0.177135765553
    },
    "spectral_flux": {
        "dmean": 0.0361758470535,
        "dmean2": 0.0519278347492,
        "dvar": 0.00143231125548,
        "dvar2": 0.00259283254854,
        "max": 0.369655042887,
        "mean": 0.109544970095,
        "median": 0.0937003940344,
        "min": 1.03714849209e-10,
        "stdev": 0.0613995976746,
        "var": 0.00376991042867
    },
    "spectral_kurtosis": {
        "dmean": 1.00089979172,
        "dmean2": 1.45451545715,
        "dvar": 1.15143954754,
        "dvar2": 2.49038696289,
        "max": 13.640007019,
        "mean": 3.32053947449,
        "median": 3.09924411774,
        "min": -1.27056264877,
        "stdev": 2.14573550224,
        "var": 4.604180336
    },
    "spectral_rms": {
        "dmean": 0.00101502111647,
        "dmean2": 0.00138195825275,
        "dvar": 1.15352793273e-06,
        "dvar2": 2.33608193412e-06,
        "max": 0.0127855725586,
        "mean": 0.00580989569426,
        "median": 0.00578690320253,
        "min": 3.23950783733e-12,
        "stdev": 0.00217350595631,
        "var": 4.72412784802e-06
    },
    "spectral_rolloff": {
        "dmean": 1068.52868652,
        "dmean2": 1690.84875488,
        "dvar": 2993960.5,
        "dvar2": 5918038.5,
        "max": 18497.0214844,
        "mean": 2547.6796875,
        "median": 1399.65820312,
        "min": 64.599609375,
        "stdev": 2981.82592773,
        "var": 8891286
    },
    "spectral_skewness": {
        "dmean": 0.210898920894,
        "dmean2": 0.300659954548,
        "dvar": 0.0482893846929,
        "dvar2": 0.0935610234737,
        "max": 3.21847009659,
        "mean": 1.53567004204,
        "median": 1.55412566662,
        "min": -0.0140054328367,
        "stdev": 0.481174618006,
        "var": 0.231529027224
    },
    "spectral_spread": {
        "dmean": 884525.1875,
        "dmean2": 1227165.625,
        "dvar": 1.67169923482e+12,
        "dvar2": 2.39035691827e+12,
        "max": 40959192,
        "mean": 6531963.5,
        "median": 6288958,
        "min": 2402297.75,
        "stdev": 2132202.25,
        "var": 4.54628632166e+12
    },
    "spectral_strongpeak": {
        "dmean": 0.672825217247,
        "dmean2": 1.12963402271,
        "dvar": 1.09847772121,
        "dvar2": 2.64591670036,
        "max": 7.49995470047,
        "mean": 1.11395657063,
        "median": 0.495108157396,
        "min": 0,
        "stdev": 1.38479471207,
        "var": 1.91765642166
    },
    "zerocrossingrate": {
        "dmean": 0.0218165721744,
        "dmean2": 0.0238607283682,
        "dvar": 0.000690807239152,
        "dvar2": 0.000745487748645,
        "max": 0.50537109375,
        "mean": 0.0990217775106,
        "median": 0.0751953125,
        "min": 0.00390625,
        "stdev": 0.0719746053219,
        "var": 0.00518034398556
    },
    "barkbands": {
        "dmean": [0.000497453496791, 0.00712795602158, 0.00461323652416, 0.00170510064345, 0.00125445763115, 0.000994980335236, 0.000770128215663, 0.00110723765101, 0.00126065395307, 0.00135767762549, 0.000637788733002, 0.000559869280551, 0.000497214903589, 0.000511397083756, 0.000454573339084, 0.000379635486752, 0.000319877639413, 0.000365478161257, 0.000311381940264, 0.0002276852465, 0.000253552716458, 0.000257061881712, 0.000223974100663, 0.00020604195015, 0.000253567675827, 0.000167005593539, 1.91621511476e-05],
        "dmean2": [0.000680009194184, 0.0103741977364, 0.00816488265991, 0.00276412442327, 0.00212906324305, 0.00160810363013, 0.001197431935, 0.0016985925613, 0.00193195417523, 0.0020697535947, 0.000960967503488, 0.000838696549181, 0.000820056593511, 0.000826890463941, 0.000708591134753, 0.000612626143266, 0.000514995597769, 0.000617953599431, 0.000507308111992, 0.000362459628377, 0.000399899057811, 0.000394857459469, 0.000342720712069, 0.00030205163057, 0.000365704589058, 0.000224992152653, 2.91873384413e-05],
        "dvar": [7.64794947372e-07, 0.00015821652778, 0.000169155027834, 1.38854202305e-05, 6.3718466663e-06, 3.47158174918e-06, 2.6809591418e-06, 5.89100545767e-06, 8.94050390343e-06, 7.97149823484e-06, 2.89621743832e-06, 1.52279494614e-06, 9.62953322414e-07, 8.53293329328e-07, 6.21747346941e-07, 5.59859529403e-07, 2.99998418996e-07, 5.20802927895e-07, 3.70991415366e-07, 1.58623237212e-07, 1.87082520142e-07, 1.80445027809e-07, 1.38010221917e-07, 1.16218906498e-07, 1.36554902497e-07, 9.34565420607e-08, 1.24760213271e-09],
        "dvar2": [1.22122821722e-06, 0.000311669835355, 0.000483330048155, 3.48533358192e-05, 1.6384801711e-05, 8.54841709952e-06, 5.91152320339e-06, 1.31410988615e-05, 2.15681084228e-05, 1.77830515895e-05, 6.39236805e-06, 3.47077730112e-06, 2.42617784352e-06, 2.01020179702e-06, 1.34080073622e-06, 1.42465557929e-06, 7.59629642744e-07, 1.4537873767e-06, 9.32423063205e-07, 3.55594806933e-07, 4.42156306235e-07, 3.93081108996e-07, 3.13311488753e-07, 2.49738093316e-07, 2.98568977541e-07, 1.78570061848e-07, 2.97778424141e-09],
        "max": [0.00674530491233, 0.0931484177709, 0.0849136859179, 0.0273732990026, 0.0257011856884, 0.0222288481891, 0.0313076302409, 0.0379629246891, 0.0439851209521, 0.0419571846724, 0.0278561152518, 0.0199234317988, 0.012702097185, 0.0112053137273, 0.0136643908918, 0.0126691572368, 0.00773364538327, 0.00552737945691, 0.00622849492356, 0.00423630513251, 0.00364669947885, 0.00446569500491, 0.00423041079193, 0.00505818380043, 0.00443485938013, 0.00432439800352, 0.000329936243361],
        "mean": [0.000663058541249, 0.0136054968461, 0.00446725776419, 0.00191904779058, 0.00180522212759, 0.00139526173007, 0.00118935306091, 0.00173693324905, 0.00192376004998, 0.00251294625923, 0.00098437757697, 0.000824423506856, 0.000664032588247, 0.000692205387168, 0.000641527643893, 0.000535616301931, 0.000480330723803, 0.000446242920589, 0.000426297774538, 0.000307462294586, 0.000341623468557, 0.000376657728339, 0.000343815714587, 0.000370039750123, 0.000485203694552, 0.000278739345958, 2.41586076299e-05],
        "median": [0.000133602443384, 0.00567345554009, 0.00148708000779, 0.000647851149552, 0.000829351716675, 0.000591104733758, 0.000286069465801, 0.000382816040656, 0.000517192762345, 0.000410750333685, 0.000216038170038, 0.000261363224126, 0.00027187744854, 0.000243945250986, 0.000328389724018, 0.000262342946371, 0.00027330085868, 0.000219716690481, 0.000204803029192, 0.000104012520751, 0.000123413439724, 8.43013840495e-05, 8.80354855326e-05, 0.00015627942048, 0.000285701098619, 9.6364019555e-05, 6.30886052022e-06],
        "min": [2.73045332789e-23, 2.19549266927e-23, 2.1191028502e-24, 1.08645789285e-23, 5.94496180465e-23, 5.26726749374e-23, 2.25438176694e-23, 2.70987257797e-23, 1.17247146787e-22, 7.67117626754e-23, 7.46681964123e-23, 9.62002116183e-23, 1.40034700388e-22, 1.06749490732e-22, 1.01328255575e-22, 1.28068463006e-22, 8.17712767077e-23, 2.26277998013e-22, 2.8144961706e-22, 2.43204605389e-22, 3.88902216361e-22, 4.19213155348e-22, 7.44288976655e-22, 1.06012666878e-21, 1.35378871094e-21, 1.85934550702e-21, 2.29625237071e-21],
        "stdev": [0.00117913691793, 0.0184645075351, 0.0102458894253, 0.00355340447277, 0.00266059930436, 0.00224467599764, 0.00284329173155, 0.00364864058793, 0.00393102830276, 0.0051347753033, 0.00268626888283, 0.00179818389006, 0.00121164927259, 0.00116882845759, 0.0010098349303, 0.000821766152512, 0.000638008990791, 0.000665704079438, 0.000652112590615, 0.000493941013701, 0.000521902111359, 0.000614821794443, 0.000570352945942, 0.000520184577908, 0.000569084251765, 0.000461324205389, 4.23513483838e-05],
        "var": [1.39036399105e-06, 0.000340938044246, 0.000104978251329, 1.26266832012e-05, 7.07878825779e-06, 5.03857017975e-06, 8.08430741017e-06, 1.33125786306e-05, 1.54529843712e-05, 2.63659185293e-05, 7.21604055798e-06, 3.23346512232e-06, 1.46809395574e-06, 1.36615983592e-06, 1.01976650058e-06, 6.75299645536e-07, 4.07055438245e-07, 4.43161923158e-07, 4.25250817671e-07, 2.43977723358e-07, 2.7238183975e-07, 3.78005864832e-07, 3.25302494275e-07, 2.70591982598e-07, 3.23856880868e-07, 2.1282001228e-07, 1.7936365726e-09]
    },
    "erbbands": {
        "dmean": [0.255315840244, 1.71364474297, 4.97134542465, 5.56787872314, 4.87400579453, 4.0458483696, 5.1484503746, 9.16511535645, 11.9818696976, 15.7942037582, 21.2591495514, 31.0071601868, 38.5565223694, 31.0623760223, 28.1760597229, 23.6019439697, 21.139251709, 21.9482460022, 27.9746246338, 18.3708076477, 18.8465270996, 16.025800705, 20.9899215698, 15.6861095428, 13.9835481644, 11.6014080048, 10.4571027756, 10.3921756744, 9.20000076294, 7.64642000198, 6.10495376587, 4.20505094528, 3.75765800476, 2.95109629631, 1.8918364048, 0.826845169067, 0.272099375725, 0.070467159152, 0.00209309556521, 5.57397179364e-05],
        "dmean2": [0.326295107603, 2.51026010513, 8.6369228363, 9.2960767746, 8.04635334015, 6.96536636353, 8.28738594055, 14.9618015289, 18.1358947754, 24.9573383331, 33.0125617981, 47.674369812, 58.8232307434, 46.5523376465, 41.7606887817, 36.0686531067, 34.6076583862, 35.7774963379, 44.3232765198, 28.7441577911, 30.4972171783, 25.3430576324, 35.003364563, 25.2517318726, 22.6441402435, 18.5819892883, 16.5368652344, 16.4354038239, 14.1797008514, 11.5128803253, 9.37467956543, 6.31956005096, 5.56552743912, 4.33576488495, 2.76064229012, 1.13557553291, 0.376685708761, 0.0991064086556, 0.00301389419474, 7.5960844697e-05],
        "dvar": [0.182698175311, 11.0314159393, 199.114257812, 175.381698608, 113.001319885, 73.1497116089, 85.6680297852, 341.193511963, 716.913574219, 1301.78967285, 2473.94262695, 6085.76513672, 8086.61523438, 4965.58056641, 6125.59228516, 2892.69384766, 1921.39758301, 1417.28955078, 2604.72167969, 747.966125488, 1548.20825195, 693.131347656, 1640.88122559, 697.153015137, 759.247497559, 456.190948486, 354.492828369, 268.99331665, 221.059906006, 176.752456665, 100.635307312, 48.6912078857, 38.890789032, 20.9554519653, 8.1524105072, 2.08246994019, 0.294517338276, 0.0347039885819, 1.80578699656e-05, 8.1355393533e-09],
        "dvar2": [0.305425226688, 23.2288799286, 560.108764648, 469.353179932, 269.080230713, 196.332733154, 218.464752197, 853.187927246, 1575.45336914, 2981.34423828, 5518.97900391, 15075.4326172, 18428.7324219, 10011.7021484, 14073.5380859, 6889.11474609, 4941.60253906, 3446.33618164, 5724.74365234, 1768.12548828, 3952.27856445, 1685.64001465, 4585.57763672, 1748.87780762, 1840.64099121, 1080.99536133, 863.648254395, 607.89239502, 484.03024292, 412.496429443, 222.307846069, 106.618400574, 84.6148529053, 48.84116745, 17.182226181, 4.09983873367, 0.607727646828, 0.0767422616482, 3.87007494282e-05, 1.60548392358e-08],
        "max": [3.4552385807, 26.3030509949, 87.6976470947, 88.0988616943, 92.7499237061, 108.802268982, 118.304138184, 241.408889771, 485.746063232, 433.605499268, 1044.14440918, 1217.6697998, 1555.96264648, 1518.31933594, 1408.43505859, 816.52746582, 673.876464844, 453.297424316, 970.578796387, 257.875946045, 697.15612793, 271.371734619, 326.774230957, 226.963287354, 285.415710449, 229.287414551, 162.868103027, 166.278457642, 188.708282471, 175.415939331, 125.751502991, 76.3323898315, 88.5721740723, 62.796131134, 36.5777130127, 23.5850028992, 8.98668861389, 2.84020709991, 0.0462486967444, 0.00123620580416],
        "mean": [0.470969974995, 2.72783207893, 5.18297624588, 6.08466959, 6.42941808701, 5.53112268448, 7.5844502449, 12.6254024506, 18.9295692444, 25.7637214661, 34.1427650452, 48.8600921631, 66.412902832, 60.1438865662, 47.7423477173, 36.6589584351, 31.0015068054, 32.4258384705, 40.2485809326, 29.1411781311, 28.7750053406, 24.4308700562, 26.42461586, 22.2588062286, 19.4473304749, 15.1237764359, 14.0857505798, 13.4866027832, 13.1443891525, 11.9460611343, 9.3601102829, 7.31847476959, 6.58223819733, 5.48180580139, 3.40797305107, 1.39711308479, 0.450952649117, 0.100584082305, 0.00293323071674, 0.000122097466374],
        "median": [0.19753228128, 1.117426157, 1.88788831234, 2.50434708595, 2.84126901627, 2.23466920853, 3.49745345116, 5.16697025299, 4.77628183365, 6.65615272522, 10.9965496063, 14.7478647232, 14.1271114349, 13.2674684525, 13.6277313232, 14.6873569489, 14.601682663, 15.4615154266, 21.5356216431, 16.3441867828, 15.8916244507, 13.334813118, 13.7109308243, 10.1866798401, 8.91680717468, 5.14913606644, 4.95351028442, 4.40764808655, 3.22706508636, 2.46658062935, 2.52495265007, 2.95380806923, 2.89441728592, 3.24493741989, 1.80222725868, 0.58104622364, 0.150021746755, 0.0298989061266, 0.00082027137978, 7.8357559687e-05],
        "min": [9.64940717718e-22, 3.96367420415e-21, 3.3827967164e-21, 2.52857658745e-20, 7.91118510526e-20, 2.65671361749e-19, 2.37688901451e-19, 4.55553902534e-19, 4.86128100637e-19, 4.11927699095e-19, 1.33775288257e-18, 2.74803316804e-18, 2.66836988479e-18, 1.33803898366e-18, 4.05495847674e-18, 4.04276997042e-18, 6.35670309569e-18, 5.66615824467e-18, 4.71860548219e-18, 7.64668919301e-18, 6.28622482596e-18, 4.58955207175e-18, 1.12822381479e-17, 1.22976569437e-17, 1.3682164556e-17, 1.42660730048e-17, 1.16619512722e-17, 1.77682878895e-17, 1.37205101677e-17, 2.15475073634e-17, 2.10970281106e-17, 1.81301165418e-17, 2.08115565006e-17, 1.42926039958e-17, 1.018708824e-17, 6.46193039577e-18, 3.71739971724e-18, 1.08644228098e-18, 3.38899748523e-19, 3.57017905532e-20],
        "stdev": [0.678406119347, 4.13813257217, 11.4367542267, 11.5740070343, 10.6790952682, 8.87205410004, 11.1649494171, 21.4007968903, 45.8298187256, 54.2252311707, 70.1355667114, 99.6317672729, 147.135055542, 135.990539551, 128.006454468, 74.1980514526, 54.4575538635, 49.5314331055, 65.0159301758, 35.8030662537, 42.3561401367, 32.1157455444, 37.2679252625, 30.6405925751, 30.1229381561, 24.6639137268, 22.0069999695, 20.5880050659, 20.9020709991, 22.1226940155, 14.8465108871, 10.6037797928, 9.22218704224, 6.60358190536, 4.35167455673, 2.1656255722, 0.778498828411, 0.222453504801, 0.00539607834071, 0.000133726352942],
        "var": [0.460234850645, 17.1241416931, 130.799346924, 133.957641602, 114.043067932, 78.7133483887, 124.656105042, 457.994110107, 2100.37231445, 2940.37573242, 4918.99755859, 9926.48925781, 21648.7265625, 18493.4257812, 16385.6542969, 5505.35058594, 2965.625, 2453.36303711, 4227.07128906, 1281.85961914, 1794.04272461, 1031.42102051, 1388.89831543, 938.84588623, 907.391418457, 608.30859375, 484.308013916, 423.865966797, 436.89654541, 489.413574219, 220.418884277, 112.440155029, 85.0487365723, 43.6072921753, 18.9370708466, 4.68993425369, 0.606060445309, 0.0494855642319, 2.91176638711e-05, 1.78827388453e-08]
    },
    "gfcc": {
        "mean": [43.2427368164, 47.1914558411, -100.053581238, 23.0790882111, -50.0977973938, 26.8859539032, -37.7041778564, 25.2954978943, -23.9251804352, 11.9542808533, -18.2742938995, 4.62512254715, -10.7231140137],
        "cov": [[4077.27441406, 293.483398438, 129.523986816, 232.517105103, 92.3574371338, 110.927085876, 128.102462769, -26.5554065704, -112.258056641, -100.259277344, -173.262298584, -21.4523143768, -216.690551758], [293.483398438, 1950.72033691, 159.484725952, -60.3344573975, 432.291442871, 72.3476715088, 144.700942993, 143.941864014, 23.4680633545, -150.984024048, 51.767414093, -129.962982178, -53.0495491028], [129.523986816, 159.484725952, 877.944580078, 374.919708252, 120.054710388, 81.1320114136, 0.95036393404, -14.3567810059, 54.617931366, -17.3482875824, -65.5722427368, 28.8458690643, -77.2802658081], [232.517105103, -60.3344573975, 374.919708252, 692.13659668, 175.57623291, 60.8610191345, 27.9717063904, -47.3400154114, 53.2594566345, -15.0437717438, -34.308883667, -7.75825929642, -38.8997001648], [92.3574371338, 432.291442871, 120.054710388, 175.57623291, 370.849945068, 108.206489563, 105.735931396, 68.1397857666, 17.5295467377, -25.0495738983, -3.81209373474, -37.7751121521, -27.038236618], [110.927085876, 72.3476715088, 81.1320114136, 60.8610191345, 108.206489563, 250.760421753, 156.788391113, 75.7446060181, 33.868522644, 9.92217540741, 24.120388031, -31.9790992737, -7.4373626709], [128.102462769, 144.700942993, 0.95036393404, 27.9717063904, 105.735931396, 156.788391113, 235.712417603, 78.2596588135, 21.6274528503, -2.54872894287, 10.7483110428, -28.608247757, -16.3979148865], [-26.5554065704, 143.941864014, -14.3567810059, -47.3400154114, 68.1397857666, 75.7446060181, 78.2596588135, 181.53414917, 64.748374939, 14.6747169495, 35.7235908508, -11.4181995392, 22.0192508698], [-112.258056641, 23.4680633545, 54.617931366, 53.2594566345, 17.5295467377, 33.868522644, 21.6274528503, 64.748374939, 140.363525391, 50.5233001709, 33.1985588074, 16.9152584076, -4.96011543274], [-100.259277344, -150.984024048, -17.3482875824, -15.0437717438, -25.0495738983, 9.92217540741, -2.54872894287, 14.6747169495, 50.5233001709, 94.8059768677, 38.6374053955, 23.5967483521, 16.1567058563], [-173.262298584, 51.767414093, -65.5722427368, -34.308883667, -3.81209373474, 24.120388031, 10.7483110428, 35.7235908508, 33.1985588074, 38.6374053955, 108.569877625, 23.7075843811, 27.1435585022], [-21.4523143768, -129.962982178, 28.8458690643, -7.75825929642, -37.7751121521, -31.9790992737, -28.608247757, -11.4181995392, 16.9152584076, 23.5967483521, 23.7075843811, 98.8038787842, 32.2299461365], [-216.690551758, -53.0495491028, -77.2802658081, -38.8997001648, -27.038236618, -7.4373626709, -16.3979148865, 22.0192508698, -4.96011543274, 16.1567058563, 27.1435585022, 32.2299461365, 102.737045288]],
        "icov": [[0.000362138700439, -0.000212543440284, 0.000236378225964, -0.000317513855407, 0.000331323593855, -0.000412704685004, 8.29780401546e-05, -0.000373739836505, 0.000668821739964, -0.000420482450863, 0.000819566950668, -0.000862734857947, 0.00101485277992], [-0.000212543440284, 0.00134882912971, -0.000673702161293, 0.000943688675761, -0.00164724269416, 0.00115347350948, -0.000553038902581, 0.000435131601989, -0.00137754599564, 0.00258990190923, -0.00220692972653, 0.0020998197142, -0.000982274417765], [0.000236378225964, -0.000673702161293, 0.00223570084199, -0.00135084206704, 0.000742070551496, -0.00163570127916, 0.00106288609095, -0.000708745268639, 0.000656360702123, -0.00113811308984, 0.00240213260986, -0.00273262080736, 0.00215265341103], [-0.000317513855407, 0.000943688675761, -0.00135084206704, 0.00308127119206, -0.00215713889338, 0.000900674203876, -0.000582114909776, 0.0020241048187, -0.0025768680498, 0.00224209344015, -0.00173737818841, 0.00224515981972, -0.00178342091385], [0.000331323593855, -0.00164724269416, 0.000742070551496, -0.00215713889338, 0.00595939811319, -0.00197517150082, -8.36220497149e-05, -0.0020500975661, 0.00238232314587, -0.0024866242893, 0.00255297659896, -0.00216620485298, 0.00195225141943], [-0.000412704685004, 0.00115347350948, -0.00163570127916, 0.000900674203876, -0.00197517150082, 0.00923623144627, -0.00515779620036, 6.38044730294e-05, -0.00165284960531, 0.00139317673165, -0.00387089001015, 0.00442401645705, -0.00251639471389], [8.29780401546e-05, -0.000553038902581, 0.00106288609095, -0.000582114909776, -8.36220497149e-05, -0.00515779620036, 0.00854385830462, -0.00210867426358, 0.00105238705873, -0.000804083130788, 0.00162612216081, -0.00161393627059, 0.0021427446045], [-0.000373739836505, 0.000435131601989, -0.000708745268639, 0.0020241048187, -0.0020500975661, 6.38044730294e-05, -0.00210867426358, 0.0103689273819, -0.00588890211657, 0.00241261231713, -0.00252625485882, 0.0031587916892, -0.00441139144823], [0.000668821739964, -0.00137754599564, 0.000656360702123, -0.0025768680498, 0.00238232314587, -0.00165284960531, 0.00105238705873, -0.00588890211657, 0.0145510882139, -0.00823293998837, 0.0018101677997, -0.00469927256927, 0.00514805363491], [-0.000420482450863, 0.00258990190923, -0.00113811308984, 0.00224209344015, -0.0024866242893, 0.00139317673165, -0.000804083130788, 0.00241261231713, -0.00823293998837, 0.020517449826, -0.00757045438513, 0.00275389966555, -0.00324361701496], [0.000819566950668, -0.00220692972653, 0.00240213260986, -0.00173737818841, 0.00255297659896, -0.00387089001015, 0.00162612216081, -0.00252625485882, 0.0018101677997, -0.00757045438513, 0.0172883570194, -0.00689975870773, 0.00180561281741], [-0.000862734857947, 0.0020998197142, -0.00273262080736, 0.00224515981972, -0.00216620485298, 0.00442401645705, -0.00161393627059, 0.0031587916892, -0.00469927256927, 0.00275389966555, -0.00689975870773, 0.0185077339411, -0.00776840047911], [0.00101485277992, -0.000982274417765, 0.00215265341103, -0.00178342091385, 0.00195225141943, -0.00251639471389, 0.0021427446045, -0.00441139144823, 0.00514805363491, -0.00324361701496, 0.00180561281741, -0.00776840047911, 0.0166486240923]]
    },
    "melbands": {
        "dmean": [0.00203366344795, 0.00227146944962, 0.000944868312217, 0.000291602220386, 0.000177850932232, 0.00020231831877, 0.000176011468284, 0.000190903025214, 0.000176116911462, 0.0001993716578, 0.000196552704438, 0.000134657224407, 8.82686144905e-05, 7.52636624384e-05, 4.90547208756e-05, 4.81407951156e-05, 4.37805319962e-05, 5.03369701619e-05, 2.86314316327e-05, 2.86990598397e-05, 2.18116147153e-05, 1.72358031705e-05, 1.8753364202e-05, 1.84492928383e-05, 1.27120256366e-05, 1.33104949782e-05, 7.91979346104e-06, 7.67784149502e-06, 6.64922026772e-06, 6.0941438278e-06, 6.74502507536e-06, 5.70519978282e-06, 4.59003786091e-06, 4.45752721134e-06, 3.84239456253e-06, 3.01901559396e-06, 2.5619549433e-06, 2.74068929684e-06, 2.52195195571e-06, 2.6845038974e-06],
        "dmean2": [0.00273372791708, 0.00359064061195, 0.00155067909509, 0.000495558604598, 0.000291265227133, 0.000327924732119, 0.000266907532932, 0.000299354636809, 0.000275667174719, 0.000304364686599, 0.000301462772768, 0.000200732072699, 0.000130202446599, 0.000115183909656, 7.78202884248e-05, 7.90369304013e-05, 7.15033747838e-05, 8.03229704616e-05, 4.51709674962e-05, 4.53594657301e-05, 3.58022516593e-05, 2.80915974145e-05, 3.02297648886e-05, 3.08577691612e-05, 2.07027878787e-05, 2.20902747969e-05, 1.24999205582e-05, 1.2389657968e-05, 1.06103816506e-05, 9.8159762274e-06, 1.08829108285e-05, 8.94580807653e-06, 7.12550354365e-06, 6.93035372024e-06, 5.95475194132e-06, 4.70968461741e-06, 3.89608976548e-06, 4.15237764173e-06, 3.80494611818e-06, 4.0144709601e-06],
        "dvar": [1.09211478048e-05, 3.19263162964e-05, 4.69336646347e-06, 3.58644797416e-07, 1.04144071145e-07, 1.62757984867e-07, 1.47561195263e-07, 1.90315617488e-07, 1.57455275485e-07, 2.39749880393e-07, 2.04017922556e-07, 9.8219267386e-08, 5.39582103443e-08, 3.39463319676e-08, 8.73929995038e-09, 7.98519650402e-09, 6.54232890085e-09, 8.93855123252e-09, 2.35743713439e-09, 2.59887777965e-09, 1.82568571372e-09, 9.3403895729e-10, 1.04667696732e-09, 1.40921307956e-09, 4.36080005439e-10, 8.61527238438e-10, 2.07100489535e-10, 1.94042518165e-10, 1.5084898608e-10, 1.21499643679e-10, 1.20590523678e-10, 8.49016829063e-11, 7.03585106843e-11, 6.42728995026e-11, 4.10689537933e-11, 2.60753380693e-11, 1.78754563235e-11, 2.26954340737e-11, 1.49999544036e-11, 1.77962089509e-11],
        "dvar2": [1.95636930584e-05, 8.50414726301e-05, 1.22229630506e-05, 9.0389636398e-07, 2.70601901775e-07, 4.02118047305e-07, 3.18536024224e-07, 4.29888928011e-07, 3.45852811279e-07, 5.94692892264e-07, 4.69337209097e-07, 1.98893303605e-07, 1.18005367256e-07, 7.8934547787e-08, 2.11046824461e-08, 1.94639095952e-08, 1.5857615665e-08, 2.00254213212e-08, 5.36698374631e-09, 6.43174935533e-09, 4.65099159186e-09, 2.37611041953e-09, 2.8251996298e-09, 3.9334357993e-09, 1.08031383839e-09, 2.1555148777e-09, 4.71561067972e-10, 4.74790040617e-10, 3.66117525186e-10, 3.03109926048e-10, 2.90127921687e-10, 1.91663809823e-10, 1.61452018421e-10, 1.56042942456e-10, 9.47390152439e-11, 5.93276469618e-11, 3.9481473646e-11, 5.00993274644e-11, 3.43504738542e-11, 4.2300784403e-11],
        "max": [0.0254349093884, 0.0385625399649, 0.013948761858, 0.00645462190732, 0.00392696075141, 0.00518887629732, 0.00735500827432, 0.00568991620094, 0.00792565662414, 0.00712169520557, 0.00781172001734, 0.00678854156286, 0.00385641120374, 0.00300129805692, 0.00116323737893, 0.0012967257062, 0.000937905861065, 0.00179887539707, 0.00064521341119, 0.000726716243662, 0.000669515575282, 0.000416705908719, 0.000249038275797, 0.000311261246679, 0.000187158875633, 0.000318160367897, 0.00013733986998, 0.000142807562952, 0.000112494111818, 0.000129963416839, 0.000106304934889, 0.000103598067653, 0.000102056801552, 0.000105000879557, 7.59910326451e-05, 6.05318673479e-05, 5.20682042406e-05, 6.45378167974e-05, 5.38769163541e-05, 5.62197710678e-05],
        "mean": [0.00397115200758, 0.00293904659338, 0.00108606473077, 0.000411230692407, 0.000268231902737, 0.000281747983536, 0.000276676408248, 0.000308138609398, 0.000283816538285, 0.000302324333461, 0.000331113173161, 0.000251461198786, 0.0001411451085, 0.000117599687655, 7.22394470358e-05, 6.26505352557e-05, 6.11882569501e-05, 6.81031669956e-05, 4.10512002418e-05, 4.18566596636e-05, 3.15123033943e-05, 2.52301761066e-05, 2.49453914876e-05, 2.18996065087e-05, 1.74402830453e-05, 1.67301950569e-05, 1.08272761281e-05, 9.64825085248e-06, 8.79693379829e-06, 8.02211707196e-06, 7.93963408796e-06, 7.45286115489e-06, 7.08449897502e-06, 6.48396189717e-06, 5.41966710443e-06, 4.86936369271e-06, 4.29581587014e-06, 4.5354518079e-06, 4.45147406936e-06, 4.75989372717e-06],
        "median": [0.00172017025761, 0.00133247883059, 0.000471210893011, 0.000198266090592, 0.000127463004901, 0.000116288676509, 6.55795520288e-05, 7.9571371316e-05, 8.70952571859e-05, 8.34510938148e-05, 6.26995461062e-05, 3.73528164346e-05, 3.43796200468e-05, 3.65727973985e-05, 2.63001384155e-05, 2.85620735667e-05, 2.35082261497e-05, 3.31484952767e-05, 2.0556648451e-05, 2.10128491744e-05, 1.69743816514e-05, 1.43693951031e-05, 1.2937255633e-05, 1.05777853605e-05, 7.73100691731e-06, 6.96359757058e-06, 4.15259273723e-06, 3.05235948872e-06, 3.01937689073e-06, 3.1750744256e-06, 2.16384978557e-06, 1.78623565716e-06, 1.45391766182e-06, 1.28572480662e-06, 1.3846965885e-06, 1.67602047441e-06, 1.79134326572e-06, 1.81645089015e-06, 2.28602038987e-06, 2.73411956186e-06],
        "min": [9.11763619874e-24, 3.08408365783e-24, 5.10914718838e-24, 1.24683284157e-23, 8.92653227787e-24, 1.05088018714e-23, 7.0269875614e-24, 4.77972873512e-24, 1.46021624544e-23, 1.55669898286e-23, 1.30944055065e-23, 4.99415572308e-24, 1.27718623705e-23, 1.17865388123e-23, 1.2286167022e-23, 1.20847495337e-23, 1.07502248629e-23, 7.23870047342e-24, 8.03933986081e-24, 1.14974883437e-23, 6.75711193483e-24, 4.85454745881e-24, 6.86129127256e-24, 1.18022182116e-23, 9.67580814287e-24, 9.59837040097e-24, 9.05014283741e-24, 9.68132149173e-24, 6.49489693652e-24, 8.20868463134e-24, 1.11240329137e-23, 7.62000980259e-24, 8.08704780178e-24, 1.27320035955e-23, 1.27174885549e-23, 1.00796362954e-23, 1.13721990881e-23, 1.62992010545e-23, 1.16133483448e-23, 1.17240468291e-23],
        "stdev": [0.00534594990313, 0.00523417815566, 0.00195863004774, 0.000615444034338, 0.000382920552511, 0.000474783591926, 0.000673458096571, 0.000671628513373, 0.000562527100556, 0.00061597203603, 0.000740726885851, 0.000611374096479, 0.000376737036277, 0.000269322452368, 0.000128471365315, 0.000108243744762, 0.000105799292214, 0.000118496864161, 5.9388763475e-05, 6.00847524765e-05, 4.62088501081e-05, 3.42617859133e-05, 3.43602005159e-05, 3.41496815963e-05, 2.48858323175e-05, 2.97724909615e-05, 1.74899105332e-05, 1.57051545102e-05, 1.43136621773e-05, 1.23425325e-05, 1.29263953568e-05, 1.19270489449e-05, 1.29917034428e-05, 1.24653415696e-05, 8.85375538928e-06, 7.53044969315e-06, 6.25938400844e-06, 6.83423377268e-06, 5.59693353352e-06, 5.91398293182e-06],
        "var": [2.85791793431e-05, 2.7396619771e-05, 3.83623182643e-06, 3.78771346732e-07, 1.46628138964e-07, 2.25419469757e-07, 4.5354582312e-07, 4.51084844144e-07, 3.16436711501e-07, 3.79421521757e-07, 5.48676325707e-07, 3.73778277662e-07, 1.41930797781e-07, 7.25345756791e-08, 1.65048916756e-08, 1.17167076041e-08, 1.11934896907e-08, 1.40415066241e-08, 3.52702533846e-09, 3.61017726824e-09, 2.13525774839e-09, 1.17386989018e-09, 1.18062326582e-09, 1.16620069157e-09, 6.19304607596e-10, 8.86401174682e-10, 3.05897002173e-10, 2.46651893354e-10, 2.04880917787e-10, 1.52338114345e-10, 1.67091701586e-10, 1.42254499846e-10, 1.68784361487e-10, 1.55384746736e-10, 7.83889828049e-11, 5.67076732794e-11, 3.91798885002e-11, 4.67067495791e-11, 3.13256642848e-11, 3.49751963502e-11]
    },
    "melbands128": {
