{
"lowlevel": {
    "average_loudness": 0.963903009892,
    "barkbands_crest": {
        "dmean": 2.12230205536,
        "dmean2": 3.38929963112,
        "dvar": 4.75113582611,
        "dvar2": 11.8589677811,
        "max": 26.7856082916,
        "mean": 11.0636405945,
        "median": 9.81920337677,
        "min": 3.25244617462,
        "stdev": 5.08826303482,
        "var": 25.890422821
    },
    "barkbands_flatness_db": {
        "dmean": 0.019140176475,
        "dmean2": 0.0268724802881,
        "dvar": 0.000378920813091,
        "dvar2": 0.000718289695214,
        "max": 0.503232657909,
        "mean": 0.165445566177,
        "median": 0.153307378292,
        "min": 0.0320624820888,
        "stdev": 0.0843896642327,
        "var": 0.00712161557749
    },
    "barkbands_kurtosis": {
        "dmean": 12.6101016998,
        "dmean2": 18.5759849548,
        "dvar": 3767.63232422,
        "dvar2": 8694.09277344,
        "max": 3218.87744141,
        "mean": 57.8549156189,
        "median": 4.84346437454,
        "min": -1.80095160007,
        "stdev": 286.985534668,
        "var": 82360.703125
    },
    "barkbands_skewness": {
        "dmean": 0.631175577641,
        "dmean2": 0.912466585636,
        "dvar": 0.835472464561,
        "dvar2": 1.78278291225,
        "max": 50.7481040955,
        "mean": 3.1236436367,
        "median": 2.03175806999,
        "min": -2.00811505318,
        "stdev": 5.55712842941,
        "var": 30.8816738129
    },
    "barkbands_spread": {
        "dmean": 5.02308940887,
        "dmean2": 7.08852958679,
        "dvar": 64.7331237793,
        "dvar2": 112.100166321,
        "max": 99.3604431152,
        "mean": 20.1708869934,
        "median": 13.6591739655,
        "min": 0.108022525907,
        "stdev": 17.9137496948,
        "var": 320.902404785
    },
    "dissonance": {
        "dmean": 0.0198679994792,
        "dmean2": 0.0325784347951,
        "dvar": 0.000492901250254,
        "dvar2": 0.00126116536558,
        "max": 0.499537974596,
        "mean": 0.454871237278,
        "median": 0.464865922928,
        "min": 0.147744745016,
        "stdev": 0.0367610529065,
        "var": 0.0013513751328
    },
    "dynamic_complexity": 4.61958885193,
    "erbbands_crest": {
        "dmean": 2.28174328804,
        "dmean2": 3.71079349518,
        "dvar": 4.60085630417,
        "dvar2": 11.5971355438,
        "max": 26.1226539612,
        "mean": 9.07589817047,
        "median": 8.12448501587,
        "min": 2.43949580193,
        "stdev": 4.31099748611,
        "var": 18.5846996307
    },
    "erbbands_flatness_db": {
        "dmean": 0.0141461892053,
        "dmean2": 0.0205997172743,
        "dvar": 0.000203725750907,
        "dvar2": 0.000403006531997,
        "max": 0.259185999632,
        "mean": 0.141665875912,
        "median": 0.138950780034,
        "min": 0.0460704118013,
        "stdev": 0.0391923896968,
        "var": 0.00153604336083
    },
    "erbbands_kurtosis": {
        "dmean": 0.894355773926,
        "dmean2": 1.36475634575,
        "dvar": 1.32244217396,
        "dvar2": 2.87459445,
        "max": 26.1800937653,
        "mean": 1.23193800449,
        "median": 0.156680107117,
        "min": -1.68846225739,
        "stdev": 3.59640598297,
        "var": 12.9341363907
    },
    "erbbands_skewness": {
        "dmean": 0.332261770964,
        "dmean2": 0.478579074144,
        "dvar": 0.0944452881813,
        "dvar2": 0.209221184254,
        "max": 4.76097869873,
        "mean": 0.557406306267,
        "median": 0.414985567331,
        "min": -2.83172821999,
        "stdev": 0.921319127083,
        "var": 0.848828911781
    },
    "erbbands_spread": {
        "dmean": 7.4410276413,
        "dmean2": 11.0043134689,
        "dvar": 67.7628479004,
        "dvar2": 143.277755737,
        "max": 146.610809326,
        "mean": 42.9799957275,
        "median": 38.1661529541,
        "min": 6.71905040741,
        "stdev": 23.4783477783,
        "var": 551.232849121
    },
    "hfc": {
        "dmean": 6.89792299271,
        "dmean2": 9.30145740509,
        "dvar": 191.42755127,
        "dvar2": 357.1328125,
        "max": 275.150421143,
        "mean": 21.2969245911,
        "median": 13.2523488998,
        "min": 1.16528638659e-16,
        "stdev": 26.5921154022,
        "var": 707.140625
    },
    "loudness_ebu128": {
        "integrated": -8.97743606567,
        "loudness_range": 3.88899230957,
        "momentary": {
            "dmean": 0.802435040474,
            "dmean2": 0.829329311848,
            "dvar": 4.8863902092,
            "dvar2": 8.17417430878,
            "max": -6.1229724884,
            "mean": -11.2272233963,
            "median": -9.25995540619,
            "min": -50.674621582,
            "stdev": 7.62955856323,
            "var": 58.2101631165
        },
        "short_term": {
            "dmean": 0.142192319036,
            "dmean2": 0.0943604111671,
            "dvar": 0.0479883216321,
            "dvar2": 0.0315054133534,
            "max": -7.49410009384,
            "mean": -9.73542785645,
            "median": -9.22427940369,
            "min": -20.5961399078,
            "stdev": 2.23409295082,
            "var": 4.99117136002
        }
    },
    "melbands_crest": {
        "dmean": 2.518627882,
        "dmean2": 4.06878137589,
        "dvar": 6.599568367,
        "dvar2": 16.399433136,
        "max": 32.0377883911,
        "mean": 14.7176017761,
        "median": 13.6634397507,
        "min": 3.00382018089,
        "stdev": 5.60395288467,
        "var": 31.4042892456
    },
    "melbands_flatness_db": {
        "dmean": 0.0234373677522,
        "dmean2": 0.0315630994737,
        "dvar": 0.000622880121227,
        "dvar2": 0.00107852590736,
        "max": 0.637179613113,
        "mean": 0.246018722653,
        "median": 0.233855485916,
        "min": 0.00645262189209,
        "stdev": 0.105485111475,
        "var": 0.011127108708
    },
    "melbands_kurtosis": {
        "dmean": 8.97804450989,
        "dmean2": 13.4575834274,
        "dvar": 222.53717041,
        "dvar2": 438.582214355,
        "max": 537.487609863,
        "mean": 29.9303150177,
        "median": 14.7502841949,
        "min": -1.41835618019,
        "stdev": 53.7427368164,
        "var": 2888.28173828
    },
    "melbands_skewness": {
        "dmean": 0.675747990608,
        "dmean2": 0.999675989151,
        "dvar": 0.484088480473,
        "dvar2": 1.03555166721,
        "max": 13.2763032913,
        "mean": 3.45501327515,
        "median": 3.09490036964,
        "min": -0.6182076931,
        "stdev": 2.0622625351,
        "var": 4.25292634964
    },
    "melbands_spread": {
        "dmean": 5.18684339523,
        "dmean2": 7.29569482803,
        "dvar": 102.432785034,
        "dvar2": 154.916854858,
        "max": 212.757217407,
        "mean": 18.5207958221,
        "median": 12.0105438232,
        "min": 0.223273381591,
        "stdev": 21.0420532227,
        "var": 442.767974854
    },
    "pitch_salience": {
        "dmean": 0.060922883451,
        "dmean2": 0.0968626067042,
        "dvar": 0.00335559132509,
        "dvar2": 0.00838569924235,
        "max": 0.874569952488,
        "mean": 0.522416591644,
        "median": 0.53391212225,
        "min": 0.0268454216421,
        "stdev": 0.140143990517,
        "var": 0.0196403395385
    },
    "silence_rate_20dB": {
        "dmean": 0,
        "dmean2": 0,
        "dvar": 0,
        "dvar2": 0,
        "max": 1,
        "mean": 1,
        "median": 1,
        "min": 1,
        "stdev": 0,
        "var": 0
    },
    "silence_rate_30dB": {
        "dmean": 0.0030959751457,
        "dmean2": 0.00619674660265,
        "dvar": 0.0030863431748,
        "dvar2": 0.00925685372204,
        "max": 1,
        "mean": 0.998453199863,
        "median": 1,
        "min": 0,
        "stdev": 0.0392987243831,
        "var": 0.00154438964091
    },
    "silence_rate_60dB": {
        "dmean": 0.00696594407782,
        "dmean2": 0.0139426803216,
        "dvar": 0.00691747572273,
        "dvar2": 0.0168467201293,
        "max": 1,
        "mean": 0.0688321739435,
        "median": 0,
        "min": 0,
        "stdev": 0.253168463707,
        "var": 0.0640942677855
    },
    "spectral_centroid": {
        "dmean": 208.4894104,
        "dmean2": 295.328369141,
        "dvar": 157192.828125,
        "dvar2": 220551.640625,
        "max": 11160.53125,
        "mean": 1032.36987305,
        "median": 822.962341309,
        "min": 89.5725326538,
        "stdev": 710.782592773,
        "var": 505211.9375
    },
    "spectral_complexity": {
        "dmean": 3.12925696373,
        "dmean2": 4.47947311401,
        "dvar": 17.7967987061,
        "dvar2": 25.7122001648,
        "max": 58,
        "mean": 16.5313224792,
        "median": 15,
        "min": 0,
        "stdev": 11.1462087631,
        "var": 124.237960815
    },
    "spectral_decrease": {
        "dmean": 2.08469885798e-09,
        "dmean2": 3.28683036344e-09,
        "dvar": 9.30163358045e-18,
        "dvar2": 2.20023044991e-17,
        "max": 6.21280805564e-29,
        "mean": -7.89963916503e-09,
        "median": -7.23873849751e-09,
        "min": -3.28409299755e-08,
        "stdev": 5.07338349109e-09,
        "var": 2.57392203021e-17
    },
    "spectral_energy": {
        "dmean": 0.00822752807289,
        "dmean2": 0.0128971636295,
        "dvar": 0.000141585216625,
        "dvar2": 0.00033386121504,
        "max": 0.125250011683,
        "mean": 0.0317467786372,
        "median": 0.0298300981522,
        "min": 1.03350013684e-20,
        "stdev": 0.0201468952,
        "var": 0.000405897357268
    },
    "spectral_energyband_high": {
        "dmean": 0.000545984774362,
        "dmean2": 0.000705596699845,
        "dvar": 2.43419617618e-06,
        "dvar2": 4.45998375653e-06,
        "max": 0.0358405224979,
        "mean": 0.00105812505353,
        "median": 0.000213100473047,
        "min": 7.7848019243e-21,
        "stdev": 0.00256782909855,
        "var": 6.59374654788e-06
    },
    "spectral_energyband_low": {
        "dmean": 0.00486999703571,
        "dmean2": 0.00778645509854,
        "dvar": 8.74269753695e-05,
        "dvar2": 0.000210169644561,
        "max": 0.11494397372,
        "mean": 0.0139081571251,
        "median": 0.0117541775107,
        "min": 1.09333483513e-22,
        "stdev": 0.0131196100265,
        "var": 0.000172124156961
    },
    "spectral_energyband_middle_high": {
        "dmean": 0.00147259247024,
        "dmean2": 0.00216592778452,
        "dvar": 6.42210716251e-06,
        "dvar2": 1.26574777823e-05,
        "max": 0.0477043874562,
        "mean": 0.00473243370652,
        "median": 0.00241645076312,
        "min": 1.27404989333e-21,
        "stdev": 0.00597201706842,
        "var": 3.5664987081e-05
    },
    "spectral_energyband_middle_low": {
        "dmean": 0.00473435921595,
        "dmean2": 0.00747945252806,
        "dvar": 4.6504126658e-05,
        "dvar2": 0.000113949041406,
        "max": 0.0694013535976,
        "mean": 0.0135456668213,
        "median": 0.0107046291232,
        "min": 3.67763445161e-22,
        "stdev": 0.0122798848897,
        "var": 0.000150795574882
    },
    "spectral_entropy": {
        "dmean": 0.170003041625,
        "dmean2": 0.225592061877,
        "dvar": 0.0324418768287,
        "dvar2": 0.0523949936032,
        "max": 9.78726196289,
        "mean": 7.42424201965,
        "median": 7.48730993271,
        "min": 5.85080718994,
        "stdev": 0.567041218281,
        "var": 0.321535766125
    },
    "spectral_flux": {
        "dmean": 0.0222425218672,
        "dmean2": 0.035190243274,
        "dvar": 0.000762031995691,
        "dvar2": 0.00160187971778,
        "max": 0.317022949457,
        "mean": 0.0746387466788,
        "median": 0.0671019330621,
        "min": 1.0166120723e-10,
        "stdev": 0.0488158538938,
        "var": 0.00238298741169
    },
    "spectral_kurtosis": {
        "dmean": 1.37130987644,
        "dmean2": 2.08449864388,
        "dvar": 2.44437193871,
        "dvar2": 5.94422483444,
        "max": 27.2332782745,
        "mean": 4.8943400383,
        "median": 4.03588294983,
        "min": -1.18360066414,
        "stdev": 3.47581768036,
        "var": 12.0813083649
    },
    "spectral_rms": {
        "dmean": 0.000670195207931,
        "dmean2": 0.00102521665394,
        "dvar": 7.29737791971e-07,
        "dvar2": 1.57743249929e-06,
        "max": 0.011054190807,
        "mean": 0.00519918836653,
        "median": 0.00539467670023,
        "min": 3.17536275052e-12,
        "stdev": 0.00198516901582,
        "var": 3.94089602196e-06
    },
    "spectral_rolloff": {
        "dmean": 439.030181885,
        "dmean2": 696.068237305,
        "dvar": 1350305.5,
        "dvar2": 2438951.25,
        "max": 18475.4882812,
        "mean": 1168.08764648,
        "median": 516.796875,
        "min": 64.599609375,
        "stdev": 1728.06896973,
        "var": 2986222.5
    },
    "spectral_skewness": {
        "dmean": 0.201292052865,
        "dmean2": 0.291759759188,
        "dvar": 0.0440064519644,
        "dvar2": 0.0860685706139,
        "max": 3.84887647629,
        "mean": 1.77020609379,
        "median": 1.67662489414,
        "min": -0.0419357866049,
        "stdev": 0.587798178196,
        "var": 0.345506727695
    },
    "spectral_spread": {
        "dmean": 619248.4375,
        "dmean2": 854936.6875,
        "dvar": 1.59979248026e+12,
        "dvar2": 1.78301291725e+12,
        "max": 40672028,
        "mean": 5269939,
        "median": 4806804,
        "min": 2003219.75,
        "stdev": 2235674.25,
        "var": 4.99823987917e+12
    },
    "spectral_strongpeak": {
        "dmean": 0.414248585701,
        "dmean2": 0.730390667915,
        "dvar": 0.833526909351,
        "dvar2": 2.40126800537,
        "max": 10.7961502075,
        "mean": 0.654622375965,
        "median": 0.259075373411,
        "min": 0,
        "stdev": 1.00680398941,
        "var": 1.01365435123
    },
    "zerocrossingrate": {
        "dmean": 0.0105630503967,
        "dmean2": 0.0113337226212,
        "dvar": 0.000397290248657,
        "dvar2": 0.000383500446333,
        "max": 0.515625,
        "mean": 0.052989654243,
        "median": 0.0390625,
        "min": 0.00146484375,
        "stdev": 0.0459157787263,
        "var": 0.00210825889371
    },
    "barkbands": {
        "dmean": [0.000217742199311, 0.0032852536533, 0.00199300004169, 0.00161745620426, 0.00182790879626, 0.00189301010687, 0.000832587771583, 0.000528228410985, 0.000462065218017, 0.000337254023179, 0.000347923632944, 0.000257572624832, 0.000416443450376, 0.000282981054625, 0.00017567181203, 0.000193315354409, 0.00025385551271, 0.000151341286255, 0.000118777054013, 0.000128782805405, 8.36173203425e-05, 9.40133686527e-05, 0.000129131251015, 0.00015827032621, 9.16335702641e-05, 2.45700339292e-05, 1.09072561827e-06],
        "dmean2": [0.00029858131893, 0.00514890346676, 0.00337755144574, 0.00261959643103, 0.00284817209467, 0.00305051263422, 0.0013452435378, 0.000840906461235, 0.000763733172789, 0.000500687689055, 0.000528831267729, 0.000386936444556, 0.000600504339673, 0.000436148344306, 0.000275895319646, 0.000291931064567, 0.000366783264326, 0.000224956078455, 0.000179747774382, 0.000188110279851, 0.000117868366942, 0.000137128561619, 0.000189257611055, 0.00021889837808, 0.000128446190502, 3.54931980837e-05, 1.81983534731e-06],
        "dvar": [3.17246360737e-07, 5.89212540945e-05, 1.73139706021e-05, 7.75067655923e-06, 7.96638414613e-06, 1.30723910843e-05, 2.97116434922e-06, 1.41728537528e-06, 1.38928010074e-06, 4.38656712731e-07, 8.1419517528e-07, 8.20387242584e-07, 1.19063986403e-06, 7.17870420885e-07, 2.29525284112e-07, 2.19112379796e-07, 5.2221776059e-07, 1.8769367216e-07, 8.33232363107e-08, 1.95318619944e-07, 6.25450695679e-08, 1.03789687955e-07, 2.53748851264e-07, 2.52327481576e-07, 7.22710993273e-08, 5.28683852252e-09, 2.65209937345e-11],
        "dvar2": [5.29045678377e-07, 0.000136773014674, 4.96635511809e-05, 1.97408862732e-05, 1.7449779989e-05, 3.45382541127e-05, 6.89817943567e-06, 3.75975309908e-06, 3.70028624275e-06, 9.43571819789e-07, 1.56662645168e-06, 1.48620608798e-06, 2.20724973587e-06, 1.62591788921e-06, 5.02596719798e-07, 5.19311640801e-07, 1.0243578572e-06, 3.98698119852e-07, 2.03656725262e-07, 3.33985099132e-07, 1.33284828507e-07, 2.4098400786e-07, 5.8531486502e-07, 4.29288945725e-07, 1.33326508944e-07, 1.02972288474e-08, 7.43867051289e-11],
        "max": [0.00855935551226, 0.0813507959247, 0.0543508082628, 0.0264004319906, 0.0546943470836, 0.0438560470939, 0.0313381627202, 0.0145320883021, 0.0165717825294, 0.0108423791826, 0.0263527594507, 0.0235192831606, 0.0274833701551, 0.0192452874035, 0.00904849264771, 0.0109673319384, 0.0149326678365, 0.00747568998486, 0.00501819560304, 0.0116856219247, 0.00431462703273, 0.00472664227709, 0.0139558715746, 0.0105250002816, 0.00601533381268, 0.00116691715084, 0.000103171303635],
        "mean": [0.000459631090052, 0.00853528082371, 0.00357511965558, 0.00263341306709, 0.00415270123631, 0.00359958293848, 0.00132145709358, 0.000801080139354, 0.000731811102014, 0.000720164214727, 0.000568332674447, 0.000449857703643, 0.000852488563396, 0.00051946338499, 0.000284523819573, 0.000357322802301, 0.000503900286276, 0.000263392837951, 0.000218031942495, 0.000235231316765, 0.000141875963891, 0.000151471351273, 0.000191860483028, 0.000271350494586, 0.000163782271557, 4.25360776717e-05, 1.11769941213e-06],
        "median": [0.000215373846004, 0.00764466635883, 0.00224566808902, 0.00121384358499, 0.00232470640913, 0.00130979821552, 0.00045060866978, 0.000272633013083, 0.000187234050827, 0.000305625842884, 0.000235108163906, 8.2258193288e-05, 0.000169208200532, 0.000116439819976, 9.01578969206e-05, 7.87800527178e-05, 9.81126431725e-05, 7.36730871722e-05, 7.44556673453e-05, 8.06474563433e-05, 2.55923914665e-05, 2.28452845477e-05, 2.86526756099e-05, 3.20020444633e-05, 2.83974859485e-05, 5.37267578693e-06, 6.7982874441e-08],
        "min": [1.19586481458e-24, 2.71004644291e-23, 2.8347246468e-23, 7.59899738798e-23, 2.84451314846e-23, 2.2781394175e-23, 1.17418399024e-22, 1.74245300685e-23, 6.94910537526e-23, 4.8721504166e-23, 5.51786178206e-23, 7.03350023926e-23, 1.42090976778e-22, 1.60257320088e-22, 1.02171308069e-22, 1.21772242266e-22, 8.91865881495e-23, 1.43034467043e-22, 2.31706623219e-22, 2.03672955271e-22, 4.04741584083e-22, 3.99234173761e-22, 6.57902977248e-22, 9.79011572887e-22, 1.29413083361e-21, 1.66202385391e-21, 2.51613054845e-21],
        "stdev": [0.00081734568812, 0.00987247843295, 0.00451760040596, 0.00386707019061, 0.00505627691746, 0.0056356433779, 0.00254401867278, 0.00149169506039, 0.0014329260448, 0.00122318021022, 0.00132542615756, 0.00154561083764, 0.00189602735918, 0.00123490695842, 0.000627939996775, 0.000853890145663, 0.00125701015349, 0.000621852348559, 0.000394211761886, 0.000656414951663, 0.00034029604285, 0.00040124746738, 0.000678737822454, 0.000836603401694, 0.000440829055151, 0.000110285174742, 4.56492443845e-06],
        "var": [6.68053985464e-07, 9.74658250925e-05, 2.04087118618e-05, 1.49542311192e-05, 2.55659360846e-05, 3.17604753945e-05, 6.47203069093e-06, 2.22515404857e-06, 2.05327705771e-06, 1.49616982981e-06, 1.75675438641e-06, 2.38891288973e-06, 3.5949199173e-06, 1.52499512751e-06, 3.94308642626e-07, 7.29128430521e-07, 1.58007446771e-06, 3.86700321542e-07, 1.55402915425e-07, 4.30880618296e-07, 1.15801398692e-07, 1.60999519494e-07, 4.6068504389e-07, 6.99905228885e-07, 1.94330254999e-07, 1.21628200844e-08, 2.08385340233e-11]
    },
    "erbbands": {
        "dmean": [0.117406189442, 0.717149078846, 2.03352689743, 4.03737926483, 5.06249332428, 6.68381214142, 12.7650232315, 15.7509355545, 10.6043996811, 14.7296190262, 9.02983188629, 11.4425315857, 10.2974662781, 9.04032325745, 13.6719322205, 11.2442703247, 18.8499126434, 14.9109964371, 9.56681537628, 8.93935680389, 10.5911531448, 11.2372331619, 8.90499687195, 5.20895195007, 6.8210682869, 6.2702088356, 3.44698905945, 3.27644872665, 3.14889121056, 3.76680779457, 3.73748922348, 3.73857951164, 2.35200047493, 1.23056519032, 0.580484867096, 0.171606600285, 0.0358216874301, 0.00420628115535, 0.000122285462567, 1.32528430186e-05],
        "dmean2": [0.176088437438, 1.17504286766, 3.47418928146, 6.61765575409, 8.29000091553, 10.2747297287, 19.8891944885, 25.1430873871, 17.6381511688, 23.7004737854, 14.3337755203, 18.7738800049, 15.8596801758, 14.3292655945, 19.9743499756, 16.827085495, 27.0143928528, 22.548324585, 14.6093387604, 13.9662475586, 15.4803886414, 16.0127391815, 13.0993232727, 7.77301931381, 10.0277986526, 9.14161109924, 4.8567404747, 4.60502290726, 4.52752637863, 5.65933084488, 5.33394289017, 5.00151014328, 3.35246562958, 1.77838277817, 0.836694717407, 0.250082314014, 0.0521656572819, 0.00638898555189, 0.000184850854566, 1.96612309082e-05],
        "dvar": [0.0939605683088, 2.93363308907, 21.5616149902, 41.2689285278, 71.8387069702, 131.468353271, 633.388916016, 1081.27416992, 539.73034668, 1124.81811523, 478.107971191, 982.904724121, 438.0831604, 454.476379395, 1415.98022461, 1513.15356445, 2491.31323242, 2094.74072266, 777.721740723, 338.734405518, 600.00592041, 1207.83227539, 574.350341797, 141.602752686, 322.963165283, 479.169952393, 75.2337112427, 121.921958923, 127.556190491, 164.66229248, 213.640655518, 165.744918823, 53.7415046692, 14.8802709579, 2.84828090668, 0.279850333929, 0.00986803788692, 0.000227354830713, 3.04289358155e-07, 5.23159626731e-10],
        "dvar2": [0.187130644917, 7.66858577728, 62.1223449707, 113.471000671, 189.612442017, 267.752838135, 1538.83630371, 2873.40332031, 1429.359375, 2638.54858398, 1234.92248535, 2629.27099609, 1022.94055176, 1144.36169434, 2537.08422852, 2918.31079102, 4575.80419922, 4785.91992188, 1671.34448242, 780.074707031, 1394.99377441, 2603.74780273, 1057.8494873, 312.990386963, 752.801330566, 767.109558105, 148.57510376, 267.86416626, 295.918121338, 398.081970215, 467.788787842, 278.29296875, 101.156860352, 28.491897583, 5.70929336548, 0.555617749691, 0.0205515082926, 0.000550408614799, 8.08474567293e-07, 1.15035947434e-09],
        "max": [4.18551301956, 20.9581031799, 62.8107261658, 65.0892715454, 83.0739593506, 188.77684021, 408.957244873, 454.205291748, 298.326599121, 537.684143066, 274.719177246, 431.579284668, 334.372772217, 319.258789062, 1143.90808105, 1105.12036133, 1399.14562988, 1121.30615234, 565.689880371, 416.121917725, 489.857574463, 868.81262207, 385.738037109, 218.628219604, 331.621032715, 604.75982666, 129.929550171, 199.027893066, 194.835403442, 230.797134399, 423.169616699, 337.70425415, 167.944885254, 92.7001266479, 29.8119239807, 8.91556167603, 1.4458425045, 0.226950705051, 0.0109860720113, 0.000333687261445],
        "mean": [0.315949052572, 1.64411771297, 3.82149362564, 7.02678203583, 9.18293952942, 15.7340574265, 23.9360523224, 30.3571090698, 16.7534103394, 25.0197696686, 15.1697492599, 18.3791542053, 21.3279342651, 17.8274879456, 24.8314685822, 23.3830032349, 39.2394180298, 29.5498752594, 17.6117649078, 17.823387146, 21.4516716003, 22.9903144836, 17.6323242188, 10.039478302, 12.1744270325, 11.4545316696, 6.58734369278, 5.17353343964, 4.86269235611, 5.99957704544, 5.65709877014, 5.71177816391, 4.04771709442, 2.32425570488, 0.969563543797, 0.269620209932, 0.0690059065819, 0.00692464690655, 0.000197332890821, 4.66753081128e-05],
        "median": [0.263845562935, 1.45551407337, 2.7109401226, 4.3693985939, 5.00818395615, 7.10724687576, 11.9988622665, 10.0726308823, 7.31768798828, 7.660135746, 5.45960426331, 4.91153383255, 8.86904430389, 6.96337175369, 10.2130413055, 6.08752775192, 8.28281402588, 6.67649555206, 4.87473917007, 5.34999084473, 4.98637914658, 5.20776844025, 4.94836187363, 3.72189593315, 3.98836684227, 4.00282669067, 1.66868197918, 0.732595026493, 0.672384858131, 1.08630788326, 0.766766786575, 0.511029005051, 0.599006295204, 0.36778613925, 0.164149716496, 0.0399404130876, 0.00733929220587, 0.000868378672749, 4.09662898164e-05, 4.04684760724e-05],
        "min": [4.66823498441e-22, 6.45862137605e-21, 2.3596058834e-20, 1.92444564712e-19, 1.28076161178e-19, 1.02333867538e-19, 1.97221403503e-19, 1.82916697751e-19, 1.3206210415e-18, 1.14586238669e-18, 7.76186271958e-19, 1.54847807419e-18, 2.05902604578e-18, 1.11169931041e-18, 2.32196525581e-18, 3.64162583723e-18, 5.89577407013e-18, 8.24216907136e-18, 6.53412092937e-18, 6.36865875067e-18, 6.96156030705e-18, 4.97698568628e-18, 5.80292883664e-18, 1.17050159492e-17, 1.17019669615e-17, 1.01581303011e-17, 1.23335168776e-17, 1.85687472596e-17, 1.46971962313e-17, 1.79577850417e-17, 1.78032313073e-17, 1.79427766767e-17, 1.76259549215e-17, 1.17907738992e-17, 1.09836292555e-17, 5.50784911031e-18, 3.5289721096e-18, 1.30094520647e-18, 3.76905647441e-19, 3.46120770314e-20],
        "stdev": [0.4164031744, 1.87405574322, 4.76025867462, 8.01526069641, 12.0275316238, 21.6987667084, 34.6947135925, 51.0042152405, 27.4440479279, 51.2770614624, 28.0556335449, 36.5516700745, 36.040348053, 32.2886161804, 55.8229408264, 63.7036323547, 85.9808578491, 68.0702133179, 40.3846931458, 35.0483970642, 41.9583930969, 54.7001647949, 39.7260055542, 18.1644573212, 24.5976200104, 32.7920722961, 13.3609466553, 14.0651063919, 13.4128389359, 16.1865997314, 20.434545517, 20.3942966461, 11.9480276108, 6.53029537201, 2.46315169334, 0.763637065887, 0.165026292205, 0.018252087757, 0.000558055820875, 3.85792372981e-05],
        "var": [0.173391610384, 3.51208472252, 22.6600646973, 64.2444076538, 144.661514282, 470.836517334, 1203.7232666, 2601.42993164, 753.175720215, 2629.3371582, 787.118530273, 1336.0246582, 1298.90661621, 1042.5546875, 3116.20092773, 4058.15283203, 7392.70849609, 4633.55371094, 1630.92346191, 1228.39013672, 1760.5065918, 2992.10791016, 1578.15539551, 329.947479248, 605.042907715, 1075.31994629, 178.514907837, 197.827209473, 179.904251099, 262.006011963, 417.570617676, 415.927307129, 142.755371094, 42.6447563171, 6.06711626053, 0.583141565323, 0.0272336788476, 0.000333138712449, 3.11426276767e-07, 1.48835765934e-09]
    },
    "gfcc": {
        "mean": [-24.1140155792, 100.236053467, -90.4514083862, 37.9591751099, -50.8156585693, 22.7764949799, -40.9675178528, 14.1161708832, -27.5910949707, 3.04821586609, -8.43480110168, 1.99495100975, -7.04809045792],
        "cov": [[18156.7167969, -142.4478302, -3016.15039062, 141.918121338, -824.942749023, -40.02759552, -952.441650391, -66.9597015381, -287.110961914, 25.665555954, -118.581230164, -253.91986084, -137.486816406], [-142.4478302, 1634.74328613, -36.2077178955, -263.503662109, 147.835144043, -129.526443481, 395.154327393, 26.9416866302, 76.6250534058, -77.3409957886, 228.299560547, -124.041931152, 125.578666687], [-3016.15039062, -36.2077178955, 1026.96472168, 60.1668701172, 122.08405304, 68.2734527588, 112.104728699, 80.7280044556, 75.4676589966, 25.9625740051, 45.3940010071, 123.588897705, 50.5005226135], [141.918121338, -263.503662109, 60.1668701172, 325.221496582, 61.4495048523, 11.697271347, -77.8182449341, 0.649979054928, 30.5685768127, -0.898290038109, -25.0380897522, 29.4054164886, 15.2004699707], [-824.942749023, 147.835144043, 122.08405304, 61.4495048523, 296.03817749, 77.0429992676, 127.495178223, -0.572917282581, 20.7935752869, 20.4125270844, 24.2862949371, 10.3415136337, 21.3249340057], [-40.02759552, -129.526443481, 68.2734527588, 11.697271347, 77.0429992676, 200.269851685, 96.4011611938, 17.8003940582, 13.4988870621, 27.6502819061, 6.57599639893, 20.0371379852, -25.4663410187], [-952.441650391, 395.154327393, 112.104728699, -77.8182449341, 127.495178223, 96.4011611938, 417.697418213, 44.1889648438, 60.5440559387, 21.7568321228, 80.2421035767, 4.62535524368, 3.29408431053], [-66.9597015381, 26.9416866302, 80.7280044556, 0.649979054928, -0.572917282581, 17.8003940582, 44.1889648438, 116.406143188, 30.1291904449, -19.5969238281, 29.8747634888, 14.113366127, 22.3229904175], [-287.110961914, 76.6250534058, 75.4676589966, 30.5685768127, 20.7935752869, 13.4988870621, 60.5440559387, 30.1291904449, 107.751754761, 15.4080629349, 24.2121334076, 7.40503549576, 4.48949241638], [25.665555954, -77.3409957886, 25.9625740051, -0.898290038109, 20.4125270844, 27.6502819061, 21.7568321228, -19.5969238281, 15.4080629349, 106.382194519, -3.07813191414, 16.2132797241, -24.832365036], [-118.581230164, 228.299560547, 45.3940010071, -25.0380897522, 24.2862949371, 6.57599639893, 80.2421035767, 29.8747634888, 24.2121334076, -3.07813191414, 97.8313980103, 7.81939125061, 22.5324630737], [-253.91986084, -124.041931152, 123.588897705, 29.4054164886, 10.3415136337, 20.0371379852, 4.62535524368, 14.113366127, 7.40503549576, 16.2132797241, 7.81939125061, 91.0544967651, 6.17297840118], [-137.486816406, 125.578666687, 50.5005226135, 15.2004699707, 21.3249340057, -25.4663410187, 3.29408431053, 22.3229904175, 4.48949241638, -24.832365036, 22.5324630737, 6.17297840118, 74.3581085205]],
        "icov": [[0.000238230510149, -0.000527868047357, 0.000688580388669, -0.000554499565624, 0.000651917303912, -0.000884992652573, 0.000723415229004, -0.000686050509103, 0.000488783582114, -0.000673335045576, 0.000401364522986, -0.00059704890009, 0.000335088436259], [-0.000527868047357, 0.00365802110173, -0.00144660996739, 0.00265930197202, -0.00245341775008, 0.00394195271656, -0.00316780223511, 0.00276217400096, -0.00222477340139, 0.00255847768858, -0.00466532865539, 0.0041088508442, -0.00328884948976], [0.000688580388669, -0.00144660996739, 0.00331705110148, -0.00151838280726, 0.00149422441609, -0.00260260910727, 0.00196752673946, -0.00241366634145, 0.000821951485705, -0.00202768458985, 0.00113291933667, -0.00320778111927, 0.000287648872472], [-0.000554499565624, 0.00265930197202, -0.00151838280726, 0.00608571618795, -0.00327827758156, 0.0028806028422, -0.00136369746178, 0.00238011218607, -0.00355720799416, 0.00259038433433, -0.00212293257937, 0.00181666528806, -0.00288428668864], [0.000651917303912, -0.00245341775008, 0.00149422441609, -0.00327827758156, 0.00706187821925, -0.00458093872294, 0.00121098081581, -0.00126208656002, 0.00225645583123, -0.00291086127982, 0.00242874072865, -0.00203138194047, 5.95779820287e-05], [-0.000884992652573, 0.00394195271656, -0.00260260910727, 0.0028806028422, -0.00458093872294, 0.0116474395618, -0.00511850463226, 0.00218307855539, -0.00216230913065, 0.00264093931764, -0.00403121206909, 0.00345488078892, -0.00029351041303], [0.000723415229004, -0.00316780223511, 0.00196752673946, -0.00136369746178, 0.00121098081581, -0.00511850463226, 0.0072063007392, -0.00336571130902, 0.000655575189739, -0.00280166137964, 0.00147162436042, -0.00327283190563, 0.0030714306049], [-0.000686050509103, 0.00276217400096, -0.00241366634145, 0.00238011218607, -0.00126208656002, 0.00218307855539, -0.00336571130902, 0.0139254666865, -0.00438965018839, 0.00479638949037, -0.00476162880659, 0.00225496618077, -0.00457997480407], [0.000488783582114, -0.00222477340139, 0.000821951485705, -0.00355720799416, 0.00225645583123, -0.00216230913065, 0.000655575189739, -0.00438965018839, 0.0136439530179, -0.00394662423059, 0.000934629060794, -0.00141938787419, 0.0024239087943], [-0.000673335045576, 0.00255847768858, -0.00202768458985, 0.00259038433433, -0.00291086127982, 0.00264093931764, -0.00280166137964, 0.00479638949037, -0.00394662423059, 0.013987810351, -0.00276106968522, 0.000644244079012, 0.00139800296165], [0.000401364522986, -0.00466532865539, 0.00113291933667, -0.00212293257937, 0.00242874072865, -0.00403121206909, 0.00147162436042, -0.00476162880659, 0.000934629060794, -0.00276106968522, 0.020406300202, -0.0062134033069, 0.000926447915845], [-0.00059704890009, 0.0041088508442, -0.00320778111927, 0.00181666528806, -0.00203138194047, 0.00345488078892, -0.00327283190563, 0.00225496618077, -0.00141938787419, 0.000644244079012, -0.0062134033069, 0.0188005082309, -0.00437915511429], [0.000335088436259, -0.00328884948976, 0.000287648872472, -0.00288428668864, 5.95779820287e-05, -0.00029351041303, 0.0030714306049, -0.00457997480407, 0.0024239087943, 0.00139800296165, 0.000926447915845, -0.00437915511429, 0.0215411968529]]
    },
    "melbands": {
        "dmean": [0.000940508500207, 0.000938877812587, 0.000686373037752, 0.000374633033061, 0.000423511810368, 0.000350785296177, 0.000163650300237, 0.000152168388013, 7.38417438697e-05, 6.88728978275e-05, 5.14809689776e-05, 3.81320533052e-05, 4.91080863867e-05, 3.34495671268e-05, 4.1069190047e-05, 3.44209984178e-05, 2.99843432003e-05, 1.62192773132e-05, 1.25183114505e-05, 1.56261830853e-05, 1.4325810298e-05, 1.30759271997e-05, 1.24078596855e-05, 6.63944683765e-06, 4.26828682976e-06, 4.93536253998e-06, 5.35445315109e-06, 4.01400166083e-06, 2.32645811593e-06, 2.05681180887e-06, 1.97630379262e-06, 1.75896468591e-06, 2.17468550545e-06, 2.17901765609e-06, 2.22529274652e-06, 2.269905508e-06, 2.37560948335e-06, 1.85880776371e-06, 1.24581379168e-06, 1.09091172362e-06],
        "dmean2": [0.00145173305646, 0.00159669050481, 0.00111991388258, 0.00059544632677, 0.000646254222374, 0.000561200256925, 0.000268011441221, 0.000245333882049, 0.00011896390788, 0.000113226109534, 7.82608040026e-05, 5.99383238296e-05, 7.26552389096e-05, 4.9167079851e-05, 6.11343857599e-05, 4.9144433433e-05, 4.57183159597e-05, 2.51010660577e-05, 1.98075649678e-05, 2.38042448473e-05, 2.06726017495e-05, 1.88393241842e-05, 1.81348350452e-05, 1.02025842352e-05, 6.63000400891e-06, 7.56341933084e-06, 7.89379919297e-06, 5.9074445744e-06, 3.45667831425e-06, 3.0262663131e-06, 2.90497564492e-06, 2.65990024673e-06, 3.27420980284e-06, 3.30159377882e-06, 3.27715429194e-06, 3.12903580379e-06, 3.35848039867e-06, 2.68099211098e-06, 1.79614346507e-06, 1.60512206548e-06],
        "dvar": [5.32938520337e-06, 4.20323294748e-06, 1.23350639569e-06, 3.10146276661e-07, 5.75392618885e-07, 4.90859292768e-07, 1.15112825938e-07, 1.11118907853e-07, 3.22838289435e-08, 3.69549475465e-08, 1.10618039173e-08, 8.17696665933e-09, 1.92459292947e-08, 1.18428262752e-08, 1.26623245222e-08, 1.03196766688e-08, 8.20167311844e-09, 2.56390575437e-09, 1.38697497931e-09, 1.53362500477e-09, 1.16774268033e-09, 1.76032932675e-09, 1.4841858853e-09, 2.58868260161e-10, 9.33725735619e-11, 1.39982511693e-10, 4.22904600228e-10, 1.69004948924e-10, 3.14594184037e-11, 3.81461945365e-11, 5.21242597695e-11, 3.82714589187e-11, 5.78337620849e-11, 5.95572272055e-11, 7.25263321621e-11, 8.19412315778e-11, 6.69319946689e-11, 3.68231556358e-11, 1.34246763012e-11, 1.23631035964e-11],
        "dvar2": [1.14537524496e-05, 1.1727473975e-05, 3.32196987074e-06, 6.94481514074e-07, 1.36079790991e-06, 1.31196657094e-06, 2.95236702641e-07, 2.66180421704e-07, 8.06033497724e-08, 9.95858826514e-08, 2.57601353582e-08, 1.99654994759e-08, 3.53328069025e-08, 1.81066450722e-08, 2.51266687457e-08, 2.0780911214e-08, 1.87885191849e-08, 5.62707347385e-09, 3.08931746851e-09, 3.54503271183e-09, 2.61429011772e-09, 4.25776658375e-09, 2.7630628896e-09, 5.54838508471e-10, 2.13989423403e-10, 3.38366251684e-10, 8.58559279227e-10, 2.67551675259e-10, 6.49049702872e-11, 8.16031756057e-11, 1.22164597882e-10, 9.12173045431e-11, 1.42119399582e-10, 1.47433079634e-10, 1.66766614407e-10, 1.54997389923e-10, 1.17996390436e-10, 7.45594697094e-11, 2.4270882179e-11, 2.64018425178e-11],
        "max": [0.0284264031798, 0.0272777248174, 0.0110179428011, 0.00852752756327, 0.0125839225948, 0.00932538229972, 0.00493520405143, 0.00483032688498, 0.00258879433386, 0.0029087990988, 0.0017113534268, 0.00150294357445, 0.00435690674931, 0.00321289408021, 0.00257084495388, 0.00218996289186, 0.00215057935566, 0.00105996080674, 0.000786207383499, 0.0011111816857, 0.000801507441793, 0.00109328899998, 0.000913192750886, 0.00031471811235, 0.000166345023899, 0.00018978958542, 0.000582823588047, 0.000356779142749, 7.57314264774e-05, 8.94732584129e-05, 0.000137652197736, 0.000101539459138, 9.61669502431e-05, 0.000142754099215, 0.000226425967412, 0.000285950867692, 0.000171675608726, 0.000140311312862, 7.08074585418e-05, 7.91134443716e-05],
        "mean": [0.00254641543142, 0.00202756864019, 0.00128247041721, 0.000867018301506, 0.000859187101014, 0.000668435357511, 0.00025704674772, 0.000254920771113, 0.000123390607769, 0.000108865235234, 0.000105347615317, 7.10706008249e-05, 8.24713133625e-05, 5.92251999478e-05, 8.54300305946e-05, 6.6488457378e-05, 5.580157449e-05, 2.81988723145e-05, 2.01953225769e-05, 2.89285035251e-05, 2.59507833107e-05, 2.4737433705e-05, 2.19428802666e-05, 1.17206509458e-05, 7.43589407648e-06, 8.48069794301e-06, 9.31707654672e-06, 6.98230314811e-06, 4.2904239308e-06, 3.24741813529e-06, 2.94966025649e-06, 2.52094446296e-06, 3.26825966113e-06, 3.27219322571e-06, 3.16711407322e-06, 3.39063399224e-06, 3.556434649e-06, 2.86995805254e-06, 2.49637423622e-06, 1.83196982562e-06],
        "median": [0.0022880921606, 0.0016526581021, 0.000815841602162, 0.000519998604432, 0.000483813200844, 0.000236844207393, 0.000102916041214, 8.02848226158e-05, 3.97020448872e-05, 2.89798881568e-05, 4.19643365603e-05, 2.54549595411e-05, 3.37500678143e-05, 1.57702288561e-05, 1.8551656467e-05, 1.40389538501e-05, 1.20459453683e-05, 7.5008638305e-06, 6.27332474323e-06, 6.77701291352e-06, 5.52968504053e-06, 5.07431332153e-06, 4.90792035635e-06, 3.47053287442e-06, 2.56160046774e-06, 2.62941148321e-06, 3.04597210743e-06, 2.40391955231e-06, 1.09968777906e-06, 5.94428229306e-07, 3.5429556533e-07, 2.89014678856e-07, 5.13919303557e-07, 6.05542481935e-07, 4.54812067119e-07, 2.95912030879e-07, 2.94243960752e-07, 4.00082427632e-07, 3.90065082456e-07, 2.47149898769e-07],
        "min": [5.34994342982e-24, 1.48473041362e-23, 2.92752971468e-23, 7.40317245013e-24, 6.10705110589e-24, 4.25878195382e-24, 2.17939627805e-23, 9.64837944919e-24, 6.9654280118e-24, 1.05452646002e-23, 1.0159372778e-23, 3.79107578944e-24, 7.26258797049e-24, 6.89637980562e-24, 1.4759750042e-23, 1.23301633725e-23, 1.50781469252e-23, 1.16005364549e-23, 7.01844183121e-24, 8.89851351624e-24, 7.56780456561e-24, 4.97908532435e-24, 4.99338540041e-24, 6.71307140822e-24, 9.80430175142e-24, 8.24950897204e-24, 8.84634535572e-24, 5.82913462012e-24, 6.35879831442e-24, 9.92866093996e-24, 1.01118951844e-23, 8.3728205533e-24, 7.43697671764e-24, 1.17748731372e-23, 9.90384337588e-24, 1.04063745938e-23, 1.12191876827e-23, 1.21879341178e-23, 1.21261497429e-23, 9.04115297854e-24],
        "stdev": [0.00308185536414, 0.00217056483962, 0.00144454254769, 0.00104780809488, 0.00110085133929, 0.00108303932939, 0.000436282978626, 0.000503869610839, 0.000241209636442, 0.000218868546654, 0.000182167481398, 0.000137089242344, 0.000202476265258, 0.000201442337129, 0.000193620755454, 0.00015272127348, 0.000131820997922, 7.05098864273e-05, 4.59541915916e-05, 7.70510378061e-05, 5.5192358559e-05, 5.90056042711e-05, 6.12614821875e-05, 2.45616411121e-05, 1.38838422572e-05, 1.58669336088e-05, 2.73060722975e-05, 1.93508330995e-05, 8.40950269776e-06, 8.08017830423e-06, 8.6455802375e-06, 7.09676851329e-06, 9.06280820345e-06, 9.32333568926e-06, 1.12864436232e-05, 1.37410470415e-05, 1.24643711388e-05, 9.12297582545e-06, 6.69839346301e-06, 5.49610149392e-06],
        "var": [9.49783225224e-06, 4.71135126645e-06, 2.08670303437e-06, 1.09790187253e-06, 1.21187372315e-06, 1.17297418001e-06, 1.90342831274e-07, 2.53884564927e-07, 5.81820920331e-08, 4.7903437661e-08, 3.31849925317e-08, 1.87934592333e-08, 4.09966354198e-08, 4.05790139268e-08, 3.74889950194e-08, 2.33237855696e-08, 1.73767773504e-08, 4.97164442947e-09, 2.1117878557e-09, 5.93686211303e-09, 3.04619662828e-09, 3.48166118158e-09, 3.75296949073e-09, 6.03274208366e-10, 1.92761084872e-10, 2.51759557646e-10, 7.45621564491e-10, 3.74454772745e-10, 7.07197286842e-11, 6.52892809261e-11, 7.47460635053e-11, 5.03641225946e-11, 8.21345005897e-11, 8.69245925239e-11, 1.27383811832e-10, 1.88816379199e-10, 1.55360557752e-10, 8.32286808916e-11, 4.48684735199e-11, 3.02071319347e-11]
    },
    "melbands128": {
