{
"lowlevel": {
    "average_loudness": 0.965198636055,
    "barkbands_crest": {
        "dmean": 3.51008009911,
        "dmean2": 5.50195407867,
        "dvar": 11.9989280701,
        "dvar2": 23.9219551086,
        "max": 25.9081859589,
        "mean": 11.8751182556,
        "median": 10.7828207016,
        "min": 2.52617549896,
        "stdev": 5.3724064827,
        "var": 28.8627529144
    },
    "barkbands_flatness_db": {
        "dmean": 0.0339567624032,
        "dmean2": 0.0509855635464,
        "dvar": 0.00128563435283,
        "dvar2": 0.00242251972668,
        "max": 0.460298895836,
        "mean": 0.145322874188,
        "median": 0.133653074503,
        "min": 0.0338139012456,
        "stdev": 0.05866663903,
        "var": 0.00344177451916
    },
    "barkbands_kurtosis": {
        "dmean": 10.5581130981,
        "dmean2": 17.2862739563,
        "dvar": 1866.93579102,
        "dvar2": 4819.32861328,
        "max": 1068.78527832,
        "mean": 10.0708808899,
        "median": 2.18842601776,
        "min": -1.87475967407,
        "stdev": 39.5507545471,
        "var": 1564.26220703
    },
    "barkbands_skewness": {
        "dmean": 1.12734830379,
        "dmean2": 1.64324402809,
        "dvar": 2.31603884697,
        "dvar2": 4.84473323822,
        "max": 25.3591499329,
        "mean": 2.03502416611,
        "median": 1.51060080528,
        "min": -6.92681884766,
        "stdev": 2.14195895195,
        "var": 4.58798789978
    },
    "barkbands_spread": {
        "dmean": 11.65026474,
        "dmean2": 18.2911949158,
        "dvar": 195.784988403,
        "dvar2": 451.309692383,
        "max": 109.133178711,
        "mean": 26.5216274261,
        "median": 23.1919956207,
        "min": 0.183433458209,
        "stdev": 17.7373981476,
        "var": 314.61529541
    },
    "dissonance": {
        "dmean": 0.0259971376508,
        "dmean2": 0.0429252907634,
        "dvar": 0.000801361224148,
        "dvar2": 0.00200906698592,
        "max": 0.498909235001,
        "mean": 0.448161810637,
        "median": 0.45507478714,
        "min": 0.0162933412939,
        "stdev": 0.0356159359217,
        "var": 0.00126849499065
    },
    "dynamic_complexity": 2.08830928802,
    "erbbands_crest": {
        "dmean": 3.63579201698,
        "dmean2": 5.88175439835,
        "dvar": 11.4133224487,
        "dvar2": 27.9048995972,
        "max": 27.3691520691,
        "mean": 10.4105215073,
        "median": 9.43890380859,
        "min": 2.50998401642,
        "stdev": 4.76361656189,
        "var": 22.6920413971
    },
    "erbbands_flatness_db": {
        "dmean": 0.0223258957267,
        "dmean2": 0.0325200222433,
        "dvar": 0.000419784075348,
        "dvar2": 0.000833703787066,
        "max": 0.271655589342,
        "mean": 0.139541566372,
        "median": 0.136080816388,
        "min": 0.0433765985072,
        "stdev": 0.0388114117086,
        "var": 0.00150632567238
    },
    "erbbands_kurtosis": {
        "dmean": 1.21210575104,
        "dmean2": 1.95092260838,
        "dvar": 5.69779682159,
        "dvar2": 15.2909440994,
        "max": 55.3592948914,
        "mean": 0.51631963253,
        "median": -0.0470793247223,
        "min": -1.88074362278,
        "stdev": 2.40161013603,
        "var": 5.76773071289
    },
    "erbbands_skewness": {
        "dmean": 0.49536600709,
        "dmean2": 0.735314369202,
        "dvar": 0.280970513821,
        "dvar2": 0.612770974636,
        "max": 3.30079078674,
        "mean": 0.451658457518,
        "median": 0.455214947462,
        "min": -6.48797893524,
        "stdev": 0.772949397564,
        "var": 0.597450792789
    },
    "erbbands_spread": {
        "dmean": 15.6763706207,
        "dmean2": 23.3590927124,
        "dvar": 325.429412842,
        "dvar2": 727.248474121,
        "max": 188.785568237,
        "mean": 50.1209259033,
        "median": 44.5158882141,
        "min": 5.80586051941,
        "stdev": 27.0514125824,
        "var": 731.778930664
    },
    "hfc": {
        "dmean": 11.3122396469,
        "dmean2": 15.8891162872,
        "dvar": 220.503463745,
        "dvar2": 493.605621338,
        "max": 161.214523315,
        "mean": 23.0480480194,
        "median": 18.2420158386,
        "min": 1.23159927255e-16,
        "stdev": 19.8777713776,
        "var": 395.125762939
    },
    "loudness_ebu128": {
        "integrated": -10.1174297333,
        "loudness_range": 1.40603733063,
        "momentary": {
            "dmean": 0.673568248749,
            "dmean2": 1.04147589207,
            "dvar": 0.288192152977,
            "dvar2": 0.664614737034,
            "max": -7.75211238861,
            "mean": -10.2718791962,
            "median": -10.2614660263,
            "min": -14.7577009201,
            "stdev": 1.17894387245,
            "var": 1.38990867138
        },
        "short_term": {
            "dmean": 0.0709642469883,
            "dmean2": 0.0987106487155,
            "dvar": 0.00372698879801,
            "dvar2": 0.0065832240507,
            "max": -9.29162788391,
            "mean": -10.1216344833,
            "median": -10.0329694748,
            "min": -11.3522310257,
            "stdev": 0.49104809761,
            "var": 0.241128221154
        }
    },
    "melbands_crest": {
        "dmean": 4.48518133163,
        "dmean2": 6.83166360855,
        "dvar": 15.3126649857,
        "dvar2": 30.017873764,
        "max": 34.2024612427,
        "mean": 17.2739868164,
        "median": 16.7253570557,
        "min": 2.14420342445,
        "stdev": 6.42129278183,
        "var": 41.233001709
    },
    "melbands_flatness_db": {
        "dmean": 0.0418503247201,
        "dmean2": 0.0611096061766,
        "dvar": 0.00205658283085,
        "dvar2": 0.00392366433516,
        "max": 0.570269823074,
        "mean": 0.198780193925,
        "median": 0.184704452753,
        "min": 0.00524297961965,
        "stdev": 0.0797165110707,
        "var": 0.00635472266003
    },
    "melbands_kurtosis": {
        "dmean": 23.9652690887,
        "dmean2": 37.0654983521,
        "dvar": 2232.96606445,
        "dvar2": 4960.00683594,
        "max": 818.417602539,
        "mean": 30.3783683777,
        "median": 9.97964191437,
        "min": -1.80786836147,
        "stdev": 57.6231193542,
        "var": 3320.42382812
    },
    "melbands_skewness": {
        "dmean": 1.59045505524,
        "dmean2": 2.28802132607,
        "dvar": 3.5465669632,
        "dvar2": 7.26671600342,
        "max": 21.0084018707,
        "mean": 3.62172245979,
        "median": 2.73004460335,
        "min": -1.98313677311,
        "stdev": 2.91767907143,
        "var": 8.51285171509
    },
    "melbands_spread": {
        "dmean": 12.2763376236,
        "dmean2": 18.7462463379,
        "dvar": 397.372619629,
        "dvar2": 830.042724609,
        "max": 232.805145264,
        "mean": 25.7847614288,
        "median": 20.304725647,
        "min": 0.222129151225,
        "stdev": 27.0343208313,
        "var": 730.854492188
    },
    "pitch_salience": {
        "dmean": 0.0996512174606,
        "dmean2": 0.152006477118,
        "dvar": 0.00920454785228,
        "dvar2": 0.0183789916337,
        "max": 0.877561211586,
        "mean": 0.45517423749,
        "median": 0.472466021776,
        "min": 0.0522923357785,
        "stdev": 0.156344994903,
        "var": 0.0244437586516
    },
    "silence_rate_20dB": {
        "dmean": 0,
        "dmean2": 0,
        "dvar": 0,
        "dvar2": 0,
        "max": 1,
        "mean": 1,
        "median": 1,
        "min": 1,
        "stdev": 0,
        "var": 0
    },
    "silence_rate_30dB": {
        "dmean": 0.0665634647012,
        "dmean2": 0.133230060339,
        "dvar": 0.0621324963868,
        "dvar2": 0.155758529902,
        "max": 1,
        "mean": 0.953596293926,
        "median": 1,
        "min": 0,
        "stdev": 0.210355997086,
        "var": 0.0442496426404
    },
    "silence_rate_60dB": {
        "dmean": 0.0402476787567,
        "dmean2": 0.0797831118107,
        "dvar": 0.0386279821396,
        "dvar2": 0.0920070186257,
        "max": 1,
        "mean": 0.0371229685843,
        "median": 0,
        "min": 0,
        "stdev": 0.189062610269,
        "var": 0.0357446707785
    },
    "spectral_centroid": {
        "dmean": 404.748291016,
        "dmean2": 613.340820312,
        "dvar": 301062.5,
        "dvar2": 581355,
        "max": 11221.2529297,
        "mean": 1399.93884277,
        "median": 1343.14367676,
        "min": 129.53553772,
        "stdev": 752.166259766,
        "var": 565754.125
    },
    "spectral_complexity": {
        "dmean": 3.41795659065,
        "dmean2": 4.83965921402,
        "dvar": 11.3965921402,
        "dvar2": 23.7054862976,
        "max": 45,
        "mean": 13.4044857025,
        "median": 13,
        "min": 0,
        "stdev": 6.04542541504,
        "var": 36.5471687317
    },
    "spectral_decrease": {
        "dmean": 4.76339057087e-09,
        "dmean2": 6.74597089301e-09,
        "dvar": 4.57272192413e-17,
        "dvar2": 8.73351782938e-17,
        "max": 6.58623263109e-29,
        "mean": -7.93558463386e-09,
        "median": -4.74405448259e-09,
        "min": -5.11165723083e-08,
        "stdev": 8.77844374969e-09,
        "var": 7.70610789252e-17
    },
    "spectral_energy": {
        "dmean": 0.0185455512255,
        "dmean2": 0.0261452700943,
        "dvar": 0.000656160700601,
        "dvar2": 0.00124432810117,
        "max": 0.194199845195,
        "mean": 0.0320412665606,
        "median": 0.0198137629777,
        "min": 1.09223924996e-20,
        "stdev": 0.0336309671402,
        "var": 0.00113104190677
    },
    "spectral_energyband_high": {
        "dmean": 0.000902380619664,
        "dmean2": 0.00134620827157,
        "dvar": 2.26225847655e-06,
        "dvar2": 5.01848398926e-06,
        "max": 0.0169300399721,
        "mean": 0.00130922358949,
        "median": 0.000692955334671,
        "min": 7.85949374868e-21,
        "stdev": 0.00181105418596,
        "var": 3.27991710947e-06
    },
    "spectral_energyband_low": {
        "dmean": 0.0112524265423,
        "dmean2": 0.0161175783724,
        "dvar": 0.00058496784186,
        "dvar2": 0.0010953922756,
        "max": 0.190143719316,
        "mean": 0.0154672767967,
        "median": 0.00373229826801,
        "min": 8.85928535669e-23,
        "stdev": 0.0301652513444,
        "var": 0.000909942376893
    },
    "spectral_energyband_middle_high": {
        "dmean": 0.00206289114431,
        "dmean2": 0.00262535037473,
        "dvar": 7.13420968168e-06,
        "dvar2": 1.05736371552e-05,
        "max": 0.0354901701212,
        "mean": 0.00455339858308,
        "median": 0.00282157678157,
        "min": 1.53387659316e-21,
        "stdev": 0.00497105717659,
        "var": 2.47114094236e-05
    },
    "spectral_energyband_middle_low": {
        "dmean": 0.00812613777816,
        "dmean2": 0.0121501451358,
        "dvar": 0.000241328205448,
        "dvar2": 0.000518793181982,
        "max": 0.110090836883,
        "mean": 0.0116105647758,
        "median": 0.00553490780294,
        "min": 3.26214078174e-22,
        "stdev": 0.0174954961985,
        "var": 0.00030609240639
    },
    "spectral_entropy": {
        "dmean": 0.243799373507,
        "dmean2": 0.354084700346,
        "dvar": 0.0568997710943,
        "dvar2": 0.122635692358,
        "max": 9.80984592438,
        "mean": 7.66611623764,
        "median": 7.67577934265,
        "min": 5.31846475601,
        "stdev": 0.428795039654,
        "var": 0.183865174651
    },
    "spectral_flux": {
        "dmean": 0.0458558350801,
        "dmean2": 0.0766141414642,
        "dvar": 0.0025281838607,
        "dvar2": 0.00714740343392,
        "max": 0.345628023148,
        "mean": 0.101015672088,
        "median": 0.0879495069385,
        "min": 1.04510247678e-10,
        "stdev": 0.0610704831779,
        "var": 0.00372960371897
    },
    "spectral_kurtosis": {
        "dmean": 1.07445538044,
        "dmean2": 1.64754343033,
        "dvar": 1.43426847458,
        "dvar2": 3.39249181747,
        "max": 17.5812168121,
        "mean": 2.52225875854,
        "median": 2.27128982544,
        "min": -1.34417402744,
        "stdev": 1.90089344978,
        "var": 3.61339569092
    },
    "spectral_rms": {
        "dmean": 0.00147179490887,
        "dmean2": 0.00195509078912,
        "dvar": 2.58949603449e-06,
        "dvar2": 4.4342568799e-06,
        "max": 0.0137645648792,
        "mean": 0.00497189676389,
        "median": 0.00439664628357,
        "min": 3.26435189643e-12,
        "stdev": 0.00255734380335,
        "var": 6.54000723443e-06
    },
    "spectral_rolloff": {
        "dmean": 1234.19274902,
        "dmean2": 2100.76293945,
        "dvar": 5061071,
        "dvar2": 11318587,
        "max": 18863.0859375,
        "mean": 2001.25952148,
        "median": 1184.32617188,
        "min": 64.599609375,
        "stdev": 2600.68701172,
        "var": 6763572.5
    },
    "spectral_skewness": {
        "dmean": 0.25409579277,
        "dmean2": 0.382881700993,
        "dvar": 0.0824310109019,
        "dvar2": 0.18806836009,
        "max": 3.29621171951,
        "mean": 1.38159525394,
        "median": 1.38852035999,
        "min": -0.699664831161,
        "stdev": 0.433389008045,
        "var": 0.187826037407
    },
    "spectral_spread": {
        "dmean": 1198974.75,
        "dmean2": 1733217.5,
        "dvar": 2.66732437504e+12,
        "dvar2": 4.67488630374e+12,
        "max": 41166660,
        "mean": 6894425,
        "median": 6357391,
        "min": 2666540.75,
        "stdev": 2483512.75,
        "var": 6.16783518106e+12
    },
    "spectral_strongpeak": {
        "dmean": 0.684871733189,
        "dmean2": 1.09132730961,
        "dvar": 1.09314310551,
        "dvar2": 2.67828440666,
        "max": 11.7590694427,
        "mean": 1.07374846935,
        "median": 0.573818564415,
        "min": 0,
        "stdev": 1.24812757969,
        "var": 1.55782258511
    },
    "zerocrossingrate": {
        "dmean": 0.023665767163,
        "dmean2": 0.0275022238493,
        "dvar": 0.000906559173018,
        "dvar2": 0.00114764005411,
        "max": 0.50927734375,
        "mean": 0.0794765502214,
        "median": 0.06689453125,
        "min": 0.00244140625,
        "stdev": 0.0569985471666,
        "var": 0.00324883428402
    },
    "barkbands": {
        "dmean": [0.000312342745019, 0.00964390859008, 0.00167691905517, 0.00267030461691, 0.00387763301842, 0.000544700247701, 0.000232798745856, 0.000677771749906, 0.00153690914158, 0.000806362542789, 0.000534386723302, 0.000259635882685, 0.000248912227107, 0.000389519729652, 0.000378408672987, 0.000258961255895, 0.000128260537167, 0.000169204504346, 0.000142301665619, 0.000155028508743, 0.000109647713543, 0.000119514450489, 0.000129841937451, 0.000202227805858, 0.000209915917367, 0.000178854621481, 1.42201160998e-05],
        "dmean2": [0.000446368096163, 0.0138240074739, 0.00269092735834, 0.00410362845287, 0.00613456824794, 0.00083162082592, 0.000359850790119, 0.000972315727267, 0.00226989272051, 0.00117551384028, 0.000723448873032, 0.000376802927349, 0.000379591889214, 0.000608154572546, 0.00057044258574, 0.000380247976864, 0.000193687112187, 0.0002495458466, 0.000209511417779, 0.000264099129708, 0.000178171234438, 0.000188871810678, 0.000202394701773, 0.00029693369288, 0.000325804110616, 0.00029630062636, 2.36152227444e-05],
        "dvar": [7.18140313438e-07, 0.000561332562938, 2.68105341092e-05, 4.22748125857e-05, 9.15248383535e-05, 9.61971636571e-07, 2.83741400153e-07, 2.2524443466e-06, 1.66784830071e-05, 3.6625208395e-06, 1.87090881809e-06, 2.66708212848e-07, 2.41737495799e-07, 6.53463814615e-07, 7.63384207403e-07, 3.21485686072e-07, 6.43150386281e-08, 1.43247632423e-07, 7.31696019329e-08, 1.60543521588e-07, 3.51806477283e-08, 4.78955044514e-08, 7.73419088773e-08, 3.29273518673e-07, 2.24462610277e-07, 2.15038298279e-07, 1.72970304746e-09],
        "dvar2": [1.53074984155e-06, 0.00103658169974, 7.20964453649e-05, 8.71129668667e-05, 0.000210421669181, 2.28254248213e-06, 5.9284246845e-07, 4.12127610616e-06, 3.36911143677e-05, 7.13250483386e-06, 2.83667736767e-06, 5.30884960881e-07, 5.41973804502e-07, 1.40698386986e-06, 1.70503358277e-06, 7.1227970011e-07, 1.40718398711e-07, 2.55026463947e-07, 1.31661934688e-07, 4.57065084447e-07, 9.33994499519e-08, 1.17755803331e-07, 1.93661534809e-07, 6.50515119105e-07, 5.26565600012e-07, 5.3757293017e-07, 4.29506608057e-09],
        "max": [0.00821970961988, 0.183457732201, 0.0830362588167, 0.0481084734201, 0.0671024173498, 0.0165997203439, 0.00830844510347, 0.0267668198794, 0.0480982549489, 0.0336658805609, 0.0297267381102, 0.00702121946961, 0.00744152627885, 0.0107193775475, 0.0120539683849, 0.0103673478588, 0.00322782178409, 0.00549319945276, 0.00505984108895, 0.00446259090677, 0.00189465796575, 0.00248848972842, 0.00313490838744, 0.0108097800985, 0.00778084760532, 0.00717719830573, 0.000493949046358],
        "mean": [0.000297892780509, 0.0115468036383, 0.0029210948851, 0.00287048029713, 0.00399760575965, 0.00087276432896, 0.000333402305841, 0.00106642954051, 0.00207438203506, 0.00116362213157, 0.00078557030065, 0.000386828847695, 0.000332244671881, 0.000493730418384, 0.000481762632262, 0.00036101276055, 0.000187984478544, 0.000251387857134, 0.000213169943891, 0.000185882454389, 0.000158232302056, 0.000183525888133, 0.000170928833541, 0.000266868562903, 0.000269401323749, 0.000157581074745, 1.06764555312e-05],
        "median": [2.69457700597e-06, 0.00073680881178, 0.000834250007756, 0.000183797033969, 0.000825231021736, 0.000490612059366, 0.000141385913594, 0.000293088174658, 0.000312148447847, 0.000316522287903, 0.000179223177838, 0.000121659533761, 0.000114878777822, 9.32469702093e-05, 0.000119050797366, 0.000102279198472, 6.02445361437e-05, 5.34926512046e-05, 8.33056910778e-05, 9.82871861197e-05, 9.03265754459e-05, 9.96400340227e-05, 8.08494805824e-05, 0.000100433142507, 0.000106188221253, 2.41469351749e-05, 1.61682592648e-07],
        "min": [1.63492053696e-23, 6.23693626507e-23, 1.02971749452e-23, 6.94916012221e-24, 3.26021065998e-23, 1.0860154681e-22, 3.0184885325e-23, 6.72437278732e-23, 7.50657507541e-23, 2.11545594623e-23, 7.8858896909e-23, 1.50425121848e-22, 1.06970321298e-22, 5.12795844441e-23, 1.62208293013e-22, 2.16582682918e-22, 2.18710486904e-22, 1.48976318842e-22, 2.33590322086e-22, 3.31429243929e-22, 3.31787146966e-22, 5.4816401923e-22, 8.40176395458e-22, 8.46299773618e-22, 8.42971310713e-22, 1.84071617177e-21, 2.74148798997e-21],
        "stdev": [0.000929925823584, 0.0281187836081, 0.00702670589089, 0.00717984698713, 0.00972093082964, 0.00121598027181, 0.000672888476402, 0.00222547957674, 0.00549962697551, 0.00249640643597, 0.00207036896609, 0.000746099976823, 0.000593897129875, 0.00105911539868, 0.0010515905451, 0.000725397199858, 0.000329334987327, 0.000574243837036, 0.000409420434153, 0.000334506708896, 0.000199358226382, 0.000259903492406, 0.000287595466943, 0.000700747303199, 0.000508680357598, 0.000437571899965, 3.82976977562e-05],
        "var": [8.64762000674e-07, 0.000790665973909, 4.93745938002e-05, 5.15502033522e-05, 9.44964922382e-05, 1.47860794186e-06, 4.52778891713e-07, 4.95275889989e-06, 3.02458993247e-05, 6.23204459771e-06, 4.28642806583e-06, 5.5666521348e-07, 3.52713811935e-07, 1.12172540412e-06, 1.10584267077e-06, 5.26201063167e-07, 1.08461534865e-07, 3.29755977191e-07, 1.6762508892e-07, 1.11894742361e-07, 3.97437034394e-08, 6.75498270652e-08, 8.27111605872e-08, 4.91046762363e-07, 2.58755733284e-07, 1.91469169408e-07, 1.46671363943e-09]
    },
    "erbbands": {
        "dmean": [0.369335174561, 1.85732793808, 2.05646920204, 4.23512935638, 19.5909786224, 6.84728574753, 5.10324382782, 4.13211727142, 3.06441020966, 5.46368360519, 19.0583648682, 41.3989448547, 23.2539539337, 26.9373912811, 15.0597925186, 11.4011030197, 10.4440898895, 18.5528640747, 22.0393447876, 12.4660301208, 11.0779905319, 5.48181915283, 8.62779331207, 7.37546873093, 6.93021726608, 7.42550468445, 4.92876958847, 4.23525476456, 4.72399711609, 3.33898329735, 3.9631717205, 4.24216508865, 3.36820220947, 2.38937354088, 1.50999414921, 0.950558662415, 0.294972956181, 0.0463637784123, 0.00147871952504, 5.49053111172e-05],
        "dmean2": [0.515647768974, 2.77162361145, 3.27686262131, 6.5919585228, 30.7559604645, 11.1792211533, 8.08495426178, 6.11946964264, 4.63391256332, 7.8184094429, 27.6306037903, 60.7605857849, 32.8819847107, 37.0393600464, 20.6133289337, 16.3566932678, 15.5087022781, 27.9364414215, 32.1894226074, 18.8123722076, 16.3295173645, 7.85620164871, 12.9596786499, 10.5989313126, 10.3515472412, 12.7867202759, 8.20812892914, 6.84940671921, 7.54541969299, 5.25849962234, 6.12225055695, 6.24170589447, 4.98690462112, 3.66256356239, 2.39802241325, 1.56323325634, 0.488674134016, 0.0772023126483, 0.00245121354237, 8.38644773467e-05],
        "dvar": [0.920672357082, 19.9203491211, 24.0557479858, 81.232131958, 2770.52832031, 216.933822632, 66.7282028198, 76.1008224487, 46.4221687317, 136.424789429, 1638.81811523, 14088.2861328, 3881.36621094, 4620.31152344, 915.932373047, 464.438079834, 331.286529541, 1500.65100098, 2569.12109375, 572.754455566, 665.112915039, 123.031166077, 429.881835938, 253.141540527, 158.785964966, 460.695495605, 98.8597793579, 53.1300048828, 84.5789108276, 47.0259361267, 71.2770080566, 106.647605896, 127.469779968, 43.1726570129, 11.0781106949, 5.77466440201, 0.585822105408, 0.015958622098, 1.69276263478e-05, 9.99265736823e-09],
        "dvar2": [1.69696044922, 39.3616714478, 65.5761184692, 168.314376831, 6163.07763672, 547.27532959, 161.757858276, 166.335647583, 96.4165039062, 278.588012695, 3198.18896484, 28676.7773438, 8642.24121094, 7603.11132812, 1609.52233887, 896.770446777, 699.886901855, 2995.78588867, 5359.60693359, 1289.09741211, 1556.171875, 250.416122437, 786.291442871, 399.054138184, 322.342498779, 1329.73986816, 272.313995361, 135.624603271, 213.414047241, 123.721458435, 173.334381104, 199.507110596, 276.566314697, 98.9690246582, 27.3706855774, 14.4368247986, 1.47732651234, 0.0393124222755, 4.19465577579e-05, 2.39531914303e-08],
        "max": [7.51374340057, 36.8808479309, 75.7012252808, 67.7820205688, 363.107757568, 132.999908447, 120.652961731, 131.593399048, 133.162628174, 252.1302948, 742.689208984, 1414.83105469, 1551.58825684, 998.191467285, 496.239868164, 335.476226807, 285.718841553, 640.150268555, 717.693054199, 301.23336792, 576.734008789, 170.6746521, 370.301177979, 326.458740234, 196.254318237, 252.502822876, 93.3010940552, 85.3652267456, 110.811668396, 65.6451797485, 102.758529663, 142.80696106, 241.095153809, 131.122695923, 41.17395401, 39.8165473938, 10.4164981842, 1.67635679245, 0.0506470687687, 0.00142356054857],
        "mean": [0.378912627697, 2.39026856422, 3.64793682098, 5.79278612137, 18.570224762, 7.69053936005, 8.0902338028, 6.42475557327, 4.6890206337, 9.05975341797, 28.3861961365, 57.6017074585, 33.8154983521, 42.4735107422, 25.5205345154, 18.1307659149, 15.651058197, 27.0025501251, 29.0554122925, 18.2487182617, 17.1465530396, 9.50071239471, 13.3330993652, 11.7320289612, 10.8025913239, 8.57650756836, 6.73535060883, 6.314889431, 7.15411949158, 4.79883766174, 5.13930034637, 5.68142127991, 4.25810050964, 3.25382423401, 1.73777616024, 0.891626596451, 0.250353455544, 0.037637449801, 0.00118691776879, 7.12222827133e-05],
        "median": [0.00863835029304, 0.239256501198, 1.47347402573, 1.00805079937, 1.11306536198, 2.41312336922, 4.27746343613, 3.10693717003, 2.13861393929, 3.98377847672, 8.64225482941, 9.6870098114, 12.1656656265, 9.69002342224, 8.27849578857, 7.1993522644, 6.80080747604, 7.03062868118, 7.62720966339, 6.28965806961, 6.27831125259, 3.27135968208, 3.32046937943, 3.635389328, 5.12355089188, 4.62094640732, 3.8007171154, 3.51894450188, 3.77439975739, 2.60913133621, 2.36812233925, 2.22699260712, 1.56558585167, 1.35948574543, 0.563350200653, 0.176346570253, 0.0318990983069, 0.00251239677891, 8.51532895467e-05, 3.6243131035e-05],
        "min": [1.26420480826e-21, 1.58255564715e-20, 1.60501376234e-20, 2.74576141988e-20, 9.34219851769e-20, 8.88537316101e-20, 3.47057403724e-19, 1.08763424824e-18, 4.8784739554e-19, 6.92551332692e-19, 1.73441783274e-18, 1.88420804076e-18, 7.91637333716e-19, 1.35970418807e-18, 3.34163989589e-18, 7.34662611709e-18, 6.10256756891e-18, 3.08736292123e-18, 3.86166870147e-18, 1.14628373182e-17, 1.19784454638e-17, 1.25185472545e-17, 9.28220972531e-18, 1.16717657701e-17, 1.15391496928e-17, 1.78726301064e-17, 1.2749209877e-17, 1.47356435862e-17, 1.95883085759e-17, 2.53189910443e-17, 2.12369837615e-17, 1.66886153581e-17, 1.4549883636e-17, 1.07070167499e-17, 5.8241911007e-18, 5.54803189011e-18, 3.54583542716e-18, 1.37092933918e-18, 4.05757035123e-19, 3.85617675211e-20],
        "stdev": [1.10446918011, 5.25984954834, 6.87973165512, 11.8125743866, 53.9803009033, 14.4946937561, 10.8626232147, 10.8750782013, 8.87238788605, 16.4150791168, 57.8280525208, 158.363540649, 76.2987518311, 103.671958923, 48.2502708435, 33.155292511, 23.9895191193, 54.301158905, 61.6474838257, 30.4600486755, 32.3684654236, 16.2281684875, 29.0066070557, 26.6627540588, 17.3471374512, 17.0323467255, 9.36412239075, 8.15839481354, 10.549536705, 7.05325698853, 9.01277351379, 13.3543453217, 12.487244606, 7.00758981705, 3.43430018425, 2.31507825851, 0.709165632725, 0.11809296906, 0.00383049342781, 0.000103574107925],
        "var": [1.21985208988, 27.6660194397, 47.33070755, 139.536911011, 2913.87280273, 210.096160889, 117.996582031, 118.267318726, 78.7192687988, 269.454833984, 3344.08349609, 25079.0117188, 5821.49902344, 10747.875, 2328.08862305, 1099.2734375, 575.497070312, 2948.6159668, 3800.41210938, 927.814575195, 1047.71765137, 263.35345459, 841.383239746, 710.902404785, 300.923156738, 290.100860596, 87.6867904663, 66.5594100952, 111.29271698, 49.7484321594, 81.2300949097, 178.338531494, 155.931274414, 49.1063156128, 11.7944173813, 5.35958766937, 0.502915918827, 0.0139459501952, 1.46726797539e-05, 1.07275957006e-08]
    },
    "gfcc": {
        "mean": [4.59576416016, 60.0351066589, -103.240936279, 26.6820926666, -66.6281509399, 28.8411998749, -40.4238128662, 15.2610521317, -30.4071292877, 3.94130277634, -24.4866027832, -3.21377682686, -9.3670873642],
        "cov": [[4681.42236328, -434.129730225, -317.764099121, -158.298828125, -124.514968872, -16.2955322266, -24.5136680603, 98.2139053345, -153.686706543, 47.6951293945, -121.617706299, 24.323923111, -132.309814453], [-434.129730225, 1092.30969238, -15.9461984634, 290.540496826, 281.597564697, 135.819366455, 274.205169678, 115.444465637, 200.692077637, 11.4872684479, 147.788742065, -59.9584693909, 94.1493759155], [-317.764099121, -15.9461984634, 1004.43084717, 264.237823486, 150.178085327, 134.302566528, 113.506309509, -91.9035797119, -18.3771324158, 20.7437915802, -37.9337463379, 15.6335821152, -64.0179443359], [-158.298828125, 290.540496826, 264.237823486, 488.575256348, 149.829467773, 98.7735671997, 143.06362915, -9.78948879242, 79.2232971191, 24.2973194122, 37.3106231689, -29.9214782715, 43.1166343689], [-124.514968872, 281.597564697, 150.178085327, 149.829467773, 439.325408936, 109.206703186, 151.810256958, 114.082237244, 139.907562256, 46.9268951416, 11.3881168365, -2.56191039085, 38.0553894043], [-16.2955322266, 135.819366455, 134.302566528, 98.7735671997, 109.206703186, 266.104095459, 160.903533936, 56.4549217224, 75.7624206543, 41.9283943176, 80.8795700073, 16.5370845795, 31.380109787], [-24.5136680603, 274.205169678, 113.506309509, 143.06362915, 151.810256958, 160.903533936, 314.69821167, 93.2454376221, 75.8330688477, 60.5484542847, 87.7426528931, 36.3651542664, 34.0410118103], [98.2139053345, 115.444465637, -91.9035797119, -9.78948879242, 114.082237244, 56.4549217224, 93.2454376221, 230.042861938, 134.127151489, 56.5684814453, 89.5873794556, 31.2645206451, 59.0095252991], [-153.686706543, 200.692077637, -18.3771324158, 79.2232971191, 139.907562256, 75.7624206543, 75.8330688477, 134.127151489, 202.614120483, 78.7037811279, 78.0180053711, 7.08264112473, 79.7560501099], [47.6951293945, 11.4872684479, 20.7437915802, 24.2973194122, 46.9268951416, 41.9283943176, 60.5484542847, 56.5684814453, 78.7037811279, 150.044708252, 70.3059539795, 41.1231994629, 60.3119621277], [-121.617706299, 147.788742065, -37.9337463379, 37.3106231689, 11.3881168365, 80.8795700073, 87.7426528931, 89.5873794556, 78.0180053711, 70.3059539795, 200.821090698, 63.6643180847, 53.3680152893], [24.323923111, -59.9584693909, 15.6335821152, -29.9214782715, -2.56191039085, 16.5370845795, 36.3651542664, 31.2645206451, 7.08264112473, 41.1231994629, 63.6643180847, 122.489234924, 42.1210289001], [-132.309814453, 94.1493759155, -64.0179443359, 43.1166343689, 38.0553894043, 31.380109787, 34.0410118103, 59.0095252991, 79.7560501099, 60.3119621277, 53.3680152893, 42.1210289001, 141.760055542]],
        "icov": [[0.000272707547992, 7.45882243791e-06, 0.000149133615196, -0.000137867958983, 7.7117998444e-05, -0.000200960261282, 7.29254752514e-05, -0.000460805807961, 0.000421194534283, -0.000428642524639, 0.000408122024965, -0.000212716084206, 0.000411898538005], [7.45882243791e-06, 0.00204237387516, 0.000179411494173, -0.00027392647462, -0.000760695082135, 0.000693849404342, -0.0015973985428, 0.000910439121071, -0.00124994281214, 0.0015718328068, -0.00174132001121, 0.00182842568029, -0.000983148929663], [0.000149133615196, 0.000179411494173, 0.00161227991339, -0.000878989696503, -0.000364628038369, -0.00074468634557, -3.54225812771e-05, 0.000392132555135, 0.000217257736949, -0.000650864036288, 0.000688260362949, -0.000959154509474, 0.00130404660013], [-0.000137867958983, -0.00027392647462, -0.000878989696503, 0.00351503281854, -0.000432205706602, 0.00036972243106, -0.00112715316936, 0.00161102693528, -0.00112633872777, 0.000730628613383, -0.000955605821218, 0.00158381776419, -0.00156656268518], [7.7117998444e-05, -0.000760695082135, -0.000364628038369, -0.000432205706602, 0.00414864486083, -0.000653004914057, -0.000376476236852, -0.00155819568317, -0.00145392934792, -0.000627954024822, 0.00239121401682, -0.000982120865956, 0.000790620688349], [-0.000200960261282, 0.000693849404342, -0.00074468634557, 0.00036972243106, -0.000653004914057, 0.00669032661244, -0.0031459282618, 0.00128225586377, -0.00187564606313, 0.00144778215326, -0.00268455408514, 0.00169723969884, -0.00123547599651], [7.29254752514e-05, -0.0015973985428, -3.54225812771e-05, -0.00112715316936, -0.000376476236852, -0.0031459282618, 0.0073919724673, -0.00262937718071, 0.00254447059706, -0.00240200338885, 0.000885188346729, -0.00251714931801, 0.00157777580898], [-0.000460805807961, 0.000910439121071, 0.000392132555135, 0.00161102693528, -0.00155819568317, 0.00128225586377, -0.00262937718071, 0.0105251371861, -0.00635049818084, 0.00221451022662, -0.00329420063645, 0.000535271130502, -0.00125122151803], [0.000421194534283, -0.00124994281214, 0.000217257736949, -0.00112633872777, -0.00145392934792, -0.00187564606313, 0.00254447059706, -0.00635049818084, 0.0145044391975, -0.00475723482668, 9.45412321016e-05, 0.00152990664355, -0.00212466157973], [-0.000428642524639, 0.0015718328068, -0.000650864036288, 0.000730628613383, -0.000627954024822, 0.00144778215326, -0.00240200338885, 0.00221451022662, -0.00475723482668, 0.0121867600828, -0.00374195771292, 0.000453274900792, -0.00369141879492], [0.000408122024965, -0.00174132001121, 0.000688260362949, -0.000955605821218, 0.00239121401682, -0.00268455408514, 0.000885188346729, -0.00329420063645, 9.45412321016e-05, -0.00374195771292, 0.0113248545676, -0.00565832713619, 0.00220654485747], [-0.000212716084206, 0.00182842568029, -0.000959154509474, 0.00158381776419, -0.000982120865956, 0.00169723969884, -0.00251714931801, 0.000535271130502, 0.00152990664355, 0.000453274900792, -0.00565832713619, 0.0144898975268, -0.005286953412], [0.000411898538005, -0.000983148929663, 0.00130404660013, -0.00156656268518, 0.000790620688349, -0.00123547599651, 0.00157777580898, -0.00125122151803, -0.00212466157973, -0.00369141879492, 0.00220654485747, -0.005286953412, 0.0128662446514]]
    },
    "melbands": {
        "dmean": [0.00297896261327, 0.00140738929622, 0.00133070861921, 0.000948566885199, 0.000173293752596, 9.20279926504e-05, 4.71660750918e-05, 7.18192968634e-05, 0.000168023907463, 0.00026654812973, 0.000111067209218, 0.000111382396426, 5.84929293836e-05, 3.23714411934e-05, 2.28494554904e-05, 2.90252046398e-05, 3.71976057068e-05, 3.67881875718e-05, 2.27072960115e-05, 2.16676253331e-05, 1.20625227282e-05, 6.5062563408e-06, 7.36385709388e-06, 8.02587055659e-06, 6.14666851106e-06, 5.78496337766e-06, 5.03325964019e-06, 5.29441058461e-06, 2.9772909329e-06, 3.03154661196e-06, 2.5001272661e-06, 2.93287939712e-06, 2.1335895326e-06, 1.87998580259e-06, 2.31304534282e-06, 2.3887464522e-06, 2.85612691187e-06, 2.47244793172e-06, 2.22462767852e-06, 2.02680507755e-06],
        "dmean2": [0.00418126489967, 0.00211643404327, 0.00207005278207, 0.00150171539281, 0.000277228129562, 0.000136820643093, 7.17124930816e-05, 0.000102691439679, 0.000248818862019, 0.00038703030441, 0.000158465612913, 0.000154470501002, 7.96379536041e-05, 4.53929424111e-05, 3.40794322256e-05, 4.25540638389e-05, 5.658882219e-05, 5.47824784007e-05, 3.39442740369e-05, 3.27990819642e-05, 1.82281546586e-05, 9.90352782537e-06, 1.10388382382e-05, 1.19175447253e-05, 8.90258797881e-06, 8.73102908372e-06, 8.03777584224e-06, 9.37759250519e-06, 4.993208222e-06, 5.01197337144e-06, 4.07399829783e-06, 4.71047451356e-06, 3.41025793205e-06, 3.05625235342e-06, 3.66822291653e-06, 3.65211212738e-06, 4.26122142017e-06, 3.77051924261e-06, 3.38743438988e-06, 3.1430722629e-06],
        "dvar": [5.63605681236e-05, 7.3763853834e-06, 1.00640963865e-05, 5.8516043282e-06, 7.86111371553e-08, 3.40384040953e-08, 1.10543973975e-08, 2.40964652676e-08, 1.17908044217e-07, 5.93442337049e-07, 9.20532130522e-08, 7.83752440725e-08, 1.97101854837e-08, 3.4245448699e-09, 1.79887582608e-09, 3.47225048714e-09, 6.76207889683e-09, 7.51496997964e-09, 3.28686566853e-09, 2.11359796332e-09, 8.68539018484e-10, 2.03437489077e-10, 3.40856648462e-10, 3.42152028932e-10, 2.0292205416e-10, 1.53174875561e-10, 9.92211798834e-11, 2.82579126765e-10, 3.81038499364e-11, 3.02842022293e-11, 2.08760144588e-11, 3.24391416506e-11, 1.85895309562e-11, 1.72945737592e-11, 2.61081503639e-11, 3.17041393139e-11, 5.31048538477e-11, 9.27268192785e-11, 4.04897157469e-11, 3.00760596983e-11],
        "dvar2": [0.000103311584098, 1.77424280992e-05, 2.15248055611e-05, 1.32974437292e-05, 1.92755862827e-07, 7.61198393207e-08, 2.27568079936e-08, 4.67386129799e-08, 2.45869870241e-07, 1.18034870411e-06, 2.02605221489e-07, 1.30924206587e-07, 3.19569117835e-08, 6.33138563799e-09, 4.18052037432e-09, 7.443148764e-09, 1.34268809404e-08, 1.58908939341e-08, 7.88895881954e-09, 4.43910819214e-09, 2.10741979423e-09, 4.55244536512e-10, 7.01948832393e-10, 6.49632736494e-10, 3.08451653108e-10, 3.08765318868e-10, 2.50978432481e-10, 8.21204826362e-10, 1.0561528041e-10, 8.16345047117e-11, 5.22713330953e-11, 8.21150925034e-11, 4.66086197415e-11, 4.67748305366e-11, 6.77913905567e-11, 6.69956937149e-11, 1.02115163547e-10, 2.13705692031e-10, 8.64865054573e-11, 7.2444786281e-11],
        "max": [0.0589492693543, 0.026370761916, 0.0227363966405, 0.0166425276548, 0.00344283739105, 0.00298285740428, 0.00174980645534, 0.00355137116276, 0.00570926675573, 0.00953463744372, 0.00757303182036, 0.0039148456417, 0.00306116440333, 0.000976184324827, 0.000638856261503, 0.00100900512189, 0.00138931267429, 0.0010237484239, 0.0009925798513, 0.000690952234436, 0.000550931727048, 0.000229084515013, 0.000305786234094, 0.000303889421048, 0.000327445799485, 0.000227899494348, 0.000132982386276, 0.000205683711101, 6.44179526716e-05, 5.28015298187e-05, 6.01371393714e-05, 7.46222067391e-05, 5.36699299118e-05, 4.05067803513e-05, 5.17772314197e-05, 7.84646035754e-05, 0.000118911433674, 0.000225649826461, 9.49844688876e-05, 0.000113357236842],
        "mean": [0.00331010436639, 0.0022667911835, 0.0015220582718, 0.000944879779126, 0.000276082952041, 0.000144614925375, 7.08538209437e-05, 0.000117919436889, 0.000236010484514, 0.00036445830483, 0.000154564128025, 0.000169158403878, 8.96847486729e-05, 5.34207392775e-05, 3.28710520989e-05, 3.85164858017e-05, 5.10362006025e-05, 4.49405670224e-05, 2.99590155919e-05, 2.83091521851e-05, 1.78784284799e-05, 9.97885854304e-06, 1.06946317828e-05, 1.20280919873e-05, 9.08819856704e-06, 8.20841796667e-06, 7.04478316038e-06, 5.42683756066e-06, 4.01982970288e-06, 4.03812691729e-06, 3.54998405783e-06, 4.3230738811e-06, 3.11586677526e-06, 2.4971016046e-06, 2.85277133116e-06, 3.11080293613e-06, 3.6798835481e-06, 2.9657471714e-06, 2.88535647996e-06, 2.70421401183e-06],
        "median": [0.000153813627549, 0.000715720059816, 0.000207459743251, 0.000139129566378, 0.00015363516286, 7.50522522139e-05, 3.09278984787e-05, 4.54184628325e-05, 6.53764145682e-05, 5.00754686072e-05, 4.97842884215e-05, 3.15613942803e-05, 2.30937293964e-05, 2.06820877793e-05, 1.36439994094e-05, 1.19776368592e-05, 9.90994885797e-06, 1.04887112684e-05, 7.52851565267e-06, 8.19971137389e-06, 6.48179411655e-06, 3.08349603984e-06, 2.24767677537e-06, 2.54074734585e-06, 2.55470081356e-06, 3.16085970553e-06, 3.29295812662e-06, 2.54055635196e-06, 2.2161882498e-06, 2.16998137148e-06, 1.78930497441e-06, 2.25389317166e-06, 1.55960719894e-06, 1.32732520797e-06, 1.30227431328e-06, 1.30362968775e-06, 1.32409957132e-06, 1.00502143141e-06, 1.14258284611e-06, 1.1400047697e-06],
        "min": [1.69052103128e-23, 1.33535218592e-23, 5.9611011888e-24, 7.09933162843e-24, 1.09850095898e-23, 2.29329043782e-23, 6.87310288689e-24, 9.15450992404e-24, 1.46898459218e-23, 1.11369725991e-23, 3.54723493934e-24, 4.82261555266e-24, 1.0539202993e-23, 1.40340910948e-23, 1.66488636508e-23, 1.15417363407e-23, 5.08795917332e-24, 4.35401797546e-24, 1.46374955344e-23, 1.49792947651e-23, 1.31824763046e-23, 1.20067296124e-23, 9.81328845485e-24, 8.60470858298e-24, 9.7348165163e-24, 7.2911336912e-24, 9.19999406611e-24, 1.27452462036e-23, 8.30842978192e-24, 7.35473717941e-24, 8.85674096473e-24, 1.03758993193e-23, 1.18129301539e-23, 1.71227860391e-23, 1.47720247177e-23, 8.37908174231e-24, 1.03883483332e-23, 9.56061709577e-24, 1.05538403071e-23, 8.46417143499e-24],
        "stdev": [0.00880512129515, 0.00365055096336, 0.00346193113364, 0.00246579991654, 0.000358695077011, 0.000228954580962, 0.000137266062666, 0.000223478462431, 0.000465923483716, 0.00103739567567, 0.000373669347027, 0.000422205688665, 0.000207516466617, 9.20590682654e-05, 5.29276549059e-05, 7.41849871702e-05, 0.000115284201456, 0.000101416859252, 6.76515483065e-05, 5.85909838264e-05, 3.63969993487e-05, 1.85146836884e-05, 2.36902051256e-05, 2.78265524685e-05, 2.3766700906e-05, 1.5590185285e-05, 1.17015433716e-05, 1.28573392431e-05, 5.72070075577e-06, 5.59988666282e-06, 5.09254232384e-06, 6.4688765633e-06, 4.97722476211e-06, 3.95422148358e-06, 5.0602166084e-06, 6.52333801554e-06, 9.33854425966e-06, 1.00530141935e-05, 7.07621302354e-06, 5.6514577409e-06],
        "var": [7.7530159615e-05, 1.33265230033e-05, 1.19849673865e-05, 6.0801694417e-06, 1.28662165366e-07, 5.24202015129e-08, 1.88419733149e-08, 4.99426242584e-08, 2.1708468978e-07, 1.07618984657e-06, 1.39628781426e-07, 1.78257636207e-07, 4.30630819892e-08, 8.47487147126e-09, 2.80133649611e-09, 5.50341239247e-09, 1.32904478534e-08, 1.02853796591e-08, 4.57673232646e-09, 3.43290351701e-09, 1.32474164971e-09, 3.4279348804e-10, 5.61225788065e-10, 7.74316999408e-10, 5.64856106333e-10, 2.43053882576e-10, 1.3692610934e-10, 1.65311167533e-10, 3.27264153277e-11, 3.13587315837e-11, 2.59339875963e-11, 4.18463666496e-11, 2.47727654362e-11, 1.56358676007e-11, 2.56057900577e-11, 4.25539360693e-11, 8.72084141013e-11, 1.01063095392e-10, 5.00727931341e-11, 3.19389757697e-11]
    },
    "melbands128": {
