{
"lowlevel": {
    "average_loudness": 0.956813335419,
    "barkbands_crest": {
        "dmean": 3.03046679497,
        "dmean2": 4.75550556183,
        "dvar": 6.9769449234,
        "dvar2": 15.4361047745,
        "max": 25.5383815765,
        "mean": 10.6380720139,
        "median": 9.55436229706,
        "min": 2.34142279625,
        "stdev": 4.76098012924,
        "var": 22.6669311523
    },
    "barkbands_flatness_db": {
        "dmean": 0.030018761754,
        "dmean2": 0.043775677681,
        "dvar": 0.000807892065495,
        "dvar2": 0.001510246424,
        "max": 0.445185959339,
        "mean": 0.156901881099,
        "median": 0.151754871011,
        "min": 0.0276695415378,
        "stdev": 0.0568936914206,
        "var": 0.00323689193465
    },
    "barkbands_kurtosis": {
        "dmean": 4.3268289566,
        "dmean2": 6.75300359726,
        "dvar": 53.2036705017,
        "dvar2": 126.926223755,
        "max": 129.114242554,
        "mean": 6.13078403473,
        "median": 3.25255489349,
        "min": -1.93367767334,
        "stdev": 10.041437149,
        "var": 100.830467224
    },
    "barkbands_skewness": {
        "dmean": 0.735083818436,
        "dmean2": 1.08773553371,
        "dvar": 0.508450508118,
        "dvar2": 1.10018873215,
        "max": 9.69690036774,
        "mean": 1.74557697773,
        "median": 1.60863423347,
        "min": -1.86789917946,
        "stdev": 1.33586072922,
        "var": 1.78452384472
    },
    "barkbands_spread": {
        "dmean": 9.47538566589,
        "dmean2": 14.4246311188,
        "dvar": 187.902923584,
        "dvar2": 356.63104248,
        "max": 114.144737244,
        "mean": 22.2502098083,
        "median": 14.55809021,
        "min": 0.63394600153,
        "stdev": 21.3831577301,
        "var": 457.239471436
    },
    "dissonance": {
        "dmean": 0.0294379685074,
        "dmean2": 0.0487654395401,
        "dvar": 0.00100396061316,
        "dvar2": 0.00253581930883,
        "max": 0.499962925911,
        "mean": 0.449855059385,
        "median": 0.459078282118,
        "min": 0,
        "stdev": 0.0387770459056,
        "var": 0.00150365917943
    },
    "dynamic_complexity": 2.21705079079,
    "erbbands_crest": {
        "dmean": 3.21148061752,
        "dmean2": 5.06376743317,
        "dvar": 8.05371665955,
        "dvar2": 19.7095375061,
        "max": 30.9401912689,
        "mean": 10.1612854004,
        "median": 9.0933713913,
        "min": 2.96468639374,
        "stdev": 4.70042467117,
        "var": 22.0939941406
    },
    "erbbands_flatness_db": {
        "dmean": 0.0263019427657,
        "dmean2": 0.0367104485631,
        "dvar": 0.000571325886995,
        "dvar2": 0.00104709051084,
        "max": 0.326651096344,
        "mean": 0.165738284588,
        "median": 0.164139837027,
        "min": 0.0581288263202,
        "stdev": 0.0478454716504,
        "var": 0.00228918925859
    },
    "erbbands_kurtosis": {
        "dmean": 1.6660964489,
        "dmean2": 2.57498455048,
        "dvar": 4.65374994278,
        "dvar2": 11.7444095612,
        "max": 40.1250991821,
        "mean": 1.60131442547,
        "median": 0.83434343338,
        "min": -1.87163412571,
        "stdev": 2.97834777832,
        "var": 8.87055492401
    },
    "erbbands_skewness": {
        "dmean": 0.501357853413,
        "dmean2": 0.755156457424,
        "dvar": 0.217617422342,
        "dvar2": 0.492407858372,
        "max": 5.91151857376,
        "mean": 0.814346373081,
        "median": 0.823773145676,
        "min": -2.80884885788,
        "stdev": 0.80483007431,
        "var": 0.647751450539
    },
    "erbbands_spread": {
        "dmean": 14.5196170807,
        "dmean2": 22.3229465485,
        "dvar": 287.724060059,
        "dvar2": 580.242492676,
        "max": 180.10256958,
        "mean": 41.0352210999,
        "median": 32.6050262451,
        "min": 4.84514045715,
        "stdev": 28.5249500275,
        "var": 813.672729492
    },
    "hfc": {
        "dmean": 13.2788934708,
        "dmean2": 19.609085083,
        "dvar": 288.288665771,
        "dvar2": 632.819885254,
        "max": 175.675949097,
        "mean": 29.4294509888,
        "median": 22.2297420502,
        "min": 1.23700122517e-16,
        "stdev": 25.6772346497,
        "var": 659.320373535
    },
    "loudness_ebu128": {
        "integrated": -10.3171138763,
        "loudness_range": 2.21676445007,
        "momentary": {
            "dmean": 0.615972757339,
            "dmean2": 0.748110949993,
            "dvar": 0.271537691355,
            "dvar2": 0.365121215582,
            "max": -7.87579917908,
            "mean": -10.5922050476,
            "median": -10.4717302322,
            "min": -16.4219532013,
            "stdev": 1.62857878208,
            "var": 2.65226888657
        },
        "short_term": {
            "dmean": 0.0812247171998,
            "dmean2": 0.0994133651257,
            "dvar": 0.0038508658763,
            "dvar2": 0.00493135210127,
            "max": -8.78519821167,
            "mean": -10.4119977951,
            "median": -10.4079399109,
            "min": -12.6117095947,
            "stdev": 0.811057507992,
            "var": 0.657814323902
        }
    },
    "melbands_crest": {
        "dmean": 3.43592357635,
        "dmean2": 5.38391590118,
        "dvar": 8.92696475983,
        "dvar2": 19.5741481781,
        "max": 33.9290924072,
        "mean": 13.9789018631,
        "median": 12.8927593231,
        "min": 3.01773142815,
        "stdev": 5.69197845459,
        "var": 32.3986206055
    },
    "melbands_flatness_db": {
        "dmean": 0.0367885045707,
        "dmean2": 0.0532663688064,
        "dvar": 0.00123455817811,
        "dvar2": 0.00251654488966,
        "max": 0.575120031834,
        "mean": 0.213122278452,
        "median": 0.205898985267,
        "min": 0.0067477603443,
        "stdev": 0.073329873383,
        "var": 0.00537726981565
    },
    "melbands_kurtosis": {
        "dmean": 9.56078338623,
        "dmean2": 14.6694526672,
        "dvar": 309.26852417,
        "dvar2": 614.553955078,
        "max": 398.835327148,
        "mean": 16.2146720886,
        "median": 9.89756774902,
        "min": -1.24508368969,
        "stdev": 28.0475254059,
        "var": 786.663696289
    },
    "melbands_skewness": {
        "dmean": 0.91238617897,
        "dmean2": 1.33545315266,
        "dvar": 0.841140329838,
        "dvar2": 1.70346009731,
        "max": 15.6899261475,
        "mean": 2.65943551064,
        "median": 2.52151584625,
        "min": -0.703702628613,
        "stdev": 1.81733381748,
        "var": 3.30270218849
    },
    "melbands_spread": {
        "dmean": 8.99185085297,
        "dmean2": 13.2919988632,
        "dvar": 168.906402588,
        "dvar2": 319.918609619,
        "max": 163.044418335,
        "mean": 21.0434703827,
        "median": 15.6030378342,
        "min": 0.703071475029,
        "stdev": 19.2827358246,
        "var": 371.823883057
    },
    "pitch_salience": {
        "dmean": 0.0817821770906,
        "dmean2": 0.1268414855,
        "dvar": 0.00505833979696,
        "dvar2": 0.0116912899539,
        "max": 0.922611236572,
        "mean": 0.567519366741,
        "median": 0.583518564701,
        "min": 0.138546079397,
        "stdev": 0.12938606739,
        "var": 0.0167407542467
    },
    "silence_rate_20dB": {
        "dmean": 0,
        "dmean2": 0,
        "dvar": 0,
        "dvar2": 0,
        "max": 1,
        "mean": 1,
        "median": 1,
        "min": 1,
        "stdev": 0,
        "var": 0
    },
    "silence_rate_30dB": {
        "dmean": 0.0294117648154,
        "dmean2": 0.0588690936565,
        "dvar": 0.0285471659154,
        "dvar2": 0.0569517761469,
        "max": 1,
        "mean": 0.937354981899,
        "median": 1,
        "min": 0,
        "stdev": 0.242323949933,
        "var": 0.0587208941579
    },
    "silence_rate_60dB": {
        "dmean": 0.000773993786424,
        "dmean2": 0.00154918665066,
        "dvar": 0.000773391744588,
        "dvar2": 0.00154677091632,
        "max": 1,
        "mean": 0.00154679035768,
        "median": 0,
        "min": 0,
        "stdev": 0.0392987206578,
        "var": 0.00154438940808
    },
    "spectral_centroid": {
        "dmean": 320.497772217,
        "dmean2": 489.368133545,
        "dvar": 207706.515625,
        "dvar2": 356237.15625,
        "max": 11217.5400391,
        "mean": 1074.58203125,
        "median": 937.987121582,
        "min": 204.782241821,
        "stdev": 632.061706543,
        "var": 399502.03125
    },
    "spectral_complexity": {
        "dmean": 4.60216712952,
        "dmean2": 7.08752918243,
        "dvar": 28.3541965485,
        "dvar2": 63.6150741577,
        "max": 51,
        "mean": 17.8128376007,
        "median": 16,
        "min": 0,
        "stdev": 8.28619384766,
        "var": 68.6610031128
    },
    "spectral_decrease": {
        "dmean": 3.04473335433e-09,
        "dmean2": 4.1787391325e-09,
        "dvar": 1.24019544928e-17,
        "dvar2": 1.94885621746e-17,
        "max": 4.9838185932e-29,
        "mean": -9.01038266221e-09,
        "median": -6.91175650047e-09,
        "min": -3.9035501942e-08,
        "stdev": 7.90807508366e-09,
        "var": 6.25376534882e-17
    },
    "spectral_energy": {
        "dmean": 0.0120971743017,
        "dmean2": 0.0167498774827,
        "dvar": 0.000186773686437,
        "dvar2": 0.000305930501781,
        "max": 0.151156812906,
        "mean": 0.0366765931249,
        "median": 0.0282615311444,
        "min": 1.10318630682e-20,
        "stdev": 0.030391132459,
        "var": 0.000923620944377
    },
    "spectral_energyband_high": {
        "dmean": 0.000980016775429,
        "dmean2": 0.00143431988545,
        "dvar": 2.23847769121e-06,
        "dvar2": 3.8476600821e-06,
        "max": 0.0167787931859,
        "mean": 0.00156008824706,
        "median": 0.000674766604789,
        "min": 7.8743199918e-21,
        "stdev": 0.00235238252208,
        "var": 5.53370318812e-06
    },
    "spectral_energyband_low": {
        "dmean": 0.00521898735315,
        "dmean2": 0.00632401183248,
        "dvar": 0.000132982881041,
        "dvar2": 0.000151501400978,
        "max": 0.140281379223,
        "mean": 0.0131759317592,
        "median": 0.00305220065638,
        "min": 4.93527853722e-23,
        "stdev": 0.026147108525,
        "var": 0.00068367132917
    },
    "spectral_energyband_middle_high": {
        "dmean": 0.00435481779277,
        "dmean2": 0.0064998860471,
        "dvar": 4.22264201916e-05,
        "dvar2": 9.18266159715e-05,
        "max": 0.0576940700412,
        "mean": 0.00709018716589,
        "median": 0.00305612338707,
        "min": 1.64511754235e-21,
        "stdev": 0.0094416635111,
        "var": 8.91450108611e-05
    },
    "spectral_energyband_middle_low": {
        "dmean": 0.00716520752758,
        "dmean2": 0.0113420374691,
        "dvar": 0.000102689758933,
        "dvar2": 0.000248756405199,
        "max": 0.0954345166683,
        "mean": 0.0161632746458,
        "median": 0.0114767896011,
        "min": 3.87623176222e-22,
        "stdev": 0.0130925541744,
        "var": 0.000171414983924
    },
    "spectral_entropy": {
        "dmean": 0.274610996246,
        "dmean2": 0.415076553822,
        "dvar": 0.0840643942356,
        "dvar2": 0.16493730247,
        "max": 9.82448387146,
        "mean": 7.53990745544,
        "median": 7.52700138092,
        "min": 5.77636957169,
        "stdev": 0.520473062992,
        "var": 0.270892202854
    },
    "spectral_flux": {
        "dmean": 0.0352411270142,
        "dmean2": 0.0549805536866,
        "dvar": 0.00125107902568,
        "dvar2": 0.00244292104617,
        "max": 0.404457360506,
        "mean": 0.108499996364,
        "median": 0.104339405894,
        "min": 1.05032677e-10,
        "stdev": 0.056652855128,
        "var": 0.00320954597555
    },
    "spectral_kurtosis": {
        "dmean": 2.38987755775,
        "dmean2": 3.74757909775,
        "dvar": 14.3998041153,
        "dvar2": 33.7550430298,
        "max": 72.9730911255,
        "mean": 4.3548746109,
        "median": 3.36528778076,
        "min": -1.54053795338,
        "stdev": 5.29224586487,
        "var": 28.0078678131
    },
    "spectral_rms": {
        "dmean": 0.000992476590909,
        "dmean2": 0.00139638350811,
        "dvar": 1.06075503936e-06,
        "dvar2": 1.86605325325e-06,
        "max": 0.012143724598,
        "mean": 0.005537730176,
        "median": 0.00525092612952,
        "min": 3.28066957281e-12,
        "stdev": 0.00226177531295,
        "var": 5.11562802785e-06
    },
    "spectral_rolloff": {
        "dmean": 964.128295898,
        "dmean2": 1611.38842773,
        "dvar": 4261203,
        "dvar2": 8233685,
        "max": 18776.953125,
        "mean": 1876.52319336,
        "median": 925.927734375,
        "min": 64.599609375,
        "stdev": 2727.31591797,
        "var": 7438252
    },
    "spectral_skewness": {
        "dmean": 0.377444833517,
        "dmean2": 0.587199509144,
        "dvar": 0.158280596137,
        "dvar2": 0.354995667934,
        "max": 6.60126781464,
        "mean": 1.63763844967,
        "median": 1.55197072029,
        "min": -0.0335106998682,
        "stdev": 0.699663519859,
        "var": 0.489529043436
    },
    "spectral_spread": {
        "dmean": 1415753.375,
        "dmean2": 1945718,
        "dvar": 3.91056274227e+12,
        "dvar2": 5.40029904486e+12,
        "max": 41151476,
        "mean": 5961297,
        "median": 4858200.5,
        "min": 916245.4375,
        "stdev": 3366011.25,
        "var": 1.13300325007e+13
    },
    "spectral_strongpeak": {
        "dmean": 0.672602534294,
        "dmean2": 1.05733549595,
        "dvar": 0.951881706715,
        "dvar2": 2.01151561737,
        "max": 9.80326652527,
        "mean": 1.19176673889,
        "median": 0.719692766666,
        "min": 0,
        "stdev": 1.34231221676,
        "var": 1.80180215836
    },
    "zerocrossingrate": {
        "dmean": 0.021042201668,
        "dmean2": 0.0224098786712,
        "dvar": 0.000926268054172,
        "dvar2": 0.000873725512065,
        "max": 0.50634765625,
        "mean": 0.0698963478208,
        "median": 0.05126953125,
        "min": 0.00244140625,
        "stdev": 0.0606978572905,
        "var": 0.00368422968313
    },
    "barkbands": {
        "dmean": [0.000279568019323, 0.00463001336902, 0.0015114833368, 0.00137321115471, 0.00213007698767, 0.00291831232607, 0.00182006938849, 0.0019616947975, 0.000957310199738, 0.000694929447491, 0.00108454946894, 0.00166507158428, 0.00102913356386, 0.000612084637396, 0.000443964323495, 0.000195226690266, 6.42976592644e-05, 0.000106740393676, 0.000156126465299, 0.000143829762237, 0.000173921216629, 0.000145712896483, 0.000163602773682, 0.000223808849114, 0.000323948566802, 9.01693420019e-05, 1.39220892379e-05],
        "dmean2": [0.000368854933186, 0.00604623323306, 0.00256957300007, 0.00248132506385, 0.00357700767927, 0.00461913272738, 0.00309142959304, 0.00306149036624, 0.00151396985166, 0.00107218732592, 0.00174590456299, 0.00257624988444, 0.00156957725994, 0.000950492802076, 0.000757605594117, 0.000314368342515, 0.000104702470708, 0.00017298408784, 0.000259843305685, 0.000224762508878, 0.000264524744125, 0.000231351368711, 0.000262959423708, 0.000339016754879, 0.000468129699584, 0.000136234579259, 2.42071182583e-05],
        "dvar": [1.22016001569e-06, 0.000169187682332, 2.51644687523e-05, 2.17537872231e-05, 1.58593975357e-05, 3.17383710353e-05, 1.33127714435e-05, 1.93682990357e-05, 3.12877273245e-06, 2.0392337774e-06, 5.60214994039e-06, 1.35534519359e-05, 6.74734337736e-06, 1.7415812863e-06, 8.71268923675e-07, 1.10970944434e-07, 1.38883589074e-08, 4.28430730892e-08, 9.04240664568e-08, 5.04255552869e-08, 1.03029577758e-07, 1.0240594861e-07, 7.2206766788e-08, 2.02748708489e-07, 6.68675454563e-07, 5.43785461105e-08, 2.63505972597e-09],
        "dvar2": [1.99924625122e-06, 0.00026384164812, 6.82150930515e-05, 6.36812692392e-05, 4.05810751545e-05, 7.72000275902e-05, 3.43402934959e-05, 4.27983759437e-05, 7.23945731806e-06, 4.27370969192e-06, 1.25841243062e-05, 2.77506223938e-05, 1.59526261996e-05, 3.90971899833e-06, 2.34745698435e-06, 2.66579405661e-07, 3.40253833997e-08, 1.01578770284e-07, 2.3969911922e-07, 1.17910751385e-07, 1.88824387237e-07, 2.0479893692e-07, 1.5928908681e-07, 4.23965929031e-07, 1.17178535675e-06, 1.0660063765e-07, 7.13396719476e-09],
        "max": [0.0115267010406, 0.137683779001, 0.0474686250091, 0.0589466765523, 0.0581668876112, 0.0677038505673, 0.0397255755961, 0.0591800063848, 0.027864433825, 0.0225126668811, 0.039561342448, 0.0439557135105, 0.036039352417, 0.0168677866459, 0.0094189690426, 0.00434069428593, 0.00168485124595, 0.00289592053741, 0.00208250596188, 0.00227280333638, 0.00632761092857, 0.00663742702454, 0.00296552223153, 0.00554452510551, 0.0075319847092, 0.0040143346414, 0.00077256350778],
        "mean": [0.000343020132277, 0.00961779337376, 0.00217249011621, 0.0017285865033, 0.00324321072549, 0.00435889838263, 0.00237665092573, 0.00259592174552, 0.00138804211747, 0.00108791748062, 0.00118133274373, 0.00196316116489, 0.00118277873844, 0.000678507029079, 0.000438155228039, 0.000258412997937, 9.19922240428e-05, 0.000134311616421, 0.00018385356816, 0.000203464122023, 0.000244947936153, 0.00017409810971, 0.000206782642636, 0.00028461634065, 0.000430304091424, 9.79590477073e-05, 9.43328541325e-06],
        "median": [1.23702966448e-06, 0.000158683236805, 0.000876199104823, 0.00112314021681, 0.00187248690054, 0.00174015318044, 0.000944739615079, 0.000824238115456, 0.000527009076905, 0.00026242894819, 0.000199818212423, 0.000216911037569, 0.00022577024356, 0.000140757401823, 0.000112019930384, 0.000101140081824, 4.93945190101e-05, 4.84619959025e-05, 6.80722732795e-05, 7.22601544112e-05, 8.02645008662e-05, 5.2456092817e-05, 7.13144909241e-05, 7.62895433581e-05, 4.03649210057e-05, 8.71960855875e-06, 1.37339625894e-07],
        "min": [2.22482583094e-23, 7.86001599984e-24, 1.48951706382e-23, 2.36926500051e-23, 1.12527840064e-22, 7.06220278552e-23, 4.98545577059e-23, 7.42367652278e-24, 1.21924511354e-22, 4.81077388273e-23, 7.52463809687e-23, 7.98002730262e-23, 6.73894020834e-23, 1.28044746692e-22, 9.06890778731e-23, 1.27855609401e-22, 1.92496411832e-22, 4.48420042477e-22, 1.92131061947e-22, 2.75502893256e-22, 4.6895779002e-22, 5.16274803074e-22, 4.89819058886e-22, 8.32534314905e-22, 1.32213097812e-21, 1.88006521006e-21, 2.46438450425e-21],
        "stdev": [0.00147859228309, 0.0242520589381, 0.00447187479585, 0.00359419058077, 0.00446825008839, 0.00732135772705, 0.00395913701504, 0.00528962956741, 0.00225693709217, 0.00229795952328, 0.00280733313411, 0.00472126388922, 0.00318753859028, 0.00151445576921, 0.000882897002157, 0.000414905516664, 0.00014030157763, 0.000243121336098, 0.0003071372048, 0.000299372157315, 0.000467012258014, 0.000427287333878, 0.000351362599758, 0.000580166000873, 0.00116844906006, 0.000279165426036, 4.20310243499e-05],
        "var": [2.18623517867e-06, 0.000588162336498, 1.99976657314e-05, 1.29182062665e-05, 1.99652586161e-05, 5.36022816959e-05, 1.56747664732e-05, 2.79801806755e-05, 5.09376513946e-06, 5.28061764271e-06, 7.88111992733e-06, 2.22903308895e-05, 1.0160401871e-05, 2.29357624448e-06, 7.79507161042e-07, 1.72146599198e-07, 1.96845313383e-08, 5.91079825085e-08, 9.43332665315e-08, 8.96236826975e-08, 2.18100453253e-07, 1.82574467544e-07, 1.23455677681e-07, 3.36592563599e-07, 1.36527319228e-06, 7.79333362289e-08, 1.76660708284e-09]
    },
    "erbbands": {
        "dmean": [0.158567726612, 1.07452404499, 1.54517424107, 3.46140956879, 5.05629920959, 8.35630226135, 11.553814888, 30.4636974335, 27.822977066, 33.1313781738, 34.5321846008, 23.8987789154, 18.991859436, 25.108083725, 54.7573356628, 66.5019073486, 47.7602958679, 32.5086479187, 24.430973053, 17.8481750488, 8.19378471375, 3.60830926895, 4.6413025856, 7.936855793, 7.18206930161, 6.86665010452, 7.33064365387, 6.38910722733, 4.64565563202, 5.9346075058, 4.46287727356, 4.42797374725, 4.09727096558, 4.04047632217, 2.26379179955, 0.613904237747, 0.13656578958, 0.0272927004844, 0.00151834671851, 4.06054568884e-05],
        "dmean2": [0.170161813498, 1.47624576092, 2.41357254982, 6.2614235878, 8.68864059448, 14.4067716599, 19.2046432495, 46.593082428, 46.2700080872, 52.5435333252, 52.9076766968, 37.5377502441, 28.6050853729, 40.1747283936, 84.6695175171, 100.698638916, 71.7457275391, 49.6313438416, 39.8615608215, 30.0162582397, 13.2466688156, 5.87297010422, 7.3747215271, 13.1979551315, 11.7652797699, 10.8597402573, 11.2526836395, 9.67071533203, 7.37098550797, 9.51496505737, 7.12274742126, 6.92201948166, 6.14352989197, 5.9790263176, 3.26137828827, 0.886831820011, 0.210118919611, 0.0454773493111, 0.00260504474863, 6.27818153589e-05],
        "dvar": [0.22687664628, 9.23496627808, 20.4336853027, 158.738876343, 110.945045471, 311.551635742, 615.968994141, 3831.32861328, 3467.05932617, 5329.82324219, 4519.64648438, 1992.76513672, 2319.75732422, 1896.82177734, 16423.0605469, 21958.7792969, 15588.2929688, 5005.11865234, 2458.33300781, 1040.77099609, 204.984420776, 43.5754432678, 79.8507766724, 252.260635376, 174.527481079, 124.863059998, 170.487991333, 161.141540527, 105.155464172, 134.153045654, 50.9846458435, 69.263168335, 80.0726928711, 103.902534485, 40.9647521973, 2.87063980103, 0.132344886661, 0.00586542813107, 3.20018625644e-05, 7.78834063908e-09],
        "dvar2": [0.20111349225, 18.5016117096, 47.6083755493, 463.988189697, 284.273223877, 814.266662598, 1657.71276855, 8856.28417969, 8698.84179688, 11830.5800781, 9862.00097656, 4593.41699219, 4434.53857422, 4572.93017578, 35858.4140625, 43640.578125, 35735.5820312, 10724.9550781, 6089.61279297, 2691.65356445, 500.096099854, 107.391433716, 180.152633667, 652.691040039, 444.789703369, 300.250976562, 357.429321289, 298.087860107, 191.966918945, 293.168731689, 114.048706055, 159.940826416, 156.673828125, 208.26449585, 74.6288528442, 5.3246588707, 0.297883480787, 0.0149154029787, 8.70150834089e-05, 2.00525018812e-08],
        "max": [5.48726129532, 30.8980903625, 43.8495941162, 153.838272095, 94.9864578247, 272.439880371, 318.987213135, 845.008850098, 737.95904541, 1049.98522949, 908.463562012, 793.48828125, 919.072387695, 568.377746582, 2038.38586426, 2171.8503418, 1972.75671387, 900.317871094, 549.517089844, 284.524993896, 217.577194214, 85.282333374, 156.089904785, 134.085754395, 121.309234619, 103.762130737, 195.40574646, 294.414978027, 218.209335327, 206.859512329, 88.9860153198, 124, 91.7696151733, 108.123458862, 68.7334442139, 23.8485145569, 5.48781347275, 0.938919007778, 0.0908565670252, 0.00134741957299],
        "mean": [0.332345992327, 1.92909872532, 2.52810049057, 4.9445810318, 6.75040721893, 12.5661659241, 18.6431655884, 42.1175956726, 36.9856262207, 46.591091156, 46.7151069641, 36.8662223816, 33.4072265625, 33.181060791, 64.0225448608, 80.0874862671, 59.9674987793, 40.0869369507, 26.3292942047, 20.7990531921, 11.2736816406, 5.39309167862, 6.46491765976, 9.25783252716, 9.17582702637, 9.70610618591, 10.4253864288, 8.42933750153, 5.72734355927, 7.13397121429, 5.5796918869, 5.34433889389, 5.18900203705, 5.06718683243, 2.81049752235, 0.713132917881, 0.137908861041, 0.0219717603177, 0.00111739698332, 7.22184340702e-05],
        "median": [0.00166213267948, 0.102322898805, 1.11946487427, 3.48277306557, 3.17975568771, 6.66872167587, 10.0649986267, 15.1072893143, 15.4164199829, 18.2867507935, 17.1701965332, 15.209777832, 8.46461105347, 9.91887664795, 11.0153741837, 10.15533638, 11.9011383057, 9.49904823303, 6.48871850967, 7.1567234993, 4.45669460297, 2.98944711685, 2.80935263634, 3.11921668053, 3.45872473717, 3.55532979965, 3.65713596344, 2.62338662148, 1.85172307491, 2.0544192791, 1.99869227409, 1.62017858028, 1.03726196289, 0.599556386471, 0.184700921178, 0.0597975887358, 0.0114131225273, 0.00127267639618, 6.31239963695e-05, 4.70476297778e-05],
        "min": [3.87066682185e-22, 1.3575696897e-21, 1.16094435465e-20, 6.65663064324e-20, 6.91606744131e-20, 3.21130771592e-19, 9.21922777988e-19, 6.07458332501e-19, 7.54960920837e-19, 4.81070253083e-19, 5.87096764735e-19, 3.14688456337e-18, 1.45214999673e-18, 1.94074811037e-18, 3.09708063907e-18, 3.19886769499e-18, 3.41031346432e-18, 7.22152745715e-18, 3.71712716123e-18, 5.90235139678e-18, 7.54606846176e-18, 1.0775023404e-17, 2.46470176388e-17, 1.41286683789e-17, 1.20999516783e-17, 1.48913421385e-17, 1.15686486078e-17, 2.24547358982e-17, 1.77406170437e-17, 1.52080944105e-17, 1.75155991016e-17, 1.77873709463e-17, 1.42569707093e-17, 1.56913465593e-17, 8.9607276346e-18, 6.66636973852e-18, 3.63469116856e-18, 1.54954213865e-18, 3.66950270275e-19, 3.29382899866e-20],
        "stdev": [0.988223612309, 4.67074203491, 4.84061813354, 9.66996860504, 10.8721990585, 19.5555706024, 28.7521591187, 78.6257171631, 65.1896209717, 87.8905334473, 87.4744110107, 58.0743560791, 81.5198745728, 53.4376907349, 159.113601685, 193.170761108, 157.616592407, 88.5979614258, 51.3305892944, 33.8154602051, 17.8872394562, 7.85081720352, 11.1855049133, 16.5876560211, 14.5000829697, 14.4097890854, 18.03748703, 17.8118114471, 14.352230072, 15.080247879, 9.21666717529, 10.2497777939, 11.6197929382, 13.6828536987, 8.53718662262, 2.12798929214, 0.394599854946, 0.0700133889914, 0.00463433237746, 8.91595846042e-05],
        "var": [0.976585924625, 21.8158321381, 23.4315853119, 93.5083007812, 118.204719543, 382.420318604, 826.686706543, 6182.00292969, 4249.68652344, 7724.74560547, 7651.77197266, 3372.63061523, 6645.48974609, 2855.58691406, 25317.1386719, 37314.9414062, 24842.9921875, 7849.59863281, 2634.82958984, 1143.48535156, 319.953369141, 61.6353302002, 125.115524292, 275.15032959, 210.252410889, 207.64201355, 325.350921631, 317.260620117, 205.98651123, 227.413864136, 84.9469528198, 105.057945251, 135.019577026, 187.220474243, 72.8835525513, 4.52833795547, 0.155709043145, 0.0049018743448, 2.14770352613e-05, 7.94943133542e-09]
    },
    "gfcc": {
        "mean": [8.44411659241, 88.5891571045, -107.022994995, 15.3703508377, -78.313873291, 15.1918582916, -47.5730781555, 0.800384938717, -30.5460948944, 4.49550962448, -14.9692058563, -7.67279815674, -13.2390956879],
        "cov": [[5865.44628906, -1338.75268555, -330.696014404, 316.42590332, -121.285400391, 515.861816406, 11.3228788376, 195.608718872, -124.471916199, 328.549621582, 14.8950576782, 185.608551025, -15.9230480194], [-1338.75268555, 1848.64111328, -257.5284729, 158.196609497, 336.300415039, -230.654464722, 374.938354492, -32.9429359436, 250.658905029, -47.9633331299, 221.531585693, -102.053092957, 202.968673706], [-330.696014404, -257.5284729, 1044.9798584, 166.096038818, 108.886283875, 246.856201172, -91.5418624878, 217.674591064, 78.1378707886, 32.74659729, 1.09665763378, 146.553359985, -6.11572933197], [316.42590332, 158.196609497, 166.096038818, 615.709289551, 221.059112549, 91.6139450073, 108.122413635, 94.4164733887, 192.441223145, 75.9293823242, 129.800506592, 60.9876823425, 58.2156066895], [-121.285400391, 336.300415039, 108.886283875, 221.059112549, 434.937683105, 84.9939575195, 169.903106689, 93.3697967529, 121.14641571, 77.0360794067, 102.532699585, 29.8846092224, 66.8106231689], [515.861816406, -230.654464722, 246.856201172, 91.6139450073, 84.9939575195, 332.797515869, 82.8758010864, 113.530647278, 42.1736602783, 83.4174423218, 15.312125206, 64.1178436279, 28.6789989471], [11.3228788376, 374.938354492, -91.5418624878, 108.122413635, 169.903106689, 82.8758010864, 424.971038818, 98.0361251831, 115.43535614, 40.1140632629, 55.7762145996, 64.9152374268, 117.554420471], [195.608718872, -32.9429359436, 217.674591064, 94.4164733887, 93.3697967529, 113.530647278, 98.0361251831, 218.621810913, 64.9422988892, 47.4950523376, 32.0966720581, 56.3579292297, 46.4012756348], [-124.471916199, 250.658905029, 78.1378707886, 192.441223145, 121.14641571, 42.1736602783, 115.43535614, 64.9422988892, 207.774353027, 48.6887779236, 80.2516326904, 30.4281425476, 49.0967025757], [328.549621582, -47.9633331299, 32.74659729, 75.9293823242, 77.0360794067, 83.4174423218, 40.1140632629, 47.4950523376, 48.6887779236, 180.087966919, 61.1482925415, 5.44234800339, 49.039768219], [14.8950576782, 221.531585693, 1.09665763378, 129.800506592, 102.532699585, 15.312125206, 55.7762145996, 32.0966720581, 80.2516326904, 61.1482925415, 169.043655396, 25.3687477112, 62.1591720581], [185.608551025, -102.053092957, 146.553359985, 60.9876823425, 29.8846092224, 64.1178436279, 64.9152374268, 56.3579292297, 30.4281425476, 5.44234800339, 25.3687477112, 151.673110962, 35.4533157349], [-15.9230480194, 202.968673706, -6.11572933197, 58.2156066895, 66.8106231689, 28.6789989471, 117.554420471, 46.4012756348, 49.0967025757, 49.039768219, 62.1591720581, 35.4533157349, 141.160858154]],
        "icov": [[0.000347126944689, 6.02692489338e-05, 0.000455744680949, -0.000315512879752, 0.000179108363227, -0.000533162092324, 0.000193583502551, -0.000433160865214, 0.000401724275434, -0.000511257734615, 7.30313986423e-05, -0.000563450623304, 0.000254331243923], [6.02692489338e-05, 0.00170495128259, -0.000288925861241, 0.000275628524832, -0.000722090364434, 0.00108892307617, -0.00120824563783, 0.000764403259382, -0.00118824176025, 0.00135404255707, -0.00149317120668, 0.00196782755665, -0.00158925354481], [0.000455744680949, -0.000288925861241, 0.002534910338, -0.000565805181395, -7.34432387617e-06, -0.00184125290252, 0.00186869176105, -0.00216996716335, 0.000180302900844, -0.000614841934294, 0.000982892466709, -0.002529283287, 0.000697988318279], [-0.000315512879752, 0.000275628524832, -0.000565805181395, 0.00298031535931, -0.000977696152404, 0.000511362857651, -0.000188711215742, 0.000498790235724, -0.00235093291849, 0.000711212516762, -0.00118699192535, 0.000523300666828, -0.000371629721485], [0.000179108363227, -0.000722090364434, -7.34432387617e-06, -0.000977696152404, 0.00401576422155, -0.000829502823763, -0.000577735132538, -0.000781616137829, 0.000590774521697, -0.00138766807504, -0.000437233044067, -0.000448506412795, 0.00104907085188], [-0.000533162092324, 0.00108892307617, -0.00184125290252, 0.000511362857651, -0.000829502823763, 0.00634859595448, -0.00212768698111, 0.00042962806765, -0.000914696312975, -0.000176495668711, -0.000617077050265, 0.0017068508314, -0.000960588105954], [0.000193583502551, -0.00120824563783, 0.00186869176105, -0.000188711215742, -0.000577735132538, -0.00212768698111, 0.00581643171608, -0.00228822347708, -0.000656177056953, -0.000542191439308, 0.0022014840506, -0.00334670767188, -0.00118024705444], [-0.000433160865214, 0.000764403259382, -0.00216996716335, 0.000498790235724, -0.000781616137829, 0.00042962806765, -0.00228822347708, 0.00855785887688, -0.00148830609396, 0.000714383553714, -0.000889951130375, 0.00155537913088, -0.00180183292832], [0.000401724275434, -0.00118824176025, 0.000180302900844, -0.00235093291849, 0.000590774521697, -0.000914696312975, -0.000656177056953, -0.00148830609396, 0.00990189053118, -0.00223013013601, -0.00074132316513, -0.00160345318727, 0.00173303869087], [-0.000511257734615, 0.00135404255707, -0.000614841934294, 0.000711212516762, -0.00138766807504, -0.000176495668711, -0.000542191439308, 0.000714383553714, -0.00223013013601, 0.00978039857, -0.00307071767747, 0.00360904447734, -0.00359155680053], [7.30313986423e-05, -0.00149317120668, 0.000982892466709, -0.00118699192535, -0.000437233044067, -0.000617077050265, 0.0022014840506, -0.000889951130375, -0.00074132316513, -0.00307071767747, 0.0109132993966, -0.00311215640977, -0.00122051895596], [-0.000563450623304, 0.00196782755665, -0.002529283287, 0.000523300666828, -0.000448506412795, 0.0017068508314, -0.00334670767188, 0.00155537913088, -0.00160345318727, 0.00360904447734, -0.00311215640977, 0.0126085216179, -0.00356951798312], [0.000254331243923, -0.00158925354481, 0.000697988318279, -0.000371629721485, 0.00104907085188, -0.000960588105954, -0.00118024705444, -0.00180183292832, 0.00173303869087, -0.00359155680053, -0.00122051895596, -0.00356951798312, 0.0129341259599]]
    },
    "melbands": {
        "dmean": [0.00131505879108, 0.000892123265658, 0.000595059827901, 0.000475516164443, 0.000391021429095, 0.000644476735033, 0.00042236346053, 0.000389279884985, 0.000258183397818, 0.000147838116391, 9.48506931309e-05, 9.82132551144e-05, 0.00016166891146, 0.000194887485122, 0.000126996965264, 0.000100290511909, 6.27288463875e-05, 4.18596355303e-05, 3.17194899253e-05, 1.8913347958e-05, 7.86852706369e-06, 3.86058854929e-06, 4.04612546845e-06, 4.73642103316e-06, 6.86481780576e-06, 6.19763977738e-06, 4.71832663607e-06, 4.68094503958e-06, 4.72274587082e-06, 4.58660679215e-06, 3.56311625183e-06, 2.50865832641e-06, 3.15923830385e-06, 3.3805563362e-06, 2.70149803328e-06, 2.66786037173e-06, 2.86160548058e-06, 2.72913507615e-06, 3.56171585736e-06, 3.50004688698e-06],
        "dmean2": [0.00155970698688, 0.00126777763944, 0.00105647009332, 0.000801157962997, 0.000660823483486, 0.00098556431476, 0.000699922384229, 0.000613721669652, 0.000397235911805, 0.000231894940953, 0.000144206278492, 0.000157224887516, 0.000255510385614, 0.000303312786855, 0.00019322031585, 0.000150319843669, 9.78768366622e-05, 6.8176050263e-05, 5.47031377209e-05, 3.0723229429e-05, 1.28512892843e-05, 6.36928325548e-06, 6.60829346089e-06, 7.54822167437e-06, 1.15531138363e-05, 1.04491655293e-05, 7.57567522669e-06, 7.43797863834e-06, 7.45791066947e-06, 7.01040062268e-06, 5.48280786461e-06, 3.99579312216e-06, 5.07820595885e-06, 5.46697583559e-06, 4.34756475443e-06, 4.34084904555e-06, 4.49859408036e-06, 4.16631428379e-06, 5.33433285455e-06, 5.23616154169e-06],
        "dvar": [1.37488113978e-05, 4.81862298329e-06, 3.96297855332e-06, 9.12887799132e-07, 6.00844487053e-07, 1.60926447279e-06, 7.18402247912e-07, 7.98730184215e-07, 2.38516207673e-07, 7.31544460564e-08, 5.8062479269e-08, 3.10976631113e-08, 1.30704407297e-07, 1.90988345139e-07, 8.46856877956e-08, 7.9951171017e-08, 2.22148859308e-08, 7.14753811693e-09, 4.35769864637e-09, 9.48076728235e-10, 2.02756159084e-10, 5.54875034808e-11, 6.14977305191e-11, 9.3205200502e-11, 1.95449101348e-10, 1.50090245787e-10, 7.02356228732e-11, 5.80078728107e-11, 8.42097225284e-11, 7.60665419541e-11, 5.58563022224e-11, 3.1673323686e-11, 5.33844080053e-11, 4.16119777524e-11, 1.97318307527e-11, 2.05238933487e-11, 3.74626822619e-11, 3.51431696244e-11, 8.4946501222e-11, 8.25541718319e-11],
        "dvar2": [1.55360939971e-05, 9.35166644922e-06, 1.14745344035e-05, 2.24398081627e-06, 1.63907122896e-06, 3.79076209356e-06, 1.82536939519e-06, 1.76143021235e-06, 5.37258131317e-07, 1.67736416756e-07, 1.11330344055e-07, 7.44908348338e-08, 2.91837807254e-07, 3.82422001621e-07, 1.75881325504e-07, 1.85151350252e-07, 5.02660739699e-08, 1.72195520065e-08, 1.17599192606e-08, 2.31201768841e-09, 5.04213171215e-10, 1.37149194779e-10, 1.54934828855e-10, 2.04361430556e-10, 5.07764774671e-10, 3.99915434102e-10, 1.63054209024e-10, 1.39590283776e-10, 1.90611748607e-10, 1.42966596894e-10, 1.10585846036e-10, 5.81088233087e-11, 1.14622290825e-10, 9.32581026292e-11, 4.45719260111e-11, 5.19365696283e-11, 8.65476440515e-11, 7.37577221521e-11, 1.68564315284e-10, 1.73159556138e-10],
        "max": [0.0430316142738, 0.0245104003698, 0.0243665296584, 0.0157468337566, 0.0101116858423, 0.017245426774, 0.00992814730853, 0.0133304810151, 0.00647245394066, 0.00436355592683, 0.00446127913892, 0.00253986590542, 0.00601884583011, 0.0053039342165, 0.00332958204672, 0.0040043531917, 0.00179937656503, 0.000913483265322, 0.000509262084961, 0.000365522486391, 0.000202842042199, 0.000103617043351, 8.85709014256e-05, 0.000162379423273, 0.000119794756756, 0.000110101238533, 8.77267302712e-05, 7.33915221645e-05, 0.000158960188855, 0.000156018169946, 0.000175803696038, 0.00011295076547, 0.000150893756654, 9.74096692516e-05, 6.08295304119e-05, 4.14449386881e-05, 0.000109878586954, 6.50315560051e-05, 0.00015166081721, 9.53789640334e-05],
        "mean": [0.002844032133, 0.00172672141343, 0.000868397881277, 0.000701594224665, 0.000641465943772, 0.000904830987565, 0.000554676284082, 0.000542018387932, 0.000349226727849, 0.000216692656977, 0.000161553063663, 0.000126140075736, 0.000181581373909, 0.000234094681218, 0.00015405533486, 0.000118760341138, 6.99248776073e-05, 4.34873472841e-05, 3.16385485348e-05, 2.38864176936e-05, 1.04809323602e-05, 5.42155521543e-06, 5.22944128534e-06, 6.29564783594e-06, 7.58943861001e-06, 7.09249843567e-06, 6.35296964901e-06, 6.36160075373e-06, 6.39492827759e-06, 6.30018348602e-06, 4.33625655205e-06, 3.01131649394e-06, 3.59504633707e-06, 4.08033110944e-06, 3.25482551489e-06, 3.06843298858e-06, 3.3319463455e-06, 3.28945247929e-06, 4.3872310016e-06, 4.23142182626e-06],
        "median": [2.29193101404e-05, 0.000664682302158, 0.000601201027166, 0.000356958655175, 0.000374352239305, 0.000330077687977, 0.000233881277381, 0.000198140653083, 0.000131444394356, 8.17416294012e-05, 3.60662888852e-05, 3.6917062971e-05, 3.00294759654e-05, 2.74025005638e-05, 2.39209912252e-05, 2.19521116378e-05, 1.44526138683e-05, 9.41608413996e-06, 8.21746107249e-06, 9.1274305305e-06, 3.833514711e-06, 2.93700236398e-06, 2.47741013482e-06, 2.09104541682e-06, 2.43771546593e-06, 2.49418621934e-06, 2.27518694373e-06, 2.17177466766e-06, 2.1618491246e-06, 1.78881987267e-06, 1.25568055864e-06, 9.00221039046e-07, 9.26167103898e-07, 1.14276838303e-06, 1.07564403606e-06, 9.97379743239e-07, 9.2938932994e-07, 6.76876027228e-07, 6.80280606957e-07, 4.24576001024e-07],
        "min": [3.73859642329e-24, 5.6291552252e-24, 1.05784914215e-23, 1.15324159491e-23, 3.17479974314e-23, 1.37832396378e-23, 1.05865504245e-23, 4.22475522753e-24, 7.85774960246e-24, 1.87221541927e-23, 7.06049916151e-24, 8.01446865419e-24, 1.10593526304e-23, 9.09628883379e-24, 6.7374227555e-24, 8.5946048525e-24, 1.39534805544e-23, 4.84348526234e-24, 8.4722888137e-24, 8.18940565968e-24, 8.00315559995e-24, 9.71306998773e-24, 1.60053503673e-23, 2.53378099566e-23, 9.55982271283e-24, 7.20555648248e-24, 1.0260907854e-23, 9.00619145208e-24, 6.13161860106e-24, 1.08010559042e-23, 1.30026941154e-23, 9.62288504246e-24, 1.0569822629e-23, 6.76926907024e-24, 1.09620994914e-23, 7.66791416992e-24, 1.21399200988e-23, 8.41759235398e-24, 1.10440471511e-23, 1.41762106978e-23],
        "stdev": [0.00759639078751, 0.00320970546454, 0.00156935863197, 0.00109819415957, 0.000873595650773, 0.00163319346029, 0.000938739045523, 0.00107150222175, 0.000624246662483, 0.000356516538886, 0.000409287255025, 0.000213633931708, 0.000439491908764, 0.000563118781429, 0.000370126945199, 0.000344856205629, 0.000168642000062, 8.87975620572e-05, 6.19145866949e-05, 3.73143375327e-05, 1.73949174496e-05, 8.61225271365e-06, 8.591335245e-06, 1.20790655274e-05, 1.42921953739e-05, 1.2190113921e-05, 1.04274258774e-05, 9.78116986516e-06, 1.1493072634e-05, 1.26204186017e-05, 9.85457609204e-06, 7.82891675044e-06, 9.37226741371e-06, 8.22665424494e-06, 5.53560585104e-06, 5.35186836714e-06, 7.17611328582e-06, 7.26523967387e-06, 1.17518156912e-05, 1.19027808978e-05],
        "var": [5.77051541768e-05, 1.03022084659e-05, 2.4628866413e-06, 1.20603044707e-06, 7.6316933928e-07, 2.66732104137e-06, 8.81231017047e-07, 1.14811712137e-06, 3.89683890489e-07, 1.27104044623e-07, 1.67516063243e-07, 4.56394566584e-08, 1.93153141481e-07, 3.17102745839e-07, 1.36993946853e-07, 1.18925811421e-07, 2.84401231454e-08, 7.88500642557e-09, 3.8334162511e-09, 1.392359672e-09, 3.02583125222e-10, 7.41708985896e-11, 7.3811033674e-11, 1.45903830684e-10, 2.04266853432e-10, 1.48598869321e-10, 1.08731204596e-10, 9.56712764566e-11, 1.32090727245e-10, 1.59274954337e-10, 9.71126651317e-11, 6.12919437426e-11, 8.78393954795e-11, 6.76778424968e-11, 3.06429326358e-11, 2.86424946261e-11, 5.1496598652e-11, 5.278370796e-11, 1.3810518007e-10, 1.41676184673e-10]
    },
    "melbands128": {
