{
"lowlevel": {
    "average_loudness": 0.967783987522,
    "barkbands_crest": {
        "dmean": 2.5955657959,
        "dmean2": 3.97728991508,
        "dvar": 6.73213529587,
        "dvar2": 14.0527000427,
        "max": 25.2109489441,
        "mean": 13.4572687149,
        "median": 13.0843286514,
        "min": 3.70388531685,
        "stdev": 4.82039737701,
        "var": 23.2362308502
    },
    "barkbands_flatness_db": {
        "dmean": 0.0394587516785,
        "dmean2": 0.052670750767,
        "dvar": 0.00167455058545,
        "dvar2": 0.00260579888709,
        "max": 0.551382422447,
        "mean": 0.235008463264,
        "median": 0.22080783546,
        "min": 0.0352113097906,
        "stdev": 0.0873090550303,
        "var": 0.00762287061661
    },
    "barkbands_kurtosis": {
        "dmean": 9.98555850983,
        "dmean2": 15.7828655243,
        "dvar": 250.293457031,
        "dvar2": 644.577453613,
        "max": 204.496704102,
        "mean": 16.2933864594,
        "median": 10.9545125961,
        "min": -1.84703660011,
        "stdev": 19.2332572937,
        "var": 369.918151855
    },
    "barkbands_skewness": {
        "dmean": 0.946065783501,
        "dmean2": 1.42842483521,
        "dvar": 0.993938624859,
        "dvar2": 2.28121566772,
        "max": 11.2431182861,
        "mean": 2.93293523788,
        "median": 2.77848911285,
        "min": -4.65178489685,
        "stdev": 1.67978072166,
        "var": 2.82166337967
    },
    "barkbands_spread": {
        "dmean": 7.47820711136,
        "dmean2": 11.6555166245,
        "dvar": 115.317085266,
        "dvar2": 262.521362305,
        "max": 94.3482818604,
        "mean": 14.0082883835,
        "median": 8.96925449371,
        "min": 0.37623667717,
        "stdev": 14.9900150299,
        "var": 224.700546265
    },
    "dissonance": {
        "dmean": 0.0406665615737,
        "dmean2": 0.0668786019087,
        "dvar": 0.00126874586567,
        "dvar2": 0.00333633692935,
        "max": 0.499986618757,
        "mean": 0.412982314825,
        "median": 0.420756101608,
        "min": 0.199074760079,
        "stdev": 0.0532883815467,
        "var": 0.00283965142444
    },
    "dynamic_complexity": 2.3121778965,
    "erbbands_crest": {
        "dmean": 3.19558811188,
        "dmean2": 5.19816017151,
        "dvar": 8.59689235687,
        "dvar2": 21.0721588135,
        "max": 29.4043197632,
        "mean": 10.7662620544,
        "median": 9.76900196075,
        "min": 2.49358844757,
        "stdev": 4.61879825592,
        "var": 21.3332977295
    },
    "erbbands_flatness_db": {
        "dmean": 0.0273041389883,
        "dmean2": 0.0394602753222,
        "dvar": 0.000834210717585,
        "dvar2": 0.00169026933145,
        "max": 0.423179805279,
        "mean": 0.180962115526,
        "median": 0.17048317194,
        "min": 0.0495980419219,
        "stdev": 0.0612837076187,
        "var": 0.00375569262542
    },
    "erbbands_kurtosis": {
        "dmean": 2.79892873764,
        "dmean2": 4.48249959946,
        "dvar": 13.5286302567,
        "dvar2": 32.8289222717,
        "max": 41.8020324707,
        "mean": 3.34306120872,
        "median": 2.02206707001,
        "min": -1.89911496639,
        "stdev": 4.80336618423,
        "var": 23.0723247528
    },
    "erbbands_skewness": {
        "dmean": 0.657054483891,
        "dmean2": 0.999755203724,
        "dvar": 0.434656232595,
        "dvar2": 0.93559974432,
        "max": 5.74266242981,
        "mean": 1.12193667889,
        "median": 1.26702225208,
        "min": -5.19021463394,
        "stdev": 1.21873390675,
        "var": 1.48531222343
    },
    "erbbands_spread": {
        "dmean": 16.8071250916,
        "dmean2": 26.5155277252,
        "dvar": 422.224700928,
        "dvar2": 972.314575195,
        "max": 161.487686157,
        "mean": 41.6140365601,
        "median": 33.3215713501,
        "min": 2.40619802475,
        "stdev": 29.5354423523,
        "var": 872.342346191
    },
    "hfc": {
        "dmean": 11.213973999,
        "dmean2": 17.234708786,
        "dvar": 284.539550781,
        "dvar2": 631.911987305,
        "max": 163.643035889,
        "mean": 19.9800033569,
        "median": 13.5200710297,
        "min": 1.20648474566e-16,
        "stdev": 21.6493320465,
        "var": 468.693603516
    },
    "loudness_ebu128": {
        "integrated": -10.0379085541,
        "loudness_range": 1.10513305664,
        "momentary": {
            "dmean": 0.818165719509,
            "dmean2": 1.09277451038,
            "dvar": 0.706950724125,
            "dvar2": 1.26368188858,
            "max": -7.30217170715,
            "mean": -10.4754943848,
            "median": -9.81457901001,
            "min": -17.9901790619,
            "stdev": 2.10693693161,
            "var": 4.43918371201
        },
        "short_term": {
            "dmean": 0.0942791998386,
            "dmean2": 0.121058963239,
            "dvar": 0.00614740513265,
            "dvar2": 0.00981795135885,
            "max": -9.12181663513,
            "mean": -10.0384473801,
            "median": -10.0030117035,
            "min": -10.9692440033,
            "stdev": 0.360244125128,
            "var": 0.129775837064
        }
    },
    "melbands_crest": {
        "dmean": 3.40570569038,
        "dmean2": 4.8655538559,
        "dvar": 9.23496627808,
        "dvar2": 20.2815246582,
        "max": 37.9563217163,
        "mean": 20.9403495789,
        "median": 20.8901405334,
        "min": 1.76416778564,
        "stdev": 7.60325479507,
        "var": 57.8094863892
    },
    "melbands_flatness_db": {
        "dmean": 0.0474110804498,
        "dmean2": 0.0615084804595,
        "dvar": 0.00249301432632,
        "dvar2": 0.0037723898422,
        "max": 0.711712658405,
        "mean": 0.316411852837,
        "median": 0.304297834635,
        "min": 0.00515731656924,
        "stdev": 0.113977335393,
        "var": 0.0129908323288
    },
    "melbands_kurtosis": {
        "dmean": 19.2787532806,
        "dmean2": 30.9039707184,
        "dvar": 992.234924316,
        "dvar2": 2361.40698242,
        "max": 361.267456055,
        "mean": 34.5868377686,
        "median": 22.0444946289,
        "min": -1.8656784296,
        "stdev": 40.3389816284,
        "var": 1627.23352051
    },
    "melbands_skewness": {
        "dmean": 1.22155332565,
        "dmean2": 1.86356663704,
        "dvar": 1.77776324749,
        "dvar2": 3.88075184822,
        "max": 15.2320156097,
        "mean": 3.90511631966,
        "median": 3.55656123161,
        "min": -1.23473346233,
        "stdev": 2.32089018822,
        "var": 5.38653087616
    },
    "melbands_spread": {
        "dmean": 6.49204063416,
        "dmean2": 9.85933017731,
        "dvar": 239.614303589,
        "dvar2": 459.654052734,
        "max": 213.23777771,
        "mean": 12.7708120346,
        "median": 7.37903118134,
        "min": 0.369032412767,
        "stdev": 22.7419815063,
        "var": 517.197692871
    },
    "pitch_salience": {
        "dmean": 0.0745149925351,
        "dmean2": 0.111665979028,
        "dvar": 0.00496300496161,
        "dvar2": 0.0102515611798,
        "max": 0.84892565012,
        "mean": 0.471572190523,
        "median": 0.454383462667,
        "min": 0.0690835788846,
        "stdev": 0.160678267479,
        "var": 0.0258175060153
    },
    "silence_rate_20dB": {
        "dmean": 0,
        "dmean2": 0,
        "dvar": 0,
        "dvar2": 0,
        "max": 1,
        "mean": 1,
        "median": 1,
        "min": 1,
        "stdev": 0,
        "var": 0
    },
    "silence_rate_30dB": {
        "dmean": 0.0665634647012,
        "dmean2": 0.133230060339,
        "dvar": 0.0621326267719,
        "dvar2": 0.120127648115,
        "max": 1,
        "mean": 0.881670534611,
        "median": 1,
        "min": 0,
        "stdev": 0.322997868061,
        "var": 0.104327619076
    },
    "silence_rate_60dB": {
        "dmean": 0.0178018584847,
        "dmean2": 0.0348566994071,
        "dvar": 0.0174847505987,
        "dvar2": 0.0367413647473,
        "max": 1,
        "mean": 0.0286156218499,
        "median": 0,
        "min": 0,
        "stdev": 0.166726067662,
        "var": 0.0277975834906
    },
    "spectral_centroid": {
        "dmean": 304.742248535,
        "dmean2": 453.084869385,
        "dvar": 291105.09375,
        "dvar2": 487945.15625,
        "max": 10895.9433594,
        "mean": 849.366882324,
        "median": 624.514526367,
        "min": 155.387207031,
        "stdev": 774.726196289,
        "var": 600200.6875
    },
    "spectral_complexity": {
        "dmean": 3.38931894302,
        "dmean2": 5.08288145065,
        "dvar": 34.9218978882,
        "dvar2": 63.5680847168,
        "max": 57,
        "mean": 11.3511209488,
        "median": 10,
        "min": 0,
        "stdev": 7.47817802429,
        "var": 55.9231452942
    },
    "spectral_decrease": {
        "dmean": 4.21663193251e-09,
        "dmean2": 6.27313845314e-09,
        "dvar": 6.05720341248e-17,
        "dvar2": 1.08452477292e-16,
        "max": 5.12933102645e-29,
        "mean": -1.53898671584e-08,
        "median": -1.47174805676e-08,
        "min": -7.05789631184e-08,
        "stdev": 1.37061242356e-08,
        "var": 1.87857839013e-16
    },
    "spectral_energy": {
        "dmean": 0.0165240392089,
        "dmean2": 0.0246709324419,
        "dvar": 0.000885968911462,
        "dvar2": 0.00158905424178,
        "max": 0.268444687128,
        "mean": 0.0598971620202,
        "median": 0.0571614205837,
        "min": 1.07495723361e-20,
        "stdev": 0.0523483157158,
        "var": 0.00274034612812
    },
    "spectral_energyband_high": {
        "dmean": 0.000907963840291,
        "dmean2": 0.00141716829967,
        "dvar": 2.30100931731e-06,
        "dvar2": 4.84610063722e-06,
        "max": 0.0193996727467,
        "mean": 0.00119604938664,
        "median": 0.000381600111723,
        "min": 7.71805555745e-21,
        "stdev": 0.00222046859562,
        "var": 4.93048082717e-06
    },
    "spectral_energyband_low": {
        "dmean": 0.0122238369659,
        "dmean2": 0.0171142295003,
        "dvar": 0.000735069799703,
        "dvar2": 0.00124542915728,
        "max": 0.253018707037,
        "mean": 0.0423280894756,
        "median": 0.0429562330246,
        "min": 5.31868197655e-23,
        "stdev": 0.0474330633879,
        "var": 0.00224989536218
    },
    "spectral_energyband_middle_high": {
        "dmean": 0.00173311738763,
        "dmean2": 0.00269549130462,
        "dvar": 2.87896600639e-05,
        "dvar2": 6.37834891677e-05,
        "max": 0.0450136885047,
        "mean": 0.00211451621726,
        "median": 0.000788907927927,
        "min": 1.59868364961e-21,
        "stdev": 0.00538215599954,
        "var": 2.89676045213e-05
    },
    "spectral_energyband_middle_low": {
        "dmean": 0.00689930096269,
        "dmean2": 0.0111917965114,
        "dvar": 0.000163749107742,
        "dvar2": 0.000440330593847,
        "max": 0.12559813261,
        "mean": 0.0152553450316,
        "median": 0.0136740263551,
        "min": 3.12033640759e-22,
        "stdev": 0.0135430712253,
        "var": 0.00018341478426
    },
    "spectral_entropy": {
        "dmean": 0.374722957611,
        "dmean2": 0.538852989674,
        "dvar": 0.155666336417,
        "dvar2": 0.285847723484,
        "max": 9.80421447754,
        "mean": 7.11304426193,
        "median": 7.1442065239,
        "min": 5.24659109116,
        "stdev": 0.733371675014,
        "var": 0.537833988667
    },
    "spectral_flux": {
        "dmean": 0.0398785546422,
        "dmean2": 0.0633429065347,
        "dvar": 0.00293150334619,
        "dvar2": 0.00544754974544,
        "max": 0.431585013866,
        "mean": 0.100341334939,
        "median": 0.0786023959517,
        "min": 1.036801478e-10,
        "stdev": 0.0772714540362,
        "var": 0.00597087806091
    },
    "spectral_kurtosis": {
        "dmean": 4.98063087463,
        "dmean2": 7.896296978,
        "dvar": 122.530479431,
        "dvar2": 298.751373291,
        "max": 167.800857544,
        "mean": 9.31793212891,
        "median": 2.94440460205,
        "min": -1.45108759403,
        "stdev": 20.7016201019,
        "var": 428.557098389
    },
    "spectral_rms": {
        "dmean": 0.000998748233542,
        "dmean2": 0.00142989552114,
        "dvar": 2.18591139856e-06,
        "dvar2": 3.57468161383e-06,
        "max": 0.0161832403392,
        "mean": 0.00691500399262,
        "median": 0.00746774673462,
        "min": 3.23842363516e-12,
        "stdev": 0.00325867813081,
        "var": 1.06189836515e-05
    },
    "spectral_rolloff": {
        "dmean": 483.996520996,
        "dmean2": 832.725585938,
        "dvar": 2187061,
        "dvar2": 4873370.5,
        "max": 18863.0859375,
        "mean": 845.290222168,
        "median": 387.59765625,
        "min": 43.06640625,
        "stdev": 1737.9407959,
        "var": 3020438
    },
    "spectral_skewness": {
        "dmean": 0.593855857849,
        "dmean2": 0.875505983829,
        "dvar": 0.613864839077,
        "dvar2": 1.25863397121,
        "max": 10.1657791138,
        "mean": 2.06550645828,
        "median": 1.63408136368,
        "min": -0.665622413158,
        "stdev": 1.55414307117,
        "var": 2.41536068916
    },
    "spectral_spread": {
        "dmean": 1502363.375,
        "dmean2": 2093021.5,
        "dvar": 4.11893733786e+12,
        "dvar2": 7.31223425024e+12,
        "max": 39257376,
        "mean": 6166919,
        "median": 5650168.5,
        "min": 463071.03125,
        "stdev": 3124300.5,
        "var": 9.76125375283e+12
    },
    "spectral_strongpeak": {
        "dmean": 0.252130836248,
        "dmean2": 0.40611577034,
        "dvar": 0.23312535882,
        "dvar2": 0.567020833492,
        "max": 9.74730110168,
        "mean": 0.607309281826,
        "median": 0.391318202019,
        "min": 0,
        "stdev": 0.610962092876,
        "var": 0.373274683952
    },
    "zerocrossingrate": {
        "dmean": 0.014055470936,
        "dmean2": 0.0169461201876,
        "dvar": 0.000554589263629,
        "dvar2": 0.000613214913756,
        "max": 0.4873046875,
        "mean": 0.0400337763131,
        "median": 0.02880859375,
        "min": 0.00146484375,
        "stdev": 0.0454609915614,
        "var": 0.00206670188345
    },
    "barkbands": {
        "dmean": [0.00173277046997, 0.0112501317635, 0.00410338211805, 0.00231973151676, 0.00197765463963, 0.00258866278455, 0.00122945022304, 0.00137706089299, 0.00045893053175, 0.00029870623257, 0.000353625742719, 0.00037546781823, 0.000383059290471, 0.000229234981816, 0.000122756828205, 8.78332793945e-05, 8.41469955049e-05, 4.119364894e-05, 0.000106727828097, 0.000128769519506, 9.72228663159e-05, 0.000169824343175, 0.000193546991795, 0.000222283968469, 0.000192858104128, 6.95691342116e-05, 8.31622969599e-07],
        "dmean2": [0.00270063686185, 0.0142965652049, 0.00750959431753, 0.0041695558466, 0.003153773956, 0.00394708383828, 0.0020132267382, 0.00209794472903, 0.000727574748453, 0.000451993517345, 0.000590316718444, 0.000600667844992, 0.000611747789662, 0.000371598347556, 0.000191283193999, 0.000139023570227, 0.000126649640151, 6.38835699647e-05, 0.000182177129318, 0.000209630001336, 0.000152745225932, 0.000266668183031, 0.000302560714772, 0.000342310115229, 0.000322370266076, 0.000115990143968, 1.46222896547e-06],
        "dvar": [9.01902512851e-06, 0.000658784934785, 0.000208174897125, 4.73922009405e-05, 1.21874345496e-05, 1.56402747962e-05, 4.64209915663e-06, 5.87359863857e-06, 5.55457404516e-07, 2.81794712009e-07, 1.03321178813e-06, 1.06609979866e-06, 1.6432660459e-06, 5.5753542938e-07, 1.44747588138e-07, 9.30224928197e-08, 6.60075301084e-08, 1.45581751099e-08, 1.62728341024e-07, 1.09799863424e-07, 4.28450519507e-08, 8.99368259866e-08, 1.96931651431e-07, 2.54918973042e-07, 1.47853540966e-07, 2.23428404666e-08, 5.36287984507e-12],
        "dvar2": [2.16944008571e-05, 0.00106878206134, 0.000584921159316, 0.000140334581374, 2.82026812783e-05, 3.51362286892e-05, 1.14566091725e-05, 1.24466150737e-05, 1.27949215312e-06, 6.3229680336e-07, 2.73660634775e-06, 2.16787157115e-06, 3.71541000277e-06, 1.28663918986e-06, 3.19906376944e-07, 2.2127288446e-07, 1.40429179396e-07, 3.06351850554e-08, 4.39318682766e-07, 2.82197447632e-07, 9.72082361272e-08, 1.92986917114e-07, 4.22585628712e-07, 5.29248552539e-07, 3.78341042051e-07, 5.62203901211e-08, 1.4183162457e-11],
        "max": [0.03512583673, 0.236177861691, 0.10714096576, 0.0664437264204, 0.0343185700476, 0.0476997159421, 0.0211169552058, 0.0293442159891, 0.00919312704355, 0.00559826288372, 0.00877283234149, 0.00809750705957, 0.0108751477674, 0.00604802975431, 0.00337171601132, 0.00270791561343, 0.00234986189753, 0.001151696546, 0.0035840482451, 0.00465219095349, 0.00255234865472, 0.00443773437291, 0.00620194338262, 0.0117359869182, 0.00299680279568, 0.0012571522966, 2.34362014453e-05],
        "mean": [0.00692525971681, 0.0305994041264, 0.00390902487561, 0.0027467967011, 0.00370471342467, 0.00414687069133, 0.001527545508, 0.00219859345816, 0.000695447670296, 0.000427380466135, 0.000376639713068, 0.000400113814976, 0.000343920051819, 0.000206183205592, 0.000116722389066, 8.21210633148e-05, 8.913387137e-05, 4.64426484541e-05, 8.47213741508e-05, 0.000144540739711, 0.000116010873171, 0.000218666085857, 0.000233837519772, 0.00030785027775, 0.000187250450836, 6.13994707237e-05, 5.94260768594e-07],
        "median": [0.00157020182814, 0.0228955261409, 0.000990895438008, 0.00115014030598, 0.00128778675571, 0.00214845594019, 0.000646084547043, 0.00101645954419, 0.000324059219565, 0.000201650240342, 0.000103338737972, 7.73451829446e-05, 2.39813307417e-05, 1.31696870085e-05, 9.34206946113e-06, 7.55036580813e-06, 1.50704527186e-05, 6.41398855805e-06, 7.57532234275e-06, 3.11340736516e-05, 2.63252404693e-05, 6.82940299157e-05, 3.4704546124e-05, 6.96765418979e-05, 3.27387206198e-05, 4.66136179966e-06, 1.41655744912e-08],
        "min": [1.48752956821e-24, 1.2332695616e-23, 3.31882523405e-23, 1.02828160991e-23, 4.12636888986e-23, 5.46116729543e-23, 6.39326893273e-23, 8.28055427742e-23, 4.2786398705e-23, 5.65010957965e-23, 7.88957335578e-23, 8.80690751694e-23, 1.05924582038e-22, 8.03133292263e-23, 5.12036581597e-23, 2.73441807969e-22, 1.54436359644e-22, 2.49448950636e-22, 3.25048558275e-22, 3.11527861012e-22, 4.59063883925e-22, 4.58231200218e-22, 6.29817358077e-22, 7.78140474846e-22, 1.29054705745e-21, 1.64555092359e-21, 2.61790385411e-21],
        "stdev": [0.00915644410998, 0.0396227315068, 0.0115472553298, 0.00588295888156, 0.00516169285402, 0.00545511161909, 0.00239739893004, 0.00336056016386, 0.00096055859467, 0.000662064761855, 0.000940401630942, 0.00109981605783, 0.00124542694539, 0.000715716276318, 0.000383729988243, 0.000288173090667, 0.000267757219262, 0.000132842280436, 0.000335874181474, 0.000321282190271, 0.000256260362221, 0.000448704580776, 0.000634837313555, 0.000720204145182, 0.000390081608202, 0.00014629906218, 2.00800263883e-06],
        "var": [8.38404739625e-05, 0.00156996084843, 0.000133339111926, 3.46092056134e-05, 2.66430724878e-05, 2.97582446365e-05, 5.74752129978e-06, 1.12933648779e-05, 9.22672825254e-07, 4.38329720964e-07, 8.84355245034e-07, 1.20959543892e-06, 1.55108841682e-06, 5.12249812346e-07, 1.47248698568e-07, 8.30437230093e-08, 7.1693925463e-08, 1.76470695834e-08, 1.12811463282e-07, 1.03222248526e-07, 6.56693757151e-08, 2.01335794259e-07, 4.03018418638e-07, 5.18693980212e-07, 1.52163650569e-07, 2.14034159285e-08, 4.03207415373e-12]
    },
    "erbbands": {
        "dmean": [0.540551126003, 2.04117202759, 4.28622484207, 6.70764064789, 6.03589105606, 6.54062652588, 14.1417016983, 24.1888313293, 19.8450317383, 24.5327301025, 21.8335895538, 10.1589288712, 10.1074562073, 10.8822383881, 12.1994123459, 18.4093723297, 17.9872589111, 10.7879133224, 8.78048038483, 6.43997240067, 3.93265199661, 4.91334486008, 2.56637525558, 4.12526655197, 5.67162799835, 6.38698577881, 3.65378808975, 4.41834783554, 5.92985963821, 6.14904689789, 5.35792827606, 4.81185007095, 3.55754756927, 2.17411088943, 1.37226343155, 0.502736926079, 0.104157581925, 0.00754459667951, 0.000194538515643, 2.70952841674e-05],
        "dmean2": [0.699925541878, 2.72602987289, 7.4812078476, 12.1244382858, 10.2295188904, 10.488861084, 22.3462257385, 36.3312339783, 32.6952934265, 37.1672401428, 33.8255271912, 15.614566803, 15.3876428604, 17.0026817322, 20.3333530426, 28.8617706299, 28.5743427277, 17.46235466, 13.9384727478, 10.2558078766, 5.99979066849, 7.48600912094, 3.98535299301, 6.81798505783, 9.55528926849, 10.4316635132, 5.88322210312, 6.94004631042, 9.40989494324, 9.78213119507, 8.41777229309, 7.32529067993, 5.48125314713, 3.48145222664, 2.35866045952, 0.844262182713, 0.177921742201, 0.0128810880706, 0.000328124064254, 4.20933829446e-05],
        "dvar": [1.43006539345, 25.9727401733, 225.932785034, 447.568725586, 232.554153442, 161.001586914, 430.847198486, 1888.91577148, 1172.54150391, 2361.96704102, 1411.9140625, 261.096252441, 286.488769531, 671.419555664, 1121.64245605, 3081.11694336, 3592.77392578, 1061.77734375, 862.960998535, 461.718231201, 156.347290039, 236.008026123, 60.9032745361, 239.001373291, 333.779571533, 339.396148682, 80.5892562866, 78.5218276978, 110.783340454, 182.95425415, 142.498092651, 93.7330245972, 83.7834243774, 15.5386781693, 9.70833492279, 1.25084555149, 0.0530672557652, 0.000305615132675, 1.85701935607e-07, 1.60681579153e-09],
        "dvar2": [2.27568101883, 50.0487976074, 626.403442383, 1297.74645996, 649.561889648, 374.065612793, 1087.88757324, 3971.49389648, 2976.0144043, 4859.73242188, 3397.50805664, 579.867431641, 571.709838867, 1625.296875, 3009.01098633, 6629.03955078, 8019.52587891, 2349.82373047, 1961.77380371, 1071.27893066, 319.838134766, 507.299957275, 133.681732178, 618.874389648, 892.894958496, 895.26385498, 194.284851074, 164.22869873, 230.070495605, 430.069122314, 293.617675781, 190.344360352, 185.060714722, 35.7877311707, 25.7072753906, 3.17354941368, 0.137227743864, 0.000790460559074, 4.82780819766e-07, 3.24998561396e-09],
        "max": [11.1220283508, 45.7579650879, 123.588951111, 184.744369507, 142.986175537, 149.885360718, 198.917999268, 576.668457031, 306.587280273, 607.415161133, 677.85345459, 275.572143555, 224.108825684, 217.293533325, 284.468414307, 497.710418701, 491.757537842, 262.365386963, 266.59487915, 187.103622437, 107.246490479, 133.509613037, 68.0321044922, 129.772674561, 161.783233643, 311.254547119, 89.8942184448, 153.330047607, 158.46383667, 188.902374268, 182.591552734, 185.995620728, 226.264022827, 46.088886261, 22.1000556946, 6.93232822418, 1.7929610014, 0.149317443371, 0.00291398493573, 0.000315033656079],
        "mean": [1.4815145731, 4.49223089218, 4.82786655426, 7.72651100159, 8.30686664581, 12.3699522018, 23.5544090271, 38.4183349609, 26.9562091827, 39.3015441895, 35.3005943298, 16.4424648285, 15.6717357635, 13.5041599274, 13.2000961304, 18.7292098999, 16.7450084686, 10.6994495392, 7.95996713638, 5.90462636948, 4.3043756485, 5.12869215012, 2.82263636589, 3.46461343765, 5.26347112656, 6.90845108032, 4.22298192978, 5.80128002167, 7.67905092239, 7.45546865463, 6.49316692352, 6.44005346298, 4.80655241013, 2.36480021477, 1.19741642475, 0.444488227367, 0.0863980725408, 0.00605540210381, 0.000187696830835, 7.77410750743e-05],
        "median": [1.07699227333, 2.18877243996, 1.36464524269, 3.07581329346, 3.00712490082, 3.44630432129, 11.1505880356, 15.073015213, 12.2630167007, 16.5578842163, 19.8011951447, 8.65388870239, 7.61012601852, 5.02688360214, 3.78513836861, 3.4282002449, 1.66116201878, 0.961322367191, 0.575941264629, 0.471595615149, 0.589456498623, 0.84090667963, 0.43370872736, 0.395421653986, 0.686360955238, 1.35401904583, 1.07681810856, 1.37680625916, 2.40808391571, 1.46024048328, 0.969527840614, 1.38123357296, 0.99350631237, 0.485003173351, 0.160299301147, 0.0346154868603, 0.00591151416302, 0.000330131500959, 4.56194466096e-05, 6.95545968483e-05],
        "min": [1.87125139969e-22, 3.85881856019e-21, 3.56056598876e-20, 3.56882907071e-20, 4.36726483386e-20, 1.97567953405e-19, 4.1263062167e-19, 3.6577675948e-19, 8.71775573737e-19, 8.95176823459e-19, 2.231070721e-18, 9.0750460632e-19, 1.11444451607e-18, 3.21472019784e-18, 3.10002354089e-18, 3.29341361182e-18, 4.72874216701e-18, 3.5761606956e-18, 4.18477041181e-18, 6.27792324133e-18, 1.49872206433e-17, 9.10100257724e-18, 1.31553605209e-17, 1.93823290229e-17, 1.20485424032e-17, 1.457748169e-17, 1.46692590333e-17, 2.45750876671e-17, 1.51207226311e-17, 1.34576346506e-17, 1.92753795327e-17, 1.53754347028e-17, 1.41639625213e-17, 1.25765690114e-17, 9.82799838272e-18, 5.8414109331e-18, 3.27766057744e-18, 1.39635149453e-18, 3.48265940448e-19, 3.75376726863e-20],
        "stdev": [1.85216188431, 7.11934614182, 12.4938020706, 17.6688098907, 15.0703086853, 19.9165878296, 29.1821079254, 61.2547874451, 38.5063896179, 67.6221466064, 46.2466812134, 21.7312278748, 23.0361671448, 27.4263935089, 31.2121524811, 56.5813903809, 58.659122467, 32.7101097107, 28.3042736053, 20.7592468262, 13.1787672043, 15.7865076065, 8.25861358643, 13.4960651398, 15.8962430954, 17.0853023529, 9.24175739288, 12.7580528259, 15.591375351, 18.6860599518, 17.5070133209, 14.1484155655, 12.3670396805, 4.8457698822, 2.82029652596, 1.07126200199, 0.2122246176, 0.0158099159598, 0.000395702460082, 6.48108543828e-05],
        "var": [3.4305036068, 50.6850891113, 156.095092773, 312.186859131, 227.114196777, 396.670471191, 851.595397949, 3752.14916992, 1482.7421875, 4572.75439453, 2138.75537109, 472.246276855, 530.665039062, 752.20703125, 974.198486328, 3201.45385742, 3440.89282227, 1069.95129395, 801.131958008, 430.946350098, 173.679901123, 249.213821411, 68.2047042847, 182.143783569, 252.690551758, 291.907531738, 85.4100723267, 162.767913818, 243.090988159, 349.168823242, 306.495483398, 200.177658081, 152.94367981, 23.4814834595, 7.9540719986, 1.14760220051, 0.0450392886996, 0.000249953445746, 1.56580426847e-07, 4.20044710125e-09]
    },
    "gfcc": {
        "mean": [-33.4339332581, 107.980422974, -66.6951522827, 23.6243896484, -85.9517669678, 22.7355957031, -32.9699859619, 9.7646818161, -17.8781471252, 7.73057603836, -8.14639759064, -0.0232423450798, -4.13460493088],
        "cov": [[7553.52148438, -2313.15600586, -124.795219421, 1484.57495117, -222.949890137, 581.902709961, -457.122955322, 424.538696289, -289.896636963, 480.71975708, -47.8472328186, 430.693695068, -96.6243667603], [-2313.15600586, 2557.04711914, 153.424987793, -574.047790527, 892.215637207, -169.110031128, 499.804290771, -83.5625915527, 321.719696045, -265.010803223, 190.890869141, -188.684143066, 249.67010498], [-124.795219421, 153.424987793, 1662.75598145, 244.461227417, 233.901245117, 500.876495361, 305.184661865, 212.280227661, 194.124710083, 101.250518799, -40.4666404724, 188.439071655, 71.7841873169], [1484.57495117, -574.047790527, 244.461227417, 850.305053711, 26.3173503876, 178.565612793, 46.6034088135, 192.240005493, 22.4837646484, 141.201797485, 50.9111404419, 165.320404053, 95.4629364014], [-222.949890137, 892.215637207, 233.901245117, 26.3173503876, 888.85949707, 112.059753418, 255.494720459, 146.914489746, 217.727996826, 33.1974449158, 100.729873657, 18.1131324768, 138.930282593], [581.902709961, -169.110031128, 500.876495361, 178.565612793, 112.059753418, 408.665924072, 124.677764893, 160.127655029, 118.68196106, 88.81224823, 39.5993766785, 100.77141571, 16.3001098633], [-457.122955322, 499.804290771, 305.184661865, 46.6034088135, 255.494720459, 124.677764893, 469.479827881, 108.235435486, 112.054977417, 15.8670120239, 76.4158248901, 46.5405921936, 70.5892028809], [424.538696289, -83.5625915527, 212.280227661, 192.240005493, 146.914489746, 160.127655029, 108.235435486, 240.079956055, 95.5536346436, 61.333694458, 60.5727310181, 77.0313949585, 50.4617156982], [-289.896636963, 321.719696045, 194.124710083, 22.4837646484, 217.727996826, 118.68196106, 112.054977417, 95.5536346436, 273.842071533, 24.9429321289, 73.7662506104, 6.10470962524, 85.2844696045], [480.71975708, -265.010803223, 101.250518799, 141.201797485, 33.1974449158, 88.81224823, 15.8670120239, 61.333694458, 24.9429321289, 185.562057495, 27.0918521881, 71.5017623901, -0.944484531879], [-47.8472328186, 190.890869141, -40.4666404724, 50.9111404419, 100.729873657, 39.5993766785, 76.4158248901, 60.5727310181, 73.7662506104, 27.0918521881, 182.713973999, 30.8730316162, 54.2204055786], [430.693695068, -188.684143066, 188.439071655, 165.320404053, 18.1131324768, 100.77141571, 46.5405921936, 77.0313949585, 6.10470962524, 71.5017623901, 30.8730316162, 190.963104248, 51.4389686584], [-96.6243667603, 249.67010498, 71.7841873169, 95.4629364014, 138.930282593, 16.3001098633, 70.5892028809, 50.4617156982, 85.2844696045, -0.944484531879, 54.2204055786, 51.4389686584, 163.974868774]],
        "icov": [[0.000419273565058, -0.000265297334408, 0.000378411234124, -0.000657049939036, 7.41236872273e-05, -0.000858084880747, 0.000595572113525, -0.000527424796019, 0.000569343566895, -0.000607481400948, 0.000527599419001, -0.000504410301801, 0.000480447080918], [-0.000265297334408, 0.00265399296768, -0.000856677419506, 0.00149392138701, -0.00179399293847, 0.00182718329597, -0.00191490910947, 0.00200119428337, -0.00113750563469, 0.00256803701632, -0.00223439605907, 0.00170289445668, -0.00233412883244], [0.000378411234124, -0.000856677419506, 0.00165486056358, -0.000874616147485, 0.00046292427578, -0.00225737178698, 0.000481096561998, -0.000821484543849, 0.000367924047168, -0.00100927683525, 0.00190704024862, -0.00136978551745, 0.000791914062575], [-0.000657049939036, 0.00149392138701, -0.000874616147485, 0.00329072051682, -0.000685461389367, 0.00162649422418, -0.00145824882202, 0.000476849963889, -0.000672051741276, 0.00106423988473, -0.00161111424677, 0.000954228220508, -0.00270558544435], [7.41236872273e-05, -0.00179399293847, 0.00046292427578, -0.000685461389367, 0.00290792249143, -0.000989070627838, 0.000659556477331, -0.00180842611007, 3.56555137841e-05, -0.00193748250604, 0.00132150156423, -0.000642966653686, 0.000613793323282], [-0.000858084880747, 0.00182718329597, -0.00225737178698, 0.00162649422418, -0.000989070627838, 0.00772186648101, -0.00206682784483, 0.000341522565577, -0.0027868358884, 0.00179264217149, -0.00265558599494, 0.000881129817571, -0.000329899659846], [0.000595572113525, -0.00191490910947, 0.000481096561998, -0.00145824882202, 0.000659556477331, -0.00206682784483, 0.00479496503249, -0.00228071957827, 0.00126812420785, -0.00190803490113, 0.00105044327211, -0.00161613745149, 0.00167838472407], [-0.000527424796019, 0.00200119428337, -0.000821484543849, 0.000476849963889, -0.00180842611007, 0.000341522565577, -0.00228071957827, 0.00930863153189, -0.00232943240553, 0.0020735678263, -0.00270409905352, 0.000554524071049, -0.00171668606345], [0.000569343566895, -0.00113750563469, 0.000367924047168, -0.000672051741276, 3.56555137841e-05, -0.0027868358884, 0.00126812420785, -0.00232943240553, 0.00748801184818, -0.00215074815787, 1.77756992343e-05, 0.000867447874043, -0.00146952399518], [-0.000607481400948, 0.00256803701632, -0.00100927683525, 0.00106423988473, -0.00193748250604, 0.00179264217149, -0.00190803490113, 0.0020735678263, -0.00215074815787, 0.0101602058858, -0.00300434301607, -0.000253406818956, -0.000549145624973], [0.000527599419001, -0.00223439605907, 0.00190704024862, -0.00161111424677, 0.00132150156423, -0.00265558599494, 0.00105044327211, -0.00270409905352, 1.77756992343e-05, -0.00300434301607, 0.00971552170813, -0.00245504220948, 0.000871427881066], [-0.000504410301801, 0.00170289445668, -0.00136978551745, 0.000954228220508, -0.000642966653686, 0.000881129817571, -0.00161613745149, 0.000554524071049, 0.000867447874043, -0.000253406818956, -0.00245504220948, 0.0100687528029, -0.00466310512275], [0.000480447080918, -0.00233412883244, 0.000791914062575, -0.00270558544435, 0.000613793323282, -0.000329899659846, 0.00167838472407, -0.00171668606345, -0.00146952399518, -0.000549145624973, 0.000871427881066, -0.00466310512275, 0.0124183688313]]
    },
    "melbands": {
        "dmean": [0.00372872990556, 0.0019820665475, 0.00109586853068, 0.000387194595532, 0.000453176704468, 0.00052002130542, 0.000292602169793, 0.000282752240309, 0.000163244476425, 6.2511084252e-05, 4.96606626257e-05, 4.25111502409e-05, 4.6393739467e-05, 3.46774068021e-05, 5.9682995925e-05, 2.82735600194e-05, 2.01695111173e-05, 1.64658486028e-05, 9.80705408438e-06, 7.6230085142e-06, 3.86446254197e-06, 5.43826627109e-06, 3.18500610774e-06, 2.0707418571e-06, 3.52675488102e-06, 3.85643943446e-06, 4.73213776786e-06, 4.28043176726e-06, 2.16971761802e-06, 2.41600969275e-06, 2.83969689008e-06, 3.42316002389e-06, 3.60289595847e-06, 3.56007126356e-06, 3.35264803653e-06, 2.68829148808e-06, 3.23410131386e-06, 2.73008026852e-06, 2.05710739465e-06, 1.82766939361e-06],
        "dmean2": [0.00487411394715, 0.00307885929942, 0.00195239589084, 0.000621256942395, 0.00071873399429, 0.000786972348578, 0.000479126087157, 0.000426036276622, 0.000255683262367, 9.65818035183e-05, 7.56054650992e-05, 6.6828513809e-05, 7.82911083661e-05, 5.48750722373e-05, 9.40808749874e-05, 4.51266278105e-05, 3.31558330799e-05, 2.64114823949e-05, 1.54591434693e-05, 1.24945381685e-05, 6.16443276158e-06, 8.35798527987e-06, 5.17515809406e-06, 3.23609560837e-06, 5.93523964199e-06, 6.56241263641e-06, 7.73904503149e-06, 7.07977551428e-06, 3.47059994965e-06, 3.9049773477e-06, 4.47735237685e-06, 5.47969193576e-06, 5.80814094064e-06, 5.77171704208e-06, 5.38564881936e-06, 4.16915463575e-06, 4.93184916195e-06, 4.22580751547e-06, 3.23157428284e-06, 2.99101088785e-06],
        "dvar": [7.02923935023e-05, 3.44502404914e-05, 1.13841679195e-05, 6.30601675766e-07, 4.25801658821e-07, 7.64432570577e-07, 2.39515145495e-07, 3.14793396683e-07, 7.87841258898e-08, 1.09959197303e-08, 7.087005649e-09, 1.05249791105e-08, 1.98365164295e-08, 8.5392803939e-09, 3.83103255785e-08, 7.28416260642e-09, 3.89715504312e-09, 3.29090266149e-09, 1.02532271562e-09, 7.3034045478e-10, 1.45746303915e-10, 2.81971945792e-10, 1.11758650945e-10, 3.92868827748e-11, 1.85230220051e-10, 2.01438560277e-10, 1.40035427698e-10, 2.01405517264e-10, 2.84898129393e-11, 3.46217707281e-11, 3.50787836279e-11, 3.94705240714e-11, 4.9872730945e-11, 7.50043360753e-11, 6.06043201734e-11, 3.62257238096e-11, 4.14547562944e-11, 5.53998305564e-11, 2.13647658592e-11, 1.16815827844e-11],
        "dvar2": [0.000109721520857, 8.67743583512e-05, 3.26754488924e-05, 1.5912651179e-06, 1.01087016446e-06, 1.63336324022e-06, 6.07017852872e-07, 6.38940662157e-07, 1.96910008299e-07, 2.38037998201e-08, 1.41487142002e-08, 2.58703440892e-08, 5.42498490574e-08, 1.99159959635e-08, 8.14301870378e-08, 1.61478066474e-08, 8.82533157665e-09, 7.89126453071e-09, 2.36210628834e-09, 1.83653781072e-09, 2.72495581655e-10, 5.86976134365e-10, 2.85790974219e-10, 7.85541076631e-11, 4.87245521708e-10, 5.42295708339e-10, 3.59318130805e-10, 5.42295430783e-10, 6.58613649729e-11, 8.83919604178e-11, 7.15006040486e-11, 8.56545043226e-11, 1.21878979131e-10, 1.78403847251e-10, 1.32527766539e-10, 7.16256984279e-11, 9.02876315378e-11, 1.26913882181e-10, 4.31419205915e-11, 2.92130382384e-11],
        "max": [0.0788156539202, 0.0528516694903, 0.0302137956023, 0.00794468540698, 0.0067639327608, 0.0114132836461, 0.00447563501075, 0.00669787963852, 0.00455233827233, 0.0018197868485, 0.00110272364691, 0.000847154995427, 0.00119989726227, 0.000849718344398, 0.00164791417774, 0.000696817878634, 0.000517228618264, 0.000537766900379, 0.000275219208561, 0.000221195339691, 0.000103377795313, 0.000143245983054, 9.54251227085e-05, 6.11144423601e-05, 0.00011530242773, 0.000127385428641, 9.67778760241e-05, 0.000285991467535, 6.42885643174e-05, 5.32193407707e-05, 0.000107570107502, 8.76210615388e-05, 0.000115780465421, 0.000109903121484, 0.000138646006235, 0.000100522505818, 0.000120998069178, 0.000193361294805, 6.93219044479e-05, 3.1567789847e-05],
        "mean": [0.0108712827787, 0.00350399664603, 0.001349641243, 0.000653524359223, 0.000835230515804, 0.00083410681691, 0.000395029055653, 0.000456280133221, 0.000257935462287, 9.69886823441e-05, 7.47217782191e-05, 5.09949641128e-05, 4.73110012535e-05, 3.73715483875e-05, 5.55316146347e-05, 2.7225487429e-05, 1.93874311663e-05, 1.39491767186e-05, 8.83351549419e-06, 6.64719345878e-06, 4.57790702058e-06, 5.74023169975e-06, 3.05832099912e-06, 2.37521976487e-06, 2.81217262454e-06, 3.13834311783e-06, 5.00945361637e-06, 4.47321872343e-06, 2.5654098863e-06, 2.44912098424e-06, 3.82259031539e-06, 4.37501830675e-06, 4.25114512836e-06, 4.19516572947e-06, 3.84348459193e-06, 3.40378369401e-06, 4.23109531766e-06, 3.64768288819e-06, 2.5055610422e-06, 1.81482732842e-06],
        "median": [0.00961482338607, 0.00119701609947, 0.000596796511672, 0.00024789350573, 0.000368090870325, 0.000360597245162, 0.000176761328476, 0.000193470477825, 0.000142334713018, 4.73643231089e-05, 3.49348556483e-05, 1.79816652235e-05, 1.23248946693e-05, 9.0467328846e-06, 6.30948079561e-06, 2.13522503145e-06, 1.51767483203e-06, 8.54123584304e-07, 6.47777596896e-07, 4.80326548313e-07, 6.81125925439e-07, 9.13010012482e-07, 4.45540479177e-07, 3.00128363051e-07, 2.15071608523e-07, 2.66280125061e-07, 5.18168974395e-07, 8.77308195868e-07, 6.00429530095e-07, 4.16525693936e-07, 8.7593139142e-07, 1.30875514515e-06, 1.01095497484e-06, 6.54081532048e-07, 3.93674355337e-07, 6.10542485902e-07, 8.38887842747e-07, 7.61213982514e-07, 4.67247332381e-07, 3.54629634103e-07],
        "min": [2.36372960298e-24, 1.33909817082e-23, 6.15118392923e-24, 8.36575709276e-24, 1.33843363439e-23, 9.7370844914e-24, 1.23074339232e-23, 1.11313022669e-23, 1.77606510784e-23, 4.83243726536e-24, 5.02872281909e-24, 1.2127770852e-23, 1.05266569492e-23, 8.20627545013e-24, 1.10911839567e-23, 1.05679112191e-23, 5.78834341157e-24, 7.34476755529e-24, 4.05928218633e-24, 1.6835071112e-23, 1.55684539545e-23, 7.63091896005e-24, 1.2942608158e-23, 1.090550661e-23, 1.70382832589e-23, 9.88040789611e-24, 8.35871572032e-24, 9.95242931903e-24, 8.90643762403e-24, 1.00584664242e-23, 1.57125788418e-23, 9.01632279269e-24, 6.58129416615e-24, 7.77625553778e-24, 1.1099735209e-23, 1.06817075601e-23, 9.14867866422e-24, 9.73561721012e-24, 8.86905587232e-24, 1.18332188675e-23],
        "stdev": [0.0131978150457, 0.00629198877141, 0.00288825319149, 0.000947251392063, 0.00104611273855, 0.00123683258425, 0.000560424698051, 0.000796320848167, 0.000340088707162, 0.000138842166052, 0.000113411944767, 0.000107004576421, 0.000124567784951, 9.39843157539e-05, 0.000197362853214, 8.51876538945e-05, 6.16559918853e-05, 5.3069092246e-05, 3.12157389999e-05, 2.43497506744e-05, 1.33317162181e-05, 1.75731875061e-05, 9.6964486147e-06, 7.02607121639e-06, 1.16350820463e-05, 1.19140477182e-05, 1.19277892736e-05, 1.26035174617e-05, 5.66675998925e-06, 6.11533687334e-06, 8.81200230651e-06, 8.91107538337e-06, 9.4844153864e-06, 1.13846454042e-05, 1.09146603791e-05, 8.69016548677e-06, 9.13374060474e-06, 9.69787561189e-06, 6.38412848275e-06, 3.66822928299e-06],
        "var": [0.000174182321643, 3.95891220251e-05, 8.34200636746e-06, 8.97285246992e-07, 1.09435188733e-06, 1.52975496803e-06, 3.14075862207e-07, 6.3412687723e-07, 1.15660320432e-07, 1.92771487662e-08, 1.28622685835e-08, 1.14499796311e-08, 1.55171324678e-08, 8.83305162347e-09, 3.89520948829e-08, 7.25693682924e-09, 3.80146092382e-09, 2.81632872579e-09, 9.74422431632e-10, 5.92910331942e-10, 1.77734660323e-10, 3.08816916483e-10, 9.40211242195e-11, 4.93656747425e-11, 1.35375141652e-10, 1.41944525578e-10, 1.42272152392e-10, 1.58848656451e-10, 3.21121670921e-11, 3.73973456369e-11, 7.76513922607e-11, 7.94072654853e-11, 8.99541413579e-11, 1.29610155941e-10, 1.19129803244e-10, 7.55189799584e-11, 8.34252181225e-11, 9.40487965284e-11, 4.07570956151e-11, 1.34559056605e-11]
    },
    "melbands128": {
