{
"lowlevel": {
    "average_loudness": 0.814869761467,
    "barkbands_crest": {
        "dmean": 2.82956194878,
        "dmean2": 4.55251407623,
        "dvar": 7.472240448,
        "dvar2": 18.1402053833,
        "max": 26.4513664246,
        "mean": 13.4171724319,
        "median": 12.5601329803,
        "min": 3.34426450729,
        "stdev": 5.05687713623,
        "var": 25.5720081329
    },
    "barkbands_flatness_db": {
        "dmean": 0.0240455344319,
        "dmean2": 0.0359342955053,
        "dvar": 0.000637196004391,
        "dvar2": 0.00151738466229,
        "max": 0.394418567419,
        "mean": 0.204132884741,
        "median": 0.199035108089,
        "min": 0.0510802455246,
        "stdev": 0.0529527105391,
        "var": 0.00280398945324
    },
    "barkbands_kurtosis": {
        "dmean": 5.17872095108,
        "dmean2": 8.25831604004,
        "dvar": 95.7227020264,
        "dvar2": 244.034255981,
        "max": 146.210479736,
        "mean": 10.0237588882,
        "median": 6.59536075592,
        "min": -1.77790546417,
        "stdev": 13.9008874893,
        "var": 193.234664917
    },
    "barkbands_skewness": {
        "dmean": 0.650575876236,
        "dmean2": 0.992005467415,
        "dvar": 0.538241565228,
        "dvar2": 1.26763963699,
        "max": 9.59963798523,
        "mean": 2.02983880043,
        "median": 1.91977250576,
        "min": -1.91234993935,
        "stdev": 1.47025346756,
        "var": 2.16164517403
    },
    "barkbands_spread": {
        "dmean": 3.30506062508,
        "dmean2": 5.17927265167,
        "dvar": 20.2044410706,
        "dvar2": 49.7338676453,
        "max": 53.9777832031,
        "mean": 10.8780183792,
        "median": 8.68703079224,
        "min": 0.695620834827,
        "stdev": 7.77396965027,
        "var": 60.4346008301
    },
    "dissonance": {
        "dmean": 0.0310822855681,
        "dmean2": 0.052230887115,
        "dvar": 0.000988397863694,
        "dvar2": 0.00269415136427,
        "max": 0.499666184187,
        "mean": 0.432555645704,
        "median": 0.440748602152,
        "min": 0.239249393344,
        "stdev": 0.0429557003081,
        "var": 0.00184519216418
    },
    "dynamic_complexity": 5.39417791367,
    "erbbands_crest": {
        "dmean": 3.11497116089,
        "dmean2": 4.99326610565,
        "dvar": 9.07400226593,
        "dvar2": 22.8970527649,
        "max": 33.1969337463,
        "mean": 14.1335391998,
        "median": 12.8072423935,
        "min": 3.11980319023,
        "stdev": 6.58046913147,
        "var": 43.3025741577
    },
    "erbbands_flatness_db": {
        "dmean": 0.0223070681095,
        "dmean2": 0.0317902117968,
        "dvar": 0.000537278712727,
        "dvar2": 0.00118285056669,
        "max": 0.419394791126,
        "mean": 0.215865552425,
        "median": 0.213133320212,
        "min": 0.0901350900531,
        "stdev": 0.0606396310031,
        "var": 0.00367716490291
    },
    "erbbands_kurtosis": {
        "dmean": 2.97553420067,
        "dmean2": 4.81927633286,
        "dvar": 58.334854126,
        "dvar2": 157.175964355,
        "max": 135.279296875,
        "mean": 4.93024110794,
        "median": 2.27682590485,
        "min": -1.85935914516,
        "stdev": 10.6906461716,
        "var": 114.289924622
    },
    "erbbands_skewness": {
        "dmean": 0.511395871639,
        "dmean2": 0.79477250576,
        "dvar": 0.38169875741,
        "dvar2": 0.947652995586,
        "max": 8.97413921356,
        "mean": 1.50151574612,
        "median": 1.36218857765,
        "min": -1.72736406326,
        "stdev": 1.29737591743,
        "var": 1.6831843853
    },
    "erbbands_spread": {
        "dmean": 7.33599710464,
        "dmean2": 11.0961914062,
        "dvar": 83.9027633667,
        "dvar2": 192.807220459,
        "max": 95.2917633057,
        "mean": 28.8873653412,
        "median": 22.9717102051,
        "min": 1.48737061024,
        "stdev": 19.9294929504,
        "var": 397.184692383
    },
    "hfc": {
        "dmean": 2.42135572433,
        "dmean2": 3.15967130661,
        "dvar": 16.5099983215,
        "dvar2": 24.2477016449,
        "max": 64.4917068481,
        "mean": 10.3294553757,
        "median": 4.63589715958,
        "min": 1.10699516735e-16,
        "stdev": 13.3405179977,
        "var": 177.969421387
    },
    "loudness_ebu128": {
        "integrated": -11.5087299347,
        "loudness_range": 3.75535964966,
        "momentary": {
            "dmean": 1.68911957741,
            "dmean2": 1.54969775677,
            "dvar": 3.44294571877,
            "dvar2": 4.16524219513,
            "max": -5.41518735886,
            "mean": -13.5079278946,
            "median": -12.7777833939,
            "min": -36.2225036621,
            "stdev": 4.87776517868,
            "var": 23.7925930023
        },
        "short_term": {
            "dmean": 0.151916995645,
            "dmean2": 0.114745415747,
            "dvar": 0.0215643197298,
            "dvar2": 0.0133069716394,
            "max": -8.76379966736,
            "mean": -11.8898010254,
            "median": -12.1562547684,
            "min": -14.4072227478,
            "stdev": 1.28074347973,
            "var": 1.64030396938
        }
    },
    "melbands_crest": {
        "dmean": 3.1692070961,
        "dmean2": 5.00115442276,
        "dvar": 8.80768966675,
        "dvar2": 20.4061107635,
        "max": 35.2288208008,
        "mean": 16.3685836792,
        "median": 15.3746576309,
        "min": 2.70523166656,
        "stdev": 6.17476892471,
        "var": 38.1277732849
    },
    "melbands_flatness_db": {
        "dmean": 0.0247596707195,
        "dmean2": 0.0370989516377,
        "dvar": 0.000779322523158,
        "dvar2": 0.0017956047086,
        "max": 0.463824391365,
        "mean": 0.264387756586,
        "median": 0.259922802448,
        "min": 0.00874262489378,
        "stdev": 0.0541181527078,
        "var": 0.00292877433822
    },
    "melbands_kurtosis": {
        "dmean": 8.4499206543,
        "dmean2": 13.340801239,
        "dvar": 185.324890137,
        "dvar2": 470.25213623,
        "max": 203.70552063,
        "mean": 18.0536880493,
        "median": 12.4433355331,
        "min": -1.35464453697,
        "stdev": 21.3887329102,
        "var": 457.477874756
    },
    "melbands_skewness": {
        "dmean": 0.753949999809,
        "dmean2": 1.15204167366,
        "dvar": 0.699067831039,
        "dvar2": 1.66993319988,
        "max": 11.2379274368,
        "mean": 2.50459837914,
        "median": 2.40031933784,
        "min": -2.020622015,
        "stdev": 1.86097455025,
        "var": 3.46322607994
    },
    "melbands_spread": {
        "dmean": 3.71501731873,
        "dmean2": 5.85721683502,
        "dvar": 42.3180847168,
        "dvar2": 88.3594207764,
        "max": 148.10093689,
        "mean": 11.771364212,
        "median": 9.45119762421,
        "min": 0.769560754299,
        "stdev": 9.25691509247,
        "var": 85.6904754639
    },
    "pitch_salience": {
        "dmean": 0.0778305903077,
        "dmean2": 0.124654404819,
        "dvar": 0.0053913933225,
        "dvar2": 0.0130735067651,
        "max": 0.878004074097,
        "mean": 0.505452513695,
        "median": 0.519733309746,
        "min": 0.105418294668,
        "stdev": 0.145771101117,
        "var": 0.0212492141873
    },
    "silence_rate_20dB": {
        "dmean": 0,
        "dmean2": 0,
        "dvar": 0,
        "dvar2": 0,
        "max": 1,
        "mean": 1,
        "median": 1,
        "min": 1,
        "stdev": 0,
        "var": 0
    },
    "silence_rate_30dB": {
        "dmean": 0,
        "dmean2": 0,
        "dvar": 0,
        "dvar2": 0,
        "max": 1,
        "mean": 1,
        "median": 1,
        "min": 1,
        "stdev": 0,
        "var": 0
    },
    "silence_rate_60dB": {
        "dmean": 0.0611455105245,
        "dmean2": 0.12161115557,
        "dvar": 0.057406399399,
        "dvar2": 0.113016910851,
        "max": 1,
        "mean": 0.232018560171,
        "median": 0,
        "min": 0,
        "stdev": 0.422121554613,
        "var": 0.178186610341
    },
    "spectral_centroid": {
        "dmean": 154.818695068,
        "dmean2": 234.507476807,
        "dvar": 123946.664062,
        "dvar2": 191101.578125,
        "max": 11366.0458984,
        "mean": 828.16607666,
        "median": 731.319824219,
        "min": 235.290908813,
        "stdev": 495.043792725,
        "var": 245068.34375
    },
    "spectral_complexity": {
        "dmean": 1.70510840416,
        "dmean2": 2.62122392654,
        "dvar": 3.38747644424,
        "dvar2": 6.51104784012,
        "max": 26,
        "mean": 8.83604049683,
        "median": 8,
        "min": 0,
        "stdev": 4.73760414124,
        "var": 22.4448928833
    },
    "spectral_decrease": {
        "dmean": 9.92029569602e-10,
        "dmean2": 1.38933919924e-09,
        "dvar": 2.11727527733e-18,
        "dvar2": 3.86484093912e-18,
        "max": -1.86626132452e-29,
        "mean": -3.90173404696e-09,
        "median": -2.4500543816e-09,
        "min": -2.05391881281e-08,
        "stdev": 4.01674293826e-09,
        "var": 1.61342240223e-17
    },
    "spectral_energy": {
        "dmean": 0.00393375102431,
        "dmean2": 0.00546799460426,
        "dvar": 3.30870352627e-05,
        "dvar2": 5.93346339883e-05,
        "max": 0.0806383043528,
        "mean": 0.0156629551202,
        "median": 0.009825210087,
        "min": 1.0111216701e-20,
        "stdev": 0.0162652935833,
        "var": 0.000264559756033
    },
    "spectral_energyband_high": {
        "dmean": 7.44106437196e-05,
        "dmean2": 0.000103405945993,
        "dvar": 3.11671328745e-08,
        "dvar2": 5.9978482625e-08,
        "max": 0.00198705261573,
        "mean": 0.000139148643939,
        "median": 5.03841401951e-05,
        "min": 7.44714744449e-21,
        "stdev": 0.00024461481371,
        "var": 5.98364096049e-08
    },
    "spectral_energyband_low": {
        "dmean": 0.00161166349426,
        "dmean2": 0.00246113026515,
        "dvar": 1.40302836371e-05,
        "dvar2": 3.19790196954e-05,
        "max": 0.041824452579,
        "mean": 0.00277403509244,
        "median": 0.000674638373312,
        "min": 3.44342896948e-23,
        "stdev": 0.00490734074265,
        "var": 2.40819936153e-05
    },
    "spectral_energyband_middle_high": {
        "dmean": 0.000965187151451,
        "dmean2": 0.00130086159334,
        "dvar": 7.14091356713e-06,
        "dvar2": 1.15117491077e-05,
        "max": 0.0643869265914,
        "mean": 0.00309524917975,
        "median": 0.000554250495043,
        "min": 1.34635731304e-21,
        "stdev": 0.00784012675285,
        "var": 6.14675809629e-05
    },
    "spectral_energyband_middle_low": {
        "dmean": 0.00291917077266,
        "dmean2": 0.00424657855183,
        "dvar": 2.15759118873e-05,
        "dvar2": 3.88802691305e-05,
        "max": 0.074029430747,
        "mean": 0.0104613834992,
        "median": 0.00609312113374,
        "min": 3.80394610244e-22,
        "stdev": 0.0125709129497,
        "var": 0.000158027862199
    },
    "spectral_entropy": {
        "dmean": 0.201239854097,
        "dmean2": 0.291409999132,
        "dvar": 0.0468130595982,
        "dvar2": 0.101957917213,
        "max": 9.79900741577,
        "mean": 6.97223234177,
        "median": 6.97456550598,
        "min": 5.42131090164,
        "stdev": 0.447438329458,
        "var": 0.200201049447
    },
    "spectral_flux": {
        "dmean": 0.0187946483493,
        "dmean2": 0.0284359790385,
        "dvar": 0.00048141865409,
        "dvar2": 0.00103099283297,
        "max": 0.238952666521,
        "mean": 0.0523145236075,
        "median": 0.0413830988109,
        "min": 1.00554543858e-10,
        "stdev": 0.0391336120665,
        "var": 0.00153143960051
    },
    "spectral_kurtosis": {
        "dmean": 2.4026632309,
        "dmean2": 3.97377467155,
        "dvar": 6.6116976738,
        "dvar2": 15.9301309586,
        "max": 51.4348335266,
        "mean": 6.4911775589,
        "median": 5.48130512238,
        "min": -1.22180747986,
        "stdev": 4.84875869751,
        "var": 23.5104618073
    },
    "spectral_rms": {
        "dmean": 0.000502036011312,
        "dmean2": 0.000673237314913,
        "dvar": 4.06756527127e-07,
        "dvar2": 6.55416954487e-07,
        "max": 0.00886969640851,
        "mean": 0.00336430268362,
        "median": 0.00309605733491,
        "min": 3.14079621686e-12,
        "stdev": 0.00199058023281,
        "var": 3.96240966438e-06
    },
    "spectral_rolloff": {
        "dmean": 231.298110962,
        "dmean2": 399.15536499,
        "dvar": 511848.375,
        "dvar2": 951720.125,
        "max": 18841.5527344,
        "mean": 838.112731934,
        "median": 581.396484375,
        "min": 86.1328125,
        "stdev": 865.111877441,
        "var": 748418.5625
    },
    "spectral_skewness": {
        "dmean": 0.287898570299,
        "dmean2": 0.451341986656,
        "dvar": 0.0829624682665,
        "dvar2": 0.179855182767,
        "max": 5.68198251724,
        "mean": 1.89000666142,
        "median": 1.85101044178,
        "min": -0.0166673474014,
        "stdev": 0.656534790993,
        "var": 0.431037932634
    },
    "spectral_spread": {
        "dmean": 514021.6875,
        "dmean2": 738543.625,
        "dvar": 1.43651923558e+12,
        "dvar2": 1.81478332826e+12,
        "max": 42275008,
        "mean": 3928189.25,
        "median": 3734859.25,
        "min": 1404682.5,
        "stdev": 1528128.375,
        "var": 2.3351763927e+12
    },
    "spectral_strongpeak": {
        "dmean": 0.423785507679,
        "dmean2": 0.660610854626,
        "dvar": 0.440446078777,
        "dvar2": 0.968874037266,
        "max": 8.77380752563,
        "mean": 1.24363136292,
        "median": 0.643729448318,
        "min": 4.7039465656e-09,
        "stdev": 1.59083986282,
        "var": 2.53077149391
    },
    "zerocrossingrate": {
        "dmean": 0.00609822478145,
        "dmean2": 0.00773004814982,
        "dvar": 0.0002085663873,
        "dvar2": 0.000241954898229,
        "max": 0.49072265625,
        "mean": 0.0378869250417,
        "median": 0.03515625,
        "min": 0.00341796875,
        "stdev": 0.0197528973222,
        "var": 0.000390176923247
    },
    "barkbands": {
        "dmean": [2.07309858524e-06, 0.000564612564631, 0.000956067524385, 0.000467345118523, 0.000550321361516, 0.00103276805021, 0.000801321701147, 0.000364641076885, 0.00105893763248, 0.000556325423531, 0.000165628967807, 0.000146362901432, 0.000184297983651, 7.87324170233e-05, 3.79410121241e-05, 0.000118516763905, 5.48988027731e-05, 0.000120741329738, 4.62871830678e-05, 1.48414956129e-05, 2.26386237046e-05, 2.61111799773e-05, 1.99669684662e-05, 6.52407243251e-06, 2.26927090807e-06, 2.08460255635e-06, 6.75051921917e-07],
        "dmean2": [3.20321987601e-06, 0.000924600462895, 0.00145187752787, 0.000714571331628, 0.000883124186657, 0.00152026151773, 0.00118983536959, 0.000558558152989, 0.00138908717781, 0.000763667514548, 0.000248227152042, 0.00021948190988, 0.000288251583697, 0.000115595845273, 6.14968375885e-05, 0.000171890642378, 8.12471698737e-05, 0.000159244867973, 6.42258455628e-05, 2.19710327656e-05, 3.29164322466e-05, 3.79568773496e-05, 2.9773946153e-05, 9.96649851004e-06, 3.27878137796e-06, 3.28870669364e-06, 1.13029329896e-06],
        "dvar": [8.5004059347e-11, 1.80523613835e-06, 7.28853910914e-06, 1.88719366179e-06, 1.58084560553e-06, 4.0129439185e-06, 4.44577608505e-06, 1.37480606099e-06, 1.32780041895e-05, 7.43745431464e-06, 2.36195489833e-07, 7.82435733981e-07, 7.72638202307e-07, 1.44767184906e-07, 1.52991681546e-08, 2.19244697064e-07, 2.02121430704e-08, 1.02558516346e-07, 2.50459244455e-08, 2.68153366179e-09, 3.62495966577e-09, 4.43067449396e-09, 1.91713089848e-09, 3.19366200152e-10, 2.21471486983e-11, 2.446092634e-11, 4.87807363947e-12],
        "dvar2": [1.35719838146e-10, 4.76335571875e-06, 1.72240252141e-05, 4.39022869614e-06, 4.11495329899e-06, 7.91534421296e-06, 9.69406573859e-06, 3.48191724697e-06, 1.84790897038e-05, 1.17192830658e-05, 3.65756704923e-07, 1.63298307143e-06, 1.52961217736e-06, 2.68657913693e-07, 4.21409325213e-08, 4.36491802702e-07, 4.07540348135e-08, 1.5282756749e-07, 3.38906112063e-08, 4.491461425e-09, 7.21085591238e-09, 9.06014641089e-09, 3.96692056981e-09, 7.74548314375e-10, 4.69728630992e-11, 6.06163452765e-11, 1.3009982848e-11],
        "max": [0.000196882407181, 0.0136050712317, 0.0291141346097, 0.0210848134011, 0.0151549577713, 0.0340747535229, 0.0555336028337, 0.0232833623886, 0.0684921368957, 0.0636794790626, 0.0116761764511, 0.0218537282199, 0.0206906422973, 0.0093316026032, 0.00217124447227, 0.00969201233238, 0.00307561107911, 0.0088738752529, 0.00550492061302, 0.00141266407445, 0.000746038800571, 0.000836571794935, 0.000913072901312, 0.000227421245654, 5.24810311617e-05, 6.61445956212e-05, 3.75341442123e-05],
        "mean": [2.44471993938e-06, 0.00104921928141, 0.00134451349732, 0.000599058053922, 0.000824318674859, 0.00268824445084, 0.00208401028067, 0.000680554192513, 0.00267206598073, 0.00180730537977, 0.000282664521364, 0.000177210749825, 0.000337589095579, 0.000137624636409, 5.70908596274e-05, 0.000174513013917, 0.000163622113178, 0.000324706168612, 0.000102826335933, 2.35076386161e-05, 3.65788291674e-05, 4.42113851022e-05, 3.38102145179e-05, 7.85057363828e-06, 3.77291189579e-06, 3.02288867715e-06, 6.34856917259e-07],
        "median": [1.65557153764e-07, 0.000229548633797, 0.000180913149961, 8.8872096967e-05, 0.000405540602515, 0.000851934601087, 0.000348780245986, 0.00015196534514, 0.00011096772505, 5.01491704199e-05, 6.39389181742e-05, 1.85258923011e-05, 2.69977099379e-05, 1.69113845914e-05, 2.57981737377e-05, 1.12529196485e-05, 2.39784549194e-05, 2.87170078082e-05, 1.47964065036e-05, 5.67370534554e-06, 1.31487777253e-05, 1.31987972054e-05, 1.15223001558e-05, 2.10215262086e-06, 1.23063637147e-06, 6.45246416298e-07, 7.47892272557e-08],
        "min": [4.05915162985e-24, 1.26706302171e-23, 1.06462449097e-24, 6.12140411451e-23, 9.44938486823e-23, 8.09727916995e-23, 1.64561417762e-23, 3.2865990039e-23, 5.36157013516e-23, 1.01298777421e-22, 4.36030243586e-23, 6.13049999629e-23, 8.3315260515e-23, 9.18787306053e-23, 1.41943213664e-22, 1.53888675606e-22, 1.1579114937e-22, 2.38738289514e-22, 1.19422762055e-22, 4.2834112168e-22, 3.12740283426e-22, 6.73099947136e-22, 5.08887480418e-22, 1.21006587756e-21, 9.77537652549e-22, 1.62452809601e-21, 2.12759194017e-21],
        "stdev": [1.26076974993e-05, 0.00188499921933, 0.00333055667579, 0.00157397822477, 0.00134896009695, 0.00498034991324, 0.00520606664941, 0.00160339695867, 0.00877164676785, 0.008534707129, 0.000872166070621, 0.00110482284799, 0.00148859363981, 0.000653667433653, 0.00012462734594, 0.000698540708981, 0.0003985214571, 0.000851255026646, 0.000379128352506, 7.26569196559e-05, 7.65307850088e-05, 9.26113498281e-05, 6.46510961815e-05, 1.84170003195e-05, 6.37117909719e-06, 5.83970222579e-06, 1.98689372155e-06],
        "var": [1.58954044371e-10, 3.55322208634e-06, 1.10926084744e-05, 2.47740763371e-06, 1.81969335245e-06, 2.48038868449e-05, 2.71031312877e-05, 2.57088186117e-06, 7.69417820266e-05, 7.28412269382e-05, 7.60673628974e-07, 1.22063352137e-06, 2.21591085392e-06, 4.27281150905e-07, 1.55319757056e-08, 4.87959141537e-07, 1.58819347007e-07, 7.24635071947e-07, 1.43738304814e-07, 5.2790278815e-09, 5.85696069422e-09, 8.57686277556e-09, 4.17976453448e-09, 3.39185873832e-10, 4.05919256541e-11, 3.41021239025e-11, 3.94774707715e-12]
    },
    "erbbands": {
        "dmean": [0.00736882537603, 0.160673260689, 0.815489470959, 1.67662739754, 1.38369548321, 2.07829785347, 4.16373729706, 10.8226518631, 8.77659225464, 12.6738882065, 6.93303537369, 27.6474189758, 22.3732643127, 8.70158958435, 6.361328125, 5.70044898987, 8.60192966461, 4.28201532364, 2.95405030251, 3.09878802299, 5.54900074005, 2.96334695816, 7.65112400055, 2.99315500259, 1.79547822475, 0.637489259243, 0.730739951134, 0.976229071617, 0.922885119915, 0.996361911297, 0.434900701046, 0.201802581549, 0.0654336288571, 0.0291537344456, 0.016257610172, 0.00786024518311, 0.00422885036096, 0.0015111467801, 6.63300015731e-05, 5.12987207912e-06],
        "dmean2": [0.0117426756769, 0.25926437974, 1.22591102123, 2.61412262917, 2.25856733322, 3.301258564, 6.16003465652, 15.3813295364, 12.3557958603, 19.3692760468, 10.2028312683, 36.9580802917, 30.5962371826, 11.0804605484, 9.36679840088, 8.69031429291, 13.1883745193, 6.26109457016, 4.28597974777, 4.48789596558, 8.30417537689, 3.82839512825, 10.2622661591, 3.97142863274, 2.53239154816, 0.910094976425, 1.03347241879, 1.4615623951, 1.31326639652, 1.4476300478, 0.649628400803, 0.306498736143, 0.098119571805, 0.0433013550937, 0.0236694924533, 0.0121696433052, 0.00673027476296, 0.00247462885454, 0.000109466178401, 7.10832136974e-06],
        "dvar": [0.000340009602951, 0.132777735591, 4.27088022232, 24.0391979218, 18.4537258148, 19.4085769653, 68.8342437744, 460.731994629, 449.641296387, 1224.84631348, 549.439697266, 9950.13964844, 9259.39746094, 1329.4666748, 295.501251221, 1192.65991211, 1610.28869629, 349.933349609, 128.734222412, 252.740997314, 502.065795898, 49.026184082, 558.409179688, 53.4473876953, 43.9437217712, 2.81792664528, 4.11443662643, 7.25263547897, 6.90117883682, 4.16754436493, 1.04862475395, 0.260409802198, 0.0292652938515, 0.00414793938398, 0.00119421840645, 0.000246338633588, 0.000122751443996, 2.09978934436e-05, 4.98943322214e-08, 6.74661854161e-11],
        "dvar2": [0.000866662245244, 0.345901966095, 9.26936626434, 59.1545028687, 46.4824371338, 50.4246788025, 149.93309021, 808.191101074, 670.201660156, 3298.85913086, 1153.47460938, 14324.2138672, 14485.2412109, 2000.48193359, 606.510864258, 2798.24633789, 3216.74487305, 635.203552246, 231.314971924, 505.360229492, 1116.15429688, 80.3348236084, 874.065185547, 87.9865570068, 71.2818145752, 5.34206962585, 8.30583667755, 14.9776306152, 14.8983078003, 8.65914821625, 2.25029039383, 0.620641171932, 0.0698696449399, 0.00920944195241, 0.00254136440344, 0.000563899695408, 0.000314644828904, 5.56017766939e-05, 1.31233619527e-07, 1.32737806857e-10],
        "max": [0.281962096691, 3.72019076347, 23.1755523682, 69.7040176392, 52.4103775024, 62.8390007019, 167.701599121, 362.947662354, 696.984802246, 886.970336914, 503.465209961, 2022.29125977, 2580.05224609, 946.83392334, 502.921691895, 820.244689941, 944.479614258, 485.189849854, 305.859619141, 409.883789062, 515.63079834, 120.433860779, 631.273193359, 218.030944824, 232.819076538, 34.9086723328, 27.9353065491, 35.1717948914, 36.1989135742, 31.620223999, 18.1351051331, 6.17393112183, 2.30914378166, 0.764535009861, 0.512149631977, 0.220843076706, 0.150915876031, 0.0714826583862, 0.00401991559193, 0.000152249951498],
        "mean": [0.0137888751924, 0.302090138197, 1.32630598545, 2.10771489143, 1.74606537819, 3.14003658295, 9.64476490021, 27.9015102386, 24.2449207306, 31.5733795166, 14.316655159, 73.6840820312, 70.7312545776, 22.9882926941, 11.2221479416, 7.84763288498, 16.2909355164, 8.2467212677, 5.19992113113, 6.14753103256, 9.6676568985, 9.24282836914, 17.409412384, 8.74413299561, 4.16683673859, 1.14187705517, 1.15322029591, 1.5822031498, 1.49445211887, 1.68874788284, 0.767044126987, 0.270808339119, 0.0826776400208, 0.0442668311298, 0.0265393983573, 0.0129803419113, 0.00550652015954, 0.00164155103266, 7.32013140805e-05, 1.94695039681e-05],
        "median": [0.00237544206902, 0.0762965530157, 0.28356719017, 0.316993743181, 0.52324026823, 1.60343027115, 3.8325343132, 8.4749956131, 7.47208118439, 6.56282329559, 3.81129813194, 3.35506248474, 2.29159259796, 1.78823554516, 2.91855883598, 1.12868070602, 1.24849963188, 1.2183791399, 1.81818854809, 0.885659039021, 0.742410123348, 1.49459683895, 1.56380927563, 1.12657499313, 0.55478143692, 0.289379894733, 0.392269194126, 0.573849320412, 0.450610250235, 0.547209441662, 0.214053243399, 0.0712630599737, 0.0240753125399, 0.0151022849604, 0.00802450906485, 0.00289251981303, 0.00111843994819, 0.000265891692834, 1.61767002282e-05, 1.19766600619e-05],
        "min": [6.6339254038e-22, 1.73093541044e-21, 2.94435847806e-21, 9.09303426885e-20, 3.23575529742e-19, 3.24686769346e-19, 3.13706360305e-19, 7.65422997827e-19, 2.72198101125e-19, 4.48287017456e-19, 5.65010990681e-19, 1.23540654916e-18, 3.26669092175e-18, 2.39454518469e-18, 1.71118574145e-18, 2.26244216611e-18, 3.42722765349e-18, 5.02428925038e-18, 5.23488074894e-18, 9.81006510704e-18, 6.8090538447e-18, 6.41914778731e-18, 1.1360389345e-17, 9.18790451803e-18, 9.15731372462e-18, 1.98160545596e-17, 1.29057579438e-17, 1.45189867858e-17, 2.47648462083e-17, 2.00001154808e-17, 1.54895029093e-17, 2.1739140296e-17, 2.15576585239e-17, 1.1347538267e-17, 6.30695149056e-18, 5.08770794718e-18, 2.82043235795e-18, 1.35023265987e-18, 2.99046651899e-19, 3.18024417586e-20],
        "stdev": [0.0319254361093, 0.506349444389, 2.82033348083, 5.42735481262, 4.44309425354, 4.86221265793, 16.7428188324, 53.4166755676, 55.6022834778, 78.4676208496, 33.100933075, 246.535629272, 306.616485596, 96.3368301392, 27.9629096985, 39.0175743103, 68.0539627075, 31.7729415894, 18.39793396, 21.3921699524, 33.2786254883, 20.9632930756, 52.6246643066, 21.8160018921, 15.4574337006, 2.67645072937, 2.57036161423, 3.33813691139, 3.32384800911, 3.04769897461, 1.55311954021, 0.570890069008, 0.179943799973, 0.0775281190872, 0.0493959970772, 0.0228902194649, 0.0120899351314, 0.00431385450065, 0.000205167831155, 2.0324741854e-05],
        "var": [0.00101923348848, 0.256389737129, 7.95428037643, 29.4561824799, 19.7410869598, 23.6411113739, 280.321960449, 2853.34130859, 3091.61401367, 6157.16699219, 1095.67175293, 60779.8164062, 94013.6640625, 9280.78417969, 781.924316406, 1522.37109375, 4631.34228516, 1009.51983643, 338.483978271, 457.624908447, 1107.46679688, 439.459686279, 2769.35522461, 475.937927246, 238.932250977, 7.1633887291, 6.60675859451, 11.143157959, 11.0479660034, 9.28846931458, 2.41218018532, 0.325915455818, 0.0323797687888, 0.00601060921326, 0.00243996456265, 0.000523962138686, 0.000146166523336, 1.8609340259e-05, 4.20938377488e-08, 4.13095141427e-10]
    },
    "gfcc": {
        "mean": [-99.1878051758, 107.768089294, -116.061180115, 18.0033302307, -74.4048156738, -7.74601316452, -37.0222969055, 0.249941602349, -11.3017063141, 0.514425039291, -13.2016963959, 9.1762304306, -16.7108345032],
        "cov": [[10772.2626953, -436.207580566, -704.73059082, 542.597351074, 260.142089844, 336.503112793, -54.1595230103, 137.640213013, -154.491607666, -377.182891846, -187.430038452, 135.726806641, -170.491638184], [-436.207580566, 1563.99841309, 522.04296875, -21.4230518341, 240.518478394, 331.798370361, 433.257843018, -18.9234771729, 71.2915802002, -46.5649414062, 13.2227935791, -291.720184326, -41.5402793884], [-704.73059082, 522.04296875, 1024.67382812, 420.943695068, 145.566238403, 246.891586304, 50.4567527771, -92.3708572388, 64.0477676392, 89.8547973633, -93.3548049927, -72.4122238159, 41.5828399658], [542.597351074, -21.4230518341, 420.943695068, 662.666259766, 127.587013245, -35.2808990479, -203.572052002, -105.360244751, 98.0041427612, 40.1990280151, -53.0260810852, 112.700958252, 104.229415894], [260.142089844, 240.518478394, 145.566238403, 127.587013245, 290.129486084, 59.771446228, 32.9825439453, 55.3948898315, 50.50831604, -15.0903139114, -17.1940326691, 16.1438426971, 27.8435897827], [336.503112793, 331.798370361, 246.891586304, -35.2808990479, 59.771446228, 396.52166748, 289.834197998, 6.96880578995, -41.5086936951, 0.823430418968, -67.2879104614, -153.393005371, -27.8992938995], [-54.1595230103, 433.257843018, 50.4567527771, -203.572052002, 32.9825439453, 289.834197998, 481.010101318, 128.964004517, -24.4471511841, 10.2678031921, -1.08232522011, -182.170837402, -81.8359527588], [137.640213013, -18.9234771729, -92.3708572388, -105.360244751, 55.3948898315, 6.96880578995, 128.964004517, 221.523391724, 57.8160972595, 7.58045291901, 42.6776390076, -7.76158809662, -48.6760139465], [-154.491607666, 71.2915802002, 64.0477676392, 98.0041427612, 50.50831604, -41.5086936951, -24.4471511841, 57.8160972595, 154.196487427, 50.2112083435, 35.6416091919, 31.7187404633, 33.1813697815], [-377.182891846, -46.5649414062, 89.8547973633, 40.1990280151, -15.0903139114, 0.823430418968, 10.2678031921, 7.58045291901, 50.2112083435, 132.055953979, 41.8601150513, 10.9961185455, 19.698223114], [-187.430038452, 13.2227935791, -93.3548049927, -53.0260810852, -17.1940326691, -67.2879104614, -1.08232522011, 42.6776390076, 35.6416091919, 41.8601150513, 140.150650024, 56.9533348083, -13.9819669724], [135.726806641, -291.720184326, -72.4122238159, 112.700958252, 16.1438426971, -153.393005371, -182.170837402, -7.76158809662, 31.7187404633, 10.9961185455, 56.9533348083, 243.699127197, 70.6830978394], [-170.491638184, -41.5402793884, 41.5828399658, 104.229415894, 27.8435897827, -27.8992938995, -81.8359527588, -48.6760139465, 33.1813697815, 19.698223114, -13.9819669724, 70.6830978394, 152.351333618]],
        "icov": [[0.000190453181858, -0.000130757252919, 0.000452132167993, -0.00049292849144, 5.20585708728e-05, -0.000646299740765, 0.000359468511306, -0.000424537662184, 0.000273383688182, 0.000126973027363, 0.000251030462096, -0.000269289506832, 0.000392902788008], [-0.000130757252919, 0.00264871260151, -0.00167149084155, 0.00101281690877, -0.00190041377209, 0.00136775197461, -0.00275994720869, 0.00320500601083, -0.00257934466936, 0.00305375340395, -0.00305166142061, 0.00243729748763, -0.000765456818044], [0.000452132167993, -0.00167149084155, 0.00377646414563, -0.00259751081467, 0.000684296886902, -0.00318399164826, 0.0023395663593, -0.00203608674929, 0.00155082414858, -0.00258182245307, 0.00261812633835, -0.00145814870484, 0.0016074096784], [-0.00049292849144, 0.00101281690877, -0.00259751081467, 0.00470794131979, -0.00142144190613, 0.00206893356517, -0.000975262315478, 0.00295728957281, -0.00293037085794, 0.000405629980378, -0.000326982320985, 9.1165122285e-05, -0.00121427455451], [5.20585708728e-05, -0.00190041377209, 0.000684296886902, -0.00142144190613, 0.00618848856539, -0.00160194991622, 0.0018822903512, -0.00400825310498, 0.00111617066432, -0.000614830176346, 0.00210100808181, -0.00208251620643, -0.000372736918507], [-0.000646299740765, 0.00136775197461, -0.00318399164826, 0.00206893356517, -0.00160194991622, 0.00939242914319, -0.00615064939484, 0.00375288981013, -0.000796599430032, 0.000732841494028, -0.000404459133279, 0.00239649461582, -0.00205898308195], [0.000359468511306, -0.00275994720869, 0.0023395663593, -0.000975262315478, 0.0018822903512, -0.00615064939484, 0.00962777622044, -0.00672576855868, 0.00359195540659, -0.00342253595591, 0.00175334513187, -0.000461149698822, 0.00126583280507], [-0.000424537662184, 0.00320500601083, -0.00203608674929, 0.00295728957281, -0.00400825310498, 0.00375288981013, -0.00672576855868, 0.0132163809612, -0.0074758711271, 0.00331333978102, -0.00340851815417, 0.00139291596133, 0.00120172195602], [0.000273383688182, -0.00257934466936, 0.00155082414858, -0.00293037085794, 0.00111617066432, -0.000796599430032, 0.00359195540659, -0.0074758711271, 0.0140030048788, -0.00529799936339, 0.000827226554975, -0.000894397555385, -0.00149873213377], [0.000126973027363, 0.00305375340395, -0.00258182245307, 0.000405629980378, -0.000614830176346, 0.000732841494028, -0.00342253595591, 0.00331333978102, -0.00529799936339, 0.0148814953864, -0.00688084075227, 0.00284239649773, -0.00185177347157], [0.000251030462096, -0.00305166142061, 0.00261812633835, -0.000326982320985, 0.00210100808181, -0.000404459133279, 0.00175334513187, -0.00340851815417, 0.000827226554975, -0.00688084075227, 0.0152944950387, -0.00642680190504, 0.00344755011611], [-0.000269289506832, 0.00243729748763, -0.00145814870484, 9.1165122285e-05, -0.00208251620643, 0.00239649461582, -0.000461149698822, 0.00139291596133, -0.000894397555385, 0.00284239649773, -0.00642680190504, 0.010694347322, -0.00400854554027], [0.000392902788008, -0.000765456818044, 0.0016074096784, -0.00121427455451, -0.000372736918507, -0.00205898308195, 0.00126583280507, 0.00120172195602, -0.00149873213377, -0.00185177347157, 0.00344755011611, -0.00400854554027, 0.0106837153435]]
    },
    "melbands": {
        "dmean": [0.000115166752948, 0.000347671797499, 0.000253697158769, 0.000113980888273, 0.00013384099293, 0.000222243717872, 0.000145522397361, 0.000125270540593, 6.89414955559e-05, 0.000184490476386, 0.000109548389446, 3.95773531636e-05, 2.11235364986e-05, 1.67822763615e-05, 1.60680356203e-05, 2.04808093258e-05, 7.29412477085e-06, 6.14848931946e-06, 2.58294630839e-06, 7.04679951014e-06, 6.77798061588e-06, 3.55506631422e-06, 6.01433066549e-06, 5.65452273804e-06, 2.53943267126e-06, 1.49983600295e-06, 8.74663271588e-07, 3.63869872899e-07, 4.13626423779e-07, 5.88227294429e-07, 5.88190175677e-07, 5.31053046871e-07, 5.7838030898e-07, 5.69526605432e-07, 2.89581606694e-07, 1.55458138806e-07, 1.16852248766e-07, 4.62160443249e-08, 3.54049127793e-08, 2.13083790612e-08],
        "dmean2": [0.000187179321074, 0.000528323987965, 0.000387479172787, 0.000186823483091, 0.000197451561689, 0.000319778220728, 0.000205540389288, 0.000194226697204, 0.000100689016108, 0.000240194582148, 0.000152149790665, 5.1061182603e-05, 3.22859123116e-05, 2.34036833717e-05, 2.532124563e-05, 3.2197109249e-05, 1.07517316792e-05, 9.06635614228e-06, 4.14883970734e-06, 9.58228974923e-06, 1.04832479337e-05, 4.77104322272e-06, 8.15415296529e-06, 7.76516390033e-06, 3.47716036231e-06, 2.12681607081e-06, 1.29289094275e-06, 5.42873408449e-07, 5.99783049893e-07, 8.73561077697e-07, 9.01555665678e-07, 7.61167655128e-07, 8.43550765239e-07, 8.47144121963e-07, 4.35383867625e-07, 2.38768990357e-07, 1.79752589702e-07, 7.06835692199e-08, 5.45643210614e-08, 3.16524051414e-08],
        "dvar": [7.79905846571e-08, 6.42312670607e-07, 5.14912812832e-07, 8.97505145758e-08, 5.52357697359e-08, 1.85211106896e-07, 1.19410472621e-07, 1.0711572429e-07, 5.4192913268e-08, 4.23914229941e-07, 2.33108195857e-07, 3.34936203217e-08, 2.93119861716e-09, 8.42452241301e-09, 7.6866948362e-09, 1.29739534671e-08, 1.38350497725e-09, 7.34037108874e-10, 1.41839803791e-10, 1.05282349505e-09, 8.29068147468e-10, 7.67757663001e-11, 2.77462580689e-10, 3.01634578426e-10, 4.45923679926e-11, 1.86668389079e-11, 1.03164725027e-11, 1.0176750935e-12, 1.44270164391e-12, 2.38408598419e-12, 2.80764344066e-12, 2.70217875853e-12, 1.98095099352e-12, 1.34880637475e-12, 5.48016113825e-13, 1.33657299638e-13, 1.19364072662e-13, 1.5116980069e-14, 7.95621096675e-15, 2.05411948335e-15],
        "dvar2": [2.06204219921e-07, 1.40842985275e-06, 1.21254424812e-06, 2.41100764242e-07, 1.20541031379e-07, 3.36751583063e-07, 1.97612280317e-07, 2.8229018767e-07, 9.56442960387e-08, 5.86306043715e-07, 3.61764392665e-07, 5.27525259031e-08, 5.8431779415e-09, 1.22770131838e-08, 2.01860821392e-08, 2.52596059624e-08, 2.48126585944e-09, 1.3912824226e-09, 3.75864617208e-10, 1.64281532822e-09, 2.03051331304e-09, 1.3050505121e-10, 4.27350377308e-10, 5.27577259657e-10, 7.58615670282e-11, 3.2188432475e-11, 1.61740915799e-11, 2.17533131265e-12, 3.0308936784e-12, 5.04571124466e-12, 5.95787134905e-12, 6.24084985079e-12, 4.07927728055e-12, 2.82060637867e-12, 1.18687102247e-12, 3.08727598607e-13, 2.99223861834e-13, 3.66820492709e-14, 1.87877481178e-14, 4.49049561844e-15],
        "max": [0.00289404462092, 0.00846076663584, 0.0110435886309, 0.00351713085547, 0.00463450094685, 0.00717017427087, 0.0112896701321, 0.00771313952282, 0.00486256601289, 0.0128339827061, 0.0125737814233, 0.00491093564779, 0.00125030823983, 0.00320642162114, 0.00171360292006, 0.00287128891796, 0.00104491703678, 0.000656067277305, 0.000289918534691, 0.000669942819513, 0.000479860755149, 0.000152164866449, 0.00040567322867, 0.000502482405864, 0.000191318831639, 0.000144371821079, 9.17227735044e-05, 1.28156843857e-05, 1.99403475563e-05, 1.79248236236e-05, 2.24894338317e-05, 2.37851400016e-05, 2.20727961278e-05, 2.25608073379e-05, 1.57338381541e-05, 6.96570987202e-06, 4.74945909446e-06, 1.71712395058e-06, 1.08843880753e-06, 4.90810009524e-07],
        "mean": [0.000213290913962, 0.000608144211583, 0.000348790810676, 0.00015786550648, 0.000319902814226, 0.00058333465131, 0.000390265573515, 0.000307385373162, 0.000123756879475, 0.000476075627375, 0.000340042141033, 9.99779149424e-05, 3.67332868336e-05, 2.33694408962e-05, 2.09431855183e-05, 3.83113620046e-05, 1.25954456962e-05, 9.66019979387e-06, 3.95066899728e-06, 1.29113232106e-05, 1.14832291729e-05, 1.00460756585e-05, 1.42081380545e-05, 1.27100583995e-05, 6.71276939102e-06, 3.33472553393e-06, 1.7127144929e-06, 5.40865698895e-07, 6.08136758729e-07, 9.04336388885e-07, 9.19743229133e-07, 7.78750063546e-07, 9.74198314907e-07, 9.22103822631e-07, 4.85434668462e-07, 2.35242396229e-07, 1.34810363761e-07, 5.53185834917e-08, 4.5896545231e-08, 3.29957607903e-08],
        "median": [4.37283633801e-05, 0.000155094341608, 6.75042683724e-05, 7.17291986803e-05, 0.000141485405038, 0.000183508978807, 9.18553050724e-05, 5.89313131059e-05, 2.55845661741e-05, 1.88538961083e-05, 9.84895086731e-06, 5.39823622603e-06, 9.02245028556e-06, 3.90586365029e-06, 2.47714660873e-06, 2.3716065698e-06, 1.62020694461e-06, 2.84214684143e-06, 1.16788032756e-06, 9.48907711518e-07, 7.75171997702e-07, 1.42645751566e-06, 1.41338409776e-06, 1.36212179314e-06, 7.93358537976e-07, 5.07110883063e-07, 2.16674266085e-07, 1.33079353759e-07, 1.90524389154e-07, 2.8298367738e-07, 3.41342655474e-07, 2.18601769575e-07, 2.71038459232e-07, 3.21760381894e-07, 1.21445665968e-07, 5.59168640279e-08, 3.29289875367e-08, 1.4653052105e-08, 1.32439996747e-08, 1.10592788261e-08],
        "min": [4.76606053664e-24, 2.14971735864e-24, 2.37001078961e-23, 2.73823433632e-23, 1.02549401212e-23, 1.62816141895e-23, 3.83108957557e-24, 6.37308813528e-24, 4.32990446974e-24, 8.40226557545e-24, 1.64225157912e-23, 1.0130199124e-23, 5.8308389541e-24, 7.36982966625e-24, 3.82238962308e-24, 1.04307156859e-23, 9.16012266938e-24, 7.32441099963e-24, 1.19542530073e-23, 1.44025648682e-23, 6.65064884479e-24, 5.69797939487e-24, 9.14535282665e-24, 1.15483675055e-23, 6.73362202366e-24, 5.26162414059e-24, 1.00068315336e-23, 1.38133962125e-23, 8.82397641589e-24, 7.84198658385e-24, 7.55548729143e-24, 1.49023129848e-23, 1.15831349722e-23, 1.02293478958e-23, 8.29752535762e-24, 1.0868455391e-23, 1.4452627559e-23, 1.63914188943e-23, 1.24952254171e-23, 8.26156513326e-24],
        "stdev": [0.000416075607063, 0.00109554629307, 0.000836254679598, 0.000296540383715, 0.000505172065459, 0.0010912042344, 0.000909865193535, 0.000727418460883, 0.000353659706889, 0.00160303770099, 0.00155020924285, 0.000476083747344, 9.37802542467e-05, 0.000139296244015, 8.73142344062e-05, 0.000193792628124, 6.22086445219e-05, 4.13557208958e-05, 1.17283680083e-05, 5.36370098416e-05, 3.85199382436e-05, 2.42421301664e-05, 3.85804123653e-05, 3.6561556044e-05, 1.7614047465e-05, 1.03231031972e-05, 7.08036805008e-06, 1.25645362914e-06, 1.4681745597e-06, 1.94058543457e-06, 1.99009218704e-06, 1.89920388038e-06, 2.10415259971e-06, 1.67782093285e-06, 1.08974097657e-06, 5.17234241215e-07, 3.43226872701e-07, 1.26534487777e-07, 9.54409529186e-08, 5.68001219392e-08],
        "var": [1.73118920088e-07, 1.20022173178e-06, 6.9932190172e-07, 8.79362005435e-08, 2.55198841614e-07, 1.19072672078e-06, 8.27854648833e-07, 5.29137594185e-07, 1.25075189317e-07, 2.56972975876e-06, 2.40314852817e-06, 2.26655728852e-07, 8.79473560644e-09, 1.94034424084e-08, 7.62377538877e-09, 3.75555835319e-08, 3.86991549917e-09, 1.71029568286e-09, 1.37554606594e-10, 2.87692869527e-09, 1.48378576093e-09, 5.8768084843e-10, 1.48844825354e-09, 1.33674749048e-09, 3.10254683056e-10, 1.06566463987e-10, 5.01316141377e-11, 1.57867566675e-12, 2.15553659991e-12, 3.76587216272e-12, 3.96046693704e-12, 3.60697539545e-12, 4.42745796622e-12, 2.81508323596e-12, 1.18753531314e-12, 2.67531249975e-13, 1.17804691783e-13, 1.6010975911e-14, 9.10897537411e-15, 3.22625405192e-15]
    },
    "melbands128": {
