{
"lowlevel": {
    "average_loudness": 0.770653545856,
    "barkbands_crest": {
        "dmean": 2.15040302277,
        "dmean2": 3.36141586304,
        "dvar": 5.57837915421,
        "dvar2": 13.7459163666,
        "max": 25.4679450989,
        "mean": 14.2714099884,
        "median": 13.3660411835,
        "min": 4.07604074478,
        "stdev": 4.43776702881,
        "var": 19.6937770844
    },
    "barkbands_flatness_db": {
        "dmean": 0.0234127510339,
        "dmean2": 0.0372720398009,
        "dvar": 0.000510074431077,
        "dvar2": 0.00115942303091,
        "max": 0.465214550495,
        "mean": 0.289894670248,
        "median": 0.267288386822,
        "min": 0.0658128559589,
        "stdev": 0.0912269055843,
        "var": 0.00832234881818
    },
    "barkbands_kurtosis": {
        "dmean": 4.35212802887,
        "dmean2": 6.59653663635,
        "dvar": 59.5970878601,
        "dvar2": 120.000724792,
        "max": 127.705734253,
        "mean": 10.1320838928,
        "median": 5.33393764496,
        "min": -1.94635403156,
        "stdev": 13.343744278,
        "var": 178.055511475
    },
    "barkbands_skewness": {
        "dmean": 0.533787429333,
        "dmean2": 0.789311766624,
        "dvar": 0.460912048817,
        "dvar2": 0.906331717968,
        "max": 9.32171916962,
        "mean": 2.11280894279,
        "median": 1.92091035843,
        "min": -3.74425411224,
        "stdev": 1.65356051922,
        "var": 2.73426246643
    },
    "barkbands_spread": {
        "dmean": 2.45443272591,
        "dmean2": 3.86644244194,
        "dvar": 50.7426528931,
        "dvar2": 116.286842346,
        "max": 91.0916137695,
        "mean": 7.6375041008,
        "median": 5.4265627861,
        "min": 0.665058076382,
        "stdev": 8.87364768982,
        "var": 78.7416152954
    },
    "dissonance": {
        "dmean": 0.0327470749617,
        "dmean2": 0.0556543543935,
        "dvar": 0.00106751581188,
        "dvar2": 0.00281501072459,
        "max": 0.499979108572,
        "mean": 0.400613158941,
        "median": 0.401971429586,
        "min": 0.183307647705,
        "stdev": 0.0519707910717,
        "var": 0.00270096305758
    },
    "dynamic_complexity": 5.40847969055,
    "erbbands_crest": {
        "dmean": 2.37557578087,
        "dmean2": 3.73046469688,
        "dvar": 7.3425579071,
        "dvar2": 18.0560951233,
        "max": 29.0078372955,
        "mean": 12.8404331207,
        "median": 12.1995754242,
        "min": 2.78250169754,
        "stdev": 4.9690117836,
        "var": 24.6910800934
    },
    "erbbands_flatness_db": {
        "dmean": 0.0159684941173,
        "dmean2": 0.0238646771759,
        "dvar": 0.000414591369918,
        "dvar2": 0.000847005809192,
        "max": 0.438453167677,
        "mean": 0.298639088869,
        "median": 0.284181088209,
        "min": 0.0946588888764,
        "stdev": 0.0907743796706,
        "var": 0.00823998823762
    },
    "erbbands_kurtosis": {
        "dmean": 1.5626513958,
        "dmean2": 2.39887666702,
        "dvar": 5.84466409683,
        "dvar2": 13.8747711182,
        "max": 30.2086906433,
        "mean": 2.70662426949,
        "median": 1.06507539749,
        "min": -1.7712790966,
        "stdev": 4.31704998016,
        "var": 18.6369190216
    },
    "erbbands_skewness": {
        "dmean": 0.345945179462,
        "dmean2": 0.523785114288,
        "dvar": 0.196111172438,
        "dvar2": 0.404517382383,
        "max": 4.33443832397,
        "mean": 1.10688769817,
        "median": 1.04386103153,
        "min": -3.38801240921,
        "stdev": 0.875299870968,
        "var": 0.766149878502
    },
    "erbbands_spread": {
        "dmean": 4.35327529907,
        "dmean2": 6.70125579834,
        "dvar": 95.4831466675,
        "dvar2": 223.127975464,
        "max": 140.305435181,
        "mean": 19.3019943237,
        "median": 15.1728487015,
        "min": 3.20860791206,
        "stdev": 14.6893215179,
        "var": 215.776168823
    },
    "hfc": {
        "dmean": 3.88444399834,
        "dmean2": 5.29644632339,
        "dvar": 248.047164917,
        "dvar2": 357.311157227,
        "max": 531.373657227,
        "mean": 13.7498521805,
        "median": 4.31119823456,
        "min": 1.18044761461e-16,
        "stdev": 25.7676563263,
        "var": 663.972106934
    },
    "loudness_ebu128": {
        "integrated": -11.2131605148,
        "loudness_range": 8.94533920288,
        "momentary": {
            "dmean": 0.829900920391,
            "dmean2": 0.90476500988,
            "dvar": 12.8433818817,
            "dvar2": 22.0846614838,
            "max": -7.107817173,
            "mean": -13.9452514648,
            "median": -11.1207780838,
            "min": -90.7545089722,
            "stdev": 9.87027931213,
            "var": 97.422416687
        },
        "short_term": {
            "dmean": 0.0756892710924,
            "dmean2": 0.0494989827275,
            "dvar": 0.00937791354954,
            "dvar2": 0.00366586726159,
            "max": -8.43766880035,
            "mean": -12.619931221,
            "median": -10.0558252335,
            "min": -18.9161815643,
            "stdev": 3.77976155281,
            "var": 14.2865972519
        }
    },
    "melbands_crest": {
        "dmean": 2.69082140923,
        "dmean2": 4.22362518311,
        "dvar": 7.72091150284,
        "dvar2": 18.7094917297,
        "max": 31.5399723053,
        "mean": 16.6010932922,
        "median": 15.5801830292,
        "min": 1.97763597965,
        "stdev": 6.07936763763,
        "var": 36.9587135315
    },
    "melbands_flatness_db": {
        "dmean": 0.0221109725535,
        "dmean2": 0.0340022668242,
        "dvar": 0.000642829283606,
        "dvar2": 0.00123611395247,
        "max": 0.543697416782,
        "mean": 0.353605061769,
        "median": 0.333939433098,
        "min": 0.00495974579826,
        "stdev": 0.109736390412,
        "var": 0.0120420753956
    },
    "melbands_kurtosis": {
        "dmean": 5.29543018341,
        "dmean2": 8.07562637329,
        "dvar": 111.649200439,
        "dvar2": 266.704406738,
        "max": 204.627975464,
        "mean": 12.2810049057,
        "median": 6.52472019196,
        "min": -1.80440688133,
        "stdev": 15.6776990891,
        "var": 245.790237427
    },
    "melbands_skewness": {
        "dmean": 0.541640162468,
        "dmean2": 0.789329826832,
        "dvar": 0.536911606789,
        "dvar2": 1.18559801579,
        "max": 12.0497913361,
        "mean": 2.31046533585,
        "median": 2.04493737221,
        "min": -0.767685234547,
        "stdev": 1.53534471989,
        "var": 2.35728335381
    },
    "melbands_spread": {
        "dmean": 3.3568482399,
        "dmean2": 4.94040060043,
        "dvar": 131.423416138,
        "dvar2": 207.866546631,
        "max": 259.397979736,
        "mean": 13.1354389191,
        "median": 7.09429359436,
        "min": 0.80986315012,
        "stdev": 27.7284355164,
        "var": 768.866149902
    },
    "pitch_salience": {
        "dmean": 0.0595053806901,
        "dmean2": 0.0928471684456,
        "dvar": 0.00446531968191,
        "dvar2": 0.0100321788341,
        "max": 0.863589644432,
        "mean": 0.529321312904,
        "median": 0.537755072117,
        "min": 0.146011963487,
        "stdev": 0.130995839834,
        "var": 0.0171599090099
    },
    "silence_rate_20dB": {
        "dmean": 0,
        "dmean2": 0,
        "dvar": 0,
        "dvar2": 0,
        "max": 1,
        "mean": 1,
        "median": 1,
        "min": 1,
        "stdev": 0,
        "var": 0
    },
    "silence_rate_30dB": {
        "dmean": 0,
        "dmean2": 0,
        "dvar": 0,
        "dvar2": 0,
        "max": 1,
        "mean": 1,
        "median": 1,
        "min": 1,
        "stdev": 0,
        "var": 0
    },
    "silence_rate_60dB": {
        "dmean": 0.0472136214375,
        "dmean2": 0.0945003852248,
        "dvar": 0.0449836701155,
        "dvar2": 0.096416823566,
        "max": 1,
        "mean": 0.331013143063,
        "median": 0,
        "min": 0,
        "stdev": 0.470576196909,
        "var": 0.221441969275
    },
    "spectral_centroid": {
        "dmean": 99.5670013428,
        "dmean2": 143.383407593,
        "dvar": 96467.5078125,
        "dvar2": 128367.851562,
        "max": 10938.8525391,
        "mean": 710.881713867,
        "median": 523.674865723,
        "min": 267.887023926,
        "stdev": 729.412658691,
        "var": 532042.8125
    },
    "spectral_complexity": {
        "dmean": 1.36300313473,
        "dmean2": 2.2099146843,
        "dvar": 2.46342611313,
        "dvar2": 5.57713890076,
        "max": 33,
        "mean": 9.4996137619,
        "median": 9,
        "min": 0,
        "stdev": 3.83347082138,
        "var": 14.6954994202
    },
    "spectral_decrease": {
        "dmean": 1.10895681527e-09,
        "dmean2": 1.71451830511e-09,
        "dvar": 3.47509535477e-18,
        "dvar2": 7.15309149635e-18,
        "max": 2.83869671267e-18,
        "mean": -4.96737184719e-09,
        "median": -1.98497795978e-09,
        "min": -2.08189554485e-08,
        "stdev": 5.04465802464e-09,
        "var": 2.54485755047e-17
    },
    "spectral_energy": {
        "dmean": 0.00442600110546,
        "dmean2": 0.00679541425779,
        "dvar": 5.44725735381e-05,
        "dvar2": 0.000113701178634,
        "max": 0.0831857845187,
        "mean": 0.0199951548129,
        "median": 0.00845889095217,
        "min": 1.1068529626e-20,
        "stdev": 0.0201393757015,
        "var": 0.000405594473705
    },
    "spectral_energyband_high": {
        "dmean": 0.000207349658012,
        "dmean2": 0.000262704037596,
        "dvar": 2.1216044388e-06,
        "dvar2": 3.01272075376e-06,
        "max": 0.0471088849008,
        "mean": 0.000316761957947,
        "median": 1.28898509502e-05,
        "min": 7.91316516885e-21,
        "stdev": 0.0021083119791,
        "var": 4.44497936769e-06
    },
    "spectral_energyband_low": {
        "dmean": 3.85990279028e-05,
        "dmean2": 6.06830108154e-05,
        "dvar": 1.85387332152e-08,
        "dvar2": 3.57863285672e-08,
        "max": 0.00444041518494,
        "mean": 0.00013962390949,
        "median": 2.64934224106e-05,
        "min": 8.2974359008e-23,
        "stdev": 0.000298790779198,
        "var": 8.92759359772e-08
    },
    "spectral_energyband_middle_high": {
        "dmean": 0.000975047645625,
        "dmean2": 0.0012242984958,
        "dvar": 5.24575307281e-06,
        "dvar2": 7.53567064748e-06,
        "max": 0.0409006588161,
        "mean": 0.00313578103669,
        "median": 0.000512398022693,
        "min": 1.67189680786e-21,
        "stdev": 0.00633735861629,
        "var": 4.01621146011e-05
    },
    "spectral_energyband_middle_low": {
        "dmean": 0.00440048472956,
        "dmean2": 0.00683461455628,
        "dvar": 5.15630563314e-05,
        "dvar2": 0.000109467138827,
        "max": 0.081855468452,
        "mean": 0.0165658481419,
        "median": 0.00705545954406,
        "min": 4.47268633721e-22,
        "stdev": 0.017341921106,
        "var": 0.000300742249237
    },
    "spectral_entropy": {
        "dmean": 0.183524265885,
        "dmean2": 0.274423867464,
        "dvar": 0.0644207969308,
        "dvar2": 0.120608940721,
        "max": 9.80549144745,
        "mean": 6.29928636551,
        "median": 6.15734863281,
        "min": 4.94903039932,
        "stdev": 0.71293926239,
        "var": 0.508282423019
    },
    "spectral_flux": {
        "dmean": 0.0205619540066,
        "dmean2": 0.0327954478562,
        "dvar": 0.000772897328716,
        "dvar2": 0.00195357017219,
        "max": 0.254896998405,
        "mean": 0.0508067347109,
        "median": 0.0364000312984,
        "min": 1.0520707916e-10,
        "stdev": 0.0491727590561,
        "var": 0.00241796020418
    },
    "spectral_kurtosis": {
        "dmean": 16.052154541,
        "dmean2": 27.8803100586,
        "dvar": 545.966796875,
        "dvar2": 1636.43933105,
        "max": 168.607467651,
        "mean": 38.6498641968,
        "median": 18.4723110199,
        "min": -1.30737733841,
        "stdev": 40.0092086792,
        "var": 1600.73681641
    },
    "spectral_rms": {
        "dmean": 0.000443845201517,
        "dmean2": 0.00066905975109,
        "dvar": 4.3319357701e-07,
        "dvar2": 8.32568503029e-07,
        "max": 0.00900871027261,
        "mean": 0.0037397951819,
        "median": 0.00287272990681,
        "min": 3.2861170382e-12,
        "stdev": 0.00234976550564,
        "var": 5.52139772481e-06
    },
    "spectral_rolloff": {
        "dmean": 273.231231689,
        "dmean2": 489.475891113,
        "dvar": 1393245.875,
        "dvar2": 3028572.5,
        "max": 18130.9570312,
        "mean": 1272.7253418,
        "median": 624.462890625,
        "min": 258.3984375,
        "stdev": 2738.3684082,
        "var": 7498661.5
    },
    "spectral_skewness": {
        "dmean": 1.03460896015,
        "dmean2": 1.74668264389,
        "dvar": 1.572078228,
        "dvar2": 4.80126953125,
        "max": 9.83461475372,
        "mean": 3.91980361938,
        "median": 3.37927269936,
        "min": -0.211576834321,
        "stdev": 1.95549237728,
        "var": 3.8239505291
    },
    "spectral_spread": {
        "dmean": 610497.5,
        "dmean2": 890446.75,
        "dvar": 2.00334861926e+12,
        "dvar2": 3.06953479782e+12,
        "max": 40057328,
        "mean": 3250945.5,
        "median": 2808610.25,
        "min": 425952.0625,
        "stdev": 3080684,
        "var": 9.4906131415e+12
    },
    "spectral_strongpeak": {
        "dmean": 0.431549698114,
        "dmean2": 0.711498081684,
        "dvar": 0.739859044552,
        "dvar2": 1.90705657005,
        "max": 11.6806688309,
        "mean": 1.34279024601,
        "median": 0.782505393028,
        "min": 3.95642141271e-09,
        "stdev": 1.38832330704,
        "var": 1.92744147778
    },
    "zerocrossingrate": {
        "dmean": 0.00714356964454,
        "dmean2": 0.00851447507739,
        "dvar": 0.000410898559494,
        "dvar2": 0.00039516115794,
        "max": 0.5771484375,
        "mean": 0.0487087927759,
        "median": 0.02783203125,
        "min": 0.00390625,
        "stdev": 0.0907627344131,
        "var": 0.00823787413538
    },
    "barkbands": {
        "dmean": [5.71057682919e-07, 4.73671252621e-06, 2.57394949585e-05, 4.89049889438e-05, 0.00208344962448, 0.0017116983654, 0.000887856120244, 0.00119056599215, 0.00123687693849, 0.000420836237026, 0.000263848778559, 0.000196670735022, 0.000222616057727, 0.0001391346741, 0.000107921034214, 7.75644366513e-05, 4.8965906899e-05, 6.71543966746e-05, 5.43175065104e-06, 1.51576414282e-05, 2.03128565772e-05, 2.08425517485e-05, 2.10579783015e-05, 3.99627460865e-05, 7.06537030055e-05, 4.79276604892e-05, 3.36655489264e-06],
        "dmean2": [1.03760010006e-06, 8.01286569185e-06, 4.08283813158e-05, 8.17245600047e-05, 0.00302676483989, 0.00277612661012, 0.00144731800538, 0.00176691089291, 0.00168790842872, 0.000565729453228, 0.000333975156536, 0.000268600939307, 0.000314886827255, 0.000207966382732, 0.000157544753165, 0.000117100535135, 7.38095332053e-05, 9.81285338639e-05, 8.37904735818e-06, 2.16663738684e-05, 3.072477557e-05, 3.26834342559e-05, 2.72544148174e-05, 5.53905083507e-05, 9.22169565456e-05, 6.63621540298e-05, 5.54446569367e-06],
        "dvar": [3.29827289612e-12, 2.86031809349e-10, 1.05876853951e-08, 6.18420088472e-08, 1.54445569933e-05, 1.5281539163e-05, 1.40888478199e-05, 1.48413128045e-05, 1.28945375764e-05, 2.55729696619e-06, 1.15939621992e-06, 5.59059856187e-07, 7.34691923299e-07, 3.77988442324e-07, 1.9197132417e-07, 1.21633860317e-07, 4.93129732604e-08, 5.23387058138e-08, 4.50230047688e-10, 5.66284574788e-09, 1.04152215741e-08, 1.41714000534e-08, 2.18963709386e-08, 8.57339514937e-08, 4.6228001338e-07, 2.13974985286e-07, 3.96625648991e-10],
        "dvar2": [9.21501937257e-12, 7.65282393012e-10, 2.27735146296e-08, 1.36620940339e-07, 2.97460701404e-05, 3.5261586163e-05, 3.7004614569e-05, 3.03159540636e-05, 2.44346756517e-05, 3.86303145206e-06, 1.69358202129e-06, 9.56077428782e-07, 1.24602149754e-06, 8.69518487434e-07, 3.60860411774e-07, 2.90361640509e-07, 1.09141268467e-07, 9.23623062477e-08, 9.73097824541e-10, 1.15245031296e-08, 2.23996945437e-08, 3.72467852117e-08, 3.43764732236e-08, 1.54404347086e-07, 6.52177050142e-07, 2.855893797e-07, 9.59600399142e-10],
        "max": [4.76966306451e-05, 0.000597081147134, 0.00279199006036, 0.00557856494561, 0.0624546669424, 0.0503602437675, 0.0589864253998, 0.0544267296791, 0.057614069432, 0.0313069447875, 0.024712221697, 0.0234186835587, 0.0207326114178, 0.00934773404151, 0.0078849606216, 0.0070994454436, 0.00624334393069, 0.00509707536548, 0.000350143411197, 0.00183363014366, 0.0024106206838, 0.00235875206999, 0.00482729123905, 0.0081674316898, 0.0245637223125, 0.0162178762257, 0.000385552120861],
        "mean": [5.67589154343e-07, 1.23005984278e-05, 0.000103098631371, 7.18292867532e-05, 0.00525546260178, 0.00433252146468, 0.00160095200408, 0.00214022630826, 0.00288608134724, 0.00101474800613, 0.000774149259087, 0.000413024332374, 0.00037073798012, 0.000187893834664, 0.000150446910993, 0.000120092518046, 9.05620327103e-05, 0.000131897686515, 8.44084206619e-06, 2.44820312219e-05, 3.07224181597e-05, 2.9325738069e-05, 2.99661969621e-05, 4.93908846693e-05, 9.20502425288e-05, 7.03659534338e-05, 3.83301994589e-06],
        "median": [4.53634712017e-08, 1.22262645164e-06, 1.17844065244e-05, 2.60927463387e-05, 0.000948728993535, 0.00148068764247, 0.000241208821535, 0.000326607492752, 0.000329347880324, 3.27954330714e-05, 7.3686162068e-05, 8.71480078786e-05, 3.71614769392e-05, 4.90876445838e-05, 3.40331134794e-05, 1.2953645637e-05, 1.18948764793e-05, 3.26190411215e-06, 5.26280814483e-07, 5.61699039281e-07, 8.79564026945e-07, 1.23544577946e-06, 8.84743997176e-07, 1.31392732783e-06, 1.57437943926e-06, 2.24835980589e-06, 1.69079843459e-08],
        "min": [2.20267161905e-24, 2.42163447834e-23, 2.27333225692e-23, 4.7829450788e-23, 8.57831960798e-23, 4.85860914584e-23, 5.35419901886e-23, 1.69641003571e-22, 2.63567894765e-23, 2.14206564452e-23, 9.05716196398e-23, 1.60791650289e-22, 1.94071306364e-22, 1.73863605603e-22, 1.09194012905e-22, 8.82836832009e-23, 1.62090519235e-22, 1.51521032661e-22, 3.95380645037e-22, 2.84663196574e-22, 4.71317607464e-22, 5.86846072464e-22, 7.15814808778e-22, 9.09888273466e-22, 1.16707570977e-21, 1.88100002916e-21, 2.23042547488e-21],
        "stdev": [2.05863784686e-06, 4.32455126429e-05, 0.000238240056206, 0.000264576287009, 0.00897512026131, 0.00761684775352, 0.00521768210456, 0.00543335359544, 0.00726221920922, 0.00376881565899, 0.00277294544503, 0.00138782139402, 0.00138825096656, 0.000677334610373, 0.00051791453734, 0.000494452251587, 0.000335880642524, 0.000461907446152, 2.77577128145e-05, 0.000103195292468, 0.000114484842925, 0.000109272630652, 0.000229788929573, 0.000374137540348, 0.000953303067945, 0.000702535267919, 2.09879126487e-05],
        "var": [4.23799016713e-12, 1.87017445974e-09, 5.67583278155e-08, 7.00006168586e-08, 8.05527888588e-05, 5.80163687118e-05, 2.72242050414e-05, 2.95213303616e-05, 5.27398296981e-05, 1.42039716593e-05, 7.6892265497e-06, 1.92604829863e-06, 1.92724087356e-06, 4.58782153601e-07, 2.68235453404e-07, 2.4448303293e-07, 1.12815797593e-07, 2.13358489987e-07, 7.70490615754e-10, 1.06492690222e-08, 1.31067796616e-08, 1.19405072496e-08, 5.2802953121e-08, 1.39978908464e-07, 9.08786773834e-07, 4.93555774028e-07, 4.40492448073e-10]
    },
    "erbbands": {
        "dmean": [3.72545800928e-05, 0.0017895149067, 0.0230254735798, 0.0929297506809, 1.24735236168, 9.33498859406, 16.4607009888, 14.4888725281, 9.53822135925, 20.1584472656, 25.9897937775, 26.1380577087, 16.4795608521, 12.9063692093, 4.78610181808, 7.6429309845, 10.675819397, 6.97831249237, 5.47243881226, 4.09511470795, 4.77741575241, 2.67524790764, 4.34195613861, 0.607889890671, 0.378901064396, 0.746986150742, 0.587127864361, 0.995743215084, 0.738939583302, 0.605643153191, 0.640470147133, 0.800547242165, 0.640977680683, 0.706274151802, 0.552248001099, 0.246477037668, 0.100735478103, 0.0128251034766, 0.000398314441554, 1.34958008857e-05],
        "dmean2": [6.19172060397e-05, 0.00295849540271, 0.0368964858353, 0.150146767497, 1.90625357628, 13.2666769028, 24.2768344879, 23.5835132599, 15.5146722794, 31.4310283661, 35.462638855, 35.152721405, 21.8279304504, 15.3652915955, 6.35372829437, 10.23645401, 14.9826726913, 10.5052471161, 8.15522384644, 5.84476947784, 7.05160522461, 3.83152031898, 5.90928936005, 0.836099922657, 0.557865262032, 1.07613861561, 0.936887264252, 1.46187758446, 1.11706888676, 0.938599288464, 0.806800603867, 1.05671131611, 0.924863398075, 0.99086779356, 0.689626932144, 0.331816375256, 0.140220955014, 0.0179645419121, 0.000603602500632, 1.98033721972e-05],
        "dvar": [1.2543368122e-08, 3.31015689881e-05, 0.0057118954137, 0.129521876574, 10.7919607162, 360.266235352, 1136.75341797, 1348.85998535, 1608.7713623, 4949.38916016, 6163.08056641, 6147.25292969, 2684.34545898, 1558.06689453, 172.936477661, 877.849182129, 1756.06079102, 905.099365234, 558.209533691, 235.636703491, 492.893341064, 122.794090271, 225.499343872, 2.67539906502, 2.46490645409, 13.8481445312, 11.4390029907, 26.4358158112, 15.0724363327, 18.2659339905, 21.6718521118, 45.456993103, 21.4963741302, 50.6199989319, 23.8213062286, 5.48630237579, 1.17632877827, 0.00596957700327, 4.97884684592e-06, 5.60859847454e-09],
        "dvar2": [3.50884086231e-08, 8.64160974743e-05, 0.0118327103555, 0.26953843236, 21.9420471191, 658.755615234, 2309.9152832, 3250.65136719, 4233.25048828, 12080.2001953, 10839.9375, 12293.2744141, 4663.22216797, 1754.37194824, 304.095214844, 1590.97277832, 3120.03125, 2160.33520508, 1103.4329834, 450.847747803, 1162.87561035, 246.383300781, 360.777679443, 4.80441045761, 5.81857061386, 29.3805923462, 23.0537109375, 62.427532196, 39.311340332, 40.7649650574, 30.089132309, 72.5362548828, 44.1102371216, 76.5458374023, 32.5409011841, 6.3338060379, 2.19828104973, 0.00880669150501, 1.01203286249e-05, 8.26359247696e-09],
        "max": [0.00311804632656, 0.190808534622, 1.8224503994, 9.42805194855, 57.0067977905, 377.813720703, 476.465484619, 594.921508789, 837.151611328, 973.942016602, 1185.73913574, 1314.01953125, 1063.51391602, 1123.86047363, 281.309997559, 826.287963867, 1036.63452148, 525.21887207, 479.703033447, 363.445495605, 488.761108398, 303.51965332, 363.162231445, 27.4923858643, 32.6288261414, 85.8526535034, 89.6806411743, 115.350311279, 86.4373397827, 84.8082046509, 162.931945801, 227.479019165, 122.351531982, 235.959381104, 186.105209351, 86.7118301392, 37.7498474121, 2.41888952255, 0.0492681637406, 0.00242711347528],
        "mean": [0.000110580804176, 0.00568944821134, 0.0927306413651, 0.221376568079, 2.8314037323, 23.5745563507, 38.4218101501, 32.4798583984, 17.9240570068, 36.2869186401, 56.4924163818, 62.5019226074, 40.7057304382, 37.61693573, 13.9664239883, 16.626701355, 19.5671920776, 11.0051898956, 7.53441143036, 6.70520353317, 7.72974300385, 5.99566459656, 8.53527069092, 1.30691313744, 0.66034412384, 1.19393908978, 0.858572125435, 1.52043879032, 1.11163425446, 0.770456969738, 0.93788933754, 1.04625570774, 0.780079185963, 0.891337394714, 0.719502687454, 0.360597789288, 0.123427979648, 0.0175433363765, 0.000506710435729, 3.74441078748e-05],
        "median": [2.82512719423e-05, 0.000696379283909, 0.0127893518656, 0.100219830871, 0.443072855473, 4.52160549164, 9.89382076263, 12.3493728638, 6.20716571808, 7.98161458969, 10.1913661957, 7.97444677353, 3.65015172958, 2.93399977684, 2.48418068886, 3.18591856956, 2.33413553238, 2.96927380562, 1.39721298218, 1.46794402599, 0.901906609535, 0.680366277695, 0.363515198231, 0.072880782187, 0.0278335809708, 0.0273194052279, 0.0251931380481, 0.0417571999133, 0.0471735112369, 0.0254609342664, 0.0254626050591, 0.0248187035322, 0.0229747425765, 0.0106976721436, 0.0113903954625, 0.0081049548462, 0.00375656783581, 0.000458352064015, 2.14844203583e-05, 1.37036886372e-05],
        "min": [1.11644876257e-21, 3.85427552917e-21, 1.64897825033e-20, 1.26405088319e-19, 9.40729116955e-20, 4.04859931899e-19, 4.63488942753e-19, 3.05907417146e-19, 3.03345276898e-19, 2.20655515559e-18, 3.71750931867e-18, 7.53477837698e-19, 9.37159548268e-19, 2.13947473702e-18, 3.80869481427e-18, 6.79812761599e-18, 8.65849651829e-18, 5.72824559426e-18, 8.94785008682e-18, 6.69329405387e-18, 5.0387649111e-18, 9.38616895751e-18, 7.50247025321e-18, 1.5648885724e-17, 1.89436222045e-17, 1.50208852399e-17, 1.54036928469e-17, 1.93254454665e-17, 2.4082289854e-17, 2.5451182778e-17, 1.71462249078e-17, 1.896637298e-17, 1.45799847385e-17, 7.9993055348e-18, 1.21147011358e-17, 7.55823463421e-18, 3.45938409301e-18, 1.31424895905e-18, 3.19229910544e-19, 2.95375856985e-20],
        "stdev": [0.000269000214757, 0.0147582506761, 0.205080151558, 0.493168532848, 6.48872470856, 44.6029014587, 66.7261810303, 61.2866363525, 56.7942123413, 85.4524841309, 142.727294922, 157.59274292, 112.384735107, 115.675132751, 31.0727939606, 53.8158607483, 68.8063659668, 33.415222168, 27.1281070709, 19.2816505432, 31.6924705505, 20.9400558472, 30.7582035065, 3.31548523903, 2.22026515007, 5.08997917175, 3.78720331192, 5.47113800049, 3.63235783577, 5.1646270752, 7.50861120224, 9.37818145752, 5.36228179932, 9.61866378784, 6.99275970459, 3.69252753258, 1.34253835678, 0.119770117104, 0.00289700855501, 0.000114344598842],
        "var": [7.2361110881e-08, 0.000217805951252, 0.0420578680933, 0.243215203285, 42.1035461426, 1989.41882324, 4452.38330078, 3756.05175781, 3225.58251953, 7302.12695312, 20371.0820312, 24835.4707031, 12630.3291016, 13380.7363281, 965.518493652, 2896.14697266, 4734.31591797, 1116.57702637, 735.934143066, 371.782043457, 1004.41271973, 438.485931396, 946.067077637, 10.992442131, 4.92957782745, 25.9078865051, 14.3429098129, 29.9333496094, 13.194024086, 26.673374176, 56.3792457581, 87.9502944946, 28.7540664673, 92.5186920166, 48.8986854553, 13.634759903, 1.80240929127, 0.0143448812887, 8.39265794639e-06, 1.30746879989e-08]
    },
    "gfcc": {
        "mean": [-164.129730225, 142.793106079, -133.121902466, -53.0510444641, -62.4306907654, -30.2873458862, -56.90965271, -15.945939064, -26.2485942841, -6.33592700958, -21.9340057373, -0.316653966904, -6.81682395935],
        "cov": [[37121.6992188, -5272.39794922, 1145.94543457, 1073.18457031, -4682.18212891, 1213.16577148, -1906.93151855, 504.570098877, -1766.59960938, 124.938018799, -1700.22717285, 924.67779541, -688.635375977], [-5272.39794922, 8593.84863281, -2328.24609375, -1784.40478516, 2547.12915039, -1641.92285156, 626.267700195, -971.217468262, 933.226501465, -593.061889648, 934.364746094, -829.967468262, 460.913696289], [1145.94543457, -2328.24609375, 1251.11047363, 612.452514648, -654.884094238, 670.059204102, -194.58833313, 280.568359375, -305.780059814, 140.406021118, -279.090942383, 175.475021362, -211.451721191], [1073.18457031, -1784.40478516, 612.452514648, 819.38671875, -358.521911621, 313.68850708, -156.319000244, 307.421478271, -129.686126709, 122.000679016, -189.181411743, 147.851913452, -77.2233276367], [-4682.18212891, 2547.12915039, -654.884094238, -358.521911621, 1269.26965332, -538.262634277, 326.678344727, -192.552734375, 431.679870605, -125.587295532, 398.112579346, -290.114440918, 177.754943848], [1213.16577148, -1641.92285156, 670.059204102, 313.68850708, -538.262634277, 612.512023926, -53.5971984863, 201.245513916, -232.511535645, 81.4687347412, -196.336502075, 133.510238647, -195.735031128], [-1906.93151855, 626.267700195, -194.58833313, -156.319000244, 326.678344727, -53.5971984863, 306.041748047, -51.6313247681, 99.1398620605, -6.29613447189, 118.15901947, -64.9491195679, 12.4117536545], [504.570098877, -971.217468262, 280.568359375, 307.421478271, -192.552734375, 201.245513916, -51.6313247681, 233.63482666, -73.655708313, 53.4909248352, -108.586387634, 76.1984786987, -64.7940063477], [-1766.59960938, 933.226501465, -305.780059814, -129.686126709, 431.679870605, -232.511535645, 99.1398620605, -73.655708313, 249.150543213, -36.2087860107, 138.109008789, -100.212654114, 90.0946578979], [124.938018799, -593.061889648, 140.406021118, 122.000679016, -125.587295532, 81.4687347412, -6.29613447189, 53.4909248352, -36.2087860107, 140.063644409, -60.968120575, 55.6792831421, -0.957525193691], [-1700.22717285, 934.364746094, -279.090942383, -189.181411743, 398.112579346, -196.336502075, 118.15901947, -108.586387634, 138.109008789, -60.968120575, 209.498916626, -95.0881347656, 56.7272834778], [924.67779541, -829.967468262, 175.475021362, 147.851913452, -290.114440918, 133.510238647, -64.9491195679, 76.1984786987, -100.212654114, 55.6792831421, -95.0881347656, 160.231903076, -37.1160888672], [-688.635375977, 460.913696289, -211.451721191, -77.2233276367, 177.754943848, -195.735031128, 12.4117536545, -64.7940063477, 90.0946578979, -0.957525193691, 56.7272834778, -37.1160888672, 135.896881104]],
        "icov": [[0.000170579514815, -0.000458205962786, 0.000284816982457, -0.000344036903698, 0.000692599627655, -0.000126238432131, 0.000624929904006, -0.000464798620669, 0.00063414889155, -0.000592478725594, 0.000513591221534, -0.000489346275572, 0.000527053547557], [-0.000458205962786, 0.00242800964043, -0.000405733240768, 0.00142563227564, -0.00300488993526, 0.000929429137614, -0.0018314596964, 0.00304053910077, -0.00195140414871, 0.00340721313842, -0.000746235251427, 0.00284771551378, -0.0010849616956], [0.000284816982457, -0.000405733240768, 0.0034785210155, -0.00152620708104, 1.25296419355e-05, -0.00261609186418, 0.00220112176612, 0.000483143929159, 0.00210348470137, -0.0013361898018, 0.00165683671366, -0.000178973205038, 0.00146506493911], [-0.000344036903698, 0.00142563227564, -0.00152620708104, 0.00415648147464, -0.00200509792194, 0.000953788752668, -0.000718684401363, -0.00150301354006, -0.0018003268633, 0.00131069298368, -0.000746895093471, 0.000831100507639, -0.00150437629782], [0.000692599627655, -0.00300488993526, 1.25296419355e-05, -0.00200509792194, 0.0084541067481, 0.00077998515917, 0.000486242439365, -0.00475378707051, -0.000380353565561, -0.00344479130581, -0.00226667220704, -0.000690303975716, 0.00132116291206], [-0.000126238432131, 0.000929429137614, -0.00261609186418, 0.000953788752668, 0.00077998515917, 0.0078102350235, -0.0029852213338, -0.000766479701269, -0.000651095644571, 0.00134507170878, -0.000198842113605, 0.0014599589631, 0.0037385225296], [0.000624929904006, -0.0018314596964, 0.00220112176612, -0.000718684401363, 0.000486242439365, -0.0029852213338, 0.0085592539981, -0.00182606943417, 0.00281158741564, -0.00444223126397, 0.00092677725479, -0.00263277813792, 0.00280560413375], [-0.000464798620669, 0.00304053910077, 0.000483143929159, -0.00150301354006, -0.00475378707051, -0.000766479701269, -0.00182606943417, 0.0145253892988, -0.00241431151517, 0.00421713665128, 0.00253930268809, 0.00235524657182, 0.000649907975458], [0.00063414889155, -0.00195140414871, 0.00210348470137, -0.0018003268633, -0.000380353565561, -0.000651095644571, 0.00281158741564, -0.00241431151517, 0.0136519763619, -0.00344192492776, 0.00155750324484, -0.00159256311599, 7.35395369702e-05], [-0.000592478725594, 0.00340721313842, -0.0013361898018, 0.00131069298368, -0.00344479130581, 0.00134507170878, -0.00444223126397, 0.00421713665128, -0.00344192492776, 0.0151520920917, 0.000741137308069, 0.00216936599463, -0.00436129141599], [0.000513591221534, -0.000746235251427, 0.00165683671366, -0.000746895093471, -0.00226667220704, -0.000198842113605, 0.00092677725479, 0.00253930268809, 0.00155750324484, 0.000741137308069, 0.0164199713618, -0.00162297789939, 0.00276679499075], [-0.000489346275572, 0.00284771551378, -0.000178973205038, 0.000831100507639, -0.000690303975716, 0.0014599589631, -0.00263277813792, 0.00235524657182, -0.00159256311599, 0.00216936599463, -0.00162297789939, 0.0155095644295, -0.00159063690808], [0.000527053547557, -0.0010849616956, 0.00146506493911, -0.00150437629782, 0.00132116291206, 0.0037385225296, 0.00280560413375, 0.000649907975458, 7.35395369702e-05, -0.00436129141599, 0.00276679499075, -0.00159063690808, 0.0171751603484]]
    },
    "melbands": {
        "dmean": [7.36786660127e-07, 8.45276554173e-06, 3.53706236638e-05, 0.000340915023116, 0.00053902406944, 0.000307368085487, 0.00016370312369, 0.000236832900555, 0.000214194064029, 0.000172201864189, 8.23092705105e-05, 5.58730062039e-05, 2.21836144192e-05, 1.58260536409e-05, 2.61509576376e-05, 2.47612260864e-05, 1.32998775371e-05, 9.30476653593e-06, 9.29607813305e-06, 4.19266461904e-06, 5.79448123972e-06, 3.17576564157e-06, 3.75959712073e-06, 2.64231380243e-06, 4.0831912429e-07, 1.97040833427e-07, 4.71099610877e-07, 5.28180919446e-07, 3.56831066028e-07, 4.64454160465e-07, 6.5734832333e-07, 4.81255881368e-07, 3.34271589963e-07, 3.38714102099e-07, 3.47962213709e-07, 5.17059390859e-07, 4.84568033698e-07, 4.20355917186e-07, 5.68304926674e-07, 6.48029299555e-07],
        "dmean2": [1.24498660625e-06, 1.33064486363e-05, 5.26818657818e-05, 0.000491612241603, 0.000792458769865, 0.000495257554576, 0.000264465576038, 0.000364648760296, 0.000289644493023, 0.000235474319197, 0.000109963380964, 6.75504634273e-05, 2.91776650556e-05, 2.15096624743e-05, 3.32761410391e-05, 3.44739673892e-05, 2.01210259547e-05, 1.42847557072e-05, 1.36430635393e-05, 6.10972347204e-06, 8.6581976575e-06, 4.70582426715e-06, 5.53934933123e-06, 3.57715271093e-06, 5.84083466038e-07, 3.14223768783e-07, 7.01993940311e-07, 7.78034973337e-07, 5.76066042868e-07, 7.46089369841e-07, 9.61873979577e-07, 7.3171082704e-07, 5.22619870935e-07, 5.28264934019e-07, 4.55725057691e-07, 6.77506761804e-07, 6.43068801764e-07, 6.17742330178e-07, 8.20046579975e-07, 9.29863119836e-07],
        "dvar": [6.70300360356e-12, 7.61822549489e-10, 1.16518350524e-08, 4.88010016397e-07, 1.00752299659e-06, 5.36111713245e-07, 4.47900305289e-07, 6.20671642082e-07, 4.42399681333e-07, 2.82532027995e-07, 7.04872888946e-08, 2.70789577428e-08, 6.30717167382e-09, 2.50842169258e-09, 1.43338825254e-08, 1.02960893145e-08, 4.29306190597e-09, 1.83797999043e-09, 1.21493215488e-09, 2.12020304091e-10, 8.1427953269e-10, 2.45005293831e-10, 1.67666588946e-10, 8.10141606578e-11, 1.43535292159e-12, 6.63718049704e-13, 4.37094544586e-12, 7.30775422814e-12, 5.61715864794e-12, 5.49310813849e-12, 9.93575968028e-12, 6.44044713394e-12, 3.49477955255e-12, 6.17151035137e-12, 5.25910998778e-12, 2.58350806026e-11, 1.37082541499e-11, 7.91142585471e-12, 2.64290377777e-11, 5.2001274814e-11],
        "dvar2": [1.82886865374e-11, 1.52707591017e-09, 2.25165379675e-08, 9.22304025153e-07, 2.01054649551e-06, 1.28614601635e-06, 1.18602281418e-06, 1.43714885326e-06, 6.90019874128e-07, 5.75428941829e-07, 1.21517956586e-07, 2.99218640976e-08, 9.69524283079e-09, 5.28714627634e-09, 2.09381827432e-08, 1.60658277792e-08, 1.03688071462e-08, 3.60086493956e-09, 2.21003482181e-09, 4.13495848672e-10, 2.02770977786e-09, 5.46999223694e-10, 3.23265969548e-10, 1.21984616852e-10, 2.91502152278e-12, 1.63818231983e-12, 9.48709080045e-12, 1.49030111168e-11, 1.1131882742e-11, 1.17323321197e-11, 2.40969310478e-11, 1.70652745407e-11, 8.802034622e-12, 1.32617129084e-11, 7.25588642989e-12, 4.74915315407e-11, 2.1649375001e-11, 1.63083609117e-11, 5.67178595756e-11, 8.67218449829e-11],
        "max": [8.87588321348e-05, 0.000755812739953, 0.00231884722598, 0.0137293767184, 0.0154867907986, 0.0117181660607, 0.0117122260854, 0.0103555815294, 0.0112765943632, 0.00870088580996, 0.00531255314127, 0.00423354608938, 0.00187566434033, 0.000900066166651, 0.00360525189899, 0.00274100690149, 0.00116547569633, 0.000838568201289, 0.000851740362123, 0.000318875623634, 0.00065395765705, 0.000446632562671, 0.000258129090071, 0.000216361455387, 2.15502732317e-05, 1.35497130032e-05, 4.23724486609e-05, 5.95857636654e-05, 6.44394240226e-05, 4.98205481563e-05, 6.68581997161e-05, 5.6710519857e-05, 3.30375078192e-05, 5.4627082136e-05, 7.69247562857e-05, 0.000183466312592, 0.000112150155474, 6.19553684373e-05, 0.00016228761524, 0.000233663682593],
        "mean": [1.90657203802e-06, 3.33961834258e-05, 7.34432105673e-05, 0.000894486962352, 0.00134726287797, 0.000718812400009, 0.000309380586259, 0.000428756902693, 0.000481466035126, 0.000395778071834, 0.00019728935149, 0.000154029490659, 6.38018827885e-05, 3.4593991586e-05, 5.31519181095e-05, 3.8012945879e-05, 1.83056945389e-05, 1.13345458885e-05, 1.30603248181e-05, 7.22184768165e-06, 8.50872402225e-06, 6.00061230216e-06, 7.96333915787e-06, 4.85623604618e-06, 7.06172954779e-07, 3.01906254663e-07, 7.72030205098e-07, 7.7536748222e-07, 4.75361531471e-07, 6.51097764148e-07, 9.81664356914e-07, 7.01813576143e-07, 4.21569694709e-07, 4.16396886749e-07, 5.02246052747e-07, 6.3814115947e-07, 6.33170031961e-07, 5.07452568854e-07, 6.12994313087e-07, 8.03680961781e-07],
        "median": [2.33957010209e-07, 4.6964178182e-06, 2.60951183009e-05, 0.000136039991048, 0.000381472433219, 0.000255008490058, 9.12934920052e-05, 8.09714401839e-05, 7.17193761375e-05, 4.22645134677e-05, 1.45769217852e-05, 1.08628255475e-05, 8.34323691379e-06, 8.51039112604e-06, 5.67080905967e-06, 5.00561645822e-06, 4.59321381641e-06, 1.56181374678e-06, 3.26745180246e-06, 7.88950671904e-07, 8.87274097749e-07, 5.2964827546e-07, 6.58737178583e-07, 1.2817706363e-07, 3.97098673943e-08, 2.03585219793e-08, 1.67064015955e-08, 1.46561012215e-08, 1.08756221806e-08, 1.73547647364e-08, 2.56035015411e-08, 2.77163394458e-08, 1.74088281568e-08, 1.01179260525e-08, 1.37049056548e-08, 8.8674534382e-09, 1.38006015504e-08, 1.3963724399e-08, 5.25334753476e-09, 6.32356078611e-09],
        "min": [7.89961602842e-24, 9.14092179494e-24, 1.89531815752e-23, 1.60324950711e-23, 1.85011516547e-23, 7.46288764293e-24, 5.95087479045e-24, 2.64869325932e-23, 2.67177343614e-23, 3.51743611307e-24, 4.30629701829e-24, 7.57555354628e-24, 1.28598968809e-23, 1.55314705775e-23, 2.4807856356e-23, 1.32979497639e-23, 1.08591610319e-23, 1.70206537954e-23, 8.75192580511e-24, 8.1058676564e-24, 5.40066481944e-24, 1.15190408125e-23, 5.07593298882e-24, 7.96296392569e-24, 1.24314736231e-23, 1.74963763643e-23, 8.93605935102e-24, 9.99237329097e-24, 8.59652493995e-24, 1.05151198584e-23, 1.15192332945e-23, 1.19110620839e-23, 1.3716543026e-23, 1.59156300611e-23, 1.04719620672e-23, 9.46538580729e-24, 1.1329879856e-23, 1.0090142345e-23, 8.68235063985e-24, 5.72679924475e-24],
        "stdev": [6.70050121698e-06, 7.28758677724e-05, 0.000161552292411, 0.00179117615335, 0.00210073473863, 0.00130730541423, 0.000949099136051, 0.00099770037923, 0.00136761681642, 0.0010230637854, 0.000588899187278, 0.00047075105249, 0.00019464646175, 7.74590444053e-05, 0.000229822893743, 0.000152094173245, 6.9918736699e-05, 4.96262655361e-05, 4.3718420784e-05, 2.42005426117e-05, 3.67693755834e-05, 2.45377432293e-05, 2.64117861661e-05, 1.69789891515e-05, 1.87879447822e-06, 1.03142724583e-06, 3.25755490849e-06, 3.55668748853e-06, 2.59951775661e-06, 2.64893674284e-06, 3.35976528731e-06, 2.32829620472e-06, 1.87862860912e-06, 3.16004320666e-06, 3.77788410333e-06, 6.52237622489e-06, 5.23182870893e-06, 3.28530586557e-06, 5.6048006627e-06, 9.40012341744e-06],
        "var": [4.48967182876e-11, 5.31089217048e-09, 2.60991441792e-08, 3.20831190948e-06, 4.41308611698e-06, 1.70904729657e-06, 9.00789189018e-07, 9.95406139737e-07, 1.87037574051e-06, 1.0466594631e-06, 3.46802266904e-07, 2.21606541118e-07, 3.78872435647e-08, 5.99990368499e-09, 5.28185637449e-08, 2.31326371392e-08, 4.88862950121e-09, 2.46276621318e-09, 1.9113002292e-09, 5.8566629324e-10, 1.35198707785e-09, 6.02100813651e-10, 6.97582491771e-10, 2.88286089445e-10, 3.52986867166e-12, 1.06384226515e-12, 1.06116634577e-11, 1.2650025992e-11, 6.7574921353e-12, 7.01686625471e-12, 1.12880226e-11, 5.42096272385e-12, 3.52924525542e-12, 9.98587237205e-12, 1.42724079083e-11, 4.25413940186e-11, 2.73720299898e-11, 1.07932352292e-11, 3.14137882373e-11, 8.8362317463e-11]
    },
    "melbands128": {
