{
"lowlevel": {
    "average_loudness": 0.978235423565,
    "barkbands_crest": {
        "dmean": 2.51254081726,
        "dmean2": 4.10691833496,
        "dvar": 5.16541004181,
        "dvar2": 13.5056247711,
        "max": 23.9513072968,
        "mean": 8.71373844147,
        "median": 7.74238109589,
        "min": 3.07698559761,
        "stdev": 3.81760954857,
        "var": 14.5741434097
    },
    "barkbands_flatness_db": {
        "dmean": 0.016915904358,
        "dmean2": 0.0266119167209,
        "dvar": 0.000206147320569,
        "dvar2": 0.000501801492646,
        "max": 0.276592701674,
        "mean": 0.106391951442,
        "median": 0.100626394153,
        "min": 0.0360818989575,
        "stdev": 0.0349488481879,
        "var": 0.00122142210603
    },
    "barkbands_kurtosis": {
        "dmean": 1.7184240818,
        "dmean2": 2.77723622322,
        "dvar": 5.22127056122,
        "dvar2": 12.8783073425,
        "max": 32.9503211975,
        "mean": 2.31810903549,
        "median": 1.54269266129,
        "min": -1.93227100372,
        "stdev": 3.28731513023,
        "var": 10.8064413071
    },
    "barkbands_skewness": {
        "dmean": 0.444293051958,
        "dmean2": 0.68848323822,
        "dvar": 0.215198889375,
        "dvar2": 0.483432948589,
        "max": 5.20611572266,
        "mean": 1.35687971115,
        "median": 1.30911302567,
        "min": -2.18759155273,
        "stdev": 0.780002832413,
        "var": 0.608404397964
    },
    "barkbands_spread": {
        "dmean": 6.39832544327,
        "dmean2": 9.71027755737,
        "dvar": 63.1917495728,
        "dvar2": 115.985679626,
        "max": 104.132911682,
        "mean": 26.9325447083,
        "median": 23.7391223907,
        "min": 3.09207296371,
        "stdev": 15.1122493744,
        "var": 228.380081177
    },
    "dissonance": {
        "dmean": 0.020437028259,
        "dmean2": 0.0343559421599,
        "dvar": 0.000552079407498,
        "dvar2": 0.00143953156658,
        "max": 0.499903261662,
        "mean": 0.461319953203,
        "median": 0.467646211386,
        "min": 0.0669041052461,
        "stdev": 0.0292395595461,
        "var": 0.000854951795191
    },
    "dynamic_complexity": 1.93119204044,
    "erbbands_crest": {
        "dmean": 2.9838654995,
        "dmean2": 4.8032875061,
        "dvar": 6.79142522812,
        "dvar2": 16.9691486359,
        "max": 26.5821418762,
        "mean": 9.33755111694,
        "median": 8.32405948639,
        "min": 2.84536576271,
        "stdev": 4.59978294373,
        "var": 21.1580028534
    },
    "erbbands_flatness_db": {
        "dmean": 0.0161079354584,
        "dmean2": 0.023958902806,
        "dvar": 0.000215745152673,
        "dvar2": 0.000476676534163,
        "max": 0.294849216938,
        "mean": 0.140979155898,
        "median": 0.135505691171,
        "min": 0.0508566461504,
        "stdev": 0.0378291010857,
        "var": 0.00143104081508
    },
    "erbbands_kurtosis": {
        "dmean": 0.960370779037,
        "dmean2": 1.49527788162,
        "dvar": 1.47946810722,
        "dvar2": 3.49517059326,
        "max": 12.5155124664,
        "mean": 0.572924971581,
        "median": -0.0930743217468,
        "min": -1.78900313377,
        "stdev": 2.01008749008,
        "var": 4.04045152664
    },
    "erbbands_skewness": {
        "dmean": 0.373481303453,
        "dmean2": 0.560882806778,
        "dvar": 0.116365507245,
        "dvar2": 0.241011917591,
        "max": 3.06319904327,
        "mean": 0.598367452621,
        "median": 0.588723778725,
        "min": -3.13875818253,
        "stdev": 0.775752842426,
        "var": 0.60179245472
    },
    "erbbands_spread": {
        "dmean": 8.98866939545,
        "dmean2": 13.4817485809,
        "dvar": 92.7082748413,
        "dvar2": 201.05796814,
        "max": 161.503417969,
        "mean": 43.2167663574,
        "median": 40.2684211731,
        "min": 7.49892902374,
        "stdev": 18.811882019,
        "var": 353.886932373
    },
    "hfc": {
        "dmean": 10.055150032,
        "dmean2": 14.444776535,
        "dvar": 292.946563721,
        "dvar2": 585.170532227,
        "max": 272.209960938,
        "mean": 37.4177360535,
        "median": 36.5923271179,
        "min": 1.13507139788e-16,
        "stdev": 26.9553375244,
        "var": 726.590270996
    },
    "loudness_ebu128": {
        "integrated": -7.62215614319,
        "loudness_range": 1.60195064545,
        "momentary": {
            "dmean": 0.526286125183,
            "dmean2": 0.540733158588,
            "dvar": 0.843568623066,
            "dvar2": 0.676506638527,
            "max": -6.16481590271,
            "mean": -8.13283157349,
            "median": -7.44284963608,
            "min": -23.8318920135,
            "stdev": 2.49050927162,
            "var": 6.20263671875
        },
        "short_term": {
            "dmean": 0.0541317462921,
            "dmean2": 0.050676677376,
            "dvar": 0.00324425823055,
            "dvar2": 0.00203480897471,
            "max": -6.69520759583,
            "mean": -7.71122312546,
            "median": -7.5214214325,
            "min": -11.411655426,
            "stdev": 0.837705492973,
            "var": 0.701750457287
        }
    },
    "melbands_crest": {
        "dmean": 3.07998657227,
        "dmean2": 5.04584360123,
        "dvar": 7.3061132431,
        "dvar2": 18.9599704742,
        "max": 29.0994606018,
        "mean": 11.9219789505,
        "median": 10.8550853729,
        "min": 2.26205968857,
        "stdev": 4.58127355576,
        "var": 20.9880695343
    },
    "melbands_flatness_db": {
        "dmean": 0.0211466141045,
        "dmean2": 0.0325575061142,
        "dvar": 0.000398480915464,
        "dvar2": 0.000945384148508,
        "max": 0.324567854404,
        "mean": 0.149573117495,
        "median": 0.14588907361,
        "min": 0.00991120468825,
        "stdev": 0.0423831306398,
        "var": 0.00179632985964
    },
    "melbands_kurtosis": {
        "dmean": 5.09391736984,
        "dmean2": 8.08630084991,
        "dvar": 76.3887557983,
        "dvar2": 182.937957764,
        "max": 145.183166504,
        "mean": 9.96746444702,
        "median": 6.84115409851,
        "min": -1.79283106327,
        "stdev": 11.3571062088,
        "var": 128.983856201
    },
    "melbands_skewness": {
        "dmean": 0.640380203724,
        "dmean2": 0.99793201685,
        "dvar": 0.524408042431,
        "dvar2": 1.24462974072,
        "max": 10.3332090378,
        "mean": 2.35790514946,
        "median": 2.1086192131,
        "min": -0.311003476381,
        "stdev": 1.20321619511,
        "var": 1.44772911072
    },
    "melbands_spread": {
        "dmean": 8.61476421356,
        "dmean2": 12.964474678,
        "dvar": 209.463745117,
        "dvar2": 386.107879639,
        "max": 226.261611938,
        "mean": 28.406452179,
        "median": 24.0101947784,
        "min": 3.39237546921,
        "stdev": 21.9140529633,
        "var": 480.22567749
    },
    "pitch_salience": {
        "dmean": 0.0682173147798,
        "dmean2": 0.111053466797,
        "dvar": 0.00383469858207,
        "dvar2": 0.0101504027843,
        "max": 0.929053843021,
        "mean": 0.592227220535,
        "median": 0.600037634373,
        "min": 0.212443619967,
        "stdev": 0.101816922426,
        "var": 0.0103666856885
    },
    "silence_rate_20dB": {
        "dmean": 0,
        "dmean2": 0,
        "dvar": 0,
        "dvar2": 0,
        "max": 1,
        "mean": 1,
        "median": 1,
        "min": 1,
        "stdev": 0,
        "var": 0
    },
    "silence_rate_30dB": {
        "dmean": 0,
        "dmean2": 0,
        "dvar": 0,
        "dvar2": 0,
        "max": 1,
        "mean": 1,
        "median": 1,
        "min": 1,
        "stdev": 0,
        "var": 0
    },
    "silence_rate_60dB": {
        "dmean": 0.00696594407782,
        "dmean2": 0.0139426803216,
        "dvar": 0.00691752973944,
        "dvar2": 0.0152976159006,
        "max": 1,
        "mean": 0.0456303171813,
        "median": 0,
        "min": 0,
        "stdev": 0.208683505654,
        "var": 0.0435488037765
    },
    "spectral_centroid": {
        "dmean": 263.694244385,
        "dmean2": 400.826416016,
        "dvar": 142560.859375,
        "dvar2": 203749.09375,
        "max": 11033.3603516,
        "mean": 1498.65197754,
        "median": 1399.07678223,
        "min": 321.817810059,
        "stdev": 584.621765137,
        "var": 341782.625
    },
    "spectral_complexity": {
        "dmean": 4.19659423828,
        "dmean2": 6.53137111664,
        "dvar": 16.8792667389,
        "dvar2": 35.3922996521,
        "max": 57,
        "mean": 25.1113681793,
        "median": 25,
        "min": 0,
        "stdev": 10.1628742218,
        "var": 103.284004211
    },
    "spectral_decrease": {
        "dmean": 2.1772972314e-09,
        "dmean2": 3.41552008898e-09,
        "dvar": 6.27474645419e-18,
        "dvar2": 1.60726222277e-17,
        "max": -1.3692229217e-28,
        "mean": -8.08473643588e-09,
        "median": -8.24297607949e-09,
        "min": -2.2941783584e-08,
        "stdev": 3.82936438115e-09,
        "var": 1.46640329062e-17
    },
    "spectral_energy": {
        "dmean": 0.00875853560865,
        "dmean2": 0.0136717138812,
        "dvar": 9.11329843802e-05,
        "dvar2": 0.000235907617025,
        "max": 0.0906598716974,
        "mean": 0.0339075736701,
        "median": 0.0349408574402,
        "min": 1.08122062259e-20,
        "stdev": 0.0153013514355,
        "var": 0.000234131352045
    },
    "spectral_energyband_high": {
        "dmean": 0.000894458557013,
        "dmean2": 0.00128275284078,
        "dvar": 4.20856122219e-06,
        "dvar2": 8.09831726656e-06,
        "max": 0.0305560175329,
        "mean": 0.00220314157195,
        "median": 0.0015532632824,
        "min": 7.91124342796e-21,
        "stdev": 0.00301674869843,
        "var": 9.10077324079e-06
    },
    "spectral_energyband_low": {
        "dmean": 0.00433363253251,
        "dmean2": 0.00723611516878,
        "dvar": 9.68436943367e-05,
        "dvar2": 0.000255241640843,
        "max": 0.0807970389724,
        "mean": 0.00707032578066,
        "median": 0.00551836052909,
        "min": 5.68954946947e-23,
        "stdev": 0.00954041723162,
        "var": 9.10195667529e-05
    },
    "spectral_energyband_middle_high": {
        "dmean": 0.00253912643529,
        "dmean2": 0.00382832763717,
        "dvar": 8.34222100821e-06,
        "dvar2": 1.91854833247e-05,
        "max": 0.0437004230917,
        "mean": 0.00790306646377,
        "median": 0.00715481536463,
        "min": 1.73929102515e-21,
        "stdev": 0.00568600930274,
        "var": 3.23307031067e-05
    },
    "spectral_energyband_middle_low": {
        "dmean": 0.00615199748427,
        "dmean2": 0.00968591868877,
        "dvar": 3.74853807443e-05,
        "dvar2": 9.56833828241e-05,
        "max": 0.0589211918414,
        "mean": 0.0183233097196,
        "median": 0.0174589604139,
        "min": 2.75906840526e-22,
        "stdev": 0.0102539677173,
        "var": 0.0001051438594
    },
    "spectral_entropy": {
        "dmean": 0.122823223472,
        "dmean2": 0.176836878061,
        "dvar": 0.0144744953141,
        "dvar2": 0.0220319740474,
        "max": 9.78767681122,
        "mean": 7.84686470032,
        "median": 7.87502813339,
        "min": 6.31591653824,
        "stdev": 0.316535949707,
        "var": 0.100195005536
    },
    "spectral_flux": {
        "dmean": 0.024849543348,
        "dmean2": 0.0372023880482,
        "dvar": 0.000643043371383,
        "dvar2": 0.00133326870855,
        "max": 0.270296543837,
        "mean": 0.103182949126,
        "median": 0.100420646369,
        "min": 1.03981760702e-10,
        "stdev": 0.0436545051634,
        "var": 0.00190571567509
    },
    "spectral_kurtosis": {
        "dmean": 0.719434261322,
        "dmean2": 1.13723063469,
        "dvar": 0.673439025879,
        "dvar2": 1.56180763245,
        "max": 13.1953220367,
        "mean": 2.38574624062,
        "median": 2.29701566696,
        "min": -1.23115503788,
        "stdev": 1.41566753387,
        "var": 2.00411462784
    },
    "spectral_rms": {
        "dmean": 0.000725498073734,
        "dmean2": 0.00109614082612,
        "dvar": 5.25906216353e-07,
        "dvar2": 1.26171653392e-06,
        "max": 0.00940471421927,
        "mean": 0.00553629733622,
        "median": 0.00583854783326,
        "min": 3.24784448467e-12,
        "stdev": 0.00155883352272,
        "var": 2.42996179622e-06
    },
    "spectral_rolloff": {
        "dmean": 659.563232422,
        "dmean2": 1085.03491211,
        "dvar": 1626836.625,
        "dvar2": 2745695.5,
        "max": 18023.2910156,
        "mean": 1949.71130371,
        "median": 1399.65820312,
        "min": 107.666015625,
        "stdev": 1897.37353516,
        "var": 3600026.5
    },
    "spectral_skewness": {
        "dmean": 0.145082578063,
        "dmean2": 0.215593621135,
        "dvar": 0.0258395690471,
        "dvar2": 0.0476653799415,
        "max": 2.91110229492,
        "mean": 1.31196987629,
        "median": 1.32227420807,
        "min": -0.0320348255336,
        "stdev": 0.310443341732,
        "var": 0.0963750630617
    },
    "spectral_spread": {
        "dmean": 630669.625,
        "dmean2": 892499.375,
        "dvar": 1.3738466345e+12,
        "dvar2": 1.56685775667e+12,
        "max": 39786372,
        "mean": 5907216.5,
        "median": 5497630.5,
        "min": 2785596,
        "stdev": 1834328.75,
        "var": 3.36476215706e+12
    },
    "spectral_strongpeak": {
        "dmean": 0.726187288761,
        "dmean2": 1.2134578228,
        "dvar": 0.814374506474,
        "dvar2": 1.95271420479,
        "max": 7.77073097229,
        "mean": 1.42895305157,
        "median": 0.890936434269,
        "min": 0,
        "stdev": 1.32516026497,
        "var": 1.75604975224
    },
    "zerocrossingrate": {
        "dmean": 0.0138362729922,
        "dmean2": 0.0160648692399,
        "dvar": 0.000510460347869,
        "dvar2": 0.00050300557632,
        "max": 0.48095703125,
        "mean": 0.0831951200962,
        "median": 0.0732421875,
        "min": 0.00732421875,
        "stdev": 0.0440901778638,
        "var": 0.00194394390564
    },
    "barkbands": {
        "dmean": [4.29971478297e-05, 0.00275291781873, 0.00183704518713, 0.00114704016596, 0.00181502697524, 0.00184496620204, 0.0010672910139, 0.00174311129376, 0.00239956332371, 0.0011386719998, 0.000664636900183, 0.000776394153945, 0.000575759157073, 0.00057954993099, 0.000369426445104, 0.000265341135673, 0.000227352342336, 0.000139377996675, 0.000241771776928, 0.00026527774753, 0.000110752684122, 0.000138373390655, 0.000227898941375, 0.000330030889018, 0.000170079321833, 4.38571551058e-05, 2.02600199373e-06],
        "dmean2": [7.16346112313e-05, 0.00460093654692, 0.00329318665899, 0.00192473956849, 0.0029719104059, 0.00300443638116, 0.00169431068935, 0.00270089250989, 0.00384919601493, 0.00178868789226, 0.00104621518403, 0.0012294522021, 0.000926004024222, 0.000930196372792, 0.000598986807745, 0.000406650215155, 0.000358027085895, 0.000230815334362, 0.000396352057578, 0.000423517834861, 0.000177906054887, 0.000205385396839, 0.000358257209882, 0.000478930887766, 0.000248362863204, 6.63801110932e-05, 3.2089430988e-06],
        "dvar": [8.13313505432e-09, 5.11996586283e-05, 1.70553994394e-05, 2.31344506574e-06, 6.61412832414e-06, 8.91743911779e-06, 3.08606672661e-06, 1.11391445898e-05, 1.66885220096e-05, 3.83360065825e-06, 1.92519678421e-06, 3.48620960722e-06, 1.30899093165e-06, 9.66677362157e-07, 5.50316428871e-07, 2.53262328442e-07, 1.12368297778e-07, 3.33199068336e-08, 1.1009559131e-07, 1.17386086629e-07, 2.5137000037e-08, 9.38091133662e-08, 3.56552277481e-07, 1.5638070181e-06, 2.05659944186e-07, 9.64905311207e-09, 3.01981391282e-11],
        "dvar2": [2.05589572033e-08, 0.000130920758238, 5.02396469528e-05, 6.40995358481e-06, 1.73811331479e-05, 2.26155789278e-05, 7.20552134226e-06, 2.60891865764e-05, 4.22599514422e-05, 9.55751329457e-06, 4.02543400924e-06, 8.33477861306e-06, 3.23363951793e-06, 2.32925481214e-06, 1.45798128415e-06, 5.77610876462e-07, 2.69391279062e-07, 8.63342961566e-08, 2.58398443975e-07, 2.79559117189e-07, 6.60120562657e-08, 1.85788536555e-07, 7.8153954064e-07, 3.38437689607e-06, 3.922618248e-07, 2.18395364016e-08, 5.52197836068e-11],
        "max": [0.000744505086914, 0.0722570493817, 0.029234636575, 0.0135284103453, 0.0248162727803, 0.0322970971465, 0.0196257997304, 0.0455537177622, 0.0461092665792, 0.0279990267009, 0.0382907427847, 0.0318943969905, 0.0160904377699, 0.01035356801, 0.0130892768502, 0.00640004640445, 0.00442967936397, 0.00157073989976, 0.00390967773274, 0.00514289969578, 0.00231414614245, 0.0047942106612, 0.0118638258427, 0.0234697330743, 0.00746259652078, 0.00173697457649, 0.000150919120642],
        "mean": [4.62489224446e-05, 0.00318925292231, 0.00265918811783, 0.00227360846475, 0.00321288057603, 0.00296165444888, 0.00180130125955, 0.00268683652394, 0.00422282982618, 0.00200179102831, 0.0010461875936, 0.00123856565915, 0.00089470075909, 0.000924122927245, 0.000575530400965, 0.000477482710266, 0.000418757437728, 0.000248872500379, 0.000518692424521, 0.000590873358306, 0.00026865513064, 0.00029534479836, 0.000434631074313, 0.000554039434064, 0.000297464808682, 6.61901358399e-05, 1.8928631107e-06],
        "median": [1.23124573292e-05, 0.00167110003531, 0.000951953115873, 0.00158196955454, 0.00251995306462, 0.00158397853374, 0.00081891566515, 0.000555906794034, 0.0013356374111, 0.000871133990586, 0.000408803083701, 0.000588871596847, 0.000343807798345, 0.000435389229096, 0.00021294898761, 0.000182206960744, 0.000253615755355, 0.000168796133948, 0.000393256283132, 0.000393857044401, 0.000204381998628, 0.000206999990041, 0.000251122895861, 0.000266572315013, 0.000142299206345, 3.11397852784e-05, 3.79446561283e-07],
        "min": [4.70731761491e-24, 4.97109787103e-23, 1.78204388464e-24, 3.21389170586e-24, 7.50046171894e-23, 2.02824626876e-23, 1.18741135746e-22, 2.48976366156e-23, 2.08732958397e-23, 1.52833485793e-23, 6.92840440293e-23, 2.10786978645e-22, 5.54996652763e-23, 2.87596698912e-22, 2.13364711026e-22, 2.22670265726e-22, 1.30431991252e-22, 1.98869600152e-22, 2.27042776573e-22, 3.72835429506e-22, 4.02694357505e-22, 7.30025513208e-22, 7.76819833338e-22, 8.29528060659e-22, 1.1273325692e-21, 1.6755518718e-21, 2.34579596575e-21],
        "stdev": [9.29741727305e-05, 0.00650426140055, 0.00381086580455, 0.00233524036594, 0.00315278535709, 0.00414681201801, 0.00264756754041, 0.00502287549898, 0.00663588475436, 0.00318781705573, 0.00227586156689, 0.00231076171622, 0.001475888188, 0.00137664016802, 0.000971613801084, 0.000795530271716, 0.000493003870361, 0.000243839735049, 0.000478378118714, 0.00059971382143, 0.000239101849729, 0.000410399661632, 0.000770271522924, 0.00161697692238, 0.00062030198751, 0.000117538438644, 6.48257173452e-06],
        "var": [8.64419735791e-09, 4.23054189014e-05, 1.45226986206e-05, 5.45334796698e-06, 9.94005586108e-06, 1.71960509761e-05, 7.00961390976e-06, 2.52292793448e-05, 4.4034964958e-05, 1.01621781141e-05, 5.1795454965e-06, 5.3396192925e-06, 2.17824594984e-06, 1.89513809801e-06, 9.4403338835e-07, 6.3286842078e-07, 2.43052795668e-07, 5.94578146718e-08, 2.28845621564e-07, 3.59656695537e-07, 5.71696965324e-08, 1.68427888525e-07, 5.93318247866e-07, 2.61461423179e-06, 3.84774523354e-07, 1.38152840279e-08, 4.20237351861e-11]
    },
    "erbbands": {
        "dmean": [0.0644268095493, 0.694241404533, 1.95563900471, 2.97116065025, 5.37364435196, 6.40421581268, 12.0738859177, 13.9693622589, 11.3204374313, 27.486246109, 41.6695098877, 49.939414978, 44.885269165, 24.3969650269, 27.8923130035, 30.1262645721, 25.3661899567, 31.297908783, 17.5843753815, 17.3994026184, 13.3727245331, 11.4872303009, 7.77787208557, 9.14334106445, 12.5387163162, 13.0820980072, 5.99489831924, 3.84608340263, 5.12981081009, 4.98866510391, 7.17034578323, 7.50115060806, 5.16978406906, 2.52664709091, 0.928500056267, 0.271885097027, 0.0668949857354, 0.0113874524832, 0.000273805344477, 1.7947935703e-05],
        "dmean2": [0.10708796978, 1.16392481327, 3.51279091835, 5.08368206024, 9.10104846954, 10.5938978195, 19.4854698181, 22.9147319794, 18.0930023193, 42.1003036499, 63.897026062, 80.0879821777, 69.522605896, 39.2003440857, 43.025932312, 48.1124191284, 40.1844406128, 50.2994804382, 28.7648410797, 26.8462181091, 20.2098960876, 17.7214450836, 12.6375398636, 15.3787593842, 19.9753513336, 20.5682640076, 9.6504983902, 6.18392276764, 7.74282646179, 7.73227071762, 11.1924104691, 11.2468233109, 7.55635404587, 3.71561717987, 1.36674904823, 0.40541100502, 0.104065209627, 0.0179439876229, 0.000425433623604, 2.63238216576e-05],
        "dvar": [0.0278181247413, 3.23849487305, 22.0761623383, 18.9595184326, 83.9976501465, 73.6792678833, 431.168823242, 622.406311035, 357.894561768, 3427.90893555, 5803.7109375, 9896.49414062, 6554.17871094, 1510.61560059, 3678.0324707, 4556.21679688, 2722.8737793, 2670.59570312, 979.103820801, 1534.22680664, 509.917480469, 276.562896729, 101.710899353, 161.083312988, 314.716125488, 290.936309814, 74.2457351685, 34.3354187012, 135.820983887, 139.936706543, 336.772705078, 820.859008789, 405.556762695, 48.4190292358, 5.69104242325, 0.448795765638, 0.0282183997333, 0.000618146150373, 3.79168255904e-07, 6.90651535962e-10],
        "dvar2": [0.0714551210403, 8.44529247284, 64.7157669067, 54.7564811707, 225.240722656, 203.275634766, 1077.73730469, 1577.65014648, 921.866699219, 8043.45410156, 13232.3017578, 26257.7265625, 15914.8427734, 3702.66625977, 7230.8046875, 10926.3535156, 6653.92724609, 6461.89013672, 2649.56787109, 3713.47338867, 1094.51806641, 641.601196289, 259.252563477, 393.521514893, 719.850769043, 677.545898438, 191.356292725, 80.4062957764, 278.69833374, 309.293609619, 753.236328125, 1784.1307373, 981.259216309, 96.8137054443, 11.041727066, 0.972310960293, 0.0672536715865, 0.00138626142871, 7.52657001613e-07, 1.47930123706e-09],
        "max": [1.58134829998, 17.6790027618, 35.0757751465, 40.3439025879, 83.8498077393, 83.9359741211, 275.200134277, 335.84854126, 225.913879395, 833.714050293, 1222.9407959, 1433.60986328, 1182.59814453, 512.10369873, 1766.32788086, 1020.91137695, 743.424804688, 594.332275391, 318.945983887, 577.930725098, 326.336608887, 261.189697266, 85.2042388916, 170.266998291, 222.451828003, 260.335540771, 113.486488342, 85.8113098145, 200.287063599, 210.29548645, 347.718597412, 498.539031982, 422.746582031, 112.489578247, 41.5799865723, 9.49590587616, 3.80190610886, 0.573858678341, 0.0143876736984, 0.000361862708814],
        "mean": [0.0693817064166, 0.817289471626, 2.78018045425, 5.86811065674, 8.64427947998, 11.4781970978, 19.4507904053, 21.8561573029, 20.7390651703, 45.1620788574, 69.0221710205, 87.8815078735, 90.4854507446, 45.073600769, 47.0494117737, 50.6725730896, 43.3725776672, 51.9869117737, 30.2360782623, 30.3595046997, 26.1563587189, 23.0860786438, 15.1903305054, 19.7802639008, 27.403755188, 28.9685173035, 14.606962204, 9.20251846313, 10.530667305, 10.6478223801, 12.9148206711, 12.7292690277, 8.28035259247, 4.42951345444, 1.48406112194, 0.423465460539, 0.0945277437568, 0.0136886741966, 0.000354041869286, 5.87247050134e-05],
        "median": [0.0321007445455, 0.457611322403, 1.39188551903, 5.01993465424, 6.56709623337, 8.60087108612, 10.4290342331, 11.9096021652, 12.3242788315, 15.3074970245, 19.7677516937, 33.6483535767, 32.282283783, 26.4694709778, 21.4356632233, 25.5719051361, 18.1718139648, 26.1391086578, 14.6750268936, 10.7653131485, 12.5884771347, 14.5566101074, 10.6962766647, 15.3250522614, 19.7003574371, 19.061000824, 9.93238830566, 6.91950941086, 7.36255455017, 7.11662244797, 7.21851205826, 5.9330701828, 4.07505750656, 2.22789764404, 0.636291801929, 0.174871891737, 0.0430385917425, 0.0054052141495, 0.000146772756125, 5.41617664567e-05],
        "min": [1.79709087629e-21, 9.42488943708e-21, 4.42546312919e-21, 1.0696264423e-20, 6.65319525876e-20, 3.6439606579e-19, 2.11250580562e-19, 2.29349654256e-19, 1.46279818936e-18, 1.0576035595e-18, 6.77200773378e-19, 4.87555710976e-19, 6.81278980593e-19, 1.47555465857e-18, 3.95186902495e-18, 8.10772161614e-18, 3.44056635446e-18, 1.13202586775e-17, 1.22206530461e-17, 1.32007272416e-17, 1.06417728791e-17, 7.58866164586e-18, 8.87502758723e-18, 1.44560714284e-17, 1.25266304634e-17, 1.67324790916e-17, 1.55596097749e-17, 1.8831866795e-17, 2.76968970773e-17, 2.17881275862e-17, 2.13813052717e-17, 1.77642677918e-17, 1.41778045616e-17, 1.06330237897e-17, 9.39259284215e-18, 5.53670613316e-18, 3.22562636742e-18, 1.54132802838e-18, 3.43049636108e-19, 2.99946546857e-20],
        "stdev": [0.151767447591, 1.61251521111, 4.09238243103, 5.57278490067, 9.70913124084, 11.2590017319, 27.3011283875, 34.3832626343, 26.4425296783, 84.0197143555, 123.286659241, 146.499816895, 150.935348511, 58.5938949585, 92.6020507812, 81.4114151001, 69.2043838501, 72.4786300659, 41.7230758667, 54.1349372864, 37.2877731323, 26.0721416473, 14.1369228363, 18.8453483582, 26.5102539062, 29.7840328217, 13.8046350479, 8.68922042847, 15.1436872482, 15.6323404312, 23.5454788208, 36.1835479736, 24.2043209076, 9.33396625519, 3.20139217377, 0.842437982559, 0.179643243551, 0.0265095792711, 0.000713544664904, 3.81208737963e-05],
        "var": [0.023033356294, 2.60020518303, 16.747592926, 31.055929184, 94.2672348022, 126.765129089, 745.351623535, 1182.2088623, 699.207336426, 7059.3125, 15199.5996094, 21462.1953125, 22781.4804688, 3433.24438477, 8575.13964844, 6627.81884766, 4789.24658203, 5253.15136719, 1740.81494141, 2930.59155273, 1390.37792969, 679.756591797, 199.852600098, 355.147125244, 702.793518066, 887.088623047, 190.567947388, 75.5025482178, 229.331253052, 244.370071411, 554.389587402, 1309.24926758, 585.849182129, 87.1229171753, 10.2489118576, 0.709701776505, 0.032271694392, 0.000702757795807, 5.09145991145e-07, 1.45320100398e-09]
    },
    "gfcc": {
        "mean": [47.3223648071, 67.40259552, -117.69770813, 27.7446594238, -78.3424758911, 20.9738025665, -43.466709137, 12.1206302643, -31.7638702393, 0.733543276787, -16.2783317566, -5.57626485825, -13.5021839142],
        "cov": [[5250.40136719, -250.783935547, -111.779701233, 330.819824219, 84.8203887939, 262.588562012, 62.2132225037, 140.584457397, -12.6703100204, 27.7407989502, -29.0145339966, 123.235015869, -94.9373931885], [-250.783935547, 624.807617188, -3.58983278275, 107.038131714, 130.384994507, -44.1935768127, 62.1557197571, -40.0823402405, 31.0900287628, -17.7229156494, 42.6444892883, -34.1379165649, 19.6489486694], [-111.779701233, -3.58983278275, 610.278320312, 259.698486328, 196.893814087, 136.03187561, -9.42945384979, 81.1075668335, -36.0797996521, -18.1085624695, 46.5579719543, 57.6175193787, -85.8138656616], [330.819824219, 107.038131714, 259.698486328, 428.913452148, 209.890579224, 61.781414032, -36.6818580627, 8.92012882233, 28.9440784454, -28.5971069336, 14.5937318802, 23.8064975739, -28.9255332947], [84.8203887939, 130.384994507, 196.893814087, 209.890579224, 282.981628418, 60.0510826111, 16.7338180542, 34.2615737915, 21.4631290436, 15.1313610077, 2.68139100075, 27.4269504547, -16.4120254517], [262.588562012, -44.1935768127, 136.03187561, 61.781414032, 60.0510826111, 177.256668091, 72.4778518677, 44.9756660461, -27.4654312134, -22.0022163391, 21.3976039886, 2.08705234528, -45.226474762], [62.2132225037, 62.1557197571, -9.42945384979, -36.6818580627, 16.7338180542, 72.4778518677, 161.026733398, 45.63879776, -6.85697126389, -11.0837564468, 10.2267255783, -2.15186619759, -27.9464607239], [140.584457397, -40.0823402405, 81.1075668335, 8.92012882233, 34.2615737915, 44.9756660461, 45.63879776, 108.988945007, 28.3972797394, 14.6554775238, -15.2209377289, -1.62438058853, -20.6966133118], [-12.6703100204, 31.0900287628, -36.0797996521, 28.9440784454, 21.4631290436, -27.4654312134, -6.85697126389, 28.3972797394, 107.903701782, 32.7111625671, -29.2441616058, -24.8431053162, 14.509979248], [27.7407989502, -17.7229156494, -18.1085624695, -28.5971069336, 15.1313610077, -22.0022163391, -11.0837564468, 14.6554775238, 32.7111625671, 75.3329849243, 1.05943357944, -10.9013147354, -1.61271607876], [-29.0145339966, 42.6444892883, 46.5579719543, 14.5937318802, 2.68139100075, 21.3976039886, 10.2267255783, -15.2209377289, -29.2441616058, 1.05943357944, 78.0956115723, 30.8049564362, -15.7121677399], [123.235015869, -34.1379165649, 57.6175193787, 23.8064975739, 27.4269504547, 2.08705234528, -2.15186619759, -1.62438058853, -24.8431053162, -10.9013147354, 30.8049564362, 88.3873901367, 6.46592378616], [-94.9373931885, 19.6489486694, -85.8138656616, -28.9255332947, -16.4120254517, -45.226474762, -27.9464607239, -20.6966133118, 14.509979248, -1.61271607876, -15.7121677399, 6.46592378616, 80.3492736816]],
        "icov": [[0.000326501118252, -0.000135968628456, 0.000596509489696, -0.000598180107772, 0.00036012075725, -0.000832101679407, 0.000335566786816, -0.000602645392064, 0.000422876997618, -0.000724296434782, 0.000713162880857, -0.00108927802648, 0.000543650065083], [-0.000135968628456, 0.00320951454341, -0.000464901706437, 0.00011938829266, -0.00230718590319, 0.00291762989946, -0.00252153188922, 0.00146935868543, -0.00122592027765, 0.0024963717442, -0.0039348192513, 0.00375914550386, -0.00152707321104], [0.000596509489696, -0.000464901706437, 0.00488519622013, -0.00216565444134, -0.000422816927312, -0.00288231763989, 0.00277319573797, -0.00401857262477, 0.0021721359808, -0.000901870313101, 0.000452922511613, -0.00332853361033, 0.00342306634411], [-0.000598180107772, 0.00011938829266, -0.00216565444134, 0.00643321452662, -0.00383041240275, 0.000859030289575, 0.00127149967011, 0.00226531317458, -0.00372392311692, 0.00490046525374, -0.00230912538245, 0.0021522778552, 0.000140001895488], [0.00036012075725, -0.00230718590319, -0.000422816927312, -0.00383041240275, 0.00915938708931, -0.00347998784855, -7.48535749153e-05, -0.000929920061026, 0.00133926270064, -0.00632314383984, 0.00543263601139, -0.00515538081527, -8.58311977936e-05], [-0.000832101679407, 0.00291762989946, -0.00288231763989, 0.000859030289575, -0.00347998784855, 0.0143460333347, -0.0061882827431, 0.000187857556739, 0.00017221539747, 0.00566712999716, -0.00653380667791, 0.0076272264123, -0.00101436208934], [0.000335566786816, -0.00252153188922, 0.00277319573797, 0.00127149967011, -7.48535749153e-05, -0.0061882827431, 0.012599251233, -0.00561362877488, 0.000712007458787, 0.000829728669487, 0.00110347487498, -0.00361321191303, 0.00426496751606], [-0.000602645392064, 0.00146935868543, -0.00401857262477, 0.00226531317458, -0.000929920061026, 0.000187857556739, -0.00561362877488, 0.0177457872778, -0.00598790356889, -0.000820048036985, 0.00221954821609, 0.0013788320357, -0.000625488522928], [0.000422876997618, -0.00122592027765, 0.0021721359808, -0.00372392311692, 0.00133926270064, 0.00017221539747, 0.000712007458787, -0.00598790356889, 0.016630705446, -0.00758155062795, 0.00487030111253, 0.000153084969497, -0.00136092875618], [-0.000724296434782, 0.0024963717442, -0.000901870313101, 0.00490046525374, -0.00632314383984, 0.00566712999716, 0.000829728669487, -0.000820048036985, -0.00758155062795, 0.0234405957162, -0.00940686836839, 0.00705974921584, 0.00074234965723], [0.000713162880857, -0.0039348192513, 0.000452922511613, -0.00230912538245, 0.00543263601139, -0.00653380667791, 0.00110347487498, 0.00221954821609, 0.00487030111253, -0.00940686836839, 0.025113908574, -0.0125388419256, 0.00469650374725], [-0.00108927802648, 0.00375914550386, -0.00332853361033, 0.0021522778552, -0.00515538081527, 0.0076272264123, -0.00361321191303, 0.0013788320357, 0.000153084969497, 0.00705974921584, -0.0125388419256, 0.0230155903846, -0.00683786347508], [0.000543650065083, -0.00152707321104, 0.00342306634411, 0.000140001895488, -8.58311977936e-05, -0.00101436208934, 0.00426496751606, -0.000625488522928, -0.00136092875618, 0.00074234965723, 0.00469650374725, -0.00683786347508, 0.0196308493614]]
    },
    "melbands": {
        "dmean": [0.000685306091327, 0.000915922864806, 0.000532183679752, 0.000406583567383, 0.000362510967534, 0.000317403348163, 0.00017962041602, 0.000312278949423, 0.000373229500838, 0.000316561752697, 0.000221659109229, 0.000100604760519, 9.43902559811e-05, 9.74946888164e-05, 6.62891397951e-05, 5.29028475285e-05, 6.21920917183e-05, 2.95713580272e-05, 2.82953769783e-05, 2.0518022211e-05, 1.69304130395e-05, 1.39371195473e-05, 1.08350959636e-05, 5.80609867029e-06, 8.23176287668e-06, 9.71480221779e-06, 1.04207783806e-05, 9.01310795598e-06, 4.69503083877e-06, 2.62335129264e-06, 2.43600402428e-06, 2.97475708066e-06, 3.13538043883e-06, 2.9976508813e-06, 4.25803636972e-06, 5.01125123265e-06, 4.79837126477e-06, 4.14606756749e-06, 2.81186567008e-06, 2.06017080018e-06],
        "dmean2": [0.00114370812662, 0.0016098280903, 0.000907688052393, 0.000677063129842, 0.000582368753385, 0.000516867730767, 0.000284839916276, 0.000481671420857, 0.000582062464673, 0.000502850336488, 0.000344933738234, 0.000162690179422, 0.000148600316606, 0.000153348693857, 0.00010556862253, 8.51867953315e-05, 0.00010033576109, 4.91072169098e-05, 4.52403110103e-05, 3.15786928695e-05, 2.6017502023e-05, 2.19114372157e-05, 1.78304417204e-05, 9.66643347056e-06, 1.39278263305e-05, 1.591032742e-05, 1.65109486261e-05, 1.40465572258e-05, 7.6216447269e-06, 4.30038335253e-06, 3.89947399526e-06, 4.62293610326e-06, 4.79805294162e-06, 4.80992457597e-06, 6.82404424879e-06, 7.79730271461e-06, 7.21089372746e-06, 6.11090808889e-06, 4.34783578385e-06, 3.13002942676e-06],
        "dvar": [3.22062010127e-06, 4.96594657307e-06, 5.54620271487e-07, 3.78777059495e-07, 3.32048699647e-07, 2.87342174943e-07, 7.67919914324e-08, 4.20324425932e-07, 4.37010726273e-07, 3.49645716824e-07, 1.58750751211e-07, 2.78190466219e-08, 4.21455617072e-08, 5.97718141648e-08, 1.56069113189e-08, 9.56338297442e-09, 1.11283142701e-08, 3.08922687431e-09, 4.60491156318e-09, 1.87525994733e-09, 7.85865872377e-10, 4.68820315902e-10, 1.79700379577e-10, 7.46557884956e-11, 1.34135591523e-10, 2.0092927322e-10, 1.88257312517e-10, 1.51964038575e-10, 4.92667573404e-11, 1.58317005339e-11, 1.38399647645e-11, 4.33537060418e-11, 5.31651458968e-11, 5.28612709161e-11, 9.43968861411e-11, 3.7387903884e-10, 3.98074906371e-10, 3.21898646627e-10, 7.62833615719e-11, 3.04906586091e-11],
        "dvar2": [8.1467533164e-06, 1.39870335261e-05, 1.58612078849e-06, 1.0246619695e-06, 8.25512927349e-07, 7.26537166429e-07, 1.88378152188e-07, 9.90243279375e-07, 9.9967985534e-07, 9.26089228415e-07, 3.83629952694e-07, 6.82436720467e-08, 8.43186214183e-08, 1.48213331386e-07, 3.39004948557e-08, 2.41287683167e-08, 2.67982684932e-08, 8.38214209153e-09, 1.23979608802e-08, 4.18889767317e-09, 1.74665326647e-09, 1.12421716381e-09, 4.7315462659e-10, 1.97205862751e-10, 3.29599098015e-10, 4.78739770049e-10, 4.48418358001e-10, 3.53167051159e-10, 1.27122035121e-10, 4.26270060916e-11, 3.16009822476e-11, 9.30377927477e-11, 1.07720908582e-10, 1.2580464448e-10, 2.24085611178e-10, 9.08540631617e-10, 8.56162363227e-10, 7.95564614187e-10, 1.71013050942e-10, 6.30967916804e-11],
        "max": [0.0182683113962, 0.0168012920767, 0.00617682002485, 0.00653246138245, 0.00763831287622, 0.0071981488727, 0.00324731506407, 0.00864001829177, 0.00863246619701, 0.00852145440876, 0.00577973481268, 0.00204744795337, 0.00598778808489, 0.00454587070271, 0.00228931615129, 0.00156361388508, 0.00105965766124, 0.000716710754205, 0.00135348516051, 0.000615361437667, 0.000357964832801, 0.000332220544806, 0.000121006385598, 7.75062653702e-05, 0.000152729015099, 0.000191778017324, 0.000166487923707, 0.000160589304869, 8.27157637104e-05, 4.21778131567e-05, 6.03247826803e-05, 0.000109045438876, 0.000132062792545, 0.000127010294818, 0.000119589210954, 0.000487415265525, 0.000427098420914, 0.000372309470549, 0.000164201279404, 8.20049172034e-05],
        "mean": [0.00077837286517, 0.0013438956812, 0.00109528633766, 0.000717248767614, 0.000637320219539, 0.000507053046022, 0.000332823285135, 0.000503153481986, 0.000607384077739, 0.000561127613764, 0.000436375848949, 0.000170799947227, 0.000154599852976, 0.000151051601279, 0.000108096181066, 8.54095997056e-05, 9.82936398941e-05, 4.62707721454e-05, 4.3834970711e-05, 3.5260203731e-05, 2.99252387777e-05, 2.49566091952e-05, 1.89292513824e-05, 9.53313792706e-06, 1.66063691722e-05, 2.0085280994e-05, 2.11111764656e-05, 1.87453770195e-05, 1.01121840999e-05, 5.75993090024e-06, 5.1303827604e-06, 5.72537373955e-06, 6.12088979324e-06, 5.84182816965e-06, 7.26236930859e-06, 8.06401476439e-06, 7.80252503318e-06, 6.25188795311e-06, 4.49912704426e-06, 3.49469746652e-06],
        "median": [0.000402312725782, 0.000919746467844, 0.00100013485644, 0.000555512844585, 0.000410823267885, 0.00028049267712, 0.000188531892491, 0.000149189057993, 0.000150885069161, 0.000194500680664, 0.000147592756548, 8.97050049389e-05, 6.66530686431e-05, 6.97350478731e-05, 4.67963400297e-05, 3.91153043893e-05, 4.60557239421e-05, 2.00061185751e-05, 1.43766465044e-05, 1.13803480417e-05, 1.46330012285e-05, 1.48221497511e-05, 1.31435990625e-05, 5.56177337785e-06, 1.25013839352e-05, 1.50022124217e-05, 1.36950602609e-05, 1.11792514872e-05, 6.54325231153e-06, 4.15450085711e-06, 3.71732062376e-06, 3.97777375838e-06, 4.04918318964e-06, 3.61827915185e-06, 4.01167380915e-06, 3.85991052099e-06, 3.40704741575e-06, 2.79730534203e-06, 2.39778046307e-06, 1.66786446698e-06],
        "min": [1.5032345661e-23, 5.82938390016e-24, 2.36858129477e-24, 1.62780532714e-23, 9.85923171397e-24, 5.01787874266e-24, 2.36319029823e-23, 9.67260852304e-24, 5.69122635109e-24, 2.87727706621e-24, 3.11883455843e-24, 4.82742839304e-24, 1.0596835593e-23, 2.47820921588e-23, 1.24796604026e-23, 4.89391280127e-24, 2.54373752469e-23, 2.12958160515e-23, 1.8628450139e-23, 1.4869644677e-23, 1.27667379301e-23, 8.01399770423e-24, 6.279605357e-24, 9.6018705768e-24, 1.22100190677e-23, 7.53304025437e-24, 8.5223207389e-24, 1.31626687961e-23, 8.71930325124e-24, 9.58013588114e-24, 1.1768992968e-23, 1.4641671764e-23, 1.49750349162e-23, 1.09389464238e-23, 1.19221897558e-23, 1.41060273208e-23, 9.61405453349e-24, 1.02282206135e-23, 9.26752529276e-24, 8.7682339266e-24],
        "stdev": [0.00164198316634, 0.00196218513884, 0.000969462329522, 0.000729620282073, 0.000771100400016, 0.000754295673687, 0.00041731481906, 0.000925113854464, 0.00106124742888, 0.00089999899501, 0.000743304961361, 0.000240312569076, 0.00032747205114, 0.000295393721899, 0.000169716484379, 0.00012659119966, 0.000145897414768, 7.01562239556e-05, 8.26236355351e-05, 6.47351480438e-05, 4.30746586062e-05, 3.12992560794e-05, 1.83303764061e-05, 1.07295800262e-05, 1.67277521541e-05, 1.9285856979e-05, 2.24159175559e-05, 2.15588461288e-05, 1.08184676719e-05, 5.33325328433e-06, 5.48208163309e-06, 8.3629583969e-06, 9.32207240112e-06, 9.18230125535e-06, 1.21913699331e-05, 2.1265257601e-05, 2.52589579759e-05, 2.10903872357e-05, 1.03058137029e-05, 7.40216910344e-06],
        "var": [2.69610859505e-06, 3.85017074223e-06, 9.3985715921e-07, 5.32345723059e-07, 5.94595803705e-07, 5.68961922909e-07, 1.74151651322e-07, 8.55835594393e-07, 1.12624616122e-06, 8.09998198292e-07, 5.52502228857e-07, 5.77501317878e-08, 1.07237944746e-07, 8.72574474897e-08, 2.8803686547e-08, 1.6025330396e-08, 2.12860573612e-08, 4.92189577983e-09, 6.82666456697e-09, 4.19063939106e-09, 1.85542614606e-09, 9.7964347745e-10, 3.36002670132e-10, 1.15123889588e-10, 2.79817696791e-10, 3.71944253175e-10, 5.02473396224e-10, 4.64783850296e-10, 1.17039239411e-10, 2.84435912323e-11, 3.00532168596e-11, 6.99390753645e-11, 8.69010280402e-11, 8.4314652482e-11, 1.48629511476e-10, 4.52211157409e-10, 6.38014918675e-10, 4.44804443278e-10, 1.06209797901e-10, 5.47921083505e-11]
    },
    "melbands128": {
