{
"lowlevel": {
    "average_loudness": 0.964653611183,
    "barkbands_crest": {
        "dmean": 2.59394001961,
        "dmean2": 4.05531406403,
        "dvar": 5.51354169846,
        "dvar2": 12.5648841858,
        "max": 24.5964069366,
        "mean": 9.50581073761,
        "median": 8.50716781616,
        "min": 2.13524627686,
        "stdev": 4.18763446808,
        "var": 17.536283493
    },
    "barkbands_flatness_db": {
        "dmean": 0.0245962403715,
        "dmean2": 0.0355303995311,
        "dvar": 0.000534723920282,
        "dvar2": 0.0010426719673,
        "max": 0.350503593683,
        "mean": 0.118592016399,
        "median": 0.112727768719,
        "min": 0.0268517825752,
        "stdev": 0.0468490459025,
        "var": 0.00219483324327
    },
    "barkbands_kurtosis": {
        "dmean": 3.15821123123,
        "dmean2": 4.74465751648,
        "dvar": 29.1548233032,
        "dvar2": 54.8708114624,
        "max": 117.153572083,
        "mean": 4.46933889389,
        "median": 1.89569759369,
        "min": -1.7985252142,
        "stdev": 8.72828292847,
        "var": 76.1829147339
    },
    "barkbands_skewness": {
        "dmean": 0.585788071156,
        "dmean2": 0.877613306046,
        "dvar": 0.406102597713,
        "dvar2": 0.869343519211,
        "max": 8.86453151703,
        "mean": 1.57884919643,
        "median": 1.38793587685,
        "min": -1.28847634792,
        "stdev": 1.14719521999,
        "var": 1.31605684757
    },
    "barkbands_spread": {
        "dmean": 8.45385742188,
        "dmean2": 13.0568037033,
        "dvar": 136.034591675,
        "dvar2": 327.62802124,
        "max": 96.3415908813,
        "mean": 24.7325763702,
        "median": 22.2407951355,
        "min": 0.925993025303,
        "stdev": 15.2218570709,
        "var": 231.704925537
    },
    "dissonance": {
        "dmean": 0.0212149564177,
        "dmean2": 0.0353237837553,
        "dvar": 0.000452906999271,
        "dvar2": 0.000997371505946,
        "max": 0.499988347292,
        "mean": 0.460177987814,
        "median": 0.46611264348,
        "min": 0.152226954699,
        "stdev": 0.0294908434153,
        "var": 0.000869709881954
    },
    "dynamic_complexity": 2.17864322662,
    "erbbands_crest": {
        "dmean": 2.42157125473,
        "dmean2": 3.9284825325,
        "dvar": 5.30985641479,
        "dvar2": 12.5632762909,
        "max": 26.299407959,
        "mean": 8.27604961395,
        "median": 7.47418403625,
        "min": 2.27168822289,
        "stdev": 3.69689130783,
        "var": 13.6670045853
    },
    "erbbands_flatness_db": {
        "dmean": 0.019411675632,
        "dmean2": 0.0267701093107,
        "dvar": 0.00034045506618,
        "dvar2": 0.000614966149442,
        "max": 0.263142168522,
        "mean": 0.132756993175,
        "median": 0.134466722608,
        "min": 0.0471034198999,
        "stdev": 0.0359317101538,
        "var": 0.00129108782858
    },
    "erbbands_kurtosis": {
        "dmean": 0.90841704607,
        "dmean2": 1.3985131979,
        "dvar": 1.46299684048,
        "dvar2": 3.24528050423,
        "max": 22.6058578491,
        "mean": 0.760871887207,
        "median": 0.277262687683,
        "min": -1.69124555588,
        "stdev": 2.00353264809,
        "var": 4.01414346695
    },
    "erbbands_skewness": {
        "dmean": 0.341205060482,
        "dmean2": 0.523878753185,
        "dvar": 0.114775322378,
        "dvar2": 0.249673590064,
        "max": 4.06378412247,
        "mean": 0.606349110603,
        "median": 0.542130112648,
        "min": -1.67506408691,
        "stdev": 0.644066631794,
        "var": 0.414821833372
    },
    "erbbands_spread": {
        "dmean": 10.3205566406,
        "dmean2": 15.149392128,
        "dvar": 143.237960815,
        "dvar2": 286.74697876,
        "max": 141.679428101,
        "mean": 40.3222618103,
        "median": 36.3346176147,
        "min": 7.99972009659,
        "stdev": 19.503692627,
        "var": 380.394042969
    },
    "hfc": {
        "dmean": 11.1645584106,
        "dmean2": 16.7588367462,
        "dvar": 234.965362549,
        "dvar2": 568.207763672,
        "max": 137.428771973,
        "mean": 29.1118469238,
        "median": 25.7847213745,
        "min": 0.000242362482823,
        "stdev": 22.2896404266,
        "var": 496.828063965
    },
    "loudness_ebu128": {
        "integrated": -8.36223220825,
        "loudness_range": 1.34145450592,
        "momentary": {
            "dmean": 0.618656754494,
            "dmean2": 0.685231864452,
            "dvar": 0.250114142895,
            "dvar2": 0.35786819458,
            "max": -5.55027723312,
            "mean": -8.58193016052,
            "median": -8.33600616455,
            "min": -15.0864286423,
            "stdev": 1.4639146328,
            "var": 2.14304614067
        },
        "short_term": {
            "dmean": 0.0633680000901,
            "dmean2": 0.0739987045527,
            "dvar": 0.00294051622041,
            "dvar2": 0.00411050813273,
            "max": -7.38863945007,
            "mean": -8.42862701416,
            "median": -8.41705513,
            "min": -9.59703445435,
            "stdev": 0.430746883154,
            "var": 0.185542881489
        }
    },
    "melbands_crest": {
        "dmean": 3.32786273956,
        "dmean2": 5.32186412811,
        "dvar": 9.14258098602,
        "dvar2": 21.0064697266,
        "max": 34.5745353699,
        "mean": 13.305015564,
        "median": 12.2719163895,
        "min": 4.29123687744,
        "stdev": 5.24100160599,
        "var": 27.4680976868
    },
    "melbands_flatness_db": {
        "dmean": 0.0292882714421,
        "dmean2": 0.0423849672079,
        "dvar": 0.000839288928546,
        "dvar2": 0.00174505112227,
        "max": 0.466834038496,
        "mean": 0.183783367276,
        "median": 0.173275962472,
        "min": 0.05387846753,
        "stdev": 0.0613734461367,
        "var": 0.0037666996941
    },
    "melbands_kurtosis": {
        "dmean": 7.57434129715,
        "dmean2": 11.5235147476,
        "dvar": 160.898757935,
        "dvar2": 334.550567627,
        "max": 200.990982056,
        "mean": 13.6528196335,
        "median": 7.94225311279,
        "min": -1.14009046555,
        "stdev": 20.4326992035,
        "var": 417.49520874
    },
    "melbands_skewness": {
        "dmean": 0.790320217609,
        "dmean2": 1.17219293118,
        "dvar": 0.773199379444,
        "dvar2": 1.57600557804,
        "max": 11.1207942963,
        "mean": 2.57889914513,
        "median": 2.2901365757,
        "min": -0.151786640286,
        "stdev": 1.63370835781,
        "var": 2.6690030098
    },
    "melbands_spread": {
        "dmean": 8.12073707581,
        "dmean2": 12.4365348816,
        "dvar": 147.89251709,
        "dvar2": 371.275299072,
        "max": 171.967987061,
        "mean": 23.8034133911,
        "median": 20.7118148804,
        "min": 0.7536226511,
        "stdev": 16.0582370758,
        "var": 257.867004395
    },
    "pitch_salience": {
        "dmean": 0.07042901963,
        "dmean2": 0.111820280552,
        "dvar": 0.00388563191518,
        "dvar2": 0.00908964965492,
        "max": 0.870376050472,
        "mean": 0.567841053009,
        "median": 0.57761579752,
        "min": 0.18812225759,
        "stdev": 0.10591237247,
        "var": 0.011217430234
    },
    "silence_rate_20dB": {
        "dmean": 0,
        "dmean2": 0,
        "dvar": 0,
        "dvar2": 0,
        "max": 1,
        "mean": 1,
        "median": 1,
        "min": 1,
        "stdev": 0,
        "var": 0
    },
    "silence_rate_30dB": {
        "dmean": 0.0030959751457,
        "dmean2": 0.00619674660265,
        "dvar": 0.00308638578281,
        "dvar2": 0.00615835329518,
        "max": 1,
        "mean": 0.996906399727,
        "median": 1,
        "min": 0,
        "stdev": 0.0555338412523,
        "var": 0.00308400741778
    },
    "silence_rate_60dB": {
        "dmean": 0.00851393211633,
        "dmean2": 0.0162664595991,
        "dvar": 0.0084414370358,
        "dvar2": 0.0175512116402,
        "max": 1,
        "mean": 0.0100541375577,
        "median": 0,
        "min": 0,
        "stdev": 0.0997650027275,
        "var": 0.00995305646211
    },
    "spectral_centroid": {
        "dmean": 268.404174805,
        "dmean2": 405.201599121,
        "dvar": 92122.1015625,
        "dvar2": 208781.78125,
        "max": 3406.22143555,
        "mean": 1207.90307617,
        "median": 1158.73388672,
        "min": 278.849243164,
        "stdev": 511.188964844,
        "var": 261314.15625
    },
    "spectral_complexity": {
        "dmean": 4.09520101547,
        "dmean2": 5.95817184448,
        "dvar": 16.5365753174,
        "dvar2": 31.8944377899,
        "max": 48,
        "mean": 20.7981433868,
        "median": 21,
        "min": 0,
        "stdev": 8.81986236572,
        "var": 77.7899703979
    },
    "spectral_decrease": {
        "dmean": 2.29927943352e-09,
        "dmean2": 3.41693562333e-09,
        "dvar": 5.38295600476e-18,
        "dvar2": 1.1214154566e-17,
        "max": -5.20997599175e-14,
        "mean": -8.56577120345e-09,
        "median": -8.21695333997e-09,
        "min": -3.64360879246e-08,
        "stdev": 4.71481920172e-09,
        "var": 2.22295194329e-17
    },
    "spectral_energy": {
        "dmean": 0.00922072958201,
        "dmean2": 0.0136934127659,
        "dvar": 8.44072274049e-05,
        "dvar2": 0.000172066807863,
        "max": 0.139204382896,
        "mean": 0.0349697358906,
        "median": 0.0341257750988,
        "min": 2.18619462089e-07,
        "stdev": 0.0189774278551,
        "var": 0.000360142759746
    },
    "spectral_energyband_high": {
        "dmean": 0.000863209308591,
        "dmean2": 0.00136076833587,
        "dvar": 2.01856209969e-06,
        "dvar2": 5.10166046297e-06,
        "max": 0.0101192006841,
        "mean": 0.00136186566669,
        "median": 0.000838096195366,
        "min": 1.86286612802e-08,
        "stdev": 0.00160100916401,
        "var": 2.56323050962e-06
    },
    "spectral_energyband_low": {
        "dmean": 0.00482415035367,
        "dmean2": 0.00772330816835,
        "dvar": 5.10871432198e-05,
        "dvar2": 0.000118117648526,
        "max": 0.126547470689,
        "mean": 0.0108926156536,
        "median": 0.00871356669813,
        "min": 4.3384492443e-08,
        "stdev": 0.0104753635824,
        "var": 0.000109733235149
    },
    "spectral_energyband_middle_high": {
        "dmean": 0.00267739663832,
        "dmean2": 0.00359528115951,
        "dvar": 1.19585647553e-05,
        "dvar2": 1.94720651052e-05,
        "max": 0.054911673069,
        "mean": 0.00775481620803,
        "median": 0.00462256651372,
        "min": 4.20513188715e-08,
        "stdev": 0.00832453742623,
        "var": 6.92979228916e-05
    },
    "spectral_energyband_middle_low": {
        "dmean": 0.00556510593742,
        "dmean2": 0.00841554999352,
        "dvar": 4.01256256737e-05,
        "dvar2": 8.21401481517e-05,
        "max": 0.0863322913647,
        "mean": 0.0157158747315,
        "median": 0.0128057161346,
        "min": 1.07423979046e-07,
        "stdev": 0.0126280998811,
        "var": 0.00015946890926
    },
    "spectral_entropy": {
        "dmean": 0.204274490476,
        "dmean2": 0.292736232281,
        "dvar": 0.041285764426,
        "dvar2": 0.0801850929856,
        "max": 8.95368671417,
        "mean": 7.71240139008,
        "median": 7.7293343544,
        "min": 6.28634929657,
        "stdev": 0.390844732523,
        "var": 0.152759596705
    },
    "spectral_flux": {
        "dmean": 0.0248720534146,
        "dmean2": 0.0385877080262,
        "dvar": 0.000515019986778,
        "dvar2": 0.0010914177401,
        "max": 0.269904643297,
        "mean": 0.0971278399229,
        "median": 0.0952194184065,
        "min": 0.000467567588203,
        "stdev": 0.0384248755872,
        "var": 0.00147647119593
    },
    "spectral_kurtosis": {
        "dmean": 1.24647402763,
        "dmean2": 1.93040835857,
        "dvar": 1.95353639126,
        "dvar2": 4.57079458237,
        "max": 26.3362255096,
        "mean": 3.52697563171,
        "median": 3.14178419113,
        "min": -0.791634559631,
        "stdev": 2.32696938515,
        "var": 5.41478681564
    },
    "spectral_rms": {
        "dmean": 0.000799373665359,
        "dmean2": 0.00116296275519,
        "dvar": 5.45877583136e-07,
        "dvar2": 1.02637159216e-06,
        "max": 0.0116537185386,
        "mean": 0.00560089480132,
        "median": 0.00577004672959,
        "min": 1.46043585119e-05,
        "stdev": 0.00165734032635,
        "var": 2.74677699963e-06
    },
    "spectral_rolloff": {
        "dmean": 814.646118164,
        "dmean2": 1397.48999023,
        "dvar": 2882282.5,
        "dvar2": 7432269,
        "max": 13113.7207031,
        "mean": 1466.10681152,
        "median": 1119.7265625,
        "min": 64.599609375,
        "stdev": 1660.42211914,
        "var": 2757001.5
    },
    "spectral_skewness": {
        "dmean": 0.208716973662,
        "dmean2": 0.312814712524,
        "dvar": 0.042724750936,
        "dvar2": 0.0893271639943,
        "max": 3.9665658474,
        "mean": 1.57952415943,
        "median": 1.52539849281,
        "min": 0.226832449436,
        "stdev": 0.390858113766,
        "var": 0.152770057321
    },
    "spectral_spread": {
        "dmean": 920691.6875,
        "dmean2": 1333699.375,
        "dvar": 1.1401092137e+12,
        "dvar2": 2.10607092531e+12,
        "max": 20107238,
        "mean": 5586624,
        "median": 5258521,
        "min": 2286642.75,
        "stdev": 1633204.375,
        "var": 2.66735635661e+12
    },
    "spectral_strongpeak": {
        "dmean": 0.551460444927,
        "dmean2": 0.936182379723,
        "dvar": 0.721651554108,
        "dvar2": 1.71452713013,
        "max": 7.95742464066,
        "mean": 0.89119297266,
        "median": 0.363530486822,
        "min": 0,
        "stdev": 1.15866005421,
        "var": 1.34249317646
    },
    "zerocrossingrate": {
        "dmean": 0.0147459423169,
        "dmean2": 0.0179064199328,
        "dvar": 0.000267012132099,
        "dvar2": 0.000375734642148,
        "max": 0.2509765625,
        "mean": 0.0618674606085,
        "median": 0.0576171875,
        "min": 0.00244140625,
        "stdev": 0.0319575406611,
        "var": 0.0010212843772
    },
    "barkbands": {
        "dmean": [0.000332301424351, 0.00403056433424, 0.00136150466278, 0.00109397491906, 0.00258587487042, 0.000954135728534, 0.00180726358667, 0.00140195374843, 0.00104742893018, 0.000761966512073, 0.000682999903802, 0.000657489581499, 0.000585822563153, 0.000681982550304, 0.000400323333452, 0.000331518589519, 0.00022165486007, 0.000184877033462, 9.17381548788e-05, 0.000114475602459, 9.39149613259e-05, 0.000129550127895, 0.000125982900499, 0.000291980308248, 0.000170246392372, 0.000118201525765, 8.96159781405e-06],
        "dmean2": [0.00048974348465, 0.00652662059292, 0.00227626576088, 0.00184502243064, 0.00415844004601, 0.00147133681457, 0.00292626884766, 0.0021159586031, 0.00161146966275, 0.00115863012616, 0.00099141523242, 0.000970429100562, 0.000906234490685, 0.00105245248415, 0.000599064922426, 0.000544047623407, 0.000344474974554, 0.000294304598356, 0.000140988369822, 0.000178420596058, 0.000147099068272, 0.000198133275262, 0.000197876404854, 0.000497046043165, 0.000281955057289, 0.000193274900084, 1.48065546455e-05],
        "dvar": [1.00366639799e-06, 4.56531670352e-05, 6.09172457189e-06, 2.36666051023e-06, 1.10673536255e-05, 3.4820284327e-06, 1.01737696241e-05, 1.0592983017e-05, 3.66075801139e-06, 1.71766225776e-06, 2.63306333181e-06, 1.71592944298e-06, 1.08549272682e-06, 1.47700404796e-06, 5.45410671293e-07, 5.51636446744e-07, 1.11719749896e-07, 9.12209188186e-08, 1.56802357765e-08, 2.5944769888e-08, 2.82585688183e-08, 3.26669962192e-08, 4.4218282369e-08, 4.51499289511e-07, 1.31571496809e-07, 7.12555561222e-08, 7.4488426538e-10],
        "dvar2": [1.59993771831e-06, 0.000106941733975, 1.72308245965e-05, 6.22678089712e-06, 2.54458591371e-05, 7.25468407836e-06, 2.423618389e-05, 2.00726826733e-05, 8.05005129223e-06, 3.800793138e-06, 5.33427464688e-06, 3.55872930413e-06, 2.48089463639e-06, 3.6759786326e-06, 1.1159247606e-06, 1.51528911374e-06, 2.55107067915e-07, 2.11516876902e-07, 3.58358356323e-08, 6.24332727739e-08, 7.60478684469e-08, 8.12545408735e-08, 1.10016728172e-07, 1.2294044609e-06, 3.56288040848e-07, 1.67623142033e-07, 1.72899927708e-09],
        "max": [0.0173492673784, 0.115281373262, 0.0325163938105, 0.016571264714, 0.059044264257, 0.035265751183, 0.0440199784935, 0.0742276161909, 0.0245181694627, 0.0188405290246, 0.0243334751576, 0.026169963181, 0.0152276922017, 0.0159077905118, 0.0101586179808, 0.00772607931867, 0.00505689578131, 0.00450394302607, 0.00214909436181, 0.00168943009339, 0.00205210479908, 0.00211948622018, 0.00235742819495, 0.00643682153895, 0.00416624778882, 0.00296754343435, 0.00031858420698],
        "mean": [0.000487147161039, 0.00781370140612, 0.00205027568154, 0.00143021799158, 0.00477557303384, 0.00189036724623, 0.00327977188863, 0.00234729517251, 0.00155625632033, 0.0013367892243, 0.00121909356676, 0.00111203349661, 0.000954649760388, 0.00112886028364, 0.000694149348419, 0.000493667495903, 0.000430063315434, 0.000315625133226, 0.000173375432496, 0.000214079162106, 0.000173156251549, 0.000263458467089, 0.000204448675504, 0.000326029694406, 0.000184641379747, 0.000108169188024, 6.8537901825e-06],
        "median": [0.000104993123387, 0.00537668075413, 0.00124586117454, 0.000770783051848, 0.0032363620121, 0.000938964483794, 0.0014841821976, 0.000749313854612, 0.000639991776552, 0.000512040802278, 0.000290223310003, 0.000397278257878, 0.000340696366038, 0.000340821337886, 0.000316095829476, 0.000200040478376, 0.000207791264984, 0.000166620520758, 0.000114317634143, 0.000132609406137, 0.000107605243102, 0.000177233057912, 9.40006648307e-05, 0.000129722247948, 7.15590358595e-05, 2.06929253181e-05, 1.4201573606e-07],
        "min": [2.32254926402e-08, 2.07991046608e-08, 6.98435975721e-09, 1.02026875837e-08, 4.80835353756e-08, 3.80559050939e-08, 7.26968263365e-09, 7.46044004352e-10, 2.16891216098e-09, 3.24222781956e-09, 1.61094204643e-09, 2.77043099572e-09, 7.22836812628e-09, 3.95029831068e-09, 1.20412106952e-08, 5.74211789228e-09, 2.3484030276e-09, 1.47373546699e-09, 1.66747904373e-09, 5.07133501859e-10, 3.90312582255e-09, 5.25088772463e-09, 4.42551817414e-09, 1.55758339559e-09, 1.71360003964e-09, 1.62080460164e-09, 5.76138746086e-13],
        "stdev": [0.0014138398692, 0.00902579724789, 0.00255500641651, 0.00181783526205, 0.00517230061814, 0.00315433833748, 0.00524107320234, 0.00630598235875, 0.00255611748435, 0.00212325528264, 0.00270797288977, 0.00210908474401, 0.00155060912948, 0.00185165787116, 0.00108396098949, 0.000805589719675, 0.000560082029551, 0.000459571572719, 0.000191933446331, 0.000232569727814, 0.00020401753136, 0.000285033631371, 0.000270871503744, 0.000600348226726, 0.000329274131218, 0.000252647383604, 2.56113253272e-05],
        "var": [1.99894316211e-06, 8.14650193206e-05, 6.5280578383e-06, 3.30452508024e-06, 2.67526920652e-05, 9.94985020952e-06, 2.74688500213e-05, 3.97654148401e-05, 6.53373717796e-06, 4.50821335107e-06, 7.33311708245e-06, 4.44823808721e-06, 2.40438885157e-06, 3.42863677361e-06, 1.17497143037e-06, 6.48974832984e-07, 3.13691856491e-07, 2.11206028666e-07, 3.68384469596e-08, 5.40886802014e-08, 4.16231529243e-08, 8.1244174055e-08, 7.33713676482e-08, 3.60417999445e-07, 1.08421446043e-07, 6.38306971723e-08, 6.55939969008e-10]
    },
    "erbbands": {
        "dmean": [0.150473609567, 0.83149856329, 1.5318249464, 2.38233661652, 7.17226409912, 10.0004673004, 5.47207069397, 9.76521492004, 23.7640113831, 27.7277030945, 26.358833313, 27.8482398987, 17.4038066864, 27.1725826263, 27.7434520721, 24.6625614166, 27.8367595673, 31.6915664673, 25.7578678131, 17.0908050537, 12.8741931915, 11.1911554337, 11.1217594147, 5.76611566544, 4.81177616119, 5.36489248276, 3.63703513145, 4.26627159119, 5.05820894241, 3.43841409683, 3.90501904488, 3.67358851433, 6.40596294403, 2.4687461853, 1.04739844799, 0.545757591724, 0.201313883066, 0.0366954617202, 0.00106402626261, 3.55813608621e-05],
        "dmean2": [0.235709801316, 1.37996578217, 2.5675637722, 3.97717642784, 12.0484476089, 15.9245653152, 8.34784793854, 15.2222929001, 38.1865119934, 44.5893249512, 39.5493659973, 42.7767219543, 25.7651023865, 39.9784126282, 39.737663269, 36.0630302429, 42.8123283386, 48.2427635193, 37.572681427, 27.3159370422, 20.5934906006, 17.1649513245, 17.4156341553, 9.06560325623, 7.31450223923, 8.407081604, 5.73738908768, 6.6559343338, 7.76300859451, 5.38231945038, 6.19066572189, 6.04222202301, 11.1090946198, 4.16324949265, 1.7356607914, 0.895763278008, 0.323368191719, 0.0600348822773, 0.00173764524516, 5.56744562346e-05],
        "dvar": [0.0874715670943, 1.89354920387, 7.20319223404, 12.2255010605, 83.0198898315, 217.370239258, 85.7910614014, 429.293914795, 1991.07800293, 3224.13476562, 4013.25854492, 2806.58007812, 804.784851074, 3055.68066406, 4589.97900391, 1936.87243652, 2415.00634766, 3387.26074219, 2001.53112793, 1239.54101562, 518.803955078, 282.207977295, 316.676940918, 76.953086853, 46.7989654541, 60.4558105469, 38.3255615234, 55.1285438538, 54.1943702698, 21.6164703369, 48.8719291687, 58.7912330627, 268.961395264, 30.9513378143, 4.72811555862, 1.26535344124, 0.307467281818, 0.00861649215221, 9.39471192396e-06, 5.02976327255e-09],
        "dvar2": [0.191583916545, 4.72793149948, 20.1650848389, 33.597694397, 223.728317261, 490.234832764, 184.416046143, 916.56451416, 4589.81347656, 7373.95898438, 7513.61914062, 6261.19189453, 1638.67907715, 6192.51757812, 11208.0507812, 4256.71728516, 5344.59326172, 8263.39648438, 4019.49414062, 3250.77075195, 1324.29626465, 624.729919434, 694.824829102, 194.775115967, 99.1494445801, 146.896438599, 100.311302185, 143.887557983, 137.40423584, 52.0138320923, 124.903900146, 157.345901489, 742.314331055, 84.8430633545, 12.5068349838, 3.1428027153, 0.707030713558, 0.0193357542157, 2.13949533645e-05, 1.14170255472e-08],
        "max": [5.43071079254, 17.384645462, 34.042930603, 47.8368835449, 87.9065170288, 270.556610107, 143.285385132, 303.048187256, 672.755065918, 1071.30078125, 1589.18395996, 678.311401367, 392.16998291, 714.92175293, 1549.27453613, 675.160705566, 603.524169922, 637.239440918, 611.480712891, 369.956115723, 250.426452637, 304.651580811, 265.522094727, 94.7510223389, 148.830978394, 78.8617935181, 71.5412063599, 82.7484893799, 95.7104263306, 58.7848434448, 66.5223922729, 116.814323425, 158.467773438, 56.6005363464, 22.2359905243, 8.66805934906, 7.92677211761, 1.01908683777, 0.0432394966483, 0.000910190457944],
        "mean": [0.269113719463, 1.57453024387, 2.55240440369, 3.56800866127, 11.1519536972, 17.4165325165, 10.7528095245, 18.8645210266, 46.2219924927, 47.7653236389, 45.707824707, 42.1680526733, 31.5142230988, 50.9984474182, 53.6308784485, 43.5086669922, 47.7979164124, 57.4774551392, 47.3216056824, 28.4459323883, 24.0909404755, 22.9328861237, 21.2825088501, 10.3341064453, 9.61986732483, 9.9701423645, 6.83450937271, 7.77727508545, 9.73894786835, 6.86165523529, 5.94971084595, 5.08534669876, 6.46477031708, 2.68850803375, 1.07044291496, 0.518279314041, 0.182300627232, 0.0304748546332, 0.000885361223482, 6.7071239755e-05],
        "median": [0.151741743088, 1.12285685539, 1.71576857567, 2.49728274345, 7.65353012085, 9.62207508087, 6.39006710052, 8.86834812164, 20.6068630219, 21.9576129913, 16.5543136597, 16.9820632935, 15.8165187836, 15.0391807556, 16.1622161865, 17.7107658386, 16.4451255798, 17.8239326477, 21.0888118744, 13.1189746857, 11.3404769897, 12.5229606628, 12.118221283, 6.08996868134, 6.30869197845, 6.45635986328, 4.06918001175, 4.63766479492, 6.19041347504, 4.29169368744, 2.56777477264, 2.35962891579, 2.19475245476, 1.02212882042, 0.360894531012, 0.12353091687, 0.0302278306335, 0.00258009787649, 8.57554114191e-05, 5.0715454563e-05],
        "min": [9.60520196713e-07, 3.48488879354e-06, 7.71503255237e-06, 2.26500051212e-05, 7.47698504711e-05, 0.000180025264854, 0.000292647804599, 0.000300248037092, 0.00016427229275, 3.4218403016e-05, 2.65702838078e-05, 4.72465762869e-05, 8.52801604196e-05, 9.83162608463e-05, 4.68523830932e-05, 0.000167219041032, 0.000355785188731, 0.000153826302267, 0.00048095692182, 0.000582284119446, 0.000237487867707, 0.00012732038158, 9.58816744969e-05, 5.64164547541e-05, 7.85819720477e-05, 3.3346022974e-05, 0.00013116376067, 0.000148351376993, 0.000168516111444, 0.000167367761605, 0.000118884985568, 4.20154938183e-05, 2.46736417466e-05, 1.95143729798e-05, 9.4827319117e-06, 4.48202581538e-06, 4.34848880104e-06, 2.78504700191e-07, 8.35963920309e-09, 8.38478453336e-10],
        "stdev": [0.388725072145, 1.74018836021, 2.8040561676, 3.79152321815, 11.1875362396, 22.9476661682, 13.6698951721, 32.8203163147, 78.538520813, 90.0183792114, 125.93396759, 69.8451309204, 42.1364707947, 93.4849853516, 114.961555481, 70.9218444824, 75.5428466797, 91.1740722656, 70.6383514404, 42.2800521851, 34.0632629395, 29.1954231262, 30.0738887787, 11.7046747208, 10.9646911621, 10.9259195328, 7.81835174561, 9.39475059509, 11.0860786438, 7.32075786591, 8.31583309174, 7.85107088089, 13.9287176132, 4.95381164551, 1.99381649494, 1.05771136284, 0.519092321396, 0.0902000814676, 0.00286818784662, 7.3053080996e-05],
        "var": [0.151107192039, 3.02825546265, 7.86273050308, 14.3756475449, 125.160972595, 526.595397949, 186.866027832, 1077.17321777, 6168.29980469, 8103.30859375, 15859.3642578, 4878.34228516, 1775.48217773, 8739.44238281, 13216.1591797, 5029.90771484, 5706.72216797, 8312.7109375, 4989.77636719, 1787.60290527, 1160.30578613, 852.372680664, 904.438781738, 136.999404907, 120.224456787, 119.375724792, 61.126625061, 88.2613449097, 122.901138306, 53.5934944153, 69.1530838013, 61.6393127441, 194.009170532, 24.5402488708, 3.97530412674, 1.11875331402, 0.269456833601, 0.00813605450094, 8.22650144983e-06, 5.33675281744e-09]
    },
    "gfcc": {
        "mean": [37.9614677429, 86.1582260132, -105.151672363, 30.6215686798, -60.879611969, 27.4195575714, -41.7791442871, 12.0383481979, -21.3733921051, 7.93963718414, -14.9328565598, 3.21707367897, -11.5377922058],
        "cov": [[3374.8371582, -919.544799805, -370.244171143, -239.40562439, -232.552749634, 66.4290618896, -105.394950867, 152.953811646, -71.629119873, 110.329360962, -104.946983337, 44.2879638672, -98.7571182251], [-919.544799805, 1033.75622559, -120.613899231, -15.5940504074, 6.47326755524, -130.341217041, 94.5802078247, -73.9083938599, 121.848045349, -38.9522247314, 103.261909485, -62.0891189575, 62.2895050049], [-370.244171143, -120.613899231, 557.354125977, 81.2912368774, 77.7935409546, -67.0839767456, -67.9435195923, -8.81869125366, -3.09437346458, 17.2968559265, -25.3507823944, 27.392490387, -59.8428535461], [-239.40562439, -15.5940504074, 81.2912368774, 232.493438721, 71.2482147217, 34.2702102661, -23.1395931244, -5.80000972748, 23.2030982971, -14.4568872452, 17.2759475708, -0.706140160561, 46.0692901611], [-232.552749634, 6.47326755524, 77.7935409546, 71.2482147217, 224.003997803, 60.4169769287, 58.33253479, 13.840722084, -13.0389127731, 1.40503406525, 2.60108971596, 14.8447313309, 20.6568393707], [66.4290618896, -130.341217041, -67.0839767456, 34.2702102661, 60.4169769287, 207.572341919, 86.01512146, 10.0367498398, -46.7724952698, -9.30225086212, 15.0901098251, 12.9467458725, 26.1621551514], [-105.394950867, 94.5802078247, -67.9435195923, -23.1395931244, 58.33253479, 86.01512146, 209.506729126, 21.3262767792, -37.8427581787, 11.1782426834, 26.3686408997, 17.0350399017, -6.9838218689], [152.953811646, -73.9083938599, -8.81869125366, -5.80000972748, 13.840722084, 10.0367498398, 21.3262767792, 90.7460784912, 30.7490139008, 14.1965494156, -8.19880008698, -4.89102363586, -9.56486129761], [-71.629119873, 121.848045349, -3.09437346458, 23.2030982971, -13.0389127731, -46.7724952698, -37.8427581787, 30.7490139008, 129.676315308, 20.754858017, -8.56987953186, -30.7150802612, 15.9076404572], [110.329360962, -38.9522247314, 17.2968559265, -14.4568872452, 1.40503406525, -9.30225086212, 11.1782426834, 14.1965494156, 20.754858017, 63.410572052, -1.06294155121, 0.962126910686, -12.0763788223], [-104.946983337, 103.261909485, -25.3507823944, 17.2759475708, 2.60108971596, 15.0901098251, 26.3686408997, -8.19880008698, -8.56987953186, -1.06294155121, 90.5514984131, 24.5525550842, 19.2679176331], [44.2879638672, -62.0891189575, 27.392490387, -0.706140160561, 14.8447313309, 12.9467458725, 17.0350399017, -4.89102363586, -30.7150802612, 0.962126910686, 24.5525550842, 78.0320739746, 5.79408216476], [-98.7571182251, 62.2895050049, -59.8428535461, 46.0692901611, 20.6568393707, 26.1621551514, -6.9838218689, -9.56486129761, 15.9076404572, -12.0763788223, 19.2679176331, 5.79408216476, 70.6759109497]],
        "icov": [[0.000599049322773, 0.000318949547363, 0.000559561245609, 0.000186526187463, 0.000304135028273, -0.0001524699328, 0.000537938321941, -0.000741440337151, 0.000296122190775, -0.00088997191051, 0.000269038078841, -0.000477283145301, 0.000575595302507], [0.000318949547363, 0.00328704435378, 0.000286808935925, 0.00112246978097, -0.000576845777687, 0.00272417464294, -0.00302784447558, 0.00321989669465, -0.00366702489555, 0.00265863072127, -0.00344795896672, 0.00259469402954, -0.00163646717556], [0.000559561245609, 0.000286808935925, 0.00339206145145, -0.00118555000518, -0.00098786293529, 0.000492956663948, 0.00153780553956, -0.000188698235434, 0.000201408707653, -0.00136999587994, 0.000632367853541, -0.00194053468294, 0.00411396799609], [0.000186526187463, 0.00112246978097, -0.00118555000518, 0.00681489659473, -0.00138860847801, -0.000283652509097, -0.000170597020769, 0.00112442637328, -0.00226307171397, 0.00187903933693, -0.00223265541717, 0.00178713246714, -0.00423590885475], [0.000304135028273, -0.000576845777687, -0.00098786293529, -0.00138860847801, 0.00669502094388, -0.00155733025167, -0.000903449545149, -0.00220257672481, 0.00164609425701, -0.00149454618804, 0.00194654858205, -0.00106334208976, -0.00183496950194], [-0.0001524699328, 0.00272417464294, 0.000492956663948, -0.000283652509097, -0.00155733025167, 0.00987960305065, -0.00531774945557, 0.00211146031506, -0.000681314384565, 0.00301023945212, -0.00287778070197, 0.00294405245222, -0.00424246815965], [0.000537938321941, -0.00302784447558, 0.00153780553956, -0.000170597020769, -0.000903449545149, -0.00531774945557, 0.0113761881366, -0.00562271196395, 0.00531548494473, -0.00544288288802, 0.00204845191911, -0.00389883876778, 0.00506399990991], [-0.000741440337151, 0.00321989669465, -0.000188698235434, 0.00112442637328, -0.00220257672481, 0.00211146031506, -0.00562271196395, 0.0188800320029, -0.00946323480457, 0.00380802201107, -0.00348180881701, 0.00281838746741, 0.000593905744608], [0.000296122190775, -0.00366702489555, 0.000201408707653, -0.00226307171397, 0.00164609425701, -0.000681314384565, 0.00531548494473, -0.00946323480457, 0.0175304692239, -0.00841609574854, 0.00457462808117, 0.000610283401329, -0.00237396592274], [-0.00088997191051, 0.00265863072127, -0.00136999587994, 0.00187903933693, -0.00149454618804, 0.00301023945212, -0.00544288288802, 0.00380802201107, -0.00841609574854, 0.0230216626078, -0.00448097055778, 0.00212846649811, 0.000203577175853], [0.000269038078841, -0.00344795896672, 0.000632367853541, -0.00223265541717, 0.00194654858205, -0.00287778070197, 0.00204845191911, -0.00348180881701, 0.00457462808117, -0.00448097055778, 0.0178906861693, -0.00743806641549, -0.000429876468843], [-0.000477283145301, 0.00259469402954, -0.00194053468294, 0.00178713246714, -0.00106334208976, 0.00294405245222, -0.00389883876778, 0.00281838746741, 0.000610283401329, 0.00212846649811, -0.00743806641549, 0.0195818245411, -0.00589581066743], [0.000575595302507, -0.00163646717556, 0.00411396799609, -0.00423590885475, -0.00183496950194, -0.00424246815965, 0.00506399990991, 0.000593905744608, -0.00237396592274, 0.000203577175853, -0.000429876468843, -0.00589581066743, 0.0264973677695]]
    },
    "melbands": {
        "dmean": [0.00120312022045, 0.000800762674771, 0.000512577593327, 0.000619656115305, 0.000237195272348, 0.000217062610318, 0.000367641798221, 0.000307833397528, 0.000211002567085, 0.000163465825608, 8.60796571942e-05, 0.000112738402095, 9.01976018213e-05, 8.31326979096e-05, 6.03840162512e-05, 5.29895551153e-05, 6.6761400376e-05, 4.5622637117e-05, 2.43404210778e-05, 2.77922863461e-05, 1.32747991302e-05, 1.05179406091e-05, 1.48194831127e-05, 8.54220343172e-06, 4.60815135739e-06, 3.8127359403e-06, 4.16873990616e-06, 3.63594676855e-06, 2.48890955845e-06, 2.38030725086e-06, 2.67725363301e-06, 3.10182940666e-06, 2.58970726463e-06, 1.87259183804e-06, 2.40901704274e-06, 2.1559067136e-06, 2.31337958212e-06, 4.53712982562e-06, 3.69662302546e-06, 1.70645944308e-06],
        "dmean2": [0.0019157937495, 0.00132130656857, 0.000857214443386, 0.00100768182892, 0.000366786756786, 0.000336039403919, 0.000591275864281, 0.000484847259941, 0.000314766162774, 0.000252756552072, 0.000129709340399, 0.000167308142409, 0.000131301407237, 0.000120936507301, 9.19176600291e-05, 8.16930987639e-05, 0.000102917358163, 6.73112663208e-05, 3.66420026694e-05, 4.69891965622e-05, 2.09403478948e-05, 1.65019537235e-05, 2.31998492382e-05, 1.3727150872e-05, 7.43673854231e-06, 5.95965002503e-06, 6.47865999781e-06, 5.74062732994e-06, 3.93615391658e-06, 3.88635089621e-06, 4.18328272644e-06, 4.83969779452e-06, 4.04946695198e-06, 2.98799068332e-06, 3.87487989428e-06, 3.44143677466e-06, 3.87393038181e-06, 7.92987520981e-06, 6.33970466879e-06, 2.88852538688e-06],
        "dvar": [4.62705929749e-06, 1.53876237619e-06, 4.32702506714e-07, 6.50509036859e-07, 1.46945154711e-07, 1.95700934569e-07, 4.49096290822e-07, 4.27188638241e-07, 2.28834167615e-07, 9.52957037725e-08, 2.03610444061e-08, 5.17613862883e-08, 4.31230198217e-08, 2.62396255835e-08, 1.40390010728e-08, 8.98662122495e-09, 1.55887693865e-08, 6.53304033094e-09, 2.18608287028e-09, 4.69564076511e-09, 4.69145167159e-10, 2.58756127636e-10, 5.49099488101e-10, 2.02661221138e-10, 5.19423080936e-11, 3.70665755034e-11, 3.75934249008e-11, 2.7581846529e-11, 1.8042047023e-11, 2.15477843901e-11, 2.01203515654e-11, 2.28260275265e-11, 1.32869210426e-11, 7.19833264176e-12, 2.12019186929e-11, 1.59684574591e-11, 2.79044981566e-11, 1.39912623154e-10, 7.93063947846e-11, 1.54560947374e-11],
        "dvar2": [1.03582442534e-05, 4.15228532802e-06, 1.14955707886e-06, 1.53673329351e-06, 3.075871291e-07, 4.17802056063e-07, 1.03742593183e-06, 9.27097175918e-07, 4.39592412249e-07, 2.09504833037e-07, 4.21200816447e-08, 1.07636807911e-07, 9.69029727571e-08, 5.70750628981e-08, 3.18919326503e-08, 2.03384917796e-08, 3.83101799173e-08, 1.39738469684e-08, 4.5122829917e-09, 1.32866837532e-08, 1.14969600506e-09, 5.74104375151e-10, 1.25801380424e-09, 5.04889241526e-10, 1.32663546815e-10, 8.0514671319e-11, 9.23396151209e-11, 6.76960293378e-11, 4.75867192873e-11, 5.71816829997e-11, 5.13807503488e-11, 5.86560175431e-11, 3.34023954329e-11, 1.74268360159e-11, 5.56685357533e-11, 4.16177786677e-11, 7.66244220851e-11, 3.88257898054e-10, 2.17117990253e-10, 4.24591854731e-11],
        "max": [0.0391029156744, 0.0143494475633, 0.00729941995814, 0.0146821057424, 0.00632203742862, 0.00772962532938, 0.0102183390409, 0.0134269027039, 0.0118816504255, 0.00389077258296, 0.00192883471027, 0.00309932022355, 0.00360438390635, 0.00364427175373, 0.00182342936751, 0.00111308752093, 0.0013049361296, 0.00114267261233, 0.00087308610091, 0.000724843586795, 0.000256954197539, 0.000272179400781, 0.00026587449247, 0.000211213497096, 7.58814494475e-05, 0.000144071789691, 8.2644080976e-05, 4.75306660519e-05, 4.4709759095e-05, 6.65994157316e-05, 4.70154009236e-05, 6.43163293716e-05, 4.65503726446e-05, 2.95778900181e-05, 4.42039163318e-05, 5.61189444852e-05, 8.64606190589e-05, 0.000123246441945, 7.11250177119e-05, 4.37496273662e-05],
        "mean": [0.00230821687728, 0.00154131324962, 0.000834191043396, 0.00111051590648, 0.000453771499451, 0.000415036134655, 0.000712560547981, 0.000525096664205, 0.000359262165148, 0.000242350521148, 0.000149877902004, 0.000202310766326, 0.000171307867276, 0.000146176738781, 9.61367695709e-05, 9.23135885387e-05, 0.00011211536912, 7.81762137194e-05, 4.2294665036e-05, 3.79647026421e-05, 2.50715111179e-05, 2.12830309465e-05, 2.64734972006e-05, 1.42010540003e-05, 7.50045910536e-06, 6.99170004737e-06, 7.39278948458e-06, 6.31632974546e-06, 4.36562550021e-06, 3.88261287299e-06, 4.70774921268e-06, 5.5493283071e-06, 5.06848346049e-06, 3.34050037054e-06, 3.44457112078e-06, 3.20165372614e-06, 2.98759141515e-06, 4.5591405069e-06, 3.77804872187e-06, 1.83258805464e-06],
        "median": [0.0014843668323, 0.00126989663113, 0.000623170053586, 0.000737934256904, 0.000269758951617, 0.000195429151063, 0.00032704739715, 0.000230983059737, 0.000122988858493, 9.80233235168e-05, 6.97640207363e-05, 5.73251709284e-05, 4.8273592256e-05, 5.03099763591e-05, 3.5754415876e-05, 3.07145310217e-05, 3.20611725328e-05, 3.16169898724e-05, 2.02486189664e-05, 1.46401916936e-05, 1.10976925498e-05, 1.06760007839e-05, 1.34176925712e-05, 7.22064760339e-06, 4.3292961891e-06, 4.47358479505e-06, 4.32260412708e-06, 3.9186847971e-06, 2.50180437433e-06, 2.28781823353e-06, 2.46716331276e-06, 3.18376191899e-06, 3.11745338877e-06, 1.82036683327e-06, 1.34806259666e-06, 1.41194982461e-06, 1.35754464736e-06, 1.50939490595e-06, 1.21495543226e-06, 7.09408595867e-07],
        "min": [8.28663004881e-09, 4.24011359357e-09, 5.28596588723e-09, 9.09171671282e-09, 1.01634132221e-08, 6.76172717817e-09, 2.24254104175e-09, 2.54615606377e-10, 2.39392033974e-10, 3.05053232674e-10, 4.34293934148e-10, 4.13136774791e-10, 1.85123152918e-10, 1.62526742065e-10, 9.12427577937e-10, 5.09502717794e-10, 2.63115335075e-10, 6.97908009162e-10, 9.46596911966e-10, 5.84762127609e-10, 2.13169717989e-10, 1.44026776616e-10, 9.49621353774e-11, 6.5103152036e-11, 3.86938883712e-11, 8.10509992455e-11, 2.82934994877e-11, 1.54544294029e-11, 4.75336089933e-11, 1.42115166857e-10, 7.1499271781e-11, 9.75476435738e-11, 1.02853982276e-10, 9.26607679475e-11, 8.79952707922e-11, 2.99407096338e-11, 2.22255130966e-11, 1.93591479652e-11, 1.72825625339e-11, 1.62348259836e-11],
        "stdev": [0.00291969324462, 0.00141803477891, 0.000777297653258, 0.00121781311464, 0.000588506518397, 0.000716781825759, 0.00119110138621, 0.00110483018216, 0.000936340773478, 0.000403742538765, 0.000208987126825, 0.000381426914828, 0.000363461498637, 0.000281676504528, 0.000156831607455, 0.000151560845552, 0.000189018668607, 0.000123254314531, 6.55465919408e-05, 6.67798813083e-05, 3.61443708243e-05, 2.81292268483e-05, 3.68623768736e-05, 2.15103245864e-05, 8.88585054781e-06, 8.84935525391e-06, 8.81344112713e-06, 7.18158935342e-06, 5.17115495313e-06, 5.19443256053e-06, 6.01896863373e-06, 6.75113642501e-06, 5.92768992647e-06, 3.89222168451e-06, 5.10174186275e-06, 4.79379104945e-06, 4.98205372423e-06, 9.95379923552e-06, 7.79239599069e-06, 3.46344245372e-06],
        "var": [8.52460834722e-06, 2.01082275453e-06, 6.04191598086e-07, 1.48306889969e-06, 3.46339930957e-07, 5.13776171829e-07, 1.41872260428e-06, 1.22064977859e-06, 8.76734077337e-07, 1.63008039067e-07, 4.36756195654e-08, 1.4548649574e-07, 1.32104261752e-07, 7.93416532474e-08, 2.45961544465e-08, 2.29706884625e-08, 3.57280569574e-08, 1.51916275115e-08, 4.29635527155e-09, 4.4595527271e-09, 1.30641553131e-09, 7.91253451649e-10, 1.35883471142e-09, 4.62694077497e-10, 7.89583468053e-11, 7.83110937208e-11, 7.7676746979e-11, 5.15752267283e-11, 2.67408421795e-11, 2.69821318066e-11, 3.62279824195e-11, 4.55778401132e-11, 3.5137507487e-11, 1.5149388688e-11, 2.60277719516e-11, 2.29804317936e-11, 2.48208571751e-11, 9.90781207078e-11, 6.07214348247e-11, 1.19954341599e-11]
    },
    "melbands128": {
