{
"lowlevel": {
    "average_loudness": 0.965717077255,
    "barkbands_crest": {
        "dmean": 2.78307342529,
        "dmean2": 4.18857431412,
        "dvar": 6.62385654449,
        "dvar2": 14.5290365219,
        "max": 25.7975215912,
        "mean": 12.5427532196,
        "median": 12.2104730606,
        "min": 2.53544998169,
        "stdev": 4.97755050659,
        "var": 24.776008606
    },
    "barkbands_flatness_db": {
        "dmean": 0.0423576124012,
        "dmean2": 0.0562704205513,
        "dvar": 0.00197060918435,
        "dvar2": 0.00344776385464,
        "max": 0.603154242039,
        "mean": 0.18538223207,
        "median": 0.166144832969,
        "min": 0.0386731773615,
        "stdev": 0.0891245305538,
        "var": 0.00794318132102
    },
    "barkbands_kurtosis": {
        "dmean": 18.838842392,
        "dmean2": 28.9032993317,
        "dvar": 1375.51843262,
        "dvar2": 3045.5871582,
        "max": 434.279602051,
        "mean": 25.4955596924,
        "median": 9.7312412262,
        "min": -1.96191263199,
        "stdev": 43.422958374,
        "var": 1885.55334473
    },
    "barkbands_skewness": {
        "dmean": 1.35356485844,
        "dmean2": 1.97352516651,
        "dvar": 2.69253802299,
        "dvar2": 5.64314413071,
        "max": 17.8747081757,
        "mean": 3.45857810974,
        "median": 2.96302056313,
        "min": -4.42144536972,
        "stdev": 2.61317014694,
        "var": 6.82865810394
    },
    "barkbands_spread": {
        "dmean": 8.35475158691,
        "dmean2": 12.0553874969,
        "dvar": 99.6337966919,
        "dvar2": 189.467529297,
        "max": 120.163368225,
        "mean": 19.4995651245,
        "median": 15.0276155472,
        "min": 0.198748141527,
        "stdev": 17.6138248444,
        "var": 310.246856689
    },
    "dissonance": {
        "dmean": 0.0267785340548,
        "dmean2": 0.0431625507772,
        "dvar": 0.000802214373834,
        "dvar2": 0.00188866700046,
        "max": 0.500000059605,
        "mean": 0.446998506784,
        "median": 0.455858647823,
        "min": 0.162684589624,
        "stdev": 0.0397466011345,
        "var": 0.00157979235519
    },
    "dynamic_complexity": 3.97849678993,
    "erbbands_crest": {
        "dmean": 2.48502111435,
        "dmean2": 3.9519097805,
        "dvar": 5.24336338043,
        "dvar2": 11.9503631592,
        "max": 24.8572616577,
        "mean": 8.41086769104,
        "median": 7.59905529022,
        "min": 2.6372756958,
        "stdev": 3.504560709,
        "var": 12.2819461823
    },
    "erbbands_flatness_db": {
        "dmean": 0.0225454363972,
        "dmean2": 0.0322060659528,
        "dvar": 0.000558199652005,
        "dvar2": 0.00108657544479,
        "max": 0.358024418354,
        "mean": 0.13409242034,
        "median": 0.122185789049,
        "min": 0.0473096556962,
        "stdev": 0.0466977283359,
        "var": 0.00218067783862
    },
    "erbbands_kurtosis": {
        "dmean": 1.98409414291,
        "dmean2": 3.16790986061,
        "dvar": 10.7445259094,
        "dvar2": 25.2942085266,
        "max": 43.5961990356,
        "mean": 1.55914664268,
        "median": 0.456722021103,
        "min": -1.89117336273,
        "stdev": 4.03515672684,
        "var": 16.282491684
    },
    "erbbands_skewness": {
        "dmean": 0.593933641911,
        "dmean2": 0.902821600437,
        "dvar": 0.43712580204,
        "dvar2": 0.925847709179,
        "max": 5.57324028015,
        "mean": 0.765121638775,
        "median": 0.787469625473,
        "min": -3.6080596447,
        "stdev": 1.04584896564,
        "var": 1.09379994869
    },
    "erbbands_spread": {
        "dmean": 17.8181877136,
        "dmean2": 27.673992157,
        "dvar": 448.105407715,
        "dvar2": 1015.46136475,
        "max": 189.559860229,
        "mean": 54.7983932495,
        "median": 47.8085250854,
        "min": 3.44749379158,
        "stdev": 30.5826835632,
        "var": 935.300537109
    },
    "hfc": {
        "dmean": 12.6449871063,
        "dmean2": 18.8398075104,
        "dvar": 345.461181641,
        "dvar2": 826.511047363,
        "max": 154.789230347,
        "mean": 26.8882236481,
        "median": 21.9921531677,
        "min": 2.25021103688e-05,
        "stdev": 24.7102947235,
        "var": 610.598632812
    },
    "loudness_ebu128": {
        "integrated": -8.16646671295,
        "loudness_range": 2.90404176712,
        "momentary": {
            "dmean": 1.24366593361,
            "dmean2": 1.45223379135,
            "dvar": 4.82837963104,
            "dvar2": 9.16167545319,
            "max": -5.46625947952,
            "mean": -9.83959293365,
            "median": -8.35465526581,
            "min": -40.6092224121,
            "stdev": 5.27103042603,
            "var": 27.7837619781
        },
        "short_term": {
            "dmean": 0.115917317569,
            "dmean2": 0.104476548731,
            "dvar": 0.00907417014241,
            "dvar2": 0.00986696407199,
            "max": -7.36662054062,
            "mean": -8.48106765747,
            "median": -7.9633603096,
            "min": -11.6782474518,
            "stdev": 1.1205483675,
            "var": 1.25562858582
        }
    },
    "melbands_crest": {
        "dmean": 3.40638995171,
        "dmean2": 5.4079709053,
        "dvar": 12.6397857666,
        "dvar2": 29.9909496307,
        "max": 36.4806175232,
        "mean": 19.2447109222,
        "median": 19.6271705627,
        "min": 4.25170898438,
        "stdev": 6.35269880295,
        "var": 40.3567848206
    },
    "melbands_flatness_db": {
        "dmean": 0.0528858937323,
        "dmean2": 0.0702397078276,
        "dvar": 0.00298328348435,
        "dvar2": 0.00547277508304,
        "max": 0.76244276762,
        "mean": 0.278759241104,
        "median": 0.271358400583,
        "min": 0.0399264134467,
        "stdev": 0.114487893879,
        "var": 0.0131074786186
    },
    "melbands_kurtosis": {
        "dmean": 41.8769874573,
        "dmean2": 63.7593193054,
        "dvar": 5931.29589844,
        "dvar2": 13183.078125,
        "max": 886.147277832,
        "mean": 65.2952804565,
        "median": 30.8483200073,
        "min": -1.91965734959,
        "stdev": 96.35987854,
        "var": 9285.2265625
    },
    "melbands_skewness": {
        "dmean": 1.81623065472,
        "dmean2": 2.71744346619,
        "dvar": 4.80446386337,
        "dvar2": 11.0986185074,
        "max": 25.4930610657,
        "mean": 5.21403121948,
        "median": 4.51993179321,
        "min": -2.18719935417,
        "stdev": 3.49214887619,
        "var": 12.195104599
    },
    "melbands_spread": {
        "dmean": 7.97738647461,
        "dmean2": 11.6896181107,
        "dvar": 273.331329346,
        "dvar2": 540.321533203,
        "max": 274.484039307,
        "mean": 15.4665660858,
        "median": 8.73448467255,
        "min": 0.286012768745,
        "stdev": 24.2363262177,
        "var": 587.399475098
    },
    "pitch_salience": {
        "dmean": 0.0939704999328,
        "dmean2": 0.147430375218,
        "dvar": 0.0104096764699,
        "dvar2": 0.0256366357207,
        "max": 0.904493868351,
        "mean": 0.450060129166,
        "median": 0.424843728542,
        "min": 0.109007202089,
        "stdev": 0.177259877324,
        "var": 0.0314210616052
    },
    "silence_rate_20dB": {
        "dmean": 0,
        "dmean2": 0,
        "dvar": 0,
        "dvar2": 0,
        "max": 1,
        "mean": 1,
        "median": 1,
        "min": 1,
        "stdev": 0,
        "var": 0
    },
    "silence_rate_30dB": {
        "dmean": 0.0696594417095,
        "dmean2": 0.139426797628,
        "dvar": 0.0648068115115,
        "dvar2": 0.130831062794,
        "max": 1,
        "mean": 0.836040198803,
        "median": 1,
        "min": 0,
        "stdev": 0.37024128437,
        "var": 0.137078613043
    },
    "silence_rate_60dB": {
        "dmean": 0.0147058824077,
        "dmean2": 0.0286599528044,
        "dvar": 0.014489219524,
        "dvar2": 0.0309363082051,
        "max": 1,
        "mean": 0.0982211902738,
        "median": 0,
        "min": 0,
        "stdev": 0.297616839409,
        "var": 0.0885757803917
    },
    "spectral_centroid": {
        "dmean": 372.119537354,
        "dmean2": 552.924499512,
        "dvar": 234400.984375,
        "dvar2": 470760.75,
        "max": 6037.43798828,
        "mean": 1015.7177124,
        "median": 793.021484375,
        "min": 106.193893433,
        "stdev": 829.403076172,
        "var": 687909.4375
    },
    "spectral_complexity": {
        "dmean": 4.94814252853,
        "dmean2": 7.2920217514,
        "dvar": 43.0475730896,
        "dvar2": 85.9042129517,
        "max": 57,
        "mean": 12.9435424805,
        "median": 12,
        "min": 0,
        "stdev": 9.6636800766,
        "var": 93.3867111206
    },
    "spectral_decrease": {
        "dmean": 4.77232831031e-09,
        "dmean2": 6.6399263865e-09,
        "dvar": 5.82550681418e-17,
        "dvar2": 9.6877381639e-17,
        "max": 5.65517632722e-11,
        "mean": -1.64725708629e-08,
        "median": -1.28707240421e-08,
        "min": -8.50629930937e-08,
        "stdev": 1.65013851472e-08,
        "var": 2.72295708024e-16
    },
    "spectral_energy": {
        "dmean": 0.0186328459531,
        "dmean2": 0.0259767789394,
        "dvar": 0.000850974756759,
        "dvar2": 0.00142687465996,
        "max": 0.323846459389,
        "mean": 0.0646101459861,
        "median": 0.0515085980296,
        "min": 7.89170897519e-08,
        "stdev": 0.0630291551352,
        "var": 0.00397267471999
    },
    "spectral_energyband_high": {
        "dmean": 0.000826718169264,
        "dmean2": 0.0012182998471,
        "dvar": 1.59288958912e-06,
        "dvar2": 3.10300379169e-06,
        "max": 0.01784035936,
        "mean": 0.00145843462087,
        "median": 0.000818622065708,
        "min": 6.62176591337e-10,
        "stdev": 0.00194516661577,
        "var": 3.78367326448e-06
    },
    "spectral_energyband_low": {
        "dmean": 0.0160191264004,
        "dmean2": 0.0226073004305,
        "dvar": 0.000912786519621,
        "dvar2": 0.00167888402939,
        "max": 0.309146344662,
        "mean": 0.0493473410606,
        "median": 0.0339502468705,
        "min": 7.26473592394e-09,
        "stdev": 0.0582206957042,
        "var": 0.00338964955881
    },
    "spectral_energyband_middle_high": {
        "dmean": 0.00294438004494,
        "dmean2": 0.00467923888937,
        "dvar": 4.12042718381e-05,
        "dvar2": 0.000107876396214,
        "max": 0.0516235083342,
        "mean": 0.00355347269215,
        "median": 0.00154488091357,
        "min": 4.8767847538e-09,
        "stdev": 0.00604756781831,
        "var": 3.65730775229e-05
    },
    "spectral_energyband_middle_low": {
        "dmean": 0.00801765918732,
        "dmean2": 0.0135514419526,
        "dvar": 0.000418364215875,
        "dvar2": 0.00119273958262,
        "max": 0.213710561395,
        "mean": 0.0139445653185,
        "median": 0.00988351181149,
        "min": 1.44578518047e-08,
        "stdev": 0.0182961374521,
        "var": 0.000334748678142
    },
    "spectral_entropy": {
        "dmean": 0.33642077446,
        "dmean2": 0.475243836641,
        "dvar": 0.143653392792,
        "dvar2": 0.277559876442,
        "max": 9.04224205017,
        "mean": 7.44251060486,
        "median": 7.55021762848,
        "min": 4.47099161148,
        "stdev": 0.649368524551,
        "var": 0.421679466963
    },
    "spectral_flux": {
        "dmean": 0.0438759885728,
        "dmean2": 0.0646707043052,
        "dvar": 0.00346531742252,
        "dvar2": 0.00586070818827,
        "max": 0.589800953865,
        "mean": 0.108538456261,
        "median": 0.0851384103298,
        "min": 0.000280921871308,
        "stdev": 0.0956564471126,
        "var": 0.00915015581995
    },
    "spectral_kurtosis": {
        "dmean": 2.67506790161,
        "dmean2": 4.05373907089,
        "dvar": 24.3598747253,
        "dvar2": 47.2168502808,
        "max": 75.3941040039,
        "mean": 4.90438318253,
        "median": 3.22030639648,
        "min": -1.37502849102,
        "stdev": 7.2995891571,
        "var": 53.2840042114
    },
    "spectral_rms": {
        "dmean": 0.00110395613592,
        "dmean2": 0.00152122951113,
        "dvar": 2.13268890548e-06,
        "dvar2": 3.46715592059e-06,
        "max": 0.017774919048,
        "mean": 0.00693561695516,
        "median": 0.00708888517693,
        "min": 8.77452475834e-06,
        "stdev": 0.00386412325315,
        "var": 1.49314491864e-05
    },
    "spectral_rolloff": {
        "dmean": 681.281555176,
        "dmean2": 1123.9140625,
        "dvar": 2445296.5,
        "dvar2": 4942427.5,
        "max": 15417.7734375,
        "mean": 1234.37182617,
        "median": 409.130859375,
        "min": 64.599609375,
        "stdev": 2239.79711914,
        "var": 5016691
    },
    "spectral_skewness": {
        "dmean": 0.429329037666,
        "dmean2": 0.640211462975,
        "dvar": 0.286763995886,
        "dvar2": 0.590665638447,
        "max": 6.93880653381,
        "mean": 1.78673791885,
        "median": 1.68188822269,
        "min": -0.413933873177,
        "stdev": 0.833587646484,
        "var": 0.694868385792
    },
    "spectral_spread": {
        "dmean": 1398363.625,
        "dmean2": 2001462.875,
        "dvar": 2.1277924393e+12,
        "dvar2": 3.79031283302e+12,
        "max": 21388406,
        "mean": 7074497,
        "median": 7079470,
        "min": 1014472.5625,
        "stdev": 2743342.25,
        "var": 7.5259272233e+12
    },
    "spectral_strongpeak": {
        "dmean": 0.241446793079,
        "dmean2": 0.400468349457,
        "dvar": 0.184293627739,
        "dvar2": 0.4328135252,
        "max": 9.24446105957,
        "mean": 0.610760688782,
        "median": 0.536772191525,
        "min": 0,
        "stdev": 0.49028557539,
        "var": 0.240379959345
    },
    "zerocrossingrate": {
        "dmean": 0.0188615638763,
        "dmean2": 0.0202615913004,
        "dvar": 0.000614353339188,
        "dvar2": 0.000663845858071,
        "max": 0.50244140625,
        "mean": 0.0611654408276,
        "median": 0.0439453125,
        "min": 0.00048828125,
        "stdev": 0.0612650774419,
        "var": 0.00375340948813
    },
    "barkbands": {
        "dmean": [0.00114149972796, 0.0123069053516, 0.00947556644678, 0.00369159202091, 0.00242038327269, 0.00138805445749, 0.00125488103367, 0.000867694499902, 0.000687208026648, 0.000780074333306, 0.000498881970998, 0.000492714170832, 0.000273717480013, 0.00037938929745, 0.000229425801081, 0.000121425327961, 0.000284866197035, 0.000177568508661, 0.000224077870371, 0.00026217836421, 0.000137395836646, 7.66750526964e-05, 0.000118361342174, 0.000244037029915, 0.000224938732572, 0.000138226299896, 2.14406900341e-05],
        "dmean2": [0.00155876716599, 0.0166119132191, 0.0162845607847, 0.00650941813365, 0.00437297532335, 0.00228023924865, 0.00204440858215, 0.00137246132363, 0.00111236178782, 0.00133909005672, 0.000840060296468, 0.000797527143732, 0.00042351524462, 0.000625192769803, 0.000372514477931, 0.000199570451514, 0.000477531080833, 0.000311993382638, 0.000383693230106, 0.000470962928375, 0.000235217288719, 0.000122700817883, 0.000173819731572, 0.000371012924006, 0.000329165224684, 0.000202119103051, 3.37734018103e-05],
        "dvar": [1.46427209984e-05, 0.000809573801234, 0.000572556687985, 8.86825146154e-05, 6.49711073493e-05, 1.10313840196e-05, 5.29828821527e-06, 2.44843090513e-06, 2.10500979847e-06, 3.53383575202e-06, 1.47353966895e-06, 1.41063799219e-06, 2.94186691008e-07, 1.04932701106e-06, 3.82439964142e-07, 6.37342836285e-08, 4.19712904431e-07, 1.97733001528e-07, 2.88234076606e-07, 6.29601686342e-07, 1.11170528783e-07, 2.74535398859e-08, 5.78999745926e-08, 2.10925463762e-07, 1.55155973403e-07, 5.18027754026e-08, 2.60771493288e-09],
        "dvar2": [2.90442385449e-05, 0.0014858659124, 0.0016307355836, 0.000261572859017, 0.000190971113625, 2.87321163341e-05, 1.3493267943e-05, 5.76503407501e-06, 5.5137434174e-06, 9.66020979831e-06, 4.06463959735e-06, 3.68766154679e-06, 6.54035886782e-07, 2.65577045866e-06, 9.75030388872e-07, 1.674328729e-07, 1.14461636258e-06, 5.43994929103e-07, 7.78502908361e-07, 1.79792618837e-06, 2.99701923723e-07, 6.53557918895e-08, 1.16329303523e-07, 4.32242075021e-07, 3.31448944735e-07, 1.08542970167e-07, 6.12135853117e-09],
        "max": [0.0463913306594, 0.301163196564, 0.205461680889, 0.081591270864, 0.0834275633097, 0.037040501833, 0.0228858459741, 0.0157172139734, 0.0133538795635, 0.0171836279333, 0.0114602707326, 0.015486754477, 0.00497716618702, 0.011199157685, 0.00652752956375, 0.00207576528192, 0.00650593684986, 0.00305362627842, 0.00483836513013, 0.00679837819189, 0.00323672406375, 0.00187439203728, 0.00334745831788, 0.00619957223535, 0.00580607913435, 0.00275530852377, 0.000706787861418],
        "mean": [0.00155493384227, 0.0294932220131, 0.0148016773164, 0.00553328823298, 0.00265138433315, 0.00198550103232, 0.00157675310038, 0.00111513549928, 0.000739763083402, 0.000814423547126, 0.0005013885675, 0.000534962629899, 0.00030316261109, 0.000333401083481, 0.000227320779231, 0.00012857792899, 0.000342278945027, 0.00015259355132, 0.000213524195715, 0.00022848288063, 0.000129557825858, 7.96377717052e-05, 0.000168622733327, 0.000405232567573, 0.000354077143129, 0.000217104025069, 2.41092238866e-05],
        "median": [0.000155537782121, 0.0106793437153, 0.00858049839735, 0.00283323135227, 0.0010997466743, 0.000921343802474, 0.000614657765254, 0.00026441886439, 0.000120444012282, 0.000176781788468, 7.00754462741e-05, 6.99525262462e-05, 5.18057786394e-05, 3.81551508326e-05, 3.98247429985e-05, 3.75604249712e-05, 8.69484065333e-05, 2.58469517576e-05, 6.13451993559e-05, 3.65253181371e-05, 2.48396881943e-05, 1.15145739983e-05, 4.19287134719e-05, 0.000169680395629, 0.000153498302097, 9.61442783591e-05, 6.87426836521e-06],
        "min": [9.56212322864e-13, 1.07416860129e-10, 3.7822869281e-09, 2.86094620217e-10, 3.36622729691e-09, 1.20302046103e-09, 2.85528489741e-09, 4.33723545967e-09, 2.04591432684e-09, 9.47248279815e-10, 1.35946220947e-09, 8.5943319128e-10, 4.85313012e-10, 3.08042064079e-10, 1.34127181584e-10, 5.9837296229e-10, 5.07658810822e-11, 1.25924395911e-10, 1.30883678895e-10, 1.10374015483e-10, 9.22308826534e-11, 6.99904370571e-11, 9.09062825016e-11, 4.80109389744e-11, 9.97010876636e-11, 1.07369578506e-10, 7.81051699011e-12],
        "stdev": [0.00501825567335, 0.0478678420186, 0.0216585472226, 0.00855165626854, 0.0064666965045, 0.00337235466577, 0.00248567503877, 0.0018787314184, 0.00140695809387, 0.00169113185257, 0.00112996972166, 0.00118578679394, 0.000627964327578, 0.000943209161051, 0.000604488304816, 0.000247095478699, 0.000668656837661, 0.000378864031518, 0.000474396569189, 0.00065347540658, 0.000302252796246, 0.000182852993021, 0.000347815454006, 0.000669731816743, 0.000573865137994, 0.000324910215568, 5.52051278646e-05],
        "var": [2.5182889658e-05, 0.00229133036919, 0.000469092658022, 7.31308173272e-05, 4.18181625719e-05, 1.13727764983e-05, 6.17857995167e-06, 3.52963184014e-06, 1.97953113457e-06, 2.8599270081e-06, 1.27683154005e-06, 1.406090405e-06, 3.94339167542e-07, 8.89643558821e-07, 3.65406123137e-07, 6.10561698977e-08, 4.47101996315e-07, 1.43537960184e-07, 2.25052104952e-07, 4.27030073524e-07, 9.13567603789e-08, 3.34352172615e-08, 1.20975585105e-07, 4.48540703246e-07, 3.29321210302e-07, 1.05566641651e-07, 3.04760594538e-09]
    },
    "erbbands": {
        "dmean": [0.418311446905, 3.03778243065, 9.70403385162, 12.1012659073, 8.21483421326, 8.46830749512, 10.4853153229, 11.8212499619, 17.7544155121, 17.3666191101, 19.65102005, 14.9170751572, 24.3686599731, 18.3379154205, 21.9261550903, 19.5100002289, 13.3158245087, 15.3747577667, 15.5497732162, 10.2813405991, 8.41543865204, 16.2379722595, 10.6040306091, 10.3781852722, 12.3614358902, 12.7982215881, 7.23461914062, 3.7212677002, 2.93692326546, 2.90699124336, 3.47734665871, 3.41720032692, 5.19422245026, 2.81319856644, 1.56139016151, 0.879936873913, 0.184552013874, 0.047709107399, 0.00201929104514, 5.07892946189e-05],
        "dmean2": [0.477762013674, 4.28424739838, 15.7891139984, 20.8978652954, 14.8797969818, 15.2674922943, 17.4977760315, 19.3909873962, 28.5690937042, 28.5569019318, 30.0762634277, 23.9335479736, 42.3894081116, 29.8129787445, 35.7634963989, 30.9270191193, 20.8452091217, 25.3737030029, 24.9514808655, 17.6834774017, 13.8367424011, 27.5444698334, 18.6443042755, 18.2275447845, 20.8915100098, 23.107257843, 12.4762430191, 6.21155357361, 4.77198839188, 4.42624092102, 5.11434268951, 5.0886464119, 7.93064832687, 4.13036584854, 2.28942775726, 1.29533588886, 0.273144394159, 0.0713179185987, 0.0031708588358, 7.27137812646e-05],
        "dvar": [1.18764257431, 46.9840354919, 548.466369629, 893.610473633, 649.140258789, 755.992553711, 818.668151855, 761.918518066, 1027.93139648, 1128.96533203, 1337.75085449, 981.948242188, 3712.42382812, 1451.91674805, 2478.6237793, 2292.67480469, 715.302856445, 1335.35058594, 1674.07507324, 851.1640625, 268.869262695, 1543.14331055, 690.637268066, 730.802001953, 833.457885742, 1636.21716309, 306.574005127, 67.538772583, 45.227973938, 37.8241004944, 53.3837203979, 35.2008590698, 103.198905945, 30.9029121399, 7.28776168823, 2.12649583817, 0.102063432336, 0.0105155352503, 2.20916899707e-05, 6.10133232826e-09],
        "dvar2": [1.29345631599, 101.940437317, 1507.43041992, 2585.14086914, 1957.14526367, 2191.53662109, 2226.12280273, 1945.0390625, 2606.58349609, 2933.45263672, 3082.22973633, 2587.67163086, 10567.3076172, 3779.18286133, 6628.05908203, 6038.39355469, 1673.05249023, 3227.25195312, 4265.38720703, 2254.21191406, 699.266418457, 4252.88330078, 1917.34313965, 2005.54614258, 2251.48925781, 4690.43115234, 835.436218262, 176.413009644, 111.666221619, 85.7040939331, 106.596908569, 72.043586731, 214.532943726, 62.8462867737, 16.1761798859, 4.61132287979, 0.21687297523, 0.0228690877557, 5.09039600729e-05, 1.24810348723e-08],
        "max": [13.5349912643, 66.2200927734, 223.759811401, 257.169952393, 243.881210327, 302.328796387, 362.324920654, 336.214782715, 293.294677734, 306.783721924, 435.810821533, 319.865203857, 522.228942871, 354.936126709, 503.232910156, 651.662597656, 247.084259033, 274.359344482, 426.952819824, 229.984176636, 137.372848511, 421.57510376, 180.370574951, 229.86630249, 261.802215576, 360.554931641, 147.950286865, 81.7052764893, 81.9895629883, 82.6741790771, 99.3398284912, 71.0929489136, 131.056716919, 91.7035675049, 38.7332382202, 17.345413208, 4.36591720581, 1.66607034206, 0.0643262192607, 0.00108804157935],
        "mean": [0.856696605682, 6.55490446091, 17.4871807098, 18.6576404572, 10.8590946198, 9.00811576843, 12.7647333145, 16.0472240448, 25.2768745422, 19.2342987061, 26.5111236572, 17.0430088043, 24.8740024567, 20.2039241791, 22.681634903, 22.1229400635, 14.6603574753, 15.7206869125, 14.4435720444, 10.1502532959, 9.85001373291, 19.1696910858, 10.1608514786, 9.0237531662, 12.1986608505, 10.7512989044, 6.5899939537, 3.78714680672, 2.94452023506, 3.53561401367, 5.06986522675, 5.70013475418, 8.15056324005, 4.47730016708, 2.31778717041, 1.34476017952, 0.284635782242, 0.0609479174018, 0.00247171684168, 0.000128609201056],
        "median": [0.141732752323, 3.2423324585, 11.2753219604, 12.0976877213, 4.12527132034, 3.68609023094, 5.87725543976, 6.03229093552, 10.4359006882, 5.90003967285, 6.48259592056, 3.76314926147, 4.58200311661, 4.44685220718, 3.29856920242, 3.26893663406, 2.77783870697, 2.40378093719, 2.09528756142, 2.20650792122, 3.16105508804, 5.02940607071, 1.89496409893, 2.11439037323, 3.31757569313, 1.70487928391, 1.28354680538, 0.745301067829, 0.414617985487, 0.814227581024, 1.26698803902, 2.29514050484, 3.19310498238, 1.80623722076, 0.910622537136, 0.556958377361, 0.117610797286, 0.0234176889062, 0.000881762302015, 0.000104030317743],
        "min": [5.95349858301e-09, 1.08348686467e-07, 3.84668737752e-06, 2.32422803492e-06, 3.13296527565e-06, 1.37761953738e-05, 1.85999906535e-05, 6.58382396068e-06, 2.19030480366e-05, 7.97827233328e-05, 8.56850747368e-05, 4.78366928292e-05, 3.51304115611e-05, 3.46572123817e-05, 5.80727391934e-05, 2.9062755857e-05, 1.92084135051e-05, 2.32731144933e-05, 7.10758831701e-06, 2.60162578343e-05, 1.84759155673e-05, 3.91358253182e-06, 5.82573284191e-06, 7.959110917e-06, 6.44501460556e-06, 4.98196277476e-06, 4.14569058194e-06, 3.10458403874e-06, 2.31021090258e-06, 2.56726229964e-06, 2.62602361545e-06, 1.37435222314e-06, 6.7834184847e-07, 8.31159013615e-07, 9.12789062113e-07, 5.81135111588e-07, 1.60543635275e-07, 9.45082305748e-08, 1.46000829204e-08, 1.06910558184e-09],
        "stdev": [2.03845191002, 9.47215652466, 23.1020069122, 26.4740142822, 21.8266448975, 22.211933136, 25.5543785095, 28.9833278656, 37.9772911072, 33.6866111755, 45.6930503845, 30.6204395294, 51.9075050354, 38.3012313843, 48.4849433899, 48.6006584167, 29.654706955, 36.0831451416, 38.6436843872, 26.4996833801, 16.9668121338, 39.2513961792, 23.0816192627, 22.4934005737, 26.6714897156, 32.5779342651, 15.6874046326, 8.12926483154, 7.03366661072, 7.47970724106, 10.7491235733, 9.50467395782, 14.2936592102, 8.2159948349, 3.68608188629, 2.02103590965, 0.451679676771, 0.120905771852, 0.00517424568534, 0.000118301650218],
        "var": [4.1552863121, 89.7217559814, 533.702697754, 700.873413086, 476.40246582, 493.3699646, 653.026245117, 840.033325195, 1442.27478027, 1134.7878418, 2087.85473633, 937.61126709, 2694.38916016, 1466.984375, 2350.78979492, 2362.02416992, 879.401672363, 1301.9934082, 1493.33447266, 702.233215332, 287.872741699, 1540.67211914, 532.761169434, 505.953063965, 711.368347168, 1061.32189941, 246.094650269, 66.0849456787, 49.4724655151, 55.946018219, 115.543647766, 90.3388290405, 204.308700562, 67.5025787354, 13.5872001648, 4.08458614349, 0.204014539719, 0.0146182049066, 2.6772819183e-05, 1.39952804901e-08]
    },
    "gfcc": {
        "mean": [-13.1637706757, 73.8529663086, -67.2753982544, 23.6872596741, -51.1389884949, 18.520362854, -42.3694953918, 20.0658035278, -30.6111125946, 2.12971186638, -14.495100975, -3.32007789612, -17.7207260132],
        "cov": [[12213.3134766, -655.329956055, 1191.46862793, 593.862731934, 424.761169434, 753.557861328, -203.912857056, 676.865783691, 119.753929138, 353.778137207, -32.3085861206, 201.360488892, 121.559074402], [-655.329956055, 2094.97802734, 241.113540649, 86.2398834229, 560.763671875, -82.3448028564, 350.896697998, -53.8739013672, 262.039459229, -222.1277771, 166.240722656, -17.4708595276, 128.190139771], [1191.46862793, 241.113540649, 1724.65270996, 488.242980957, 440.738098145, 370.684295654, 67.0615768433, 146.618392944, 144.405761719, 155.983612061, 87.7611618042, 81.8234786987, 147.141860962], [593.862731934, 86.2398834229, 488.242980957, 920.453918457, 326.470275879, 124.415054321, 94.3933181763, -59.1625442505, 185.534118652, 35.1189575195, 88.1175918579, 55.5784378052, 108.954277039], [424.761169434, 560.763671875, 440.738098145, 326.470275879, 550.73638916, 120.344184875, 93.5887756348, 47.6622009277, 176.664260864, 31.9849796295, 98.0523147583, 22.1446075439, 70.3153457642], [753.557861328, -82.3448028564, 370.684295654, 124.415054321, 120.344184875, 342.595611572, 104.945587158, 116.406867981, 84.6778945923, 115.500717163, 43.0955429077, 34.6069717407, 55.6872329712], [-203.912857056, 350.896697998, 67.0615768433, 94.3933181763, 93.5887756348, 104.945587158, 389.335021973, 46.2166137695, 91.0233840942, -15.2896184921, 50.7063865662, 38.246799469, 60.1610527039], [676.865783691, -53.8739013672, 146.618392944, -59.1625442505, 47.6622009277, 116.406867981, 46.2166137695, 233.959289551, 38.6079711914, 62.2777862549, 35.8222541809, 42.8226242065, 15.1104650497], [119.753929138, 262.039459229, 144.405761719, 185.534118652, 176.664260864, 84.6778945923, 91.0233840942, 38.6079711914, 241.641159058, 42.3441123962, 82.6653900146, 39.8589553833, 55.4097938538], [353.778137207, -222.1277771, 155.983612061, 35.1189575195, 31.9849796295, 115.500717163, -15.2896184921, 62.2777862549, 42.3441123962, 191.990829468, 19.5297355652, 0.53271228075, 28.2709712982], [-32.3085861206, 166.240722656, 87.7611618042, 88.1175918579, 98.0523147583, 43.0955429077, 50.7063865662, 35.8222541809, 82.6653900146, 19.5297355652, 123.921913147, 33.5582504272, 38.5182380676], [201.360488892, -17.4708595276, 81.8234786987, 55.5784378052, 22.1446075439, 34.6069717407, 38.246799469, 42.8226242065, 39.8589553833, 0.53271228075, 33.5582504272, 107.590049744, 35.3598670959], [121.559074402, 128.190139771, 147.141860962, 108.954277039, 70.3153457642, 55.6872329712, 60.1610527039, 15.1104650497, 55.4097938538, 28.2709712982, 38.5182380676, 35.3598670959, 106.918945312]],
        "icov": [[0.000124498881632, -4.45967707492e-05, 1.9853538106e-05, -0.000127325125504, -1.22794208437e-05, -0.000213193809032, 0.000193658896023, -0.00035501291859, 8.31768120406e-05, -5.90100607951e-05, 0.000273037934676, -0.000162539057783, 2.55709142039e-06], [-4.45967707492e-05, 0.00157975160982, -0.000248408759944, 0.00086455012206, -0.00141054100823, 0.000886403897312, -0.00103254953865, 0.000569243682548, -0.00107567664236, 0.00194247462787, -0.00101847923361, 0.00141917739529, -0.00147455651313], [1.9853538106e-05, -0.000248408759944, 0.00104397290852, -0.000422803219408, -0.000339699763572, -0.000886629743036, 0.000435392634245, -0.000359927798854, 0.000532248697709, -0.000453389511677, 0.00036714001908, -0.000499775400385, -0.000362464168575], [-0.000127325125504, 0.00086455012206, -0.000422803219408, 0.00232158624567, -0.00128575030249, 0.000449521758128, -0.000729248102289, 0.00167932512704, -0.00125484913588, 0.0010564312106, -0.000891951145604, 0.000385659950553, -0.00132649613079], [-1.22794208437e-05, -0.00141054100823, -0.000339699763572, -0.00128575030249, 0.00448116939515, -0.000664345803671, 0.000733277236577, -0.000759946065955, -0.000454859691672, -0.00120125408284, -0.000213580540731, -0.000118874559121, 0.00124623009469], [-0.000213193809032, 0.000886403897312, -0.000886629743036, 0.000449521758128, -0.000664345803671, 0.0062071797438, -0.00197109743021, -0.000625360233244, -0.00104259036016, -0.00109008664731, -0.000700599048287, 0.000980819924735, -0.000900233746506], [0.000193658896023, -0.00103254953865, 0.000435392634245, -0.000729248102289, 0.000733277236577, -0.00197109743021, 0.00425651483238, -0.00114225735888, 0.000110229673737, -2.77276030829e-05, 0.000729989027604, -0.00118046149146, -0.000449882878456], [-0.00035501291859, 0.000569243682548, -0.000359927798854, 0.00167932512704, -0.000759946065955, -0.000625360233244, -0.00114225735888, 0.0075256167911, -0.000653532973956, -0.000462445052108, -0.00196748273447, -0.00138748867903, 0.000538445019629], [8.31768120406e-05, -0.00107567664236, 0.000532248697709, -0.00125484913588, -0.000454859691672, -0.00104259036016, 0.000110229673737, -0.000653532973956, 0.0078643662855, -0.00229630386457, -0.0016256198287, -0.00195633550175, 0.000378036260372], [-5.90100607951e-05, 0.00194247462787, -0.000453389511677, 0.0010564312106, -0.00120125408284, -0.00109008664731, -2.77276030829e-05, -0.000462445052108, -0.00229630386457, 0.00987406913191, -0.00149459368549, 0.00335911032744, -0.00326899020001], [0.000273037934676, -0.00101847923361, 0.00036714001908, -0.000891951145604, -0.000213580540731, -0.000700599048287, 0.000729989027604, -0.00196748273447, -0.0016256198287, -0.00149459368549, 0.0128999985754, -0.00286069884896, -0.00077655428322], [-0.000162539057783, 0.00141917739529, -0.000499775400385, 0.000385659950553, -0.000118874559121, 0.000980819924735, -0.00118046149146, -0.00138748867903, -0.00195633550175, 0.00335911032744, -0.00286069884896, 0.0136567372829, -0.00415456201881], [2.55709142039e-06, -0.00147455651313, -0.000362464168575, -0.00132649613079, 0.00124623009469, -0.000900233746506, -0.000449882878456, 0.000538445019629, 0.000378036260372, -0.00326899020001, -0.00077655428322, -0.00415456201881, 0.0151169886813]]
    },
    "melbands": {
        "dmean": [0.00338938483037, 0.00394752947614, 0.00184773164801, 0.000540266570169, 0.000371204921976, 0.000268494331976, 0.000269011390628, 0.000182548101293, 0.000162570024258, 8.7928128778e-05, 0.000123605073895, 7.6124262705e-05, 6.99468291714e-05, 5.64146321267e-05, 4.27151571785e-05, 2.56988896581e-05, 3.16351943184e-05, 2.93655175483e-05, 1.68119604496e-05, 9.52416121436e-06, 1.03836782728e-05, 1.8473725504e-05, 1.2307777979e-05, 7.49369382902e-06, 8.71304746397e-06, 8.53504388942e-06, 1.12305742732e-05, 7.4846843745e-06, 4.27344593845e-06, 3.77272067453e-06, 1.68694975855e-06, 1.82026542461e-06, 1.32552804644e-06, 1.84880627785e-06, 2.18844343181e-06, 1.90928017219e-06, 2.35769925894e-06, 3.75407398678e-06, 3.83893348044e-06, 2.17799583879e-06],
        "dmean2": [0.00431315274909, 0.00588890211657, 0.00319690420292, 0.000985404360108, 0.000629178481176, 0.000438794580987, 0.000432729721069, 0.000298571190797, 0.000252344965702, 0.000141139084008, 0.000215585911064, 0.000124572659843, 0.000116821051051, 9.05492561287e-05, 6.98267176631e-05, 3.91801258957e-05, 5.26247567905e-05, 4.83698349854e-05, 2.85163059743e-05, 1.6063957446e-05, 1.71248830156e-05, 3.1213145121e-05, 2.12782761082e-05, 1.32221748572e-05, 1.53684977704e-05, 1.42640383274e-05, 1.99261139642e-05, 1.34577876452e-05, 7.30499323254e-06, 6.52124754197e-06, 2.76528840004e-06, 2.99228031508e-06, 2.0632946871e-06, 2.84574707621e-06, 3.30858370035e-06, 2.85148348667e-06, 3.63611025023e-06, 5.81531276111e-06, 5.75955755266e-06, 3.27596717398e-06],
        "dvar": [6.90232554916e-05, 7.10601816536e-05, 2.21646714635e-05, 3.33951152243e-06, 1.12732936941e-06, 3.85884845855e-07, 2.29420294318e-07, 1.23122219975e-07, 9.87151906884e-08, 3.53831701716e-08, 9.70814610923e-08, 2.59214498755e-08, 2.86569452612e-08, 1.492711732e-08, 1.14092157943e-08, 2.95286528562e-09, 6.22083451418e-09, 6.92192347884e-09, 2.29100605154e-09, 5.79483738772e-10, 4.03321820386e-10, 2.00137395545e-09, 8.02552246881e-10, 4.14831474727e-10, 5.31034272111e-10, 3.84232562434e-10, 1.06346131901e-09, 5.34031208144e-10, 8.92271881381e-11, 1.17790138754e-10, 1.13284954334e-11, 1.9390591563e-11, 7.7412520838e-12, 1.60141257893e-11, 2.3473681332e-11, 1.29352336134e-11, 1.80525438348e-11, 5.00595224995e-11, 6.32569760461e-11, 1.96966193355e-11],
        "dvar2": [0.00010312757513, 0.000172649713932, 6.37855991954e-05, 9.9388671515e-06, 3.10449786411e-06, 9.95096797851e-07, 5.80937808081e-07, 3.17207394573e-07, 2.34430842738e-07, 9.37104189802e-08, 2.76529050325e-07, 6.76275888623e-08, 7.84149420952e-08, 3.72905830659e-08, 3.09491916539e-08, 6.49136433495e-09, 1.54122918872e-08, 1.82119386238e-08, 6.05229466544e-09, 1.53487866861e-09, 1.04863606687e-09, 5.47893597158e-09, 2.22633866898e-09, 1.15782616827e-09, 1.45892553594e-09, 1.0170501108e-09, 3.04117420136e-09, 1.52113499574e-09, 2.37155184379e-10, 3.29513555331e-10, 2.77374720414e-11, 4.9866163282e-11, 1.69988832038e-11, 3.74599483377e-11, 4.91004563397e-11, 2.62417934604e-11, 4.0222214448e-11, 1.09812416105e-10, 1.3102266494e-10, 4.44835245028e-11],
        "max": [0.0948705002666, 0.0845224633813, 0.0395785830915, 0.018254743889, 0.0134695479646, 0.00655490811914, 0.0040048211813, 0.00366178085096, 0.00332997879013, 0.00220369175076, 0.00270597147755, 0.00154635927174, 0.00164619949646, 0.00131361815147, 0.00145060010254, 0.000632614188362, 0.000651168753393, 0.000957063573878, 0.000365289713955, 0.000185704935575, 0.000163486140082, 0.000462870288175, 0.000248468015343, 0.000144660647493, 0.000201103452127, 0.000203162213438, 0.000278676860034, 0.000219606139581, 7.41953845136e-05, 0.00012340550893, 3.82581783924e-05, 4.82667601318e-05, 3.21118677675e-05, 5.22118461959e-05, 7.26358266547e-05, 5.1112856454e-05, 4.96934626426e-05, 9.31705799303e-05, 0.000124827434774, 7.1231945185e-05],
        "mean": [0.00792143680155, 0.00882255565375, 0.00299140298739, 0.000632252544165, 0.000439754163381, 0.000377232558094, 0.000377574615413, 0.000205354197533, 0.000212800034205, 9.93130233837e-05, 0.000124497324578, 8.12775251688e-05, 7.07800936652e-05, 6.40954676783e-05, 4.39303075837e-05, 2.87966413453e-05, 3.02265525534e-05, 2.56895436905e-05, 1.56271053129e-05, 1.00032057162e-05, 1.18126617963e-05, 2.12280629057e-05, 1.34582078317e-05, 6.24245421932e-06, 7.27700398784e-06, 8.40224129206e-06, 9.80693766905e-06, 6.20600940238e-06, 3.94632115785e-06, 3.40921428688e-06, 1.775975079e-06, 1.69310226283e-06, 1.46360798681e-06, 2.19960679715e-06, 2.92743129648e-06, 2.98502686746e-06, 3.61748880096e-06, 5.51225593881e-06, 5.74244404561e-06, 3.15864076583e-06],
        "median": [0.00197222223505, 0.00708889821544, 0.00181413732935, 0.000259740889305, 0.00019996248011, 0.000145808051457, 0.000160969124408, 5.8945024648e-05, 5.01019203512e-05, 1.89814836631e-05, 2.25997719099e-05, 1.61775642482e-05, 9.58403779805e-06, 9.17605302675e-06, 6.74248894939e-06, 4.8073356993e-06, 4.05291802963e-06, 3.09707957058e-06, 3.02931334772e-06, 2.50038237937e-06, 3.41987356478e-06, 5.40368728252e-06, 2.32112961385e-06, 1.19825153888e-06, 1.48247613652e-06, 2.36451319324e-06, 1.84178236395e-06, 8.69163557127e-07, 6.92765127042e-07, 5.74016553401e-07, 3.54016890469e-07, 1.96080094383e-07, 2.0832423786e-07, 5.33006698333e-07, 5.97203893449e-07, 8.18208206965e-07, 1.42199507991e-06, 2.15166301132e-06, 1.93831624529e-06, 1.18247669434e-06],
        "min": [3.02828699617e-11, 1.38145284101e-09, 4.10875028445e-10, 5.94031546175e-10, 6.85727752359e-10, 1.60511742786e-10, 4.03962419071e-10, 9.27581345067e-10, 6.4892857754e-10, 2.76128758747e-10, 1.68986810656e-10, 1.30629798645e-10, 1.97176705519e-10, 1.20748355759e-10, 3.2636698899e-11, 6.00901134407e-11, 3.82607244498e-11, 1.08365963772e-11, 1.31311194557e-11, 5.48118633814e-11, 1.25173786267e-11, 3.51924110513e-12, 3.10837141616e-12, 6.94711519214e-12, 6.44388318746e-12, 4.75401966057e-12, 4.60609978978e-12, 2.96174716696e-12, 2.26486451121e-12, 2.34145450424e-12, 1.69480640459e-12, 1.33478406279e-12, 1.22719672965e-12, 1.50057744008e-12, 1.66526059435e-12, 1.10911963207e-12, 7.70792284166e-13, 4.7140297308e-13, 5.24853435453e-13, 7.06096476861e-13],
        "stdev": [0.015074685216, 0.010271217674, 0.0042870300822, 0.00147418642882, 0.00092165422393, 0.000659489887767, 0.000559778243769, 0.000358504970791, 0.000370618887246, 0.000183298339834, 0.00026422413066, 0.000159664050443, 0.00015865387104, 0.000131637629238, 9.8049044027e-05, 6.35719043203e-05, 7.56741865189e-05, 7.45879660826e-05, 4.28898019891e-05, 2.28068438446e-05, 2.06820841413e-05, 4.41608790425e-05, 2.86153790512e-05, 1.65085511981e-05, 1.90591090359e-05, 1.83704778465e-05, 2.71060889645e-05, 1.88540161616e-05, 9.0032344815e-06, 9.09934806259e-06, 3.79296875508e-06, 4.36682421423e-06, 3.32896593136e-06, 4.72683677799e-06, 6.65761945129e-06, 5.89204228163e-06, 6.10344886809e-06, 9.51262063609e-06, 1.14998911158e-05, 5.97228790866e-06],
        "var": [0.000227246142458, 0.000105497914774, 1.8378628738e-05, 2.17322553908e-06, 8.494465078e-07, 4.34926874959e-07, 3.13351705472e-07, 1.28525812215e-07, 1.37358355801e-07, 3.35982832667e-08, 6.98143978184e-08, 2.54926089127e-08, 2.51710510213e-08, 1.7328463997e-08, 9.61361479312e-09, 4.04138722487e-09, 5.72658231945e-09, 5.5633644358e-09, 1.83953496879e-09, 5.20152143579e-10, 4.27748614307e-10, 1.95018334814e-09, 8.18839940298e-10, 2.72532274526e-10, 3.63249624824e-10, 3.37474437284e-10, 7.34740046582e-10, 3.55473955826e-10, 8.10582295729e-11, 8.27981364027e-11, 1.4386612561e-11, 1.90691542418e-11, 1.10820146462e-11, 2.2342985101e-11, 4.4323898718e-11, 3.47161605019e-11, 3.72520868319e-11, 9.04899558063e-11, 1.32247490736e-10, 3.56682218483e-11]
    },
    "melbands128": {
