{
"lowlevel": {
    "average_loudness": 0.981359481812,
    "barkbands_crest": {
        "dmean": 3.32177495956,
        "dmean2": 5.32146692276,
        "dvar": 8.55952358246,
        "dvar2": 20.2642917633,
        "max": 25.1436710358,
        "mean": 10.801451683,
        "median": 9.61461544037,
        "min": 3.10825657845,
        "stdev": 4.74959087372,
        "var": 22.5586147308
    },
    "barkbands_flatness_db": {
        "dmean": 0.0366386398673,
        "dmean2": 0.0506105832756,
        "dvar": 0.0011727331439,
        "dvar2": 0.00215130113065,
        "max": 0.624658942223,
        "mean": 0.159301415086,
        "median": 0.149171769619,
        "min": 0.0293473899364,
        "stdev": 0.0762039870024,
        "var": 0.00580704770982
    },
    "barkbands_kurtosis": {
        "dmean": 10.1883478165,
        "dmean2": 15.9029140472,
        "dvar": 838.316833496,
        "dvar2": 2215.34667969,
        "max": 500.093475342,
        "mean": 11.8761835098,
        "median": 2.96360969543,
        "min": -1.94631755352,
        "stdev": 35.4812889099,
        "var": 1258.92175293
    },
    "barkbands_skewness": {
        "dmean": 1.00077724457,
        "dmean2": 1.48143208027,
        "dvar": 1.40115833282,
        "dvar2": 3.326785326,
        "max": 19.2479667664,
        "mean": 2.11387634277,
        "median": 1.62294995785,
        "min": -2.48357057571,
        "stdev": 2.07912755013,
        "var": 4.32277107239
    },
    "barkbands_spread": {
        "dmean": 10.200293541,
        "dmean2": 15.8115167618,
        "dvar": 185.053405762,
        "dvar2": 397.301544189,
        "max": 102.049736023,
        "mean": 23.3768939972,
        "median": 18.2747478485,
        "min": 0.224552154541,
        "stdev": 19.1176185608,
        "var": 365.48336792
    },
    "dissonance": {
        "dmean": 0.02607598342,
        "dmean2": 0.0434337258339,
        "dvar": 0.000881170271896,
        "dvar2": 0.0022783766035,
        "max": 0.499975174665,
        "mean": 0.45391613245,
        "median": 0.461971104145,
        "min": 0,
        "stdev": 0.0355440229177,
        "var": 0.00126337760594
    },
    "dynamic_complexity": 2.98533415794,
    "erbbands_crest": {
        "dmean": 3.30709481239,
        "dmean2": 5.43471479416,
        "dvar": 9.46169567108,
        "dvar2": 23.1413574219,
        "max": 29.2757396698,
        "mean": 9.70488071442,
        "median": 8.82002067566,
        "min": 2.97825169563,
        "stdev": 4.28491258621,
        "var": 18.3604774475
    },
    "erbbands_flatness_db": {
        "dmean": 0.0236533414572,
        "dmean2": 0.0342195853591,
        "dvar": 0.000514046347234,
        "dvar2": 0.00110381131526,
        "max": 0.297818273306,
        "mean": 0.153086781502,
        "median": 0.149398803711,
        "min": 0.0642911568284,
        "stdev": 0.0453852638602,
        "var": 0.00205982220359
    },
    "erbbands_kurtosis": {
        "dmean": 1.68726527691,
        "dmean2": 2.66165590286,
        "dvar": 5.88986301422,
        "dvar2": 14.1566886902,
        "max": 32.0478363037,
        "mean": 1.14190399647,
        "median": 0.0568084716797,
        "min": -1.86004316807,
        "stdev": 3.47967839241,
        "var": 12.1081609726
    },
    "erbbands_skewness": {
        "dmean": 0.620168328285,
        "dmean2": 0.91936814785,
        "dvar": 0.38515278697,
        "dvar2": 0.875488758087,
        "max": 4.94484329224,
        "mean": 0.523811221123,
        "median": 0.596241652966,
        "min": -3.34900045395,
        "stdev": 1.02263653278,
        "var": 1.04578542709
    },
    "erbbands_spread": {
        "dmean": 15.6164712906,
        "dmean2": 23.7378940582,
        "dvar": 318.777435303,
        "dvar2": 703.959777832,
        "max": 192.780319214,
        "mean": 48.5710906982,
        "median": 44.7399864197,
        "min": 4.91842079163,
        "stdev": 28.4387302399,
        "var": 808.761413574
    },
    "hfc": {
        "dmean": 12.2434682846,
        "dmean2": 16.8268127441,
        "dvar": 354.494445801,
        "dvar2": 717.764038086,
        "max": 258.827148438,
        "mean": 24.6745738983,
        "median": 18.3582515717,
        "min": 1.16159398469e-16,
        "stdev": 25.7939128876,
        "var": 665.32598877
    },
    "loudness_ebu128": {
        "integrated": -9.6046705246,
        "loudness_range": 1.04641532898,
        "momentary": {
            "dmean": 0.910476565361,
            "dmean2": 1.38979744911,
            "dvar": 0.613216221333,
            "dvar2": 1.49183654785,
            "max": -7.17240428925,
            "mean": -9.84482574463,
            "median": -9.62819099426,
            "min": -17.7570896149,
            "stdev": 1.53266584873,
            "var": 2.34906458855
        },
        "short_term": {
            "dmean": 0.0943269357085,
            "dmean2": 0.120895072818,
            "dvar": 0.00404353905469,
            "dvar2": 0.00825309660286,
            "max": -9.05219078064,
            "mean": -9.65577220917,
            "median": -9.60294723511,
            "min": -10.9345064163,
            "stdev": 0.372872561216,
            "var": 0.139033943415
        }
    },
    "melbands_crest": {
        "dmean": 4.45354318619,
        "dmean2": 7.02912521362,
        "dvar": 16.4057769775,
        "dvar2": 37.3404960632,
        "max": 37.6804199219,
        "mean": 15.3387317657,
        "median": 13.5175943375,
        "min": 2.46032142639,
        "stdev": 7.1102848053,
        "var": 50.5561523438
    },
    "melbands_flatness_db": {
        "dmean": 0.0433897078037,
        "dmean2": 0.0593663044274,
        "dvar": 0.00171346601564,
        "dvar2": 0.0030855005607,
        "max": 0.739718019962,
        "mean": 0.219816014171,
        "median": 0.202167108655,
        "min": 0.0053469967097,
        "stdev": 0.0963103026152,
        "var": 0.00927567388862
    },
    "melbands_kurtosis": {
        "dmean": 26.7995414734,
        "dmean2": 39.8531990051,
        "dvar": 6208.90625,
        "dvar2": 12830.2226562,
        "max": 1469.5090332,
        "mean": 36.4210128784,
        "median": 11.1762638092,
        "min": -1.85231900215,
        "stdev": 108.197006226,
        "var": 11706.5927734
    },
    "melbands_skewness": {
        "dmean": 1.403170228,
        "dmean2": 2.07659673691,
        "dvar": 3.49320268631,
        "dvar2": 6.78197383881,
        "max": 33.0441818237,
        "mean": 3.59725546837,
        "median": 2.81550574303,
        "min": -0.631131708622,
        "stdev": 3.42592024803,
        "var": 11.7369298935
    },
    "melbands_spread": {
        "dmean": 11.8185586929,
        "dmean2": 17.9730186462,
        "dvar": 429.691314697,
        "dvar2": 993.190063477,
        "max": 245.506454468,
        "mean": 23.290517807,
        "median": 16.8487434387,
        "min": 0.124646961689,
        "stdev": 26.2441806793,
        "var": 688.757019043
    },
    "pitch_salience": {
        "dmean": 0.101400367916,
        "dmean2": 0.164008408785,
        "dvar": 0.00884376745671,
        "dvar2": 0.0222390294075,
        "max": 0.948168694973,
        "mean": 0.547282099724,
        "median": 0.571697115898,
        "min": 0.0328963436186,
        "stdev": 0.147738739848,
        "var": 0.021826736629
    },
    "silence_rate_20dB": {
        "dmean": 0,
        "dmean2": 0,
        "dvar": 0,
        "dvar2": 0,
        "max": 1,
        "mean": 1,
        "median": 1,
        "min": 1,
        "stdev": 0,
        "var": 0
    },
    "silence_rate_30dB": {
        "dmean": 0.0417956672609,
        "dmean2": 0.0836560800672,
        "dvar": 0.0400489531457,
        "dvar2": 0.0905998647213,
        "max": 1,
        "mean": 0.96210360527,
        "median": 1,
        "min": 0,
        "stdev": 0.190944060683,
        "var": 0.0364596322179
    },
    "silence_rate_60dB": {
        "dmean": 0.0534055717289,
        "dmean2": 0.106893882155,
        "dvar": 0.0505538210273,
        "dvar2": 0.106312796474,
        "max": 1,
        "mean": 0.0750193372369,
        "median": 0,
        "min": 0,
        "stdev": 0.263423204422,
        "var": 0.0693917870522
    },
    "spectral_centroid": {
        "dmean": 400.463226318,
        "dmean2": 602.953063965,
        "dvar": 301923.5,
        "dvar2": 591701.0625,
        "max": 10949.4287109,
        "mean": 1259.8380127,
        "median": 1095.9753418,
        "min": 123.024681091,
        "stdev": 807.342346191,
        "var": 651801.625
    },
    "spectral_complexity": {
        "dmean": 4.50851392746,
        "dmean2": 6.1223859787,
        "dvar": 29.0642471313,
        "dvar2": 44.0887489319,
        "max": 58,
        "mean": 14.6426916122,
        "median": 13,
        "min": 0,
        "stdev": 10.0391712189,
        "var": 100.784950256
    },
    "spectral_decrease": {
        "dmean": 4.38525349367e-09,
        "dmean2": 6.65481625362e-09,
        "dvar": 3.85721069427e-17,
        "dvar2": 8.33621371675e-17,
        "max": -4.75765934817e-29,
        "mean": -8.51214920772e-09,
        "median": -6.03972116764e-09,
        "min": -5.49257279658e-08,
        "stdev": 8.45544256833e-09,
        "var": 7.14945041273e-17
    },
    "spectral_energy": {
        "dmean": 0.0172932706773,
        "dmean2": 0.0260046515614,
        "dvar": 0.000572521530557,
        "dvar2": 0.00122755533084,
        "max": 0.209660038352,
        "mean": 0.0343648418784,
        "median": 0.0250059571117,
        "min": 1.071555211e-20,
        "stdev": 0.0328181125224,
        "var": 0.00107702845708
    },
    "spectral_energyband_high": {
        "dmean": 0.00107405998278,
        "dmean2": 0.00155725434888,
        "dvar": 4.22771336162e-06,
        "dvar2": 9.37132972467e-06,
        "max": 0.027824414894,
        "mean": 0.00157562061213,
        "median": 0.000508116558194,
        "min": 7.55842747069e-21,
        "stdev": 0.00253565958701,
        "var": 6.42957002128e-06
    },
    "spectral_energyband_low": {
        "dmean": 0.010500928387,
        "dmean2": 0.0162859968841,
        "dvar": 0.00049059529556,
        "dvar2": 0.00110770366155,
        "max": 0.197563305497,
        "mean": 0.0160861965269,
        "median": 0.00593040045351,
        "min": 5.04503054615e-23,
        "stdev": 0.0282368846238,
        "var": 0.000797321670689
    },
    "spectral_energyband_middle_high": {
        "dmean": 0.00211843219586,
        "dmean2": 0.00312894606031,
        "dvar": 8.98141115613e-06,
        "dvar2": 1.83829670277e-05,
        "max": 0.0407786853611,
        "mean": 0.00422627851367,
        "median": 0.00243464275263,
        "min": 1.57167093175e-21,
        "stdev": 0.00503758527339,
        "var": 2.53772632277e-05
    },
    "spectral_energyband_middle_low": {
        "dmean": 0.00924405548722,
        "dmean2": 0.0152366887778,
        "dvar": 0.000209786201594,
        "dvar2": 0.000544804381207,
        "max": 0.108219191432,
        "mean": 0.0144281117246,
        "median": 0.0106178587303,
        "min": 3.95901167017e-22,
        "stdev": 0.0152192367241,
        "var": 0.000231625177548
    },
    "spectral_entropy": {
        "dmean": 0.28481695056,
        "dmean2": 0.400645315647,
        "dvar": 0.0940255820751,
        "dvar2": 0.192135512829,
        "max": 9.79912376404,
        "mean": 7.60700559616,
        "median": 7.6392788887,
        "min": 5.34729957581,
        "stdev": 0.540121018887,
        "var": 0.291730731726
    },
    "spectral_flux": {
        "dmean": 0.0418719612062,
        "dmean2": 0.0633294284344,
        "dvar": 0.00212856894359,
        "dvar2": 0.00446456670761,
        "max": 0.441678017378,
        "mean": 0.112018413842,
        "median": 0.0979398116469,
        "min": 1.03515952754e-10,
        "stdev": 0.0673149973154,
        "var": 0.0045313090086
    },
    "spectral_kurtosis": {
        "dmean": 1.6186876297,
        "dmean2": 2.5593483448,
        "dvar": 5.20609045029,
        "dvar2": 12.9363183975,
        "max": 25.0073642731,
        "mean": 3.35583996773,
        "median": 2.52157497406,
        "min": -1.28932368755,
        "stdev": 3.35999894142,
        "var": 11.2895927429
    },
    "spectral_rms": {
        "dmean": 0.0013843110064,
        "dmean2": 0.00196513556875,
        "dvar": 2.46675472226e-06,
        "dvar2": 4.71521616419e-06,
        "max": 0.0143019715324,
        "mean": 0.00517735769972,
        "median": 0.00493923621252,
        "min": 3.23329514204e-12,
        "stdev": 0.00259260833263,
        "var": 6.72161786497e-06
    },
    "spectral_rolloff": {
        "dmean": 984.495056152,
        "dmean2": 1634.97290039,
        "dvar": 3532047,
        "dvar2": 7384980,
        "max": 18949.21875,
        "mean": 1731.69934082,
        "median": 947.4609375,
        "min": 64.599609375,
        "stdev": 2281.85400391,
        "var": 5206857.5
    },
    "spectral_skewness": {
        "dmean": 0.308903932571,
        "dmean2": 0.461988419294,
        "dvar": 0.126509681344,
        "dvar2": 0.274922013283,
        "max": 4.14269638062,
        "mean": 1.41231060028,
        "median": 1.35080373287,
        "min": -0.196797683835,
        "stdev": 0.616903662682,
        "var": 0.380570113659
    },
    "spectral_spread": {
        "dmean": 1043966.9375,
        "dmean2": 1451332,
        "dvar": 2.21344746701e+12,
        "dvar2": 3.15537568563e+12,
        "max": 41271268,
        "mean": 5851880,
        "median": 5378688,
        "min": 1823242.5,
        "stdev": 2423337.5,
        "var": 5.87256456806e+12
    },
    "spectral_strongpeak": {
        "dmean": 0.495092749596,
        "dmean2": 0.822719037533,
        "dvar": 0.403319358826,
        "dvar2": 0.980448067188,
        "max": 5.72338151932,
        "mean": 0.841115176678,
        "median": 0.509453058243,
        "min": 0,
        "stdev": 0.868938028812,
        "var": 0.755053341389
    },
    "zerocrossingrate": {
        "dmean": 0.0204326044768,
        "dmean2": 0.0228210017085,
        "dvar": 0.000786533928476,
        "dvar2": 0.000971406756435,
        "max": 0.494140625,
        "mean": 0.0682717636228,
        "median": 0.0556640625,
        "min": 0.001953125,
        "stdev": 0.0518178641796,
        "var": 0.0026850909926
    },
    "barkbands": {
        "dmean": [0.00072011584416, 0.00597340334207, 0.00490514189005, 0.00333684450015, 0.00331205874681, 0.00149937998503, 0.00108391570393, 0.00160651758779, 0.00130812951829, 0.000760421913583, 0.000509177567437, 0.000479264766909, 0.000339501333656, 0.000267359137069, 0.000263980124146, 0.000211423553992, 0.000127893610625, 0.000184393662494, 0.000108378102595, 0.00011914625793, 0.000150265172124, 0.000250823766692, 0.000262036744971, 0.000212746279431, 0.000149945815792, 9.30042006075e-05, 1.56395162776e-05],
        "dmean2": [0.000966359453741, 0.0090743675828, 0.00771461892873, 0.00594058120623, 0.00560242217034, 0.00245159794576, 0.00173433823511, 0.00259571406059, 0.00203458056785, 0.00123735691886, 0.000825152324978, 0.000764403492212, 0.000524907314684, 0.000427401362685, 0.000418519077357, 0.000320544757415, 0.000196230175789, 0.000264684902504, 0.000166260564583, 0.000170764804352, 0.000222111542826, 0.000395546871005, 0.000409455882618, 0.000304346292978, 0.000212551894947, 0.000132680419483, 2.30899495364e-05],
        "dvar": [3.2711188851e-06, 0.00018969240773, 0.00023245534976, 6.52422459098e-05, 3.09065435431e-05, 1.29741729324e-05, 6.25484744887e-06, 1.45337153299e-05, 7.7274216892e-06, 2.98166742141e-06, 9.2752384262e-07, 9.16347516977e-07, 4.34312852349e-07, 4.20889989527e-07, 3.23682428416e-07, 1.61735087545e-07, 7.21625781352e-08, 1.10209121829e-07, 3.61286431882e-08, 4.11966354363e-08, 6.22002502837e-08, 3.09517020014e-07, 3.29060355853e-07, 1.9010948904e-07, 1.03641319527e-07, 6.13333739352e-08, 2.41790654165e-09],
        "dvar2": [5.78040317123e-06, 0.000419781019446, 0.000549720483832, 0.000182085670531, 8.22241345304e-05, 3.10244504362e-05, 1.50850955833e-05, 3.61759921361e-05, 1.7630527509e-05, 7.42582096791e-06, 2.19067737817e-06, 2.02843239094e-06, 9.24873859276e-07, 1.01933210317e-06, 7.52183495933e-07, 3.47838465586e-07, 1.58304516162e-07, 2.1318263066e-07, 8.34490307966e-08, 8.94958773756e-08, 1.33456467211e-07, 8.27892108646e-07, 8.18210537545e-07, 4.01957265694e-07, 2.20856506417e-07, 1.29863167331e-07, 5.04507724486e-09],
        "max": [0.020208125934, 0.123757116497, 0.161076977849, 0.0697185844183, 0.0435328744352, 0.0419441387057, 0.0315988324583, 0.0444572344422, 0.0351427607238, 0.0211845897138, 0.0105227511376, 0.0148826846853, 0.0097005404532, 0.00862827431411, 0.00523621588945, 0.00391724612564, 0.00340879685245, 0.00426809070632, 0.00315251247957, 0.00290652411059, 0.0031538810581, 0.00686418265104, 0.00781981833279, 0.00495290849358, 0.00416048942134, 0.00326195545495, 0.000589083996601],
        "mean": [0.000866726215463, 0.00847471505404, 0.00496814912185, 0.00311996322125, 0.00422497000545, 0.00181630649604, 0.0013025731314, 0.00192578928545, 0.00167056487408, 0.00104081514291, 0.000618673919234, 0.000622112944257, 0.000465589895612, 0.000320373859722, 0.000334729993483, 0.000298406550428, 0.000183033655048, 0.000279079482425, 0.000172524669324, 0.000190526829101, 0.00022684627038, 0.000316373858368, 0.000321975356201, 0.000275486469036, 0.000197496832698, 0.000115128445032, 1.59486626217e-05],
        "median": [1.84111322596e-05, 0.00142988702282, 0.00106878043152, 0.000794051331468, 0.00219709984958, 0.000455860747024, 0.000314669014188, 0.0003186459071, 0.000336860975949, 0.000196496199351, 0.000146934122313, 0.000145643090946, 0.000103266422229, 6.44059909973e-05, 5.075648005e-05, 5.34292121301e-05, 4.47824641014e-05, 7.39055612939e-05, 8.01664427854e-05, 7.91053316789e-05, 0.000113763519039, 9.54015704338e-05, 7.36196670914e-05, 4.22240082116e-05, 2.98390241369e-05, 8.70811436471e-06, 1.01444008749e-07],
        "min": [2.01837935433e-23, 1.88118460999e-23, 1.75594599931e-23, 1.10692962221e-23, 6.06441427836e-23, 8.17544645041e-23, 9.76742392405e-23, 6.394793012e-23, 3.47040107046e-23, 8.29365315498e-23, 1.59978656551e-22, 1.159058813e-22, 9.45527608147e-23, 1.27328662938e-22, 7.75876380939e-23, 1.68077380283e-22, 2.12395762643e-22, 2.51788497511e-22, 1.3245773557e-22, 3.33479373515e-22, 6.28731885471e-22, 3.83642520985e-22, 7.21277866184e-22, 8.0885975348e-22, 1.2305343568e-21, 1.82007078574e-21, 2.15011383066e-21],
        "stdev": [0.00243527442217, 0.0173815079033, 0.0145823108032, 0.00684544537216, 0.00563738681376, 0.00393678015098, 0.00268352893181, 0.00430442765355, 0.00326657225378, 0.00217186217196, 0.0011436304776, 0.0012485049665, 0.00102103606332, 0.000719989417121, 0.00071163038956, 0.000542866298929, 0.000360863399692, 0.000482128700241, 0.000262703397311, 0.000292402459309, 0.000334334123181, 0.000557785504498, 0.000639437173959, 0.000539769243915, 0.000405097263865, 0.000292217795504, 5.45665316167e-05],
        "var": [5.93056120124e-06, 0.00030211682315, 0.000212643790292, 4.68601247121e-05, 3.17801277561e-05, 1.54982390086e-05, 7.20132811693e-06, 1.85280969163e-05, 1.06704937934e-05, 4.71698513138e-06, 1.30789067043e-06, 1.5587645521e-06, 1.04251455468e-06, 5.18384752013e-07, 5.06417791257e-07, 2.94703824011e-07, 1.30222389316e-07, 2.32448087445e-07, 6.90130690373e-08, 8.54991952792e-08, 1.11779307588e-07, 3.11124665586e-07, 4.08879884617e-07, 2.91350858106e-07, 1.64103795441e-07, 8.5391235416e-08, 2.97750624156e-09]
    },
    "erbbands": {
        "dmean": [0.275907069445, 1.1042355299, 4.77190065384, 8.59652805328, 10.5376033783, 12.29915905, 11.0451583862, 13.3064680099, 11.5099973679, 27.674665451, 32.9369125366, 28.3360347748, 23.1792068481, 21.9150295258, 23.0594482422, 15.7095251083, 15.636097908, 14.1239767075, 12.6439971924, 12.5601091385, 9.96735572815, 6.94602584839, 9.7889547348, 7.07539701462, 4.96682500839, 5.63609647751, 6.30888462067, 5.99803256989, 8.79709720612, 9.42468547821, 7.11342191696, 4.95684528351, 3.30025696754, 1.93470108509, 0.963813781738, 0.457358926535, 0.161810621619, 0.0414393767715, 0.00156780879479, 4.82301365992e-05],
        "dmean2": [0.404311388731, 1.73658394814, 7.53713130951, 14.6462049484, 18.5094718933, 20.5295848846, 18.5544834137, 21.1218910217, 17.7824020386, 44.3796043396, 50.938583374, 43.9141540527, 35.4308738708, 35.7290763855, 37.7336082458, 23.230474472, 23.3963298798, 21.9788551331, 20.0521450043, 18.5844249725, 15.3853931427, 10.1703958511, 14.0594291687, 10.3858995438, 7.52839756012, 8.12998008728, 9.41936397552, 8.94251441956, 13.8693141937, 15.2827253342, 11.0297908783, 7.34245252609, 4.75512313843, 2.77967524529, 1.38960659504, 0.657926619053, 0.231120169163, 0.0597877725959, 0.0023406369146, 6.77981734043e-05],
        "dvar": [0.437942832708, 7.43439483643, 229.278152466, 477.978179932, 580.308837891, 400.138824463, 386.701660156, 1365.74633789, 530.84765625, 5638.81201172, 7356.84521484, 3493.00268555, 2670.89770508, 3123.52490234, 2258.27563477, 1205.45178223, 890.893676758, 1179.4453125, 755.863952637, 687.35748291, 349.620513916, 191.74621582, 324.415710449, 216.916122437, 56.4913520813, 95.1449813843, 136.735565186, 98.4409561157, 468.07901001, 473.382171631, 250.381088257, 106.607139587, 46.4884681702, 16.7148551941, 4.76603603363, 1.22520506382, 0.218281581998, 0.0164543446153, 2.37771146203e-05, 1.00766186506e-08],
        "dvar2": [1.02752006054, 15.643995285, 562.131591797, 1268.43664551, 1597.11108398, 1031.72631836, 983.302490234, 3222.52685547, 1151.90759277, 14562.8525391, 17239.5859375, 7892.41308594, 6266.48681641, 7839.93164062, 5994.07568359, 2331.28637695, 1760.6439209, 2779.35229492, 1850.39196777, 1386.65856934, 790.179443359, 398.571929932, 648.341369629, 482.490600586, 123.557273865, 200.395477295, 315.622497559, 220.27444458, 1276.96142578, 1287.03344727, 603.200866699, 232.175323486, 99.9680938721, 36.3260650635, 9.97925758362, 2.6536655426, 0.472251921892, 0.0334583520889, 4.84585762024e-05, 1.99032808013e-08],
        "max": [5.23887777328, 34.4363746643, 149.825073242, 210.76423645, 223.062164307, 162.214416504, 265.296051025, 488.450012207, 301.464202881, 1296.63500977, 1248.92785645, 724.786682129, 643.133605957, 1004.77923584, 475.51171875, 672.825012207, 530.016357422, 443.2684021, 302.559692383, 312.744415283, 185.580871582, 164.910964966, 216.777679443, 209.201660156, 97.7245330811, 124.918685913, 182.808624268, 164.669494629, 265.11239624, 239.430618286, 250.645172119, 118.45741272, 79.5470657349, 57.1491546631, 24.7830066681, 15.6034574509, 6.76007795334, 1.6019525528, 0.0611505955458, 0.00120768044144],
        "mean": [0.336605072021, 1.58648943901, 4.85077857971, 9.34974384308, 10.5356884003, 16.6638202667, 13.6546545029, 15.4794216156, 15.4854021072, 32.5145301819, 42.7842521667, 36.9234237671, 33.6963272095, 30.7278347015, 27.8740062714, 23.3667926788, 22.7200145721, 18.2267951965, 16.4473342896, 17.6952342987, 14.6875162125, 10.5823030472, 14.8071727753, 11.396739006, 8.48030948639, 9.06414604187, 9.45488929749, 8.8125667572, 11.0874643326, 11.0847063065, 8.9476556778, 6.29429006577, 4.2422375679, 2.53397583961, 1.2541655302, 0.579808831215, 0.189247608185, 0.0465456470847, 0.00167904002592, 7.76738961576e-05],
        "median": [0.031458415091, 0.317525148392, 1.34130442142, 2.92091631889, 3.87555909157, 8.61873340607, 6.1449637413, 3.41446995735, 4.26304388046, 7.83820152283, 8.4598865509, 9.51980495453, 8.63482093811, 6.0538277626, 8.05777263641, 6.11427593231, 5.28702068329, 4.22768115997, 3.57405304909, 3.15241456032, 3.03214287758, 2.86653375626, 3.89586997032, 4.25337600708, 4.56806278229, 4.09138011932, 4.73336648941, 4.22971773148, 3.53258395195, 2.76512384415, 2.08830428123, 1.03625798225, 0.583718538284, 0.407498389482, 0.155274942517, 0.0568293258548, 0.0119245806709, 0.00110880378634, 4.99769666931e-05, 3.6365188862e-05],
        "min": [9.33285004391e-22, 2.94750443011e-21, 1.35646085167e-20, 3.65968581371e-20, 4.03062138848e-20, 2.78342657209e-19, 3.528502788e-19, 9.05131425143e-19, 1.66610977474e-18, 8.9948602086e-19, 1.27172825665e-18, 8.62247383659e-19, 2.39626592715e-18, 2.84988329648e-18, 7.72426715394e-18, 3.75783975021e-18, 4.61529889549e-18, 6.39626921234e-18, 4.05029483245e-18, 7.12027227836e-18, 9.41776146665e-18, 1.2521654972e-17, 1.27979663839e-17, 1.02743582761e-17, 7.73678487815e-18, 1.53845949009e-17, 1.95876187073e-17, 2.60595526118e-17, 1.62436103865e-17, 2.00007904602e-17, 1.83524891602e-17, 1.42549209558e-17, 1.61473728853e-17, 1.44857308165e-17, 8.66138255144e-18, 6.85168714706e-18, 3.16686221593e-18, 1.14101872722e-18, 2.54860679829e-19, 3.55330295524e-20],
        "stdev": [0.786554455757, 3.34174656868, 14.0699291229, 19.8967380524, 20.6691532135, 22.6959438324, 20.8000354767, 39.554271698, 31.9476528168, 78.5176544189, 105.260360718, 69.4117355347, 69.5251541138, 68.2981491089, 48.5275650024, 50.3689842224, 49.3019523621, 39.6053085327, 33.4419441223, 34.9374008179, 25.7135848999, 19.2647228241, 25.9837245941, 19.6112346649, 11.3504104614, 14.0544433594, 14.5697011948, 13.1246337891, 20.5804843903, 21.6725616455, 18.3113555908, 12.3660974503, 8.46128940582, 5.09895658493, 2.71676182747, 1.35489583015, 0.524311542511, 0.146383151412, 0.00548938894644, 0.000122153287521],
        "var": [0.618667900562, 11.1672706604, 197.962905884, 395.880187988, 427.213897705, 515.105834961, 432.641479492, 1564.54052734, 1020.65246582, 6165.02246094, 11079.7431641, 4817.98925781, 4833.74707031, 4664.63671875, 2354.92456055, 2537.03466797, 2430.68237305, 1568.58044434, 1118.36352539, 1220.62194824, 661.188415527, 371.129547119, 675.153930664, 384.60055542, 128.831817627, 197.527374268, 212.276199341, 172.256011963, 423.556365967, 469.699920654, 335.305755615, 152.92036438, 71.5934143066, 25.9993591309, 7.38079452515, 1.83574259281, 0.274902611971, 0.0214280262589, 3.01333893731e-05, 1.49214258727e-08]
    },
    "gfcc": {
        "mean": [-12.2385044098, 77.381111145, -97.6652832031, 36.5367851257, -70.7824401855, 18.6306533813, -36.7703819275, 6.90405225754, -28.6331329346, -0.0145461987704, -18.7316703796, -0.740371823311, -11.4397058487],
        "cov": [[9712.38964844, -1096.61633301, -228.248458862, -441.576629639, -398.767211914, 29.8226280212, -287.922485352, 144.741775513, -93.4463729858, 72.2866134644, -489.833312988, -8.07123184204, -409.901763916], [-1096.61633301, 1798.98950195, -66.3262863159, -16.0865688324, 300.247711182, -17.2773113251, 297.881866455, -15.9282464981, 137.363769531, -74.2093200684, 172.84425354, -147.930709839, 126.560287476], [-228.248458862, -66.3262863159, 1508.85009766, 521.91003418, 239.679153442, 312.986114502, 110.057785034, -29.9492702484, 48.1819038391, 90.7733688354, 112.905677795, 118.854431152, 30.664522171], [-441.576629639, -16.0865688324, 521.91003418, 885.334533691, 185.691726685, 58.4403076172, 7.71996831894, 14.8823347092, 143.061767578, -32.255569458, 58.8498649597, 77.0691070557, 100.437911987], [-398.767211914, 300.247711182, 239.679153442, 185.691726685, 487.830505371, 154.714141846, 127.985641479, 64.4122467041, 87.0202713013, 30.4208831787, 35.5700111389, -21.0011405945, 51.156211853], [29.8226280212, -17.2773113251, 312.986114502, 58.4403076172, 154.714141846, 438.000335693, 191.137115479, -18.6689720154, 8.17430114746, 62.6090965271, 59.2119178772, 11.1659927368, 0.0642316043377], [-287.922485352, 297.881866455, 110.057785034, 7.71996831894, 127.985641479, 191.137115479, 322.899658203, 48.774356842, 27.7292079926, 17.9180164337, 68.8204116821, -9.39552116394, 34.4017524719], [144.741775513, -15.9282464981, -29.9492702484, 14.8823347092, 64.4122467041, -18.6689720154, 48.774356842, 172.389282227, 49.2879714966, 1.75085294247, -28.8507061005, 11.812787056, 2.76385092735], [-93.4463729858, 137.363769531, 48.1819038391, 143.061767578, 87.0202713013, 8.17430114746, 27.7292079926, 49.2879714966, 238.559432983, 40.7332572937, 6.92316579819, -8.64241313934, 25.2162284851], [72.2866134644, -74.2093200684, 90.7733688354, -32.255569458, 30.4208831787, 62.6090965271, 17.9180164337, 1.75085294247, 40.7332572937, 139.784896851, 32.3534202576, 0.610790729523, -16.2890949249], [-489.833312988, 172.84425354, 112.905677795, 58.8498649597, 35.5700111389, 59.2119178772, 68.8204116821, -28.8507061005, 6.92316579819, 32.3534202576, 170.448059082, 51.9436073303, 32.3330574036], [-8.07123184204, -147.930709839, 118.854431152, 77.0691070557, -21.0011405945, 11.1659927368, -9.39552116394, 11.812787056, -8.64241313934, 0.610790729523, 51.9436073303, 143.005111694, 17.4871768951], [-409.901763916, 126.560287476, 30.664522171, 100.437911987, 51.156211853, 0.0642316043377, 34.4017524719, 2.76385092735, 25.2162284851, -16.2890949249, 32.3330574036, 17.4871768951, 116.771270752]],
        "icov": [[0.000146587277413, -3.51107992174e-05, 7.68402696849e-06, -8.04829051049e-06, 0.000100171724625, -0.0001268547785, 8.18193002488e-05, -0.000125624152133, 2.99612602248e-05, -0.000140408898005, 0.000436200585682, -0.000191543716937, 0.000374425813789], [-3.51107992174e-05, 0.00125671410933, -8.33755839267e-05, 0.000355975062121, -0.000637896475382, 0.000761785951909, -0.000992483925074, 0.000540304288734, -0.000767441815697, 0.00125969620422, -0.0016349706566, 0.00153363298159, -0.000646473199595], [7.68402696849e-06, -8.33755839267e-05, 0.00109789089765, -0.000633447780274, -0.000193107072846, -0.000532982405275, 5.59806221645e-06, 0.000233059443417, 0.000300616578897, -0.000704598787706, 0.000138075614814, -0.000735575682484, 0.000360317935701], [-8.04829051049e-06, 0.000355975062121, -0.000633447780274, 0.00203136424534, -0.000517111679073, 0.000214222978684, 0.000182545307325, 0.000173347929376, -0.00128093466628, 0.00146132858936, -0.00068601052044, 1.16024575618e-05, -0.00115773524158], [0.000100171724625, -0.000637896475382, -0.000193107072846, -0.000517111679073, 0.00335947028361, -0.00119074387476, 0.000292137992801, -0.00148969748989, 9.16036970011e-06, -0.000808709941339, 0.000709389918484, 0.000301430321997, -0.00033975840779], [-0.0001268547785, 0.000761785951909, -0.000532982405275, 0.000214222978684, -0.00119074387476, 0.00460043130443, -0.00293790129945, 0.00170826236717, -0.000165380217368, -0.000314881559461, -0.000858919811435, 0.000521443667822, 0.000180504765012], [8.18193002488e-05, -0.000992483925074, 5.59806221645e-06, 0.000182545307325, 0.000292137992801, -0.00293790129945, 0.00631105387583, -0.00263855862431, 0.000403516722145, -5.95175552007e-05, -0.000800141715445, 0.000170685743797, -0.000618237187155], [-0.000125624152133, 0.000540304288734, 0.000233059443417, 0.000173347929376, -0.00148969748989, 0.00170826236717, -0.00263855862431, 0.00829093996435, -0.00158277794253, 0.000161046540597, 0.00156081235036, -0.0016299886629, 0.000172086380189], [2.99612602248e-05, -0.000767441815697, 0.000300616578897, -0.00128093466628, 9.16036970011e-06, -0.000165380217368, 0.000403516722145, -0.00158277794253, 0.00611043581739, -0.00292926607653, 0.00112374906894, -0.000189895203221, -0.000136428076075], [-0.000140408898005, 0.00125969620422, -0.000704598787706, 0.00146132858936, -0.000808709941339, -0.000314881559461, -5.95175552007e-05, 0.000161046540597, -0.00292926607653, 0.0108426567167, -0.00406802725047, 0.00218943902291, 0.000381703051971], [0.000436200585682, -0.0016349706566, 0.000138075614814, -0.00068601052044, 0.000709389918484, -0.000858919811435, -0.000800141715445, 0.00156081235036, 0.00112374906894, -0.00406802725047, 0.0120600042865, -0.00577355735004, 0.000460663839476], [-0.000191543716937, 0.00153363298159, -0.000735575682484, 1.16024575618e-05, 0.000301430321997, 0.000521443667822, 0.000170685743797, -0.0016299886629, -0.000189895203221, 0.00218943902291, -0.00577355735004, 0.0116554936394, -0.00209583435208], [0.000374425813789, -0.000646473199595, 0.000360317935701, -0.00115773524158, -0.00033975840779, 0.000180504765012, -0.000618237187155, 0.000172086380189, -0.000136428076075, 0.000381703051971, 0.000460663839476, -0.00209583435208, 0.0120757659897]]
    },
    "melbands": {
        "dmean": [0.0019508927362, 0.00193719915114, 0.00149357737973, 0.000786435964983, 0.000410171865951, 0.000289337825961, 0.00018728330906, 0.000311408599373, 0.000270421383902, 0.000176165136509, 0.000115258313599, 9.12464674911e-05, 7.19068993931e-05, 5.62697823625e-05, 4.04983984481e-05, 3.19058381137e-05, 2.68830845016e-05, 2.04407988349e-05, 1.94649765035e-05, 1.65698693309e-05, 1.13572541522e-05, 7.16457725503e-06, 8.62359593157e-06, 9.48835349845e-06, 5.73267152504e-06, 3.89836850445e-06, 3.79746234103e-06, 4.10194297729e-06, 3.92930451198e-06, 4.0035706661e-06, 3.51145672539e-06, 5.06354399477e-06, 5.06226660946e-06, 5.62751210964e-06, 4.47774436907e-06, 3.27827501678e-06, 3.05935577671e-06, 2.30874184126e-06, 2.14142687582e-06, 1.51474353061e-06],
        "dmean2": [0.00287534249946, 0.00295093399473, 0.00254582054913, 0.00133635976817, 0.000683180056512, 0.000459011993371, 0.000292791897664, 0.000505462172441, 0.000412571476772, 0.00027372178738, 0.00017527063028, 0.00014822591038, 0.000116111870739, 9.20615129871e-05, 6.02367363172e-05, 4.86037715746e-05, 4.16429757024e-05, 3.30201473844e-05, 3.06918773276e-05, 2.48937722063e-05, 1.76382145582e-05, 1.08918075057e-05, 1.28543842948e-05, 1.37182660183e-05, 8.76243575476e-06, 6.07529364061e-06, 5.87405111219e-06, 6.00341081736e-06, 5.91967000219e-06, 6.12890107732e-06, 5.3225812735e-06, 7.99570261734e-06, 8.1335001596e-06, 9.18577006814e-06, 7.01216049492e-06, 4.95546009915e-06, 4.53901338915e-06, 3.3966052797e-06, 3.06345509671e-06, 2.21982850235e-06],
        "dvar": [2.08819383261e-05, 3.10212526529e-05, 1.2688865354e-05, 1.96323662749e-06, 4.26025877687e-07, 5.68334883155e-07, 1.40954185213e-07, 6.50758124721e-07, 5.03995750023e-07, 1.26761548813e-07, 6.70650379675e-08, 5.3983004733e-08, 1.86518942513e-08, 1.21281455989e-08, 1.14371720983e-08, 3.3589324655e-09, 4.64280835999e-09, 2.03394767695e-09, 1.9518642258e-09, 1.09279230109e-09, 4.72746508606e-10, 2.19893381281e-10, 3.09892139727e-10, 3.3586228243e-10, 1.73364850253e-10, 3.68695490804e-11, 4.36762188916e-11, 6.08463140983e-11, 6.69671817999e-11, 4.89317510122e-11, 3.59661640748e-11, 1.61697835677e-10, 1.17961349022e-10, 1.74652542428e-10, 1.00235562905e-10, 4.73895055142e-11, 4.14088173473e-11, 2.24694134826e-11, 2.10751954083e-11, 1.07536115429e-11],
        "dvar2": [4.71724633826e-05, 7.27287770133e-05, 3.34482319886e-05, 5.2170539675e-06, 1.08813287625e-06, 1.34173217248e-06, 3.21749752175e-07, 1.69899465163e-06, 1.16764408631e-06, 2.85054966298e-07, 1.5788000951e-07, 1.36217764179e-07, 4.78346642296e-08, 3.02511473649e-08, 2.35775843294e-08, 7.075909636e-09, 1.10410933729e-08, 5.12042452883e-09, 4.37505143225e-09, 2.34416108746e-09, 1.10183218105e-09, 4.86240880893e-10, 6.41080633024e-10, 7.09483805039e-10, 4.02829325452e-10, 8.35157637491e-11, 1.08590171577e-10, 1.32786726059e-10, 1.68315569815e-10, 1.11544190551e-10, 8.24701557045e-11, 4.44226599949e-10, 3.10511755197e-10, 4.81262529828e-10, 2.45670261911e-10, 1.07764651369e-10, 9.02221353183e-11, 5.01262260866e-11, 4.41682003471e-11, 2.46493901679e-11],
        "max": [0.0389134250581, 0.0533711388707, 0.031872689724, 0.0109197245911, 0.00807403307408, 0.00957824476063, 0.00386636494659, 0.0136461704969, 0.00987052451819, 0.00402477849275, 0.0032016474288, 0.00414320314303, 0.00118219701108, 0.00123471103143, 0.00195143686142, 0.000994651345536, 0.000880588777363, 0.000583881395869, 0.00045958350529, 0.000381584686693, 0.000197899484192, 0.000169458697201, 0.000279769505141, 0.000229555298574, 0.000187662008102, 8.07042306405e-05, 8.36335457279e-05, 0.000100825709524, 0.00016344357573, 9.65754879871e-05, 0.000114026224765, 0.000159358940437, 0.000112329791591, 0.000146866615978, 0.000168293699971, 7.72841522121e-05, 7.73243955337e-05, 5.35483886779e-05, 5.2096467698e-05, 4.65199955215e-05],
        "mean": [0.00265435059555, 0.00235414900817, 0.0016216612421, 0.000980496755801, 0.00054035638459, 0.000344854139257, 0.000242222580709, 0.000368985231034, 0.000352633651346, 0.000224517702009, 0.000164575816598, 0.000124146637972, 8.80340230651e-05, 7.09020387148e-05, 5.7064833527e-05, 4.44308279839e-05, 3.20917897625e-05, 2.49682416325e-05, 2.55253144132e-05, 2.21202008106e-05, 1.57664362632e-05, 1.02609192254e-05, 1.22039718917e-05, 1.38859677463e-05, 8.72501550475e-06, 6.26622204436e-06, 5.89582532484e-06, 6.05539662502e-06, 5.66540575164e-06, 5.70236852582e-06, 4.92419076181e-06, 6.16950910626e-06, 6.2092153712e-06, 6.22177412879e-06, 5.47708259546e-06, 4.03624153478e-06, 3.80740220862e-06, 2.86636372948e-06, 2.75594129562e-06, 1.92583752323e-06],
        "median": [0.000318714824971, 0.000962411984801, 0.000576917547733, 0.000501367030665, 0.000282469583908, 7.80913396738e-05, 6.5079468186e-05, 7.97399843577e-05, 6.47658671369e-05, 4.98791014252e-05, 3.65206542483e-05, 1.98946072487e-05, 2.29450815823e-05, 1.78905138455e-05, 1.1038008779e-05, 1.03258380477e-05, 6.67592803438e-06, 5.25077439306e-06, 3.77129254048e-06, 3.57219823854e-06, 3.18508136843e-06, 2.5825809189e-06, 3.14642625199e-06, 3.43041915585e-06, 2.95918266602e-06, 3.1256568036e-06, 2.83054555439e-06, 2.30093382925e-06, 2.64226764557e-06, 2.68066241915e-06, 2.15177442442e-06, 1.89414686247e-06, 1.72359352746e-06, 1.4046764818e-06, 1.30755552163e-06, 7.4200340805e-07, 6.00404746365e-07, 4.05767622169e-07, 3.78594478434e-07, 3.10129479431e-07],
        "min": [7.25530047345e-24, 6.30962466989e-24, 6.22277660625e-24, 9.5802699875e-24, 1.54013984583e-23, 2.12361087473e-23, 2.24366730035e-23, 1.14520673105e-23, 9.18569122904e-24, 5.50659424509e-24, 1.22116472766e-23, 9.76985692885e-24, 2.74044851111e-23, 1.53056985864e-23, 6.28885790656e-24, 1.02506179523e-23, 1.26585653784e-23, 6.94011504307e-24, 6.31259078689e-24, 1.2898461924e-23, 9.72501965272e-24, 1.404794507e-23, 1.04183534466e-23, 1.15891855353e-23, 8.08684033136e-24, 4.56570564394e-24, 8.31755769145e-24, 1.01326619478e-23, 1.12907515663e-23, 1.44746667549e-23, 1.54539050401e-23, 8.87078111112e-24, 7.0714864162e-24, 1.30763027265e-23, 1.08311675138e-23, 8.98644310818e-24, 8.49088463182e-24, 1.14759114202e-23, 1.17610357281e-23, 1.22491591904e-23],
        "stdev": [0.00569647038355, 0.00564779015258, 0.00325937289745, 0.00139887235127, 0.000719921372365, 0.000828684482258, 0.000478265050333, 0.000863972061779, 0.000906288099941, 0.000417241099058, 0.000349110079696, 0.000282700086245, 0.000150091596879, 0.000127993364003, 0.00014145213936, 9.88856627373e-05, 7.60103430366e-05, 5.26568946952e-05, 5.58358078706e-05, 4.23615128966e-05, 2.88898445433e-05, 1.95918728423e-05, 2.38280754274e-05, 2.52794288826e-05, 1.63558543136e-05, 9.03422824194e-06, 8.51172626426e-06, 1.04399541669e-05, 9.41424605116e-06, 8.66955997481e-06, 7.74378804635e-06, 1.19269197967e-05, 1.11787858259e-05, 1.28625724756e-05, 1.16525634439e-05, 7.90648664406e-06, 7.71857867221e-06, 5.77407035962e-06, 5.76141292186e-06, 3.93406207877e-06],
        "var": [3.24497741531e-05, 3.18975326081e-05, 1.06235111161e-05, 1.9568440166e-06, 5.18286753959e-07, 6.86717953613e-07, 2.28737448538e-07, 7.46447767597e-07, 8.21358071335e-07, 1.74090146743e-07, 1.21877846482e-07, 7.99193458079e-08, 2.25274856547e-08, 1.63823017374e-08, 2.00087058033e-08, 9.77837366634e-09, 5.77757264253e-09, 2.77274847527e-09, 3.11763748151e-09, 1.79449788362e-09, 8.3462309286e-10, 3.83841486373e-10, 5.67777214133e-10, 6.39049535511e-10, 2.67513983188e-10, 8.1617282377e-11, 7.24494908511e-11, 1.08992641301e-10, 8.86280215884e-11, 7.51612730387e-11, 5.99662472456e-11, 1.422514051e-10, 1.24965246484e-10, 1.65445782074e-10, 1.3578223268e-10, 6.25125368137e-11, 5.95764618194e-11, 3.33398898766e-11, 3.31938782017e-11, 1.54768437649e-11]
    },
    "melbands128": {
