{
"lowlevel": {
    "average_loudness": 0.968521356583,
    "barkbands_crest": {
        "dmean": 2.33081698418,
        "dmean2": 3.47576379776,
        "dvar": 5.74105262756,
        "dvar2": 10.3799638748,
        "max": 26.2087116241,
        "mean": 12.1776437759,
        "median": 11.056807518,
        "min": 2.93289923668,
        "stdev": 5.4817647934,
        "var": 30.049747467
    },
    "barkbands_flatness_db": {
        "dmean": 0.024366915226,
        "dmean2": 0.0323915630579,
        "dvar": 0.000658325268887,
        "dvar2": 0.00117432104889,
        "max": 0.366456091404,
        "mean": 0.134552240372,
        "median": 0.123773217201,
        "min": 0.0277798566967,
        "stdev": 0.0592411644757,
        "var": 0.00350951566361
    },
    "barkbands_kurtosis": {
        "dmean": 8.11055755615,
        "dmean2": 10.3785953522,
        "dvar": 356.553588867,
        "dvar2": 610.010803223,
        "max": 313.282806396,
        "mean": 14.3653345108,
        "median": 4.62612342834,
        "min": -1.86427974701,
        "stdev": 31.5531730652,
        "var": 995.602783203
    },
    "barkbands_skewness": {
        "dmean": 0.791143298149,
        "dmean2": 1.02633154392,
        "dvar": 0.967808425426,
        "dvar2": 1.5696015358,
        "max": 15.4740514755,
        "mean": 2.74384140968,
        "median": 2.17295861244,
        "min": -2.00186944008,
        "stdev": 2.28729605675,
        "var": 5.2317237854
    },
    "barkbands_spread": {
        "dmean": 8.40301704407,
        "dmean2": 11.7780580521,
        "dvar": 106.015701294,
        "dvar2": 206.942199707,
        "max": 104.718147278,
        "mean": 24.5047111511,
        "median": 20.6014060974,
        "min": 0.567782819271,
        "stdev": 17.6577854156,
        "var": 311.797363281
    },
    "dissonance": {
        "dmean": 0.0171461161226,
        "dmean2": 0.0283596422523,
        "dvar": 0.000508319935761,
        "dvar2": 0.00129333569203,
        "max": 0.499999821186,
        "mean": 0.465964287519,
        "median": 0.473777532578,
        "min": 0.118220224977,
        "stdev": 0.0284170378,
        "var": 0.000807528034784
    },
    "dynamic_complexity": 1.46821427345,
    "erbbands_crest": {
        "dmean": 2.49021720886,
        "dmean2": 4.03549718857,
        "dvar": 6.40562438965,
        "dvar2": 14.4085979462,
        "max": 30.0520324707,
        "mean": 7.96063232422,
        "median": 6.2952208519,
        "min": 2.39442682266,
        "stdev": 4.81384420395,
        "var": 23.1730937958
    },
    "erbbands_flatness_db": {
        "dmean": 0.0140766371042,
        "dmean2": 0.0208613779396,
        "dvar": 0.000183345327969,
        "dvar2": 0.000359997968189,
        "max": 0.31558740139,
        "mean": 0.10734923929,
        "median": 0.0974767580628,
        "min": 0.045742765069,
        "stdev": 0.0403514839709,
        "var": 0.00162824231666
    },
    "erbbands_kurtosis": {
        "dmean": 0.742093741894,
        "dmean2": 1.14733672142,
        "dvar": 1.10513162613,
        "dvar2": 2.21595239639,
        "max": 16.7568187714,
        "mean": -0.00595009047538,
        "median": -0.652506113052,
        "min": -1.73360335827,
        "stdev": 1.87965333462,
        "var": 3.5330965519
    },
    "erbbands_skewness": {
        "dmean": 0.359805047512,
        "dmean2": 0.537394225597,
        "dvar": 0.105841584504,
        "dvar2": 0.231988415122,
        "max": 2.53644561768,
        "mean": 0.331833511591,
        "median": 0.304746538401,
        "min": -1.90413844585,
        "stdev": 0.632076442242,
        "var": 0.399520605803
    },
    "erbbands_spread": {
        "dmean": 12.1692237854,
        "dmean2": 18.4233722687,
        "dvar": 145.704147339,
        "dvar2": 315.652282715,
        "max": 146.695205688,
        "mean": 61.4301834106,
        "median": 60.6337852478,
        "min": 4.3145442009,
        "stdev": 26.0193729401,
        "var": 677.007751465
    },
    "hfc": {
        "dmean": 13.3295688629,
        "dmean2": 19.274143219,
        "dvar": 312.817565918,
        "dvar2": 697.015075684,
        "max": 244.189666748,
        "mean": 37.241519928,
        "median": 32.3099822998,
        "min": 1.19772099868e-16,
        "stdev": 24.4002323151,
        "var": 595.371337891
    },
    "loudness_ebu128": {
        "integrated": -7.62921524048,
        "loudness_range": 0.895224571228,
        "momentary": {
            "dmean": 0.307160288095,
            "dmean2": 0.441775262356,
            "dvar": 0.0890832915902,
            "dvar2": 0.193075016141,
            "max": -6.48674678802,
            "mean": -7.68856716156,
            "median": -7.51748609543,
            "min": -10.2499818802,
            "stdev": 0.737783491611,
            "var": 0.54432451725
        },
        "short_term": {
            "dmean": 0.0417014695704,
            "dmean2": 0.0441967584193,
            "dvar": 0.00105389533564,
            "dvar2": 0.00164476351347,
            "max": -7.09767198563,
            "mean": -7.59815788269,
            "median": -7.53483867645,
            "min": -8.2938451767,
            "stdev": 0.280924171209,
            "var": 0.078918389976
        }
    },
    "melbands_crest": {
        "dmean": 2.75469112396,
        "dmean2": 4.17512989044,
        "dvar": 7.89318656921,
        "dvar2": 15.0997591019,
        "max": 35.8469924927,
        "mean": 17.0390739441,
        "median": 15.6636581421,
        "min": 2.41601705551,
        "stdev": 6.85253953934,
        "var": 46.9572982788
    },
    "melbands_flatness_db": {
        "dmean": 0.0305025316775,
        "dmean2": 0.0405135303736,
        "dvar": 0.00108520430513,
        "dvar2": 0.00194120849483,
        "max": 0.48785468936,
        "mean": 0.216404795647,
        "median": 0.205331027508,
        "min": 0.00894745718688,
        "stdev": 0.0755932256579,
        "var": 0.0057143359445
    },
    "melbands_kurtosis": {
        "dmean": 20.5584201813,
        "dmean2": 29.1288757324,
        "dvar": 1564.38415527,
        "dvar2": 2820.5065918,
        "max": 573.602905273,
        "mean": 46.2623786926,
        "median": 20.8657836914,
        "min": -1.45395708084,
        "stdev": 70.7123565674,
        "var": 5000.23730469
    },
    "melbands_skewness": {
        "dmean": 1.08964300156,
        "dmean2": 1.56725013256,
        "dvar": 2.03495383263,
        "dvar2": 3.67075157166,
        "max": 19.2170524597,
        "mean": 4.76314115524,
        "median": 3.897960186,
        "min": -0.873304784298,
        "stdev": 3.21770215034,
        "var": 10.3536071777
    },
    "melbands_spread": {
        "dmean": 6.77882242203,
        "dmean2": 9.96401596069,
        "dvar": 123.15461731,
        "dvar2": 249.746704102,
        "max": 153.681274414,
        "mean": 17.9515457153,
        "median": 14.4654874802,
        "min": 0.380559265614,
        "stdev": 17.1301994324,
        "var": 293.443725586
    },
    "pitch_salience": {
        "dmean": 0.0702068209648,
        "dmean2": 0.106430016458,
        "dvar": 0.00550568336621,
        "dvar2": 0.0104302642867,
        "max": 0.858975291252,
        "mean": 0.482754290104,
        "median": 0.50293982029,
        "min": 0.0625699087977,
        "stdev": 0.151047334075,
        "var": 0.0228152982891
    },
    "silence_rate_20dB": {
        "dmean": 0,
        "dmean2": 0,
        "dvar": 0,
        "dvar2": 0,
        "max": 1,
        "mean": 1,
        "median": 1,
        "min": 1,
        "stdev": 0,
        "var": 0
    },
    "silence_rate_30dB": {
        "dmean": 0.0386996902525,
        "dmean2": 0.0774593353271,
        "dvar": 0.0372021719813,
        "dvar2": 0.0745574831963,
        "max": 1,
        "mean": 0.894818246365,
        "median": 1,
        "min": 0,
        "stdev": 0.30678704381,
        "var": 0.0941182971001
    },
    "silence_rate_60dB": {
        "dmean": 0.00696594407782,
        "dmean2": 0.0139426803216,
        "dvar": 0.00691744126379,
        "dvar2": 0.0168466493487,
        "max": 1,
        "mean": 0.00696055684239,
        "median": 0,
        "min": 0,
        "stdev": 0.0831390246749,
        "var": 0.00691209780052
    },
    "spectral_centroid": {
        "dmean": 318.144866943,
        "dmean2": 470.038452148,
        "dvar": 205062.203125,
        "dvar2": 342480.125,
        "max": 11174.125,
        "mean": 1221.48522949,
        "median": 1088.89501953,
        "min": 310.704193115,
        "stdev": 643.107055664,
        "var": 413586.6875
    },
    "spectral_complexity": {
        "dmean": 5.06191968918,
        "dmean2": 7.58791637421,
        "dvar": 30.3088722229,
        "dvar2": 62.1602859497,
        "max": 55,
        "mean": 22.3488006592,
        "median": 21,
        "min": 0,
        "stdev": 9.48005104065,
        "var": 89.8713684082
    },
    "spectral_decrease": {
        "dmean": 3.36650862742e-09,
        "dmean2": 4.54775284098e-09,
        "dvar": 1.67789500984e-17,
        "dvar2": 2.58676218943e-17,
        "max": -3.99181150023e-29,
        "mean": -1.61399231757e-08,
        "median": -1.41003901888e-08,
        "min": -5.43568177136e-08,
        "stdev": 9.50864187388e-09,
        "var": 9.04142621711e-17
    },
    "spectral_energy": {
        "dmean": 0.01296781376,
        "dmean2": 0.017629398033,
        "dvar": 0.000242503752816,
        "dvar2": 0.000383968173992,
        "max": 0.206812500954,
        "mean": 0.0642936900258,
        "median": 0.0571584738791,
        "min": 1.10143509114e-20,
        "stdev": 0.0355779156089,
        "var": 0.00126578810159
    },
    "spectral_energyband_high": {
        "dmean": 0.00134848372545,
        "dmean2": 0.00194510351866,
        "dvar": 4.39544919573e-06,
        "dvar2": 9.69526263361e-06,
        "max": 0.0249920673668,
        "mean": 0.00240725348704,
        "median": 0.00154574320186,
        "min": 8.49596641698e-21,
        "stdev": 0.00268215080723,
        "var": 7.19393256077e-06
    },
    "spectral_energyband_low": {
        "dmean": 0.0111243845895,
        "dmean2": 0.0145069099963,
        "dvar": 0.000311467796564,
        "dvar2": 0.000443007214926,
        "max": 0.201979547739,
        "mean": 0.0397350266576,
        "median": 0.0288735069335,
        "min": 4.30798928271e-23,
        "stdev": 0.0402851291001,
        "var": 0.00162289163563
    },
    "spectral_energyband_middle_high": {
        "dmean": 0.0021686819382,
        "dmean2": 0.00322892284021,
        "dvar": 9.00092163647e-06,
        "dvar2": 1.79368089448e-05,
        "max": 0.0461269505322,
        "mean": 0.00596097996458,
        "median": 0.00396146206185,
        "min": 1.33859714317e-21,
        "stdev": 0.00649498729035,
        "var": 4.21848599217e-05
    },
    "spectral_energyband_middle_low": {
        "dmean": 0.00767040764913,
        "dmean2": 0.0125536695123,
        "dvar": 0.000144083503983,
        "dvar2": 0.00039894488873,
        "max": 0.107150629163,
        "mean": 0.0197334624827,
        "median": 0.0172064248472,
        "min": 4.0837420651e-22,
        "stdev": 0.0141814937815,
        "var": 0.000201114758966
    },
    "spectral_entropy": {
        "dmean": 0.180244475603,
        "dmean2": 0.261029362679,
        "dvar": 0.0337569192052,
        "dvar2": 0.0651292130351,
        "max": 9.80189037323,
        "mean": 7.84041261673,
        "median": 7.84233474731,
        "min": 6.49354410172,
        "stdev": 0.38636931777,
        "var": 0.14928124845
    },
    "spectral_flux": {
        "dmean": 0.0365662239492,
        "dmean2": 0.0538608841598,
        "dvar": 0.00170350552071,
        "dvar2": 0.00328596308827,
        "max": 0.440678656101,
        "mean": 0.109612286091,
        "median": 0.0928408429027,
        "min": 1.04949278434e-10,
        "stdev": 0.0649934783578,
        "var": 0.00422415230423
    },
    "spectral_kurtosis": {
        "dmean": 0.838554561138,
        "dmean2": 1.29689276218,
        "dvar": 0.859799981117,
        "dvar2": 1.96123766899,
        "max": 15.0868721008,
        "mean": 2.51339435577,
        "median": 2.27707576752,
        "min": -1.22988450527,
        "stdev": 1.74968194962,
        "var": 3.06138682365
    },
    "spectral_rms": {
        "dmean": 0.000812496175058,
        "dmean2": 0.00112661602907,
        "dvar": 9.42207691423e-07,
        "dvar2": 1.56394798978e-06,
        "max": 0.0142045170069,
        "mean": 0.00762822385877,
        "median": 0.00746755395085,
        "min": 3.27806466867e-12,
        "stdev": 0.00212972937152,
        "var": 4.53574739367e-06
    },
    "spectral_rolloff": {
        "dmean": 747.347167969,
        "dmean2": 1162.3605957,
        "dvar": 2150270.5,
        "dvar2": 3926514.5,
        "max": 18109.4238281,
        "mean": 1340.25402832,
        "median": 624.462890625,
        "min": 64.599609375,
        "stdev": 2086.203125,
        "var": 4352243.5
    },
    "spectral_skewness": {
        "dmean": 0.175189197063,
        "dmean2": 0.262691408396,
        "dvar": 0.0369999483228,
        "dvar2": 0.0748342126608,
        "max": 2.7479262352,
        "mean": 1.36102926731,
        "median": 1.3523119688,
        "min": -0.0224386788905,
        "stdev": 0.355613559484,
        "var": 0.126461014152
    },
    "spectral_spread": {
        "dmean": 783715.1875,
        "dmean2": 1111135.125,
        "dvar": 1.46107872051e+12,
        "dvar2": 1.76785535795e+12,
        "max": 40800284,
        "mean": 6714159.5,
        "median": 6593168,
        "min": 2125706,
        "stdev": 2025429.25,
        "var": 4.10236380774e+12
    },
    "spectral_strongpeak": {
        "dmean": 0.437344521284,
        "dmean2": 0.733933448792,
        "dvar": 0.5963306427,
        "dvar2": 1.40896737576,
        "max": 7.85378503799,
        "mean": 1.01706922054,
        "median": 0.655463993549,
        "min": 0,
        "stdev": 1.12665295601,
        "var": 1.26934695244
    },
    "zerocrossingrate": {
        "dmean": 0.0167788099498,
        "dmean2": 0.0179548319429,
        "dvar": 0.000527327065356,
        "dvar2": 0.00054198311409,
        "max": 0.4951171875,
        "mean": 0.0680432915688,
        "median": 0.05810546875,
        "min": 0.00048828125,
        "stdev": 0.050975676626,
        "var": 0.00259851966985
    },
    "barkbands": {
        "dmean": [0.000711950473487, 0.00971123203635, 0.00465127872303, 0.00325950817205, 0.00330189499073, 0.00159282062668, 0.000639515172224, 0.000955782830715, 0.00066312943818, 0.0013874664437, 0.000378609081963, 0.000287006696453, 0.000310844829073, 0.000594018143602, 0.000289535848424, 0.0001836441661, 0.000140577350976, 0.000150981548359, 0.000168027516338, 0.000258099695202, 0.000216009633732, 0.000243154834607, 0.000280637614196, 0.000316358811688, 0.000200638227398, 0.000141843775054, 1.26122358779e-05],
        "dmean2": [0.00093492079759, 0.0125612113625, 0.00777809740975, 0.00564141012728, 0.00548039004207, 0.00253228237852, 0.000981646589935, 0.00146371882875, 0.00096984708216, 0.00208880915307, 0.000565346155781, 0.000470392871648, 0.000502912618686, 0.000904283078853, 0.000488052377477, 0.000310299830744, 0.00022465919028, 0.000246933428571, 0.000276754231891, 0.00041147324373, 0.000332621100824, 0.000376597599825, 0.000431032298366, 0.000479923677631, 0.000276465900242, 0.000197922970983, 2.06158401852e-05],
        "dvar": [2.59827697846e-06, 0.000380316312658, 0.000152391396114, 8.28709016787e-05, 2.15875297727e-05, 9.47723219724e-06, 1.12457087198e-06, 6.0678785303e-06, 1.93750497601e-06, 1.01420600913e-05, 1.12452596568e-06, 4.04521699693e-07, 4.22594865768e-07, 1.44589762385e-06, 2.09930732353e-07, 6.28568059824e-08, 4.05504323453e-08, 4.59139037901e-08, 8.03044954978e-08, 2.14274862742e-07, 1.32221842364e-07, 1.59042983228e-07, 2.07525857832e-07, 4.17154694787e-07, 1.07543826289e-07, 5.80334429401e-08, 3.33269856156e-10],
        "dvar2": [4.87720171805e-06, 0.000533778918907, 0.000404845690355, 0.000239533066633, 5.44347385585e-05, 2.06982113014e-05, 2.47785101237e-06, 1.32338127514e-05, 4.37910648543e-06, 2.03955914913e-05, 2.20005244955e-06, 9.74478439275e-07, 9.64769128586e-07, 2.80215499515e-06, 5.19520483522e-07, 1.63631781902e-07, 1.07821342965e-07, 1.23590609746e-07, 2.10229273989e-07, 5.29682324668e-07, 3.26862647171e-07, 3.66448546174e-07, 4.80130665892e-07, 8.06197647307e-07, 1.8955266512e-07, 9.94071527316e-08, 8.41729241863e-10],
        "max": [0.0278276000172, 0.198611795902, 0.109343722463, 0.086954139173, 0.0526162981987, 0.0577688366175, 0.013849042356, 0.0422974042594, 0.0242981575429, 0.0467122793198, 0.036451626569, 0.0102895032614, 0.0133954491466, 0.0237890426069, 0.00576524529606, 0.00261924485676, 0.00224422779866, 0.00283992663026, 0.00303505267948, 0.00396110350266, 0.00342576834373, 0.00368747743778, 0.00438356027007, 0.0174445472658, 0.0044231582433, 0.00502305245027, 0.000299077160889],
        "mean": [0.00122388335876, 0.0266065187752, 0.00921419076622, 0.00465030409396, 0.00613090256229, 0.00316234491765, 0.00126819417346, 0.0015904676402, 0.0011487492593, 0.00247856182978, 0.000637187622488, 0.000406348699471, 0.000583908578847, 0.00104574090801, 0.00045301442151, 0.000312552525429, 0.000213943014387, 0.000273073354037, 0.000304637564113, 0.00035535969073, 0.000354873714969, 0.000398153992137, 0.00042864884017, 0.000447097350843, 0.000351679947926, 0.000235937375692, 1.74659653567e-05],
        "median": [0.000173610431375, 0.0140394251794, 0.00370712112635, 0.00319742085412, 0.00391984824091, 0.00120399822481, 0.00053101440426, 0.000408984982641, 0.000461927877041, 0.00060760328779, 0.000234188235481, 0.000147777827806, 0.00027013552608, 0.000393477472244, 0.000276226637652, 0.000210123413126, 0.000123172532767, 0.000188016230823, 0.00019545784744, 0.000205649674172, 0.000201002621907, 0.000235026644077, 0.000257216626778, 0.000226075790124, 0.000176742178155, 0.000124312908156, 6.24863969279e-06],
        "min": [2.86947964948e-23, 2.64787221289e-23, 1.22284533666e-25, 3.73495543579e-24, 3.43438073489e-23, 1.38213719118e-22, 2.5075999644e-23, 3.18424524808e-23, 1.6346014585e-22, 3.52750418703e-23, 5.65408102099e-23, 1.21486119261e-22, 9.28964369037e-23, 6.49099617712e-23, 1.37138306067e-22, 1.48722330874e-22, 1.4147948967e-22, 1.41678169022e-22, 2.78359579474e-22, 2.18157981348e-22, 5.88885902681e-22, 4.93241629742e-22, 6.67395510914e-22, 9.21162345357e-22, 1.44287279134e-21, 2.16349472915e-21, 2.33746135368e-21],
        "stdev": [0.00269045960158, 0.0378060601652, 0.0133910514414, 0.00717098079622, 0.00683999573812, 0.00519325071946, 0.00185642193537, 0.00393723417073, 0.00191239849664, 0.00555861229077, 0.00202604220249, 0.00081382546341, 0.00118146277964, 0.00222123088315, 0.000567116017919, 0.000326007953845, 0.000239587316173, 0.000267056428129, 0.000334496493451, 0.000483519310364, 0.000431003980339, 0.000488589168526, 0.000519280205481, 0.000809617165942, 0.000481968134409, 0.000347183551639, 2.89586350846e-05],
        "var": [7.23857237972e-06, 0.00142929831054, 0.000179320253665, 5.14229686814e-05, 4.67855425086e-05, 2.69698521151e-05, 3.44630234395e-06, 1.55018133228e-05, 3.65726805285e-06, 3.08981725539e-05, 4.10484744862e-06, 6.62311890665e-07, 1.3958542695e-06, 4.9338664212e-06, 3.21620547084e-07, 1.06281191847e-07, 5.74020830868e-08, 7.13191283808e-08, 1.1188790694e-07, 2.3379092795e-07, 1.85764420735e-07, 2.38719394474e-07, 2.69651934559e-07, 6.55479936995e-07, 2.32293274394e-07, 1.20536412851e-07, 8.3860257627e-10]
    },
    "erbbands": {
        "dmean": [0.370959788561, 2.22921204567, 5.06819105148, 8.40040874481, 8.67296028137, 11.8526878357, 16.0349235535, 12.0489826202, 11.7142410278, 12.9911279678, 18.2265644073, 12.6782693863, 46.5504798889, 16.3233737946, 15.4520530701, 12.1185598373, 13.3519039154, 30.603055954, 15.4854192734, 15.455031395, 7.91291189194, 6.72593975067, 7.00395011902, 9.32031536102, 9.88810157776, 12.5498228073, 8.45788764954, 8.55729103088, 9.17893505096, 8.2483215332, 8.40762901306, 6.33251714706, 5.34538125992, 2.38640379906, 1.49526667595, 0.750231027603, 0.233608588576, 0.038574129343, 0.00146365270484, 4.04638303735e-05],
        "dmean2": [0.425763934851, 3.04480338097, 8.05277252197, 14.0799846649, 15.2552194595, 19.2081890106, 25.6116142273, 19.2961730957, 17.6708469391, 21.0080718994, 27.5810089111, 18.3698825836, 68.9666213989, 25.9194717407, 23.6928806305, 19.4090328217, 20.9225273132, 46.8055000305, 24.3839969635, 26.5121173859, 13.0327005386, 10.7277822495, 11.4137735367, 15.3076705933, 16.2844581604, 20.072561264, 13.308763504, 13.4426317215, 13.993927002, 12.5702457428, 13.1074790955, 9.72780418396, 8.19390964508, 3.45045018196, 2.04290986061, 1.03335475922, 0.334825336933, 0.0586253330112, 0.00228420738131, 5.89378323639e-05],
        "dvar": [0.598862349987, 22.5405883789, 153.547393799, 488.79598999, 433.23828125, 319.333984375, 666.479064941, 885.996337891, 544.017028809, 948.135742188, 3174.54052734, 516.010742188, 14072.5800781, 1141.16955566, 1937.00402832, 507.406982422, 648.834228516, 4114.34619141, 626.428405762, 466.968933105, 137.288391113, 105.039283752, 105.191940308, 179.505691528, 328.306610107, 575.365905762, 169.491256714, 248.456634521, 251.078445435, 158.556869507, 209.378555298, 100.320579529, 172.225845337, 18.6084766388, 5.77208089828, 2.2494456768, 0.129600927234, 0.00278961984441, 3.99762939196e-06, 2.32253283272e-09],
        "dvar2": [0.64320152998, 38.4063072205, 380.577331543, 1350.40112305, 1262.44262695, 730.493896484, 1559.1060791, 1798.06335449, 1144.29736328, 2396.60644531, 7135.69873047, 1241.27062988, 28882.9023438, 2677.54296875, 3996.49536133, 1242.65722656, 1331.01525879, 8289.48925781, 1339.2109375, 1262.84753418, 351.660400391, 272.736541748, 277.795532227, 487.685272217, 830.347290039, 1446.85009766, 421.277099609, 628.235595703, 590.011535645, 371.523468018, 485.485229492, 213.864471436, 323.946929932, 34.5725135803, 10.0804338455, 4.00196313858, 0.222552448511, 0.00612071948126, 9.4850502137e-06, 4.81462691937e-09],
        "max": [9.66707897186, 46.9944076538, 113.750602722, 208.372848511, 197.984649658, 224.838684082, 336.843536377, 619.261230469, 303.669494629, 615.328613281, 1111.10229492, 349.924224854, 1924.45080566, 760.910461426, 1125.02770996, 318.516418457, 694.520263672, 1168.41296387, 428.900421143, 280.400115967, 145.826812744, 101.510749817, 99.3529891968, 190.550125122, 172.086120605, 244.767929077, 111.786575317, 157.607391357, 128.086364746, 146.670181274, 144.186904907, 163.958877563, 371.81930542, 80.7972183228, 28.0287380219, 37.2812423706, 4.52739048004, 0.556591153145, 0.0345565713942, 0.000639540725388],
        "mean": [0.85306763649, 5.60438299179, 11.1354436874, 13.8900327682, 11.9820356369, 22.7289772034, 31.0395431519, 23.9769592285, 24.9051856995, 22.7632198334, 32.0753631592, 28.2455863953, 90.0520629883, 30.7131519318, 27.5749988556, 19.3425827026, 27.0015945435, 54.5921478271, 28.5693340302, 26.0340900421, 14.403096199, 11.1664819717, 13.3300256729, 16.4575710297, 16.0918445587, 17.2235984802, 14.0011014938, 13.6252975464, 14.5779457092, 13.3637542725, 12.3633384705, 8.99732017517, 7.57582044601, 4.22298717499, 2.40525746346, 1.23564147949, 0.382492482662, 0.0621275343001, 0.00221851281822, 0.000130235639517],
        "median": [0.259652286768, 3.57943749428, 6.06408834457, 9.91766834259, 8.29577350616, 13.6397438049, 13.6945753098, 9.67243385315, 7.11239671707, 9.72689437866, 8.39583683014, 13.7865638733, 18.1586856842, 12.2118349075, 11.2684860229, 7.67602300644, 14.4767436981, 21.3402462006, 17.0258045197, 16.9316177368, 9.86910438538, 6.83983230591, 9.44165325165, 11.5787410736, 9.46786594391, 9.54020595551, 8.07136154175, 7.98929405212, 7.8067908287, 8.15972518921, 6.8418302536, 4.79829740524, 3.80628275871, 2.11299157143, 1.15401399136, 0.652176439762, 0.194201931357, 0.0279746316373, 0.000923522806261, 0.000111535431643],
        "min": [1.52845932756e-21, 3.21129608369e-21, 8.66694642674e-22, 6.2310715828e-21, 6.03679836086e-20, 1.14898269291e-19, 5.95122898218e-19, 1.13415395532e-18, 5.45099615963e-19, 3.76743597589e-19, 1.61671654562e-18, 4.16691613188e-18, 1.42738710432e-18, 1.56144640504e-18, 2.25053159247e-18, 5.41854048753e-18, 4.44017772878e-18, 3.23518195785e-18, 6.63138951119e-18, 6.44082901834e-18, 9.63490216771e-18, 8.00842685541e-18, 8.62997533077e-18, 1.39709928649e-17, 1.06200155474e-17, 9.32564249773e-18, 2.06074893892e-17, 2.30177100601e-17, 1.68832277952e-17, 1.77150737064e-17, 2.10455410805e-17, 1.66790382609e-17, 1.67252015566e-17, 1.54050593492e-17, 1.05255473856e-17, 9.46618296534e-18, 3.74688539736e-18, 1.2491305095e-18, 3.3651315151e-19, 3.37251067702e-20],
        "stdev": [1.62740719318, 7.32148075104, 14.4405755997, 18.6976604462, 16.447473526, 28.58452034, 45.8626289368, 49.0834770203, 44.0860595703, 45.8135261536, 90.0436553955, 37.8793869019, 216.715072632, 65.7014160156, 77.8590087891, 32.2439842224, 51.5998687744, 112.544189453, 41.6470947266, 27.6426849365, 14.6229715347, 12.0646924973, 12.8659934998, 15.686580658, 19.9002361298, 24.484796524, 16.0135860443, 17.1684112549, 18.8818378448, 15.329867363, 16.1442108154, 12.3745822906, 16.3142910004, 6.08657455444, 3.42105531693, 2.04230737686, 0.531018972397, 0.0852540433407, 0.00323034473695, 7.66198063502e-05],
        "var": [2.6484541893, 53.6040802002, 208.530212402, 349.602508545, 270.519378662, 817.074829102, 2103.38061523, 2409.18774414, 1943.58081055, 2098.87915039, 8107.85986328, 1434.84790039, 46965.421875, 4316.67578125, 6062.02490234, 1039.67456055, 2662.54638672, 12666.1953125, 1734.48046875, 764.117980957, 213.831283569, 145.556808472, 165.533798218, 246.06880188, 396.019378662, 599.505249023, 256.434967041, 294.754364014, 356.523834229, 235.004837036, 260.635528564, 153.130279541, 266.156066895, 37.0463905334, 11.703619957, 4.1710190773, 0.281981170177, 0.00726825138554, 1.04351265691e-05, 5.87059423296e-09]
    },
    "gfcc": {
        "mean": [60.9064979553, 66.2795715332, -83.92552948, 37.9891700745, -54.8989257812, 25.0719718933, -37.9919700623, 8.92498493195, -27.1386222839, 6.42588233948, -22.4284572601, -0.0949055477977, -14.199596405],
        "cov": [[3411.18041992, -427.294494629, -77.4478302002, 114.705032349, -257.753051758, 38.4331474304, -180.875350952, 89.0513305664, -69.5187149048, 90.5649414062, -64.9552383423, 57.714717865, -49.1116294861], [-427.294494629, 956.755615234, -258.822265625, -65.9896316528, 139.777633667, 15.3390836716, 158.972305298, -73.8159484863, 88.9400177002, -72.9010696411, 93.618850708, -47.2920036316, 67.4451370239], [-77.4478302002, -258.822265625, 632.64453125, 282.286834717, 231.884963989, 100.862762451, 53.9668388367, 176.899581909, 86.5635757446, 110.66783905, 18.1311531067, 125.772941589, 49.8793563843], [114.705032349, -65.9896316528, 282.286834717, 381.364532471, 174.019195557, 69.8698120117, 58.7061767578, 116.511947632, 108.703994751, 75.0065994263, 51.6867866516, 76.3906707764, 56.2147636414], [-257.753051758, 139.777633667, 231.884963989, 174.019195557, 390.650085449, 127.836494446, 151.216964722, 110.486030579, 101.219657898, 56.1694755554, 61.5247421265, 78.9250640869, 50.5868186951], [38.4331474304, 15.3390836716, 100.862762451, 69.8698120117, 127.836494446, 195.675857544, 108.22000885, 66.9301605225, 30.822435379, 27.5580291748, 36.2210540771, 32.7418289185, 34.9246368408], [-180.875350952, 158.972305298, 53.9668388367, 58.7061767578, 151.216964722, 108.22000885, 180.455718994, 60.7020530701, 61.1058425903, 22.3025970459, 45.0781097412, 23.5523891449, 35.8294410706], [89.0513305664, -73.8159484863, 176.899581909, 116.511947632, 110.486030579, 66.9301605225, 60.7020530701, 153.144332886, 93.8884963989, 63.9366836548, 22.1989955902, 50.1067810059, 24.6933708191], [-69.5187149048, 88.9400177002, 86.5635757446, 108.703994751, 101.219657898, 30.822435379, 61.1058425903, 93.8884963989, 155.315704346, 65.0004501343, 51.0686988831, 23.3829612732, 31.0840568542], [90.5649414062, -72.9010696411, 110.66783905, 75.0065994263, 56.1694755554, 27.5580291748, 22.3025970459, 63.9366836548, 65.0004501343, 95.3849029541, 35.2385826111, 30.0034255981, 12.93567276], [-64.9552383423, 93.618850708, 18.1311531067, 51.6867866516, 61.5247421265, 36.2210540771, 45.0781097412, 22.1989955902, 51.0686988831, 35.2385826111, 85.6400222778, 34.8754005432, 31.7195835114], [57.714717865, -47.2920036316, 125.772941589, 76.3906707764, 78.9250640869, 32.7418289185, 23.5523891449, 50.1067810059, 23.3829612732, 30.0034255981, 34.8754005432, 97.3358078003, 47.6943359375], [-49.1116294861, 67.4451370239, 49.8793563843, 56.2147636414, 50.5868186951, 34.9246368408, 35.8294410706, 24.6933708191, 31.0840568542, 12.93567276, 31.7195835114, 47.6943359375, 67.4736862183]],
        "icov": [[0.000472638726933, -0.000242194480961, 0.000485107128043, -0.000506682321429, 0.000490723992698, -0.000623452244326, 0.000601857609581, -0.000693353125826, 0.000579339743126, -0.00103833794128, 0.000819252571091, -0.00116057205014, 0.000905975466594], [-0.000242194480961, 0.00288727134466, 0.000222340473556, 0.0008873816696, -0.00156455626711, 0.00132967729587, -0.00187257956713, 0.00193688063882, -0.00241415807977, 0.00331009807996, -0.0027316941414, 0.00318390433677, -0.00368456006981], [0.000485107128043, 0.000222340473556, 0.00442913128063, -0.00196155230515, -0.000769910519011, -0.000898837985005, 0.00105717906263, -0.00229254132137, 0.00123842491303, -0.00282988115214, 0.00282890652306, -0.00335523369722, 0.000824780960102], [-0.000506682321429, 0.0008873816696, -0.00196155230515, 0.00553096272051, -0.0014939744724, 0.000845700793434, -0.000340082391631, 0.000628627545666, -0.00256980373524, 0.00178367574699, -0.00239195581526, 0.00217966269702, -0.00335525721312], [0.000490723992698, -0.00156455626711, -0.000769910519011, -0.0014939744724, 0.00658856797963, -0.00208539050072, -0.00176889402792, -0.000808999408036, -8.69031282491e-05, -0.00147749332245, 0.00152010202873, -0.0047437758185, 0.00407193042338], [-0.000623452244326, 0.00132967729587, -0.000898837985005, 0.000845700793434, -0.00208539050072, 0.0104478327557, -0.00528831081465, -0.00183224666398, 0.00217985524796, 0.00186655845027, -0.00405011605471, 0.00469953473657, -0.00496868509799], [0.000601857609581, -0.00187257956713, 0.00105717906263, -0.000340082391631, -0.00176889402792, -0.00528831081465, 0.0133793419227, -0.00369997927919, 0.000763385556638, -0.00152886391152, 0.000137449475005, -0.00037850139779, 0.000268946401775], [-0.000693353125826, 0.00193688063882, -0.00229254132137, 0.000628627545666, -0.000808999408036, -0.00183224666398, -0.00369997927919, 0.020237358287, -0.0111839547753, -4.45961813966e-05, 0.00325001403689, -0.00328416819684, 0.000798074295744], [0.000579339743126, -0.00241415807977, 0.00123842491303, -0.00256980373524, -8.69031282491e-05, 0.00217985524796, 0.000763385556638, -0.0111839547753, 0.0195117946714, -0.00812455825508, -0.00307763251476, 0.00365104433149, -0.00188034854364], [-0.00103833794128, 0.00331009807996, -0.00282988115214, 0.00178367574699, -0.00147749332245, 0.00186655845027, -0.00152886391152, -4.45961813966e-05, -0.00812455825508, 0.0248212963343, -0.0102716656402, 0.00424689007923, -0.00167774944566], [0.000819252571091, -0.0027316941414, 0.00282890652306, -0.00239195581526, 0.00152010202873, -0.00405011605471, 0.000137449475005, 0.00325001403689, -0.00307763251476, -0.0102716656402, 0.0257439333946, -0.0117003470659, 0.00247794878669], [-0.00116057205014, 0.00318390433677, -0.00335523369722, 0.00217966269702, -0.0047437758185, 0.00469953473657, -0.00037850139779, -0.00328416819684, 0.00365104433149, 0.00424689007923, -0.0117003470659, 0.0307893622667, -0.0195955038071], [0.000905975466594, -0.00368456006981, 0.000824780960102, -0.00335525721312, 0.00407193042338, -0.00496868509799, 0.000268946401775, 0.000798074295744, -0.00188034854364, -0.00167774944566, 0.00247794878669, -0.0195955038071, 0.0343070328236]]
    },
    "melbands": {
        "dmean": [0.00288397655822, 0.00230420217849, 0.00134625250939, 0.00063115125522, 0.000597112230025, 0.000278485793388, 0.000169373262906, 0.00015759015514, 0.000139977360959, 8.84356340976e-05, 0.000234148028539, 6.88045111019e-05, 5.24489660165e-05, 3.69959125237e-05, 2.87917282549e-05, 3.11038311338e-05, 6.41703372821e-05, 2.89238105324e-05, 2.0846415282e-05, 1.88123067346e-05, 8.96286746865e-06, 8.17052205093e-06, 5.87984595768e-06, 8.38256983116e-06, 7.89112527855e-06, 6.95834114595e-06, 9.37552158575e-06, 8.14023132989e-06, 5.38200902156e-06, 5.5734712987e-06, 4.97177597936e-06, 5.18486740475e-06, 5.02804186908e-06, 4.75594242744e-06, 5.22834989169e-06, 4.02147588829e-06, 4.10229995396e-06, 4.24638665208e-06, 2.75003640127e-06, 1.84084842658e-06],
        "dmean2": [0.0034420657903, 0.00332751846872, 0.00226188218221, 0.0010786553612, 0.00095621694345, 0.000441694195615, 0.000256416125922, 0.000251187098911, 0.000211375401705, 0.000129880601889, 0.000346353335772, 0.00010935064347, 7.91762431618e-05, 5.91092066315e-05, 4.53950815427e-05, 4.98654771945e-05, 9.7749667475e-05, 4.62258758489e-05, 3.48483408743e-05, 3.26026456605e-05, 1.46103284351e-05, 1.32257400765e-05, 9.48407250689e-06, 1.39406020025e-05, 1.29326008391e-05, 1.14852518891e-05, 1.51774202095e-05, 1.33233925226e-05, 8.73303451954e-06, 8.66196114657e-06, 7.99078952696e-06, 7.94277002569e-06, 7.95130290498e-06, 7.39727647669e-06, 8.27863277664e-06, 6.2103649725e-06, 6.37494258626e-06, 6.67911308483e-06, 4.18885429099e-06, 2.66480788014e-06],
        "dvar": [3.30473594659e-05, 2.17859669647e-05, 1.2248047824e-05, 1.03234879134e-06, 8.53568508319e-07, 4.03305961072e-07, 1.07236608926e-07, 1.46842339177e-07, 1.95444926021e-07, 2.76712075475e-08, 3.49720579607e-07, 2.19785221134e-08, 2.41681146207e-08, 6.46270192917e-09, 4.20367074483e-09, 3.13048786893e-09, 1.92817601885e-08, 2.71406586094e-09, 1.14453058142e-09, 5.73954717087e-10, 1.92465585136e-10, 1.57818272339e-10, 6.26610013876e-11, 1.45382803018e-10, 1.24690160974e-10, 1.83774537255e-10, 2.75524186799e-10, 2.52860593575e-10, 6.90559623373e-11, 9.28786075827e-11, 7.96063492903e-11, 7.93814528e-11, 6.46909401048e-11, 5.2136947537e-11, 8.41343175684e-11, 4.15719368652e-11, 4.57074655902e-11, 1.0849994514e-10, 4.27013632787e-11, 9.90270712653e-12],
        "dvar2": [3.94467278966e-05, 4.36569753219e-05, 3.32619674737e-05, 2.89178024104e-06, 1.94895392269e-06, 8.3927295691e-07, 2.31766520642e-07, 3.42283925647e-07, 4.33297060454e-07, 6.46126849801e-08, 7.15247836069e-07, 5.26626315889e-08, 4.77638195662e-08, 1.41639784346e-08, 1.00642010281e-08, 7.02308922129e-09, 3.81568412422e-08, 5.57438495363e-09, 2.81513679035e-09, 1.56080293134e-09, 5.00841368378e-10, 4.13700240731e-10, 1.58411367357e-10, 3.94255988967e-10, 3.37638472736e-10, 4.59308174827e-10, 6.72205124896e-10, 6.57497223333e-10, 1.80110718007e-10, 2.26951582527e-10, 2.01380204179e-10, 1.85920431828e-10, 1.50541495936e-10, 1.2429120233e-10, 1.99187347172e-10, 9.2529144069e-11, 9.88076842567e-11, 2.05531994202e-10, 8.40238920108e-11, 1.84693024763e-11],
        "max": [0.06468898803, 0.0471699275076, 0.0329985916615, 0.00985041819513, 0.00978174246848, 0.0129969101399, 0.00428543286398, 0.00854813493788, 0.00837321579456, 0.00296100322157, 0.00939927436411, 0.00344569864683, 0.00542278960347, 0.00167707703076, 0.00113466603216, 0.000976549403276, 0.00267803482711, 0.00100290088449, 0.000530057528522, 0.000229210767429, 0.000212505983654, 0.000125252016005, 9.38497687457e-05, 0.000126622937387, 0.000162508280482, 0.000166802608874, 0.000134200439788, 0.000166330239153, 8.5430641775e-05, 9.90884946077e-05, 8.18083935883e-05, 7.37717637094e-05, 8.18706321297e-05, 8.25903262012e-05, 9.79718242888e-05, 4.60679548269e-05, 0.00013851802214, 0.000285116344457, 0.000170976374648, 4.451251516e-05],
        "mean": [0.00753963273019, 0.00622934894636, 0.00233131065033, 0.00113228789996, 0.00117738882545, 0.000559684354812, 0.000355304335244, 0.000266168557573, 0.000253280246397, 0.000179518581717, 0.000445754965767, 0.000116323259135, 9.17207798921e-05, 5.65397931496e-05, 4.87990837428e-05, 5.99791892455e-05, 0.000111059889605, 4.76230270579e-05, 3.30380171363e-05, 3.06287511194e-05, 1.47674336404e-05, 1.21532211779e-05, 1.00965080492e-05, 1.43218539961e-05, 1.29971504066e-05, 1.15307484521e-05, 1.23424006233e-05, 1.0859658687e-05, 8.40369557409e-06, 8.73569661053e-06, 7.55004111852e-06, 8.00935868028e-06, 7.922461009e-06, 7.37503751225e-06, 7.36336278351e-06, 5.79616835239e-06, 5.52560868528e-06, 5.64525862501e-06, 4.41230122306e-06, 3.21006837112e-06],
        "median": [0.00313625461422, 0.00464445957914, 0.00166424468625, 0.000808237760793, 0.00055797805544, 0.00020767080423, 0.000105289022031, 9.63062411756e-05, 6.15896933596e-05, 8.00327761681e-05, 8.64141111379e-05, 4.06260587624e-05, 3.36709053954e-05, 2.3240909286e-05, 2.16798543988e-05, 3.04229488393e-05, 4.10981592722e-05, 2.58210384345e-05, 1.99566202355e-05, 2.08826731978e-05, 9.52578830038e-06, 6.57056671116e-06, 6.84155747877e-06, 9.23290008359e-06, 9.0650664788e-06, 6.76037780067e-06, 6.59686338622e-06, 6.05492186878e-06, 4.9436930567e-06, 4.52976883025e-06, 4.33806872024e-06, 4.15722524849e-06, 4.53384200227e-06, 4.44044371761e-06, 4.0199902287e-06, 3.10055565933e-06, 2.80635731542e-06, 2.74567173619e-06, 1.99952887669e-06, 1.61787488651e-06],
        "min": [1.18039316175e-23, 1.53076940101e-24, 2.62322953928e-24, 6.0827463014e-24, 1.68825873598e-23, 2.49035751605e-23, 8.43241583925e-24, 3.52582919867e-24, 1.80066084423e-23, 2.4214225903e-23, 6.26382616675e-24, 6.05860518554e-24, 7.77052367445e-24, 1.25176976977e-23, 9.6368999453e-24, 1.08413674853e-23, 5.14563476626e-24, 1.00992592105e-23, 1.01613094315e-23, 8.20990026599e-24, 1.19237800994e-23, 9.0290447525e-24, 5.96967807899e-24, 8.08925661231e-24, 1.19302456034e-23, 9.28347053824e-24, 7.19168515233e-24, 5.12758444545e-24, 1.07152404594e-23, 1.64411849734e-23, 1.21384291517e-23, 9.00438338289e-24, 1.06136754068e-23, 9.79460822861e-24, 1.50665301595e-23, 6.42901916232e-24, 1.21791951167e-23, 1.25977678685e-23, 1.12669114008e-23, 1.28053558268e-23],
        "stdev": [0.0119910426438, 0.00641492381692, 0.0030047071632, 0.00113258359488, 0.00161119934637, 0.00107562006451, 0.000610735616647, 0.000591870397329, 0.000713025801815, 0.000263496069238, 0.00107704743277, 0.000279608095298, 0.000299252744298, 0.000113724789117, 0.000104193473817, 0.000100842531538, 0.000247809832217, 8.6199346697e-05, 4.12490117014e-05, 3.08536182274e-05, 1.6401450921e-05, 1.45075591718e-05, 1.04908849607e-05, 1.4800453755e-05, 1.29480567921e-05, 1.52195807459e-05, 1.74701071955e-05, 1.56811001943e-05, 9.7198635558e-06, 1.15570837806e-05, 9.62650210568e-06, 1.05492708826e-05, 9.92376772047e-06, 8.53665278555e-06, 9.91319029708e-06, 7.62413719713e-06, 8.1785792645e-06, 1.27738267111e-05, 8.39688527776e-06, 4.41459087597e-06],
        "var": [0.000143785102409, 4.1151248297e-05, 9.02826468518e-06, 1.28274564304e-06, 2.59596322394e-06, 1.15695843306e-06, 3.72998016474e-07, 3.50310557451e-07, 5.08405832989e-07, 6.94301860449e-08, 1.16003127459e-06, 7.8180690366e-08, 8.95522020983e-08, 1.29333281862e-08, 1.0856279431e-08, 1.01692165799e-08, 6.14097146467e-08, 7.43032702033e-09, 1.70148084511e-09, 9.51945744454e-10, 2.69007566223e-10, 2.10469267015e-10, 1.10058663572e-10, 2.19053428174e-10, 1.67652183802e-10, 2.31635641224e-10, 3.05204667095e-10, 2.45896886186e-10, 9.44757397314e-11, 1.33566185889e-10, 9.26695456482e-11, 1.11287118409e-10, 9.84811676652e-11, 7.28744356526e-11, 9.82713355135e-11, 5.81274681166e-11, 6.68891608768e-11, 1.63170657541e-10, 7.05076899643e-11, 1.94886138477e-11]
    },
    "melbands128": {
