{
"lowlevel": {
    "average_loudness": 0.980878591537,
    "barkbands_crest": {
        "dmean": 2.80626964569,
        "dmean2": 4.738676548,
        "dvar": 8.50874042511,
        "dvar2": 24.2025527954,
        "max": 23.2061061859,
        "mean": 9.68228912354,
        "median": 8.89339351654,
        "min": 2.5495390892,
        "stdev": 3.82595324516,
        "var": 14.6379184723
    },
    "barkbands_flatness_db": {
        "dmean": 0.0230846144259,
        "dmean2": 0.0366514027119,
        "dvar": 0.000587655231357,
        "dvar2": 0.00147323287092,
        "max": 0.296492606401,
        "mean": 0.118711784482,
        "median": 0.11218008399,
        "min": 0.0300085265189,
        "stdev": 0.0428445152938,
        "var": 0.00183565262705
    },
    "barkbands_kurtosis": {
        "dmean": 2.403226614,
        "dmean2": 3.93350672722,
        "dvar": 20.6143722534,
        "dvar2": 48.6476135254,
        "max": 101.233428955,
        "mean": 3.12339091301,
        "median": 1.3483839035,
        "min": -1.84760010242,
        "stdev": 6.47303056717,
        "var": 41.9001274109
    },
    "barkbands_skewness": {
        "dmean": 0.510425031185,
        "dmean2": 0.794801950455,
        "dvar": 0.313635975122,
        "dvar2": 0.768950879574,
        "max": 8.84552764893,
        "mean": 1.49478435516,
        "median": 1.35810780525,
        "min": -2.00001335144,
        "stdev": 1.01015079021,
        "var": 1.02040457726
    },
    "barkbands_spread": {
        "dmean": 6.42713403702,
        "dmean2": 10.1804790497,
        "dvar": 78.4912948608,
        "dvar2": 158.686462402,
        "max": 109.581893921,
        "mean": 25.9962024689,
        "median": 23.6775417328,
        "min": 2.16450738907,
        "stdev": 14.4981765747,
        "var": 210.197113037
    },
    "dissonance": {
        "dmean": 0.018584612757,
        "dmean2": 0.03127637133,
        "dvar": 0.00033859044197,
        "dvar2": 0.000937456032261,
        "max": 0.499773234129,
        "mean": 0.462278962135,
        "median": 0.467527151108,
        "min": 0.287628918886,
        "stdev": 0.026748618111,
        "var": 0.000715488567948
    },
    "dynamic_complexity": 1.7731679678,
    "erbbands_crest": {
        "dmean": 2.46710896492,
        "dmean2": 3.85515475273,
        "dvar": 5.12442874908,
        "dvar2": 12.8682661057,
        "max": 28.6253108978,
        "mean": 8.96632289886,
        "median": 8.09134292603,
        "min": 2.57148051262,
        "stdev": 3.96041369438,
        "var": 15.6848773956
    },
    "erbbands_flatness_db": {
        "dmean": 0.0139200165868,
        "dmean2": 0.0202606301755,
        "dvar": 0.000186051256605,
        "dvar2": 0.00038473677705,
        "max": 0.275851130486,
        "mean": 0.136415600777,
        "median": 0.13177998364,
        "min": 0.0720092579722,
        "stdev": 0.0298800580204,
        "var": 0.000892817857675
    },
    "erbbands_kurtosis": {
        "dmean": 0.723554730415,
        "dmean2": 1.1142346859,
        "dvar": 0.91816675663,
        "dvar2": 2.08062171936,
        "max": 17.4545841217,
        "mean": 0.507710874081,
        "median": 0.0397086143494,
        "min": -1.59448623657,
        "stdev": 1.8946120739,
        "var": 3.58955478668
    },
    "erbbands_skewness": {
        "dmean": 0.3257791996,
        "dmean2": 0.501643776894,
        "dvar": 0.0965172499418,
        "dvar2": 0.212673082948,
        "max": 2.32321810722,
        "mean": 0.298594921827,
        "median": 0.328003764153,
        "min": -1.77619254589,
        "stdev": 0.586488366127,
        "var": 0.343968600035
    },
    "erbbands_spread": {
        "dmean": 7.90027713776,
        "dmean2": 11.5955886841,
        "dvar": 74.1492767334,
        "dvar2": 159.248031616,
        "max": 138.936126709,
        "mean": 40.0247688293,
        "median": 37.296749115,
        "min": 4.82727193832,
        "stdev": 18.0917377472,
        "var": 327.310974121
    },
    "hfc": {
        "dmean": 7.8062787056,
        "dmean2": 11.1678905487,
        "dvar": 200.627792358,
        "dvar2": 385.317657471,
        "max": 186.883651733,
        "mean": 26.8070735931,
        "median": 20.3072547913,
        "min": 1.20214899576e-16,
        "stdev": 23.1990280151,
        "var": 538.194885254
    },
    "loudness_ebu128": {
        "integrated": -8.29028606415,
        "loudness_range": 2.69163751602,
        "momentary": {
            "dmean": 0.407067924738,
            "dmean2": 0.624580025673,
            "dvar": 0.125095710158,
            "dvar2": 0.269686490297,
            "max": -6.23126506805,
            "mean": -8.46887302399,
            "median": -8.43409729004,
            "min": -13.1238098145,
            "stdev": 1.28421235085,
            "var": 1.64920127392
        },
        "short_term": {
            "dmean": 0.0571569055319,
            "dmean2": 0.0739801973104,
            "dvar": 0.00202226475812,
            "dvar2": 0.00302088516764,
            "max": -6.96342849731,
            "mean": -8.41795730591,
            "median": -8.54273223877,
            "min": -10.126168251,
            "stdev": 1.04094684124,
            "var": 1.08357024193
        }
    },
    "melbands_crest": {
        "dmean": 3.49152374268,
        "dmean2": 5.72365760803,
        "dvar": 12.5037736893,
        "dvar2": 31.3214797974,
        "max": 34.1715087891,
        "mean": 14.3642272949,
        "median": 13.4068689346,
        "min": 1.7022279501,
        "stdev": 5.14679718018,
        "var": 26.489522934
    },
    "melbands_flatness_db": {
        "dmean": 0.0293900128454,
        "dmean2": 0.0461082644761,
        "dvar": 0.00102729082573,
        "dvar2": 0.00253410567529,
        "max": 0.403854489326,
        "mean": 0.190586596727,
        "median": 0.183406218886,
        "min": 0.00392818916589,
        "stdev": 0.0588228665292,
        "var": 0.00346012949012
    },
    "melbands_kurtosis": {
        "dmean": 6.21327781677,
        "dmean2": 10.070482254,
        "dvar": 122.150154114,
        "dvar2": 281.848999023,
        "max": 247.834381104,
        "mean": 11.8550891876,
        "median": 6.91421127319,
        "min": -1.39882075787,
        "stdev": 16.9508857727,
        "var": 287.332550049
    },
    "melbands_skewness": {
        "dmean": 0.704634487629,
        "dmean2": 1.10495078564,
        "dvar": 0.565089404583,
        "dvar2": 1.36835873127,
        "max": 12.0572290421,
        "mean": 2.64172959328,
        "median": 2.37702298164,
        "min": -0.281979382038,
        "stdev": 1.44135820866,
        "var": 2.07751345634
    },
    "melbands_spread": {
        "dmean": 7.51661539078,
        "dmean2": 11.5972919464,
        "dvar": 111.93762207,
        "dvar2": 224.663360596,
        "max": 137.194015503,
        "mean": 25.2031669617,
        "median": 22.9995822906,
        "min": 1.28187334538,
        "stdev": 17.4145336151,
        "var": 303.265960693
    },
    "pitch_salience": {
        "dmean": 0.078763589263,
        "dmean2": 0.133288890123,
        "dvar": 0.00654291501269,
        "dvar2": 0.0185289736837,
        "max": 0.818298101425,
        "mean": 0.502857744694,
        "median": 0.500208556652,
        "min": 0.182119116187,
        "stdev": 0.105145998299,
        "var": 0.0110556809232
    },
    "silence_rate_20dB": {
        "dmean": 0,
        "dmean2": 0,
        "dvar": 0,
        "dvar2": 0,
        "max": 1,
        "mean": 1,
        "median": 1,
        "min": 1,
        "stdev": 0,
        "var": 0
    },
    "silence_rate_30dB": {
        "dmean": 0,
        "dmean2": 0,
        "dvar": 0,
        "dvar2": 0,
        "max": 1,
        "mean": 1,
        "median": 1,
        "min": 1,
        "stdev": 0,
        "var": 0
    },
    "silence_rate_60dB": {
        "dmean": 0.00232198135927,
        "dmean2": 0.00387296662666,
        "dvar": 0.00231658038683,
        "dvar2": 0.00540713919327,
        "max": 1,
        "mean": 0.00154679035768,
        "median": 0,
        "min": 0,
        "stdev": 0.0392987206578,
        "var": 0.00154438940808
    },
    "spectral_centroid": {
        "dmean": 269.24206543,
        "dmean2": 414.27633667,
        "dvar": 144200.515625,
        "dvar2": 248472.09375,
        "max": 11110.6171875,
        "mean": 1352.91955566,
        "median": 1277.92712402,
        "min": 231.082183838,
        "stdev": 619.35333252,
        "var": 383598.53125
    },
    "spectral_complexity": {
        "dmean": 3.79489159584,
        "dmean2": 5.98063516617,
        "dvar": 18.1490287781,
        "dvar2": 38.5565376282,
        "max": 52,
        "mean": 21.1709194183,
        "median": 20,
        "min": 0,
        "stdev": 8.22571659088,
        "var": 67.6624069214
    },
    "spectral_decrease": {
        "dmean": 3.21467341635e-09,
        "dmean2": 5.15374809495e-09,
        "dvar": 1.88121749333e-17,
        "dvar2": 4.53807794572e-17,
        "max": -6.07225308645e-29,
        "mean": -9.11002295823e-09,
        "median": -7.48951922702e-09,
        "min": -3.13794537021e-08,
        "stdev": 5.46338707608e-09,
        "var": 2.9848597337e-17
    },
    "spectral_energy": {
        "dmean": 0.0124847115949,
        "dmean2": 0.0198879465461,
        "dvar": 0.00027630283148,
        "dvar2": 0.000662287289742,
        "max": 0.119813740253,
        "mean": 0.036814827472,
        "median": 0.0305102039129,
        "min": 1.11330182098e-20,
        "stdev": 0.0212933365256,
        "var": 0.000453406159068
    },
    "spectral_energyband_high": {
        "dmean": 0.000676030409522,
        "dmean2": 0.000964486331213,
        "dvar": 3.07413688461e-06,
        "dvar2": 5.58054989597e-06,
        "max": 0.0235814414918,
        "mean": 0.00145990983583,
        "median": 0.000634283002,
        "min": 8.07662300492e-21,
        "stdev": 0.00276837567799,
        "var": 7.66390439821e-06
    },
    "spectral_energyband_low": {
        "dmean": 0.00824439991266,
        "dmean2": 0.0140820406377,
        "dvar": 0.000208587283851,
        "dvar2": 0.000536679115612,
        "max": 0.1068444103,
        "mean": 0.016563564539,
        "median": 0.0108984885737,
        "min": 5.81604489334e-23,
        "stdev": 0.0170639716089,
        "var": 0.000291179138003
    },
    "spectral_energyband_middle_high": {
        "dmean": 0.00188302772585,
        "dmean2": 0.00275903893635,
        "dvar": 5.73875649934e-06,
        "dvar2": 1.18202951853e-05,
        "max": 0.0338264964521,
        "mean": 0.00649197306484,
        "median": 0.00538073666394,
        "min": 1.48439822745e-21,
        "stdev": 0.00497866328806,
        "var": 2.47870884778e-05
    },
    "spectral_energyband_middle_low": {
        "dmean": 0.00636248337105,
        "dmean2": 0.00998600199819,
        "dvar": 0.000103622835013,
        "dvar2": 0.000248520227615,
        "max": 0.0939306989312,
        "mean": 0.0137817086652,
        "median": 0.010087216273,
        "min": 3.25907596246e-22,
        "stdev": 0.0123155470937,
        "var": 0.000151672691572
    },
    "spectral_entropy": {
        "dmean": 0.16356793046,
        "dmean2": 0.247772470117,
        "dvar": 0.0384659767151,
        "dvar2": 0.0795497372746,
        "max": 9.79966831207,
        "mean": 7.70980024338,
        "median": 7.74660015106,
        "min": 6.36970949173,
        "stdev": 0.378080368042,
        "var": 0.142944768071
    },
    "spectral_flux": {
        "dmean": 0.0338943563402,
        "dmean2": 0.0511502698064,
        "dvar": 0.0013108443236,
        "dvar2": 0.00290762190707,
        "max": 0.291369140148,
        "mean": 0.101263955235,
        "median": 0.0871044099331,
        "min": 1.05513119075e-10,
        "stdev": 0.0546182096004,
        "var": 0.00298314867541
    },
    "spectral_kurtosis": {
        "dmean": 1.10189890862,
        "dmean2": 1.72726261616,
        "dvar": 2.19335436821,
        "dvar2": 5.03284835815,
        "max": 19.7760467529,
        "mean": 3.37915253639,
        "median": 2.85505390167,
        "min": -1.19711697102,
        "stdev": 2.37299633026,
        "var": 5.63111162186
    },
    "spectral_rms": {
        "dmean": 0.000948054715991,
        "dmean2": 0.00147112191189,
        "dvar": 1.29206955535e-06,
        "dvar2": 2.87106740871e-06,
        "max": 0.0108116352931,
        "mean": 0.00576882110909,
        "median": 0.00545582734048,
        "min": 3.29567601508e-12,
        "stdev": 0.00162407627795,
        "var": 2.63762376562e-06
    },
    "spectral_rolloff": {
        "dmean": 533.347900391,
        "dmean2": 885.497558594,
        "dvar": 1078153.625,
        "dvar2": 2072522.625,
        "max": 18669.2871094,
        "mean": 1388.7487793,
        "median": 1033.59375,
        "min": 64.599609375,
        "stdev": 1485.59863281,
        "var": 2207003.25
    },
    "spectral_skewness": {
        "dmean": 0.194127753377,
        "dmean2": 0.293053656816,
        "dvar": 0.052273016423,
        "dvar2": 0.100111804903,
        "max": 3.64222359657,
        "mean": 1.48436081409,
        "median": 1.43618929386,
        "min": -0.0383988618851,
        "stdev": 0.450775653124,
        "var": 0.203198686242
    },
    "spectral_spread": {
        "dmean": 553020.0625,
        "dmean2": 795555.375,
        "dvar": 1.3767615447e+12,
        "dvar2": 1.84146395136e+12,
        "max": 41395400,
        "mean": 5265247.5,
        "median": 5102112,
        "min": 2366480.25,
        "stdev": 1575298,
        "var": 2.48156389376e+12
    },
    "spectral_strongpeak": {
        "dmean": 0.475941628218,
        "dmean2": 0.825972378254,
        "dvar": 0.586419999599,
        "dvar2": 1.4419823885,
        "max": 7.45940494537,
        "mean": 0.725893497467,
        "median": 0.337656408548,
        "min": 0,
        "stdev": 0.951226055622,
        "var": 0.904831051826
    },
    "zerocrossingrate": {
        "dmean": 0.0118442215025,
        "dmean2": 0.0133223999292,
        "dvar": 0.000329696049448,
        "dvar2": 0.000374718511011,
        "max": 0.48486328125,
        "mean": 0.0595295280218,
        "median": 0.05322265625,
        "min": 0.00439453125,
        "stdev": 0.0363079793751,
        "var": 0.00131826929282
    },
    "barkbands": {
        "dmean": [0.00088623247575, 0.00678810616955, 0.00248793745413, 0.00198929081671, 0.00301569304429, 0.000726855825633, 0.000945347361267, 0.00127154297661, 0.000906407716684, 0.000868131872267, 0.000513577600941, 0.000470403814688, 0.00034734577639, 0.000356928561814, 0.000423719495302, 0.000224726492888, 0.000301026215311, 0.000140406889841, 0.000147662241943, 0.000127588325995, 0.000120466698718, 0.000177000300027, 0.000182845222298, 0.000184190110303, 7.21727556083e-05, 2.11661645153e-05, 9.28920769638e-07],
        "dmean2": [0.0014249458909, 0.0116920629516, 0.00422326475382, 0.00342494249344, 0.00488186627626, 0.00121002295054, 0.0015527352225, 0.00199160957709, 0.00143945682794, 0.00133792799897, 0.000783681578469, 0.000726480968297, 0.000555548933335, 0.000581374450121, 0.000660151883494, 0.0003507641959, 0.000475598528283, 0.000225889365538, 0.000242855152464, 0.000206721306313, 0.000195328597329, 0.000274853024166, 0.000266759627266, 0.000268396892352, 0.000111762230517, 3.09999086312e-05, 1.54710062361e-06],
        "dvar": [4.49423350801e-06, 0.000169976090547, 2.1286887204e-05, 1.51721988004e-05, 2.72882243735e-05, 2.19782759814e-06, 3.50562459062e-06, 5.23634298588e-06, 3.38500944963e-06, 2.54070073424e-06, 7.75421540311e-07, 1.31481613153e-06, 5.56990130463e-07, 6.62781701521e-07, 5.25774566995e-07, 1.29925922465e-07, 2.12615560713e-07, 6.11917698734e-08, 4.65737919342e-08, 4.07207707553e-08, 7.84168108225e-08, 2.01588719051e-07, 3.48881059153e-07, 2.83214632191e-07, 3.47936257583e-08, 2.9610873753e-09, 2.71668560044e-12],
        "dvar2": [9.73293663264e-06, 0.00048328313278, 5.80512241868e-05, 4.17365845351e-05, 6.43515668344e-05, 5.72521139475e-06, 9.30982332648e-06, 1.26591985463e-05, 7.88239503891e-06, 5.3959579418e-06, 1.76362175353e-06, 2.67448035629e-06, 1.44234763866e-06, 1.62733670095e-06, 1.14328565815e-06, 3.04130026052e-07, 4.85478153678e-07, 1.49044424802e-07, 1.12390459606e-07, 9.91719915078e-08, 1.7628877913e-07, 4.29542637903e-07, 7.24464712221e-07, 5.32715262125e-07, 7.44924761875e-08, 5.5812798827e-09, 7.51144459132e-12],
        "max": [0.019360980019, 0.0830175057054, 0.0355754978955, 0.0446354821324, 0.0482939183712, 0.0146524496377, 0.0218906290829, 0.035459484905, 0.0227211005986, 0.0226321239024, 0.0165247693658, 0.023593807593, 0.00744108436629, 0.0186126045883, 0.00775258429348, 0.00585076166317, 0.00582686578855, 0.0033947492484, 0.00248235976323, 0.00285892561078, 0.00571736041456, 0.00641030911356, 0.00807529408485, 0.00811445619911, 0.00227790465578, 0.000891041301657, 2.11172282434e-05],
        "mean": [0.000972637732048, 0.0109395636246, 0.0034975532908, 0.00258168252185, 0.00406907033175, 0.00108445074875, 0.00162135378923, 0.00215780269355, 0.00155443197582, 0.00157427985687, 0.000962941499893, 0.000847212679219, 0.000515687745064, 0.000537565501872, 0.000767478602938, 0.000422245153459, 0.000616460689344, 0.000248950032983, 0.000259901804384, 0.000239293731283, 0.000206739059649, 0.000336949102348, 0.000313087162795, 0.000325291533954, 0.000122017117974, 3.91363901144e-05, 1.06023117041e-06],
        "median": [0.000193315936485, 0.00659438641742, 0.00254625128582, 0.00100322812796, 0.0016485376982, 0.000547240197193, 0.000788312638178, 0.00102887966204, 0.000530081684701, 0.000702795630787, 0.000454114720924, 0.000257068662904, 0.000196040637093, 0.000292907468975, 0.000411129411077, 0.000246632669587, 0.000389635592001, 0.000157348127686, 0.000164064709679, 0.000131772452733, 0.000103222475445, 0.00015020018327, 9.53254566411e-05, 0.000101644487586, 4.72683132102e-05, 1.68796068465e-05, 5.30509794316e-07],
        "min": [1.05632526799e-22, 1.533028107e-23, 1.34337269252e-23, 2.77460188901e-24, 6.53457853332e-23, 3.14978843483e-23, 5.98707435522e-23, 5.33780964469e-23, 1.02413179134e-22, 4.55402174618e-23, 7.45459292829e-23, 4.18909248262e-23, 5.48753355124e-23, 1.36701832483e-22, 1.18863074709e-22, 1.53576274066e-22, 2.1607412638e-22, 2.09845873896e-22, 3.20205583405e-22, 3.62273654836e-22, 4.92600797008e-22, 7.23721492212e-22, 6.90229866055e-22, 1.11488558105e-21, 1.19107030891e-21, 1.65016998818e-21, 2.18263903279e-21],
        "stdev": [0.00237130047753, 0.0137956403196, 0.00413411995396, 0.00409335410222, 0.00620314665139, 0.0015621461207, 0.00224462267943, 0.00311070866883, 0.00287520792335, 0.00252610002644, 0.00140943180304, 0.00200601434335, 0.000929423142225, 0.000905763998162, 0.00106251600664, 0.000532901205588, 0.000752673775423, 0.000310805509798, 0.000286823837087, 0.000311593961669, 0.000370486173779, 0.000677013711538, 0.000812581158243, 0.000748411053792, 0.000243881135248, 8.27625117381e-05, 1.62502499279e-06],
        "var": [5.62306649954e-06, 0.000190319682588, 1.70909461303e-05, 1.67555481312e-05, 3.84790255339e-05, 2.44030047725e-06, 5.03833143739e-06, 9.67650885286e-06, 8.26682025945e-06, 6.38118081042e-06, 1.98649786398e-06, 4.02409341405e-06, 8.63827324338e-07, 8.20408388336e-07, 1.1289403119e-06, 2.83983723648e-07, 5.66517826428e-07, 9.66000612834e-08, 8.22679169232e-08, 9.70908047293e-08, 1.37260002475e-07, 4.5834752882e-07, 6.60288094423e-07, 5.60119133297e-07, 5.94780047436e-08, 6.84963374908e-09, 2.64070623007e-12]
    },
    "erbbands": {
        "dmean": [0.265706837177, 1.41411876678, 2.74339270592, 4.79505300522, 11.5679092407, 7.36078453064, 5.58301210403, 6.55630970001, 13.6455974579, 18.7905139923, 27.7645053864, 21.7186584473, 23.2689590454, 22.121931076, 19.3943576813, 21.7934360504, 13.8571538925, 19.6204109192, 20.4145755768, 17.7811279297, 11.1976318359, 13.1686992645, 8.89438915253, 6.73067903519, 7.6937251091, 5.89822435379, 4.72205734253, 5.32937383652, 6.2802028656, 5.82237386703, 5.41832590103, 4.65671348572, 2.65882110596, 1.07588922977, 0.4123262465, 0.146994143724, 0.0276728086174, 0.00362963578664, 9.34584822971e-05, 1.66139307112e-05],
        "dmean2": [0.442648231983, 2.44051980972, 4.51621007919, 8.21525192261, 19.1602973938, 11.9426994324, 8.95744609833, 11.1263551712, 23.2279243469, 30.3317489624, 42.9571266174, 34.0610580444, 36.2670135498, 32.729850769, 29.5915718079, 32.5397834778, 21.9138145447, 31.0880851746, 31.0314617157, 28.1667976379, 17.2847537994, 20.6081352234, 14.1807832718, 10.992975235, 12.2999458313, 9.44316482544, 7.58455944061, 8.77743816376, 9.67379760742, 8.79032993317, 7.89696455002, 6.73568201065, 3.93570280075, 1.65390241146, 0.632293820381, 0.221482113004, 0.0401267744601, 0.00570302503183, 0.000146992199006, 2.53609450738e-05],
        "dvar": [0.324291110039, 8.24097633362, 29.4259967804, 69.1087646484, 557.791564941, 144.488327026, 126.123939514, 224.984954834, 1017.61907959, 821.278808594, 3463.54370117, 1927.54492188, 1777.41625977, 2497.66577148, 1063.19848633, 2714.17089844, 789.73840332, 1990.49365234, 1810.45214844, 683.21472168, 338.800628662, 399.115509033, 208.985290527, 103.326766968, 134.68196106, 80.9790878296, 94.8023834229, 171.078918457, 227.743560791, 248.634994507, 334.02166748, 208.818496704, 50.9274940491, 7.68618774414, 1.07743906975, 0.156004071236, 0.00413954537362, 4.60846822534e-05, 3.56620830644e-08, 4.48477061044e-10],
        "dvar2": [0.847222983837, 23.8833370209, 75.7750854492, 187.437316895, 1346.93371582, 348.315185547, 302.172668457, 602.090515137, 2698.35058594, 2118.22509766, 8304.36914062, 4470.73779297, 4103.57763672, 5285.28222656, 2208.33862305, 5224.86083984, 1954.28967285, 4758.60253906, 3830.671875, 1711.58496094, 760.548583984, 895.033996582, 487.572631836, 242.609405518, 332.373535156, 187.392471313, 213.140655518, 392.562988281, 460.53805542, 550.088684082, 722.831542969, 398.419921875, 99.3471298218, 16.5441761017, 2.35664415359, 0.304595261812, 0.00736959977075, 0.000109329783299, 8.66088285534e-08, 9.60048818222e-10],
        "max": [4.61686372757, 20.6258449554, 40.6090431213, 73.755897522, 228.971694946, 125.136154175, 147.924194336, 150.902755737, 411.107788086, 359.296478271, 948.073730469, 657.794189453, 538.22076416, 802.407592773, 509.724456787, 1211.1373291, 358.082122803, 949.936401367, 502.604858398, 330.712402344, 370.525665283, 230.464492798, 196.973770142, 122.178924561, 129.104721069, 121.374488831, 191.245178223, 217.184906006, 238.11088562, 211.315750122, 260.148162842, 235.869903564, 97.8118209839, 35.8127250671, 14.8492126465, 6.94266653061, 1.12889504433, 0.0881576314569, 0.00321232737042, 0.00020232317911],
        "mean": [0.364966124296, 2.22163796425, 4.25001382828, 6.78739500046, 14.6275863647, 9.97160148621, 8.59633255005, 8.97819805145, 20.2681159973, 34.8920326233, 47.9901428223, 37.9713935852, 46.4936294556, 41.0047912598, 39.7678070068, 40.6069374084, 25.2890129089, 31.4956951141, 36.4006690979, 34.3658332825, 24.8233547211, 28.3803977966, 18.4230709076, 12.5624675751, 13.2722301483, 11.236374855, 8.62878131866, 8.79965877533, 11.7535085678, 10.8121681213, 8.8796415329, 7.99374103546, 4.53252315521, 1.78211474419, 0.67119717598, 0.2536239326, 0.0538891740143, 0.00632744375616, 0.000176566594746, 5.20878493262e-05],
        "median": [0.199617937207, 1.40882778168, 2.96952152252, 3.38989233971, 4.81542539597, 4.27348041534, 3.31198644638, 4.29234743118, 8.79172420502, 20.7849636078, 18.8349571228, 17.0724239349, 22.9936027527, 19.8462524414, 22.2251873016, 13.5427446365, 10.2904758453, 16.0850906372, 17.307636261, 20.9758586884, 16.213886261, 18.5587310791, 11.5501070023, 8.25119304657, 8.03788661957, 6.07199573517, 4.64025259018, 4.09425210953, 5.25449562073, 4.11959266663, 2.60047578812, 2.39500594139, 1.49502885342, 0.653540194035, 0.281332194805, 0.0999872386456, 0.025102423504, 0.0036670982372, 0.00010390450916, 4.1403414798e-05],
        "min": [6.31673061848e-22, 4.42888332715e-21, 1.43910734241e-20, 1.13244992125e-20, 1.53115202663e-19, 2.23571539184e-19, 9.26394141563e-20, 3.51784223937e-19, 5.52239580517e-19, 1.06730721527e-18, 1.32840108875e-18, 1.903022057e-18, 2.08703065901e-18, 2.36299506856e-18, 2.7473178636e-18, 2.16006884594e-18, 2.17462763831e-18, 3.79224632779e-18, 8.80842134995e-18, 7.71319037836e-18, 7.84697443473e-18, 1.17782503847e-17, 1.30367651549e-17, 1.50287202947e-17, 1.3850080566e-17, 1.87422930608e-17, 2.30555651536e-17, 1.64082821941e-17, 2.76741843521e-17, 2.27645663228e-17, 2.0477090983e-17, 1.83361556519e-17, 2.13428132491e-17, 9.58092284247e-18, 1.07837187266e-17, 5.51980062939e-18, 3.1945793839e-18, 1.14709705716e-18, 3.08648874642e-19, 3.42480335513e-20],
        "stdev": [0.581536650658, 2.77531027794, 5.04656219482, 8.79418468475, 26.5008640289, 15.2921886444, 14.337348938, 14.5844316483, 32.7139587402, 43.6081047058, 79.5369720459, 69.6403656006, 65.8127746582, 79.9787597656, 55.8482704163, 93.8627700806, 41.4142494202, 53.0188903809, 60.1866149902, 38.2444801331, 28.6982383728, 31.7487163544, 21.2408809662, 13.5653400421, 15.7712106705, 14.5185184479, 13.3880109787, 17.0506134033, 23.6835918427, 23.1354618073, 24.1129360199, 20.033531189, 9.91580295563, 3.66439819336, 1.31895554066, 0.571454286575, 0.103543311357, 0.00904097035527, 0.000235272396822, 3.19486352964e-05],
        "var": [0.338184863329, 7.70234775543, 25.4677886963, 77.3376846313, 702.295837402, 233.851043701, 205.559570312, 212.705657959, 1070.20300293, 1901.66687012, 6326.12939453, 4849.78027344, 4331.32128906, 6396.6015625, 3119.02929688, 8810.21972656, 1715.14001465, 2811.00292969, 3622.4284668, 1462.64013672, 823.588867188, 1007.98095703, 451.174987793, 184.018447876, 248.731079102, 210.787384033, 179.238830566, 290.723449707, 560.912536621, 535.249572754, 581.433654785, 401.342407227, 98.3231506348, 13.4278144836, 1.73964357376, 0.326560020447, 0.0107212178409, 8.17391410237e-05, 5.53530981051e-08, 1.02071540109e-09]
    },
    "gfcc": {
        "mean": [37.1252670288, 88.374786377, -108.806976318, 36.9905319214, -57.5974960327, 30.3608016968, -34.1641311646, 19.6982212067, -15.6821527481, 3.76764941216, -18.6713657379, -0.136270150542, -12.6414833069],
        "cov": [[3537.7253418, -687.399841309, -320.309509277, 103.195480347, -356.431610107, -27.9770488739, -241.765304565, -4.2490773201, -198.881271362, -44.0747070312, -177.508010864, 7.05509805679, -129.820449829], [-687.399841309, 677.043334961, -28.7046298981, -150.233154297, 230.042282104, -29.7180519104, 103.589515686, -9.87110614777, 70.8367919922, -14.265378952, 70.822517395, -14.1621589661, 40.7351608276], [-320.309509277, -28.7046298981, 318.008178711, 111.525344849, -39.4413146973, -20.5104236603, -53.2337532043, -23.1408920288, 5.44302415848, -4.56902503967, 18.7177066803, 6.05967235565, 2.32172322273], [103.195480347, -150.233154297, 111.525344849, 274.19934082, -41.7164459229, -80.5918121338, -75.9890289307, -23.5253009796, 26.2706775665, -30.2855587006, -22.1156959534, 14.6654424667, 16.458152771], [-356.431610107, 230.042282104, -39.4413146973, -41.7164459229, 227.636108398, 13.0311050415, 62.2499809265, 26.1524944305, 51.7546424866, 19.8160686493, 17.3151054382, 11.9686403275, 40.6943359375], [-27.9770488739, -29.7180519104, -20.5104236603, -80.5918121338, 13.0311050415, 198.239593506, 98.9695968628, 7.62679004669, -6.00930309296, 17.3433856964, 18.686750412, -15.8603420258, 3.60853791237], [-241.765304565, 103.589515686, -53.2337532043, -75.9890289307, 62.2499809265, 98.9695968628, 189.650970459, 27.1831130981, 15.8493309021, 16.4974346161, 22.0311794281, 2.65447306633, 5.63804721832], [-4.2490773201, -9.87110614777, -23.1408920288, -23.5253009796, 26.1524944305, 7.62679004669, 27.1831130981, 108.048240662, 38.4790496826, 10.5564279556, 11.5564899445, 2.69679999352, 12.0616540909], [-198.881271362, 70.8367919922, 5.44302415848, 26.2706775665, 51.7546424866, -6.00930309296, 15.8493309021, 38.4790496826, 127.652572632, 28.3256340027, 8.46132278442, -6.05895042419, 26.3047485352], [-44.0747070312, -14.265378952, -4.56902503967, -30.2855587006, 19.8160686493, 17.3433856964, 16.4974346161, 10.5564279556, 28.3256340027, 82.8901367188, 16.9878692627, -7.3175201416, 3.37662553787], [-177.508010864, 70.822517395, 18.7177066803, -22.1156959534, 17.3151054382, 18.686750412, 22.0311794281, 11.5564899445, 8.46132278442, 16.9878692627, 83.6872024536, 14.957036972, 3.71508002281], [7.05509805679, -14.1621589661, 6.05967235565, 14.6654424667, 11.9686403275, -15.8603420258, 2.65447306633, 2.69679999352, -6.05895042419, -7.3175201416, 14.957036972, 66.9215316772, 20.8248405457], [-129.820449829, 40.7351608276, 2.32172322273, 16.458152771, 40.6943359375, 3.60853791237, 5.63804721832, 12.0616540909, 26.3047485352, 3.37662553787, 3.71508002281, 20.8248405457, 75.1538772583]],
        "icov": [[0.00060129450867, -0.000246017356403, 0.000901792722289, -0.000692139670718, 0.000759035756346, -0.000766722077969, 0.000980801763944, -0.000745620869566, 0.000774414045736, -0.000663194980007, 0.00113688979764, -0.000915762095246, 0.000923930609133], [-0.000246017356403, 0.00546070886776, -0.00131930911448, 0.00409596180543, -0.00439637433738, 0.00424948474392, -0.0029524564743, 0.00392020726576, -0.00308718835004, 0.00503763696179, -0.004939425271, 0.0043323058635, -0.00257427198812], [0.000901792722289, -0.00131930911448, 0.00547743821517, -0.00331507856026, 0.00215853028931, -0.0023471256718, 0.00268334429711, -0.00128667592071, 0.00156914768741, -0.00204875180498, 0.00101366650779, -0.00201889988966, 0.00183085678145], [-0.000692139670718, 0.00409596180543, -0.00331507856026, 0.00918731000274, -0.00290345726535, 0.00505373021588, -0.00232931785285, 0.00444510579109, -0.00489473296329, 0.00581627432257, -0.00334223546088, 0.00295970099978, -0.00373741355725], [0.000759035756346, -0.00439637433738, 0.00215853028931, -0.00290345726535, 0.0100134490058, -0.00310786184855, 0.00149076455273, -0.00350502319634, 0.00127119442914, -0.0046255257912, 0.00439115427434, -0.00445596594363, 0.000221631824388], [-0.000766722077969, 0.00424948474392, -0.0023471256718, 0.00505373021588, -0.00310786184855, 0.0116461711004, -0.00702743651345, 0.00402493122965, -0.0022876507137, 0.00389438075945, -0.00552377151325, 0.00637936126441, -0.00452600233257], [0.000980801763944, -0.0029524564743, 0.00268334429711, -0.00232931785285, 0.00149076455273, -0.00702743651345, 0.0113883633167, -0.00388931832276, 0.00187165965326, -0.00323557411321, 0.00331754656509, -0.00475427368656, 0.00366546097212], [-0.000745620869566, 0.00392020726576, -0.00128667592071, 0.00444510579109, -0.00350502319634, 0.00402493122965, -0.00388931832276, 0.01446855627, -0.00624298769981, 0.00440956698731, -0.00529747596011, 0.00334614096209, -0.00335053447634], [0.000774414045736, -0.00308718835004, 0.00156914768741, -0.00489473296329, 0.00127119442914, -0.0022876507137, 0.00187165965326, -0.00624298769981, 0.0140371359885, -0.00672290800139, 0.00327577278949, -0.00049376708921, -0.000318676757161], [-0.000663194980007, 0.00503763696179, -0.00204875180498, 0.00581627432257, -0.0046255257912, 0.00389438075945, -0.00323557411321, 0.00440956698731, -0.00672290800139, 0.0194471310824, -0.00753050344065, 0.00588631583378, -0.00301334867254], [0.00113688979764, -0.004939425271, 0.00101366650779, -0.00334223546088, 0.00439115427434, -0.00552377151325, 0.00331754656509, -0.00529747596011, 0.00327577278949, -0.00753050344065, 0.02021718584, -0.00898692756891, 0.00451320782304], [-0.000915762095246, 0.0043323058635, -0.00201889988966, 0.00295970099978, -0.00445596594363, 0.00637936126441, -0.00475427368656, 0.00334614096209, -0.00049376708921, 0.00588631583378, -0.00898692756891, 0.0231531299651, -0.0086527671665], [0.000923930609133, -0.00257427198812, 0.00183085678145, -0.00373741355725, 0.000221631824388, -0.00452600233257, 0.00366546097212, -0.00335053447634, -0.000318676757161, -0.00301334867254, 0.00451320782304, -0.0086527671665, 0.0198407843709]]
    },
    "melbands": {
        "dmean": [0.00204402557574, 0.00141504162457, 0.000990742235444, 0.000692883506417, 0.000211140111787, 0.000152851964231, 0.000202867086045, 0.000211839447729, 0.000223648385145, 0.000128160318127, 0.00011677556904, 9.42731421674e-05, 7.23674602341e-05, 5.57210296392e-05, 4.2428557208e-05, 3.35742552124e-05, 3.86158644687e-05, 3.31429400831e-05, 2.46369818342e-05, 2.19223638851e-05, 1.42815242725e-05, 1.42962207974e-05, 1.49460647663e-05, 7.17049852028e-06, 5.70953625356e-06, 6.0667634898e-06, 5.29737599209e-06, 3.94019070882e-06, 3.24181269207e-06, 2.89533454634e-06, 3.3865039768e-06, 3.72244699065e-06, 3.78050981453e-06, 3.24127472595e-06, 3.35633262694e-06, 3.09285201183e-06, 2.94887490782e-06, 2.32323873206e-06, 9.70958240032e-07, 9.44032649386e-07],
        "dmean2": [0.00343438354321, 0.00236863596365, 0.00167270528618, 0.00113800400868, 0.000339309888659, 0.000258352258243, 0.000341027916875, 0.000340753264027, 0.00034574518213, 0.000200373542611, 0.000181562136277, 0.000140305244713, 0.000110069777293, 8.57936247485e-05, 6.4464409661e-05, 5.28742421011e-05, 6.17237747065e-05, 5.12109872943e-05, 3.88009866583e-05, 3.46704255207e-05, 2.21829923248e-05, 2.23750084842e-05, 2.35687311942e-05, 1.15625234685e-05, 9.4692741186e-06, 9.98234827421e-06, 8.90885803528e-06, 6.16772285866e-06, 5.36008064955e-06, 4.63791684524e-06, 5.5987657106e-06, 5.81005087952e-06, 5.91467687627e-06, 4.94363166581e-06, 5.17139778822e-06, 4.51121013612e-06, 4.36324899056e-06, 3.48804042005e-06, 1.48804758737e-06, 1.48635467667e-06],
        "dvar": [1.58199673024e-05, 8.11793506728e-06, 3.1658039461e-06, 1.56229577897e-06, 1.90515365261e-07, 1.18801409599e-07, 2.09636326076e-07, 1.00762910904e-07, 2.18073665792e-07, 6.5320186593e-08, 4.4013486189e-08, 4.82616933084e-08, 1.60210511524e-08, 1.70895990692e-08, 8.48911341222e-09, 6.32281826896e-09, 8.20885670549e-09, 4.99589392078e-09, 1.58231838743e-09, 1.07402242655e-09, 5.85458181934e-10, 4.6044049129e-10, 6.32214003371e-10, 1.67310262866e-10, 7.77484673864e-11, 8.4605107642e-11, 9.12590558677e-11, 3.60118428133e-11, 3.79724029997e-11, 5.15187267847e-11, 7.16346149066e-11, 7.55004531117e-11, 8.88782172859e-11, 7.9389883556e-11, 1.34002586805e-10, 1.04714112381e-10, 7.7788456232e-11, 3.87031448557e-11, 5.63311246607e-12, 6.21127238185e-12],
        "dvar2": [4.26719925599e-05, 2.08186593227e-05, 8.27570511319e-06, 3.73862394554e-06, 4.51681813729e-07, 3.14579551741e-07, 5.55832798455e-07, 2.56173876778e-07, 5.1469396567e-07, 1.52309922896e-07, 1.01207973557e-07, 1.00481571508e-07, 3.63121941405e-08, 3.45304194127e-08, 1.79613461881e-08, 1.58185802235e-08, 1.9717862898e-08, 1.06697752855e-08, 3.70182595688e-09, 2.55774001978e-09, 1.36732380973e-09, 1.06417274992e-09, 1.50347878591e-09, 4.00185024008e-10, 1.85960163934e-10, 2.11197490052e-10, 2.46094172818e-10, 7.97713908818e-11, 8.89093590417e-11, 1.17879705996e-10, 1.73236633372e-10, 1.57681159796e-10, 1.89217502777e-10, 1.74792888497e-10, 3.12928682966e-10, 2.05263805952e-10, 1.53406287673e-10, 7.6367204227e-11, 1.23830425081e-11, 1.39362419174e-11],
        "max": [0.0303166676313, 0.0221172049642, 0.0188422556967, 0.0114013180137, 0.00551275676116, 0.00336656207219, 0.00570110231638, 0.00342557858676, 0.00734850112349, 0.00380538403988, 0.00265641976148, 0.00360503676347, 0.00241382233799, 0.00267952098511, 0.00157157971989, 0.000904894433916, 0.0021695853211, 0.000907419831492, 0.000596539583057, 0.000395631184801, 0.000387995241908, 0.000236100997427, 0.000340389378835, 0.000194844600628, 0.000105641367554, 0.000103935031802, 0.000124646496261, 7.2865637776e-05, 9.22645776882e-05, 0.000162740616361, 0.000140449425089, 0.000133951893076, 0.00012259693176, 0.000126491067931, 0.0001773154072, 0.000177442037966, 0.000144856952829, 8.71949960128e-05, 3.29042777594e-05, 3.3881944546e-05],
        "mean": [0.00316135538742, 0.00245564500801, 0.00142386474181, 0.000902059720829, 0.000325562927173, 0.00021236728935, 0.000316170946462, 0.000388795946492, 0.000385346414987, 0.000222974384087, 0.000228428878472, 0.000164026598213, 0.000137766866828, 9.89853724604e-05, 8.02015201771e-05, 5.12435544806e-05, 5.75538288103e-05, 5.66832495679e-05, 4.38674906036e-05, 4.17896080762e-05, 2.77502695099e-05, 2.93941848213e-05, 2.66218776233e-05, 1.2310611055e-05, 9.51271522354e-06, 1.00620500234e-05, 8.6819027274e-06, 7.15604437573e-06, 5.60036460229e-06, 4.64645563625e-06, 5.2449568102e-06, 6.47785691399e-06, 6.86288240104e-06, 5.61815704714e-06, 5.08145103595e-06, 4.96116945214e-06, 4.92199933433e-06, 3.73686907551e-06, 1.65287281106e-06, 1.44049636219e-06],
        "median": [0.00181017967407, 0.00177884218283, 0.000706034130417, 0.000362070772098, 0.000127970488393, 9.92555796984e-05, 0.000143635930726, 0.000239744433202, 0.00014080227993, 8.96340206964e-05, 0.000107669868157, 6.81909732521e-05, 6.65618208586e-05, 3.89045999327e-05, 2.70448490483e-05, 1.84467044164e-05, 2.91024298349e-05, 2.5814255423e-05, 2.6517041988e-05, 2.61114710156e-05, 1.62069045473e-05, 1.928567508e-05, 1.4112097233e-05, 7.11513803253e-06, 5.76509364691e-06, 6.40815233055e-06, 4.55191684523e-06, 3.63825893146e-06, 2.90773050438e-06, 2.04166781259e-06, 2.40917165684e-06, 2.88697719952e-06, 2.82642622551e-06, 1.99512624022e-06, 1.3896501514e-06, 1.35985226279e-06, 1.43281113196e-06, 1.10283406229e-06, 6.58500084683e-07, 4.86523958898e-07],
        "min": [1.02033257411e-23, 5.9848388023e-24, 5.74184597766e-24, 1.52119156466e-23, 4.56682582642e-24, 7.46336963695e-24, 9.75478653012e-24, 1.17130359086e-23, 9.14216819517e-24, 1.46064475469e-23, 1.04726002556e-23, 8.84372949295e-24, 9.49455867242e-24, 5.5485778169e-24, 4.6715084574e-24, 6.06549036352e-24, 6.91344602245e-24, 1.60184217925e-23, 1.02565438755e-23, 1.15286893702e-23, 9.08983516272e-24, 1.31566213884e-23, 1.15574583386e-23, 9.87911810853e-24, 1.25360292474e-23, 1.19036751904e-23, 8.50212116656e-24, 1.30065611116e-23, 1.64798076033e-23, 9.6055813785e-24, 9.40137053369e-24, 1.78554311385e-23, 1.26553933687e-23, 1.19619286239e-23, 1.16003360842e-23, 1.02763371844e-23, 1.15330367827e-23, 1.56988526621e-23, 1.22795114026e-23, 6.39674686269e-24],
        "stdev": [0.004327126313, 0.00274922326207, 0.00190923956688, 0.00142976443749, 0.000570134725422, 0.00034388792119, 0.000481880677398, 0.000463715550723, 0.000644733663648, 0.000402592879254, 0.000328862952301, 0.000351828028215, 0.000200867914828, 0.000221451176913, 0.0001542964892, 0.000101194957097, 0.000103436526842, 9.97099341475e-05, 5.31493205926e-05, 4.89803314849e-05, 3.57672724931e-05, 3.28513960994e-05, 3.83128062822e-05, 1.69933155121e-05, 1.11869985631e-05, 1.20173563118e-05, 1.1712034393e-05, 9.92617060547e-06, 8.33212288853e-06, 9.07223693503e-06, 1.05588042061e-05, 1.33228395498e-05, 1.38658042488e-05, 1.27153070935e-05, 1.41695845741e-05, 1.40106603794e-05, 1.19568385344e-05, 8.51251115819e-06, 3.12037332151e-06, 3.14630619869e-06],
        "var": [1.87240202649e-05, 7.55822793508e-06, 3.64519587492e-06, 2.04422622119e-06, 3.25053633787e-07, 1.1825891022e-07, 2.32208975603e-07, 2.15032116557e-07, 4.15681483901e-07, 1.62081036592e-07, 1.08150835842e-07, 1.23782967876e-07, 4.03479170075e-08, 4.90406222298e-08, 2.38074058245e-08, 1.02404200675e-08, 1.06991153714e-08, 9.94207027816e-09, 2.82485013159e-09, 2.39907271826e-09, 1.27929788984e-09, 1.07921416248e-09, 1.46787115796e-09, 2.88772755708e-10, 1.25148932884e-10, 1.44416853476e-10, 1.37171760062e-10, 9.8528858683e-11, 6.94242649479e-11, 8.23054818744e-11, 1.11488339394e-10, 1.77498044041e-10, 1.92260526943e-10, 1.61679031274e-10, 2.00777131032e-10, 1.96298616251e-10, 1.42965986272e-10, 7.24628412829e-11, 9.73672965171e-12, 9.89924288375e-12]
    },
    "melbands128": {
