{
"lowlevel": {
    "average_loudness": 0.969635903835,
    "barkbands_crest": {
        "dmean": 3.01705265045,
        "dmean2": 4.63226032257,
        "dvar": 7.99155950546,
        "dvar2": 17.5194244385,
        "max": 25.1312160492,
        "mean": 11.7729587555,
        "median": 10.9262962341,
        "min": 2.72868347168,
        "stdev": 4.7197508812,
        "var": 22.2760486603
    },
    "barkbands_flatness_db": {
        "dmean": 0.0336259007454,
        "dmean2": 0.046596955508,
        "dvar": 0.00117383722682,
        "dvar2": 0.00238884752616,
        "max": 0.418864578009,
        "mean": 0.163564249873,
        "median": 0.160757347941,
        "min": 0.0332185737789,
        "stdev": 0.0613372921944,
        "var": 0.00376226357184
    },
    "barkbands_kurtosis": {
        "dmean": 5.9673666954,
        "dmean2": 8.84062767029,
        "dvar": 180.697753906,
        "dvar2": 382.702270508,
        "max": 244.440567017,
        "mean": 9.31454563141,
        "median": 5.00075721741,
        "min": -1.90020358562,
        "stdev": 17.6985721588,
        "var": 313.239471436
    },
    "barkbands_skewness": {
        "dmean": 0.726983010769,
        "dmean2": 1.07729196548,
        "dvar": 0.827780604362,
        "dvar2": 1.6663646698,
        "max": 13.0956716537,
        "mean": 2.15443372726,
        "median": 1.89235234261,
        "min": -1.91519343853,
        "stdev": 1.52972221375,
        "var": 2.34004998207
    },
    "barkbands_spread": {
        "dmean": 7.59415960312,
        "dmean2": 11.6028680801,
        "dvar": 119.538169861,
        "dvar2": 299.146240234,
        "max": 96.0899353027,
        "mean": 16.7662906647,
        "median": 13.071849823,
        "min": 0.534963011742,
        "stdev": 13.3725671768,
        "var": 178.825561523
    },
    "dissonance": {
        "dmean": 0.0294831749052,
        "dmean2": 0.0477671958506,
        "dvar": 0.000994526199065,
        "dvar2": 0.00240526371635,
        "max": 0.499800443649,
        "mean": 0.436129152775,
        "median": 0.4443808496,
        "min": 0,
        "stdev": 0.0458421558142,
        "var": 0.00210150331259
    },
    "dynamic_complexity": 3.33456063271,
    "erbbands_crest": {
        "dmean": 3.23992705345,
        "dmean2": 5.08312940598,
        "dvar": 8.45311069489,
        "dvar2": 19.1523838043,
        "max": 30.7310791016,
        "mean": 10.7468214035,
        "median": 9.90183258057,
        "min": 2.57767438889,
        "stdev": 4.92981958389,
        "var": 24.3031234741
    },
    "erbbands_flatness_db": {
        "dmean": 0.0248725060374,
        "dmean2": 0.0348510108888,
        "dvar": 0.000655869022012,
        "dvar2": 0.0014060215326,
        "max": 0.332179635763,
        "mean": 0.15963858366,
        "median": 0.158518075943,
        "min": 0.0483161248267,
        "stdev": 0.049608387053,
        "var": 0.00246099196374
    },
    "erbbands_kurtosis": {
        "dmean": 1.65833008289,
        "dmean2": 2.55615210533,
        "dvar": 5.53668642044,
        "dvar2": 13.0647258759,
        "max": 34.6001434326,
        "mean": 1.58353304863,
        "median": 0.34884762764,
        "min": -1.7277097702,
        "stdev": 3.79961109161,
        "var": 14.4370450974
    },
    "erbbands_skewness": {
        "dmean": 0.487039715052,
        "dmean2": 0.734645187855,
        "dvar": 0.22169610858,
        "dvar2": 0.474501430988,
        "max": 4.73663806915,
        "mean": 0.947060823441,
        "median": 0.90903866291,
        "min": -3.08743286133,
        "stdev": 0.875629723072,
        "var": 0.766727387905
    },
    "erbbands_spread": {
        "dmean": 13.077662468,
        "dmean2": 19.7239437103,
        "dvar": 222.285293579,
        "dvar2": 531.749145508,
        "max": 154.908691406,
        "mean": 39.4538536072,
        "median": 34.538520813,
        "min": 6.02220916748,
        "stdev": 22.4475307465,
        "var": 503.891662598
    },
    "hfc": {
        "dmean": 9.08644294739,
        "dmean2": 12.7655677795,
        "dvar": 178.004852295,
        "dvar2": 377.313873291,
        "max": 107.444572449,
        "mean": 18.2690525055,
        "median": 12.6264200211,
        "min": 1.13697364859e-16,
        "stdev": 18.4687423706,
        "var": 341.094421387
    },
    "loudness_ebu128": {
        "integrated": -7.8389840126,
        "loudness_range": 3.32848167419,
        "momentary": {
            "dmean": 0.882635712624,
            "dmean2": 1.3369307518,
            "dvar": 0.564801216125,
            "dvar2": 0.902173757553,
            "max": -4.75617742538,
            "mean": -8.35073184967,
            "median": -7.86200904846,
            "min": -18.9975605011,
            "stdev": 2.33219861984,
            "var": 5.43915081024
        },
        "short_term": {
            "dmean": 0.10144610703,
            "dmean2": 0.128762021661,
            "dvar": 0.0064902510494,
            "dvar2": 0.00973777566105,
            "max": -6.10498571396,
            "mean": -8.09387874603,
            "median": -7.92655134201,
            "min": -10.3363246918,
            "stdev": 1.04493975639,
            "var": 1.09189915657
        }
    },
    "melbands_crest": {
        "dmean": 3.6859357357,
        "dmean2": 5.6196808815,
        "dvar": 12.4869241714,
        "dvar2": 29.5872592926,
        "max": 35.9035568237,
        "mean": 15.5839996338,
        "median": 14.1879730225,
        "min": 1.98071992397,
        "stdev": 6.30798339844,
        "var": 39.7906532288
    },
    "melbands_flatness_db": {
        "dmean": 0.0405101329088,
        "dmean2": 0.0552651248872,
        "dvar": 0.00188478676137,
        "dvar2": 0.00386930885725,
        "max": 0.536604523659,
        "mean": 0.230341210961,
        "median": 0.224658474326,
        "min": 0.00637190975249,
        "stdev": 0.07839987427,
        "var": 0.0061465408653
    },
    "melbands_kurtosis": {
        "dmean": 11.990524292,
        "dmean2": 18.4895000458,
        "dvar": 654.412963867,
        "dvar2": 1414.15136719,
        "max": 392.198150635,
        "mean": 20.8342819214,
        "median": 10.8976202011,
        "min": -1.65452170372,
        "stdev": 34.6322212219,
        "var": 1199.39086914
    },
    "melbands_skewness": {
        "dmean": 0.948967218399,
        "dmean2": 1.4422069788,
        "dvar": 1.44904994965,
        "dvar2": 3.12031316757,
        "max": 14.9323720932,
        "mean": 2.95947957039,
        "median": 2.46300005913,
        "min": -0.355021089315,
        "stdev": 2.01936745644,
        "var": 4.07784509659
    },
    "melbands_spread": {
        "dmean": 7.14834594727,
        "dmean2": 11.121969223,
        "dvar": 171.444732666,
        "dvar2": 387.93737793,
        "max": 182.790786743,
        "mean": 16.2831192017,
        "median": 12.5010108948,
        "min": 0.422577649355,
        "stdev": 15.5842914581,
        "var": 242.870147705
    },
    "pitch_salience": {
        "dmean": 0.0841232687235,
        "dmean2": 0.13045501709,
        "dvar": 0.00708319758996,
        "dvar2": 0.0158201605082,
        "max": 0.924905896187,
        "mean": 0.539112925529,
        "median": 0.552657544613,
        "min": 0.0919065326452,
        "stdev": 0.138238206506,
        "var": 0.019109800458
    },
    "silence_rate_20dB": {
        "dmean": 0,
        "dmean2": 0,
        "dvar": 0,
        "dvar2": 0,
        "max": 1,
        "mean": 1,
        "median": 1,
        "min": 1,
        "stdev": 0,
        "var": 0
    },
    "silence_rate_30dB": {
        "dmean": 0.030959751457,
        "dmean2": 0.0619674660265,
        "dvar": 0.0300016216934,
        "dvar2": 0.0596771724522,
        "max": 1,
        "mean": 0.954369664192,
        "median": 1,
        "min": 0,
        "stdev": 0.208683148026,
        "var": 0.0435486547649
    },
    "silence_rate_60dB": {
        "dmean": 0.0441176481545,
        "dmean2": 0.0883036404848,
        "dvar": 0.042170766741,
        "dvar2": 0.0959978476167,
        "max": 1,
        "mean": 0.0920340269804,
        "median": 0,
        "min": 0,
        "stdev": 0.289072245359,
        "var": 0.0835627615452
    },
    "spectral_centroid": {
        "dmean": 303.955230713,
        "dmean2": 458.18536377,
        "dvar": 242736.8125,
        "dvar2": 461527.25,
        "max": 10790.5244141,
        "mean": 1003.92169189,
        "median": 842.213439941,
        "min": 237.734207153,
        "stdev": 631.372924805,
        "var": 398631.78125
    },
    "spectral_complexity": {
        "dmean": 4.25387001038,
        "dmean2": 5.8017039299,
        "dvar": 27.6817245483,
        "dvar2": 46.9427261353,
        "max": 55,
        "mean": 14.2830629349,
        "median": 12,
        "min": 0,
        "stdev": 9.25477313995,
        "var": 85.6508255005
    },
    "spectral_decrease": {
        "dmean": 3.00124125552e-09,
        "dmean2": 4.44721104387e-09,
        "dvar": 2.59452776102e-17,
        "dvar2": 5.08092415625e-17,
        "max": -6.07222058638e-29,
        "mean": -7.8992163921e-09,
        "median": -6.02249317083e-09,
        "min": -4.64642333498e-08,
        "stdev": 8.00869059958e-09,
        "var": 6.41391214762e-17
    },
    "spectral_energy": {
        "dmean": 0.0118730030954,
        "dmean2": 0.0175279229879,
        "dvar": 0.000391103909351,
        "dvar2": 0.000761539326049,
        "max": 0.178194731474,
        "mean": 0.0314705297351,
        "median": 0.0242026150227,
        "min": 1.05418603372e-20,
        "stdev": 0.0312011726201,
        "var": 0.00097351311706
    },
    "spectral_energyband_high": {
        "dmean": 0.000772124447394,
        "dmean2": 0.00111813296098,
        "dvar": 1.82380745173e-06,
        "dvar2": 4.11870314565e-06,
        "max": 0.0119848223403,
        "mean": 0.000862549757585,
        "median": 0.000256182829617,
        "min": 7.91100755223e-21,
        "stdev": 0.00152909872122,
        "var": 2.33814284911e-06
    },
    "spectral_energyband_low": {
        "dmean": 0.00614043558016,
        "dmean2": 0.00858695991337,
        "dvar": 0.000217903390876,
        "dvar2": 0.000365735322703,
        "max": 0.156244784594,
        "mean": 0.0122262416407,
        "median": 0.00455397972837,
        "min": 7.20441673625e-23,
        "stdev": 0.0244362317026,
        "var": 0.000597129459493
    },
    "spectral_energyband_middle_high": {
        "dmean": 0.0014011109015,
        "dmean2": 0.00193114101421,
        "dvar": 4.39957784693e-06,
        "dvar2": 9.18310070119e-06,
        "max": 0.0360369160771,
        "mean": 0.00306559447199,
        "median": 0.00153449596837,
        "min": 1.45394188562e-21,
        "stdev": 0.00380735681392,
        "var": 1.44959658428e-05
    },
    "spectral_energyband_middle_low": {
        "dmean": 0.0076941344887,
        "dmean2": 0.0121976267546,
        "dvar": 0.00019040684856,
        "dvar2": 0.000494658539537,
        "max": 0.121021725237,
        "mean": 0.015926791355,
        "median": 0.0126103870571,
        "min": 3.94099206761e-22,
        "stdev": 0.0154754444957,
        "var": 0.000239489381784
    },
    "spectral_entropy": {
        "dmean": 0.303969144821,
        "dmean2": 0.418710261583,
        "dvar": 0.0983806550503,
        "dvar2": 0.213368013501,
        "max": 9.78985118866,
        "mean": 7.35433721542,
        "median": 7.32085847855,
        "min": 5.77248620987,
        "stdev": 0.556858062744,
        "var": 0.31009092927
    },
    "spectral_flux": {
        "dmean": 0.0347444191575,
        "dmean2": 0.0535081475973,
        "dvar": 0.00174215994775,
        "dvar2": 0.00321898772381,
        "max": 0.343370556831,
        "mean": 0.0867999717593,
        "median": 0.0686184689403,
        "min": 1.02673564095e-10,
        "stdev": 0.0660607889295,
        "var": 0.00436402810737
    },
    "spectral_kurtosis": {
        "dmean": 2.69409346581,
        "dmean2": 4.21050453186,
        "dvar": 21.2470169067,
        "dvar2": 52.9628334045,
        "max": 60.4097747803,
        "mean": 5.45260858536,
        "median": 4.23385000229,
        "min": -1.20261645317,
        "stdev": 5.40768432617,
        "var": 29.2430515289
    },
    "spectral_rms": {
        "dmean": 0.00099084386602,
        "dmean2": 0.00139795453288,
        "dvar": 1.80132360583e-06,
        "dvar2": 3.15439024234e-06,
        "max": 0.0131851630285,
        "mean": 0.00494251353666,
        "median": 0.0048592495732,
        "min": 3.20698329004e-12,
        "stdev": 0.002504901262,
        "var": 6.27453073321e-06
    },
    "spectral_rolloff": {
        "dmean": 630.047119141,
        "dmean2": 1083.56665039,
        "dvar": 2031988.75,
        "dvar2": 4831881,
        "max": 18561.6210938,
        "mean": 1087.49963379,
        "median": 624.462890625,
        "min": 64.599609375,
        "stdev": 1464.3659668,
        "var": 2144367.75
    },
    "spectral_skewness": {
        "dmean": 0.378753334284,
        "dmean2": 0.554143548012,
        "dvar": 0.202444255352,
        "dvar2": 0.487237542868,
        "max": 5.99082231522,
        "mean": 1.79140949249,
        "median": 1.71822690964,
        "min": -0.0460563227534,
        "stdev": 0.66545778513,
        "var": 0.442834079266
    },
    "spectral_spread": {
        "dmean": 964852.4375,
        "dmean2": 1344790.125,
        "dvar": 1.5762990039e+12,
        "dvar2": 2.62302308762e+12,
        "max": 40092708,
        "mean": 5172258.5,
        "median": 5017341.5,
        "min": 1114547.5,
        "stdev": 2032563.75,
        "var": 4.13131551539e+12
    },
    "spectral_strongpeak": {
        "dmean": 0.47152146697,
        "dmean2": 0.747885048389,
        "dvar": 0.437243491411,
        "dvar2": 1.00487816334,
        "max": 5.96572065353,
        "mean": 1.00639045238,
        "median": 0.572431266308,
        "min": 0,
        "stdev": 1.01673436165,
        "var": 1.03374874592
    },
    "zerocrossingrate": {
        "dmean": 0.0140581158921,
        "dmean2": 0.0164298508316,
        "dvar": 0.00043761022971,
        "dvar2": 0.000494836771395,
        "max": 0.5068359375,
        "mean": 0.04983112216,
        "median": 0.04345703125,
        "min": 0.00146484375,
        "stdev": 0.0348596610129,
        "var": 0.00121519586537
    },
    "barkbands": {
        "dmean": [0.000240662775468, 0.00505970278755, 0.00193730602041, 0.00180086563341, 0.00264782388695, 0.00124336837325, 0.00216138339601, 0.0019285454182, 0.00108737626579, 0.000477874098578, 0.000215118328924, 0.000296216050629, 0.000223457347602, 0.000144500852912, 0.000218641478568, 0.000132329078042, 0.000106595274701, 0.000135324924486, 0.000124806698295, 0.000105348030047, 0.000177324793185, 0.000163514894666, 0.000138142859214, 0.000124653961393, 8.4186969616e-05, 4.88429541292e-05, 8.22088532004e-06],
        "dmean2": [0.000356650911272, 0.00669518532231, 0.00311761233024, 0.00345875998028, 0.00428131083027, 0.00195027061272, 0.00337608973496, 0.00294141774066, 0.00153552391566, 0.000699459575117, 0.000352299102815, 0.00046888369252, 0.000333383941324, 0.000217947133933, 0.00033667817479, 0.00020126956224, 0.000158496244694, 0.000196699067601, 0.000187963654753, 0.000146809295984, 0.000268624717137, 0.000252718251431, 0.000213471517782, 0.00019049574621, 0.000129907799419, 7.85575248301e-05, 1.5310719391e-05],
        "dvar": [4.1568114284e-07, 0.000192005274585, 5.009799861e-05, 5.55816986889e-05, 2.03684376174e-05, 6.15800217929e-06, 1.72436211869e-05, 1.97108347493e-05, 6.47240858598e-06, 8.42323515826e-07, 5.02678005887e-07, 6.66687412831e-07, 6.28035820682e-07, 1.15790200539e-07, 1.95633717226e-07, 7.63997931585e-08, 3.23162545612e-08, 6.21071123419e-08, 5.81684886924e-08, 4.05176514562e-08, 1.1482729434e-07, 9.1108496747e-08, 6.97639848113e-08, 5.75723504426e-08, 2.53731400335e-08, 1.2231519797e-08, 1.0140628337e-09],
        "dvar2": [7.93300728219e-07, 0.000321257597534, 0.000117292627692, 0.000164281038451, 5.22848204128e-05, 1.61465723068e-05, 4.0345807065e-05, 4.53461907455e-05, 1.18478019431e-05, 1.71399551618e-06, 1.29680779537e-06, 1.70057251125e-06, 1.51735764575e-06, 2.61289386572e-07, 4.93493416798e-07, 1.70253898091e-07, 7.77984752176e-08, 1.30954234123e-07, 1.31951296112e-07, 7.80694477953e-08, 2.63488743713e-07, 2.16153409838e-07, 1.60035227736e-07, 1.40742557164e-07, 5.75228540356e-08, 3.15385726424e-08, 2.90716961615e-09],
        "max": [0.0109658753499, 0.151950731874, 0.076204419136, 0.0601692274213, 0.0428905412555, 0.041368432343, 0.0425886437297, 0.0493683703244, 0.036732159555, 0.0175567232072, 0.010194901377, 0.0163982082158, 0.0145960366353, 0.00719425361603, 0.00654131174088, 0.00352250202559, 0.00227673072368, 0.00426323991269, 0.00297529902309, 0.00259417598136, 0.002925662091, 0.00260408804752, 0.00281028449535, 0.00245789508335, 0.00120806391351, 0.0013106194092, 0.000478053611005],
        "mean": [0.000485249067424, 0.00931398104876, 0.0018512646202, 0.00126425304916, 0.00414655916393, 0.00233475863934, 0.00351721653715, 0.00284093781374, 0.00175591208972, 0.000763989053667, 0.000233269995078, 0.000422746437835, 0.000309605471557, 0.000198129069759, 0.00032103311969, 0.000197592409677, 0.000174752378371, 0.000227822325542, 0.000189832528122, 0.000143541416037, 0.000193387109903, 0.000165584278875, 0.000148388382513, 0.000132453409606, 8.56308906805e-05, 4.75270717288e-05, 5.1212150538e-06],
        "median": [2.28593889915e-05, 0.00230869161896, 0.000249567470746, 0.000212379527511, 0.00259764119983, 0.00130945397541, 0.00120075419545, 0.000403268524678, 0.000435280409874, 0.00024308974389, 6.09396956861e-05, 0.000106829204015, 9.65737563092e-05, 7.40984687582e-05, 8.55953403516e-05, 5.98229416937e-05, 6.02631771471e-05, 5.69952280784e-05, 4.36557784269e-05, 4.40973053628e-05, 4.00060707761e-05, 3.69269691873e-05, 3.514639684e-05, 3.6023913708e-05, 2.17490487557e-05, 1.22803330669e-05, 3.3528309018e-07],
        "min": [7.49735297588e-24, 9.41106326763e-24, 3.38966336562e-23, 3.71855556977e-23, 5.92699849521e-23, 8.30586535289e-23, 2.71659398842e-23, 1.12965828261e-23, 1.61521150988e-22, 5.15851576043e-23, 6.54193576567e-23, 1.06277815019e-22, 9.15245005044e-23, 1.6948095947e-22, 8.88440647444e-23, 1.12059509122e-22, 2.47842249231e-22, 1.49405736854e-22, 2.80346928354e-22, 1.93930283278e-22, 5.04648381727e-22, 5.80192630262e-22, 7.45413829197e-22, 9.17264236526e-22, 1.19555204859e-21, 1.6619151047e-21, 2.37529436539e-21],
        "stdev": [0.00111119810026, 0.0206913519651, 0.00667254952714, 0.00550973741338, 0.00520657980815, 0.00311083439738, 0.00572734465823, 0.00585815543309, 0.00378008466214, 0.00151140789967, 0.000690015498549, 0.001015163376, 0.000944193569012, 0.000418506853748, 0.000579759886023, 0.000361236248864, 0.00027284049429, 0.000430790241808, 0.000350016693119, 0.000268151808996, 0.000381247984478, 0.000320512102917, 0.000283525063423, 0.000242350521148, 0.000170107276062, 0.000102163350675, 2.41089746851e-05],
        "var": [1.23476115732e-06, 0.000428132014349, 4.45229161414e-05, 3.03572069242e-05, 2.71084736596e-05, 9.67729101831e-06, 3.28024761984e-05, 3.43179854099e-05, 1.42890394272e-05, 2.28435396821e-06, 4.76121414295e-07, 1.03055663203e-06, 8.91501485967e-07, 1.75147988557e-07, 3.36121502187e-07, 1.3049162817e-07, 7.44419352827e-08, 1.85580233847e-07, 1.22511693235e-07, 7.1905397192e-08, 1.45350028902e-07, 1.02728016316e-07, 8.03864637078e-08, 5.87337751767e-08, 2.89364834316e-08, 1.04373505394e-08, 5.8124266511e-10]
    },
    "erbbands": {
        "dmean": [0.164850175381, 1.14208960533, 2.19770598412, 4.12246131897, 8.02635383606, 9.38972663879, 9.80223274231, 11.4652738571, 29.1985988617, 29.7609024048, 41.6940765381, 27.4549236298, 11.7331666946, 15.070110321, 9.7278881073, 11.6693725586, 10.767624855, 6.69737005234, 10.8356351852, 8.85605621338, 6.21302080154, 5.7056646347, 7.15850925446, 7.11554050446, 5.04458761215, 4.57157468796, 6.56122255325, 7.23931884766, 6.49985933304, 4.62410593033, 3.72030282021, 2.84922122955, 2.02752256393, 1.0494530201, 0.52744281292, 0.246175423265, 0.0832062885165, 0.0197951104492, 0.000815836363472, 2.73144942184e-05],
        "dmean2": [0.237063646317, 1.50873398781, 3.40302157402, 7.67695665359, 14.4186735153, 15.0561304092, 15.0479888916, 18.4151611328, 45.0668182373, 47.4086875916, 62.4243507385, 38.4811096191, 16.3770332336, 21.562833786, 15.8049812317, 18.2290458679, 15.9780788422, 9.96716022491, 16.3030052185, 14.011505127, 9.15552425385, 8.4515953064, 10.287156105, 10.4262237549, 7.61093425751, 6.26757287979, 9.60952186584, 11.3107461929, 10.0334806442, 7.21581363678, 5.67963600159, 4.32933092117, 3.16477155685, 1.62098348141, 0.825148224831, 0.387881100178, 0.134442433715, 0.0352034121752, 0.00148688943591, 4.26059668825e-05],
        "dvar": [0.215078681707, 11.1016988754, 57.7904281616, 232.784255981, 673.793334961, 226.624923706, 294.863739014, 665.002075195, 3997.08618164, 4015.7878418, 9000.6171875, 4100.26953125, 603.532226562, 1021.30706787, 760.708862305, 1362.96557617, 1401.58666992, 316.341796875, 489.106231689, 311.145233154, 170.037918091, 89.0808258057, 160.163391113, 200.166397095, 81.8707809448, 73.8976821899, 151.924423218, 215.438369751, 154.316589355, 73.6238937378, 46.9367790222, 24.2474861145, 21.7847557068, 3.99542784691, 1.10803544521, 0.260747015476, 0.0400362610817, 0.00358494371176, 8.68264942255e-06, 3.05072611617e-09],
        "dvar2": [0.432294040918, 18.490480423, 123.058563232, 674.855895996, 1925.94555664, 560.801696777, 604.472717285, 1795.29333496, 9300.24902344, 9796.09570312, 20720.1386719, 7501.72119141, 1190.54602051, 1859.0793457, 1971.3104248, 3417.50976562, 3296.65185547, 716.702453613, 1167.76330566, 767.031921387, 357.248382568, 212.117523193, 328.747253418, 463.342132568, 187.250091553, 135.107803345, 296.633483887, 536.346801758, 364.526306152, 175.405395508, 105.928970337, 56.5356483459, 56.1261024475, 8.98156070709, 2.61424279213, 0.655148983002, 0.104659311473, 0.00993477087468, 2.46982272074e-05, 7.93604026939e-09],
        "max": [5.35174274445, 37.4542922974, 89.6145477295, 119.157524109, 260.40423584, 142.311950684, 325.584320068, 443.777282715, 941.617614746, 780.140563965, 1163.23999023, 862.995605469, 505.352844238, 688.762512207, 457.327331543, 819.325317383, 750.415771484, 416.743652344, 343.822845459, 195.804443359, 214.344543457, 125.096801758, 203.29095459, 158.135223389, 148.129348755, 121.788063049, 131.394424438, 111.577713013, 116.480644226, 69.5281600952, 72.6249313354, 32.1939811707, 59.5487327576, 17.0423927307, 10.0771980286, 5.64538955688, 2.16653800011, 0.719199955463, 0.0379362255335, 0.000669812900014],
        "mean": [0.319228291512, 1.86134564877, 2.51092433929, 3.2645740509, 7.94045591354, 14.3950557709, 19.7558689117, 20.6205329895, 50.2705841064, 42.4991760254, 66.9281082153, 45.4729423523, 19.1443080902, 25.5990524292, 12.7730941772, 17.5986652374, 15.3803129196, 10.3386116028, 16.9932880402, 13.2842063904, 9.84208106995, 9.50943851471, 13.0764389038, 11.4380884171, 7.87083387375, 6.57101392746, 7.74341392517, 7.38689470291, 6.58022069931, 4.71484994888, 4.03593587875, 3.01344585419, 2.0812356472, 1.08773350716, 0.534799933434, 0.250284224749, 0.0772923305631, 0.0145140457898, 0.000557359890081, 4.95009080623e-05],
        "median": [0.0678747147322, 0.411941289902, 0.467389822006, 0.582628130913, 3.11716651917, 7.64386606216, 10.2156877518, 12.550901413, 18.9203548431, 16.2981109619, 14.5089635849, 12.7863492966, 7.45235061646, 8.46230125427, 4.9516377449, 4.39960432053, 4.91775178909, 3.84781265259, 5.58248138428, 4.20181798935, 3.05639195442, 3.58198428154, 3.76724815369, 2.33669948578, 2.46417093277, 1.98822772503, 1.58156955242, 1.50590837002, 1.37561869621, 1.12336230278, 0.90158033371, 0.776616096497, 0.543609559536, 0.279002994299, 0.134244397283, 0.0700045526028, 0.0185349732637, 0.00220822612755, 7.79189504101e-05, 3.50173577317e-05],
        "min": [9.80946957921e-23, 3.28490364715e-21, 3.18743967784e-20, 9.98001810098e-20, 1.16130406512e-19, 2.40771829443e-19, 2.69216864649e-19, 8.19556333751e-19, 5.98840919975e-19, 2.48174992528e-19, 1.32442731309e-18, 3.82602135297e-18, 1.50822136513e-18, 1.8381402845e-18, 3.16142308981e-18, 4.15812320197e-18, 4.62148413852e-18, 8.44212261365e-18, 4.40785730071e-18, 6.1611096224e-18, 7.47109694694e-18, 1.47844621316e-17, 7.10652122786e-18, 1.25589814972e-17, 1.5226727481e-17, 9.90608423254e-18, 1.94145460534e-17, 1.76005902552e-17, 2.13262249691e-17, 1.96483751233e-17, 2.34464923655e-17, 2.07833182089e-17, 1.41043310709e-17, 1.21018666014e-17, 8.73450283605e-18, 7.15199382767e-18, 2.68955170553e-18, 1.27309382845e-18, 3.33008438953e-19, 3.69988323719e-20],
        "stdev": [0.682406783104, 4.60038137436, 7.97468185425, 11.7089567184, 20.7498340607, 19.4074707031, 30.5501155853, 28.5017032623, 87.6803436279, 76.4476547241, 130.147171021, 97.38697052, 32.7402610779, 54.9169387817, 27.5718383789, 47.0165061951, 46.3213806152, 23.294298172, 31.0642490387, 22.2326564789, 17.5812282562, 13.8301486969, 22.5533504486, 22.0526256561, 13.0358753204, 12.0703783035, 15.3989658356, 15.0617313385, 13.1326417923, 8.97312450409, 7.5949010849, 5.30614852905, 4.33365058899, 2.14747667313, 1.07888245583, 0.497553706169, 0.179900243878, 0.0481305904686, 0.00226473715156, 5.78921717533e-05],
        "var": [0.46567901969, 21.1635074615, 63.5955505371, 137.09967041, 430.555633545, 376.649932861, 933.309570312, 812.347045898, 7687.84228516, 5844.24414062, 16938.2871094, 9484.22167969, 1071.92480469, 3015.87011719, 760.206298828, 2210.55200195, 2145.67041016, 542.624328613, 964.987548828, 494.291046143, 309.099609375, 191.273025513, 508.653625488, 486.31829834, 169.934036255, 145.694030762, 237.128143311, 226.855758667, 172.466278076, 80.516960144, 57.6825256348, 28.155210495, 18.7805271149, 4.61165571213, 1.16398739815, 0.247559681535, 0.0323640964925, 0.00231655361131, 5.1290344345e-06, 3.35150351916e-09]
    },
    "gfcc": {
        "mean": [-18.6917171478, 91.1482162476, -100.749816895, 19.7944126129, -70.951789856, 7.01114606857, -44.8044662476, 9.55939006805, -20.3259029388, 8.08563327789, -14.0165281296, 4.75044727325, -10.0172071457],
        "cov": [[9271.71191406, -1537.51965332, 76.598777771, 614.488891602, -645.257629395, 200.206512451, -36.4383735657, 493.932312012, -207.239135742, 185.427764893, -283.733154297, 144.935897827, -135.056884766], [-1537.51965332, 1517.33666992, 114.694976807, -94.4107818604, 433.442382812, 35.0896034241, 268.524261475, 20.7360401154, 240.936767578, -5.99642038345, 230.278564453, -19.8164825439, 122.431091309], [76.598777771, 114.694976807, 1152.93261719, 473.829345703, 158.876937866, 340.275817871, 173.918319702, 76.099029541, 127.698478699, 82.4967041016, 45.7741088867, 126.235656738, -20.8613471985], [614.488891602, -94.4107818604, 473.829345703, 679.375244141, 199.402252197, 193.568237305, 92.2611618042, 118.396209717, 111.423324585, 92.5301742554, 34.0865898132, 53.5631332397, 57.0006065369], [-645.257629395, 433.442382812, 158.876937866, 199.402252197, 459.09286499, 106.512756348, 143.19480896, 89.122428894, 136.17678833, 54.6864585876, 113.677864075, -4.4690246582, 69.1908798218], [200.206512451, 35.0896034241, 340.275817871, 193.568237305, 106.512756348, 305.158355713, 142.765655518, 64.6220092773, 74.820854187, 57.7426757812, 39.0409088135, 39.0275344849, -4.18291950226], [-36.4383735657, 268.524261475, 173.918319702, 92.2611618042, 143.19480896, 142.765655518, 284.335296631, 102.718650818, 71.0137939453, 58.7580375671, 95.1722717285, 48.0976524353, 38.5949478149], [493.932312012, 20.7360401154, 76.099029541, 118.396209717, 89.122428894, 64.6220092773, 102.718650818, 223.538360596, 84.4030227661, 46.7656364441, 33.6651535034, 31.1504745483, 20.0994129181], [-207.239135742, 240.936767578, 127.698478699, 111.423324585, 136.17678833, 74.820854187, 71.0137939453, 84.4030227661, 236.46673584, 56.4630470276, 37.3449249268, 14.9430332184, 44.0698928833], [185.427764893, -5.99642038345, 82.4967041016, 92.5301742554, 54.6864585876, 57.7426757812, 58.7580375671, 46.7656364441, 56.4630470276, 112.856567383, 42.0361976624, 16.5418643951, 24.1395778656], [-283.733154297, 230.278564453, 45.7741088867, 34.0865898132, 113.677864075, 39.0409088135, 95.1722717285, 33.6651535034, 37.3449249268, 42.0361976624, 151.426177979, 38.6572647095, 37.9186325073], [144.935897827, -19.8164825439, 126.235656738, 53.5631332397, -4.4690246582, 39.0275344849, 48.0976524353, 31.1504745483, 14.9430332184, 16.5418643951, 38.6572647095, 102.924293518, 18.3300094604], [-135.056884766, 122.431091309, -20.8613471985, 57.0006065369, 69.1908798218, -4.18291950226, 38.5949478149, 20.0994129181, 44.0698928833, 24.1395778656, 37.9186325073, 18.3300094604, 108.177894592]],
        "icov": [[0.000213781837374, -6.74675247865e-05, 0.000152040956891, -0.000287867878797, 0.000370989961084, -0.000180749106221, 9.24321138882e-05, -0.000581610540394, 0.000355161027983, -0.000461932533653, 0.000426771555794, -0.000309353665216, 0.000216287255171], [-6.74675247865e-05, 0.00190942350309, -0.000563955458347, 0.000920829712413, -0.00106933771167, 0.000781279348303, -0.0013559582876, 0.000932692957576, -0.00172544911038, 0.00194049056154, -0.00206768931821, 0.00159312586766, -0.00108982354868], [0.000152040956891, -0.000563955458347, 0.00208175228909, -0.00132487050723, 0.000347226654412, -0.00144368119072, 0.000135906826472, -1.0808334082e-05, 0.000271632423392, -0.000796749664005, 0.00117533479352, -0.00233148178086, 0.00165344332345], [-0.000287867878797, 0.000920829712413, -0.00132487050723, 0.00346360122785, -0.00163109402638, -6.26906694379e-05, 7.68952158978e-05, 0.000225179246627, -0.000885325833224, 0.000384930201108, -0.000786104006693, 0.000995005830191, -0.00212879106402], [0.000370989961084, -0.00106933771167, 0.000347226654412, -0.00163109402638, 0.0050615305081, -0.000858042563777, 7.54492502892e-05, -0.00171281327493, 0.000236902051256, -0.000901535502635, -0.000705011188984, 0.00113747117575, -0.000220366360736], [-0.000180749106221, 0.000781279348303, -0.00144368119072, -6.26906694379e-05, -0.000858042563777, 0.00668128626421, -0.00284777628258, 0.000961829908192, -0.00140883401036, 0.000173758526216, -0.000760045950301, 0.000974445836619, 0.000925665546674], [9.24321138882e-05, -0.0013559582876, 0.000135906826472, 7.68952158978e-05, 7.54492502892e-05, -0.00284777628258, 0.00765991210938, -0.0026931851171, 0.00166321150027, -0.00207498273812, -0.000605002685916, -0.00188189605251, -0.00043872196693], [-0.000581610540394, 0.000932692957576, -1.0808334082e-05, 0.000225179246627, -0.00171281327493, 0.000961829908192, -0.0026931851171, 0.00833388697356, -0.00313568161801, 0.00112885143608, -0.00122170371469, -9.55337382038e-05, 0.00011263932538], [0.000355161027983, -0.00172544911038, 0.000271632423392, -0.000885325833224, 0.000236902051256, -0.00140883401036, 0.00166321150027, -0.00313568161801, 0.0081757362932, -0.00392445363104, 0.00282756239176, -0.00151941215154, -0.000490303908009], [-0.000461932533653, 0.00194049056154, -0.000796749664005, 0.000384930201108, -0.000901535502635, 0.000173758526216, -0.00207498273812, 0.00112885143608, -0.00392445363104, 0.0149767650291, -0.00531051820144, 0.00290686055087, -0.00238980748691], [0.000426771555794, -0.00206768931821, 0.00117533479352, -0.000786104006693, -0.000705011188984, -0.000760045950301, -0.000605002685916, -0.00122170371469, 0.00282756239176, -0.00531051820144, 0.0139186261222, -0.00600408064201, 0.000549880904146], [-0.000309353665216, 0.00159312586766, -0.00233148178086, 0.000995005830191, 0.00113747117575, 0.000974445836619, -0.00188189605251, -9.55337382038e-05, -0.00151941215154, 0.00290686055087, -0.00600408064201, 0.0160757191479, -0.00381287373602], [0.000216287255171, -0.00108982354868, 0.00165344332345, -0.00212879106402, -0.000220366360736, 0.000925665546674, -0.00043872196693, 0.00011263932538, -0.000490303908009, -0.00238980748691, 0.000549880904146, -0.00381287373602, 0.0136867007241]]
    },
    "melbands": {
        "dmean": [0.00143916415982, 0.00112643907778, 0.00081285770284, 0.000603398540989, 0.000352235598257, 0.000256368424743, 0.000438687973656, 0.00035514641786, 0.00031188907451, 0.000158692550031, 5.93003751419e-05, 6.60654768581e-05, 3.25046821672e-05, 3.48301036865e-05, 2.93048924505e-05, 1.79452999873e-05, 1.28610718093e-05, 1.71403717104e-05, 1.46184356709e-05, 1.07152573037e-05, 7.06090986569e-06, 5.49551305085e-06, 7.29561179469e-06, 7.59768181524e-06, 6.04462411502e-06, 4.57788337371e-06, 2.93914763461e-06, 3.23892572851e-06, 4.28107159678e-06, 3.98668908019e-06, 4.45899468104e-06, 3.69040435544e-06, 3.20145477417e-06, 2.58598606706e-06, 2.21622894969e-06, 2.01853367798e-06, 1.62678657034e-06, 1.5342155848e-06, 1.19948026622e-06, 7.89409511981e-07],
        "dmean2": [0.00193129968829, 0.00154326739721, 0.00150744104758, 0.0010104276007, 0.000548599753529, 0.00040930241812, 0.000684181286488, 0.00056253245566, 0.000464120588731, 0.000223708120757, 8.38234045659e-05, 9.51186593738e-05, 5.34349346708e-05, 5.45660368516e-05, 4.43454664492e-05, 2.74337944575e-05, 1.93489722733e-05, 2.57410556515e-05, 2.32279908232e-05, 1.64556167874e-05, 1.06034576675e-05, 8.28543852549e-06, 1.1137052752e-05, 1.09231968963e-05, 9.16254884942e-06, 6.99401834936e-06, 4.42185501015e-06, 4.46958210887e-06, 6.29085525361e-06, 6.13473275735e-06, 7.09137930244e-06, 5.73614170207e-06, 5.07089907842e-06, 4.13217139794e-06, 3.45824855685e-06, 3.08528888127e-06, 2.50054131357e-06, 2.43601016336e-06, 1.90197727079e-06, 1.2114871879e-06],
        "dvar": [1.55810030265e-05, 1.02328576759e-05, 8.99346377992e-06, 1.37341726258e-06, 3.54627076149e-07, 3.40351022032e-07, 8.33148874335e-07, 5.43629710137e-07, 4.32172697629e-07, 1.47566709074e-07, 1.63899258609e-08, 1.92859399561e-08, 1.06357944674e-08, 8.43465208789e-09, 1.03446442523e-08, 2.96982127779e-09, 1.4800705106e-09, 1.17790610599e-09, 9.17379949783e-10, 5.15262443823e-10, 2.37041414275e-10, 9.13215753018e-11, 1.67780775384e-10, 2.79713474605e-10, 1.67165434273e-10, 7.95811819221e-11, 2.5850767707e-11, 4.18004138247e-11, 6.78769679352e-11, 5.78599113066e-11, 9.14980591293e-11, 5.3259081173e-11, 3.78178877103e-11, 2.53243554599e-11, 1.79599928679e-11, 1.38006871556e-11, 7.90261779626e-12, 1.66761725956e-11, 6.00095667602e-12, 2.28110520924e-12],
        "dvar2": [2.81333614112e-05, 1.75989662239e-05, 2.6045656341e-05, 3.72645149582e-06, 7.47443266391e-07, 9.04573482785e-07, 1.94960966837e-06, 1.32173727252e-06, 9.75465013653e-07, 2.7577129913e-07, 3.26145013219e-08, 3.59147911411e-08, 2.7496929178e-08, 2.09521040517e-08, 2.64683777118e-08, 7.20942994192e-09, 3.46131279194e-09, 2.74444134085e-09, 2.46209230781e-09, 1.19516374575e-09, 5.12210163173e-10, 2.15206172327e-10, 4.3077233447e-10, 5.24363830134e-10, 4.07337746866e-10, 1.90371760023e-10, 5.7459884073e-11, 7.71802691202e-11, 1.32218680449e-10, 1.37165112601e-10, 2.31784452742e-10, 1.25746468793e-10, 9.30830482138e-11, 5.98205096569e-11, 4.03171350472e-11, 3.25471663509e-11, 1.85353277865e-11, 4.48307294065e-11, 1.46635065201e-11, 5.01809401324e-12],
        "max": [0.0451290234923, 0.0350822508335, 0.022944547236, 0.0113054905087, 0.0106481909752, 0.0110040456057, 0.0124847022817, 0.00791162159294, 0.0078903157264, 0.00544185051695, 0.00265906844288, 0.00299165351316, 0.00152152322698, 0.00150343636051, 0.00190436502453, 0.000987161998637, 0.00091412034817, 0.000485349766677, 0.000355000549462, 0.000360185047612, 0.000230182791711, 0.000109249383968, 0.000209321864531, 0.000332033465384, 0.000140005387948, 0.000161448508152, 6.43554885755e-05, 9.65467988863e-05, 8.94129043445e-05, 7.98569453764e-05, 7.87465178291e-05, 6.77609568811e-05, 4.85540003865e-05, 4.24228674092e-05, 4.41434312961e-05, 3.37664387189e-05, 2.16431599256e-05, 5.95553246967e-05, 2.18611330638e-05, 1.21922639664e-05],
        "mean": [0.00272948038764, 0.00166515540332, 0.000690989487339, 0.000825920375064, 0.000696918345056, 0.000460535404272, 0.000755425426178, 0.000495192361996, 0.000517299224157, 0.000250835204497, 9.18310324778e-05, 0.0001107935459, 3.84509876312e-05, 4.97671535413e-05, 3.94575363316e-05, 2.5694447686e-05, 1.82324474736e-05, 2.63966703642e-05, 1.9914121367e-05, 1.55451743922e-05, 1.03553311419e-05, 8.55560119817e-06, 1.15401235234e-05, 1.30319012897e-05, 8.76393460203e-06, 6.69867495162e-06, 4.35297852164e-06, 4.37430617239e-06, 5.02681996295e-06, 4.27172699347e-06, 4.33133118349e-06, 3.72783324565e-06, 3.10138557325e-06, 2.62211187874e-06, 2.41971770265e-06, 2.04900811696e-06, 1.73207092757e-06, 1.55124178036e-06, 1.16494106805e-06, 8.27066401143e-07],
        "median": [0.000664988183416, 0.000431943422882, 0.000184595264727, 0.000433286302723, 0.000382588565117, 0.000279607833363, 0.000292249402264, 0.000157579488587, 0.000103546160972, 6.18356862105e-05, 3.11146650347e-05, 3.42248567904e-05, 1.36055641633e-05, 1.2504762708e-05, 1.10131913971e-05, 8.8687202151e-06, 6.57081500322e-06, 8.56522729009e-06, 5.42223415323e-06, 4.41626252723e-06, 3.03730189444e-06, 3.0618521123e-06, 4.41605789092e-06, 2.58402565123e-06, 1.57295187364e-06, 1.75222271537e-06, 1.55048041961e-06, 1.12663667551e-06, 9.06717161797e-07, 8.58397527281e-07, 7.41606754673e-07, 7.56605913921e-07, 6.26112807822e-07, 5.31253306235e-07, 5.36106711024e-07, 4.25058573228e-07, 4.35302922597e-07, 3.9364763893e-07, 2.45772014296e-07, 1.96294294597e-07],
        "min": [2.26207994497e-24, 1.31943139513e-23, 1.6364209504e-23, 1.42938109261e-23, 8.90800982382e-24, 1.79179941191e-23, 8.61405737356e-24, 2.01818564953e-24, 1.77450190107e-23, 2.12343653647e-23, 7.08106870961e-24, 7.25787847088e-24, 9.35637232993e-24, 1.15765322064e-23, 9.43429206585e-24, 1.1436479419e-23, 1.62944521119e-23, 7.28360638045e-24, 7.4662923666e-24, 8.29843412539e-24, 8.43257676688e-24, 1.73462009138e-23, 6.40644866854e-24, 7.87321048734e-24, 1.02663052403e-23, 1.03892429015e-23, 8.5382210193e-24, 5.85403738117e-24, 1.16095854783e-23, 1.30283344614e-23, 8.87051526499e-24, 1.18196402047e-23, 1.1514954513e-23, 1.06766927713e-23, 1.32340867404e-23, 1.07456912792e-23, 1.4666132763e-23, 1.10526157582e-23, 8.08522947739e-24, 1.03739800207e-23],
        "stdev": [0.00588116329163, 0.00426385737956, 0.00230779103003, 0.00117392127868, 0.0010030977428, 0.000642183062155, 0.00127324101049, 0.000892405107152, 0.000928471738007, 0.000560088490602, 0.000168492930243, 0.000238734850427, 0.000100579134596, 0.000117521412903, 0.00010965691763, 6.6232511017e-05, 4.66918281745e-05, 4.82254436065e-05, 3.48894900526e-05, 2.89848558168e-05, 1.96233741008e-05, 1.30321595861e-05, 1.79408016265e-05, 2.95929476124e-05, 1.78538030013e-05, 1.21166476674e-05, 7.18995715943e-06, 8.70070925885e-06, 1.02607391455e-05, 8.40223128762e-06, 9.47494936554e-06, 7.70851875131e-06, 6.17140494796e-06, 5.20159892403e-06, 4.68992038805e-06, 3.92998254028e-06, 3.01976524497e-06, 3.56693885806e-06, 2.41578936766e-06, 1.65889116488e-06],
        "var": [3.45880835084e-05, 1.81804789463e-05, 5.32589956492e-06, 1.37809104217e-06, 1.00620502508e-06, 4.12399060679e-07, 1.62114270097e-06, 7.96386871116e-07, 8.62059778228e-07, 3.13699104026e-07, 2.83898664577e-08, 5.69943310325e-08, 1.01161630184e-08, 1.38112827841e-08, 1.20246399504e-08, 4.38674563341e-09, 2.18012696784e-09, 2.32569341563e-09, 1.2172763908e-09, 8.40121916479e-10, 3.85076831533e-10, 1.69837172104e-10, 3.21872334341e-10, 8.75742534046e-10, 3.18758269779e-10, 1.46813158852e-10, 5.16954846985e-11, 7.57023471687e-11, 1.05282768614e-10, 7.05974931292e-11, 8.9774673806e-11, 5.94212665184e-11, 3.80862390237e-11, 2.7056631241e-11, 2.199535519e-11, 1.54447617889e-11, 9.11898161149e-12, 1.27230535135e-11, 5.8360378162e-12, 2.7519197858e-12]
    },
    "melbands128": {
