{
"lowlevel": {
    "average_loudness": 0.960300564766,
    "barkbands_crest": {
        "dmean": 2.46150994301,
        "dmean2": 3.8619685173,
        "dvar": 4.88776683807,
        "dvar2": 11.0916442871,
        "max": 23.8403511047,
        "mean": 10.7168703079,
        "median": 9.7467880249,
        "min": 3.51796507835,
        "stdev": 4.2125415802,
        "var": 17.745508194
    },
    "barkbands_flatness_db": {
        "dmean": 0.0273219216615,
        "dmean2": 0.0399031862617,
        "dvar": 0.000988536980003,
        "dvar2": 0.00177459139377,
        "max": 0.413662523031,
        "mean": 0.172438979149,
        "median": 0.158410653472,
        "min": 0.0432173237205,
        "stdev": 0.0682328864932,
        "var": 0.00465572671965
    },
    "barkbands_kurtosis": {
        "dmean": 2.60492348671,
        "dmean2": 4.08404827118,
        "dvar": 16.5369129181,
        "dvar2": 32.5097961426,
        "max": 82.5100708008,
        "mean": 3.17892813683,
        "median": 1.00499105453,
        "min": -1.93191921711,
        "stdev": 6.14502286911,
        "var": 37.7613067627
    },
    "barkbands_skewness": {
        "dmean": 0.620278358459,
        "dmean2": 0.912944376469,
        "dvar": 0.390445202589,
        "dvar2": 0.776679337025,
        "max": 7.71719312668,
        "mean": 1.0892611742,
        "median": 0.986175119877,
        "min": -1.99092853069,
        "stdev": 1.20028817654,
        "var": 1.44069159031
    },
    "barkbands_spread": {
        "dmean": 8.25389862061,
        "dmean2": 12.4004249573,
        "dvar": 176.516235352,
        "dvar2": 348.147521973,
        "max": 120.376945496,
        "mean": 21.8303394318,
        "median": 16.4697284698,
        "min": 1.54005277157,
        "stdev": 18.9125957489,
        "var": 357.686279297
    },
    "dissonance": {
        "dmean": 0.0387768186629,
        "dmean2": 0.0642241388559,
        "dvar": 0.00151617021766,
        "dvar2": 0.00401303777471,
        "max": 0.499730437994,
        "mean": 0.434297531843,
        "median": 0.453523546457,
        "min": 0.163985922933,
        "stdev": 0.0563626363873,
        "var": 0.00317674665712
    },
    "dynamic_complexity": 3.02063202858,
    "erbbands_crest": {
        "dmean": 2.9382584095,
        "dmean2": 4.73281431198,
        "dvar": 6.24160766602,
        "dvar2": 15.7303733826,
        "max": 28.6294746399,
        "mean": 10.7980184555,
        "median": 10.0294246674,
        "min": 2.86300468445,
        "stdev": 4.47614479065,
        "var": 20.0358734131
    },
    "erbbands_flatness_db": {
        "dmean": 0.0266894586384,
        "dmean2": 0.038463242352,
        "dvar": 0.000770523271058,
        "dvar2": 0.00161166081671,
        "max": 0.349079489708,
        "mean": 0.193771600723,
        "median": 0.190720096231,
        "min": 0.0606035999954,
        "stdev": 0.0602293349802,
        "var": 0.00362757290713
    },
    "erbbands_kurtosis": {
        "dmean": 2.01149320602,
        "dmean2": 2.93711161613,
        "dvar": 8.19059181213,
        "dvar2": 15.7324886322,
        "max": 44.9605636597,
        "mean": 2.98227524757,
        "median": 0.706498861313,
        "min": -1.82493448257,
        "stdev": 5.66371917725,
        "var": 32.0777168274
    },
    "erbbands_skewness": {
        "dmean": 0.516600549221,
        "dmean2": 0.791672468185,
        "dvar": 0.25634354353,
        "dvar2": 0.574691176414,
        "max": 4.28087329865,
        "mean": 0.281640022993,
        "median": 0.180677875876,
        "min": -2.84281778336,
        "stdev": 0.902758955956,
        "var": 0.814973771572
    },
    "erbbands_spread": {
        "dmean": 10.8175573349,
        "dmean2": 16.5119686127,
        "dvar": 261.758728027,
        "dvar2": 612.875305176,
        "max": 139.383987427,
        "mean": 29.8774204254,
        "median": 23.0105419159,
        "min": 2.14532184601,
        "stdev": 24.2130432129,
        "var": 586.271484375
    },
    "hfc": {
        "dmean": 11.0607967377,
        "dmean2": 16.0579853058,
        "dvar": 209.306259155,
        "dvar2": 464.628387451,
        "max": 193.803863525,
        "mean": 26.9093856812,
        "median": 24.0840015411,
        "min": 1.23716732303e-16,
        "stdev": 21.7832317352,
        "var": 474.509185791
    },
    "loudness_ebu128": {
        "integrated": -11.4647808075,
        "loudness_range": 2.12773227692,
        "momentary": {
            "dmean": 0.674153268337,
            "dmean2": 0.741225540638,
            "dvar": 0.272610247135,
            "dvar2": 0.387004166842,
            "max": -8.56852245331,
            "mean": -11.6946544647,
            "median": -11.4514837265,
            "min": -19.7671718597,
            "stdev": 1.51274359226,
            "var": 2.28839325905
        },
        "short_term": {
            "dmean": 0.0722549110651,
            "dmean2": 0.0872358679771,
            "dvar": 0.00282277050428,
            "dvar2": 0.00436867820099,
            "max": -10.0050497055,
            "mean": -11.4684906006,
            "median": -11.3244609833,
            "min": -13.1020011902,
            "stdev": 0.705288290977,
            "var": 0.497431576252
        }
    },
    "melbands_crest": {
        "dmean": 3.08974027634,
        "dmean2": 4.87356472015,
        "dvar": 8.17925834656,
        "dvar2": 18.9480171204,
        "max": 28.605884552,
        "mean": 14.2847833633,
        "median": 13.4730043411,
        "min": 1.72603440285,
        "stdev": 4.98095369339,
        "var": 24.8098983765
    },
    "melbands_flatness_db": {
        "dmean": 0.0349372662604,
        "dmean2": 0.0478794164956,
        "dvar": 0.00162102410104,
        "dvar2": 0.00269641005434,
        "max": 0.555759429932,
        "mean": 0.243573635817,
        "median": 0.229862228036,
        "min": 0.0090104425326,
        "stdev": 0.0903168767691,
        "var": 0.00815713778138
    },
    "melbands_kurtosis": {
        "dmean": 5.23242807388,
        "dmean2": 8.17106056213,
        "dvar": 61.9528274536,
        "dvar2": 128.804214478,
        "max": 112.865615845,
        "mean": 8.16930198669,
        "median": 4.24497175217,
        "min": -1.71367990971,
        "stdev": 12.0482988358,
        "var": 145.161499023
    },
    "melbands_skewness": {
        "dmean": 0.730855584145,
        "dmean2": 1.05467176437,
        "dvar": 0.597030282021,
        "dvar2": 1.1621158123,
        "max": 8.45877933502,
        "mean": 1.92366480827,
        "median": 1.75508356094,
        "min": -1.20058393478,
        "stdev": 1.60236740112,
        "var": 2.56758117676
    },
    "melbands_spread": {
        "dmean": 9.65062332153,
        "dmean2": 14.579621315,
        "dvar": 331.19909668,
        "dvar2": 715.185302734,
        "max": 227.043731689,
        "mean": 24.7310199738,
        "median": 21.0792198181,
        "min": 1.25555932522,
        "stdev": 21.2396011353,
        "var": 451.120635986
    },
    "pitch_salience": {
        "dmean": 0.0692782700062,
        "dmean2": 0.11100871861,
        "dvar": 0.00335591239855,
        "dvar2": 0.00814398750663,
        "max": 0.844986498356,
        "mean": 0.556475281715,
        "median": 0.566447973251,
        "min": 0.194677680731,
        "stdev": 0.110566101968,
        "var": 0.0122248632833
    },
    "silence_rate_20dB": {
        "dmean": 0,
        "dmean2": 0,
        "dvar": 0,
        "dvar2": 0,
        "max": 1,
        "mean": 1,
        "median": 1,
        "min": 1,
        "stdev": 0,
        "var": 0
    },
    "silence_rate_30dB": {
        "dmean": 0,
        "dmean2": 0,
        "dvar": 0,
        "dvar2": 0,
        "max": 1,
        "mean": 1,
        "median": 1,
        "min": 1,
        "stdev": 0,
        "var": 0
    },
    "silence_rate_60dB": {
        "dmean": 0.0162538699806,
        "dmean2": 0.0317583270371,
        "dvar": 0.0159902647138,
        "dvar2": 0.0369455777109,
        "max": 1,
        "mean": 0.0247486457229,
        "median": 0,
        "min": 0,
        "stdev": 0.155357405543,
        "var": 0.0241359248757
    },
    "spectral_centroid": {
        "dmean": 313.963806152,
        "dmean2": 457.365814209,
        "dvar": 277170.5625,
        "dvar2": 498825.96875,
        "max": 11107.8369141,
        "mean": 1105.03564453,
        "median": 985.295166016,
        "min": 236.711624146,
        "stdev": 685.10534668,
        "var": 469369.3125
    },
    "spectral_complexity": {
        "dmean": 3.59133124352,
        "dmean2": 5.26026344299,
        "dvar": 12.8205623627,
        "dvar2": 25.5821552277,
        "max": 41,
        "mean": 15.6411447525,
        "median": 15,
        "min": 0,
        "stdev": 6.68582630157,
        "var": 44.7002716064
    },
    "spectral_decrease": {
        "dmean": 2.01139660483e-09,
        "dmean2": 2.80336975855e-09,
        "dvar": 5.56773036922e-18,
        "dvar2": 9.73824349599e-18,
        "max": 7.91214511984e-29,
        "mean": -7.54923767943e-09,
        "median": -6.5745195954e-09,
        "min": -2.28792700341e-08,
        "stdev": 4.88175855295e-09,
        "var": 2.38315664473e-17
    },
    "spectral_energy": {
        "dmean": 0.00831967499107,
        "dmean2": 0.011580388993,
        "dvar": 9.27411165321e-05,
        "dvar2": 0.000163771488587,
        "max": 0.0937042459846,
        "mean": 0.0309333354235,
        "median": 0.0270571168512,
        "min": 1.09228521341e-20,
        "stdev": 0.0198641717434,
        "var": 0.000394585338654
    },
    "spectral_energyband_high": {
        "dmean": 0.000611511350144,
        "dmean2": 0.000944292987697,
        "dvar": 2.0886366201e-06,
        "dvar2": 4.85530335936e-06,
        "max": 0.0205351207405,
        "mean": 0.000795571831986,
        "median": 0.000290260766633,
        "min": 7.88763566096e-21,
        "stdev": 0.00154638756067,
        "var": 2.39131441049e-06
    },
    "spectral_energyband_low": {
        "dmean": 0.0011602723971,
        "dmean2": 0.00192706438247,
        "dvar": 2.48568358074e-06,
        "dvar2": 5.86265650782e-06,
        "max": 0.0289070233703,
        "mean": 0.00816112104803,
        "median": 0.00882257241756,
        "min": 7.24229973018e-23,
        "stdev": 0.00658337119967,
        "var": 4.33407767559e-05
    },
    "spectral_energyband_middle_high": {
        "dmean": 0.00500374520198,
        "dmean2": 0.0066816713661,
        "dvar": 5.23164599144e-05,
        "dvar2": 8.34354577819e-05,
        "max": 0.0727827697992,
        "mean": 0.0112829068676,
        "median": 0.00564538221806,
        "min": 1.5962579465e-21,
        "stdev": 0.0143225686625,
        "var": 0.000205135977012
    },
    "spectral_energyband_middle_low": {
        "dmean": 0.00503687001765,
        "dmean2": 0.00761584145948,
        "dvar": 3.75344789063e-05,
        "dvar2": 7.78829271439e-05,
        "max": 0.0520773679018,
        "mean": 0.0116979936138,
        "median": 0.00939694978297,
        "min": 2.30946438985e-22,
        "stdev": 0.00939209666103,
        "var": 8.82114836713e-05
    },
    "spectral_entropy": {
        "dmean": 0.276719421148,
        "dmean2": 0.408681422472,
        "dvar": 0.0941725671291,
        "dvar2": 0.168377757072,
        "max": 9.79487895966,
        "mean": 7.22959947586,
        "median": 7.20206785202,
        "min": 5.94370412827,
        "stdev": 0.577903091908,
        "var": 0.333971977234
    },
    "spectral_flux": {
        "dmean": 0.0325943268836,
        "dmean2": 0.0517136417329,
        "dvar": 0.00100629776716,
        "dvar2": 0.00221696821973,
        "max": 0.307548999786,
        "mean": 0.0943432971835,
        "median": 0.0876193195581,
        "min": 1.04512447308e-10,
        "stdev": 0.0512194409966,
        "var": 0.00262343115173
    },
    "spectral_kurtosis": {
        "dmean": 5.300573349,
        "dmean2": 8.24795246124,
        "dvar": 80.0033340454,
        "dvar2": 169.542755127,
        "max": 135.25201416,
        "mean": 10.7616357803,
        "median": 6.49718379974,
        "min": -1.31505954266,
        "stdev": 14.9002027512,
        "var": 222.016052246
    },
    "spectral_rms": {
        "dmean": 0.000761720002629,
        "dmean2": 0.00105443224311,
        "dvar": 7.2737083201e-07,
        "dvar2": 1.22361723243e-06,
        "max": 0.00956131704152,
        "mean": 0.00517082260922,
        "median": 0.00513781933114,
        "min": 3.26442041801e-12,
        "stdev": 0.00185511598829,
        "var": 3.44145541931e-06
    },
    "spectral_rolloff": {
        "dmean": 747.181030273,
        "dmean2": 1246.74328613,
        "dvar": 3068579.5,
        "dvar2": 6244287.5,
        "max": 19078.4179688,
        "mean": 1665.23400879,
        "median": 1141.25976562,
        "min": 86.1328125,
        "stdev": 1987.14709473,
        "var": 3948753.75
    },
    "spectral_skewness": {
        "dmean": 0.539835751057,
        "dmean2": 0.805637776852,
        "dvar": 0.392999440432,
        "dvar2": 0.824035584927,
        "max": 8.46602916718,
        "mean": 2.32937145233,
        "median": 2.1709382534,
        "min": 0.00239943386987,
        "stdev": 1.16831088066,
        "var": 1.36495041847
    },
    "spectral_spread": {
        "dmean": 1172590.75,
        "dmean2": 1713589.5,
        "dvar": 3.72350438605e+12,
        "dvar2": 5.79467057562e+12,
        "max": 41069440,
        "mean": 4666216,
        "median": 4054156.5,
        "min": 541969.8125,
        "stdev": 2907577.25,
        "var": 8.45400611226e+12
    },
    "spectral_strongpeak": {
        "dmean": 0.781750619411,
        "dmean2": 1.2815310955,
        "dvar": 1.71775698662,
        "dvar2": 4.19135522842,
        "max": 8.94648838043,
        "mean": 1.39624845982,
        "median": 0.355777621269,
        "min": 0,
        "stdev": 1.88950133324,
        "var": 3.57021546364
    },
    "zerocrossingrate": {
        "dmean": 0.0161756388843,
        "dmean2": 0.0183875150979,
        "dvar": 0.000762071111239,
        "dvar2": 0.000979840755463,
        "max": 0.490234375,
        "mean": 0.0553200393915,
        "median": 0.04541015625,
        "min": 0.00390625,
        "stdev": 0.0456470102072,
        "var": 0.00208364939317
    },
    "barkbands": {
        "dmean": [3.36971606885e-05, 0.000545002578292, 0.00043742894195, 0.00117579172365, 0.00108386110514, 0.000852673489135, 0.0013667823514, 0.00252371677198, 0.00101950520184, 0.0017817140324, 0.00165658141486, 0.00162902777083, 0.00114657939412, 0.000836711085867, 0.000548879907001, 0.000220153946429, 0.000228984674322, 0.000118628558994, 0.000144397941767, 4.66961246275e-05, 4.51788946521e-05, 6.41729784547e-05, 0.000155811751029, 0.000244939903496, 9.5928517112e-05, 5.50369950361e-05, 7.28557142793e-06],
        "dmean2": [5.93437544012e-05, 0.000865718757268, 0.000732783926651, 0.00199087359942, 0.00184462370817, 0.00130073737819, 0.00216120365076, 0.00382075109519, 0.00163279403932, 0.00269709294662, 0.00254876166582, 0.00253730872646, 0.0016934616724, 0.00128852447961, 0.000825386028737, 0.000328149850247, 0.000332101510139, 0.000172431231476, 0.00021168476087, 6.85437771608e-05, 6.68165448587e-05, 0.00010034267325, 0.00024622771889, 0.00038519204827, 0.000154517067131, 8.49124116939e-05, 1.18230955195e-05],
        "dvar": [2.98065963023e-08, 1.07678965833e-06, 4.84748568397e-07, 2.95242784887e-06, 3.9549563553e-06, 1.93850246433e-06, 9.25698350329e-06, 2.22922608373e-05, 6.72036594551e-06, 1.66071713465e-05, 1.83585016202e-05, 1.87022396858e-05, 7.88488705439e-06, 4.06979006584e-06, 1.8515058855e-06, 2.36052230207e-07, 2.2334637606e-07, 5.30701527168e-08, 7.59589724453e-08, 8.70458549684e-09, 1.04735722317e-08, 4.06320772584e-08, 1.23148225839e-07, 3.29814753286e-07, 9.54958494503e-08, 3.31692113775e-08, 7.53582363178e-10],
        "dvar2": [7.9843530898e-08, 2.20870674639e-06, 1.28368128571e-06, 7.87732096796e-06, 1.04723267214e-05, 4.30377440352e-06, 2.14141073229e-05, 4.81115348521e-05, 1.65638975886e-05, 3.52815477527e-05, 4.04032907682e-05, 4.16171787947e-05, 1.72924355866e-05, 8.77723596204e-06, 4.30328827861e-06, 5.00868736708e-07, 4.12036257558e-07, 1.17139286715e-07, 1.59223205287e-07, 2.03153760481e-08, 2.45457130177e-08, 9.84059767006e-08, 2.78301627077e-07, 7.98466373908e-07, 2.38652518192e-07, 7.19470776289e-08, 1.61360647066e-09],
        "max": [0.0046053910628, 0.0218927115202, 0.00937486626208, 0.0270350277424, 0.0352220274508, 0.0180710460991, 0.0316484980285, 0.0445647835732, 0.0444698557258, 0.0566232763231, 0.039342828095, 0.0422278344631, 0.0300209242851, 0.0230179857463, 0.0162923652679, 0.00701525202021, 0.00643100589514, 0.00341356988065, 0.00391709199175, 0.00118116592057, 0.0020296452567, 0.00315213226713, 0.00417109159753, 0.00736704282463, 0.00526640564203, 0.002843152266, 0.000512712402269],
        "mean": [0.000133735840791, 0.00633811205626, 0.0008916745428, 0.00160326098558, 0.00185712787788, 0.00138156395406, 0.00155922409613, 0.00348819722421, 0.00140707846731, 0.0029172138311, 0.00208205846138, 0.00201913807541, 0.00147778529208, 0.00109935179353, 0.000721074233297, 0.000345649605151, 0.000372609298211, 0.00017376888718, 0.000221200258238, 6.74671464367e-05, 6.46411135676e-05, 7.39941533539e-05, 0.00018521718448, 0.000284920242848, 0.000101471443486, 5.90194613324e-05, 6.7997862061e-06],
        "median": [2.98900249618e-06, 0.00582310883328, 0.000557613966521, 0.000998178380542, 0.00128421431873, 0.000554320053197, 0.00031876398134, 0.00049538112944, 0.000641004357021, 0.000707888626494, 0.000222413640586, 0.00022641227406, 0.000132223547553, 9.1472400527e-05, 6.25633037998e-05, 6.8973073212e-05, 6.70740118949e-05, 5.30936267751e-05, 4.7672434448e-05, 2.15057261812e-05, 2.6024204999e-05, 1.78200716618e-05, 2.49392705882e-05, 7.71197519498e-05, 2.58127820416e-05, 9.93396770355e-06, 2.55690480344e-07],
        "min": [3.77687353214e-24, 4.76506065545e-24, 5.8670229783e-23, 1.05554274952e-23, 6.36203698286e-24, 6.90962130923e-23, 7.4519335204e-23, 3.51387961257e-23, 2.46690168366e-23, 9.53581183792e-23, 4.48063969597e-23, 5.36902707952e-23, 1.67545221027e-22, 1.80290133542e-22, 7.4536740631e-23, 9.27959675788e-23, 1.40643372841e-22, 3.28497912536e-22, 3.36498830138e-22, 2.47562197299e-22, 5.48712965446e-22, 6.75828724292e-22, 4.6741763061e-22, 8.28181367808e-22, 1.13554863757e-21, 1.64253694482e-21, 2.79216310185e-21],
        "stdev": [0.000540801207535, 0.00598892383277, 0.00093138491502, 0.00197171792388, 0.00234865024686, 0.0019778360147, 0.00344710191712, 0.00640511652455, 0.00270557100885, 0.00651037646458, 0.0054925493896, 0.00535373855382, 0.00379279023036, 0.00282152998261, 0.00172565307003, 0.000701330369338, 0.000742247095332, 0.000314991892083, 0.000433892593719, 0.000121073688206, 0.000119162446936, 0.000199565212824, 0.000409842527006, 0.000590354378801, 0.00030099239666, 0.000206583703402, 3.26685221808e-05],
        "var": [2.92465955454e-07, 3.58672114089e-05, 8.67477808697e-07, 3.88767148252e-06, 5.51615767108e-06, 3.91183493775e-06, 1.18825118989e-05, 4.10255197494e-05, 7.3201140367e-06, 4.23850033258e-05, 3.01680975099e-05, 2.86625163426e-05, 1.43852585097e-05, 7.96103176981e-06, 2.97787846648e-06, 4.91864284413e-07, 5.50930792542e-07, 9.9219896299e-08, 1.8826278847e-07, 1.46588385874e-08, 1.41996885361e-08, 3.9826272058e-08, 1.67970895859e-07, 3.48518312876e-07, 9.05964228082e-08, 4.26768274053e-08, 1.06723230253e-09]
    },
    "erbbands": {
        "dmean": [0.0179038215429, 0.125858619809, 0.374265640974, 2.30663824081, 4.13964366913, 3.47199869156, 3.35498762131, 8.86318778992, 15.4363651276, 40.2648925781, 39.8089408875, 24.0823631287, 26.8083972931, 63.3700942993, 71.2311477661, 62.8892173767, 53.38854599, 46.4526519775, 34.111289978, 18.1508560181, 11.1664133072, 12.1998071671, 7.20380926132, 6.38272619247, 6.33465671539, 2.03969597816, 1.39091444016, 2.07722258568, 2.2233581543, 2.59848809242, 4.91653966904, 6.04526329041, 3.5250787735, 1.49942946434, 0.476872175932, 0.263086915016, 0.0948156267405, 0.0210561566055, 0.00077448762022, 2.46252930083e-05],
        "dmean2": [0.027290314436, 0.208481743932, 0.629479110241, 3.90653634071, 6.98044586182, 5.88964653015, 5.26646232605, 13.4158086777, 23.4124546051, 61.2591743469, 62.467830658, 37.3966751099, 40.2026519775, 91.7133712769, 105.973228455, 94.9154052734, 77.4866485596, 68.3662109375, 51.1473731995, 26.1974277496, 15.9614229202, 17.1290779114, 10.0951871872, 9.05255794525, 9.31991386414, 2.91054439545, 2.03979229927, 3.08364748955, 3.44781064987, 4.09022283554, 7.64133691788, 9.26435089111, 5.70034885406, 2.44722867012, 0.758498072624, 0.404622912407, 0.150879904628, 0.0328541733325, 0.00123130902648, 3.71165842807e-05],
        "dvar": [0.00281067239121, 0.0564849004149, 0.375499010086, 9.73197937012, 37.7894973755, 81.1561660767, 60.0429992676, 211.015579224, 1438.02819824, 6325.12939453, 8040.10205078, 3149.35620117, 4319.88818359, 21964.7558594, 30955.96875, 26972.984375, 15499.703125, 11523.6191406, 6734.03662109, 1766.8293457, 534.851501465, 575.598083496, 197.91859436, 117.808738708, 161.938796997, 14.0577640533, 7.54282569885, 27.1910133362, 43.7571411133, 72.2098464966, 109.942932129, 178.487380981, 79.7236938477, 20.8792533875, 3.02717971802, 0.728717982769, 0.121572628617, 0.00564055284485, 8.61081207404e-06, 3.2470741651e-09],
        "dvar2": [0.00532267522067, 0.129113554955, 0.991398751736, 26.1469345093, 97.2984237671, 223.680725098, 119.833328247, 459.885559082, 3107.57641602, 12940.8417969, 17955.8359375, 7664.52880859, 9494.64746094, 49317.3476562, 67161.890625, 54888.6875, 32475.5390625, 23662.6777344, 15911.6933594, 3638.64648438, 1098.58728027, 1070.42016602, 402.722137451, 225.60144043, 337.943878174, 30.9400444031, 15.6078090668, 64.2183532715, 105.538124084, 175.723739624, 249.395721436, 423.907287598, 198.895309448, 54.4685745239, 7.09814023972, 1.5778157711, 0.277013003826, 0.0108559476212, 1.76572448254e-05, 6.88138257487e-09],
        "max": [0.75246411562, 5.58660411835, 8.18924045563, 43.8628349304, 90.6974868774, 169.06678772, 108.099334717, 135.281845093, 536.012207031, 885.733642578, 1264.18347168, 1077.72705078, 1113.76074219, 2235.51196289, 1977.95996094, 1913.88586426, 1565.66333008, 1337.43798828, 1033.44226074, 486.022766113, 300.221618652, 317.14730835, 259.20324707, 171.098083496, 220.747238159, 46.7737312317, 49.8089828491, 96.9162139893, 105.499290466, 124.079719543, 129.993972778, 150.848800659, 108.374038696, 57.2336273193, 40.3859176636, 16.5805244446, 4.99174451828, 1.67238998413, 0.0610668845475, 0.00112013856415],
        "mean": [0.195070043206, 1.37117147446, 1.15005779266, 3.65334749222, 6.03138160706, 6.66468095779, 5.92848157883, 14.0449562073, 20.9752006531, 57.2644538879, 51.7564544678, 36.6784591675, 48.0079040527, 99.4992523193, 101.49319458, 83.3800964355, 76.6049423218, 68.3119354248, 43.4568443298, 27.2302150726, 19.6263484955, 19.9595775604, 11.4851579666, 10.5476264954, 9.39671325684, 3.09306955338, 2.15931200981, 2.80181097984, 2.68373227119, 2.76666212082, 5.92233133316, 7.18473291397, 3.84618759155, 1.54004573822, 0.521358013153, 0.287555754185, 0.0985162854195, 0.0217027179897, 0.00076409894973, 5.48837815586e-05],
        "median": [0.105465494096, 1.40252280235, 1.1140267849, 2.53193688393, 3.76806473732, 3.79445075989, 3.08703231812, 5.50170660019, 5.2490234375, 10.2514638901, 12.4373931885, 18.6391391754, 18.2699775696, 16.9152126312, 12.4093208313, 10.2100610733, 7.1258187294, 5.86180114746, 4.21892547607, 3.58597373962, 4.56804609299, 4.12516975403, 3.18771767616, 3.01258802414, 1.6957757473, 1.02838099003, 0.925275027752, 0.866188943386, 0.70805388689, 0.428945660591, 0.80474615097, 1.71832036972, 1.01749515533, 0.371152997017, 0.125998705626, 0.0623310618103, 0.0131752183661, 0.00157674984075, 6.96040733601e-05, 4.34514367953e-05],
        "min": [1.85285604691e-22, 2.27629219556e-21, 4.90198055433e-20, 6.17963371184e-20, 1.81311624858e-20, 2.50220261216e-20, 1.11121440162e-19, 7.44140933136e-19, 7.75629114116e-19, 1.16290458206e-18, 9.18997246956e-19, 7.09509465828e-19, 1.15283262413e-18, 3.32663670074e-18, 2.26590639852e-18, 2.62273288283e-18, 5.84730914445e-18, 8.87183549725e-18, 6.91033590685e-18, 3.9816946763e-18, 5.08715166821e-18, 8.71503017725e-18, 2.05678376593e-17, 1.14734541814e-17, 1.94516401407e-17, 1.25112606205e-17, 1.80425164606e-17, 2.48293265914e-17, 1.93546614857e-17, 2.24165515868e-17, 1.49142054107e-17, 1.77741079323e-17, 1.26714003055e-17, 1.30542385182e-17, 8.23204520785e-18, 5.65672590414e-18, 3.37283659911e-18, 1.12111004084e-18, 3.7573068908e-19, 4.42201482001e-20],
        "stdev": [0.206793814898, 1.29700005054, 0.996117591858, 3.91682696342, 7.16127300262, 9.79243946075, 10.5856304169, 20.5984687805, 48.5300559998, 114.858161926, 105.813217163, 62.0286903381, 95.9034118652, 225.918914795, 247.253768921, 216.617630005, 183.779724121, 162.993743896, 100.861488342, 59.8788452148, 36.7259254456, 37.6955451965, 21.4327392578, 18.2966365814, 19.361995697, 5.2676987648, 3.86903882027, 5.64497995377, 6.64124774933, 8.66098976135, 12.422961235, 14.6260471344, 8.71981239319, 4.23466253281, 1.78563046455, 0.955635726452, 0.384327054024, 0.0962582081556, 0.00356737640686, 7.19622985343e-05],
        "var": [0.0427636802197, 1.68220901489, 0.992250204086, 15.3415336609, 51.2838287354, 95.8918685913, 112.05557251, 424.296936035, 2355.16650391, 13192.3974609, 11196.4365234, 3847.55834961, 9197.46484375, 51039.3554688, 61134.4296875, 46923.1953125, 33774.9882812, 26566.9628906, 10173.0400391, 3585.47631836, 1348.7935791, 1420.95422363, 459.36227417, 334.766906738, 374.886901855, 27.7486495972, 14.969461441, 31.8657970428, 44.106174469, 75.0127487183, 154.329971313, 213.921264648, 76.0351257324, 17.9323673248, 3.18847608566, 0.913239657879, 0.147707283497, 0.00926564261317, 1.27261737362e-05, 5.17857268179e-09]
    },
    "gfcc": {
        "mean": [-15.181886673, 109.877151489, -103.584869385, 7.20248603821, -58.1315116882, 27.4229202271, -36.1553344727, 14.8560581207, -21.1815414429, -5.62932634354, -10.7099466324, -3.04178714752, -12.4481573105],
        "cov": [[7425.53564453, -3301.74267578, -534.007324219, 577.893676758, -709.719970703, 432.450836182, -806.656433105, 684.756103516, -210.30531311, 518.590759277, -149.186721802, 184.774902344, -288.82723999], [-3301.74267578, 3113.1496582, -226.483413696, -568.870849609, 756.585021973, -225.393920898, 634.015075684, -299.479705811, 184.684829712, -233.260498047, 295.746795654, -156.727645874, 269.733459473], [-534.007324219, -226.483413696, 967.746887207, 16.0761833191, -78.8936538696, 237.223327637, 163.792358398, -23.3630447388, 10.3909950256, 22.3606910706, -60.2488212585, 105.643203735, -14.5490560532], [577.893676758, -568.870849609, 16.0761833191, 665.309692383, -42.0579528809, -106.053962708, -224.612426758, 7.5362610817, 101.376983643, 2.13010239601, -32.6858329773, 18.6295280457, 27.3286685944], [-709.719970703, 756.585021973, -78.8936538696, -42.0579528809, 576.440063477, 83.867729187, 175.239959717, -57.8592910767, 100.306777954, 58.3962364197, 121.316200256, -72.1494445801, 98.7615280151], [432.450836182, -225.393920898, 237.223327637, -106.053962708, 83.867729187, 427.790435791, 100.55582428, 67.8521575928, -23.4290943146, 122.947975159, 51.7910575867, 22.3836364746, -15.5386600494], [-806.656433105, 634.015075684, 163.792358398, -224.612426758, 175.239959717, 100.55582428, 462.003448486, -12.1992645264, -6.15985631943, -26.9445743561, 69.5622558594, 40.1807937622, 73.0080718994], [684.756103516, -299.479705811, -23.3630447388, 7.5362610817, -57.8592910767, 67.8521575928, -12.1992645264, 255.205612183, -12.1779298782, 44.7717094421, 9.3505191803, 46.8393440247, -1.79584801197], [-210.30531311, 184.684829712, 10.3909950256, 101.376983643, 100.306777954, -23.4290943146, -6.15985631943, -12.1779298782, 173.660125732, 18.0964183807, 24.0125770569, -38.2003822327, 19.8327045441], [518.590759277, -233.260498047, 22.3606910706, 2.13010239601, 58.3962364197, 122.947975159, -26.9445743561, 44.7717094421, 18.0964183807, 225.837173462, 19.0695495605, -23.2265377045, -24.0238056183], [-149.186721802, 295.746795654, -60.2488212585, -32.6858329773, 121.316200256, 51.7910575867, 69.5622558594, 9.3505191803, 24.0125770569, 19.0695495605, 161.873977661, -23.681842804, 17.6735458374], [184.774902344, -156.727645874, 105.643203735, 18.6295280457, -72.1494445801, 22.3836364746, 40.1807937622, 46.8393440247, -38.2003822327, -23.2265377045, -23.681842804, 142.011856079, 15.5133800507], [-288.82723999, 269.733459473, -14.5490560532, 27.3286685944, 98.7615280151, -15.5386600494, 73.0080718994, -1.79584801197, 19.8327045441, -24.0238056183, 17.6735458374, 15.5133800507, 131.768356323]],
        "icov": [[0.000480702583445, 0.000132699307869, 0.000478752190247, -0.00031757823308, 0.000267094757874, -0.000545515562408, 0.000260960048763, -0.00064676895272, 0.00023268822406, -0.000666923064273, 0.000146131147631, -0.000494289910421, 0.00036481115967], [0.000132699307869, 0.00192159716971, 6.47070628474e-05, 0.0015026711626, -0.00112008175347, 0.00124684523325, -0.000952030415647, 0.000914729433134, -0.00143686693627, 0.00111778988503, -0.00189937651157, 0.000582665903494, -0.00181449053343], [0.000478752190247, 6.47070628474e-05, 0.00209940737113, -0.000661158526782, 0.000726815022063, -0.00165270257276, -0.000428989995271, -9.28316367208e-05, -0.000344708445482, -0.000673061877023, 0.000995138892904, -0.00136233156081, 0.000738725124393], [-0.00031757823308, 0.0015026711626, -0.000661158526782, 0.00381544302218, -0.00122147251386, 0.00195184815675, 0.000300414249068, 0.0013099971693, -0.00264699594118, 0.00143275642768, -0.00188612460624, 0.000124873025925, -0.00274146231823], [0.000267094757874, -0.00112008175347, 0.000726815022063, -0.00122147251386, 0.00408923067153, -0.00182392518036, -0.000115578295663, -0.000256353785517, -0.000184984601219, -0.00187802128494, 0.000225222422159, 0.000240387103986, -0.000380644778488], [-0.000545515562408, 0.00124684523325, -0.00165270257276, 0.00195184815675, -0.00182392518036, 0.00565411709249, -0.00112527457532, 0.000634783762507, -0.000485540163936, 3.41146260325e-05, -0.00264590722509, 0.000931063084863, -0.00134485540912], [0.000260960048763, -0.000952030415647, -0.000428989995271, 0.000300414249068, -0.000115578295663, -0.00112527457532, 0.00465967552736, -0.000921777682379, 0.000860577449203, -0.000447493745014, 6.41318183625e-05, -0.00181150238495, -0.000235666200751], [-0.00064676895272, 0.000914729433134, -9.28316367208e-05, 0.0013099971693, -0.000256353785517, 0.000634783762507, -0.000921777682379, 0.00637776870281, -0.00163213524502, 0.000765732431319, -0.00175421335734, -0.0007123122341, -0.00200304109603], [0.00023268822406, -0.00143686693627, -0.000344708445482, -0.00264699594118, -0.000184984601219, -0.000485540163936, 0.000860577449203, -0.00163213524502, 0.00921421870589, -0.00175924797077, 0.00103917694651, 0.00118647783529, 0.00155793922022], [-0.000666923064273, 0.00111778988503, -0.000673061877023, 0.00143275642768, -0.00187802128494, 3.41146260325e-05, -0.000447493745014, 0.000765732431319, -0.00175924797077, 0.00780214881524, -0.00135032914113, 0.00199567782693, -0.000818050233647], [0.000146131147631, -0.00189937651157, 0.000995138892904, -0.00188612460624, 0.000225222422159, -0.00264590722509, 6.41318183625e-05, -0.00175421335734, 0.00103917694651, -0.00135032914113, 0.0102377142757, -0.000185205528396, 0.00241524446756], [-0.000494289910421, 0.000582665903494, -0.00136233156081, 0.000124873025925, 0.000240387103986, 0.000931063084863, -0.00181150238495, -0.0007123122341, 0.00118647783529, 0.00199567782693, -0.000185205528396, 0.0109472963959, -0.00260763801634], [0.00036481115967, -0.00181449053343, 0.000738725124393, -0.00274146231823, -0.000380644778488, -0.00134485540912, -0.000235666200751, -0.00200304109603, 0.00155793922022, -0.000818050233647, 0.00241524446756, -0.00260763801634, 0.012582574971]]
    },
    "melbands": {
        "dmean": [0.000147194354213, 0.000185009557754, 0.000431454449426, 0.000273095763987, 0.000116038274427, 0.000190305305296, 0.000242101101321, 0.000484184216475, 0.000298947270494, 0.000149533094373, 0.000147864688188, 0.000272362900432, 0.000232148231589, 0.00017582369037, 0.000148811406689, 0.000125129692606, 9.04539483599e-05, 5.73546058149e-05, 3.32699928549e-05, 1.79018679773e-05, 1.36012195071e-05, 1.40669817483e-05, 9.41570215218e-06, 5.63457115277e-06, 5.4076053857e-06, 6.04423394179e-06, 2.97953943118e-06, 1.01272576103e-06, 7.47625279018e-07, 1.16590342714e-06, 1.26651673327e-06, 1.2445724451e-06, 1.33940557134e-06, 1.53460894126e-06, 2.53862708632e-06, 4.01013357987e-06, 3.64645870832e-06, 2.72565080195e-06, 1.83272027243e-06, 1.11748613563e-06],
        "dmean2": [0.000226013755309, 0.000310327741317, 0.000725424848497, 0.000464317650767, 0.000181517243618, 0.000289963325486, 0.000370527093764, 0.000724595447537, 0.000473224878078, 0.000236376596149, 0.000224667965085, 0.000398273667088, 0.000345835171174, 0.000264684815193, 0.000227314667427, 0.000182179297553, 0.000137263428769, 8.73006429174e-05, 5.06960350322e-05, 2.53086000157e-05, 1.9817996872e-05, 2.04088264582e-05, 1.35652971949e-05, 8.30710541777e-06, 7.88615943748e-06, 8.83609573066e-06, 4.43762792202e-06, 1.46144998325e-06, 1.09222617084e-06, 1.76781350092e-06, 1.92201991922e-06, 1.92611014427e-06, 2.1647547328e-06, 2.40580629907e-06, 4.0254394662e-06, 6.18380363449e-06, 5.64265701541e-06, 4.41816746388e-06, 2.9782704587e-06, 1.83901875062e-06],
        "dvar": [1.15103709675e-07, 8.26376620466e-08, 3.49347459405e-07, 2.7593557661e-07, 5.59049482263e-08, 9.63909840834e-08, 3.38279050993e-07, 8.73727799444e-07, 5.08684877332e-07, 1.24821823988e-07, 1.22168529515e-07, 4.16619968746e-07, 3.25006766388e-07, 2.12718518355e-07, 1.50274047428e-07, 9.80907017833e-08, 4.92617857617e-08, 2.00624192814e-08, 7.21598114595e-09, 1.72237157869e-09, 9.11306363705e-10, 8.25565227291e-10, 4.73648897881e-10, 1.36036015785e-10, 9.6900938662e-11, 1.58953725182e-10, 3.95726333646e-11, 3.74054606733e-12, 2.27898906344e-12, 7.13270588426e-12, 1.11165694705e-11, 1.20153973576e-11, 2.4210614416e-11, 2.46991802011e-11, 3.58929171107e-11, 6.72007796632e-11, 7.74929356795e-11, 5.00464669706e-11, 2.6386916957e-11, 1.33832103386e-11],
        "dvar2": [2.15779593304e-07, 2.09922461636e-07, 9.12054531454e-07, 7.45747172459e-07, 1.16018533447e-07, 2.1150786722e-07, 7.48507375192e-07, 1.78475397661e-06, 1.16683077067e-06, 2.97543294892e-07, 2.72299502058e-07, 9.21651292174e-07, 6.96807546774e-07, 4.98318740938e-07, 3.07408043909e-07, 2.11585799548e-07, 1.0353006985e-07, 4.76370303204e-08, 1.68815539325e-08, 3.43180461826e-09, 1.98592764455e-09, 1.53961865479e-09, 9.41462463544e-10, 3.08948117089e-10, 1.94232421813e-10, 3.34739846952e-10, 9.00029564765e-11, 8.06772010309e-12, 4.46061980755e-12, 1.64169667444e-11, 2.55979265562e-11, 2.86002471706e-11, 6.19080758879e-11, 6.00511376736e-11, 8.4844804793e-11, 1.52607065873e-10, 1.89400217732e-10, 1.25978644183e-10, 6.93854071421e-11, 3.49314882575e-11],
        "max": [0.00578560354188, 0.00459243031219, 0.0095588574186, 0.00946655031294, 0.00328582734801, 0.00295142713003, 0.0075062843971, 0.0101610189304, 0.0102413808927, 0.00591947324574, 0.00554131902754, 0.00974676199257, 0.00541216181591, 0.00506449583918, 0.00460679735988, 0.00372344139032, 0.00275979773141, 0.00173115183134, 0.00125104642939, 0.000635730102658, 0.000482478353661, 0.000411575252656, 0.000405937898904, 0.00014966915478, 0.000157311573275, 0.000239985281951, 7.62550844229e-05, 2.25936528295e-05, 2.27496529988e-05, 5.15154388268e-05, 5.71402379137e-05, 4.62551943201e-05, 8.47110277391e-05, 6.57984928694e-05, 7.80632108217e-05, 7.30645551812e-05, 0.000118175128591, 9.87415769487e-05, 6.10341849097e-05, 5.18057750014e-05],
        "mean": [0.00183580629528, 0.00102024886291, 0.000695310067385, 0.000467824051157, 0.000214993633563, 0.000299680134049, 0.00030939624412, 0.000695849477779, 0.000377535441658, 0.000217914654058, 0.000253822479863, 0.000421326607466, 0.000304733985104, 0.000234581690165, 0.000193461877643, 0.000157934337039, 0.000123061749036, 6.82620739099e-05, 4.31486550951e-05, 2.84742200165e-05, 2.21722420974e-05, 2.21647114813e-05, 1.38379728014e-05, 8.23501068226e-06, 8.40750908537e-06, 8.70541589393e-06, 4.21114373239e-06, 1.45626222547e-06, 1.13455598694e-06, 1.65851929523e-06, 1.59955732215e-06, 1.52967697886e-06, 1.38873156175e-06, 1.54845383804e-06, 2.89953914034e-06, 4.89996591568e-06, 4.14484566136e-06, 2.83860708805e-06, 1.93886762645e-06, 1.07541643501e-06],
        "median": [0.0014355708845, 0.00116027425975, 0.000490084756166, 0.00031764965388, 0.000132475077407, 0.000121266748465, 6.76953786751e-05, 0.000106768085971, 0.000105778752186, 0.000102550096926, 9.10180679057e-05, 7.16476060916e-05, 3.58081015293e-05, 3.13960299536e-05, 1.8146369257e-05, 1.3036305063e-05, 9.48099477682e-06, 6.22740799372e-06, 3.95340202886e-06, 4.39939185526e-06, 4.59758939542e-06, 4.12362123825e-06, 2.39111454903e-06, 2.40810027208e-06, 2.07734274227e-06, 1.44693865423e-06, 7.27011297386e-07, 4.71689190817e-07, 3.57900688641e-07, 5.84454198815e-07, 3.97753268544e-07, 3.92669164739e-07, 2.50184314154e-07, 1.58507560855e-07, 3.18601450999e-07, 7.24579024336e-07, 9.81006564871e-07, 6.09241169514e-07, 4.18185635453e-07, 1.94178909396e-07],
        "min": [1.71129449993e-24, 1.72009558439e-23, 9.49888320791e-24, 1.24022502708e-24, 3.40625169051e-24, 1.58787034822e-23, 1.37729244926e-23, 1.19612028719e-23, 6.60294918686e-24, 4.0700489544e-24, 6.17395006052e-24, 1.43426540379e-23, 7.33704539589e-24, 5.40643730912e-24, 1.14497535815e-23, 1.50491720641e-23, 1.73421587905e-23, 1.26555945283e-23, 6.20909263056e-24, 6.20904490447e-24, 5.48034844834e-24, 8.86622701711e-24, 1.31275400311e-23, 1.64484330274e-23, 7.7463048558e-24, 1.61117850584e-23, 8.51107394897e-24, 8.52378407588e-24, 9.99450479313e-24, 1.32779205855e-23, 1.50784798245e-23, 1.04012832855e-23, 1.2136924794e-23, 1.11156141901e-23, 8.5365423233e-24, 8.68301249415e-24, 1.13299461203e-23, 8.74601408149e-24, 8.44643231981e-24, 1.18154915852e-23],
        "stdev": [0.00179101515096, 0.000848576950375, 0.000707120983861, 0.00060873653274, 0.000322608597344, 0.000437833426986, 0.000725196674466, 0.00138374045491, 0.000817311985884, 0.000391639507143, 0.000512768572662, 0.000997511786409, 0.000762016046792, 0.000577231869102, 0.000512491329573, 0.000421252538217, 0.000320497318171, 0.000168995800777, 0.000105994688056, 6.1122867919e-05, 4.32784399891e-05, 4.33759851148e-05, 3.20727813232e-05, 1.51434560394e-05, 1.56183632498e-05, 1.91924136743e-05, 8.47193405207e-06, 2.62877574642e-06, 2.19893195208e-06, 3.32325839736e-06, 3.53727045876e-06, 3.58155921276e-06, 4.53688971902e-06, 5.18784372616e-06, 6.57343616695e-06, 1.00971128631e-05, 9.07191770239e-06, 6.82200879965e-06, 4.80562493976e-06, 3.35159847964e-06],
        "var": [3.20773528983e-06, 7.20082823591e-07, 5.00020064464e-07, 3.70560201191e-07, 1.04076299579e-07, 1.91698106278e-07, 5.25910252236e-07, 1.91473759514e-06, 6.67998847348e-07, 1.53381506607e-07, 2.62931621364e-07, 9.95029722617e-07, 5.80668483963e-07, 3.33196624069e-07, 2.62647375848e-07, 1.77453699735e-07, 1.02718537676e-07, 2.85595795901e-08, 1.12348743642e-08, 3.73600528292e-09, 1.87302351407e-09, 1.88147608604e-09, 1.02866326568e-09, 2.29324267909e-10, 2.43933290234e-10, 3.68348768154e-10, 7.17736703404e-11, 6.91046221982e-12, 4.83530143008e-12, 1.10440467535e-11, 1.25122828765e-11, 1.28275662661e-11, 2.05833666084e-11, 2.69137247211e-11, 4.32100605297e-11, 1.01951697085e-10, 8.22996948369e-11, 4.65398067306e-11, 2.30940318952e-11, 1.1233212277e-11]
    },
    "melbands128": {
