{
"lowlevel": {
    "average_loudness": 0.979059517384,
    "barkbands_crest": {
        "dmean": 3.11966228485,
        "dmean2": 4.69342374802,
        "dvar": 10.6989879608,
        "dvar2": 26.1072483063,
        "max": 26.0507221222,
        "mean": 13.1154975891,
        "median": 12.0392084122,
        "min": 2.62756514549,
        "stdev": 5.34385347366,
        "var": 28.5567684174
    },
    "barkbands_flatness_db": {
        "dmean": 0.0344809666276,
        "dmean2": 0.0454352721572,
        "dvar": 0.00107983581256,
        "dvar2": 0.00203037052415,
        "max": 0.379362940788,
        "mean": 0.171405270696,
        "median": 0.164292797446,
        "min": 0.0241352077574,
        "stdev": 0.0623217821121,
        "var": 0.00388400466181
    },
    "barkbands_kurtosis": {
        "dmean": 9.19128894806,
        "dmean2": 12.6681241989,
        "dvar": 440.822662354,
        "dvar2": 663.513061523,
        "max": 358.971008301,
        "mean": 14.2708530426,
        "median": 6.99052906036,
        "min": -1.86048138142,
        "stdev": 31.7458095551,
        "var": 1007.79638672
    },
    "barkbands_skewness": {
        "dmean": 0.906493186951,
        "dmean2": 1.29440772533,
        "dvar": 1.21008384228,
        "dvar2": 2.09716439247,
        "max": 14.9163417816,
        "mean": 2.67025732994,
        "median": 2.32753133774,
        "min": -1.72653269768,
        "stdev": 1.97982013226,
        "var": 3.91968774796
    },
    "barkbands_spread": {
        "dmean": 7.77550411224,
        "dmean2": 11.8593950272,
        "dvar": 104.009880066,
        "dvar2": 236.871322632,
        "max": 86.4736938477,
        "mean": 17.2682952881,
        "median": 13.9927453995,
        "min": 0.54154330492,
        "stdev": 13.3999261856,
        "var": 179.558013916
    },
    "dissonance": {
        "dmean": 0.0271871704608,
        "dmean2": 0.0433290228248,
        "dvar": 0.000637382385321,
        "dvar2": 0.00145760481246,
        "max": 0.5,
        "mean": 0.440529197454,
        "median": 0.445972472429,
        "min": 0.180119603872,
        "stdev": 0.0365082025528,
        "var": 0.0013328489149
    },
    "dynamic_complexity": 1.94330942631,
    "erbbands_crest": {
        "dmean": 3.26134800911,
        "dmean2": 5.09061956406,
        "dvar": 9.32631397247,
        "dvar2": 22.3640918732,
        "max": 27.2367210388,
        "mean": 10.4002113342,
        "median": 9.34226608276,
        "min": 2.71075344086,
        "stdev": 4.76789283752,
        "var": 22.7328033447
    },
    "erbbands_flatness_db": {
        "dmean": 0.0247064325958,
        "dmean2": 0.0345864854753,
        "dvar": 0.000537592626642,
        "dvar2": 0.000947327585891,
        "max": 0.307909578085,
        "mean": 0.151437833905,
        "median": 0.147725433111,
        "min": 0.0633837804198,
        "stdev": 0.0440570488572,
        "var": 0.00194102351088
    },
    "erbbands_kurtosis": {
        "dmean": 1.69198906422,
        "dmean2": 2.59766864777,
        "dvar": 6.20438289642,
        "dvar2": 11.9068059921,
        "max": 43.1621246338,
        "mean": 1.62435030937,
        "median": 0.776882886887,
        "min": -1.81638717651,
        "stdev": 3.5856051445,
        "var": 12.8565635681
    },
    "erbbands_skewness": {
        "dmean": 0.5071362257,
        "dmean2": 0.775838792324,
        "dvar": 0.241104885936,
        "dvar2": 0.530781686306,
        "max": 5.53929424286,
        "mean": 0.99213039875,
        "median": 0.922431588173,
        "min": -1.4092143774,
        "stdev": 0.777704358101,
        "var": 0.604824066162
    },
    "erbbands_spread": {
        "dmean": 14.419169426,
        "dmean2": 21.0500335693,
        "dvar": 233.274551392,
        "dvar2": 474.316070557,
        "max": 153.910171509,
        "mean": 44.4585075378,
        "median": 37.7658348083,
        "min": 5.17538738251,
        "stdev": 25.630695343,
        "var": 656.932495117
    },
    "hfc": {
        "dmean": 10.805850029,
        "dmean2": 17.6928749084,
        "dvar": 351.989379883,
        "dvar2": 939.338806152,
        "max": 151.921203613,
        "mean": 21.7510108948,
        "median": 17.591758728,
        "min": 1.13717323073e-16,
        "stdev": 18.5413684845,
        "var": 343.78237915
    },
    "loudness_ebu128": {
        "integrated": -7.16680669785,
        "loudness_range": 1.48856258392,
        "momentary": {
            "dmean": 0.652875244617,
            "dmean2": 0.94185769558,
            "dvar": 0.33832025528,
            "dvar2": 0.677668809891,
            "max": -4.64303588867,
            "mean": -7.33638381958,
            "median": -7.27265691757,
            "min": -11.5572738647,
            "stdev": 1.24004530907,
            "var": 1.53771233559
        },
        "short_term": {
            "dmean": 0.0778222978115,
            "dmean2": 0.104590713978,
            "dvar": 0.00445986678824,
            "dvar2": 0.00888371933252,
            "max": -6.1754693985,
            "mean": -7.1874089241,
            "median": -7.12034845352,
            "min": -8.11411857605,
            "stdev": 0.478919446468,
            "var": 0.229363828897
        }
    },
    "melbands_crest": {
        "dmean": 3.69917106628,
        "dmean2": 5.1853890419,
        "dvar": 13.4910097122,
        "dvar2": 25.8692417145,
        "max": 36.121635437,
        "mean": 19.2896690369,
        "median": 18.6257572174,
        "min": 2.52205991745,
        "stdev": 7.73147344589,
        "var": 59.775680542
    },
    "melbands_flatness_db": {
        "dmean": 0.0401568673551,
        "dmean2": 0.0523563846946,
        "dvar": 0.00174500991125,
        "dvar2": 0.0031822072342,
        "max": 0.528840839863,
        "mean": 0.239766985178,
        "median": 0.229538664222,
        "min": 0.00484354607761,
        "stdev": 0.0826881304383,
        "var": 0.00683732656762
    },
    "melbands_kurtosis": {
        "dmean": 18.5945739746,
        "dmean2": 28.091632843,
        "dvar": 1648.09851074,
        "dvar2": 3431.45629883,
        "max": 752.893859863,
        "mean": 32.3749885559,
        "median": 16.5715065002,
        "min": -1.14618635178,
        "stdev": 58.117275238,
        "var": 3377.61767578
    },
    "melbands_skewness": {
        "dmean": 1.17174053192,
        "dmean2": 1.69131684303,
        "dvar": 1.84624540806,
        "dvar2": 3.71854281425,
        "max": 21.7698116302,
        "mean": 3.70870161057,
        "median": 3.18384313583,
        "min": -0.230995863676,
        "stdev": 2.51632809639,
        "var": 6.3319067955
    },
    "melbands_spread": {
        "dmean": 7.03351163864,
        "dmean2": 10.8206357956,
        "dvar": 149.485336304,
        "dvar2": 373.332580566,
        "max": 141.735031128,
        "mean": 14.9280118942,
        "median": 11.2532920837,
        "min": 0.419266045094,
        "stdev": 13.6120414734,
        "var": 185.28767395
    },
    "pitch_salience": {
        "dmean": 0.0859158709645,
        "dmean2": 0.132407233119,
        "dvar": 0.00885058194399,
        "dvar2": 0.0192977320403,
        "max": 0.870544970036,
        "mean": 0.48089286685,
        "median": 0.493663460016,
        "min": 0.0966459214687,
        "stdev": 0.15371234715,
        "var": 0.0236274879426
    },
    "silence_rate_20dB": {
        "dmean": 0,
        "dmean2": 0,
        "dvar": 0,
        "dvar2": 0,
        "max": 1,
        "mean": 1,
        "median": 1,
        "min": 1,
        "stdev": 0,
        "var": 0
    },
    "silence_rate_30dB": {
        "dmean": 0.0928792580962,
        "dmean2": 0.185902401805,
        "dvar": 0.0842532068491,
        "dvar2": 0.159089356661,
        "max": 1,
        "mean": 0.856148481369,
        "median": 1,
        "min": 0,
        "stdev": 0.350937247276,
        "var": 0.123156942427
    },
    "silence_rate_60dB": {
        "dmean": 0.0162538699806,
        "dmean2": 0.0325329191983,
        "dvar": 0.01598989591,
        "dvar2": 0.0345724858344,
        "max": 1,
        "mean": 0.0216550659388,
        "median": 0,
        "min": 0,
        "stdev": 0.145555183291,
        "var": 0.0211863126606
    },
    "spectral_centroid": {
        "dmean": 288.606201172,
        "dmean2": 428.635406494,
        "dvar": 206513.984375,
        "dvar2": 395137.71875,
        "max": 11029.3134766,
        "mean": 960.409240723,
        "median": 865.614501953,
        "min": 224.694534302,
        "stdev": 558.354675293,
        "var": 311759.96875
    },
    "spectral_complexity": {
        "dmean": 4.57352924347,
        "dmean2": 7.04260253906,
        "dvar": 45.8005332947,
        "dvar2": 95.272819519,
        "max": 61,
        "mean": 15.4849185944,
        "median": 13,
        "min": 0,
        "stdev": 8.70177173615,
        "var": 75.7208251953
    },
    "spectral_decrease": {
        "dmean": 4.75066430639e-09,
        "dmean2": 6.1467511081e-09,
        "dvar": 5.3142569178e-17,
        "dvar2": 9.07922638587e-17,
        "max": 2.91787263908e-30,
        "mean": -1.32346844595e-08,
        "median": -8.46245562514e-09,
        "min": -6.20136688667e-08,
        "stdev": 1.27925696702e-08,
        "var": 1.63649849139e-16
    },
    "spectral_energy": {
        "dmean": 0.0184814874083,
        "dmean2": 0.024086765945,
        "dvar": 0.000790185586084,
        "dvar2": 0.00137580581941,
        "max": 0.235412493348,
        "mean": 0.0519237294793,
        "median": 0.0342351682484,
        "min": 1.03034853024e-20,
        "stdev": 0.0488702245057,
        "var": 0.00238829874434
    },
    "spectral_energyband_high": {
        "dmean": 0.000790947175119,
        "dmean2": 0.00131648103707,
        "dvar": 1.77956189873e-06,
        "dvar2": 4.68354119221e-06,
        "max": 0.00976632349193,
        "mean": 0.000968949345406,
        "median": 0.000537686049938,
        "min": 7.36979797928e-21,
        "stdev": 0.00126120413188,
        "var": 1.59063574756e-06
    },
    "spectral_energyband_low": {
        "dmean": 0.0141715826467,
        "dmean2": 0.0177968814969,
        "dvar": 0.000779275083914,
        "dvar2": 0.00133192900103,
        "max": 0.229349344969,
        "mean": 0.0312931016088,
        "median": 0.00757056567818,
        "min": 4.40885934894e-23,
        "stdev": 0.0473848246038,
        "var": 0.00224532163702
    },
    "spectral_energyband_middle_high": {
        "dmean": 0.00285981758498,
        "dmean2": 0.00467006163672,
        "dvar": 3.61582206097e-05,
        "dvar2": 9.95154478005e-05,
        "max": 0.0546138286591,
        "mean": 0.00431962450966,
        "median": 0.00200478662737,
        "min": 1.49346066153e-21,
        "stdev": 0.00618629902601,
        "var": 3.82702928619e-05
    },
    "spectral_energyband_middle_low": {
        "dmean": 0.00729301152751,
        "dmean2": 0.011838898994,
        "dvar": 0.000131205481011,
        "dvar2": 0.000358224322554,
        "max": 0.114214271307,
        "mean": 0.0163035020232,
        "median": 0.0141490707174,
        "min": 3.08691748286e-22,
        "stdev": 0.0129163824022,
        "var": 0.000166832935065
    },
    "spectral_entropy": {
        "dmean": 0.303143203259,
        "dmean2": 0.413083910942,
        "dvar": 0.0951185002923,
        "dvar2": 0.177223324776,
        "max": 9.78433322906,
        "mean": 7.48975849152,
        "median": 7.56198549271,
        "min": 5.66912746429,
        "stdev": 0.525698244572,
        "var": 0.276358634233
    },
    "spectral_flux": {
        "dmean": 0.0479885004461,
        "dmean2": 0.0732763037086,
        "dvar": 0.0040660998784,
        "dvar2": 0.00668927794322,
        "max": 0.420783609152,
        "mean": 0.104838453233,
        "median": 0.0778095796704,
        "min": 1.01506088257e-10,
        "stdev": 0.0835985839367,
        "var": 0.00698872376233
    },
    "spectral_kurtosis": {
        "dmean": 1.85792398453,
        "dmean2": 2.72309398651,
        "dvar": 6.42451667786,
        "dvar2": 13.9613161087,
        "max": 27.6988658905,
        "mean": 3.95705580711,
        "median": 3.19863843918,
        "min": -1.35145413876,
        "stdev": 3.60143756866,
        "var": 12.9703531265
    },
    "spectral_rms": {
        "dmean": 0.00122080394067,
        "dmean2": 0.00157813669648,
        "dvar": 2.64210211753e-06,
        "dvar2": 4.50249672213e-06,
        "max": 0.0151548907161,
        "mean": 0.00641002692282,
        "median": 0.00577928731218,
        "min": 3.17051745101e-12,
        "stdev": 0.00309334369376,
        "var": 9.56877465796e-06
    },
    "spectral_rolloff": {
        "dmean": 697.863647461,
        "dmean2": 1209.56298828,
        "dvar": 2906942.5,
        "dvar2": 6593456.5,
        "max": 18949.21875,
        "mean": 1114.94763184,
        "median": 581.396484375,
        "min": 64.599609375,
        "stdev": 1776.27478027,
        "var": 3155152.25
    },
    "spectral_skewness": {
        "dmean": 0.335339039564,
        "dmean2": 0.470481783152,
        "dvar": 0.135669484735,
        "dvar2": 0.273662030697,
        "max": 4.35328960419,
        "mean": 1.69760453701,
        "median": 1.64578533173,
        "min": -0.0078788716346,
        "stdev": 0.598655104637,
        "var": 0.358387947083
    },
    "spectral_spread": {
        "dmean": 1215429,
        "dmean2": 1707457,
        "dvar": 2.68563854131e+12,
        "dvar2": 4.02669568e+12,
        "max": 41088624,
        "mean": 6444140,
        "median": 5981479.5,
        "min": 2074154.125,
        "stdev": 2430312.75,
        "var": 5.90641994138e+12
    },
    "spectral_strongpeak": {
        "dmean": 0.432610750198,
        "dmean2": 0.716978311539,
        "dvar": 0.474453419447,
        "dvar2": 1.29581224918,
        "max": 6.59772729874,
        "mean": 0.916118085384,
        "median": 0.680726051331,
        "min": 0,
        "stdev": 0.789007782936,
        "var": 0.622533321381
    },
    "zerocrossingrate": {
        "dmean": 0.0165849328041,
        "dmean2": 0.0189068093896,
        "dvar": 0.000631980597973,
        "dvar2": 0.000742620613892,
        "max": 0.51416015625,
        "mean": 0.0536078438163,
        "median": 0.04541015625,
        "min": 0.001953125,
        "stdev": 0.0429510734975,
        "var": 0.00184479483869
    },
    "barkbands": {
        "dmean": [0.00145193585195, 0.0103148631752, 0.00515834474936, 0.00220982497558, 0.00276222056709, 0.00199123774655, 0.000828449032269, 0.00135279481765, 0.00119925034232, 0.000849222880788, 0.000709159299731, 0.000422168581281, 0.00030931897345, 0.000364156760043, 0.000302668369841, 0.000238080858253, 0.00021531090897, 0.000145573780173, 0.000145515034092, 0.000129506486701, 0.000122085970361, 0.000117834148114, 0.000213244988117, 0.000178837522981, 0.000121258162835, 4.97858563904e-05, 3.01531281366e-06],
        "dmean2": [0.00208154553548, 0.012827867642, 0.00794281344861, 0.00405467441306, 0.00450861966237, 0.00328882713802, 0.00128797383513, 0.00219831429422, 0.00190622301307, 0.00133970798925, 0.00122578628361, 0.00069360161433, 0.000503445742652, 0.000635251810309, 0.000505616015289, 0.000407782878028, 0.000368798006093, 0.000242961454205, 0.000240596738877, 0.000212151149753, 0.000200705602765, 0.000202440045541, 0.000374872703105, 0.000303338601952, 0.0001929935097, 8.0219047959e-05, 5.36860625289e-06],
        "dvar": [1.40034035212e-05, 0.000552888086531, 0.000216841770452, 4.94926716783e-05, 2.16055432247e-05, 1.12827765406e-05, 2.00039698939e-06, 9.15568671189e-06, 8.45942849992e-06, 3.69609892914e-06, 3.75941090169e-06, 8.36214383071e-07, 3.79724781396e-07, 6.73190299949e-07, 3.20588100067e-07, 3.47753484675e-07, 2.91299755872e-07, 1.23080752701e-07, 8.0379550127e-08, 7.67869252627e-08, 5.88253783462e-08, 6.21455669148e-08, 1.74577266421e-07, 8.94597818046e-08, 2.76615850225e-08, 5.86967763283e-09, 6.0422333803e-11],
        "dvar2": [2.92834574793e-05, 0.000915604003239, 0.000476070330478, 0.000138814692036, 5.43569876754e-05, 3.03157376038e-05, 4.78603988086e-06, 2.35434417846e-05, 2.13513794733e-05, 9.52971004153e-06, 1.03529464468e-05, 2.1228318019e-06, 9.52469065396e-07, 1.85644569228e-06, 8.29380269352e-07, 9.61279624789e-07, 8.01713440524e-07, 3.24745172975e-07, 2.18768079208e-07, 2.06184225249e-07, 1.53751912535e-07, 1.68404824308e-07, 4.73046810612e-07, 2.39776994704e-07, 6.44593285415e-08, 1.4488851896e-08, 1.68679903378e-10],
        "max": [0.0375322811306, 0.218204766512, 0.142010107636, 0.0781923979521, 0.0509384647012, 0.0386899411678, 0.0220097005367, 0.0406843274832, 0.0428759492934, 0.0354077331722, 0.0234017036855, 0.0176072008908, 0.00779995555058, 0.00983624812216, 0.00417359219864, 0.00459604430944, 0.00422761077061, 0.00300812534988, 0.00250356039032, 0.00264274934307, 0.00236183148809, 0.00181197933853, 0.00250835949555, 0.00180667289533, 0.00144967727829, 0.000815183797386, 6.80533557897e-05],
        "mean": [0.00292310724035, 0.0217130258679, 0.0057585532777, 0.00204143160954, 0.0053234603256, 0.00365465693176, 0.00162736570928, 0.00189367879648, 0.0016011192929, 0.00109905947465, 0.000725475954823, 0.000562894216273, 0.000395290029701, 0.000374139257474, 0.000358131888788, 0.000260827946477, 0.000218174318434, 0.000156090856763, 0.000189494065125, 0.000159332441399, 0.000143015044159, 0.000127127801534, 0.000184100645129, 0.000189629863598, 0.000182537754881, 5.9698948462e-05, 2.25925373343e-06],
        "median": [0.000216864747927, 0.00381548306905, 0.000195526343305, 0.000289404124487, 0.00300783477724, 0.00176972860936, 0.000841617991682, 0.000978813739493, 0.00049718975788, 0.00026366833481, 8.77625861904e-05, 0.000230264588026, 0.000117331735964, 0.000101232508314, 0.000102746889752, 5.42294546904e-05, 3.87992731703e-05, 4.2954528908e-05, 8.80049337866e-05, 9.30004171096e-05, 6.40569123789e-05, 4.57709138573e-05, 5.075201625e-05, 8.70430158102e-05, 0.000116205112136, 2.52762347372e-05, 3.84105192097e-07],
        "min": [4.75250120097e-24, 2.84285022967e-23, 8.67588986904e-24, 9.13541791241e-24, 5.70947294049e-23, 3.71829209023e-23, 2.01305943415e-23, 2.66050092935e-23, 7.94429379688e-23, 1.23044214212e-22, 8.53736005651e-23, 8.59012412256e-23, 1.67892471286e-22, 9.9273449622e-23, 1.55337869887e-22, 1.2979394793e-22, 1.67609150315e-22, 1.95818664824e-22, 2.42157629196e-22, 2.06532544498e-22, 5.46658039585e-22, 4.67626546221e-22, 6.63892867521e-22, 9.49446833207e-22, 1.03569889034e-21, 1.60866121282e-21, 2.20384462367e-21],
        "stdev": [0.00629522791132, 0.0392952933908, 0.0191714260727, 0.0065839625895, 0.00595969706774, 0.00458952318877, 0.0020689482335, 0.00315708154812, 0.00340057699941, 0.0022316116374, 0.00201944145374, 0.00112264347263, 0.000773190928157, 0.0008265961078, 0.000598545651883, 0.00056839507306, 0.000498481153045, 0.000323968561133, 0.00027420555125, 0.000254508951912, 0.000231546335272, 0.000224675459322, 0.000357353914296, 0.000275888334727, 0.000203978925128, 8.40933498694e-05, 6.29163241683e-06],
        "var": [3.96298928536e-05, 0.00154412002303, 0.000367543572793, 4.33485656686e-05, 3.55179909093e-05, 2.10637226701e-05, 4.28054727308e-06, 9.96716426016e-06, 1.15639231808e-05, 4.98009012517e-06, 4.07814422942e-06, 1.26032830394e-06, 5.97824168835e-07, 6.83261134782e-07, 3.58256869504e-07, 3.23072981701e-07, 2.48483473797e-07, 1.04955624636e-07, 7.51886872763e-08, 6.47748095162e-08, 5.36137072515e-08, 5.04790627076e-08, 1.27701824226e-07, 7.6114375247e-08, 4.16074001919e-08, 7.0716912326e-09, 3.95846376511e-11]
    },
    "erbbands": {
        "dmean": [0.438550829887, 2.13419938087, 5.4379491806, 7.03859519958, 5.66133785248, 10.5498466492, 20.9614753723, 12.4751281738, 11.6457099915, 14.2445688248, 33.4246177673, 25.4681568146, 22.6331863403, 38.7183799744, 18.662021637, 16.2765808105, 13.4321784973, 16.7518177032, 19.5897407532, 13.0236911774, 13.5072822571, 9.74399757385, 8.14643478394, 6.72947406769, 7.44887781143, 6.45588445663, 5.09336709976, 4.46735906601, 4.051030159, 5.19375801086, 5.96075439453, 4.48774242401, 2.70233273506, 1.65881252289, 0.74239552021, 0.283964633942, 0.0876090228558, 0.0102008804679, 0.000308327027597, 2.65007038251e-05],
        "dmean2": [0.514392018318, 2.97573447227, 8.32975101471, 11.9011917114, 10.2400283813, 16.8688583374, 32.9596443176, 21.0129051208, 18.7119407654, 22.1317424774, 54.346206665, 40.5553779602, 36.7591323853, 64.5323791504, 30.7171154022, 26.8264312744, 21.7253017426, 28.7214183807, 32.8344230652, 21.4466838837, 23.0426864624, 16.4034252167, 13.6734724045, 10.6319713593, 12.3822841644, 10.5760669708, 8.45475769043, 7.34181261063, 6.89666080475, 9.07607460022, 10.4224538803, 7.83004999161, 4.4770488739, 2.69684171677, 1.17820584774, 0.454861938953, 0.144857525826, 0.0172916017473, 0.000531497644261, 3.75826239178e-05],
        "dvar": [0.999779462814, 27.1293716431, 214.921508789, 422.974700928, 250.538146973, 333.188262939, 1146.47058105, 577.12902832, 479.344482422, 572.94543457, 6072.38378906, 4198.22363281, 3187.30859375, 7624.17431641, 2121.58520508, 819.938781738, 786.556152344, 1287.70690918, 1481.10974121, 724.044189453, 1269.47058105, 598.61138916, 418.250183105, 153.596755981, 259.435852051, 206.527328491, 103.232849121, 79.2906265259, 68.5489654541, 100.358718872, 134.63899231, 73.4862518311, 18.0089569092, 6.35920858383, 1.07721149921, 0.216935455799, 0.0172149650753, 0.000356034375727, 4.46806950549e-07, 1.38255651372e-09],
        "dvar2": [1.32251870632, 59.2992477417, 485.58380127, 1123.36865234, 708.948242188, 749.085327148, 2705.01708984, 1577.34484863, 1209.7779541, 1326.59204102, 15759.7177734, 10382.9287109, 8700.88574219, 20295.1230469, 5697.70361328, 2079.19140625, 1926.63049316, 3422.57519531, 3997.03491211, 1880.36218262, 3551.96777344, 1620.49707031, 1108.46936035, 391.685028076, 722.414978027, 555.237915039, 271.953277588, 206.977325439, 185.148757935, 271.151092529, 361.184295654, 200.085449219, 47.5423469543, 16.4345779419, 2.34201359749, 0.519531607628, 0.0433821305633, 0.000938546902034, 1.22373012346e-06, 2.81539547231e-09],
        "max": [10.6973676682, 42.9031524658, 136.104873657, 232.625930786, 164.221084595, 191.11932373, 345.011108398, 333.89352417, 333.823425293, 282.733978271, 999.164428711, 1019.42553711, 837.709899902, 808.97833252, 818.071472168, 363.124908447, 413.143218994, 565.442016602, 397.229522705, 251.675384521, 282.123413086, 271.268798828, 176.233779907, 102.408988953, 146.892242432, 140.339141846, 80.5199584961, 82.1634597778, 60.4987106323, 89.2806015015, 73.9369277954, 52.7965202332, 28.2957077026, 23.5410957336, 13.5296487808, 5.17089033127, 1.00056302547, 0.155098095536, 0.00548814516515, 0.000255008839304],
        "mean": [1.01478755474, 3.38724374771, 6.16558837891, 7.38801908493, 6.623026371, 19.9151973724, 43.1880493164, 20.7846603394, 22.1516132355, 27.3759670258, 46.4598846436, 35.5745315552, 30.4551639557, 44.5841064453, 26.2017116547, 22.0599937439, 18.4708766937, 18.9444007874, 22.1035919189, 15.5940351486, 14.6043844223, 10.6521129608, 9.01177883148, 8.8951215744, 9.36176013947, 7.81125736237, 6.0651216507, 5.24349689484, 4.47420597076, 4.82634687424, 5.24856615067, 4.20154809952, 3.14674282074, 2.40342950821, 1.06366097927, 0.368472009897, 0.0946881845593, 0.00991302356124, 0.000306609290419, 7.05702550476e-05],
        "median": [0.111945867538, 0.559691369534, 0.26433339715, 0.904314815998, 2.63736319542, 9.2702589035, 16.008146286, 13.4192934036, 13.5142707825, 13.7845983505, 22.6106948853, 12.3508167267, 9.38549900055, 10.5769872665, 8.09809970856, 8.75137042999, 6.26284694672, 5.88894224167, 6.57375335693, 3.89048695564, 3.47936964035, 2.29525518417, 2.36633682251, 3.30887126923, 4.76812553406, 4.47577857971, 2.76212644577, 2.32238411903, 1.75367331505, 1.37857878208, 1.61959207058, 1.58288669586, 1.54802429676, 1.51126682758, 0.671798944473, 0.177190378308, 0.0352861732244, 0.00335508189164, 0.000122646306409, 5.16250729561e-05],
        "min": [5.65882920634e-22, 7.33696197858e-21, 1.25558431804e-20, 2.1332372459e-20, 1.3445014356e-19, 1.98069884016e-19, 1.63857913601e-19, 3.66158735977e-19, 3.02911058775e-19, 4.0582114162e-19, 6.32789342893e-19, 1.42283109691e-18, 5.06963405079e-18, 3.23272006155e-18, 2.49207556917e-18, 4.12581394083e-18, 5.16296856162e-18, 7.79991778404e-18, 5.43843831716e-18, 8.65648812376e-18, 7.91711521477e-18, 8.66780726326e-18, 1.10765803681e-17, 1.00713441656e-17, 1.27021308924e-17, 1.24326892156e-17, 2.34681462995e-17, 1.78502432903e-17, 1.81511881407e-17, 1.40926099216e-17, 1.79908524139e-17, 2.17681594462e-17, 1.60968106432e-17, 1.08203148512e-17, 7.87636250753e-18, 5.97600314493e-18, 3.17663349371e-18, 1.11703555594e-18, 3.02977776061e-19, 3.28136829821e-20],
        "stdev": [1.83456587791, 6.73145961761, 18.6435985565, 20.7542953491, 14.5989923477, 27.2614021301, 59.3550872803, 27.8397426605, 27.6411113739, 36.1518135071, 79.968460083, 75.8464355469, 63.7293319702, 89.2146987915, 59.8262138367, 36.1618118286, 36.2832603455, 37.1687011719, 39.768611908, 30.1657238007, 32.6084899902, 23.3821659088, 18.6807975769, 13.2894124985, 14.4440469742, 12.9986028671, 9.66004180908, 8.49027729034, 7.56469154358, 8.87516212463, 10.0813388824, 7.34641075134, 4.22183799744, 2.76362228394, 1.30221867561, 0.53036737442, 0.134576097131, 0.0173159893602, 0.000569850672036, 5.73763318243e-05],
        "var": [3.36563205719, 45.3125495911, 347.58380127, 430.740814209, 213.130584717, 743.184020996, 3523.02661133, 775.051269531, 764.031066895, 1306.95373535, 6394.95458984, 5752.68212891, 4061.42797852, 7959.26220703, 3579.17602539, 1307.67651367, 1316.47497559, 1381.5123291, 1581.54248047, 909.97088623, 1063.31359863, 546.725708008, 348.972229004, 176.608474731, 208.630493164, 168.963684082, 93.3164138794, 72.0848007202, 57.2245559692, 78.7685089111, 101.633399963, 53.9697532654, 17.8239154816, 7.63760852814, 1.69577360153, 0.281289547682, 0.018110724166, 0.000299843464745, 3.24729768408e-07, 3.29204330463e-09]
    },
    "gfcc": {
        "mean": [8.40723896027, 76.4214248657, -96.9690475464, 13.7703924179, -77.9652709961, 13.3872690201, -48.2178421021, 12.7809057236, -31.1744632721, 10.4187812805, -12.2902011871, -0.144392073154, -5.04017877579],
        "cov": [[4515.33496094, -239.913726807, -114.116073608, 690.01574707, 308.616271973, 479.093658447, 230.06022644, 310.550170898, 190.393264771, -4.0839138031, -112.565315247, 93.7536849976, -18.5911598206], [-239.913726807, 1408.13439941, 534.236633301, 377.567443848, 707.703308105, 214.087554932, 419.88394165, 220.198608398, 215.13822937, 94.8455963135, 261.074584961, -32.919178009, 133.701049805], [-114.116073608, 534.236633301, 1306.01513672, 612.764465332, 484.031311035, 397.042175293, 290.201049805, 259.387084961, 263.257141113, 173.841247559, 184.437927246, 95.1251983643, -15.1157274246], [690.01574707, 377.567443848, 612.764465332, 828.140014648, 481.53225708, 319.724395752, 313.664306641, 263.129486084, 296.923706055, 65.246307373, 118.731971741, 94.0865325928, 58.2363052368], [308.616271973, 707.703308105, 484.031311035, 481.53225708, 735.989746094, 302.175079346, 351.055236816, 278.425170898, 248.743667603, 110.027137756, 156.583831787, 54.3729438782, 82.3868713379], [479.093658447, 214.087554932, 397.042175293, 319.724395752, 302.175079346, 463.926330566, 304.637176514, 151.628067017, 180.969345093, 105.61857605, 84.5027542114, 33.2134475708, -17.3829479218], [230.06022644, 419.88394165, 290.201049805, 313.664306641, 351.055236816, 304.637176514, 416.861053467, 183.139282227, 169.500228882, 97.1412658691, 103.329879761, 32.6172676086, 8.09366893768], [310.550170898, 220.198608398, 259.387084961, 263.129486084, 278.425170898, 151.628067017, 183.139282227, 273.146850586, 163.772918701, 73.8077926636, 90.1491012573, 53.8477210999, 52.71875], [190.393264771, 215.13822937, 263.257141113, 296.923706055, 248.743667603, 180.969345093, 169.500228882, 163.772918701, 243.214126587, 77.8097610474, 56.1716995239, 61.2067947388, 39.0179710388], [-4.0839138031, 94.8455963135, 173.841247559, 65.246307373, 110.027137756, 105.61857605, 97.1412658691, 73.8077926636, 77.8097610474, 152.973251343, 74.7730178833, 39.9512519836, 14.5895824432], [-112.565315247, 261.074584961, 184.437927246, 118.731971741, 156.583831787, 84.5027542114, 103.329879761, 90.1491012573, 56.1716995239, 74.7730178833, 174.824661255, 26.1220798492, 48.7118759155], [93.7536849976, -32.919178009, 95.1251983643, 94.0865325928, 54.3729438782, 33.2134475708, 32.6172676086, 53.8477210999, 61.2067947388, 39.9512519836, 26.1220798492, 112.813674927, 31.3779182434], [-18.5911598206, 133.701049805, -15.1157274246, 58.2363052368, 82.3868713379, -17.3829479218, 8.09366893768, 52.71875, 39.0179710388, 14.5895824432, 48.7118759155, 31.3779182434, 124.775024414]],
        "icov": [[0.000421974196797, -0.000163721837453, 0.000479619106045, -0.000649569206871, 8.61404114403e-05, -0.000782837392762, 0.000568818475585, -0.000749902334064, 0.000665110477712, -0.000266751449089, 0.000657429161947, -0.000403447862482, 0.000381595396902], [-0.000163721837453, 0.00298137310892, -0.00109921465628, 0.00117179634981, -0.00218154559843, 0.00198383955285, -0.00271595967934, 0.00192509614863, -0.00164092495106, 0.00139116332866, -0.00246221176349, 0.00287778466009, -0.00223149429075], [0.000479619106045, -0.00109921465628, 0.00243891915306, -0.00188698631246, 0.00039956512046, -0.00197684252635, 0.00213153217919, -0.00160390802193, 0.00129334314261, -0.00155629904475, 0.000660397054162, -0.00162136135623, 0.00235311291181], [-0.000649569206871, 0.00117179634981, -0.00188698631246, 0.0046270173043, -0.00135835330002, 0.00144798948895, -0.0023201208096, 0.00144334638026, -0.0035537253134, 0.00290898419917, -0.00188565056305, 0.000647351320367, -0.00175678741653], [8.61404114403e-05, -0.00218154559843, 0.00039956512046, -0.00135835330002, 0.00505562918261, -0.00149891711771, 0.000559354200959, -0.00239170971327, 0.00053048908012, -0.000899109989405, 0.00125143805053, -0.0012494714465, 0.000224998380872], [-0.000782837392762, 0.00198383955285, -0.00197684252635, 0.00144798948895, -0.00149891711771, 0.00762338377535, -0.00515138404444, 0.00283289700747, -0.00335763162002, 0.000321696512401, -0.00239513069391, 0.00276569789276, -0.000716837763321], [0.000568818475585, -0.00271595967934, 0.00213153217919, -0.0023201208096, 0.000559354200959, -0.00515138404444, 0.00938758905977, -0.00363679439761, 0.00204782700166, -0.00236924481578, 0.00175383884925, -0.00258820899762, 0.00377958803438], [-0.000749902334064, 0.00192509614863, -0.00160390802193, 0.00144334638026, -0.00239170971327, 0.00283289700747, -0.00363679439761, 0.0102972807363, -0.00466588279232, 0.000995130394585, -0.00338125810958, 0.0015610473929, -0.00291327340528], [0.000665110477712, -0.00164092495106, 0.00129334314261, -0.0035537253134, 0.00053048908012, -0.00335763162002, 0.00204782700166, -0.00466588279232, 0.0126576479524, -0.00364504661411, 0.00416604382917, -0.0034431098029, 0.00040075488505], [-0.000266751449089, 0.00139116332866, -0.00155629904475, 0.00290898419917, -0.000899109989405, 0.000321696512401, -0.00236924481578, 0.000995130394585, -0.00364504661411, 0.0120990136638, -0.0046535814181, -0.00090700306464, -0.000934996875003], [0.000657429161947, -0.00246221176349, 0.000660397054162, -0.00188565056305, 0.00125143805053, -0.00239513069391, 0.00175383884925, -0.00338125810958, 0.00416604382917, -0.0046535814181, 0.0124689554796, -0.00219980138354, -0.00122200092301], [-0.000403447862482, 0.00287778466009, -0.00162136135623, 0.000647351320367, -0.0012494714465, 0.00276569789276, -0.00258820899762, 0.0015610473929, -0.0034431098029, -0.00090700306464, -0.00219980138354, 0.0146245127544, -0.00455986661837], [0.000381595396902, -0.00223149429075, 0.00235311291181, -0.00175678741653, 0.000224998380872, -0.000716837763321, 0.00377958803438, -0.00291327340528, 0.00040075488505, -0.000934996875003, -0.00122200092301, -0.00455986661837, 0.0139124849811]]
    },
    "melbands": {
        "dmean": [0.00318368896842, 0.00262058433145, 0.00112993072253, 0.000505587842781, 0.00068088399712, 0.000294038531138, 0.00017869308067, 0.000177718291525, 0.000265128328465, 0.000162402284332, 0.000114854126878, 0.000161265197676, 8.05923846201e-05, 4.82909199491e-05, 3.42512030329e-05, 3.06127622025e-05, 3.16193945764e-05, 3.40627775586e-05, 1.88501253433e-05, 1.90528153325e-05, 1.67668949871e-05, 1.17009894893e-05, 7.65645836509e-06, 7.20528441889e-06, 5.46878118257e-06, 5.93609820498e-06, 4.74331545774e-06, 4.33910372521e-06, 3.12575798489e-06, 3.23014705828e-06, 2.43773683906e-06, 2.26898623623e-06, 2.53956909546e-06, 3.24573784383e-06, 3.41649570146e-06, 3.60050034942e-06, 2.45413889388e-06, 1.9899327981e-06, 1.63530319242e-06, 1.39193002724e-06],
        "dmean2": [0.00382856768556, 0.00383497937582, 0.00191094435286, 0.000847673800308, 0.00107073481195, 0.000493900326546, 0.000287396804197, 0.000276455219137, 0.000430603569839, 0.000258357817074, 0.000186981982552, 0.000266375456704, 0.000134957328555, 7.89756086306e-05, 5.63268149563e-05, 5.0033446314e-05, 5.49362121092e-05, 5.74351288378e-05, 3.16245968861e-05, 3.2535965147e-05, 2.89607469313e-05, 2.00214326469e-05, 1.27261964735e-05, 1.20350432553e-05, 8.5914562078e-06, 9.91893648461e-06, 7.90946978668e-06, 7.11772463546e-06, 5.24195002072e-06, 5.36636025572e-06, 4.02151090384e-06, 3.87453837902e-06, 4.3763989197e-06, 5.75334706809e-06, 5.95316168983e-06, 6.33702620689e-06, 4.28845123679e-06, 3.36706580129e-06, 2.63588481175e-06, 2.29831789511e-06],
        "dvar": [5.29895660293e-05, 3.82492180506e-05, 1.03718248283e-05, 1.01575915323e-06, 1.06188633708e-06, 2.92573702154e-07, 1.03543420948e-07, 9.30454433501e-08, 3.64606250969e-07, 1.72203371562e-07, 8.53788577615e-08, 1.32215930648e-07, 4.51265194101e-08, 1.1550167045e-08, 4.41064251788e-09, 3.55916451866e-09, 4.74402206407e-09, 4.92833907018e-09, 1.38243605452e-09, 2.00977323672e-09, 1.9371690918e-09, 8.86751894136e-10, 3.05303615722e-10, 2.8911451011e-10, 8.77759948059e-11, 1.56177737409e-10, 1.0165311648e-10, 9.14285869236e-11, 3.51014911582e-11, 4.96587215792e-11, 1.94597706005e-11, 2.18067577884e-11, 2.84295330333e-11, 3.8910187572e-11, 4.40929202872e-11, 5.34163858978e-11, 2.02649078074e-11, 1.10307821904e-11, 6.81649355017e-12, 4.59277711348e-12],
        "dvar2": [7.48692618799e-05, 8.95038683666e-05, 2.74698777503e-05, 2.66507322522e-06, 2.52751374319e-06, 8.05718627817e-07, 2.56075821881e-07, 2.21458549277e-07, 9.4634395964e-07, 4.3192000021e-07, 2.32891778751e-07, 3.4902532775e-07, 1.2125398996e-07, 2.81912306832e-08, 1.16854419474e-08, 8.85336604028e-09, 1.26739294615e-08, 1.34950841613e-08, 3.61167207252e-09, 5.4252664583e-09, 5.38691358187e-09, 2.43395326116e-09, 7.97481025661e-10, 7.50876749667e-10, 2.19514351141e-10, 4.36373270851e-10, 2.77386363878e-10, 2.4552818112e-10, 9.37584662686e-11, 1.29210420141e-10, 5.0538493529e-11, 5.97486643494e-11, 7.67671065605e-11, 1.05547758034e-10, 1.18807463867e-10, 1.45502304649e-10, 5.47727904698e-11, 2.94790129807e-11, 1.75387239454e-11, 1.1989869167e-11],
        "max": [0.0734684616327, 0.0463925525546, 0.0319932810962, 0.012616513297, 0.00958335865289, 0.0073049524799, 0.0051607247442, 0.00361691764556, 0.00702608143911, 0.00603689346462, 0.00405383715406, 0.00391684286296, 0.00322376308031, 0.00229907315224, 0.000638980243821, 0.000833709025756, 0.000939804594964, 0.000781277776696, 0.000257080479059, 0.000328560301568, 0.000359715486411, 0.000261877488811, 0.000153106258949, 0.000136197093525, 8.0450787209e-05, 0.000121290460811, 8.53049205034e-05, 9.97071329039e-05, 5.09314304509e-05, 6.98738804203e-05, 4.2335530452e-05, 3.66525709978e-05, 4.53367938462e-05, 5.14871608175e-05, 4.79548725707e-05, 4.40168550995e-05, 2.77585331787e-05, 2.39078490267e-05, 3.188690971e-05, 2.03748131753e-05],
        "mean": [0.00735695799813, 0.00341233820654, 0.00123810570221, 0.000858305487782, 0.00142239744309, 0.000502442650031, 0.000344570697052, 0.000316861027386, 0.000361100479495, 0.00022016800358, 0.000150996042066, 0.00018418043328, 9.72335328697e-05, 6.82130266796e-05, 4.24339414167e-05, 4.00250246457e-05, 3.34305004799e-05, 3.66186468455e-05, 2.23775914492e-05, 1.99674632313e-05, 1.70569110196e-05, 1.18949210446e-05, 8.15408930066e-06, 7.99528697826e-06, 6.97457244314e-06, 7.3562405305e-06, 5.74302339373e-06, 5.02922557644e-06, 3.81074119105e-06, 3.40431029144e-06, 2.90619345833e-06, 2.45067803917e-06, 2.58811746789e-06, 2.78495008388e-06, 2.97922269965e-06, 3.0589844755e-06, 2.34937715504e-06, 2.12711529457e-06, 2.2420017558e-06, 1.97356553144e-06],
        "median": [0.00110962765757, 0.000408935156884, 0.000206101831282, 0.000380232057068, 0.000699941068888, 0.000309237686452, 0.000209277161048, 0.00017460170784, 0.000167221151059, 6.52485032333e-05, 4.42031305283e-05, 3.7861718738e-05, 1.92941733985e-05, 2.91403684969e-05, 1.36065818879e-05, 1.22460087368e-05, 9.21040646062e-06, 1.01009627542e-05, 6.00838347964e-06, 3.78346453545e-06, 3.71490546058e-06, 1.99829491976e-06, 1.91296135199e-06, 2.00369686354e-06, 2.49918139161e-06, 3.43192300534e-06, 3.17867488775e-06, 2.61409445557e-06, 1.72992145053e-06, 1.32198556457e-06, 1.35858317662e-06, 9.92145942291e-07, 7.83861139553e-07, 6.9430802796e-07, 9.26263794554e-07, 8.83174720911e-07, 9.68466679296e-07, 9.24213111375e-07, 1.30384808017e-06, 1.27730459099e-06],
        "min": [7.40008484855e-24, 7.66216574051e-24, 6.43388406753e-24, 1.41770879111e-23, 5.42202875048e-24, 7.80974268321e-24, 4.42744988169e-24, 4.40162809768e-24, 5.18124315866e-24, 1.09111406546e-23, 2.5249725748e-23, 1.21012406709e-23, 9.55578532272e-24, 8.56732130924e-24, 8.7626748238e-24, 1.77546399583e-23, 1.37616974242e-23, 7.16956628141e-24, 1.38175093333e-23, 1.08200358975e-23, 9.19747365552e-24, 8.68725025493e-24, 1.15616740112e-23, 7.32963878085e-24, 8.11626089882e-24, 9.18831971357e-24, 7.62451419836e-24, 7.9438127495e-24, 1.28861643714e-23, 1.46482997733e-23, 8.8109310231e-24, 1.23498146865e-23, 6.25111091224e-24, 8.26271134815e-24, 8.47434537408e-24, 1.42503809778e-23, 1.33287421605e-23, 1.10029719526e-23, 1.07004311737e-23, 8.46038490265e-24],
        "stdev": [0.0130854528397, 0.00754761276767, 0.00330853019841, 0.00121079781093, 0.00172987766564, 0.000634519150481, 0.000421612669015, 0.000408240302932, 0.000626698834822, 0.000484363001306, 0.000325749075273, 0.000378774915589, 0.000250026205322, 0.000142568183946, 7.57503948989e-05, 7.42744305171e-05, 6.95296985214e-05, 7.19445379218e-05, 3.94744965888e-05, 4.41467454948e-05, 4.0164028178e-05, 2.76326954918e-05, 1.68351762113e-05, 1.60609542945e-05, 1.04643640952e-05, 1.13975866043e-05, 9.08586298465e-06, 8.70081112225e-06, 5.76849970457e-06, 6.45928321319e-06, 4.37103153672e-06, 4.19458547185e-06, 4.84007296109e-06, 5.38447420695e-06, 5.77692753723e-06, 6.1573232415e-06, 3.92381843994e-06, 3.1249408039e-06, 2.85938881461e-06, 2.28451449402e-06],
        "var": [0.000171229083207, 5.6966458942e-05, 1.09463726403e-05, 1.46603133544e-06, 2.99247676594e-06, 4.02614517725e-07, 1.77757243591e-07, 1.66660143464e-07, 3.92751445588e-07, 2.34607512084e-07, 1.06112452158e-07, 1.43470430203e-07, 6.25131093557e-08, 2.03256860232e-08, 5.73812197757e-09, 5.51669065985e-09, 4.83437911925e-09, 5.1760160602e-09, 1.55823576264e-09, 1.94893523542e-09, 1.61314905878e-09, 7.63565821682e-10, 2.83423173819e-10, 2.57954269056e-10, 1.09502913681e-10, 1.29904975665e-10, 8.25529020143e-11, 7.57041165866e-11, 3.32755906163e-11, 4.17223373905e-11, 1.91059182364e-11, 1.75945473468e-11, 2.34263060339e-11, 2.89925635583e-11, 3.3372891256e-11, 3.79126278982e-11, 1.53963525956e-11, 9.76525544455e-12, 8.17610389114e-12, 5.21900665046e-12]
    },
    "melbands128": {
