{
"lowlevel": {
    "average_loudness": 0.961610198021,
    "barkbands_crest": {
        "dmean": 3.400847435,
        "dmean2": 5.12192392349,
        "dvar": 9.54639720917,
        "dvar2": 21.6440734863,
        "max": 26.3238697052,
        "mean": 12.1173820496,
        "median": 11.150847435,
        "min": 2.58121228218,
        "stdev": 4.88209152222,
        "var": 23.8348197937
    },
    "barkbands_flatness_db": {
        "dmean": 0.0375837869942,
        "dmean2": 0.0546976812184,
        "dvar": 0.00148418417666,
        "dvar2": 0.00309321284294,
        "max": 0.388178676367,
        "mean": 0.158198714256,
        "median": 0.148864239454,
        "min": 0.0247276742011,
        "stdev": 0.062599517405,
        "var": 0.00391869992018
    },
    "barkbands_kurtosis": {
        "dmean": 11.0569210052,
        "dmean2": 17.613451004,
        "dvar": 704.500183105,
        "dvar2": 1657.46142578,
        "max": 297.808166504,
        "mean": 11.6330213547,
        "median": 3.268055439,
        "min": -1.74328994751,
        "stdev": 27.6208972931,
        "var": 762.91394043
    },
    "barkbands_skewness": {
        "dmean": 1.15178203583,
        "dmean2": 1.7098647356,
        "dvar": 2.25709533691,
        "dvar2": 5.00502490997,
        "max": 16.5731754303,
        "mean": 2.34019875526,
        "median": 1.85824167728,
        "min": -0.979785680771,
        "stdev": 2.08325791359,
        "var": 4.33996391296
    },
    "barkbands_spread": {
        "dmean": 8.92401313782,
        "dmean2": 13.7767601013,
        "dvar": 118.766540527,
        "dvar2": 277.803588867,
        "max": 102.020759583,
        "mean": 21.7449798584,
        "median": 19.856464386,
        "min": 0.739078760147,
        "stdev": 14.3724565506,
        "var": 206.567520142
    },
    "dissonance": {
        "dmean": 0.0236912127584,
        "dmean2": 0.0396390706301,
        "dvar": 0.000692035595421,
        "dvar2": 0.00176271016244,
        "max": 0.499802410603,
        "mean": 0.457516700029,
        "median": 0.468300074339,
        "min": 0.194210067391,
        "stdev": 0.0365000106394,
        "var": 0.00133225088939
    },
    "dynamic_complexity": 2.53427386284,
    "erbbands_crest": {
        "dmean": 2.993090868,
        "dmean2": 4.84972572327,
        "dvar": 7.86798191071,
        "dvar2": 17.960395813,
        "max": 33.039352417,
        "mean": 9.22029972076,
        "median": 8.26975536346,
        "min": 2.12020897865,
        "stdev": 4.23475503922,
        "var": 17.9331493378
    },
    "erbbands_flatness_db": {
        "dmean": 0.0258469041437,
        "dmean2": 0.0359174646437,
        "dvar": 0.000538650609087,
        "dvar2": 0.00100041134283,
        "max": 0.435606449842,
        "mean": 0.145165652037,
        "median": 0.137433499098,
        "min": 0.046399988234,
        "stdev": 0.0487859025598,
        "var": 0.00238006422296
    },
    "erbbands_kurtosis": {
        "dmean": 1.38824057579,
        "dmean2": 2.16966247559,
        "dvar": 8.14228153229,
        "dvar2": 17.5244102478,
        "max": 64.7396697998,
        "mean": 0.670856654644,
        "median": -0.194312810898,
        "min": -1.85836660862,
        "stdev": 3.39418840408,
        "var": 11.5205154419
    },
    "erbbands_skewness": {
        "dmean": 0.493963599205,
        "dmean2": 0.7506326437,
        "dvar": 0.262809336185,
        "dvar2": 0.566061615944,
        "max": 6.86230897903,
        "mean": 0.467910200357,
        "median": 0.42829182744,
        "min": -2.64963507652,
        "stdev": 0.874550759792,
        "var": 0.764838993549
    },
    "erbbands_spread": {
        "dmean": 15.226228714,
        "dmean2": 23.1054878235,
        "dvar": 289.621154785,
        "dvar2": 694.553955078,
        "max": 165.924057007,
        "mean": 46.5645599365,
        "median": 43.1093444824,
        "min": 2.07443094254,
        "stdev": 24.7034244537,
        "var": 610.259155273
    },
    "hfc": {
        "dmean": 11.1003112793,
        "dmean2": 15.9708805084,
        "dvar": 221.335845947,
        "dvar2": 504.458709717,
        "max": 130.920166016,
        "mean": 21.6086673737,
        "median": 17.5725479126,
        "min": 0.000408082822105,
        "stdev": 19.0747680664,
        "var": 363.84677124
    },
    "loudness_ebu128": {
        "integrated": -8.88883399963,
        "loudness_range": 1.26066875458,
        "momentary": {
            "dmean": 0.659815251827,
            "dmean2": 1.01434612274,
            "dvar": 0.270749866962,
            "dvar2": 0.628703713417,
            "max": -6.9287405014,
            "mean": -9.03064823151,
            "median": -8.82166004181,
            "min": -14.7224969864,
            "stdev": 1.16742396355,
            "var": 1.36287879944
        },
        "short_term": {
            "dmean": 0.077659972012,
            "dmean2": 0.110729172826,
            "dvar": 0.0031754761003,
            "dvar2": 0.00593038788065,
            "max": -7.97379398346,
            "mean": -8.87843132019,
            "median": -9.00207519531,
            "min": -9.59618759155,
            "stdev": 0.429742634296,
            "var": 0.184678733349
        }
    },
    "melbands_crest": {
        "dmean": 4.74083471298,
        "dmean2": 7.18103981018,
        "dvar": 18.6536197662,
        "dvar2": 40.1623039246,
        "max": 37.0847511292,
        "mean": 18.7856407166,
        "median": 17.6154289246,
        "min": 4.60751199722,
        "stdev": 7.56137895584,
        "var": 57.1744537354
    },
    "melbands_flatness_db": {
        "dmean": 0.0449372529984,
        "dmean2": 0.0642616897821,
        "dvar": 0.00209984509274,
        "dvar2": 0.00449000950903,
        "max": 0.516459405422,
        "mean": 0.236284390092,
        "median": 0.227988749743,
        "min": 0.064945153892,
        "stdev": 0.0751171261072,
        "var": 0.00564258312806
    },
    "melbands_kurtosis": {
        "dmean": 30.6728839874,
        "dmean2": 48.2748222351,
        "dvar": 5237.55712891,
        "dvar2": 12443.4277344,
        "max": 825.766906738,
        "mean": 33.9383811951,
        "median": 12.6888771057,
        "min": -1.66246974468,
        "stdev": 73.8258056641,
        "var": 5450.24951172
    },
    "melbands_skewness": {
        "dmean": 1.68580579758,
        "dmean2": 2.49757099152,
        "dvar": 5.09426832199,
        "dvar2": 11.7037477493,
        "max": 22.6302165985,
        "mean": 3.74115133286,
        "median": 3.01187968254,
        "min": -0.599263250828,
        "stdev": 3.03648543358,
        "var": 9.22024345398
    },
    "melbands_spread": {
        "dmean": 8.60297012329,
        "dmean2": 13.2295684814,
        "dvar": 115.778999329,
        "dvar2": 287.742431641,
        "max": 135.168045044,
        "mean": 19.2893428802,
        "median": 17.0934238434,
        "min": 0.492073178291,
        "stdev": 13.9535360336,
        "var": 194.701156616
    },
    "pitch_salience": {
        "dmean": 0.0939531177282,
        "dmean2": 0.145307704806,
        "dvar": 0.00808215327561,
        "dvar2": 0.0175538435578,
        "max": 0.878963768482,
        "mean": 0.461238473654,
        "median": 0.467224240303,
        "min": 0.0577443540096,
        "stdev": 0.14270183444,
        "var": 0.0203638151288
    },
    "silence_rate_20dB": {
        "dmean": 0,
        "dmean2": 0,
        "dvar": 0,
        "dvar2": 0,
        "max": 1,
        "mean": 1,
        "median": 1,
        "min": 1,
        "stdev": 0,
        "var": 0
    },
    "silence_rate_30dB": {
        "dmean": 0.109907120466,
        "dmean2": 0.2199845016,
        "dvar": 0.0978266745806,
        "dvar2": 0.20876942575,
        "max": 1,
        "mean": 0.888631105423,
        "median": 1,
        "min": 0,
        "stdev": 0.314590454102,
        "var": 0.0989671573043
    },
    "silence_rate_60dB": {
        "dmean": 0.00696594407782,
        "dmean2": 0.0131680862978,
        "dvar": 0.0069174929522,
        "dvar2": 0.0145439961925,
        "max": 1,
        "mean": 0.0116009283811,
        "median": 0,
        "min": 0,
        "stdev": 0.107080675662,
        "var": 0.011466271244
    },
    "spectral_centroid": {
        "dmean": 390.631439209,
        "dmean2": 602.168701172,
        "dvar": 185896.375,
        "dvar2": 432590.8125,
        "max": 3904.79980469,
        "mean": 1410.57275391,
        "median": 1389.5234375,
        "min": 195.699584961,
        "stdev": 633.767700195,
        "var": 401661.53125
    },
    "spectral_complexity": {
        "dmean": 6.00464391708,
        "dmean2": 8.75445365906,
        "dvar": 60.4645576477,
        "dvar2": 123.382759094,
        "max": 59,
        "mean": 17.4284610748,
        "median": 16,
        "min": 0,
        "stdev": 11.1399230957,
        "var": 124.097885132
    },
    "spectral_decrease": {
        "dmean": 6.22399243255e-09,
        "dmean2": 9.07983466192e-09,
        "dvar": 8.03863119004e-17,
        "dvar2": 1.80277251477e-16,
        "max": -2.50603438825e-13,
        "mean": -1.18405729665e-08,
        "median": -7.76756525767e-09,
        "min": -6.74701610137e-08,
        "stdev": 1.16608989131e-08,
        "var": 1.35976554833e-16
    },
    "spectral_energy": {
        "dmean": 0.0241730883718,
        "dmean2": 0.0351065658033,
        "dvar": 0.00116719910875,
        "dvar2": 0.0026101176627,
        "max": 0.256502181292,
        "mean": 0.0466490238905,
        "median": 0.0312811546028,
        "min": 9.828512475e-07,
        "stdev": 0.0447886623442,
        "var": 0.00200602412224
    },
    "spectral_energyband_high": {
        "dmean": 0.000787666707765,
        "dmean2": 0.00116254086606,
        "dvar": 1.689276246e-06,
        "dvar2": 3.64398715647e-06,
        "max": 0.0123184761032,
        "mean": 0.000991914072074,
        "median": 0.00044226765749,
        "min": 1.37226825458e-08,
        "stdev": 0.00150103692431,
        "var": 2.25311168833e-06
    },
    "spectral_energyband_low": {
        "dmean": 0.0186232570559,
        "dmean2": 0.0274693723768,
        "dvar": 0.00113069370855,
        "dvar2": 0.00255072396249,
        "max": 0.220975384116,
        "mean": 0.0282893162221,
        "median": 0.0127025842667,
        "min": 1.32219772908e-08,
        "stdev": 0.0398825854063,
        "var": 0.00159062072635
    },
    "spectral_energyband_middle_high": {
        "dmean": 0.00334484619088,
        "dmean2": 0.00500083854422,
        "dvar": 2.12360664591e-05,
        "dvar2": 4.96305001434e-05,
        "max": 0.0562811717391,
        "mean": 0.00589077174664,
        "median": 0.00378938112408,
        "min": 5.87742405855e-08,
        "stdev": 0.00662478338927,
        "var": 4.38877541455e-05
    },
    "spectral_energyband_middle_low": {
        "dmean": 0.00712273363024,
        "dmean2": 0.0111521780491,
        "dvar": 0.000170868064743,
        "dvar2": 0.000443761324277,
        "max": 0.14027145505,
        "mean": 0.0109400637448,
        "median": 0.00695835892111,
        "min": 5.6143016991e-07,
        "stdev": 0.0129674766213,
        "var": 0.000168155442225
    },
    "spectral_entropy": {
        "dmean": 0.247212052345,
        "dmean2": 0.346623599529,
        "dvar": 0.0639018192887,
        "dvar2": 0.12954556942,
        "max": 9.10852336884,
        "mean": 7.64365434647,
        "median": 7.66114521027,
        "min": 5.14168596268,
        "stdev": 0.400567740202,
        "var": 0.160454511642
    },
    "spectral_flux": {
        "dmean": 0.0482493378222,
        "dmean2": 0.0757031366229,
        "dvar": 0.0029945706483,
        "dvar2": 0.00708780344576,
        "max": 0.382778733969,
        "mean": 0.11770439893,
        "median": 0.0948953479528,
        "min": 0.000991388573311,
        "stdev": 0.0747068673372,
        "var": 0.00558111583814
    },
    "spectral_kurtosis": {
        "dmean": 1.4890743494,
        "dmean2": 2.39076328278,
        "dvar": 3.51217150688,
        "dvar2": 9.61894702911,
        "max": 33.9270553589,
        "mean": 3.4069814682,
        "median": 2.98692846298,
        "min": -0.726989984512,
        "stdev": 2.35567140579,
        "var": 5.54918813705
    },
    "spectral_rms": {
        "dmean": 0.00158274895512,
        "dmean2": 0.00219335849397,
        "dvar": 3.41638428836e-06,
        "dvar2": 6.96198185324e-06,
        "max": 0.0158191658556,
        "mean": 0.00609492184594,
        "median": 0.00552432797849,
        "min": 3.0965777114e-05,
        "stdev": 0.00289191375487,
        "var": 8.3631648522e-06
    },
    "spectral_rolloff": {
        "dmean": 629.580505371,
        "dmean2": 1071.75720215,
        "dvar": 1236847,
        "dvar2": 2998404.75,
        "max": 11240.3320312,
        "mean": 1046.96691895,
        "median": 753.662109375,
        "min": 21.533203125,
        "stdev": 1228.97888184,
        "var": 1510389.125
    },
    "spectral_skewness": {
        "dmean": 0.253949165344,
        "dmean2": 0.39227771759,
        "dvar": 0.0715269967914,
        "dvar2": 0.174026459455,
        "max": 4.1297211647,
        "mean": 1.39738130569,
        "median": 1.37880456448,
        "min": 0.0375894196332,
        "stdev": 0.383414655924,
        "var": 0.14700679481
    },
    "spectral_spread": {
        "dmean": 1006962.5,
        "dmean2": 1443360.25,
        "dvar": 1.51679284019e+12,
        "dvar2": 2.6458914816e+12,
        "max": 27823022,
        "mean": 5251645,
        "median": 4971801,
        "min": 1316933.5,
        "stdev": 1820742.75,
        "var": 3.31510395699e+12
    },
    "spectral_strongpeak": {
        "dmean": 0.488812088966,
        "dmean2": 0.804337084293,
        "dvar": 0.629332959652,
        "dvar2": 1.4456294775,
        "max": 7.68279647827,
        "mean": 0.660308420658,
        "median": 0.285617649555,
        "min": 0,
        "stdev": 0.97979414463,
        "var": 0.959996521473
    },
    "zerocrossingrate": {
        "dmean": 0.0132652260363,
        "dmean2": 0.0156870279461,
        "dvar": 0.000195377317141,
        "dvar2": 0.000253603648162,
        "max": 0.275390625,
        "mean": 0.0487828105688,
        "median": 0.04541015625,
        "min": 0.0029296875,
        "stdev": 0.0284102018923,
        "var": 0.000807139615063
    },
    "barkbands": {
        "dmean": [0.00398994982243, 0.0159456785768, 0.00128835265059, 0.00183990446385, 0.00264277681708, 0.00229371804744, 0.000831969198771, 0.000637078715954, 0.000888632552233, 0.00103452289477, 0.00090829184046, 0.000776434724685, 0.000362749764463, 0.000262079003733, 0.000221730530029, 0.000208487981581, 0.000284074369119, 0.00023568396864, 0.000259857915808, 0.000295686186291, 0.000170615749084, 0.000144848439959, 0.000142535558552, 0.000103265003418, 8.92635071068e-05, 4.43543140136e-05, 5.14211888003e-06],
        "dmean2": [0.00606267759576, 0.0239904206246, 0.00211193878204, 0.00321445078589, 0.00445807119831, 0.00346856890246, 0.00141322542913, 0.00100206723437, 0.0013611841714, 0.00171350967139, 0.00136974849738, 0.00110413809307, 0.000594270066358, 0.000440671370598, 0.000364765030099, 0.000321693485603, 0.000466546654934, 0.000391218985897, 0.000394147791667, 0.000463007687358, 0.000256123341387, 0.000218558765482, 0.0002129485365, 0.000155525020091, 0.000141937722219, 6.58805802232e-05, 7.80646405474e-06],
        "dvar": [9.5898991276e-05, 0.00101153878495, 7.74178352003e-06, 2.29406268772e-05, 5.12587030244e-05, 1.57974518515e-05, 4.69290398541e-06, 1.66403287949e-06, 4.07447123507e-06, 3.69173926629e-06, 5.16495720149e-06, 3.65193204743e-06, 8.51344964303e-07, 2.42722194344e-07, 1.80564825314e-07, 2.31843529264e-07, 2.31778855664e-07, 1.39989552395e-07, 1.18865628451e-07, 2.91267582497e-07, 1.16598243949e-07, 5.39652837972e-08, 4.39094414162e-08, 2.64684221207e-08, 2.79349219312e-08, 1.18048903985e-08, 2.50427983906e-10],
        "dvar2": [0.000224393370445, 0.00230726250447, 1.77343299583e-05, 6.4107873186e-05, 0.000136781382025, 3.41984632541e-05, 1.24447315102e-05, 3.8581752051e-06, 9.45690862864e-06, 8.58703970152e-06, 1.1501584595e-05, 6.88350746714e-06, 2.19637036025e-06, 6.22237223524e-07, 4.5558238071e-07, 5.29338251454e-07, 5.64256367852e-07, 3.80085424467e-07, 2.72604467e-07, 7.42084694139e-07, 2.62735881051e-07, 1.16989539833e-07, 9.64625286315e-08, 5.75967291638e-08, 6.7692361938e-08, 2.46399629589e-08, 4.61748334013e-10],
        "max": [0.212656840682, 0.217764481902, 0.031067121774, 0.0464889481664, 0.0764647498727, 0.0409634038806, 0.0244346167892, 0.0161169040948, 0.022321421653, 0.0216241087765, 0.0477828904986, 0.0336318798363, 0.0203760303557, 0.00553569337353, 0.006188897416, 0.00827579479665, 0.0083525441587, 0.00305309379473, 0.00352644105442, 0.00370327662677, 0.00388732040301, 0.00165141792968, 0.00162990402896, 0.00140973925591, 0.00247954297811, 0.00131881283596, 0.00021512870444],
        "mean": [0.00654518185183, 0.0207420513034, 0.00175152579322, 0.00164256826974, 0.00260131363757, 0.00328291440383, 0.00102092104498, 0.000758882320952, 0.00121777306776, 0.00125283969101, 0.00115459004883, 0.00114943122026, 0.000421830365667, 0.000277341459878, 0.000275832397165, 0.000247047020821, 0.00036866334267, 0.000305945490254, 0.000456668902189, 0.000356380100129, 0.000173676104168, 0.000179449038114, 0.000193277184735, 0.000124239479192, 9.45373030845e-05, 4.8789264838e-05, 5.35975732419e-06],
        "median": [0.00158378540073, 0.00832014437765, 0.000861989450641, 0.000505388947204, 0.000619903265033, 0.00121983548161, 0.000372818205506, 0.000182259464054, 0.000236195672187, 0.000243624555878, 0.000207412129384, 0.00013878972095, 5.70866395719e-05, 5.45375442016e-05, 5.66060043639e-05, 5.34315659024e-05, 0.00011553994409, 0.000147803002619, 0.00022931129206, 0.000120012329717, 3.88840562664e-05, 7.42041811463e-05, 8.27064432087e-05, 4.80848320876e-05, 2.76869686786e-05, 9.04477928998e-06, 4.78623746858e-07],
        "min": [8.96695287467e-11, 7.12344294662e-10, 1.44563960802e-09, 1.35461784012e-08, 2.5771467449e-07, 1.07975530739e-07, 3.06238732151e-08, 1.67546172491e-08, 2.67321276226e-08, 1.16136789075e-08, 1.00509449652e-08, 6.73983224786e-09, 6.31239771565e-09, 5.90698956415e-09, 5.18314280384e-09, 4.21681889406e-09, 4.12794420868e-09, 2.85129231337e-09, 2.65952970757e-09, 2.67913513596e-09, 2.3237951563e-09, 2.0954833424e-09, 1.66332270179e-09, 1.71698233409e-09, 1.59670787703e-09, 1.51213108701e-09, 8.34368435888e-13],
        "stdev": [0.0138692678884, 0.0347444601357, 0.00299852853641, 0.00392469810322, 0.00643545016646, 0.00521167181432, 0.00207192264497, 0.00154077238403, 0.00251198746264, 0.00240479479544, 0.00283267209306, 0.00272225379013, 0.00106801395305, 0.000536336970981, 0.000517690612469, 0.000561170745641, 0.000615209632087, 0.000414063310018, 0.000562987406738, 0.000554391532205, 0.000356791890226, 0.000269521784503, 0.000262866902631, 0.000193612388102, 0.000187660436495, 0.000134594389237, 1.95613974938e-05],
        "var": [0.000192356586922, 0.00120717741083, 8.99117367226e-06, 1.54032550199e-05, 4.14150163124e-05, 2.71615244856e-05, 4.29286319559e-06, 2.37397966885e-06, 6.31008151686e-06, 5.78303797738e-06, 8.02403155831e-06, 7.41066560295e-06, 1.14065392154e-06, 2.876573717e-07, 2.68003560677e-07, 3.14912597332e-07, 3.78482923225e-07, 1.71448434116e-07, 3.16954810842e-07, 3.07349978357e-07, 1.27300452846e-07, 7.26419884245e-08, 6.90990091812e-08, 3.74857549446e-08, 3.52164377659e-08, 1.8115649425e-08, 3.82648274178e-10]
    },
    "erbbands": {
        "dmean": [0.70240020752, 2.84296894073, 1.94324755669, 3.7518761158, 8.36419296265, 8.65217685699, 11.4208917618, 21.439157486, 11.7940998077, 14.237033844, 14.0455160141, 17.964138031, 27.3497905731, 40.6504592896, 29.9109115601, 28.8429431915, 16.5554599762, 14.711974144, 9.81200218201, 10.9497842789, 13.0619773865, 13.7922039032, 14.3915348053, 10.5446500778, 13.536693573, 14.3174734116, 7.18810987473, 7.21171522141, 5.02756738663, 4.84020042419, 4.02164268494, 2.67145609856, 1.5207978487, 1.07753539085, 0.57733887434, 0.231601566076, 0.0770158469677, 0.0149410944432, 0.000527127122041, 3.59603618563e-05],
        "dmean2": [1.04182827473, 4.50557661057, 3.11614918709, 6.40501689911, 14.6495723724, 14.6236581802, 18.0884418488, 32.4414710999, 20.0038223267, 22.9302196503, 21.5927696228, 27.8230571747, 42.9202919006, 66.3191452026, 43.7543678284, 40.251914978, 26.4297790527, 24.6146907806, 16.20429039, 16.7750205994, 20.8912353516, 22.0710258484, 23.8951911926, 16.3380126953, 20.3397006989, 22.6564331055, 10.6983280182, 11.045753479, 7.58512449265, 7.44917011261, 6.03221654892, 3.99582409859, 2.33887481689, 1.73562598228, 0.895939350128, 0.349781960249, 0.115101478994, 0.0222797486931, 0.00078813941218, 5.02905313624e-05],
        "dvar": [1.60548651218, 43.4551582336, 14.5051279068, 78.6594848633, 694.43145752, 543.663391113, 475.075958252, 1790.28112793, 909.15826416, 917.543151855, 843.898132324, 1766.59533691, 3077.24853516, 8183.84912109, 4471.14599609, 6077.95654297, 1919.1907959, 785.998596191, 310.319671631, 532.95715332, 658.238952637, 553.546508789, 530.311279297, 248.630615234, 312.125976562, 719.321960449, 204.493438721, 213.235580444, 66.1489181519, 56.6112861633, 35.8858757019, 17.9233913422, 6.43160963058, 4.10838794708, 1.16841685772, 0.247678235173, 0.0446419790387, 0.00171672890428, 3.22813025377e-06, 2.66750310729e-09],
        "dvar2": [3.51436400414, 105.500267029, 34.7992630005, 213.639251709, 1903.76049805, 1407.79138184, 1194.86254883, 3790.26635742, 2484.2878418, 2070.27661133, 1956.94592285, 4061.07348633, 7010.43603516, 20039.3222656, 9065.58886719, 11093.8212891, 4918.1796875, 2017.32897949, 739.397583008, 1141.02001953, 1560.75317383, 1257.40869141, 1453.73254395, 607.854370117, 668.965576172, 1855.73242188, 446.258270264, 496.718780518, 141.232818604, 131.306793213, 77.4824523926, 41.0338020325, 14.253080368, 10.1979532242, 2.66041445732, 0.54909324646, 0.0925970077515, 0.00304389372468, 6.40760663373e-06, 5.4373048286e-09],
        "max": [9.12977409363, 48.3027534485, 30.2942371368, 80.3859863281, 329.59161377, 232.564407349, 322.246368408, 481.166809082, 353.142822266, 422.863647461, 352.083404541, 532.11907959, 536.998046875, 1828.06567383, 1214.30627441, 1632.99475098, 1102.31628418, 295.98348999, 217.559432983, 376.921386719, 316.34262085, 512.085266113, 190.687576294, 149.763290405, 190.919769287, 183.856460571, 88.6359786987, 174.945205688, 62.1774406433, 70.0858230591, 46.2447891235, 34.5928001404, 24.6789455414, 27.5728397369, 16.0110569, 6.75818777084, 2.72995519638, 0.505914926529, 0.0285113956779, 0.000615667027887],
        "mean": [0.958381295204, 3.24499511719, 2.63321232796, 3.95812416077, 7.23967075348, 8.95676803589, 15.960474968, 28.826292038, 14.3970766068, 19.3274974823, 17.680059433, 24.8022651672, 39.2169837952, 46.8262825012, 45.6131210327, 43.9700698853, 21.2345809937, 16.0477142334, 13.1132211685, 14.1847028732, 15.1311807632, 19.8106460571, 19.4407291412, 16.8832931519, 24.396276474, 17.2803134918, 7.97481489182, 7.12544107437, 6.13900279999, 6.33333206177, 5.47383069992, 3.24392843246, 1.78638720512, 1.11275851727, 0.635365724564, 0.254835575819, 0.0828625559807, 0.0165131706744, 0.000577196944505, 6.72194582876e-05],
        "median": [0.350682407618, 1.2750698328, 1.25344634056, 1.77589440346, 1.31965970993, 2.06236124039, 6.88966274261, 9.19512176514, 6.40571117401, 6.54369831085, 4.54223823547, 5.89443874359, 7.31055927277, 9.63357830048, 9.48047637939, 6.0265417099, 3.59318113327, 3.28206372261, 2.95133209229, 3.32485342026, 3.44593930244, 7.29674530029, 9.84031391144, 8.63475894928, 12.8313741684, 6.11177158356, 2.29160666466, 1.55301070213, 2.55389237404, 2.97335028648, 2.28545498848, 1.35176241398, 0.616649568081, 0.311281085014, 0.186076790094, 0.0590421333909, 0.0123938405886, 0.00198947661556, 8.4061997768e-05, 4.27453560405e-05],
        "min": [1.24878923202e-07, 6.0999229845e-07, 2.79250139101e-06, 3.81193967769e-05, 0.000586083275266, 0.000915405456908, 0.00103977473918, 0.000799958477728, 0.000497742905281, 0.000409216823755, 0.000391611625673, 0.000615940080024, 0.000464460114017, 0.000362293503713, 0.000413621834014, 0.000253128324402, 0.000285391084617, 0.000314172910294, 0.00027376509388, 0.000262247369392, 0.000233339116676, 0.000233717262745, 0.000157828108058, 0.000156233872985, 0.000127524501295, 0.000131302629597, 0.000100557794212, 8.67884300533e-05, 7.61241608416e-05, 5.80926425755e-05, 4.4784421334e-05, 3.55951960955e-05, 2.90336556645e-05, 1.83470019692e-05, 1.10637292892e-05, 6.06335424891e-06, 2.80779568129e-06, 1.00448562534e-06, 2.28971074989e-07, 2.38376536288e-08],
        "stdev": [1.52318906784, 6.36985969543, 3.93266510963, 7.61389684677, 22.3518390656, 21.6790103912, 24.2305221558, 53.0883560181, 27.4108200073, 39.5252456665, 34.5584793091, 50.4362106323, 77.0304870605, 99.3989257812, 103.352134705, 111.457290649, 51.4600219727, 30.4548988342, 23.012386322, 29.7860336304, 28.5926895142, 32.4774360657, 25.7311725616, 21.2259731293, 30.2728748322, 27.0717391968, 15.0898361206, 14.9935464859, 9.40974903107, 8.86085414886, 7.56152915955, 4.8637213707, 2.98448848724, 2.19935035706, 1.27679169178, 0.601093888283, 0.258204907179, 0.054350733757, 0.00212731747888, 7.23936391296e-05],
        "var": [2.32010507584, 40.5751113892, 15.4658546448, 57.9714279175, 499.604736328, 469.979492188, 587.118225098, 2818.37353516, 751.353088379, 1562.24511719, 1194.28857422, 2543.8112793, 5933.69628906, 9880.14648438, 10681.6630859, 12422.7275391, 2648.13378906, 927.500854492, 529.569946289, 887.207824707, 817.541931152, 1054.78393555, 662.093261719, 450.54196167, 916.446899414, 732.879089355, 227.703155518, 224.806427002, 88.5433731079, 78.5147323608, 57.1767196655, 23.6557865143, 8.90717220306, 4.83714151382, 1.63019704819, 0.36131387949, 0.0666697770357, 0.00295400223695, 4.52548010799e-06, 5.24083887399e-09]
    },
    "gfcc": {
        "mean": [4.10975313187, 84.6932601929, -97.2904129028, 43.958770752, -59.1714286804, 18.5366744995, -29.0113201141, 20.6225204468, -21.5444908142, 3.48448872566, -3.27086091042, 12.2547807693, -8.06295108795],
        "cov": [[4346.85498047, -706.689941406, -280.281768799, 38.2207069397, 82.2081222534, 245.661331177, 139.034835815, 155.681518555, -164.667648315, 104.7709198, -251.163696289, -61.3390808105, -109.804481506], [-706.689941406, 931.739379883, 60.639087677, -35.6902923584, 70.465133667, -94.2753219604, 212.516708374, 39.4940414429, 61.0839614868, -91.7557296753, 185.459655762, 8.15326690674, 33.1710090637], [-280.281768799, 60.639087677, 1197.27124023, 477.444122314, 74.0965957642, 139.921035767, -56.1291122437, 18.587682724, 77.1089630127, 90.9397583008, -4.35724973679, 105.214241028, 66.4710235596], [38.2207069397, -35.6902923584, 477.444122314, 609.859680176, 128.492752075, -16.9249973297, -214.95274353, -33.8762817383, 150.492095947, 63.8823661804, -37.6490135193, 37.5022163391, 74.2881393433], [82.2081222534, 70.465133667, 74.0965957642, 128.492752075, 383.131713867, 51.999130249, -39.3417701721, -10.3778219223, 65.8589477539, 90.3190307617, -30.8223896027, -51.3306388855, 13.7145280838], [245.661331177, -94.2753219604, 139.921035767, -16.9249973297, 51.999130249, 267.327789307, 180.697250366, 34.6748428345, -36.2282829285, 38.693649292, -15.1686916351, -7.29123926163, -13.9898490906], [139.034835815, 212.516708374, -56.1291122437, -214.95274353, -39.3417701721, 180.697250366, 554.72442627, 169.924987793, -90.5476760864, -62.3376846313, 78.6474304199, 8.2250919342, -54.1033058167], [155.681518555, 39.4940414429, 18.587682724, -33.8762817383, -10.3778219223, 34.6748428345, 169.924987793, 184.227005005, 14.3446187973, -9.7194480896, 34.4387168884, 13.6626873016, -24.8291530609], [-164.667648315, 61.0839614868, 77.1089630127, 150.492095947, 65.8589477539, -36.2282829285, -90.5476760864, 14.3446187973, 187.59211731, 56.1063232422, 20.7025089264, 18.5846805573, 23.7988471985], [104.7709198, -91.7557296753, 90.9397583008, 63.8823661804, 90.3190307617, 38.693649292, -62.3376846313, -9.7194480896, 56.1063232422, 145.774917603, -1.95862746239, -28.6135864258, -0.618444740772], [-251.163696289, 185.459655762, -4.35724973679, -37.6490135193, -30.8223896027, -15.1686916351, 78.6474304199, 34.4387168884, 20.7025089264, -1.95862746239, 137.890045166, 37.9322471619, 5.1340675354], [-61.3390808105, 8.15326690674, 105.214241028, 37.5022163391, -51.3306388855, -7.29123926163, 8.2250919342, 13.6626873016, 18.5846805573, -28.6135864258, 37.9322471619, 115.793449402, 28.1980724335], [-109.804481506, 33.1710090637, 66.4710235596, 74.2881393433, 13.7145280838, -13.9898490906, -54.1033058167, -24.8291530609, 23.7988471985, -0.618444740772, 5.1340675354, 28.1980724335, 89.6080169678]],
        "icov": [[0.000353077426553, 7.06533455741e-06, 0.000269196374575, -0.000306810514303, 1.95311713469e-05, -0.000237986285356, 3.69300721559e-07, -0.000465563236503, 0.000518218905199, -0.000532160862349, 0.000669811619446, -0.000408674794016, 0.000264706090093], [7.06533455741e-06, 0.00283860065974, -0.000841009197757, 0.000509365811013, -0.00121945515275, 0.00186645356007, -0.00167894014157, 0.00128907442559, -0.00162791111507, 0.00273271184415, -0.00342494412325, 0.00227015442215, -0.00108597544022], [0.000269196374575, -0.000841009197757, 0.00200664997101, -0.00163172371686, 0.000514592509717, -0.00150175078306, 0.000541493354831, -0.00100782443769, 0.00145365844946, -0.00198381580412, 0.00147243367974, -0.00219351565465, 0.000446023681434], [-0.000306810514303, 0.000509365811013, -0.00163172371686, 0.00392960989848, -0.000846854236443, 0.000686212850269, 0.000443183147581, 0.00056497589685, -0.00263740774244, 0.00159142829943, -0.000511981197633, 0.000931604707148, -0.00150339305401], [1.95311713469e-05, -0.00121945515275, 0.000514592509717, -0.000846854236443, 0.00405938690528, -0.00130905990954, 0.000450024090242, -0.000452649255749, 1.05821172838e-05, -0.00263989041559, 0.00194061384536, 0.000385045423172, -0.000137058945256], [-0.000237986285356, 0.00186645356007, -0.00150175078306, 0.000686212850269, -0.00130905990954, 0.0081724151969, -0.00418603466824, 0.00222307257354, -0.000674867653288, -0.000518209766597, -0.00058529782109, 0.00128627987579, -0.0010682195425], [3.69300721559e-07, -0.00167894014157, 0.000541493354831, 0.000443183147581, 0.000450024090242, -0.00418603466824, 0.00588404946029, -0.00402362085879, 0.00194043759257, 0.000568963529076, -0.000401765108109, -0.000895225035492, 0.0013615230564], [-0.000465563236503, 0.00128907442559, -0.00100782443769, 0.00056497589685, -0.000452649255749, 0.00222307257354, -0.00402362085879, 0.00980191491544, -0.00339049240574, 0.00161995796952, -0.00223065144382, 0.000976849230938, 0.000666551757604], [0.000518218905199, -0.00162791111507, 0.00145365844946, -0.00263740774244, 1.05821172838e-05, -0.000674867653288, 0.00194043759257, -0.00339049240574, 0.010513833724, -0.00506482413039, 0.00138911127578, -0.00340170576237, 0.000634531257674], [-0.000532160862349, 0.00273271184415, -0.00198381580412, 0.00159142829943, -0.00263989041559, -0.000518209766597, 0.000568963529076, 0.00161995796952, -0.00506482413039, 0.0146672576666, -0.00631311768666, 0.00599966011941, -0.000475819921121], [0.000669811619446, -0.00342494412325, 0.00147243367974, -0.000511981197633, 0.00194061384536, -0.00058529782109, -0.000401765108109, -0.00223065144382, 0.00138911127578, -0.00631311768666, 0.0156206330284, -0.00658942945302, 0.000937868491746], [-0.000408674794016, 0.00227015442215, -0.00219351565465, 0.000931604707148, 0.000385045423172, 0.00128627987579, -0.000895225035492, 0.000976849230938, -0.00340170576237, 0.00599966011941, -0.00658942945302, 0.0153414793313, -0.00411958852783], [0.000264706090093, -0.00108597544022, 0.000446023681434, -0.00150339305401, -0.000137058945256, -0.0010682195425, 0.0013615230564, 0.000666551757604, 0.000634531257674, -0.000475819921121, 0.000937868491746, -0.00411958852783, 0.0147333657369]]
    },
    "melbands": {
        "dmean": [0.00534830987453, 0.0017782014329, 0.000790255551692, 0.000623987754807, 0.00038246481563, 0.000457401620224, 0.000181900177267, 0.000149721032358, 0.000119204698422, 0.000120385273476, 0.000138176677865, 0.000165299570654, 0.000110724613478, 9.50632893364e-05, 5.09233686898e-05, 3.55774100171e-05, 2.66086208285e-05, 1.49093748405e-05, 1.85479693755e-05, 1.34869496833e-05, 1.73971275217e-05, 1.53577639139e-05, 1.40966985782e-05, 1.16782848636e-05, 8.5361116362e-06, 1.11665431177e-05, 9.01394832908e-06, 1.04779019239e-05, 4.94047071697e-06, 4.01263878302e-06, 4.33568720837e-06, 2.90064372166e-06, 2.89185300062e-06, 2.68553685601e-06, 2.41885391006e-06, 2.14282295019e-06, 1.46907075305e-06, 1.0821459e-06, 1.03550155472e-06, 8.74214435953e-07],
        "dmean2": [0.00793550070375, 0.00282617565244, 0.00134638277814, 0.00105461489875, 0.000613326556049, 0.000691415800247, 0.000308822724037, 0.000240823588683, 0.000183834839845, 0.000185075128684, 0.000217701526708, 0.000269658165053, 0.000163895470905, 0.00013622402912, 7.5799827755e-05, 6.02777290624e-05, 4.46079175163e-05, 2.45758928941e-05, 3.08652670356e-05, 2.05045289476e-05, 2.86715803668e-05, 2.49287604674e-05, 2.2317713956e-05, 1.98362395167e-05, 1.32359236886e-05, 1.70913608599e-05, 1.34152533064e-05, 1.71306783159e-05, 7.55709470468e-06, 6.24455697107e-06, 6.6197239903e-06, 4.40263465862e-06, 4.54569681096e-06, 4.16311422669e-06, 3.64797710972e-06, 3.28342571265e-06, 2.2368435566e-06, 1.65508163263e-06, 1.64550681347e-06, 1.41722784974e-06],
        "dvar": [9.86527084024e-05, 1.46338943523e-05, 4.23248457082e-06, 3.25316818817e-06, 5.52119104213e-07, 7.37494190162e-07, 2.13405456861e-07, 9.35953821113e-08, 6.27112655138e-08, 7.8085470534e-08, 8.0743021158e-08, 1.27175411535e-07, 6.12333010963e-08, 5.68914941823e-08, 1.44824490178e-08, 6.71726096968e-09, 2.65518629305e-09, 8.34063318411e-10, 1.44503042865e-09, 1.44330525309e-09, 1.18631149348e-09, 7.02363611715e-10, 4.26465418535e-10, 4.19621670744e-10, 1.71711270203e-10, 2.36533903575e-10, 1.40416109295e-10, 4.64765198549e-10, 1.01657834928e-10, 6.93383545025e-11, 7.51036108304e-11, 2.38755976795e-11, 2.35530969728e-11, 1.70735769273e-11, 1.306122311e-11, 1.22555715576e-11, 5.51141033853e-12, 3.19250398687e-12, 3.78288589689e-12, 2.78871825805e-12],
        "dvar2": [0.000220931004151, 3.56406271749e-05, 1.16023793453e-05, 8.70775056683e-06, 1.41309112678e-06, 1.57031445269e-06, 5.77054265705e-07, 2.09441623156e-07, 1.43039954992e-07, 1.82552653882e-07, 1.83780386465e-07, 3.11541867859e-07, 1.25375294147e-07, 1.09763711009e-07, 2.94488753383e-08, 1.73500929179e-08, 6.72422961756e-09, 2.02990513287e-09, 3.68234820414e-09, 3.2833047392e-09, 2.95190338839e-09, 1.65099001137e-09, 1.06980302395e-09, 1.14247278304e-09, 4.15802420273e-10, 5.39243150133e-10, 2.92042917627e-10, 1.23387289275e-09, 2.27838067857e-10, 1.58361837532e-10, 1.72282424438e-10, 4.97912891473e-11, 5.76333217261e-11, 3.97620512904e-11, 2.85018154911e-11, 2.87788664427e-11, 1.26581080687e-11, 7.08065724109e-12, 9.44145282789e-12, 7.00484288629e-12],
        "max": [0.0648289248347, 0.0280747618526, 0.0211625192314, 0.0198111645877, 0.0105810454115, 0.00946205668151, 0.00518526369706, 0.0044641639106, 0.00272803427652, 0.00286003481597, 0.00263354997151, 0.00679976213723, 0.0047590075992, 0.00420943414792, 0.00173384591471, 0.00178223603871, 0.000630205089692, 0.00042822767864, 0.00052654085448, 0.000733379856683, 0.00035921446397, 0.00046484489576, 0.000338144280249, 0.000170597864781, 0.000143954734085, 0.000165780089446, 0.000108317035483, 0.000148833176354, 6.30165523035e-05, 0.000121318604215, 8.47976043588e-05, 4.18364106736e-05, 4.47910861112e-05, 4.20344076701e-05, 3.27857815137e-05, 3.26231456711e-05, 2.11723745451e-05, 1.53919227159e-05, 2.03778436116e-05, 2.46634281211e-05],
        "mean": [0.00740455603227, 0.00225748796947, 0.000786703021731, 0.000588642491493, 0.000529394368641, 0.000631211441942, 0.000221205395064, 0.000200804774067, 0.000147217724589, 0.0001648527832, 0.000194868276594, 0.000184531061677, 0.000155433954205, 0.000142650664202, 6.77612260915e-05, 3.99441851187e-05, 2.79352661892e-05, 1.93890755327e-05, 2.23131100938e-05, 1.65113779076e-05, 1.83874653885e-05, 2.00622835109e-05, 2.0558714823e-05, 1.41405189424e-05, 1.29456448121e-05, 1.9480852643e-05, 1.45803105625e-05, 1.09368520498e-05, 5.24832148585e-06, 3.92541278416e-06, 4.2242490963e-06, 3.39721259479e-06, 3.57455292033e-06, 3.45539478985e-06, 3.27525322064e-06, 2.63186643679e-06, 1.71386091097e-06, 1.27024622998e-06, 1.06569507352e-06, 8.86646489562e-07],
        "median": [0.00296144536696, 0.00106693978887, 0.00030539612635, 0.000118686060887, 0.000234971303144, 0.000216202897718, 9.33150076889e-05, 6.72251044307e-05, 3.5721121094e-05, 3.5809865949e-05, 3.44045838574e-05, 3.708478107e-05, 3.26589288306e-05, 1.81497507583e-05, 8.63256718731e-06, 5.99560735282e-06, 5.22788650414e-06, 4.33036666436e-06, 4.2513702283e-06, 3.95664164898e-06, 3.54530561708e-06, 6.25987559033e-06, 8.43333782541e-06, 6.28357565802e-06, 5.9684621192e-06, 9.31125032366e-06, 6.47834940537e-06, 3.07542177325e-06, 1.29851764541e-06, 7.51200559534e-07, 8.12142104678e-07, 1.23647885175e-06, 1.5445483541e-06, 1.63387574048e-06, 1.36990934152e-06, 9.72157522483e-07, 6.92116884693e-07, 4.47571892437e-07, 2.75810521089e-07, 2.47050905955e-07],
        "min": [2.38973701938e-10, 9.60387436244e-10, 1.79183423654e-08, 5.45338316726e-08, 3.83288920602e-08, 1.81728463389e-08, 7.26740756463e-09, 4.24296109358e-09, 3.300806517e-09, 3.92579435626e-09, 2.24390461767e-09, 1.42500089506e-09, 1.41348099891e-09, 8.85972351039e-10, 5.54922885421e-10, 6.43655961863e-10, 5.73360470213e-10, 4.3651449122e-10, 3.94893895361e-10, 3.06212250001e-10, 2.65244187725e-10, 2.56715981806e-10, 1.64825458837e-10, 1.31777769252e-10, 1.27116261961e-10, 9.43456424096e-11, 9.23188678281e-11, 8.45851791387e-11, 6.16631884442e-11, 5.83953094213e-11, 4.72751074398e-11, 4.55362518526e-11, 3.55888617187e-11, 3.10632283784e-11, 2.52547913138e-11, 2.54166028502e-11, 2.01489398083e-11, 2.08021117692e-11, 1.81021638651e-11, 1.46346997021e-11],
        "stdev": [0.0115538947284, 0.00371821434237, 0.00174621748738, 0.00161178503186, 0.000791256257799, 0.00109839718789, 0.000424002530053, 0.000400520802941, 0.000296442798572, 0.000340772268828, 0.000389489228837, 0.000392553891288, 0.000357218465069, 0.000337934441632, 0.000163493401487, 9.3644594017e-05, 5.64987822145e-05, 3.6128469219e-05, 4.41372831119e-05, 4.4237167458e-05, 3.57562385034e-05, 3.41567465512e-05, 2.96739926853e-05, 2.0857922209e-05, 1.74763936229e-05, 2.55903178186e-05, 1.86129582289e-05, 2.00371814572e-05, 1.04191949504e-05, 8.56349925016e-06, 9.00166014617e-06, 5.62408104088e-06, 5.30035094926e-06, 4.87934084958e-06, 4.56099451185e-06, 3.94734661313e-06, 2.66332722276e-06, 2.1022499368e-06, 2.07603125091e-06, 1.80262202321e-06],
        "var": [0.000133492489113, 1.38251170938e-05, 3.04927539219e-06, 2.59785088019e-06, 6.26086432476e-07, 1.20647644053e-06, 1.79778155029e-07, 1.60416902872e-07, 8.78783339431e-08, 1.1612573303e-07, 1.51701868845e-07, 1.54098557914e-07, 1.27605034095e-07, 1.14199693257e-07, 2.6730093694e-08, 8.769310611e-09, 3.19211257427e-09, 1.30526622844e-09, 1.94809990361e-09, 1.95692706484e-09, 1.2785086323e-09, 1.16668341654e-09, 8.8054585845e-10, 4.35052882608e-10, 3.0542432472e-10, 6.5486432943e-10, 3.4644223601e-10, 4.01488620128e-10, 1.08559619627e-10, 7.33335198122e-11, 8.10298841913e-11, 3.16302851966e-11, 2.80937217934e-11, 2.380796775e-11, 2.08026703502e-11, 1.5581544735e-11, 7.09331248253e-12, 4.41945525315e-12, 4.30990573091e-12, 3.24944606812e-12]
    },
    "melbands128": {
