{
"lowlevel": {
    "average_loudness": 0.901451230049,
    "barkbands_crest": {
        "dmean": 2.79429864883,
        "dmean2": 4.37633657455,
        "dvar": 7.65586423874,
        "dvar2": 16.9886436462,
        "max": 26.0950965881,
        "mean": 10.1584234238,
        "median": 9.32653999329,
        "min": 2.06477022171,
        "stdev": 4.52005815506,
        "var": 20.4309272766
    },
    "barkbands_flatness_db": {
        "dmean": 0.0337383784354,
        "dmean2": 0.0478319562972,
        "dvar": 0.000976521405391,
        "dvar2": 0.00169352535158,
        "max": 0.471602290869,
        "mean": 0.153673887253,
        "median": 0.147671341896,
        "min": 0.0176049079746,
        "stdev": 0.0591390393674,
        "var": 0.00349742616527
    },
    "barkbands_kurtosis": {
        "dmean": 6.76576757431,
        "dmean2": 10.5182418823,
        "dvar": 365.770050049,
        "dvar2": 895.03503418,
        "max": 397.392730713,
        "mean": 7.97090816498,
        "median": 2.57012486458,
        "min": -1.90201628208,
        "stdev": 21.9229011536,
        "var": 480.613555908
    },
    "barkbands_skewness": {
        "dmean": 0.981469392776,
        "dmean2": 1.46915197372,
        "dvar": 1.34381043911,
        "dvar2": 2.7293715477,
        "max": 18.1114902496,
        "mean": 1.59434568882,
        "median": 1.51521790028,
        "min": -5.79049730301,
        "stdev": 2.0677716732,
        "var": 4.27568006516
    },
    "barkbands_spread": {
        "dmean": 12.1373558044,
        "dmean2": 19.8547363281,
        "dvar": 189.944488525,
        "dvar2": 451.996368408,
        "max": 104.489402771,
        "mean": 25.7597923279,
        "median": 21.4433250427,
        "min": 0.418791681528,
        "stdev": 17.6599121094,
        "var": 311.872497559
    },
    "dissonance": {
        "dmean": 0.0268363766372,
        "dmean2": 0.0437368303537,
        "dvar": 0.00072725553764,
        "dvar2": 0.00193714909256,
        "max": 0.49898225069,
        "mean": 0.44980597496,
        "median": 0.459353864193,
        "min": 0.238360956311,
        "stdev": 0.0390637740493,
        "var": 0.00152597844135
    },
    "dynamic_complexity": 2.32954120636,
    "erbbands_crest": {
        "dmean": 3.00159239769,
        "dmean2": 4.81752967834,
        "dvar": 9.18646621704,
        "dvar2": 22.4115028381,
        "max": 27.3603591919,
        "mean": 9.07853126526,
        "median": 8.09311485291,
        "min": 2.64466428757,
        "stdev": 4.09839105606,
        "var": 16.7968082428
    },
    "erbbands_flatness_db": {
        "dmean": 0.0263102352619,
        "dmean2": 0.0398037396371,
        "dvar": 0.000587898946833,
        "dvar2": 0.00117773504462,
        "max": 0.293626517057,
        "mean": 0.16258983314,
        "median": 0.16191381216,
        "min": 0.0608511306345,
        "stdev": 0.0447309538722,
        "var": 0.00200085807592
    },
    "erbbands_kurtosis": {
        "dmean": 2.00523281097,
        "dmean2": 3.1462225914,
        "dvar": 8.03357982635,
        "dvar2": 16.6769618988,
        "max": 28.5117950439,
        "mean": 1.42029047012,
        "median": 0.00328230857849,
        "min": -1.90483701229,
        "stdev": 3.77257108688,
        "var": 14.2322921753
    },
    "erbbands_skewness": {
        "dmean": 0.650846660137,
        "dmean2": 0.99026632309,
        "dvar": 0.525784850121,
        "dvar2": 1.0647162199,
        "max": 3.73516345024,
        "mean": 0.296435952187,
        "median": 0.436291754246,
        "min": -4.86941146851,
        "stdev": 1.1927511692,
        "var": 1.4226552248
    },
    "erbbands_spread": {
        "dmean": 17.6458835602,
        "dmean2": 28.4866428375,
        "dvar": 332.643432617,
        "dvar2": 781.015441895,
        "max": 173.086090088,
        "mean": 49.0294189453,
        "median": 43.4986114502,
        "min": 5.33764648438,
        "stdev": 27.3985061646,
        "var": 750.678100586
    },
    "hfc": {
        "dmean": 31.0897388458,
        "dmean2": 49.4168777466,
        "dvar": 3129.21313477,
        "dvar2": 6854.76757812,
        "max": 453.937103271,
        "mean": 45.3920860291,
        "median": 25.0272254944,
        "min": 1.18967524447e-16,
        "stdev": 66.5963668823,
        "var": 4435.07568359
    },
    "loudness_ebu128": {
        "integrated": -8.56681728363,
        "loudness_range": 1.43740129471,
        "momentary": {
            "dmean": 0.713544905186,
            "dmean2": 0.915382564068,
            "dvar": 0.478554159403,
            "dvar2": 0.680730223656,
            "max": -5.36864328384,
            "mean": -8.99540901184,
            "median": -8.72273921967,
            "min": -15.1591787338,
            "stdev": 2.02649116516,
            "var": 4.1066660881
        },
        "short_term": {
            "dmean": 0.0944320112467,
            "dmean2": 0.118056081235,
            "dvar": 0.00603750348091,
            "dvar2": 0.0103723900393,
            "max": -7.66739273071,
            "mean": -8.60173034668,
            "median": -8.62727165222,
            "min": -9.88249015808,
            "stdev": 0.470160961151,
            "var": 0.221051335335
        }
    },
    "melbands_crest": {
        "dmean": 3.54802107811,
        "dmean2": 5.7906999588,
        "dvar": 12.9326810837,
        "dvar2": 29.8977546692,
        "max": 31.2086086273,
        "mean": 14.8962249756,
        "median": 14.5771503448,
        "min": 2.1026031971,
        "stdev": 6.27840948105,
        "var": 39.418422699
    },
    "melbands_flatness_db": {
        "dmean": 0.0412092283368,
        "dmean2": 0.0578332543373,
        "dvar": 0.00165892881341,
        "dvar2": 0.00301309628412,
        "max": 0.602945864201,
        "mean": 0.187314048409,
        "median": 0.17898017168,
        "min": 0.00576427672058,
        "stdev": 0.0885904878378,
        "var": 0.00784827396274
    },
    "melbands_kurtosis": {
        "dmean": 14.5457754135,
        "dmean2": 22.5069236755,
        "dvar": 1159.61779785,
        "dvar2": 2761.49951172,
        "max": 573.683532715,
        "mean": 23.4845848083,
        "median": 9.27989768982,
        "min": -1.91972994804,
        "stdev": 45.7476501465,
        "var": 2092.84741211
    },
    "melbands_skewness": {
        "dmean": 1.15089714527,
        "dmean2": 1.75749075413,
        "dvar": 1.71490299702,
        "dvar2": 3.54734969139,
        "max": 17.626745224,
        "mean": 3.10749912262,
        "median": 2.53535032272,
        "min": -1.8557844162,
        "stdev": 2.55563306808,
        "var": 6.53126049042
    },
    "melbands_spread": {
        "dmean": 20.7109355927,
        "dmean2": 33.5118255615,
        "dvar": 1203.71630859,
        "dvar2": 2598.67260742,
        "max": 246.614685059,
        "mean": 38.3273391724,
        "median": 20.4560165405,
        "min": 0.479882150888,
        "stdev": 47.9597320557,
        "var": 2300.13574219
    },
    "pitch_salience": {
        "dmean": 0.084014236927,
        "dmean2": 0.130304858088,
        "dvar": 0.00629505235702,
        "dvar2": 0.0140518592671,
        "max": 0.907122969627,
        "mean": 0.577176570892,
        "median": 0.602224946022,
        "min": 0.0669797286391,
        "stdev": 0.152801513672,
        "var": 0.0233483035117
    },
    "silence_rate_20dB": {
        "dmean": 0,
        "dmean2": 0,
        "dvar": 0,
        "dvar2": 0,
        "max": 1,
        "mean": 1,
        "median": 1,
        "min": 1,
        "stdev": 0,
        "var": 0
    },
    "silence_rate_30dB": {
        "dmean": 0.0185614842921,
        "dmean2": 0.0371517017484,
        "dvar": 0.0182173158973,
        "dvar2": 0.0373200029135,
        "max": 1,
        "mean": 0.948995351791,
        "median": 1,
        "min": 0,
        "stdev": 0.220007538795,
        "var": 0.0484033152461
    },
    "silence_rate_60dB": {
        "dmean": 0.047177106142,
        "dmean2": 0.0944272428751,
        "dvar": 0.0449504591525,
        "dvar2": 0.108730614185,
        "max": 1,
        "mean": 0.0440494604409,
        "median": 0,
        "min": 0,
        "stdev": 0.205206274986,
        "var": 0.0421096161008
    },
    "spectral_centroid": {
        "dmean": 577.266967773,
        "dmean2": 879.453063965,
        "dvar": 542046.8125,
        "dvar2": 1041852.9375,
        "max": 10744.5917969,
        "mean": 1606.53820801,
        "median": 1244.39562988,
        "min": 128.288543701,
        "stdev": 1171.3572998,
        "var": 1372078
    },
    "spectral_complexity": {
        "dmean": 4.83294677734,
        "dmean2": 7.12538719177,
        "dvar": 35.9411430359,
        "dvar2": 60.6652946472,
        "max": 57,
        "mean": 15.7187013626,
        "median": 14,
        "min": 0,
        "stdev": 9.19549655914,
        "var": 84.5571594238
    },
    "spectral_decrease": {
        "dmean": 2.939700261e-09,
        "dmean2": 4.30156976705e-09,
        "dvar": 2.52393567123e-17,
        "dvar2": 5.6959948148e-17,
        "max": 2.43831262227e-29,
        "mean": -8.62655991085e-09,
        "median": -5.34757571558e-09,
        "min": -7.43956931615e-08,
        "stdev": 9.91609727663e-09,
        "var": 9.83289909698e-17
    },
    "spectral_energy": {
        "dmean": 0.0128991389647,
        "dmean2": 0.0192272514105,
        "dvar": 0.000417683273554,
        "dvar2": 0.000959182565566,
        "max": 0.283617645502,
        "mean": 0.0366758219898,
        "median": 0.025749489665,
        "min": 1.06986732634e-20,
        "stdev": 0.0382958203554,
        "var": 0.00146656972356
    },
    "spectral_energyband_high": {
        "dmean": 0.00320367421955,
        "dmean2": 0.00511072622612,
        "dvar": 3.17343583447e-05,
        "dvar2": 6.42509403406e-05,
        "max": 0.0479386821389,
        "mean": 0.00390108302236,
        "median": 0.00115068210289,
        "min": 8.06119010882e-21,
        "stdev": 0.00731950579211,
        "var": 5.35751678399e-05
    },
    "spectral_energyband_low": {
        "dmean": 0.00611103419214,
        "dmean2": 0.00870090629905,
        "dvar": 0.000354830059223,
        "dvar2": 0.000786016811617,
        "max": 0.268567711115,
        "mean": 0.0173354558647,
        "median": 0.000182522839168,
        "min": 7.95184161802e-23,
        "stdev": 0.0351813472807,
        "var": 0.001237727236
    },
    "spectral_energyband_middle_high": {
        "dmean": 0.00364420725964,
        "dmean2": 0.00543206045404,
        "dvar": 6.72500536893e-05,
        "dvar2": 0.000165505334735,
        "max": 0.0752131268382,
        "mean": 0.00594596192241,
        "median": 0.00310114631429,
        "min": 1.41048713555e-21,
        "stdev": 0.00870838295668,
        "var": 7.58359383326e-05
    },
    "spectral_energyband_middle_low": {
        "dmean": 0.00577331101522,
        "dmean2": 0.00910790171474,
        "dvar": 0.000181426221388,
        "dvar2": 0.000487240002258,
        "max": 0.143740221858,
        "mean": 0.0101974476129,
        "median": 0.00748688075691,
        "min": 2.89565973411e-22,
        "stdev": 0.0127462456003,
        "var": 0.00016246677842
    },
    "spectral_entropy": {
        "dmean": 0.329360574484,
        "dmean2": 0.475017786026,
        "dvar": 0.106571443379,
        "dvar2": 0.218541815877,
        "max": 9.81140041351,
        "mean": 7.77310752869,
        "median": 7.76776790619,
        "min": 5.30340147018,
        "stdev": 0.546372413635,
        "var": 0.298522830009
    },
    "spectral_flux": {
        "dmean": 0.0348356626928,
        "dmean2": 0.0534092523158,
        "dvar": 0.00152090284973,
        "dvar2": 0.00313942949288,
        "max": 0.442995667458,
        "mean": 0.100996568799,
        "median": 0.090604647994,
        "min": 1.03434392995e-10,
        "stdev": 0.0641973391175,
        "var": 0.00412129843608
    },
    "spectral_kurtosis": {
        "dmean": 1.71194410324,
        "dmean2": 2.73209071159,
        "dvar": 7.93215799332,
        "dvar2": 19.4704170227,
        "max": 40.8715324402,
        "mean": 2.45250201225,
        "median": 1.84591603279,
        "min": -1.31211841106,
        "stdev": 3.15933918953,
        "var": 9.98142433167
    },
    "spectral_rms": {
        "dmean": 0.00105587858707,
        "dmean2": 0.00151297473349,
        "dvar": 1.47191258293e-06,
        "dvar2": 2.85047485704e-06,
        "max": 0.0166343059391,
        "mean": 0.00531920604408,
        "median": 0.00501213036478,
        "min": 3.23074770062e-12,
        "stdev": 0.00273631233722,
        "var": 7.48740467316e-06
    },
    "spectral_rolloff": {
        "dmean": 1552.82177734,
        "dmean2": 2605.98291016,
        "dvar": 5504086.5,
        "dvar2": 12136168,
        "max": 18604.6875,
        "mean": 2822.18701172,
        "median": 1248.92578125,
        "min": 64.599609375,
        "stdev": 3195.80859375,
        "var": 10213192
    },
    "spectral_skewness": {
        "dmean": 0.365199446678,
        "dmean2": 0.548241019249,
        "dvar": 0.16353084147,
        "dvar2": 0.36820474267,
        "max": 5.01128149033,
        "mean": 1.27327549458,
        "median": 1.28985738754,
        "min": -0.417681753635,
        "stdev": 0.609949409962,
        "var": 0.372038275003
    },
    "spectral_spread": {
        "dmean": 1339318.875,
        "dmean2": 2045964.625,
        "dvar": 2.68398546125e+12,
        "dvar2": 4.81991380173e+12,
        "max": 40430324,
        "mean": 6536902,
        "median": 6090101.5,
        "min": 1821463.5,
        "stdev": 2384792.5,
        "var": 5.68723557581e+12
    },
    "spectral_strongpeak": {
        "dmean": 0.7414509058,
        "dmean2": 1.21828866005,
        "dvar": 2.21757984161,
        "dvar2": 5.34194612503,
        "max": 21.4947814941,
        "mean": 1.2844530344,
        "median": 0.758494377136,
        "min": 0,
        "stdev": 1.69003593922,
        "var": 2.85622143745
    },
    "zerocrossingrate": {
        "dmean": 0.0304407291114,
        "dmean2": 0.0350285097957,
        "dvar": 0.00118651799858,
        "dvar2": 0.00139476195909,
        "max": 0.50732421875,
        "mean": 0.0980630218983,
        "median": 0.07373046875,
        "min": 0.0029296875,
        "stdev": 0.0793959274888,
        "var": 0.00630371365696
    },
    "barkbands": {
        "dmean": [0.000392891553929, 0.0047362530604, 0.00296804588288, 0.00149580475409, 0.00208923406899, 0.00136475299951, 0.00105402828194, 0.000727109087165, 0.000655936601106, 0.000735023000743, 0.000878905120771, 0.000706650316715, 0.0004499880597, 0.000484927062644, 0.000414625683334, 0.000267217197688, 0.000345192471286, 0.000317258061841, 0.000344334519468, 0.000268459727522, 0.000360216770787, 0.000535764324013, 0.000725452788174, 0.000922548177186, 0.00066537829116, 0.000233002880123, 2.15303934965e-05],
        "dmean2": [0.000683389080223, 0.00691608106717, 0.00452778162435, 0.0026779321488, 0.00334244430996, 0.00223102187738, 0.0017256711144, 0.00119564612396, 0.000989923020825, 0.00110632029828, 0.00131575053092, 0.00109954061918, 0.000701294571627, 0.000788310077041, 0.00068873737473, 0.000424480385846, 0.000568959338125, 0.000532975129317, 0.000548563024495, 0.000440779491328, 0.00059383851476, 0.000871358206496, 0.00117692584172, 0.00143817451317, 0.00105845322832, 0.000395781622501, 3.87774889532e-05],
        "dvar": [7.80910113463e-07, 0.000313367898343, 0.000135165639222, 6.83551770635e-05, 1.65033325175e-05, 1.00065744846e-05, 3.69322947336e-06, 2.99987277685e-06, 2.54395354204e-06, 3.85801149605e-06, 4.32383421867e-06, 2.64006393991e-06, 1.08728363557e-06, 2.00362455871e-06, 2.06299523597e-06, 4.4500666263e-07, 9.68773861132e-07, 1.36505786941e-06, 6.64889455493e-07, 5.00045246099e-07, 5.3518220966e-07, 8.32722605537e-07, 1.41425130096e-06, 4.35971242041e-06, 1.91713616005e-06, 2.67221935246e-07, 3.62495722328e-09],
        "dvar2": [2.34481399275e-06, 0.000767034187447, 0.000337877805578, 0.00019335190882, 3.87809341191e-05, 2.59274147538e-05, 9.04721855477e-06, 8.12099278846e-06, 5.59794852961e-06, 9.39067558647e-06, 8.73078988661e-06, 6.40330699753e-06, 2.58535374087e-06, 4.88373780172e-06, 5.40123801329e-06, 1.05747449197e-06, 2.54886435869e-06, 3.66053632206e-06, 1.57288866376e-06, 1.26698694203e-06, 1.33344315145e-06, 1.88484568753e-06, 3.31390856445e-06, 8.01069290901e-06, 3.89199522033e-06, 6.52555058878e-07, 9.9555474975e-09],
        "max": [0.0100519368425, 0.240812420845, 0.1314868927, 0.0974804759026, 0.0363885946572, 0.0373985283077, 0.0173209514469, 0.0174536146224, 0.0361697226763, 0.030486902222, 0.0310057979077, 0.0165291056037, 0.0111752999946, 0.0201751887798, 0.0147002898157, 0.00552163878456, 0.00878527853638, 0.0123804267496, 0.00687315827236, 0.00720216240734, 0.00688996585086, 0.0140290213749, 0.0135107962415, 0.0307832788676, 0.0163246635348, 0.00395239563659, 0.000435418274719],
        "mean": [0.00132511323318, 0.0100768087432, 0.0054200431332, 0.00125446298625, 0.00325040658936, 0.0020662334282, 0.00142495997716, 0.00087699649157, 0.000907299050596, 0.00108497252222, 0.00124593183864, 0.000935440184548, 0.000500261376146, 0.000486826524138, 0.000396757910494, 0.000314682663884, 0.000376155803679, 0.000318086240441, 0.000365093583241, 0.000262716261204, 0.000382635422284, 0.000623344327323, 0.000812896003481, 0.00108900736086, 0.000668341701385, 0.000196214619791, 1.41660457302e-05],
        "median": [3.41607403698e-07, 8.98995222087e-06, 4.95336789754e-05, 0.000153119006427, 0.00109177059494, 0.000816471641883, 0.000508080120198, 0.000310689967591, 0.000228422257351, 0.000280758744339, 0.00023706065258, 0.000135723428684, 0.000124401805806, 0.00011928321328, 5.77785613132e-05, 8.47868432174e-05, 0.000110848937766, 7.50868057366e-05, 7.19257368473e-05, 6.44213869236e-05, 0.000104240505607, 0.000218692162889, 0.000234052276937, 0.000212478160392, 7.29675302864e-05, 1.8618777176e-05, 3.59312878118e-07],
        "min": [1.36893537516e-24, 2.62554492492e-23, 4.69152209523e-23, 8.81420637358e-24, 3.02778541604e-23, 9.36806340632e-23, 8.35294583389e-23, 2.1567302532e-23, 3.4960939546e-23, 8.91299100712e-23, 1.13427772585e-22, 6.94835501077e-23, 3.64940875598e-23, 7.31927362187e-23, 1.65273642408e-22, 1.23259364979e-22, 1.41687660596e-22, 2.37326089654e-22, 2.87870717636e-22, 2.29528054456e-22, 3.83537154412e-22, 6.24090707532e-22, 5.98962521584e-22, 1.00351316346e-21, 1.14592181768e-21, 1.83498911733e-21, 2.54193632174e-21],
        "stdev": [0.00248506991193, 0.0264035947621, 0.0126022705808, 0.00641202181578, 0.00548095768318, 0.00359826907516, 0.00230832886882, 0.0016738063423, 0.00198259321041, 0.00228391960263, 0.00277978740633, 0.0019883075729, 0.00113767734729, 0.00141960592009, 0.00127741065808, 0.000711904256605, 0.000891952309757, 0.00101387349423, 0.000841511995532, 0.000657954078633, 0.00079308275599, 0.00118460168596, 0.00146329659037, 0.00282312254421, 0.00166374992114, 0.000496982014738, 4.84687079734e-05],
        "var": [6.17557270743e-06, 0.000697149778716, 0.00015881723084, 4.11140244978e-05, 3.00408955809e-05, 1.29475401991e-05, 5.32838248546e-06, 2.80162748822e-06, 3.93067557525e-06, 5.21628908245e-06, 7.72721796238e-06, 3.95336655856e-06, 1.2943096408e-06, 2.01528087018e-06, 1.63177810464e-06, 5.06807680267e-07, 7.9557889876e-07, 1.02793944734e-06, 7.08142465555e-07, 4.32903561887e-07, 6.28980274087e-07, 1.40328120324e-06, 2.1412370188e-06, 7.97002121544e-06, 2.76806372312e-06, 2.46991106678e-07, 2.34921548881e-09]
    },
    "erbbands": {
        "dmean": [0.153816267848, 1.12552058697, 3.12504196167, 3.76627039909, 4.69799804688, 8.28726482391, 12.1527519226, 9.76533222198, 14.7447767258, 15.6452589035, 14.4861373901, 13.6612815857, 22.9987449646, 23.4946880341, 35.7522354126, 26.8783283234, 18.9953117371, 22.3966617584, 22.3602600098, 17.9574317932, 15.7206697464, 17.1220626831, 15.3991880417, 18.5676803589, 16.9883289337, 12.6090488434, 11.701716423, 16.7434463501, 18.398147583, 21.5804901123, 20.3022232056, 17.5451030731, 16.6292438507, 9.03351593018, 3.9190261364, 1.3186480999, 0.359241962433, 0.0854346230626, 0.00239313417114, 7.99629560788e-05],
        "dmean2": [0.229840353131, 1.51270663738, 4.59445619583, 6.19260120392, 8.10596179962, 13.1020278931, 19.6947364807, 15.86723423, 24.3879947662, 25.3584041595, 22.9036998749, 20.3475646973, 34.3936538696, 33.9983444214, 53.2234725952, 41.8140335083, 29.4102039337, 34.479347229, 37.164932251, 29.1257247925, 25.3379192352, 27.7699432373, 25.4135875702, 30.0622730255, 27.482717514, 20.9547100067, 19.3442955017, 27.6664390564, 29.8029975891, 35.2816810608, 32.5547981262, 28.1383914948, 25.239900589, 13.8558568954, 6.39527893066, 2.17520236969, 0.621693491936, 0.154263079166, 0.00427742814645, 0.000135638256324],
        "dvar": [0.326597779989, 17.0995960236, 153.376968384, 309.797332764, 380.433685303, 245.183410645, 461.803131104, 834.190185547, 969.984130859, 1318.74963379, 848.106628418, 991.907287598, 4747.37988281, 3201.47558594, 7552.26611328, 4056.54174805, 1820.81994629, 4259.66845703, 5732.88574219, 3157.68530273, 1841.15234375, 2386.09301758, 2808.25976562, 3047.71704102, 1853.63183594, 1161.51318359, 687.941162109, 1074.73205566, 1029.21582031, 1391.11413574, 1098.64904785, 1104.52209473, 1669.29797363, 383.630493164, 70.6983184814, 8.00612354279, 0.668041288853, 0.0519506298006, 4.13140442106e-05, 2.75688822882e-08],
        "dvar2": [0.854932963848, 37.9915084839, 360.449707031, 799.922973633, 1076.0012207, 505.931030273, 1101.63696289, 2124.44604492, 2527.2253418, 3359.46630859, 1969.29956055, 2013.49438477, 11939.4306641, 6424.15478516, 16652.7480469, 9864.671875, 4253.74707031, 9821.87792969, 15522.4707031, 7978.17626953, 4756.62255859, 6176.84033203, 7519.73925781, 7443.79492188, 4495.92138672, 2996.22729492, 1651.81677246, 2721.37060547, 2452.48339844, 3314.49804688, 2549.50170898, 2157.93481445, 3088.97192383, 708.837402344, 157.094329834, 18.3875427246, 1.73368382454, 0.14204838872, 0.000111469438707, 7.18241679465e-08],
        "max": [7.3070268631, 63.8896141052, 154.103973389, 208.246292114, 238.157363892, 183.23236084, 252.482254028, 372.60647583, 356.508117676, 357.909790039, 477.605773926, 574.955871582, 1312.09350586, 1181.52783203, 1235.79223633, 632.473022461, 499.244903564, 1160.47875977, 791.656738281, 531.516296387, 418.416290283, 449.214019775, 569.42401123, 496.231292725, 412.556854248, 341.05279541, 236.71282959, 426.965545654, 542.167419434, 392.748626709, 397.198150635, 476.590667725, 622.350952148, 243.436203003, 109.548812866, 22.5600547791, 6.01768493652, 1.54770195484, 0.0471621342003, 0.00122360256501],
        "mean": [0.2619163692, 2.34510970116, 7.27238035202, 4.11061429977, 5.32868814468, 13.0985441208, 18.8760852814, 14.3214569092, 20.5127067566, 18.6589241028, 21.6680450439, 19.1397438049, 31.8174057007, 38.0334091187, 49.6159362793, 35.434627533, 23.2992095947, 26.2112941742, 22.7712726593, 19.018705368, 18.4925842285, 19.3659954071, 16.450843811, 19.6364765167, 17.7464256287, 12.2275667191, 12.1633138657, 18.393913269, 21.3398475647, 23.4637813568, 23.1804523468, 20.6658248901, 18.8824043274, 9.50028800964, 3.69405961037, 1.20283687115, 0.286960929632, 0.058792360127, 0.00169023568742, 0.000100753408333],
        "median": [0.000160291179782, 0.00370507035404, 0.0523733273149, 0.400642871857, 1.78440308571, 3.53546237946, 7.4710483551, 5.81143283844, 8.06625175476, 7.54754781723, 7.18480396271, 5.22768306732, 7.68825960159, 9.86479187012, 8.83033084869, 6.49212932587, 5.89122009277, 8.04364204407, 4.27667045593, 3.74578380585, 6.08401012421, 5.57748222351, 3.9759721756, 4.81307315826, 3.31605529785, 3.23108029366, 3.10341644287, 5.7968120575, 7.84655857086, 6.06031703949, 6.74400472641, 5.55020713806, 2.6728553772, 1.02447247505, 0.407835960388, 0.126205205917, 0.0251837745309, 0.00274743745103, 0.000102558471553, 4.85360069433e-05],
        "min": [3.90808432474e-22, 8.06493019304e-21, 5.39630530398e-20, 3.48640116891e-20, 6.08637943753e-20, 8.3729231393e-20, 2.9960254312e-19, 9.4240439034e-19, 1.32413231981e-18, 8.49422155056e-19, 5.68594802383e-19, 6.46072777856e-19, 1.63107722824e-18, 3.53995417301e-18, 5.01005471281e-18, 3.53121252829e-18, 2.10021612477e-18, 3.60690451743e-18, 3.77446649411e-18, 9.81216780016e-18, 8.57164089961e-18, 7.53382370715e-18, 1.18060204923e-17, 1.40210257114e-17, 1.53071873392e-17, 1.36271760704e-17, 1.49866118384e-17, 1.86778606542e-17, 1.84748837667e-17, 1.64468867133e-17, 1.66394047291e-17, 2.08860457692e-17, 1.64559311061e-17, 1.55014556691e-17, 6.53170308044e-18, 6.34120462614e-18, 3.51188255815e-18, 1.39809219274e-18, 3.53216073577e-19, 3.5421124294e-20],
        "stdev": [0.737967789173, 6.23377275467, 15.5792236328, 15.5372314453, 17.1846160889, 23.1483440399, 30.0379123688, 31.8946552277, 36.1516647339, 35.8030891418, 39.2466049194, 39.19115448, 73.0678329468, 83.4529647827, 109.838592529, 73.0866165161, 47.5139694214, 69.4644470215, 66.3155822754, 52.8090057373, 40.8525848389, 44.9772758484, 47.1452140808, 53.0170135498, 43.4657287598, 31.0398139954, 27.131439209, 36.8268127441, 40.7428092957, 45.1345024109, 41.7825698853, 44.0008430481, 54.3250541687, 25.2843952179, 9.12315940857, 2.92235517502, 0.741742014885, 0.184785529971, 0.00529604451731, 0.00015611629351],
        "var": [0.544596493244, 38.8599205017, 242.712203979, 241.405548096, 295.311035156, 535.845825195, 902.276184082, 1017.26904297, 1306.94287109, 1281.86120605, 1540.29602051, 1535.9465332, 5338.90820312, 6964.39746094, 12064.5166016, 5341.65332031, 2257.57714844, 4825.30957031, 4397.75683594, 2788.79125977, 1668.93359375, 2022.95532227, 2222.67114258, 2810.80371094, 1889.26965332, 963.470031738, 736.114990234, 1356.21411133, 1659.9765625, 2037.12329102, 1745.78308105, 1936.07434082, 2951.21142578, 639.300598145, 83.2320404053, 8.54015922546, 0.550181210041, 0.034145694226, 2.80480853689e-05, 2.43722979576e-08]
    },
    "gfcc": {
        "mean": [3.66190981865, 46.5350189209, -114.289916992, 18.9797592163, -89.369140625, 14.6477117538, -55.3199615479, 0.307340204716, -30.0604496002, -5.13538599014, -17.7942562103, 3.88622283936, -12.533949852],
        "cov": [[5329.55664062, -1119.90686035, 245.326065063, 447.628875732, 226.462509155, 509.22052002, 172.690612793, 264.514282227, 34.132598877, 330.732513428, 1.92275881767, 116.185760498, -164.813842773], [-1119.90686035, 2939.24023438, 146.489898682, 225.753967285, 844.663452148, 257.043365479, 480.330200195, 161.736373901, 457.893188477, -96.6202316284, 242.958267212, 10.0385808945, 114.957092285], [245.326065063, 146.489898682, 1518.13330078, 758.513671875, 509.919952393, 441.920013428, 318.868560791, 308.767974854, 278.370880127, 223.5652771, 88.4733581543, -21.9128456116, -21.7680244446], [447.628875732, 225.753967285, 758.513671875, 932.080444336, 547.661804199, 257.969573975, 147.478775024, 179.460006714, 280.125183105, 157.510314941, 123.677009583, -14.9095611572, 7.62969255447], [226.462509155, 844.663452148, 509.919952393, 547.661804199, 876.319396973, 318.365509033, 266.649200439, 211.084014893, 312.991455078, 133.667907715, 167.072494507, 33.6529655457, 1.93240272999], [509.22052002, 257.043365479, 441.920013428, 257.969573975, 318.365509033, 445.451904297, 291.035125732, 179.932449341, 157.841461182, 126.258377075, 90.0910644531, 25.0888233185, 13.398349762], [172.690612793, 480.330200195, 318.868560791, 147.478775024, 266.649200439, 291.035125732, 487.626068115, 222.703903198, 138.026626587, 88.6179962158, 65.3464202881, 27.1321182251, 20.7291126251], [264.514282227, 161.736373901, 308.767974854, 179.460006714, 211.084014893, 179.932449341, 222.703903198, 255.865905762, 128.234466553, 65.6339035034, 63.9842720032, 14.0063018799, -21.0446033478], [34.132598877, 457.893188477, 278.370880127, 280.125183105, 312.991455078, 157.841461182, 138.026626587, 128.234466553, 268.199951172, 80.6710510254, 73.020324707, -10.2232818604, 1.43744564056], [330.732513428, -96.6202316284, 223.5652771, 157.510314941, 133.667907715, 126.258377075, 88.6179962158, 65.6339035034, 80.6710510254, 201.273956299, 42.9371337891, 1.67711651325, -6.76180267334], [1.92275881767, 242.958267212, 88.4733581543, 123.677009583, 167.072494507, 90.0910644531, 65.3464202881, 63.9842720032, 73.020324707, 42.9371337891, 149.245620728, 25.3104724884, 0.257642149925], [116.185760498, 10.0385808945, -21.9128456116, -14.9095611572, 33.6529655457, 25.0888233185, 27.1321182251, 14.0063018799, -10.2232818604, 1.67711651325, 25.3104724884, 99.9088821411, 22.8252983093], [-164.813842773, 114.957092285, -21.7680244446, 7.62969255447, 1.93240272999, 13.398349762, 20.7291126251, -21.0446033478, 1.43744564056, -6.76180267334, 0.257642149925, 22.8252983093, 111.067977905]],
        "icov": [[0.000315961398883, 7.81844719313e-05, 0.000239399450948, -0.000254692073213, 3.62976788892e-06, -0.0005027721636, 0.000112811561849, -0.000272964185569, 0.000185985831195, -0.000330895098159, 0.000378410128178, -0.000414056907175, 0.000501823436935], [7.81844719313e-05, 0.00104011432268, 2.96526559396e-05, 0.000465103483293, -0.000820753048174, 0.00025077254395, -0.000970412278548, 0.000823151262011, -0.00148871797137, 0.0013005300425, -0.000981765449978, 0.000467651057988, -0.000660932448227], [0.000239399450948, 2.96526559396e-05, 0.0016743328888, -0.00115540868137, 9.31950271479e-05, -0.00113353435881, 0.00012299286027, -0.00102430663537, 0.000328876049025, -0.000715265981853, 0.000931586138904, -5.30781144334e-05, 0.000611102441326], [-0.000254692073213, 0.000465103483293, -0.00115540868137, 0.00310226879083, -0.00131171464454, 0.000775824591983, -1.34790561788e-05, 0.000644162064418, -0.00179010094143, 0.000637892284431, -0.00140205398202, 0.00110195123125, -0.00140628451481], [3.62976788892e-06, -0.000820753048174, 9.31950271479e-05, -0.00131171464454, 0.00340053183027, -0.000800407084171, 0.000377665041015, -0.000575582613237, -0.00047113065375, -0.000944407482166, -0.000154607318109, -0.00129319378175, 0.00103581906296], [-0.0005027721636, 0.00025077254395, -0.00113353435881, 0.000775824591983, -0.000800407084171, 0.00605219136924, -0.00237221084535, 0.00053243356524, -0.00113284110557, -4.76466539112e-06, -0.00183672446292, 0.000444181205239, -0.00152626493946], [0.000112811561849, -0.000970412278548, 0.00012299286027, -1.34790561788e-05, 0.000377665041015, -0.00237221084535, 0.00556946638972, -0.00383846717887, 0.00150118174497, -0.00168684520759, 0.00159843848087, -0.000674197624903, -0.00027760854573], [-0.000272964185569, 0.000823151262011, -0.00102430663537, 0.000644162064418, -0.000575582613237, 0.00053243356524, -0.00383846717887, 0.00973647646606, -0.00324043817818, 0.00188487605192, -0.00235910760239, -0.000197686706088, 0.00120775378309], [0.000185985831195, -0.00148871797137, 0.000328876049025, -0.00179010094143, -0.00047113065375, -0.00113284110557, 0.00150118174497, -0.00324043817818, 0.0103314239532, -0.00296682934277, 0.00130978343077, 0.000827893381938, 0.000767448917031], [-0.000330895098159, 0.0013005300425, -0.000715265981853, 0.000637892284431, -0.000944407482166, -4.76466539112e-06, -0.00168684520759, 0.00188487605192, -0.00296682934277, 0.00887352321297, -0.00251532718539, 0.00111337495036, -0.000976477691438], [0.000378410128178, -0.000981765449978, 0.000931586138904, -0.00140205398202, -0.000154607318109, -0.00183672446292, 0.00159843848087, -0.00235910760239, 0.00130978343077, -0.00251532718539, 0.0110795525834, -0.00296663423069, 0.00174938060809], [-0.000414056907175, 0.000467651057988, -5.30781144334e-05, 0.00110195123125, -0.00129319378175, 0.000444181205239, -0.000674197624903, -0.000197686706088, 0.000827893381938, 0.00111337495036, -0.00296663423069, 0.0127924224362, -0.00369224580936], [0.000501823436935, -0.000660932448227, 0.000611102441326, -0.00140628451481, 0.00103581906296, -0.00152626493946, -0.00027760854573, 0.00120775378309, 0.000767448917031, -0.000976477691438, 0.00174938060809, -0.00369224580936, 0.0117806894705]]
    },
    "melbands": {
        "dmean": [0.00129653792828, 0.00124900334049, 0.000651965267025, 0.000420071650296, 0.000427199352998, 0.000234035833273, 0.000220859321416, 0.000167988953763, 0.000121628407214, 8.92530297278e-05, 0.0001174581339, 9.45816282183e-05, 0.000112737783638, 8.85964400368e-05, 6.00535713602e-05, 4.27804116043e-05, 4.43173703388e-05, 3.79284829251e-05, 3.2144915167e-05, 2.07690973184e-05, 1.95738211914e-05, 1.98238103621e-05, 1.23551280922e-05, 1.69989525602e-05, 1.52438533405e-05, 1.30763519337e-05, 1.21811690406e-05, 7.40775067243e-06, 7.14171937943e-06, 7.89965997683e-06, 1.06160141513e-05, 1.01559217001e-05, 1.19904370877e-05, 1.25896476675e-05, 1.22114352052e-05, 1.06568732008e-05, 1.12905945571e-05, 1.2583986063e-05, 1.05341496237e-05, 7.03189289197e-06],
        "dmean2": [0.00195581745356, 0.00174087216146, 0.00104371260386, 0.000692397006787, 0.000681303150486, 0.000381556048524, 0.00036403388367, 0.00027388491435, 0.000191543120309, 0.000132430315716, 0.000176477915375, 0.000139959200169, 0.000166772486409, 0.000138293617056, 9.21863029362e-05, 6.73199319863e-05, 6.92054672982e-05, 6.4573250711e-05, 5.36902552994e-05, 3.32352901751e-05, 3.21260886267e-05, 3.26709705405e-05, 1.94820440811e-05, 2.89018425974e-05, 2.48829874181e-05, 2.08236324397e-05, 2.00235426746e-05, 1.23072732094e-05, 1.18952093544e-05, 1.3158533875e-05, 1.74354063347e-05, 1.64744324138e-05, 2.01104194275e-05, 2.06603563129e-05, 1.98511406779e-05, 1.70966322912e-05, 1.83202828339e-05, 1.91284598259e-05, 1.55579346028e-05, 1.10947603389e-05],
        "dvar": [2.36245214182e-05, 2.07835983019e-05, 8.20900186227e-06, 9.66320044427e-07, 5.24223139564e-07, 3.99430746256e-07, 1.90618379747e-07, 1.66185287753e-07, 5.76891210358e-08, 5.04195156736e-08, 1.22622452636e-07, 5.14764089132e-08, 6.91662336294e-08, 4.5368789614e-08, 1.92824423095e-08, 1.18522729409e-08, 2.00770795544e-08, 1.66722777806e-08, 1.22817711556e-08, 3.11080139426e-09, 3.08300984742e-09, 3.34421579318e-09, 1.06510045228e-09, 4.42620029517e-09, 2.03375005725e-09, 8.73178140903e-10, 1.26194732442e-09, 3.36366878795e-10, 3.07386643916e-10, 2.45919701269e-10, 4.27470475683e-10, 3.58368862363e-10, 4.65784799619e-10, 4.85501638892e-10, 4.23158286189e-10, 3.20998311265e-10, 5.92812021694e-10, 9.32625310313e-10, 8.13192457816e-10, 2.19181381378e-10],
        "dvar2": [6.03947300988e-05, 4.0677809011e-05, 2.07611228689e-05, 2.49100958172e-06, 1.17832814794e-06, 1.03407535335e-06, 4.90336958592e-07, 4.34681339812e-07, 1.24532462564e-07, 1.0403284989e-07, 3.08102187319e-07, 1.07437557517e-07, 1.45545442365e-07, 1.14786352867e-07, 4.24541255484e-08, 2.7176588091e-08, 4.67479814859e-08, 4.61063933699e-08, 3.20710746848e-08, 7.11149938937e-09, 8.26102386497e-09, 8.94424623255e-09, 2.53043253018e-09, 1.206228184e-08, 4.94705032494e-09, 2.12214601447e-09, 3.24187166001e-09, 8.52429904441e-10, 7.34224070431e-10, 6.20955342701e-10, 1.07368436364e-09, 8.97475760375e-10, 1.08550080036e-09, 1.19026766221e-09, 1.01466623992e-09, 6.88775592117e-10, 1.19570464641e-09, 1.84367265899e-09, 1.53990176166e-09, 4.54463439103e-10],
        "max": [0.0590160638094, 0.0585495941341, 0.034144859761, 0.010218411684, 0.00707176793367, 0.00825342535973, 0.00484089087695, 0.00410968577489, 0.00368344387971, 0.00489639863372, 0.00643581524491, 0.00444588577375, 0.00343058421277, 0.00215942692012, 0.00151483202353, 0.0014856607886, 0.0025933040306, 0.00131887628231, 0.00110167392995, 0.000605616602115, 0.000552377838176, 0.000521747977473, 0.000338994606864, 0.00073215685552, 0.000412387278629, 0.000281186075881, 0.000356976117473, 0.000179341150215, 0.000164743556525, 0.000156658250489, 0.000296060170513, 0.000317117694067, 0.000262308050878, 0.000231585276197, 0.000233762766584, 0.000217529843212, 0.000371199275833, 0.000389032240491, 0.000544754555449, 0.00017714202113],
        "mean": [0.00261248252355, 0.00344271934591, 0.000768450903706, 0.000632233626675, 0.000672300870065, 0.000348275818396, 0.000306044181343, 0.000192425301066, 0.00018556471332, 0.000118413336168, 0.000158907962032, 0.000148144332343, 0.00016132685414, 0.000113217625767, 7.37851296435e-05, 4.76268396596e-05, 4.94249579788e-05, 3.65231499018e-05, 2.99086223094e-05, 2.40665740421e-05, 2.15947675315e-05, 2.13570183405e-05, 1.4561678654e-05, 1.60873714776e-05, 1.58294969879e-05, 1.36109110827e-05, 1.1349480701e-05, 7.05348793417e-06, 7.19084891898e-06, 8.12235703052e-06, 1.16898745546e-05, 1.16417768368e-05, 1.29692989503e-05, 1.31402111947e-05, 1.35210129883e-05, 1.21821876746e-05, 1.30349071696e-05, 1.39622552524e-05, 1.1230103155e-05, 6.86940711603e-06],
        "median": [1.87831233234e-06, 2.45814608206e-05, 0.000135932670673, 0.000210739148315, 0.000280672102235, 0.000143154640682, 0.000119655072922, 6.76583731547e-05, 5.52001220058e-05, 2.9741851904e-05, 3.48629728251e-05, 3.61680358765e-05, 2.94570763799e-05, 1.82666444744e-05, 1.18413663586e-05, 1.26338709379e-05, 1.3654878785e-05, 6.53137294648e-06, 4.50858260592e-06, 5.23423750565e-06, 6.72305304761e-06, 5.98826818532e-06, 3.72482145394e-06, 3.5680777728e-06, 3.74142746296e-06, 2.30693854064e-06, 1.988790018e-06, 1.80191977961e-06, 1.60574074926e-06, 1.96014480025e-06, 3.6429935335e-06, 4.317854291e-06, 3.67810457647e-06, 2.82001792584e-06, 3.53524137608e-06, 3.40800943377e-06, 2.89104787043e-06, 1.89417028196e-06, 1.11360054689e-06, 7.35994262868e-07],
        "min": [5.44923814082e-24, 2.07333408711e-23, 6.99747706379e-24, 5.14446882984e-24, 8.93092781084e-24, 2.14466352125e-23, 1.90527200442e-23, 7.55909159691e-24, 4.91055776637e-24, 4.30065666282e-24, 8.08373379712e-24, 1.37691979137e-23, 1.61447184234e-23, 9.66244010597e-24, 6.34013662641e-24, 4.31284535267e-24, 6.96472829217e-24, 4.85801292477e-24, 1.30753908033e-23, 9.1739443013e-24, 1.05634131342e-23, 7.89732596521e-24, 7.29352551747e-24, 1.34430828155e-23, 1.07192068521e-23, 1.00814940629e-23, 8.98595795872e-24, 9.45937705377e-24, 9.55056858556e-24, 7.85877748822e-24, 1.26991996037e-23, 1.05890803015e-23, 1.08086652564e-23, 9.02123266296e-24, 8.62266226832e-24, 1.43174735978e-23, 1.19170187726e-23, 9.83453169016e-24, 1.47367295031e-23, 1.26919791598e-23],
        "stdev": [0.00699439132586, 0.00722391810268, 0.00261024408974, 0.00121718400624, 0.000996109680273, 0.000685894396156, 0.000508313940372, 0.000390076456824, 0.000357331504347, 0.000266169226961, 0.000372078124201, 0.00032684893813, 0.000343256804626, 0.000243740345468, 0.000166035533766, 0.000119699172501, 0.000147152532008, 0.000110202716314, 9.7746575193e-05, 6.08777627349e-05, 5.0769707741e-05, 5.12636943313e-05, 3.4341301216e-05, 5.59371364943e-05, 4.33410859841e-05, 3.09263450617e-05, 3.27835950884e-05, 1.71408173628e-05, 1.75461773324e-05, 1.72091949935e-05, 2.34427297983e-05, 2.2951131541e-05, 2.58882046182e-05, 2.57382980635e-05, 2.50886987487e-05, 2.28369444812e-05, 3.10768882628e-05, 3.97894218622e-05, 3.65654013876e-05, 1.76114026544e-05],
        "var": [4.89215090056e-05, 5.21849942743e-05, 6.81337451169e-06, 1.48153685586e-06, 9.92234390651e-07, 4.70451084311e-07, 2.5838306783e-07, 1.52159643108e-07, 1.27685808593e-07, 7.08460632382e-08, 1.38442132425e-07, 1.06830228219e-07, 1.17825237567e-07, 5.94093592099e-08, 2.75677987105e-08, 1.43278926501e-08, 2.16538698083e-08, 1.21446390722e-08, 9.55439283246e-09, 3.70610209188e-09, 2.57756305189e-09, 2.62796628903e-09, 1.17932485999e-09, 3.12896331067e-09, 1.87844961808e-09, 9.56438928057e-10, 1.07476405553e-09, 2.93807589369e-10, 3.07868369687e-10, 2.96156404955e-10, 5.49561562924e-10, 5.26754417862e-10, 6.70199118424e-10, 6.62459975764e-10, 6.2944283119e-10, 5.21526044572e-10, 9.65773017114e-10, 1.58319801713e-09, 1.33702870997e-09, 3.10161535344e-10]
    },
    "melbands128": {
