{
"lowlevel": {
    "average_loudness": 0.938936948776,
    "barkbands_crest": {
        "dmean": 3.49662661552,
        "dmean2": 5.59535741806,
        "dvar": 10.4046411514,
        "dvar2": 25.2465877533,
        "max": 25.5270328522,
        "mean": 10.8748788834,
        "median": 9.54521846771,
        "min": 2.83618021011,
        "stdev": 4.99097728729,
        "var": 24.9098548889
    },
    "barkbands_flatness_db": {
        "dmean": 0.0385572016239,
        "dmean2": 0.0573139153421,
        "dvar": 0.0014706812799,
        "dvar2": 0.00301384693012,
        "max": 0.387228339911,
        "mean": 0.159621626139,
        "median": 0.146300792694,
        "min": 0.0355429686606,
        "stdev": 0.0687885731459,
        "var": 0.0047318674624
    },
    "barkbands_kurtosis": {
        "dmean": 8.01875305176,
        "dmean2": 12.5252685547,
        "dvar": 349.3878479,
        "dvar2": 797.34161377,
        "max": 359.146392822,
        "mean": 9.16614055634,
        "median": 2.94549369812,
        "min": -1.91575229168,
        "stdev": 21.920797348,
        "var": 480.521331787
    },
    "barkbands_skewness": {
        "dmean": 1.01057457924,
        "dmean2": 1.53874063492,
        "dvar": 1.31144583225,
        "dvar2": 2.99800515175,
        "max": 15.6517801285,
        "mean": 1.96656012535,
        "median": 1.47104752064,
        "min": -1.90576469898,
        "stdev": 1.85161411762,
        "var": 3.42847490311
    },
    "barkbands_spread": {
        "dmean": 11.2644062042,
        "dmean2": 17.3978919983,
        "dvar": 223.447753906,
        "dvar2": 508.675201416,
        "max": 110.490074158,
        "mean": 20.6140975952,
        "median": 15.1882123947,
        "min": 0.767218887806,
        "stdev": 17.6920757294,
        "var": 313.009552002
    },
    "dissonance": {
        "dmean": 0.030095666647,
        "dmean2": 0.0492097437382,
        "dvar": 0.000890657189302,
        "dvar2": 0.00208476721309,
        "max": 0.499999880791,
        "mean": 0.440967023373,
        "median": 0.454746067524,
        "min": 0.219463676214,
        "stdev": 0.0463506095111,
        "var": 0.00214837887324
    },
    "dynamic_complexity": 2.92370414734,
    "erbbands_crest": {
        "dmean": 3.06282901764,
        "dmean2": 4.8827586174,
        "dvar": 6.90264701843,
        "dvar2": 17.6175785065,
        "max": 30.51587677,
        "mean": 9.23058319092,
        "median": 8.52447891235,
        "min": 2.43562674522,
        "stdev": 4.36588144302,
        "var": 19.0609207153
    },
    "erbbands_flatness_db": {
        "dmean": 0.0274425297976,
        "dmean2": 0.0376994647086,
        "dvar": 0.000951543799601,
        "dvar2": 0.00151951587759,
        "max": 0.412763565779,
        "mean": 0.167533189058,
        "median": 0.145395725965,
        "min": 0.048162303865,
        "stdev": 0.0766291767359,
        "var": 0.00587203074247
    },
    "erbbands_kurtosis": {
        "dmean": 1.7951785326,
        "dmean2": 2.7230489254,
        "dvar": 5.97608613968,
        "dvar2": 13.3274307251,
        "max": 48.1871643066,
        "mean": 1.40615487099,
        "median": 0.392204761505,
        "min": -1.93912565708,
        "stdev": 3.3340306282,
        "var": 11.1157598495
    },
    "erbbands_skewness": {
        "dmean": 0.616635560989,
        "dmean2": 0.950025379658,
        "dvar": 0.336763799191,
        "dvar2": 0.851418852806,
        "max": 5.84264278412,
        "mean": 0.583500266075,
        "median": 0.577453911304,
        "min": -2.7307767868,
        "stdev": 0.874629318714,
        "var": 0.76497644186
    },
    "erbbands_spread": {
        "dmean": 17.0968894958,
        "dmean2": 24.2455921173,
        "dvar": 353.216918945,
        "dvar2": 677.100341797,
        "max": 177.226913452,
        "mean": 43.8146362305,
        "median": 35.783821106,
        "min": 2.23856019974,
        "stdev": 31.3115921021,
        "var": 980.415771484
    },
    "hfc": {
        "dmean": 12.5732297897,
        "dmean2": 19.6332416534,
        "dvar": 430.821105957,
        "dvar2": 1048.26147461,
        "max": 130.013885498,
        "mean": 17.0795078278,
        "median": 9.69484424591,
        "min": 1.18739593175e-16,
        "stdev": 22.3214473724,
        "var": 498.247039795
    },
    "loudness_ebu128": {
        "integrated": -7.74985599518,
        "loudness_range": 4.65415000916,
        "momentary": {
            "dmean": 0.858704030514,
            "dmean2": 1.46290504932,
            "dvar": 0.467177867889,
            "dvar2": 1.08949160576,
            "max": -4.98336696625,
            "mean": -8.27064323425,
            "median": -7.50358247757,
            "min": -13.6518354416,
            "stdev": 2.23579454422,
            "var": 4.99877738953
        },
        "short_term": {
            "dmean": 0.100534342229,
            "dmean2": 0.157509893179,
            "dvar": 0.00715357391164,
            "dvar2": 0.0117372274399,
            "max": -6.12451696396,
            "mean": -8.12983798981,
            "median": -6.78699493408,
            "min": -11.2783498764,
            "stdev": 1.97428095341,
            "var": 3.89778518677
        }
    },
    "melbands_crest": {
        "dmean": 4.38078022003,
        "dmean2": 6.9421954155,
        "dvar": 15.9490795135,
        "dvar2": 34.9755859375,
        "max": 36.8708305359,
        "mean": 15.8887472153,
        "median": 14.4505786896,
        "min": 1.89430832863,
        "stdev": 7.04114341736,
        "var": 49.5776977539
    },
    "melbands_flatness_db": {
        "dmean": 0.0510300509632,
        "dmean2": 0.0743509531021,
        "dvar": 0.00263559794985,
        "dvar2": 0.00560845294967,
        "max": 0.532857775688,
        "mean": 0.228742107749,
        "median": 0.223915249109,
        "min": 0.00410068919882,
        "stdev": 0.0855068787932,
        "var": 0.00731142656878
    },
    "melbands_kurtosis": {
        "dmean": 20.7800941467,
        "dmean2": 32.0149040222,
        "dvar": 2727.94213867,
        "dvar2": 5780.12255859,
        "max": 984.427856445,
        "mean": 28.2376194,
        "median": 9.10239124298,
        "min": -1.4273211956,
        "stdev": 68.3326187134,
        "var": 4669.34667969
    },
    "melbands_skewness": {
        "dmean": 1.35302340984,
        "dmean2": 1.95906817913,
        "dvar": 2.46479654312,
        "dvar2": 5.08084535599,
        "max": 23.8250274658,
        "mean": 3.22718477249,
        "median": 2.4836704731,
        "min": -0.818338930607,
        "stdev": 2.90769124031,
        "var": 8.45466804504
    },
    "melbands_spread": {
        "dmean": 12.2915458679,
        "dmean2": 19.5270252228,
        "dvar": 358.213684082,
        "dvar2": 838.274780273,
        "max": 181.123886108,
        "mean": 20.421081543,
        "median": 14.4508953094,
        "min": 0.401799947023,
        "stdev": 20.7787055969,
        "var": 431.754638672
    },
    "pitch_salience": {
        "dmean": 0.107334211469,
        "dmean2": 0.172697126865,
        "dvar": 0.0093158474192,
        "dvar2": 0.0227734465152,
        "max": 0.93160122633,
        "mean": 0.558140456676,
        "median": 0.581482648849,
        "min": 0.0763552486897,
        "stdev": 0.152309209108,
        "var": 0.023198094219
    },
    "silence_rate_20dB": {
        "dmean": 0,
        "dmean2": 0,
        "dvar": 0,
        "dvar2": 0,
        "max": 1,
        "mean": 1,
        "median": 1,
        "min": 1,
        "stdev": 0,
        "var": 0
    },
    "silence_rate_30dB": {
        "dmean": 0.0340557284653,
        "dmean2": 0.0681642144918,
        "dvar": 0.0328958630562,
        "dvar2": 0.0836571827531,
        "max": 1,
        "mean": 0.976024746895,
        "median": 1,
        "min": 0,
        "stdev": 0.152971208096,
        "var": 0.023400189355
    },
    "silence_rate_60dB": {
        "dmean": 0.0928792580962,
        "dmean2": 0.185902401805,
        "dvar": 0.0842541530728,
        "dvar2": 0.16993406415,
        "max": 1,
        "mean": 0.139984533191,
        "median": 0,
        "min": 0,
        "stdev": 0.346967160702,
        "var": 0.120386205614
    },
    "spectral_centroid": {
        "dmean": 422.006286621,
        "dmean2": 655.050537109,
        "dvar": 348410.28125,
        "dvar2": 778444.5625,
        "max": 11485.2949219,
        "mean": 1127.05322266,
        "median": 964.345336914,
        "min": 173.493774414,
        "stdev": 707.697692871,
        "var": 500836
    },
    "spectral_complexity": {
        "dmean": 5.3715171814,
        "dmean2": 8.07048797607,
        "dvar": 62.8665237427,
        "dvar2": 124.661720276,
        "max": 57,
        "mean": 13.0843000412,
        "median": 10,
        "min": 0,
        "stdev": 10.6872787476,
        "var": 114.217926025
    },
    "spectral_decrease": {
        "dmean": 3.2720977039e-09,
        "dmean2": 4.52376092142e-09,
        "dvar": 2.80784175913e-17,
        "dvar2": 5.48511769077e-17,
        "max": 4.97837513277e-29,
        "mean": -6.11414652241e-09,
        "median": -3.55240081795e-09,
        "min": -4.73711700977e-08,
        "stdev": 7.66083108061e-09,
        "var": 5.86883387292e-17
    },
    "spectral_energy": {
        "dmean": 0.0130706317723,
        "dmean2": 0.0178864207119,
        "dvar": 0.000417275819927,
        "dvar2": 0.000792669481598,
        "max": 0.181535393,
        "mean": 0.0246253889054,
        "median": 0.0146130779758,
        "min": 1.05821393478e-20,
        "stdev": 0.0300221778452,
        "var": 0.000901331193745
    },
    "spectral_energyband_high": {
        "dmean": 0.00129124976229,
        "dmean2": 0.00212662457488,
        "dvar": 5.218683782e-06,
        "dvar2": 1.31528013299e-05,
        "max": 0.0148201407865,
        "mean": 0.00125761330128,
        "median": 0.00022963983065,
        "min": 7.90255560814e-21,
        "stdev": 0.00228597037494,
        "var": 5.22566051586e-06
    },
    "spectral_energyband_low": {
        "dmean": 0.00784164853394,
        "dmean2": 0.0114624463022,
        "dvar": 0.000295706937322,
        "dvar2": 0.000641283579171,
        "max": 0.162702128291,
        "mean": 0.0126639408991,
        "median": 0.00431889342144,
        "min": 6.25381410191e-23,
        "stdev": 0.0238707158715,
        "var": 0.000569811032619
    },
    "spectral_energyband_middle_high": {
        "dmean": 0.0017279459862,
        "dmean2": 0.00275493133813,
        "dvar": 7.42873635318e-06,
        "dvar2": 1.90251357708e-05,
        "max": 0.0261757522821,
        "mean": 0.00271737226285,
        "median": 0.00161046336871,
        "min": 1.52934638587e-21,
        "stdev": 0.00315472483635,
        "var": 9.95228856482e-06
    },
    "spectral_energyband_middle_low": {
        "dmean": 0.00616498384625,
        "dmean2": 0.00927007384598,
        "dvar": 0.000152773936861,
        "dvar2": 0.000304597546346,
        "max": 0.106152422726,
        "mean": 0.00944145489484,
        "median": 0.00549850752577,
        "min": 3.20692405247e-22,
        "stdev": 0.0145649518818,
        "var": 0.000212137820199
    },
    "spectral_entropy": {
        "dmean": 0.335664272308,
        "dmean2": 0.483378380537,
        "dvar": 0.118190057576,
        "dvar2": 0.244108423591,
        "max": 9.82074165344,
        "mean": 7.52821540833,
        "median": 7.49676609039,
        "min": 6.08431720734,
        "stdev": 0.556291699409,
        "var": 0.309460431337
    },
    "spectral_flux": {
        "dmean": 0.0381191149354,
        "dmean2": 0.0547162741423,
        "dvar": 0.00188446429092,
        "dvar2": 0.00341788306832,
        "max": 0.33140835166,
        "mean": 0.0889567062259,
        "median": 0.0670272856951,
        "min": 1.02869525398e-10,
        "stdev": 0.0684444829822,
        "var": 0.00468464754522
    },
    "spectral_kurtosis": {
        "dmean": 3.82330179214,
        "dmean2": 5.71395778656,
        "dvar": 37.171787262,
        "dvar2": 86.5240936279,
        "max": 75.2061233521,
        "mean": 6.34398555756,
        "median": 3.50522136688,
        "min": -1.22811508179,
        "stdev": 8.94621944427,
        "var": 80.0348434448
    },
    "spectral_rms": {
        "dmean": 0.00117929955013,
        "dmean2": 0.00152993865777,
        "dvar": 1.94133940568e-06,
        "dvar2": 3.2757104691e-06,
        "max": 0.0133081823587,
        "mean": 0.00418790988624,
        "median": 0.00377579941414,
        "min": 3.21310404498e-12,
        "stdev": 0.00254678889178,
        "var": 6.48613377052e-06
    },
    "spectral_rolloff": {
        "dmean": 1144.42932129,
        "dmean2": 1997.15100098,
        "dvar": 3891742,
        "dvar2": 8071323.5,
        "max": 18733.8867188,
        "mean": 1650.93249512,
        "median": 947.4609375,
        "min": 43.06640625,
        "stdev": 2135.78564453,
        "var": 4561580.5
    },
    "spectral_skewness": {
        "dmean": 0.513653159142,
        "dmean2": 0.722975730896,
        "dvar": 0.30941966176,
        "dvar2": 0.626924753189,
        "max": 6.34160995483,
        "mean": 1.81131768227,
        "median": 1.69755363464,
        "min": -0.0271042957902,
        "stdev": 0.933159470558,
        "var": 0.870786547661
    },
    "spectral_spread": {
        "dmean": 1268504.875,
        "dmean2": 1747820.625,
        "dvar": 3.12605461709e+12,
        "dvar2": 4.2938948649e+12,
        "max": 41675956,
        "mean": 5671074.5,
        "median": 5713638.5,
        "min": 913814.5625,
        "stdev": 2678893,
        "var": 7.17646829978e+12
    },
    "spectral_strongpeak": {
        "dmean": 0.354770004749,
        "dmean2": 0.565574407578,
        "dvar": 0.168442934752,
        "dvar2": 0.411510974169,
        "max": 3.325974226,
        "mean": 0.629533708096,
        "median": 0.40832400322,
        "min": 0,
        "stdev": 0.570195198059,
        "var": 0.325122594833
    },
    "zerocrossingrate": {
        "dmean": 0.0199976116419,
        "dmean2": 0.0234216153622,
        "dvar": 0.000547530013137,
        "dvar2": 0.000677685078699,
        "max": 0.494140625,
        "mean": 0.0611510910094,
        "median": 0.05029296875,
        "min": 0.001953125,
        "stdev": 0.0416509509087,
        "var": 0.00173480180092
    },
    "barkbands": {
        "dmean": [0.000604558445048, 0.00426448741928, 0.00430380459875, 0.00267258286476, 0.00279234582558, 0.00106751965359, 0.000808343524113, 0.000847541494295, 0.000521563051734, 0.000479529931908, 0.000274288177025, 0.000252628786257, 0.000301819469314, 0.000222667498747, 0.000177410416654, 0.000180004528374, 0.000149072424392, 0.000125639067846, 0.000130600586999, 0.000159793547937, 0.000247875723289, 0.000250576267717, 0.00035936612403, 0.000257058651187, 0.000109956614324, 3.54216863343e-05, 3.67947359337e-06],
        "dmean2": [0.000824811169878, 0.00569199165329, 0.0071814940311, 0.00470132520422, 0.00460659153759, 0.00178602349479, 0.00130466220435, 0.00135141576175, 0.000794601277448, 0.000744836230297, 0.000428098050179, 0.000401083845645, 0.000489956582896, 0.000369533896446, 0.000301100808429, 0.000312421063427, 0.000251890305663, 0.000221587673877, 0.00021937044221, 0.000271472294116, 0.000432785076555, 0.000422356766649, 0.000569763767999, 0.000425161560997, 0.000185084849363, 5.8437071857e-05, 6.61655121803e-06],
        "dvar": [2.9748327961e-06, 0.000108033658762, 0.000214339845115, 5.02286202391e-05, 7.61611954658e-05, 6.81203118802e-06, 2.24369023272e-06, 2.19220260078e-06, 7.75061209879e-07, 7.92547609763e-07, 2.4039727009e-07, 1.95319088903e-07, 2.95054434218e-07, 1.4910324353e-07, 1.50407529986e-07, 1.92754527006e-07, 1.0658309435e-07, 1.06109929732e-07, 8.46933900789e-08, 1.2031726726e-07, 2.76200353255e-07, 2.73355368563e-07, 4.2059025418e-07, 2.28964225357e-07, 5.22358050148e-08, 5.53824897054e-09, 3.11697084809e-10],
        "dvar2": [5.62434115636e-06, 0.000233225888223, 0.000519962923136, 0.000132748536998, 0.000202576236916, 1.88056073966e-05, 5.6026533457e-06, 5.20036519447e-06, 1.57450415372e-06, 1.77149706815e-06, 5.4177093034e-07, 4.3599712285e-07, 7.93601429905e-07, 3.76680958425e-07, 3.90789921312e-07, 5.25214261415e-07, 2.73712032595e-07, 2.86680545969e-07, 2.25304248147e-07, 3.09829744083e-07, 7.08660877535e-07, 7.30578619823e-07, 1.01880254988e-06, 5.75949570703e-07, 1.45045333966e-07, 1.49033105856e-08, 9.01982988299e-10],
        "max": [0.0201884284616, 0.100482463837, 0.140347242355, 0.0556157752872, 0.0859382152557, 0.026335068047, 0.0271974317729, 0.0165785886347, 0.0075633446686, 0.0130063761026, 0.00683090370148, 0.00510600395501, 0.00528158666566, 0.00330620259047, 0.00424186466262, 0.00451119756326, 0.00387074751779, 0.00269489781931, 0.00232968316413, 0.00243030814454, 0.00383247295395, 0.00375467212871, 0.00634513888508, 0.00375201972201, 0.00195301079657, 0.000956970441621, 0.000323560176184],
        "mean": [0.000843894085847, 0.00624176720157, 0.00428425241262, 0.00241169310175, 0.00272120023146, 0.0011108632898, 0.000965830869973, 0.00111377926078, 0.000792194332462, 0.000666460546199, 0.000417237810325, 0.000340013211826, 0.000400825112592, 0.000259155523963, 0.000172588406713, 0.000166891273693, 0.000147802231368, 0.000110852815851, 0.000132010740344, 0.000154580717208, 0.000225495983614, 0.000229991710512, 0.000329444970703, 0.000234103164985, 0.000109065847937, 4.02435434808e-05, 3.14090380016e-06],
        "median": [6.99060183251e-05, 0.000939809600823, 0.0009179302142, 0.000491394719575, 0.000640116166323, 0.000345301814377, 0.000334744603606, 0.000348079396645, 0.000231320300372, 0.000233291590121, 0.000129170352011, 8.58661078382e-05, 0.00010470043344, 7.80866175774e-05, 4.06426443078e-05, 2.7498250347e-05, 3.11008552671e-05, 2.07606844924e-05, 2.89018644253e-05, 1.74551059899e-05, 1.49727120515e-05, 1.87991245184e-05, 4.61673844256e-05, 4.39603500126e-05, 3.09470342472e-05, 1.71757728822e-05, 3.27224910279e-07],
        "min": [4.69987928766e-23, 1.13582985701e-23, 2.18171884232e-23, 1.08582506864e-23, 6.4568788896e-23, 5.06679111645e-23, 1.72336525507e-23, 1.61593486378e-23, 1.37036246398e-22, 5.3812184515e-23, 6.01581413571e-23, 5.40363156754e-23, 1.51288413357e-22, 1.08731942363e-22, 1.57059909067e-22, 1.11605238837e-22, 1.98688187387e-22, 1.6116387904e-22, 3.68099234849e-22, 2.49639160777e-22, 5.02738858709e-22, 4.39384669482e-22, 6.12864951794e-22, 6.04385593208e-22, 1.23709717466e-21, 1.99284551086e-21, 2.4786424646e-21],
        "stdev": [0.00242482847534, 0.0140106324106, 0.0137366475537, 0.00621879380196, 0.0079540302977, 0.00227319658734, 0.0016285253223, 0.00177059613634, 0.00133034202736, 0.00113358243834, 0.000704970851075, 0.000624924199656, 0.000678436714225, 0.000425842939876, 0.000361020938726, 0.000391147274058, 0.00031063798815, 0.000286924798274, 0.000272787641734, 0.000347131106537, 0.00052164401859, 0.000506973650772, 0.000641007034574, 0.000446004269179, 0.000208725527045, 7.41581170587e-05, 1.44291207107e-05],
        "var": [5.87979320699e-06, 0.000196297827642, 0.000188695485122, 3.86733954656e-05, 6.32665905869e-05, 5.16742238688e-06, 2.65209473582e-06, 3.13501072924e-06, 1.76980995548e-06, 1.28500903429e-06, 4.96983886933e-07, 3.90530288996e-07, 4.60276339709e-07, 1.81342201699e-07, 1.30336118787e-07, 1.52996179281e-07, 9.64959667726e-08, 8.23258474725e-08, 7.44131014585e-08, 1.20500004641e-07, 2.72112458788e-07, 2.57022264805e-07, 4.10890038438e-07, 1.98919821059e-07, 4.35663451981e-08, 5.49942624772e-09, 2.08199527063e-10]
    },
    "erbbands": {
        "dmean": [0.194934815168, 0.765623509884, 3.90216088295, 7.47664260864, 9.07884025574, 10.2153234482, 11.0181980133, 7.4714641571, 11.0665531158, 13.6601362228, 17.1355228424, 12.6145915985, 13.9758234024, 14.1602458954, 9.13124370575, 11.1542253494, 13.1559791565, 11.1910295486, 10.565527916, 8.31614875793, 10.1382818222, 8.43307685852, 7.41810941696, 5.68715667725, 7.46113777161, 7.16456604004, 8.87929821014, 10.7125587463, 8.8856716156, 8.87459659576, 11.3304204941, 6.71696901321, 3.40280556679, 1.4790469408, 0.700130999088, 0.201602876186, 0.0608834549785, 0.0114293508232, 0.00039192251279, 2.24088362302e-05],
        "dmean2": [0.260723888874, 1.12269473076, 6.36659383774, 12.4064817429, 14.6734199524, 17.9030342102, 19.5028648376, 12.27110672, 17.8057441711, 22.1579017639, 27.1350402832, 18.9923877716, 21.3982810974, 21.9217948914, 14.0465545654, 17.805398941, 21.307975769, 18.4231414795, 17.7526397705, 13.7689580917, 17.732252121, 14.199930191, 12.9741706848, 9.39902687073, 12.8962850571, 12.2233953476, 15.0289402008, 18.9341125488, 15.199005127, 14.3018770218, 17.9971866608, 11.0072402954, 5.67118740082, 2.49335026741, 1.17783164978, 0.336357027292, 0.100458607078, 0.0194479580969, 0.000679253193084, 3.30598777509e-05],
        "dvar": [0.248725399375, 4.04805421829, 160.841552734, 309.797058105, 796.833435059, 1257.80151367, 1315.28112793, 248.89024353, 408.592773438, 570.088256836, 1032.25585938, 472.407562256, 832.039978027, 799.418457031, 223.056503296, 387.90914917, 566.231811523, 415.134735107, 488.985870361, 309.352325439, 693.301879883, 345.606750488, 382.015411377, 162.864395142, 315.181243896, 241.816299438, 327.445281982, 551.428527832, 346.588287354, 270.143890381, 488.382354736, 164.645217896, 38.7756767273, 9.82866287231, 1.89425611496, 0.132723659277, 0.0202038213611, 0.00159697339404, 2.55166423813e-06, 1.29834654139e-09],
        "dvar2": [0.540721774101, 8.5886888504, 384.952026367, 768.341247559, 1979.56567383, 3545.17700195, 3772.0402832, 654.542663574, 1000.63867188, 1390.65588379, 2493.05078125, 954.991271973, 1806.19482422, 2024.0657959, 477.529815674, 901.087341309, 1545.92358398, 1069.25500488, 1304.2442627, 741.009765625, 1909.49768066, 893.918640137, 1031.07434082, 404.639068604, 877.262023926, 626.430725098, 819.675170898, 1468.43566895, 947.682312012, 675.314453125, 1176.72143555, 408.932983398, 99.307975769, 27.0810241699, 5.30901050568, 0.360261172056, 0.0544424243271, 0.0044308337383, 7.19388890502e-06, 3.11380654594e-09],
        "max": [4.5428071022, 22.7913398743, 123.065299988, 149.504699707, 254.460296631, 376.484588623, 311.604217529, 157.018829346, 309.689666748, 231.653198242, 396.640411377, 212.71307373, 363.679626465, 477.86227417, 169.29083252, 262.147064209, 241.300048828, 195.2993927, 221.51071167, 208.623413086, 279.545715332, 183.54258728, 163.098098755, 128.973464966, 161.214477539, 105.08240509, 126.223571777, 147.104507446, 137.671142578, 126.242828369, 231.746383667, 90.1623001099, 55.6365623474, 29.9245738983, 12.6141824722, 3.84694862366, 1.78300213814, 0.642371714115, 0.0247697364539, 0.00046906596981],
        "mean": [0.274284929037, 1.07867276669, 4.03057289124, 7.46821594238, 8.63875675201, 8.71150302887, 9.46458339691, 8.23655891418, 13.3859319687, 18.9897708893, 23.2287158966, 19.5092830658, 20.2693195343, 20.0185165405, 14.3025350571, 15.6854076385, 17.5144748688, 14.4812498093, 11.2341442108, 8.71376037598, 9.38880062103, 8.19027709961, 6.70108938217, 5.84359121323, 7.08409929276, 6.91749048233, 8.5399684906, 9.25814151764, 7.96368646622, 8.44727993011, 10.2475910187, 5.95318889618, 3.2408592701, 1.44431650639, 0.681669592857, 0.223482251167, 0.0671445578337, 0.0117177842185, 0.000388955435483, 4.06160761486e-05],
        "median": [0.0325711593032, 0.192155748606, 0.956428229809, 2.39557290077, 1.47243261337, 1.98675239086, 2.46256947517, 2.81130981445, 4.32172822952, 6.707675457, 7.91661310196, 6.39790725708, 6.55205106735, 7.18350839615, 5.19893169403, 4.2644739151, 5.18343877792, 4.4035115242, 3.54657292366, 2.02697229385, 1.69818496704, 1.8699542284, 1.3965562582, 1.24539065361, 1.18332970142, 0.877468407154, 0.761010289192, 0.400784999132, 0.588278949261, 1.2602918148, 1.24740123749, 0.650140881538, 0.777642309666, 0.383818507195, 0.178002372384, 0.0788279697299, 0.0267307367176, 0.00338714965619, 0.000109644344775, 2.55228096648e-05],
        "min": [6.88958096058e-22, 2.23334181161e-21, 1.69469193452e-20, 4.3493618666e-20, 1.59404179312e-19, 1.79664675947e-19, 1.40825806152e-19, 4.30206607024e-19, 4.015170107e-19, 3.19587433514e-19, 7.9388990162e-19, 2.67611022737e-18, 2.61997134035e-18, 1.805547714e-18, 2.4761256658e-18, 3.03836839317e-18, 5.28891135937e-18, 5.75026100627e-18, 5.53691623704e-18, 1.10532745543e-17, 5.07531760878e-18, 1.15031317674e-17, 8.45471643848e-18, 1.21216362181e-17, 2.08205214841e-17, 1.40124445397e-17, 1.98081400955e-17, 1.74958410655e-17, 1.41945996368e-17, 1.61466681274e-17, 1.6551731856e-17, 1.49111994363e-17, 1.03675137024e-17, 1.08497724072e-17, 1.09352871661e-17, 6.19528996609e-18, 3.82568220892e-18, 1.2599076389e-18, 3.74277565388e-19, 4.14273796569e-20],
        "stdev": [0.666792929173, 2.47025728226, 12.2266159058, 16.9776382446, 26.7234802246, 28.7889232635, 28.2272758484, 15.3323745728, 22.4450378418, 29.4801616669, 36.6091194153, 32.7938232422, 37.4877510071, 33.8759765625, 22.0766563416, 27.6241493225, 28.5797138214, 23.5466003418, 20.5368995667, 17.9699039459, 22.7522163391, 17.5042858124, 17.1751937866, 12.7728233337, 15.4779605865, 15.3823480606, 18.7658786774, 22.4820518494, 17.8073539734, 16.6311912537, 21.3808498383, 12.0527839661, 5.78923416138, 2.83694005013, 1.27253699303, 0.366856724024, 0.137109100819, 0.0358269512653, 0.00138920987956, 4.67282407044e-05],
        "var": [0.444612801075, 6.10217142105, 149.490142822, 288.24017334, 714.144348145, 828.802124023, 796.779052734, 235.081695557, 503.779724121, 869.079956055, 1340.22766113, 1075.43493652, 1405.33154297, 1147.58178711, 487.37878418, 763.09362793, 816.800048828, 554.442382812, 421.764251709, 322.917449951, 517.663330078, 306.400054932, 294.98727417, 163.145004272, 239.567260742, 236.616638184, 352.158172607, 505.442626953, 317.101867676, 276.5965271, 457.14074707, 145.269607544, 33.5152320862, 8.04822921753, 1.61935043335, 0.134583860636, 0.0187989063561, 0.001283570542, 1.92990410142e-06, 2.18352846915e-09]
    },
    "gfcc": {
        "mean": [-43.8208465576, 80.6081008911, -105.637825012, 12.1843318939, -68.8422851562, 22.5482597351, -38.5665512085, 11.3576555252, -20.4701042175, 4.04804468155, -13.7475652695, -0.611676692963, -15.6940994263],
        "cov": [[10633.0673828, -1712.0012207, 2177.63842773, 2262.63964844, -342.712097168, 558.947509766, -549.51763916, 158.777587891, -586.056091309, 55.4024810791, -580.578369141, 27.0341377258, -538.909851074], [-1712.0012207, 1667.10510254, -365.81539917, -539.517333984, 452.716705322, -188.296722412, 332.022766113, 35.7119407654, 139.099365234, -136.837097168, 209.565261841, -47.8658866882, 100.848876953], [2177.63842773, -365.81539917, 2501.64477539, 1166.22033691, 211.510253906, 510.541687012, 8.95282459259, 249.531219482, -165.53112793, 118.764694214, -164.928390503, 113.359474182, -247.820114136], [2262.63964844, -539.517333984, 1166.22033691, 1525.30688477, 145.51600647, 290.302368164, -108.564460754, -10.7880573273, -87.0767440796, 88.6269073486, -178.533905029, -1.63699781895, -38.1823387146], [-342.712097168, 452.716705322, 211.510253906, 145.51600647, 509.377471924, 56.303188324, 127.610237122, 60.6199455261, 37.8721809387, 0.39570966363, 23.089509964, -24.0452804565, -18.4541492462], [558.947509766, -188.296722412, 510.541687012, 290.302368164, 56.303188324, 449.814910889, 130.12651062, 113.044967651, 74.4149780273, 67.5247955322, -17.1568622589, 16.265378952, -38.8567886353], [-549.51763916, 332.022766113, 8.95282459259, -108.564460754, 127.610237122, 130.12651062, 378.661590576, 137.05519104, 86.0886764526, 4.08021354675, 70.8232116699, -0.53628474474, 17.0483207703], [158.777587891, 35.7119407654, 249.531219482, -10.7880573273, 60.6199455261, 113.044967651, 137.05519104, 219.009063721, 63.7088394165, 32.379863739, 33.1353263855, 32.6083221436, -40.7458229065], [-586.056091309, 139.099365234, -165.53112793, -87.0767440796, 37.8721809387, 74.4149780273, 86.0886764526, 63.7088394165, 253.570022583, 92.329536438, 97.1549072266, 9.57753276825, 96.1805496216], [55.4024810791, -136.837097168, 118.764694214, 88.6269073486, 0.39570966363, 67.5247955322, 4.08021354675, 32.379863739, 92.329536438, 148.312057495, 42.5463027954, 11.9900007248, 11.6888017654], [-580.578369141, 209.565261841, -164.928390503, -178.533905029, 23.089509964, -17.1568622589, 70.8232116699, 33.1353263855, 97.1549072266, 42.5463027954, 164.709213257, 38.1338691711, 67.427482605], [27.0341377258, -47.8658866882, 113.359474182, -1.63699781895, -24.0452804565, 16.265378952, -0.53628474474, 32.6083221436, 9.57753276825, 11.9900007248, 38.1338691711, 120.545570374, 42.5151939392], [-538.909851074, 100.848876953, -247.820114136, -38.1823387146, -18.4541492462, -38.8567886353, 17.0483207703, -40.7458229065, 96.1805496216, 11.6888017654, 67.427482605, 42.5151939392, 193.028366089]],
        "icov": [[0.000242411988438, -0.000178208458237, 0.000166542464285, -0.000399404700147, 0.000315579294693, -0.00028667555307, 0.000385033315979, -0.000564709829632, 0.000507143209688, -0.000338954268955, 0.000372776878066, -0.000306933565298, 0.000429170089774], [-0.000178208458237, 0.00213984237053, -0.000738046714105, 0.000838616397232, -0.0016234787181, 0.00134604831692, -0.00147810589988, 0.00141871592496, -0.00180497870315, 0.00294848997146, -0.00222657620907, 0.00149428797886, -0.000681922072545], [0.000166542464285, -0.000738046714105, 0.00145729805809, -0.00104793941136, 0.000375334144337, -0.00117870653048, 0.000812879530713, -0.00160298426636, 0.00161214300897, -0.00167515629437, 0.00103477039374, -0.00176595000084, 0.0012283254182], [-0.000399404700147, 0.000838616397232, -0.00104793941136, 0.00220926641487, -0.00121230143122, 0.000383102742489, -0.000656030140817, 0.00161398085766, -0.000891588744707, 0.000561068125535, -0.000109498709207, 0.00145044072997, -0.00197270535864], [0.000315579294693, -0.0016234787181, 0.000375334144337, -0.00121230143122, 0.00381884444505, -0.000762184383348, 0.000522517657373, -0.00136517721694, 0.000963416707236, -0.00154985312838, 0.00115098280367, -0.000552017416339, 0.00118200783618], [-0.00028667555307, 0.00134604831692, -0.00117870653048, 0.000383102742489, -0.000762184383348, 0.00494313891977, -0.00248289410956, 0.00125237461179, -0.00324118789285, 0.00179097603541, -0.000830040487926, 0.000860236177687, 7.17376678949e-05], [0.000385033315979, -0.00147810589988, 0.000812879530713, -0.000656030140817, 0.000522517657373, -0.00248289410956, 0.0059001436457, -0.00404836097732, 0.00201154476963, -0.00129893957637, 0.000505504838657, -2.00101731025e-05, -0.000160266281455], [-0.000564709829632, 0.00141871592496, -0.00160298426636, 0.00161398085766, -0.00136517721694, 0.00125237461179, -0.00404836097732, 0.01080659125, -0.00494848424569, 0.0026340673212, -0.00208470760845, -0.00106860522646, 0.00197348673828], [0.000507143209688, -0.00180497870315, 0.00161214300897, -0.000891588744707, 0.000963416707236, -0.00324118789285, 0.00201154476963, -0.00494848424569, 0.0120029477403, -0.00750628486276, 0.000513746868819, 0.000423033430707, -0.00332909729332], [-0.000338954268955, 0.00294848997146, -0.00167515629437, 0.000561068125535, -0.00154985312838, 0.00179097603541, -0.00129893957637, 0.0026340673212, -0.00750628486276, 0.0153861902654, -0.00595746096224, 0.00224619056098, 0.000751402229071], [0.000372776878066, -0.00222657620907, 0.00103477039374, -0.000109498709207, 0.00115098280367, -0.000830040487926, 0.000505504838657, -0.00208470760845, 0.000513746868819, -0.00595746096224, 0.0136663904414, -0.00456080073491, -0.000695444119629], [-0.000306933565298, 0.00149428797886, -0.00176595000084, 0.00145044072997, -0.000552017416339, 0.000860236177687, -2.00101731025e-05, -0.00106860522646, 0.000423033430707, 0.00224619056098, -0.00456080073491, 0.0138342892751, -0.00552204623818], [0.000429170089774, -0.000681922072545, 0.0012283254182, -0.00197270535864, 0.00118200783618, 7.17376678949e-05, -0.000160266281455, 0.00197348673828, -0.00332909729332, 0.000751402229071, -0.000695444119629, -0.00552204623818, 0.0115524716675]]
    },
    "melbands": {
        "dmean": [0.00139857188333, 0.00154000043403, 0.00131427112501, 0.000635875156149, 0.000401359924581, 0.000178558606422, 0.000169213613844, 0.000157379312441, 0.000132895744173, 7.37340160413e-05, 6.95713606547e-05, 5.74015866732e-05, 3.12199263135e-05, 2.82375167444e-05, 2.99267849186e-05, 2.84292727883e-05, 2.10389189306e-05, 1.80954612006e-05, 1.26706436276e-05, 1.11443168862e-05, 1.24254293041e-05, 9.08394122234e-06, 7.3195656114e-06, 6.11076347923e-06, 4.36429945694e-06, 5.58306192033e-06, 5.43033729627e-06, 4.71750536235e-06, 5.69990334043e-06, 6.01474584982e-06, 6.53578399579e-06, 4.98067038279e-06, 4.87936040372e-06, 5.01461136082e-06, 7.16121394362e-06, 4.64644290332e-06, 4.27454278906e-06, 2.74499484476e-06, 1.45988951772e-06, 1.18075251976e-06],
        "dmean2": [0.00183000834659, 0.00239635002799, 0.00215560826473, 0.00103737448808, 0.000707146129571, 0.000292312237434, 0.000271092168987, 0.000256160565186, 0.000207702498301, 0.000111808272777, 0.00010767425556, 8.90868104761e-05, 4.91435275762e-05, 4.30264735769e-05, 4.85997043143e-05, 4.72022366012e-05, 3.45023690898e-05, 3.06737420033e-05, 2.13682251342e-05, 1.85536046047e-05, 2.19528355956e-05, 1.54335994011e-05, 1.23371373775e-05, 1.08168533188e-05, 7.09099685992e-06, 9.57521115197e-06, 9.58575765253e-06, 8.00184170657e-06, 9.62710419117e-06, 1.02250751297e-05, 1.1567583897e-05, 8.61328771862e-06, 8.00337966211e-06, 8.11326299299e-06, 1.13969626909e-05, 7.422501767e-06, 7.16542263035e-06, 4.60994806417e-06, 2.44180705522e-06, 1.99747023544e-06],
        "dvar": [1.16995943245e-05, 2.00292652153e-05, 9.70594737737e-06, 4.12640793002e-06, 1.80775987246e-06, 1.42662457847e-07, 9.55570982342e-08, 7.43429495742e-08, 5.84657939839e-08, 1.66282934089e-08, 2.08653059275e-08, 1.32979334211e-08, 2.86561707696e-09, 2.33921793047e-09, 2.84474044321e-09, 2.91329804725e-09, 1.41445199997e-09, 1.38941425032e-09, 7.42741701476e-10, 5.76571179689e-10, 1.10225029104e-09, 3.96797344981e-10, 3.16862647232e-10, 2.92253943268e-10, 9.54209697368e-11, 1.7326512447e-10, 1.61077914895e-10, 1.06165569391e-10, 1.3393568199e-10, 1.78035627907e-10, 2.08316738859e-10, 1.1830419977e-10, 9.11632089262e-11, 8.58523946379e-11, 2.30638633192e-10, 6.66298197172e-11, 7.59698484676e-11, 2.84033300352e-11, 6.70175026585e-12, 7.3306326287e-12],
        "dvar2": [2.5162977181e-05, 4.57419773738e-05, 2.37333151745e-05, 1.07940149974e-05, 5.16862610311e-06, 3.76258299184e-07, 2.35806197679e-07, 1.77245141231e-07, 1.38452705301e-07, 3.45829747062e-08, 4.53568844705e-08, 3.34972760641e-08, 6.39832675731e-09, 5.02143793213e-09, 7.26640703164e-09, 8.05429678508e-09, 3.53375217976e-09, 3.67880526042e-09, 1.88325532946e-09, 1.4723894326e-09, 3.06895708846e-09, 1.03836783616e-09, 8.059911627e-10, 8.13797140786e-10, 2.29200505797e-10, 4.83172557519e-10, 4.45552456041e-10, 2.74698624958e-10, 3.41886380317e-10, 4.58289517447e-10, 5.69021496588e-10, 3.27690957702e-10, 2.37465991315e-10, 2.15994486186e-10, 5.6644233748e-10, 1.6230494726e-10, 1.93079233157e-10, 7.34486499399e-11, 1.78534079881e-11, 2.04611865645e-11],
        "max": [0.0321655720472, 0.0434992313385, 0.0215165838599, 0.0204521231353, 0.0122353164479, 0.00383372441866, 0.00535893253982, 0.00302960327826, 0.00292096543126, 0.00143715634476, 0.00184389797505, 0.00200025411323, 0.000615146069322, 0.000685029430315, 0.000446268299129, 0.000526450574398, 0.000372911134036, 0.000337085890351, 0.000309191091219, 0.00025151137379, 0.000347808847437, 0.000219415742322, 0.000194113395992, 0.000135721871629, 0.000107428888441, 0.000113218062324, 0.000100811150332, 7.64489013818e-05, 7.58796086302e-05, 0.000109123750008, 0.000100648678199, 8.33531375974e-05, 6.26795881544e-05, 6.48767745588e-05, 0.00019027806411, 5.83048858971e-05, 6.49752619211e-05, 5.2230192523e-05, 2.15600430238e-05, 2.88846731564e-05],
        "mean": [0.00204284884967, 0.00183624296915, 0.00132766063325, 0.000612653035205, 0.000344019790646, 0.000196481647436, 0.000205975782592, 0.00022051439737, 0.000188949023141, 0.000112085726869, 9.75714647211e-05, 7.83213909017e-05, 4.7566518333e-05, 4.166673898e-05, 4.00838980568e-05, 3.57295830327e-05, 2.62498615484e-05, 1.90756509255e-05, 1.24625566968e-05, 1.1156025721e-05, 1.08667472887e-05, 8.69802624948e-06, 6.93258380124e-06, 5.18502838531e-06, 4.53143957202e-06, 5.32050535185e-06, 4.86521639687e-06, 4.46041485702e-06, 5.42916131963e-06, 5.34834589416e-06, 5.41548251931e-06, 4.38994266005e-06, 4.49075332654e-06, 4.69989072371e-06, 6.3968923314e-06, 4.21443291998e-06, 3.59088949153e-06, 2.49042091127e-06, 1.50793152898e-06, 1.10100916118e-06],
        "median": [0.000303110369714, 0.0005441615358, 0.000415565329604, 0.000133050838485, 9.79740361799e-05, 6.59544602968e-05, 6.5119122155e-05, 7.39860697649e-05, 6.1476486735e-05, 3.71876376448e-05, 2.98275590467e-05, 2.85370988422e-05, 1.64678695e-05, 1.25363285406e-05, 9.22066556086e-06, 1.00055176517e-05, 7.25180007066e-06, 5.88043440075e-06, 2.76137711808e-06, 2.09094855563e-06, 1.72592388026e-06, 1.70307532699e-06, 1.34075901315e-06, 8.68824656663e-07, 9.03334409941e-07, 9.89296495391e-07, 5.704428645e-07, 4.71039101058e-07, 5.07059894517e-07, 2.55163143947e-07, 1.72741721371e-07, 2.45650284114e-07, 4.33678678746e-07, 7.56912641009e-07, 7.97727977897e-07, 3.94659650738e-07, 3.65209217534e-07, 5.29104113411e-07, 4.69282156246e-07, 2.24388728043e-07],
        "min": [7.77232937706e-24, 6.94397178404e-24, 9.73684231111e-24, 1.58768812135e-23, 4.49081710605e-24, 1.00270232174e-23, 6.31338201438e-24, 3.59944333177e-24, 8.84857862094e-24, 1.82579584594e-23, 1.29178702689e-23, 7.00289969366e-24, 8.23597133005e-24, 6.75514846004e-24, 1.40125977906e-23, 1.03856243965e-23, 1.08095487807e-23, 7.82007991651e-24, 1.37837161098e-23, 1.21460408706e-23, 4.50259322164e-24, 1.13405334225e-23, 1.22525718027e-23, 5.82277679565e-24, 9.84754947282e-24, 1.47814389838e-23, 1.17882285523e-23, 8.45666384576e-24, 9.8118487837e-24, 1.36088256471e-23, 1.00879059243e-23, 7.90703053207e-24, 8.36608447004e-24, 9.03965966485e-24, 8.55750077983e-24, 1.15558530066e-23, 7.91440795925e-24, 6.35832460344e-24, 8.02837548309e-24, 9.76806463687e-24],
        "stdev": [0.00470612198114, 0.00468459911644, 0.00301123200916, 0.00187096174341, 0.00104780192487, 0.00036500353599, 0.000343519262969, 0.000343924883055, 0.000291076954454, 0.000191323822946, 0.000185197801329, 0.000136158443638, 7.41900439607e-05, 7.28685699869e-05, 7.03260448063e-05, 6.02922482358e-05, 4.45575387857e-05, 3.48914581991e-05, 2.61449768004e-05, 2.36422001763e-05, 2.81005904981e-05, 1.86233373825e-05, 1.68419483089e-05, 1.4271316104e-05, 1.01270525192e-05, 1.14659596875e-05, 1.13096284622e-05, 1.02055992102e-05, 1.1918968994e-05, 1.31473962028e-05, 1.34321562655e-05, 1.02477861219e-05, 9.48770048126e-06, 9.22851177165e-06, 1.42553681144e-05, 8.11719928606e-06, 7.85394604463e-06, 4.81421511722e-06, 2.50605739893e-06, 2.39192831941e-06],
        "var": [2.21475820581e-05, 2.19454705075e-05, 9.06751756702e-06, 3.50049799636e-06, 1.09788891223e-06, 1.33227572974e-07, 1.18005488048e-07, 1.18284333439e-07, 8.47257908276e-08, 3.66048027445e-08, 3.42982282575e-08, 1.85391222374e-08, 5.50416245915e-09, 5.30982902092e-09, 4.94575225218e-09, 3.63515506585e-09, 1.9853743094e-09, 1.21741394743e-09, 6.83559764347e-10, 5.58953661134e-10, 7.89643184174e-10, 3.46828676889e-10, 2.83651241384e-10, 2.03670469379e-10, 1.02557198844e-10, 1.31468225195e-10, 1.27907698322e-10, 1.04154247726e-10, 1.4206182064e-10, 1.7285403664e-10, 1.80422829454e-10, 1.05017126939e-10, 9.00164526252e-11, 8.51654372025e-11, 2.03215527739e-10, 6.58889262595e-11, 6.16844700319e-11, 2.31766671827e-11, 6.28032391717e-12, 5.7213214201e-12]
    },
    "melbands128": {
