{
"lowlevel": {
    "average_loudness": 0.977276265621,
    "barkbands_crest": {
        "dmean": 2.10654211044,
        "dmean2": 3.43702912331,
        "dvar": 4.86690807343,
        "dvar2": 12.761505127,
        "max": 24.0636062622,
        "mean": 9.81848049164,
        "median": 9.24172973633,
        "min": 4.12821340561,
        "stdev": 3.21907091141,
        "var": 10.3624181747
    },
    "barkbands_flatness_db": {
        "dmean": 0.0195658802986,
        "dmean2": 0.0267009697855,
        "dvar": 0.000388353335438,
        "dvar2": 0.000831340264995,
        "max": 0.384783744812,
        "mean": 0.163507431746,
        "median": 0.157147929072,
        "min": 0.0566130280495,
        "stdev": 0.047964669764,
        "var": 0.00230060936883
    },
    "barkbands_kurtosis": {
        "dmean": 3.20093274117,
        "dmean2": 4.8608379364,
        "dvar": 26.6563053131,
        "dvar2": 64.6599807739,
        "max": 108.837638855,
        "mean": 6.97810173035,
        "median": 5.11633777618,
        "min": -1.83021533489,
        "stdev": 8.6934595108,
        "var": 75.5762329102
    },
    "barkbands_skewness": {
        "dmean": 0.467552930117,
        "dmean2": 0.682724058628,
        "dvar": 0.320646136999,
        "dvar2": 0.702607810497,
        "max": 8.42949485779,
        "mean": 1.92471837997,
        "median": 1.8551825285,
        "min": -1.93986189365,
        "stdev": 1.03265047073,
        "var": 1.06636703014
    },
    "barkbands_spread": {
        "dmean": 3.71552395821,
        "dmean2": 5.26042318344,
        "dvar": 37.0608825684,
        "dvar2": 65.0202941895,
        "max": 84.9509887695,
        "mean": 14.4819374084,
        "median": 11.7608575821,
        "min": 1.05239713192,
        "stdev": 11.4998474121,
        "var": 132.246490479
    },
    "dissonance": {
        "dmean": 0.0226886831224,
        "dmean2": 0.0364920496941,
        "dvar": 0.000459654838778,
        "dvar2": 0.0011577293044,
        "max": 0.499215394258,
        "mean": 0.436667352915,
        "median": 0.442167401314,
        "min": 0.22179813683,
        "stdev": 0.0370169989765,
        "var": 0.00137025828008
    },
    "dynamic_complexity": 1.53981697559,
    "erbbands_crest": {
        "dmean": 2.38705182076,
        "dmean2": 3.66721129417,
        "dvar": 5.26738500595,
        "dvar2": 12.0082035065,
        "max": 28.0397834778,
        "mean": 10.1874351501,
        "median": 9.34729099274,
        "min": 2.52365875244,
        "stdev": 4.21053743362,
        "var": 17.7286262512
    },
    "erbbands_flatness_db": {
        "dmean": 0.018338561058,
        "dmean2": 0.0234115719795,
        "dvar": 0.000339290272677,
        "dvar2": 0.000557437248062,
        "max": 0.303118377924,
        "mean": 0.158899307251,
        "median": 0.157321065664,
        "min": 0.0567995943129,
        "stdev": 0.0400861687958,
        "var": 0.00160690082703
    },
    "erbbands_kurtosis": {
        "dmean": 1.10432767868,
        "dmean2": 1.64903640747,
        "dvar": 2.50193572044,
        "dvar2": 5.29366445541,
        "max": 31.4032020569,
        "mean": 1.44540882111,
        "median": 0.845199346542,
        "min": -1.82220101357,
        "stdev": 2.62684750557,
        "var": 6.90032720566
    },
    "erbbands_skewness": {
        "dmean": 0.354783594608,
        "dmean2": 0.501275122166,
        "dvar": 0.132072016597,
        "dvar2": 0.236539721489,
        "max": 4.77880144119,
        "mean": 0.8635455966,
        "median": 0.90249723196,
        "min": -2.70537805557,
        "stdev": 0.816922783852,
        "var": 0.667362809181
    },
    "erbbands_spread": {
        "dmean": 7.25985097885,
        "dmean2": 10.3200788498,
        "dvar": 102.995124817,
        "dvar2": 191.066452026,
        "max": 148.479705811,
        "mean": 33.9998588562,
        "median": 29.2460536957,
        "min": 6.59510087967,
        "stdev": 18.3437309265,
        "var": 336.492431641
    },
    "hfc": {
        "dmean": 4.9816532135,
        "dmean2": 6.86778211594,
        "dvar": 54.2940254211,
        "dvar2": 96.1552963257,
        "max": 130.821609497,
        "mean": 21.1336650848,
        "median": 18.0721549988,
        "min": 1.19569870752e-16,
        "stdev": 14.7580785751,
        "var": 217.800872803
    },
    "loudness_ebu128": {
        "integrated": -9.32897663116,
        "loudness_range": 2.24006271362,
        "momentary": {
            "dmean": 0.350463211536,
            "dmean2": 0.408314704895,
            "dvar": 0.111166849732,
            "dvar2": 0.143000900745,
            "max": -7.21916770935,
            "mean": -9.46857833862,
            "median": -9.32451915741,
            "min": -13.6183614731,
            "stdev": 1.14444947243,
            "var": 1.30976462364
        },
        "short_term": {
            "dmean": 0.0488574877381,
            "dmean2": 0.0567310452461,
            "dvar": 0.00196925876662,
            "dvar2": 0.00229235575534,
            "max": -8.17827224731,
            "mean": -9.38856697083,
            "median": -9.3017282486,
            "min": -11.3877067566,
            "stdev": 0.753862559795,
            "var": 0.568308770657
        }
    },
    "melbands_crest": {
        "dmean": 2.34219503403,
        "dmean2": 3.76834583282,
        "dvar": 5.48514890671,
        "dvar2": 14.4562797546,
        "max": 26.4422607422,
        "mean": 12.1408958435,
        "median": 11.4338884354,
        "min": 2.21057033539,
        "stdev": 3.61424970627,
        "var": 13.0628004074
    },
    "melbands_flatness_db": {
        "dmean": 0.0216413009912,
        "dmean2": 0.0295959822834,
        "dvar": 0.000571933574975,
        "dvar2": 0.00113243283704,
        "max": 0.509043335915,
        "mean": 0.247521817684,
        "median": 0.240452155471,
        "min": 0.0106981480494,
        "stdev": 0.0590574108064,
        "var": 0.00348777789623
    },
    "melbands_kurtosis": {
        "dmean": 6.34049797058,
        "dmean2": 9.66343593597,
        "dvar": 190.620254517,
        "dvar2": 457.87310791,
        "max": 242.430130005,
        "mean": 14.2897920609,
        "median": 9.44875907898,
        "min": -1.4897865057,
        "stdev": 19.1487998962,
        "var": 366.676513672
    },
    "melbands_skewness": {
        "dmean": 0.586474895477,
        "dmean2": 0.856337428093,
        "dvar": 0.593656420708,
        "dvar2": 1.24117410183,
        "max": 11.9186973572,
        "mean": 2.5422539711,
        "median": 2.29433608055,
        "min": -0.276544451714,
        "stdev": 1.39102363586,
        "var": 1.93494677544
    },
    "melbands_spread": {
        "dmean": 3.90859174728,
        "dmean2": 5.50411653519,
        "dvar": 77.7914276123,
        "dvar2": 135.907424927,
        "max": 149.898651123,
        "mean": 14.1957540512,
        "median": 11.1407842636,
        "min": 1.10410404205,
        "stdev": 13.1448631287,
        "var": 172.78742981
    },
    "pitch_salience": {
        "dmean": 0.056615639478,
        "dmean2": 0.0919613018632,
        "dvar": 0.00330943032168,
        "dvar2": 0.00899325869977,
        "max": 0.929471075535,
        "mean": 0.535167753696,
        "median": 0.533875346184,
        "min": 0.168669492006,
        "stdev": 0.089216992259,
        "var": 0.00795967224985
    },
    "silence_rate_20dB": {
        "dmean": 0,
        "dmean2": 0,
        "dvar": 0,
        "dvar2": 0,
        "max": 1,
        "mean": 1,
        "median": 1,
        "min": 1,
        "stdev": 0,
        "var": 0
    },
    "silence_rate_30dB": {
        "dmean": 0.0263157896698,
        "dmean2": 0.0526723451912,
        "dvar": 0.0256231892854,
        "dvar2": 0.0684888288379,
        "max": 1,
        "mean": 0.982985317707,
        "median": 1,
        "min": 0,
        "stdev": 0.129326701164,
        "var": 0.0167253948748
    },
    "silence_rate_60dB": {
        "dmean": 0.00232198135927,
        "dmean2": 0.00387296662666,
        "dvar": 0.0023166751489,
        "dvar2": 0.00540694920346,
        "max": 1,
        "mean": 0.00154679035768,
        "median": 0,
        "min": 0,
        "stdev": 0.0392987206578,
        "var": 0.00154438940808
    },
    "spectral_centroid": {
        "dmean": 172.581069946,
        "dmean2": 242.955001831,
        "dvar": 146870.0625,
        "dvar2": 182832.25,
        "max": 10729.2197266,
        "mean": 844.228027344,
        "median": 696.789978027,
        "min": 184.893295288,
        "stdev": 633.201660156,
        "var": 400944.34375
    },
    "spectral_complexity": {
        "dmean": 2.44582033157,
        "dmean2": 3.76219987869,
        "dvar": 6.58141899109,
        "dvar2": 13.2998113632,
        "max": 44,
        "mean": 16.6504249573,
        "median": 17,
        "min": 0,
        "stdev": 5.89372825623,
        "var": 34.7360343933
    },
    "spectral_decrease": {
        "dmean": 3.01335911779e-09,
        "dmean2": 4.92345009206e-09,
        "dvar": 2.53838105714e-17,
        "dvar2": 6.55662727307e-17,
        "max": -2.2516111679e-29,
        "mean": -1.11209903508e-08,
        "median": -1.03850581468e-08,
        "min": -5.08825230838e-08,
        "stdev": 5.57681367752e-09,
        "var": 3.11008528315e-17
    },
    "spectral_energy": {
        "dmean": 0.0116653703153,
        "dmean2": 0.0190193336457,
        "dvar": 0.00037609480205,
        "dvar2": 0.000969638116658,
        "max": 0.197831988335,
        "mean": 0.0438901148736,
        "median": 0.0413999930024,
        "min": 1.09303145311e-20,
        "stdev": 0.0216603577137,
        "var": 0.000469171121949
    },
    "spectral_energyband_high": {
        "dmean": 0.00031909259269,
        "dmean2": 0.000382678466849,
        "dvar": 6.01797637501e-07,
        "dvar2": 7.05184959315e-07,
        "max": 0.0200977940112,
        "mean": 0.000696534698363,
        "median": 0.000227412776439,
        "min": 7.96741173805e-21,
        "stdev": 0.00165721226949,
        "var": 2.74635249298e-06
    },
    "spectral_energyband_low": {
        "dmean": 0.00564360478893,
        "dmean2": 0.00933179911226,
        "dvar": 0.000205475531402,
        "dvar2": 0.000529195182025,
        "max": 0.126198351383,
        "mean": 0.0155559238046,
        "median": 0.0140540460125,
        "min": 9.23399428667e-23,
        "stdev": 0.0138882510364,
        "var": 0.000192883511772
    },
    "spectral_energyband_middle_high": {
        "dmean": 0.000996820395812,
        "dmean2": 0.00144334661309,
        "dvar": 1.71633939772e-06,
        "dvar2": 3.38531572197e-06,
        "max": 0.0186870452017,
        "mean": 0.00378790660761,
        "median": 0.00287956045941,
        "min": 1.62294633524e-21,
        "stdev": 0.0031911553815,
        "var": 1.01834730231e-05
    },
    "spectral_energyband_middle_low": {
        "dmean": 0.00825723074377,
        "dmean2": 0.0134415011853,
        "dvar": 0.000200511218281,
        "dvar2": 0.00053404312348,
        "max": 0.170923620462,
        "mean": 0.024902459234,
        "median": 0.022491177544,
        "min": 2.39879398902e-22,
        "stdev": 0.0161238238215,
        "var": 0.00025997767807
    },
    "spectral_entropy": {
        "dmean": 0.189650282264,
        "dmean2": 0.25496801734,
        "dvar": 0.0421750545502,
        "dvar2": 0.0677350834012,
        "max": 9.81888389587,
        "mean": 7.17033958435,
        "median": 7.16771650314,
        "min": 5.6052532196,
        "stdev": 0.455878913403,
        "var": 0.2078255862
    },
    "spectral_flux": {
        "dmean": 0.0291219502687,
        "dmean2": 0.0458758696914,
        "dvar": 0.00144935201388,
        "dvar2": 0.00304334121756,
        "max": 0.388961404562,
        "mean": 0.0862401947379,
        "median": 0.0711540281773,
        "min": 1.04548147917e-10,
        "stdev": 0.0506330914795,
        "var": 0.00256371009164
    },
    "spectral_kurtosis": {
        "dmean": 2.02891492844,
        "dmean2": 3.159096241,
        "dvar": 6.04593038559,
        "dvar2": 14.2756824493,
        "max": 33.4215354919,
        "mean": 6.50023174286,
        "median": 5.85769748688,
        "min": -1.20342254639,
        "stdev": 4.03306627274,
        "var": 16.2656230927
    },
    "spectral_rms": {
        "dmean": 0.000802763272077,
        "dmean2": 0.00127905001864,
        "dvar": 1.32775517159e-06,
        "dvar2": 3.24994562106e-06,
        "max": 0.0138926897198,
        "mean": 0.00636239815503,
        "median": 0.00635533127934,
        "min": 3.26553541152e-12,
        "stdev": 0.00152954354417,
        "var": 2.33950345319e-06
    },
    "spectral_rolloff": {
        "dmean": 236.897949219,
        "dmean2": 379.690856934,
        "dvar": 666830.125,
        "dvar2": 978704.75,
        "max": 18970.7519531,
        "mean": 822.109802246,
        "median": 559.86328125,
        "min": 86.1328125,
        "stdev": 1078.94641113,
        "var": 1164125.25
    },
    "spectral_skewness": {
        "dmean": 0.25433754921,
        "dmean2": 0.37091588974,
        "dvar": 0.072869874537,
        "dvar2": 0.135177120566,
        "max": 4.39826774597,
        "mean": 1.99951851368,
        "median": 2.04786419868,
        "min": 0.0437760911882,
        "stdev": 0.598504841328,
        "var": 0.358208060265
    },
    "spectral_spread": {
        "dmean": 654088.5625,
        "dmean2": 846852.25,
        "dvar": 1.50994367283e+12,
        "dvar2": 1.94525999923e+12,
        "max": 40973536,
        "mean": 4627666.5,
        "median": 4473260,
        "min": 2027891,
        "stdev": 1767265.875,
        "var": 3.12322870477e+12
    },
    "spectral_strongpeak": {
        "dmean": 0.532135844231,
        "dmean2": 0.927108883858,
        "dvar": 0.554094314575,
        "dvar2": 1.23687326908,
        "max": 9.20601558685,
        "mean": 1.07850384712,
        "median": 0.684519827366,
        "min": 1.90266202793e-09,
        "stdev": 1.11613965034,
        "var": 1.24576771259
    },
    "zerocrossingrate": {
        "dmean": 0.00861370470375,
        "dmean2": 0.0097361234948,
        "dvar": 0.000292505079415,
        "dvar2": 0.000317550555337,
        "max": 0.48681640625,
        "mean": 0.0406878367066,
        "median": 0.03515625,
        "min": 0.0048828125,
        "stdev": 0.0291117373854,
        "var": 0.000847493240144
    },
    "barkbands": {
        "dmean": [0.000163124452229, 0.00430247467011, 0.00159192807041, 0.00137859338429, 0.00536865368485, 0.00223186425865, 0.00129265035503, 0.00126766297035, 0.00101546756923, 0.000405484897783, 0.00026673974935, 0.000248662719969, 0.000135522073833, 0.000264915288426, 0.000252894067671, 0.000105255829112, 5.16800828336e-05, 7.3137372965e-05, 0.000106591636722, 0.000131171298563, 9.30545429583e-05, 7.80095288064e-05, 5.0308459322e-05, 4.54336586699e-05, 3.7154652091e-05, 2.64796799456e-05, 4.65671564598e-06],
        "dmean2": [0.000270734395599, 0.00714398967102, 0.00264069694094, 0.00237911008298, 0.00904778204858, 0.00339615950361, 0.00192681362387, 0.00182257394772, 0.00145627604797, 0.000622826977633, 0.000412516325014, 0.000389124004869, 0.000208909827052, 0.000388328364352, 0.000367012777133, 0.000162904820172, 8.04231312941e-05, 0.00010847212252, 0.00016175773635, 0.000185470926226, 0.000127942592371, 0.000105971274024, 6.58003482386e-05, 6.31624207017e-05, 4.91061073262e-05, 3.58049983333e-05, 7.06447553966e-06],
        "dvar": [2.22525301297e-07, 0.000143594617839, 1.13585747386e-05, 4.99932502862e-06, 0.000138518997119, 1.06705792859e-05, 7.77577952249e-06, 4.74768012282e-06, 2.71483077086e-06, 3.98358963594e-07, 1.30679751464e-07, 2.62787409611e-07, 7.99539350282e-08, 4.23612476652e-07, 4.39528889729e-07, 3.643110702e-08, 6.18560669352e-09, 1.17986473924e-08, 1.47333011569e-07, 2.19615856167e-07, 8.09386335732e-08, 5.76774965566e-08, 1.39529232612e-08, 1.75345178377e-08, 6.1991030087e-09, 2.4813726629e-09, 1.05603963074e-10],
        "dvar2": [5.93986385411e-07, 0.000382687838282, 3.10396389978e-05, 1.37673732752e-05, 0.000384366780054, 2.46586805588e-05, 1.57756003318e-05, 9.72064935922e-06, 5.06820151713e-06, 9.45929514273e-07, 3.08767482693e-07, 5.24549818692e-07, 1.93642733848e-07, 8.04981482361e-07, 6.98036274116e-07, 7.88928815609e-08, 1.22644649991e-08, 2.21036255965e-08, 3.22908135786e-07, 4.50837177368e-07, 1.37898695129e-07, 1.0142590412e-07, 2.00347223256e-08, 3.49795570287e-08, 9.76673408815e-09, 4.94868723777e-09, 2.43367354047e-10],
        "max": [0.00661969231442, 0.109062314034, 0.033915605396, 0.024326723069, 0.13966780901, 0.042479660362, 0.0498009175062, 0.0409454554319, 0.0253897756338, 0.0121028088033, 0.00505157699808, 0.00992242898792, 0.00403503887355, 0.0129922209308, 0.016538662836, 0.00341649446636, 0.00163925299421, 0.00150291272439, 0.00851247552782, 0.0143319480121, 0.00614399602637, 0.0057462695986, 0.00244783237576, 0.00299492338672, 0.00183640501928, 0.000681850360706, 0.000118859912618],
        "mean": [0.000248601689236, 0.0102747194469, 0.00419877935201, 0.00213490682654, 0.0086669055745, 0.00530592212453, 0.00299484143034, 0.00268731545657, 0.00262851221487, 0.00081209896598, 0.00052775524091, 0.000526761985384, 0.00021713640308, 0.000535877072252, 0.000592805619817, 0.000225444149692, 0.000118303534691, 0.000163101925864, 0.000197301211301, 0.00022663580603, 0.000161846764968, 0.000143035198562, 0.000100952602224, 8.76650738064e-05, 6.58577919239e-05, 4.12952031184e-05, 5.75722015128e-06],
        "median": [0.000100302364444, 0.008734527044, 0.00365929328837, 0.00114278914407, 0.00540785631165, 0.00332935084589, 0.000941563164815, 0.00113565265201, 0.00108301232103, 0.000529331970029, 0.000317855039611, 0.000264267757302, 9.9255645182e-05, 0.000140113072121, 0.000139255673275, 9.35682401177e-05, 7.81637209002e-05, 9.97458337224e-05, 9.65821091086e-05, 6.58477874822e-05, 2.86734175461e-05, 3.3691238059e-05, 3.56894415745e-05, 3.1083203794e-05, 2.28555818467e-05, 1.03908696474e-05, 3.60456397175e-07],
        "min": [4.74686518424e-24, 7.36513752158e-24, 4.70176182532e-23, 4.20242549409e-23, 2.40116795547e-23, 9.57188234504e-23, 2.65648468071e-23, 1.06736903667e-23, 3.85175662688e-23, 3.67927061223e-23, 6.57217943059e-23, 5.56752720247e-23, 2.95520674177e-23, 1.73762858599e-22, 8.54954196215e-23, 2.28010790945e-22, 1.25650370829e-22, 1.75970558417e-22, 3.43028982846e-22, 4.82128409745e-22, 5.40795932157e-22, 6.86957797238e-22, 6.05774846682e-22, 1.13949632473e-21, 1.23136072962e-21, 1.40521729227e-21, 2.43602347796e-21],
        "stdev": [0.000457290385384, 0.0109385186806, 0.00391963031143, 0.00279788789339, 0.0113994814456, 0.00608858000487, 0.00522647565231, 0.00397511105984, 0.00386982038617, 0.0009905960178, 0.000623977393843, 0.000757807865739, 0.000367679836927, 0.00135057780426, 0.00165357510559, 0.000359553028829, 0.000143999161082, 0.000191677303519, 0.000504712632392, 0.000736598740332, 0.000528757635038, 0.000429416075349, 0.000226917385589, 0.000214203653741, 0.00013641663827, 6.96959032211e-05, 1.18295920402e-05],
        "var": [2.0911448928e-07, 0.000119651187561, 1.53635028255e-05, 7.82817642175e-06, 0.000129948180984, 3.70708039554e-05, 2.73160476354e-05, 1.58015081979e-05, 1.49755096572e-05, 9.81280436463e-07, 3.89347803775e-07, 5.74272803533e-07, 1.35188471972e-07, 1.82406029126e-06, 2.73431078313e-06, 1.29278390659e-07, 2.07357579995e-08, 3.67401860046e-08, 2.54734857208e-07, 5.42577708984e-07, 2.79584611462e-07, 1.84398174952e-07, 5.14915008409e-08, 4.58832083439e-08, 1.86094979426e-08, 4.8575192757e-09, 1.39939254629e-10]
    },
    "erbbands": {
        "dmean": [0.105947829783, 1.0527408123, 1.89401626587, 2.98843789101, 14.4442405701, 17.7303752899, 16.5423183441, 16.6620082855, 18.2778873444, 24.0655498505, 24.9650306702, 23.1731109619, 15.4054851532, 10.6847085953, 8.11721229553, 10.9108505249, 6.49355173111, 12.3539152145, 13.6618280411, 7.07857847214, 4.02471828461, 2.80436611176, 4.02944564819, 4.21029663086, 7.16081476212, 5.35673570633, 3.9970023632, 3.34289550781, 2.8108985424, 2.42455339432, 1.2842451334, 0.979540765285, 0.771651625633, 0.45297780633, 0.254008024931, 0.116179674864, 0.0505819581449, 0.0127155920491, 0.000451623927802, 1.96691817109e-05],
        "dmean2": [0.17654363811, 1.74781858921, 3.18288373947, 5.14048147202, 24.8362998962, 29.7873687744, 25.0677337646, 24.9975833893, 27.3946094513, 35.6982421875, 35.6103515625, 32.6608505249, 23.2860012054, 16.9231815338, 12.5462856293, 16.7584152222, 9.934674263, 17.9054203033, 20.0238361359, 10.5033283234, 6.04279327393, 4.27979040146, 5.97763872147, 6.35981845856, 10.6165933609, 7.33835124969, 5.69263839722, 4.67280006409, 3.80637431145, 3.41721200943, 1.66295540333, 1.30691587925, 1.09937727451, 0.606875836849, 0.340035170317, 0.158683553338, 0.069000095129, 0.0180452242494, 0.000662284437567, 2.88607989205e-05],
        "dvar": [0.0895349085331, 8.59206962585, 22.0644035339, 21.4843540192, 1033.23474121, 1517.03051758, 660.074035645, 755.877685547, 1428.93432617, 1688.65270996, 1710.55029297, 1566.02148438, 636.730957031, 194.83102417, 192.717498779, 365.585418701, 172.279647827, 1033.0020752, 1490.87683105, 197.163726807, 51.2595100403, 20.8235340118, 39.6690826416, 62.5150489807, 1165.95446777, 288.456604004, 164.932388306, 132.717437744, 81.5028991699, 37.2777137756, 10.5079669952, 7.28370809555, 6.1848654747, 1.3021402359, 0.222581490874, 0.0438085533679, 0.00986543856561, 0.000679682765622, 9.40986012665e-07, 9.45085010251e-10],
        "dvar2": [0.236920371652, 23.4013385773, 59.5106506348, 59.5710334778, 2903.17553711, 4058.16503906, 1574.76843262, 1756.12316895, 3029.44848633, 3463.65258789, 3394.64550781, 2625.56591797, 1539.31359863, 469.132659912, 450.891021729, 718.087524414, 422.548736572, 1772.60473633, 2712.11572266, 359.11920166, 101.848617554, 39.5756530762, 78.7037887573, 156.415817261, 2687.31225586, 509.836700439, 327.817749023, 241.429733276, 136.0909729, 61.7932624817, 14.9575967789, 11.6667041779, 14.005115509, 2.18827009201, 0.37609320879, 0.081163495779, 0.0207933261991, 0.00141734583303, 2.05039441425e-06, 2.12389128507e-09],
        "max": [2.94164180756, 26.7422962189, 49.9305152893, 48.6963768005, 379.56463623, 463.133789062, 422.362823486, 376.770935059, 801.092285156, 535.640991211, 551.755126953, 718.018615723, 501.239746094, 353.684814453, 221.47467041, 291.008453369, 197.271560669, 777.571960449, 969.1796875, 305.824829102, 153.740829468, 103.552001953, 88.7429275513, 211.85609436, 779.751953125, 481.628509521, 262.506378174, 306.641174316, 224.849594116, 120.177406311, 77.5203933716, 73.4860229492, 66.3314971924, 27.7192173004, 8.39273738861, 2.86571192741, 1.44656848907, 0.312875956297, 0.00952634308487, 0.000264915463049],
        "mean": [0.301019787788, 2.29489564896, 5.03284454346, 5.86844682693, 20.3063144684, 28.9995250702, 39.2826766968, 38.6353797913, 40.8791275024, 51.5214309692, 61.0273208618, 63.8926239014, 34.6385993958, 21.9748668671, 17.6168136597, 23.9091491699, 12.4847841263, 28.1305503845, 34.8135757446, 17.3836288452, 10.1243190765, 7.16860532761, 9.07969665527, 8.8590259552, 12.1306247711, 9.8345708847, 7.01469087601, 5.83335542679, 5.0771484375, 4.76141500473, 2.54694223404, 1.88429749012, 1.40352284908, 0.791071653366, 0.440526604652, 0.187382102013, 0.0754922404885, 0.0180590562522, 0.000623508356512, 6.35497344774e-05],
        "median": [0.266514837742, 1.87552785873, 3.83623313904, 4.33319425583, 10.5444030762, 15.7699308395, 22.2391910553, 20.1382007599, 16.7908859253, 22.3456726074, 28.1623325348, 25.5102214813, 22.6890735626, 14.3483533859, 9.88077926636, 12.6571149826, 7.32333374023, 9.08452701569, 8.12304115295, 7.2178030014, 5.31396913528, 4.80353832245, 5.46782684326, 5.79400348663, 4.20062255859, 2.929459095, 1.47560429573, 0.958958625793, 1.00628650188, 1.50360512733, 0.838023841381, 0.6491548419, 0.520004689693, 0.27353054285, 0.146874517202, 0.0560859404504, 0.016450215131, 0.00227433233522, 7.85670854384e-05, 5.29864882992e-05],
        "min": [3.11897224621e-22, 2.16875043605e-21, 3.55983315843e-20, 1.36038614679e-19, 6.20995440493e-20, 6.32162055645e-20, 1.81264999014e-19, 1.11137702016e-18, 7.48070971624e-19, 2.10712964863e-19, 2.35723468617e-19, 8.68926970503e-19, 8.5908879449e-19, 1.85852904582e-18, 3.2399243911e-18, 1.64849227526e-18, 1.64214521502e-18, 8.36249241763e-18, 5.23879000452e-18, 5.64334212183e-18, 1.2807167941e-17, 8.83104887561e-18, 1.08449565617e-17, 1.42044910625e-17, 1.96621377543e-17, 1.93535348657e-17, 1.77475719783e-17, 2.69980353388e-17, 2.75899955637e-17, 1.89919229348e-17, 1.71546042474e-17, 2.13423318299e-17, 2.02386694064e-17, 1.11582470828e-17, 9.19992262515e-18, 5.04472226587e-18, 2.93645022912e-18, 1.21216732344e-18, 3.14757706864e-19, 3.54541985938e-20],
        "stdev": [0.288974612951, 2.61284708977, 5.0161113739, 5.40090751648, 30.693151474, 41.5126152039, 47.7619590759, 51.9685020447, 62.3881263733, 74.4602127075, 86.7833175659, 98.5501785278, 39.3776130676, 26.9579849243, 23.8658981323, 31.1175003052, 17.3199424744, 74.8140487671, 97.9358215332, 30.3039798737, 15.0626716614, 8.91923332214, 10.7424325943, 11.1875457764, 44.2319068909, 29.7265434265, 21.3368778229, 20.2843475342, 17.0061607361, 10.918674469, 6.1585931778, 5.08006477356, 3.36224102974, 1.88246202469, 0.796142935753, 0.314986824989, 0.131951823831, 0.0331914909184, 0.00117403781042, 3.97861476813e-05],
        "var": [0.0835063233972, 6.82696962357, 25.1613731384, 29.169801712, 942.069519043, 1723.29736328, 2281.20458984, 2700.7253418, 3892.27807617, 5544.32324219, 7531.34472656, 9712.13769531, 1550.59655762, 726.732910156, 569.581054688, 968.298828125, 299.980438232, 5597.14208984, 9591.42480469, 918.331176758, 226.884063721, 79.5527191162, 115.399856567, 125.161170959, 1956.46166992, 883.667358398, 455.262329102, 411.454742432, 289.209533691, 119.217445374, 37.9282722473, 25.8070583344, 11.3046646118, 3.54366326332, 0.633843541145, 0.0992166921496, 0.017411282286, 0.00110167497769, 1.37836491376e-06, 1.58293766983e-09]
    },
    "gfcc": {
        "mean": [18.7808742523, 112.741828918, -92.2025985718, 25.8657951355, -60.4367828369, 9.73373985291, -38.24426651, 11.6554803848, -22.7251243591, 1.95422434807, -14.4926719666, -0.709315299988, -11.5785293579],
        "cov": [[3716.5546875, -825.650512695, -64.6983337402, -67.6309432983, -130.466934204, 220.062713623, -15.8055734634, 144.621994019, -83.5879364014, 353.647338867, -137.101852417, 95.6761932373, -119.398605347], [-825.650512695, 1202.98388672, -217.889221191, -146.209106445, 257.074981689, -83.4790267944, 11.0409393311, 2.35549449921, 184.938613892, -162.773223877, 165.419723511, -79.9355392456, 77.8728027344], [-64.6983337402, -217.889221191, 724.307800293, 244.473556519, 147.982833862, 114.285079956, 148.841415405, 87.4790496826, -3.60442042351, 84.7295227051, -5.67948198318, 150.453979492, -0.547776043415], [-67.6309432983, -146.209106445, 244.473556519, 513.586120605, 48.7816543579, 74.3692398071, 89.4686889648, 36.4520835876, 48.924243927, -3.64869594574, 14.0492830276, 41.6376304626, 92.4569549561], [-130.466934204, 257.074981689, 147.982833862, 48.7816543579, 303.981842041, 36.4981880188, 48.5230369568, 79.3446960449, 92.5375518799, 16.9917469025, 26.5817871094, 39.3501434326, 34.2627182007], [220.062713623, -83.4790267944, 114.285079956, 74.3692398071, 36.4981880188, 185.81993103, 97.2667617798, 42.7324142456, 26.8147792816, 84.5884933472, 3.59783506393, 15.6955423355, 7.63573551178], [-15.8055734634, 11.0409393311, 148.841415405, 89.4686889648, 48.5230369568, 97.2667617798, 167.262298584, 46.0310668945, -2.60360527039, 54.8496704102, 26.8567352295, 20.4401798248, 6.42787885666], [144.621994019, 2.35549449921, 87.4790496826, 36.4520835876, 79.3446960449, 42.7324142456, 46.0310668945, 111.940933228, 53.3955879211, 32.4453659058, 16.1821537018, 24.2094287872, -1.18421030045], [-83.5879364014, 184.938613892, -3.60442042351, 48.924243927, 92.5375518799, 26.8147792816, -2.60360527039, 53.3955879211, 152.500946045, -0.881861805916, 21.3880081177, 1.09660315514, 34.3410339355], [353.647338867, -162.773223877, 84.7295227051, -3.64869594574, 16.9917469025, 84.5884933472, 54.8496704102, 32.4453659058, -0.881861805916, 141.794158936, -5.63212394714, 14.9094257355, -22.4046192169], [-137.101852417, 165.419723511, -5.67948198318, 14.0492830276, 26.5817871094, 3.59783506393, 26.8567352295, 16.1821537018, 21.3880081177, -5.63212394714, 93.8075027466, 4.71791934967, 4.83929824829], [95.6761932373, -79.9355392456, 150.453979492, 41.6376304626, 39.3501434326, 15.6955423355, 20.4401798248, 24.2094287872, 1.09660315514, 14.9094257355, 4.71791934967, 113.460952759, 15.793390274], [-119.398605347, 77.8728027344, -0.547776043415, 92.4569549561, 34.2627182007, 7.63573551178, 6.42787885666, -1.18421030045, 34.3410339355, -22.4046192169, 4.83929824829, 15.793390274, 87.4137191772]],
        "icov": [[0.000554892001674, -0.000300709565636, 0.000509715056978, -0.00043422266026, 0.000364274106687, -0.000546689494513, 0.000850575743243, -0.00122418941464, 0.000822874309961, -0.00153288280126, 0.0010598374065, -0.00109218771104, 0.000736626621801], [-0.000300709565636, 0.00406552292407, -0.000310220668325, 0.00248914887197, -0.00296851736493, 0.00122178078163, -0.00309791532345, 0.00329887424596, -0.00408298522234, 0.00468185311183, -0.00570029625669, 0.00338564347476, -0.00283002993092], [0.000509715056978, -0.000310220668325, 0.00356498919427, -0.00173426547553, -0.000735980458558, -0.00072053167969, -0.000452412670711, -0.00140093325172, 0.00145712413359, -0.00180740654469, 0.00200292398222, -0.00425594113767, 0.00281731365249], [-0.00043422266026, 0.00248914887197, -0.00173426547553, 0.00496198516339, -0.00110658013728, 0.000561476510484, -0.00288802362047, 0.00219977251254, -0.00334443058819, 0.0041181514971, -0.00401091109961, 0.00337370950729, -0.00546095147729], [0.000364274106687, -0.00296851736493, -0.000735980458558, -0.00110658013728, 0.00739806843922, -0.00052861549193, 0.00179526710417, -0.004544259049, 0.000763713615015, -0.00365874357522, 0.00380394840613, -0.00258668418974, 0.00027970894007], [-0.000546689494513, 0.00122178078163, -0.00072053167969, 0.000561476510484, -0.00052861549193, 0.0109423715621, -0.00583502138034, 0.00168886198662, -0.00364596606232, -0.00200849957764, -0.00125640165061, 0.00207793689333, -0.0021185465157], [0.000850575743243, -0.00309791532345, -0.000452412670711, -0.00288802362047, 0.00179526710417, -0.00583502138034, 0.014729895629, -0.00621207337826, 0.0068586631678, -0.00590836443007, 0.00177594972774, -0.00197876919992, 0.00166250101756], [-0.00122418941464, 0.00329887424596, -0.00140093325172, 0.00219977251254, -0.004544259049, 0.00168886198662, -0.00621207337826, 0.0191787481308, -0.0089005259797, 0.00472371280193, -0.00614033127204, 0.00249677360989, 3.38190950799e-08], [0.000822874309961, -0.00408298522234, 0.00145712413359, -0.00334443058819, 0.000763713615015, -0.00364596606232, 0.0068586631678, -0.0089005259797, 0.0157209243625, -0.0055631082505, 0.00470144674182, -0.00304293981753, 0.000389619002817], [-0.00153288280126, 0.00468185311183, -0.00180740654469, 0.0041181514971, -0.00365874357522, -0.00200849957764, -0.00590836443007, 0.00472371280193, -0.0055631082505, 0.0191050898284, -0.00697480747476, 0.00519045069814, -0.00199310085736], [0.0010598374065, -0.00570029625669, 0.00200292398222, -0.00401091109961, 0.00380394840613, -0.00125640165061, 0.00177594972774, -0.00614033127204, 0.00470144674182, -0.00697480747476, 0.0210756734014, -0.00704159028828, 0.00565639464185], [-0.00109218771104, 0.00338564347476, -0.00425594113767, 0.00337370950729, -0.00258668418974, 0.00207793689333, -0.00197876919992, 0.00249677360989, -0.00304293981753, 0.00519045069814, -0.00704159028828, 0.0176233276725, -0.00735972775146], [0.000736626621801, -0.00283002993092, 0.00281731365249, -0.00546095147729, 0.00027970894007, -0.0021185465157, 0.00166250101756, 3.38190950799e-08, 0.000389619002817, -0.00199310085736, 0.00565639464185, -0.00735972775146, 0.0210666581988]]
    },
    "melbands": {
        "dmean": [0.00107470934745, 0.0010644531576, 0.000759535410907, 0.00128132139798, 0.000539466796909, 0.000387053092709, 0.000277588114841, 0.000273485755315, 0.000209492238355, 0.000144498757436, 7.63982025092e-05, 4.28469393228e-05, 2.82096625597e-05, 2.90506031888e-05, 2.04514144571e-05, 1.57928297995e-05, 2.55990707956e-05, 2.28082444664e-05, 1.64503289852e-05, 9.38449647947e-06, 4.133834409e-06, 3.41486929756e-06, 3.29765930474e-06, 3.57294811693e-06, 3.68475980395e-06, 4.11232394981e-06, 6.54898303765e-06, 3.12612223752e-06, 2.41698103309e-06, 2.62283106167e-06, 1.91450385501e-06, 1.69754571289e-06, 1.5532452835e-06, 1.31440526729e-06, 7.86397322372e-07, 6.33700437902e-07, 6.26237181223e-07, 5.93226900492e-07, 4.75406920941e-07, 3.80154233426e-07],
        "dmean2": [0.00178201752715, 0.00179346324876, 0.00128637871239, 0.00220481865108, 0.000821951834951, 0.000585129018873, 0.000412366818637, 0.000398335163482, 0.000302311353153, 0.000203657211387, 0.000116070972581, 6.79725271766e-05, 4.26460319431e-05, 4.50187581009e-05, 3.16023833875e-05, 2.37727726926e-05, 3.74747687601e-05, 3.3579130104e-05, 2.41697434831e-05, 1.45432804857e-05, 6.20490891379e-06, 5.38555150342e-06, 5.11568396178e-06, 5.15811098012e-06, 5.78882054469e-06, 6.33240142633e-06, 9.96182097879e-06, 4.44936904387e-06, 3.46025763065e-06, 3.83905944545e-06, 2.81416328107e-06, 2.4085907171e-06, 2.16427861233e-06, 1.85706153388e-06, 1.02617423181e-06, 8.8699096068e-07, 8.6852747927e-07, 8.70952703735e-07, 6.68934774239e-07, 5.29118153736e-07],
        "dvar": [9.1037236416e-06, 7.80174559623e-06, 1.51365941292e-06, 9.4242823252e-06, 5.6579227703e-07, 3.54327113428e-07, 3.25096351617e-07, 2.12575145042e-07, 1.18046230568e-07, 6.08799624047e-08, 1.5921498786e-08, 3.2111835413e-09, 1.62209501386e-09, 4.819379118e-09, 9.1076463038e-10, 1.15949250201e-09, 4.47604397991e-09, 4.44543912792e-09, 1.93525839798e-09, 3.0840233145e-10, 5.29095413315e-11, 3.52829189476e-11, 2.84600659012e-11, 3.52872418785e-11, 5.14732874379e-11, 2.58331578351e-10, 1.15477050144e-09, 8.18012324544e-11, 6.15946113558e-11, 7.35228822268e-11, 5.41374549357e-11, 3.35172757604e-11, 1.96366430061e-11, 9.61739975852e-12, 3.82645347699e-12, 3.15453999727e-12, 2.95598571662e-12, 3.50496129516e-12, 1.93893620777e-12, 9.66110546598e-13],
        "dvar2": [2.40099980147e-05, 2.09659938264e-05, 4.10873917644e-06, 2.61906570813e-05, 1.37879339945e-06, 8.24591381843e-07, 6.73569786613e-07, 4.42703111503e-07, 2.44791721116e-07, 9.88735564533e-08, 3.83313683017e-08, 7.61734320065e-09, 3.75692632559e-09, 9.60701118657e-09, 2.07498196403e-09, 2.73761324721e-09, 7.71169261782e-09, 8.99920227226e-09, 2.99314817376e-09, 6.84333867351e-10, 1.00890670818e-10, 6.46210793209e-11, 6.57177090524e-11, 6.64312840848e-11, 1.37184638649e-10, 5.12884068549e-10, 2.71473354907e-09, 1.47280312945e-10, 1.19026608014e-10, 1.46277462365e-10, 1.27170815545e-10, 5.95888685617e-11, 3.32845730144e-11, 1.68650701043e-11, 6.181128092e-12, 5.15515321403e-12, 5.23874650257e-12, 8.367070925e-12, 3.86809768244e-12, 1.90025642791e-12],
        "max": [0.0280722752213, 0.0285789426416, 0.0138475745916, 0.0359775014222, 0.0110954120755, 0.00769960973412, 0.0118417972699, 0.00746252574027, 0.00421161623672, 0.00483542820439, 0.0024450647179, 0.00143746647518, 0.000556170649361, 0.00143412814941, 0.000434261746705, 0.000522355141584, 0.00157844705973, 0.00136811099946, 0.00108998967335, 0.000255101302173, 0.000127179417177, 0.000143431767356, 8.43421148602e-05, 9.00197119336e-05, 0.000190715087228, 0.000359575642506, 0.000859619583935, 0.000188757636352, 0.000192978579435, 0.000164596873219, 0.00017994218797, 0.000158352064318, 9.27815272007e-05, 5.63565190532e-05, 4.94525193062e-05, 4.28876155638e-05, 4.67259596917e-05, 4.7356246796e-05, 3.82965590688e-05, 2.55209615716e-05],
        "mean": [0.00281000090763, 0.00267868861556, 0.00143360556103, 0.00190305837896, 0.0013015755685, 0.000902432948351, 0.000640027923509, 0.000567743787542, 0.00050068704877, 0.000394909846364, 0.000158820577781, 8.31457728054e-05, 5.71949276491e-05, 6.16451434325e-05, 4.18256531702e-05, 2.58006712102e-05, 5.57174971618e-05, 5.32032172487e-05, 3.42414750776e-05, 2.03603431146e-05, 9.12737959879e-06, 7.77058176027e-06, 7.08383095116e-06, 7.70808401285e-06, 7.01105409462e-06, 7.24154278942e-06, 1.01025007098e-05, 5.65331401958e-06, 4.10912070947e-06, 4.401109436e-06, 2.95058634947e-06, 2.79699429484e-06, 2.89761055683e-06, 2.49976619671e-06, 1.46438503634e-06, 1.17342722206e-06, 1.14429042242e-06, 1.02239823718e-06, 8.13111341813e-07, 6.14681255229e-07],
        "median": [0.00242846040055, 0.00235642492771, 0.000978911179118, 0.00105749536306, 0.000858710089233, 0.000528933713213, 0.000241271380219, 0.000250257784501, 0.00021552653925, 0.000141571857966, 9.85139631666e-05, 5.27620104549e-05, 3.34472752002e-05, 3.12208212563e-05, 2.42018140852e-05, 1.0840172763e-05, 1.43211345858e-05, 1.05376575448e-05, 1.03212114482e-05, 6.82707513988e-06, 5.01775048178e-06, 5.03498586113e-06, 4.08832192988e-06, 4.65134326078e-06, 4.45297064289e-06, 2.59498528976e-06, 2.74066246675e-06, 1.54960764576e-06, 8.91389049684e-07, 7.3722299021e-07, 4.42496201458e-07, 4.85139366901e-07, 7.65391177993e-07, 8.02905617547e-07, 4.82236885091e-07, 3.41759403e-07, 4.01876519618e-07, 3.56327404916e-07, 2.99094750744e-07, 1.93101428181e-07],
        "min": [2.9939484108e-24, 1.46474919798e-23, 1.96116895267e-23, 4.19635229064e-24, 5.47045455487e-24, 2.27251610143e-23, 1.05352121457e-23, 2.13012067325e-24, 2.18012222729e-24, 5.94599134702e-24, 4.56484933542e-24, 7.45568376515e-24, 9.53503275889e-24, 7.80663220466e-24, 2.43952040053e-24, 4.2717831704e-24, 1.77224702106e-23, 8.44506837931e-24, 5.96939527235e-24, 9.98379206204e-24, 1.6430910849e-23, 8.89843226357e-24, 8.22130246152e-24, 9.19465268892e-24, 1.17865758887e-23, 1.09457495603e-23, 2.00984387933e-23, 1.06947032546e-23, 1.17499924643e-23, 1.0965288856e-23, 1.64175128354e-23, 1.49315529031e-23, 1.3400238202e-23, 9.70051921072e-24, 9.16777619788e-24, 1.02894953843e-23, 1.46328475659e-23, 1.41018274253e-23, 1.15339755271e-23, 9.41643856584e-24],
        "stdev": [0.00281984987669, 0.00262205675244, 0.00139377615415, 0.00291854608804, 0.0013612563489, 0.00110370165203, 0.00100983132143, 0.000808133860119, 0.0007323215832, 0.000639500969555, 0.000189379148651, 0.000110607325041, 6.95718335919e-05, 9.98850227916e-05, 4.81613496959e-05, 4.68319703941e-05, 0.000159367264132, 0.000150933337864, 8.26213799883e-05, 3.46905144397e-05, 1.4572058717e-05, 1.07421519715e-05, 8.68391998665e-06, 9.68567292148e-06, 9.35411753744e-06, 2.24289342441e-05, 4.45758341812e-05, 1.55745328811e-05, 1.24706602946e-05, 1.49699299072e-05, 1.06885836431e-05, 1.02253889054e-05, 7.88211309555e-06, 5.40600649401e-06, 3.4752827105e-06, 3.30342186317e-06, 3.04630907522e-06, 2.42511396209e-06, 2.0105353542e-06, 1.52486643401e-06],
        "var": [7.95155392552e-06, 6.87518104314e-06, 1.94261201614e-06, 8.51791082823e-06, 1.85301894362e-06, 1.21815730836e-06, 1.01975922462e-06, 6.53080348911e-07, 5.36294919584e-07, 4.08961454923e-07, 3.58644598464e-08, 1.22339809394e-08, 4.84024020864e-09, 9.97701743444e-09, 2.31951546859e-09, 2.19323337269e-09, 2.53979237641e-08, 2.27808705233e-08, 6.8262928643e-09, 1.20343168764e-09, 2.12344905548e-10, 1.15393833378e-10, 7.54104695355e-11, 9.38122565741e-11, 8.74995215172e-11, 5.0305709598e-10, 1.98700500498e-09, 2.42566078335e-10, 1.55517376754e-10, 2.24098808954e-10, 1.14245828076e-10, 1.04558570135e-10, 6.21277126966e-11, 2.92249072165e-11, 1.20775906637e-11, 1.09125963474e-11, 9.27999951189e-12, 5.88117748945e-12, 4.04225264372e-12, 2.32521749251e-12]
    },
    "melbands128": {
