{
"lowlevel": {
    "average_loudness": 0.968345522881,
    "barkbands_crest": {
        "dmean": 2.2883105278,
        "dmean2": 3.6703004837,
        "dvar": 4.60489320755,
        "dvar2": 11.0160522461,
        "max": 23.5451984406,
        "mean": 9.2694196701,
        "median": 8.34296607971,
        "min": 3.29355406761,
        "stdev": 3.6893954277,
        "var": 13.6116390228
    },
    "barkbands_flatness_db": {
        "dmean": 0.0187290776521,
        "dmean2": 0.0278508234769,
        "dvar": 0.000283150933683,
        "dvar2": 0.000597257050686,
        "max": 0.291295945644,
        "mean": 0.164924561977,
        "median": 0.164114192128,
        "min": 0.0489515475929,
        "stdev": 0.0422812141478,
        "var": 0.00178770103958
    },
    "barkbands_kurtosis": {
        "dmean": 1.64687931538,
        "dmean2": 2.58520913124,
        "dvar": 4.22692775726,
        "dvar2": 10.6437997818,
        "max": 33.5653915405,
        "mean": 2.66186404228,
        "median": 1.64466333389,
        "min": -1.85678422451,
        "stdev": 3.49423623085,
        "var": 12.2096862793
    },
    "barkbands_skewness": {
        "dmean": 0.380977272987,
        "dmean2": 0.583486557007,
        "dvar": 0.128619804978,
        "dvar2": 0.296435803175,
        "max": 4.05396223068,
        "mean": 1.1009939909,
        "median": 1.04815900326,
        "min": -1.89177656174,
        "stdev": 0.697367608547,
        "var": 0.486321598291
    },
    "barkbands_spread": {
        "dmean": 4.67882299423,
        "dmean2": 6.86913776398,
        "dvar": 60.1555862427,
        "dvar2": 102.900367737,
        "max": 93.0353927612,
        "mean": 16.4924106598,
        "median": 12.4342060089,
        "min": 2.38127779961,
        "stdev": 14.1927118301,
        "var": 201.433059692
    },
    "dissonance": {
        "dmean": 0.0284160636365,
        "dmean2": 0.0482680164278,
        "dvar": 0.000709703715984,
        "dvar2": 0.00184498622548,
        "max": 0.499626964331,
        "mean": 0.442689865828,
        "median": 0.447589188814,
        "min": 0.194125711918,
        "stdev": 0.0356405079365,
        "var": 0.00127024576068
    },
    "dynamic_complexity": 2.13175201416,
    "erbbands_crest": {
        "dmean": 2.94904494286,
        "dmean2": 4.5839805603,
        "dvar": 7.54561138153,
        "dvar2": 16.8458595276,
        "max": 30.269651413,
        "mean": 11.0183429718,
        "median": 10.0026636124,
        "min": 3.07785224915,
        "stdev": 4.65685367584,
        "var": 21.6862850189
    },
    "erbbands_flatness_db": {
        "dmean": 0.0187160316855,
        "dmean2": 0.0274982023984,
        "dvar": 0.00034005541238,
        "dvar2": 0.00063037808286,
        "max": 0.311409771442,
        "mean": 0.197694212198,
        "median": 0.201510980725,
        "min": 0.0728162825108,
        "stdev": 0.0411683358252,
        "var": 0.00169483188074
    },
    "erbbands_kurtosis": {
        "dmean": 1.18034279346,
        "dmean2": 1.79897201061,
        "dvar": 2.31334352493,
        "dvar2": 4.99812841415,
        "max": 24.2094573975,
        "mean": 1.41917836666,
        "median": 0.907970666885,
        "min": -1.84657168388,
        "stdev": 2.53407621384,
        "var": 6.42154169083
    },
    "erbbands_skewness": {
        "dmean": 0.381261736155,
        "dmean2": 0.578197598457,
        "dvar": 0.131053045392,
        "dvar2": 0.288266569376,
        "max": 4.25908565521,
        "mean": 0.776900529861,
        "median": 0.743612527847,
        "min": -1.48830711842,
        "stdev": 0.701487183571,
        "var": 0.492084264755
    },
    "erbbands_spread": {
        "dmean": 6.58070468903,
        "dmean2": 9.64359760284,
        "dvar": 103.912353516,
        "dvar2": 200.966873169,
        "max": 113.765708923,
        "mean": 26.7536315918,
        "median": 20.7609901428,
        "min": 3.52468419075,
        "stdev": 18.7220401764,
        "var": 350.514801025
    },
    "hfc": {
        "dmean": 7.53568696976,
        "dmean2": 10.9322967529,
        "dvar": 167.355300903,
        "dvar2": 338.778045654,
        "max": 145.480712891,
        "mean": 19.3680992126,
        "median": 12.1535291672,
        "min": 1.19307303773e-16,
        "stdev": 19.9119796753,
        "var": 396.486968994
    },
    "loudness_ebu128": {
        "integrated": -10.6806726456,
        "loudness_range": 2.24426078796,
        "momentary": {
            "dmean": 0.501937031746,
            "dmean2": 0.57759553194,
            "dvar": 0.177617758512,
            "dvar2": 0.241303503513,
            "max": -7.72814750671,
            "mean": -10.9890069962,
            "median": -10.8406047821,
            "min": -15.5872802734,
            "stdev": 1.70458936691,
            "var": 2.90562486649
        },
        "short_term": {
            "dmean": 0.0638641193509,
            "dmean2": 0.0693570822477,
            "dvar": 0.00293900165707,
            "dvar2": 0.00323941372335,
            "max": -9.38346576691,
            "mean": -10.6448783875,
            "median": -10.431930542,
            "min": -13.7081861496,
            "stdev": 0.868111371994,
            "var": 0.753617405891
        }
    },
    "melbands_crest": {
        "dmean": 2.77966570854,
        "dmean2": 4.41280269623,
        "dvar": 6.29238653183,
        "dvar2": 15.8907546997,
        "max": 30.1976528168,
        "mean": 12.4819173813,
        "median": 11.6227302551,
        "min": 2.15168428421,
        "stdev": 4.69903373718,
        "var": 22.0809173584
    },
    "melbands_flatness_db": {
        "dmean": 0.0214574765414,
        "dmean2": 0.030761975795,
        "dvar": 0.000421288714278,
        "dvar2": 0.000773914158344,
        "max": 0.396354556084,
        "mean": 0.226583555341,
        "median": 0.228834927082,
        "min": 0.00569934258237,
        "stdev": 0.0564725622535,
        "var": 0.003189150244
    },
    "melbands_kurtosis": {
        "dmean": 2.66760015488,
        "dmean2": 4.14321374893,
        "dvar": 10.4280939102,
        "dvar2": 24.5926456451,
        "max": 45.7939682007,
        "mean": 5.49881696701,
        "median": 3.92545700073,
        "min": -1.23900878429,
        "stdev": 5.45063972473,
        "var": 29.7094745636
    },
    "melbands_skewness": {
        "dmean": 0.441716581583,
        "dmean2": 0.667342066765,
        "dvar": 0.180668890476,
        "dvar2": 0.394796431065,
        "max": 6.12640142441,
        "mean": 1.57864034176,
        "median": 1.50631594658,
        "min": -0.810749292374,
        "stdev": 0.884337663651,
        "var": 0.782053112984
    },
    "melbands_spread": {
        "dmean": 5.82730960846,
        "dmean2": 8.59379959106,
        "dvar": 131.850616455,
        "dvar2": 228.265472412,
        "max": 158.546005249,
        "mean": 19.5276966095,
        "median": 15.4278202057,
        "min": 3.00711965561,
        "stdev": 17.3838100433,
        "var": 302.196838379
    },
    "pitch_salience": {
        "dmean": 0.0569699220359,
        "dmean2": 0.0902664586902,
        "dvar": 0.00249720015563,
        "dvar2": 0.00572740565985,
        "max": 0.853205919266,
        "mean": 0.576870977879,
        "median": 0.584559440613,
        "min": 0.234433248639,
        "stdev": 0.10072863102,
        "var": 0.0101462565362
    },
    "silence_rate_20dB": {
        "dmean": 0,
        "dmean2": 0,
        "dvar": 0,
        "dvar2": 0,
        "max": 1,
        "mean": 1,
        "median": 1,
        "min": 1,
        "stdev": 0,
        "var": 0
    },
    "silence_rate_30dB": {
        "dmean": 0.00464396271855,
        "dmean2": 0.00929511990398,
        "dvar": 0.0046223513782,
        "dvar2": 0.0123072508723,
        "max": 1,
        "mean": 0.996906399727,
        "median": 1,
        "min": 0,
        "stdev": 0.0555337369442,
        "var": 0.00308399577625
    },
    "silence_rate_60dB": {
        "dmean": 0.000773993786424,
        "dmean2": 0.00154918665066,
        "dvar": 0.000773391744588,
        "dvar2": 0.00154677091632,
        "max": 1,
        "mean": 0.00154679035768,
        "median": 0,
        "min": 0,
        "stdev": 0.0392987206578,
        "var": 0.00154438940808
    },
    "spectral_centroid": {
        "dmean": 188.019836426,
        "dmean2": 268.615447998,
        "dvar": 132776.953125,
        "dvar2": 171788.078125,
        "max": 11143.8271484,
        "mean": 976.052856445,
        "median": 836.046691895,
        "min": 324.606323242,
        "stdev": 557.071289062,
        "var": 310328.40625
    },
    "spectral_complexity": {
        "dmean": 2.35294127464,
        "dmean2": 3.58791637421,
        "dvar": 5.06582975388,
        "dvar2": 9.91232585907,
        "max": 38,
        "mean": 16.2969837189,
        "median": 16,
        "min": 0,
        "stdev": 5.06247854233,
        "var": 25.6286888123
    },
    "spectral_decrease": {
        "dmean": 1.8266269608e-09,
        "dmean2": 2.69507949291e-09,
        "dvar": 7.17654206671e-18,
        "dvar2": 1.52330438321e-17,
        "max": 1.15199213743e-29,
        "mean": -6.17613782339e-09,
        "median": -4.97853047676e-09,
        "min": -3.74922954904e-08,
        "stdev": 4.1434717879e-09,
        "var": 1.71683586067e-17
    },
    "spectral_energy": {
        "dmean": 0.00743179721758,
        "dmean2": 0.0109841246158,
        "dvar": 0.000117247465823,
        "dvar2": 0.000249298202107,
        "max": 0.154045253992,
        "mean": 0.0250669047236,
        "median": 0.0204632710665,
        "min": 1.07780430203e-20,
        "stdev": 0.0167442057282,
        "var": 0.000280368432868
    },
    "spectral_energyband_high": {
        "dmean": 0.000392838439438,
        "dmean2": 0.000564374087844,
        "dvar": 1.82866824616e-06,
        "dvar2": 3.20647404806e-06,
        "max": 0.0181821640581,
        "mean": 0.000607214809861,
        "median": 7.78176108724e-05,
        "min": 7.65867465235e-21,
        "stdev": 0.00194893614389,
        "var": 3.79835228159e-06
    },
    "spectral_energyband_low": {
        "dmean": 0.00134087749757,
        "dmean2": 0.00228751101531,
        "dvar": 7.6264936979e-06,
        "dvar2": 1.92946845345e-05,
        "max": 0.0424852520227,
        "mean": 0.00442459527403,
        "median": 0.00363652198575,
        "min": 9.55280200855e-23,
        "stdev": 0.00427563255653,
        "var": 1.82810326805e-05
    },
    "spectral_energyband_middle_high": {
        "dmean": 0.00205843592994,
        "dmean2": 0.00296369101852,
        "dvar": 1.59305400302e-05,
        "dvar2": 3.65980085917e-05,
        "max": 0.0571340322495,
        "mean": 0.00495856674388,
        "median": 0.00289041083306,
        "min": 1.59613314239e-21,
        "stdev": 0.00606473861262,
        "var": 3.67810534954e-05
    },
    "spectral_energyband_middle_low": {
        "dmean": 0.00577021529898,
        "dmean2": 0.00857982039452,
        "dvar": 8.21446519694e-05,
        "dvar2": 0.000173963751877,
        "max": 0.101358123124,
        "mean": 0.0156699921936,
        "median": 0.0117560988292,
        "min": 3.04500612338e-22,
        "stdev": 0.0129929874092,
        "var": 0.000168817714439
    },
    "spectral_entropy": {
        "dmean": 0.180230945349,
        "dmean2": 0.253131657839,
        "dvar": 0.0376941151917,
        "dvar2": 0.0603469461203,
        "max": 9.79360103607,
        "mean": 7.13156986237,
        "median": 7.09746646881,
        "min": 5.9987859726,
        "stdev": 0.472665518522,
        "var": 0.223412692547
    },
    "spectral_flux": {
        "dmean": 0.0226404182613,
        "dmean2": 0.0366781949997,
        "dvar": 0.00069545180304,
        "dvar2": 0.00159401155543,
        "max": 0.339897155762,
        "mean": 0.075797341764,
        "median": 0.0661962032318,
        "min": 1.03817357489e-10,
        "stdev": 0.0410363227129,
        "var": 0.00168397976086
    },
    "spectral_kurtosis": {
        "dmean": 3.19620490074,
        "dmean2": 5.41057062149,
        "dvar": 10.9693660736,
        "dvar2": 29.8970909119,
        "max": 37.3523788452,
        "mean": 8.51362609863,
        "median": 7.48454380035,
        "min": -1.36639761925,
        "stdev": 5.60570955276,
        "var": 31.4239807129
    },
    "spectral_rms": {
        "dmean": 0.000680323631968,
        "dmean2": 0.000993258669041,
        "dvar": 6.27146732768e-07,
        "dvar2": 1.20954268823e-06,
        "max": 0.0122592030093,
        "mean": 0.00471299560741,
        "median": 0.00446812808514,
        "min": 3.2427092695e-12,
        "stdev": 0.00149772956502,
        "var": 2.24319387598e-06
    },
    "spectral_rolloff": {
        "dmean": 446.397583008,
        "dmean2": 746.890563965,
        "dvar": 1402086,
        "dvar2": 2489844.5,
        "max": 18604.6875,
        "mean": 1325.98376465,
        "median": 882.861328125,
        "min": 301.46484375,
        "stdev": 1615.15515137,
        "var": 2608726.25
    },
    "spectral_skewness": {
        "dmean": 0.336263805628,
        "dmean2": 0.532085299492,
        "dvar": 0.0946603864431,
        "dvar2": 0.213652908802,
        "max": 4.42872333527,
        "mean": 2.11678814888,
        "median": 2.11260533333,
        "min": 0.00571754388511,
        "stdev": 0.694112420082,
        "var": 0.481792032719
    },
    "spectral_spread": {
        "dmean": 647815.5,
        "dmean2": 886568.9375,
        "dvar": 1.45106324685e+12,
        "dvar2": 1.81540696883e+12,
        "max": 39324728,
        "mean": 3726984.5,
        "median": 3178686.75,
        "min": 1536148.625,
        "stdev": 2232834,
        "var": 4.98554739098e+12
    },
    "spectral_strongpeak": {
        "dmean": 0.633872389793,
        "dmean2": 1.00276744366,
        "dvar": 0.65905547142,
        "dvar2": 1.33952522278,
        "max": 7.63894319534,
        "mean": 1.22410559654,
        "median": 0.802554190159,
        "min": 0,
        "stdev": 1.25113773346,
        "var": 1.56534576416
    },
    "zerocrossingrate": {
        "dmean": 0.00993304606527,
        "dmean2": 0.0109191937372,
        "dvar": 0.000476781657198,
        "dvar2": 0.000454581779195,
        "max": 0.478515625,
        "mean": 0.0474350303411,
        "median": 0.0361328125,
        "min": 0.00048828125,
        "stdev": 0.0406306684017,
        "var": 0.00165085121989
    },
    "barkbands": {
        "dmean": [1.98063844437e-05, 0.000778888468631, 0.000649295223411, 0.000417610543082, 0.00123487028759, 0.00165363936685, 0.00119525112677, 0.00225191470236, 0.00176643382292, 0.000765086850151, 0.000546683033463, 0.000420937140007, 0.000380832265364, 0.000258967280388, 0.00026376239839, 0.000186696837773, 0.000184394899406, 0.000174015498487, 0.000107426829345, 8.26562973089e-05, 1.42587623486e-05, 5.04096205987e-05, 0.000185657481779, 0.000120990960568, 3.8531365135e-05, 8.74981105881e-06, 2.86647178882e-07],
        "dmean2": [3.12995507556e-05, 0.001332097454, 0.00105954543687, 0.000722976285033, 0.00197949656285, 0.00259690661915, 0.0017896523932, 0.00335951917805, 0.00269094458781, 0.00109718600288, 0.000787848199252, 0.00066177197732, 0.000597890058998, 0.000403938785894, 0.000409783213399, 0.00028353187372, 0.000275061494904, 0.000272371951723, 0.000161218384164, 0.000122252939036, 2.17229717236e-05, 7.25900463294e-05, 0.000275789672742, 0.000175248424057, 5.77138307563e-05, 1.27497296489e-05, 4.95884421525e-07],
        "dvar": [3.6910072776e-09, 3.01028148897e-06, 2.63852507487e-06, 5.79294919589e-07, 3.74284491045e-06, 6.59602937958e-06, 1.04366126834e-05, 3.652963278e-05, 3.67751999875e-05, 4.13501220464e-06, 2.60576075561e-06, 1.86856902928e-06, 2.47567186307e-06, 7.26526423023e-07, 5.48425077795e-07, 2.84305002651e-07, 1.81168388735e-07, 1.52910899942e-07, 4.53382504872e-08, 3.63042396145e-08, 1.4474340615e-09, 3.01841964756e-08, 6.12542635281e-07, 2.20263373762e-07, 2.49936498165e-08, 1.13605203023e-09, 1.87392072346e-12],
        "dvar2": [9.63694635203e-09, 8.05624404165e-06, 6.99174370311e-06, 1.72240390839e-06, 9.00141913007e-06, 1.51583581101e-05, 1.99406003958e-05, 7.34687637305e-05, 8.54015233926e-05, 9.4235774668e-06, 5.02575448991e-06, 4.51477308161e-06, 6.32780438536e-06, 1.67662699369e-06, 1.25598887735e-06, 6.40971109078e-07, 3.75134533215e-07, 3.71370305174e-07, 9.64032054185e-08, 7.27199278572e-08, 3.14927373068e-09, 6.33427887919e-08, 1.16467003863e-06, 4.15959647171e-07, 5.61213759909e-08, 2.21192331118e-09, 4.92335946317e-12],
        "max": [0.00111352116801, 0.027271674946, 0.0279756076634, 0.00829509366304, 0.0314690843225, 0.0283501185477, 0.0722486898303, 0.074006728828, 0.0840726047754, 0.0425585769117, 0.0330774001777, 0.0273434370756, 0.0310147032142, 0.0147179355845, 0.0106325894594, 0.00917365215719, 0.0056964000687, 0.00419592950493, 0.00284702843055, 0.00232455250807, 0.000556361686904, 0.00306734442711, 0.0104687353596, 0.00677562877536, 0.00265882746316, 0.000555960694328, 2.85155510937e-05],
        "mean": [4.26512706326e-05, 0.00252839480527, 0.0015066935448, 0.000730681698769, 0.00247859722003, 0.00346685620025, 0.00238460674882, 0.00339328381233, 0.00271507841535, 0.00135280669201, 0.000849837786518, 0.000630643917248, 0.000520613742992, 0.000397802505177, 0.00035188315087, 0.000274375081062, 0.00029185981839, 0.000273733079666, 0.000169615173945, 0.000140116913826, 2.58229629253e-05, 7.13276021997e-05, 0.000245906005148, 0.000160993280588, 5.08892189828e-05, 1.15711118269e-05, 2.7419196158e-07],
        "median": [4.08380628869e-06, 0.00186391198076, 0.000661350728478, 0.000317834259477, 0.00154894567095, 0.00199672696181, 0.000979612348601, 0.00104027136695, 0.000823309295811, 0.000604960543569, 0.000303944689222, 0.000247698102612, 0.000178810500074, 8.17922773422e-05, 0.000120946024253, 7.50877879909e-05, 9.18219375308e-05, 7.09619489498e-05, 5.25974501215e-05, 3.3813790651e-05, 8.28797601571e-06, 1.00103461591e-05, 1.38141349453e-05, 6.81426263327e-06, 4.32998785982e-06, 1.32509035211e-06, 1.94036715584e-08],
        "min": [4.47605452084e-23, 2.06245758849e-23, 2.4293353385e-23, 8.79949096225e-24, 5.51489818941e-23, 3.05216910662e-23, 7.9247597076e-23, 6.75622383523e-23, 6.09014944545e-23, 8.98854747353e-23, 1.30351805119e-22, 7.29420488448e-23, 7.58420214393e-23, 8.96264759229e-23, 1.73617304295e-22, 1.1143355746e-22, 1.30177776092e-22, 2.47288809664e-22, 1.99190369929e-22, 4.09468463871e-22, 2.98337399858e-22, 6.19493958239e-22, 7.97649093384e-22, 6.99110041711e-22, 1.38111303516e-21, 1.59463054539e-21, 2.4379575377e-21],
        "stdev": [0.000110816210508, 0.00263923918828, 0.00231067556888, 0.00110398966353, 0.00299860839732, 0.00413289899006, 0.00457793287933, 0.00786177162081, 0.00769804976881, 0.00255826348439, 0.00210200832225, 0.00148565159179, 0.00161496340297, 0.00113811390474, 0.000833333295304, 0.000685280421749, 0.000600531348027, 0.000501975358929, 0.000285276386421, 0.00026820867788, 5.46144729014e-05, 0.000217385037104, 0.00100671057589, 0.000648794695735, 0.000194320673472, 4.29651081504e-05, 1.32421143917e-06],
        "var": [1.22802328306e-08, 6.965583907e-06, 5.33922138857e-06, 1.21879327253e-06, 8.99165297596e-06, 1.70808543771e-05, 2.09574682231e-05, 6.1807455495e-05, 5.92599717493e-05, 6.54471205053e-06, 4.41843894805e-06, 2.20716060539e-06, 2.6081067972e-06, 1.29530326376e-06, 6.94444338478e-07, 4.69609290121e-07, 3.60637926633e-07, 2.51979287214e-07, 8.13826090962e-08, 7.19359007917e-08, 2.98274072108e-09, 4.7256254021e-08, 1.0134662034e-06, 4.20934526346e-07, 3.77605218205e-08, 1.84600057462e-09, 1.75353600997e-12]
    },
    "erbbands": {
        "dmean": [0.0146105252206, 0.208420410752, 0.754317879677, 0.93067330122, 1.60734820366, 4.62654495239, 14.1071224213, 12.8617639542, 12.9727315903, 24.5415153503, 55.2055244446, 44.888343811, 22.6052646637, 29.0514621735, 15.912571907, 15.8258018494, 16.0550193787, 14.4265298843, 15.7036828995, 9.65218448639, 8.12130832672, 8.80114841461, 10.5866136551, 5.61940145493, 5.66872024536, 3.38535141945, 0.717189013958, 0.732983827591, 1.81613814831, 2.76937365532, 5.81170320511, 3.4350464344, 1.66645038128, 0.576948225498, 0.205496937037, 0.0554341822863, 0.0143970707431, 0.00144282286055, 3.89614724554e-05, 1.04161072159e-05],
        "dmean2": [0.0237171724439, 0.354556530714, 1.26302599907, 1.55008554459, 2.58729600906, 7.54210662842, 22.5442771912, 19.7703495026, 19.3543891907, 37.1342697144, 80.1359176636, 67.7022705078, 34.0836486816, 42.704498291, 23.5565948486, 24.7043437958, 25.065114975, 22.1152820587, 24.4464931488, 14.6643800735, 11.9984207153, 13.3270177841, 16.2454071045, 8.46598339081, 8.32423496246, 4.94558238983, 1.098741889, 1.09462535381, 2.69420790672, 4.103556633, 8.68587207794, 5.02844667435, 2.43225502968, 0.876404047012, 0.308856636286, 0.0796878039837, 0.0205245316029, 0.00214101327583, 5.77653336222e-05, 1.53567925736e-05],
        "dvar": [0.00129416771233, 0.205349072814, 3.31595420837, 2.50890517235, 7.03943824768, 78.1819610596, 546.88067627, 551.11315918, 1227.97680664, 4141.00097656, 25248.1347656, 21531.9179688, 6591.14648438, 4182.51806641, 4490.70263672, 1599.43017578, 3925.28491211, 2368.59643555, 2088.4453125, 858.429931641, 503.693969727, 441.767181396, 597.514038086, 126.432678223, 126.433258057, 53.7830886841, 1.93775844574, 4.96305179596, 39.1609687805, 123.21635437, 607.209899902, 175.172073364, 45.5779495239, 6.15168809891, 0.66706687212, 0.0417555421591, 0.00384715688415, 3.47486311512e-05, 2.14165787327e-08, 2.34884056649e-10],
        "dvar2": [0.00318493833765, 0.55758690834, 9.22698783875, 7.0886926651, 15.2371768951, 193.2315979, 1349.51623535, 1202.40368652, 2652.34130859, 9556.07324219, 54265.0234375, 47754.1015625, 16377.3291016, 8275.60058594, 11842.1474609, 3701.8449707, 9538.13183594, 5703.11767578, 4945.63623047, 2121.51928711, 999.45703125, 1022.10290527, 1465.48999023, 268.817779541, 249.246047974, 104.195678711, 4.17483997345, 10.3054332733, 82.3749694824, 217.094650269, 1151.97167969, 356.358734131, 84.8916702271, 13.3032445908, 1.4616202116, 0.0831557065248, 0.00784030929208, 7.08435836714e-05, 4.65405243233e-08, 4.841138046e-10],
        "max": [0.612462341785, 7.20371341705, 28.7543010712, 18.0508403778, 47.2175254822, 174.149261475, 297.664520264, 355.469207764, 684.490783691, 1185.78637695, 2140.52246094, 2553.2980957, 1375.77172852, 1212.18725586, 1680.46032715, 562.524414062, 1315.65795898, 765.977416992, 669.161315918, 519.126464844, 401.325775146, 275.59765625, 286.66696167, 119.683616638, 107.037094116, 86.5314788818, 22.1308708191, 34.6979026794, 92.297668457, 168.402877808, 313.876800537, 186.024368286, 88.1485366821, 44.6189804077, 15.9885339737, 3.53971886635, 1.11579287052, 0.104712814093, 0.00274298572913, 0.000191793311387],
        "mean": [0.0356560386717, 0.69005125761, 1.97274839878, 1.95955276489, 3.18879818916, 9.07780265808, 26.2354259491, 26.7012252808, 26.5132541656, 45.9861602783, 82.2684860229, 73.4053649902, 42.4081764221, 51.0715942383, 26.6168861389, 25.8625164032, 24.0351161957, 23.3545131683, 22.0185165405, 15.3549308777, 13.569396019, 14.6339349747, 16.7936477661, 9.49512672424, 9.54854393005, 6.01485013962, 1.41212165356, 1.19744324684, 2.53551077843, 3.90391659737, 7.74641084671, 4.45871829987, 2.19885754585, 0.765458524227, 0.279624789953, 0.0741025581956, 0.0182201247662, 0.00187231122982, 6.19115817244e-05, 3.28532878484e-05],
        "median": [0.0203612707555, 0.491682946682, 1.07803571224, 1.21039974689, 1.80299675465, 5.13483190536, 13.704369545, 12.9149513245, 15.2234287262, 21.5177745819, 26.4875335693, 23.0673770905, 16.819480896, 23.3382949829, 11.2809934616, 11.5700435638, 9.001080513, 6.36444139481, 6.3527007103, 5.31190443039, 4.61074829102, 4.76803016663, 4.59001255035, 2.90041971207, 2.90508556366, 1.49979996681, 0.603823304176, 0.292569875717, 0.33729711175, 0.365248799324, 0.415208846331, 0.248275265098, 0.076588563621, 0.0423964709044, 0.0320067405701, 0.00949189718813, 0.00179086183198, 0.000174922810402, 1.99070746021e-05, 2.61104887613e-05],
        "min": [1.80128009373e-21, 1.52113051945e-21, 2.05151503256e-20, 3.52485763569e-20, 2.21856124921e-20, 2.23259045858e-19, 4.23458209093e-19, 1.70061134885e-19, 6.21238644518e-19, 2.11953203284e-18, 1.24607324995e-18, 1.41210256436e-18, 9.96447305083e-19, 4.95470309494e-18, 5.26402811219e-18, 3.03129186303e-18, 4.02089972861e-18, 4.4992433876e-18, 9.07520860419e-18, 6.47037797778e-18, 7.03696112861e-18, 7.54407826521e-18, 1.307465499e-17, 1.28805868378e-17, 1.21945670783e-17, 1.97342149642e-17, 8.70773196271e-18, 1.46604859557e-17, 2.38096527785e-17, 2.6478120891e-17, 1.87742619371e-17, 1.32229031266e-17, 1.414834866e-17, 1.27903166175e-17, 1.03356829652e-17, 5.36699265971e-18, 3.22560630829e-18, 1.41652353454e-18, 3.41548018953e-19, 3.36714531215e-20],
        "stdev": [0.0498133525252, 0.706517159939, 2.66932892799, 2.21148276329, 4.03146839142, 12.7968482971, 37.5068473816, 35.9190826416, 43.830947876, 79.8416213989, 201.551803589, 207.510879517, 90.4858551025, 97.6502990723, 66.0413742065, 46.1060218811, 67.7201385498, 63.8073539734, 52.0772285461, 34.1207084656, 30.135181427, 26.3031215668, 30.0587787628, 15.642074585, 16.0272941589, 10.9166345596, 2.17374253273, 3.13156175613, 7.88576364517, 14.4410963058, 31.9447650909, 17.6171379089, 9.24046325684, 3.14615225792, 0.986848533154, 0.257973998785, 0.0754538923502, 0.00732106575742, 0.000179895709152, 2.38123757299e-05],
        "var": [0.002481370233, 0.499166458845, 7.12531661987, 4.89065647125, 16.2527389526, 163.759338379, 1406.76367188, 1290.18054199, 1921.15197754, 6374.68408203, 40623.1289062, 43060.765625, 8187.68994141, 9535.58105469, 4361.46337891, 2125.76513672, 4586.01757812, 4071.37866211, 2712.0378418, 1164.22277832, 908.129150391, 691.854187012, 903.530151367, 244.674499512, 256.874145508, 119.172904968, 4.72515678406, 9.80667877197, 62.1852645874, 208.545272827, 1020.46801758, 310.363555908, 85.3861618042, 9.89827442169, 0.973870038986, 0.0665505900979, 0.00569329038262, 5.35980034329e-05, 3.23624682608e-08, 5.6702920137e-10]
    },
    "gfcc": {
        "mean": [-18.800819397, 127.872413635, -122.736854553, 15.1081800461, -67.2853469849, 8.3272151947, -37.008808136, 12.6612758636, -18.104013443, -3.22819471359, -6.86995649338, -0.887306809425, -10.5716896057],
        "cov": [[4039.02563477, -1126.27111816, -345.375030518, 253.94720459, -216.011322021, 349.023132324, -335.382415771, 350.908874512, -22.3669033051, -55.9296340942, -20.3733520508, -24.5917167664, -207.906784058], [-1126.27111816, 1386.92346191, -141.110183716, -232.393981934, 270.385223389, -330.878143311, 266.982574463, -197.640716553, 61.5454101562, 6.71509075165, 105.618286133, -51.6109237671, 135.350662231], [-345.375030518, -141.110183716, 549.688232422, 61.1226844788, -133.119995117, 89.3740158081, 2.77059221268, -58.406578064, -28.0146579742, 61.4438438416, -55.5536346436, 75.2914657593, 25.5487804413], [253.94720459, -232.393981934, 61.1226844788, 220.53868103, -20.599445343, 56.3775520325, -51.5507583618, 42.7978286743, 6.24186420441, -32.2410011292, -9.20433521271, 24.2703990936, 5.92812538147], [-216.011322021, 270.385223389, -133.119995117, -20.599445343, 250.901046753, -48.9461898804, 51.0440750122, 34.3467903137, 1.07352662086, 17.1091022491, 14.7510671616, -28.5770187378, 24.8738670349], [349.023132324, -330.878143311, 89.3740158081, 56.3775520325, -48.9461898804, 249.17678833, 20.7859458923, 47.2805137634, -7.54137372971, 10.8313512802, -13.6317796707, -2.56061673164, -45.7876853943], [-335.382415771, 266.982574463, 2.77059221268, -51.5507583618, 51.0440750122, 20.7859458923, 206.762771606, -39.6224975586, 4.7076010704, 7.97087144852, 25.1356582642, -20.7294635773, 14.269244194], [350.908874512, -197.640716553, -58.406578064, 42.7978286743, 34.3467903137, 47.2805137634, -39.6224975586, 157.673690796, 15.4243659973, 6.08048391342, -9.33424186707, -26.6361103058, -12.9964733124], [-22.3669033051, 61.5454101562, -28.0146579742, 6.24186420441, 1.07352662086, -7.54137372971, 4.7076010704, 15.4243659973, 112.019340515, 6.27149868011, 10.4081020355, -17.2687854767, 4.48922586441], [-55.9296340942, 6.71509075165, 61.4438438416, -32.2410011292, 17.1091022491, 10.8313512802, 7.97087144852, 6.08048391342, 6.27149868011, 86.6349945068, 0.977551996708, -12.0948190689, 0.200344115496], [-20.3733520508, 105.618286133, -55.5536346436, -9.20433521271, 14.7510671616, -13.6317796707, 25.1356582642, -9.33424186707, 10.4081020355, 0.977551996708, 89.7122650146, -0.0460230112076, -3.23415088654], [-24.5917167664, -51.6109237671, 75.2914657593, 24.2703990936, -28.5770187378, -2.56061673164, -20.7294635773, -26.6361103058, -17.2687854767, -12.0948190689, -0.0460230112076, 103.127784729, 21.1453914642], [-207.906784058, 135.350662231, 25.5487804413, 5.92812538147, 24.8738670349, -45.7876853943, 14.269244194, -12.9964733124, 4.48922586441, 0.200344115496, -3.23415088654, 21.1453914642, 89.5217437744]],
        "icov": [[0.000570920645259, -0.000525753654074, 0.0007536438643, -0.000668574299198, 0.00103991234209, -0.00102934369352, 0.000884986948222, -0.00118663022295, 0.000544898561202, -0.000572645687498, 0.00042458018288, -0.000554627215024, 0.000941554608289], [-0.000525753654074, 0.00487978383899, -0.00173169700429, 0.00291971606202, -0.00455204490572, 0.00464851828292, -0.00392853515223, 0.00456717424095, -0.00271782255732, 0.00259328214452, -0.00346303684637, 0.00281065166928, -0.00402494566515], [0.0007536438643, -0.00173169700429, 0.00473052030429, -0.00265196152031, 0.00382515322417, -0.00298320921138, 0.00122960889712, -0.00124359398615, 0.00177082046866, -0.00472363689914, 0.0031910976395, -0.00306354160421, 0.000989532098174], [-0.000668574299198, 0.00291971606202, -0.00265196152031, 0.00840714853257, -0.00377105851658, 0.0017360454658, -0.00101894966792, 0.00174038484693, -0.00256282836199, 0.00528178596869, -0.00291308294982, 0.0014599856222, -0.0037495745346], [0.00103991234209, -0.00455204490572, 0.00382515322417, -0.00377105851658, 0.0106688598171, -0.00388160091825, 0.00230551883578, -0.00634757708758, 0.00369066861458, -0.00518949935213, 0.00365600618534, -0.00282311532646, 0.00284228543751], [-0.00102934369352, 0.00464851828292, -0.00298320921138, 0.0017360454658, -0.00388160091825, 0.0109967244789, -0.00612595304847, 0.00288214092143, -0.00235882680863, 0.00206601503305, -0.00284098857082, 0.00265294173732, -0.00120011728723], [0.000884986948222, -0.00392853515223, 0.00122960889712, -0.00101894966792, 0.00230551883578, -0.00612595304847, 0.0103722596541, -0.00225532939658, 0.00193641881924, -0.00110644102097, 0.000893126474693, -0.000648794521112, 0.00204788520932], [-0.00118663022295, 0.00456717424095, -0.00124359398615, 0.00174038484693, -0.00634757708758, 0.00288214092143, -0.00225532939658, 0.0142751960084, -0.00373676745221, 0.00145359581802, -0.00238964287564, 0.00456115836278, -0.00473126396537], [0.000544898561202, -0.00271782255732, 0.00177082046866, -0.00256282836199, 0.00369066861458, -0.00235882680863, 0.00193641881924, -0.00373676745221, 0.011315157637, -0.00287043629214, 0.00103285943624, -0.000280389445834, 0.00149844412226], [-0.000572645687498, 0.00259328214452, -0.00472363689914, 0.00528178596869, -0.00518949935213, 0.00206601503305, -0.00110644102097, 0.00145359581802, -0.00287043629214, 0.0179036781192, -0.00388442841358, 0.00424371194094, -0.00240528467111], [0.00042458018288, -0.00346303684637, 0.0031910976395, -0.00291308294982, 0.00365600618534, -0.00284098857082, 0.000893126474693, -0.00238964287564, 0.00103285943624, -0.00388442841358, 0.0155295422301, -0.00386210717261, 0.00397610198706], [-0.000554627215024, 0.00281065166928, -0.00306354160421, 0.0014599856222, -0.00282311532646, 0.00265294173732, -0.000648794521112, 0.00456115836278, -0.000280389445834, 0.00424371194094, -0.00386210717261, 0.0147671708837, -0.0054760845378], [0.000941554608289, -0.00402494566515, 0.000989532098174, -0.0037495745346, 0.00284228543751, -0.00120011728723, 0.00204788520932, -0.00473126396537, 0.00149844412226, -0.00240528467111, 0.00397610198706, -0.0054760845378, 0.01835899055]]
    },
    "melbands": {
        "dmean": [0.000169320468558, 0.000326571956975, 0.000169183054822, 0.000197469198611, 0.000425048550824, 0.000277225917671, 0.000220045869355, 0.000302648055367, 0.00043710618047, 0.000279666041024, 0.000114171714813, 0.000120013406558, 5.73505167267e-05, 5.21512665728e-05, 3.08975213557e-05, 4.04373422498e-05, 2.66130100499e-05, 2.71088247246e-05, 1.58829079737e-05, 1.51433196152e-05, 9.71478038991e-06, 9.24330925045e-06, 1.20176191558e-05, 7.94379775471e-06, 4.52948142993e-06, 4.14077112509e-06, 4.60208775621e-06, 1.97367808141e-06, 5.30592956238e-07, 3.18544550737e-07, 4.66485374773e-07, 9.93708908936e-07, 1.1467409422e-06, 1.9198012069e-06, 3.6451745018e-06, 3.13415557684e-06, 1.845583256e-06, 1.30790817821e-06, 8.61134026309e-07, 3.92537373273e-07],
        "dmean2": [0.000281713786535, 0.000547283911146, 0.00027728130226, 0.000315794051858, 0.000681031146087, 0.00042768692947, 0.000327507470502, 0.000457197806099, 0.000633187126368, 0.000424205965828, 0.000172353087692, 0.00017558223044, 8.29573764349e-05, 8.08420227258e-05, 4.68139405712e-05, 6.56698248349e-05, 4.10041793657e-05, 4.23059718742e-05, 2.46648123721e-05, 2.31429057749e-05, 1.42938552017e-05, 1.39305429911e-05, 1.85597182281e-05, 1.23504523799e-05, 6.88729915055e-06, 6.19167076366e-06, 6.75430283081e-06, 2.9614302548e-06, 8.55576217873e-07, 5.05607545165e-07, 7.00204282111e-07, 1.45947365127e-06, 1.68534666045e-06, 2.8723768537e-06, 5.4691972764e-06, 4.76057311971e-06, 2.71008912023e-06, 1.89411321116e-06, 1.2984356772e-06, 6.17456237251e-07],
        "dvar": [1.5541014875e-07, 5.13404302183e-07, 7.64216778748e-08, 1.27795814819e-07, 4.50897857718e-07, 2.26038451956e-07, 3.28810813244e-07, 5.8918249124e-07, 1.52949985477e-06, 1.03698141629e-06, 1.75535063818e-07, 6.88250665348e-08, 3.68076769064e-08, 3.62910022034e-08, 1.10872617753e-08, 3.27231255426e-08, 8.16839751394e-09, 6.37482067134e-09, 1.91524729409e-09, 2.29113950034e-09, 7.28457572041e-10, 5.05852082444e-10, 7.94347199129e-10, 3.45772854793e-10, 8.46753570038e-11, 7.8599370068e-11, 1.13498904719e-10, 1.94797372677e-11, 1.17016791222e-12, 7.75160101038e-13, 2.1532471986e-12, 1.18314958525e-11, 1.74194738495e-11, 6.96596808014e-11, 2.37961816918e-10, 1.85208931525e-10, 5.09259058534e-11, 2.77588785291e-11, 1.68008957441e-11, 2.49942189341e-12],
        "dvar2": [4.0501512899e-07, 1.39308360758e-06, 2.03205672733e-07, 3.03357779785e-07, 1.09839220386e-06, 4.84268014134e-07, 6.475322607e-07, 1.37216420626e-06, 3.37200208378e-06, 2.34432172874e-06, 4.39291625298e-07, 1.37249656973e-07, 8.31769071397e-08, 9.15725166806e-08, 2.15749125232e-08, 8.89807765247e-08, 1.90887110563e-08, 1.51737253873e-08, 4.43867564925e-09, 5.39928679544e-09, 1.38582934017e-09, 1.14067433277e-09, 1.91790494597e-09, 8.55412241041e-10, 1.83760270889e-10, 1.6498051536e-10, 2.33069563649e-10, 4.14456628739e-11, 2.77147900983e-12, 1.83050102853e-12, 4.33900875299e-12, 2.52740953166e-11, 3.91195166538e-11, 1.28611662986e-10, 4.51337273111e-10, 4.14768497325e-10, 1.0555656349e-10, 5.34785896122e-11, 3.75731668001e-11, 5.53125817718e-12],
        "max": [0.006457997486, 0.0105639891699, 0.00321144750342, 0.00636090105399, 0.00839863158762, 0.00681626750156, 0.00990818347782, 0.0154045009986, 0.0177692491561, 0.0148815670982, 0.00717609003186, 0.00519812293351, 0.0039733890444, 0.00422143982723, 0.00252343458124, 0.00395654747263, 0.00155524990987, 0.00105077272747, 0.000885466462933, 0.000753826403525, 0.000375296454877, 0.000352061411832, 0.000404236401664, 0.000233459402807, 0.000105516861368, 0.000109068838356, 0.000140413292684, 6.2431776314e-05, 1.66020745382e-05, 1.48774643094e-05, 2.39088894887e-05, 5.00873975398e-05, 8.69255018188e-05, 0.000149366416736, 0.000215851847315, 0.000200060909265, 9.81554621831e-05, 7.2302595072e-05, 8.2448219473e-05, 3.1032894185e-05],
        "mean": [0.000523902475834, 0.000995253794827, 0.000376131734811, 0.000412976893131, 0.000817678170279, 0.000586758658756, 0.000453279120848, 0.000534812454134, 0.000640775135253, 0.000444700213848, 0.000197232831852, 0.000203290968784, 9.23605402932e-05, 8.03705552244e-05, 4.79964146507e-05, 5.48888820049e-05, 4.15745380451e-05, 3.53455106961e-05, 2.26233642024e-05, 2.21480222535e-05, 1.48202934724e-05, 1.44229425132e-05, 1.81381783477e-05, 1.21102848425e-05, 7.04374315319e-06, 6.49979438094e-06, 7.2734051173e-06, 3.16288355862e-06, 8.69588234309e-07, 5.59842249004e-07, 7.07142703504e-07, 1.3415143485e-06, 1.5485060203e-06, 2.48329070018e-06, 4.69114047519e-06, 3.90952072848e-06, 2.32914862863e-06, 1.65134554209e-06, 1.03738273083e-06, 5.1665506362e-07],
        "median": [0.000392318383092, 0.000713979126886, 0.00024925058824, 0.000254318787483, 0.000462558236904, 0.000307764275931, 0.000236178399064, 0.000243278089329, 0.000202611045097, 0.000133065870614, 7.14657144272e-05, 9.04933913262e-05, 3.54526782758e-05, 3.31543087668e-05, 2.39220898948e-05, 1.7319487597e-05, 9.3906537586e-06, 8.62991782924e-06, 8.5683332145e-06, 5.26199710293e-06, 4.48144601251e-06, 4.60916498923e-06, 4.5053679969e-06, 3.05344315166e-06, 1.99462829187e-06, 1.97336953534e-06, 1.66196025475e-06, 7.42784777685e-07, 3.40637200225e-07, 1.80820876494e-07, 1.29402067728e-07, 1.82046420605e-07, 1.82457924325e-07, 1.97617026743e-07, 2.33901076285e-07, 1.74322622115e-07, 1.00903037037e-07, 4.1576328158e-08, 2.65486761464e-08, 3.26661577787e-08],
        "min": [1.58763889643e-23, 7.38244591871e-24, 5.42049954361e-24, 7.10184809472e-24, 1.52398350117e-23, 3.99875565009e-24, 1.1429617118e-23, 2.24530639554e-23, 9.86552130196e-24, 8.45142028732e-24, 4.49446203786e-24, 1.92755464286e-23, 1.94522496937e-23, 8.72527966145e-24, 5.73564276993e-24, 9.05422598146e-24, 8.25414668531e-24, 1.46832021352e-23, 9.63886184237e-24, 7.78767508825e-24, 8.3269214704e-24, 8.02250241365e-24, 8.60005114819e-24, 1.2563293858e-23, 1.01724891683e-23, 6.84038882515e-24, 1.44049961375e-23, 1.21738308626e-23, 4.69849341682e-24, 7.98356266165e-24, 7.24182357374e-24, 1.46364810593e-23, 1.19024248458e-23, 1.6125069476e-23, 1.12696795138e-23, 9.07121094561e-24, 7.53963828698e-24, 8.62820874934e-24, 1.28392097926e-23, 1.00433976032e-23],
        "stdev": [0.000581325439271, 0.00109979254194, 0.000413168978412, 0.0005491663469, 0.00109104742296, 0.000745545024984, 0.000782924122177, 0.000915356038604, 0.00154170754831, 0.00136544671841, 0.000451726373285, 0.000399978191126, 0.000224169911235, 0.000197420420591, 0.000119434938824, 0.000174630287802, 0.000124242098536, 9.00281665963e-05, 4.88244877488e-05, 6.02677318966e-05, 3.69556582882e-05, 2.81352131424e-05, 3.46753222402e-05, 2.24044561037e-05, 1.23131549117e-05, 1.15497641673e-05, 1.42898743434e-05, 6.20939636065e-06, 1.47713910792e-06, 1.18947343708e-06, 2.06970935324e-06, 4.31449279858e-06, 4.91220544063e-06, 1.02963176687e-05, 1.96149958356e-05, 1.66757126863e-05, 9.34868148761e-06, 7.00152168065e-06, 4.92725894219e-06, 2.0065872377e-06],
        "var": [3.37939241035e-07, 1.20954371141e-06, 1.70708602809e-07, 3.01583696682e-07, 1.1903845234e-06, 5.55837345928e-07, 6.12970211478e-07, 8.37876712012e-07, 2.3768623123e-06, 1.8644445845e-06, 2.04056718189e-07, 1.59982548098e-07, 5.02521508849e-08, 3.8974825145e-08, 1.42647049728e-08, 3.04957374908e-08, 1.54360986215e-08, 8.10507039262e-09, 2.3838306884e-09, 3.63219965216e-09, 1.36572064768e-09, 7.91590182292e-10, 1.20237808598e-09, 5.0195964052e-10, 1.51613790966e-10, 1.33397057289e-10, 2.04200503728e-10, 3.85566023553e-11, 2.18193995857e-12, 1.41484718906e-12, 4.28369666128e-12, 1.86148475106e-11, 2.41297624243e-11, 1.06014162726e-10, 3.84748038984e-10, 2.78079420601e-10, 8.73978459048e-11, 4.90213043769e-11, 2.42778800535e-11, 4.02639250066e-12]
    },
    "melbands128": {
