{
"lowlevel": {
    "average_loudness": 0.914809048176,
    "barkbands_crest": {
        "dmean": 2.25531435013,
        "dmean2": 3.69540023804,
        "dvar": 4.38495969772,
        "dvar2": 10.765422821,
        "max": 25.3522777557,
        "mean": 13.4273462296,
        "median": 12.8327198029,
        "min": 3.8105430603,
        "stdev": 4.46729850769,
        "var": 19.9567565918
    },
    "barkbands_flatness_db": {
        "dmean": 0.0228864103556,
        "dmean2": 0.0340989977121,
        "dvar": 0.000545509799849,
        "dvar2": 0.00114567857236,
        "max": 0.441496521235,
        "mean": 0.269594460726,
        "median": 0.26950520277,
        "min": 0.0525669902563,
        "stdev": 0.0682050436735,
        "var": 0.00465192785487
    },
    "barkbands_kurtosis": {
        "dmean": 5.27592802048,
        "dmean2": 8.27151870728,
        "dvar": 54.8417854309,
        "dvar2": 130.761245728,
        "max": 118.179573059,
        "mean": 12.2825288773,
        "median": 8.73203277588,
        "min": -1.86695897579,
        "stdev": 12.1891260147,
        "var": 148.574798584
    },
    "barkbands_skewness": {
        "dmean": 0.550801634789,
        "dmean2": 0.860980451107,
        "dvar": 0.321117520332,
        "dvar2": 0.755843162537,
        "max": 8.90317821503,
        "mean": 2.08474755287,
        "median": 2.06423473358,
        "min": -2.01925158501,
        "stdev": 1.36280548573,
        "var": 1.85723888874
    },
    "barkbands_spread": {
        "dmean": 1.61557030678,
        "dmean2": 2.50332283974,
        "dvar": 17.8410301208,
        "dvar2": 41.3573417664,
        "max": 87.457572937,
        "mean": 5.29902648926,
        "median": 3.76481866837,
        "min": 0.609452843666,
        "stdev": 5.4662027359,
        "var": 29.8793716431
    },
    "dissonance": {
        "dmean": 0.0389536470175,
        "dmean2": 0.0649180710316,
        "dvar": 0.00132334022783,
        "dvar2": 0.00336330453865,
        "max": 0.5,
        "mean": 0.398054718971,
        "median": 0.404783070087,
        "min": 0.0723312422633,
        "stdev": 0.0543489977717,
        "var": 0.00295381364413
    },
    "dynamic_complexity": 3.31862187386,
    "erbbands_crest": {
        "dmean": 2.83367013931,
        "dmean2": 4.56772899628,
        "dvar": 6.6258020401,
        "dvar2": 17.5378475189,
        "max": 26.5396156311,
        "mean": 12.8921670914,
        "median": 12.376496315,
        "min": 3.67779970169,
        "stdev": 4.47781229019,
        "var": 20.0508022308
    },
    "erbbands_flatness_db": {
        "dmean": 0.0184744186699,
        "dmean2": 0.0271538421512,
        "dvar": 0.00036832227488,
        "dvar2": 0.000778373214416,
        "max": 0.48497569561,
        "mean": 0.265839606524,
        "median": 0.2631264925,
        "min": 0.0965375229716,
        "stdev": 0.0618612170219,
        "var": 0.00382681004703
    },
    "erbbands_kurtosis": {
        "dmean": 2.26235771179,
        "dmean2": 3.68606948853,
        "dvar": 8.66427993774,
        "dvar2": 22.9102039337,
        "max": 34.4742088318,
        "mean": 4.40423631668,
        "median": 3.14717721939,
        "min": -1.74629378319,
        "stdev": 4.69533634186,
        "var": 22.0461845398
    },
    "erbbands_skewness": {
        "dmean": 0.415749102831,
        "dmean2": 0.643649220467,
        "dvar": 0.168326288462,
        "dvar2": 0.425355702639,
        "max": 4.33985185623,
        "mean": 1.23378551006,
        "median": 1.21280741692,
        "min": -3.13467097282,
        "stdev": 0.819063842297,
        "var": 0.670865595341
    },
    "erbbands_spread": {
        "dmean": 4.1693944931,
        "dmean2": 6.76977396011,
        "dvar": 82.0823974609,
        "dvar2": 205.827331543,
        "max": 119.47366333,
        "mean": 15.1373729706,
        "median": 12.4437122345,
        "min": 1.8954834938,
        "stdev": 11.5473108292,
        "var": 133.340377808
    },
    "hfc": {
        "dmean": 2.69655275345,
        "dmean2": 3.96016407013,
        "dvar": 10.4635839462,
        "dvar2": 22.5711555481,
        "max": 65.7267379761,
        "mean": 10.7942457199,
        "median": 9.56028461456,
        "min": 1.28505909527e-16,
        "stdev": 8.59526538849,
        "var": 73.8785858154
    },
    "loudness_ebu128": {
        "integrated": -12.3849067688,
        "loudness_range": 4.44959068298,
        "momentary": {
            "dmean": 0.673885703087,
            "dmean2": 0.632890820503,
            "dvar": 0.693257629871,
            "dvar2": 0.538858056068,
            "max": -9.29125976562,
            "mean": -13.7106409073,
            "median": -12.494474411,
            "min": -36.0542984009,
            "stdev": 4.22292089462,
            "var": 17.8330612183
        },
        "short_term": {
            "dmean": 0.110346093774,
            "dmean2": 0.0740223005414,
            "dvar": 0.0111619196832,
            "dvar2": 0.00491617666557,
            "max": -11.0931692123,
            "mean": -12.9115819931,
            "median": -12.367980957,
            "min": -19.6263427734,
            "stdev": 1.8629244566,
            "var": 3.47048735619
        }
    },
    "melbands_crest": {
        "dmean": 2.64302134514,
        "dmean2": 4.28539228439,
        "dvar": 6.15148067474,
        "dvar2": 15.1789550781,
        "max": 28.9127120972,
        "mean": 16.0942802429,
        "median": 16.0705928802,
        "min": 1.69621837139,
        "stdev": 4.68950986862,
        "var": 21.9915046692
    },
    "melbands_flatness_db": {
        "dmean": 0.0234971363097,
        "dmean2": 0.0342998802662,
        "dvar": 0.000657938187942,
        "dvar2": 0.00129455502611,
        "max": 0.513189911842,
        "mean": 0.338300555944,
        "median": 0.338391751051,
        "min": 0.00563581474125,
        "stdev": 0.0765692144632,
        "var": 0.00586284417659
    },
    "melbands_kurtosis": {
        "dmean": 5.55795860291,
        "dmean2": 8.91207504272,
        "dvar": 82.4438400269,
        "dvar2": 222.478546143,
        "max": 165.980529785,
        "mean": 12.0958137512,
        "median": 8.91016101837,
        "min": -1.17278242111,
        "stdev": 12.1306762695,
        "var": 147.153305054
    },
    "melbands_skewness": {
        "dmean": 0.576540708542,
        "dmean2": 0.9203119874,
        "dvar": 0.411411106586,
        "dvar2": 1.10452485085,
        "max": 11.4283180237,
        "mean": 2.02832627296,
        "median": 2.04275250435,
        "min": -1.46692597866,
        "stdev": 1.44216966629,
        "var": 2.07985329628
    },
    "melbands_spread": {
        "dmean": 1.9300634861,
        "dmean2": 3.0147254467,
        "dvar": 19.30327034,
        "dvar2": 38.3911476135,
        "max": 128.125335693,
        "mean": 7.40963888168,
        "median": 5.14288711548,
        "min": 0.973518311977,
        "stdev": 6.82606315613,
        "var": 46.5951385498
    },
    "pitch_salience": {
        "dmean": 0.0713767036796,
        "dmean2": 0.117219045758,
        "dvar": 0.00405787304044,
        "dvar2": 0.0106396926567,
        "max": 0.872898578644,
        "mean": 0.512084722519,
        "median": 0.509340286255,
        "min": 0.179538026452,
        "stdev": 0.118704900146,
        "var": 0.0140908528119
    },
    "silence_rate_20dB": {
        "dmean": 0,
        "dmean2": 0,
        "dvar": 0,
        "dvar2": 0,
        "max": 1,
        "mean": 1,
        "median": 1,
        "min": 1,
        "stdev": 0,
        "var": 0
    },
    "silence_rate_30dB": {
        "dmean": 0,
        "dmean2": 0,
        "dvar": 0,
        "dvar2": 0,
        "max": 1,
        "mean": 1,
        "median": 1,
        "min": 1,
        "stdev": 0,
        "var": 0
    },
    "silence_rate_60dB": {
        "dmean": 0.00928792543709,
        "dmean2": 0.0178156476468,
        "dvar": 0.00920165982097,
        "dvar2": 0.0205961205065,
        "max": 1,
        "mean": 0.0680587813258,
        "median": 0,
        "min": 0,
        "stdev": 0.25184533,
        "var": 0.0634260773659
    },
    "spectral_centroid": {
        "dmean": 69.5900497437,
        "dmean2": 102.547653198,
        "dvar": 73896.5625,
        "dvar2": 91021.6875,
        "max": 10080.4208984,
        "mean": 537.77545166,
        "median": 392.138336182,
        "min": 208.556182861,
        "stdev": 396.21472168,
        "var": 156986.09375
    },
    "spectral_complexity": {
        "dmean": 1.31269347668,
        "dmean2": 2.17738199234,
        "dvar": 1.47343051434,
        "dvar2": 3.56963133812,
        "max": 19,
        "mean": 9.40680599213,
        "median": 9,
        "min": 0,
        "stdev": 3.45896220207,
        "var": 11.9644193649
    },
    "spectral_decrease": {
        "dmean": 1.95533700342e-09,
        "dmean2": 2.97183833098e-09,
        "dvar": 5.51785634136e-18,
        "dvar2": 1.20430383434e-17,
        "max": 1.8590469715e-28,
        "mean": -7.13028791566e-09,
        "median": -5.77904790688e-09,
        "min": -2.73171032461e-08,
        "stdev": 5.49184964171e-09,
        "var": 3.01604146494e-17
    },
    "spectral_energy": {
        "dmean": 0.00760466977954,
        "dmean2": 0.0115494001657,
        "dvar": 8.2639788161e-05,
        "dvar2": 0.000180274029844,
        "max": 0.105189368129,
        "mean": 0.0278903637081,
        "median": 0.0229472350329,
        "min": 1.09542074492e-20,
        "stdev": 0.0212521441281,
        "var": 0.000451653613709
    },
    "spectral_energyband_high": {
        "dmean": 2.3746615625e-05,
        "dmean2": 3.72482500097e-05,
        "dvar": 1.38118103621e-08,
        "dvar2": 3.47391519995e-08,
        "max": 0.00196136231534,
        "mean": 4.78749789181e-05,
        "median": 2.29278193729e-05,
        "min": 8.04922749389e-21,
        "stdev": 0.000113901587611,
        "var": 1.29735724386e-08
    },
    "spectral_energyband_low": {
        "dmean": 0.000775581982452,
        "dmean2": 0.00118936412036,
        "dvar": 2.1281480258e-06,
        "dvar2": 4.92924527862e-06,
        "max": 0.0189980007708,
        "mean": 0.00237421900965,
        "median": 0.00105965498369,
        "min": 3.88306872502e-23,
        "stdev": 0.00316510279663,
        "var": 1.00178758657e-05
    },
    "spectral_energyband_middle_high": {
        "dmean": 0.000718303897884,
        "dmean2": 0.00101155112498,
        "dvar": 2.5276285669e-06,
        "dvar2": 4.68099142381e-06,
        "max": 0.0469689518213,
        "mean": 0.00244494248182,
        "median": 0.000761436182074,
        "min": 1.31614855994e-21,
        "stdev": 0.00466776220128,
        "var": 2.17880060518e-05
    },
    "spectral_energyband_middle_low": {
        "dmean": 0.00731706619263,
        "dmean2": 0.0112347863615,
        "dvar": 8.28087722766e-05,
        "dvar2": 0.000182053117896,
        "max": 0.103720374405,
        "mean": 0.0240432098508,
        "median": 0.0177713204175,
        "min": 2.67977311681e-22,
        "stdev": 0.020630043,
        "var": 0.000425598700531
    },
    "spectral_entropy": {
        "dmean": 0.200914815068,
        "dmean2": 0.298031568527,
        "dvar": 0.0571888536215,
        "dvar2": 0.110306754708,
        "max": 9.80853939056,
        "mean": 6.25017166138,
        "median": 6.21473646164,
        "min": 4.92024707794,
        "stdev": 0.599198758602,
        "var": 0.359039127827
    },
    "spectral_flux": {
        "dmean": 0.0198701675981,
        "dmean2": 0.0321060605347,
        "dvar": 0.000496313965414,
        "dvar2": 0.00132638949435,
        "max": 0.206724360585,
        "mean": 0.0575514435768,
        "median": 0.0513229854405,
        "min": 1.04662348233e-10,
        "stdev": 0.0336681678891,
        "var": 0.00113354541827
    },
    "spectral_kurtosis": {
        "dmean": 6.13096475601,
        "dmean2": 10.1466598511,
        "dvar": 41.5560493469,
        "dvar2": 104.57535553,
        "max": 91.7992553711,
        "mean": 19.7443332672,
        "median": 15.9050979614,
        "min": -1.18800890446,
        "stdev": 13.609623909,
        "var": 185.221862793
    },
    "spectral_rms": {
        "dmean": 0.000690610730089,
        "dmean2": 0.00103135977406,
        "dvar": 5.36563106834e-07,
        "dvar2": 1.09794279979e-06,
        "max": 0.0101303393021,
        "mean": 0.00476123765111,
        "median": 0.00473154801875,
        "min": 3.26910265351e-12,
        "stdev": 0.00213090376928,
        "var": 4.54075052403e-06
    },
    "spectral_rolloff": {
        "dmean": 134.815505981,
        "dmean2": 227.123916626,
        "dvar": 370825.9375,
        "dvar2": 606317.0625,
        "max": 19509.0820312,
        "mean": 681.768493652,
        "median": 473.73046875,
        "min": 172.265625,
        "stdev": 693.047668457,
        "var": 480315.0625
    },
    "spectral_skewness": {
        "dmean": 0.483869671822,
        "dmean2": 0.761833190918,
        "dvar": 0.214853227139,
        "dvar2": 0.478678971529,
        "max": 7.6309967041,
        "mean": 3.48589944839,
        "median": 3.29334044456,
        "min": -0.0452212840319,
        "stdev": 1.18757152557,
        "var": 1.41032624245
    },
    "spectral_spread": {
        "dmean": 477150.8125,
        "dmean2": 730007.375,
        "dvar": 985531285504,
        "dvar2": 1.20192080282e+12,
        "max": 40381980,
        "mean": 2992718.75,
        "median": 2688357.75,
        "min": 952676.375,
        "stdev": 1691092,
        "var": 2.8597920727e+12
    },
    "spectral_strongpeak": {
        "dmean": 0.38147187233,
        "dmean2": 0.590757787228,
        "dvar": 0.247555434704,
        "dvar2": 0.529237926006,
        "max": 10.9139404297,
        "mean": 1.35991299152,
        "median": 1.13561844826,
        "min": 0,
        "stdev": 1.1969653368,
        "var": 1.43272590637
    },
    "zerocrossingrate": {
        "dmean": 0.00398032367229,
        "dmean2": 0.00498568825424,
        "dvar": 0.000239864195464,
        "dvar2": 0.000268751493422,
        "max": 0.5166015625,
        "mean": 0.0269672479481,
        "median": 0.02197265625,
        "min": 0.001953125,
        "stdev": 0.0212460570037,
        "var": 0.000451394967968
    },
    "barkbands": {
        "dmean": [5.1238157539e-06, 6.24746608082e-05, 0.000290549447527, 0.00182067835703, 0.0041616265662, 0.00143277004827, 0.000973861373495, 0.000562068074942, 0.00108089111745, 0.00032903731335, 0.000187307989108, 0.000237457090407, 0.000244138966082, 0.000174575106939, 3.19929604302e-05, 1.18092539196e-05, 4.05072250942e-06, 6.53099050396e-06, 5.22269101566e-06, 6.10446704741e-06, 6.58494309391e-06, 3.20179401569e-06, 7.5602324614e-06, 4.52907897852e-06, 2.46426270678e-06, 5.72098826979e-07, 6.51999485513e-08],
        "dmean2": [8.78638456925e-06, 0.000103185782791, 0.000451891857665, 0.0026987735182, 0.00648775789887, 0.00244737439789, 0.00149546016473, 0.000856410712004, 0.00161029642913, 0.000491591403261, 0.000266533548711, 0.00033453994547, 0.000334492127877, 0.000236159321503, 4.96298926009e-05, 1.87484929484e-05, 5.9871895246e-06, 1.02255417005e-05, 8.0246672951e-06, 9.40494282986e-06, 1.07093910628e-05, 5.35183608008e-06, 1.24947882796e-05, 7.29164548829e-06, 3.74022147298e-06, 9.49391562699e-07, 1.09723764297e-07],
        "dvar": [1.0794716232e-09, 1.93500682144e-08, 3.04089041947e-07, 1.14971862786e-05, 3.84780105378e-05, 6.08237678534e-06, 7.82153620094e-06, 1.83669521903e-06, 9.27045130084e-06, 8.32220223401e-07, 4.77300432067e-07, 8.7894227363e-07, 8.09012419722e-07, 1.90495626384e-07, 8.5664400018e-09, 1.84444226559e-09, 1.31249996982e-10, 1.6561675642e-10, 1.58316845744e-10, 2.185042286e-10, 4.48534792641e-10, 6.08517403133e-10, 3.03910541177e-09, 4.89827234329e-10, 1.07451658682e-10, 1.11137739636e-11, 3.5015146029e-14],
        "dvar2": [2.85974643965e-09, 4.68213663396e-08, 7.42460827041e-07, 2.54248170677e-05, 8.61498338054e-05, 1.7398615455e-05, 1.74538417923e-05, 4.74975468023e-06, 2.15636227949e-05, 1.75507284439e-06, 8.87062185484e-07, 1.07935386495e-06, 1.16159617392e-06, 2.99798387005e-07, 1.81979391556e-08, 3.96005628289e-09, 2.0547755164e-10, 3.51772472262e-10, 3.67050251304e-10, 4.29982549566e-10, 1.18538423521e-09, 1.59480795237e-09, 8.20726864248e-09, 1.1405445477e-09, 2.19049528516e-10, 2.42462369626e-11, 9.33853078959e-14],
        "max": [0.000844044843689, 0.00326859601773, 0.00957302562892, 0.0434046387672, 0.0665943995118, 0.030127376318, 0.0473510660231, 0.0262663885951, 0.0604370646179, 0.0219853054732, 0.019606648013, 0.0382101647556, 0.0346515476704, 0.0123477196321, 0.00240677548572, 0.00108432059642, 0.00033156061545, 0.000254386628512, 0.00020745517395, 0.000357836746844, 0.00036412809277, 0.000552208686713, 0.00103101576678, 0.000401727680583, 0.000260994624114, 0.000100898789242, 2.45115438702e-06],
        "mean": [4.4572252591e-06, 0.000189423095435, 0.00121201341972, 0.00493657821789, 0.0110280495137, 0.00253166025504, 0.00165256951004, 0.00111604202539, 0.00265666586347, 0.000628933717962, 0.00035351907718, 0.000543959788047, 0.000498404959217, 0.000386678555515, 5.00097303302e-05, 1.81948435056e-05, 7.23468247088e-06, 1.32200684675e-05, 1.11177896542e-05, 1.17965873869e-05, 1.28480060084e-05, 4.03358444601e-06, 9.18264231586e-06, 7.81113521953e-06, 4.71023304272e-06, 1.17579213565e-06, 1.40382638847e-07],
        "median": [7.06103264747e-07, 2.88257833745e-05, 0.000360928825103, 0.00103289319668, 0.0044017136097, 0.00127660669386, 0.000323707994539, 0.000282374909148, 0.000631742179394, 0.000183407231816, 5.46197225049e-05, 8.08326949482e-05, 8.03344955784e-05, 4.64577897219e-05, 1.34375222842e-05, 5.48104890186e-06, 2.78299194179e-06, 5.03787168782e-06, 3.92204674426e-06, 4.40294388682e-06, 2.71463818535e-06, 1.13428427539e-06, 3.37861297339e-06, 3.69274926015e-06, 1.87743466995e-06, 3.39213841016e-07, 1.28873232086e-08],
        "min": [3.15322356908e-24, 7.1087151289e-24, 1.83791290722e-23, 1.63485695477e-23, 3.14656357145e-23, 4.94543527915e-23, 6.97657603634e-23, 2.31638639186e-23, 6.5277848632e-23, 5.21056322524e-23, 4.68729064533e-23, 1.01305946589e-22, 5.63929966089e-23, 4.90567321854e-23, 7.57665937149e-23, 1.39206648873e-22, 2.16411329708e-22, 2.1087066101e-22, 2.45946054807e-22, 3.66783238154e-22, 5.91072397919e-22, 3.983181611e-22, 5.78425581835e-22, 8.88126112824e-22, 1.07363711716e-21, 1.81587046114e-21, 2.81303507398e-21],
        "stdev": [2.77947910945e-05, 0.000401530996896, 0.00185775489081, 0.00763909844682, 0.0129977250472, 0.0034335704986, 0.00371606322005, 0.00233929278329, 0.00570671493188, 0.00154225667939, 0.0014007454738, 0.00224419380538, 0.00180439627729, 0.000871239928529, 0.000139679628774, 6.03101580054e-05, 1.86807792488e-05, 2.3682754545e-05, 2.04813604796e-05, 2.38787124545e-05, 2.84218676825e-05, 2.12801132875e-05, 4.61676172563e-05, 2.33029822994e-05, 1.5147895283e-05, 5.02881675857e-06, 3.76499087906e-07],
        "var": [7.72550412531e-10, 1.61227134754e-07, 3.45125340573e-06, 5.83558285143e-05, 0.000168940867297, 1.17894060168e-05, 1.38091254485e-05, 5.47229046788e-06, 3.25665969285e-05, 2.37855579144e-06, 1.96208793568e-06, 5.03640558236e-06, 3.25584574057e-06, 7.59059048505e-07, 1.951039863e-08, 3.63731511577e-09, 3.48971490594e-10, 5.60872903677e-10, 4.19486140268e-10, 5.70192892901e-10, 8.07802547076e-10, 4.52843207377e-10, 2.13144879524e-09, 5.43028955136e-10, 2.29458729795e-10, 2.52889965913e-11, 1.41751573587e-13]
    },
    "erbbands": {
        "dmean": [0.000860812782776, 0.0189241543412, 0.229751825333, 2.77511334419, 16.2231044769, 10.2074966431, 4.5276927948, 16.9880046844, 17.2819824219, 7.87302064896, 13.5775899887, 20.6601524353, 17.2371616364, 10.2840185165, 4.18013238907, 8.77293682098, 9.50059223175, 8.75442314148, 3.50843501091, 1.21731221676, 0.500267922878, 0.227618545294, 0.334616094828, 0.314307183027, 0.200313135982, 0.282452076674, 0.364868164062, 0.118721649051, 0.102198570967, 0.179243281484, 0.222119092941, 0.125261411071, 0.0663205310702, 0.0372308678925, 0.0124599672854, 0.00364721752703, 0.000889755552635, 0.000171300387592, 8.96689016372e-06, 8.45137583383e-06],
        "dmean2": [0.00124761241022, 0.0313801653683, 0.370352238417, 4.2354798317, 25.2774963379, 15.451710701, 6.98947811127, 29.1866950989, 26.9411315918, 12.3781433105, 20.572883606, 31.8238105774, 24.1477279663, 15.3328847885, 6.28724813461, 12.1653337479, 12.9564189911, 12.3225221634, 4.79411745071, 1.89980840683, 0.774363458157, 0.327590256929, 0.515170097351, 0.48127630353, 0.305326253176, 0.434127181768, 0.580914437771, 0.193637982011, 0.170664593577, 0.30834877491, 0.370340764523, 0.199653252959, 0.106406733394, 0.0573086887598, 0.0191767252982, 0.00606644293293, 0.00137360650115, 0.000275026861345, 1.4267883671e-05, 1.28488090922e-05],
        "dvar": [4.92590834256e-06, 0.00161825690884, 0.161185458302, 25.0885276794, 586.9921875, 384.699127197, 52.2784614563, 872.216247559, 2007.3326416, 525.14465332, 996.344909668, 4429.94873047, 2165.3894043, 1088.86315918, 87.5666275024, 1161.52587891, 1163.57922363, 341.606872559, 218.739257812, 12.1190004349, 4.43163776398, 0.395190477371, 0.432737618685, 0.365578204393, 0.439455956221, 0.611393630505, 1.12391030788, 0.295088768005, 0.516731739044, 2.05292010307, 2.41002058983, 0.484319388866, 0.0862953513861, 0.0235760789365, 0.0028944760561, 0.000599124410655, 2.10096259252e-05, 3.22476807924e-07, 3.55557222553e-10, 9.93215024114e-11],
        "dvar2": [9.9009475889e-06, 0.00397841166705, 0.403205424547, 58.0178871155, 1348.50488281, 767.119262695, 107.959983826, 2627.44946289, 4149.515625, 1491.65185547, 2493.08056641, 10685.4697266, 3949.40087891, 2197.41796875, 192.779098511, 1817.11401367, 1816.03491211, 666.413635254, 316.979492188, 25.7562274933, 9.65373897552, 0.62092256546, 0.892789900303, 0.664398670197, 1.04909527302, 1.30743360519, 2.93472552299, 0.754153907299, 1.36130321026, 5.4390501976, 6.50102853775, 1.16679775715, 0.198266386986, 0.0514269061387, 0.0048579168506, 0.00133286102209, 4.08748346672e-05, 7.20594698578e-07, 8.90174711721e-10, 2.17242696054e-10],
        "max": [0.0626904070377, 0.961386203766, 7.58362579346, 67.3166732788, 312.071838379, 330.892547607, 144.821075439, 365.57421875, 836.225341797, 522.47088623, 487.850067139, 1283.99169922, 1221.96252441, 810.143859863, 202.533218384, 1350.33850098, 1337.21166992, 327.212097168, 543.824951172, 89.7937469482, 71.4422836304, 20.5671482086, 11.9725828171, 17.6067123413, 13.8709583282, 24.4638404846, 17.4993534088, 10.3067293167, 14.8234090805, 26.737154007, 27.4085979462, 13.2389183044, 5.11286067963, 2.9147503376, 1.61610400677, 0.733930945396, 0.129869937897, 0.0096701765433, 0.000253357953625, 0.000115319038741],
        "mean": [0.00360731803812, 0.06701041013, 0.976051926613, 8.13314723969, 43.9138374329, 24.6540679932, 12.2140512466, 27.8756008148, 31.5944633484, 14.6183729172, 27.6773014069, 47.939125061, 47.5425567627, 21.8321781158, 10.8827848434, 20.8306369781, 23.1906242371, 22.958316803, 6.55989265442, 2.13045978546, 0.864836037159, 0.447224795818, 0.695289433002, 0.733528971672, 0.446018338203, 0.603311479092, 0.770314276218, 0.202397465706, 0.136547788978, 0.199132293463, 0.282679855824, 0.188129603863, 0.117714993656, 0.0677745193243, 0.0251719392836, 0.00700677745044, 0.00181938195601, 0.000407469196944, 2.8408907383e-05, 3.15491306537e-05],
        "median": [0.000779032590799, 0.02247588709, 0.437020421028, 3.69458079338, 13.9120845795, 10.4664669037, 9.03742408752, 14.4754343033, 11.7584924698, 7.50946187973, 7.70618677139, 10.7040195465, 14.893078804, 5.18579673767, 3.34371423721, 2.8474445343, 3.30868029594, 3.28678202629, 1.70794081688, 0.763544380665, 0.313239485025, 0.190660178661, 0.270076155663, 0.328295975924, 0.165158510208, 0.210220590234, 0.172217845917, 0.0584130845964, 0.043549053371, 0.0539398826659, 0.108726792037, 0.0876886323094, 0.0452873185277, 0.0266594644636, 0.00936455465853, 0.00232903007418, 0.000446612306405, 6.75677219988e-05, 1.80908446055e-05, 2.58531672443e-05],
        "min": [3.42535345246e-22, 1.37827384272e-21, 1.53183477375e-20, 4.76822447993e-20, 5.96877568017e-20, 1.44638733959e-19, 2.0749520643e-19, 4.70702474682e-19, 1.06118980105e-18, 6.20121847293e-19, 5.33985255361e-19, 1.0741538926e-18, 2.09785369694e-18, 1.6144263927e-18, 2.40831588073e-18, 3.83499915775e-18, 3.16631689711e-18, 1.97115361533e-18, 3.07226873621e-18, 4.61397623369e-18, 1.00158808783e-17, 1.35743878853e-17, 1.18661623131e-17, 1.27499493765e-17, 1.07655497044e-17, 1.8484447629e-17, 2.39520436492e-17, 2.03234885064e-17, 1.5176706215e-17, 1.25757542385e-17, 1.96950330729e-17, 1.8649698463e-17, 1.43674373714e-17, 1.27696379294e-17, 6.78822543687e-18, 6.68982361761e-18, 3.25031047087e-18, 1.399778814e-18, 3.50086487428e-19, 4.36769910368e-20],
        "stdev": [0.00862815137953, 0.11838413775, 1.33650648594, 10.410610199, 57.1330032349, 38.5278511047, 12.9908447266, 38.4460372925, 62.9696311951, 24.8861618042, 51.7437095642, 116.849334717, 98.9490203857, 65.9112701416, 23.1264533997, 85.6339797974, 85.2154922485, 46.8790779114, 22.6863117218, 5.12077569962, 3.11916303635, 1.06611132622, 1.22938489914, 1.27982020378, 0.922228455544, 1.19558501244, 1.64920961857, 0.546389102936, 0.62100315094, 1.22967910767, 1.30621242523, 0.65585821867, 0.356348395348, 0.199712097645, 0.0924650803208, 0.0364702753723, 0.00674710609019, 0.00100671255495, 3.80351157219e-05, 2.32592919929e-05],
        "var": [7.44449935155e-05, 0.0140148038045, 1.7862496376, 108.380813599, 3264.18017578, 1484.39538574, 168.762039185, 1478.09777832, 3965.17431641, 619.321044922, 2677.41162109, 13653.7666016, 9790.90917969, 4344.29589844, 534.832824707, 7333.17871094, 7261.68066406, 2197.64794922, 514.668762207, 26.2223415375, 9.72917747498, 1.13659346104, 1.51138710976, 1.63793981075, 0.850505292416, 1.42942357063, 2.71989250183, 0.298541039228, 0.385644942522, 1.51211082935, 1.70619082451, 0.430149972439, 0.12698417902, 0.0398849211633, 0.00854979176074, 0.00133008090779, 4.55234403489e-05, 1.01347006876e-06, 1.44666989499e-09, 5.40994693488e-10]
    },
    "gfcc": {
        "mean": [-101.367477417, 137.73324585, -107.504165649, -13.8477230072, -82.8912506104, 4.00883960724, -45.5990562439, -13.646062851, -32.3455238342, -12.702460289, -10.9795179367, -21.9777145386, -10.1090831757],
        "cov": [[7844.60302734, 1020.63397217, 1910.53198242, 898.72253418, 587.038513184, 231.064926147, -482.883361816, 253.063858032, -542.581359863, -26.18683815, -524.355407715, -210.820968628, -543.286987305], [1020.63397217, 1639.59887695, 1329.7130127, 492.999755859, 482.227172852, -94.9517593384, -315.331848145, -185.344039917, 139.270401001, -197.00012207, -130.137313843, -139.118499756, -86.5831222534], [1910.53198242, 1329.7130127, 2362.12744141, 887.903137207, 519.09387207, -14.4426774979, -454.937255859, -66.2977905273, 7.71153402328, -143.917526245, -371.7059021, 4.93929719925, -298.425231934], [898.72253418, 492.999755859, 887.903137207, 676.453063965, 327.13470459, 24.7255306244, -203.365737915, 21.3390655518, 38.4235458374, -38.9073562622, -168.2081604, 11.4551935196, -69.4602432251], [587.038513184, 482.227172852, 519.09387207, 327.13470459, 439.764526367, 31.8404598236, -126.299339294, 8.12780952454, 3.20671677589, -4.59391689301, -101.767883301, -37.3529853821, -27.8245639801], [231.064926147, -94.9517593384, -14.4426774979, 24.7255306244, 31.8404598236, 147.184494019, 72.515296936, 38.938117981, -52.461101532, 51.5531044006, -10.5612573624, -16.3401145935, -26.2898178101], [-482.883361816, -315.331848145, -454.937255859, -203.365737915, -126.299339294, 72.515296936, 292.6925354, 23.7080287933, -56.5378646851, 66.3286590576, 71.5398864746, -20.2062683105, 7.57821273804], [253.063858032, -185.344039917, -66.2977905273, 21.3390655518, 8.12780952454, 38.938117981, 23.7080287933, 138.230987549, -36.6862373352, 30.7084579468, -13.7437419891, 14.6094036102, -7.02765417099], [-542.581359863, 139.270401001, 7.71153402328, 38.4235458374, 3.20671677589, -52.461101532, -56.5378646851, -36.6862373352, 165.724227905, -32.8773841858, 21.1238689423, 15.3827142715, 63.2567062378], [-26.18683815, -197.00012207, -143.917526245, -38.9073562622, -4.59391689301, 51.5531044006, 66.3286590576, 30.7084579468, -32.8773841858, 136.275924683, 16.8929615021, -12.915268898, 5.86357927322], [-524.355407715, -130.137313843, -371.7059021, -168.2081604, -101.767883301, -10.5612573624, 71.5398864746, -13.7437419891, 21.1238689423, 16.8929615021, 143.391265869, 8.03803730011, 70.9892578125], [-210.820968628, -139.118499756, 4.93929719925, 11.4551935196, -37.3529853821, -16.3401145935, -20.2062683105, 14.6094036102, 15.3827142715, -12.915268898, 8.03803730011, 132.157409668, 26.8524093628], [-543.286987305, -86.5831222534, -298.425231934, -69.4602432251, -27.8245639801, -26.2898178101, 7.57821273804, -7.02765417099, 63.2567062378, 5.86357927322, 70.9892578125, 26.8524093628, 146.991287231]],
        "icov": [[0.000411618471844, -0.000573807570618, 0.000338448764523, -0.00031649498851, 0.000406164937885, -0.000437248934759, 0.000870751391631, -0.000795633473899, 0.00144866318442, -0.000321597093716, 0.0007244211738, -3.35541917593e-05, 0.000682364683598], [-0.000573807570618, 0.00421217363328, -0.00238937092945, 0.000847397197504, -0.00281741656363, 0.00128848082386, -0.00156188337132, 0.00303652370349, -0.00348151521757, 0.00320362416096, -0.00350275798701, 0.00361310248263, -0.00176533323247], [0.000338448764523, -0.00238937092945, 0.00305596645921, -0.00161414628383, 0.00109160935972, -0.000834067293908, 0.00200494611636, -0.000724394922145, 0.00183311162982, -0.00141642917879, 0.00306794443168, -0.00260011153296, 0.00346545991488], [-0.00031649498851, 0.000847397197504, -0.00161414628383, 0.00427648238838, -0.00186823797412, -0.000407492101658, -0.000429785461165, -0.000197561181267, -0.0023104143329, 0.000500294787344, 0.000320266495692, 6.4283318352e-05, -0.00153279106598], [0.000406164937885, -0.00281741656363, 0.00109160935972, -0.00186823797412, 0.00606617564335, -0.00160152185708, 0.00161090982147, -0.00218890863471, 0.00293528009206, -0.00256794900633, 0.0029444580432, -0.000845999107696, -0.000579036714043], [-0.000437248934759, 0.00128848082386, -0.000834067293908, -0.000407492101658, -0.00160152185708, 0.0108151761815, -0.00360411917791, -0.000184666641871, -0.000275118392892, -0.00134860910475, -0.00133205135353, 0.00112655735575, -0.000325179076754], [0.000870751391631, -0.00156188337132, 0.00200494611636, -0.000429785461165, 0.00161090982147, -0.00360411917791, 0.00852203089744, -0.00149000040255, 0.00384343555197, -0.00184150924906, 0.000971028523054, -0.000171764026163, 0.00329734757543], [-0.000795633473899, 0.00303652370349, -0.000724394922145, -0.000197561181267, -0.00218890863471, -0.000184666641871, -0.00149000040255, 0.0117981545627, -0.00221965974197, 0.00118963513523, -0.00125323131215, 0.000471371720778, -0.00109571137], [0.00144866318442, -0.00348151521757, 0.00183311162982, -0.0023104143329, 0.00293528009206, -0.000275118392892, 0.00384343555197, -0.00221965974197, 0.0147873144597, -0.00150298734661, 0.00282125524245, -0.00137322000228, -0.00127973267809], [-0.000321597093716, 0.00320362416096, -0.00141642917879, 0.000500294787344, -0.00256794900633, -0.00134860910475, -0.00184150924906, 0.00118963513523, -0.00150298734661, 0.0119864195585, -0.00283047859557, 0.00340753584169, -0.00160318810958], [0.0007244211738, -0.00350275798701, 0.00306794443168, 0.000320266495692, 0.0029444580432, -0.00133205135353, 0.000971028523054, -0.00125323131215, 0.00282125524245, -0.00283047859557, 0.017021657899, -0.00304230768234, -0.0015626673121], [-3.35541917593e-05, 0.00361310248263, -0.00260011153296, 6.4283318352e-05, -0.000845999107696, 0.00112655735575, -0.000171764026163, 0.000471371720778, -0.00137322000228, 0.00340753584169, -0.00304230768234, 0.0126301245764, -0.0035544349812], [0.000682364683598, -0.00176533323247, 0.00346545991488, -0.00153279106598, -0.000579036714043, -0.000325179076754, 0.00329734757543, -0.00109571137, -0.00127973267809, -0.00160318810958, -0.0015626673121, -0.0035544349812, 0.0162252169102]]
    },
    "melbands": {
        "dmean": [1.21295888675e-05, 0.000100101307908, 0.000876685779076, 0.00102134048939, 0.000184051445103, 0.000348948058672, 0.000241425179411, 9.47031876422e-05, 0.000112854017061, 0.000149914718349, 8.79875515238e-05, 4.43558819825e-05, 1.72205964191e-05, 2.02148639801e-05, 3.03520791931e-05, 2.42314272327e-05, 1.51723825184e-05, 7.31094860384e-06, 2.91555261356e-06, 1.03334127743e-06, 4.85172392928e-07, 2.5040054652e-07, 2.21475033868e-07, 3.97445290901e-07, 2.66814993211e-07, 1.76002430408e-07, 1.57196666351e-07, 2.25591520575e-07, 2.9642563959e-07, 1.11026132288e-07, 6.29108072303e-08, 5.35635429344e-08, 7.3188225258e-08, 1.19082208982e-07, 1.44750657682e-07, 1.02789165624e-07, 6.96409045986e-08, 4.72376093796e-08, 4.30442916866e-08, 3.05524565647e-08],
        "dmean2": [1.90333939827e-05, 0.000156440597493, 0.00133411900606, 0.00158844387624, 0.000280159816612, 0.000594485376496, 0.000377565913368, 0.000146661550389, 0.000170382671058, 0.000225951676839, 0.000123248930322, 6.65759434924e-05, 2.48498163273e-05, 3.08414091705e-05, 3.69641202269e-05, 3.4537861211e-05, 2.12270078919e-05, 9.85240058071e-06, 4.53800748801e-06, 1.63606273418e-06, 7.43822397453e-07, 3.5702180412e-07, 3.44015660403e-07, 6.22109610049e-07, 4.07955269566e-07, 2.74571448244e-07, 2.38043568856e-07, 3.46787544458e-07, 4.83407688989e-07, 1.76244085992e-07, 1.03925835049e-07, 8.96490206514e-08, 1.25963907749e-07, 2.04535638204e-07, 2.48019489391e-07, 1.69902079961e-07, 1.08783446251e-07, 7.63229550671e-08, 6.96056332572e-08, 4.65638585467e-08],
        "dvar": [7.61386287351e-10, 3.08068912602e-08, 1.88614262697e-06, 2.4383436994e-06, 8.14610814359e-08, 3.46577138544e-07, 3.82480521921e-07, 6.33332035704e-08, 7.91680605516e-08, 2.21756366159e-07, 5.69506326542e-08, 1.79062507044e-08, 2.53592680188e-09, 2.72235567422e-09, 2.07363672899e-08, 3.98402910662e-09, 1.09900732959e-09, 1.11934850278e-09, 9.50593978533e-11, 1.21680400131e-11, 5.14972569796e-12, 6.66389090177e-13, 2.48246491722e-13, 7.60614498902e-13, 3.05548229947e-13, 2.75078706558e-13, 2.46577416688e-13, 4.05277943366e-13, 7.36266679135e-13, 2.27173179356e-13, 9.34225095829e-14, 1.19655492654e-13, 3.4197639295e-13, 9.68130415245e-13, 1.17338430639e-12, 4.33542768742e-13, 1.24764646314e-13, 4.18556858552e-14, 3.31367556007e-14, 1.3865222074e-14],
        "dvar2": [1.66551250569e-09, 7.45265964497e-08, 4.23218170909e-06, 5.37567802894e-06, 1.64949469195e-07, 1.021012622e-06, 8.12483904156e-07, 1.78502332915e-07, 2.02694067752e-07, 5.32058948011e-07, 1.03517024286e-07, 3.69102117759e-08, 4.96189933585e-09, 5.75199221586e-09, 2.95688415974e-08, 7.10970260442e-09, 2.11755035728e-09, 1.58924584603e-09, 1.97778418642e-10, 2.5350445701e-11, 1.13893434614e-11, 9.58962293254e-13, 5.24179766433e-13, 1.6263696119e-12, 5.45279967012e-13, 6.70745468716e-13, 4.86194201219e-13, 8.53334438701e-13, 1.95654451841e-12, 6.07488180853e-13, 2.38113185853e-13, 3.15284040195e-13, 9.00695533781e-13, 2.62321262802e-12, 3.24027653667e-12, 1.13948661704e-12, 2.88333674428e-13, 9.87220017106e-14, 7.17642159348e-14, 3.04695877632e-14],
        "max": [0.000623145373538, 0.00282186013646, 0.0200756583363, 0.016753397882, 0.00432391045615, 0.0071843941696, 0.0111453644931, 0.00470389099792, 0.00362923019566, 0.00927149876952, 0.00624459143728, 0.0033814124763, 0.00141732592601, 0.000991779845208, 0.00607995036989, 0.00144505291246, 0.000549098476768, 0.00123633595649, 0.000268370582489, 6.50160145597e-05, 7.76663873694e-05, 2.96188318316e-05, 9.05579781829e-06, 1.95165830519e-05, 1.64559860423e-05, 1.03293668872e-05, 1.2078362488e-05, 1.99660735234e-05, 1.65019100677e-05, 1.11043382276e-05, 5.43928717889e-06, 6.82478685121e-06, 1.32105797093e-05, 1.91994804482e-05, 2.21038899326e-05, 1.23168565551e-05, 6.63084756525e-06, 3.30729403686e-06, 4.01550369133e-06, 2.04000639314e-06],
        "mean": [4.15596405219e-05, 0.000394635775592, 0.00266462936997, 0.00267766346224, 0.000471056147944, 0.000597073230892, 0.000440194999101, 0.000180372779141, 0.000219132256461, 0.000354895193595, 0.000237322732573, 8.85573754204e-05, 3.68354412785e-05, 4.54114124295e-05, 6.77873467794e-05, 5.48912321392e-05, 3.77960677724e-05, 1.18503685371e-05, 4.50375409855e-06, 1.53454357132e-06, 7.89245632404e-07, 4.46656429176e-07, 3.90610580325e-07, 7.96963092853e-07, 5.78003039209e-07, 3.59779107839e-07, 2.85491211116e-07, 4.24793114462e-07, 5.91747095768e-07, 2.02048013875e-07, 8.70424798904e-08, 7.13692429599e-08, 8.34869240407e-08, 1.2252009185e-07, 1.7369639238e-07, 1.40243500368e-07, 1.02789449841e-07, 8.00016977109e-08, 7.52444790919e-08, 5.15211837637e-08],
        "median": [5.85544830756e-06, 0.000165822028066, 0.00122640375048, 0.000993834226392, 0.000329474685714, 0.00032427709084, 0.000175728273462, 6.74122129567e-05, 5.24749884789e-05, 7.6976211858e-05, 7.33459964977e-05, 1.74625911313e-05, 9.35579100769e-06, 9.71099234448e-06, 4.10895017922e-06, 8.00550969871e-06, 4.86062299387e-06, 2.01037346415e-06, 1.14044678412e-06, 3.81960489904e-07, 2.6764180916e-07, 1.62931740988e-07, 1.59984182346e-07, 2.66438718199e-07, 2.43446038439e-07, 1.2461686083e-07, 8.77613572925e-08, 1.38844868047e-07, 1.08934628429e-07, 4.7487144883e-08, 2.01960794755e-08, 2.17253557366e-08, 2.13304236496e-08, 2.86329715493e-08, 5.85903165984e-08, 6.10835186876e-08, 4.4782666464e-08, 2.96798923216e-08, 2.70267648261e-08, 1.84798558678e-08],
        "min": [2.62298933113e-24, 6.1804155645e-24, 8.01916237658e-24, 7.60589471441e-24, 7.22089824937e-24, 1.11768163857e-23, 1.50668551702e-23, 6.21060014375e-24, 4.27024291948e-24, 8.03841768242e-24, 1.06527532094e-23, 6.52182036478e-24, 7.2793962298e-24, 7.94294973567e-24, 1.29302845729e-23, 4.23825894851e-24, 3.6947349681e-24, 4.7685714809e-24, 6.23601724211e-24, 6.25458899998e-24, 1.24386861783e-23, 1.54125150862e-23, 7.32377438888e-24, 1.28409042658e-23, 1.00997569817e-23, 8.91236591374e-24, 7.7651128775e-24, 1.35680809814e-23, 1.40780574685e-23, 1.48818104899e-23, 1.10544585373e-23, 8.8816050716e-24, 7.04735673883e-24, 6.78028945709e-24, 1.24261298793e-23, 9.42461984229e-24, 1.19393009377e-23, 7.95376107437e-24, 1.46172044542e-23, 9.07845426644e-24],
        "stdev": [8.93236501724e-05, 0.000534848601092, 0.00344475009479, 0.00326694315299, 0.000553447229322, 0.00078614539234, 0.000850885116961, 0.00034168586717, 0.000438930088421, 0.000844148220494, 0.000501718313899, 0.000262254121481, 0.000108724190795, 9.97473398456e-05, 0.000406160805142, 0.000132502551423, 8.03522343631e-05, 5.17684638908e-05, 1.44646619447e-05, 4.61524814455e-06, 3.4017211874e-06, 1.37617269047e-06, 6.81188510043e-07, 1.65817982634e-06, 1.14839667731e-06, 7.05358104369e-07, 7.77225125148e-07, 9.64655782809e-07, 1.34863500989e-06, 5.49136416339e-07, 2.95847570442e-07, 3.01369965428e-07, 4.99938380472e-07, 8.2111989741e-07, 8.83539996721e-07, 5.68442942495e-07, 3.48046484078e-07, 2.4002284249e-07, 2.4968611001e-07, 1.47201333789e-07],
        "var": [7.97871457792e-09, 2.86062999066e-07, 1.18663028843e-05, 1.06729175968e-05, 3.06303860498e-07, 6.18024557753e-07, 7.24005531083e-07, 1.16749227175e-07, 1.92659612708e-07, 7.12586199825e-07, 2.51721246514e-07, 6.8777218587e-08, 1.18209495525e-08, 9.94953186506e-09, 1.64966593275e-07, 1.75569265792e-08, 6.45648112751e-09, 2.67997379844e-09, 2.09226441727e-10, 2.13005151711e-11, 1.15717062668e-11, 1.89385117831e-12, 4.64017821562e-13, 2.74956034503e-12, 1.31881495741e-12, 4.97530022823e-13, 6.04078852912e-13, 9.30560749984e-13, 1.8188164733e-12, 3.01550776537e-13, 8.75257779123e-14, 9.08238531583e-14, 2.49938389213e-13, 6.74237900754e-13, 7.80642965634e-13, 3.23127375551e-13, 1.21136363744e-13, 5.76109662363e-14, 6.23431563535e-14, 2.16682344268e-14]
    },
    "melbands128": {
