{
"lowlevel": {
    "average_loudness": 0.909264564514,
    "barkbands_crest": {
        "dmean": 2.32028508186,
        "dmean2": 3.83649110794,
        "dvar": 4.45362949371,
        "dvar2": 12.2957029343,
        "max": 21.2380313873,
        "mean": 10.5643444061,
        "median": 10.0663089752,
        "min": 4.1514043808,
        "stdev": 3.15099334717,
        "var": 9.92875957489
    },
    "barkbands_flatness_db": {
        "dmean": 0.019463872537,
        "dmean2": 0.0306825172156,
        "dvar": 0.000293895776849,
        "dvar2": 0.000714685767889,
        "max": 0.286174505949,
        "mean": 0.181447058916,
        "median": 0.179342105985,
        "min": 0.0748773738742,
        "stdev": 0.0383520051837,
        "var": 0.00147087615915
    },
    "barkbands_kurtosis": {
        "dmean": 4.34218549728,
        "dmean2": 7.02238607407,
        "dvar": 23.2415943146,
        "dvar2": 58.0629653931,
        "max": 54.9719810486,
        "mean": 13.027882576,
        "median": 11.5062932968,
        "min": 0.364653587341,
        "stdev": 8.20625019073,
        "var": 67.3425445557
    },
    "barkbands_skewness": {
        "dmean": 0.492822319269,
        "dmean2": 0.77537471056,
        "dvar": 0.220276609063,
        "dvar2": 0.521554231644,
        "max": 6.24984788895,
        "mean": 2.86323356628,
        "median": 2.85962867737,
        "min": -1.69279110432,
        "stdev": 0.862039685249,
        "var": 0.743112444878
    },
    "barkbands_spread": {
        "dmean": 2.36431026459,
        "dmean2": 3.81163263321,
        "dvar": 6.1720199585,
        "dvar2": 15.2890024185,
        "max": 27.9486980438,
        "mean": 9.72252750397,
        "median": 8.87431430817,
        "min": 2.01868987083,
        "stdev": 4.78645801544,
        "var": 22.9101791382
    },
    "dissonance": {
        "dmean": 0.0204862840474,
        "dmean2": 0.0341252237558,
        "dvar": 0.000542150053661,
        "dvar2": 0.00128876022063,
        "max": 0.499073177576,
        "mean": 0.44810256362,
        "median": 0.451484650373,
        "min": 0.0150896944106,
        "stdev": 0.0287936273962,
        "var": 0.000829072960187
    },
    "dynamic_complexity": 1.95325899124,
    "erbbands_crest": {
        "dmean": 2.23167395592,
        "dmean2": 3.69770812988,
        "dvar": 3.80441045761,
        "dvar2": 10.3183012009,
        "max": 23.9715328217,
        "mean": 8.12669849396,
        "median": 7.41604280472,
        "min": 3.05219244957,
        "stdev": 3.05755019188,
        "var": 9.34861278534
    },
    "erbbands_flatness_db": {
        "dmean": 0.0137282125652,
        "dmean2": 0.0199904590845,
        "dvar": 0.000161735209986,
        "dvar2": 0.000346916727722,
        "max": 0.233974590898,
        "mean": 0.146495938301,
        "median": 0.145779326558,
        "min": 0.0718504190445,
        "stdev": 0.0277560576797,
        "var": 0.000770398706663
    },
    "erbbands_kurtosis": {
        "dmean": 0.873357534409,
        "dmean2": 1.39359617233,
        "dvar": 1.04188072681,
        "dvar2": 2.62246417999,
        "max": 15.0712089539,
        "mean": 1.01853084564,
        "median": 0.570068120956,
        "min": -1.47621488571,
        "stdev": 1.81247639656,
        "var": 3.28507089615
    },
    "erbbands_skewness": {
        "dmean": 0.290250390768,
        "dmean2": 0.465793281794,
        "dvar": 0.0628001764417,
        "dvar2": 0.16312764585,
        "max": 3.42463898659,
        "mean": 1.03350710869,
        "median": 0.942106544971,
        "min": -0.626411497593,
        "stdev": 0.529212892056,
        "var": 0.280066281557
    },
    "erbbands_spread": {
        "dmean": 6.70598745346,
        "dmean2": 10.3673744202,
        "dvar": 41.9572296143,
        "dvar2": 95.3742980957,
        "max": 96.694984436,
        "mean": 40.4402008057,
        "median": 37.8525619507,
        "min": 12.7066783905,
        "stdev": 13.1811361313,
        "var": 173.742355347
    },
    "hfc": {
        "dmean": 3.06391620636,
        "dmean2": 4.55539703369,
        "dvar": 24.1542720795,
        "dvar2": 57.9991950989,
        "max": 72.1222305298,
        "mean": 11.7749004364,
        "median": 9.87945842743,
        "min": 1.15300229128e-16,
        "stdev": 7.55092382431,
        "var": 57.0164527893
    },
    "loudness_ebu128": {
        "integrated": -9.70543384552,
        "loudness_range": 2.97608947754,
        "momentary": {
            "dmean": 0.443924427032,
            "dmean2": 0.506145834923,
            "dvar": 0.155463397503,
            "dvar2": 0.194264516234,
            "max": -5.52408599854,
            "mean": -10.00532341,
            "median": -10.3450660706,
            "min": -14.2429504395,
            "stdev": 1.56591153145,
            "var": 2.45207881927
        },
        "short_term": {
            "dmean": 0.0765347853303,
            "dmean2": 0.0623484030366,
            "dvar": 0.00438443105668,
            "dvar2": 0.00323460926302,
            "max": -7.39592456818,
            "mean": -9.70316696167,
            "median": -9.715051651,
            "min": -11.6316719055,
            "stdev": 0.998300850391,
            "var": 0.996604561806
        }
    },
    "melbands_crest": {
        "dmean": 2.87099218369,
        "dmean2": 4.73026847839,
        "dvar": 6.1209692955,
        "dvar2": 16.8800086975,
        "max": 27.2282810211,
        "mean": 14.2878875732,
        "median": 13.9701509476,
        "min": 1.72814416885,
        "stdev": 3.77389907837,
        "var": 14.2423143387
    },
    "melbands_flatness_db": {
        "dmean": 0.0213879756629,
        "dmean2": 0.0338773466647,
        "dvar": 0.000438206101535,
        "dvar2": 0.000944392057136,
        "max": 0.387631714344,
        "mean": 0.261092960835,
        "median": 0.25965359807,
        "min": 0.00416239956394,
        "stdev": 0.0462135002017,
        "var": 0.00213568750769
    },
    "melbands_kurtosis": {
        "dmean": 9.19400596619,
        "dmean2": 14.6687870026,
        "dvar": 102.552749634,
        "dvar2": 259.870727539,
        "max": 115.402526855,
        "mean": 26.8673725128,
        "median": 24.6930465698,
        "min": -1.16713011265,
        "stdev": 15.9372577667,
        "var": 253.996185303
    },
    "melbands_skewness": {
        "dmean": 0.679996192455,
        "dmean2": 1.06700742245,
        "dvar": 0.383946150541,
        "dvar2": 0.931186079979,
        "max": 8.47001075745,
        "mean": 3.72656106949,
        "median": 3.69327282906,
        "min": -0.0383833646774,
        "stdev": 1.12771046162,
        "var": 1.27173101902
    },
    "melbands_spread": {
        "dmean": 2.1159157753,
        "dmean2": 3.3846745491,
        "dvar": 13.7751159668,
        "dvar2": 19.8762302399,
        "max": 120.830360413,
        "mean": 8.14552211761,
        "median": 7.12645673752,
        "min": 1.78389072418,
        "stdev": 5.20921802521,
        "var": 27.1359539032
    },
    "pitch_salience": {
        "dmean": 0.0722370892763,
        "dmean2": 0.120791390538,
        "dvar": 0.00368169206195,
        "dvar2": 0.0108237443492,
        "max": 0.836067855358,
        "mean": 0.58944016695,
        "median": 0.593671679497,
        "min": 0.194302514195,
        "stdev": 0.0907024294138,
        "var": 0.00822693109512
    },
    "silence_rate_20dB": {
        "dmean": 0,
        "dmean2": 0,
        "dvar": 0,
        "dvar2": 0,
        "max": 1,
        "mean": 1,
        "median": 1,
        "min": 1,
        "stdev": 0,
        "var": 0
    },
    "silence_rate_30dB": {
        "dmean": 0.0340557284653,
        "dmean2": 0.0681642144918,
        "dvar": 0.0328958369792,
        "dvar2": 0.0790096074343,
        "max": 1,
        "mean": 0.96210360527,
        "median": 1,
        "min": 0,
        "stdev": 0.190943330526,
        "var": 0.0364593565464
    },
    "silence_rate_60dB": {
        "dmean": 0.000773993786424,
        "dmean2": 0.00154918665066,
        "dvar": 0.000773391744588,
        "dvar2": 0.00154677091632,
        "max": 1,
        "mean": 0.00154679035768,
        "median": 0,
        "min": 0,
        "stdev": 0.0392987206578,
        "var": 0.00154438940808
    },
    "spectral_centroid": {
        "dmean": 113.548530579,
        "dmean2": 180.496337891,
        "dvar": 99428.875,
        "dvar2": 113177.617188,
        "max": 11450.8642578,
        "mean": 606.968444824,
        "median": 561.70892334,
        "min": 239.714370728,
        "stdev": 377.568817139,
        "var": 142558.21875
    },
    "spectral_complexity": {
        "dmean": 2.11532497406,
        "dmean2": 3.38419818878,
        "dvar": 4.56021738052,
        "dvar2": 9.97324085236,
        "max": 36,
        "mean": 13.7664346695,
        "median": 13,
        "min": 0,
        "stdev": 4.13625860214,
        "var": 17.1086349487
    },
    "spectral_decrease": {
        "dmean": 3.61281071726e-09,
        "dmean2": 5.70571989655e-09,
        "dvar": 3.72045093837e-17,
        "dvar2": 9.39625228918e-17,
        "max": -2.82102604812e-29,
        "mean": -9.99030902449e-09,
        "median": -7.74568587047e-09,
        "min": -6.96761333074e-08,
        "stdev": 7.95407206766e-09,
        "var": 6.32672664931e-17
    },
    "spectral_energy": {
        "dmean": 0.0138790467754,
        "dmean2": 0.021892759949,
        "dvar": 0.000547395960893,
        "dvar2": 0.00138228200376,
        "max": 0.268598645926,
        "mean": 0.0387738235295,
        "median": 0.0302685741335,
        "min": 1.0564541565e-20,
        "stdev": 0.0305870752782,
        "var": 0.000935569172725
    },
    "spectral_energyband_high": {
        "dmean": 9.91365377558e-05,
        "dmean2": 0.000141528551467,
        "dvar": 4.54194406529e-08,
        "dvar2": 1.11695428018e-07,
        "max": 0.00324091967195,
        "mean": 0.000253384729149,
        "median": 0.000159533141414,
        "min": 7.46484377816e-21,
        "stdev": 0.000295208708849,
        "var": 8.71481873332e-08
    },
    "spectral_energyband_low": {
        "dmean": 0.00989481527358,
        "dmean2": 0.0157611779869,
        "dvar": 0.000387078092899,
        "dvar2": 0.00102823739871,
        "max": 0.22457882762,
        "mean": 0.0192850008607,
        "median": 0.013741758652,
        "min": 3.09931269649e-23,
        "stdev": 0.0227301511914,
        "var": 0.000516659813002
    },
    "spectral_energyband_middle_high": {
        "dmean": 0.000511540740263,
        "dmean2": 0.000774223357439,
        "dvar": 4.69823845606e-07,
        "dvar2": 1.0177926697e-06,
        "max": 0.0096941376105,
        "mean": 0.00182403542567,
        "median": 0.00135446875356,
        "min": 1.71984177944e-21,
        "stdev": 0.00143100321293,
        "var": 2.04777006729e-06
    },
    "spectral_energyband_middle_low": {
        "dmean": 0.00763773033395,
        "dmean2": 0.0124736567959,
        "dvar": 0.000136057642521,
        "dvar2": 0.000345321052009,
        "max": 0.160201519728,
        "mean": 0.0201141294092,
        "median": 0.0162112116814,
        "min": 3.2594518389e-22,
        "stdev": 0.0151386400685,
        "var": 0.000229178433074
    },
    "spectral_entropy": {
        "dmean": 0.160818189383,
        "dmean2": 0.252325564623,
        "dvar": 0.024197306484,
        "dvar2": 0.0474869981408,
        "max": 9.79587936401,
        "mean": 7.17936515808,
        "median": 7.21299409866,
        "min": 6.03151082993,
        "stdev": 0.381453186274,
        "var": 0.145506531
    },
    "spectral_flux": {
        "dmean": 0.0264882221818,
        "dmean2": 0.0430985763669,
        "dvar": 0.00146611302625,
        "dvar2": 0.00335699296556,
        "max": 0.375403255224,
        "mean": 0.0834338441491,
        "median": 0.0682435035706,
        "min": 1.02783954958e-10,
        "stdev": 0.0516850724816,
        "var": 0.00267134653404
    },
    "spectral_kurtosis": {
        "dmean": 1.49581491947,
        "dmean2": 2.40898156166,
        "dvar": 3.01753950119,
        "dvar2": 7.62043190002,
        "max": 26.8631286621,
        "mean": 5.12940454483,
        "median": 4.57051610947,
        "min": -1.19923138618,
        "stdev": 3.0593252182,
        "var": 9.35947132111
    },
    "spectral_rms": {
        "dmean": 0.000987075618468,
        "dmean2": 0.00153643626254,
        "dvar": 1.68724261584e-06,
        "dvar2": 3.88899843529e-06,
        "max": 0.0161878801882,
        "mean": 0.00579835195094,
        "median": 0.00543418014422,
        "min": 3.21043148663e-12,
        "stdev": 0.00205114483833,
        "var": 4.2071947064e-06
    },
    "spectral_rolloff": {
        "dmean": 110.848892212,
        "dmean2": 175.70111084,
        "dvar": 268988.25,
        "dvar2": 285343.1875,
        "max": 18669.2871094,
        "mean": 440.68939209,
        "median": 366.064453125,
        "min": 150.732421875,
        "stdev": 548.81842041,
        "var": 301201.65625
    },
    "spectral_skewness": {
        "dmean": 0.193064823747,
        "dmean2": 0.303244352341,
        "dvar": 0.0403282158077,
        "dvar2": 0.0869242474437,
        "max": 3.8698952198,
        "mean": 1.89207720757,
        "median": 1.89183568954,
        "min": -0.0591792352498,
        "stdev": 0.432541251183,
        "var": 0.187091946602
    },
    "spectral_spread": {
        "dmean": 516635.59375,
        "dmean2": 725529.625,
        "dvar": 1.02337465549e+12,
        "dvar2": 956919906304,
        "max": 40090816,
        "mean": 4779405,
        "median": 4670189,
        "min": 2077554,
        "stdev": 1529425.875,
        "var": 2.33914368e+12
    },
    "spectral_strongpeak": {
        "dmean": 0.255808532238,
        "dmean2": 0.439999878407,
        "dvar": 0.0911112874746,
        "dvar2": 0.231393679976,
        "max": 3.41038036346,
        "mean": 0.586865067482,
        "median": 0.476419121027,
        "min": 0,
        "stdev": 0.397656828165,
        "var": 0.158130958676
    },
    "zerocrossingrate": {
        "dmean": 0.00565302697942,
        "dmean2": 0.00715931504965,
        "dvar": 0.000204372467124,
        "dvar2": 0.000223717099288,
        "max": 0.49267578125,
        "mean": 0.0308274272829,
        "median": 0.02783203125,
        "min": 0.00439453125,
        "stdev": 0.0181584749371,
        "var": 0.000329730217345
    },
    "barkbands": {
        "dmean": [0.000187484081835, 0.00393725652248, 0.00535303307697, 0.00337228761055, 0.00461467215791, 0.0018288360443, 0.000541395856999, 0.00038376491284, 0.000364601262845, 0.000206822485779, 0.00017428836145, 0.000196753666387, 0.000133753288537, 7.27551523596e-05, 4.00691205868e-05, 3.78601471311e-05, 4.6250570449e-05, 2.91864562314e-05, 3.80389756174e-05, 3.37758210662e-05, 2.16218159039e-05, 2.10646740015e-05, 1.79455801117e-05, 2.34634171647e-05, 1.52583288582e-05, 8.36325762066e-06, 6.21603419404e-07],
        "dmean2": [0.000269529089564, 0.00620506005362, 0.00913368072361, 0.00565227866173, 0.00774384569377, 0.00300652394071, 0.000833192141727, 0.000590902927797, 0.00052306195721, 0.000338265148457, 0.000268837757176, 0.000315667683026, 0.000212197410292, 0.000122962446767, 6.43962994218e-05, 6.08231712249e-05, 7.50315230107e-05, 4.80042908748e-05, 6.11845243839e-05, 5.34430037078e-05, 3.45378175552e-05, 3.26359622704e-05, 2.77580147667e-05, 3.55103547918e-05, 2.25084186241e-05, 1.31835167849e-05, 1.0650240938e-06],
        "dvar": [3.49304372094e-07, 0.000101853343949, 0.000152106353198, 4.44251127192e-05, 5.92991891608e-05, 6.40244388705e-06, 7.27985138838e-07, 3.86026727028e-07, 5.03004230268e-07, 1.4453114261e-07, 6.07540755482e-08, 1.14743450297e-07, 3.58644705045e-08, 1.59509614406e-08, 3.87180421058e-09, 4.3825028051e-09, 3.47028783487e-09, 1.75097192301e-09, 3.33818128695e-09, 2.79003953274e-09, 3.14007486679e-09, 2.26219110111e-09, 1.40577760543e-09, 2.05385042307e-09, 1.13300313576e-09, 9.06800468048e-10, 5.55272668123e-12],
        "dvar2": [7.40422706258e-07, 0.000209486461245, 0.000462496158434, 0.000122070370708, 0.000159639341291, 1.73114640347e-05, 1.58341197221e-06, 9.21977857615e-07, 8.94146296559e-07, 3.89421245472e-07, 1.36231619763e-07, 2.76419285683e-07, 8.0166216776e-08, 4.23680575068e-08, 8.41694536291e-09, 1.01618358173e-08, 8.15542033905e-09, 4.52219683922e-09, 7.79344055957e-09, 6.56163523516e-09, 8.58957793781e-09, 5.92475224437e-09, 3.58606611073e-09, 4.9555346493e-09, 2.68093658384e-09, 2.12946993372e-09, 1.30356081832e-11],
        "max": [0.00856470130384, 0.154745772481, 0.167499870062, 0.12615865469, 0.106027893722, 0.0334753729403, 0.0184049010277, 0.0118563389406, 0.0158310420811, 0.00634627137333, 0.00290701701306, 0.00432318868116, 0.00271606910974, 0.0022192124743, 0.000876647420228, 0.00140047154855, 0.00106434407644, 0.000482723291498, 0.000896720041055, 0.00111387553625, 0.000900927290786, 0.000840834458359, 0.000664196384605, 0.000756053603254, 0.000666799081955, 0.000640535727143, 3.94752023567e-05],
        "mean": [0.000231604615692, 0.00754022877663, 0.00887486059219, 0.00485087931156, 0.00884205661714, 0.00362253934145, 0.00111612246837, 0.000745180994272, 0.000804367417004, 0.000376157200662, 0.000301169377053, 0.000357799523044, 0.000266068993369, 0.000121990749903, 7.59886315791e-05, 7.72966523073e-05, 0.000103008766018, 6.53472889098e-05, 9.41082762438e-05, 8.14605155028e-05, 4.22689736297e-05, 4.76805616927e-05, 4.32596425526e-05, 5.44175090909e-05, 2.79971045529e-05, 9.46817817749e-06, 4.92040896916e-07],
        "median": [2.22611415666e-05, 0.00496022682637, 0.00422244658694, 0.00291003729217, 0.0057338187471, 0.00237988261506, 0.00074001646135, 0.000448551611044, 0.000236261315877, 0.000212710394408, 0.000172142754309, 0.000163862292538, 0.0001295999391, 5.53185855097e-05, 4.93668121635e-05, 4.1240509745e-05, 7.22887998563e-05, 4.11901928601e-05, 5.51596676814e-05, 4.31756088801e-05, 1.84315194929e-05, 2.84188354271e-05, 2.33454957197e-05, 3.34638025379e-05, 1.62682517839e-05, 2.649961516e-06, 1.22136292191e-08],
        "min": [4.67541529104e-24, 1.40749320016e-23, 1.16980436071e-23, 4.12889679464e-24, 5.3015472866e-23, 4.05806994378e-23, 8.87732439678e-23, 5.85169825081e-23, 5.61230799616e-23, 8.68139722256e-23, 3.73068414841e-23, 7.3376465079e-23, 1.7728141805e-22, 1.36451555317e-22, 1.23053415485e-22, 1.25113604625e-22, 1.17183318474e-22, 2.898569558e-22, 3.96666298986e-22, 2.93132508227e-22, 4.84928929067e-22, 5.63426117474e-22, 5.56311576607e-22, 9.4588092948e-22, 1.13599585228e-21, 1.39328325304e-21, 2.5402468215e-21],
        "stdev": [0.000720723357517, 0.0116320680827, 0.0146564617753, 0.00675650732592, 0.00949418637902, 0.00389139773324, 0.00126395549159, 0.000907460984308, 0.00158175232355, 0.00051909731701, 0.00037079944741, 0.000522451475263, 0.000348244298948, 0.000190875696717, 8.91897288966e-05, 0.000111832749099, 0.000103361511719, 6.94761838531e-05, 0.000113292750029, 0.000115126102173, 6.78997748764e-05, 6.04483502684e-05, 5.55753722438e-05, 6.46607659291e-05, 3.97794028686e-05, 2.90799562208e-05, 2.19440630644e-06],
        "var": [5.19442153291e-07, 0.000135305002914, 0.00021481186559, 4.56503912574e-05, 9.01395760593e-05, 1.51429767357e-05, 1.59758360496e-06, 8.23485436285e-07, 2.50194057116e-06, 2.69462020697e-07, 1.37492222052e-07, 2.72955560376e-07, 1.21274084108e-07, 3.64335299707e-08, 7.95480747939e-09, 1.25065637846e-08, 1.0683601559e-08, 4.8269397368e-09, 1.28352466433e-08, 1.32540192155e-08, 4.61037963362e-09, 3.65400287805e-09, 3.08862180276e-09, 4.18101420152e-09, 1.58240098802e-09, 8.45643832736e-10, 4.81541889696e-12]
    },
    "erbbands": {
        "dmean": [0.0997735634446, 1.06235086918, 5.14244604111, 9.33863925934, 13.1834335327, 16.3892650604, 15.0816278458, 16.932636261, 8.64174747467, 7.58507871628, 8.07623958588, 8.94125270844, 6.5726518631, 5.1188044548, 8.12592411041, 9.23819351196, 6.04518604279, 4.08543109894, 2.42716288567, 1.69937288761, 2.08826398849, 2.35552215576, 1.63649308681, 1.66955053806, 1.97581207752, 1.56389546394, 0.953139483929, 0.885283470154, 0.80512201786, 0.618041872978, 0.49903601408, 0.509553849697, 0.398422181606, 0.212145403028, 0.0922492370009, 0.0397917740047, 0.0152782006189, 0.0025064193178, 7.45117795304e-05, 1.63972763403e-05],
        "dmean2": [0.13740055263, 1.73716509342, 8.8050403595, 15.6071977615, 22.4760093689, 27.065404892, 24.3976554871, 28.5436344147, 13.4088153839, 11.8953857422, 11.9962863922, 12.9174585342, 10.4395027161, 8.15326118469, 12.5877656937, 14.6457843781, 9.5135679245, 6.75793504715, 3.95473766327, 2.7526140213, 3.28647732735, 3.87308859825, 2.66908431053, 2.70713400841, 3.12858486176, 2.48006176949, 1.54236638546, 1.4179661274, 1.24553179741, 0.954504728317, 0.770510077477, 0.778996050358, 0.613717854023, 0.323016494513, 0.136053040624, 0.0598849020898, 0.0247019082308, 0.0041453493759, 0.000122871555504, 2.54070419032e-05],
        "dvar": [0.103056997061, 6.83350419998, 112.496032715, 427.469390869, 436.517364502, 837.161071777, 402.717071533, 607.166992188, 186.887130737, 157.565765381, 228.432907104, 325.782928467, 148.313980103, 109.963668823, 139.831069946, 264.201080322, 65.0486450195, 42.357383728, 12.9979562759, 7.12618160248, 12.2455015182, 8.85868549347, 5.40466117859, 4.70358037949, 11.3300933838, 6.45046520233, 4.55492258072, 5.47119617462, 3.36913943291, 1.34967029095, 1.0691485405, 1.201851964, 0.578452169895, 0.172430858016, 0.0563303008676, 0.0137040326372, 0.00390578154474, 0.000104403858131, 8.01956403507e-08, 7.4979389364e-10],
        "dvar2": [0.207364633679, 16.2976398468, 332.694793701, 1211.62854004, 1202.77539062, 2216.43920898, 1091.48352051, 1635.16638184, 382.896484375, 384.861083984, 505.041351318, 559.815429688, 399.928436279, 270.227478027, 313.956970215, 638.629333496, 143.93927002, 108.293777466, 29.7183799744, 16.2403392792, 28.0852775574, 22.2096309662, 13.8822622299, 11.4986972809, 25.9038410187, 15.3708143234, 11.9732875824, 15.2440252304, 8.9536781311, 3.2773411274, 2.776668787, 3.05746865273, 1.44135141373, 0.404637992382, 0.135113343596, 0.0307480823249, 0.00950741954148, 0.000246646552114, 1.79949850576e-07, 1.81337211913e-09],
        "max": [4.83691453934, 41.0739479065, 130.497573853, 363.549591064, 236.825637817, 438.881378174, 257.790527344, 362.449859619, 304.339172363, 255.729156494, 298.681518555, 457.09777832, 149.407058716, 246.029891968, 134.208511353, 207.00982666, 105.621788025, 126.339378357, 53.38306427, 40.3660888672, 71.0366134644, 39.3983345032, 28.0338497162, 30.4534435272, 59.7829971313, 63.3602027893, 27.0006370544, 35.6839599609, 33.4251747131, 16.0342674255, 17.8684120178, 17.2569351196, 14.8396196365, 7.72092103958, 4.74624633789, 2.25702762604, 1.40577697754, 0.21603384614, 0.00535745033994, 0.000303231703583],
        "mean": [0.137579247355, 2.02192759514, 9.27906990051, 14.6061382294, 22.8670578003, 29.4007434845, 28.4639110565, 31.467798233, 19.3905563354, 14.9231243134, 17.6135921478, 19.4728565216, 12.7725715637, 10.4767456055, 15.0643959045, 17.2264938354, 13.0677518845, 7.79506015778, 4.84131765366, 3.39527106285, 4.94724273682, 5.55654525757, 3.88746452332, 4.02588367462, 5.33721733093, 3.71820926666, 1.92732656002, 1.65344774723, 1.78387343884, 1.43709409237, 1.18240690231, 1.13317346573, 0.854636728764, 0.41649082303, 0.150729507208, 0.054236933589, 0.0154464272782, 0.00218444946222, 8.10895217001e-05, 4.53488137282e-05],
        "median": [0.0535130798817, 1.49275457859, 5.46454048157, 8.0528011322, 13.3369235992, 19.2109031677, 19.2925300598, 18.6709632874, 13.4019060135, 9.91201114655, 9.15784358978, 6.80395269394, 6.56472826004, 5.81502485275, 8.50230503082, 8.13016891479, 7.15927219391, 4.24234342575, 3.21400785446, 2.25106501579, 2.88707542419, 4.03587865829, 2.57132816315, 2.76549601555, 2.69125676155, 2.19435238838, 0.860682547092, 0.834686100483, 1.06517291069, 0.815418720245, 0.630119740963, 0.646624147892, 0.545297145844, 0.259364366531, 0.0715845301747, 0.019293487072, 0.00392355769873, 0.000284006120637, 2.48351771006e-05, 3.53063551302e-05],
        "min": [6.12862376952e-22, 2.47646869211e-21, 1.42948619791e-20, 1.70100677995e-20, 1.46408448106e-19, 1.39898420363e-19, 2.13481900264e-19, 3.75696619578e-19, 9.83437511806e-19, 1.67863318582e-18, 9.84227572689e-19, 1.42758697184e-18, 2.14428169036e-18, 2.03586002554e-18, 2.36211184646e-18, 3.27113267484e-18, 8.60321355641e-18, 7.74090175606e-18, 5.28224841954e-18, 5.812658135e-18, 8.33433105367e-18, 9.35939063954e-18, 1.33475790972e-17, 1.45853829192e-17, 2.36619332104e-17, 1.40121897681e-17, 1.5271509385e-17, 2.2364763463e-17, 2.03768763975e-17, 1.80701078971e-17, 1.70394226559e-17, 1.98985393559e-17, 1.36105869633e-17, 1.01995530246e-17, 8.22923362094e-18, 5.04014878427e-18, 3.14360665339e-18, 1.34816284718e-18, 3.72860863493e-19, 3.38925559143e-20],
        "stdev": [0.373158276081, 2.6833922863, 12.5431509018, 23.2395057678, 27.7820491791, 34.1202926636, 28.6733798981, 38.7366065979, 21.6729049683, 16.0474052429, 24.2677669525, 38.2411117554, 17.0018463135, 16.4845867157, 18.7083282471, 24.0714435577, 15.5916404724, 10.4686899185, 5.41232633591, 3.76271629333, 6.28418970108, 5.10218477249, 4.04804229736, 3.8866443634, 7.0090098381, 5.00657844543, 3.04598116875, 2.6094083786, 2.33052444458, 1.78786599636, 1.49771237373, 1.50972890854, 0.997346162796, 0.511867642403, 0.260682940483, 0.125224843621, 0.0573509000242, 0.0094990991056, 0.00027336308267, 3.56493437721e-05],
        "var": [0.139247089624, 7.20059394836, 157.330627441, 540.074645996, 771.842224121, 1164.19445801, 822.162719727, 1500.52478027, 469.714813232, 257.519226074, 588.924499512, 1462.38269043, 289.062805176, 271.741577148, 350.001556396, 579.434387207, 243.099258423, 109.593460083, 29.2932739258, 14.1580343246, 39.4910430908, 26.0322914124, 16.3866462708, 15.1060037613, 49.1262168884, 25.065826416, 9.27800178528, 6.80901193619, 5.43134403229, 3.19646501541, 2.24314236641, 2.27928137779, 0.994699418545, 0.262008488178, 0.0679555982351, 0.0156812630594, 0.00328912562691, 9.02328902157e-05, 7.47273745105e-08, 1.27087573798e-09]
    },
    "gfcc": {
        "mean": [-5.97823858261, 122.697906494, -89.9382705688, 38.9848976135, -63.3819007874, 16.9380989075, -44.1932754517, 5.36508274078, -30.524181366, -5.46100759506, -8.06546401978, -3.62436962128, -11.3861951828],
        "cov": [[3020.30322266, -247.19342041, -8.36382961273, 78.6242752075, -173.410064697, 111.655128479, -41.2388954163, 67.7041854858, -71.0182495117, 71.4082794189, -88.7768478394, 14.5076856613, -41.3626480103], [-247.19342041, 446.48336792, -92.8665771484, -57.7679405212, 101.839393616, -63.7224731445, 42.0444488525, -38.5992050171, 34.8790512085, -96.3033676147, 53.3424606323, -67.7266693115, 15.4561548233], [-8.36382961273, -92.8665771484, 284.565704346, 46.8749504089, 35.9733772278, 34.8435287476, -10.0188589096, -20.4383583069, 8.88383865356, 37.0920257568, -42.282497406, 54.7061538696, -2.25712323189], [78.6242752075, -57.7679405212, 46.8749504089, 174.605163574, -11.1186943054, 4.76290941238, -7.92182970047, -20.9589881897, 40.8904876709, 11.0223093033, 0.42802977562, 25.8312187195, 24.2707996368], [-173.410064697, 101.839393616, 35.9733772278, -11.1186943054, 168.637680054, -4.8975982666, 11.4863395691, 8.13745594025, 4.03942632675, 1.28103792667, 6.77896356583, -17.288766861, -8.55175590515], [111.655128479, -63.7224731445, 34.8435287476, 4.76290941238, -4.8975982666, 112.422935486, 25.7956542969, 38.1044120789, -11.2120103836, 29.7383480072, 14.4312505722, -4.14821243286, 5.62147903442], [-41.2388954163, 42.0444488525, -10.0188589096, -7.92182970047, 11.4863395691, 25.7956542969, 102.942443848, 26.17029953, 1.7656866312, 11.4953918457, 4.92449760437, -15.0071802139, 0.291746348143], [67.7041854858, -38.5992050171, -20.4383583069, -20.9589881897, 8.13745594025, 38.1044120789, 26.17029953, 105.844970703, 0.265230327845, 29.2602424622, 23.5013790131, -31.7727813721, -8.07110118866], [-71.0182495117, 34.8790512085, 8.88383865356, 40.8904876709, 4.03942632675, -11.2120103836, 1.7656866312, 0.265230327845, 62.6890182495, 3.74775123596, 6.80019235611, 2.17831206322, 4.30837440491], [71.4082794189, -96.3033676147, 37.0920257568, 11.0223093033, 1.28103792667, 29.7383480072, 11.4953918457, 29.2602424622, 3.74775123596, 98.1404495239, 4.4742770195, 11.3723526001, 6.46768283844], [-88.7768478394, 53.3424606323, -42.282497406, 0.42802977562, 6.77896356583, 14.4312505722, 4.92449760437, 23.5013790131, 6.80019235611, 4.4742770195, 75.4097442627, -12.5146398544, 4.51008653641], [14.5076856613, -67.7266693115, 54.7061538696, 25.8312187195, -17.288766861, -4.14821243286, -15.0071802139, -31.7727813721, 2.17831206322, 11.3723526001, -12.5146398544, 78.8969192505, 13.1849584579], [-41.3626480103, 15.4561548233, -2.25712323189, 24.2707996368, -8.55175590515, 5.62147903442, 0.291746348143, -8.07110118866, 4.30837440491, 6.46768283844, 4.51008653641, 13.1849584579, 55.8157424927]],
        "icov": [[0.00048799769138, -0.000711223343387, 0.000252368190559, -0.000791515747551, 0.000718465598766, -0.000696969451383, 0.000672811234836, -0.000816792948171, 0.00110020139255, -0.000793851562776, 0.00129496154841, -0.000575598853175, 0.00101001246367], [-0.000711223343387, 0.00951820146292, -0.000560050539207, 0.00497246813029, -0.00508699053898, 0.0037744899746, -0.00516017666087, 0.00635278597474, -0.00748216500506, 0.00746726570651, -0.00807023979723, 0.00670565618202, -0.00678124977276], [0.000252368190559, -0.000560050539207, 0.00564389582723, -0.00138392369263, -0.00126531487331, -0.00281363050453, 0.00110267580021, 4.86195267513e-06, -6.95086055202e-05, -0.00185377243906, 0.00383099145256, -0.00366386771202, 0.00203267578036], [-0.000791515747551, 0.00497246813029, -0.00138392369263, 0.0108225150034, -0.00245813443325, 0.00153947609942, -0.00260891555808, 0.00495415879413, -0.00935164000839, 0.00385466520675, -0.00526207778603, 0.00282456399873, -0.00649400614202], [0.000718465598766, -0.00508699053898, -0.00126531487331, -0.00245813443325, 0.00969776790589, -0.00113302969839, 0.00218514353037, -0.003691829741, 0.00418458227068, -0.00412198808044, 0.00346558797173, -0.0015030921204, 0.00424314988777], [-0.000696969451383, 0.0037744899746, -0.00281363050453, 0.00153947609942, -0.00113302969839, 0.0145594906062, -0.00464906496927, -0.000678858195897, 0.000108673062641, 0.00161867414135, -0.00646565202624, 0.00368185015395, -0.00460196938366], [0.000672811234836, -0.00516017666087, 0.00110267580021, -0.00260891555808, 0.00218514353037, -0.00464906496927, 0.0140041252598, -0.00509378639981, 0.00334082823247, -0.00472928211093, 0.00575794139877, -0.00270986650139, 0.00356481899507], [-0.000816792948171, 0.00635278597474, 4.86195267513e-06, 0.00495415879413, -0.003691829741, -0.000678858195897, -0.00509378639981, 0.0190615989268, -0.00676455441862, 0.00124547467567, -0.00838644709438, 0.00907281879336, -0.00332053750753], [0.00110020139255, -0.00748216500506, -6.95086055202e-05, -0.00935164000839, 0.00418458227068, 0.000108673062641, 0.00334082823247, -0.00676455441862, 0.0267663355917, -0.00662777526304, 0.00493882223964, -0.00468325614929, 0.00599456625059], [-0.000793851562776, 0.00746726570651, -0.00185377243906, 0.00385466520675, -0.00412198808044, 0.00161867414135, -0.00472928211093, 0.00124547467567, -0.00662777526304, 0.0187915079296, -0.00693173380569, 0.00287126749754, -0.00678098807111], [0.00129496154841, -0.00807023979723, 0.00383099145256, -0.00526207778603, 0.00346558797173, -0.00646565202624, 0.00575794139877, -0.00838644709438, 0.00493882223964, -0.00693173380569, 0.0244559887797, -0.00613435031846, 0.00547178834677], [-0.000575598853175, 0.00670565618202, -0.00366386771202, 0.00282456399873, -0.0015030921204, 0.00368185015395, -0.00270986650139, 0.00907281879336, -0.00468325614929, 0.00287126749754, -0.00613435031846, 0.0232168119401, -0.00789470784366], [0.00101001246367, -0.00678124977276, 0.00203267578036, -0.00649400614202, 0.00424314988777, -0.00460196938366, 0.00356481899507, -0.00332053750753, 0.00599456625059, -0.00678098807111, 0.00547178834677, -0.00789470784366, 0.0258090440184]]
    },
    "melbands": {
        "dmean": [0.000932433002163, 0.00219340063632, 0.00160315458197, 0.00101042236201, 0.000574506178964, 0.000359068944817, 0.000125653008581, 8.09573248262e-05, 6.74421462463e-05, 5.44085960428e-05, 3.27609777742e-05, 2.1858179025e-05, 2.40428671532e-05, 2.51033106906e-05, 1.65633518918e-05, 1.27545408759e-05, 7.90111425886e-06, 4.26904216511e-06, 2.39600035457e-06, 2.77351387012e-06, 2.63556557911e-06, 2.94326741823e-06, 1.86568149729e-06, 1.35025595682e-06, 1.47932303207e-06, 1.63082472682e-06, 1.51946255755e-06, 9.90919374999e-07, 6.82501877236e-07, 5.51246841951e-07, 5.60989064979e-07, 5.19258662735e-07, 3.87425103554e-07, 3.69288699176e-07, 3.13810801345e-07, 3.3559715007e-07, 3.32075615006e-07, 2.98134068544e-07, 2.56395679799e-07, 1.72434809542e-07],
        "dmean2": [0.00140327087138, 0.0037032761611, 0.00269721099176, 0.00169505272061, 0.000928139255848, 0.000599503342528, 0.00019497096946, 0.00012813032663, 9.80253753369e-05, 7.94617590145e-05, 5.27212941961e-05, 3.49730325979e-05, 3.74384544557e-05, 4.00396347686e-05, 2.62310386461e-05, 2.04886619031e-05, 1.32807736009e-05, 7.0536293606e-06, 3.78709160032e-06, 4.4661951506e-06, 4.20287778979e-06, 4.90292541144e-06, 2.97301448882e-06, 2.20980405174e-06, 2.44410489358e-06, 2.608590421e-06, 2.39071596297e-06, 1.598660333e-06, 1.1033462215e-06, 8.89117131919e-07, 9.17195109196e-07, 8.25807376259e-07, 6.19027616722e-07, 5.75770684463e-07, 4.9698650173e-07, 5.42139218851e-07, 5.13134637004e-07, 4.67644724722e-07, 3.98208584329e-07, 2.65303697233e-07],
        "dvar": [6.77229672874e-06, 1.92524694285e-05, 9.22370054468e-06, 3.35983531841e-06, 6.23331629868e-07, 2.61222936615e-07, 3.93432806334e-08, 1.63825184529e-08, 1.47005385642e-08, 1.11713145401e-08, 3.74926933944e-09, 2.07251149575e-09, 1.1367538022e-09, 1.41064659953e-09, 6.46917963643e-10, 3.16879633644e-10, 1.88898841014e-10, 4.24547688671e-11, 1.59260434701e-11, 1.9493568218e-11, 1.85356365673e-11, 1.45245560371e-11, 6.99646590663e-12, 3.79423012106e-12, 3.63980416987e-12, 8.31602321727e-12, 5.6065096142e-12, 3.38459425417e-12, 2.4734671776e-12, 1.99468371508e-12, 1.88249893104e-12, 1.50061592926e-12, 6.1248217869e-13, 4.1514602628e-13, 3.14426436276e-13, 8.06572473741e-13, 4.33055772232e-13, 3.87267691873e-13, 1.58908950994e-13, 1.27147736242e-13],
        "dvar2": [1.25825044961e-05, 5.47801828361e-05, 2.57887186308e-05, 9.16586941457e-06, 1.63915967732e-06, 7.01246335666e-07, 8.0977820005e-08, 4.05185645036e-08, 3.10192795894e-08, 2.02461052368e-08, 1.01210062553e-08, 5.11545872328e-09, 2.60194732427e-09, 3.37734085143e-09, 1.44518330636e-09, 7.52761242229e-10, 5.05938235751e-10, 1.0212587026e-10, 3.43276206072e-11, 4.68892667749e-11, 4.27957391747e-11, 3.72864239484e-11, 1.63431629341e-11, 9.86389095403e-12, 9.11704826217e-12, 1.92412405453e-11, 1.30009475408e-11, 8.38493250527e-12, 6.43804714401e-12, 5.58153610136e-12, 5.20872060761e-12, 4.13978920588e-12, 1.51590458936e-12, 9.91140329532e-13, 8.11415767476e-13, 2.24226518429e-12, 1.06561623674e-12, 9.81239612133e-13, 3.78673031516e-13, 2.98182214597e-13],
        "max": [0.0356980338693, 0.04874432832, 0.0528119504452, 0.0257796235383, 0.0121862310916, 0.00691599911079, 0.00443329242989, 0.00231985654682, 0.00202400516719, 0.0024800170213, 0.000746408302803, 0.00107251130976, 0.000392501999158, 0.000580314313993, 0.000390211498598, 0.000249415723374, 0.000227664640988, 9.73751230049e-05, 5.81495332881e-05, 7.98541805125e-05, 7.92694700067e-05, 4.61278832518e-05, 5.42815832887e-05, 2.103420411e-05, 2.49876338785e-05, 4.9050533562e-05, 3.69889130525e-05, 4.87075085402e-05, 2.195172965e-05, 2.40232948272e-05, 1.96202690859e-05, 2.42372989305e-05, 1.01146542875e-05, 8.69972791406e-06, 7.55649489292e-06, 1.86331053555e-05, 1.00660017779e-05, 1.26253780763e-05, 6.00186831434e-06, 6.60167324895e-06],
        "mean": [0.00164845702238, 0.00414072070271, 0.00275357672945, 0.00190820218995, 0.00111539545469, 0.000689553038683, 0.000280207052128, 0.000156985392096, 0.0001464865054, 0.000117214927741, 6.1356680817e-05, 4.16930670326e-05, 4.27942177339e-05, 4.65916054964e-05, 3.46652486769e-05, 2.48328306043e-05, 1.33949497467e-05, 7.9217743405e-06, 4.52851872978e-06, 5.05212074131e-06, 5.89219052927e-06, 6.33689296592e-06, 4.04347701988e-06, 2.9839261515e-06, 3.17007970807e-06, 3.83004226023e-06, 3.82831740353e-06, 2.06837535188e-06, 1.21994696656e-06, 1.00117733837e-06, 9.46192869833e-07, 1.06637355657e-06, 8.2590798911e-07, 8.09660434697e-07, 6.78047456404e-07, 6.81355913912e-07, 6.84408576035e-07, 6.0403488078e-07, 5.11083953825e-07, 3.02457550561e-07],
        "median": [0.000932499417104, 0.00296261440963, 0.00177760981023, 0.00124188954942, 0.000769731705077, 0.000427080725785, 0.000187327357708, 0.000106077255623, 6.82791360305e-05, 3.91618959839e-05, 3.23678032146e-05, 2.20346919377e-05, 2.45489718509e-05, 2.62621433649e-05, 1.7047579604e-05, 1.32299192046e-05, 6.1267583078e-06, 5.12193264512e-06, 2.94501728604e-06, 3.13367581839e-06, 3.16825162372e-06, 4.3933082452e-06, 2.61515424427e-06, 1.83010160981e-06, 2.21146319745e-06, 1.82194798981e-06, 1.83987901892e-06, 1.16530986816e-06, 4.60129626845e-07, 4.61523654849e-07, 4.69629043209e-07, 6.2171392301e-07, 4.39236970351e-07, 4.32996216659e-07, 3.43757932342e-07, 3.71500902929e-07, 3.71578295244e-07, 3.56151872438e-07, 3.31318915414e-07, 1.735740085e-07],
        "min": [4.28528768023e-24, 5.5866316781e-24, 5.8208164763e-24, 1.3083122429e-23, 6.1085874125e-24, 8.71961248471e-24, 1.52288603788e-23, 1.72649135306e-23, 7.37374399406e-24, 9.08337596963e-24, 1.07170824497e-23, 8.73497949514e-24, 5.95628795398e-24, 6.79147944903e-24, 1.65245312835e-23, 1.79571579076e-23, 1.38311802928e-23, 7.70551601383e-24, 9.66682932804e-24, 5.93435012664e-24, 1.04259067898e-23, 7.55124006432e-24, 1.44708597122e-23, 1.02856914971e-23, 1.14899066015e-23, 1.64461137763e-23, 1.47920507407e-23, 7.90995562831e-24, 8.28282335693e-24, 1.25091275129e-23, 1.30233551714e-23, 1.18302117297e-23, 9.55046840022e-24, 1.06233239645e-23, 1.11727742624e-23, 8.93534464304e-24, 1.27810715327e-23, 9.48816416593e-24, 9.47344086599e-24, 8.22413131672e-24],
        "stdev": [0.00314719066955, 0.00489692948759, 0.00348633131944, 0.00215686089359, 0.00114614225458, 0.000798953347839, 0.000314386968967, 0.000163678676472, 0.000214684099774, 0.000221255424549, 8.34407837829e-05, 7.12971232133e-05, 5.22348018421e-05, 5.84081826673e-05, 4.5023545681e-05, 3.08485286951e-05, 2.07094799407e-05, 9.20096044865e-06, 5.41640929441e-06, 6.46743001198e-06, 7.88153465692e-06, 6.14897817286e-06, 4.55746521766e-06, 3.3049391277e-06, 3.15192755806e-06, 5.5929131122e-06, 5.34535683983e-06, 3.16249042953e-06, 2.21177015192e-06, 1.66839788562e-06, 1.48968274516e-06, 1.41815746701e-06, 1.13055682505e-06, 1.02606952623e-06, 8.71861630003e-07, 1.00845420548e-06, 9.56068447522e-07, 7.74908130552e-07, 5.50755260065e-07, 4.26509160434e-07],
        "var": [9.90480930341e-06, 2.39799173869e-05, 1.21545053844e-05, 4.65204902866e-06, 1.31364197387e-06, 6.38326412172e-07, 9.88391732903e-08, 2.67907083185e-08, 4.60892657372e-08, 4.89539644377e-08, 6.96236401865e-09, 5.08328001914e-09, 2.72847433536e-09, 3.41151595862e-09, 2.02711980535e-09, 9.51631773383e-10, 4.28882596104e-10, 8.46576697633e-11, 2.93374873006e-11, 4.18276489833e-11, 6.21185880512e-11, 3.78099322684e-11, 2.07704877603e-11, 1.09226221817e-11, 9.93464685517e-12, 3.12806759661e-11, 2.85728385396e-11, 1.00013461055e-11, 4.89192757483e-12, 2.78355160102e-12, 2.21915454762e-12, 2.01117052699e-12, 1.27815867699e-12, 1.05281863956e-12, 7.60142654117e-13, 1.01697979465e-12, 9.14066890755e-13, 6.00482608516e-13, 3.03331334659e-13, 1.8191006969e-13]
    },
    "melbands128": {
