{
"lowlevel": {
    "average_loudness": 0.976487755775,
    "barkbands_crest": {
        "dmean": 2.91966485977,
        "dmean2": 4.55733537674,
        "dvar": 9.00876140594,
        "dvar2": 18.5857486725,
        "max": 25.9196434021,
        "mean": 12.1817436218,
        "median": 10.8220863342,
        "min": 3.16728520393,
        "stdev": 5.57266569138,
        "var": 31.0546035767
    },
    "barkbands_flatness_db": {
        "dmean": 0.0263048540801,
        "dmean2": 0.0367864519358,
        "dvar": 0.00067503383616,
        "dvar2": 0.00114487868268,
        "max": 0.406567573547,
        "mean": 0.143041878939,
        "median": 0.134789019823,
        "min": 0.0406327880919,
        "stdev": 0.0566030293703,
        "var": 0.00320390285924
    },
    "barkbands_kurtosis": {
        "dmean": 6.13303041458,
        "dmean2": 9.24677085876,
        "dvar": 110.187309265,
        "dvar2": 212.203979492,
        "max": 151.783432007,
        "mean": 10.6156425476,
        "median": 4.94778060913,
        "min": -1.87071871758,
        "stdev": 17.5323200226,
        "var": 307.382263184
    },
    "barkbands_skewness": {
        "dmean": 0.803853392601,
        "dmean2": 1.1676633358,
        "dvar": 0.83251273632,
        "dvar2": 1.39964640141,
        "max": 10.9761104584,
        "mean": 2.33771920204,
        "median": 2.09456396103,
        "min": -3.49621033669,
        "stdev": 1.85099351406,
        "var": 3.42617702484
    },
    "barkbands_spread": {
        "dmean": 9.63002204895,
        "dmean2": 14.5861053467,
        "dvar": 165.39024353,
        "dvar2": 341.815887451,
        "max": 109.438407898,
        "mean": 23.8899822235,
        "median": 19.4909057617,
        "min": 0.623543083668,
        "stdev": 18.6632061005,
        "var": 348.3152771
    },
    "dissonance": {
        "dmean": 0.023557100445,
        "dmean2": 0.038429312408,
        "dvar": 0.000552975514438,
        "dvar2": 0.00141506199725,
        "max": 0.499976664782,
        "mean": 0.452705264091,
        "median": 0.460458338261,
        "min": 0.218382954597,
        "stdev": 0.0367845036089,
        "var": 0.00135309970938
    },
    "dynamic_complexity": 2.32912945747,
    "erbbands_crest": {
        "dmean": 3.12344908714,
        "dmean2": 5.11749744415,
        "dvar": 9.43747901917,
        "dvar2": 22.2168292999,
        "max": 29.61353302,
        "mean": 9.51014995575,
        "median": 8.28111934662,
        "min": 2.38040924072,
        "stdev": 4.63442134857,
        "var": 21.4778594971
    },
    "erbbands_flatness_db": {
        "dmean": 0.0206304006279,
        "dmean2": 0.030659776181,
        "dvar": 0.000385483988794,
        "dvar2": 0.000784559000749,
        "max": 0.260283827782,
        "mean": 0.125555843115,
        "median": 0.121850170195,
        "min": 0.0500936694443,
        "stdev": 0.0350180193782,
        "var": 0.00122626172379
    },
    "erbbands_kurtosis": {
        "dmean": 1.47529053688,
        "dmean2": 2.31929326057,
        "dvar": 5.13644647598,
        "dvar2": 11.7878808975,
        "max": 20.8918895721,
        "mean": 0.953970551491,
        "median": 0.133174180984,
        "min": -1.8741954565,
        "stdev": 2.87618851662,
        "var": 8.27245998383
    },
    "erbbands_skewness": {
        "dmean": 0.512439489365,
        "dmean2": 0.778962254524,
        "dvar": 0.304915994406,
        "dvar2": 0.608489513397,
        "max": 4.13077926636,
        "mean": 0.642870306969,
        "median": 0.651586651802,
        "min": -3.47054791451,
        "stdev": 0.938633084297,
        "var": 0.881032049656
    },
    "erbbands_spread": {
        "dmean": 15.3787336349,
        "dmean2": 23.2939014435,
        "dvar": 302.307922363,
        "dvar2": 654.11505127,
        "max": 172.529907227,
        "mean": 53.4849433899,
        "median": 48.6794929504,
        "min": 6.6552605629,
        "stdev": 27.9776687622,
        "var": 782.749938965
    },
    "hfc": {
        "dmean": 13.6136894226,
        "dmean2": 19.8377914429,
        "dvar": 549.710388184,
        "dvar2": 960.66418457,
        "max": 274.913726807,
        "mean": 30.8234462738,
        "median": 22.1931800842,
        "min": 1.15077565342e-16,
        "stdev": 35.7599449158,
        "var": 1278.77355957
    },
    "loudness_ebu128": {
        "integrated": -7.02430582047,
        "loudness_range": 2.55200624466,
        "momentary": {
            "dmean": 0.552694320679,
            "dmean2": 0.762345373631,
            "dvar": 0.261549144983,
            "dvar2": 0.508660912514,
            "max": -4.62550544739,
            "mean": -7.33836984634,
            "median": -6.78809452057,
            "min": -16.8032836914,
            "stdev": 1.86654543877,
            "var": 3.48399186134
        },
        "short_term": {
            "dmean": 0.0805515646935,
            "dmean2": 0.0965410172939,
            "dvar": 0.00528464419767,
            "dvar2": 0.00828975811601,
            "max": -5.89815950394,
            "mean": -7.15150499344,
            "median": -6.85010051727,
            "min": -9.89044952393,
            "stdev": 1.05821454525,
            "var": 1.11981797218
        }
    },
    "melbands_crest": {
        "dmean": 3.51340579987,
        "dmean2": 5.08652305603,
        "dvar": 10.6398687363,
        "dvar2": 20.841135025,
        "max": 33.9336433411,
        "mean": 17.3981018066,
        "median": 15.7482738495,
        "min": 1.99789595604,
        "stdev": 7.4493598938,
        "var": 55.4929656982
    },
    "melbands_flatness_db": {
        "dmean": 0.0319799520075,
        "dmean2": 0.043206512928,
        "dvar": 0.00107935944106,
        "dvar2": 0.00173734361306,
        "max": 0.511780083179,
        "mean": 0.217358112335,
        "median": 0.212097480893,
        "min": 0.00582362664863,
        "stdev": 0.0753510147333,
        "var": 0.00567777547985
    },
    "melbands_kurtosis": {
        "dmean": 16.5387306213,
        "dmean2": 24.8034801483,
        "dvar": 991.437805176,
        "dvar2": 1937.53723145,
        "max": 469.947784424,
        "mean": 31.7319316864,
        "median": 16.583770752,
        "min": -1.80815982819,
        "stdev": 49.5392303467,
        "var": 2454.13525391
    },
    "melbands_skewness": {
        "dmean": 1.14228570461,
        "dmean2": 1.65556442738,
        "dvar": 1.80477702618,
        "dvar2": 3.24032902718,
        "max": 17.9142971039,
        "mean": 3.76840734482,
        "median": 3.297996521,
        "min": -1.13898694515,
        "stdev": 2.61099505424,
        "var": 6.81729459763
    },
    "melbands_spread": {
        "dmean": 10.0015630722,
        "dmean2": 15.2996530533,
        "dvar": 492.199676514,
        "dvar2": 932.706542969,
        "max": 235.973587036,
        "mean": 22.399679184,
        "median": 14.4986972809,
        "min": 0.654392302036,
        "stdev": 30.5715179443,
        "var": 934.617675781
    },
    "pitch_salience": {
        "dmean": 0.0761698707938,
        "dmean2": 0.115804716945,
        "dvar": 0.00651994999498,
        "dvar2": 0.0129573848099,
        "max": 0.832836151123,
        "mean": 0.509603500366,
        "median": 0.524031281471,
        "min": 0.102969489992,
        "stdev": 0.152633413672,
        "var": 0.0232969578356
    },
    "silence_rate_20dB": {
        "dmean": 0,
        "dmean2": 0,
        "dvar": 0,
        "dvar2": 0,
        "max": 1,
        "mean": 1,
        "median": 1,
        "min": 1,
        "stdev": 0,
        "var": 0
    },
    "silence_rate_30dB": {
        "dmean": 0.0185758508742,
        "dmean2": 0.0371804796159,
        "dvar": 0.0182309225202,
        "dvar2": 0.0481915399432,
        "max": 1,
        "mean": 0.987625658512,
        "median": 1,
        "min": 0,
        "stdev": 0.110549777746,
        "var": 0.012221253477
    },
    "silence_rate_60dB": {
        "dmean": 0.00232198135927,
        "dmean2": 0.00387296662666,
        "dvar": 0.00231661461294,
        "dvar2": 0.0038578833919,
        "max": 1,
        "mean": 0.00773395225406,
        "median": 0,
        "min": 0,
        "stdev": 0.0876029208302,
        "var": 0.00767427170649
    },
    "spectral_centroid": {
        "dmean": 343.020843506,
        "dmean2": 502.318786621,
        "dvar": 289425.875,
        "dvar2": 452536.125,
        "max": 10807.5859375,
        "mean": 1205.23535156,
        "median": 987.170776367,
        "min": 222.968765259,
        "stdev": 812.598388672,
        "var": 660316.1875
    },
    "spectral_complexity": {
        "dmean": 4.11919498444,
        "dmean2": 5.99457788467,
        "dvar": 29.5552616119,
        "dvar2": 45.3143920898,
        "max": 60,
        "mean": 15.9853057861,
        "median": 14,
        "min": 0,
        "stdev": 10.746052742,
        "var": 115.477653503
    },
    "spectral_decrease": {
        "dmean": 2.84076007162e-09,
        "dmean2": 3.89299392722e-09,
        "dvar": 1.30946429824e-17,
        "dvar2": 2.31684256764e-17,
        "max": -3.6656218613e-29,
        "mean": -9.84729009446e-09,
        "median": -8.97769414365e-09,
        "min": -3.39464243382e-08,
        "stdev": 6.5921677006e-09,
        "var": 4.34566746343e-17
    },
    "spectral_energy": {
        "dmean": 0.0112290754914,
        "dmean2": 0.0155830960721,
        "dvar": 0.00019350698858,
        "dvar2": 0.000343475549016,
        "max": 0.129207327962,
        "mean": 0.0399617739022,
        "median": 0.0369998812675,
        "min": 1.05762174132e-20,
        "stdev": 0.0252964887768,
        "var": 0.000639912323095
    },
    "spectral_energyband_high": {
        "dmean": 0.00121631706133,
        "dmean2": 0.00177148776129,
        "dvar": 7.47133481127e-06,
        "dvar2": 1.30104290292e-05,
        "max": 0.035955388099,
        "mean": 0.00212682341225,
        "median": 0.00102943764068,
        "min": 7.77200566641e-21,
        "stdev": 0.00402725115418,
        "var": 1.62187534443e-05
    },
    "spectral_energyband_low": {
        "dmean": 0.0075751231052,
        "dmean2": 0.00996298529208,
        "dvar": 0.000163147778949,
        "dvar2": 0.000278102146694,
        "max": 0.12249392271,
        "mean": 0.0193607285619,
        "median": 0.00862373970449,
        "min": 2.73196857192e-23,
        "stdev": 0.0234118439257,
        "var": 0.000548114418052
    },
    "spectral_energyband_middle_high": {
        "dmean": 0.00241020205431,
        "dmean2": 0.00332676013932,
        "dvar": 2.19571193156e-05,
        "dvar2": 3.4937311284e-05,
        "max": 0.0652442499995,
        "mean": 0.00486773485318,
        "median": 0.00188034935854,
        "min": 1.40036538119e-21,
        "stdev": 0.00787716917694,
        "var": 6.20497885393e-05
    },
    "spectral_energyband_middle_low": {
        "dmean": 0.0063215312548,
        "dmean2": 0.0100349159911,
        "dvar": 6.2469211116e-05,
        "dvar2": 0.000146088335896,
        "max": 0.0679974853992,
        "mean": 0.0144531130791,
        "median": 0.0109722102061,
        "min": 3.49503801694e-22,
        "stdev": 0.0119197946042,
        "var": 0.000142081495142
    },
    "spectral_entropy": {
        "dmean": 0.226956322789,
        "dmean2": 0.32414495945,
        "dvar": 0.0513754934072,
        "dvar2": 0.0943928286433,
        "max": 9.79128170013,
        "mean": 7.7123875618,
        "median": 7.72711849213,
        "min": 6.3761510849,
        "stdev": 0.424768775702,
        "var": 0.180428519845
    },
    "spectral_flux": {
        "dmean": 0.0337242633104,
        "dmean2": 0.0518932640553,
        "dvar": 0.00154889724217,
        "dvar2": 0.0029196832329,
        "max": 0.329220890999,
        "mean": 0.098767273128,
        "median": 0.0876523926854,
        "min": 1.02840735927e-10,
        "stdev": 0.0561894215643,
        "var": 0.00315725104883
    },
    "spectral_kurtosis": {
        "dmean": 1.10496520996,
        "dmean2": 1.6166549921,
        "dvar": 1.50059401989,
        "dvar2": 3.25933623314,
        "max": 16.9383068085,
        "mean": 2.72408699989,
        "median": 2.55200910568,
        "min": -1.2271001339,
        "stdev": 2.04446673393,
        "var": 4.17984390259
    },
    "spectral_rms": {
        "dmean": 0.00089167826809,
        "dmean2": 0.0012451132061,
        "dvar": 1.08945698685e-06,
        "dvar2": 1.88561966752e-06,
        "max": 0.0112274633721,
        "mean": 0.00588968209922,
        "median": 0.00600811466575,
        "min": 3.21220502454e-12,
        "stdev": 0.00207333336584,
        "var": 4.29871079177e-06
    },
    "spectral_rolloff": {
        "dmean": 829.847839355,
        "dmean2": 1358.26135254,
        "dvar": 3544807,
        "dvar2": 7032453,
        "max": 19099.9511719,
        "mean": 1513.27148438,
        "median": 559.86328125,
        "min": 64.599609375,
        "stdev": 2347.97070312,
        "var": 5512966.5
    },
    "spectral_skewness": {
        "dmean": 0.235184565187,
        "dmean2": 0.334945142269,
        "dvar": 0.0522124581039,
        "dvar2": 0.101591773331,
        "max": 3.13223052025,
        "mean": 1.44689893723,
        "median": 1.46482634544,
        "min": 0.00189638300799,
        "stdev": 0.441596210003,
        "var": 0.195007219911
    },
    "spectral_spread": {
        "dmean": 1099196,
        "dmean2": 1532830.625,
        "dvar": 2.14830717338e+12,
        "dvar2": 3.36804498637e+12,
        "max": 41319648,
        "mean": 6846809.5,
        "median": 6399827.5,
        "min": 2097797.5,
        "stdev": 2262735.75,
        "var": 5.11997326131e+12
    },
    "spectral_strongpeak": {
        "dmean": 0.387969911098,
        "dmean2": 0.621335089207,
        "dvar": 0.324565947056,
        "dvar2": 0.758807122707,
        "max": 5.67636632919,
        "mean": 0.796203970909,
        "median": 0.524150669575,
        "min": 3.7141227871e-09,
        "stdev": 0.746237039566,
        "var": 0.55686968565
    },
    "zerocrossingrate": {
        "dmean": 0.0203388798982,
        "dmean2": 0.0235120095313,
        "dvar": 0.000846927403472,
        "dvar2": 0.000889062532224,
        "max": 0.48828125,
        "mean": 0.0683261454105,
        "median": 0.05517578125,
        "min": 0.0029296875,
        "stdev": 0.0570726692677,
        "var": 0.00325728976168
    },
    "barkbands": {
        "dmean": [0.000414909503888, 0.00677896803245, 0.00185202353168, 0.0017236105632, 0.00253180600703, 0.0015964852646, 0.00209641992114, 0.00083933636779, 0.000399060169002, 0.000577755912673, 0.000404161692131, 0.000581497966778, 0.000526382646058, 0.000430872896686, 0.000273532466963, 0.000211941543967, 0.000236935709836, 0.000181056195288, 0.000148318678839, 0.000148514285684, 0.000162740339874, 0.000225778290769, 0.000259564112639, 0.000311599753331, 0.000239764092839, 0.000137170849484, 9.13097665034e-06],
        "dmean2": [0.000662128266413, 0.00904579926282, 0.00333872856572, 0.00287058600225, 0.00388820189983, 0.00260343006812, 0.00343314628117, 0.00124303170014, 0.000586399517488, 0.00083763076691, 0.00061345967697, 0.000915570359211, 0.000812586920802, 0.000665171304718, 0.000403018115321, 0.000324238353642, 0.000351330148987, 0.000264644011622, 0.000223272392759, 0.000229243960348, 0.000235963816522, 0.000328883586917, 0.000391598005081, 0.000474216300063, 0.000355249416316, 0.000207654127735, 1.53860346472e-05],
        "dvar": [4.40630515186e-07, 0.000156001944561, 3.0150913517e-05, 1.64742959896e-05, 1.77256861207e-05, 8.80999141373e-06, 1.28120045702e-05, 2.20485048885e-06, 1.15190835004e-06, 2.82864107248e-06, 1.21146297261e-06, 3.27131101585e-06, 2.00818794838e-06, 9.57547740654e-07, 3.57073218993e-07, 2.12492452079e-07, 1.83243017204e-07, 1.90899598351e-07, 1.20410305726e-07, 1.00843045914e-07, 1.09006279558e-07, 2.42374397885e-07, 5.020287972e-07, 6.17849366336e-07, 3.04916767391e-07, 6.68788544544e-08, 3.37824462848e-10],
        "dvar2": [1.2213070022e-06, 0.000286804890493, 8.45362228574e-05, 4.10567918152e-05, 3.45198204741e-05, 2.13193561649e-05, 3.33743191732e-05, 4.41555994257e-06, 2.73799878414e-06, 5.55150199943e-06, 2.85638043351e-06, 8.06395928521e-06, 4.28009070674e-06, 2.0828997549e-06, 6.79770948864e-07, 4.20623109676e-07, 3.81498068691e-07, 3.38299173563e-07, 2.28077865927e-07, 2.19629583853e-07, 1.99426210656e-07, 5.07633330926e-07, 1.03536842744e-06, 1.23853465084e-06, 5.51551295302e-07, 1.22923509593e-07, 8.57898752038e-10],
        "max": [0.00860449485481, 0.115977056324, 0.0409495346248, 0.0531826466322, 0.0502745062113, 0.0370829440653, 0.0403902567923, 0.0245770793408, 0.0149139976129, 0.0341892950237, 0.0225557535887, 0.023244118318, 0.0186450332403, 0.011044126004, 0.008041982539, 0.00592797622085, 0.00433369958773, 0.00459812162444, 0.00427984260023, 0.00392673769966, 0.00632962305099, 0.00751777691767, 0.0088756531477, 0.0118356784806, 0.00732055213302, 0.00335483346134, 0.00016096024774],
        "mean": [0.000771539576817, 0.0156511776149, 0.00222488306463, 0.00201718136668, 0.00468901591375, 0.00273025454953, 0.0028548296541, 0.00142223841976, 0.00049424363533, 0.00074400473386, 0.000562727975193, 0.000655257957987, 0.000748598598875, 0.000573626370169, 0.000406882958487, 0.000311091920594, 0.00038573789061, 0.000288632814772, 0.000213600549614, 0.000207917692023, 0.000264810601948, 0.000341341859894, 0.00038125392166, 0.000476830609841, 0.000361079000868, 0.000175409018993, 7.60975308367e-06],
        "median": [0.000321664789226, 0.00551337655634, 0.000954467395786, 0.000545492162928, 0.00208344170824, 0.00135610671714, 0.00142259418499, 0.000460563838715, 0.000110210843559, 0.000152973632794, 0.000130523607368, 9.6554227639e-05, 0.000107193678559, 6.82084792061e-05, 7.13458284736e-05, 8.48063427838e-05, 0.000115766299132, 5.64470356039e-05, 5.2636685723e-05, 5.54719372303e-05, 8.73199605849e-05, 0.000141636977787, 0.00010647354793, 0.000201027447474, 0.000128115527332, 5.40218825336e-05, 1.03782929273e-06],
        "min": [4.80219904357e-24, 8.54886590836e-24, 1.07325378125e-23, 1.08069021523e-23, 9.0461179113e-23, 5.07062845144e-23, 4.57135870007e-23, 7.45826965119e-23, 6.01921696612e-23, 4.52063178842e-23, 1.13461321262e-22, 5.26912447231e-23, 5.18324402546e-23, 1.47244964793e-22, 6.81811028878e-23, 1.22292814733e-22, 1.33494753183e-22, 2.56210914854e-22, 2.3037452114e-22, 4.14448612185e-22, 6.47101767516e-22, 5.28178146154e-22, 7.18009987796e-22, 8.92715894897e-22, 1.36867119669e-21, 1.37522704733e-21, 2.31918058136e-21],
        "stdev": [0.00100016477518, 0.0215020608157, 0.0046992120333, 0.00457779597491, 0.00656147161499, 0.0038957472425, 0.00395949324593, 0.00237375963479, 0.00122933380771, 0.00204246724024, 0.00130256754346, 0.00191925407853, 0.00187689228915, 0.00133451074362, 0.000882157764863, 0.000610351678915, 0.00065703690052, 0.000634943600744, 0.000457686488517, 0.000407884886954, 0.000501689384691, 0.000657272583339, 0.000900263839867, 0.000998958712444, 0.000790279707871, 0.000358072196832, 1.74004071596e-05],
        "var": [1.00032957562e-06, 0.000462338648504, 2.20825950237e-05, 2.09562149394e-05, 4.30529071309e-05, 1.51768472278e-05, 1.56775877258e-05, 5.63473440707e-06, 1.51126153014e-06, 4.17167257183e-06, 1.69668226135e-06, 3.6835363062e-06, 3.52272468263e-06, 1.78091886482e-06, 7.78202320362e-07, 3.72529200376e-07, 4.31697458225e-07, 4.03153364914e-07, 2.09476922919e-07, 1.66370071497e-07, 2.5169225637e-07, 4.32007254858e-07, 8.10474944046e-07, 9.9791861885e-07, 6.24542053629e-07, 1.28215702944e-07, 3.02774194605e-10]
    },
    "erbbands": {
        "dmean": [0.258354574442, 1.42798364162, 2.05881524086, 3.88779807091, 8.2799577713, 8.35117816925, 6.57021856308, 16.5657100677, 34.606590271, 16.0889663696, 19.1088142395, 7.62732410431, 14.7851400375, 16.0364875793, 17.9060611725, 23.3006916046, 23.7638912201, 22.705242157, 17.3249359131, 10.9153289795, 12.0013227463, 11.8329257965, 10.2268981934, 7.19851732254, 7.8609046936, 7.06856107712, 6.9345293045, 6.5808968544, 8.1079788208, 6.94951677322, 7.14748287201, 6.98147773743, 5.2607998848, 3.05084681511, 1.60843491554, 0.717332243919, 0.224003136158, 0.0377969518304, 0.00106416107155, 3.94232811232e-05],
        "dmean2": [0.315355688334, 2.00632452965, 3.57251977921, 6.5901684761, 13.2947130203, 13.324215889, 9.53432369232, 26.7884998322, 56.9219055176, 25.8436927795, 28.1558017731, 11.1409978867, 20.7692375183, 24.3596038818, 24.9793815613, 37.7833023071, 35.4091262817, 33.6087226868, 24.6545772552, 15.9696273804, 17.590379715, 17.1992301941, 14.823138237, 10.5348291397, 11.6504182816, 10.9140625, 10.2618780136, 9.58583545685, 11.9468050003, 10.4339523315, 10.9269866943, 10.5758142471, 7.93324661255, 4.51759576797, 2.41849136353, 1.07997906208, 0.346775740385, 0.0604538023472, 0.00173002306838, 5.92487776885e-05],
        "dvar": [0.179794922471, 8.74796009064, 35.4609832764, 111.160919189, 145.356948853, 347.457489014, 344.827972412, 998.607666016, 3266.28564453, 802.954223633, 1573.81640625, 361.133911133, 1656.81689453, 2206.95092773, 1772.18347168, 5269.12597656, 3946.22241211, 2484.54150391, 1375.08837891, 532.260375977, 690.332763672, 488.756134033, 507.809997559, 329.597229004, 324.13470459, 236.389022827, 194.461990356, 192.498428345, 281.216796875, 289.867950439, 439.316314697, 265.902313232, 193.16947937, 52.1618919373, 13.4595403671, 2.26532053947, 0.177580803633, 0.00514028593898, 3.99983946409e-06, 3.25559468273e-09],
        "dvar2": [0.261834532022, 18.271232605, 96.9144592285, 269.778839111, 353.398773193, 746.165222168, 528.844360352, 2364.71240234, 8477.60742188, 1870.80517578, 3165.1184082, 842.531555176, 3125.45166016, 5048.53320312, 3748.67431641, 13898.1923828, 8287.3125, 5401.71679688, 2641.65161133, 1055.39343262, 1340.43811035, 993.000488281, 877.844909668, 612.10357666, 611.807983398, 515.552062988, 374.501251221, 362.490356445, 590.151916504, 590.41973877, 916.850402832, 543.606140137, 400.644287109, 100.380912781, 23.4589424133, 3.89297485352, 0.361082166433, 0.0115963332355, 9.45472220337e-06, 6.79576839246e-09],
        "max": [4.11320543289, 28.5780124664, 48.2543525696, 136.716064453, 131.166885376, 256.03894043, 295.01272583, 459.611785889, 678.498596191, 408.91885376, 675.280883789, 287.069458008, 573.640136719, 801.117126465, 562.885253906, 1007.37768555, 845.362915039, 643.061157227, 356.177490234, 267.446929932, 338.404449463, 277.553222656, 232.469833374, 218.744277954, 205.974563599, 244.694015503, 199.177841187, 273.15447998, 236.792831421, 220.662460327, 265.093719482, 221.50793457, 179.670959473, 93.6059799194, 47.1516571045, 22.312128067, 4.3950252533, 0.734460115433, 0.0172272194177, 0.000594851735514],
        "mean": [0.681184470654, 2.61157679558, 2.67171359062, 4.74399614334, 15.3812894821, 12.7857713699, 9.60317230225, 28.3892059326, 49.9777755737, 24.9058456421, 32.3754348755, 11.5733728409, 19.6492328644, 22.045791626, 25.0124187469, 27.5338420868, 34.6705932617, 31.642829895, 25.2646903992, 16.7743549347, 19.7404918671, 19.8944759369, 17.6727371216, 10.8617200851, 11.1620845795, 10.0836591721, 11.4958734512, 10.2984886169, 12.4455976486, 10.4271650314, 10.3514709473, 10.6805839539, 7.55192470551, 4.51298666, 2.37550663948, 1.00868964195, 0.259369492531, 0.0386273227632, 0.00106280273758, 8.31359211588e-05],
        "median": [0.242279082537, 0.921075046062, 1.32995474339, 1.69105780125, 7.21380329132, 5.26413679123, 4.47392368317, 13.892244339, 26.6098709106, 14.6544351578, 9.12156295776, 3.66697239876, 3.41854739189, 5.59315919876, 5.83093500137, 4.66521978378, 5.3329834938, 4.25772762299, 3.86300134659, 3.65022993088, 5.37202358246, 5.97339248657, 4.10813951492, 3.07589817047, 2.92069649696, 2.67710042, 3.50109982491, 3.6913394928, 5.2431845665, 3.65706777573, 2.82435894012, 4.501745224, 3.02755880356, 1.63438558578, 0.757766902447, 0.334607183933, 0.0742283686996, 0.00886238925159, 0.000235905870795, 6.44378451398e-05],
        "min": [2.85436734645e-22, 1.93632399303e-21, 1.12982426904e-20, 2.42350590884e-20, 1.45432181113e-19, 3.89773294899e-19, 4.61671161658e-19, 2.78073720112e-19, 3.54348483835e-19, 1.33276064078e-18, 1.41496192094e-18, 1.56366345588e-18, 1.40428488039e-18, 3.67901026501e-18, 2.50105047882e-18, 2.68956287247e-18, 2.66065828673e-18, 5.27744043223e-18, 6.38795191128e-18, 4.40304352313e-18, 6.96561514642e-18, 9.02253870587e-18, 1.28680269274e-17, 1.27056761885e-17, 1.21930922153e-17, 1.83314853901e-17, 2.42262722202e-17, 2.72295301051e-17, 1.88972239895e-17, 1.91246754969e-17, 2.15109741045e-17, 1.42261317617e-17, 1.82306835063e-17, 1.82615720847e-17, 8.17770440469e-18, 4.47670974694e-18, 2.40473460227e-18, 1.12852571503e-18, 2.99890195178e-19, 3.81312297058e-20],
        "stdev": [0.896339476109, 4.06073379517, 5.2184009552, 11.7195892334, 19.9185428619, 24.1425819397, 24.1621799469, 41.6863594055, 66.0864334106, 33.0530433655, 60.2006225586, 23.094581604, 52.4323883057, 54.2269439697, 55.2033615112, 74.9739532471, 84.0076980591, 71.0228042603, 52.9258308411, 33.2239456177, 37.2667045593, 33.9968299866, 35.6823272705, 23.8497161865, 23.59075737, 20.1576690674, 21.3502082825, 20.2551212311, 22.8247661591, 22.6642723083, 25.9771842957, 21.1470184326, 17.1293125153, 9.77671051025, 5.36178445816, 2.21369838715, 0.527818858624, 0.0772834867239, 0.00206028320827, 7.5408956036e-05],
        "var": [0.803424477577, 16.4895572662, 27.231710434, 137.348770142, 396.748382568, 582.864257812, 583.810974121, 1737.75256348, 4367.41650391, 1092.50378418, 3624.11474609, 533.359741211, 2749.15527344, 2940.5612793, 3047.41113281, 5621.09375, 7057.29296875, 5044.23876953, 2801.14355469, 1103.83056641, 1388.80725098, 1155.78442383, 1273.22839355, 568.808959961, 556.523803711, 406.331634521, 455.831359863, 410.269927979, 520.969970703, 513.669250488, 674.814086914, 447.196380615, 293.413330078, 95.5840606689, 28.7487335205, 4.90046072006, 0.278592735529, 0.00597273744643, 4.24476684202e-06, 5.68651081778e-09]
    },
    "gfcc": {
        "mean": [25.3252162933, 68.7522201538, -81.249168396, 36.6502761841, -63.2419700623, 21.3641853333, -46.9289245605, 13.1721525192, -21.0628452301, 15.1973714828, -10.3590898514, 8.9510307312, -11.0021629333],
        "cov": [[4169.55175781, -687.556518555, -454.076385498, -11.3981609344, -128.44984436, 292.743743896, -83.4613037109, 85.3770446777, -101.316596985, -81.5450820923, -229.626312256, -1.17463934422, -90.3267440796], [-687.556518555, 1352.47314453, -204.565063477, -167.287460327, 212.140670776, -23.61810112, 122.375045776, 3.47287583351, 108.437538147, -54.295085907, 60.7308082581, -97.9266738892, 113.198554993], [-454.076385498, -204.565063477, 825.515014648, 268.853607178, 12.3803472519, 7.70355367661, -31.7732563019, 17.854434967, 87.5372390747, 88.907081604, 99.3999404907, 120.186813354, -11.3906412125], [-11.3981609344, -167.287460327, 268.853607178, 461.823242188, 122.024223328, -29.781129837, -48.3208885193, 60.6107711792, 86.6640930176, 46.499584198, 79.5053634644, 44.2419013977, 31.9178504944], [-128.44984436, 212.140670776, 12.3803472519, 122.024223328, 335.883666992, 47.8636550903, 54.1741676331, 66.9957580566, 89.789100647, 44.5120391846, 75.6027984619, 10.053314209, 33.9811286926], [292.743743896, -23.61810112, 7.70355367661, -29.781129837, 47.8636550903, 230.231369019, 101.032569885, 13.6950721741, 22.4198532104, 29.2802581787, 18.7174797058, -6.50139093399, 7.89474582672], [-83.4613037109, 122.375045776, -31.7732563019, -48.3208885193, 54.1741676331, 101.032569885, 201.68977356, 32.5323867798, 31.2337341309, 16.836145401, 25.0043487549, 1.3717982769, 18.5914802551], [85.3770446777, 3.47287583351, 17.854434967, 60.6107711792, 66.9957580566, 13.6950721741, 32.5323867798, 126.992202759, 71.6283416748, 27.5196151733, 26.1078605652, 13.9848766327, 18.2817344666], [-101.316596985, 108.437538147, 87.5372390747, 86.6640930176, 89.789100647, 22.4198532104, 31.2337341309, 71.6283416748, 153.327972412, 59.827507019, 54.4712638855, 24.4871387482, 24.6552257538], [-81.5450820923, -54.295085907, 88.907081604, 46.499584198, 44.5120391846, 29.2802581787, 16.836145401, 27.5196151733, 59.827507019, 134.544342041, 74.2608337402, 9.51810073853, 1.3944824934], [-229.626312256, 60.7308082581, 99.3999404907, 79.5053634644, 75.6027984619, 18.7174797058, 25.0043487549, 26.1078605652, 54.4712638855, 74.2608337402, 150.658813477, 54.5720367432, 17.0825233459], [-1.17463934422, -97.9266738892, 120.186813354, 44.2419013977, 10.053314209, -6.50139093399, 1.3717982769, 13.9848766327, 24.4871387482, 9.51810073853, 54.5720367432, 119.305656433, 8.40376281738], [-90.3267440796, 113.198554993, -11.3906412125, 31.9178504944, 33.9811286926, 7.89474582672, 18.5914802551, 18.2817344666, 24.6552257538, 1.3944824934, 17.0825233459, 8.40376281738, 84.8440246582]],
        "icov": [[0.000435131281847, -3.26081317326e-05, 0.000396576651838, -0.000358763500117, 0.000197785819182, -0.00095940369647, 0.000521488138475, -0.000603801221587, 0.000315584737109, -0.000260994391283, 0.000877120648511, -0.000775863823947, 0.000533683400135], [-3.26081317326e-05, 0.00180088006891, -0.000224410789087, 0.00131672713906, -0.00102979666553, 0.00108984089456, -0.000714668305591, 0.00109112542123, -0.00206942041405, 0.0022875231225, -0.00210091122426, 0.00258621526882, -0.00199978658929], [0.000396576651838, -0.000224410789087, 0.00229090638459, -0.00149927893654, 0.00073034747038, -0.0012556896545, 0.000623455853201, -0.000104842816654, -6.74195980537e-05, -0.00128231709823, 0.00109973037615, -0.00254069687799, 0.00137440231629], [-0.000358763500117, 0.00131672713906, -0.00149927893654, 0.00470714503899, -0.00182540749665, 0.00186960271094, 0.000207196819247, 0.000326942710672, -0.00219733640552, 0.00226177810691, -0.00304433726706, 0.00291339214891, -0.00274378457107], [0.000197785819182, -0.00102979666553, 0.00073034747038, -0.00182540749665, 0.00493485247716, -0.00151638372336, 7.78064131737e-05, -0.00155610195361, -4.70241539006e-05, -0.00106378353667, 3.34468168148e-05, -0.00121007056441, 0.000996428192593], [-0.00095940369647, 0.00108984089456, -0.0012556896545, 0.00186960271094, -0.00151638372336, 0.00848458986729, -0.00425901636481, 0.00222600647248, -0.00181307189632, 0.000941742153373, -0.00288490811363, 0.00361649179831, -0.00234190095216], [0.000521488138475, -0.000714668305591, 0.000623455853201, 0.000207196819247, 7.78064131737e-05, -0.00425901636481, 0.00808186735958, -0.00240915967152, 0.000617497018538, -0.000697805488016, 0.00086003751494, -0.00183297740296, 0.000468182872282], [-0.000603801221587, 0.00109112542123, -0.000104842816654, 0.000326942710672, -0.00155610195361, 0.00222600647248, -0.00240915967152, 0.0129342759028, -0.0060885050334, 0.00117274257354, -0.00152597331908, 0.00164597970434, -0.00218443688937], [0.000315584737109, -0.00206942041405, -6.74195980537e-05, -0.00219733640552, -4.70241539006e-05, -0.00181307189632, 0.000617497018538, -0.0060885050334, 0.0142519073561, -0.00586693035439, 0.00279104523361, -0.00401003751904, 0.00106885563582], [-0.000260994391283, 0.0022875231225, -0.00128231709823, 0.00226177810691, -0.00106378353667, 0.000941742153373, -0.000697805488016, 0.00117274257354, -0.00586693035439, 0.0153865292668, -0.00899941194803, 0.00653822347522, -0.00149790314026], [0.000877120648511, -0.00210091122426, 0.00109973037615, -0.00304433726706, 3.34468168148e-05, -0.00288490811363, 0.00086003751494, -0.00152597331908, 0.00279104523361, -0.00899941194803, 0.0167158953846, -0.00935033708811, 0.00232254480943], [-0.000775863823947, 0.00258621526882, -0.00254069687799, 0.00291339214891, -0.00121007056441, 0.00361649179831, -0.00183297740296, 0.00164597970434, -0.00401003751904, 0.00653822347522, -0.00935033708811, 0.0169817265123, -0.00426009856164], [0.000533683400135, -0.00199978658929, 0.00137440231629, -0.00274378457107, 0.000996428192593, -0.00234190095216, 0.000468182872282, -0.00218443688937, 0.00106885563582, -0.00149790314026, 0.00232254480943, -0.00426009856164, 0.0160946138203]]
    },
    "melbands": {
        "dmean": [0.00206103012897, 0.00114082219079, 0.000797186745331, 0.000599833088927, 0.00024548478541, 0.000368303240975, 0.00049912254326, 0.000164424520335, 0.0001509476715, 4.4083033572e-05, 7.69738908275e-05, 6.8254666985e-05, 5.92135256738e-05, 6.99395604897e-05, 5.34680148121e-05, 5.19879540661e-05, 4.35689435108e-05, 3.09372153424e-05, 1.9696635718e-05, 1.35398195198e-05, 1.49730831254e-05, 1.25594569909e-05, 1.28397896333e-05, 8.13168844616e-06, 5.6546068663e-06, 6.34578100289e-06, 5.33273077963e-06, 4.78576703244e-06, 4.65153152618e-06, 4.01325905841e-06, 4.12471445088e-06, 4.97761084262e-06, 4.18063473262e-06, 4.13539828514e-06, 4.06316712542e-06, 4.71908788313e-06, 4.39866244051e-06, 4.03383137382e-06, 3.00683154819e-06, 2.56386829278e-06],
        "dmean2": [0.00267733307555, 0.00175873644184, 0.0013288888149, 0.000970821711235, 0.00036204161006, 0.000600630592089, 0.000822458707262, 0.00025989630376, 0.000223016439122, 6.6060856625e-05, 0.000108913474833, 0.000105209241156, 8.53109086165e-05, 0.000111038585601, 8.661631e-05, 7.98606706667e-05, 6.55823096167e-05, 4.49150938948e-05, 2.96043308481e-05, 2.06826025533e-05, 2.28567660088e-05, 1.84063428605e-05, 1.89230377146e-05, 1.17024364954e-05, 8.57206759974e-06, 9.46110503719e-06, 8.15190469439e-06, 7.54526581659e-06, 7.11208485882e-06, 5.90479521634e-06, 6.09842163612e-06, 7.48225920688e-06, 6.23285723123e-06, 6.28224324828e-06, 6.32710680293e-06, 7.28448776499e-06, 6.72278474667e-06, 6.15259159531e-06, 4.62151456304e-06, 3.82813595934e-06],
        "dvar": [1.30801518026e-05, 7.39399047234e-06, 2.90039338324e-06, 9.08221352347e-07, 4.90431432354e-07, 4.54775147318e-07, 6.67496294682e-07, 7.39716483622e-08, 1.10702977452e-07, 1.16347571577e-08, 4.66182434877e-08, 4.43245973258e-08, 2.28102656763e-08, 5.15692946124e-08, 2.54117136222e-08, 1.72583973779e-08, 9.31274612981e-09, 4.84011053459e-09, 1.90268112377e-09, 8.14887268774e-10, 1.11270725967e-09, 6.19316153916e-10, 5.58749102542e-10, 4.84333628759e-10, 2.0344136098e-10, 2.16808015985e-10, 1.51373219515e-10, 1.14855437661e-10, 9.30666238519e-11, 7.05487265829e-11, 7.63000287951e-11, 9.58946047569e-11, 1.08324009485e-10, 1.05649454463e-10, 1.64609020858e-10, 1.43343656389e-10, 1.08523919018e-10, 1.0787518101e-10, 6.48570849804e-11, 3.39220908308e-11],
        "dvar2": [2.19803405344e-05, 1.74803972186e-05, 7.36670244805e-06, 2.08628057408e-06, 6.98270127941e-07, 1.09019026695e-06, 1.74045203494e-06, 1.64324546859e-07, 2.2293487234e-07, 2.84342309698e-08, 8.8839072987e-08, 9.97107036937e-08, 5.05305735032e-08, 1.27132636862e-07, 6.61205774577e-08, 3.58780951615e-08, 1.99104803755e-08, 9.98301885602e-09, 3.8392315993e-09, 1.63369273665e-09, 2.31353913804e-09, 1.37203781669e-09, 1.10405729004e-09, 8.66968052904e-10, 3.99476868251e-10, 4.24206531013e-10, 3.17273735062e-10, 2.59498506017e-10, 1.9752781355e-10, 1.3458892334e-10, 1.5170209533e-10, 1.99860211714e-10, 2.4494331563e-10, 2.19185961048e-10, 3.63211266619e-10, 3.04891500935e-10, 2.37789399282e-10, 2.29073038316e-10, 1.33883890086e-10, 6.52952969471e-11],
        "max": [0.0337504372001, 0.023939402774, 0.0193563271314, 0.00875107850879, 0.0104232542217, 0.0089648226276, 0.00955437682569, 0.00358177325688, 0.00520375696942, 0.00156172225252, 0.00291834538803, 0.00405070930719, 0.00282872002572, 0.00337238353677, 0.00192752736621, 0.00137296936009, 0.00136907887645, 0.000700124015566, 0.000510452373419, 0.000323731946992, 0.00040046920185, 0.000299822364468, 0.000329322589096, 0.000241749163251, 0.00016448207316, 0.000188744510524, 0.000135785507155, 0.000191784070921, 0.000130262007588, 0.000170986138983, 0.000163023738423, 0.000143990837387, 0.000137149632792, 0.00014264578931, 0.000187636731425, 0.000169868872035, 0.000150530438987, 0.000143174460391, 0.000127192062791, 6.58132121316e-05],
        "mean": [0.00507952878252, 0.00194170838222, 0.00116164633073, 0.00108326028567, 0.000366288644727, 0.000635717529804, 0.000722238968592, 0.000260346976575, 0.000248430907959, 6.04969100095e-05, 9.94288784568e-05, 8.97603094927e-05, 8.1456710177e-05, 7.80593618401e-05, 6.95518756402e-05, 7.3331866588e-05, 5.75735175516e-05, 4.13345878769e-05, 2.85933729174e-05, 1.97527406272e-05, 2.38617139985e-05, 2.01878083317e-05, 2.08995625144e-05, 1.2298510228e-05, 8.13919359643e-06, 8.55125927046e-06, 6.97294171914e-06, 6.60527120999e-06, 7.32611397325e-06, 5.98848737354e-06, 6.12625080976e-06, 7.53214317228e-06, 5.8183532019e-06, 6.00045086685e-06, 5.58659667149e-06, 6.81075835018e-06, 6.41336237095e-06, 5.6350199884e-06, 4.22007087764e-06, 3.67114103028e-06],
        "median": [0.00181147118565, 0.000918233476114, 0.000492958934046, 0.000509579607751, 0.000153675369802, 0.000308140006382, 0.000389964727219, 0.000134331043228, 6.2442770286e-05, 1.75160948857e-05, 1.62138585438e-05, 2.15221371036e-05, 1.80011375051e-05, 1.37632650876e-05, 1.1212843674e-05, 1.033206172e-05, 7.32678972781e-06, 5.71464897803e-06, 4.60061983176e-06, 5.34006312591e-06, 5.96852351009e-06, 5.40842620467e-06, 5.73600209464e-06, 2.36652681451e-06, 2.20295737563e-06, 2.13486669054e-06, 1.58131774697e-06, 1.64002915426e-06, 1.99894861908e-06, 1.90858236238e-06, 2.12175018532e-06, 3.09415372612e-06, 1.94516064767e-06, 1.84477426046e-06, 1.32485797621e-06, 2.1849980385e-06, 2.78207357951e-06, 2.27462533076e-06, 1.52223844907e-06, 1.2683285604e-06],
        "min": [2.90568217247e-24, 4.70227403271e-24, 7.05960064894e-24, 2.0826017828e-23, 1.52500554936e-23, 7.1128274608e-24, 6.34708964643e-24, 1.6593957354e-23, 1.05159970717e-23, 9.88163063051e-24, 6.35448166754e-24, 1.40020901633e-23, 1.21696215008e-23, 5.64092463547e-24, 7.61755328973e-24, 4.24171297598e-24, 1.08414116615e-23, 1.18907426047e-23, 4.62161537173e-24, 7.15459922345e-24, 7.40705680123e-24, 8.15842866965e-24, 1.16792789727e-23, 1.13262984275e-23, 1.01901564971e-23, 9.15076914562e-24, 1.00409347794e-23, 1.21095126664e-23, 1.61657100121e-23, 1.25483283778e-23, 1.74290265756e-23, 1.06643163326e-23, 9.41404910616e-24, 1.05918444701e-23, 1.32961243398e-23, 9.4617231261e-24, 8.73796612253e-24, 1.13376256813e-23, 1.67852513904e-23, 1.47347289518e-23],
        "stdev": [0.00680908188224, 0.0030067381449, 0.00193222786766, 0.00139105704147, 0.000990816275589, 0.000897040008567, 0.000934298383072, 0.000351716065779, 0.000490880978759, 0.000125548962387, 0.000273749727057, 0.000238462976995, 0.000187480909517, 0.000235502040596, 0.000184449745575, 0.000177069465281, 0.000135701877298, 9.18201694731e-05, 6.34921743767e-05, 3.79568045901e-05, 4.63419673906e-05, 3.64272018487e-05, 3.59945006494e-05, 3.05415014736e-05, 1.80854585778e-05, 1.88246340258e-05, 1.48113003888e-05, 1.40796855703e-05, 1.40381844176e-05, 1.18769021356e-05, 1.22432511489e-05, 1.33839557748e-05, 1.27444400277e-05, 1.33846733661e-05, 1.5146430087e-05, 1.49318148033e-05, 1.27762641569e-05, 1.2536524082e-05, 1.0036878848e-05, 7.94014522398e-06],
        "var": [4.63635951746e-05, 9.04047465156e-06, 3.73350439986e-06, 1.93503956325e-06, 9.81716880233e-07, 8.04680780675e-07, 8.72913517469e-07, 1.23704182897e-07, 2.40964112663e-07, 1.57625414943e-08, 7.49389172938e-08, 5.68645894816e-08, 3.51490889727e-08, 5.54612142878e-08, 3.4021706341e-08, 3.1353597052e-08, 1.84149993032e-08, 8.4309430548e-09, 4.03125577364e-09, 1.44071887753e-09, 2.1475778933e-09, 1.32694100152e-09, 1.29560395745e-09, 9.32783406071e-10, 3.27083804486e-10, 3.54366841426e-10, 2.19374629573e-10, 1.98237537496e-10, 1.97070609831e-10, 1.41060801928e-10, 1.49897205759e-10, 1.79130280054e-10, 1.62420757399e-10, 1.79149473034e-10, 2.29414348629e-10, 2.22959081753e-10, 1.63232927175e-10, 1.57164434245e-10, 1.00738944964e-10, 6.30459087714e-11]
    },
    "melbands128": {
