{
"lowlevel": {
    "average_loudness": 0.952860891819,
    "barkbands_crest": {
        "dmean": 2.71399855614,
        "dmean2": 4.25160551071,
        "dvar": 7.43124961853,
        "dvar2": 15.680685997,
        "max": 25.7475337982,
        "mean": 11.5558624268,
        "median": 10.2051420212,
        "min": 3.48775529861,
        "stdev": 5.20326185226,
        "var": 27.0739345551
    },
    "barkbands_flatness_db": {
        "dmean": 0.0314133986831,
        "dmean2": 0.043961673975,
        "dvar": 0.00100241554901,
        "dvar2": 0.0019348905189,
        "max": 0.387575447559,
        "mean": 0.189801305532,
        "median": 0.181871190667,
        "min": 0.0563634075224,
        "stdev": 0.0649411529303,
        "var": 0.00421735318378
    },
    "barkbands_kurtosis": {
        "dmean": 5.84426832199,
        "dmean2": 8.59247970581,
        "dvar": 118.344161987,
        "dvar2": 256.293731689,
        "max": 223.272109985,
        "mean": 9.30027484894,
        "median": 4.39513731003,
        "min": -1.90034413338,
        "stdev": 18.1528358459,
        "var": 329.525421143
    },
    "barkbands_skewness": {
        "dmean": 0.734457373619,
        "dmean2": 1.0634149313,
        "dvar": 0.598496794701,
        "dvar2": 1.21346211433,
        "max": 12.6816883087,
        "mean": 2.02877283096,
        "median": 1.67132925987,
        "min": -1.98596584797,
        "stdev": 1.58094882965,
        "var": 2.49939918518
    },
    "barkbands_spread": {
        "dmean": 6.5327539444,
        "dmean2": 10.060552597,
        "dvar": 121.120269775,
        "dvar2": 263.879943848,
        "max": 109.309524536,
        "mean": 14.2957620621,
        "median": 10.3862018585,
        "min": 0.655428886414,
        "stdev": 13.9716005325,
        "var": 195.205627441
    },
    "dissonance": {
        "dmean": 0.0328090526164,
        "dmean2": 0.0539156384766,
        "dvar": 0.000994098605588,
        "dvar2": 0.00243702111766,
        "max": 0.499106884003,
        "mean": 0.430619210005,
        "median": 0.438000053167,
        "min": 0.0533468611538,
        "stdev": 0.0416144393384,
        "var": 0.00173176149838
    },
    "dynamic_complexity": 2.09781479836,
    "erbbands_crest": {
        "dmean": 3.33071637154,
        "dmean2": 5.43686628342,
        "dvar": 9.73114967346,
        "dvar2": 23.3771400452,
        "max": 30.1223526001,
        "mean": 10.5979337692,
        "median": 9.79342651367,
        "min": 3.01839113235,
        "stdev": 4.37068510056,
        "var": 19.1028881073
    },
    "erbbands_flatness_db": {
        "dmean": 0.0271217301488,
        "dmean2": 0.0379135273397,
        "dvar": 0.000816709769424,
        "dvar2": 0.00139628874604,
        "max": 0.322087228298,
        "mean": 0.181793436408,
        "median": 0.181059852242,
        "min": 0.0582637637854,
        "stdev": 0.0519032813609,
        "var": 0.00269395066425
    },
    "erbbands_kurtosis": {
        "dmean": 1.89432036877,
        "dmean2": 2.94781637192,
        "dvar": 6.82675170898,
        "dvar2": 15.9403820038,
        "max": 45.7143592834,
        "mean": 1.84936690331,
        "median": 1.22088718414,
        "min": -1.87169063091,
        "stdev": 3.12131905556,
        "var": 9.74263286591
    },
    "erbbands_skewness": {
        "dmean": 0.53402531147,
        "dmean2": 0.815292954445,
        "dvar": 0.2620844841,
        "dvar2": 0.589381814003,
        "max": 6.16454124451,
        "mean": 0.907783210278,
        "median": 0.837434470654,
        "min": -1.46906661987,
        "stdev": 0.771682322025,
        "var": 0.595493614674
    },
    "erbbands_spread": {
        "dmean": 14.4295377731,
        "dmean2": 21.3715114594,
        "dvar": 383.131744385,
        "dvar2": 783.843383789,
        "max": 154.166183472,
        "mean": 35.12449646,
        "median": 24.8275337219,
        "min": 5.54399347305,
        "stdev": 27.8034248352,
        "var": 773.030456543
    },
    "hfc": {
        "dmean": 8.41594409943,
        "dmean2": 12.6206197739,
        "dvar": 114.483467102,
        "dvar2": 260.96875,
        "max": 87.191116333,
        "mean": 20.2057876587,
        "median": 16.7592658997,
        "min": 1.26450835543e-16,
        "stdev": 15.215927124,
        "var": 231.524429321
    },
    "loudness_ebu128": {
        "integrated": -7.97020292282,
        "loudness_range": 1.22375297546,
        "momentary": {
            "dmean": 0.563455700874,
            "dmean2": 0.778315663338,
            "dvar": 0.221092224121,
            "dvar2": 0.401138961315,
            "max": -5.51409244537,
            "mean": -8.14223384857,
            "median": -8.00799369812,
            "min": -11.7053852081,
            "stdev": 1.24255263805,
            "var": 1.54393708706
        },
        "short_term": {
            "dmean": 0.0703692436218,
            "dmean2": 0.0864486396313,
            "dvar": 0.00317473825999,
            "dvar2": 0.00457350630313,
            "max": -7.12556743622,
            "mean": -8.0170545578,
            "median": -7.976541996,
            "min": -8.83711051941,
            "stdev": 0.427210748196,
            "var": 0.182509034872
        }
    },
    "melbands_crest": {
        "dmean": 3.32101130486,
        "dmean2": 5.15527153015,
        "dvar": 10.6516456604,
        "dvar2": 22.4193382263,
        "max": 30.5764198303,
        "mean": 14.8144216537,
        "median": 13.3053121567,
        "min": 4.04108095169,
        "stdev": 6.02089500427,
        "var": 36.2511749268
    },
    "melbands_flatness_db": {
        "dmean": 0.0365979187191,
        "dmean2": 0.0492005757987,
        "dvar": 0.00139575405046,
        "dvar2": 0.00257466477342,
        "max": 0.498340785503,
        "mean": 0.266867876053,
        "median": 0.257122069597,
        "min": 0.0123875318095,
        "stdev": 0.0804585516453,
        "var": 0.00647357804701
    },
    "melbands_kurtosis": {
        "dmean": 11.9792060852,
        "dmean2": 18.1638622284,
        "dvar": 412.948974609,
        "dvar2": 890.646118164,
        "max": 272.559265137,
        "mean": 20.0100479126,
        "median": 9.56882762909,
        "min": -1.31018519402,
        "stdev": 30.2873268127,
        "var": 917.322143555
    },
    "melbands_skewness": {
        "dmean": 0.958741545677,
        "dmean2": 1.41309773922,
        "dvar": 1.22157335281,
        "dvar2": 2.6421892643,
        "max": 11.9075012207,
        "mean": 2.82770872116,
        "median": 2.35034871101,
        "min": -0.586252093315,
        "stdev": 1.97250819206,
        "var": 3.89078879356
    },
    "melbands_spread": {
        "dmean": 5.08847284317,
        "dmean2": 7.59068202972,
        "dvar": 63.0799751282,
        "dvar2": 127.738601685,
        "max": 158.01713562,
        "mean": 13.2212495804,
        "median": 9.93164348602,
        "min": 0.671118676662,
        "stdev": 10.6703586578,
        "var": 113.856544495
    },
    "pitch_salience": {
        "dmean": 0.0798724740744,
        "dmean2": 0.124440021813,
        "dvar": 0.00538514042273,
        "dvar2": 0.0120558347553,
        "max": 0.847894072533,
        "mean": 0.539193570614,
        "median": 0.568167150021,
        "min": 0.100123442709,
        "stdev": 0.144935190678,
        "var": 0.0210062097758
    },
    "silence_rate_20dB": {
        "dmean": 0,
        "dmean2": 0,
        "dvar": 0,
        "dvar2": 0,
        "max": 1,
        "mean": 1,
        "median": 1,
        "min": 1,
        "stdev": 0,
        "var": 0
    },
    "silence_rate_30dB": {
        "dmean": 0.0603715181351,
        "dmean2": 0.120836563408,
        "dvar": 0.0567264929414,
        "dvar2": 0.106235705316,
        "max": 1,
        "mean": 0.890951275826,
        "median": 1,
        "min": 0,
        "stdev": 0.311701089144,
        "var": 0.0971575602889
    },
    "silence_rate_60dB": {
        "dmean": 0.00154798757285,
        "dmean2": 0.002323779976,
        "dvar": 0.00154557928909,
        "dvar2": 0.00231834454462,
        "max": 1,
        "mean": 0.00232018553652,
        "median": 0,
        "min": 0,
        "stdev": 0.0481121987104,
        "var": 0.00231478363276
    },
    "spectral_centroid": {
        "dmean": 201.740585327,
        "dmean2": 287.878662109,
        "dvar": 142508.984375,
        "dvar2": 206512.59375,
        "max": 11486.4042969,
        "mean": 749.429260254,
        "median": 635.166442871,
        "min": 181.039978027,
        "stdev": 489.4246521,
        "var": 239536.5
    },
    "spectral_complexity": {
        "dmean": 2.93962860107,
        "dmean2": 4.33772277832,
        "dvar": 8.34463119507,
        "dvar2": 15.9835424423,
        "max": 35,
        "mean": 14.3341064453,
        "median": 13,
        "min": 0,
        "stdev": 5.63519859314,
        "var": 31.7554645538
    },
    "spectral_decrease": {
        "dmean": 4.08770040039e-09,
        "dmean2": 5.62763569079e-09,
        "dvar": 3.37088408063e-17,
        "dvar2": 6.15215117365e-17,
        "max": 1.3496492142e-28,
        "mean": -1.1743274797e-08,
        "median": -8.19479151204e-09,
        "min": -6.73380142757e-08,
        "stdev": 1.06262909583e-08,
        "var": 1.12918068078e-16
    },
    "spectral_energy": {
        "dmean": 0.0159175675362,
        "dmean2": 0.0219635721296,
        "dvar": 0.000502110808156,
        "dvar2": 0.00091997749405,
        "max": 0.256253033876,
        "mean": 0.0461545065045,
        "median": 0.0329631008208,
        "min": 1.09600873786e-20,
        "stdev": 0.0407875068486,
        "var": 0.00166362081654
    },
    "spectral_energyband_high": {
        "dmean": 0.000574453675654,
        "dmean2": 0.000922116916627,
        "dvar": 1.16498188163e-06,
        "dvar2": 2.84921611637e-06,
        "max": 0.00781480874866,
        "mean": 0.000638451776467,
        "median": 0.000210011814488,
        "min": 7.97086263216e-21,
        "stdev": 0.00112815655302,
        "var": 1.27273733597e-06
    },
    "spectral_energyband_low": {
        "dmean": 0.00976290460676,
        "dmean2": 0.0136209288612,
        "dvar": 0.000433816458099,
        "dvar2": 0.000792935607024,
        "max": 0.250433593988,
        "mean": 0.0226281285286,
        "median": 0.00655386503786,
        "min": 3.88432269832e-23,
        "stdev": 0.0379574149847,
        "var": 0.00144076545257
    },
    "spectral_energyband_middle_high": {
        "dmean": 0.00214474159293,
        "dmean2": 0.00291739660315,
        "dvar": 9.85662700259e-06,
        "dvar2": 1.77511265065e-05,
        "max": 0.0355073958635,
        "mean": 0.00451757386327,
        "median": 0.00198220810853,
        "min": 1.29485411178e-21,
        "stdev": 0.00565131660551,
        "var": 3.193737939e-05
    },
    "spectral_energyband_middle_low": {
        "dmean": 0.00822084862739,
        "dmean2": 0.0126972878352,
        "dvar": 0.00010302400915,
        "dvar2": 0.000246082025114,
        "max": 0.116314008832,
        "mean": 0.019957439974,
        "median": 0.0163733921945,
        "min": 4.56325918116e-22,
        "stdev": 0.0140471281484,
        "var": 0.000197321802261
    },
    "spectral_entropy": {
        "dmean": 0.313270717859,
        "dmean2": 0.425724387169,
        "dvar": 0.110884830356,
        "dvar2": 0.186254560947,
        "max": 9.81121826172,
        "mean": 7.07878351212,
        "median": 7.07458162308,
        "min": 5.55539798737,
        "stdev": 0.602113902569,
        "var": 0.362541139126
    },
    "spectral_flux": {
        "dmean": 0.0408597402275,
        "dmean2": 0.0614615269005,
        "dvar": 0.00211398885585,
        "dvar2": 0.00427804607898,
        "max": 0.422504216433,
        "mean": 0.102915517986,
        "median": 0.0867318734527,
        "min": 1.04690436875e-10,
        "stdev": 0.0651306733489,
        "var": 0.004242004361
    },
    "spectral_kurtosis": {
        "dmean": 4.59055566788,
        "dmean2": 7.0576505661,
        "dvar": 42.1339302063,
        "dvar2": 89.9022750854,
        "max": 95.3254165649,
        "mean": 8.78157997131,
        "median": 5.37970161438,
        "min": -1.38965678215,
        "stdev": 10.7208509445,
        "var": 114.936645508
    },
    "spectral_rms": {
        "dmean": 0.00111857824959,
        "dmean2": 0.00153067335486,
        "dvar": 1.654760581e-06,
        "dvar2": 2.96278221867e-06,
        "max": 0.0158114824444,
        "mean": 0.00619699805975,
        "median": 0.00567090138793,
        "min": 3.26997977307e-12,
        "stdev": 0.00257412483916,
        "var": 6.6261181928e-06
    },
    "spectral_rolloff": {
        "dmean": 519.6640625,
        "dmean2": 900.475036621,
        "dvar": 2158402.75,
        "dvar2": 4704859,
        "max": 19379.8828125,
        "mean": 958.234619141,
        "median": 538.330078125,
        "min": 64.599609375,
        "stdev": 1524.2623291,
        "var": 2323375.5
    },
    "spectral_skewness": {
        "dmean": 0.50745755434,
        "dmean2": 0.735988795757,
        "dvar": 0.291678637266,
        "dvar2": 0.569540798664,
        "max": 8.01746559143,
        "mean": 2.16195464134,
        "median": 1.92463505268,
        "min": -0.0227549411356,
        "stdev": 1.01710534096,
        "var": 1.03450322151
    },
    "spectral_spread": {
        "dmean": 1268753.125,
        "dmean2": 1634808.125,
        "dvar": 3.01931849318e+12,
        "dvar2": 4.79094217114e+12,
        "max": 39267924,
        "mean": 4691941,
        "median": 3919693.5,
        "min": 961511.5625,
        "stdev": 2942973.25,
        "var": 8.66109200794e+12
    },
    "spectral_strongpeak": {
        "dmean": 0.539761722088,
        "dmean2": 0.870209634304,
        "dvar": 0.590618491173,
        "dvar2": 1.35632801056,
        "max": 6.66370534897,
        "mean": 1.05572485924,
        "median": 0.704119265079,
        "min": 0,
        "stdev": 1.02600181103,
        "var": 1.05267965794
    },
    "zerocrossingrate": {
        "dmean": 0.0125146638602,
        "dmean2": 0.0149294547737,
        "dvar": 0.000517978565767,
        "dvar2": 0.000616648758296,
        "max": 0.51123046875,
        "mean": 0.0391463339329,
        "median": 0.02978515625,
        "min": 0.0029296875,
        "stdev": 0.0355619080365,
        "var": 0.00126464932691
    },
    "barkbands": {
        "dmean": [0.000233459373703, 0.0075345528312, 0.00441623898223, 0.00144537352026, 0.0033166219946, 0.00239643268287, 0.00205859984271, 0.00229230127297, 0.00102902634535, 0.000705540645868, 0.000592869240791, 0.000532206089702, 0.000556628161576, 0.000349079433363, 0.000157254675287, 0.000103869890154, 0.000183816271601, 9.08963193069e-05, 6.99107913533e-05, 6.64075923851e-05, 4.01267061534e-05, 8.77745333128e-05, 0.000212730083149, 0.000141841563163, 9.35844072956e-05, 2.00001813937e-05, 6.65671393563e-07],
        "dmean2": [0.000319049460813, 0.0104762520641, 0.00768223730847, 0.00248275673948, 0.00500673847273, 0.00388767430559, 0.00339314062148, 0.00369124487042, 0.00158625841141, 0.00109002855606, 0.000932259019464, 0.000792285252828, 0.000869517272804, 0.000526754010934, 0.000252450612606, 0.000163811288076, 0.000275301514193, 0.000134070811328, 0.000101632547739, 0.000103331221908, 6.13523370703e-05, 0.000137064780574, 0.000361214537406, 0.000228926874115, 0.000142610471812, 3.00790034089e-05, 1.12324653401e-06],
        "dvar": [3.08985278252e-07, 0.000352709670551, 0.000163438220625, 7.52692039896e-06, 2.04348871193e-05, 1.58113380166e-05, 3.01176223729e-05, 3.34345168085e-05, 5.50914319319e-06, 1.93921005121e-06, 2.18026343646e-06, 2.57770261669e-06, 1.47580351495e-06, 7.68895972669e-07, 1.44466611118e-07, 4.6795502584e-08, 2.09070520896e-07, 3.04022123032e-08, 1.3576000768e-08, 1.26814434509e-08, 4.76655559467e-09, 2.32955219559e-08, 2.18309907041e-07, 8.24203567618e-08, 9.24104668343e-08, 6.36334140935e-09, 5.27600445971e-12],
        "dvar2": [5.07030733843e-07, 0.000640019075945, 0.000443974626251, 1.96470627998e-05, 4.49102299171e-05, 3.92015899706e-05, 7.78938410804e-05, 8.42630979605e-05, 1.23663467093e-05, 4.69063297714e-06, 5.08849143444e-06, 5.66505696042e-06, 3.24429538523e-06, 1.66414451996e-06, 3.43492729371e-07, 1.16831309072e-07, 4.42054215455e-07, 6.74437927728e-08, 2.56101753138e-08, 2.99902360723e-08, 1.10141868959e-08, 5.50965992829e-08, 5.73755244204e-07, 2.09496377579e-07, 2.21159112357e-07, 1.43735894298e-08, 1.40612296112e-11],
        "max": [0.00585607159883, 0.231465861201, 0.106385111809, 0.0326811820269, 0.0569887496531, 0.0467209629714, 0.0727573186159, 0.0873599201441, 0.0398774035275, 0.014768130146, 0.0214306805283, 0.022329621017, 0.0139943109825, 0.0118215912953, 0.00525308959186, 0.00349180027843, 0.00787240453064, 0.00241936859675, 0.00149166258052, 0.00117699359544, 0.000797444197815, 0.0015870325733, 0.00274438317865, 0.00327642448246, 0.00520493136719, 0.00146826368291, 3.94165945181e-05],
        "mean": [0.000418717245338, 0.0163088105619, 0.0046001127921, 0.00197069137357, 0.00640292232856, 0.00380236515775, 0.00255371304229, 0.00303835980594, 0.00156216428149, 0.00109844410326, 0.000864662113599, 0.000726044992916, 0.000771604420152, 0.000479138689116, 0.000200373004191, 0.00013377922005, 0.000269641983323, 0.000140617543366, 0.000119469354104, 9.65312574408e-05, 5.37516752956e-05, 0.000103712154669, 0.000189895334188, 0.000133952868055, 9.41615799093e-05, 2.04024490813e-05, 5.55807275759e-07],
        "median": [0.00012518724543, 0.00316666788422, 0.00124002434313, 0.000965353101492, 0.00392059562728, 0.00208882801235, 0.000841600238346, 0.000912481860723, 0.000535291328561, 0.000408181746025, 0.000173946114955, 0.000108976273623, 0.000103491191112, 6.28310081083e-05, 6.42113227514e-05, 4.25191792601e-05, 5.96101162955e-05, 4.37359231e-05, 4.16903640144e-05, 3.34468677465e-05, 1.88986505236e-05, 4.33977729699e-05, 4.77542198496e-05, 1.8462733351e-05, 1.10977080112e-05, 2.34666663346e-06, 2.66444288854e-08],
        "min": [2.60119586533e-24, 8.26951369574e-24, 2.34725909447e-23, 5.69836956548e-23, 2.03990670579e-22, 5.84359759595e-23, 2.61996483842e-23, 4.69374005655e-23, 5.6628563097e-23, 8.18123921381e-23, 5.70494235454e-23, 1.05732718445e-22, 3.09523996541e-23, 1.35381784199e-22, 1.62704379237e-22, 1.51057068853e-22, 8.08278684849e-23, 2.43620896755e-22, 2.0506586906e-22, 2.54992964104e-22, 2.72656203482e-22, 4.46741396958e-22, 5.05955694641e-22, 8.81959719657e-22, 1.47881304175e-21, 1.96592538634e-21, 2.5841330343e-21],
        "stdev": [0.00084011151921, 0.0336357317865, 0.0114180808887, 0.00295770145021, 0.00731069780886, 0.00541282212362, 0.00563918659464, 0.0062372777611, 0.0030260796193, 0.0017690845998, 0.00192701874766, 0.00201061391272, 0.00170896318741, 0.00116239849012, 0.00042696739547, 0.000265149225015, 0.000623745494522, 0.000240105146077, 0.00018002683646, 0.00014646082127, 8.85314730112e-05, 0.000167321617482, 0.000417449307861, 0.000286650960334, 0.000315254845191, 8.41414075694e-05, 1.98018233277e-06],
        "var": [7.05787329025e-07, 0.00113136239816, 0.000130372573039, 8.74799752637e-06, 5.34462997166e-05, 2.92986442219e-05, 3.18004276778e-05, 3.89036322304e-05, 9.15715827432e-06, 3.12966017191e-06, 3.71340138372e-06, 4.04256797992e-06, 2.92055528917e-06, 1.35117022637e-06, 1.82301164386e-07, 7.03041038719e-08, 3.89058442352e-07, 5.76504781691e-08, 3.24096625093e-08, 2.14507718255e-08, 7.83782194702e-09, 2.79965259864e-08, 1.74263931285e-07, 8.21687748953e-08, 9.93856161813e-08, 7.07977676484e-09, 3.92112167388e-12]
    },
    "erbbands": {
        "dmean": [0.226710438728, 1.77091693878, 4.62308216095, 5.38942146301, 5.18549394608, 13.5091772079, 21.3669052124, 18.9338493347, 23.6565914154, 49.300907135, 35.2637405396, 25.2433719635, 26.197013855, 14.7471666336, 27.9438095093, 22.526227951, 23.3829975128, 21.4086837769, 10.6290864944, 5.80380296707, 6.54390001297, 7.94954681396, 5.8349199295, 3.239538908, 3.71803689003, 3.14899706841, 1.79273080826, 1.634963274, 3.06825566292, 5.03030347824, 5.68424034119, 3.66855955124, 1.975517869, 1.28410565853, 0.545517206192, 0.139710634947, 0.0282635446638, 0.00288911140524, 8.61065418576e-05, 2.03886847885e-05],
        "dmean2": [0.282849341631, 2.53030562401, 7.69011354446, 9.39694595337, 8.22566509247, 20.619146347, 33.5554122925, 31.5355644226, 39.0047607422, 80.4264526367, 56.0626869202, 39.1090698242, 41.9995613098, 22.0340003967, 43.8539161682, 33.1016120911, 36.2936859131, 31.6961326599, 16.5423965454, 9.15862941742, 9.96633529663, 11.8324098587, 8.29770946503, 4.50626277924, 5.39500188828, 4.88739013672, 2.81757760048, 2.50027537346, 4.85921239853, 8.12465763092, 9.64328193665, 6.0302157402, 3.15271353722, 1.98584413528, 0.833600699902, 0.207414388657, 0.0435228645802, 0.00475113512948, 0.000137914554216, 2.87188977381e-05],
        "dvar": [0.30840536952, 19.8967285156, 150.750778198, 174.608261108, 59.5433006287, 478.978668213, 1371.96655273, 1010.1071167, 4518.2734375, 16338.7509766, 7148.67431641, 3505.89624023, 3623.66870117, 867.785339355, 4978.35742188, 5201.63378906, 2501.12329102, 3015.78540039, 751.137695312, 134.684844971, 166.078796387, 410.980987549, 124.499275208, 32.5621414185, 36.0696220398, 31.1773300171, 9.9918718338, 9.26371860504, 31.7756595612, 86.5593109131, 155.260986328, 55.2515411377, 20.3600196838, 13.9157190323, 3.69478464127, 0.272708535194, 0.0114024979994, 0.000134379675728, 8.18124519242e-08, 7.58457852079e-10],
        "dvar2": [0.40309664607, 39.5548591614, 382.357452393, 481.330688477, 154.791122437, 1103.52868652, 3162.72192383, 2491.48242188, 11297.0634766, 41824.3515625, 17379.3378906, 8082.34619141, 9065.92578125, 2018.82763672, 11854.6464844, 11919.1269531, 5609.04199219, 6215.71289062, 1767.42626953, 314.274200439, 352.768585205, 956.022338867, 245.955551147, 58.4515037537, 74.0456924438, 75.7233428955, 23.3715667725, 21.0638771057, 77.6064605713, 218.596008301, 408.838989258, 140.463882446, 52.094078064, 32.337310791, 8.98633766174, 0.585502028465, 0.0261680129915, 0.000336210534442, 2.03874407134e-07, 1.5331945713e-09],
        "max": [6.0714468956, 59.2534980774, 128.811538696, 104.605133057, 90.748916626, 281.611877441, 618.526123047, 453.764099121, 1053.95471191, 2286.9753418, 1063.89135742, 1018.27154541, 612.292358398, 453.536621094, 759.164367676, 1098.20251465, 624.662719727, 732.570922852, 418.726074219, 158.892425537, 190.050842285, 421.712921143, 160.078796387, 116.459587097, 75.6615142822, 61.4077262878, 43.815032959, 35.3599815369, 58.8797607422, 83.6881484985, 69.9397964478, 43.5811424255, 77.2072067261, 61.4037094116, 32.2693099976, 8.40923786163, 1.97833108902, 0.249231368303, 0.00526871113107, 0.000278310355498],
        "mean": [0.475277930498, 3.58328056335, 5.8080663681, 6.79380178452, 9.42304039001, 24.0145130157, 35.6526756287, 28.7354469299, 31.6166286469, 62.52709198, 50.8891029358, 40.1969604492, 39.5536575317, 24.601518631, 39.7122459412, 33.9516944885, 33.6619338989, 31.7013053894, 14.4242401123, 8.4848613739, 9.51024627686, 11.6561775208, 9.82372665405, 5.74451971054, 6.1989159584, 4.61648035049, 2.60685968399, 2.01582121849, 3.43780183792, 5.31364297867, 5.00439548492, 3.28388786316, 1.98143684864, 1.28940486908, 0.541418910027, 0.146846652031, 0.0280784107745, 0.00278862402774, 0.000102931255242, 5.68145078432e-05],
        "median": [0.0913094654679, 0.648377478123, 1.6727887392, 3.20633029938, 5.31602287292, 12.3716306686, 19.9518356323, 15.5674028397, 11.9518585205, 20.4769001007, 18.9277439117, 16.0426750183, 15.2905359268, 9.47746944427, 9.45462417603, 6.42261648178, 5.28436899185, 4.12038135529, 3.3327767849, 3.29082489014, 3.06742930412, 3.09211945534, 2.72133684158, 2.16791367531, 2.16997742653, 1.65952122211, 0.85421359539, 0.714421033859, 1.3295468092, 1.97066295147, 1.10605967045, 0.445734381676, 0.271858394146, 0.16201518476, 0.0603135749698, 0.0156023781747, 0.00337007874623, 0.000325891160173, 3.39074249496e-05, 4.31944245065e-05],
        "min": [2.94147500844e-22, 2.27960354334e-21, 2.37058509045e-20, 8.47295189358e-20, 6.26054283249e-19, 5.97201706495e-19, 4.87294476999e-19, 4.83015781883e-19, 2.53703686797e-19, 9.14371446176e-19, 8.74946467218e-19, 1.16503901823e-18, 1.62524674229e-18, 3.05523832817e-18, 2.50514771118e-18, 4.62848580882e-18, 1.95918886136e-18, 5.53399753025e-18, 9.05561765857e-18, 1.02500035974e-17, 6.75220668428e-18, 4.42271056938e-18, 8.96426217736e-18, 1.42619040145e-17, 9.83982789266e-18, 1.2863761157e-17, 1.28288772962e-17, 1.11658496998e-17, 1.51079261471e-17, 1.66941723574e-17, 1.37685089771e-17, 1.10542506274e-17, 2.08908963563e-17, 1.83238372782e-17, 8.6348548692e-18, 6.87779710309e-18, 3.45421131905e-18, 1.46972830853e-18, 3.3165778226e-19, 3.85559772568e-20],
        "stdev": [0.995504558086, 7.80860853195, 13.1499328613, 11.8325948715, 11.6463365555, 32.8881874084, 47.5611190796, 44.0581130981, 75.1435699463, 131.264587402, 99.6303863525, 76.9327316284, 67.2073516846, 41.6860771179, 84.5736694336, 88.0689086914, 68.8796005249, 75.2948150635, 33.2490997314, 14.8135347366, 17.9031906128, 24.9047393799, 17.3250331879, 9.01619052887, 9.11876487732, 7.05881023407, 4.4700717926, 3.48118400574, 5.90929460526, 9.2775850296, 11.1349515915, 7.09414052963, 4.5688328743, 3.99966955185, 1.94845557213, 0.582621634007, 0.109843827784, 0.010749578476, 0.0002720085904, 4.68229773105e-05],
        "var": [0.991029381752, 60.9743690491, 172.920730591, 140.010299683, 135.637161255, 1081.63293457, 2262.06005859, 1941.11730957, 5646.55615234, 17230.3925781, 9926.21386719, 5918.64501953, 4516.828125, 1737.72912598, 7152.70556641, 7756.13232422, 4744.39941406, 5669.30957031, 1105.50268555, 219.440811157, 320.524230957, 620.246032715, 300.156768799, 81.2916870117, 83.1518783569, 49.8268013, 19.9815425873, 12.1186418533, 34.9197654724, 86.0735778809, 123.9871521, 50.3268280029, 20.8742351532, 15.9973564148, 3.79647922516, 0.339447975159, 0.0120656657964, 0.000115553433716, 7.39886800716e-08, 2.19239115751e-09]
    },
    "gfcc": {
        "mean": [-10.6060400009, 127.706268311, -96.2537155151, 26.2215175629, -66.9229431152, 15.8847055435, -37.9226531982, 9.00360202789, -16.3107299805, -3.67531561852, -8.11998558044, 0.231439083815, -8.17707633972],
        "cov": [[5780.04199219, -1873.15637207, -586.639526367, 427.118225098, -544.396179199, 725.374206543, -186.588058472, 209.25201416, -177.4087677, 317.190124512, -10.8916807175, 124.352615356, -350.37713623], [-1873.15637207, 1813.66137695, -181.140823364, -351.165283203, 455.127288818, -481.571533203, 337.562286377, -156.775085449, 135.327804565, -241.449417114, 131.887435913, -129.255889893, 169.060913086], [-586.639526367, -181.140823364, 903.842468262, 74.8980484009, -94.7911148071, 140.237533569, -90.4971313477, 42.6966209412, 57.2613754272, 25.3616161346, -129.677505493, 31.3467216492, 55.2691917419], [427.118225098, -351.165283203, 74.8980484009, 357.201507568, -31.6957893372, 69.8508224487, -77.4084014893, 31.9065704346, 21.5015983582, 20.5033607483, -0.580383777618, 16.7771759033, 26.9653720856], [-544.396179199, 455.127288818, -94.7911148071, -31.6957893372, 330.053588867, -105.561408997, 119.137733459, -1.36762106419, 48.5245056152, -29.7357788086, 61.3316802979, -32.1244812012, 51.053768158], [725.374206543, -481.571533203, 140.237533569, 69.8508224487, -105.561408997, 358.644744873, 34.9669189453, 63.7512512207, -22.416311264, 104.570747375, -0.970142841339, 28.205821991, -74.4461975098], [-186.588058472, 337.562286377, -90.4971313477, -77.4084014893, 119.137733459, 34.9669189453, 303.672271729, 22.8663387299, 15.2418365479, -24.2811508179, 89.2282714844, -2.30995583534, -9.41528892517], [209.25201416, -156.775085449, 42.6966209412, 31.9065704346, -1.36762106419, 63.7512512207, 22.8663387299, 124.770477295, 29.6806221008, 36.5675239563, -1.6865683794, 15.0116949081, -13.7871999741], [-177.4087677, 135.327804565, 57.2613754272, 21.5015983582, 48.5245056152, -22.416311264, 15.2418365479, 29.6806221008, 128.939987183, 13.7519397736, 5.66858530045, -17.7101726532, 23.400138855], [317.190124512, -241.449417114, 25.3616161346, 20.5033607483, -29.7357788086, 104.570747375, -24.2811508179, 36.5675239563, 13.7519397736, 133.243774414, 16.9859828949, 12.7090406418, -34.6139678955], [-10.8916807175, 131.887435913, -129.677505493, -0.580383777618, 61.3316802979, -0.970142841339, 89.2282714844, -1.6865683794, 5.66858530045, 16.9859828949, 119.370674133, 15.4705114365, 5.03100442886], [124.352615356, -129.255889893, 31.3467216492, 16.7771759033, -32.1244812012, 28.205821991, -2.30995583534, 15.0116949081, -17.7101726532, 12.7090406418, 15.4705114365, 78.9345703125, 4.01085090637], [-350.37713623, 169.060913086, 55.2691917419, 26.9653720856, 51.053768158, -74.4461975098, -9.41528892517, -13.7871999741, 23.400138855, -34.6139678955, 5.03100442886, 4.01085090637, 122.965072632]],
        "icov": [[0.000481638824567, -0.000383788021281, 0.000651681155432, -0.000704348727595, 0.000559857930057, -0.000965221726801, 0.0004191728367, -0.000662307720631, 0.000431221968029, -0.000609725480899, 0.000691745255608, -0.000758785405196, 0.00064536021091], [-0.000383788021281, 0.00544494576752, -0.0014725679066, 0.00386212370358, -0.00278263888322, 0.00410884572193, -0.00362542271614, 0.0041727302596, -0.00407063495368, 0.00456238677725, -0.00440191337839, 0.00514450622723, -0.00286030885763], [0.000651681155432, -0.0014725679066, 0.00276121264324, -0.00156341283582, 0.00126245978754, -0.00280939531513, 0.00114921748172, -0.0014563689474, 0.000323768763337, -0.00162273820024, 0.00369754317217, -0.00276999222115, 0.000103580139694], [-0.000704348727595, 0.00386212370358, -0.00156341283582, 0.00664699124172, -0.00239726132713, 0.00235454156063, -0.00121679995209, 0.00255354493856, -0.00366863282397, 0.00433809915558, -0.00459780637175, 0.00385993113741, -0.00347636081278], [0.000559857930057, -0.00278263888322, 0.00126245978754, -0.00239726132713, 0.00640593562275, -0.00138330808841, 0.000341362756444, -0.0027936748229, 0.00148281664588, -0.00299337995239, 0.0013888644753, -0.00126842409372, 0.000454778841231], [-0.000965221726801, 0.00410884572193, -0.00280939531513, 0.00235454156063, -0.00138330808841, 0.00978119764477, -0.00501341931522, 0.00269266264513, -0.00169550057035, 0.000266610004473, -0.00359398219734, 0.00447091646492, -0.000839952786919], [0.0004191728367, -0.00362542271614, 0.00114921748172, -0.00121679995209, 0.000341362756444, -0.00501341931522, 0.00873410049826, -0.00424956530333, 0.00212387321517, 0.000140105417813, -0.00133692054078, -0.00322383013554, 0.00273959618062], [-0.000662307720631, 0.0041727302596, -0.0014563689474, 0.00255354493856, -0.0027936748229, 0.00269266264513, -0.00424956530333, 0.0139869395643, -0.00579829281196, 0.00180456053931, -0.00154911796562, 0.00183610792737, -0.00188166368753], [0.000431221968029, -0.00407063495368, 0.000323768763337, -0.00366863282397, 0.00148281664588, -0.00169550057035, 0.00212387321517, -0.00579829281196, 0.0134588172659, -0.00559896370396, 0.0026618600823, -0.000978148076683, 0.00114037026651], [-0.000609725480899, 0.00456238677725, -0.00162273820024, 0.00433809915558, -0.00299337995239, 0.000266610004473, 0.000140105417813, 0.00180456053931, -0.00559896370396, 0.0165305826813, -0.00797593407333, 0.00418262043968, -0.000706046761479], [0.000691745255608, -0.00440191337839, 0.00369754317217, -0.00459780637175, 0.0013888644753, -0.00359398219734, -0.00133692054078, -0.00154911796562, 0.0026618600823, -0.00797593407333, 0.0196243505925, -0.00870327185839, 0.00107009813655], [-0.000758785405196, 0.00514450622723, -0.00276999222115, 0.00385993113741, -0.00126842409372, 0.00447091646492, -0.00322383013554, 0.00183610792737, -0.000978148076683, 0.00418262043968, -0.00870327185839, 0.0210577175021, -0.00461131287739], [0.00064536021091, -0.00286030885763, 0.000103580139694, -0.00347636081278, 0.000454778841231, -0.000839952786919, 0.00273959618062, -0.00188166368753, 0.00114037026651, -0.000706046761479, 0.00107009813655, -0.00461131287739, 0.0136119294912]]
    },
    "melbands": {
        "dmean": [0.00203877640888, 0.00209880480543, 0.000862221058924, 0.000599044957198, 0.000739067036193, 0.000424816011218, 0.000375082221581, 0.000551953737158, 0.000257746898569, 0.00015350508329, 0.000129215535708, 5.82197899348e-05, 9.11283277674e-05, 6.67620261083e-05, 5.81181448069e-05, 4.88455407321e-05, 3.95543465856e-05, 1.88608973986e-05, 9.81364610197e-06, 7.28901704861e-06, 9.12859650271e-06, 8.79367962625e-06, 8.17739237391e-06, 5.10618110638e-06, 2.48025594374e-06, 2.81348775388e-06, 2.77584649666e-06, 2.14060150938e-06, 1.30152818656e-06, 9.10111111807e-07, 9.48459216943e-07, 1.53678854531e-06, 2.15947829929e-06, 3.53817154064e-06, 3.7142203837e-06, 2.8180083973e-06, 2.04945558835e-06, 1.44014245507e-06, 1.20962533856e-06, 1.06892321128e-06],
        "dmean2": [0.00271041272208, 0.00316583481617, 0.00150250515435, 0.000916206336115, 0.00113487243652, 0.000700855744071, 0.000620874168817, 0.000905792636331, 0.000407590123359, 0.000239916771534, 0.00020739879983, 8.8492204668e-05, 0.00014411736629, 9.94374931906e-05, 8.88022987056e-05, 7.39432871342e-05, 5.90813433519e-05, 2.97797723761e-05, 1.56933128892e-05, 1.15198117783e-05, 1.40007950904e-05, 1.33843259391e-05, 1.22886694953e-05, 7.464171631e-06, 3.57820113095e-06, 4.20875312557e-06, 4.15475460613e-06, 3.41649479196e-06, 2.07677453545e-06, 1.39824919643e-06, 1.47065838974e-06, 2.47264620157e-06, 3.38909467246e-06, 5.86857140661e-06, 6.375931207e-06, 4.77848152514e-06, 3.32610852638e-06, 2.32377146858e-06, 1.88239107501e-06, 1.6694812075e-06],
        "dvar": [2.55798422586e-05, 2.42767600867e-05, 3.86846295442e-06, 7.58236751608e-07, 1.29694547013e-06, 4.99807981669e-07, 1.09984682695e-06, 2.02989917852e-06, 3.66889281622e-07, 1.19575616964e-07, 9.03991903556e-08, 1.47588563593e-08, 5.20255731828e-08, 3.62735299575e-08, 1.8526625567e-08, 1.26996573258e-08, 9.53056389363e-09, 2.80125012075e-09, 4.86363282981e-10, 2.91450169554e-10, 3.64160313016e-10, 7.21193271769e-10, 3.01561081661e-10, 1.33665842283e-10, 1.9633343562e-11, 2.25251275965e-11, 2.11550343215e-11, 1.60362088192e-11, 6.10170204293e-12, 2.79336536541e-12, 3.40079592091e-12, 8.43698982206e-12, 1.39400713195e-11, 5.03632309468e-11, 6.89482707039e-11, 3.82041273617e-11, 1.65071029762e-11, 1.07835997076e-11, 8.90799760345e-12, 1.29014299244e-11],
        "dvar2": [4.11512082792e-05, 5.41475747013e-05, 1.05540484583e-05, 1.81970619906e-06, 2.88128535431e-06, 1.2260505855e-06, 2.770445235e-06, 5.14817611474e-06, 8.79404694842e-07, 2.78477386928e-07, 2.25406353138e-07, 3.38954073698e-08, 1.22930416069e-07, 8.22731536232e-08, 3.93833907708e-08, 2.58963428479e-08, 1.98002449991e-08, 6.66907862268e-09, 1.16332232736e-09, 6.63846089211e-10, 7.56108509137e-10, 1.77642045518e-09, 6.05503702733e-10, 2.87337570404e-10, 3.67240543531e-11, 4.64864015337e-11, 4.56403630167e-11, 4.06766495487e-11, 1.47774084636e-11, 6.17837118272e-12, 7.90409838275e-12, 2.0545766477e-11, 3.38584334181e-11, 1.31531688319e-10, 1.84606580023e-10, 9.8717999053e-11, 4.19825250952e-11, 2.83568325071e-11, 2.12633851499e-11, 3.11095628425e-11],
        "max": [0.061651751399, 0.0585678070784, 0.0154526857659, 0.0101418830454, 0.0169302877039, 0.0104491468519, 0.0164163559675, 0.0219888873398, 0.00716357026249, 0.00567219266668, 0.00305176968686, 0.00199452531524, 0.00303750345483, 0.00257527618669, 0.00211286707781, 0.00133516837377, 0.00123771012295, 0.000982557190582, 0.000237154745264, 0.000345651846146, 0.000279656669591, 0.000629124464467, 0.000224687086302, 0.000190054182895, 8.53974852362e-05, 5.53549725737e-05, 4.66094970761e-05, 4.83894764329e-05, 4.24671125074e-05, 1.96936434804e-05, 2.27868131333e-05, 3.03920296574e-05, 3.3074964449e-05, 5.63525718462e-05, 4.75015222037e-05, 3.38906102115e-05, 3.10337891278e-05, 5.66712842556e-05, 4.41201409558e-05, 6.41451042611e-05],
        "mean": [0.00445866025984, 0.0035893782042, 0.00118964910507, 0.00115321984049, 0.00129870837554, 0.00065131491283, 0.000488121790113, 0.000704198435415, 0.000379161181627, 0.000235535684624, 0.000190127524547, 9.25266431295e-05, 0.000129529042169, 8.91274903552e-05, 8.55359685374e-05, 7.10250387783e-05, 5.62773857382e-05, 2.3685510314e-05, 1.24181888168e-05, 1.02193844214e-05, 1.24464186229e-05, 1.21902321553e-05, 1.19191336125e-05, 7.55700693844e-06, 4.08182313549e-06, 4.53228494735e-06, 4.17750243287e-06, 2.83500298792e-06, 1.77004426405e-06, 1.16714738851e-06, 1.11764256872e-06, 1.68315125393e-06, 2.52171389548e-06, 3.3940823414e-06, 3.17243757308e-06, 2.34488788919e-06, 1.86391821444e-06, 1.40807469506e-06, 1.2157903484e-06, 1.04195112272e-06],
        "median": [0.000841141853016, 0.00101785000879, 0.000665275496431, 0.000681474048179, 0.000756277760956, 0.000353139737854, 0.000167117003002, 0.000224908115342, 0.000142710778164, 8.96358760656e-05, 6.75152041367e-05, 3.17387857649e-05, 2.74202920991e-05, 1.75241275429e-05, 1.35518430397e-05, 9.5472087196e-06, 6.82383824824e-06, 4.8407482609e-06, 4.07873585573e-06, 3.61742604582e-06, 3.5302946344e-06, 3.00658211927e-06, 2.62988760369e-06, 2.03535182663e-06, 1.49829531892e-06, 1.56229430104e-06, 1.30927344344e-06, 8.40609175157e-07, 4.69549860327e-07, 3.0193430689e-07, 3.43428496308e-07, 5.60287787721e-07, 1.04694754555e-06, 1.04362140974e-06, 6.45220040951e-07, 3.14395435907e-07, 2.38673720787e-07, 1.80975533226e-07, 1.64085946608e-07, 1.26090171193e-07],
        "min": [2.72974607465e-24, 8.34513863528e-24, 3.32930193796e-23, 4.76099076426e-23, 1.80660443784e-23, 1.04579739856e-23, 3.91782838197e-24, 1.06453410724e-23, 6.15926107604e-24, 8.18717870534e-24, 8.75586458761e-24, 1.3181725309e-23, 8.84108759778e-24, 9.917017353e-24, 9.21974241001e-24, 3.02138972625e-24, 1.08008736773e-23, 1.5265201623e-23, 1.11367035976e-23, 1.19322059227e-23, 6.94222603485e-24, 4.33817488747e-24, 4.78287234582e-24, 1.20384402431e-23, 1.13167689878e-23, 9.28848611587e-24, 3.8563560015e-24, 1.05280043236e-23, 7.66803407678e-24, 7.57681809031e-24, 6.16748692313e-24, 8.35337118769e-24, 9.08459002656e-24, 9.69904404083e-24, 8.4353488241e-24, 5.83740977101e-24, 7.05959118261e-24, 1.23817903744e-23, 2.00249895322e-23, 1.41302516614e-23],
        "stdev": [0.00922824349254, 0.00698224734515, 0.00179108325392, 0.00133647106122, 0.00162169453688, 0.000987619627267, 0.00114975310862, 0.00146977836266, 0.00072210712824, 0.000442703079898, 0.000334859156283, 0.000174439366674, 0.000285257119685, 0.00021833430219, 0.000196999841137, 0.000167887847056, 0.00013335737458, 6.30412978353e-05, 2.44984548772e-05, 2.16620519495e-05, 2.5860430469e-05, 2.94869660138e-05, 2.46807085205e-05, 1.52263173732e-05, 6.68085340294e-06, 6.92773073752e-06, 6.42665463602e-06, 4.76201057609e-06, 3.33239336214e-06, 2.16199350689e-06, 2.043657787e-06, 3.04496415993e-06, 3.9946880861e-06, 6.61923149892e-06, 7.25806148694e-06, 5.55865335627e-06, 3.97453641199e-06, 3.19675473293e-06, 3.24322081724e-06, 3.64209927284e-06],
        "var": [8.51604854688e-05, 4.87517754664e-05, 3.20797903441e-06, 1.78615493951e-06, 2.62989306066e-06, 9.7539248145e-07, 1.32193213176e-06, 2.16024841393e-06, 5.21438664691e-07, 1.95986004314e-07, 1.1213065676e-07, 3.04290921349e-08, 8.13716170001e-08, 4.76698680529e-08, 3.88089382852e-08, 2.8186331491e-08, 1.77841883442e-08, 3.97420540921e-09, 6.00174299148e-10, 4.69244476609e-10, 6.68761879208e-10, 8.69481153742e-10, 6.09137407181e-10, 2.3184074105e-10, 4.46338035975e-11, 4.79934529618e-11, 4.13018889922e-11, 2.26767458977e-11, 1.11048453419e-11, 4.67421544179e-12, 4.176537588e-12, 9.27180728028e-12, 1.59575321707e-11, 4.3814223083e-11, 5.2679458018e-11, 3.08986274067e-11, 1.57969401449e-11, 1.02192412518e-11, 1.05184819188e-11, 1.3264886585e-11]
    },
    "melbands128": {
