{
"lowlevel": {
    "average_loudness": 0.975181400776,
    "barkbands_crest": {
        "dmean": 4.00317049026,
        "dmean2": 5.95249223709,
        "dvar": 12.8657693863,
        "dvar2": 24.9121742249,
        "max": 26.1568107605,
        "mean": 12.4167585373,
        "median": 11.2291440964,
        "min": 2.94571256638,
        "stdev": 5.52782678604,
        "var": 30.5568675995
    },
    "barkbands_flatness_db": {
        "dmean": 0.0372279956937,
        "dmean2": 0.049922324717,
        "dvar": 0.00138285220601,
        "dvar2": 0.00267329160124,
        "max": 0.480037808418,
        "mean": 0.154456719756,
        "median": 0.148518115282,
        "min": 0.0331913270056,
        "stdev": 0.0633430182934,
        "var": 0.00401233835146
    },
    "barkbands_kurtosis": {
        "dmean": 7.33769130707,
        "dmean2": 10.0198707581,
        "dvar": 446.810089111,
        "dvar2": 764.325439453,
        "max": 482.715179443,
        "mean": 9.77668857574,
        "median": 4.42863988876,
        "min": -1.89542198181,
        "stdev": 27.8388271332,
        "var": 775.000305176
    },
    "barkbands_skewness": {
        "dmean": 0.92626875639,
        "dmean2": 1.2394733429,
        "dvar": 1.20512151718,
        "dvar2": 2.22943496704,
        "max": 17.6247787476,
        "mean": 2.12726283073,
        "median": 1.83935618401,
        "min": -3.87215089798,
        "stdev": 1.71331095695,
        "var": 2.93543434143
    },
    "barkbands_spread": {
        "dmean": 9.25465583801,
        "dmean2": 13.5708036423,
        "dvar": 156.222717285,
        "dvar2": 332.331176758,
        "max": 102.618812561,
        "mean": 20.7703361511,
        "median": 16.6294841766,
        "min": 0.169488132,
        "stdev": 15.6725225449,
        "var": 245.627975464
    },
    "dissonance": {
        "dmean": 0.0308186523616,
        "dmean2": 0.0494568087161,
        "dvar": 0.00106802640948,
        "dvar2": 0.00258121243678,
        "max": 0.499968290329,
        "mean": 0.436116933823,
        "median": 0.445530980825,
        "min": 0,
        "stdev": 0.0453723222017,
        "var": 0.00205864757299
    },
    "dynamic_complexity": 1.51040410995,
    "erbbands_crest": {
        "dmean": 3.24790596962,
        "dmean2": 5.01469373703,
        "dvar": 9.72931575775,
        "dvar2": 21.2488899231,
        "max": 29.5881195068,
        "mean": 10.7732782364,
        "median": 9.67163085938,
        "min": 2.68009877205,
        "stdev": 5.13144540787,
        "var": 26.3317317963
    },
    "erbbands_flatness_db": {
        "dmean": 0.0258883833885,
        "dmean2": 0.0340051241219,
        "dvar": 0.000660081335809,
        "dvar2": 0.00114624632988,
        "max": 0.333373457193,
        "mean": 0.156145170331,
        "median": 0.150604173541,
        "min": 0.0573002584279,
        "stdev": 0.0522312968969,
        "var": 0.00272810831666
    },
    "erbbands_kurtosis": {
        "dmean": 1.93361377716,
        "dmean2": 2.74033999443,
        "dvar": 11.3052740097,
        "dvar2": 19.170255661,
        "max": 82.5885391235,
        "mean": 2.46543550491,
        "median": 0.988707304001,
        "min": -1.67503297329,
        "stdev": 5.38826036453,
        "var": 29.0333480835
    },
    "erbbands_skewness": {
        "dmean": 0.517569541931,
        "dmean2": 0.744148492813,
        "dvar": 0.286187678576,
        "dvar2": 0.583152234554,
        "max": 7.30232000351,
        "mean": 0.951485276222,
        "median": 0.863185286522,
        "min": -2.93789958954,
        "stdev": 0.974879264832,
        "var": 0.950389564037
    },
    "erbbands_spread": {
        "dmean": 13.926317215,
        "dmean2": 19.895242691,
        "dvar": 279.115875244,
        "dvar2": 628.384094238,
        "max": 134.53338623,
        "mean": 39.0618515015,
        "median": 34.0422668457,
        "min": 3.07115364075,
        "stdev": 23.4338932037,
        "var": 549.147338867
    },
    "hfc": {
        "dmean": 16.4253559113,
        "dmean2": 23.107049942,
        "dvar": 625.503112793,
        "dvar2": 1468.70361328,
        "max": 160.72253418,
        "mean": 28.2812232971,
        "median": 18.6300811768,
        "min": 1.17912372858e-16,
        "stdev": 27.8024463654,
        "var": 772.976013184
    },
    "loudness_ebu128": {
        "integrated": -7.25812005997,
        "loudness_range": 0.713890552521,
        "momentary": {
            "dmean": 0.554773807526,
            "dmean2": 0.889217555523,
            "dvar": 0.164389491081,
            "dvar2": 0.373133957386,
            "max": -5.50075435638,
            "mean": -7.30785989761,
            "median": -7.27459907532,
            "min": -10.0897331238,
            "stdev": 0.662259340286,
            "var": 0.438587427139
        },
        "short_term": {
            "dmean": 0.0755877792835,
            "dmean2": 0.120420128107,
            "dvar": 0.00254602287896,
            "dvar2": 0.00593493087217,
            "max": -6.73061084747,
            "mean": -7.23874950409,
            "median": -7.19919252396,
            "min": -7.92926311493,
            "stdev": 0.240304380655,
            "var": 0.057746194303
        }
    },
    "melbands_crest": {
        "dmean": 4.58864164352,
        "dmean2": 7.33155441284,
        "dvar": 19.3412475586,
        "dvar2": 40.5221252441,
        "max": 37.6877441406,
        "mean": 16.6457462311,
        "median": 15.3677101135,
        "min": 2.24726080894,
        "stdev": 6.89770412445,
        "var": 47.5783195496
    },
    "melbands_flatness_db": {
        "dmean": 0.0464843809605,
        "dmean2": 0.0625244230032,
        "dvar": 0.00245591090061,
        "dvar2": 0.00518630864099,
        "max": 0.6116527915,
        "mean": 0.218391925097,
        "median": 0.213408529758,
        "min": 0.00451081292704,
        "stdev": 0.0804382860661,
        "var": 0.00647031748667
    },
    "melbands_kurtosis": {
        "dmean": 14.6349849701,
        "dmean2": 21.8400287628,
        "dvar": 1380.04248047,
        "dvar2": 3586.12231445,
        "max": 789.927429199,
        "mean": 20.7818870544,
        "median": 9.94727802277,
        "min": -1.54089403152,
        "stdev": 41.7393226624,
        "var": 1742.17102051
    },
    "melbands_skewness": {
        "dmean": 1.15120947361,
        "dmean2": 1.65420150757,
        "dvar": 2.17676711082,
        "dvar2": 4.92685413361,
        "max": 20.1230831146,
        "mean": 2.89318537712,
        "median": 2.36817407608,
        "min": -1.0131970644,
        "stdev": 2.14513397217,
        "var": 4.60160017014
    },
    "melbands_spread": {
        "dmean": 10.6480541229,
        "dmean2": 17.2167606354,
        "dvar": 383.428192139,
        "dvar2": 927.188842773,
        "max": 226.233901978,
        "mean": 19.5124092102,
        "median": 14.9613618851,
        "min": 0.210254177451,
        "stdev": 20.3763256073,
        "var": 415.194610596
    },
    "pitch_salience": {
        "dmean": 0.10448858887,
        "dmean2": 0.15811868012,
        "dvar": 0.0107678240165,
        "dvar2": 0.0245111938566,
        "max": 0.940830826759,
        "mean": 0.527882218361,
        "median": 0.54978531599,
        "min": 0.0460291914642,
        "stdev": 0.163335815072,
        "var": 0.0266785863787
    },
    "silence_rate_20dB": {
        "dmean": 0,
        "dmean2": 0,
        "dvar": 0,
        "dvar2": 0,
        "max": 1,
        "mean": 1,
        "median": 1,
        "min": 1,
        "stdev": 0,
        "var": 0
    },
    "silence_rate_30dB": {
        "dmean": 0.0696055665612,
        "dmean2": 0.139318883419,
        "dvar": 0.064760401845,
        "dvar2": 0.147772163153,
        "max": 1,
        "mean": 0.942812979221,
        "median": 1,
        "min": 0,
        "stdev": 0.232199460268,
        "var": 0.0539165884256
    },
    "silence_rate_60dB": {
        "dmean": 0.0224284604192,
        "dmean2": 0.0448916405439,
        "dvar": 0.0219256673008,
        "dvar2": 0.0537116341293,
        "max": 1,
        "mean": 0.0278207100928,
        "median": 0,
        "min": 0,
        "stdev": 0.164460048079,
        "var": 0.0270471051335
    },
    "spectral_centroid": {
        "dmean": 344.694000244,
        "dmean2": 520.101318359,
        "dvar": 306932.03125,
        "dvar2": 602037.25,
        "max": 10982.1835938,
        "mean": 1061.74169922,
        "median": 898.695556641,
        "min": 129.826400757,
        "stdev": 657.48236084,
        "var": 432283.09375
    },
    "spectral_complexity": {
        "dmean": 5.83990716934,
        "dmean2": 8.49767780304,
        "dvar": 53.7990264893,
        "dvar2": 114.733161926,
        "max": 50,
        "mean": 16.2102012634,
        "median": 14,
        "min": 0,
        "stdev": 10.045832634,
        "var": 100.918762207
    },
    "spectral_decrease": {
        "dmean": 3.46673845186e-09,
        "dmean2": 3.70887964785e-09,
        "dvar": 1.49083291196e-17,
        "dvar2": 1.39086912755e-17,
        "max": 2.40639033344e-29,
        "mean": -8.92486173854e-09,
        "median": -6.07494854421e-09,
        "min": -4.11246077192e-08,
        "stdev": 7.8404980286e-09,
        "var": 6.1473416147e-17
    },
    "spectral_energy": {
        "dmean": 0.0136763546616,
        "dmean2": 0.0145215913653,
        "dvar": 0.000214724117541,
        "dvar2": 0.000215889755054,
        "max": 0.156397968531,
        "mean": 0.0362496674061,
        "median": 0.0250499546528,
        "min": 1.06041719174e-20,
        "stdev": 0.0302778296173,
        "var": 0.000916746910661
    },
    "spectral_energyband_high": {
        "dmean": 0.00124451168813,
        "dmean2": 0.00181506515946,
        "dvar": 4.18432000515e-06,
        "dvar2": 9.04952776182e-06,
        "max": 0.0138968033716,
        "mean": 0.00154608255252,
        "median": 0.00052672525635,
        "min": 7.29909665513e-21,
        "stdev": 0.00228693475947,
        "var": 5.23007111042e-06
    },
    "spectral_energyband_low": {
        "dmean": 0.00841400027275,
        "dmean2": 0.00856347568333,
        "dvar": 0.000267932191491,
        "dvar2": 0.000244195281994,
        "max": 0.154155299067,
        "mean": 0.0147239668295,
        "median": 0.00237456802279,
        "min": 5.31543123853e-23,
        "stdev": 0.0301903989166,
        "var": 0.000911460141651
    },
    "spectral_energyband_middle_high": {
        "dmean": 0.00293533992954,
        "dmean2": 0.00461856741458,
        "dvar": 2.00428821699e-05,
        "dvar2": 5.21694382769e-05,
        "max": 0.0273954179138,
        "mean": 0.00478395447135,
        "median": 0.00340235489421,
        "min": 1.76399173684e-21,
        "stdev": 0.00486890459433,
        "var": 2.37062304222e-05
    },
    "spectral_energyband_middle_low": {
        "dmean": 0.0059268726036,
        "dmean2": 0.00824930053204,
        "dvar": 4.74946209579e-05,
        "dvar2": 8.24939052109e-05,
        "max": 0.0702589899302,
        "mean": 0.0154752274975,
        "median": 0.013644432649,
        "min": 2.65313460933e-22,
        "stdev": 0.010900111869,
        "var": 0.000118812429719
    },
    "spectral_entropy": {
        "dmean": 0.300964742899,
        "dmean2": 0.401934355497,
        "dvar": 0.100972436368,
        "dvar2": 0.181411251426,
        "max": 9.82385826111,
        "mean": 7.48909854889,
        "median": 7.45338153839,
        "min": 4.70284795761,
        "stdev": 0.574693441391,
        "var": 0.330272585154
    },
    "spectral_flux": {
        "dmean": 0.0417054146528,
        "dmean2": 0.060518797487,
        "dvar": 0.0013971371809,
        "dvar2": 0.00242912885733,
        "max": 0.284585028887,
        "mean": 0.102578885853,
        "median": 0.0953743904829,
        "min": 1.02976557836e-10,
        "stdev": 0.063403621316,
        "var": 0.00402001896873
    },
    "spectral_kurtosis": {
        "dmean": 1.78219807148,
        "dmean2": 2.56158542633,
        "dvar": 4.7948884964,
        "dvar2": 10.5814342499,
        "max": 22.735742569,
        "mean": 4.31620454788,
        "median": 3.66620230675,
        "min": -1.20619189739,
        "stdev": 3.11451196671,
        "var": 9.70018482208
    },
    "spectral_rms": {
        "dmean": 0.00112071505282,
        "dmean2": 0.00125254690647,
        "dvar": 1.20345441701e-06,
        "dvar2": 1.35322534334e-06,
        "max": 0.0123524647206,
        "mean": 0.00546427117661,
        "median": 0.00494357943535,
        "min": 3.2164472908e-12,
        "stdev": 0.00234676036052,
        "var": 5.50728464077e-06
    },
    "spectral_rolloff": {
        "dmean": 1010.21258545,
        "dmean2": 1722.30615234,
        "dvar": 4269460,
        "dvar2": 10209511,
        "max": 19466.015625,
        "mean": 1522.11889648,
        "median": 925.927734375,
        "min": 43.06640625,
        "stdev": 2061.42553711,
        "var": 4249475
    },
    "spectral_skewness": {
        "dmean": 0.312009632587,
        "dmean2": 0.417344272137,
        "dvar": 0.0995788127184,
        "dvar2": 0.199863687158,
        "max": 3.86123991013,
        "mean": 1.81656467915,
        "median": 1.81059801579,
        "min": -0.0154580725357,
        "stdev": 0.532585561275,
        "var": 0.283647358418
    },
    "spectral_spread": {
        "dmean": 1208756.375,
        "dmean2": 1742921.375,
        "dvar": 2.43964156314e+12,
        "dvar2": 4.1996320768e+12,
        "max": 40083792,
        "mean": 6673792,
        "median": 6505250,
        "min": 2037843.75,
        "stdev": 2296459.25,
        "var": 5.2737254359e+12
    },
    "spectral_strongpeak": {
        "dmean": 0.499960124493,
        "dmean2": 0.818829715252,
        "dvar": 0.322131842375,
        "dvar2": 0.702881813049,
        "max": 4.68388319016,
        "mean": 1.15047049522,
        "median": 0.946799516678,
        "min": 0,
        "stdev": 0.837834596634,
        "var": 0.701966822147
    },
    "zerocrossingrate": {
        "dmean": 0.0208242703229,
        "dmean2": 0.0237885937095,
        "dvar": 0.00065040908521,
        "dvar2": 0.000775440770667,
        "max": 0.4775390625,
        "mean": 0.0661722943187,
        "median": 0.05712890625,
        "min": 0.0009765625,
        "stdev": 0.043168105185,
        "var": 0.00186348531861
    },
    "barkbands": {
        "dmean": [0.000553731049877, 0.00826198328286, 0.00189703260548, 0.000495810061693, 0.00347396521829, 0.0017977146199, 0.00129824830219, 0.00138945761137, 0.000969741668086, 0.000540106149856, 0.000384886632673, 0.000494261330459, 0.000403921643738, 0.000332799099851, 0.000346231157891, 0.000441055977717, 0.000250885408605, 0.000391335284803, 0.000250201905146, 0.000178366986802, 0.000125702776131, 0.000199488131329, 0.000229503944865, 0.000227019598242, 0.000304955814499, 0.000183491181815, 1.24356110973e-05],
        "dmean2": [0.000696789007634, 0.00919236987829, 0.00352496211417, 0.000915883865673, 0.00505152670667, 0.00288543244824, 0.00205910601653, 0.00208331877366, 0.00142715324182, 0.000839990563691, 0.000567505718209, 0.000798090710305, 0.000638016033918, 0.000529888086021, 0.000546222028788, 0.000767867371906, 0.000403679150622, 0.000674516777508, 0.00043975666631, 0.000318033824442, 0.000193367624888, 0.000301229476463, 0.000314161268761, 0.000341805600328, 0.000457507529063, 0.00027833628701, 2.03534964385e-05],
        "dvar": [1.60715046604e-06, 0.000304880464682, 4.09882450185e-05, 2.38087568505e-06, 4.0418759454e-05, 8.85118424776e-06, 4.90812954013e-06, 6.55854864817e-06, 3.82928874387e-06, 9.83453105619e-07, 4.62430563175e-07, 8.63300442688e-07, 4.82880068375e-07, 3.00661639585e-07, 2.72748252428e-07, 1.09932193482e-06, 2.18513790173e-07, 7.71602799432e-07, 2.98250512287e-07, 1.93216791899e-07, 4.82426329995e-08, 1.13362595755e-07, 1.34007777319e-07, 1.57130799039e-07, 2.98272453847e-07, 1.01500567951e-07, 8.35140179234e-10],
        "dvar2": [2.89786362373e-06, 0.000296112149954, 0.000115366165119, 6.93188940204e-06, 7.61307092034e-05, 2.17776087084e-05, 1.15156799438e-05, 1.35586205943e-05, 7.56101599109e-06, 2.02763590096e-06, 8.92593277513e-07, 2.17584579332e-06, 1.1796336139e-06, 7.00058649272e-07, 6.53823633456e-07, 3.12411589221e-06, 5.3836782854e-07, 2.15756472244e-06, 8.35483206174e-07, 5.43805754205e-07, 1.12098327065e-07, 2.43230118713e-07, 2.4356043582e-07, 3.52752891786e-07, 7.10794324732e-07, 2.48385219948e-07, 1.99191085848e-09],
        "max": [0.00960970856249, 0.15151385963, 0.0394375100732, 0.0134963179007, 0.0610415488482, 0.0294116400182, 0.0257194396108, 0.0296119377017, 0.0280946977437, 0.0152018461376, 0.0108912941068, 0.00658012880012, 0.00585351046175, 0.00703964149579, 0.00455978140235, 0.00801317766309, 0.00569595815614, 0.00625834520906, 0.00389335793443, 0.00298332609236, 0.00190670939628, 0.00195417948999, 0.00203844183125, 0.00265189632773, 0.00566732510924, 0.00288716307841, 0.000500803813338],
        "mean": [0.00062862271443, 0.0125877521932, 0.0013427475933, 0.000374418363208, 0.00561781926081, 0.00260764383711, 0.00251110270619, 0.00242905574851, 0.00169577426277, 0.000803096510936, 0.000729335763026, 0.000585846195463, 0.000524182745721, 0.000461096555227, 0.000454688590253, 0.000378292519599, 0.000298248545732, 0.000347435445292, 0.000227212673053, 0.000154519089847, 0.000138345378218, 0.000219027031562, 0.000276339327684, 0.000285266782157, 0.000349760171957, 0.000209910314879, 1.21399434647e-05],
        "median": [2.15959280467e-05, 0.00133139139507, 0.00010302735609, 6.04195374763e-05, 0.00254654977471, 0.000802932830993, 0.00079311686568, 0.000568233896047, 0.000433400971815, 0.000331982126227, 0.000208187862881, 0.000191446015378, 0.000175224078703, 0.000138207222335, 0.000176251851371, 0.000106317456812, 0.00010305181786, 8.69441937539e-05, 7.47469457565e-05, 4.31246662629e-05, 2.81207467197e-05, 2.87241182377e-05, 4.04044949391e-05, 9.98432005872e-05, 0.000129198786453, 6.70010776957e-05, 2.79403570858e-06],
        "min": [3.24028186415e-24, 2.05074268851e-23, 2.67110605982e-23, 2.32018081281e-23, 4.86842478431e-23, 5.25728146131e-23, 5.28184532772e-23, 2.79131741772e-23, 4.44235343634e-23, 1.38659343488e-22, 8.11430846808e-23, 5.16273048648e-23, 6.85195810142e-23, 1.77486420911e-22, 1.66062503313e-22, 1.70145546384e-22, 2.77828505691e-22, 2.86977020272e-22, 2.18921649191e-22, 3.18157902444e-22, 4.04973572298e-22, 4.96625880891e-22, 6.53370548518e-22, 7.7186235373e-22, 1.13201080467e-21, 1.54867900638e-21, 2.3539076268e-21],
        "stdev": [0.00164262135513, 0.028546622023, 0.00492721609771, 0.00120405852795, 0.00811365246773, 0.0040304819122, 0.00380297587253, 0.00392404710874, 0.0031599146314, 0.00138515199069, 0.00135238096118, 0.00100903294515, 0.000851777789649, 0.000734992383514, 0.000653651426546, 0.000835679064039, 0.000511298305355, 0.000731136475224, 0.000441875541583, 0.000350819784217, 0.000233751678024, 0.000378460390493, 0.00046176489559, 0.000435547350207, 0.000558475730941, 0.000329253642121, 2.91151409328e-05],
        "var": [2.69820498033e-06, 0.000814909639303, 2.42774603976e-05, 1.44975706462e-06, 6.58313583699e-05, 1.62447831826e-05, 1.44626246765e-05, 1.53981454787e-05, 9.98506038741e-06, 1.91864592125e-06, 1.82893415968e-06, 1.01814748632e-06, 7.25525410417e-07, 5.40213761724e-07, 4.27260204106e-07, 6.98359485796e-07, 2.61425981307e-07, 5.34560513188e-07, 1.95254003188e-07, 1.23074514136e-07, 5.46398446488e-08, 1.43232256278e-07, 2.13226826418e-07, 1.89701495401e-07, 3.11895149707e-07, 1.08407967048e-07, 8.47691417061e-10]
    },
    "erbbands": {
        "dmean": [0.322245717049, 1.66879951954, 2.26972270012, 1.89321780205, 2.483907938, 18.5954589844, 14.9457540512, 14.6944150925, 14.7363700867, 22.2401371002, 32.3010101318, 24.7036151886, 11.4391975403, 19.0436191559, 16.2413253784, 17.9225845337, 18.2117233276, 17.5964660645, 18.275762558, 15.3676528931, 26.0865879059, 14.2214202881, 18.0642204285, 17.5951652527, 12.220788002, 7.81998682022, 5.05817222595, 5.59659337997, 7.47827863693, 6.39595794678, 6.6479010582, 4.33704710007, 4.26341152191, 3.09659028053, 2.34224534035, 0.977866649628, 0.332365185022, 0.0437190197408, 0.00158431695309, 4.88031982968e-05],
        "dmean2": [0.385943442583, 2.03910040855, 3.74625587463, 3.50023436546, 3.80355572701, 26.6376647949, 20.9191303253, 24.321264267, 24.0610866547, 33.9285812378, 47.5178489685, 35.6195297241, 17.5236968994, 28.9408111572, 24.5776309967, 28.3288326263, 29.1031990051, 27.5454998016, 28.9659347534, 24.6261253357, 45.6761665344, 22.7830371857, 30.3183383942, 31.2514514923, 21.4544830322, 13.6936979294, 8.00702285767, 8.42107486725, 11.1200666428, 9.21346378326, 9.07770347595, 6.22409009933, 6.4406080246, 4.50816583633, 3.62754273415, 1.46337914467, 0.51633888483, 0.0689910128713, 0.00253715319559, 7.228130562e-05],
        "dvar": [0.530703365803, 13.7778482437, 44.5245361328, 38.6683540344, 13.2924518585, 1367.35107422, 479.830871582, 891.997009277, 695.082214355, 1357.92773438, 3902.80517578, 2377.68945312, 484.899810791, 976.667419434, 1089.84082031, 941.06427002, 1017.58032227, 917.753662109, 794.993896484, 646.544128418, 4270.41308594, 655.642028809, 1391.16894531, 1539.43920898, 855.975524902, 358.999450684, 93.7490997314, 87.4925537109, 158.836334229, 106.48815918, 118.241081238, 54.5341072083, 54.4537963867, 23.9310131073, 21.139415741, 2.9844520092, 0.350594222546, 0.0082213031128, 1.20347667689e-05, 6.1456071343e-09],
        "dvar2": [0.573116123676, 15.5249824524, 117.184776306, 110.859870911, 33.0975379944, 2585.52099609, 980.935546875, 2279.85205078, 1673.7434082, 3073.74707031, 7903.76708984, 4348.29980469, 876.099914551, 2164.46118164, 2227.82397461, 2269.203125, 2545.64501953, 2196.43920898, 2009.29797363, 1625.94042969, 12208.5810547, 1656.47058105, 3754.92382812, 4351.50732422, 2419.81152344, 1004.51043701, 231.720291138, 194.476364136, 345.23550415, 208.316177368, 221.838760376, 123.082946777, 121.469352722, 52.804233551, 52.3000183105, 7.33822917938, 0.843113005161, 0.0203711558133, 2.86026297545e-05, 1.46513938759e-08],
        "max": [6.00307607651, 28.4384231567, 42.6598434448, 43.5251159668, 38.7092781067, 348.751861572, 223.703109741, 381.651550293, 377.482177734, 395.45690918, 855.260559082, 842.125854492, 613.475952148, 429.113464355, 543.226318359, 299.785919189, 257.844787598, 366.495391846, 274.358428955, 327.836303711, 511.606292725, 279.788269043, 304.433624268, 281.479827881, 200.951583862, 126.733428955, 89.364692688, 65.9597854614, 73.5806808472, 62.2638778687, 67.3418197632, 60.2735214233, 47.3227272034, 52.9316673279, 42.7200126648, 15.0321998596, 4.91289329529, 1.06261634827, 0.0533728934824, 0.000944149738643],
        "mean": [0.444504290819, 2.46724200249, 2.18524622917, 1.38115680218, 4.0460486412, 27.1091690063, 27.5505638123, 19.4756698608, 27.4789085388, 45.0008735657, 54.470035553, 46.15990448, 21.6505832672, 33.2866325378, 27.0384159088, 24.7173995972, 24.580039978, 25.4265956879, 25.592502594, 18.4718170166, 22.5648975372, 16.2211227417, 17.7335548401, 15.3778753281, 10.7851362228, 6.95368671417, 5.45038986206, 5.93979406357, 7.85680246353, 7.7766699791, 7.86180067062, 5.30834722519, 5.28047418594, 3.91172862053, 2.47049450874, 1.09151506424, 0.368639409542, 0.04846380651, 0.00166588427965, 8.85484259925e-05],
        "median": [0.0282754451036, 0.345772266388, 0.434829622507, 0.287024974823, 1.95061552525, 9.38823699951, 9.85689258575, 5.56503105164, 9.51706981659, 19.6604690552, 20.1708374023, 16.3837623596, 10.4478244781, 15.4897136688, 7.88971710205, 9.7752532959, 9.14364814758, 8.9879989624, 9.24217510223, 8.26822090149, 5.99361133575, 5.21225261688, 5.38538646698, 4.65316104889, 3.44264554977, 1.97079765797, 1.36031353474, 0.901494979858, 0.955719769001, 1.1200274229, 1.13263463974, 1.41941595078, 2.07389879227, 1.60234022141, 0.760628044605, 0.341835796833, 0.108349099755, 0.0156134618446, 0.000486282573547, 5.37153537152e-05],
        "min": [5.10348829467e-22, 5.11124109343e-21, 2.6487575294e-20, 4.72226651896e-20, 2.23031855533e-19, 8.20983995789e-20, 3.08727379252e-19, 3.95956004689e-19, 5.98153170995e-19, 6.91188966223e-19, 7.00218676585e-19, 1.228322471e-18, 2.04388160953e-18, 5.66587989839e-18, 2.73137974756e-18, 1.90700782678e-18, 3.26365061941e-18, 6.91700008745e-18, 8.03751714319e-18, 9.52089186388e-18, 1.18746450502e-17, 1.41512735707e-17, 1.63666981704e-17, 8.22722357206e-18, 1.60110816445e-17, 1.56330220543e-17, 1.91248458961e-17, 1.27114184764e-17, 1.6302500683e-17, 2.25353396858e-17, 1.57529797867e-17, 1.3319311027e-17, 1.61620321801e-17, 1.31583391982e-17, 8.48527331749e-18, 5.93932554298e-18, 2.71062247727e-18, 1.02344358514e-18, 3.6325478919e-19, 3.44720153204e-20],
        "stdev": [1.10370707512, 5.64767074585, 5.98984050751, 4.78530502319, 5.10479688644, 45.7973937988, 36.6883354187, 38.4061203003, 42.0103302002, 59.5866775513, 90.6759643555, 84.2800598145, 40.6460075378, 47.0328636169, 57.7512016296, 38.070274353, 38.5690689087, 40.1861495972, 35.6963920593, 26.3365974426, 51.4032325745, 26.5559482574, 34.220375061, 31.398393631, 23.246471405, 15.365064621, 9.57948875427, 10.3540630341, 13.9460687637, 12.8616456985, 13.328332901, 8.49832630157, 7.97572803497, 5.52443504333, 4.43799257278, 1.76449978352, 0.612104594707, 0.0903691127896, 0.00350109417923, 8.98224243429e-05],
        "var": [1.21816921234, 31.8961849213, 35.8781890869, 22.8991451263, 26.0589504242, 2097.40136719, 1346.03405762, 1475.0300293, 1764.86779785, 3550.57226562, 8222.12988281, 7103.12890625, 1652.09777832, 2212.09008789, 3335.20141602, 1449.3458252, 1487.57299805, 1614.92675781, 1274.23242188, 693.616333008, 2642.29248047, 705.218383789, 1171.03417969, 985.859069824, 540.3984375, 236.085205078, 91.7666091919, 107.206626892, 194.492828369, 165.421936035, 177.644454956, 72.2215423584, 63.6122360229, 30.5193805695, 19.6957778931, 3.11345934868, 0.374672025442, 0.00816657673568, 1.22576602735e-05, 8.06806799147e-09]
    },
    "gfcc": {
        "mean": [10.3856067657, 61.3247146606, -99.7266769409, -0.421322613955, -67.9386520386, 11.2055749893, -52.5488357544, 17.1388988495, -26.9685020447, 9.52879619598, -14.5778608322, 6.7188782692, -9.30089473724],
        "cov": [[6932.69433594, -928.042175293, 232.569778442, 948.641357422, 55.9175720215, 576.464355469, -131.976318359, 127.9998703, 117.380271912, 76.5309906006, -181.843460083, 206.387786865, -227.322845459], [-928.042175293, 1404.51074219, 196.834899902, 94.8133926392, 313.16973877, 127.063705444, 281.639709473, 183.544296265, 197.818008423, 34.0205802917, 226.013442993, -64.3580093384, 92.8411560059], [232.569778442, 196.834899902, 1099.23168945, 470.568603516, 335.781616211, 346.52456665, 219.01133728, 188.53086853, 162.585418701, 133.219284058, 5.6752076149, 114.546485901, 5.87828302383], [948.641357422, 94.8133926392, 470.568603516, 1005.2310791, 376.047119141, 296.715667725, 152.604537964, 106.264221191, 260.120422363, 33.7112884521, -13.2045526505, 41.477268219, -8.61092853546], [55.9175720215, 313.16973877, 335.781616211, 376.047119141, 424.680877686, 175.512405396, 174.636749268, 157.32635498, 166.502059937, 66.1092529297, 53.6185417175, 12.5091896057, 6.71197366714], [576.464355469, 127.063705444, 346.52456665, 296.715667725, 175.512405396, 413.323028564, 201.922531128, 90.7259216309, 128.396865845, 67.651184082, 40.8938980103, 26.2243728638, -25.8224964142], [-131.976318359, 281.639709473, 219.01133728, 152.604537964, 174.636749268, 201.922531128, 331.264709473, 127.376304626, 101.548423767, 72.7404022217, 87.6487121582, 27.4860267639, 14.2156744003], [127.9998703, 183.544296265, 188.53086853, 106.264221191, 157.32635498, 90.7259216309, 127.376304626, 238.911743164, 122.419563293, 63.7466697693, 66.9741363525, 20.5688762665, 24.6683635712], [117.380271912, 197.818008423, 162.585418701, 260.120422363, 166.502059937, 128.396865845, 101.548423767, 122.419563293, 235.966751099, 71.2314758301, 41.6077880859, 7.94347858429, 24.2788524628], [76.5309906006, 34.0205802917, 133.219284058, 33.7112884521, 66.1092529297, 67.651184082, 72.7404022217, 63.7466697693, 71.2314758301, 130.841949463, 45.3720054626, 36.0420036316, 21.4336719513], [-181.843460083, 226.013442993, 5.6752076149, -13.2045526505, 53.6185417175, 40.8938980103, 87.6487121582, 66.9741363525, 41.6077880859, 45.3720054626, 145.568649292, 26.1223678589, 38.1590614319], [206.387786865, -64.3580093384, 114.546485901, 41.477268219, 12.5091896057, 26.2243728638, 27.4860267639, 20.5688762665, 7.94347858429, 36.0420036316, 26.1223678589, 160.333786011, 49.0246162415], [-227.322845459, 92.8411560059, 5.87828302383, -8.61092853546, 6.71197366714, -25.8224964142, 14.2156744003, 24.6683635712, 24.2788524628, 21.4336719513, 38.1590614319, 49.0246162415, 126.125305176]],
        "icov": [[0.000291969248792, 1.39827770909e-05, 0.00025594572071, -0.000361849408364, 0.000211610997212, -0.000570851785596, 0.0004629236646, -0.000549159944057, 0.000332141382387, -0.000379120057914, 0.000341712293448, -0.00053478369955, 0.000511378340889], [1.39827770909e-05, 0.00149711803533, -0.000337744510034, 0.000418312643887, -0.00076546164928, 0.000221855283598, -0.000643466424663, 0.000375438568881, -0.00100121158175, 0.00132795830723, -0.00193261448294, 0.00112182262819, -0.000831558718346], [0.00025594572071, -0.000337744510034, 0.0020798209589, -0.000738197762985, -0.00029874741449, -0.00143780047074, 0.000531721743755, -0.00131187902298, 0.00115774443839, -0.00167157757096, 0.00180799188092, -0.00158764084335, 0.000612080271821], [-0.000361849408364, 0.000418312643887, -0.000738197762985, 0.00276541197672, -0.00178488658275, 0.000144521254697, -0.000615451775957, 0.00158603291493, -0.00258971517906, 0.00207949546166, -0.000346084532794, 0.000414294452639, -0.000764360534959], [0.000211610997212, -0.00076546164928, -0.00029874741449, -0.00178488658275, 0.00571728730574, -0.000184748758329, -0.000310428498778, -0.00199104263447, 0.000113833921205, -0.00115263380576, 0.000437201117165, -0.0001398948516, 0.00101531750988], [-0.000570851785596, 0.000221855283598, -0.00143780047074, 0.000144521254697, -0.000184748758329, 0.0059775756672, -0.00304090999998, 0.00170437665656, -0.00177365762647, 0.000677932112012, -0.00157049077097, 0.00123803410679, 0.00034789025085], [0.0004629236646, -0.000643466424663, 0.000531721743755, -0.000615451775957, -0.000310428498778, -0.00304090999998, 0.00670693442225, -0.0021764037665, 0.00129002437461, -0.00178619846702, -0.000403159443522, -0.00132544420194, 0.000997266615741], [-0.000549159944057, 0.000375438568881, -0.00131187902298, 0.00158603291493, -0.00199104263447, 0.00170437665656, -0.0021764037665, 0.00877716485411, -0.00378356594592, 0.00105626916047, -0.00269796676002, 0.00127848028205, -0.00124505010899], [0.000332141382387, -0.00100121158175, 0.00115774443839, -0.00258971517906, 0.000113833921205, -0.00177365762647, 0.00129002437461, -0.00378356594592, 0.0104004703462, -0.00462559098378, 0.00168890040368, -8.00064735813e-05, -0.000365585525287], [-0.000379120057914, 0.00132795830723, -0.00167157757096, 0.00207949546166, -0.00115263380576, 0.000677932112012, -0.00178619846702, 0.00105626916047, -0.00462559098378, 0.0135026779026, -0.00397475855425, 0.000126177124912, -0.00149678264279], [0.000341712293448, -0.00193261448294, 0.00180799188092, -0.000346084532794, 0.000437201117165, -0.00157049077097, -0.000403159443522, -0.00269796676002, 0.00168890040368, -0.00397475855425, 0.0133524267003, -0.00303855165839, -0.000349405017914], [-0.00053478369955, 0.00112182262819, -0.00158764084335, 0.000414294452639, -0.0001398948516, 0.00123803410679, -0.00132544420194, 0.00127848028205, -8.00064735813e-05, 0.000126177124912, -0.00303855165839, 0.0101375924423, -0.00455430336297], [0.000511378340889, -0.000831558718346, 0.000612080271821, -0.000764360534959, 0.00101531750988, 0.00034789025085, 0.000997266615741, -0.00124505010899, -0.000365585525287, -0.00149678264279, -0.000349405017914, -0.00455430336297, 0.0117307119071]]
    },
    "melbands": {
        "dmean": [0.00258123967797, 0.00118922814727, 0.000312622374622, 0.000682152807713, 0.000628577487078, 0.000319911487168, 0.00024636668968, 0.000248109718086, 0.000261216802755, 0.000144974925206, 5.9107933339e-05, 8.02472495707e-05, 4.77894427604e-05, 5.9967936977e-05, 3.58790057362e-05, 4.2487794417e-05, 3.36311859428e-05, 3.01391883113e-05, 2.45104911301e-05, 2.46988020081e-05, 3.06766633003e-05, 1.56749210873e-05, 1.34850151881e-05, 1.87065852515e-05, 1.40740512506e-05, 1.06007364593e-05, 7.83592258813e-06, 4.33799732491e-06, 3.20349363392e-06, 3.39662983606e-06, 3.31989167535e-06, 4.80884182252e-06, 3.45450416717e-06, 3.83390306524e-06, 3.97075245928e-06, 3.40763881468e-06, 2.51071901403e-06, 2.8476845273e-06, 3.4067861634e-06, 2.39780342781e-06],
        "dmean2": [0.00285639916547, 0.0015627326211, 0.000560146349017, 0.000986975734122, 0.000872145290487, 0.000527063326444, 0.000397596711991, 0.000379566219635, 0.00038542583934, 0.000208466502954, 9.24835912883e-05, 0.000122941608424, 7.12996770744e-05, 9.47208318394e-05, 5.86104179092e-05, 6.61951562506e-05, 5.30623074155e-05, 4.91175596835e-05, 3.8484500692e-05, 4.17492374254e-05, 5.43810456293e-05, 2.49346012424e-05, 2.20035144594e-05, 3.2444801036e-05, 2.52025947702e-05, 1.88148405869e-05, 1.39910789585e-05, 7.51887500883e-06, 5.18599563293e-06, 5.42709767615e-06, 4.9801278692e-06, 7.24246592654e-06, 5.23194876223e-06, 5.41793679076e-06, 5.63042567592e-06, 4.91575383421e-06, 3.72687372874e-06, 4.39831956101e-06, 5.05808930029e-06, 3.5440798456e-06],
        "dvar": [3.013992864e-05, 7.88141096564e-06, 8.84247810973e-07, 1.57496401698e-06, 8.97345955764e-07, 3.65873177088e-07, 1.81855853043e-07, 1.70096441821e-07, 2.5687538141e-07, 9.3039091098e-08, 1.36140325679e-08, 1.8402761981e-08, 8.403664431e-09, 1.07236459712e-08, 3.84520504326e-09, 5.4587396825e-09, 3.75114073137e-09, 2.1679176232e-09, 1.46581946581e-09, 2.65381294717e-09, 6.18762463489e-09, 7.58461404793e-10, 6.90443591189e-10, 1.73165348727e-09, 9.57781409738e-10, 6.30568486315e-10, 4.14920292569e-10, 9.64651830637e-11, 4.03574951235e-11, 3.92684357253e-11, 3.04874042678e-11, 6.93048743394e-11, 3.09108780239e-11, 3.91660835708e-11, 4.36877513332e-11, 3.16286129232e-11, 1.94102737355e-11, 2.51416092806e-11, 3.17531487215e-11, 1.51934419906e-11],
        "dvar2": [2.97573660646e-05, 1.44965233631e-05, 2.50411630986e-06, 3.05907929032e-06, 1.70383589193e-06, 9.30554790557e-07, 4.32837396147e-07, 3.79774405701e-07, 5.23845642419e-07, 1.66166088889e-07, 2.51914933358e-08, 4.05136155734e-08, 1.71885528033e-08, 2.62785828653e-08, 9.92129933763e-09, 1.28437136482e-08, 8.93458995677e-09, 5.51504752977e-09, 3.36732353112e-09, 7.223214471e-09, 1.77001364676e-08, 1.82555248696e-09, 1.80104642311e-09, 4.8199884084e-09, 2.70230526844e-09, 1.78711356824e-09, 1.18015097694e-09, 2.64653632343e-10, 1.0482057583e-10, 9.27898105574e-11, 6.66179611475e-11, 1.58147384077e-10, 6.67209620886e-11, 7.51668657872e-11, 7.94646778934e-11, 6.7715305585e-11, 4.69622882249e-11, 5.95550830873e-11, 6.51485948522e-11, 3.52107162871e-11],
        "max": [0.0477392822504, 0.0198651365936, 0.00704121682793, 0.0115849832073, 0.00875571556389, 0.0072689098306, 0.00572153832763, 0.00485205324367, 0.006906083785, 0.0055806604214, 0.00300871185027, 0.00194108800497, 0.00144366221502, 0.00079056317918, 0.000496574677527, 0.000795099476818, 0.000828601594549, 0.000408983789384, 0.000510191952344, 0.000495096028317, 0.000612799602095, 0.000330865295837, 0.000271524797427, 0.000285364949377, 0.000219430192374, 0.000183027717867, 0.000134916554089, 8.17168111098e-05, 6.55132753309e-05, 5.31378791493e-05, 3.74230148736e-05, 5.08309458382e-05, 3.43545689248e-05, 3.87894033338e-05, 4.42037635366e-05, 4.14867936342e-05, 3.89060041925e-05, 3.69461886294e-05, 3.67237298633e-05, 5.19626264577e-05],
        "mean": [0.00377130322158, 0.00179094984196, 0.000272879027762, 0.00105776905548, 0.00109920138493, 0.000429101986811, 0.000470172177302, 0.000493556435686, 0.000429844047176, 0.000269306387054, 9.9236422102e-05, 0.000132546309032, 8.4199331468e-05, 7.85486408859e-05, 4.77174507978e-05, 5.48557109141e-05, 4.70433478768e-05, 4.0578917833e-05, 3.08865419356e-05, 2.44182356255e-05, 2.58369673247e-05, 1.75816257979e-05, 1.4605798242e-05, 1.66494573932e-05, 1.19800106404e-05, 8.86663383426e-06, 6.59137640469e-06, 3.92738229493e-06, 3.20930416819e-06, 3.60152512258e-06, 3.42962812283e-06, 4.70241229777e-06, 3.96523864765e-06, 4.60492674392e-06, 4.76057903143e-06, 3.75935701413e-06, 3.04153604702e-06, 3.47736386175e-06, 4.067273494e-06, 3.03410820379e-06],
        "median": [0.000336098019034, 0.000422042910941, 8.50818105391e-05, 0.00042599637527, 0.00043116469169, 0.000130061031086, 0.000144240329973, 0.000213589781197, 0.000159679766512, 7.03035475453e-05, 4.30385844084e-05, 5.74615041842e-05, 2.55640243267e-05, 2.54311235039e-05, 1.96185901586e-05, 1.72490636032e-05, 1.47174159792e-05, 1.35346508614e-05, 1.3505617062e-05, 7.85415340943e-06, 5.83429300605e-06, 5.17436274095e-06, 5.02535658597e-06, 4.01188390242e-06, 3.41820077665e-06, 2.72725196737e-06, 1.70501800767e-06, 1.01967884802e-06, 8.86037810233e-07, 6.47561194e-07, 4.35988397385e-07, 4.53714648074e-07, 5.95912979406e-07, 6.37480866317e-07, 6.51562345411e-07, 6.2070768081e-07, 9.09303025765e-07, 1.33240132527e-06, 1.51392100634e-06, 1.20374738799e-06],
        "min": [5.3080438717e-24, 1.12273847363e-23, 1.49633992179e-23, 1.12387096235e-23, 8.40376362231e-24, 9.45729130554e-24, 9.63105606371e-24, 7.08247761519e-24, 5.69455810513e-24, 7.70252544214e-24, 1.02708490791e-23, 2.37949636868e-23, 1.0903203925e-23, 4.02374873572e-24, 7.63727323464e-24, 6.9832996556e-24, 1.44994322542e-23, 1.27988650793e-23, 1.54801835746e-23, 1.17122786021e-23, 1.48088960764e-23, 1.30684385721e-23, 2.14020298615e-23, 9.75631218711e-24, 5.87801914712e-24, 9.34444080874e-24, 1.05604919822e-23, 1.0903050886e-23, 1.09991404552e-23, 1.10694082403e-23, 5.8053449418e-24, 9.22799941711e-24, 1.02817661252e-23, 1.34442250861e-23, 8.41958817207e-24, 9.36805930425e-24, 7.33001033434e-24, 1.18000788209e-23, 1.05466253853e-23, 1.07099953233e-23],
        "stdev": [0.00883132964373, 0.00382865336724, 0.00074929848779, 0.00160075142048, 0.00142294028774, 0.000780394184403, 0.0007146220305, 0.000670140958391, 0.000726693775505, 0.000542896159459, 0.000199114379939, 0.000196122738998, 0.000163874065038, 0.000126351384097, 7.28561062715e-05, 9.15945711313e-05, 8.13709193608e-05, 5.6988606957e-05, 4.47994643764e-05, 4.50179359177e-05, 6.16545876255e-05, 2.96741818602e-05, 2.64335048996e-05, 3.5161338019e-05, 2.47891148319e-05, 1.97243971343e-05, 1.59553346748e-05, 8.28288102639e-06, 6.00736666456e-06, 6.39248537482e-06, 6.20075707047e-06, 8.80169500306e-06, 6.51659684081e-06, 7.89735167928e-06, 8.10990968603e-06, 6.54542236589e-06, 4.8586880439e-06, 5.28095642949e-06, 6.2941608121e-06, 4.31373791798e-06],
        "var": [7.79923866503e-05, 1.46585871335e-05, 5.61448189274e-07, 2.56240514318e-06, 2.02475894184e-06, 6.09015103237e-07, 5.10684628807e-07, 4.49088872756e-07, 5.28083830886e-07, 2.9473622476e-07, 3.96465367203e-08, 3.84641261064e-08, 2.68547104554e-08, 1.5964673139e-08, 5.30801269605e-09, 8.38956548677e-09, 6.62122667805e-09, 3.24770121907e-09, 2.00699212805e-09, 2.02661465387e-09, 3.80128817312e-09, 8.80557016192e-10, 6.98730184823e-10, 1.23631971327e-09, 6.1450022848e-10, 3.8905187405e-10, 2.54572724012e-10, 6.86061138455e-11, 3.60884516715e-11, 4.08638713145e-11, 3.84493895056e-11, 7.74698361017e-11, 4.24660341614e-11, 6.23681661871e-11, 6.57706389351e-11, 4.28425524224e-11, 2.36068491144e-11, 2.78885022714e-11, 3.9616462888e-11, 1.86083353587e-11]
    },
    "melbands128": {
