{
"lowlevel": {
    "average_loudness": 0.969938576221,
    "barkbands_crest": {
        "dmean": 3.0052921772,
        "dmean2": 4.54545354843,
        "dvar": 8.39260101318,
        "dvar2": 15.9954566956,
        "max": 26.2397041321,
        "mean": 10.9718503952,
        "median": 10.1683225632,
        "min": 2.20155453682,
        "stdev": 4.84480524063,
        "var": 23.4721374512
    },
    "barkbands_flatness_db": {
        "dmean": 0.0460557602346,
        "dmean2": 0.0613391026855,
        "dvar": 0.00218504527584,
        "dvar2": 0.00345560861751,
        "max": 0.591759264469,
        "mean": 0.187482103705,
        "median": 0.163860276341,
        "min": 0.0250130202621,
        "stdev": 0.0936214402318,
        "var": 0.00876497384161
    },
    "barkbands_kurtosis": {
        "dmean": 11.9445705414,
        "dmean2": 19.1052494049,
        "dvar": 1078.8269043,
        "dvar2": 2657.43481445,
        "max": 600.072875977,
        "mean": 11.8263025284,
        "median": 3.80961608887,
        "min": -1.9288816452,
        "stdev": 31.3842449188,
        "var": 984.97088623
    },
    "barkbands_skewness": {
        "dmean": 1.24552965164,
        "dmean2": 1.81262362003,
        "dvar": 2.01292943954,
        "dvar2": 4.31310272217,
        "max": 18.9854946136,
        "mean": 2.21113657951,
        "median": 1.85321104527,
        "min": -4.35424995422,
        "stdev": 2.02313327789,
        "var": 4.0930685997
    },
    "barkbands_spread": {
        "dmean": 12.4397640228,
        "dmean2": 19.5489845276,
        "dvar": 245.910995483,
        "dvar2": 592.642700195,
        "max": 108.093055725,
        "mean": 22.659576416,
        "median": 17.3259429932,
        "min": 0.149785220623,
        "stdev": 20.4919528961,
        "var": 419.92010498
    },
    "dissonance": {
        "dmean": 0.0364679582417,
        "dmean2": 0.0588478595018,
        "dvar": 0.00144463509787,
        "dvar2": 0.00358417397365,
        "max": 0.499888449907,
        "mean": 0.437244713306,
        "median": 0.449914216995,
        "min": 0,
        "stdev": 0.0536279827356,
        "var": 0.00287596043199
    },
    "dynamic_complexity": 2.88941836357,
    "erbbands_crest": {
        "dmean": 3.50798153877,
        "dmean2": 5.69881534576,
        "dvar": 9.72298812866,
        "dvar2": 23.9071807861,
        "max": 28.5551223755,
        "mean": 9.59372806549,
        "median": 8.58048820496,
        "min": 2.74108195305,
        "stdev": 4.3243393898,
        "var": 18.6999111176
    },
    "erbbands_flatness_db": {
        "dmean": 0.0349229834974,
        "dmean2": 0.0518047176301,
        "dvar": 0.000982142868452,
        "dvar2": 0.00207290705293,
        "max": 0.448508381844,
        "mean": 0.167071178555,
        "median": 0.154926791787,
        "min": 0.0450507327914,
        "stdev": 0.0637232586741,
        "var": 0.00406065396965
    },
    "erbbands_kurtosis": {
        "dmean": 2.4612622261,
        "dmean2": 3.95624899864,
        "dvar": 10.7616844177,
        "dvar2": 26.1149673462,
        "max": 48.351726532,
        "mean": 1.75194835663,
        "median": 0.716216802597,
        "min": -1.86638402939,
        "stdev": 3.65963411331,
        "var": 13.3929224014
    },
    "erbbands_skewness": {
        "dmean": 0.787081480026,
        "dmean2": 1.18354570866,
        "dvar": 0.52268153429,
        "dvar2": 1.26496732235,
        "max": 4.91149044037,
        "mean": 0.547732055187,
        "median": 0.613545536995,
        "min": -4.33219766617,
        "stdev": 1.09032011032,
        "var": 1.18879795074
    },
    "erbbands_spread": {
        "dmean": 17.6968364716,
        "dmean2": 27.9078292847,
        "dvar": 331.254394531,
        "dvar2": 730.985717773,
        "max": 150.199508667,
        "mean": 40.8316612244,
        "median": 34.0119514465,
        "min": 2.46672010422,
        "stdev": 25.970117569,
        "var": 674.446960449
    },
    "hfc": {
        "dmean": 20.8532066345,
        "dmean2": 31.2444534302,
        "dvar": 821.652282715,
        "dvar2": 2000.89025879,
        "max": 275.280883789,
        "mean": 28.5884532928,
        "median": 18.0529251099,
        "min": 1.22669376064e-16,
        "stdev": 33.8994636536,
        "var": 1149.17370605
    },
    "loudness_ebu128": {
        "integrated": -7.98721313477,
        "loudness_range": 1.62629508972,
        "momentary": {
            "dmean": 0.981079101562,
            "dmean2": 1.48899757862,
            "dvar": 0.766445636749,
            "dvar2": 1.75702011585,
            "max": -5.50262117386,
            "mean": -8.26443099976,
            "median": -7.9636554718,
            "min": -15.8639583588,
            "stdev": 1.66474711895,
            "var": 2.7713830471
        },
        "short_term": {
            "dmean": 0.114914216101,
            "dmean2": 0.165070950985,
            "dvar": 0.00761181581765,
            "dvar2": 0.0181041043252,
            "max": -7.09081840515,
            "mean": -8.03938579559,
            "median": -7.9763212204,
            "min": -9.4899225235,
            "stdev": 0.564599871635,
            "var": 0.318773031235
        }
    },
    "melbands_crest": {
        "dmean": 4.60668992996,
        "dmean2": 6.71792173386,
        "dvar": 16.2404727936,
        "dvar2": 31.238576889,
        "max": 35.7253990173,
        "mean": 20.5843219757,
        "median": 21.2303256989,
        "min": 1.9264870882,
        "stdev": 7.67218542099,
        "var": 58.8624305725
    },
    "melbands_flatness_db": {
        "dmean": 0.0562712326646,
        "dmean2": 0.0737033113837,
        "dvar": 0.00315200770274,
        "dvar2": 0.00510420883074,
        "max": 0.735459923744,
        "mean": 0.261408120394,
        "median": 0.236663877964,
        "min": 0.00510007143021,
        "stdev": 0.117832407355,
        "var": 0.0138844754547
    },
    "melbands_kurtosis": {
        "dmean": 20.9481735229,
        "dmean2": 32.5294914246,
        "dvar": 1408.33422852,
        "dvar2": 3275.46875,
        "max": 488.392730713,
        "mean": 25.9183063507,
        "median": 11.3375816345,
        "min": -1.85588800907,
        "stdev": 42.9901809692,
        "var": 1848.15563965
    },
    "melbands_skewness": {
        "dmean": 1.53422117233,
        "dmean2": 2.26453948021,
        "dvar": 2.56515955925,
        "dvar2": 5.50994443893,
        "max": 18.1718006134,
        "mean": 3.36290049553,
        "median": 2.93779993057,
        "min": -2.81034064293,
        "stdev": 2.45946073532,
        "var": 6.04894733429
    },
    "melbands_spread": {
        "dmean": 14.0504007339,
        "dmean2": 21.6089992523,
        "dvar": 445.311279297,
        "dvar2": 1103.53063965,
        "max": 190.81968689,
        "mean": 22.546749115,
        "median": 15.2116241455,
        "min": 0.263510167599,
        "stdev": 25.8143081665,
        "var": 666.378540039
    },
    "pitch_salience": {
        "dmean": 0.0934051275253,
        "dmean2": 0.141584903002,
        "dvar": 0.00844027474523,
        "dvar2": 0.0173573456705,
        "max": 0.866781353951,
        "mean": 0.474621266127,
        "median": 0.468113511801,
        "min": 0.043188828975,
        "stdev": 0.15265442431,
        "var": 0.0233033727854
    },
    "silence_rate_20dB": {
        "dmean": 0,
        "dmean2": 0,
        "dvar": 0,
        "dvar2": 0,
        "max": 1,
        "mean": 1,
        "median": 1,
        "min": 1,
        "stdev": 0,
        "var": 0
    },
    "silence_rate_30dB": {
        "dmean": 0.0572755411267,
        "dmean2": 0.114639811218,
        "dvar": 0.0539951920509,
        "dvar2": 0.104596458375,
        "max": 1,
        "mean": 0.914926528931,
        "median": 1,
        "min": 0,
        "stdev": 0.278992414474,
        "var": 0.077836766839
    },
    "silence_rate_60dB": {
        "dmean": 0.0487616099417,
        "dmean2": 0.0975987613201,
        "dvar": 0.0463836602867,
        "dvar2": 0.106663227081,
        "max": 1,
        "mean": 0.0657385960221,
        "median": 0,
        "min": 0,
        "stdev": 0.247823476791,
        "var": 0.0614164732397
    },
    "spectral_centroid": {
        "dmean": 545.946472168,
        "dmean2": 829.80065918,
        "dvar": 494839.125,
        "dvar2": 1065104,
        "max": 11007.3046875,
        "mean": 1296.15734863,
        "median": 1038.70251465,
        "min": 102.99131012,
        "stdev": 977.366638184,
        "var": 955245.5625
    },
    "spectral_complexity": {
        "dmean": 5.02941179276,
        "dmean2": 6.91324567795,
        "dvar": 39.4943389893,
        "dvar2": 57.8732452393,
        "max": 60,
        "mean": 14.3542146683,
        "median": 12,
        "min": 0,
        "stdev": 10.2725162506,
        "var": 105.524589539
    },
    "spectral_decrease": {
        "dmean": 4.01595645627e-09,
        "dmean2": 5.77885161945e-09,
        "dvar": 3.61582714926e-17,
        "dvar2": 6.96269089751e-17,
        "max": -5.63213175147e-29,
        "mean": -1.06941540068e-08,
        "median": -7.96114729695e-09,
        "min": -5.2794181471e-08,
        "stdev": 9.43894118421e-09,
        "var": 8.90936186923e-17
    },
    "spectral_energy": {
        "dmean": 0.0165643002838,
        "dmean2": 0.0236911084503,
        "dvar": 0.000548572337721,
        "dvar2": 0.00106817798223,
        "max": 0.204522490501,
        "mean": 0.0429552458227,
        "median": 0.032141327858,
        "min": 1.1339049998e-20,
        "stdev": 0.0367480032146,
        "var": 0.00135041563772
    },
    "spectral_energyband_high": {
        "dmean": 0.0019562933594,
        "dmean2": 0.00322225946002,
        "dvar": 1.21153607324e-05,
        "dvar2": 3.19451173709e-05,
        "max": 0.0410651341081,
        "mean": 0.0019959572237,
        "median": 0.000620035280008,
        "min": 8.07873780848e-21,
        "stdev": 0.00355700147338,
        "var": 1.26522600112e-05
    },
    "spectral_energyband_low": {
        "dmean": 0.00798152666539,
        "dmean2": 0.0114887775853,
        "dvar": 0.000362149643479,
        "dvar2": 0.00063833524473,
        "max": 0.170193105936,
        "mean": 0.0242661908269,
        "median": 0.0192311629653,
        "min": 9.27748261065e-23,
        "stdev": 0.0298456344754,
        "var": 0.000890761846676
    },
    "spectral_energyband_middle_high": {
        "dmean": 0.0040590534918,
        "dmean2": 0.0059479335323,
        "dvar": 4.80627568322e-05,
        "dvar2": 9.38073426369e-05,
        "max": 0.0854033082724,
        "mean": 0.00518858805299,
        "median": 0.00169089529663,
        "min": 1.60629538741e-21,
        "stdev": 0.00841755606234,
        "var": 7.08552470314e-05
    },
    "spectral_energyband_middle_low": {
        "dmean": 0.00996001902968,
        "dmean2": 0.0160418804735,
        "dvar": 0.00031600476359,
        "dvar2": 0.000861038919538,
        "max": 0.13809505105,
        "mean": 0.0119857387617,
        "median": 0.0068613528274,
        "min": 3.56536048591e-22,
        "stdev": 0.016178611666,
        "var": 0.000261747482
    },
    "spectral_entropy": {
        "dmean": 0.35288476944,
        "dmean2": 0.514799892902,
        "dvar": 0.137597084045,
        "dvar2": 0.279668062925,
        "max": 9.79355621338,
        "mean": 7.46810054779,
        "median": 7.61996889114,
        "min": 5.12607288361,
        "stdev": 0.729295730591,
        "var": 0.531872272491
    },
    "spectral_flux": {
        "dmean": 0.0465707965195,
        "dmean2": 0.0712736770511,
        "dvar": 0.0029342409689,
        "dvar2": 0.0054770540446,
        "max": 0.453680157661,
        "mean": 0.118583269417,
        "median": 0.106280811131,
        "min": 1.06484973617e-10,
        "stdev": 0.0785119384527,
        "var": 0.00616412470117
    },
    "spectral_kurtosis": {
        "dmean": 5.11326360703,
        "dmean2": 7.71440553665,
        "dvar": 123.995079041,
        "dvar2": 277.674377441,
        "max": 162.030792236,
        "mean": 7.71424245834,
        "median": 2.9505033493,
        "min": -1.20883619785,
        "stdev": 16.2551670074,
        "var": 264.230438232
    },
    "spectral_rms": {
        "dmean": 0.00122386135627,
        "dmean2": 0.0016671505291,
        "dvar": 1.99100827558e-06,
        "dvar2": 3.42256021213e-06,
        "max": 0.0141256554052,
        "mean": 0.00589727284387,
        "median": 0.00559976743534,
        "min": 3.32603172434e-12,
        "stdev": 0.00267016119324,
        "var": 7.1297604336e-06
    },
    "spectral_rolloff": {
        "dmean": 1125.24365234,
        "dmean2": 1951.13183594,
        "dvar": 3777797.25,
        "dvar2": 9055931,
        "max": 18690.8203125,
        "mean": 1501.34545898,
        "median": 667.529296875,
        "min": 43.06640625,
        "stdev": 2195.14355469,
        "var": 4818655.5
    },
    "spectral_skewness": {
        "dmean": 0.624028563499,
        "dmean2": 0.89368480444,
        "dvar": 0.616158902645,
        "dvar2": 1.2782510519,
        "max": 10.9018354416,
        "mean": 1.83205938339,
        "median": 1.53334653378,
        "min": -0.257797956467,
        "stdev": 1.39597153664,
        "var": 1.94873666763
    },
    "spectral_spread": {
        "dmean": 1321867.25,
        "dmean2": 1955155.125,
        "dvar": 2.77350763725e+12,
        "dvar2": 4.74941803725e+12,
        "max": 40868152,
        "mean": 5650908,
        "median": 5536083,
        "min": 569788.625,
        "stdev": 2452748.75,
        "var": 6.01597621043e+12
    },
    "spectral_strongpeak": {
        "dmean": 0.501984417439,
        "dmean2": 0.843701601028,
        "dvar": 0.843351483345,
        "dvar2": 2.00735259056,
        "max": 10.6430158615,
        "mean": 0.605576038361,
        "median": 0.212129145861,
        "min": 0,
        "stdev": 0.914544641972,
        "var": 0.836391866207
    },
    "zerocrossingrate": {
        "dmean": 0.0198154505342,
        "dmean2": 0.0229306854308,
        "dvar": 0.000601674604695,
        "dvar2": 0.000740922347177,
        "max": 0.4853515625,
        "mean": 0.0566213652492,
        "median": 0.04443359375,
        "min": 0.00146484375,
        "stdev": 0.0511884689331,
        "var": 0.0026202595327
    },
    "barkbands": {
        "dmean": [0.00136394763831, 0.0069649531506, 0.00300953257829, 0.00243202457204, 0.00229495204985, 0.00114129530266, 0.00180537858978, 0.00256433268078, 0.00182401319034, 0.00100225792266, 0.000908368441742, 0.000848294119351, 0.00090439338237, 0.000573767523747, 0.000357968325261, 0.000310295290546, 0.000231615602388, 0.000227694225032, 0.000216066517169, 0.000245984119829, 0.000253863603575, 0.000713855610229, 0.000571494339965, 0.000274687103229, 0.000111335903057, 7.87253593444e-05, 9.13692201721e-06],
        "dmean2": [0.00234335893765, 0.00960417930037, 0.00548617029563, 0.00465078139678, 0.00389264011756, 0.00179743254557, 0.00290959631093, 0.00415161484852, 0.00298284296878, 0.00155096291564, 0.00150346755981, 0.00143905112054, 0.00142681750003, 0.000907424255274, 0.000556196202524, 0.000507910270244, 0.000353421724867, 0.000361713638995, 0.000339993159287, 0.000395402865252, 0.000403718091547, 0.00123797706328, 0.000974628026597, 0.000449557759566, 0.000170413419255, 0.00012589529797, 1.46902621054e-05],
        "dvar": [2.29603665503e-06, 0.000297277409118, 0.000122072218801, 9.2210371804e-05, 3.3063130104e-05, 3.75799550056e-06, 1.07256219053e-05, 3.17418234772e-05, 1.97520639631e-05, 4.52318499811e-06, 7.26182179278e-06, 5.77490800424e-06, 7.25668678569e-06, 2.52486347563e-06, 8.20215689146e-07, 9.80430058917e-07, 4.14003778815e-07, 4.83610619995e-07, 3.12149609272e-07, 4.96367249525e-07, 6.96869733474e-07, 2.06970571526e-06, 1.02708781924e-06, 2.57026215422e-07, 5.73568179618e-08, 2.94926181255e-08, 5.41522104935e-10],
        "dvar2": [5.89690762354e-06, 0.00050316459965, 0.000345054286299, 0.000268841948127, 9.14226329769e-05, 8.86898669705e-06, 2.55198956438e-05, 7.58433961892e-05, 4.13626075897e-05, 1.02705125755e-05, 1.90539012692e-05, 1.52985630848e-05, 1.69126906258e-05, 6.10257802691e-06, 1.90416278656e-06, 2.58783188656e-06, 8.61911530592e-07, 9.90762487163e-07, 6.77388527492e-07, 1.25463918721e-06, 1.85421743026e-06, 5.6376293287e-06, 2.76744731309e-06, 6.71961572607e-07, 1.28804643396e-07, 7.01658890989e-08, 1.43645439987e-09],
        "max": [0.0141577702016, 0.146719753742, 0.0848176777363, 0.0712927728891, 0.045777041465, 0.0261881686747, 0.02888170816, 0.0664892569184, 0.0498230233788, 0.0308673363179, 0.0375345237553, 0.0346358828247, 0.0431562326849, 0.0323891118169, 0.0102801397443, 0.0103247128427, 0.010851925239, 0.00861287582666, 0.00589956250042, 0.0070790858008, 0.0162378326058, 0.00981492456049, 0.0079846214503, 0.00569029990584, 0.00437486451119, 0.0018653201405, 0.000493286701385],
        "mean": [0.00533015001565, 0.0160406138748, 0.00269374367781, 0.0016126439441, 0.00239320052788, 0.00122431968339, 0.00202961126342, 0.00232391851023, 0.00178596191108, 0.00107721891254, 0.00083437608555, 0.000746655627154, 0.000797087908722, 0.000577159808017, 0.000359807978384, 0.000308764108922, 0.000247635907726, 0.000231937272474, 0.000214882951695, 0.000220279966015, 0.000251907593338, 0.000597306876443, 0.000519431196153, 0.00028868811205, 0.000139158146339, 9.97538736556e-05, 9.04173975869e-06],
        "median": [0.00612270040438, 0.0100095942616, 0.00112075358629, 0.000385014456697, 0.000750462757424, 0.000467704085167, 0.000778480723966, 0.000382287747925, 0.00022875641298, 0.000342023791745, 0.000149427200085, 7.84490403021e-05, 7.00348973623e-05, 4.49361323263e-05, 3.46317756339e-05, 3.48136090906e-05, 3.82226207876e-05, 3.26451518049e-05, 3.56688069587e-05, 3.70819798263e-05, 5.05536881974e-05, 0.000113515714474, 0.000128927160404, 7.40929390304e-05, 3.84223385481e-05, 2.17919023271e-05, 7.97362702087e-07],
        "min": [2.58594820955e-23, 6.52923005638e-23, 1.37122437341e-23, 2.16166347376e-23, 8.1595632094e-23, 9.88014394325e-23, 6.87789584798e-23, 4.09141698751e-23, 3.96164589761e-23, 9.77799402909e-23, 1.34482306062e-22, 5.33997617228e-23, 9.51524844293e-23, 8.17969998841e-23, 2.06971857981e-22, 1.56648439218e-22, 2.14603361487e-22, 1.63743580418e-22, 3.14660762144e-22, 4.25632084979e-22, 4.86323130277e-22, 4.91695058471e-22, 8.11263343239e-22, 8.95315879467e-22, 1.2297623081e-21, 1.94146681077e-21, 2.07332860926e-21],
        "stdev": [0.00411943579093, 0.0255292374641, 0.00857206340879, 0.00702901976183, 0.00503058545291, 0.00204474828206, 0.00349585339427, 0.00552833592519, 0.00470851641148, 0.00232827384025, 0.00239405641332, 0.00212364131585, 0.00267066666856, 0.0015972899273, 0.00096588942688, 0.000917206925806, 0.000695839349646, 0.000740677525755, 0.000578902603593, 0.0006537802401, 0.000767916848417, 0.00127886829432, 0.000991001259536, 0.000547324831132, 0.000298362429021, 0.000210505779251, 2.55046070379e-05],
        "var": [1.69697505044e-05, 0.00065174192423, 7.34802742954e-05, 4.94071209687e-05, 2.53067901212e-05, 4.18099534727e-06, 1.22209903566e-05, 3.05624962493e-05, 2.21701247938e-05, 5.42085854249e-06, 5.73150600758e-06, 4.50985271527e-06, 7.13246026862e-06, 2.55133522842e-06, 9.32942384679e-07, 8.41268501972e-07, 4.84192412387e-07, 5.48603168227e-07, 3.35128248707e-07, 4.27428631156e-07, 5.89696298903e-07, 1.63550419074e-06, 9.82083520285e-07, 2.99564476336e-07, 8.90201334869e-08, 4.43126815242e-08, 6.50484943687e-10]
    },
    "erbbands": {
        "dmean": [0.261590838432, 1.63517260551, 3.32700181007, 6.2041721344, 8.16972923279, 7.79450082779, 6.78913640976, 9.87468910217, 17.9750499725, 46.9205703735, 48.1261749268, 43.5248756409, 40.2952194214, 23.7941970825, 37.646030426, 35.6080856323, 41.1302680969, 29.9421768188, 22.8968238831, 15.8752479553, 14.7582406998, 13.0052528381, 13.0968122482, 9.09452152252, 13.3197727203, 11.9362735748, 8.44086170197, 11.1113367081, 24.5546627045, 27.723897934, 14.2207136154, 7.61687898636, 3.689909935, 1.58780860901, 0.619003176689, 0.348695248365, 0.157563880086, 0.028229823336, 0.000881374347955, 3.67609027307e-05],
        "dmean2": [0.392054826021, 2.06788086891, 5.60748147964, 11.7545681, 15.1106863022, 13.1063613892, 10.9890823364, 15.500711441, 27.8656406403, 75.8445281982, 77.3203353882, 70.8057632446, 62.5856399536, 37.4856948853, 62.9021339417, 58.3813056946, 64.6873779297, 47.1870307922, 35.7634811401, 23.7429275513, 22.5963802338, 19.9647579193, 20.6716308594, 14.2861213684, 20.4665107727, 19.6550559998, 13.7065868378, 18.090883255, 42.900100708, 47.8594551086, 24.4852600098, 12.766620636, 5.97426748276, 2.43170499802, 0.989160060883, 0.555261731148, 0.249967053533, 0.0443944483995, 0.00137101626024, 5.34909086127e-05],
        "dvar": [0.309994995594, 19.1891536713, 132.756744385, 579.803588867, 871.795349121, 272.445556641, 154.755386353, 353.64654541, 871.584289551, 8868.54882812, 10974.1064453, 13548.2695312, 7230.77685547, 2116.90991211, 14624.34375, 9956.60253906, 15245.9863281, 7867.60693359, 3310.89599609, 1771.88916016, 1806.84680176, 1220.47119141, 1499.18969727, 602.98236084, 1230.7767334, 1338.90368652, 866.354370117, 865.125366211, 2656.37548828, 2800.01538086, 695.34185791, 235.312057495, 42.418674469, 15.886475563, 1.55601346493, 0.744061887264, 0.11239027977, 0.00324333412573, 3.71719647774e-06, 2.21604090633e-09],
        "dvar2": [0.684356153011, 29.960603714, 360.032318115, 1676.37609863, 2521.11572266, 726.363647461, 365.958862305, 847.407897949, 2008.12121582, 21497.5703125, 25860.4785156, 29565.2695312, 16190.1796875, 4626.30078125, 38489.8398438, 25778.9472656, 35811.8242188, 19484.84375, 8161.26953125, 3932.1340332, 4256.89208984, 2654.62695312, 3019.48266602, 1345.66418457, 2660.46557617, 3532.63549805, 2215.75976562, 2274.87597656, 7203.81542969, 7644.99316406, 1886.20300293, 635.18737793, 105.105247498, 34.3802566528, 3.59440994263, 1.89013445377, 0.253126382828, 0.00752457370982, 9.0859912234e-06, 4.65410510131e-09],
        "max": [5.38445711136, 39.5273094177, 103.556495667, 167.511047363, 237.978179932, 127.356552124, 196.465774536, 285.629180908, 351.610626221, 1033.33105469, 1420.16589355, 1504.4329834, 1201.67028809, 552.948608398, 1875.02307129, 1644.37084961, 1940.56213379, 1768.27832031, 893.695617676, 463.109069824, 444.203125, 559.928344727, 524.852844238, 250.624237061, 386.860321045, 351.880645752, 594.636962891, 456.894958496, 398.482025146, 497.256439209, 210.908828735, 141.48600769, 82.5483779907, 92.0531234741, 17.4683685303, 11.3515310287, 4.21413850784, 0.929988086224, 0.0390793196857, 0.000695342198014],
        "mean": [0.72651642561, 2.56291437149, 3.62771320343, 4.35654163361, 6.36765193939, 8.76694011688, 7.55868291855, 10.5255565643, 21.4499759674, 47.5246429443, 45.7174186707, 42.1059951782, 43.6330604553, 26.410150528, 34.2839241028, 33.0262260437, 36.7924118042, 30.2867507935, 24.0761127472, 16.5393619537, 16.7303962708, 14.2307682037, 13.5917634964, 9.14018821716, 12.9228553772, 10.4446773529, 8.90244483948, 10.7188987732, 19.9150714874, 23.9507331848, 13.0015592575, 7.41805696487, 4.07485294342, 1.95790147781, 0.762593209743, 0.421750336885, 0.195612773299, 0.0334314592183, 0.00101423461456, 7.7425786003e-05],
        "median": [0.692491769791, 0.674217224121, 1.62355053425, 1.20756304264, 1.70549988747, 2.3466796875, 2.80732321739, 3.95872068405, 10.7587661743, 13.7773447037, 9.94174861908, 6.31723165512, 13.1359958649, 6.96145153046, 5.49701786041, 4.08350896835, 3.73748159409, 2.70948052406, 2.29779195786, 2.20830583572, 2.13608789444, 2.80097198486, 2.0985417366, 1.77590918541, 1.85432159901, 1.87349498272, 2.08774924278, 2.12476325035, 3.63746261597, 4.72927474976, 3.34662652016, 1.62648999691, 1.10276091099, 0.491122275591, 0.220532998443, 0.0992894768715, 0.0388820543885, 0.00582712423056, 0.00017418670177, 5.45980146853e-05],
        "min": [8.29647967516e-22, 1.82710174017e-20, 2.6970135015e-20, 2.66975143797e-20, 1.6311149942e-19, 2.12956563027e-19, 6.22059569577e-19, 8.81546024337e-19, 1.25974540811e-18, 4.30511216284e-19, 1.12909336773e-18, 9.62579428878e-19, 1.23255742894e-18, 5.8269853168e-18, 4.82991421414e-18, 2.21771485603e-18, 3.76527610391e-18, 4.31774134964e-18, 6.13294784486e-18, 1.36490012309e-17, 7.00243378266e-18, 1.25880560685e-17, 1.00573995548e-17, 1.08425023168e-17, 1.70276320234e-17, 2.43056782503e-17, 1.79682009e-17, 1.9126475442e-17, 1.90722918031e-17, 1.75953492389e-17, 2.29810345261e-17, 2.00481068456e-17, 1.59669101998e-17, 1.26755965928e-17, 9.27491068358e-18, 7.18774788247e-18, 3.53675836071e-18, 1.26131880903e-18, 2.91379799145e-19, 3.27682882148e-20],
        "stdev": [0.752563297749, 6.20112657547, 9.94223499298, 17.9169082642, 22.2215137482, 16.4306545258, 13.3043069839, 19.307975769, 32.9187698364, 94.1697311401, 104.673622131, 119.429527283, 91.3891296387, 53.680770874, 105.686470032, 91.6407012939, 121.27066803, 85.993598938, 60.4331436157, 45.3224563599, 44.5822982788, 37.0924606323, 41.7068252563, 25.0686187744, 36.2720031738, 32.4028205872, 28.0686779022, 27.6523647308, 45.0300941467, 48.6990127563, 25.2901954651, 15.2208003998, 7.56445503235, 4.94622468948, 1.52491688728, 0.958393752575, 0.421079784632, 0.0715091601014, 0.00235276995227, 7.17920556781e-05],
        "var": [0.566351473331, 38.4539680481, 98.8480377197, 321.015625, 493.795715332, 269.966430664, 177.004577637, 372.797912598, 1083.64538574, 8867.93847656, 10956.5664062, 14263.4121094, 8351.97363281, 2881.625, 11169.6298828, 8398.01757812, 14706.5742188, 7394.89892578, 3652.16503906, 2054.125, 1987.58117676, 1375.85070801, 1739.45922852, 628.435668945, 1315.6583252, 1049.94274902, 787.850646973, 764.653320312, 2027.70922852, 2371.59399414, 639.593994141, 231.672775269, 57.2209777832, 24.4651374817, 2.32537150383, 0.918518602848, 0.177308186889, 0.00511356024072, 5.53552627025e-06, 5.15409892543e-09]
    },
    "gfcc": {
        "mean": [-22.357831955, 82.8100814819, -88.2828445435, 20.9954032898, -73.6024551392, 20.162689209, -28.8587188721, 10.1513681412, -12.6832361221, 5.77930355072, -12.1867341995, 7.25184345245, -13.1571483612],
        "cov": [[11849.2841797, -3108.06860352, -710.220581055, 1023.73791504, 151.864883423, 1079.6184082, -225.672866821, 640.649108887, -3.75513529778, 537.819152832, -293.522216797, 352.620819092, -414.334136963], [-3108.06860352, 3372.84375, 756.19317627, -173.513793945, 810.051086426, -105.210632324, 587.821899414, -34.8824310303, 335.063537598, -211.575897217, 333.992523193, -179.733215332, 258.807922363], [-710.220581055, 756.19317627, 1723.734375, 565.43737793, 232.563781738, 249.148651123, 406.761474609, 155.395797729, 190.408477783, 86.3950195312, 105.172187805, 106.598777771, 115.728294373], [1023.73791504, -173.513793945, 565.43737793, 1092.9654541, 293.954711914, 284.154663086, 143.002349854, 172.287185669, 113.397895813, 69.0882110596, 61.9529075623, 44.5427513123, 108.159950256], [151.864883423, 810.051086426, 232.563781738, 293.954711914, 1025.66955566, 198.919754028, 183.208679199, 182.677612305, 178.532562256, 78.7911300659, 120.908004761, -59.993270874, 31.5576114655], [1079.6184082, -105.210632324, 249.148651123, 284.154663086, 198.919754028, 515.71295166, 164.792053223, 137.034210205, 124.953186035, 116.895042419, 53.5143241882, 37.7617149353, 4.04731798172], [-225.672866821, 587.821899414, 406.761474609, 143.002349854, 183.208679199, 164.792053223, 429.853668213, 114.250228882, 116.937454224, 33.3784637451, 114.608612061, 41.1123962402, 46.8133239746], [640.649108887, -34.8824310303, 155.395797729, 172.287185669, 182.677612305, 137.034210205, 114.250228882, 237.687133789, 82.4549255371, 73.0267562866, 49.8434066772, 32.2761459351, 3.59244465828], [-3.75513529778, 335.063537598, 190.408477783, 113.397895813, 178.532562256, 124.953186035, 116.937454224, 82.4549255371, 236.623962402, 56.9479293823, 82.3735580444, -0.144842848182, 50.771987915], [537.819152832, -211.575897217, 86.3950195312, 69.0882110596, 78.7911300659, 116.895042419, 33.3784637451, 73.0267562866, 56.9479293823, 165.335952759, 14.1841783524, 41.7250938416, -32.5604782104], [-293.522216797, 333.992523193, 105.172187805, 61.9529075623, 120.908004761, 53.5143241882, 114.608612061, 49.8434066772, 82.3735580444, 14.1841783524, 166.809844971, 3.78792262077, 56.823059082], [352.620819092, -179.733215332, 106.598777771, 44.5427513123, -59.993270874, 37.7617149353, 41.1123962402, 32.2761459351, -0.144842848182, 41.7250938416, 3.78792262077, 133.767456055, 2.57630085945], [-414.334136963, 258.807922363, 115.728294373, 108.159950256, 31.5576114655, 4.04731798172, 46.8133239746, 3.59244465828, 50.771987915, -32.5604782104, 56.823059082, 2.57630085945, 149.879577637]],
        "icov": [[0.000211340258829, -1.58883322001e-05, 0.000192473497009, -0.000206439784961, 4.19746793341e-05, -0.000351327616954, 0.000166873884154, -0.000425902777351, 3.41022714565e-05, -0.000185305223567, 0.000325736356899, -0.000452769105323, 0.000403249665396], [-1.58883322001e-05, 0.00128384877462, -0.000458278693259, 0.000666300067678, -0.000905974127818, 0.000563646899536, -0.00126516749151, 0.000952791539021, -0.000950019340962, 0.00147862068843, -0.000877043406945, 0.0010833342094, -0.000883023894858], [0.000192473497009, -0.000458278693259, 0.00123453349806, -0.000755916640628, 0.000357882963726, -0.000452974811196, -0.000120384604088, -0.00059622846311, 8.36534964037e-05, -0.000832531077322, 0.000823991722427, -0.00115728890523, 0.000402762030717], [-0.000206439784961, 0.000666300067678, -0.000755916640628, 0.00192617415451, -0.000710423046257, 8.54445970617e-05, -0.000500318245031, 0.000329100905219, -0.000292752694804, 0.000932351860683, -0.000568858464248, 0.000890354567673, -0.00172984285746], [4.19746793341e-05, -0.000905974127818, 0.000357882963726, -0.000710423046257, 0.00203397148289, -0.000512102560606, 0.000709873740561, -0.00133543007541, 0.000244270340772, -0.00132633803878, 0.000224784045713, 0.000175427485374, 0.000853519013617], [-0.000351327616954, 0.000563646899536, -0.000452974811196, 8.54445970617e-05, -0.000512102560606, 0.00379983871244, -0.00148304982577, 0.000687697145622, -0.00112661276944, -0.000341729319189, -0.000752766209189, 0.00114235468209, -0.000631310220342], [0.000166873884154, -0.00126516749151, -0.000120384604088, -0.000500318245031, 0.000709873740561, -0.00148304982577, 0.00536436773837, -0.00203841528855, 0.000550894241314, -0.000717447604984, -0.000632411160041, -0.00207978487015, 0.00129694747739], [-0.000425902777351, 0.000952791539021, -0.00059622846311, 0.000329100905219, -0.00133543007541, 0.000687697145622, -0.00203841528855, 0.00799087900668, -0.00144703267142, 0.0001355016866, -0.0017045714194, 0.000692450557835, -0.000738042523153], [3.41022714565e-05, -0.000950019340962, 8.36534964037e-05, -0.000292752694804, 0.000244270340772, -0.00112661276944, 0.000550894241314, -0.00144703267142, 0.00749544939026, -0.00282279564999, -0.000828517368063, 0.000205494958209, -0.00111873343121], [-0.000185305223567, 0.00147862068843, -0.000832531077322, 0.000932351860683, -0.00132633803878, -0.000341729319189, -0.000717447604984, 0.0001355016866, -0.00282279564999, 0.0111782839522, -0.00160421011969, -0.000954200455453, 0.00142307137139], [0.000325736356899, -0.000877043406945, 0.000823991722427, -0.000568858464248, 0.000224784045713, -0.000752766209189, -0.000632411160041, -0.0017045714194, -0.000828517368063, -0.00160421011969, 0.0101185627282, -0.00134385249112, -0.00148034840822], [-0.000452769105323, 0.0010833342094, -0.00115728890523, 0.000890354567673, 0.000175427485374, 0.00114235468209, -0.00207978487015, 0.000692450557835, 0.000205494958209, -0.000954200455453, -0.00134385249112, 0.0113584827632, -0.00226870109327], [0.000403249665396, -0.000883023894858, 0.000402762030717, -0.00172984285746, 0.000853519013617, -0.000631310220342, 0.00129694747739, -0.000738042523153, -0.00111873343121, 0.00142307137139, -0.00148034840822, -0.00226870109327, 0.0109872100875]]
    },
    "melbands": {
        "dmean": [0.00204571289942, 0.00167525385041, 0.00112255837303, 0.000548175827134, 0.000258834683336, 0.000229029188631, 0.000306137750158, 0.000537011248525, 0.000374685943825, 0.00027665332891, 0.000198288005777, 9.27250221139e-05, 0.000125290491269, 9.83648351394e-05, 0.000108849992102, 7.4884352216e-05, 5.72201133764e-05, 3.99088094127e-05, 2.54663464148e-05, 2.10280195461e-05, 1.73914213519e-05, 1.37888273457e-05, 1.22999208543e-05, 1.1507241652e-05, 6.74921830068e-06, 9.27334622247e-06, 1.08522381197e-05, 7.16464955985e-06, 4.68090138384e-06, 6.54425502944e-06, 6.0410820879e-06, 1.35996942845e-05, 1.4980186279e-05, 1.54869176185e-05, 8.44724672788e-06, 6.2881103986e-06, 4.18121408075e-06, 2.85139276457e-06, 1.94663311959e-06, 1.12902478122e-06],
        "dmean2": [0.00291957962327, 0.00236038444564, 0.00211418839172, 0.000962440506555, 0.000412222259911, 0.000357249606168, 0.000478786474559, 0.00088045746088, 0.000601882871706, 0.000455960893305, 0.000308956572553, 0.000147483064211, 0.000208241865039, 0.000164194076206, 0.00017805036623, 0.000119731514133, 9.07659705263e-05, 6.44287283649e-05, 4.00318676839e-05, 3.41801060131e-05, 2.69227257377e-05, 2.14862920984e-05, 1.88200228877e-05, 1.88142021216e-05, 1.07273172034e-05, 1.43575443872e-05, 1.70092807821e-05, 1.20717704704e-05, 7.59456634114e-06, 1.06251145553e-05, 9.83351583272e-06, 2.39634500758e-05, 2.57255505858e-05, 2.67146333499e-05, 1.44847554111e-05, 1.07811893031e-05, 6.94826530889e-06, 4.65114817416e-06, 3.1048746223e-06, 1.74332706138e-06],
        "dvar": [2.11706410482e-05, 2.3803431759e-05, 1.85245608009e-05, 2.37761287281e-06, 2.05745266157e-07, 1.66178352856e-07, 2.43028779323e-07, 1.23448899103e-06, 6.13072529632e-07, 5.85393081565e-07, 1.80656925863e-07, 3.31796883302e-08, 1.59895137131e-07, 7.30752915956e-08, 1.0098597869e-07, 4.55105642061e-08, 3.20761834871e-08, 1.13534524004e-08, 4.35698321866e-09, 4.30927338257e-09, 2.62153476704e-09, 1.70182490322e-09, 7.99942667662e-10, 1.65603653013e-09, 3.04519770511e-10, 6.18117501627e-10, 8.63661586692e-10, 5.15743225904e-10, 1.9045383326e-10, 7.71341879258e-10, 2.10440137538e-10, 9.11202557852e-10, 7.87704068639e-10, 8.22149237578e-10, 2.29674737562e-10, 2.06862374452e-10, 6.4168885483e-11, 2.62865094275e-11, 1.59981455167e-11, 8.19250309952e-12],
        "dvar2": [3.8584745198e-05, 5.31685145688e-05, 5.34115024493e-05, 6.74144939694e-06, 4.79104983242e-07, 3.88962064335e-07, 5.60703540486e-07, 2.95897802971e-06, 1.42661804148e-06, 1.26309805637e-06, 4.09166659665e-07, 7.08011285155e-08, 4.24047186698e-07, 1.92183321701e-07, 2.44485846679e-07, 1.08972791679e-07, 7.92882630662e-08, 2.8326109458e-08, 9.83354642159e-09, 1.10228635108e-08, 6.08056449636e-09, 3.89759113872e-09, 1.63741875614e-09, 3.43844908102e-09, 7.17859827137e-10, 1.34943956009e-09, 2.03307282121e-09, 1.39834932522e-09, 4.50549625386e-10, 2.13006057237e-09, 5.37513367149e-10, 2.48401832437e-09, 2.14388706787e-09, 2.2132828903e-09, 6.17247364332e-10, 5.74781222618e-10, 1.7222312465e-10, 6.605416214e-11, 3.61368122925e-11, 1.79230345843e-11],
        "max": [0.0407069250941, 0.0454709939659, 0.0305925253779, 0.0126505764201, 0.00609935168177, 0.0059782131575, 0.00448597501963, 0.0139101659879, 0.00988480541855, 0.00960381887853, 0.0059939189814, 0.00253136572428, 0.00585210649297, 0.00314642931335, 0.00456017907709, 0.00332956039347, 0.00388803170063, 0.00166760850698, 0.000813933263998, 0.000712273584213, 0.000592444790527, 0.000796163629275, 0.000314332603011, 0.000504208204802, 0.000163260570844, 0.000267009803792, 0.000295947189443, 0.000208836761885, 0.000229600074817, 0.000622098450549, 0.0001483301603, 0.000257093546679, 0.000210219339351, 0.000280961656244, 0.00011273506243, 0.000113629634143, 7.39992901799e-05, 6.62161692162e-05, 7.26054568077e-05, 6.42783052172e-05],
        "mean": [0.00571261718869, 0.0023327653762, 0.00081921875244, 0.000533486600034, 0.000301718362607, 0.000245574163273, 0.000362742459401, 0.000537082029041, 0.000351434573531, 0.000264806847554, 0.000211010032217, 9.91146152955e-05, 0.000112115310912, 8.73785029398e-05, 9.65081417235e-05, 6.63632526994e-05, 5.60235021112e-05, 4.07341358368e-05, 2.55190734606e-05, 1.96420223801e-05, 1.99837741093e-05, 1.46055526784e-05, 1.25853130157e-05, 1.1471970538e-05, 6.5550329964e-06, 9.10062772164e-06, 9.55885116127e-06, 6.1341570472e-06, 4.89487183586e-06, 6.36586264591e-06, 5.83487189942e-06, 1.05443987195e-05, 1.29638247017e-05, 1.32884115374e-05, 7.7693239291e-06, 5.48673006051e-06, 4.15031990997e-06, 3.0329006222e-06, 2.24691393669e-06, 1.36794130867e-06],
        "median": [0.00484456727281, 0.000796669977717, 0.000240898574702, 0.000161947289598, 0.00010289697093, 9.25586500671e-05, 0.000169413411641, 0.000136278191349, 7.00210730429e-05, 3.54032781615e-05, 6.18777557975e-05, 2.21073551074e-05, 1.86939869309e-05, 1.01027962955e-05, 8.49509342515e-06, 6.10887627772e-06, 4.3294326133e-06, 3.46605156665e-06, 2.56553539657e-06, 2.47830485023e-06, 2.29114948525e-06, 2.10138978218e-06, 1.94653307517e-06, 1.42738679187e-06, 1.27160569718e-06, 1.38898030855e-06, 1.09221866751e-06, 1.09674056148e-06, 1.10422774924e-06, 1.11851136353e-06, 1.09439781681e-06, 1.55314239692e-06, 2.6540599265e-06, 2.58478644355e-06, 1.84595523933e-06, 9.84554844763e-07, 8.90461876679e-07, 7.6681368455e-07, 5.19372690633e-07, 3.27441000536e-07],
        "min": [1.59639257035e-23, 1.78308502327e-23, 1.02976372177e-23, 1.2631237659e-23, 2.06421264624e-23, 1.93785432639e-23, 1.86313925902e-23, 4.30201074256e-24, 8.84414364493e-24, 6.26781938065e-24, 5.7278839285e-24, 2.28790504219e-23, 1.73125717734e-23, 7.60435485793e-24, 5.37127225655e-24, 9.84361857893e-24, 8.07485516763e-24, 8.3243103408e-24, 1.8688714379e-23, 1.41610219699e-23, 7.03714808986e-24, 1.20894913766e-23, 1.1063290624e-23, 9.32479738334e-24, 8.23896347946e-24, 1.16784025483e-23, 1.03724117652e-23, 1.8120355874e-23, 1.04160917824e-23, 1.11878525498e-23, 1.16337427658e-23, 1.04473109527e-23, 1.01238464272e-23, 1.02522729825e-23, 1.20743144816e-23, 1.53483033862e-23, 1.05624278469e-23, 9.18739043543e-24, 1.36070727982e-23, 9.49910566668e-24],
        "stdev": [0.0068467259407, 0.00563521543518, 0.00321328174323, 0.00126852246467, 0.000508514116518, 0.000430095067713, 0.000555662729312, 0.00109977088869, 0.000795712869149, 0.000785157899372, 0.000452943902928, 0.00021633169672, 0.000347379682353, 0.000241610119701, 0.00030401229742, 0.000206814307603, 0.0001717734267, 0.000108172353066, 7.03523473931e-05, 6.16152974544e-05, 5.4800973885e-05, 4.22371122113e-05, 3.10830873786e-05, 4.23158198828e-05, 1.72438321897e-05, 2.56922739936e-05, 2.8458171073e-05, 1.96344171854e-05, 1.42432345456e-05, 2.37539006775e-05, 1.42073595271e-05, 2.57092760876e-05, 2.60851556959e-05, 2.69134561677e-05, 1.49011211761e-05, 1.28506499095e-05, 8.2708966147e-06, 5.76194224777e-06, 4.91195396535e-06, 3.50742607225e-06],
        "var": [4.6877656132e-05, 3.17556514347e-05, 1.03251795736e-05, 1.60914930802e-06, 2.58586595692e-07, 1.84981772122e-07, 3.08761087808e-07, 1.20949596294e-06, 6.33159004337e-07, 6.16472959791e-07, 2.05158187327e-07, 4.67993999109e-08, 1.20672652315e-07, 5.83754520278e-08, 9.24234768718e-08, 4.27721573715e-08, 2.95061077793e-08, 1.17012577405e-08, 4.94945284757e-09, 3.7964449362e-09, 3.00314662027e-09, 1.78397363548e-09, 9.66158375526e-10, 1.79062853434e-09, 2.97349728173e-10, 6.60092980276e-10, 8.09867506391e-10, 3.85510345868e-10, 2.02869721022e-10, 5.64247759627e-10, 2.0184906524e-10, 6.60966836818e-10, 6.80435374711e-10, 7.24334092705e-10, 2.22043411435e-10, 1.65139193986e-10, 6.84077378077e-11, 3.31999774894e-11, 2.41272939128e-11, 1.23020378606e-11]
    },
    "melbands128": {
