{
"lowlevel": {
    "average_loudness": 0.950701236725,
    "barkbands_crest": {
        "dmean": 3.18798041344,
        "dmean2": 4.69456624985,
        "dvar": 8.86200428009,
        "dvar2": 19.0583171844,
        "max": 26.3149375916,
        "mean": 12.315990448,
        "median": 10.5827741623,
        "min": 3.32484602928,
        "stdev": 6.13236284256,
        "var": 37.6058731079
    },
    "barkbands_flatness_db": {
        "dmean": 0.0398316308856,
        "dmean2": 0.0554131790996,
        "dvar": 0.00164978054818,
        "dvar2": 0.00301089393906,
        "max": 0.415870785713,
        "mean": 0.163460209966,
        "median": 0.146706432104,
        "min": 0.0316466130316,
        "stdev": 0.0810125991702,
        "var": 0.00656304135919
    },
    "barkbands_kurtosis": {
        "dmean": 9.17489242554,
        "dmean2": 13.8181343079,
        "dvar": 293.970458984,
        "dvar2": 627.936096191,
        "max": 247.26109314,
        "mean": 12.899064064,
        "median": 3.7373714447,
        "min": -1.95625054836,
        "stdev": 25.0154972076,
        "var": 625.775146484
    },
    "barkbands_skewness": {
        "dmean": 1.0478477478,
        "dmean2": 1.52483415604,
        "dvar": 1.22899711132,
        "dvar2": 2.48472762108,
        "max": 14.1390638351,
        "mean": 2.30999517441,
        "median": 1.80413961411,
        "min": -5.91834783554,
        "stdev": 2.19927453995,
        "var": 4.83680820465
    },
    "barkbands_spread": {
        "dmean": 13.6994199753,
        "dmean2": 21.6166591644,
        "dvar": 283.761199951,
        "dvar2": 622.06652832,
        "max": 107.740577698,
        "mean": 29.0858459473,
        "median": 22.3143539429,
        "min": 0.498447149992,
        "stdev": 25.3194484711,
        "var": 641.074462891
    },
    "dissonance": {
        "dmean": 0.0345652252436,
        "dmean2": 0.0563751198351,
        "dvar": 0.00111055606976,
        "dvar2": 0.00268772686832,
        "max": 0.499822795391,
        "mean": 0.434855461121,
        "median": 0.444749355316,
        "min": 0.0866212099791,
        "stdev": 0.0455608442426,
        "var": 0.00207579042763
    },
    "dynamic_complexity": 1.97231769562,
    "erbbands_crest": {
        "dmean": 3.30569171906,
        "dmean2": 5.4206609726,
        "dvar": 7.60452032089,
        "dvar2": 19.7733726501,
        "max": 25.1026134491,
        "mean": 9.698138237,
        "median": 9.10884189606,
        "min": 2.9080092907,
        "stdev": 3.85060238838,
        "var": 14.8271389008
    },
    "erbbands_flatness_db": {
        "dmean": 0.0279777050018,
        "dmean2": 0.0402291342616,
        "dvar": 0.000679364951793,
        "dvar2": 0.00129169446882,
        "max": 0.316226094961,
        "mean": 0.139443472028,
        "median": 0.135185390711,
        "min": 0.0383509770036,
        "stdev": 0.043585434556,
        "var": 0.00189969013445
    },
    "erbbands_kurtosis": {
        "dmean": 2.34579706192,
        "dmean2": 3.67860889435,
        "dvar": 17.0237369537,
        "dvar2": 37.4917678833,
        "max": 53.6364212036,
        "mean": 1.60526669025,
        "median": 0.371417760849,
        "min": -1.83026611805,
        "stdev": 4.73451375961,
        "var": 22.4156208038
    },
    "erbbands_skewness": {
        "dmean": 0.725271224976,
        "dmean2": 1.0833927393,
        "dvar": 0.623479127884,
        "dvar2": 1.27913606167,
        "max": 3.70533013344,
        "mean": 0.389167964458,
        "median": 0.61290115118,
        "min": -6.06163406372,
        "stdev": 1.308198452,
        "var": 1.71138334274
    },
    "erbbands_spread": {
        "dmean": 20.7315216064,
        "dmean2": 32.8037033081,
        "dvar": 491.224273682,
        "dvar2": 1145.75354004,
        "max": 167.101623535,
        "mean": 54.3995628357,
        "median": 50.029624939,
        "min": 5.73237800598,
        "stdev": 29.5505943298,
        "var": 873.237609863
    },
    "hfc": {
        "dmean": 26.0294475555,
        "dmean2": 39.932220459,
        "dvar": 1474.49584961,
        "dvar2": 3677.98291016,
        "max": 349.822296143,
        "mean": 42.5759315491,
        "median": 27.1251373291,
        "min": 1.20832492474e-16,
        "stdev": 50.2544708252,
        "var": 2525.51171875
    },
    "loudness_ebu128": {
        "integrated": -7.9266295433,
        "loudness_range": 1.59087944031,
        "momentary": {
            "dmean": 0.556581676006,
            "dmean2": 0.753891527653,
            "dvar": 0.237191900611,
            "dvar2": 0.404732018709,
            "max": -5.7822933197,
            "mean": -8.08591651917,
            "median": -7.91387462616,
            "min": -11.7422542572,
            "stdev": 1.20907318592,
            "var": 1.46185791492
        },
        "short_term": {
            "dmean": 0.0899411067367,
            "dmean2": 0.134697750211,
            "dvar": 0.00492267822847,
            "dvar2": 0.0107600539923,
            "max": -6.78756761551,
            "mean": -7.97365093231,
            "median": -7.90195465088,
            "min": -9.27438354492,
            "stdev": 0.5323792696,
            "var": 0.283427685499
        }
    },
    "melbands_crest": {
        "dmean": 3.912368536,
        "dmean2": 5.93651866913,
        "dvar": 13.5401916504,
        "dvar2": 30.536529541,
        "max": 36.8950119019,
        "mean": 17.6693935394,
        "median": 15.1038503647,
        "min": 2.25620293617,
        "stdev": 8.71898174286,
        "var": 76.0206451416
    },
    "melbands_flatness_db": {
        "dmean": 0.0456264466047,
        "dmean2": 0.0644205361605,
        "dvar": 0.00231257313862,
        "dvar2": 0.00423165457323,
        "max": 0.539347529411,
        "mean": 0.233440071344,
        "median": 0.213589474559,
        "min": 0.00508286198601,
        "stdev": 0.101364560425,
        "var": 0.0102747743949
    },
    "melbands_kurtosis": {
        "dmean": 21.458480835,
        "dmean2": 34.1086807251,
        "dvar": 1253.12719727,
        "dvar2": 2938.98706055,
        "max": 409.23034668,
        "mean": 35.0530090332,
        "median": 14.8004436493,
        "min": -1.95267486572,
        "stdev": 53.2442436218,
        "var": 2834.94946289
    },
    "melbands_skewness": {
        "dmean": 1.36633956432,
        "dmean2": 2.12183976173,
        "dvar": 2.34019780159,
        "dvar2": 5.12657976151,
        "max": 17.1398277283,
        "mean": 3.9856865406,
        "median": 3.19644522667,
        "min": -1.74704265594,
        "stdev": 2.77200889587,
        "var": 7.68403339386
    },
    "melbands_spread": {
        "dmean": 16.3257007599,
        "dmean2": 24.6521663666,
        "dvar": 813.580993652,
        "dvar2": 1595.46582031,
        "max": 328.274749756,
        "mean": 29.2078475952,
        "median": 16.4492549896,
        "min": 0.373147219419,
        "stdev": 42.0359573364,
        "var": 1767.02160645
    },
    "pitch_salience": {
        "dmean": 0.0918896496296,
        "dmean2": 0.139580458403,
        "dvar": 0.00871617626399,
        "dvar2": 0.0198427625,
        "max": 0.848268985748,
        "mean": 0.499415189028,
        "median": 0.544701576233,
        "min": 0.0643362551928,
        "stdev": 0.187122806907,
        "var": 0.0350149422884
    },
    "silence_rate_20dB": {
        "dmean": 0,
        "dmean2": 0,
        "dvar": 0,
        "dvar2": 0,
        "max": 1,
        "mean": 1,
        "median": 1,
        "min": 1,
        "stdev": 0,
        "var": 0
    },
    "silence_rate_30dB": {
        "dmean": 0.0773993805051,
        "dmean2": 0.154918670654,
        "dvar": 0.071407802403,
        "dvar2": 0.135567173362,
        "max": 1,
        "mean": 0.822892487049,
        "median": 1,
        "min": 0,
        "stdev": 0.381760329008,
        "var": 0.145740956068
    },
    "silence_rate_60dB": {
        "dmean": 0.0162538699806,
        "dmean2": 0.0325329191983,
        "dvar": 0.0159900058061,
        "dvar2": 0.0423180684447,
        "max": 1,
        "mean": 0.0123743228614,
        "median": 0,
        "min": 0,
        "stdev": 0.110550440848,
        "var": 0.012221400626
    },
    "spectral_centroid": {
        "dmean": 554.960571289,
        "dmean2": 839.723388672,
        "dvar": 604064.5,
        "dvar2": 1224619.625,
        "max": 10993.9150391,
        "mean": 1368.73046875,
        "median": 1083.82006836,
        "min": 214.593078613,
        "stdev": 1081.17224121,
        "var": 1168933.5
    },
    "spectral_complexity": {
        "dmean": 5.27554178238,
        "dmean2": 7.71494960785,
        "dvar": 46.3467979431,
        "dvar2": 98.7463150024,
        "max": 55,
        "mean": 14.2010831833,
        "median": 12,
        "min": 0,
        "stdev": 9.535779953,
        "var": 90.9310913086
    },
    "spectral_decrease": {
        "dmean": 4.94434138076e-09,
        "dmean2": 7.07752656481e-09,
        "dvar": 4.70837358889e-17,
        "dvar2": 8.39272603445e-17,
        "max": 3.20668178335e-29,
        "mean": -1.30562716194e-08,
        "median": -7.07625602558e-09,
        "min": -5.34996260626e-08,
        "stdev": 1.34351978431e-08,
        "var": 1.80504547475e-16
    },
    "spectral_energy": {
        "dmean": 0.0198471751064,
        "dmean2": 0.0286823455244,
        "dvar": 0.000705339480191,
        "dvar2": 0.001282294048,
        "max": 0.205125674605,
        "mean": 0.0531390681863,
        "median": 0.0317829921842,
        "min": 1.08388416031e-20,
        "stdev": 0.0509134083986,
        "var": 0.00259217526764
    },
    "spectral_energyband_high": {
        "dmean": 0.00265997252427,
        "dmean2": 0.00430302135646,
        "dvar": 1.85905046237e-05,
        "dvar2": 4.66489145765e-05,
        "max": 0.0351024828851,
        "mean": 0.00359080755152,
        "median": 0.00162725348491,
        "min": 7.54874848817e-21,
        "stdev": 0.00534516619518,
        "var": 2.85708010779e-05
    },
    "spectral_energyband_low": {
        "dmean": 0.0127101093531,
        "dmean2": 0.0180446710438,
        "dvar": 0.000620416249149,
        "dvar2": 0.00109429331496,
        "max": 0.198861658573,
        "mean": 0.0329511016607,
        "median": 0.00426182709634,
        "min": 7.61094263535e-23,
        "stdev": 0.0507407300174,
        "var": 0.00257462169975
    },
    "spectral_energyband_middle_high": {
        "dmean": 0.00241571268998,
        "dmean2": 0.00359625602141,
        "dvar": 1.08269350676e-05,
        "dvar2": 2.30509303947e-05,
        "max": 0.0298441443592,
        "mean": 0.00416131457314,
        "median": 0.00188606872689,
        "min": 1.72044479733e-21,
        "stdev": 0.00510094501078,
        "var": 2.60196393356e-05
    },
    "spectral_energyband_middle_low": {
        "dmean": 0.00756229925901,
        "dmean2": 0.0115788690746,
        "dvar": 0.000139604395372,
        "dvar2": 0.000317022873787,
        "max": 0.118295349181,
        "mean": 0.0129348551854,
        "median": 0.00906165316701,
        "min": 2.93095879837e-22,
        "stdev": 0.0136876404285,
        "var": 0.000187351499335
    },
    "spectral_entropy": {
        "dmean": 0.328091979027,
        "dmean2": 0.479172438383,
        "dvar": 0.126741573215,
        "dvar2": 0.251056998968,
        "max": 9.80241298676,
        "mean": 7.66592788696,
        "median": 7.75097131729,
        "min": 5.41063451767,
        "stdev": 0.598277330399,
        "var": 0.357935786247
    },
    "spectral_flux": {
        "dmean": 0.0508998259902,
        "dmean2": 0.0812270119786,
        "dvar": 0.00309355207719,
        "dvar2": 0.00687565049157,
        "max": 0.395691335201,
        "mean": 0.1200491786,
        "median": 0.103226982057,
        "min": 1.04109755539e-10,
        "stdev": 0.0714865028858,
        "var": 0.00511031970382
    },
    "spectral_kurtosis": {
        "dmean": 1.79532063007,
        "dmean2": 2.76678752899,
        "dvar": 6.46468639374,
        "dvar2": 14.2319345474,
        "max": 38.6756439209,
        "mean": 2.64758443832,
        "median": 1.66298818588,
        "min": -1.58756935596,
        "stdev": 3.69026374817,
        "var": 13.6180467606
    },
    "spectral_rms": {
        "dmean": 0.00138104963116,
        "dmean2": 0.00191699678544,
        "dvar": 2.5483641366e-06,
        "dvar2": 4.3486161303e-06,
        "max": 0.0141464695334,
        "mean": 0.0064208721742,
        "median": 0.00556846428663,
        "min": 3.25184237177e-12,
        "stdev": 0.00325812865049,
        "var": 1.06154029709e-05
    },
    "spectral_rolloff": {
        "dmean": 1401.87548828,
        "dmean2": 2386.34863281,
        "dvar": 5609932,
        "dvar2": 11477558,
        "max": 19422.9492188,
        "mean": 2404.33740234,
        "median": 861.328125,
        "min": 43.06640625,
        "stdev": 3327.54760742,
        "var": 11072573
    },
    "spectral_skewness": {
        "dmean": 0.403403133154,
        "dmean2": 0.583320856094,
        "dvar": 0.174531087279,
        "dvar2": 0.365635275841,
        "max": 4.86935949326,
        "mean": 1.30394744873,
        "median": 1.22334969044,
        "min": -1.04662919044,
        "stdev": 0.756724655628,
        "var": 0.572632193565
    },
    "spectral_spread": {
        "dmean": 1590652.125,
        "dmean2": 2376184.75,
        "dvar": 3.35834434765e+12,
        "dvar2": 6.59475818086e+12,
        "max": 40782004,
        "mean": 7394645.5,
        "median": 6651346.5,
        "min": 2032730.375,
        "stdev": 3072780.5,
        "var": 9.44198018662e+12
    },
    "spectral_strongpeak": {
        "dmean": 0.583940863609,
        "dmean2": 0.974579572678,
        "dvar": 1.01985228062,
        "dvar2": 2.58275914192,
        "max": 11.216553688,
        "mean": 0.910877048969,
        "median": 0.689011216164,
        "min": 0,
        "stdev": 1.06284177303,
        "var": 1.1296325922
    },
    "zerocrossingrate": {
        "dmean": 0.0283565931022,
        "dmean2": 0.0301993060857,
        "dvar": 0.00125339615624,
        "dvar2": 0.0012686138507,
        "max": 0.48876953125,
        "mean": 0.0859412774444,
        "median": 0.06103515625,
        "min": 0.00146484375,
        "stdev": 0.0838044658303,
        "var": 0.00702318828553
    },
    "barkbands": {
        "dmean": [0.00120939710177, 0.0114801805466, 0.00360978231765, 0.000999341951683, 0.00377690675668, 0.00117756065447, 0.00174465437885, 0.00146267691161, 0.000942034064792, 0.000707636470906, 0.000336416356731, 0.000406700943131, 0.000496793130878, 0.000485777796712, 0.000233553859289, 0.000154376743012, 0.000148620165419, 0.00014748769172, 0.000237516273046, 0.000372161070118, 0.000578633742407, 0.000365997490007, 0.000653430935927, 0.000457172689494, 0.000616362551227, 0.000286847061943, 3.61163583875e-05],
        "dmean2": [0.00174721260555, 0.0147129818797, 0.006480186712, 0.00174739176873, 0.0060764956288, 0.00186592782848, 0.00292701926082, 0.002394762123, 0.00153788295574, 0.0010421583429, 0.00053582910914, 0.00067485193722, 0.00080518424511, 0.000788870907854, 0.000378585158614, 0.000251590594416, 0.00023600840359, 0.000254867278272, 0.00038455898175, 0.000667893269565, 0.00105022068601, 0.000591018761043, 0.00100938382093, 0.000725155812688, 0.000974337512162, 0.000458247290226, 5.78863036935e-05],
        "dvar": [5.55006954528e-06, 0.000483127194457, 0.0001168654926, 3.62943842447e-06, 7.64056821936e-05, 6.00268776907e-06, 1.32682253025e-05, 8.30440421851e-06, 4.27460645369e-06, 1.69718418874e-06, 6.77986292885e-07, 9.42190126807e-07, 1.31573403905e-06, 1.22346011722e-06, 2.36603895587e-07, 2.06267770864e-07, 1.07943897376e-07, 1.07259488402e-07, 2.76232924534e-07, 9.39013659718e-07, 2.99342605103e-06, 3.38692473179e-07, 1.25250232941e-06, 1.12885970793e-06, 3.46503748005e-06, 2.24746671051e-07, 4.60684024262e-09],
        "dvar2": [1.26785653265e-05, 0.000683281512465, 0.000325191009324, 1.01884752439e-05, 0.00018354979693, 1.34610099849e-05, 3.28443857143e-05, 2.01176389965e-05, 1.14157583084e-05, 3.71536270904e-06, 1.58256318628e-06, 2.53203052125e-06, 3.18767865792e-06, 2.97977226182e-06, 5.8873092712e-07, 5.1847149507e-07, 2.49714588563e-07, 2.99438880802e-07, 6.38961296318e-07, 2.6810619147e-06, 8.65345009515e-06, 8.76198328115e-07, 2.77855838249e-06, 2.66509528046e-06, 8.25281767902e-06, 4.94422806696e-07, 1.10634248429e-08],
        "max": [0.0188577380031, 0.197205394506, 0.0776733458042, 0.0161908864975, 0.100881285965, 0.0260825362056, 0.0367557108402, 0.0312998220325, 0.0220303125679, 0.021800134331, 0.0102850459516, 0.0102630853653, 0.0101724630222, 0.0114551084116, 0.0060028876178, 0.00506671937183, 0.00324106309563, 0.00218518450856, 0.0055647152476, 0.00648750597611, 0.0123711032793, 0.00581294577569, 0.0155390240252, 0.0113051375374, 0.0184044800699, 0.00528213893995, 0.000754959473852],
        "mean": [0.00244755414315, 0.0270958095789, 0.00297188619152, 0.00111052556895, 0.00527773238719, 0.00144248199649, 0.00202496396378, 0.00173758319579, 0.00122025422752, 0.00110865931492, 0.000431712804129, 0.000452348351246, 0.00055754132336, 0.000538628955837, 0.000274340301985, 0.000147343875142, 0.000143200464663, 0.000133757057483, 0.000267168565188, 0.000316580350045, 0.000454576598713, 0.000413300178479, 0.000864420144353, 0.000577728438657, 0.0007839082391, 0.00031445643981, 3.06839683617e-05],
        "median": [0.000210689424421, 0.00214677420445, 0.000701226876117, 0.000554196420126, 0.00272219907492, 0.000438840477727, 0.000693126639817, 0.00052218552446, 0.000418616080424, 0.000299122824799, 5.3168660088e-05, 8.081899432e-05, 5.85355846852e-05, 8.59839274199e-05, 7.75217777118e-05, 3.60200829164e-05, 2.16973712668e-05, 3.36690281983e-05, 6.73388931318e-05, 6.69535656925e-05, 9.54627175815e-05, 0.000177494774107, 0.000413532688981, 0.000125663704239, 0.000112412330054, 3.92127076339e-05, 8.71245390499e-07],
        "min": [9.51925475192e-24, 2.27009429845e-23, 1.61318805011e-23, 5.51803343819e-23, 3.78548473778e-23, 4.36662121172e-23, 2.48179663973e-23, 1.73975762691e-23, 9.80668521575e-23, 1.051952328e-22, 4.14401444614e-23, 1.01743619241e-22, 2.03416001186e-22, 1.22972850699e-22, 1.47266762597e-22, 1.43315049089e-22, 2.25774919326e-22, 2.85064922412e-22, 1.5539743204e-22, 2.78326232746e-22, 6.8147616058e-22, 4.41230881679e-22, 6.82911559261e-22, 9.581370764e-22, 9.26135930349e-22, 1.45683136321e-21, 2.47143512845e-21],
        "stdev": [0.00409379648045, 0.0462140589952, 0.00884587410837, 0.00174749328289, 0.00896940473467, 0.00299939676188, 0.00376069522463, 0.00308003323153, 0.00215343968011, 0.00188571528997, 0.00113766733557, 0.00093130703317, 0.00132141076028, 0.00128464528825, 0.000548707088456, 0.000424829369877, 0.000349860696588, 0.000277831713902, 0.000583874294534, 0.000775055494159, 0.00131394306663, 0.000599673483521, 0.00141775654629, 0.00136560527608, 0.0022917969618, 0.000615059456322, 6.65827101329e-05],
        "var": [1.67591679201e-05, 0.00213573919609, 7.82494898885e-05, 3.05373259835e-06, 8.04502196843e-05, 8.99638143892e-06, 1.41428281495e-05, 9.48660454014e-06, 4.63730248157e-06, 3.55592214873e-06, 1.29428690343e-06, 8.67332744292e-07, 1.74612625869e-06, 1.65031349297e-06, 3.01079438714e-07, 1.80480000722e-07, 1.22402511238e-07, 7.71904566932e-08, 3.40909167562e-07, 6.00711018706e-07, 1.72644638496e-06, 3.59608264944e-07, 2.0100335405e-06, 1.86487761766e-06, 5.25233326698e-06, 3.7829812527e-07, 4.4332573168e-09]
    },
    "erbbands": {
        "dmean": [0.4951864779, 2.57985258102, 4.69542503357, 3.29783797264, 6.98219490051, 16.6250667572, 12.2398700714, 8.88414669037, 17.2496929169, 36.7743339539, 27.7586860657, 21.8295898438, 17.314874649, 21.5693893433, 14.2054805756, 15.7819347382, 19.0049819946, 28.2147674561, 13.5808038712, 9.84187602997, 8.16813468933, 8.49055671692, 8.51510810852, 8.06508255005, 15.4658231735, 19.4155521393, 15.1864824295, 26.2614498138, 13.8286113739, 16.2621364594, 20.003370285, 9.69464969635, 8.68067836761, 8.24574279785, 3.78548693657, 1.25743103027, 0.508134126663, 0.138917043805, 0.00392202055082, 0.000108454376459],
        "dmean2": [0.567607760429, 3.64491939545, 8.13506412506, 5.81347084045, 11.3507394791, 26.722038269, 19.6303539276, 14.132686615, 27.3627338409, 61.1787872314, 45.924785614, 35.856880188, 26.2512588501, 33.1170349121, 21.60779953, 25.8937625885, 30.505449295, 44.4299964905, 21.6779193878, 15.277338028, 12.6387062073, 13.6231861115, 14.6099433899, 13.2155914307, 25.5742397308, 34.9423484802, 26.7200565338, 48.098777771, 23.5264797211, 25.3848514557, 30.671339035, 15.4997711182, 13.6959009171, 13.240732193, 5.91511869431, 1.98447585106, 0.801756680012, 0.227786779404, 0.0063583869487, 0.000170796818566],
        "dvar": [0.715979933739, 34.7030639648, 182.611450195, 60.2533683777, 194.24256897, 2173.04418945, 429.768005371, 339.15435791, 1352.8425293, 8609.01660156, 3759.36181641, 2493.34008789, 920.316772461, 1493.81030273, 979.062988281, 1606.96862793, 2130.85424805, 4287.70996094, 916.210632324, 573.916381836, 574.811706543, 343.864593506, 385.386627197, 236.202255249, 1297.27575684, 2787.19580078, 1321.47119141, 7099.24316406, 675.705505371, 763.317199707, 1371.30090332, 391.395477295, 580.55255127, 645.609008789, 120.81526947, 5.66285085678, 0.754962563515, 0.0644762217999, 5.53684476472e-05, 2.77424856421e-08],
        "dvar2": [1.1438177824, 53.7689552307, 496.348327637, 165.941329956, 481.325622559, 5201.16894531, 1012.56866455, 791.551696777, 2933.79882812, 22871.0292969, 9180.23730469, 6574.13183594, 2053.38720703, 3423.14135742, 2306.00390625, 4332.79785156, 5168.52734375, 10092.4326172, 2298.04003906, 1338.86645508, 1370.16870117, 840.823120117, 1072.62145996, 598.749328613, 3131.23901367, 7983.91796875, 3725.24291992, 20632.6933594, 1866.52502441, 1821.18103027, 3085.21777344, 910.887756348, 1382.20495605, 1540.75744629, 290.044494629, 13.5778493881, 1.6319988966, 0.150952324271, 0.000132513203425, 6.58182699453e-08],
        "max": [8.35774898529, 44.7679862976, 89.5353164673, 73.6953125, 248.472442627, 593.240966797, 187.535110474, 299.175811768, 557.838134766, 916.685424805, 851.988708496, 611.928161621, 581.096069336, 549.183410645, 383.125030518, 499.712097168, 481.929443359, 749.544433594, 449.211456299, 308.35269165, 294.330413818, 153.50378418, 128.517776489, 131.634963989, 362.042266846, 349.953979492, 304.002563477, 598.883789062, 181.370925903, 419.251098633, 583.727722168, 203.801589966, 317.121368408, 273.939331055, 157.955490112, 37.0039291382, 10.0414028168, 2.66928935051, 0.0866052806377, 0.0016704906011],
        "mean": [1.10277283192, 4.71642637253, 4.54609155655, 3.56315898895, 10.0107736588, 20.5660037994, 15.2746353149, 11.00685215, 21.8076324463, 38.2177124023, 36.4858055115, 27.2522392273, 27.2038974762, 34.3746604919, 19.2458000183, 18.0308685303, 23.0460166931, 33.7499847412, 16.749124527, 12.2140407562, 8.47236919403, 8.2049407959, 7.71279907227, 9.30785179138, 15.950545311, 16.2776374817, 13.901427269, 19.2360439301, 14.2158842087, 20.7140483856, 25.9617290497, 12.2203817368, 10.9288797379, 10.4548559189, 4.52446556091, 1.45489811897, 0.557781100273, 0.124486356974, 0.00350189208984, 0.000155592424562],
        "median": [0.0674350485206, 0.410945236683, 0.983985602856, 1.56200015545, 4.65409088135, 9.27374172211, 6.98969507217, 3.56966567039, 8.32692146301, 10.1585645676, 13.3575792313, 9.59016990662, 11.6927652359, 9.72799015045, 4.72848844528, 3.55497074127, 2.98217320442, 4.42990541458, 4.84879016876, 2.79471135139, 1.97668278217, 1.38921689987, 1.75245881081, 2.67057967186, 3.58005070686, 3.38445043564, 3.55879497528, 3.880235672, 5.28551626205, 10.8118276596, 11.1683540344, 3.87976241112, 1.81039023399, 1.48908615112, 0.621669411659, 0.201849624515, 0.0635056197643, 0.007436204236, 0.000231003985391, 9.66966617852e-05],
        "min": [9.07319388949e-22, 3.81469808726e-21, 1.89184914106e-20, 1.1685177263e-19, 9.21510544774e-20, 1.52268557457e-19, 3.37154190635e-19, 3.74966141549e-19, 3.61294500385e-19, 2.21849530094e-19, 9.11778855341e-19, 2.61892867919e-18, 2.20972263695e-18, 2.98220531112e-18, 1.86788094303e-18, 4.04044683367e-18, 8.69745507078e-18, 6.28101524246e-18, 6.73463736807e-18, 1.02028948343e-17, 8.21101910386e-18, 1.19131436903e-17, 1.09468726578e-17, 1.28071828302e-17, 1.12277327358e-17, 1.64546373957e-17, 2.13805674266e-17, 2.54758559213e-17, 1.6186579592e-17, 2.00917588209e-17, 1.94540720517e-17, 1.65608639299e-17, 1.62469869378e-17, 1.00171183405e-17, 7.68841301029e-18, 4.99588262738e-18, 3.15944860969e-18, 1.23540344723e-18, 3.57271171434e-19, 3.5727058336e-20],
        "stdev": [1.89098870754, 9.50714492798, 11.998749733, 6.86330080032, 17.7791671753, 44.9956512451, 23.1346721649, 22.7058448792, 41.3507652283, 87.5739898682, 65.5964660645, 50.5278968811, 43.9386787415, 53.4062805176, 40.9719963074, 38.219707489, 51.3178443909, 80.3742675781, 34.2583847046, 29.9089126587, 23.8614139557, 19.0632190704, 16.6601428986, 16.6851921082, 37.145866394, 41.5807723999, 29.9531784058, 62.97473526, 23.2664413452, 31.2886981964, 46.0146636963, 23.747674942, 30.9319858551, 31.5407733917, 12.9852142334, 2.84001088142, 1.15577864647, 0.270120322704, 0.00756153697148, 0.000187014666153],
        "var": [3.57583832741, 90.3858032227, 143.970001221, 47.1048965454, 316.098754883, 2024.60852051, 535.21307373, 515.555358887, 1709.88574219, 7669.20361328, 4302.89599609, 2553.06835938, 1930.60754395, 2852.23095703, 1678.7043457, 1460.74597168, 2633.52099609, 6460.0234375, 1173.63696289, 894.54309082, 569.36706543, 363.406311035, 277.56036377, 278.395629883, 1379.81530762, 1728.96069336, 897.192932129, 3965.81713867, 541.327331543, 978.982666016, 2117.34936523, 563.952026367, 956.787719727, 994.820373535, 168.61579895, 8.06566238403, 1.33582425117, 0.0729649886489, 5.71768432565e-05, 3.49744873063e-08]
    },
    "gfcc": {
        "mean": [13.934296608, 67.9597015381, -73.6779556274, 30.9699802399, -73.6387557983, 26.6955966949, -33.9362602234, 8.85120773315, -20.5008029938, 6.77367544174, -17.6002845764, 0.947222471237, -12.0656557083],
        "cov": [[6856.08203125, -1930.92956543, -499.461700439, 35.0920143127, -198.008590698, -47.1655387878, -90.3507080078, 152.764831543, -259.359313965, 349.38684082, -92.1048202515, 311.209472656, -411.970245361], [-1930.92956543, 2202.23535156, -433.237762451, -32.6373672485, 344.680908203, -23.8975086212, 388.189453125, -29.0398235321, 218.528900146, -149.084274292, 204.079498291, -174.058181763, 236.271362305], [-499.461700439, -433.237762451, 1287.79333496, 142.018951416, 124.281578064, 173.59513855, -46.5870666504, 84.1936035156, 45.906703949, 18.1988353729, -43.9464416504, 81.0807189941, 62.874206543], [35.0920143127, -32.6373672485, 142.018951416, 589.550415039, 166.466217041, 22.5865268707, 14.0660886765, -8.48837661743, 100.953697205, 0.0344682000577, 1.02941584587, -1.09794056416, 85.4200134277], [-198.008590698, 344.680908203, 124.281578064, 166.466217041, 442.803344727, 1.81334614754, 180.880447388, 49.4987411499, 61.9730377197, 26.1467132568, 28.1162052155, 14.9971475601, 65.5141067505], [-47.1655387878, -23.8975086212, 173.59513855, 22.5865268707, 1.81334614754, 392.316864014, 99.6960525513, 34.8811721802, 49.4460678101, -20.9080085754, 59.5815582275, -13.004781723, -16.1919345856], [-90.3507080078, 388.189453125, -46.5870666504, 14.0660886765, 180.880447388, 99.6960525513, 327.275360107, 76.7197875977, 55.2563362122, 9.57694244385, 74.5402145386, 7.45106887817, 2.06174111366], [152.764831543, -29.0398235321, 84.1936035156, -8.48837661743, 49.4987411499, 34.8811721802, 76.7197875977, 178.377044678, 40.8815803528, 15.6818523407, 19.2832298279, 14.5819454193, 19.2179450989], [-259.359313965, 218.528900146, 45.906703949, 100.953697205, 61.9730377197, 49.4460678101, 55.2563362122, 40.8815803528, 196.102798462, 21.9259376526, 43.7415161133, -9.4432144165, 68.4573516846], [349.38684082, -149.084274292, 18.1988353729, 0.0344682000577, 26.1467132568, -20.9080085754, 9.57694244385, 15.6818523407, 21.9259376526, 138.788772583, 24.0098590851, 16.4162693024, -36.0183334351], [-92.1048202515, 204.079498291, -43.9464416504, 1.02941584587, 28.1162052155, 59.5815582275, 74.5402145386, 19.2832298279, 43.7415161133, 24.0098590851, 126.742492676, 5.82209730148, 15.4146356583], [311.209472656, -174.058181763, 81.0807189941, -1.09794056416, 14.9971475601, -13.004781723, 7.45106887817, 14.5819454193, -9.4432144165, 16.4162693024, 5.82209730148, 111.87411499, -1.87513411045], [-411.970245361, 236.271362305, 62.874206543, 85.4200134277, 65.5141067505, -16.1919345856, 2.06174111366, 19.2179450989, 68.4573516846, -36.0183334351, 15.4146356583, -1.87513411045, 170.981216431]],
        "icov": [[0.000299687410006, 0.000119784897834, 0.000253561185673, -0.000170035142219, 1.81209525181e-05, -0.000141809185152, 4.15736176365e-05, -0.000369781511836, 0.000252374797128, -0.000554899394047, 0.000219942958211, -0.000709518208168, 0.000323401822243], [0.000119784897834, 0.00179907795973, 0.000293507036986, 0.000689121545292, -0.000881923886482, 0.000828635063954, -0.00154350337107, 0.00112866098061, -0.00120174058247, 0.00182314706035, -0.00204646075144, 0.00214642239735, -0.00126826320775], [0.000253561185673, 0.000293507036986, 0.00130125647411, -0.000150871812366, -0.000479024456581, -0.00074983673403, 0.000443796743639, -0.000623385305516, 7.4634932389e-05, -0.000520363100804, 0.000608453294262, -0.00111733633094, -0.000227130571147], [-0.000170035142219, 0.000689121545292, -0.000150871812366, 0.00260077207349, -0.00121907342691, 0.000297138874885, -0.000316519639455, 0.00123050692491, -0.00161341403145, 0.00123679824173, -0.000768101890571, 0.00143997790292, -0.00125347683206], [1.81209525181e-05, -0.000881923886482, -0.000479024456581, -0.00121907342691, 0.00427211914212, 0.000192479579709, -0.00164769485127, -0.000562991015613, 0.00089547742391, -0.00187914806884, 0.00144176813774, -0.00118468969595, -0.000385376712075], [-0.000141809185152, 0.000828635063954, -0.00074983673403, 0.000297138874885, 0.000192479579709, 0.00414770888165, -0.00194691657089, 0.000788165198173, -0.00144901953172, 0.0024787413422, -0.00277904816903, 0.00237652030773, 0.000273403042229], [4.15736176365e-05, -0.00154350337107, 0.000443796743639, -0.000316519639455, -0.00164769485127, -0.00194691657089, 0.00710755446926, -0.00280566001311, 0.000575465906877, -0.00113337324001, 4.76658387925e-05, -0.00270230602473, 0.00240152375773], [-0.000369781511836, 0.00112866098061, -0.000623385305516, 0.00123050692491, -0.000562991015613, 0.000788165198173, -0.00280566001311, 0.0082477349788, -0.00217874767259, 0.00152645935304, -0.00154611456674, 0.00216513546184, -0.00208194786683], [0.000252374797128, -0.00120174058247, 7.4634932389e-05, -0.00161341403145, 0.00089547742391, -0.00144901953172, 0.000575465906877, -0.00217874767259, 0.00873298756778, -0.00383699592203, 0.000603120715823, -0.00144204252865, -0.00157006434165], [-0.000554899394047, 0.00182314706035, -0.000520363100804, 0.00123679824173, -0.00187914806884, 0.0024787413422, -0.00113337324001, 0.00152645935304, -0.00383699592203, 0.0127028245479, -0.00522676389664, 0.00329078384675, 0.00123348459601], [0.000219942958211, -0.00204646075144, 0.000608453294262, -0.000768101890571, 0.00144176813774, -0.00277904816903, 4.76658387925e-05, -0.00154611456674, 0.000603120715823, -0.00522676389664, 0.0137124946341, -0.00445387465879, 0.000247827061685], [-0.000709518208168, 0.00214642239735, -0.00111733633094, 0.00143997790292, -0.00118468969595, 0.00237652030773, -0.00270230602473, 0.00216513546184, -0.00144204252865, 0.00329078384675, -0.00445387465879, 0.0149908643216, -0.0026793689467], [0.000323401822243, -0.00126826320775, -0.000227130571147, -0.00125347683206, -0.000385376712075, 0.000273403042229, 0.00240152375773, -0.00208194786683, -0.00157006434165, 0.00123348459601, 0.000247827061685, -0.0026793689467, 0.0103054540232]]
    },
    "melbands": {
        "dmean": [0.00348901632242, 0.00250359484926, 0.000646860338748, 0.000838959938847, 0.000505324278492, 0.00020703516202, 0.000285391113721, 0.000388425716665, 0.000211314312764, 0.000132130648126, 8.9539673354e-05, 9.60611650953e-05, 4.88809128001e-05, 4.64887816634e-05, 4.07468796766e-05, 5.14433122589e-05, 5.16266118211e-05, 2.3872442398e-05, 1.40138554343e-05, 1.10543733172e-05, 9.66996594798e-06, 8.49379557621e-06, 9.40014888329e-06, 6.33160152574e-06, 6.33737136013e-06, 1.06523384602e-05, 1.31910883283e-05, 1.26622471726e-05, 8.33062676975e-06, 1.38223222166e-05, 1.43481765917e-05, 7.10669473847e-06, 8.16920692159e-06, 9.80331788014e-06, 1.28640922412e-05, 9.12930863706e-06, 4.92782191941e-06, 5.27265046912e-06, 8.01178885013e-06, 7.02196985003e-06],
        "dmean2": [0.00410180957988, 0.00395687622949, 0.00111577054486, 0.00133999250829, 0.000811191217508, 0.000328809634084, 0.000459694885649, 0.000638677040115, 0.000353031413397, 0.000217524226173, 0.000135509792017, 0.000146482954733, 7.56161971367e-05, 7.53580388846e-05, 6.82992249494e-05, 8.00987472758e-05, 8.23086884338e-05, 3.82507787435e-05, 2.26460106205e-05, 1.72494928847e-05, 1.50629430209e-05, 1.34315141622e-05, 1.64648663485e-05, 1.06377583506e-05, 1.03579241113e-05, 1.76441499207e-05, 2.29137276619e-05, 2.29673241847e-05, 1.44479754454e-05, 2.49218483077e-05, 2.64162263193e-05, 1.22978572108e-05, 1.29029513118e-05, 1.54211265908e-05, 1.9908808099e-05, 1.44883706525e-05, 7.86995315138e-06, 8.19203160063e-06, 1.28559122459e-05, 1.12785182864e-05],
        "dvar": [3.77639189537e-05, 4.01272773161e-05, 1.70067323779e-06, 4.13854559156e-06, 9.44689816151e-07, 1.7520606832e-07, 3.46848310073e-07, 8.517811807e-07, 2.43895101448e-07, 9.01561563182e-08, 2.56296122103e-08, 2.93480511004e-08, 1.38943621053e-08, 1.28227810592e-08, 1.43217029347e-08, 1.52708743428e-08, 1.49931196347e-08, 3.12468029229e-09, 8.96207885681e-10, 8.88554063661e-10, 8.77089623152e-10, 3.49811596356e-10, 5.4550663986e-10, 1.70095118546e-10, 1.43047657053e-10, 5.64607360864e-10, 1.07691677798e-09, 1.21962551169e-09, 3.0757343894e-10, 1.67275271412e-09, 2.27630314598e-09, 1.88573670568e-10, 1.67733285594e-10, 2.92323387718e-10, 6.16581730117e-10, 2.98680941091e-10, 1.2000225813e-10, 2.02672739702e-10, 6.40735076107e-10, 4.77914485764e-10],
        "dvar2": [5.18594642926e-05, 9.51401161728e-05, 4.62998013973e-06, 9.87817838904e-06, 2.287608595e-06, 4.03304511565e-07, 7.66400205521e-07, 2.23065217142e-06, 6.10763891018e-07, 2.39327619056e-07, 5.61972548496e-08, 6.55975114228e-08, 3.18249284703e-08, 3.39482362222e-08, 3.92635861601e-08, 3.54222322585e-08, 3.58450940041e-08, 7.62799867715e-09, 2.17560280902e-09, 2.17782303302e-09, 2.06678008041e-09, 8.00008559398e-10, 1.53542889514e-09, 4.55026072377e-10, 3.62688323818e-10, 1.31310362583e-09, 2.96908564401e-09, 3.50130302529e-09, 8.39109615125e-10, 4.82960071935e-09, 6.62925270234e-09, 5.25696763898e-10, 4.11842671078e-10, 7.09557579359e-10, 1.41380207541e-09, 7.00105917684e-10, 2.76459133364e-10, 4.87125950688e-10, 1.61461888304e-09, 1.1499311503e-09],
        "max": [0.0558160692453, 0.0465753041208, 0.0110088698566, 0.02209546417, 0.0114341340959, 0.00596926454455, 0.00848595704883, 0.00909852609038, 0.00621055439115, 0.00401651114225, 0.00320272217505, 0.00235303770751, 0.00155498250388, 0.00140375841875, 0.00150205986574, 0.00129783060402, 0.00124350283295, 0.000974374415819, 0.000235583109315, 0.000445700134151, 0.000359033583663, 0.000184984484804, 0.000147882528836, 0.000108754495159, 0.000101288293081, 0.000237157582887, 0.000240922454395, 0.000243799906457, 0.000132447050419, 0.00038161050179, 0.000358515157131, 9.18252626434e-05, 0.000171968422364, 0.000255012128036, 0.000400059099775, 0.000167333826539, 0.000123345365864, 0.000201875096536, 0.000334130134434, 0.000270049727987],
        "mean": [0.00858212262392, 0.00352288293652, 0.000775731808972, 0.00115382915828, 0.000628523819614, 0.000253029749729, 0.00035304974881, 0.000412779074395, 0.000275190424873, 0.000166158395587, 0.000139961077366, 0.000150244261022, 6.60454752506e-05, 5.22957998328e-05, 4.00044627895e-05, 6.7160683102e-05, 5.79674997425e-05, 2.71395092568e-05, 1.67704165506e-05, 1.23955605886e-05, 9.52669870458e-06, 8.34581351228e-06, 7.92018545326e-06, 6.0564643718e-06, 7.27163978809e-06, 1.13967898869e-05, 1.15609482236e-05, 1.03475249489e-05, 7.93864455773e-06, 1.07710693555e-05, 1.03250913526e-05, 6.95409835316e-06, 9.47002354224e-06, 1.23224690469e-05, 1.64461926033e-05, 1.09791526484e-05, 5.85001407671e-06, 6.60159776089e-06, 9.3512235253e-06, 8.78630271473e-06],
        "median": [0.00057884096168, 0.00058145262301, 0.000392807472963, 0.000552720623091, 0.000298182509141, 8.1835401943e-05, 0.000133871770231, 0.000115661299787, 9.91791748675e-05, 5.37067789992e-05, 5.62746281503e-05, 4.00169410568e-05, 1.19177857414e-05, 1.00606930573e-05, 6.33631043456e-06, 7.13577992428e-06, 7.2771813393e-06, 7.3041073847e-06, 4.34483854406e-06, 3.0600269838e-06, 1.79477672191e-06, 1.17251681786e-06, 1.47578998622e-06, 1.48392314259e-06, 2.00197428057e-06, 2.61956893155e-06, 2.01564239433e-06, 1.91931667359e-06, 2.03666968446e-06, 2.17967544813e-06, 1.91685012396e-06, 2.35861216424e-06, 4.00074577556e-06, 6.1379159888e-06, 7.27686710889e-06, 3.81533573091e-06, 1.4503618786e-06, 1.02761384824e-06, 1.24547239011e-06, 1.24413043068e-06],
        "min": [6.6272196759e-24, 9.56286140504e-24, 1.90718814756e-23, 6.80787671181e-24, 1.16884060934e-23, 8.17128236924e-24, 5.31640264185e-24, 2.06556601601e-24, 1.03417006213e-23, 1.50922596467e-23, 1.16652672253e-23, 1.35013749032e-23, 5.34750466633e-24, 1.06462963829e-23, 1.08531365011e-23, 2.42912045279e-23, 9.56953122399e-24, 1.03092413617e-23, 1.42509379136e-23, 1.31927535845e-23, 9.51259124386e-24, 1.44256800704e-23, 7.34788907789e-24, 1.28918796686e-23, 9.94313338212e-24, 6.59929991631e-24, 9.94285570309e-24, 1.00994840358e-23, 1.12947976338e-23, 1.49635317465e-23, 1.39214906669e-23, 8.46928483138e-24, 8.59835904155e-24, 1.26283236068e-23, 1.33032729973e-23, 8.00186975668e-24, 1.07403869785e-23, 1.02333908079e-23, 1.15530628056e-23, 7.81312137447e-24],
        "stdev": [0.0142732243985, 0.0074605983682, 0.0012301945826, 0.0021035966929, 0.000999055802822, 0.000518365413882, 0.000655115756672, 0.000887744186912, 0.000509079894982, 0.000306651927531, 0.000234214676311, 0.0002399396908, 0.000167707490618, 0.000112398120109, 0.000102202247945, 0.000159184914082, 0.000143082419527, 6.48431887385e-05, 3.45362750522e-05, 3.25514592987e-05, 2.93175962724e-05, 2.02782302949e-05, 1.91221988644e-05, 1.2162044186e-05, 1.31868937387e-05, 2.58628515439e-05, 2.84764864773e-05, 2.72429424513e-05, 1.56881578732e-05, 3.1278024835e-05, 3.54869916919e-05, 1.21173698062e-05, 1.41667524076e-05, 1.90980663319e-05, 2.98644627037e-05, 2.05513551919e-05, 1.29024219859e-05, 1.8141214241e-05, 3.02540938719e-05, 2.64764057647e-05],
        "var": [0.000203724921448, 5.56605264137e-05, 1.51337860643e-06, 4.42511918664e-06, 9.98112568595e-07, 2.68702706308e-07, 4.29176651551e-07, 7.88089778325e-07, 2.5916233426e-07, 9.40354070167e-08, 5.48565175507e-08, 5.75710572548e-08, 2.81258021317e-08, 1.26333370432e-08, 1.04452988481e-08, 2.53398386718e-08, 2.04725800756e-08, 4.20463885931e-09, 1.19275422872e-09, 1.05959752084e-09, 8.59521454011e-10, 4.11206652062e-10, 3.65658503476e-10, 1.47915318882e-10, 1.73894162958e-10, 6.68887056854e-10, 8.10910283366e-10, 7.42177930224e-10, 2.46118320169e-10, 9.78314762534e-10, 1.25932664297e-09, 1.46830658743e-10, 2.00696861907e-10, 3.64736130187e-10, 8.91886176024e-10, 4.22358176211e-10, 1.66472488572e-10, 3.2910366099e-10, 9.15310216509e-10, 7.01000091308e-10]
    },
    "melbands128": {
