{
"lowlevel": {
    "average_loudness": 0.79491096735,
    "barkbands_crest": {
        "dmean": 1.44117689133,
        "dmean2": 2.23645830154,
        "dvar": 1.4351079464,
        "dvar2": 3.47576522827,
        "max": 17.26770401,
        "mean": 8.64891719818,
        "median": 8.36182403564,
        "min": 3.98952198029,
        "stdev": 2.10966300964,
        "var": 4.4506778717
    },
    "barkbands_flatness_db": {
        "dmean": 0.0109354555607,
        "dmean2": 0.0164182391018,
        "dvar": 7.24617493688e-05,
        "dvar2": 0.000159813745995,
        "max": 0.363881617785,
        "mean": 0.265930294991,
        "median": 0.270803332329,
        "min": 0.0369428470731,
        "stdev": 0.0364227928221,
        "var": 0.00132661988027
    },
    "barkbands_kurtosis": {
        "dmean": 1.38996553421,
        "dmean2": 1.99076497555,
        "dvar": 3.65962672234,
        "dvar2": 7.30464458466,
        "max": 52.8759346008,
        "mean": 4.15147686005,
        "median": 2.64308977127,
        "min": -1.65582633018,
        "stdev": 5.66146612167,
        "var": 32.0521965027
    },
    "barkbands_skewness": {
        "dmean": 0.245906412601,
        "dmean2": 0.327267795801,
        "dvar": 0.0442981943488,
        "dvar2": 0.0877518132329,
        "max": 5.93995380402,
        "mean": 0.793780446053,
        "median": 0.659456312656,
        "min": -1.79269933701,
        "stdev": 0.79487735033,
        "var": 0.63183003664
    },
    "barkbands_spread": {
        "dmean": 0.84470552206,
        "dmean2": 1.1633220911,
        "dvar": 2.83366727829,
        "dvar2": 3.65681123734,
        "max": 97.4022216797,
        "mean": 5.34469461441,
        "median": 4.56118631363,
        "min": 1.35769975185,
        "stdev": 6.07113552094,
        "var": 36.8586845398
    },
    "dissonance": {
        "dmean": 0.0412683747709,
        "dmean2": 0.0683235749602,
        "dvar": 0.00115145463496,
        "dvar2": 0.00299723213539,
        "max": 0.498264044523,
        "mean": 0.381899088621,
        "median": 0.385910153389,
        "min": 0.203768923879,
        "stdev": 0.0546939000487,
        "var": 0.00299142254516
    },
    "dynamic_complexity": 5.63585948944,
    "erbbands_crest": {
        "dmean": 2.11796236038,
        "dmean2": 3.18543028831,
        "dvar": 3.24018478394,
        "dvar2": 6.80261468887,
        "max": 24.5339756012,
        "mean": 10.7123556137,
        "median": 10.0632152557,
        "min": 2.48026227951,
        "stdev": 3.36591911316,
        "var": 11.3294115067
    },
    "erbbands_flatness_db": {
        "dmean": 0.0113034266979,
        "dmean2": 0.0159314703196,
        "dvar": 8.14654995338e-05,
        "dvar2": 0.000152384920511,
        "max": 0.34084635973,
        "mean": 0.255183339119,
        "median": 0.259297966957,
        "min": 0.0466884300113,
        "stdev": 0.0399569310248,
        "var": 0.00159655627795
    },
    "erbbands_kurtosis": {
        "dmean": 1.78482842445,
        "dmean2": 2.57042193413,
        "dvar": 2.94384384155,
        "dvar2": 6.050593853,
        "max": 22.111284256,
        "mean": 5.5241317749,
        "median": 4.65926408768,
        "min": -1.56600511074,
        "stdev": 3.92722201347,
        "var": 15.4230728149
    },
    "erbbands_skewness": {
        "dmean": 0.315915465355,
        "dmean2": 0.442681193352,
        "dvar": 0.0634803026915,
        "dvar2": 0.130225390196,
        "max": 3.91357159615,
        "mean": 1.2527179718,
        "median": 1.21070826054,
        "min": -1.08635485172,
        "stdev": 0.667111992836,
        "var": 0.445038437843
    },
    "erbbands_spread": {
        "dmean": 1.72474014759,
        "dmean2": 2.38446378708,
        "dvar": 5.16551208496,
        "dvar2": 8.97034263611,
        "max": 129.280654907,
        "mean": 10.7477178574,
        "median": 8.96602535248,
        "min": 3.44879174232,
        "stdev": 9.12386226654,
        "var": 83.2448577881
    },
    "hfc": {
        "dmean": 1.50063884258,
        "dmean2": 2.03316426277,
        "dvar": 3.13588261604,
        "dvar2": 5.5012512207,
        "max": 38.9109153748,
        "mean": 8.9057970047,
        "median": 7.3901553154,
        "min": 1.20492236692e-16,
        "stdev": 7.04311323166,
        "var": 49.6054458618
    },
    "loudness_ebu128": {
        "integrated": -27.2963123322,
        "loudness_range": 10.0541763306,
        "momentary": {
            "dmean": 0.362528413534,
            "dmean2": 0.277199268341,
            "dvar": 0.419979214668,
            "dvar2": 0.0489428974688,
            "max": -23.9296970367,
            "mean": -30.9896659851,
            "median": -28.4849395752,
            "min": -88.8112030029,
            "stdev": 9.47472286224,
            "var": 89.7703704834
        },
        "short_term": {
            "dmean": 0.125258505344,
            "dmean2": 0.0428232960403,
            "dvar": 0.0203112903982,
            "dvar2": 0.00133609503973,
            "max": -24.6219329834,
            "mean": -29.163274765,
            "median": -28.0616588593,
            "min": -47.4893493652,
            "stdev": 4.66145372391,
            "var": 21.7291507721
        }
    },
    "melbands_crest": {
        "dmean": 1.49507188797,
        "dmean2": 2.34705305099,
        "dvar": 1.64587306976,
        "dvar2": 4.02691173553,
        "max": 22.3752918243,
        "mean": 10.4606676102,
        "median": 9.82870960236,
        "min": 1.45744502544,
        "stdev": 2.98667645454,
        "var": 8.92023563385
    },
    "melbands_flatness_db": {
        "dmean": 0.010188405402,
        "dmean2": 0.0152344089001,
        "dvar": 6.706557906e-05,
        "dvar2": 0.000137344759423,
        "max": 0.473416924477,
        "mean": 0.361445605755,
        "median": 0.366375863552,
        "min": 0.0018286065897,
        "stdev": 0.0455293208361,
        "var": 0.0020729189273
    },
    "melbands_kurtosis": {
        "dmean": 1.72398614883,
        "dmean2": 2.42670989037,
        "dvar": 13.6630992889,
        "dvar2": 29.0609874725,
        "max": 105.120391846,
        "mean": 4.65113115311,
        "median": 2.3007850647,
        "min": -1.35254299641,
        "stdev": 9.97627639771,
        "var": 99.5260925293
    },
    "melbands_skewness": {
        "dmean": 0.267505526543,
        "dmean2": 0.35668027401,
        "dvar": 0.063016153872,
        "dvar2": 0.126959353685,
        "max": 8.9922170639,
        "mean": 1.07158911228,
        "median": 0.88153976202,
        "min": -0.386306375265,
        "stdev": 0.912456512451,
        "var": 0.832576930523
    },
    "melbands_spread": {
        "dmean": 1.08980667591,
        "dmean2": 1.47398352623,
        "dvar": 5.69655990601,
        "dvar2": 7.08318042755,
        "max": 170.317474365,
        "mean": 7.40437936783,
        "median": 6.23113679886,
        "min": 1.15828669071,
        "stdev": 11.6702651978,
        "var": 136.195083618
    },
    "pitch_salience": {
        "dmean": 0.0471063442528,
        "dmean2": 0.073479168117,
        "dvar": 0.00126052566338,
        "dvar2": 0.00311254546978,
        "max": 0.852907776833,
        "mean": 0.635383963585,
        "median": 0.642483651638,
        "min": 0.270494997501,
        "stdev": 0.0792225599289,
        "var": 0.00627621402964
    },
    "silence_rate_20dB": {
        "dmean": 0,
        "dmean2": 0,
        "dvar": 0,
        "dvar2": 0,
        "max": 1,
        "mean": 1,
        "median": 1,
        "min": 1,
        "stdev": 0,
        "var": 0
    },
    "silence_rate_30dB": {
        "dmean": 0.00154798757285,
        "dmean2": 0.00309837330133,
        "dvar": 0.00154558627401,
        "dvar2": 0.00463793380186,
        "max": 1,
        "mean": 0.999226629734,
        "median": 1,
        "min": 0,
        "stdev": 0.0277992133051,
        "var": 0.000772796222009
    },
    "silence_rate_60dB": {
        "dmean": 0.00232198135927,
        "dmean2": 0.00464755995199,
        "dvar": 0.00231667025946,
        "dvar2": 0.00462583592162,
        "max": 1,
        "mean": 0.122196443379,
        "median": 0,
        "min": 0,
        "stdev": 0.327517211437,
        "var": 0.107267528772
    },
    "spectral_centroid": {
        "dmean": 31.0914344788,
        "dmean2": 38.8260726929,
        "dvar": 43626.9648438,
        "dvar2": 45298.390625,
        "max": 11071.3779297,
        "mean": 427.232788086,
        "median": 391.421447754,
        "min": 197.338623047,
        "stdev": 422.559692383,
        "var": 178556.703125
    },
    "spectral_complexity": {
        "dmean": 1.12693500519,
        "dmean2": 1.88536024094,
        "dvar": 1.13249576092,
        "dvar2": 2.85131573677,
        "max": 15,
        "mean": 9.21268367767,
        "median": 10,
        "min": 0,
        "stdev": 3.34142827988,
        "var": 11.165143013
    },
    "spectral_decrease": {
        "dmean": 1.02743147323e-09,
        "dmean2": 1.41917055885e-09,
        "dvar": 1.4159832822e-18,
        "dvar2": 2.61073359406e-18,
        "max": -1.23183224036e-29,
        "mean": -6.89928114639e-09,
        "median": -5.44440492689e-09,
        "min": -2.86198922339e-08,
        "stdev": 5.33212229925e-09,
        "var": 2.84315277599e-17
    },
    "spectral_energy": {
        "dmean": 0.0040058051236,
        "dmean2": 0.00552762439474,
        "dvar": 2.15445943468e-05,
        "dvar2": 3.96592513425e-05,
        "max": 0.111547201872,
        "mean": 0.026847248897,
        "median": 0.0211533177644,
        "min": 1.09754903863e-20,
        "stdev": 0.0207529589534,
        "var": 0.000430685322499
    },
    "spectral_energyband_high": {
        "dmean": 1.27340058498e-06,
        "dmean2": 2.1239304715e-06,
        "dvar": 1.61774619308e-12,
        "dvar2": 4.43470954403e-12,
        "max": 2.04863354156e-05,
        "mean": 7.41788062442e-06,
        "median": 7.87719727668e-06,
        "min": 8.09018020435e-21,
        "stdev": 3.61312686437e-06,
        "var": 1.30546858046e-11
    },
    "spectral_energyband_low": {
        "dmean": 0.000941512873396,
        "dmean2": 0.00153340899851,
        "dvar": 1.23515337691e-06,
        "dvar2": 2.9249954423e-06,
        "max": 0.0300010312349,
        "mean": 0.00617540348321,
        "median": 0.00498892460018,
        "min": 4.98345395716e-23,
        "stdev": 0.00496875448152,
        "var": 2.468852108e-05
    },
    "spectral_energyband_middle_high": {
        "dmean": 0.000427711871453,
        "dmean2": 0.000618550227955,
        "dvar": 3.02502968452e-07,
        "dvar2": 5.9973012867e-07,
        "max": 0.00731563800946,
        "mean": 0.00107629026752,
        "median": 0.00081085646525,
        "min": 1.7349457016e-21,
        "stdev": 0.00103584409226,
        "var": 1.07297296381e-06
    },
    "spectral_energyband_middle_low": {
        "dmean": 0.00384797551669,
        "dmean2": 0.00533207086846,
        "dvar": 2.06929780688e-05,
        "dvar2": 3.7452140532e-05,
        "max": 0.0957598611712,
        "mean": 0.0202490575612,
        "median": 0.0161892455071,
        "min": 1.67590962338e-22,
        "stdev": 0.0167177561671,
        "var": 0.000279483385384
    },
    "spectral_entropy": {
        "dmean": 0.097935192287,
        "dmean2": 0.142443850636,
        "dvar": 0.006791414693,
        "dvar2": 0.0130215268582,
        "max": 9.80499267578,
        "mean": 6.14500951767,
        "median": 6.08599567413,
        "min": 5.38011455536,
        "stdev": 0.409027218819,
        "var": 0.167303264141
    },
    "spectral_flux": {
        "dmean": 0.00991240702569,
        "dmean2": 0.0168990623206,
        "dvar": 0.000100034099887,
        "dvar2": 0.000266593939159,
        "max": 0.163876384497,
        "mean": 0.0462011620402,
        "median": 0.047564830631,
        "min": 1.04763975273e-10,
        "stdev": 0.0234240051359,
        "var": 0.000548684038222
    },
    "spectral_kurtosis": {
        "dmean": 7.63216114044,
        "dmean2": 13.4713659286,
        "dvar": 47.8549499512,
        "dvar2": 147.787246704,
        "max": 73.0283279419,
        "mean": 24.86003685,
        "median": 21.3022251129,
        "min": -1.18211650848,
        "stdev": 13.1088171005,
        "var": 171.841094971
    },
    "spectral_rms": {
        "dmean": 0.000350408721715,
        "dmean2": 0.000483513751533,
        "dvar": 1.24271082313e-07,
        "dvar2": 2.22278217166e-07,
        "max": 0.0104319956154,
        "mean": 0.00460961041972,
        "median": 0.00454283878207,
        "min": 3.27227676379e-12,
        "stdev": 0.00222349492833,
        "var": 4.94392998007e-06
    },
    "spectral_rolloff": {
        "dmean": 60.7660675049,
        "dmean2": 91.4867324829,
        "dvar": 49886.875,
        "dvar2": 45832.46875,
        "max": 18497.0214844,
        "mean": 616.138305664,
        "median": 473.73046875,
        "min": 150.732421875,
        "stdev": 1317.46948242,
        "var": 1735725.875
    },
    "spectral_skewness": {
        "dmean": 0.504912316799,
        "dmean2": 0.881531774998,
        "dvar": 0.179389044642,
        "dvar2": 0.549115180969,
        "max": 6.82934761047,
        "mean": 3.90223622322,
        "median": 3.7600851059,
        "min": 0.00125598127488,
        "stdev": 0.963111400604,
        "var": 0.927583575249
    },
    "spectral_spread": {
        "dmean": 275330.21875,
        "dmean2": 454298.65625,
        "dvar": 805677826048,
        "dvar2": 873476915200,
        "max": 39996980,
        "mean": 2411099,
        "median": 2178910,
        "min": 1037080.125,
        "stdev": 1565291.125,
        "var": 2.45013623603e+12
    },
    "spectral_strongpeak": {
        "dmean": 0.332840621471,
        "dmean2": 0.559842169285,
        "dvar": 0.19720864296,
        "dvar2": 0.419237583876,
        "max": 3.4737033844,
        "mean": 0.786440312862,
        "median": 0.525513887405,
        "min": 0,
        "stdev": 0.708221673965,
        "var": 0.501577973366
    },
    "zerocrossingrate": {
        "dmean": 0.00220142281614,
        "dmean2": 0.00280071469024,
        "dvar": 2.22723556362e-05,
        "dvar2": 1.65202709468e-05,
        "max": 0.51513671875,
        "mean": 0.0221221987158,
        "median": 0.01806640625,
        "min": 0.0048828125,
        "stdev": 0.036628395319,
        "var": 0.00134163931943
    },
    "barkbands": {
        "dmean": [2.5249841201e-05, 0.000627152447123, 0.000394825270632, 0.00035454184399, 0.00185557908844, 0.00216055521742, 0.00136482040398, 0.00129924947396, 0.000264143280219, 0.000367953849491, 0.000132657383801, 7.01967146597e-05, 1.88820304174e-05, 1.96528199012e-05, 1.08510503196e-05, 2.73652835858e-06, 3.08616040456e-06, 2.17408683056e-06, 1.09704865281e-06, 8.53020992508e-07, 7.12137477876e-07, 7.62822935485e-07, 2.20078746338e-07, 1.35209461405e-07, 8.00116026767e-08, 4.21765200542e-08, 4.8610631076e-09],
        "dmean2": [4.24067147833e-05, 0.00108742713928, 0.000570776639506, 0.000527315132786, 0.00254284450784, 0.00331018329598, 0.00156673789024, 0.00155480159447, 0.000374408409698, 0.000533926999196, 0.000185400771443, 0.000106060280814, 3.20790968544e-05, 3.29506656271e-05, 1.86354645848e-05, 4.62143088953e-06, 5.37082496521e-06, 3.70017164641e-06, 1.87091598036e-06, 1.45529986639e-06, 1.19657295272e-06, 1.29230465973e-06, 3.71592307147e-07, 2.32001369227e-07, 1.33319218776e-07, 7.18704669112e-08, 8.55652793064e-09],
        "dvar": [1.77836012583e-09, 5.6037771401e-07, 2.76020074352e-07, 1.58592712296e-07, 5.65244090467e-06, 8.62909837451e-06, 2.50365792454e-06, 2.77063213616e-06, 1.90580735193e-07, 2.65282778855e-07, 4.3993086507e-08, 9.54116252672e-09, 9.53948364746e-10, 7.82734765892e-10, 5.12762943217e-10, 4.00448285642e-11, 3.45575026928e-11, 9.57655395956e-12, 1.65104637861e-12, 7.72247608742e-13, 5.42196767084e-13, 8.95306127412e-13, 5.73016907903e-14, 1.66660220645e-14, 7.25217412165e-15, 1.77631893468e-15, 2.21709385019e-17],
        "dvar2": [4.89489915267e-09, 1.52861957758e-06, 5.67816812236e-07, 3.79966621722e-07, 9.41429789236e-06, 1.87715686479e-05, 3.63128197023e-06, 3.95325423597e-06, 3.52440991946e-07, 5.20827995842e-07, 7.54945190806e-08, 1.82255437409e-08, 2.72264522039e-09, 1.90086835161e-09, 1.45907841365e-09, 9.24195650565e-11, 9.90200213491e-11, 2.79257988262e-11, 4.46836448051e-12, 2.19427839614e-12, 1.51294515111e-12, 2.45245013533e-12, 1.64863321562e-13, 4.86487748957e-14, 2.09605383994e-14, 5.09103393123e-15, 6.73892530693e-17],
        "max": [0.000448875274742, 0.0149270137772, 0.0140396375209, 0.00707276817411, 0.0527974255383, 0.0577298849821, 0.0246578659862, 0.0223126262426, 0.00639075553045, 0.00721141556278, 0.00304205110297, 0.00140406470746, 0.000324873282807, 0.000320619234117, 0.000290888507152, 0.000148172912304, 6.78495198372e-05, 3.43074098055e-05, 1.33213707159e-05, 8.95337961992e-06, 7.56771214583e-06, 9.90059743344e-06, 3.32853323926e-06, 1.76627156634e-06, 1.44896819165e-06, 5.63104094908e-07, 3.4346651745e-08],
        "mean": [3.5919387301e-05, 0.00331053207628, 0.00218751467764, 0.00118369329721, 0.00604916131124, 0.00607321178541, 0.00377292302437, 0.00264739873819, 0.000499758229125, 0.000604401051532, 0.000230983816436, 0.000139522366226, 2.88642586384e-05, 3.48078574461e-05, 1.95782668015e-05, 7.51268453314e-06, 5.55636552235e-06, 4.25863936471e-06, 2.89384206553e-06, 2.46195077125e-06, 2.20439551413e-06, 1.95758184418e-06, 9.63903175943e-07, 6.3922851723e-07, 3.94369834567e-07, 1.78396931005e-07, 6.876265779e-09],
        "median": [1.15349721455e-05, 0.00256483675912, 0.00149613316171, 0.000988697400317, 0.00361332995817, 0.00361967459321, 0.00248580798507, 0.00146019959357, 0.000215425141505, 0.000301166612189, 9.84332727967e-05, 8.36321851239e-05, 1.52979137056e-05, 2.01370658033e-05, 6.92916228218e-06, 3.35402091878e-06, 2.93064408652e-06, 3.15929651151e-06, 2.62751359514e-06, 2.42478108703e-06, 2.22327093979e-06, 1.84084819921e-06, 9.01795942809e-07, 6.50935362501e-07, 3.89533056477e-07, 1.77152145397e-07, 5.69135893969e-09],
        "min": [4.81163579215e-24, 2.35914091743e-23, 1.53450690565e-23, 1.17362260526e-23, 2.80099610994e-23, 1.85275343188e-23, 6.93045228584e-24, 5.51764279427e-23, 1.69063904487e-23, 6.91863325622e-23, 3.2404560052e-23, 5.67314810462e-23, 4.99333238896e-23, 6.96275014457e-23, 2.48084233892e-22, 2.23234888185e-22, 1.96354295068e-22, 3.42009900774e-22, 3.3541668968e-22, 2.63753485337e-22, 6.72987562856e-22, 4.84422593962e-22, 6.97622338396e-22, 9.80980367758e-22, 1.00919265906e-21, 1.82695762979e-21, 2.54820237644e-21],
        "stdev": [5.46698611288e-05, 0.00292412936687, 0.00216941488907, 0.000961533631198, 0.00679254392162, 0.00714397290722, 0.00387703906745, 0.00324346125126, 0.000744632969145, 0.000825122464448, 0.000345587148331, 0.000175609457074, 3.83976548619e-05, 4.43454700871e-05, 3.18925303873e-05, 1.6800731828e-05, 7.77108471084e-06, 4.05653509006e-06, 2.05365358852e-06, 1.42997112107e-06, 1.24611813135e-06, 1.38613836498e-06, 5.98975418598e-07, 3.41981717611e-07, 2.40301972099e-07, 1.06452205273e-07, 5.73880054588e-09],
        "var": [2.98879365701e-09, 8.5505325842e-06, 4.70636086902e-06, 9.24546895931e-07, 4.6138655307e-05, 5.10363461217e-05, 1.50314326675e-05, 1.05200406324e-05, 5.54478219783e-07, 6.80827042743e-07, 1.19430481504e-07, 3.08386809422e-08, 1.47437984044e-09, 1.96652072404e-09, 1.01713359957e-09, 2.82264572826e-10, 6.0389762635e-11, 1.64554776055e-11, 4.21749310822e-12, 2.04481744037e-12, 1.55281028921e-12, 1.92137950515e-12, 3.58771579069e-13, 1.16951492436e-13, 5.77450346112e-14, 1.13320726365e-14, 3.29338321293e-17]
    },
    "erbbands": {
        "dmean": [0.00709112593904, 0.173494175076, 0.46102398634, 0.809689939022, 1.88129174709, 9.53097438812, 9.76838970184, 25.0430831909, 19.6606140137, 14.022731781, 24.3314380646, 7.39150428772, 8.33166503906, 8.31563186646, 2.08974385262, 1.7707542181, 0.831640839577, 0.489761173725, 0.834201991558, 0.406916648149, 0.124187737703, 0.208689078689, 0.145401194692, 0.0519204325974, 0.0492049492896, 0.0354248583317, 0.0366259329021, 0.0211309399456, 0.0351428426802, 0.00949164479971, 0.00634439662099, 0.00309460540302, 0.00240825628862, 0.00126069062389, 0.000537001702469, 0.000285493239062, 6.34768803138e-05, 1.40068696055e-05, 1.90889818441e-06, 4.44363786301e-06],
        "dmean2": [0.012350643985, 0.299816936255, 0.71195602417, 1.1993175745, 2.83147358894, 11.8675317764, 13.4938354492, 40.7363815308, 23.4754390717, 16.6538391113, 28.6558151245, 10.3792610168, 11.9919242859, 11.8410930634, 3.00789928436, 2.69766283035, 1.4077385664, 0.8110653162, 1.40222930908, 0.690342128277, 0.211419701576, 0.362772524357, 0.246830523014, 0.0881088301539, 0.083915270865, 0.0600946731865, 0.061507858336, 0.0353136174381, 0.0597027242184, 0.0164226777852, 0.0108154108748, 0.00531510077417, 0.00410683685914, 0.00212782272138, 0.000916770251933, 0.000487586134113, 0.000107032909, 2.42408714257e-05, 2.66636448032e-06, 6.12418989476e-06],
        "dvar": [9.82442870736e-05, 0.0433095544577, 0.38759970665, 0.821809470654, 3.81756567955, 166.279327393, 159.582046509, 1198.25109863, 511.383575439, 340.084014893, 976.143981934, 149.96661377, 132.295852661, 109.235961914, 6.47545146942, 5.31460380554, 1.71201634407, 0.375151395798, 1.24811708927, 0.609314262867, 0.0460413359106, 0.162969663739, 0.0440092459321, 0.00351476995274, 0.00267931353301, 0.00135628704447, 0.00136548513547, 0.000470576487714, 0.00202322006226, 0.000101071680547, 4.70856102766e-05, 9.93283356365e-06, 5.4744505178e-06, 1.73778300905e-06, 3.78241793442e-07, 8.46404333288e-08, 4.04263822418e-09, 1.81554132839e-10, 4.81635261187e-12, 2.65424505291e-11],
        "dvar2": [0.000250385812251, 0.117852553725, 0.869119524956, 1.97776556015, 9.83327388763, 219.336532593, 291.086791992, 2917.59545898, 752.334106445, 495.506103516, 1371.54833984, 279.79510498, 261.572845459, 205.050979614, 11.8812503815, 11.0992422104, 4.81426239014, 0.998797237873, 3.08905601501, 1.71615052223, 0.113564111292, 0.468228816986, 0.128230512142, 0.00937485136092, 0.00767497345805, 0.00384010514244, 0.00375054613687, 0.00134549138602, 0.00554944342002, 0.000281287386315, 0.00013589952141, 2.96374091704e-05, 1.60751988005e-05, 4.97553128298e-06, 1.13538851565e-06, 2.43239355768e-07, 1.19146061905e-08, 5.3226090202e-10, 8.73320773337e-12, 4.87084816925e-11],
        "max": [0.18473649025, 4.43153095245, 17.911901474, 18.5113887787, 30.3513641357, 307.52532959, 250.719284058, 627.735473633, 389.364776611, 312.794525146, 431.714202881, 182.501022339, 167.223937988, 129.313278198, 31.4091892242, 30.0524940491, 11.8782339096, 6.97290086746, 12.5814619064, 9.85196018219, 4.56715726852, 4.64949560165, 2.3077712059, 0.851678192616, 0.525604903698, 0.467046529055, 0.368074536324, 0.306776076555, 0.461097806692, 0.138375923038, 0.0935753434896, 0.0454630330205, 0.0304575413465, 0.018479609862, 0.0104750962928, 0.0034238898661, 0.000956791744102, 0.000138181843795, 5.30875986442e-05, 0.000123788893688],
        "mean": [0.0334379673004, 0.934370815754, 2.79796004295, 3.42398142815, 6.41428661346, 30.5468063354, 30.258020401, 57.8765449524, 58.244342804, 46.5252532959, 51.0494422913, 15.2431621552, 16.4980926514, 17.346200943, 5.14021253586, 3.61298966408, 1.42157411575, 1.05660867691, 1.63486039639, 0.869021594524, 0.363179087639, 0.379373371601, 0.280612409115, 0.1504278332, 0.136557906866, 0.109825953841, 0.103427611291, 0.0717200487852, 0.0799014940858, 0.0383940413594, 0.0262910760939, 0.0142515478656, 0.010434425436, 0.00557163311169, 0.00220506289043, 0.00102765520569, 0.000272908015177, 4.16280890931e-05, 1.34366428028e-05, 2.97896021948e-05],
        "median": [0.0192579533905, 0.714699029922, 1.59145390987, 3.00193095207, 5.03362703323, 14.341381073, 18.2880935669, 34.5802497864, 43.5696640015, 25.9406757355, 29.3698348999, 6.99968290329, 9.77411746979, 11.773938179, 3.89684510231, 2.51081705093, 0.824763476849, 0.85897308588, 1.0676189661, 0.426291078329, 0.227969586849, 0.209740534425, 0.204658314586, 0.137408748269, 0.132272526622, 0.107805162668, 0.102172359824, 0.0727959126234, 0.0706895142794, 0.0366556197405, 0.0244913250208, 0.014328956604, 0.0103295193985, 0.00550738489255, 0.00209451559931, 0.000987611012533, 0.000276399136055, 4.0481587348e-05, 1.11904901132e-05, 2.36170490098e-05],
        "min": [1.17713910105e-21, 3.40509181885e-21, 1.38322337566e-20, 3.63992362877e-20, 8.54388844722e-20, 6.7848197275e-20, 1.07474504239e-19, 1.93004617686e-19, 1.46691835014e-19, 6.32614342494e-19, 8.9668797904e-19, 4.51160642904e-19, 1.74747012242e-18, 1.70230461341e-18, 1.84231961454e-18, 2.17582456866e-18, 2.2529283483e-18, 3.80609415842e-18, 7.4521975243e-18, 1.20001721897e-17, 1.35162031738e-17, 1.03854296073e-17, 2.02649505888e-17, 1.52200322811e-17, 1.6428478636e-17, 1.57764303571e-17, 3.05192853038e-17, 2.13266451768e-17, 1.72053418519e-17, 2.15324940353e-17, 1.64105403972e-17, 1.52321604032e-17, 1.95135893512e-17, 1.32068119821e-17, 6.52140178668e-18, 7.12735873467e-18, 3.31295347905e-18, 1.06944516696e-18, 3.939609226e-19, 3.67820044227e-20],
        "stdev": [0.035776913166, 0.843390166759, 2.98065066338, 2.56156659126, 5.34079551697, 39.4052009583, 33.5468330383, 70.1729660034, 55.7680587769, 49.960483551, 61.7359466553, 21.4906673431, 19.9890785217, 19.0220832825, 4.8998966217, 4.03699874878, 1.71778166294, 0.997286438942, 1.8472276926, 1.14893209934, 0.536553919315, 0.525362610817, 0.273372411728, 0.101450286806, 0.0834671333432, 0.0637464746833, 0.0606650821865, 0.0399691984057, 0.0615073181689, 0.0228797290474, 0.0162391345948, 0.00788170751184, 0.00581921637058, 0.00322184571996, 0.00152609159704, 0.000655766983982, 0.000159021874424, 2.4389995815e-05, 9.79388732958e-06, 2.30020868912e-05],
        "var": [0.00127998762764, 0.711306989193, 8.88427829742, 6.56162309647, 28.5240955353, 1552.76977539, 1125.38989258, 4924.24560547, 3110.07617188, 2496.04980469, 3811.32714844, 461.848754883, 399.563293457, 361.839630127, 24.0089874268, 16.2973575592, 2.95077395439, 0.994580209255, 3.41225028038, 1.32004487514, 0.287890136242, 0.276005864143, 0.0747324824333, 0.0102921612561, 0.00696676177904, 0.00406361324713, 0.00368025200441, 0.00159753672779, 0.00378315034322, 0.000523482041899, 0.000263709487626, 6.21213112026e-05, 3.38632780768e-05, 1.0380290405e-05, 2.32895558838e-06, 4.30030326015e-07, 2.52879566176e-08, 5.94871929493e-10, 9.5920237031e-11, 5.29095989243e-10]
    },
    "gfcc": {
        "mean": [-126.785491943, 177.063796997, -72.7065353394, 9.56957435608, -72.0317840576, -7.66401958466, -29.5872421265, -1.24748396873, -14.7763557434, -2.11170434952, -9.77079391479, -4.54918861389, -5.45260429382],
        "cov": [[15492.9316406, 3419.37890625, -1360.29406738, -1398.79394531, -403.541473389, 55.8283081055, 105.46672821, -499.674041748, 330.43347168, -210.176834106, 413.742004395, 96.1061172485, 840.020019531], [3419.37890625, 1033.99328613, -254.605728149, -309.648834229, -85.897315979, -52.0159034729, 69.8141479492, -167.557556152, 119.100341797, -68.2865371704, 86.0158233643, -31.158033371, 194.686218262], [-1360.29406738, -254.605728149, 333.476501465, 239.71673584, -18.6227226257, -73.3694992065, -22.9870681763, 74.0976104736, -51.3331451416, -0.319644480944, -42.3345451355, -40.2038040161, -130.288818359], [-1398.79394531, -309.648834229, 239.71673584, 291.150482178, 26.0730266571, -31.2702789307, -26.0475120544, 74.7012329102, -46.1171073914, 11.1882600784, -31.2946186066, -11.9863185883, -106.764427185], [-403.541473389, -85.897315979, -18.6227226257, 26.0730266571, 92.8474121094, 46.2080459595, -4.89406967163, -1.09721279144, -4.35745000839, 14.5862064362, -7.78390836716, 15.8424606323, 2.55662083626], [55.8283081055, -52.0159034729, -73.3694992065, -31.2702789307, 46.2080459595, 97.6484146118, 18.9698467255, -0.384659469128, -15.2191667557, 10.4825019836, 10.4481086731, 29.3166809082, 20.6147212982], [105.46672821, 69.8141479492, -22.9870681763, -26.0475120544, -4.89406967163, 18.9698467255, 53.0483703613, -6.64994907379, 14.126824379, -7.82357025146, 5.79030990601, -2.91615486145, 14.7235813141], [-499.674041748, -167.557556152, 74.0976104736, 74.7012329102, -1.09721279144, -0.384659469128, -6.64994907379, 87.6302032471, -16.4081916809, 10.9722070694, -22.8911781311, 1.66185879707, -45.0090866089], [330.43347168, 119.100341797, -51.3331451416, -46.1171073914, -4.35745000839, -15.2191667557, 14.126824379, -16.4081916809, 80.5401306152, 14.8536958694, 12.167468071, -13.4146537781, 34.7003669739], [-210.176834106, -68.2865371704, -0.319644480944, 11.1882600784, 14.5862064362, 10.4825019836, -7.82357025146, 10.9722070694, 14.8536958694, 43.4480895996, 6.98625421524, 2.50559282303, -14.1749858856], [413.742004395, 86.0158233643, -42.3345451355, -31.2946186066, -7.78390836716, 10.4481086731, 5.79030990601, -22.8911781311, 12.167468071, 6.98625421524, 53.2095031738, 26.4593715668, 28.9136238098], [96.1061172485, -31.158033371, -40.2038040161, -11.9863185883, 15.8424606323, 29.3166809082, -2.91615486145, 1.66185879707, -13.4146537781, 2.50559282303, 26.4593715668, 56.7990951538, 27.5041027069], [840.020019531, 194.686218262, -130.288818359, -106.764427185, 2.55662083626, 20.6147212982, 14.7235813141, -45.0090866089, 34.7003669739, -14.1749858856, 28.9136238098, 27.5041027069, 103.34223938]],
        "icov": [[0.000811182078905, -0.00262450543232, 0.000913351250347, 0.00021676873439, 0.00273240334354, -0.00277603184804, 0.00366137246601, -0.00162234413438, 0.000132623783429, 0.000495026819408, -0.00087538396474, -0.000498784997035, -0.000614993390627], [-0.00262450543232, 0.0118369134143, -0.00292313843966, 0.000647612090688, -0.00886192265898, 0.0109855318442, -0.0136420233175, 0.00657072803006, -0.00117956590839, 0.00176734721754, -0.00202040071599, 0.00627795374021, -0.00161629146896], [0.000913351250347, -0.00292313843966, 0.0131870023906, -0.00655322521925, 0.00392444105819, 0.00240594218485, 0.00198505911976, -0.00337885902263, 0.00303980591707, 0.00162671681028, -0.00171806593426, 0.0017811965663, 0.00481558172032], [0.00021676873439, 0.000647612090688, -0.00655322521925, 0.0114889433607, -0.00387153495103, 0.000484672054881, 0.00128690386191, -0.00260461098514, -0.000607070629485, 0.00223005749285, -0.0036349366419, -0.000236027684878, 0.00089626951376], [0.00273240334354, -0.00886192265898, 0.00392444105819, -0.00387153495103, 0.0289320424199, -0.0196794550866, 0.0159887839109, 0.000168598533492, -0.00331021333113, -0.00215996382758, 0.00629615038633, -0.00695257633924, -0.00265804491937], [-0.00277603184804, 0.0109855318442, 0.00240594218485, 0.000484672054881, -0.0196794550866, 0.0358768701553, -0.0250537414104, 0.00238839141093, 0.0099230222404, -0.00692556425929, -0.00209762854502, 0.00222743418999, -0.000944538158365], [0.00366137246601, -0.0136420233175, 0.00198505911976, 0.00128690386191, 0.0159887839109, -0.0250537414104, 0.0443134792149, -0.00834333430976, -0.0075052510947, 0.009939561598, -0.00410342589021, -0.00120267877355, -0.000222701055463], [-0.00162234413438, 0.00657072803006, -0.00337885902263, -0.00260461098514, 0.000168598533492, 0.00238839141093, -0.00834333430976, 0.0244857519865, -0.00430209189653, -0.00343013019301, 0.0112024871632, -0.00756073510274, 0.00508244242519], [0.000132623783429, -0.00117956590839, 0.00303980591707, -0.000607070629485, -0.00331021333113, 0.0099230222404, -0.0075052510947, -0.00430209189653, 0.0280296206474, -0.0160554610193, -0.00419682543725, 0.0117492275313, -0.0119194164872], [0.000495026819408, 0.00176734721754, 0.00162671681028, 0.00223005749285, -0.00215996382758, -0.00692556425929, 0.009939561598, -0.00343013019301, -0.0160554610193, 0.0437191128731, -0.0145844863728, 0.00263015227392, 0.0102947214618], [-0.00087538396474, -0.00202040071599, -0.00171806593426, -0.0036349366419, 0.00629615038633, -0.00209762854502, -0.00410342589021, 0.0112024871632, -0.00419682543725, -0.0145844863728, 0.04564024508, -0.0265814475715, 0.00444062426686], [-0.000498784997035, 0.00627795374021, 0.0017811965663, -0.000236027684878, -0.00695257633924, 0.00222743418999, -0.00120267877355, -0.00756073510274, 0.0117492275313, 0.00263015227392, -0.0265814475715, 0.0478320866823, -0.0180423874408], [-0.000614993390627, -0.00161629146896, 0.00481558172032, 0.00089626951376, -0.00265804491937, -0.000944538158365, -0.000222701055463, 0.00508244242519, -0.0119194164872, 0.0102947214618, 0.00444062426686, -0.0180423874408, 0.0361910611391]]
    },
    "melbands": {
        "dmean": [0.000121028606372, 0.000224697796511, 0.000144643214298, 0.000366833031876, 0.000356360338628, 0.000497150991578, 0.000291785108857, 0.000195671236725, 0.00015863389126, 4.96109496453e-05, 4.7086228733e-05, 3.92670808651e-05, 9.5092191259e-06, 9.1087013061e-06, 2.94520941679e-06, 1.98265684048e-06, 9.95046093522e-07, 1.75850755113e-06, 1.15980435567e-06, 2.11521296478e-07, 1.37327106131e-07, 2.65652317921e-07, 1.32490484361e-07, 8.50590282653e-08, 4.74239314485e-08, 4.65934526517e-08, 4.06824014476e-08, 2.64193822375e-08, 2.50894789389e-08, 2.00464249644e-08, 1.23466845636e-08, 3.09860013203e-08, 7.95056021019e-09, 5.7276383636e-09, 4.54925075388e-09, 2.97759439327e-09, 2.1206880696e-09, 1.99585614702e-09, 1.78910986026e-09, 1.13956821757e-09],
        "dmean2": [0.000211501304875, 0.000363215600373, 0.000209793273825, 0.000494702835567, 0.000489162048325, 0.000790075398982, 0.00034547271207, 0.000236267020227, 0.000187230398296, 7.035939052e-05, 6.75490591675e-05, 5.64362308069e-05, 1.34635074573e-05, 1.34847068693e-05, 4.99841098645e-06, 3.41583267982e-06, 1.6455869627e-06, 2.96633174912e-06, 1.99007968149e-06, 3.49506706243e-07, 2.38548011566e-07, 4.6451725666e-07, 2.24556856665e-07, 1.44248033962e-07, 7.9984040724e-08, 7.94299523932e-08, 6.95243684845e-08, 4.55886279838e-08, 4.23479598055e-08, 3.34323217999e-08, 2.07861639012e-08, 5.28243759845e-08, 1.3547561295e-08, 9.91309345721e-09, 7.80189779448e-09, 5.16986631283e-09, 3.65876973163e-09, 3.42664741027e-09, 3.00715941037e-09, 1.92987270609e-09],
        "dvar": [2.15308446627e-08, 8.0606817221e-08, 2.41662618805e-08, 2.11250466009e-07, 2.14201662629e-07, 4.63258373884e-07, 1.12216746118e-07, 6.06882011311e-08, 4.12369338676e-08, 7.07487890494e-09, 4.26963708833e-09, 2.42240250081e-09, 1.87061477419e-10, 1.75289435744e-10, 3.69265625022e-11, 1.3856071672e-11, 1.66365857722e-12, 6.32428397845e-12, 6.06501697822e-12, 3.40419695471e-13, 3.89869783863e-14, 2.86731548877e-13, 3.16486034157e-14, 1.19184227239e-14, 3.03363261872e-15, 2.97376242419e-15, 1.94608847774e-15, 7.58647970884e-16, 6.24955572742e-16, 4.86560288858e-16, 1.6210458311e-16, 1.64168548293e-15, 7.71130589549e-17, 3.95770519776e-17, 2.45979724459e-17, 9.22201082905e-18, 4.84758279203e-18, 4.0349543544e-18, 3.06795685047e-18, 1.44143728401e-18],
        "dvar2": [5.80745194156e-08, 1.91769601088e-07, 5.59662609589e-08, 3.39828091001e-07, 3.82686863531e-07, 1.08942606403e-06, 1.65488785342e-07, 8.99296352941e-08, 5.78649803629e-08, 1.30946382626e-08, 8.43565395314e-09, 4.67110305991e-09, 3.25854176975e-10, 3.29602789506e-10, 9.98200133662e-11, 3.9778721983e-11, 4.14846455798e-12, 1.54082857584e-11, 1.72347136562e-11, 7.71755164115e-13, 1.0876475637e-13, 8.29526660036e-13, 9.28441012764e-14, 3.44421553452e-14, 8.10786543969e-15, 8.3817179678e-15, 5.55513429446e-15, 2.14597999473e-15, 1.75274929001e-15, 1.34357964868e-15, 4.69833611612e-16, 4.5400199408e-15, 2.19993580818e-16, 1.14860552854e-16, 7.07661881415e-17, 2.74595739965e-17, 1.45831396054e-17, 1.18717871412e-17, 8.75345023516e-18, 4.26212751552e-18],
        "max": [0.00231390935369, 0.00811567250639, 0.00308709964156, 0.0105644278228, 0.00882718432695, 0.0129493996501, 0.00641291355714, 0.00369338318706, 0.00279375514947, 0.00122590526007, 0.00094524625456, 0.000550244294573, 0.000199148023967, 0.000191823914065, 6.91547247698e-05, 4.41501761088e-05, 1.51974827531e-05, 2.83943754766e-05, 3.1154100725e-05, 1.39548683364e-05, 2.88092769551e-06, 6.15805856796e-06, 1.98742418434e-06, 1.17198987937e-06, 7.69024893543e-07, 5.917878525e-07, 4.17691126131e-07, 3.50177742803e-07, 2.60174402911e-07, 2.39509631683e-07, 1.77815394409e-07, 3.96816915327e-07, 1.10360304006e-07, 7.13869781066e-08, 6.36166248569e-08, 4.11724769833e-08, 2.52399523504e-08, 2.42106459325e-08, 2.11174810971e-08, 1.71282366068e-08],
        "mean": [0.000611097086221, 0.00142821215559, 0.000644647167064, 0.00119579618331, 0.00119251094293, 0.00126158853527, 0.00089750776533, 0.000578641600441, 0.000326920562657, 9.00230515981e-05, 8.70915973792e-05, 7.97388420324e-05, 1.99091737159e-05, 1.75422028406e-05, 4.19791467721e-06, 2.78306151813e-06, 1.99141140911e-06, 3.08061339638e-06, 2.01261627808e-06, 5.95238816459e-07, 3.27551219925e-07, 4.27976317496e-07, 2.58938769093e-07, 1.77046473482e-07, 1.17917885234e-07, 1.11611512921e-07, 9.44229441302e-08, 6.69779822715e-08, 6.56651764075e-08, 5.2425125574e-08, 3.67292685155e-08, 5.75937129099e-08, 2.3117383563e-08, 1.96019929177e-08, 1.60991326936e-08, 1.08763114071e-08, 7.83291032036e-09, 7.42271177856e-09, 6.46662146053e-09, 4.05504296808e-09],
        "median": [0.000443809723947, 0.000945217558183, 0.000566317292396, 0.000708636653144, 0.000705610320438, 0.000813606136944, 0.000648632936645, 0.000341533741448, 0.0001863247453, 3.36058401444e-05, 4.93841907883e-05, 5.42910966033e-05, 1.28700621644e-05, 9.6966205092e-06, 1.02788681033e-06, 1.31940487336e-06, 1.47243247284e-06, 1.69538964201e-06, 6.15167152773e-07, 2.41457144057e-07, 2.21403340106e-07, 1.78728313927e-07, 1.96215523829e-07, 1.41398643905e-07, 1.03762545223e-07, 1.00416492899e-07, 8.89483473543e-08, 6.21166833525e-08, 6.32829753044e-08, 4.97271557265e-08, 3.69192960648e-08, 4.66946339372e-08, 2.19527684919e-08, 1.79869044103e-08, 1.49469041588e-08, 1.04567705606e-08, 7.78759101649e-09, 7.20788584374e-09, 6.27112051177e-09, 3.88860144085e-09],
        "min": [8.05109231058e-24, 6.37211389207e-24, 7.58223677587e-24, 5.15564974988e-24, 3.61046963507e-24, 3.94860736791e-24, 1.92462359073e-24, 8.89717481928e-24, 6.41661156358e-24, 2.59859341321e-24, 8.96273389367e-24, 6.81891287587e-24, 5.14818673128e-24, 6.94862054135e-24, 3.59717180679e-24, 5.77678975475e-24, 6.96493260715e-24, 8.95071086462e-24, 2.23246452886e-23, 1.18183488394e-23, 1.57391177004e-23, 8.26903249059e-24, 1.62765859901e-23, 2.0539124894e-23, 1.08163511282e-23, 1.33368358734e-23, 8.6102006326e-24, 9.99445351717e-24, 1.8607125651e-23, 1.3543741467e-23, 1.302107773e-23, 9.38441396853e-24, 9.13820574685e-24, 1.39288239179e-23, 8.61651625301e-24, 1.05619403309e-23, 8.75146037718e-24, 1.42635423332e-23, 1.24284333531e-23, 1.07774200537e-23],
        "stdev": [0.000527511874679, 0.00137362198438, 0.000467145408038, 0.00135493010748, 0.00132376258262, 0.00146808160935, 0.000864176719915, 0.000619553553406, 0.000397417374188, 0.000141640717629, 0.000110354820208, 8.77218772075e-05, 2.34520921367e-05, 2.3826942197e-05, 7.49201808503e-06, 4.45418390882e-06, 2.11685528484e-06, 3.99320015276e-06, 3.45773014487e-06, 1.56483179126e-06, 3.84004891885e-07, 6.72373573707e-07, 2.4008701871e-07, 1.50348441252e-07, 8.76672672234e-08, 8.09749991504e-08, 6.10347328234e-08, 4.28208082326e-08, 3.95056822811e-08, 3.31126877029e-08, 2.17767652799e-08, 5.14375066984e-08, 1.47059857625e-08, 1.26868622274e-08, 1.04931183742e-08, 6.51941212126e-09, 4.47002657111e-09, 4.30466773338e-09, 3.81182463371e-09, 2.51028597908e-09],
