{
"lowlevel": {
    "average_loudness": 0.972572207451,
    "barkbands_crest": {
        "dmean": 2.91002392769,
        "dmean2": 3.73110413551,
        "dvar": 7.19189357758,
        "dvar2": 14.2999353409,
        "max": 26.4636611938,
        "mean": 13.4391555786,
        "median": 12.4362945557,
        "min": 2.7271463871,
        "stdev": 5.79850149155,
        "var": 33.6226196289
    },
    "barkbands_flatness_db": {
        "dmean": 0.0337016321719,
        "dmean2": 0.0440402068198,
        "dvar": 0.00127259455621,
        "dvar2": 0.00242846529,
        "max": 0.42973485589,
        "mean": 0.188125282526,
        "median": 0.184106096625,
        "min": 0.0264444947243,
        "stdev": 0.0708443820477,
        "var": 0.00501892669126
    },
    "barkbands_kurtosis": {
        "dmean": 7.52625226974,
        "dmean2": 10.4618749619,
        "dvar": 236.587844849,
        "dvar2": 462.612426758,
        "max": 319.984222412,
        "mean": 13.3680000305,
        "median": 6.31690979004,
        "min": -1.7486461401,
        "stdev": 23.9564933777,
        "var": 573.913574219
    },
    "barkbands_skewness": {
        "dmean": 0.794697225094,
        "dmean2": 1.05876481533,
        "dvar": 0.735689461231,
        "dvar2": 1.3626922369,
        "max": 15.1875772476,
        "mean": 2.63363170624,
        "median": 2.26413273811,
        "min": -1.95951211452,
        "stdev": 1.96159911156,
        "var": 3.84787106514
    },
    "barkbands_spread": {
        "dmean": 5.94265556335,
        "dmean2": 8.48188114166,
        "dvar": 65.9612350464,
        "dvar2": 134.078475952,
        "max": 91.8460464478,
        "mean": 14.5198831558,
        "median": 11.0876693726,
        "min": 0.3227853477,
        "stdev": 12.0073633194,
        "var": 144.176773071
    },
    "dissonance": {
        "dmean": 0.026139613241,
        "dmean2": 0.0431129597127,
        "dvar": 0.00077410240192,
        "dvar2": 0.00198640627787,
        "max": 0.500000059605,
        "mean": 0.454189300537,
        "median": 0.462482303381,
        "min": 0.0063049364835,
        "stdev": 0.0372736081481,
        "var": 0.00138932198752
    },
    "dynamic_complexity": 1.42201018333,
    "erbbands_crest": {
        "dmean": 3.18074369431,
        "dmean2": 4.98071336746,
        "dvar": 8.4511089325,
        "dvar2": 20.4107284546,
        "max": 27.5413341522,
        "mean": 9.98880577087,
        "median": 8.9204750061,
        "min": 2.54228234291,
        "stdev": 5.03490924835,
        "var": 25.3503093719
    },
    "erbbands_flatness_db": {
        "dmean": 0.020404227078,
        "dmean2": 0.0294711310416,
        "dvar": 0.000430689222412,
        "dvar2": 0.000815826177131,
        "max": 0.345770150423,
        "mean": 0.157106384635,
        "median": 0.149535745382,
        "min": 0.0423650145531,
        "stdev": 0.060848813504,
        "var": 0.003702577902
    },
    "erbbands_kurtosis": {
        "dmean": 1.44058322906,
        "dmean2": 2.16719412804,
        "dvar": 3.30721688271,
        "dvar2": 7.07569599152,
        "max": 26.0880374908,
        "mean": 1.7829605341,
        "median": 0.822870492935,
        "min": -1.64687848091,
        "stdev": 3.28781509399,
        "var": 10.8097286224
    },
    "erbbands_skewness": {
        "dmean": 0.45245423913,
        "dmean2": 0.652302145958,
        "dvar": 0.161599367857,
        "dvar2": 0.341992616653,
        "max": 4.48534584045,
        "mean": 0.639363586903,
        "median": 0.598980665207,
        "min": -1.89501273632,
        "stdev": 0.828504562378,
        "var": 0.686419844627
    },
    "erbbands_spread": {
        "dmean": 9.80692100525,
        "dmean2": 14.2188425064,
        "dvar": 124.468330383,
        "dvar2": 248.583724976,
        "max": 133.255950928,
        "mean": 37.0142364502,
        "median": 32.5802993774,
        "min": 3.18237376213,
        "stdev": 23.2517642975,
        "var": 540.64453125
    },
    "hfc": {
        "dmean": 11.512796402,
        "dmean2": 16.9053764343,
        "dvar": 360.228759766,
        "dvar2": 765.704650879,
        "max": 192.056182861,
        "mean": 28.1306228638,
        "median": 21.5186767578,
        "min": 1.15973395328e-16,
        "stdev": 23.9211368561,
        "var": 572.22076416
    },
    "loudness_ebu128": {
        "integrated": -6.4124584198,
        "loudness_range": 3.81461906433,
        "momentary": {
            "dmean": 0.421780735254,
            "dmean2": 0.617731928825,
            "dvar": 0.133596718311,
            "dvar2": 0.292837560177,
            "max": -4.12502002716,
            "mean": -6.68023204803,
            "median": -6.21287345886,
            "min": -12.7986030579,
            "stdev": 1.65078377724,
            "var": 2.72508716583
        },
        "short_term": {
            "dmean": 0.0477112568915,
            "dmean2": 0.0474361553788,
            "dvar": 0.00170944223646,
            "dvar2": 0.00169323745649,
            "max": -5.11044025421,
            "mean": -6.52257871628,
            "median": -6.3783454895,
            "min": -9.57685470581,
            "stdev": 1.20020639896,
            "var": 1.44049549103
        }
    },
    "melbands_crest": {
        "dmean": 3.7921640873,
        "dmean2": 5.43350696564,
        "dvar": 14.6182203293,
        "dvar2": 31.4965000153,
        "max": 38.1919555664,
        "mean": 20.0580253601,
        "median": 18.1297245026,
        "min": 1.94621229172,
        "stdev": 8.99386119843,
        "var": 80.8895339966
    },
    "melbands_flatness_db": {
        "dmean": 0.0381742864847,
        "dmean2": 0.0495598874986,
        "dvar": 0.00174461968709,
        "dvar2": 0.0034523899667,
        "max": 0.558443963528,
        "mean": 0.265668451786,
        "median": 0.260316550732,
        "min": 0.00466666836292,
        "stdev": 0.0839772894979,
        "var": 0.00705218501389
    },
    "melbands_kurtosis": {
        "dmean": 16.0106182098,
        "dmean2": 22.5029888153,
        "dvar": 1055.86682129,
        "dvar2": 2470.89477539,
        "max": 497.794158936,
        "mean": 30.9272289276,
        "median": 14.6728935242,
        "min": -1.56358337402,
        "stdev": 48.1092796326,
        "var": 2314.50268555
    },
    "melbands_skewness": {
        "dmean": 1.06623136997,
        "dmean2": 1.42457056046,
        "dvar": 1.45033812523,
        "dvar2": 3.16591620445,
        "max": 19.381067276,
        "mean": 3.77542686462,
        "median": 3.17772269249,
        "min": -1.02772557735,
        "stdev": 2.76602840424,
        "var": 7.65091323853
    },
    "melbands_spread": {
        "dmean": 5.11656522751,
        "dmean2": 7.30823898315,
        "dvar": 53.6982460022,
        "dvar2": 104.541030884,
        "max": 139.634185791,
        "mean": 12.7147436142,
        "median": 10.175163269,
        "min": 0.389151871204,
        "stdev": 10.9726295471,
        "var": 120.398597717
    },
    "pitch_salience": {
        "dmean": 0.0867740437388,
        "dmean2": 0.129467338324,
        "dvar": 0.0104225138202,
        "dvar2": 0.0218697264791,
        "max": 0.932983934879,
        "mean": 0.45200124383,
        "median": 0.481020361185,
        "min": 0.0504784658551,
        "stdev": 0.19321975112,
        "var": 0.0373338721693
    },
    "silence_rate_20dB": {
        "dmean": 0,
        "dmean2": 0,
        "dvar": 0,
        "dvar2": 0,
        "max": 1,
        "mean": 1,
        "median": 1,
        "min": 1,
        "stdev": 0,
        "var": 0
    },
    "silence_rate_30dB": {
        "dmean": 0.088235296309,
        "dmean2": 0.17660728097,
        "dvar": 0.0804490298033,
        "dvar2": 0.153162777424,
        "max": 1,
        "mean": 0.717710733414,
        "median": 1,
        "min": 0,
        "stdev": 0.45011138916,
        "var": 0.202600255609
    },
    "silence_rate_60dB": {
        "dmean": 0.000773993786424,
        "dmean2": 0.00154918665066,
        "dvar": 0.000773391744588,
        "dvar2": 0.00154677091632,
        "max": 1,
        "mean": 0.00154679035768,
        "median": 0,
        "min": 0,
        "stdev": 0.0392987206578,
        "var": 0.00154438940808
    },
    "spectral_centroid": {
        "dmean": 274.349639893,
        "dmean2": 401.745819092,
        "dvar": 166209.265625,
        "dvar2": 281515.21875,
        "max": 11142.6220703,
        "mean": 1055.75854492,
        "median": 969.916748047,
        "min": 150.582672119,
        "stdev": 579.174743652,
        "var": 335443.375
    },
    "spectral_complexity": {
        "dmean": 4.99225997925,
        "dmean2": 7.62122392654,
        "dvar": 37.1639099121,
        "dvar2": 79.2111663818,
        "max": 55,
        "mean": 19.2745552063,
        "median": 18,
        "min": 0,
        "stdev": 9.11614322662,
        "var": 83.1040725708
    },
    "spectral_decrease": {
        "dmean": 3.84775367124e-09,
        "dmean2": 4.55774618047e-09,
        "dvar": 1.68162096219e-17,
        "dvar2": 2.19715929373e-17,
        "max": -1.6299044309e-29,
        "mean": -1.96825755694e-08,
        "median": -1.84414687965e-08,
        "min": -5.07515771631e-08,
        "stdev": 1.23579511069e-08,
        "var": 1.52718955129e-16
    },
    "spectral_energy": {
        "dmean": 0.0146924629807,
        "dmean2": 0.0174604859203,
        "dvar": 0.000239355620579,
        "dvar2": 0.000315014563967,
        "max": 0.193169310689,
        "mean": 0.0768380612135,
        "median": 0.0727929919958,
        "min": 1.05806505843e-20,
        "stdev": 0.04704028368,
        "var": 0.00221278821118
    },
    "spectral_energyband_high": {
        "dmean": 0.000905234948732,
        "dmean2": 0.00138332671486,
        "dvar": 3.4411341403e-06,
        "dvar2": 7.33325850888e-06,
        "max": 0.0165928862989,
        "mean": 0.00116028601769,
        "median": 0.00039466805174,
        "min": 7.89056229705e-21,
        "stdev": 0.00212297402322,
        "var": 4.50701872978e-06
    },
    "spectral_energyband_low": {
        "dmean": 0.0143897524104,
        "dmean2": 0.0176019705832,
        "dvar": 0.000410540640587,
        "dvar2": 0.00067373883212,
        "max": 0.185493022203,
        "mean": 0.05469725281,
        "median": 0.045437078923,
        "min": 8.0753254865e-23,
        "stdev": 0.0492076538503,
        "var": 0.00242139305919
    },
    "spectral_energyband_middle_high": {
        "dmean": 0.00281413085759,
        "dmean2": 0.00424220226705,
        "dvar": 1.27236962726e-05,
        "dvar2": 2.85482474283e-05,
        "max": 0.0401291847229,
        "mean": 0.00695253303275,
        "median": 0.00460088998079,
        "min": 1.41755391563e-21,
        "stdev": 0.00649635121226,
        "var": 4.22025768785e-05
    },
    "spectral_energyband_middle_low": {
        "dmean": 0.007650162559,
        "dmean2": 0.0121474899352,
        "dvar": 0.000132585177198,
        "dvar2": 0.000346126180375,
        "max": 0.0797842517495,
        "mean": 0.016371153295,
        "median": 0.0120019959286,
        "min": 3.40596514467e-22,
        "stdev": 0.0138540277258,
        "var": 0.000191934086615
    },
    "spectral_entropy": {
        "dmean": 0.23973685503,
        "dmean2": 0.342520385981,
        "dvar": 0.0724280625582,
        "dvar2": 0.159844651818,
        "max": 9.81213665009,
        "mean": 7.46622610092,
        "median": 7.46146631241,
        "min": 5.54865074158,
        "stdev": 0.514890432358,
        "var": 0.265112131834
    },
    "spectral_flux": {
        "dmean": 0.0402131006122,
        "dmean2": 0.0486149303615,
        "dvar": 0.00174151232932,
        "dvar2": 0.00240478897467,
        "max": 0.425125330687,
        "mean": 0.124690115452,
        "median": 0.0996880531311,
        "min": 1.02862288132e-10,
        "stdev": 0.0782719105482,
        "var": 0.00612649228424
    },
    "spectral_kurtosis": {
        "dmean": 2.12266969681,
        "dmean2": 3.33293056488,
        "dvar": 8.07019138336,
        "dvar2": 18.6475276947,
        "max": 45.7284126282,
        "mean": 5.35610771179,
        "median": 4.33068990707,
        "min": -1.17541456223,
        "stdev": 4.29226016998,
        "var": 18.4234962463
    },
    "spectral_rms": {
        "dmean": 0.000857591279782,
        "dmean2": 0.0010415854631,
        "dvar": 7.85532733971e-07,
        "dvar2": 1.15114778509e-06,
        "max": 0.013727995567,
        "mean": 0.00817925017327,
        "median": 0.0084271915257,
        "min": 3.21287809725e-12,
        "stdev": 0.0028396982234,
        "var": 8.06388561614e-06
    },
    "spectral_rolloff": {
        "dmean": 409.23034668,
        "dmean2": 679.422180176,
        "dvar": 1183790.875,
        "dvar2": 2397287.5,
        "max": 18410.8886719,
        "mean": 765.869873047,
        "median": 516.796875,
        "min": 43.06640625,
        "stdev": 1209.91992188,
        "var": 1463906.125
    },
    "spectral_skewness": {
        "dmean": 0.291953414679,
        "dmean2": 0.442371696234,
        "dvar": 0.0937320664525,
        "dvar2": 0.212218716741,
        "max": 4.8462729454,
        "mean": 1.80162167549,
        "median": 1.71584427357,
        "min": -0.00268594850786,
        "stdev": 0.545705139637,
        "var": 0.297794103622
    },
    "spectral_spread": {
        "dmean": 803282.5,
        "dmean2": 1089763.5,
        "dvar": 1.37729251738e+12,
        "dvar2": 1.77204415693e+12,
        "max": 39909944,
        "mean": 5037151.5,
        "median": 4634750,
        "min": 1185958.375,
        "stdev": 2298673.5,
        "var": 5.28390029312e+12
    },
    "spectral_strongpeak": {
        "dmean": 0.409617006779,
        "dmean2": 0.691884279251,
        "dvar": 0.480274766684,
        "dvar2": 1.11093521118,
        "max": 6.65195512772,
        "mean": 0.971069455147,
        "median": 0.661661744118,
        "min": 0,
        "stdev": 1.04862964153,
        "var": 1.09962415695
    },
    "zerocrossingrate": {
        "dmean": 0.0113347768784,
        "dmean2": 0.0131745161489,
        "dvar": 0.000354823394446,
        "dvar2": 0.00041144277202,
        "max": 0.4951171875,
        "mean": 0.0387369804084,
        "median": 0.03173828125,
        "min": 0.00244140625,
        "stdev": 0.0311785489321,
        "var": 0.000972101872321
    },
    "barkbands": {
        "dmean": [0.00199582101777, 0.0146056478843, 0.00691958703101, 0.00299533666112, 0.00253118970431, 0.00121899473015, 0.00166500441264, 0.00141102366615, 0.00108072615694, 0.00102060765494, 0.00116460025311, 0.000560049782507, 0.000436943839304, 0.0003968597739, 0.000381118617952, 0.000252002064371, 0.000151366417413, 0.000148631239426, 0.000152187698404, 0.000144702251418, 0.000129689695314, 0.000150512816617, 0.000126656756038, 0.000188881531358, 0.000180869712494, 0.00011185646872, 1.00121951618e-05],
        "dmean2": [0.00173447094858, 0.0176150947809, 0.0118092112243, 0.00502049410716, 0.00405995268375, 0.00205878657289, 0.00271284393966, 0.0021647058893, 0.00162078300491, 0.00159780320246, 0.0017857409548, 0.000893626711331, 0.000679337710608, 0.000655448646285, 0.000613099313341, 0.000425614096457, 0.000246726704063, 0.000243008413236, 0.00024125361233, 0.000233093815041, 0.000207237622817, 0.000243680959102, 0.000199403846636, 0.00029318901943, 0.00027428555768, 0.000171701001818, 1.69820177689e-05],
        "dvar": [8.77037018654e-06, 0.000496363383718, 0.000274753430858, 4.41606389359e-05, 1.5844743757e-05, 4.90864931635e-06, 8.03703096608e-06, 4.59963393951e-06, 2.81270945379e-06, 2.87248326458e-06, 3.7987028918e-06, 8.53215112784e-07, 6.76125409882e-07, 9.81915377452e-07, 6.78159608469e-07, 6.19681657099e-07, 1.11688542859e-07, 8.99147778455e-08, 6.12021722191e-08, 5.11692590521e-08, 6.40343884584e-08, 9.34052479806e-08, 7.29198816884e-08, 2.13514582015e-07, 1.80376829917e-07, 8.29188309126e-08, 1.67882097113e-09],
        "dvar2": [6.46399348625e-06, 0.000803872186225, 0.000755369779654, 0.000123321646242, 4.04219317716e-05, 1.24659500216e-05, 1.9931987481e-05, 9.87454131973e-06, 6.36553659206e-06, 6.48816239845e-06, 7.60491957408e-06, 2.12722443393e-06, 1.39631072216e-06, 2.60557408183e-06, 1.79054120508e-06, 1.71076703737e-06, 2.65760320417e-07, 2.24177739483e-07, 1.49720861486e-07, 1.26016402646e-07, 1.55340629249e-07, 2.26629538247e-07, 1.47751777035e-07, 4.86111616738e-07, 3.67437934301e-07, 1.81115481723e-07, 4.61720350842e-09],
        "max": [0.027783870697, 0.183566689491, 0.0978815108538, 0.0443950295448, 0.0319312885404, 0.0302192326635, 0.0273159593344, 0.0243074987084, 0.025662008673, 0.0222296118736, 0.0282461475581, 0.0160763319582, 0.0186238065362, 0.0217202939093, 0.0101058389992, 0.0138319712132, 0.00690795993432, 0.00417604064569, 0.00251805689186, 0.00218732119538, 0.00234984047711, 0.00265510985628, 0.00257380865514, 0.00547612225637, 0.00445045903325, 0.00284448382445, 0.000472336862003],
        "mean": [0.00499317795038, 0.0393233411014, 0.00825675111264, 0.00376073620282, 0.00387585442513, 0.00165411562193, 0.00244869221933, 0.00240543205291, 0.00182126509026, 0.00151209742762, 0.00208670296706, 0.000799624831416, 0.000616420118604, 0.000596791680437, 0.000502132752445, 0.000288189476123, 0.000203745876206, 0.000194806765649, 0.000234987353906, 0.000219186404138, 0.000156690599397, 0.000178220114321, 0.000151332656969, 0.000216214029933, 0.000216222324525, 0.00011746569362, 7.94002789917e-06],
        "median": [0.00057789508719, 0.0202532298863, 0.000814311439171, 0.000759488204494, 0.0015964936465, 0.000694699701853, 0.00100500835106, 0.000953588227276, 0.000895900826436, 0.000673284754157, 0.000648237473797, 0.000310261151753, 0.00027848809259, 0.000216679618461, 0.000208976387512, 0.000120361240988, 8.04944647825e-05, 7.46034565964e-05, 0.000120973971207, 0.000106571489596, 5.82417851547e-05, 5.45911098015e-05, 2.99852508761e-05, 4.23793862865e-05, 4.73730506201e-05, 1.51302574523e-05, 4.80324793273e-08],
        "min": [4.0785509028e-24, 2.02577871185e-23, 2.70625359968e-23, 4.68814229957e-23, 4.82267874042e-23, 5.63070549465e-23, 6.30837677082e-23, 6.88817880765e-23, 5.34441777472e-23, 4.50127945269e-23, 6.81313857182e-23, 7.29099390505e-23, 7.7158636601e-23, 9.02516513457e-23, 2.09410220728e-22, 1.20872019445e-22, 1.36215906788e-22, 1.95351835873e-22, 2.47921362514e-22, 2.89353018832e-22, 4.75914760654e-22, 5.42222647058e-22, 4.82389428041e-22, 1.025925295e-21, 1.30301494726e-21, 1.87238309324e-21, 2.37636105679e-21],
        "stdev": [0.0077012469992, 0.0449597984552, 0.0154883312061, 0.00676250411198, 0.00520444568247, 0.00247545680031, 0.00367447687313, 0.00362295843661, 0.00250957952812, 0.0024005882442, 0.00369413150474, 0.00132034171838, 0.00114021683112, 0.00135264813434, 0.000928923371248, 0.000675444316585, 0.000413261121139, 0.000354325136868, 0.000315417128149, 0.000282193213934, 0.000268728996161, 0.0003218271886, 0.000317945989082, 0.000493487692438, 0.000481148541439, 0.000306757428916, 3.56168384315e-05],
        "var": [5.93092081544e-05, 0.00202138349414, 0.000239888395299, 4.57314636151e-05, 2.7086256523e-05, 6.12788653598e-06, 1.35017799039e-05, 1.31258284455e-05, 6.29798933005e-06, 5.76282445763e-06, 1.36466069307e-05, 1.74330227765e-06, 1.30009448185e-06, 1.82965698059e-06, 8.6289861656e-07, 4.5622499556e-07, 1.70784744569e-07, 1.25546293361e-07, 9.94879698624e-08, 7.96330041908e-08, 7.22152719845e-08, 1.03572730836e-07, 1.01089653981e-07, 2.43530109856e-07, 2.31503932469e-07, 9.41001232491e-08, 1.26855925764e-09]
    },
    "erbbands": {
        "dmean": [0.63062030077, 3.48233652115, 7.7616724968, 8.88958644867, 8.06626319885, 9.29461479187, 9.29640674591, 10.6538724899, 21.056930542, 28.3161525726, 24.3356952667, 27.1263160706, 28.4829349518, 44.5289459229, 30.5501937866, 19.3450088501, 19.4043483734, 15.5336084366, 22.0774230957, 14.7370901108, 11.7931213379, 8.60199451447, 8.03705120087, 7.53341007233, 7.44511985779, 6.73874998093, 5.61838054657, 4.91916322708, 4.9551949501, 4.67568206787, 3.75576257706, 3.65963172913, 3.17976689339, 1.98256719112, 1.37809026241, 0.602047383785, 0.193810105324, 0.0345326215029, 0.00105292338412, 3.72834110749e-05],
        "dmean2": [0.688909828663, 4.41961956024, 12.2605886459, 14.3860816956, 13.8166131973, 14.8355455399, 14.4181079865, 18.046831131, 34.5318374634, 43.5060119629, 37.5399017334, 40.6383628845, 44.5978050232, 69.1833724976, 47.2971343994, 30.8918170929, 29.8497657776, 24.170545578, 35.6806488037, 24.2680873871, 19.5208148956, 14.2287044525, 13.0954685211, 12.205786705, 11.8520936966, 10.7410974503, 9.08934593201, 7.79376459122, 8.00626945496, 7.36149168015, 5.99002027512, 5.63846588135, 4.93670463562, 2.97343301773, 2.11627531052, 0.933509409428, 0.298165470362, 0.0544933192432, 0.00170217698906, 5.33098791493e-05],
        "dvar": [0.785078942776, 36.5643730164, 296.849517822, 370.981048584, 298.624053955, 197.768661499, 248.089050293, 476.894165039, 1608.89477539, 1427.01306152, 1336.57373047, 2134.92578125, 2375.00024414, 5864.47167969, 2395.25463867, 1002.46411133, 1121.74890137, 562.268554688, 2681.1394043, 919.078491211, 1225.8215332, 326.398498535, 291.895050049, 191.772857666, 142.438430786, 119.250434875, 103.525871277, 101.0260849, 96.6915664673, 97.9605331421, 66.3333511353, 71.626663208, 59.4860153198, 20.5973529816, 11.3668766022, 2.11893343925, 0.324458539486, 0.0122752347961, 1.54763529281e-05, 7.21647008817e-09],
        "dvar2": [0.936106562614, 64.9180831909, 773.161071777, 1013.92681885, 834.66583252, 471.543945312, 553.840698242, 1249.12451172, 4059.52392578, 3052.42114258, 2890.13769531, 4785.45019531, 5198.43017578, 12516.6123047, 5051.55712891, 2442.17016602, 2269.94433594, 1294.21984863, 7158.69189453, 2438.55249023, 3264.50854492, 858.827941895, 729.458007812, 474.677734375, 353.319519043, 296.338226318, 263.6378479, 238.157562256, 236.263793945, 222.106002808, 138.010452271, 160.610229492, 131.25227356, 42.3710098267, 23.9211883545, 4.85887670517, 0.754085600376, 0.0291678849608, 3.93777081626e-05, 1.69063625322e-08],
        "max": [7.9885969162, 44.5030288696, 113.974128723, 134.421386719, 109.637443542, 151.988616943, 201.867446899, 386.581970215, 470.823181152, 404.713134766, 488.264068604, 823.83404541, 931.909240723, 1054.79296875, 657.482910156, 420.760009766, 791.46887207, 308.547790527, 914.557189941, 429.300323486, 501.57409668, 230.580200195, 269.622192383, 181.158676147, 133.954864502, 109.53200531, 101.571128845, 95.6432189941, 91.5663146973, 91.7367706299, 76.5742263794, 97.6593780518, 81.8869628906, 49.5985145569, 35.7681007385, 13.958562851, 5.6675901413, 1.20596265793, 0.0533998124301, 0.00104919250589],
        "mean": [1.67134022713, 6.64306545258, 10.055188179, 12.1654253006, 10.4361915588, 14.7772226334, 14.1707420349, 14.4686574936, 29.0002841949, 48.7043762207, 42.3733329773, 45.900970459, 45.9801139832, 78.2664413452, 51.0170135498, 30.3783721924, 30.1300907135, 26.2273216248, 32.7930908203, 20.1594028473, 14.7325172424, 11.7068405151, 10.8702058792, 11.4612522125, 11.6416721344, 10.1520185471, 7.45264911652, 5.77231502533, 6.12922477722, 5.3241853714, 4.44062137604, 4.16922664642, 3.67967152596, 2.43164563179, 1.54180061817, 0.618645191193, 0.198939189315, 0.0333644188941, 0.000992450746708, 0.000113680609502],
        "median": [0.640076935291, 3.34790277481, 2.55087304115, 2.3223657608, 2.85081505775, 6.18334245682, 6.36337471008, 5.77617406845, 10.4121961594, 25.1258049011, 22.5784225464, 22.349319458, 23.612449646, 28.2756938934, 20.8856163025, 13.7211713791, 14.7199077606, 13.3248329163, 13.7127189636, 10.3977813721, 6.43068695068, 4.62369918823, 4.2031993866, 5.26859521866, 5.68552017212, 4.94477033615, 3.44499993324, 1.85394215584, 1.88279438019, 1.32235682011, 0.850055336952, 0.748915672302, 0.758255362511, 0.567605435848, 0.266913890839, 0.0925008133054, 0.0213851612061, 0.00192920456175, 9.96514208964e-05, 9.46447398746e-05],
        "min": [3.13184645618e-22, 5.3881381879e-21, 2.8351072658e-20, 1.16580961452e-19, 1.37614161101e-19, 1.52832772183e-19, 2.65083701622e-19, 4.48901509253e-19, 1.00699530546e-18, 1.16912942636e-18, 1.05570569699e-18, 1.55754500768e-18, 9.71678312218e-19, 2.84117287783e-18, 1.86498002063e-18, 3.37590585277e-18, 4.08244444773e-18, 3.07657669284e-18, 9.41214739183e-18, 9.09765745884e-18, 6.43180034196e-18, 7.05377440174e-18, 9.56327577128e-18, 1.42259812149e-17, 1.20189053491e-17, 1.24550354999e-17, 2.30287909715e-17, 1.43717436737e-17, 1.52646570208e-17, 1.9507130725e-17, 1.38590579572e-17, 2.37987488837e-17, 1.41567081473e-17, 1.09308526508e-17, 1.13862279858e-17, 7.85768394212e-18, 3.5621151688e-18, 1.24654980938e-18, 3.03438438114e-19, 3.42592909625e-20],
        "stdev": [2.07413125038, 9.09554958344, 17.2992973328, 20.0185260773, 16.879278183, 20.6181545258, 20.6971759796, 23.8266849518, 48.9413070679, 61.6794471741, 55.1596374512, 68.1323242188, 69.17603302, 133.462814331, 79.7044906616, 44.8132972717, 49.0143318176, 36.7699279785, 64.4185943604, 32.0508537292, 32.5381698608, 20.7026462555, 20.1368103027, 16.3456020355, 15.26121521, 13.1350564957, 10.9829483032, 10.7433347702, 10.5063171387, 10.8028316498, 9.3776140213, 9.21947860718, 8.42867660522, 5.24400138855, 3.67018294334, 1.51076936722, 0.575774550438, 0.112189568579, 0.00368369137868, 0.000102869416878],
        "var": [4.30202007294, 82.7290267944, 299.265686035, 400.741363525, 284.91003418, 425.108276367, 428.37310791, 567.7109375, 2395.25146484, 3804.35424805, 3042.58544922, 4642.01367188, 4785.32373047, 17812.3242188, 6352.80566406, 2008.23144531, 2402.40454102, 1352.02758789, 4149.75537109, 1027.25732422, 1058.73242188, 428.599578857, 405.491149902, 267.17868042, 232.904678345, 172.529708862, 120.625144958, 115.419250488, 110.382698059, 116.701164246, 87.9396438599, 84.9987945557, 71.0425872803, 27.4995498657, 13.4702425003, 2.2824242115, 0.331516325474, 0.0125864995643, 1.35695818244e-05, 1.05821174046e-08]
    },
    "gfcc": {
        "mean": [22.8150959015, 99.1933898926, -103.423370361, 22.6245002747, -56.7609863281, 24.0756931305, -27.1371269226, 18.983247757, -20.4438514709, 9.62600040436, -12.4003152847, -1.49142599106, -5.22228956223],
        "cov": [[5175.89453125, -1222.94128418, 710.705444336, 548.409729004, 59.5434646606, 358.492736816, -227.258071899, 295.003570557, -185.502044678, 267.657165527, -167.650344849, 276.15625, -329.291259766], [-1222.94128418, 1540.47973633, -231.942199707, -68.9255065918, 234.98487854, -194.360565186, 213.403152466, -204.479492188, 84.2563705444, -231.548614502, 86.4709243774, -219.447906494, 94.7456741333], [710.705444336, -231.942199707, 1307.23986816, 538.622619629, 283.73840332, 188.543395996, -44.1056671143, 238.20111084, 55.7497596741, 116.449607849, -26.6509475708, 115.11328125, -107.266227722], [548.409729004, -68.9255065918, 538.622619629, 560.934143066, 250.853179932, 93.8985443115, 31.49766922, 147.928146362, 69.3223953247, 65.6405258179, 28.682182312, 54.5711364746, -30.2114086151], [59.5434646606, 234.98487854, 283.73840332, 250.853179932, 565.399353027, 207.465408325, 272.093383789, 153.43951416, 119.291877747, 98.2876815796, 99.197517395, 71.4996643066, 38.6976356506], [358.492736816, -194.360565186, 188.543395996, 93.8985443115, 207.465408325, 337.060516357, 187.759475708, 131.117523193, 52.9978713989, 112.284477234, 45.1227493286, 70.3410720825, 6.54265451431], [-227.258071899, 213.403152466, -44.1056671143, 31.49766922, 272.093383789, 187.759475708, 364.465148926, 99.2725906372, 101.938201904, 71.4211044312, 107.394119263, 27.6344718933, 67.5760345459], [295.003570557, -204.479492188, 238.20111084, 147.928146362, 153.43951416, 131.117523193, 99.2725906372, 246.140533447, 88.6388320923, 132.325073242, 66.0772247314, 80.1117935181, 25.7119617462], [-185.502044678, 84.2563705444, 55.7497596741, 69.3223953247, 119.291877747, 52.9978713989, 101.938201904, 88.6388320923, 180.779403687, 66.7770996094, 72.8962402344, 31.8699321747, 52.2495536804], [267.657165527, -231.548614502, 116.449607849, 65.6405258179, 98.2876815796, 112.284477234, 71.4211044312, 132.325073242, 66.7770996094, 181.156692505, 66.8633041382, 75.0239715576, 25.9032535553], [-167.650344849, 86.4709243774, -26.6509475708, 28.682182312, 99.197517395, 45.1227493286, 107.394119263, 66.0772247314, 72.8962402344, 66.8633041382, 136.069595337, 41.7825241089, 62.6931037903], [276.15625, -219.447906494, 115.11328125, 54.5711364746, 71.4996643066, 70.3410720825, 27.6344718933, 80.1117935181, 31.8699321747, 75.0239715576, 41.7825241089, 138.098114014, 25.3526687622], [-329.291259766, 94.7456741333, -107.266227722, -30.2114086151, 38.6976356506, 6.54265451431, 67.5760345459, 25.7119617462, 52.2495536804, 25.9032535553, 62.6931037903, 25.3526687622, 142.224090576]],
        "icov": [[0.000418844167143, -0.0002403317485, 0.000274300487945, -0.000481902679894, 0.000203794756089, -0.000528185162693, 0.000409003609093, -0.000455832923763, 0.000556216866244, -0.00070311059244, 0.000704928126652, -0.00103439134546, 0.000888656941243], [-0.0002403317485, 0.00270372745581, -0.000793575542048, 0.000824276532512, -0.00170773710124, 0.00200662994757, -0.00161642045714, 0.00191147078294, -0.0013463323703, 0.00301184668206, -0.00266747828573, 0.00395924272016, -0.00157007749658], [0.000274300487945, -0.000793575542048, 0.00202820193954, -0.00154978863429, 9.20188977034e-05, -0.0012793156784, 0.00146504817531, -0.00155226024799, 0.000474798347568, -0.00104331981856, 0.00164668471552, -0.00201705750078, 0.00163184024859], [-0.000481902679894, 0.000824276532512, -0.00154978863429, 0.0041460362263, -0.00168006261811, 0.00119499466382, -0.000177519978024, 0.000116341761895, -0.00121417525224, 0.00176283926703, -0.00184199085925, 0.0022093935404, -0.000944436877035], [0.000203794756089, -0.00170773710124, 9.20188977034e-05, -0.00168006261811, 0.0050744144246, -0.00169372034725, -0.00148148240987, -0.00107066193596, 0.000503819203004, -0.00182118150406, 0.00137344934046, -0.00310929212719, 0.00101213762537], [-0.000528185162693, 0.00200662994757, -0.0012793156784, 0.00119499466382, -0.00169372034725, 0.00768428994343, -0.00436365464702, 0.00104841089342, -0.000658620148897, 0.000619549246039, -0.00095976627199, 0.00238431384787, -0.00115237710997], [0.000409003609093, -0.00161642045714, 0.00146504817531, -0.000177519978024, -0.00148148240987, -0.00436365464702, 0.00844137463719, -0.00220185518265, 3.83311671612e-05, -0.00109990965575, -0.000649315072224, -0.00131958420388, 0.000789791403804], [-0.000455832923763, 0.00191147078294, -0.00155226024799, 0.000116341761895, -0.00107066193596, 0.00104841089342, -0.00220185518265, 0.0106383822858, -0.00264945975505, -0.00153028569184, -0.0026172932703, 0.00210256152786, -0.0020777832251], [0.000556216866244, -0.0013463323703, 0.000474798347568, -0.00121417525224, 0.000503819203004, -0.000658620148897, 3.83311671612e-05, -0.00264945975505, 0.00969849992543, -0.00301623763517, -7.58789246902e-05, -0.00214799656533, 4.15684917243e-05], [-0.00070311059244, 0.00301184668206, -0.00104331981856, 0.00176283926703, -0.00182118150406, 0.000619549246039, -0.00109990965575, -0.00153028569184, -0.00301623763517, 0.0151711096987, -0.00635462719947, 0.00287105632015, -0.00214610830881], [0.000704928126652, -0.00266747828573, 0.00164668471552, -0.00184199085925, 0.00137344934046, -0.00095976627199, -0.000649315072224, -0.0026172932703, -7.58789246902e-05, -0.00635462719947, 0.0171018131077, -0.00648249872029, -0.000485850352561], [-0.00103439134546, 0.00395924272016, -0.00201705750078, 0.0022093935404, -0.00310929212719, 0.00238431384787, -0.00131958420388, 0.00210256152786, -0.00214799656533, 0.00287105632015, -0.00648249872029, 0.0176883973181, -0.00513059739023], [0.000888656941243, -0.00157007749658, 0.00163184024859, -0.000944436877035, 0.00101213762537, -0.00115237710997, 0.000789791403804, -0.0020777832251, 4.15684917243e-05, -0.00214610830881, -0.000485850352561, -0.00513059739023, 0.0124470600858]]
    },
    "melbands": {
        "dmean": [0.00445930333808, 0.00356603809632, 0.00146120064892, 0.000585326983128, 0.000333315896569, 0.000238998618443, 0.000327198882587, 0.000325320172124, 0.000186808727449, 0.000175919631147, 0.000145009660628, 0.000179492635652, 0.000117758871056, 6.26726832706e-05, 5.45560505998e-05, 4.48093960586e-05, 3.07340742438e-05, 3.87936415791e-05, 2.99432267639e-05, 1.92632887774e-05, 1.27576586237e-05, 9.69948541751e-06, 7.66524863138e-06, 6.51974823995e-06, 6.45374666419e-06, 5.92619653617e-06, 5.47665649719e-06, 4.96514803672e-06, 3.66220979231e-06, 3.48310345544e-06, 2.73163232123e-06, 2.61951890934e-06, 3.49897072738e-06, 2.30933437706e-06, 2.26083511734e-06, 2.00382260118e-06, 2.46184981734e-06, 2.51948085861e-06, 1.76418518549e-06, 1.63306174272e-06],
        "dmean2": [0.00494623789564, 0.0048047923483, 0.00237885303795, 0.00096008280525, 0.000518180895597, 0.000405702419812, 0.000537601124961, 0.000499706016853, 0.000286544498522, 0.000264116679318, 0.000227004129556, 0.000280078820651, 0.00018354941858, 9.5907074865e-05, 8.78504215507e-05, 6.97607902111e-05, 4.87145625812e-05, 6.35498799966e-05, 4.88123259856e-05, 3.26129702444e-05, 2.08316687349e-05, 1.62486121553e-05, 1.26305449157e-05, 1.05651051854e-05, 1.0527921404e-05, 9.36437572818e-06, 8.73662065715e-06, 8.21943194751e-06, 6.00710518484e-06, 5.70870770389e-06, 4.3882441787e-06, 4.18769877797e-06, 5.77084392717e-06, 3.55476527147e-06, 3.64693414667e-06, 3.12089832732e-06, 3.83113274438e-06, 3.95048709834e-06, 2.70631994681e-06, 2.45929550147e-06],
        "dvar": [3.8341670006e-05, 4.36050722783e-05, 9.82056735666e-06, 9.66117681855e-07, 2.82277653696e-07, 2.15954656824e-07, 3.56507172228e-07, 1.91257399251e-07, 7.81412126116e-08, 9.03216132997e-08, 6.29102814287e-08, 8.81184689661e-08, 3.45555939418e-08, 1.06187814097e-08, 1.30477388893e-08, 9.21082410343e-09, 2.76464828808e-09, 1.12400284635e-08, 5.01421659749e-09, 3.70347685852e-09, 1.53456058971e-09, 4.74882022594e-10, 2.85125867361e-10, 1.53528856295e-10, 1.47058032418e-10, 9.49898215641e-11, 7.44007425113e-11, 7.69765362563e-11, 4.15935723364e-11, 5.1747512525e-11, 3.12541069414e-11, 2.43843660541e-11, 6.02328881216e-11, 2.47085893412e-11, 2.31132404882e-11, 2.18594933821e-11, 3.99781249771e-11, 3.84683708499e-11, 1.83931914838e-11, 1.38143203474e-11],
        "dvar2": [5.16169529874e-05, 9.63709026109e-05, 2.67341019935e-05, 2.53655912275e-06, 6.40431210286e-07, 5.62376328617e-07, 9.01619159777e-07, 4.03210009381e-07, 1.6855582885e-07, 2.01573811864e-07, 1.36697167363e-07, 1.9048540878e-07, 7.25964923731e-08, 2.24045741959e-08, 2.84485714985e-08, 1.85259949603e-08, 6.53127019135e-09, 3.02515594797e-08, 1.31447173146e-08, 1.03029522691e-08, 3.9308676314e-09, 1.24666166279e-09, 7.33865579416e-10, 3.70286301621e-10, 3.68930969108e-10, 2.32300401137e-10, 1.86415397008e-10, 2.00137600936e-10, 1.08138130395e-10, 1.31786331847e-10, 7.08567440832e-11, 5.68406294255e-11, 1.55698079429e-10, 5.35877071883e-11, 5.0751503694e-11, 4.50711377942e-11, 9.44240935441e-11, 8.72009200958e-11, 3.81343429057e-11, 2.91283594467e-11],
        "max": [0.0567057840526, 0.0468991957605, 0.0212904810905, 0.00729034980759, 0.00623691082001, 0.00740959914401, 0.00651052873582, 0.00512316217646, 0.00407878682017, 0.00500072538853, 0.00455513736233, 0.003877698211, 0.00201696716249, 0.00235817837529, 0.00177129218355, 0.00257859239355, 0.000786903023254, 0.00209942506626, 0.00110555975698, 0.00116630108096, 0.000714201712981, 0.000274408346741, 0.000250561570283, 0.000131698820041, 0.000166277226526, 0.000114974864118, 8.56882979861e-05, 8.98232246982e-05, 7.94399238657e-05, 5.82688844588e-05, 5.35933613719e-05, 4.94428022648e-05, 6.686404231e-05, 5.24477181898e-05, 4.21440017817e-05, 4.78673609905e-05, 8.62029919517e-05, 7.29961466277e-05, 4.87920806336e-05, 3.91682879126e-05],
        "mean": [0.0127631658688, 0.00621597096324, 0.0020176616963, 0.00087680015713, 0.000542018155102, 0.000328506255755, 0.000460882118205, 0.000568590767216, 0.000315234734444, 0.000288880779408, 0.000222517905058, 0.000306930800434, 0.000204944735742, 9.28776280489e-05, 7.78263711254e-05, 6.26890760032e-05, 4.81178212794e-05, 5.59051404707e-05, 3.80658784707e-05, 2.21915015572e-05, 1.53568289534e-05, 1.24773414427e-05, 1.01523073681e-05, 8.63722380018e-06, 9.36396918405e-06, 8.88928207132e-06, 7.79018773756e-06, 6.68488200972e-06, 4.93768720844e-06, 3.74828823624e-06, 3.17204103339e-06, 3.34033256877e-06, 3.68521091332e-06, 2.63258448285e-06, 2.57914075519e-06, 2.35280867855e-06, 2.69481211035e-06, 2.78550828625e-06, 2.15143268179e-06, 1.98064799406e-06],
        "median": [0.00601309584454, 0.0033925443422, 0.000424331490649, 0.000326453126036, 0.000256363418885, 0.00013146866695, 0.000172736035893, 0.00027412630152, 0.000168543614564, 0.000129579508211, 0.000100883255072, 0.000108345600893, 7.41375479265e-05, 3.89704800909e-05, 2.78300030914e-05, 2.58385789493e-05, 2.00835074793e-05, 1.91182043636e-05, 1.60326017067e-05, 9.39702567848e-06, 6.005060186e-06, 4.83229086967e-06, 3.65217533727e-06, 3.41413124261e-06, 4.03425610784e-06, 4.36116943092e-06, 3.49310971615e-06, 2.92286745207e-06, 2.2726694624e-06, 1.29041779928e-06, 8.53715960147e-07, 1.05803189854e-06, 9.09682341899e-07, 5.44472868569e-07, 4.66560635459e-07, 4.17948257336e-07, 4.48675677944e-07, 5.19838067703e-07, 4.82401048885e-07, 4.59654842189e-07],
        "min": [4.09252044614e-24, 1.37050382786e-23, 1.96155880773e-23, 1.04666214788e-23, 9.15621228587e-24, 1.08379509287e-23, 1.5146227199e-23, 1.42736223978e-23, 7.82873135406e-24, 9.5197959105e-24, 4.40292774602e-24, 1.13638647727e-23, 7.80200553545e-24, 6.6908334193e-24, 9.55619710811e-24, 7.37480027881e-24, 5.30798510156e-24, 1.47101938e-23, 1.65614010645e-23, 9.15936930721e-24, 7.2760727588e-24, 6.63667890702e-24, 8.59156142713e-24, 1.01438093412e-23, 1.1792495501e-23, 8.68656867911e-24, 9.94665959037e-24, 6.8731431188e-24, 1.66443056124e-23, 1.03191313108e-23, 7.45227746376e-24, 7.65255583696e-24, 1.2206960654e-23, 9.88227591873e-24, 6.64333137103e-24, 9.92181204958e-24, 1.75455523754e-23, 1.15090112349e-23, 5.27453029943e-24, 1.0583496744e-23],
        "stdev": [0.0145424939692, 0.00843386724591, 0.00321788294241, 0.00121670542285, 0.000716146256309, 0.000510982179549, 0.000734417058993, 0.000748139515053, 0.000408270920161, 0.000443929428002, 0.000361174199497, 0.00050516956253, 0.000323738757288, 0.000163635981153, 0.000151087428094, 0.000137106224429, 7.98003748059e-05, 0.00013239881082, 7.63464922784e-05, 5.17811458849e-05, 3.91084249713e-05, 2.46624440479e-05, 1.9842549591e-05, 1.4580127754e-05, 1.39412804856e-05, 1.23941917991e-05, 1.09124639494e-05, 9.53540711635e-06, 7.15015085007e-06, 7.04810736352e-06, 6.13634210822e-06, 5.59185173188e-06, 7.47971398596e-06, 5.60387479709e-06, 5.37469168194e-06, 5.41318058822e-06, 6.47441538604e-06, 6.59749866827e-06, 4.90813090437e-06, 4.24574727731e-06],
        "var": [0.000211484119063, 7.11301108822e-05, 1.03547708932e-05, 1.48037202052e-06, 5.12865426572e-07, 2.61102798049e-07, 5.39368443242e-07, 5.59712759696e-07, 1.66685140357e-07, 1.97073333652e-07, 1.30446792923e-07, 2.55196283661e-07, 1.04806787249e-07, 2.67767337192e-08, 2.28274128489e-08, 1.87981168409e-08, 6.36809982524e-09, 1.75294463389e-08, 5.82878723066e-09, 2.68128697023e-09, 1.5294689959e-09, 6.0823612813e-10, 3.93726745651e-10, 2.12580120174e-10, 1.94359292549e-10, 1.53615994924e-10, 1.19081869365e-10, 9.09239905589e-11, 5.1124660061e-11, 4.96758190138e-11, 3.7654695334e-11, 3.12688069881e-11, 5.59461192651e-11, 3.1403414591e-11, 2.88873092114e-11, 2.93025256837e-11, 4.19180523625e-11, 4.35269910393e-11, 2.40897475579e-11, 1.80263685923e-11]
    },
    "melbands128": {
