{
"lowlevel": {
    "average_loudness": 0.868834137917,
    "barkbands_crest": {
        "dmean": 2.39276242256,
        "dmean2": 3.80974054337,
        "dvar": 4.6945734024,
        "dvar2": 11.9816789627,
        "max": 24.186542511,
        "mean": 13.1390075684,
        "median": 13.1979160309,
        "min": 4.67780256271,
        "stdev": 3.67039251328,
        "var": 13.4717817307
    },
    "barkbands_flatness_db": {
        "dmean": 0.0292198155075,
        "dmean2": 0.0452358350158,
        "dvar": 0.000787071767263,
        "dvar2": 0.00160980317742,
        "max": 0.505209207535,
        "mean": 0.318210691214,
        "median": 0.328620582819,
        "min": 0.0444304384291,
        "stdev": 0.064783193171,
        "var": 0.00419686175883
    },
    "barkbands_kurtosis": {
        "dmean": 6.71066236496,
        "dmean2": 10.6837768555,
        "dvar": 154.990280151,
        "dvar2": 348.294281006,
        "max": 208.077148438,
        "mean": 11.1570529938,
        "median": 3.84292078018,
        "min": -1.72811436653,
        "stdev": 19.4472770691,
        "var": 378.196594238
    },
    "barkbands_skewness": {
        "dmean": 0.744947493076,
        "dmean2": 1.15650296211,
        "dvar": 0.617250084877,
        "dvar2": 1.33906126022,
        "max": 11.2331495285,
        "mean": 2.14437556267,
        "median": 1.62325942516,
        "min": -2.01073122025,
        "stdev": 1.83896422386,
        "var": 3.38178944588
    },
    "barkbands_spread": {
        "dmean": 3.45722365379,
        "dmean2": 5.7471575737,
        "dvar": 57.1620864868,
        "dvar2": 152.897537231,
        "max": 70.1824035645,
        "mean": 7.42871761322,
        "median": 4.22459173203,
        "min": 0.431492269039,
        "stdev": 8.19789886475,
        "var": 67.2055511475
    },
    "dissonance": {
        "dmean": 0.0378608852625,
        "dmean2": 0.0622610114515,
        "dvar": 0.00129034917336,
        "dvar2": 0.00321164610796,
        "max": 0.499999880791,
        "mean": 0.429737538099,
        "median": 0.443211525679,
        "min": 0.212810501456,
        "stdev": 0.0549900606275,
        "var": 0.00302390684374
    },
    "dynamic_complexity": 3.28572225571,
    "erbbands_crest": {
        "dmean": 2.95008158684,
        "dmean2": 4.80809259415,
        "dvar": 6.54335641861,
        "dvar2": 16.7776947021,
        "max": 29.6379966736,
        "mean": 11.1784744263,
        "median": 10.8312158585,
        "min": 3.06373763084,
        "stdev": 3.96516442299,
        "var": 15.7225294113
    },
    "erbbands_flatness_db": {
        "dmean": 0.0199345350266,
        "dmean2": 0.0297330599278,
        "dvar": 0.000357255892595,
        "dvar2": 0.000656087999232,
        "max": 0.470699876547,
        "mean": 0.28923034668,
        "median": 0.268146127462,
        "min": 0.0852609649301,
        "stdev": 0.0820528939366,
        "var": 0.0067326775752
    },
    "erbbands_kurtosis": {
        "dmean": 1.50902974606,
        "dmean2": 2.49295544624,
        "dvar": 3.12901568413,
        "dvar2": 7.95091104507,
        "max": 21.6600189209,
        "mean": 1.84929561615,
        "median": 1.20088768005,
        "min": -1.69254744053,
        "stdev": 2.54796743393,
        "var": 6.49213838577
    },
    "erbbands_skewness": {
        "dmean": 0.516514480114,
        "dmean2": 0.8321595788,
        "dvar": 0.267955601215,
        "dvar2": 0.670866906643,
        "max": 3.85611987114,
        "mean": 0.709745585918,
        "median": 0.71848577261,
        "min": -2.77137541771,
        "stdev": 0.767417430878,
        "var": 0.588929474354
    },
    "erbbands_spread": {
        "dmean": 6.40505504608,
        "dmean2": 10.1065282822,
        "dvar": 117.201263428,
        "dvar2": 256.449249268,
        "max": 100.545249939,
        "mean": 19.0798721313,
        "median": 13.4759693146,
        "min": 1.63163197041,
        "stdev": 16.1076011658,
        "var": 259.454803467
    },
    "hfc": {
        "dmean": 3.44692540169,
        "dmean2": 5.26318645477,
        "dvar": 39.233669281,
        "dvar2": 86.8983154297,
        "max": 74.8088912964,
        "mean": 8.20636844635,
        "median": 4.05814695358,
        "min": 1.12530285806e-16,
        "stdev": 11.0545873642,
        "var": 122.203910828
    },
    "loudness_ebu128": {
        "integrated": -14.4002599716,
        "loudness_range": 7.82322120667,
        "momentary": {
            "dmean": 0.574203014374,
            "dmean2": 0.698859155178,
            "dvar": 0.309010714293,
            "dvar2": 0.338152170181,
            "max": -8.53987026215,
            "mean": -15.6129179001,
            "median": -15.5616207123,
            "min": -23.8714370728,
            "stdev": 3.18286776543,
            "var": 10.1306476593
        },
        "short_term": {
            "dmean": 0.087415330112,
            "dmean2": 0.0857268050313,
            "dvar": 0.00740177650005,
            "dvar2": 0.00579885207117,
            "max": -10.9701194763,
            "mean": -15.2505025864,
            "median": -15.3822383881,
            "min": -19.866437912,
            "stdev": 2.72868704796,
            "var": 7.44573354721
        }
    },
    "melbands_crest": {
        "dmean": 3.57231974602,
        "dmean2": 5.58274650574,
        "dvar": 10.634979248,
        "dvar2": 26.5899829865,
        "max": 38.4537315369,
        "mean": 21.9935703278,
        "median": 20.4695072174,
        "min": 2.71215605736,
        "stdev": 9.22995281219,
        "var": 85.1920318604
    },
    "melbands_flatness_db": {
        "dmean": 0.0308694392443,
        "dmean2": 0.0449900254607,
        "dvar": 0.00125781970564,
        "dvar2": 0.00240474147722,
        "max": 0.585649847984,
        "mean": 0.377789527178,
        "median": 0.390632361174,
        "min": 0.00969050917774,
        "stdev": 0.0779097378254,
        "var": 0.00606992747635
    },
    "melbands_kurtosis": {
        "dmean": 11.7445774078,
        "dmean2": 19.3084659576,
        "dvar": 1340.63330078,
        "dvar2": 3455.45703125,
        "max": 1082.19006348,
        "mean": 17.7398986816,
        "median": 4.87093448639,
        "min": -1.67879652977,
        "stdev": 44.8134078979,
        "var": 2008.24145508
    },
    "melbands_skewness": {
        "dmean": 0.908096909523,
        "dmean2": 1.42016732693,
        "dvar": 1.27908754349,
        "dvar2": 3.06337189674,
        "max": 23.6304950714,
        "mean": 2.54197001457,
        "median": 1.71785831451,
        "min": -0.947939515114,
        "stdev": 2.40491175652,
        "var": 5.78360033035
    },
    "melbands_spread": {
        "dmean": 3.58105969429,
        "dmean2": 5.87191009521,
        "dvar": 51.2298622131,
        "dvar2": 126.914649963,
        "max": 160.681243896,
        "mean": 9.05080604553,
        "median": 6.600233078,
        "min": 0.193006455898,
        "stdev": 10.7948293686,
        "var": 116.52835083
    },
    "pitch_salience": {
        "dmean": 0.0708096027374,
        "dmean2": 0.109059564769,
        "dvar": 0.00382723449729,
        "dvar2": 0.00997086521238,
        "max": 0.935138940811,
        "mean": 0.435408383608,
        "median": 0.459909558296,
        "min": 0.0923815071583,
        "stdev": 0.169285014272,
        "var": 0.0286574140191
    },
    "silence_rate_20dB": {
        "dmean": 0,
        "dmean2": 0,
        "dvar": 0,
        "dvar2": 0,
        "max": 1,
        "mean": 1,
        "median": 1,
        "min": 1,
        "stdev": 0,
        "var": 0
    },
    "silence_rate_30dB": {
        "dmean": 0.0263157896698,
        "dmean2": 0.0526723451912,
        "dvar": 0.0256231892854,
        "dvar2": 0.060742277652,
        "max": 1,
        "mean": 0.976024746895,
        "median": 1,
        "min": 0,
        "stdev": 0.152971506119,
        "var": 0.0234002824873
    },
    "silence_rate_60dB": {
        "dmean": 0.0549535602331,
        "dmean2": 0.1099922508,
        "dvar": 0.0519346296787,
        "dvar2": 0.105641156435,
        "max": 1,
        "mean": 0.0935808196664,
        "median": 0,
        "min": 0,
        "stdev": 0.291246175766,
        "var": 0.0848243311048
    },
    "spectral_centroid": {
        "dmean": 250.495254517,
        "dmean2": 391.057220459,
        "dvar": 294511.5,
        "dvar2": 615269.375,
        "max": 11365.4521484,
        "mean": 807.71685791,
        "median": 575.815002441,
        "min": 288.015106201,
        "stdev": 818.440673828,
        "var": 669845.125
    },
    "spectral_complexity": {
        "dmean": 2.63622283936,
        "dmean2": 4.19209909439,
        "dvar": 13.0688934326,
        "dvar2": 26.7671260834,
        "max": 61,
        "mean": 10.8530550003,
        "median": 9,
        "min": 0,
        "stdev": 6.34324216843,
        "var": 40.2367210388
    },
    "spectral_decrease": {
        "dmean": 2.48479303799e-09,
        "dmean2": 3.81026321605e-09,
        "dvar": 1.34482676573e-17,
        "dvar2": 2.93184175778e-17,
        "max": 2.61648145467e-29,
        "mean": -9.0744398662e-09,
        "median": -7.76294672988e-09,
        "min": -3.81897713453e-08,
        "stdev": 8.21727574873e-09,
        "var": 6.75236136705e-17
    },
    "spectral_energy": {
        "dmean": 0.00954569503665,
        "dmean2": 0.0146017987281,
        "dvar": 0.000198387700948,
        "dvar2": 0.000431710621342,
        "max": 0.146725520492,
        "mean": 0.0349933542311,
        "median": 0.0297460537404,
        "min": 1.02176895476e-20,
        "stdev": 0.0316036194563,
        "var": 0.000998788746074
    },
    "spectral_energyband_high": {
        "dmean": 0.00023305612558,
        "dmean2": 0.000412838242482,
        "dvar": 5.11891130373e-07,
        "dvar2": 1.40118925174e-06,
        "max": 0.00504101952538,
        "mean": 0.000179265756742,
        "median": 2.12008289964e-05,
        "min": 7.56748768334e-21,
        "stdev": 0.000592076394241,
        "var": 3.50554472561e-07
    },
    "spectral_energyband_low": {
        "dmean": 0.00602366635576,
        "dmean2": 0.00950682908297,
        "dvar": 0.000119988777442,
        "dvar2": 0.000255085498793,
        "max": 0.136921241879,
        "mean": 0.0203864071518,
        "median": 0.0147491004318,
        "min": 4.65103175823e-23,
        "stdev": 0.0238250102848,
        "var": 0.00056763109751
    },
    "spectral_energyband_middle_high": {
        "dmean": 0.001116010244,
        "dmean2": 0.00170432846062,
        "dvar": 9.93174307951e-06,
        "dvar2": 2.30751629715e-05,
        "max": 0.0578618533909,
        "mean": 0.00207524374127,
        "median": 0.000578436069191,
        "min": 1.37894713866e-21,
        "stdev": 0.00458608660847,
        "var": 2.10321904888e-05
    },
    "spectral_energyband_middle_low": {
        "dmean": 0.00441682385281,
        "dmean2": 0.00682860938832,
        "dvar": 9.58132295636e-05,
        "dvar2": 0.000204284850042,
        "max": 0.140137076378,
        "mean": 0.00953718833625,
        "median": 0.0045390445739,
        "min": 2.64507585876e-22,
        "stdev": 0.0156124215573,
        "var": 0.000243747708737
    },
    "spectral_entropy": {
        "dmean": 0.195663571358,
        "dmean2": 0.299274265766,
        "dvar": 0.0453354232013,
        "dvar2": 0.077199049294,
        "max": 9.81126499176,
        "mean": 6.63794231415,
        "median": 6.76477718353,
        "min": 5.1834731102,
        "stdev": 0.713484466076,
        "var": 0.50906008482
    },
    "spectral_flux": {
        "dmean": 0.0218237116933,
        "dmean2": 0.0341604687274,
        "dvar": 0.000795758096501,
        "dvar2": 0.00180722691584,
        "max": 0.312176167965,
        "mean": 0.0717593729496,
        "median": 0.0545049086213,
        "min": 6.67595353998e-11,
        "stdev": 0.0549180321395,
        "var": 0.00301599036902
    },
    "spectral_kurtosis": {
        "dmean": 12.3287229538,
        "dmean2": 21.1613903046,
        "dvar": 258.948242188,
        "dvar2": 708.740783691,
        "max": 162.707870483,
        "mean": 27.9363136292,
        "median": 10.0469102859,
        "min": -1.21804070473,
        "stdev": 33.5039634705,
        "var": 1122.515625
    },
    "spectral_rms": {
        "dmean": 0.000731844571419,
        "dmean2": 0.00108632491902,
        "dvar": 7.56647580147e-07,
        "dvar2": 1.46211834817e-06,
        "max": 0.0119643993676,
        "mean": 0.0051455819048,
        "median": 0.00538707152009,
        "min": 3.15728975082e-12,
        "stdev": 0.00276817381382,
        "var": 7.66278662923e-06
    },
    "spectral_rolloff": {
        "dmean": 182.8984375,
        "dmean2": 322.463439941,
        "dvar": 378302.125,
        "dvar2": 859259.75,
        "max": 18798.4863281,
        "mean": 580.346435547,
        "median": 473.73046875,
        "min": 43.06640625,
        "stdev": 1166.06689453,
        "var": 1359712
    },
    "spectral_skewness": {
        "dmean": 0.877996563911,
        "dmean2": 1.43896210194,
        "dvar": 0.756523430347,
        "dvar2": 2.11033630371,
        "max": 10.4445037842,
        "mean": 3.15366625786,
        "median": 2.22579789162,
        "min": -0.476186186075,
        "stdev": 2.26510310173,
        "var": 5.13069200516
    },
    "spectral_spread": {
        "dmean": 392969.09375,
        "dmean2": 595846.1875,
        "dvar": 903225999360,
        "dvar2": 1.01858226995e+12,
        "max": 41869628,
        "mean": 2394442,
        "median": 2339007.25,
        "min": 560780.75,
        "stdev": 2615612.5,
        "var": 6.84142886912e+12
    },
    "spectral_strongpeak": {
        "dmean": 0.317546725273,
        "dmean2": 0.522095322609,
        "dvar": 0.317858606577,
        "dvar2": 0.728342473507,
        "max": 6.46156311035,
        "mean": 0.512544751167,
        "median": 0.277091532946,
        "min": 0,
        "stdev": 0.789741098881,
        "var": 0.623690962791
    },
    "zerocrossingrate": {
        "dmean": 0.00459785573184,
        "dmean2": 0.00620355457067,
        "dvar": 8.95526100066e-05,
        "dvar2": 0.000109926550067,
        "max": 0.51513671875,
        "mean": 0.0227543599904,
        "median": 0.021484375,
        "min": 0.0009765625,
        "stdev": 0.0321342162788,
        "var": 0.00103260774631
    },
    "barkbands": {
        "dmean": [0.0037061329931, 0.00462849717587, 0.000438674876932, 0.000269987183856, 0.000418208917836, 0.00249755056575, 0.00161894410849, 0.000646967208013, 0.000755719782319, 0.000630087452009, 0.000404488935601, 0.000261588284047, 0.000168871993083, 8.07998512755e-05, 2.83811059489e-05, 1.98659545276e-05, 1.72414984263e-05, 1.83137653949e-05, 3.70930574718e-05, 0.000102038880868, 0.000133812907734, 2.12970717257e-05, 7.21114975022e-06, 2.85328860627e-06, 3.24408262031e-07, 1.69032094988e-08, 1.21807952613e-09],
        "dmean2": [0.00521352700889, 0.0073279789649, 0.000755994755309, 0.000457805959741, 0.000661521917209, 0.0038294182159, 0.00267022871412, 0.000959223893005, 0.00111510558054, 0.001015163376, 0.000693341891747, 0.0003938228474, 0.000273497542366, 0.000132808665512, 4.76607565361e-05, 3.3810196328e-05, 2.87624552584e-05, 2.95302743325e-05, 5.92538963247e-05, 0.000178504444193, 0.000240695400862, 3.72255344701e-05, 1.22901656141e-05, 4.84574002257e-06, 5.69722544697e-07, 2.80129803798e-08, 2.20781815052e-09],
        "dvar": [2.90935258818e-05, 0.000100358694908, 2.5533115604e-06, 6.62434615606e-07, 7.46254102069e-07, 3.71180358343e-05, 3.27671732521e-05, 9.85301539913e-06, 3.54304233952e-06, 6.06898311162e-06, 3.50243522007e-06, 8.52955793107e-07, 3.86256800766e-07, 6.90419312832e-08, 1.7596381241e-08, 7.1329573359e-09, 7.41976569074e-09, 5.30018473555e-09, 1.53125192526e-08, 8.64407780909e-08, 1.82816904726e-07, 4.34272928729e-09, 4.8272946751e-10, 7.21875059728e-11, 2.33198486563e-12, 2.85309258586e-14, 4.92423348349e-18],
        "dvar2": [6.17434488959e-05, 0.000217044202145, 6.86846306053e-06, 1.72105023921e-06, 1.89116281035e-06, 7.50093095121e-05, 7.92690843809e-05, 1.94679378183e-05, 8.03175953479e-06, 1.60303770826e-05, 9.26380926103e-06, 1.74282604348e-06, 8.33441617942e-07, 1.67154411201e-07, 4.91623985965e-08, 2.01874232886e-08, 2.03802326126e-08, 1.38876421474e-08, 3.76046358497e-08, 2.32474249628e-07, 5.10035476964e-07, 1.18853265008e-08, 1.28201260718e-09, 1.87897947201e-10, 6.44792899629e-12, 7.93506834676e-14, 1.2968672474e-17],
        "max": [0.0690323784947, 0.117274142802, 0.0197953544557, 0.0102905426174, 0.0127129685134, 0.0817194879055, 0.111356392503, 0.0949207246304, 0.0432313196361, 0.0496978722513, 0.0355031713843, 0.0171691235155, 0.0140967480838, 0.00430527562276, 0.00211940915324, 0.00130068720318, 0.00132102065254, 0.00106912583578, 0.00156541983597, 0.00214752578177, 0.00311100762337, 0.00064418715192, 0.000203878880711, 9.38273296924e-05, 3.056958667e-05, 4.79198934045e-06, 5.37779953902e-08],
        "mean": [0.0126835983247, 0.0101099880412, 0.000524934672285, 0.000314873614116, 0.000694976013619, 0.00375866424292, 0.002233954845, 0.000970920315012, 0.00132544082589, 0.000848750583827, 0.00048380199587, 0.000362659106031, 0.000217091612285, 0.000107798674435, 3.61280399375e-05, 2.62252597167e-05, 2.30565128732e-05, 2.23296865443e-05, 4.08088999393e-05, 8.55253238115e-05, 9.63010970736e-05, 1.6960711946e-05, 5.9352291828e-06, 2.32908337239e-06, 2.97298896612e-07, 1.53526169555e-08, 1.0734452216e-09],
        "median": [0.00889675412327, 0.00537860626355, 6.61494705128e-05, 5.83359578741e-05, 0.000396205869038, 0.00163272302598, 0.000702088989783, 0.000161500094691, 0.00068021484185, 0.000260989007074, 5.26486037415e-05, 6.89432417857e-05, 2.18077548197e-05, 3.18161437463e-05, 7.0396645242e-06, 5.47522631678e-06, 3.46455794897e-06, 1.8358990701e-06, 3.76954540116e-06, 1.15742850539e-05, 1.04437385744e-05, 1.44993919093e-06, 4.40666781287e-07, 1.36115474447e-07, 4.5384709324e-09, 4.55641080421e-10, 2.72467021167e-10],
        "min": [1.78054524614e-24, 6.84288556992e-24, 7.15782329797e-24, 2.64894001501e-23, 2.22886006561e-23, 5.07300907588e-24, 2.72724420229e-24, 2.63285987432e-23, 7.28209965612e-24, 2.83972318504e-23, 1.97820471946e-23, 4.97158601815e-23, 9.71904844898e-23, 9.85008076969e-23, 7.84237612337e-23, 7.82911947363e-23, 1.10529421889e-22, 8.79159288687e-23, 2.2110559483e-22, 2.40771657383e-22, 2.77804095179e-22, 4.07870698682e-22, 4.73590536613e-22, 7.13231535438e-22, 1.12227083373e-21, 1.55715094336e-21, 2.23702030156e-21],
        "stdev": [0.01416864153, 0.0159031003714, 0.00153970904648, 0.000910214905161, 0.00104318675585, 0.00793490000069, 0.00716229667887, 0.00495834182948, 0.00261152535677, 0.00249419687316, 0.00209071184509, 0.00114515377209, 0.000824689457659, 0.000281072047073, 0.000128146799398, 9.0540634119e-05, 9.20770835364e-05, 8.54023746797e-05, 0.000142373202834, 0.000255094026215, 0.000341930630384, 5.64043948543e-05, 1.96202618099e-05, 7.71517170506e-06, 1.42774717915e-06, 1.41054130154e-07, 2.71253552953e-09],
        "var": [0.000200750408112, 0.000252908619586, 2.37070412368e-06, 8.28491124594e-07, 1.08823871869e-06, 6.29626447335e-05, 5.12984915986e-05, 2.45851533691e-05, 6.82006520947e-06, 6.22101788395e-06, 4.37107564721e-06, 1.31137721837e-06, 6.80112691498e-07, 7.90014951235e-08, 1.64216018561e-08, 8.19760703763e-09, 8.47818970584e-09, 7.29356530726e-09, 2.02701269103e-08, 6.50729603535e-08, 1.16916559989e-07, 3.1814557655e-09, 3.84954707e-10, 5.95238719425e-11, 2.03846184724e-12, 1.98962686062e-14, 7.35784930364e-18]
    },
    "erbbands": {
        "dmean": [0.305672734976, 0.600048840046, 0.592261373997, 0.691257297993, 0.815648913383, 1.74978590012, 7.0320353508, 26.4778633118, 28.0981674194, 15.9870300293, 10.5683736801, 13.9935541153, 21.9132099152, 17.5012607574, 13.8598012924, 10.741314888, 7.44873142242, 4.69318532944, 2.02654218674, 1.35947275162, 0.991177558899, 0.986309587955, 0.906029284, 1.32640528679, 2.24338555336, 6.31932592392, 7.40604352951, 2.3616771698, 0.857261180878, 0.432439029217, 0.16160851717, 0.0799881666899, 0.0340256392956, 0.00620207330212, 0.00158490333706, 0.000230381410802, 1.58617276611e-05, 1.85100986982e-06, 4.42708369519e-06, 1.04715163616e-05],
        "dmean2": [0.506273508072, 0.978423833847, 0.973771452904, 1.17331397533, 1.39428460598, 2.80713915825, 11.046541214, 40.3587226868, 46.4954299927, 24.5127925873, 15.171374321, 20.7581481934, 34.1131286621, 26.9606990814, 22.5743942261, 16.2700481415, 11.8066530228, 7.49383068085, 3.41016840935, 2.31299757957, 1.65278589725, 1.64778053761, 1.4952750206, 2.06519412994, 3.67747497559, 11.1768074036, 13.3156709671, 4.21637535095, 1.50580072403, 0.750897586346, 0.271595299244, 0.134993866086, 0.0584443062544, 0.0107660191134, 0.00275961263105, 0.00040062062908, 2.5487937819e-05, 3.12245333589e-06, 6.66583400744e-06, 1.5947754946e-05],
        "dvar": [0.39000377059, 2.70606184006, 4.53300714493, 4.72295284271, 4.34573888779, 16.2921981812, 367.949890137, 4885.92285156, 9531.31542969, 3420.73144531, 1691.9309082, 2542.23754883, 3278.90258789, 5508.62988281, 3659.25317383, 1476.93652344, 716.633972168, 195.660308838, 56.6451377869, 37.1551780701, 18.5272274017, 27.6456413269, 16.5130271912, 22.9706516266, 45.906578064, 354.015167236, 544.830505371, 55.5233955383, 7.08529949188, 1.78269124031, 0.230301618576, 0.058716788888, 0.00984820351005, 0.000451306957984, 0.000111828419904, 5.65583968637e-06, 1.25059003153e-08, 1.96219360205e-11, 3.97609063729e-11, 2.35908764745e-10],
        "dvar2": [0.996195971966, 5.75623226166, 11.8502864838, 12.2494697571, 11.8351631165, 41.4437141418, 803.549743652, 9968.73632812, 22934.9921875, 7130.63134766, 3007.96166992, 6147.1953125, 8751.84863281, 13861.0097656, 9388.54882812, 3026.67773438, 1582.26831055, 478.295227051, 155.978973389, 103.916946411, 50.897567749, 78.6687088013, 45.600605011, 56.708442688, 114.171112061, 963.226074219, 1514.62744141, 154.078292847, 19.3992385864, 4.77473258972, 0.601486504078, 0.150567352772, 0.0262354202569, 0.00122922845185, 0.000315068522468, 1.6022067939e-05, 3.33840795008e-08, 5.03917498007e-11, 8.59748036652e-11, 5.1251475286e-10],
        "max": [6.40856027603, 18.0559692383, 27.8678760529, 23.6594276428, 23.4475631714, 68.261100769, 320.385101318, 1006.09020996, 2026.97766113, 913.006896973, 1438.45605469, 1178.47058105, 793.876220703, 1923.25256348, 1065.55163574, 616.883911133, 545.890930176, 232.15246582, 107.634353638, 103.348960876, 59.7774505615, 84.1519317627, 61.6011009216, 67.8535995483, 85.7767028809, 142.15852356, 164.595657349, 51.3636245728, 23.1806678772, 11.0248355865, 4.15065383911, 2.87189698219, 0.852198123932, 0.25451746583, 0.255338102579, 0.0650795549154, 0.00333242677152, 0.000103033555206, 6.93547481205e-05, 0.000164256271091],
        "mean": [0.68207681179, 0.895129799843, 0.790373682976, 0.853966832161, 1.06179010868, 2.9354300499, 10.3212251663, 38.8914794922, 39.3960609436, 24.3036594391, 17.5272922516, 23.5197353363, 36.1974372864, 26.1084022522, 18.831817627, 14.9764280319, 10.1959609985, 6.66980171204, 2.64366388321, 1.82856810093, 1.31737589836, 1.28792309761, 1.1964328289, 1.59854876995, 2.37571263313, 5.04559803009, 5.41095018387, 1.76919174194, 0.681475818157, 0.35437142849, 0.136605367064, 0.0659829825163, 0.027778595686, 0.00563677260652, 0.00140389613807, 0.000216224652831, 2.46530253207e-05, 2.87516832032e-06, 1.63642926054e-05, 3.85840357922e-05],
        "median": [0.445802628994, 0.213778600097, 0.118538886309, 0.167815044522, 0.393968433142, 1.70120215416, 3.67331838608, 16.3692893982, 14.2962722778, 6.34065151215, 3.97676086426, 9.82343101501, 18.61469841, 6.8356051445, 2.9783911705, 2.30074572563, 1.1318269968, 1.84022784233, 0.459696292877, 0.345147073269, 0.302771955729, 0.204651385546, 0.126835808158, 0.13479578495, 0.243635609746, 0.681401610374, 0.593492388725, 0.189294114709, 0.0610944963992, 0.0264765862375, 0.0103287026286, 0.00426663644612, 0.00147032120731, 0.000176049492438, 3.84480845241e-05, 2.02999690373e-05, 1.06727648017e-05, 1.30359751438e-06, 1.39940939334e-05, 3.28526075464e-05],
        "min": [1.27595802795e-22, 2.29879772823e-21, 1.25981311736e-20, 4.75254197562e-20, 8.8233501247e-20, 6.98155300396e-20, 5.76253305784e-20, 4.829894672e-20, 5.3709522182e-20, 2.25234973546e-19, 4.2495248502e-19, 2.59373492908e-19, 6.29396092924e-19, 1.36264636611e-18, 9.88628276945e-19, 2.58131532917e-18, 4.06295359095e-18, 5.37733779404e-18, 4.47798029636e-18, 3.92202807076e-18, 2.86267006118e-18, 6.51338682014e-18, 6.37859773932e-18, 1.00720571953e-17, 1.11377313492e-17, 9.13241972408e-18, 1.16948689246e-17, 1.26021669426e-17, 1.31778267463e-17, 1.2673179571e-17, 1.47995234362e-17, 1.36115820615e-17, 1.33371599302e-17, 9.73250699844e-18, 9.00673293873e-18, 5.22695801304e-18, 2.57562701489e-18, 1.17381002786e-18, 3.00965814318e-19, 3.26781869204e-20],
        "stdev": [0.946399748325, 2.05214953423, 2.09203195572, 2.211997509, 2.22934556007, 4.69741249084, 24.1767635345, 88.6939239502, 118.765060425, 82.5967407227, 72.1045150757, 63.9507522583, 67.6245803833, 80.263343811, 73.883026123, 47.7437019348, 35.2448959351, 15.9011163712, 7.74417638779, 6.47683811188, 4.56712818146, 5.31845664978, 4.64886665344, 5.8380241394, 7.53261756897, 15.8295688629, 18.7743225098, 6.06995677948, 2.2712199688, 1.18208491802, 0.436877191067, 0.220237344503, 0.0900410041213, 0.0210785977542, 0.00906153116375, 0.0019078925252, 0.000102697085822, 4.94505138704e-06, 1.46100337588e-05, 3.4694752685e-05],
        "var": [0.895672440529, 4.21131801605, 4.37659788132, 4.89293289185, 4.96998119354, 22.0656833649, 584.515930176, 7866.61230469, 14105.1386719, 6822.22119141, 5199.06054688, 4089.69848633, 4573.08398438, 6442.20410156, 5458.70166016, 2279.46118164, 1242.20275879, 252.845489502, 59.9722709656, 41.949432373, 20.8586578369, 28.2859802246, 21.6119594574, 34.0825271606, 56.7403259277, 250.575256348, 352.475189209, 36.8443756104, 5.15843963623, 1.39732480049, 0.190861672163, 0.0485044904053, 0.00810738280416, 0.000444307253929, 8.21113426355e-05, 3.64005381925e-06, 1.05466915201e-08, 2.44535312138e-11, 2.13453088538e-10, 1.20372578571e-09]
    },
    "gfcc": {
        "mean": [-150.613876343, 190.237197876, -133.265563965, 5.41996717453, -69.5197372437, -17.5644836426, -1.03743267059, -17.0157165527, -2.39434933662, -5.88536739349, 9.2293176651, -8.18422031403, 13.9323654175],
        "cov": [[12793.0097656, -836.537353516, -458.130767822, 2907.98095703, -126.103607178, 1593.52209473, 1161.72619629, 649.047668457, 547.38861084, 911.852844238, 846.676208496, 137.284790039, 467.196075439], [-836.537353516, 974.488220215, -120.1588974, -1009.19689941, 52.1968612671, -471.204223633, -285.233459473, -264.522521973, -131.644989014, -224.545639038, -193.967651367, -21.8326892853, -100.062400818], [-458.130767822, -120.1588974, 700.003967285, 524.665466309, 162.974761963, 182.056732178, 304.661895752, 91.6528396606, 111.040473938, 131.362075806, 99.9401092529, 39.1811523438, 57.245967865], [2907.98095703, -1009.19689941, 524.665466309, 2167.68212891, 169.980209351, 862.166503906, 836.588806152, 409.216827393, 383.814178467, 449.403381348, 457.773956299, 64.3691253662, 272.170532227], [-126.103607178, 52.1968612671, 162.974761963, 169.980209351, 313.946960449, 101.540634155, 145.043716431, 62.6441459656, 77.5387573242, 54.4255523682, 37.9047584534, 29.5412940979, 12.4270114899], [1593.52209473, -471.204223633, 182.056732178, 862.166503906, 101.540634155, 544.464660645, 383.594421387, 207.460891724, 173.329498291, 265.887817383, 223.291778564, 39.4504165649, 109.04158783], [1161.72619629, -285.233459473, 304.661895752, 836.588806152, 145.043716431, 383.594421387, 527.441894531, 193.373458862, 203.440673828, 229.764968872, 206.859420776, 54.3827209473, 134.866973877], [649.047668457, -264.522521973, 91.6528396606, 409.216827393, 62.6441459656, 207.460891724, 193.373458862, 211.651092529, 103.656646729, 107.319076538, 88.4043502808, 24.1669311523, 46.5423355103], [547.38861084, -131.644989014, 111.040473938, 383.814178467, 77.5387573242, 173.329498291, 203.440673828, 103.656646729, 167.757110596, 122.006340027, 99.5925140381, 37.7921180725, 70.1244049072], [911.852844238, -224.545639038, 131.362075806, 449.403381348, 54.4255523682, 265.887817383, 229.764968872, 107.319076538, 122.006340027, 213.116729736, 157.574462891, 39.9621925354, 69.8636932373], [846.676208496, -193.967651367, 99.9401092529, 457.773956299, 37.9047584534, 223.291778564, 206.859420776, 88.4043502808, 99.5925140381, 157.574462891, 186.510238647, 47.574672699, 71.6180496216], [137.284790039, -21.8326892853, 39.1811523438, 64.3691253662, 29.5412940979, 39.4504165649, 54.3827209473, 24.1669311523, 37.7921180725, 39.9621925354, 47.574672699, 64.6813430786, 34.7968788147], [467.196075439, -100.062400818, 57.245967865, 272.170532227, 12.4270114899, 109.04158783, 134.866973877, 46.5423355103, 70.1244049072, 69.8636932373, 71.6180496216, 34.7968788147, 91.9571380615]],
        "icov": [[0.000443325494416, -0.00140434282366, 0.000990008586086, -0.00116338243242, 0.000855681952089, -0.000861336826347, 0.00035227110493, -0.000935091695283, 0.000929860631004, -0.00154988572467, 0.000749856466427, -0.000872963515576, 0.00012364583381], [-0.00140434282366, 0.00795053970069, -0.00337265525013, 0.00569408293813, -0.00408273376524, 0.00383395864628, -0.00274519762024, 0.00517803011462, -0.004469207488, 0.00650184042752, -0.00443992484361, 0.00452187377959, -0.00134120439179], [0.000990008586086, -0.00337265525013, 0.0044947899878, -0.00345747009851, 0.00137123337481, -0.00110706663691, -0.000296829501167, -0.00173308514059, 0.00274016801268, -0.00481462711468, 0.00312713044696, -0.00334976287559, 0.00157569441944], [-0.00116338243242, 0.00569408293813, -0.00345747009851, 0.00681688683107, -0.00270938989706, 0.000881018466316, -0.0026978016831, 0.00268860859796, -0.00445911521092, 0.00706505589187, -0.00637175049633, 0.00644489191473, -0.00344349327497], [0.000855681952089, -0.00408273376524, 0.00137123337481, -0.00270938989706, 0.00658106105402, -0.00287400279194, 0.000155006215209, -0.00267712329514, 0.000656087824609, -0.00262444303371, 0.00278119882569, -0.00407425267622, 0.00289101176895], [-0.000861336826347, 0.00383395864628, -0.00110706663691, 0.000881018466316, -0.00287400279194, 0.0102621372789, -0.00207603862509, 0.000865624868311, -0.000378028926207, -0.00288693420589, -0.00154203386046, 0.00240823929198, 0.000227188807912], [0.00035227110493, -0.00274519762024, -0.000296829501167, -0.0026978016831, 0.000155006215209, -0.00207603862509, 0.00868624914438, -0.00293321581557, -0.000323452084558, -0.0029531151522, 0.000550494994968, -0.000509064586367, -0.00316725322045], [-0.000935091695283, 0.00517803011462, -0.00173308514059, 0.00268860859796, -0.00267712329514, 0.000865624868311, -0.00293321581557, 0.0125415222719, -0.00525986403227, 0.0041953669861, -0.000925187079702, 0.000608211441431, 0.0021102046594], [0.000929860631004, -0.004469207488, 0.00274016801268, -0.00445911521092, 0.000656087824609, -0.000378028926207, -0.000323452084558, -0.00525986403227, 0.01805296354, -0.00947890151292, 0.00449162814766, -0.00505170458928, -0.00275099929422], [-0.00154988572467, 0.00650184042752, -0.00481462711468, 0.00706505589187, -0.00262444303371, -0.00288693420589, -0.0029531151522, 0.0041953669861, -0.00947890151292, 0.0269998740405, -0.0143665112555, 0.00523648131639, -0.00105578056537], [0.000749856466427, -0.00443992484361, 0.00312713044696, -0.00637175049633, 0.00278119882569, -0.00154203386046, 0.000550494994968, -0.000925187079702, 0.00449162814766, -0.0143665112555, 0.0242444574833, -0.012042414397, 0.00254912977107], [-0.000872963515576, 0.00452187377959, -0.00334976287559, 0.00644489191473, -0.00407425267622, 0.00240823929198, -0.000509064586367, 0.000608211441431, -0.00505170458928, 0.00523648131639, -0.012042414397, 0.0298266895115, -0.0115343658254], [0.00012364583381, -0.00134120439179, 0.00157569441944, -0.00344349327497, 0.00289101176895, 0.000227188807912, -0.00316725322045, 0.0021102046594, -0.00275099929422, -0.00105578056537, 0.00254912977107, -0.0115343658254, 0.0261943526566]]
    },
    "melbands": {
        "dmean": [0.00190156733152, 0.000417463365011, 0.000116962066386, 8.03576258477e-05, 0.000205895732506, 0.000560195767321, 0.00040195978363, 0.000169665552676, 7.8064193076e-05, 0.000103708283859, 0.000111884211947, 7.43616328691e-05, 5.1210350648e-05, 3.29676331603e-05, 2.53758880717e-05, 1.36108192237e-05, 8.28527026897e-06, 3.76159027837e-06, 2.15554746319e-06, 1.61099683282e-06, 1.10108453555e-06, 1.12159364107e-06, 8.05247225344e-07, 8.8754012495e-07, 1.10571409095e-06, 1.4851866581e-06, 2.07003949981e-06, 4.46841886514e-06, 5.35753815711e-06, 2.49220875048e-06, 9.93246658254e-07, 5.12491396876e-07, 2.9168828064e-07, 2.15141511717e-07, 1.03999227008e-07, 5.22373149181e-08, 4.85930726768e-08, 2.93193185286e-08, 9.68125490886e-09, 3.49187723181e-09],
        "dmean2": [0.00307764764875, 0.000639058125671, 0.000196575128939, 0.000132590110297, 0.000326883047819, 0.000850914977491, 0.000660287390929, 0.00025680361432, 0.000113183348731, 0.000156089299708, 0.000174728236743, 0.000115123060823, 8.7814485596e-05, 4.96330976603e-05, 4.12069784943e-05, 2.22368980758e-05, 1.34423953568e-05, 6.32464980299e-06, 3.60344506589e-06, 2.80598055724e-06, 1.79755090812e-06, 1.91168214769e-06, 1.37337326578e-06, 1.43231034144e-06, 1.7559727894e-06, 2.34623053075e-06, 3.56115106115e-06, 7.90757439972e-06, 9.72390807874e-06, 4.36444770457e-06, 1.78673121809e-06, 9.01708290257e-07, 4.99904615481e-07, 3.75954556375e-07, 1.74022318333e-07, 8.8565968781e-08, 8.29368573818e-08, 5.08879125505e-08, 1.65665952068e-08, 6.10399597534e-09],
        "dvar": [1.41138289109e-05, 1.47404864492e-06, 1.26939838196e-07, 3.13470600588e-08, 2.7649605272e-07, 1.98436714527e-06, 1.76836499577e-06, 4.62521853706e-07, 8.54673771755e-08, 1.09216912847e-07, 8.84222473019e-08, 1.01429293409e-07, 5.43553184684e-08, 1.2312452391e-08, 1.27636798908e-08, 2.17139373149e-09, 7.06454672539e-10, 1.86467619123e-10, 9.43265049402e-11, 5.34750889403e-11, 2.13096797153e-11, 3.43660135071e-11, 1.72695607814e-11, 1.17699175059e-11, 1.707506532e-11, 2.39545727004e-11, 3.25293646186e-11, 1.77977271809e-10, 2.90580864926e-10, 5.79303063852e-11, 1.03443538457e-11, 2.54994658201e-12, 8.02515497632e-13, 4.61590726579e-13, 9.70650697405e-14, 2.44054620534e-14, 2.35649139904e-14, 7.4965990311e-15, 8.84574612147e-16, 2.04651550977e-16],
        "dvar2": [3.37770870829e-05, 3.22777827932e-06, 3.3195630067e-07, 8.19677339337e-08, 6.13345093825e-07, 4.0409504436e-06, 4.24838071922e-06, 9.37543688906e-07, 1.57054586225e-07, 2.67571834911e-07, 2.36121579178e-07, 2.54333826888e-07, 1.43499391925e-07, 2.59828230043e-08, 2.78489160621e-08, 5.37643263243e-09, 1.70445102476e-09, 5.09688513617e-10, 2.63215949037e-10, 1.54329063418e-10, 5.61523709475e-11, 9.75460684449e-11, 5.15773951326e-11, 2.80365522465e-11, 4.39193334478e-11, 5.74039982215e-11, 8.7168730567e-11, 4.80770145916e-10, 8.15603529158e-10, 1.56627169567e-10, 2.90854389184e-11, 7.05917182348e-12, 2.11721395624e-12, 1.24657781927e-12, 2.53899982636e-13, 6.32819805672e-14, 6.13555294895e-14, 2.01732297452e-14, 2.38643676658e-15, 5.61238842774e-16],
        "max": [0.0410952717066, 0.0142869353294, 0.00404606992379, 0.00291052693501, 0.00843014288694, 0.0195956621319, 0.0272896643728, 0.0146900722757, 0.00944196339697, 0.00783320236951, 0.0042496076785, 0.00830118916929, 0.00387203111313, 0.00231989799067, 0.00184310076293, 0.000800852372777, 0.000452509935712, 0.000166351048392, 0.00014956438099, 0.000118996496894, 7.09751038812e-05, 8.64913527039e-05, 6.89726293785e-05, 4.87319593958e-05, 5.87998656556e-05, 6.42579325358e-05, 4.90612619615e-05, 0.00010324647883, 0.000123122605146, 5.63410867471e-05, 2.53974994848e-05, 1.48903473018e-05, 8.74338638823e-06, 6.53487586533e-06, 2.95668337458e-06, 1.28270482946e-06, 2.21175514525e-06, 6.83230382492e-07, 3.23803561741e-07, 1.88332109019e-07],
        "mean": [0.00524715287611, 0.000599598162808, 0.000152316541062, 0.000126237457152, 0.000314092292683, 0.000837579776999, 0.000570797012188, 0.000256220781012, 0.000126775776152, 0.000174183791387, 0.000181620038347, 0.000106776307803, 6.51705049677e-05, 4.56122397736e-05, 3.16479490721e-05, 1.84462223842e-05, 1.13850583148e-05, 4.44207262262e-06, 2.74992066807e-06, 2.09069708035e-06, 1.39476605909e-06, 1.38160714869e-06, 1.06528591459e-06, 1.10379835405e-06, 1.27248995341e-06, 1.64596917784e-06, 1.9196249923e-06, 3.52624124389e-06, 3.83995757147e-06, 1.88933745449e-06, 7.34151115012e-07, 3.99836693532e-07, 2.46049239649e-07, 1.72913715346e-07, 8.68086189598e-08, 4.42857910343e-08, 3.8566746241e-08, 2.33212897882e-08, 8.41302316701e-09, 3.20792925557e-09],
        "median": [0.00358167127706, 9.51019537752e-05, 3.40615624737e-05, 6.89230582793e-05, 0.000121950499306, 0.000355997995939, 0.000209133315366, 5.75404592382e-05, 2.81512111542e-05, 8.11434147181e-05, 9.45681749727e-05, 2.63903639279e-05, 8.62421893544e-06, 9.03548607312e-06, 1.96595283342e-06, 3.28340865963e-06, 3.11360281557e-06, 6.2869020212e-07, 5.36690833997e-07, 3.7041453993e-07, 3.17786629012e-07, 2.10087165442e-07, 1.27803772898e-07, 9.2684516062e-08, 1.00069307507e-07, 1.46929437506e-07, 2.26868607456e-07, 4.57946725874e-07, 4.17528696062e-07, 1.96544732489e-07, 7.34349825393e-08, 3.38432677438e-08, 2.0265545686e-08, 1.20784413582e-08, 6.2693659153e-09, 3.22176130219e-09, 2.29372520977e-09, 1.21802279374e-09, 2.59526539148e-10, 5.14788107975e-11],
        "min": [2.11267185888e-24, 7.18407816662e-24, 1.52630701208e-23, 5.58622186486e-24, 2.05823828706e-24, 1.09395700183e-24, 6.88276110817e-25, 3.29886957751e-24, 3.24478014625e-24, 1.20407823711e-24, 3.06410733313e-24, 4.13718101743e-24, 2.80362861766e-24, 6.13647285664e-24, 6.30413814229e-24, 9.59934543305e-24, 9.96552914322e-24, 7.24317094817e-24, 6.05090826969e-24, 4.66663684688e-24, 2.18771836617e-24, 6.32552100599e-24, 5.825307067e-24, 5.39325504896e-24, 7.92463080773e-24, 6.81749055966e-24, 8.14718897947e-24, 5.80265808155e-24, 7.58191255403e-24, 6.27777874958e-24, 7.41921314778e-24, 7.49895041922e-24, 7.78891991076e-24, 5.31581730706e-24, 8.50033912977e-24, 8.64346374153e-24, 7.41809375415e-24, 8.99640878799e-24, 9.56403917437e-24, 6.94249661414e-24],
        "stdev": [0.00662797316909, 0.00143323873635, 0.000370172550902, 0.00019956419419, 0.000675340706948, 0.00182409957051, 0.00167154695373, 0.00100842735264, 0.000491202052217, 0.000413460511481, 0.00034158345079, 0.000338433746947, 0.000267430034, 0.000141140670166, 0.000130313186673, 5.76934362471e-05, 2.91608066618e-05, 1.37702018037e-05, 9.74316935753e-06, 7.69240887166e-06, 4.91541595693e-06, 5.86627265875e-06, 4.33387504017e-06, 4.14503483626e-06, 4.81819688503e-06, 5.65336586078e-06, 5.56711029276e-06, 1.12230736704e-05, 1.35312548082e-05, 6.35703099761e-06, 2.58596014646e-06, 1.35503671572e-06, 7.98965970716e-07, 5.94444372837e-07, 2.82300050003e-07, 1.41682235721e-07, 1.36020432251e-07, 7.66081313941e-08, 2.87518773234e-08, 1.42234179989e-08],
        "var": [4.39300310973e-05, 2.05417336474e-06, 1.37027711844e-07, 3.98258670486e-08, 4.56085075484e-07, 3.32733907271e-06, 2.79406935988e-06, 1.01692580756e-06, 2.41279479951e-07, 1.70949604694e-07, 1.16679245821e-07, 1.14537392903e-07, 7.15188193112e-08, 1.99206890983e-08, 1.69815272955e-08, 3.32853256069e-09, 8.50352677162e-10, 1.89618459823e-10, 9.49293560426e-11, 5.9173152489e-11, 2.41613153096e-11, 3.44131563523e-11, 1.87824738401e-11, 1.71813136635e-11, 2.3215020184e-11, 3.19605453214e-11, 3.09927153386e-11, 1.25957383412e-10, 1.83094844841e-10, 4.041184401e-11, 6.68719029803e-12, 1.83612435152e-12, 6.38346580456e-13, 3.53364120733e-13, 7.96933184591e-14, 2.00738558398e-14, 1.85015577078e-14, 5.86880584142e-15, 8.26670434021e-16, 2.02305627055e-16]
    },
    "melbands128": {
