{
"lowlevel": {
    "average_loudness": 0.961239218712,
    "barkbands_crest": {
        "dmean": 2.34532666206,
        "dmean2": 3.56276297569,
        "dvar": 7.07104635239,
        "dvar2": 13.7965602875,
        "max": 26.0585651398,
        "mean": 12.4331827164,
        "median": 11.4832315445,
        "min": 2.92083501816,
        "stdev": 5.08496236801,
        "var": 25.8568439484
    },
    "barkbands_flatness_db": {
        "dmean": 0.0233958270401,
        "dmean2": 0.0330245010555,
        "dvar": 0.000823423848487,
        "dvar2": 0.00133054109756,
        "max": 0.42454752326,
        "mean": 0.164457663894,
        "median": 0.158475548029,
        "min": 0.0305758398026,
        "stdev": 0.0538226366043,
        "var": 0.0028968763072
    },
    "barkbands_kurtosis": {
        "dmean": 5.4665813446,
        "dmean2": 8.05726051331,
        "dvar": 299.28616333,
        "dvar2": 709.397705078,
        "max": 463.406036377,
        "mean": 9.40571689606,
        "median": 4.12724399567,
        "min": -1.91611075401,
        "stdev": 22.0157260895,
        "var": 484.692230225
    },
    "barkbands_skewness": {
        "dmean": 0.639295101166,
        "dmean2": 0.901196777821,
        "dvar": 0.817444682121,
        "dvar2": 1.64029419422,
        "max": 17.5654697418,
        "mean": 2.05827665329,
        "median": 1.7895501852,
        "min": -2.00697112083,
        "stdev": 1.69481825829,
        "var": 2.87240886688
    },
    "barkbands_spread": {
        "dmean": 4.84987831116,
        "dmean2": 7.21486330032,
        "dvar": 55.5463066101,
        "dvar2": 109.561279297,
        "max": 89.1018447876,
        "mean": 18.3900547028,
        "median": 16.3004570007,
        "min": 0.267557471991,
        "stdev": 12.2283229828,
        "var": 149.53187561
    },
    "dissonance": {
        "dmean": 0.0252941027284,
        "dmean2": 0.0414424501359,
        "dvar": 0.00053482351359,
        "dvar2": 0.00131599092856,
        "max": 0.500000059605,
        "mean": 0.443087339401,
        "median": 0.448613852262,
        "min": 0.252794772387,
        "stdev": 0.0373729430139,
        "var": 0.00139673694503
    },
    "dynamic_complexity": 2.11535573006,
    "erbbands_crest": {
        "dmean": 2.85256767273,
        "dmean2": 4.27547216415,
        "dvar": 7.52654027939,
        "dvar2": 16.184431076,
        "max": 29.9512748718,
        "mean": 11.7203817368,
        "median": 10.3719291687,
        "min": 2.52650594711,
        "stdev": 5.569480896,
        "var": 31.0191173553
    },
    "erbbands_flatness_db": {
        "dmean": 0.0162628237158,
        "dmean2": 0.0229236390442,
        "dvar": 0.000274077028735,
        "dvar2": 0.000506073527504,
        "max": 0.252545028925,
        "mean": 0.15423373878,
        "median": 0.15241625905,
        "min": 0.067212484777,
        "stdev": 0.0389079488814,
        "var": 0.00151382840704
    },
    "erbbands_kurtosis": {
        "dmean": 1.38905906677,
        "dmean2": 2.13024115562,
        "dvar": 3.33843970299,
        "dvar2": 7.03978013992,
        "max": 26.010684967,
        "mean": 2.06069469452,
        "median": 1.18103599548,
        "min": -1.79404330254,
        "stdev": 3.32794880867,
        "var": 11.0752439499
    },
    "erbbands_skewness": {
        "dmean": 0.37733066082,
        "dmean2": 0.562078177929,
        "dvar": 0.146546602249,
        "dvar2": 0.284262150526,
        "max": 4.02576780319,
        "mean": 0.876197755337,
        "median": 0.81076169014,
        "min": -4.14685058594,
        "stdev": 0.778294682503,
        "var": 0.605742633343
    },
    "erbbands_spread": {
        "dmean": 8.00709342957,
        "dmean2": 11.8819541931,
        "dvar": 86.1087112427,
        "dvar2": 188.647979736,
        "max": 114.125732422,
        "mean": 34.5363502502,
        "median": 29.976858139,
        "min": 5.28329563141,
        "stdev": 19.0419502258,
        "var": 362.59588623
    },
    "hfc": {
        "dmean": 12.1472473145,
        "dmean2": 20.1861152649,
        "dvar": 1534.61035156,
        "dvar2": 4282.50488281,
        "max": 315.367614746,
        "mean": 23.0913448334,
        "median": 16.0137844086,
        "min": 1.17424759813e-16,
        "stdev": 32.4015846252,
        "var": 1049.8626709
    },
    "loudness_ebu128": {
        "integrated": -10.2484083176,
        "loudness_range": 1.56607437134,
        "momentary": {
            "dmean": 0.668605446815,
            "dmean2": 0.937802612782,
            "dvar": 0.506897389889,
            "dvar2": 0.81203263998,
            "max": -7.51946926117,
            "mean": -10.5503358841,
            "median": -10.3343009949,
            "min": -15.6313972473,
            "stdev": 1.68754434586,
            "var": 2.84780573845
        },
        "short_term": {
            "dmean": 0.0888152644038,
            "dmean2": 0.111997880042,
            "dvar": 0.00669506844133,
            "dvar2": 0.00944694597274,
            "max": -9.15436553955,
            "mean": -10.210018158,
            "median": -10.1389770508,
            "min": -11.9309253693,
            "stdev": 0.598219692707,
            "var": 0.357866823673
        }
    },
    "melbands_crest": {
        "dmean": 2.63472104073,
        "dmean2": 4.07461833954,
        "dvar": 8.4805727005,
        "dvar2": 18.9220638275,
        "max": 33.5586624146,
        "mean": 16.6521282196,
        "median": 16.0486469269,
        "min": 2.52654886246,
        "stdev": 5.67309713364,
        "var": 32.1840286255
    },
    "melbands_flatness_db": {
        "dmean": 0.0289533212781,
        "dmean2": 0.039420042187,
        "dvar": 0.00150054763071,
        "dvar2": 0.00244525261223,
        "max": 0.547705590725,
        "mean": 0.239642888308,
        "median": 0.228147596121,
        "min": 0.0108132446185,
        "stdev": 0.0717533826828,
        "var": 0.0051485481672
    },
    "melbands_kurtosis": {
        "dmean": 9.32963562012,
        "dmean2": 13.6384315491,
        "dvar": 371.830963135,
        "dvar2": 812.294128418,
        "max": 320.468658447,
        "mean": 18.8414707184,
        "median": 9.05377483368,
        "min": -1.80799531937,
        "stdev": 30.5894050598,
        "var": 935.711730957
    },
    "melbands_skewness": {
        "dmean": 0.757281899452,
        "dmean2": 1.07364106178,
        "dvar": 0.871729016304,
        "dvar2": 1.78794670105,
        "max": 11.9427680969,
        "mean": 2.78679299355,
        "median": 2.34833550453,
        "min": -0.707194209099,
        "stdev": 1.94746077061,
        "var": 3.79260349274
    },
    "melbands_spread": {
        "dmean": 6.3272023201,
        "dmean2": 9.09055519104,
        "dvar": 149.4269104,
        "dvar2": 268.498901367,
        "max": 230.220046997,
        "mean": 18.9041748047,
        "median": 15.0982217789,
        "min": 0.388046085835,
        "stdev": 17.6863460541,
        "var": 312.806854248
    },
    "pitch_salience": {
        "dmean": 0.0646565333009,
        "dmean2": 0.100101001561,
        "dvar": 0.00529689108953,
        "dvar2": 0.0117907561362,
        "max": 0.791551709175,
        "mean": 0.470392763615,
        "median": 0.468858599663,
        "min": 0.0674495771527,
        "stdev": 0.132397979498,
        "var": 0.0175292231143
    },
    "silence_rate_20dB": {
        "dmean": 0,
        "dmean2": 0,
        "dvar": 0,
        "dvar2": 0,
        "max": 1,
        "mean": 1,
        "median": 1,
        "min": 1,
        "stdev": 0,
        "var": 0
    },
    "silence_rate_30dB": {
        "dmean": 0.0356037169695,
        "dmean2": 0.0712625905871,
        "dvar": 0.0343360416591,
        "dvar2": 0.0661846473813,
        "max": 1,
        "mean": 0.935034811497,
        "median": 1,
        "min": 0,
        "stdev": 0.246463060379,
        "var": 0.0607440397143
    },
    "silence_rate_60dB": {
        "dmean": 0.000773993786424,
        "dmean2": 0.00154918665066,
        "dvar": 0.000773391744588,
        "dvar2": 0.00154677091632,
        "max": 1,
        "mean": 0.00154679035768,
        "median": 0,
        "min": 0,
        "stdev": 0.0392987206578,
        "var": 0.00154438940808
    },
    "spectral_centroid": {
        "dmean": 257.624816895,
        "dmean2": 370.457214355,
        "dvar": 198015.625,
        "dvar2": 304175.875,
        "max": 11051.3408203,
        "mean": 1139.99084473,
        "median": 1016.5723877,
        "min": 151.426361084,
        "stdev": 647.366210938,
        "var": 419083.03125
    },
    "spectral_complexity": {
        "dmean": 3.6277089119,
        "dmean2": 5.82106876373,
        "dvar": 32.4318656921,
        "dvar2": 68.8423919678,
        "max": 55,
        "mean": 15.150812149,
        "median": 14,
        "min": 0,
        "stdev": 7.31807613373,
        "var": 53.5542411804
    },
    "spectral_decrease": {
        "dmean": 3.73680508758e-09,
        "dmean2": 5.39963496138e-09,
        "dvar": 8.4745560346e-17,
        "dvar2": 1.41537948172e-16,
        "max": -1.39672327538e-28,
        "mean": -1.05951576401e-08,
        "median": -7.27579507753e-09,
        "min": -1.04021403047e-07,
        "stdev": 1.32660149532e-08,
        "var": 1.75987148713e-16
    },
    "spectral_energy": {
        "dmean": 0.0150746991858,
        "dmean2": 0.0220266934484,
        "dvar": 0.00128148763906,
        "dvar2": 0.00221337075345,
        "max": 0.395499765873,
        "mean": 0.0420829840004,
        "median": 0.0291889552027,
        "min": 1.11779274932e-20,
        "stdev": 0.0508385784924,
        "var": 0.0025845610071
    },
    "spectral_energyband_high": {
        "dmean": 0.000833048659842,
        "dmean2": 0.00143255665898,
        "dvar": 1.10345335997e-05,
        "dvar2": 3.00741157844e-05,
        "max": 0.0259935054928,
        "mean": 0.000846611626912,
        "median": 0.000350521120708,
        "min": 8.02098460741e-21,
        "stdev": 0.00270520127378,
        "var": 7.31811360311e-06
    },
    "spectral_energyband_low": {
        "dmean": 0.0104799754918,
        "dmean2": 0.014414367266,
        "dvar": 0.0011594502721,
        "dvar2": 0.00193952163681,
        "max": 0.383288532495,
        "mean": 0.0234775729477,
        "median": 0.00659695034847,
        "min": 1.11568282281e-22,
        "stdev": 0.0480438098311,
        "var": 0.00230820779689
    },
    "spectral_energyband_middle_high": {
        "dmean": 0.00359472632408,
        "dmean2": 0.00573313981295,
        "dvar": 7.36912261345e-05,
        "dvar2": 0.000201829432626,
        "max": 0.0716319680214,
        "mean": 0.00730887940153,
        "median": 0.00374025804922,
        "min": 1.68833348843e-21,
        "stdev": 0.00960667617619,
        "var": 9.22882318264e-05
    },
    "spectral_energyband_middle_low": {
        "dmean": 0.00366084789857,
        "dmean2": 0.00600764947012,
        "dvar": 4.97340734e-05,
        "dvar2": 0.000135001013405,
        "max": 0.116708487272,
        "mean": 0.011627250351,
        "median": 0.0090149929747,
        "min": 2.25048132308e-22,
        "stdev": 0.00932236853987,
        "var": 8.69065625011e-05
    },
    "spectral_entropy": {
        "dmean": 0.204886391759,
        "dmean2": 0.293983906507,
        "dvar": 0.0588171742857,
        "dvar2": 0.0913102775812,
        "max": 9.80274868011,
        "mean": 7.34924459457,
        "median": 7.33252811432,
        "min": 5.84993934631,
        "stdev": 0.436145842075,
        "var": 0.190223187208
    },
    "spectral_flux": {
        "dmean": 0.036053378135,
        "dmean2": 0.0552435480058,
        "dvar": 0.00298649887554,
        "dvar2": 0.00593427801505,
        "max": 0.476022869349,
        "mean": 0.0872940272093,
        "median": 0.0625400096178,
        "min": 1.05725719846e-10,
        "stdev": 0.0749269872904,
        "var": 0.00561405299231
    },
    "spectral_kurtosis": {
        "dmean": 1.36271071434,
        "dmean2": 2.06355714798,
        "dvar": 4.39254999161,
        "dvar2": 9.40680980682,
        "max": 42.528301239,
        "mean": 5.02428007126,
        "median": 4.68752002716,
        "min": -1.24282407761,
        "stdev": 2.89043521881,
        "var": 8.35461521149
    },
    "spectral_rms": {
        "dmean": 0.000908332818653,
        "dmean2": 0.00131226296071,
        "dvar": 2.80009044218e-06,
        "dvar2": 4.84018210045e-06,
        "max": 0.0196431521326,
        "mean": 0.00579006085172,
        "median": 0.0053363875486,
        "min": 3.30231653654e-12,
        "stdev": 0.00274440972134,
        "var": 7.53178437662e-06
    },
    "spectral_rolloff": {
        "dmean": 463.663696289,
        "dmean2": 763.088256836,
        "dvar": 1400029,
        "dvar2": 2775547.5,
        "max": 18174.0234375,
        "mean": 1076.11096191,
        "median": 796.728515625,
        "min": 64.599609375,
        "stdev": 1365.18481445,
        "var": 1863729.5
    },
    "spectral_skewness": {
        "dmean": 0.230935677886,
        "dmean2": 0.340495735407,
        "dvar": 0.0866851359606,
        "dvar2": 0.14947706461,
        "max": 5.09543800354,
        "mean": 1.88369369507,
        "median": 1.88335347176,
        "min": -0.157341510057,
        "stdev": 0.474612355232,
        "var": 0.225256875157
    },
    "spectral_spread": {
        "dmean": 584837.125,
        "dmean2": 826978.5,
        "dvar": 838905233408,
        "dvar2": 951115776000,
        "max": 41680540,
        "mean": 5569475.5,
        "median": 5477029.5,
        "min": 1645742.625,
        "stdev": 1708591.75,
        "var": 2.9192856535e+12
    },
    "spectral_strongpeak": {
        "dmean": 0.446653902531,
        "dmean2": 0.725805342197,
        "dvar": 0.658019781113,
        "dvar2": 1.35916078091,
        "max": 7.70206022263,
        "mean": 1.09082233906,
        "median": 0.510370731354,
        "min": 0,
        "stdev": 1.23962008953,
        "var": 1.53665792942
    },
    "zerocrossingrate": {
        "dmean": 0.0108502749354,
        "dmean2": 0.0128813963383,
        "dvar": 0.000377109914552,
        "dvar2": 0.000429607607657,
        "max": 0.48779296875,
        "mean": 0.0496547669172,
        "median": 0.0458984375,
        "min": 0.0009765625,
        "stdev": 0.0329324230552,
        "var": 0.00108454446308
    },
    "barkbands": {
        "dmean": [0.000130054046167, 0.00979823339731, 0.00235337158665, 0.000718791445252, 0.00173535360955, 0.000745659752283, 0.000389172026189, 0.000789102108683, 0.000615166733041, 0.00180145457853, 0.000503774557728, 0.000630002235994, 0.000812818179838, 0.000361949059879, 0.000321042549331, 0.000222940027015, 0.000130720887682, 0.000159815666848, 0.00029492736212, 0.000214288942516, 0.000145822428749, 0.00011817667837, 0.000124879457871, 0.000267542840447, 0.000119797630759, 4.06437757192e-05, 3.83276255889e-06],
        "dmean2": [0.000182757925359, 0.0135381417349, 0.00421213218942, 0.00132322823629, 0.00282695237547, 0.00105016108137, 0.000599581282586, 0.00118513882626, 0.000893009419087, 0.00260407733731, 0.000862087996211, 0.0010613395134, 0.00141987821553, 0.000592376512941, 0.000501919712406, 0.000361735350452, 0.000216988235479, 0.000262794288574, 0.000482038361952, 0.000375446688849, 0.000249201344559, 0.000209982288652, 0.000205310090678, 0.000489041558467, 0.000205336415092, 6.79575969116e-05, 6.6508969212e-06],
        "dvar": [1.77988937367e-07, 0.00109291658737, 0.000118900796224, 7.71782652009e-06, 9.11580264074e-06, 3.1321642382e-06, 5.33179957074e-07, 2.28501062338e-06, 2.66527354142e-06, 8.88274826139e-06, 1.75851528184e-06, 5.59983209314e-06, 7.44745375414e-06, 8.93841161087e-07, 1.14196950562e-06, 3.38600329997e-07, 1.22552705761e-07, 1.82988188158e-07, 5.28491625573e-07, 5.27518864146e-07, 2.43724258553e-07, 2.10004458268e-07, 2.20867320877e-07, 1.4398104895e-06, 1.9689140629e-07, 1.92329263626e-08, 1.51023027417e-10],
        "dvar2": [3.15211195812e-07, 0.00192575575784, 0.000338172219926, 2.28295521083e-05, 2.3257547582e-05, 6.91904506311e-06, 1.43212116654e-06, 4.24516338171e-06, 4.22742232331e-06, 1.63425374922e-05, 4.79276422993e-06, 1.48983335748e-05, 2.05230317079e-05, 2.15431646211e-06, 2.63614424512e-06, 7.14136604074e-07, 3.33820366905e-07, 5.00468445352e-07, 1.38784264436e-06, 1.49222319124e-06, 6.51846107758e-07, 5.73144291138e-07, 5.56227064408e-07, 4.03794820159e-06, 5.26737380824e-07, 5.22025089822e-08, 4.19563744858e-10],
        "max": [0.00595504138619, 0.374984323978, 0.0987045839429, 0.0270577240735, 0.0434662625194, 0.0434516966343, 0.0134833827615, 0.0247780196369, 0.0300374235958, 0.0295301228762, 0.0125439492986, 0.0502186454833, 0.0214042030275, 0.0163282714784, 0.019878225401, 0.0100777279586, 0.00492928922176, 0.00402308255434, 0.0109187122434, 0.00606106966734, 0.00389457843266, 0.00393497897312, 0.00597509695217, 0.0105127412826, 0.00410869345069, 0.00115766585805, 0.000114665446745],
        "mean": [0.000246281619184, 0.0198383759707, 0.00296558649279, 0.00073037983384, 0.00365216401406, 0.00188969331793, 0.000789926503785, 0.00180342933163, 0.00117323629092, 0.00395199330524, 0.000591077259742, 0.000625676824711, 0.0008051879704, 0.000448119099019, 0.000456843874417, 0.000316974095767, 0.000177679932676, 0.000190342136193, 0.000419783900725, 0.000236560299527, 0.000124187994516, 9.91725391941e-05, 0.000124397323816, 0.000219028093852, 0.000144446152262, 5.85867164773e-05, 3.90086324842e-06],
        "median": [1.99947817237e-06, 0.00440112501383, 0.00118152494542, 0.000356228643795, 0.00233086803928, 0.000838026870042, 0.000354342249921, 0.000472218729556, 0.000386032043025, 0.00136469921563, 0.000151095591718, 0.00010602005932, 8.96114652278e-05, 7.19896852388e-05, 0.000102489488199, 5.27395859535e-05, 4.937119229e-05, 5.91310563323e-05, 0.000139230396599, 8.33884914755e-05, 2.7621843401e-05, 1.94333388208e-05, 2.2222264306e-05, 5.5534652347e-05, 7.42336778785e-05, 3.46498200088e-05, 8.92659045348e-07],
        "min": [1.54653290082e-22, 2.12344521394e-23, 2.21972300529e-23, 3.72570446395e-24, 1.04236773111e-22, 6.21076383239e-24, 3.66183363078e-23, 3.97331630584e-23, 3.29346935129e-23, 3.75078337765e-23, 1.42050397773e-22, 1.18693273977e-22, 1.45683916346e-22, 2.42990136197e-22, 5.51687539038e-23, 1.9607207219e-22, 1.02606210242e-22, 2.35611674026e-22, 3.30173907483e-22, 3.39919987355e-22, 4.11557594739e-22, 4.31297393699e-22, 7.6551456042e-22, 1.12207070288e-21, 1.75461365742e-21, 1.54273162624e-21, 2.05324221637e-21],
        "stdev": [0.000600317085627, 0.0438760705292, 0.00867699831724, 0.00206287181936, 0.00417559128255, 0.0029110382311, 0.00112409028225, 0.00297483755276, 0.00306098884903, 0.00562605308369, 0.00130664999597, 0.00220122793689, 0.00242599775083, 0.00122494460084, 0.00127743731719, 0.000868138915394, 0.00040629869909, 0.000402497360483, 0.00077805161709, 0.00058938661823, 0.000408276566304, 0.000379523116862, 0.000454128487036, 0.000932254071813, 0.000370195833966, 0.000117469484394, 1.02585236164e-05],
        "var": [3.60380596476e-07, 0.0019251096528, 7.52903069952e-05, 4.25543976235e-06, 1.74355627678e-05, 8.47414412419e-06, 1.26357883801e-06, 8.84965811565e-06, 9.36965261644e-06, 3.16524710797e-05, 1.70733414961e-06, 4.84540396428e-06, 5.88546527069e-06, 1.50048913383e-06, 1.63184608937e-06, 7.53665176489e-07, 1.65078631653e-07, 1.62004127446e-07, 6.0536433466e-07, 3.47376555965e-07, 1.66689744674e-07, 1.44037798577e-07, 2.06232684263e-07, 8.69097618761e-07, 1.37044963822e-07, 1.37990801008e-08, 1.0523731192e-10]
    },
    "erbbands": {
        "dmean": [0.254853725433, 2.42442703247, 3.2658495903, 2.40834188461, 2.93038916588, 6.37971639633, 10.4382190704, 4.40507984161, 5.30257701874, 8.76771354675, 17.5535545349, 15.6161155701, 38.4672546387, 51.0004959106, 19.7428073883, 28.3276481628, 36.4616088867, 18.5684108734, 18.9343662262, 10.3080625534, 12.4676761627, 6.42021274567, 7.75703763962, 12.5895833969, 15.6718006134, 8.69076538086, 6.07557868958, 5.99133586884, 4.72245693207, 2.88247132301, 3.38380002975, 4.75689220428, 4.65803289413, 2.03755760193, 0.669078171253, 0.240836411715, 0.0615062639117, 0.0133863082156, 0.00040039603482, 2.7627502277e-05],
        "dmean2": [0.316399514675, 3.39271211624, 5.17373561859, 4.39790868759, 5.18656826019, 10.2493982315, 16.3241291046, 6.03066253662, 7.61257696152, 13.8135633469, 25.5300693512, 21.6517181396, 51.675994873, 77.3707046509, 32.8735733032, 47.1480331421, 63.9434013367, 28.5144844055, 29.4829444885, 15.914522171, 19.8410167694, 10.5853977203, 12.8344097137, 21.2815608978, 25.7948665619, 14.6655693054, 10.536075592, 10.2420339584, 8.41646003723, 4.70231389999, 5.5958070755, 8.62037086487, 8.47541427612, 3.54581785202, 1.13376617432, 0.39556479454, 0.10478631407, 0.02371057868, 0.000702614779584, 4.36122572864e-05],
        "dvar": [0.701157391071, 70.5352172852, 167.707687378, 113.369750977, 41.4313545227, 114.957801819, 714.053405762, 67.523727417, 107.980278015, 211.976974487, 1328.04711914, 1666.82629395, 6706.90234375, 12734.46875, 3825.53320312, 8247.58203125, 15616.8095703, 1738.35986328, 3051.80224609, 922.934020996, 1099.71166992, 317.887756348, 467.102203369, 1310.79907227, 1590.64111328, 651.626586914, 462.44418335, 449.621520996, 345.730224609, 94.3554534912, 168.550460815, 434.501159668, 428.309997559, 68.868019104, 4.9167175293, 0.548213064671, 0.04529658705, 0.00261237681843, 1.95687630367e-06, 4.94125007577e-09],
        "dvar2": [1.14103555679, 131.499038696, 428.620605469, 329.322418213, 116.846107483, 272.911621094, 1833.30712891, 126.638237, 245.950698853, 509.376251221, 2326.49169922, 2623.49853516, 9516.50195312, 29132.1757812, 10326.9462891, 21262.3476562, 42722.4960938, 3810.67041016, 6914.82861328, 2081.6965332, 2239.22729492, 872.336242676, 1279.53442383, 3607.57714844, 4246.71679688, 1788.98046875, 1272.74475098, 1195.76464844, 947.312133789, 214.621658325, 430.451385498, 1212.91223145, 1198.55578613, 189.831268311, 12.8844890594, 1.44498503208, 0.12258425355, 0.00739295128733, 5.47231320525e-06, 1.23365548887e-08],
        "max": [11.8163890839, 88.4442672729, 119.449539185, 97.2175216675, 69.8117980957, 145.2890625, 607.308349609, 162.51159668, 197.340927124, 230.624053955, 664.390380859, 797.104553223, 1248.23522949, 1354.06982422, 935.906982422, 1883.71923828, 964.938781738, 795.914978027, 1071.3404541, 576.765563965, 610.732666016, 171.561523438, 199.50932312, 636.977844238, 296.250549316, 213.001449585, 171.145080566, 161.957717896, 163.744979858, 114.256889343, 192.896530151, 178.440292358, 180.125137329, 72.4328231812, 17.7320690155, 5.92570209503, 1.93482589722, 0.421897411346, 0.0127277961001, 0.000503463146742],
        "mean": [0.541260004044, 4.46382570267, 4.90201759338, 2.73675966263, 3.9801235199, 13.6215286255, 23.5816650391, 10.983625412, 13.5580272675, 18.0294895172, 41.8171005249, 33.9747085571, 85.5122451782, 93.8866348267, 27.3743476868, 30.2971076965, 36.7593765259, 26.0942420959, 28.3824748993, 16.2068557739, 18.2451686859, 8.54289054871, 9.77013492584, 16.5552024841, 21.6011219025, 11.3173446655, 5.6145324707, 4.87473058701, 3.85640525818, 3.23609733582, 3.31222128868, 3.90531468391, 3.84785914421, 1.97566521168, 0.904162228107, 0.362550586462, 0.0839780718088, 0.0150138344616, 0.000461990392068, 6.22220904916e-05],
        "median": [0.0363073386252, 1.10578179359, 1.90286946297, 1.39785993099, 2.34595513344, 8.58753013611, 10.2470474243, 5.46805334091, 5.44305562973, 8.7081861496, 9.14993667603, 14.4261856079, 31.2277965546, 26.4114551544, 10.8260602951, 7.18649339676, 5.1426525116, 5.01295471191, 7.02407932281, 4.88190507889, 2.90413808823, 2.74843454361, 3.28859758377, 5.36694478989, 7.57976579666, 4.23137664795, 1.76738917828, 0.865428805351, 0.633965849876, 0.585321307182, 0.663710534573, 0.912460386753, 1.02456331253, 0.753654897213, 0.452345818281, 0.204195797443, 0.0499813258648, 0.00587289361283, 0.000180607268703, 4.43361932412e-05],
        "min": [1.75945294673e-21, 2.49046836047e-21, 2.22752000298e-20, 2.37150742914e-20, 1.56341013182e-19, 4.94045356472e-19, 8.79978129336e-20, 5.84867487134e-20, 3.78541965789e-19, 7.27764928356e-19, 9.19642551231e-19, 7.43927210345e-19, 6.04749419392e-19, 3.73473576852e-18, 4.65809308448e-18, 4.29758957556e-18, 5.39111903663e-18, 1.47477584735e-17, 4.99309171999e-18, 6.62977774977e-18, 7.84005176018e-18, 7.15786267412e-18, 1.16363847738e-17, 1.56066515363e-17, 1.43080110618e-17, 1.75227740663e-17, 1.58119412208e-17, 1.79551728053e-17, 1.56131415954e-17, 1.76367430111e-17, 2.19413809926e-17, 2.15269866668e-17, 2.15564160986e-17, 1.77274814156e-17, 1.30331346592e-17, 5.29760254607e-18, 3.34194471195e-18, 1.19719607814e-18, 2.72088008555e-19, 2.88822874011e-20],
        "stdev": [1.19365465641, 10.3799495697, 12.1929779053, 8.03433990479, 5.92687082291, 17.0040721893, 36.8109779358, 15.7710914612, 20.4558906555, 27.7009906769, 76.6020507812, 80.6542434692, 162.605560303, 168.654983521, 61.731590271, 87.4780731201, 112.160095215, 61.4316902161, 74.8868408203, 38.159538269, 49.8589553833, 18.1663646698, 20.529718399, 34.1344223022, 41.2529067993, 23.1823406219, 17.2205562592, 17.6353988647, 15.2470769882, 10.5222616196, 12.3895111084, 16.4426670074, 16.0901947021, 6.64100313187, 1.93020260334, 0.665170550346, 0.17818339169, 0.0405044965446, 0.00113419594709, 7.18420851626e-05],
        "var": [1.42481148243, 107.743362427, 148.668716431, 64.5506134033, 35.1277999878, 289.138458252, 1355.0480957, 248.727325439, 418.443450928, 767.344848633, 5867.87451172, 6505.10742188, 26440.5664062, 28444.5019531, 3810.78930664, 7652.41357422, 12579.8876953, 3773.8527832, 5608.0390625, 1456.15026855, 2485.9152832, 330.016784668, 421.469360352, 1165.15881348, 1701.80224609, 537.420898438, 296.547576904, 311.007324219, 232.473342896, 110.717987061, 153.499984741, 270.36126709, 258.894348145, 44.1029205322, 3.72568225861, 0.442451864481, 0.0317493230104, 0.00164061435498, 1.2864004475e-06, 5.16128562111e-09]
    },
    "gfcc": {
        "mean": [10.0033349991, 88.782699585, -91.1869354248, 17.8376426697, -57.3760528564, 18.8854789734, -35.991355896, 24.1342315674, -35.0989646912, 4.77766609192, -14.0939292908, -2.36786580086, -6.94284725189],
        "cov": [[4021.65942383, -747.234924316, -631.338195801, -122.469161987, 63.7918395996, 209.850479126, 56.4502754211, 302.274383545, -93.311340332, 179.9478302, -0.590195953846, 139.384674072, 79.0971603394], [-747.234924316, 844.795288086, 238.79888916, 4.95671081543, 152.49961853, -23.567029953, 144.41027832, -20.3694953918, 65.7538528442, -36.9129066467, 110.368156433, -91.0241699219, 36.9870147705], [-631.338195801, 238.79888916, 593.240539551, 134.088302612, 18.243724823, 4.09889554977, 79.2192764282, 31.6833248138, 49.4028053284, 62.7407226562, 24.1563262939, 7.35253286362, 33.8696174622], [-122.469161987, 4.95671081543, 134.088302612, 409.921356201, 94.4823226929, -8.30306434631, 59.2185096741, 21.7459888458, 78.0224838257, 38.1788787842, 3.69057416916, 12.8655023575, 61.4385643005], [63.7918395996, 152.49961853, 18.243724823, 94.4823226929, 449.702453613, 91.1091842651, 220.086807251, 200.735717773, -2.49353480339, 127.139076233, 98.723197937, 10.5605621338, 148.827682495], [209.850479126, -23.567029953, 4.09889554977, -8.30306434631, 91.1091842651, 161.790298462, 117.30997467, 16.328212738, -23.8673286438, 62.0066871643, 67.6635742188, 16.013425827, 19.1084976196], [56.4502754211, 144.41027832, 79.2192764282, 59.2185096741, 220.086807251, 117.30997467, 321.806976318, 99.1760559082, -3.24565839767, 121.589263916, 95.6206970215, 22.5273227692, 108.292869568], [302.274383545, -20.3694953918, 31.6833248138, 21.7459888458, 200.735717773, 16.328212738, 99.1760559082, 320.239593506, 37.2756881714, 54.3760147095, 46.2518806458, 33.9149284363, 113.983512878], [-93.311340332, 65.7538528442, 49.4028053284, 78.0224838257, -2.49353480339, -23.8673286438, -3.24565839767, 37.2756881714, 158.745605469, -14.4153957367, -12.1457118988, 8.50505161285, 23.73554039], [179.9478302, -36.9129066467, 62.7407226562, 38.1788787842, 127.139076233, 62.0066871643, 121.589263916, 54.3760147095, -14.4153957367, 164.051712036, 33.1668510437, 9.81864929199, 68.7711486816], [-0.590195953846, 110.368156433, 24.1563262939, 3.69057416916, 98.723197937, 67.6635742188, 95.6206970215, 46.2518806458, -12.1457118988, 33.1668510437, 144.808929443, 20.905330658, 28.2754459381], [139.384674072, -91.0241699219, 7.35253286362, 12.8655023575, 10.5605621338, 16.013425827, 22.5273227692, 33.9149284363, 8.50505161285, 9.81864929199, 20.905330658, 97.2012481689, 30.0478572845], [79.0971603394, 36.9870147705, 33.8696174622, 61.4385643005, 148.827682495, 19.1084976196, 108.292869568, 113.983512878, 23.73554039, 68.7711486816, 28.2754459381, 30.0478572845, 155.48828125]],
        "icov": [[0.00046830350766, -7.98877081252e-05, 0.0006171411369, -0.000148869585246, 0.000479293375975, -0.000758068112191, 0.000207901131944, -0.000744828663301, 0.000233051556279, -0.00078127841698, 0.000349581910996, -0.000533374026418, 9.02621177374e-05], [-7.98877081252e-05, 0.0032984665595, -0.00154792389367, 0.00114505284, -0.00179253634997, 0.00234200269915, -0.0017841970548, 0.00193866796326, -0.00167580717243, 0.00286948587745, -0.00273454608396, 0.00340199097991, -0.00078334857244], [0.0006171411369, -0.00154792389367, 0.00343562522903, -0.00125666090753, 0.00192147085909, -0.00161464652047, 0.000562833854929, -0.00198507145979, 0.000655106559861, -0.00302319321781, 0.00126618484501, -0.00202556536533, 0.000623224943411], [-0.000148869585246, 0.00114505284, -0.00125666090753, 0.00361333694309, -0.00162142084446, 0.00149451219477, -0.000753447471652, 0.00163896020968, -0.00203288369812, 0.00104294240009, -0.00075212639058, 0.00093344663037, -0.000853657140397], [0.000479293375975, -0.00179253634997, 0.00192147085909, -0.00162142084446, 0.00673931045458, -0.0026485293638, -0.000201318296604, -0.00373931671493, 0.00180213910062, -0.00333591573872, 0.000377631309675, -0.000654390838463, -0.00158089911565], [-0.000758068112191, 0.00234200269915, -0.00161464652047, 0.00149451219477, -0.0026485293638, 0.0130185224116, -0.00426565017551, 0.0032187893521, -0.0011612434173, 0.00105676066596, -0.00492096599191, 0.00183793168981, 0.00138576014433], [0.000207901131944, -0.0017841970548, 0.000562833854929, -0.000753447471652, -0.000201318296604, -0.00426565017551, 0.0079591171816, -0.00113224342931, 0.000878071412444, -0.00351347611286, 2.09066070056e-06, -0.00182413205039, -0.00173051469028], [-0.000744828663301, 0.00193866796326, -0.00198507145979, 0.00163896020968, -0.00373931671493, 0.0032187893521, -0.00113224342931, 0.00743960449472, -0.00238420278765, 0.00294808065519, -0.00237173517235, 0.00158199411817, -0.00259344582446], [0.000233051556279, -0.00167580717243, 0.000655106559861, -0.00203288369812, 0.00180213910062, -0.0011612434173, 0.000878071412444, -0.00238420278765, 0.00865459442139, -0.000504325551447, 0.00195970968343, -0.00201134732924, -0.000571119657252], [-0.00078127841698, 0.00286948587745, -0.00302319321781, 0.00104294240009, -0.00333591573872, 0.00105676066596, -0.00351347611286, 0.00294808065519, -0.000504325551447, 0.0136923501268, -0.00168170779943, 0.00385557231493, -0.00310796964914], [0.000349581910996, -0.00273454608396, 0.00126618484501, -0.00075212639058, 0.000377631309675, -0.00492096599191, 2.09066070056e-06, -0.00237173517235, 0.00195970968343, -0.00168170779943, 0.0125149320811, -0.00463026249781, 0.00153812940698], [-0.000533374026418, 0.00340199097991, -0.00202556536533, 0.00093344663037, -0.000654390838463, 0.00183793168981, -0.00182413205039, 0.00158199411817, -0.00201134732924, 0.00385557231493, -0.00463026249781, 0.015790855512, -0.00356210372411], [9.02621177374e-05, -0.00078334857244, 0.000623224943411, -0.000853657140397, -0.00158089911565, 0.00138576014433, -0.00173051469028, -0.00259344582446, -0.000571119657252, -0.00310796964914, 0.00153812940698, -0.00356210372411, 0.013093104586]]
    },
    "melbands": {
        "dmean": [0.00250130868517, 0.00201992713846, 0.00041448904085, 0.000306426052703, 0.000361154176062, 0.000107309846499, 7.9360746895e-05, 0.000108945343527, 0.000143409561133, 9.43937775446e-05, 0.000198064226424, 0.000220950721996, 6.77231873851e-05, 6.44687752356e-05, 9.71031258814e-05, 6.78935684846e-05, 3.35272816301e-05, 3.36305638484e-05, 1.85465614777e-05, 1.54455228767e-05, 1.54648096213e-05, 6.61174817651e-06, 7.85964857641e-06, 7.36965421311e-06, 1.07745381683e-05, 1.34583251565e-05, 1.02190488178e-05, 4.69558881377e-06, 4.250307029e-06, 3.29717386194e-06, 3.51098447027e-06, 3.27388829646e-06, 1.4276586171e-06, 1.73795172032e-06, 1.59359058216e-06, 2.88780825031e-06, 3.06516858473e-06, 3.2219681998e-06, 2.82138057628e-06, 1.55192833518e-06],
        "dmean2": [0.00341607071459, 0.00290017668158, 0.000764370313846, 0.0005057232338, 0.000574125442654, 0.000146637365106, 0.000115903159895, 0.00016774731921, 0.000208653073059, 0.000129574502353, 0.000265825423412, 0.000331164279487, 0.00011196986452, 0.000103350103018, 0.000171626044903, 0.000115823124361, 5.1015358622e-05, 5.32856538484e-05, 2.93382454402e-05, 2.45467945206e-05, 2.53279304161e-05, 1.12657799036e-05, 1.3627935914e-05, 1.19416408779e-05, 1.86116867553e-05, 2.1736479539e-05, 1.78986483661e-05, 7.6887117757e-06, 7.40050973036e-06, 5.68243967791e-06, 6.05620516581e-06, 5.8625555539e-06, 2.35509105551e-06, 2.83082249553e-06, 2.57724150288e-06, 5.20208504895e-06, 5.60857915843e-06, 5.74042724111e-06, 5.11839834871e-06, 2.69241695605e-06],
        "dvar": [7.20962634659e-05, 4.91773025715e-05, 2.85837131742e-06, 2.66167603513e-07, 7.04437752574e-07, 4.29350457409e-08, 2.29158221288e-08, 2.9758561837e-08, 8.07218114574e-08, 5.46936433921e-08, 1.63067056747e-07, 2.31675343798e-07, 3.15388319905e-08, 8.94732608003e-08, 1.0565558739e-07, 4.83343995938e-08, 6.46417719352e-09, 9.52755563333e-09, 6.20959195174e-09, 1.88351867436e-09, 1.74904801753e-09, 3.82682913136e-10, 5.56612977931e-10, 3.36704497617e-10, 1.11767572974e-09, 9.46481559794e-10, 1.21111265461e-09, 1.47866358047e-10, 2.38855352164e-10, 1.18809975747e-10, 1.50861725889e-10, 1.78067532941e-10, 2.25497467921e-11, 3.43240574852e-11, 3.4104642721e-11, 1.56608948032e-10, 1.82067805277e-10, 1.88089224751e-10, 1.50333051563e-10, 3.80644404885e-11],
        "dvar2": [0.000118138763355, 0.000100890756585, 8.28368774819e-06, 6.67798417453e-07, 1.8328837541e-06, 8.13695280044e-08, 5.44483285125e-08, 6.76651197296e-08, 1.45967376852e-07, 8.67756000389e-08, 2.33811974226e-07, 5.17487137586e-07, 8.37779339236e-08, 2.49219056059e-07, 2.92544967806e-07, 1.323602703e-07, 1.31362947187e-08, 2.33332499988e-08, 1.62272346671e-08, 4.76111594594e-09, 3.93445676039e-09, 1.06360431573e-09, 1.52637991135e-09, 8.7638357682e-10, 3.10095837897e-09, 2.42551556617e-09, 3.4825080597e-09, 3.94726862307e-10, 6.63764543329e-10, 3.18181481163e-10, 3.99859451106e-10, 5.00922026081e-10, 5.61741000937e-11, 7.68398331075e-11, 7.9751753812e-11, 4.36370772849e-10, 5.11484632426e-10, 5.23502741157e-10, 4.24123625109e-10, 1.04388615807e-10],
        "max": [0.100267805159, 0.0638838633895, 0.0147237153724, 0.00573194818571, 0.0182757284492, 0.00418265908957, 0.00279936217703, 0.00273805297911, 0.00503363832831, 0.00443635694683, 0.00608101999387, 0.00540695013478, 0.00200873124413, 0.00657045096159, 0.00356406695209, 0.00187965575606, 0.00181961443741, 0.00174143735785, 0.00177005399019, 0.000807977630757, 0.000652526272461, 0.00024807950831, 0.000207207645872, 0.000235698971665, 0.000639608537313, 0.000334634067258, 0.000288276001811, 0.000110469336505, 0.000125262202346, 9.51810070546e-05, 9.32245238801e-05, 0.00012122188491, 4.95402491651e-05, 7.74060317781e-05, 0.00010885552183, 9.72514608293e-05, 0.000124781348859, 0.000119487165648, 0.000101489793451, 5.81280764891e-05],
        "mean": [0.00533183850348, 0.00365294585936, 0.00049572106218, 0.000590779294726, 0.000840234162752, 0.000274732039543, 0.000193572166609, 0.00022563917446, 0.000343640422216, 0.000190054372069, 0.000430204381701, 0.000399418873712, 8.54190147948e-05, 7.11167085683e-05, 8.98601065273e-05, 6.65935731377e-05, 4.65748817078e-05, 4.61474373878e-05, 2.47404914262e-05, 2.23165716307e-05, 2.05674004974e-05, 8.51024014992e-06, 8.74872512213e-06, 9.63359889283e-06, 1.29962500068e-05, 1.83675092558e-05, 1.13812911877e-05, 6.1684454522e-06, 3.70524662685e-06, 2.82726864498e-06, 2.76039963865e-06, 2.44622560786e-06, 1.42423834859e-06, 1.96396672436e-06, 1.74039860212e-06, 2.24872815124e-06, 2.49784625339e-06, 2.64296545538e-06, 2.3802524538e-06, 1.493185664e-06],
        "median": [0.000815074541606, 0.00128769909497, 0.000266681541689, 0.000387426727684, 0.000402358797146, 0.000131504784804, 7.66177618061e-05, 9.95912196231e-05, 7.57641901146e-05, 7.20721218386e-05, 0.000148768711369, 9.17354409466e-05, 2.64512818831e-05, 1.71709380083e-05, 1.5073229406e-05, 7.82476854511e-06, 7.38628159525e-06, 9.42021779338e-06, 6.55451867715e-06, 5.24351480635e-06, 2.94536084766e-06, 2.32241427511e-06, 2.62551543528e-06, 3.02517150885e-06, 3.62493096873e-06, 5.66816879655e-06, 4.00914859711e-06, 2.33549690165e-06, 1.0804650401e-06, 5.72786746034e-07, 4.19704747401e-07, 2.95878038514e-07, 3.47733788431e-07, 2.7647078582e-07, 3.18005845656e-07, 4.11217087048e-07, 5.79331640438e-07, 6.45013585654e-07, 7.18119338217e-07, 5.32016258603e-07],
        "min": [1.89613399747e-23, 8.20421494545e-24, 6.3337121432e-24, 2.63411321653e-23, 6.17946695926e-24, 1.31916633787e-24, 6.41595325915e-24, 8.27841993536e-24, 7.30693378628e-24, 4.45546548787e-24, 2.88307401057e-24, 1.44148206112e-23, 1.87550780915e-23, 1.52551026257e-23, 6.2560282767e-24, 1.91898461576e-23, 2.81866280768e-23, 7.90516487603e-24, 3.98356495007e-24, 1.65517580288e-23, 6.5102296315e-24, 6.67487318546e-24, 7.63335575139e-24, 1.24835281876e-23, 1.22724203319e-23, 1.36083176207e-23, 6.56653733963e-24, 1.32805869354e-23, 1.03789159234e-23, 9.22127832219e-24, 1.02557952465e-23, 1.00603573238e-23, 6.71606986852e-24, 9.48056980199e-24, 1.14382930102e-23, 1.58292923905e-23, 1.1429208488e-23, 1.40390798512e-23, 1.76366547659e-23, 1.3554880183e-23],
        "stdev": [0.0117585165426, 0.0081833852455, 0.00129029771779, 0.000682610028889, 0.00115251541138, 0.000396911433199, 0.000291300588287, 0.000347780733136, 0.000619620259386, 0.000446877616923, 0.000807223725133, 0.000747096084524, 0.000187389319763, 0.000265074457275, 0.000277992250631, 0.000199647111003, 0.000122177996673, 0.000124183439766, 7.79336041887e-05, 5.52981437068e-05, 5.58379579161e-05, 1.97096578631e-05, 2.19466619455e-05, 2.05012966035e-05, 3.06135152641e-05, 3.5052493331e-05, 2.78123079624e-05, 1.19680953503e-05, 1.22456822282e-05, 9.04969328985e-06, 1.02620088001e-05, 1.05634753709e-05, 4.57743908555e-06, 6.57655846226e-06, 6.40264715912e-06, 9.98504765448e-06, 1.05238232209e-05, 1.07663181552e-05, 9.47080843616e-06, 4.97979181091e-06],
        "var": [0.000138262708788, 6.69677974656e-05, 1.66486825037e-06, 4.65956418338e-07, 1.32829165977e-06, 1.57538693202e-07, 8.48560333111e-08, 1.20951440863e-07, 3.83929233294e-07, 1.9969961329e-07, 6.51610150726e-07, 5.58152521535e-07, 3.51147591005e-08, 7.02644697981e-08, 7.72796866499e-08, 3.98589712347e-08, 1.49274637096e-08, 1.542152539e-08, 6.07364691874e-09, 3.05788483423e-09, 3.11787751173e-09, 3.88470644541e-10, 4.81655992868e-10, 4.20303181148e-10, 9.37187327743e-10, 1.22867738206e-09, 7.73524466702e-10, 1.43235298622e-10, 1.49956727591e-10, 8.18969475569e-11, 1.05308817222e-10, 1.11587003526e-10, 2.09529477102e-11, 4.32511214343e-11, 4.09938923085e-11, 9.97011709303e-11, 1.10750859872e-10, 1.15913598164e-10, 8.96962087937e-11, 2.47983265866e-11]
    },
    "melbands128": {
