{
"lowlevel": {
    "average_loudness": 0.97715729475,
    "barkbands_crest": {
        "dmean": 1.77317786217,
        "dmean2": 2.55194807053,
        "dvar": 3.95199418068,
        "dvar2": 9.11064624786,
        "max": 25.0122032166,
        "mean": 12.9270982742,
        "median": 12.4829378128,
        "min": 4.10012102127,
        "stdev": 3.89337062836,
        "var": 15.1583356857
    },
    "barkbands_flatness_db": {
        "dmean": 0.0221396870911,
        "dmean2": 0.0310763642192,
        "dvar": 0.000542971945833,
        "dvar2": 0.00103369227145,
        "max": 0.378640621901,
        "mean": 0.181323632598,
        "median": 0.177623733878,
        "min": 0.0544764026999,
        "stdev": 0.0546516142786,
        "var": 0.00298679899424
    },
    "barkbands_kurtosis": {
        "dmean": 6.26103782654,
        "dmean2": 9.55111503601,
        "dvar": 82.9733886719,
        "dvar2": 185.626693726,
        "max": 131.324768066,
        "mean": 14.1827297211,
        "median": 9.45739459991,
        "min": -1.91345560551,
        "stdev": 14.6615028381,
        "var": 214.959655762
    },
    "barkbands_skewness": {
        "dmean": 0.683128118515,
        "dmean2": 1.01571452618,
        "dvar": 0.554801046848,
        "dvar2": 1.17300617695,
        "max": 9.34374904633,
        "mean": 3.0447716713,
        "median": 2.82507514954,
        "min": -1.76385009289,
        "stdev": 1.5054461956,
        "var": 2.26636838913
    },
    "barkbands_spread": {
        "dmean": 7.90292882919,
        "dmean2": 11.9495592117,
        "dvar": 103.857658386,
        "dvar2": 225.52897644,
        "max": 96.4456100464,
        "mean": 21.0052223206,
        "median": 16.6852912903,
        "min": 0.861504435539,
        "stdev": 17.8451499939,
        "var": 318.449401855
    },
    "dissonance": {
        "dmean": 0.0165074951947,
        "dmean2": 0.0274386741221,
        "dvar": 0.000303987733787,
        "dvar2": 0.000737300666515,
        "max": 0.500000059605,
        "mean": 0.459392726421,
        "median": 0.471107512712,
        "min": 0.29524487257,
        "stdev": 0.0381124690175,
        "var": 0.00145256042015
    },
    "dynamic_complexity": 2.05645918846,
    "erbbands_crest": {
        "dmean": 2.47650051117,
        "dmean2": 3.88686013222,
        "dvar": 6.12346458435,
        "dvar2": 14.3408184052,
        "max": 29.6397819519,
        "mean": 10.3215990067,
        "median": 8.34345054626,
        "min": 2.82212018967,
        "stdev": 5.92428970337,
        "var": 35.0972099304
    },
    "erbbands_flatness_db": {
        "dmean": 0.0137747535482,
        "dmean2": 0.0206940677017,
        "dvar": 0.000191552768229,
        "dvar2": 0.000378695054678,
        "max": 0.28034132719,
        "mean": 0.13177010417,
        "median": 0.116904512048,
        "min": 0.042716216296,
        "stdev": 0.0487530678511,
        "var": 0.00237686163746
    },
    "erbbands_kurtosis": {
        "dmean": 1.23360455036,
        "dmean2": 1.84676635265,
        "dvar": 2.41844749451,
        "dvar2": 4.91790819168,
        "max": 26.1093997955,
        "mean": 1.43960690498,
        "median": -0.173134803772,
        "min": -1.84224283695,
        "stdev": 4.09809923172,
        "var": 16.7944164276
    },
    "erbbands_skewness": {
        "dmean": 0.499114096165,
        "dmean2": 0.732606709003,
        "dvar": 0.285242527723,
        "dvar2": 0.597919881344,
        "max": 4.48422336578,
        "mean": 0.554148674011,
        "median": 0.440201103687,
        "min": -2.64009976387,
        "stdev": 1.19745087624,
        "var": 1.43388867378
    },
    "erbbands_spread": {
        "dmean": 14.5682449341,
        "dmean2": 21.9274215698,
        "dvar": 278.856536865,
        "dvar2": 582.264404297,
        "max": 142.481994629,
        "mean": 54.7295036316,
        "median": 53.2121086121,
        "min": 5.80208301544,
        "stdev": 30.2815341949,
        "var": 916.971313477
    },
    "hfc": {
        "dmean": 14.1851663589,
        "dmean2": 20.9394226074,
        "dvar": 366.028320312,
        "dvar2": 845.278686523,
        "max": 220.029205322,
        "mean": 34.8708610535,
        "median": 24.8513908386,
        "min": 1.2218831429e-16,
        "stdev": 31.8623561859,
        "var": 1015.2097168
    },
    "loudness_ebu128": {
        "integrated": -9.25267696381,
        "loudness_range": 2.57924079895,
        "momentary": {
            "dmean": 0.384713351727,
            "dmean2": 0.407811403275,
            "dvar": 0.132809326053,
            "dvar2": 0.157064542174,
            "max": -6.67853450775,
            "mean": -9.51252841949,
            "median": -9.10452842712,
            "min": -14.0358037949,
            "stdev": 1.61720633507,
            "var": 2.61535644531
        },
        "short_term": {
            "dmean": 0.0703175887465,
            "dmean2": 0.056499030441,
            "dvar": 0.00496468693018,
            "dvar2": 0.0029075180646,
            "max": -8.47745513916,
            "mean": -9.35326290131,
            "median": -8.87229537964,
            "min": -13.2067127228,
            "stdev": 1.15111339092,
            "var": 1.32506215572
        }
    },
    "melbands_crest": {
        "dmean": 2.53603720665,
        "dmean2": 3.5986392498,
        "dvar": 8.37056350708,
        "dvar2": 17.293548584,
        "max": 35.874546051,
        "mean": 26.0265884399,
        "median": 27.1115207672,
        "min": 3.52426981926,
        "stdev": 6.00868701935,
        "var": 36.1043205261
    },
    "melbands_flatness_db": {
        "dmean": 0.0268410220742,
        "dmean2": 0.0370469465852,
        "dvar": 0.000827670213766,
        "dvar2": 0.00153630622663,
        "max": 0.497305870056,
        "mean": 0.257286936045,
        "median": 0.252186208963,
        "min": 0.011629990302,
        "stdev": 0.0676967278123,
        "var": 0.00458284653723
    },
    "melbands_kurtosis": {
        "dmean": 16.4919624329,
        "dmean2": 24.5228691101,
        "dvar": 581.216308594,
        "dvar2": 1227.3671875,
        "max": 324.470825195,
        "mean": 42.2420654297,
        "median": 29.1860923767,
        "min": -1.27874028683,
        "stdev": 40.9504814148,
        "var": 1676.9420166
    },
    "melbands_skewness": {
        "dmean": 0.980318307877,
        "dmean2": 1.38767373562,
        "dvar": 1.20539343357,
        "dvar2": 2.28019094467,
        "max": 14.6392889023,
        "mean": 4.89121961594,
        "median": 4.51058864594,
        "min": 0.226585626602,
        "stdev": 2.48780035973,
        "var": 6.1891503334
    },
    "melbands_spread": {
        "dmean": 5.56529045105,
        "dmean2": 8.30711841583,
        "dvar": 121.854255676,
        "dvar2": 257.390716553,
        "max": 179.289489746,
        "mean": 14.2850170135,
        "median": 9.8156042099,
        "min": 0.668368816376,
        "stdev": 15.9065790176,
        "var": 253.019256592
    },
    "pitch_salience": {
        "dmean": 0.0570432953537,
        "dmean2": 0.0867957770824,
        "dvar": 0.00345105072483,
        "dvar2": 0.0086926696822,
        "max": 0.777991831303,
        "mean": 0.406260430813,
        "median": 0.395537734032,
        "min": 0.184920325875,
        "stdev": 0.0916487127542,
        "var": 0.00839948654175
    },
    "silence_rate_20dB": {
        "dmean": 0,
        "dmean2": 0,
        "dvar": 0,
        "dvar2": 0,
        "max": 1,
        "mean": 1,
        "median": 1,
        "min": 1,
        "stdev": 0,
        "var": 0
    },
    "silence_rate_30dB": {
        "dmean": 0.0572755411267,
        "dmean2": 0.114639811218,
        "dvar": 0.0539951920509,
        "dvar2": 0.124734185636,
        "max": 1,
        "mean": 0.948182523251,
        "median": 1,
        "min": 0,
        "stdev": 0.221659138799,
        "var": 0.04913277179
    },
    "silence_rate_60dB": {
        "dmean": 0.000773993786424,
        "dmean2": 0.000774593325332,
        "dvar": 0.000773391744588,
        "dvar2": 0.000773989362642,
        "max": 1,
        "mean": 0.00077339517884,
        "median": 0,
        "min": 0,
        "stdev": 0.0277991909534,
        "var": 0.000772794999648
    },
    "spectral_centroid": {
        "dmean": 437.681549072,
        "dmean2": 662.375732422,
        "dvar": 333955.78125,
        "dvar2": 647592.625,
        "max": 11124.0175781,
        "mean": 1375.65283203,
        "median": 1168.69445801,
        "min": 258.409088135,
        "stdev": 846.977050781,
        "var": 717370.125
    },
    "spectral_complexity": {
        "dmean": 3.94969034195,
        "dmean2": 5.96514320374,
        "dvar": 23.3078403473,
        "dvar2": 42.2118034363,
        "max": 53,
        "mean": 16.9389019012,
        "median": 15,
        "min": 0,
        "stdev": 9.07509803772,
        "var": 82.3574066162
    },
    "spectral_decrease": {
        "dmean": 2.39608954899e-09,
        "dmean2": 3.637361079e-09,
        "dvar": 7.59012492836e-18,
        "dvar2": 1.76164522707e-17,
        "max": -1.19659014484e-28,
        "mean": -1.74618755011e-08,
        "median": -1.94487466132e-08,
        "min": -3.94488246513e-08,
        "stdev": 7.5382953213e-09,
        "var": 5.68258985666e-17
    },
    "spectral_energy": {
        "dmean": 0.00930041540414,
        "dmean2": 0.0141423456371,
        "dvar": 0.000114910959383,
        "dvar2": 0.000266844930593,
        "max": 0.151823982596,
        "mean": 0.0690680071712,
        "median": 0.0769522488117,
        "min": 1.15344504151e-20,
        "stdev": 0.0290584918112,
        "var": 0.000844395894092
    },
    "spectral_energyband_high": {
        "dmean": 0.0017055986682,
        "dmean2": 0.00262499437667,
        "dvar": 6.02437103225e-06,
        "dvar2": 1.39396888699e-05,
        "max": 0.0273283980787,
        "mean": 0.00269723008387,
        "median": 0.00133163807914,
        "min": 8.05187948017e-21,
        "stdev": 0.00344993104227,
        "var": 1.19020241982e-05
    },
    "spectral_energyband_low": {
        "dmean": 0.00694836629555,
        "dmean2": 0.0100306766108,
        "dvar": 8.23808295536e-05,
        "dvar2": 0.000181250259629,
        "max": 0.127926543355,
        "mean": 0.0482110865414,
        "median": 0.0540716946125,
        "min": 2.33412153118e-22,
        "stdev": 0.0283628962934,
        "var": 0.00080445385538
    },
    "spectral_energyband_middle_high": {
        "dmean": 0.00182587571908,
        "dmean2": 0.00250972248614,
        "dvar": 1.37993620228e-05,
        "dvar2": 2.38896973315e-05,
        "max": 0.0493288338184,
        "mean": 0.00418826891109,
        "median": 0.00159389595501,
        "min": 1.7688437489e-21,
        "stdev": 0.00667812069878,
        "var": 4.45972982561e-05
    },
    "spectral_energyband_middle_low": {
        "dmean": 0.00450769113377,
        "dmean2": 0.00692671816796,
        "dvar": 4.5102678996e-05,
        "dvar2": 0.000107095278508,
        "max": 0.075226560235,
        "mean": 0.0132352383807,
        "median": 0.00964052509516,
        "min": 5.21899015297e-22,
        "stdev": 0.0103177204728,
        "var": 0.00010645535076
    },
    "spectral_entropy": {
        "dmean": 0.201321959496,
        "dmean2": 0.290146738291,
        "dvar": 0.045471675694,
        "dvar2": 0.0884370058775,
        "max": 9.80119895935,
        "mean": 7.73446464539,
        "median": 7.82043266296,
        "min": 6.22830200195,
        "stdev": 0.511608481407,
        "var": 0.261743247509
    },
    "spectral_flux": {
        "dmean": 0.0288364067674,
        "dmean2": 0.0430139712989,
        "dvar": 0.00108101312071,
        "dvar2": 0.00196734536439,
        "max": 0.320514500141,
        "mean": 0.0969453305006,
        "median": 0.0899365693331,
        "min": 1.07398555327e-10,
        "stdev": 0.056278064847,
        "var": 0.00316722062416
    },
    "spectral_kurtosis": {
        "dmean": 1.32891142368,
        "dmean2": 2.03243327141,
        "dvar": 2.10499882698,
        "dvar2": 4.8118481636,
        "max": 16.831199646,
        "mean": 2.86419725418,
        "median": 2.25760316849,
        "min": -1.24060094357,
        "stdev": 2.80401325226,
        "var": 7.86249065399
    },
    "spectral_rms": {
        "dmean": 0.000542458321434,
        "dmean2": 0.000815250095911,
        "dvar": 4.07600623475e-07,
        "dvar2": 8.49902789923e-07,
        "max": 0.0121704954654,
        "mean": 0.00792399793863,
        "median": 0.00866460427642,
        "min": 3.354567275e-12,
        "stdev": 0.00214331946336,
        "var": 4.59381863038e-06
    },
    "spectral_rolloff": {
        "dmean": 470.63079834,
        "dmean2": 775.831604004,
        "dvar": 1735230,
        "dvar2": 3656374,
        "max": 18497.0214844,
        "mean": 847.621826172,
        "median": 366.064453125,
        "min": 43.06640625,
        "stdev": 1633.87561035,
        "var": 2669549.5
    },
    "spectral_skewness": {
        "dmean": 0.302570343018,
        "dmean2": 0.4356084764,
        "dvar": 0.0988211780787,
        "dvar2": 0.204188272357,
        "max": 3.31746125221,
        "mean": 1.36072790623,
        "median": 1.35061907768,
        "min": -0.00675391359255,
        "stdev": 0.590251088142,
        "var": 0.348396331072
    },
    "spectral_spread": {
        "dmean": 893824.375,
        "dmean2": 1232648.75,
        "dvar": 1.64746677453e+12,
        "dvar2": 2.31568257843e+12,
        "max": 41575744,
        "mean": 6559017.5,
        "median": 6373943,
        "min": 2527527.5,
        "stdev": 2451703,
        "var": 6.01084762522e+12
    },
    "spectral_strongpeak": {
        "dmean": 0.157468289137,
        "dmean2": 0.276067703962,
        "dvar": 0.101711191237,
        "dvar2": 0.275748550892,
        "max": 6.38054323196,
        "mean": 0.582193434238,
        "median": 0.368708103895,
        "min": 0,
        "stdev": 0.584471821785,
        "var": 0.341607302427
    },
    "zerocrossingrate": {
        "dmean": 0.012323810719,
        "dmean2": 0.0148053988814,
        "dvar": 0.000350645394064,
        "dvar2": 0.000437160546426,
        "max": 0.4990234375,
        "mean": 0.0509273931384,
        "median": 0.03955078125,
        "min": 0.00244140625,
        "stdev": 0.04135986045,
        "var": 0.00171063817106
    },
    "barkbands": {
        "dmean": [0.00339384609833, 0.00611508591101, 0.00239501241595, 0.00122234784067, 0.00243711145595, 0.000900951970834, 0.00101215124596, 0.00125543563627, 0.00031688719173, 0.000618752615992, 0.000138613540912, 0.000385243474739, 0.000381429388653, 0.000289835996227, 0.000196342953132, 0.000156888418132, 0.000178147252882, 0.00023714278359, 0.000194476146135, 0.000217750028241, 0.0003575393348, 0.000517162261531, 0.000286546710413, 0.00030065010651, 0.000312449818011, 0.000135204434628, 3.14820226777e-06],
        "dmean2": [0.00551792001352, 0.00838391389698, 0.00407931534573, 0.00200799084269, 0.00371725740843, 0.00140880874824, 0.00163027574308, 0.00187214836478, 0.000473478808999, 0.000886057270691, 0.000213736071601, 0.000536200299393, 0.000602658139542, 0.000443912082119, 0.000307093694573, 0.000241458415985, 0.000265578826657, 0.000397298834287, 0.000306021160213, 0.000354207179043, 0.000577263534069, 0.000832741730846, 0.000447088474175, 0.000462382857222, 0.000460030278191, 0.000201715462026, 5.09231222168e-06],
        "dvar": [1.38203249662e-05, 6.41284932499e-05, 3.86105712096e-05, 7.82488041295e-06, 1.81288123713e-05, 4.20952710556e-06, 4.95932818012e-06, 8.07330343378e-06, 8.14619795619e-07, 4.7762819122e-06, 2.06415904813e-07, 1.64071661857e-06, 2.47513526119e-06, 1.04505909349e-06, 4.68974178602e-07, 1.39767692531e-07, 1.62513373425e-07, 5.65915229345e-07, 1.94687814314e-07, 2.65491564733e-07, 3.92531973148e-07, 6.33056004062e-07, 3.47250988852e-07, 3.32503390155e-07, 4.46908813956e-07, 8.81534916175e-08, 6.44192962862e-11],
        "dvar2": [3.44520085491e-05, 0.000126130573335, 0.000113019617856, 2.22858179768e-05, 3.79599659937e-05, 9.61357363849e-06, 1.19899041238e-05, 1.72840173036e-05, 1.59853368586e-06, 8.63898185344e-06, 4.73904862019e-07, 2.91394758278e-06, 5.42228053746e-06, 2.35212269217e-06, 9.17423335522e-07, 3.12377750333e-07, 3.41737973031e-07, 1.57020338065e-06, 4.54252898408e-07, 6.11691973518e-07, 8.59393878727e-07, 1.57456327088e-06, 8.42273948365e-07, 7.61177545883e-07, 1.02167018667e-06, 1.86374123246e-07, 1.36890651592e-10],
        "max": [0.0470291189849, 0.105762377381, 0.0550012588501, 0.0288883261383, 0.0564161576331, 0.0444811433554, 0.0328883938491, 0.0383440703154, 0.0149104418233, 0.0342399515212, 0.0104458611459, 0.0278783105314, 0.0276166684926, 0.0213302597404, 0.0180596578866, 0.00711138965562, 0.00715026305988, 0.0143230259418, 0.00865849014372, 0.0103581510484, 0.0096330922097, 0.00681503163651, 0.0112812425941, 0.00612018909305, 0.0110956216231, 0.00437262188643, 0.000130953281769],
        "mean": [0.0167089793831, 0.0287889782339, 0.00351999816485, 0.00163656566292, 0.00443956395611, 0.00195049331523, 0.00214359629899, 0.00218202685937, 0.000770547718275, 0.00102200359106, 0.000201918795938, 0.000664113264065, 0.000492951250635, 0.000360233214451, 0.000272273522569, 0.000211169899558, 0.000291591626592, 0.000312218267936, 0.00027275152388, 0.000286233407678, 0.000400820717914, 0.000534445804078, 0.00040976353921, 0.000435556023149, 0.000536129809916, 0.000219593959628, 3.53434279532e-06],
        "median": [0.0190840922296, 0.0303340218961, 0.00281749572605, 0.00104171747807, 0.0023079640232, 0.000659582554363, 0.000895102275535, 0.000607939320616, 0.000180400587851, 0.000162494776305, 9.10905364435e-05, 0.000181876763236, 0.000104821214336, 8.90834271559e-05, 7.55681976443e-05, 6.3576750108e-05, 6.49571084068e-05, 6.00763378316e-05, 7.77866880526e-05, 0.000115771814308, 0.000131179869641, 0.000130131214974, 0.000142592645716, 0.000146469727042, 0.000136142931296, 5.99282320763e-05, 3.0179347732e-07],
        "min": [4.495256973e-23, 1.67693993883e-22, 2.51607438156e-23, 2.38070017042e-23, 1.39637556254e-22, 8.23097405399e-23, 3.30062305753e-23, 1.80970734332e-23, 2.14470933829e-22, 7.92152032918e-23, 5.41829112751e-23, 4.06965610167e-23, 1.3575158957e-22, 3.65144023059e-23, 1.95500684459e-22, 2.84639240446e-22, 1.72372267217e-22, 2.04019056949e-22, 3.39769106663e-22, 3.80335262661e-22, 5.40582018323e-22, 5.97565139687e-22, 6.89931133896e-22, 7.74244536959e-22, 1.1826141239e-21, 1.76800808645e-21, 2.5302069572e-21],
        "stdev": [0.0110222948715, 0.018980614841, 0.00521144643426, 0.00258197588846, 0.00621247477829, 0.00391976442188, 0.0032627498731, 0.00396579410881, 0.00184437772259, 0.00343453488313, 0.000490056350827, 0.00194031000137, 0.00176519283559, 0.00116468127817, 0.000905256660189, 0.000440585048636, 0.000604010769166, 0.000730521744117, 0.000557463499717, 0.000580558145884, 0.000742181728128, 0.000834115489852, 0.00072901690146, 0.000771439110395, 0.000957193900831, 0.000443978584372, 1.01110172182e-05],
        "var": [0.000121490978927, 0.000360263715265, 2.71591761702e-05, 6.66659980197e-06, 3.85948405892e-05, 1.53645542014e-05, 1.06455372588e-05, 1.57275226229e-05, 3.40172914548e-06, 1.17960298667e-05, 2.40155202391e-07, 3.76480306841e-06, 3.11590565616e-06, 1.35648235755e-06, 8.19489571313e-07, 1.94115187924e-07, 3.64828991906e-07, 5.33661989266e-07, 3.10765528866e-07, 3.37047765697e-07, 5.50833703983e-07, 6.95748610724e-07, 5.31465616405e-07, 5.95118308411e-07, 9.16220187719e-07, 1.97116975187e-07, 1.02232666777e-10]
    },
    "erbbands": {
        "dmean": [0.316245853901, 1.33041918278, 2.36855268478, 3.75632691383, 4.12679100037, 9.4925031662, 12.1526489258, 7.03073835373, 11.5884914398, 21.1145935059, 23.3362293243, 6.98077630997, 16.3208770752, 11.5778684616, 8.12560081482, 14.1437253952, 16.7234363556, 12.1506929398, 10.6840343475, 10.840180397, 9.41552734375, 10.2225847244, 11.1764812469, 12.2791910172, 8.04853057861, 10.8408060074, 10.0519142151, 18.0313549042, 20.0879917145, 11.6441392899, 8.05585384369, 6.18769979477, 5.22447538376, 4.38879203796, 1.84263265133, 0.885000288486, 0.186126962304, 0.0165814030915, 0.000440254021669, 2.66125043709e-05],
        "dmean2": [0.452348858118, 1.91269862652, 4.00029945374, 6.37367773056, 6.46590423584, 14.6294240952, 19.5583057404, 10.7476062775, 18.309135437, 33.0480804443, 34.5218200684, 10.2503890991, 24.2800788879, 16.4681854248, 11.6769218445, 19.5795841217, 25.560300827, 18.0430450439, 15.8947601318, 16.0741882324, 14.0255126953, 14.8937540054, 18.6161823273, 19.4618015289, 12.4319353104, 17.5468578339, 15.805150032, 29.578289032, 32.3587112427, 18.8202342987, 12.482632637, 9.85945129395, 8.05759334564, 6.59991645813, 2.75584602356, 1.33738386631, 0.283587008715, 0.0254109948874, 0.000670776935294, 3.97995136154e-05],
        "dvar": [0.169663727283, 7.20331001282, 42.3650360107, 84.2674179077, 65.569694519, 395.243804932, 645.410827637, 360.084716797, 561.075378418, 2486.98681641, 2657.36767578, 298.538665771, 2746.09448242, 1415.81347656, 588.765808105, 1952.49243164, 4327.76416016, 1626.83837891, 926.277587891, 1834.96716309, 516.243835449, 602.704284668, 1311.40734863, 996.11340332, 266.99697876, 660.417602539, 413.808837891, 1009.69598389, 968.83215332, 347.275939941, 350.858428955, 131.007659912, 117.837654114, 96.2746658325, 15.3242321014, 4.02008056641, 0.168380245566, 0.00115872430615, 9.02376314116e-07, 1.62596003328e-09],
        "dvar2": [0.380620568991, 17.6410255432, 117.240982056, 244.150192261, 167.665893555, 798.452514648, 1520.60314941, 789.598876953, 1316.00439453, 5269.39501953, 5659.11572266, 554.725219727, 5300.78857422, 2586.72729492, 1154.90979004, 3508.29345703, 9049.30175781, 3368.19433594, 2098.17163086, 3306.90698242, 1164.06689453, 1222.13977051, 3608.82495117, 2535.88037109, 614.081420898, 1570.03930664, 893.771789551, 2328.53417969, 2394.53540039, 877.524902344, 842.163513184, 317.553771973, 260.347290039, 227.48828125, 33.543598175, 8.77485275269, 0.334356278181, 0.00227945344523, 1.83759414085e-06, 3.4598162113e-09],
        "max": [6.16149330139, 24.5937633514, 52.6453399658, 95.3640670776, 119.272605896, 326.106781006, 321.07723999, 396.516876221, 304.749938965, 702.440673828, 732.99041748, 321.16809082, 754.327270508, 740.111328125, 591.49786377, 783.600219727, 1296.13708496, 682.378417969, 617.107849121, 1223.58349609, 478.079803467, 494.270050049, 695.547302246, 591.415649414, 249.800888062, 511.933868408, 447.265899658, 425.303314209, 240.190002441, 263.361663818, 401.923339844, 151.674804688, 137.774642944, 151.318695068, 56.0801696777, 31.2919254303, 6.30534410477, 0.553640544415, 0.0141167836264, 0.000567177601624],
        "mean": [1.89861738682, 2.36667656898, 3.95477032661, 5.13358688354, 6.6915307045, 15.1112375259, 23.9761295319, 15.8603973389, 24.2780952454, 42.1717300415, 42.2233123779, 19.3210659027, 26.9792575836, 20.0516414642, 14.7055435181, 25.074962616, 23.5579929352, 16.5408153534, 16.0327396393, 14.9792766571, 14.3244132996, 16.6451225281, 16.1675662994, 17.1616363525, 11.9812994003, 14.1452112198, 13.0732698441, 18.4598731995, 20.2926101685, 14.0331249237, 11.7099351883, 8.86858940125, 7.71940326691, 7.21832323074, 3.03810620308, 1.4093528986, 0.302463978529, 0.0251551028341, 0.000690904620569, 0.000112995410745],
        "median": [2.06278681755, 1.70398652554, 3.23762750626, 3.42808818817, 4.63861989975, 7.00704479218, 5.84664297104, 5.95647144318, 12.3218660355, 20.2112445831, 14.3137903214, 4.95442867279, 5.5737195015, 5.5888967514, 6.01258993149, 7.20814037323, 5.73714971542, 4.60301923752, 5.33839941025, 3.52037000656, 4.2901763916, 4.06447076797, 3.70432305336, 3.91102051735, 4.57154226303, 5.5922908783, 5.31190443039, 5.06576824188, 4.67335033417, 4.17317485809, 3.77878046036, 3.1591322422, 2.41314268112, 1.57906377316, 0.890650570393, 0.379458069801, 0.0860551223159, 0.00669742049649, 0.00023429490102, 0.000104901642771],
        "min": [4.87378613546e-21, 3.64390702041e-20, 4.21215683678e-20, 6.53253093314e-20, 1.0781045589e-19, 6.06202207042e-19, 7.58634068046e-19, 7.91324607746e-19, 4.32251087305e-19, 4.7229102335e-19, 1.32990924581e-18, 5.09374967437e-18, 2.55382294754e-18, 2.40566001058e-18, 1.55239756613e-18, 2.79294845492e-18, 5.21542752889e-18, 2.83712300155e-18, 3.98970137104e-18, 1.46649179895e-17, 1.4579519863e-17, 1.12059646508e-17, 1.15950009277e-17, 1.19505082658e-17, 1.9533016515e-17, 1.94698993256e-17, 1.75058433335e-17, 2.4275884859e-17, 2.3543125259e-17, 1.75266866306e-17, 2.04681458519e-17, 1.09755245398e-17, 1.50996708845e-17, 1.07186469093e-17, 1.0472019701e-17, 6.18615499699e-18, 3.55145115634e-18, 1.39838098217e-18, 3.69069351908e-19, 3.55344706561e-20],
        "stdev": [1.14457166195, 3.02355027199, 5.67059516907, 8.18183517456, 8.3594493866, 27.0845451355, 42.0926856995, 33.2654914856, 35.4716911316, 70.0264282227, 75.6681060791, 44.2528038025, 78.4810943604, 56.7697219849, 37.3218765259, 67.6821212769, 77.6178894043, 50.5993995667, 38.3240776062, 58.9200782776, 27.6987228394, 36.7186164856, 36.572303772, 36.4521369934, 20.886756897, 28.6435012817, 24.0924491882, 35.8021278381, 32.5688781738, 20.8882713318, 22.5938262939, 14.8525018692, 14.5165271759, 13.4842500687, 5.52232027054, 2.79561543465, 0.65832644701, 0.0521309748292, 0.00136606313754, 7.15300921001e-05],
        "var": [1.31004428864, 9.14185619354, 32.1556472778, 66.9424209595, 69.8803863525, 733.572570801, 1771.79406738, 1106.59289551, 1258.2409668, 4903.70019531, 5725.66259766, 1958.31066895, 6159.28173828, 3222.80126953, 1392.92248535, 4580.86914062, 6024.53710938, 2560.29907227, 1468.73498535, 3471.57543945, 767.219238281, 1348.25671387, 1337.5333252, 1328.75817871, 436.256622314, 820.450195312, 580.446105957, 1281.79248047, 1060.73193359, 436.319854736, 510.481018066, 220.596801758, 210.729553223, 181.825012207, 30.4960212708, 7.81546592712, 0.43339368701, 0.00271763838828, 1.86612862763e-06, 5.11655384727e-09]
    },
    "gfcc": {
        "mean": [26.649936676, 73.7074432373, -83.5995254517, 37.6492614746, -65.5086746216, 20.6832046509, -37.0796051025, 14.1153526306, -21.5902614594, 13.3013963699, -11.951634407, 5.21753978729, -10.733581543],
        "cov": [[4925.13964844, -1283.56677246, 310.241027832, 701.859436035, 151.912628174, 639.97467041, -79.466835022, 543.208374023, -89.0183792114, 213.630172729, -140.234222412, 261.254882812, 53.4537734985], [-1283.56677246, 1543.01123047, -38.5040168762, 0.147261962295, 460.940307617, -40.5975875854, 323.257751465, -94.0163879395, 260.132354736, 1.30753338337, 230.132522583, -67.4951477051, 70.5807876587], [310.241027832, -38.5040168762, 873.269714355, 594.401855469, 186.985153198, 391.867767334, 144.277999878, 89.0233383179, 178.330780029, 106.509254456, 47.4644889832, 102.926628113, 71.377746582], [701.859436035, 0.147261962295, 594.401855469, 898.609802246, 297.885253906, 428.142700195, 251.019714355, 103.310501099, 243.060806274, 95.662727356, 75.3310699463, 111.343383789, 103.120185852], [151.912628174, 460.940307617, 186.985153198, 297.885253906, 515.201416016, 233.039260864, 201.908843994, 152.981781006, 155.541870117, 67.3626251221, 123.094467163, 60.58152771, 90.3820419312], [639.97467041, -40.5975875854, 391.867767334, 428.142700195, 233.039260864, 506.268035889, 196.37789917, 105.175415039, 157.601287842, 97.2357177734, 31.2425842285, 64.2579727173, 53.0979347229], [-79.466835022, 323.257751465, 144.277999878, 251.019714355, 201.908843994, 196.37789917, 302.729034424, 42.1671524048, 157.762374878, 37.8871154785, 40.713596344, 14.1753034592, 19.0837039948], [543.208374023, -94.0163879395, 89.0233383179, 103.310501099, 152.981781006, 105.175415039, 42.1671524048, 230.867965698, 43.8551101685, 32.5987548828, 8.24976062775, 32.5602493286, 18.2224998474], [-89.0183792114, 260.132354736, 178.330780029, 243.060806274, 155.541870117, 157.601287842, 157.762374878, 43.8551101685, 245.566711426, 36.441028595, 42.9819030762, 12.7289733887, 11.121430397], [213.630172729, 1.30753338337, 106.509254456, 95.662727356, 67.3626251221, 97.2357177734, 37.8871154785, 32.5987548828, 36.441028595, 118.258453369, 41.4678726196, 12.214799881, 16.2711982727], [-140.234222412, 230.132522583, 47.4644889832, 75.3310699463, 123.094467163, 31.2425842285, 40.713596344, 8.24976062775, 42.9819030762, 41.4678726196, 126.158935547, 18.9091396332, 27.9519100189], [261.254882812, -67.4951477051, 102.926628113, 111.343383789, 60.58152771, 64.2579727173, 14.1753034592, 32.5602493286, 12.7289733887, 12.214799881, 18.9091396332, 111.032897949, 30.0001564026], [53.4537734985, 70.5807876587, 71.377746582, 103.120185852, 90.3820419312, 53.0979347229, 19.0837039948, 18.2224998474, 11.121430397, 16.2711982727, 27.9519100189, 30.0001564026, 91.8491363525]],
        "icov": [[0.000663008599076, -0.000350871967385, 0.000666622945573, -0.000944868894294, 0.000500141177326, -0.000953707203735, 0.00099202641286, -0.00156732986216, 0.000975836708676, -0.00113852368668, 0.00129546807148, -0.00122248136904, 0.000679146440234], [-0.000350871967385, 0.00359186925925, -0.000951976922806, 0.00224525947124, -0.00312407012098, 0.00223259418271, -0.00328876567073, 0.00351070426404, -0.00305723189376, 0.00208169547841, -0.00417668744922, 0.00287935091183, -0.00223460886627], [0.000666622945573, -0.000951976922806, 0.00320798251778, -0.00239779567346, 0.00130661658477, -0.0021541910246, 0.00200511957519, -0.0020844778046, 0.000976244860794, -0.00205133552663, 0.00193465279881, -0.00228703371249, 0.000902595580555], [-0.000944868894294, 0.00224525947124, -0.00239779567346, 0.00525872595608, -0.00212866370566, 0.00142570864409, -0.00360617577098, 0.00360117084347, -0.00373294949532, 0.00254993117414, -0.00384575664066, 0.00199708924629, -0.00339252734557], [0.000500141177326, -0.00312407012098, 0.00130661658477, -0.00212866370566, 0.00780572695658, -0.00288813724183, 0.00132067420054, -0.00577786471695, 0.00208519934677, -0.0016314034583, 0.00055189995328, -0.00316425971687, -0.000753341359086], [-0.000953707203735, 0.00223259418271, -0.0021541910246, 0.00142570864409, -0.00288813724183, 0.00685492390767, -0.00405072374269, 0.00321876793168, -0.00285214255564, 0.00052884418983, -0.00210571102798, 0.0024988418445, -0.00192867172882], [0.00099202641286, -0.00328876567073, 0.00200511957519, -0.00360617577098, 0.00132067420054, -0.00405072374269, 0.0102500356734, -0.00365279358812, 0.00126561173238, -0.00278496881947, 0.00523270759732, -0.00294246361591, 0.00378630124032], [-0.00156732986216, 0.00351070426404, -0.0020844778046, 0.00360117084347, -0.00577786471695, 0.00321876793168, -0.00365279358812, 0.0118543952703, -0.00437464658171, 0.00288723013364, -0.00384774059057, 0.00381112005562, -0.00203255191445], [0.000975836708676, -0.00305723189376, 0.000976244860794, -0.00373294949532, 0.00208519934677, -0.00285214255564, 0.00126561173238, -0.00437464658171, 0.0108028100803, -0.00257797655649, 0.00366156408563, -0.00240474194288, 0.00423544179648], [-0.00113852368668, 0.00208169547841, -0.00205133552663, 0.00254993117414, -0.0016314034583, 0.00052884418983, -0.00278496881947, 0.00288723013364, -0.00257797655649, 0.0141888279468, -0.00755863310769, 0.00397060438991, -0.00209837500006], [0.00129546807148, -0.00417668744922, 0.00193465279881, -0.00384575664066, 0.00055189995328, -0.00210571102798, 0.00523270759732, -0.00384774059057, 0.00366156408563, -0.00755863310769, 0.0185823533684, -0.00562835577875, 0.0026991951745], [-0.00122248136904, 0.00287935091183, -0.00228703371249, 0.00199708924629, -0.00316425971687, 0.0024988418445, -0.00294246361591, 0.00381112005562, -0.00240474194288, 0.00397060438991, -0.00562835577875, 0.015195146203, -0.00410411506891], [0.000679146440234, -0.00223460886627, 0.000902595580555, -0.00339252734557, -0.000753341359086, -0.00192867172882, 0.00378630124032, -0.00203255191445, 0.00423544179648, -0.00209837500006, 0.0026991951745, -0.00410411506891, 0.017167545855]]
    },
    "melbands": {
        "dmean": [0.00196049362421, 0.0011580826249, 0.00060174689861, 0.000435567169916, 0.000456339941593, 0.000155247122166, 0.000184773089131, 0.000250469718594, 0.000158322494826, 4.29357787652e-05, 8.88134891284e-05, 5.7888446463e-05, 2.26102019951e-05, 4.42359560111e-05, 3.57653443643e-05, 3.77743235731e-05, 2.26794745686e-05, 2.11599272006e-05, 1.42430999404e-05, 1.17866065921e-05, 1.16771079774e-05, 1.11796980491e-05, 1.00554352684e-05, 1.21066914289e-05, 1.04849314084e-05, 6.41201813778e-06, 6.23483356321e-06, 7.87222961662e-06, 6.41917267785e-06, 6.87077181283e-06, 1.2844308003e-05, 1.16107630674e-05, 9.85999758996e-06, 5.5630771385e-06, 5.01967952005e-06, 4.17068258685e-06, 3.94725248043e-06, 3.88818534702e-06, 3.9463648136e-06, 3.83749193134e-06],
        "dmean2": [0.00267603504471, 0.00178503047209, 0.000994201051071, 0.000663904764224, 0.000714782858267, 0.000237975429627, 0.000295414676657, 0.000379154633265, 0.000235530387727, 6.44484025543e-05, 0.000131843509735, 8.21094581624e-05, 3.38181962434e-05, 6.03459848207e-05, 5.10756872245e-05, 5.94762896071e-05, 3.46287779394e-05, 3.19655555359e-05, 2.21538775804e-05, 1.79111357284e-05, 1.73956887011e-05, 1.66926110978e-05, 1.60398121807e-05, 2.0131270503e-05, 1.67798134498e-05, 1.00378802017e-05, 1.00099650808e-05, 1.2818032701e-05, 1.01748719317e-05, 1.07476853373e-05, 2.15567943087e-05, 1.86431079783e-05, 1.61876687343e-05, 8.99721635506e-06, 7.91135335021e-06, 6.56959355183e-06, 6.37709808871e-06, 6.13566362517e-06, 5.92906326347e-06, 5.84443523621e-06],
        "dvar": [5.16350792168e-06, 8.56665428728e-06, 2.03509534913e-06, 6.36661980025e-07, 8.44906708153e-07, 1.66025998283e-07, 1.40198679333e-07, 2.98340495419e-07, 1.21330572256e-07, 1.43996041757e-08, 8.42043519356e-08, 3.8940441982e-08, 4.08791311912e-09, 2.53092782287e-08, 2.2227601093e-08, 2.63021551206e-08, 6.2038441051e-09, 4.85073980983e-09, 2.41459274797e-09, 1.40626843503e-09, 7.56755491604e-10, 7.97279742226e-10, 6.54757636998e-10, 1.68608915718e-09, 7.90750298574e-10, 1.58671784045e-10, 1.98371527538e-10, 3.99002247908e-10, 1.85524956509e-10, 2.64274352402e-10, 5.01125974051e-10, 3.40640932128e-10, 2.53615989321e-10, 8.92708407196e-11, 1.82389076064e-10, 6.51408718633e-11, 6.19312170991e-11, 6.76788902698e-11, 7.00493482664e-11, 7.71221211893e-11],
        "dvar2": [1.02810654425e-05, 2.117891745e-05, 5.74973182665e-06, 1.29496811496e-06, 1.9406490992e-06, 3.68321138922e-07, 3.31803363451e-07, 6.21393212441e-07, 2.56999101111e-07, 2.81300138738e-08, 1.596394128e-07, 7.0812625097e-08, 8.91569840178e-09, 4.0271078916e-08, 3.94411756588e-08, 5.5951073108e-08, 1.32637847372e-08, 1.10482005766e-08, 4.8809662978e-09, 2.56078869221e-09, 1.65791058659e-09, 1.6044301443e-09, 1.72537806264e-09, 4.64078020457e-09, 2.01568495228e-09, 3.56468354834e-10, 4.47882342325e-10, 9.74031411083e-10, 4.35966207579e-10, 5.74008784948e-10, 1.2383279957e-09, 8.47458048181e-10, 6.39349573284e-10, 2.30428023884e-10, 4.51657294898e-10, 1.47159895381e-10, 1.60473342947e-10, 1.57157495351e-10, 1.57967403047e-10, 1.86227214205e-10],
        "max": [0.0389748178422, 0.0243551488966, 0.0144484406337, 0.0114150689915, 0.011711511761, 0.0086227171123, 0.00467174639925, 0.00886614527553, 0.00535517977551, 0.00180502992589, 0.00406735995784, 0.00312502239831, 0.00149070785847, 0.00418630382046, 0.0036880413536, 0.00370000791736, 0.00130992790218, 0.00155254593119, 0.00120073265862, 0.000997610739432, 0.000545072602108, 0.000559186970349, 0.000328495982103, 0.000833714613691, 0.000582243432291, 0.000171730251168, 0.000222424248932, 0.000450988387456, 0.000267544091912, 0.000348238507286, 0.000259901542449, 0.000190016755369, 0.000201768823899, 0.000117837800644, 0.000302183063468, 0.000134308109409, 9.93035719148e-05, 0.000112843968964, 0.000101165991509, 0.000137649942189],
        "mean": [0.0127540156245, 0.00215310323983, 0.000916586490348, 0.000749763159547, 0.000872973236255, 0.000343435414834, 0.000394768925617, 0.000497556466144, 0.000298378407024, 0.000105940271169, 0.000143561133882, 9.72371635726e-05, 3.74372175429e-05, 7.76970991865e-05, 5.13421291544e-05, 5.03828123328e-05, 2.86660051643e-05, 2.89646595775e-05, 1.87708828889e-05, 1.63512850122e-05, 1.67224188772e-05, 1.76335124706e-05, 1.42060544022e-05, 1.5400148186e-05, 1.39826797749e-05, 9.20103684621e-06, 8.4555686044e-06, 9.57546217251e-06, 7.94334027887e-06, 8.05478339316e-06, 1.20759013953e-05, 1.16417149911e-05, 9.88732062979e-06, 6.98356643625e-06, 6.94667369316e-06, 5.93943968852e-06, 5.29646331415e-06, 5.27981546838e-06, 5.92357173446e-06, 6.12527264821e-06],
        "median": [0.0141299823299, 0.00165134225972, 0.000649851863272, 0.000458994734799, 0.000227508251555, 0.00012151748524, 0.000194780819584, 0.000214604762732, 9.32857583393e-05, 2.37740532611e-05, 2.62072280748e-05, 2.25539843086e-05, 1.61109546752e-05, 2.0337098249e-05, 1.55355155584e-05, 9.96172730083e-06, 7.7759314081e-06, 8.62628257892e-06, 4.7921857913e-06, 4.34935191151e-06, 4.50637207905e-06, 3.61055367648e-06, 3.24997472489e-06, 2.74334138339e-06, 2.87056241177e-06, 3.13788245876e-06, 3.12108500111e-06, 3.29848830916e-06, 3.23238987221e-06, 2.45962382905e-06, 2.69555494015e-06, 2.49726349466e-06, 2.03611466532e-06, 2.38282905229e-06, 2.10506209442e-06, 1.82970165952e-06, 1.7666113763e-06, 1.56505564064e-06, 1.25802307593e-06, 1.2595953649e-06],
        "min": [4.83066232832e-23, 3.1858052994e-23, 1.09710136196e-23, 2.37615333394e-23, 2.89284949602e-23, 1.57674756722e-23, 7.17892690491e-24, 4.81139795059e-24, 1.72982160826e-23, 3.03181901962e-23, 1.29079629648e-23, 1.06964426929e-23, 6.57116124782e-24, 3.47328159605e-24, 1.34656142607e-23, 1.04460006548e-23, 4.28841354157e-24, 4.14835799317e-24, 1.6517784945e-23, 1.9936261613e-23, 1.67558789434e-23, 1.12576343966e-23, 1.24218676638e-23, 7.24962383037e-24, 9.8033314525e-24, 1.27492678165e-23, 1.65314069951e-23, 1.15183568701e-23, 1.10367273107e-23, 1.05632821833e-23, 1.56878701406e-23, 1.4888088245e-23, 8.22739483429e-24, 1.0961454992e-23, 1.4339301379e-23, 6.52743823772e-24, 6.51587235356e-24, 9.77212569281e-24, 1.1581111544e-23, 8.23466576525e-24],
        "stdev": [0.00750791234896, 0.00297230458818, 0.00132315978408, 0.0010731528746, 0.00146526482422, 0.000723902427126, 0.00056418980239, 0.00076875713421, 0.000528815202415, 0.000256597995758, 0.000441075710114, 0.000300584215438, 8.31202996778e-05, 0.000254447077168, 0.000184542164789, 0.000183768235729, 9.40559039009e-05, 8.06036623544e-05, 6.36559998384e-05, 5.12922524649e-05, 3.42152998201e-05, 4.186345177e-05, 2.98173235933e-05, 3.8702000893e-05, 3.20961480611e-05, 1.66765221365e-05, 1.63599215739e-05, 2.14477695408e-05, 1.48749886648e-05, 1.90732735064e-05, 2.3400894861e-05, 1.94239728444e-05, 1.61120424309e-05, 1.09167567643e-05, 1.51833537529e-05, 1.05403059933e-05, 9.46918135014e-06, 1.03516613308e-05, 1.13740998131e-05, 1.17866038636e-05],
        "var": [5.63687463e-05, 8.8345950644e-06, 1.75075172137e-06, 1.15165721581e-06, 2.14700094148e-06, 5.24034760474e-07, 3.18310128478e-07, 5.90987497162e-07, 2.79645519186e-07, 6.58425278743e-08, 1.94547780552e-07, 9.03508734496e-08, 6.90898405153e-09, 6.47433182621e-08, 3.40558123924e-08, 3.3770763963e-08, 8.8465128556e-09, 6.49695053312e-09, 4.05208622212e-09, 2.63089505737e-09, 1.17068665872e-09, 1.75254866175e-09, 8.89072815369e-10, 1.49784495918e-09, 1.03016262187e-09, 2.78106371265e-10, 2.67647015662e-10, 4.60006782665e-10, 2.21265297751e-10, 3.63789748326e-10, 5.47601908263e-10, 3.77290754194e-10, 2.59597898733e-10, 1.19175586066e-10, 2.30534244472e-10, 1.11098047428e-10, 8.96653931659e-11, 1.07156901408e-10, 1.29370153479e-10, 1.38924038939e-10]
    },
    "melbands128": {
