{
"lowlevel": {
    "average_loudness": 0.97578138113,
    "barkbands_crest": {
        "dmean": 3.25769758224,
        "dmean2": 4.25620508194,
        "dvar": 8.81510257721,
        "dvar2": 14.9242506027,
        "max": 26.6943855286,
        "mean": 14.1192655563,
        "median": 13.8179979324,
        "min": 2.65625286102,
        "stdev": 6.61465978622,
        "var": 43.7537231445
    },
    "barkbands_flatness_db": {
        "dmean": 0.0566824041307,
        "dmean2": 0.0695364847779,
        "dvar": 0.00316308485344,
        "dvar2": 0.00474229827523,
        "max": 0.747035205364,
        "mean": 0.214221224189,
        "median": 0.18823467195,
        "min": 0.0285276845098,
        "stdev": 0.116739571095,
        "var": 0.0136281279847
    },
    "barkbands_kurtosis": {
        "dmean": 65.7333374023,
        "dmean2": 103.894729614,
        "dvar": 62846.859375,
        "dvar2": 151241.125,
        "max": 2810.88720703,
        "mean": 64.8472366333,
        "median": 3.48712205887,
        "min": -1.88853192329,
        "stdev": 259.683532715,
        "var": 67435.53125
    },
    "barkbands_skewness": {
        "dmean": 2.40092563629,
        "dmean2": 3.31451678276,
        "dvar": 15.4343662262,
        "dvar2": 35.5527458191,
        "max": 46.2238998413,
        "mean": 3.46637272835,
        "median": 2.00260829926,
        "min": -3.20790529251,
        "stdev": 5.53772783279,
        "var": 30.666431427
    },
    "barkbands_spread": {
        "dmean": 12.1388397217,
        "dmean2": 17.8770828247,
        "dvar": 190.563079834,
        "dvar2": 415.152313232,
        "max": 108.019866943,
        "mean": 23.4333286285,
        "median": 19.2110042572,
        "min": 0.0203401874751,
        "stdev": 21.2706298828,
        "var": 452.439666748
    },
    "dissonance": {
        "dmean": 0.025239918381,
        "dmean2": 0.0405314154923,
        "dvar": 0.000947606167756,
        "dvar2": 0.00217119371518,
        "max": 0.499822497368,
        "mean": 0.461707085371,
        "median": 0.473477333784,
        "min": 0.168873250484,
        "stdev": 0.0386072099209,
        "var": 0.00149051670451
    },
    "dynamic_complexity": 3.29184174538,
    "erbbands_crest": {
        "dmean": 3.20435333252,
        "dmean2": 5.03345108032,
        "dvar": 10.0642299652,
        "dvar2": 19.6860942841,
        "max": 29.5851078033,
        "mean": 9.80728244781,
        "median": 8.55832386017,
        "min": 2.71636748314,
        "stdev": 4.76243305206,
        "var": 22.6807689667
    },
    "erbbands_flatness_db": {
        "dmean": 0.034979287535,
        "dmean2": 0.0519253760576,
        "dvar": 0.00140984728932,
        "dvar2": 0.00317287072539,
        "max": 0.442987054586,
        "mean": 0.169646114111,
        "median": 0.164617732167,
        "min": 0.0566734448075,
        "stdev": 0.0582783333957,
        "var": 0.00339636392891
    },
    "erbbands_kurtosis": {
        "dmean": 3.54283428192,
        "dmean2": 5.68023395538,
        "dvar": 100.099105835,
        "dvar2": 214.065963745,
        "max": 140.545578003,
        "mean": 2.63829398155,
        "median": 0.388754606247,
        "min": -1.83278393745,
        "stdev": 10.5426959991,
        "var": 111.148429871
    },
    "erbbands_skewness": {
        "dmean": 0.840258598328,
        "dmean2": 1.22082364559,
        "dvar": 0.985541403294,
        "dvar2": 1.88997864723,
        "max": 10.0996217728,
        "mean": 0.0175750795752,
        "median": -0.242338567972,
        "min": -4.13788843155,
        "stdev": 1.52176439762,
        "var": 2.31576681137
    },
    "erbbands_spread": {
        "dmean": 18.2347564697,
        "dmean2": 28.9652557373,
        "dvar": 444.60269165,
        "dvar2": 1087.75976562,
        "max": 218.084182739,
        "mean": 42.4891700745,
        "median": 37.0627822876,
        "min": 1.33155059814,
        "stdev": 27.9745998383,
        "var": 782.578186035
    },
    "hfc": {
        "dmean": 21.6516819,
        "dmean2": 28.9779701233,
        "dvar": 2161.28979492,
        "dvar2": 4485.35302734,
        "max": 350.76473999,
        "mean": 30.4589805603,
        "median": 11.2629928589,
        "min": 0.00164847879205,
        "stdev": 55.2181015015,
        "var": 3049.03857422
    },
    "loudness_ebu128": {
        "integrated": -10.1462602615,
        "loudness_range": 2.22164154053,
        "momentary": {
            "dmean": 1.04254066944,
            "dmean2": 1.50143909454,
            "dvar": 0.748410582542,
            "dvar2": 1.52465939522,
            "max": -7.62547636032,
            "mean": -10.3920726776,
            "median": -10.1366147995,
            "min": -16.7968158722,
            "stdev": 1.57744204998,
            "var": 2.48832345009
        },
        "short_term": {
            "dmean": 0.115604639053,
            "dmean2": 0.179971680045,
            "dvar": 0.00656505022198,
            "dvar2": 0.0152136189863,
            "max": -9.09121227264,
            "mean": -10.209602356,
            "median": -9.78823852539,
            "min": -11.8636102676,
            "stdev": 0.840469777584,
            "var": 0.706389427185
        }
    },
    "melbands_crest": {
        "dmean": 4.37104177475,
        "dmean2": 6.13444375992,
        "dvar": 18.5557250977,
        "dvar2": 36.9682312012,
        "max": 38.7925338745,
        "mean": 20.9032039642,
        "median": 20.5642089844,
        "min": 2.46084260941,
        "stdev": 9.39788150787,
        "var": 88.3201751709
    },
    "melbands_flatness_db": {
        "dmean": 0.0722521692514,
        "dmean2": 0.0838675945997,
        "dvar": 0.00449706520885,
        "dvar2": 0.00655103195459,
        "max": 0.896107494831,
        "mean": 0.284896850586,
        "median": 0.267175227404,
        "min": 0.0142491636798,
        "stdev": 0.152932107449,
        "var": 0.0233882311732
    },
    "melbands_kurtosis": {
        "dmean": 73.9728546143,
        "dmean2": 109.47605896,
        "dvar": 35446.3046875,
        "dvar2": 78761.8125,
        "max": 2479.77490234,
        "mean": 84.121925354,
        "median": 14.3143215179,
        "min": -1.78112101555,
        "stdev": 227.532791138,
        "var": 51771.1679688
    },
    "melbands_skewness": {
        "dmean": 2.52854704857,
        "dmean2": 3.5443007946,
        "dvar": 11.3731575012,
        "dvar2": 24.9503097534,
        "max": 41.6079025269,
        "mean": 4.88539171219,
        "median": 3.46643400192,
        "min": -1.67874896526,
        "stdev": 5.24120616913,
        "var": 27.4702415466
    },
    "melbands_spread": {
        "dmean": 16.3512592316,
        "dmean2": 22.7469234467,
        "dvar": 547.390869141,
        "dvar2": 1035.03063965,
        "max": 201.940734863,
        "mean": 28.9419021606,
        "median": 15.4239845276,
        "min": 0.103239759803,
        "stdev": 35.8137207031,
        "var": 1282.62255859
    },
    "pitch_salience": {
        "dmean": 0.104476444423,
        "dmean2": 0.141260072589,
        "dvar": 0.0114688631147,
        "dvar2": 0.0215919241309,
        "max": 0.891674995422,
        "mean": 0.416142404079,
        "median": 0.404477208853,
        "min": 0.0183071307838,
        "stdev": 0.216480195522,
        "var": 0.0468636751175
    },
    "silence_rate_20dB": {
        "dmean": 0,
        "dmean2": 0,
        "dvar": 0,
        "dvar2": 0,
        "max": 1,
        "mean": 1,
        "median": 1,
        "min": 1,
        "stdev": 0,
        "var": 0
    },
    "silence_rate_30dB": {
        "dmean": 0.0572755411267,
        "dmean2": 0.114639811218,
        "dvar": 0.0539951846004,
        "dvar2": 0.112342476845,
        "max": 1,
        "mean": 0.895591676235,
        "median": 1,
        "min": 0,
        "stdev": 0.305791139603,
        "var": 0.0935082286596
    },
    "silence_rate_60dB": {
        "dmean": 0.0921052619815,
        "dmean2": 0.183578625321,
        "dvar": 0.0836222022772,
        "dvar2": 0.187059998512,
        "max": 1,
        "mean": 0.0935808196664,
        "median": 0,
        "min": 0,
        "stdev": 0.291245609522,
        "var": 0.0848240107298
    },
    "spectral_centroid": {
        "dmean": 550.284057617,
        "dmean2": 772.041320801,
        "dvar": 333886.21875,
        "dvar2": 598265.9375,
        "max": 5563.27246094,
        "mean": 1759.3894043,
        "median": 1821.89477539,
        "min": 59.4176712036,
        "stdev": 1028.28759766,
        "var": 1057375.375
    },
    "spectral_complexity": {
        "dmean": 6.39473676682,
        "dmean2": 8.2703332901,
        "dvar": 40.8085136414,
        "dvar2": 56.7597122192,
        "max": 49,
        "mean": 14.2598609924,
        "median": 11,
        "min": 0,
        "stdev": 11.5194540024,
        "var": 132.6978302
    },
    "spectral_decrease": {
        "dmean": 3.17969917063e-09,
        "dmean2": 3.64258512242e-09,
        "dvar": 1.48411802518e-17,
        "dvar2": 1.90963065107e-17,
        "max": -2.14800589425e-13,
        "mean": -9.7841823532e-09,
        "median": -5.01925079277e-09,
        "min": -4.23716741693e-08,
        "stdev": 1.08928652764e-08,
        "var": 1.18654519304e-16
    },
    "spectral_energy": {
        "dmean": 0.0131668634713,
        "dmean2": 0.0153795294464,
        "dvar": 0.000223941067816,
        "dvar2": 0.000293764460366,
        "max": 0.160650759935,
        "mean": 0.0396904796362,
        "median": 0.0220500081778,
        "min": 9.60228703661e-07,
        "stdev": 0.0413092747331,
        "var": 0.00170645618346
    },
    "spectral_energyband_high": {
        "dmean": 0.00185540330131,
        "dmean2": 0.00256974203512,
        "dvar": 2.64728241746e-05,
        "dvar2": 5.54643556825e-05,
        "max": 0.0388450473547,
        "mean": 0.00202840473503,
        "median": 0.000237042520894,
        "min": 1.04919060107e-08,
        "stdev": 0.00585289439186,
        "var": 3.42563726008e-05
    },
    "spectral_energyband_low": {
        "dmean": 0.0105604082346,
        "dmean2": 0.0103313922882,
        "dvar": 0.000212814091356,
        "dvar2": 0.000201572940568,
        "max": 0.160293132067,
        "mean": 0.0287969261408,
        "median": 0.010462061502,
        "min": 5.00414998328e-09,
        "stdev": 0.0410936027765,
        "var": 0.00168868410401
    },
    "spectral_energyband_middle_high": {
        "dmean": 0.00283023901284,
        "dmean2": 0.00364121375605,
        "dvar": 1.38623026942e-05,
        "dvar2": 1.97015833692e-05,
        "max": 0.0320702493191,
        "mean": 0.00489121908322,
        "median": 0.00175646005664,
        "min": 1.09921813873e-07,
        "stdev": 0.00661697797477,
        "var": 4.37843955297e-05
    },
    "spectral_energyband_middle_low": {
        "dmean": 0.00439219782129,
        "dmean2": 0.00773057620972,
        "dvar": 0.000143409968587,
        "dvar2": 0.000405048456741,
        "max": 0.0853805467486,
        "mean": 0.0043478757143,
        "median": 0.00193629739806,
        "min": 4.63951117524e-08,
        "stdev": 0.00955991726369,
        "var": 9.13920230232e-05
    },
    "spectral_entropy": {
        "dmean": 0.377074420452,
        "dmean2": 0.557453811169,
        "dvar": 0.205640226603,
        "dvar2": 0.406929939985,
        "max": 8.95836544037,
        "mean": 7.43743515015,
        "median": 7.44873380661,
        "min": 4.07395076752,
        "stdev": 0.691100716591,
        "var": 0.477620214224
    },
    "spectral_flux": {
        "dmean": 0.0377253852785,
        "dmean2": 0.0485221892595,
        "dvar": 0.00121684453916,
        "dvar2": 0.00181929883547,
        "max": 0.342355132103,
        "mean": 0.100819304585,
        "median": 0.0894789099693,
        "min": 0.000979912583716,
        "stdev": 0.0656336098909,
        "var": 0.00430777063593
    },
    "spectral_kurtosis": {
        "dmean": 4.20099258423,
        "dmean2": 6.77906751633,
        "dvar": 75.9525527954,
        "dvar2": 182.999954224,
        "max": 95.4961700439,
        "mean": 7.32282829285,
        "median": 5.21126937866,
        "min": -1.03377115726,
        "stdev": 9.87872600555,
        "var": 97.5892181396
    },
    "spectral_rms": {
        "dmean": 0.00115183379967,
        "dmean2": 0.00129456806462,
        "dvar": 1.30083560634e-06,
        "dvar2": 1.81778818842e-06,
        "max": 0.0125192832202,
        "mean": 0.00537861604244,
        "median": 0.00463812518865,
        "min": 3.06073270622e-05,
        "stdev": 0.00312936492264,
        "var": 9.79292417469e-06
    },
    "spectral_rolloff": {
        "dmean": 1137.97741699,
        "dmean2": 1730.39428711,
        "dvar": 3966889.5,
        "dvar2": 7476685,
        "max": 13006.0546875,
        "mean": 2039.93945312,
        "median": 689.0625,
        "min": 43.06640625,
        "stdev": 2901.95776367,
        "var": 8421359
    },
    "spectral_skewness": {
        "dmean": 0.499037802219,
        "dmean2": 0.744870483875,
        "dvar": 0.473114818335,
        "dvar2": 1.0230743885,
        "max": 8.52342224121,
        "mean": 1.72549450397,
        "median": 1.57389867306,
        "min": 0.143716365099,
        "stdev": 0.943442702293,
        "var": 0.890084147453
    },
    "spectral_spread": {
        "dmean": 1288113.625,
        "dmean2": 1936587.875,
        "dvar": 2.82171198669e+12,
        "dvar2": 6.69818919322e+12,
        "max": 17493114,
        "mean": 4896495.5,
        "median": 4289742,
        "min": 970672.875,
        "stdev": 2463355.5,
        "var": 6.06812032205e+12
    },
    "spectral_strongpeak": {
        "dmean": 0.497438639402,
        "dmean2": 0.832657754421,
        "dvar": 1.25637292862,
        "dvar2": 3.22945475578,
        "max": 8.55927562714,
        "mean": 0.693953275681,
        "median": 0.306636363268,
        "min": 0,
        "stdev": 1.11313295364,
        "var": 1.23906505108
    },
    "zerocrossingrate": {
        "dmean": 0.0248607713729,
        "dmean2": 0.024364894256,
        "dvar": 0.000846540613566,
        "dvar2": 0.000924699183088,
        "max": 0.3544921875,
        "mean": 0.0647635385394,
        "median": 0.0400390625,
        "min": 0.00146484375,
        "stdev": 0.0672551319003,
        "var": 0.00452325306833
    },
    "barkbands": {
        "dmean": [0.000776365515776, 0.00982911419123, 0.00270793866366, 0.00124582310673, 0.00195813761093, 0.000532873615157, 0.000472587271361, 0.000166223529959, 0.000801933347248, 0.000262456538621, 0.000373691262212, 0.000366564432625, 0.000129747117171, 0.000222099566599, 0.000412932480685, 0.000461899267975, 0.000428403029218, 0.00058543990599, 0.000363160070265, 0.000266591901891, 0.000184586446267, 0.000255783845205, 0.000463896547444, 0.000316129007842, 0.000300659128698, 0.000314965698635, 2.44610091613e-05],
        "dmean2": [0.000757187663112, 0.00922093447298, 0.00444248085842, 0.00235062558204, 0.00367892649956, 0.00102732074447, 0.000786090444308, 0.000256752216956, 0.00127749808598, 0.000407676736359, 0.000575107696932, 0.000496948836371, 0.000196166001842, 0.000321777915815, 0.000605646055192, 0.000657259428408, 0.000601687701419, 0.000801407557447, 0.000505326723214, 0.000381878460757, 0.000260617351159, 0.00038139501703, 0.000662699574605, 0.000446618301794, 0.000410040287534, 0.000497168686707, 4.01293218601e-05],
        "dvar": [2.16817466026e-06, 0.000249552191235, 5.33492238901e-05, 1.99308815354e-05, 4.5822976972e-05, 3.5742405089e-06, 6.52386063393e-07, 8.71197727292e-08, 2.29539568863e-06, 6.54074767681e-07, 6.89195530867e-07, 8.2222538822e-07, 1.41117013186e-07, 3.38094054086e-07, 7.59933357131e-07, 8.16309807306e-07, 6.51544837638e-07, 9.11475808607e-07, 3.41674507354e-07, 2.11822495544e-07, 1.6427735261e-07, 5.1995823469e-07, 1.84009354598e-06, 8.80803668224e-07, 7.44055796531e-07, 1.103452405e-06, 8.06200706194e-09],
        "dvar2": [1.96599376068e-06, 0.000203121759114, 0.000134213056299, 5.81085623708e-05, 0.000133479668875, 1.04516475403e-05, 1.70564874225e-06, 2.07075629532e-07, 5.12517772222e-06, 1.59396324761e-06, 1.52269433329e-06, 1.39058454351e-06, 3.31035721501e-07, 6.45717079806e-07, 1.56594592227e-06, 1.54906285843e-06, 1.28021702039e-06, 1.64378980116e-06, 6.19842012384e-07, 4.33674046008e-07, 3.2133900163e-07, 1.16212618195e-06, 3.75597596758e-06, 1.97810686586e-06, 1.5058635654e-06, 2.78464449366e-06, 2.05398009712e-08],
        "max": [0.0135709755123, 0.153421640396, 0.0505488887429, 0.0328927636147, 0.0487541630864, 0.0138116115704, 0.00668321084231, 0.00569947436452, 0.0165476463735, 0.0180750917643, 0.00917261186987, 0.0130957486108, 0.00978562887758, 0.00849899835885, 0.010599097237, 0.00973962526768, 0.00832372531295, 0.0121351340786, 0.00825763586909, 0.00471949484199, 0.00448180735111, 0.00558035355061, 0.0104655697942, 0.00784628279507, 0.00629336107522, 0.00824360176921, 0.000780668691732],
        "mean": [0.00165378744714, 0.0242839884013, 0.0025132521987, 0.000854907615576, 0.00145412865095, 0.000329677975969, 0.000506393611431, 0.000249535049079, 0.000897781923413, 0.000251017336268, 0.000413660047343, 0.000519837427419, 0.000151095548063, 0.000303990847897, 0.000496247434057, 0.00061087612994, 0.000596031837631, 0.00087127025472, 0.000494401087053, 0.000349148875102, 0.000217309381696, 0.00029782319325, 0.000455644330941, 0.000319398066495, 0.000318802602123, 0.000260944332695, 1.956549022e-05],
        "median": [0.000109836502816, 0.00681494642049, 0.00020150403725, 9.67554296949e-05, 0.000373971823137, 2.6732119295e-05, 0.000192734310986, 7.820288738e-05, 0.000137241964694, 2.4926601327e-05, 5.73282559344e-05, 4.38434835814e-05, 1.64899811352e-05, 2.33579194173e-05, 4.06155522796e-05, 6.75432456774e-05, 0.000111841844046, 0.000209916848689, 0.000153229513671, 0.000104388745967, 3.76008356398e-05, 6.64195977151e-06, 8.38971755002e-06, 1.38669674925e-05, 1.77488618647e-05, 1.43656470755e-05, 5.49869696442e-07],
        "min": [2.27643980055e-11, 1.17277479394e-10, 2.89663071307e-10, 5.21127763164e-09, 6.76436329172e-09, 1.24908527965e-09, 4.31284608027e-09, 3.81521214621e-09, 2.46734499498e-09, 9.16615450208e-10, 5.83721293523e-09, 8.05713185059e-09, 1.01638590877e-08, 8.85105055914e-09, 6.16241591089e-09, 4.24676027677e-09, 3.7422949184e-09, 1.03183630529e-08, 1.79079844287e-08, 8.36993585551e-09, 4.15795531339e-09, 3.09706094104e-10, 1.90601909256e-10, 2.37406094783e-10, 1.52169721268e-10, 5.80928083416e-11, 3.49773216033e-13],
        "stdev": [0.00329539435916, 0.0390418618917, 0.0065437941812, 0.00331365922466, 0.00502193486318, 0.00138045265339, 0.000810341327451, 0.000462640920887, 0.00175786053296, 0.000835575978272, 0.000948845176026, 0.00152249145322, 0.000468765734695, 0.000846936833113, 0.00110555754509, 0.00128744135145, 0.00109851488378, 0.00146938022226, 0.000805971561931, 0.000590429815929, 0.000501409755088, 0.000851110962685, 0.00150195718743, 0.00101342808921, 0.000999456038699, 0.000969274027739, 8.06510652183e-05],
        "var": [1.08596241262e-05, 0.00152426690329, 4.28212442785e-05, 1.09803368105e-05, 2.52198296948e-05, 1.90564946934e-06, 6.56653071474e-07, 2.14036631974e-07, 3.09007350552e-06, 6.98187193393e-07, 9.00307213669e-07, 2.31798026107e-06, 2.19741309593e-07, 7.17301986697e-07, 1.22225742416e-06, 1.65750509495e-06, 1.2067349644e-06, 2.159078349e-06, 6.49590162993e-07, 3.48607358092e-07, 2.5141176252e-07, 7.24389906281e-07, 2.25587541536e-06, 1.02703654647e-06, 9.98912355499e-07, 9.39492110774e-07, 6.50459375251e-09]
    },
    "erbbands": {
        "dmean": [0.469529718161, 2.10617184639, 3.20323562622, 3.31260919571, 5.20810270309, 7.08982038498, 5.36017751694, 4.42449998856, 5.04034757614, 6.96066141129, 3.40231585503, 19.1262512207, 11.319478035, 15.5263834, 9.59497356415, 15.8050384521, 5.94667816162, 8.08207035065, 15.6774606705, 22.4898605347, 23.710723877, 23.4966220856, 30.8910121918, 23.1117515564, 18.0416069031, 11.1286354065, 7.30566692352, 8.32129096985, 9.69529056549, 10.1688489914, 11.8091850281, 7.74846124649, 4.81169605255, 3.17499923706, 2.32282233238, 1.65327048302, 0.524687826633, 0.0705816522241, 0.00256850826554, 7.86051678006e-05],
        "dmean2": [0.379016429186, 1.98870825768, 4.69351196289, 5.82905244827, 9.78750896454, 13.2378759384, 10.1874198914, 8.48591327667, 8.88589000702, 11.2838468552, 5.16789865494, 30.0090503693, 18.1486949921, 24.2959690094, 13.5158205032, 21.3615016937, 8.42715454102, 11.4670782089, 21.2758216858, 31.8438282013, 32.9246635437, 31.7216129303, 41.8361358643, 32.4597167969, 25.1769828796, 15.9981546402, 10.627415657, 11.5384721756, 13.9513988495, 14.8137893677, 16.9014625549, 10.7717056274, 6.86230611801, 4.25497341156, 3.37803792953, 2.61332798004, 0.834268391132, 0.107368059456, 0.00414249766618, 0.000115657276183],
        "dvar": [0.512901008129, 11.7314577103, 55.8582382202, 111.66633606, 345.99822998, 563.65838623, 342.214904785, 242.639373779, 142.683258057, 117.535110474, 33.2480049133, 1338.80883789, 686.37512207, 1382.87133789, 470.533294678, 1653.11584473, 306.718109131, 517.910949707, 1130.69238281, 1746.17492676, 2203.21948242, 1871.19665527, 2612.96166992, 1408.8236084, 784.636474609, 330.182281494, 202.797821045, 426.93270874, 733.064453125, 860.910217285, 1153.81262207, 506.989501953, 202.772064209, 76.7133636475, 51.6134147644, 30.362455368, 3.09026741982, 0.0532260090113, 8.6059269961e-05, 5.00823809091e-08],
        "dvar2": [0.382794827223, 12.6128044128, 129.926315308, 309.064331055, 1003.99853516, 1645.99414062, 996.224914551, 708.384216309, 409.190063477, 277.57119751, 77.1026000977, 2833.12182617, 1687.32092285, 3028.3112793, 961.415161133, 2778.9152832, 666.553710938, 971.563903809, 1962.53759766, 3334.6875, 4154.26708984, 3538.99804688, 4633.87890625, 2675.48950195, 1313.66308594, 663.885742188, 445.925964355, 790.917541504, 1554.1184082, 1782.96105957, 2220.85107422, 1060.74060059, 449.999664307, 139.609619141, 117.959381104, 76.7571411133, 7.78456115723, 0.125100567937, 0.000217722423258, 1.21498118233e-07],
        "max": [7.94800233841, 33.9801826477, 58.0629501343, 80.0827026367, 138.955856323, 180.763809204, 130.306777954, 121.88394928, 90.3680114746, 135.830764771, 96.2681884766, 394.107666016, 401.606140137, 422.263122559, 347.787078857, 666.085144043, 464.211975098, 470.031524658, 529.820007324, 422.30758667, 547.687744141, 469.067352295, 585.93170166, 501.683044434, 296.072235107, 200.201278687, 202.420074463, 179.020324707, 212.522781372, 230.444091797, 257.143310547, 181.285171509, 118.729804993, 74.3544616699, 58.4616775513, 44.452495575, 13.1926269531, 1.89358365536, 0.0905938744545, 0.00186331523582],
        "mean": [1.00042045116, 4.20536422729, 3.71444225311, 2.7594628334, 3.82849121094, 5.47924280167, 3.48626995087, 2.87090420723, 4.76051044464, 8.68624687195, 5.28135490417, 22.0727233887, 11.7323760986, 17.4668006897, 12.4699525833, 22.1312732697, 7.71268224716, 11.599615097, 22.8610973358, 28.8602142334, 32.716217041, 34.6777572632, 47.2281684875, 33.1623306274, 24.3369216919, 15.2068948746, 9.02842903137, 9.77607631683, 11.7042980194, 10.3406047821, 12.0968399048, 8.11152267456, 4.95799350739, 3.52572965622, 2.27728247643, 1.37232363224, 0.433307886124, 0.0637386143208, 0.0021548664663, 0.000103634796687],
        "median": [0.203720599413, 1.27256846428, 0.877076268196, 0.453461229801, 0.709277451038, 1.44293391705, 0.520686984062, 0.292263299227, 1.69663345814, 4.2406744957, 2.42765927315, 3.51112103462, 2.04469370842, 2.18659925461, 2.02403593063, 1.80891513824, 0.970697104931, 1.289539814, 1.91278386116, 3.47302222252, 4.61914682388, 6.67287397385, 10.536192894, 11.7265148163, 7.57286024094, 4.96935844421, 2.59790349007, 0.954777956009, 0.270514637232, 0.230624437332, 0.252869099379, 0.23677931726, 0.26212772727, 0.187329351902, 0.104400664568, 0.0677919387817, 0.0210606940091, 0.00357022252865, 0.000114863192721, 3.76868847525e-05],
        "min": [2.61783839051e-08, 1.06557095592e-07, 1.10381824925e-06, 1.44582090797e-05, 5.5485375924e-05, 1.33105222631e-05, 3.63905201084e-06, 1.36013841256e-05, 4.5718425099e-05, 8.44372771098e-05, 7.73450810811e-05, 5.92460564803e-05, 2.46839408646e-05, 0.000106175262772, 0.000245338393142, 0.000439744704636, 0.000653305032756, 0.000718529510777, 0.000351832975866, 0.000532489153557, 0.000118144613225, 0.000262227986241, 0.000474726344692, 0.000573844416067, 0.00077406829223, 0.000424035883043, 0.000350017886376, 5.08746452397e-05, 1.71848168975e-05, 7.75803982833e-06, 1.04358687167e-05, 7.48231832404e-06, 1.00876322904e-05, 8.36249910208e-06, 2.85548048851e-06, 1.39698090607e-06, 2.6061948688e-07, 2.26034337913e-08, 9.41079392192e-08, 9.07372843528e-09],
        "stdev": [1.76165604591, 7.14787149429, 7.99097824097, 8.48024749756, 13.8983440399, 17.6994190216, 13.5966835022, 11.4357242584, 9.76284408569, 12.4341783524, 8.45156669617, 44.1669502258, 28.0634117126, 42.4092025757, 28.0669517517, 67.2692947388, 22.4733924866, 32.1121940613, 54.5877571106, 53.7971191406, 66.3076324463, 61.766330719, 81.4945373535, 52.308506012, 38.4131088257, 24.2321453094, 17.7354869843, 25.6317577362, 33.3040275574, 32.6685791016, 38.8622169495, 25.4603366852, 15.5533695221, 10.7113294601, 7.58503007889, 5.09037828445, 1.62201988697, 0.227207273245, 0.00845668278635, 0.000218678513193],
        "var": [3.10343194008, 51.0920639038, 63.8557319641, 71.9145965576, 193.163970947, 313.269439697, 184.869796753, 130.775787354, 95.3131256104, 154.608779907, 71.4289779663, 1950.71960449, 787.555114746, 1798.54040527, 787.75378418, 4525.15820312, 505.053405762, 1031.19311523, 2979.82324219, 2894.12988281, 4396.70214844, 3815.07958984, 6641.35986328, 2736.17993164, 1475.56689453, 587.196899414, 314.547515869, 656.986999512, 1109.15820312, 1067.23596191, 1510.27197266, 648.22869873, 241.907318115, 114.732574463, 57.5326805115, 25.9119529724, 2.63094854355, 0.0516231432557, 7.15154892532e-05, 4.78202899501e-08]
    },
    "gfcc": {
        "mean": [-51.2166175842, 66.0829238892, -95.3655014038, 37.1917915344, -38.3710861206, 9.08178520203, -26.2043781281, 33.119178772, -21.7796878815, 6.80433940887, -14.2522993088, 3.04263758659, -10.3542375565],
        "cov": [[10957, -3259.39550781, -1950.44238281, 369.206848145, -231.85899353, 367.332763672, -712.99041748, 201.720489502, -467.84979248, -124.430923462, -607.882873535, 116.521850586, -173.514175415], [-3259.39550781, 3255.3815918, 778.756958008, 29.1432800293, 1026.38098145, -53.7552528381, 653.727416992, 165.88458252, 206.093658447, -69.4486236572, 342.064025879, -179.373535156, 175.885864258], [-1950.44238281, 778.756958008, 2389.74658203, 692.289611816, 176.311660767, 402.597686768, 397.609313965, 6.2633395195, 250.035049438, 168.04498291, 110.620620728, 64.8889923096, -82.2280960083], [369.206848145, 29.1432800293, 692.289611816, 889.75579834, 270.515563965, 155.513870239, 147.879196167, 77.1296463013, 137.679779053, 71.760635376, -5.54964780807, -11.7293214798, 1.47312796116], [-231.85899353, 1026.38098145, 176.311660767, 270.515563965, 1208.31640625, 261.013427734, 383.125396729, 331.712127686, 208.094696045, 21.8364162445, 133.018737793, -53.3158912659, 169.386032104], [367.332763672, -53.7552528381, 402.597686768, 155.513870239, 261.013427734, 665.448852539, 275.364044189, 35.5634689331, 113.682998657, 54.8593826294, 59.2548675537, 62.0020484924, -43.6779518127], [-712.99041748, 653.727416992, 397.609313965, 147.879196167, 383.125396729, 275.364044189, 518.655578613, 199.281051636, 181.934417725, 74.4042816162, 145.317016602, 1.50524759293, 57.2638778687], [201.720489502, 165.88458252, 6.2633395195, 77.1296463013, 331.712127686, 35.5634689331, 199.281051636, 437.127410889, 177.938018799, 89.1739044189, 28.8829975128, -6.15240526199, 73.1408004761], [-467.84979248, 206.093658447, 250.035049438, 137.679779053, 208.094696045, 113.682998657, 181.934417725, 177.938018799, 306.177246094, 97.6348419189, 51.5987319946, -3.14255619049, 58.2034568787], [-124.430923462, -69.4486236572, 168.04498291, 71.760635376, 21.8364162445, 54.8593826294, 74.4042816162, 89.1739044189, 97.6348419189, 189.686706543, 44.8849411011, 19.2359027863, 9.63342285156], [-607.882873535, 342.064025879, 110.620620728, -5.54964780807, 133.018737793, 59.2548675537, 145.317016602, 28.8829975128, 51.5987319946, 44.8849411011, 201.065368652, 29.0037631989, 26.1348171234], [116.521850586, -179.373535156, 64.8889923096, -11.7293214798, -53.3158912659, 62.0020484924, 1.50524759293, -6.15240526199, -3.14255619049, 19.2359027863, 29.0037631989, 123.198783875, 2.64066553116], [-173.514175415, 175.885864258, -82.2280960083, 1.47312796116, 169.386032104, -43.6779518127, 57.2638778687, 73.1408004761, 58.2034568787, 9.63342285156, 26.1348171234, 2.64066553116, 128.934295654]],
        "icov": [[0.000233365921304, 9.38719822443e-05, 0.000214322761167, -0.000260280503426, -4.41864867753e-05, -0.000297775084618, 0.000181394745596, -0.000327357003698, 0.000363120285328, 8.00766065367e-06, 0.000366334337741, -0.000191046739928, 0.000153108121594], [9.38719822443e-05, 0.00101676711347, -0.000323415064486, 0.000341132312315, -0.000720349955373, 0.000662361271679, -0.000856048602145, 0.000296859245282, 6.22396764811e-05, 0.00071458320599, -0.000720175215974, 0.00103514036164, -4.50267216365e-05], [0.000214322761167, -0.000323415064486, 0.00107851065695, -0.000861095497385, 0.000251741759712, -0.000589023635257, 8.04925075499e-05, -0.00010919442866, 1.86546503755e-06, -0.000553633319214, 0.000706858118065, -0.00102263409644, 0.000841394183226], [-0.000260280503426, 0.000341132312315, -0.000861095497385, 0.00211305893026, -0.000639363541268, 0.000697594194207, -0.000559999782126, 0.000622082268819, -0.000674394890666, 4.14197311329e-05, -0.000249750679359, 0.00084459601203, -8.21725625428e-05], [-4.41864867753e-05, -0.000720349955373, 0.000251741759712, -0.000639363541268, 0.002266474301, -0.00124644080643, 0.000481107126689, -0.00121581647545, 0.000175903755007, 0.000238444437855, -0.000283174071228, 0.000415307964431, -0.00188105169218], [-0.000297775084618, 0.000662361271679, -0.000589023635257, 0.000697594194207, -0.00124644080643, 0.00371904345229, -0.00240766513161, 0.00163380906451, -0.00117114128079, 0.000206332057132, -0.000347896333551, -0.000699398922734, 0.00195006094873], [0.000181394745596, -0.000856048602145, 8.04925075499e-05, -0.000559999782126, 0.000481107126689, -0.00240766513161, 0.00555990915745, -0.00204747891985, -1.73127209564e-05, -0.000296054902719, -0.00119782134425, 8.56042242958e-05, -0.00101492647082], [-0.000327357003698, 0.000296859245282, -0.00010919442866, 0.000622082268819, -0.00121581647545, 0.00163380906451, -0.00204747891985, 0.0049459352158, -0.00210447655991, -0.00111720419955, 0.000458560389234, -0.000210958736716, 0.000276993698208], [0.000363120285328, 6.22396764811e-05, 1.86546503755e-06, -0.000674394890666, 0.000175903755007, -0.00117114128079, -1.73127209564e-05, -0.00210447655991, 0.00641848659143, -0.00152676424477, 0.000368104811059, 0.000598455662839, -0.00188389536925], [8.00766065367e-06, 0.00071458320599, -0.000553633319214, 4.14197311329e-05, 0.000238444437855, 0.000206332057132, -0.000296054902719, -0.00111720419955, -0.00152676424477, 0.00781681668013, -0.00212308112532, 0.000521741400007, -0.000270855496638], [0.000366334337741, -0.000720175215974, 0.000706858118065, -0.000249750679359, -0.000283174071228, -0.000347896333551, -0.00119782134425, 0.000458560389234, 0.000368104811059, -0.00212308112532, 0.00878034625202, -0.0034430755768, 0.000738313538022], [-0.000191046739928, 0.00103514036164, -0.00102263409644, 0.00084459601203, 0.000415307964431, -0.000699398922734, 8.56042242958e-05, -0.000210958736716, 0.000598455662839, 0.000521741400007, -0.0034430755768, 0.011750147678, -0.00288379238918], [0.000153108121594, -4.50267216365e-05, 0.000841394183226, -8.21725625428e-05, -0.00188105169218, 0.00195006094873, -0.00101492647082, 0.000276993698208, -0.00188389536925, -0.000270855496638, 0.000738313538022, -0.00288379238918, 0.0127664161846]]
    },
    "melbands": {
        "dmean": [0.00322726811282, 0.00154359731823, 0.000616275181528, 0.000441408890765, 0.000219674693653, 9.78892421699e-05, 8.50963187986e-05, 6.7916502303e-05, 2.64054797299e-05, 0.000135903232149, 5.59605032322e-05, 6.07796901022e-05, 3.76875286747e-05, 4.67029167339e-05, 2.26747306442e-05, 1.48612762132e-05, 1.61841708177e-05, 2.37530275626e-05, 3.63161416317e-05, 3.36179473379e-05, 2.65878006758e-05, 2.34531034948e-05, 2.78363531834e-05, 2.79185187537e-05, 1.87314726645e-05, 1.31018878164e-05, 1.33588928293e-05, 6.33634545011e-06, 4.55673034594e-06, 4.73896170661e-06, 4.81616552861e-06, 6.10435517956e-06, 4.44970009994e-06, 7.22263439457e-06, 8.05105992185e-06, 5.36671950613e-06, 4.76655077364e-06, 3.62074752047e-06, 2.38305892708e-06, 2.96769258057e-06],
        "dmean2": [0.00292446091771, 0.00189869699534, 0.00106134905946, 0.000828531163279, 0.000415540969698, 0.000187960089534, 0.000146532882354, 0.000109310938569, 4.10426728195e-05, 0.000214381099795, 9.07086941879e-05, 9.56331787165e-05, 5.63626163057e-05, 6.47335618851e-05, 3.18218189932e-05, 2.20054262172e-05, 2.34801282204e-05, 3.2606338209e-05, 5.3729461797e-05, 4.7422327043e-05, 3.87008076359e-05, 3.27560373989e-05, 3.83048027288e-05, 3.90478708141e-05, 2.6952540793e-05, 1.80808165169e-05, 1.90192968148e-05, 9.29271209316e-06, 6.82394966134e-06, 7.08469406163e-06, 6.6548277573e-06, 9.01838848222e-06, 6.77932575854e-06, 1.07399719127e-05, 1.18892694445e-05, 7.11395978215e-06, 6.93016909281e-06, 5.23443168277e-06, 3.61374986824e-06, 4.02229989049e-06],
        "dvar": [2.56612675003e-05, 7.89398563938e-06, 3.70981524611e-06, 2.33302921515e-06, 5.60261867122e-07, 1.18537705873e-07, 3.1232989528e-08, 1.01357313653e-08, 2.4969299961e-09, 6.86851890919e-08, 1.80521286808e-08, 2.26281873239e-08, 7.05586078453e-09, 1.44205252184e-08, 3.22508930672e-09, 2.29522223449e-09, 2.1881194634e-09, 3.01667846259e-09, 6.16870821091e-09, 4.24999146986e-09, 3.10379677515e-09, 2.07686756681e-09, 2.5102133705e-09, 2.56777688001e-09, 9.8768737633e-10, 4.20445567251e-10, 5.92437043867e-10, 1.05604469613e-10, 7.48015260843e-11, 1.13688752856e-10, 1.5464993175e-10, 2.99362840073e-10, 1.71266459348e-10, 4.72235361926e-10, 5.81601822258e-10, 2.23804530464e-10, 2.10899228636e-10, 1.1825225521e-10, 4.59996866986e-11, 6.90173473927e-11],
        "dvar2": [1.96812907234e-05, 1.24632533698e-05, 1.01372315839e-05, 6.78725655234e-06, 1.63163781508e-06, 3.46442305954e-07, 8.77993784343e-08, 2.39290152138e-08, 5.88404835966e-09, 1.47993574728e-07, 4.48938131115e-08, 5.08914190789e-08, 1.51154573302e-08, 2.80185457058e-08, 5.56147039532e-09, 5.17596587812e-09, 4.37771063844e-09, 4.92303575683e-09, 1.27378925185e-08, 8.05040922813e-09, 6.08568839766e-09, 3.99758448566e-09, 4.52802373374e-09, 4.96865926181e-09, 1.95781035828e-09, 7.18513748499e-10, 1.16662324245e-09, 2.1629652236e-10, 1.68090860675e-10, 2.35411162786e-10, 2.76374673147e-10, 6.42471464918e-10, 4.16306933371e-10, 1.01553321308e-09, 1.19694421041e-09, 4.26516655327e-10, 4.86125306676e-10, 2.53597115529e-10, 9.94822765832e-11, 1.31854249741e-10],
        "max": [0.0527887009084, 0.0247364379466, 0.0142313083634, 0.0115838674828, 0.00530269928277, 0.00266298605129, 0.00129588413984, 0.00122737011407, 0.000627106579486, 0.00273404107429, 0.00193468760699, 0.00199398165569, 0.00100216863211, 0.00164038466755, 0.00100051076151, 0.00128780514933, 0.000860937114339, 0.000843477784656, 0.000975856441073, 0.000756271532737, 0.000590759213082, 0.000517431763001, 0.000594719371293, 0.000917778699659, 0.00033476378303, 0.000302812812151, 0.000248556403676, 0.000128522762679, 0.000125071863295, 0.000135658119689, 0.000110583780042, 0.000142211240018, 0.000116888724733, 0.000177991169039, 0.000184983437066, 0.000134156638524, 0.000123645950225, 9.95831433102e-05, 5.76500024181e-05, 7.52612031647e-05],
        "mean": [0.00771633768454, 0.00298877153546, 0.000520513043739, 0.000337925710483, 0.000150241103256, 6.20078208158e-05, 8.55532271089e-05, 9.08326328499e-05, 3.72005306417e-05, 0.000153934743139, 5.37428313692e-05, 6.65679181111e-05, 4.45904988737e-05, 6.16634570179e-05, 2.84584148176e-05, 1.77420442924e-05, 2.20702513616e-05, 3.53171417373e-05, 4.20628275606e-05, 4.29628926213e-05, 3.6291021388e-05, 3.34646792908e-05, 4.15633076045e-05, 4.10741522501e-05, 2.55827635556e-05, 1.7772486899e-05, 1.62159849424e-05, 8.65410038386e-06, 5.68350424146e-06, 5.16743330081e-06, 5.68530958844e-06, 7.40461928217e-06, 4.67606469101e-06, 6.83890175424e-06, 7.81542712502e-06, 5.7638594626e-06, 4.63653623228e-06, 3.70099633074e-06, 2.66392817139e-06, 3.12801262226e-06],
        "median": [0.0019676561933, 0.00099634367507, 6.77739881212e-05, 8.73908720678e-05, 2.94610363198e-05, 5.09451956532e-06, 3.11330441036e-05, 4.65804441774e-05, 1.37779461511e-05, 2.23955048568e-05, 7.78696175985e-06, 7.0384026003e-06, 7.06646460458e-06, 5.91049320064e-06, 2.19358435061e-06, 1.73289402028e-06, 2.08041865335e-06, 2.47916409535e-06, 3.51517860508e-06, 4.49852586826e-06, 5.08306720803e-06, 6.13935935689e-06, 7.35346156944e-06, 9.33049250307e-06, 8.52264020068e-06, 4.90001593789e-06, 3.98307702199e-06, 2.68057510766e-06, 1.60032800522e-06, 8.47341709687e-07, 3.5345559013e-07, 1.18589504439e-07, 1.06054486082e-07, 1.25385369643e-07, 1.31460325292e-07, 1.22607502817e-07, 1.42943861192e-07, 1.77323670414e-07, 1.58757899271e-07, 1.37308660442e-07],
        "min": [3.48924222848e-11, 4.50278758723e-10, 3.49282114342e-09, 2.15791207125e-09, 1.31989044694e-10, 3.06532493832e-10, 7.56823992365e-10, 9.28862875504e-10, 6.01406036083e-10, 3.47199685669e-10, 1.03073251323e-10, 3.66835839483e-10, 8.34890601098e-10, 6.32365604325e-10, 9.6347951839e-10, 1.17880216699e-09, 8.36062497012e-10, 5.97939475711e-10, 5.77217051934e-10, 5.66171776128e-10, 6.00107116777e-11, 2.25055599157e-10, 5.07259234617e-10, 3.43391842739e-10, 4.39618896841e-10, 7.41197325738e-10, 2.46415748917e-10, 2.56111215569e-10, 1.91609422773e-10, 7.49245249176e-11, 1.49273753081e-11, 6.12988869733e-12, 2.73778721048e-12, 3.65667435567e-12, 3.29163606094e-12, 3.48711315899e-12, 2.76483978941e-12, 2.52344260938e-12, 3.21050759762e-12, 1.70325862789e-12],
        "stdev": [0.0127270920202, 0.00485939672217, 0.00157268764451, 0.00113841565326, 0.000551536213607, 0.000252378638834, 0.000154062814545, 0.000123672376503, 6.56031843391e-05, 0.000311378826154, 0.000140400312375, 0.000168330851011, 9.86031154753e-05, 0.000184196585906, 8.60500294948e-05, 6.02290856477e-05, 6.33714735159e-05, 9.26007560338e-05, 9.296531789e-05, 9.19182639336e-05, 7.53352069296e-05, 6.22888037469e-05, 7.59893082432e-05, 7.30637475499e-05, 4.18928793806e-05, 2.91725500574e-05, 2.98131526506e-05, 1.39771118484e-05, 1.08154745249e-05, 1.24475755001e-05, 1.56290043378e-05, 2.12758659472e-05, 1.39386329465e-05, 2.30421846936e-05, 2.62018929789e-05, 1.78259197128e-05, 1.52020520545e-05, 1.18685302368e-05, 7.8089087765e-06, 9.82247092907e-06],
        "var": [0.000161978881806, 2.36137384491e-05, 2.47334651249e-06, 1.29599015963e-06, 3.04192212752e-07, 6.36949835098e-08, 2.37353496857e-08, 1.52948569365e-08, 4.30377822269e-09, 9.69567750531e-08, 1.9712247834e-08, 2.8335273683e-08, 9.72257385712e-09, 3.39283836581e-08, 7.40460803783e-09, 3.6275429327e-09, 4.01594402177e-09, 8.57489990125e-09, 8.64254978694e-09, 8.44896774765e-09, 5.6753934885e-09, 3.87989507189e-09, 5.77437475613e-09, 5.33831068239e-09, 1.75501346789e-09, 8.51037684768e-10, 8.888240699e-10, 1.95359659005e-10, 1.16974485653e-10, 1.5494214245e-10, 2.44265774274e-10, 4.52662435313e-10, 1.94285490474e-10, 5.30942290133e-10, 6.86539158856e-10, 3.17763398927e-10, 2.31102387227e-10, 1.40862002618e-10, 6.09790620776e-11, 9.64809412918e-11]
    },
    "melbands128": {
