{
"lowlevel": {
    "average_loudness": 0.969955503941,
    "barkbands_crest": {
        "dmean": 2.23472547531,
        "dmean2": 3.68297195435,
        "dvar": 3.95739793777,
        "dvar2": 11.0643787384,
        "max": 21.3432159424,
        "mean": 11.0265884399,
        "median": 10.8198947906,
        "min": 4.2451467514,
        "stdev": 3.08915686607,
        "var": 9.54289054871
    },
    "barkbands_flatness_db": {
        "dmean": 0.0232911631465,
        "dmean2": 0.0356269590557,
        "dvar": 0.000515644846018,
        "dvar2": 0.00127293670084,
        "max": 0.341836363077,
        "mean": 0.17644944787,
        "median": 0.170263707638,
        "min": 0.0745971873403,
        "stdev": 0.0448408983648,
        "var": 0.00201070611365
    },
    "barkbands_kurtosis": {
        "dmean": 4.21489095688,
        "dmean2": 6.81487417221,
        "dvar": 41.3533554077,
        "dvar2": 103.933677673,
        "max": 65.5993270874,
        "mean": 8.5467042923,
        "median": 6.60769557953,
        "min": -1.74557876587,
        "stdev": 7.87127542496,
        "var": 61.9569778442
    },
    "barkbands_skewness": {
        "dmean": 0.522445142269,
        "dmean2": 0.826826453209,
        "dvar": 0.382028728724,
        "dvar2": 0.894633769989,
        "max": 6.94591569901,
        "mean": 2.41302132607,
        "median": 2.29600143433,
        "min": -1.82556796074,
        "stdev": 0.959657788277,
        "var": 0.920943081379
    },
    "barkbands_spread": {
        "dmean": 3.40621709824,
        "dmean2": 5.34778118134,
        "dvar": 18.5799751282,
        "dvar2": 38.7940101624,
        "max": 88.6491622925,
        "mean": 12.7835731506,
        "median": 11.2288446426,
        "min": 1.99413561821,
        "stdev": 8.22535896301,
        "var": 67.6565322876
    },
    "dissonance": {
        "dmean": 0.0182373207062,
        "dmean2": 0.0303742531687,
        "dvar": 0.000440940260887,
        "dvar2": 0.00107354717329,
        "max": 0.498810917139,
        "mean": 0.459351986647,
        "median": 0.463481605053,
        "min": 0.0633223205805,
        "stdev": 0.0245054233819,
        "var": 0.000600515806582
    },
    "dynamic_complexity": 1.89663529396,
    "erbbands_crest": {
        "dmean": 1.88030278683,
        "dmean2": 3.09724259377,
        "dvar": 3.22127366066,
        "dvar2": 9.16222858429,
        "max": 20.8912963867,
        "mean": 7.34176683426,
        "median": 6.89595890045,
        "min": 2.70017886162,
        "stdev": 2.52503085136,
        "var": 6.37578058243
    },
    "erbbands_flatness_db": {
        "dmean": 0.014327972196,
        "dmean2": 0.0193040724844,
        "dvar": 0.000190119855688,
        "dvar2": 0.000334984244546,
        "max": 0.275080353022,
        "mean": 0.149354934692,
        "median": 0.145878583193,
        "min": 0.0613678619266,
        "stdev": 0.0301309935749,
        "var": 0.00090787676163
    },
    "erbbands_kurtosis": {
        "dmean": 0.515285611153,
        "dmean2": 0.81856751442,
        "dvar": 0.3746265769,
        "dvar2": 0.868161141872,
        "max": 6.61929321289,
        "mean": 0.0028508908581,
        "median": -0.251202225685,
        "min": -1.69011986256,
        "stdev": 1.07066750526,
        "var": 1.14632892609
    },
    "erbbands_skewness": {
        "dmean": 0.263537108898,
        "dmean2": 0.404038906097,
        "dvar": 0.0591601729393,
        "dvar2": 0.13442671299,
        "max": 2.35355448723,
        "mean": 0.514428913593,
        "median": 0.501824557781,
        "min": -1.34939694405,
        "stdev": 0.486111164093,
        "var": 0.236304074526
    },
    "erbbands_spread": {
        "dmean": 6.08191728592,
        "dmean2": 8.95363044739,
        "dvar": 36.7100982666,
        "dvar2": 73.936088562,
        "max": 117.982337952,
        "mean": 41.4086647034,
        "median": 40.2293014526,
        "min": 11.6084165573,
        "stdev": 14.1670722961,
        "var": 200.705932617
    },
    "hfc": {
        "dmean": 3.92031121254,
        "dmean2": 5.48898172379,
        "dvar": 31.2659759521,
        "dvar2": 58.1789321899,
        "max": 61.8650970459,
        "mean": 15.0707292557,
        "median": 13.0636692047,
        "min": 1.23734811163e-16,
        "stdev": 9.80178260803,
        "var": 96.0749511719
    },
    "loudness_ebu128": {
        "integrated": -8.40083694458,
        "loudness_range": 1.04307556152,
        "momentary": {
            "dmean": 0.576614022255,
            "dmean2": 0.756548166275,
            "dvar": 0.279528588057,
            "dvar2": 0.313174158335,
            "max": -6.26374578476,
            "mean": -8.56321334839,
            "median": -8.37923622131,
            "min": -13.1080350876,
            "stdev": 1.22565293312,
            "var": 1.5022251606
        },
        "short_term": {
            "dmean": 0.0795596465468,
            "dmean2": 0.102720752358,
            "dvar": 0.0037788504269,
            "dvar2": 0.00466050347313,
            "max": -7.54275512695,
            "mean": -8.48094558716,
            "median": -8.51531410217,
            "min": -9.28111553192,
            "stdev": 0.337287068367,
            "var": 0.113762572408
        }
    },
    "melbands_crest": {
        "dmean": 2.75538706779,
        "dmean2": 4.5914607048,
        "dvar": 6.09884738922,
        "dvar2": 16.9326953888,
        "max": 27.6596984863,
        "mean": 14.2928085327,
        "median": 14.0184230804,
        "min": 2.50836133957,
        "stdev": 3.78339576721,
        "var": 14.3140830994
    },
    "melbands_flatness_db": {
        "dmean": 0.0264469925314,
        "dmean2": 0.0397373847663,
        "dvar": 0.000712010543793,
        "dvar2": 0.00167490821332,
        "max": 0.449166297913,
        "mean": 0.251766860485,
        "median": 0.244905740023,
        "min": 0.00699608493596,
        "stdev": 0.0553118288517,
        "var": 0.0030593983829
    },
    "melbands_kurtosis": {
        "dmean": 9.15839481354,
        "dmean2": 14.7686510086,
        "dvar": 205.685684204,
        "dvar2": 516.339782715,
        "max": 173.983047485,
        "mean": 21.1821861267,
        "median": 17.1944389343,
        "min": -1.27405798435,
        "stdev": 17.4757385254,
        "var": 305.40145874
    },
    "melbands_skewness": {
        "dmean": 0.687941133976,
        "dmean2": 1.09155702591,
        "dvar": 0.654642820358,
        "dvar2": 1.54396688938,
        "max": 10.2018890381,
        "mean": 3.51511073112,
        "median": 3.39780521393,
        "min": 0.0201527476311,
        "stdev": 1.3026047945,
        "var": 1.69677937031
    },
    "melbands_spread": {
        "dmean": 3.01103615761,
        "dmean2": 4.72934484482,
        "dvar": 21.7909965515,
        "dvar2": 34.6329574585,
        "max": 135.410324097,
        "mean": 10.7972927094,
        "median": 9.43553161621,
        "min": 1.47045862675,
        "stdev": 7.24604701996,
        "var": 52.5051994324
    },
    "pitch_salience": {
        "dmean": 0.0655447095633,
        "dmean2": 0.108903065324,
        "dvar": 0.00383113278076,
        "dvar2": 0.010316086933,
        "max": 0.811269044876,
        "mean": 0.548204481602,
        "median": 0.553064763546,
        "min": 0.188464149833,
        "stdev": 0.0881480798125,
        "var": 0.00777008431032
    },
    "silence_rate_20dB": {
        "dmean": 0,
        "dmean2": 0,
        "dvar": 0,
        "dvar2": 0,
        "max": 1,
        "mean": 1,
        "median": 1,
        "min": 1,
        "stdev": 0,
        "var": 0
    },
    "silence_rate_30dB": {
        "dmean": 0.0819798931479,
        "dmean2": 0.164086684585,
        "dvar": 0.0752597153187,
        "dvar2": 0.177412196994,
        "max": 1,
        "mean": 0.936630606651,
        "median": 1,
        "min": 0,
        "stdev": 0.243625864387,
        "var": 0.0593535602093
    },
    "silence_rate_60dB": {
        "dmean": 0.00077339517884,
        "dmean2": 0.00154798757285,
        "dvar": 0.000772794999648,
        "dvar2": 0.00154557928909,
        "max": 1,
        "mean": 0.00154559500515,
        "median": 0,
        "min": 0,
        "stdev": 0.0392836034298,
        "var": 0.00154320150614
    },
    "spectral_centroid": {
        "dmean": 172.753387451,
        "dmean2": 265.89239502,
        "dvar": 107627.742188,
        "dvar2": 136516.453125,
        "max": 11215.3583984,
        "mean": 756.763244629,
        "median": 676.10144043,
        "min": 252.653091431,
        "stdev": 459.523681641,
        "var": 211162.015625
    },
    "spectral_complexity": {
        "dmean": 2.6821346283,
        "dmean2": 4.15866851807,
        "dvar": 7.22993421555,
        "dvar2": 13.7666921616,
        "max": 38,
        "mean": 17.1669235229,
        "median": 17,
        "min": 0,
        "stdev": 5.5498251915,
        "var": 30.8005599976
    },
    "spectral_decrease": {
        "dmean": 4.19433021648e-09,
        "dmean2": 6.58402088405e-09,
        "dvar": 5.05799272444e-17,
        "dvar2": 1.12951327356e-16,
        "max": -6.35108275388e-30,
        "mean": -1.10421884969e-08,
        "median": -8.89792950431e-09,
        "min": -5.27084331736e-08,
        "stdev": 8.28701907096e-09,
        "var": 6.86746785063e-17
    },
    "spectral_energy": {
        "dmean": 0.0161191839725,
        "dmean2": 0.0252308510244,
        "dvar": 0.000739543931559,
        "dvar2": 0.00164490588941,
        "max": 0.201829761267,
        "mean": 0.0430427081883,
        "median": 0.0348815098405,
        "min": 1.12470835082e-20,
        "stdev": 0.0318635366857,
        "var": 0.00101528503001
    },
    "spectral_energyband_high": {
        "dmean": 0.000128155559651,
        "dmean2": 0.000173237916897,
        "dvar": 7.9947646725e-08,
        "dvar2": 1.3732991988e-07,
        "max": 0.00579208135605,
        "mean": 0.000338578945957,
        "median": 0.000196008215426,
        "min": 8.25300634585e-21,
        "stdev": 0.00061225600075,
        "var": 3.74857393126e-07
    },
    "spectral_energyband_low": {
        "dmean": 0.0104146227241,
        "dmean2": 0.0170782096684,
        "dvar": 0.000516222033184,
        "dvar2": 0.0012745638378,
        "max": 0.183219969273,
        "mean": 0.0203839559108,
        "median": 0.0129850208759,
        "min": 7.52627198558e-23,
        "stdev": 0.0239801891148,
        "var": 0.000575049431063
    },
    "spectral_energyband_middle_high": {
        "dmean": 0.000873401120771,
        "dmean2": 0.00130240572616,
        "dvar": 1.70156795321e-06,
        "dvar2": 3.98466090701e-06,
        "max": 0.0181888900697,
        "mean": 0.00318984710611,
        "median": 0.00249078962952,
        "min": 1.56611583637e-21,
        "stdev": 0.0025502492208,
        "var": 6.50377114653e-06
    },
    "spectral_energyband_middle_low": {
        "dmean": 0.00919039081782,
        "dmean2": 0.0146979577839,
        "dvar": 0.0003016309347,
        "dvar2": 0.000672440568451,
        "max": 0.176081687212,
        "mean": 0.0213428772986,
        "median": 0.0176469124854,
        "min": 4.17227321081e-22,
        "stdev": 0.0203071217984,
        "var": 0.000412379216868
    },
    "spectral_entropy": {
        "dmean": 0.182668954134,
        "dmean2": 0.265746444464,
        "dvar": 0.0305264666677,
        "dvar2": 0.0645947158337,
        "max": 9.77857875824,
        "mean": 7.29905509949,
        "median": 7.31788158417,
        "min": 5.8928694725,
        "stdev": 0.36733430624,
        "var": 0.134934484959
    },
    "spectral_flux": {
        "dmean": 0.0334458276629,
        "dmean2": 0.0529912002385,
        "dvar": 0.0022501104977,
        "dvar2": 0.00467535993084,
        "max": 0.38504755497,
        "mean": 0.0894552096725,
        "median": 0.0697773918509,
        "min": 1.06052271132e-10,
        "stdev": 0.0626575797796,
        "var": 0.00392597261816
    },
    "spectral_kurtosis": {
        "dmean": 2.03982543945,
        "dmean2": 3.23270750046,
        "dvar": 11.2785835266,
        "dvar2": 25.2517032623,
        "max": 64.612953186,
        "mean": 5.88244581223,
        "median": 4.7212896347,
        "min": -1.22467017174,
        "stdev": 4.99781608582,
        "var": 24.9781646729
    },
    "spectral_rms": {
        "dmean": 0.00105321756564,
        "dmean2": 0.00161268224474,
        "dvar": 2.07118864637e-06,
        "dvar2": 4.25977532359e-06,
        "max": 0.0140323583037,
        "mean": 0.00616688886657,
        "median": 0.00583358760923,
        "min": 3.3125162769e-12,
        "stdev": 0.00199057348073,
        "var": 3.96238237954e-06
    },
    "spectral_rolloff": {
        "dmean": 196.662826538,
        "dmean2": 324.430358887,
        "dvar": 391697.25,
        "dvar2": 576907.625,
        "max": 18820.0195312,
        "mean": 571.046203613,
        "median": 452.197265625,
        "min": 107.666015625,
        "stdev": 763.814880371,
        "var": 583413.1875
    },
    "spectral_skewness": {
        "dmean": 0.239290833473,
        "dmean2": 0.366008758545,
        "dvar": 0.0744961202145,
        "dvar2": 0.165690258145,
        "max": 5.6832742691,
        "mean": 1.89147400856,
        "median": 1.81787717342,
        "min": -0.0409513264894,
        "stdev": 0.515376329422,
        "var": 0.265612781048
    },
    "spectral_spread": {
        "dmean": 497942.625,
        "dmean2": 664713.25,
        "dvar": 840049885184,
        "dvar2": 1.08796536422e+12,
        "max": 40523384,
        "mean": 4392623.5,
        "median": 4365749,
        "min": 1282605.125,
        "stdev": 1706306.875,
        "var": 2.91148319949e+12
    },
    "spectral_strongpeak": {
        "dmean": 0.299684584141,
        "dmean2": 0.511106669903,
        "dvar": 0.127002686262,
        "dvar2": 0.33163267374,
        "max": 3.93511819839,
        "mean": 0.603749930859,
        "median": 0.462690532207,
        "min": 0,
        "stdev": 0.46394905448,
        "var": 0.215248733759
    },
    "zerocrossingrate": {
        "dmean": 0.00622114865109,
        "dmean2": 0.0077682826668,
        "dvar": 0.00022717405227,
        "dvar2": 0.000245567702223,
        "max": 0.50244140625,
        "mean": 0.033979319036,
        "median": 0.03125,
        "min": 0.0009765625,
        "stdev": 0.0217498354614,
        "var": 0.000473055348266
    },
    "barkbands": {
        "dmean": [5.66527123738e-05, 0.00566159049049, 0.00520610902458, 0.00402933498845, 0.00577412126586, 0.000812084763311, 0.000460143666714, 0.000519595399965, 0.000500135181937, 0.000381834164727, 0.000137225317303, 0.000123328412883, 0.000163397067809, 0.000229116340051, 0.000155788584379, 9.76584051386e-05, 9.87946041278e-05, 0.000100351637229, 5.47376184841e-05, 3.94737435272e-05, 3.77940596081e-05, 3.34487885993e-05, 2.57725259871e-05, 2.81649208773e-05, 1.98268444365e-05, 4.9813734222e-06, 9.82042465125e-08],
        "dmean2": [9.86338200164e-05, 0.00960753392428, 0.00863861106336, 0.00669478578493, 0.00949782691896, 0.00134445982985, 0.000743680575397, 0.000787704833783, 0.000716553709935, 0.000549060525373, 0.000210853744647, 0.000194199135876, 0.00025685102446, 0.000364157982403, 0.000249039498158, 0.000154304594616, 0.000161719610333, 0.000163972974406, 8.53996825754e-05, 6.18209815002e-05, 5.74769510422e-05, 5.02745278936e-05, 3.8129328459e-05, 4.14265559812e-05, 2.91636060865e-05, 6.87211831973e-06, 1.65728266666e-07],
        "dvar": [1.42193226083e-08, 0.000204694617423, 0.000120991368021, 7.18489900464e-05, 0.000116881237773, 2.03667832466e-06, 6.79739912357e-07, 8.91276783932e-07, 7.61128887916e-07, 4.09322836958e-07, 8.03108690661e-08, 5.49236993663e-08, 7.62742260463e-08, 2.78447174651e-07, 1.89026096109e-07, 2.70332893848e-08, 2.68229225497e-08, 2.40257271855e-08, 5.25323784473e-09, 4.370863671e-09, 7.3660904043e-09, 6.46361764112e-09, 3.08127212634e-09, 3.10990877495e-09, 1.95373761613e-09, 2.73277539486e-10, 3.00979185151e-13],
        "dvar2": [3.85979141981e-08, 0.000553862482775, 0.000306000059936, 0.000191530096345, 0.000251766527072, 5.02939292346e-06, 1.81495329343e-06, 1.95390884983e-06, 1.69264922079e-06, 9.53018457039e-07, 1.77960643555e-07, 1.3449727021e-07, 1.69878433098e-07, 6.78422907185e-07, 4.42179754145e-07, 6.00619856073e-08, 7.22326234381e-08, 6.40132071794e-08, 1.21847598678e-08, 1.1414515555e-08, 1.73851280039e-08, 1.45889904601e-08, 6.26996854436e-09, 6.15421358319e-09, 3.45149153702e-09, 5.15609610563e-10, 7.18655332726e-13],
        "max": [0.00114963937085, 0.124204061925, 0.100367933512, 0.0735929608345, 0.143122002482, 0.0244813356549, 0.00968512427062, 0.0142129724845, 0.0149754313752, 0.00944205839187, 0.00669142277911, 0.00308878044598, 0.00611003208905, 0.00778986420482, 0.00845582224429, 0.00254392856732, 0.00207830220461, 0.00215805950575, 0.00127498805523, 0.00120910466649, 0.00192750885617, 0.00182888819836, 0.00100772466976, 0.00125200953335, 0.00102668011095, 0.000526184274349, 1.49809202412e-05],
        "mean": [0.00011013414769, 0.0112920729443, 0.00698979245499, 0.00482470728457, 0.0112129012123, 0.0015543398913, 0.000899251783267, 0.00130834162701, 0.00109679275192, 0.000909889291506, 0.000288554525468, 0.000309560506139, 0.000369806686649, 0.000451423664344, 0.000279671658063, 0.000211770835449, 0.000197369110538, 0.000221831447561, 0.000124355690787, 7.55309520173e-05, 8.06604002719e-05, 7.06857026671e-05, 5.12703190907e-05, 5.73978868488e-05, 4.49261060567e-05, 9.62555168371e-06, 1.06517951792e-07],
        "median": [7.15040951036e-05, 0.00782175734639, 0.00328247435391, 0.00236106291413, 0.0079783461988, 0.000822325528134, 0.000501614238601, 0.000645766034722, 0.000617499812506, 0.00046446788474, 0.000121224613395, 0.000164222699823, 0.00019908946706, 0.000135486683575, 0.000132213870529, 9.95825248538e-05, 0.000121865647088, 0.000137632465339, 9.11873503355e-05, 4.26619953942e-05, 4.33944223914e-05, 3.47280147253e-05, 2.422434045e-05, 2.57155261352e-05, 2.27728287427e-05, 3.62157425116e-06, 3.71582098424e-09],
        "min": [1.13331918885e-24, 5.81880133112e-24, 2.83922683376e-23, 4.50501676012e-23, 6.02145417564e-23, 4.83020542009e-23, 2.42562106581e-23, 8.33775994592e-23, 6.04908891979e-23, 1.41787107558e-22, 8.87562361267e-23, 7.31024652876e-23, 1.10627429967e-22, 9.86554812324e-23, 1.22102907514e-22, 1.86061995283e-22, 1.11361865781e-22, 1.84226031967e-22, 3.49253360445e-22, 3.44713005241e-22, 4.56426084519e-22, 6.97980796791e-22, 5.87493619982e-22, 8.93077483493e-22, 1.3221909568e-21, 1.90415220059e-21, 2.45067059286e-21],
        "stdev": [0.00013301706349, 0.0136498296633, 0.0111108040437, 0.00802882108837, 0.0133283222094, 0.00224113231525, 0.00107853766531, 0.00174528744537, 0.00137960759457, 0.00121260341257, 0.000465913210064, 0.00036680456833, 0.000488455407321, 0.000913484836929, 0.000577870814595, 0.000299825653201, 0.000227352255024, 0.000249771459494, 0.000126246668515, 9.67184096226e-05, 0.000136079703225, 0.0001460374624, 0.000101882360468, 0.000106015868369, 8.75251062098e-05, 3.05963112623e-05, 7.62050433423e-07],
        "var": [1.7693537302e-08, 0.000186317862244, 0.000123449965031, 6.44619649393e-05, 0.000177644178621, 5.0226744861e-06, 1.16324338251e-06, 3.04602826873e-06, 1.90331695649e-06, 1.47040714182e-06, 2.17075125875e-07, 1.34545587116e-07, 2.38588711454e-07, 8.34454567666e-07, 3.33934707442e-07, 8.98954155559e-08, 5.1689049485e-08, 6.23857872029e-08, 1.5938219633e-08, 9.35445143568e-09, 1.85176869394e-08, 2.13269419902e-08, 1.03800159579e-08, 1.12393649943e-08, 7.66064367497e-09, 9.36134170182e-10, 5.80720855518e-13]
    },
    "erbbands": {
        "dmean": [0.081950224936, 1.59207034111, 5.97944688797, 9.1010799408, 16.397354126, 24.2184391022, 10.487783432, 8.03477573395, 6.18600511551, 10.5036182404, 7.51634550095, 13.6520280838, 10.3682727814, 9.35844230652, 5.83853960037, 4.52914953232, 7.59525680542, 10.9667139053, 8.13373661041, 6.49424505234, 5.07337617874, 4.71377801895, 5.93352794647, 3.34466648102, 2.62684392929, 1.66870760918, 1.22246110439, 1.69268023968, 1.27306067944, 0.820458292961, 0.739040255547, 0.566496014595, 0.507242262363, 0.298813134432, 0.110822729766, 0.0354574546218, 0.00569489365444, 0.000556962040719, 1.88412832358e-05, 1.8042352167e-05],
        "dmean2": [0.129390746355, 2.72202062607, 10.1187543869, 15.3996963501, 26.7026329041, 39.6826896667, 16.753736496, 13.3601760864, 9.98093509674, 16.2657470703, 11.4982423782, 19.4349708557, 15.0792531967, 13.5798244476, 9.20783519745, 7.12062597275, 11.9233474731, 17.0797138214, 13.091422081, 10.540848732, 7.94318008423, 7.73751497269, 9.79320335388, 5.29637718201, 4.05551862717, 2.58547687531, 1.88177835941, 2.5960586071, 1.95130395889, 1.18831634521, 1.07778012753, 0.842885673046, 0.754108190536, 0.450873702765, 0.16138485074, 0.0487364679575, 0.00810524448752, 0.000847581366543, 2.74773774436e-05, 2.79334817606e-05],
        "dvar": [0.0371845290065, 16.7552452087, 185.338668823, 335.240722656, 1300.80957031, 1788.51025391, 287.104370117, 182.211883545, 122.697639465, 307.17086792, 228.698165894, 535.519287109, 450.121582031, 209.108734131, 91.8490371704, 91.0354156494, 163.211044312, 466.598937988, 641.429382324, 216.345031738, 64.385635376, 60.9936141968, 92.8636016846, 21.7517089844, 12.8882865906, 9.02580738068, 5.92538642883, 17.8134002686, 10.0056056976, 2.60104632378, 2.59462022781, 1.23535227776, 1.01799082756, 0.405807644129, 0.0770586356521, 0.0109551725909, 0.000483361684019, 6.15713270236e-06, 3.49007978073e-09, 8.79751771432e-10],
        "dvar2": [0.0858590751886, 45.5029602051, 480.379547119, 926.995544434, 2879.43530273, 4260.38623047, 702.463256836, 470.315246582, 327.801574707, 745.353515625, 516.598327637, 1205.03088379, 1053.37487793, 425.252655029, 235.602508545, 231.155670166, 373.715881348, 1116.77172852, 1638.22949219, 449.028106689, 150.955688477, 163.189849854, 248.312133789, 51.8370094299, 30.6557369232, 23.0647392273, 12.8982019424, 41.7017745972, 22.4607410431, 4.91971445084, 5.40677261353, 2.3241276741, 2.14637732506, 0.795420348644, 0.14735879004, 0.0196706801653, 0.000976440613158, 1.39625808515e-05, 7.44158556998e-09, 1.93273153037e-09],
        "max": [2.53561544418, 35.3013267517, 113.754165649, 131.000640869, 462.29675293, 475.187316895, 230.507171631, 258.467712402, 154.498641968, 273.453643799, 349.78237915, 319.592071533, 363.492492676, 237.624359131, 141.539108276, 135.622909546, 208.927261353, 396.663146973, 533.735168457, 335.485778809, 103.036476135, 101.125450134, 119.783050537, 91.038482666, 66.4565124512, 59.0823822021, 42.9680786133, 95.3139190674, 70.4661941528, 30.8341312408, 30.0039367676, 22.634677887, 20.9705810547, 14.4085426331, 6.83018064499, 3.24925208092, 0.698887586594, 0.0630324557424, 0.00164311844856, 0.000221385576879],
        "mean": [0.249408096075, 2.81345009804, 7.98150968552, 12.0400123596, 24.4405002594, 44.7052726746, 21.8220233917, 15.3651332855, 12.7568597794, 26.196308136, 18.3367481232, 30.6567840576, 26.6291599274, 20.3110942841, 14.8251924515, 10.9512271881, 18.4198474884, 23.0472450256, 16.6520214081, 12.6538324356, 11.7707414627, 10.0330600739, 13.1717605591, 8.37818622589, 6.22799873352, 3.34219002724, 2.54614448547, 3.61143350601, 2.73416233063, 1.76049184799, 1.41046798229, 1.12249445915, 1.00071835518, 0.648657560349, 0.240431815386, 0.072966940701, 0.0106297321618, 0.000890850496944, 4.48414466518e-05, 4.99784546264e-05],
        "median": [0.186218440533, 1.80239641666, 4.06298398972, 6.83162784576, 14.0930957794, 30.8059387207, 12.1056194305, 8.38604927063, 7.77204942703, 14.796339035, 10.3115730286, 18.0482063293, 11.8838062286, 11.9092636108, 10.5645484924, 7.72996139526, 10.5985488892, 8.18040943146, 6.79702472687, 6.36731433868, 5.8137960434, 6.54462575912, 7.90350055695, 5.85345554352, 4.72017765045, 2.00169825554, 1.31915998459, 1.82546699047, 1.30579733849, 0.951822638512, 0.618872761726, 0.477020353079, 0.454852759838, 0.338181495667, 0.113173022866, 0.0314608365297, 0.00377247459255, 0.000222152477363, 2.68600997515e-05, 4.06906983699e-05],
        "min": [2.33446837754e-22, 1.29935453169e-21, 1.75549245604e-20, 1.41491440976e-19, 3.92296544734e-20, 2.15966595728e-19, 7.02083503577e-19, 2.26518059923e-19, 3.86991357252e-19, 3.57694636208e-19, 2.30544190949e-18, 1.25447957633e-18, 5.59103990529e-18, 2.79695283626e-18, 2.95087956773e-18, 3.87505868763e-18, 4.80987948612e-18, 4.37580611992e-18, 6.68817091075e-18, 6.19559891804e-18, 1.03789403753e-17, 6.65637698313e-18, 9.19777278274e-18, 1.69644800924e-17, 1.54708218623e-17, 1.75492818962e-17, 1.49961558483e-17, 2.19694439221e-17, 2.3925759158e-17, 1.93554969381e-17, 1.90003684488e-17, 1.73439922118e-17, 1.7471093476e-17, 1.61901430861e-17, 8.56129369732e-18, 6.32633853617e-18, 3.44335085119e-18, 1.30263792819e-18, 3.11892637565e-19, 3.84375676446e-20],
        "stdev": [0.269547462463, 3.74999499321, 12.8800830841, 17.1179790497, 39.0200462341, 51.8598518372, 26.2286758423, 20.6403446198, 14.570066452, 31.873003006, 23.2417869568, 36.9370536804, 40.1427154541, 26.8401603699, 14.8813390732, 11.6388587952, 22.2910346985, 41.1685943604, 32.7853088379, 21.7457714081, 14.7562618256, 10.4900026321, 15.5195274353, 8.57277488708, 5.98738336563, 4.39288139343, 4.11063051224, 6.84816360474, 5.71781921387, 3.0778093338, 2.88698101044, 2.14335560799, 1.8407677412, 1.19921386242, 0.528056442738, 0.200815111399, 0.0403727628291, 0.00410685781389, 0.0001037040347, 3.56290111085e-05],
        "var": [0.072655826807, 14.062461853, 165.896530151, 293.025177002, 1522.56396484, 2689.44433594, 687.94342041, 426.023803711, 212.286849976, 1015.88830566, 540.180664062, 1364.34606934, 1611.4375, 720.394226074, 221.454238892, 135.463027954, 496.890258789, 1694.85302734, 1074.87646484, 472.878570557, 217.747268677, 110.040161133, 240.855728149, 73.4924697876, 35.8487586975, 19.2974052429, 16.8972816467, 46.8973426819, 32.6934585571, 9.47291088104, 8.33465957642, 4.59397315979, 3.38842582703, 1.43811392784, 0.278843581676, 0.0403267070651, 0.00162995990831, 1.68662809301e-05, 1.07545270467e-08, 1.26942645284e-09]
    },
    "gfcc": {
        "mean": [3.96701073647, 128.831115723, -104.282592773, 41.7792549133, -54.2574424744, 21.3350467682, -39.8022499084, 11.6802635193, -23.6600055695, -5.24783086777, -12.986702919, -7.02293634415, -5.99755573273],
        "cov": [[3688.94384766, -784.895324707, -69.6644592285, 137.673187256, -416.69229126, 46.6065940857, -399.349945068, 126.362747192, -215.007492065, 152.042602539, -237.924499512, 49.7455787659, -115.130241394], [-784.895324707, 906.968688965, -135.54888916, -140.368484497, 249.140975952, -83.1294708252, 237.779388428, -113.780960083, 134.176315308, -170.436248779, 164.667602539, -82.1008682251, 50.0866775513], [-69.6644592285, -135.54888916, 269.44519043, 16.0166530609, -31.9039897919, 35.8428230286, -59.955745697, 31.6160240173, -22.6501846313, 31.9164943695, -24.5498027802, 26.3421707153, -8.76386642456], [137.673187256, -140.368484497, 16.0166530609, 190.445755005, -5.53439092636, 23.1284599304, -3.50866484642, -18.3333206177, 7.27750396729, -6.9288520813, 8.44588756561, 19.7123222351, 10.641787529], [-416.69229126, 249.140975952, -31.9039897919, -5.53439092636, 200.216262817, -1.09261441231, 87.6368637085, -23.742193222, 44.2554092407, -45.6882476807, 48.7686080933, -23.5983581543, 11.9274311066], [46.6065940857, -83.1294708252, 35.8428230286, 23.1284599304, -1.09261441231, 109.626777649, 18.616897583, 5.46959257126, -8.91429233551, 12.5097970963, 9.09828567505, -0.45654630661, -22.5001792908], [-399.349945068, 237.779388428, -59.955745697, -3.50866484642, 87.6368637085, 18.616897583, 214.619995117, -38.4615249634, 37.1230735779, -41.1758460999, 70.0034866333, -34.6556816101, -12.3036422729], [126.362747192, -113.780960083, 31.6160240173, -18.3333206177, -23.742193222, 5.46959257126, -38.4615249634, 90.4806671143, -11.3396406174, 40.3656692505, -33.2118835449, 15.7834587097, -7.13553237915], [-215.007492065, 134.176315308, -22.6501846313, 7.27750396729, 44.2554092407, -8.91429233551, 37.1230735779, -11.3396406174, 89.0533065796, -20.9399852753, 31.4466018677, -7.93334007263, 15.4886302948], [152.042602539, -170.436248779, 31.9164943695, -6.9288520813, -45.6882476807, 12.5097970963, -41.1758460999, 40.3656692505, -20.9399852753, 96.0287399292, -23.537979126, 12.7747135162, -19.0655727386], [-237.924499512, 164.667602539, -24.5498027802, 8.44588756561, 48.7686080933, 9.09828567505, 70.0034866333, -33.2118835449, 31.4466018677, -23.537979126, 93.7675247192, 1.72416341305, 3.25909900665], [49.7455787659, -82.1008682251, 26.3421707153, 19.7123222351, -23.5983581543, -0.45654630661, -34.6556816101, 15.7834587097, -7.93334007263, 12.7747135162, 1.72416341305, 62.8328666687, 18.7606525421], [-115.130241394, 50.0866775513, -8.76386642456, 10.641787529, 11.9274311066, -22.5001792908, -12.3036422729, -7.13553237915, 15.4886302948, -19.0655727386, 3.25909900665, 18.7606525421, 63.9914627075]],
        "icov": [[0.000702011457179, -0.00129303790163, 0.000823842419777, -0.00158717413433, 0.00131426390726, -0.000955414492637, 0.00128843751736, -0.000659291807096, 0.00131166528445, -0.000975247297902, 0.00189404014964, -0.000962205172982, 0.00182276824489], [-0.00129303790163, 0.0107028149068, -0.00201568822376, 0.00900818500668, -0.00602240534499, 0.00604784721509, -0.00483600841835, 0.00293882703409, -0.00639466755092, 0.00871424376965, -0.0117698386312, 0.00730648823082, -0.0072293127887], [0.000823842419777, -0.00201568822376, 0.00538670504466, -0.00240041408688, 0.00158604024909, -0.00278539257124, 0.00257876212709, -0.0014500686666, 0.00199753092602, -0.00189631793182, 0.00306842336431, -0.00272689433768, 0.00285066012293], [-0.00158717413433, 0.00900818500668, -0.00240041408688, 0.0139244580641, -0.00540284859017, 0.00377939129248, -0.00462815118954, 0.00446294574067, -0.0066503090784, 0.00745006417856, -0.00996577274054, 0.00414354680106, -0.0074849142693], [0.00131426390726, -0.00602240534499, 0.00158604024909, -0.00540284859017, 0.0111128771678, -0.00368471536785, 0.00182013656013, -0.0028158032801, 0.00264167832211, -0.00302781746723, 0.00530138751492, -0.00233321380801, 0.00373563333414], [-0.000955414492637, 0.00604784721509, -0.00278539257124, 0.00377939129248, -0.00368471536785, 0.0145975435153, -0.00423494447023, 0.00101657269988, -0.00281368242577, 0.00413704663515, -0.00814448390156, 0.0041686356999, -0.00123776320834], [0.00128843751736, -0.00483600841835, 0.00257876212709, -0.00462815118954, 0.00182013656013, -0.00423494447023, 0.0110666276887, -0.00150448968634, 0.00297775212675, -0.00267872959375, 0.00165836734232, -0.000741653551813, 0.00597194815055], [-0.000659291807096, 0.00293882703409, -0.0014500686666, 0.00446294574067, -0.0028158032801, 0.00101657269988, -0.00150448968634, 0.0172506701201, -0.00359974661842, -0.00264794728719, 0.0016108781565, -0.00222855457105, -0.0012569243554], [0.00131166528445, -0.00639466755092, 0.00199753092602, -0.0066503090784, 0.00264167832211, -0.00281368242577, 0.00297775212675, -0.00359974661842, 0.0189642962068, -0.00450804457068, 0.00355975679122, -0.00198085256852, 0.00190013821702], [-0.000975247297902, 0.00871424376965, -0.00189631793182, 0.00745006417856, -0.00302781746723, 0.00413704663515, -0.00267872959375, -0.00264794728719, -0.00450804457068, 0.0222530979663, -0.00962595455348, 0.00445254147053, -0.00195920583792], [0.00189404014964, -0.0117698386312, 0.00306842336431, -0.00996577274054, 0.00530138751492, -0.00814448390156, 0.00165836734232, 0.0016108781565, 0.00355975679122, -0.00962595455348, 0.0315027572215, -0.0140817286447, 0.01013860479], [-0.000962205172982, 0.00730648823082, -0.00272689433768, 0.00414354680106, -0.00233321380801, 0.0041686356999, -0.000741653551813, -0.00222855457105, -0.00198085256852, 0.00445254147053, -0.0140817286447, 0.0284293275326, -0.0128145255148], [0.00182276824489, -0.0072293127887, 0.00285066012293, -0.0074849142693, 0.00373563333414, -0.00123776320834, 0.00597194815055, -0.0012569243554, 0.00190013821702, -0.00195920583792, 0.01013860479, -0.0128145255148, 0.0282735750079]]
    },
    "melbands": {
        "dmean": [0.00114125898108, 0.0026060428936, 0.0017010186566, 0.00141033576801, 0.000519907916896, 0.000165633275174, 9.44909188547e-05, 0.000120914519357, 6.12510775682e-05, 8.37772749946e-05, 5.1658054872e-05, 4.07130974054e-05, 1.81233936019e-05, 1.41322952913e-05, 1.61404495884e-05, 1.54452027346e-05, 2.36261676037e-05, 1.39730900628e-05, 1.11958970592e-05, 7.9825595094e-06, 6.21775006948e-06, 5.18259639648e-06, 5.6437756939e-06, 5.55964652449e-06, 2.83542181023e-06, 2.14676310861e-06, 2.00401541406e-06, 9.75888042376e-07, 7.53788981456e-07, 9.66205561781e-07, 1.03445415789e-06, 8.53111998822e-07, 5.31765920186e-07, 4.71451613748e-07, 4.59116193952e-07, 3.78670591772e-07, 3.61397468396e-07, 3.82843637681e-07, 3.12220436172e-07, 2.57216271393e-07],
        "dmean2": [0.00187283940613, 0.00442967703566, 0.00278034457006, 0.00232814857736, 0.000834117352497, 0.000275145168416, 0.000151669795741, 0.000185372206033, 9.25299027585e-05, 0.000119599935715, 7.5504569395e-05, 5.91223106312e-05, 2.84155375994e-05, 2.24513714784e-05, 2.59922562691e-05, 2.40609988396e-05, 3.66287422366e-05, 2.25784260692e-05, 1.78750615305e-05, 1.26604336401e-05, 9.91554679786e-06, 8.51512959343e-06, 9.32712464419e-06, 9.10640392249e-06, 4.52248650618e-06, 3.3546305076e-06, 3.20575600199e-06, 1.54055294388e-06, 1.19212904792e-06, 1.49765787683e-06, 1.61610728355e-06, 1.33421804094e-06, 7.95749542704e-07, 7.05574962012e-07, 6.99743225141e-07, 5.64244373891e-07, 5.36268998985e-07, 5.81603558203e-07, 4.78872266285e-07, 3.98319542683e-07],
        "dvar": [7.85260181146e-06, 3.72927061107e-05, 1.07439709609e-05, 8.5113761088e-06, 6.02307352437e-07, 7.93619676642e-08, 2.88955597227e-08, 4.25056221331e-08, 1.58477977408e-08, 1.88789623934e-08, 1.16167235831e-08, 3.90471166511e-09, 1.16602272282e-09, 5.1843412896e-10, 1.03151831521e-09, 8.19231238403e-10, 2.35023023265e-09, 2.16374473894e-09, 9.51129397464e-10, 2.5478238963e-10, 9.31841132035e-11, 6.59061624719e-11, 1.20420284855e-10, 8.76535163896e-11, 1.56972872201e-11, 1.01798413449e-11, 8.85141439311e-12, 3.84303006085e-12, 2.3800200092e-12, 4.27162775637e-12, 7.27767845987e-12, 5.22351823254e-12, 1.09243094171e-12, 1.05673846409e-12, 1.07771799297e-12, 6.03797556658e-13, 5.09698728536e-13, 6.56716976806e-13, 3.8955167217e-13, 3.2105562783e-13],
        "dvar2": [2.04921816476e-05, 9.60908218985e-05, 2.67712275672e-05, 1.85694552783e-05, 1.52195207193e-06, 2.03806123977e-07, 7.71725652271e-08, 9.83122063758e-08, 3.41104318125e-08, 4.29300612836e-08, 2.7284546178e-08, 8.12189338006e-09, 2.92680280012e-09, 1.33843491845e-09, 2.71577271782e-09, 1.66065372564e-09, 5.57183899019e-09, 5.51963985629e-09, 2.10596318162e-09, 5.2045501242e-10, 2.32067171035e-10, 1.77316980543e-10, 3.31823041266e-10, 2.40831049547e-10, 3.70382127746e-11, 2.35646849256e-11, 2.3061210927e-11, 9.83808607496e-12, 5.68988953176e-12, 1.01530554797e-11, 1.65216954701e-11, 1.25327621545e-11, 2.34858356721e-12, 2.17069526416e-12, 2.37907545227e-12, 1.1951201747e-12, 1.01075170369e-12, 1.4966852627e-12, 7.7404836013e-13, 6.73392982001e-13],
        "max": [0.0279211737216, 0.0474732890725, 0.0271046776325, 0.037454135716, 0.0098657971248, 0.00533586600795, 0.00227808370255, 0.00338569562882, 0.0027724946849, 0.00177107646596, 0.00180096167605, 0.00104708655272, 0.000719228410162, 0.00029981759144, 0.000411926448578, 0.000763861113228, 0.000896432437003, 0.000898536178283, 0.000569527677726, 0.000272606615908, 0.000128791914904, 9.48353263084e-05, 0.000197172732442, 0.000155009518494, 8.13044898678e-05, 7.89622718003e-05, 4.1188493924e-05, 3.9708269469e-05, 2.66813949565e-05, 4.59018192487e-05, 5.75478079554e-05, 4.77392350149e-05, 2.3505261197e-05, 2.07767589018e-05, 1.84617911145e-05, 1.45104268086e-05, 1.5679435819e-05, 1.62953001563e-05, 1.16494074973e-05, 1.27674084069e-05],
        "mean": [0.00272950786166, 0.00401282031089, 0.00247755809687, 0.00260634231381, 0.00108091463335, 0.000311493960908, 0.000190588863916, 0.000305559602566, 0.000145481477375, 0.000185464072274, 0.00012769519526, 8.32475561765e-05, 4.26310580224e-05, 3.89282831748e-05, 3.29254762619e-05, 3.56064156222e-05, 4.62819407403e-05, 2.69774609478e-05, 2.00634549401e-05, 1.58681323228e-05, 1.34535821417e-05, 1.02748726931e-05, 1.07880969153e-05, 1.18279276649e-05, 6.18434842181e-06, 4.53671600553e-06, 4.02310615755e-06, 1.70728776538e-06, 1.37054917104e-06, 1.91035155694e-06, 2.14525130104e-06, 1.69938664385e-06, 1.06870140826e-06, 9.47838543652e-07, 8.25906965929e-07, 7.1683467695e-07, 6.64628885261e-07, 6.9259817792e-07, 6.58882584048e-07, 5.19857110248e-07],
        "median": [0.00202921777964, 0.00236804271117, 0.00146957673132, 0.00170823349617, 0.000670730543789, 0.000164075536304, 0.000112088309834, 0.000164613273228, 7.76921515353e-05, 0.000110691224108, 5.55185033591e-05, 4.74180706078e-05, 2.76790415228e-05, 2.29140787269e-05, 2.06199347303e-05, 1.88104531844e-05, 1.45621261254e-05, 9.76858245849e-06, 9.16448516364e-06, 6.98204394212e-06, 6.76035460856e-06, 6.28208044873e-06, 6.82381369188e-06, 7.01440239936e-06, 4.19232537752e-06, 3.285490493e-06, 2.57153396888e-06, 8.00684176738e-07, 6.39288941784e-07, 1.02610852082e-06, 1.00169518191e-06, 7.33789988772e-07, 5.51847222141e-07, 4.89438491513e-07, 3.56246800948e-07, 2.84862380795e-07, 2.72631808684e-07, 2.96631867513e-07, 3.34126411872e-07, 2.61207446783e-07],
        "min": [1.91989456682e-24, 9.07728990775e-24, 1.87219743325e-23, 6.66239103936e-24, 2.24517875784e-23, 5.65628020742e-24, 5.50008614262e-24, 5.39784306399e-24, 1.81504004304e-23, 8.15258242148e-24, 2.76406795324e-23, 1.00463613536e-23, 1.09680459249e-23, 5.18006933363e-24, 1.72049127702e-23, 7.66108815651e-24, 7.90403601607e-24, 1.04711952944e-23, 8.71819174622e-24, 1.07324321051e-23, 1.16970409649e-23, 5.80818010789e-24, 7.31428360333e-24, 1.00562457807e-23, 1.42542684843e-23, 1.23342331059e-23, 9.16079556773e-24, 1.25718561543e-23, 8.850568917e-24, 1.10774301669e-23, 1.19142822141e-23, 1.47197358615e-23, 1.20115258868e-23, 9.21070127518e-24, 9.94500456019e-24, 1.24712897995e-23, 9.76336539246e-24, 1.15423098426e-23, 1.45928176082e-23, 1.32632209514e-23],
        "stdev": [0.00300446455367, 0.00580059131607, 0.00333513645455, 0.00342568266205, 0.00120281975251, 0.000432675034972, 0.000225059397053, 0.000389820779674, 0.000200603666599, 0.000217768945731, 0.000199920221348, 0.000115569622722, 5.06805263285e-05, 4.17817136622e-05, 3.79234479624e-05, 5.64251095057e-05, 9.12775140023e-05, 6.13473021076e-05, 4.51913729194e-05, 2.72277884505e-05, 1.67234466062e-05, 1.12905499918e-05, 1.28755746118e-05, 1.48353738041e-05, 7.08193329046e-06, 4.85997179567e-06, 4.29614101449e-06, 2.86089311885e-06, 2.40811505137e-06, 3.18818661071e-06, 4.41461816081e-06, 3.85087696486e-06, 1.90741479855e-06, 1.73471244125e-06, 1.72950728938e-06, 1.45438616528e-06, 1.29293550799e-06, 1.34400397656e-06, 1.15376974463e-06, 1.00041791029e-06],
        "var": [9.02680767467e-06, 3.36468583555e-05, 1.11231347546e-05, 1.17353010864e-05, 1.44677539993e-06, 1.87207689351e-07, 5.06517316978e-08, 1.51960236394e-07, 4.02418294243e-08, 4.74233132763e-08, 3.99680963881e-08, 1.33563373694e-08, 2.56851584446e-09, 1.74571146427e-09, 1.43818779108e-09, 3.18379300701e-09, 8.33158519953e-09, 3.76349174047e-09, 2.04226013878e-09, 7.41352479405e-10, 2.79673673109e-10, 1.27476529332e-10, 1.6578043105e-10, 2.20088322567e-10, 5.01537804343e-11, 2.36193269804e-11, 1.8456826345e-11, 8.18470985431e-12, 5.79901838355e-12, 1.01645341449e-11, 1.94888515048e-11, 1.48292524094e-11, 3.63823120936e-12, 3.00922741586e-12, 2.99119539901e-12, 2.1152391904e-12, 1.6716822154e-12, 1.80634663043e-12, 1.33118462e-12, 1.0008360243e-12]
    },
    "melbands128": {
