{
"lowlevel": {
    "average_loudness": 0.964950442314,
    "barkbands_crest": {
        "dmean": 3.59983682632,
        "dmean2": 5.88917160034,
        "dvar": 11.3251819611,
        "dvar2": 26.1449298859,
        "max": 25.1596832275,
        "mean": 14.1212491989,
        "median": 13.5589399338,
        "min": 3.06164240837,
        "stdev": 5.42989063263,
        "var": 29.4837112427
    },
    "barkbands_flatness_db": {
        "dmean": 0.0387012884021,
        "dmean2": 0.0560035556555,
        "dvar": 0.00149289681576,
        "dvar2": 0.00265097874217,
        "max": 0.438397794962,
        "mean": 0.186273753643,
        "median": 0.172232925892,
        "min": 0.0325016789138,
        "stdev": 0.0788261368871,
        "var": 0.00621355976909
    },
    "barkbands_kurtosis": {
        "dmean": 13.4091281891,
        "dmean2": 20.2860736847,
        "dvar": 650.694335938,
        "dvar2": 1319.34033203,
        "max": 313.421417236,
        "mean": 20.2648849487,
        "median": 7.13126373291,
        "min": -1.93561959267,
        "stdev": 35.691368103,
        "var": 1273.87365723
    },
    "barkbands_skewness": {
        "dmean": 1.15014493465,
        "dmean2": 1.73579442501,
        "dvar": 1.82426679134,
        "dvar2": 3.54724383354,
        "max": 15.1314926147,
        "mean": 3.04645442963,
        "median": 2.32387685776,
        "min": -1.10349321365,
        "stdev": 2.39932203293,
        "var": 5.75674676895
    },
    "barkbands_spread": {
        "dmean": 7.60903024673,
        "dmean2": 11.5434360504,
        "dvar": 131.874725342,
        "dvar2": 279.584869385,
        "max": 123.16268158,
        "mean": 18.4525985718,
        "median": 14.0137414932,
        "min": 0.397793233395,
        "stdev": 18.3617210388,
        "var": 337.152770996
    },
    "dissonance": {
        "dmean": 0.0282828304917,
        "dmean2": 0.0455422401428,
        "dvar": 0.000720100244507,
        "dvar2": 0.00154931319412,
        "max": 0.499985545874,
        "mean": 0.444313377142,
        "median": 0.452963709831,
        "min": 0.0206405930221,
        "stdev": 0.0398626998067,
        "var": 0.00158903491683
    },
    "dynamic_complexity": 2.11135935783,
    "erbbands_crest": {
        "dmean": 3.30460095406,
        "dmean2": 5.19080400467,
        "dvar": 9.02612495422,
        "dvar2": 20.9291725159,
        "max": 28.6642475128,
        "mean": 9.94917869568,
        "median": 8.78541374207,
        "min": 2.36200785637,
        "stdev": 4.77722835541,
        "var": 22.8219127655
    },
    "erbbands_flatness_db": {
        "dmean": 0.0218632034957,
        "dmean2": 0.0314211770892,
        "dvar": 0.000369529909221,
        "dvar2": 0.000704917008989,
        "max": 0.282795578241,
        "mean": 0.13535232842,
        "median": 0.133421972394,
        "min": 0.0362535342574,
        "stdev": 0.0414841137826,
        "var": 0.00172093161382
    },
    "erbbands_kurtosis": {
        "dmean": 1.82694625854,
        "dmean2": 2.82145166397,
        "dvar": 5.85957288742,
        "dvar2": 13.0685005188,
        "max": 30.057434082,
        "mean": 1.82001912594,
        "median": 0.671300649643,
        "min": -1.8740414381,
        "stdev": 3.70476579666,
        "var": 13.7252902985
    },
    "erbbands_skewness": {
        "dmean": 0.535192787647,
        "dmean2": 0.797132492065,
        "dvar": 0.255963295698,
        "dvar2": 0.529292404652,
        "max": 4.89822816849,
        "mean": 0.83361184597,
        "median": 0.762312650681,
        "min": -3.39016389847,
        "stdev": 0.92608165741,
        "var": 0.857627213001
    },
    "erbbands_spread": {
        "dmean": 14.2730112076,
        "dmean2": 21.1979560852,
        "dvar": 278.344665527,
        "dvar2": 604.149902344,
        "max": 181.266067505,
        "mean": 46.0335044861,
        "median": 37.3759689331,
        "min": 5.64813327789,
        "stdev": 29.9027709961,
        "var": 894.17565918
    },
    "hfc": {
        "dmean": 10.4567623138,
        "dmean2": 15.6888151169,
        "dvar": 187.328323364,
        "dvar2": 446.545837402,
        "max": 128.583450317,
        "mean": 24.0560112,
        "median": 20.4482898712,
        "min": 1.19210917546e-05,
        "stdev": 18.3888607025,
        "var": 338.150177002
    },
    "loudness_ebu128": {
        "integrated": -7.81879901886,
        "loudness_range": 1.24638175964,
        "momentary": {
            "dmean": 0.495489478111,
            "dmean2": 0.779880642891,
            "dvar": 0.169880509377,
            "dvar2": 0.420249193907,
            "max": -5.29563713074,
            "mean": -7.9167137146,
            "median": -7.94370508194,
            "min": -11.0495004654,
            "stdev": 0.924289405346,
            "var": 0.854310929775
        },
        "short_term": {
            "dmean": 0.077168494463,
            "dmean2": 0.119633048773,
            "dvar": 0.00339022488333,
            "dvar2": 0.00784176867455,
            "max": -6.86744356155,
            "mean": -7.86064529419,
            "median": -7.900598526,
            "min": -8.80172348022,
            "stdev": 0.373613804579,
            "var": 0.139587268233
        }
    },
    "melbands_crest": {
        "dmean": 5.10057210922,
        "dmean2": 7.9939160347,
        "dvar": 21.1012783051,
        "dvar2": 45.5814399719,
        "max": 38.139755249,
        "mean": 22.2787971497,
        "median": 21.4038200378,
        "min": 5.66617059708,
        "stdev": 8.30537891388,
        "var": 68.9793243408
    },
    "melbands_flatness_db": {
        "dmean": 0.0453577674925,
        "dmean2": 0.0644407644868,
        "dvar": 0.00209127203561,
        "dvar2": 0.00363602000289,
        "max": 0.57279998064,
        "mean": 0.271121650934,
        "median": 0.261589318514,
        "min": 0.0664472654462,
        "stdev": 0.0973725318909,
        "var": 0.00948140956461
    },
    "melbands_kurtosis": {
        "dmean": 33.0715065002,
        "dmean2": 49.8460731506,
        "dvar": 4431.26220703,
        "dvar2": 9301.36132812,
        "max": 819.738769531,
        "mean": 50.5169639587,
        "median": 17.7652664185,
        "min": -0.589329957962,
        "stdev": 91.5507659912,
        "var": 8381.54296875
    },
    "melbands_skewness": {
        "dmean": 1.68395388126,
        "dmean2": 2.48206114769,
        "dvar": 4.49815797806,
        "dvar2": 8.84284210205,
        "max": 25.4170970917,
        "mean": 4.44814491272,
        "median": 3.42140030861,
        "min": -0.212256133556,
        "stdev": 3.62488222122,
        "var": 13.1397705078
    },
    "melbands_spread": {
        "dmean": 6.51010704041,
        "dmean2": 10.2158145905,
        "dvar": 108.91394043,
        "dvar2": 233.731628418,
        "max": 172.050582886,
        "mean": 14.448515892,
        "median": 10.7790174484,
        "min": 0.388541460037,
        "stdev": 15.4807214737,
        "var": 239.65272522
    },
    "pitch_salience": {
        "dmean": 0.10761448741,
        "dmean2": 0.171675860882,
        "dvar": 0.0114186611027,
        "dvar2": 0.0260267369449,
        "max": 0.855020999908,
        "mean": 0.423224747181,
        "median": 0.435538262129,
        "min": 0.0689293295145,
        "stdev": 0.169050306082,
        "var": 0.0285780057311
    },
    "silence_rate_20dB": {
        "dmean": 0,
        "dmean2": 0,
        "dvar": 0,
        "dvar2": 0,
        "max": 1,
        "mean": 1,
        "median": 1,
        "min": 1,
        "stdev": 0,
        "var": 0
    },
    "silence_rate_30dB": {
        "dmean": 0.100619196892,
        "dmean2": 0.201394274831,
        "dvar": 0.0904949009418,
        "dvar2": 0.171677812934,
        "max": 1,
        "mean": 0.800464034081,
        "median": 1,
        "min": 0,
        "stdev": 0.399651050568,
        "var": 0.159720957279
    },
    "silence_rate_60dB": {
        "dmean": 0.00696594407782,
        "dmean2": 0.0131680862978,
        "dvar": 0.00691753067076,
        "dvar2": 0.0176424141973,
        "max": 1,
        "mean": 0.00541376648471,
        "median": 0,
        "min": 0,
        "stdev": 0.0733786895871,
        "var": 0.00538443168625
    },
    "spectral_centroid": {
        "dmean": 285.953887939,
        "dmean2": 435.853851318,
        "dvar": 155787.203125,
        "dvar2": 323604.53125,
        "max": 4909.76855469,
        "mean": 1016.45318604,
        "median": 898.161193848,
        "min": 172.716156006,
        "stdev": 610.872131348,
        "var": 373164.75
    },
    "spectral_complexity": {
        "dmean": 4.85216712952,
        "dmean2": 7.21766090393,
        "dvar": 38.6523628235,
        "dvar2": 77.8123779297,
        "max": 52,
        "mean": 14.9396753311,
        "median": 13,
        "min": 0,
        "stdev": 8.64748382568,
        "var": 74.778968811
    },
    "spectral_decrease": {
        "dmean": 6.72983979655e-09,
        "dmean2": 1.0184056265e-08,
        "dvar": 6.31690106713e-17,
        "dvar2": 1.26279099613e-16,
        "max": -2.2437805364e-15,
        "mean": -1.69784630799e-08,
        "median": -1.29141053407e-08,
        "min": -6.7444943852e-08,
        "stdev": 1.34208599789e-08,
        "var": 1.80119478356e-16
    },
    "spectral_energy": {
        "dmean": 0.0259264875203,
        "dmean2": 0.03928970173,
        "dvar": 0.00092278746888,
        "dvar2": 0.00185006298125,
        "max": 0.260161846876,
        "mean": 0.0662626624107,
        "median": 0.0514358170331,
        "min": 9.54984269441e-09,
        "stdev": 0.0509451031685,
        "var": 0.00259540369734
    },
    "spectral_energyband_high": {
        "dmean": 0.000593052303884,
        "dmean2": 0.000848306226544,
        "dvar": 9.08776939923e-07,
        "dvar2": 1.88780256849e-06,
        "max": 0.0112232286483,
        "mean": 0.00109719415195,
        "median": 0.000637954915874,
        "min": 1.06640751785e-09,
        "stdev": 0.00139561633114,
        "var": 1.94774497686e-06
    },
    "spectral_energyband_low": {
        "dmean": 0.0215351786464,
        "dmean2": 0.032482855022,
        "dvar": 0.000848878349643,
        "dvar2": 0.00162494857796,
        "max": 0.228486254811,
        "mean": 0.0452436208725,
        "median": 0.0265246108174,
        "min": 3.46999740053e-09,
        "stdev": 0.0494609288871,
        "var": 0.00244638347067
    },
    "spectral_energyband_middle_high": {
        "dmean": 0.00297233392484,
        "dmean2": 0.00467060087249,
        "dvar": 2.36495634454e-05,
        "dvar2": 6.06568610237e-05,
        "max": 0.0443319678307,
        "mean": 0.00473032752052,
        "median": 0.00242893747054,
        "min": 8.3918699767e-10,
        "stdev": 0.00601415382698,
        "var": 3.61700476788e-05
    },
    "spectral_energyband_middle_low": {
        "dmean": 0.00989604648203,
        "dmean2": 0.0164465159178,
        "dvar": 0.000263857480604,
        "dvar2": 0.000719842908438,
        "max": 0.118015982211,
        "mean": 0.0161129552871,
        "median": 0.01138080284,
        "min": 3.90434529152e-09,
        "stdev": 0.0164308547974,
        "var": 0.000269972981187
    },
    "spectral_entropy": {
        "dmean": 0.256521433592,
        "dmean2": 0.359031707048,
        "dvar": 0.0638425052166,
        "dvar2": 0.121970318258,
        "max": 8.95534992218,
        "mean": 7.53501176834,
        "median": 7.54098987579,
        "min": 5.56248378754,
        "stdev": 0.538569152355,
        "var": 0.290056735277
    },
    "spectral_flux": {
        "dmean": 0.0527350008488,
        "dmean2": 0.0817599892616,
        "dvar": 0.00373200001195,
        "dvar2": 0.00680988933891,
        "max": 0.482787907124,
        "mean": 0.132841527462,
        "median": 0.110717751086,
        "min": 9.77232994046e-05,
        "stdev": 0.0818737596273,
        "var": 0.00670331250876
    },
    "spectral_kurtosis": {
        "dmean": 1.63919699192,
        "dmean2": 2.43094348907,
        "dvar": 4.67402696609,
        "dvar2": 10.3324794769,
        "max": 30.7300376892,
        "mean": 4.0112786293,
        "median": 3.21239805222,
        "min": -1.39668512344,
        "stdev": 3.729139328,
        "var": 13.9064807892
    },
    "spectral_rms": {
        "dmean": 0.0015958083095,
        "dmean2": 0.00240573356859,
        "dvar": 2.6554289434e-06,
        "dvar2": 5.28650798515e-06,
        "max": 0.0159316174686,
        "mean": 0.007471522782,
        "median": 0.00708387512714,
        "min": 3.05236289933e-06,
        "stdev": 0.00297032436356,
        "var": 8.82282711245e-06
    },
    "spectral_rolloff": {
        "dmean": 566.147827148,
        "dmean2": 977.385742188,
        "dvar": 2202233,
        "dvar2": 5203865,
        "max": 11412.5976562,
        "mean": 952.325622559,
        "median": 452.197265625,
        "min": 43.06640625,
        "stdev": 1810.07043457,
        "var": 3276355
    },
    "spectral_skewness": {
        "dmean": 0.281168043613,
        "dmean2": 0.405335187912,
        "dvar": 0.0815723389387,
        "dvar2": 0.161870121956,
        "max": 4.66074705124,
        "mean": 1.67759621143,
        "median": 1.62143039703,
        "min": -0.180743470788,
        "stdev": 0.618739187717,
        "var": 0.3828381598
    },
    "spectral_spread": {
        "dmean": 1053496.125,
        "dmean2": 1437364.875,
        "dvar": 1.6942212055e+12,
        "dvar2": 2.96266681549e+12,
        "max": 28073902,
        "mean": 6474168.5,
        "median": 5812176.5,
        "min": 1727537.5,
        "stdev": 2685191,
        "var": 7.21025132134e+12
    },
    "spectral_strongpeak": {
        "dmean": 0.411470621824,
        "dmean2": 0.679808080196,
        "dvar": 0.471224248409,
        "dvar2": 1.02013409138,
        "max": 7.82201337814,
        "mean": 0.777554988861,
        "median": 0.439565271139,
        "min": 0,
        "stdev": 0.976697325706,
        "var": 0.953937649727
    },
    "zerocrossingrate": {
        "dmean": 0.0132376374677,
        "dmean2": 0.0152274910361,
        "dvar": 0.000273358193226,
        "dvar2": 0.000332149269525,
        "max": 0.345703125,
        "mean": 0.046477727592,
        "median": 0.03515625,
        "min": 0.00146484375,
        "stdev": 0.0430578254163,
        "var": 0.00185397639871
    },
    "barkbands": {
        "dmean": [0.00405591772869, 0.0187002569437, 0.00457554636523, 0.00333122722805, 0.00348315155134, 0.00154019275215, 0.00169305223972, 0.00152087211609, 0.00123203906696, 0.000931871589273, 0.000614483491518, 0.00084750255337, 0.000609638285823, 0.000442270626081, 0.000250292301644, 0.000149783983943, 0.000154271619976, 0.000108998785436, 0.000119937350973, 0.000103203201434, 0.00011573775555, 0.000108337764686, 9.68650128925e-05, 0.000129764855956, 0.000161873729667, 6.5072774305e-05, 3.93145819544e-06],
        "dmean2": [0.00665553053841, 0.0285773873329, 0.00841230526567, 0.0062298970297, 0.00590877840295, 0.00254720891826, 0.00264589581639, 0.00237253145315, 0.00186291674618, 0.00147303298581, 0.00103251624387, 0.00140522769652, 0.000983823440038, 0.000739975599572, 0.000400869874284, 0.000249461561907, 0.000249334261753, 0.000180001632543, 0.000186822755495, 0.000164677359862, 0.000179340524483, 0.000167906808201, 0.000148476668983, 0.000190337348613, 0.00022981489019, 9.58881064435e-05, 6.85836130287e-06],
        "dvar": [3.17432204611e-05, 0.000807187985629, 0.000208729979931, 9.766194853e-05, 3.67453103536e-05, 1.10947794383e-05, 1.1372238987e-05, 1.18948810268e-05, 9.02488318388e-06, 4.16175498685e-06, 1.509708909e-06, 3.61600950782e-06, 1.78659581707e-06, 8.61111345785e-07, 2.69891842208e-07, 1.16977972198e-07, 6.82137368813e-08, 5.66791058532e-08, 3.43073267572e-08, 3.21998534503e-08, 3.27929257082e-08, 3.66703822863e-08, 2.76682374789e-08, 5.94182871794e-08, 1.185288383e-07, 1.98497946968e-08, 1.75287576121e-10],
        "dvar2": [8.75605837791e-05, 0.00165384821594, 0.000590606068727, 0.000282972090645, 9.39563105931e-05, 2.59719599853e-05, 2.42333335336e-05, 2.75565726042e-05, 1.72315048985e-05, 9.10221842787e-06, 4.08108508054e-06, 8.61556782183e-06, 3.99198052037e-06, 2.15150294025e-06, 6.26688859029e-07, 3.06381906512e-07, 1.66880894881e-07, 1.48108441067e-07, 7.65201946251e-08, 7.60713803061e-08, 7.77418236453e-08, 8.81471677872e-08, 6.24882687816e-08, 1.18447054831e-07, 2.35536788296e-07, 4.51212684993e-08, 4.85998352673e-10],
        "max": [0.0596727505326, 0.205964133143, 0.107100352645, 0.0745833963156, 0.0629235208035, 0.0472165197134, 0.0474102832377, 0.0407953709364, 0.0564132444561, 0.0261787101626, 0.0156376808882, 0.0218914337456, 0.0269494354725, 0.0124668646604, 0.00673619750887, 0.00598967587575, 0.00251422217116, 0.00240563647822, 0.00196314975619, 0.00165608315729, 0.00180313060991, 0.00195915764198, 0.00183830747847, 0.00309483148158, 0.00577389355749, 0.00245267851278, 0.000217600420001],
        "mean": [0.00574568100274, 0.0355469547212, 0.00333335762843, 0.00270985509269, 0.00488849496469, 0.00208082795143, 0.00243278453127, 0.00176578923129, 0.00157696544193, 0.00126398797147, 0.000662047415972, 0.000905850669369, 0.00074014114216, 0.000481651251903, 0.000293039745884, 0.000172718908289, 0.000183841577382, 0.000116517869174, 0.000189852624317, 0.000136591523187, 0.000174873523065, 0.000149655665155, 0.000135997441248, 0.000206476615858, 0.000257114763372, 0.000106434650661, 5.18495244251e-06],
        "median": [0.00330912554637, 0.018612941727, 0.000304290180793, 0.000478742615087, 0.00244823703542, 0.000884591601789, 0.000583962188102, 0.000400151940994, 0.000315132114338, 0.000253499456448, 0.000150168794789, 0.000159398914548, 0.000150402585859, 0.000100475801446, 8.39687563712e-05, 4.4639207772e-05, 5.90324307268e-05, 3.20430954162e-05, 7.12350811227e-05, 6.00012208452e-05, 7.22711847629e-05, 7.31350010028e-05, 6.25414832029e-05, 9.06075001694e-05, 0.000104834718513, 4.16915136157e-05, 3.30665386628e-07],
        "min": [1.27894406177e-09, 1.67499103476e-09, 8.32007907015e-10, 6.06788397306e-10, 9.23940812747e-10, 6.12953687806e-10, 5.22174692374e-10, 5.01595431857e-10, 6.19749918052e-10, 3.01736080566e-10, 1.4331717757e-10, 1.17246670706e-10, 8.47247480507e-11, 4.79679108933e-11, 3.93984359026e-11, 5.2252778493e-11, 3.13238289473e-11, 5.08275747879e-11, 1.97568680166e-11, 3.71376401853e-11, 3.7145935633e-11, 1.69739888811e-10, 2.30413341185e-10, 2.84444634513e-10, 2.8163790744e-10, 1.70381868336e-11, 1.14283582597e-12],
        "stdev": [0.00693605933338, 0.0427590757608, 0.0113706793636, 0.00778354750946, 0.00660245493054, 0.00418691895902, 0.00497301481664, 0.00403512595221, 0.0044870194979, 0.00284081650898, 0.0012723117834, 0.00212086318061, 0.0016892652493, 0.0010017696768, 0.000581767002586, 0.000362971884897, 0.000304076704197, 0.000228949342272, 0.000263951078523, 0.000206225944567, 0.000238885550061, 0.000220958041609, 0.000207911405596, 0.000352106173523, 0.000484853604576, 0.000189361220691, 1.67110665643e-05],
        "var": [4.81089191453e-05, 0.00182833860163, 0.000129292355268, 6.05836103205e-05, 4.3592412112e-05, 1.75302920979e-05, 2.47308744292e-05, 1.62822398124e-05, 2.0133342332e-05, 8.07023843663e-06, 1.61877733262e-06, 4.49806066172e-06, 2.85361693386e-06, 1.00354259303e-06, 3.38452849746e-07, 1.3174859248e-07, 9.24626419874e-08, 5.24177998784e-08, 6.96701718539e-08, 4.25291410977e-08, 5.70663090116e-08, 4.88224536355e-08, 4.32271498596e-08, 1.23978765032e-07, 2.35083007283e-07, 3.58576706105e-08, 2.79259726454e-10]
    },
    "erbbands": {
        "dmean": [0.934511899948, 3.38701796532, 5.03884315491, 8.83605957031, 11.3492870331, 12.8195304871, 11.5015048981, 12.5017900467, 21.7730846405, 25.3387565613, 32.8471260071, 32.3073043823, 30.5396194458, 26.5330181122, 24.5827789307, 36.8270645142, 27.8853130341, 22.4447803497, 16.2822608948, 9.9275560379, 7.64797401428, 7.64247512817, 6.04404449463, 5.70524501801, 6.38361120224, 4.72708654404, 4.38421678543, 4.69369459152, 3.83316588402, 3.18097472191, 2.75453925133, 2.45006895065, 2.49341392517, 1.91373312473, 1.15434610844, 0.410232633352, 0.0974234119058, 0.0137338256463, 0.000439178140368, 3.61576858268e-05],
        "dmean2": [1.35540103912, 5.23645687103, 8.86348819733, 16.646194458, 20.1040821075, 21.4055461884, 18.6544513702, 20.5714950562, 33.6723670959, 38.9369812012, 52.2072753906, 47.5237350464, 47.9794998169, 41.2600059509, 42.3079719543, 60.0611038208, 44.7234687805, 36.5195388794, 26.778093338, 16.217634201, 12.1329898834, 12.5055942535, 9.98722648621, 8.81511592865, 10.0248060226, 7.52912139893, 6.78993225098, 7.24013900757, 5.97398710251, 4.93159008026, 4.19645357132, 3.73307466507, 3.58905100822, 2.73058438301, 1.69396829605, 0.634052813053, 0.143496677279, 0.0218741595745, 0.000720307230949, 5.40913024452e-05],
        "dvar": [1.56004416943, 39.1330032349, 203.027832031, 782.422912598, 620.724731445, 526.897216797, 671.389648438, 868.530090332, 1981.42126465, 2596.41601562, 5963.59814453, 7751.09667969, 5018.11865234, 2797.23681641, 3396.58789062, 6694.67626953, 3661.60595703, 1873.40441895, 1023.21081543, 430.647735596, 198.436599731, 188.204910278, 167.235519409, 97.1734313965, 100.705451965, 71.6838989258, 48.6100311279, 57.8988075256, 49.735244751, 31.2254829407, 22.2608070374, 21.1464633942, 24.2692260742, 21.9876594543, 5.30712032318, 0.659391582012, 0.0486670210958, 0.00157749967184, 1.97736062546e-06, 1.77081449504e-09],
        "dvar2": [2.9891769886, 94.5101394653, 552.6796875, 2262.5534668, 1746.49645996, 1283.04382324, 1435.25402832, 2171.31591797, 4208.67333984, 5073.05712891, 14517.5927734, 14578.4550781, 11188.9248047, 6168.1484375, 9866.25683594, 15119.9648438, 8434.90136719, 4438.14746094, 2564.36743164, 1094.2779541, 473.743377686, 473.457702637, 431.312194824, 230.299407959, 230.260269165, 174.79850769, 112.581260681, 138.403015137, 119.662918091, 74.5569534302, 50.3201599121, 46.5142593384, 49.3186988831, 46.3801994324, 10.549492836, 1.49827384949, 0.106247030199, 0.00402410840616, 5.29927501702e-06, 3.81008957717e-09],
        "max": [10.8118619919, 46.3446960449, 101.76184845, 200.540313721, 197.146697998, 266.721374512, 420.494262695, 416.64654541, 584.856445312, 788.192565918, 1150.8326416, 1532.53039551, 911.433837891, 839.630249023, 709.083251953, 1093.33911133, 1158.68798828, 574.844665527, 455.630310059, 239.554962158, 143.269454956, 103.02117157, 122.247955322, 88.9666442871, 122.52885437, 76.3281478882, 72.6167984009, 79.0530014038, 60.6697616577, 71.5384521484, 55.9543304443, 45.5473937988, 68.0740814209, 83.1903762817, 32.6790809631, 10.575056076, 4.21144342422, 0.827117443085, 0.0221324563026, 0.000581894360948],
        "mean": [1.68580460548, 5.3266954422, 4.50081062317, 6.90882635117, 12.2776470184, 18.2346076965, 16.0749511719, 16.5610103607, 30.4701824188, 36.5835189819, 39.5678024292, 43.3954467773, 41.1217384338, 35.526348114, 25.2140045166, 42.3729782104, 34.4564971924, 28.3384723663, 18.8758430481, 11.7914247513, 10.0367221832, 8.88775920868, 6.63896656036, 8.41306591034, 9.48767852783, 6.45268678665, 6.34292078018, 6.98323965073, 5.26637411118, 4.60402393341, 3.82124876976, 3.59119200706, 3.9393658638, 2.92833304405, 1.78725516796, 0.649279952049, 0.159938275814, 0.0224282294512, 0.00070117006544, 9.63737838902e-05],
        "median": [0.914835512638, 1.95635771751, 0.74276471138, 1.19743907452, 4.57869291306, 7.22749137878, 8.01990413666, 5.83332681656, 9.28563690186, 10.3978366852, 12.2399101257, 10.6529302597, 8.8884344101, 8.7126493454, 6.48778772354, 9.24375915527, 7.72531509399, 7.55723381042, 6.03896617889, 3.52996063232, 3.0669169426, 2.61845588684, 1.9452675581, 3.30561137199, 3.46094655991, 2.82730174065, 2.41667222977, 3.22379040718, 2.54068827629, 2.391933918, 1.75137782097, 1.57670152187, 1.64694941044, 1.1338814497, 0.700984179974, 0.288466185331, 0.0543707050383, 0.00466903625056, 0.000159402814461, 7.70346596255e-05],
        "min": [6.51331149015e-08, 3.22867322211e-07, 8.98205996691e-07, 1.66081895259e-06, 2.42722194344e-06, 3.16419072988e-06, 4.06439221479e-06, 5.28709824721e-06, 6.89012722432e-06, 9.0316443675e-06, 1.19633377835e-05, 1.41050240927e-05, 1.17073477668e-05, 7.52624646339e-06, 5.52432675249e-06, 4.71789007861e-06, 3.99701730203e-06, 2.82449218503e-06, 2.06071376851e-06, 2.56709995483e-06, 2.65717585535e-06, 1.83293207101e-06, 2.6453171813e-06, 1.7961043568e-06, 9.90316038951e-07, 1.60785782555e-06, 1.9423955564e-06, 2.0114327981e-06, 7.03658542989e-06, 6.34541083855e-06, 6.03565649726e-06, 8.35625996842e-06, 2.94434835268e-06, 3.9522615225e-06, 1.37175572945e-06, 1.52067215708e-07, 3.59021150587e-08, 1.24935137791e-08, 3.32407168457e-09, 3.57405410822e-10],
        "stdev": [2.02031183243, 7.62310314178, 12.0724344254, 21.3600559235, 22.0776672363, 27.7067298889, 31.9141521454, 36.4593353271, 62.6241340637, 75.7596511841, 87.0203475952, 128.520202637, 94.0836334229, 76.2248306274, 52.2126235962, 96.4915618896, 75.791519165, 50.8782424927, 34.7761993408, 22.7583751678, 17.2386760712, 14.7612657547, 12.6945590973, 12.5380964279, 13.6186256409, 9.55455970764, 9.07210063934, 9.47576236725, 7.96836471558, 6.69258117676, 5.92058372498, 6.03372812271, 7.05990600586, 6.10039281845, 3.25563311577, 1.08047771454, 0.307869493961, 0.0516832619905, 0.00177435320802, 6.67640342726e-05],
        "var": [4.08166027069, 58.1117019653, 145.743667603, 456.251983643, 487.423431396, 767.662841797, 1018.51306152, 1329.28320312, 3921.78198242, 5739.52441406, 7572.54052734, 16517.4414062, 8851.72949219, 5810.22460938, 2726.15795898, 9310.62109375, 5744.35449219, 2588.59570312, 1209.3840332, 517.943603516, 297.171936035, 217.894958496, 161.151824951, 157.203857422, 185.466964722, 91.2896194458, 82.3030014038, 89.7900772095, 63.4948387146, 44.7906455994, 35.0533103943, 36.4058761597, 49.8422698975, 37.2147941589, 10.599146843, 1.16743218899, 0.0947836264968, 0.00267115957104, 3.14832936965e-06, 4.45743619792e-09]
    },
    "gfcc": {
        "mean": [14.492231369, 86.287361145, -78.0878067017, 28.6552524567, -59.4402923584, 28.4240493774, -32.6928939819, 17.9944419861, -22.4028263092, 15.8353509903, -9.24767112732, 5.26176118851, -5.61230754852],
        "cov": [[4257.83984375, -1066.86352539, -846.874328613, -33.8507232666, -257.196685791, 93.0152053833, -208.926422119, 135.32585144, -211.080688477, 182.982467651, -300.280456543, 66.4274139404, -191.536117554], [-1066.86352539, 1470.14294434, -38.4737052917, -17.7748622894, 344.299468994, -57.1820106506, 270.776885986, -88.1621398926, 117.476867676, -192.092895508, 142.897888184, -144.183303833, 104.633926392], [-846.874328613, -38.4737052917, 1025.68395996, 193.733566284, 51.3633232117, 38.8761749268, -36.8424377441, -36.545425415, 56.940776825, -41.1436271667, -7.73905134201, 43.4152946472, 6.51564693451], [-33.8507232666, -17.7748622894, 193.733566284, 403.358856201, 104.15473938, -14.528002739, -61.753452301, -21.9859142303, 75.7733764648, -28.8189239502, -3.9043033123, -34.4219055176, 30.141160965], [-257.196685791, 344.299468994, 51.3633232117, 104.15473938, 354.908996582, 42.5838890076, 94.2961120605, -8.55400466919, 55.3673210144, -30.1693325043, 32.4467926025, -49.2604103088, 29.3456058502], [93.0152053833, -57.1820106506, 38.8761749268, -14.528002739, 42.5838890076, 193.908050537, 79.5002441406, 28.3513774872, -9.97557640076, 11.665014267, 11.1407365799, -1.52858364582, -9.61675930023], [-208.926422119, 270.776885986, -36.8424377441, -61.753452301, 94.2961120605, 79.5002441406, 285.385650635, 45.4422035217, -24.7596817017, -36.5005302429, 39.7388191223, -19.7292728424, 9.77422523499], [135.32585144, -88.1621398926, -36.545425415, -21.9859142303, -8.55400466919, 28.3513774872, 45.4422035217, 116.004302979, 25.0061836243, 26.2541999817, -5.8711977005, 5.14481639862, 0.599026918411], [-211.080688477, 117.476867676, 56.940776825, 75.7733764648, 55.3673210144, -9.97557640076, -24.7596817017, 25.0061836243, 198.578475952, 28.5625514984, 30.7147502899, -14.3437595367, 38.8893432617], [182.982467651, -192.092895508, -41.1436271667, -28.8189239502, -30.1693325043, 11.665014267, -36.5005302429, 26.2541999817, 28.5625514984, 132.556594849, 15.5141239166, 16.9852237701, -14.9196949005], [-300.280456543, 142.897888184, -7.73905134201, -3.9043033123, 32.4467926025, 11.1407365799, 39.7388191223, -5.8711977005, 30.7147502899, 15.5141239166, 122.172286987, 7.10647916794, 32.069683075], [66.4274139404, -144.183303833, 43.4152946472, -34.4219055176, -49.2604103088, -1.52858364582, -19.7292728424, 5.14481639862, -14.3437595367, 16.9852237701, 7.10647916794, 97.1147079468, 12.3729515076], [-191.536117554, 104.633926392, 6.51564693451, 30.141160965, 29.3456058502, -9.61675930023, 9.77422523499, 0.599026918411, 38.8893432617, -14.9196949005, 32.069683075, 12.3729515076, 82.3136520386]],
        "icov": [[0.000531024707016, -8.30570643302e-05, 0.000519433058798, -0.000448111008154, 9.87642488326e-05, -0.000490204780363, 0.000344932195731, -0.000480819464428, 0.000400687422371, -0.000576047343202, 0.00113335833885, -0.000753399857786, 0.000712222827133], [-8.30570643302e-05, 0.00243004271761, -0.000101590732811, 0.00117631163448, -0.00129050610121, 0.00138494349085, -0.0016885320656, 0.00189380580559, -0.00161051680334, 0.00268893060274, -0.00190713093616, 0.00264823902398, -0.00130310456734], [0.000519433058798, -0.000101590732811, 0.00170076382346, -0.0010064834496, 7.1717746323e-05, -0.000864764500875, 0.00036139509757, -9.59059179877e-05, -2.52683530562e-05, -0.000126115744933, 0.00122344202828, -0.00174313620664, 0.00117735867389], [-0.000448111008154, 0.00117631163448, -0.0010064834496, 0.0043395687826, -0.00152025185525, 0.00103006314021, 1.11792278403e-05, 0.00121790263802, -0.00168201571796, 0.00221085362136, -0.00152992759831, 0.00296176713891, -0.00204895902425], [9.87642488326e-05, -0.00129050610121, 7.1717746323e-05, -0.00152025185525, 0.00462019117549, -0.00132368865889, -0.000449382700026, -0.000186261197086, 6.86868879711e-05, -0.00132292183116, 0.000876624311786, -0.000146282225614, 8.24000017019e-05], [-0.000490204780363, 0.00138494349085, -0.000864764500875, 0.00103006314021, -0.00132368865889, 0.00742701161653, -0.00275084516034, 0.000456612819107, -0.000703710829839, 0.000937549513765, -0.00218352791853, 0.00195971713401, -0.00048840441741], [0.000344932195731, -0.0016885320656, 0.00036139509757, 1.11792278403e-05, -0.000449382700026, -0.00275084516034, 0.00705261714756, -0.0041261613369, 0.00238295015879, -0.000141729338793, -4.7264922614e-05, -0.0012681997614, 0.00100524351001], [-0.000480819464428, 0.00189380580559, -9.59059179877e-05, 0.00121790263802, -0.000186261197086, 0.000456612819107, -0.0041261613369, 0.0129823572934, -0.00367132690735, 0.000229931552894, -9.8462565802e-05, 0.0016667478485, -0.00188526848797], [0.000400687422371, -0.00161051680334, -2.52683530562e-05, -0.00168201571796, 6.86868879711e-05, -0.000703710829839, 0.00238295015879, -0.00367132690735, 0.00850979331881, -0.00385193806142, 0.000730060448404, -0.000453888031188, -0.00170031178277], [-0.000576047343202, 0.00268893060274, -0.000126115744933, 0.00221085362136, -0.00132292183116, 0.000937549513765, -0.000141729338793, 0.000229931552894, -0.00385193806142, 0.013552476652, -0.00532709062099, 0.0018376231892, 0.00111381197348], [0.00113335833885, -0.00190713093616, 0.00122344202828, -0.00152992759831, 0.000876624311786, -0.00218352791853, -4.7264922614e-05, -9.8462565802e-05, 0.000730060448404, -0.00532709062099, 0.0142785413191, -0.00413110712543, -0.00128891260829], [-0.000753399857786, 0.00264823902398, -0.00174313620664, 0.00296176713891, -0.000146282225614, 0.00195971713401, -0.0012681997614, 0.0016667478485, -0.000453888031188, 0.0018376231892, -0.00413110712543, 0.0168653782457, -0.00602450827137], [0.000712222827133, -0.00130310456734, 0.00117735867389, -0.00204895902425, 8.24000017019e-05, -0.00048840441741, 0.00100524351001, -0.00188526848797, -0.00170031178277, 0.00111381197348, -0.00128891260829, -0.00602450827137, 0.0183403193951]]
    },
    "melbands": {
        "dmean": [0.0064839408733, 0.00280287954956, 0.00157306378242, 0.000828864111099, 0.000421656994149, 0.000288532290142, 0.000346495857229, 0.000282233726466, 0.000257965672063, 0.000204273033887, 0.000148515566252, 0.000105356353743, 7.76714805397e-05, 9.99035182758e-05, 7.97341781436e-05, 5.59593499929e-05, 4.3389340135e-05, 2.86832728307e-05, 1.79259423021e-05, 1.22662795548e-05, 9.19338617678e-06, 8.56207770994e-06, 6.38960364086e-06, 5.56830036658e-06, 4.73810177937e-06, 5.07661252414e-06, 4.30714226241e-06, 3.0504966162e-06, 2.73433283837e-06, 2.85704663838e-06, 2.89453168989e-06, 2.38496795646e-06, 1.93491496248e-06, 1.78307368515e-06, 1.68378494436e-06, 1.48976596392e-06, 1.62286971772e-06, 1.87944010577e-06, 1.7411035742e-06, 1.67222424352e-06],
        "dmean2": [0.00968127604574, 0.00449514901266, 0.00292176706716, 0.00141776655801, 0.000683125283103, 0.000473376479931, 0.000533987651579, 0.000436637492385, 0.000413060042774, 0.00030072935624, 0.000235364263062, 0.000164522774867, 0.000132634508191, 0.000162788608577, 0.000133232708322, 9.01816383703e-05, 7.10801614332e-05, 4.78621041111e-05, 2.91307824227e-05, 2.08337460208e-05, 1.45768044604e-05, 1.39957264764e-05, 1.05419212559e-05, 9.31636986934e-06, 7.42627753425e-06, 7.89811292634e-06, 6.95236349202e-06, 4.95713993587e-06, 4.27506302003e-06, 4.41571592091e-06, 4.57118358099e-06, 3.77623973691e-06, 3.00736928693e-06, 2.78141851595e-06, 2.63577771875e-06, 2.33639752878e-06, 2.48847118201e-06, 2.76101559393e-06, 2.53836947195e-06, 2.44143006967e-06],
        "dvar": [7.75702428655e-05, 3.87410436815e-05, 2.14385618165e-05, 2.23949405154e-06, 7.29924806819e-07, 4.29329389817e-07, 4.57051271496e-07, 3.26142838958e-07, 3.87248718425e-07, 3.19070892374e-07, 1.24267145907e-07, 4.79641713014e-08, 3.03680067759e-08, 4.84372719711e-08, 3.40108883279e-08, 1.26859207583e-08, 7.95708032797e-09, 3.49499695851e-09, 1.60474622479e-09, 9.5930807742e-10, 2.75106104564e-10, 2.25424873213e-10, 1.78386000416e-10, 1.57569512993e-10, 6.74969177772e-11, 6.82695289189e-11, 5.62017793415e-11, 3.12758326182e-11, 1.99792977301e-11, 2.11178106252e-11, 2.50157151938e-11, 2.09597790513e-11, 1.004830507e-11, 1.0630371583e-11, 7.87529503415e-12, 8.99695248857e-12, 9.33498590927e-12, 1.2887910357e-11, 1.49472413613e-11, 2.02591676074e-11],
        "dvar2": [0.000150218838826, 9.6020528872e-05, 6.1783430283e-05, 6.04928436587e-06, 1.58454542998e-06, 1.02158094251e-06, 9.65613025983e-07, 6.38147980681e-07, 9.3814031743e-07, 6.00346027113e-07, 2.77027851325e-07, 1.04757532426e-07, 8.70142002896e-08, 1.13652973255e-07, 8.3657532457e-08, 2.79439120732e-08, 1.89983637711e-08, 9.09695607731e-09, 3.88990617495e-09, 2.54387666487e-09, 6.42919328886e-10, 5.69310376619e-10, 4.45602749144e-10, 4.2290640434e-10, 1.56634150095e-10, 1.48741075012e-10, 1.34631167326e-10, 7.79649400595e-11, 4.67354939471e-11, 4.85895421121e-11, 6.07874375835e-11, 5.22356186083e-11, 2.41132253054e-11, 2.60785039397e-11, 1.81445986708e-11, 2.02253682552e-11, 2.06932786878e-11, 2.6690576832e-11, 3.22983029211e-11, 4.47977314966e-11],
        "max": [0.0715384036303, 0.0437421612442, 0.0337908901274, 0.0120954755694, 0.0152570242062, 0.0105306766927, 0.00799385551363, 0.00971924420446, 0.00944598764181, 0.0107197873294, 0.00468671461567, 0.00380224292167, 0.00240107858554, 0.00267252093181, 0.00298559712246, 0.00131820957176, 0.00132255302742, 0.000760599679779, 0.000634916650597, 0.000632615003269, 0.000192761101061, 0.000121009674331, 0.000150248903083, 0.000134706118843, 8.11310965219e-05, 0.00011586110486, 6.86693747411e-05, 4.91643804708e-05, 4.03411213483e-05, 5.45049697394e-05, 5.23491980857e-05, 4.13634516008e-05, 4.36742666352e-05, 4.52664935437e-05, 2.9836937756e-05, 4.63605174446e-05, 3.55169613613e-05, 4.31757398474e-05, 5.93262375332e-05, 9.09015216166e-05],
        "mean": [0.0122683839872, 0.00368625926785, 0.00134892214555, 0.00110259372741, 0.000610630493611, 0.000384455604944, 0.000499686459079, 0.000390909117414, 0.000302585045574, 0.000271288183285, 0.000194251348148, 0.000138562783832, 7.83025971032e-05, 0.000109617329144, 8.46252005431e-05, 7.1695947554e-05, 5.06753349327e-05, 3.07025547954e-05, 2.04295447475e-05, 1.34827932925e-05, 1.1806096154e-05, 9.89517593553e-06, 6.7358000706e-06, 5.71120790482e-06, 6.77314164932e-06, 7.54816483095e-06, 5.66170274396e-06, 3.87002137359e-06, 3.70936959371e-06, 4.20187461714e-06, 4.03578133046e-06, 3.05306980408e-06, 2.65795688392e-06, 2.45971386903e-06, 2.19864955397e-06, 2.03584477276e-06, 2.28111571232e-06, 2.84754560198e-06, 2.54909969044e-06, 2.47407433562e-06],
        "median": [0.00706770457327, 0.00100301578641, 0.000309129885864, 0.000499993504491, 0.000315851008054, 0.00013404461788, 0.000143229422974, 0.000114957976621, 8.83747561602e-05, 5.44862123206e-05, 3.90678906115e-05, 2.82651981252e-05, 1.97146018763e-05, 2.16170155909e-05, 1.59078663273e-05, 1.58535731316e-05, 1.1609988178e-05, 8.55384132592e-06, 5.71300961383e-06, 3.55761994797e-06, 3.7678978515e-06, 2.94578148896e-06, 1.62717924468e-06, 1.54334077251e-06, 2.53909729508e-06, 2.34891103901e-06, 2.26423298955e-06, 1.57882959684e-06, 1.31588024033e-06, 1.65397170804e-06, 1.81369568963e-06, 1.35909658638e-06, 1.32982029299e-06, 1.19550338695e-06, 9.76454771262e-07, 8.25748486477e-07, 9.05467118173e-07, 1.15954503599e-06, 9.86175450635e-07, 8.4307060888e-07],
        "min": [5.84751136401e-10, 4.55419174594e-10, 3.07855768655e-10, 2.00145885976e-10, 1.44134759683e-10, 1.19116147501e-10, 1.0645107712e-10, 1.00889505084e-10, 9.97914043066e-11, 8.81320086354e-11, 5.71630590085e-11, 3.08428976803e-11, 1.91500391933e-11, 1.38024400936e-11, 1.07210707326e-11, 7.71332910737e-12, 4.8869003462e-12, 3.27715025256e-12, 3.06370055193e-12, 3.74067790632e-12, 2.96428116428e-12, 1.94706165253e-12, 1.79419532616e-12, 2.61939515217e-12, 1.37183949096e-12, 4.97969016282e-13, 9.0075982697e-13, 1.14715734741e-12, 1.4127527273e-12, 7.21366868149e-13, 1.22507288602e-12, 4.4675101292e-12, 2.74856895056e-12, 4.17903515612e-12, 3.46184344212e-12, 3.39588253351e-12, 6.19248055611e-12, 1.7667151379e-12, 1.68210215722e-12, 4.28425307383e-12],
        "stdev": [0.0141339385882, 0.0065266774036, 0.003615018446, 0.00153926329222, 0.00108199438546, 0.000862183514982, 0.000993912457488, 0.000814085593447, 0.000693456968293, 0.000840278051328, 0.00046408054186, 0.000322263018461, 0.000159456918482, 0.000252962781815, 0.000199774483917, 0.000147293612827, 0.000102448517282, 6.12863659626e-05, 4.28892635682e-05, 3.12780939566e-05, 2.06295517273e-05, 1.63924050867e-05, 1.34514366437e-05, 1.19431851999e-05, 1.06585639514e-05, 1.17920635603e-05, 8.6897489382e-06, 6.05357217864e-06, 5.59442014492e-06, 6.10981714999e-06, 5.89760793446e-06, 4.93999959872e-06, 3.86316196455e-06, 3.76170487471e-06, 3.40590736414e-06, 3.60018771062e-06, 4.00104181608e-06, 5.07625327373e-06, 5.07182267029e-06, 5.53959307581e-06],
        "var": [0.000199768212042, 4.25975194958e-05, 1.30683583848e-05, 2.3693314688e-06, 1.17071192562e-06, 7.43360430988e-07, 9.87861881185e-07, 6.62735374135e-07, 4.80882590637e-07, 7.06067169176e-07, 2.15370747014e-07, 1.0385345206e-07, 2.5426507122e-08, 6.39901642785e-08, 3.99098425419e-08, 2.16954081367e-08, 1.04956994207e-08, 3.75601860725e-09, 1.83948878352e-09, 9.78319203426e-10, 4.25578378094e-10, 2.68710942386e-10, 1.80941150951e-10, 1.42639663969e-10, 1.1360497959e-10, 1.39052755421e-10, 7.55117288143e-11, 3.66457350576e-11, 3.12975374783e-11, 3.73298683631e-11, 3.47817781521e-11, 2.44035954639e-11, 1.49240203529e-11, 1.41504238882e-11, 1.16002051714e-11, 1.29613507427e-11, 1.60083370171e-11, 2.57683457905e-11, 2.57233869622e-11, 3.06870917566e-11]
    },
    "melbands128": {
