{
"lowlevel": {
    "average_loudness": 0.98293620348,
    "barkbands_crest": {
        "dmean": 2.75972914696,
        "dmean2": 4.13288831711,
        "dvar": 7.47932577133,
        "dvar2": 14.1472873688,
        "max": 25.3988609314,
        "mean": 11.9312591553,
        "median": 10.4117565155,
        "min": 2.05994224548,
        "stdev": 5.96708631516,
        "var": 35.6061210632
    },
    "barkbands_flatness_db": {
        "dmean": 0.0294888671488,
        "dmean2": 0.0407510772347,
        "dvar": 0.000942039303482,
        "dvar2": 0.00175573769957,
        "max": 0.371452778578,
        "mean": 0.125581353903,
        "median": 0.120480917394,
        "min": 0.0230686031282,
        "stdev": 0.0610896572471,
        "var": 0.00373194599524
    },
    "barkbands_kurtosis": {
        "dmean": 4.25295543671,
        "dmean2": 6.17605876923,
        "dvar": 101.294677734,
        "dvar2": 216.910079956,
        "max": 186.12348938,
        "mean": 5.52414894104,
        "median": 1.4328660965,
        "min": -1.85703504086,
        "stdev": 13.3034105301,
        "var": 176.980743408
    },
    "barkbands_skewness": {
        "dmean": 0.709242939949,
        "dmean2": 1.0184918642,
        "dvar": 0.663806200027,
        "dvar2": 1.2734336853,
        "max": 11.271478653,
        "mean": 1.79666054249,
        "median": 1.41975283623,
        "min": -1.8041498661,
        "stdev": 1.54849433899,
        "var": 2.39783453941
    },
    "barkbands_spread": {
        "dmean": 9.20995521545,
        "dmean2": 13.4425601959,
        "dvar": 104.174728394,
        "dvar2": 212.483810425,
        "max": 109.103103638,
        "mean": 32.4398956299,
        "median": 28.8852176666,
        "min": 0.828047513962,
        "stdev": 19.1743545532,
        "var": 367.655853271
    },
    "dissonance": {
        "dmean": 0.0177480597049,
        "dmean2": 0.0293456800282,
        "dvar": 0.000605313281994,
        "dvar2": 0.00150318036322,
        "max": 0.500000178814,
        "mean": 0.468169391155,
        "median": 0.476143330336,
        "min": 0,
        "stdev": 0.0292460247874,
        "var": 0.000855329970364
    },
    "dynamic_complexity": 1.52509915829,
    "erbbands_crest": {
        "dmean": 2.33258295059,
        "dmean2": 3.79601383209,
        "dvar": 5.32877254486,
        "dvar2": 12.8104953766,
        "max": 25.6866149902,
        "mean": 7.68738126755,
        "median": 6.92675256729,
        "min": 2.43042898178,
        "stdev": 3.63005685806,
        "var": 13.177312851
    },
    "erbbands_flatness_db": {
        "dmean": 0.0156735405326,
        "dmean2": 0.0217230860144,
        "dvar": 0.000221881840844,
        "dvar2": 0.0004322520399,
        "max": 0.27743691206,
        "mean": 0.123408362269,
        "median": 0.120230667293,
        "min": 0.0552855022252,
        "stdev": 0.0328743830323,
        "var": 0.0010807251092
    },
    "erbbands_kurtosis": {
        "dmean": 0.808906078339,
        "dmean2": 1.20090186596,
        "dvar": 1.01077961922,
        "dvar2": 2.20896482468,
        "max": 12.7119340897,
        "mean": 0.286746293306,
        "median": -0.193202972412,
        "min": -1.57802069187,
        "stdev": 1.57279372215,
        "var": 2.47368001938
    },
    "erbbands_skewness": {
        "dmean": 0.343403428793,
        "dmean2": 0.507663547993,
        "dvar": 0.100612476468,
        "dvar2": 0.22083748877,
        "max": 2.63801407814,
        "mean": 0.0215904228389,
        "median": -0.00301579176448,
        "min": -2.0633764267,
        "stdev": 0.665773868561,
        "var": 0.443254828453
    },
    "erbbands_spread": {
        "dmean": 9.85751247406,
        "dmean2": 14.7258739471,
        "dvar": 99.0038986206,
        "dvar2": 221.466567993,
        "max": 127.106506348,
        "mean": 45.5222129822,
        "median": 43.0027732849,
        "min": 4.38194799423,
        "stdev": 18.065656662,
        "var": 326.367950439
    },
    "hfc": {
        "dmean": 13.0372304916,
        "dmean2": 18.7605819702,
        "dvar": 267.171844482,
        "dvar2": 565.514648438,
        "max": 158.925765991,
        "mean": 37.1968460083,
        "median": 29.9850578308,
        "min": 1.17803529124e-16,
        "stdev": 27.0483036041,
        "var": 731.610778809
    },
    "loudness_ebu128": {
        "integrated": -7.17389202118,
        "loudness_range": 1.40766429901,
        "momentary": {
            "dmean": 0.367494821548,
            "dmean2": 0.456756323576,
            "dvar": 0.0754639953375,
            "dvar2": 0.13884755969,
            "max": -5.09927082062,
            "mean": -7.24066925049,
            "median": -7.23971843719,
            "min": -9.52146911621,
            "stdev": 0.763413965702,
            "var": 0.582800924778
        },
        "short_term": {
            "dmean": 0.0466256663203,
            "dmean2": 0.0501177757978,
            "dvar": 0.00130023504607,
            "dvar2": 0.00184500019532,
            "max": -6.24642944336,
            "mean": -7.18416213989,
            "median": -7.05582046509,
            "min": -8.18568325043,
            "stdev": 0.439624130726,
            "var": 0.193269371986
        }
    },
    "melbands_crest": {
        "dmean": 4.43606996536,
        "dmean2": 6.97935009003,
        "dvar": 17.5719394684,
        "dvar2": 44.3426856995,
        "max": 38.6449127197,
        "mean": 19.0446681976,
        "median": 17.4616851807,
        "min": 1.88790678978,
        "stdev": 8.22002220154,
        "var": 67.5687637329
    },
    "melbands_flatness_db": {
        "dmean": 0.0377935506403,
        "dmean2": 0.0529050827026,
        "dvar": 0.00159963674378,
        "dvar2": 0.00315417628735,
        "max": 0.475998491049,
        "mean": 0.193274527788,
        "median": 0.185254961252,
        "min": 0.00675006210804,
        "stdev": 0.0798267349601,
        "var": 0.00637230742723
    },
    "melbands_kurtosis": {
        "dmean": 12.0207824707,
        "dmean2": 18.093585968,
        "dvar": 558.711242676,
        "dvar2": 1258.47229004,
        "max": 449.250793457,
        "mean": 22.1321907043,
        "median": 9.72363471985,
        "min": -1.45014131069,
        "stdev": 34.8907814026,
        "var": 1217.36669922
    },
    "melbands_skewness": {
        "dmean": 1.0271897316,
        "dmean2": 1.49914073944,
        "dvar": 1.4293371439,
        "dvar2": 2.88550925255,
        "max": 16.7126636505,
        "mean": 3.51414084435,
        "median": 2.94288754463,
        "min": -0.927681744099,
        "stdev": 2.36900639534,
        "var": 5.61219120026
    },
    "melbands_spread": {
        "dmean": 11.4086399078,
        "dmean2": 17.7110385895,
        "dvar": 189.945755005,
        "dvar2": 427.190063477,
        "max": 142.580703735,
        "mean": 28.7589054108,
        "median": 23.9616718292,
        "min": 0.635477364063,
        "stdev": 21.7635631561,
        "var": 473.652648926
    },
    "pitch_salience": {
        "dmean": 0.0840437412262,
        "dmean2": 0.125837996602,
        "dvar": 0.0079049076885,
        "dvar2": 0.0163495354354,
        "max": 0.90761423111,
        "mean": 0.456464231014,
        "median": 0.472556173801,
        "min": 0.0673681646585,
        "stdev": 0.171418309212,
        "var": 0.0293842349201
    },
    "silence_rate_20dB": {
        "dmean": 0,
        "dmean2": 0,
        "dvar": 0,
        "dvar2": 0,
        "max": 1,
        "mean": 1,
        "median": 1,
        "min": 1,
        "stdev": 0,
        "var": 0
    },
    "silence_rate_30dB": {
        "dmean": 0.0526315793395,
        "dmean2": 0.105344690382,
        "dvar": 0.0498611181974,
        "dvar2": 0.117485195398,
        "max": 1,
        "mean": 0.954369664192,
        "median": 1,
        "min": 0,
        "stdev": 0.208683028817,
        "var": 0.0435486063361
    },
    "silence_rate_60dB": {
        "dmean": 0.00696594407782,
        "dmean2": 0.0139426803216,
        "dvar": 0.00691750785336,
        "dvar2": 0.0152975935489,
        "max": 1,
        "mean": 0.00850734766573,
        "median": 0,
        "min": 0,
        "stdev": 0.0918425396085,
        "var": 0.00843505188823
    },
    "spectral_centroid": {
        "dmean": 407.724884033,
        "dmean2": 618.482666016,
        "dvar": 235821.5,
        "dvar2": 437250.9375,
        "max": 11109.7734375,
        "mean": 1880.69677734,
        "median": 1821.5020752,
        "min": 267.440948486,
        "stdev": 748.953674316,
        "var": 560931.5625
    },
    "spectral_complexity": {
        "dmean": 6.54334354401,
        "dmean2": 9.41673088074,
        "dvar": 53.6646118164,
        "dvar2": 97.3073348999,
        "max": 59,
        "mean": 24.2861557007,
        "median": 22,
        "min": 0,
        "stdev": 12.4828710556,
        "var": 155.822067261
    },
    "spectral_decrease": {
        "dmean": 3.28442784081e-09,
        "dmean2": 4.87920992498e-09,
        "dvar": 1.48124390343e-17,
        "dvar2": 2.71900901335e-17,
        "max": -5.59429806142e-29,
        "mean": -1.19118697128e-08,
        "median": -9.25508114591e-09,
        "min": -3.63607490783e-08,
        "stdev": 7.90126453154e-09,
        "var": 6.24299810422e-17
    },
    "spectral_energy": {
        "dmean": 0.0128617873415,
        "dmean2": 0.0189794469625,
        "dvar": 0.000215584354009,
        "dvar2": 0.00039437765372,
        "max": 0.141369000077,
        "mean": 0.0483319908381,
        "median": 0.0390847884119,
        "min": 1.08962700712e-20,
        "stdev": 0.0302535202354,
        "var": 0.000915275537409
    },
    "spectral_energyband_high": {
        "dmean": 0.00123820267618,
        "dmean2": 0.00179910683073,
        "dvar": 2.56025532508e-06,
        "dvar2": 5.31757268618e-06,
        "max": 0.016514506191,
        "mean": 0.00267113745213,
        "median": 0.00155835051555,
        "min": 8.02461967846e-21,
        "stdev": 0.00277681555599,
        "var": 7.71070517658e-06
    },
    "spectral_energyband_low": {
        "dmean": 0.0114523367956,
        "dmean2": 0.0177001301199,
        "dvar": 0.000260605796939,
        "dvar2": 0.00051379861543,
        "max": 0.133813872933,
        "mean": 0.0308160800487,
        "median": 0.0179055631161,
        "min": 2.69667872155e-23,
        "stdev": 0.0301293414086,
        "var": 0.000907777168322
    },
    "spectral_energyband_middle_high": {
        "dmean": 0.00276348297484,
        "dmean2": 0.00424354244024,
        "dvar": 1.64003231475e-05,
        "dvar2": 3.92476213165e-05,
        "max": 0.057830248028,
        "mean": 0.00720414938405,
        "median": 0.00592704955488,
        "min": 1.74871151373e-21,
        "stdev": 0.00556065142155,
        "var": 3.09208444378e-05
    },
    "spectral_energyband_middle_low": {
        "dmean": 0.00543015496805,
        "dmean2": 0.00908870901912,
        "dvar": 0.000112836693006,
        "dvar2": 0.000309319177177,
        "max": 0.082349807024,
        "mean": 0.00879463646561,
        "median": 0.00617878092453,
        "min": 1.8925752566e-22,
        "stdev": 0.00947013590485,
        "var": 8.96834826563e-05
    },
    "spectral_entropy": {
        "dmean": 0.172401115298,
        "dmean2": 0.242112874985,
        "dvar": 0.0350557155907,
        "dvar2": 0.061994343996,
        "max": 9.80956935883,
        "mean": 7.86898422241,
        "median": 7.90909671783,
        "min": 6.60790348053,
        "stdev": 0.383606463671,
        "var": 0.147153913975
    },
    "spectral_flux": {
        "dmean": 0.035892136395,
        "dmean2": 0.0449639037251,
        "dvar": 0.00123462162446,
        "dvar2": 0.00162612076383,
        "max": 0.365826666355,
        "mean": 0.113568626344,
        "median": 0.0955346748233,
        "min": 1.04385201871e-10,
        "stdev": 0.0666299089789,
        "var": 0.00443954439834
    },
    "spectral_kurtosis": {
        "dmean": 0.996707379818,
        "dmean2": 1.52153944969,
        "dvar": 1.57152020931,
        "dvar2": 3.99775671959,
        "max": 19.2065296173,
        "mean": 2.76873850822,
        "median": 2.39651250839,
        "min": -1.20606935024,
        "stdev": 1.87539672852,
        "var": 3.51711297035
    },
    "spectral_rms": {
        "dmean": 0.00094125920441,
        "dmean2": 0.00137394189369,
        "dvar": 9.8874033938e-07,
        "dvar2": 1.75584045792e-06,
        "max": 0.0117439758033,
        "mean": 0.00651223864406,
        "median": 0.00617507100105,
        "min": 3.26044594968e-12,
        "stdev": 0.00217805383727,
        "var": 4.74391845273e-06
    },
    "spectral_rolloff": {
        "dmean": 913.094787598,
        "dmean2": 1465.12548828,
        "dvar": 1677868.375,
        "dvar2": 3357717.75,
        "max": 18152.4902344,
        "mean": 1905.28234863,
        "median": 1227.39257812,
        "min": 43.06640625,
        "stdev": 1998.2668457,
        "var": 3993070.25
    },
    "spectral_skewness": {
        "dmean": 0.207691460848,
        "dmean2": 0.303416669369,
        "dvar": 0.0502078011632,
        "dvar2": 0.114909641445,
        "max": 2.93394088745,
        "mean": 1.30615317822,
        "median": 1.2881629467,
        "min": -0.0232349820435,
        "stdev": 0.390747159719,
        "var": 0.152683347464
    },
    "spectral_spread": {
        "dmean": 794059.3125,
        "dmean2": 1119199.5,
        "dvar": 1.14199062118e+12,
        "dvar2": 1.62559059558e+12,
        "max": 41119920,
        "mean": 5926300,
        "median": 5716480.5,
        "min": 1919035.75,
        "stdev": 2000604.375,
        "var": 4.00241799987e+12
    },
    "spectral_strongpeak": {
        "dmean": 0.402049154043,
        "dmean2": 0.69466394186,
        "dvar": 0.530771672726,
        "dvar2": 1.34202969074,
        "max": 5.64951896667,
        "mean": 0.720695912838,
        "median": 0.491114199162,
        "min": 0,
        "stdev": 0.872117519379,
        "var": 0.760588943958
    },
    "zerocrossingrate": {
        "dmean": 0.0162909068167,
        "dmean2": 0.0171477105469,
        "dvar": 0.000423757737735,
        "dvar2": 0.000449211162049,
        "max": 0.50439453125,
        "mean": 0.0739951878786,
        "median": 0.06884765625,
        "min": 0.0009765625,
        "stdev": 0.045612398535,
        "var": 0.00208049081266
    },
    "barkbands": {
        "dmean": [0.0016894810833, 0.00870691426098, 0.00536230066791, 0.00287163513713, 0.00150519050658, 0.000586602604017, 0.000495538872201, 0.000450733408798, 0.00109135522507, 0.000567474053241, 0.000680838129483, 0.000666107633151, 0.00040704163257, 0.000460111215943, 0.000423039251473, 0.000371382018784, 0.000278542313026, 0.00027655356098, 0.000361630198313, 0.000366838736227, 0.000355367636075, 0.00031944285729, 0.000158204653417, 0.000217044842429, 0.000216513275518, 0.000108958018245, 9.25656604522e-06],
        "dmean2": [0.00290466239676, 0.0119571555406, 0.00914542749524, 0.00526258675382, 0.00262497947551, 0.00094419834204, 0.000784902309533, 0.000728897750378, 0.00171407265589, 0.000914183736313, 0.0010643833084, 0.00101861066651, 0.000656347430777, 0.00073309824802, 0.000673120259307, 0.000591991643887, 0.000463612552267, 0.000449634360848, 0.000584448047448, 0.000597679405473, 0.000575431331526, 0.000502942595631, 0.00022432699916, 0.000306893984089, 0.000319522223435, 0.000157286980539, 1.49233092088e-05],
        "dvar": [5.85959605814e-06, 0.000144032412209, 0.000208731653402, 6.47875203867e-05, 1.01974383142e-05, 8.17995157831e-07, 9.24898131416e-07, 1.36156677399e-06, 4.4988623813e-06, 3.49825040757e-06, 2.02982050723e-06, 2.09235713555e-06, 5.5723182868e-07, 5.84893996347e-07, 7.21094977507e-07, 3.73679085897e-07, 1.950550228e-07, 2.08245765521e-07, 2.47070488513e-07, 3.24843426824e-07, 2.44746757971e-07, 2.23149356771e-07, 4.43379661874e-08, 8.70487468774e-08, 2.53553906759e-07, 5.20709946272e-08, 3.7900715899e-10],
        "dvar2": [1.94810945686e-05, 0.000210414946196, 0.000540482637007, 0.000185992132174, 2.86522918032e-05, 2.060630095e-06, 2.18814625441e-06, 3.45921239386e-06, 1.10478204078e-05, 9.18122714211e-06, 5.10541531185e-06, 4.41629435954e-06, 1.42645762935e-06, 1.42490409871e-06, 1.79055246008e-06, 9.1642237976e-07, 5.07067568378e-07, 5.18187391663e-07, 6.2321993255e-07, 9.00046813967e-07, 5.6501716017e-07, 5.22957350313e-07, 8.68275833454e-08, 1.7331082347e-07, 5.95053734287e-07, 1.10626153571e-07, 1.019231477e-09],
        "max": [0.0273487437516, 0.115749150515, 0.0920219942927, 0.061422765255, 0.0316976010799, 0.00851369462907, 0.0103469351307, 0.0154019761831, 0.0307468529791, 0.0364911779761, 0.0211844649166, 0.0205310340971, 0.0120190698653, 0.0103292698041, 0.0108585581183, 0.00721336714923, 0.0049822316505, 0.0082102464512, 0.00467383256182, 0.00522191543132, 0.00366401276551, 0.00530965300277, 0.00279797473922, 0.00358954048716, 0.00798986759037, 0.00336936325766, 0.000265396112809],
        "mean": [0.00241165491752, 0.0217592623085, 0.0055787563324, 0.00242195255123, 0.00189293175936, 0.000981627497822, 0.000828773481771, 0.000578214589041, 0.00194407301024, 0.000830607081298, 0.00115093227942, 0.00116456928663, 0.000598771322984, 0.000750735402107, 0.000601104518864, 0.000542041030712, 0.000388084008591, 0.000402336067054, 0.000576616905164, 0.000526669202372, 0.000558148196433, 0.000524785311427, 0.000288704992272, 0.00044125324348, 0.000398625183152, 0.000181017356226, 9.7814217952e-06],
        "median": [0.00101874372922, 0.00961873307824, 0.00196059886366, 0.000840262277052, 0.00102214782964, 0.000569904805161, 0.000274025689578, 0.000191225597518, 0.00074709468754, 0.000216339307372, 0.000365294603398, 0.00041709918878, 0.000254566926742, 0.000358072808012, 0.000264780101134, 0.000297053105896, 0.000209553851164, 0.000219879846554, 0.000375901698135, 0.000282316672383, 0.000244263996137, 0.00022286499734, 0.000112698748126, 0.000285212590825, 0.000183517695405, 5.41843546671e-05, 1.65724350154e-06],
        "min": [1.13170821656e-23, 9.62869263644e-24, 7.78178860817e-24, 8.98644153046e-24, 4.6677625514e-23, 1.79193304495e-23, 5.29334944408e-23, 1.99808827412e-23, 3.71125355769e-23, 3.30972398802e-23, 3.16774448675e-23, 6.95072601111e-23, 1.00021081501e-22, 8.85655021816e-23, 2.07936350878e-22, 2.51093340659e-22, 1.79268110597e-22, 2.52413048156e-22, 2.91251358958e-22, 3.87278122151e-22, 4.33262301064e-22, 6.01051021364e-22, 8.37289038327e-22, 7.1538612283e-22, 1.38629876693e-21, 2.03999278629e-21, 2.09102494293e-21],
        "stdev": [0.00310814147815, 0.0261651854962, 0.0123980725184, 0.00614134967327, 0.00280420412309, 0.00118280330207, 0.00138406280894, 0.00116921274457, 0.00276311160997, 0.00221291091293, 0.00206371350214, 0.00199883850291, 0.000894396507647, 0.00103523652069, 0.00097156589618, 0.000754194392357, 0.000518204935361, 0.000537474174052, 0.000594651384745, 0.000652348448057, 0.000678664189763, 0.000704389763996, 0.000369299668819, 0.000514932675287, 0.000756357854698, 0.000368909270037, 2.21785376198e-05],
        "var": [9.66054358287e-06, 0.000684616912622, 0.000153712200699, 3.77161777578e-05, 7.86356031313e-06, 1.39902363117e-06, 1.91562980945e-06, 1.36705853038e-06, 7.63478601584e-06, 4.89697458761e-06, 4.25891357736e-06, 3.99535565521e-06, 7.9994515545e-07, 1.0717145642e-06, 9.43940335674e-07, 5.68809184642e-07, 2.68536382464e-07, 2.88878482024e-07, 3.53610289494e-07, 4.25558511097e-07, 4.60585056317e-07, 4.96164943797e-07, 1.36382240612e-07, 2.65155676971e-07, 5.72077169636e-07, 1.36094044478e-07, 4.91887530707e-10]
    },
    "erbbands": {
        "dmean": [0.409051179886, 1.79175806046, 5.51739263535, 8.47783946991, 7.35088825226, 4.27240610123, 4.16995239258, 4.71971654892, 4.70509195328, 10.6153354645, 12.3639421463, 21.7705097198, 19.3368396759, 22.8549537659, 23.378862381, 22.0877227783, 17.8423881531, 21.7596950531, 19.5477848053, 21.2790241241, 19.9660053253, 15.5138912201, 14.1194267273, 17.6732234955, 18.6434879303, 17.0242214203, 15.3525876999, 12.8453359604, 12.4555301666, 7.39539957047, 4.22148895264, 4.0768494606, 4.06781387329, 2.51730537415, 1.56137347221, 0.61526954174, 0.172012761235, 0.0343004912138, 0.000931347138248, 3.53779905709e-05],
        "dmean2": [0.533008694649, 2.33651018143, 8.76266765594, 14.7405357361, 13.1128807068, 7.28872585297, 6.79444360733, 7.56766796112, 7.77309656143, 16.6090736389, 19.1997661591, 34.5635566711, 30.8213119507, 35.4151573181, 36.38022995, 34.257850647, 28.6840591431, 34.3832092285, 30.6810760498, 34.1137466431, 32.1855010986, 25.5502967834, 22.8573760986, 28.6926956177, 30.3223705292, 27.7641849518, 24.7716159821, 20.6888561249, 19.8372440338, 10.6740036011, 6.10604381561, 5.8666434288, 5.89697647095, 3.6905400753, 2.36237668991, 0.888012170792, 0.249205693603, 0.0510806180537, 0.00141744373832, 5.09302699356e-05],
        "dvar": [0.26975646615, 8.52357006073, 194.073532104, 510.522064209, 326.699798584, 80.8688964844, 48.8830757141, 65.9047775269, 73.3771133423, 660.133666992, 808.727722168, 2244.91601562, 1863.94482422, 4743.25097656, 3234.98071289, 2414.34936523, 1118.58044434, 1653.06604004, 1421.0637207, 1249.40930176, 1154.55908203, 644.327575684, 710.765563965, 711.185241699, 677.151916504, 720.41027832, 412.330047607, 344.19140625, 362.006134033, 103.173904419, 32.7738571167, 27.8683357239, 39.2442359924, 24.5239143372, 15.7453422546, 2.56198048592, 0.10715726763, 0.00317873153836, 3.66973017663e-06, 2.4289430467e-09],
        "dvar2": [0.424851924181, 12.9901809692, 477.147369385, 1409.78857422, 917.70904541, 229.796722412, 126.786842346, 166.013168335, 182.39994812, 1502.54821777, 1924.6373291, 5536.81787109, 4605.83349609, 12903.4550781, 7684.43896484, 5658.36376953, 2808.8527832, 4057.05151367, 3376.48828125, 3031.15185547, 2790.56518555, 1677.57495117, 1834.23803711, 1810.87609863, 1728.51940918, 1964.19946289, 970.840515137, 791.638000488, 855.814758301, 217.965209961, 63.9360237122, 56.0640602112, 83.8499603271, 57.1176948547, 36.8661155701, 5.35308504105, 0.250422388315, 0.00706702796742, 9.16285716812e-06, 5.40766587065e-09],
        "max": [4.75587129593, 29.0200443268, 101.559410095, 171.035079956, 146.795059204, 86.4588851929, 73.9380187988, 83.6832504272, 135.282958984, 337.356903076, 391.758453369, 806.223876953, 517.896850586, 1493.17871094, 1056.64953613, 748.23223877, 562.438720703, 631.89666748, 640.908081055, 460.274047852, 481.855773926, 328.81539917, 538.361206055, 278.227783203, 242.410766602, 211.673706055, 165.546096802, 147.687347412, 251.501739502, 114.715332031, 76.8537063599, 80.194770813, 92.7418899536, 69.3777313232, 73.3280258179, 25.6950931549, 5.33083343506, 0.677029848099, 0.034813426435, 0.000669624889269],
        "mean": [0.851116538048, 3.9661552906, 6.68717765808, 7.92088317871, 6.958319664, 6.11388492584, 7.24237728119, 7.70565748215, 7.12058782578, 17.4916820526, 20.7459812164, 36.3989906311, 33.3420524597, 39.2524185181, 43.0139007568, 37.4334182739, 29.9143772125, 39.5987625122, 29.9453487396, 31.6855430603, 30.1442375183, 22.8597297668, 21.3091163635, 27.9483146667, 28.3362789154, 24.5441226959, 24.3141059875, 19.6712169647, 20.1142807007, 12.6136522293, 7.92996931076, 7.84804677963, 8.04201698303, 4.71270132065, 2.64945530891, 1.03387224674, 0.275892347097, 0.0470267087221, 0.00122980319429, 9.73619535216e-05],
        "median": [0.235733538866, 1.94148719311, 3.02249026299, 2.92279314995, 2.627825737, 3.30840992928, 4.70992803574, 4.25465154648, 3.83868694305, 3.85923171043, 7.03206682205, 15.2836475372, 10.7128582001, 13.8562707901, 17.3243980408, 16.7184696198, 16.4469261169, 16.5742473602, 16.2320747375, 18.6595783234, 17.2235870361, 12.7674751282, 11.7316293716, 17.6500740051, 17.1523475647, 12.0235900879, 11.9466810226, 8.32251834869, 8.30725574493, 5.25838661194, 3.53159022331, 4.87741708755, 4.70791006088, 2.48513364792, 1.0389868021, 0.268661916256, 0.0974914655089, 0.0154704079032, 0.00036928645568, 7.96068052296e-05],
        "min": [2.85043011012e-22, 2.34981595044e-21, 1.05579426993e-20, 1.53209084431e-20, 7.13791017302e-20, 1.71541904503e-19, 1.69941788232e-19, 1.83714978741e-19, 6.46033590174e-19, 6.87532983012e-19, 5.50566556029e-19, 8.16099390875e-19, 7.21181604656e-19, 1.68396570904e-18, 1.38272627888e-18, 2.89185630191e-18, 4.68790922325e-18, 3.84430493964e-18, 1.17089748356e-17, 6.78587541675e-18, 1.45666820199e-17, 1.06968291935e-17, 1.19713383279e-17, 1.53277576666e-17, 2.11731485793e-17, 1.30748204262e-17, 1.57434175788e-17, 1.70514796405e-17, 1.89646309377e-17, 2.35510513036e-17, 2.62104220837e-17, 1.38877669147e-17, 1.41944143483e-17, 1.48527227301e-17, 1.02238762705e-17, 8.10860256349e-18, 3.55510977619e-18, 1.12160086914e-18, 3.0995282148e-19, 3.02883910449e-20],
        "stdev": [1.18040859699, 5.06365966797, 12.9933137894, 18.2183113098, 14.5934314728, 9.03056144714, 8.32864379883, 10.1314601898, 9.34067249298, 36.3373260498, 37.234210968, 58.4063339233, 59.0378646851, 73.1807632446, 69.8878479004, 59.4902000427, 40.0198707581, 61.3041648865, 44.8178672791, 40.8761177063, 43.1722717285, 29.5883255005, 29.5157413483, 30.6707057953, 30.8406295776, 31.0678348541, 28.0146102905, 25.271156311, 27.9877128601, 16.6714344025, 9.7480506897, 8.82727336884, 10.3382987976, 7.67593622208, 5.69748067856, 2.56683158875, 0.48764026165, 0.0792491361499, 0.00233781943098, 7.87055978435e-05],
        "var": [1.39336454868, 25.6406497955, 168.826202393, 331.906890869, 212.96824646, 81.5510406494, 69.3663024902, 102.646484375, 87.2481613159, 1320.40136719, 1386.38635254, 3411.29980469, 3485.46948242, 5355.42431641, 4884.31103516, 3539.08398438, 1601.59008789, 3758.20068359, 2008.64135742, 1670.85705566, 1863.84509277, 875.469055176, 871.178955078, 940.692199707, 951.14440918, 965.210388184, 784.818359375, 638.631347656, 783.312072754, 277.936737061, 95.0244979858, 77.920753479, 106.88041687, 58.9199943542, 32.4612884521, 6.58862495422, 0.237793013453, 0.00628042547032, 5.46539922652e-06, 6.19457063422e-09]
    },
    "gfcc": {
        "mean": [45.9914245605, 59.1054954529, -105.728103638, 38.523109436, -50.7290763855, 31.9930725098, -28.7567062378, 21.0537166595, -25.7632408142, 10.6881389618, -13.9337368011, 2.7477684021, -6.53396129608],
        "cov": [[5125.77539062, -861.738464355, 56.9670448303, 240.602020264, -206.306381226, 165.504653931, -213.515838623, 5.14086532593, -310.901000977, -59.4228668213, -417.187683105, -20.4733829498, -305.98928833], [-861.738464355, 1302.61120605, 17.8605518341, 44.9362945557, 306.410247803, -57.0636062622, 102.189002991, -54.5443153381, 95.4899902344, -78.6283798218, 151.509613037, -150.689453125, 101.10962677], [56.9670448303, 17.8605518341, 585.817443848, 133.479705811, 137.567733765, 88.6163253784, -17.2003479004, 57.7652931213, -24.4703998566, -32.4129447937, -54.1647338867, -24.431760788, -77.5162887573], [240.602020264, 44.9362945557, 133.479705811, 434.423095703, 84.2252044678, -8.13029956818, 2.97262358665, -17.8673095703, 32.7815895081, -79.9831619263, -63.7794113159, -34.7699661255, -47.5500793457], [-206.306381226, 306.410247803, 137.567733765, 84.2252044678, 349.158508301, 49.5410499573, 62.5262069702, 40.4505233765, 44.0829849243, -16.3384857178, 17.6892967224, -10.889046669, 37.1956863403], [165.504653931, -57.0636062622, 88.6163253784, -8.13029956818, 49.5410499573, 235.42767334, 97.7235412598, 28.9936504364, 8.99457454681, 38.7747688293, 24.3399868011, 19.6937122345, 8.49461174011], [-213.515838623, 102.189002991, -17.2003479004, 2.97262358665, 62.5262069702, 97.7235412598, 230.305053711, -1.51673865318, 35.9063224792, 26.9708938599, 55.6922531128, 23.8296222687, 19.7733592987], [5.14086532593, -54.5443153381, 57.7652931213, -17.8673095703, 40.4505233765, 28.9936504364, -1.51673865318, 182.960449219, 75.1563034058, 44.602645874, 50.2174339294, 34.4689216614, 52.7671318054], [-310.901000977, 95.4899902344, -24.4703998566, 32.7815895081, 44.0829849243, 8.99457454681, 35.9063224792, 75.1563034058, 145.105743408, 48.4994316101, 69.4030532837, 22.5707588196, 63.0505027771], [-59.4228668213, -78.6283798218, -32.4129447937, -79.9831619263, -16.3384857178, 38.7747688293, 26.9708938599, 44.602645874, 48.4994316101, 152.367401123, 80.8171234131, 43.5390167236, 49.8719940186], [-417.187683105, 151.509613037, -54.1647338867, -63.7794113159, 17.6892967224, 24.3399868011, 55.6922531128, 50.2174339294, 69.4030532837, 80.8171234131, 180.555999756, 52.1441001892, 79.8442840576], [-20.4733829498, -150.689453125, -24.431760788, -34.7699661255, -10.889046669, 19.6937122345, 23.8296222687, 34.4689216614, 22.5707588196, 43.5390167236, 52.1441001892, 124.520439148, 43.9843978882], [-305.98928833, 101.10962677, -77.5162887573, -47.5500793457, 37.1956863403, 8.49461174011, 19.7733592987, 52.7671318054, 63.0505027771, 49.8719940186, 79.8442840576, 43.9843978882, 150.510009766]],
        "icov": [[0.000378411699785, -0.000190638602362, 0.000331054005073, -0.000387094856706, 0.000178320726263, -0.00055222742958, 0.000348095345544, -0.000720551470295, 0.000913407304324, -0.000619306461886, 0.000959119468462, -0.000542658497579, 0.000611927302089], [-0.000190638602362, 0.00246062665246, -0.000519963447005, 0.000589717878029, -0.00167554593645, 0.0011555996025, -0.000757442438044, 0.00196608062834, -0.00157628965098, 0.00232360395603, -0.00354294711724, 0.00384364346974, -0.00171632866841], [0.000331054005073, -0.000519963447005, 0.0029216830153, -0.000990254222415, -0.000577896949835, -0.00157255632803, 0.00100942305289, -0.00209951796569, 0.00175450369716, -0.000969045620877, 0.00133955210913, -0.00101687898859, 0.00222191307694], [-0.000387094856706, 0.000589717878029, -0.000990254222415, 0.00363966659643, -0.000841119326651, 0.000829710799735, -0.000527438591234, 0.00175085791852, -0.00326222088188, 0.00234682695009, -0.000744399556424, 0.00105468789116, -0.000251133023994], [0.000178320726263, -0.00167554593645, -0.000577896949835, -0.000841119326651, 0.00500744953752, -0.000978830037639, -0.000432910135714, -0.00161612161901, 0.00063546653837, -0.0008426263812, 0.00241198949516, -0.00193605036475, -0.000334773678333], [-0.00055222742958, 0.0011555996025, -0.00157255632803, 0.000829710799735, -0.000978830037639, 0.00711118103936, -0.00333230383694, 0.000997184077278, -0.000872856879141, 0.0002747112012, -0.00214293366298, 0.00193205580581, -0.00167122203857], [0.000348095345544, -0.000757442438044, 0.00100942305289, -0.000527438591234, -0.000432910135714, -0.00333230383694, 0.00675573851913, 0.000158205963089, -0.00013191747712, -0.000778865884058, 0.000128330590087, -0.0020360047929, 0.00176207209006], [-0.000720551470295, 0.00196608062834, -0.00209951796569, 0.00175085791852, -0.00161612161901, 0.000997184077278, 0.000158205963089, 0.0108989579603, -0.00656434707344, 0.00223476276733, -0.00404611509293, 0.0022667015437, -0.00331914192066], [0.000913407304324, -0.00157628965098, 0.00175450369716, -0.00326222088188, 0.00063546653837, -0.000872856879141, -0.00013191747712, -0.00656434707344, 0.01540668495, -0.00465296953917, 0.00153961556498, -0.00205285521224, -0.000129289619508], [-0.000619306461886, 0.00232360395603, -0.000969045620877, 0.00234682695009, -0.0008426263812, 0.0002747112012, -0.000778865884058, 0.00223476276733, -0.00465296953917, 0.0130828199908, -0.00686797965318, 0.00264547788538, -0.0025816403795], [0.000959119468462, -0.00354294711724, 0.00133955210913, -0.000744399556424, 0.00241198949516, -0.00214293366298, 0.000128330590087, -0.00404611509293, 0.00153961556498, -0.00686797965318, 0.0162328369915, -0.00742270937189, 0.000899806211237], [-0.000542658497579, 0.00384364346974, -0.00101687898859, 0.00105468789116, -0.00193605036475, 0.00193205580581, -0.0020360047929, 0.0022667015437, -0.00205285521224, 0.00264547788538, -0.00742270937189, 0.0162476748228, -0.00486070197076], [0.000611927302089, -0.00171632866841, 0.00222191307694, -0.000251133023994, -0.000334773678333, -0.00167122203857, 0.00176207209006, -0.00331914192066, -0.000129289619508, -0.0025816403795, 0.000899806211237, -0.00486070197076, 0.0130680715665]]
    },
    "melbands": {
        "dmean": [0.00285312044434, 0.00228904746473, 0.00135390856303, 0.000386227155104, 0.000146219259477, 0.000104952501715, 7.78457397246e-05, 0.000110021144792, 0.000122046774777, 0.000141445183544, 9.98905816232e-05, 9.33262563194e-05, 8.89453222044e-05, 7.20987518434e-05, 5.8348337916e-05, 3.73873299395e-05, 4.27652266808e-05, 3.28765454469e-05, 3.35613403877e-05, 2.63184356299e-05, 2.40527315327e-05, 1.75449258677e-05, 1.30340740725e-05, 1.42603130371e-05, 1.52171505761e-05, 1.45599815369e-05, 1.40967576954e-05, 1.11060498966e-05, 9.92395689536e-06, 9.77708168648e-06, 6.66992173137e-06, 7.40178847991e-06, 6.43086241325e-06, 3.65652158507e-06, 2.4606538318e-06, 2.55913710134e-06, 2.70575969807e-06, 3.00632700601e-06, 2.76975583802e-06, 2.13118596548e-06],
        "dmean2": [0.00383734982461, 0.00319713819772, 0.00231532938778, 0.000687696912792, 0.000239613553276, 0.000167873266037, 0.000127673978568, 0.000173866792466, 0.000188715755939, 0.00022363300377, 0.000160446434165, 0.000144909092342, 0.000137594048283, 0.000110300818051, 9.43904160522e-05, 5.948609396e-05, 6.8016750447e-05, 5.20314570167e-05, 5.31151708856e-05, 4.2442476115e-05, 3.93638365495e-05, 2.94187248073e-05, 2.09732461371e-05, 2.31223548326e-05, 2.50247812801e-05, 2.3897329811e-05, 2.3203991077e-05, 1.83394186024e-05, 1.6285064703e-05, 1.5951518435e-05, 1.0550240404e-05, 1.18783182188e-05, 1.02717576738e-05, 5.17119724464e-06, 3.57298108611e-06, 3.80497635888e-06, 3.9899755393e-06, 4.47554657512e-06, 4.08580990552e-06, 3.22964410771e-06],
        "dvar": [1.27568282551e-05, 2.23369625019e-05, 1.21224029499e-05, 7.5866108773e-07, 5.94871494286e-08, 2.93421802411e-08, 1.96591951607e-08, 7.29370910335e-08, 7.74511832446e-08, 8.42625951236e-08, 5.08388211529e-08, 8.62889990572e-08, 3.73294710698e-08, 3.46911832594e-08, 1.97108391831e-08, 4.21227985825e-09, 6.65919852594e-09, 4.03603239718e-09, 4.67625937972e-09, 2.00515071214e-09, 1.65349467451e-09, 7.90898235792e-10, 5.06147679324e-10, 5.52291101741e-10, 5.54951917753e-10, 4.07291589344e-10, 4.64050103899e-10, 3.15711012888e-10, 1.77095754728e-10, 2.05937641939e-10, 9.12038292111e-11, 1.31530869529e-10, 9.89606313562e-11, 2.54749225187e-11, 1.1216111373e-11, 1.36654637259e-11, 1.25124606856e-11, 2.06314375306e-11, 2.24594891296e-11, 2.02245217101e-11],
        "dvar2": [1.91829803953e-05, 4.71909224871e-05, 3.2868298149e-05, 2.14051419789e-06, 1.60987113418e-07, 7.43556967109e-08, 4.86980411551e-08, 1.70512066688e-07, 1.78524302896e-07, 2.07092739402e-07, 1.25132928019e-07, 2.34713169789e-07, 9.00677576965e-08, 7.45580024386e-08, 5.05535737716e-08, 1.06796571586e-08, 1.61830673306e-08, 9.38314670407e-09, 1.20272591886e-08, 4.8747557102e-09, 4.03483424449e-09, 2.06059724839e-09, 1.27055832522e-09, 1.34114308548e-09, 1.42500633515e-09, 1.0489269453e-09, 1.23025478693e-09, 8.66035410052e-10, 4.29480173647e-10, 5.00627317379e-10, 2.06037839567e-10, 3.0858193778e-10, 2.42203035405e-10, 5.13668343971e-11, 2.20747205237e-11, 2.94333030171e-11, 2.7188289814e-11, 4.51038373317e-11, 4.93451737804e-11, 4.93439802907e-11],
        "max": [0.0336478576064, 0.0400499403477, 0.0262010637671, 0.00832038652152, 0.0020862261299, 0.0017511844635, 0.00193490285892, 0.00357652152888, 0.00395070901141, 0.00435472838581, 0.00264617195353, 0.00638149352744, 0.00334696937352, 0.00291005126201, 0.00237098964863, 0.000799549161457, 0.00122637650929, 0.00107851077337, 0.00106666015927, 0.000418142677518, 0.000560255837627, 0.00035255640978, 0.000266436079983, 0.000457839982118, 0.00026402506046, 0.000175327033503, 0.000232821868849, 0.000137238559546, 0.000110426030005, 0.000123532066937, 8.53378514876e-05, 0.000189665603102, 9.90512562566e-05, 5.00668793393e-05, 4.52967906313e-05, 5.37559608347e-05, 4.43646822532e-05, 6.96452261764e-05, 7.18842202332e-05, 6.17652985966e-05],
        "mean": [0.00675735715777, 0.00396813172847, 0.00133714976255, 0.000444501201855, 0.000261425127974, 0.000176374000148, 0.000120021555631, 0.00017071441107, 0.000208304307307, 0.000235692990827, 0.000166979210917, 0.000155141708092, 0.000157012866111, 0.000123628764413, 8.6904168711e-05, 6.1658276536e-05, 7.39137394703e-05, 4.62680509372e-05, 4.82028117403e-05, 3.6530662328e-05, 3.39097750839e-05, 2.34385170188e-05, 1.9004162823e-05, 2.00030335691e-05, 2.28248882195e-05, 2.178539944e-05, 1.91741455637e-05, 1.52778065967e-05, 1.52545362653e-05, 1.3787412172e-05, 1.02017265817e-05, 1.14186295832e-05, 1.0095332982e-05, 5.88978855376e-06, 4.43714725407e-06, 4.44377792519e-06, 4.93407696922e-06, 5.74945897824e-06, 5.06597461936e-06, 3.69779081666e-06],
        "median": [0.00263835699297, 0.00244353734888, 0.000537845946383, 0.000220646004891, 0.000175872075488, 0.000100083496363, 5.50264448975e-05, 3.74326482415e-05, 4.84436277475e-05, 9.90384505712e-05, 4.50229053968e-05, 5.17175758432e-05, 6.71397065162e-05, 3.09898859996e-05, 3.64875995729e-05, 2.43533631874e-05, 2.94267229037e-05, 2.27100263146e-05, 2.13885014091e-05, 1.94605581783e-05, 1.85541484825e-05, 1.22391684272e-05, 8.80907555256e-06, 1.10045275505e-05, 1.39978210427e-05, 1.42440540003e-05, 9.94484980765e-06, 7.2649768299e-06, 7.76238175604e-06, 5.60559374208e-06, 4.00133694711e-06, 4.92219032822e-06, 3.83928681913e-06, 2.35180755226e-06, 1.7976107074e-06, 2.25258395403e-06, 3.15013812724e-06, 3.3235905903e-06, 2.71855446954e-06, 1.75334037067e-06],
        "min": [3.49144235738e-24, 4.46749798326e-24, 4.32470903182e-24, 9.23798876275e-24, 6.82124317098e-24, 3.92354012936e-24, 1.02717452251e-23, 6.77539694175e-24, 4.82101298173e-24, 5.1371994766e-24, 3.75804421119e-24, 6.83162931366e-24, 3.9457654965e-24, 8.61350280435e-24, 8.51906668766e-24, 8.66595968796e-24, 6.64853706414e-24, 1.80784389609e-23, 1.3285925946e-23, 1.3839226674e-23, 1.48901992368e-23, 9.67117200733e-24, 1.10315231953e-23, 1.35668030267e-23, 1.20922192576e-23, 1.18082324872e-23, 1.79029268758e-23, 6.81116547292e-24, 8.44764716561e-24, 1.25900196767e-23, 8.59851760259e-24, 1.03357660207e-23, 1.28647081436e-23, 1.22745960103e-23, 1.7345751263e-23, 9.87929717995e-24, 8.01745133728e-24, 1.0000041019e-23, 1.00286064612e-23, 1.34222048228e-23],
        "stdev": [0.00838057044894, 0.00562348635867, 0.00287864124402, 0.000729589781258, 0.000281191547401, 0.000218803528696, 0.000163282369613, 0.000357730692485, 0.000392575515434, 0.000363583967555, 0.000314624223392, 0.000307793263346, 0.000266154616838, 0.000256019440712, 0.000158288283274, 9.53384733293e-05, 0.000118901458336, 7.6951146184e-05, 7.92208666098e-05, 5.10715435666e-05, 5.08117154823e-05, 3.17663434544e-05, 2.73636960628e-05, 2.74447720585e-05, 2.64972295554e-05, 2.31444937526e-05, 2.44031270995e-05, 2.02803948923e-05, 1.79037360795e-05, 1.76278790605e-05, 1.36091857712e-05, 1.67898961081e-05, 1.41000064104e-05, 8.27166059025e-06, 5.73478337174e-06, 5.47972240383e-06, 5.73815350435e-06, 7.2932502917e-06, 7.46854084355e-06, 6.61614058117e-06],
        "var": [7.02339675627e-05, 3.16236000799e-05, 8.28657539387e-06, 5.32301214662e-07, 7.90686840446e-08, 4.78749839772e-08, 2.66611319688e-08, 1.27971247821e-07, 1.54115525675e-07, 1.32193292757e-07, 9.89883943703e-08, 9.47366842752e-08, 7.08382827952e-08, 6.55459473364e-08, 2.50551792647e-08, 9.08942432432e-09, 1.41375569029e-08, 5.9214788628e-09, 6.27594554103e-09, 2.60830268495e-09, 2.5818303051e-09, 1.0091006919e-09, 7.48771822323e-10, 7.5321554549e-10, 7.02103153394e-10, 5.3566756586e-10, 5.95512639201e-10, 4.11294415192e-10, 3.20543785959e-10, 3.10742098719e-10, 1.85209930725e-10, 2.81900641719e-10, 1.98810190533e-10, 6.84203735335e-11, 3.28877411415e-11, 3.00273590714e-11, 3.29264081278e-11, 5.31914998159e-11, 5.57791035583e-11, 4.3773314834e-11]
    },
    "melbands128": {
