{
"lowlevel": {
    "average_loudness": 0.887644231319,
    "barkbands_crest": {
        "dmean": 2.64228463173,
        "dmean2": 4.23095560074,
        "dvar": 6.05150270462,
        "dvar2": 14.2700138092,
        "max": 24.6678657532,
        "mean": 9.84924793243,
        "median": 9.00612449646,
        "min": 3.25785207748,
        "stdev": 3.76605033875,
        "var": 14.1831359863
    },
    "barkbands_flatness_db": {
        "dmean": 0.0172684770077,
        "dmean2": 0.0271941758692,
        "dvar": 0.000244082126301,
        "dvar2": 0.000584021152463,
        "max": 0.3294056952,
        "mean": 0.156343892217,
        "median": 0.144712418318,
        "min": 0.0385347828269,
        "stdev": 0.049644138664,
        "var": 0.00246454053558
    },
    "barkbands_kurtosis": {
        "dmean": 1.82614183426,
        "dmean2": 2.91842889786,
        "dvar": 7.11962366104,
        "dvar2": 17.6023368835,
        "max": 35.8582954407,
        "mean": 3.10539889336,
        "median": 2.18511581421,
        "min": -1.48548698425,
        "stdev": 3.50138521194,
        "var": 12.2596988678
    },
    "barkbands_skewness": {
        "dmean": 0.399680346251,
        "dmean2": 0.610764086246,
        "dvar": 0.156998738647,
        "dvar2": 0.347112178802,
        "max": 5.11143398285,
        "mean": 1.14937901497,
        "median": 1.08931541443,
        "min": -1.96513426304,
        "stdev": 0.682016730309,
        "var": 0.465146809816
    },
    "barkbands_spread": {
        "dmean": 3.09437084198,
        "dmean2": 4.71265220642,
        "dvar": 14.2316541672,
        "dvar2": 29.8876075745,
        "max": 68.8121032715,
        "mean": 13.6932344437,
        "median": 12.1754798889,
        "min": 1.54232239723,
        "stdev": 7.09200668335,
        "var": 50.2965583801
    },
    "dissonance": {
        "dmean": 0.0288587603718,
        "dmean2": 0.0492074303329,
        "dvar": 0.000842203560751,
        "dvar2": 0.00204125116579,
        "max": 0.499801427126,
        "mean": 0.443703919649,
        "median": 0.449185222387,
        "min": 0.00666527776048,
        "stdev": 0.0351436436176,
        "var": 0.00123507576063
    },
    "dynamic_complexity": 3.4426047802,
    "erbbands_crest": {
        "dmean": 2.96857500076,
        "dmean2": 4.73092889786,
        "dvar": 7.76355600357,
        "dvar2": 19.0192279816,
        "max": 31.121673584,
        "mean": 11.1013717651,
        "median": 10.1926460266,
        "min": 3.15548586845,
        "stdev": 4.58303165436,
        "var": 21.0041770935
    },
    "erbbands_flatness_db": {
        "dmean": 0.0165338031948,
        "dmean2": 0.024993121624,
        "dvar": 0.000225952811888,
        "dvar2": 0.000460928451503,
        "max": 0.365900158882,
        "mean": 0.201579585671,
        "median": 0.19649477303,
        "min": 0.0770957544446,
        "stdev": 0.0554081611335,
        "var": 0.00307006435469
    },
    "erbbands_kurtosis": {
        "dmean": 1.3713940382,
        "dmean2": 2.15086460114,
        "dvar": 4.34569406509,
        "dvar2": 11.2439250946,
        "max": 32.9556846619,
        "mean": 1.96913683414,
        "median": 1.25662660599,
        "min": -1.62648069859,
        "stdev": 2.95043683052,
        "var": 8.70507717133
    },
    "erbbands_skewness": {
        "dmean": 0.361316561699,
        "dmean2": 0.550554394722,
        "dvar": 0.113468207419,
        "dvar2": 0.252545922995,
        "max": 4.15378093719,
        "mean": 0.896353542805,
        "median": 0.84004843235,
        "min": -0.751258790493,
        "stdev": 0.646580278873,
        "var": 0.41806602478
    },
    "erbbands_spread": {
        "dmean": 4.88606548309,
        "dmean2": 7.25067949295,
        "dvar": 29.2054023743,
        "dvar2": 58.1449890137,
        "max": 79.3209838867,
        "mean": 22.0560493469,
        "median": 19.1841678619,
        "min": 2.88094615936,
        "stdev": 11.1328573227,
        "var": 123.940505981
    },
    "hfc": {
        "dmean": 4.7442984581,
        "dmean2": 6.66612148285,
        "dvar": 48.2126350403,
        "dvar2": 86.6398773193,
        "max": 118.159767151,
        "mean": 17.4007492065,
        "median": 10.7826538086,
        "min": 1.1945182877e-16,
        "stdev": 15.8278846741,
        "var": 250.521942139
    },
    "loudness_ebu128": {
        "integrated": -11.4212198257,
        "loudness_range": 7.19721031189,
        "momentary": {
            "dmean": 0.519514679909,
            "dmean2": 0.483574569225,
            "dvar": 0.155418202281,
            "dvar2": 0.165576219559,
            "max": -6.87768602371,
            "mean": -12.5546360016,
            "median": -11.9563522339,
            "min": -19.845243454,
            "stdev": 3.3859744072,
            "var": 11.4648227692
        },
        "short_term": {
            "dmean": 0.0892739444971,
            "dmean2": 0.0774351507425,
            "dvar": 0.00852418132126,
            "dvar2": 0.00566192064434,
            "max": -8.97075366974,
            "mean": -12.3417139053,
            "median": -11.0498399734,
            "min": -16.9060173035,
            "stdev": 2.91068387032,
            "var": 8.47208118439
        }
    },
    "melbands_crest": {
        "dmean": 3.06456780434,
        "dmean2": 4.83031654358,
        "dvar": 7.59792470932,
        "dvar2": 18.3972110748,
        "max": 28.4678707123,
        "mean": 12.4771842957,
        "median": 11.6123857498,
        "min": 2.2278418541,
        "stdev": 4.51903581619,
        "var": 20.4216861725
    },
    "melbands_flatness_db": {
        "dmean": 0.0185636021197,
        "dmean2": 0.0281648822129,
        "dvar": 0.000310828007059,
        "dvar2": 0.000723104574718,
        "max": 0.346356004477,
        "mean": 0.204555436969,
        "median": 0.201964840293,
        "min": 0.00592182809487,
        "stdev": 0.0362657271326,
        "var": 0.00131520291325
    },
    "melbands_kurtosis": {
        "dmean": 2.81826162338,
        "dmean2": 4.47188520432,
        "dvar": 26.0932807922,
        "dvar2": 66.6332397461,
        "max": 90.0477905273,
        "mean": 4.83872842789,
        "median": 3.3599486351,
        "min": -1.27904736996,
        "stdev": 5.81544876099,
        "var": 33.8194465637
    },
    "melbands_skewness": {
        "dmean": 0.492583036423,
        "dmean2": 0.730461001396,
        "dvar": 0.27149105072,
        "dvar2": 0.609738111496,
        "max": 7.7827000618,
        "mean": 1.34227871895,
        "median": 1.20080530643,
        "min": -1.15891849995,
        "stdev": 0.906780600548,
        "var": 0.822251081467
    },
    "melbands_spread": {
        "dmean": 4.00658655167,
        "dmean2": 6.06698513031,
        "dvar": 25.0840892792,
        "dvar2": 40.6687240601,
        "max": 145.324279785,
        "mean": 17.8745250702,
        "median": 16.6306247711,
        "min": 2.64992403984,
        "stdev": 8.06537437439,
        "var": 65.0502624512
    },
    "pitch_salience": {
        "dmean": 0.0633956193924,
        "dmean2": 0.101431161165,
        "dvar": 0.00313210790046,
        "dvar2": 0.00811928976327,
        "max": 0.860433697701,
        "mean": 0.527405917645,
        "median": 0.529629170895,
        "min": 0.215867772698,
        "stdev": 0.088869035244,
        "var": 0.00789770577103
    },
    "silence_rate_20dB": {
        "dmean": 0,
        "dmean2": 0,
        "dvar": 0,
        "dvar2": 0,
        "max": 1,
        "mean": 1,
        "median": 1,
        "min": 1,
        "stdev": 0,
        "var": 0
    },
    "silence_rate_30dB": {
        "dmean": 0.00464396271855,
        "dmean2": 0.00929511990398,
        "dvar": 0.00462236208841,
        "dvar2": 0.0107579827309,
        "max": 1,
        "mean": 0.996133029461,
        "median": 1,
        "min": 0,
        "stdev": 0.0620645061135,
        "var": 0.00385200302117
    },
    "silence_rate_60dB": {
        "dmean": 0.0301857590675,
        "dmean2": 0.0604182817042,
        "dvar": 0.0292750149965,
        "dvar2": 0.0691589638591,
        "max": 1,
        "mean": 0.0734725445509,
        "median": 0,
        "min": 0,
        "stdev": 0.260914862156,
        "var": 0.0680765658617
    },
    "spectral_centroid": {
        "dmean": 174.617553711,
        "dmean2": 260.739044189,
        "dvar": 97063.75,
        "dvar2": 122331.203125,
        "max": 10668.265625,
        "mean": 1143.77709961,
        "median": 1081.09521484,
        "min": 358.312164307,
        "stdev": 418.782104492,
        "var": 175378.453125
    },
    "spectral_complexity": {
        "dmean": 2.20123839378,
        "dmean2": 3.54996132851,
        "dvar": 5.04618549347,
        "dvar2": 10.7540693283,
        "max": 37,
        "mean": 14.8360404968,
        "median": 14,
        "min": 0,
        "stdev": 5.60461187363,
        "var": 31.4116725922
    },
    "spectral_decrease": {
        "dmean": 1.70696934365e-09,
        "dmean2": 2.54145060552e-09,
        "dvar": 6.98977874647e-18,
        "dvar2": 1.48212253467e-17,
        "max": 7.00049474545e-29,
        "mean": -5.48815881629e-09,
        "median": -3.57093532521e-09,
        "min": -3.32547571702e-08,
        "stdev": 5.16451725829e-09,
        "var": 2.66722386741e-17
    },
    "spectral_energy": {
        "dmean": 0.00681563420221,
        "dmean2": 0.0101155294105,
        "dvar": 0.000108957545308,
        "dvar2": 0.000227993601584,
        "max": 0.132069319487,
        "mean": 0.0222918968648,
        "median": 0.0145858041942,
        "min": 1.05704134164e-20,
        "stdev": 0.0207961108536,
        "var": 0.000432478263974
    },
    "spectral_energyband_high": {
        "dmean": 0.000119560252642,
        "dmean2": 0.00016485316155,
        "dvar": 5.80670764805e-08,
        "dvar2": 1.03839816745e-07,
        "max": 0.00394029030576,
        "mean": 0.000331351679051,
        "median": 0.000159655231982,
        "min": 7.8121013079e-21,
        "stdev": 0.000464264885522,
        "var": 2.15541888338e-07
    },
    "spectral_energyband_low": {
        "dmean": 0.00199881731533,
        "dmean2": 0.00307368207723,
        "dvar": 3.00151186821e-05,
        "dvar2": 7.25506761228e-05,
        "max": 0.06070869416,
        "mean": 0.00420689024031,
        "median": 0.000461238523712,
        "min": 9.32084282362e-23,
        "stdev": 0.00735118705779,
        "var": 5.40399487363e-05
    },
    "spectral_energyband_middle_high": {
        "dmean": 0.00244554225355,
        "dmean2": 0.0036053203512,
        "dvar": 1.69231989275e-05,
        "dvar2": 3.7678892113e-05,
        "max": 0.0785561203957,
        "mean": 0.00669430848211,
        "median": 0.00421914830804,
        "min": 1.37403534987e-21,
        "stdev": 0.00703703518957,
        "var": 4.95198619319e-05
    },
    "spectral_energyband_middle_low": {
        "dmean": 0.00491188326851,
        "dmean2": 0.0075302766636,
        "dvar": 6.80608864059e-05,
        "dvar2": 0.000155021349201,
        "max": 0.0968190282583,
        "mean": 0.0116891581565,
        "median": 0.0066477986984,
        "min": 2.98467530353e-22,
        "stdev": 0.0133422780782,
        "var": 0.000178016387508
    },
    "spectral_entropy": {
        "dmean": 0.135599672794,
        "dmean2": 0.204367592931,
        "dvar": 0.0175090879202,
        "dvar2": 0.0359548702836,
        "max": 9.81460189819,
        "mean": 7.24927425385,
        "median": 7.26483488083,
        "min": 6.17767286301,
        "stdev": 0.354389220476,
        "var": 0.125591725111
    },
    "spectral_flux": {
        "dmean": 0.0220993254334,
        "dmean2": 0.0353778079152,
        "dvar": 0.00076281564543,
        "dvar2": 0.00178350077476,
        "max": 0.317997664213,
        "mean": 0.0732658877969,
        "median": 0.0575913526118,
        "min": 1.02812515446e-10,
        "stdev": 0.0509741455317,
        "var": 0.00259836367331
    },
    "spectral_kurtosis": {
        "dmean": 1.5265609026,
        "dmean2": 2.52783799171,
        "dvar": 3.29639315605,
        "dvar2": 8.33125019073,
        "max": 44.6049194336,
        "mean": 7.02083492279,
        "median": 6.41146945953,
        "min": -1.18235015869,
        "stdev": 3.72204875946,
        "var": 13.8536472321
    },
    "spectral_rms": {
        "dmean": 0.000644585932605,
        "dmean2": 0.00093855598243,
        "dvar": 5.99575741944e-07,
        "dvar2": 1.19069079574e-06,
        "max": 0.0113511281088,
        "mean": 0.00420189555734,
        "median": 0.0037722743582,
        "min": 3.21132356818e-12,
        "stdev": 0.00202294019982,
        "var": 4.09228732678e-06
    },
    "spectral_rolloff": {
        "dmean": 237.914718628,
        "dmean2": 392.534301758,
        "dvar": 447754.0625,
        "dvar2": 716188.6875,
        "max": 18949.21875,
        "mean": 1234.40185547,
        "median": 1184.32617188,
        "min": 129.19921875,
        "stdev": 754.535400391,
        "var": 569323.625
    },
    "spectral_skewness": {
        "dmean": 0.201746940613,
        "dmean2": 0.317448347807,
        "dvar": 0.0400725379586,
        "dvar2": 0.0865692645311,
        "max": 4.99312162399,
        "mean": 2.05812311172,
        "median": 2.03919744492,
        "min": 0.0362436026335,
        "stdev": 0.494643062353,
        "var": 0.244671747088
    },
    "spectral_spread": {
        "dmean": 386004.0625,
        "dmean2": 560631.5,
        "dvar": 955416641536,
        "dvar2": 1.17632847053e+12,
        "max": 39824844,
        "mean": 4228914.5,
        "median": 4041909.25,
        "min": 1660934.875,
        "stdev": 1767108.75,
        "var": 3.12267322163e+12
    },
    "spectral_strongpeak": {
        "dmean": 0.715374052525,
        "dmean2": 1.15626740456,
        "dvar": 0.734099090099,
        "dvar2": 1.72208082676,
        "max": 10.2824964523,
        "mean": 1.57080233097,
        "median": 1.20210182667,
        "min": 0,
        "stdev": 1.29855036736,
        "var": 1.68623304367
    },
    "zerocrossingrate": {
        "dmean": 0.00629361253232,
        "dmean2": 0.0076146912761,
        "dvar": 0.000220640024054,
        "dvar2": 0.000250110257184,
        "max": 0.4892578125,
        "mean": 0.053451500833,
        "median": 0.0517578125,
        "min": 0.00634765625,
        "stdev": 0.0184578597546,
        "var": 0.00034069258254
    },
    "barkbands": {
        "dmean": [2.1605321308e-05, 0.00103259831667, 0.00109752314165, 0.00066474621417, 0.000954742135946, 0.000523117836565, 0.000992763671093, 0.00229213270359, 0.00188238336705, 0.00121813314036, 0.000621809740551, 0.000959549506661, 0.000609510170761, 0.000246892712312, 0.000166219717357, 7.472368452e-05, 5.80036758038e-05, 6.32553128526e-05, 0.000112358662591, 0.000119998636364, 4.01433972002e-05, 2.99539606203e-05, 1.1985828678e-05, 1.87078567251e-05, 1.84769596672e-05, 1.12271009129e-05, 2.32125671573e-06],
        "dmean2": [2.85006663034e-05, 0.00170623487793, 0.00177437998354, 0.00119639514014, 0.0015998526942, 0.000859100429807, 0.0015226576943, 0.00357085070573, 0.00268442486413, 0.00185634905938, 0.000961615005508, 0.00151476915926, 0.000917003373615, 0.000382315076422, 0.000254675134784, 0.000125915728859, 9.57308511715e-05, 9.72156121861e-05, 0.000169691993506, 0.000177222915227, 5.91922616877e-05, 4.36739028373e-05, 1.84140608326e-05, 2.79776140815e-05, 2.70577911579e-05, 1.62343785632e-05, 3.50113919012e-06],
        "dvar": [2.55909649027e-09, 8.34386355564e-06, 1.25321912492e-05, 5.99220629738e-06, 1.42913513628e-05, 9.51682295636e-07, 8.55034704728e-06, 2.58798481809e-05, 2.47909247264e-05, 5.3143076002e-06, 2.50956895798e-06, 9.13297117222e-06, 1.49149980189e-06, 3.55646477601e-07, 1.78123542582e-07, 8.32393922678e-08, 8.24819146317e-09, 1.50245558217e-08, 4.83285553798e-08, 9.32116961394e-08, 9.80910552784e-09, 4.01578548193e-09, 1.24544086155e-09, 1.83367221407e-09, 2.09573181031e-09, 1.17441290026e-09, 5.20268481075e-11],
        "dvar2": [4.86775952879e-09, 2.4008902983e-05, 3.19589635183e-05, 1.6809644876e-05, 3.7291290937e-05, 2.58810860032e-06, 1.98896996153e-05, 5.40203727724e-05, 4.56443885923e-05, 1.12790721687e-05, 6.32939872958e-06, 2.00111680897e-05, 3.39335178978e-06, 7.41198789456e-07, 3.84585490565e-07, 2.2597117777e-07, 2.1450963672e-08, 3.16933004285e-08, 1.05249853277e-07, 2.01449296355e-07, 2.00527825456e-08, 8.13143330447e-09, 2.39275621539e-09, 3.51100393203e-09, 4.00738064954e-09, 2.35045916064e-09, 1.12629752747e-10],
        "max": [0.000851103046443, 0.0398599021137, 0.0332891903818, 0.0211407318711, 0.0513699576259, 0.0171725191176, 0.0604562424123, 0.0537956655025, 0.0800904035568, 0.0252697449178, 0.0225920490921, 0.0615255311131, 0.0128898955882, 0.0109144598246, 0.0076152603142, 0.0088837267831, 0.000943070219364, 0.0028510405682, 0.00244305585511, 0.00466202106327, 0.0018230288988, 0.000944532104768, 0.000719464558642, 0.000813905789983, 0.00139752170071, 0.00112791755237, 0.000125709600979],
        "mean": [4.36488226114e-05, 0.00177490885835, 0.00198535365053, 0.000675614166539, 0.00124665629119, 0.000971078115981, 0.001434359001, 0.00387922138907, 0.00306974234991, 0.00204230006784, 0.000933907693252, 0.0015135378344, 0.000973104615696, 0.00043142013601, 0.000260402157437, 0.00012161477207, 0.00010080399079, 0.000119709962746, 0.000213641571463, 0.000225636700634, 8.0592748418e-05, 5.9588921431e-05, 2.73498571914e-05, 4.23977508035e-05, 3.66974672943e-05, 2.48749183811e-05, 3.73853549718e-06],
        "median": [1.31067690745e-06, 0.000151968954015, 0.000190384729649, 3.53290088242e-05, 0.00039793580072, 0.000384237209801, 0.000498318346217, 0.00123658485245, 0.000516253756359, 0.000862543354742, 0.000257623323705, 0.000509385892656, 0.000367927743355, 0.00021156843286, 7.14119451004e-05, 6.53471506666e-05, 5.87260656175e-05, 6.4073879912e-05, 7.16872600606e-05, 3.91841276723e-05, 3.08464987029e-05, 1.92229963432e-05, 1.11768558781e-05, 1.62080577866e-05, 1.44425521285e-05, 1.0928231859e-05, 1.02010346836e-06],
        "min": [1.61334503343e-23, 5.82671407931e-23, 6.7165463405e-24, 2.30475085128e-23, 4.80045337328e-23, 1.05176502087e-22, 3.97331157268e-23, 3.72802410944e-23, 3.1877755584e-23, 3.38018441298e-23, 1.41258608616e-22, 5.1893756835e-23, 6.18860370404e-23, 1.37612278942e-22, 1.54267240488e-22, 1.06187607197e-22, 1.42827381589e-22, 2.08218498025e-22, 1.89756742084e-22, 3.33399376708e-22, 4.44672082274e-22, 5.7728598706e-22, 6.29137448329e-22, 7.70048402789e-22, 1.18258019657e-21, 1.61496442603e-21, 2.60048459363e-21],
        "stdev": [0.000102157908259, 0.00338636315428, 0.00404988881201, 0.00209567300044, 0.00348149077035, 0.00178150425199, 0.00328439101577, 0.00742751499638, 0.0074998177588, 0.00340557447635, 0.00195581605658, 0.00355981220491, 0.00168078998104, 0.00080674799392, 0.000612486561295, 0.000319542072248, 0.000120984288515, 0.00018187740352, 0.000325488857925, 0.00045381160453, 0.0001537794451, 9.61041005212e-05, 5.01744216308e-05, 7.86091768532e-05, 7.4407820648e-05, 4.91626487928e-05, 1.01440236904e-05],
        "var": [1.043623854e-08, 1.14674558063e-05, 1.64015982591e-05, 4.39184486822e-06, 1.21207776829e-05, 3.1737572499e-06, 1.07872247099e-05, 5.5167976825e-05, 5.62472632737e-05, 1.15979382826e-05, 3.8252160266e-06, 1.26722625282e-05, 2.82505493487e-06, 6.50842366667e-07, 3.75139791231e-07, 1.02107129862e-07, 1.46371981202e-08, 3.30793916703e-08, 1.05942994821e-07, 2.0594498551e-07, 2.36481199067e-08, 9.23599774438e-09, 2.51747267477e-09, 6.17940321135e-09, 5.53652323987e-09, 2.41696618275e-09, 1.02901208388e-10]
    },
    "erbbands": {
        "dmean": [0.0268111713231, 0.251198768616, 1.03999662399, 1.8832372427, 3.40272212029, 2.35765957832, 2.82346391678, 5.48091554642, 10.8629646301, 30.4691104889, 46.5622673035, 39.6892242432, 35.4437103271, 24.3831386566, 30.1086196899, 34.0124893188, 25.930688858, 11.1475391388, 9.96532917023, 6.65919494629, 3.29723358154, 3.37522554398, 2.78999209404, 3.8088786602, 7.53778886795, 5.13262557983, 1.66455173492, 1.6546214819, 1.16353547573, 0.526510536671, 0.352250218391, 0.343534618616, 0.365490943193, 0.248139157891, 0.111512579024, 0.0457623265684, 0.022414593026, 0.00631817709655, 0.000245795818046, 1.03586926343e-05],
        "dmean2": [0.0450968593359, 0.410313785076, 1.63945400715, 3.23208856583, 5.89157867432, 3.84428620338, 4.39538812637, 9.02908229828, 16.4858283997, 47.9846458435, 68.2774887085, 55.3547325134, 52.9548301697, 37.4720916748, 46.3235664368, 52.741569519, 37.9614028931, 16.8008537292, 15.2682723999, 10.5621986389, 5.19881343842, 5.52541971207, 4.35821247101, 5.83583784103, 11.0165281296, 7.38264513016, 2.39376354218, 2.45870947838, 1.68507528305, 0.774439632893, 0.54024040699, 0.53603041172, 0.532109677792, 0.37052360177, 0.163489460945, 0.0709617957473, 0.033508554101, 0.00944079365581, 0.000363871018635, 1.4922331502e-05],
        "dvar": [0.00501128891483, 0.552997589111, 10.3008012772, 40.8831062317, 296.184356689, 44.9197807312, 19.6148071289, 120.527610779, 628.642028809, 8403.203125, 9784.27050781, 12120.2226562, 4864.35107422, 4264.44726562, 5657.53027344, 14108.546875, 2683.7734375, 625.956054688, 472.650543213, 316.215759277, 34.2648429871, 26.1576023102, 19.5570163727, 59.2046775818, 316.107635498, 150.588027954, 14.3893547058, 14.9211483002, 6.2892370224, 1.86967635155, 1.10220277309, 0.809444069862, 0.723753631115, 0.420367121696, 0.0708595216274, 0.0136028956622, 0.00443180836737, 0.000504360767081, 6.71600560054e-07, 3.31221716721e-10],
        "dvar2": [0.013880584389, 1.57059156895, 26.0029525757, 111.861373901, 780.531921387, 114.257362366, 43.9575653076, 329.295379639, 1451.79711914, 20615.4042969, 19811.2578125, 20494.3378906, 10140.3798828, 11832.0693359, 14053.6464844, 28436.3417969, 5755.72460938, 1136.51025391, 990.887512207, 884.389648438, 76.0154037476, 67.0027923584, 42.1214637756, 135.308761597, 661.809570312, 301.343780518, 28.921869278, 29.6301898956, 12.4669599533, 3.74077796936, 2.3108985424, 2.03653383255, 1.35346734524, 0.869763851166, 0.129755184054, 0.0264922976494, 0.00867643672973, 0.00118570704944, 1.51979168095e-06, 6.96500024322e-10],
        "max": [0.869034051895, 10.7612752914, 29.5126533508, 57.9092674255, 248.7552948, 74.9647979736, 68.0481567383, 204.558319092, 393.081756592, 1896.0020752, 1328.40783691, 2297.79760742, 1435.79040527, 1506.20935059, 1248.73730469, 3013.40649414, 621.507141113, 642.618164062, 412.023406982, 445.391052246, 154.852844238, 55.4787406921, 71.0573043823, 133.361404419, 294.138458252, 162.466415405, 93.6840286255, 59.2189064026, 38.8663101196, 27.117061615, 22.7098655701, 18.4113826752, 19.7172393799, 17.923122406, 6.97752857208, 3.3022480011, 2.04924058914, 0.660499751568, 0.0168411564082, 0.000406361185014],
        "mean": [0.0417086444795, 0.450302690268, 2.07282781601, 2.45721960068, 3.11938333511, 3.52972817421, 6.20525598526, 9.5842666626, 18.4269428253, 48.350315094, 80.5210723877, 66.4833984375, 66.6055755615, 43.868347168, 48.290058136, 58.0101737976, 47.0675621033, 22.3163547516, 17.8898277283, 11.4004888535, 6.3889670372, 6.45974588394, 6.03817272186, 7.96796321869, 14.5873403549, 9.80270004272, 3.42622494698, 3.26803922653, 2.37696814537, 1.11188876629, 0.791126966476, 0.75636023283, 0.762752652168, 0.461177051067, 0.237206876278, 0.0991279035807, 0.0467112883925, 0.012016444467, 0.000429303123383, 3.50779446308e-05],
        "median": [0.00199813907966, 0.0356637313962, 0.187285631895, 0.261587888002, 0.298633784056, 1.15545272827, 2.63338804245, 3.50238585472, 8.08677959442, 14.7886857986, 25.9070339203, 14.8676834106, 27.0892391205, 19.6663246155, 18.8684482574, 19.8955745697, 17.4393749237, 11.7902860641, 9.25289154053, 4.46867370605, 3.96490192413, 3.87777757645, 3.95354795456, 3.48576831818, 2.70724606514, 1.86637306213, 1.44869935513, 1.03396260738, 0.742904722691, 0.480494618416, 0.338520914316, 0.31598597765, 0.26273560524, 0.162484377623, 0.0935800597072, 0.0465544164181, 0.0189984012395, 0.00421730941162, 0.000137179318699, 2.1607551389e-05],
        "min": [3.15717532834e-21, 7.54865074515e-21, 5.98012202939e-21, 5.25992325425e-20, 4.91212159477e-20, 1.67396088198e-19, 6.60778084593e-19, 9.67725009276e-19, 7.3110467008e-19, 5.11003437909e-19, 7.90531444936e-19, 4.84098923197e-19, 1.23552307823e-18, 2.61058490835e-18, 5.40021223311e-18, 2.04846605128e-18, 2.97724905168e-18, 4.29490868319e-18, 7.59288357571e-18, 1.12668343905e-17, 6.04840626394e-18, 7.15522314079e-18, 1.07802776552e-17, 1.0480116972e-17, 1.16541931452e-17, 1.65704393727e-17, 1.22034683689e-17, 2.30222661709e-17, 2.1200063382e-17, 1.58188547963e-17, 1.97391151821e-17, 1.87105260166e-17, 1.12843391866e-17, 1.39485498005e-17, 8.51530493681e-18, 5.5043298704e-18, 3.10105793025e-18, 1.36013690693e-18, 3.72315208632e-19, 3.91591793315e-20],
        "stdev": [0.0888201072812, 0.857454240322, 4.03257274628, 5.94963407516, 15.0474367142, 7.26932001114, 9.31097888947, 17.7592525482, 33.2726860046, 111.549865723, 141.689849854, 172.868865967, 119.688392639, 86.4679260254, 89.9740524292, 144.547729492, 78.6294326782, 39.179889679, 30.6118812561, 23.4769611359, 9.46005058289, 7.23005580902, 6.76477336884, 12.0699291229, 25.6735610962, 19.6408653259, 6.70489788055, 5.8365020752, 3.93179702759, 1.82030141354, 1.47211134434, 1.42022228241, 1.48090851307, 0.996138751507, 0.455233037472, 0.180919736624, 0.0959660559893, 0.027303988114, 0.00109153462108, 3.62755235983e-05],
        "var": [0.00788901094347, 0.735227823257, 16.2616424561, 35.3981437683, 226.425338745, 52.8430137634, 86.6943359375, 315.391082764, 1107.07165527, 12443.3730469, 20076.0117188, 29883.6445312, 14325.3115234, 7476.70214844, 8095.33007812, 20894.046875, 6182.58789062, 1535.0637207, 937.087219238, 551.167724609, 89.4925613403, 52.2737083435, 45.7621612549, 145.683197021, 659.131713867, 385.763580322, 44.955657959, 34.0647583008, 15.459028244, 3.31349730492, 2.16711163521, 2.0170314312, 2.19309020042, 0.992292404175, 0.207237109542, 0.0327319502831, 0.00920948386192, 0.000745507772081, 1.19144783639e-06, 1.31591348929e-09]
    },
    "gfcc": {
        "mean": [-26.3774414062, 67.4625396729, -143.608398438, -20.2371883392, -77.9066696167, 1.04059672356, -37.4431266785, 10.0812425613, -29.9268817902, 9.35839748383, -14.3990478516, 2.48631620407, -15.9244394302],
        "cov": [[6562.96826172, 1141.73217773, 2065.30175781, 1942.62145996, 1069.71936035, 1074.296875, 1192.24987793, 776.559570312, -34.8128509521, 228.172332764, -140.359634399, -442.684295654, -340.290985107], [1141.73217773, 886.29699707, 862.790527344, 748.817565918, 548.916381836, 377.128662109, 484.70715332, 262.399810791, 47.7852973938, 23.2849292755, -21.9479541779, -137.662139893, -90.6372756958], [2065.30175781, 862.790527344, 1636.73718262, 1258.55249023, 795.662963867, 676.700195312, 670.319641113, 433.205596924, 63.5143241882, 68.2274169922, -51.2638969421, -198.101730347, -173.09324646], [1942.62145996, 748.817565918, 1258.55249023, 1274.62890625, 704.911254883, 574.576843262, 641.680847168, 390.95703125, 64.3066482544, 84.8879776001, -50.927898407, -205.46270752, -167.325759888], [1069.71936035, 548.916381836, 795.662963867, 704.911254883, 582.299499512, 401.922851562, 427.413024902, 267.482299805, 53.0695877075, 48.1783866882, -45.4982070923, -131.101043701, -116.864463806], [1074.296875, 377.128662109, 676.700195312, 574.576843262, 401.922851562, 403.572235107, 384.550170898, 230.012435913, 29.6290302277, 29.8831176758, -29.3604068756, -96.0827560425, -96.4844741821], [1192.24987793, 484.70715332, 670.319641113, 641.680847168, 427.413024902, 384.550170898, 613.050476074, 311.638427734, 28.9045200348, 37.2382278442, -24.8959121704, -111.602043152, -146.55116272], [776.559570312, 262.399810791, 433.205596924, 390.95703125, 267.482299805, 230.012435913, 311.638427734, 242.525863647, 51.4465942383, 38.0521621704, -15.6169366837, -80.4566345215, -85.1708679199], [-34.8128509521, 47.7852973938, 63.5143241882, 64.3066482544, 53.0695877075, 29.6290302277, 28.9045200348, 51.4465942383, 108.273918152, 25.3700084686, -3.50301742554, -10.7865867615, -14.1892051697], [228.172332764, 23.2849292755, 68.2274169922, 84.8879776001, 48.1783866882, 29.8831176758, 37.2382278442, 38.0521621704, 25.3700084686, 92.8866271973, 11.1135644913, -38.7190704346, -9.61659908295], [-140.359634399, -21.9479541779, -51.2638969421, -50.927898407, -45.4982070923, -29.3604068756, -24.8959121704, -15.6169366837, -3.50301742554, 11.1135644913, 66.6624145508, 28.3596801758, 5.37975692749], [-442.684295654, -137.662139893, -198.101730347, -205.46270752, -131.101043701, -96.0827560425, -111.602043152, -80.4566345215, -10.7865867615, -38.7190704346, 28.3596801758, 122.699607849, 45.0902519226], [-340.290985107, -90.6372756958, -173.09324646, -167.325759888, -116.864463806, -96.4844741821, -146.55116272, -85.1708679199, -14.1892051697, -9.61659908295, 5.37975692749, 45.0902519226, 125.00806427]],
        "icov": [[0.000419605203206, -0.000192662075278, -1.30035841721e-05, -0.000316670775646, 0.000617466808762, -0.000697253679391, 0.000190044738702, -0.000744185876101, 0.000863130844664, -0.000795165717136, 0.000688839587383, 0.000106347506517, 0.000284308945993], [-0.000192662075278, 0.00400273036212, -0.00102681701537, 4.30889194831e-05, -0.0031555632595, 0.00239480496384, -0.00228528236039, 0.00182690180372, -0.00135083217174, 0.00241338624619, -0.00243793358095, 0.00178502791096, -0.00202902103774], [-1.30035841721e-05, -0.00102681701537, 0.00376538396813, -0.00211414881051, -0.000267238443485, -0.00284956279211, 0.00153786537703, -0.00141566747334, 0.000637944089249, -2.20067431655e-06, 6.37286211713e-05, -0.000793895975221, 0.000349065958289], [-0.000316670775646, 4.30889194831e-05, -0.00211414881051, 0.00466964114457, -0.00156659272034, 0.000335253251251, -0.0013731099898, 0.000937264005188, -0.000916799996048, -0.000250479672104, -0.000468698068289, 0.00131068285555, -0.000260614324361], [0.000617466808762, -0.0031555632595, -0.000267238443485, -0.00156659272034, 0.0107780974358, -0.00565248215571, 0.00139671552461, -0.00267397798598, 0.000946268730331, -0.00304341153242, 0.00418460741639, -0.000454559543869, 0.00231190631166], [-0.000697253679391, 0.00239480496384, -0.00284956279211, 0.000335253251251, -0.00565248215571, 0.0149498209357, -0.004150188528, 0.000827841693535, -0.00134354212787, 0.00293735717423, -0.00185031187721, 0.000431380118243, -0.00170807389077], [0.000190044738702, -0.00228528236039, 0.00153786537703, -0.0013731099898, 0.00139671552461, -0.004150188528, 0.00837193056941, -0.00691610248759, 0.00303126592189, -0.00115856039338, 0.00134584936313, -0.00198427727446, 0.00326971407048], [-0.000744185876101, 0.00182690180372, -0.00141566747334, 0.000937264005188, -0.00267397798598, 0.000827841693535, -0.00691610248759, 0.0184737723321, -0.00675545912236, 0.00119475089014, -0.00277871103026, 0.00282124010846, -0.000361976854037], [0.000863130844664, -0.00135083217174, 0.000637944089249, -0.000916799996048, 0.000946268730331, -0.00134354212787, 0.00303126592189, -0.00675545912236, 0.0138170970604, -0.00484410021454, 0.00313513143919, -0.00228761835024, 0.00171088019852], [-0.000795165717136, 0.00241338624619, -2.20067431655e-06, -0.000250479672104, -0.00304341153242, 0.00293735717423, -0.00115856039338, 0.00119475089014, -0.00484410021454, 0.0174053758383, -0.00751490518451, 0.00608413759619, -0.00295729446225], [0.000688839587383, -0.00243793358095, 6.37286211713e-05, -0.000468698068289, 0.00418460741639, -0.00185031187721, 0.00134584936313, -0.00277871103026, 0.00313513143919, -0.00751490518451, 0.0212187580764, -0.00660418113694, 0.0029835649766], [0.000106347506517, 0.00178502791096, -0.000793895975221, 0.00131068285555, -0.000454559543869, 0.000431380118243, -0.00198427727446, 0.00282124010846, -0.00228761835024, 0.00608413759619, -0.00660418113694, 0.01587459445, -0.00349057675339], [0.000284308945993, -0.00202902103774, 0.000349065958289, -0.000260614324361, 0.00231190631166, -0.00170807389077, 0.00326971407048, -0.000361976854037, 0.00171088019852, -0.00295729446225, 0.0029835649766, -0.00349057675339, 0.0129636507481]]
    },
    "melbands": {
        "dmean": [0.000262242916506, 0.000433904700913, 0.000359808007488, 0.000211866485188, 9.60743345786e-05, 0.000122373385238, 0.000168931059306, 0.000392912392272, 0.000372397800675, 0.000256523111602, 0.000188324338524, 0.000114902461064, 8.72285381774e-05, 0.000113259724458, 9.00728773559e-05, 4.74782427773e-05, 2.05502001336e-05, 1.86179368029e-05, 1.45775147757e-05, 6.12653184362e-06, 3.78510503651e-06, 3.95772167394e-06, 2.98807140098e-06, 2.69968290922e-06, 3.33128673446e-06, 4.79175014334e-06, 6.73227305015e-06, 2.82564474219e-06, 1.12487407478e-06, 9.71428335106e-07, 1.07899666091e-06, 7.47084129671e-07, 4.82291625303e-07, 2.54769389585e-07, 2.21171276849e-07, 1.94122009134e-07, 2.45940100285e-07, 2.89130667852e-07, 2.51977695598e-07, 2.14471782556e-07],
        "dmean2": [0.000441459560534, 0.000676157011185, 0.000610838120338, 0.000358383840648, 0.000153555040015, 0.000199720438104, 0.000259048538283, 0.000613328127656, 0.000540276465472, 0.000356593780452, 0.000286241673166, 0.000176407062099, 0.000132938905153, 0.000179647584446, 0.000129595238832, 7.24641940906e-05, 3.09468741762e-05, 2.95543086395e-05, 2.27407435887e-05, 1.01175355667e-05, 6.16640500084e-06, 6.49190769764e-06, 4.75303795611e-06, 4.16026887251e-06, 5.24222241438e-06, 7.08365041646e-06, 1.00095712696e-05, 4.11759856433e-06, 1.7198350406e-06, 1.47003788697e-06, 1.62137439474e-06, 1.09163840989e-06, 7.26387440864e-07, 3.8908851252e-07, 3.44502922189e-07, 2.98860214798e-07, 3.89678206147e-07, 4.26302534606e-07, 3.8071777908e-07, 3.20294731182e-07],
        "dvar": [4.98471138144e-07, 1.69137388184e-06, 1.6018535689e-06, 8.7952287231e-07, 2.30109407084e-08, 5.37044897442e-08, 1.67448547472e-07, 1.03304842014e-06, 6.26883775112e-07, 5.41758481631e-07, 1.37607457873e-07, 7.57076890068e-08, 4.7416964577e-08, 1.46879429508e-07, 4.52659527639e-08, 1.03750315006e-08, 2.97685009976e-09, 1.92561300238e-09, 1.5338367243e-09, 7.69651953281e-10, 4.39945545272e-11, 3.84775648843e-11, 2.4358621023e-11, 2.53605799555e-11, 4.658962105e-11, 9.46437234139e-11, 3.13251313777e-10, 4.45826396633e-11, 6.56589409578e-12, 7.66169506311e-12, 5.72575190386e-12, 2.70835459094e-12, 1.11831073915e-12, 5.23890501293e-13, 4.47189296227e-13, 2.36469508254e-13, 4.21662542122e-13, 4.60226908666e-13, 4.56664328748e-13, 3.15839043287e-13],
        "dvar2": [1.41981979596e-06, 4.22282937507e-06, 4.26225233241e-06, 2.31028138842e-06, 5.20223260025e-08, 1.47706956e-07, 3.76931012624e-07, 2.41655720856e-06, 1.18247032788e-06, 9.06163904801e-07, 2.88699254725e-07, 2.00390132932e-07, 1.14621997227e-07, 3.472594301e-07, 8.58569393358e-08, 2.20350528934e-08, 5.25849719324e-09, 4.22294332836e-09, 3.56719453976e-09, 2.11351869339e-09, 1.1902795416e-10, 9.92445015058e-11, 5.72649878905e-11, 5.21186219182e-11, 1.10238325413e-10, 1.88259213774e-10, 6.77648326342e-10, 8.86679202283e-11, 1.4910650839e-11, 1.54536713287e-11, 1.16522833049e-11, 5.45043394098e-12, 2.59517515984e-12, 1.0077357785e-12, 9.28106441526e-13, 5.51301680089e-13, 1.10490219404e-12, 8.5717690541e-13, 9.85268398986e-13, 6.67646385226e-13],
        "max": [0.00846415478736, 0.0143134444952, 0.0124963792041, 0.0126237468794, 0.00184885761701, 0.00408619642258, 0.00627349177375, 0.0185382664204, 0.00979791209102, 0.0157002527267, 0.00714326417074, 0.0058535868302, 0.00348745984957, 0.00734706409276, 0.0041083348915, 0.00153342518024, 0.00142781191971, 0.000958164280746, 0.000778848072514, 0.000870220421348, 0.000100268844108, 6.98260118952e-05, 6.76248964737e-05, 0.000121118035167, 0.000106962717837, 0.00011982875003, 0.000321661558701, 0.00011267287482, 6.13946322119e-05, 5.72462231503e-05, 3.04940876958e-05, 2.87225830107e-05, 1.32196710183e-05, 1.40225083669e-05, 1.50261294039e-05, 7.62935314924e-06, 1.2160154256e-05, 1.35467926157e-05, 1.87548594113e-05, 1.32007571665e-05],
        "mean": [0.000429184408858, 0.000898633443285, 0.000446046644356, 0.000232896694797, 0.000214413623326, 0.000218206056161, 0.000272643170319, 0.000653206952848, 0.000637074525002, 0.00041623643483, 0.000341526669217, 0.000196360997506, 0.000134223184432, 0.000166420897585, 0.000155638001161, 7.78848625487e-05, 3.75661657017e-05, 3.1040446629e-05, 2.21674035856e-05, 9.78892603598e-06, 6.37547191218e-06, 6.74759121466e-06, 5.40919836567e-06, 5.37781534149e-06, 6.24053018328e-06, 8.98741745914e-06, 1.21496987049e-05, 5.01406839248e-06, 2.14869146475e-06, 1.71488102296e-06, 1.9942444851e-06, 1.4400073951e-06, 8.90723697466e-07, 5.0849979516e-07, 4.53047277915e-07, 4.10084453506e-07, 4.93691743486e-07, 5.71750206291e-07, 4.53390043731e-07, 3.64903002037e-07],
        "median": [2.84303914668e-05, 9.23047191463e-05, 4.83148251078e-05, 5.97948164796e-05, 8.95221382962e-05, 8.50326832733e-05, 0.000111206529255, 0.000184457501746, 0.00018166389782, 6.93336696713e-05, 0.000136154165375, 8.86280540726e-05, 4.58336689917e-05, 5.93399417994e-05, 3.58105280611e-05, 3.05370886053e-05, 1.64257162396e-05, 1.59730952873e-05, 6.1351261138e-06, 4.7971643653e-06, 3.60519607057e-06, 3.52354118149e-06, 3.48698404196e-06, 2.87584657599e-06, 2.71490330306e-06, 2.39505493482e-06, 1.60312174557e-06, 1.10891676286e-06, 8.92686273346e-07, 6.13521024206e-07, 5.18893273238e-07, 4.34551111539e-07, 3.22601721336e-07, 2.03520812647e-07, 1.86744230746e-07, 1.5894559624e-07, 2.04336927823e-07, 1.89509705706e-07, 1.44488538467e-07, 1.19917572761e-07],
        "min": [2.241957681e-23, 5.41148010245e-24, 8.52840601192e-24, 6.11935496942e-24, 1.99164107172e-23, 1.98832296498e-23, 1.0647883571e-23, 6.22699503994e-24, 6.24861890064e-24, 3.43721842534e-24, 5.96888054061e-24, 9.10647066149e-24, 1.90320739766e-23, 6.73377506267e-24, 7.13037330505e-24, 5.33828446007e-24, 8.65800718118e-24, 1.35013244161e-23, 1.15231941652e-23, 1.24326206268e-23, 6.52142948421e-24, 7.7386410721e-24, 7.81724948358e-24, 1.11028772419e-23, 8.22895914546e-24, 6.65887193086e-24, 1.00206878754e-23, 1.13391939367e-23, 6.24925235595e-24, 1.02538175722e-23, 1.49115726341e-23, 1.14203290697e-23, 1.10190915363e-23, 7.85172270514e-24, 1.16912641365e-23, 1.06303937359e-23, 1.19160887056e-23, 6.79589391466e-24, 9.22003823285e-24, 1.28829150533e-23],
        "stdev": [0.000844742520712, 0.00165897305124, 0.00117634399794, 0.000837715750095, 0.000304972898448, 0.000381629972253, 0.000518919841852, 0.0013999894727, 0.00117111566942, 0.00117811106611, 0.000609960639849, 0.000372847483959, 0.000262276967987, 0.000411969551351, 0.000344987172866, 0.000146262827911, 8.46209804877e-05, 5.50683216716e-05, 5.41942208656e-05, 3.0356395655e-05, 8.71701649885e-06, 8.51999629958e-06, 6.24230005997e-06, 8.08173444966e-06, 1.0001947885e-05, 1.49270463226e-05, 2.45923547482e-05, 1.09905677164e-05, 4.32305841969e-06, 3.93087748307e-06, 3.67343727703e-06, 2.52217000707e-06, 1.43619172377e-06, 9.30038652314e-07, 8.87846454134e-07, 7.59601448408e-07, 9.73866690401e-07, 1.16566491215e-06, 1.03072864022e-06, 8.09459322682e-07],
        "var": [7.13589884072e-07, 2.75219167634e-06, 1.38378527481e-06, 7.01767703504e-07, 9.30084667061e-08, 1.45641436688e-07, 2.69277791176e-07, 1.95997063202e-06, 1.37151187118e-06, 1.38794575832e-06, 3.72051999875e-07, 1.39015241984e-07, 6.8789205443e-08, 1.69718916254e-07, 1.19016142719e-07, 2.13928128545e-08, 7.16071069107e-09, 3.03252023492e-09, 2.93701352128e-09, 9.21510756591e-10, 7.5986369974e-11, 7.25903295806e-11, 3.89663093459e-11, 6.53144274776e-11, 1.00038956286e-10, 2.22816723405e-10, 6.04783889635e-10, 1.20792584268e-10, 1.86888334669e-11, 1.54517978274e-11, 1.34941407007e-11, 6.36134114135e-12, 2.06264671142e-12, 8.6497193956e-13, 7.882713037e-13, 5.76994344231e-13, 9.48416258723e-13, 1.35877463794e-12, 1.06240146888e-12, 6.55224409885e-13]
    },
    "melbands128": {
