{
"lowlevel": {
    "average_loudness": 0.875104725361,
    "barkbands_crest": {
        "dmean": 2.39726901054,
        "dmean2": 3.93803715706,
        "dvar": 5.02912664413,
        "dvar2": 13.2317142487,
        "max": 22.7981052399,
        "mean": 9.80439186096,
        "median": 9.19163227081,
        "min": 3.16863203049,
        "stdev": 3.41210269928,
        "var": 11.6424455643
    },
    "barkbands_flatness_db": {
        "dmean": 0.0193610973656,
        "dmean2": 0.0302035342902,
        "dvar": 0.000307540292852,
        "dvar2": 0.000694339745678,
        "max": 0.288073480129,
        "mean": 0.151095256209,
        "median": 0.149992138147,
        "min": 0.0594696141779,
        "stdev": 0.0322750173509,
        "var": 0.00104167684913
    },
    "barkbands_kurtosis": {
        "dmean": 1.36859571934,
        "dmean2": 2.21418309212,
        "dvar": 3.64105319977,
        "dvar2": 9.42388820648,
        "max": 37.3280601501,
        "mean": 1.29592585564,
        "median": 0.33916425705,
        "min": -1.76533806324,
        "stdev": 3.18405437469,
        "var": 10.1382017136
    },
    "barkbands_skewness": {
        "dmean": 0.398126661777,
        "dmean2": 0.627682805061,
        "dvar": 0.14162991941,
        "dvar2": 0.33156684041,
        "max": 5.49130916595,
        "mean": 1.10661947727,
        "median": 1.03839898109,
        "min": -1.63979887962,
        "stdev": 0.822094619274,
        "var": 0.675839543343
    },
    "barkbands_spread": {
        "dmean": 4.73402118683,
        "dmean2": 7.28202104568,
        "dvar": 26.5408878326,
        "dvar2": 50.1415672302,
        "max": 75.7415542603,
        "mean": 21.8359775543,
        "median": 20.5554141998,
        "min": 2.70006632805,
        "stdev": 9.76432609558,
        "var": 95.3420639038
    },
    "dissonance": {
        "dmean": 0.0191325210035,
        "dmean2": 0.0321694165468,
        "dvar": 0.0006104944041,
        "dvar2": 0.00158656795975,
        "max": 0.499823004007,
        "mean": 0.462983757257,
        "median": 0.468566983938,
        "min": 0.038028717041,
        "stdev": 0.0286149289459,
        "var": 0.000818814209197
    },
    "dynamic_complexity": 2.45682787895,
    "erbbands_crest": {
        "dmean": 3.08341050148,
        "dmean2": 5.08488941193,
        "dvar": 8.35263442993,
        "dvar2": 22.5223827362,
        "max": 29.3174247742,
        "mean": 9.8534116745,
        "median": 8.54216957092,
        "min": 2.67889666557,
        "stdev": 4.89887666702,
        "var": 23.9989929199
    },
    "erbbands_flatness_db": {
        "dmean": 0.0174524895847,
        "dmean2": 0.0258174017072,
        "dvar": 0.000253269652603,
        "dvar2": 0.000515352119692,
        "max": 0.302311122417,
        "mean": 0.183150082827,
        "median": 0.184373289347,
        "min": 0.0714914649725,
        "stdev": 0.0378651618958,
        "var": 0.00143377040513
    },
    "erbbands_kurtosis": {
        "dmean": 0.819209694862,
        "dmean2": 1.31793403625,
        "dvar": 1.17777061462,
        "dvar2": 2.81895136833,
        "max": 13.4813518524,
        "mean": 0.0666825026274,
        "median": -0.489213466644,
        "min": -1.67961478233,
        "stdev": 1.76014494896,
        "var": 3.09811043739
    },
    "erbbands_skewness": {
        "dmean": 0.405674606562,
        "dmean2": 0.646142363548,
        "dvar": 0.114366337657,
        "dvar2": 0.299708813429,
        "max": 3.11529541016,
        "mean": 0.0311934910715,
        "median": 0.0347293391824,
        "min": -3.2962372303,
        "stdev": 0.693389296532,
        "var": 0.480788737535
    },
    "erbbands_spread": {
        "dmean": 6.55532550812,
        "dmean2": 9.87711238861,
        "dvar": 44.1311264038,
        "dvar2": 80.9903259277,
        "max": 114.47341156,
        "mean": 33.8954544067,
        "median": 32.0886001587,
        "min": 3.98823404312,
        "stdev": 15.7905092239,
        "var": 249.340179443
    },
    "hfc": {
        "dmean": 5.52023172379,
        "dmean2": 8.16105556488,
        "dvar": 49.8594169617,
        "dvar2": 113.213439941,
        "max": 113.235916138,
        "mean": 19.5497322083,
        "median": 15.3978281021,
        "min": 1.21138774294e-16,
        "stdev": 15.2326602936,
        "var": 232.033935547
    },
    "loudness_ebu128": {
        "integrated": -14.8901977539,
        "loudness_range": 5.12439537048,
        "momentary": {
            "dmean": 0.526126682758,
            "dmean2": 0.527558743954,
            "dvar": 0.138267621398,
            "dvar2": 0.175553396344,
            "max": -10.9311208725,
            "mean": -15.4458351135,
            "median": -15.6689014435,
            "min": -20.0250682831,
            "stdev": 2.20159482956,
            "var": 4.84702014923
        },
        "short_term": {
            "dmean": 0.0775461643934,
            "dmean2": 0.0710694417357,
            "dvar": 0.00462607573718,
            "dvar2": 0.00276027084328,
            "max": -12.1915531158,
            "mean": -15.2913007736,
            "median": -15.8381910324,
            "min": -17.7224674225,
            "stdev": 1.80496394634,
            "var": 3.25789499283
        }
    },
    "melbands_crest": {
        "dmean": 2.7136156559,
        "dmean2": 4.40063047409,
        "dvar": 6.12152814865,
        "dvar2": 15.6381540298,
        "max": 28.0246200562,
        "mean": 13.1735124588,
        "median": 12.5489912033,
        "min": 2.30089068413,
        "stdev": 4.28539180756,
        "var": 18.3645839691
    },
    "melbands_flatness_db": {
        "dmean": 0.0202661175281,
        "dmean2": 0.0308459494263,
        "dvar": 0.000433548586443,
        "dvar2": 0.00087525282288,
        "max": 0.321345061064,
        "mean": 0.19261097908,
        "median": 0.19528464973,
        "min": 0.00779264932498,
        "stdev": 0.040543936193,
        "var": 0.00164381077047
    },
    "melbands_kurtosis": {
        "dmean": 2.9948554039,
        "dmean2": 4.81317234039,
        "dvar": 17.4204063416,
        "dvar2": 47.0288619995,
        "max": 72.5133361816,
        "mean": 6.09459447861,
        "median": 3.99493646622,
        "min": -1.61499011517,
        "stdev": 6.9264497757,
        "var": 47.9757041931
    },
    "melbands_skewness": {
        "dmean": 0.489849597216,
        "dmean2": 0.773919522762,
        "dvar": 0.221736997366,
        "dvar2": 0.537206232548,
        "max": 6.61775159836,
        "mean": 2.00610041618,
        "median": 1.9203286171,
        "min": -0.846689164639,
        "stdev": 1.03351759911,
        "var": 1.06815850735
    },
    "melbands_spread": {
        "dmean": 6.22400379181,
        "dmean2": 9.86153316498,
        "dvar": 46.9618492126,
        "dvar2": 94.124786377,
        "max": 131.468948364,
        "mean": 25.1841449738,
        "median": 23.2278308868,
        "min": 2.41019105911,
        "stdev": 11.9600191116,
        "var": 143.042053223
    },
    "pitch_salience": {
        "dmean": 0.055618416518,
        "dmean2": 0.0892006158829,
        "dvar": 0.00214965967461,
        "dvar2": 0.00562116503716,
        "max": 0.788646042347,
        "mean": 0.539766192436,
        "median": 0.54351079464,
        "min": 0.157710954547,
        "stdev": 0.0841777846217,
        "var": 0.00708589982241
    },
    "silence_rate_20dB": {
        "dmean": 0,
        "dmean2": 0,
        "dvar": 0,
        "dvar2": 0,
        "max": 1,
        "mean": 1,
        "median": 1,
        "min": 1,
        "stdev": 0,
        "var": 0
    },
    "silence_rate_30dB": {
        "dmean": 0,
        "dmean2": 0,
        "dvar": 0,
        "dvar2": 0,
        "max": 1,
        "mean": 1,
        "median": 1,
        "min": 1,
        "stdev": 0,
        "var": 0
    },
    "silence_rate_60dB": {
        "dmean": 0.00541795650497,
        "dmean2": 0.0108443070203,
        "dvar": 0.00538875209168,
        "dvar2": 0.0153747843578,
        "max": 1,
        "mean": 0.00464037107304,
        "median": 0,
        "min": 0,
        "stdev": 0.067961551249,
        "var": 0.00461877277121
    },
    "spectral_centroid": {
        "dmean": 211.946853638,
        "dmean2": 328.614501953,
        "dvar": 97260.703125,
        "dvar2": 134080.390625,
        "max": 11118.3125,
        "mean": 1243.70324707,
        "median": 1192.77526855,
        "min": 400.414093018,
        "stdev": 475.646789551,
        "var": 226239.875
    },
    "spectral_complexity": {
        "dmean": 2.9311144352,
        "dmean2": 4.38187456131,
        "dvar": 8.7607793808,
        "dvar2": 16.6063785553,
        "max": 51,
        "mean": 20.2010822296,
        "median": 20,
        "min": 0,
        "stdev": 6.81188869476,
        "var": 46.4018287659
    },
    "spectral_decrease": {
        "dmean": 1.61646052099e-09,
        "dmean2": 2.42657094418e-09,
        "dvar": 3.81052081547e-18,
        "dvar2": 9.009665294e-18,
        "max": -1.11998122573e-28,
        "mean": -6.4906831021e-09,
        "median": -5.15552178726e-09,
        "min": -2.95952684581e-08,
        "stdev": 4.75052930327e-09,
        "var": 2.25675285922e-17
    },
    "spectral_energy": {
        "dmean": 0.00649772118777,
        "dmean2": 0.00974941533059,
        "dvar": 6.22803563601e-05,
        "dvar2": 0.000146681486513,
        "max": 0.119659245014,
        "mean": 0.0262705553323,
        "median": 0.0207414031029,
        "min": 1.14103563595e-20,
        "stdev": 0.0191370137036,
        "var": 0.000366225285688
    },
    "spectral_energyband_high": {
        "dmean": 0.000181985757081,
        "dmean2": 0.000242132213316,
        "dvar": 1.50090244233e-07,
        "dvar2": 2.70295515747e-07,
        "max": 0.00508713489398,
        "mean": 0.000381922640372,
        "median": 0.000188752805116,
        "min": 7.94654158345e-21,
        "stdev": 0.000581696396694,
        "var": 3.38370711006e-07
    },
    "spectral_energyband_low": {
        "dmean": 0.00110757257789,
        "dmean2": 0.00165469828062,
        "dvar": 3.80418600798e-06,
        "dvar2": 8.48352010507e-06,
        "max": 0.0389165244997,
        "mean": 0.00636588502675,
        "median": 0.00265891570598,
        "min": 1.33486561652e-22,
        "stdev": 0.00722946459427,
        "var": 5.22651607753e-05
    },
    "spectral_energyband_middle_high": {
        "dmean": 0.00240988470614,
        "dmean2": 0.0036687774118,
        "dvar": 2.03729541681e-05,
        "dvar2": 4.9756741646e-05,
        "max": 0.0712723433971,
        "mean": 0.00684318412095,
        "median": 0.00413145730272,
        "min": 2.07420344969e-21,
        "stdev": 0.00854342989624,
        "var": 7.29901948944e-05
    },
    "spectral_energyband_middle_low": {
        "dmean": 0.00514922710136,
        "dmean2": 0.00780630297959,
        "dvar": 4.17002411268e-05,
        "dvar2": 0.000102341866295,
        "max": 0.0807624086738,
        "mean": 0.0131217483431,
        "median": 0.0102677447721,
        "min": 3.75059108491e-22,
        "stdev": 0.0104176178575,
        "var": 0.000108526757685
    },
    "spectral_entropy": {
        "dmean": 0.154313877225,
        "dmean2": 0.22332957387,
        "dvar": 0.0238891113549,
        "dvar2": 0.0424331203103,
        "max": 9.77366924286,
        "mean": 7.44907999039,
        "median": 7.42751741409,
        "min": 6.06370162964,
        "stdev": 0.337386012077,
        "var": 0.113829314709
    },
    "spectral_flux": {
        "dmean": 0.017903579399,
        "dmean2": 0.0284391734749,
        "dvar": 0.000329359667376,
        "dvar2": 0.000823462498374,
        "max": 0.22181853652,
        "mean": 0.0715555250645,
        "median": 0.0639970004559,
        "min": 1.06819268708e-10,
        "stdev": 0.0337125100195,
        "var": 0.0011365332175
    },
    "spectral_kurtosis": {
        "dmean": 1.86827802658,
        "dmean2": 3.09843373299,
        "dvar": 2.7177093029,
        "dvar2": 7.56844997406,
        "max": 18.3685359955,
        "mean": 5.4406452179,
        "median": 5.15410423279,
        "min": -1.20431697369,
        "stdev": 2.64018511772,
        "var": 6.97057771683
    },
    "spectral_rms": {
        "dmean": 0.000605239591096,
        "dmean2": 0.000894036435056,
        "dvar": 3.46721009237e-07,
        "dvar2": 7.56061808715e-07,
        "max": 0.010804662481,
        "mean": 0.00475010601804,
        "median": 0.00449839048088,
        "min": 3.33647345863e-12,
        "stdev": 0.00175108609255,
        "var": 3.06630249725e-06
    },
    "spectral_rolloff": {
        "dmean": 397.263763428,
        "dmean2": 652.735351562,
        "dvar": 652818.3125,
        "dvar2": 1035449.1875,
        "max": 18733.8867188,
        "mean": 1534.61730957,
        "median": 1442.72460938,
        "min": 258.3984375,
        "stdev": 1117.54943848,
        "var": 1248916.75
    },
    "spectral_skewness": {
        "dmean": 0.211692407727,
        "dmean2": 0.337952107191,
        "dvar": 0.0354860015213,
        "dvar2": 0.0866675078869,
        "max": 3.60449075699,
        "mean": 1.63806450367,
        "median": 1.6201479435,
        "min": 0.0216674488038,
        "stdev": 0.347934156656,
        "var": 0.121058173478
    },
    "spectral_spread": {
        "dmean": 478547.8125,
        "dmean2": 606127.5625,
        "dvar": 924878962688,
        "dvar2": 721182392320,
        "max": 40647064,
        "mean": 3779148,
        "median": 3355878.5,
        "min": 1996239.75,
        "stdev": 1749114.125,
        "var": 3.05940031078e+12
    },
    "spectral_strongpeak": {
        "dmean": 0.656796693802,
        "dmean2": 1.11831259727,
        "dvar": 1.30586206913,
        "dvar2": 3.10632944107,
        "max": 9.93123340607,
        "mean": 1.11277759075,
        "median": 0.510647475719,
        "min": 0,
        "stdev": 1.4306524992,
        "var": 2.04676651955
    },
    "zerocrossingrate": {
        "dmean": 0.00844363775104,
        "dmean2": 0.0096858208999,
        "dvar": 0.000268208299531,
        "dvar2": 0.000285161164356,
        "max": 0.49072265625,
        "mean": 0.0555492602289,
        "median": 0.0498046875,
        "min": 0.0048828125,
        "stdev": 0.0269045345485,
        "var": 0.000723853998352
    },
    "barkbands": {
        "dmean": [7.20025636838e-05, 0.000357629935024, 0.00064696779009, 0.000354269548552, 0.00249889842235, 0.00107272993773, 0.000953514711, 0.00069417670602, 0.00194373424165, 0.000285596586764, 0.000932743016165, 0.00031502332422, 0.000517110340297, 0.000747708021663, 0.000567253795452, 0.000359558936907, 0.000210682264878, 0.000246549781878, 5.83385262871e-05, 5.73855613766e-05, 3.97588446504e-05, 4.75582601211e-05, 3.74665651179e-05, 3.60186168109e-05, 2.22598991968e-05, 5.34425589649e-06, 2.97506410618e-08],
        "dmean2": [0.000110333377961, 0.000569086521864, 0.000912580522709, 0.000570942298509, 0.00393323786557, 0.00171569816303, 0.0013611484319, 0.00106573663652, 0.00324391922913, 0.000467827630928, 0.00144107453525, 0.000503721530549, 0.00085501204012, 0.00119638408069, 0.000933079747483, 0.000583719054703, 0.000342689425452, 0.000413745699916, 9.04481712496e-05, 8.64027242642e-05, 5.74945042899e-05, 6.87775827828e-05, 5.05248390255e-05, 5.10092831973e-05, 3.02119460684e-05, 6.95986318533e-06, 5.36383488736e-08],
        "dvar": [8.34288940155e-08, 1.79715777904e-06, 1.04105379251e-06, 2.34784806707e-07, 1.17525860333e-05, 3.67267239199e-06, 3.50885829903e-06, 3.43464125763e-06, 2.28010849241e-05, 8.12523012428e-07, 1.0219448086e-05, 4.39536137264e-07, 2.57245324065e-06, 3.80396409128e-06, 1.33401124458e-06, 3.58629961283e-07, 1.00402168357e-07, 1.45497210724e-07, 9.4391845451e-09, 6.94762158915e-09, 4.24160395696e-09, 1.19053007452e-08, 7.56127782608e-09, 9.35434307792e-09, 3.65806940295e-09, 2.40058084522e-10, 1.48386043849e-14],
        "dvar2": [1.66924934319e-07, 4.3206191549e-06, 2.0887350729e-06, 5.92792389398e-07, 2.76350838249e-05, 8.55384314491e-06, 6.4692885644e-06, 7.80418304203e-06, 6.40368889435e-05, 2.30898558584e-06, 2.3793309083e-05, 1.12992302093e-06, 6.97073528499e-06, 8.35139962874e-06, 3.68140922546e-06, 9.18496425584e-07, 2.64589601784e-07, 4.05245117463e-07, 1.99002112566e-08, 1.56293840092e-08, 8.58006021787e-09, 2.60607269098e-08, 1.27476802447e-08, 1.80929262683e-08, 6.01748251228e-09, 3.79589776278e-10, 4.06489451203e-14],
        "max": [0.00830301176757, 0.0368707254529, 0.019273724407, 0.00543720275164, 0.045712031424, 0.0255610756576, 0.0386747084558, 0.0403022170067, 0.0565360635519, 0.0184241048992, 0.0644602403045, 0.0152423903346, 0.0257408581674, 0.0386326797307, 0.0151210445911, 0.00732204923406, 0.0037009799853, 0.00577281042933, 0.00167290738318, 0.00124233344104, 0.000918577599805, 0.00117856310681, 0.00120250473265, 0.00120981782675, 0.000944784551393, 0.000262803660007, 1.65574635957e-06],
        "mean": [0.000513362523634, 0.00393879553303, 0.001510968199, 0.000683039543219, 0.00470627564937, 0.00189412222244, 0.00186749617569, 0.00115499214735, 0.00267263525166, 0.000403890997404, 0.00142370455433, 0.000475918670418, 0.000794570602011, 0.00117623631377, 0.000929595611524, 0.00066855060868, 0.000389888125937, 0.000499129469972, 0.000122528261272, 0.000123004967463, 7.80074406066e-05, 8.07211836218e-05, 6.64672115818e-05, 5.00253372593e-05, 3.85150451621e-05, 8.11546942714e-06, 2.0669896017e-08],
        "median": [9.03382101569e-07, 4.5374254114e-05, 0.000737983093131, 0.000468088604975, 0.00325248157606, 0.00104912230745, 0.000763330433983, 0.000350227550371, 0.000496666005347, 0.000111666282464, 0.000390728615457, 0.000215850799577, 0.000262799905613, 0.000328043592162, 0.00043391881627, 0.000360036821803, 0.000213096718653, 0.000332129333401, 8.04057344794e-05, 8.00004854682e-05, 4.67940008093e-05, 3.41085069522e-05, 2.34566086874e-05, 9.71234749159e-06, 8.99434962776e-06, 1.53568794303e-06, 8.47704628715e-10],
        "min": [1.77029459032e-23, 4.47185052331e-23, 3.99538547853e-23, 7.5754779734e-23, 8.56412768475e-23, 9.11465414675e-23, 4.35814253471e-23, 1.31239467697e-23, 3.97725808602e-23, 1.18168599433e-22, 1.34377860878e-22, 1.12061945125e-22, 9.18556832451e-23, 1.10473078287e-22, 2.99578271751e-22, 8.66361124905e-23, 2.37276789003e-22, 5.95949199144e-22, 2.02533120683e-22, 2.73398818206e-22, 5.52297852321e-22, 4.98958031406e-22, 7.81522302614e-22, 7.41851611028e-22, 9.56359930553e-22, 1.96234928422e-21, 2.46863450815e-21],
        "stdev": [0.0011592337396, 0.00566993653774, 0.00193875248078, 0.000707961851731, 0.00479643652216, 0.00265386537649, 0.00370103376918, 0.00291688367724, 0.00592448376119, 0.00118481728714, 0.00445487303659, 0.00093117490178, 0.00197461224161, 0.00296503840946, 0.00152751244605, 0.000838523206767, 0.000483392737806, 0.000557889055926, 0.000139773314004, 0.000130227796035, 9.39415258472e-05, 0.000138804214657, 0.000138359609991, 0.000129896827275, 0.000101380763226, 2.42500791501e-05, 9.88373685118e-08],
        "var": [1.34382298711e-06, 3.2148178434e-05, 3.7587612951e-06, 5.01210024595e-07, 2.30058030866e-05, 7.04300191501e-06, 1.36976514113e-05, 8.50821015774e-06, 3.50995069311e-05, 1.4037919982e-06, 1.98458928935e-05, 8.67086725975e-07, 3.89909382648e-06, 8.79145318322e-06, 2.33329410548e-06, 7.03121145307e-07, 2.33668529859e-07, 3.11240228257e-07, 1.95365785771e-08, 1.69592802024e-08, 8.82501005606e-09, 1.92666114174e-08, 1.91433802144e-08, 1.68731855155e-08, 1.02780592925e-08, 5.88066317864e-10, 9.76882505145e-15]
    },
    "erbbands": {
        "dmean": [0.0167352352291, 0.0677164196968, 0.489409089088, 1.20312595367, 2.03464174271, 13.9524126053, 7.07079839706, 9.35081386566, 10.049328804, 20.17927742, 22.0856895447, 36.7070770264, 21.1238956451, 22.8664512634, 21.3147373199, 14.5250368118, 22.3305130005, 34.3964118958, 28.631860733, 25.6194858551, 17.0505485535, 12.8787584305, 14.1983976364, 4.86414909363, 2.64943957329, 2.59789872169, 1.81973016262, 1.50927078724, 1.73393750191, 1.43027412891, 1.02838516235, 0.860576331615, 0.54845225811, 0.307640820742, 0.137770622969, 0.0425687208772, 0.00629192823544, 0.000371837144485, 1.17754443636e-05, 7.92799892224e-06],
        "dmean2": [0.0254684109241, 0.11247356236, 0.70323240757, 1.86972856522, 3.28077960014, 22.1053695679, 11.0708093643, 14.9148321152, 15.1442708969, 28.6456241608, 35.1458435059, 62.2811889648, 34.9569549561, 36.4858779907, 32.8731536865, 23.0974388123, 36.2533340454, 54.8968200684, 46.6945228577, 41.552028656, 26.8382740021, 20.6654777527, 23.6327495575, 7.6354265213, 4.00443792343, 3.85416173935, 2.66039562225, 2.19772410393, 2.56831407547, 2.0135178566, 1.41772711277, 1.2025411129, 0.783575057983, 0.425467044115, 0.189783245325, 0.0553841218352, 0.00856136158109, 0.000557715888135, 1.67219750438e-05, 1.17505596791e-05],
        "dvar": [0.00491507863626, 0.0450191423297, 0.569051504135, 3.06657528877, 9.76625728607, 374.490386963, 97.2004547119, 368.069641113, 375.864685059, 2647.09472656, 4324.13671875, 9877.90234375, 4176.25878906, 6478.92089844, 6058.29199219, 1005.90197754, 4333.58447266, 11621.2880859, 3703.21044922, 2849.53051758, 867.266906738, 342.741210938, 494.904846191, 56.7730369568, 17.8015213013, 16.035320282, 8.59351825714, 8.1967716217, 15.4001655579, 11.2108106613, 5.85652303696, 5.41348600388, 2.10912680626, 0.720394849777, 0.137380540371, 0.0153992865235, 0.000312484567985, 9.84116582003e-07, 6.99335755971e-10, 8.75264999367e-11],
        "dvar2": [0.0106808329001, 0.116817861795, 1.13617122173, 7.26893758774, 24.5655860901, 894.044250488, 237.74005127, 835.854736328, 845.058776855, 5124.46142578, 11147.4746094, 28043.9257812, 11156.6367188, 17009.90625, 14184.4619141, 2606.4921875, 11751.6171875, 25002.3398438, 10025.6611328, 8118.47119141, 2049.38793945, 872.012268066, 1354.21789551, 140.966598511, 36.8265686035, 34.2849082947, 17.7586669922, 16.7715930939, 34.7734031677, 22.8546161652, 10.4782857895, 10.4642829895, 4.08422136307, 1.26874828339, 0.237578287721, 0.0246454626322, 0.000521707523149, 2.05065362024e-06, 1.29844823782e-09, 2.00303357234e-10],
        "max": [1.66670131683, 6.962931633, 13.7445077896, 26.2129917145, 43.4970436096, 250.103851318, 119.046905518, 262.199829102, 376.978118896, 1170.70922852, 990.80090332, 1174.84057617, 1038.23962402, 1960.54797363, 1210.41003418, 648.062438965, 1376.34399414, 2366.62353516, 953.426208496, 813.881164551, 442.06262207, 228.31803894, 353.303863525, 110.147834778, 63.8215255737, 70.4769515991, 38.4843978882, 43.3043251038, 38.455329895, 40.4461097717, 33.1759109497, 33.47605896, 18.4404201508, 12.2874736786, 7.03220272064, 2.06653833389, 0.283243775368, 0.0128163173795, 0.00039106735494, 0.000145179685205],
        "mean": [0.195805341005, 0.581549525261, 1.2465429306, 2.62873148918, 4.73269271851, 23.2076835632, 14.4900617599, 16.7089729309, 20.6105880737, 38.1012496948, 34.0752372742, 51.8086738586, 29.348815918, 37.2545089722, 32.0315208435, 24.195608139, 38.1535873413, 57.3198280334, 48.0567703247, 48.5524711609, 32.3515853882, 26.1130752563, 29.6434020996, 11.0585365295, 5.86781454086, 5.69145345688, 3.68097901344, 2.93014383316, 2.86449432373, 2.43796873093, 1.79051697254, 1.22276318073, 0.762989044189, 0.511619448662, 0.223024398088, 0.0649841725826, 0.00952474027872, 0.000523398106452, 2.91954893328e-05, 3.24223292409e-05],
        "median": [0.000729348568711, 0.0500569529831, 0.685514092445, 1.745226264, 2.80107188225, 15.0919771194, 10.9016799927, 8.39714431763, 10.8713188171, 11.5785083771, 8.97724342346, 8.28531932831, 7.85320281982, 12.7796812057, 7.69262838364, 10.6895961761, 13.7870340347, 14.518579483, 20.8454227448, 26.40533638, 15.5844802856, 15.9000921249, 19.6209144592, 7.7982583046, 3.87646842003, 3.59909772873, 2.2646317482, 1.59537398815, 1.19322419167, 0.958737552166, 0.622291982174, 0.289187580347, 0.12987691164, 0.106931328773, 0.0500571653247, 0.0111785707995, 0.00246074190363, 0.00015600315237, 1.79687594937e-05, 2.58123218373e-05],
        "min": [2.1390591757e-21, 6.92958279704e-21, 3.77042784939e-20, 1.61249270292e-19, 1.98144963581e-19, 3.75612945089e-19, 7.05414715e-19, 5.52706937563e-19, 6.39967616248e-19, 4.25156540137e-19, 3.83765352863e-19, 8.75566645882e-19, 2.98637616256e-18, 3.67474077228e-18, 5.71806217374e-18, 4.68534992644e-18, 5.11280874286e-18, 5.50709265364e-18, 1.44983403577e-17, 9.76842400782e-18, 7.09601768844e-18, 1.34923141977e-17, 2.59410904219e-17, 2.03264994438e-17, 1.1685458918e-17, 1.42753870585e-17, 1.09846772933e-17, 3.01441522786e-17, 1.77180068888e-17, 2.25458018662e-17, 2.19892995655e-17, 1.380362693e-17, 1.42532053832e-17, 9.05038822273e-18, 7.69217916362e-18, 6.39434394946e-18, 3.92541330742e-18, 1.28954035037e-18, 3.20125385256e-19, 4.03882566306e-20],
        "stdev": [0.293753474951, 0.923262476921, 1.49043178558, 2.76435661316, 5.40887498856, 25.577627182, 13.2139968872, 26.697013855, 34.8596801758, 102.835266113, 84.2717132568, 128.034393311, 77.2225723267, 114.996604919, 102.218048096, 45.900100708, 85.5365142822, 167.638381958, 79.703704834, 71.2754364014, 44.1780586243, 29.5597438812, 34.1139717102, 11.2773733139, 6.30745267868, 6.35715436935, 4.22210025787, 3.96722364426, 4.89567899704, 4.67884969711, 3.72338247299, 3.05327653885, 2.05594682693, 1.39129841328, 0.580795228481, 0.195363223553, 0.0260999947786, 0.00121609773487, 3.87003528886e-05, 2.29177985602e-05],
        "var": [0.0862911120057, 0.852413594723, 2.22138690948, 7.64166736603, 29.2559299469, 654.215026855, 174.609710693, 712.73059082, 1215.19726562, 10575.0917969, 7101.72216797, 16392.8046875, 5963.32519531, 13224.2197266, 10448.5292969, 2106.81933594, 7316.49511719, 28102.6269531, 6352.68115234, 5080.18798828, 1951.70092773, 873.778503418, 1163.76293945, 127.179138184, 39.7839584351, 40.4134140015, 17.8261299133, 15.738863945, 23.967672348, 21.8916339874, 13.863576889, 9.32249832153, 4.22691726685, 1.93571138382, 0.337323069572, 0.0381667912006, 0.00068120972719, 1.47889363689e-06, 1.49771728353e-09, 5.25225474224e-10]
    },
    "gfcc": {
        "mean": [-4.66395807266, 107.011985779, -142.95513916, 29.1172637939, -61.6541786194, 5.88229703903, -54.2268447876, 0.183473080397, -24.2260246277, -3.88824748993, -17.6829223633, -3.52943658829, -8.35819625854],
        "cov": [[3307.85864258, 99.5452575684, 17.4670696259, 186.436447144, 117.539047241, 495.185272217, 162.25579834, 212.441390991, 191.425537109, 157.840591431, 46.5825805664, 95.1978683472, 115.040473938], [99.5452575684, 883.820739746, -71.5607681274, -13.4121255875, 294.28112793, 90.3452301025, 333.24597168, 51.1513442993, 225.071350098, 30.3724575043, 178.358963013, -25.9514007568, 117.582572937], [17.4670696259, -71.5607681274, 415.127044678, 122.123062134, 33.9917182922, 175.757980347, 19.9297599792, 58.5678024292, 45.0885276794, 81.3940734863, 25.8637809753, 75.4485778809, 6.1114730835], [186.436447144, -13.4121255875, 122.123062134, 215.611694336, 70.7760925293, 67.6640853882, -9.08750629425, 34.0877151489, 53.2406768799, 20.325258255, 26.6332511902, 48.5460319519, 37.0413513184], [117.539047241, 294.28112793, 33.9917182922, 70.7760925293, 240.034667969, 131.771240234, 160.670089722, 74.0296478271, 128.156478882, 43.823928833, 70.2017745972, 24.4607200623, 64.0756149292], [495.185272217, 90.3452301025, 175.757980347, 67.6640853882, 131.771240234, 384.453643799, 188.528533936, 83.90599823, 102.177993774, 87.1998443604, 73.7598800659, 49.9916229248, 72.4120101929], [162.25579834, 333.24597168, 19.9297599792, -9.08750629425, 160.670089722, 188.528533936, 268.170898438, 89.6868133545, 129.978912354, 45.0031166077, 79.5470962524, 4.04912614822, 63.8125], [212.441390991, 51.1513442993, 58.5678024292, 34.0877151489, 74.0296478271, 83.90599823, 89.6868133545, 155.523651123, 115.842430115, 34.1856269836, -0.718382775784, 15.3260784149, 29.9100990295], [191.425537109, 225.071350098, 45.0885276794, 53.2406768799, 128.156478882, 102.177993774, 129.978912354, 115.842430115, 213.021652222, 66.9874420166, 46.6537094116, 15.4431505203, 59.5944824219], [157.840591431, 30.3724575043, 81.3940734863, 20.325258255, 43.823928833, 87.1998443604, 45.0031166077, 34.1856269836, 66.9874420166, 101.441917419, 41.2456588745, 11.6551990509, 6.61531305313], [46.5825805664, 178.358963013, 25.8637809753, 26.6332511902, 70.2017745972, 73.7598800659, 79.5470962524, -0.718382775784, 46.6537094116, 41.2456588745, 116.500762939, 37.6918525696, 42.0447540283], [95.1978683472, -25.9514007568, 75.4485778809, 48.5460319519, 24.4607200623, 49.9916229248, 4.04912614822, 15.3260784149, 15.4431505203, 11.6551990509, 37.6918525696, 101.152313232, 40.6725349426], [115.040473938, 117.582572937, 6.1114730835, 37.0413513184, 64.0756149292, 72.4120101929, 63.8125, 29.9100990295, 59.5944824219, 6.61531305313, 42.0447540283, 40.6725349426, 94.494430542]],
        "icov": [[0.000631332281046, -0.00105267879553, 0.00110884825699, -0.000872457458172, 0.00106324767694, -0.00161547830794, 0.00107512529939, -0.00122156436555, 0.000778417743277, -0.00148419220932, 0.0013847774826, -0.0012666922994, 0.000531212659553], [-0.00105267879553, 0.00838832743466, -0.00327321421355, 0.00309809087776, -0.00585374841467, 0.00613884162158, -0.00704164104536, 0.00564545067027, -0.00572020094842, 0.00639348523691, -0.00872151553631, 0.00682994257659, -0.00382485962473], [0.00110884825699, -0.00327321421355, 0.00676031922922, -0.00376943871379, 0.00340736820363, -0.00520364707336, 0.00311545468867, -0.00361997354776, 0.00270089460537, -0.00577626610175, 0.00455352570862, -0.00587003305554, 0.00368399405852], [-0.000872457458172, 0.00309809087776, -0.00376943871379, 0.00945510156453, -0.00535538094118, 0.00215110741556, 0.0013233711943, 0.00204943097197, -0.00371747976169, 0.00507219601423, -0.00491417665035, 0.00269843032584, -0.00280036614276], [0.00106324767694, -0.00585374841467, 0.00340736820363, -0.00535538094118, 0.0136801637709, -0.00476605584845, 0.000610444054473, -0.0041761174798, 0.00209255819209, -0.0053170309402, 0.00534765049815, -0.00537909567356, 0.00214242609218], [-0.00161547830794, 0.00613884162158, -0.00520364707336, 0.00215110741556, -0.00476605584845, 0.0121901081875, -0.0097955968231, 0.00479699391872, -0.00242239702493, 0.00245508691296, -0.00581837818027, 0.00519770290703, -0.00548417400569], [0.00107512529939, -0.00704164104536, 0.00311545468867, 0.0013233711943, 0.000610444054473, -0.0097955968231, 0.0189667437226, -0.00809943862259, 0.00238450034522, -0.00207550823689, 0.00187527865637, -0.00241566891782, 0.00242774793878], [-0.00122156436555, 0.00564545067027, -0.00361997354776, 0.00204943097197, -0.0041761174798, 0.00479699391872, -0.00809943862259, 0.0179675035179, -0.0102644432336, 0.00468527525663, -0.000354434858309, 0.00249463086948, -0.00193932990078], [0.000778417743277, -0.00572020094842, 0.00270089460537, -0.00371747976169, 0.00209255819209, -0.00242239702493, 0.00238450034522, -0.0102644432336, 0.0172276888043, -0.0105987638235, 0.00580037757754, -0.00311192311347, -0.00183553737588], [-0.00148419220932, 0.00639348523691, -0.00577626610175, 0.00507219601423, -0.0053170309402, 0.00245508691296, -0.00207550823689, 0.00468527525663, -0.0105987638235, 0.0249527208507, -0.0135826319456, 0.0075059114024, 0.00162943545729], [0.0013847774826, -0.00872151553631, 0.00455352570862, -0.00491417665035, 0.00534765049815, -0.00581837818027, 0.00187527865637, -0.000354434858309, 0.00580037757754, -0.0135826319456, 0.0268324948847, -0.0128913288936, 0.00137927068863], [-0.0012666922994, 0.00682994257659, -0.00587003305554, 0.00269843032584, -0.00537909567356, 0.00519770290703, -0.00241566891782, 0.00249463086948, -0.00311192311347, 0.0075059114024, -0.0128913288936, 0.022686926648, -0.00972051825374], [0.000531212659553, -0.00382485962473, 0.00368399405852, -0.00280036614276, 0.00214242609218, -0.00548417400569, 0.00242774793878, -0.00193932990078, -0.00183553737588, 0.00162943545729, 0.00137927068863, -0.00972051825374, 0.0218927618116]]
    },
    "melbands": {
        "dmean": [0.00011898795492, 0.000196171589778, 0.000186441800906, 0.000531086407136, 0.000351012247847, 0.000210203928873, 0.000158414390171, 0.000199151880224, 0.000228033648455, 0.0002312791039, 0.000102459656773, 8.58304629219e-05, 0.000108235159132, 1.3021621271e-05, 7.83485957072e-05, 4.6996956371e-05, 6.72090754961e-05, 5.03733172081e-05, 4.4455016905e-05, 2.56136881944e-05, 2.06238255487e-05, 1.41958425957e-05, 1.34525535032e-05, 1.2570326362e-05, 3.58699981007e-06, 2.15321847463e-06, 2.35318589148e-06, 1.77429581072e-06, 1.31812851123e-06, 9.88559122561e-07, 9.58880718827e-07, 1.03903209947e-06, 9.06608818241e-07, 7.9348546933e-07, 6.01956855917e-07, 5.79533036671e-07, 5.33870149866e-07, 4.27647222523e-07, 2.99037452578e-07, 2.64172285824e-07],
        "dmean2": [0.000182989999303, 0.00028877882869, 0.000290233379928, 0.000849028700031, 0.000534983701073, 0.000333413452609, 0.000235041341512, 0.000287777016638, 0.000369810528355, 0.000391053385101, 0.000167993552168, 0.000138639064971, 0.000167229576618, 2.08673864108e-05, 0.000126062819618, 7.81961862231e-05, 0.000107417312392, 8.21432840894e-05, 7.22405457054e-05, 4.21040567744e-05, 3.29668582708e-05, 2.34120725509e-05, 2.2143141905e-05, 2.12450722756e-05, 5.55153155801e-06, 3.34268702318e-06, 3.75180206902e-06, 2.66579377239e-06, 1.98108682525e-06, 1.48198500938e-06, 1.44391788126e-06, 1.5669726281e-06, 1.35826519454e-06, 1.10854216473e-06, 8.47032765705e-07, 8.30654073525e-07, 7.70129304328e-07, 6.22692823526e-07, 4.25492771683e-07, 3.74297002281e-07],
        "dvar": [2.23503548114e-07, 8.78192025766e-08, 6.48256417435e-08, 5.4455335885e-07, 2.17398152813e-07, 1.66039612282e-07, 7.72733272925e-08, 2.51358216019e-07, 4.73904435694e-07, 3.51254556108e-07, 1.06149251167e-07, 8.96867149436e-08, 1.44832199567e-07, 9.15542253122e-10, 3.66775978478e-08, 2.30452084082e-08, 4.22485335605e-08, 1.27463390953e-08, 9.26390519851e-09, 2.61060062456e-09, 1.58860158361e-09, 4.63772159565e-10, 3.60425800316e-10, 5.52498935491e-10, 2.95276060547e-11, 1.28659921259e-11, 1.24786925584e-11, 7.72859033715e-12, 4.92884205672e-12, 2.62268505524e-12, 3.72094932991e-12, 5.67131844958e-12, 4.77758284323e-12, 3.45402677814e-12, 1.92584208129e-12, 2.27420664765e-12, 2.32660093448e-12, 1.26809944923e-12, 7.70186648832e-13, 5.48973084873e-13],
        "dvar2": [5.11034556894e-07, 1.87981669342e-07, 1.53649537538e-07, 1.35103573484e-06, 4.87472391342e-07, 3.80811826517e-07, 1.69931510641e-07, 5.03371438754e-07, 1.26529187128e-06, 9.94478796201e-07, 2.81688613768e-07, 2.3804395255e-07, 3.35114435757e-07, 2.21999907346e-09, 9.87426460597e-08, 6.24937044336e-08, 8.96397551742e-08, 3.35632357462e-08, 2.51311966792e-08, 7.60473994887e-09, 3.73985376001e-09, 1.20373477852e-09, 9.55810097736e-10, 1.61962443457e-09, 6.8174951795e-11, 2.85916620241e-11, 2.9250216832e-11, 1.71381676212e-11, 1.07596275639e-11, 5.74508713172e-12, 8.1384040132e-12, 1.32941635131e-11, 1.07048831605e-11, 6.88855916753e-12, 3.72525708198e-12, 4.1908304084e-12, 4.82625528084e-12, 2.58463823261e-12, 1.51779608847e-12, 1.03620671071e-12],
        "max": [0.0115601168945, 0.00523709272966, 0.00367534998804, 0.00801031757146, 0.00732097961009, 0.00562701374292, 0.00493760593235, 0.0110054528341, 0.00978579558432, 0.00689397705719, 0.00529316160828, 0.00722031621262, 0.00575769646093, 0.000603082880843, 0.0035100216046, 0.00290709151886, 0.00416890857741, 0.00184037117288, 0.00168472679798, 0.000736175046768, 0.000675422488712, 0.000258556654444, 0.000218982080696, 0.00036419526441, 7.62015479268e-05, 5.86992136959e-05, 5.02310722368e-05, 4.97889632243e-05, 2.63447473117e-05, 2.23248134716e-05, 2.86611229967e-05, 2.58535565081e-05, 3.41286468029e-05, 2.43948543357e-05, 1.93063024199e-05, 2.07196826523e-05, 2.24432733376e-05, 1.4876250134e-05, 1.35110758492e-05, 1.00498873508e-05],
        "mean": [0.00138778961264, 0.000666985521093, 0.000473977619549, 0.000957622600254, 0.000698736635968, 0.000380047626095, 0.00032419123454, 0.000370906112948, 0.000328547175741, 0.000323182641296, 0.000136764298077, 0.000136036804179, 0.000160357361892, 2.24197283387e-05, 0.000119542841276, 7.41116382414e-05, 0.00010711017967, 7.52514897613e-05, 7.62516137911e-05, 4.65382690891e-05, 3.50528825948e-05, 2.54839305853e-05, 2.68365911325e-05, 2.35324387177e-05, 7.32605258236e-06, 4.18612626163e-06, 4.3818490667e-06, 3.60252056453e-06, 2.44618104261e-06, 1.78647962912e-06, 1.6761829329e-06, 1.6276092083e-06, 1.50654125264e-06, 1.29395016302e-06, 1.03240074623e-06, 9.00532825199e-07, 6.89238333962e-07, 5.44845079276e-07, 4.57004745158e-07, 4.27516312129e-07],
        "median": [6.35931792203e-06, 0.000433739100117, 0.000348758039763, 0.000658819219097, 0.000502298120409, 0.00020297759329, 0.00016963359667, 0.000104762933915, 5.99084341957e-05, 5.46514856978e-05, 2.92744898616e-05, 4.55197368865e-05, 3.9342285163e-05, 9.02611918718e-06, 4.99478774145e-05, 1.74490287463e-05, 2.61981294898e-05, 2.78291645373e-05, 3.84664526791e-05, 2.69142183242e-05, 1.36584731081e-05, 1.44286186696e-05, 1.63637232617e-05, 1.46087704707e-05, 4.83648864247e-06, 2.67006566901e-06, 2.59111266132e-06, 2.04058301279e-06, 1.39728956583e-06, 1.00741203823e-06, 8.27763244615e-07, 6.32038847925e-07, 6.45932232146e-07, 4.62669675017e-07, 3.8429644178e-07, 2.53755388258e-07, 1.39347903882e-07, 8.61670201857e-08, 8.81241604134e-08, 8.71834942018e-08],
        "min": [1.5530503434e-23, 1.72083711364e-23, 2.97550949711e-23, 1.7243122037e-23, 2.36163781996e-23, 1.37514879864e-23, 1.05394159854e-23, 4.15668323673e-24, 3.46807787509e-24, 5.45533761334e-24, 1.60488876007e-23, 1.52150048259e-23, 1.82964280503e-23, 1.28376517923e-23, 1.29358744413e-23, 8.30860885334e-24, 9.95161600344e-24, 2.28483542664e-23, 1.7204011891e-23, 8.85613275297e-24, 8.38407838728e-24, 1.32336079019e-23, 1.93314593119e-23, 2.66047915679e-23, 1.50822979112e-23, 9.58475939491e-24, 6.244261233e-24, 1.08221137572e-23, 5.64484724632e-24, 1.00496493259e-23, 1.97193169754e-23, 9.14437621685e-24, 9.81735503281e-24, 1.35266373849e-23, 1.29045156426e-23, 9.30885371559e-24, 8.59640582195e-24, 1.0089881232e-23, 8.45282840403e-24, 7.51048593223e-24],
        "stdev": [0.00200885138474, 0.000747142650653, 0.000443100900156, 0.000988970394246, 0.000678354874253, 0.000572923745494, 0.000504962634295, 0.000996802118607, 0.000848371360917, 0.000761992239859, 0.000389317312511, 0.000429919193266, 0.000511181307957, 4.46373487648e-05, 0.000239323460846, 0.000216891101445, 0.000318475969834, 0.000142693999805, 0.000131927881739, 6.53083552606e-05, 5.63327666896e-05, 3.07669324684e-05, 3.03309043375e-05, 2.96690795949e-05, 8.13558381196e-06, 4.91944911118e-06, 5.10393101649e-06, 4.31897615272e-06, 3.06055926558e-06, 2.2421693302e-06, 2.51173605648e-06, 2.83352346742e-06, 2.77100934909e-06, 2.64301615971e-06, 2.10240273191e-06, 2.13963812712e-06, 1.84587042895e-06, 1.47412197293e-06, 1.33438254579e-06, 1.17244894682e-06],
        "var": [4.03548347094e-06, 5.58222154723e-07, 1.963384193e-07, 9.78062530521e-07, 4.60165324512e-07, 3.28241640091e-07, 2.54987270409e-07, 9.93614548861e-07, 7.19733975529e-07, 5.80632217861e-07, 1.51567959961e-07, 1.84830511785e-07, 2.61306354332e-07, 1.99249305943e-09, 5.72757201667e-08, 4.70417518272e-08, 1.01426941512e-07, 2.03615755368e-08, 1.7404966357e-08, 4.26518154129e-09, 3.17338044731e-09, 9.46604239438e-10, 9.19963716317e-10, 8.80254258373e-10, 6.61877289088e-11, 2.42009814966e-11, 2.60501099858e-11, 1.86535561303e-11, 9.36702278242e-12, 5.02732360949e-12, 6.30881848498e-12, 8.02885535833e-12, 7.67849325789e-12, 6.98553498032e-12, 4.42009753451e-12, 4.57805147958e-12, 3.40723781654e-12, 2.17303562297e-12, 1.78057687952e-12, 1.37463651573e-12]
    },
    "melbands128": {
