{
"lowlevel": {
    "average_loudness": 0.971226871014,
    "barkbands_crest": {
        "dmean": 2.96783280373,
        "dmean2": 4.47437953949,
        "dvar": 7.32781744003,
        "dvar2": 17.249710083,
        "max": 26.5084190369,
        "mean": 14.5549764633,
        "median": 14.097776413,
        "min": 3.79765439034,
        "stdev": 5.33845376968,
        "var": 28.4990882874
    },
    "barkbands_flatness_db": {
        "dmean": 0.0406179055572,
        "dmean2": 0.0581286922097,
        "dvar": 0.0015685436083,
        "dvar2": 0.00314878299832,
        "max": 0.61376953125,
        "mean": 0.220620915294,
        "median": 0.206493064761,
        "min": 0.0427273586392,
        "stdev": 0.0808860212564,
        "var": 0.00654254900292
    },
    "barkbands_kurtosis": {
        "dmean": 12.5778999329,
        "dmean2": 19.4640789032,
        "dvar": 1018.58404541,
        "dvar2": 2460.71582031,
        "max": 525.545043945,
        "mean": 18.3347358704,
        "median": 6.75677490234,
        "min": -1.92531847954,
        "stdev": 39.9225730896,
        "var": 1593.81176758
    },
    "barkbands_skewness": {
        "dmean": 1.01281809807,
        "dmean2": 1.44082677364,
        "dvar": 1.57801628113,
        "dvar2": 3.46891784668,
        "max": 19.8297309875,
        "mean": 2.86279773712,
        "median": 2.39291930199,
        "min": -2.66871404648,
        "stdev": 2.36649918556,
        "var": 5.60031843185
    },
    "barkbands_spread": {
        "dmean": 6.48756933212,
        "dmean2": 10.0447149277,
        "dvar": 73.2378005981,
        "dvar2": 171.969436646,
        "max": 90.9622344971,
        "mean": 15.4909791946,
        "median": 12.2561197281,
        "min": 0.150085821748,
        "stdev": 13.0512228012,
        "var": 170.33442688
    },
    "dissonance": {
        "dmean": 0.0310897268355,
        "dmean2": 0.0514539591968,
        "dvar": 0.000931363611016,
        "dvar2": 0.00228708586656,
        "max": 0.499881207943,
        "mean": 0.433739095926,
        "median": 0.445416241884,
        "min": 0.122581571341,
        "stdev": 0.0495087765157,
        "var": 0.0024511187803
    },
    "dynamic_complexity": 1.84638023376,
    "erbbands_crest": {
        "dmean": 3.41172814369,
        "dmean2": 5.51015615463,
        "dvar": 9.56477546692,
        "dvar2": 23.2993221283,
        "max": 30.2337551117,
        "mean": 11.1624822617,
        "median": 10.2504329681,
        "min": 2.93523669243,
        "stdev": 4.85985708237,
        "var": 23.6182098389
    },
    "erbbands_flatness_db": {
        "dmean": 0.0291851591319,
        "dmean2": 0.0432270988822,
        "dvar": 0.000869067851454,
        "dvar2": 0.00174588127993,
        "max": 0.441393584013,
        "mean": 0.175793424249,
        "median": 0.166780233383,
        "min": 0.0669662579894,
        "stdev": 0.0582367256284,
        "var": 0.00339151616208
    },
    "erbbands_kurtosis": {
        "dmean": 2.4199256897,
        "dmean2": 3.8846218586,
        "dvar": 23.6002388,
        "dvar2": 63.2796897888,
        "max": 83.2791061401,
        "mean": 2.42292165756,
        "median": 0.801241636276,
        "min": -1.82776546478,
        "stdev": 5.59881067276,
        "var": 31.3466835022
    },
    "erbbands_skewness": {
        "dmean": 0.596510767937,
        "dmean2": 0.885460197926,
        "dvar": 0.41689401865,
        "dvar2": 0.904138982296,
        "max": 8.43797779083,
        "mean": 0.750461339951,
        "median": 0.647375881672,
        "min": -3.65575385094,
        "stdev": 1.14500629902,
        "var": 1.31103932858
    },
    "erbbands_spread": {
        "dmean": 14.7014923096,
        "dmean2": 22.7814884186,
        "dvar": 345.88470459,
        "dvar2": 744.170471191,
        "max": 179.26373291,
        "mean": 41.4092941284,
        "median": 34.0886802673,
        "min": 1.74809014797,
        "stdev": 29.7734031677,
        "var": 886.455505371
    },
    "hfc": {
        "dmean": 10.8372583389,
        "dmean2": 17.7756137848,
        "dvar": 205.714752197,
        "dvar2": 536.52722168,
        "max": 104.918281555,
        "mean": 25.305557251,
        "median": 21.7075996399,
        "min": 0.000140352261951,
        "stdev": 17.1016578674,
        "var": 292.466705322
    },
    "loudness_ebu128": {
        "integrated": -7.21914625168,
        "loudness_range": 2.90470790863,
        "momentary": {
            "dmean": 0.513870954514,
            "dmean2": 0.687219679356,
            "dvar": 0.355319559574,
            "dvar2": 0.725928485394,
            "max": -5.52965736389,
            "mean": -7.60557222366,
            "median": -6.79813098907,
            "min": -20.9951839447,
            "stdev": 2.0941927433,
            "var": 4.38564348221
        },
        "short_term": {
            "dmean": 0.0693652629852,
            "dmean2": 0.0764603987336,
            "dvar": 0.00373980682343,
            "dvar2": 0.00429377146065,
            "max": -6.15575408936,
            "mean": -7.26934957504,
            "median": -6.59674072266,
            "min": -11.6488723755,
            "stdev": 1.28731191158,
            "var": 1.65717196465
        }
    },
    "melbands_crest": {
        "dmean": 4.2516078949,
        "dmean2": 6.68071174622,
        "dvar": 17.7008399963,
        "dvar2": 46.4425315857,
        "max": 37.219707489,
        "mean": 20.9257545471,
        "median": 20.6788768768,
        "min": 5.13017368317,
        "stdev": 7.83018493652,
        "var": 61.311794281
    },
    "melbands_flatness_db": {
        "dmean": 0.0478018634021,
        "dmean2": 0.0675324425101,
        "dvar": 0.00219603464939,
        "dvar2": 0.00437197042629,
        "max": 0.762466311455,
        "mean": 0.302589356899,
        "median": 0.29276651144,
        "min": 0.0567805022001,
        "stdev": 0.099026799202,
        "var": 0.0098063070327
    },
    "melbands_kurtosis": {
        "dmean": 25.5071411133,
        "dmean2": 36.4729309082,
        "dvar": 3303.40136719,
        "dvar2": 6185.91796875,
        "max": 997.59777832,
        "mean": 41.9569244385,
        "median": 17.3204441071,
        "min": -1.91928744316,
        "stdev": 82.2694702148,
        "var": 6768.26513672
    },
    "melbands_skewness": {
        "dmean": 1.30576050282,
        "dmean2": 1.86088621616,
        "dvar": 2.8993935585,
        "dvar2": 5.52676963806,
        "max": 23.0226726532,
        "mean": 4.09949207306,
        "median": 3.45377588272,
        "min": -1.33406114578,
        "stdev": 3.11981654167,
        "var": 9.73325538635
    },
    "melbands_spread": {
        "dmean": 5.9830956459,
        "dmean2": 8.29583930969,
        "dvar": 162.167007446,
        "dvar2": 207.073028564,
        "max": 250.130401611,
        "mean": 15.5814990997,
        "median": 9.5567522049,
        "min": 0.327214390039,
        "stdev": 25.7843074799,
        "var": 664.830505371
    },
    "pitch_salience": {
        "dmean": 0.0911790281534,
        "dmean2": 0.143021926284,
        "dvar": 0.0106015903875,
        "dvar2": 0.0275823641568,
        "max": 0.81122481823,
        "mean": 0.423482745886,
        "median": 0.432051926851,
        "min": 0.0597525648773,
        "stdev": 0.167820572853,
        "var": 0.028163742274
    },
    "silence_rate_20dB": {
        "dmean": 0,
        "dmean2": 0,
        "dvar": 0,
        "dvar2": 0,
        "max": 1,
        "mean": 1,
        "median": 1,
        "min": 1,
        "stdev": 0,
        "var": 0
    },
    "silence_rate_30dB": {
        "dmean": 0.0804953575134,
        "dmean2": 0.161115407944,
        "dvar": 0.0740154162049,
        "dvar2": 0.1521961689,
        "max": 1,
        "mean": 0.769528210163,
        "median": 1,
        "min": 0,
        "stdev": 0.421133995056,
        "var": 0.177353844047
    },
    "silence_rate_60dB": {
        "dmean": 0.0193498451263,
        "dmean2": 0.0379550717771,
        "dvar": 0.0189756117761,
        "dvar2": 0.0458106286824,
        "max": 1,
        "mean": 0.0363495759666,
        "median": 0,
        "min": 0,
        "stdev": 0.187157779932,
        "var": 0.0350280366838
    },
    "spectral_centroid": {
        "dmean": 250.283401489,
        "dmean2": 357.338012695,
        "dvar": 99171.2109375,
        "dvar2": 156124.84375,
        "max": 5377.58984375,
        "mean": 1005.121521,
        "median": 800.459838867,
        "min": 98.0125427246,
        "stdev": 715.45501709,
        "var": 511875.875
    },
    "spectral_complexity": {
        "dmean": 2.76238393784,
        "dmean2": 4.34159564972,
        "dvar": 10.5929536819,
        "dvar2": 25.6625919342,
        "max": 41,
        "mean": 13.7509670258,
        "median": 14,
        "min": 0,
        "stdev": 5.86454486847,
        "var": 34.3928871155
    },
    "spectral_decrease": {
        "dmean": 3.92537646832e-09,
        "dmean2": 5.60365132074e-09,
        "dvar": 1.89333453125e-17,
        "dvar2": 3.46207445659e-17,
        "max": -2.02841622622e-13,
        "mean": -1.8201903984e-08,
        "median": -1.66080091901e-08,
        "min": -5.31037116502e-08,
        "stdev": 1.11756035537e-08,
        "var": 1.24894121335e-16
    },
    "spectral_energy": {
        "dmean": 0.0151001131162,
        "dmean2": 0.0216599795967,
        "dvar": 0.000276487873634,
        "dvar2": 0.000509787525516,
        "max": 0.202152624726,
        "mean": 0.0709933266044,
        "median": 0.065892457962,
        "min": 7.78298442583e-07,
        "stdev": 0.0424509420991,
        "var": 0.00180208263919
    },
    "spectral_energyband_high": {
        "dmean": 0.000859047169797,
        "dmean2": 0.00147036917042,
        "dvar": 1.68664234934e-06,
        "dvar2": 4.43853832621e-06,
        "max": 0.00889474432915,
        "mean": 0.00107856164686,
        "median": 0.000546859926544,
        "min": 2.20569673637e-09,
        "stdev": 0.00137069274206,
        "var": 1.87879868463e-06
    },
    "spectral_energyband_low": {
        "dmean": 0.0129814324901,
        "dmean2": 0.0190012156963,
        "dvar": 0.000406301289331,
        "dvar2": 0.000794205232523,
        "max": 0.19911916554,
        "mean": 0.0469300970435,
        "median": 0.0325570777059,
        "min": 4.48138024467e-07,
        "stdev": 0.0449643097818,
        "var": 0.00202178931795
    },
    "spectral_energyband_middle_high": {
        "dmean": 0.00193972187117,
        "dmean2": 0.0028031906113,
        "dvar": 6.79887534716e-06,
        "dvar2": 1.32878249133e-05,
        "max": 0.0349185802042,
        "mean": 0.00516838533804,
        "median": 0.00294077186845,
        "min": 3.54629072774e-08,
        "stdev": 0.0058459318243,
        "var": 3.41749182553e-05
    },
    "spectral_energyband_middle_low": {
        "dmean": 0.0101631172001,
        "dmean2": 0.0167898479849,
        "dvar": 0.000261436303845,
        "dvar2": 0.000711192900781,
        "max": 0.122597292066,
        "mean": 0.0189168397337,
        "median": 0.0142384087667,
        "min": 1.35086310138e-07,
        "stdev": 0.0171661842614,
        "var": 0.000294677884085
    },
    "spectral_entropy": {
        "dmean": 0.395287573338,
        "dmean2": 0.591215074062,
        "dvar": 0.155880972743,
        "dvar2": 0.328302711248,
        "max": 8.80680465698,
        "mean": 7.06388044357,
        "median": 7.04417991638,
        "min": 4.4551653862,
        "stdev": 0.666470229626,
        "var": 0.444182574749
    },
    "spectral_flux": {
        "dmean": 0.0459630228579,
        "dmean2": 0.0684133917093,
        "dvar": 0.00199666433036,
        "dvar2": 0.00402082037181,
        "max": 0.439392477274,
        "mean": 0.120266154408,
        "median": 0.103283911943,
        "min": 0.000882212247234,
        "stdev": 0.0726132541895,
        "var": 0.00527268415317
    },
    "spectral_kurtosis": {
        "dmean": 4.55219173431,
        "dmean2": 7.08444738388,
        "dvar": 99.438873291,
        "dvar2": 226.680923462,
        "max": 168.616653442,
        "mean": 7.5195684433,
        "median": 4.82092952728,
        "min": -1.4174772501,
        "stdev": 12.3713750839,
        "var": 153.050918579
    },
    "spectral_rms": {
        "dmean": 0.000925597676542,
        "dmean2": 0.00132192403544,
        "dvar": 1.01354612525e-06,
        "dvar2": 1.90077707884e-06,
        "max": 0.0140435779467,
        "mean": 0.00783216767013,
        "median": 0.00801781285554,
        "min": 2.75556812994e-05,
        "stdev": 0.00281409150921,
        "var": 7.91911043052e-06
    },
    "spectral_rolloff": {
        "dmean": 349.66394043,
        "dmean2": 571.188293457,
        "dvar": 924326.9375,
        "dvar2": 1658902,
        "max": 12381.5917969,
        "mean": 895.768188477,
        "median": 430.6640625,
        "min": 43.06640625,
        "stdev": 1724.30114746,
        "var": 2973214.5
    },
    "spectral_skewness": {
        "dmean": 0.506139159203,
        "dmean2": 0.778470754623,
        "dvar": 0.466864615679,
        "dvar2": 0.996636331081,
        "max": 11.1281557083,
        "mean": 2.02859115601,
        "median": 1.79368770123,
        "min": -0.273283392191,
        "stdev": 1.06484973431,
        "var": 1.13390505314
    },
    "spectral_spread": {
        "dmean": 1662468.125,
        "dmean2": 2498233.25,
        "dvar": 3.75248833741e+12,
        "dvar2": 7.34283956224e+12,
        "max": 17668234,
        "mean": 5836940,
        "median": 4768885,
        "min": 679035.125,
        "stdev": 3209772.25,
        "var": 1.03026377359e+13
    },
    "spectral_strongpeak": {
        "dmean": 0.486084163189,
        "dmean2": 0.824949204922,
        "dvar": 0.760577976704,
        "dvar2": 2.00108575821,
        "max": 7.98342847824,
        "mean": 0.926054000854,
        "median": 0.539956092834,
        "min": 0,
        "stdev": 1.03851699829,
        "var": 1.07851755619
    },
    "zerocrossingrate": {
        "dmean": 0.0125936502591,
        "dmean2": 0.0146650793031,
        "dvar": 0.000398285978008,
        "dvar2": 0.00032558987732,
        "max": 0.4208984375,
        "mean": 0.043561257422,
        "median": 0.03125,
        "min": 0.001953125,
        "stdev": 0.0527648329735,
        "var": 0.00278412760235
    },
    "barkbands": {
        "dmean": [0.00218034093268, 0.0113908043131, 0.00566287711263, 0.00232183537446, 0.00477710040286, 0.00201260717586, 0.0016012134729, 0.000827678886708, 0.00210504932329, 0.000808835960925, 0.000573250057641, 0.000341668812325, 0.000217936612898, 0.000313511583954, 0.000284136855043, 0.000285234418698, 0.000204335679882, 0.000146654972923, 7.55464789108e-05, 0.000148973267642, 8.63844834385e-05, 3.4102362406e-05, 0.00019353927928, 0.000308106478769, 0.000202392649953, 4.80976523249e-05, 1.78233005954e-06],
        "dmean2": [0.00264316145331, 0.0155543377623, 0.0089195817709, 0.00421679625288, 0.00807692017406, 0.00337935425341, 0.00259106815793, 0.00126765028108, 0.0033520096913, 0.00127971288748, 0.000834639824461, 0.000512749014888, 0.000332086696289, 0.000476238841657, 0.000408748950576, 0.00042836702778, 0.000311515963404, 0.000233806393226, 0.000121981240227, 0.000226911346545, 0.000136505317641, 6.03930748184e-05, 0.000359898869647, 0.000543362286408, 0.000343889871147, 8.27677504276e-05, 3.06670926875e-06],
        "dvar": [1.67831803992e-05, 0.000254070881056, 0.000289118877845, 3.41906998074e-05, 8.45056420076e-05, 1.32837767524e-05, 1.10480732474e-05, 4.96451275467e-06, 3.36140656145e-05, 2.61752461483e-06, 1.47863318034e-06, 7.03363241428e-07, 5.51183234165e-07, 5.60329112886e-07, 4.9873676744e-07, 4.51466320328e-07, 2.8855419032e-07, 9.12746500603e-08, 1.9701341003e-08, 6.88372310265e-08, 2.19038014393e-08, 5.60904789282e-09, 1.36354643132e-07, 2.67757684469e-07, 1.09569747053e-07, 1.0111118165e-08, 2.71888050268e-11],
        "dvar2": [3.05333524011e-05, 0.000435410649516, 0.000674820505083, 0.000101226978586, 0.000219622408622, 3.21808583976e-05, 2.75135480479e-05, 1.11421768452e-05, 7.97061584308e-05, 5.82339316679e-06, 2.44072111855e-06, 1.44231717059e-06, 1.38264454108e-06, 1.21806704101e-06, 1.0778064734e-06, 9.77760691967e-07, 6.98325550275e-07, 2.23346958705e-07, 4.88505200735e-08, 1.54806556907e-07, 5.10467614845e-08, 1.50828931567e-08, 3.72950012206e-07, 6.80899404415e-07, 2.56837779489e-07, 2.58367336414e-08, 6.99267935222e-11],
        "max": [0.0780349373817, 0.170863762498, 0.112649030983, 0.0487328097224, 0.065976023674, 0.0523920170963, 0.0466829016805, 0.0456168092787, 0.0536821521819, 0.0286562815309, 0.0278786811978, 0.0178008638322, 0.0189033485949, 0.0123764863238, 0.011817516759, 0.00935848243535, 0.00703981192783, 0.00381646445021, 0.00156917201821, 0.00331224803813, 0.00189019588288, 0.000953488750383, 0.00294708856381, 0.00497239315882, 0.00386917521246, 0.00209537078626, 5.11565558554e-05],
        "mean": [0.00470925215632, 0.0362186282873, 0.00498758628964, 0.00270810187794, 0.00622251629829, 0.00349152553827, 0.00272720912471, 0.00111919990741, 0.00250882469118, 0.00107009580825, 0.00115973572247, 0.000513456878252, 0.00031678477535, 0.00049028720241, 0.0004312817764, 0.000445142621174, 0.000359289551852, 0.000242976879235, 0.000122845056467, 0.000281594373519, 0.000140463074786, 2.9101216569e-05, 0.000135940441396, 0.000282058579614, 0.00023021074594, 4.77049943584e-05, 1.60547642736e-06],
        "median": [0.000653425056953, 0.0259220767766, 0.000578921637498, 0.000887989881448, 0.00245796702802, 0.00152878952213, 0.000905164692085, 0.00020497982041, 0.000599192746449, 0.00036698000622, 0.00035004192614, 0.000150313644554, 8.97783538676e-05, 7.02740217093e-05, 5.3699437558e-05, 5.39084176125e-05, 5.36595580343e-05, 5.85331035836e-05, 3.78534969059e-05, 6.6076994699e-05, 3.91230423702e-05, 4.99578936797e-06, 1.57996819325e-05, 3.9506398025e-05, 5.96617937845e-05, 7.02486249793e-06, 3.38507817332e-08],
        "min": [1.02352633313e-10, 8.1350375325e-09, 1.01982159606e-07, 5.21174499113e-08, 3.31775105167e-08, 1.41790046371e-09, 7.10351022448e-09, 1.88201418894e-08, 1.88354682962e-08, 1.8058113227e-08, 9.37789756961e-09, 1.60801227889e-09, 3.08831904494e-10, 2.47939380138e-09, 2.0825250413e-09, 1.03661290662e-09, 8.87256101922e-10, 3.86789628104e-10, 7.32704452666e-10, 1.9704909926e-10, 4.18731681273e-11, 1.95976620349e-11, 8.02903993291e-11, 3.05932501554e-10, 9.86201786901e-10, 5.55441470595e-10, 1.97299032038e-13],
        "stdev": [0.00851145386696, 0.0374943614006, 0.0161700360477, 0.00505813909695, 0.00972336996347, 0.00558588141575, 0.0045081358403, 0.0031163233798, 0.00584680214524, 0.00196200259961, 0.00274907215498, 0.00118934281636, 0.000878526305314, 0.00121404533274, 0.00114121043589, 0.00100826099515, 0.000847425777465, 0.000439339957666, 0.0002225334174, 0.0004532468447, 0.000233645361732, 6.62740130792e-05, 0.000297555088764, 0.00052429625066, 0.000422722398071, 0.00010146387649, 4.84703832626e-06],
        "var": [7.24448400433e-05, 0.00140582711902, 0.000261470064288, 2.55847717199e-05, 9.45439242059e-05, 3.12020711135e-05, 2.03232866625e-05, 9.71147164819e-06, 3.418509732e-05, 3.84945451515e-06, 7.55739756642e-06, 1.41453642755e-06, 7.71808458921e-07, 1.47390608163e-06, 1.30236117002e-06, 1.0165903177e-06, 7.18130479527e-07, 1.93019602079e-07, 4.95211196494e-08, 2.05432712619e-07, 5.45901528426e-08, 4.3922447901e-09, 8.85390321059e-08, 2.74886588159e-07, 1.78694236297e-07, 1.02949186953e-08, 2.34937798382e-11]
    },
    "erbbands": {
        "dmean": [0.538838088512, 2.49310708046, 6.59246444702, 6.18123102188, 13.5193710327, 15.1170396805, 17.4770832062, 15.5709228516, 23.1245574951, 16.7847042084, 32.9176979065, 38.6545753479, 23.2256088257, 28.7540988922, 14.5553894043, 11.4147596359, 9.91059970856, 11.1180524826, 15.1128835678, 14.2910547256, 11.7402849197, 10.5610923767, 8.33138370514, 4.71045780182, 3.51921796799, 6.10308074951, 5.97225427628, 1.36162376404, 1.24894011021, 2.01733183861, 5.67739152908, 8.91017818451, 3.92679214478, 2.96887540817, 1.02869212627, 0.308849066496, 0.0650670155883, 0.00695072254166, 0.00023634104582, 2.27183063544e-05],
        "dmean2": [0.661278307438, 3.0461640358, 9.4777173996, 10.5525169373, 23.4193210602, 25.6542854309, 28.4462738037, 26.7394638062, 38.200756073, 26.5423870087, 50.211227417, 60.9379463196, 35.875743866, 41.7546424866, 21.9736766815, 16.8554992676, 14.8929080963, 17.0052242279, 21.9029312134, 21.9819469452, 17.7779273987, 16.2821655273, 13.0582046509, 7.35171604156, 5.47503232956, 9.37805938721, 9.25144004822, 2.26878476143, 2.24266815186, 3.61420822144, 10.5151815414, 16.1741752625, 6.77092313766, 5.14290142059, 1.64658725262, 0.520958423615, 0.113285660744, 0.0114742964506, 0.000401449971832, 3.46622218785e-05],
        "dvar": [0.509159445763, 17.0072994232, 346.840667725, 274.953643799, 703.520202637, 830.746520996, 1634.9699707, 638.908325195, 2418.35449219, 1830.85656738, 7170.50390625, 10888.7275391, 2129.08569336, 3432.53564453, 941.723754883, 679.057556152, 819.966430664, 826.011108398, 1390.51196289, 866.831481934, 654.18762207, 851.096679688, 342.137298584, 69.4339904785, 46.7721595764, 125.611045837, 97.4090652466, 5.67104911804, 9.49943256378, 13.4814796448, 115.684417725, 260.586700439, 39.73387146, 24.1483745575, 2.8307929039, 0.513881444931, 0.0133657297119, 0.000210426587728, 3.97044857436e-07, 7.11474545945e-10],
        "dvar2": [0.825376033783, 23.623588562, 739.50012207, 752.74005127, 1913.89489746, 2207.19555664, 3779.89379883, 1862.77941895, 6388.43457031, 4358.99072266, 16141.4716797, 25870.7070312, 4614.01416016, 6365.23486328, 2070.60864258, 1245.61816406, 1960.86523438, 1795.20446777, 3015.64379883, 1935.09545898, 1367.39257812, 2181.95629883, 821.74822998, 165.020751953, 107.711425781, 293.726348877, 212.117126465, 15.0020027161, 26.2590103149, 35.6533622742, 315.573028564, 679.853881836, 99.8059463501, 59.5593185425, 5.78833389282, 1.29638326168, 0.034322258085, 0.000524217553902, 1.03893967207e-06, 1.68190261718e-09],
        "max": [9.00517845154, 45.0502281189, 135.426803589, 138.232223511, 224.962661743, 215.782669067, 609.745849609, 305.554992676, 575.292175293, 918.282653809, 1107.77270508, 977.222900391, 817.389770508, 1113.79748535, 547.313171387, 618.272033691, 744.094055176, 724.523620605, 663.936706543, 401.017852783, 378.202545166, 463.109558105, 261.79888916, 102.683486938, 103.942848206, 142.951568604, 123.895698547, 22.2612419128, 45.1685371399, 34.8123435974, 82.5143280029, 144.12651062, 53.0242156982, 54.7974319458, 27.5287265778, 16.7435417175, 1.36633658409, 0.14375577867, 0.00809505954385, 0.000347744731698],
        "mean": [1.53493821621, 6.07190513611, 7.23872756958, 7.49207496643, 16.0026779175, 19.621547699, 28.2513542175, 26.7886447906, 39.6176300049, 24.6930828094, 41.6278610229, 45.7137184143, 34.7010574341, 54.4535903931, 24.1223258972, 18.7975921631, 17.1861076355, 19.8130836487, 25.1928672791, 23.958480835, 22.3118190765, 19.8534393311, 14.8303394318, 8.81589794159, 6.27764129639, 11.9306221008, 11.9049377441, 1.87569487095, 1.03150391579, 1.69251692295, 4.09124755859, 6.73282003403, 4.20193576813, 3.18104314804, 1.2598593235, 0.325935095549, 0.064526706934, 0.00737205753103, 0.000269411917543, 9.04632324819e-05],
        "median": [0.945358335972, 3.76555085182, 1.50452017784, 2.4827299118, 6.21462440491, 7.95790576935, 8.47437953949, 12.8281011581, 13.7446184158, 9.4203119278, 7.89160203934, 10.9382896423, 16.1084747314, 21.2991027832, 9.80935573578, 6.33746099472, 5.61530685425, 4.4558339119, 5.16994667053, 4.54550981522, 3.15301728249, 3.71109008789, 3.44019436836, 2.60844326019, 2.43001389503, 3.13201403618, 3.31065559387, 0.889184594154, 0.227389574051, 0.27798551321, 0.481784403324, 0.636047780514, 0.73594301939, 0.733349025249, 0.313364058733, 0.0579997003078, 0.00867904350162, 0.000859283783939, 7.16965005267e-05, 8.63929890329e-05],
        "min": [6.6310855118e-07, 2.38840420934e-05, 0.000116003378935, 0.000160994401085, 0.000150968320668, 9.62580525083e-05, 3.57120952685e-05, 9.60358556767e-06, 5.98189872107e-05, 0.000224999719649, 0.000479784590425, 0.000444474688265, 0.000412067980506, 0.000619736383669, 0.000249832752161, 5.90281379118e-05, 1.93261603272e-05, 8.5145176854e-05, 0.000151613145135, 6.89665102982e-05, 4.3741249101e-05, 5.08409793838e-05, 2.83481895167e-05, 2.78330135188e-05, 3.15143588523e-05, 1.04641203507e-05, 3.59396767635e-06, 8.33003127809e-07, 5.33308877948e-07, 2.35641914514e-06, 1.67912753568e-06, 2.76477476291e-06, 8.40291340864e-06, 9.42397218751e-06, 8.0763038568e-06, 1.86341446806e-06, 1.58058014676e-06, 1.20080699162e-07, 1.17505516428e-08, 1.13437048643e-09],
        "stdev": [1.70033657551, 8.04907798767, 19.9642868042, 14.7147121429, 26.0413837433, 30.1945610046, 61.7973518372, 34.6438522339, 64.2649536133, 52.6386985779, 99.8389511108, 104.648109436, 59.2444038391, 113.177566528, 45.0647697449, 41.0004463196, 40.0339622498, 49.798324585, 54.265499115, 45.4155464172, 45.5000457764, 44.6588058472, 28.5147418976, 14.2840547562, 10.3192796707, 19.228055954, 18.2614173889, 2.73677992821, 2.55933189392, 3.29870557785, 8.76709365845, 14.4461193085, 7.31008625031, 5.75563812256, 2.55317854881, 0.756981670856, 0.118733674288, 0.0148729011416, 0.000578296952881, 5.07075965288e-05],
        "var": [2.89114451408, 64.787651062, 398.572784424, 216.522766113, 678.153686523, 911.711547852, 3818.91259766, 1200.19641113, 4129.984375, 2770.83276367, 9967.81640625, 10951.2265625, 3509.89941406, 12809.1611328, 2030.83349609, 1681.03674316, 1602.71813965, 2479.87304688, 2944.74438477, 2062.57202148, 2070.25415039, 1994.40893555, 813.090515137, 204.034225464, 106.48752594, 369.718139648, 333.479370117, 7.48996400833, 6.55017995834, 10.8814592361, 76.8619384766, 208.690353394, 53.4373626709, 33.1273727417, 6.51872062683, 0.573021292686, 0.0140976859257, 0.000221203183173, 3.34427369353e-07, 2.57126031578e-09]
    },
    "gfcc": {
        "mean": [-3.09543132782, 105.051856995, -87.3888397217, 22.1077404022, -57.6350898743, 18.3306922913, -41.5609779358, 21.6267738342, -28.7427501678, 2.94493126869, -7.18144798279, -5.43740749359, 4.22533798218],
        "cov": [[5257.75537109, -960.685180664, -362.731262207, 606.124572754, 402.257415771, 682.841247559, 4.56342172623, 659.325073242, 133.408233643, 331.405487061, 134.84147644, 247.954940796, 110.743965149], [-960.685180664, 2036.32470703, 59.0021629333, -92.1456604004, 614.060974121, -264.751525879, 532.088623047, -56.1569633484, 210.829574585, -21.2799873352, 289.225860596, -59.9610824585, 180.512313843], [-362.731262207, 59.0021629333, 1682.55480957, 74.0402450562, -82.215385437, 461.788421631, 94.2764663696, 113.521247864, 234.884750366, 11.1128816605, 51.888961792, 248.549942017, -136.271881104], [606.124572754, -92.1456604004, 74.0402450562, 639.839050293, 233.177871704, 82.2762145996, 38.4036178589, 120.589622498, 164.239547729, 81.5847930908, 71.707611084, 52.5405845642, 116.524803162], [402.257415771, 614.060974121, -82.215385437, 233.177871704, 787.866271973, 161.37310791, 337.614959717, 245.176269531, 172.865737915, 127.05166626, 197.33972168, 37.82289505, 170.530929565], [682.841247559, -264.751525879, 461.788421631, 82.2762145996, 161.37310791, 536.149841309, 125.185447693, 196.032974243, 108.705848694, 106.126159668, 60.3718910217, 119.432106018, -29.180639267], [4.56342172623, 532.088623047, 94.2764663696, 38.4036178589, 337.614959717, 125.185447693, 397.399108887, 108.119644165, 139.036972046, 90.3583526611, 142.702896118, 34.2495002747, 78.4670410156], [659.325073242, -56.1569633484, 113.521247864, 120.589622498, 245.176269531, 196.032974243, 108.119644165, 365.436218262, 139.417526245, 63.5304946899, 79.7704086304, 60.20104599, 49.6963386536], [133.408233643, 210.829574585, 234.884750366, 164.239547729, 172.865737915, 108.705848694, 139.036972046, 139.417526245, 281.131744385, 71.1643981934, 105.358070374, 74.1913528442, 50.2729148865], [331.405487061, -21.2799873352, 11.1128816605, 81.5847930908, 127.05166626, 106.126159668, 90.3583526611, 63.5304946899, 71.1643981934, 177.562011719, 80.3464202881, 24.4799766541, 61.9813766479], [134.84147644, 289.225860596, 51.888961792, 71.707611084, 197.33972168, 60.3718910217, 142.702896118, 79.7704086304, 105.358070374, 80.3464202881, 187.129455566, 55.3444824219, 68.7271194458], [247.954940796, -59.9610824585, 248.549942017, 52.5405845642, 37.82289505, 119.432106018, 34.2495002747, 60.20104599, 74.1913528442, 24.4799766541, 55.3444824219, 175.335891724, 3.79441547394], [110.743965149, 180.512313843, -136.271881104, 116.524803162, 170.530929565, -29.180639267, 78.4670410156, 49.6963386536, 50.2729148865, 61.9813766479, 68.7271194458, 3.79441547394, 193.287643433]],
        "icov": [[0.000440031435573, -0.000246239476837, 0.000431003165431, -0.00042316885083, 0.000293403019896, -0.000676850613672, 0.000380108423997, -0.000761476578191, 0.000355072086677, -0.000655590090901, 0.000259091379121, -0.000751776038669, 0.000257765641436], [-0.000246239476837, 0.00253254338168, -0.00102743855678, 0.001174701727, -0.00179581716657, 0.0022179801017, -0.00213939417154, 0.00181039224844, -0.00124537327792, 0.00233058515005, -0.00240028975531, 0.00197127624415, -0.000943005201407], [0.000431003165431, -0.00102743855678, 0.00178031076211, -0.000784693576861, 0.0011777280597, -0.00206152023748, 0.000785019481555, -0.0009782591369, -7.7142722148e-05, -0.000805198156741, 0.00096936232876, -0.00209924462251, 0.000998141942546], [-0.00042316885083, 0.001174701727, -0.000784693576861, 0.00299406750128, -0.00152644596528, 0.00127764022909, -0.000228924822295, 0.00132623268291, -0.00187909288798, 0.0010642495472, -0.000839187530801, 0.00120753527153, -0.00149911246262], [0.000293403019896, -0.00179581716657, 0.0011777280597, -0.00152644596528, 0.00430346513167, -0.00213240250014, -0.000178174333996, -0.0024169778917, 0.00110030570067, -0.00145412771963, 0.000589076720644, -0.00129713863134, -0.000169275677763], [-0.000676850613672, 0.0022179801017, -0.00206152023748, 0.00127764022909, -0.00213240250014, 0.00624049082398, -0.00253067072481, 0.000819609093014, -0.000610866758507, 0.000473179097753, -0.00135659065563, 0.00129366130568, 0.000196975044673], [0.000380108423997, -0.00213939417154, 0.000785019481555, -0.000228924822295, -0.000178174333996, -0.00253067072481, 0.0069632967934, -0.00123762397561, -0.000136236703838, -0.0025172017049, 0.000491162121762, -0.0012416614918, 0.000430557120126], [-0.000761476578191, 0.00181039224844, -0.0009782591369, 0.00132623268291, -0.0024169778917, 0.000819609093014, -0.00123762397561, 0.00662493379787, -0.00276504852809, 0.00266786804423, -0.00181939220056, 0.00201365258545, -0.00121737504378], [0.000355072086677, -0.00124537327792, -7.7142722148e-05, -0.00187909288798, 0.00110030570067, -0.000610866758507, -0.000136236703838, -0.00276504852809, 0.00751416245475, -0.00216109189205, -0.000224298884859, -0.00192079052795, 0.000597375037614], [-0.000655590090901, 0.00233058515005, -0.000805198156741, 0.0010642495472, -0.00145412771963, 0.000473179097753, -0.0025172017049, 0.00266786804423, -0.00216109189205, 0.0113132419065, -0.00464661605656, 0.00297572975978, -0.00279183429666], [0.000259091379121, -0.00240028975531, 0.00096936232876, -0.000839187530801, 0.000589076720644, -0.00135659065563, 0.000491162121762, -0.00181939220056, -0.000224298884859, -0.00464661605656, 0.0124901467934, -0.00418336363509, 1.57720132847e-05], [-0.000751776038669, 0.00197127624415, -0.00209924462251, 0.00120753527153, -0.00129713863134, 0.00129366130568, -0.0012416614918, 0.00201365258545, -0.00192079052795, 0.00297572975978, -0.00418336363509, 0.0107539528981, -0.00147045543417], [0.000257765641436, -0.000943005201407, 0.000998141942546, -0.00149911246262, -0.000169275677763, 0.000196975044673, 0.000430557120126, -0.00121737504378, 0.000597375037614, -0.00279183429666, 1.57720132847e-05, -0.00147045543417, 0.008594523184]]
    },
    "melbands": {
        "dmean": [0.00365510233678, 0.0028467902448, 0.00122538604774, 0.00108956359327, 0.000589119270444, 0.000361508486094, 0.00033730478026, 0.000173007516423, 0.000344721600413, 0.000229816796491, 0.000120376622363, 0.000121134929941, 5.6952740124e-05, 3.31245319103e-05, 3.53013529093e-05, 1.90321061382e-05, 2.317207327e-05, 2.73462719633e-05, 2.46828312811e-05, 2.30013829423e-05, 1.31267352117e-05, 1.35498148666e-05, 6.84580709276e-06, 7.5697075772e-06, 3.97152689402e-06, 2.41778957388e-06, 3.11741518999e-06, 5.21648917129e-06, 4.77221465189e-06, 1.88454669114e-06, 5.57038845272e-07, 7.11753727956e-07, 7.30184410713e-07, 1.22647588796e-06, 2.13575049202e-06, 6.33914214632e-06, 5.24491133547e-06, 2.78148650068e-06, 2.50041944128e-06, 2.57135570791e-06],
        "dmean2": [0.00467592151836, 0.00370510411449, 0.00204222695902, 0.00183680444025, 0.000974180235062, 0.000611324736383, 0.00055667210836, 0.00027180739562, 0.000531962374225, 0.000361244485248, 0.000186382632819, 0.0001776614954, 8.45343965921e-05, 5.15607935085e-05, 5.16441577929e-05, 2.8619875593e-05, 3.55965858034e-05, 3.97709627578e-05, 3.55890115316e-05, 3.52214010491e-05, 1.99133974093e-05, 2.06214899663e-05, 1.10759265226e-05, 1.20317636174e-05, 6.30407112112e-06, 3.80448227588e-06, 4.88359637529e-06, 8.13354472484e-06, 7.40073346606e-06, 2.98047098113e-06, 9.7951283351e-07, 1.29363172618e-06, 1.28680630951e-06, 2.21339132622e-06, 3.92079982703e-06, 1.18661637316e-05, 9.5143186627e-06, 4.88210707772e-06, 4.28451221524e-06, 4.44827401225e-06],
        "dvar": [2.17563501792e-05, 4.49764775112e-05, 7.58360056352e-06, 4.38284723714e-06, 1.71767476331e-06, 3.31983869728e-07, 4.91411526582e-07, 2.01199824801e-07, 9.19053718462e-07, 3.43418804505e-07, 5.95702402961e-08, 5.61117978748e-08, 1.19008660704e-08, 8.18319723095e-09, 1.14024381048e-08, 3.17763970692e-09, 4.04134237186e-09, 5.23773779904e-09, 3.4734042309e-09, 4.13699252633e-09, 1.23432508659e-09, 1.36729738642e-09, 2.54970378144e-10, 2.5450511143e-10, 5.9459090429e-11, 1.78618196622e-11, 4.12343909018e-11, 1.0958942781e-10, 7.01738528397e-11, 1.15411508475e-11, 1.25206626751e-12, 3.59351979597e-12, 2.2260804311e-12, 5.26954131372e-12, 1.64520168322e-11, 1.43260542318e-10, 9.54925027941e-11, 2.09657933375e-11, 1.71165217416e-11, 1.8778234176e-11],
        "dvar2": [3.85803577956e-05, 8.05602467153e-05, 2.05206251849e-05, 1.11436811494e-05, 4.18438594352e-06, 9.09632547064e-07, 1.27513771986e-06, 4.7050576768e-07, 2.12514351006e-06, 8.10208462099e-07, 1.28257724441e-07, 1.08169849966e-07, 2.28096261878e-08, 2.00814653795e-08, 1.91847036035e-08, 7.65192265106e-09, 8.7324751874e-09, 1.12256017815e-08, 6.32907770637e-09, 8.97381191578e-09, 2.50070719687e-09, 3.45436479421e-09, 6.83662570999e-10, 5.6853455277e-10, 1.43192596669e-10, 4.5192145165e-11, 8.36092722833e-11, 2.610124894e-10, 1.50849263636e-10, 2.78846546548e-11, 3.29666068749e-12, 1.00410669363e-11, 5.84531208159e-12, 1.39992800338e-11, 4.4713659858e-11, 3.89053927963e-10, 2.45418324551e-10, 5.30000557331e-11, 4.3470928246e-11, 4.55520551834e-11],
        "max": [0.0559448301792, 0.055768750608, 0.022435804829, 0.0168445445597, 0.019310483709, 0.00634499732405, 0.0075325826183, 0.0085325576365, 0.00840814877301, 0.00535369757563, 0.00434682611376, 0.00412193452939, 0.00185044063255, 0.00231932033785, 0.00275500747375, 0.00106441753451, 0.00160334282555, 0.00116528267972, 0.00129108130932, 0.000986489001662, 0.000629590591416, 0.000557828054298, 0.000221513604629, 0.000189211466932, 9.79493343038e-05, 5.09186829731e-05, 0.000116145813081, 0.000130213375087, 9.4741488283e-05, 5.88461043662e-05, 9.34278887144e-06, 2.88553328573e-05, 1.34366891871e-05, 2.54017013503e-05, 4.05978244089e-05, 7.38672533771e-05, 0.00011455990898, 4.83963667648e-05, 5.27760930709e-05, 5.36359511898e-05],
        "mean": [0.0117154521868, 0.00500501180068, 0.00151901424397, 0.00136532285251, 0.000937278091442, 0.00063698872691, 0.000578386476263, 0.000245496950811, 0.000403529382311, 0.000281677930616, 0.000172533356817, 0.000220139088924, 0.000106514489744, 4.37267517555e-05, 5.99173326918e-05, 3.03634897136e-05, 3.89426168113e-05, 4.04030870413e-05, 3.88015432691e-05, 3.54063449777e-05, 2.3170694476e-05, 2.39477340074e-05, 1.06721790871e-05, 1.26481309053e-05, 6.66911000735e-06, 4.02633759222e-06, 5.00799387737e-06, 9.42609585763e-06, 9.13000531e-06, 3.07102209263e-06, 5.02724958551e-07, 5.34172784228e-07, 6.40386417672e-07, 1.01826265109e-06, 1.64583889273e-06, 4.26894985139e-06, 4.06301387557e-06, 2.85770579467e-06, 2.79606797449e-06, 2.67550603894e-06],
        "median": [0.00856143701822, 0.00218247971497, 0.000652085000183, 0.000560876855161, 0.000299365550745, 0.000327065732563, 0.000208734840271, 6.80854500388e-05, 6.10503848293e-05, 6.82297395542e-05, 6.33552044746e-05, 8.32530786283e-05, 3.83254591725e-05, 1.27328803501e-05, 1.40017273225e-05, 6.77820207784e-06, 6.5593767431e-06, 7.14158386472e-06, 4.85584223497e-06, 3.36569451065e-06, 2.82135783891e-06, 3.56059877049e-06, 2.73690375252e-06, 2.47719049185e-06, 1.77096353582e-06, 1.48524441101e-06, 1.62493199696e-06, 1.72097475115e-06, 2.19914591071e-06, 7.53352594529e-07, 1.32152862875e-07, 8.0321008511e-08, 1.06682698231e-07, 1.58475941703e-07, 2.38220053461e-07, 3.41859987429e-07, 3.84842678613e-07, 4.4672233912e-07, 6.61375963773e-07, 5.56231213977e-07],
        "min": [2.03597827486e-09, 6.17349087406e-08, 2.75432583408e-08, 8.74891981084e-09, 1.69878910938e-09, 2.26375071466e-10, 1.0536724826e-09, 2.80314971235e-09, 4.09834477466e-09, 2.5772270984e-09, 2.06505323952e-09, 2.61741139873e-09, 1.06780551068e-09, 2.45009873501e-10, 6.46320566511e-11, 3.1090463537e-11, 1.80969489394e-10, 2.65654109821e-10, 1.35002745094e-10, 8.91130502723e-11, 3.28271854144e-11, 4.28702282007e-11, 5.34752554737e-11, 1.58650540621e-11, 2.13093830775e-11, 3.7100090361e-11, 7.93397465781e-12, 6.92775611183e-12, 2.8341255124e-12, 5.23824798641e-13, 4.63366595527e-13, 2.38974882634e-13, 4.4473306331e-13, 1.83160084322e-12, 8.49402687943e-13, 1.15420498679e-12, 1.53619499933e-12, 6.29894400528e-12, 6.05185649857e-12, 7.96383792245e-12],
        "stdev": [0.0118118207902, 0.00924292951822, 0.00255328929052, 0.00215489254333, 0.00190520018805, 0.00080705457367, 0.000914305332117, 0.000576820981223, 0.00103840557858, 0.000613070384134, 0.000312561634928, 0.000434332847362, 0.000214155355934, 0.000113730689918, 0.000177484354936, 8.4208077169e-05, 0.000109443637484, 0.000102751881059, 0.000108643434942, 9.44284329307e-05, 6.39340578346e-05, 5.72261269554e-05, 2.11472070077e-05, 2.46537238127e-05, 1.2506557141e-05, 6.39388463242e-06, 9.5493187473e-06, 1.67573743965e-05, 1.45149260788e-05, 5.30928218723e-06, 1.02568640159e-06, 1.52688892285e-06, 1.39341068461e-06, 2.03826607503e-06, 3.38080963047e-06, 9.69158099906e-06, 9.00081613509e-06, 5.15176907356e-06, 4.82260520585e-06, 5.13260465596e-06],
        "var": [0.000139519106597, 8.54317477206e-05, 6.51928621664e-06, 4.64356162411e-06, 3.62978789781e-06, 6.51337074942e-07, 8.35954210743e-07, 3.32722464691e-07, 1.07828611817e-06, 3.75855279344e-07, 9.76947802656e-08, 1.88645017829e-07, 4.58625173394e-08, 1.29346702238e-08, 3.15006971618e-08, 7.09099978735e-09, 1.19779102192e-08, 1.05579491816e-08, 1.18033955943e-08, 8.91672868875e-09, 4.087564065e-09, 3.27482974072e-09, 4.47204329124e-10, 6.07806083242e-10, 1.56413978991e-10, 4.08817632525e-11, 9.11894934563e-11, 2.80809570041e-10, 2.10683082091e-10, 2.81884775938e-11, 1.05203270141e-12, 2.33138985548e-12, 1.94159337046e-12, 4.1545282839e-12, 1.14298735407e-11, 9.39267344457e-11, 8.10146949526e-11, 2.65407227446e-11, 2.32575191744e-11, 2.63436304021e-11]
    },
    "melbands128": {
