{
"lowlevel": {
    "average_loudness": 0.961140990257,
    "barkbands_crest": {
        "dmean": 2.56620550156,
        "dmean2": 4.17468547821,
        "dvar": 6.86267185211,
        "dvar2": 15.7973966599,
        "max": 24.1090373993,
        "mean": 9.89367580414,
        "median": 8.96678638458,
        "min": 3.31244754791,
        "stdev": 4.13214731216,
        "var": 17.074640274
    },
    "barkbands_flatness_db": {
        "dmean": 0.0187493376434,
        "dmean2": 0.0294634252787,
        "dvar": 0.000427802966442,
        "dvar2": 0.000858030165546,
        "max": 0.278536021709,
        "mean": 0.11505882442,
        "median": 0.109716266394,
        "min": 0.0409396849573,
        "stdev": 0.0376406013966,
        "var": 0.00141681474634
    },
    "barkbands_kurtosis": {
        "dmean": 2.57741522789,
        "dmean2": 4.1692237854,
        "dvar": 26.3773212433,
        "dvar2": 62.1533813477,
        "max": 62.2192611694,
        "mean": 3.93793606758,
        "median": 2.50106430054,
        "min": -1.71711611748,
        "stdev": 6.14565467834,
        "var": 37.7690696716
    },
    "barkbands_skewness": {
        "dmean": 0.45066767931,
        "dmean2": 0.704117655754,
        "dvar": 0.321582555771,
        "dvar2": 0.682406783104,
        "max": 6.93640089035,
        "mean": 1.64002156258,
        "median": 1.52402019501,
        "min": -1.70960903168,
        "stdev": 0.910237073898,
        "var": 0.828531503677
    },
    "barkbands_spread": {
        "dmean": 4.78262472153,
        "dmean2": 7.09982872009,
        "dvar": 22.7023582458,
        "dvar2": 43.0802001953,
        "max": 86.7230148315,
        "mean": 22.3987464905,
        "median": 20.3564224243,
        "min": 2.83347010612,
        "stdev": 11.1528120041,
        "var": 124.38520813
    },
    "dissonance": {
        "dmean": 0.018759816885,
        "dmean2": 0.0316056236625,
        "dvar": 0.000315039331326,
        "dvar2": 0.000803820963483,
        "max": 0.499701142311,
        "mean": 0.460567504168,
        "median": 0.464464306831,
        "min": 0.232165038586,
        "stdev": 0.0240269601345,
        "var": 0.000577294791583
    },
    "dynamic_complexity": 1.81437408924,
    "erbbands_crest": {
        "dmean": 2.59812021255,
        "dmean2": 4.12025880814,
        "dvar": 5.57388067245,
        "dvar2": 13.0331878662,
        "max": 24.4989128113,
        "mean": 9.44101428986,
        "median": 8.62875080109,
        "min": 2.54902410507,
        "stdev": 4.12642621994,
        "var": 17.0273914337
    },
    "erbbands_flatness_db": {
        "dmean": 0.0123867280781,
        "dmean2": 0.0182222127914,
        "dvar": 0.000119683412777,
        "dvar2": 0.000240110181039,
        "max": 0.303840696812,
        "mean": 0.133368089795,
        "median": 0.130244120955,
        "min": 0.0689822137356,
        "stdev": 0.0293523836881,
        "var": 0.000861562439241
    },
    "erbbands_kurtosis": {
        "dmean": 0.647722303867,
        "dmean2": 1.01217508316,
        "dvar": 0.515953242779,
        "dvar2": 1.13795363903,
        "max": 8.57043361664,
        "mean": 0.270209610462,
        "median": -0.11897611618,
        "min": -1.50972902775,
        "stdev": 1.43191158772,
        "var": 2.05037093163
    },
    "erbbands_skewness": {
        "dmean": 0.301936268806,
        "dmean2": 0.457672148943,
        "dvar": 0.0629939138889,
        "dvar2": 0.143507689238,
        "max": 2.29084277153,
        "mean": 0.591671586037,
        "median": 0.596150696278,
        "min": -1.52843165398,
        "stdev": 0.555790603161,
        "var": 0.308903187513
    },
    "erbbands_spread": {
        "dmean": 6.7178273201,
        "dmean2": 10.0067358017,
        "dvar": 39.5237388611,
        "dvar2": 82.7592163086,
        "max": 91.1208190918,
        "mean": 41.8315010071,
        "median": 41.5054473877,
        "min": 8.01961517334,
        "stdev": 13.8792457581,
        "var": 192.633453369
    },
    "hfc": {
        "dmean": 5.06303358078,
        "dmean2": 7.30567216873,
        "dvar": 52.1482315063,
        "dvar2": 122.229194641,
        "max": 94.132774353,
        "mean": 23.9623908997,
        "median": 21.2107162476,
        "min": 1.12092674175e-16,
        "stdev": 13.9262199402,
        "var": 193.939590454
    },
    "loudness_ebu128": {
        "integrated": -9.16356086731,
        "loudness_range": 2.75300979614,
        "momentary": {
            "dmean": 0.586686491966,
            "dmean2": 0.706689655781,
            "dvar": 0.423817336559,
            "dvar2": 0.469771057367,
            "max": -5.79161977768,
            "mean": -9.63722038269,
            "median": -9.31159687042,
            "min": -23.6537590027,
            "stdev": 2.30416274071,
            "var": 5.30916547775
        },
        "short_term": {
            "dmean": 0.0882582217455,
            "dmean2": 0.0941141545773,
            "dvar": 0.00576489279047,
            "dvar2": 0.0076139299199,
            "max": -7.1591553688,
            "mean": -9.39568519592,
            "median": -9.49704837799,
            "min": -11.6520271301,
            "stdev": 0.91161429882,
            "var": 0.831040680408
        }
    },
    "melbands_crest": {
        "dmean": 3.30161499977,
        "dmean2": 5.08795976639,
        "dvar": 8.62739562988,
        "dvar2": 19.7636547089,
        "max": 32.3707962036,
        "mean": 13.5828819275,
        "median": 12.156039238,
        "min": 2.12074017525,
        "stdev": 5.50383424759,
        "var": 30.2921924591
    },
    "melbands_flatness_db": {
        "dmean": 0.0218445081264,
        "dmean2": 0.0335434265435,
        "dvar": 0.000642614555545,
        "dvar2": 0.0012339069508,
        "max": 0.383167147636,
        "mean": 0.182823777199,
        "median": 0.178949803114,
        "min": 0.00691847596318,
        "stdev": 0.0476268753409,
        "var": 0.00226831925102
    },
    "melbands_kurtosis": {
        "dmean": 5.67860984802,
        "dmean2": 9.05895996094,
        "dvar": 114.914329529,
        "dvar2": 269.829345703,
        "max": 135.661697388,
        "mean": 11.3260307312,
        "median": 8.04255771637,
        "min": -1.11700117588,
        "stdev": 13.064704895,
        "var": 170.686508179
    },
    "melbands_skewness": {
        "dmean": 0.596708536148,
        "dmean2": 0.915339648724,
        "dvar": 0.522079706192,
        "dvar2": 1.08712852001,
        "max": 9.694024086,
        "mean": 2.5014796257,
        "median": 2.32177901268,
        "min": 0.0509242340922,
        "stdev": 1.19011902809,
        "var": 1.41638326645
    },
    "melbands_spread": {
        "dmean": 5.1584815979,
        "dmean2": 7.81126785278,
        "dvar": 34.6669883728,
        "dvar2": 61.1900520325,
        "max": 124.206512451,
        "mean": 21.2597332001,
        "median": 19.0250148773,
        "min": 1.91229188442,
        "stdev": 11.6408967972,
        "var": 135.510482788
    },
    "pitch_salience": {
        "dmean": 0.0685733556747,
        "dmean2": 0.110272936523,
        "dvar": 0.00462006451562,
        "dvar2": 0.0108928633854,
        "max": 0.831794559956,
        "mean": 0.535161972046,
        "median": 0.543250620365,
        "min": 0.130493178964,
        "stdev": 0.108216330409,
        "var": 0.0117107741535
    },
    "silence_rate_20dB": {
        "dmean": 0,
        "dmean2": 0,
        "dvar": 0,
        "dvar2": 0,
        "max": 1,
        "mean": 1,
        "median": 1,
        "min": 1,
        "stdev": 0,
        "var": 0
    },
    "silence_rate_30dB": {
        "dmean": 0.0448916405439,
        "dmean2": 0.0898528248072,
        "dvar": 0.0428761094809,
        "dvar2": 0.0848767235875,
        "max": 1,
        "mean": 0.932714641094,
        "median": 1,
        "min": 0,
        "stdev": 0.250515371561,
        "var": 0.0627579465508
    },
    "silence_rate_60dB": {
        "dmean": 0.00232198135927,
        "dmean2": 0.00387296662666,
        "dvar": 0.00231660320424,
        "dvar2": 0.0038579062093,
        "max": 1,
        "mean": 0.0193348806351,
        "median": 0,
        "min": 0,
        "stdev": 0.137699127197,
        "var": 0.0189610477537
    },
    "spectral_centroid": {
        "dmean": 225.910842896,
        "dmean2": 345.202148438,
        "dvar": 118397.71875,
        "dvar2": 176097.0625,
        "max": 10836.5175781,
        "mean": 1259.40527344,
        "median": 1164.0411377,
        "min": 373.528564453,
        "stdev": 552.879272461,
        "var": 305675.46875
    },
    "spectral_complexity": {
        "dmean": 3.25232195854,
        "dmean2": 5.22850513458,
        "dvar": 13.7056598663,
        "dvar2": 29.7596130371,
        "max": 56,
        "mean": 20.630317688,
        "median": 20,
        "min": 0,
        "stdev": 7.56447887421,
        "var": 57.2213401794
    },
    "spectral_decrease": {
        "dmean": 3.50803541771e-09,
        "dmean2": 5.37437827575e-09,
        "dvar": 4.75880579822e-17,
        "dvar2": 9.3767215623e-17,
        "max": -1.29657672383e-28,
        "mean": -9.93007898131e-09,
        "median": -7.25755100461e-09,
        "min": -7.00881699345e-08,
        "stdev": 9.77286163106e-09,
        "var": 9.55088212417e-17
    },
    "spectral_energy": {
        "dmean": 0.0135426856577,
        "dmean2": 0.0207058154047,
        "dvar": 0.000686673040036,
        "dvar2": 0.00135101797059,
        "max": 0.267398446798,
        "mean": 0.0396518819034,
        "median": 0.0294618345797,
        "min": 1.06564910911e-20,
        "stdev": 0.0373991578817,
        "var": 0.0013986970298
    },
    "spectral_energyband_high": {
        "dmean": 0.00033692116267,
        "dmean2": 0.000492068124004,
        "dvar": 3.8635428723e-07,
        "dvar2": 8.68662539233e-07,
        "max": 0.0107861561701,
        "mean": 0.00105293770321,
        "median": 0.00070501799928,
        "min": 7.42310427677e-21,
        "stdev": 0.00118782371283,
        "var": 1.41092527883e-06
    },
    "spectral_energyband_low": {
        "dmean": 0.00948891974986,
        "dmean2": 0.0148990517482,
        "dvar": 0.000715311616659,
        "dvar2": 0.00144545070361,
        "max": 0.249110177159,
        "mean": 0.0163789466023,
        "median": 0.00746116321534,
        "min": 5.63747960101e-23,
        "stdev": 0.034319140017,
        "var": 0.001177803264
    },
    "spectral_energyband_middle_high": {
        "dmean": 0.00180783285759,
        "dmean2": 0.00274519994855,
        "dvar": 4.24369864049e-06,
        "dvar2": 9.71594272414e-06,
        "max": 0.0274998359382,
        "mean": 0.00615920079872,
        "median": 0.0051389192231,
        "min": 1.87216660456e-21,
        "stdev": 0.00423973985016,
        "var": 1.7975393348e-05
    },
    "spectral_energyband_middle_low": {
        "dmean": 0.00590090360492,
        "dmean2": 0.00930998008698,
        "dvar": 9.56857329584e-05,
        "dvar2": 0.000244435534114,
        "max": 0.170945435762,
        "mean": 0.016595331952,
        "median": 0.014274103567,
        "min": 3.95020621542e-22,
        "stdev": 0.0121360970661,
        "var": 0.000147284852574
    },
    "spectral_entropy": {
        "dmean": 0.123833917081,
        "dmean2": 0.187578186393,
        "dvar": 0.0157378911972,
        "dvar2": 0.0289937034249,
        "max": 9.80255222321,
        "mean": 7.68528842926,
        "median": 7.67795991898,
        "min": 6.67998838425,
        "stdev": 0.266398131847,
        "var": 0.0709679573774
    },
    "spectral_flux": {
        "dmean": 0.0285705197603,
        "dmean2": 0.0461742244661,
        "dvar": 0.00182487943675,
        "dvar2": 0.00417160941288,
        "max": 0.40501511097,
        "mean": 0.0933576971292,
        "median": 0.0767759010196,
        "min": 1.03230278492e-10,
        "stdev": 0.0599134936929,
        "var": 0.00358962686732
    },
    "spectral_kurtosis": {
        "dmean": 0.799827456474,
        "dmean2": 1.30085587502,
        "dvar": 0.765780866146,
        "dvar2": 2.01725673676,
        "max": 15.5174369812,
        "mean": 3.34709310532,
        "median": 3.15539360046,
        "min": -1.19252181053,
        "stdev": 1.56758773327,
        "var": 2.45733141899
    },
    "spectral_rms": {
        "dmean": 0.000896542274859,
        "dmean2": 0.00132494722493,
        "dvar": 1.61020955147e-06,
        "dvar2": 2.84939164885e-06,
        "max": 0.0161516722292,
        "mean": 0.00578486733139,
        "median": 0.00536127341911,
        "min": 3.224372375e-12,
        "stdev": 0.00228472729214,
        "var": 5.21997844771e-06
    },
    "spectral_rolloff": {
        "dmean": 379.163391113,
        "dmean2": 592.85546875,
        "dvar": 515781,
        "dvar2": 767744.8125,
        "max": 18626.2207031,
        "mean": 1260.39941406,
        "median": 990.52734375,
        "min": 64.599609375,
        "stdev": 1140.05114746,
        "var": 1299716.5
    },
    "spectral_skewness": {
        "dmean": 0.149567857385,
        "dmean2": 0.229283854365,
        "dvar": 0.0250961408019,
        "dvar2": 0.0600504726171,
        "max": 3.00264930725,
        "mean": 1.50737035275,
        "median": 1.49740004539,
        "min": 0.0370235778391,
        "stdev": 0.301848262548,
        "var": 0.0911123752594
    },
    "spectral_spread": {
        "dmean": 414756.28125,
        "dmean2": 607781.625,
        "dvar": 1.16094297702e+12,
        "dvar2": 1.26511153152e+12,
        "max": 40563540,
        "mean": 5489422.5,
        "median": 5388824.5,
        "min": 2087628.875,
        "stdev": 1420544.625,
        "var": 2.01794702541e+12
    },
    "spectral_strongpeak": {
        "dmean": 0.622169852257,
        "dmean2": 1.05940723419,
        "dvar": 1.05318701267,
        "dvar2": 2.93812346458,
        "max": 17.7426280975,
        "mean": 1.12427830696,
        "median": 0.824739336967,
        "min": 0,
        "stdev": 1.18818497658,
        "var": 1.41178357601
    },
    "zerocrossingrate": {
        "dmean": 0.00919873546809,
        "dmean2": 0.0103526217863,
        "dvar": 0.000226483331062,
        "dvar2": 0.000251966674114,
        "max": 0.482421875,
        "mean": 0.0605098679662,
        "median": 0.05712890625,
        "min": 0.005859375,
        "stdev": 0.02854700014,
        "var": 0.000814931234345
    },
    "barkbands": {
        "dmean": [0.000689416949172, 0.00841049477458, 0.00147215509787, 0.000783878494985, 0.00306479516439, 0.00103544502053, 0.00284800562076, 0.000497196393553, 0.000458796246676, 0.000675854564179, 0.000614709919319, 0.000559632491786, 0.000270310643828, 0.00035930541344, 0.000180513685336, 0.00012826283637, 0.000183248674148, 0.000112769856059, 0.000256289058598, 0.000163988137501, 9.95193404378e-05, 8.63912719069e-05, 6.12570584053e-05, 5.5620828789e-05, 4.03055564675e-05, 1.75507011591e-05, 1.03743559521e-06],
        "dmean2": [0.0010541829979, 0.0132860643789, 0.00240428117104, 0.00122026831377, 0.00507062487304, 0.00163445645012, 0.00433130050078, 0.000797507003881, 0.000699754338712, 0.00102319684811, 0.000949344539549, 0.000856127298903, 0.000447913567768, 0.00057079346152, 0.000282404856989, 0.000212787213968, 0.000302494067, 0.00019150134176, 0.000420989963459, 0.000271506462013, 0.000162052412634, 0.000136264687171, 9.50828980422e-05, 8.08180047898e-05, 5.80603445997e-05, 2.57997508015e-05, 1.73161129169e-06],
        "dvar": [1.42188696373e-06, 0.000634139869362, 1.74881224666e-05, 2.72913439403e-06, 4.86324934172e-05, 2.41067846218e-06, 1.37726146932e-05, 1.08930032638e-06, 6.43653322641e-07, 1.38680422879e-06, 1.07757659862e-06, 1.2236459952e-06, 2.13683833294e-07, 3.68139012608e-07, 1.47958473917e-07, 4.38359144539e-08, 1.1328677374e-07, 4.93873422158e-08, 1.87547271935e-07, 7.15961974151e-08, 3.54030511573e-08, 3.16293125024e-08, 1.27464003796e-08, 1.04044142191e-08, 4.93397456225e-09, 6.34902685981e-10, 3.31526624729e-12],
        "dvar2": [2.97333122035e-06, 0.00129038759042, 4.35964211647e-05, 6.04814340477e-06, 0.000133874709718, 5.7781767282e-06, 3.29945287376e-05, 2.63235142484e-06, 1.43874399328e-06, 2.91195783575e-06, 2.32946558754e-06, 2.89003219223e-06, 5.78993592626e-07, 8.77622483131e-07, 2.95953356044e-07, 1.06768517583e-07, 3.03752017317e-07, 1.34463874701e-07, 5.21680078691e-07, 2.01307358338e-07, 8.99747121252e-08, 7.54551123805e-08, 2.90068875586e-08, 1.77082117858e-08, 7.90832199726e-09, 1.20547793969e-09, 7.97465305596e-12],
        "max": [0.0118456985801, 0.230789631605, 0.0367725640535, 0.035271383822, 0.118146128953, 0.0204625427723, 0.043785084039, 0.0156844295561, 0.0128100812435, 0.0140447830781, 0.0220071077347, 0.0214516911656, 0.00576890259981, 0.0115735540166, 0.0114087918773, 0.00300056301057, 0.00425078626722, 0.00237644673325, 0.00699060223997, 0.0029951822944, 0.00300363590941, 0.00250450544991, 0.0025214261841, 0.00244186073542, 0.00177788466681, 0.000435794499936, 2.43959384534e-05],
        "mean": [0.00108605297282, 0.0130786160007, 0.00174418883398, 0.00123447366059, 0.00499121518806, 0.00224651582539, 0.0063020507805, 0.000848482595757, 0.000883913948201, 0.00115059688687, 0.00120823888574, 0.00100397143979, 0.000470985163702, 0.000614552816842, 0.000310800212901, 0.000240607841988, 0.000325697474182, 0.000206187542062, 0.000503634568304, 0.000329746195348, 0.000202855517273, 0.000181909708772, 0.000150487510837, 0.00015992410772, 0.000121227800264, 5.35369217687e-05, 1.41382429319e-06],
        "median": [0.000543613103218, 0.00455392058939, 0.000820698682219, 0.000684949860442, 0.00322517007589, 0.0012652190635, 0.0037221442908, 0.000375308853108, 0.000514952058438, 0.000481078692246, 0.000530588265974, 0.00036445146543, 0.000256548839388, 0.000289680348942, 0.000152270469698, 0.000161258474691, 0.000143576835399, 0.00011214522965, 0.000233175349422, 0.00020622642478, 0.000117167990538, 9.6602467238e-05, 8.54053796502e-05, 9.52207556111e-05, 7.3842551501e-05, 3.47093191522e-05, 3.51197144255e-07],
        "min": [4.76248833781e-23, 2.62469611059e-23, 1.36355901199e-23, 3.78456453153e-24, 4.71277211475e-23, 8.85278892936e-23, 6.40980598166e-23, 2.65543013145e-23, 1.54723164226e-22, 5.9456585266e-23, 1.11610615713e-22, 2.95699430058e-23, 5.56262679853e-23, 8.12722306773e-23, 2.83513201457e-22, 1.46691626199e-22, 3.25991404828e-22, 3.46115789257e-22, 1.86918521521e-22, 3.57832001908e-22, 4.37197063529e-22, 3.49856656022e-22, 8.08041610058e-22, 7.53437087339e-22, 1.28869902772e-21, 1.8516621785e-21, 1.96900207009e-21],
        "stdev": [0.00154372362886, 0.0314598307014, 0.00374301359989, 0.00202193041332, 0.00670697633177, 0.00282914284617, 0.00690628495067, 0.00159369036555, 0.00123927660752, 0.00179348967504, 0.00211485987529, 0.00207043066621, 0.000653353170492, 0.00096651178319, 0.000589799776208, 0.000267148774583, 0.000469521328341, 0.000266988150543, 0.00067557755392, 0.000358063378371, 0.000281305343378, 0.000275110622169, 0.000207240285818, 0.00022980729409, 0.000160576310009, 5.43856403965e-05, 2.63307174464e-06],
        "var": [2.38308280132e-06, 0.000989720923826, 1.40101501529e-05, 4.08820233133e-06, 4.49835315521e-05, 8.00404905021e-06, 4.76967725263e-05, 2.53984899246e-06, 1.53580640472e-06, 3.21660513691e-06, 4.4726325541e-06, 4.28668317909e-06, 4.26870371939e-07, 9.34145077736e-07, 3.47863789329e-07, 7.13684613629e-08, 2.20450289135e-07, 7.1282670433e-08, 4.56405018667e-07, 1.28209379113e-07, 7.91327039451e-08, 7.56858611339e-08, 4.29485389475e-08, 5.28113943687e-08, 2.57847521112e-08, 2.95779778448e-09, 6.93306696775e-12]
    },
    "erbbands": {
        "dmean": [0.320378243923, 1.95215904713, 2.46768260002, 1.70176768303, 8.21820259094, 11.512919426, 4.96993207932, 10.8582763672, 34.145324707, 33.1116790771, 9.69702529907, 8.78229045868, 16.9277801514, 19.9909152985, 20.2140846252, 20.2480735779, 11.629734993, 12.7738380432, 12.7565231323, 9.59466362, 6.30100154877, 11.5576887131, 6.00950908661, 10.9618778229, 9.27414989471, 7.77864360809, 4.58796596527, 3.78955936432, 3.22620463371, 2.56377530098, 1.61802768707, 1.43457233906, 0.786980807781, 0.53020131588, 0.279441535473, 0.110367543995, 0.0301918014884, 0.00402725720778, 0.000100263940112, 1.60027520906e-05],
        "dmean2": [0.449925452471, 3.25495171547, 4.17400312424, 2.62181019783, 13.9407968521, 18.8204269409, 7.87091588974, 16.6824417114, 51.5571136475, 52.3790054321, 15.1231060028, 13.5929555893, 25.8322219849, 30.4300022125, 31.3465843201, 31.2033061981, 18.6864128113, 20.3446025848, 20.2748146057, 14.9179611206, 10.2738857269, 19.3207759857, 10.1037092209, 17.8693313599, 15.3234882355, 12.9790439606, 7.5918211937, 6.11162662506, 5.14372491837, 4.00774049759, 2.47148132324, 2.11725115776, 1.15022301674, 0.759943902493, 0.416745394468, 0.163149595261, 0.0448705479503, 0.00630372390151, 0.00015621825878, 2.3942140615e-05],
        "dvar": [0.723277390003, 40.0315589905, 66.9272155762, 9.6598443985, 653.159057617, 335.124481201, 42.5402374268, 323.984466553, 2276.09106445, 3820.80566406, 391.459014893, 280.606872559, 720.560974121, 626.513366699, 1737.94799805, 1729.74145508, 343.126831055, 747.729187012, 445.768188477, 407.980163574, 109.201530457, 513.657775879, 154.658370972, 392.945587158, 203.170974731, 186.785354614, 84.9037704468, 43.7052688599, 39.1429519653, 37.2591667175, 6.54568624496, 7.39712238312, 2.25909638405, 1.00924348831, 0.193014353514, 0.0226758364588, 0.00227203778923, 4.21699514845e-05, 2.59478696307e-08, 7.80933040456e-10],
        "dvar2": [1.16776549816, 97.5152664185, 174.996765137, 22.4929027557, 1742.65917969, 903.943481445, 100.250679016, 788.636108398, 4881.82128906, 9444.35839844, 1005.14807129, 625.166748047, 1521.26416016, 1406.59008789, 3492.40551758, 4196.87109375, 913.861999512, 1969.81274414, 1133.79821777, 911.860290527, 250.636505127, 1384.3269043, 417.042602539, 1093.46362305, 541.236755371, 521.293884277, 228.386611938, 110.721656799, 97.6610183716, 83.2699203491, 14.4433202744, 15.2326412201, 3.51928949356, 1.56988477707, 0.398940354586, 0.0456852652133, 0.00472433259711, 9.50481844484e-05, 5.94142193222e-08, 1.53263590708e-09],
        "max": [7.74641180038, 56.7656974792, 59.4136123657, 52.1284141541, 493.352905273, 217.382080078, 88.5791320801, 254.209625244, 739.975402832, 768.114501953, 287.921325684, 352.467712402, 306.084533691, 298.903808594, 827.261291504, 646.08404541, 227.601913452, 640.474060059, 338.640075684, 497.284210205, 184.997589111, 295.170074463, 148.890792847, 330.874572754, 192.056533813, 163.970596313, 134.042724609, 98.4100952148, 89.534034729, 129.887939453, 49.6838645935, 71.0389633179, 34.3824005127, 26.4252738953, 8.81029319763, 2.16846847534, 0.885522902012, 0.106494508684, 0.0024001810234, 0.000304123474052],
        "mean": [0.490693479776, 2.41979718208, 2.78358340263, 2.99301528931, 10.9681129456, 19.118019104, 11.212978363, 25.3984985352, 83.3330917358, 58.5147895813, 19.9155387878, 17.2045230865, 31.0746135712, 39.0465202332, 44.7225494385, 37.5123748779, 23.527338028, 24.5032310486, 23.5358352661, 18.2609272003, 13.326174736, 20.6072502136, 12.1246347427, 21.6022415161, 20.3274879456, 15.5487661362, 9.49033546448, 7.9249587059, 6.59914016724, 5.44332742691, 4.08225631714, 3.86481666565, 2.24189996719, 1.45353603363, 0.788710713387, 0.316923439503, 0.0848235264421, 0.00945384893566, 0.000244095630478, 5.58423707844e-05],
        "median": [0.171016767621, 0.758043110371, 1.33256661892, 1.83500480652, 6.41693496704, 11.0236883163, 7.82687044144, 13.7706222534, 44.5066146851, 25.3534584045, 11.8637514114, 10.2755041122, 16.3647098541, 25.9418888092, 17.3793716431, 16.2629184723, 14.0910587311, 12.0505523682, 11.8968305588, 10.7452583313, 9.46387386322, 8.95406341553, 6.66037988663, 9.57372188568, 13.2283639908, 9.54829978943, 5.73157453537, 4.45361423492, 3.47728276253, 2.88372468948, 2.42119383812, 2.33470582962, 1.36227726936, 0.831917285919, 0.522960782051, 0.211729422212, 0.0517600364983, 0.00470589147881, 0.000141665892443, 4.44834040536e-05],
        "min": [9.91366169648e-22, 5.75420721032e-21, 1.30514600766e-20, 1.71084829054e-20, 3.24651523697e-20, 2.6605442392e-19, 2.26516017821e-19, 1.05074943755e-18, 6.21680100471e-19, 1.11575921625e-18, 1.07022457789e-18, 3.62035654214e-18, 2.28151819181e-18, 2.0969719224e-18, 4.4493370997e-18, 1.49518106957e-18, 2.14067621686e-18, 4.39083351011e-18, 1.10476935667e-17, 1.03210435227e-17, 1.04417448905e-17, 1.47041246961e-17, 2.10406044666e-17, 1.13242010203e-17, 1.3819583244e-17, 1.80951880133e-17, 1.77167247589e-17, 1.31721125826e-17, 1.26658069102e-17, 1.36494462541e-17, 2.72365214356e-17, 1.44146065187e-17, 1.51716107824e-17, 1.45616610336e-17, 9.22281733014e-18, 6.16686928101e-18, 3.66895588467e-18, 1.06955394121e-18, 2.54682577504e-19, 3.37428459169e-20],
        "stdev": [1.1431003809, 6.62549495697, 7.08091545105, 3.70384144783, 23.255657196, 23.0007801056, 11.1446123123, 32.40026474, 103.596633911, 89.8350448608, 29.4503669739, 25.5288047791, 41.1294403076, 41.298614502, 86.535369873, 67.6019821167, 29.3966007233, 44.0304985046, 32.0366287231, 28.9088535309, 14.4173297882, 31.0255222321, 15.4227113724, 30.5862560272, 21.339515686, 17.108581543, 12.7361783981, 10.0674610138, 9.5020275116, 9.70314598083, 5.05645751953, 5.40169382095, 3.3955039978, 2.26211690903, 0.884976148605, 0.315641492605, 0.0929696038365, 0.0125981299207, 0.000288126204396, 4.31733569712e-05],
        "var": [1.30667853355, 43.8971824646, 50.1393661499, 13.7184419632, 540.825561523, 529.035888672, 124.202384949, 1049.77709961, 10732.2626953, 8070.33544922, 867.324157715, 651.719848633, 1691.6307373, 1705.57556152, 7488.36962891, 4570.02832031, 864.160095215, 1938.68481445, 1026.34558105, 835.721862793, 207.859405518, 962.583068848, 237.860015869, 935.519042969, 455.374938965, 292.703582764, 162.210235596, 101.353767395, 90.2885284424, 94.1510391235, 25.5677604675, 29.1782970428, 11.5294466019, 5.11717319489, 0.783182799816, 0.0996295437217, 0.00864334776998, 0.000158712879056, 8.30167152799e-08, 1.8639387811e-09]
    },
    "gfcc": {
        "mean": [39.8054046631, 82.8720550537, -106.90562439, 29.576625824, -67.5538253784, 16.7965545654, -41.0019111633, 13.6688203812, -28.5002231598, 11.4496955872, -10.3098526001, 7.34907007217, -9.6449213028],
        "cov": [[3350.09106445, -241.363433838, 150.269363403, 301.456420898, -46.339050293, 115.790283203, 65.3087234497, 165.284835815, -34.1581230164, 130.545684814, -15.3051681519, 41.7764091492, -126.85533905], [-241.363433838, 521.293762207, 10.6617774963, 21.6602783203, 105.129859924, 66.7903900146, 147.371078491, 4.58001756668, 70.6469039917, -49.7778053284, 52.2865943909, 9.94105815887, 60.9163246155], [150.269363403, 10.6617774963, 437.6668396, 95.1133956909, 86.6079330444, 159.272659302, 94.112739563, 59.6051712036, -0.767663180828, 53.9923324585, 28.5765838623, 49.8636207581, -17.7061023712], [301.456420898, 21.6602783203, 95.1133956909, 288.759124756, 73.9960708618, 67.5625228882, 42.7932510376, 42.5328330994, 53.2864379883, -0.437745690346, 2.61750888824, -12.3850040436, 25.6877803802], [-46.339050293, 105.129859924, 86.6079330444, 73.9960708618, 144.601593018, 67.6472854614, 59.8865203857, 35.2616539001, 42.9743156433, 22.4434318542, 25.1886196136, 5.60080909729, 8.42155170441], [115.790283203, 66.7903900146, 159.272659302, 67.5625228882, 67.6472854614, 174.768157959, 95.5795593262, 47.4544792175, 28.6284103394, 24.1677684784, 28.7341842651, 25.7477817535, 7.9376783371], [65.3087234497, 147.371078491, 94.112739563, 42.7932510376, 59.8865203857, 95.5795593262, 200.468765259, 62.1363182068, 41.366985321, 12.6663722992, 41.3066062927, 39.9479064941, 2.35829591751], [165.284835815, 4.58001756668, 59.6051712036, 42.5328330994, 35.2616539001, 47.4544792175, 62.1363182068, 95.7702713013, 34.0083427429, 27.1804943085, 22.8662166595, 20.6728839874, 0.8341127038], [-34.1581230164, 70.6469039917, -0.767663180828, 53.2864379883, 42.9743156433, 28.6284103394, 41.366985321, 34.0083427429, 93.2020263672, 19.8540496826, 20.4590740204, 11.7212972641, 20.6277828217], [130.545684814, -49.7778053284, 53.9923324585, -0.437745690346, 22.4434318542, 24.1677684784, 12.6663722992, 27.1804943085, 19.8540496826, 90.3864746094, 34.9926719666, 3.590457201, -22.1996231079], [-15.3051681519, 52.2865943909, 28.5765838623, 2.61750888824, 25.1886196136, 28.7341842651, 41.3066062927, 22.8662166595, 20.4590740204, 34.9926719666, 72.4835128784, 17.2316894531, -1.77980554104], [41.7764091492, 9.94105815887, 49.8636207581, -12.3850040436, 5.60080909729, 25.7477817535, 39.9479064941, 20.6728839874, 11.7212972641, 3.590457201, 17.2316894531, 72.4210739136, 13.4527587891], [-126.85533905, 60.9163246155, -17.7061023712, 25.6877803802, 8.42155170441, 7.9376783371, 2.35829591751, 0.8341127038, 20.6277828217, -22.1996231079, -1.77980554104, 13.4527587891, 71.0849151611]],
        "icov": [[0.000527807860635, -0.000332225754391, 0.00036176899448, -0.000973485119175, 0.000714984547812, -0.000375763775082, 0.000244646187639, -0.00092066678917, 0.000947359076235, -0.00122023513541, 0.000881302345078, -0.000990354106762, 0.00118194811512], [-0.000332225754391, 0.00463186809793, -0.000521708570886, 0.00187162135262, -0.0027966783382, 0.000421070930315, -0.00311697414145, 0.00267489929684, -0.0029587757308, 0.00474311690778, -0.00379140349105, 0.00302365096286, -0.00333942309953], [0.00036176899448, -0.000521708570886, 0.00472948467359, -0.00187124859076, -0.000530262244865, -0.00329303042963, 0.000336691678967, -0.00108921539504, 0.00339492759667, -0.0031015209388, 0.00174131349195, -0.00358539936133, 0.00214745011181], [-0.000973485119175, 0.00187162135262, -0.00187124859076, 0.00717489933595, -0.0030713994056, 0.00027675772435, -0.00111438019667, 0.00105424772482, -0.00470638461411, 0.00471755489707, -0.00207676971331, 0.00507817137986, -0.00421647075564], [0.000714984547812, -0.0027966783382, -0.000530262244865, -0.0030713994056, 0.0126721449196, -0.0020282228943, 0.00083835888654, -0.00251842942089, -0.000440333620645, -0.00412244861946, 0.00155216793064, -0.000729667546693, 0.00239460426383], [-0.000375763775082, 0.000421070930315, -0.00329303042963, 0.00027675772435, -0.0020282228943, 0.0115674398839, -0.0033523531165, 4.92479230161e-05, -0.00122200476471, 0.000763211224694, -0.00148848840035, 0.00134862167761, -0.00259194918908], [0.000244646187639, -0.00311697414145, 0.000336691678967, -0.00111438019667, 0.00083835888654, -0.0033523531165, 0.0109227439389, -0.00475725112483, 0.000424272060627, -0.000521578767803, -0.000190820326679, -0.00443688267842, 0.00411160942167], [-0.00092066678917, 0.00267489929684, -0.00108921539504, 0.00105424772482, -0.00251842942089, 4.92479230161e-05, -0.00475725112483, 0.0183804444969, -0.00542974798009, 0.000914046366233, -0.00311196874827, 0.000725488294847, -0.00270663807169], [0.000947359076235, -0.0029587757308, 0.00339492759667, -0.00470638461411, -0.000440333620645, -0.00122200476471, 0.000424272060627, -0.00542974798009, 0.0203558169305, -0.00853990763426, 0.00281101185828, -0.00493446644396, -0.000558957050089], [-0.00122023513541, 0.00474311690778, -0.0031015209388, 0.00471755489707, -0.00412244861946, 0.000763211224694, -0.000521578767803, 0.000914046366233, -0.00853990763426, 0.0244089569896, -0.0123053640127, 0.006108507514, 0.000327109417412], [0.000881302345078, -0.00379140349105, 0.00174131349195, -0.00207676971331, 0.00155216793064, -0.00148848840035, -0.000190820326679, -0.00311196874827, 0.00281101185828, -0.0123053640127, 0.0239629540592, -0.00627279561013, 0.00315962103195], [-0.000990354106762, 0.00302365096286, -0.00358539936133, 0.00507817137986, -0.000729667546693, 0.00134862167761, -0.00443688267842, 0.000725488294847, -0.00493446644396, 0.006108507514, -0.00627279561013, 0.0226133801043, -0.00810912530869], [0.00118194811512, -0.00333942309953, 0.00214745011181, -0.00421647075564, 0.00239460426383, -0.00259194918908, 0.00411160942167, -0.00270663807169, -0.000558957050089, 0.000327109417412, 0.00315962103195, -0.00810912530869, 0.0228764563799]]
    },
    "melbands": {
        "dmean": [0.00236324546859, 0.00169610814191, 0.000451986357803, 0.000752435997128, 0.000217160297325, 0.000254014477832, 0.000524788862094, 0.000302964443108, 7.59139511501e-05, 5.74347432121e-05, 9.36745345825e-05, 8.88077920536e-05, 7.45768556953e-05, 5.6108161516e-05, 5.15388674103e-05, 2.69500906143e-05, 2.43335671257e-05, 2.58285963355e-05, 1.6664776922e-05, 1.05609069578e-05, 7.69318830862e-06, 1.38585655804e-05, 6.54238374409e-06, 5.47797435502e-06, 9.94643596641e-06, 1.0518986528e-05, 5.55818996872e-06, 5.73907072976e-06, 3.17126614391e-06, 2.80730023405e-06, 2.07634116123e-06, 2.05514402296e-06, 1.62392075254e-06, 1.48528886257e-06, 1.06142260847e-06, 9.51078050093e-07, 9.60769398262e-07, 6.62693423692e-07, 5.15002170687e-07, 4.75098005381e-07],
        "dmean2": [0.00357585866004, 0.00282023381442, 0.000711639877409, 0.0012506400235, 0.000343215127941, 0.000387943407986, 0.000801849761046, 0.000480936956592, 0.000116298622743, 8.92337338882e-05, 0.000142561650136, 0.000134720030474, 0.000116005023301, 8.57985578477e-05, 8.20965360617e-05, 4.34786925325e-05, 3.8848938857e-05, 4.13002562709e-05, 2.53376438195e-05, 1.73707121576e-05, 1.25897759062e-05, 2.30483528867e-05, 1.08326748887e-05, 9.34045874601e-06, 1.63272507052e-05, 1.71897954715e-05, 9.30702935875e-06, 9.61057958193e-06, 5.26123949385e-06, 4.63891001345e-06, 3.3966744013e-06, 3.36711786986e-06, 2.53066809819e-06, 2.36592541114e-06, 1.6703993424e-06, 1.46376532939e-06, 1.44013597492e-06, 1.01511955108e-06, 7.52351809297e-07, 6.97883251632e-07],
        "dvar": [4.66852761747e-05, 3.06655820168e-05, 1.2737328916e-06, 2.93277889796e-06, 6.76786555687e-08, 1.39024081136e-07, 4.6589227054e-07, 3.21397351399e-07, 2.50743443786e-08, 1.1159292157e-08, 2.29042473876e-08, 1.30525315001e-08, 2.04445083085e-08, 1.86031883231e-08, 9.57243528887e-09, 2.65594901627e-09, 2.35289765449e-09, 2.16561812927e-09, 1.55369095367e-09, 3.41822153915e-10, 1.95046076512e-10, 7.41972649987e-10, 1.77722031536e-10, 8.80303191453e-11, 3.46077416724e-10, 2.71667577323e-10, 9.61751164819e-11, 9.43559258504e-11, 3.97657150264e-11, 2.78448826496e-11, 1.2270323646e-11, 1.46224404113e-11, 1.47885939605e-11, 1.29205214236e-11, 3.44147475274e-12, 2.25257638063e-12, 3.41299644796e-12, 1.5930041574e-12, 1.120209394e-12, 7.75331730242e-13],
        "dvar2": [7.95483429101e-05, 7.99717017799e-05, 3.1350257359e-06, 8.03177317721e-06, 1.62782612279e-07, 3.36822836289e-07, 1.03576235233e-06, 7.82788276865e-07, 6.35470556176e-08, 2.50554315073e-08, 4.81503086291e-08, 2.84001639983e-08, 4.29208668606e-08, 4.12846468123e-08, 2.57272905202e-08, 7.36145855385e-09, 6.05884453719e-09, 5.59811219603e-09, 2.87531531917e-09, 8.91267282199e-10, 4.58595800223e-10, 2.01291072699e-09, 4.70277206066e-10, 2.3182643305e-10, 9.68591984396e-10, 7.30938087834e-10, 2.61563853909e-10, 2.58967153277e-10, 1.10748001048e-10, 7.27039956017e-11, 3.03036727656e-11, 3.8560744875e-11, 3.48267421846e-11, 3.07451945847e-11, 8.508665994e-12, 4.7305271679e-12, 7.30022639561e-12, 2.94541843172e-12, 1.64963301266e-12, 1.41813112902e-12],
        "max": [0.0570889785886, 0.0428617112339, 0.0234948918223, 0.0292335171252, 0.00275790691376, 0.00490967556834, 0.0103830127046, 0.00688348943368, 0.00273525458761, 0.00194476882461, 0.00175645423587, 0.001157287159, 0.00343116302975, 0.00315822288394, 0.00136921205558, 0.000797777262051, 0.00109540589619, 0.000707153463736, 0.00127608864568, 0.000273386627669, 0.000241620407905, 0.000348155968823, 0.000140845731949, 0.000102216159576, 0.000312851450872, 0.000232382852118, 0.000123878198792, 0.000106623141619, 9.32777620619e-05, 7.75469452492e-05, 5.08623270434e-05, 5.40774453839e-05, 6.69904256938e-05, 7.90667472756e-05, 3.64485931641e-05, 4.02617370128e-05, 4.05465798394e-05, 2.57738247456e-05, 2.43988379225e-05, 2.27288492169e-05],
        "mean": [0.00396912265569, 0.0019921688363, 0.000727008096874, 0.00115935551003, 0.00047651323257, 0.000624211563263, 0.00123530975543, 0.000516983738635, 0.000149886589497, 0.000106752566353, 0.000165851553902, 0.000166094498127, 0.000156516995048, 0.000109962835268, 8.6033163825e-05, 4.78702604596e-05, 4.46185295004e-05, 4.35468937212e-05, 2.76474020211e-05, 1.87349214684e-05, 1.41664995681e-05, 2.36297437368e-05, 1.10636692625e-05, 1.03073880382e-05, 1.81745635928e-05, 2.08220226341e-05, 1.02885142041e-05, 1.06146171674e-05, 6.12127496424e-06, 5.10166137246e-06, 4.29210058428e-06, 3.86002329833e-06, 3.18361026075e-06, 2.95062909572e-06, 2.31861372413e-06, 2.30891146202e-06, 2.40565759668e-06, 1.669083872e-06, 1.28043768655e-06, 1.19521337183e-06],
        "median": [0.00137629336677, 0.000849636620842, 0.000452199135907, 0.000727094826289, 0.000337043748004, 0.000348979985574, 0.000747416925151, 0.000185547018191, 7.24426063243e-05, 6.19084676146e-05, 8.20275236038e-05, 0.000104542305053, 6.52604649076e-05, 3.51939561369e-05, 3.98305892304e-05, 2.38800384977e-05, 2.09904610529e-05, 1.80646511581e-05, 1.24985690491e-05, 1.11467943498e-05, 8.94837830856e-06, 9.33521278057e-06, 5.32668991582e-06, 5.767568382e-06, 7.13311737854e-06, 1.04086275314e-05, 5.74193791181e-06, 6.22201741862e-06, 3.74188971364e-06, 2.69643874162e-06, 2.40152917286e-06, 2.08223832487e-06, 1.64446885265e-06, 1.49148604578e-06, 1.23217910186e-06, 1.51043832375e-06, 1.33508183353e-06, 9.83619088402e-07, 6.95383221228e-07, 6.51520736028e-07],
        "min": [1.04314958693e-23, 6.7447433847e-24, 2.8848696552e-24, 1.02302109096e-23, 9.14696052517e-24, 2.13409956932e-23, 1.04165012012e-23, 1.10181188708e-23, 1.00469190783e-23, 2.37723975318e-23, 1.1565815531e-23, 8.49689890737e-24, 1.48297188489e-23, 5.66325807656e-24, 3.776395088e-24, 6.0500081794e-24, 8.03106549878e-24, 1.46626822854e-23, 2.1549908149e-23, 1.04324141034e-23, 1.32656096222e-23, 1.45108865145e-23, 1.71580165671e-23, 2.11222776964e-23, 7.40921354694e-24, 7.17190052082e-24, 1.48702079237e-23, 1.01070673557e-23, 1.14423477553e-23, 1.07832757682e-23, 6.31660135574e-24, 7.11262630127e-24, 6.71430834212e-24, 7.8072064954e-24, 1.84832240018e-23, 1.09077233092e-23, 7.72382941974e-24, 1.14564975533e-23, 1.11845125127e-23, 1.17405655764e-23],
        "stdev": [0.00920782517642, 0.00517855677754, 0.00117340532597, 0.0016455311561, 0.000442214659415, 0.000718643132132, 0.00139277672861, 0.000839550921228, 0.000231748359511, 0.000160471594427, 0.00023234380933, 0.000182449744898, 0.000302509812173, 0.000275451195193, 0.000145177080412, 8.09208795545e-05, 7.79423862696e-05, 6.85759732733e-05, 5.97355938226e-05, 2.46888448601e-05, 1.83330321306e-05, 3.78216100216e-05, 1.59553710546e-05, 1.23002982946e-05, 2.82253422483e-05, 2.62781668425e-05, 1.30208609335e-05, 1.23447853184e-05, 8.32971454656e-06, 7.2773023021e-06, 5.44469048691e-06, 5.44804515812e-06, 5.71496093471e-06, 5.41430290468e-06, 3.1223953556e-06, 2.77028448181e-06, 3.59927548743e-06, 2.54235487773e-06, 2.31117905969e-06, 1.85190276625e-06],
        "var": [8.47840419738e-05, 2.68174517259e-05, 1.37688004997e-06, 2.70777263722e-06, 1.95553795379e-07, 5.16447926202e-07, 1.93982691599e-06, 7.04845774635e-07, 5.37072999407e-08, 2.57511310053e-08, 5.39836442215e-08, 3.32879075415e-08, 9.15121916023e-08, 7.58733662565e-08, 2.10763833053e-08, 6.54818821388e-09, 6.07501604577e-09, 4.70266448005e-09, 3.5683411781e-09, 6.09539030361e-10, 3.36100064446e-10, 1.43047407253e-09, 2.54573861991e-10, 1.51297335771e-10, 7.9666995223e-10, 6.90542067971e-10, 1.69542824224e-10, 1.52393722641e-10, 6.93841373245e-11, 5.29591301368e-11, 2.96446547865e-11, 2.96811984712e-11, 3.26607803303e-11, 2.93146756869e-11, 9.74935236708e-12, 7.67447650568e-12, 1.2954783947e-11, 6.46356839579e-12, 5.34154881784e-12, 3.42954375836e-12]
    },
    "melbands128": {
