{
"lowlevel": {
    "average_loudness": 0.975758492947,
    "barkbands_crest": {
        "dmean": 2.6160929203,
        "dmean2": 4.2067565918,
        "dvar": 8.1251001358,
        "dvar2": 20.6871204376,
        "max": 25.8199672699,
        "mean": 13.1329631805,
        "median": 12.1412305832,
        "min": 3.71585226059,
        "stdev": 4.82710647583,
        "var": 23.3009567261
    },
    "barkbands_flatness_db": {
        "dmean": 0.030754962936,
        "dmean2": 0.0428497046232,
        "dvar": 0.000932714727242,
        "dvar2": 0.0021834038198,
        "max": 0.425504684448,
        "mean": 0.204281836748,
        "median": 0.201022133231,
        "min": 0.0378346927464,
        "stdev": 0.0710618421435,
        "var": 0.00504978513345
    },
    "barkbands_kurtosis": {
        "dmean": 8.13927841187,
        "dmean2": 13.1982307434,
        "dvar": 281.888824463,
        "dvar2": 717.944152832,
        "max": 210.990661621,
        "mean": 14.4206571579,
        "median": 7.6328125,
        "min": -1.8292580843,
        "stdev": 22.0407428741,
        "var": 485.794311523
    },
    "barkbands_skewness": {
        "dmean": 0.803897619247,
        "dmean2": 1.22897970676,
        "dvar": 1.14040315151,
        "dvar2": 2.75414991379,
        "max": 13.2830228806,
        "mean": 2.61375260353,
        "median": 2.21194243431,
        "min": -1.79281258583,
        "stdev": 1.78747558594,
        "var": 3.19506883621
    },
    "barkbands_spread": {
        "dmean": 5.05163621902,
        "dmean2": 7.43466567993,
        "dvar": 53.1896629333,
        "dvar2": 112.767463684,
        "max": 87.819229126,
        "mean": 13.4778785706,
        "median": 9.45767402649,
        "min": 0.649619400501,
        "stdev": 12.1993236542,
        "var": 148.823501587
    },
    "dissonance": {
        "dmean": 0.0289563480765,
        "dmean2": 0.0472234860063,
        "dvar": 0.00070948433131,
        "dvar2": 0.00176792324055,
        "max": 0.499904751778,
        "mean": 0.429452508688,
        "median": 0.438136577606,
        "min": 0.207562044263,
        "stdev": 0.0460314974189,
        "var": 0.00211889878847
    },
    "dynamic_complexity": 2.61425566673,
    "erbbands_crest": {
        "dmean": 2.62834382057,
        "dmean2": 4.20598459244,
        "dvar": 6.29331111908,
        "dvar2": 14.5796470642,
        "max": 29.1898765564,
        "mean": 10.2602338791,
        "median": 9.40533161163,
        "min": 2.79440903664,
        "stdev": 4.33690595627,
        "var": 18.8087539673
    },
    "erbbands_flatness_db": {
        "dmean": 0.0234565678984,
        "dmean2": 0.0314724594355,
        "dvar": 0.000619826023467,
        "dvar2": 0.00110928807408,
        "max": 0.32510086894,
        "mean": 0.165653198957,
        "median": 0.166797086596,
        "min": 0.0294324401766,
        "stdev": 0.0542016886175,
        "var": 0.00293782306835
    },
    "erbbands_kurtosis": {
        "dmean": 1.65853178501,
        "dmean2": 2.54732656479,
        "dvar": 3.8569419384,
        "dvar2": 8.71682739258,
        "max": 28.6210956573,
        "mean": 2.40858840942,
        "median": 1.37159252167,
        "min": -1.85605585575,
        "stdev": 3.9460310936,
        "var": 15.5711612701
    },
    "erbbands_skewness": {
        "dmean": 0.458025246859,
        "dmean2": 0.703586220741,
        "dvar": 0.188593253493,
        "dvar2": 0.453122168779,
        "max": 4.23783445358,
        "mean": 0.989863038063,
        "median": 0.952038884163,
        "min": -2.50275707245,
        "stdev": 0.919387578964,
        "var": 0.84527349472
    },
    "erbbands_spread": {
        "dmean": 11.0732727051,
        "dmean2": 15.9562883377,
        "dvar": 223.886993408,
        "dvar2": 437.240112305,
        "max": 156.456130981,
        "mean": 38.3917579651,
        "median": 30.5647296906,
        "min": 4.22856998444,
        "stdev": 27.9155216217,
        "var": 779.276306152
    },
    "hfc": {
        "dmean": 7.91193914413,
        "dmean2": 11.4424943924,
        "dvar": 172.982269287,
        "dvar2": 391.081512451,
        "max": 130.549331665,
        "mean": 19.2785987854,
        "median": 14.3013076782,
        "min": 1.17924244554e-16,
        "stdev": 17.4546527863,
        "var": 304.664916992
    },
    "loudness_ebu128": {
        "integrated": -11.9607391357,
        "loudness_range": 1.39380836487,
        "momentary": {
            "dmean": 0.637305498123,
            "dmean2": 0.82115727663,
            "dvar": 0.369839549065,
            "dvar2": 0.652236163616,
            "max": -9.48867511749,
            "mean": -12.2057123184,
            "median": -11.8379030228,
            "min": -17.4922790527,
            "stdev": 1.54713201523,
            "var": 2.39361739159
        },
        "short_term": {
            "dmean": 0.0812613591552,
            "dmean2": 0.0964699536562,
            "dvar": 0.00411333329976,
            "dvar2": 0.00728485686705,
            "max": -10.949634552,
            "mean": -11.9402742386,
            "median": -11.9210824966,
            "min": -13.1720781326,
            "stdev": 0.460589915514,
            "var": 0.212143078446
        }
    },
    "melbands_crest": {
        "dmean": 3.06409573555,
        "dmean2": 4.79859972,
        "dvar": 10.8837909698,
        "dvar2": 27.1586093903,
        "max": 32.9172019958,
        "mean": 16.7726631165,
        "median": 15.6021747589,
        "min": 1.99916100502,
        "stdev": 6.16194915771,
        "var": 37.969619751
    },
    "melbands_flatness_db": {
        "dmean": 0.0342546291649,
        "dmean2": 0.0481879338622,
        "dvar": 0.00131966930348,
        "dvar2": 0.00301890191622,
        "max": 0.570864915848,
        "mean": 0.294991225004,
        "median": 0.28814265132,
        "min": 0.0048351790756,
        "stdev": 0.0882771238685,
        "var": 0.00779285049066
    },
    "melbands_kurtosis": {
        "dmean": 16.4725246429,
        "dmean2": 25.9499721527,
        "dvar": 1090.68859863,
        "dvar2": 2730.74291992,
        "max": 354.641265869,
        "mean": 30.5686206818,
        "median": 14.5704059601,
        "min": -1.7123144865,
        "stdev": 44.7942695618,
        "var": 2006.5267334
    },
    "melbands_skewness": {
        "dmean": 0.999571502209,
        "dmean2": 1.49843037128,
        "dvar": 1.98397874832,
        "dvar2": 4.43415260315,
        "max": 15.5718889236,
        "mean": 3.48592829704,
        "median": 2.90209507942,
        "min": -0.403550982475,
        "stdev": 2.46221065521,
        "var": 6.06248188019
    },
    "melbands_spread": {
        "dmean": 3.69116663933,
        "dmean2": 5.71172046661,
        "dvar": 39.5037956238,
        "dvar2": 83.2302017212,
        "max": 121.054595947,
        "mean": 11.1800765991,
        "median": 7.72950077057,
        "min": 0.621381282806,
        "stdev": 10.5463209152,
        "var": 111.224876404
    },
    "pitch_salience": {
        "dmean": 0.0768008306623,
        "dmean2": 0.124982066453,
        "dvar": 0.00738470908254,
        "dvar2": 0.0200887713581,
        "max": 0.815616130829,
        "mean": 0.489502936602,
        "median": 0.495131373405,
        "min": 0.107723757625,
        "stdev": 0.132887020707,
        "var": 0.0176589600742
    },
    "silence_rate_20dB": {
        "dmean": 0,
        "dmean2": 0,
        "dvar": 0,
        "dvar2": 0,
        "max": 1,
        "mean": 1,
        "median": 1,
        "min": 1,
        "stdev": 0,
        "var": 0
    },
    "silence_rate_30dB": {
        "dmean": 0.0526315793395,
        "dmean2": 0.105344690382,
        "dvar": 0.0498610399663,
        "dvar2": 0.0957979410887,
        "max": 1,
        "mean": 0.939675152302,
        "median": 1,
        "min": 0,
        "stdev": 0.238087847829,
        "var": 0.0566858239472
    },
    "silence_rate_60dB": {
        "dmean": 0.0131578948349,
        "dmean2": 0.0255615804344,
        "dvar": 0.0129850674421,
        "dvar2": 0.0295553524047,
        "max": 1,
        "mean": 0.0193348806351,
        "median": 0,
        "min": 0,
        "stdev": 0.137699127197,
        "var": 0.0189610477537
    },
    "spectral_centroid": {
        "dmean": 187.749481201,
        "dmean2": 284.584259033,
        "dvar": 134477.03125,
        "dvar2": 208306.765625,
        "max": 11385.5009766,
        "mean": 760.706604004,
        "median": 603.190246582,
        "min": 184.502685547,
        "stdev": 552.588378906,
        "var": 305353.9375
    },
    "spectral_complexity": {
        "dmean": 3.11842107773,
        "dmean2": 4.80092954636,
        "dvar": 16.8164672852,
        "dvar2": 37.2760162354,
        "max": 50,
        "mean": 12.8677492142,
        "median": 11,
        "min": 0,
        "stdev": 6.64095401764,
        "var": 44.1022720337
    },
    "spectral_decrease": {
        "dmean": 5.45987921541e-09,
        "dmean2": 8.91794105229e-09,
        "dvar": 1.84225589682e-16,
        "dvar2": 4.68664812023e-16,
        "max": 7.64648354701e-29,
        "mean": -1.25819354935e-08,
        "median": -1.06708419878e-08,
        "min": -1.05361479541e-07,
        "stdev": 1.28365682528e-08,
        "var": 1.6477748822e-16
    },
    "spectral_energy": {
        "dmean": 0.0211298651993,
        "dmean2": 0.0343974158168,
        "dvar": 0.00270328414626,
        "dvar2": 0.00686725368723,
        "max": 0.402859061956,
        "mean": 0.0492358058691,
        "median": 0.0423603095114,
        "min": 1.04074879163e-20,
        "stdev": 0.0493433959782,
        "var": 0.00243477057666
    },
    "spectral_energyband_high": {
        "dmean": 0.000378622004064,
        "dmean2": 0.000537112704478,
        "dvar": 5.07895322244e-07,
        "dvar2": 1.02904846244e-06,
        "max": 0.00702422158793,
        "mean": 0.000553381571081,
        "median": 0.000185616139788,
        "min": 7.50257823906e-21,
        "stdev": 0.000925982487388,
        "var": 8.57443524183e-07
    },
    "spectral_energyband_low": {
        "dmean": 0.0132367489859,
        "dmean2": 0.0216563679278,
        "dvar": 0.00186246517114,
        "dvar2": 0.00473186653107,
        "max": 0.386154800653,
        "mean": 0.0253903176636,
        "median": 0.0185316577554,
        "min": 6.18945251837e-23,
        "stdev": 0.0407371856272,
        "var": 0.0016595183406
    },
    "spectral_energyband_middle_high": {
        "dmean": 0.00165396020748,
        "dmean2": 0.00244306842797,
        "dvar": 1.0371974895e-05,
        "dvar2": 2.38401244133e-05,
        "max": 0.0438519455492,
        "mean": 0.00398028315976,
        "median": 0.0012266804697,
        "min": 1.61709407279e-21,
        "stdev": 0.00625114003196,
        "var": 3.90767527279e-05
    },
    "spectral_energyband_middle_low": {
        "dmean": 0.00997983571142,
        "dmean2": 0.0164192598313,
        "dvar": 0.000950995541643,
        "dvar2": 0.00254213460721,
        "max": 0.365222275257,
        "mean": 0.0211758520454,
        "median": 0.016482828185,
        "min": 2.09527010007e-22,
        "stdev": 0.0280349683017,
        "var": 0.000785959477071
    },
    "spectral_entropy": {
        "dmean": 0.272505044937,
        "dmean2": 0.380803138018,
        "dvar": 0.0848101526499,
        "dvar2": 0.166271001101,
        "max": 9.78913116455,
        "mean": 7.02208805084,
        "median": 7.03850793839,
        "min": 5.21555662155,
        "stdev": 0.618403494358,
        "var": 0.382422894239
    },
    "spectral_flux": {
        "dmean": 0.0410882122815,
        "dmean2": 0.0635309517384,
        "dvar": 0.00434824544936,
        "dvar2": 0.00876719225198,
        "max": 0.573545694351,
        "mean": 0.0938517227769,
        "median": 0.0702951103449,
        "min": 1.0201709616e-10,
        "stdev": 0.0850037261844,
        "var": 0.0072256331332
    },
    "spectral_kurtosis": {
        "dmean": 3.25960850716,
        "dmean2": 5.09039545059,
        "dvar": 24.6344642639,
        "dvar2": 58.0444107056,
        "max": 73.9061737061,
        "mean": 8.00095462799,
        "median": 6.04096603394,
        "min": -1.26407849789,
        "stdev": 7.69447135925,
        "var": 59.2048912048
    },
    "spectral_rms": {
        "dmean": 0.00121640588623,
        "dmean2": 0.00185192096978,
        "dvar": 4.6477680371e-06,
        "dvar2": 1.05734479803e-05,
        "max": 0.0198250655085,
        "mean": 0.00639634393156,
        "median": 0.00642861798406,
        "min": 3.18647864171e-12,
        "stdev": 0.0026686436031,
        "var": 7.12165820005e-06
    },
    "spectral_rolloff": {
        "dmean": 297.297027588,
        "dmean2": 481.537414551,
        "dvar": 835969.8125,
        "dvar2": 1672300.875,
        "max": 18798.4863281,
        "mean": 727.133972168,
        "median": 409.130859375,
        "min": 64.599609375,
        "stdev": 1107.0916748,
        "var": 1225652
    },
    "spectral_skewness": {
        "dmean": 0.395628273487,
        "dmean2": 0.573928713799,
        "dvar": 0.216903492808,
        "dvar2": 0.478683978319,
        "max": 6.90249204636,
        "mean": 2.19840121269,
        "median": 2.0561234951,
        "min": 0.0193736180663,
        "stdev": 0.89793407917,
        "var": 0.806285560131
    },
    "spectral_spread": {
        "dmean": 964637.3125,
        "dmean2": 1282164.75,
        "dvar": 2.38850460877e+12,
        "dvar2": 3.33395473203e+12,
        "max": 40634196,
        "mean": 5003457,
        "median": 4346978,
        "min": 1016904.375,
        "stdev": 2509161,
        "var": 6.29588885504e+12
    },
    "spectral_strongpeak": {
        "dmean": 0.407334089279,
        "dmean2": 0.714248538017,
        "dvar": 0.599446177483,
        "dvar2": 1.53552246094,
        "max": 7.62157058716,
        "mean": 0.880935549736,
        "median": 0.45599770546,
        "min": 0,
        "stdev": 1.01826679707,
        "var": 1.03686726093
    },
    "zerocrossingrate": {
        "dmean": 0.011342712678,
        "dmean2": 0.0128844222054,
        "dvar": 0.00037421102752,
        "dvar2": 0.000404620834161,
        "max": 0.50244140625,
        "mean": 0.0400840006769,
        "median": 0.0302734375,
        "min": 0.001953125,
        "stdev": 0.035513240844,
        "var": 0.00126119016204
    },
    "barkbands": {
        "dmean": [0.000363984989235, 0.01135027688, 0.00228118756786, 0.00246487441473, 0.00605707149953, 0.0015957482392, 0.00116158358287, 0.000726931844838, 0.000806212308817, 0.000616682984401, 0.00057852739701, 0.000393784168409, 0.000240486697294, 0.000161585237947, 0.000133310444653, 0.000122936442494, 0.000151270549395, 0.000163408811204, 7.42787160561e-05, 5.85094312555e-05, 6.00311723247e-05, 6.53914103168e-05, 5.45212715224e-05, 6.02688487561e-05, 3.81805839424e-05, 7.64378564782e-05, 5.36044171895e-05],
        "dmean2": [0.000597807927988, 0.0188737269491, 0.004065557383, 0.00419855164364, 0.0103450519964, 0.00247352221049, 0.00170272542164, 0.0010995247867, 0.00112942687701, 0.000899636244867, 0.000859812193085, 0.000600552419201, 0.000352862116415, 0.000236327410676, 0.000196559703909, 0.000189738508197, 0.000234591483604, 0.000250276934821, 0.000125728969579, 9.1548965429e-05, 9.29949019337e-05, 0.00010502889927, 8.08460681583e-05, 9.05657507246e-05, 5.43055793969e-05, 0.000107638661575, 7.9262725194e-05],
        "dvar": [8.05468346243e-07, 0.00149144884199, 7.68161698943e-05, 2.2329722924e-05, 0.000776570755988, 1.3362453501e-05, 5.71429472984e-06, 2.79626624433e-06, 5.60486523682e-06, 4.36405343862e-06, 2.96055168292e-06, 2.1520907012e-06, 5.65059849578e-07, 1.87592007705e-07, 7.89650158595e-08, 8.18417049686e-08, 1.23707167177e-07, 1.6607017983e-07, 3.01080120835e-08, 1.59297677271e-08, 2.1972601516e-08, 3.37065486633e-08, 1.65604223668e-08, 2.1502321701e-08, 6.1308318422e-09, 3.90599659283e-08, 2.38947457376e-08],
        "dvar2": [1.96272890207e-06, 0.00393206439912, 0.000224052040721, 6.21800863883e-05, 0.00209486042149, 3.25457294821e-05, 1.10657747427e-05, 6.61488911646e-06, 1.09890470412e-05, 9.54623283178e-06, 6.4857435973e-06, 4.84929978484e-06, 1.12891393655e-06, 3.54658482138e-07, 1.57075206175e-07, 1.88958864555e-07, 2.66686043915e-07, 3.60302095714e-07, 8.38675759951e-08, 3.70989603482e-08, 5.14552738196e-08, 8.73878320817e-08, 3.8578075845e-08, 5.15351281649e-08, 1.30074484517e-08, 7.68400028051e-08, 4.90266209852e-08],
        "max": [0.009626342915, 0.342370688915, 0.0925302579999, 0.0634527355433, 0.327208340168, 0.0488645546138, 0.0354145094752, 0.020656619221, 0.0368146933615, 0.0394076220691, 0.0344677940011, 0.0266598165035, 0.0137644158676, 0.00785078108311, 0.00568069797009, 0.0047833151184, 0.00722986180335, 0.00944870617241, 0.00211806106381, 0.00161696260329, 0.00163877964951, 0.00263893930241, 0.00227829674259, 0.00321180396713, 0.000843863876071, 0.00172282895073, 0.0013953227317],
        "mean": [0.000722236989532, 0.0205825231969, 0.00251557654701, 0.00367444404401, 0.00786426384002, 0.00348949735053, 0.00271469447762, 0.00132010108791, 0.00150750821922, 0.00105790665839, 0.000929565983824, 0.000567655544728, 0.000398629927076, 0.000261673500063, 0.000207928009331, 0.000172898435267, 0.000267805007752, 0.000274291465757, 8.96672281669e-05, 9.13790572667e-05, 7.59368267609e-05, 7.92043138063e-05, 8.01733040134e-05, 9.29696034291e-05, 5.27138436155e-05, 9.03442560229e-05, 5.42601337656e-05],
        "median": [0.000217109991354, 0.0146158598363, 0.00086211587768, 0.0013103201054, 0.00319890771061, 0.00161281903274, 0.00107179477345, 0.000282472057734, 0.000238293534494, 0.000107880005089, 0.000193815139937, 8.37065090309e-05, 4.44364850409e-05, 3.57604549208e-05, 3.36887605954e-05, 3.13835844281e-05, 3.87179134123e-05, 3.84658087569e-05, 2.35674360738e-05, 1.75860150193e-05, 1.8598526367e-05, 2.05475880648e-05, 2.21685841097e-05, 2.27477521548e-05, 1.31781098389e-05, 6.1696478042e-06, 1.31641400003e-07],
        "min": [6.90992928053e-24, 4.05683395651e-23, 1.79035264101e-23, 2.72632379883e-24, 3.95198235152e-23, 1.21906059897e-23, 4.31025268242e-23, 7.75573395242e-23, 3.05486921972e-23, 9.50936038513e-23, 4.167948486e-23, 1.39907813689e-22, 1.4344777967e-22, 9.5625491739e-23, 1.4768032766e-22, 1.91638648659e-22, 1.75327289681e-22, 2.27224656343e-22, 2.18192438792e-22, 2.83880141685e-22, 3.12441551267e-22, 4.87481960635e-22, 5.85951592549e-22, 7.59788162311e-22, 1.04544724214e-21, 2.01064887718e-21, 2.32151005606e-21],
        "stdev": [0.00123906496447, 0.0351507104933, 0.00690755667165, 0.00589306326583, 0.0233308989555, 0.00528090680018, 0.00448538921773, 0.00244515505619, 0.00376833742484, 0.00311364186928, 0.00259323348291, 0.00177993811667, 0.00113453238737, 0.000762007955927, 0.000482255243696, 0.000382580677979, 0.000632232637145, 0.000649613561109, 0.000164105644217, 0.00017186513287, 0.000167637612321, 0.000184111821, 0.000185520751984, 0.000192426756257, 9.93806388578e-05, 0.000240568784648, 0.000173378284671],
        "var": [1.53528185365e-06, 0.0012355723884, 4.77143366879e-05, 3.47281929862e-05, 0.000544330861885, 2.78879761026e-05, 2.01187176572e-05, 5.97878351982e-06, 1.42003673318e-05, 9.69476514001e-06, 6.72485930409e-06, 3.16817977364e-06, 1.28716385461e-06, 5.80656092097e-07, 2.32570130265e-07, 1.46367966636e-07, 3.9971811816e-07, 4.21997754074e-07, 2.69306603684e-08, 2.9537622126e-08, 2.81023684323e-08, 3.38971624103e-08, 3.44179511558e-08, 3.70280552886e-08, 9.87651116446e-09, 5.78733434509e-08, 3.00600291325e-08]
    },
    "erbbands": {
        "dmean": [0.350875258446, 2.52137804031, 3.04551458359, 5.28379011154, 16.8771381378, 21.8394603729, 10.9781856537, 13.6899385452, 14.5114688873, 18.6131744385, 15.8688144684, 19.2502441406, 20.2165699005, 18.3797416687, 17.1533489227, 14.0159654617, 10.5177307129, 7.9646191597, 5.76218509674, 6.5279750824, 7.0398440361, 8.9478559494, 10.0156021118, 4.11837816238, 3.91289925575, 2.49225854874, 2.5887362957, 2.13828635216, 2.41016721725, 1.85974311829, 1.58316421509, 1.32680130005, 1.01846468449, 0.470337808132, 0.28085449338, 0.219916850328, 0.144628539681, 0.0978759303689, 0.00550967641175, 9.93218345684e-05],
        "dmean2": [0.568764269352, 4.30937814713, 5.37537336349, 8.96354103088, 28.7816791534, 37.7011070251, 18.6799755096, 20.7716426849, 20.66954422, 27.2604122162, 23.7333278656, 26.4244766235, 27.8618431091, 27.7091789246, 26.2120170593, 21.4342937469, 15.103020668, 11.6990861893, 8.39203739166, 10.0201349258, 10.5777549744, 13.5991315842, 15.5229883194, 6.86437368393, 6.52873802185, 3.91870164871, 4.01083135605, 3.25920844078, 3.88247203827, 2.99651288986, 2.35750126839, 1.97919893265, 1.53802680969, 0.678161323071, 0.40745306015, 0.31208255887, 0.205007225275, 0.141823217273, 0.00820395443588, 0.00014643430768],
        "dvar": [1.19867098331, 80.4429321289, 136.451293945, 143.626800537, 3396.38574219, 11849.7099609, 1318.10522461, 993.069641113, 882.639099121, 1632.99841309, 1486.28833008, 3301.49023438, 3620.45556641, 3090.03173828, 3482.39941406, 1916.0324707, 927.837158203, 421.709960938, 176.743835449, 184.227355957, 269.787811279, 509.823883057, 689.513122559, 78.8869247437, 83.4403991699, 29.1663150787, 45.980922699, 28.1916866302, 46.4599990845, 22.9687595367, 17.1199970245, 15.1385374069, 4.71150779724, 0.892283260822, 0.40975394845, 0.2842233181, 0.14337874949, 0.0739493817091, 0.0002661680046, 5.63782265317e-08],
        "dvar2": [3.06128144264, 217.241653442, 389.954742432, 403.526672363, 9305.37597656, 32084.2851562, 3779.06518555, 2157.65454102, 1453.91625977, 3425.32617188, 3546.79980469, 6050.02783203, 6948.45849609, 6468.13964844, 8424.20996094, 4416.9140625, 1936.92016602, 793.514709473, 351.749023438, 429.66116333, 616.968505859, 1096.81433105, 1494.64587402, 205.807830811, 227.688705444, 69.2173309326, 111.279716492, 63.5508384705, 120.96484375, 58.8091697693, 40.6406021118, 37.6921463013, 11.1817884445, 1.96312117577, 0.872897565365, 0.543292164803, 0.282437115908, 0.154639497399, 0.000547130650375, 1.15042460891e-07],
        "max": [12.6217002869, 82.3736877441, 112.497940063, 133.900436401, 704.492675781, 1260.86547852, 458.981048584, 429.775512695, 700.944030762, 504.22958374, 875.372924805, 1082.35766602, 1272.57897949, 1309.09899902, 1214.98352051, 981.590637207, 651.540222168, 378.223602295, 221.857254028, 172.699783325, 304.79675293, 525.543884277, 583.749145508, 124.335739136, 155.080978394, 67.6173629761, 77.962097168, 76.5729446411, 96.3723297119, 60.0930671692, 70.4496231079, 95.5750656128, 26.1759052277, 11.0933609009, 6.14217853546, 4.81116390228, 3.21177577972, 2.53846049309, 0.162257328629, 0.00222265277989],
        "mean": [0.714775443077, 4.08346605301, 3.80271697044, 7.91532850266, 22.8675365448, 27.5886230469, 16.3464107513, 30.940536499, 36.3728713989, 39.8630371094, 29.1580028534, 36.9701309204, 39.0296707153, 31.9130325317, 29.8022613525, 23.3819656372, 19.5981998444, 15.0256462097, 10.3096151352, 10.4040927887, 10.7223520279, 16.0573406219, 17.7683944702, 5.98404359818, 5.37562561035, 3.88602757454, 3.18134427071, 2.78294205666, 2.90474033356, 2.38462018967, 2.34057593346, 1.95773255825, 1.53167140484, 0.68202906847, 0.364201366901, 0.275178551674, 0.166019901633, 0.10204962641, 0.00559163372964, 0.000139041323564],
        "median": [0.421184420586, 2.86618757248, 2.00574278831, 3.62275385857, 9.58749485016, 9.18493366241, 8.6970615387, 12.0092182159, 14.4816179276, 15.6075801849, 8.51693534851, 6.24035787582, 4.08623361588, 6.84998703003, 4.65950775146, 3.95994353294, 2.54508423805, 2.4076025486, 1.76795089245, 1.91027998924, 1.9511089325, 2.36559128761, 2.50390005112, 1.34511435032, 1.29965758324, 0.839330971241, 0.769035339355, 0.7667350173, 0.652564644814, 0.730636417866, 0.641619443893, 0.465614080429, 0.392515867949, 0.177322939038, 0.0746520459652, 0.0342783145607, 0.00920768361539, 0.00107110512909, 5.46692135686e-05, 5.76698294026e-05],
        "min": [9.36231431426e-22, 1.03556235304e-20, 1.66855480431e-20, 1.80547888353e-20, 3.03710574074e-20, 1.49124405174e-19, 1.81908041467e-19, 1.4359107094e-19, 3.98453443904e-19, 1.26243570965e-18, 1.39876117506e-18, 6.56788850993e-19, 1.36801394111e-18, 3.24372714717e-18, 2.53649144575e-18, 6.52788936423e-18, 6.18190783814e-18, 4.1295486613e-18, 7.18259454726e-18, 7.92534152596e-18, 1.13802425068e-17, 1.0085415335e-17, 1.17016956462e-17, 1.44368858013e-17, 1.10135144638e-17, 1.25218154451e-17, 1.21806861605e-17, 1.27807759164e-17, 1.32658875671e-17, 2.19187691834e-17, 1.676186551e-17, 1.51911851844e-17, 1.191445229e-17, 9.51585433395e-18, 8.77033216428e-18, 6.40886882743e-18, 4.13112526755e-18, 1.57430647863e-18, 3.27500915338e-19, 3.14217868116e-20],
        "stdev": [1.09332513809, 7.79138755798, 9.28189754486, 12.9432096481, 50.2138595581, 92.2155761719, 30.5845508575, 51.4968109131, 61.2221374512, 64.5446624756, 55.4305076599, 94.0608520508, 103.619865417, 88.6248092651, 94.8327484131, 64.4109039307, 51.0073928833, 39.0022468567, 24.0771255493, 21.0725097656, 22.5379829407, 38.9669113159, 42.4320678711, 10.8668336868, 9.62709617615, 7.24444723129, 7.48619222641, 6.02922582626, 6.87842845917, 5.1928768158, 5.79911756516, 4.88114881516, 2.90588665009, 1.22619020939, 0.772425234318, 0.674791812897, 0.453868031502, 0.308133095503, 0.0181980356574, 0.000270593736786],
        "var": [1.1953599453, 60.7057228088, 86.1536254883, 167.526687622, 2521.43164062, 8503.71191406, 935.414733887, 2651.92138672, 3748.15014648, 4166.01367188, 3072.54125977, 8847.44433594, 10737.0771484, 7854.35644531, 8993.25, 4148.76464844, 2601.75415039, 1521.1751709, 579.707946777, 444.05065918, 507.960693359, 1518.42004395, 1800.48046875, 118.08807373, 92.6809768677, 52.4820175171, 56.0430755615, 36.3515625, 47.3127784729, 26.9659671783, 33.6297645569, 23.8256149292, 8.44417762756, 1.50354254246, 0.596640765667, 0.45534402132, 0.205996200442, 0.0949460044503, 0.000331168528646, 7.32209670673e-08]
    },
    "gfcc": {
        "mean": [-15.072221756, 110.925498962, -76.2187271118, 23.1415081024, -56.5407485962, 11.4853916168, -37.5261077881, 10.8787555695, -18.7731208801, 0.254661202431, -9.67051887512, 4.72995996475, -9.52987384796],
        "cov": [[5659.57568359, -1596.01037598, -467.883087158, -30.8465309143, -54.3892822266, 11.355474472, -48.6792297363, 209.87701416, -89.9757766724, 167.680801392, -341.464691162, 173.99105835, -231.713088989], [-1596.01037598, 1980.16491699, 45.5307235718, 10.4345712662, 220.095184326, 161.948272705, 209.081604004, 2.37289857864, 181.714096069, -133.124099731, 308.153961182, -133.977203369, 176.31262207], [-467.883087158, 45.5307235718, 1426.78479004, 299.566619873, 159.274261475, 306.670318604, 48.749382019, -49.5984344482, 119.846916199, 95.0250473022, 57.158241272, 109.353172302, 72.259979248], [-30.8465309143, 10.4345712662, 299.566619873, 733.808044434, 70.6838760376, 67.9556655884, -61.8642120361, 44.5164794922, 168.343490601, -17.7244930267, 52.6619567871, 48.5687637329, 96.7318496704], [-54.3892822266, 220.095184326, 159.274261475, 70.6838760376, 413.458770752, 23.4397182465, 146.805587769, 64.2239532471, 79.681098938, 48.9007263184, 28.2037696838, 12.4312057495, 11.6727199554], [11.355474472, 161.948272705, 306.670318604, 67.9556655884, 23.4397182465, 443.834594727, 136.928192139, 3.91793704033, 48.7731246948, 23.5816059113, 49.5873298645, 6.6537437439, 34.8445892334], [-48.6792297363, 209.081604004, 48.749382019, -61.8642120361, 146.805587769, 136.928192139, 330.795654297, 26.9078197479, 3.92281842232, 60.9253959656, 54.0343093872, 5.63087844849, -1.82844471931], [209.87701416, 2.37289857864, -49.5984344482, 44.5164794922, 64.2239532471, 3.91793704033, 26.9078197479, 181.045715332, 68.1885375977, 19.9273815155, 30.9022312164, -4.51155376434, 11.8247432709], [-89.9757766724, 181.714096069, 119.846916199, 168.343490601, 79.681098938, 48.7731246948, 3.92281842232, 68.1885375977, 203.555358887, 23.0784759521, 26.1258563995, 21.177942276, 61.901638031], [167.680801392, -133.124099731, 95.0250473022, -17.7244930267, 48.9007263184, 23.5816059113, 60.9253959656, 19.9273815155, 23.0784759521, 130.349884033, -0.51212900877, 22.223077774, -10.7270746231], [-341.464691162, 308.153961182, 57.158241272, 52.6619567871, 28.2037696838, 49.5873298645, 54.0343093872, 30.9022312164, 26.1258563995, -0.51212900877, 164.336257935, -0.273751318455, 30.5059261322], [173.99105835, -133.977203369, 109.353172302, 48.5687637329, 12.4312057495, 6.6537437439, 5.63087844849, -4.51155376434, 21.177942276, 22.223077774, -0.273751318455, 111.811653137, 10.4830369949], [-231.713088989, 176.31262207, 72.259979248, 96.7318496704, 11.6727199554, 34.8445892334, -1.82844471931, 11.8247432709, 61.901638031, -10.7270746231, 30.5059261322, 10.4830369949, 114.758644104]],
        "icov": [[0.000297036778647, 7.39378083381e-05, 0.000148893363075, -9.04379121494e-05, -1.53179898916e-05, -0.000220962596359, 6.82663885527e-05, -0.000433196633821, 0.000154511653818, -0.000255266175373, 0.000484995194711, -0.000500175345223, 0.000392572575947], [7.39378083381e-05, 0.00155063834973, 3.78343393095e-05, 0.000545983552001, -0.000614764343482, -4.6876288252e-05, -0.000633703020867, 0.0010035544401, -0.00159485649783, 0.00180171965621, -0.00230616074987, 0.00166925648227, -0.00126460776664], [0.000148893363075, 3.78343393095e-05, 0.00116516521666, -0.000300341023831, -0.000449813174782, -0.000844459224027, 0.000452431588201, 0.00038605282316, 1.63686199812e-05, -0.000832341786008, 2.89752570097e-05, -0.000942172424402, 2.33212595049e-05], [-9.04379121494e-05, 0.000545983552001, -0.000300341023831, 0.00218515913002, -0.000404924154282, -5.30231773155e-06, 0.000231823549257, 0.000439432420535, -0.00177766964771, 0.00130763184279, -0.00137372210156, 0.000382622121833, -0.00126168190036], [-1.53179898916e-05, -0.000614764343482, -0.000449813174782, -0.000404924154282, 0.00374107062817, 0.000777064706199, -0.00154070241842, -0.00114630185999, -0.000382246391382, -0.000774488784373, 0.00114734994713, -0.00038107499131, 0.000878836493939], [-0.000220962596359, -4.6876288252e-05, -0.000844459224027, -5.30231773155e-06, 0.000777064706199, 0.00347930472344, -0.00172248517629, 0.000274662539596, -0.000685053877532, 0.000599846534897, -0.000529349315912, 0.000981287448667, -0.000552483426873], [6.82663885527e-05, -0.000633703020867, 0.000452431588201, 0.000231823549257, -0.00154070241842, -0.00172248517629, 0.00535168778151, -0.000544586393517, 0.00150383275468, -0.00256992504001, -0.000125614693388, -0.00125222885981, 0.000548635260202], [-0.000433196633821, 0.0010035544401, 0.00038605282316, 0.000439432420535, -0.00114630185999, 0.000274662539596, -0.000544586393517, 0.00853577442467, -0.00370248197578, 0.000830373144709, -0.00357320299372, 0.00241997814737, -0.00108145852573], [0.000154511653818, -0.00159485649783, 1.63686199812e-05, -0.00177766964771, -0.000382246391382, -0.000685053877532, 0.00150383275468, -0.00370248197578, 0.0100953364745, -0.00339359696954, 0.00299238879234, -0.00263481563888, -0.00141473358963], [-0.000255266175373, 0.00180171965621, -0.000832341786008, 0.00130763184279, -0.000774488784373, 0.000599846534897, -0.00256992504001, 0.000830373144709, -0.00339359696954, 0.0122120371088, -0.00272294110619, 0.00127238349523, -0.000511873979121], [0.000484995194711, -0.00230616074987, 2.89752570097e-05, -0.00137372210156, 0.00114734994713, -0.000529349315912, -0.000125614693388, -0.00357320299372, 0.00299238879234, -0.00272294110619, 0.0117784254253, -0.00330922636203, 0.0013749266509], [-0.000500175345223, 0.00166925648227, -0.000942172424402, 0.000382622121833, -0.00038107499131, 0.000981287448667, -0.00125222885981, 0.00241997814737, -0.00263481563888, 0.00127238349523, -0.00330922636203, 0.0131047610193, -0.00260953325778], [0.000392572575947, -0.00126460776664, 2.33212595049e-05, -0.00126168190036, 0.000878836493939, -0.000552483426873, 0.000548635260202, -0.00108145852573, -0.00141473358963, -0.000511873979121, 0.0013749266509, -0.00260953325778, 0.0132850101218]]
    },
    "melbands": {
        "dmean": [0.00319006713107, 0.00205023679882, 0.00119437032845, 0.00153613404837, 0.000451051979326, 0.000306557485601, 0.000233085535001, 0.000192533989321, 0.0001323918259, 0.000123970850836, 0.000101911056845, 7.47208323446e-05, 6.33568342892e-05, 4.29044339398e-05, 2.91522537736e-05, 2.25687599595e-05, 1.61408042914e-05, 9.69626489677e-06, 1.08445137812e-05, 8.29317468742e-06, 8.54100289871e-06, 9.74348040472e-06, 9.32821149036e-06, 7.68790050643e-06, 3.04259401673e-06, 3.04296349896e-06, 2.70997566076e-06, 1.44308887684e-06, 1.61002355981e-06, 1.49195329868e-06, 1.22333915442e-06, 1.34983974931e-06, 1.3320460539e-06, 9.65819253906e-07, 9.45985846101e-07, 9.2981929356e-07, 8.23669324745e-07, 7.92894866208e-07, 5.47363697478e-07, 3.67950235614e-07],
        "dmean2": [0.00525920977816, 0.00349056278355, 0.00205007684417, 0.00261142943054, 0.000769159640186, 0.000464171927888, 0.000333253468852, 0.000281274173176, 0.000197910660063, 0.000171505191247, 0.000140543095767, 0.000113170950499, 9.56556978053e-05, 6.54609320918e-05, 4.32979104517e-05, 3.25777291437e-05, 2.3635549951e-05, 1.46427209984e-05, 1.61697935255e-05, 1.30521675601e-05, 1.32128043333e-05, 1.52896718646e-05, 1.34399278977e-05, 1.23969302877e-05, 5.08753782924e-06, 5.17459011462e-06, 4.33504419561e-06, 2.27910527428e-06, 2.50574316851e-06, 2.32299680647e-06, 1.86463694263e-06, 2.15213594856e-06, 2.20408628593e-06, 1.55280054059e-06, 1.43761826621e-06, 1.36306175591e-06, 1.26139320855e-06, 1.21173764001e-06, 8.22231299935e-07, 5.41234669527e-07],
        "dvar": [0.000111313544039, 5.46753981325e-05, 6.54679888612e-06, 5.05077114212e-05, 2.90601155939e-06, 4.80024539229e-07, 2.07070982583e-07, 1.6518033874e-07, 1.19961356404e-07, 1.43084633919e-07, 9.96472238057e-08, 5.38963682573e-08, 3.82091549511e-08, 2.20897629077e-08, 1.15129035194e-08, 3.42096573291e-09, 2.0039483406e-09, 6.49481024517e-10, 5.85870074676e-10, 3.53891221883e-10, 4.03481442701e-10, 6.62383925487e-10, 4.34971419994e-10, 6.74899081066e-10, 4.51850501459e-11, 6.12569092673e-11, 3.49545253853e-11, 1.08238773847e-11, 2.01418742796e-11, 1.44064777469e-11, 8.88681142563e-12, 1.38004599068e-11, 1.61464713128e-11, 5.27785367493e-12, 6.27645938694e-12, 6.54838292966e-12, 6.68828751063e-12, 3.12905712625e-12, 1.29118146296e-12, 5.9245007988e-13],
        "dvar2": [0.000290515832603, 0.00014865292178, 1.84047603398e-05, 0.000136438233312, 8.24783819553e-06, 1.04056380223e-06, 3.4686638628e-07, 3.53707520162e-07, 2.82054884337e-07, 2.61367631538e-07, 1.96114299911e-07, 1.15986608762e-07, 9.1631846999e-08, 5.53167325279e-08, 2.34417427691e-08, 7.21196258269e-09, 3.67452512862e-09, 1.26731547478e-09, 1.11614117948e-09, 8.49035119987e-10, 9.62740998034e-10, 1.53224233301e-09, 8.79981587598e-10, 1.74897551997e-09, 1.18425519391e-10, 1.7147051834e-10, 8.52258610906e-11, 2.53053602378e-11, 4.96663300764e-11, 3.3626459256e-11, 2.01312230774e-11, 3.52169612916e-11, 4.33097030461e-11, 1.34288309639e-11, 1.56762727799e-11, 1.44488422962e-11, 1.73640754553e-11, 7.72176159819e-12, 2.94572591146e-12, 1.33068913961e-12],
        "max": [0.10621855408, 0.0711707100272, 0.0220168381929, 0.0861019343138, 0.0211642533541, 0.0111757209525, 0.00944311358035, 0.00507252523676, 0.00871788617224, 0.00728716421872, 0.00666839256883, 0.00481597799808, 0.00330916023813, 0.00326113402843, 0.00363690406084, 0.00126030750107, 0.000853107485455, 0.000497320550494, 0.000472980202176, 0.000261902605416, 0.000316287274472, 0.000539173081052, 0.000412563473219, 0.000622543971986, 7.8818302427e-05, 0.000117720934213, 9.09451118787e-05, 4.20948126703e-05, 5.56688755751e-05, 4.55746376247e-05, 4.41088559455e-05, 5.52300589334e-05, 6.45123873255e-05, 3.20446961268e-05, 4.46986705356e-05, 4.4326101488e-05, 6.56225747662e-05, 2.39947312366e-05, 1.66828467627e-05, 9.56742587732e-06],
        "mean": [0.00610536290333, 0.00308527075686, 0.00179880100768, 0.00195265002549, 0.00064714596374, 0.000704889826011, 0.000587235204875, 0.000407466897741, 0.000233995044255, 0.000235373066971, 0.000188267658814, 0.000121549062897, 0.000103537509858, 6.95501003065e-05, 5.20286484971e-05, 3.87286127079e-05, 2.75413076452e-05, 1.60002255143e-05, 1.7152797227e-05, 1.20616259665e-05, 1.20736331155e-05, 1.59246992553e-05, 1.7772837964e-05, 1.21159764603e-05, 3.9618403207e-06, 3.49312517756e-06, 4.30793488704e-06, 2.03878039429e-06, 1.91809363059e-06, 1.78439620413e-06, 1.56268424689e-06, 1.62656465363e-06, 1.51063113663e-06, 1.25486371871e-06, 1.34886386149e-06, 1.29149782424e-06, 1.16670071293e-06, 1.15248815291e-06, 8.04181752301e-07, 4.94862092637e-07],
        "median": [0.00404020398855, 0.00212516216561, 0.000885166518856, 0.000753199507017, 0.000323387066601, 0.000277280778391, 0.000231252808589, 0.000152747656102, 5.54159196327e-05, 3.52653660229e-05, 1.74550441443e-05, 2.4740011213e-05, 1.90031933016e-05, 9.25268886931e-06, 7.08205152478e-06, 4.46955391453e-06, 3.80948290513e-06, 2.32003458223e-06, 2.78296397482e-06, 2.22287212637e-06, 1.98271527552e-06, 2.19362323151e-06, 2.44079046752e-06, 1.62539060966e-06, 8.94348715974e-07, 7.93203923877e-07, 6.95780272508e-07, 4.15061350623e-07, 3.99805088591e-07, 4.06883032156e-07, 3.98652872491e-07, 2.97238130997e-07, 3.81760713708e-07, 3.72249189695e-07, 3.81586204412e-07, 2.56870634985e-07, 2.85022366597e-07, 2.67308337243e-07, 2.12050522919e-07, 1.19138427124e-07],
        "min": [1.14149245836e-23, 1.03537102397e-23, 3.59820560901e-24, 5.60549137019e-24, 7.7687369045e-24, 2.7576731312e-24, 7.25439170568e-24, 1.62868159383e-23, 1.11328373903e-23, 3.30767227913e-24, 7.19281716773e-24, 1.4027982156e-23, 7.74202765197e-24, 1.24237767072e-23, 1.89511762907e-23, 1.09677650904e-23, 7.5717938352e-24, 1.12455514141e-23, 1.33293511611e-23, 1.01561076827e-23, 1.31749221726e-23, 9.19322485068e-24, 9.43040298158e-24, 1.25707785703e-23, 1.18222253019e-23, 7.83186944274e-24, 8.96627509028e-24, 8.15791354348e-24, 6.61339094423e-24, 8.45757734668e-24, 7.29553001303e-24, 6.60629514039e-24, 1.13852642025e-23, 1.14436493758e-23, 8.79553640253e-24, 1.11598432545e-23, 8.44919412184e-24, 8.13298553887e-24, 9.01256071503e-24, 7.59430950316e-24],
        "stdev": [0.00989948958158, 0.0062932590954, 0.00256395945325, 0.00593251362443, 0.0013923170045, 0.00114537111949, 0.000944182276726, 0.000646427506581, 0.000508042227011, 0.000624088861514, 0.000525491894223, 0.00035042030504, 0.00029122151318, 0.000209583507967, 0.000184865712072, 0.00010553739412, 8.12025173218e-05, 4.4029118726e-05, 4.15788672399e-05, 2.62396588369e-05, 2.64087084361e-05, 4.09351414419e-05, 4.01118995796e-05, 3.21556508425e-05, 7.42614884075e-06, 7.02543138686e-06, 8.38937558001e-06, 4.09610447605e-06, 4.85821010443e-06, 4.15284648625e-06, 3.4089014207e-06, 3.8912016862e-06, 3.79772905035e-06, 2.67740006166e-06, 3.27283373736e-06, 3.72184717889e-06, 2.94954634228e-06, 2.30941327573e-06, 1.48400192757e-06, 9.54876782089e-07],
        "var": [9.79999022093e-05, 3.96051109419e-05, 6.57388818581e-06, 3.51947164745e-05, 1.93854657482e-06, 1.31187493935e-06, 8.91480169685e-07, 4.17868534441e-07, 2.5810689408e-07, 3.89486899621e-07, 2.7614174769e-07, 1.22794389767e-07, 8.4809975931e-08, 4.39252474393e-08, 3.41753292332e-08, 1.11381410761e-08, 6.59384857826e-09, 1.93856330988e-09, 1.7288022125e-09, 6.88519741221e-10, 6.97419844098e-10, 1.67568592335e-09, 1.60896451717e-09, 1.03398578588e-09, 5.51476850297e-11, 4.93566888748e-11, 7.03816241399e-11, 1.67780702526e-11, 2.36022052597e-11, 1.72461350756e-11, 1.16206081216e-11, 1.51414488586e-11, 1.44227451163e-11, 7.16847154553e-12, 1.07114412826e-11, 1.38521459928e-11, 8.69982384744e-12, 5.33338997966e-12, 2.20226181041e-12, 9.11789740932e-13]
    },
    "melbands128": {
