{
"lowlevel": {
    "average_loudness": 0.943978130817,
    "barkbands_crest": {
        "dmean": 1.90515971184,
        "dmean2": 3.02469301224,
        "dvar": 3.9172744751,
        "dvar2": 9.65582752228,
        "max": 26.3544044495,
        "mean": 12.399230957,
        "median": 11.3429298401,
        "min": 4.99130582809,
        "stdev": 4.37251996994,
        "var": 19.1189308167
    },
    "barkbands_flatness_db": {
        "dmean": 0.020350407809,
        "dmean2": 0.0300231091678,
        "dvar": 0.00063273543492,
        "dvar2": 0.00121521716937,
        "max": 0.461578428745,
        "mean": 0.266526639462,
        "median": 0.262618631124,
        "min": 0.0760165676475,
        "stdev": 0.0739053562284,
        "var": 0.00546200200915
    },
    "barkbands_kurtosis": {
        "dmean": 5.21158885956,
        "dmean2": 7.15150165558,
        "dvar": 150.661895752,
        "dvar2": 222.46321106,
        "max": 425.6668396,
        "mean": 14.6303091049,
        "median": 5.79730606079,
        "min": -1.87537992001,
        "stdev": 34.7681159973,
        "var": 1208.82177734
    },
    "barkbands_skewness": {
        "dmean": 0.472330063581,
        "dmean2": 0.68054908514,
        "dvar": 0.399183660746,
        "dvar2": 0.667862296104,
        "max": 16.6012401581,
        "mean": 2.13960886002,
        "median": 1.75683021545,
        "min": -1.85850274563,
        "stdev": 1.98008334637,
        "var": 3.92073011398
    },
    "barkbands_spread": {
        "dmean": 1.72346484661,
        "dmean2": 2.54382634163,
        "dvar": 13.7857809067,
        "dvar2": 22.1670150757,
        "max": 79.6964035034,
        "mean": 6.65340089798,
        "median": 5.0396065712,
        "min": 0.299502283335,
        "stdev": 7.16842317581,
        "var": 51.3862915039
    },
    "dissonance": {
        "dmean": 0.0352404788136,
        "dmean2": 0.0569588243961,
        "dvar": 0.00114882329945,
        "dvar2": 0.00285312253982,
        "max": 0.496756285429,
        "mean": 0.389570832253,
        "median": 0.400937259197,
        "min": 0.130237475038,
        "stdev": 0.0632882639766,
        "var": 0.00400540465489
    },
    "dynamic_complexity": 2.3237683773,
    "erbbands_crest": {
        "dmean": 2.28341460228,
        "dmean2": 3.53964567184,
        "dvar": 5.87090587616,
        "dvar2": 12.9363059998,
        "max": 30.9249000549,
        "mean": 12.728272438,
        "median": 11.5094337463,
        "min": 3.36270260811,
        "stdev": 5.02490282059,
        "var": 25.2496471405
    },
    "erbbands_flatness_db": {
        "dmean": 0.01726943627,
        "dmean2": 0.0248694773763,
        "dvar": 0.000544981041458,
        "dvar2": 0.000985653954558,
        "max": 0.407132208347,
        "mean": 0.248623386025,
        "median": 0.244990751147,
        "min": 0.0936025008559,
        "stdev": 0.0644011795521,
        "var": 0.00414751190692
    },
    "erbbands_kurtosis": {
        "dmean": 2.17642569542,
        "dmean2": 3.29430270195,
        "dvar": 17.8012752533,
        "dvar2": 36.1391372681,
        "max": 75.7998275757,
        "mean": 4.59792137146,
        "median": 1.85992431641,
        "min": -1.81365561485,
        "stdev": 8.84615421295,
        "var": 78.254447937
    },
    "erbbands_skewness": {
        "dmean": 0.386881530285,
        "dmean2": 0.573432028294,
        "dvar": 0.208705484867,
        "dvar2": 0.433698743582,
        "max": 7.4410161972,
        "mean": 1.2811306715,
        "median": 1.02327513695,
        "min": -2.07740712166,
        "stdev": 1.14839243889,
        "var": 1.31880521774
    },
    "erbbands_spread": {
        "dmean": 4.48113107681,
        "dmean2": 6.78853988647,
        "dvar": 78.9509506226,
        "dvar2": 174.639770508,
        "max": 123.899299622,
        "mean": 19.2238540649,
        "median": 14.687333107,
        "min": 2.35233473778,
        "stdev": 15.5753011703,
        "var": 242.589996338
    },
    "hfc": {
        "dmean": 2.75111413002,
        "dmean2": 3.8369410038,
        "dvar": 15.757856369,
        "dvar2": 29.7730903625,
        "max": 47.7017555237,
        "mean": 12.8460645676,
        "median": 11.23848629,
        "min": 1.24870311768e-16,
        "stdev": 8.80082035065,
        "var": 77.4544448853
    },
    "loudness_ebu128": {
        "integrated": -9.91934490204,
        "loudness_range": 3.35624790192,
        "momentary": {
            "dmean": 0.575856149197,
            "dmean2": 0.49146464467,
            "dvar": 0.444802582264,
            "dvar2": 0.409989953041,
            "max": -7.21016263962,
            "mean": -10.5398826599,
            "median": -10.0850582123,
            "min": -25.4481010437,
            "stdev": 2.64440178871,
            "var": 6.99286079407
        },
        "short_term": {
            "dmean": 0.0746471509337,
            "dmean2": 0.0575900152326,
            "dvar": 0.0028736316599,
            "dvar2": 0.0025804718025,
            "max": -7.82366752625,
            "mean": -10.1495933533,
            "median": -10.2293748856,
            "min": -12.3140182495,
            "stdev": 1.04448699951,
            "var": 1.09095299244
        }
    },
    "melbands_crest": {
        "dmean": 2.04700684547,
        "dmean2": 3.24841713905,
        "dvar": 4.03096866608,
        "dvar2": 9.85172271729,
        "max": 31.4939079285,
        "mean": 14.6150894165,
        "median": 13.9221944809,
        "min": 2.35190343857,
        "stdev": 4.3919210434,
        "var": 19.2889690399
    },
    "melbands_flatness_db": {
        "dmean": 0.022606369108,
        "dmean2": 0.0320633091033,
        "dvar": 0.000957635464147,
        "dvar2": 0.00166572444141,
        "max": 0.614435136318,
        "mean": 0.361831873655,
        "median": 0.357910633087,
        "min": 0.00444836448878,
        "stdev": 0.0967060178518,
        "var": 0.00935205444694
    },
    "melbands_kurtosis": {
        "dmean": 6.27954912186,
        "dmean2": 9.3380241394,
        "dvar": 175.250839233,
        "dvar2": 304.816314697,
        "max": 320.690216064,
        "mean": 17.4850101471,
        "median": 8.2446603775,
        "min": -1.31845033169,
        "stdev": 30.6119422913,
        "var": 937.091064453
    },
    "melbands_skewness": {
        "dmean": 0.490010559559,
        "dmean2": 0.737348794937,
        "dvar": 0.444945305586,
        "dvar2": 0.86425536871,
        "max": 12.5803203583,
        "mean": 2.37164521217,
        "median": 2.04858660698,
        "min": -0.939242064953,
        "stdev": 1.65563738346,
        "var": 2.74113512039
    },
    "melbands_spread": {
        "dmean": 1.75803363323,
        "dmean2": 2.52489876747,
        "dvar": 23.5250377655,
        "dvar2": 30.7783432007,
        "max": 133.859863281,
        "mean": 7.34979581833,
        "median": 5.78488445282,
        "min": 0.504327535629,
        "stdev": 7.10504102707,
        "var": 50.4816093445
    },
    "pitch_salience": {
        "dmean": 0.0484259091318,
        "dmean2": 0.078026175499,
        "dvar": 0.00240955734625,
        "dvar2": 0.00561534659937,
        "max": 0.797879338264,
        "mean": 0.522186875343,
        "median": 0.535075426102,
        "min": 0.15130956471,
        "stdev": 0.109588503838,
        "var": 0.0120096402243
    },
    "silence_rate_20dB": {
        "dmean": 0,
        "dmean2": 0,
        "dvar": 0,
        "dvar2": 0,
        "max": 1,
        "mean": 1,
        "median": 1,
        "min": 1,
        "stdev": 0,
        "var": 0
    },
    "silence_rate_30dB": {
        "dmean": 0,
        "dmean2": 0,
        "dvar": 0,
        "dvar2": 0,
        "max": 1,
        "mean": 1,
        "median": 1,
        "min": 1,
        "stdev": 0,
        "var": 0
    },
    "silence_rate_60dB": {
        "dmean": 0.00696594407782,
        "dmean2": 0.0139426803216,
        "dvar": 0.00691750925034,
        "dvar2": 0.0168467834592,
        "max": 1,
        "mean": 0.0170146953315,
        "median": 0,
        "min": 0,
        "stdev": 0.129326865077,
        "var": 0.0167254377156
    },
    "spectral_centroid": {
        "dmean": 75.180267334,
        "dmean2": 105.618682861,
        "dvar": 105448.257812,
        "dvar2": 116020.242188,
        "max": 10980.4082031,
        "mean": 479.134918213,
        "median": 394.045349121,
        "min": 190.146499634,
        "stdev": 420.646636963,
        "var": 176943.59375
    },
    "spectral_complexity": {
        "dmean": 1.45123839378,
        "dmean2": 2.36250972748,
        "dvar": 2.77084231377,
        "dvar2": 6.61219644547,
        "max": 28,
        "mean": 10.7393655777,
        "median": 11,
        "min": 0,
        "stdev": 3.65287685394,
        "var": 13.3435096741
    },
    "spectral_decrease": {
        "dmean": 1.60340907218e-09,
        "dmean2": 2.42528486183e-09,
        "dvar": 4.00308556694e-18,
        "dvar2": 9.06849851507e-18,
        "max": 4.16405253091e-29,
        "mean": -8.6172686764e-09,
        "median": -8.13051492798e-09,
        "min": -2.64378439141e-08,
        "stdev": 4.69107108714e-09,
        "var": 2.20061492346e-17
    },
    "spectral_energy": {
        "dmean": 0.00626015942544,
        "dmean2": 0.00944251846522,
        "dvar": 6.12108779023e-05,
        "dvar2": 0.000138124814839,
        "max": 0.102145701647,
        "mean": 0.0336886793375,
        "median": 0.0318114235997,
        "min": 1.11689480599e-20,
        "stdev": 0.018295424059,
        "var": 0.000334722513799
    },
    "spectral_energyband_high": {
        "dmean": 7.37881200621e-05,
        "dmean2": 9.53667258727e-05,
        "dvar": 8.50315160505e-08,
        "dvar2": 1.11468629882e-07,
        "max": 0.00672035152093,
        "mean": 0.000157660440891,
        "median": 3.74327610189e-05,
        "min": 7.96363530312e-21,
        "stdev": 0.000570908072405,
        "var": 3.259360426e-07
    },
    "spectral_energyband_low": {
        "dmean": 0.0017849925207,
        "dmean2": 0.00285012158565,
        "dvar": 9.35950811254e-06,
        "dvar2": 2.15255586227e-05,
        "max": 0.0604190938175,
        "mean": 0.00772460876033,
        "median": 0.00553924730048,
        "min": 7.52010120003e-23,
        "stdev": 0.00803734827787,
        "var": 6.45989712211e-05
    },
    "spectral_energyband_middle_high": {
        "dmean": 0.00080213410547,
        "dmean2": 0.00109921616968,
        "dvar": 3.42239854945e-06,
        "dvar2": 6.40723237666e-06,
        "max": 0.033979114145,
        "mean": 0.00240033236332,
        "median": 0.00101190269925,
        "min": 1.72863764164e-21,
        "stdev": 0.00396795710549,
        "var": 1.57446847879e-05
    },
    "spectral_energyband_middle_low": {
        "dmean": 0.00557124521583,
        "dmean2": 0.00845071021467,
        "dvar": 4.79759910377e-05,
        "dvar2": 0.000116379422252,
        "max": 0.0752592384815,
        "mean": 0.0245783887804,
        "median": 0.023500053212,
        "min": 2.87691437952e-22,
        "stdev": 0.0142463371158,
        "var": 0.000202958108275
    },
    "spectral_entropy": {
        "dmean": 0.195049032569,
        "dmean2": 0.279148578644,
        "dvar": 0.0800544023514,
        "dvar2": 0.147438257933,
        "max": 9.80485439301,
        "mean": 6.23001861572,
        "median": 6.13989162445,
        "min": 4.84301662445,
        "stdev": 0.693010747433,
        "var": 0.480263918638
    },
    "spectral_flux": {
        "dmean": 0.0200460366905,
        "dmean2": 0.0319467261434,
        "dvar": 0.000579538987949,
        "dvar2": 0.00138405314647,
        "max": 0.215363785625,
        "mean": 0.0539387352765,
        "median": 0.0452512949705,
        "min": 1.05683246876e-10,
        "stdev": 0.0342932567,
        "var": 0.00117602734827
    },
    "spectral_kurtosis": {
        "dmean": 9.70299243927,
        "dmean2": 15.4664945602,
        "dvar": 259.621490479,
        "dvar2": 638.543884277,
        "max": 275.591766357,
        "mean": 36.5561828613,
        "median": 14.5656852722,
        "min": -1.21991705894,
        "stdev": 50.1586647034,
        "var": 2515.89160156
    },
    "spectral_rms": {
        "dmean": 0.000529508222826,
        "dmean2": 0.000788445351645,
        "dvar": 3.94118842451e-07,
        "dvar2": 8.04134572263e-07,
        "max": 0.0099827023223,
        "mean": 0.00548261962831,
        "median": 0.00557095464319,
        "min": 3.30098990677e-12,
        "stdev": 0.00167568388861,
        "var": 2.80791641671e-06
    },
    "spectral_rolloff": {
        "dmean": 115.132133484,
        "dmean2": 184.857940674,
        "dvar": 411669.84375,
        "dvar2": 586546.5625,
        "max": 19121.484375,
        "mean": 556.598388672,
        "median": 409.130859375,
        "min": 150.732421875,
        "stdev": 737.117797852,
        "var": 543342.6875
    },
    "spectral_skewness": {
        "dmean": 0.648317098618,
        "dmean2": 1.0150526762,
        "dvar": 0.732995927334,
        "dvar2": 1.70541453362,
        "max": 14.2104034424,
        "mean": 4.16405630112,
        "median": 3.33875775337,
        "min": -0.00700970133767,
        "stdev": 2.61524176598,
        "var": 6.83948945999
    },
    "spectral_spread": {
        "dmean": 558214.375,
        "dmean2": 792641.375,
        "dvar": 1.7939562496e+12,
        "dvar2": 2.00182254797e+12,
        "max": 40985520,
        "mean": 3304549.25,
        "median": 3345155.75,
        "min": 375592.65625,
        "stdev": 2127981.75,
        "var": 4.52830638899e+12
    },
    "spectral_strongpeak": {
        "dmean": 0.370004713535,
        "dmean2": 0.613839507103,
        "dvar": 0.298087179661,
        "dvar2": 0.60818529129,
        "max": 6.35543775558,
        "mean": 1.22261154652,
        "median": 1.07310259342,
        "min": 6.49185016854e-09,
        "stdev": 0.928092718124,
        "var": 0.861356139183
    },
    "zerocrossingrate": {
        "dmean": 0.00418100273237,
        "dmean2": 0.00486654927954,
        "dvar": 0.00023044765112,
        "dvar2": 0.000234628882026,
        "max": 0.50830078125,
        "mean": 0.0240492671728,
        "median": 0.0205078125,
        "min": 0.0029296875,
        "stdev": 0.0203487668186,
        "var": 0.000414072303101
    },
    "barkbands": {
        "dmean": [7.43049940866e-06, 0.000779418856837, 0.00102168042213, 0.00071777170524, 0.00283285439946, 0.00264726416208, 0.000920223770663, 0.000527146039531, 0.00051783490926, 0.000284044828732, 0.00039899017429, 9.04722037376e-05, 0.000153464643518, 0.00013313855743, 8.78425271367e-05, 2.10148718907e-05, 1.72362633748e-05, 2.57981828327e-05, 1.90124264918e-05, 1.91282852029e-05, 2.37998629018e-05, 1.50302357724e-05, 1.09101792987e-05, 1.31907381729e-05, 1.04459413706e-05, 3.71261262444e-06, 1.06564698399e-07],
        "dmean2": [1.25196793306e-05, 0.00127999344841, 0.00158425432164, 0.00119674089365, 0.00445463880897, 0.00394347077236, 0.00137955439277, 0.000820315850433, 0.000707330240402, 0.000393685506424, 0.000535233528353, 0.000135346854222, 0.000232751815929, 0.000204166179174, 0.000134074871312, 3.23828935507e-05, 2.64151476586e-05, 3.94343333028e-05, 2.80955882772e-05, 2.72801098617e-05, 3.45801927324e-05, 2.04872048926e-05, 1.4768098481e-05, 1.87003752217e-05, 1.54194822244e-05, 5.63566391065e-06, 1.88486836805e-07],
        "dvar": [1.14954191999e-10, 2.59949729298e-06, 3.19099808621e-06, 1.327007908e-06, 1.90563077922e-05, 2.20869787881e-05, 8.68528240972e-06, 1.436281309e-06, 1.56071985202e-06, 9.4418601293e-07, 2.09514882954e-06, 6.86172825226e-08, 1.80184386522e-07, 1.19899624451e-07, 8.46991383696e-08, 4.06561673216e-09, 2.04249328561e-09, 6.11894446223e-09, 4.20483070585e-09, 4.69058836217e-09, 8.80725359309e-09, 7.4414323592e-09, 2.49971066069e-09, 1.99146210633e-09, 7.65417507154e-10, 1.33893174326e-10, 2.70434607867e-13],
        "dvar2": [3.16840303993e-10, 6.05904051554e-06, 6.88385580361e-06, 3.54200551556e-06, 4.73326472274e-05, 5.9457594034e-05, 1.82618368854e-05, 3.53205200554e-06, 2.95061499855e-06, 1.61320826919e-06, 3.54868302566e-06, 1.18275067962e-07, 4.77391893128e-07, 2.48379336654e-07, 1.76496129711e-07, 9.19470100058e-09, 4.68985472679e-09, 1.22038841255e-08, 9.41409794564e-09, 8.8194234138e-09, 1.47948240325e-08, 1.09710338592e-08, 3.39804695493e-09, 3.76773545696e-09, 1.53544155168e-09, 3.44054007506e-10, 7.77343575793e-13],
        "max": [0.000139313939144, 0.0330633670092, 0.0459144562483, 0.0161301493645, 0.0615385249257, 0.056233946234, 0.0518045797944, 0.0176563821733, 0.0232242755592, 0.0193653572351, 0.0333269126713, 0.00858186557889, 0.00788878649473, 0.00625232001767, 0.00537646794692, 0.00108965171967, 0.00061964528868, 0.00197621085681, 0.00130055996124, 0.00141130876727, 0.00213618203998, 0.00211374787614, 0.00109543465078, 0.0011069055181, 0.000513008970302, 0.000190144754015, 1.12930520118e-05],
        "mean": [8.84580276761e-06, 0.00286096590571, 0.00379664124921, 0.001777839032, 0.00959787145257, 0.00782295502722, 0.00233895564452, 0.00131329114083, 0.00145094282925, 0.000638867437374, 0.000884195673279, 0.0001854699658, 0.000284954585368, 0.000264524103841, 0.000151577100041, 3.40826009051e-05, 3.21035840898e-05, 4.29326646554e-05, 3.26502595271e-05, 3.34096293955e-05, 4.01089637307e-05, 2.36823325395e-05, 1.97738372663e-05, 2.44322854996e-05, 2.1507985366e-05, 6.04605747867e-06, 9.85252199825e-08],
        "median": [4.39418772658e-06, 0.00125557603315, 0.00194895081222, 0.00114960351493, 0.00653479993343, 0.00472048018128, 0.000678555981722, 0.000677841948345, 0.000457151676528, 0.000135321897687, 0.000101167825051, 5.61045781069e-05, 8.65224646986e-05, 5.53133540961e-05, 2.02824339794e-05, 9.04228818399e-06, 6.80713264956e-06, 5.42358156963e-06, 4.60182991446e-06, 3.16832620229e-06, 4.0458935473e-06, 5.3112137266e-07, 2.31110834648e-06, 6.05617742622e-06, 6.94769869369e-06, 1.62070864462e-06, 7.11045711199e-09],
        "min": [7.76700377709e-24, 4.55046240578e-23, 1.20739113737e-23, 1.20712024254e-23, 5.9790437512e-23, 4.34687002791e-23, 4.91459050221e-23, 5.49784743426e-23, 5.94265517536e-23, 6.02710999279e-23, 3.00099948623e-23, 9.55887560643e-23, 5.02050959377e-23, 1.36453006821e-22, 1.78846253028e-22, 3.02141173547e-22, 1.27542059279e-22, 1.72669421653e-22, 3.33539074508e-22, 4.30395946566e-22, 2.9280974421e-22, 6.28368075443e-22, 5.49413928313e-22, 1.074373421e-21, 1.26485376942e-21, 1.56307843158e-21, 2.67634509335e-21],
        "stdev": [1.21364346342e-05, 0.00395291764289, 0.00513651361689, 0.00190616655163, 0.00889753643423, 0.00846692174673, 0.0052703875117, 0.00183812831528, 0.00253820652142, 0.00193476991262, 0.00285121309571, 0.000667715328746, 0.000525729439687, 0.000597396399826, 0.000462400232209, 8.09660341474e-05, 6.53881943435e-05, 0.000116937415441, 9.12808754947e-05, 0.000110477027192, 0.000162044903846, 0.000151117550558, 9.24536798266e-05, 7.52041814849e-05, 4.4290391088e-05, 1.34294468808e-05, 4.15010617871e-07],
        "var": [1.47293038877e-10, 1.56255573529e-05, 2.63837700913e-05, 3.63347112398e-06, 7.91661586845e-05, 7.16887661838e-05, 2.77769868262e-05, 3.37871574629e-06, 6.44249257675e-06, 3.74333444597e-06, 8.12941652839e-06, 4.4584379566e-07, 2.76391432408e-07, 3.56882424057e-07, 2.13813976302e-07, 6.55549925455e-09, 4.27561586136e-09, 1.36743594226e-08, 8.33219804264e-09, 1.22051737605e-08, 2.62585491129e-08, 2.2836513125e-08, 8.54768344993e-09, 5.65566882216e-09, 1.96163885136e-09, 1.80350040457e-10, 1.72233822798e-13]
    },
    "erbbands": {
        "dmean": [0.00711016310379, 0.225307554007, 1.0435038805, 1.65926742554, 5.56348323822, 10.9263248444, 16.2461452484, 22.1636791229, 11.9487142563, 15.9560451508, 9.07156848907, 13.4646091461, 7.8705163002, 10.6801328659, 13.8807220459, 4.37919235229, 7.02966117859, 5.64990520477, 6.42501926422, 2.01692914963, 0.977674841881, 0.857137560844, 1.06961762905, 1.27764368057, 0.718345344067, 0.904504537582, 1.02114760876, 0.859474778175, 0.533721804619, 0.462284654379, 0.312675923109, 0.277590870857, 0.213264510036, 0.137887895107, 0.0674291700125, 0.024600930512, 0.00521214492619, 0.00060674524866, 1.65865349118e-05, 7.25218524167e-06],
        "dmean2": [0.0113182486966, 0.3700517416, 1.6563782692, 2.71286296844, 8.61111831665, 16.9824104309, 24.5013561249, 33.528427124, 17.6093425751, 24.6515750885, 13.2197723389, 18.4076423645, 10.7708826065, 15.0911626816, 18.5026626587, 6.36899852753, 10.5996427536, 8.62221336365, 9.7537689209, 2.9025645256, 1.4115613699, 1.33182704449, 1.61225533485, 1.79951822758, 1.04482424259, 1.2733874321, 1.53088235855, 1.20182538033, 0.768405377865, 0.563748538494, 0.402683824301, 0.394267618656, 0.302188962698, 0.198396191001, 0.102171525359, 0.0369343236089, 0.0081157842651, 0.000988202169538, 2.68211406365e-05, 1.08204740172e-05],
        "dvar": [0.00021266528347, 0.214051380754, 3.28960442543, 9.02962779999, 117.196716309, 340.543212891, 716.80279541, 2025.71435547, 1625.72412109, 2825.27490234, 282.458404541, 1226.96484375, 511.351104736, 1529.11804199, 2429.65380859, 164.484298706, 405.198852539, 209.253814697, 339.980865479, 38.922252655, 8.14378929138, 5.91950893402, 8.12811183929, 15.1955842972, 7.43477058411, 10.2832775116, 13.5975894928, 14.6615133286, 9.25420284271, 5.5172085762, 1.84905660152, 1.02322089672, 0.458391368389, 0.163714513183, 0.0273692514747, 0.00547960354015, 0.000293242221233, 6.60494470139e-06, 4.13263556709e-09, 7.80376180343e-11],
        "dvar2": [0.000492669874802, 0.500693798065, 7.45008707047, 21.9051055908, 289.700653076, 814.838989258, 1706.29321289, 5244.04541016, 3507.80639648, 6158.0625, 597.011535645, 2287.02392578, 689.473693848, 3313.63793945, 3899.97241211, 275.067474365, 1089.32519531, 458.058929443, 715.600097656, 70.070854187, 17.3640384674, 13.0715074539, 15.7109012604, 29.5453014374, 14.3180170059, 18.001953125, 25.307926178, 22.5360221863, 15.4824171066, 7.57266139984, 2.52847719193, 1.67626309395, 0.875306844711, 0.310390919447, 0.0609583891928, 0.0137973697856, 0.000769348465838, 1.82163876161e-05, 1.14508500459e-08, 1.75908357325e-10],
        "max": [0.334995448589, 9.12162017822, 31.5587730408, 79.6688690186, 156.76600647, 261.436126709, 389.677581787, 600.251220703, 933.094116211, 1296.84228516, 296.039703369, 665.137695312, 752.848205566, 998.537231445, 1053.40942383, 442.616210938, 417.708374023, 238.055999756, 320.844451904, 178.203796387, 68.5973052979, 41.2953987122, 63.9906654358, 98.3098526001, 56.9904975891, 77.8014678955, 87.5400924683, 77.4755706787, 79.5076141357, 56.3563346863, 31.6990776062, 25.1124038696, 16.5923900604, 8.58090782166, 2.3243637085, 1.24555516243, 0.30044233799, 0.0555967278779, 0.00129530834965, 0.000113968351798],
        "mean": [0.0250948518515, 0.847858965397, 3.79940629005, 6.31583833694, 15.2699975967, 36.3881187439, 56.7670707703, 61.5533752441, 32.575302124, 37.9693260193, 27.1008262634, 39.7412414551, 20.8658256531, 23.9229183197, 31.2867698669, 10.5001363754, 13.4834356308, 11.8597974777, 13.2776050568, 3.5800640583, 1.81166958809, 1.66029298306, 2.12270021439, 2.23539710045, 1.32201623917, 1.59585893154, 1.76382482052, 1.41019594669, 0.843554854393, 0.734520494938, 0.544692337513, 0.512596666813, 0.394801199436, 0.262921243906, 0.139229819179, 0.0425600931048, 0.00830357521772, 0.000810600875411, 3.62668724847e-05, 3.87784057239e-05],
        "median": [0.00820092391223, 0.392894625664, 2.3658041954, 3.56362891197, 8.1869134903, 20.7376213074, 31.4257068634, 32.7846069336, 13.272608757, 11.9259519577, 15.8507766724, 11.7009572983, 8.19678020477, 6.42598724365, 4.7067155838, 3.9537332058, 5.04123258591, 4.02142429352, 2.13010525703, 0.879687011242, 0.505560159683, 0.390501648188, 0.331683665514, 0.303080588579, 0.213518485427, 0.164249777794, 0.230327248573, 0.0887329280376, 0.0253056343645, 0.0271793995053, 0.0794609412551, 0.105832733214, 0.10679923743, 0.0898073092103, 0.0320632569492, 0.0105397077277, 0.00223768339492, 0.000176298082806, 2.42425921897e-05, 3.73051298084e-05],
        "min": [1.53686633813e-21, 9.36141059521e-21, 1.33656069559e-20, 4.03752414607e-20, 1.1019140481e-19, 2.57448074936e-19, 2.24265724663e-19, 3.49579787604e-19, 6.37295719472e-19, 1.27460467383e-18, 6.85381227745e-19, 1.05857053364e-18, 2.10007591765e-18, 1.48140582403e-18, 1.84797504839e-18, 3.77911648992e-18, 2.77935973861e-18, 5.71350275421e-18, 9.09897598474e-18, 1.54374153461e-17, 1.06593587389e-17, 8.35555071793e-18, 8.33939670774e-18, 1.05728488817e-17, 2.22919351732e-17, 1.86833514791e-17, 1.18957100317e-17, 1.43218646827e-17, 2.07989734292e-17, 2.3906816722e-17, 1.7556979639e-17, 2.25415501579e-17, 1.47823627472e-17, 1.33263652232e-17, 9.38681333121e-18, 5.06195864189e-18, 3.31715721092e-18, 1.28077637178e-18, 3.55358367966e-19, 4.12796439071e-20],
        "stdev": [0.0369001589715, 1.12463843822, 4.57868242264, 7.88507318497, 19.3436317444, 39.960231781, 63.4127960205, 78.8907165527, 70.7646789551, 81.2037811279, 35.4976234436, 72.569984436, 53.7495193481, 73.0425949097, 92.6546325684, 33.0093269348, 24.5591564178, 23.3430366516, 31.8338527679, 9.4184217453, 3.90557551384, 3.52241277695, 4.88518953323, 6.10274028778, 3.92236328125, 5.37255096436, 6.1691699028, 6.69666337967, 5.28007888794, 4.27818870544, 2.42885828018, 1.76808202267, 1.12753617764, 0.632174670696, 0.276427835226, 0.094180740416, 0.0185106694698, 0.00232632132247, 5.90887138969e-05, 2.07909379242e-05],
        "var": [0.0013616217766, 1.26481151581, 20.9643325806, 62.1743812561, 374.176055908, 1596.82006836, 4021.18261719, 6223.74462891, 5007.63964844, 6594.0546875, 1260.08129883, 5266.40234375, 2889.01074219, 5335.22070312, 8584.88085938, 1089.61560059, 603.152160645, 544.897338867, 1013.39422607, 88.7066726685, 15.2535209656, 12.4073915482, 23.8650760651, 37.2434387207, 15.3849334717, 28.8643016815, 38.0586585999, 44.8453025818, 27.8792324066, 18.302898407, 5.89935302734, 3.12611413002, 1.27133786678, 0.39964479208, 0.0764123499393, 0.00887001119554, 0.000342644896591, 5.41177087143e-06, 3.49147621925e-09, 4.32263114192e-10]
    },
    "gfcc": {
        "mean": [-73.8912277222, 157.299835205, -75.5104446411, -6.99390125275, -61.0396347046, 4.03073978424, -48.6025466919, -0.847202420235, -34.568107605, -1.34619247913, -10.8373737335, -13.6557216644, -6.33462381363],
        "cov": [[7191.44140625, -2589.34716797, -1477.9251709, 956.41595459, -862.301452637, 380.729522705, -370.033111572, 344.149780273, -590.942443848, 272.573181152, -9.99425506592, 160.150634766, 109.513328552], [-2589.34716797, 2832.17407227, 506.067718506, -1068.58239746, 1016.53369141, -293.624633789, 380.423278809, -174.448028564, 578.508850098, -171.006469727, 188.283401489, -125.742202759, -48.8493232727], [-1477.9251709, 506.067718506, 1001.13189697, -113.398254395, -14.6883420944, 127.024475098, 120.148193359, 3.11998486519, 133.577880859, -3.92439007759, 29.4869365692, 16.010061264, -38.1251564026], [956.41595459, -1068.58239746, -113.398254395, 718.0703125, -342.140228271, 67.1880722046, -93.0511474609, 66.3151931763, -149.817459106, 43.6799430847, -88.3125610352, 50.9672546387, -10.4492340088], [-862.301452637, 1016.53369141, -14.6883420944, -342.140228271, 611.697937012, -179.781967163, 137.64151001, -15.7662858963, 214.137115479, -52.4351234436, 49.103427887, -22.2301063538, -12.8133497238], [380.729522705, -293.624633789, 127.024475098, 67.1880722046, -179.781967163, 227.96144104, 7.64126062393, 34.5959129333, -53.8006134033, 59.7838363647, -2.25716638565, 11.9279413223, 9.71539020538], [-370.033111572, 380.423278809, 120.148193359, -93.0511474609, 137.64151001, 7.64126062393, 235.114501953, 8.65785980225, 84.281791687, 42.896987915, 33.3071861267, 23.5772171021, -36.5746040344], [344.149780273, -174.448028564, 3.11998486519, 66.3151931763, -15.7662858963, 34.5959129333, 8.65785980225, 196.311477661, -20.1453857422, 44.7197189331, 34.6627998352, 40.0574951172, 35.1275596619], [-590.942443848, 578.508850098, 133.577880859, -149.817459106, 214.137115479, -53.8006134033, 84.281791687, -20.1453857422, 249.779510498, -19.0620803833, 6.24775600433, -3.22895026207, -33.0922279358], [272.573181152, -171.006469727, -3.92439007759, 43.6799430847, -52.4351234436, 59.7838363647, 42.896987915, 44.7197189331, -19.0620803833, 130.399749756, 9.85004043579, 25.0109176636, 4.68470048904], [-9.99425506592, 188.283401489, 29.4869365692, -88.3125610352, 49.103427887, -2.25716638565, 33.3071861267, 34.6627998352, 6.24775600433, 9.85004043579, 125.183059692, 5.70644140244, 26.4556007385], [160.150634766, -125.742202759, 16.010061264, 50.9672546387, -22.2301063538, 11.9279413223, 23.5772171021, 40.0574951172, -3.22895026207, 25.0109176636, 5.70644140244, 99.1753616333, -5.85884952545], [109.513328552, -48.8493232727, -38.1251564026, -10.4492340088, -12.8133497238, 9.71539020538, -36.5746040344, 35.1275596619, -33.0922279358, 4.68470048904, 26.4556007385, -5.85884952545, 102.61504364]],
        "icov": [[0.000513180450071, -0.000907328503672, 0.0010732896626, -0.00084860867355, 0.00074752495857, -0.00122541910969, 0.000993641326204, -0.000810393830761, 0.000897838268429, -0.000826038129162, 0.000184354939847, -0.00106003752444, 0.000392884423491], [-0.000907328503672, 0.00845804344863, -0.00384872662835, 0.00594993541017, -0.00556892249733, 0.00451570795849, -0.00632605236024, 0.00404283916578, -0.00750500848517, 0.00536198262125, -0.00485396804288, 0.00641804747283, -0.001638189191], [0.0010732896626, -0.00384872662835, 0.00412682630122, -0.00287237996235, 0.0031380597502, -0.00407286733389, 0.00285687157884, -0.00251938006841, 0.00271176337264, -0.00221433769912, 0.00143449869938, -0.00362912286073, 0.00131988921203], [-0.00084860867355, 0.00594993541017, -0.00287237996235, 0.00658746995032, -0.00287107890472, 0.00394098740071, -0.00456472346559, 0.00216766819358, -0.00499598775059, 0.0037510197144, -0.00194010848645, 0.00403970200568, -0.000810523401015], [0.00074752495857, -0.00556892249733, 0.0031380597502, -0.00287107890472, 0.00775614753366, -0.00109383778181, 0.00262539391406, -0.00353167322464, 0.00296017643996, -0.00290844985284, 0.00299350824207, -0.00392560707405, 0.000733001099434], [-0.00122541910969, 0.00451570795849, -0.00407286733389, 0.00394098740071, -0.00109383778181, 0.0109555330127, -0.00477219140157, 0.00209345947951, -0.00379765918478, 0.00117245595902, -0.0015539592132, 0.00462273927405, -0.00185949646402], [0.000993641326204, -0.00632605236024, 0.00285687157884, -0.00456472346559, 0.00262539391406, -0.00477219140157, 0.0118171945214, -0.00303066591732, 0.00505836494267, -0.00671808142215, 0.0020782770589, -0.00621125428006, 0.0036012774799], [-0.000810393830761, 0.00404283916578, -0.00251938006841, 0.00216766819358, -0.00353167322464, 0.00209345947951, -0.00303066591732, 0.00915122032166, -0.0035802051425, 0.00128375599161, -0.00368191977032, 0.00130427896511, -0.00296741258353], [0.000897838268429, -0.00750500848517, 0.00271176337264, -0.00499598775059, 0.00296017643996, -0.00379765918478, 0.00505836494267, -0.0035802051425, 0.0134931057692, -0.00483097322285, 0.00502751395106, -0.00594615936279, 0.00266183610074], [-0.000826038129162, 0.00536198262125, -0.00221433769912, 0.0037510197144, -0.00290844985284, 0.00117245595902, -0.00671808142215, 0.00128375599161, -0.00483097322285, 0.0141311744228, -0.00305945123546, 0.00321138137951, -0.00154570792802], [0.000184354939847, -0.00485396804288, 0.00143449869938, -0.00194010848645, 0.00299350824207, -0.0015539592132, 0.0020782770589, -0.00368191977032, 0.00502751395106, -0.00305945123546, 0.0133492005989, -0.00375964399427, -0.0015452450607], [-0.00106003752444, 0.00641804747283, -0.00362912286073, 0.00403970200568, -0.00392560707405, 0.00462273927405, -0.00621125428006, 0.00130427896511, -0.00594615936279, 0.00321138137951, -0.00375964399427, 0.0171419270337, -0.000454769207863], [0.000392884423491, -0.001638189191, 0.00131988921203, -0.000810523401015, 0.000733001099434, -0.00185949646402, 0.0036012774799, -0.00296741258353, 0.00266183610074, -0.00154570792802, -0.0015452450607, -0.000454769207863, 0.0128222480416]]
    },
    "melbands": {
        "dmean": [0.000138702598633, 0.00044032355072, 0.000339085119776, 0.000599963532295, 0.000546571507584, 0.00048830913147, 0.00018193203141, 0.000162040450959, 7.11061875336e-05, 8.45526519697e-05, 3.80758392566e-05, 4.1765961214e-05, 5.59387844987e-05, 1.39436524478e-05, 1.39934127219e-05, 1.31187152874e-05, 1.17399758892e-05, 1.21169186968e-05, 4.55635745311e-06, 2.04017442229e-06, 1.10555004085e-06, 9.61073624239e-07, 1.00133399883e-06, 1.18349100831e-06, 1.09786833491e-06, 6.91169589118e-07, 4.50683955933e-07, 6.75823912388e-07, 7.10511073976e-07, 6.25440293334e-07, 4.72287354114e-07, 3.11668372888e-07, 2.95937667261e-07, 2.42792168592e-07, 1.88469059026e-07, 1.78169415221e-07, 1.82827662343e-07, 1.76471218083e-07, 1.15325910599e-07, 1.27678916328e-07],
        "dmean2": [0.0002255881991, 0.000708907842636, 0.00053925922839, 0.00093756581191, 0.000834443897475, 0.000732068903744, 0.000264728092588, 0.00025360006839, 0.000100779165223, 0.000116186718515, 5.12326441822e-05, 5.89035844314e-05, 7.35743305995e-05, 1.99704481929e-05, 2.06192326004e-05, 1.99152873392e-05, 1.786449684e-05, 1.82799049071e-05, 6.61420381221e-06, 2.98184795611e-06, 1.5757187839e-06, 1.51017229655e-06, 1.51772076151e-06, 1.76448281763e-06, 1.56146847985e-06, 1.00582258256e-06, 6.78621574934e-07, 9.66908373812e-07, 1.04628816189e-06, 8.84351095465e-07, 6.95516973792e-07, 4.61092156456e-07, 3.83686284522e-07, 3.30530298243e-07, 2.57545309523e-07, 2.57258420788e-07, 2.56758909245e-07, 2.53868620348e-07, 1.66246707067e-07, 1.88027243553e-07],
        "dvar": [8.14464300447e-08, 5.97417169956e-07, 3.03260037526e-07, 1.14980105081e-06, 6.24870835964e-07, 8.84190853867e-07, 3.4681150396e-07, 2.67032532975e-07, 1.6209696696e-08, 5.33194466357e-08, 1.22837899852e-08, 2.54221657059e-08, 4.54139268413e-08, 1.46376866184e-09, 1.41837219747e-09, 1.36462374734e-09, 9.49142653361e-10, 1.10682507604e-09, 1.92268617694e-10, 3.73026956546e-11, 1.39877380512e-11, 7.70727492244e-12, 1.08212726974e-11, 1.25285953487e-11, 1.23894497092e-11, 9.04236321236e-12, 2.01091183635e-12, 6.52747690968e-12, 5.86020468263e-12, 6.55551220946e-12, 5.18628456153e-12, 3.37017263055e-12, 2.9188372639e-12, 1.48736231664e-12, 7.77581124489e-13, 5.28510937271e-13, 3.91343343365e-13, 3.38513857787e-13, 1.20160852839e-13, 1.41203495836e-13],
        "dvar2": [1.90114022303e-07, 1.3619372794e-06, 6.9164531169e-07, 2.9379082207e-06, 1.50711866809e-06, 2.3234292712e-06, 7.32866396902e-07, 5.99253439759e-07, 3.14371497723e-08, 9.95667761572e-08, 1.63301407952e-08, 5.36746647128e-08, 7.4067379785e-08, 2.54996845861e-09, 3.50898599066e-09, 3.6539886672e-09, 1.99007077484e-09, 2.28080310194e-09, 3.97308297373e-10, 7.37261016126e-11, 2.73170791543e-11, 1.72197915649e-11, 2.45542960964e-11, 2.56641288082e-11, 2.49289078963e-11, 1.75110290851e-11, 4.08201770996e-12, 1.20545682811e-11, 1.14708390356e-11, 1.13982712158e-11, 8.74448083388e-12, 6.34940581015e-12, 3.87029861285e-12, 2.35773596827e-12, 1.29412539712e-12, 9.20668706203e-13, 6.80101320313e-13, 7.32482921973e-13, 2.25243692513e-13, 2.83420422548e-13],
        "max": [0.00634309696034, 0.0135608511046, 0.0120262904093, 0.0165370292962, 0.0101089049131, 0.0121387830004, 0.0121320569888, 0.0122665893286, 0.00217884918675, 0.00454635033384, 0.00373264448717, 0.00383595377207, 0.0050275111571, 0.000954652728979, 0.000696020724718, 0.000595513847657, 0.0005527753965, 0.000506223121192, 0.00025240945979, 0.000125527090859, 0.000111835310236, 3.75781055482e-05, 8.52998637129e-05, 7.78795001679e-05, 9.38117082114e-05, 6.65709521854e-05, 2.84893649223e-05, 6.04678825766e-05, 5.57634230063e-05, 5.07221084263e-05, 4.22123630415e-05, 4.93102161272e-05, 3.88871740142e-05, 2.69275442406e-05, 2.16089501919e-05, 1.70780804183e-05, 1.54437057063e-05, 1.37183005791e-05, 6.87988904247e-06, 7.66237735661e-06],
        "mean": [0.00050761946477, 0.00176047580317, 0.00127572671045, 0.00188372016419, 0.00199089571834, 0.00138064764906, 0.000481576891616, 0.000380994082661, 0.000212428989471, 0.000242595444433, 9.45692154346e-05, 9.0580113465e-05, 0.000120795717521, 3.25470682583e-05, 2.71020944638e-05, 2.48148244282e-05, 2.32166839851e-05, 2.44531056524e-05, 7.18427190805e-06, 3.30850298269e-06, 1.91490289581e-06, 1.76026901499e-06, 1.79009509793e-06, 2.0053037133e-06, 1.80910399195e-06, 1.11869871944e-06, 7.54517714086e-07, 1.14116619443e-06, 1.16260730465e-06, 1.00620820831e-06, 7.28001396055e-07, 4.56619602573e-07, 4.56174745977e-07, 3.89243496102e-07, 3.12606459829e-07, 2.98520859587e-07, 3.20186217095e-07, 2.99553164496e-07, 2.14184723291e-07, 2.2792245602e-07],
        "median": [0.000205925680348, 0.0011685192585, 0.000826822244562, 0.00112088012975, 0.00133258698042, 0.000810961937532, 0.000183948752237, 0.000129306747112, 0.000111626264697, 6.55859475955e-05, 3.22603045788e-05, 1.86629295058e-05, 1.45477015394e-05, 7.44845101508e-06, 9.35751268116e-06, 7.81103426561e-06, 6.0957477217e-06, 3.25112750943e-06, 1.31002752823e-06, 8.33051046811e-07, 4.64435998992e-07, 3.69893626839e-07, 2.99020911143e-07, 2.26293977335e-07, 2.03752264838e-07, 1.48717703041e-07, 1.12478936387e-07, 9.65573363487e-08, 1.52867684733e-07, 7.40993613135e-08, 2.98842941504e-08, 1.00400363579e-08, 6.81582745798e-09, 1.30148842814e-08, 3.65473660224e-08, 5.08569684143e-08, 5.87993582712e-08, 6.31137950791e-08, 7.5761661833e-08, 6.62074697289e-08],
        "min": [1.41838831589e-23, 9.17930776659e-24, 7.6983231801e-24, 1.41571360411e-23, 7.88380094499e-24, 8.01891704084e-24, 9.80744772871e-24, 1.41567573879e-23, 4.76300567279e-24, 7.98344827682e-24, 1.11181211901e-23, 6.62510789526e-24, 5.1159306033e-24, 9.16882696061e-24, 7.88298605168e-24, 6.0834846752e-24, 1.13844067107e-23, 1.46249321356e-23, 1.49969400058e-23, 2.48251702751e-23, 9.71987785734e-24, 8.62121707514e-24, 7.60859814074e-24, 7.60481476384e-24, 8.28840060353e-24, 1.10087330038e-23, 2.04828570233e-23, 1.02903757531e-23, 8.3805064251e-24, 5.10309386422e-24, 1.01576254511e-23, 1.29555864976e-23, 1.09718608562e-23, 1.2947014735e-23, 8.98871976075e-24, 1.33127898152e-23, 1.34974716195e-23, 9.63216441329e-24, 1.20155167341e-23, 1.0968907361e-23],
        "stdev": [0.000706580118276, 0.00194888364058, 0.00136621587444, 0.00197764462791, 0.00190156919416, 0.00164686550852, 0.00107030395884, 0.000768630823586, 0.000285234913463, 0.000473882915685, 0.000264242262347, 0.000298878992908, 0.000400261080358, 9.60280376603e-05, 5.46248957107e-05, 4.70622981084e-05, 5.17795269843e-05, 5.85431807849e-05, 2.04104435397e-05, 8.52669563756e-06, 5.15439023729e-06, 3.87367390431e-06, 4.61857143819e-06, 5.08396351506e-06, 5.33619231646e-06, 4.12227655033e-06, 2.14791043618e-06, 4.12014969697e-06, 3.86148985854e-06, 4.23239589509e-06, 3.77484298042e-06, 2.95846871268e-06, 2.96593088933e-06, 2.17024717131e-06, 1.44562363857e-06, 1.18062837373e-06, 1.07099913293e-06, 8.89749571797e-07, 5.52957033051e-07, 5.58928320515e-07],
        "var": [4.99255463637e-07, 3.79814741791e-06, 1.86654597201e-06, 3.91107823816e-06, 3.61596539733e-06, 2.71216617875e-06, 1.14555064101e-06, 5.90793320043e-07, 8.13589480231e-08, 2.24565013696e-07, 6.9823968829e-08, 8.93286582482e-08, 1.60208927014e-07, 9.22138454484e-09, 2.98387936581e-09, 2.21486007312e-09, 2.6811195486e-09, 3.42730421821e-09, 4.16586209973e-10, 7.27045437743e-11, 2.65677375932e-11, 1.50053511283e-11, 2.13312041641e-11, 2.58466841679e-11, 2.84749498286e-11, 1.69931655553e-11, 4.61351963577e-12, 1.69756344398e-11, 1.49111036019e-11, 1.7913174416e-11, 1.42494401695e-11, 8.7525368897e-12, 8.79674631749e-12, 4.70997242943e-12, 2.08982765988e-12, 1.39388338111e-12, 1.14703906096e-12, 7.91654285529e-13, 3.05761465409e-13, 3.12400848463e-13]
    },
    "melbands128": {
