{
"lowlevel": {
    "average_loudness": 0.972725450993,
    "barkbands_crest": {
        "dmean": 3.12408900261,
        "dmean2": 4.97254371643,
        "dvar": 7.52322673798,
        "dvar2": 18.5360813141,
        "max": 25.1314544678,
        "mean": 13.5970563889,
        "median": 13.0779018402,
        "min": 2.15439534187,
        "stdev": 4.91129589081,
        "var": 24.1208286285
    },
    "barkbands_flatness_db": {
        "dmean": 0.0271117743105,
        "dmean2": 0.0384010374546,
        "dvar": 0.00078601273708,
        "dvar2": 0.00130662613083,
        "max": 0.495569169521,
        "mean": 0.196508169174,
        "median": 0.188907325268,
        "min": 0.0259129647166,
        "stdev": 0.0675230622292,
        "var": 0.00455936416984
    },
    "barkbands_kurtosis": {
        "dmean": 9.02377128601,
        "dmean2": 13.9836320877,
        "dvar": 310.604248047,
        "dvar2": 722.595581055,
        "max": 280.491424561,
        "mean": 14.9487371445,
        "median": 8.6431684494,
        "min": -1.92265546322,
        "stdev": 22.3870601654,
        "var": 501.180450439
    },
    "barkbands_skewness": {
        "dmean": 0.909953773022,
        "dmean2": 1.36670172215,
        "dvar": 1.16836178303,
        "dvar2": 2.57234525681,
        "max": 15.0870599747,
        "mean": 2.71729803085,
        "median": 2.49202370644,
        "min": -2.05891394615,
        "stdev": 1.76616346836,
        "var": 3.11933326721
    },
    "barkbands_spread": {
        "dmean": 4.62011241913,
        "dmean2": 6.77533388138,
        "dvar": 62.7324714661,
        "dvar2": 121.879547119,
        "max": 92.53074646,
        "mean": 12.3091697693,
        "median": 9.2919549942,
        "min": 0.301674336195,
        "stdev": 11.3948383331,
        "var": 129.842330933
    },
    "dissonance": {
        "dmean": 0.0350347943604,
        "dmean2": 0.0584563612938,
        "dvar": 0.00100257620215,
        "dvar2": 0.00254344614223,
        "max": 0.500000059605,
        "mean": 0.420992136002,
        "median": 0.430359959602,
        "min": 0.10425119102,
        "stdev": 0.0517997406423,
        "var": 0.00268321321346
    },
    "dynamic_complexity": 1.91192996502,
    "erbbands_crest": {
        "dmean": 3.4747300148,
        "dmean2": 5.42378139496,
        "dvar": 9.58814525604,
        "dvar2": 22.3606071472,
        "max": 28.7295188904,
        "mean": 11.8782806396,
        "median": 10.9803285599,
        "min": 2.80178165436,
        "stdev": 5.1412153244,
        "var": 26.4320926666
    },
    "erbbands_flatness_db": {
        "dmean": 0.020375944674,
        "dmean2": 0.0296600274742,
        "dvar": 0.000393797818106,
        "dvar2": 0.000701093464158,
        "max": 0.310458630323,
        "mean": 0.174430057406,
        "median": 0.17276661098,
        "min": 0.0690996870399,
        "stdev": 0.0460360608995,
        "var": 0.00211931881495
    },
    "erbbands_kurtosis": {
        "dmean": 2.11121463776,
        "dmean2": 3.32556676865,
        "dvar": 6.8834528923,
        "dvar2": 15.8144865036,
        "max": 32.7785606384,
        "mean": 3.38311076164,
        "median": 2.65166425705,
        "min": -1.78967607021,
        "stdev": 3.90341639519,
        "var": 15.23665905
    },
    "erbbands_skewness": {
        "dmean": 0.504767179489,
        "dmean2": 0.768404185772,
        "dvar": 0.233499199152,
        "dvar2": 0.468394011259,
        "max": 4.75982713699,
        "mean": 1.2438236475,
        "median": 1.29045760632,
        "min": -2.15427541733,
        "stdev": 0.821696043015,
        "var": 0.675184369087
    },
    "erbbands_spread": {
        "dmean": 10.2656583786,
        "dmean2": 15.3370475769,
        "dvar": 201.175537109,
        "dvar2": 381.379852295,
        "max": 160.527084351,
        "mean": 34.2171134949,
        "median": 26.084728241,
        "min": 3.68602156639,
        "stdev": 26.1012382507,
        "var": 681.274658203
    },
    "hfc": {
        "dmean": 8.72495555878,
        "dmean2": 12.5908279419,
        "dvar": 312.195770264,
        "dvar2": 708.698303223,
        "max": 155.454223633,
        "mean": 21.6246242523,
        "median": 17.1815357208,
        "min": 3.42407838616e-05,
        "stdev": 20.411026001,
        "var": 416.609954834
    },
    "loudness_ebu128": {
        "integrated": -8.26277446747,
        "loudness_range": 1.41832351685,
        "momentary": {
            "dmean": 0.578697681427,
            "dmean2": 0.628893256187,
            "dvar": 0.257320404053,
            "dvar2": 0.254072070122,
            "max": -6.00345897675,
            "mean": -8.48005485535,
            "median": -8.22814941406,
            "min": -12.9883422852,
            "stdev": 1.43577611446,
            "var": 2.06145310402
        },
        "short_term": {
            "dmean": 0.0741937831044,
            "dmean2": 0.0797081440687,
            "dvar": 0.0031085209921,
            "dvar2": 0.00364524545148,
            "max": -7.34547805786,
            "mean": -8.30832481384,
            "median": -8.37643051147,
            "min": -9.3120174408,
            "stdev": 0.494515180588,
            "var": 0.244545266032
        }
    },
    "melbands_crest": {
        "dmean": 3.77028632164,
        "dmean2": 5.85300111771,
        "dvar": 10.4782962799,
        "dvar2": 24.375295639,
        "max": 32.5709533691,
        "mean": 17.9374904633,
        "median": 17.7644634247,
        "min": 3.8977329731,
        "stdev": 6.39492511749,
        "var": 40.8950691223
    },
    "melbands_flatness_db": {
        "dmean": 0.0318824015558,
        "dmean2": 0.0441618226469,
        "dvar": 0.00121868762653,
        "dvar2": 0.00205323379487,
        "max": 0.64751547575,
        "mean": 0.274376124144,
        "median": 0.263826578856,
        "min": 0.0424033813179,
        "stdev": 0.0901255607605,
        "var": 0.00812261644751
    },
    "melbands_kurtosis": {
        "dmean": 19.556476593,
        "dmean2": 30.8715286255,
        "dvar": 2471.69824219,
        "dvar2": 5985.47705078,
        "max": 674.151428223,
        "mean": 30.142124176,
        "median": 15.843667984,
        "min": -1.76977598667,
        "stdev": 54.8848953247,
        "var": 3012.35180664
    },
    "melbands_skewness": {
        "dmean": 1.13274753094,
        "dmean2": 1.7064088583,
        "dvar": 2.35404467583,
        "dvar2": 5.08309650421,
        "max": 21.1528606415,
        "mean": 3.40055179596,
        "median": 2.92692637444,
        "min": -1.25341308117,
        "stdev": 2.48683285713,
        "var": 6.18433761597
    },
    "melbands_spread": {
        "dmean": 4.89457607269,
        "dmean2": 7.23225021362,
        "dvar": 97.5146179199,
        "dvar2": 191.804260254,
        "max": 204.246536255,
        "mean": 11.9602327347,
        "median": 8.76753330231,
        "min": 0.379800021648,
        "stdev": 12.8562030792,
        "var": 165.281951904
    },
    "pitch_salience": {
        "dmean": 0.0878821238875,
        "dmean2": 0.141708672047,
        "dvar": 0.00872429087758,
        "dvar2": 0.0197907090187,
        "max": 0.882380127907,
        "mean": 0.488041728735,
        "median": 0.4980943501,
        "min": 0.0880936086178,
        "stdev": 0.148698166013,
        "var": 0.0221111457795
    },
    "silence_rate_20dB": {
        "dmean": 0,
        "dmean2": 0,
        "dvar": 0,
        "dvar2": 0,
        "max": 1,
        "mean": 1,
        "median": 1,
        "min": 1,
        "stdev": 0,
        "var": 0
    },
    "silence_rate_30dB": {
        "dmean": 0.071207433939,
        "dmean2": 0.142525181174,
        "dvar": 0.0661371946335,
        "dvar2": 0.14390052855,
        "max": 1,
        "mean": 0.883217334747,
        "median": 1,
        "min": 0,
        "stdev": 0.321163356304,
        "var": 0.103145897388
    },
    "silence_rate_60dB": {
        "dmean": 0.00851393211633,
        "dmean2": 0.0162664595991,
        "dvar": 0.0084414370358,
        "dvar2": 0.0206497907639,
        "max": 1,
        "mean": 0.00618716143072,
        "median": 0,
        "min": 0,
        "stdev": 0.0784141868353,
        "var": 0.00614878442138
    },
    "spectral_centroid": {
        "dmean": 195.110778809,
        "dmean2": 279.033294678,
        "dvar": 99115.015625,
        "dvar2": 175166.34375,
        "max": 4138.71289062,
        "mean": 748.110107422,
        "median": 645.440368652,
        "min": 120.198982239,
        "stdev": 480.889678955,
        "var": 231254.875
    },
    "spectral_complexity": {
        "dmean": 3.30650162697,
        "dmean2": 4.82649087906,
        "dvar": 28.4974689484,
        "dvar2": 48.6189346313,
        "max": 59,
        "mean": 13.3990716934,
        "median": 12,
        "min": 0,
        "stdev": 7.72356319427,
        "var": 59.653427124
    },
    "spectral_decrease": {
        "dmean": 4.41890080083e-09,
        "dmean2": 6.24890139633e-09,
        "dvar": 4.07902877082e-17,
        "dvar2": 7.54455025446e-17,
        "max": -2.30944820559e-14,
        "mean": -1.35413644742e-08,
        "median": -1.02412149872e-08,
        "min": -6.93038799682e-08,
        "stdev": 1.12201741231e-08,
        "var": 1.25892309959e-16
    },
    "spectral_energy": {
        "dmean": 0.0173148456961,
        "dmean2": 0.0244331248105,
        "dvar": 0.000596156751271,
        "dvar2": 0.00110490969382,
        "max": 0.2643430233,
        "mean": 0.053069666028,
        "median": 0.0406107380986,
        "min": 9.02693741978e-08,
        "stdev": 0.0428413487971,
        "var": 0.00183538126294
    },
    "spectral_energyband_high": {
        "dmean": 0.000657994940411,
        "dmean2": 0.000966431747656,
        "dvar": 3.5794064388e-06,
        "dvar2": 7.78576941229e-06,
        "max": 0.0157891456038,
        "mean": 0.00091350346338,
        "median": 0.000316078425385,
        "min": 7.18711146153e-10,
        "stdev": 0.00206020963378,
        "var": 4.24446352554e-06
    },
    "spectral_energyband_low": {
        "dmean": 0.0136569384485,
        "dmean2": 0.0202328525484,
        "dvar": 0.000800955982413,
        "dvar2": 0.00164817122277,
        "max": 0.25935921073,
        "mean": 0.0304722655565,
        "median": 0.0091658430174,
        "min": 1.66459521722e-08,
        "stdev": 0.0437635928392,
        "var": 0.00191525218543
    },
    "spectral_energyband_middle_high": {
        "dmean": 0.00223955721594,
        "dmean2": 0.00331188016571,
        "dvar": 1.69625272974e-05,
        "dvar2": 3.69381450582e-05,
        "max": 0.0586816482246,
        "mean": 0.00455406075343,
        "median": 0.0021571549587,
        "min": 2.87570078861e-09,
        "stdev": 0.00657227262855,
        "var": 4.31947701145e-05
    },
    "spectral_energyband_middle_low": {
        "dmean": 0.00743316207081,
        "dmean2": 0.0122219389305,
        "dvar": 0.000105270686618,
        "dvar2": 0.000268168572802,
        "max": 0.0863190665841,
        "mean": 0.0187334287912,
        "median": 0.0165956113487,
        "min": 7.42058574588e-08,
        "stdev": 0.0123441750184,
        "var": 0.000152378663188
    },
    "spectral_entropy": {
        "dmean": 0.232994765043,
        "dmean2": 0.335297435522,
        "dvar": 0.066976800561,
        "dvar2": 0.10799574852,
        "max": 8.59146308899,
        "mean": 7.12212181091,
        "median": 7.1033821106,
        "min": 5.15629720688,
        "stdev": 0.572907924652,
        "var": 0.328223466873
    },
    "spectral_flux": {
        "dmean": 0.0391981564462,
        "dmean2": 0.0577105022967,
        "dvar": 0.00200948189013,
        "dvar2": 0.00343281170353,
        "max": 0.453463643789,
        "mean": 0.111067689955,
        "median": 0.0891187414527,
        "min": 0.000300448620692,
        "stdev": 0.0760291740298,
        "var": 0.00578043563291
    },
    "spectral_kurtosis": {
        "dmean": 2.22886180878,
        "dmean2": 3.55578136444,
        "dvar": 16.7490501404,
        "dvar2": 35.913482666,
        "max": 68.9328231812,
        "mean": 5.70802974701,
        "median": 4.54029083252,
        "min": -1.03918814659,
        "stdev": 6.19764900208,
        "var": 38.4108505249
    },
    "spectral_rms": {
        "dmean": 0.00110324355774,
        "dmean2": 0.00151549361181,
        "dvar": 1.58468822065e-06,
        "dvar2": 2.63393962996e-06,
        "max": 0.0160591285676,
        "mean": 0.00666713435203,
        "median": 0.00629446050152,
        "min": 9.38443827181e-06,
        "stdev": 0.00270640826784,
        "var": 7.3246460488e-06
    },
    "spectral_rolloff": {
        "dmean": 406.130187988,
        "dmean2": 683.99395752,
        "dvar": 1211885.125,
        "dvar2": 2599279.75,
        "max": 11886.328125,
        "mean": 841.493530273,
        "median": 516.796875,
        "min": 64.599609375,
        "stdev": 1237.37207031,
        "var": 1531089.75
    },
    "spectral_skewness": {
        "dmean": 0.312682032585,
        "dmean2": 0.468897610903,
        "dvar": 0.140924885869,
        "dvar2": 0.299918711185,
        "max": 6.70370912552,
        "mean": 1.98797249794,
        "median": 1.95568287373,
        "min": 0.250684797764,
        "stdev": 0.759193956852,
        "var": 0.576375484467
    },
    "spectral_spread": {
        "dmean": 919643.8125,
        "dmean2": 1353300.125,
        "dvar": 1.44732035482e+12,
        "dvar2": 2.78630734234e+12,
        "max": 19595512,
        "mean": 5530150.5,
        "median": 5194376.5,
        "min": 1157955.25,
        "stdev": 1963874.875,
        "var": 3.8568043479e+12
    },
    "spectral_strongpeak": {
        "dmean": 0.496210664511,
        "dmean2": 0.787057459354,
        "dvar": 0.4512167871,
        "dvar2": 0.984785914421,
        "max": 6.08344745636,
        "mean": 1.14616417885,
        "median": 0.685436844826,
        "min": 0.00012433923257,
        "stdev": 1.08087813854,
        "var": 1.16829752922
    },
    "zerocrossingrate": {
        "dmean": 0.0107070403174,
        "dmean2": 0.0119324438274,
        "dvar": 0.000238486376475,
        "dvar2": 0.000270650489256,
        "max": 0.3193359375,
        "mean": 0.0406470522285,
        "median": 0.03369140625,
        "min": 0.00244140625,
        "stdev": 0.0324424915016,
        "var": 0.001052515232
    },
    "barkbands": {
        "dmean": [0.000547791249119, 0.00859215855598, 0.00862209685147, 0.00294072274119, 0.0026785149239, 0.00128917687107, 0.00213099340908, 0.00156974699348, 0.00123186956625, 0.000808742828667, 0.000548436655663, 0.000663111160975, 0.000450338498922, 0.00024859898258, 0.000149161816807, 8.33129015518e-05, 0.000122461831779, 0.000114110946015, 5.60271728318e-05, 0.000102967453131, 0.000144046236528, 0.000161593794473, 0.000142803532071, 0.000107239713543, 6.25403263257e-05, 4.1961644456e-05, 1.8747134618e-06],
        "dmean2": [0.000561612367164, 0.0123677039519, 0.0145380347967, 0.00543573917821, 0.00466395169497, 0.00198394036852, 0.00325398356654, 0.00250913319178, 0.00192271417473, 0.00115515408106, 0.000851570686791, 0.00105503422674, 0.000700448057614, 0.000408628489822, 0.000234488048591, 0.000129618303617, 0.00020375418535, 0.000191541985259, 9.19663143577e-05, 0.000154791079694, 0.00021989562083, 0.000245727918809, 0.000208894591196, 0.000158490118338, 9.3666902103e-05, 6.63973332848e-05, 3.11518351737e-06],
        "dvar": [8.51647655509e-07, 0.000277414597804, 0.000735690176953, 5.43910609849e-05, 1.3666562154e-05, 6.80395351083e-06, 1.29333402583e-05, 1.12665320557e-05, 7.55893324822e-06, 5.22248819834e-06, 3.69072040485e-06, 2.33343371292e-06, 9.54163056122e-07, 3.28269010197e-07, 1.37723390026e-07, 3.21058912789e-08, 1.1227888308e-07, 1.95710057938e-07, 2.63000323741e-08, 1.06555056334e-07, 2.14024495904e-07, 3.00932811115e-07, 1.7282715703e-07, 5.21659870856e-08, 1.61971485113e-08, 7.33221261484e-09, 1.91190917265e-11],
        "dvar2": [8.64589537741e-07, 0.000585024477914, 0.00180210592225, 0.000153831904754, 3.86264509871e-05, 1.39087551361e-05, 2.61456716544e-05, 2.69877200481e-05, 1.66885929502e-05, 8.85749705049e-06, 8.78677383298e-06, 5.46933006262e-06, 2.17931187763e-06, 8.14336601707e-07, 3.42468268855e-07, 7.44289962995e-08, 3.07342816086e-07, 5.12044607603e-07, 6.84211656221e-08, 2.54559040513e-07, 5.04532579271e-07, 6.81062203967e-07, 3.54233861799e-07, 1.12268047303e-07, 3.51896041195e-08, 1.72334022608e-08, 4.9020777021e-11],
        "max": [0.0106371976435, 0.142012387514, 0.209535300732, 0.0580834150314, 0.0369299612939, 0.0512539967895, 0.0418255925179, 0.0642506107688, 0.0484440140426, 0.0512168258429, 0.0426791012287, 0.0199477802962, 0.0116643197834, 0.00721136527136, 0.00648471014574, 0.00328773492947, 0.00316798780113, 0.00352117116563, 0.00149259041063, 0.00303895119578, 0.00416498351842, 0.00461046630517, 0.004240129143, 0.00269817654043, 0.00132175022736, 0.000845262606163, 5.05107163917e-05],
        "mean": [0.00150352122728, 0.0198260638863, 0.00762399239466, 0.00266291573644, 0.00434949854389, 0.0030037984252, 0.00418553408235, 0.00248083891347, 0.00189084303565, 0.00140348647255, 0.000715990492608, 0.000914553645998, 0.000624769134447, 0.000279576110188, 0.000206682860153, 0.000114032009151, 0.000153299391968, 0.00010215491784, 6.80347948219e-05, 0.000117999414215, 0.000172576823388, 0.000196656837943, 0.000178400499863, 0.000160804804182, 8.4484803665e-05, 4.74467415188e-05, 1.72860654857e-06],
        "median": [0.000126612765598, 0.00349140074104, 0.000460350420326, 0.000988808460534, 0.00280568515882, 0.000939506920986, 0.00178031832911, 0.0006929722731, 0.000746119592804, 0.000243763744948, 0.000117005729408, 0.000227133685257, 0.000111611603643, 5.99278791924e-05, 3.43406100001e-05, 3.00985975628e-05, 3.92754882341e-05, 1.95559132408e-05, 2.39799246629e-05, 2.86690137727e-05, 3.91978719563e-05, 4.0690851165e-05, 3.29009890265e-05, 5.07239710714e-05, 2.55534760072e-05, 1.21727362057e-05, 2.5673355708e-07],
        "min": [1.73892622524e-09, 4.51195258933e-09, 6.56125731524e-09, 1.01805683883e-08, 3.15585069188e-08, 1.66507057031e-08, 1.3703338464e-09, 4.83135531582e-09, 8.7782705549e-09, 1.53696455563e-09, 6.97374824554e-10, 7.06973313225e-10, 2.46672904325e-10, 6.04475983157e-11, 3.43003958569e-11, 2.0402164333e-11, 1.22521819079e-11, 3.9093995402e-11, 8.47078050065e-12, 1.00044295764e-11, 1.30610123411e-11, 1.04472937246e-10, 5.00773242318e-11, 4.56278903549e-10, 8.18241724376e-11, 8.92772227673e-12, 2.29496434877e-13],
        "stdev": [0.00243807933293, 0.0288468953222, 0.0247069951147, 0.00598081527278, 0.00444454234093, 0.00672616576776, 0.0056872619316, 0.00486452225596, 0.00348561210558, 0.00391530431807, 0.00211273622699, 0.00197144178674, 0.00132151565049, 0.000617852143478, 0.000488158519147, 0.000230573656154, 0.000317497993819, 0.000387523672543, 0.000151602172991, 0.000325260189129, 0.000469370716019, 0.0005578804994, 0.000469757826068, 0.000313108583214, 0.000165444245795, 9.00719096535e-05, 4.04817183153e-06],
        "var": [5.94423045186e-06, 0.0008321434143, 0.000610435614362, 3.57701501343e-05, 1.97539575311e-05, 4.52413041785e-05, 3.23449457937e-05, 2.36635769397e-05, 1.21494922496e-05, 1.53296077769e-05, 4.46365447715e-06, 3.88658236261e-06, 1.74640376827e-06, 3.81741244837e-07, 2.38298738964e-07, 5.31642108115e-08, 1.00804967929e-07, 1.50174599867e-07, 2.29832188836e-08, 1.05794192962e-07, 2.20308862708e-07, 3.11230678562e-07, 2.20672404794e-07, 9.80369847525e-08, 2.73718008259e-08, 8.11294942338e-09, 1.63876950204e-11]
    },
    "erbbands": {
        "dmean": [0.274305731058, 2.11123633385, 8.56183624268, 10.1719055176, 8.94923400879, 8.4233045578, 8.88602828979, 11.47082901, 26.0601139069, 31.874332428, 34.1463813782, 27.6047725677, 21.8041858673, 26.311788559, 21.9130382538, 23.2134170532, 19.9169025421, 14.0979166031, 8.85357570648, 6.96121406555, 4.05928134918, 7.20219230652, 4.44419956207, 4.92442989349, 2.77266788483, 5.62374067307, 6.71936607361, 5.14816713333, 5.31326532364, 4.7751326561, 4.00373601913, 2.73403763771, 1.59441161156, 0.768728196621, 0.448802620173, 0.251472502947, 0.0597707852721, 0.00791084114462, 0.000212258921238, 2.42230980803e-05],
        "dmean2": [0.335374861956, 2.90033102036, 13.2125482559, 17.6742630005, 16.3428611755, 14.217382431, 14.0114278793, 17.7785396576, 41.0036773682, 48.4443130493, 53.5549545288, 43.1387367249, 33.0524673462, 39.2206420898, 33.3528327942, 35.9905281067, 30.5261363983, 22.7937450409, 13.6309547424, 10.8977336884, 6.3182554245, 12.0489082336, 7.17204618454, 8.3203792572, 4.44440603256, 8.5607213974, 10.5042047501, 8.03605651855, 8.00118732452, 7.36133289337, 5.90820932388, 4.14672231674, 2.32182121277, 1.12954187393, 0.68460226059, 0.394488543272, 0.0966677442193, 0.0125228930265, 0.000340550439432, 3.49206529791e-05],
        "dvar": [0.20865829289, 19.2949409485, 640.761474609, 803.07244873, 233.137619019, 135.250610352, 269.794647217, 611.352478027, 2647.36987305, 3349.328125, 6077.62060547, 4691.1015625, 3128.63549805, 5389.80175781, 2934.03027344, 3196.13012695, 1815.23620605, 998.54675293, 408.531494141, 325.743988037, 67.0006484985, 444.628295898, 258.880004883, 321.897003174, 58.8073921204, 350.569549561, 616.669189453, 249.328414917, 309.571594238, 252.428527832, 128.88961792, 38.3475036621, 11.3304920197, 2.54838323593, 0.915202438831, 0.271304637194, 0.0152727738023, 0.000255531282164, 2.0000121026e-07, 1.1334264638e-09],
        "dvar2": [0.41014868021, 36.881942749, 1487.13793945, 2082.47802734, 692.727416992, 371.869384766, 565.934082031, 1239.42041016, 5578.16748047, 6687.69189453, 14461.4003906, 10823.8359375, 6576.05810547, 11185.8554688, 6183.17871094, 7343.00292969, 3970.0378418, 2407.28662109, 952.956726074, 718.524536133, 165.177902222, 1236.34399414, 671.548950195, 850.502502441, 144.946426392, 845.604187012, 1603.0859375, 574.731628418, 686.574035645, 519.674194336, 274.76776123, 85.626159668, 23.2126560211, 5.38604831696, 2.09668755531, 0.641157984734, 0.0366183668375, 0.000594999291934, 4.94335324674e-07, 2.16725748459e-09],
        "max": [4.30668926239, 38.6583747864, 210.661270142, 187.289901733, 147.097854614, 112.393692017, 230.804580688, 439.287902832, 634.90838623, 647.762084961, 1784.8972168, 1485.21679688, 1046.12561035, 995.361938477, 875.200683594, 995.046569824, 544.864746094, 429.002380371, 284.840270996, 414.721679688, 84.3214035034, 199.234725952, 143.767303467, 146.321472168, 62.932762146, 173.419219971, 241.189620972, 135.037872314, 155.536117554, 168.255249023, 108.504676819, 61.9692077637, 54.2793426514, 19.1926403046, 9.99763870239, 5.70141220093, 0.910122394562, 0.143433213234, 0.00430790008977, 0.000286468595732],
        "mean": [0.710387945175, 3.8636059761, 8.82073020935, 9.40573406219, 11.8033046722, 13.8575592041, 16.8314685822, 28.7269859314, 47.3995094299, 67.4677200317, 54.7007751465, 42.5127601624, 35.9668197632, 46.1685180664, 33.5412330627, 33.7246894836, 29.5311946869, 18.2166843414, 11.5462169647, 10.4644565582, 6.42399740219, 8.78341197968, 4.66148138046, 4.91974306107, 3.60737609863, 6.23589420319, 7.04143238068, 6.4962220192, 6.77910709381, 5.81083631516, 5.10828304291, 3.98837900162, 2.34063863754, 1.08607900143, 0.548639655113, 0.291940391064, 0.0642556548119, 0.00846571940929, 0.000243241433054, 6.85172562953e-05],
        "median": [0.117323078215, 0.614426553249, 0.814742386341, 2.62099337578, 7.30164527893, 8.50623512268, 6.4776301384, 10.146695137, 20.5638389587, 26.206987381, 17.6786270142, 16.6820831299, 11.2220544815, 9.74381542206, 9.24103164673, 8.40161418915, 6.48853158951, 3.96810483932, 2.36371469498, 1.96096372604, 2.09522652626, 2.56784629822, 1.24019491673, 1.29056155682, 1.17565190792, 1.44820463657, 1.56990849972, 1.45635700226, 1.43279981613, 1.12683141232, 0.979723572731, 1.1303845644, 0.708083212376, 0.333797961473, 0.14653365314, 0.0828900337219, 0.0152041111141, 0.00170730950776, 7.15564237908e-05, 5.28226919414e-05],
        "min": [1.27199783151e-07, 1.09478560262e-06, 6.16492297922e-06, 2.30552468565e-05, 6.06118956057e-05, 0.000115110713523, 0.000153196524479, 0.000122592260595, 3.96908289986e-05, 3.17293670378e-05, 0.000146508333273, 0.000203311661608, 9.57658121479e-05, 2.88308874588e-05, 3.39801263181e-05, 2.53485341091e-05, 1.30574662762e-05, 4.25126563641e-06, 2.30310070037e-06, 1.0863142279e-06, 9.20097932067e-07, 8.73610588314e-07, 1.80526376425e-06, 1.18258458315e-06, 4.8462908353e-07, 4.37072770865e-07, 6.96683912338e-07, 3.81338907118e-07, 2.40262556872e-06, 4.41797374151e-06, 1.82540020432e-06, 1.65418732649e-05, 2.02811702366e-06, 1.63402444286e-06, 9.86552706195e-08, 5.06819333168e-08, 1.53808379366e-08, 1.05508934922e-09, 9.50713327508e-11, 1.06249696541e-10],
        "stdev": [1.00632846355, 6.71886396408, 25.1688632965, 24.7652206421, 14.922542572, 14.8505563736, 30.5905189514, 63.4719047546, 75.5285873413, 101.433013916, 112.491241455, 81.9697418213, 80.9965515137, 118.157341003, 70.2820205688, 76.0730819702, 59.3371963501, 38.4364204407, 24.3151187897, 27.9039421082, 10.3537988663, 19.1644859314, 14.548740387, 15.7037725449, 7.73089027405, 18.2785758972, 22.5536441803, 16.4332027435, 18.4690704346, 16.9834346771, 12.8317651749, 7.85008478165, 4.84240627289, 2.24486207962, 1.0978153944, 0.556298315525, 0.124898053706, 0.0166599340737, 0.000439455150627, 5.26309086126e-05],
        "var": [1.01269698143, 45.1431312561, 633.471679688, 613.316162109, 222.682281494, 220.539031982, 935.779846191, 4028.68286133, 5704.56787109, 10288.65625, 12654.2792969, 6719.03808594, 6560.44140625, 13961.1572266, 4939.5625, 5787.11425781, 3520.90283203, 1477.35852051, 591.225036621, 778.629943848, 107.201141357, 367.277526855, 211.665847778, 246.608474731, 59.7666625977, 334.10635376, 508.666900635, 270.050170898, 341.1065979, 288.437072754, 164.654190063, 61.6238327026, 23.4488964081, 5.03940582275, 1.20519852638, 0.309467822313, 0.0155995246023, 0.000277553423075, 1.93120840208e-07, 2.77001266369e-09]
    },
    "gfcc": {
        "mean": [-3.32408356667, 96.6650619507, -86.4017944336, 14.0419206619, -80.6279754639, 16.6694755554, -39.8607749939, 5.27080726624, -25.5088405609, 2.57915639877, -15.9905939102, 0.205241411924, -13.9413394928],
        "cov": [[3503.33935547, -994.118530273, -553.304870605, 250.543563843, 59.9292831421, 311.795623779, -28.442237854, 269.238067627, 66.4771499634, 281.220855713, -150.561630249, -10.0413017273, -39.6978034973], [-994.118530273, 1541.69848633, 581.904602051, 236.820678711, 583.336608887, 205.857772827, 519.0234375, 168.207092285, 282.35458374, -2.31454277039, 331.665039062, 15.3410482407, 125.252960205], [-553.304870605, 581.904602051, 1294.02856445, 537.03112793, 434.345397949, 305.15234375, 340.837738037, 172.020141602, 174.514984131, 37.086566925, 181.446914673, 132.236206055, 35.3926391602], [250.543563843, 236.820678711, 537.03112793, 763.522094727, 413.101196289, 212.551177979, 211.814361572, 169.10017395, 283.028503418, 111.633872986, 129.187347412, 57.8805198669, 85.7346496582], [59.9292831421, 583.336608887, 434.345397949, 413.101196289, 644.926452637, 278.676605225, 274.341247559, 218.345291138, 237.152328491, 134.281311035, 167.74446106, -28.8426074982, 47.1489067078], [311.795623779, 205.857772827, 305.15234375, 212.551177979, 278.676605225, 363.243682861, 261.646392822, 173.67376709, 83.0980453491, 94.6687393188, 124.216995239, -7.19496774673, 16.13763237], [-28.442237854, 519.0234375, 340.837738037, 211.814361572, 274.341247559, 261.646392822, 479.191131592, 185.763305664, 103.862602234, 63.8957061768, 167.944580078, 50.2269973755, 70.2857589722], [269.238067627, 168.207092285, 172.020141602, 169.10017395, 218.345291138, 173.67376709, 185.763305664, 221.605529785, 100.863845825, 77.9242935181, 78.9481811523, 0.0117238583043, 30.1521587372], [66.4771499634, 282.35458374, 174.514984131, 283.028503418, 237.152328491, 83.0980453491, 103.862602234, 100.863845825, 288.218963623, 93.5128707886, 89.7763671875, 4.65643596649, 51.1800270081], [281.220855713, -2.31454277039, 37.086566925, 111.633872986, 134.281311035, 94.6687393188, 63.8957061768, 77.9242935181, 93.5128707886, 161.033355713, 56.1224784851, -32.036781311, -0.0823799520731], [-150.561630249, 331.665039062, 181.446914673, 129.187347412, 167.74446106, 124.216995239, 167.944580078, 78.9481811523, 89.7763671875, 56.1224784851, 205.143096924, 8.86838340759, 10.4680480957], [-10.0413017273, 15.3410482407, 132.236206055, 57.8805198669, -28.8426074982, -7.19496774673, 50.2269973755, 0.0117238583043, 4.65643596649, -32.036781311, 8.86838340759, 146.169052124, 40.8850822449], [-39.6978034973, 125.252960205, 35.3926391602, 85.7346496582, 47.1489067078, 16.13763237, 70.2857589722, 30.1521587372, 51.1800270081, -0.0823799520731, 10.4680480957, 40.8850822449, 130.068069458]],
        "icov": [[0.000700520526152, 0.000269470998319, 0.000590689131059, -0.000355875235982, -6.37918310531e-06, -0.000868868315592, 0.0001000723787, -0.000698682968505, -3.96068789996e-05, -0.000670613080729, 0.0007095883484, -0.000765148142818, 0.000444722827524], [0.000269470998319, 0.00348408706486, -0.000524843344465, 0.00170507351868, -0.00264810374938, 0.00149944273289, -0.00265789031982, 0.00100389379077, -0.00233273068443, 0.00297850533389, -0.00276744063012, 0.00123806938063, -0.0015231820289], [0.000590689131059, -0.000524843344465, 0.0021684858948, -0.0014048240846, 6.04528358963e-05, -0.00168827606831, 0.000407099811127, -0.000644968124107, 0.000600358180236, -0.000618599646259, 0.00106001831591, -0.00215807231143, 0.0014951294288], [-0.000355875235982, 0.00170507351868, -0.0014048240846, 0.00421009305865, -0.0021796177607, 0.00104163575452, -0.00115139759146, 0.000967289728578, -0.00295492773876, 0.00169321650174, -0.00179868843406, 0.000535359082278, -0.00194430514239], [-6.37918310531e-06, -0.00264810374938, 6.04528358963e-05, -0.0021796177607, 0.00609298469499, -0.00223143561743, 0.00177290686406, -0.00216730125248, 0.000623601896223, -0.00282603199594, 0.00177224050276, 0.000536513223778, 0.00102249498013], [-0.000868868315592, 0.00149944273289, -0.00168827606831, 0.00104163575452, -0.00223143561743, 0.00878876168281, -0.00349218118936, -0.000578348932322, 0.000233242069953, 0.00105976022314, -0.00310519197956, 0.00275634624995, -0.000904316431843], [0.0001000723787, -0.00265789031982, 0.000407099811127, -0.00115139759146, 0.00177290686406, -0.00349218118936, 0.00717394426465, -0.00284635764547, 0.0021141867619, -0.00226488756016, 0.000436910195276, -0.00242112530395, -0.000295431324048], [-0.000698682968505, 0.00100389379077, -0.000644968124107, 0.000967289728578, -0.00216730125248, -0.000578348932322, -0.00284635764547, 0.01050812006, -0.00167857168708, 0.000513418752234, -0.00115608552005, 0.00116668618284, -0.0012954097474], [-3.96068789996e-05, -0.00233273068443, 0.000600358180236, -0.00295492773876, 0.000623601896223, 0.000233242069953, 0.0021141867619, -0.00167857168708, 0.00875582359731, -0.00425634207204, 0.000719185103662, -0.000920519465581, -0.000206177661312], [-0.000670613080729, 0.00297850533389, -0.000618599646259, 0.00169321650174, -0.00282603199594, 0.00105976022314, -0.00226488756016, 0.000513418752234, -0.00425634207204, 0.0134763000533, -0.00442011700943, 0.00346038956195, -0.00107151106931], [0.0007095883484, -0.00276744063012, 0.00106001831591, -0.00179868843406, 0.00177224050276, -0.00310519197956, 0.000436910195276, -0.00115608552005, 0.000719185103662, -0.00442011700943, 0.011423477903, -0.00241464143619, 0.00310731702484], [-0.000765148142818, 0.00123806938063, -0.00215807231143, 0.000535359082278, 0.000536513223778, 0.00275634624995, -0.00242112530395, 0.00116668618284, -0.000920519465581, 0.00346038956195, -0.00241464143619, 0.0114504052326, -0.00373056042008], [0.000444722827524, -0.0015231820289, 0.0014951294288, -0.00194430514239, 0.00102249498013, -0.000904316431843, -0.000295431324048, -0.0012954097474, -0.000206177661312, -0.00107151106931, 0.00310731702484, -0.00373056042008, 0.0113700767979]]
    },
    "melbands": {
        "dmean": [0.00226344913244, 0.00329229491763, 0.00160139647778, 0.000625062559266, 0.000312606658554, 0.000258576270426, 0.000401533325203, 0.000335821969202, 0.000273856858257, 0.00016732927179, 0.000114536371257, 0.000114604968985, 7.92131395428e-05, 7.19500458217e-05, 5.89966621192e-05, 4.12822082581e-05, 2.590162876e-05, 1.6083007722e-05, 9.80405002338e-06, 7.32372245693e-06, 4.97661176269e-06, 8.90230239747e-06, 3.67321626982e-06, 5.78383014727e-06, 3.89077422369e-06, 2.41584166361e-06, 2.14353940464e-06, 4.09217091146e-06, 4.3922182158e-06, 3.58521106136e-06, 2.92096115118e-06, 3.06059632749e-06, 3.31748128701e-06, 2.51562937592e-06, 2.37208337239e-06, 2.32470051742e-06, 1.54271822339e-06, 1.23718052691e-06, 8.60355385157e-07, 5.97390567236e-07],
        "dmean2": [0.00306866853498, 0.00470628635958, 0.00273703923449, 0.00109326373786, 0.0004990780144, 0.000402992969612, 0.000624246895313, 0.000519616238307, 0.000428121740697, 0.000260246160906, 0.000171792838955, 0.000170056940988, 0.000120870499813, 0.000115362512588, 8.75903715496e-05, 6.59320867271e-05, 4.20605574618e-05, 2.50640423474e-05, 1.57376962306e-05, 1.12790312414e-05, 7.93005256128e-06, 1.48523358803e-05, 6.26106111667e-06, 9.63216643868e-06, 6.60180603518e-06, 3.97512940253e-06, 3.28891155732e-06, 6.29298074273e-06, 7.1391414167e-06, 5.57882276553e-06, 4.56437737739e-06, 4.64931827082e-06, 5.15730107509e-06, 3.89257684219e-06, 3.53543032361e-06, 3.53912651008e-06, 2.37776180256e-06, 1.87213186109e-06, 1.26990300942e-06, 9.12730570235e-07],
        "dvar": [1.55502693815e-05, 7.36702204449e-05, 1.58946149895e-05, 8.17125112462e-07, 2.92768731924e-07, 2.82276261032e-07, 5.73868817355e-07, 3.57860756139e-07, 3.66328833934e-07, 1.64625305388e-07, 9.02478660691e-08, 1.03103154458e-07, 5.56096431126e-08, 3.08476764133e-08, 1.61534607912e-08, 8.80695072425e-09, 3.77842024335e-09, 1.33465916097e-09, 7.47875594787e-10, 3.65218605358e-10, 9.86792939028e-11, 6.64501231817e-10, 1.19393592235e-10, 5.23095733396e-10, 1.90899906993e-10, 4.9595758056e-11, 3.33393868068e-11, 1.90298485303e-10, 2.85096307673e-10, 1.31266747472e-10, 7.9206106951e-11, 9.97973231831e-11, 1.29004112948e-10, 7.20329421111e-11, 4.8524864682e-11, 3.46923947903e-11, 1.07235140906e-11, 7.16535858425e-12, 3.18645977659e-12, 1.63232892914e-12],
        "dvar2": [3.25047622027e-05, 0.00015128722589, 3.93069130951e-05, 2.37386325352e-06, 6.36103663965e-07, 5.79783943522e-07, 1.19824926514e-06, 7.71632301166e-07, 8.6953372147e-07, 3.77275142682e-07, 1.80716767773e-07, 2.08110037647e-07, 1.20741390219e-07, 7.29355775775e-08, 3.52022091477e-08, 2.16788791363e-08, 9.1144443104e-09, 3.14932546708e-09, 1.87533077955e-09, 8.45583048026e-10, 2.46213438526e-10, 1.84180337648e-09, 3.30666272141e-10, 1.3501081364e-09, 5.07248743009e-10, 1.28690225143e-10, 7.85157772132e-11, 4.63441313103e-10, 7.57977791643e-10, 3.19733711729e-10, 1.80808673589e-10, 2.16597823011e-10, 3.09659492492e-10, 1.48367498842e-10, 1.06850930881e-10, 7.89862203421e-11, 2.39743936509e-11, 1.54171831551e-11, 6.32390450769e-12, 3.7253403487e-12],
        "max": [0.0353707671165, 0.075312577188, 0.0263881757855, 0.00992779806256, 0.00694201514125, 0.00961734820157, 0.00940098427236, 0.00662671634927, 0.0138824181631, 0.00848789326847, 0.00609659589827, 0.00465547991917, 0.00470172660425, 0.00216710357927, 0.00213997554965, 0.00111445807852, 0.00093421631027, 0.000424192752689, 0.000607638561632, 0.000413630361436, 8.84473774931e-05, 0.000245658360654, 0.000105849321699, 0.000179822309292, 0.000113579510071, 6.26130713499e-05, 4.93786828883e-05, 0.000126148181153, 0.000166849247762, 9.54100178205e-05, 8.91272502486e-05, 8.84145483724e-05, 0.000103281934571, 0.00010219473188, 6.82415193296e-05, 5.08845696459e-05, 3.6110948713e-05, 3.96329378418e-05, 2.70589280262e-05, 1.51226504386e-05],
        "mean": [0.00582539429888, 0.00466592004523, 0.00168743066024, 0.000975348171778, 0.000599539780524, 0.000629946123809, 0.00075424235547, 0.00069856637856, 0.00041877431795, 0.00025293341605, 0.000182862364454, 0.000198680092581, 0.000113713940664, 9.69467437244e-05, 8.33556987345e-05, 5.48268617422e-05, 3.06390938931e-05, 1.89029342437e-05, 1.36749704325e-05, 1.07154328362e-05, 7.11139500709e-06, 1.04803821159e-05, 4.21915774496e-06, 5.09920346303e-06, 3.829180514e-06, 2.81780376099e-06, 2.66806478066e-06, 4.37866174252e-06, 4.41587644673e-06, 4.03077729061e-06, 3.70597126675e-06, 3.91196772398e-06, 3.71656005882e-06, 2.94049800686e-06, 2.81895017906e-06, 3.02439866573e-06, 2.24854056796e-06, 1.70411180989e-06, 1.28726196635e-06, 7.76332797159e-07],
        "median": [0.000997349037789, 0.000622423598543, 0.000630577269476, 0.000674734590575, 0.000245059462031, 0.000217977474676, 0.000335563498084, 0.000263427820755, 0.000121736477013, 9.97156748781e-05, 5.0786009524e-05, 4.12431436416e-05, 2.54732167377e-05, 2.44064976869e-05, 1.57902086357e-05, 9.88770989352e-06, 5.64969650441e-06, 3.26015697283e-06, 2.31210515267e-06, 2.25201347348e-06, 2.19440858018e-06, 2.66839015239e-06, 1.23300037558e-06, 8.46177158564e-07, 9.63466732173e-07, 8.83544316821e-07, 6.69028850098e-07, 9.53303242568e-07, 9.68624135567e-07, 7.78955950409e-07, 7.6289035178e-07, 6.84436997744e-07, 8.08219340342e-07, 4.956129942e-07, 4.55043817738e-07, 6.90191711783e-07, 6.5527967763e-07, 4.63886351554e-07, 4.20719601379e-07, 2.03940317078e-07],
        "min": [1.27126853489e-09, 2.75769718172e-09, 5.00202457232e-09, 6.3519718374e-09, 5.50057333015e-09, 2.77019185368e-09, 5.08752984185e-10, 4.4961218082e-10, 1.33306510275e-09, 1.24536603252e-09, 4.42644837451e-10, 1.09479113275e-10, 1.05524582128e-10, 9.28858170934e-11, 4.25933108228e-11, 1.87011517383e-11, 6.59669237638e-12, 3.48620091128e-12, 2.26251721351e-12, 1.38379195255e-12, 8.96084313522e-13, 6.16078260456e-13, 1.73705949798e-12, 1.60766094447e-12, 9.15346574579e-13, 2.44047756179e-13, 4.37369866886e-13, 2.40571614279e-13, 3.9162298621e-13, 3.48330630832e-13, 1.64358327295e-13, 6.0416293279e-13, 3.68992163213e-12, 1.80363547448e-12, 2.31345866943e-13, 3.82421394898e-12, 1.23222577975e-11, 5.06895035928e-13, 1.18356041114e-12, 1.30269937632e-12],
        "stdev": [0.00805128365755, 0.0102896206081, 0.00369110703468, 0.00100098806433, 0.000989826396108, 0.00135554280132, 0.00113076844718, 0.00101772276685, 0.000857907522004, 0.000489727943204, 0.000436696020188, 0.00052896811394, 0.000289523944957, 0.00022226011788, 0.00017533164646, 0.000118428542919, 7.14085181244e-05, 4.20288088208e-05, 3.47042623616e-05, 2.74378453469e-05, 1.17597810458e-05, 2.34878425545e-05, 9.85592942016e-06, 2.01834282052e-05, 1.20770973808e-05, 6.6404086283e-06, 6.07953597864e-06, 1.33077401188e-05, 1.48328363139e-05, 1.13562464321e-05, 9.40162681218e-06, 1.07012374428e-05, 1.10133541966e-05, 9.07454978005e-06, 7.58638498155e-06, 6.81095616528e-06, 4.29284636994e-06, 3.65406799574e-06, 2.66672009275e-06, 1.65724713952e-06],
        "var": [6.48231653031e-05, 0.000105876286398, 1.36242715598e-05, 1.00197712527e-06, 9.79756350716e-07, 1.8374961428e-06, 1.27863734178e-06, 1.03575973753e-06, 7.36005347335e-07, 2.39833440219e-07, 1.90703417502e-07, 2.79807295556e-07, 8.38241192014e-08, 4.93995599982e-08, 3.07411873735e-08, 1.40253195724e-08, 5.0991761924e-09, 1.76642089844e-09, 1.20438570228e-09, 7.52835405127e-10, 1.38292460816e-10, 5.51678758232e-10, 9.71393451787e-11, 4.07370803757e-10, 1.45856271505e-10, 4.40950297109e-11, 3.69607573714e-11, 1.77095949017e-10, 2.2001302169e-10, 1.28964339208e-10, 8.83905865168e-11, 1.14516486571e-10, 1.21293960986e-10, 8.23474552436e-11, 5.75532364822e-11, 4.63891251801e-11, 1.84285295357e-11, 1.33522134321e-11, 7.1113961074e-12, 2.74646798359e-12]
    },
    "melbands128": {
