{
"lowlevel": {
    "average_loudness": 0.977826058865,
    "barkbands_crest": {
        "dmean": 3.50951623917,
        "dmean2": 5.44820022583,
        "dvar": 9.93681621552,
        "dvar2": 23.2803535461,
        "max": 26.3126010895,
        "mean": 12.0644159317,
        "median": 11.2891082764,
        "min": 3.24728393555,
        "stdev": 5.05343532562,
        "var": 25.5372104645
    },
    "barkbands_flatness_db": {
        "dmean": 0.0346656441689,
        "dmean2": 0.0487871281803,
        "dvar": 0.00113646895625,
        "dvar2": 0.00205179932527,
        "max": 0.49225333333,
        "mean": 0.173131495714,
        "median": 0.165909856558,
        "min": 0.0299007110298,
        "stdev": 0.0721850022674,
        "var": 0.00521067483351
    },
    "barkbands_kurtosis": {
        "dmean": 8.34842300415,
        "dmean2": 13.3409585953,
        "dvar": 446.822570801,
        "dvar2": 1112.34936523,
        "max": 315.158233643,
        "mean": 10.3263931274,
        "median": 3.17948865891,
        "min": -1.95896816254,
        "stdev": 22.1858596802,
        "var": 492.212341309
    },
    "barkbands_skewness": {
        "dmean": 1.03030431271,
        "dmean2": 1.52767837048,
        "dvar": 1.45087099075,
        "dvar2": 3.06561279297,
        "max": 13.1126918793,
        "mean": 1.90624296665,
        "median": 1.59287643433,
        "min": -4.76536178589,
        "stdev": 1.92264342308,
        "var": 3.69655752182
    },
    "barkbands_spread": {
        "dmean": 9.78844451904,
        "dmean2": 14.8143596649,
        "dvar": 193.23248291,
        "dvar2": 396.765350342,
        "max": 115.978775024,
        "mean": 21.048707962,
        "median": 15.202337265,
        "min": 0.258206635714,
        "stdev": 20.2954750061,
        "var": 411.906280518
    },
    "dissonance": {
        "dmean": 0.0260983128101,
        "dmean2": 0.0425129681826,
        "dvar": 0.000972405949142,
        "dvar2": 0.00238894764334,
        "max": 0.499811828136,
        "mean": 0.445716381073,
        "median": 0.45985609293,
        "min": 0.0422250181437,
        "stdev": 0.0454636290669,
        "var": 0.00206694146618
    },
    "dynamic_complexity": 3.25188302994,
    "erbbands_crest": {
        "dmean": 3.51334810257,
        "dmean2": 5.67705869675,
        "dvar": 10.0810270309,
        "dvar2": 24.0049877167,
        "max": 31.406496048,
        "mean": 11.7907295227,
        "median": 10.7908525467,
        "min": 2.87370610237,
        "stdev": 5.33655548096,
        "var": 28.4788246155
    },
    "erbbands_flatness_db": {
        "dmean": 0.0287565216422,
        "dmean2": 0.0410582497716,
        "dvar": 0.000741715717595,
        "dvar2": 0.00147200631909,
        "max": 0.373076170683,
        "mean": 0.178388178349,
        "median": 0.179232046008,
        "min": 0.0485156588256,
        "stdev": 0.055303376168,
        "var": 0.00305846356787
    },
    "erbbands_kurtosis": {
        "dmean": 2.8354241848,
        "dmean2": 4.30510520935,
        "dvar": 38.5041313171,
        "dvar2": 74.7453536987,
        "max": 117.065254211,
        "mean": 2.84932899475,
        "median": 0.42172908783,
        "min": -1.87699329853,
        "stdev": 8.67567062378,
        "var": 75.2672653198
    },
    "erbbands_skewness": {
        "dmean": 0.706769943237,
        "dmean2": 1.02376413345,
        "dvar": 0.685312926769,
        "dvar2": 1.26213598251,
        "max": 8.62092971802,
        "mean": 0.67817568779,
        "median": 0.541120409966,
        "min": -5.31434726715,
        "stdev": 1.46727848053,
        "var": 2.15290617943
    },
    "erbbands_spread": {
        "dmean": 15.9680318832,
        "dmean2": 24.6829547882,
        "dvar": 453.3230896,
        "dvar2": 1097.82556152,
        "max": 169.003128052,
        "mean": 41.6721305847,
        "median": 34.6110038757,
        "min": 1.47228419781,
        "stdev": 29.763174057,
        "var": 885.846557617
    },
    "hfc": {
        "dmean": 12.003361702,
        "dmean2": 17.250825882,
        "dvar": 359.191864014,
        "dvar2": 777.660217285,
        "max": 206.705276489,
        "mean": 23.0565567017,
        "median": 14.2325487137,
        "min": 1.16701195153e-16,
        "stdev": 26.8369235992,
        "var": 720.220458984
    },
    "loudness_ebu128": {
        "integrated": -9.96468734741,
        "loudness_range": 3.2708940506,
        "momentary": {
            "dmean": 0.932172954082,
            "dmean2": 1.52115833759,
            "dvar": 0.696825683117,
            "dvar2": 1.48162484169,
            "max": -6.60970830917,
            "mean": -10.308134079,
            "median": -10.1456518173,
            "min": -16.5784072876,
            "stdev": 1.78779327869,
            "var": 3.19620490074
        },
        "short_term": {
            "dmean": 0.11570238322,
            "dmean2": 0.161137238145,
            "dvar": 0.00750504620373,
            "dvar2": 0.0128549234942,
            "max": -7.87512779236,
            "mean": -10.0736112595,
            "median": -10.4297218323,
            "min": -12.4608955383,
            "stdev": 1.15864193439,
            "var": 1.34245109558
        }
    },
    "melbands_crest": {
        "dmean": 4.0368771553,
        "dmean2": 6.00686836243,
        "dvar": 11.9561519623,
        "dvar2": 26.1058349609,
        "max": 33.9841537476,
        "mean": 15.6343288422,
        "median": 14.915930748,
        "min": 1.8701171875,
        "stdev": 6.02597761154,
        "var": 36.3124046326
    },
    "melbands_flatness_db": {
        "dmean": 0.0414070114493,
        "dmean2": 0.0567058846354,
        "dvar": 0.00177208054811,
        "dvar2": 0.00286652403884,
        "max": 0.615849852562,
        "mean": 0.235792681575,
        "median": 0.229037582874,
        "min": 0.00569925969467,
        "stdev": 0.0935528278351,
        "var": 0.00875213183463
    },
    "melbands_kurtosis": {
        "dmean": 17.6321086884,
        "dmean2": 28.3539924622,
        "dvar": 1226.86877441,
        "dvar2": 3218.33886719,
        "max": 449.704925537,
        "mean": 24.859708786,
        "median": 10.8018255234,
        "min": -1.92807400227,
        "stdev": 38.7654800415,
        "var": 1502.7623291
    },
    "melbands_skewness": {
        "dmean": 1.31735980511,
        "dmean2": 1.97274065018,
        "dvar": 2.38352775574,
        "dvar2": 5.57910203934,
        "max": 17.4916439056,
        "mean": 3.12392687798,
        "median": 2.57240056992,
        "min": -2.32270240784,
        "stdev": 2.42125511169,
        "var": 5.86247587204
    },
    "melbands_spread": {
        "dmean": 12.747961998,
        "dmean2": 19.4803504944,
        "dvar": 627.239013672,
        "dvar2": 1300.47717285,
        "max": 274.037536621,
        "mean": 24.8749675751,
        "median": 15.0229949951,
        "min": 0.299523711205,
        "stdev": 35.1603240967,
        "var": 1236.24841309
    },
    "pitch_salience": {
        "dmean": 0.0889481082559,
        "dmean2": 0.131911888719,
        "dvar": 0.00696477713063,
        "dvar2": 0.0143902078271,
        "max": 0.906688332558,
        "mean": 0.538586139679,
        "median": 0.554311931133,
        "min": 0.100502081215,
        "stdev": 0.144868731499,
        "var": 0.020986950025
    },
    "silence_rate_20dB": {
        "dmean": 0,
        "dmean2": 0,
        "dvar": 0,
        "dvar2": 0,
        "max": 1,
        "mean": 1,
        "median": 1,
        "min": 1,
        "stdev": 0,
        "var": 0
    },
    "silence_rate_30dB": {
        "dmean": 0.0479876175523,
        "dmean2": 0.0960495769978,
        "dvar": 0.045685287565,
        "dvar2": 0.0899213477969,
        "max": 1,
        "mean": 0.951276123524,
        "median": 1,
        "min": 0,
        "stdev": 0.215289026499,
        "var": 0.0463493652642
    },
    "silence_rate_60dB": {
        "dmean": 0.0541795678437,
        "dmean2": 0.108443066478,
        "dvar": 0.0512452125549,
        "dvar2": 0.110624745488,
        "max": 1,
        "mean": 0.102088168263,
        "median": 0,
        "min": 0,
        "stdev": 0.302763670683,
        "var": 0.0916658490896
    },
    "spectral_centroid": {
        "dmean": 390.744689941,
        "dmean2": 563.890686035,
        "dvar": 360781.59375,
        "dvar2": 612704.8125,
        "max": 10709.2460938,
        "mean": 1247.79394531,
        "median": 1064.4206543,
        "min": 131.117095947,
        "stdev": 931.187561035,
        "var": 867110.3125
    },
    "spectral_complexity": {
        "dmean": 3.90247678757,
        "dmean2": 5.54763746262,
        "dvar": 26.6204566956,
        "dvar2": 48.701713562,
        "max": 49,
        "mean": 12.3658161163,
        "median": 10,
        "min": 0,
        "stdev": 9.39680767059,
        "var": 88.2999954224
    },
    "spectral_decrease": {
        "dmean": 4.0553054248e-09,
        "dmean2": 5.27034726971e-09,
        "dvar": 5.10510727777e-17,
        "dvar2": 9.32806348995e-17,
        "max": 2.26235605143e-29,
        "mean": -7.51391038278e-09,
        "median": -4.79560435807e-09,
        "min": -7.05071059315e-08,
        "stdev": 9.65804236586e-09,
        "var": 9.32777893982e-17
    },
    "spectral_energy": {
        "dmean": 0.0160077605397,
        "dmean2": 0.0209032576531,
        "dvar": 0.000733275490347,
        "dvar2": 0.0013344300678,
        "max": 0.268060803413,
        "mean": 0.030450521037,
        "median": 0.0205666068941,
        "min": 1.04997573287e-20,
        "stdev": 0.0370745249093,
        "var": 0.00137452036142
    },
    "spectral_energyband_high": {
        "dmean": 0.000883201078977,
        "dmean2": 0.00134940515272,
        "dvar": 4.57675969301e-06,
        "dvar2": 1.01407749753e-05,
        "max": 0.0212062355131,
        "mean": 0.00116582133342,
        "median": 0.000233858954743,
        "min": 7.7327913277e-21,
        "stdev": 0.00276759872213,
        "var": 7.65960248827e-06
    },
    "spectral_energyband_low": {
        "dmean": 0.0103806974366,
        "dmean2": 0.01448552683,
        "dvar": 0.000810842146166,
        "dvar2": 0.00157321686856,
        "max": 0.254863262177,
        "mean": 0.0116834715009,
        "median": 0.0018839307595,
        "min": 9.18608834162e-23,
        "stdev": 0.0328204184771,
        "var": 0.00107717991341
    },
    "spectral_energyband_middle_high": {
        "dmean": 0.00303061353043,
        "dmean2": 0.00415122602135,
        "dvar": 2.74339927273e-05,
        "dvar2": 5.38969507033e-05,
        "max": 0.0584793873131,
        "mean": 0.00554315466434,
        "median": 0.00139237265103,
        "min": 1.41838533716e-21,
        "stdev": 0.00887626968324,
        "var": 7.87881581346e-05
    },
    "spectral_energyband_middle_low": {
        "dmean": 0.00549765303731,
        "dmean2": 0.00796388089657,
        "dvar": 4.68260877824e-05,
        "dvar2": 9.33537521632e-05,
        "max": 0.0746475160122,
        "mean": 0.0125792576,
        "median": 0.00961675215513,
        "min": 3.73217036236e-22,
        "stdev": 0.0112178036943,
        "var": 0.000125839113025
    },
    "spectral_entropy": {
        "dmean": 0.320746809244,
        "dmean2": 0.434302061796,
        "dvar": 0.117829121649,
        "dvar2": 0.205445900559,
        "max": 9.79822349548,
        "mean": 7.33978939056,
        "median": 7.4126625061,
        "min": 4.72406578064,
        "stdev": 0.707697272301,
        "var": 0.500835418701
    },
    "spectral_flux": {
        "dmean": 0.0405630134046,
        "dmean2": 0.0563479736447,
        "dvar": 0.00194267707411,
        "dvar2": 0.00355465780012,
        "max": 0.445854753256,
        "mean": 0.101281501353,
        "median": 0.0845038965344,
        "min": 1.02468325491e-10,
        "stdev": 0.0761359781027,
        "var": 0.0057966876775
    },
    "spectral_kurtosis": {
        "dmean": 2.21547412872,
        "dmean2": 3.40562868118,
        "dvar": 6.94004201889,
        "dvar2": 15.0004358292,
        "max": 29.1382369995,
        "mean": 4.81004285812,
        "median": 4.14264154434,
        "min": -1.47121918201,
        "stdev": 3.94560360909,
        "var": 15.5677881241
    },
    "spectral_rms": {
        "dmean": 0.00125852692872,
        "dmean2": 0.00155191496015,
        "dvar": 2.22331300392e-06,
        "dvar2": 3.35314030053e-06,
        "max": 0.0161716639996,
        "mean": 0.0047287712805,
        "median": 0.00447939522564,
        "min": 3.20057261943e-12,
        "stdev": 0.00271045276895,
        "var": 7.34655395718e-06
    },
    "spectral_rolloff": {
        "dmean": 985.261108398,
        "dmean2": 1644.16345215,
        "dvar": 3877231.75,
        "dvar2": 7849396.5,
        "max": 18497.0214844,
        "mean": 1850.17321777,
        "median": 904.39453125,
        "min": 64.599609375,
        "stdev": 2558.84350586,
        "var": 6547679.5
    },
    "spectral_skewness": {
        "dmean": 0.362048715353,
        "dmean2": 0.522789537907,
        "dvar": 0.148041278124,
        "dvar2": 0.285631000996,
        "max": 4.36642074585,
        "mean": 1.58403992653,
        "median": 1.57076573372,
        "min": -0.524016976357,
        "stdev": 0.67065423727,
        "var": 0.449777126312
    },
    "spectral_spread": {
        "dmean": 1175087.75,
        "dmean2": 1642409.5,
        "dvar": 3.10547841024e+12,
        "dvar2": 4.65437196288e+12,
        "max": 39308688,
        "mean": 5334601,
        "median": 4339155,
        "min": 2005548.125,
        "stdev": 2948796.5,
        "var": 8.69540141466e+12
    },
    "spectral_strongpeak": {
        "dmean": 0.661820888519,
        "dmean2": 1.02156221867,
        "dvar": 0.940529346466,
        "dvar2": 2.09540629387,
        "max": 12.4010381699,
        "mean": 1.18300950527,
        "median": 0.656823575497,
        "min": 0,
        "stdev": 1.33699691296,
        "var": 1.78756070137
    },
    "zerocrossingrate": {
        "dmean": 0.0212534610182,
        "dmean2": 0.0233992990106,
        "dvar": 0.0010238540126,
        "dvar2": 0.00100013671909,
        "max": 0.51220703125,
        "mean": 0.0676868110895,
        "median": 0.046875,
        "min": 0.0009765625,
        "stdev": 0.0653634294868,
        "var": 0.00427237804979
    },
    "barkbands": {
        "dmean": [0.000688581145369, 0.00960570853204, 0.00177657068707, 0.000518323853612, 0.00186221906915, 0.00197836221196, 0.00078307982767, 0.000830538978335, 0.0015632516006, 0.000854217330925, 0.000953981769271, 0.000594773970079, 0.000310903677018, 0.000340141530614, 0.000345248263329, 0.000329632050125, 0.000299306469969, 0.000228283417528, 0.00022315888782, 0.000199039146537, 0.00012398599938, 0.000109310094558, 0.000162167489179, 0.000235187122598, 0.000167709818925, 5.41324079677e-05, 4.15652675656e-06],
        "dmean2": [0.00117845507339, 0.0140444561839, 0.00329377711751, 0.000905844615772, 0.00281314598396, 0.00287130079232, 0.00121634057723, 0.00132337806281, 0.00229131290689, 0.0013022281928, 0.00141522614285, 0.000917656579986, 0.000476009794511, 0.000489400874358, 0.000523179536685, 0.000516597297974, 0.00047750887461, 0.000351735186996, 0.000358134362614, 0.000308641640004, 0.000193641506485, 0.000170036568306, 0.000249939737841, 0.000348837056663, 0.000256672210526, 7.99135814304e-05, 7.11429584044e-06],
        "dvar": [4.39568020738e-06, 0.000768358004279, 4.67132813355e-05, 1.76980483957e-06, 1.13951864478e-05, 1.46070751725e-05, 5.17643593412e-06, 6.83864345774e-06, 1.48740709847e-05, 7.80084337748e-06, 7.26490361558e-06, 6.41870610707e-06, 1.19684364108e-06, 8.15454825442e-07, 7.69520397625e-07, 9.0298823352e-07, 8.65943661665e-07, 2.00406006456e-07, 2.49195835522e-07, 2.82157458287e-07, 9.46861007378e-08, 9.85697639067e-08, 2.14893262296e-07, 6.42879626866e-07, 3.09909921725e-07, 2.16674358455e-08, 1.91100385516e-10],
        "dvar2": [1.16824076031e-05, 0.00169319147244, 0.000136611561175, 5.04738318341e-06, 2.56461480603e-05, 2.91572996503e-05, 1.14556169137e-05, 1.64294051501e-05, 3.10612922476e-05, 1.55676807481e-05, 1.62592350534e-05, 1.64709836099e-05, 2.74510148301e-06, 1.72758052486e-06, 1.79622418273e-06, 2.05919536711e-06, 2.28070643971e-06, 4.67534533755e-07, 6.71130749197e-07, 6.89936143772e-07, 2.32362225461e-07, 2.26170286055e-07, 5.18101785474e-07, 1.28669307742e-06, 6.19109641775e-07, 4.56993767273e-08, 4.86039097858e-10],
        "max": [0.015386772342, 0.247836470604, 0.0614826455712, 0.0158046670258, 0.0513177551329, 0.043090056628, 0.0282035376877, 0.03052216582, 0.0649046450853, 0.0447884574533, 0.0440510995686, 0.0471765846014, 0.0232352614403, 0.0132696460932, 0.0123918047175, 0.0155728468671, 0.0109677715227, 0.00559627637267, 0.00620473409072, 0.00834849104285, 0.0050879935734, 0.00520958425477, 0.00643514888361, 0.0133120743558, 0.0115241920575, 0.00253902445547, 0.000155245870701],
        "mean": [0.000527205702383, 0.00926303118467, 0.00160347227938, 0.000694617338013, 0.0037741754204, 0.00352238607593, 0.00103319226764, 0.000972296984401, 0.00211923476309, 0.00105150346644, 0.00130978017114, 0.000694276764989, 0.000412108900491, 0.000451335450634, 0.000447473692475, 0.000413159956224, 0.000317895115586, 0.000301432039123, 0.000277408573311, 0.000260271102889, 0.000157759975991, 0.000130210755742, 0.000186106903129, 0.000281813758193, 0.000185181444976, 5.96781064814e-05, 3.53271025233e-06],
        "median": [1.94417789317e-05, 0.000638737226836, 0.000445474637672, 0.00037871368113, 0.00201697391458, 0.000572177406866, 7.66373341321e-05, 6.9218200224e-05, 0.000135424590553, 6.05989989708e-05, 4.8338992201e-05, 6.09857306699e-05, 3.60780904884e-05, 3.56382333848e-05, 5.64748042962e-05, 3.36596240231e-05, 3.41341874446e-05, 5.83241599088e-05, 6.49415087537e-05, 6.19460770395e-05, 3.03593715216e-05, 1.73883581738e-05, 1.91419203475e-05, 2.25052008318e-05, 1.94846761588e-05, 6.54450332149e-06, 1.97112782985e-07],
        "min": [2.48630750416e-23, 5.7267944327e-23, 9.99469096431e-24, 1.67188371908e-23, 8.62652090255e-23, 7.50050210862e-23, 5.03775851078e-23, 2.75492000664e-23, 1.11985596011e-22, 4.95883297722e-23, 3.54960712296e-23, 1.30394769639e-22, 1.09446498881e-22, 2.8640071636e-23, 1.59377292105e-22, 1.36748141774e-22, 1.99492775024e-22, 2.35285981757e-22, 1.94966732912e-22, 3.16150081046e-22, 4.85673361326e-22, 5.41668046287e-22, 5.44548183763e-22, 4.50741893624e-22, 1.44874565252e-21, 1.89126163279e-21, 2.43261741638e-21],
        "stdev": [0.00184441625606, 0.0292215719819, 0.00513502163813, 0.00117322104052, 0.00529425125569, 0.00647896435112, 0.00291864015162, 0.00303528504446, 0.00512176798657, 0.00340256583877, 0.00385544076562, 0.00281332596205, 0.00136678118724, 0.00120424467605, 0.00107328291051, 0.00112687074579, 0.000912337796763, 0.000589063507505, 0.000520693487488, 0.000603105465416, 0.000360358186299, 0.000402125559049, 0.000583905668464, 0.00102186133154, 0.000679522519931, 0.000174136512214, 1.30751550387e-05],
        "var": [3.4018714814e-06, 0.000853900273796, 2.63684469246e-05, 1.37644769893e-06, 2.80290987575e-05, 4.19769785367e-05, 8.51846016303e-06, 9.21295577427e-06, 2.62325065705e-05, 1.1577454643e-05, 1.48644239744e-05, 7.91480306361e-06, 1.86809086244e-06, 1.45020533182e-06, 1.151936317e-06, 1.26983775317e-06, 8.32360285585e-07, 3.46995847167e-07, 2.71121706419e-07, 3.63736177178e-07, 1.29858023001e-07, 1.61704960533e-07, 3.40945859989e-07, 1.04420064417e-06, 4.61750829572e-07, 3.03235268007e-08, 1.70959676971e-10]
    },
    "erbbands": {
        "dmean": [0.313601821661, 2.17174530029, 2.58367133141, 1.73119986057, 3.49500155449, 6.79451751709, 13.3789920807, 17.6684970856, 12.2118358612, 10.329082489, 21.804567337, 38.7021102905, 28.5170726776, 26.7425079346, 37.5758399963, 21.7181053162, 15.0601387024, 11.3765392303, 20.3401985168, 17.0587539673, 17.9636764526, 15.6350574493, 11.0786886215, 12.533364296, 8.82059955597, 9.62621212006, 7.66456460953, 3.53938865662, 3.68398761749, 4.71280813217, 4.45089769363, 4.63490867615, 4.15809011459, 2.53416585922, 0.808185279369, 0.321753442287, 0.0815608426929, 0.012813616544, 0.000439413241111, 2.86804970528e-05],
        "dmean2": [0.447358489037, 3.52830147743, 4.49219560623, 3.1169564724, 5.58221149445, 10.3926992416, 19.6278705597, 25.3938026428, 18.8229198456, 16.2307434082, 34.1557884216, 54.9187774658, 42.4290657043, 39.5027389526, 54.1808929443, 33.760433197, 22.7748603821, 16.8523273468, 29.3864440918, 24.4586982727, 27.8320121765, 24.8533439636, 16.8240833282, 19.146566391, 14.3377561569, 14.994468689, 12.2495317459, 5.44490814209, 5.75893068314, 7.52253866196, 6.83597230911, 7.02320051193, 6.4196972847, 3.95269918442, 1.1747289896, 0.47424736619, 0.123539410532, 0.0200700256974, 0.000712880224455, 4.06146609748e-05],
        "dvar": [0.78486597538, 46.1518859863, 83.0292129517, 31.7145023346, 42.0908317566, 213.114578247, 835.829040527, 1679.79138184, 1225.29699707, 1427.6439209, 4060.921875, 8911.18359375, 6631.53173828, 7548.89257812, 12429.9902344, 8177.61083984, 2720.01538086, 700.222351074, 2713.17382812, 1884.36743164, 2590.86230469, 2489.0715332, 578.148010254, 596.985900879, 518.409851074, 715.707702637, 415.662841797, 85.723487854, 104.005699158, 174.96987915, 164.421264648, 204.356521606, 228.682037354, 72.9564819336, 7.98732805252, 0.968358874321, 0.0431808754802, 0.00115659448784, 1.71842532382e-06, 1.9137593732e-09],
        "dvar2": [1.5878187418, 114.553268433, 227.936630249, 91.8741226196, 105.468734741, 475.177276611, 1579.43371582, 3445.25683594, 2826.52416992, 2632.30371094, 9901.97167969, 17948.5, 14264.0107422, 15681.7724609, 24379.7148438, 23276.4511719, 6491.59472656, 1539.48925781, 5615.55175781, 3816.56469727, 6508.69482422, 6551.07763672, 1294.73925781, 1460.73303223, 1428.5447998, 1722.57958984, 1038.50170898, 207.095031738, 236.477661133, 421.775177002, 395.895172119, 434.440460205, 468.016937256, 158.715560913, 12.7131738663, 1.90025055408, 0.0992738679051, 0.00268266047351, 4.20150081482e-06, 4.06940126041e-09],
        "max": [8.62558174133, 52.7870025635, 86.4194259644, 64.9198074341, 83.0890350342, 230.206787109, 446.237915039, 472.044158936, 454.297973633, 517.61138916, 889.249450684, 1064.88989258, 1365.97119141, 1489.52746582, 2273.78515625, 2005.38659668, 1084.63476562, 395.589904785, 839.454284668, 1083.08972168, 861.762939453, 575.941711426, 303.954681396, 260.085601807, 298.066741943, 474.636444092, 261.588897705, 160.535095215, 176.305969238, 154.487197876, 212.20350647, 205.338745117, 239.404708862, 152.153411865, 64.1240997314, 20.4614048004, 2.40075016022, 0.382878422737, 0.0140576604754, 0.000365073268767],
        "mean": [0.318750113249, 1.82700717449, 2.33216977119, 2.1298251152, 7.03980588913, 12.825966835, 22.8591156006, 28.3790721893, 17.7569599152, 16.7823677063, 26.5031604767, 52.9377784729, 38.1893959045, 34.3285751343, 53.2204475403, 28.3707923889, 20.4101810455, 16.8827075958, 27.3567276001, 24.7153911591, 21.5779743195, 17.2258853912, 15.6706771851, 17.5075073242, 11.3087158203, 12.6677341461, 9.61357784271, 4.61629724503, 4.44179010391, 5.41108846664, 5.17995071411, 5.47704982758, 4.82052612305, 2.64092874527, 0.993209302425, 0.361481428146, 0.087731808424, 0.0130727700889, 0.000432556757005, 5.00812857354e-05],
        "median": [0.0101077435538, 0.163370117545, 0.422451555729, 1.1483771801, 4.11427116394, 4.98419761658, 4.3508105278, 4.56319952011, 2.25239467621, 1.80331659317, 3.10880613327, 3.7433347702, 3.52608275414, 2.40027618408, 2.90203094482, 3.30581974983, 2.09547448158, 1.99329006672, 3.11183333397, 2.80279541016, 2.08130669594, 1.92360842228, 3.07585477829, 4.56172370911, 3.13833332062, 2.84468436241, 1.89498221874, 0.841524958611, 0.593241691589, 0.531946241856, 0.565824449062, 0.501047551632, 0.321435153484, 0.226194530725, 0.120530217886, 0.0412228293717, 0.010476090014, 0.00135935680009, 5.65235532122e-05, 3.38372083206e-05],
        "min": [2.06940131889e-21, 1.11670408592e-20, 1.09561655408e-20, 4.34158184519e-20, 1.83396436657e-19, 2.66641256866e-19, 4.77081846663e-19, 6.13177149063e-19, 6.8321060242e-19, 7.30495503257e-19, 7.2173312733e-19, 2.94112049086e-18, 1.92116192104e-18, 1.06052278328e-18, 2.68958975584e-18, 5.43429745102e-18, 5.01462364493e-18, 1.5183387146e-18, 5.96993039846e-18, 7.28803443276e-18, 8.03135299327e-18, 1.26265207942e-17, 1.40558020387e-17, 1.19786100727e-17, 8.59047497497e-18, 1.26348074896e-17, 1.47554578706e-17, 2.28857251215e-17, 2.13706826183e-17, 1.43906513681e-17, 1.6028272112e-17, 1.05069283772e-17, 9.28816873444e-18, 1.25199617333e-17, 1.15830746377e-17, 6.96301531775e-18, 3.97783215643e-18, 1.34662036213e-18, 3.32818471756e-19, 3.39467814808e-20],
        "stdev": [0.98785340786, 6.30867052078, 7.44024848938, 4.47955942154, 9.19701004028, 22.9363079071, 46.8868255615, 60.3848075867, 45.863571167, 59.7013778687, 69.906829834, 129.681747437, 107.511810303, 101.13092804, 160.825668335, 102.818992615, 64.2136001587, 38.0074729919, 67.1803741455, 64.9013366699, 56.2795639038, 48.8323631287, 32.4879608154, 29.8539161682, 22.3604106903, 30.8398265839, 22.0566558838, 11.2166728973, 13.1645879745, 16.8566207886, 16.5450172424, 18.2199783325, 18.6714744568, 9.80362606049, 3.80839705467, 1.20278918743, 0.232472196221, 0.0365998595953, 0.0013012062991, 5.55842489121e-05],
        "var": [0.975854337215, 39.7993240356, 55.35729599, 20.0664539337, 84.5849914551, 526.07421875, 2198.37426758, 3646.32519531, 2103.46704102, 3564.25439453, 4886.96484375, 16817.3574219, 11558.7900391, 10227.4648438, 25864.8964844, 10571.7451172, 4123.38623047, 1444.56787109, 4513.20263672, 4212.18359375, 3167.3894043, 2384.59960938, 1055.4675293, 891.256286621, 499.987976074, 951.094848633, 486.49609375, 125.813743591, 173.306365967, 284.145690918, 273.737609863, 331.96762085, 348.623931885, 96.111076355, 14.5038881302, 1.44670188427, 0.0540433190763, 0.00133954966441, 1.6931379605e-06, 3.08960879103e-09]
    },
    "gfcc": {
        "mean": [-33.5160560608, 78.9657745361, -102.182373047, 32.5613708496, -60.6127471924, 7.9867978096, -43.967880249, 6.6725358963, -33.5296516418, -1.48768925667, -16.5751953125, -0.858083665371, -6.7965092659],
        "cov": [[7035.69287109, -819.872070312, -1203.85180664, -483.432556152, -163.107086182, 264.544555664, 160.842559814, 592.653381348, -63.643825531, 302.678070068, -6.69373893738, 59.8093452454, 81.7232055664], [-819.872070312, 2244.66040039, -252.672744751, -103.269073486, 407.391937256, -281.788787842, 417.161315918, -29.0207557678, 180.264022827, -107.418815613, 223.750335693, -114.770896912, 163.563461304], [-1203.85180664, -252.672744751, 1793.13830566, 680.577819824, 194.180587769, 284.87802124, -116.006515503, -40.1347007751, 66.1062393188, -78.659034729, -21.4315547943, 66.9146881104, -130.312515259], [-483.432556152, -103.269073486, 680.577819824, 886.661071777, 233.927200317, 50.9646453857, -43.6750602722, -5.75098752975, 137.82182312, -85.259475708, -2.5180311203, 92.9743881226, -5.97905302048], [-163.107086182, 407.391937256, 194.180587769, 233.927200317, 467.292480469, 152.880477905, 180.677215576, 33.2659797668, 66.4603805542, -18.5961360931, -1.25339281559, 11.6751060486, 28.1560745239], [264.544555664, -281.788787842, 284.87802124, 50.9646453857, 152.880477905, 537.005737305, 158.664703369, -12.249756813, -44.7580070496, 17.8229999542, -48.4606742859, -7.48857307434, -41.9213447571], [160.842559814, 417.161315918, -116.006515503, -43.6750602722, 180.677215576, 158.664703369, 410.887634277, 48.7762489319, 11.3207111359, 12.3372430801, 41.6449584961, -28.9277076721, 17.9050693512], [592.653381348, -29.0207557678, -40.1347007751, -5.75098752975, 33.2659797668, -12.249756813, 48.7762489319, 268.874176025, 56.496219635, 26.2023124695, 8.97643280029, 14.3914337158, 27.680606842], [-63.643825531, 180.264022827, 66.1062393188, 137.82182312, 66.4603805542, -44.7580070496, 11.3207111359, 56.496219635, 178.986236572, 3.40854549408, 20.2395839691, 22.1118125916, 42.2381782532], [302.678070068, -107.418815613, -78.659034729, -85.259475708, -18.5961360931, 17.8229999542, 12.3372430801, 26.2023124695, 3.40854549408, 133.183624268, 8.47215557098, -6.89019203186, -17.1403121948], [-6.69373893738, 223.750335693, -21.4315547943, -2.5180311203, -1.25339281559, -48.4606742859, 41.6449584961, 8.97643280029, 20.2395839691, 8.47215557098, 152.255859375, 17.0029335022, 29.2404994965], [59.8093452454, -114.770896912, 66.9146881104, 92.9743881226, 11.6751060486, -7.48857307434, -28.9277076721, 14.3914337158, 22.1118125916, -6.89019203186, 17.0029335022, 145.769897461, 17.8954753876], [81.7232055664, 163.563461304, -130.312515259, -5.97905302048, 28.1560745239, -41.9213447571, 17.9050693512, 27.680606842, 42.2381782532, -17.1403121948, 29.2404994965, 17.8954753876, 126.892730713]],
        "icov": [[0.000244985712925, 1.02005078588e-05, 0.0001939698559, -7.24587735021e-05, 9.87238163361e-05, -0.000251678895438, 5.95095443714e-05, -0.000533452199306, 0.000162426062161, -0.000349310896127, -2.06944332604e-05, -0.00012412200158, -5.12019760208e-05], [1.02005078588e-05, 0.0015423722798, -0.000187872210518, 0.000749127590097, -0.00140097213443, 0.00131219555624, -0.00127055100165, 0.000780480972026, -0.00122442294378, 0.00128657207824, -0.00148909620475, 0.00116775010247, -0.000639109057374], [0.0001939698559, -0.000187872210518, 0.0012022544397, -0.0007654967485, 0.000124658719869, -0.000948844884988, 0.000706441758666, -0.000567339186091, 6.22532825219e-05, -4.90719212394e-05, -0.000197402841877, -0.000271959317615, 0.00105527031701], [-7.24587735021e-05, 0.000749127590097, -0.0007654967485, 0.00254347966984, -0.0014965813607, 0.000882332155015, -0.000391716923332, 0.000742966833059, -0.00180258858018, 0.00157491990831, -0.000648233573884, -0.000204212512472, -7.75329390308e-05], [9.87238163361e-05, -0.00140097213443, 0.000124658719869, -0.0014965813607, 0.00473224278539, -0.00177878898103, -0.000236114588915, -0.000998699688353, 0.000691184017342, -0.00134078436531, 0.00179961090907, -0.00100984820165, -0.000270210090093], [-0.000251678895438, 0.00131219555624, -0.000948844884988, 0.000882332155015, -0.00177878898103, 0.00422689691186, -0.00233261217363, 0.00141054263804, -0.000303408625768, 0.000757441390306, -0.000175802939339, 0.000934996118303, -0.000537632848136], [5.95095443714e-05, -0.00127055100165, 0.000706441758666, -0.000391716923332, -0.000236114588915, -0.00233261217363, 0.00498585915193, -0.00131035316736, 0.000819013977889, -0.000824121700134, -0.000266659131739, -0.000323129759636, 0.000893589400221], [-0.000533452199306, 0.000780480972026, -0.000567339186091, 0.000742966833059, -0.000998699688353, 0.00141054263804, -0.00131035316736, 0.00580414757133, -0.00220663961954, 0.000644583895337, -0.000430157670053, 0.000446271937108, -0.000745955796447], [0.000162426062161, -0.00122442294378, 6.22532825219e-05, -0.00180258858018, 0.000691184017342, -0.000303408625768, 0.000819013977889, -0.00220663961954, 0.00905728619546, -0.00256896880455, 0.00101254240144, -0.000981266261078, -0.0018919557333], [-0.000349310896127, 0.00128657207824, -4.90719212394e-05, 0.00157491990831, -0.00134078436531, 0.000757441390306, -0.000824121700134, 0.000644583895337, -0.00256896880455, 0.0104589909315, -0.00215669511817, 0.00101600063499, 0.00173540355172], [-2.06944332604e-05, -0.00148909620475, -0.000197402841877, -0.000648233573884, 0.00179961090907, -0.000175802939339, -0.000266659131739, -0.000430157670053, 0.00101254240144, -0.00215669511817, 0.00919380038977, -0.00201773666777, -0.00108881399501], [-0.00012412200158, 0.00116775010247, -0.000271959317615, -0.000204212512472, -0.00100984820165, 0.000934996118303, -0.000323129759636, 0.000446271937108, -0.000981266261078, 0.00101600063499, -0.00201773666777, 0.00872695446014, -0.00153490237426], [-5.12019760208e-05, -0.000639109057374, 0.00105527031701, -7.75329390308e-05, -0.000270210090093, -0.000537632848136, 0.000893589400221, -0.000745955796447, -0.0018919557333, 0.00173540355172, -0.00108881399501, -0.00153490237426, 0.0110680293292]]
    },
    "melbands": {
        "dmean": [0.00269561167806, 0.00171732122544, 0.000326407956891, 0.000363474071492, 0.00042234614375, 0.000382702361094, 0.000180978080607, 0.000117780124128, 0.000198114139494, 0.000242764479481, 0.00014238699805, 0.000109074295324, 0.000134337053169, 7.90191916167e-05, 4.26322367275e-05, 2.56935527432e-05, 2.35306451941e-05, 3.71911119146e-05, 2.41047382588e-05, 2.22307007789e-05, 2.25502844842e-05, 1.78617829079e-05, 1.27180774143e-05, 9.72461111814e-06, 1.09615848487e-05, 7.24780102246e-06, 5.34564060217e-06, 7.17257717042e-06, 5.96251220486e-06, 2.59312037088e-06, 1.98431871468e-06, 2.12184409065e-06, 2.27098189498e-06, 2.87850821223e-06, 2.67737345894e-06, 2.42291866925e-06, 3.20640128848e-06, 3.17312924381e-06, 2.61353329734e-06, 1.96685891751e-06],
        "dmean2": [0.00383101310581, 0.00283998902887, 0.000576408056077, 0.00055908516515, 0.000618640449829, 0.000549093238078, 0.00027899100678, 0.000182944539119, 0.000312695105094, 0.000345958775142, 0.000213666789932, 0.00016217661323, 0.000191869272385, 0.000116692266602, 6.81252495269e-05, 3.95095812564e-05, 3.59765654139e-05, 5.35367616976e-05, 3.51768248947e-05, 3.29883951053e-05, 3.57677417924e-05, 2.90006082651e-05, 1.99633814191e-05, 1.49362040247e-05, 1.69654867932e-05, 1.1921627447e-05, 8.48424133437e-06, 1.13589821922e-05, 9.62131707638e-06, 4.06531171393e-06, 3.14038265969e-06, 3.4133340705e-06, 3.51920039066e-06, 4.64653476229e-06, 4.32349679613e-06, 3.6891703985e-06, 4.86546650791e-06, 4.9260384003e-06, 4.15304975832e-06, 3.07852656078e-06],
        "dvar": [5.8080884628e-05, 3.06023212033e-05, 8.28036149869e-07, 4.98217730183e-07, 6.92640696798e-07, 6.76428214774e-07, 2.53347820944e-07, 1.75196078089e-07, 2.89975162104e-07, 3.75349657133e-07, 1.77612463403e-07, 1.35544439672e-07, 1.3544664057e-07, 9.64408002346e-08, 1.9718445543e-08, 6.76213796069e-09, 3.49827811164e-09, 9.75025304939e-09, 3.72472319654e-09, 3.64912011719e-09, 4.82842832383e-09, 3.4933491655e-09, 1.24696231119e-09, 3.15259596206e-10, 4.90186002899e-10, 3.36962263647e-10, 1.7661670737e-10, 4.57462373538e-10, 2.65312993797e-10, 4.05911311507e-11, 3.05896523389e-11, 3.53450740898e-11, 4.93340437946e-11, 7.34759683652e-11, 7.27259294453e-11, 4.60097203392e-11, 1.13903816934e-10, 1.45089884551e-10, 8.58315016283e-11, 4.52870137224e-11],
        "dvar2": [0.000120905933727, 7.60058901506e-05, 2.37952258431e-06, 1.16465400879e-06, 1.3001458683e-06, 1.37885410822e-06, 5.75496528654e-07, 3.41334782661e-07, 6.91133664077e-07, 7.58171324833e-07, 3.82427487011e-07, 2.75840250197e-07, 2.79238975054e-07, 2.42389631921e-07, 4.79498183381e-08, 1.56989692357e-08, 7.82873676997e-09, 1.96247924578e-08, 8.33230373587e-09, 7.21248305524e-09, 1.24223662468e-08, 9.1852916384e-09, 3.07877368044e-09, 6.85543899426e-10, 1.19919874031e-09, 9.3931651346e-10, 4.57801629938e-10, 1.10877562687e-09, 6.6840566415e-10, 9.62286569872e-11, 7.45960723747e-11, 8.51559517345e-11, 1.10899539552e-10, 1.83688522726e-10, 1.88324383865e-10, 9.87666962105e-11, 2.48348341891e-10, 3.13807646535e-10, 1.8098569865e-10, 9.59123960809e-11],
        "max": [0.0748890563846, 0.0516380630434, 0.00994824059308, 0.0131737645715, 0.0117309782654, 0.00914558209479, 0.0060685086064, 0.00623734295368, 0.00734140351415, 0.00872350856662, 0.00710706878453, 0.00680220779032, 0.00615616468713, 0.00553220836446, 0.00232833158225, 0.00133270351216, 0.000914559874218, 0.00179638236295, 0.000892105395906, 0.00142116216011, 0.00117700151168, 0.000684560160153, 0.000400983321015, 0.000170322397025, 0.000231684505707, 0.000215121224755, 0.000193579326151, 0.000328441150486, 0.000204071548069, 9.71273329924e-05, 8.96943674888e-05, 9.69002576312e-05, 0.000113640788186, 8.86215202627e-05, 0.000142729622894, 0.00011581605213, 0.000166663434356, 0.000193097715965, 0.000140300529893, 0.000140806179843],
        "mean": [0.00269731367007, 0.00159196229652, 0.000495338288601, 0.00073628500104, 0.000767345074564, 0.000640450860374, 0.000256191910012, 0.000180220755283, 0.00024265817774, 0.000326458044583, 0.000181997849722, 0.000130023268866, 0.000189042824786, 9.59364842856e-05, 5.49986689293e-05, 3.35704862664e-05, 3.24378379446e-05, 4.77695211885e-05, 3.23196145473e-05, 3.07659247483e-05, 2.47351490543e-05, 1.81670966413e-05, 1.53692944878e-05, 1.37370343509e-05, 1.46234315253e-05, 8.76216836332e-06, 7.00441751178e-06, 8.92081880011e-06, 7.11785014573e-06, 3.38301060765e-06, 2.4097350888e-06, 2.46344097832e-06, 2.62641242443e-06, 3.1728684462e-06, 2.94264486911e-06, 2.91749233838e-06, 3.6018850551e-06, 3.63761910194e-06, 2.74575131698e-06, 2.04177126761e-06],
        "median": [0.000140551215736, 0.000267517723842, 0.000329816015437, 0.000419621967012, 0.000175754059455, 0.00010134238255, 2.54582500929e-05, 1.35800610224e-05, 1.92845527636e-05, 1.97409681277e-05, 1.14592330647e-05, 6.8972558438e-06, 7.74498312239e-06, 8.37235984363e-06, 5.83372275287e-06, 3.06651759274e-06, 3.26976555698e-06, 4.34851608588e-06, 3.74132832803e-06, 2.9269388051e-06, 2.10455846172e-06, 1.78727327693e-06, 2.20037532017e-06, 3.01014119941e-06, 3.32840318151e-06, 2.05913170248e-06, 1.63689287547e-06, 1.82365704404e-06, 1.28387944187e-06, 5.99808799961e-07, 3.55065424174e-07, 3.29519451725e-07, 2.90701393624e-07, 2.7407307357e-07, 3.11872781822e-07, 3.27489317442e-07, 2.7196685437e-07, 2.27507058526e-07, 1.83497007811e-07, 1.73508382773e-07],
        "min": [1.9234965846e-23, 9.42555543132e-24, 1.1149625928e-23, 1.67008243409e-23, 1.57994008731e-23, 1.34763222586e-23, 1.12095138814e-23, 7.77231833301e-24, 6.88321450598e-24, 1.84874396745e-23, 9.71211625489e-24, 4.77480860965e-24, 6.43894618796e-24, 1.73714065974e-23, 1.26781322843e-23, 7.82881576218e-24, 1.95140699618e-24, 8.08585977726e-24, 1.22879987571e-23, 9.38759702228e-24, 8.37800889148e-24, 1.20027647975e-23, 1.447687241e-23, 1.08348933038e-23, 9.74650743492e-24, 6.03726097603e-24, 8.41975146628e-24, 8.39579218286e-24, 7.96008379453e-24, 1.33942886131e-23, 1.27966673128e-23, 1.27319373312e-23, 1.00220896813e-23, 6.64956652762e-24, 7.78720729373e-24, 1.06659950286e-23, 4.99695144613e-24, 5.99592584789e-24, 8.65975135264e-24, 1.08087401982e-23],
        "stdev": [0.00837449450046, 0.00504855299369, 0.000783468247391, 0.00108816486318, 0.00139430351555, 0.00127617851831, 0.0006648763665, 0.000643623119686, 0.000609792536125, 0.000828782620374, 0.000547130999621, 0.000424430560088, 0.000558275089134, 0.000359547440894, 0.00017269050295, 0.000102024634543, 7.97097454779e-05, 0.000128081213916, 8.15552848508e-05, 8.45658723847e-05, 7.25543504814e-05, 5.60876142117e-05, 4.06065955758e-05, 2.4305190891e-05, 2.63633119175e-05, 1.7634472897e-05, 1.495305969e-05, 2.35108545894e-05, 1.69084141817e-05, 8.00881844043e-06, 6.32486626273e-06, 7.14545467417e-06, 9.10463040782e-06, 1.00432534964e-05, 9.93135108729e-06, 9.31612157729e-06, 1.28270812638e-05, 1.45166550283e-05, 1.07249670691e-05, 7.82252573117e-06],
        "var": [7.01321623637e-05, 2.54878887063e-05, 6.138225217e-07, 1.18410287087e-06, 1.94408221432e-06, 1.62863159403e-06, 4.42060581918e-07, 4.14250735048e-07, 3.71846965663e-07, 6.86880639478e-07, 2.99352308275e-07, 1.80141299211e-07, 3.11671101372e-07, 1.29274354776e-07, 2.98220079742e-08, 1.04090265296e-08, 6.35364338919e-09, 1.64047957441e-08, 6.65126398403e-09, 7.15138659402e-09, 5.26413357349e-09, 3.14582049299e-09, 1.64889557563e-09, 5.9074228842e-10, 6.95024260366e-10, 3.10974634932e-10, 2.23593990545e-10, 5.52760281991e-10, 2.85894447005e-10, 6.41411784796e-11, 4.00039307236e-11, 5.1057522793e-11, 8.28942955944e-11, 1.00866939801e-10, 9.86317416629e-11, 8.67901236989e-11, 1.64534011415e-10, 2.10733264172e-10, 1.15024913205e-10, 6.11919126481e-11]
    },
    "melbands128": {
