{
"lowlevel": {
    "average_loudness": 0.971375405788,
    "barkbands_crest": {
        "dmean": 2.6924571991,
        "dmean2": 4.50357437134,
        "dvar": 6.87585735321,
        "dvar2": 17.2359218597,
        "max": 24.0059947968,
        "mean": 8.05181312561,
        "median": 7.13680791855,
        "min": 2.49985957146,
        "stdev": 3.58018016815,
        "var": 12.8176898956
    },
    "barkbands_flatness_db": {
        "dmean": 0.0183118283749,
        "dmean2": 0.0286691971123,
        "dvar": 0.000291259289952,
        "dvar2": 0.000698953692336,
        "max": 0.236190974712,
        "mean": 0.0970179140568,
        "median": 0.0941071435809,
        "min": 0.0221423096955,
        "stdev": 0.0327510498464,
        "var": 0.00107263121754
    },
    "barkbands_kurtosis": {
        "dmean": 1.72464358807,
        "dmean2": 2.68609976768,
        "dvar": 7.25760221481,
        "dvar2": 17.1501617432,
        "max": 30.0256309509,
        "mean": 1.33097302914,
        "median": 0.285804748535,
        "min": -1.88637363911,
        "stdev": 3.50242471695,
        "var": 12.2669792175
    },
    "barkbands_skewness": {
        "dmean": 0.528831541538,
        "dmean2": 0.800351202488,
        "dvar": 0.344229251146,
        "dvar2": 0.800278007984,
        "max": 4.67139816284,
        "mean": 0.966990411282,
        "median": 0.862158238888,
        "min": -4.36298465729,
        "stdev": 0.911399364471,
        "var": 0.830648839474
    },
    "barkbands_spread": {
        "dmean": 6.57989358902,
        "dmean2": 10.0781888962,
        "dvar": 57.981212616,
        "dvar2": 115.578414917,
        "max": 110.831596375,
        "mean": 29.05610466,
        "median": 27.0856952667,
        "min": 3.28388381004,
        "stdev": 14.3696317673,
        "var": 206.486328125
    },
    "dissonance": {
        "dmean": 0.0160884968936,
        "dmean2": 0.0276168752462,
        "dvar": 0.000288785493467,
        "dvar2": 0.000784178555477,
        "max": 0.499862194061,
        "mean": 0.473171949387,
        "median": 0.478736579418,
        "min": 0.315402209759,
        "stdev": 0.0212152525783,
        "var": 0.000450086925412
    },
    "dynamic_complexity": 1.95119762421,
    "erbbands_crest": {
        "dmean": 2.93763494492,
        "dmean2": 4.93975162506,
        "dvar": 7.7977142334,
        "dvar2": 19.9715881348,
        "max": 29.3813972473,
        "mean": 8.33684539795,
        "median": 7.23496818542,
        "min": 2.56292438507,
        "stdev": 3.92545127869,
        "var": 15.4091682434
    },
    "erbbands_flatness_db": {
        "dmean": 0.0188900306821,
        "dmean2": 0.0282842610031,
        "dvar": 0.000348046043655,
        "dvar2": 0.000746571458876,
        "max": 0.31052750349,
        "mean": 0.141342505813,
        "median": 0.13907662034,
        "min": 0.0533602014184,
        "stdev": 0.0382503867149,
        "var": 0.00146309204865
    },
    "erbbands_kurtosis": {
        "dmean": 1.00058138371,
        "dmean2": 1.60212552547,
        "dvar": 2.53512477875,
        "dvar2": 6.34724330902,
        "max": 17.9588890076,
        "mean": 0.512397527695,
        "median": -0.0975630283356,
        "min": -1.66924715042,
        "stdev": 2.01227521896,
        "var": 4.04925203323
    },
    "erbbands_skewness": {
        "dmean": 0.381516486406,
        "dmean2": 0.576324522495,
        "dvar": 0.15690509975,
        "dvar2": 0.326940238476,
        "max": 3.76067066193,
        "mean": 0.0931444764137,
        "median": 0.0410982295871,
        "min": -3.11398243904,
        "stdev": 0.744556307793,
        "var": 0.554364085197
    },
    "erbbands_spread": {
        "dmean": 8.87383270264,
        "dmean2": 13.9130249023,
        "dvar": 80.3978500366,
        "dvar2": 176.450515747,
        "max": 131.145965576,
        "mean": 36.7911338806,
        "median": 34.6345748901,
        "min": 5.55119132996,
        "stdev": 16.6730709076,
        "var": 277.99130249
    },
    "hfc": {
        "dmean": 10.076210022,
        "dmean2": 15.1064748764,
        "dvar": 283.072387695,
        "dvar2": 586.831054688,
        "max": 254.85345459,
        "mean": 29.4188175201,
        "median": 25.0405597687,
        "min": 1.13328865822e-16,
        "stdev": 23.3587837219,
        "var": 545.6328125
    },
    "loudness_ebu128": {
        "integrated": -8.12139511108,
        "loudness_range": 3.28105258942,
        "momentary": {
            "dmean": 0.434737741947,
            "dmean2": 0.583464026451,
            "dvar": 0.127202928066,
            "dvar2": 0.280316382647,
            "max": -5.72349882126,
            "mean": -8.34617137909,
            "median": -8.15672683716,
            "min": -12.6679573059,
            "stdev": 1.4285210371,
            "var": 2.04067230225
        },
        "short_term": {
            "dmean": 0.0707836821675,
            "dmean2": 0.0832405164838,
            "dvar": 0.00288563477807,
            "dvar2": 0.00397214945406,
            "max": -6.45060396194,
            "mean": -8.24190998077,
            "median": -8.07397270203,
            "min": -10.4588193893,
            "stdev": 1.14954972267,
            "var": 1.32146465778
        }
    },
    "melbands_crest": {
        "dmean": 3.35671854019,
        "dmean2": 5.43432855606,
        "dvar": 9.73333644867,
        "dvar2": 24.3817596436,
        "max": 29.9558906555,
        "mean": 12.0475721359,
        "median": 11.2753458023,
        "min": 2.17042374611,
        "stdev": 4.65538406372,
        "var": 21.6725997925
    },
    "melbands_flatness_db": {
        "dmean": 0.0238813925534,
        "dmean2": 0.0364732481539,
        "dvar": 0.000528840522747,
        "dvar2": 0.00121314171702,
        "max": 0.31378275156,
        "mean": 0.152093231678,
        "median": 0.148431614041,
        "min": 0.00719278166071,
        "stdev": 0.0443570837379,
        "var": 0.00196755095385
    },
    "melbands_kurtosis": {
        "dmean": 5.16446590424,
        "dmean2": 8.11559200287,
        "dvar": 71.2043228149,
        "dvar2": 170.61076355,
        "max": 99.8490600586,
        "mean": 7.15779304504,
        "median": 3.90093564987,
        "min": -1.80077028275,
        "stdev": 11.0272388458,
        "var": 121.599998474
    },
    "melbands_skewness": {
        "dmean": 0.7593562603,
        "dmean2": 1.16313445568,
        "dvar": 0.752758562565,
        "dvar2": 1.86152863503,
        "max": 8.55794048309,
        "mean": 2.00801873207,
        "median": 1.86020898819,
        "min": -1.37134277821,
        "stdev": 1.35022103786,
        "var": 1.82309699059
    },
    "melbands_spread": {
        "dmean": 10.3408041,
        "dmean2": 15.6889829636,
        "dvar": 240.685379028,
        "dvar2": 497.934112549,
        "max": 239.360656738,
        "mean": 33.3216247559,
        "median": 29.4640483856,
        "min": 3.08228230476,
        "stdev": 22.3291339874,
        "var": 498.590209961
    },
    "pitch_salience": {
        "dmean": 0.0765410587192,
        "dmean2": 0.124638430774,
        "dvar": 0.00450476491824,
        "dvar2": 0.0120330350474,
        "max": 0.86343818903,
        "mean": 0.5809045434,
        "median": 0.585387647152,
        "min": 0.251848071814,
        "stdev": 0.0952844694257,
        "var": 0.00907913036644
    },
    "silence_rate_20dB": {
        "dmean": 0,
        "dmean2": 0,
        "dvar": 0,
        "dvar2": 0,
        "max": 1,
        "mean": 1,
        "median": 1,
        "min": 1,
        "stdev": 0,
        "var": 0
    },
    "silence_rate_30dB": {
        "dmean": 0.00154798757285,
        "dmean2": 0.00309837330133,
        "dvar": 0.00154558406211,
        "dvar2": 0.00463792169467,
        "max": 1,
        "mean": 0.999226629734,
        "median": 1,
        "min": 0,
        "stdev": 0.0277992058545,
        "var": 0.000772795814555
    },
    "silence_rate_60dB": {
        "dmean": 0.00696594407782,
        "dmean2": 0.0131680862978,
        "dvar": 0.0069175218232,
        "dvar2": 0.0160932112485,
        "max": 1,
        "mean": 0.00696055684239,
        "median": 0,
        "min": 0,
        "stdev": 0.0831399783492,
        "var": 0.00691225659102
    },
    "spectral_centroid": {
        "dmean": 285.383605957,
        "dmean2": 431.429016113,
        "dvar": 149300.515625,
        "dvar2": 238067.78125,
        "max": 10558.8164062,
        "mean": 1670.97314453,
        "median": 1611.55566406,
        "min": 397.963653564,
        "stdev": 637.792358398,
        "var": 406779.125
    },
    "spectral_complexity": {
        "dmean": 4.80030965805,
        "dmean2": 7.20526742935,
        "dvar": 25.9584197998,
        "dvar2": 53.5990257263,
        "max": 57,
        "mean": 25.3279190063,
        "median": 25,
        "min": 0,
        "stdev": 9.65311431885,
        "var": 93.1826171875
    },
    "spectral_decrease": {
        "dmean": 3.19957949024e-09,
        "dmean2": 5.1707726989e-09,
        "dvar": 2.55280576354e-17,
        "dvar2": 6.63251943991e-17,
        "max": -8.12402449711e-29,
        "mean": -7.09831349255e-09,
        "median": -5.63728264069e-09,
        "min": -3.60219694073e-08,
        "stdev": 5.43013234378e-09,
        "var": 2.94863385508e-17
    },
    "spectral_energy": {
        "dmean": 0.0127268824726,
        "dmean2": 0.0204929225147,
        "dvar": 0.00038770242827,
        "dvar2": 0.00100410939194,
        "max": 0.142144784331,
        "mean": 0.0294590741396,
        "median": 0.0240081679076,
        "min": 1.05858770087e-20,
        "stdev": 0.0214978642762,
        "var": 0.000462158175651
    },
    "spectral_energyband_high": {
        "dmean": 0.000788251752965,
        "dmean2": 0.00116084248293,
        "dvar": 3.96633322453e-06,
        "dvar2": 7.90594276623e-06,
        "max": 0.0325206331909,
        "mean": 0.0015270721633,
        "median": 0.000729069579393,
        "min": 7.65681268817e-21,
        "stdev": 0.00259224814363,
        "var": 6.7197502176e-06
    },
    "spectral_energyband_low": {
        "dmean": 0.00782143045217,
        "dmean2": 0.0136075513437,
        "dvar": 0.00029988726601,
        "dvar2": 0.000831238459796,
        "max": 0.120671674609,
        "mean": 0.00952385086566,
        "median": 0.00571203092113,
        "min": 3.01566093947e-23,
        "stdev": 0.0152483107522,
        "var": 0.000232510981732
    },
    "spectral_energyband_middle_high": {
        "dmean": 0.00282086501829,
        "dmean2": 0.00438011530787,
        "dvar": 1.96382952709e-05,
        "dvar2": 4.54880391771e-05,
        "max": 0.0756336525083,
        "mean": 0.00822463538498,
        "median": 0.00656497292221,
        "min": 1.672905843e-21,
        "stdev": 0.00719907041639,
        "var": 5.1826613344e-05
    },
    "spectral_energyband_middle_low": {
        "dmean": 0.00502939615399,
        "dmean2": 0.00786670390517,
        "dvar": 4.10248430853e-05,
        "dvar2": 9.66782317846e-05,
        "max": 0.0561525039375,
        "mean": 0.0110229803249,
        "median": 0.00798623170704,
        "min": 3.95949659874e-22,
        "stdev": 0.00908688642085,
        "var": 8.25715105748e-05
    },
    "spectral_entropy": {
        "dmean": 0.131525114179,
        "dmean2": 0.193377137184,
        "dvar": 0.0202753525227,
        "dvar2": 0.0377789847553,
        "max": 9.81337070465,
        "mean": 7.8487944603,
        "median": 7.83207607269,
        "min": 7.01044940948,
        "stdev": 0.285618692636,
        "var": 0.0815780386329
    },
    "spectral_flux": {
        "dmean": 0.0318581908941,
        "dmean2": 0.0504536293447,
        "dvar": 0.00146044057328,
        "dvar2": 0.00312377838418,
        "max": 0.320378601551,
        "mean": 0.101242430508,
        "median": 0.0901192948222,
        "min": 1.02887691422e-10,
        "stdev": 0.051585637033,
        "var": 0.00266107800417
    },
    "spectral_kurtosis": {
        "dmean": 1.07886302471,
        "dmean2": 1.78110170364,
        "dvar": 1.2636936903,
        "dvar2": 3.46288084984,
        "max": 16.2509651184,
        "mean": 3.55471420288,
        "median": 3.45932006836,
        "min": -1.1924892664,
        "stdev": 1.75857710838,
        "var": 3.09259343147
    },
    "spectral_rms": {
        "dmean": 0.00105233432259,
        "dmean2": 0.00162537570577,
        "dvar": 1.77569404514e-06,
        "dvar2": 4.27890654464e-06,
        "max": 0.0117761548609,
        "mean": 0.00506867002696,
        "median": 0.00483969040215,
        "min": 3.2136715164e-12,
        "stdev": 0.00174618442543,
        "var": 3.04915988636e-06
    },
    "spectral_rolloff": {
        "dmean": 605.596923828,
        "dmean2": 964.225280762,
        "dvar": 1189452.875,
        "dvar2": 2049815.25,
        "max": 18346.2890625,
        "mean": 2017.3236084,
        "median": 1593.45703125,
        "min": 107.666015625,
        "stdev": 1722.45837402,
        "var": 2966863
    },
    "spectral_skewness": {
        "dmean": 0.188111126423,
        "dmean2": 0.296693146229,
        "dvar": 0.03508682549,
        "dvar2": 0.0854818299413,
        "max": 3.28930449486,
        "mean": 1.39436507225,
        "median": 1.40470862389,
        "min": -0.0269211959094,
        "stdev": 0.346291989088,
        "var": 0.119918137789
    },
    "spectral_spread": {
        "dmean": 539190.375,
        "dmean2": 730814.1875,
        "dvar": 1.34470146458e+12,
        "dvar2": 1.55110028083e+12,
        "max": 40867048,
        "mean": 4822574,
        "median": 4560770.5,
        "min": 2179835.75,
        "stdev": 1701602.25,
        "var": 2.8954502103e+12
    },
    "spectral_strongpeak": {
        "dmean": 0.723498702049,
        "dmean2": 1.24623203278,
        "dvar": 0.946117401123,
        "dvar2": 2.28090262413,
        "max": 9.77722263336,
        "mean": 1.04013502598,
        "median": 0.476794272661,
        "min": 0,
        "stdev": 1.2455239296,
        "var": 1.55132973194
    },
    "zerocrossingrate": {
        "dmean": 0.0128914564848,
        "dmean2": 0.0145875439048,
        "dvar": 0.000478851958178,
        "dvar2": 0.000513359438628,
        "max": 0.49267578125,
        "mean": 0.0760000497103,
        "median": 0.06640625,
        "min": 0.013671875,
        "stdev": 0.0424966029823,
        "var": 0.00180596136488
    },
    "barkbands": {
        "dmean": [0.000304387853248, 0.0055803633295, 0.00221013650298, 0.000778967747465, 0.00189842330292, 0.00103246548679, 0.00121625571046, 0.00145472097211, 0.000899520469829, 0.00095656956546, 0.000678401906043, 0.000711789994966, 0.000684567610733, 0.000363138475223, 0.000560862012208, 0.000354304123903, 0.000368625420379, 0.000312033022055, 0.000212509679841, 0.000249271688517, 0.000157332266099, 0.000165914709214, 0.000171339561348, 0.00017324044893, 8.31777942949e-05, 5.4886455473e-05, 2.44302691499e-06],
        "dmean2": [0.000519567169249, 0.0098748896271, 0.00384001433849, 0.00126626773272, 0.00297246780246, 0.00167507061269, 0.00198381044902, 0.002372299321, 0.00143294420559, 0.00147593370639, 0.00111140159424, 0.00113291025627, 0.00114921061322, 0.000605560955591, 0.000916063669138, 0.000569584895857, 0.000582606124226, 0.000507101940457, 0.000345414562616, 0.000416724011302, 0.000262911693426, 0.000258582149399, 0.000254237529589, 0.00026108478778, 0.000117310686619, 8.3959515905e-05, 3.94148355554e-06],
        "dvar": [5.54424502752e-07, 0.000173302643816, 2.354267599e-05, 1.35006450819e-06, 8.84683686309e-06, 3.00233045891e-06, 6.25110396868e-06, 1.07851828943e-05, 5.87047316003e-06, 1.03672691694e-05, 4.73084173791e-06, 1.79561448022e-06, 1.36269625273e-06, 2.42086883873e-07, 5.62274180993e-07, 2.84247050786e-07, 3.33896082338e-07, 4.3550747364e-07, 1.17561491209e-07, 2.0790010069e-07, 8.75358878716e-08, 2.06291915106e-07, 3.42655283703e-07, 5.95968117523e-07, 8.05109294788e-08, 1.53859307517e-08, 2.9008932409e-11],
        "dvar2": [1.47954813201e-06, 0.000474223692436, 6.83363614371e-05, 3.60375929631e-06, 2.01904204005e-05, 7.50936442273e-06, 1.5100697965e-05, 2.56773055298e-05, 1.44576642924e-05, 2.40211520577e-05, 1.33401026687e-05, 4.46062631454e-06, 3.54834901373e-06, 6.28642283118e-07, 1.43739453051e-06, 6.8400862574e-07, 8.07602020814e-07, 1.10555936317e-06, 2.77078981981e-07, 5.55822737169e-07, 2.28007607461e-07, 4.41720573008e-07, 7.02353588622e-07, 1.29309103158e-06, 1.53571505734e-07, 3.32604876974e-08, 6.98317445536e-11],
        "max": [0.00574563862756, 0.0872963741422, 0.0385217145085, 0.0146988090128, 0.0406833775342, 0.0225757062435, 0.0342168621719, 0.039788801223, 0.0495529323816, 0.0707079321146, 0.0515373721719, 0.020253431052, 0.0141927152872, 0.0060497331433, 0.00737841008231, 0.00597328273579, 0.00715420069173, 0.0112386187539, 0.00434636557475, 0.00450435793027, 0.00513920979574, 0.00964409671724, 0.0103891389444, 0.013112006709, 0.00556261418387, 0.00176931195892, 5.71692580706e-05],
        "mean": [0.000268177420367, 0.00593379000202, 0.00265119131655, 0.00114947417751, 0.00294904899783, 0.00165889586788, 0.00164908671286, 0.0019351975061, 0.00133478001226, 0.00136308092624, 0.000997013528831, 0.00111215992365, 0.00108348927461, 0.000557694991585, 0.000933676084969, 0.000650698901154, 0.00064723478863, 0.000476568005979, 0.00036132382229, 0.000428777595516, 0.000285670015728, 0.000286474183667, 0.000262931484031, 0.000252829224337, 0.000141818833072, 8.50858923513e-05, 2.89999934466e-06],
        "median": [6.40140569885e-05, 0.00265636132099, 0.00182379002217, 0.000871025025845, 0.00162902509328, 0.000789265264757, 0.000579438870773, 0.000728597166017, 0.000309601309709, 0.000420228985604, 0.0002803314419, 0.000537235464435, 0.000533062557224, 0.000369007757399, 0.000568277435377, 0.000327728805132, 0.000354255316779, 0.000255668506725, 0.00023934985802, 0.000237330867094, 0.000160416660947, 0.000126905069919, 8.16749452497e-05, 7.37187147024e-05, 4.94203959533e-05, 1.76432986336e-05, 3.91341700379e-07],
        "min": [1.32930398936e-23, 2.43798093847e-24, 1.21272005056e-23, 3.46904612297e-23, 4.77035580539e-23, 4.65513225721e-23, 5.93086770017e-23, 5.67736693274e-23, 1.27844073099e-22, 1.11054374111e-22, 8.16550869627e-23, 1.7518929582e-22, 5.81273041536e-23, 9.43227226639e-23, 1.12198803025e-22, 1.05913563229e-22, 2.30456512187e-22, 1.55623563752e-22, 4.14612998176e-22, 2.34820061574e-22, 5.31702700948e-22, 5.80248216557e-22, 5.00343195425e-22, 8.82475697798e-22, 1.26753362457e-21, 1.65850005642e-21, 2.33941500242e-21],
        "stdev": [0.000669111555908, 0.0115090059116, 0.00398104451597, 0.00122814800125, 0.00404802244157, 0.00263093761168, 0.00345593737438, 0.00372784072533, 0.00337923271582, 0.00368819246069, 0.00293522980064, 0.00170184625313, 0.00156270177104, 0.000607488502283, 0.00106251554098, 0.000843119749334, 0.000874811899848, 0.000768488156609, 0.000435959780589, 0.000539846427273, 0.000347518449416, 0.000614495249465, 0.000725677993614, 0.000847287126817, 0.000351277296431, 0.000155264133355, 6.31284274277e-06],
        "var": [4.4771027774e-07, 0.000132457222207, 1.58487164299e-05, 1.5083476228e-06, 1.63864842762e-05, 6.92183220963e-06, 1.19435035231e-05, 1.38967961902e-05, 1.14192143883e-05, 1.36027638291e-05, 8.6155741883e-06, 2.8962806482e-06, 2.44203670263e-06, 3.69042282955e-07, 1.12893928872e-06, 7.10850883934e-07, 7.65295851579e-07, 5.90574018133e-07, 1.90060930549e-07, 2.91434133715e-07, 1.20769072964e-07, 3.77604379764e-07, 5.26608516793e-07, 7.17895488833e-07, 1.23395736296e-07, 2.41069493256e-08, 3.98519862943e-11]
    },
    "erbbands": {
        "dmean": [0.119388699532, 1.42534255981, 2.92109680176, 2.46708893776, 4.57241439819, 6.56941843033, 9.00085830688, 7.7162399292, 15.6388816833, 26.3670330048, 25.5382518768, 18.9859714508, 23.2697410583, 32.4942359924, 24.0942153931, 31.5145664215, 30.9847049713, 21.7011451721, 24.7884578705, 24.8420886993, 19.2526130676, 16.9169025421, 16.7221279144, 12.2041015625, 10.4497261047, 12.3137731552, 6.8718380928, 6.2156662941, 5.98100709915, 5.80999040604, 4.63558530807, 4.66309213638, 2.10748577118, 0.952518999577, 0.626340508461, 0.319406658411, 0.0860833525658, 0.0100466292351, 0.000277761922916, 2.1413929062e-05],
        "dmean2": [0.212654471397, 2.50300765038, 5.08919906616, 4.07310295105, 7.27630138397, 10.2780609131, 14.3280706406, 12.6904525757, 25.8354587555, 41.8968429565, 41.0139198303, 30.2713928223, 37.1798706055, 50.1115913391, 38.225818634, 50.9625282288, 51.0658302307, 35.8197402954, 40.844493866, 39.7146682739, 30.7232303619, 26.2474250793, 26.9260177612, 19.832365036, 17.0394210815, 20.306886673, 11.3996391296, 10.4948444366, 9.44770336151, 8.83118247986, 6.86707544327, 7.10358285904, 3.13716101646, 1.34717237949, 0.878722608089, 0.480420529842, 0.133877441287, 0.0154229588807, 0.00042928912444, 3.31464580086e-05],
        "dvar": [0.062203541398, 11.7007484436, 43.0585823059, 18.3738307953, 58.676864624, 141.800491333, 345.122924805, 166.580688477, 1117.18933105, 4807.94677734, 2648.29077148, 3077.78320312, 3582.66479492, 15003.9414062, 4517.48291016, 3422.33740234, 3233.30151367, 895.67376709, 1368.43005371, 1190.29650879, 965.84954834, 766.826538086, 1343.96008301, 509.126678467, 253.826187134, 515.911437988, 135.52053833, 192.165603638, 273.064056396, 282.730224609, 281.576019287, 517.833862305, 68.0481414795, 11.8638887405, 4.45473814011, 0.578825473785, 0.0374218486249, 0.000431215186836, 3.82683793987e-07, 1.21480403514e-09],
        "dvar2": [0.17057543993, 32.1097679138, 122.907196045, 51.3621406555, 139.194869995, 326.460418701, 861.937866211, 418.3230896, 2735.2824707, 12061.25, 6693.70507812, 7616.77636719, 8890.94921875, 35453.6328125, 12546.8896484, 8606.64257812, 8409.39160156, 2377.13134766, 3619.75952148, 2925.25146484, 2419.31713867, 1777.55651855, 3255.12207031, 1297.78771973, 612.720153809, 1360.55126953, 344.972137451, 493.804748535, 592.677246094, 609.698181152, 569.459411621, 1157.52282715, 138.816452026, 22.6111087799, 8.83541965485, 1.21700119972, 0.0842974260449, 0.000961496727541, 9.11157314931e-07, 2.78990852642e-09],
        "max": [1.60892963409, 22.4453125, 48.7354240417, 53.8509407043, 79.8715896606, 192.672042847, 307.320373535, 198.572753906, 548.020996094, 859.986938477, 782.286315918, 1380.5045166, 853.935241699, 2589.83422852, 1561.98425293, 975.743041992, 752.143859863, 434.470672607, 446.919647217, 452.781860352, 371.240203857, 325.920623779, 669.703186035, 296.551300049, 212.169815063, 229.706161499, 147.377227783, 272.921356201, 389.24420166, 243.619720459, 328.3125, 432.898620605, 154.623748779, 82.0763931274, 33.4062271118, 10.1242218018, 3.014149189, 0.226461574435, 0.00723042665049, 0.00039090248174],
        "mean": [0.137300252914, 1.43134057522, 3.4141523838, 3.61660599709, 6.22470760345, 9.66251754761, 14.7220125198, 11.8016433716, 22.6191501617, 32.4158554077, 39.4882278442, 30.0332565308, 34.7464256287, 47.9584960938, 40.1981773376, 52.0361213684, 51.4636764526, 37.5489425659, 40.1779632568, 44.9544372559, 38.0099258423, 32.1967353821, 27.8707942963, 20.5371437073, 18.9049606323, 20.4418144226, 13.8915958405, 10.2267923355, 9.93473339081, 9.66881847382, 7.0940861702, 6.61787939072, 3.21776437759, 1.64474844933, 1.00458657742, 0.490910470486, 0.130485087633, 0.0152327967808, 0.000413401576225, 5.15080646437e-05],
        "median": [0.0598665215075, 0.648594558239, 2.07974100113, 2.8153231144, 3.46083760262, 5.02157783508, 5.70676708221, 6.03743505478, 8.40728664398, 9.65372562408, 18.1679763794, 9.05189228058, 11.0110502243, 12.7226715088, 15.6263542175, 27.8528079987, 24.961265564, 25.8050613403, 25.4206867218, 26.1862010956, 20.9430770874, 17.6188468933, 14.9124946594, 13.1650657654, 12.5535078049, 11.0956306458, 8.09757900238, 5.64825153351, 4.46979475021, 3.6699681282, 2.12341427803, 1.70167887211, 1.08134663105, 0.630504608154, 0.310460656881, 0.111405268312, 0.0271849706769, 0.00304344878532, 8.9816559921e-05, 3.94790731661e-05],
        "min": [5.95405642426e-23, 8.90926127276e-22, 1.1845115704e-20, 6.45059287735e-20, 1.99581246393e-19, 1.15322018409e-19, 9.72503127611e-20, 6.26564395193e-19, 8.02523702661e-19, 7.00502141041e-19, 2.41525633966e-18, 2.83711018025e-18, 2.76712511696e-18, 3.0507016561e-18, 4.63295465208e-18, 7.15862368028e-18, 2.9620078353e-18, 3.54876571448e-18, 5.24190227157e-18, 6.14881110106e-18, 7.59907419541e-18, 1.29811579382e-17, 9.32712728693e-18, 1.85521176205e-17, 1.72377127379e-17, 1.30294851383e-17, 1.78286588394e-17, 2.13722443353e-17, 1.73762869972e-17, 1.6259376449e-17, 1.67160579021e-17, 1.85976142086e-17, 1.50024473841e-17, 1.23518174215e-17, 9.39450859245e-18, 6.60851672648e-18, 3.57143418558e-18, 1.34830822417e-18, 3.02020676394e-19, 3.20018569097e-20],
        "stdev": [0.240380331874, 2.90254426003, 5.43146371841, 3.99197864532, 8.57405185699, 16.3796768188, 30.5303821564, 17.2992954254, 47.9967536926, 75.7101287842, 60.6327819824, 76.6046600342, 74.9628067017, 140.795349121, 88.8516235352, 72.4181518555, 74.4470825195, 40.6373443604, 44.0004577637, 56.4601249695, 48.4550704956, 42.7619094849, 44.2776260376, 26.0642967224, 21.2311344147, 26.4628238678, 16.5645923615, 15.4726762772, 21.9393997192, 22.2075023651, 20.3401126862, 24.0331535339, 9.73733711243, 4.29898643494, 2.5146522522, 0.941072881222, 0.236733973026, 0.0272866114974, 0.000772884581238, 4.3213050958e-05],
        "var": [0.057782702148, 8.42476272583, 29.5007972717, 15.9358930588, 73.5143585205, 268.293823242, 932.104187012, 299.265594482, 2303.68823242, 5732.0234375, 3676.33447266, 5868.27392578, 5619.42285156, 19823.3300781, 7894.61035156, 5244.38867188, 5542.36816406, 1651.39379883, 1936.04016113, 3187.74584961, 2347.89379883, 1828.58105469, 1960.50817871, 679.347595215, 450.761077881, 700.281066895, 274.38571167, 239.403717041, 481.337249756, 493.173156738, 413.720184326, 577.592468262, 94.8157272339, 18.4812850952, 6.32347631454, 0.885618150234, 0.0560429766774, 0.000744559161831, 5.97350606313e-07, 1.86736781593e-09]
    },
    "gfcc": {
        "mean": [38.3196640015, 78.4199142456, -123.694206238, 34.9731826782, -56.0535697937, 21.1542644501, -38.8591537476, 11.1467351913, -25.0134944916, 9.89099121094, -16.4429531097, 1.99197113514, -13.149064064],
        "cov": [[3298.33544922, -484.48840332, 121.573554993, 27.3780422211, -44.5491714478, 137.742446899, -40.7123985291, 148.5206604, -72.7934265137, 45.3212394714, -106.265403748, 98.9557037354, -105.352966309], [-484.48840332, 904.252197266, -249.281463623, 31.5465431213, 114.986106873, -103.09740448, 99.0413360596, -66.8354721069, 64.810798645, -34.9991798401, 57.0416755676, -110.837013245, 61.8361053467], [121.573554993, -249.281463623, 600.500915527, 169.482208252, 84.4645080566, 81.6442260742, -20.6125240326, 46.6584701538, -20.7380599976, 36.7879676819, -61.1296615601, 44.1094055176, -91.9034500122], [27.3780422211, 31.5465431213, 169.482208252, 381.836639404, 87.0876617432, -25.1413707733, -54.2558517456, -38.2280845642, 45.6605377197, -4.83419275284, 4.50296211243, -20.6663551331, 1.50226712227], [-44.5491714478, 114.986106873, 84.4645080566, 87.0876617432, 234.560440063, 3.59974575043, 18.7613449097, 6.85222291946, -6.2993516922, 19.0366611481, -27.4846897125, 8.96232795715, -7.12495517731], [137.742446899, -103.09740448, 81.6442260742, -25.1413707733, 3.59974575043, 171.459472656, 74.2991027832, 20.1646995544, -26.485496521, -4.20860290527, -16.4663352966, 3.56052684784, -26.6228675842], [-40.7123985291, 99.0413360596, -20.6125240326, -54.2558517456, 18.7613449097, 74.2991027832, 184.922195435, 18.8145580292, -20.5587291718, -2.5237455368, -7.65537548065, 5.1737446785, -15.5397472382], [148.5206604, -66.8354721069, 46.6584701538, -38.2280845642, 6.85222291946, 20.1646995544, 18.8145580292, 107.403045654, 26.9592323303, 0.918626606464, -11.4894113541, 9.76540756226, -22.2687454224], [-72.7934265137, 64.810798645, -20.7380599976, 45.6605377197, -6.2993516922, -26.485496521, -20.5587291718, 26.9592323303, 95.2000350952, 17.6093425751, 10.8120107651, -29.7496967316, 3.61812734604], [45.3212394714, -34.9991798401, 36.7879676819, -4.83419275284, 19.0366611481, -4.20860290527, -2.5237455368, 0.918626606464, 17.6093425751, 80.2643127441, 6.34514141083, 5.68300247192, -9.07760906219], [-106.265403748, 57.0416755676, -61.1296615601, 4.50296211243, -27.4846897125, -16.4663352966, -7.65537548065, -11.4894113541, 10.8120107651, 6.34514141083, 66.3065948486, -0.626383781433, 14.5272665024], [98.9557037354, -110.837013245, 44.1094055176, -20.6663551331, 8.96232795715, 3.56052684784, 5.1737446785, 9.76540756226, -29.7496967316, 5.68300247192, -0.626383781433, 77.3802719116, 8.44708538055], [-105.352966309, 61.8361053467, -91.9034500122, 1.50226712227, -7.12495517731, -26.6228675842, -15.5397472382, -22.2687454224, 3.61812734604, -9.07760906219, 14.5272665024, 8.44708538055, 78.1099472046]],
        "icov": [[0.000472436426207, -0.000227983517107, 0.000499846122693, -0.000610498187598, 0.000532322621439, -0.000627349945717, 0.000647663779091, -0.00110668118577, 0.000932874565478, -0.000893529213499, 0.00115029059816, -0.000969907676335, 0.000809524324723], [-0.000227983517107, 0.00315874768421, -0.00051788619021, 0.00118317676242, -0.00262258667499, 0.00255954335444, -0.00316026574001, 0.00254705711268, -0.00247909454629, 0.00268512009643, -0.00335362437181, 0.00456056883559, -0.00215222430415], [0.000499846122693, -0.00051788619021, 0.00412458227947, -0.00273808185011, 0.000832795747556, -0.00224698614329, 0.00197690026835, -0.00277401064523, 0.00245141331106, -0.00289914710447, 0.00370708177797, -0.0035053009633, 0.00414145970717], [-0.000610498187598, 0.00118317676242, -0.00273808185011, 0.00583521369845, -0.00309262401424, 0.00185800041072, -0.0012898852583, 0.00497169839218, -0.00525207445025, 0.00416102260351, -0.00399659154937, 0.0032378078904, -0.00246194307692], [0.000532322621439, -0.00262258667499, 0.000832795747556, -0.00309262401424, 0.00787392724305, -0.00198011496104, 0.0020140025299, -0.00391900492832, 0.00414418196306, -0.00471956422552, 0.00574624119326, -0.00441204663366, 0.00182820623741], [-0.000627349945717, 0.00255954335444, -0.00224698614329, 0.00185800041072, -0.00198011496104, 0.0107894064859, -0.00612313393503, 0.00214697839692, -0.00100590090733, 0.00327473203652, -0.00349467643537, 0.00570160755888, -0.00220067682676], [0.000647663779091, -0.00316026574001, 0.00197690026835, -0.0012898852583, 0.0020140025299, -0.00612313393503, 0.0108261629939, -0.00420954404399, 0.00390848703682, -0.00348203349859, 0.00426703318954, -0.00561464671046, 0.00400450313464], [-0.00110668118577, 0.00254705711268, -0.00277401064523, 0.00497169839218, -0.00391900492832, 0.00214697839692, -0.00420954404399, 0.0182872507721, -0.0117129581049, 0.00677591143176, -0.00395250925794, 0.00128958781715, -0.000192464591237], [0.000932874565478, -0.00247909454629, 0.00245141331106, -0.00525207445025, 0.00414418196306, -0.00100590090733, 0.00390848703682, -0.0117129581049, 0.0221184566617, -0.00901742465794, 0.00324850506149, 0.00234960275702, 0.000748815597035], [-0.000893529213499, 0.00268512009643, -0.00289914710447, 0.00416102260351, -0.00471956422552, 0.00327473203652, -0.00348203349859, 0.00677591143176, -0.00901742465794, 0.019024591893, -0.00712073687464, 0.00274003134109, -0.00124062527902], [0.00115029059816, -0.00335362437181, 0.00370708177797, -0.00399659154937, 0.00574624119326, -0.00349467643537, 0.00426703318954, -0.00395250925794, 0.00324850506149, -0.00712073687464, 0.024217614904, -0.00811643712223, 0.00309570669197], [-0.000969907676335, 0.00456056883559, -0.0035053009633, 0.0032378078904, -0.00441204663366, 0.00570160755888, -0.00561464671046, 0.00128958781715, 0.00234960275702, 0.00274003134109, -0.00811643712223, 0.0256795696914, -0.00937159825116], [0.000809524324723, -0.00215222430415, 0.00414145970717, -0.00246194307692, 0.00182820623741, -0.00220067682676, 0.00400450313464, -0.000192464591237, 0.000748815597035, -0.00124062527902, 0.00309570669197, -0.00937159825116, 0.0209356658161]]
    },
    "melbands": {
        "dmean": [0.00131600233726, 0.00162412854843, 0.00044392287964, 0.000406331790145, 0.000303123466438, 0.000183754062164, 0.000236486012, 0.000301641557598, 0.000199884700123, 0.000118586380268, 0.000120555938338, 0.000137672352139, 9.39912497415e-05, 8.00009584054e-05, 7.61912815506e-05, 6.20861392235e-05, 3.93338450522e-05, 3.80752317142e-05, 3.40339538525e-05, 3.08719972963e-05, 2.50983121077e-05, 1.95006687136e-05, 1.86235338333e-05, 1.57274571393e-05, 9.98379346129e-06, 8.28645352158e-06, 8.96871824807e-06, 8.24620292406e-06, 5.0921617003e-06, 3.48681805917e-06, 3.88509897675e-06, 3.49231731889e-06, 3.48160301655e-06, 3.38038489645e-06, 2.66496067525e-06, 3.05579669657e-06, 2.91578589895e-06, 1.7044096694e-06, 9.87308681033e-07, 7.84260180353e-07],
        "dmean2": [0.00233843084425, 0.00280804187059, 0.000723511737306, 0.000638854282442, 0.000478887959616, 0.000298704166198, 0.00038613032666, 0.000481216789922, 0.000319474231219, 0.000188351987163, 0.000191065948457, 0.000213691935642, 0.000153248707647, 0.000127928171423, 0.000124478407088, 0.000103720587504, 6.54551768093e-05, 6.29634814686e-05, 5.49248215975e-05, 4.89759731863e-05, 4.10873726651e-05, 3.04180975945e-05, 3.00080755551e-05, 2.60567085206e-05, 1.63693093782e-05, 1.37561073643e-05, 1.48425233419e-05, 1.38322384373e-05, 8.57575014379e-06, 5.80360256208e-06, 6.5731342147e-06, 5.60707576369e-06, 5.51519906367e-06, 5.1266056289e-06, 3.99273631047e-06, 4.48555692856e-06, 4.45812156613e-06, 2.57982424046e-06, 1.46615354879e-06, 1.12898078442e-06],
        "dvar": [8.98436519492e-06, 1.36416456371e-05, 4.95920460253e-07, 4.44897182206e-07, 3.3253672882e-07, 9.3696399972e-08, 2.42696188479e-07, 6.24323718057e-07, 1.68485613017e-07, 1.07746409128e-07, 9.39653119758e-08, 2.81635863075e-07, 9.84947305938e-08, 2.19341167451e-08, 1.74837637701e-08, 9.63455359937e-09, 2.91775736905e-09, 3.03459235518e-09, 2.35916086666e-09, 1.79012793478e-09, 1.7526360363e-09, 1.01893304905e-09, 1.39414790823e-09, 1.25029286924e-09, 3.39242217651e-10, 1.67398109263e-10, 2.42547176788e-10, 2.39203684638e-10, 8.4360046726e-11, 3.94131498271e-11, 8.25893936574e-11, 9.16909742577e-11, 9.0697824251e-11, 1.04120830013e-10, 8.32647978344e-11, 1.84196269348e-10, 1.99207011997e-10, 4.7791933605e-11, 1.38552329332e-11, 7.30298894275e-12],
        "dvar2": [2.43817194132e-05, 3.8164351281e-05, 1.30861519665e-06, 1.05190281374e-06, 8.01675753337e-07, 2.31606904322e-07, 5.82777147429e-07, 1.53362782385e-06, 4.32565116171e-07, 2.61421462255e-07, 2.29438185784e-07, 6.60822536247e-07, 2.82040360844e-07, 5.26205532481e-08, 4.53484609864e-08, 2.53097560687e-08, 7.72826869166e-09, 8.03041544373e-09, 5.65101565542e-09, 4.31511937293e-09, 4.49356551968e-09, 2.48034326411e-09, 3.20111426255e-09, 3.31237748341e-09, 8.57576287761e-10, 4.11947947976e-10, 6.25378082653e-10, 6.30685836889e-10, 2.1694016028e-10, 1.05945585638e-10, 2.08388320488e-10, 1.97778751709e-10, 2.09668685192e-10, 2.28784019507e-10, 1.70514685705e-10, 3.98817201486e-10, 4.57098303652e-10, 1.06715011827e-10, 2.5391447625e-11, 1.4610115201e-11],
        "max": [0.0202082544565, 0.0256351102144, 0.00858330633491, 0.00708174332976, 0.00888908840716, 0.00487622618675, 0.00810000672936, 0.00904589798301, 0.0056256102398, 0.00746511574835, 0.00426209485158, 0.0115499189124, 0.00754837412387, 0.00168555905111, 0.00205559493043, 0.00119810714386, 0.000737109803595, 0.000659166777041, 0.000587088463362, 0.000511468795594, 0.000419175805291, 0.00042463093996, 0.000640184094664, 0.000513756822329, 0.000262397428742, 0.000144369594636, 0.000219403140363, 0.000188634789083, 0.000137436756631, 9.38388839131e-05, 0.000195786808035, 0.000227414333494, 0.000191373095731, 0.000166009267559, 0.000191591403564, 0.00023767426319, 0.000251728924923, 0.000125363789266, 8.51689255796e-05, 6.21961517027e-05],
        "mean": [0.00146602769382, 0.0018173874123, 0.000681688426994, 0.000578563718591, 0.00050049892161, 0.000284576031845, 0.000344487314578, 0.000369406712707, 0.00030955625698, 0.000182450457942, 0.000173835054738, 0.00019616058853, 0.000142806602526, 0.000128014420625, 0.000121489654703, 0.000101383629953, 6.27260815236e-05, 5.79126244702e-05, 5.77565879212e-05, 5.53090649191e-05, 4.4462907681e-05, 3.37769270118e-05, 2.96310972772e-05, 2.28576027439e-05, 1.56721234816e-05, 1.34620913741e-05, 1.44762389027e-05, 1.31501838041e-05, 9.49672812567e-06, 6.30162548987e-06, 5.78163326281e-06, 5.5115538089e-06, 5.67485494685e-06, 5.23682683706e-06, 3.97276153308e-06, 4.17223554905e-06, 3.99051850763e-06, 2.41047155214e-06, 1.55684847414e-06, 1.32153195409e-06],
        "median": [0.000627255532891, 0.00104472960811, 0.000534649181645, 0.000337028381182, 0.00020362365467, 0.000143082885188, 0.000126718397951, 0.00011256030848, 0.000131212815177, 4.39006289525e-05, 5.35240324098e-05, 4.79590780742e-05, 4.38091883552e-05, 6.22916850261e-05, 6.48015266052e-05, 5.49167380086e-05, 4.23155106546e-05, 3.62622376997e-05, 3.51760354533e-05, 3.03440519929e-05, 2.17056040128e-05, 1.77829515451e-05, 1.41055334097e-05, 1.18853449749e-05, 9.65899926086e-06, 9.01330349734e-06, 8.20174773253e-06, 6.89101807438e-06, 5.08297807755e-06, 3.77319065592e-06, 2.87287116407e-06, 2.39224823417e-06, 2.33714922615e-06, 1.8082440647e-06, 1.13658700229e-06, 1.08155984435e-06, 9.64894070421e-07, 7.61395483551e-07, 6.08514937994e-07, 4.74543583096e-07],
        "min": [1.02296622568e-24, 4.71793094952e-24, 1.61151661162e-23, 1.09496717767e-23, 4.01746309202e-24, 1.27315429008e-23, 1.17476329813e-23, 6.58883133767e-24, 2.34097313524e-23, 1.67044815e-23, 1.40558857439e-23, 1.31620069418e-23, 1.2633818023e-23, 2.04546852227e-23, 1.12666818423e-23, 5.44192737238e-24, 6.98150420818e-24, 8.72256597994e-24, 8.81130494317e-24, 6.64256065392e-24, 9.65614026278e-24, 1.33023295196e-23, 1.11476663976e-23, 7.08729913304e-24, 1.59177868068e-23, 1.49370465305e-23, 9.48365424813e-24, 7.60340980256e-24, 9.98580681279e-24, 1.30834150964e-23, 1.21303772485e-23, 9.68791479118e-24, 1.11463324338e-23, 7.26943764973e-24, 9.14753166047e-24, 1.13150248163e-23, 1.09681098226e-23, 1.01055866638e-23, 1.07604792658e-23, 1.0517850106e-23],
        "stdev": [0.00273293536156, 0.00310029950924, 0.000711889879312, 0.000788775796536, 0.000961474201176, 0.00042644617497, 0.000726719095837, 0.000871456926689, 0.000500917958561, 0.000463802804006, 0.000384964834666, 0.000604072294664, 0.000397933297791, 0.000194879961782, 0.000163177392096, 0.00013449547987, 7.03830228304e-05, 6.46592161502e-05, 7.0147572842e-05, 6.86302300892e-05, 6.23078158242e-05, 4.73422151117e-05, 4.7397606977e-05, 3.86385218007e-05, 2.09965292015e-05, 1.56990754476e-05, 1.90855153051e-05, 1.8109460143e-05, 1.3123761164e-05, 7.2706766332e-06, 1.02296098703e-05, 1.27498278744e-05, 1.22067058328e-05, 1.31305696414e-05, 1.12819707283e-05, 1.48231338244e-05, 1.46641050378e-05, 7.69146390667e-06, 4.61247373096e-06, 3.3314815937e-06],
        "var": [7.46893556425e-06, 9.61185651249e-06, 5.06787216636e-07, 6.22167249276e-07, 9.24432640659e-07, 1.81856350423e-07, 5.28120608578e-07, 7.59437170927e-07, 2.5091878797e-07, 2.15113047375e-07, 1.48197926819e-07, 3.64903371519e-07, 1.58350914603e-07, 3.79782001403e-08, 2.66268589399e-08, 1.80890324941e-08, 4.95376983878e-09, 4.18081391729e-09, 4.92068163993e-09, 4.71010874747e-09, 3.88226428782e-09, 2.24128537951e-09, 2.2465331817e-09, 1.49293533092e-09, 4.40854214245e-10, 2.46460990505e-10, 3.64256902419e-10, 3.27952554002e-10, 1.7223310278e-10, 5.28627419616e-11, 1.04644910792e-10, 1.62558119743e-10, 1.49003670513e-10, 1.72411862565e-10, 1.27282864804e-10, 2.19725307393e-10, 2.15035975137e-10, 5.91586155063e-11, 2.12749158568e-11, 1.10987694729e-11]
    },
    "melbands128": {
