{
"lowlevel": {
    "average_loudness": 0.754805624485,
    "barkbands_crest": {
        "dmean": 2.70704436302,
        "dmean2": 4.38521528244,
        "dvar": 9.92940139771,
        "dvar2": 24.9059944153,
        "max": 25.81939888,
        "mean": 14.5618152618,
        "median": 13.6310586929,
        "min": 3.263869524,
        "stdev": 6.0571231842,
        "var": 36.6887397766
    },
    "barkbands_flatness_db": {
        "dmean": 0.0309884697199,
        "dmean2": 0.0464847832918,
        "dvar": 0.00109713245183,
        "dvar2": 0.00200968445279,
        "max": 0.542246639729,
        "mean": 0.209071353078,
        "median": 0.190029874444,
        "min": 0.0380230657756,
        "stdev": 0.0968163833022,
        "var": 0.00937341153622
    },
    "barkbands_kurtosis": {
        "dmean": 8.20889186859,
        "dmean2": 13.0349855423,
        "dvar": 260.513275146,
        "dvar2": 604.964538574,
        "max": 184.172317505,
        "mean": 13.4147014618,
        "median": 4.53113412857,
        "min": -1.77999663353,
        "stdev": 22.4448776245,
        "var": 503.772521973
    },
    "barkbands_skewness": {
        "dmean": 0.895739495754,
        "dmean2": 1.37470841408,
        "dvar": 1.20158827305,
        "dvar2": 2.52750635147,
        "max": 11.6419229507,
        "mean": 2.54629421234,
        "median": 1.92234551907,
        "min": -6.6522026062,
        "stdev": 2.25567221642,
        "var": 5.08805751801
    },
    "barkbands_spread": {
        "dmean": 7.67423343658,
        "dmean2": 11.9450397491,
        "dvar": 111.334960938,
        "dvar2": 242.683898926,
        "max": 95.1762313843,
        "mean": 19.5976810455,
        "median": 14.4530639648,
        "min": 0.67377525568,
        "stdev": 16.3723487854,
        "var": 268.053833008
    },
    "dissonance": {
        "dmean": 0.0315062738955,
        "dmean2": 0.0521881319582,
        "dvar": 0.000892084441148,
        "dvar2": 0.00234588282183,
        "max": 0.5,
        "mean": 0.440437942743,
        "median": 0.449685245752,
        "min": 0.0272161178291,
        "stdev": 0.043633710593,
        "var": 0.00190390064381
    },
    "dynamic_complexity": 3.4023168087,
    "erbbands_crest": {
        "dmean": 3.56130504608,
        "dmean2": 5.8165473938,
        "dvar": 11.279712677,
        "dvar2": 28.1801147461,
        "max": 30.1007118225,
        "mean": 11.1996974945,
        "median": 10.1349563599,
        "min": 2.99504971504,
        "stdev": 5.26724052429,
        "var": 27.7438220978
    },
    "erbbands_flatness_db": {
        "dmean": 0.022882418707,
        "dmean2": 0.0350685194135,
        "dvar": 0.000513693608809,
        "dvar2": 0.00109042052645,
        "max": 0.436135977507,
        "mean": 0.175295740366,
        "median": 0.153457388282,
        "min": 0.0534371621907,
        "stdev": 0.0815719366074,
        "var": 0.00665398035198
    },
    "erbbands_kurtosis": {
        "dmean": 1.58072137833,
        "dmean2": 2.43934416771,
        "dvar": 12.3365335464,
        "dvar2": 27.2766685486,
        "max": 60.3056793213,
        "mean": 1.26586318016,
        "median": 0.21059679985,
        "min": -1.85720515251,
        "stdev": 4.49115753174,
        "var": 20.1704940796
    },
    "erbbands_skewness": {
        "dmean": 0.530008792877,
        "dmean2": 0.820236682892,
        "dvar": 0.323883861303,
        "dvar2": 0.699741542339,
        "max": 5.97072458267,
        "mean": 0.448019623756,
        "median": 0.439067512751,
        "min": -5.93485450745,
        "stdev": 0.948473215103,
        "var": 0.899601459503
    },
    "erbbands_spread": {
        "dmean": 13.8953809738,
        "dmean2": 21.0153083801,
        "dvar": 254.498352051,
        "dvar2": 532.928100586,
        "max": 162.196411133,
        "mean": 45.9543647766,
        "median": 38.5071601868,
        "min": 4.42763566971,
        "stdev": 30.4354381561,
        "var": 926.315856934
    },
    "hfc": {
        "dmean": 16.5027713776,
        "dmean2": 25.0871009827,
        "dvar": 1207.99157715,
        "dvar2": 2473.38427734,
        "max": 581.402404785,
        "mean": 31.0333862305,
        "median": 20.85754776,
        "min": 6.91000459483e-05,
        "stdev": 45.2063865662,
        "var": 2043.61730957
    },
    "loudness_ebu128": {
        "integrated": -9.48300552368,
        "loudness_range": 6.30819797516,
        "momentary": {
            "dmean": 0.852966368198,
            "dmean2": 0.98324161768,
            "dvar": 0.684403419495,
            "dvar2": 1.11329185963,
            "max": -5.04159021378,
            "mean": -11.4539308548,
            "median": -10.4483776093,
            "min": -25.0722332001,
            "stdev": 4.4999089241,
            "var": 20.2491817474
        },
        "short_term": {
            "dmean": 0.136762067676,
            "dmean2": 0.119905382395,
            "dvar": 0.0190828163177,
            "dvar2": 0.0141755882651,
            "max": -7.23533630371,
            "mean": -10.5842266083,
            "median": -9.65609550476,
            "min": -20.1373806,
            "stdev": 3.04969024658,
            "var": 9.3006105423
        }
    },
    "melbands_crest": {
        "dmean": 2.97143507004,
        "dmean2": 4.68047857285,
        "dvar": 11.5640363693,
        "dvar2": 28.5659618378,
        "max": 35.8424835205,
        "mean": 20.2381153107,
        "median": 19.0677757263,
        "min": 3.68881869316,
        "stdev": 8.31305980682,
        "var": 69.1069564819
    },
    "melbands_flatness_db": {
        "dmean": 0.0352732911706,
        "dmean2": 0.0523771233857,
        "dvar": 0.00151043932419,
        "dvar2": 0.00264881644398,
        "max": 0.690842032433,
        "mean": 0.27979311347,
        "median": 0.254787445068,
        "min": 0.0366010628641,
        "stdev": 0.132351905107,
        "var": 0.0175170283765
    },
    "melbands_kurtosis": {
        "dmean": 22.6579360962,
        "dmean2": 35.7314071655,
        "dvar": 1813.16601562,
        "dvar2": 4378.15966797,
        "max": 407.164306641,
        "mean": 41.7783737183,
        "median": 13.0225982666,
        "min": -1.90182459354,
        "stdev": 64.6510925293,
        "var": 4179.76416016
    },
    "melbands_skewness": {
        "dmean": 1.25189483166,
        "dmean2": 1.92003309727,
        "dvar": 2.27033782005,
        "dvar2": 4.86011791229,
        "max": 18.2238903046,
        "mean": 4.22167730331,
        "median": 3.07653427124,
        "min": -2.45872068405,
        "stdev": 3.39883184433,
        "var": 11.5520572662
    },
    "melbands_spread": {
        "dmean": 9.11100578308,
        "dmean2": 14.1917877197,
        "dvar": 377.522888184,
        "dvar2": 887.261230469,
        "max": 256.337493896,
        "mean": 20.2959403992,
        "median": 11.7232732773,
        "min": 0.622011721134,
        "stdev": 26.6399211884,
        "var": 709.685424805
    },
    "pitch_salience": {
        "dmean": 0.0813940688968,
        "dmean2": 0.134591549635,
        "dvar": 0.00989659689367,
        "dvar2": 0.0252799522132,
        "max": 0.853155910969,
        "mean": 0.435308724642,
        "median": 0.437220394611,
        "min": 0.135346353054,
        "stdev": 0.174950495362,
        "var": 0.0306076761335
    },
    "silence_rate_20dB": {
        "dmean": 0,
        "dmean2": 0,
        "dvar": 0,
        "dvar2": 0,
        "max": 1,
        "mean": 1,
        "median": 1,
        "min": 1,
        "stdev": 0,
        "var": 0
    },
    "silence_rate_30dB": {
        "dmean": 0.0386996902525,
        "dmean2": 0.0774593353271,
        "dvar": 0.0372024029493,
        "dvar2": 0.0730077326298,
        "max": 1,
        "mean": 0.75251352787,
        "median": 1,
        "min": 0,
        "stdev": 0.431552112103,
        "var": 0.186237230897
    },
    "silence_rate_60dB": {
        "dmean": 0.0356037169695,
        "dmean2": 0.0704879909754,
        "dvar": 0.0343362651765,
        "dvar2": 0.0748133584857,
        "max": 1,
        "mean": 0.111368909478,
        "median": 0,
        "min": 0,
        "stdev": 0.314587473869,
        "var": 0.098965279758
    },
    "spectral_centroid": {
        "dmean": 338.322937012,
        "dmean2": 538.33605957,
        "dvar": 255561.578125,
        "dvar2": 510236.0625,
        "max": 7120.40429688,
        "mean": 1197.76867676,
        "median": 1062.57714844,
        "min": 194.052261353,
        "stdev": 818.384277344,
        "var": 669752.875
    },
    "spectral_complexity": {
        "dmean": 3.021671772,
        "dmean2": 4.46940374374,
        "dvar": 21.8432064056,
        "dvar2": 32.5076065063,
        "max": 61,
        "mean": 11.8932714462,
        "median": 11,
        "min": 0,
        "stdev": 8.07109355927,
        "var": 65.1425552368
    },
    "spectral_decrease": {
        "dmean": 3.09430370216e-09,
        "dmean2": 4.55715243319e-09,
        "dvar": 4.79917651345e-17,
        "dvar2": 1.08755827584e-16,
        "max": -4.61055516953e-14,
        "mean": -1.54721355727e-08,
        "median": -5.72739233817e-09,
        "min": -6.69959163702e-08,
        "stdev": 1.81013799505e-08,
        "var": 3.27659951978e-16
    },
    "spectral_energy": {
        "dmean": 0.0125428838655,
        "dmean2": 0.0186393838376,
        "dvar": 0.000727831560653,
        "dvar2": 0.00164528132882,
        "max": 0.258174180984,
        "mean": 0.0612101592124,
        "median": 0.0256809126586,
        "min": 1.8028244142e-07,
        "stdev": 0.0693436190486,
        "var": 0.00480853766203
    },
    "spectral_energyband_high": {
        "dmean": 0.00156507105567,
        "dmean2": 0.00244089751504,
        "dvar": 1.59639930644e-05,
        "dvar2": 3.34119031322e-05,
        "max": 0.0676083639264,
        "mean": 0.00213397992775,
        "median": 0.000823277863674,
        "min": 1.40277484073e-10,
        "stdev": 0.00489666732028,
        "var": 2.39773489739e-05
    },
    "spectral_energyband_low": {
        "dmean": 0.00822050869465,
        "dmean2": 0.0109431492165,
        "dvar": 0.000474115193356,
        "dvar2": 0.000974662718363,
        "max": 0.23015896976,
        "mean": 0.0457206070423,
        "median": 0.00424072984606,
        "min": 9.48049994065e-09,
        "stdev": 0.0639187842607,
        "var": 0.00408561062068
    },
    "spectral_energyband_middle_high": {
        "dmean": 0.00238380022347,
        "dmean2": 0.00346345407888,
        "dvar": 1.6047490135e-05,
        "dvar2": 2.95712761726e-05,
        "max": 0.0468691252172,
        "mean": 0.00427944213152,
        "median": 0.00222640577704,
        "min": 3.10587857655e-08,
        "stdev": 0.00591439194977,
        "var": 3.49800320691e-05
    },
    "spectral_energyband_middle_low": {
        "dmean": 0.00697104493156,
        "dmean2": 0.0124095259234,
        "dvar": 0.000319609011058,
        "dvar2": 0.000946390093304,
        "max": 0.156735241413,
        "mean": 0.00986405927688,
        "median": 0.0069181243889,
        "min": 6.91716195433e-08,
        "stdev": 0.014751797542,
        "var": 0.000217615539441
    },
    "spectral_entropy": {
        "dmean": 0.283383101225,
        "dmean2": 0.417416363955,
        "dvar": 0.0804961621761,
        "dvar2": 0.166982993484,
        "max": 8.69592285156,
        "mean": 7.33390951157,
        "median": 7.45880174637,
        "min": 4.94031906128,
        "stdev": 0.796687960625,
        "var": 0.634711682796
    },
    "spectral_flux": {
        "dmean": 0.0387350507081,
        "dmean2": 0.0624223463237,
        "dvar": 0.00385410897434,
        "dvar2": 0.00670318119228,
        "max": 0.494207501411,
        "mean": 0.091386988759,
        "median": 0.0714723467827,
        "min": 0.000424596801167,
        "stdev": 0.0853723287582,
        "var": 0.00728843500838
    },
    "spectral_kurtosis": {
        "dmean": 5.16880893707,
        "dmean2": 8.49086666107,
        "dvar": 208.596939087,
        "dvar2": 539.831665039,
        "max": 255.883117676,
        "mean": 16.080821991,
        "median": 2.73176288605,
        "min": -1.07720851898,
        "stdev": 42.3161201477,
        "var": 1790.65393066
    },
    "spectral_rms": {
        "dmean": 0.000807025411632,
        "dmean2": 0.00116179697216,
        "dvar": 1.79059418315e-06,
        "dvar2": 3.55965653398e-06,
        "max": 0.0158706400543,
        "mean": 0.00642764102668,
        "median": 0.00500545185059,
        "min": 1.32621753437e-05,
        "stdev": 0.00428982730955,
        "var": 1.84026193892e-05
    },
    "spectral_rolloff": {
        "dmean": 791.747375488,
        "dmean2": 1352.88891602,
        "dvar": 2890754.5,
        "dvar2": 6750102.5,
        "max": 13156.7871094,
        "mean": 1494.79907227,
        "median": 645.99609375,
        "min": 64.599609375,
        "stdev": 2170.36938477,
        "var": 4710503.5
    },
    "spectral_skewness": {
        "dmean": 0.468982130289,
        "dmean2": 0.724740445614,
        "dvar": 0.534388303757,
        "dvar2": 1.31392598152,
        "max": 12.9884204865,
        "mean": 2.24455952644,
        "median": 1.56882894039,
        "min": -0.566789150238,
        "stdev": 2.27217793465,
        "var": 5.16279268265
    },
    "spectral_spread": {
        "dmean": 1183255.625,
        "dmean2": 1706064.5,
        "dvar": 1.86944729907e+12,
        "dvar2": 3.16414282957e+12,
        "max": 27809166,
        "mean": 6439956,
        "median": 6691084,
        "min": 362538.84375,
        "stdev": 2989602.25,
        "var": 8.9377210368e+12
    },
    "spectral_strongpeak": {
        "dmean": 0.490423113108,
        "dmean2": 0.803772211075,
        "dvar": 1.48497974873,
        "dvar2": 3.78767943382,
        "max": 23.0872612,
        "mean": 0.940907478333,
        "median": 0.592462658882,
        "min": 0,
        "stdev": 1.27605438232,
        "var": 1.62831485271
    },
    "zerocrossingrate": {
        "dmean": 0.0161155480891,
        "dmean2": 0.0188909247518,
        "dvar": 0.000488019548357,
        "dvar2": 0.000574360776227,
        "max": 0.40478515625,
        "mean": 0.0593769624829,
        "median": 0.046875,
        "min": 0.00244140625,
        "stdev": 0.0538531206548,
        "var": 0.00290015852079
    },
    "barkbands": {
        "dmean": [0.000779024965595, 0.00760503206402, 0.00369956367649, 0.00187547993846, 0.00199209712446, 0.00174271815922, 0.000543942325749, 0.000781862356234, 0.00157668511383, 0.000390425004298, 0.000555728620384, 0.000311899144435, 0.000369787943782, 0.000487909506774, 0.000475160573842, 0.000476651650388, 0.000296670972602, 0.000165278761415, 0.000135316920932, 8.44501118991e-05, 7.81718772487e-05, 0.000275912083453, 0.000552506186068, 0.000454121647635, 0.000247924472205, 0.000123353558592, 1.11031395136e-05],
        "dmean2": [0.00109498447273, 0.00928310677409, 0.00718401372433, 0.00351162930019, 0.00368060474284, 0.00289771333337, 0.000929230474867, 0.00129261694383, 0.00258609908633, 0.000623609870672, 0.000835621031001, 0.000482504809042, 0.000560719170608, 0.000808399403468, 0.000767555786297, 0.000784314586781, 0.000430517509812, 0.000258848478552, 0.000195958622498, 0.000126237762743, 0.000115755821753, 0.000411637243815, 0.00093193462817, 0.000735254841857, 0.000374927389203, 0.00019132552552, 1.90828068298e-05],
        "dvar": [6.31542889096e-06, 0.000380209647119, 0.000230675170314, 5.84221779718e-05, 5.23775997863e-05, 9.81225548458e-06, 2.15775821744e-06, 4.17175078837e-06, 1.19547648865e-05, 1.56470389356e-06, 2.47248590313e-06, 8.29297619021e-07, 1.21474374737e-06, 2.04541038329e-06, 1.43605461744e-06, 2.86765816782e-06, 4.01275229933e-07, 1.58556773044e-07, 1.13255147483e-07, 4.71817820369e-08, 6.05075314297e-08, 5.28762370777e-07, 2.28324392992e-06, 2.27430268751e-06, 4.62905973109e-07, 8.28962214428e-08, 1.19712062485e-09],
        "dvar2": [1.21647562992e-05, 0.000748121703509, 0.000706546299625, 0.000175224238774, 0.000156510446686, 2.50501398114e-05, 5.68323230254e-06, 1.08810008896e-05, 2.97475980915e-05, 3.96797486246e-06, 5.79016523261e-06, 1.93163646145e-06, 2.88901696877e-06, 4.81324696011e-06, 3.60491117135e-06, 7.8311732068e-06, 8.08478091585e-07, 3.60911826647e-07, 2.288965959e-07, 9.03300048094e-08, 1.15973897152e-07, 1.13187888928e-06, 6.01150259172e-06, 5.15302144777e-06, 8.25994675324e-07, 1.79899686259e-07, 3.18206128114e-09],
        "max": [0.0404621958733, 0.200913012028, 0.101795494556, 0.054570928216, 0.0652017742395, 0.0280333515257, 0.0165942851454, 0.0338598191738, 0.0339452661574, 0.0220316387713, 0.0272436961532, 0.0138355465606, 0.0161055903882, 0.0161131601781, 0.0145783983171, 0.0309971235693, 0.00652066385373, 0.0041570533067, 0.00452323863283, 0.00303980242461, 0.0028926434461, 0.0123003963381, 0.0257076248527, 0.0325992107391, 0.01370102074, 0.00455764029175, 0.000517018605024],
        "mean": [0.00333751761355, 0.0388618707657, 0.00282229832374, 0.00163781282026, 0.00227970560081, 0.00247915810905, 0.000553948630113, 0.000943936582189, 0.0017548588803, 0.000500974943861, 0.00071515829768, 0.00043060106691, 0.000405503291404, 0.000505747506395, 0.000505800708197, 0.000522357702721, 0.000388894317439, 0.000198412817554, 0.000168766870047, 0.000104547892988, 9.06167915673e-05, 0.000349310255842, 0.000613991054706, 0.000546464929357, 0.000317182013532, 0.000163782329764, 1.09618040369e-05],
        "median": [7.31776817702e-05, 0.00249137589708, 0.000211374950595, 0.000333100848366, 0.000871899654157, 0.000830175180454, 0.00012248668645, 0.000269408075837, 0.000324683904182, 9.95432928903e-05, 0.000115783237561, 5.96660611336e-05, 5.95551682636e-05, 7.01799872331e-05, 6.71434099786e-05, 4.95800813951e-05, 6.4611347625e-05, 4.68256257591e-05, 3.78161203116e-05, 1.92524748854e-05, 2.27449199883e-05, 0.000105374463601, 0.000129260297399, 0.000122877128888, 9.76486189757e-05, 6.40460348222e-05, 1.73022465333e-06],
        "min": [2.16494183691e-11, 2.22214424639e-09, 1.22622212384e-09, 2.94897795072e-09, 3.03519627209e-08, 2.45525089149e-09, 2.46138998072e-09, 4.99174568347e-09, 1.40970546347e-09, 1.28356791862e-09, 5.39442623904e-09, 1.39013618394e-08, 2.82636114513e-09, 2.20377160964e-09, 7.28502203007e-10, 9.86310810802e-10, 3.62729934977e-09, 3.76683823022e-10, 2.11024392405e-11, 8.92519461115e-11, 1.81837097463e-11, 1.20292456551e-11, 3.36251577797e-12, 1.30265156301e-13, 1.3205395436e-13, 5.64402955524e-14, 7.18250057954e-14],
        "stdev": [0.00766020361334, 0.0563143976033, 0.0113495914266, 0.00582262501121, 0.00587042188272, 0.00374187366106, 0.00144475989509, 0.0022220199462, 0.00372743350454, 0.00144470669329, 0.0017991400091, 0.00104658072814, 0.00118725479115, 0.00152117211837, 0.00126893725246, 0.00158743828069, 0.000829269993119, 0.000463932869025, 0.000427958380897, 0.000271066848654, 0.000282070861431, 0.00083795574028, 0.00150066870265, 0.00171885977034, 0.000892113661394, 0.000344938656781, 3.25480359606e-05],
        "var": [5.86787173233e-05, 0.00317131122574, 0.000128813233459, 3.39029611496e-05, 3.44618529198e-05, 1.40016190926e-05, 2.08733104046e-06, 4.93737252327e-06, 1.38937612064e-05, 2.08717756323e-06, 3.23690460391e-06, 1.09533118575e-06, 1.40957388339e-06, 2.31396461459e-06, 1.61020182077e-06, 2.51996016232e-06, 6.8768872552e-07, 2.15233697531e-07, 1.83148372912e-07, 7.34772314104e-08, 7.95639678586e-08, 7.02169870692e-07, 2.2520064249e-06, 2.95447898679e-06, 7.95866753833e-07, 1.18982683261e-07, 1.05937469908e-09]
    },
    "erbbands": {
        "dmean": [0.343126952648, 1.68285298347, 4.03646326065, 5.49161434174, 5.90138673782, 7.35293912888, 11.3194618225, 13.7374410629, 6.80918931961, 11.3945064545, 21.2860813141, 38.0961036682, 15.822883606, 13.7865877151, 21.0952606201, 13.8158435822, 17.0237503052, 16.3925991058, 23.6095600128, 27.7360897064, 23.7916469574, 13.0284519196, 9.96807098389, 5.94118118286, 7.62320709229, 4.05072402954, 2.77271533012, 4.08690023422, 8.68274497986, 12.6959943771, 16.4167976379, 12.2782049179, 6.35174369812, 3.31789302826, 1.53670823574, 0.63088452816, 0.219122961164, 0.0437811873853, 0.0012335292995, 4.34046487499e-05],
        "dmean2": [0.388165146112, 2.30423331261, 7.65668582916, 10.466840744, 11.0189914703, 13.5635442734, 18.798494339, 22.9683971405, 11.9466018677, 19.4154624939, 34.1090126038, 62.2216491699, 24.9885406494, 20.6545639038, 32.3007736206, 20.9640712738, 25.4604167938, 26.5202274323, 37.3658676147, 45.1144714355, 37.2864723206, 19.7047080994, 15.1492996216, 8.8831911087, 10.741938591, 5.97499704361, 4.00999879837, 6.03543758392, 13.1616868973, 19.9320392609, 27.4161682129, 20.0613689423, 10.4570894241, 5.28469276428, 2.31257796288, 0.948413312435, 0.34710624814, 0.0710769221187, 0.00206538336352, 6.81873134454e-05],
        "dvar": [0.614948272705, 23.9831027985, 262.180389404, 514.683532715, 571.588867188, 684.588500977, 523.249328613, 689.266052246, 334.114593506, 873.295349121, 2477.86328125, 7712.10986328, 2528.7409668, 1836.12890625, 3193.80908203, 1292.26379395, 2584.12109375, 2141.17578125, 3437.44824219, 4615.93261719, 4908.17626953, 806.393798828, 491.829711914, 298.356231689, 337.31237793, 102.074638367, 74.6380996704, 161.785049438, 636.834838867, 714.920288086, 2210.40722656, 1134.23535156, 640.582397461, 106.755996704, 14.5804605484, 2.18315076828, 0.255157828331, 0.0132997939363, 1.39501307785e-05, 9.05698360754e-09],
        "dvar2": [1.08959579468, 54.1450843811, 788.67401123, 1552.72741699, 1720.97265625, 2051.88696289, 1430.8170166, 1783.10827637, 899.087890625, 2320.59130859, 6257.41943359, 19443.3105469, 6356.12255859, 4402.61474609, 7902.19921875, 3038.89404297, 6125.82861328, 5420.27001953, 8091.00830078, 12451.5898438, 12285.7607422, 1662.55773926, 1087.20874023, 614.637329102, 677.52935791, 195.979629517, 137.833938599, 341.794708252, 1488.89916992, 1413.13085938, 5910.11083984, 2647.12182617, 1493.48132324, 220.281951904, 26.3272361755, 4.17317485809, 0.595549881458, 0.0334796495736, 3.67889078916e-05, 2.0788164079e-08],
        "max": [9.66090869904, 46.5441856384, 125.554473877, 156.254638672, 213.364929199, 230.447525024, 212.751083374, 246.821517944, 234.944335938, 282.186065674, 935.605895996, 956.637817383, 1036.42028809, 785.197692871, 942.254577637, 467.101135254, 731.97088623, 681.574462891, 757.46081543, 743.288879395, 1318.21984863, 347.750915527, 264.72958374, 271.37588501, 252.406661987, 121.944358826, 111.450416565, 159.388320923, 447.122741699, 518.566955566, 830.962158203, 659.562744141, 549.637207031, 220.453201294, 73.2687454224, 23.3538455963, 7.76071882248, 1.67316257954, 0.0501226186752, 0.00141724932473],
        "mean": [1.65571510792, 6.56710577011, 4.23275661469, 4.75165653229, 6.84088659286, 7.43347883224, 15.5364322662, 18.7934513092, 7.47982978821, 12.9540739059, 27.6307582855, 43.2171058655, 19.7470932007, 18.0463962555, 27.7021408081, 21.1903095245, 19.5480499268, 18.6425323486, 25.7794132233, 30.6044635773, 28.6956424713, 18.2051010132, 13.3992004395, 7.18199920654, 9.96625423431, 5.20707368851, 3.3109433651, 4.64602804184, 10.6538887024, 17.0269126892, 17.6664905548, 13.9872961044, 7.44279575348, 4.05802202225, 1.96070563793, 0.840754210949, 0.271984547377, 0.0503660477698, 0.00138698262163, 0.000110996443254],
        "median": [0.0526784956455, 0.565164446831, 0.730857074261, 0.851943016052, 1.81415605545, 2.4832880497, 6.01206922531, 5.80848932266, 2.74094104767, 3.38129091263, 9.21764469147, 9.36036682129, 4.96663570404, 4.63226795197, 7.13451719284, 4.64728784561, 3.60630393028, 3.3238825798, 4.00479364395, 3.72663092613, 3.46303296089, 3.1317884922, 3.42084145546, 2.20355129242, 1.67469608784, 1.0912129879, 0.873333513737, 1.171028018, 3.14456748962, 5.35540628433, 3.75734257698, 3.45326161385, 1.46070611477, 1.01486039162, 0.666526436806, 0.319961071014, 0.105311967432, 0.0150624271482, 0.000401527329814, 7.44826320442e-05],
        "min": [1.32905512373e-07, 5.95306630657e-07, 3.80939877687e-06, 1.85808876267e-05, 0.000102985068224, 9.77728414e-05, 5.45463190065e-05, 1.20681697808e-05, 1.81853483809e-05, 7.93737126514e-05, 9.68329404714e-05, 2.97062215395e-05, 4.58932699985e-05, 6.83780090185e-05, 0.000369101588149, 0.000525572395418, 0.000165596662555, 0.000101041230664, 8.62196975504e-05, 1.28643387143e-05, 0.000126353290398, 0.00017509094323, 2.8299036785e-05, 7.24446681488e-06, 1.31192780373e-06, 8.70477560966e-06, 2.89547938337e-06, 7.38082803764e-07, 1.01595867363e-06, 7.05217189534e-07, 7.0578590794e-07, 6.53571930798e-07, 6.12141150214e-07, 4.68484643079e-07, 1.56664086148e-07, 3.95290804533e-08, 1.12558149468e-08, 2.78361822481e-09, 3.75569492173e-10, 2.31346844459e-10],
        "stdev": [2.42642641068, 11.106045723, 13.2545967102, 17.194858551, 19.3645782471, 20.7747859955, 24.1738128662, 30.3859825134, 17.8113651276, 29.4484424591, 58.2219314575, 93.5439605713, 53.2487678528, 49.1228256226, 60.4153938293, 44.1092643738, 55.2999229431, 46.1006202698, 63.4539413452, 70.6325912476, 75.2919158936, 36.8395004272, 28.5598449707, 19.3007450104, 25.3465213776, 12.7561092377, 10.0855827332, 13.9577035904, 26.7112159729, 33.9541625977, 45.8127326965, 37.4229393005, 28.2590999603, 12.8421401978, 4.94710636139, 1.88143277168, 0.571614086628, 0.119295038283, 0.00357211241499, 0.00012896041153],
        "var": [5.88754558563, 123.344245911, 175.684341431, 295.663146973, 374.986877441, 431.591705322, 584.37322998, 923.307983398, 317.244720459, 867.210754395, 3389.79345703, 8750.47265625, 2835.43115234, 2413.05200195, 3650.02001953, 1945.6270752, 3058.08129883, 2125.26708984, 4026.40258789, 4988.96337891, 5668.87304688, 1357.14868164, 815.664733887, 372.518768311, 642.446166992, 162.718322754, 101.718971252, 194.817489624, 713.489074707, 1152.88513184, 2098.80664062, 1400.47644043, 798.576721191, 164.920562744, 24.4738636017, 3.53978943825, 0.326742649078, 0.0142313065007, 1.27599878397e-05, 1.66307891902e-08]
    },
    "gfcc": {
        "mean": [-30.5617389679, 76.3394317627, -94.0300216675, 10.0965328217, -58.9692573547, 19.4559860229, -43.2860412598, 12.5186700821, -13.5197353363, 1.39233422279, -13.641576767, 9.93122291565, -9.57076358795],
        "cov": [[15474.7724609, -7305.36230469, 1059.05383301, 2056.77514648, -1680.88232422, 2214.54541016, -748.628112793, 829.787841797, -166.094207764, 684.067810059, -501.986206055, 1258.41467285, -146.895492554], [-7305.36230469, 6828.81640625, 1256.7401123, -2.6044421196, 2401.07617188, -576.856689453, 1209.86645508, -239.2940979, 452.934936523, -372.078063965, 495.903198242, -799.01550293, 67.4376907349], [1059.05383301, 1256.7401123, 2206.43188477, 1131.42138672, 791.333129883, 729.18170166, 477.730224609, 187.766525269, 240.059036255, 15.2709941864, 83.3528671265, 24.9568099976, -49.7179641724], [2056.77514648, -2.6044421196, 1131.42138672, 1299.30944824, 372.952789307, 622.907836914, 198.774993896, 204.251281738, 224.800308228, 68.2480697632, 34.5049057007, 148.131149292, 25.1676311493], [-1680.88232422, 2401.07617188, 791.333129883, 372.952789307, 1288.4230957, 34.8161964417, 510.536865234, 56.635509491, 259.652801514, -77.9228286743, 145.889862061, -214.200317383, 25.5336380005], [2214.54541016, -576.856689453, 729.18170166, 622.907836914, 34.8161964417, 873.44128418, 192.519012451, 188.257949829, 74.6335754395, 146.506362915, 41.4377098083, 159.180130005, -18.372089386], [-748.628112793, 1209.86645508, 477.730224609, 198.774993896, 510.536865234, 192.519012451, 500.072906494, 43.3344726562, 93.5197601318, -2.36519765854, 156.555755615, -103.113441467, 24.354139328], [829.787841797, -239.2940979, 187.766525269, 204.251281738, 56.635509491, 188.257949829, 43.3344726562, 208.879806519, 81.7359619141, 37.1219787598, -29.5966701508, 63.4747428894, -12.7113866806], [-166.094207764, 452.934936523, 240.059036255, 224.800308228, 259.652801514, 74.6335754395, 93.5197601318, 81.7359619141, 249.875, 9.27888298035, 1.85239601135, -47.0355567932, 20.4795761108], [684.067810059, -372.078063965, 15.2709941864, 68.2480697632, -77.9228286743, 146.506362915, -2.36519765854, 37.1219787598, 9.27888298035, 144.26234436, 18.5108623505, 51.6965141296, 14.8782367706], [-501.986206055, 495.903198242, 83.3528671265, 34.5049057007, 145.889862061, 41.4377098083, 156.555755615, -29.5966701508, 1.85239601135, 18.5108623505, 194.38458252, -17.7260684967, 45.0900421143], [1258.41467285, -799.01550293, 24.9568099976, 148.131149292, -214.200317383, 159.180130005, -103.113441467, 63.4747428894, -47.0355567932, 51.6965141296, -17.7260684967, 252.064819336, 16.9812717438], [-146.895492554, 67.4376907349, -49.7179641724, 25.1676311493, 25.5336380005, -18.372089386, 24.354139328, -12.7113866806, 20.4795761108, 14.8782367706, 45.0900421143, 16.9812717438, 125.146888733]],
        "icov": [[0.000335498305503, 0.000235209285165, -4.23080491601e-05, -0.000281640241155, -8.47865012474e-05, -0.00028866075445, 7.40002142265e-05, -0.000339571182849, 0.000276554637821, -0.000450927967904, 0.000312203919748, -0.000379746197723, 0.000180312243174], [0.000235209285165, 0.00191883509979, -0.000643334584311, 0.000382592697861, -0.00180008343887, 0.000786831835285, -0.00142244051676, 0.00110640365165, -0.00106935459189, 0.00145871692803, -0.00164757797029, 0.00123130436987, 0.000209648351301], [-4.23080491601e-05, -0.000643334584311, 0.00139149895404, -0.000856735510752, 0.000223072900553, -0.000799912726507, 0.000130895568873, -0.000179663053132, 0.000447891768999, -0.000220944348257, 0.000799115921836, -0.000520911708008, 0.000551186618395], [-0.000281640241155, 0.000382592697861, -0.000856735510752, 0.00240673380904, -0.000715679081623, -0.000134799876832, -0.000110749300802, 0.000511842314154, -0.00153423950542, 0.00116940075532, -0.00095791707281, 4.6430985094e-05, -0.000710469146725], [-8.47865012474e-05, -0.00180008343887, 0.000223072900553, -0.000715679081623, 0.00374195235781, -0.000244811177254, 5.13657687407e-05, -0.00145921984222, 0.000180784976692, -0.00118596479297, 0.00146448425949, -0.000770186423324, -0.000166315570823], [-0.00028866075445, 0.000786831835285, -0.000799912726507, -0.000134799876832, -0.000244811177254, 0.00373921985738, -0.00208927155472, 0.000122421915876, -0.000783744559158, -0.0004470772692, -0.00133804162033, 0.000452009204309, 0.000566561240703], [7.40002142265e-05, -0.00142244051676, 0.000130895568873, -0.000110749300802, 5.13657687407e-05, -0.00208927155472, 0.00654095411301, -0.00208963197656, 0.00155195198022, -0.00115876283962, -0.00113769248128, 0.000227162090596, -0.000611821655184], [-0.000339571182849, 0.00110640365165, -0.000179663053132, 0.000511842314154, -0.00145921984222, 0.000122421915876, -0.00208963197656, 0.00914690177888, -0.00347045389935, 0.00124068500008, 8.03466828074e-05, -0.000516043626703, 0.000943808234297], [0.000276554637821, -0.00106935459189, 0.000447891768999, -0.00153423950542, 0.000180784976692, -0.000783744559158, 0.00155195198022, -0.00347045389935, 0.00794412754476, -0.00241519720294, 0.00227826926857, 0.000470878934721, -0.00131674751174], [-0.000450927967904, 0.00145871692803, -0.000220944348257, 0.00116940075532, -0.00118596479297, -0.0004470772692, -0.00115876283962, 0.00124068500008, -0.00241519720294, 0.0119250239804, -0.00361239048652, 0.00161826610565, -0.00105097680353], [0.000312203919748, -0.00164757797029, 0.000799115921836, -0.00095791707281, 0.00146448425949, -0.00133804162033, -0.00113769248128, 8.03466828074e-05, 0.00227826926857, -0.00361239048652, 0.0106196263805, -0.00265207281336, -0.00191098707728], [-0.000379746197723, 0.00123130436987, -0.000520911708008, 4.6430985094e-05, -0.000770186423324, 0.000452009204309, 0.000227162090596, -0.000516043626703, 0.000470878934721, 0.00161826610565, -0.00265207281336, 0.00875745993108, -0.0017008780269], [0.000180312243174, 0.000209648351301, 0.000551186618395, -0.000710469146725, -0.000166315570823, 0.000566561240703, -0.000611821655184, 0.000943808234297, -0.00131674751174, -0.00105097680353, -0.00191098707728, -0.0017008780269, 0.0100429123268]]
    },
    "melbands": {
        "dmean": [0.00247633596882, 0.00183491897769, 0.000947817112319, 0.000466038793093, 0.000367907603504, 0.000307476700982, 0.000107396197564, 0.000129900450702, 0.000206424330827, 0.000222204369493, 7.58397800382e-05, 5.47034251213e-05, 8.42256340547e-05, 3.95390816266e-05, 4.04862803407e-05, 2.78710613202e-05, 3.52901479346e-05, 4.35116890003e-05, 3.91091816709e-05, 3.71504975192e-05, 2.84716734313e-05, 1.39436406243e-05, 1.27665744003e-05, 8.78127139003e-06, 4.49571643912e-06, 5.30133183929e-06, 4.84486236019e-06, 2.39624068854e-06, 1.70995883764e-06, 1.8557286694e-06, 2.58983072854e-06, 4.57662554254e-06, 6.4157052293e-06, 8.0929721662e-06, 9.3729722721e-06, 1.0377968465e-05, 6.86759767632e-06, 4.6917657528e-06, 3.6648848436e-06, 2.64436312136e-06],
        "dmean2": [0.00294550834224, 0.00308036222123, 0.00179053575266, 0.000866958638653, 0.000618591380771, 0.000515835534316, 0.000187038429431, 0.000221715657972, 0.000332812982379, 0.000363392377039, 0.000120513272122, 8.26125833555e-05, 0.00012757233344, 6.17984260316e-05, 6.11406867392e-05, 4.213880311e-05, 5.85428351769e-05, 6.96399147273e-05, 6.32814044366e-05, 6.34372845525e-05, 4.31270927947e-05, 2.08056226256e-05, 1.90850496438e-05, 1.39137973747e-05, 6.7641071837e-06, 7.67728397477e-06, 6.98538315191e-06, 3.59093883162e-06, 2.5160527457e-06, 2.74617627838e-06, 3.88303851651e-06, 6.9684592745e-06, 9.7292358987e-06, 1.30867892949e-05, 1.55015241035e-05, 1.78249447345e-05, 1.09471711767e-05, 7.69381949794e-06, 6.22060952082e-06, 4.11124892707e-06],
        "dvar": [3.48385547113e-05, 4.18920972152e-05, 1.51421600094e-05, 3.22950154441e-06, 6.33085903701e-07, 3.26627883851e-07, 8.11025557823e-08, 1.09364066248e-07, 1.94980728452e-07, 2.56178822156e-07, 6.30623802067e-08, 3.23295203941e-08, 5.79604808593e-08, 1.43696894384e-08, 1.36879982904e-08, 5.63418289801e-09, 1.00701065264e-08, 1.44505545308e-08, 1.06753610396e-08, 2.05103418693e-08, 5.45910960881e-09, 1.00059172059e-09, 7.35899063908e-10, 3.79988707166e-10, 2.09858755373e-10, 1.87406951069e-10, 1.32802838171e-10, 3.56525746426e-11, 2.60687756104e-11, 3.80838797998e-11, 6.68567284867e-11, 2.29027255494e-10, 2.53254861526e-10, 2.90311497064e-10, 6.84373391291e-10, 9.21206111393e-10, 3.46197459589e-10, 3.23695542592e-10, 2.83803591739e-10, 4.75235302499e-11],
        "dvar2": [6.37737975921e-05, 0.000118210424262, 4.56326743006e-05, 9.72041743807e-06, 1.77748040642e-06, 8.34433365071e-07, 2.16301543787e-07, 2.96323690918e-07, 4.95174504067e-07, 6.46314163077e-07, 1.57702757519e-07, 7.78760878006e-08, 1.3941352961e-07, 3.48660407212e-08, 3.25564499803e-08, 1.35780879873e-08, 2.49447840162e-08, 3.38689893908e-08, 2.63472141881e-08, 5.85615183013e-08, 1.21486722904e-08, 2.19371099064e-09, 1.38617972656e-09, 8.96539231743e-10, 4.43340752998e-10, 3.77029574228e-10, 2.82426582121e-10, 6.94119414724e-11, 4.64584724857e-11, 8.05878072607e-11, 1.39614625416e-10, 5.67084934566e-10, 5.21676035703e-10, 6.699197308e-10, 1.79122827682e-09, 2.59445087636e-09, 7.20323189984e-10, 7.80831566072e-10, 6.58274545984e-10, 9.58920165495e-11],
        "max": [0.0650933235884, 0.0573280639946, 0.0278718732297, 0.0155054777861, 0.00743839191273, 0.00511431973428, 0.00323448912241, 0.00348028051667, 0.00718468753621, 0.00554220331833, 0.00506314588711, 0.0033233074937, 0.00414308067411, 0.00194873102009, 0.00168195553124, 0.000839384447318, 0.00122358265799, 0.00140278390609, 0.00150421704166, 0.00233552511781, 0.00109553639777, 0.000437873561168, 0.000304332264932, 0.000194082240341, 0.000229126570048, 0.000170449275174, 0.000160675364896, 7.6133532275e-05, 6.22823135927e-05, 8.12896396383e-05, 0.000127618783154, 0.000293987861369, 0.000322307139868, 0.000305918889353, 0.000480612303363, 0.000434209126979, 0.000413569097873, 0.000421814242145, 0.00039375590859, 0.0001339478913],
        "mean": [0.0127216670662, 0.00412906473503, 0.000888244074304, 0.000507662305608, 0.000499679590575, 0.000427928054705, 0.000112208603241, 0.000147618658957, 0.000264059082838, 0.000247708143434, 9.04159533093e-05, 6.77777497913e-05, 0.000104178361653, 5.6302826124e-05, 5.17330445291e-05, 3.0794642953e-05, 3.81617683161e-05, 4.424130384e-05, 4.11934161093e-05, 3.69900881196e-05, 3.48063185811e-05, 1.8554055714e-05, 1.64829543792e-05, 1.03677548395e-05, 4.93747893415e-06, 6.56202382743e-06, 6.19365073362e-06, 2.8906067655e-06, 1.99553051061e-06, 2.02912497116e-06, 2.8427223242e-06, 5.25527548234e-06, 8.31818033475e-06, 1.0015434782e-05, 9.9984854387e-06, 1.0006580851e-05, 8.08699860499e-06, 5.2771947594e-06, 4.26262113251e-06, 3.16103592013e-06],
        "median": [0.000576854392421, 0.000601044856012, 0.000196124427021, 0.000148187580635, 0.000216875836486, 0.000140404750709, 3.25790097122e-05, 3.93434129364e-05, 8.19531342131e-05, 4.89620833832e-05, 1.48376420839e-05, 1.30791777337e-05, 1.95729844563e-05, 1.10678911369e-05, 9.25458971324e-06, 4.93123661727e-06, 6.24079984846e-06, 5.95242818235e-06, 4.86164071845e-06, 3.63049002772e-06, 3.77992591893e-06, 2.91959077003e-06, 2.93284733743e-06, 2.5367435228e-06, 1.23210566016e-06, 1.21470418435e-06, 8.44299847813e-07, 6.11815892171e-07, 4.40658538992e-07, 4.84743736706e-07, 5.87506519878e-07, 1.44309819916e-06, 2.47451453106e-06, 2.46218496613e-06, 1.96287737708e-06, 1.97156828108e-06, 1.85604096714e-06, 1.0118614e-06, 7.34008381187e-07, 7.78029686899e-07],
        "min": [7.2152267494e-10, 1.13173947991e-09, 2.30440244664e-09, 7.34995531104e-09, 2.36316144431e-09, 2.89725327063e-10, 3.35034167076e-10, 9.59595181094e-10, 7.07711389492e-10, 1.66428731907e-10, 2.25231749917e-10, 2.13855225195e-10, 9.66933866309e-10, 1.63413982346e-09, 8.76336780919e-10, 1.82450124453e-10, 1.91949636741e-10, 1.62939703396e-10, 3.23644375189e-11, 7.23469851735e-12, 2.02263830684e-10, 2.4430632517e-10, 2.20913686649e-11, 2.3065853047e-11, 3.51244641011e-12, 7.26813249342e-13, 6.81403338702e-13, 4.18727856208e-12, 3.72100245581e-13, 2.54420833359e-13, 2.05026683023e-13, 2.3379990435e-13, 1.96523475119e-13, 7.56787888649e-14, 8.22717409607e-14, 9.91270376194e-15, 2.36029267115e-15, 1.11744969797e-15, 1.39163521591e-15, 7.71117566417e-16],
        "stdev": [0.0181321855634, 0.00808336213231, 0.00298462086357, 0.00143516273238, 0.000782124407124, 0.000673432310577, 0.000278023188002, 0.000323140295222, 0.000510743120685, 0.00053486879915, 0.000266501592705, 0.000204618932912, 0.00026291445829, 0.00012941393652, 0.000128849700559, 7.9761048255e-05, 0.000101648023701, 0.000127289356897, 0.000109536966193, 0.000126295897644, 8.8866072474e-05, 3.90923814848e-05, 3.72159884137e-05, 2.24775158131e-05, 1.56195565069e-05, 1.73121716216e-05, 1.54039171321e-05, 7.31358795747e-06, 6.10107372268e-06, 6.65608922645e-06, 8.96841265785e-06, 1.48227345562e-05, 1.93658597709e-05, 1.98161906155e-05, 2.53106700256e-05, 2.88670998998e-05, 2.17368615267e-05, 1.91217750398e-05, 1.97072404262e-05, 8.6378722699e-06],
        "var": [0.000328776164679, 6.5340740548e-05, 8.907962183e-06, 2.05969195122e-06, 6.11718633081e-07, 4.5351106337e-07, 7.7296895995e-08, 1.04419648039e-07, 2.60858541878e-07, 2.86084656409e-07, 7.10230949608e-08, 4.18689047876e-08, 6.91240060746e-08, 1.67479665691e-08, 1.66022449122e-08, 6.3618248447e-09, 1.03323207767e-08, 1.62025806105e-08, 1.19983463165e-08, 1.59506541308e-08, 7.89717891081e-09, 1.52821433286e-09, 1.38502986857e-09, 5.05238684223e-10, 2.43970538216e-10, 2.99711311325e-10, 2.37280639581e-10, 5.34885677417e-11, 3.72230996026e-11, 4.43035226561e-11, 8.04324246095e-11, 2.1971346964e-10, 3.7503652961e-10, 3.92681415162e-10, 6.40630049009e-10, 8.33309421466e-10, 4.72491157311e-10, 3.6564229422e-10, 3.88375304139e-10, 7.46128367424e-11]
    },
    "melbands128": {
