{
"lowlevel": {
    "average_loudness": 0.967641592026,
    "barkbands_crest": {
        "dmean": 2.98027181625,
        "dmean2": 4.45327949524,
        "dvar": 9.1654548645,
        "dvar2": 19.6060237885,
        "max": 26.7138023376,
        "mean": 14.7530994415,
        "median": 15.0718793869,
        "min": 3.04499316216,
        "stdev": 6.10465717316,
        "var": 37.2668380737
    },
    "barkbands_flatness_db": {
        "dmean": 0.037089612335,
        "dmean2": 0.0508175343275,
        "dvar": 0.00161653629038,
        "dvar2": 0.00276346947066,
        "max": 0.681932985783,
        "mean": 0.203097835183,
        "median": 0.187755301595,
        "min": 0.0282152090222,
        "stdev": 0.0943280830979,
        "var": 0.00889778696001
    },
    "barkbands_kurtosis": {
        "dmean": 26.3519229889,
        "dmean2": 41.6195373535,
        "dvar": 28081.1542969,
        "dvar2": 66419.7421875,
        "max": 3858.18798828,
        "mean": 36.385345459,
        "median": 5.64157962799,
        "min": -1.90347182751,
        "stdev": 216.499343872,
        "var": 46871.96875
    },
    "barkbands_skewness": {
        "dmean": 1.19328975677,
        "dmean2": 1.7164888382,
        "dvar": 3.59999799728,
        "dvar2": 6.81234407425,
        "max": 40.12758255,
        "mean": 2.86340904236,
        "median": 2.18644213676,
        "min": -2.87507343292,
        "stdev": 3.43133592606,
        "var": 11.774066925
    },
    "barkbands_spread": {
        "dmean": 7.85389041901,
        "dmean2": 12.2140445709,
        "dvar": 184.143051147,
        "dvar2": 428.834686279,
        "max": 114.706306458,
        "mean": 15.7282361984,
        "median": 11.7426118851,
        "min": 0.0214700363576,
        "stdev": 15.8008804321,
        "var": 249.667831421
    },
    "dissonance": {
        "dmean": 0.0338269323111,
        "dmean2": 0.0553657710552,
        "dvar": 0.00106262916233,
        "dvar2": 0.00278535019606,
        "max": 0.499889880419,
        "mean": 0.434063196182,
        "median": 0.444679200649,
        "min": 0.20539213717,
        "stdev": 0.048383962363,
        "var": 0.00234100781381
    },
    "dynamic_complexity": 3.2096850872,
    "erbbands_crest": {
        "dmean": 2.61928844452,
        "dmean2": 4.24276828766,
        "dvar": 6.47486782074,
        "dvar2": 16.2561225891,
        "max": 27.9438819885,
        "mean": 9.43550109863,
        "median": 8.55049324036,
        "min": 2.71583461761,
        "stdev": 4.02079677582,
        "var": 16.1668071747
    },
    "erbbands_flatness_db": {
        "dmean": 0.0231043417007,
        "dmean2": 0.0349026620388,
        "dvar": 0.000644368876237,
        "dvar2": 0.0013380307937,
        "max": 0.383416175842,
        "mean": 0.166772857308,
        "median": 0.157352268696,
        "min": 0.0537548922002,
        "stdev": 0.0541365630925,
        "var": 0.00293076736853
    },
    "erbbands_kurtosis": {
        "dmean": 1.99986946583,
        "dmean2": 3.15678310394,
        "dvar": 29.9957008362,
        "dvar2": 62.1792755127,
        "max": 161.726455688,
        "mean": 2.5280520916,
        "median": 0.694537162781,
        "min": -1.90980708599,
        "stdev": 10.9339847565,
        "var": 119.552032471
    },
    "erbbands_skewness": {
        "dmean": 0.509860634804,
        "dmean2": 0.781544089317,
        "dvar": 0.371073096991,
        "dvar2": 0.822995424271,
        "max": 9.70363235474,
        "mean": 0.63568854332,
        "median": 0.564666390419,
        "min": -2.93870067596,
        "stdev": 1.09527420998,
        "var": 1.1996254921
    },
    "erbbands_spread": {
        "dmean": 11.9865970612,
        "dmean2": 18.3292388916,
        "dvar": 311.583862305,
        "dvar2": 766.11541748,
        "max": 204.923248291,
        "mean": 35.7266120911,
        "median": 30.5168685913,
        "min": 1.26181614399,
        "stdev": 23.6768054962,
        "var": 560.591125488
    },
    "hfc": {
        "dmean": 16.1687908173,
        "dmean2": 25.6201457977,
        "dvar": 1472.99987793,
        "dvar2": 3607.32104492,
        "max": 441.039031982,
        "mean": 26.4551830292,
        "median": 18.3269119263,
        "min": 1.2141900985e-16,
        "stdev": 38.8317489624,
        "var": 1507.90478516
    },
    "loudness_ebu128": {
        "integrated": -7.11325454712,
        "loudness_range": 3.70004844666,
        "momentary": {
            "dmean": 0.757545530796,
            "dmean2": 0.99480009079,
            "dvar": 1.99523246288,
            "dvar2": 3.06308913231,
            "max": -4.73290109634,
            "mean": -7.85804510117,
            "median": -6.96102952957,
            "min": -30.1763877869,
            "stdev": 3.34826564789,
            "var": 11.2108821869
        },
        "short_term": {
            "dmean": 0.0952020436525,
            "dmean2": 0.0797035619617,
            "dvar": 0.00786971021444,
            "dvar2": 0.00661739800125,
            "max": -5.84636974335,
            "mean": -7.34480571747,
            "median": -6.77023696899,
            "min": -11.6579256058,
            "stdev": 1.39904713631,
            "var": 1.9573328495
        }
    },
    "melbands_crest": {
        "dmean": 3.58184528351,
        "dmean2": 5.50758886337,
        "dvar": 15.6679039001,
        "dvar2": 34.9230384827,
        "max": 37.644153595,
        "mean": 19.3424911499,
        "median": 18.1148853302,
        "min": 2.75280332565,
        "stdev": 7.92103385925,
        "var": 62.7427787781
    },
    "melbands_flatness_db": {
        "dmean": 0.0455386042595,
        "dmean2": 0.0614640079439,
        "dvar": 0.00256927963346,
        "dvar2": 0.00440607266501,
        "max": 0.849941015244,
        "mean": 0.283875465393,
        "median": 0.267160862684,
        "min": 0.00998952053487,
        "stdev": 0.118310831487,
        "var": 0.0139974532649
    },
    "melbands_kurtosis": {
        "dmean": 30.2087154388,
        "dmean2": 48.2697525024,
        "dvar": 15587.7197266,
        "dvar2": 41439.4804688,
        "max": 2823.2590332,
        "mean": 41.0915794373,
        "median": 13.4875240326,
        "min": -1.79892885685,
        "stdev": 130.70072937,
        "var": 17082.6816406
    },
    "melbands_skewness": {
        "dmean": 1.40931606293,
        "dmean2": 2.15060782433,
        "dvar": 5.0731048584,
        "dvar2": 12.4747638702,
        "max": 38.0829238892,
        "mean": 3.78861880302,
        "median": 3.05036067963,
        "min": -1.0022354126,
        "stdev": 3.29073214531,
        "var": 10.828918457
    },
    "melbands_spread": {
        "dmean": 8.25979042053,
        "dmean2": 12.9381990433,
        "dvar": 325.525695801,
        "dvar2": 778.300842285,
        "max": 227.852249146,
        "mean": 15.4674339294,
        "median": 10.8384065628,
        "min": 0.0829205513,
        "stdev": 19.9528636932,
        "var": 398.116790771
    },
    "pitch_salience": {
        "dmean": 0.0944275185466,
        "dmean2": 0.143576994538,
        "dvar": 0.0106907626614,
        "dvar2": 0.022387586534,
        "max": 0.873852431774,
        "mean": 0.434079766273,
        "median": 0.393136143684,
        "min": 0.0271926261485,
        "stdev": 0.209787324071,
        "var": 0.0440107211471
    },
    "silence_rate_20dB": {
        "dmean": 0,
        "dmean2": 0,
        "dvar": 0,
        "dvar2": 0,
        "max": 1,
        "mean": 1,
        "median": 1,
        "min": 1,
        "stdev": 0,
        "var": 0
    },
    "silence_rate_30dB": {
        "dmean": 0.0650154799223,
        "dmean2": 0.130131676793,
        "dvar": 0.0607882291079,
        "dvar2": 0.127141013741,
        "max": 1,
        "mean": 0.877803564072,
        "median": 1,
        "min": 0,
        "stdev": 0.327511876822,
        "var": 0.107264026999
    },
    "silence_rate_60dB": {
        "dmean": 0.0255417954177,
        "dmean2": 0.0503485687077,
        "dvar": 0.0248893611133,
        "dvar2": 0.0524612367153,
        "max": 1,
        "mean": 0.0618716180325,
        "median": 0,
        "min": 0,
        "stdev": 0.240925490856,
        "var": 0.0580450929701
    },
    "spectral_centroid": {
        "dmean": 299.183380127,
        "dmean2": 436.490264893,
        "dvar": 257559.96875,
        "dvar2": 480938.625,
        "max": 10931.4550781,
        "mean": 999.109130859,
        "median": 858.457397461,
        "min": 63.4522476196,
        "stdev": 685.78326416,
        "var": 470298.6875
    },
    "spectral_complexity": {
        "dmean": 3.5642414093,
        "dmean2": 5.17505788803,
        "dvar": 19.6081600189,
        "dvar2": 36.5749588013,
        "max": 62,
        "mean": 15.1933488846,
        "median": 15,
        "min": 0,
        "stdev": 8.70572185516,
        "var": 75.7895965576
    },
    "spectral_decrease": {
        "dmean": 4.20598356143e-09,
        "dmean2": 6.39517772072e-09,
        "dvar": 3.30611815477e-17,
        "dvar2": 7.71575414195e-17,
        "max": 8.89892782691e-29,
        "mean": -1.54693466925e-08,
        "median": -1.69889080581e-08,
        "min": -5.76912597694e-08,
        "stdev": 1.10401785491e-08,
        "var": 1.21885539716e-16
    },
    "spectral_energy": {
        "dmean": 0.0161504521966,
        "dmean2": 0.0245559345931,
        "dvar": 0.000487102108309,
        "dvar2": 0.00113786431029,
        "max": 0.219145894051,
        "mean": 0.0607843846083,
        "median": 0.0678683891892,
        "min": 1.06772013026e-20,
        "stdev": 0.0422464162111,
        "var": 0.00178475957364
    },
    "spectral_energyband_high": {
        "dmean": 0.00121589633636,
        "dmean2": 0.00196374440566,
        "dvar": 1.33511148306e-05,
        "dvar2": 3.35116092174e-05,
        "max": 0.0430256426334,
        "mean": 0.00117286143359,
        "median": 0.000239418106503,
        "min": 7.82721108657e-21,
        "stdev": 0.00338709680364,
        "var": 1.14724243758e-05
    },
    "spectral_energyband_low": {
        "dmean": 0.0137406885624,
        "dmean2": 0.0207915697247,
        "dvar": 0.000473590975162,
        "dvar2": 0.00107429688796,
        "max": 0.215603649616,
        "mean": 0.0425714366138,
        "median": 0.0429861173034,
        "min": 1.10768023913e-22,
        "stdev": 0.0408526398242,
        "var": 0.0016689383192
    },
    "spectral_energyband_middle_high": {
        "dmean": 0.00306573905982,
        "dmean2": 0.00480189733207,
        "dvar": 3.78473705496e-05,
        "dvar2": 8.58343191794e-05,
        "max": 0.0727261453867,
        "mean": 0.00537053775042,
        "median": 0.00353129790165,
        "min": 1.43232805607e-21,
        "stdev": 0.00740069756284,
        "var": 5.47703239135e-05
    },
    "spectral_energyband_middle_low": {
        "dmean": 0.00738600082695,
        "dmean2": 0.0120070222765,
        "dvar": 0.000247985852184,
        "dvar2": 0.000665387837216,
        "max": 0.123967021704,
        "mean": 0.0128716351464,
        "median": 0.0100287459791,
        "min": 1.91376140994e-22,
        "stdev": 0.014981999062,
        "var": 0.000224460309255
    },
    "spectral_entropy": {
        "dmean": 0.3167129457,
        "dmean2": 0.450780510902,
        "dvar": 0.134418100119,
        "dvar2": 0.258862257004,
        "max": 9.80417251587,
        "mean": 7.277551651,
        "median": 7.28953409195,
        "min": 4.09954214096,
        "stdev": 0.647949814796,
        "var": 0.419838935137
    },
    "spectral_flux": {
        "dmean": 0.043159276247,
        "dmean2": 0.0672667771578,
        "dvar": 0.00252253212966,
        "dvar2": 0.00497819297016,
        "max": 0.433860331774,
        "mean": 0.105423100293,
        "median": 0.082988165319,
        "min": 1.03330545509e-10,
        "stdev": 0.0769079998136,
        "var": 0.00591484038159
    },
    "spectral_kurtosis": {
        "dmean": 3.54559373856,
        "dmean2": 5.38992547989,
        "dvar": 37.6525154114,
        "dvar2": 82.2983779907,
        "max": 89.6042861938,
        "mean": 7.5823431015,
        "median": 5.4285697937,
        "min": -1.18568646908,
        "stdev": 8.64757633209,
        "var": 74.7805709839
    },
    "spectral_rms": {
        "dmean": 0.00108875404112,
        "dmean2": 0.00159714568872,
        "dvar": 1.93139908333e-06,
        "dvar2": 3.86134797736e-06,
        "max": 0.0146219311282,
        "mean": 0.0070133539848,
        "median": 0.00813714135438,
        "min": 3.22750398456e-12,
        "stdev": 0.00318037648685,
        "var": 1.01147952591e-05
    },
    "spectral_rolloff": {
        "dmean": 748.331420898,
        "dmean2": 1261.18615723,
        "dvar": 3825622,
        "dvar2": 8769551,
        "max": 19293.75,
        "mean": 1111.46875,
        "median": 538.330078125,
        "min": 43.06640625,
        "stdev": 2004.87268066,
        "var": 4019514.5
    },
    "spectral_skewness": {
        "dmean": 0.452972233295,
        "dmean2": 0.661865353584,
        "dvar": 0.313876360655,
        "dvar2": 0.665111780167,
        "max": 8.47075462341,
        "mean": 2.14327049255,
        "median": 2.03900671005,
        "min": -0.0795409679413,
        "stdev": 0.908255934715,
        "var": 0.824928879738
    },
    "spectral_spread": {
        "dmean": 1218872.375,
        "dmean2": 1753426.5,
        "dvar": 3.55466975642e+12,
        "dvar2": 5.8326122496e+12,
        "max": 40368092,
        "mean": 5236569,
        "median": 4763937.5,
        "min": 914552.75,
        "stdev": 2606128.5,
        "var": 6.79190514893e+12
    },
    "spectral_strongpeak": {
        "dmean": 0.30055436492,
        "dmean2": 0.478848308325,
        "dvar": 0.255729168653,
        "dvar2": 0.534720420837,
        "max": 5.66654109955,
        "mean": 0.77994543314,
        "median": 0.627463400364,
        "min": 0,
        "stdev": 0.726984858513,
        "var": 0.528506994247
    },
    "zerocrossingrate": {
        "dmean": 0.015482143499,
        "dmean2": 0.0183470454067,
        "dvar": 0.000743330514524,
        "dvar2": 0.000897111662198,
        "max": 0.48974609375,
        "mean": 0.0421349331737,
        "median": 0.02978515625,
        "min": 0.001953125,
        "stdev": 0.043723654002,
        "var": 0.00191175786313
    },
    "barkbands": {
        "dmean": [0.00104850111529, 0.0124452551827, 0.00380353699438, 0.00214461283758, 0.00187919847667, 0.00139247532934, 0.00109637179412, 0.0015855175443, 0.0013212118065, 0.000802744354587, 0.000660925870761, 0.000705092388671, 0.000666102103423, 0.000406026694691, 0.000317519326927, 0.000205822201679, 0.000205450181966, 0.000130967629957, 0.000110972832772, 7.53862041165e-05, 7.61948977015e-05, 0.00014724022185, 0.000261386448983, 0.000238324762904, 0.000272102392046, 0.000217468856135, 1.82804651558e-05],
        "dmean2": [0.00133040838409, 0.0184028856456, 0.00643283175305, 0.0039116893895, 0.00329484394751, 0.00237167091109, 0.00178490008693, 0.00254108104855, 0.00201379437931, 0.00129330088384, 0.00103192136157, 0.00112276664004, 0.0010999974329, 0.000631688802969, 0.000519699824508, 0.000345097214449, 0.000331041024765, 0.000207805933314, 0.00017411049339, 0.00012059706205, 0.000128089581267, 0.000248635013122, 0.000432742061093, 0.000383957783924, 0.000441448239144, 0.000349902664311, 3.04565455735e-05],
        "dvar": [4.35918036601e-06, 0.000462541094748, 0.000129418127472, 5.69599033042e-05, 2.97394053632e-05, 1.37263323268e-05, 4.14882742916e-06, 8.71581869433e-06, 7.99303234089e-06, 2.62939420281e-06, 1.52537245413e-06, 2.07578614209e-06, 3.41538088833e-06, 7.65832055549e-07, 6.5535664362e-07, 4.36191044173e-07, 1.86867524121e-07, 8.75895267427e-08, 4.47044143925e-08, 4.35166285229e-08, 6.59885088794e-08, 1.73918976998e-07, 4.59896824623e-07, 5.17265164035e-07, 1.1019227486e-06, 8.96318510968e-07, 6.60086918458e-09],
        "dvar2": [7.65451022744e-06, 0.00101474276744, 0.000344792118995, 0.000164518380188, 8.40438733576e-05, 3.63296203432e-05, 1.01346740848e-05, 2.03264298761e-05, 1.55944835569e-05, 6.38401797914e-06, 3.3941860238e-06, 4.76537979921e-06, 8.76782087289e-06, 1.65634060068e-06, 1.62840524354e-06, 1.18733669296e-06, 4.79291031752e-07, 2.08703340832e-07, 1.06707865655e-07, 9.17118470056e-08, 1.73793551994e-07, 4.67075324195e-07, 1.16544015327e-06, 1.35151537961e-06, 2.80623271465e-06, 2.30901764553e-06, 1.66247975386e-08],
        "max": [0.0287377238274, 0.210844621062, 0.10461242497, 0.0708025023341, 0.047247454524, 0.0401729717851, 0.0299445465207, 0.0308584216982, 0.0412206947803, 0.0158431138843, 0.0128796240315, 0.0157918184996, 0.0244239438325, 0.0101928105578, 0.00795997306705, 0.00614367984235, 0.00477953394875, 0.00354653014801, 0.00397856999189, 0.00278845638968, 0.00273935077712, 0.00372438854538, 0.00716930814087, 0.00999828334898, 0.0112931812182, 0.0126394154504, 0.000935120973736],
        "mean": [0.00197394588031, 0.035334367305, 0.00421724142507, 0.00212575681508, 0.00231939740479, 0.00175580603536, 0.00167804863304, 0.00261437706649, 0.0020324352663, 0.000965573475696, 0.00094305141829, 0.000928419583943, 0.000719951000065, 0.000522179761901, 0.000442665856099, 0.000246666750172, 0.000344057567418, 0.00020024512196, 0.00019356131088, 8.81444429979e-05, 7.70563128754e-05, 0.000156848749612, 0.000227152049774, 0.000230430203374, 0.000253531965427, 0.000178986112587, 1.45711746882e-05],
        "median": [0.000237103406107, 0.031178066507, 0.00136105518322, 0.000496424327139, 0.00117028830573, 0.0007024849765, 0.00064055796247, 0.000986963859759, 0.000453785178252, 0.00028058004682, 0.000291400414426, 0.000272055156529, 0.000140948890476, 0.000124634621898, 6.93968686392e-05, 6.88292639097e-05, 0.00010014756117, 5.68125833524e-05, 7.02140314388e-05, 1.57981176017e-05, 1.82406820386e-05, 4.70863560622e-05, 2.82114015135e-05, 3.99081654905e-05, 3.65536470781e-05, 1.23287527458e-05, 8.00897907993e-08],
        "min": [2.77738108542e-23, 3.03021826307e-23, 3.11616150325e-23, 4.23909111788e-23, 2.18167435057e-23, 1.35223712251e-23, 2.09231408049e-23, 3.71488010904e-23, 4.82614247088e-23, 1.82294695367e-23, 5.48400008547e-23, 5.95098428435e-23, 1.64623078285e-22, 1.39374783531e-22, 1.41838440314e-22, 5.13095390704e-23, 1.17276252599e-22, 1.04275547202e-22, 2.12524454255e-22, 6.70901738892e-22, 4.69297871111e-22, 3.8480402716e-22, 8.40445794613e-22, 6.99849930131e-22, 1.183439386e-21, 1.75830628377e-21, 2.52614052439e-21],
        "stdev": [0.00378910219297, 0.0374968796968, 0.00999444816262, 0.00608077924699, 0.00452397018671, 0.00337029364891, 0.00248026754707, 0.0040251230821, 0.00415825098753, 0.00177100417204, 0.00159574882127, 0.00179974513594, 0.00180514808744, 0.00106691289693, 0.000919768470339, 0.000600988336373, 0.000575832673348, 0.000379370059818, 0.000315657787723, 0.00024294522882, 0.000234360501054, 0.000369373505237, 0.000624301086646, 0.000647724082228, 0.000934713287279, 0.000832429388538, 7.29573876015e-05],
        "var": [1.43572951856e-05, 0.00140601594467, 9.98890027404e-05, 3.69758745364e-05, 2.04663065233e-05, 1.13588794193e-05, 6.1517271206e-06, 1.62016149261e-05, 1.72910531546e-05, 3.13645568895e-06, 2.54641417996e-06, 3.23908238897e-06, 3.25855944538e-06, 1.1383032188e-06, 8.45974000185e-07, 3.61186977216e-07, 3.31583294155e-07, 1.43921653262e-07, 9.96398341613e-08, 5.90223869779e-08, 5.49248433401e-08, 1.36436781872e-07, 3.89751846797e-07, 4.19546495323e-07, 8.73688975389e-07, 6.92938726843e-07, 5.32277999454e-09]
    },
    "erbbands": {
        "dmean": [0.450455576181, 2.71422028542, 4.20300722122, 6.13712263107, 5.78195428848, 6.83166694641, 9.21104240417, 12.1764955521, 12.4324855804, 26.2563152313, 30.4243354797, 30.1932754517, 27.9880161285, 28.181060791, 25.8688926697, 25.9412269592, 30.7177314758, 20.4749259949, 18.0293159485, 12.5472002029, 10.6456460953, 11.4958772659, 8.14407348633, 5.03653764725, 5.75058555603, 3.35139727592, 2.27269983292, 4.1240644455, 5.31785297394, 6.61056613922, 7.51182365417, 5.5563826561, 3.78132152557, 2.88046264648, 1.90450060368, 1.16054236889, 0.354579776525, 0.0647394135594, 0.00206530513242, 6.60379737383e-05],
        "dmean2": [0.618250191212, 3.93026947975, 6.47868680954, 11.0312023163, 10.5207872391, 11.7733659744, 15.5356798172, 20.7237186432, 20.5179748535, 41.2364692688, 48.7697486877, 45.4333229065, 42.4865989685, 45.6209487915, 39.1142883301, 42.0673484802, 49.926399231, 32.0320167542, 29.1511554718, 20.486787796, 17.9306144714, 18.4265766144, 13.4500703812, 7.66274642944, 9.32622909546, 5.38707399368, 3.62790060043, 7.00913619995, 8.99686336517, 11.0174598694, 12.4986524582, 9.01763057709, 6.13478469849, 4.63252449036, 3.10097384453, 1.92667365074, 0.562128245831, 0.103610523045, 0.00332172005437, 0.000103730897536],
        "dvar": [0.685899615288, 24.4322986603, 104.874069214, 450.809417725, 394.32409668, 345.366333008, 636.383728027, 1059.10009766, 580.538513184, 2165.06689453, 3295.83447266, 4703.67822266, 3731.51391602, 3365.21508789, 2232.6887207, 3106.12963867, 7167.61279297, 2140.08325195, 1931.61303711, 1211.70581055, 1075.22265625, 601.305541992, 333.223022461, 108.299812317, 177.180084229, 84.501121521, 48.5211410522, 220.054473877, 229.074645996, 281.049743652, 378.169189453, 225.029998779, 166.6456604, 112.024200439, 54.917640686, 26.8288650513, 2.22560453415, 0.0794973447919, 7.57004672778e-05, 4.60281768255e-08],
        "dvar2": [1.54043793678, 52.2999420166, 248.363479614, 1285.5690918, 1130.4083252, 949.250183105, 1760.8125, 2754.08862305, 1460.64428711, 4971.39794922, 8260.39648438, 8866.38769531, 7822.86376953, 8654.29101562, 4888.375, 7318.1640625, 18380.7753906, 4488.41601562, 4760.52148438, 3028.66333008, 2909.30029297, 1530.99768066, 830.702270508, 221.023529053, 443.453186035, 185.572540283, 104.054389954, 609.166809082, 620.100158691, 710.580932617, 966.40625, 582.507385254, 433.516906738, 275.796508789, 142.039703369, 71.6748886108, 5.54733610153, 0.198334991932, 0.000185374592547, 1.14058742895e-07],
        "max": [8.3939037323, 48.5271072388, 106.45375824, 194.244140625, 163.410507202, 173.805252075, 322.576293945, 444.737548828, 325.580535889, 610.613464355, 779.116027832, 1108.61450195, 768.624145508, 671.038330078, 493.541656494, 527.001403809, 1089.35571289, 573.01574707, 467.249481201, 443.882751465, 311.006469727, 256.934082031, 194.574249268, 148.866989136, 270.432220459, 99.4710845947, 102.755981445, 167.969604492, 133.88470459, 164.997970581, 190.635635376, 177.45741272, 187.718276978, 118.706253052, 79.6505279541, 66.1204299927, 17.1354866028, 3.49115085602, 0.0970586612821, 0.00250808964483],
        "mean": [1.15120363235, 7.15802240372, 7.10495281219, 6.24502563477, 6.00615262985, 8.59390068054, 12.5068597794, 15.4890022278, 19.2128734589, 44.7655715942, 47.7468833923, 47.4040985107, 35.9781913757, 35.4042816162, 38.6917610168, 34.4180793762, 34.7420692444, 28.1705646515, 23.611825943, 19.7064533234, 13.8745317459, 19.171913147, 13.857665062, 8.9071855545, 8.85037994385, 4.08387422562, 2.55171394348, 3.91056108475, 5.61230897903, 6.28349637985, 6.44133806229, 5.17655277252, 3.68217372894, 2.82796478271, 1.71545648575, 0.931180596352, 0.295611798763, 0.0538920946419, 0.00173514068592, 0.000111975008622],
        "median": [0.600914597511, 3.99154067039, 2.55929541588, 2.25392913818, 1.79979026318, 4.02553224564, 6.3608288765, 6.58402299881, 8.00857830048, 21.2339191437, 20.2200870514, 12.7847232819, 12.1718835831, 11.9712285995, 11.8251476288, 10.7232208252, 8.03368854523, 8.27115917206, 6.60030984879, 4.09880685806, 4.7867770195, 5.70932245255, 3.85451030731, 3.17984294891, 2.81606411934, 0.855122983456, 0.491167277098, 0.943316876888, 1.64093434811, 1.39968001842, 0.73065251112, 0.714128851891, 0.678869783878, 0.385277360678, 0.245145440102, 0.0879928991199, 0.0148482155055, 0.00140036665834, 7.68599347793e-05, 8.3972219727e-05],
        "min": [1.34376318498e-21, 5.63029167715e-21, 3.46342396557e-20, 1.03084857061e-19, 6.57072729039e-20, 5.41134609708e-20, 1.97865182664e-19, 8.24845830651e-20, 2.14808529946e-19, 5.17003754374e-19, 8.24204468408e-19, 1.27421620914e-18, 8.30375494271e-19, 8.22971917596e-19, 2.50707504201e-18, 3.56377738824e-18, 7.68695634523e-18, 8.28363563547e-18, 4.81677155498e-18, 6.83412527547e-18, 3.72288268393e-18, 5.72767442605e-18, 6.65599937519e-18, 1.11458608803e-17, 1.2085399917e-17, 3.79201761235e-17, 2.51044882222e-17, 1.2766421024e-17, 1.24010958793e-17, 1.98984301681e-17, 2.11042047296e-17, 1.64571851119e-17, 1.23005355322e-17, 1.17657061908e-17, 9.65880686023e-18, 5.64734815754e-18, 3.74530879111e-18, 1.19348596629e-18, 3.15002681572e-19, 4.04105485019e-20],
        "stdev": [1.489610672, 8.12336158752, 11.5412988663, 16.7433662415, 16.715177536, 16.4391536713, 22.2894382477, 30.1128559113, 28.1715755463, 62.4891853333, 69.6115722656, 105.393196106, 71.5392532349, 62.6569252014, 63.4963302612, 67.2608566284, 83.2562866211, 57.469959259, 47.5298614502, 41.4887161255, 30.2489147186, 32.2454528809, 24.3447055817, 15.0237255096, 16.6717338562, 10.6068611145, 7.89301300049, 12.3498659134, 13.2962636948, 15.6559410095, 17.7163829803, 13.7785139084, 11.4746818542, 9.75905990601, 6.49943637848, 4.36285829544, 1.35657131672, 0.25594291091, 0.00805653724819, 0.000205572840059],
        "var": [2.21893978119, 65.9889984131, 133.201583862, 280.340301514, 279.397186279, 270.245758057, 496.819061279, 906.784057617, 793.637634277, 3904.89819336, 4845.77099609, 11107.7265625, 5117.86523438, 3925.89013672, 4031.78417969, 4524.02294922, 6931.60888672, 3302.79614258, 2259.08789062, 1721.31347656, 914.996826172, 1039.76928711, 592.664733887, 225.71232605, 277.946716309, 112.505500793, 62.2996559143, 152.519195557, 176.790634155, 245.108474731, 313.87020874, 189.847457886, 131.668319702, 95.2392501831, 42.2426757812, 19.0345344543, 1.84028577805, 0.0655067712069, 6.49077992421e-05, 4.22601935668e-08]
    },
    "gfcc": {
        "mean": [-16.5026035309, 98.8704299927, -93.3555603027, 15.4377307892, -56.5581817627, 25.6913013458, -38.4414520264, 20.0920314789, -15.7772169113, 1.96727967262, -10.8080797195, 4.04804468155, -15.7797966003],
        "cov": [[11724.9609375, -1490.87268066, -324.515411377, 967.216430664, -410.828704834, 574.772460938, -287.079101562, 263.621276855, 72.5289611816, 506.912261963, -159.220581055, 227.512969971, -1.84577095509], [-1490.87268066, 2023.68823242, 157.116287231, -190.971908569, 438.136474609, -97.153755188, 305.601867676, -76.3883361816, 171.039825439, -188.776016235, 190.470779419, -40.5109710693, 141.170211792], [-324.515411377, 157.116287231, 1545.12036133, 576.402404785, 322.757507324, 303.270324707, 280.604736328, 153.230743408, 229.499908447, 81.3149032593, 141.120285034, 134.226226807, 67.652885437], [967.216430664, -190.971908569, 576.402404785, 854.491027832, 257.277557373, 157.855010986, 35.224067688, 147.785415649, 227.462387085, 133.251281738, 98.5515823364, 35.6138458252, 117.299728394], [-410.828704834, 438.136474609, 322.757507324, 257.277557373, 657.613525391, 137.138626099, 269.388824463, 93.2460784912, 244.253753662, 147.22479248, 144.28994751, 75.1195373535, 134.946655273], [574.772460938, -97.153755188, 303.270324707, 157.855010986, 137.138626099, 382.246154785, 253.747283936, 105.826782227, 117.161460876, 122.384544373, 75.7613449097, 81.2378616333, 43.1477394104], [-287.079101562, 305.601867676, 280.604736328, 35.224067688, 269.388824463, 253.747283936, 557.50177002, 106.136062622, 113.094497681, 120.871055603, 127.84249115, 57.2461738586, 77.1227722168], [263.621276855, -76.3883361816, 153.230743408, 147.785415649, 93.2460784912, 105.826782227, 106.136062622, 270.118896484, 138.437271118, 104.125411987, 75.5165863037, 28.4807376862, 25.0894947052], [72.5289611816, 171.039825439, 229.499908447, 227.462387085, 244.253753662, 117.161460876, 113.094497681, 138.437271118, 282.262817383, 105.708686829, 102.877418518, 59.4117584229, 91.1742477417], [506.912261963, -188.776016235, 81.3149032593, 133.251281738, 147.22479248, 122.384544373, 120.871055603, 104.125411987, 105.708686829, 266.044128418, 59.067741394, 55.2185401917, 76.2082977295], [-159.220581055, 190.470779419, 141.120285034, 98.5515823364, 144.28994751, 75.7613449097, 127.84249115, 75.5165863037, 102.877418518, 59.067741394, 161.883285522, 51.2990837097, 61.0734024048], [227.512969971, -40.5109710693, 134.226226807, 35.6138458252, 75.1195373535, 81.2378616333, 57.2461738586, 28.4807376862, 59.4117584229, 55.2185401917, 51.2990837097, 164.274459839, 40.5592041016], [-1.84577095509, 141.170211792, 67.652885437, 117.299728394, 134.946655273, 43.1477394104, 77.1227722168, 25.0894947052, 91.1742477417, 76.2082977295, 61.0734024048, 40.5592041016, 148.236724854]],
        "icov": [[0.000160260125995, -0.000114082744403, 0.000172636835487, -0.000347090594005, 0.000208783778362, -0.000340800295817, 0.000131400185637, -9.46076106629e-05, 0.000137846349389, -0.000366892491002, 0.000342293380527, -0.000361174781574, 0.000224917923333], [-0.000114082744403, 0.00128202885389, -0.000302567903418, 0.000879286613781, -0.00075031752931, 0.00080511852866, -0.000592710974161, 0.000533028738573, -0.000911193725187, 0.00164643954486, -0.00130299653392, 0.00105718174018, -0.00115159340203], [0.000172636835487, -0.000302567903418, 0.00130539131351, -0.00116966245696, 0.000196971814148, -0.000757339526899, -0.000155110741616, -0.000177300869836, 0.000156894384418, -0.000160952215083, 0.00046971073607, -0.00112203496974, 0.000871651456691], [-0.000347090594005, 0.000879286613781, -0.00116966245696, 0.00327405869029, -0.00106277072337, 0.000530548393726, 0.000406620238209, 6.53994648019e-05, -0.00128247973043, 0.00113558454905, -0.00147951371036, 0.00206654914655, -0.00205907481723], [0.000208783778362, -0.00075031752931, 0.000196971814148, -0.00106277072337, 0.00348672922701, -0.000169928040123, -0.000624187698122, 0.000381490157451, -0.00120512244757, -0.00167372263968, 0.000422207958763, -0.000970460707322, 0.000296992628137], [-0.000340800295817, 0.00080511852866, -0.000757339526899, 0.000530548393726, -0.000169928040123, 0.00586675014347, -0.00248307641596, 0.000265566777671, -0.00140973669477, 0.000421454227762, -0.000871345109772, -0.000165871228091, -9.64321370702e-05], [0.000131400185637, -0.000592710974161, -0.000155110741616, 0.000406620238209, -0.000624187698122, -0.00248307641596, 0.00399338686839, -0.000800572219305, 0.0011975193629, -0.00113253155723, -0.000652209739201, 0.000189793849131, -0.000273554906016], [-9.46076106629e-05, 0.000533028738573, -0.000177300869836, 6.53994648019e-05, 0.000381490157451, 0.000265566777671, -0.000800572219305, 0.00624235579744, -0.00299269962125, -0.000758884474635, -0.0019255715888, 0.000919592450373, 0.00122830714099], [0.000137846349389, -0.000911193725187, 0.000156894384418, -0.00128247973043, -0.00120512244757, -0.00140973669477, 0.0011975193629, -0.00299269962125, 0.00876014493406, -0.00120656925719, -0.000257036241237, -0.00132806238253, -0.001094831503], [-0.000366892491002, 0.00164643954486, -0.000160952215083, 0.00113558454905, -0.00167372263968, 0.000421454227762, -0.00113253155723, -0.000758884474635, -0.00120656925719, 0.0082644354552, -0.00155168201309, 0.000860559637658, -0.00338178989477], [0.000342293380527, -0.00130299653392, 0.00046971073607, -0.00147951371036, 0.000422207958763, -0.000871345109772, -0.000652209739201, -0.0019255715888, -0.000257036241237, -0.00155168201309, 0.0118061583489, -0.00304820388556, -0.000338277575793], [-0.000361174781574, 0.00105718174018, -0.00112203496974, 0.00206654914655, -0.000970460707322, -0.000165871228091, 0.000189793849131, 0.000919592450373, -0.00132806238253, 0.000860559637658, -0.00304820388556, 0.00934904254973, -0.00238483655266], [0.000224917923333, -0.00115159340203, 0.000871651456691, -0.00205907481723, 0.000296992628137, -9.64321370702e-05, -0.000273554906016, 0.00122830714099, -0.001094831503, -0.00338178989477, -0.000338277575793, -0.00238483655266, 0.0119729787111]]
    },
    "melbands": {
        "dmean": [0.0036229765974, 0.00226310594007, 0.000998728908598, 0.000428314495366, 0.000315923884045, 0.000264780013822, 0.000200260212296, 0.000313908793032, 0.000243486341788, 0.000194755542907, 0.000138686853461, 0.00011362976511, 8.05498784757e-05, 7.68794416217e-05, 8.47996416269e-05, 6.02495929343e-05, 3.89137640013e-05, 3.06196961901e-05, 2.41407724388e-05, 1.41188111229e-05, 1.22729979921e-05, 1.25845153889e-05, 1.05177350633e-05, 5.37567393621e-06, 4.16829698224e-06, 4.99710222357e-06, 3.55959423359e-06, 2.04214939004e-06, 1.40790007208e-06, 1.50528205722e-06, 2.85299665848e-06, 3.05709477288e-06, 3.0562205211e-06, 4.26182396041e-06, 4.52473250334e-06, 3.79767357117e-06, 3.2715256566e-06, 2.70007558356e-06, 2.53186726695e-06, 2.42830492425e-06],
        "dmean2": [0.00521811842918, 0.00328844529577, 0.0017616742989, 0.000758856534958, 0.000538221909665, 0.000452644919278, 0.000329069240252, 0.000494602951221, 0.000389416585676, 0.000293495832011, 0.000212796250707, 0.000185749915545, 0.000123004196212, 0.000120565251564, 0.000141689539305, 9.51518231886e-05, 6.04218257649e-05, 4.99971065437e-05, 3.8861973735e-05, 2.3380802304e-05, 2.08980709431e-05, 2.03461113415e-05, 1.71136216522e-05, 8.67185008246e-06, 6.35880360278e-06, 8.03545117378e-06, 5.77877653996e-06, 3.26843769471e-06, 2.21487221097e-06, 2.47079651672e-06, 4.94615369462e-06, 5.22560867466e-06, 5.01743306813e-06, 7.19127910997e-06, 7.57818042985e-06, 6.20512810201e-06, 5.3634635151e-06, 4.41300835519e-06, 4.06621302318e-06, 3.95752840632e-06],
        "dvar": [3.96207942686e-05, 1.82775856956e-05, 1.13718306238e-05, 1.71679801042e-06, 7.23942889636e-07, 4.83435655951e-07, 1.46698553749e-07, 3.12770993105e-07, 2.17512479139e-07, 2.09941262597e-07, 9.27568351017e-08, 5.48644258913e-08, 1.99574401449e-08, 2.58235655082e-08, 5.73955354355e-08, 2.77675855642e-08, 7.67324959128e-09, 5.46207834518e-09, 3.72257402681e-09, 1.81442050273e-09, 1.43679090847e-09, 7.4938982797e-10, 4.68740712911e-10, 1.51390885939e-10, 7.43534678271e-11, 1.19324605752e-10, 8.70496938421e-11, 3.31871995163e-11, 1.90022633045e-11, 1.94443211532e-11, 1.31887098465e-10, 8.5808110617e-11, 6.18091341997e-11, 1.29004362748e-10, 1.41929107356e-10, 9.42969730078e-11, 8.66692342893e-11, 7.89317916583e-11, 8.83551426467e-11, 8.22280091239e-11],
        "dvar2": [8.73081080499e-05, 3.75588278985e-05, 3.21247898682e-05, 4.8528249863e-06, 2.0118836801e-06, 1.26676081891e-06, 3.63458411812e-07, 7.02751492554e-07, 5.54585028567e-07, 3.85126639912e-07, 1.96984444756e-07, 1.4228857026e-07, 4.18688728132e-08, 6.35589572084e-08, 1.5225262473e-07, 6.77635156876e-08, 1.70280003431e-08, 1.33697666271e-08, 9.21496212669e-09, 4.76180694875e-09, 3.94655108593e-09, 1.90999971394e-09, 1.19219489836e-09, 3.65748348274e-10, 1.54999804658e-10, 3.10304421047e-10, 2.06077516163e-10, 7.44689310217e-11, 3.88738936874e-11, 4.60830679172e-11, 3.74439979023e-10, 2.37004610382e-10, 1.61497912265e-10, 3.28562288487e-10, 3.67326197237e-10, 2.37470015874e-10, 2.28678340153e-10, 2.05479078197e-10, 2.2673413147e-10, 2.04832178996e-10],
        "max": [0.0563200712204, 0.0397328175604, 0.0308987814933, 0.0103086959571, 0.0104739759117, 0.00904712732881, 0.0056320047006, 0.00735364342108, 0.00575435068458, 0.00775595894083, 0.0036947648041, 0.00255873822607, 0.00147368921898, 0.00185296102427, 0.00250187306665, 0.00285658612847, 0.0011185077019, 0.000783868366852, 0.000714851252269, 0.000415759132011, 0.000365154090105, 0.000269899086561, 0.00022318707488, 0.000146336024045, 0.000125491496874, 0.000208353085327, 0.000127308594529, 7.29030289222e-05, 6.59545548842e-05, 4.86383869429e-05, 0.000135917856824, 8.50189826451e-05, 8.77838465385e-05, 0.000124985599541, 0.000119221396744, 9.86643935903e-05, 0.000125931896036, 0.000127895531477, 0.000137573952088, 0.000106817678898],
        "mean": [0.0101223131642, 0.00566323287785, 0.0010672903154, 0.000494449574035, 0.000440329808043, 0.000339832069585, 0.000311868119752, 0.00054777803598, 0.000362044869689, 0.000304408429656, 0.00017184104945, 0.000138329778565, 0.000120473378047, 0.000105471328425, 8.92754760571e-05, 6.90045490046e-05, 5.08463526785e-05, 3.76806965505e-05, 3.48558096448e-05, 1.91889394046e-05, 1.49837760546e-05, 2.02177834581e-05, 1.73748121597e-05, 8.36501749291e-06, 6.89495846018e-06, 7.74593809183e-06, 4.53385382571e-06, 2.24788664127e-06, 1.52753932525e-06, 1.63421054822e-06, 2.50612833952e-06, 3.07418736156e-06, 3.28633495883e-06, 3.78867207473e-06, 3.80825440516e-06, 3.27758061758e-06, 3.14329622597e-06, 2.64503455583e-06, 2.37110793933e-06, 2.36371488427e-06],
        "median": [0.00866680499166, 0.00292940088548, 0.00038939708611, 0.000207721444895, 0.000248829746852, 0.000150833235239, 0.000120606004202, 0.000264466769295, 0.000142507051351, 7.30184328859e-05, 5.51404737053e-05, 4.37049820903e-05, 3.86240426451e-05, 3.30865113938e-05, 1.79148846655e-05, 1.25082287923e-05, 1.26439435917e-05, 9.20695129025e-06, 4.88258774567e-06, 4.40317126049e-06, 4.91705077366e-06, 5.02876673636e-06, 4.5975921239e-06, 2.43223689722e-06, 2.06324125429e-06, 2.37857466345e-06, 9.81539301392e-07, 3.61401333748e-07, 2.22600064603e-07, 3.54914760692e-07, 5.54547568754e-07, 7.84703502177e-07, 9.2168414767e-07, 6.38190897462e-07, 4.05817132787e-07, 3.22382732065e-07, 4.60484045561e-07, 4.74121065963e-07, 3.17054286825e-07, 2.94807961154e-07],
        "min": [1.20045223796e-23, 1.48626506362e-23, 1.60490895491e-23, 3.46828968425e-24, 6.36647669204e-24, 2.00793972688e-24, 3.47129129999e-24, 6.05250255758e-24, 6.91825886283e-24, 7.61959170631e-24, 3.81025536463e-24, 2.9380619544e-24, 6.80662242297e-24, 8.1602659267e-24, 1.51924292045e-23, 1.46358420819e-23, 1.55379644805e-23, 6.26639667e-24, 1.06804611599e-23, 5.34349567521e-24, 4.45602952342e-24, 4.82740748823e-24, 8.24951528293e-24, 5.68876273849e-24, 9.55702698979e-24, 5.61934416212e-24, 1.64425575914e-23, 2.63189651738e-23, 1.60815369758e-23, 9.45059308759e-24, 6.78414777578e-24, 6.72340469721e-24, 8.23804840081e-24, 1.28615503334e-23, 1.06842224486e-23, 1.3984703669e-23, 9.12010927768e-24, 8.09235446909e-24, 9.16235435688e-24, 1.02755080916e-23],
        "stdev": [0.0112728485838, 0.00678409729153, 0.00275310804136, 0.00108507589903, 0.00074169121217, 0.000639521691483, 0.000457846035715, 0.000782589428127, 0.000553850317374, 0.00070028367918, 0.000349957495928, 0.000247461168328, 0.000192118357518, 0.000194541513338, 0.000228237186093, 0.000174168264493, 0.000105886232632, 7.95748637756e-05, 7.23100092728e-05, 4.4123371481e-05, 3.38359277521e-05, 3.52020906575e-05, 2.96382368106e-05, 1.55617835844e-05, 1.20308486657e-05, 1.38831219374e-05, 1.08060658022e-05, 6.42322811473e-06, 5.09368328494e-06, 4.61438548882e-06, 9.04773696675e-06, 7.82272218203e-06, 7.38269000067e-06, 1.0392819604e-05, 1.07208406916e-05, 8.9725754151e-06, 8.43375983095e-06, 7.93754588813e-06, 8.361311302e-06, 8.26676205179e-06],
        "var": [0.000127077117213, 4.60239753011e-05, 7.57960378905e-06, 1.17738977679e-06, 5.50105824004e-07, 4.089880008e-07, 2.09622982084e-07, 6.12446171999e-07, 3.06750195023e-07, 4.90397269459e-07, 1.22470240171e-07, 6.12370314457e-08, 3.6909465706e-08, 3.78463980155e-08, 5.2092214986e-08, 3.03345863983e-08, 1.12118945239e-08, 6.33215879731e-09, 5.22873744302e-09, 1.9468717749e-09, 1.1448699766e-09, 1.23918730832e-09, 8.78425110429e-10, 2.42169118092e-10, 1.44741330033e-10, 1.9274108698e-10, 1.1677106504e-10, 4.12578582409e-11, 2.59456102436e-11, 2.12925527904e-11, 8.18615383813e-11, 6.11949865781e-11, 5.45041130284e-11, 1.08010697608e-10, 1.1493642843e-10, 8.05071079246e-11, 7.1128311574e-11, 6.30046362304e-11, 6.99115279557e-11, 6.83393550083e-11]
    },
    "melbands128": {
