{
"lowlevel": {
    "average_loudness": 0.978003621101,
    "barkbands_crest": {
        "dmean": 3.39213943481,
        "dmean2": 4.84746074677,
        "dvar": 9.3642168045,
        "dvar2": 16.4873962402,
        "max": 26.4905223846,
        "mean": 11.7938671112,
        "median": 10.1714773178,
        "min": 2.94160723686,
        "stdev": 5.82912540436,
        "var": 33.9787025452
    },
    "barkbands_flatness_db": {
        "dmean": 0.0325814336538,
        "dmean2": 0.0437951274216,
        "dvar": 0.00105201895349,
        "dvar2": 0.00161143031437,
        "max": 0.43429929018,
        "mean": 0.151885673404,
        "median": 0.130149319768,
        "min": 0.0232627168298,
        "stdev": 0.0714354068041,
        "var": 0.00510301766917
    },
    "barkbands_kurtosis": {
        "dmean": 11.1907606125,
        "dmean2": 15.9841346741,
        "dvar": 688.234741211,
        "dvar2": 1332.92333984,
        "max": 444.340820312,
        "mean": 15.5731315613,
        "median": 4.51069259644,
        "min": -1.89625179768,
        "stdev": 33.6803970337,
        "var": 1134.3692627
    },
    "barkbands_skewness": {
        "dmean": 1.01431953907,
        "dmean2": 1.38121128082,
        "dvar": 1.57292532921,
        "dvar2": 2.65336728096,
        "max": 18.2744159698,
        "mean": 2.56163454056,
        "median": 2.00801920891,
        "min": -4.09361791611,
        "stdev": 2.29472947121,
        "var": 5.26578378677
    },
    "barkbands_spread": {
        "dmean": 8.09152317047,
        "dmean2": 11.9950523376,
        "dvar": 123.356170654,
        "dvar2": 230.342178345,
        "max": 110.417694092,
        "mean": 22.1945037842,
        "median": 18.4804916382,
        "min": 0.287221103907,
        "stdev": 19.1826286316,
        "var": 367.973236084
    },
    "dissonance": {
        "dmean": 0.0238691568375,
        "dmean2": 0.0392592065036,
        "dvar": 0.000513127364684,
        "dvar2": 0.0013140294468,
        "max": 0.49959936738,
        "mean": 0.449442923069,
        "median": 0.455844432116,
        "min": 0.306000679731,
        "stdev": 0.0342197455466,
        "var": 0.00117099098861
    },
    "dynamic_complexity": 2.18310213089,
    "erbbands_crest": {
        "dmean": 2.72766852379,
        "dmean2": 4.31364965439,
        "dvar": 6.36098670959,
        "dvar2": 14.8379478455,
        "max": 25.5458202362,
        "mean": 9.00346183777,
        "median": 8.07123851776,
        "min": 2.67681789398,
        "stdev": 4.11327123642,
        "var": 16.9190006256
    },
    "erbbands_flatness_db": {
        "dmean": 0.0183955021203,
        "dmean2": 0.0271898861974,
        "dvar": 0.000337289937306,
        "dvar2": 0.000712412816938,
        "max": 0.309023916721,
        "mean": 0.129338040948,
        "median": 0.126281410456,
        "min": 0.0421502664685,
        "stdev": 0.0343757681549,
        "var": 0.00118169351481
    },
    "erbbands_kurtosis": {
        "dmean": 1.71834635735,
        "dmean2": 2.64826798439,
        "dvar": 9.31171512604,
        "dvar2": 20.6719226837,
        "max": 44.014957428,
        "mean": 1.65508329868,
        "median": 0.208759784698,
        "min": -1.78912234306,
        "stdev": 4.32896137238,
        "var": 18.7399082184
    },
    "erbbands_skewness": {
        "dmean": 0.483233392239,
        "dmean2": 0.703809380531,
        "dvar": 0.238718956709,
        "dvar2": 0.47913607955,
        "max": 4.712849617,
        "mean": 0.72545838356,
        "median": 0.623825311661,
        "min": -3.52594804764,
        "stdev": 1.0406948328,
        "var": 1.08304572105
    },
    "erbbands_spread": {
        "dmean": 13.1928863525,
        "dmean2": 19.9409332275,
        "dvar": 227.953201294,
        "dvar2": 494.390350342,
        "max": 164.973800659,
        "mean": 49.1485710144,
        "median": 43.9096107483,
        "min": 3.55390524864,
        "stdev": 27.5547332764,
        "var": 759.263366699
    },
    "hfc": {
        "dmean": 10.2204875946,
        "dmean2": 13.668053627,
        "dvar": 135.055923462,
        "dvar2": 240.966796875,
        "max": 164.717147827,
        "mean": 27.4668102264,
        "median": 22.6014995575,
        "min": 0.00182126602158,
        "stdev": 22.0182380676,
        "var": 484.80279541
    },
    "loudness_ebu128": {
        "integrated": -7.61274051666,
        "loudness_range": 0.849735736847,
        "momentary": {
            "dmean": 0.52538383007,
            "dmean2": 0.767147243023,
            "dvar": 0.25046569109,
            "dvar2": 0.411230862141,
            "max": -5.78789281845,
            "mean": -7.71116018295,
            "median": -7.63893508911,
            "min": -13.3294639587,
            "stdev": 0.978817462921,
            "var": 0.958083629608
        },
        "short_term": {
            "dmean": 0.0580971799791,
            "dmean2": 0.0759628713131,
            "dvar": 0.00225405418314,
            "dvar2": 0.0034409139771,
            "max": -6.92653274536,
            "mean": -7.60589933395,
            "median": -7.60116481781,
            "min": -8.58088493347,
            "stdev": 0.308991372585,
            "var": 0.0954756736755
        }
    },
    "melbands_crest": {
        "dmean": 3.74408388138,
        "dmean2": 5.940346241,
        "dvar": 11.7529058456,
        "dvar2": 24.9996452332,
        "max": 29.9713077545,
        "mean": 14.968462944,
        "median": 13.4168643951,
        "min": 3.8669962883,
        "stdev": 6.17473125458,
        "var": 38.1273078918
    },
    "melbands_flatness_db": {
        "dmean": 0.0398623235524,
        "dmean2": 0.0531945601106,
        "dvar": 0.0016145327827,
        "dvar2": 0.00240715267137,
        "max": 0.556112229824,
        "mean": 0.228875696659,
        "median": 0.208351194859,
        "min": 0.0289209727198,
        "stdev": 0.0918245539069,
        "var": 0.00843174848706
    },
    "melbands_kurtosis": {
        "dmean": 21.7247219086,
        "dmean2": 32.243927002,
        "dvar": 1633.00720215,
        "dvar2": 3210.75561523,
        "max": 559.736450195,
        "mean": 35.7909011841,
        "median": 16.1114406586,
        "min": -1.87054717541,
        "stdev": 58.2928199768,
        "var": 3398.05297852
    },
    "melbands_skewness": {
        "dmean": 1.28093087673,
        "dmean2": 1.82773756981,
        "dvar": 2.1030497551,
        "dvar2": 3.77455091476,
        "max": 17.9827365875,
        "mean": 3.82148504257,
        "median": 3.16835618019,
        "min": -1.30410981178,
        "stdev": 2.74239778519,
        "var": 7.52074575424
    },
    "melbands_spread": {
        "dmean": 8.36754512787,
        "dmean2": 12.1537723541,
        "dvar": 284.698883057,
        "dvar2": 586.718811035,
        "max": 275.752990723,
        "mean": 20.4325942993,
        "median": 14.4573907852,
        "min": 0.386451601982,
        "stdev": 26.4055862427,
        "var": 697.254943848
    },
    "pitch_salience": {
        "dmean": 0.0939005166292,
        "dmean2": 0.137756347656,
        "dvar": 0.00872184243053,
        "dvar2": 0.0150042343885,
        "max": 0.878217875957,
        "mean": 0.512407243252,
        "median": 0.546912312508,
        "min": 0.0786466747522,
        "stdev": 0.163447216153,
        "var": 0.0267149917781
    },
    "silence_rate_20dB": {
        "dmean": 0,
        "dmean2": 0,
        "dvar": 0,
        "dvar2": 0,
        "max": 1,
        "mean": 1,
        "median": 1,
        "min": 1,
        "stdev": 0,
        "var": 0
    },
    "silence_rate_30dB": {
        "dmean": 0.1037151739,
        "dmean2": 0.20759101212,
        "dvar": 0.0929589048028,
        "dvar2": 0.164495572448,
        "max": 1,
        "mean": 0.839133799076,
        "median": 1,
        "min": 0,
        "stdev": 0.36740860343,
        "var": 0.134989082813
    },
    "silence_rate_60dB": {
        "dmean": 0.00541795650497,
        "dmean2": 0.0100697129965,
        "dvar": 0.00538874138147,
        "dvar2": 0.0115173188969,
        "max": 1,
        "mean": 0.00464037107304,
        "median": 0,
        "min": 0,
        "stdev": 0.0679615139961,
        "var": 0.00461876764894
    },
    "spectral_centroid": {
        "dmean": 292.315887451,
        "dmean2": 413.489349365,
        "dvar": 139864.859375,
        "dvar2": 255324.78125,
        "max": 5507.31884766,
        "mean": 1100.14416504,
        "median": 1021.50689697,
        "min": 135.239746094,
        "stdev": 737.520202637,
        "var": 543936.0625
    },
    "spectral_complexity": {
        "dmean": 4.97368431091,
        "dmean2": 6.93958187103,
        "dvar": 30.1758384705,
        "dvar2": 53.4694633484,
        "max": 54,
        "mean": 17.4207267761,
        "median": 16,
        "min": 0,
        "stdev": 9.53444385529,
        "var": 90.9056167603
    },
    "spectral_decrease": {
        "dmean": 5.70266989186e-09,
        "dmean2": 7.82979903136e-09,
        "dvar": 6.81930211618e-17,
        "dvar2": 9.33002357713e-17,
        "max": -2.03584521339e-14,
        "mean": -1.33498216925e-08,
        "median": -8.34316704612e-09,
        "min": -6.09089454429e-08,
        "stdev": 1.31906849887e-08,
        "var": 1.73994172833e-16
    },
    "spectral_energy": {
        "dmean": 0.0219997297972,
        "dmean2": 0.0301250629127,
        "dvar": 0.00097565096803,
        "dvar2": 0.00134302303195,
        "max": 0.232182726264,
        "mean": 0.0528766736388,
        "median": 0.0338703021407,
        "min": 2.42031518383e-07,
        "stdev": 0.0500006563962,
        "var": 0.00250006560236
    },
    "spectral_energyband_high": {
        "dmean": 0.000726994709112,
        "dmean2": 0.000970254361164,
        "dvar": 1.54833617216e-06,
        "dvar2": 2.28164526561e-06,
        "max": 0.0197939015925,
        "mean": 0.00148192280903,
        "median": 0.000776226515882,
        "min": 2.18222197645e-07,
        "stdev": 0.00233540171757,
        "var": 5.45410102859e-06
    },
    "spectral_energyband_low": {
        "dmean": 0.0181520134211,
        "dmean2": 0.025536166504,
        "dvar": 0.00111607497092,
        "dvar2": 0.00160118483473,
        "max": 0.227414816618,
        "mean": 0.0322023630142,
        "median": 0.0105884252116,
        "min": 7.77224240522e-09,
        "stdev": 0.0496345944703,
        "var": 0.00246359291486
    },
    "spectral_energyband_middle_high": {
        "dmean": 0.00209504505619,
        "dmean2": 0.00288258027285,
        "dvar": 9.01023122424e-06,
        "dvar2": 1.50921996465e-05,
        "max": 0.0419254265726,
        "mean": 0.0045943595469,
        "median": 0.00232640793547,
        "min": 8.93307650074e-09,
        "stdev": 0.0061020674184,
        "var": 3.72352260456e-05
    },
    "spectral_energyband_middle_low": {
        "dmean": 0.00957070104778,
        "dmean2": 0.0157302133739,
        "dvar": 0.000196198103367,
        "dvar2": 0.000505365082063,
        "max": 0.0954520404339,
        "mean": 0.0165659319609,
        "median": 0.0117024611682,
        "min": 7.03358260523e-09,
        "stdev": 0.0150210447609,
        "var": 0.000225631796638
    },
    "spectral_entropy": {
        "dmean": 0.240723654628,
        "dmean2": 0.346070885658,
        "dvar": 0.0667694360018,
        "dvar2": 0.134697690606,
        "max": 8.79285144806,
        "mean": 7.58901453018,
        "median": 7.64183568954,
        "min": 4.91863775253,
        "stdev": 0.532860398293,
        "var": 0.283940196037
    },
    "spectral_flux": {
        "dmean": 0.0535242296755,
        "dmean2": 0.0813497081399,
        "dvar": 0.00381934130564,
        "dvar2": 0.00782972481102,
        "max": 0.459413796663,
        "mean": 0.129535377026,
        "median": 0.0976286828518,
        "min": 0.000491967017297,
        "stdev": 0.0911224856973,
        "var": 0.00830330792814
    },
    "spectral_kurtosis": {
        "dmean": 1.25241839886,
        "dmean2": 1.94735884666,
        "dvar": 3.7516283989,
        "dvar2": 7.90972280502,
        "max": 38.7267456055,
        "mean": 3.48025774956,
        "median": 3.05434465408,
        "min": -1.07946920395,
        "stdev": 2.92096042633,
        "var": 8.53200912476
    },
    "spectral_rms": {
        "dmean": 0.0014185704058,
        "dmean2": 0.00189824739937,
        "dvar": 2.78881384475e-06,
        "dvar2": 3.66338508684e-06,
        "max": 0.0150505723432,
        "mean": 0.00653712823987,
        "median": 0.0057484083809,
        "min": 1.53664677782e-05,
        "stdev": 0.00297538354062,
        "var": 8.85290774022e-06
    },
    "spectral_rolloff": {
        "dmean": 650.180480957,
        "dmean2": 1053.70935059,
        "dvar": 2010315.25,
        "dvar2": 4111869.25,
        "max": 11541.796875,
        "mean": 1388.84741211,
        "median": 602.9296875,
        "min": 86.1328125,
        "stdev": 2102.17895508,
        "var": 4419156
    },
    "spectral_skewness": {
        "dmean": 0.239850237966,
        "dmean2": 0.356961667538,
        "dvar": 0.0775303840637,
        "dvar2": 0.157469823956,
        "max": 5.23505973816,
        "mean": 1.60865330696,
        "median": 1.55578780174,
        "min": 0.222872450948,
        "stdev": 0.538253962994,
        "var": 0.289717316628
    },
    "spectral_spread": {
        "dmean": 905542.25,
        "dmean2": 1316212.375,
        "dvar": 1.35269475942e+12,
        "dvar2": 2.5179020329e+12,
        "max": 25059196,
        "mean": 6443310.5,
        "median": 5832408,
        "min": 2297879,
        "stdev": 2116148,
        "var": 4.47808274432e+12
    },
    "spectral_strongpeak": {
        "dmean": 0.54162222147,
        "dmean2": 0.871859073639,
        "dvar": 0.671901583672,
        "dvar2": 1.57699644566,
        "max": 7.99731779099,
        "mean": 0.957417666912,
        "median": 0.633364796638,
        "min": 0,
        "stdev": 1.09243762493,
        "var": 1.19342005253
    },
    "zerocrossingrate": {
        "dmean": 0.0174016337842,
        "dmean2": 0.0178697314113,
        "dvar": 0.000476114742924,
        "dvar2": 0.000442429474788,
        "max": 0.37451171875,
        "mean": 0.0628345832229,
        "median": 0.0517578125,
        "min": 0.00244140625,
        "stdev": 0.0532690137625,
        "var": 0.00283758784644
    },
    "barkbands": {
        "dmean": [0.000300138170132, 0.016441334039, 0.00946515519172, 0.00346172600985, 0.00345566216856, 0.00241911457852, 0.0015476901317, 0.000734044704586, 0.00115633150563, 0.000351657334249, 0.000588862574659, 0.000361000042176, 0.000320683582686, 0.000431973545346, 0.000314727862133, 0.000206451921258, 0.000234681428992, 0.000196127948584, 0.000128531857627, 0.000114267233585, 0.000125250822748, 0.000116999792226, 0.000165134464623, 0.000166969111888, 0.000180175848072, 6.2614082708e-05, 4.93982452099e-06],
        "dmean2": [0.00044270127546, 0.0235289242119, 0.0169185250998, 0.00632690219209, 0.00588327087462, 0.0038411593996, 0.00248945271596, 0.00119854230434, 0.00174270186108, 0.000531916855834, 0.000850355136208, 0.000558215135243, 0.000472452142276, 0.000650187430438, 0.00048966659233, 0.000323685322655, 0.000368368753698, 0.000310763542075, 0.000199099740712, 0.000173380525666, 0.000195253946004, 0.000173181979335, 0.000230008372455, 0.000224300500122, 0.000255369959632, 9.27266592043e-05, 7.87982480688e-06],
        "dvar": [2.63424539071e-07, 0.00105079077184, 0.000592813128605, 7.12646651664e-05, 3.33887073793e-05, 1.7492006009e-05, 9.32812599785e-06, 2.55762142842e-06, 5.52068649995e-06, 9.44593125496e-07, 2.12222698792e-06, 1.21630148442e-06, 5.39670281796e-07, 9.95875325316e-07, 4.08518218364e-07, 1.14692404907e-07, 1.78300837206e-07, 8.64768310294e-08, 4.12019964813e-08, 3.85126810443e-08, 5.34816351205e-08, 5.91582249854e-08, 1.05178969534e-07, 1.19208330318e-07, 1.2073540745e-07, 2.16824460608e-08, 3.73980457713e-10],
        "dvar2": [5.96480106196e-07, 0.00159517116845, 0.00160966301337, 0.000203938558116, 8.71821976034e-05, 4.09745371144e-05, 2.35170646192e-05, 6.42453233013e-06, 1.24496818898e-05, 1.9198512291e-06, 4.09055564887e-06, 2.54060660154e-06, 1.09149459604e-06, 2.14360443351e-06, 9.46451166328e-07, 2.66766875257e-07, 4.05473713272e-07, 2.01795657517e-07, 9.62135189297e-08, 8.08402162988e-08, 1.2551451789e-07, 1.15019581415e-07, 1.81034110369e-07, 1.77974044391e-07, 2.25801244369e-07, 4.87722324749e-08, 8.91429929872e-10],
        "max": [0.00428265333176, 0.211642190814, 0.143228888512, 0.0580106414855, 0.0433012843132, 0.0740410536528, 0.0411035753787, 0.0204437915236, 0.0286149587482, 0.0236040502787, 0.028630765155, 0.0287792645395, 0.0107778329402, 0.0172183066607, 0.0110581880435, 0.00386673607863, 0.00510349310935, 0.00297915120609, 0.00233188294806, 0.00279901595786, 0.00360226840712, 0.00570065388456, 0.00546503998339, 0.00557190924883, 0.00433885445818, 0.00172854796983, 0.000486085860757],
        "mean": [0.000343857624102, 0.0223522651941, 0.0075925248675, 0.00315666012466, 0.00452843401581, 0.00386902014725, 0.0022510108538, 0.000995575101115, 0.00163921271451, 0.000464119482785, 0.000919955025893, 0.000536747334991, 0.000514541228767, 0.000638117897324, 0.000401157565648, 0.000275765836705, 0.000320378603647, 0.000313937314786, 0.000194073581952, 0.000176381814526, 0.000185934753972, 0.000168651051354, 0.000292010285193, 0.000313474709401, 0.00032941493555, 9.77262898232e-05, 5.73411625737e-06],
        "median": [0.000125211619888, 0.00612995494157, 0.00224743806757, 0.00106171052903, 0.00232607102953, 0.00158322870266, 0.000986645696685, 0.000379989709472, 0.000445046287496, 0.000146872393088, 0.000139542258694, 0.000140237840242, 9.38841258176e-05, 0.000115217073471, 0.000124814818264, 0.000107110819954, 0.000112692563562, 0.000160043360665, 8.92528696568e-05, 8.3168670244e-05, 9.79566539172e-05, 6.76916752127e-05, 0.000114290582133, 0.000109048269223, 0.000117576411867, 3.21949883073e-05, 8.17682177967e-07],
        "min": [2.45623921202e-09, 3.53493367911e-09, 2.08659667322e-09, 1.76579884048e-09, 3.0743982915e-09, 1.38381950343e-09, 2.17068821251e-10, 8.43834863096e-11, 4.60386256895e-10, 1.38849917675e-10, 4.96843510778e-10, 3.53697210409e-10, 6.92655655055e-11, 1.06108913323e-10, 2.36051206359e-10, 3.56637774868e-10, 2.86230761315e-10, 6.37323027686e-10, 2.85712853376e-09, 1.07430357943e-08, 2.43092870278e-08, 1.4602042242e-08, 4.42653664834e-08, 5.09675324167e-08, 6.6762844142e-08, 8.38674996118e-09, 3.22195894097e-12],
        "stdev": [0.000595642079134, 0.0417314209044, 0.019654892385, 0.00674928305671, 0.00602878071368, 0.00621428759769, 0.00355819286779, 0.00171120278537, 0.00307219801471, 0.00125859770924, 0.00252718152478, 0.00153750658501, 0.00120408600196, 0.00149485911243, 0.000766959681641, 0.000418378069298, 0.000547900388483, 0.000430745974882, 0.000275130703812, 0.000279512751149, 0.00028596771881, 0.000342706334777, 0.000552833604161, 0.000635214382783, 0.00056728819618, 0.000203068935662, 2.04107891477e-05],
        "var": [3.54789506218e-07, 0.00174151163083, 0.000386314815842, 4.55528206658e-05, 3.63461986126e-05, 3.8617370592e-05, 1.26607365019e-05, 2.92821482617e-06, 9.43840041145e-06, 1.58406828632e-06, 6.38664641883e-06, 2.36392634179e-06, 1.44982300299e-06, 2.23460369853e-06, 5.88227123899e-07, 1.75040213435e-07, 3.00194813008e-07, 1.85542091913e-07, 7.56969100735e-08, 7.812738545e-08, 8.17775287487e-08, 1.17447640946e-07, 3.05624979546e-07, 4.0349729602e-07, 3.21815889492e-07, 4.12369942637e-08, 4.16600309805e-10]
    },
    "erbbands": {
        "dmean": [0.498992830515, 3.86764669418, 9.6549949646, 11.9976348877, 9.90087985992, 12.6313505173, 17.4944953918, 18.7181549072, 15.7578353882, 27.9677944183, 15.948931694, 21.8550357819, 16.7980728149, 17.8767738342, 15.5653572083, 13.4548196793, 14.9019479752, 19.2646350861, 17.4619541168, 14.4059352875, 12.1580820084, 12.7710399628, 10.8337783813, 7.3850069046, 6.32510232925, 5.37441062927, 5.51119804382, 4.2997584343, 3.95397806168, 4.61463594437, 4.73740959167, 3.82839560509, 2.81348967552, 2.48427939415, 1.04794383049, 0.364938050508, 0.098001986742, 0.017959093675, 0.00049603509251, 3.3159423765e-05],
        "dmean2": [0.751051902771, 5.34203910828, 16.3317565918, 21.720369339, 17.4194469452, 21.5414524078, 28.7363567352, 29.6631793976, 25.5381011963, 44.7643814087, 25.217546463, 33.4038047791, 24.0643062592, 26.5269107819, 21.7499256134, 20.623506546, 21.3272800446, 29.4573402405, 26.4067649841, 22.4349498749, 19.1565151215, 19.8461456299, 16.596321106, 11.1489515305, 9.69613361359, 8.05611896515, 8.52731609344, 6.46809434891, 5.91456365585, 6.44967699051, 6.62560892105, 5.18701410294, 3.91075015068, 3.54289841652, 1.49179458618, 0.554456710815, 0.141032293439, 0.027013996616, 0.000759953167289, 4.54438195447e-05],
        "dvar": [1.03395044804, 56.3580741882, 551.550048828, 889.257080078, 389.464416504, 484.016784668, 818.758239746, 1252.84594727, 953.567810059, 3566.31469727, 960.527282715, 2360.57421875, 1880.78173828, 1718.08728027, 1450.46276855, 1654.14575195, 1080.67663574, 2607.74487305, 1183.03674316, 656.674499512, 407.963531494, 499.03817749, 269.17401123, 112.160430908, 120.73966217, 90.130645752, 111.026390076, 58.4547920227, 67.9922485352, 96.6021270752, 84.9301681519, 73.569442749, 28.9389362335, 23.5188598633, 3.80255103111, 0.619670808315, 0.0640203952789, 0.00356573145837, 2.98828058476e-06, 2.19307594307e-09],
        "dvar2": [2.0678396225, 87.7953796387, 1433.63781738, 2481.45898438, 1051.2565918, 1303.69921875, 2013.40991211, 3060.48095703, 2565.12548828, 8423.5078125, 2156.73828125, 5608.04394531, 4155.50585938, 3543.28930664, 2590.06591797, 3483.52197266, 2130.40405273, 5829.30175781, 2674.20043945, 1502.24865723, 969.903259277, 1097.04907227, 612.570068359, 266.872039795, 288.807037354, 192.882095337, 269.147583008, 120.087554932, 138.870803833, 158.727157593, 138.473693848, 120.810745239, 45.7547454834, 43.8802032471, 7.40437030792, 1.35130167007, 0.148103550076, 0.00846276711673, 6.89950456945e-06, 4.13913037178e-09],
        "max": [6.16660547256, 49.0104637146, 161.820373535, 189.615127563, 130.020797729, 186.121826172, 504.562713623, 602.53112793, 417.432647705, 666.671691895, 438.699310303, 798.182739258, 803.754638672, 578.188781738, 838.921203613, 1041.38647461, 569.659667969, 998.032714844, 447.037261963, 347.068511963, 220.147247314, 279.066955566, 175.578704834, 134.459838867, 127.983459473, 147.258926392, 143.839035034, 124.146995544, 215.084793091, 217.19229126, 157.693130493, 131.108764648, 83.3538665771, 59.9794502258, 26.845790863, 10.3926677704, 3.27681612968, 1.15896308422, 0.0393032506108, 0.000723955105059],
        "mean": [0.569034039974, 5.27447462082, 9.27574729919, 10.6179409027, 11.3478126526, 16.1198749542, 26.8597412109, 29.2302684784, 22.8785171509, 39.9683570862, 24.2390289307, 31.1141643524, 25.249835968, 27.0536670685, 25.8479347229, 21.9210357666, 25.3298339844, 28.753704071, 25.0126552582, 19.5922317505, 16.3531627655, 18.4851551056, 17.8455982208, 12.1096849442, 9.5072851181, 8.41196155548, 8.12124633789, 6.43383693695, 5.70661640167, 7.61799192429, 8.44256305695, 6.73231554031, 5.18584299088, 4.3915810585, 1.84504246712, 0.587495267391, 0.15009483695, 0.025691555813, 0.000706954859197, 8.42706649564e-05],
        "median": [0.161757186055, 1.40542042255, 3.03970050812, 3.82087349892, 4.45959949493, 8.10765075684, 12.8228464127, 12.227514267, 11.9275798798, 14.6121759415, 10.00385952, 9.68514633179, 6.92666959763, 5.68517017365, 5.27562952042, 5.79345321655, 5.43768405914, 5.62594127655, 6.16288661957, 8.52184867859, 6.12614822388, 7.54144859314, 9.43328285217, 6.45299577713, 4.45446395874, 3.84873723984, 4.19875049591, 2.77528619766, 2.41426920891, 3.00355410576, 3.14064669609, 2.09257435799, 1.93980765343, 1.48883318901, 0.681307256222, 0.214918524027, 0.0447285808623, 0.00638662884012, 0.000184981865459, 5.81832755415e-05],
        "min": [1.31639666279e-07, 7.05113336608e-07, 2.19227626985e-06, 4.62822617919e-06, 7.68799418438e-06, 1.06832139863e-05, 1.23101963254e-05, 1.0551701962e-05, 5.21938454767e-06, 9.83508357422e-07, 3.9271053538e-06, 1.05981771412e-05, 6.01395458943e-06, 9.30640089791e-06, 2.29478118854e-05, 1.12790812636e-05, 3.37736196343e-06, 4.23783194492e-06, 9.43093164096e-06, 2.08435558307e-05, 1.47782166096e-05, 1.61859770742e-05, 2.5119550628e-05, 9.49680033955e-05, 0.000210699843592, 0.000578115053941, 0.000571255455725, 0.00115474965423, 0.000578934967052, 0.000613388838246, 0.0013026612578, 0.000884054868948, 0.00113182351924, 0.00107612228021, 0.000173406820977, 4.58327485831e-05, 1.29579466375e-05, 2.48805963565e-06, 1.69548741269e-07, 5.10676301246e-09],
        "stdev": [1.13696813583, 9.80090427399, 20.722196579, 23.7188873291, 18.6884498596, 22.2710475922, 37.5900115967, 49.197593689, 34.1250724792, 76.3444213867, 38.5935134888, 58.4700012207, 56.2346687317, 60.3546600342, 70.1220169067, 57.3143768311, 56.0774612427, 71.6270828247, 48.7153167725, 32.0252571106, 24.8816795349, 29.916841507, 24.1443195343, 15.5853042603, 14.3699541092, 13.5231227875, 12.6856193542, 10.3998594284, 10.9427108765, 16.3446331024, 16.1036548615, 15.1591348648, 9.52613449097, 7.87127065659, 3.14957070351, 1.15615689754, 0.333035081625, 0.06874153018, 0.00197555776685, 7.22898766981e-05],
        "var": [1.29269659519, 96.057723999, 429.409423828, 562.585632324, 349.258148193, 495.999572754, 1413.00891113, 2420.40307617, 1164.52062988, 5828.47119141, 1489.45935059, 3418.74121094, 3162.33789062, 3642.68481445, 4917.09716797, 3284.93774414, 3144.68164062, 5130.43847656, 2373.18212891, 1025.6171875, 619.098022461, 895.01739502, 582.948120117, 242.901702881, 206.495574951, 182.874847412, 160.924942017, 108.157081604, 119.742927551, 267.147033691, 259.327697754, 229.799377441, 90.7472381592, 61.9569015503, 9.91979598999, 1.33669877052, 0.110912360251, 0.00472539803013, 3.90282821172e-06, 5.22582599416e-09]
    },
    "gfcc": {
        "mean": [27.6961040497, 79.9929504395, -82.0762786865, 35.1250076294, -60.7241897583, 21.1576099396, -46.6908760071, 16.6254749298, -24.073009491, 7.61091327667, -14.3239393234, 2.58293414116, -11.0391368866],
        "cov": [[3260.08154297, -644.644470215, -719.274597168, -8.61323928833, -57.4475212097, 76.6932373047, 5.70851802826, 176.877059937, 46.5461425781, 24.2069988251, -164.810668945, 12.5439958572, -178.559707642], [-644.644470215, 1290.47387695, 66.3476104736, -120.58366394, 236.771652222, -10.9782438278, 148.814666748, -54.7356376648, 112.561378479, -0.426731228828, 107.486549377, -34.642616272, 93.1565856934], [-719.274597168, 66.3476104736, 952.167114258, 233.890213013, 55.4594573975, 39.4471130371, -2.5084900856, 27.7209835052, 41.1152381897, 22.81498909, 92.2795562744, 33.1190032959, 62.2894363403], [-8.61323928833, -120.58366394, 233.890213013, 415.027862549, 107.293075562, -31.7772922516, 0.608927130699, 63.7617492676, 96.7486419678, 5.21284198761, 33.4678688049, 10.144109726, 10.1910123825], [-57.4475212097, 236.771652222, 55.4594573975, 107.293075562, 254.447296143, 65.9038238525, 95.8780822754, 49.2048339844, 89.2871170044, 34.2678985596, 52.525352478, 2.20437812805, 17.5135250092], [76.6932373047, -10.9782438278, 39.4471130371, -31.7772922516, 65.9038238525, 221.027206421, 144.833251953, 15.2444963455, 20.1915206909, 43.8205833435, 27.3413772583, 5.95304441452, -3.05797195435], [5.70851802826, 148.814666748, -2.5084900856, 0.608927130699, 95.8780822754, 144.833251953, 274.033233643, 48.7509231567, 64.0340194702, 62.1935653687, 33.7242546082, 3.52552437782, -0.532338023186], [176.877059937, -54.7356376648, 27.7209835052, 63.7617492676, 49.2048339844, 15.2444963455, 48.7509231567, 175.504455566, 87.3357772827, 25.7223110199, 20.7773323059, 16.8952980042, 5.8354177475], [46.5461425781, 112.561378479, 41.1152381897, 96.7486419678, 89.2871170044, 20.1915206909, 64.0340194702, 87.3357772827, 170.278427124, 48.3845024109, 26.5636672974, 24.1148700714, 24.480922699], [24.2069988251, -0.426731228828, 22.81498909, 5.21284198761, 34.2678985596, 43.8205833435, 62.1935653687, 25.7223110199, 48.3845024109, 86.8721389771, 28.2441101074, 10.1404981613, 1.90132820606], [-164.810668945, 107.486549377, 92.2795562744, 33.4678688049, 52.525352478, 27.3413772583, 33.7242546082, 20.7773323059, 26.5636672974, 28.2441101074, 108.428863525, 30.7646999359, 22.1336231232], [12.5439958572, -34.642616272, 33.1190032959, 10.144109726, 2.20437812805, 5.95304441452, 3.52552437782, 16.8952980042, 24.1148700714, 10.1404981613, 30.7646999359, 89.5463027954, 25.3624706268], [-178.559707642, 93.1565856934, 62.2894363403, 10.1910123825, 17.5135250092, -3.05797195435, -0.532338023186, 5.8354177475, 24.480922699, 1.90132820606, 22.1336231232, 25.3624706268, 79.4064712524]],
        "icov": [[0.000521586742252, 8.50874403113e-06, 0.000384779035812, -0.000231785626966, 8.97026984603e-05, -0.000466261670226, 0.000290276657324, -0.000588920840528, 2.85155761048e-06, -0.000239314089413, 0.000649582245387, -0.000504333758727, 0.000883167784195], [8.50874403113e-06, 0.00206014513969, -0.000325308472384, 0.0017661388265, -0.00185517338105, 0.00176681147423, -0.00145281269215, 0.00170200492721, -0.00217472552322, 0.00202355883084, -0.00193161482457, 0.00180956430268, -0.00144438596908], [0.000384779035812, -0.000325308472384, 0.00174579152372, -0.00133563077543, 0.000626023102086, -0.00116861658171, 0.000743975688238, -0.000712879002094, 0.000652548740618, -0.000742037373129, -6.47446795483e-05, -0.00055796909146, -6.40173020656e-05], [-0.000231785626966, 0.0017661388265, -0.00133563077543, 0.0053205252625, -0.00284244050272, 0.00270486506633, -0.00124040583614, 0.00140751746949, -0.00352560193278, 0.0027643495705, -0.0020400325302, 0.00178469449747, -0.000589611881878], [8.97026984603e-05, -0.00185517338105, 0.000626023102086, -0.00284244050272, 0.00784248951823, -0.00280663417652, 0.000406022241805, -0.00149811583105, -0.00013310565555, -0.00136401655618, -0.000294397206744, -0.000309499038849, 0.000781490234658], [-0.000466261670226, 0.00176681147423, -0.00116861658171, 0.00270486506633, -0.00280663417652, 0.00957065448165, -0.00509837130085, 0.00217192666605, -0.00103053543717, 0.000742384057958, -0.00227093091235, 0.00143558636773, -0.00128345913254], [0.000290276657324, -0.00145281269215, 0.000743975688238, -0.00124040583614, 0.000406022241805, -0.00509837130085, 0.00787658710033, -0.00220145378262, 0.000650736794341, -0.00351762049831, 0.00139925768599, -0.00103851035237, 0.00168668711558], [-0.000588920840528, 0.00170200492721, -0.000712879002094, 0.00140751746949, -0.00149811583105, 0.00217192666605, -0.00220145378262, 0.0099336002022, -0.00556372385472, 0.00228008395061, -0.00285155908205, 0.00154085305985, -0.00130976678338], [2.85155761048e-06, -0.00217472552322, 0.000652548740618, -0.00352560193278, -0.00013310565555, -0.00103053543717, 0.000650736794341, -0.00556372385472, 0.0139683112502, -0.00667586410418, 0.00340024498291, -0.00345284049399, -0.00109029794112], [-0.000239314089413, 0.00202355883084, -0.000742037373129, 0.0027643495705, -0.00136401655618, 0.000742384057958, -0.00351762049831, 0.00228008395061, -0.00667586410418, 0.0188265386969, -0.00526894582435, 0.00197491166182, -0.000101262288808], [0.000649582245387, -0.00193161482457, -6.47446795483e-05, -0.0020400325302, -0.000294397206744, -0.00227093091235, 0.00139925768599, -0.00285155908205, 0.00340024498291, -0.00526894582435, 0.0156759396195, -0.00587960984558, 0.000822151079774], [-0.000504333758727, 0.00180956430268, -0.00055796909146, 0.00178469449747, -0.000309499038849, 0.00143558636773, -0.00103851035237, 0.00154085305985, -0.00345284049399, 0.00197491166182, -0.00587960984558, 0.015877366066, -0.00546014867723], [0.000883167784195, -0.00144438596908, -6.40173020656e-05, -0.000589611881878, 0.000781490234658, -0.00128345913254, 0.00168668711558, -0.00130976678338, -0.00109029794112, -0.000101262288808, 0.000822151079774, -0.00546014867723, 0.0181389227509]]
    },
    "melbands": {
        "dmean": [0.00464285211638, 0.00420897966251, 0.00191578757949, 0.000786744290963, 0.00059113529278, 0.000424503901741, 0.00025596798514, 0.000274385209195, 0.000143494631629, 0.000142391189002, 8.44201567816e-05, 7.00580421835e-05, 6.99882439221e-05, 3.20757244481e-05, 4.6010249207e-05, 2.89434810838e-05, 3.88974585803e-05, 3.14771314152e-05, 2.44688599196e-05, 1.4463651496e-05, 1.4810153516e-05, 1.39714975376e-05, 1.20048298413e-05, 9.65651815932e-06, 5.94145649302e-06, 4.97293513035e-06, 4.33828608948e-06, 3.5958216813e-06, 3.54989720108e-06, 3.29293538925e-06, 2.37508447753e-06, 2.31963963415e-06, 2.39668224822e-06, 2.78197921944e-06, 2.84356383418e-06, 2.91668561658e-06, 2.22658445637e-06, 1.84920281754e-06, 2.56097814599e-06, 2.13594330489e-06],
        "dmean2": [0.00657686404884, 0.00596907408908, 0.00340881058946, 0.0013656730298, 0.00097535958048, 0.000670074310619, 0.000416979833972, 0.000441521347966, 0.000225910334848, 0.000215074571315, 0.000121170043712, 0.000104230428406, 9.97369133984e-05, 4.93152656418e-05, 6.95825947332e-05, 4.31847438449e-05, 5.95661585976e-05, 4.78120382468e-05, 3.7943427742e-05, 2.29021934501e-05, 2.39442670136e-05, 2.22353264689e-05, 1.84264335985e-05, 1.55509496835e-05, 9.14613792702e-06, 7.75192438596e-06, 6.93839774613e-06, 5.38684662388e-06, 5.54275857212e-06, 5.22236496181e-06, 3.61655315828e-06, 3.58497004527e-06, 3.63644176105e-06, 3.9152678255e-06, 4.16026477978e-06, 4.0936743062e-06, 3.06568244923e-06, 2.63409947365e-06, 3.6713481677e-06, 3.11871826852e-06],
        "dvar": [8.28347401693e-05, 7.06481951056e-05, 2.05803007702e-05, 1.92641778085e-06, 8.09879793451e-07, 5.74911780404e-07, 2.50104960742e-07, 3.36953007718e-07, 8.90580622581e-08, 9.3094556064e-08, 4.80489710242e-08, 2.71484648096e-08, 3.34279910419e-08, 7.60670815225e-09, 1.80106543013e-08, 4.80350070831e-09, 1.15600897743e-08, 4.44124648169e-09, 2.66885402667e-09, 5.75467451469e-10, 6.97341184797e-10, 6.4147148704e-10, 4.41080033609e-10, 2.14659762188e-10, 7.74115632707e-11, 7.76397487967e-11, 6.14180858949e-11, 4.04672961807e-11, 4.38311886786e-11, 3.51324837278e-11, 2.13047392228e-11, 2.98827282363e-11, 2.55045741471e-11, 3.52921858404e-11, 3.22228806138e-11, 4.23143187156e-11, 2.51162719095e-11, 1.33981194195e-11, 2.49475839292e-11, 1.81382842773e-11],
        "dvar2": [0.000137474271469, 0.000154136185301, 5.66221606277e-05, 5.02802231495e-06, 2.02277237804e-06, 1.3779482515e-06, 6.66025755436e-07, 8.0744899833e-07, 1.99233255671e-07, 2.14379710428e-07, 1.04967000425e-07, 5.55947075043e-08, 6.01411684897e-08, 1.6795366875e-08, 3.45988517836e-08, 1.06641033781e-08, 2.57789878333e-08, 1.00456238883e-08, 5.95286842042e-09, 1.30185862091e-09, 1.73754943766e-09, 1.44216916187e-09, 9.71794422711e-10, 5.10267161857e-10, 1.85477869175e-10, 1.80145773299e-10, 1.45817982689e-10, 8.49826251037e-11, 1.06669714728e-10, 8.37728150738e-11, 4.20789132705e-11, 6.55537152339e-11, 5.17460414795e-11, 5.85566456435e-11, 5.79767935049e-11, 8.33553018276e-11, 4.05485228727e-11, 2.44674263489e-11, 4.70713155953e-11, 3.65151832382e-11],
        "max": [0.0591725073755, 0.0638458952308, 0.0284883156419, 0.00961568392813, 0.0134118329734, 0.0124419974163, 0.00742668099701, 0.00698088482022, 0.00445464160293, 0.00437577115372, 0.00391356740147, 0.00286658434197, 0.00413457304239, 0.0015399629483, 0.00376065867022, 0.00111340021249, 0.00221644621342, 0.00104851985816, 0.00116256135516, 0.000290145282634, 0.000285956833977, 0.000357028970029, 0.000259343592916, 0.000139015770401, 0.000114026675874, 8.31734651001e-05, 9.63581769611e-05, 0.00012125500507, 9.374122601e-05, 8.19354900159e-05, 7.62468407629e-05, 0.000152137115947, 7.68712634454e-05, 0.000133396766614, 9.40865793382e-05, 0.000112382418592, 8.01658607088e-05, 5.11563339387e-05, 6.62336533424e-05, 5.00104979437e-05],
        "mean": [0.00588601501659, 0.00553180836141, 0.00182833126746, 0.000981803401373, 0.000910429167561, 0.000679962686263, 0.000367473316146, 0.00038967008004, 0.000208100536838, 0.000201539281989, 0.000123473335407, 0.000102975369373, 0.000113431589853, 4.73980471725e-05, 7.43411583244e-05, 4.48032551503e-05, 5.56148734177e-05, 4.33086970588e-05, 3.04135846818e-05, 2.01725379156e-05, 1.84027321666e-05, 1.87869482033e-05, 1.82858548214e-05, 1.49691732076e-05, 9.08732909011e-06, 7.29075827621e-06, 6.14162991042e-06, 5.36986226507e-06, 5.041015811e-06, 4.63108199256e-06, 3.42043063029e-06, 3.12766610477e-06, 3.40355040862e-06, 4.61100580651e-06, 4.96920984006e-06, 4.58275189885e-06, 3.84498798667e-06, 3.21454626828e-06, 4.24677455158e-06, 3.58799911737e-06],
        "median": [0.00155043625273, 0.00181209435686, 0.000698841409758, 0.000472809682833, 0.000505484698806, 0.000284987967461, 0.000181371520739, 0.000144229983562, 6.94862828823e-05, 5.59187319595e-05, 2.97006899928e-05, 2.16289827222e-05, 1.95497632376e-05, 1.22183173517e-05, 1.74669985427e-05, 9.25747826841e-06, 9.71129247773e-06, 9.75727198238e-06, 1.01947016447e-05, 8.34418915474e-06, 6.28328962193e-06, 6.92842604622e-06, 7.94603147369e-06, 7.3829937719e-06, 4.62418574898e-06, 3.01091677102e-06, 2.73407749773e-06, 2.28868816521e-06, 2.50121206591e-06, 2.11191081689e-06, 1.28290582779e-06, 1.30926014208e-06, 1.12275222364e-06, 1.83557745004e-06, 1.89267052519e-06, 1.38626057833e-06, 1.07042285435e-06, 1.1851062709e-06, 1.48544552303e-06, 1.16141711715e-06],
        "min": [1.19610998883e-09, 1.08261166698e-09, 8.83753958902e-10, 6.63049726235e-10, 4.49750597875e-10, 2.38309705303e-10, 7.02053692958e-11, 8.11701834219e-12, 4.05093736333e-11, 6.77400496807e-11, 2.75733984256e-11, 3.22998190694e-11, 7.49078299389e-11, 5.17031313596e-11, 8.37891214744e-12, 8.40593046558e-12, 7.63124806402e-12, 1.45268762297e-11, 1.98727666267e-11, 3.24175686295e-11, 1.40087412157e-11, 1.88413729063e-11, 7.42017385036e-12, 3.84405320075e-11, 7.20039305957e-11, 1.51950618754e-10, 1.97820745895e-10, 4.52729298495e-10, 1.99625357911e-10, 6.85984991033e-10, 7.03030855753e-10, 3.77118086758e-10, 1.58469654066e-10, 5.05891772917e-10, 9.34503474603e-10, 4.4601217164e-10, 6.22349560775e-10, 7.06321223731e-10, 1.28189081572e-09, 7.07521707888e-10],
        "stdev": [0.0112846530974, 0.00976851396263, 0.00370371737517, 0.0014049357269, 0.00113771576434, 0.00109888345469, 0.000540847599041, 0.000722812488675, 0.00037186202826, 0.000389706954593, 0.000287175906124, 0.00023363258515, 0.00033643541974, 0.000118375341117, 0.000210027355934, 0.000101284385892, 0.000147894781549, 9.71102926997e-05, 6.32274968666e-05, 3.05666253553e-05, 3.00341289403e-05, 3.22992673318e-05, 2.8860202292e-05, 2.07560497074e-05, 1.23995141621e-05, 1.15411139632e-05, 9.88953888736e-06, 9.1807132776e-06, 8.00740508566e-06, 7.2803236435e-06, 6.19631146037e-06, 6.47667638987e-06, 7.2586681199e-06, 9.91259366856e-06, 9.49901368585e-06, 1.00349834611e-05, 9.01255316421e-06, 6.04095612289e-06, 7.94663719716e-06, 6.58613816995e-06],
        "var": [0.00012734340271, 9.54238639679e-05, 1.37175229611e-05, 1.97384429157e-06, 1.29439706598e-06, 1.20754475574e-06, 2.92516119771e-07, 5.22457924035e-07, 1.38281365025e-07, 1.51871518028e-07, 8.24700023827e-08, 5.45841842836e-08, 1.13188789896e-07, 1.40127216497e-08, 4.41114877958e-08, 1.02585273609e-08, 2.18728644086e-08, 9.43040934231e-09, 3.99771593607e-09, 9.3431862247e-10, 9.02048880036e-10, 1.04324260342e-09, 8.3291129549e-10, 4.30813579255e-10, 1.53747944931e-10, 1.33197314289e-10, 9.78029809917e-11, 8.42854952499e-11, 6.41185368688e-11, 5.30031123158e-11, 3.83942738713e-11, 4.19473344948e-11, 5.26882600049e-11, 9.82595116383e-11, 9.02312530249e-11, 1.00700899008e-10, 8.12261161109e-11, 3.64931522501e-11, 6.31490484904e-11, 4.33772150144e-11]
    },
    "melbands128": {
