{
"lowlevel": {
    "average_loudness": 0.972944259644,
    "barkbands_crest": {
        "dmean": 3.07971334457,
        "dmean2": 4.79755544662,
        "dvar": 6.9093542099,
        "dvar2": 16.0825710297,
        "max": 24.9082050323,
        "mean": 10.8154201508,
        "median": 9.80804157257,
        "min": 2.78860139847,
        "stdev": 4.47500324249,
        "var": 20.0256519318
    },
    "barkbands_flatness_db": {
        "dmean": 0.0314012095332,
        "dmean2": 0.0484531931579,
        "dvar": 0.000998987816274,
        "dvar2": 0.00211409362964,
        "max": 0.433603137732,
        "mean": 0.128774240613,
        "median": 0.116957694292,
        "min": 0.0261472444981,
        "stdev": 0.0592644885182,
        "var": 0.00351227959618
    },
    "barkbands_kurtosis": {
        "dmean": 5.27034854889,
        "dmean2": 8.58532142639,
        "dvar": 63.0473899841,
        "dvar2": 145.286224365,
        "max": 101.524208069,
        "mean": 7.69831228256,
        "median": 3.88523721695,
        "min": -1.8335723877,
        "stdev": 11.4537620544,
        "var": 131.188659668
    },
    "barkbands_skewness": {
        "dmean": 0.747556865215,
        "dmean2": 1.190797925,
        "dvar": 0.598358750343,
        "dvar2": 1.42126107216,
        "max": 8.9806060791,
        "mean": 2.20329928398,
        "median": 1.97774243355,
        "min": -1.8494259119,
        "stdev": 1.25451266766,
        "var": 1.57380211353
    },
    "barkbands_spread": {
        "dmean": 9.97624874115,
        "dmean2": 16.4382362366,
        "dvar": 159.830886841,
        "dvar2": 385.453125,
        "max": 106.640090942,
        "mean": 24.8438949585,
        "median": 22.1240653992,
        "min": 0.807245731354,
        "stdev": 16.2682113647,
        "var": 264.654724121
    },
    "dissonance": {
        "dmean": 0.0220706965774,
        "dmean2": 0.0366542115808,
        "dvar": 0.000450605584774,
        "dvar2": 0.00120828347281,
        "max": 0.499456375837,
        "mean": 0.456950753927,
        "median": 0.461384743452,
        "min": 0.272507429123,
        "stdev": 0.0272088572383,
        "var": 0.000740321876947
    },
    "dynamic_complexity": 1.58200955391,
    "erbbands_crest": {
        "dmean": 2.32500243187,
        "dmean2": 3.8056602478,
        "dvar": 4.90325546265,
        "dvar2": 12.6595344543,
        "max": 22.4384632111,
        "mean": 7.40349388123,
        "median": 6.7986741066,
        "min": 2.3906545639,
        "stdev": 3.08868002892,
        "var": 9.53994369507
    },
    "erbbands_flatness_db": {
        "dmean": 0.0155451493338,
        "dmean2": 0.0231578201056,
        "dvar": 0.000281968241325,
        "dvar2": 0.000602582236752,
        "max": 0.279705494642,
        "mean": 0.110874883831,
        "median": 0.106026396155,
        "min": 0.0530505627394,
        "stdev": 0.0307292211801,
        "var": 0.000944285071455
    },
    "erbbands_kurtosis": {
        "dmean": 0.88649225235,
        "dmean2": 1.36856603622,
        "dvar": 2.23207998276,
        "dvar2": 5.32464265823,
        "max": 23.340637207,
        "mean": 0.3343347013,
        "median": -0.210502624512,
        "min": -1.80952847004,
        "stdev": 2.02491617203,
        "var": 4.10028553009
    },
    "erbbands_skewness": {
        "dmean": 0.392190158367,
        "dmean2": 0.625760018826,
        "dvar": 0.176205411553,
        "dvar2": 0.430288344622,
        "max": 4.11014413834,
        "mean": 0.551724135876,
        "median": 0.552597522736,
        "min": -3.45718216896,
        "stdev": 0.639998733997,
        "var": 0.409598380327
    },
    "erbbands_spread": {
        "dmean": 12.0588579178,
        "dmean2": 18.0312957764,
        "dvar": 160.999389648,
        "dvar2": 369.061523438,
        "max": 165.14151001,
        "mean": 51.9833717346,
        "median": 48.8814926147,
        "min": 7.44029188156,
        "stdev": 21.3825283051,
        "var": 457.212524414
    },
    "hfc": {
        "dmean": 11.9215307236,
        "dmean2": 18.1933307648,
        "dvar": 276.795654297,
        "dvar2": 620.86315918,
        "max": 157.799301147,
        "mean": 31.252696991,
        "median": 25.5021305084,
        "min": 1.22702291235e-16,
        "stdev": 23.3018169403,
        "var": 542.97467041
    },
    "loudness_ebu128": {
        "integrated": -7.67250394821,
        "loudness_range": 1.95898628235,
        "momentary": {
            "dmean": 0.334741353989,
            "dmean2": 0.442051559687,
            "dvar": 0.099761813879,
            "dvar2": 0.132545441389,
            "max": -6.08007574081,
            "mean": -7.82527351379,
            "median": -7.53610229492,
            "min": -14.3212547302,
            "stdev": 1.2315005064,
            "var": 1.51659357548
        },
        "short_term": {
            "dmean": 0.0451966784894,
            "dmean2": 0.0396845936775,
            "dvar": 0.0019864551723,
            "dvar2": 0.00144959252793,
            "max": -6.75279474258,
            "mean": -7.62680625916,
            "median": -7.5126376152,
            "min": -9.48344039917,
            "stdev": 0.676465034485,
            "var": 0.457604944706
        }
    },
    "melbands_crest": {
        "dmean": 4.60788917542,
        "dmean2": 7.25809335709,
        "dvar": 14.631819725,
        "dvar2": 34.9492416382,
        "max": 36.2010345459,
        "mean": 17.4491882324,
        "median": 16.3712387085,
        "min": 2.15882110596,
        "stdev": 6.59511995316,
        "var": 43.4956054688
    },
    "melbands_flatness_db": {
        "dmean": 0.0382657274604,
        "dmean2": 0.0602035708725,
        "dvar": 0.00159539375454,
        "dvar2": 0.00342467846349,
        "max": 0.550731539726,
        "mean": 0.210409328341,
        "median": 0.198152199388,
        "min": 0.00627316068858,
        "stdev": 0.0735013261437,
        "var": 0.00540244532749
    },
    "melbands_kurtosis": {
        "dmean": 12.7435359955,
        "dmean2": 20.588552475,
        "dvar": 348.301513672,
        "dvar2": 883.618103027,
        "max": 263.785308838,
        "mean": 22.6549472809,
        "median": 15.1286830902,
        "min": -1.54557859898,
        "stdev": 26.0262374878,
        "var": 677.36505127
    },
    "melbands_skewness": {
        "dmean": 1.01056706905,
        "dmean2": 1.56231129169,
        "dvar": 1.06451117992,
        "dvar2": 2.64956831932,
        "max": 15.1874485016,
        "mean": 3.5294508934,
        "median": 3.25283336639,
        "min": 0.0418741554022,
        "stdev": 1.74274790287,
        "var": 3.03717017174
    },
    "melbands_spread": {
        "dmean": 8.26487159729,
        "dmean2": 13.5385303497,
        "dvar": 164.343887329,
        "dvar2": 380.472198486,
        "max": 207.585037231,
        "mean": 19.019235611,
        "median": 16.4482059479,
        "min": 0.732663333416,
        "stdev": 16.1799716949,
        "var": 261.791473389
    },
    "pitch_salience": {
        "dmean": 0.0950234681368,
        "dmean2": 0.14871494472,
        "dvar": 0.00655687181279,
        "dvar2": 0.0154264941812,
        "max": 0.8508669734,
        "mean": 0.511720716953,
        "median": 0.525375008583,
        "min": 0.114329770207,
        "stdev": 0.127685502172,
        "var": 0.0163035877049
    },
    "silence_rate_20dB": {
        "dmean": 0,
        "dmean2": 0,
        "dvar": 0,
        "dvar2": 0,
        "max": 1,
        "mean": 1,
        "median": 1,
        "min": 1,
        "stdev": 0,
        "var": 0
    },
    "silence_rate_30dB": {
        "dmean": 0.0665634647012,
        "dmean2": 0.133230060339,
        "dvar": 0.0621325597167,
        "dvar2": 0.141815900803,
        "max": 1,
        "mean": 0.936581611633,
        "median": 1,
        "min": 0,
        "stdev": 0.24371278286,
        "var": 0.0593959204853
    },
    "silence_rate_60dB": {
        "dmean": 0.00386996893212,
        "dmean2": 0.00697134016082,
        "dvar": 0.00385492877103,
        "dvar2": 0.00847195181996,
        "max": 1,
        "mean": 0.00309358071536,
        "median": 0,
        "min": 0,
        "stdev": 0.0555336996913,
        "var": 0.00308399181813
    },
    "spectral_centroid": {
        "dmean": 356.873718262,
        "dmean2": 583.090087891,
        "dvar": 274159.75,
        "dvar2": 556892.375,
        "max": 11380.6123047,
        "mean": 1214.8248291,
        "median": 1113.68249512,
        "min": 175.55645752,
        "stdev": 629.138977051,
        "var": 395815.875
    },
    "spectral_complexity": {
        "dmean": 5.03869962692,
        "dmean2": 7.88303661346,
        "dvar": 35.4551963806,
        "dvar2": 83.0110244751,
        "max": 55,
        "mean": 19.4787311554,
        "median": 19,
        "min": 0,
        "stdev": 8.64200210571,
        "var": 74.6842041016
    },
    "spectral_decrease": {
        "dmean": 5.09730480047e-09,
        "dmean2": 7.72604558108e-09,
        "dvar": 3.25645753952e-17,
        "dvar2": 7.41314235712e-17,
        "max": 5.65480837286e-29,
        "mean": -1.31890827149e-08,
        "median": -1.11735465325e-08,
        "min": -5.72965781487e-08,
        "stdev": 8.46125214338e-09,
        "var": 7.15927864189e-17
    },
    "spectral_energy": {
        "dmean": 0.0196250528097,
        "dmean2": 0.0293317269534,
        "dvar": 0.000466530269478,
        "dvar2": 0.00105441198684,
        "max": 0.217700868845,
        "mean": 0.0526133850217,
        "median": 0.0447460561991,
        "min": 1.09160287018e-20,
        "stdev": 0.0326228551567,
        "var": 0.00106425071135
    },
    "spectral_energyband_high": {
        "dmean": 0.00116086914204,
        "dmean2": 0.00183411722537,
        "dvar": 2.95785298476e-06,
        "dvar2": 6.9323077696e-06,
        "max": 0.0155646819621,
        "mean": 0.00201703933999,
        "median": 0.00118470762391,
        "min": 7.53662269894e-21,
        "stdev": 0.00228527514264,
        "var": 5.22248228663e-06
    },
    "spectral_energyband_low": {
        "dmean": 0.0151963895187,
        "dmean2": 0.0240186732262,
        "dvar": 0.000398833682993,
        "dvar2": 0.00095072761178,
        "max": 0.207367300987,
        "mean": 0.0290700662881,
        "median": 0.0199053883553,
        "min": 8.23275056875e-23,
        "stdev": 0.027585927397,
        "var": 0.00076098338468
    },
    "spectral_energyband_middle_high": {
        "dmean": 0.0019820665475,
        "dmean2": 0.00300957402214,
        "dvar": 5.46372484678e-06,
        "dvar2": 1.17825611596e-05,
        "max": 0.0233418587595,
        "mean": 0.00525736855343,
        "median": 0.00426639756188,
        "min": 1.70427579935e-21,
        "stdev": 0.0041094943881,
        "var": 1.68879450939e-05
    },
    "spectral_energyband_middle_low": {
        "dmean": 0.00818661507219,
        "dmean2": 0.0126832127571,
        "dvar": 0.0001514605392,
        "dvar2": 0.000361285114195,
        "max": 0.114541701972,
        "mean": 0.0174798928201,
        "median": 0.0142232971266,
        "min": 3.603452244e-22,
        "stdev": 0.0142765659839,
        "var": 0.000203820323804
    },
    "spectral_entropy": {
        "dmean": 0.220997035503,
        "dmean2": 0.338466227055,
        "dvar": 0.0628696456552,
        "dvar2": 0.13275372982,
        "max": 9.80044078827,
        "mean": 7.79399204254,
        "median": 7.80857563019,
        "min": 5.51082229614,
        "stdev": 0.412185907364,
        "var": 0.169897228479
    },
    "spectral_flux": {
        "dmean": 0.0411487668753,
        "dmean2": 0.0623343586922,
        "dvar": 0.00137338286731,
        "dvar2": 0.0029686675407,
        "max": 0.368303030729,
        "mean": 0.121355310082,
        "median": 0.110031098127,
        "min": 1.04479799812e-10,
        "stdev": 0.0570389144123,
        "var": 0.00325343781151
    },
    "spectral_kurtosis": {
        "dmean": 1.01182889938,
        "dmean2": 1.56221449375,
        "dvar": 1.83715081215,
        "dvar2": 4.3753080368,
        "max": 27.1342525482,
        "mean": 2.84815311432,
        "median": 2.55533218384,
        "min": -1.33042562008,
        "stdev": 2.15048074722,
        "var": 4.62456703186
    },
    "spectral_rms": {
        "dmean": 0.00128100416623,
        "dmean2": 0.00187234114856,
        "dvar": 1.48696699398e-06,
        "dvar2": 3.0659875847e-06,
        "max": 0.0145736439154,
        "mean": 0.00682384055108,
        "median": 0.00660716975108,
        "min": 3.26340061745e-12,
        "stdev": 0.00218294560909,
        "var": 4.76525110571e-06
    },
    "spectral_rolloff": {
        "dmean": 777.180114746,
        "dmean2": 1343.59912109,
        "dvar": 2227976,
        "dvar2": 4965661,
        "max": 19099.9511719,
        "mean": 1215.8359375,
        "median": 710.595703125,
        "min": 64.599609375,
        "stdev": 1770.40490723,
        "var": 3134333.75
    },
    "spectral_skewness": {
        "dmean": 0.209666088223,
        "dmean2": 0.321215689182,
        "dvar": 0.0523680746555,
        "dvar2": 0.111046530306,
        "max": 4.04048204422,
        "mean": 1.45261538029,
        "median": 1.44948601723,
        "min": -0.0124535216019,
        "stdev": 0.390984714031,
        "var": 0.152869045734
    },
    "spectral_spread": {
        "dmean": 901399.5,
        "dmean2": 1288350.375,
        "dvar": 2.08596513587e+12,
        "dvar2": 3.13864932557e+12,
        "max": 40472072,
        "mean": 6555153.5,
        "median": 6378500,
        "min": 1790809,
        "stdev": 1909577.625,
        "var": 3.64648647885e+12
    },
    "spectral_strongpeak": {
        "dmean": 0.344700068235,
        "dmean2": 0.596638798714,
        "dvar": 0.269033223391,
        "dvar2": 0.705535829067,
        "max": 5.62897253036,
        "mean": 0.495764315128,
        "median": 0.287715047598,
        "min": 0,
        "stdev": 0.582626700401,
        "var": 0.339453846216
    },
    "zerocrossingrate": {
        "dmean": 0.0161949135363,
        "dmean2": 0.0199200604111,
        "dvar": 0.000444401055574,
        "dvar2": 0.000522303802427,
        "max": 0.49853515625,
        "mean": 0.0633511915803,
        "median": 0.05810546875,
        "min": 0.00244140625,
        "stdev": 0.0398822724819,
        "var": 0.00159059558064
    },
    "barkbands": {
        "dmean": [0.00225336616859, 0.0123373698443, 0.00359656754881, 0.0033758233767, 0.00385044352151, 0.00117652409244, 0.00141331157647, 0.00112246593926, 0.000759091111831, 0.000569793279283, 0.000494265928864, 0.000534049060661, 0.000399153068429, 0.00032821012428, 0.000258111860603, 0.000247914460488, 0.000225630748901, 0.000117958581541, 0.00025691348128, 0.000161665375344, 0.000220509595238, 0.00024151832622, 0.000226014832151, 0.000217229651753, 0.000225109441089, 0.000128455634695, 9.64036280493e-06],
        "dmean2": [0.00359177566133, 0.0191757585853, 0.00615949789062, 0.0057907467708, 0.00632651196793, 0.00190783874132, 0.00223824824207, 0.0017211131053, 0.00114278169349, 0.000899540376849, 0.00074073614087, 0.000798152934294, 0.000633510178886, 0.000505538366269, 0.000407033658121, 0.000398282718379, 0.000398062984459, 0.00019873760175, 0.000452855718322, 0.00027657620376, 0.000359690515324, 0.000388103333535, 0.000355609197868, 0.000348176225089, 0.000355801428668, 0.000211650811252, 1.6637644876e-05],
        "dvar": [1.23931486087e-05, 0.000317395926686, 5.39202555956e-05, 5.10330464749e-05, 4.42352320533e-05, 4.67063637188e-06, 5.22906384504e-06, 4.66808432975e-06, 1.88633623566e-06, 5.50387085241e-07, 7.92334219568e-07, 1.26079714846e-06, 8.12333496469e-07, 4.80185292417e-07, 3.29860085913e-07, 1.20927523994e-07, 1.83687632216e-07, 2.51713867527e-08, 2.90788733537e-07, 8.10473466117e-08, 1.03019402786e-07, 1.59162766522e-07, 1.63633600891e-07, 1.0142898077e-07, 1.00946024872e-07, 4.25760440237e-08, 5.52219436845e-10],
        "dvar2": [3.05309586111e-05, 0.000763417978305, 0.00014233822003, 0.000137096401886, 0.000113770380267, 1.21398334159e-05, 1.29858790388e-05, 1.01231362351e-05, 3.75118997908e-06, 1.26503721276e-06, 1.78324535227e-06, 2.83251620203e-06, 1.78423533725e-06, 1.02423371118e-06, 7.67898200138e-07, 2.91979517897e-07, 5.18496506174e-07, 6.53479474977e-08, 8.26247969599e-07, 2.26398086056e-07, 2.65759979357e-07, 3.9031803567e-07, 3.73195462089e-07, 2.31906241766e-07, 2.29741601743e-07, 1.05413050733e-07, 1.46636669474e-09],
        "max": [0.036719866097, 0.194995597005, 0.0728201270103, 0.051521256566, 0.0824022442102, 0.0314015708864, 0.0267534703016, 0.0303900372237, 0.0205784048885, 0.0116621693596, 0.0158064588904, 0.0173136554658, 0.0123218270019, 0.013452174142, 0.0086729452014, 0.00461131474003, 0.00371834379621, 0.00132803618908, 0.00419129757211, 0.00210940162651, 0.00231973757036, 0.00345845986158, 0.00468162819743, 0.00343150133267, 0.00359370489605, 0.00171717978083, 0.000313206226565],
        "mean": [0.00437937071547, 0.0200910437852, 0.00355032226071, 0.00352746620774, 0.00614399043843, 0.00184789975174, 0.00255844276398, 0.00170146685559, 0.00142637500539, 0.000916817341931, 0.000929523957893, 0.000865239009727, 0.000599876977503, 0.000465878110845, 0.000375707895728, 0.000368370529031, 0.000248788390309, 0.000191372469999, 0.000310734962113, 0.000220163492486, 0.000352147908416, 0.000355034077074, 0.000328088382958, 0.000317028083373, 0.000356631760951, 0.000177287511178, 8.29905638966e-06],
        "median": [0.00254155835137, 0.0123631451279, 0.00136603461578, 0.00126296887174, 0.00430230889469, 0.00107547512744, 0.00140128226485, 0.000711299071554, 0.000624169071671, 0.000543282367289, 0.000345146981999, 0.000319919054164, 0.00019609060837, 0.000186952587683, 0.000180951537914, 0.00021692905284, 0.000121420205687, 0.000136318732984, 0.000170549101313, 0.000137618073495, 0.000237537620706, 0.000175025532371, 0.000110644730739, 0.000147012411617, 0.00020743420464, 8.59631109051e-05, 1.57787280841e-06],
        "min": [2.1243891649e-23, 3.37715455602e-23, 2.35380348454e-23, 3.55651344242e-23, 5.97207085189e-23, 1.9129925861e-23, 4.43428559809e-23, 9.64799227626e-23, 8.38091505505e-23, 7.01474743782e-23, 1.0361474051e-22, 8.3458877376e-23, 6.8406868568e-23, 9.66622632277e-23, 9.31268473969e-23, 1.12483714341e-22, 2.80696778699e-22, 2.02381003057e-22, 5.00156443649e-22, 2.57962640448e-22, 2.45135105797e-22, 3.95504313184e-22, 9.04758481393e-22, 7.9575638257e-22, 1.06664384631e-21, 1.91437624182e-21, 2.38934855981e-21],
        "stdev": [0.00528650498018, 0.022638682276, 0.00669106049463, 0.00675822701305, 0.00687834760174, 0.00241180299781, 0.00308286305517, 0.00283053424209, 0.00229083537124, 0.00108570826706, 0.00150065589696, 0.00155349553097, 0.00122164131608, 0.000917390512768, 0.000662631704472, 0.000458740396425, 0.000377644842956, 0.000190582431969, 0.000475485663628, 0.000278836261714, 0.000383027101634, 0.000480603048345, 0.000551284872927, 0.000428829021985, 0.000415851478465, 0.000236438267166, 2.08993824344e-05],
        "var": [2.7947133276e-05, 0.000512509956025, 4.47702877864e-05, 4.5673630666e-05, 4.73116670037e-05, 5.81679341849e-06, 9.50404501054e-06, 8.01192436484e-06, 5.2479263104e-06, 1.17876231798e-06, 2.25196822612e-06, 2.41334828388e-06, 1.4924074776e-06, 8.41605356072e-07, 4.39080793058e-07, 2.10442749449e-07, 1.4261561887e-07, 3.63216656751e-08, 2.26086612543e-07, 7.77496538262e-08, 1.46709751903e-07, 2.30979296134e-07, 3.0391501582e-07, 1.83894329098e-07, 1.72932445253e-07, 5.59030510772e-08, 4.36784164393e-10]
    },
    "erbbands": {
        "dmean": [0.556540548801, 2.2036793232, 4.08557224274, 7.35243463516, 13.8427972794, 12.694062233, 12.0539178848, 9.10244464874, 16.4507713318, 22.7312011719, 22.4357051849, 18.3776054382, 15.6475152969, 18.2798271179, 16.5036201477, 19.4126682281, 17.7453613281, 15.723575592, 11.5809183121, 12.7205533981, 13.0101451874, 11.3904790878, 6.90120172501, 12.9726486206, 9.1241235733, 7.35789489746, 7.78450107574, 9.68588161469, 8.3083562851, 8.47605037689, 6.13237905502, 4.57346963882, 3.82345128059, 2.72426509857, 1.59067976475, 0.73094534874, 0.199618622661, 0.0349991172552, 0.00106139050331, 4.03618141718e-05],
        "dmean2": [0.87732219696, 3.4653198719, 6.76870918274, 12.7320394516, 22.6448421478, 21.1053695679, 19.2511672974, 14.7005815506, 26.4327945709, 35.5784873962, 33.657169342, 27.4502105713, 24.5815029144, 27.3095588684, 24.8744487762, 29.0373497009, 27.4940872192, 23.281337738, 18.1129341125, 20.0903625488, 21.4287033081, 19.9654483795, 11.8373289108, 23.0406589508, 15.5952033997, 12.6754245758, 12.8512601852, 15.8233232498, 13.4832792282, 13.5954704285, 9.57271003723, 7.25463533401, 6.20551776886, 4.35987615585, 2.53685235977, 1.20175540447, 0.327257931232, 0.0582869127393, 0.00179015367758, 6.15842582192e-05],
        "dvar": [0.701723337173, 12.4164705276, 59.7752227783, 204.715240479, 944.819274902, 405.244598389, 383.20892334, 254.131729126, 672.501647949, 1440.52612305, 1670.25366211, 1227.9901123, 480.873596191, 1006.2355957, 1038.74353027, 1520.16162109, 1497.95947266, 1361.96533203, 469.168304443, 563.988220215, 397.85534668, 429.452484131, 95.4828796387, 899.020874023, 254.734817505, 169.50769043, 146.216033936, 210.344818115, 188.168426514, 229.571273804, 115.387458801, 43.3698539734, 35.9056892395, 15.3825492859, 5.21745300293, 1.21590983868, 0.126606181264, 0.00441227620468, 6.20682430963e-06, 3.15622372682e-09],
        "dvar2": [1.76410853863, 27.6766262054, 149.352676392, 563.196044922, 2357.10009766, 1075.65612793, 963.926025391, 660.295532227, 1689.21606445, 3459.09790039, 3445.71533203, 2527.75268555, 1076.84558105, 2398.18139648, 2318.42285156, 3564.74316406, 3225.50952148, 2782.77490234, 1104.20251465, 1376.19299316, 1006.40576172, 1208.93371582, 256.09185791, 2597.16162109, 686.808349609, 469.518005371, 398.017181396, 539.537658691, 461.722015381, 547.284118652, 259.373291016, 99.6709365845, 87.4961853027, 35.7775535583, 12.1497392654, 2.92524600029, 0.319094151258, 0.0113270385191, 1.64329157997e-05, 7.27877003115e-09],
        "max": [8.56975364685, 32.8155517578, 85.3627090454, 127.478866577, 334.381225586, 237.18611145, 303.480895996, 208.410568237, 299.696258545, 376.128326416, 590.11895752, 626.196838379, 482.528503418, 613.61895752, 494.845458984, 559.795654297, 655.344665527, 783.435241699, 328.608123779, 372.719329834, 318.166992188, 159.095489502, 91.7702178955, 249.615478516, 131.027740479, 98.6957321167, 106.003349304, 132.687835693, 123.362663269, 147.911849976, 132.979217529, 64.6097869873, 62.0115737915, 48.1947479248, 23.371553421, 9.62834835052, 3.65481138229, 0.553673446178, 0.0342724956572, 0.000639523204882],
        "mean": [0.88809710741, 3.23097848892, 4.69702768326, 7.98341560364, 16.4837589264, 20.9881401062, 20.7918682098, 14.2216882706, 29.9358997345, 38.6589050293, 36.6231079102, 34.4834403992, 28.5864238739, 36.2148666382, 29.9203014374, 33.2969245911, 29.0772418976, 24.6173877716, 19.2584877014, 21.0505943298, 19.4515991211, 13.6693944931, 10.688293457, 15.211397171, 12.979221344, 10.1509075165, 12.3318777084, 14.6668434143, 12.1097717285, 12.0796852112, 9.12745094299, 6.52422428131, 5.40339326859, 4.03378343582, 2.48548269272, 1.04612934589, 0.270067423582, 0.0382077768445, 0.00109806365799, 9.65731960605e-05],
        "median": [0.527085006237, 1.77036988735, 2.02222156525, 3.4754986763, 7.35189914703, 13.7505617142, 13.0810909271, 8.79690933228, 17.3190193176, 22.1513996124, 17.1184654236, 16.1445178986, 17.9889984131, 18.1793937683, 14.5690803528, 13.2556943893, 10.9307909012, 9.3772354126, 9.92715454102, 12.6869859695, 12.04758358, 7.44183540344, 7.33683729172, 8.48950958252, 8.07452011108, 6.20823955536, 8.64074325562, 9.13371944427, 6.33395290375, 4.60178136826, 3.04845714569, 2.92494869232, 2.48890423775, 2.12177205086, 1.47162914276, 0.55137437582, 0.117732279003, 0.0133219016716, 0.000364126666682, 8.04522569524e-05],
        "min": [1.372050904e-21, 6.27915953384e-21, 2.71478221347e-20, 6.70733810726e-20, 1.2890270848e-19, 3.22606849545e-19, 1.2800462298e-19, 1.3507113648e-19, 4.13100460258e-19, 1.31433022955e-18, 2.00395442855e-18, 2.07258105448e-18, 1.96449315704e-18, 4.8694886026e-18, 1.75492012461e-18, 4.64253092203e-18, 2.94000276306e-18, 4.74313965916e-18, 4.22264659847e-18, 6.69559196161e-18, 6.11794857881e-18, 1.57721472158e-17, 1.41130098499e-17, 1.76070968579e-17, 2.04233672566e-17, 1.18384691333e-17, 1.18125742443e-17, 1.03207879239e-17, 1.26647075872e-17, 1.60077232912e-17, 2.72182887206e-17, 1.64885799249e-17, 1.74906050123e-17, 1.17144987478e-17, 7.63209938137e-18, 5.9860521486e-18, 3.11310250715e-18, 1.60060513524e-18, 2.94473506334e-19, 3.78680344058e-20],
        "stdev": [1.05059194565, 4.33762931824, 7.88646316528, 13.0632362366, 30.1702404022, 22.7836227417, 24.9499969482, 18.2122688293, 35.5607872009, 47.0116615295, 56.1977767944, 57.6221122742, 34.0788803101, 53.9107551575, 46.4008369446, 54.5784759521, 54.3858909607, 51.1245307922, 28.2871246338, 28.771150589, 24.3591575623, 18.5557861328, 11.1626176834, 24.614358902, 16.2733688354, 12.9373674393, 13.266374588, 17.1918849945, 15.924779892, 19.259847641, 15.3193778992, 9.03051185608, 7.5378112793, 5.05171489716, 2.86051607132, 1.32301473618, 0.389685243368, 0.0657209679484, 0.00226039416157, 6.99954325682e-05],
        "var": [1.10374355316, 18.8150272369, 62.1963043213, 170.648147583, 910.243408203, 519.093444824, 622.502380371, 331.686737061, 1264.56945801, 2210.09619141, 3158.19018555, 3320.30786133, 1161.37011719, 2906.36938477, 2153.03759766, 2978.81005859, 2957.82519531, 2613.71777344, 800.161376953, 827.77911377, 593.368530273, 344.317169189, 124.604034424, 605.866699219, 264.822540283, 167.375473022, 175.996704102, 295.560882568, 253.598602295, 370.941711426, 234.683349609, 81.5501403809, 56.8185958862, 25.5198249817, 8.18255233765, 1.75036799908, 0.151854589581, 0.00431924592704, 5.10938207299e-06, 4.89936091697e-09]
    },
    "gfcc": {
        "mean": [49.7019081116, 75.5735778809, -85.5189666748, 33.2713699341, -60.4386062622, 22.9596920013, -37.3143157959, 16.6137523651, -25.8199081421, 13.2421274185, -19.5645637512, 6.99057483673, -7.92571878433],
        "cov": [[4554.93652344, -885.644165039, -272.750915527, -93.6833724976, -324.182647705, 293.918548584, -129.387207031, 56.9690055847, -157.812744141, 113.114501953, -137.322311401, 87.3367538452, -212.022109985], [-885.644165039, 1044.46240234, 16.0949859619, 73.0260696411, 250.031463623, -66.3382492065, 185.514984131, -8.35140800476, 109.240882874, -7.67562866211, 131.438964844, -23.5908241272, 133.222839355], [-272.750915527, 16.0949859619, 478.379394531, 202.881393433, 99.8980712891, 35.6750450134, 3.82197284698, 35.4139823914, 47.1360473633, -5.65824985504, 16.0406074524, 16.4317588806, -6.87477397919], [-93.6833724976, 73.0260696411, 202.881393433, 292.26373291, 125.894676208, -10.8144130707, 6.34192371368, 7.57224607468, 51.5062103271, -9.68472576141, 27.3180561066, -5.19830608368, 18.2718448639], [-324.182647705, 250.031463623, 99.8980712891, 125.894676208, 242.397247314, -22.4195289612, 54.9606704712, 25.9355831146, 28.6881771088, 31.7825870514, 27.5765800476, 7.94488716125, 62.1807289124], [293.918548584, -66.3382492065, 35.6750450134, -10.8144130707, -22.4195289612, 211.337127686, 64.8774719238, 7.12489557266, 40.09790802, 34.819026947, 31.9094085693, 19.4299468994, -26.7593460083], [-129.387207031, 185.514984131, 3.82197284698, 6.34192371368, 54.9606704712, 64.8774719238, 155.934509277, 24.8813896179, 39.5058898926, 22.3759689331, 40.5218696594, 17.2220573425, 22.3191680908], [56.9690055847, -8.35140800476, 35.4139823914, 7.57224607468, 25.9355831146, 7.12489557266, 24.8813896179, 92.7590255737, 20.9443397522, 14.4212322235, 1.08672976494, 22.7987594604, 25.0150432587], [-157.812744141, 109.240882874, 47.1360473633, 51.5062103271, 28.6881771088, 40.09790802, 39.5058898926, 20.9443397522, 136.604049683, 17.8110599518, 50.3416786194, 4.0624499321, 4.80976057053], [113.114501953, -7.67562866211, -5.65824985504, -9.68472576141, 31.7825870514, 34.819026947, 22.3759689331, 14.4212322235, 17.8110599518, 115.363075256, 23.2259120941, 12.0994215012, 6.44064569473], [-137.322311401, 131.438964844, 16.0406074524, 27.3180561066, 27.5765800476, 31.9094085693, 40.5218696594, 1.08672976494, 50.3416786194, 23.2259120941, 107.650215149, 20.3048858643, 13.1614532471], [87.3367538452, -23.5908241272, 16.4317588806, -5.19830608368, 7.94488716125, 19.4299468994, 17.2220573425, 22.7987594604, 4.0624499321, 12.0994215012, 20.3048858643, 68.6645050049, 23.2620067596], [-212.022109985, 133.222839355, -6.87477397919, 18.2718448639, 62.1807289124, -26.7593460083, 22.3191680908, 25.0150432587, 4.80976057053, 6.44064569473, 13.1614532471, 23.2620067596, 101.785652161]],
        "icov": [[0.000429379317211, -0.000149096696987, 0.000493545841891, -0.00064508349169, 0.000454618275398, -0.000768357829656, 0.000551245175302, -0.000711013097316, 0.000601500272751, -0.00054552470101, 0.000629939953797, -0.000950872607064, 0.000954781484324], [-0.000149096696987, 0.00269472110085, -0.000383555161534, 0.00124065612908, -0.00205384078436, 0.00158829661086, -0.00269742216915, 0.00173043843824, -0.00143129914068, 0.00139484519605, -0.00250170473009, 0.00263276370242, -0.00254657305777], [0.000493545841891, -0.000383555161534, 0.00389507994987, -0.00290293269791, -1.8268241547e-05, -0.00171466078609, 0.00141874933615, -0.00204345630482, 0.000633873452898, -0.000287528033368, 0.00114738091361, -0.0022471616976, 0.00241920747794], [-0.00064508349169, 0.00124065612908, -0.00290293269791, 0.00767748383805, -0.00395930418745, 0.00190353475045, -0.00100211892277, 0.00236957962625, -0.00280724070035, 0.00237727211788, -0.00256465841085, 0.00322850607336, -0.00240927189589], [0.000454618275398, -0.00205384078436, -1.8268241547e-05, -0.00395930418745, 0.00934283901006, -0.000427567894803, -4.98319641338e-05, -0.00196571624838, 0.00189089146443, -0.0036122975871, 0.00218062940985, -0.00174891436473, -0.000724283279851], [-0.000768357829656, 0.00158829661086, -0.00171466078609, 0.00190353475045, -0.000427567894803, 0.00881631392986, -0.00512257870287, 0.00249878503382, -0.00272404449061, -7.31250474928e-05, -0.00260092341341, 0.00132957962342, -0.000882926629856], [0.000551245175302, -0.00269742216915, 0.00141874933615, -0.00100211892277, -4.98319641338e-05, -0.00512257870287, 0.0125344982371, -0.0038587055169, 0.000949905777816, -0.00126280996483, 0.00106247339863, -0.00345388520509, 0.00252502691001], [-0.000711013097316, 0.00173043843824, -0.00204345630482, 0.00236957962625, -0.00196571624838, 0.00249878503382, -0.0038587055169, 0.0157630369067, -0.00396646233276, 0.000399078417104, 0.00028198180371, -0.000741057156119, -0.00518431747332], [0.000601500272751, -0.00143129914068, 0.000633873452898, -0.00280724070035, 0.00189089146443, -0.00272404449061, 0.000949905777816, -0.00396646233276, 0.0116809466854, -0.00172626657877, -0.00214869203046, -0.000602634507231, 0.00254110340029], [-0.00054552470101, 0.00139484519605, -0.000287528033368, 0.00237727211788, -0.0036122975871, -7.31250474928e-05, -0.00126280996483, 0.000399078417104, -0.00172626657877, 0.0115502197295, -0.00333741842769, 0.00165323738474, -0.00163738452829], [0.000629939953797, -0.00250170473009, 0.00114738091361, -0.00256465841085, 0.00218062940985, -0.00260092341341, 0.00106247339863, 0.00028198180371, -0.00214869203046, -0.00333741842769, 0.0161532964557, -0.00695492234081, 0.00261971517466], [-0.000950872607064, 0.00263276370242, -0.0022471616976, 0.00322850607336, -0.00174891436473, 0.00132957962342, -0.00345388520509, -0.000741057156119, -0.000602634507231, 0.00165323738474, -0.00695492234081, 0.0229876171798, -0.00823089946061], [0.000954781484324, -0.00254657305777, 0.00241920747794, -0.00240927189589, -0.000724283279851, -0.000882926629856, 0.00252502691001, -0.00518431747332, 0.00254110340029, -0.00163738452829, 0.00261971517466, -0.00823089946061, 0.0181990377605]]
    },
    "melbands": {
        "dmean": [0.00404678285122, 0.00205057277344, 0.00146113859955, 0.000907371402718, 0.000441525247879, 0.000209025165532, 0.000260522239842, 0.00025734337396, 0.000177889160113, 0.000114025286166, 8.17958425614e-05, 7.56789595471e-05, 5.4200856539e-05, 6.00399253017e-05, 4.77693938592e-05, 4.10360953538e-05, 3.10685281875e-05, 2.00844879146e-05, 2.27220989473e-05, 1.86748566193e-05, 1.57271188073e-05, 1.32219793159e-05, 8.27205622045e-06, 5.22813434145e-06, 1.1863096006e-05, 8.87374426384e-06, 5.30305851498e-06, 5.15951933266e-06, 4.83854137201e-06, 5.8036516748e-06, 5.89309047427e-06, 4.67029167339e-06, 5.32712374479e-06, 4.77540470456e-06, 3.79456469091e-06, 2.91260266749e-06, 3.01594013763e-06, 2.83092094833e-06, 2.33833770835e-06, 2.43592148763e-06],
        "dmean2": [0.00626022787765, 0.00321652297862, 0.00246577872895, 0.00149132229853, 0.000702962570358, 0.000339124235325, 0.000415267510107, 0.000399361975724, 0.000268526055152, 0.000170261686435, 0.000129127074615, 0.000114231450425, 8.18477274152e-05, 8.81499872776e-05, 7.43502023397e-05, 6.39950812911e-05, 4.6632005251e-05, 3.21129664371e-05, 3.58324614353e-05, 2.94477122225e-05, 2.6691104722e-05, 2.32689726545e-05, 1.46644033521e-05, 8.64871526574e-06, 2.12104187085e-05, 1.53407308972e-05, 8.95751782082e-06, 8.96312121768e-06, 8.06906064099e-06, 9.70870496531e-06, 9.65221624938e-06, 7.6750820881e-06, 8.55794041854e-06, 7.68794052419e-06, 5.92487913309e-06, 4.66977735414e-06, 4.83525673189e-06, 4.59649072582e-06, 3.806972245e-06, 3.94153948946e-06],
        "dvar": [3.4268519812e-05, 1.08578606159e-05, 8.44925943966e-06, 2.67861878456e-06, 4.26009080456e-07, 1.27985856579e-07, 1.67269647022e-07, 1.82841475294e-07, 1.0310301235e-07, 4.67177336816e-08, 1.28720092363e-08, 1.49970631469e-08, 9.05150265851e-09, 2.12399182686e-08, 1.04941655366e-08, 8.62505888932e-09, 5.81436454539e-09, 1.35692934666e-09, 2.60329113821e-09, 7.262630497e-10, 6.70908273381e-10, 5.96279636778e-10, 2.14363971018e-10, 4.84607458329e-11, 8.02009403333e-10, 2.66128841186e-10, 8.49283005033e-11, 8.13105346942e-11, 5.64593996555e-11, 8.07321015595e-11, 8.32081972768e-11, 5.65653184015e-11, 8.16067283194e-11, 8.75081326845e-11, 4.77014296119e-11, 2.32019924107e-11, 1.93533106208e-11, 2.04553006478e-11, 1.40545023536e-11, 1.2000119648e-11],
        "dvar2": [8.52707235026e-05, 2.40267381741e-05, 2.20492674998e-05, 6.89853277436e-06, 1.07281016426e-06, 3.33284873477e-07, 4.17489189886e-07, 4.26214540994e-07, 2.082302899e-07, 9.41069799865e-08, 2.87903301199e-08, 3.56720128991e-08, 2.05957526589e-08, 4.75471928496e-08, 2.48272922221e-08, 1.83752053573e-08, 1.18430261153e-08, 3.25362070619e-09, 6.2054041905e-09, 1.72087488703e-09, 1.71077152444e-09, 1.67110647542e-09, 6.04610750354e-10, 1.25656138272e-10, 2.32520447341e-09, 7.25702387072e-10, 2.2767995822e-10, 2.26773669287e-10, 1.55083848541e-10, 2.19794363265e-10, 2.12829226465e-10, 1.39869643645e-10, 1.99558369829e-10, 2.16360651617e-10, 1.08381303932e-10, 5.63197787018e-11, 4.54845293374e-11, 5.00556124328e-11, 3.39847386344e-11, 2.84440804244e-11],
        "max": [0.0644932240248, 0.0401815846562, 0.0209335833788, 0.0188568681479, 0.00805657915771, 0.0042450716719, 0.0043419552967, 0.00420905509964, 0.00396533450112, 0.00356741342694, 0.00235471734777, 0.00226621516049, 0.00127526547294, 0.00246353563853, 0.00145221140701, 0.0013900862541, 0.00146742130164, 0.000460673618363, 0.000869463430718, 0.000300932180835, 0.000386626372347, 0.000240408655372, 0.000125874736113, 5.93874538026e-05, 0.000239474902628, 0.000147426486365, 7.83100695116e-05, 7.07712315489e-05, 7.35976864235e-05, 6.99837110005e-05, 0.000104654936877, 7.06800929038e-05, 8.69139257702e-05, 9.83469653875e-05, 9.20485399547e-05, 4.7851823183e-05, 4.39088871644e-05, 5.22802947671e-05, 3.83231781598e-05, 4.13467096223e-05],
        "mean": [0.00676325475797, 0.00300919404253, 0.00167102937121, 0.00135255150963, 0.000787815486547, 0.000335201941198, 0.000482363335323, 0.000431645370554, 0.000285696645733, 0.000212008380913, 0.000139787225635, 0.000145082682138, 9.89754698821e-05, 0.000100982069853, 7.2449351137e-05, 6.04340384598e-05, 4.52408312412e-05, 3.02525659208e-05, 3.30906514137e-05, 2.78084771708e-05, 2.10969064938e-05, 1.47948330778e-05, 1.0596500033e-05, 8.4579551185e-06, 1.28992423925e-05, 1.1591956536e-05, 7.2022862696e-06, 6.59459237795e-06, 7.3452797551e-06, 8.44331134431e-06, 8.49296611705e-06, 6.57792907077e-06, 7.23365428712e-06, 6.4598825702e-06, 5.53185600438e-06, 3.97348549086e-06, 4.10791972172e-06, 3.90363265979e-06, 3.32786794388e-06, 3.44377349393e-06],
        "median": [0.00417030695826, 0.00158928742167, 0.000756183289923, 0.000871925847605, 0.000527551630512, 0.000215210093302, 0.000266617222223, 0.000245443574386, 0.000117247654998, 9.56946678343e-05, 8.10790443211e-05, 7.59807153372e-05, 4.74533590022e-05, 3.67615248251e-05, 2.58723703155e-05, 1.92963707377e-05, 1.60302788572e-05, 1.4853499124e-05, 1.62413343787e-05, 1.5242311747e-05, 1.12345733214e-05, 7.51856805437e-06, 6.67843596602e-06, 5.75890317123e-06, 6.74510874887e-06, 6.5459180405e-06, 4.25452299169e-06, 3.71128135157e-06, 5.01164504385e-06, 5.58279225515e-06, 4.81595770907e-06, 3.57313456334e-06, 2.92957179227e-06, 2.13109638025e-06, 1.70157295543e-06, 1.45699868881e-06, 1.80093798008e-06, 1.73688556515e-06, 1.54429665145e-06, 1.7794818632e-06],
        "min": [1.14431097949e-23, 1.20443953541e-23, 1.41599522745e-23, 1.50211564579e-23, 6.79475637723e-24, 3.29333729598e-24, 7.34237572903e-24, 1.66226987123e-23, 1.49239388177e-23, 1.3222962224e-23, 9.33216455534e-24, 1.88564041193e-23, 8.91539908392e-24, 7.02068219618e-24, 1.35816556998e-23, 4.58008618381e-24, 9.3309102665e-24, 6.37660408834e-24, 7.43534614215e-24, 9.43345271784e-24, 6.39566612325e-24, 1.324549998e-23, 2.29653849371e-23, 6.19751136361e-24, 1.50093645651e-23, 2.02685771579e-23, 8.48298813416e-24, 7.72637507389e-24, 7.45169370669e-24, 7.40703944629e-24, 5.24157957942e-24, 7.22948657804e-24, 8.3025259469e-24, 8.17746230557e-24, 1.34375671001e-23, 1.72145700054e-23, 7.97112548062e-24, 1.31167507805e-23, 1.0391780667e-23, 9.55278449584e-24],
        "stdev": [0.00749259674922, 0.00412372872233, 0.00278293015435, 0.00166982202791, 0.000846468959935, 0.00041114812484, 0.000561187393032, 0.000539159111213, 0.000455879140645, 0.00037157945917, 0.000172765576281, 0.000203824893106, 0.00014165644825, 0.000194613981876, 0.000140664138598, 0.000124119236716, 0.000104588827526, 4.75240158266e-05, 5.89837218286e-05, 3.55380143446e-05, 2.95675508823e-05, 2.16494881897e-05, 1.36856615427e-05, 8.60110139911e-06, 2.28532226174e-05, 1.66891641129e-05, 9.24430514715e-06, 8.92107436812e-06, 8.10991696198e-06, 9.71948338702e-06, 1.06777233668e-05, 8.58273688209e-06, 1.09184329631e-05, 1.12363850349e-05, 9.68504627963e-06, 6.27475401416e-06, 5.75607782594e-06, 5.61458955417e-06, 4.65500670543e-06, 4.32570914199e-06],
        "var": [5.61390079383e-05, 1.70051371242e-05, 7.74470026954e-06, 2.78830543721e-06, 7.16509703125e-07, 1.69042792209e-07, 3.14931298817e-07, 2.90692554472e-07, 2.07825792131e-07, 1.38071300171e-07, 2.98479463368e-08, 4.1544588214e-08, 2.00665493111e-08, 3.78745994567e-08, 1.97864018503e-08, 1.54055861401e-08, 1.09388222924e-08, 2.25853225011e-09, 3.47907924692e-09, 1.26295041092e-09, 8.74240069226e-10, 4.68700356304e-10, 1.87297344301e-10, 7.39789410287e-11, 5.22269782977e-10, 2.78528228259e-10, 8.54571760578e-11, 7.95855742419e-11, 6.57707568963e-11, 9.44683636872e-11, 1.14013784525e-10, 7.36633670728e-11, 1.19212181793e-10, 1.26256352595e-10, 9.38001135098e-11, 3.93725399506e-11, 3.31324308267e-11, 3.15236170501e-11, 2.16690866639e-11, 1.87117578376e-11]
    },
    "melbands128": {
