{
"lowlevel": {
    "average_loudness": 0.971460700035,
    "barkbands_crest": {
        "dmean": 3.18519234657,
        "dmean2": 4.77249670029,
        "dvar": 10.6547832489,
        "dvar2": 21.6234970093,
        "max": 26.1499862671,
        "mean": 13.4393281937,
        "median": 12.5921039581,
        "min": 3.16981697083,
        "stdev": 5.5209069252,
        "var": 30.4804115295
    },
    "barkbands_flatness_db": {
        "dmean": 0.040103521198,
        "dmean2": 0.0532242916524,
        "dvar": 0.00144479877781,
        "dvar2": 0.00262984959409,
        "max": 0.482898712158,
        "mean": 0.184614151716,
        "median": 0.180545151234,
        "min": 0.0254342518747,
        "stdev": 0.0730953142047,
        "var": 0.00534292496741
    },
    "barkbands_kurtosis": {
        "dmean": 10.4455890656,
        "dmean2": 14.7587175369,
        "dvar": 552.730651855,
        "dvar2": 1007.5065918,
        "max": 471.756530762,
        "mean": 14.6956691742,
        "median": 5.3689031601,
        "min": -1.92520070076,
        "stdev": 32.3019218445,
        "var": 1043.4140625
    },
    "barkbands_skewness": {
        "dmean": 1.05336904526,
        "dmean2": 1.44035410881,
        "dvar": 1.53012621403,
        "dvar2": 2.68194055557,
        "max": 16.2987918854,
        "mean": 2.42774629593,
        "median": 2.01973319054,
        "min": -3.66309261322,
        "stdev": 2.30317497253,
        "var": 5.30461454391
    },
    "barkbands_spread": {
        "dmean": 9.74828910828,
        "dmean2": 14.44871521,
        "dvar": 155.850875854,
        "dvar2": 337.125061035,
        "max": 106.198577881,
        "mean": 19.8819732666,
        "median": 13.5760850906,
        "min": 0.229220047593,
        "stdev": 18.1739730835,
        "var": 330.293304443
    },
    "dissonance": {
        "dmean": 0.0362354964018,
        "dmean2": 0.0581128038466,
        "dvar": 0.0011357627809,
        "dvar2": 0.00284259021282,
        "max": 0.499766111374,
        "mean": 0.423191636801,
        "median": 0.431817620993,
        "min": 0.197997435927,
        "stdev": 0.0538951456547,
        "var": 0.00290468684398
    },
    "dynamic_complexity": 2.69861197472,
    "erbbands_crest": {
        "dmean": 3.79533219337,
        "dmean2": 5.90050363541,
        "dvar": 12.6451644897,
        "dvar2": 30.394739151,
        "max": 31.386844635,
        "mean": 12.2750005722,
        "median": 10.9902906418,
        "min": 2.45692515373,
        "stdev": 5.94558143616,
        "var": 35.349937439
    },
    "erbbands_flatness_db": {
        "dmean": 0.0324358902872,
        "dmean2": 0.0453645735979,
        "dvar": 0.00106353883166,
        "dvar2": 0.00205738819204,
        "max": 0.364423602819,
        "mean": 0.171386092901,
        "median": 0.165516838431,
        "min": 0.0434270612895,
        "stdev": 0.0639090910554,
        "var": 0.00408437149599
    },
    "erbbands_kurtosis": {
        "dmean": 2.61231565475,
        "dmean2": 3.95244145393,
        "dvar": 10.0359582901,
        "dvar2": 21.8258018494,
        "max": 39.950252533,
        "mean": 3.28637337685,
        "median": 1.83948373795,
        "min": -1.86010658741,
        "stdev": 4.73718214035,
        "var": 22.4408950806
    },
    "erbbands_skewness": {
        "dmean": 0.637330949306,
        "dmean2": 0.950365722179,
        "dvar": 0.3755890131,
        "dvar2": 0.774610638618,
        "max": 4.97509717941,
        "mean": 0.91668432951,
        "median": 0.99968868494,
        "min": -3.26502227783,
        "stdev": 1.21386265755,
        "var": 1.47346258163
    },
    "erbbands_spread": {
        "dmean": 15.6842260361,
        "dmean2": 23.9546127319,
        "dvar": 319.775756836,
        "dvar2": 749.505371094,
        "max": 146.057739258,
        "mean": 37.7769737244,
        "median": 30.0439434052,
        "min": 3.49755048752,
        "stdev": 26.3052120209,
        "var": 691.964172363
    },
    "hfc": {
        "dmean": 18.6832008362,
        "dmean2": 28.5691013336,
        "dvar": 916.965820312,
        "dvar2": 2259.49145508,
        "max": 276.628326416,
        "mean": 30.7207794189,
        "median": 22.3080844879,
        "min": 0.00134034606162,
        "stdev": 33.2940483093,
        "var": 1108.49377441
    },
    "loudness_ebu128": {
        "integrated": -8.26348400116,
        "loudness_range": 1.35189247131,
        "momentary": {
            "dmean": 0.67252600193,
            "dmean2": 0.963301002979,
            "dvar": 0.297560632229,
            "dvar2": 0.561265528202,
            "max": -5.84685993195,
            "mean": -8.42351722717,
            "median": -8.2107219696,
            "min": -14.2330188751,
            "stdev": 1.23041987419,
            "var": 1.51393318176
        },
        "short_term": {
            "dmean": 0.0882963389158,
            "dmean2": 0.12165697664,
            "dvar": 0.00311312172562,
            "dvar2": 0.00723405461758,
            "max": -7.31886100769,
            "mean": -8.30201053619,
            "median": -8.27698898315,
            "min": -9.22221183777,
            "stdev": 0.404451161623,
            "var": 0.163580730557
        }
    },
    "melbands_crest": {
        "dmean": 4.19286108017,
        "dmean2": 6.08344507217,
        "dvar": 16.9594459534,
        "dvar2": 30.7476787567,
        "max": 37.0294570923,
        "mean": 19.2305259705,
        "median": 17.8168563843,
        "min": 2.94441604614,
        "stdev": 8.00718784332,
        "var": 64.1150588989
    },
    "melbands_flatness_db": {
        "dmean": 0.0462468974292,
        "dmean2": 0.0596857108176,
        "dvar": 0.00197655544616,
        "dvar2": 0.00341197964735,
        "max": 0.602270841599,
        "mean": 0.257269114256,
        "median": 0.255330860615,
        "min": 0.0268659163266,
        "stdev": 0.0964490920305,
        "var": 0.0093024270609
    },
    "melbands_kurtosis": {
        "dmean": 19.5655117035,
        "dmean2": 27.9429798126,
        "dvar": 1399.42370605,
        "dvar2": 2842.59619141,
        "max": 516.061645508,
        "mean": 31.152349472,
        "median": 12.376077652,
        "min": -1.86001062393,
        "stdev": 55.0884857178,
        "var": 3034.74121094
    },
    "melbands_skewness": {
        "dmean": 1.31328225136,
        "dmean2": 1.79670667648,
        "dvar": 2.22370696068,
        "dvar2": 3.87430477142,
        "max": 17.3219242096,
        "mean": 3.4752664566,
        "median": 2.79748988152,
        "min": -1.58088195324,
        "stdev": 2.89029288292,
        "var": 8.35379314423
    },
    "melbands_spread": {
        "dmean": 10.0394716263,
        "dmean2": 14.9209661484,
        "dvar": 384.329864502,
        "dvar2": 776.977661133,
        "max": 230.804321289,
        "mean": 21.0392894745,
        "median": 12.3042726517,
        "min": 0.298015445471,
        "stdev": 30.941368103,
        "var": 957.368225098
    },
    "pitch_salience": {
        "dmean": 0.0922100991011,
        "dmean2": 0.136474877596,
        "dvar": 0.00912774261087,
        "dvar2": 0.0191238969564,
        "max": 0.84117513895,
        "mean": 0.476872771978,
        "median": 0.480859220028,
        "min": 0.0548561476171,
        "stdev": 0.169578164816,
        "var": 0.0287567544729
    },
    "silence_rate_20dB": {
        "dmean": 0,
        "dmean2": 0,
        "dvar": 0,
        "dvar2": 0,
        "max": 1,
        "mean": 1,
        "median": 1,
        "min": 1,
        "stdev": 0,
        "var": 0
    },
    "silence_rate_30dB": {
        "dmean": 0.0758513957262,
        "dmean2": 0.151820287108,
        "dvar": 0.070097245276,
        "dvar2": 0.128771528602,
        "max": 1,
        "mean": 0.853828310966,
        "median": 1,
        "min": 0,
        "stdev": 0.35327899456,
        "var": 0.124806046486
    },
    "silence_rate_60dB": {
        "dmean": 0.0379256978631,
        "dmean2": 0.075135551393,
        "dvar": 0.0364871732891,
        "dvar2": 0.0803348273039,
        "max": 1,
        "mean": 0.0518174804747,
        "median": 0,
        "min": 0,
        "stdev": 0.221659094095,
        "var": 0.0491327531636
    },
    "spectral_centroid": {
        "dmean": 336.735809326,
        "dmean2": 502.415466309,
        "dvar": 242638.8125,
        "dvar2": 475911.375,
        "max": 5689.98388672,
        "mean": 1118.76733398,
        "median": 833.823913574,
        "min": 161.97946167,
        "stdev": 860.896484375,
        "var": 741142.75
    },
    "spectral_complexity": {
        "dmean": 4.40325069427,
        "dmean2": 6.63051891327,
        "dvar": 38.9572525024,
        "dvar2": 86.6078643799,
        "max": 53,
        "mean": 12.6937351227,
        "median": 11,
        "min": 0,
        "stdev": 7.69702959061,
        "var": 59.24426651
    },
    "spectral_decrease": {
        "dmean": 4.94718532806e-09,
        "dmean2": 7.27667126554e-09,
        "dvar": 6.68361934943e-17,
        "dvar2": 1.5155743473e-16,
        "max": -1.87610262612e-13,
        "mean": -1.2505246616e-08,
        "median": -9.31488486344e-09,
        "min": -6.64156232233e-08,
        "stdev": 1.19185168401e-08,
        "var": 1.42051051614e-16
    },
    "spectral_energy": {
        "dmean": 0.0198243781924,
        "dmean2": 0.0291904527694,
        "dvar": 0.000994581379928,
        "dvar2": 0.00227867905051,
        "max": 0.254039645195,
        "mean": 0.0499841161072,
        "median": 0.038131069392,
        "min": 8.2965806314e-07,
        "stdev": 0.0456767901778,
        "var": 0.00208636908792
    },
    "spectral_energyband_high": {
        "dmean": 0.00147858110722,
        "dmean2": 0.0023177054245,
        "dvar": 7.42529346098e-06,
        "dvar2": 1.76560897671e-05,
        "max": 0.0253668185323,
        "mean": 0.00174599827733,
        "median": 0.000491246930324,
        "min": 1.07876431343e-07,
        "stdev": 0.00317576504312,
        "var": 1.00854840639e-05
    },
    "spectral_energyband_low": {
        "dmean": 0.0125858997926,
        "dmean2": 0.0183125864714,
        "dvar": 0.000840592198074,
        "dvar2": 0.0017809565179,
        "max": 0.223305538297,
        "mean": 0.0275714956224,
        "median": 0.00697999121621,
        "min": 2.6226192773e-08,
        "stdev": 0.0427088476717,
        "var": 0.0018240455538
    },
    "spectral_energyband_middle_high": {
        "dmean": 0.00249373959377,
        "dmean2": 0.00357072753832,
        "dvar": 1.59764240379e-05,
        "dvar2": 3.435538747e-05,
        "max": 0.0516995862126,
        "mean": 0.00480541912839,
        "median": 0.00230961176567,
        "min": 2.02772696412e-07,
        "stdev": 0.00650583859533,
        "var": 4.23259371019e-05
    },
    "spectral_energyband_middle_low": {
        "dmean": 0.00901960209012,
        "dmean2": 0.0142538938671,
        "dvar": 0.000184329386684,
        "dvar2": 0.000479047157569,
        "max": 0.0992800891399,
        "mean": 0.0170528106391,
        "median": 0.0119218043983,
        "min": 1.93636239487e-07,
        "stdev": 0.0162544436753,
        "var": 0.000264206930296
    },
    "spectral_entropy": {
        "dmean": 0.370160073042,
        "dmean2": 0.529232740402,
        "dvar": 0.138713940978,
        "dvar2": 0.274285972118,
        "max": 8.97085571289,
        "mean": 7.33549928665,
        "median": 7.30419206619,
        "min": 5.11783266068,
        "stdev": 0.691770732403,
        "var": 0.478546768427
    },
    "spectral_flux": {
        "dmean": 0.0541445203125,
        "dmean2": 0.0846494585276,
        "dvar": 0.00512290047482,
        "dvar2": 0.00887131597847,
        "max": 0.479464620352,
        "mean": 0.110843092203,
        "median": 0.0851375982165,
        "min": 0.000910855655093,
        "stdev": 0.0887594744563,
        "var": 0.00787824485451
    },
    "spectral_kurtosis": {
        "dmean": 2.30001711845,
        "dmean2": 3.45845627785,
        "dvar": 10.0810184479,
        "dvar2": 22.8535633087,
        "max": 39.283996582,
        "mean": 4.99887180328,
        "median": 3.77381324768,
        "min": -0.969438076019,
        "stdev": 4.65528249741,
        "var": 21.6716537476
    },
    "spectral_rms": {
        "dmean": 0.00136810145341,
        "dmean2": 0.00188301759772,
        "dvar": 3.1296135603e-06,
        "dvar2": 6.22767629466e-06,
        "max": 0.0157430488616,
        "mean": 0.00624787947163,
        "median": 0.00609926600009,
        "min": 2.84503512376e-05,
        "stdev": 0.00311913806945,
        "var": 9.72902216745e-06
    },
    "spectral_rolloff": {
        "dmean": 923.829162598,
        "dmean2": 1569.25537109,
        "dvar": 4218051.5,
        "dvar2": 9571809,
        "max": 13587.4511719,
        "mean": 1711.11547852,
        "median": 689.0625,
        "min": 64.599609375,
        "stdev": 2736.87255859,
        "var": 7490472
    },
    "spectral_skewness": {
        "dmean": 0.388755172491,
        "dmean2": 0.567016720772,
        "dvar": 0.169072464108,
        "dvar2": 0.366463154554,
        "max": 4.8046336174,
        "mean": 1.86836218834,
        "median": 1.82607805729,
        "min": 0.0470564477146,
        "stdev": 0.749062538147,
        "var": 0.56109470129
    },
    "spectral_spread": {
        "dmean": 1316483.625,
        "dmean2": 1921255.25,
        "dvar": 2.1541331927e+12,
        "dvar2": 4.13476480614e+12,
        "max": 18871134,
        "mean": 6733592.5,
        "median": 6245908.5,
        "min": 1697892.125,
        "stdev": 2542148,
        "var": 6.46251701862e+12
    },
    "spectral_strongpeak": {
        "dmean": 0.632402479649,
        "dmean2": 1.01431584358,
        "dvar": 0.942553937435,
        "dvar2": 1.98954510689,
        "max": 9.45205593109,
        "mean": 1.29465830326,
        "median": 0.70193618536,
        "min": 0,
        "stdev": 1.46775364876,
        "var": 2.1543006897
    },
    "zerocrossingrate": {
        "dmean": 0.0218573883176,
        "dmean2": 0.0245173163712,
        "dvar": 0.000751648738515,
        "dvar2": 0.000815216568299,
        "max": 0.412109375,
        "mean": 0.0707158148289,
        "median": 0.0498046875,
        "min": 0.001953125,
        "stdev": 0.0669200047851,
        "var": 0.00447828695178
    },
    "barkbands": {
        "dmean": [0.0010481266072, 0.00934931822121, 0.00486476812512, 0.00202703336254, 0.00276430812664, 0.00145563518163, 0.00157817767467, 0.00294214324094, 0.0010017977329, 0.000941477308515, 0.000605043547694, 0.000592843105551, 0.000506721844431, 0.000288570212433, 0.000375966803404, 0.000149324288941, 0.000105007871753, 0.000110373250209, 0.000116334333143, 0.000181673429324, 0.000135154710733, 0.000210662241443, 0.000266410061158, 0.000263459602138, 0.00027923102607, 0.000346055603586, 2.58095842582e-05],
        "dmean2": [0.00125058915, 0.0115123335272, 0.00934165157378, 0.00371654424816, 0.00468222238123, 0.00236333161592, 0.0024428665638, 0.00421062903479, 0.00160073291045, 0.00136131350882, 0.000884437817149, 0.000881811894942, 0.000839383341372, 0.000438262330135, 0.000567098031752, 0.000242427951889, 0.000165643548826, 0.000176702436875, 0.000199022106244, 0.000291852746159, 0.000217058099224, 0.000320750725223, 0.000415418879129, 0.000429709907621, 0.000446700578323, 0.000567889946979, 4.31542903243e-05],
        "dvar": [3.25470864482e-06, 0.000400781165808, 0.000315948214848, 4.84824558953e-05, 2.91278574878e-05, 9.04321859707e-06, 1.37182687467e-05, 3.35871081916e-05, 7.10691665518e-06, 5.65528443985e-06, 2.43648196374e-06, 2.60025649368e-06, 2.67090945272e-06, 6.50348511044e-07, 1.06087054519e-06, 2.64633570168e-07, 5.31282893235e-08, 6.44150617291e-08, 8.98752219314e-08, 1.75335728159e-07, 8.62140865365e-08, 1.83068806336e-07, 2.53575109355e-07, 2.52301589398e-07, 3.07302286728e-07, 6.46328430776e-07, 4.26789847907e-09],
        "dvar2": [4.63424294139e-06, 0.000585873727687, 0.000913530064281, 0.000138743896969, 7.97804677859e-05, 1.98596098926e-05, 2.81996799458e-05, 6.84094338794e-05, 1.7059423044e-05, 1.26774039018e-05, 5.29144608663e-06, 5.26570920556e-06, 6.23263713351e-06, 1.33912897127e-06, 2.1287112304e-06, 6.94671939527e-07, 1.28896189722e-07, 1.53915863166e-07, 2.44298803409e-07, 4.25854466357e-07, 2.06651236567e-07, 3.65090386367e-07, 5.46794126421e-07, 6.31365821846e-07, 7.57397458528e-07, 1.62954665939e-06, 1.0726437516e-08],
        "max": [0.0183181762695, 0.173925802112, 0.139692991972, 0.0539621114731, 0.0367974899709, 0.0398594290018, 0.0484981574118, 0.0658396631479, 0.0441486686468, 0.0330217890441, 0.0227207746357, 0.0263776816428, 0.0272474549711, 0.0131293516606, 0.020161120221, 0.0104908179492, 0.00228954991326, 0.00533478474244, 0.00264259730466, 0.00603701872751, 0.00396272167563, 0.00591648742557, 0.00633131526411, 0.00522400438786, 0.00575237814337, 0.00830356217921, 0.00086611387087],
        "mean": [0.00240294937976, 0.0210973527282, 0.00316326715983, 0.00157665263396, 0.00318145449273, 0.00197164621204, 0.00281621748582, 0.00574444001541, 0.00112580298446, 0.00145032268483, 0.000737276102882, 0.000859386404045, 0.000586448353715, 0.000344558240613, 0.000570330535993, 0.000168596161529, 0.000110646607936, 0.000116328192235, 9.68059903244e-05, 0.000210211059311, 0.000157811766258, 0.000268684758339, 0.000307278649416, 0.000277396728052, 0.000294387136819, 0.000326449953718, 2.13917392102e-05],
        "median": [0.000289828923997, 0.00348121440038, 7.63399948482e-05, 0.000109496497316, 0.001157756662, 0.000699714175425, 0.000716968905181, 0.000789793033618, 0.000266935210675, 0.000296422862448, 0.000104974053102, 0.000124889920698, 9.34037889238e-05, 6.08415502938e-05, 0.000117664509162, 4.05515929742e-05, 2.6205294489e-05, 2.53673570114e-05, 1.78498266905e-05, 4.08315463574e-05, 3.01050440612e-05, 6.75199407851e-05, 6.22741499683e-05, 6.94724149071e-05, 7.76079978095e-05, 6.47060951451e-05, 2.39493101617e-06],
        "min": [2.08329825613e-10, 3.64048591273e-09, 3.11910275386e-09, 8.38576585949e-09, 2.79642335954e-08, 2.06704751093e-08, 2.74894116359e-08, 3.33863212632e-08, 5.02944210723e-08, 1.33040689576e-08, 4.53738984163e-08, 7.16168235826e-09, 1.23649324113e-09, 1.40660532111e-08, 6.4776585873e-08, 2.80893264204e-09, 1.63348321536e-08, 1.23729728685e-08, 1.36943274498e-08, 2.2604288219e-08, 8.99016239231e-09, 2.445790237e-08, 1.8600509577e-08, 1.55924961831e-08, 5.34418909126e-09, 2.57391308267e-09, 1.40811602829e-12],
        "stdev": [0.00338972685859, 0.0344344116747, 0.0132578592747, 0.00534394057468, 0.00521858595312, 0.00379360001534, 0.00615992629901, 0.0102786300704, 0.00296864868142, 0.00327301421203, 0.00197691796347, 0.00255520362407, 0.00201318808831, 0.00107349362224, 0.00141337048262, 0.000492620456498, 0.000234290011576, 0.000273815880064, 0.00025477152667, 0.000505154312123, 0.000366103573469, 0.00060306082014, 0.000658209843095, 0.000533898069989, 0.000577007478569, 0.00076568237273, 6.0055153881e-05],
        "var": [1.14902477435e-05, 0.00118572858628, 0.000175770837814, 2.85576988972e-05, 2.72336383205e-05, 1.43914003274e-05, 3.79446901206e-05, 0.000105650244222, 8.81287451193e-06, 1.0712621588e-05, 3.9082042349e-06, 6.52906601317e-06, 4.05292621508e-06, 1.15238856324e-06, 1.99761598196e-06, 2.42674900619e-07, 5.48918102083e-08, 7.49751336571e-08, 6.49085265536e-08, 2.55180879094e-07, 1.34031822085e-07, 3.6368234646e-07, 4.33240160191e-07, 2.8504717875e-07, 3.32937645453e-07, 5.86269493397e-07, 3.60662166798e-09]
    },
    "erbbands": {
        "dmean": [0.462755978107, 1.88651812077, 5.11607217789, 7.07888555527, 6.0343375206, 11.1282052994, 13.4762210846, 11.2326498032, 15.7448892593, 40.9825897217, 57.6707382202, 21.6575965881, 30.4661598206, 27.0573730469, 21.7572879791, 26.499464035, 20.3411655426, 15.9543857574, 16.9871196747, 12.0950450897, 6.49004745483, 5.83036708832, 6.10443162918, 5.03093671799, 7.45770454407, 8.16756820679, 6.13010931015, 5.12871074677, 7.82767772675, 7.44398498535, 8.19162940979, 5.92061853409, 3.96870040894, 2.76701998711, 2.31391167641, 1.59716963768, 0.638667881489, 0.100621238351, 0.00302658462897, 9.30361929932e-05],
        "dmean2": [0.525665581226, 2.51347208023, 9.60238456726, 13.1566038132, 10.7739677429, 18.8158588409, 22.3004550934, 17.6839046478, 24.7392902374, 58.0936851501, 85.437538147, 32.2168998718, 44.7783889771, 38.5939483643, 32.1300239563, 38.533290863, 33.0312004089, 23.3885746002, 25.1805763245, 18.9590263367, 10.2252035141, 9.27988052368, 9.7298116684, 8.37787342072, 12.260140419, 13.1423664093, 9.95230197906, 8.13047409058, 12.1337118149, 11.0112447739, 12.8731184006, 9.74548816681, 6.39616298676, 4.50215435028, 3.73090672493, 2.6300008297, 1.05472242832, 0.166325479746, 0.0049949218519, 0.000148655235535],
        "dvar": [0.843710899353, 18.1704349518, 322.848480225, 562.132141113, 278.22088623, 520.942932129, 676.354187012, 816.360473633, 1165.43444824, 5854.17822266, 18007.8847656, 2708.7578125, 7114.30029297, 9364.62011719, 3979.23730469, 5447.95019531, 4082.88964844, 2051.46484375, 2054.24609375, 1211.55065918, 271.138183594, 172.054672241, 246.737670898, 149.121582031, 301.298431396, 380.977172852, 206.525421143, 128.311828613, 290.647613525, 215.335388184, 254.881118774, 146.378845215, 50.4368095398, 31.2395420074, 21.7804927826, 12.7875766754, 2.38691043854, 0.0636783838272, 6.08262234891e-05, 3.80734270777e-08],
        "dvar2": [0.923454463482, 38.9565658569, 924.54888916, 1606.15161133, 784.419311523, 1410.59118652, 1788.04284668, 1643.9309082, 2608.90966797, 10329.0449219, 38989.4609375, 5530.96289062, 16730.6894531, 22015.1191406, 7838.90771484, 11277.0693359, 9617.78125, 3866.22314453, 3954.73242188, 3009.07373047, 687.494812012, 424.013305664, 590.307922363, 393.976593018, 795.056396484, 940.338989258, 492.031036377, 314.271697998, 616.473632812, 424.079345703, 589.920959473, 367.747039795, 120.478843689, 76.1011199951, 55.1871986389, 31.9754219055, 6.03899383545, 0.161513492465, 0.000152619104483, 9.59316110993e-08],
        "max": [8.64037704468, 37.029499054, 138.210922241, 166.902450562, 132.762283325, 183.563552856, 370.542114258, 392.713409424, 535.945007324, 1045.11083984, 1798.21691895, 924.568237305, 1352.39782715, 2067.06982422, 1262.46105957, 1276.28527832, 1266.58947754, 1046.9675293, 1089.72241211, 554.326660156, 253.170532227, 134.529052734, 378.324188232, 107.421882629, 165.994293213, 276.926635742, 214.617874146, 133.999298096, 255.115768433, 227.548355103, 175.247909546, 106.569023132, 79.1523132324, 60.9897537231, 45.0479736328, 39.5904655457, 16.214881897, 2.93337869644, 0.104072108865, 0.00231600669213],
        "mean": [0.982726693153, 3.21365499496, 3.78756451607, 5.17042398453, 5.51703453064, 12.5839099884, 17.9380664825, 14.7505722046, 28.631401062, 92.327003479, 95.611038208, 30.1618480682, 39.5017929077, 41.6107788086, 30.4500217438, 40.0436134338, 25.7045783997, 24.7100391388, 26.4764118195, 17.2579784393, 7.62550973892, 5.97903394699, 6.67931127548, 4.62629890442, 7.04280471802, 9.60566616058, 7.25542736053, 5.76101112366, 9.35034751892, 10.0856847763, 8.82302856445, 5.88571405411, 4.50509786606, 2.99246954918, 2.29117321968, 1.54134166241, 0.592839062214, 0.0894049629569, 0.00263281818479, 0.000127586987219],
        "median": [0.131373047829, 0.425477266312, 0.221144527197, 0.366487592459, 1.26496899128, 3.98117399216, 6.79468917847, 5.22837686539, 9.36266040802, 17.6675643921, 20.6180973053, 9.72635555267, 9.29418182373, 8.893034935, 4.99130630493, 6.08381557465, 4.67659235001, 4.58543300629, 7.10423660278, 4.16108131409, 2.17960095406, 1.49330568314, 1.63887310028, 1.01985490322, 1.39106309414, 1.91967868805, 1.29581260681, 1.11222112179, 1.95123851299, 3.03684210777, 1.56843101978, 1.03567767143, 1.37221491337, 0.779812037945, 0.579215109348, 0.341034799814, 0.102047018707, 0.0140417525545, 0.000402625126299, 7.25518184481e-05],
        "min": [1.71573248053e-07, 9.74480258265e-07, 1.21770508485e-05, 5.95296551182e-05, 0.000100667639344, 8.75842088135e-05, 0.000103530634078, 0.000194786014617, 0.000344255415257, 0.000513440172654, 0.000885964138433, 0.00118956191, 0.000417154777097, 0.00120744039305, 0.00145661632996, 0.000216774904402, 7.57180969231e-05, 0.000533566344529, 0.00282407039776, 0.00160997849889, 0.000422500248533, 0.000859120744281, 0.000720310141332, 0.000436998496298, 0.00113434426021, 0.000974929134827, 0.000576345424633, 0.000383414444514, 0.000842229113914, 0.000597524223849, 0.000616979086772, 0.00027499065618, 0.000266569433734, 9.19565718505e-05, 3.27229136019e-05, 1.95733282453e-05, 2.28281010095e-06, 2.83482847863e-07, 1.0526802896e-07, 6.24687102047e-09],
        "stdev": [1.6547293663, 5.74795341492, 13.6702842712, 18.2224121094, 13.5935678482, 22.691778183, 32.4440803528, 32.6651954651, 57.5491714478, 167.906814575, 186.89956665, 66.9651260376, 107.414222717, 111.326950073, 87.076675415, 118.22052002, 79.3896026611, 81.8606414795, 64.752204895, 39.4629898071, 16.4484043121, 13.0491952896, 16.6693706512, 10.9860954285, 16.2018280029, 23.686706543, 18.1822795868, 13.2765617371, 22.4329185486, 21.9022331238, 19.1369342804, 12.4802179337, 8.14060878754, 6.01803350449, 4.63203001022, 3.46535038948, 1.45617032051, 0.231528505683, 0.00717216683552, 0.000188028119737],
        "var": [2.73812937737, 33.0389709473, 186.876663208, 332.056274414, 184.785095215, 514.916809082, 1052.6184082, 1067.01489258, 3311.90722656, 28192.6992188, 34931.4453125, 4484.328125, 11537.8144531, 12393.6904297, 7582.34716797, 13976.0908203, 6302.70849609, 6701.1640625, 4192.84765625, 1557.32763672, 270.549987793, 170.281509399, 277.867889404, 120.694282532, 262.499237061, 561.060058594, 330.595275879, 176.267089844, 503.235839844, 479.707855225, 366.222290039, 155.755844116, 66.2695083618, 36.2167243958, 21.4557037354, 12.0086526871, 2.12043213844, 0.0536054521799, 5.14399798703e-05, 3.53545743792e-08]
    },
    "gfcc": {
        "mean": [-5.42468738556, 58.5472145081, -89.1692352295, -1.54472208023, -76.2119827271, 14.616437912, -43.9736785889, 9.56396389008, -21.5832710266, 15.6944360733, -17.8135738373, 6.07314968109, -11.6200141907],
        "cov": [[6002.30712891, -860.692077637, 975.546508789, 738.872802734, 412.071289062, 685.716491699, 176.933914185, 492.574829102, 20.0449314117, 105.051376343, -206.887695312, 77.5651092529, -391.279205322], [-860.692077637, 2522.99487305, 396.737548828, 103.31477356, 798.081237793, 404.530853271, 598.179199219, 244.504989624, 392.228912354, 88.2055511475, 288.894195557, -56.3225975037, 155.484893799], [975.546508789, 396.737548828, 1587.06152344, 831.292785645, 601.12902832, 587.560424805, 408.449157715, 330.746551514, 217.395904541, 141.18447876, 55.7411422729, 109.396865845, -22.06772995], [738.872802734, 103.31477356, 831.292785645, 1196.11169434, 574.110351562, 344.123291016, 295.507507324, 230.538818359, 252.171920776, 123.973403931, 35.0211105347, 20.9581832886, 60.8613700867], [412.071289062, 798.081237793, 601.12902832, 574.110351562, 827.905761719, 462.215881348, 386.119232178, 337.082733154, 311.780059814, 129.727874756, 104.044082642, 13.1372766495, 39.5841140747], [685.716491699, 404.530853271, 587.560424805, 344.123291016, 462.215881348, 588.933288574, 362.020446777, 282.050354004, 181.27772522, 120.494972229, 109.261184692, 46.8728485107, -21.7422771454], [176.933914185, 598.179199219, 408.449157715, 295.507507324, 386.119232178, 362.020446777, 505.631866455, 248.580764771, 139.034194946, 86.294128418, 174.405654907, 44.9436454773, 41.4179992676], [492.574829102, 244.504989624, 330.746551514, 230.538818359, 337.082733154, 282.050354004, 248.580764771, 341.829711914, 193.051757812, 107.043190002, 90.8375244141, 42.2436523438, 6.57203197479], [20.0449314117, 392.228912354, 217.395904541, 252.171920776, 311.780059814, 181.27772522, 139.034194946, 193.051757812, 492.617004395, 206.708282471, 13.9703130722, -14.2149162292, 69.9638366699], [105.051376343, 88.2055511475, 141.18447876, 123.973403931, 129.727874756, 120.494972229, 86.294128418, 107.043190002, 206.708282471, 221.761703491, 43.3502159119, 4.04208612442, 46.5771598816], [-206.887695312, 288.894195557, 55.7411422729, 35.0211105347, 104.044082642, 109.261184692, 174.405654907, 90.8375244141, 13.9703130722, 43.3502159119, 212.806472778, 66.392906189, 55.1406173706], [77.5651092529, -56.3225975037, 109.396865845, 20.9581832886, 13.1372766495, 46.8728485107, 44.9436454773, 42.2436523438, -14.2149162292, 4.04208612442, 66.392906189, 147.680007935, 37.2343521118], [-391.279205322, 155.484893799, -22.06772995, 60.8613700867, 39.5841140747, -21.7422771454, 41.4179992676, 6.57203197479, 69.9638366699, 46.5771598816, 55.1406173706, 37.2343521118, 161.902816772]],
        "icov": [[0.000311256299028, 1.36901617225e-05, 5.31655896339e-05, -0.0001910962892, 9.37432341743e-05, -0.00028488994576, 8.2281716459e-05, -0.000467132747872, 0.000243336791755, -0.000237451982684, 0.000510094396304, -0.000335982564138, 0.000621598388534], [1.36901617225e-05, 0.00122000265401, -0.000363856379408, 0.000850544311106, -0.00129551754799, 0.000304036017042, -0.000898588798009, 0.000952152244281, -0.000875347701367, 0.000929042114876, -0.0012134751305, 0.00124442193191, -0.000720991112757], [5.31655896339e-05, -0.000363856379408, 0.00158709252719, -0.000986053375527, 0.000323208718328, -0.000952122209128, -5.77101855015e-06, -0.000439575320343, 0.000481382157886, -0.000610693939961, 0.00115948158782, -0.00145771715324, 0.000785367505159], [-0.0001910962892, 0.000850544311106, -0.000986053375527, 0.00237131258473, -0.00175006478094, 0.000692600908224, -0.000816068495624, 0.00111643620767, -0.0008288922254, 0.000716188165825, -0.000917217868846, 0.00136711390223, -0.0014699997846], [9.37432341743e-05, -0.00129551754799, 0.000323208718328, -0.00175006478094, 0.00492238998413, -0.00168764835689, 0.000505313568283, -0.00240807700902, 6.74117472954e-06, -7.80703121563e-05, 0.00119763426483, -0.000550482189283, 0.000449253013358], [-0.00028488994576, 0.000304036017042, -0.000952122209128, 0.000692600908224, -0.00168764835689, 0.00536057958379, -0.00195825099945, -0.000100661818578, -0.000329459406203, -0.000571082928218, -0.000966174236964, 0.000145178652019, 0.000869254756253], [8.2281716459e-05, -0.000898588798009, -5.77101855015e-06, -0.000816068495624, 0.000505313568283, -0.00195825099945, 0.00596214691177, -0.00206120149232, 0.000783698284067, -0.000124664307805, -0.00180335913319, 1.38193508974e-05, -0.000152076303493], [-0.000467132747872, 0.000952152244281, -0.000439575320343, 0.00111643620767, -0.00240807700902, -0.000100661818578, -0.00206120149232, 0.00837345328182, -0.00233378564008, 0.000381463003578, -0.00241661630571, 0.000122057419503, -6.65680054226e-05], [0.000243336791755, -0.000875347701367, 0.000481382157886, -0.0008288922254, 6.74117472954e-06, -0.000329459406203, 0.000783698284067, -0.00233378564008, 0.00540805933997, -0.00411838805303, 0.0027237215545, -0.000691612483934, -0.000266497838311], [-0.000237451982684, 0.000929042114876, -0.000610693939961, 0.000716188165825, -7.80703121563e-05, -0.000571082928218, -0.000124664307805, 0.000381463003578, -0.00411838805303, 0.00930250156671, -0.00289220642298, 0.00216833828017, -0.00226988806389], [0.000510094396304, -0.0012134751305, 0.00115948158782, -0.000917217868846, 0.00119763426483, -0.000966174236964, -0.00180335913319, -0.00241661630571, 0.0027237215545, -0.00289220642298, 0.0109514640644, -0.00460708606988, 2.25829826377e-05], [-0.000335982564138, 0.00124442193191, -0.00145771715324, 0.00136711390223, -0.000550482189283, 0.000145178652019, 1.38193508974e-05, 0.000122057419503, -0.000691612483934, 0.00216833828017, -0.00460708606988, 0.0112022245303, -0.00390622974373], [0.000621598388534, -0.000720991112757, 0.000785367505159, -0.0014699997846, 0.000449253013358, 0.000869254756253, -0.000152076303493, -6.65680054226e-05, -0.000266497838311, -0.00226988806389, 2.25829826377e-05, -0.00390622974373, 0.0107381856069]]
    },
    "melbands": {
        "dmean": [0.0031379845459, 0.00242622639053, 0.00115906982683, 0.00058241840452, 0.000478995527374, 0.000250663579209, 0.000276281702099, 0.000493483617902, 0.000435701833339, 0.000131662309286, 0.000151651576743, 0.000109096232336, 7.11814936949e-05, 7.14426132618e-05, 6.28665147815e-05, 4.10947213823e-05, 2.94149849651e-05, 2.41376255872e-05, 2.83101362584e-05, 1.22599303722e-05, 7.31195405024e-06, 6.49806906949e-06, 5.72044564251e-06, 5.14365819981e-06, 4.03151398132e-06, 4.57825672129e-06, 7.14487896403e-06, 5.22606796949e-06, 3.9746710172e-06, 3.2680491131e-06, 2.98054101222e-06, 4.6460950216e-06, 4.47289630756e-06, 4.15881913796e-06, 4.76331069876e-06, 4.54676046502e-06, 3.31784053742e-06, 2.78612492366e-06, 2.592670171e-06, 2.32990805671e-06],
        "dmean2": [0.00373309943825, 0.00406895950437, 0.00213276711293, 0.00100099155679, 0.000798561435658, 0.000396950810682, 0.000428409111919, 0.000697512819897, 0.000648376648314, 0.000203001458431, 0.00022401039314, 0.000155604429892, 0.000103702186607, 0.000106436433271, 9.80002296274e-05, 6.63480823277e-05, 4.33284803876e-05, 3.6722751247e-05, 4.35482397734e-05, 1.97399640456e-05, 1.17292947834e-05, 1.04052687675e-05, 9.22544222703e-06, 8.08563345345e-06, 6.81978372086e-06, 7.91744423623e-06, 1.15567927423e-05, 8.48265426612e-06, 6.54004861644e-06, 5.20288404005e-06, 4.76385685033e-06, 7.4564204624e-06, 6.74040211379e-06, 6.38231949779e-06, 7.42746487958e-06, 7.56310055294e-06, 5.46712271898e-06, 4.51407777291e-06, 4.20197238782e-06, 3.80034430236e-06],
        "dvar": [4.1914438043e-05, 5.26027179149e-05, 1.43777187986e-05, 1.55848090344e-06, 7.37403524909e-07, 3.30782427227e-07, 3.88345426927e-07, 8.36039248497e-07, 1.11287204163e-06, 1.18572891949e-07, 1.74307700718e-07, 1.54206446723e-07, 3.38029870761e-08, 3.81757025991e-08, 3.17563930707e-08, 1.79277162005e-08, 6.82806478025e-09, 4.42397807277e-09, 7.13857328805e-09, 2.16214157689e-09, 3.94723337349e-10, 2.34806313282e-10, 1.71272857008e-10, 1.36205172141e-10, 1.07314102049e-10, 1.48436804515e-10, 3.09689163203e-10, 1.76214071113e-10, 9.06051136895e-11, 5.54258791641e-11, 4.78956284355e-11, 1.2310705233e-10, 8.98426749663e-11, 7.36117139466e-11, 8.60274490533e-11, 9.10740580173e-11, 4.82583348282e-11, 2.37499603317e-11, 2.82790648537e-11, 2.24063718968e-11],
        "dvar2": [5.20689682162e-05, 0.000145148733282, 4.10550092056e-05, 4.31759735875e-06, 1.91907247427e-06, 6.63206094487e-07, 8.29985879136e-07, 1.46818013036e-06, 2.42540909312e-06, 2.49948953979e-07, 4.09795632095e-07, 3.57416354291e-07, 6.89848675961e-08, 7.95452734792e-08, 6.87184922299e-08, 4.46524737185e-08, 1.24022250247e-08, 8.97023610946e-09, 1.52121319985e-08, 5.73710989826e-09, 1.00610619835e-09, 5.93056659337e-10, 4.13546696887e-10, 3.17067067046e-10, 2.87617152317e-10, 4.06329053737e-10, 7.42611472315e-10, 4.43016151541e-10, 2.16674525544e-10, 1.31809479997e-10, 1.17910015085e-10, 2.81916351375e-10, 1.96558769261e-10, 1.45548073593e-10, 1.93027871465e-10, 2.30485117103e-10, 1.21304397083e-10, 5.65609850622e-11, 6.86065301791e-11, 5.54778931128e-11],
        "max": [0.0578343458474, 0.0534629710019, 0.0271366387606, 0.008410169743, 0.0101438174024, 0.00760154239833, 0.00803064741194, 0.0127086210996, 0.0137337204069, 0.00619883742183, 0.00660789757967, 0.00828957278281, 0.00302287447266, 0.00359530677088, 0.00278521119617, 0.00192917569075, 0.0017264157068, 0.00163406587671, 0.00198447657749, 0.00100957404356, 0.000291233183816, 0.000163065778906, 0.000247217918513, 0.000236919746385, 9.13015755941e-05, 0.000119552001706, 0.000242877416895, 0.000192248407984, 0.000152010703459, 0.000114287111501, 0.000100045625004, 0.000172913074493, 0.00015915716358, 0.000137257316965, 0.000124457568745, 9.87932726275e-05, 7.72685816628e-05, 4.71844432468e-05, 6.99861338944e-05, 4.47342463303e-05],
        "mean": [0.00708126835525, 0.00260487478226, 0.000869481184054, 0.000624433450866, 0.000635342556052, 0.000331051531248, 0.000490610837005, 0.00110543938354, 0.000688393542077, 0.000163209566381, 0.000192222680198, 0.000166639656527, 8.9137298346e-05, 0.000107262640086, 7.96787062427e-05, 5.32125304744e-05, 4.25844773417e-05, 3.55256088369e-05, 4.18697854911e-05, 1.45377698573e-05, 7.53373115003e-06, 6.35568721918e-06, 5.91966954744e-06, 5.48730031369e-06, 3.45385979017e-06, 3.7851336856e-06, 7.49424771129e-06, 6.00406883677e-06, 4.52405447504e-06, 3.84137229048e-06, 3.07810978484e-06, 5.02911598232e-06, 5.89124510952e-06, 5.53798190595e-06, 5.19082368555e-06, 4.34404228145e-06, 3.28760620505e-06, 3.18395768772e-06, 2.8343708891e-06, 2.40322287937e-06],
        "median": [0.00124927097932, 0.000316447607474, 0.000107849562482, 0.000173925145646, 0.000263196066953, 0.00011748354882, 0.000129891719553, 0.000226769785513, 0.000135169670102, 4.27569757449e-05, 3.93118352804e-05, 2.97137303278e-05, 1.30330199681e-05, 1.59816299856e-05, 1.2668441741e-05, 8.42900135467e-06, 6.89494117978e-06, 9.03532600205e-06, 7.73739975557e-06, 3.4214410789e-06, 1.93268579096e-06, 1.36775270221e-06, 1.23833433463e-06, 1.13692817649e-06, 6.37030382222e-07, 6.78091907957e-07, 1.22213327813e-06, 1.11977624329e-06, 7.18132071142e-07, 6.70066469866e-07, 4.88823275191e-07, 8.32455270938e-07, 1.59559340318e-06, 1.56369060278e-06, 9.32857233238e-07, 5.74388650421e-07, 6.19312913841e-07, 9.55473069553e-07, 7.4757974744e-07, 5.55728490781e-07],
        "min": [1.06745412509e-09, 3.11286263432e-09, 1.11485034537e-08, 6.6270771093e-09, 3.62655927511e-09, 4.3778438652e-09, 5.3957158741e-09, 5.87009818531e-09, 7.78871367402e-09, 7.23837567662e-09, 1.76119696604e-09, 4.45424008788e-09, 5.84600323705e-09, 1.33393029955e-09, 7.44693126609e-11, 2.11962114527e-10, 9.71373648184e-10, 3.91237531261e-09, 4.76136507999e-09, 4.05521588531e-10, 5.65079594228e-10, 1.12395015517e-09, 4.15302542356e-10, 6.84543366436e-10, 2.65878374872e-10, 6.5381650094e-10, 9.66311586303e-10, 5.82494386059e-10, 4.67188066011e-10, 1.13650595879e-10, 2.53225912461e-10, 5.41091782491e-10, 4.16712914175e-10, 1.7847599787e-10, 4.58202198406e-10, 1.33032709848e-10, 3.42400031939e-11, 1.67667171813e-10, 8.38698763217e-11, 5.69821446972e-11],
        "stdev": [0.0115660578012, 0.00633570877835, 0.00291760009713, 0.00114714028314, 0.00103197374847, 0.000685619597789, 0.00106060912367, 0.00203583179973, 0.00142412853893, 0.000429095205618, 0.000532155623659, 0.000461760908365, 0.000244333146838, 0.000304336397676, 0.000232040532865, 0.000181138617336, 0.000142419608892, 9.16385033634e-05, 0.000108664971776, 4.48519058409e-05, 1.86322631635e-05, 1.47555347212e-05, 1.38609948408e-05, 1.28793899421e-05, 9.01029579836e-06, 1.02573658296e-05, 1.92403713299e-05, 1.59986902872e-05, 1.16489854918e-05, 9.80190452537e-06, 7.66706034483e-06, 1.30884363898e-05, 1.34563324536e-05, 1.23518475448e-05, 1.16146293294e-05, 9.74611248239e-06, 7.0920204962e-06, 5.70958536628e-06, 5.7762972574e-06, 4.99604175275e-06],
        "var": [0.000133773690322, 4.01412034989e-05, 8.51239019539e-06, 1.31593071728e-06, 1.0649697515e-06, 4.70074269288e-07, 1.12489180992e-06, 4.14461101172e-06, 2.02814203476e-06, 1.84122697533e-07, 2.83189621086e-07, 2.13223131595e-07, 5.96986851065e-08, 9.26206382701e-08, 5.38428110985e-08, 3.28111973147e-08, 2.02833430052e-08, 8.39761593596e-09, 1.18080762945e-08, 2.01169347847e-09, 3.47161216441e-10, 2.17725809604e-10, 1.92127189158e-10, 1.65878685787e-10, 8.1185433376e-11, 1.05213553148e-10, 3.70191877153e-10, 2.55958088058e-10, 1.35698868808e-10, 9.60773266501e-11, 5.87838111521e-11, 1.71307162899e-10, 1.81072892791e-10, 1.52568138678e-10, 1.34899619253e-10, 9.49867060007e-11, 5.02967528737e-11, 3.25993641803e-11, 3.33656123563e-11, 2.49604347607e-11]
    },
    "melbands128": {
