{
"lowlevel": {
    "average_loudness": 0.946871340275,
    "barkbands_crest": {
        "dmean": 2.30575203896,
        "dmean2": 3.71854543686,
        "dvar": 5.16217374802,
        "dvar2": 13.2186527252,
        "max": 24.8483352661,
        "mean": 11.588552475,
        "median": 10.8582811356,
        "min": 2.80562353134,
        "stdev": 4.21783542633,
        "var": 17.7901363373
    },
    "barkbands_flatness_db": {
        "dmean": 0.0208306908607,
        "dmean2": 0.032219979912,
        "dvar": 0.000488348305225,
        "dvar2": 0.000964217353612,
        "max": 0.431564450264,
        "mean": 0.218593746424,
        "median": 0.213940143585,
        "min": 0.0491845831275,
        "stdev": 0.0640543177724,
        "var": 0.00410295603797
    },
    "barkbands_kurtosis": {
        "dmean": 3.73803257942,
        "dmean2": 5.93424797058,
        "dvar": 41.3829956055,
        "dvar2": 103.158164978,
        "max": 115.167327881,
        "mean": 7.75645399094,
        "median": 5.61982631683,
        "min": -1.90474045277,
        "stdev": 8.44994354248,
        "var": 71.401550293
    },
    "barkbands_skewness": {
        "dmean": 0.494237601757,
        "dmean2": 0.776803195477,
        "dvar": 0.309720337391,
        "dvar2": 0.711169183254,
        "max": 8.03099632263,
        "mean": 1.93316531181,
        "median": 1.84726822376,
        "min": -1.56286299229,
        "stdev": 0.986021280289,
        "var": 0.972237944603
    },
    "barkbands_spread": {
        "dmean": 3.13819766045,
        "dmean2": 4.70981931686,
        "dvar": 48.0159378052,
        "dvar2": 76.8764038086,
        "max": 95.7339172363,
        "mean": 11.1452665329,
        "median": 7.37367868423,
        "min": 0.761435568333,
        "stdev": 14.13098526,
        "var": 199.684753418
    },
    "dissonance": {
        "dmean": 0.0280504170805,
        "dmean2": 0.0456843003631,
        "dvar": 0.000839885731693,
        "dvar2": 0.00209459080361,
        "max": 0.500000059605,
        "mean": 0.416297674179,
        "median": 0.422193586826,
        "min": 0,
        "stdev": 0.0485961474478,
        "var": 0.0023615853861
    },
    "dynamic_complexity": 2.97389364243,
    "erbbands_crest": {
        "dmean": 2.61342930794,
        "dmean2": 4.14982843399,
        "dvar": 5.92850351334,
        "dvar2": 13.5253133774,
        "max": 30.4430084229,
        "mean": 11.1956186295,
        "median": 10.4328546524,
        "min": 3.80560445786,
        "stdev": 4.27305698395,
        "var": 18.259016037
    },
    "erbbands_flatness_db": {
        "dmean": 0.0157802756876,
        "dmean2": 0.0236629340798,
        "dvar": 0.00029840413481,
        "dvar2": 0.000520266767126,
        "max": 0.420291543007,
        "mean": 0.201611369848,
        "median": 0.199552461505,
        "min": 0.0703797265887,
        "stdev": 0.0526124462485,
        "var": 0.00276806950569
    },
    "erbbands_kurtosis": {
        "dmean": 1.38404691219,
        "dmean2": 2.24467182159,
        "dvar": 4.10475349426,
        "dvar2": 9.88741397858,
        "max": 23.6260738373,
        "mean": 1.76344978809,
        "median": 0.903157234192,
        "min": -1.84251463413,
        "stdev": 3.08997058868,
        "var": 9.5479183197
    },
    "erbbands_skewness": {
        "dmean": 0.403809636831,
        "dmean2": 0.609267055988,
        "dvar": 0.192557409406,
        "dvar2": 0.402595490217,
        "max": 4.45463323593,
        "mean": 0.91099524498,
        "median": 0.879080712795,
        "min": -2.59087371826,
        "stdev": 0.852334201336,
        "var": 0.72647356987
    },
    "erbbands_spread": {
        "dmean": 6.03898954391,
        "dmean2": 9.46823787689,
        "dvar": 77.9217605591,
        "dvar2": 176.462799072,
        "max": 126.140571594,
        "mean": 27.7583255768,
        "median": 24.1146469116,
        "min": 4.62055397034,
        "stdev": 16.3351554871,
        "var": 266.837310791
    },
    "hfc": {
        "dmean": 3.49463224411,
        "dmean2": 5.02629137039,
        "dvar": 43.6912307739,
        "dvar2": 68.9297332764,
        "max": 127.093231201,
        "mean": 13.4128341675,
        "median": 8.75501823425,
        "min": 1.19080087185e-16,
        "stdev": 14.049284935,
        "var": 197.382400513
    },
    "loudness_ebu128": {
        "integrated": -12.6173114777,
        "loudness_range": 2.55341815948,
        "momentary": {
            "dmean": 0.570200741291,
            "dmean2": 0.451605290174,
            "dvar": 0.283247053623,
            "dvar2": 0.202932327986,
            "max": -8.24520587921,
            "mean": -13.3300046921,
            "median": -13.0789394379,
            "min": -21.2974529266,
            "stdev": 2.60499191284,
            "var": 6.7859826088
        },
        "short_term": {
            "dmean": 0.102392084897,
            "dmean2": 0.0620895177126,
            "dvar": 0.00932292360812,
            "dvar2": 0.00443086540326,
            "max": -10.9878225327,
            "mean": -12.6717348099,
            "median": -12.5218086243,
            "min": -17.0918750763,
            "stdev": 1.09196424484,
            "var": 1.19238591194
        }
    },
    "melbands_crest": {
        "dmean": 2.68092417717,
        "dmean2": 4.40030193329,
        "dvar": 6.83727836609,
        "dvar2": 17.846408844,
        "max": 27.7558422089,
        "mean": 14.1778793335,
        "median": 13.4695987701,
        "min": 2.38121294975,
        "stdev": 4.15313577652,
        "var": 17.2485370636
    },
    "melbands_flatness_db": {
        "dmean": 0.0231525879353,
        "dmean2": 0.0343818441033,
        "dvar": 0.000690190820023,
        "dvar2": 0.00121192308143,
        "max": 0.566159188747,
        "mean": 0.309227138758,
        "median": 0.303697198629,
        "min": 0.00776827335358,
        "stdev": 0.0805629566312,
        "var": 0.00649039028212
    },
    "melbands_kurtosis": {
        "dmean": 5.69716310501,
        "dmean2": 8.98808193207,
        "dvar": 72.9688034058,
        "dvar2": 170.316925049,
        "max": 144.556640625,
        "mean": 13.495051384,
        "median": 9.76393890381,
        "min": -1.26362740993,
        "stdev": 12.9904432297,
        "var": 168.751617432
    },
    "melbands_skewness": {
        "dmean": 0.563517868519,
        "dmean2": 0.896347105503,
        "dvar": 0.377579122782,
        "dvar2": 0.87708312273,
        "max": 8.2396478653,
        "mean": 2.52652001381,
        "median": 2.34830737114,
        "min": 0.0586131289601,
        "stdev": 1.19141829014,
        "var": 1.41947758198
    },
    "melbands_spread": {
        "dmean": 3.6366443634,
        "dmean2": 5.22856616974,
        "dvar": 82.6144943237,
        "dvar2": 128.533279419,
        "max": 157.37828064,
        "mean": 11.2425432205,
        "median": 7.75032997131,
        "min": 0.690495967865,
        "stdev": 15.5140857697,
        "var": 240.686843872
    },
    "pitch_salience": {
        "dmean": 0.0594504512846,
        "dmean2": 0.0954907163978,
        "dvar": 0.00307605741546,
        "dvar2": 0.00742211192846,
        "max": 0.94440382719,
        "mean": 0.532402992249,
        "median": 0.530891656876,
        "min": 0.160173535347,
        "stdev": 0.110500089824,
        "var": 0.0122102694586
    },
    "silence_rate_20dB": {
        "dmean": 0,
        "dmean2": 0,
        "dvar": 0,
        "dvar2": 0,
        "max": 1,
        "mean": 1,
        "median": 1,
        "min": 1,
        "stdev": 0,
        "var": 0
    },
    "silence_rate_30dB": {
        "dmean": 0.0170278642327,
        "dmean2": 0.0340821072459,
        "dvar": 0.0167378932238,
        "dvar2": 0.0422163829207,
        "max": 1,
        "mean": 0.972157776356,
        "median": 1,
        "min": 0,
        "stdev": 0.164519846439,
        "var": 0.0270667821169
    },
    "silence_rate_60dB": {
        "dmean": 0.00386996893212,
        "dmean2": 0.00774593325332,
        "dvar": 0.00385485682636,
        "dvar2": 0.00768601289019,
        "max": 1,
        "mean": 0.0123743228614,
        "median": 0,
        "min": 0,
        "stdev": 0.110550880432,
        "var": 0.0122214974836
    },
    "spectral_centroid": {
        "dmean": 142.594680786,
        "dmean2": 205.737792969,
        "dvar": 149390.171875,
        "dvar2": 188809.578125,
        "max": 10884.2236328,
        "mean": 680.055541992,
        "median": 516.577697754,
        "min": 189.526687622,
        "stdev": 617.214599609,
        "var": 380953.84375
    },
    "spectral_complexity": {
        "dmean": 1.81578946114,
        "dmean2": 2.87219214439,
        "dvar": 4.22456884384,
        "dvar2": 8.95727729797,
        "max": 35,
        "mean": 11.4377412796,
        "median": 11,
        "min": 0,
        "stdev": 4.29484033585,
        "var": 18.4456520081
    },
    "spectral_decrease": {
        "dmean": 2.56543453148e-09,
        "dmean2": 4.13208445238e-09,
        "dvar": 2.14774004978e-17,
        "dvar2": 5.55108898422e-17,
        "max": -6.37335899249e-29,
        "mean": -8.36552338512e-09,
        "median": -6.60548904463e-09,
        "min": -7.15680172902e-08,
        "stdev": 7.46404360541e-09,
        "var": 5.57119443619e-17
    },
    "spectral_energy": {
        "dmean": 0.00993491336703,
        "dmean2": 0.0159593690187,
        "dvar": 0.000310983712552,
        "dvar2": 0.000804166484158,
        "max": 0.274026811123,
        "mean": 0.0327899940312,
        "median": 0.0260378140956,
        "min": 1.10414540012e-20,
        "stdev": 0.0286734588444,
        "var": 0.000822167203296
    },
    "spectral_energyband_high": {
        "dmean": 0.000153640343342,
        "dmean2": 0.000193219777429,
        "dvar": 4.75772026221e-07,
        "dvar2": 6.45145178169e-07,
        "max": 0.0143840741366,
        "mean": 0.000317276222631,
        "median": 3.18723068631e-05,
        "min": 7.56153424475e-21,
        "stdev": 0.00136901496444,
        "var": 1.87420209841e-06
    },
    "spectral_energyband_low": {
        "dmean": 0.00596733391285,
        "dmean2": 0.00994876679033,
        "dvar": 0.000325383763993,
        "dvar2": 0.000863506575115,
        "max": 0.249778836966,
        "mean": 0.0115136606619,
        "median": 0.00557392835617,
        "min": 3.21313175671e-23,
        "stdev": 0.0220148656517,
        "var": 0.000484654301545
    },
    "spectral_energyband_middle_high": {
        "dmean": 0.000705487560481,
        "dmean2": 0.000983165693469,
        "dvar": 1.34470644753e-06,
        "dvar2": 2.5149981866e-06,
        "max": 0.0188088472933,
        "mean": 0.00234108185396,
        "median": 0.00114516669419,
        "min": 1.87810307949e-21,
        "stdev": 0.00293068680912,
        "var": 8.58892508404e-06
    },
    "spectral_energyband_middle_low": {
        "dmean": 0.00573545182124,
        "dmean2": 0.00910565536469,
        "dvar": 5.68028626731e-05,
        "dvar2": 0.000143963552546,
        "max": 0.0839721933007,
        "mean": 0.0194424800575,
        "median": 0.0153155690059,
        "min": 4.19117356079e-22,
        "stdev": 0.0149237429723,
        "var": 0.000222718095756
    },
    "spectral_entropy": {
        "dmean": 0.178255945444,
        "dmean2": 0.259941279888,
        "dvar": 0.0447234362364,
        "dvar2": 0.0635793656111,
        "max": 9.80650520325,
        "mean": 6.63868761063,
        "median": 6.5826883316,
        "min": 5.06715011597,
        "stdev": 0.590767383575,
        "var": 0.34900611639
    },
    "spectral_flux": {
        "dmean": 0.0234620217234,
        "dmean2": 0.0377725400031,
        "dvar": 0.000890537572559,
        "dvar2": 0.00213815947063,
        "max": 0.375980973244,
        "mean": 0.0692118927836,
        "median": 0.0591843947768,
        "min": 1.05078321044e-10,
        "stdev": 0.0485594160855,
        "var": 0.00235801702365
    },
    "spectral_kurtosis": {
        "dmean": 5.51343822479,
        "dmean2": 9.46759033203,
        "dvar": 143.741378784,
        "dvar2": 417.037506104,
        "max": 237.2943573,
        "mean": 16.2690982819,
        "median": 10.6338920593,
        "min": -1.18007087708,
        "stdev": 26.2983264923,
        "var": 691.601928711
    },
    "spectral_rms": {
        "dmean": 0.000749582075514,
        "dmean2": 0.00118927611038,
        "dvar": 9.38710286391e-07,
        "dvar2": 2.29922966355e-06,
        "max": 0.0163506343961,
        "mean": 0.00525289727375,
        "median": 0.00504011381418,
        "min": 3.28209551551e-12,
        "stdev": 0.00209698243998,
        "var": 4.39733503299e-06
    },
    "spectral_rolloff": {
        "dmean": 245.481063843,
        "dmean2": 379.273895264,
        "dvar": 815290.25,
        "dvar2": 1188738.125,
        "max": 18755.4199219,
        "mean": 808.019470215,
        "median": 495.263671875,
        "min": 107.666015625,
        "stdev": 1517.19165039,
        "var": 2301870.5
    },
    "spectral_skewness": {
        "dmean": 0.432224601507,
        "dmean2": 0.713842630386,
        "dvar": 0.386262089014,
        "dvar2": 1.03487086296,
        "max": 12.4365644455,
        "mean": 2.74913692474,
        "median": 2.53847956657,
        "min": 0.000871381547768,
        "stdev": 1.42950665951,
        "var": 2.04348945618
    },
    "spectral_spread": {
        "dmean": 450048.78125,
        "dmean2": 633512.5625,
        "dvar": 1.18563196109e+12,
        "dvar2": 882332270592,
        "max": 40327056,
        "mean": 3434034,
        "median": 3020801.25,
        "min": 426398.75,
        "stdev": 2120680.5,
        "var": 4.4972858409e+12
    },
    "spectral_strongpeak": {
        "dmean": 0.378051936626,
        "dmean2": 0.614493787289,
        "dvar": 0.275044858456,
        "dvar2": 0.65334457159,
        "max": 8.3134021759,
        "mean": 0.943359375,
        "median": 0.704452455044,
        "min": 4.34455804665e-09,
        "stdev": 0.865507721901,
        "var": 0.749103665352
    },
    "zerocrossingrate": {
        "dmean": 0.00699504464865,
        "dmean2": 0.00770773319528,
        "dvar": 0.000355600379407,
        "dvar2": 0.00031299184775,
        "max": 0.48046875,
        "mean": 0.0327110663056,
        "median": 0.0224609375,
        "min": 0.00341796875,
        "stdev": 0.0406387522817,
        "var": 0.00165150815155
    },
    "barkbands": {
        "dmean": [4.20020587626e-05, 0.0040887161158, 0.00255501153879, 0.000766785989981, 0.00385367427953, 0.00175001972821, 0.000687191204634, 0.0010239550611, 0.000409342697822, 0.000211149759707, 0.000181009367225, 0.000177773312316, 0.00018384368741, 7.0789923484e-05, 0.000101089019154, 8.22741712909e-05, 5.82011052757e-05, 4.12107401644e-05, 7.26388825569e-05, 5.20563298778e-05, 3.40648330166e-05, 2.30968580581e-05, 4.16040638811e-05, 2.66669539997e-05, 2.45813716901e-05, 1.67376583704e-05, 1.13175360639e-06],
        "dmean2": [7.1447379014e-05, 0.00710272463039, 0.00440227752551, 0.00129104743246, 0.00615326547995, 0.00266039348207, 0.001019029296, 0.00143524806481, 0.000580870837439, 0.000293172081001, 0.000262447429122, 0.000255723920418, 0.000265963055426, 9.8668046121e-05, 0.000154872817802, 0.000122713769088, 9.04689586605e-05, 6.40636571916e-05, 0.000115904542326, 7.50196923036e-05, 4.55359113403e-05, 3.29419526679e-05, 5.55292172066e-05, 3.51926319127e-05, 2.97985716315e-05, 2.31236808759e-05, 1.94068024939e-06],
        "dvar": [6.50125198121e-09, 0.000185700904694, 5.89941519138e-05, 5.77773425903e-06, 3.4374432289e-05, 1.36758444569e-05, 2.01924831345e-06, 4.85783766635e-06, 1.62028652539e-06, 2.95549369866e-07, 1.13225759435e-07, 2.63188042027e-07, 2.16200604086e-07, 3.60903129604e-08, 9.80857350896e-08, 1.976803361e-07, 1.94617992832e-08, 1.28263604182e-08, 1.50494287254e-07, 2.42749056412e-08, 2.19366658172e-08, 1.49158179141e-08, 4.26818012045e-08, 1.4723660513e-08, 2.1264810357e-08, 7.70772068392e-09, 5.15305992321e-11],
        "dvar2": [1.75839005578e-08, 0.000531610567123, 0.000166197816725, 1.62612850545e-05, 9.06593995751e-05, 3.13180607918e-05, 3.64447510037e-06, 8.46966850077e-06, 2.97758356282e-06, 5.94751838889e-07, 2.43235774633e-07, 5.53987320018e-07, 4.29955690606e-07, 6.07682792975e-08, 2.38283334397e-07, 4.05800278713e-07, 4.10083096369e-08, 3.21871311826e-08, 3.54319524831e-07, 4.28909636696e-08, 3.83178075936e-08, 3.00260936115e-08, 8.26114785468e-08, 2.35684289862e-08, 2.80716214718e-08, 1.47788252747e-08, 1.44301195992e-10],
        "max": [0.00104695383925, 0.190096616745, 0.111175790429, 0.0395512208343, 0.0663981363177, 0.0480635240674, 0.0284913890064, 0.036558944732, 0.03502426669, 0.0143806673586, 0.00702063832432, 0.0122068617493, 0.00783607084304, 0.00363225117326, 0.00720923626795, 0.013823014684, 0.00262463930994, 0.00270111951977, 0.00972376950085, 0.00320362462662, 0.00274694873951, 0.0022354228422, 0.00366263627075, 0.00263200677, 0.00455308519304, 0.00253892620094, 0.000127146544401],
        "mean": [7.63780408306e-05, 0.00680566253141, 0.00392126431689, 0.00152507901657, 0.00923650152981, 0.00394299207255, 0.00154795614071, 0.00208259443752, 0.000904864049517, 0.000486982637085, 0.00037296366645, 0.000353077281034, 0.000396776333218, 0.000132229950395, 0.000163045013323, 0.00015124939091, 0.000118735493743, 8.03636430646e-05, 0.000112616566184, 9.46533764363e-05, 5.48509160581e-05, 3.46944580087e-05, 6.46269036224e-05, 4.84353186039e-05, 5.11155012646e-05, 2.91437954729e-05, 1.16920227811e-06],
        "median": [2.43480299105e-05, 0.0032291742973, 0.00127270747907, 0.000901613093447, 0.00466078799218, 0.00110590585973, 0.000588618451729, 0.000587475195061, 0.000234191393247, 8.91850577318e-05, 0.000103921280243, 4.09303866036e-05, 4.27716367994e-05, 3.38284771715e-05, 5.87656977586e-05, 3.05654539261e-05, 3.46660126525e-05, 2.82883775071e-05, 3.00226420222e-05, 1.84603759408e-05, 6.48721061225e-06, 2.62904791271e-06, 3.12835322802e-06, 4.76467630506e-06, 2.16050216295e-06, 2.13966200135e-06, 3.73449715596e-08],
        "min": [7.80642404399e-25, 1.84107103296e-23, 7.12689285074e-24, 8.75251745079e-24, 2.08869620661e-23, 5.07470686232e-23, 1.39615963553e-23, 1.39330948108e-22, 1.24653250645e-22, 1.4312058541e-22, 4.75638918083e-23, 1.52060992173e-22, 9.02525222482e-23, 7.34686482089e-23, 1.70981701078e-22, 1.86341138447e-22, 1.41724440447e-22, 3.60187023079e-22, 3.85049874084e-22, 2.737275397e-22, 3.18603552057e-22, 6.38219976273e-22, 9.91443616856e-22, 8.50149717758e-22, 9.9960828936e-22, 1.55200994315e-21, 2.36416216224e-21],
        "stdev": [0.000121492317703, 0.0145784569904, 0.0083353612572, 0.00223594415002, 0.0105338683352, 0.00757097220048, 0.00280748237856, 0.00394547823817, 0.0024930939544, 0.00108439277392, 0.000684409867972, 0.000889088609256, 0.000990391359664, 0.000331807590555, 0.000417858216679, 0.00064131867839, 0.000272491859505, 0.000164990546182, 0.000436329399236, 0.000246595242061, 0.000227939832257, 0.00017816440959, 0.000327555462718, 0.00022490239644, 0.000315123994369, 0.00015516919666, 7.14649195288e-06],
        "var": [1.4760383138e-08, 0.000212531420402, 6.94782502251e-05, 4.99944644616e-06, 0.000110962391773, 5.73196230107e-05, 7.88195666246e-06, 1.55668003572e-05, 6.21551725999e-06, 1.17590775517e-06, 4.68416857302e-07, 7.90478509316e-07, 9.808750292e-07, 1.10096280537e-07, 1.74605489178e-07, 4.11289619251e-07, 7.42518153629e-08, 2.7221878085e-08, 1.90383346421e-07, 6.08092136645e-08, 5.19565652723e-08, 3.1742555251e-08, 1.07292578377e-07, 5.0581089539e-08, 9.93031363805e-08, 2.40774777893e-08, 5.10723442704e-11]
    },
    "erbbands": {
        "dmean": [0.0463095791638, 1.13669717312, 3.34173417091, 2.29260754585, 3.52489185333, 17.5880699158, 21.369512558, 12.1727590561, 6.24110174179, 20.273645401, 17.3068027496, 9.69581794739, 6.73870611191, 5.36531591415, 7.13129711151, 8.26019763947, 8.44562721252, 3.93773818016, 2.83886384964, 6.19493055344, 3.88366365433, 2.46517372131, 2.44442820549, 2.63802456856, 3.50219321251, 2.57119512558, 1.4197961092, 1.28674030304, 0.833365321159, 0.935045838356, 1.10488796234, 0.659639179707, 0.435752481222, 0.307424366474, 0.179728001356, 0.0867521166801, 0.0264418516308, 0.00525059644133, 0.000108242449642, 1.36581184051e-05],
        "dmean2": [0.0809755325317, 1.9689912796, 5.67684173584, 3.95954036713, 5.63547420502, 27.9558353424, 33.2473144531, 19.0202941895, 9.42246627808, 30.2735366821, 24.1754722595, 13.3350858688, 9.85310745239, 7.16885280609, 10.374628067, 11.7164735794, 12.4284534454, 5.52678060532, 4.29320907593, 9.62757110596, 5.83078622818, 3.65899443626, 3.89863753319, 4.23408889771, 5.51623630524, 3.75877475739, 2.09173035622, 1.84287405014, 1.21494054794, 1.34168863297, 1.49777722359, 0.862134575844, 0.584827423096, 0.405741870403, 0.223516941071, 0.118570424616, 0.0365591906011, 0.00804048124701, 0.000159537463333, 2.1135496354e-05],
        "dvar": [0.0135435350239, 14.5903844833, 99.5076293945, 70.5851669312, 39.0928001404, 856.383789062, 1339.22546387, 879.557861328, 204.8334198, 1540.15197754, 2590.72802734, 808.980895996, 374.305908203, 137.45501709, 197.023864746, 623.247558594, 538.901062012, 100.7445755, 76.639793396, 207.687713623, 746.491821289, 31.8102302551, 40.5332984924, 299.993865967, 190.237030029, 59.5372314453, 36.7160568237, 34.6545524597, 20.476732254, 26.3480548859, 29.6317939758, 10.4604415894, 3.46139812469, 3.05288243294, 1.16925036907, 0.278370559216, 0.016016215086, 0.00078405905515, 3.18188540405e-07, 6.22550067053e-10],
        "dvar2": [0.0389760248363, 41.4118118286, 270.190551758, 204.236984253, 101.552101135, 2220.1496582, 3243.24682617, 2039.4901123, 443.003723145, 3090.70996094, 4517.03808594, 1337.65161133, 804.611328125, 207.071792603, 414.197387695, 1356.3125, 1124.7520752, 178.380310059, 187.903198242, 447.28527832, 1635.47485352, 61.2690315247, 97.2178726196, 778.927856445, 367.583068848, 103.815162659, 75.8986053467, 59.5235214233, 42.6967811584, 51.9513587952, 55.183807373, 17.0072669983, 6.25814914703, 5.38516235352, 1.46399569511, 0.507845401764, 0.0286077465862, 0.00192941224668, 7.78422702297e-07, 1.43043099587e-09],
        "max": [1.70549511909, 53.1223564148, 108.434272766, 147.969726562, 86.4449005127, 300.856170654, 475.540740967, 513.505432129, 235.238433838, 820.815429688, 873.997131348, 759.772277832, 539.492614746, 246.815002441, 378.612854004, 625.272583008, 422.051422119, 182.951202393, 221.580596924, 300.474456787, 932.273132324, 107.632247925, 148.750747681, 464.072021484, 234.810028076, 148.777862549, 108.625160217, 101.196075439, 83.6142578125, 94.0175704956, 99.2702865601, 60.7288398743, 44.0253562927, 55.7870559692, 29.6622161865, 16.2091655731, 3.93025994301, 0.452788025141, 0.00935361627489, 0.000398208067054],
        "mean": [0.106426857412, 1.81210947037, 5.13577318192, 4.41542291641, 8.26586055756, 40.7058639526, 48.6037712097, 28.2237625122, 14.1547698975, 44.1715011597, 37.5493240356, 24.12566185, 15.8840742111, 12.8918933868, 16.7022762299, 17.3565597534, 19.4660205841, 8.98640727997, 5.6191906929, 11.1314239502, 7.36295366287, 5.90963792801, 5.27587080002, 4.3915514946, 6.27375078201, 4.64637756348, 2.28851103783, 2.09108567238, 1.29615318775, 1.44937598705, 1.79779565334, 1.16242063046, 0.771600186825, 0.569833576679, 0.366081535816, 0.160329341888, 0.0457610152662, 0.00741943577304, 0.000167591249919, 4.2620817112e-05],
        "median": [0.0486323535442, 0.798834741116, 1.95623469353, 2.69867968559, 5.75860214233, 16.8509731293, 20.9228210449, 9.89546012878, 6.76737260818, 20.5883846283, 9.53270816803, 6.19335889816, 6.30112838745, 4.1515250206, 6.0628528595, 3.12869763374, 2.47988009453, 1.92590391636, 2.27892065048, 2.84809446335, 1.97087645531, 1.78444170952, 1.78658723831, 1.18742489815, 1.60674262047, 1.02426695824, 0.333896189928, 0.216960981488, 0.10187779367, 0.0725605040789, 0.0970947220922, 0.062397763133, 0.0842418819666, 0.0348562039435, 0.0117399431765, 0.00791671220213, 0.0034764634911, 0.00056239037076, 2.89131257887e-05, 3.24333632307e-05],
        "min": [4.18498409502e-22, 4.430120463e-21, 5.93114267815e-21, 2.74308406889e-20, 4.42950338949e-20, 8.58418894516e-20, 2.59993852518e-19, 3.39762730546e-19, 2.59685779439e-19, 1.04037214657e-18, 2.90476652333e-18, 2.73835515487e-18, 5.39604737872e-18, 2.1059745426e-18, 3.21505293124e-18, 5.99154710941e-18, 5.10182709305e-18, 3.20442862345e-18, 5.47935646052e-18, 1.24067620665e-17, 8.70913237948e-18, 1.01736730248e-17, 1.71573289804e-17, 2.1011542303e-17, 1.78204333553e-17, 1.2622800963e-17, 9.82646975295e-18, 1.53081584492e-17, 2.41156533569e-17, 2.03698288187e-17, 3.21139704108e-17, 2.04217625262e-17, 1.28117298421e-17, 1.27153335222e-17, 6.47886567804e-18, 4.24906674724e-18, 3.37587007721e-18, 1.28968448659e-18, 3.13489173695e-19, 3.42617175744e-20],
        "stdev": [0.156702384353, 4.10535144806, 11.2436637878, 7.47661781311, 8.66128826141, 52.8330917358, 67.1662979126, 61.2399330139, 22.5973930359, 69.9361953735, 95.0076599121, 64.5217208862, 33.0228805542, 27.0099277496, 31.8954811096, 41.4285621643, 49.8241233826, 19.6803073883, 12.7224874496, 25.2610149384, 35.0672492981, 13.6238126755, 10.4518384933, 17.5597038269, 18.4044113159, 12.1609268188, 8.54117393494, 9.26150512695, 6.54842329025, 7.82338047028, 8.84497642517, 5.75711679459, 3.41856193542, 3.35229563713, 2.31544137001, 0.961700499058, 0.226510465145, 0.0379903763533, 0.000772515311837, 4.25758698839e-05],
        "var": [0.0245556384325, 16.8539104462, 126.419975281, 55.8998146057, 75.0179214478, 2791.33569336, 4511.31152344, 3750.3293457, 510.642211914, 4891.07128906, 9026.45507812, 4163.05273438, 1090.51074219, 729.536193848, 1017.32171631, 1716.32580566, 2482.44311523, 387.314483643, 161.861694336, 638.118896484, 1229.71203613, 185.608276367, 109.240936279, 308.343170166, 338.722381592, 147.888137817, 72.9516525269, 85.7754821777, 42.8818473816, 61.205280304, 78.2336044312, 33.1443939209, 11.6865653992, 11.2378854752, 5.36126899719, 0.924867868423, 0.051306989044, 0.00144326861482, 5.96779898387e-07, 1.81270476407e-09]
    },
    "gfcc": {
        "mean": [-47.6509132385, 141.889846802, -89.9843597412, 18.5564556122, -47.9572067261, -2.31431293488, -40.5798568726, 9.72110557556, -26.1022357941, -0.550711333752, -9.86905193329, -4.84172201157, -8.02160644531],
        "cov": [[5603.83007812, -1887.65551758, -397.502075195, 533.200378418, -547.995300293, 423.771759033, -48.9801597595, 251.589324951, -545.592468262, 223.215927124, 127.865776062, 167.345169067, -80.7783508301], [-1887.65551758, 2180.36157227, -113.834861755, -590.959655762, 585.072998047, -307.741119385, 114.916915894, -150.124160767, 304.538818359, -234.464523315, 116.449569702, -175.7394104, 104.846618652], [-397.502075195, -113.834861755, 605.279968262, 137.576690674, -23.0245361328, 74.4371948242, 10.1724338531, 5.57721424103, 18.8306217194, 32.5838661194, -36.4593772888, 7.43103599548, -45.9233818054], [533.200378418, -590.959655762, 137.576690674, 665.386291504, -72.3045272827, 143.302062988, 45.4688301086, 46.5633277893, 65.1828384399, 44.7893486023, -79.3576660156, 100.702514648, 6.29065990448], [-547.995300293, 585.072998047, -23.0245361328, -72.3045272827, 352.416870117, -95.8754501343, 12.6329479218, -8.66303157806, 116.925720215, -48.1868400574, 27.2203216553, -48.9721565247, 14.9634561539], [423.771759033, -307.741119385, 74.4371948242, 143.302062988, -95.8754501343, 242.5521698, 88.7651748657, 32.9745254517, -50.69090271, 36.8446083069, 20.5474395752, 41.2598342896, -22.7181606293], [-48.9801597595, 114.916915894, 10.1724338531, 45.4688301086, 12.6329479218, 88.7651748657, 201.690673828, 9.90292835236, 7.01684093475, -10.9563293457, 38.1808319092, 14.7231931686, 3.44427728653], [251.589324951, -150.124160767, 5.57721424103, 46.5633277893, -8.66303157806, 32.9745254517, 9.90292835236, 98.6439819336, -17.2110061646, 21.3975257874, 14.4696617126, 4.21179485321, -23.9845943451], [-545.592468262, 304.538818359, 18.8306217194, 65.1828384399, 116.925720215, -50.69090271, 7.01684093475, -17.2110061646, 205.712341309, -26.4164505005, -56.8085441589, -7.80234336853, 23.0598983765], [223.215927124, -234.464523315, 32.5838661194, 44.7893486023, -48.1868400574, 36.8446083069, -10.9563293457, 21.3975257874, -26.4164505005, 119.231918335, 2.7842373848, -4.23292541504, -42.4016113281], [127.865776062, 116.449569702, -36.4593772888, -79.3576660156, 27.2203216553, 20.5474395752, 38.1808319092, 14.4696617126, -56.8085441589, 2.7842373848, 129.018127441, -20.1443634033, -15.6190881729], [167.345169067, -175.7394104, 7.43103599548, 100.702514648, -48.9721565247, 41.2598342896, 14.7231931686, 4.21179485321, -7.80234336853, -4.23292541504, -20.1443634033, 95.2732162476, 23.4301166534], [-80.7783508301, 104.846618652, -45.9233818054, 6.29065990448, 14.9634561539, -22.7181606293, 3.44427728653, -23.9845943451, 23.0598983765, -42.4016113281, -15.6190881729, 23.4301166534, 88.5423736572]],
        "icov": [[0.00041500129737, -0.000116129711387, 0.000395410839701, -0.000442065211246, 0.000231143087149, -0.000396439252654, 0.000415929971496, -0.000659272540361, 0.000998941948637, -0.00034791676444, -8.31164070405e-05, -0.000210285405046, 3.12783449772e-05], [-0.000116129711387, 0.00318841007538, -0.000493269471917, 0.00208172970451, -0.00247068633325, 0.00118554581422, -0.00214952859096, 0.00248173205182, -0.00378036824986, 0.00256547494791, -0.00252658431418, 0.00201988150366, -0.00157468474936], [0.000395410839701, -0.000493269471917, 0.00230510206893, -0.000935696763918, 0.000412288907683, -0.00101661018562, 0.00070241530193, -0.000568768358789, 0.00127758353483, -0.000634783820715, 0.000742353266105, -0.000305338384351, 0.0012700012885], [-0.000442065211246, 0.00208172970451, -0.000935696763918, 0.00407870067284, -0.00165077194106, 4.94232626806e-05, -0.00177759153303, 0.00123300694395, -0.00422055786476, 0.00118629680946, -0.000565159774851, -0.000368245498976, -0.00128359626979], [0.000231143087149, -0.00247068633325, 0.000412288907683, -0.00165077194106, 0.00649619987234, 0.000170485232957, 0.00140677834861, -0.00259605539031, 0.000537600484677, -0.00113235542085, -9.00666200323e-05, -0.000373056827812, 0.00105613551568], [-0.000396439252654, 0.00118554581422, -0.00101661018562, 4.94232626806e-05, 0.000170485232957, 0.00793721992522, -0.0038624885492, 0.000663159124088, -0.00115835433826, 0.000356708856998, -0.00170569866896, -0.000389276130591, 0.000315913144732], [0.000415929971496, -0.00214952859096, 0.00070241530193, -0.00177759153303, 0.00140677834861, -0.0038624885492, 0.00846493057907, -0.00206131464802, 0.00214838585816, -0.000958370743319, -0.000562602595892, -0.00184272439219, 0.000668878143188], [-0.000659272540361, 0.00248173205182, -0.000568768358789, 0.00123300694395, -0.00259605539031, 0.000663159124088, -0.00206131464802, 0.0145621858537, -0.00350631051697, 0.00164309772663, -0.0027487478219, 0.00134879583493, 0.00156915816478], [0.000998941948637, -0.00378036824986, 0.00127758353483, -0.00422055786476, 0.000537600484677, -0.00115835433826, 0.00214838585816, -0.00350631051697, 0.0145162753761, -0.00324657279998, 0.00635789847001, -0.00166047364473, 0.00115449319128], [-0.00034791676444, 0.00256547494791, -0.000634783820715, 0.00118629680946, -0.00113235542085, 0.000356708856998, -0.000958370743319, 0.00164309772663, -0.00324657279998, 0.0134279206395, -0.00206517474726, 0.00257865618914, 0.00322574214078], [-8.31164070405e-05, -0.00252658431418, 0.000742353266105, -0.000565159774851, -9.00666200323e-05, -0.00170569866896, -0.000562602595892, -0.0027487478219, 0.00635789847001, -0.00206517474726, 0.0137969041243, -0.000231306185015, 0.00204624375328], [-0.000210285405046, 0.00201988150366, -0.000305338384351, -0.000368245498976, -0.000373056827812, -0.000389276130591, -0.00184272439219, 0.00134879583493, -0.00166047364473, 0.00257865618914, -0.000231306185015, 0.0163708608598, -0.00502119632438], [3.12783449772e-05, -0.00157468474936, 0.0012700012885, -0.00128359626979, 0.00105613551568, 0.000315913144732, 0.000668878143188, 0.00156915816478, 0.00115449319128, 0.00322574214078, 0.00204624375328, -0.00502119632438, 0.0171724744141]]
    },
    "melbands": {
        "dmean": [0.000760884431656, 0.00157912948634, 0.000399863813072, 0.00068620435195, 0.000808601675089, 0.000273166690022, 0.000103540522105, 0.000227163938689, 0.000126420534798, 5.81636450079e-05, 3.38770878443e-05, 2.21828813665e-05, 2.60851920757e-05, 2.04916814255e-05, 2.28439930652e-05, 1.48100734805e-05, 7.3301653174e-06, 4.42073906015e-06, 7.17251896276e-06, 8.18081662146e-06, 4.32434717368e-06, 2.42538908424e-06, 3.43321903529e-06, 1.95381721824e-06, 2.255937261e-06, 3.06115089188e-06, 2.53902589975e-06, 1.56733062795e-06, 8.83127199813e-07, 9.19463957416e-07, 7.78539060775e-07, 5.6052670061e-07, 3.12598018581e-07, 6.48357058708e-07, 6.50657170809e-07, 6.28529051028e-07, 3.8056930407e-07, 3.14626134923e-07, 2.69901647698e-07, 2.79383527868e-07],
        "dmean2": [0.00132451520767, 0.00263983756304, 0.000673978938721, 0.00109709869139, 0.00127499911468, 0.000423949561082, 0.000154208653839, 0.00033513046219, 0.00017869475414, 7.97059183242e-05, 4.9554520956e-05, 2.94825767924e-05, 3.79708144465e-05, 2.86540707748e-05, 3.16742116411e-05, 2.10849029827e-05, 1.02934882307e-05, 6.75790533933e-06, 1.11445988296e-05, 1.25196384033e-05, 6.60896284899e-06, 3.67940651813e-06, 5.52276696908e-06, 3.05595312966e-06, 3.70655266124e-06, 4.72402234664e-06, 3.66018457498e-06, 2.4415999178e-06, 1.38210418754e-06, 1.23902714222e-06, 1.15106797693e-06, 8.25848587738e-07, 4.66214686412e-07, 9.64668629422e-07, 9.03632667359e-07, 8.93967978755e-07, 5.19160209933e-07, 4.3910029035e-07, 3.6244716739e-07, 3.81695770102e-07],
        "dvar": [5.62058403375e-06, 2.38004868152e-05, 1.59806540978e-06, 1.36658854899e-06, 1.43706358813e-06, 4.02145929002e-07, 5.34562580867e-08, 1.75706304617e-07, 1.53368532096e-07, 2.99916749213e-08, 9.42494615686e-09, 2.63698618497e-09, 2.41564812598e-09, 3.04427083542e-09, 2.74678679801e-09, 1.48182488502e-09, 3.82645470864e-10, 1.2098290425e-10, 7.71003427769e-10, 6.4544669609e-10, 9.5301888603e-10, 2.6152188054e-11, 8.17619236204e-11, 2.59766444466e-11, 2.69957473042e-10, 2.2177457093e-10, 7.5600296856e-11, 2.44632820945e-11, 1.37268512529e-11, 1.66675926533e-11, 1.36187571637e-11, 1.08118843739e-11, 2.59838569931e-12, 1.37979532314e-11, 1.08453992315e-11, 9.38111567594e-12, 3.58109440539e-12, 1.83283596633e-12, 1.74403839894e-12, 3.0679755611e-12],
        "dvar2": [1.60593808687e-05, 6.44818064757e-05, 4.56891484646e-06, 3.62002856491e-06, 3.60790068044e-06, 9.35949060477e-07, 1.09042282759e-07, 3.52519663238e-07, 2.80880811943e-07, 5.00351049482e-08, 2.0391698996e-08, 4.05730338215e-09, 5.26059151795e-09, 5.78815484431e-09, 5.58685941954e-09, 3.08665426552e-09, 6.70111854895e-10, 2.69628208649e-10, 1.92120497289e-09, 1.23280075037e-09, 2.15562634409e-09, 4.97883088924e-11, 2.00985450505e-10, 5.91739643396e-11, 7.28312465892e-10, 4.89738194442e-10, 1.65690863807e-10, 4.69002892078e-11, 3.20467020976e-11, 2.92966137461e-11, 2.73933323941e-11, 2.43269102779e-11, 5.2864821895e-12, 2.83993644573e-11, 2.02038212549e-11, 1.8969175189e-11, 6.66299697707e-12, 3.47228647744e-12, 3.40314885647e-12, 5.7454457858e-12],
        "max": [0.0344284623861, 0.0628635212779, 0.0225814990699, 0.0125037804246, 0.0134932249784, 0.0100625222549, 0.00413356628269, 0.00764582213014, 0.00637449044734, 0.00481671188027, 0.00270699826069, 0.00111627753358, 0.000963955069892, 0.00127015064936, 0.00076979608275, 0.000804858631454, 0.000385401508538, 0.00023464539845, 0.000699246011209, 0.000514623068739, 0.0010820759926, 9.96692542685e-05, 0.000151686021127, 0.000123885038192, 0.000437820883235, 0.000315810641041, 0.000177780442755, 9.35135103646e-05, 6.30836075288e-05, 8.76972553669e-05, 6.33371455478e-05, 6.54621762806e-05, 3.06484143948e-05, 7.25900463294e-05, 6.18698759354e-05, 5.27217998751e-05, 3.43536412402e-05, 2.76570463029e-05, 4.20044016209e-05, 5.82558859605e-05],
        "mean": [0.00143267563544, 0.00258985371329, 0.000856095575728, 0.0016331744846, 0.00192266714294, 0.00062870932743, 0.000229789249715, 0.000489366706461, 0.000277119164821, 0.000136249494972, 7.57309608161e-05, 5.10867066623e-05, 5.55108890694e-05, 4.42349701189e-05, 4.60509472759e-05, 3.2612177165e-05, 1.50409678099e-05, 8.10920937511e-06, 1.18744355859e-05, 1.48318122228e-05, 7.48407865103e-06, 5.76456295676e-06, 6.51646632832e-06, 3.72422937289e-06, 3.34688843395e-06, 4.70348004455e-06, 4.30036743637e-06, 2.70365853794e-06, 1.30373155116e-06, 1.37666120281e-06, 1.16642092962e-06, 8.11167979009e-07, 4.82508312416e-07, 9.64646687862e-07, 1.04996297523e-06, 9.53803464654e-07, 6.1353222236e-07, 5.28166765434e-07, 4.67814828653e-07, 5.03302942434e-07],
        "median": [0.000747969374061, 0.00115572148934, 0.000569178489968, 0.000814335013274, 0.00102429965045, 0.000197908142582, 9.67218147707e-05, 0.000220821573748, 5.6303862948e-05, 3.5565932194e-05, 2.65000599029e-05, 1.29339532577e-05, 1.6773263269e-05, 6.22699417363e-06, 7.40266841603e-06, 3.96275572712e-06, 3.10506106871e-06, 2.96715188597e-06, 3.45633543475e-06, 3.38589075e-06, 1.84048622032e-06, 1.70337102645e-06, 1.4328047655e-06, 1.48553499457e-06, 6.84732185618e-07, 1.12516192985e-06, 8.5300638375e-07, 5.71924260839e-07, 1.582038891e-07, 1.66175368577e-07, 9.35577162409e-08, 4.61134632701e-08, 5.36493196535e-08, 3.01364373456e-08, 5.62424027351e-08, 4.3727204968e-08, 3.01765084032e-08, 5.4640263869e-08, 5.48623049212e-08, 2.16310400702e-08],
        "min": [4.75330189479e-24, 4.64154909795e-24, 4.75872018592e-24, 4.88751632262e-24, 7.69564578618e-24, 8.35060938566e-24, 3.7174829556e-24, 1.78586181365e-23, 2.06986941002e-23, 1.9080782982e-23, 2.72704450215e-23, 9.00689432715e-24, 9.14140142237e-24, 1.36203445941e-23, 1.55032025358e-23, 8.46071385764e-24, 5.86336881682e-24, 7.32019611581e-24, 1.69795509868e-23, 1.2506891881e-23, 1.01054817453e-23, 9.03675744557e-24, 1.81540228797e-23, 1.26897498389e-23, 1.83866895151e-23, 1.08804768424e-23, 1.37052023617e-23, 7.22539396767e-24, 5.21740690914e-24, 8.38670450524e-24, 8.99078026544e-24, 1.3552838611e-23, 1.29242182326e-23, 1.08961120655e-23, 1.80324325929e-23, 1.76273793394e-23, 1.09159014302e-23, 8.44020268525e-24, 9.27554958589e-24, 1.15341064781e-23],
        "stdev": [0.00267006084323, 0.00561078591272, 0.00118708622176, 0.00193757610396, 0.00226516183466, 0.0013276648242, 0.000390920584323, 0.000727978476789, 0.000739140494261, 0.000380063196644, 0.000165728633874, 0.000118623604067, 9.92983696051e-05, 0.00010919815395, 9.65132567217e-05, 8.11824138509e-05, 3.67838474631e-05, 1.75336735992e-05, 3.55095435225e-05, 4.16344446421e-05, 3.79144767066e-05, 1.29051995827e-05, 1.55775251187e-05, 7.18937963029e-06, 1.57904942171e-05, 1.75435670826e-05, 1.15800912681e-05, 7.44162662158e-06, 4.83609846924e-06, 5.97437247052e-06, 5.45412331121e-06, 4.39995483248e-06, 2.33409400607e-06, 5.48616435481e-06, 5.26213625562e-06, 4.71410794489e-06, 3.18935440191e-06, 2.36029814005e-06, 2.27961800192e-06, 3.2013301734e-06],
        "var": [7.12922519597e-06, 3.14809185511e-05, 1.40917370572e-06, 3.75420131604e-06, 5.1309580158e-06, 1.76269395524e-06, 1.52818898869e-07, 5.29952671968e-07, 5.46328692508e-07, 1.4444802332e-07, 2.74659779365e-08, 1.40715599173e-08, 9.86016601701e-09, 1.19242367091e-08, 9.31480936828e-09, 6.59058407848e-09, 1.35305155968e-09, 3.07429692814e-10, 1.26092769559e-09, 1.73342695753e-09, 1.43750755743e-09, 1.66544167346e-10, 2.42659281557e-10, 5.1687182312e-11, 2.49339687786e-10, 3.07776748532e-10, 1.34098510074e-10, 5.53778065071e-11, 2.33878472145e-11, 3.56931255385e-11, 2.97474614386e-11, 1.93596024628e-11, 5.44799491978e-12, 3.00980004808e-11, 2.76900776613e-11, 2.22228121322e-11, 1.01719821802e-11, 5.57100763091e-12, 5.1966586416e-12, 1.02485155778e-11]
    },
    "melbands128": {
