{
"lowlevel": {
    "average_loudness": 0.801873505116,
    "barkbands_crest": {
        "dmean": 3.23307728767,
        "dmean2": 5.11301898956,
        "dvar": 10.2427759171,
        "dvar2": 23.0557727814,
        "max": 25.2246055603,
        "mean": 11.2550430298,
        "median": 10.0613937378,
        "min": 2.21134400368,
        "stdev": 5.20058012009,
        "var": 27.0460319519
    },
    "barkbands_flatness_db": {
        "dmean": 0.0308498647064,
        "dmean2": 0.04628976807,
        "dvar": 0.000958522199653,
        "dvar2": 0.00190863385797,
        "max": 0.431252777576,
        "mean": 0.142014712095,
        "median": 0.132519721985,
        "min": 0.016852946952,
        "stdev": 0.0626697689295,
        "var": 0.00392749952152
    },
    "barkbands_kurtosis": {
        "dmean": 5.77180624008,
        "dmean2": 9.21853542328,
        "dvar": 126.236343384,
        "dvar2": 257.946807861,
        "max": 254.136871338,
        "mean": 8.13042736053,
        "median": 2.29989433289,
        "min": -1.96881425381,
        "stdev": 22.5550956726,
        "var": 508.73236084
    },
    "barkbands_skewness": {
        "dmean": 0.930617928505,
        "dmean2": 1.38278520107,
        "dvar": 1.1960259676,
        "dvar2": 2.37310028076,
        "max": 12.5128908157,
        "mean": 1.73811376095,
        "median": 1.5545617342,
        "min": -9.64793395996,
        "stdev": 1.97734320164,
        "var": 3.90988636017
    },
    "barkbands_spread": {
        "dmean": 10.4985589981,
        "dmean2": 16.6363677979,
        "dvar": 166.92666626,
        "dvar2": 383.194061279,
        "max": 123.93208313,
        "mean": 27.1894454956,
        "median": 22.4458885193,
        "min": 0.500615477562,
        "stdev": 20.2187480927,
        "var": 408.79776001
    },
    "dissonance": {
        "dmean": 0.0226567480713,
        "dmean2": 0.0368600524962,
        "dvar": 0.000597892794758,
        "dvar2": 0.00141521275509,
        "max": 0.499996602535,
        "mean": 0.456437408924,
        "median": 0.467973411083,
        "min": 0.229076504707,
        "stdev": 0.0379555001855,
        "var": 0.00144061993342
    },
    "dynamic_complexity": 3.36908602715,
    "erbbands_crest": {
        "dmean": 3.11325573921,
        "dmean2": 5.04815626144,
        "dvar": 9.58488273621,
        "dvar2": 21.8864078522,
        "max": 26.9366607666,
        "mean": 9.12851905823,
        "median": 8.16913223267,
        "min": 2.34281587601,
        "stdev": 4.67641305923,
        "var": 21.8688411713
    },
    "erbbands_flatness_db": {
        "dmean": 0.021870881319,
        "dmean2": 0.0332971774042,
        "dvar": 0.000524605915416,
        "dvar2": 0.00105871097185,
        "max": 0.339959830046,
        "mean": 0.142807722092,
        "median": 0.135295599699,
        "min": 0.0523779056966,
        "stdev": 0.0494501627982,
        "var": 0.00244531873614
    },
    "erbbands_kurtosis": {
        "dmean": 1.7417498827,
        "dmean2": 2.79408597946,
        "dvar": 14.1211891174,
        "dvar2": 31.5355262756,
        "max": 58.9720535278,
        "mean": 1.25651049614,
        "median": -0.0182864665985,
        "min": -1.83164680004,
        "stdev": 5.07139348984,
        "var": 25.7190341949
    },
    "erbbands_skewness": {
        "dmean": 0.529472827911,
        "dmean2": 0.781786859035,
        "dvar": 0.418861091137,
        "dvar2": 0.842088460922,
        "max": 3.99072241783,
        "mean": 0.307138204575,
        "median": 0.310973167419,
        "min": -5.79325342178,
        "stdev": 1.11715900898,
        "var": 1.2480443716
    },
    "erbbands_spread": {
        "dmean": 13.0367393494,
        "dmean2": 20.5480556488,
        "dvar": 200.288528442,
        "dvar2": 471.687683105,
        "max": 142.391662598,
        "mean": 44.3887901306,
        "median": 40.5117225647,
        "min": 3.2067861557,
        "stdev": 21.4277229309,
        "var": 459.147338867
    },
    "hfc": {
        "dmean": 14.5570802689,
        "dmean2": 22.3580436707,
        "dvar": 669.814086914,
        "dvar2": 1504.48571777,
        "max": 215.979446411,
        "mean": 26.0707435608,
        "median": 18.6744480133,
        "min": 1.18356151948e-16,
        "stdev": 29.7151184082,
        "var": 882.988220215
    },
    "loudness_ebu128": {
        "integrated": -7.18980693817,
        "loudness_range": 8.10902404785,
        "momentary": {
            "dmean": 0.527477562428,
            "dmean2": 0.741820037365,
            "dvar": 0.517704129219,
            "dvar2": 1.05208921432,
            "max": -4.00952339172,
            "mean": -8.31353759766,
            "median": -6.74733352661,
            "min": -24.9221172333,
            "stdev": 3.55908036232,
            "var": 12.6670532227
        },
        "short_term": {
            "dmean": 0.108964115381,
            "dmean2": 0.111410602927,
            "dvar": 0.0112854829058,
            "dvar2": 0.010616988875,
            "max": -5.10150957108,
            "mean": -8.34366035461,
            "median": -6.81425714493,
            "min": -15.2846050262,
            "stdev": 2.97427201271,
            "var": 8.8462934494
        }
    },
    "melbands_crest": {
        "dmean": 4.51839351654,
        "dmean2": 6.96034908295,
        "dvar": 19.8855991364,
        "dvar2": 44.3644256592,
        "max": 39.4661865234,
        "mean": 17.8608093262,
        "median": 16.5116882324,
        "min": 2.55202412605,
        "stdev": 8.50336360931,
        "var": 72.3071899414
    },
    "melbands_flatness_db": {
        "dmean": 0.0390483438969,
        "dmean2": 0.0566525608301,
        "dvar": 0.00156064576004,
        "dvar2": 0.00305724865757,
        "max": 0.529952406883,
        "mean": 0.194731131196,
        "median": 0.189810469747,
        "min": 0.00618354091421,
        "stdev": 0.0762166455388,
        "var": 0.0058089774102
    },
    "melbands_kurtosis": {
        "dmean": 16.5703048706,
        "dmean2": 25.6733455658,
        "dvar": 1588.68969727,
        "dvar2": 2870.18774414,
        "max": 1632.37353516,
        "mean": 26.9091205597,
        "median": 10.1583757401,
        "min": -1.91128337383,
        "stdev": 96.6678771973,
        "var": 9344.67871094
    },
    "melbands_skewness": {
        "dmean": 1.30258285999,
        "dmean2": 1.93610990047,
        "dvar": 2.46807837486,
        "dvar2": 4.95753145218,
        "max": 34.8753890991,
        "mean": 3.2523329258,
        "median": 2.6477560997,
        "min": -4.48623466492,
        "stdev": 3.12337660789,
        "var": 9.75548171997
    },
    "melbands_spread": {
        "dmean": 14.9408588409,
        "dmean2": 23.7406406403,
        "dvar": 770.655212402,
        "dvar2": 1891.82897949,
        "max": 271.015777588,
        "mean": 29.2574615479,
        "median": 21.2288761139,
        "min": 0.218219563365,
        "stdev": 31.1106281281,
        "var": 967.87121582
    },
    "pitch_salience": {
        "dmean": 0.100527584553,
        "dmean2": 0.159910291433,
        "dvar": 0.0103153036907,
        "dvar2": 0.0225391965359,
        "max": 0.894643127918,
        "mean": 0.522417724133,
        "median": 0.521899163723,
        "min": 0.0287958979607,
        "stdev": 0.179218262434,
        "var": 0.0321191847324
    },
    "silence_rate_20dB": {
        "dmean": 0,
        "dmean2": 0,
        "dvar": 0,
        "dvar2": 0,
        "max": 1,
        "mean": 1,
        "median": 1,
        "min": 1,
        "stdev": 0,
        "var": 0
    },
    "silence_rate_30dB": {
        "dmean": 0.0247678011656,
        "dmean2": 0.0495739728212,
        "dvar": 0.0241542402655,
        "dvar2": 0.0533122718334,
        "max": 1,
        "mean": 0.976024746895,
        "median": 1,
        "min": 0,
        "stdev": 0.15297241509,
        "var": 0.0234005600214
    },
    "silence_rate_60dB": {
        "dmean": 0.0441176481545,
        "dmean2": 0.0875290483236,
        "dvar": 0.0421709306538,
        "dvar2": 0.0922606810927,
        "max": 1,
        "mean": 0.0959010049701,
        "median": 0,
        "min": 0,
        "stdev": 0.294454395771,
        "var": 0.086703389883
    },
    "spectral_centroid": {
        "dmean": 493.187561035,
        "dmean2": 742.324768066,
        "dvar": 447379.5625,
        "dvar2": 797718,
        "max": 11253.8183594,
        "mean": 1725.81726074,
        "median": 1480.98205566,
        "min": 333.281005859,
        "stdev": 1078.0456543,
        "var": 1162182.375
    },
    "spectral_complexity": {
        "dmean": 5.06114530563,
        "dmean2": 7.17738199234,
        "dvar": 40.0588150024,
        "dvar2": 70.9931640625,
        "max": 61,
        "mean": 17.6921882629,
        "median": 15,
        "min": 0,
        "stdev": 12.5338048935,
        "var": 157.0962677
    },
    "spectral_decrease": {
        "dmean": 3.09347347738e-09,
        "dmean2": 4.77571759916e-09,
        "dvar": 1.4639323367e-17,
        "dvar2": 3.44308768368e-17,
        "max": -4.15342771707e-29,
        "mean": -8.89974138829e-09,
        "median": -6.42269259998e-09,
        "min": -3.67839838589e-08,
        "stdev": 7.96854848772e-09,
        "var": 6.34977719514e-17
    },
    "spectral_energy": {
        "dmean": 0.0124995848164,
        "dmean2": 0.0193260535598,
        "dvar": 0.000232128819334,
        "dvar2": 0.000548909010831,
        "max": 0.140539243817,
        "mean": 0.0359543673694,
        "median": 0.0264351814985,
        "min": 1.08920178459e-20,
        "stdev": 0.0309610199183,
        "var": 0.000958584772889
    },
    "spectral_energyband_high": {
        "dmean": 0.00132123054937,
        "dmean2": 0.00209353631362,
        "dvar": 6.37946868665e-06,
        "dvar2": 1.49784000314e-05,
        "max": 0.0210863389075,
        "mean": 0.00171057786793,
        "median": 0.000826901989058,
        "min": 7.86968810349e-21,
        "stdev": 0.00269673834555,
        "var": 7.27239785192e-06
    },
    "spectral_energyband_low": {
        "dmean": 0.00728898821399,
        "dmean2": 0.0110513195395,
        "dvar": 0.000173117194208,
        "dvar2": 0.000364005711162,
        "max": 0.122165828943,
        "mean": 0.0186923258007,
        "median": 0.00605328660458,
        "min": 5.67152178897e-23,
        "stdev": 0.0259211845696,
        "var": 0.00067190779373
    },
    "spectral_energyband_middle_high": {
        "dmean": 0.00270296260715,
        "dmean2": 0.00417964812368,
        "dvar": 2.55651284533e-05,
        "dvar2": 5.81799431529e-05,
        "max": 0.0484686717391,
        "mean": 0.00502132996917,
        "median": 0.00263163098134,
        "min": 1.55316266457e-21,
        "stdev": 0.00650808447972,
        "var": 4.23551609856e-05
    },
    "spectral_energyband_middle_low": {
        "dmean": 0.00653119850904,
        "dmean2": 0.010534927249,
        "dvar": 0.000121063661936,
        "dvar2": 0.000309004535666,
        "max": 0.0953789278865,
        "mean": 0.0105985403061,
        "median": 0.00770492572337,
        "min": 3.20344372437e-22,
        "stdev": 0.0116167720407,
        "var": 0.000134949383209
    },
    "spectral_entropy": {
        "dmean": 0.221810668707,
        "dmean2": 0.322673857212,
        "dvar": 0.0497548766434,
        "dvar2": 0.089872226119,
        "max": 9.81235218048,
        "mean": 7.85046958923,
        "median": 7.84173250198,
        "min": 5.7044506073,
        "stdev": 0.423774570227,
        "var": 0.179584875703
    },
    "spectral_flux": {
        "dmean": 0.0354439131916,
        "dmean2": 0.0557943359017,
        "dvar": 0.001386979362,
        "dvar2": 0.0028543449007,
        "max": 0.314335554838,
        "mean": 0.0996264889836,
        "median": 0.0881274417043,
        "min": 1.04364829279e-10,
        "stdev": 0.0610885061324,
        "var": 0.00373180536553
    },
    "spectral_kurtosis": {
        "dmean": 1.25455629826,
        "dmean2": 1.98389840126,
        "dvar": 4.97531366348,
        "dvar2": 13.183098793,
        "max": 36.9448509216,
        "mean": 2.71223139763,
        "median": 2.2844953537,
        "min": -1.20864748955,
        "stdev": 2.7616250515,
        "var": 7.62657260895
    },
    "spectral_rms": {
        "dmean": 0.00102846196387,
        "dmean2": 0.00154719303828,
        "dvar": 1.23153051845e-06,
        "dvar2": 2.69939528152e-06,
        "max": 0.0117094600573,
        "mean": 0.00526907714084,
        "median": 0.00507842702791,
        "min": 3.25980952301e-12,
        "stdev": 0.00270449183881,
        "var": 7.31427599021e-06
    },
    "spectral_rolloff": {
        "dmean": 1107.09436035,
        "dmean2": 1826.56994629,
        "dvar": 3536682,
        "dvar2": 7233080.5,
        "max": 18755.4199219,
        "mean": 2086.97412109,
        "median": 1055.12695312,
        "min": 43.06640625,
        "stdev": 2625.82421875,
        "var": 6894952.5
    },
    "spectral_skewness": {
        "dmean": 0.241241022944,
        "dmean2": 0.367934823036,
        "dvar": 0.0730431228876,
        "dvar2": 0.159800350666,
        "max": 4.85416603088,
        "mean": 1.24911344051,
        "median": 1.26838457584,
        "min": -0.519193410873,
        "stdev": 0.499343603849,
        "var": 0.249344021082
    },
    "spectral_spread": {
        "dmean": 1007363.25,
        "dmean2": 1490792.75,
        "dvar": 2.22545707008e+12,
        "dvar2": 3.3890458665e+12,
        "max": 41454956,
        "mean": 6038913.5,
        "median": 5741890.5,
        "min": 1379056.25,
        "stdev": 2223917.25,
        "var": 4.94580845773e+12
    },
    "spectral_strongpeak": {
        "dmean": 0.452118575573,
        "dmean2": 0.747160077095,
        "dvar": 0.446725815535,
        "dvar2": 1.04596817493,
        "max": 5.28226852417,
        "mean": 0.705635488033,
        "median": 0.371725797653,
        "min": 0,
        "stdev": 0.825307667255,
        "var": 0.681132733822
    },
    "zerocrossingrate": {
        "dmean": 0.0230206474662,
        "dmean2": 0.0265695340931,
        "dvar": 0.000948470144067,
        "dvar2": 0.00103039946407,
        "max": 0.5244140625,
        "mean": 0.0786967352033,
        "median": 0.0615234375,
        "min": 0.00244140625,
        "stdev": 0.0656043589115,
        "var": 0.00430393218994
    },
    "barkbands": {
        "dmean": [0.0017862013774, 0.00543001992628, 0.00197758735158, 0.00110006530304, 0.00170575408265, 0.00136311887763, 0.00171918096021, 0.00147117301822, 0.00106169376522, 0.000533858663402, 0.000532635953277, 0.000603528344072, 0.000485138356453, 0.000391647452489, 0.000325183034874, 0.000214280938962, 0.000172600819496, 0.000178931775736, 0.0002101684222, 0.000215026942897, 0.000312396325171, 0.000287226372166, 0.000228689459618, 0.000273297220701, 0.000166845464264, 9.55566283665e-05, 1.07010682768e-05],
        "dmean2": [0.00253100926057, 0.00843302812427, 0.00333430478349, 0.0019538810011, 0.0029502264224, 0.00219295872375, 0.00286823511124, 0.00245259539224, 0.00167721393518, 0.0008213474066, 0.00084505561972, 0.000923807383515, 0.000777967565227, 0.000628950772807, 0.000510764366481, 0.000342513114447, 0.000272468227195, 0.00028167970595, 0.000329210772179, 0.000351085123839, 0.000510647252668, 0.000467169651529, 0.000370232679415, 0.000431366701378, 0.000266664806986, 0.00015267530398, 1.77840465767e-05],
        "dvar": [1.76993307832e-05, 0.000128925545141, 3.18979873555e-05, 1.72920372279e-05, 1.87115638255e-05, 1.34726151373e-05, 1.22235715025e-05, 1.41992513818e-05, 4.39844961875e-06, 1.10440976187e-06, 2.06965864891e-06, 1.98844190891e-06, 1.04522007405e-06, 7.72212274569e-07, 5.418636988e-07, 2.25870479653e-07, 1.79133451184e-07, 1.98001202989e-07, 2.25615750082e-07, 2.75510615211e-07, 4.1515789917e-07, 2.89342523274e-07, 2.94956834068e-07, 2.4236848617e-07, 1.02529853052e-07, 5.5185825687e-08, 2.24606644394e-09],
        "dvar2": [3.97649637307e-05, 0.000269001728157, 8.379661449e-05, 4.90522143082e-05, 5.31011610292e-05, 3.03410979541e-05, 2.89850177069e-05, 3.48354769812e-05, 1.0277977708e-05, 2.49669415098e-06, 5.19632021678e-06, 4.47784304924e-06, 2.57858687291e-06, 1.87072032531e-06, 1.29353554712e-06, 5.52575841084e-07, 3.83258054626e-07, 4.38947353132e-07, 5.19292484569e-07, 7.28029590391e-07, 1.06263962607e-06, 6.98144560829e-07, 7.15565533937e-07, 5.32468902747e-07, 2.25709499091e-07, 1.20914833701e-07, 5.00795316327e-09],
        "max": [0.0469411686063, 0.0949671566486, 0.0550961345434, 0.0551569014788, 0.0365403965116, 0.0631618499756, 0.0393779426813, 0.0465620905161, 0.0318174026906, 0.0164260175079, 0.0196893885732, 0.0307076685131, 0.0113348271698, 0.0148279098794, 0.00995765905827, 0.00501165073365, 0.00437294412404, 0.00429424270988, 0.00418148050085, 0.00599251920357, 0.00724688451737, 0.00498806498945, 0.00527115445584, 0.00398219004273, 0.00346875214018, 0.00631158333272, 0.00131555472035],
        "mean": [0.00426775356755, 0.0119697134942, 0.00248365593143, 0.00110459921416, 0.00224084733054, 0.00177063245792, 0.00208718352951, 0.00149166560732, 0.00162621610798, 0.000831603712868, 0.000600371917244, 0.000970201974269, 0.000670571636874, 0.00047826586524, 0.000448267121101, 0.000299876497593, 0.00023472920293, 0.000228583448916, 0.000280660315184, 0.000286863883957, 0.000383888895158, 0.000315281940857, 0.000255627179286, 0.000318689038977, 0.000188361562323, 0.00010975227633, 1.0503282283e-05],
        "median": [0.000152409687871, 0.00426499312744, 0.000524760049302, 0.000233532220591, 0.000751790299546, 0.000488145567942, 0.000719343486708, 0.000461734714918, 0.000638002005871, 0.00023905542912, 0.000149189319927, 0.000234185776208, 0.000234866281971, 0.000141841592267, 0.000124656988191, 8.86434499989e-05, 7.48393940739e-05, 6.9350884587e-05, 0.000123839548905, 0.000139731186209, 0.000174290311406, 0.000110314700578, 8.8537701231e-05, 0.000103318699985, 4.86594472022e-05, 3.05774665321e-05, 7.09156665835e-07],
        "min": [8.23937636926e-23, 1.72292459737e-23, 8.82068528819e-24, 1.93849109491e-23, 3.81808394137e-23, 1.75594694595e-23, 1.00719892356e-22, 5.67163096732e-23, 7.06435038045e-23, 7.48644208293e-23, 5.92195735848e-23, 2.24573477856e-22, 6.99635688131e-23, 1.40008598559e-22, 1.90658479518e-22, 1.94263952508e-22, 2.36327177178e-22, 1.80407187879e-22, 1.3247430796e-22, 2.41733739522e-22, 4.72932891675e-22, 5.47987415361e-22, 7.31446926963e-22, 9.39023771839e-22, 1.19858087057e-21, 1.68559001953e-21, 2.35470754438e-21],
        "stdev": [0.00914072431624, 0.0184038113803, 0.00527381105348, 0.00333498464897, 0.00408687163144, 0.00437030429021, 0.00390581856482, 0.00375470914878, 0.00264294352382, 0.00155725411605, 0.00142661680002, 0.00186619104352, 0.00115005089901, 0.000929461151827, 0.000837155268528, 0.000566616246942, 0.000496457214467, 0.000498517765664, 0.000506412819959, 0.000499053508975, 0.000633584451862, 0.000565297261346, 0.000535162282176, 0.000558781845029, 0.000371683272533, 0.000317261292366, 5.60668522667e-05],
        "var": [8.35528335301e-05, 0.000338700250722, 2.78130828519e-05, 1.1122122487e-05, 1.67025209521e-05, 1.90995579032e-05, 1.52554184751e-05, 1.40978409036e-05, 6.98514986652e-06, 2.42504029302e-06, 2.03523541131e-06, 3.48266894434e-06, 1.32261698127e-06, 8.63898037551e-07, 7.00828991285e-07, 3.21053960306e-07, 2.4646973884e-07, 2.48519967272e-07, 2.56453972725e-07, 2.49054409096e-07, 4.01429247177e-07, 3.19561024753e-07, 2.86398659455e-07, 3.12237176558e-07, 1.38148450901e-07, 1.00654730772e-07, 3.14349191122e-09]
    },
    "erbbands": {
        "dmean": [0.303421795368, 0.965785264969, 2.15073752403, 2.93251466751, 4.56118535995, 6.40018939972, 7.47082185745, 13.1520910263, 16.8529262543, 38.9523353577, 24.9121723175, 21.0258026123, 22.8887577057, 17.3326282501, 18.4519767761, 24.2508544922, 21.4916477203, 20.2414836884, 17.0633831024, 15.9334363937, 10.3830127716, 9.13457393646, 9.91344738007, 9.48741912842, 10.4979829788, 10.1678524017, 10.3105888367, 12.9755678177, 10.7278060913, 7.89705133438, 6.62854957581, 6.46407222748, 4.08320236206, 2.11873602867, 1.11037409306, 0.472128242254, 0.165815100074, 0.0329510495067, 0.00129185372498, 3.94047601731e-05],
        "dmean2": [0.439529716969, 1.49747979641, 3.46737551689, 5.05600690842, 8.15018844604, 10.9603071213, 12.8029823303, 20.8241634369, 27.7553920746, 65.0994873047, 41.3493461609, 33.6257781982, 34.6811218262, 28.0475959778, 28.3970508575, 37.1875038147, 33.8025093079, 32.1732444763, 27.3497219086, 23.7997245789, 15.9887809753, 14.2867794037, 15.9557723999, 14.8785219193, 16.5446338654, 16.3352565765, 16.4591026306, 21.1405849457, 17.5361251831, 12.9562644958, 10.7127933502, 10.4343366623, 6.39132642746, 3.36875796318, 1.79287171364, 0.788652300835, 0.265039771795, 0.0519343577325, 0.00207332638092, 5.9780319134e-05],
        "dvar": [0.402784228325, 4.30699300766, 30.2456893921, 87.205116272, 267.564208984, 224.956054688, 289.977416992, 1695.97363281, 1159.22827148, 6816.00830078, 4708.62060547, 2225.20092773, 1499.31811523, 2937.15551758, 1633.91894531, 3186.37084961, 2087.15307617, 1744.70629883, 1947.35546875, 1000.89587402, 510.227905273, 464.738250732, 681.525756836, 516.160583496, 461.81539917, 624.632263184, 758.418212891, 505.273223877, 403.492828369, 304.919586182, 235.664093018, 154.620544434, 55.6455154419, 16.2796230316, 4.77840518951, 0.774307608604, 0.39129704237, 0.0150778405368, 3.82500329579e-05, 1.09008464477e-08],
        "dvar2": [0.772082984447, 10.5320672989, 76.9505462646, 238.081726074, 771.632385254, 606.182922363, 772.501037598, 3785.74633789, 2725.86547852, 17142.328125, 11763.7587891, 5162.18261719, 3134.19824219, 7601.96728516, 4006.546875, 6987.79492188, 5166.31152344, 4176.37939453, 5102.04199219, 2094.79833984, 1164.39562988, 967.92010498, 1415.11218262, 1146.9407959, 1045.01037598, 1605.4543457, 2005.1940918, 1225.89538574, 982.849914551, 769.925415039, 560.447998047, 366.121673584, 115.843437195, 35.9747695923, 10.987411499, 1.8434035778, 0.973698556423, 0.0330508463085, 8.88102513272e-05, 2.48560567684e-08],
        "max": [5.88964748383, 18.8047027588, 63.1652107239, 109.428756714, 218.379486084, 125.002128601, 259.349304199, 774.643371582, 408.324188232, 975.818664551, 1245.09655762, 877.989807129, 509.168121338, 949.785400391, 457.622283936, 1257.57116699, 542.903747559, 384.441986084, 615.124694824, 323.792449951, 219.653411865, 212.63319397, 235.893569946, 195.612045288, 204.742584229, 286.180938721, 343.510314941, 210.583175659, 172.860839844, 157.649841309, 158.239883423, 114.741676331, 59.6633834839, 46.5355033875, 27.095615387, 15.6318826675, 18.9033737183, 3.28879857063, 0.183712393045, 0.0029449115973],
        "mean": [0.607433319092, 1.6704107523, 2.9273045063, 3.36865472794, 5.27470350266, 8.4473028183, 8.40324401855, 17.875295639, 21.3150424957, 43.9488868713, 27.0853996277, 30.3305091858, 40.3028945923, 23.0512828827, 24.9921283722, 40.0115661621, 34.0493507385, 26.700553894, 20.6584625244, 25.1779384613, 15.6731653214, 13.0437583923, 12.9134988785, 12.7640075684, 14.9345254898, 13.7601556778, 13.0184602737, 15.8166160583, 11.7173252106, 8.65773868561, 7.33507633209, 7.16377258301, 4.84452056885, 2.41729807854, 1.20657920837, 0.51786339283, 0.192478597164, 0.0374439321458, 0.00127826235257, 7.36087022233e-05],
        "median": [0.148695856333, 0.663619279861, 0.904347598553, 0.843015551567, 1.31509006023, 2.66619801521, 3.0384747982, 4.94417190552, 9.03845977783, 13.9915075302, 10.7344360352, 12.1492099762, 12.9035453796, 8.92744922638, 8.1561498642, 10.3415031433, 13.3356351852, 9.70499897003, 7.15804243088, 6.52695417404, 5.01073122025, 4.67278051376, 3.93852925301, 4.77732229233, 7.20369243622, 6.53777122498, 5.70879125595, 6.66795063019, 4.06238746643, 2.86162257195, 2.4389603138, 2.38718295097, 1.43780350685, 0.604578197002, 0.315042644739, 0.168370679021, 0.0457907170057, 0.00545280613005, 0.000155078945681, 4.94749037898e-05],
        "min": [4.87366143233e-22, 4.915532907e-21, 1.23909587809e-20, 3.40650036849e-20, 7.93592491416e-20, 1.62104781841e-19, 2.00293746168e-19, 1.28974285453e-19, 8.40065708352e-19, 1.83906548601e-18, 1.32860064608e-18, 1.14256079868e-18, 2.18257394886e-18, 3.4551094304e-18, 2.9601433702e-18, 8.85495770403e-18, 3.45164437081e-18, 5.43879441842e-18, 1.20345208647e-17, 8.6079582644e-18, 1.23714555164e-17, 1.17483593861e-17, 1.06787801125e-17, 8.70504279854e-18, 6.12299851645e-18, 1.25565280795e-17, 1.5004952087e-17, 1.89316181594e-17, 2.0240289026e-17, 2.05578221565e-17, 2.06087301601e-17, 2.20592376863e-17, 1.36634040997e-17, 1.07157658392e-17, 9.92642377663e-18, 6.44914301068e-18, 3.24286605215e-18, 1.24495831389e-18, 3.04516848989e-19, 3.59078845415e-20],
        "stdev": [1.04960095882, 2.62482094765, 5.5014705658, 8.01428794861, 13.811463356, 15.5305242538, 16.3711719513, 48.8690071106, 41.156917572, 84.1157073975, 67.6480636597, 56.7143821716, 62.036113739, 52.252456665, 46.3638648987, 75.1541519165, 54.7854919434, 46.2377929688, 41.8163375854, 45.353717804, 27.7762203217, 25.6138648987, 29.4211387634, 25.0424041748, 23.6290912628, 24.2940139771, 25.442522049, 24.3486328125, 20.8579483032, 16.9309921265, 15.4391670227, 12.8839025497, 8.88218402863, 4.72632884979, 2.45848846436, 1.04517281055, 0.712945818901, 0.167910441756, 0.00701399799436, 0.000133905326948],
        "var": [1.10166215897, 6.8896856308, 30.2661781311, 64.2288131714, 190.756530762, 241.197174072, 268.015289307, 2388.17993164, 1693.89172363, 7075.45263672, 4576.26025391, 3216.52099609, 3848.47949219, 2730.3190918, 2149.60791016, 5648.14599609, 3001.45019531, 2137.93359375, 1748.60595703, 2056.9597168, 771.518432617, 656.070068359, 865.60345459, 627.122009277, 558.333984375, 590.19909668, 647.321960449, 592.855895996, 435.053985596, 286.658508301, 238.367889404, 165.994934082, 78.893196106, 22.3381824493, 6.0441660881, 1.09238612652, 0.508291780949, 0.0281939171255, 4.91961654916e-05, 1.79306383075e-08]
    },
    "gfcc": {
        "mean": [1.20027542114, 58.16614151, -106.553367615, 28.3167686462, -70.0843276978, 20.3410072327, -35.6704444885, 11.6468305588, -23.6606388092, 13.4502410889, -15.032579422, -0.339777469635, -13.362323761],
        "cov": [[9428.46582031, 851.633789062, -47.1224555969, -45.1476669312, 435.898712158, 343.052825928, 446.696899414, 251.868026733, 136.236328125, 172.643692017, -177.98324585, 440.072937012, -75.4679031372], [851.633789062, 2046.99804688, -121.152923584, -93.5947265625, 532.360656738, -63.7550430298, 546.264221191, 126.211540222, 110.881164551, -27.5077400208, 143.232254028, 32.5601806641, 79.4405288696], [-47.1224555969, -121.152923584, 1081.82519531, 288.921234131, 255.657211304, 333.728393555, 154.198532104, 204.013275146, 182.926925659, 147.873657227, 50.4181289673, 165.348327637, 19.3805370331], [-45.1476669312, -93.5947265625, 288.921234131, 498.637908936, 236.094070435, 157.001846313, 7.75549793243, 90.4300918579, 159.539093018, 93.5486984253, 64.8333435059, 24.6861801147, 88.1205444336], [435.898712158, 532.360656738, 255.657211304, 236.094070435, 659.157592773, 256.599517822, 312.605133057, 190.551452637, 143.910751343, 92.3099594116, 72.4404678345, 104.895545959, 54.3903160095], [343.052825928, -63.7550430298, 333.728393555, 157.001846313, 256.599517822, 490.1612854, 295.175262451, 208.723510742, 144.469970703, 94.3851699829, 69.3989868164, 101.742553711, 38.2489433289], [446.696899414, 546.264221191, 154.198532104, 7.75549793243, 312.605133057, 295.175262451, 586.657775879, 225.062057495, 135.901809692, 69.6869430542, 73.660736084, 137.507156372, 25.4236717224], [251.868026733, 126.211540222, 204.013275146, 90.4300918579, 190.551452637, 208.723510742, 225.062057495, 257.910858154, 119.709571838, 75.2450180054, 84.1803741455, 65.285774231, 29.6396694183], [136.236328125, 110.881164551, 182.926925659, 159.539093018, 143.910751343, 144.469970703, 135.901809692, 119.709571838, 258.337402344, 119.164291382, 70.6098861694, 62.2652511597, 72.2953414917], [172.643692017, -27.5077400208, 147.873657227, 93.5486984253, 92.3099594116, 94.3851699829, 69.6869430542, 75.2450180054, 119.164291382, 166.360488892, 48.2165527344, 40.4587020874, 13.2229509354], [-177.98324585, 143.232254028, 50.4181289673, 64.8333435059, 72.4404678345, 69.3989868164, 73.660736084, 84.1803741455, 70.6098861694, 48.2165527344, 136.131164551, 9.85445022583, 37.490436554], [440.072937012, 32.5601806641, 165.348327637, 24.6861801147, 104.895545959, 101.742553711, 137.507156372, 65.285774231, 62.2652511597, 40.4587020874, 9.85445022583, 154.698104858, 34.1428985596], [-75.4679031372, 79.4405288696, 19.3805370331, 88.1205444336, 54.3903160095, 38.2489433289, 25.4236717224, 29.6396694183, 72.2953414917, 13.2229509354, 37.490436554, 34.1428985596, 118.819465637]],
        "icov": [[0.000184756543604, -0.000260211032582, 0.000219516296056, -0.000155830959557, 0.00016636827786, -0.0003461294109, 0.000381812860724, -0.000318201229675, 5.05892021465e-05, -0.000292705197353, 0.000598236627411, -0.000854877987877, 0.00046271487372], [-0.000260211032582, 0.00179529841989, -0.000496108550578, 0.000919246289413, -0.00151915394235, 0.00198781769723, -0.00217588781379, 0.00101387850009, -0.000595856574364, 0.00121591659263, -0.00201329821721, 0.0023590202909, -0.00151362409815], [0.000219516296056, -0.000496108550578, 0.00187760742847, -0.000916565884836, 0.000374315190129, -0.00120758078992, 0.0011404431425, -0.00103870045859, -9.92650602711e-05, -0.000716686656233, 0.00103406340349, -0.00261668791063, 0.00164287711959], [-0.000155830959557, 0.000919246289413, -0.000916565884836, 0.0042507215403, -0.00193704920821, 0.000471750216093, -2.59142707364e-05, 0.00069096282823, -0.00138404872268, 0.000223930939683, -0.0012942122994, 0.00244629499502, -0.00262591731735], [0.00016636827786, -0.00151915394235, 0.000374315190129, -0.00193704920821, 0.00398108968511, -0.00177804287523, 0.000702823861502, -0.00128421245608, 0.000800998881459, -0.00118019012734, 0.0016393463593, -0.00223734020256, 0.00118646072224], [-0.0003461294109, 0.00198781769723, -0.00120758078992, 0.000471750216093, -0.00177804287523, 0.00632485933602, -0.00369450566359, -0.000199409507331, -0.000665097555611, 0.00113713811152, -0.00221164524555, 0.0027240794152, -0.00189043185674], [0.000381812860724, -0.00217588781379, 0.0011404431425, -2.59142707364e-05, 0.000702823861502, -0.00369450566359, 0.00670483289286, -0.00293622398749, -0.000242744252319, -0.000985249411315, 0.00216732313856, -0.00498963100836, 0.0027031309437], [-0.000318201229675, 0.00101387850009, -0.00103870045859, 0.00069096282823, -0.00128421245608, -0.000199409507331, -0.00293622398749, 0.00931136403233, -0.00129974936135, 0.000576854625251, -0.00427421275526, 0.00220006913878, -0.000822350324597], [5.05892021465e-05, -0.000595856574364, -9.92650602711e-05, -0.00138404872268, 0.000800998881459, -0.000665097555611, -0.000242744252319, -0.00129974936135, 0.00873682554811, -0.00456657959148, 0.000191211351193, -0.00071262777783, -0.00296649476513], [-0.000292705197353, 0.00121591659263, -0.000716686656233, 0.000223930939683, -0.00118019012734, 0.00113713811152, -0.000985249411315, 0.000576854625251, -0.00456657959148, 0.011108269915, -0.00333097390831, 0.000792761391494, 0.00155860173982], [0.000598236627411, -0.00201329821721, 0.00103406340349, -0.0012942122994, 0.0016393463593, -0.00221164524555, 0.00216732313856, -0.00427421275526, 0.000191211351193, -0.00333097390831, 0.013529789634, -0.00194124772679, -0.000375626026653], [-0.000854877987877, 0.0023590202909, -0.00261668791063, 0.00244629499502, -0.00223734020256, 0.0027240794152, -0.00498963100836, 0.00220006913878, -0.00071262777783, 0.000792761391494, -0.00194124772679, 0.0156495943666, -0.0063805966638], [0.00046271487372, -0.00151362409815, 0.00164287711959, -0.00262591731735, 0.00118646072224, -0.00189043185674, 0.0027031309437, -0.000822350324597, -0.00296649476513, 0.00155860173982, -0.000375626026653, -0.0063805966638, 0.0146771846339]]
    },
    "melbands": {
        "dmean": [0.0019991514273, 0.00101977668237, 0.000525534502231, 0.000368562992662, 0.000269252748694, 0.000281622662442, 0.00028155875043, 0.00042042467976, 0.000183810770977, 0.000145429890836, 0.000117124029202, 7.12796754669e-05, 6.99925294612e-05, 5.93585100432e-05, 6.53266979498e-05, 5.15270548931e-05, 3.62384234904e-05, 2.93778794003e-05, 2.35842617258e-05, 1.7794631276e-05, 1.19689866551e-05, 9.01244220586e-06, 1.15732600534e-05, 8.44455462357e-06, 7.7139457062e-06, 8.62954948389e-06, 7.83212362876e-06, 6.49171533951e-06, 5.9922103901e-06, 7.28900386093e-06, 8.2904152805e-06, 6.05041122981e-06, 5.69240546611e-06, 4.03042440666e-06, 3.69369240616e-06, 4.30736008639e-06, 3.88292846765e-06, 3.05504795506e-06, 2.29675015362e-06, 1.68780036347e-06],
        "dmean2": [0.00294873071834, 0.00158115010709, 0.000907181471121, 0.00064448826015, 0.00045570434304, 0.000448910606792, 0.00046016392298, 0.000697110430337, 0.000310145842377, 0.000228065197007, 0.00017714088608, 0.000115679424198, 0.000110510336526, 9.17558936635e-05, 0.000101353718492, 8.31259822007e-05, 5.78799481445e-05, 4.75920569443e-05, 3.69909830624e-05, 2.78539555438e-05, 1.86283104995e-05, 1.4114071746e-05, 1.83004030987e-05, 1.32861869133e-05, 1.21351231428e-05, 1.36539474624e-05, 1.2519007214e-05, 1.04932069007e-05, 9.69401298789e-06, 1.18090183605e-05, 1.36729331643e-05, 9.85370115814e-06, 9.58328655543e-06, 6.68224674882e-06, 6.01641704634e-06, 7.03588511897e-06, 6.28472980679e-06, 4.80235758005e-06, 3.72186013919e-06, 2.71474118563e-06],
        "dvar": [1.66105164681e-05, 4.78123138237e-06, 3.03913884636e-06, 1.04095875031e-06, 3.34112172595e-07, 6.84727808675e-07, 3.00995623093e-07, 7.79904553383e-07, 2.79662685898e-07, 9.57602424023e-08, 3.94234405121e-08, 4.46081429573e-08, 2.80514687034e-08, 1.6506531253e-08, 3.56837226434e-08, 1.28001280686e-08, 5.61414470468e-09, 6.75484690404e-09, 3.16241544063e-09, 1.31699218198e-09, 7.12222114618e-10, 3.82676501598e-10, 9.67240731953e-10, 5.04603359097e-10, 3.31498634099e-10, 3.88256260475e-10, 2.86854540121e-10, 2.47300263601e-10, 2.46665465831e-10, 3.41418143757e-10, 1.86874044017e-10, 1.28637211994e-10, 1.25342250468e-10, 9.90863502359e-11, 7.66325475299e-11, 9.52112555463e-11, 5.1628319675e-11, 3.12162171112e-11, 2.11973182063e-11, 1.05373834658e-11],
        "dvar2": [3.27859561366e-05, 1.17901445265e-05, 8.27419717098e-06, 2.98643362839e-06, 9.00426073258e-07, 1.517550686e-06, 7.09041955815e-07, 1.96042219613e-06, 7.11089796823e-07, 2.13948908367e-07, 8.35704199176e-08, 1.14485708025e-07, 6.86250487547e-08, 3.55161233756e-08, 8.67517684355e-08, 3.27122933186e-08, 1.34166251442e-08, 1.80880945777e-08, 7.53138262866e-09, 3.0359394998e-09, 1.64482327758e-09, 8.12532485739e-10, 2.07619721415e-09, 1.17268394995e-09, 7.46353367997e-10, 9.34650246087e-10, 7.2913641791e-10, 6.32617125351e-10, 6.55569099006e-10, 9.05008956664e-10, 4.57635013218e-10, 3.11474263048e-10, 3.13300690946e-10, 2.55945792338e-10, 1.7946906461e-10, 2.41902664566e-10, 1.21759574645e-10, 6.43875786022e-11, 4.87396650817e-11, 2.35764376771e-11],
        "max": [0.0369120389223, 0.0239834096283, 0.0208903774619, 0.00851234421134, 0.00676992489025, 0.0150583963841, 0.00586289120838, 0.00957202725112, 0.0104722604156, 0.00608080392703, 0.00244564074092, 0.00368774216622, 0.00155956565868, 0.00160414993297, 0.0045873215422, 0.00130566663574, 0.000705001642928, 0.00140265538357, 0.000800575013272, 0.000373299670173, 0.000272229430266, 0.000213496052311, 0.000307438138407, 0.000205716918572, 0.000159231422003, 0.000191452738363, 0.000184138247278, 0.00017748530081, 0.000189409794984, 0.000218191358726, 0.000137877548696, 9.6720737929e-05, 9.54889692366e-05, 9.82584970188e-05, 7.40539326216e-05, 0.000115026938147, 6.06410758337e-05, 5.17092776136e-05, 4.11290711781e-05, 4.32795022789e-05],
        "mean": [0.0044569815509, 0.00167188793421, 0.000647593697067, 0.000485195138026, 0.000323202548316, 0.000382871745387, 0.000357516837539, 0.00046459864825, 0.00019586570852, 0.000218093817239, 0.000202738927328, 9.27280634642e-05, 8.52505836519e-05, 9.24333653529e-05, 9.72095876932e-05, 7.03302648617e-05, 4.58529684693e-05, 3.34694304911e-05, 3.28830828948e-05, 2.72873603535e-05, 1.70888724824e-05, 1.30588750835e-05, 1.37686456583e-05, 1.00869301605e-05, 1.01409350464e-05, 1.1195766092e-05, 1.0652209312e-05, 8.46442890179e-06, 7.33369415684e-06, 8.81557298271e-06, 9.61041769187e-06, 6.58648605167e-06, 5.86147598369e-06, 4.36302480011e-06, 4.01972374675e-06, 4.56650741398e-06, 4.27103168477e-06, 3.60298713531e-06, 2.57732062892e-06, 1.86635872979e-06],
        "median": [0.00123808917124, 0.000777111796197, 0.00018548090884, 0.000148705308675, 0.000125235877931, 0.000106979670818, 0.000150694133481, 0.00014518572425, 6.57412601868e-05, 7.8084449342e-05, 6.43419407425e-05, 3.25016881106e-05, 2.38540433202e-05, 2.38261436607e-05, 2.66979568551e-05, 2.47472926276e-05, 1.45779367813e-05, 1.03725105873e-05, 9.18379282666e-06, 6.72805390423e-06, 5.5766558944e-06, 4.54797191196e-06, 3.85736302633e-06, 2.94377355203e-06, 3.6341705254e-06, 4.8413417062e-06, 5.25068480783e-06, 3.80326832783e-06, 2.94454434879e-06, 3.85054909202e-06, 3.44737622981e-06, 2.16161470235e-06, 1.85579403933e-06, 1.44257637658e-06, 1.26279996948e-06, 1.4339466361e-06, 1.4035086906e-06, 1.07371351987e-06, 6.5407607508e-07, 4.44426291324e-07],
        "min": [8.58008192324e-24, 6.26212656593e-24, 7.46467914605e-24, 8.29657714682e-24, 6.95012016593e-24, 2.97816231801e-24, 1.53346923801e-23, 1.80629409996e-23, 1.0946142413e-23, 8.01630827783e-24, 1.10717227582e-23, 1.39216799935e-23, 7.09752592582e-24, 2.73409786528e-23, 1.32535416281e-23, 6.69115448569e-24, 9.53787344701e-24, 2.12640833327e-23, 8.74310791791e-24, 1.40643738872e-23, 1.50487744782e-23, 1.35744833765e-23, 9.41897475365e-24, 9.03183574239e-24, 6.86557557614e-24, 4.34510700268e-24, 4.58921961537e-24, 9.81321193534e-24, 7.17561999999e-24, 1.35619720425e-23, 9.76565703339e-24, 1.07215758014e-23, 1.24020838212e-23, 1.09196721853e-23, 9.92783184715e-24, 1.58794103015e-23, 1.23720132323e-23, 9.71998277584e-24, 8.10392784743e-24, 9.42315098328e-24],
        "stdev": [0.007137528155, 0.00256943376735, 0.00150194950402, 0.000959123892244, 0.000564227753785, 0.000990385538898, 0.000643057399429, 0.000895889999811, 0.000511981430463, 0.000398570118705, 0.000313429802191, 0.000211679798667, 0.000178932983545, 0.000182593852514, 0.000205355259823, 0.000123226855067, 8.27076291898e-05, 7.46039586375e-05, 6.34470125078e-05, 4.89110279887e-05, 3.14775352308e-05, 2.41164616455e-05, 3.40075675922e-05, 2.36233881878e-05, 1.99962541956e-05, 2.02796145459e-05, 1.71512110683e-05, 1.53892633534e-05, 1.454519861e-05, 1.70385428646e-05, 1.49765046444e-05, 1.1830130461e-05, 1.12522120617e-05, 9.21198261494e-06, 8.83150642039e-06, 9.39104575082e-06, 7.53619633542e-06, 6.61517196932e-06, 5.20549519933e-06, 3.76494313059e-06],
        "var": [5.09443088959e-05, 6.60198929836e-06, 2.25585222324e-06, 9.19918647924e-07, 3.18352988415e-07, 9.80863546829e-07, 4.13522798226e-07, 8.02618842499e-07, 2.62124956407e-07, 1.5885814264e-07, 9.82382459824e-08, 4.48083348203e-08, 3.20170130408e-08, 3.3340512573e-08, 4.21707824216e-08, 1.51848560392e-08, 6.84055168065e-09, 5.56575097121e-09, 4.02552347012e-09, 2.39228881149e-09, 9.90835191672e-10, 5.81603709637e-10, 1.15651455079e-09, 5.58064483513e-10, 3.99850180743e-10, 4.11262746081e-10, 2.94164026471e-10, 2.36829444944e-10, 2.11562808938e-10, 2.90311968909e-10, 2.2429569313e-10, 1.39951994438e-10, 1.26612276219e-10, 8.48606254711e-11, 7.79955128261e-11, 8.81917386342e-11, 5.67942533281e-11, 4.37605021664e-11, 2.7097182137e-11, 1.41747976204e-11]
    },
    "melbands128": {
