{
"lowlevel": {
    "average_loudness": 0.978928565979,
    "barkbands_crest": {
        "dmean": 3.31319618225,
        "dmean2": 5.13774585724,
        "dvar": 11.193230629,
        "dvar2": 25.6373023987,
        "max": 25.8848114014,
        "mean": 12.0687837601,
        "median": 11.2245864868,
        "min": 2.03449416161,
        "stdev": 5.16860294342,
        "var": 26.7144546509
    },
    "barkbands_flatness_db": {
        "dmean": 0.0346334651113,
        "dmean2": 0.0494546703994,
        "dvar": 0.00126639346126,
        "dvar2": 0.00257300934754,
        "max": 0.405944049358,
        "mean": 0.138979122043,
        "median": 0.130298703909,
        "min": 0.0174449402839,
        "stdev": 0.0601595565677,
        "var": 0.00361917237751
    },
    "barkbands_kurtosis": {
        "dmean": 7.8180270195,
        "dmean2": 11.9357814789,
        "dvar": 264.399017334,
        "dvar2": 538.656677246,
        "max": 226.83430481,
        "mean": 10.5134563446,
        "median": 4.38253498077,
        "min": -1.93537819386,
        "stdev": 20.0748806,
        "var": 403.000823975
    },
    "barkbands_skewness": {
        "dmean": 0.985374808311,
        "dmean2": 1.42574214935,
        "dvar": 1.42128503323,
        "dvar2": 2.73474025726,
        "max": 14.4508705139,
        "mean": 2.345246315,
        "median": 2.10433793068,
        "min": -3.54025244713,
        "stdev": 1.95810270309,
        "var": 3.83416628838
    },
    "barkbands_spread": {
        "dmean": 11.6901903152,
        "dmean2": 17.8082180023,
        "dvar": 193.206192017,
        "dvar2": 389.18081665,
        "max": 120.722389221,
        "mean": 29.8179206848,
        "median": 23.022851944,
        "min": 0.891728162766,
        "stdev": 23.5704994202,
        "var": 555.56842041
    },
    "dissonance": {
        "dmean": 0.0194715484977,
        "dmean2": 0.0310596898198,
        "dvar": 0.000593695731368,
        "dvar2": 0.00146502640564,
        "max": 0.500000059605,
        "mean": 0.458308875561,
        "median": 0.464635908604,
        "min": 0.0201191268861,
        "stdev": 0.0316762216389,
        "var": 0.00100338296033
    },
    "dynamic_complexity": 2.02547955513,
    "erbbands_crest": {
        "dmean": 2.61605834961,
        "dmean2": 4.10030317307,
        "dvar": 7.16711759567,
        "dvar2": 15.6285734177,
        "max": 26.2768802643,
        "mean": 8.39783668518,
        "median": 7.26870965958,
        "min": 2.22614908218,
        "stdev": 4.19623947144,
        "var": 17.6084251404
    },
    "erbbands_flatness_db": {
        "dmean": 0.0175352841616,
        "dmean2": 0.025844341144,
        "dvar": 0.000259228341747,
        "dvar2": 0.000508701894432,
        "max": 0.256358623505,
        "mean": 0.116485580802,
        "median": 0.111884795129,
        "min": 0.0462869405746,
        "stdev": 0.0330589190125,
        "var": 0.00109289202373
    },
    "erbbands_kurtosis": {
        "dmean": 1.19226121902,
        "dmean2": 1.8278311491,
        "dvar": 4.95611286163,
        "dvar2": 9.73664665222,
        "max": 39.1306495667,
        "mean": 0.563645482063,
        "median": -0.358285188675,
        "min": -1.70792770386,
        "stdev": 2.88987708092,
        "var": 8.35138988495
    },
    "erbbands_skewness": {
        "dmean": 0.470809280872,
        "dmean2": 0.68137973547,
        "dvar": 0.255091816187,
        "dvar2": 0.491868704557,
        "max": 5.72920751572,
        "mean": 0.406520396471,
        "median": 0.461282163858,
        "min": -3.15858507156,
        "stdev": 1.02691018581,
        "var": 1.05454444885
    },
    "erbbands_spread": {
        "dmean": 15.2570085526,
        "dmean2": 24.1997737885,
        "dvar": 329.285644531,
        "dvar2": 809.677185059,
        "max": 168.486251831,
        "mean": 59.4280700684,
        "median": 56.800403595,
        "min": 8.34670066833,
        "stdev": 24.1191997528,
        "var": 581.735778809
    },
    "hfc": {
        "dmean": 19.3385810852,
        "dmean2": 28.5347423553,
        "dvar": 724.935119629,
        "dvar2": 1725.27514648,
        "max": 187.334213257,
        "mean": 36.7417297363,
        "median": 23.8670406342,
        "min": 1.23889844662e-16,
        "stdev": 36.3527488708,
        "var": 1321.5222168
    },
    "loudness_ebu128": {
        "integrated": -8.50324344635,
        "loudness_range": 1.43887901306,
        "momentary": {
            "dmean": 0.539388239384,
            "dmean2": 0.699968278408,
            "dvar": 0.174159795046,
            "dvar2": 0.280728667974,
            "max": -6.60739517212,
            "mean": -8.74349784851,
            "median": -8.25442886353,
            "min": -16.1020355225,
            "stdev": 1.60899746418,
            "var": 2.58887267113
        },
        "short_term": {
            "dmean": 0.0658387765288,
            "dmean2": 0.0852827206254,
            "dvar": 0.00343568832614,
            "dvar2": 0.00435789907351,
            "max": -7.73095941544,
            "mean": -8.35687065125,
            "median": -8.16726779938,
            "min": -10.1572561264,
            "stdev": 0.538623929024,
            "var": 0.290115714073
        }
    },
    "melbands_crest": {
        "dmean": 4.18514108658,
        "dmean2": 6.27591228485,
        "dvar": 16.7780685425,
        "dvar2": 35.1491508484,
        "max": 37.6788368225,
        "mean": 18.3548374176,
        "median": 17.6784629822,
        "min": 2.10151386261,
        "stdev": 7.32002973557,
        "var": 53.5828323364
    },
    "melbands_flatness_db": {
        "dmean": 0.0435652881861,
        "dmean2": 0.0625084415078,
        "dvar": 0.00217720936053,
        "dvar2": 0.00422188453376,
        "max": 0.529808998108,
        "mean": 0.206275373697,
        "median": 0.19992262125,
        "min": 0.00543891638517,
        "stdev": 0.0814684256911,
        "var": 0.00663710478693
    },
    "melbands_kurtosis": {
        "dmean": 24.2491436005,
        "dmean2": 37.7977905273,
        "dvar": 2895.06225586,
        "dvar2": 6685.42773438,
        "max": 837.069885254,
        "mean": 36.0477142334,
        "median": 18.3646450043,
        "min": -1.77767729759,
        "stdev": 62.4889183044,
        "var": 3904.86474609
    },
    "melbands_skewness": {
        "dmean": 1.39733064175,
        "dmean2": 2.10697817802,
        "dvar": 3.50747275352,
        "dvar2": 7.77513647079,
        "max": 22.2414646149,
        "mean": 4.17767238617,
        "median": 3.55943250656,
        "min": -1.31316709518,
        "stdev": 2.73491597176,
        "var": 7.47976493835
    },
    "melbands_spread": {
        "dmean": 12.6212120056,
        "dmean2": 18.9107933044,
        "dvar": 392.808990479,
        "dvar2": 762.430786133,
        "max": 237.323760986,
        "mean": 26.1919403076,
        "median": 15.9524822235,
        "min": 0.620293080807,
        "stdev": 32.8844909668,
        "var": 1081.38977051
    },
    "pitch_salience": {
        "dmean": 0.0943901538849,
        "dmean2": 0.148417964578,
        "dvar": 0.00952808372676,
        "dvar2": 0.0211809854954,
        "max": 0.897826433182,
        "mean": 0.511346042156,
        "median": 0.519271433353,
        "min": 0.0462730154395,
        "stdev": 0.153788030148,
        "var": 0.0236507598311
    },
    "silence_rate_20dB": {
        "dmean": 0,
        "dmean2": 0,
        "dvar": 0,
        "dvar2": 0,
        "max": 1,
        "mean": 1,
        "median": 1,
        "min": 1,
        "stdev": 0,
        "var": 0
    },
    "silence_rate_30dB": {
        "dmean": 0.0820433422923,
        "dmean2": 0.16421379149,
        "dvar": 0.0753118991852,
        "dvar2": 0.146542429924,
        "max": 1,
        "mean": 0.90487241745,
        "median": 1,
        "min": 0,
        "stdev": 0.293390154839,
        "var": 0.0860777869821
    },
    "silence_rate_60dB": {
        "dmean": 0.0170278642327,
        "dmean2": 0.0340821072459,
        "dvar": 0.0167378876358,
        "dvar2": 0.0422157235444,
        "max": 1,
        "mean": 0.0270688328892,
        "median": 0,
        "min": 0,
        "stdev": 0.162283152342,
        "var": 0.0263358205557
    },
    "spectral_centroid": {
        "dmean": 440.944458008,
        "dmean2": 645.10546875,
        "dvar": 299081.8125,
        "dvar2": 518327.0625,
        "max": 11292.8359375,
        "mean": 1474.86328125,
        "median": 1172.56872559,
        "min": 217.077438354,
        "stdev": 992.156799316,
        "var": 984375.125
    },
    "spectral_complexity": {
        "dmean": 6.71981430054,
        "dmean2": 9.93803215027,
        "dvar": 66.5314712524,
        "dvar2": 134.707595825,
        "max": 59,
        "mean": 17.7641143799,
        "median": 15,
        "min": 0,
        "stdev": 11.3360052109,
        "var": 128.505020142
    },
    "spectral_decrease": {
        "dmean": 4.88428009149e-09,
        "dmean2": 6.94971458159e-09,
        "dvar": 5.32607765963e-17,
        "dvar2": 9.52054510976e-17,
        "max": -2.31787022976e-29,
        "mean": -1.13408313851e-08,
        "median": -8.02026445257e-09,
        "min": -6.12208879147e-08,
        "stdev": 1.0887506896e-08,
        "var": 1.1853780081e-16
    },
    "spectral_energy": {
        "dmean": 0.0191988050938,
        "dmean2": 0.0270175356418,
        "dvar": 0.000763673509937,
        "dvar2": 0.00134747684933,
        "max": 0.235004499555,
        "mean": 0.0461355783045,
        "median": 0.0336613059044,
        "min": 1.13246567322e-20,
        "stdev": 0.0418644659221,
        "var": 0.00175263360143
    },
    "spectral_energyband_high": {
        "dmean": 0.00163860444445,
        "dmean2": 0.0024149697274,
        "dvar": 5.3617281992e-06,
        "dvar2": 1.17737108667e-05,
        "max": 0.0188421327621,
        "mean": 0.00278109684587,
        "median": 0.00134785089176,
        "min": 8.13735292528e-21,
        "stdev": 0.00350554799661,
        "var": 1.22888668557e-05
    },
    "spectral_energyband_low": {
        "dmean": 0.0148034952581,
        "dmean2": 0.0220605041832,
        "dvar": 0.000849870441016,
        "dvar2": 0.0017109666951,
        "max": 0.221431791782,
        "mean": 0.0262284986675,
        "median": 0.0112567059696,
        "min": 3.64955390639e-23,
        "stdev": 0.0383898690343,
        "var": 0.00147378211841
    },
    "spectral_energyband_middle_high": {
        "dmean": 0.00293618720025,
        "dmean2": 0.00490342313424,
        "dvar": 3.26364388457e-05,
        "dvar2": 8.62972665345e-05,
        "max": 0.0393090955913,
        "mean": 0.0038129799068,
        "median": 0.00213231146336,
        "min": 1.75800437092e-21,
        "stdev": 0.0053615574725,
        "var": 2.87462989945e-05
    },
    "spectral_energyband_middle_low": {
        "dmean": 0.00697630643845,
        "dmean2": 0.0112575413659,
        "dvar": 0.000100881043181,
        "dvar2": 0.000263358466327,
        "max": 0.0758671164513,
        "mean": 0.0142435617745,
        "median": 0.0120352339,
        "min": 3.42328423875e-22,
        "stdev": 0.0115076228976,
        "var": 0.000132425382617
    },
    "spectral_entropy": {
        "dmean": 0.237799867988,
        "dmean2": 0.329667031765,
        "dvar": 0.0628696754575,
        "dvar2": 0.114821322262,
        "max": 9.78289794922,
        "mean": 7.85672235489,
        "median": 7.87379455566,
        "min": 5.85485076904,
        "stdev": 0.477429509163,
        "var": 0.227938935161
    },
    "spectral_flux": {
        "dmean": 0.0465130470693,
        "dmean2": 0.0648293793201,
        "dvar": 0.00272227567621,
        "dvar2": 0.0044579776004,
        "max": 0.454112559557,
        "mean": 0.111039020121,
        "median": 0.0835090875626,
        "min": 1.06417367973e-10,
        "stdev": 0.0830099433661,
        "var": 0.00689065037295
    },
    "spectral_kurtosis": {
        "dmean": 0.868475973606,
        "dmean2": 1.33235669136,
        "dvar": 1.32128429413,
        "dvar2": 2.81599521637,
        "max": 20.6076011658,
        "mean": 2.07516121864,
        "median": 1.93306064606,
        "min": -1.20943641663,
        "stdev": 1.67053592205,
        "var": 2.79069042206
    },
    "spectral_rms": {
        "dmean": 0.00126892642584,
        "dmean2": 0.0017396688927,
        "dvar": 2.13110024561e-06,
        "dvar2": 3.52780875801e-06,
        "max": 0.0151417534798,
        "mean": 0.00612947065383,
        "median": 0.00573064526543,
        "min": 3.32392034903e-12,
        "stdev": 0.0027276056353,
        "var": 7.43983264329e-06
    },
    "spectral_rolloff": {
        "dmean": 1109.79541016,
        "dmean2": 1761.28662109,
        "dvar": 3575945,
        "dvar2": 6343867,
        "max": 18776.953125,
        "mean": 2155.05322266,
        "median": 602.9296875,
        "min": 43.06640625,
        "stdev": 3150.09741211,
        "var": 9923113
    },
    "spectral_skewness": {
        "dmean": 0.199390664697,
        "dmean2": 0.288801342249,
        "dvar": 0.047205734998,
        "dvar2": 0.0948695391417,
        "max": 3.76315236092,
        "mean": 1.30949282646,
        "median": 1.31502318382,
        "min": -0.0542507246137,
        "stdev": 0.403471529484,
        "var": 0.162789270282
    },
    "spectral_spread": {
        "dmean": 992155.3125,
        "dmean2": 1527277.125,
        "dvar": 1.54467749069e+12,
        "dvar2": 2.98944823296e+12,
        "max": 40431140,
        "mean": 7420494,
        "median": 7127304.5,
        "min": 2752647,
        "stdev": 1963377.375,
        "var": 3.85485058867e+12
    },
    "spectral_strongpeak": {
        "dmean": 0.307197779417,
        "dmean2": 0.516643047333,
        "dvar": 0.209581166506,
        "dvar2": 0.519003272057,
        "max": 5.12895154953,
        "mean": 0.594287753105,
        "median": 0.375199019909,
        "min": 0,
        "stdev": 0.572403848171,
        "var": 0.327646195889
    },
    "zerocrossingrate": {
        "dmean": 0.0231839120388,
        "dmean2": 0.0243826694787,
        "dvar": 0.000823728798423,
        "dvar2": 0.000762501964346,
        "max": 0.50830078125,
        "mean": 0.0865711718798,
        "median": 0.06591796875,
        "min": 0.0029296875,
        "stdev": 0.0732218846679,
        "var": 0.0053614443168
    },
    "barkbands": {
        "dmean": [0.00135115208104, 0.0130098508671, 0.00361612602137, 0.00244423816912, 0.00287088449113, 0.00185007206164, 0.00134105805773, 0.000646899046842, 0.000451478292234, 0.000424492842285, 0.000559379346669, 0.000337027973728, 0.000219656561967, 0.00027599214809, 0.000299179897411, 0.000261369423242, 0.000389110064134, 0.000372932583559, 0.000302829983411, 0.000239810338826, 0.000242315582, 0.000297370075714, 0.000255551858572, 0.000345310865669, 0.000427422957728, 0.000171932420926, 1.06246307041e-05],
        "dmean2": [0.0019995411858, 0.019684817642, 0.00663983076811, 0.00432705506682, 0.0045389989391, 0.00300155696459, 0.00214952346869, 0.000980043900199, 0.000751783838496, 0.000705695711076, 0.000948327535298, 0.00058430142235, 0.00036217685556, 0.000463665084681, 0.000495970598422, 0.000456217007013, 0.000673425849527, 0.000669018947519, 0.000513460196089, 0.000389499909943, 0.000391732814023, 0.000470435596071, 0.000394025846617, 0.000527228869032, 0.000625829445198, 0.000244972732617, 1.77293113666e-05],
        "dvar": [6.2496069404e-06, 0.0007797718863, 0.000114260757982, 4.11525106756e-05, 1.5876163161e-05, 1.09988350232e-05, 7.25797144696e-06, 1.76193998414e-06, 1.31072954446e-06, 1.20022264127e-06, 2.14127112486e-06, 7.37419497909e-07, 1.75618779963e-07, 2.51351110592e-07, 2.5018889005e-07, 3.47672397538e-07, 6.11301231856e-07, 6.82295137722e-07, 2.65055803084e-07, 1.45803142004e-07, 1.44002683555e-07, 2.21713065685e-07, 1.45406218621e-07, 2.70672757097e-07, 4.36923500047e-07, 7.19753714407e-08, 3.6849853724e-10],
        "dvar2": [1.22431092677e-05, 0.00177880667616, 0.000324779161019, 0.00011646287021, 4.02271434723e-05, 2.56474777416e-05, 1.87576806638e-05, 3.80243636755e-06, 3.52290589944e-06, 3.06746483147e-06, 5.9046383285e-06, 2.00993713406e-06, 4.48680168574e-07, 6.68711265916e-07, 6.30085423836e-07, 9.69340931078e-07, 1.70961391177e-06, 1.93978667085e-06, 7.15704459253e-07, 3.6626641986e-07, 3.55275744823e-07, 5.49041146769e-07, 3.4527306525e-07, 5.83147539146e-07, 8.92128753094e-07, 1.42797858871e-07, 9.25538201635e-10],
        "max": [0.0200046878308, 0.210845887661, 0.0780763179064, 0.0433758832514, 0.0361002609134, 0.0395003706217, 0.0311720594764, 0.0211943686008, 0.00825314689428, 0.00910071376711, 0.0152805792168, 0.0064196982421, 0.00443565426394, 0.00416452344507, 0.00377453770489, 0.00452976627275, 0.006180240307, 0.00649230973795, 0.00416899006814, 0.0031538256444, 0.00330447801389, 0.00496658449993, 0.00498881749809, 0.005617051851, 0.00794344674796, 0.00454620225355, 0.000177620895556],
        "mean": [0.00247671850957, 0.0200359355658, 0.0028756596148, 0.00205285917036, 0.00520219840109, 0.00312522565946, 0.00211307336576, 0.0010593640618, 0.000527831318323, 0.000414916517911, 0.000664960127324, 0.000310344563331, 0.000252389145317, 0.000331500486936, 0.000362766470062, 0.000266190065304, 0.000426364742452, 0.000349184527295, 0.000365212617908, 0.000290412077447, 0.000311012670863, 0.000388701097108, 0.000381733116228, 0.000543202681001, 0.000715628091712, 0.000281422311673, 1.07497489807e-05],
        "median": [0.000614579708781, 0.00771956471726, 0.000635060598142, 0.000401445955504, 0.00332750286907, 0.00160536379553, 0.00106847833376, 0.000225959141972, 0.000138226576382, 8.79064027686e-05, 0.000139030744322, 7.11535612936e-05, 9.12823161343e-05, 0.000124425874674, 0.000130153028294, 8.84831533767e-05, 0.000158595255925, 0.000144302801345, 0.000190489372471, 0.000121304612549, 0.000154531444423, 0.000177862733835, 0.000204480296816, 0.000235985746258, 0.00026830699062, 8.44637324917e-05, 2.3048651201e-06],
        "min": [4.00230236872e-24, 1.84950616485e-23, 1.13425529065e-23, 7.99456569356e-24, 4.53350915384e-23, 9.0484466287e-23, 5.33221125662e-23, 9.22728896897e-23, 3.64884708702e-23, 7.08823582648e-23, 7.91450704018e-23, 6.49313051918e-23, 5.74264990581e-23, 1.88458201303e-22, 1.17230372449e-22, 2.47164687133e-22, 2.86113438462e-22, 2.79134102044e-22, 2.44576314597e-22, 3.18166914391e-22, 4.62868945035e-22, 3.95830308375e-22, 8.01653629018e-22, 1.02987469873e-21, 1.19973561147e-21, 1.80607798362e-21, 2.63884065167e-21],
        "stdev": [0.00369408749975, 0.0327251888812, 0.00830305088311, 0.00511748716235, 0.00562302162871, 0.00464335316792, 0.00305808894336, 0.00218261801638, 0.00112701754551, 0.00100922724232, 0.00148009078111, 0.000744326564018, 0.000436594476923, 0.000514342973474, 0.000554721860681, 0.000503310759086, 0.000717208837159, 0.00066715531284, 0.00051026570145, 0.000405786995543, 0.000436049915152, 0.000554506957997, 0.000493327679578, 0.000796513573732, 0.00111448497046, 0.00044407628593, 1.96955716092e-05],
        "var": [1.36462831506e-05, 0.00107093795668, 6.89406588208e-05, 2.61886762019e-05, 3.16183723044e-05, 2.15607269638e-05, 9.35190837481e-06, 4.76382092529e-06, 1.27016846818e-06, 1.01853959222e-06, 2.19066873797e-06, 5.54022051347e-07, 1.90614741769e-07, 2.64548674522e-07, 3.07716334191e-07, 2.53321729815e-07, 5.14388489137e-07, 4.45096247859e-07, 2.60371109562e-07, 1.6466307784e-07, 1.90139530787e-07, 3.07477989736e-07, 2.4337222726e-07, 6.34433888536e-07, 1.24207679164e-06, 1.97203746666e-07, 3.87915505273e-10]
    },
    "erbbands": {
        "dmean": [0.472511827946, 2.81558322906, 4.32149648666, 6.3034324646, 8.7329492569, 12.2710800171, 7.34194278717, 18.5679702759, 19.2459030151, 21.2791614532, 9.81452941895, 9.47501468658, 14.0210866928, 14.0686044693, 21.9211158752, 12.2748985291, 10.4547786713, 12.3772945404, 15.6515398026, 13.2564325333, 17.2878284454, 20.8737888336, 20.8827514648, 14.9913511276, 14.8981866837, 10.9326982498, 9.87340164185, 10.3405790329, 10.9214906693, 8.57323455811, 7.52245473862, 6.08519887924, 6.73582077026, 4.95344257355, 3.11304426193, 1.13630628586, 0.249863564968, 0.0360775068402, 0.00111567100976, 4.93866755278e-05],
        "dmean2": [0.687568247318, 4.56761407852, 7.56919527054, 11.1690425873, 14.5698509216, 19.0731811523, 11.9969997406, 30.2483577728, 31.2298336029, 34.0071029663, 13.8000354767, 15.5298671722, 23.0046577454, 23.8895359039, 37.7168579102, 20.9735889435, 17.3469409943, 20.0239849091, 26.2641372681, 21.8842945099, 30.4604930878, 35.7479438782, 37.255405426, 25.9391365051, 25.0887107849, 17.9391555786, 15.9560966492, 16.5869903564, 17.5466823578, 13.2023563385, 11.780962944, 9.49954128265, 10.174487114, 7.31976461411, 4.62633943558, 1.59603595734, 0.35874581337, 0.0561321973801, 0.00176939019002, 6.91773166182e-05],
        "dvar": [0.739616632462, 51.5985031128, 153.182617188, 296.665405273, 278.777008057, 329.842834473, 171.381164551, 1151.60266113, 1141.91052246, 1703.06506348, 478.590759277, 579.647644043, 1359.41894531, 1069.18518066, 3937.39550781, 890.726196289, 424.538848877, 414.46081543, 853.215454102, 512.095214844, 1732.04492188, 1620.26049805, 2070.96972656, 798.022460938, 629.565856934, 297.92489624, 259.578399658, 247.22694397, 329.241088867, 180.767868042, 131.01751709, 79.4839706421, 114.897171021, 59.2336006165, 22.8191547394, 2.79573750496, 0.17652207613, 0.00371702574193, 3.62348600902e-06, 3.95790467067e-09],
        "dvar2": [1.50051820278, 124.556427002, 417.256256104, 837.741271973, 746.688537598, 796.210327148, 424.405212402, 2599.23461914, 2756.12963867, 4264.44384766, 867.959350586, 1506.93249512, 3508.25024414, 2713.54077148, 11040.2333984, 2403.625, 1101.16101074, 1034.99645996, 2204.08398438, 1341.72827148, 4908.76123047, 4497.80517578, 5884.76806641, 2203.93579102, 1659.95898438, 754.086486816, 656.62121582, 615.682922363, 845.142150879, 427.069030762, 315.166992188, 190.231460571, 238.83694458, 120.177711487, 48.3590888977, 5.49023580551, 0.368855625391, 0.00874220021069, 8.5506353571e-06, 7.99055044354e-09],
        "max": [6.5342912674, 49.2076072693, 83.0767822266, 118.673355103, 122.825592041, 197.608291626, 166.633712769, 446.20904541, 484.315155029, 412.273254395, 452.9034729, 190.194580078, 282.369384766, 255.628662109, 667.698242188, 265.713256836, 226.525985718, 210.61541748, 242.614807129, 191.720703125, 352.926300049, 288.314910889, 334.225097656, 209.416931152, 192.707000732, 132.423110962, 137.851669312, 118.510910034, 163.462890625, 158.504455566, 152.745315552, 88.9015960693, 147.340805054, 99.3579559326, 55.7606544495, 25.2707767487, 7.52961397171, 0.846350431442, 0.0188897773623, 0.000777967448812],
        "mean": [0.86637455225, 3.30509090424, 3.78454756737, 5.37422800064, 10.638838768, 22.5842113495, 12.6617832184, 31.0609798431, 30.5578269958, 36.8290901184, 16.291929245, 11.5417737961, 15.000752449, 15.3804731369, 25.4490776062, 12.7016973495, 12.4554824829, 16.5538883209, 17.0042190552, 17.1731128693, 17.8437709808, 23.7398662567, 20.3365268707, 16.3396549225, 18.6156997681, 13.5792007446, 11.9735765457, 13.4022293091, 14.1539058685, 11.8353967667, 11.0572338104, 9.22700214386, 10.4936380386, 8.01973819733, 5.05468511581, 1.8514354229, 0.397108227015, 0.0493476092815, 0.00145299790893, 0.000108297965198],
        "median": [0.403571665287, 0.853098988533, 0.926009297371, 1.33637154102, 4.61542463303, 10.5054092407, 8.15459823608, 14.7496814728, 17.2029743195, 14.2202014923, 4.75951957703, 3.17678499222, 3.28492999077, 4.47796058655, 5.00170516968, 3.63424229622, 4.71673440933, 6.88273382187, 6.06507349014, 6.10730409622, 5.99072790146, 9.34084320068, 8.73738861084, 8.0821685791, 9.19292449951, 6.02673149109, 5.11943674088, 6.71294260025, 6.56615543365, 5.45506811142, 5.88495254517, 4.85057783127, 3.73259353638, 2.9335205555, 1.90382695198, 0.600448191166, 0.108662970364, 0.0166726745665, 0.000493195373565, 7.04356789356e-05],
        "min": [9.57127435416e-22, 2.64978787009e-21, 1.39958636527e-20, 1.72600055915e-20, 2.78137316084e-20, 1.66488347949e-19, 4.33923129516e-19, 8.41037955765e-19, 1.08027327137e-18, 9.1923816331e-19, 1.66852607271e-18, 8.0958492996e-19, 1.84114212294e-18, 3.15829365876e-18, 2.70270056854e-18, 3.15706364119e-18, 2.86469334496e-18, 7.13767698563e-18, 6.39695908097e-18, 1.39757756232e-17, 1.16633773315e-17, 1.49728128114e-17, 1.52592092093e-17, 9.96152105002e-18, 1.75326886531e-17, 1.75518643541e-17, 1.49460948776e-17, 1.82099394709e-17, 1.39912885684e-17, 1.75374135088e-17, 2.21732843861e-17, 2.59455108751e-17, 1.51565924912e-17, 1.17203642855e-17, 9.87586815195e-18, 6.56795882028e-18, 3.49965765588e-18, 1.24735052022e-18, 3.5596489815e-19, 3.95323379541e-20],
        "stdev": [1.22827374935, 7.04825258255, 10.2329502106, 13.6010761261, 16.1749267578, 28.6511363983, 16.1634654999, 48.2685279846, 41.7741203308, 55.0875434875, 34.8088378906, 25.1647586823, 34.4777297974, 31.4961032867, 61.686668396, 26.8809356689, 21.1378269196, 23.9394130707, 28.6092967987, 25.9290904999, 34.4275512695, 38.0385322571, 37.1788635254, 25.1044445038, 26.0359172821, 18.3832702637, 17.6033706665, 18.1847782135, 20.2430725098, 17.0407295227, 14.4014339447, 11.9092407227, 16.993144989, 12.9687318802, 7.77234601974, 2.88248062134, 0.644749224186, 0.0754517614841, 0.00220690714195, 9.71019471763e-05],
        "var": [1.50865626335, 49.6778640747, 104.713264465, 184.989273071, 261.628265381, 820.887573242, 261.257598877, 2329.85083008, 1745.07714844, 3034.63745117, 1211.65515137, 633.265075684, 1188.71374512, 992.004516602, 3805.24511719, 722.584716797, 446.80770874, 573.095458984, 818.491882324, 672.317749023, 1185.25622559, 1446.92993164, 1382.26794434, 630.233154297, 677.86895752, 337.944641113, 309.878662109, 330.686126709, 409.782012939, 290.386444092, 207.401290894, 141.83001709, 288.766967773, 168.188018799, 60.409362793, 8.3086938858, 0.415701538324, 0.00569296861067, 4.87043871544e-06, 9.42878752852e-09]
    },
    "gfcc": {
        "mean": [31.6509609222, 50.5125465393, -81.4261016846, 39.3910446167, -65.0720367432, 16.0436401367, -51.4472465515, 14.7334747314, -26.8608894348, 13.4779958725, -12.7654438019, 9.69457912445, -10.9112234116],
        "cov": [[5471.22753906, -472.228088379, -186.080062866, 171.42767334, 196.346282959, 286.633056641, 83.502822876, 317.050476074, 65.1798019409, 122.713150024, -41.9944267273, 184.478805542, -59.2405853271], [-472.228088379, 1546.69372559, 27.4133033752, -104.829803467, 240.086593628, 60.4183502197, 144.211273193, -25.4847679138, 210.735580444, -45.4736557007, 109.98664856, 40.7928848267, 62.4114570618], [-186.080062866, 27.4133033752, 788.771118164, 292.770233154, 270.303222656, 179.132156372, 154.317428589, 160.499588013, 30.9737205505, 89.2366943359, 59.2721176147, 33.9554672241, 53.1838226318], [171.42767334, -104.829803467, 292.770233154, 410.711303711, 182.753387451, 94.859664917, 34.6370544434, 99.5551681519, 76.7891845703, 62.534992218, 43.8289222717, 8.4481678009, 44.1366958618], [196.346282959, 240.086593628, 270.303222656, 182.753387451, 398.693145752, 128.390365601, 78.4198684692, 124.303649902, 102.297080994, 47.2745513916, 46.6450843811, 65.0152816772, 46.8961524963], [286.633056641, 60.4183502197, 179.132156372, 94.859664917, 128.390365601, 244.958450317, 210.440963745, 136.680953979, 102.283363342, 67.3549346924, 47.9670829773, 39.7675132751, 17.5091114044], [83.502822876, 144.211273193, 154.317428589, 34.6370544434, 78.4198684692, 210.440963745, 366.204589844, 148.529083252, 110.360176086, 66.0748672485, 50.7020339966, 60.4687271118, 11.0284633636], [317.050476074, -25.4847679138, 160.499588013, 99.5551681519, 124.303649902, 136.680953979, 148.529083252, 205.909835815, 99.8173522949, 67.8323745728, 60.962020874, 50.2622833252, 32.5306167603], [65.1798019409, 210.735580444, 30.9737205505, 76.7891845703, 102.297080994, 102.283363342, 110.360176086, 99.8173522949, 200.391708374, 70.902130127, 63.7461967468, 37.5956611633, 29.3876533508], [122.713150024, -45.4736557007, 89.2366943359, 62.534992218, 47.2745513916, 67.3549346924, 66.0748672485, 67.8323745728, 70.902130127, 121.883102417, 65.6988525391, 24.0726585388, 18.465007782], [-41.9944267273, 109.98664856, 59.2721176147, 43.8289222717, 46.6450843811, 47.9670829773, 50.7020339966, 60.962020874, 63.7461967468, 65.6988525391, 108.919418335, 38.2254867554, 27.9696941376], [184.478805542, 40.7928848267, 33.9554672241, 8.4481678009, 65.0152816772, 39.7675132751, 60.4687271118, 50.2622833252, 37.5956611633, 24.0726585388, 38.2254867554, 98.8272171021, 33.1723556519], [-59.2405853271, 62.4114570618, 53.1838226318, 44.1366958618, 46.8961524963, 17.5091114044, 11.0284633636, 32.5306167603, 29.3876533508, 18.465007782, 27.9696941376, 33.1723556519, 82.5744552612]],
        "icov": [[0.000315102690365, -0.000147202910739, 0.000355507538188, -0.000312779739033, 0.000101587866084, -0.000590404204559, 0.000490323582198, -0.000828760734294, 0.00055188924307, -0.00072595581878, 0.000936927855946, -0.000937303993851, 0.000629139249213], [-0.000147202910739, 0.00169355852995, -0.00048593399697, 0.00127125985455, -0.00140945764724, 0.000731985026505, -0.0012261379743, 0.00240639108233, -0.00250682444312, 0.00292510376312, -0.00305501068942, 0.00164524989668, -0.00127923255786], [0.000355507538188, -0.00048593399697, 0.0029077322688, -0.00167774711736, -0.000689756649081, -0.00123437109869, 9.56704388955e-05, -0.00184800766874, 0.00286531820893, -0.00218913075514, 0.00135055743158, -0.000664859253448, 0.000294440163998], [-0.000312779739033, 0.00127125985455, -0.00167774711736, 0.00512488093227, -0.00180958362762, 0.000436245580204, -0.000251257006312, 0.001681067748, -0.00302115548402, 0.0020214933902, -0.00272259581834, 0.0029522262048, -0.00217805919237], [0.000101587866084, -0.00140945764724, -0.000689756649081, -0.00180958362762, 0.00576393026859, -0.00182864919771, 0.00215295678936, -0.00266116089188, 0.000458281458123, -0.0014236131683, 0.00296895089559, -0.00354754901491, 0.000999506912194], [-0.000590404204559, 0.000731985026505, -0.00123437109869, 0.000436245580204, -0.00182864919771, 0.0120871225372, -0.00576776871458, 4.64439108327e-05, -0.00271953921765, 0.000973255606368, -0.00215699523687, 0.00296448543668, -0.000897422491107], [0.000490323582198, -0.0012261379743, 9.56704388955e-05, -0.000251257006312, 0.00215295678936, -0.00576776871458, 0.00790595076978, -0.00405490258709, 0.000922499049921, -0.00255106878467, 0.00349565874785, -0.00426739780232, 0.00266544055194], [-0.000828760734294, 0.00240639108233, -0.00184800766874, 0.001681067748, -0.00266116089188, 4.64439108327e-05, -0.00405490258709, 0.0149165512994, -0.00574358087033, 0.00424286955968, -0.00699839508161, 0.00273428950459, -0.0035876671318], [0.00055188924307, -0.00250682444312, 0.00286531820893, -0.00302115548402, 0.000458281458123, -0.00271953921765, 0.000922499049921, -0.00574358087033, 0.0135217048228, -0.0073308465071, 0.00328959734179, -0.00263482588343, 0.00128714053426], [-0.00072595581878, 0.00292510376312, -0.00218913075514, 0.0020214933902, -0.0014236131683, 0.000973255606368, -0.00255106878467, 0.00424286955968, -0.0073308465071, 0.0202395431697, -0.0126363895833, 0.00425250548869, -0.00247589871287], [0.000936927855946, -0.00305501068942, 0.00135055743158, -0.00272259581834, 0.00296895089559, -0.00215699523687, 0.00349565874785, -0.00699839508161, 0.00328959734179, -0.0126363895833, 0.0230359006673, -0.00804174691439, 0.00171081349254], [-0.000937303993851, 0.00164524989668, -0.000664859253448, 0.0029522262048, -0.00354754901491, 0.00296448543668, -0.00426739780232, 0.00273428950459, -0.00263482588343, 0.00425250548869, -0.00804174691439, 0.0189882032573, -0.00710418820381], [0.000629139249213, -0.00127923255786, 0.000294440163998, -0.00217805919237, 0.000999506912194, -0.000897422491107, 0.00266544055194, -0.0035876671318, 0.00128714053426, -0.00247589871287, 0.00171081349254, -0.00710418820381, 0.0175531134009]]
    },
    "melbands": {
        "dmean": [0.00383368437178, 0.00249477871694, 0.00114429637324, 0.000689859210979, 0.000322119478369, 0.000400837190682, 0.000295093370369, 0.000217510998482, 7.08008883521e-05, 6.21140279691e-05, 7.21154065104e-05, 5.63467219763e-05, 8.07086544228e-05, 4.52963686257e-05, 2.49956792686e-05, 2.12204286072e-05, 2.4003073122e-05, 2.58584241237e-05, 2.11648275581e-05, 1.61347506946e-05, 2.18323493755e-05, 2.16423450183e-05, 2.32265520026e-05, 1.70103885466e-05, 1.17889048852e-05, 1.28464289446e-05, 9.04186163098e-06, 7.20738944437e-06, 6.43957719149e-06, 6.26692599326e-06, 5.96078507442e-06, 6.33609033684e-06, 5.92163360125e-06, 4.49582694273e-06, 4.47608817922e-06, 3.95103961637e-06, 3.92027777707e-06, 5.09040592078e-06, 4.44050192527e-06, 4.30634463555e-06],
        "dmean2": [0.00571223488078, 0.00397937465459, 0.00199166801758, 0.00110366754234, 0.00051265041111, 0.000651345239021, 0.000475614680909, 0.000347998691723, 0.000100850076706, 0.000103419151856, 0.000119085460028, 9.53477647272e-05, 0.000138969044201, 7.82268252806e-05, 4.24642566941e-05, 3.41492923326e-05, 3.93859918404e-05, 4.39285468019e-05, 3.55464326276e-05, 2.72244669759e-05, 3.8904901885e-05, 3.69637709809e-05, 4.10546417697e-05, 3.06475667458e-05, 2.04058742383e-05, 2.17557171709e-05, 1.49842417159e-05, 1.19809928947e-05, 1.04924529296e-05, 1.02631802292e-05, 9.5146606327e-06, 1.02560934465e-05, 9.47795251705e-06, 6.88457248543e-06, 7.01186036167e-06, 6.29903888694e-06, 6.19962156634e-06, 7.82008737588e-06, 6.51223808745e-06, 6.44836291031e-06],
        "dvar": [5.66866292502e-05, 4.07976804127e-05, 8.70298936206e-06, 1.03928755379e-06, 2.35388981196e-07, 5.17700755154e-07, 2.82582732325e-07, 1.65963371046e-07, 2.50242706556e-08, 2.58865568981e-08, 3.71621844408e-08, 1.73761716127e-08, 4.95495626751e-08, 1.5085687366e-08, 2.51100096271e-09, 1.69550540274e-09, 1.64220359533e-09, 2.54956700196e-09, 1.37383626697e-09, 9.31073884658e-10, 3.01756553078e-09, 1.75381520418e-09, 2.21064766492e-09, 1.41219425043e-09, 4.66956806555e-10, 5.11873210485e-10, 2.14438009016e-10, 1.37981834292e-10, 1.2080411671e-10, 9.94542365129e-11, 7.7163275769e-11, 1.19919227326e-10, 9.37907806975e-11, 4.63061568257e-11, 4.4359217688e-11, 3.84657444785e-11, 3.41500161483e-11, 6.7945912785e-11, 4.9813968922e-11, 4.6358160366e-11],
        "dvar2": [0.000123929596157, 9.91927736322e-05, 2.45302690018e-05, 2.6611114663e-06, 5.72667772758e-07, 1.18101490898e-06, 7.05179672877e-07, 4.10560318187e-07, 4.42069598705e-08, 6.90981138973e-08, 9.64006687809e-08, 4.40280167879e-08, 1.38160160645e-07, 4.11936760258e-08, 6.46860875975e-09, 4.38307878881e-09, 4.18450873951e-09, 6.6868492965e-09, 3.56960527803e-09, 2.52261855849e-09, 8.59085691474e-09, 4.86243800779e-09, 6.14447914771e-09, 4.02064870286e-09, 1.28242161335e-09, 1.39659273035e-09, 5.42245359725e-10, 3.55863810642e-10, 3.14845732818e-10, 2.49445769596e-10, 1.93106100554e-10, 3.13019971054e-10, 2.34161662283e-10, 1.08286088429e-10, 1.0689453489e-10, 9.58651630301e-11, 8.15702991264e-11, 1.48878825934e-10, 1.06185574222e-10, 9.80491868252e-11],
        "max": [0.0619277060032, 0.0420669093728, 0.0199566725641, 0.00866230297834, 0.00488857226446, 0.00908344052732, 0.00728335604072, 0.00415938766673, 0.00298294238746, 0.0012180020567, 0.00151046505198, 0.000948931381572, 0.00235574087128, 0.000912164687179, 0.00045636104187, 0.000428179773735, 0.000370376365026, 0.000399382755859, 0.000278823892586, 0.000248095893767, 0.000496797496453, 0.000325480301399, 0.000343232735759, 0.000265174370725, 0.000154550085426, 0.000176610948984, 0.000100331169961, 9.39953461057e-05, 8.66191985551e-05, 9.53028866206e-05, 6.93332476658e-05, 0.00011620738951, 0.000103747472167, 7.93953149696e-05, 8.90465671546e-05, 7.94421866885e-05, 5.48940297449e-05, 0.000105080776848, 9.55506839091e-05, 8.6096340965e-05],
        "mean": [0.00655578076839, 0.00268302648328, 0.0010714820819, 0.00118750100955, 0.000594171346165, 0.000676904863212, 0.000473163003335, 0.000373860995751, 0.000111959721835, 7.19092568033e-05, 7.46384102968e-05, 5.83755972912e-05, 9.37231379794e-05, 4.23213277827e-05, 2.87619404844e-05, 2.54109763773e-05, 3.12134252454e-05, 2.67039231403e-05, 2.44364528044e-05, 1.99651913135e-05, 2.10231901292e-05, 2.43613740167e-05, 2.33924474742e-05, 1.53405962919e-05, 1.23940608319e-05, 1.56217847689e-05, 1.05847111627e-05, 8.60229283717e-06, 7.44648059481e-06, 7.53117410568e-06, 7.74621912569e-06, 8.18841817818e-06, 7.21674450688e-06, 6.27761164651e-06, 6.43711382509e-06, 5.64398169445e-06, 5.71964210394e-06, 7.44777071304e-06, 7.01442922946e-06, 6.69311839374e-06],
        "median": [0.00283029791899, 0.000771693012211, 0.000309486116748, 0.000732771644834, 0.00034040142782, 0.000337734236382, 0.000273357494734, 0.000136368485983, 2.64374084509e-05, 1.91297986021e-05, 1.52602260641e-05, 1.5979847376e-05, 1.92189763766e-05, 7.95705000201e-06, 9.15348482522e-06, 9.92707009573e-06, 1.2095182683e-05, 8.73818225955e-06, 8.48798754305e-06, 7.36186666472e-06, 6.32196679362e-06, 8.82122458279e-06, 9.4554561656e-06, 6.18713966105e-06, 5.73324086872e-06, 7.24902247384e-06, 4.70453142043e-06, 3.45499006471e-06, 2.82934888673e-06, 3.52836536877e-06, 4.01245642934e-06, 3.97194889956e-06, 2.96363145935e-06, 2.96218240692e-06, 3.32455397256e-06, 2.95105701298e-06, 2.87401394417e-06, 2.50868311014e-06, 2.56926318798e-06, 2.39609062191e-06],
        "min": [6.29877704358e-24, 5.43623850197e-24, 3.31621820653e-24, 5.77566326138e-24, 1.56157098781e-23, 1.97418941745e-23, 1.45220236528e-23, 1.38563512665e-23, 1.15891965794e-23, 5.00080029849e-24, 9.03105161465e-24, 1.23509222472e-23, 8.56205566269e-24, 8.14695389892e-24, 8.23274725553e-24, 5.12513937108e-24, 1.51332867247e-23, 1.0973784888e-23, 1.16175080084e-23, 2.30973313898e-23, 1.16790888572e-23, 1.66769691871e-23, 1.49190620796e-23, 1.17382210818e-23, 7.01847417451e-24, 1.10222824787e-23, 1.16516325534e-23, 1.23612784131e-23, 7.40445198252e-24, 1.10776826023e-23, 1.06665472312e-23, 7.12571981457e-24, 8.14663598798e-24, 1.09854868506e-23, 1.18982004957e-23, 1.45741152938e-23, 1.73878038602e-23, 1.07459034828e-23, 9.36686181339e-24, 9.7621963006e-24],
        "stdev": [0.00974860601127, 0.00609038909897, 0.00237304554321, 0.00133045995608, 0.000693542708177, 0.00101372273639, 0.00063644972397, 0.00057613424724, 0.000250052486081, 0.000158172202646, 0.000177675625309, 0.000125545659102, 0.00021659527556, 0.000108012216515, 5.30150864506e-05, 4.30989639426e-05, 4.63622745883e-05, 4.79586888105e-05, 3.902213939e-05, 3.08368908009e-05, 4.43446879217e-05, 4.01780707762e-05, 4.09518834203e-05, 3.00804385915e-05, 1.94540662051e-05, 2.28598291869e-05, 1.51055655806e-05, 1.21947959997e-05, 1.14798704089e-05, 1.10455057438e-05, 1.03188667708e-05, 1.18277203001e-05, 1.11634753921e-05, 8.85282315721e-06, 8.41192650114e-06, 7.48105276216e-06, 7.83274299465e-06, 1.22869778352e-05, 1.15569182526e-05, 1.10864029921e-05],
        "var": [9.50353132794e-05, 3.70928391931e-05, 5.63134472031e-06, 1.77012384484e-06, 4.81001507069e-07, 1.02763385712e-06, 4.05068277587e-07, 3.3193069271e-07, 6.25262472909e-08, 2.50184442052e-08, 3.15686286001e-08, 1.57617119356e-08, 4.69135130743e-08, 1.16666392103e-08, 2.81059930884e-09, 1.85752069282e-09, 2.14946038746e-09, 2.30003593948e-09, 1.52272749965e-09, 9.50913792153e-10, 1.96645144612e-09, 1.61427748946e-09, 1.67705682674e-09, 9.0483276427e-10, 3.78460707218e-10, 5.22571763639e-10, 2.28178101414e-10, 1.48713055759e-10, 1.31787428193e-10, 1.2200319921e-10, 1.06479020046e-10, 1.39894970608e-10, 1.24623172892e-10, 7.83724751763e-11, 7.07605085637e-11, 5.59661483823e-11, 6.13518680304e-11, 1.50969819979e-10, 1.33562369498e-10, 1.22908336286e-10]
    },
    "melbands128": {
