{
"lowlevel": {
    "average_loudness": 0.950151205063,
    "barkbands_crest": {
        "dmean": 2.89224505424,
        "dmean2": 4.57194280624,
        "dvar": 7.99577713013,
        "dvar2": 18.1009540558,
        "max": 24.4969139099,
        "mean": 12.9577608109,
        "median": 13.1778821945,
        "min": 2.12613344193,
        "stdev": 5.14980745316,
        "var": 26.5205192566
    },
    "barkbands_flatness_db": {
        "dmean": 0.0251364372671,
        "dmean2": 0.0351846925914,
        "dvar": 0.00057575199753,
        "dvar2": 0.00105522840749,
        "max": 0.35652667284,
        "mean": 0.131524085999,
        "median": 0.124129660428,
        "min": 0.0151871936396,
        "stdev": 0.0550614409149,
        "var": 0.00303176231682
    },
    "barkbands_kurtosis": {
        "dmean": 3.75884842873,
        "dmean2": 5.63073396683,
        "dvar": 77.3088378906,
        "dvar2": 163.164138794,
        "max": 166.170288086,
        "mean": 5.00761365891,
        "median": 0.952390193939,
        "min": -1.70440423489,
        "stdev": 12.292842865,
        "var": 151.113983154
    },
    "barkbands_skewness": {
        "dmean": 0.630785048008,
        "dmean2": 0.929034233093,
        "dvar": 0.54452842474,
        "dvar2": 1.04764997959,
        "max": 9.28117752075,
        "mean": 1.63556814194,
        "median": 1.37827467918,
        "min": -2.40861201286,
        "stdev": 1.45907998085,
        "var": 2.12891435623
    },
    "barkbands_spread": {
        "dmean": 7.31402015686,
        "dmean2": 11.145652771,
        "dvar": 65.8368301392,
        "dvar2": 135.083648682,
        "max": 93.8540802002,
        "mean": 28.8056602478,
        "median": 26.1722393036,
        "min": 0.76434481144,
        "stdev": 16.7369766235,
        "var": 280.126373291
    },
    "dissonance": {
        "dmean": 0.0142195513472,
        "dmean2": 0.0237542539835,
        "dvar": 0.000232874168432,
        "dvar2": 0.00060857256176,
        "max": 0.500000059605,
        "mean": 0.474134534597,
        "median": 0.479835361242,
        "min": 0.320832371712,
        "stdev": 0.0227726772428,
        "var": 0.000518594810273
    },
    "dynamic_complexity": 2.8890683651,
    "erbbands_crest": {
        "dmean": 2.85986161232,
        "dmean2": 4.4640288353,
        "dvar": 7.70439767838,
        "dvar2": 15.8217372894,
        "max": 31.0105495453,
        "mean": 9.21206855774,
        "median": 7.45058298111,
        "min": 2.76233530045,
        "stdev": 5.53924608231,
        "var": 30.6832485199
    },
    "erbbands_flatness_db": {
        "dmean": 0.0173285510391,
        "dmean2": 0.0252149626613,
        "dvar": 0.000298356142594,
        "dvar2": 0.00059444247745,
        "max": 0.358912795782,
        "mean": 0.145951524377,
        "median": 0.12545773387,
        "min": 0.0621035471559,
        "stdev": 0.0593922100961,
        "var": 0.00352743477561
    },
    "erbbands_kurtosis": {
        "dmean": 1.09726512432,
        "dmean2": 1.6799839735,
        "dvar": 6.55909395218,
        "dvar2": 16.1158275604,
        "max": 60.6218528748,
        "mean": 0.798654139042,
        "median": -0.0509748458862,
        "min": -1.75087344646,
        "stdev": 3.60503816605,
        "var": 12.9963006973
    },
    "erbbands_skewness": {
        "dmean": 0.41144657135,
        "dmean2": 0.595994710922,
        "dvar": 0.174840122461,
        "dvar2": 0.344913423061,
        "max": 6.82258939743,
        "mean": 0.0888291522861,
        "median": -0.0166418682784,
        "min": -2.16171646118,
        "stdev": 0.959136962891,
        "var": 0.919943749905
    },
    "erbbands_spread": {
        "dmean": 8.52998924255,
        "dmean2": 13.0741853714,
        "dvar": 77.4836349487,
        "dvar2": 189.239883423,
        "max": 108.70009613,
        "mean": 39.3712005615,
        "median": 39.3768424988,
        "min": 3.87159490585,
        "stdev": 17.1975021362,
        "var": 295.754089355
    },
    "hfc": {
        "dmean": 11.2408409119,
        "dmean2": 16.1881122589,
        "dvar": 247.97366333,
        "dvar2": 505.878540039,
        "max": 164.924667358,
        "mean": 31.2479877472,
        "median": 28.2093811035,
        "min": 1.21897583465e-16,
        "stdev": 25.0792865753,
        "var": 628.97064209
    },
    "loudness_ebu128": {
        "integrated": -8.96062660217,
        "loudness_range": 5.47358560562,
        "momentary": {
            "dmean": 0.476019471884,
            "dmean2": 0.598699569702,
            "dvar": 0.320068746805,
            "dvar2": 0.395007222891,
            "max": -6.94012975693,
            "mean": -9.96561527252,
            "median": -8.55932044983,
            "min": -21.571390152,
            "stdev": 3.30959630013,
            "var": 10.9534273148
        },
        "short_term": {
            "dmean": 0.0562332980335,
            "dmean2": 0.0452866181731,
            "dvar": 0.005932031665,
            "dvar2": 0.00252017634921,
            "max": -7.86065626144,
            "mean": -9.52253437042,
            "median": -8.35174369812,
            "min": -14.1260290146,
            "stdev": 1.94017732143,
            "var": 3.76428818703
        }
    },
    "melbands_crest": {
        "dmean": 3.68794131279,
        "dmean2": 5.74130868912,
        "dvar": 13.2009134293,
        "dvar2": 28.4821395874,
        "max": 33.9919319153,
        "mean": 20.2664718628,
        "median": 21.1577224731,
        "min": 3.16367292404,
        "stdev": 7.61964607239,
        "var": 58.0590057373
    },
    "melbands_flatness_db": {
        "dmean": 0.0305767804384,
        "dmean2": 0.0425735227764,
        "dvar": 0.000961159705184,
        "dvar2": 0.00171645067167,
        "max": 0.424745231867,
        "mean": 0.195379659534,
        "median": 0.191297456622,
        "min": 0.00827424507588,
        "stdev": 0.0666276961565,
        "var": 0.0044392501004
    },
    "melbands_kurtosis": {
        "dmean": 9.73758792877,
        "dmean2": 14.4632692337,
        "dvar": 279.177703857,
        "dvar2": 589.09362793,
        "max": 287.971557617,
        "mean": 17.5823631287,
        "median": 8.83301925659,
        "min": -1.76264178753,
        "stdev": 25.6253128052,
        "var": 656.656677246
    },
    "melbands_skewness": {
        "dmean": 0.913016796112,
        "dmean2": 1.37000489235,
        "dvar": 1.0384979248,
        "dvar2": 2.0817656517,
        "max": 14.7088127136,
        "mean": 3.10108304024,
        "median": 2.71850967407,
        "min": -0.717857003212,
        "stdev": 2.02152371407,
        "var": 4.08655786514
    },
    "melbands_spread": {
        "dmean": 8.94239711761,
        "dmean2": 13.5028247833,
        "dvar": 184.686660767,
        "dvar2": 395.581176758,
        "max": 210.192123413,
        "mean": 26.812669754,
        "median": 24.1567821503,
        "min": 0.65707808733,
        "stdev": 19.8079185486,
        "var": 392.353668213
    },
    "pitch_salience": {
        "dmean": 0.0848841443658,
        "dmean2": 0.131580516696,
        "dvar": 0.00691809691489,
        "dvar2": 0.0148914195597,
        "max": 0.908225476742,
        "mean": 0.47633099556,
        "median": 0.460709363222,
        "min": 0.0619392171502,
        "stdev": 0.164213776588,
        "var": 0.0269661620259
    },
    "silence_rate_20dB": {
        "dmean": 0,
        "dmean2": 0,
        "dvar": 0,
        "dvar2": 0,
        "max": 1,
        "mean": 1,
        "median": 1,
        "min": 1,
        "stdev": 0,
        "var": 0
    },
    "silence_rate_30dB": {
        "dmean": 0.0433436520398,
        "dmean2": 0.0867544561625,
        "dvar": 0.041463997215,
        "dvar2": 0.102463796735,
        "max": 1,
        "mean": 0.967517375946,
        "median": 1,
        "min": 0,
        "stdev": 0.17727959156,
        "var": 0.0314280539751
    },
    "silence_rate_60dB": {
        "dmean": 0.0348297208548,
        "dmean2": 0.068938806653,
        "dvar": 0.0336165651679,
        "dvar2": 0.0703831613064,
        "max": 1,
        "mean": 0.088940449059,
        "median": 0,
        "min": 0,
        "stdev": 0.284658461809,
        "var": 0.0810304358602
    },
    "spectral_centroid": {
        "dmean": 340.672271729,
        "dmean2": 508.876983643,
        "dvar": 207757.171875,
        "dvar2": 365006.53125,
        "max": 11172.4599609,
        "mean": 1801.22851562,
        "median": 1748.02209473,
        "min": 311.185455322,
        "stdev": 778.361633301,
        "var": 605846.8125
    },
    "spectral_complexity": {
        "dmean": 5.59055709839,
        "dmean2": 8.00232410431,
        "dvar": 38.5745658875,
        "dvar2": 64.1092758179,
        "max": 61,
        "mean": 23.7099761963,
        "median": 24,
        "min": 0,
        "stdev": 12.5875291824,
        "var": 158.445892334
    },
    "spectral_decrease": {
        "dmean": 3.00680746967e-09,
        "dmean2": 4.58813875781e-09,
        "dvar": 1.94724867465e-17,
        "dvar2": 4.07087409347e-17,
        "max": -3.73820143403e-29,
        "mean": -1.00262269598e-08,
        "median": -9.82672077043e-09,
        "min": -4.28807318542e-08,
        "stdev": 7.04653935202e-09,
        "var": 4.96537198776e-17
    },
    "spectral_energy": {
        "dmean": 0.0119605762884,
        "dmean2": 0.0182568877935,
        "dvar": 0.000293041521218,
        "dvar2": 0.000607397581916,
        "max": 0.166583627462,
        "mean": 0.0406756065786,
        "median": 0.0404869765043,
        "min": 1.11975576846e-20,
        "stdev": 0.0276566874236,
        "var": 0.000764892320149
    },
    "spectral_energyband_high": {
        "dmean": 0.000932932482101,
        "dmean2": 0.00136589270551,
        "dvar": 2.65687185674e-06,
        "dvar2": 5.8280261328e-06,
        "max": 0.0174302067608,
        "mean": 0.00187694886699,
        "median": 0.00097215763526,
        "min": 7.54738008587e-21,
        "stdev": 0.00244866334833,
        "var": 5.99595250605e-06
    },
    "spectral_energyband_low": {
        "dmean": 0.00779110146686,
        "dmean2": 0.0118777360767,
        "dvar": 0.00024175667204,
        "dvar2": 0.000547501142137,
        "max": 0.136592537165,
        "mean": 0.0227453652769,
        "median": 0.0218069385737,
        "min": 2.18480896826e-22,
        "stdev": 0.0223797503859,
        "var": 0.000500853231642
    },
    "spectral_energyband_middle_high": {
        "dmean": 0.00261771003716,
        "dmean2": 0.00387932918966,
        "dvar": 1.24735706777e-05,
        "dvar2": 2.71532771876e-05,
        "max": 0.038739643991,
        "mean": 0.00676004914567,
        "median": 0.0053855413571,
        "min": 1.85654347308e-21,
        "stdev": 0.0061817644164,
        "var": 3.82142134185e-05
    },
    "spectral_energyband_middle_low": {
        "dmean": 0.00522779719904,
        "dmean2": 0.00828460324556,
        "dvar": 5.29111530341e-05,
        "dvar2": 0.000127518404042,
        "max": 0.0794176086783,
        "mean": 0.0100697744638,
        "median": 0.00694611622021,
        "min": 3.33010146427e-22,
        "stdev": 0.0101910363883,
        "var": 0.000103857222712
    },
    "spectral_entropy": {
        "dmean": 0.165661364794,
        "dmean2": 0.231182336807,
        "dvar": 0.0388109236956,
        "dvar2": 0.0642447546124,
        "max": 9.80277919769,
        "mean": 7.81438970566,
        "median": 7.83454608917,
        "min": 5.43446063995,
        "stdev": 0.475741952658,
        "var": 0.226330399513
    },
    "spectral_flux": {
        "dmean": 0.0302325356752,
        "dmean2": 0.0463704243302,
        "dvar": 0.00119835976511,
        "dvar2": 0.00254329480231,
        "max": 0.312566101551,
        "mean": 0.095735527575,
        "median": 0.0863884016871,
        "min": 1.05818513674e-10,
        "stdev": 0.0532631799579,
        "var": 0.00283696618862
    },
    "spectral_kurtosis": {
        "dmean": 1.40151941776,
        "dmean2": 2.19003653526,
        "dvar": 4.20376348495,
        "dvar2": 11.0655450821,
        "max": 26.0714073181,
        "mean": 4.20054626465,
        "median": 3.58927726746,
        "min": -1.2355659008,
        "stdev": 3.12799406052,
        "var": 9.78434658051
    },
    "spectral_rms": {
        "dmean": 0.000902946048882,
        "dmean2": 0.00132366712205,
        "dvar": 1.18020398077e-06,
        "dvar2": 2.13870612242e-06,
        "max": 0.0127483569086,
        "mean": 0.00580668449402,
        "median": 0.00628486182541,
        "min": 3.30521504263e-12,
        "stdev": 0.00244252081029,
        "var": 5.96590734858e-06
    },
    "spectral_rolloff": {
        "dmean": 721.196777344,
        "dmean2": 1160.64233398,
        "dvar": 1557050,
        "dvar2": 3086580,
        "max": 19293.75,
        "mean": 1804.59362793,
        "median": 1485.79101562,
        "min": 64.599609375,
        "stdev": 1797.14660645,
        "var": 3229735.75
    },
    "spectral_skewness": {
        "dmean": 0.218838125467,
        "dmean2": 0.330449640751,
        "dvar": 0.0560343079269,
        "dvar2": 0.123854607344,
        "max": 3.25457310677,
        "mean": 1.53153645992,
        "median": 1.53690624237,
        "min": -0.0224518645555,
        "stdev": 0.448922395706,
        "var": 0.201531305909
    },
    "spectral_spread": {
        "dmean": 647460,
        "dmean2": 896401.4375,
        "dvar": 1.37740432179e+12,
        "dvar2": 1.7543093289e+12,
        "max": 41150768,
        "mean": 5284638,
        "median": 5271795,
        "min": 1262880,
        "stdev": 1937014.5,
        "var": 3.75202512896e+12
    },
    "spectral_strongpeak": {
        "dmean": 0.277748316526,
        "dmean2": 0.459162801504,
        "dvar": 0.403942108154,
        "dvar2": 1.07930636406,
        "max": 9.76121711731,
        "mean": 0.67380464077,
        "median": 0.422451585531,
        "min": 6.81473366626e-09,
        "stdev": 0.782595872879,
        "var": 0.612456321716
    },
    "zerocrossingrate": {
        "dmean": 0.0153426891193,
        "dmean2": 0.0167808383703,
        "dvar": 0.000470506842248,
        "dvar2": 0.000550418859348,
        "max": 0.48486328125,
        "mean": 0.0705262422562,
        "median": 0.064453125,
        "min": 0.00537109375,
        "stdev": 0.0446776598692,
        "var": 0.00199609319679
    },
    "barkbands": {
        "dmean": [0.000324820459355, 0.00679911766201, 0.00146400451194, 0.00117241358384, 0.00134122173768, 0.00130957528017, 0.00172313244548, 0.000887452799361, 0.000438345072325, 0.000693565700203, 0.000386485800846, 0.000660874589812, 0.000397162366426, 0.000454853841802, 0.00052541133482, 0.000370706955437, 0.000376321549993, 0.000336961325957, 0.000299940642435, 0.000219564317376, 0.000229560260777, 0.000182151823537, 0.000185047509149, 0.000173909254954, 0.000144103411003, 7.44986755308e-05, 1.23369436551e-05],
        "dmean2": [0.000537343556061, 0.0106257591397, 0.00247818860225, 0.00203614239581, 0.00213358714245, 0.00206019729376, 0.00282329297625, 0.00144650810398, 0.000704576610588, 0.00109756598249, 0.000616606266703, 0.0010718961712, 0.000635356991552, 0.00072576594539, 0.000851823133416, 0.000570529839024, 0.000596721656621, 0.00054364540847, 0.000473262072774, 0.00034099232289, 0.000360883539543, 0.000278553256067, 0.000282776309177, 0.000268232863164, 0.00021101681341, 0.000104883401946, 2.02712690225e-05],
        "dvar": [2.58126306107e-07, 0.00019077086472, 1.53279961523e-05, 1.14144622785e-05, 6.18918829787e-06, 6.94892696629e-06, 1.56205423991e-05, 7.08572497388e-06, 7.50855463139e-07, 2.03991749004e-06, 1.7205831e-06, 2.62596586253e-06, 4.89320655106e-07, 9.90551825453e-07, 1.140466793e-06, 4.48117845053e-07, 4.35932577147e-07, 2.82683828345e-07, 2.04345411703e-07, 1.15513586252e-07, 1.73424922423e-07, 1.62696366601e-07, 1.57132774348e-07, 1.10508281637e-07, 6.09713453059e-08, 1.80853998444e-08, 1.17281273582e-09],
        "dvar2": [6.78900448747e-07, 0.00045439787209, 3.87071522709e-05, 3.06226866087e-05, 1.49191082528e-05, 1.53816745296e-05, 3.82464313589e-05, 1.81943323696e-05, 1.84762677691e-06, 5.32523927177e-06, 4.6231612032e-06, 6.50126730761e-06, 1.13519092793e-06, 2.52304175774e-06, 2.78948527921e-06, 1.04428318082e-06, 1.05634194369e-06, 7.58808425871e-07, 5.1187845429e-07, 2.66815902705e-07, 4.27756560839e-07, 3.55624990789e-07, 3.52032770934e-07, 2.62161137243e-07, 1.32170583811e-07, 3.66302472798e-08, 2.86201529143e-09],
        "max": [0.0048497938551, 0.129375070333, 0.0404449626803, 0.0294328052551, 0.0234409943223, 0.0282793305814, 0.072890304029, 0.0488298200071, 0.00987584330142, 0.0195556990802, 0.0306493341923, 0.0242121722549, 0.00992898736149, 0.016577091068, 0.0223082304001, 0.0104884887114, 0.00910579692572, 0.00694089243189, 0.00518559338525, 0.00376627407968, 0.00537679856643, 0.00409044791013, 0.00557020213455, 0.00413315044716, 0.00394344935194, 0.00132797088008, 0.000438822200522],
        "mean": [0.00105612678453, 0.0193476770073, 0.00179212144576, 0.00107559328899, 0.00203916942701, 0.00210333871655, 0.00268517993391, 0.00111215771176, 0.00057724659564, 0.0009762638947, 0.000487988843815, 0.00112078292295, 0.000597101752646, 0.000678352836985, 0.000763209245633, 0.000544272130355, 0.00064311834285, 0.000550214143004, 0.0004904489615, 0.000361184909707, 0.00035773718264, 0.000305667432258, 0.000299191538943, 0.000300144660287, 0.000283649918856, 0.000116514493129, 1.11253630166e-05],
        "median": [0.000735133653507, 0.018793521449, 0.000483096548123, 0.000214348576264, 0.000811696518213, 0.000417030038079, 0.000489877653308, 0.000270330347121, 0.000248375261435, 0.000385509483749, 0.000238458625972, 0.000353343290044, 0.000302205677144, 0.000346875720425, 0.000443545373855, 0.00029880416696, 0.000336532917572, 0.000236539955949, 0.000254487240454, 0.000191771323443, 0.000139496405609, 6.41760852886e-05, 9.49132518144e-05, 0.000134061847348, 0.000167364662047, 5.10739591846e-05, 1.43786633089e-06],
        "min": [7.37198215211e-23, 9.72809384367e-23, 7.74882542416e-23, 9.76745326967e-24, 3.44556457372e-23, 5.34971260912e-23, 2.3510576175e-23, 1.1465272842e-22, 8.7486075406e-23, 6.78223668135e-23, 4.89402994712e-23, 1.3432438242e-22, 1.55255083668e-22, 1.38656604563e-22, 2.2347889233e-22, 1.13437100076e-22, 1.21688749228e-22, 3.35702295193e-22, 3.92879842372e-22, 2.51432285791e-22, 3.88104873623e-22, 3.96340430012e-22, 7.28749148885e-22, 8.58745752027e-22, 1.4593346145e-21, 1.4333504198e-21, 2.35947009331e-21],
        "stdev": [0.00110038276762, 0.0191969741136, 0.00396829005331, 0.00297370459884, 0.00333177531138, 0.00406684912741, 0.00613624509424, 0.00282161636278, 0.000940486730542, 0.00171482015867, 0.00118820834905, 0.00276972725987, 0.000956022413447, 0.00111765379552, 0.00123793107923, 0.000791950966232, 0.000917734054383, 0.000815895618871, 0.000642388069537, 0.000447889207862, 0.000522659218404, 0.000605981913395, 0.000561951077543, 0.000451292900834, 0.000378334429115, 0.00018662554794, 3.36644698109e-05],
        "var": [1.21084212878e-06, 0.000368523818906, 1.57473259605e-05, 8.84291875991e-06, 1.11007266241e-05, 1.65392630151e-05, 3.76535026589e-05, 7.96151925897e-06, 8.84515316102e-07, 2.9406082831e-06, 1.41183897995e-06, 7.67138953961e-06, 9.13978851713e-07, 1.24914993194e-06, 1.53247333401e-06, 6.27186352631e-07, 8.42235749587e-07, 6.65685661261e-07, 4.12662416238e-07, 2.00604731049e-07, 2.73172645393e-07, 3.67214056496e-07, 3.15789037586e-07, 2.03665294407e-07, 1.43136929864e-07, 3.48290960517e-08, 1.1332965677e-09]
    },
    "erbbands": {
        "dmean": [0.24068377912, 1.46519374847, 1.68488037586, 3.1515443325, 4.16797304153, 3.80630207062, 8.67776203156, 10.1348791122, 22.1245803833, 23.1414299011, 19.0429782867, 10.2545490265, 19.4747657776, 17.3031597137, 16.1844654083, 30.1380767822, 18.5685253143, 22.0681037903, 26.8544139862, 20.6458072662, 21.6614894867, 17.3906803131, 17.2641773224, 15.8422899246, 13.7143220901, 10.5053472519, 11.210111618, 7.26253414154, 6.5978603363, 5.48663425446, 5.79568815231, 4.18063640594, 2.73464822769, 1.78697478771, 0.97968351841, 0.401390343904, 0.130195692182, 0.0311439596117, 0.00124640972354, 3.58512988896e-05],
        "dmean2": [0.393254876137, 2.25860118866, 2.64433503151, 5.50188398361, 6.81247711182, 6.20562458038, 13.2730636597, 16.5935535431, 35.4811058044, 37.9191741943, 30.8483009338, 16.0161819458, 31.0732650757, 27.7380142212, 25.4685554504, 46.9743156433, 29.3309745789, 34.0912284851, 43.9662055969, 32.7853546143, 32.5082244873, 27.1353759766, 27.5410175323, 25.0981845856, 21.6612987518, 16.2123088837, 17.712184906, 11.3219947815, 9.9961938858, 8.17168235779, 9.115193367, 6.56043338776, 4.26358699799, 2.65787649155, 1.44868731499, 0.581396400928, 0.188413321972, 0.0475737266243, 0.00200923415832, 5.28305135958e-05],
        "dvar": [0.201371207833, 11.2861881256, 18.0415554047, 86.5921630859, 78.1154785156, 67.9610137939, 663.388183594, 410.368865967, 2747.30688477, 3222.0715332, 3785.81347656, 342.473693848, 1777.83886719, 1665.18078613, 2338.08911133, 4903.23925781, 1007.84039307, 2168.73779297, 3717.98535156, 1245.13134766, 1554.71252441, 947.824768066, 834.358459473, 570.7578125, 444.653381348, 266.019287109, 409.077697754, 210.592208862, 203.413101196, 146.370773315, 160.278457642, 70.0608520508, 28.7357540131, 9.76147842407, 3.10053539276, 0.543539345264, 0.0605976171792, 0.00512265134603, 1.21243656395e-05, 3.87836474047e-09],
        "dvar2": [0.575663566589, 25.2389335632, 38.0716590881, 233.092727661, 198.974075317, 163.89743042, 1268.26599121, 1038.98583984, 6247.56445312, 7157.67675781, 9588.75, 859.702148438, 4492.78759766, 4494.77050781, 5621.96240234, 11435.7724609, 2274.24951172, 5161.28759766, 9101.80175781, 3254.23168945, 3542.86376953, 2076.25585938, 2177.88989258, 1428.54223633, 1148.66918945, 606.549804688, 1031.04711914, 518.037963867, 437.652099609, 307.072845459, 378.162017822, 167.341842651, 69.4466171265, 22.1486377716, 6.61913299561, 1.16809058189, 0.12424852699, 0.0114022046328, 3.03024407913e-05, 8.42899972042e-09],
        "max": [4.65788078308, 29.4180526733, 40.7214622498, 83.1666412354, 92.6648483276, 116.863594055, 411.784301758, 166.023422241, 1140.71679688, 1109.57775879, 1129.89672852, 243.563827515, 472.179107666, 652.885864258, 1128.90405273, 1247.2824707, 518.346374512, 919.255249023, 1287.89001465, 481.777679443, 704.104980469, 493.711669922, 422.172271729, 250.839141846, 267.007507324, 192.196640015, 231.009567261, 162.947921753, 145.516174316, 135.21421814, 168.249542236, 100.539855957, 71.6459579468, 52.8063850403, 25.4340744019, 8.95104598999, 2.29984092712, 0.810446560383, 0.0386607758701, 0.00072135211667],
        "mean": [0.804910123348, 3.31364488602, 2.65312743187, 3.05339097977, 5.46449422836, 5.2264418602, 16.2811164856, 13.9402103424, 33.8696174622, 34.2258262634, 26.235906601, 15.1589765549, 28.0022449493, 24.5464439392, 23.9157600403, 51.8074378967, 30.3841743469, 35.7454185486, 39.8036270142, 32.2639350891, 35.8799209595, 32.5071372986, 28.990070343, 27.4568958282, 22.4259624481, 17.7244758606, 17.9081726074, 11.3093194962, 10.9962587357, 8.81918907166, 9.16905593872, 6.95849514008, 4.64241743088, 3.39923882484, 1.81256854534, 0.673811018467, 0.191205367446, 0.0359323136508, 0.00124145334121, 8.05374074844e-05],
        "median": [0.801102876663, 2.61834764481, 1.01353561878, 0.671341121197, 1.97158002853, 1.80786263943, 2.19340109825, 4.07144212723, 7.10968589783, 7.06645679474, 7.20488452911, 7.34872817993, 9.3307723999, 11.964838028, 12.3511800766, 16.5903644562, 15.6153459549, 19.0958366394, 22.4298591614, 19.8910675049, 21.0761508942, 17.7778396606, 13.0200901031, 12.501329422, 11.7870512009, 9.82516098022, 8.43887138367, 4.12533330917, 2.38078045845, 1.94634521008, 3.02759718895, 2.59374213219, 2.25882339478, 2.00369930267, 0.948435723782, 0.30525457859, 0.0798599123955, 0.00915545783937, 0.00026887623244, 6.63722603349e-05],
        "min": [3.13527362136e-21, 2.11517530486e-20, 9.74030956052e-20, 4.96695720703e-20, 3.81098748751e-20, 9.30053769538e-20, 5.06613642097e-19, 3.18303494107e-19, 2.29125824352e-19, 7.33032207702e-19, 2.8846976741e-18, 2.55903749412e-18, 2.17566554318e-18, 1.26366996652e-18, 3.21581042188e-18, 5.92609975216e-18, 7.17422926972e-18, 8.90861608319e-18, 8.52740576199e-18, 1.05571159065e-17, 5.34594049953e-18, 7.79262618694e-18, 1.79287658915e-17, 1.76919010687e-17, 1.91383719535e-17, 1.35855391071e-17, 1.25741023588e-17, 1.66698185058e-17, 1.40988667158e-17, 1.85038400513e-17, 1.96934233794e-17, 1.34175097734e-17, 1.84026063792e-17, 1.42135354554e-17, 1.11085417998e-17, 5.7011215148e-18, 2.45535309267e-18, 1.24328472071e-18, 2.84257205384e-19, 3.93693316747e-20],
        "stdev": [0.74784308672, 4.09551143646, 5.0397977829, 8.10825920105, 10.4864320755, 9.41498565674, 50.4463882446, 22.9268016815, 77.5340805054, 92.2078094482, 68.2806091309, 21.3783912659, 54.5530853271, 46.7351989746, 50.9947357178, 129.083129883, 45.8087921143, 58.0383453369, 70.7112960815, 40.245388031, 49.970664978, 45.893901825, 41.7092323303, 37.3414611816, 28.299955368, 21.9691638947, 24.1577014923, 17.9294223785, 21.5179481506, 18.3496437073, 16.7187290192, 11.4176683426, 6.99120044708, 4.57279539108, 2.63244128227, 1.04610860348, 0.322159081697, 0.0807489901781, 0.00335560133681, 7.92944047134e-05],
        "var": [0.559269309044, 16.7732143402, 25.3995609283, 65.7438735962, 109.965255737, 88.6419525146, 2544.83813477, 525.638244629, 6011.53369141, 8502.28027344, 4662.24169922, 457.035583496, 2976.03930664, 2184.17895508, 2600.46313477, 16662.453125, 2098.44555664, 3368.44946289, 5000.08740234, 1619.69116211, 2497.06738281, 2106.25024414, 1739.65991211, 1394.38476562, 800.887451172, 482.644134521, 583.594543457, 321.464172363, 463.022094727, 336.709411621, 279.515930176, 130.36315918, 48.8768806458, 20.9104576111, 6.92974710464, 1.09434330463, 0.103786483407, 0.00652039889246, 1.12600610009e-05, 6.28760288279e-09]
    },
    "gfcc": {
        "mean": [18.2067680359, 58.9658432007, -120.262420654, 26.3856105804, -51.1698455811, 19.9164676666, -41.1982841492, 19.5596694946, -22.7107639313, 14.5187244415, -10.7239160538, 6.31417560577, -7.36212110519],
        "cov": [[9289.45507812, -679.256652832, 1850.85083008, 1249.02392578, 320.547515869, 1304.9954834, 570.522644043, 969.461791992, 344.644866943, 592.062438965, 202.360687256, 219.486038208, -116.403671265], [-679.256652832, 1481.41955566, 153.581420898, 184.016830444, 545.862121582, 4.68599271774, 164.802337646, -103.346580505, -18.1103496552, -97.1066513062, -8.50991916656, -64.4450302124, 155.614303589], [1850.85083008, 153.581420898, 1648.7331543, 897.525634766, 393.606842041, 617.023925781, 254.210723877, 211.142242432, 89.1766967773, 142.65423584, -17.0325717926, 131.841217041, 12.7890901566], [1249.02392578, 184.016830444, 897.525634766, 873.494995117, 273.550750732, 386.088439941, 228.238540649, 131.905639648, 92.8606872559, 52.7699127197, 0.759451568127, 84.062286377, 9.42452907562], [320.547515869, 545.862121582, 393.606842041, 273.550750732, 449.046722412, 249.725372314, 208.026153564, 71.8480911255, 23.19556427, 11.7093658447, -2.36531233788, -13.1834936142, 34.5089950562], [1304.9954834, 4.68599271774, 617.023925781, 386.088439941, 249.725372314, 575.780578613, 266.600524902, 179.295562744, 89.4196624756, 116.054962158, 12.9102230072, 22.8744239807, -18.5744590759], [570.522644043, 164.802337646, 254.210723877, 228.238540649, 208.026153564, 266.600524902, 270.598999023, 85.0272827148, 60.9175758362, 59.3307380676, 8.88669395447, 16.481086731, 2.11123752594], [969.461791992, -103.346580505, 211.142242432, 131.905639648, 71.8480911255, 179.295562744, 85.0272827148, 309.834472656, 96.1084442139, 92.9322738647, 68.5063476562, 13.5041646957, -29.0796031952], [344.644866943, -18.1103496552, 89.1766967773, 92.8606872559, 23.19556427, 89.4196624756, 60.9175758362, 96.1084442139, 155.915359497, 61.7853240967, 24.9756183624, 26.6815223694, -21.9055366516], [592.062438965, -97.1066513062, 142.65423584, 52.7699127197, 11.7093658447, 116.054962158, 59.3307380676, 92.9322738647, 61.7853240967, 128.311538696, 46.47996521, 35.1908454895, -1.08443641663], [202.360687256, -8.50991916656, -17.0325717926, 0.759451568127, -2.36531233788, 12.9102230072, 8.88669395447, 68.5063476562, 24.9756183624, 46.47996521, 89.834022522, 24.0823574066, 13.1107902527], [219.486038208, -64.4450302124, 131.841217041, 84.062286377, -13.1834936142, 22.8744239807, 16.481086731, 13.5041646957, 26.6815223694, 35.1908454895, 24.0823574066, 105.971374512, 32.9246826172], [-116.403671265, 155.614303589, 12.7890901566, 9.42452907562, 34.5089950562, -18.5744590759, 2.11123752594, -29.0796031952, -21.9055366516, -1.08443641663, 13.1107902527, 32.9246826172, 112.886054993]],
        "icov": [[0.000246800365858, -2.69269403361e-05, 8.85709778231e-06, -0.000196605804376, 0.00017033937911, -0.000276545993984, 3.47329551005e-05, -0.000492098275572, 0.000273774465313, -0.000645484600682, 0.000143674391438, -0.000183116950211, 0.000165676945471], [-2.69269403361e-05, 0.00230306922458, -0.000169691207702, -2.72820889222e-05, -0.00300358026288, 0.00126639346126, -0.000462134368718, 0.00107224611565, -0.00124282529578, 0.00110384484287, -0.00117887335364, 0.00194692146033, -0.00243114028126], [8.85709778231e-06, -0.000169691207702, 0.00230939104222, -0.00166158645879, -0.000840198132209, -0.00140789675061, 0.0017159943236, -0.00046550022671, 0.000985396560282, -0.00177874579094, 0.00186930038035, -0.00192616693676, 0.000512137718033], [-0.000196605804376, -2.72820889222e-05, -0.00166158645879, 0.00336353713647, 7.29913808755e-05, 0.000181564391823, -0.00144274078775, 0.000409989821492, -0.00125692854635, 0.00260890740901, -0.000984569196589, -0.000357881421223, -0.00011764698138], [0.00017033937911, -0.00300358026288, -0.000840198132209, 7.29913808755e-05, 0.00878224428743, -0.00178517005406, -0.00265782838687, -0.00185444171075, 0.00159774557687, 0.000284374924377, 0.000583761953749, -8.81980085978e-05, 0.00126945448574], [-0.000276545993984, 0.00126639346126, -0.00140789675061, 0.000181564391823, -0.00178517005406, 0.00624807924032, -0.00372958742082, 0.000278088904452, -0.0009869588539, -0.000374590890715, -0.000416630500695, 0.0027389221359, -0.00111694342922], [3.47329551005e-05, -0.000462134368718, 0.0017159943236, -0.00144274078775, -0.00265782838687, -0.00372958742082, 0.00995819084346, -8.13638835098e-05, -0.000286995491479, -0.00261209043674, 0.00162306788843, -0.00212932331488, 0.000942285056226], [-0.000492098275572, 0.00107224611565, -0.00046550022671, 0.000409989821492, -0.00185444171075, 0.000278088904452, -8.13638835098e-05, 0.00717958016321, -0.00300694350153, 0.000614989141468, -0.00452389940619, 0.00239181309007, -0.000253155274549], [0.000273774465313, -0.00124282529578, 0.000985396560282, -0.00125692854635, 0.00159774557687, -0.0009869588539, -0.000286995491479, -0.00300694350153, 0.0107222925872, -0.00458151753992, 0.00176038825884, -0.00333894346841, 0.00337484129705], [-0.000645484600682, 0.00110384484287, -0.00177874579094, 0.00260890740901, 0.000284374924377, -0.000374590890715, -0.00261209043674, 0.000614989141468, -0.00458151753992, 0.0182792469859, -0.00679898168892, -0.000146305072121, -0.00202597025782], [0.000143674391438, -0.00117887335364, 0.00186930038035, -0.000984569196589, 0.000583761953749, -0.000416630500695, 0.00162306788843, -0.00452389940619, 0.00176038825884, -0.00679898168892, 0.018685605377, -0.00437473272905, -0.000417009316152], [-0.000183116950211, 0.00194692146033, -0.00192616693676, -0.000357881421223, -8.81980085978e-05, 0.0027389221359, -0.00212932331488, 0.00239181309007, -0.00333894346841, -0.000146305072121, -0.00437473272905, 0.0170388165861, -0.00660181511194], [0.000165676945471, -0.00243114028126, 0.000512137718033, -0.00011764698138, 0.00126945448574, -0.00111694342922, 0.000942285056226, -0.000253155274549, 0.00337484129705, -0.00202597025782, -0.000417009316152, -0.00660181511194, 0.014287150465]]
    },
    "melbands": {
        "dmean": [0.00198180321604, 0.00116584333591, 0.000541175541002, 0.000272110657534, 0.00026716364664, 0.000240452383878, 0.000343275431078, 0.000236911117099, 0.000139841722557, 6.15907338215e-05, 9.85422666417e-05, 7.22431068425e-05, 5.55899132451e-05, 7.98755208962e-05, 5.28012860741e-05, 3.87596228393e-05, 4.36726841144e-05, 4.45581936219e-05, 3.34372671205e-05, 2.56838848145e-05, 2.82107230305e-05, 2.11000751733e-05, 1.94416843442e-05, 1.62460055435e-05, 1.34535630423e-05, 1.30250318762e-05, 6.9926732067e-06, 7.43108921597e-06, 8.00111229182e-06, 5.91951720708e-06, 4.01526949645e-06, 3.82380949304e-06, 3.92226093027e-06, 2.94123174172e-06, 3.50167351826e-06, 3.14789758704e-06, 2.47524644692e-06, 2.07824382414e-06, 1.75092372956e-06, 1.51557412664e-06],
        "dmean2": [0.00319589627907, 0.00170737807639, 0.000927129236516, 0.000441397918621, 0.00040842112503, 0.00038682896411, 0.000558012747206, 0.000390468281694, 0.000227770404308, 9.76721057668e-05, 0.000157898350153, 0.000116345901915, 8.6689949967e-05, 0.000129503794597, 8.11586214695e-05, 6.3754428993e-05, 6.756647781e-05, 7.30888932594e-05, 5.3499959904e-05, 4.13020061387e-05, 4.36976879428e-05, 3.26587469317e-05, 3.03980395984e-05, 2.63414476649e-05, 2.1511948944e-05, 2.10469934245e-05, 1.10010214485e-05, 1.1592721421e-05, 1.2777529264e-05, 9.50410321821e-06, 6.426228083e-06, 5.85401903663e-06, 6.14477767158e-06, 4.32189062849e-06, 5.49060086996e-06, 5.13640316058e-06, 3.84101531381e-06, 3.32609783982e-06, 2.69928364105e-06, 2.27164355238e-06],
        "dvar": [1.47570426634e-05, 7.38601238481e-06, 2.14675742427e-06, 2.92274762614e-07, 5.25036853105e-07, 2.11686170815e-07, 6.45512272968e-07, 3.12384230483e-07, 1.85744198689e-07, 1.32136062092e-08, 4.62744402796e-08, 3.11783843188e-08, 3.66663890361e-08, 4.21653361116e-08, 1.06030517699e-08, 4.18470902375e-09, 8.69821548122e-09, 1.03659640871e-08, 4.70190419932e-09, 1.85148796294e-09, 2.60342236658e-09, 1.71498815149e-09, 1.33147948223e-09, 7.16899761777e-10, 4.72908934235e-10, 5.09293662798e-10, 1.17576656744e-10, 1.41040665258e-10, 1.992570553e-10, 1.42666767289e-10, 7.32105417955e-11, 6.80637213257e-11, 8.43437888975e-11, 4.22278670364e-11, 6.09086878156e-11, 4.70860052337e-11, 2.3284020545e-11, 2.00374699472e-11, 9.07605154227e-12, 7.29083286799e-12],
        "dvar2": [3.77482065232e-05, 1.50729847519e-05, 5.67219558434e-06, 7.57518989758e-07, 1.01759155768e-06, 5.16502836945e-07, 1.50228504481e-06, 7.12916119028e-07, 4.59373382e-07, 3.23606563768e-08, 1.1805449418e-07, 8.45661745075e-08, 9.56408570119e-08, 1.03872586976e-07, 2.34334756044e-08, 1.00719770302e-08, 2.05865706704e-08, 2.64681307982e-08, 1.23875718572e-08, 4.60854954198e-09, 6.01706817704e-09, 3.57056206823e-09, 3.48003958983e-09, 1.88269555501e-09, 1.17734522131e-09, 1.38834621577e-09, 2.86781820513e-10, 3.22397109009e-10, 5.12886177972e-10, 3.4821451278e-10, 1.82907411439e-10, 1.47673234752e-10, 1.9900028847e-10, 8.90807358433e-11, 1.43729389501e-10, 1.18068471666e-10, 5.57892725073e-11, 5.12558953614e-11, 2.02533805699e-11, 1.67417919805e-11],
        "max": [0.0382454991341, 0.0212281011045, 0.0121313324198, 0.00607740785927, 0.0117002613842, 0.00386513117701, 0.016912939027, 0.010238586925, 0.0076794703491, 0.00136214401573, 0.00231331423856, 0.00292170164175, 0.00465041864663, 0.00317797297612, 0.00165745161939, 0.000789216894191, 0.00167754269205, 0.00180184748024, 0.00109450996388, 0.000456627341919, 0.000811158679426, 0.000718962401152, 0.000467940291855, 0.000369378656615, 0.000241591507802, 0.000281068409095, 0.00013756925182, 0.000115157919936, 0.00015456735855, 0.000249968637945, 0.000105596918729, 8.97527279449e-05, 9.2340305855e-05, 8.41030050651e-05, 0.000103406302514, 7.5915340858e-05, 5.6603061239e-05, 6.12184521742e-05, 3.38626268785e-05, 5.17968619533e-05],
        "mean": [0.00614432943985, 0.00227439403534, 0.00059732387308, 0.00037580888602, 0.000481896218844, 0.000346239015926, 0.000538919819519, 0.000332291063387, 0.000193750616745, 8.79807485035e-05, 0.00013780851441, 9.76424489636e-05, 7.10368694854e-05, 0.000130532876938, 8.94027980394e-05, 5.82924076298e-05, 6.74797120155e-05, 6.22481966275e-05, 4.88469922857e-05, 3.82109792554e-05, 4.40594376414e-05, 3.52525967173e-05, 2.98985232803e-05, 2.463941928e-05, 2.15421132452e-05, 1.94351814571e-05, 1.13347150545e-05, 1.15878883662e-05, 1.19490068755e-05, 8.89687089511e-06, 5.78713115829e-06, 6.16626948613e-06, 5.97151165493e-06, 4.44465604232e-06, 5.27306929143e-06, 4.90969841849e-06, 4.00444878323e-06, 3.23813696923e-06, 3.0753867577e-06, 2.79767618849e-06],
        "median": [0.0062816538848, 0.0013704005396, 0.000173543798155, 0.000150818115799, 7.36887086532e-05, 9.15363343665e-05, 0.000109165586764, 7.30419124011e-05, 5.32050107722e-05, 4.08584965044e-05, 4.32231900049e-05, 4.35280926467e-05, 3.61081256415e-05, 4.16896618844e-05, 3.59845944331e-05, 3.09279166686e-05, 3.27424131683e-05, 3.36074772349e-05, 2.75474849332e-05, 2.33426362684e-05, 2.42900332523e-05, 1.91253784578e-05, 1.18079606182e-05, 1.07671057776e-05, 9.21925857256e-06, 8.55911184772e-06, 6.45167983748e-06, 5.87335898672e-06, 5.85860516367e-06, 3.0740523016e-06, 1.65509879935e-06, 1.35701327508e-06, 1.08201038529e-06, 1.00178965567e-06, 1.67073437751e-06, 1.73607259057e-06, 1.5110467757e-06, 1.40634745094e-06, 1.66970778537e-06, 1.61464765824e-06],
        "min": [2.96078966817e-23, 4.11441701606e-23, 8.31395338597e-24, 3.95443507785e-24, 1.53396432712e-23, 7.83381082943e-24, 3.86062728888e-24, 1.19435623643e-23, 2.12706466554e-23, 1.56475861696e-23, 1.08734394142e-23, 5.6004568599e-24, 8.74658837222e-24, 1.29848532372e-23, 1.62864167747e-23, 1.61061005267e-23, 1.66554743051e-23, 1.04252094367e-23, 1.98039980382e-23, 8.58455713115e-24, 6.00787117415e-24, 7.47238710595e-24, 1.33473450783e-23, 1.47533934009e-23, 1.42670685414e-23, 1.46875613806e-23, 1.10420071568e-23, 8.50031388622e-24, 8.39023465779e-24, 7.52559025198e-24, 1.00279982494e-23, 8.06411324868e-24, 7.61484276366e-24, 1.1587871293e-23, 1.20537323118e-23, 9.38545684265e-24, 7.43965016725e-24, 1.33339581088e-23, 1.12272411636e-23, 1.26092639384e-23],
        "stdev": [0.00577843748033, 0.00332033238374, 0.00135049573146, 0.000630776281469, 0.00140083383303, 0.000566954724491, 0.00120798964053, 0.000853851961438, 0.000500350957736, 0.000132205328555, 0.00027260184288, 0.000199943664484, 0.000176844507223, 0.000323785177898, 0.000171352978214, 8.326859097e-05, 0.000117028896057, 0.000113879577839, 7.55270302761e-05, 4.77679059259e-05, 6.41869410174e-05, 5.77003702347e-05, 5.07151598867e-05, 3.6472294596e-05, 3.16352852678e-05, 2.91387423204e-05, 1.40364963954e-05, 1.53136625158e-05, 1.61902462423e-05, 1.50623627633e-05, 1.00003471744e-05, 1.22928413475e-05, 1.26558088596e-05, 9.62766353041e-06, 9.97545976134e-06, 8.80117659108e-06, 6.52152084513e-06, 5.36408697371e-06, 4.24349400419e-06, 3.87054478779e-06],
        "var": [3.33903408318e-05, 1.10246064651e-05, 1.8238388293e-06, 3.97878750391e-07, 1.96233554561e-06, 3.21437681805e-07, 1.45923888795e-06, 7.29063174276e-07, 2.50351092745e-07, 1.74782499585e-08, 7.4311770959e-08, 3.99774684468e-08, 3.12739807384e-08, 1.04836850312e-07, 2.93618427349e-08, 6.93365853621e-09, 1.36957618579e-08, 1.29685586714e-08, 5.70433256186e-09, 2.28177277073e-09, 4.1199630374e-09, 3.3293325874e-09, 2.57202747989e-09, 1.33022814985e-09, 1.00079133869e-09, 8.49066261743e-10, 1.97023231063e-10, 2.34508246155e-10, 2.62124072448e-10, 2.26874768972e-10, 1.00006940229e-10, 1.51113940805e-10, 1.60169488783e-10, 9.26919097033e-11, 9.95097892975e-11, 7.74607114562e-11, 4.25302328078e-11, 2.87734280846e-11, 1.80072415312e-11, 1.49811153066e-11]
    },
    "melbands128": {
