{
"lowlevel": {
    "average_loudness": 0.794931173325,
    "barkbands_crest": {
        "dmean": 2.86815857887,
        "dmean2": 4.75837659836,
        "dvar": 7.63168096542,
        "dvar2": 19.4725723267,
        "max": 25.6861572266,
        "mean": 11.701218605,
        "median": 11.3965053558,
        "min": 2.5430867672,
        "stdev": 4.22621297836,
        "var": 17.8608760834
    },
    "barkbands_flatness_db": {
        "dmean": 0.0294412337244,
        "dmean2": 0.044134631753,
        "dvar": 0.000819020846393,
        "dvar2": 0.00177333084866,
        "max": 0.430728763342,
        "mean": 0.182582557201,
        "median": 0.175574868917,
        "min": 0.0316316261888,
        "stdev": 0.067045301199,
        "var": 0.00449507217854
    },
    "barkbands_kurtosis": {
        "dmean": 7.57375907898,
        "dmean2": 12.0960760117,
        "dvar": 147.812347412,
        "dvar2": 368.236297607,
        "max": 142.143447876,
        "mean": 10.9645290375,
        "median": 5.51250362396,
        "min": -1.86094498634,
        "stdev": 16.2525119781,
        "var": 264.144165039
    },
    "barkbands_skewness": {
        "dmean": 0.989949226379,
        "dmean2": 1.48276221752,
        "dvar": 1.08442938328,
        "dvar2": 2.45710086823,
        "max": 10.6724739075,
        "mean": 2.3095562458,
        "median": 2.05447006226,
        "min": -3.87715315819,
        "stdev": 1.81593096256,
        "var": 3.29760527611
    },
    "barkbands_spread": {
        "dmean": 7.44977331161,
        "dmean2": 11.7236089706,
        "dvar": 114.506881714,
        "dvar2": 275.624237061,
        "max": 91.0019454956,
        "mean": 16.5879859924,
        "median": 11.6116600037,
        "min": 0.731173038483,
        "stdev": 14.9507369995,
        "var": 223.524536133
    },
    "dissonance": {
        "dmean": 0.029483249411,
        "dmean2": 0.048825532198,
        "dvar": 0.000831022334751,
        "dvar2": 0.00211560772732,
        "max": 0.499902546406,
        "mean": 0.447386175394,
        "median": 0.458990931511,
        "min": 0.23569715023,
        "stdev": 0.0425606742501,
        "var": 0.00181141111534
    },
    "dynamic_complexity": 3.14023685455,
    "erbbands_crest": {
        "dmean": 3.24865794182,
        "dmean2": 5.27741718292,
        "dvar": 9.97375202179,
        "dvar2": 24.202703476,
        "max": 30.6660366058,
        "mean": 10.2352638245,
        "median": 8.98204898834,
        "min": 2.18411588669,
        "stdev": 4.96305274963,
        "var": 24.6318912506
    },
    "erbbands_flatness_db": {
        "dmean": 0.0235267076641,
        "dmean2": 0.0347701348364,
        "dvar": 0.00054026930593,
        "dvar2": 0.00121442589443,
        "max": 0.373777538538,
        "mean": 0.181839615107,
        "median": 0.179889127612,
        "min": 0.0396619997919,
        "stdev": 0.0566675662994,
        "var": 0.00321121327579
    },
    "erbbands_kurtosis": {
        "dmean": 2.03570222855,
        "dmean2": 3.25531363487,
        "dvar": 8.95447158813,
        "dvar2": 21.698633194,
        "max": 35.4214134216,
        "mean": 1.94424855709,
        "median": 0.546615839005,
        "min": -1.80296254158,
        "stdev": 4.07521104813,
        "var": 16.6073455811
    },
    "erbbands_skewness": {
        "dmean": 0.613165557384,
        "dmean2": 0.899664998055,
        "dvar": 0.456489741802,
        "dvar2": 0.956604778767,
        "max": 5.46448993683,
        "mean": 0.727603852749,
        "median": 0.807054758072,
        "min": -4.33663415909,
        "stdev": 1.12879133224,
        "var": 1.27416980267
    },
    "erbbands_spread": {
        "dmean": 11.9163312912,
        "dmean2": 18.2664260864,
        "dvar": 174.644546509,
        "dvar2": 430.410247803,
        "max": 122.351699829,
        "mean": 37.4937400818,
        "median": 32.9517555237,
        "min": 3.24374461174,
        "stdev": 22.3177700043,
        "var": 498.082885742
    },
    "hfc": {
        "dmean": 10.5181703568,
        "dmean2": 15.8732862473,
        "dvar": 305.75592041,
        "dvar2": 774.642456055,
        "max": 163.978485107,
        "mean": 19.9387626648,
        "median": 13.3222255707,
        "min": 1.21440701835e-16,
        "stdev": 20.875415802,
        "var": 435.782958984
    },
    "loudness_ebu128": {
        "integrated": -10.2905817032,
        "loudness_range": 4.77884483337,
        "momentary": {
            "dmean": 0.981559634209,
            "dmean2": 1.39695775509,
            "dvar": 0.813132941723,
            "dvar2": 1.44698321819,
            "max": -6.0032119751,
            "mean": -10.9105434418,
            "median": -10.6823244095,
            "min": -20.5596237183,
            "stdev": 2.45298743248,
            "var": 6.01714706421
        },
        "short_term": {
            "dmean": 0.1129764691,
            "dmean2": 0.14743898809,
            "dvar": 0.0104461805895,
            "dvar2": 0.0146962013096,
            "max": -8.31669616699,
            "mean": -10.5928153992,
            "median": -10.0251722336,
            "min": -14.0244932175,
            "stdev": 1.64727175236,
            "var": 2.71350431442
        }
    },
    "melbands_crest": {
        "dmean": 3.94036912918,
        "dmean2": 6.11762714386,
        "dvar": 15.0140285492,
        "dvar2": 36.6551208496,
        "max": 38.6418457031,
        "mean": 18.567527771,
        "median": 15.9019508362,
        "min": 2.3944003582,
        "stdev": 9.20511436462,
        "var": 84.7341308594
    },
    "melbands_flatness_db": {
        "dmean": 0.0361376143992,
        "dmean2": 0.0519448667765,
        "dvar": 0.00139383878559,
        "dvar2": 0.00262465979904,
        "max": 0.528281450272,
        "mean": 0.240634024143,
        "median": 0.238089054823,
        "min": 0.00963913835585,
        "stdev": 0.0894433632493,
        "var": 0.00800011493266
    },
    "melbands_kurtosis": {
        "dmean": 16.3330631256,
        "dmean2": 26.2073860168,
        "dvar": 971.549133301,
        "dvar2": 2442.49853516,
        "max": 473.080322266,
        "mean": 25.477142334,
        "median": 12.1004219055,
        "min": -1.79365897179,
        "stdev": 39.8473815918,
        "var": 1587.81384277
    },
    "melbands_skewness": {
        "dmean": 1.24134063721,
        "dmean2": 1.90663671494,
        "dvar": 1.95747053623,
        "dvar2": 4.37423038483,
        "max": 18.0284233093,
        "mean": 3.34254384041,
        "median": 2.77293562889,
        "min": -1.79059457779,
        "stdev": 2.5175113678,
        "var": 6.33786344528
    },
    "melbands_spread": {
        "dmean": 10.1278066635,
        "dmean2": 15.5997695923,
        "dvar": 424.605743408,
        "dvar2": 863.473205566,
        "max": 227.849609375,
        "mean": 19.4324913025,
        "median": 11.0157442093,
        "min": 0.537910103798,
        "stdev": 26.2666149139,
        "var": 689.935058594
    },
    "pitch_salience": {
        "dmean": 0.0910531356931,
        "dmean2": 0.141463622451,
        "dvar": 0.0073247551918,
        "dvar2": 0.0167457126081,
        "max": 0.871296286583,
        "mean": 0.50789308548,
        "median": 0.52807956934,
        "min": 0.0706192925572,
        "stdev": 0.182461664081,
        "var": 0.033292260021
    },
    "silence_rate_20dB": {
        "dmean": 0,
        "dmean2": 0,
        "dvar": 0,
        "dvar2": 0,
        "max": 1,
        "mean": 1,
        "median": 1,
        "min": 1,
        "stdev": 0,
        "var": 0
    },
    "silence_rate_30dB": {
        "dmean": 0.0541795678437,
        "dmean2": 0.108443066478,
        "dvar": 0.0512451790273,
        "dvar2": 0.109076030552,
        "max": 1,
        "mean": 0.839907169342,
        "median": 1,
        "min": 0,
        "stdev": 0.366694450378,
        "var": 0.13446483016
    },
    "silence_rate_60dB": {
        "dmean": 0.0518575869501,
        "dmean2": 0.103020913899,
        "dvar": 0.0491685345769,
        "dvar2": 0.106349788606,
        "max": 1,
        "mean": 0.0866202637553,
        "median": 0,
        "min": 0,
        "stdev": 0.281276524067,
        "var": 0.0791164785624
    },
    "spectral_centroid": {
        "dmean": 394.650604248,
        "dmean2": 586.67956543,
        "dvar": 424158.15625,
        "dvar2": 768479.125,
        "max": 11040.4667969,
        "mean": 1222.09082031,
        "median": 960.700744629,
        "min": 227.086517334,
        "stdev": 910.17199707,
        "var": 828413.0625
    },
    "spectral_complexity": {
        "dmean": 4.32739925385,
        "dmean2": 6.19752120972,
        "dvar": 25.6970214844,
        "dvar2": 49.0122909546,
        "max": 44,
        "mean": 13.6210365295,
        "median": 11,
        "min": 0,
        "stdev": 8.93777656555,
        "var": 79.8838577271
    },
    "spectral_decrease": {
        "dmean": 5.50121193044e-09,
        "dmean2": 8.7060154641e-09,
        "dvar": 8.37571456885e-17,
        "dvar2": 2.14343553422e-16,
        "max": 6.30739890116e-29,
        "mean": -1.18974909924e-08,
        "median": -5.44468292674e-09,
        "min": -7.45977928318e-08,
        "stdev": 1.54079646819e-08,
        "var": 2.37405388605e-16
    },
    "spectral_energy": {
        "dmean": 0.0214345045388,
        "dmean2": 0.0338958241045,
        "dvar": 0.00122237671167,
        "dvar2": 0.00312068988569,
        "max": 0.28600114584,
        "mean": 0.0467123910785,
        "median": 0.0218697339296,
        "min": 1.07769783484e-20,
        "stdev": 0.0588169284165,
        "var": 0.00345943099819
    },
    "spectral_energyband_high": {
        "dmean": 0.000723305915017,
        "dmean2": 0.00106838904321,
        "dvar": 2.17052684093e-06,
        "dvar2": 4.69642964163e-06,
        "max": 0.0131274843588,
        "mean": 0.00104558316525,
        "median": 0.000259001506492,
        "min": 7.67845267004e-21,
        "stdev": 0.00193201715592,
        "var": 3.7326904021e-06
    },
    "spectral_energyband_low": {
        "dmean": 0.0149838030338,
        "dmean2": 0.0242371447384,
        "dvar": 0.00117559661157,
        "dvar2": 0.00320542277768,
        "max": 0.267670214176,
        "mean": 0.0280426926911,
        "median": 0.000943580875173,
        "min": 1.06785942416e-22,
        "stdev": 0.0524652525783,
        "var": 0.00275260256603
    },
    "spectral_energyband_middle_high": {
        "dmean": 0.00307827885263,
        "dmean2": 0.00495391339064,
        "dvar": 7.49213941162e-05,
        "dvar2": 0.000202420007554,
        "max": 0.080520875752,
        "mean": 0.00394244492054,
        "median": 0.00147853675298,
        "min": 1.70738923771e-21,
        "stdev": 0.0077874311246,
        "var": 6.06440844422e-05
    },
    "spectral_energyband_middle_low": {
        "dmean": 0.00718186050653,
        "dmean2": 0.0110592814162,
        "dvar": 0.000131377950311,
        "dvar2": 0.000324811931932,
        "max": 0.147423282266,
        "mean": 0.0133999297395,
        "median": 0.00858926121145,
        "min": 2.79053903289e-22,
        "stdev": 0.0143128270283,
        "var": 0.000204857016797
    },
    "spectral_entropy": {
        "dmean": 0.230965256691,
        "dmean2": 0.325329452753,
        "dvar": 0.0565528273582,
        "dvar2": 0.106445759535,
        "max": 9.79646110535,
        "mean": 7.48240613937,
        "median": 7.47947788239,
        "min": 5.38850927353,
        "stdev": 0.562538802624,
        "var": 0.3164498806
    },
    "spectral_flux": {
        "dmean": 0.0415089391172,
        "dmean2": 0.0677783861756,
        "dvar": 0.00330663868226,
        "dvar2": 0.00705965142697,
        "max": 0.4970292449,
        "mean": 0.104619063437,
        "median": 0.0809032991529,
        "min": 1.03812229646e-10,
        "stdev": 0.0839860588312,
        "var": 0.0070536583662
    },
    "spectral_kurtosis": {
        "dmean": 2.24393057823,
        "dmean2": 3.56475806236,
        "dvar": 11.0643262863,
        "dvar2": 28.4904384613,
        "max": 48.790271759,
        "mean": 4.92525005341,
        "median": 3.64424467087,
        "min": -1.29416549206,
        "stdev": 5.14444112778,
        "var": 26.4652748108
    },
    "spectral_rms": {
        "dmean": 0.00141659076326,
        "dmean2": 0.00210143462755,
        "dvar": 3.31476053361e-06,
        "dvar2": 7.46640671423e-06,
        "max": 0.016704056412,
        "mean": 0.00562707008794,
        "median": 0.00461912620813,
        "min": 3.24254924126e-12,
        "stdev": 0.00372949102893,
        "var": 1.39091034725e-05
    },
    "spectral_rolloff": {
        "dmean": 747.330505371,
        "dmean2": 1237.43444824,
        "dvar": 2838894.75,
        "dvar2": 5144997,
        "max": 18561.6210938,
        "mean": 1454.43286133,
        "median": 645.99609375,
        "min": 43.06640625,
        "stdev": 2291.26318359,
        "var": 5249887
    },
    "spectral_skewness": {
        "dmean": 0.337157785892,
        "dmean2": 0.501861512661,
        "dvar": 0.126643806696,
        "dvar2": 0.264493077993,
        "max": 5.44537305832,
        "mean": 1.57315373421,
        "median": 1.50797605515,
        "min": -0.238106280565,
        "stdev": 0.739901483059,
        "var": 0.547454178333
    },
    "spectral_spread": {
        "dmean": 889273.0625,
        "dmean2": 1226439.125,
        "dvar": 1.94798288896e+12,
        "dvar2": 2.80026074317e+12,
        "max": 41006952,
        "mean": 4978263,
        "median": 4359363,
        "min": 1252084.125,
        "stdev": 2553035,
        "var": 6.51798721331e+12
    },
    "spectral_strongpeak": {
        "dmean": 0.438968211412,
        "dmean2": 0.739884078503,
        "dvar": 0.44039657712,
        "dvar2": 1.18923532963,
        "max": 7.86371707916,
        "mean": 0.811605095863,
        "median": 0.610105931759,
        "min": 0,
        "stdev": 0.740598618984,
        "var": 0.548486292362
    },
    "zerocrossingrate": {
        "dmean": 0.0172689817846,
        "dmean2": 0.0189779158682,
        "dvar": 0.000860068830661,
        "dvar2": 0.000913103111088,
        "max": 0.51953125,
        "mean": 0.0589706301689,
        "median": 0.04248046875,
        "min": 0.00146484375,
        "stdev": 0.0588882528245,
        "var": 0.00346782640554
    },
    "barkbands": {
        "dmean": [0.0035494454205, 0.011984501034, 0.00261878920719, 0.00146430311725, 0.00241780024953, 0.00195955391973, 0.00199689134024, 0.000889015733264, 0.000919721147511, 0.000580310705118, 0.000819189473987, 0.000674052280374, 0.000491851416882, 0.000300156418234, 0.000263570051175, 0.00019741023425, 0.000174621221959, 0.000134577479912, 0.000164977231179, 0.000137918221299, 0.000176059358637, 0.000200297814445, 0.000144963443745, 0.000101444420579, 8.47945120768e-05, 3.82344733225e-05, 4.38259439761e-06],
        "dmean2": [0.0051240590401, 0.0199222564697, 0.0045376541093, 0.00268855993636, 0.00366815901361, 0.00294479867443, 0.00314088654704, 0.00134452059865, 0.00143107143231, 0.000961070181802, 0.00136070768349, 0.00112392765004, 0.000863271125127, 0.000483794923639, 0.000437646813225, 0.000318211794365, 0.000283568922896, 0.000223302020459, 0.000264436384896, 0.000226690564887, 0.000278175517451, 0.000319384067552, 0.000211313235923, 0.000151710541104, 0.000127758015878, 5.70257725485e-05, 6.99776319379e-06],
        "dvar": [6.0129812482e-05, 0.000931247661356, 0.000103889688035, 2.45553583227e-05, 3.39168909704e-05, 9.51500078372e-06, 1.42145991049e-05, 3.02625448967e-06, 2.55924828707e-06, 2.53505618275e-06, 5.15348665431e-06, 5.03886849401e-06, 2.68052053798e-06, 5.94152027134e-07, 4.32004782169e-07, 1.59662448596e-07, 1.09290986927e-07, 1.07218873779e-07, 1.217456429e-07, 1.12427230192e-07, 1.94601000203e-07, 3.38699521762e-07, 1.22327676877e-07, 6.31285317354e-08, 5.90255808675e-08, 1.6354283261e-08, 5.11541919934e-10],
        "dvar2": [0.000126769169583, 0.00265831034631, 0.000287573842797, 7.05538041075e-05, 8.90897936188e-05, 1.97960125661e-05, 3.22244595736e-05, 7.3743167377e-06, 5.95025767325e-06, 6.53881306789e-06, 1.33376879603e-05, 1.32782270157e-05, 7.35317416911e-06, 1.27869884636e-06, 1.14212207336e-06, 4.16813008997e-07, 2.62505864157e-07, 2.65127852117e-07, 3.08302105623e-07, 2.7373806688e-07, 4.39865544877e-07, 8.41364112603e-07, 2.52383983934e-07, 1.27683122741e-07, 1.28048071701e-07, 2.81297545257e-08, 1.16059373223e-09],
        "max": [0.0899748131633, 0.216984122992, 0.113892629743, 0.0459948591888, 0.104071490467, 0.0378826223314, 0.0606602691114, 0.0229946840554, 0.0174746345729, 0.0228551793844, 0.0264598801732, 0.0180575177073, 0.0119716431946, 0.011368708685, 0.00614058319479, 0.00550061557442, 0.00427142623812, 0.0052756103687, 0.00596950016916, 0.00586717901751, 0.00482064392418, 0.0060110851191, 0.00429749162868, 0.00369265093468, 0.00495448987931, 0.00244635040872, 0.000701820652466],
        "mean": [0.0085204616189, 0.0176245495677, 0.00228018965572, 0.00117561023217, 0.00410912092775, 0.00281988386996, 0.0024801788386, 0.00132446282078, 0.00127279164735, 0.000658152799588, 0.000843859976158, 0.000617171172053, 0.000414413720137, 0.000347663881257, 0.000281891727354, 0.000233640326769, 0.00021689053392, 0.000152648892254, 0.0002176197886, 0.000172779153218, 0.000204499519896, 0.000228954828344, 0.00018416022067, 0.000146037360537, 0.000120079552289, 5.86370151723e-05, 5.98350607106e-06],
        "median": [5.16617001267e-06, 2.79307751043e-05, 0.000221389200306, 0.000211026796023, 0.00138400436845, 0.00110295775812, 0.0005511357449, 0.000605975859798, 0.000405466533266, 0.000167937178048, 0.000150364125147, 0.000100230565295, 4.43522549176e-05, 5.27401753061e-05, 4.1447354306e-05, 6.75129122101e-05, 6.34006064502e-05, 3.95116476284e-05, 5.83112050663e-05, 4.86971657665e-05, 4.71249222755e-05, 2.99274906865e-05, 2.55089344137e-05, 2.10550442716e-05, 1.18891657621e-05, 5.56742406843e-06, 1.58716531473e-07],
        "min": [1.40512594691e-24, 5.76183184758e-23, 3.63034167236e-23, 1.57027196583e-23, 2.7004930218e-23, 1.19050091542e-22, 3.06748373669e-23, 3.24914262594e-23, 4.04726097166e-23, 2.53599075283e-23, 1.74331204482e-22, 1.68403148282e-22, 1.15687789659e-22, 9.84088706916e-23, 8.86274561616e-23, 1.12390363697e-22, 2.49730390963e-22, 3.69223834956e-22, 2.00406515766e-22, 1.97407493796e-22, 2.81990586314e-22, 6.02208286623e-22, 6.06747581598e-22, 6.51622129829e-22, 1.26684669712e-21, 1.75445876301e-21, 2.55485112334e-21],
        "stdev": [0.0170408431441, 0.0384899638593, 0.00837281346321, 0.00386237748899, 0.00643822876737, 0.00420779222623, 0.0047404691577, 0.00205386942253, 0.00197961460799, 0.00154958106577, 0.00212054722942, 0.00195156759582, 0.00136172864586, 0.000962304882705, 0.000690542045049, 0.000440124917077, 0.000403802871006, 0.000353846640792, 0.000478254718473, 0.000410985172493, 0.000513740640599, 0.000619290047325, 0.000448660983238, 0.000349513371475, 0.000329386821249, 0.000202315248316, 3.51566632162e-05],
        "var": [0.000290390336886, 0.00148147740401, 7.01040044078e-05, 1.4917959561e-05, 4.1450788558e-05, 1.77055135282e-05, 2.24720479309e-05, 4.21837921749e-06, 3.918873972e-06, 2.40120152739e-06, 4.49672097602e-06, 3.8086159293e-06, 1.85430496913e-06, 9.26030679693e-07, 4.76848299513e-07, 1.9370993698e-07, 1.63056768088e-07, 1.25207449742e-07, 2.28727571994e-07, 1.6890881227e-07, 2.63929422317e-07, 3.8352015963e-07, 2.01296671776e-07, 1.22159590887e-07, 1.08495669338e-07, 4.09314608874e-08, 1.23599086521e-09]
    },
    "erbbands": {
        "dmean": [0.587839603424, 1.98200809956, 2.94802999496, 4.56363105774, 4.0562338829, 9.45836639404, 13.3673677444, 17.2205581665, 28.8381137848, 25.3694572449, 18.4720935822, 21.9995384216, 13.9785871506, 26.1348648071, 36.4244689941, 23.8088283539, 23.7551555634, 17.3809204102, 12.1688566208, 11.660695076, 9.61607074738, 9.3970041275, 7.4856967926, 7.60627317429, 8.25412273407, 5.73813199997, 6.93271827698, 7.96660327911, 7.19892978668, 5.59700632095, 4.03697443008, 2.70851206779, 1.40794026852, 1.08683907986, 0.54259365797, 0.208190605044, 0.0657758414745, 0.0134583478794, 0.000445223442512, 3.15009237966e-05],
        "dmean2": [0.903281152248, 3.34423232079, 4.89546966553, 8.22093486786, 6.90838098526, 14.208937645, 20.4559326172, 26.048789978, 44.1600379944, 39.1256828308, 27.8126869202, 34.3474159241, 21.8050785065, 43.9915962219, 61.3289299011, 38.9783821106, 41.4629173279, 28.5626564026, 19.5051078796, 18.8964366913, 15.4824495316, 14.9319524765, 12.3653783798, 12.3201303482, 13.1725788116, 9.29021644592, 11.2169055939, 12.7328958511, 11.4060525894, 8.55513572693, 5.95846748352, 4.12534809113, 2.10235023499, 1.64448702335, 0.814654231071, 0.303854346275, 0.0969587042928, 0.0193548370153, 0.000681217818055, 4.73930303997e-05],
        "dvar": [2.03488278389, 42.520149231, 131.781982422, 256.390838623, 180.951644897, 519.034240723, 549.930603027, 917.870056152, 2537.41772461, 2690.41137695, 1327.87109375, 1709.33959961, 1279.28393555, 6897.47216797, 12956.5800781, 5936.9609375, 6717.26464844, 2081.56201172, 843.740234375, 734.848937988, 374.064025879, 307.624023438, 306.70993042, 386.351745605, 324.987213135, 189.257995605, 305.006347656, 447.143920898, 440.886322021, 220.249206543, 102.471359253, 48.3060150146, 12.5498867035, 10.0009746552, 2.5528049469, 0.419556558132, 0.0522021763027, 0.00346915610135, 4.36173286289e-06, 2.78578116131e-09],
        "dvar2": [6.26393079758, 111.327957153, 340.946166992, 727.923156738, 501.213256836, 1363.36437988, 1184.96887207, 1968.40063477, 5860.74072266, 6126.92285156, 3246.81591797, 4084.1340332, 2502.27661133, 18881.2324219, 34524.0976562, 15344.9296875, 18412.7207031, 4928.52734375, 2020.39953613, 1752.2277832, 984.55267334, 727.936279297, 768.613952637, 1011.91333008, 781.303466797, 433.164794922, 740.884887695, 1040.74450684, 1078.95031738, 512.575683594, 218.025177002, 109.410423279, 21.5712795258, 22.9021911621, 5.37051725388, 0.776046812534, 0.09368057549, 0.0069119730033, 9.42033238971e-06, 6.22741369583e-09],
        "max": [11.1336221695, 53.8138580322, 135.813980103, 140.990524292, 217.624801636, 397.904785156, 284.675598145, 446.281921387, 593.043945312, 789.138244629, 672.952148438, 506.502532959, 602.142700195, 1358.57092285, 1179.53527832, 723.574890137, 611.319519043, 674.831115723, 333.729858398, 294.339569092, 224.382995605, 235.68598938, 212.484298706, 315.15234375, 413.863739014, 302.010467529, 203.118652344, 218.763870239, 227.465698242, 169.161758423, 120.31413269, 87.9312896729, 71.6602783203, 60.2840309143, 29.0790367126, 12.0234012604, 4.44421243668, 1.74867856503, 0.0657924413681, 0.00121667329222],
        "mean": [0.961569309235, 2.20329236984, 2.74881792068, 3.9331908226, 4.69794845581, 15.7878885269, 21.5115890503, 24.6914043427, 38.9237518311, 32.4288063049, 29.3417949677, 29.6719589233, 18.5561656952, 27.4707012177, 35.4842300415, 23.1083621979, 20.5717544556, 19.4341564178, 14.4905090332, 14.3450050354, 12.2272567749, 12.0394277573, 8.94784355164, 9.16650390625, 11.0066223145, 7.63775873184, 7.95951366425, 9.04566383362, 8.37186431885, 6.46446466446, 5.13673639297, 3.6576218605, 2.08977556229, 1.46083378792, 0.768559813499, 0.312411904335, 0.0970460996032, 0.0197846889496, 0.000661114638206, 6.93869660608e-05],
        "median": [0.000686362443957, 0.0209412630647, 0.197659701109, 0.797160685062, 1.05356323719, 4.84129428864, 7.63927698135, 8.72371387482, 10.1243696213, 10.5438270569, 14.5237398148, 9.55878448486, 5.70592927933, 5.47195291519, 5.95595169067, 4.68043851852, 2.56483817101, 2.92355632782, 2.23812842369, 2.92522454262, 4.1251950264, 3.77791309357, 2.59232759476, 2.72880935669, 3.04756307602, 2.3769261837, 2.29053139687, 1.61434423923, 1.07593107224, 0.906092524529, 0.665874063969, 0.547686874866, 0.28267210722, 0.146811127663, 0.0724283009768, 0.031077016145, 0.00851643364877, 0.00117755215615, 6.29073183518e-05, 3.44869113178e-05],
        "min": [6.18939710878e-22, 1.60351498215e-20, 5.12291984971e-20, 4.70308691474e-20, 3.43767086042e-20, 1.47013311004e-19, 2.02709889039e-19, 1.05336849816e-18, 1.01495154218e-18, 2.79128349544e-19, 1.015206624e-18, 1.04435388385e-18, 9.26364841275e-19, 1.9093834895e-18, 7.80268304883e-18, 7.07735897536e-18, 4.92336577103e-18, 4.57746737659e-18, 5.58150085847e-18, 4.04740755852e-18, 9.17611223122e-18, 1.2971474962e-17, 2.0122453839e-17, 1.57416441036e-17, 8.83448829259e-18, 8.24884524609e-18, 8.93554412085e-18, 1.31520509712e-17, 2.32547899498e-17, 1.77848133038e-17, 1.56746854874e-17, 1.63449962598e-17, 1.09057824608e-17, 1.04540152877e-17, 1.03601327698e-17, 6.43441009679e-18, 3.3685575938e-18, 1.52180439457e-18, 3.81179689666e-19, 3.58302297304e-20],
        "stdev": [1.95019030571, 6.85288953781, 10.2431058884, 12.6920833588, 12.5015697479, 25.5065746307, 31.2389411926, 39.8028068542, 66.7149276733, 59.5751342773, 44.5404396057, 47.7138671875, 44.5835990906, 72.6014785767, 99.4659347534, 68.7129974365, 67.9349975586, 51.079460144, 33.7269020081, 33.2154693604, 21.8499832153, 21.8951797485, 18.7868118286, 21.9027271271, 25.6283588409, 18.2339954376, 19.1640949249, 23.9616107941, 22.9529380798, 16.8788318634, 12.7249422073, 8.75496768951, 5.28164958954, 4.10364151001, 2.16592717171, 0.971186578274, 0.356662124395, 0.094357483089, 0.00331832631491, 9.20423408388e-05],
        "var": [3.80324220657, 46.962097168, 104.921211243, 161.088989258, 156.289245605, 650.585388184, 975.871398926, 1584.2635498, 4450.88183594, 3549.1965332, 1983.85070801, 2276.61303711, 1987.69726562, 5270.97460938, 9893.47265625, 4721.47558594, 4615.16357422, 2609.11108398, 1137.50402832, 1103.26733398, 477.421783447, 479.398864746, 352.94430542, 479.72946167, 656.812744141, 332.478607178, 367.262512207, 574.158752441, 526.837402344, 284.894989014, 161.924163818, 76.6494674683, 27.8958206177, 16.8398742676, 4.69124031067, 0.943203389645, 0.127207875252, 0.00890333391726, 1.10112896436e-05, 8.47179304486e-09]
    },
    "gfcc": {
        "mean": [-32.2568855286, 85.8242340088, -117.123405457, 16.5656738281, -77.3922195435, -1.53894424438, -43.5534591675, 2.74933075905, -24.1944141388, 0.496804326773, -14.611246109, 0.53725874424, -8.44671154022],
        "cov": [[7547.52929688, -1111.47436523, 775.174438477, 664.217468262, 18.5765094757, 937.516540527, 38.6357917786, 396.189605713, -108.264450073, 410.680541992, 9.55109786987, 280.91217041, 14.5129594803], [-1111.47436523, 2641.98071289, -24.2058181763, 147.407531738, 803.201416016, -220.47303772, 460.957000732, -49.2659187317, 385.754211426, -24.259885788, 411.065948486, -194.347213745, 214.210906982], [775.174438477, -24.2058181763, 1355.12329102, 272.541107178, 200.896606445, 402.692047119, 102.95337677, 218.690856934, 68.098197937, 178.180770874, 33.3858528137, 152.297561646, 31.1549224854], [664.217468262, 147.407531738, 272.541107178, 1049.15124512, 280.440490723, 226.118545532, 276.416442871, 120.815460205, 342.283294678, 118.771141052, 299.359832764, 133.793289185, 159.968917847], [18.5765094757, 803.201416016, 200.896606445, 280.440490723, 638.059448242, 214.756652832, 333.82321167, 148.616073608, 245.594497681, 105.058822632, 238.614501953, 7.67066431046, 168.032089233], [937.516540527, -220.47303772, 402.692047119, 226.118545532, 214.756652832, 712.954223633, 233.437591553, 146.559204102, 152.663848877, 157.649429321, 44.9902839661, 53.995929718, 82.393989563], [38.6357917786, 460.957000732, 102.95337677, 276.416442871, 333.82321167, 233.437591553, 404.887786865, 108.588134766, 225.073867798, 86.3809356689, 180.028411865, 34.6705436707, 127.985595703], [396.189605713, -49.2659187317, 218.690856934, 120.815460205, 148.616073608, 146.559204102, 108.588134766, 208.785720825, 71.1580047607, 84.4341888428, 68.1077194214, 69.40574646, 61.0611228943], [-108.264450073, 385.754211426, 68.098197937, 342.283294678, 245.594497681, 152.663848877, 225.073867798, 71.1580047607, 315.407531738, 77.1369857788, 176.020553589, 13.2543745041, 107.758346558], [410.680541992, -24.259885788, 178.180770874, 118.771141052, 105.058822632, 157.649429321, 86.3809356689, 84.4341888428, 77.1369857788, 147.082550049, 78.3688354492, 41.2218933105, 43.4268074036], [9.55109786987, 411.065948486, 33.3858528137, 299.359832764, 238.614501953, 44.9902839661, 180.028411865, 68.1077194214, 176.020553589, 78.3688354492, 278.615692139, 43.0844841003, 111.013519287], [280.91217041, -194.347213745, 152.297561646, 133.793289185, 7.67066431046, 53.995929718, 34.6705436707, 69.40574646, 13.2543745041, 41.2218933105, 43.0844841003, 153.910598755, 39.2705459595], [14.5129594803, 214.210906982, 31.1549224854, 159.968917847, 168.032089233, 82.393989563, 127.985595703, 61.0611228943, 107.758346558, 43.4268074036, 111.013519287, 39.2705459595, 149.633850098]],
        "icov": [[0.000235522995354, -0.000144858451677, 0.000120636796055, -0.00029292027466, 0.000138892384712, -0.00036740503856, 0.000212417668081, -0.000381805642974, 0.0005347483675, -0.000575139536522, 0.000181810435606, -0.000224902149057, 0.000198978974367], [-0.000144858451677, 0.00164050410967, -0.000635138712823, 0.000760576978792, -0.00151559396181, 0.00129689835012, -0.0010712153744, 0.00154200661927, -0.00115120375995, 0.00132243393455, -0.00137837068178, 0.00178993470035, -0.000742401985917], [0.000120636796055, -0.000635138712823, 0.00142380339094, -0.000578838167712, 0.000140863834531, -0.000947293126956, 0.000765868695453, -0.0011892876355, 0.000731262087356, -0.00132109946571, 0.000977993244305, -0.00145837385207, 0.000927553279325], [-0.00029292027466, 0.000760576978792, -0.000578838167712, 0.00249280175194, -0.000465499906568, 0.000652671558782, -0.00057028257288, 0.00118962582201, -0.00251107639633, 0.00148583145346, -0.00191600807011, -0.000208834026125, -0.00058576837182], [0.000138892384712, -0.00151559396181, 0.000140863834531, -0.000465499906568, 0.0052679204382, -0.00123687740415, -0.000688924803399, -0.00250682351179, 0.000674750714097, -0.000941920501646, -0.000316647114232, 9.29259476834e-05, -0.000999848241918], [-0.00036740503856, 0.00129689835012, -0.000947293126956, 0.000652671558782, -0.00123687740415, 0.00382353062741, -0.00210405793041, 0.00124720635358, -0.00168368266895, -0.000276938895695, 0.000346376764355, 0.0017295058351, -0.00116519909352], [0.000212417668081, -0.0010712153744, 0.000765868695453, -0.00057028257288, -0.000688924803399, -0.00210405793041, 0.00686909630895, -0.00154960446525, -0.000932592141908, -0.00063896557549, 2.85077458102e-05, -0.00182681798469, -3.23003332596e-05], [-0.000381805642974, 0.00154200661927, -0.0011892876355, 0.00118962582201, -0.00250682351179, 0.00124720635358, -0.00154960446525, 0.00991053506732, -0.00158788706176, -0.000502768496517, -0.000993388239294, -0.000694278278388, -0.00157648453023], [0.0005347483675, -0.00115120375995, 0.000731262087356, -0.00251107639633, 0.000674750714097, -0.00168368266895, -0.000932592141908, -0.00158788706176, 0.00951495021582, -0.0026861410588, -0.000251440214925, 0.000556875369512, -0.000288750365144], [-0.000575139536522, 0.00132243393455, -0.00132109946571, 0.00148583145346, -0.000941920501646, -0.000276938895695, -0.00063896557549, -0.000502768496517, -0.0026861410588, 0.0141888502985, -0.00423391023651, 0.000991714536212, -0.000491454149596], [0.000181810435606, -0.00137837068178, 0.000977993244305, -0.00191600807011, -0.000316647114232, 0.000346376764355, 2.85077458102e-05, -0.000993388239294, -0.000251440214925, -0.00423391023651, 0.0101876500994, -0.00243837013841, -0.00116229464766], [-0.000224902149057, 0.00178993470035, -0.00145837385207, -0.000208834026125, 9.29259476834e-05, 0.0017295058351, -0.00182681798469, -0.000694278278388, 0.000556875369512, 0.000991714536212, -0.00243837013841, 0.012112531811, -0.00328322313726], [0.000198978974367, -0.000742401985917, 0.000927553279325, -0.00058576837182, -0.000999848241918, -0.00116519909352, -3.23003332596e-05, -0.00157648453023, -0.000288750365144, -0.000491454149596, -0.00116229464766, -0.00328322313726, 0.0126694561914]]
    },
    "melbands": {
        "dmean": [0.00409499090165, 0.00172618799843, 0.000738415808883, 0.000410081120208, 0.000500048859976, 0.00040059897583, 0.000434164889157, 0.000257481471635, 0.000162984462804, 0.000128789484734, 6.76006020512e-05, 0.000102485733805, 0.000112880123197, 8.48035488161e-05, 5.59813961445e-05, 4.61897288915e-05, 3.24496468238e-05, 1.84514283319e-05, 2.18014083657e-05, 1.43899151226e-05, 1.13653886729e-05, 1.05940271169e-05, 8.3375352915e-06, 6.0062875491e-06, 6.36814093014e-06, 6.82225163473e-06, 5.10022073286e-06, 3.75906847694e-06, 4.84208067064e-06, 4.19510752181e-06, 4.99795214637e-06, 4.3533623284e-06, 3.57990779776e-06, 3.01103705169e-06, 2.42830060415e-06, 2.09459449252e-06, 1.53636096911e-06, 1.03422485154e-06, 9.63940237853e-07, 9.69258167061e-07],
        "dmean2": [0.00667141424492, 0.00271233450621, 0.0013175556669, 0.000652153918054, 0.000749876606278, 0.000606009678449, 0.000659921148326, 0.000395102339098, 0.000247741409112, 0.000201278744498, 0.000107168831164, 0.000174695145688, 0.000188803867786, 0.000143124882015, 9.33431729209e-05, 8.07355972938e-05, 5.26680159965e-05, 2.93035755021e-05, 3.61944948963e-05, 2.32179445447e-05, 1.85617645911e-05, 1.70519469975e-05, 1.39500107252e-05, 9.92624700302e-06, 1.05905282908e-05, 1.09086604425e-05, 8.474176866e-06, 6.09995277046e-06, 8.13666338217e-06, 6.57810596749e-06, 8.17677482701e-06, 6.93401671015e-06, 5.70740894545e-06, 4.55779581898e-06, 3.6054696011e-06, 3.23700737681e-06, 2.37028621086e-06, 1.55071859353e-06, 1.46863351347e-06, 1.47438288423e-06],
        "dvar": [9.4995542895e-05, 3.73286929971e-05, 6.0320198827e-06, 1.54372537509e-06, 7.44103374473e-07, 4.24445630642e-07, 5.62379852909e-07, 2.54436969271e-07, 9.52091170348e-08, 5.95043090357e-08, 3.19141832961e-08, 1.08540689325e-07, 1.11150107784e-07, 7.75886661586e-08, 3.59962726293e-08, 2.33616272993e-08, 7.17262382821e-09, 2.03043981628e-09, 3.07795189336e-09, 9.96053683977e-10, 5.25344268087e-10, 4.01840644093e-10, 3.06994013544e-10, 2.41525188738e-10, 2.96790564347e-10, 1.91658411364e-10, 1.68604019635e-10, 8.70040636758e-11, 1.56433657694e-10, 1.46364850795e-10, 1.82420967221e-10, 1.77557218928e-10, 1.19528484332e-10, 5.8125320529e-11, 3.87317296291e-11, 2.71856599732e-11, 1.80783443771e-11, 6.42205949877e-12, 9.38912315951e-12, 9.61914055353e-12],
        "dvar2": [0.00028434858541, 8.97282734513e-05, 1.69913237187e-05, 4.32684282714e-06, 1.62121136782e-06, 8.90371950391e-07, 1.29398927129e-06, 5.75347257836e-07, 2.29870423141e-07, 1.40263381354e-07, 6.33700594221e-08, 2.98265433685e-07, 2.92153970349e-07, 2.06871021646e-07, 9.34388140195e-08, 6.46727329467e-08, 1.61147237776e-08, 4.46515224795e-09, 8.19929368845e-09, 2.3542368055e-09, 1.36390421179e-09, 9.56501655658e-10, 7.69402597189e-10, 5.90117454902e-10, 7.83413722782e-10, 4.61169463728e-10, 4.23398371918e-10, 2.01680144807e-10, 4.0194800266e-10, 3.31447008728e-10, 4.43465764111e-10, 4.40086467268e-10, 3.0401992035e-10, 1.2828674234e-10, 8.18987586082e-11, 6.33558691621e-11, 4.08200938329e-11, 1.18113010691e-11, 2.01078893119e-11, 2.26909446094e-11],
        "max": [0.073215700686, 0.0696579515934, 0.0208036508411, 0.0243178140372, 0.00805180706084, 0.00866655446589, 0.00929049495608, 0.00700933719054, 0.00548245059326, 0.00299308891408, 0.00296367355622, 0.00544892810285, 0.00388090405613, 0.00259777694009, 0.00160911027342, 0.00129121285863, 0.00142600899562, 0.000755784800276, 0.000468700571219, 0.000487153796712, 0.000307499809423, 0.000246768642683, 0.000187700075912, 0.000285336107481, 0.00025622243993, 0.000271398574114, 0.000279596773908, 0.000166819227161, 0.000104254388134, 0.00016749544011, 0.000141894968692, 0.000187559635378, 0.000140991338412, 8.09242628748e-05, 8.19802444312e-05, 6.09876369708e-05, 6.0501286498e-05, 4.41347583546e-05, 7.74984582677e-05, 6.2153521867e-05],
        "mean": [0.007047789637, 0.0018642131472, 0.000676992989611, 0.000653879949823, 0.00085608108202, 0.00057746807579, 0.00057943421416, 0.00033514140523, 0.000251179095358, 0.000172466621734, 8.62346423673e-05, 0.000105656363303, 0.000112900095701, 7.96622261987e-05, 4.9942129408e-05, 4.06828949053e-05, 3.61695747415e-05, 2.19963985728e-05, 2.23406441364e-05, 1.74012729985e-05, 1.37783490572e-05, 1.29640675368e-05, 9.77476884145e-06, 6.82919608153e-06, 7.22147251508e-06, 8.94222375791e-06, 6.25296297585e-06, 4.8069668992e-06, 5.26892563357e-06, 4.64296272185e-06, 5.42741008758e-06, 4.9643535931e-06, 3.92907077185e-06, 3.42647808793e-06, 2.97980432151e-06, 2.66041138275e-06, 2.06502249966e-06, 1.47206469592e-06, 1.28734347982e-06, 1.22504673072e-06],
        "median": [5.72935186938e-06, 0.000107238760393, 0.000143514145748, 0.000212811093661, 0.000297692487948, 0.000205475269468, 0.000147308033775, 0.000111749832286, 0.00010995073535, 5.13437153131e-05, 2.20435395022e-05, 2.00463600777e-05, 1.95473476197e-05, 1.34381252792e-05, 8.62782053446e-06, 3.86826241083e-06, 5.51879065824e-06, 3.22834966937e-06, 3.07210211759e-06, 3.9649548853e-06, 4.29509100286e-06, 3.92271294913e-06, 2.48966330219e-06, 1.75743434738e-06, 1.98476277546e-06, 2.29355032388e-06, 1.6327734329e-06, 1.44984824146e-06, 1.47682101215e-06, 1.03309287169e-06, 8.88969452717e-07, 6.37885250399e-07, 4.86845067371e-07, 4.81956362819e-07, 3.45421085512e-07, 3.26457694655e-07, 2.64703061248e-07, 2.01267567945e-07, 1.31078110144e-07, 1.10713159529e-07],
        "min": [1.05397970053e-23, 2.53018300108e-23, 7.18398665875e-24, 6.3759197515e-24, 6.03260156909e-24, 2.46545633271e-23, 1.44085176126e-23, 2.45791367861e-24, 9.71982105935e-24, 5.7369388684e-24, 4.31861074259e-24, 6.38351845417e-24, 2.4946334577e-23, 1.78611125147e-23, 1.95541026806e-23, 9.28447554703e-24, 8.14127331154e-24, 9.78597177942e-24, 6.79547029635e-24, 5.01102314696e-24, 1.26664098113e-23, 1.2412582771e-23, 1.78971019269e-23, 1.72053987085e-23, 1.28701852049e-23, 5.23257788763e-24, 7.88086559356e-24, 4.93689349326e-24, 4.42903273109e-24, 8.82520546118e-24, 6.61172250342e-24, 1.21793229122e-23, 1.29915995757e-23, 8.92074124997e-24, 7.1450540065e-24, 1.16087642741e-23, 9.92283677989e-24, 7.21812145898e-24, 9.16557606481e-24, 8.06963211957e-24],
        "stdev": [0.0139245763421, 0.00619452772662, 0.00198297877796, 0.00117105641402, 0.00119569408707, 0.00087696564151, 0.000991888227873, 0.000591415388044, 0.000386125320802, 0.000283510424197, 0.000219328459934, 0.000284646172076, 0.000300380488625, 0.000240654742811, 0.000165466175531, 0.00012830774358, 0.000100163604657, 5.61139822821e-05, 5.7783916418e-05, 3.70774869225e-05, 2.642983236e-05, 2.46210620389e-05, 1.90936407307e-05, 1.72417894646e-05, 1.82728726941e-05, 2.02942519536e-05, 1.64490047609e-05, 1.17321023936e-05, 1.25845463117e-05, 1.35535792651e-05, 1.46816291817e-05, 1.43255429066e-05, 1.106203581e-05, 9.08433503355e-06, 7.81952803663e-06, 6.24701897323e-06, 5.35030721949e-06, 3.73084253624e-06, 3.73585999114e-06, 3.8316179598e-06],
        "var": [0.000193893822143, 3.83721744583e-05, 3.93220443584e-06, 1.37137317324e-06, 1.42968440286e-06, 7.69068776663e-07, 9.83842255664e-07, 3.49772193431e-07, 1.4909277013e-07, 8.03781645686e-08, 4.81049724499e-08, 8.10234368487e-08, 9.02284327253e-08, 5.79147076962e-08, 2.73790572436e-08, 1.64628772836e-08, 1.00327470776e-08, 3.14877901531e-09, 3.33898109162e-09, 1.37474009954e-09, 6.98536062327e-10, 6.06196703945e-10, 3.64567126487e-10, 2.97279284522e-10, 3.33897881566e-10, 4.11856632132e-10, 2.70569733285e-10, 1.37642217068e-10, 1.58370816461e-10, 1.83699513934e-10, 2.1555024432e-10, 2.05221187266e-10, 1.22368629119e-10, 8.25251464387e-11, 6.11450126642e-11, 3.90252448412e-11, 2.86257857696e-11, 1.39191861162e-11, 1.39566500718e-11, 1.46812978441e-11]
    },
    "melbands128": {
