{
"lowlevel": {
    "average_loudness": 0.94650042057,
    "barkbands_crest": {
        "dmean": 2.92230939865,
        "dmean2": 4.4334230423,
        "dvar": 6.79663896561,
        "dvar2": 15.3500461578,
        "max": 25.094203949,
        "mean": 11.8471488953,
        "median": 10.7196559906,
        "min": 2.453571558,
        "stdev": 5.14871406555,
        "var": 26.5092563629
    },
    "barkbands_flatness_db": {
        "dmean": 0.030606335029,
        "dmean2": 0.0439617931843,
        "dvar": 0.000907594745513,
        "dvar2": 0.00172763993032,
        "max": 0.407362937927,
        "mean": 0.163519918919,
        "median": 0.152780398726,
        "min": 0.020838689059,
        "stdev": 0.0660347416997,
        "var": 0.00436058687046
    },
    "barkbands_kurtosis": {
        "dmean": 7.85321760178,
        "dmean2": 12.390542984,
        "dvar": 278.360198975,
        "dvar2": 608.33984375,
        "max": 267.267059326,
        "mean": 11.5950841904,
        "median": 5.07418632507,
        "min": -1.83803343773,
        "stdev": 21.0203227997,
        "var": 441.853973389
    },
    "barkbands_skewness": {
        "dmean": 0.861850142479,
        "dmean2": 1.29131412506,
        "dvar": 0.991987228394,
        "dvar2": 2.10100245476,
        "max": 13.5237970352,
        "mean": 2.4188849926,
        "median": 2.00099897385,
        "min": -1.44552195072,
        "stdev": 1.78918969631,
        "var": 3.20119976997
    },
    "barkbands_spread": {
        "dmean": 6.78383588791,
        "dmean2": 10.3134393692,
        "dvar": 90.2866744995,
        "dvar2": 189.699630737,
        "max": 92.9080352783,
        "mean": 16.8819007874,
        "median": 12.8426303864,
        "min": 0.438442617655,
        "stdev": 14.2399282455,
        "var": 202.775543213
    },
    "dissonance": {
        "dmean": 0.0246658083051,
        "dmean2": 0.0403689704835,
        "dvar": 0.00057392497547,
        "dvar2": 0.00138309784234,
        "max": 0.499959290028,
        "mean": 0.45575889945,
        "median": 0.463177800179,
        "min": 0.104408062994,
        "stdev": 0.0338394492865,
        "var": 0.0011451082537
    },
    "dynamic_complexity": 2.52325129509,
    "erbbands_crest": {
        "dmean": 2.82012796402,
        "dmean2": 4.53416347504,
        "dvar": 6.39182090759,
        "dvar2": 16.1615657806,
        "max": 25.4185295105,
        "mean": 8.76865100861,
        "median": 8.06440830231,
        "min": 2.30102276802,
        "stdev": 3.79057312012,
        "var": 14.3684444427
    },
    "erbbands_flatness_db": {
        "dmean": 0.0224476903677,
        "dmean2": 0.0317858122289,
        "dvar": 0.00049023295287,
        "dvar2": 0.00086536683375,
        "max": 0.338757365942,
        "mean": 0.150263980031,
        "median": 0.145975127816,
        "min": 0.0528428517282,
        "stdev": 0.0449811369181,
        "var": 0.00202330271713
    },
    "erbbands_kurtosis": {
        "dmean": 1.37215673923,
        "dmean2": 2.18496322632,
        "dvar": 4.17499160767,
        "dvar2": 9.91757965088,
        "max": 38.683555603,
        "mean": 1.03458738327,
        "median": 0.295476198196,
        "min": -1.72992146015,
        "stdev": 2.78717684746,
        "var": 7.76835441589
    },
    "erbbands_skewness": {
        "dmean": 0.475223690271,
        "dmean2": 0.743064880371,
        "dvar": 0.201632142067,
        "dvar2": 0.484501123428,
        "max": 5.78730487823,
        "mean": 0.695041835308,
        "median": 0.656944036484,
        "min": -2.06969380379,
        "stdev": 0.81344640255,
        "var": 0.66169500351
    },
    "erbbands_spread": {
        "dmean": 13.0551261902,
        "dmean2": 19.7340812683,
        "dvar": 246.347930908,
        "dvar2": 558.051391602,
        "max": 149.266601562,
        "mean": 42.0357017517,
        "median": 36.274143219,
        "min": 4.17766237259,
        "stdev": 24.4633369446,
        "var": 598.45489502
    },
    "hfc": {
        "dmean": 10.3667125702,
        "dmean2": 16.8150100708,
        "dvar": 387.045318604,
        "dvar2": 1020.11761475,
        "max": 163.300460815,
        "mean": 19.5238456726,
        "median": 14.1577320099,
        "min": 0.00010652095807,
        "stdev": 19.993303299,
        "var": 399.732147217
    },
    "loudness_ebu128": {
        "integrated": -8.69009876251,
        "loudness_range": 2.80339050293,
        "momentary": {
            "dmean": 0.850144028664,
            "dmean2": 1.04110944271,
            "dvar": 0.636032104492,
            "dvar2": 1.05861473083,
            "max": -5.07479190826,
            "mean": -9.09286975861,
            "median": -8.73002529144,
            "min": -16.9775276184,
            "stdev": 2.01718211174,
            "var": 4.06902360916
        },
        "short_term": {
            "dmean": 0.101363502443,
            "dmean2": 0.133808016777,
            "dvar": 0.00825292430818,
            "dvar2": 0.0120169818401,
            "max": -7.20085191727,
            "mean": -8.77228069305,
            "median": -8.88543128967,
            "min": -10.7985696793,
            "stdev": 0.946111440659,
            "var": 0.895126879215
        }
    },
    "melbands_crest": {
        "dmean": 3.70069527626,
        "dmean2": 5.73093080521,
        "dvar": 12.1317586899,
        "dvar2": 26.1969738007,
        "max": 36.1641731262,
        "mean": 16.1644992828,
        "median": 14.5475721359,
        "min": 5.11938142776,
        "stdev": 7.21128511429,
        "var": 52.0026359558
    },
    "melbands_flatness_db": {
        "dmean": 0.0368001796305,
        "dmean2": 0.0516903139651,
        "dvar": 0.00133096636273,
        "dvar2": 0.00253661954775,
        "max": 0.549658536911,
        "mean": 0.237813621759,
        "median": 0.225347235799,
        "min": 0.0424451604486,
        "stdev": 0.0828560590744,
        "var": 0.00686512608081
    },
    "melbands_kurtosis": {
        "dmean": 18.5138473511,
        "dmean2": 28.2885932922,
        "dvar": 1625.16308594,
        "dvar2": 3688.74682617,
        "max": 610.666503906,
        "mean": 29.7910842896,
        "median": 12.4566869736,
        "min": -0.912714958191,
        "stdev": 52.755657196,
        "var": 2783.15917969
    },
    "melbands_skewness": {
        "dmean": 1.16780602932,
        "dmean2": 1.74910187721,
        "dvar": 2.25527501106,
        "dvar2": 4.66963768005,
        "max": 21.4226207733,
        "mean": 3.52750754356,
        "median": 2.91140961647,
        "min": -0.699349820614,
        "stdev": 2.62716317177,
        "var": 6.90198659897
    },
    "melbands_spread": {
        "dmean": 6.24094009399,
        "dmean2": 9.45393276215,
        "dvar": 75.8757858276,
        "dvar2": 160.894546509,
        "max": 109.794975281,
        "mean": 15.6736392975,
        "median": 12.4600429535,
        "min": 0.4066824615,
        "stdev": 13.6402845383,
        "var": 186.057373047
    },
    "pitch_salience": {
        "dmean": 0.0866925939918,
        "dmean2": 0.136563628912,
        "dvar": 0.00687037920579,
        "dvar2": 0.0154952295125,
        "max": 0.893289208412,
        "mean": 0.531673967838,
        "median": 0.563516616821,
        "min": 0.0742740780115,
        "stdev": 0.149521708488,
        "var": 0.0223567411304
    },
    "silence_rate_20dB": {
        "dmean": 0,
        "dmean2": 0,
        "dvar": 0,
        "dvar2": 0,
        "max": 1,
        "mean": 1,
        "median": 1,
        "min": 1,
        "stdev": 0,
        "var": 0
    },
    "silence_rate_30dB": {
        "dmean": 0.0495356023312,
        "dmean2": 0.0991479456425,
        "dvar": 0.0470810942352,
        "dvar2": 0.0893158838153,
        "max": 1,
        "mean": 0.878576934338,
        "median": 1,
        "min": 0,
        "stdev": 0.32661524415,
        "var": 0.106677524745
    },
    "silence_rate_60dB": {
        "dmean": 0.0162538699806,
        "dmean2": 0.0317583270371,
        "dvar": 0.0159898102283,
        "dvar2": 0.0384956039488,
        "max": 1,
        "mean": 0.0332559943199,
        "median": 0,
        "min": 0,
        "stdev": 0.179304659367,
        "var": 0.0321501605213
    },
    "spectral_centroid": {
        "dmean": 277.954925537,
        "dmean2": 426.861602783,
        "dvar": 113582.726562,
        "dvar2": 236092.203125,
        "max": 3289.21020508,
        "mean": 963.918212891,
        "median": 830.096435547,
        "min": 198.543823242,
        "stdev": 547.36328125,
        "var": 299606.53125
    },
    "spectral_complexity": {
        "dmean": 4.27941179276,
        "dmean2": 6.83191347122,
        "dvar": 35.707359314,
        "dvar2": 83.2752304077,
        "max": 54,
        "mean": 16.006187439,
        "median": 14,
        "min": 0,
        "stdev": 8.65629005432,
        "var": 74.9313583374
    },
    "spectral_decrease": {
        "dmean": 4.0906549259e-09,
        "dmean2": 5.86508530631e-09,
        "dvar": 4.12620288116e-17,
        "dvar2": 7.3058054156e-17,
        "max": -4.39128544454e-14,
        "mean": -1.14277263208e-08,
        "median": -6.98257851539e-09,
        "min": -5.56413226604e-08,
        "stdev": 1.2507690883e-08,
        "var": 1.56442339912e-16
    },
    "spectral_energy": {
        "dmean": 0.0159721896052,
        "dmean2": 0.0231174286455,
        "dvar": 0.000622902240139,
        "dvar2": 0.00112377596088,
        "max": 0.21555352211,
        "mean": 0.0449017696083,
        "median": 0.0279317144305,
        "min": 1.7539909436e-07,
        "stdev": 0.0479674562812,
        "var": 0.00230087689124
    },
    "spectral_energyband_high": {
        "dmean": 0.000729794555809,
        "dmean2": 0.00121993292123,
        "dvar": 3.02974490296e-06,
        "dvar2": 8.02454542281e-06,
        "max": 0.0146698029712,
        "mean": 0.000763601157814,
        "median": 0.00028234225465,
        "min": 2.40724506995e-09,
        "stdev": 0.001536663156,
        "var": 2.36133382714e-06
    },
    "spectral_energyband_low": {
        "dmean": 0.00991793349385,
        "dmean2": 0.0133124142885,
        "dvar": 0.000520619680174,
        "dvar2": 0.000777974899393,
        "max": 0.199168741703,
        "mean": 0.0239915121347,
        "median": 0.00408516963944,
        "min": 4.36538662996e-08,
        "stdev": 0.0439383424819,
        "var": 0.00193057779688
    },
    "spectral_energyband_middle_high": {
        "dmean": 0.00215361407027,
        "dmean2": 0.0034482262563,
        "dvar": 1.71214869624e-05,
        "dvar2": 4.55451008747e-05,
        "max": 0.0334163159132,
        "mean": 0.00432061264291,
        "median": 0.00225817924365,
        "min": 4.49570336514e-08,
        "stdev": 0.00565235689282,
        "var": 3.19491409755e-05
    },
    "spectral_energyband_middle_low": {
        "dmean": 0.00945021677762,
        "dmean2": 0.0159582067281,
        "dvar": 0.000226728981943,
        "dvar2": 0.000646169879474,
        "max": 0.147453948855,
        "mean": 0.0174967572093,
        "median": 0.0135341817513,
        "min": 8.59067412762e-08,
        "stdev": 0.015991250053,
        "var": 0.000255720107816
    },
    "spectral_entropy": {
        "dmean": 0.254378885031,
        "dmean2": 0.378580838442,
        "dvar": 0.0765251219273,
        "dvar2": 0.140766128898,
        "max": 8.69304180145,
        "mean": 7.42881441116,
        "median": 7.47573280334,
        "min": 5.01908969879,
        "stdev": 0.508496463299,
        "var": 0.258568644524
    },
    "spectral_flux": {
        "dmean": 0.039711933583,
        "dmean2": 0.0599859468639,
        "dvar": 0.00270777754486,
        "dvar2": 0.00463294191286,
        "max": 0.477961212397,
        "mean": 0.10352987051,
        "median": 0.0824709385633,
        "min": 0.000418806739617,
        "stdev": 0.0773614570498,
        "var": 0.00598479481414
    },
    "spectral_kurtosis": {
        "dmean": 2.42853450775,
        "dmean2": 3.76199150085,
        "dvar": 13.0895185471,
        "dvar2": 26.4100646973,
        "max": 69.1840515137,
        "mean": 5.69970989227,
        "median": 4.37814903259,
        "min": -0.738223314285,
        "stdev": 6.06188297272,
        "var": 36.7464256287
    },
    "spectral_rms": {
        "dmean": 0.00114847987425,
        "dmean2": 0.00168837804813,
        "dvar": 2.14671604226e-06,
        "dvar2": 3.98063275497e-06,
        "max": 0.0145015902817,
        "mean": 0.0058481246233,
        "median": 0.00522019667551,
        "min": 1.30813250507e-05,
        "stdev": 0.00309936190024,
        "var": 9.60604484135e-06
    },
    "spectral_rolloff": {
        "dmean": 548.496948242,
        "dmean2": 903.194213867,
        "dvar": 1550506.75,
        "dvar2": 3272028.75,
        "max": 12898.3886719,
        "mean": 1085.05273438,
        "median": 602.9296875,
        "min": 64.599609375,
        "stdev": 1578.62915039,
        "var": 2492070
    },
    "spectral_skewness": {
        "dmean": 0.327823728323,
        "dmean2": 0.489326268435,
        "dvar": 0.130324319005,
        "dvar2": 0.256856679916,
        "max": 6.16396141052,
        "mean": 1.82254469395,
        "median": 1.69806206226,
        "min": 0.363271802664,
        "stdev": 0.67066270113,
        "var": 0.449788421392
    },
    "spectral_spread": {
        "dmean": 945675,
        "dmean2": 1342800.25,
        "dvar": 1.25426991104e+12,
        "dvar2": 2.2499843113e+12,
        "max": 14217995,
        "mean": 5170460.5,
        "median": 4762699,
        "min": 1123347,
        "stdev": 1968984.375,
        "var": 3.87689925837e+12
    },
    "spectral_strongpeak": {
        "dmean": 0.403529107571,
        "dmean2": 0.683621883392,
        "dvar": 0.384751200676,
        "dvar2": 1.02072131634,
        "max": 8.81869316101,
        "mean": 0.77989757061,
        "median": 0.584302127361,
        "min": 0,
        "stdev": 0.716601192951,
        "var": 0.513517260551
    },
    "zerocrossingrate": {
        "dmean": 0.0127160986885,
        "dmean2": 0.0144445775077,
        "dvar": 0.000286812428385,
        "dvar2": 0.00033320300281,
        "max": 0.33837890625,
        "mean": 0.0489735156298,
        "median": 0.0419921875,
        "min": 0.00244140625,
        "stdev": 0.0367505475879,
        "var": 0.00135060271714
    },
    "barkbands": {
        "dmean": [0.000860091357026, 0.00813114922494, 0.00386850815266, 0.0038484360557, 0.00432834681123, 0.00184453220572, 0.000957514275797, 0.00115374405868, 0.000721225864254, 0.000433816952864, 0.000466881931061, 0.000562198634725, 0.000378508295398, 0.000421573582571, 0.000273292243946, 0.000171748761204, 0.000162480107974, 0.000144519479363, 0.000132602392114, 0.00015008939954, 0.000107191430288, 0.000115514827485, 9.85665683402e-05, 0.000140764852404, 0.000119005388115, 8.09580815258e-05, 2.15127001866e-05],
        "dmean2": [0.00107324158307, 0.0103142308071, 0.00691128661856, 0.00687610032037, 0.00742852455005, 0.00297536863945, 0.00155959127005, 0.00175756250974, 0.00115066859871, 0.000709733692929, 0.000784252246376, 0.000905965396669, 0.00059764290927, 0.000671847315971, 0.00045048474567, 0.000283628876787, 0.000277294981061, 0.000239485510974, 0.00020810883143, 0.000253078935202, 0.00018211369752, 0.00019608841103, 0.000164734752616, 0.000237674699747, 0.000198036679649, 0.000137681636261, 3.77944488719e-05],
        "dvar": [6.32535693512e-06, 0.000475491397083, 0.000236435254919, 5.18792221555e-05, 6.66316700517e-05, 9.30857095227e-06, 4.76707373309e-06, 5.23350036019e-06, 2.25509279517e-06, 6.73430918141e-07, 1.3192317283e-06, 1.55425050252e-06, 5.40519693004e-07, 7.75916930706e-07, 5.44584054296e-07, 1.68555516211e-07, 1.7283780096e-07, 1.04350490915e-07, 5.29515347125e-08, 1.04117198418e-07, 8.36636999679e-08, 6.99417554983e-08, 4.02684996459e-08, 1.06547453527e-07, 6.94065036555e-08, 4.88065730053e-08, 5.67864688605e-09],
        "dvar2": [9.9566341305e-06, 0.000759123358876, 0.000669245549943, 0.000157346294145, 0.000178536502062, 2.15057061723e-05, 1.10904766188e-05, 1.13988571684e-05, 5.3816329455e-06, 1.58961972829e-06, 3.53982295564e-06, 3.37472192768e-06, 1.20769072964e-06, 1.64442712958e-06, 1.44339605868e-06, 4.15263770037e-07, 4.71942939839e-07, 2.83943791146e-07, 1.29636831048e-07, 2.77428881645e-07, 2.18386887241e-07, 1.91313588971e-07, 1.02843074501e-07, 2.85688486201e-07, 1.84059231856e-07, 1.26183763882e-07, 1.52627031014e-08],
        "max": [0.0236727874726, 0.190400734544, 0.125400930643, 0.0564899593592, 0.0874530598521, 0.0329197123647, 0.0328307673335, 0.0359393283725, 0.0232265405357, 0.0124558759853, 0.00987656507641, 0.0227922014892, 0.0110505651683, 0.0184174142778, 0.00856565590948, 0.00696403486654, 0.00814090948552, 0.00386927952059, 0.00199220376089, 0.00338857807219, 0.0026195961982, 0.00228306907229, 0.00183417787775, 0.00223987945355, 0.00185486371629, 0.0015560737811, 0.000555346428882],
        "mean": [0.0013823780464, 0.0179861597717, 0.0030109367799, 0.0042383261025, 0.00645282305777, 0.00279174838215, 0.00116525765043, 0.00169202405959, 0.0010433193529, 0.000647572800517, 0.000545227725524, 0.000777232926339, 0.000537299609277, 0.000602056621574, 0.000350240850821, 0.000253891950706, 0.000197081259103, 0.000185201803106, 0.000193143481738, 0.000180974093382, 0.000103549733467, 0.000125413687783, 0.000105272934888, 0.000131253997097, 0.000116669740237, 7.16489812476e-05, 1.50681380546e-05],
        "median": [7.68870268075e-06, 0.000999960466288, 0.000322471227264, 0.00195147073828, 0.0035583069548, 0.00131445575971, 0.00043635716429, 0.000520741159562, 0.000387196952943, 0.000216921675019, 0.000150369189214, 0.000164323835634, 0.00015824456932, 0.000153325396241, 6.98721705703e-05, 7.08958687028e-05, 7.2333838034e-05, 5.04576382809e-05, 8.57561317389e-05, 8.227294893e-05, 3.1980292988e-05, 5.40467408428e-05, 3.46670713043e-05, 3.78865697712e-05, 2.7960180887e-05, 1.22977999126e-05, 3.02897205984e-07],
        "min": [3.21393883729e-10, 2.27221264026e-09, 1.29644242008e-08, 1.46219960584e-08, 3.7601790126e-08, 2.18128750618e-08, 6.65085408968e-09, 2.73029310272e-09, 1.69890279622e-09, 3.34745076103e-09, 1.62115245672e-08, 1.391144e-08, 2.0230739306e-09, 2.98076918703e-09, 1.13934384149e-09, 3.10098724476e-10, 2.17070428299e-09, 2.36489827721e-09, 6.4022553925e-10, 3.864458753e-10, 4.76879091771e-10, 5.09570219354e-10, 5.50811563027e-10, 2.90639817768e-10, 2.35640534862e-10, 1.5329765235e-10, 1.68759819487e-12],
        "stdev": [0.00371190602891, 0.0380178391933, 0.0121753290296, 0.00680438848212, 0.00857160799205, 0.00418632850051, 0.0025093164295, 0.00323604978621, 0.00193035195116, 0.00114995986223, 0.00114813901018, 0.00195596041158, 0.000986440456472, 0.00127264088951, 0.00082069740165, 0.000617699057329, 0.0003910769301, 0.000352592964191, 0.000269158917945, 0.000300447340123, 0.000252471247222, 0.000233050246607, 0.000197060187929, 0.000284624606138, 0.000243383285124, 0.000199193615117, 6.23824817012e-05],
        "var": [1.37782471938e-05, 0.00144535605796, 0.000148238628753, 4.62997013528e-05, 7.3472459917e-05, 1.75253480847e-05, 6.29666919849e-06, 1.04720174932e-05, 3.72625868295e-06, 1.3224076838e-06, 1.31822321237e-06, 3.82578082281e-06, 9.73064743448e-07, 1.61961497724e-06, 6.73544263918e-07, 3.81552155204e-07, 1.52941169063e-07, 1.24321800854e-07, 7.24465181179e-08, 9.02685997062e-08, 6.37417301164e-08, 5.43124194508e-08, 3.88327165979e-08, 8.10111728811e-08, 5.92354219009e-08, 3.96780954759e-08, 3.89157372993e-09]
    },
    "erbbands": {
        "dmean": [0.348494201899, 1.69702768326, 3.941822052, 8.44373321533, 16.6220378876, 13.3013601303, 10.0739297867, 18.2167644501, 16.0719985962, 14.1188545227, 24.7285766602, 12.7594738007, 14.85085392, 15.3442821503, 20.2429561615, 18.8658981323, 16.0673313141, 16.8611087799, 19.782869339, 9.85893344879, 10.445602417, 9.36689472198, 7.59315347672, 6.7694029808, 7.07354354858, 7.21620368958, 5.20037937164, 3.9686858654, 3.81765651703, 3.60495638847, 2.98537874222, 2.65081381798, 2.44031596184, 1.48858988285, 0.810308754444, 0.352355837822, 0.15317595005, 0.0459394864738, 0.0021919158753, 5.38241183676e-05],
        "dmean2": [0.417844891548, 2.26627016068, 6.91533327103, 15.1670780182, 29.086025238, 22.6263179779, 16.9491481781, 28.5940227509, 25.8294658661, 22.5778274536, 37.6559448242, 20.4223976135, 23.0145759583, 24.863576889, 33.8881072998, 30.7515792847, 25.1397342682, 27.0803661346, 33.1541175842, 16.171251297, 17.1776638031, 15.8588695526, 12.6311540604, 10.8295269012, 11.3200540543, 12.1562004089, 8.7962846756, 6.8025431633, 6.4704990387, 6.08553123474, 4.99738693237, 4.48205900192, 4.08123016357, 2.4542658329, 1.36718773842, 0.593261957169, 0.260800123215, 0.0799327269197, 0.00382262445055, 8.84294495336e-05],
        "dvar": [0.893561124802, 23.0406913757, 228.093093872, 387.098602295, 767.269897461, 892.907226562, 388.349914551, 973.282409668, 1138.06494141, 1097.76000977, 2054.73925781, 772.56072998, 869.639404297, 1110.36962891, 2495.09179688, 2128.87939453, 1012.35931396, 1183.51416016, 2956.46118164, 446.008850098, 630.514099121, 561.136962891, 361.356750488, 193.086135864, 153.632492065, 265.957092285, 181.08102417, 117.049171448, 68.4055404663, 58.4100646973, 45.036315918, 41.4594726562, 28.9930515289, 10.7787771225, 3.40040373802, 0.721004903316, 0.195081025362, 0.0225838012993, 5.73785400775e-05, 1.84657835689e-08],
        "dvar2": [1.04919743538, 46.3270950317, 616.452514648, 1113.54174805, 2276.54541016, 2395.7512207, 1072.38134766, 2098.73925781, 2559.24462891, 2777.38891602, 4584.69970703, 1872.01452637, 1983.19616699, 2838.72827148, 6713.74365234, 4600.64501953, 2215.22631836, 2968.56152344, 7569.30810547, 1047.4609375, 1607.21875, 1547.57055664, 990.841308594, 495.698822021, 396.806182861, 719.503417969, 470.966125488, 312.983520508, 183.351104736, 158.2684021, 117.03327179, 112.167312622, 76.9987335205, 28.1689891815, 9.15480804443, 1.87740945816, 0.503783583641, 0.0595189221203, 0.000152780252392, 4.80270863079e-08],
        "max": [8.94345474243, 43.7476959229, 116.152526855, 157.557922363, 249.253616333, 341.373443604, 210.625442505, 418.011352539, 592.116638184, 633.330383301, 705.697387695, 490.35055542, 463.84777832, 361.169494629, 429.447967529, 917.790771484, 526.137573242, 355.516815186, 773.547668457, 271.970916748, 436.156433105, 460.456787109, 326.121063232, 163.889099121, 130.913742065, 169.173248291, 122.144447327, 100.090354919, 69.2877731323, 64.4278030396, 65.8612213135, 47.4422149658, 34.0917015076, 22.8792667389, 13.1300821304, 5.57792806625, 3.26389670372, 1.03498184681, 0.0529502332211, 0.000952728558332],
        "mean": [0.778527319431, 2.9794254303, 3.70415329933, 8.89750671387, 21.787563324, 19.4957847595, 15.462179184, 27.0839519501, 21.9697780609, 20.1755390167, 37.1615066528, 19.2292366028, 23.505979538, 22.9707946777, 25.4984016418, 26.0699310303, 23.5806064606, 25.9110717773, 25.3411693573, 15.7140102386, 15.540719986, 11.8761701584, 10.0246658325, 9.53869152069, 10.177983284, 8.61863422394, 5.14225006104, 3.82821536064, 4.25829172134, 4.04233264923, 2.98048639297, 2.44829249382, 2.2904419899, 1.45913803577, 0.766150355339, 0.325777113438, 0.131564989686, 0.035257153213, 0.00160363875329, 8.06900934549e-05],
        "median": [0.0270113833249, 0.232389777899, 0.581628799438, 3.80521941185, 11.0435533524, 8.48409080505, 9.76036167145, 12.0440921783, 10.5069313049, 7.28436136246, 13.0600748062, 7.82215070724, 9.20127010345, 8.32679462433, 6.49399328232, 6.68218040466, 7.56572341919, 7.89476251602, 6.01644086838, 3.90219259262, 4.74778795242, 4.30645275116, 2.67381072044, 4.08210277557, 4.85242509842, 3.78190255165, 1.67507052422, 1.27894830704, 1.82499015331, 1.52243065834, 0.858941018581, 0.652502775192, 0.652445971966, 0.349884539843, 0.180725365877, 0.0666829049587, 0.0178706012666, 0.0024119252339, 9.4222734333e-05, 4.05624923587e-05],
        "min": [2.43429838065e-07, 2.51929668593e-06, 1.31087726913e-05, 3.54214789695e-05, 7.74491782067e-05, 0.000135474678245, 0.000180824194103, 0.000170082683326, 0.0001138401567, 7.89848854765e-05, 4.67197532998e-05, 3.40414044331e-05, 8.04343144409e-05, 0.000286535156192, 0.000772135215811, 0.000468636222649, 0.000116354385682, 0.000168106766068, 8.11215941212e-05, 2.78035695374e-05, 2.47322186624e-05, 0.000136553295306, 0.000162167081726, 2.95290155918e-05, 3.62896207662e-05, 2.05488104257e-05, 1.25335191115e-05, 2.37511248997e-05, 1.22664523587e-05, 2.07721677725e-05, 1.03357579064e-05, 1.0820335774e-05, 4.03984677178e-06, 2.0284223865e-06, 1.8126111172e-06, 7.89078569596e-07, 2.75950753803e-07, 7.8634059264e-08, 1.36867432943e-08, 1.50671086718e-09],
        "stdev": [1.7595192194, 6.68290472031, 12.834318161, 16.8651008606, 28.9975299835, 30.4131355286, 20.2147274017, 44.5329399109, 40.3905754089, 39.0032348633, 64.6845703125, 34.6984939575, 41.467376709, 39.3532905579, 53.3534049988, 63.0062255859, 42.6265220642, 45.8700027466, 59.1566352844, 30.8651447296, 37.0531005859, 23.0383586884, 19.7998638153, 15.1603145599, 13.7645635605, 14.7980394363, 11.939209938, 9.15928840637, 7.51546192169, 7.11806201935, 6.24563741684, 5.52304172516, 4.81927633286, 3.07175421715, 1.66179955006, 0.78370398283, 0.393656134605, 0.128590196371, 0.00633398070931, 0.000128190193209],
        "var": [3.09590768814, 44.6612129211, 164.719711304, 284.431640625, 840.856750488, 924.95880127, 408.635192871, 1983.18286133, 1631.3984375, 1521.25219727, 4184.09375, 1203.9855957, 1719.54333496, 1548.68151855, 2846.58569336, 3969.78466797, 1817.02050781, 2104.05712891, 3499.50732422, 952.657165527, 1372.93212891, 530.765930176, 392.034637451, 229.835128784, 189.46321106, 218.981964111, 142.54473877, 83.8925628662, 56.482170105, 50.6668052673, 39.0079879761, 30.5039901733, 23.2254257202, 9.43567466736, 2.76157784462, 0.614191889763, 0.154965147376, 0.0165354385972, 4.01193137805e-05, 1.6432727179e-08]
    },
    "gfcc": {
        "mean": [0.235109120607, 95.6098098755, -96.6146469116, 25.7904090881, -61.5945701599, 11.9588479996, -42.9946784973, 6.4263010025, -29.4916763306, 3.12359380722, -15.9432096481, -1.92795848846, -12.6439590454],
        "cov": [[4485.62988281, -1376.78417969, 84.2719192505, 265.011260986, 10.9840965271, 338.938446045, -16.4003791809, 245.120895386, -10.9255981445, 231.160247803, -109.727371216, 150.940612793, -134.637985229], [-1376.78417969, 1608.92407227, -192.71081543, -183.932754517, 303.191101074, -20.1752223969, 244.972183228, -117.578804016, 161.408554077, -119.293937683, 174.371948242, -55.1794776917, 186.225616455], [84.2719192505, -192.71081543, 1088.28356934, 263.670776367, 48.2237014771, 54.7224388123, -5.24465179443, 55.6275634766, -23.4466762543, 90.9776763916, -14.5822973251, 28.9478187561, 10.2363119125], [265.011260986, -183.932754517, 263.670776367, 600.034606934, 131.859115601, 59.1850814819, -68.1329421997, 65.8290176392, 139.287338257, 31.8724746704, 44.3411140442, 63.5179710388, 89.7594604492], [10.9840965271, 303.191101074, 48.2237014771, 131.859115601, 379.187530518, 112.266784668, 103.891532898, 29.7752780914, 131.91204834, 3.1271572113, 56.6230239868, 50.8093147278, 92.7557754517], [338.938446045, -20.1752223969, 54.7224388123, 59.1850814819, 112.266784668, 270.182037354, 111.139572144, 71.1233215332, 51.991569519, 53.899181366, 41.0406455994, 54.4937973022, 24.6570701599], [-16.4003791809, 244.972183228, -5.24465179443, -68.1329421997, 103.891532898, 111.139572144, 289.383209229, 73.8963241577, 42.4425125122, 29.3999347687, 83.3397827148, 61.6404190063, 26.7086181641], [245.120895386, -117.578804016, 55.6275634766, 65.8290176392, 29.7752780914, 71.1233215332, 73.8963241577, 184.480880737, 69.8127746582, 57.6077728271, 33.9081954956, 68.290222168, 9.5057964325], [-10.9255981445, 161.408554077, -23.4466762543, 139.287338257, 131.91204834, 51.991569519, 42.4425125122, 69.8127746582, 193.533493042, 38.236579895, 58.9976043701, 36.5710525513, 75.0330123901], [231.160247803, -119.293937683, 90.9776763916, 31.8724746704, 3.1271572113, 53.899181366, 29.3999347687, 57.6077728271, 38.236579895, 134.843338013, 37.6628303528, 26.0418167114, 1.59277462959], [-109.727371216, 174.371948242, -14.5822973251, 44.3411140442, 56.6230239868, 41.0406455994, 83.3397827148, 33.9081954956, 58.9976043701, 37.6628303528, 129.361206055, 52.2467155457, 46.8922424316], [150.940612793, -55.1794776917, 28.9478187561, 63.5179710388, 50.8093147278, 54.4937973022, 61.6404190063, 68.290222168, 36.5710525513, 26.0418167114, 52.2467155457, 132.661636353, 50.5538520813], [-134.637985229, 186.225616455, 10.2363119125, 89.7594604492, 92.7557754517, 24.6570701599, 26.7086181641, 9.5057964325, 75.0330123901, 1.59277462959, 46.8922424316, 50.5538520813, 126.700622559]],
        "icov": [[0.000370456633391, 0.00025413846015, 0.00010311317601, -9.08099391381e-05, -0.00017341763305, -0.000298357597785, -6.30297945463e-05, -6.4542859036e-05, 4.91514365422e-05, -0.000364220875781, 0.000328441092279, -0.000195162167074, 0.000211065111216], [0.00025413846015, 0.00222624791786, -0.000157301750733, 0.0010459512705, -0.000912605843041, 0.000294850993669, -0.00124835630413, 0.000949876673985, -0.00136658537667, 0.00178657565266, -0.00231862044893, 0.00226175342686, -0.00218524062075], [0.00010311317601, -0.000157301750733, 0.00126851082314, -0.000842868234031, -0.000205183489015, -6.16837642156e-05, -0.000115049966553, -0.000361617188901, 0.00119446020108, -0.00131685670931, 0.000880023697391, -0.000167698031873, 9.94097135845e-05], [-9.08099391381e-05, 0.0010459512705, -0.000842868234031, 0.00346507597715, -0.000707375467755, -8.28023039503e-05, 0.00096805189969, 0.000136057162308, -0.0023517019581, 0.00176932825707, -0.00215882179327, 0.00068765640026, -0.00180577847641], [-0.00017341763305, -0.000912605843041, -0.000205183489015, -0.000707375467755, 0.00489381980151, -0.00122631783597, -0.000706748105586, 0.000727473176084, -0.00195420323871, 0.00045645647333, 0.00115500099491, -0.00105791550595, -0.000428662373452], [-0.000298357597785, 0.000294850993669, -6.16837642156e-05, -8.28023039503e-05, -0.00122631783597, 0.00567516637966, -0.00173700461164, -0.000372237671399, 1.83075153473e-05, -0.00079146126518, -0.00034331830102, 9.45036517805e-05, -0.000410893699154], [-6.30297945463e-05, -0.00124835630413, -0.000115049966553, 0.00096805189969, -0.000706748105586, -0.00173700461164, 0.00694031082094, -0.00226246728562, 0.000975009519607, -0.000378662633011, -0.00181137362961, -0.00203927257098, 0.00156493403483], [-6.4542859036e-05, 0.000949876673985, -0.000361617188901, 0.000136057162308, 0.000727473176084, -0.000372237671399, -0.00226246728562, 0.00997946225107, -0.00432471418753, -0.000709390325937, 7.04789854353e-05, -0.00298645510338, 0.00147174985614], [4.91514365422e-05, -0.00136658537667, 0.00119446020108, -0.0023517019581, -0.00195420323871, 1.83075153473e-05, 0.000975009519607, -0.00432471418753, 0.0122553464025, -0.00353719620034, 0.000126054917928, 0.000961579091381, -0.0024671680294], [-0.000364220875781, 0.00178657565266, -0.00131685670931, 0.00176932825707, 0.00045645647333, -0.00079146126518, -0.000378662633011, -0.000709390325937, -0.00353719620034, 0.0129287019372, -0.00570478104055, 0.00240031676367, -0.00112127780449], [0.000328441092279, -0.00231862044893, 0.000880023697391, -0.00215882179327, 0.00115500099491, -0.00034331830102, -0.00181137362961, 7.04789854353e-05, 0.000126054917928, -0.00570478104055, 0.0162468031049, -0.00571675179526, 0.00107811705675], [-0.000195162167074, 0.00226175342686, -0.000167698031873, 0.00068765640026, -0.00105791550595, 9.45036517805e-05, -0.00203927257098, -0.00298645510338, 0.000961579091381, 0.00240031676367, -0.00571675179526, 0.015550179407, -0.00728371180594], [0.000211065111216, -0.00218524062075, 9.94097135845e-05, -0.00180577847641, -0.000428662373452, -0.000410893699154, 0.00156493403483, 0.00147174985614, -0.0024671680294, -0.00112127780449, 0.00107811705675, -0.00728371180594, 0.0165358893573]]
    },
    "melbands": {
        "dmean": [0.00255172303878, 0.00183915672824, 0.00171480327845, 0.00106934376527, 0.000387251668144, 0.000388664164348, 0.00023214466637, 0.0001861868368, 0.000188629361219, 8.39538770379e-05, 7.68532045186e-05, 6.31331204204e-05, 6.44138635835e-05, 7.00417585904e-05, 5.04364325025e-05, 3.24251996062e-05, 3.27527741319e-05, 3.72461181541e-05, 1.9387651264e-05, 1.04292776086e-05, 1.27315397549e-05, 1.03997472252e-05, 7.91396814748e-06, 6.64701428832e-06, 5.59334466743e-06, 5.56929217055e-06, 4.85276723339e-06, 5.20880485055e-06, 3.54985354534e-06, 2.75987417808e-06, 2.11704991671e-06, 2.03261174647e-06, 2.65333073912e-06, 1.78194591172e-06, 1.85431497357e-06, 1.36979133458e-06, 1.8018973833e-06, 1.8052841142e-06, 1.43298188959e-06, 1.23711436117e-06],
        "dmean2": [0.00320922886021, 0.00275504728779, 0.00303842546418, 0.00183576205745, 0.000652181275655, 0.000613661890384, 0.000372222741134, 0.00029130463372, 0.00029020360671, 0.000133703855681, 0.000119277574413, 0.00010168505105, 0.000108375708805, 0.000111656925583, 8.23196096462e-05, 5.04626441398e-05, 5.22588925378e-05, 6.24546300969e-05, 3.08714879793e-05, 1.74433753273e-05, 2.09411846299e-05, 1.7733875211e-05, 1.35264235723e-05, 1.09458014776e-05, 8.95079392649e-06, 8.90016508492e-06, 7.87289718573e-06, 9.00686791283e-06, 6.03001399213e-06, 4.76662671645e-06, 3.62511468666e-06, 3.45599460161e-06, 4.61080026071e-06, 2.99300063489e-06, 3.12746101372e-06, 2.30195064432e-06, 3.08785183734e-06, 3.05826961267e-06, 2.37216659116e-06, 2.04139041671e-06],
        "dvar": [4.68398648081e-05, 3.21664556395e-05, 1.14130707516e-05, 4.19687512476e-06, 5.71659825255e-07, 4.18893591814e-07, 2.19094104636e-07, 1.5162149225e-07, 1.07892148549e-07, 3.45461792506e-08, 2.31276953144e-08, 1.70446146086e-08, 2.55460310683e-08, 2.76517191367e-08, 1.55466235441e-08, 4.06716749168e-09, 4.38566072347e-09, 9.92488757845e-09, 2.14253681463e-09, 6.36127595044e-10, 8.47047376684e-10, 6.43972819514e-10, 5.49410739126e-10, 1.88545262736e-10, 1.35421521219e-10, 9.67416494135e-11, 6.23154097767e-11, 1.68722022464e-10, 8.15705697432e-11, 6.13964504237e-11, 2.87583620112e-11, 1.81801067256e-11, 4.50680465169e-11, 1.07613223888e-11, 1.76995033213e-11, 9.65134309278e-12, 2.09574805426e-11, 1.6401605768e-11, 9.23786481338e-12, 7.66269686592e-12],
        "dvar2": [6.5219719545e-05, 7.56651788834e-05, 3.34432843374e-05, 1.13015630632e-05, 1.58723207733e-06, 9.21773619211e-07, 4.99966972711e-07, 3.58749531415e-07, 2.43082695306e-07, 8.36514004732e-08, 5.21395726594e-08, 4.2981650239e-08, 6.95323620903e-08, 5.91391540183e-08, 3.68197987655e-08, 9.10231801043e-09, 1.06467901162e-08, 2.39541666502e-08, 4.7014605542e-09, 1.57168278392e-09, 2.22690887952e-09, 1.76814363151e-09, 1.52491086425e-09, 5.04509101162e-10, 3.4770003543e-10, 2.46024645101e-10, 1.62268989912e-10, 4.6301706913e-10, 2.11975825781e-10, 1.61758384465e-10, 7.72248098801e-11, 4.85850526477e-11, 1.25233323711e-10, 2.84699867847e-11, 4.63709487475e-11, 2.49124228191e-11, 5.75671801895e-11, 4.40197184259e-11, 2.397621858e-11, 2.01338598571e-11],
        "max": [0.0621463917196, 0.0497039966285, 0.0259181670845, 0.0227823276073, 0.00806477293372, 0.00808155164123, 0.00802823528647, 0.00579018658027, 0.00471323635429, 0.00313174538314, 0.00235831155442, 0.00142316787969, 0.00128649012186, 0.00336128636263, 0.002552309772, 0.00115075754002, 0.000870355172083, 0.00169976835605, 0.000791071972344, 0.000370387162548, 0.000468671292765, 0.000433972047176, 0.000500501249917, 0.000158984999871, 0.000136658971314, 9.31434624363e-05, 8.04821247584e-05, 0.000139312251122, 8.75904370332e-05, 6.95526468917e-05, 4.85432028654e-05, 3.94873823097e-05, 5.82414722885e-05, 2.93026532745e-05, 4.3478605221e-05, 2.41175112023e-05, 3.20772378473e-05, 2.62240391748e-05, 2.22858288907e-05, 2.26379761443e-05],
        "mean": [0.00580460717902, 0.00251296698116, 0.00198958115652, 0.00151300802827, 0.000604387372732, 0.00058893620735, 0.000312410324113, 0.00027086539194, 0.000284520763671, 0.000120968514238, 0.000119886215543, 9.44373459788e-05, 7.84068688517e-05, 9.38077791943e-05, 5.87037466175e-05, 4.96431275678e-05, 4.81357237732e-05, 4.54028304375e-05, 2.74461144727e-05, 1.57649683388e-05, 1.77483034349e-05, 1.26226623252e-05, 9.36899323278e-06, 8.60342970554e-06, 7.47563262848e-06, 7.72677412897e-06, 6.70898134558e-06, 5.58625015401e-06, 3.43545593751e-06, 2.4762330213e-06, 2.05013634513e-06, 2.28882595366e-06, 2.68035933004e-06, 2.0618540475e-06, 1.80869687938e-06, 1.33300409288e-06, 1.58323700816e-06, 1.64587174822e-06, 1.38710561259e-06, 1.19458229619e-06],
        "median": [0.000278262945358, 0.0004352122196, 0.000988629297353, 0.000772527535446, 0.000346992193954, 0.000273661862593, 0.000145138576045, 8.34142629174e-05, 0.000104435726826, 4.5187309297e-05, 4.37568123743e-05, 3.25193905155e-05, 2.07277389563e-05, 1.86067154573e-05, 1.49483712448e-05, 1.44418663695e-05, 1.29041272885e-05, 9.57928205025e-06, 5.52193978365e-06, 4.06825938626e-06, 5.55412771064e-06, 4.49498384114e-06, 2.32969409808e-06, 2.39395831159e-06, 3.09389520226e-06, 3.42736188941e-06, 3.26956956087e-06, 2.20867332246e-06, 1.00269801351e-06, 6.25346388006e-07, 7.12208020559e-07, 9.69987354438e-07, 1.04203468254e-06, 7.44679368836e-07, 4.9588982165e-07, 3.41269242199e-07, 4.03442669494e-07, 4.83393762352e-07, 3.11934968522e-07, 2.66980720198e-07],
        "min": [2.80212719694e-09, 6.28943741532e-09, 7.26075688462e-09, 7.67867902596e-09, 6.4623546514e-09, 3.84123133301e-09, 1.64528357605e-09, 8.06977928924e-10, 3.10783787594e-10, 2.41568154369e-10, 3.83260506664e-10, 9.91062565348e-10, 2.47324183356e-09, 1.92060789495e-09, 5.31336030729e-10, 1.8618057096e-10, 3.22816828824e-10, 1.25395568928e-10, 7.59112356308e-11, 1.69070243916e-11, 2.60784258771e-11, 1.09384307168e-10, 2.3690568951e-10, 6.37816327531e-11, 1.80187583604e-11, 2.79059553243e-11, 2.14103960255e-11, 1.09368859455e-11, 5.7825684345e-12, 1.19048468999e-11, 1.37796917973e-11, 6.03597770724e-12, 1.07473136293e-11, 1.14498618919e-11, 3.54448783692e-12, 1.11246827722e-11, 5.26352919583e-12, 3.10549806357e-12, 1.94886403022e-12, 1.59539438951e-12],
        "stdev": [0.0125048141927, 0.00618674466386, 0.00308010075241, 0.00212314166129, 0.00078002497321, 0.000921284372453, 0.000558832311071, 0.000513188075274, 0.000477043795399, 0.000227542201173, 0.000216342697968, 0.000160473791766, 0.000159679286298, 0.000251949153608, 0.000138289586175, 8.97021673154e-05, 8.94970653462e-05, 0.000116379647807, 6.56092888676e-05, 3.54613403033e-05, 4.04314851039e-05, 2.44580278377e-05, 2.14601950574e-05, 1.56683145178e-05, 1.2534887901e-05, 1.09878292278e-05, 8.93345895747e-06, 1.12102816274e-05, 8.05829131423e-06, 6.69819928589e-06, 4.56952011518e-06, 3.92215906686e-06, 5.69932126382e-06, 3.33802086061e-06, 3.87815998693e-06, 2.85881515083e-06, 3.8226153265e-06, 3.54982807949e-06, 2.85310215986e-06, 2.58428667621e-06],
        "var": [0.00015637036995, 3.82758116757e-05, 9.48702108872e-06, 4.50773040939e-06, 6.08438938343e-07, 8.48764841521e-07, 3.1229356523e-07, 2.63361982888e-07, 2.27570794209e-07, 5.17754514817e-08, 4.68041605473e-08, 2.5751836219e-08, 2.54974743541e-08, 6.34783816622e-08, 1.91240108194e-08, 8.04647903863e-09, 8.00972532744e-09, 1.35442217442e-08, 4.30457891554e-09, 1.25750665436e-09, 1.63470492698e-09, 5.98195160073e-10, 4.60539967273e-10, 2.45496067919e-10, 1.57123425382e-10, 1.20732396303e-10, 7.98066820962e-11, 1.25670418516e-10, 6.49360565319e-11, 4.48658749042e-11, 2.08805125967e-11, 1.53833334959e-11, 3.24822634068e-11, 1.11423830232e-11, 1.50401253951e-11, 8.17282439641e-12, 1.46123894235e-11, 1.2601279395e-11, 8.14019164574e-12, 6.67853793102e-12]
    },
    "melbands128": {
