{
"lowlevel": {
    "average_loudness": 0.584895431995,
    "barkbands_crest": {
        "dmean": 1.94340491295,
        "dmean2": 2.90802598,
        "dvar": 3.07711052895,
        "dvar2": 7.4997177124,
        "max": 25.3294048309,
        "mean": 14.7464818954,
        "median": 14.5061864853,
        "min": 6.0580906868,
        "stdev": 4.19444322586,
        "var": 17.5933551788
    },
    "barkbands_flatness_db": {
        "dmean": 0.016818549484,
        "dmean2": 0.0245809927583,
        "dvar": 0.000212826897041,
        "dvar2": 0.000490777369123,
        "max": 0.398016244173,
        "mean": 0.271226972342,
        "median": 0.270028412342,
        "min": 0.0749411508441,
        "stdev": 0.0416354127228,
        "var": 0.0017335077282
    },
    "barkbands_kurtosis": {
        "dmean": 8.89053821564,
        "dmean2": 13.4799547195,
        "dvar": 249.154434204,
        "dvar2": 647.845703125,
        "max": 368.216888428,
        "mean": 28.8600120544,
        "median": 21.1638126373,
        "min": -1.33657443523,
        "stdev": 30.191318512,
        "var": 911.51574707
    },
    "barkbands_skewness": {
        "dmean": 0.642289221287,
        "dmean2": 0.952255785465,
        "dvar": 0.483622938395,
        "dvar2": 1.15961396694,
        "max": 15.8395214081,
        "mean": 3.39981174469,
        "median": 3.16949629784,
        "min": -1.66584408283,
        "stdev": 1.91752207279,
        "var": 3.67689085007
    },
    "barkbands_spread": {
        "dmean": 0.967370390892,
        "dmean2": 1.4142922163,
        "dvar": 2.2207570076,
        "dvar2": 4.81378602982,
        "max": 26.0159950256,
        "mean": 4.37557792664,
        "median": 3.86358690262,
        "min": 0.401517301798,
        "stdev": 2.48127317429,
        "var": 6.15671634674
    },
    "dissonance": {
        "dmean": 0.0420022420585,
        "dmean2": 0.0699315294623,
        "dvar": 0.00139190163463,
        "dvar2": 0.00360749801621,
        "max": 0.499008268118,
        "mean": 0.347322434187,
        "median": 0.346305519342,
        "min": 0.0330099612474,
        "stdev": 0.0605050288141,
        "var": 0.00366085837595
    },
    "dynamic_complexity": 3.78497600555,
    "erbbands_crest": {
        "dmean": 2.40366148949,
        "dmean2": 3.59768867493,
        "dvar": 5.17412471771,
        "dvar2": 11.7894191742,
        "max": 28.2166576385,
        "mean": 14.4954271317,
        "median": 13.5320901871,
        "min": 3.17466902733,
        "stdev": 4.84494829178,
        "var": 23.4735240936
    },
    "erbbands_flatness_db": {
        "dmean": 0.0134756676853,
        "dmean2": 0.0188890807331,
        "dvar": 0.00016153670731,
        "dvar2": 0.000320648803608,
        "max": 0.384179472923,
        "mean": 0.255203187466,
        "median": 0.251172304153,
        "min": 0.10031080991,
        "stdev": 0.0429445318878,
        "var": 0.0018442326691
    },
    "erbbands_kurtosis": {
        "dmean": 3.32384228706,
        "dmean2": 5.01846456528,
        "dvar": 18.7371292114,
        "dvar2": 46.0906410217,
        "max": 64.0489044189,
        "mean": 10.5522918701,
        "median": 9.38951206207,
        "min": -1.44996726513,
        "stdev": 8.47684288025,
        "var": 71.8568725586
    },
    "erbbands_skewness": {
        "dmean": 0.420856028795,
        "dmean2": 0.62145113945,
        "dvar": 0.1448905617,
        "dvar2": 0.326370835304,
        "max": 6.55962324142,
        "mean": 2.14441752434,
        "median": 2.11216020584,
        "min": -1.12299585342,
        "stdev": 1.04908001423,
        "var": 1.10056877136
    },
    "erbbands_spread": {
        "dmean": 2.3659927845,
        "dmean2": 3.38382768631,
        "dvar": 9.07994365692,
        "dvar2": 15.9871854782,
        "max": 64.4197998047,
        "mean": 12.4806661606,
        "median": 11.3303108215,
        "min": 3.06354379654,
        "stdev": 6.41167259216,
        "var": 41.1095466614
    },
    "hfc": {
        "dmean": 1.5070630312,
        "dmean2": 2.11743021011,
        "dvar": 6.69296169281,
        "dvar2": 12.8585929871,
        "max": 54.9103469849,
        "mean": 8.26927471161,
        "median": 3.95217251778,
        "min": 1.13376379077e-16,
        "stdev": 10.2832221985,
        "var": 105.744659424
    },
    "loudness_ebu128": {
        "integrated": -16.9451656342,
        "loudness_range": 6.73611831665,
        "momentary": {
            "dmean": 0.433449923992,
            "dmean2": 0.404941737652,
            "dvar": 0.191852360964,
            "dvar2": 0.184940889478,
            "max": -11.3014602661,
            "mean": -17.9238586426,
            "median": -18.8199367523,
            "min": -22.021156311,
            "stdev": 2.72613453865,
            "var": 7.43180894852
        },
        "short_term": {
            "dmean": 0.111207775772,
            "dmean2": 0.0518464520574,
            "dvar": 0.0109591810033,
            "dvar2": 0.00272018276155,
            "max": -12.9556121826,
            "mean": -17.4360027313,
            "median": -18.1725406647,
            "min": -20.5628070831,
            "stdev": 2.34810519218,
            "var": 5.51359796524
        }
    },
    "melbands_crest": {
        "dmean": 2.10218119621,
        "dmean2": 3.12426614761,
        "dvar": 3.86574864388,
        "dvar2": 9.58281803131,
        "max": 31.1119842529,
        "mean": 16.0734004974,
        "median": 15.3454027176,
        "min": 1.75657808781,
        "stdev": 5.05674743652,
        "var": 25.5706958771
    },
    "melbands_flatness_db": {
        "dmean": 0.0166302844882,
        "dmean2": 0.0237470883876,
        "dvar": 0.000263791822363,
        "dvar2": 0.000512582890224,
        "max": 0.496794581413,
        "mean": 0.364940017462,
        "median": 0.364494711161,
        "min": 0.0038260712754,
        "stdev": 0.0436880290508,
        "var": 0.0019086439861
    },
    "melbands_kurtosis": {
        "dmean": 7.07000017166,
        "dmean2": 10.6913461685,
        "dvar": 162.304244995,
        "dvar2": 375.309265137,
        "max": 280.424133301,
        "mean": 19.8805141449,
        "median": 12.30656147,
        "min": -1.19530415535,
        "stdev": 23.8993854523,
        "var": 571.180664062
    },
    "melbands_skewness": {
        "dmean": 0.527050197124,
        "dmean2": 0.770499944687,
        "dvar": 0.382346481085,
        "dvar2": 0.806531310081,
        "max": 11.6117925644,
        "mean": 2.25953722,
        "median": 1.96320235729,
        "min": -0.532965123653,
        "stdev": 1.57203841209,
        "var": 2.47130465508
    },
    "melbands_spread": {
        "dmean": 1.05578362942,
        "dmean2": 1.47864878178,
        "dvar": 11.5966300964,
        "dvar2": 13.017074585,
        "max": 123.594917297,
        "mean": 5.20007276535,
        "median": 4.61477375031,
        "min": 0.679760396481,
        "stdev": 4.33287525177,
        "var": 18.7738075256
    },
    "pitch_salience": {
        "dmean": 0.0503654964268,
        "dmean2": 0.0745109990239,
        "dvar": 0.00239830254577,
        "dvar2": 0.00534376688302,
        "max": 0.955283999443,
        "mean": 0.525457918644,
        "median": 0.537988066673,
        "min": 0.0866774246097,
        "stdev": 0.115410089493,
        "var": 0.0133194886148
    },
    "silence_rate_20dB": {
        "dmean": 0,
        "dmean2": 0,
        "dvar": 0,
        "dvar2": 0,
        "max": 1,
        "mean": 1,
        "median": 1,
        "min": 1,
        "stdev": 0,
        "var": 0
    },
    "silence_rate_30dB": {
        "dmean": 0,
        "dmean2": 0,
        "dvar": 0,
        "dvar2": 0,
        "max": 1,
        "mean": 1,
        "median": 1,
        "min": 1,
        "stdev": 0,
        "var": 0
    },
    "silence_rate_60dB": {
        "dmean": 0.0247678011656,
        "dmean2": 0.0487993806601,
        "dvar": 0.0241547506303,
        "dvar2": 0.0510651320219,
        "max": 1,
        "mean": 0.0510440841317,
        "median": 0,
        "min": 0,
        "stdev": 0.220087468624,
        "var": 0.0484384968877
    },
    "spectral_centroid": {
        "dmean": 39.2381477356,
        "dmean2": 53.4782218933,
        "dvar": 78209.6484375,
        "dvar2": 78599.59375,
        "max": 10697.3994141,
        "mean": 430.32409668,
        "median": 396.721374512,
        "min": 247.400726318,
        "stdev": 304.544647217,
        "var": 92747.4375
    },
    "spectral_complexity": {
        "dmean": 0.88777089119,
        "dmean2": 1.45468628407,
        "dvar": 0.749786973,
        "dvar2": 1.66700410843,
        "max": 13,
        "mean": 6.7393655777,
        "median": 7,
        "min": 0,
        "stdev": 1.79393875599,
        "var": 3.21821641922
    },
    "spectral_decrease": {
        "dmean": 8.75354622121e-10,
        "dmean2": 1.30639132845e-09,
        "dvar": 1.55811038563e-18,
        "dvar2": 3.46010663527e-18,
        "max": -4.95825909543e-29,
        "mean": -4.44582859416e-09,
        "median": -2.61176391625e-09,
        "min": -2.35922250624e-08,
        "stdev": 4.41769465453e-09,
        "var": 1.95160245709e-17
    },
    "spectral_energy": {
        "dmean": 0.0034276007209,
        "dmean2": 0.00510679092258,
        "dvar": 2.42306687142e-05,
        "dvar2": 5.34043065272e-05,
        "max": 0.0940169915557,
        "mean": 0.0175296254456,
        "median": 0.0102344052866,
        "min": 1.04707139188e-20,
        "stdev": 0.017575930804,
        "var": 0.000308913353365
    },
    "spectral_energyband_high": {
        "dmean": 1.54203626153e-05,
        "dmean2": 2.25294788834e-05,
        "dvar": 1.51661272429e-09,
        "dvar2": 3.50769147062e-09,
        "max": 0.000683094956912,
        "mean": 5.38904350833e-05,
        "median": 3.42179082509e-05,
        "min": 7.39672739343e-21,
        "stdev": 6.74058537697e-05,
        "var": 4.54354953661e-09
    },
    "spectral_energyband_low": {
        "dmean": 0.000141304422868,
        "dmean2": 0.000214679501369,
        "dvar": 3.26430225073e-08,
        "dvar2": 6.8474236059e-08,
        "max": 0.00408009858802,
        "mean": 0.000554043159354,
        "median": 0.000445227953605,
        "min": 4.46052374288e-23,
        "stdev": 0.000496122636832,
        "var": 2.46137659587e-07
    },
    "spectral_energyband_middle_high": {
        "dmean": 0.00033021447598,
        "dmean2": 0.000435908616055,
        "dvar": 7.54200073061e-07,
        "dvar2": 1.2526647879e-06,
        "max": 0.0267522968352,
        "mean": 0.00126575864851,
        "median": 0.000243619491812,
        "min": 1.78079424693e-21,
        "stdev": 0.00277560227551,
        "var": 7.70396763983e-06
    },
    "spectral_energyband_middle_low": {
        "dmean": 0.00337398168631,
        "dmean2": 0.00502215605229,
        "dvar": 2.35334828176e-05,
        "dvar2": 5.39694192412e-05,
        "max": 0.0900533050299,
        "mean": 0.0157416667789,
        "median": 0.00941620301455,
        "min": 2.88848879915e-22,
        "stdev": 0.0158639792353,
        "var": 0.000251665856922
    },
    "spectral_entropy": {
        "dmean": 0.148240700364,
        "dmean2": 0.214745253325,
        "dvar": 0.0243729557842,
        "dvar2": 0.0443745739758,
        "max": 9.79327392578,
        "mean": 5.92909288406,
        "median": 5.8931555748,
        "min": 4.86281490326,
        "stdev": 0.38647121191,
        "var": 0.149360001087
    },
    "spectral_flux": {
        "dmean": 0.0113640166819,
        "dmean2": 0.0184308215976,
        "dvar": 0.000206434924621,
        "dvar2": 0.00050901575014,
        "max": 0.197098135948,
        "mean": 0.0341328158975,
        "median": 0.025486625731,
        "min": 1.02326508378e-10,
        "stdev": 0.0255757831037,
        "var": 0.000654120638501
    },
    "spectral_kurtosis": {
        "dmean": 5.05875968933,
        "dmean2": 8.22124481201,
        "dvar": 60.8413963318,
        "dvar2": 177.540466309,
        "max": 103.791534424,
        "mean": 19.8592624664,
        "median": 14.3622531891,
        "min": -1.20163536072,
        "stdev": 15.2442407608,
        "var": 232.386886597
    },
    "spectral_rms": {
        "dmean": 0.000380000914447,
        "dmean2": 0.000557735271286,
        "dvar": 1.83424901934e-07,
        "dvar2": 4.07771267419e-07,
        "max": 0.00957725942135,
        "mean": 0.00373539142311,
        "median": 0.00315987109207,
        "min": 3.19614300304e-12,
        "stdev": 0.00177451758645,
        "var": 3.1489128105e-06
    },
    "spectral_rolloff": {
        "dmean": 63.8493003845,
        "dmean2": 101.794403076,
        "dvar": 256663.84375,
        "dvar2": 271915.4375,
        "max": 18712.3535156,
        "mean": 537.114440918,
        "median": 495.263671875,
        "min": 236.865234375,
        "stdev": 537.81829834,
        "var": 289248.5
    },
    "spectral_skewness": {
        "dmean": 0.394729673862,
        "dmean2": 0.629682838917,
        "dvar": 0.236461177468,
        "dvar2": 0.667665302753,
        "max": 8.31505203247,
        "mean": 3.6618745327,
        "median": 3.46904993057,
        "min": 0.0331229828298,
        "stdev": 0.936711847782,
        "var": 0.877429068089
    },
    "spectral_spread": {
        "dmean": 499181.125,
        "dmean2": 738810,
        "dvar": 931385507840,
        "dvar2": 741634277376,
        "max": 39724200,
        "mean": 4089807.25,
        "median": 4180256,
        "min": 814220.5,
        "stdev": 2005195.875,
        "var": 4.0208105472e+12
    },
    "spectral_strongpeak": {
        "dmean": 0.30197250843,
        "dmean2": 0.468480467796,
        "dvar": 0.211996123195,
        "dvar2": 0.508035957813,
        "max": 7.15108728409,
        "mean": 1.19965839386,
        "median": 0.730780899525,
        "min": 0,
        "stdev": 1.2554602623,
        "var": 1.57618033886
    },
    "zerocrossingrate": {
        "dmean": 0.00474562495947,
        "dmean2": 0.00608441559598,
        "dvar": 0.000203947158298,
        "dvar2": 0.000228194534429,
        "max": 0.4873046875,
        "mean": 0.0291522406042,
        "median": 0.02685546875,
        "min": 0.00537109375,
        "stdev": 0.0174581650645,
        "var": 0.000304787507048
    },
    "barkbands": {
        "dmean": [2.37932545133e-06, 5.91350835748e-05, 9.86997110886e-05, 2.39620330831e-05, 0.00194988935255, 0.00105317274574, 0.000209453719435, 0.000977876712568, 0.00069555506343, 0.000268453382887, 6.05782297498e-05, 6.00898783887e-05, 4.3933174311e-05, 4.2743555241e-05, 1.67551661434e-05, 2.50217385656e-06, 1.36929338623e-06, 1.2318997733e-06, 4.82933182866e-06, 3.10076643473e-06, 1.36313758503e-06, 3.27319753524e-07, 4.48838676448e-07, 2.17165347749e-06, 6.83034068061e-06, 7.67852725403e-06, 3.40028464052e-07],
        "dmean2": [4.30815771324e-06, 0.000100217665022, 0.000138771923957, 3.52998285962e-05, 0.00295910425484, 0.0015516220592, 0.00028119579656, 0.00131338147912, 0.000953076058067, 0.000349137961166, 8.89571019798e-05, 8.78158753039e-05, 6.38234196231e-05, 6.43068415229e-05, 2.52483987424e-05, 3.88059743273e-06, 2.25757321459e-06, 1.86854458661e-06, 7.54779603085e-06, 4.86192175231e-06, 2.16458784053e-06, 5.07586719323e-07, 7.04605781721e-07, 3.22019172927e-06, 1.02133599285e-05, 1.2503292055e-05, 5.70561155655e-07],
        "dvar": [1.66343588209e-11, 9.60813562045e-09, 1.60277799921e-08, 3.23012816494e-09, 7.44074623071e-06, 4.49253593615e-06, 2.2458520732e-07, 6.40597681922e-06, 7.82630559115e-06, 8.97255404197e-07, 2.35834036744e-08, 2.15344311272e-08, 2.70346109943e-08, 1.82977135665e-08, 6.12317041515e-09, 1.36605995613e-11, 4.9967452051e-12, 5.40337826566e-12, 1.5590967406e-10, 5.01972005629e-11, 1.57619698543e-11, 3.17378366426e-13, 6.05808318007e-13, 7.43066094766e-11, 1.93096330592e-10, 9.24031740013e-10, 7.13111481757e-13],
        "dvar2": [5.1027800041e-11, 2.62004054008e-08, 3.2217563728e-08, 5.84350035027e-09, 1.88951398741e-05, 1.0970807125e-05, 4.31911900023e-07, 1.12053003249e-05, 1.6710784621e-05, 1.36211360768e-06, 4.63084788294e-08, 4.0939120538e-08, 4.72676084939e-08, 3.60493643825e-08, 1.13265681279e-08, 3.51859617831e-11, 1.26978774717e-11, 1.18893749013e-11, 3.83181403274e-10, 9.81340772532e-11, 3.40239954266e-11, 7.64387251412e-13, 1.39112625499e-12, 1.18907411695e-10, 4.17891721227e-10, 2.62458943467e-09, 1.93704774443e-12],
        "max": [6.27147965133e-05, 0.00168398860842, 0.00273713795468, 0.00130552367773, 0.0638450905681, 0.0392502322793, 0.00873818434775, 0.0559317730367, 0.0665338486433, 0.0260164067149, 0.00246761552989, 0.00340279424563, 0.00445306207985, 0.00259726610966, 0.00210146349855, 5.57751627639e-05, 4.61955169158e-05, 3.52083443431e-05, 0.000216963628191, 0.000183985583135, 7.95372543507e-05, 1.03737856989e-05, 1.32835175464e-05, 0.000152753549628, 0.00037647516001, 0.000449198443675, 1.20532713481e-05],
        "mean": [2.61613581642e-06, 0.0001664080919, 0.000348710251274, 5.40844448551e-05, 0.00631265994161, 0.00312581984326, 0.000598927086685, 0.00377361173742, 0.00175086164381, 0.00084655469982, 0.000122814570204, 0.000138087067171, 8.7058673671e-05, 8.23600348667e-05, 3.93833397538e-05, 4.59066905023e-06, 3.15311604027e-06, 2.63948277279e-06, 1.15663597171e-05, 9.53963444772e-06, 2.69526526608e-06, 8.72505665939e-07, 1.10067185233e-06, 4.26762017014e-06, 2.26750526053e-05, 1.59649662237e-05, 6.21787762611e-07],
        "median": [8.59996021063e-07, 2.07015473279e-05, 0.000226507225307, 3.2590378396e-05, 0.00411381851882, 0.00190293777268, 0.000301507505355, 0.000175938621396, 0.000118719864986, 5.57154962735e-05, 1.7825017494e-05, 3.06973997795e-05, 9.96017843136e-06, 1.61724092322e-05, 6.96739880368e-06, 2.21761683861e-06, 1.17110914744e-06, 1.18583170661e-06, 2.08426376958e-06, 3.29882504957e-06, 1.01719501799e-06, 3.81231302526e-07, 6.25535278687e-07, 1.25927942918e-06, 1.12312900455e-05, 8.03183593234e-06, 5.30028039236e-08],
        "min": [1.36789102193e-24, 2.02090733798e-23, 1.55955781478e-23, 1.72827054995e-23, 4.93833489991e-23, 3.32717390679e-23, 6.87585553814e-23, 2.81072655143e-23, 4.52558047065e-23, 1.14287807677e-22, 9.96539708791e-23, 1.13649827464e-22, 6.73654459554e-23, 2.03604646228e-22, 1.09773125162e-22, 1.29753028138e-22, 1.98143911228e-22, 2.21177564188e-22, 3.09351412707e-22, 4.40503463572e-22, 3.04538654366e-22, 6.43778605755e-22, 4.35100334351e-22, 1.19536130833e-21, 1.08461553661e-21, 1.39596129066e-21, 2.26995505503e-21],
        "stdev": [4.14180158259e-06, 0.000249074451858, 0.00036459430703, 8.41221553856e-05, 0.00693484675139, 0.00468604126945, 0.000922794744838, 0.00923074781895, 0.00682316347957, 0.0023920214735, 0.000302838365315, 0.00033267744584, 0.000284692330752, 0.000207187884371, 0.000176733956323, 5.96401923758e-06, 5.12477527082e-06, 4.28477778769e-06, 2.43044451054e-05, 1.78046211659e-05, 5.68750874663e-06, 1.1644120832e-06, 1.45864044043e-06, 1.34082292789e-05, 2.96809339488e-05, 3.0744507967e-05, 1.4665896515e-06],
        "var": [1.71545191247e-11, 6.20380760097e-08, 1.32929017127e-07, 7.07653713405e-09, 4.80920971313e-05, 2.19589837798e-05, 8.51550169045e-07, 8.52067096275e-05, 4.65555567644e-05, 5.72176622882e-06, 9.17110796195e-08, 1.10674278631e-07, 8.10497198245e-08, 4.29268212088e-08, 3.12348937825e-08, 3.55695264909e-11, 2.62633196441e-11, 1.83593192732e-11, 5.90706039638e-10, 3.1700456149e-10, 3.23477564179e-11, 1.35585553201e-12, 2.12763205491e-12, 1.79780620946e-10, 8.80957806704e-10, 9.45224676308e-10, 2.15088537259e-12]
    },
    "erbbands": {
        "dmean": [0.00221507716924, 0.0130960401148, 0.0840811952949, 0.114739023149, 0.920954585075, 8.73329925537, 13.1120643616, 6.45503282547, 3.352216959, 6.54032039642, 24.903635025, 15.0472373962, 8.29602909088, 5.48937606812, 2.39474606514, 2.1299507618, 1.68688392639, 2.10905742645, 1.24617183208, 0.312126904726, 0.113336429, 0.0729450508952, 0.064758554101, 0.0918665379286, 0.284274667501, 0.146259739995, 0.0948021411896, 0.0101787252352, 0.013739656657, 0.0113450950012, 0.0117287617177, 0.0184528045356, 0.0577780418098, 0.0899835526943, 0.0429354161024, 0.0189257916063, 0.0139865418896, 0.00486670807004, 8.31448269309e-05, 5.33576212547e-06],
        "dmean2": [0.00383469741791, 0.0218820646405, 0.127780482173, 0.15578968823, 1.42504858971, 13.3691892624, 20.0698356628, 8.99230957031, 4.78441762924, 8.73763179779, 34.0780601501, 18.9967651367, 10.916469574, 7.52367353439, 3.3890683651, 3.02876782417, 2.28177428246, 3.06532692909, 1.81173300743, 0.489420682192, 0.179891601205, 0.119708068669, 0.100344926119, 0.139922216535, 0.443317264318, 0.232385352254, 0.148248791695, 0.0155243305489, 0.0214047953486, 0.0173304900527, 0.0186031535268, 0.0295255444944, 0.0827596336603, 0.137565553188, 0.0646265596151, 0.0287440475076, 0.0212416369468, 0.00854193139821, 0.00014347639808, 8.17575801193e-06],
        "dvar": [1.4741666746e-05, 0.000387976469938, 0.0111155994236, 0.0241252891719, 3.34564805031, 158.07598877, 518.402404785, 137.741455078, 45.7848968506, 184.966934204, 4658.32568359, 3586.09912109, 744.012695312, 223.875045776, 24.921754837, 26.4104824066, 49.3377189636, 39.1669464111, 16.8380813599, 0.384787082672, 0.0268718730658, 0.0124285668135, 0.0160716958344, 0.0703015327454, 0.539960861206, 0.101493492723, 0.0590348020196, 0.000402032048441, 0.000702964782249, 0.000431375694461, 0.000534975144546, 0.00968716945499, 0.0511339083314, 0.0391017347574, 0.00663756066933, 0.00103911093902, 0.00222221016884, 0.000999694806524, 2.36888510585e-07, 1.60539567751e-10],
        "dvar2": [4.37041926489e-05, 0.00101503997575, 0.024842819199, 0.045611936599, 7.87455892563, 429.404876709, 1264.41137695, 296.394134521, 103.329750061, 339.789733887, 8645.68554688, 6502.34082031, 1083.79736328, 414.659240723, 50.3908424377, 46.6906700134, 65.0820236206, 66.5181274414, 25.6746883392, 0.8940756917, 0.0717073231936, 0.030339345336, 0.0367701724172, 0.171526938677, 1.30062222481, 0.224651992321, 0.130296736956, 0.00096846523229, 0.00173950730823, 0.000830233853776, 0.00122074887622, 0.0253601893783, 0.0776705145836, 0.0867389068007, 0.0146274035797, 0.00238878652453, 0.00488273287192, 0.00296715134755, 7.02267413999e-07, 4.50868092861e-10],
        "max": [0.0565623268485, 0.372962921858, 2.13342189789, 3.55790472031, 27.5013980865, 172.426559448, 522.004455566, 233.011245728, 139.758529663, 275.244842529, 1530.35241699, 1511.50427246, 1178.53515625, 472.092254639, 73.9725723267, 121.371391296, 232.226165771, 163.365768433, 141.039123535, 16.307472229, 2.9367005825, 1.47882151604, 2.31068444252, 6.95708560944, 14.5426130295, 7.20639228821, 5.3015332222, 0.298015326262, 0.538621008396, 0.427996188402, 0.573988735676, 1.90310811996, 4.28304433823, 5.35589790344, 1.72143673897, 0.712662398815, 0.961587488651, 0.468424707651, 0.00727923912928, 0.0002359112259],
        "mean": [0.00553861819208, 0.0407299697399, 0.27323397994, 0.429784923792, 2.45362734795, 26.0599803925, 42.8352050781, 19.6903362274, 9.21244049072, 23.235578537, 98.9831161499, 42.3469963074, 23.4006576538, 20.8651771545, 5.88106632233, 4.9887714386, 3.74949121475, 4.7573428154, 3.59019684792, 0.732712209225, 0.242896124721, 0.179982677102, 0.15875607729, 0.24222420156, 0.714140415192, 0.475281089544, 0.257427155972, 0.0296429377049, 0.0345474220812, 0.0304906368256, 0.0281125158072, 0.0298418719321, 0.129416912794, 0.253087699413, 0.143327474594, 0.0646643713117, 0.0292287599295, 0.00616238452494, 0.000126487429952, 2.33577411564e-05],
        "median": [0.000515831052326, 0.0149485245347, 0.183266639709, 0.320503085852, 1.1575165987, 18.1610069275, 19.060836792, 13.3286094666, 6.20087146759, 10.7897367477, 3.31233763695, 3.4193174839, 6.26770114899, 2.03601026535, 1.58715558052, 1.22854173183, 0.717892885208, 0.883050024509, 0.492656260729, 0.301990807056, 0.143426969647, 0.0869251787663, 0.072776414454, 0.07595551759, 0.129945680499, 0.179506883025, 0.0969456806779, 0.015874940902, 0.0130568239838, 0.0160899180919, 0.0149929951876, 0.0116176437587, 0.0458011217415, 0.13263694942, 0.0654867962003, 0.0302584636956, 0.0143794566393, 0.00147387583274, 3.68477885786e-05, 1.38702907861e-05],
        "min": [2.57984577092e-22, 5.57185629441e-21, 1.47714747239e-20, 4.44641083196e-20, 1.07214343012e-19, 2.18945971048e-19, 2.50119823395e-19, 2.1656533232e-19, 5.44858079224e-19, 1.20802356216e-18, 6.97861315237e-19, 9.18405192433e-19, 3.24987723503e-18, 3.11621043151e-18, 3.72930780934e-18, 5.11580024155e-18, 3.76084696532e-18, 8.00734324881e-18, 1.02249689761e-17, 4.93577265303e-18, 7.18445818518e-18, 1.1100912713e-17, 1.38982357126e-17, 1.21792237051e-17, 2.07377058156e-17, 1.88575309007e-17, 1.60823316737e-17, 1.38295003124e-17, 2.22497324183e-17, 1.70769750013e-17, 1.2718474327e-17, 1.86589049833e-17, 1.96907267706e-17, 1.14663917133e-17, 8.11941546846e-18, 5.98933109255e-18, 2.55795326713e-18, 1.21855967182e-18, 3.25065023531e-19, 3.21415179551e-20],
        "stdev": [0.00845598708838, 0.0524931773543, 0.277077108622, 0.384161502123, 3.49826192856, 25.4373569489, 57.7101821899, 27.7363166809, 12.536687851, 33.8198318481, 246.558837891, 155.897262573, 71.1631546021, 55.5524749756, 9.91011619568, 11.6196365356, 11.979227066, 12.5800228119, 12.2313613892, 1.46670806408, 0.282515436411, 0.227170944214, 0.252762615681, 0.505028069019, 1.51090097427, 0.849121630192, 0.489706039429, 0.0386736914515, 0.051321964711, 0.0427741929889, 0.0418605096638, 0.0952144190669, 0.365846335888, 0.359350353479, 0.191216722131, 0.090006724, 0.0643259808421, 0.0260826982558, 0.000413633475546, 2.41671914409e-05],
        "var": [7.15037240298e-05, 0.00275553367101, 0.0767717212439, 0.147580057383, 12.2378368378, 647.059082031, 3330.46508789, 769.303283691, 157.168533325, 1143.78112793, 60791.2578125, 24303.9570312, 5064.19482422, 3086.07763672, 98.2104110718, 135.015945435, 143.50189209, 158.256973267, 149.606201172, 2.151232481, 0.0798149779439, 0.0516066402197, 0.0638889446855, 0.255053341389, 2.28282165527, 0.721007525921, 0.239812016487, 0.00149565434549, 0.00263394415379, 0.00182963174302, 0.00175230228342, 0.00906578544527, 0.133843541145, 0.129132673144, 0.0365638360381, 0.00810120999813, 0.00413783220574, 0.0006803071592, 1.71092651158e-07, 5.84053139185e-10]
    },
    "gfcc": {
        "mean": [-114.128936768, 129.58644104, -69.8830108643, -28.0593223572, -69.7716217041, -9.93905067444, -52.5624580383, 3.90125155449, -47.3680381775, 8.90393066406, -15.1617908478, -5.87065172195, -2.92164921761],
        "cov": [[4858.97607422, -1273.08691406, 251.162902832, -599.938415527, -578.700317383, 156.519607544, 138.086425781, 575.450622559, -436.814147949, 633.601806641, -211.420883179, -241.862487793, -32.1443519592], [-1273.08691406, 1216.0657959, -588.287475586, 132.321212769, 406.842102051, -102.670639038, 41.9513130188, -270.840423584, 339.562438965, -366.717681885, 198.608581543, 107.674682617, -6.72982549667], [251.162902832, -588.287475586, 949.763244629, 139.761276245, -171.406097412, 90.2423019409, -71.0407104492, 152.654876709, -209.598922729, 185.885406494, -109.126899719, 6.30158138275, 16.602394104], [-599.938415527, 132.321212769, 139.761276245, 419.146514893, 134.477859497, 18.1491546631, -17.0354557037, -124.878166199, 30.790813446, -90.9441680908, 41.1019210815, 100.821243286, 24.7509536743], [-578.700317383, 406.842102051, -171.406097412, 134.477859497, 267.852325439, 8.3418302536, 24.422492981, -93.9288864136, 125.102348328, -119.784248352, 74.1110610962, 75.3545608521, 18.4523963928], [156.519607544, -102.670639038, 90.2423019409, 18.1491546631, 8.3418302536, 128.150115967, 37.7293739319, 54.7441101074, -8.77742958069, 66.0272674561, -7.7641992569, 29.0875034332, 11.5818691254], [138.086425781, 41.9513130188, -71.0407104492, -17.0354557037, 24.422492981, 37.7293739319, 166.093582153, 36.1855430603, 2.84395003319, 22.7229328156, 47.2021102905, 26.7423877716, 8.78442955017], [575.450622559, -270.840423584, 152.654876709, -124.878166199, -93.9288864136, 54.7441101074, 36.1855430603, 195.549285889, -40.0469894409, 141.642700195, -49.2257499695, -46.1705551147, -2.45069169998], [-436.814147949, 339.562438965, -209.598922729, 30.790813446, 125.102348328, -8.77742958069, 2.84395003319, -40.0469894409, 226.016113281, -81.3185958862, 60.6987724304, 35.7191581726, -20.7205486298], [633.601806641, -366.717681885, 185.885406494, -90.9441680908, -119.784248352, 66.0272674561, 22.7229328156, 141.642700195, -81.3185958862, 224.689315796, -58.1680641174, -44.2957878113, -5.40154218674], [-211.420883179, 198.608581543, -109.126899719, 41.1019210815, 74.1110610962, -7.7641992569, 47.2021102905, -49.2257499695, 60.6987724304, -58.1680641174, 112.148269653, 50.464881897, -2.08090949059], [-241.862487793, 107.674682617, 6.30158138275, 100.821243286, 75.3545608521, 29.0875034332, 26.7423877716, -46.1705551147, 35.7191581726, -44.2957878113, 50.464881897, 117.002197266, 39.3114089966], [-32.1443519592, -6.72982549667, 16.602394104, 24.7509536743, 18.4523963928, 11.5818691254, 8.78442955017, -2.45069169998, -20.7205486298, -5.40154218674, -2.08090949059, 39.3114089966, 85.0360336304]],
        "icov": [[0.000494262261782, -0.000148031889694, 0.000390093453461, -3.36854536727e-05, 0.000488829798996, -0.000150411651703, 8.70952208061e-05, -0.00106303649954, 0.000868807139341, -0.000721959338989, -2.2298314434e-05, -0.000153683096869, 0.000219883833779], [-0.000148031889694, 0.0043588145636, -0.000171303370735, 0.00108325679321, -0.00354607775807, 0.00110179523472, -0.00125144654885, 0.00246007367969, -0.00334394583479, 0.00303574069403, -0.0015984447673, 0.000981576391496, -0.000288125971565], [0.000390093453461, -0.000171303370735, 0.0027382527478, -0.00164472160395, 0.00112003006507, -0.000474369095173, 0.00157861784101, -0.0032372456044, 0.00241818581708, -0.00102053082082, 0.0003391050559, -0.00158384907991, 0.000908110465389], [-3.36854536727e-05, 0.00108325679321, -0.00164472160395, 0.00507796695456, -0.00251227873378, -0.000214702275116, -0.000748702790588, 0.0039067552425, -0.00130124483258, 0.000891619711183, -6.26052278676e-05, -0.0011984166922, -2.75258971669e-05], [0.000488829798996, -0.00354607775807, 0.00112003006507, -0.00251227873378, 0.0109747452661, -0.0027716869954, 0.000575999496505, -0.00227568112314, 0.000775776221417, -0.00104192493018, 0.000195564018213, -0.00143680698238, -0.000920489139389], [-0.000150411651703, 0.00110179523472, -0.000474369095173, -0.000214702275116, -0.0027716869954, 0.0126965483651, -0.00204158690758, -0.00134111731313, -0.00112432194874, -0.00241177645512, 0.00154198275413, -0.00401762733236, 0.000697765499353], [8.70952208061e-05, -0.00125144654885, 0.00157861784101, -0.000748702790588, 0.000575999496505, -0.00204158690758, 0.00976368132979, -0.00439851684496, 0.00318913604133, -0.00144369062036, -0.00402044551447, -0.00182271783706, 0.000290921743726], [-0.00106303649954, 0.00246007367969, -0.0032372456044, 0.0039067552425, -0.00227568112314, -0.00134111731313, -0.00439851684496, 0.0178584083915, -0.00663452595472, -0.00178176292684, 0.000970439170487, 0.00401331949979, -0.00262807961553], [0.000868807139341, -0.00334394583479, 0.00241818581708, -0.00130124483258, 0.000775776221417, -0.00112432194874, 0.00318913604133, -0.00663452595472, 0.0120919793844, -0.00215314561501, -0.000612537318375, -0.00318962195888, 0.00370374019258], [-0.000721959338989, 0.00303574069403, -0.00102053082082, 0.000891619711183, -0.00104192493018, -0.00241177645512, -0.00144369062036, -0.00178176292684, -0.00215314561501, 0.013564308174, -0.000324293156154, 0.00181371648796, 4.99963971379e-05], [-2.2298314434e-05, -0.0015984447673, 0.0003391050559, -6.26052278676e-05, 0.000195564018213, 0.00154198275413, -0.00402044551447, 0.000970439170487, -0.000612537318375, -0.000324293156154, 0.017119564116, -0.0061004254967, 0.00307716918178], [-0.000153683096869, 0.000981576391496, -0.00158384907991, -0.0011984166922, -0.00143680698238, -0.00401762733236, -0.00182271783706, 0.00401331949979, -0.00318962195888, 0.00181371648796, -0.0061004254967, 0.0193140357733, -0.00789942406118], [0.000219883833779, -0.000288125971565, 0.000908110465389, -2.75258971669e-05, -0.000920489139389, 0.000697765499353, 0.000290921743726, -0.00262807961553, 0.00370374019258, 4.99963971379e-05, 0.00307716918178, -0.00789942406118, 0.0162824559957]]
    },
    "melbands": {
        "dmean": [1.72943782673e-05, 3.12162155751e-05, 2.94563342322e-05, 0.000313348922646, 0.000463831820525, 0.000152966138558, 4.97865839861e-05, 0.000100533834484, 0.000204408177524, 8.38072373881e-05, 4.2408821173e-05, 2.53201487794e-05, 9.43059330893e-06, 6.57844157104e-06, 4.15901149609e-06, 4.67109020974e-06, 3.87124327972e-06, 2.39225732912e-06, 6.99900283507e-07, 2.74898440011e-07, 1.27644923964e-07, 8.8186652647e-08, 8.03679043315e-08, 5.00394854441e-08, 7.71938672983e-08, 2.29283102726e-07, 1.54726095047e-07, 1.09055761754e-07, 9.23977196976e-08, 1.28031540925e-08, 4.27033697292e-09, 8.72728289636e-09, 6.55440146602e-09, 7.62116680875e-09, 6.45830056101e-09, 9.48569311987e-09, 1.09407549687e-08, 4.75588954885e-08, 4.69217447119e-08, 9.70355955587e-08],
        "dmean2": [2.92621152767e-05, 4.77090252389e-05, 4.13823836425e-05, 0.000485735334223, 0.000711002270691, 0.000217603257624, 7.10621825419e-05, 0.000130420332425, 0.000285432528472, 0.000105614308268, 5.58174288017e-05, 3.52784227289e-05, 1.3251216842e-05, 9.47920671024e-06, 5.97481130171e-06, 6.70221834298e-06, 5.66347898712e-06, 3.35291019837e-06, 1.08562937839e-06, 4.36049276686e-07, 2.03967175594e-07, 1.47851636711e-07, 1.2920442316e-07, 7.75176403067e-08, 1.19221354566e-07, 3.62771999107e-07, 2.37849661744e-07, 1.77317602379e-07, 1.47152860563e-07, 1.99210159479e-08, 6.91002322029e-09, 1.38484228529e-08, 1.01575459155e-08, 1.20579839447e-08, 1.00440873396e-08, 1.60207758171e-08, 1.85801365404e-08, 6.80452671986e-08, 7.25368991539e-08, 1.50626618733e-07],
        "dvar": [8.90734153103e-10, 1.5680626797e-09, 2.80792677998e-09, 2.17415433212e-07, 5.22477932918e-07, 8.78557031569e-08, 9.2569498733e-09, 4.88565952139e-08, 3.23307688177e-07, 1.10439181356e-07, 1.96945428854e-08, 5.63245761143e-09, 4.54031756636e-10, 3.54251100676e-10, 1.27707303066e-10, 3.3721386794e-10, 1.27237151371e-10, 5.19860716974e-11, 6.95819660571e-12, 2.34269526521e-13, 3.88280512885e-14, 2.09063892771e-14, 2.57681364717e-14, 9.65710055868e-15, 6.16579202517e-14, 3.63305739659e-13, 1.61718674476e-13, 5.98920395158e-14, 5.8664966602e-14, 7.31671983217e-16, 8.363505383e-17, 2.935321475e-16, 1.57264080984e-16, 2.3188863655e-16, 1.94888530113e-16, 5.47248346645e-16, 5.08889136139e-15, 6.53993393186e-14, 7.18433609993e-15, 4.8925436185e-14],
        "dvar2": [2.45647924224e-09, 3.42441452972e-09, 5.49795586835e-09, 5.97439623107e-07, 1.25662688788e-06, 1.98211665747e-07, 2.00620693391e-08, 8.14240195268e-08, 6.51357254355e-07, 1.99520087563e-07, 2.94290032343e-08, 1.05500053138e-08, 8.73546679436e-10, 6.60827170762e-10, 2.21958729174e-10, 4.78883155353e-10, 2.25621035743e-10, 6.89559867539e-11, 1.31845498061e-11, 6.51370233792e-13, 1.02562503304e-13, 5.2888544103e-14, 5.8283578159e-14, 2.27599514756e-14, 1.54623235331e-13, 9.37390031049e-13, 3.28204233539e-13, 1.43705305902e-13, 1.30650170045e-13, 1.67476000194e-15, 2.13268470089e-16, 7.60853697618e-16, 3.53171896135e-16, 4.91018858534e-16, 4.47760038885e-16, 1.50927761025e-15, 1.44676835751e-14, 1.01273915469e-13, 1.55134473925e-14, 1.11041919746e-13],
        "max": [0.000495920307003, 0.000836402177811, 0.000838990148623, 0.0060590528883, 0.0185709781945, 0.00577010354027, 0.00207619252615, 0.00494762510061, 0.0112268328667, 0.00810397788882, 0.00570753542706, 0.00206332397647, 0.000312053307425, 0.000515496067237, 0.00031018545269, 0.000544596870895, 0.000273240089882, 0.000267474853899, 8.3241458924e-05, 6.14045757175e-06, 3.08907374347e-06, 1.76842888777e-06, 2.84307361653e-06, 1.47672767525e-06, 6.31035391052e-06, 1.00780443972e-05, 1.08791400635e-05, 4.44366423835e-06, 5.14338671564e-06, 4.83058499867e-07, 1.95059584485e-07, 3.07409010247e-07, 2.18612186131e-07, 2.72395823231e-07, 3.80979486181e-07, 3.88016587749e-07, 1.4433120441e-06, 4.90610227644e-06, 1.92739707927e-06, 5.85564384892e-06],
        "mean": [4.91960272484e-05, 0.000111351168016, 9.60490142461e-05, 0.000912729650736, 0.00157390872482, 0.000460192299215, 0.000136137081427, 0.000356151431333, 0.000791161437519, 0.000215435735299, 0.000117062380014, 9.51270776568e-05, 1.98077595996e-05, 1.5681842342e-05, 8.32224486658e-06, 1.02226431409e-05, 8.18712396722e-06, 6.25328220849e-06, 1.69854854448e-06, 4.98343240452e-07, 2.33712498243e-07, 1.83669058629e-07, 1.77676710678e-07, 1.07245995196e-07, 1.73595822162e-07, 5.23076778336e-07, 4.02381857612e-07, 3.1424784197e-07, 2.30379598065e-07, 2.75944209704e-08, 9.5566177194e-09, 1.99637497644e-08, 1.64388165302e-08, 1.76027512566e-08, 1.48185446136e-08, 1.69832983232e-08, 1.24233938692e-08, 8.6617667705e-08, 1.23585195411e-07, 2.5329072173e-07],
        "median": [4.24595236836e-06, 8.0597201304e-05, 6.11705254414e-05, 0.000629881571513, 0.000841167347971, 0.000302984495647, 9.68859167187e-05, 0.000104750484752, 1.1260055544e-05, 1.44185278259e-05, 2.68369385594e-05, 6.26575592833e-06, 5.21794436281e-06, 2.75838556263e-06, 1.95374423129e-06, 1.44097123211e-06, 1.36866628964e-06, 8.04178512226e-07, 3.78935226308e-07, 2.498498759e-07, 1.19216679195e-07, 7.39143146689e-08, 6.97745363709e-08, 3.98654655953e-08, 4.35555520539e-08, 9.84088401879e-08, 7.11090066829e-08, 1.07994793552e-07, 7.7015926081e-08, 1.10959934574e-08, 4.1766070602e-09, 6.87783341391e-09, 7.83213405242e-09, 8.03099009516e-09, 6.816867959e-09, 8.80580497409e-09, 2.79881140486e-09, 1.53242538659e-08, 5.56685328945e-08, 1.0816841467e-07],
        "min": [4.30099823959e-24, 8.40132052009e-24, 9.05257568445e-24, 1.3248494496e-23, 7.64651316242e-24, 5.28820125892e-24, 1.01615760665e-23, 1.20961627733e-23, 5.63942461646e-24, 6.09730315168e-24, 1.66417102601e-23, 1.24990892578e-23, 1.40152310083e-23, 1.23466458322e-23, 1.12634372574e-23, 7.37641665481e-24, 1.52452103099e-23, 1.84740385054e-23, 6.30264837847e-24, 7.8295012823e-24, 7.77025940604e-24, 9.17339604297e-24, 1.38397583663e-23, 1.2701211199e-23, 8.90422723578e-24, 1.25744964718e-23, 1.61000610076e-23, 1.17489701005e-23, 1.07614361541e-23, 7.14902592116e-24, 9.00369076301e-24, 1.23600777668e-23, 1.24966374781e-23, 8.5386225495e-24, 7.17291499595e-24, 9.41861108877e-24, 1.16932410219e-23, 1.27345634492e-23, 1.39606765435e-23, 8.65406208779e-24],
        "stdev": [7.50767794671e-05, 0.000104493061372, 0.000102807345684, 0.000875203637406, 0.00194831867702, 0.000689555832651, 0.000182082992978, 0.000626793422271, 0.00194075913168, 0.000841215020046, 0.000363077328075, 0.00026146628079, 4.03227459174e-05, 4.44046818302e-05, 2.1890273274e-05, 3.39640828315e-05, 2.18496188609e-05, 2.06015411095e-05, 6.68684378979e-06, 6.84580300003e-07, 3.08177931174e-07, 2.54713569348e-07, 3.07487511009e-07, 1.77419934744e-07, 4.17215176185e-07, 1.1455550748e-06, 8.77887032402e-07, 5.80075436574e-07, 4.69372054113e-07, 5.09673725446e-08, 1.61054227732e-08, 3.13473869085e-08, 2.32942660716e-08, 2.83511472077e-08, 2.7015643056e-08, 2.74670419742e-08, 5.75480640919e-08, 4.02241624897e-07, 1.7428779131e-07, 3.8737448449e-07],
