{
"lowlevel": {
    "average_loudness": 0.928930103779,
    "barkbands_crest": {
        "dmean": 3.29031944275,
        "dmean2": 5.26162099838,
        "dvar": 8.5066986084,
        "dvar2": 19.8346881866,
        "max": 25.377122879,
        "mean": 11.0285701752,
        "median": 10.0587024689,
        "min": 2.39327144623,
        "stdev": 4.56224822998,
        "var": 20.8141078949
    },
    "barkbands_flatness_db": {
        "dmean": 0.0319240875542,
        "dmean2": 0.0472324490547,
        "dvar": 0.00098070257809,
        "dvar2": 0.00209424388595,
        "max": 0.331978112459,
        "mean": 0.148657172918,
        "median": 0.148992598057,
        "min": 0.0271563436836,
        "stdev": 0.0524804741144,
        "var": 0.00275420024991
    },
    "barkbands_kurtosis": {
        "dmean": 4.28404569626,
        "dmean2": 6.39175796509,
        "dvar": 35.3644447327,
        "dvar2": 71.5599975586,
        "max": 108.506057739,
        "mean": 6.14748764038,
        "median": 3.18649959564,
        "min": -1.78257632256,
        "stdev": 8.54829692841,
        "var": 73.0733795166
    },
    "barkbands_skewness": {
        "dmean": 0.742403268814,
        "dmean2": 1.09411716461,
        "dvar": 0.526085019112,
        "dvar2": 1.17093849182,
        "max": 8.54389762878,
        "mean": 1.79188454151,
        "median": 1.61251831055,
        "min": -2.8349199295,
        "stdev": 1.1760725975,
        "var": 1.38314676285
    },
    "barkbands_spread": {
        "dmean": 7.54102754593,
        "dmean2": 11.4480514526,
        "dvar": 106.92199707,
        "dvar2": 230.55809021,
        "max": 84.2586669922,
        "mean": 18.0189971924,
        "median": 14.311378479,
        "min": 1.03006660938,
        "stdev": 12.9203615189,
        "var": 166.93572998
    },
    "dissonance": {
        "dmean": 0.0273831132799,
        "dmean2": 0.0451005585492,
        "dvar": 0.000662397709675,
        "dvar2": 0.00169084127992,
        "max": 0.49960026145,
        "mean": 0.443066179752,
        "median": 0.447876632214,
        "min": 0.293538361788,
        "stdev": 0.034325491637,
        "var": 0.0011782393558
    },
    "dynamic_complexity": 3.66705560684,
    "erbbands_crest": {
        "dmean": 3.13549923897,
        "dmean2": 4.99236631393,
        "dvar": 6.73721456528,
        "dvar2": 17.2138252258,
        "max": 23.3117675781,
        "mean": 9.88264656067,
        "median": 9.39551925659,
        "min": 2.46529960632,
        "stdev": 3.81702637672,
        "var": 14.5696897507
    },
    "erbbands_flatness_db": {
        "dmean": 0.0228945668787,
        "dmean2": 0.0332441329956,
        "dvar": 0.000461417686893,
        "dvar2": 0.000925515894778,
        "max": 0.268593013287,
        "mean": 0.156704217196,
        "median": 0.157280430198,
        "min": 0.0562297068536,
        "stdev": 0.0372887402773,
        "var": 0.00139045028482
    },
    "erbbands_kurtosis": {
        "dmean": 1.39622867107,
        "dmean2": 2.16749000549,
        "dvar": 3.54214906693,
        "dvar2": 7.89823007584,
        "max": 25.9159317017,
        "mean": 0.984063565731,
        "median": 0.378176689148,
        "min": -1.7483253479,
        "stdev": 2.48030281067,
        "var": 6.15190219879
    },
    "erbbands_skewness": {
        "dmean": 0.483087062836,
        "dmean2": 0.715077221394,
        "dvar": 0.237860262394,
        "dvar2": 0.497240424156,
        "max": 4.44886827469,
        "mean": 0.696909725666,
        "median": 0.642741858959,
        "min": -3.31954050064,
        "stdev": 0.81752204895,
        "var": 0.668342292309
    },
    "erbbands_spread": {
        "dmean": 11.295539856,
        "dmean2": 16.4010467529,
        "dvar": 127.079597473,
        "dvar2": 249.228164673,
        "max": 143.140670776,
        "mean": 38.4512290955,
        "median": 34.4244995117,
        "min": 7.65092945099,
        "stdev": 19.5297985077,
        "var": 381.413024902
    },
    "hfc": {
        "dmean": 10.5783042908,
        "dmean2": 15.8578271866,
        "dvar": 569.924133301,
        "dvar2": 1497.08447266,
        "max": 445.673492432,
        "mean": 18.2062835693,
        "median": 8.50263595581,
        "min": 1.16844754002e-16,
        "stdev": 25.1737766266,
        "var": 633.718994141
    },
    "loudness_ebu128": {
        "integrated": -8.99402427673,
        "loudness_range": 4.80659103394,
        "momentary": {
            "dmean": 0.496750354767,
            "dmean2": 0.576206445694,
            "dvar": 0.323053836823,
            "dvar2": 0.432196885347,
            "max": -5.28129005432,
            "mean": -9.76215076447,
            "median": -9.25704956055,
            "min": -16.7667732239,
            "stdev": 2.80712676048,
            "var": 7.87996101379
        },
        "short_term": {
            "dmean": 0.120090171695,
            "dmean2": 0.138245716691,
            "dvar": 0.0082020079717,
            "dvar2": 0.0119711775333,
            "max": -6.82573366165,
            "mean": -9.26465702057,
            "median": -8.47667121887,
            "min": -12.3961229324,
            "stdev": 1.84388673306,
            "var": 3.39991831779
        }
    },
    "melbands_crest": {
        "dmean": 4.04529237747,
        "dmean2": 6.58515691757,
        "dvar": 12.0557460785,
        "dvar2": 26.6999759674,
        "max": 30.7998142242,
        "mean": 14.3034410477,
        "median": 13.1994047165,
        "min": 1.84564352036,
        "stdev": 5.3371295929,
        "var": 28.4849529266
    },
    "melbands_flatness_db": {
        "dmean": 0.038737334311,
        "dmean2": 0.0557722561061,
        "dvar": 0.00153770146426,
        "dvar2": 0.00325274234638,
        "max": 0.434843987226,
        "mean": 0.213265806437,
        "median": 0.208481654525,
        "min": 0.00676323426887,
        "stdev": 0.0655143260956,
        "var": 0.00429212721065
    },
    "melbands_kurtosis": {
        "dmean": 8.94825839996,
        "dmean2": 13.4462203979,
        "dvar": 147.317443848,
        "dvar2": 302.800720215,
        "max": 188.807342529,
        "mean": 15.0943088531,
        "median": 8.54446411133,
        "min": -1.86211955547,
        "stdev": 18.0386581421,
        "var": 325.393188477
    },
    "melbands_skewness": {
        "dmean": 0.923163175583,
        "dmean2": 1.39202451706,
        "dvar": 0.77915173769,
        "dvar2": 1.70777690411,
        "max": 9.73733329773,
        "mean": 2.65255355835,
        "median": 2.37431550026,
        "min": -0.759859204292,
        "stdev": 1.50874102116,
        "var": 2.27629947662
    },
    "melbands_spread": {
        "dmean": 9.66202831268,
        "dmean2": 14.9623031616,
        "dvar": 347.59677124,
        "dvar2": 764.538024902,
        "max": 236.413803101,
        "mean": 19.4892749786,
        "median": 15.1255617142,
        "min": 1.1309902668,
        "stdev": 20.7991485596,
        "var": 432.604614258
    },
    "pitch_salience": {
        "dmean": 0.0866269469261,
        "dmean2": 0.137124314904,
        "dvar": 0.00487226527184,
        "dvar2": 0.012489112094,
        "max": 0.831237494946,
        "mean": 0.558118283749,
        "median": 0.562010288239,
        "min": 0.184732422233,
        "stdev": 0.0986408144236,
        "var": 0.00973001029342
    },
    "silence_rate_20dB": {
        "dmean": 0,
        "dmean2": 0,
        "dvar": 0,
        "dvar2": 0,
        "max": 1,
        "mean": 1,
        "median": 1,
        "min": 1,
        "stdev": 0,
        "var": 0
    },
    "silence_rate_30dB": {
        "dmean": 0,
        "dmean2": 0,
        "dvar": 0,
        "dvar2": 0,
        "max": 1,
        "mean": 1,
        "median": 1,
        "min": 1,
        "stdev": 0,
        "var": 0
    },
    "silence_rate_60dB": {
        "dmean": 0.0719814226031,
        "dmean2": 0.143299773335,
        "dvar": 0.0668000206351,
        "dvar2": 0.15220105648,
        "max": 1,
        "mean": 0.11059551686,
        "median": 0,
        "min": 0,
        "stdev": 0.313628733158,
        "var": 0.0983629897237
    },
    "spectral_centroid": {
        "dmean": 350.491729736,
        "dmean2": 523.196899414,
        "dvar": 255417.46875,
        "dvar2": 483428.625,
        "max": 10752.8427734,
        "mean": 1004.14257812,
        "median": 880.101501465,
        "min": 228.066619873,
        "stdev": 649.123596191,
        "var": 421361.4375
    },
    "spectral_complexity": {
        "dmean": 4.25464391708,
        "dmean2": 6.19287395477,
        "dvar": 22.9156551361,
        "dvar2": 46.1171073914,
        "max": 47,
        "mean": 13.598608017,
        "median": 12,
        "min": 0,
        "stdev": 8.67604160309,
        "var": 75.2736968994
    },
    "spectral_decrease": {
        "dmean": 2.28544672076e-09,
        "dmean2": 3.17389692306e-09,
        "dvar": 6.5877631785e-18,
        "dvar2": 1.22426990638e-17,
        "max": -1.75158287922e-29,
        "mean": -5.3866777705e-09,
        "median": -3.61951713046e-09,
        "min": -2.53158614072e-08,
        "stdev": 4.74485073454e-09,
        "var": 2.25136096511e-17
    },
    "spectral_energy": {
        "dmean": 0.00930082052946,
        "dmean2": 0.0129746794701,
        "dvar": 0.000109688626253,
        "dvar2": 0.000206364667974,
        "max": 0.0993742793798,
        "mean": 0.0219819340855,
        "median": 0.0146801639348,
        "min": 1.06642790289e-20,
        "stdev": 0.0193264819682,
        "var": 0.000373512884835
    },
    "spectral_energyband_high": {
        "dmean": 0.000733610417228,
        "dmean2": 0.00118232239038,
        "dvar": 9.03504587768e-06,
        "dvar2": 2.4582428523e-05,
        "max": 0.0570002421737,
        "mean": 0.000742498203181,
        "median": 0.00017887406284,
        "min": 7.94268517696e-21,
        "stdev": 0.00253660767339,
        "var": 6.43437851977e-06
    },
    "spectral_energyband_low": {
        "dmean": 0.00300816842355,
        "dmean2": 0.00514191668481,
        "dvar": 2.69728170679e-05,
        "dvar2": 7.11383036105e-05,
        "max": 0.0469079911709,
        "mean": 0.0044281356968,
        "median": 0.00178220414091,
        "min": 4.74698185676e-23,
        "stdev": 0.00672619091347,
        "var": 4.52416425105e-05
    },
    "spectral_energyband_middle_high": {
        "dmean": 0.00266190757975,
        "dmean2": 0.00372442370281,
        "dvar": 1.49504639921e-05,
        "dvar2": 2.96329508274e-05,
        "max": 0.0375144071877,
        "mean": 0.0046131699346,
        "median": 0.00170978181995,
        "min": 1.59341754237e-21,
        "stdev": 0.00609525851905,
        "var": 3.71521746274e-05
    },
    "spectral_energyband_middle_low": {
        "dmean": 0.00601215241477,
        "dmean2": 0.00841066986322,
        "dvar": 5.57325183763e-05,
        "dvar2": 0.000106429310108,
        "max": 0.0630110055208,
        "mean": 0.0126133542508,
        "median": 0.00851794052869,
        "min": 1.95668793874e-22,
        "stdev": 0.0120475841686,
        "var": 0.000145144280395
    },
    "spectral_entropy": {
        "dmean": 0.286223173141,
        "dmean2": 0.39381146431,
        "dvar": 0.0805479288101,
        "dvar2": 0.162183985114,
        "max": 9.81392002106,
        "mean": 7.39370203018,
        "median": 7.3683886528,
        "min": 5.56815958023,
        "stdev": 0.461548656225,
        "var": 0.21302716434
    },
    "spectral_flux": {
        "dmean": 0.0291955526918,
        "dmean2": 0.0459354370832,
        "dvar": 0.000835130282212,
        "dvar2": 0.00182957248762,
        "max": 0.286524415016,
        "mean": 0.083838455379,
        "median": 0.0753735303879,
        "min": 1.03267998319e-10,
        "stdev": 0.0497815608978,
        "var": 0.00247820373625
    },
    "spectral_kurtosis": {
        "dmean": 2.01216435432,
        "dmean2": 3.21176767349,
        "dvar": 5.12245225906,
        "dvar2": 12.0678958893,
        "max": 31.2299041748,
        "mean": 4.76348161697,
        "median": 4.07295894623,
        "min": -1.2186563015,
        "stdev": 3.26164364815,
        "var": 10.6383190155
    },
    "spectral_rms": {
        "dmean": 0.00100245978683,
        "dmean2": 0.00136258942075,
        "dvar": 9.58873215495e-07,
        "dvar2": 1.65280016517e-06,
        "max": 0.00984634552151,
        "mean": 0.00414582295343,
        "median": 0.00378445652314,
        "min": 3.22555025224e-12,
        "stdev": 0.00206348858774,
        "var": 4.25798498327e-06
    },
    "spectral_rolloff": {
        "dmean": 701.930603027,
        "dmean2": 1186.94482422,
        "dvar": 1911815.5,
        "dvar2": 4017330.5,
        "max": 18647.7539062,
        "mean": 1249.35888672,
        "median": 796.728515625,
        "min": 107.666015625,
        "stdev": 1470.1348877,
        "var": 2161296.5
    },
    "spectral_skewness": {
        "dmean": 0.32010602951,
        "dmean2": 0.477854341269,
        "dvar": 0.108173489571,
        "dvar2": 0.225379496813,
        "max": 4.2618970871,
        "mean": 1.68717169762,
        "median": 1.64454960823,
        "min": 0.0331117324531,
        "stdev": 0.518639445305,
        "var": 0.268986880779
    },
    "spectral_spread": {
        "dmean": 767338.8125,
        "dmean2": 1069852.25,
        "dvar": 1.68943078605e+12,
        "dvar2": 2.36979198362e+12,
        "max": 40148704,
        "mean": 4817017.5,
        "median": 4434267.5,
        "min": 1974423.875,
        "stdev": 1782008.25,
        "var": 3.1755534336e+12
    },
    "spectral_strongpeak": {
        "dmean": 0.596465110779,
        "dmean2": 0.946962833405,
        "dvar": 0.86817920208,
        "dvar2": 2.25564074516,
        "max": 10.6883802414,
        "mean": 0.902156829834,
        "median": 0.529348492622,
        "min": 0,
        "stdev": 1.10516929626,
        "var": 1.22139906883
    },
    "zerocrossingrate": {
        "dmean": 0.0154874343425,
        "dmean2": 0.0188795775175,
        "dvar": 0.000541518616956,
        "dvar2": 0.000693419773597,
        "max": 0.49755859375,
        "mean": 0.0525032617152,
        "median": 0.04541015625,
        "min": 0.00830078125,
        "stdev": 0.0350237749517,
        "var": 0.00122666475363
    },
    "barkbands": {
        "dmean": [7.83689465607e-05, 0.00154775171541, 0.00183337985072, 0.000618399237283, 0.00327659840696, 0.000735401408747, 0.00192459358368, 0.000691102002747, 0.00154775835108, 0.000534189282916, 0.000457993737655, 0.000377603195375, 0.000664065708406, 0.00048858585069, 0.000335659860866, 0.000270688091405, 0.000226195406867, 0.00013200948888, 0.000180978226126, 9.41829930525e-05, 8.41758301249e-05, 0.000161252275575, 0.000191528262803, 0.000138541639899, 0.000104499493318, 4.79764858028e-05, 3.66960989595e-06],
        "dmean2": [0.000130332977278, 0.00262516667135, 0.00321743451059, 0.00106489832979, 0.00482972897589, 0.00117140996736, 0.00305262790062, 0.00109838787466, 0.00228049629368, 0.000813770806417, 0.000674080161843, 0.000612746400293, 0.000978633761406, 0.000771191786043, 0.000542945461348, 0.00041899268399, 0.000343471416272, 0.000206170065212, 0.000274851568975, 0.000147517712321, 0.000131406108267, 0.000259315565927, 0.000320553488564, 0.000221021924517, 0.000171643390786, 7.84447911428e-05, 6.29329633739e-06],
        "dvar": [1.45327021528e-08, 6.03299895374e-06, 1.6501524442e-05, 1.62402000115e-06, 1.80038205144e-05, 1.60084834988e-06, 1.7896771169e-05, 9.27539531403e-06, 1.48886774696e-05, 1.3812908719e-06, 1.18451271192e-06, 1.65707911037e-06, 2.55808413385e-06, 2.03202989724e-06, 6.17244779733e-07, 3.71033848978e-07, 1.61808884513e-07, 3.65221879406e-08, 1.50648091335e-07, 6.79147262872e-08, 3.47131532408e-08, 5.84530994274e-07, 1.66270365298e-06, 2.52945199009e-07, 1.17749380024e-07, 2.26866969655e-08, 1.38629885349e-10],
        "dvar2": [3.83897997835e-08, 1.5924577383e-05, 4.72672581964e-05, 4.21181539423e-06, 4.14739988628e-05, 4.14827127315e-06, 4.26565711678e-05, 1.79397957254e-05, 2.7861815397e-05, 2.96807570521e-06, 2.69845850198e-06, 4.38912547907e-06, 5.3949456742e-06, 4.47994716524e-06, 1.46390277678e-06, 8.02233842023e-07, 3.48772488223e-07, 8.3160436759e-08, 3.32814920512e-07, 1.66585721217e-07, 8.58123740954e-08, 1.56173359755e-06, 4.7460866881e-06, 6.68384700475e-07, 3.18767831686e-07, 5.80212926593e-08, 3.60748125816e-10],
        "max": [0.00183415587526, 0.0315309017897, 0.0398323275149, 0.0125687271357, 0.0384344384074, 0.021478401497, 0.0458084270358, 0.0450474470854, 0.0474689379334, 0.0205447599292, 0.0116150826216, 0.0193756241351, 0.0200874954462, 0.0171751193702, 0.00987792667001, 0.00852234382182, 0.00712592620403, 0.00198257830925, 0.00707243895158, 0.00513922423124, 0.00264022662304, 0.0164602436125, 0.025375822559, 0.0098483255133, 0.00544745940715, 0.00221494142897, 0.000143857905641],
        "mean": [0.000100690347608, 0.00209633773193, 0.00193354440853, 0.000672463909723, 0.00475520594046, 0.00124954455532, 0.00266584614292, 0.000865930109285, 0.0021893272642, 0.000726658036001, 0.00056087912526, 0.000442847755039, 0.000908486777917, 0.000559192732908, 0.000407156418078, 0.000329934322508, 0.000306452013319, 0.000173783351784, 0.000231354846619, 0.000114734262752, 9.74833383225e-05, 0.000159051924129, 0.000169055856531, 0.000130755885039, 8.9034831035e-05, 4.31839725934e-05, 3.0211806461e-06],
        "median": [3.62451246474e-05, 0.000903972773813, 0.000387708947528, 0.000218252636841, 0.00305094802752, 0.000583597633522, 0.000695561408065, 6.63138271193e-05, 0.000331027375069, 0.000136021233629, 9.41563193919e-05, 4.82103532704e-05, 0.000100775600004, 6.76711570122e-05, 6.47865599603e-05, 8.87336718733e-05, 7.26192592992e-05, 5.76914681005e-05, 5.84667322983e-05, 2.82002529275e-05, 2.60317719949e-05, 3.33498173859e-05, 2.54135411524e-05, 2.00734757527e-05, 9.5344885267e-06, 5.04209856445e-06, 8.78746959643e-08],
        "min": [2.30322831029e-24, 1.5430630488e-23, 2.83325452562e-23, 3.43303904027e-24, 9.80281001544e-24, 2.46033725653e-23, 5.77803694384e-23, 4.06406654884e-23, 5.39619292474e-23, 5.41942456286e-23, 1.15457101487e-22, 7.56173096772e-23, 1.5339222335e-22, 1.16557013402e-22, 1.18900006021e-22, 2.39382504884e-22, 1.53219443879e-22, 1.8551108007e-22, 2.16572131114e-22, 2.91367984154e-22, 5.25812623668e-22, 3.70700708788e-22, 7.85774679411e-22, 8.76567899546e-22, 1.3826863141e-21, 1.97603512478e-21, 2.12487290703e-21],
        "stdev": [0.000169609076693, 0.00312374136411, 0.00419788341969, 0.00131222594064, 0.00539497565478, 0.0017970163608, 0.00534522626549, 0.00395785178989, 0.00521931052208, 0.00161118502729, 0.00127723324113, 0.00134444178548, 0.00214819051325, 0.00163704785518, 0.000966055667959, 0.000755282118917, 0.00055750523461, 0.000265651848167, 0.000473178748507, 0.000279170402791, 0.000197421890334, 0.000649870373309, 0.000998087693006, 0.000442556862254, 0.000300037092529, 0.000139646028401, 1.05701183202e-05],
        "var": [2.87672392574e-08, 9.75775947154e-06, 1.76222256414e-05, 1.72193688286e-06, 2.91057622235e-05, 3.22926780427e-06, 2.85714413621e-05, 1.56645892275e-05, 2.72412034974e-05, 2.59591706708e-06, 1.63132472153e-06, 1.80752385859e-06, 4.61472245661e-06, 2.67992572844e-06, 9.33263549996e-07, 5.70451049953e-07, 3.10812112048e-07, 7.05709055637e-08, 2.23898126706e-07, 7.79361144509e-08, 3.89754042374e-08, 4.22331481786e-07, 9.96179096546e-07, 1.9585658606e-07, 9.00222616451e-08, 1.95010123605e-08, 1.11727398167e-10]
    },
    "erbbands": {
        "dmean": [0.0473053716123, 0.371332108974, 1.83872282505, 2.0118663311, 6.81463813782, 13.0815248489, 4.42617034912, 7.38200902939, 22.8429450989, 21.8932552338, 18.636598587, 44.4298324585, 14.31042099, 23.3992214203, 13.1898298264, 14.1536827087, 30.4128112793, 25.9394435883, 16.9759044647, 18.1210784912, 14.6319990158, 11.7906742096, 7.26240491867, 7.4388422966, 8.83449649811, 4.50663232803, 3.34525561333, 3.82969689369, 5.02536487579, 6.60276603699, 5.24849891663, 2.58923077583, 2.54185009003, 1.14695990086, 0.823992550373, 0.260667383671, 0.0888239145279, 0.0139798214659, 0.000438320101239, 2.09063819057e-05],
        "dmean2": [0.080914542079, 0.634493350983, 3.18042778969, 3.48710036278, 10.4902219772, 19.4859161377, 7.04793119431, 11.876783371, 35.8303718567, 34.0348396301, 27.9481391907, 65.6903915405, 21.6053752899, 34.9710235596, 19.8068656921, 22.543718338, 44.4411430359, 40.3879585266, 26.5568904877, 28.1616821289, 22.1682167053, 17.8136920929, 11.0182266235, 11.5911569595, 13.3326148987, 7.07896900177, 5.16546869278, 6.1008939743, 7.98750734329, 10.9570102692, 8.90810108185, 4.20117998123, 4.09117841721, 1.86587190628, 1.36063039303, 0.433417111635, 0.143672078848, 0.0219717863947, 0.00072354596341, 3.1809144275e-05],
        "dvar": [0.00676185404882, 0.327857762575, 15.5942401886, 18.5799407959, 80.4063262939, 316.090454102, 134.061248779, 188.463394165, 1989.56848145, 3527.38232422, 4011.98144531, 12706.7285156, 1165.88378906, 2152.61157227, 936.247497559, 2285.09594727, 5080.96826172, 5193.6875, 2229.03540039, 1775.36206055, 1045.67321777, 359.848144531, 108.829216003, 150.791687012, 482.167480469, 138.714309692, 57.9324989319, 84.520072937, 459.391937256, 1779.05395508, 1525.97558594, 195.071487427, 49.1849937439, 14.9280395508, 8.47837162018, 0.718934834003, 0.0687287077308, 0.00176088802982, 1.91654089576e-06, 1.7192947066e-09],
        "dvar2": [0.0181309189647, 0.868992567062, 45.1354293823, 51.3879127502, 197.207138062, 713.402709961, 302.014587402, 527.089294434, 4796.40185547, 7899.33007812, 7817.84521484, 24261.2910156, 2661.32641602, 4935.27832031, 2238.20825195, 6172.33007812, 10528.5488281, 11735.6210938, 5170.62011719, 4065.04150391, 2193.12182617, 757.511169434, 236.173309326, 344.003814697, 1110.0045166, 347.098358154, 144.788131714, 210.498748779, 1217.69824219, 4972.59863281, 4373.76611328, 525.908447266, 127.876449585, 40.5922546387, 22.5201206207, 1.91227293015, 0.171257838607, 0.00398012204096, 4.67827658213e-06, 4.17512779904e-09],
        "max": [1.20879495144, 6.43019628525, 38.9103622437, 37.4704475403, 85.1279754639, 162.501205444, 211.902557373, 254.966659546, 520.214660645, 781.950500488, 934.206542969, 1261.62097168, 590.122070312, 434.65322876, 500.752838135, 835.980407715, 851.462463379, 984.664245605, 1170.09484863, 613.402832031, 539.99395752, 228.512741089, 106.201477051, 188.689361572, 430.251098633, 229.934906006, 137.160110474, 114.863471985, 438.021911621, 959.595031738, 760.93762207, 303.047515869, 98.1620559692, 58.5393333435, 42.664981842, 14.8510227203, 3.43049454689, 0.548341453075, 0.0152571788058, 0.000555010337848],
        "mean": [0.0623455047607, 0.476752579212, 2.00145483017, 2.40173006058, 9.67704677582, 17.8738918304, 8.04193592072, 12.1829051971, 32.1638336182, 29.9733810425, 25.3102931976, 61.4142913818, 20.9393558502, 30.8118572235, 17.408372879, 18.8856182098, 42.3956565857, 31.1319599152, 21.4525547028, 22.6300582886, 19.1636562347, 16.382314682, 10.3328065872, 9.70514583588, 11.178519249, 5.64675569534, 4.07411766052, 4.09896039963, 5.13690757751, 6.28913593292, 4.40287923813, 2.50670742989, 2.29578638077, 1.0042347908, 0.678547620773, 0.227083191276, 0.0795766115189, 0.0129968561232, 0.000397062394768, 3.749917596e-05],
        "median": [0.0247819367796, 0.208639547229, 0.484656870365, 0.797387778759, 6.12006616592, 10.1471414566, 4.20559167862, 5.7993388176, 9.72421169281, 6.58653402328, 3.82791352272, 9.69419288635, 4.62259960175, 7.13701915741, 4.06069421768, 2.389118433, 4.88532686234, 4.68408823013, 3.35727882385, 4.54348039627, 5.60033798218, 4.40674638748, 3.36634588242, 2.79923081398, 2.79363059998, 1.3943823576, 1.05741870403, 1.11425960064, 1.23287272453, 1.10897469521, 0.597203791142, 0.380971670151, 0.308449774981, 0.10593419522, 0.0659533664584, 0.0268584694713, 0.00902786850929, 0.00125221384224, 4.07050865761e-05, 2.11279475479e-05],
        "min": [6.60247951485e-22, 3.0917214312e-21, 2.93643462901e-20, 1.84436412713e-20, 1.49599733527e-20, 3.18089493436e-20, 1.07113123247e-19, 2.45752490707e-19, 2.68630833035e-19, 1.46864284077e-18, 1.1168835615e-18, 1.31114858272e-18, 8.43709955939e-19, 3.49669055902e-18, 4.41316490511e-18, 4.32795165353e-18, 6.43636431099e-18, 6.21154323794e-18, 5.79106789384e-18, 1.05762825084e-17, 9.80919904894e-18, 9.1273929475e-18, 1.01636269163e-17, 1.02780268222e-17, 1.17521933683e-17, 1.5130225282e-17, 1.52430725699e-17, 2.22969412702e-17, 1.41662157612e-17, 2.20950198653e-17, 2.07393552137e-17, 2.06818512719e-17, 1.30032544139e-17, 1.28194912778e-17, 1.161023015e-17, 7.07036268174e-18, 3.98332835801e-18, 1.04723423014e-18, 2.80938324122e-19, 3.61123790986e-20],
        "stdev": [0.106654860079, 0.71073538065, 4.09829044342, 4.46273183823, 11.1613149643, 21.9269618988, 14.9558954239, 17.2128372192, 57.5962982178, 73.5922546387, 79.3466567993, 149.067504883, 46.1836776733, 57.1515464783, 35.0802841187, 53.0835494995, 98.0236587524, 79.8943939209, 52.9543228149, 53.1162757874, 41.8908729553, 27.8821296692, 15.5864229202, 16.1298389435, 25.6846733093, 12.7420721054, 8.3924665451, 9.13623714447, 18.6523361206, 33.5512657166, 29.9452667236, 11.7942848206, 6.38712024689, 3.37575745583, 2.54885721207, 0.75517898798, 0.248064413667, 0.0423197634518, 0.00130615045782, 4.72077081213e-05],
        "var": [0.0113752586767, 0.505144774914, 16.7959861755, 19.9159736633, 124.574943542, 480.791656494, 223.67880249, 296.281768799, 3317.33374023, 5415.8203125, 6295.89208984, 22221.1191406, 2132.93212891, 3266.29931641, 1230.6262207, 2817.86303711, 9608.63769531, 6383.11425781, 2804.16040039, 2821.33886719, 1754.84509277, 777.413208008, 242.936584473, 260.171691895, 659.702453613, 162.360397339, 70.4335021973, 83.4708251953, 347.909637451, 1125.68737793, 896.718994141, 139.105148315, 40.7953033447, 11.3957386017, 6.49667310715, 0.570295333862, 0.0615359507501, 0.00179096241482, 1.70602902472e-06, 2.22856777476e-09]
    },
    "gfcc": {
        "mean": [-26.670999527, 97.3050537109, -104.01184082, 29.5998249054, -64.9882507324, 11.9245176315, -41.8960266113, 5.78248500824, -23.2915706635, 1.11522996426, -17.8608055115, 2.61180782318, -11.8287639618],
        "cov": [[8104.89257812, -1631.3737793, -859.933349609, -552.002624512, 98.6982116699, 117.038963318, -327.722839355, 392.440124512, -95.6340637207, 172.046340942, -267.548583984, 56.8532066345, -379.611328125], [-1631.3737793, 1361.36157227, 16.6386699677, -12.4061384201, 112.967964172, -64.9325790405, 225.122177124, -129.997879028, 109.725944519, -66.72605896, 152.381515503, -94.4413452148, 89.1185455322], [-859.933349609, 16.6386699677, 715.696472168, 239.137405396, -122.422828674, 90.1368331909, 39.3874702454, -38.2438964844, -27.7686595917, 3.29140496254, 21.7154903412, 75.6850891113, 73.4599838257], [-552.002624512, -12.4061384201, 239.137405396, 480.44418335, -46.6552848816, -52.327205658, 10.4420471191, -13.8602581024, 8.01743221283, -39.1935119629, 29.0617656708, 62.7915611267, 117.869789124], [98.6982116699, 112.967964172, -122.422828674, -46.6552848816, 213.546417236, -11.9762439728, 8.49728965759, 10.0893220901, 37.2361297607, -4.64745283127, -21.9960651398, -19.5935268402, -13.9095458984], [117.038963318, -64.9325790405, 90.1368331909, -52.327205658, -11.9762439728, 211.462799072, 64.5417327881, 5.28515338898, -23.7685031891, 28.7783107758, -2.57742333412, 3.27267193794, -11.2420129776], [-327.722839355, 225.122177124, 39.3874702454, 10.4420471191, 8.49728965759, 64.5417327881, 169.760238647, 4.61680936813, 3.4552564621, -6.82894897461, 43.5934066772, 2.65417075157, 10.4584922791], [392.440124512, -129.997879028, -38.2438964844, -13.8602581024, 10.0893220901, 5.28515338898, 4.61680936813, 107.858695984, 16.2910346985, 5.29990959167, -4.28318929672, 12.0192184448, -13.7574090958], [-95.6340637207, 109.725944519, -27.7686595917, 8.01743221283, 37.2361297607, -23.7685031891, 3.4552564621, 16.2910346985, 125.384490967, 44.0669670105, 22.1272621155, -14.7520074844, 2.98067355156], [172.046340942, -66.72605896, 3.29140496254, -39.1935119629, -4.64745283127, 28.7783107758, -6.82894897461, 5.29990959167, 44.0669670105, 118.983261108, 24.972038269, -3.78622126579, -30.2748622894], [-267.548583984, 152.381515503, 21.7154903412, 29.0617656708, -21.9960651398, -2.57742333412, 43.5934066772, -4.28318929672, 22.1272621155, 24.972038269, 104.333869934, 7.25652837753, 7.14688253403], [56.8532066345, -94.4413452148, 75.6850891113, 62.7915611267, -19.5935268402, 3.27267193794, 2.65417075157, 12.0192184448, -14.7520074844, -3.78622126579, 7.25652837753, 81.1471405029, 30.1816310883], [-379.611328125, 89.1185455322, 73.4599838257, 117.869789124, -13.9095458984, -11.2420129776, 10.4584922791, -13.7574090958, 2.98067355156, -30.2748622894, 7.14688253403, 30.1816310883, 113.646064758]],
        "icov": [[0.000266086310148, -1.33919120344e-05, 0.000307175941998, -4.14097266912e-05, 3.64095103578e-05, -0.000274271005765, 0.000416356284404, -0.000749597034883, 0.000264899717877, -0.00034783067531, 0.0004707534099, -0.000578648061492, 0.000616429548245], [-1.33919120344e-05, 0.00257777352817, -0.000572206219658, 0.00104547152296, -0.00119808665477, 0.00137439498212, -0.00293675321154, 0.00272431247868, -0.00190698402002, 0.00202470738441, -0.00298384041525, 0.00291006849147, -0.0021870569326], [0.000307175941998, -0.000572206219658, 0.00263684964739, -0.00120990187861, 0.00117525516544, -0.00166285061277, 0.000963226193562, -0.000661926402245, 0.000580708961934, -0.00100643595215, 0.00140147691127, -0.00247035361826, 0.00112036685459], [-4.14097266912e-05, 0.00104547152296, -0.00120990187861, 0.0038974750787, -0.000423668185249, 0.00164613407105, -0.00131251022685, 0.00105370266829, -0.00116513564717, 0.00136857281905, -0.00179394031875, 0.00037217035424, -0.00344996689819], [3.64095103578e-05, -0.00119808665477, 0.00117525516544, -0.000423668185249, 0.00634198309854, -0.000736610032618, 0.000563850160688, -0.00113151187543, -0.00118317024317, -0.000283404806396, 0.0030799866654, -0.00150916120037, 0.00141799310222], [-0.000274271005765, 0.00137439498212, -0.00166285061277, 0.00164613407105, -0.000736610032618, 0.00788700953126, -0.00488838227466, 0.00155698333401, 0.000591887161136, -0.00112286652438, -0.000550816184841, 0.00243400759064, -0.00222441833466], [0.000416356284404, -0.00293675321154, 0.000963226193562, -0.00131251022685, 0.000563850160688, -0.00488838227466, 0.0122002689168, -0.00468566082418, 0.00209452980198, -0.000706662074663, 5.59970931135e-06, -0.0037637881469, 0.00308385654353], [-0.000749597034883, 0.00272431247868, -0.000661926402245, 0.00105370266829, -0.00113151187543, 0.00155698333401, -0.00468566082418, 0.0154178738594, -0.0048759104684, 0.0036587624345, -0.00346442149021, 0.0013840100728, -0.00203919922933], [0.000264899717877, -0.00190698402002, 0.000580708961934, -0.00116513564717, -0.00118317024317, 0.000591887161136, 0.00209452980198, -0.0048759104684, 0.0133350696415, -0.00687261717394, 0.00115347513929, 0.000294811237836, 1.26398072098e-05], [-0.00034783067531, 0.00202470738441, -0.00100643595215, 0.00136857281905, -0.000283404806396, -0.00112286652438, -0.000706662074663, 0.0036587624345, -0.00687261717394, 0.0146294105798, -0.00587593205273, 0.00157167809084, 0.000873303739354], [0.0004707534099, -0.00298384041525, 0.00140147691127, -0.00179394031875, 0.0030799866654, -0.000550816184841, 5.59970931135e-06, -0.00346442149021, 0.00115347513929, -0.00587593205273, 0.0171417482197, -0.00534783303738, 0.0035162831191], [-0.000578648061492, 0.00291006849147, -0.00247035361826, 0.00037217035424, -0.00150916120037, 0.00243400759064, -0.0037637881469, 0.0013840100728, 0.000294811237836, 0.00157167809084, -0.00534783303738, 0.0208824146539, -0.00723266554996], [0.000616429548245, -0.0021870569326, 0.00112036685459, -0.00344996689819, 0.00141799310222, -0.00222441833466, 0.00308385654353, -0.00203919922933, 1.26398072098e-05, 0.000873303739354, 0.0035162831191, -0.00723266554996, 0.0167821962386]]
    },
    "melbands": {
        "dmean": [0.000407706742408, 0.000715170812327, 0.000391300884075, 0.000845384318382, 0.000193716987269, 0.000160371899256, 0.00037644567783, 0.000223441384151, 0.000175137494807, 0.000261680659605, 6.49486100883e-05, 9.52343616518e-05, 5.0489550631e-05, 4.46542399004e-05, 4.39737559645e-05, 7.04432968632e-05, 4.97438231832e-05, 2.99211715173e-05, 2.63814999926e-05, 2.08088986255e-05, 1.74262022483e-05, 1.36528542498e-05, 9.29416637518e-06, 5.78970548304e-06, 6.09472044744e-06, 7.97275606601e-06, 4.39938821728e-06, 2.86929684989e-06, 2.21389154831e-06, 1.82065127774e-06, 2.51928099715e-06, 2.60504589278e-06, 3.71187434212e-06, 3.74969977202e-06, 3.52636993739e-06, 1.90335424577e-06, 1.42231397149e-06, 1.7373429273e-06, 1.59995215654e-06, 7.93672199961e-07],
        "dmean2": [0.000698693213053, 0.00122215272859, 0.000655893178191, 0.00123889546376, 0.000299691047985, 0.00025590477162, 0.000587401969824, 0.000341194943758, 0.00026030416484, 0.000388976448448, 9.97710303636e-05, 0.000142837627209, 7.55213477532e-05, 7.21973410691e-05, 6.73189133522e-05, 0.000104524682683, 7.92041755631e-05, 4.7629015171e-05, 4.23989586125e-05, 3.1776704418e-05, 2.70823929895e-05, 2.12180329981e-05, 1.41888731378e-05, 9.26783377508e-06, 9.64248192759e-06, 1.21328475871e-05, 6.64066237732e-06, 4.64498270958e-06, 3.51945141119e-06, 2.86874524136e-06, 4.06751723858e-06, 4.14311443819e-06, 6.0259417296e-06, 6.23764708507e-06, 6.11768200542e-06, 3.12017232318e-06, 2.31329477174e-06, 2.81710504169e-06, 2.57781789514e-06, 1.31265858272e-06],
        "dvar": [4.74369869607e-07, 1.94773178919e-06, 4.42743782969e-07, 1.20722449992e-06, 1.61757839123e-07, 8.33190938465e-08, 5.76705758704e-07, 3.71293822354e-07, 2.34594892845e-07, 4.64705237846e-07, 2.90576966933e-08, 3.50043265485e-08, 1.16265264083e-08, 2.0903634379e-08, 1.67799374395e-08, 3.53212250559e-08, 2.27386873775e-08, 9.49654221927e-09, 4.66496175022e-09, 2.1918544757e-09, 1.58952639939e-09, 5.3534016109e-10, 2.38394110008e-10, 9.0073559722e-11, 1.09834946693e-10, 3.2716934717e-10, 2.10747738705e-10, 4.89396925762e-11, 2.87988383141e-11, 1.48887274037e-11, 3.86763364391e-11, 8.50142525821e-11, 4.5744705246e-10, 5.73077363342e-10, 8.62841909033e-10, 8.88866619198e-11, 5.94838761581e-11, 2.2897997734e-11, 2.06474802533e-11, 8.87219117618e-12],
        "dvar2": [1.26590725813e-06, 5.50020513401e-06, 1.12191048629e-06, 2.76102173302e-06, 3.53416339749e-07, 2.22398853111e-07, 1.38109885484e-06, 8.02417162049e-07, 4.60238766209e-07, 8.94066488399e-07, 6.73927686989e-08, 7.96238524003e-08, 2.67412119115e-08, 5.44757874366e-08, 3.97602271107e-08, 7.60498579666e-08, 5.08897493035e-08, 2.21692513236e-08, 1.11959259641e-08, 4.61360993853e-09, 3.47598727579e-09, 1.15426579406e-09, 4.97730023863e-10, 2.21398885336e-10, 2.55754778467e-10, 7.29677152034e-10, 5.30109567354e-10, 1.22453325258e-10, 7.34991095763e-11, 3.47434372938e-11, 9.73192429421e-11, 2.18966039744e-10, 1.2546106376e-09, 1.61963398249e-09, 2.49460363477e-09, 2.40230918491e-10, 1.58465032762e-10, 5.95623828037e-11, 5.45258942164e-11, 2.443100236e-11],
        "max": [0.0094358175993, 0.0134599842131, 0.00564163830131, 0.00919328723103, 0.008275821805, 0.00502017140388, 0.00813926756382, 0.00944354664534, 0.00747202569619, 0.00888941902667, 0.00297491555102, 0.00190816493705, 0.00130003225058, 0.00185868225526, 0.0024843737483, 0.00278116040863, 0.00167395698372, 0.00244042882696, 0.0010419174796, 0.000702838471625, 0.000760230352171, 0.000320911087329, 0.000264220463578, 0.000118874428154, 0.000160073424922, 0.000360654579708, 0.000319546059472, 0.000108488689875, 0.000101509831438, 6.64712715661e-05, 9.03688705876e-05, 0.000164449011208, 0.000487629295094, 0.00055214605527, 0.000569945841562, 0.000196663240786, 0.000165101169841, 6.5297819674e-05, 6.34299212834e-05, 4.96240572829e-05],
        "mean": [0.000558125786483, 0.000878834922332, 0.000580536085181, 0.00118303857744, 0.000341025384841, 0.000266466726316, 0.000534497317858, 0.0003009904176, 0.00023455072369, 0.000361325772246, 8.99865190149e-05, 0.000123552570585, 6.4868501795e-05, 5.39531247341e-05, 5.85064663028e-05, 9.39555102377e-05, 5.49732576474e-05, 3.50228328898e-05, 3.15376128128e-05, 2.58699401456e-05, 2.17875567614e-05, 1.78566351678e-05, 1.23816707855e-05, 7.3986921052e-06, 7.60276452638e-06, 9.85851966107e-06, 5.3895983001e-06, 3.33455363943e-06, 2.61102150034e-06, 2.13703651752e-06, 2.52791051025e-06, 2.68317307928e-06, 3.49381593878e-06, 3.5290379401e-06, 2.76923810816e-06, 1.76830826604e-06, 1.39186511205e-06, 1.57371528076e-06, 1.40635711432e-06, 6.79341496834e-07],
        "median": [0.000235147163039, 0.000277701154118, 0.000286508264253, 0.000685704580974, 0.000202310897294, 0.000121051787573, 0.000157178685185, 6.03633088758e-05, 3.04876539303e-05, 5.45634320588e-05, 1.5525121853e-05, 2.7309586585e-05, 1.41558111864e-05, 6.44536794425e-06, 6.68580651109e-06, 1.02853427961e-05, 6.6408715611e-06, 4.72456395073e-06, 5.12635324412e-06, 5.65394657315e-06, 6.28103589406e-06, 4.29944748248e-06, 3.33978096023e-06, 2.45907790486e-06, 2.04091907108e-06, 2.269433935e-06, 1.23283405173e-06, 7.36018080261e-07, 5.94268385612e-07, 5.77778621391e-07, 6.48053912755e-07, 6.42869451895e-07, 6.43156056412e-07, 5.73773377255e-07, 3.14423800774e-07, 2.59573766925e-07, 2.21029836212e-07, 2.22954199103e-07, 1.4284007932e-07, 6.1956811237e-08],
        "min": [4.64751012538e-24, 1.05990325706e-23, 3.30480831962e-24, 1.85557025696e-24, 3.02391112291e-24, 5.04619490485e-24, 6.0000176694e-24, 1.43029632903e-23, 8.98004307965e-24, 7.94811361915e-24, 3.99445399157e-24, 1.29178221484e-23, 1.62998116329e-23, 7.7477232277e-24, 1.65622041249e-23, 1.28880181945e-23, 1.12068072996e-23, 8.44665398973e-24, 1.05487048226e-23, 1.77726212538e-23, 9.99681457786e-24, 8.07624829599e-24, 1.13831295448e-23, 8.096858076e-24, 8.24234690389e-24, 7.93772353217e-24, 1.01659124349e-23, 9.51763127618e-24, 9.16063227352e-24, 1.05340856523e-23, 1.35072929378e-23, 7.10082888643e-24, 8.37566676345e-24, 1.38440071711e-23, 1.13482729369e-23, 1.1494911924e-23, 1.35712506245e-23, 8.90375549695e-24, 8.01363246163e-24, 1.18159152035e-23],
        "stdev": [0.000873161421623, 0.00157043163199, 0.00080040859757, 0.00139909551945, 0.00053456594469, 0.000394219940063, 0.000982513302006, 0.00079345976701, 0.000607594440226, 0.000912277668249, 0.000224051633268, 0.000232214151765, 0.000126657774672, 0.00015549705131, 0.000165685400134, 0.000235017461819, 0.000164355325978, 0.00010462168575, 8.27019248391e-05, 6.01579449722e-05, 4.85792697873e-05, 3.18332677125e-05, 2.13196381083e-05, 1.22983647088e-05, 1.33024468596e-05, 2.12799750443e-05, 1.50624628077e-05, 7.74811724114e-06, 5.7491656662e-06, 4.36541085946e-06, 6.03512853559e-06, 8.41629025672e-06, 1.74506221811e-05, 1.88224621525e-05, 2.21601185331e-05, 7.93673189037e-06, 6.62608454149e-06, 4.37669314124e-06, 4.05292212236e-06, 2.57557394434e-06],
        "var": [7.62410877542e-07, 2.46625540967e-06, 6.40653922801e-07, 1.95746815734e-06, 2.85760762608e-07, 1.55409367153e-07, 9.6533233318e-07, 6.2957838054e-07, 3.69171004877e-07, 8.32250520943e-07, 5.01991337387e-08, 5.39234115138e-08, 1.60421933515e-08, 2.41793323141e-08, 2.74516498422e-08, 5.52332082293e-08, 2.7012671211e-08, 1.09456967934e-08, 6.83960887926e-09, 3.6189782282e-09, 2.35994557229e-09, 1.01335695391e-09, 4.54526999372e-10, 1.51249776592e-10, 1.7695508947e-10, 4.52837323195e-10, 2.26877780451e-10, 6.00333185941e-11, 3.30529041637e-11, 1.9056813419e-11, 3.64227779881e-11, 7.0833935939e-11, 3.04524239159e-10, 3.54285101256e-10, 4.9107085065e-10, 6.299171601e-11, 4.3904997693e-11, 1.91554445916e-11, 1.6426178126e-11, 6.63358083741e-12]
    },
    "melbands128": {
