{
"lowlevel": {
    "average_loudness": 0.760880589485,
    "barkbands_crest": {
        "dmean": 2.60907745361,
        "dmean2": 4.26903295517,
        "dvar": 6.61070966721,
        "dvar2": 17.020154953,
        "max": 24.0085639954,
        "mean": 12.0346784592,
        "median": 11.8664293289,
        "min": 3.02066993713,
        "stdev": 4.01972198486,
        "var": 16.1581630707
    },
    "barkbands_flatness_db": {
        "dmean": 0.0260680820793,
        "dmean2": 0.0397497713566,
        "dvar": 0.000606189598329,
        "dvar2": 0.00132689252496,
        "max": 0.351035237312,
        "mean": 0.186454072595,
        "median": 0.187754333019,
        "min": 0.0390998572111,
        "stdev": 0.0570649020374,
        "var": 0.00325640290976
    },
    "barkbands_kurtosis": {
        "dmean": 2.29146838188,
        "dmean2": 3.7080013752,
        "dvar": 13.5812921524,
        "dvar2": 38.0287475586,
        "max": 45.037147522,
        "mean": 3.43230366707,
        "median": 2.18656206131,
        "min": -1.70897591114,
        "stdev": 4.78168439865,
        "var": 22.8645038605
    },
    "barkbands_skewness": {
        "dmean": 0.466056704521,
        "dmean2": 0.74634373188,
        "dvar": 0.262053489685,
        "dvar2": 0.692392647266,
        "max": 6.47937440872,
        "mean": 1.65809285641,
        "median": 1.53722596169,
        "min": -1.83380711079,
        "stdev": 0.841531574726,
        "var": 0.708175361156
    },
    "barkbands_spread": {
        "dmean": 5.28695249557,
        "dmean2": 8.03486633301,
        "dvar": 42.5679779053,
        "dvar2": 101.247962952,
        "max": 72.374458313,
        "mean": 19.4313774109,
        "median": 16.019367218,
        "min": 1.79862391949,
        "stdev": 12.4970817566,
        "var": 156.177062988
    },
    "dissonance": {
        "dmean": 0.0187665484846,
        "dmean2": 0.0310470312834,
        "dvar": 0.000627245055512,
        "dvar2": 0.00151764333714,
        "max": 0.499999910593,
        "mean": 0.46173992753,
        "median": 0.46903604269,
        "min": 0.0255129374564,
        "stdev": 0.0324546508491,
        "var": 0.00105330429506
    },
    "dynamic_complexity": 2.32907414436,
    "erbbands_crest": {
        "dmean": 2.35286474228,
        "dmean2": 3.78152012825,
        "dvar": 5.77667093277,
        "dvar2": 13.5963087082,
        "max": 24.3070526123,
        "mean": 8.73108386993,
        "median": 7.70479869843,
        "min": 2.6164560318,
        "stdev": 4.10725593567,
        "var": 16.869550705
    },
    "erbbands_flatness_db": {
        "dmean": 0.0170406810939,
        "dmean2": 0.0251344759017,
        "dvar": 0.000308663147734,
        "dvar2": 0.000600896950345,
        "max": 0.374918162823,
        "mean": 0.206404313445,
        "median": 0.201324924827,
        "min": 0.0693614035845,
        "stdev": 0.0627328157425,
        "var": 0.00393540598452
    },
    "erbbands_kurtosis": {
        "dmean": 0.745494663715,
        "dmean2": 1.14414560795,
        "dvar": 0.772385537624,
        "dvar2": 1.79775941372,
        "max": 10.470788002,
        "mean": 0.265101283789,
        "median": -0.091169834137,
        "min": -1.68598103523,
        "stdev": 1.48664724827,
        "var": 2.21012020111
    },
    "erbbands_skewness": {
        "dmean": 0.311511039734,
        "dmean2": 0.473754793406,
        "dvar": 0.0806822627783,
        "dvar2": 0.192945227027,
        "max": 2.87462759018,
        "mean": 0.58397090435,
        "median": 0.524417221546,
        "min": -1.55785667896,
        "stdev": 0.622290372849,
        "var": 0.387245327234
    },
    "erbbands_spread": {
        "dmean": 6.68779706955,
        "dmean2": 9.81652355194,
        "dvar": 45.7332878113,
        "dvar2": 98.5241546631,
        "max": 138.253204346,
        "mean": 34.6749000549,
        "median": 32.4824943542,
        "min": 7.53523159027,
        "stdev": 15.4043540955,
        "var": 237.294128418
    },
    "hfc": {
        "dmean": 7.63031053543,
        "dmean2": 11.3638935089,
        "dvar": 489.458068848,
        "dvar2": 1149.00427246,
        "max": 290.004302979,
        "mean": 16.8412494659,
        "median": 8.76657485962,
        "min": 1.1986973365e-16,
        "stdev": 27.4466056824,
        "var": 753.316162109
    },
    "loudness_ebu128": {
        "integrated": -16.1914138794,
        "loudness_range": 4.89868545532,
        "momentary": {
            "dmean": 0.586601436138,
            "dmean2": 0.715178191662,
            "dvar": 0.418511360884,
            "dvar2": 0.406515657902,
            "max": -9.95895385742,
            "mean": -16.9449329376,
            "median": -17.2231903076,
            "min": -25.3532466888,
            "stdev": 2.62428617477,
            "var": 6.88687801361
        },
        "short_term": {
            "dmean": 0.110061600804,
            "dmean2": 0.104118451476,
            "dvar": 0.0185949299484,
            "dvar2": 0.0106296604499,
            "max": -13.8555583954,
            "mean": -16.7277641296,
            "median": -16.5320320129,
            "min": -20.697347641,
            "stdev": 1.79477274418,
            "var": 3.22120928764
        }
    },
    "melbands_crest": {
        "dmean": 3.08441543579,
        "dmean2": 5.04960155487,
        "dvar": 10.1742916107,
        "dvar2": 25.6328697205,
        "max": 34.3124008179,
        "mean": 15.7944250107,
        "median": 14.9200077057,
        "min": 1.70560157299,
        "stdev": 5.3338637352,
        "var": 28.4501018524
    },
    "melbands_flatness_db": {
        "dmean": 0.029988233,
        "dmean2": 0.0442848987877,
        "dvar": 0.000880012870766,
        "dvar2": 0.00196239980869,
        "max": 0.411677926779,
        "mean": 0.216478407383,
        "median": 0.217702835798,
        "min": 0.00443962076679,
        "stdev": 0.0614988654852,
        "var": 0.00378211052157
    },
    "melbands_kurtosis": {
        "dmean": 5.46884632111,
        "dmean2": 9.05589103699,
        "dvar": 141.856842041,
        "dvar2": 391.615264893,
        "max": 290.652587891,
        "mean": 10.755194664,
        "median": 7.88291549683,
        "min": -1.16315829754,
        "stdev": 13.0393247604,
        "var": 170.024002075
    },
    "melbands_skewness": {
        "dmean": 0.644182503223,
        "dmean2": 1.04024159908,
        "dvar": 0.574161529541,
        "dvar2": 1.49646270275,
        "max": 15.7690019608,
        "mean": 2.61803293228,
        "median": 2.42500448227,
        "min": 0.0796653628349,
        "stdev": 1.14786672592,
        "var": 1.31759810448
    },
    "melbands_spread": {
        "dmean": 6.15694665909,
        "dmean2": 9.55434036255,
        "dvar": 83.2588653564,
        "dvar2": 199.019744873,
        "max": 134.408569336,
        "mean": 19.4039974213,
        "median": 15.6784992218,
        "min": 2.00163531303,
        "stdev": 13.6488723755,
        "var": 186.291717529
    },
    "pitch_salience": {
        "dmean": 0.0708108395338,
        "dmean2": 0.116904318333,
        "dvar": 0.00477062026039,
        "dvar2": 0.0122908102348,
        "max": 0.969178617001,
        "mean": 0.50265109539,
        "median": 0.507807612419,
        "min": 0.123804017901,
        "stdev": 0.11007566005,
        "var": 0.0121166501194
    },
    "silence_rate_20dB": {
        "dmean": 0.00154798757285,
        "dmean2": 0.00309837330133,
        "dvar": 0.00154558755457,
        "dvar2": 0.00308875413612,
        "max": 1,
        "mean": 0.997679829597,
        "median": 1,
        "min": 0,
        "stdev": 0.0481127128005,
        "var": 0.00231483299285
    },
    "silence_rate_30dB": {
        "dmean": 0.0170278642327,
        "dmean2": 0.0340821072459,
        "dvar": 0.0167378857732,
        "dvar2": 0.0422159731388,
        "max": 1,
        "mean": 0.980665147305,
        "median": 1,
        "min": 0,
        "stdev": 0.137699127197,
        "var": 0.0189610477537
    },
    "silence_rate_60dB": {
        "dmean": 0.022445820272,
        "dmean2": 0.0449264124036,
        "dvar": 0.0219418480992,
        "dvar2": 0.0491045601666,
        "max": 1,
        "mean": 0.0448569208384,
        "median": 0,
        "min": 0,
        "stdev": 0.20698839426,
        "var": 0.0428441949189
    },
    "spectral_centroid": {
        "dmean": 267.417388916,
        "dmean2": 394.756958008,
        "dvar": 164599.640625,
        "dvar2": 268418.1875,
        "max": 11237.5390625,
        "mean": 1285.94616699,
        "median": 1102.34338379,
        "min": 410.652496338,
        "stdev": 649.815307617,
        "var": 422259.96875
    },
    "spectral_complexity": {
        "dmean": 3.47058820724,
        "dmean2": 5.18357849121,
        "dvar": 24.880657196,
        "dvar2": 44.3932952881,
        "max": 64,
        "mean": 18.159318924,
        "median": 16,
        "min": 0,
        "stdev": 11.5938968658,
        "var": 134.418441772
    },
    "spectral_decrease": {
        "dmean": 2.13608486455e-09,
        "dmean2": 3.40797234877e-09,
        "dvar": 2.820527401e-17,
        "dvar2": 6.97186267615e-17,
        "max": 3.27978316273e-29,
        "mean": -5.90810556034e-09,
        "median": -4.53182691373e-09,
        "min": -1.57199735895e-07,
        "stdev": 7.9634379091e-09,
        "var": 6.34163376744e-17
    },
    "spectral_energy": {
        "dmean": 0.00861662719399,
        "dmean2": 0.0137152029201,
        "dvar": 0.000430840445915,
        "dvar2": 0.00105402059853,
        "max": 0.604745745659,
        "mean": 0.0238261111081,
        "median": 0.0178125221282,
        "min": 1.07487483866e-20,
        "stdev": 0.031520113349,
        "var": 0.000993517460302
    },
    "spectral_energyband_high": {
        "dmean": 0.000591977150179,
        "dmean2": 0.000901650229935,
        "dvar": 3.6379856283e-06,
        "dvar2": 8.7613470896e-06,
        "max": 0.0242171380669,
        "mean": 0.00097850675229,
        "median": 0.000167144957231,
        "min": 7.65099657449e-21,
        "stdev": 0.0024835569784,
        "var": 6.16805573372e-06
    },
    "spectral_energyband_low": {
        "dmean": 0.0046764742583,
        "dmean2": 0.00806853175163,
        "dvar": 0.000399025651859,
        "dvar2": 0.00102470035199,
        "max": 0.585397362709,
        "mean": 0.0103244455531,
        "median": 0.00664875237271,
        "min": 8.04196171892e-23,
        "stdev": 0.0263620596379,
        "var": 0.000694958143868
    },
    "spectral_energyband_middle_high": {
        "dmean": 0.00191813206766,
        "dmean2": 0.00281551177613,
        "dvar": 3.13000782626e-05,
        "dvar2": 7.12387554813e-05,
        "max": 0.0734377503395,
        "mean": 0.00397567870095,
        "median": 0.00239299214445,
        "min": 1.6409197421e-21,
        "stdev": 0.00647973874584,
        "var": 4.19870157202e-05
    },
    "spectral_energyband_middle_low": {
        "dmean": 0.0037918924354,
        "dmean2": 0.00583590753376,
        "dvar": 3.52791830665e-05,
        "dvar2": 7.87512981333e-05,
        "max": 0.0908283144236,
        "mean": 0.00892872549593,
        "median": 0.00639283284545,
        "min": 3.51419433651e-22,
        "stdev": 0.0080574452877,
        "var": 6.49224311928e-05
    },
    "spectral_entropy": {
        "dmean": 0.177195504308,
        "dmean2": 0.261480718851,
        "dvar": 0.0333717092872,
        "dvar2": 0.0685551837087,
        "max": 9.79787158966,
        "mean": 7.35578203201,
        "median": 7.36973237991,
        "min": 5.81569385529,
        "stdev": 0.486563056707,
        "var": 0.236743599176
    },
    "spectral_flux": {
        "dmean": 0.0228428319097,
        "dmean2": 0.036721188575,
        "dvar": 0.00094056094531,
        "dvar2": 0.00235798023641,
        "max": 0.637685835361,
        "mean": 0.0659060701728,
        "median": 0.051154691726,
        "min": 1.03676171814e-10,
        "stdev": 0.0492390096188,
        "var": 0.00242447992787
    },
    "spectral_kurtosis": {
        "dmean": 2.49005150795,
        "dmean2": 4.22223567963,
        "dvar": 11.7525606155,
        "dvar2": 35.9457778931,
        "max": 54.2310791016,
        "mean": 4.65345907211,
        "median": 3.27955675125,
        "min": -1.23795759678,
        "stdev": 4.76201534271,
        "var": 22.6767883301
    },
    "spectral_rms": {
        "dmean": 0.000745165743865,
        "dmean2": 0.00115548179019,
        "dvar": 9.61400132837e-07,
        "dvar2": 2.16156081478e-06,
        "max": 0.0242898315191,
        "mean": 0.00431002071127,
        "median": 0.00416870135814,
        "min": 3.23829938559e-12,
        "stdev": 0.00216071493924,
        "var": 4.66868914373e-06
    },
    "spectral_rolloff": {
        "dmean": 449.313903809,
        "dmean2": 727.22644043,
        "dvar": 632261,
        "dvar2": 1173908.875,
        "max": 18626.2207031,
        "mean": 1281.81652832,
        "median": 882.861328125,
        "min": 64.599609375,
        "stdev": 1184.83959961,
        "var": 1403845
    },
    "spectral_skewness": {
        "dmean": 0.294571101665,
        "dmean2": 0.476477593184,
        "dvar": 0.0959027335048,
        "dvar2": 0.259019166231,
        "max": 5.43703460693,
        "mean": 1.43621647358,
        "median": 1.33782601357,
        "min": -0.0255267489702,
        "stdev": 0.569947779179,
        "var": 0.324840456247
    },
    "spectral_spread": {
        "dmean": 466895.15625,
        "dmean2": 664524.1875,
        "dvar": 1.18797683917e+12,
        "dvar2": 1.67220137165e+12,
        "max": 41853936,
        "mean": 3621188.25,
        "median": 3444831.5,
        "min": 1251972.5,
        "stdev": 1726666.25,
        "var": 2.98137629491e+12
    },
    "spectral_strongpeak": {
        "dmean": 0.297340750694,
        "dmean2": 0.49860394001,
        "dvar": 0.429550677538,
        "dvar2": 1.1466794014,
        "max": 12.0599308014,
        "mean": 0.625545144081,
        "median": 0.361548006535,
        "min": 0,
        "stdev": 0.638848185539,
        "var": 0.408127039671
    },
    "zerocrossingrate": {
        "dmean": 0.00966660864651,
        "dmean2": 0.0112822847441,
        "dvar": 0.000274596444797,
        "dvar2": 0.000330040464178,
        "max": 0.50341796875,
        "mean": 0.050763502717,
        "median": 0.044921875,
        "min": 0.005859375,
        "stdev": 0.0293111857027,
        "var": 0.000859145657159
    },
    "barkbands": {
        "dmean": [0.000318680133205, 0.00423017283902, 0.000598169397563, 0.000357903307304, 0.000705836573616, 0.00175064918585, 0.000786596327089, 0.000507460325025, 0.000634843832813, 0.000873124634381, 0.000315075332765, 0.000277894723695, 0.000233981612837, 0.000194036663743, 0.000197922898224, 0.000158188471687, 0.00016922118084, 0.000183189680683, 0.000267547904514, 0.000174654487637, 0.000209721911233, 0.000167371312273, 0.0001055043831, 5.11021244165e-05, 3.43316787621e-05, 1.72583422682e-05, 2.12181475945e-07],
        "dmean2": [0.00046757562086, 0.00738167855889, 0.00102119368967, 0.000639896199573, 0.0011163582094, 0.00273177144118, 0.00127179641277, 0.000791535654571, 0.00101594638545, 0.00126512022689, 0.000519223220181, 0.00044858455658, 0.000380096433219, 0.000312383199343, 0.000321864587022, 0.000254570011748, 0.00026187938056, 0.000296789949061, 0.000443669239758, 0.000280136533547, 0.00032488242141, 0.000262421701336, 0.000160661511472, 8.09237390058e-05, 5.58607644052e-05, 2.96284724755e-05, 3.83791643799e-07],
        "dvar": [1.65527376339e-06, 0.00036692028516, 6.72482565278e-06, 3.07131199406e-06, 3.33247794515e-06, 8.01154692454e-06, 1.38558038998e-06, 8.12463269995e-07, 1.84655243629e-06, 3.79789730687e-06, 9.08307015379e-07, 7.37428081266e-07, 4.94890798564e-07, 2.94933101941e-07, 3.12330087127e-07, 1.9170445853e-07, 1.27044842202e-07, 4.63975595721e-07, 1.24949417568e-06, 3.7141163034e-07, 5.10235508955e-07, 3.11363663741e-07, 1.13900263443e-07, 2.75908149661e-08, 9.99041027683e-09, 3.6530214409e-09, 9.36245330395e-13],
        "dvar2": [3.18103434438e-06, 0.0009564376669, 1.65179044416e-05, 9.11950883165e-06, 8.05387844593e-06, 1.85975532077e-05, 3.41099371326e-06, 2.07537618735e-06, 4.53250049759e-06, 8.04319279268e-06, 2.43907311415e-06, 1.86354475318e-06, 1.29015575112e-06, 7.48251409277e-07, 8.7436535523e-07, 4.82224606912e-07, 3.0582671684e-07, 1.23872644053e-06, 3.46404385709e-06, 9.1837648597e-07, 1.22405640468e-06, 7.93672484178e-07, 2.78359294725e-07, 6.9768269384e-08, 2.36164350298e-08, 9.62351354161e-09, 2.55500156622e-12],
        "max": [0.0303054805845, 0.529483616352, 0.0525966696441, 0.029018830508, 0.0358019769192, 0.0394519157708, 0.0124088106677, 0.0109139215201, 0.0136469202116, 0.0221736188978, 0.0142989056185, 0.0138738593087, 0.0122563214973, 0.00806340388954, 0.0114176403731, 0.00533185945824, 0.0042982888408, 0.012695979327, 0.021977879107, 0.0072807231918, 0.0153122087941, 0.00774148432538, 0.00520968623459, 0.00284913554788, 0.000890844967216, 0.00042662845226, 1.27619123305e-05],
        "mean": [0.00056514411699, 0.00891506951302, 0.000705404556356, 0.000388189248042, 0.00113737164065, 0.00330475554802, 0.0015117576113, 0.000987145118415, 0.000980314682238, 0.00135670963209, 0.00047682056902, 0.000429211300798, 0.000325088505633, 0.000276639999356, 0.000297836348182, 0.000227345211897, 0.000286380789476, 0.00023034917831, 0.000336830678862, 0.000240502107772, 0.000317171681672, 0.000230571240536, 0.000176799367182, 7.42668125895e-05, 3.5499328078e-05, 1.28143619804e-05, 1.37459196026e-07],
        "median": [1.08766926132e-06, 0.00534070050344, 0.000148424951476, 2.17212073039e-05, 0.000411072862335, 0.00192230136599, 0.000951419933699, 0.00058597367024, 0.000403348938562, 0.000522670045029, 0.000193672109162, 0.000200736569241, 0.000167137317476, 0.000142048447742, 0.000147881524754, 9.17640281841e-05, 0.000129920474137, 7.067284605e-05, 0.000104833219666, 5.36068582733e-05, 4.75056076539e-05, 3.42588537023e-05, 1.86867000593e-05, 4.09488120567e-06, 1.48532410549e-06, 8.4835697578e-08, 7.36060878914e-10],
        "min": [1.57753863694e-23, 4.7924009967e-23, 1.64817766001e-23, 2.46468419566e-23, 4.03272605171e-23, 5.25587476455e-23, 4.65222420037e-23, 6.51500279218e-23, 7.58317473148e-23, 7.9702340678e-23, 6.12450402232e-23, 9.68726492757e-23, 1.21780888182e-22, 1.24776956656e-22, 1.37396105811e-22, 2.17246916422e-22, 1.86185272154e-22, 2.18918165581e-22, 2.82928813299e-22, 2.52323862697e-22, 2.20408065085e-22, 4.64959565273e-22, 8.45994528624e-22, 8.56890048255e-22, 1.01563703419e-21, 1.99720052792e-21, 2.3741501258e-21],
        "stdev": [0.00234829448164, 0.0232770107687, 0.00302702561021, 0.00162514171097, 0.00224755541421, 0.00379830901511, 0.00167795468587, 0.0012079726439, 0.00161313824356, 0.00247785402462, 0.000974513357505, 0.000902415427845, 0.00068509823177, 0.000548505864572, 0.000571766984649, 0.000471664767247, 0.000442677090177, 0.000644958927296, 0.00097672897391, 0.000665552855935, 0.000976505223662, 0.000605208449997, 0.000464836863102, 0.00023763361969, 0.000107307045255, 5.1848081057e-05, 7.80177572324e-07],
        "var": [5.51448738406e-06, 0.000541819201317, 9.16288445296e-06, 2.6410857572e-06, 5.0515050134e-06, 1.44271507452e-05, 2.81553184323e-06, 1.459197847e-06, 2.60221486315e-06, 6.13976044406e-06, 9.49676291384e-07, 8.14353654732e-07, 4.69359605404e-07, 3.00858687297e-07, 3.26917472648e-07, 2.22467647859e-07, 1.95962996941e-07, 4.15971982193e-07, 9.53999574449e-07, 4.42960583769e-07, 9.53562505401e-07, 3.66277248531e-07, 2.1607330325e-07, 5.64697373306e-08, 1.15148024449e-08, 2.68822342164e-09, 6.08677062745e-13]
    },
    "erbbands": {
        "dmean": [0.158502414823, 0.864239454269, 0.964999079704, 0.802273035049, 1.29038000107, 1.93947255611, 12.4233369827, 12.7689781189, 13.8279447556, 6.77884960175, 12.5682840347, 15.0137672424, 26.3856811523, 19.0710468292, 12.4046497345, 11.6224765778, 11.256234169, 10.0783596039, 9.46701717377, 8.99028873444, 8.38702392578, 8.21777153015, 9.58542346954, 13.3815469742, 12.2614431381, 8.6826133728, 9.834815979, 7.35935926437, 6.13551712036, 4.70378255844, 2.44073390961, 1.37219536304, 0.781994462013, 0.440920710564, 0.223639562726, 0.104244075716, 0.0258652456105, 0.00201843632385, 4.95093554491e-05, 1.23049067042e-05],
        "dmean2": [0.277056246996, 1.44027113914, 1.60453188419, 1.40698301792, 2.23891687393, 3.16123366356, 19.6413784027, 20.2813682556, 21.511598587, 11.2053794861, 19.7461509705, 23.6943721771, 39.9185943604, 27.7230186462, 20.2939395905, 18.2834758759, 18.5168056488, 16.5230064392, 15.2269392014, 15.0526695251, 13.3978834152, 12.9247264862, 15.0945930481, 22.9105548859, 19.9043235779, 13.9133043289, 15.4938745499, 11.6243524551, 9.63553333282, 7.1842546463, 3.77257704735, 2.21925473213, 1.23772954941, 0.695199489594, 0.370287030935, 0.177468940616, 0.0445624664426, 0.00349852256477, 8.28795455163e-05, 1.96192049771e-05],
        "dvar": [0.387676149607, 19.7065143585, 22.5756034851, 15.2160654068, 28.7420425415, 23.4425029755, 1054.47998047, 329.578521729, 486.648803711, 141.956054688, 522.110839844, 1049.82434082, 4622.55908203, 1957.10144043, 1551.62841797, 1261.01733398, 1207.45812988, 885.887878418, 411.608215332, 979.867736816, 565.056762695, 354.280883789, 984.497314453, 5558.93408203, 1176.42260742, 876.20703125, 1336.19140625, 646.946716309, 406.673522949, 169.537979126, 78.6137313843, 21.3811454773, 6.77582454681, 1.5640566349, 0.491081684828, 0.130042135715, 0.00806559808552, 4.87656470796e-05, 2.57822456717e-08, 7.76648356737e-10],
        "dvar2": [1.02468490601, 48.8915405273, 57.8479385376, 44.5910644531, 80.4981536865, 60.5476417542, 2218.79760742, 797.354431152, 1108.34423828, 383.371154785, 1336.79284668, 2519.76049805, 9735.6171875, 4469.16943359, 4000.81787109, 3226.23193359, 3151.58105469, 2300.71875, 993.959228516, 2808.14550781, 1423.74975586, 861.41217041, 2540.10253906, 15761.4882812, 2976.16333008, 2240.73364258, 3233.94189453, 1609.61682129, 1032.64147949, 421.651580811, 200.429000854, 54.2653541565, 17.4430809021, 3.65062236786, 1.18906974792, 0.338688880205, 0.0211292188615, 0.000127216466353, 6.65951773726e-08, 1.83116277697e-09],
        "max": [15.235496521, 134.757247925, 137.698684692, 85.8320007324, 79.5040969849, 83.6708145142, 487.759643555, 194.984008789, 285.438690186, 152.459106445, 291.237701416, 390.141906738, 965.911743164, 543.182800293, 743.801391602, 673.735290527, 587.415161133, 409.921173096, 265.172332764, 611.311523438, 290.999450684, 242.514953613, 501.498168945, 1391.04101562, 379.678619385, 420.773986816, 805.278137207, 392.383209229, 282.379669189, 167.095932007, 146.41242981, 76.5919876099, 41.471988678, 15.9300489426, 6.65044260025, 2.71756315231, 0.642571389675, 0.0483317226171, 0.00148821342736, 0.000720371899661],
        "mean": [0.258909136057, 1.92997586727, 1.56299078465, 0.986826062202, 1.72287023067, 3.25873780251, 17.4781093597, 27.5064868927, 28.7517795563, 13.5815114975, 24.8218669891, 24.802646637, 39.4692649841, 32.4246368408, 20.5215454102, 18.1454105377, 15.8535289764, 14.7571754456, 16.4732475281, 13.3092603683, 13.0652656555, 13.8520050049, 13.5868272781, 15.1614322662, 16.8665504456, 12.1031932831, 13.7116336823, 10.993270874, 8.49587059021, 7.59236764908, 3.67795801163, 2.10538220406, 1.07905292511, 0.523652851582, 0.207109063864, 0.0800240933895, 0.0195717532188, 0.00152681965847, 4.97241962876e-05, 3.07994559989e-05],
        "median": [0.10859823972, 1.2675049305, 0.788851618767, 0.145534574986, 0.160661309958, 1.25830209255, 7.02001523972, 16.5841503143, 17.4095535278, 9.0315990448, 14.9133481979, 11.387131691, 13.72178936, 15.0185880661, 9.86303901672, 9.72301769257, 7.75070571899, 8.19306850433, 9.29515266418, 6.43725013733, 5.46494960785, 6.25855112076, 5.2795882225, 3.81561613083, 5.33064746857, 2.8641371727, 1.93963575363, 1.936860919, 1.33644521236, 1.07399511337, 0.388460427523, 0.137770071626, 0.0508272647858, 0.0272410977632, 0.00533191859722, 0.000914553471375, 0.00011421750969, 1.10424289232e-05, 1.01176738099e-05, 2.0865130864e-05],
        "min": [1.09090289686e-21, 1.16257448207e-20, 2.62630216071e-20, 4.78320614254e-20, 7.15287955716e-20, 1.92357103287e-19, 2.64722042749e-19, 3.8871856207e-19, 8.12841591731e-19, 5.15573507396e-19, 1.74790232429e-18, 2.0935713829e-18, 2.6881620421e-18, 1.61402645087e-18, 4.55120439214e-18, 2.67830287638e-18, 4.31400621559e-18, 8.59848456485e-18, 3.82853267331e-18, 8.72393312218e-18, 1.4510711671e-17, 1.07113495219e-17, 1.36955185598e-17, 1.59892540025e-17, 1.03506383907e-17, 1.05524398545e-17, 1.04217155392e-17, 9.44952189345e-18, 1.43543348305e-17, 1.77174013926e-17, 2.7308019619e-17, 1.6520044221e-17, 1.56743347628e-17, 1.2100366923e-17, 6.66248612555e-18, 6.47712942594e-18, 3.82612433695e-18, 1.60861617268e-18, 3.27019186029e-19, 3.2789594578e-20],
        "stdev": [0.776116192341, 5.09699487686, 5.16254997253, 3.90736699104, 5.66004419327, 5.75014972687, 39.9356575012, 28.7029857635, 33.5414619446, 15.2142219543, 29.8237895966, 39.9873771667, 86.0167694092, 53.8074645996, 42.1303710938, 35.7954597473, 33.5064926147, 29.3933582306, 25.8718338013, 28.9469738007, 26.0067443848, 23.1798610687, 31.3551673889, 61.0454597473, 36.4222068787, 32.1597557068, 47.6010398865, 29.6841163635, 22.3163261414, 17.2259426117, 10.7266645432, 6.64439964294, 3.56967592239, 1.57633399963, 0.687852919102, 0.312651872635, 0.0787788778543, 0.00600651651621, 0.000145650701597, 4.17334595113e-05],
        "var": [0.602356314659, 25.9793548584, 26.6519203186, 15.2675161362, 32.0361022949, 33.0642204285, 1594.85681152, 823.86138916, 1125.02966309, 231.472549438, 889.458435059, 1598.99023438, 7398.88476562, 2895.24316406, 1774.96813965, 1281.31494141, 1122.68493652, 863.969543457, 669.351806641, 837.927307129, 676.350708008, 537.305969238, 983.14654541, 3726.54833984, 1326.57714844, 1034.24987793, 2265.85913086, 881.146728516, 498.018371582, 296.733093262, 115.061340332, 44.1480484009, 12.7425861359, 2.48482871056, 0.473141640425, 0.0977511927485, 0.00620611198246, 3.60782396456e-05, 2.12141255673e-08, 1.74168168776e-09]
    },
    "gfcc": {
        "mean": [-46.5754737854, 112.220733643, -163.554519653, 26.548002243, -82.9610290527, -0.408908218145, -30.338634491, 0.555357336998, -5.18653535843, 1.95866715908, 4.44721794128, 3.84746599197, 5.665163517],
        "cov": [[7818.60693359, -899.930541992, 1860.46789551, 1627.17529297, 715.050598145, 1634.2401123, 324.908050537, 936.872314453, -225.688156128, 531.813354492, -478.589935303, 183.221740723, -234.586898804], [-899.930541992, 1574.15820312, 219.237716675, -68.1439590454, 556.416137695, 34.9334411621, 343.806732178, -84.1040496826, 135.580734253, -113.113113403, 131.16116333, -173.251480103, 66.5002746582], [1860.46789551, 219.237716675, 1402.20458984, 638.285400391, 752.67199707, 804.289550781, 282.246398926, 454.072753906, -67.6675796509, 274.50769043, -174.79119873, 54.8394508362, -119.089782715], [1627.17529297, -68.1439590454, 638.285400391, 750.973022461, 334.013092041, 523.580322266, 197.673248291, 253.091033936, 29.0580406189, 121.246421814, -60.9758300781, 12.4017963409, -56.6852989197], [715.050598145, 556.416137695, 752.67199707, 334.013092041, 642.590820312, 457.745300293, 291.068725586, 240.890777588, 16.0566253662, 119.375366211, -49.7787628174, -8.36917209625, -64.0961380005], [1634.2401123, 34.9334411621, 804.289550781, 523.580322266, 457.745300293, 662.871032715, 232.885116577, 331.297637939, -12.5660486221, 174.063735962, -116.471832275, 28.180513382, -65.6793670654], [324.908050537, 343.806732178, 282.246398926, 197.673248291, 291.068725586, 232.885116577, 264.070495605, 120.72530365, 59.0536613464, 46.4940071106, 5.78936719894, -5.19302606583, -21.812374115], [936.872314453, -84.1040496826, 454.072753906, 253.091033936, 240.890777588, 331.297637939, 120.72530365, 279.208465576, -1.46138358116, 140.584655762, -61.5084342957, 38.1381111145, -42.9405441284], [-225.688156128, 135.580734253, -67.6675796509, 29.0580406189, 16.0566253662, -12.5660486221, 59.0536613464, -1.46138358116, 144.254882812, 2.14678859711, 64.4366836548, 6.01957654953, 12.5206289291], [531.813354492, -113.113113403, 274.50769043, 121.246421814, 119.375366211, 174.063735962, 46.4940071106, 140.584655762, 2.14678859711, 151.449020386, -36.1050643921, 57.6001167297, -37.4714012146], [-478.589935303, 131.16116333, -174.79119873, -60.9758300781, -49.7787628174, -116.471832275, 5.78936719894, -61.5084342957, 64.4366836548, -36.1050643921, 129.10987854, -16.5937843323, 40.6855545044], [183.221740723, -173.251480103, 54.8394508362, 12.4017963409, -8.36917209625, 28.180513382, -5.19302606583, 38.1381111145, 6.01957654953, 57.6001167297, -16.5937843323, 110.923088074, -25.0006160736], [-234.586898804, 66.5002746582, -119.089782715, -56.6852989197, -64.0961380005, -65.6793670654, -21.812374115, -42.9405441284, 12.5206289291, -37.4714012146, 40.6855545044, -25.0006160736, 103.40864563]],
        "icov": [[0.000480288843391, -0.000412118068198, 0.000389195745811, -0.000778132409323, 0.00066758232424, -0.000911599141546, 0.000459422037238, -0.000845400558319, 0.000843633490149, -0.000475044274935, 0.00065117480699, -0.000585799803957, 0.000284784386167], [-0.000412118068198, 0.00426329206675, -0.0013037774479, 0.00211502751336, -0.00477319350466, 0.00205858168192, -0.00328289112076, 0.00385271315463, -0.00294309621677, 0.00178866332863, -0.00144793651998, 0.00389412743971, -0.00224673049524], [0.000389195745811, -0.0013037774479, 0.00555976200849, -0.00187380996067, -0.00255877966993, -0.00303883850574, 0.00311389006674, -0.00233954773284, 0.00283099384978, -0.00291626574472, 0.00172431522515, -0.00190669042058, 0.000727333885152], [-0.000778132409323, 0.00211502751336, -0.00187380996067, 0.00515112327412, -0.00139625987504, -0.0007372701657, -0.00229098345153, 0.00265313009731, -0.00312545197085, 0.00215839385055, -0.00232840771787, 0.00259616575204, -0.000470584491268], [0.00066758232424, -0.00477319350466, -0.00255877966993, -0.00139625987504, 0.0135190021247, -0.00316004501656, -0.00133923499379, -0.0040189307183, 0.00295616476797, -0.00101683766115, 0.000417746719904, -0.00272087799385, 0.00374433561228], [-0.000911599141546, 0.00205858168192, -0.00303883850574, -0.0007372701657, -0.00316004501656, 0.0115116368979, -0.00388846965507, -0.000785252486821, -0.00228205532767, 0.000809170422144, 0.00151749176439, 0.00260076904669, -0.00248783547431], [0.000459422037238, -0.00328289112076, 0.00311389006674, -0.00229098345153, -0.00133923499379, -0.00388846965507, 0.0128779187799, -0.00421066349372, 5.98242440901e-05, -0.000504400697537, 0.0003172843426, -0.00347619713284, 0.00199642055668], [-0.000845400558319, 0.00385271315463, -0.00233954773284, 0.00265313009731, -0.0040189307183, -0.000785252486821, -0.00421066349372, 0.0158432330936, -0.00353138707578, -0.00376148754731, -0.0015389630571, 0.00391829898581, -0.0023171082139], [0.000843633490149, -0.00294309621677, 0.00283099384978, -0.00312545197085, 0.00295616476797, -0.00228205532767, 5.98242440901e-05, -0.00353138707578, 0.0137805761769, -0.00312775699422, -0.00293383258395, -0.00421931687742, 0.00161488936283], [-0.000475044274935, 0.00178866332863, -0.00291626574472, 0.00215839385055, -0.00101683766115, 0.000809170422144, -0.000504400697537, -0.00376148754731, -0.00312775699422, 0.0176824238151, -0.0020547658205, -0.00342301628552, 0.00057908432791], [0.00065117480699, -0.00144793651998, 0.00172431522515, -0.00232840771787, 0.000417746719904, 0.00151749176439, 0.0003172843426, -0.0015389630571, -0.00293383258395, -0.0020547658205, 0.0153273157775, -0.000864900124725, -0.00286046834663], [-0.000585799803957, 0.00389412743971, -0.00190669042058, 0.00259616575204, -0.00272087799385, 0.00260076904669, -0.00347619713284, 0.00391829898581, -0.00421931687742, -0.00342301628552, -0.000864900124725, 0.016167441383, -0.000227131138672], [0.000284784386167, -0.00224673049524, 0.000727333885152, -0.000470584491268, 0.00374433561228, -0.00248783547431, 0.00199642055668, -0.0023171082139, 0.00161488936283, 0.00057908432791, -0.00286046834663, -0.000227131138672, 0.0136254122481]]
    },
    "melbands": {
        "dmean": [0.00125808978919, 0.000685263832565, 0.000151805492351, 9.91478300421e-05, 0.00034799365676, 0.00029725744389, 0.00020032163593, 7.23112898413e-05, 0.000102046142274, 9.92427812889e-05, 0.000130982225528, 8.0216123024e-05, 4.27615341323e-05, 3.24238899339e-05, 2.78735678876e-05, 2.28356602747e-05, 1.92928091565e-05, 1.52385828187e-05, 1.38355462695e-05, 1.18320003821e-05, 1.02278445411e-05, 8.08900404081e-06, 1.03982911241e-05, 8.64462163008e-06, 1.16758765216e-05, 9.77676245384e-06, 7.0905011853e-06, 5.78004664931e-06, 6.82910786054e-06, 4.57677242593e-06, 4.61106901639e-06, 3.78015261049e-06, 2.82171913568e-06, 2.70212149189e-06, 1.46190427586e-06, 1.3204124798e-06, 7.22380661955e-07, 5.59564000469e-07, 4.86476835704e-07, 3.5796384168e-07],
        "dmean2": [0.00220212177373, 0.00112241168972, 0.000260638771579, 0.000165208752151, 0.000550002325326, 0.000468479440315, 0.000311079929816, 0.00011905017891, 0.000161323070643, 0.000158165727044, 0.00019781991432, 0.000117187199066, 7.04995545675e-05, 5.18913038832e-05, 4.57375645055e-05, 3.76435600629e-05, 3.16177611239e-05, 2.48450924119e-05, 2.29417019e-05, 1.94114327314e-05, 1.65599994943e-05, 1.28267056425e-05, 1.61941261467e-05, 1.41880109368e-05, 2.03010040423e-05, 1.56197456818e-05, 1.18659754662e-05, 9.46505406318e-06, 1.08228505269e-05, 7.1833524089e-06, 7.45144916436e-06, 6.00224393565e-06, 4.47963975603e-06, 4.13767702412e-06, 2.2888877993e-06, 2.08830624615e-06, 1.17850402148e-06, 8.87334806521e-07, 7.6622012557e-07, 5.7654625607e-07],
        "dvar": [2.65905837296e-05, 1.2584232536e-05, 5.08824882672e-07, 9.12560622623e-08, 7.89213459029e-07, 1.76818375053e-07, 9.39120567978e-08, 1.75904357747e-08, 3.37860583954e-08, 4.56705464558e-08, 1.13524109224e-07, 3.59549225948e-08, 1.77011472147e-08, 7.6655810588e-09, 1.49681866901e-08, 3.85165144223e-09, 3.2547333717e-09, 1.07179864983e-09, 2.46579312524e-09, 9.03796870677e-10, 7.93423438061e-10, 3.55935225738e-10, 5.2711934817e-10, 1.25935628592e-09, 4.79888129234e-09, 7.64171170786e-10, 5.23030396771e-10, 4.05265432324e-10, 7.44800554564e-10, 2.21921939159e-10, 3.0334484924e-10, 1.77636766407e-10, 6.88829132622e-11, 5.60782219272e-11, 2.75302974861e-11, 2.37146881993e-11, 5.47031343834e-12, 3.53922707114e-12, 2.07603986085e-12, 1.13218147964e-12],
        "dvar2": [6.84197802912e-05, 3.1793697417e-05, 1.46812715229e-06, 2.57991018771e-07, 1.65654728335e-06, 4.17944079345e-07, 2.13904698398e-07, 4.69569840789e-08, 8.67892069323e-08, 1.10686869448e-07, 2.3928595283e-07, 8.16187650798e-08, 4.71255106049e-08, 1.80817227857e-08, 4.08897165016e-08, 1.02491322096e-08, 8.51354631237e-09, 2.59469268293e-09, 7.29994420468e-09, 2.28179408701e-09, 2.0245021215e-09, 8.86444195825e-10, 1.24041243943e-09, 3.40483263805e-09, 1.3705882651e-08, 1.96172189604e-09, 1.33355293475e-09, 1.06332465055e-09, 1.85921344986e-09, 5.38560418484e-10, 7.83680953464e-10, 4.56795906656e-10, 1.77378375876e-10, 1.36647235194e-10, 7.02653074613e-11, 5.77380469824e-11, 1.38724951665e-11, 9.17714949172e-12, 5.1233765494e-12, 2.68733321186e-12],
        "max": [0.121197380126, 0.111960053444, 0.0143269449472, 0.00534029956907, 0.0130898989737, 0.00477596791461, 0.00379846943542, 0.00176601379644, 0.00230694422498, 0.00231427676044, 0.0046698669903, 0.00229653227143, 0.00213024183176, 0.00151944614481, 0.00268161832355, 0.000717747083399, 0.000785299635027, 0.000413798436057, 0.00108764204197, 0.000356036354788, 0.000339953985531, 0.000232203150517, 0.000300081941532, 0.000642488186713, 0.0013484187657, 0.000423239660449, 0.000306242960505, 0.000288200273644, 0.00062700669514, 0.000215164909605, 0.000270601245575, 0.000212540326174, 0.000123403646285, 9.30519163376e-05, 8.18307380541e-05, 7.27521983208e-05, 3.68242654076e-05, 3.02474218188e-05, 2.59653625108e-05, 1.25244851006e-05],
        "mean": [0.00249426299706, 0.00141496339347, 0.000193992033019, 0.000161705072969, 0.000510610349011, 0.000621348037384, 0.000415141432313, 0.000143448647577, 0.000199807909667, 0.000154018212925, 0.000194246720639, 0.000132507630042, 6.75615665386e-05, 5.34295431862e-05, 3.84224731533e-05, 3.09164825012e-05, 2.69385855063e-05, 2.57677802438e-05, 1.96571418201e-05, 1.71582414623e-05, 1.49374227476e-05, 1.33560570248e-05, 1.60596900969e-05, 1.0591944374e-05, 1.21626062537e-05, 1.32935601869e-05, 9.18377736525e-06, 7.68171958043e-06, 9.1564743343e-06, 6.57710097585e-06, 6.43018302071e-06, 4.83452004119e-06, 4.13705265601e-06, 4.33708692071e-06, 2.01059856408e-06, 1.909247203e-06, 1.01468742741e-06, 7.34930154067e-07, 6.32369733466e-07, 3.79477882007e-07],
        "median": [0.00136877247132, 0.000897193793207, 2.09607296711e-05, 4.46538979304e-05, 0.000221281487029, 0.000379209464882, 0.000259312393609, 9.37299919315e-05, 0.000118576885143, 6.34765747236e-05, 6.61399317323e-05, 5.76281527174e-05, 2.86094636976e-05, 2.59055177594e-05, 1.91611961782e-05, 1.54282097355e-05, 1.35236186907e-05, 1.47361597556e-05, 9.15632699616e-06, 7.24080200598e-06, 6.20073706159e-06, 6.06697130934e-06, 6.18833928456e-06, 3.02667808683e-06, 2.60136107499e-06, 4.367335805e-06, 2.11805604522e-06, 1.79103233222e-06, 1.1139925391e-06, 1.0370141581e-06, 1.02733770291e-06, 7.3364299169e-07, 6.04252932135e-07, 5.51866207843e-07, 2.13426943674e-07, 1.06466814032e-07, 5.58165531572e-08, 3.05050207317e-08, 3.46685737895e-08, 1.59686468493e-08],
        "min": [1.20292563245e-23, 1.43075875929e-23, 9.10479433207e-24, 8.09976502843e-24, 9.6913345032e-24, 1.02954796832e-23, 1.17798050956e-23, 6.21098274129e-24, 1.42306562997e-23, 1.33347864127e-23, 1.31727196729e-23, 6.02980190174e-24, 1.19010198846e-23, 1.35053491845e-23, 4.22950456461e-24, 1.29897323419e-23, 1.66726683174e-23, 4.20044056228e-24, 1.33961203481e-23, 1.10189306087e-23, 1.78687360665e-23, 1.20645949264e-23, 8.74586498677e-24, 1.20386682239e-23, 1.40189023669e-23, 7.20242470469e-24, 8.59968432787e-24, 6.37762171891e-24, 7.06335089368e-24, 4.92109813136e-24, 5.89051430943e-24, 7.33627862309e-24, 1.06074820598e-23, 9.10648880529e-24, 1.5690896211e-23, 1.50391267093e-23, 8.5300752416e-24, 1.06643731306e-23, 1.11421096613e-23, 9.95098570358e-24],
        "stdev": [0.00664603011683, 0.003946040757, 0.000735692272428, 0.000347849301761, 0.00110492587555, 0.00065241754055, 0.000473790685646, 0.000171016523382, 0.00023872089514, 0.00025449009263, 0.000425808713771, 0.000230055840802, 0.000140408461448, 0.000101081976027, 0.000106404848339, 6.0591592046e-05, 5.58119136258e-05, 4.08854575653e-05, 4.49874387414e-05, 3.26682275045e-05, 3.02597291011e-05, 2.31157391681e-05, 2.70707132586e-05, 3.25048677041e-05, 5.56072081963e-05, 2.83445406239e-05, 2.43221384153e-05, 2.07306529774e-05, 3.48866196873e-05, 1.79959824891e-05, 1.86629422387e-05, 1.38584546221e-05, 9.80226559477e-06, 1.026982045e-05, 5.95290566707e-06, 6.82212339598e-06, 3.19228479384e-06, 2.49154413723e-06, 2.10022767533e-06, 1.19606920634e-06],
        "var": [4.4169715693e-05, 1.55712368723e-05, 5.41243139196e-07, 1.20999146702e-07, 1.22086123611e-06, 4.25648664759e-07, 2.24477602728e-07, 2.9246651323e-08, 5.69876625889e-08, 6.47652029784e-08, 1.81313055236e-07, 5.29256922732e-08, 1.9714537558e-08, 1.02175663486e-08, 1.13219913445e-08, 3.67134100898e-09, 3.11496983763e-09, 1.67162050868e-09, 2.02386951642e-09, 1.0672132067e-09, 9.15651221511e-10, 5.34337407654e-10, 7.32823468574e-10, 1.05656650096e-09, 3.09216141581e-09, 8.03413002792e-10, 5.91566406971e-10, 4.29759949849e-10, 1.21707621759e-09, 3.23855359197e-10, 3.4830541229e-10, 1.92056773263e-10, 9.60844112607e-11, 1.05469216694e-10, 3.54370838229e-11, 4.65413679818e-11, 1.01906816319e-11, 6.20779209287e-12, 4.41095640916e-12, 1.43058156467e-12]
    },
    "melbands128": {
