{
"lowlevel": {
    "average_loudness": 0.986983537674,
    "barkbands_crest": {
        "dmean": 3.14922857285,
        "dmean2": 4.45644950867,
        "dvar": 9.06615066528,
        "dvar2": 20.3812294006,
        "max": 25.7862510681,
        "mean": 14.2899112701,
        "median": 14.3505325317,
        "min": 2.83276867867,
        "stdev": 5.3350186348,
        "var": 28.4624214172
    },
    "barkbands_flatness_db": {
        "dmean": 0.0298110470176,
        "dmean2": 0.0390839651227,
        "dvar": 0.000705790822394,
        "dvar2": 0.00150844769087,
        "max": 0.369994819164,
        "mean": 0.139546513557,
        "median": 0.13805347681,
        "min": 0.0285744592547,
        "stdev": 0.0486394055188,
        "var": 0.00236579170451
    },
    "barkbands_kurtosis": {
        "dmean": 3.84231805801,
        "dmean2": 5.54714632034,
        "dvar": 78.3279647827,
        "dvar2": 128.156478882,
        "max": 280.386169434,
        "mean": 5.75297355652,
        "median": 3.3017706871,
        "min": -1.93221116066,
        "stdev": 12.4186525345,
        "var": 154.222930908
    },
    "barkbands_skewness": {
        "dmean": 0.649466991425,
        "dmean2": 0.958090722561,
        "dvar": 0.529683768749,
        "dvar2": 1.13125920296,
        "max": 14.662191391,
        "mean": 2.04813337326,
        "median": 1.96193790436,
        "min": -3.49419260025,
        "stdev": 1.22436237335,
        "var": 1.49906313419
    },
    "barkbands_spread": {
        "dmean": 9.2644739151,
        "dmean2": 13.8628730774,
        "dvar": 108.135848999,
        "dvar2": 252.817459106,
        "max": 127.001983643,
        "mean": 28.3080673218,
        "median": 26.4316101074,
        "min": 0.792272150517,
        "stdev": 15.1578025818,
        "var": 229.758972168
    },
    "dissonance": {
        "dmean": 0.0187912601978,
        "dmean2": 0.0305403955281,
        "dvar": 0.000318873557262,
        "dvar2": 0.00073859380791,
        "max": 0.499943733215,
        "mean": 0.459513634443,
        "median": 0.465061604977,
        "min": 0.246686011553,
        "stdev": 0.0282441228628,
        "var": 0.000797730521299
    },
    "dynamic_complexity": 1.52012193203,
    "erbbands_crest": {
        "dmean": 2.595723629,
        "dmean2": 4.06876134872,
        "dvar": 5.68585634232,
        "dvar2": 12.1305713654,
        "max": 26.486782074,
        "mean": 8.13761711121,
        "median": 7.23309326172,
        "min": 2.30170488358,
        "stdev": 3.86767554283,
        "var": 14.9589147568
    },
    "erbbands_flatness_db": {
        "dmean": 0.0174321513623,
        "dmean2": 0.0243331119418,
        "dvar": 0.000273029116215,
        "dvar2": 0.000552778947167,
        "max": 0.270473539829,
        "mean": 0.123187214136,
        "median": 0.121115796268,
        "min": 0.0469320863485,
        "stdev": 0.0316489972174,
        "var": 0.00100165908225
    },
    "erbbands_kurtosis": {
        "dmean": 0.847568929195,
        "dmean2": 1.25230419636,
        "dvar": 2.97504591942,
        "dvar2": 4.80416202545,
        "max": 49.9636993408,
        "mean": 0.0737360939384,
        "median": -0.506630659103,
        "min": -1.72427904606,
        "stdev": 2.44862771034,
        "var": 5.99577713013
    },
    "erbbands_skewness": {
        "dmean": 0.3760407269,
        "dmean2": 0.560296773911,
        "dvar": 0.169932335615,
        "dvar2": 0.335569620132,
        "max": 3.00001621246,
        "mean": 0.342841565609,
        "median": 0.331409096718,
        "min": -6.57155609131,
        "stdev": 0.767515599728,
        "var": 0.5890802145
    },
    "erbbands_spread": {
        "dmean": 11.3434553146,
        "dmean2": 16.4838371277,
        "dvar": 130.422149658,
        "dvar2": 298.875671387,
        "max": 142.797317505,
        "mean": 53.5226173401,
        "median": 51.309425354,
        "min": 10.7460689545,
        "stdev": 19.4032058716,
        "var": 376.484375
    },
    "hfc": {
        "dmean": 18.2813968658,
        "dmean2": 28.1769561768,
        "dvar": 812.584289551,
        "dvar2": 2048.87329102,
        "max": 251.47593689,
        "mean": 38.3133544922,
        "median": 30.5055274963,
        "min": 0.000227657277719,
        "stdev": 33.189250946,
        "var": 1101.52636719
    },
    "loudness_ebu128": {
        "integrated": -7.33359670639,
        "loudness_range": 0.773966789246,
        "momentary": {
            "dmean": 0.556104779243,
            "dmean2": 0.894186258316,
            "dvar": 0.204665854573,
            "dvar2": 0.536168932915,
            "max": -5.77464294434,
            "mean": -7.41329288483,
            "median": -7.23988389969,
            "min": -10.9322023392,
            "stdev": 0.858495116234,
            "var": 0.737013816833
        },
        "short_term": {
            "dmean": 0.0543887801468,
            "dmean2": 0.0706759989262,
            "dvar": 0.00129056663718,
            "dvar2": 0.00227870978415,
            "max": -6.73006868362,
            "mean": -7.32616043091,
            "median": -7.28532600403,
            "min": -8.42726993561,
            "stdev": 0.290787339211,
            "var": 0.0845572799444
        }
    },
    "melbands_crest": {
        "dmean": 3.90811800957,
        "dmean2": 5.97692346573,
        "dvar": 14.7726984024,
        "dvar2": 36.7030525208,
        "max": 36.907409668,
        "mean": 19.6550769806,
        "median": 19.7605495453,
        "min": 3.90217113495,
        "stdev": 7.09938764572,
        "var": 50.4013023376
    },
    "melbands_flatness_db": {
        "dmean": 0.035267893225,
        "dmean2": 0.0486531965435,
        "dvar": 0.00111904833466,
        "dvar2": 0.00251951650716,
        "max": 0.459897965193,
        "mean": 0.201633766294,
        "median": 0.203076913953,
        "min": 0.0349513478577,
        "stdev": 0.0641886219382,
        "var": 0.00412017898634
    },
    "melbands_kurtosis": {
        "dmean": 11.529042244,
        "dmean2": 17.1161193848,
        "dvar": 517.403442383,
        "dvar2": 892.26550293,
        "max": 648.82824707,
        "mean": 23.7696990967,
        "median": 16.9102840424,
        "min": -1.80483472347,
        "stdev": 33.7086868286,
        "var": 1136.27563477
    },
    "melbands_skewness": {
        "dmean": 0.960882127285,
        "dmean2": 1.42575919628,
        "dvar": 1.14424264431,
        "dvar2": 2.52753543854,
        "max": 19.9162731171,
        "mean": 3.77989578247,
        "median": 3.44917964935,
        "min": -0.440248966217,
        "stdev": 1.87419354916,
        "var": 3.512601614
    },
    "melbands_spread": {
        "dmean": 9.73938179016,
        "dmean2": 15.3626308441,
        "dvar": 274.879852295,
        "dvar2": 664.848449707,
        "max": 230.204055786,
        "mean": 22.1627368927,
        "median": 17.336517334,
        "min": 0.475080966949,
        "stdev": 20.538022995,
        "var": 421.810424805
    },
    "pitch_salience": {
        "dmean": 0.0886085033417,
        "dmean2": 0.135154426098,
        "dvar": 0.00852067302912,
        "dvar2": 0.0201632715762,
        "max": 0.894487977028,
        "mean": 0.455698996782,
        "median": 0.436944365501,
        "min": 0.0410516373813,
        "stdev": 0.163259804249,
        "var": 0.0266537647694
    },
    "silence_rate_20dB": {
        "dmean": 0,
        "dmean2": 0,
        "dvar": 0,
        "dvar2": 0,
        "max": 1,
        "mean": 1,
        "median": 1,
        "min": 1,
        "stdev": 0,
        "var": 0
    },
    "silence_rate_30dB": {
        "dmean": 0.0030959751457,
        "dmean2": 0.00619674660265,
        "dvar": 0.00308634876274,
        "dvar2": 0.00925670564175,
        "max": 1,
        "mean": 0.998453199863,
        "median": 1,
        "min": 0,
        "stdev": 0.039298735559,
        "var": 0.00154439068865
    },
    "silence_rate_60dB": {
        "dmean": 0.0131578948349,
        "dmean2": 0.0255615804344,
        "dvar": 0.012985015288,
        "dvar2": 0.0357523709536,
        "max": 1,
        "mean": 0.00773395225406,
        "median": 0,
        "min": 0,
        "stdev": 0.0876023843884,
        "var": 0.00767417810857
    },
    "spectral_centroid": {
        "dmean": 391.107025146,
        "dmean2": 603.465637207,
        "dvar": 194190.78125,
        "dvar2": 451527.96875,
        "max": 7523.23339844,
        "mean": 1679.44335938,
        "median": 1643.23400879,
        "min": 322.153900146,
        "stdev": 726.958251953,
        "var": 528468.3125
    },
    "spectral_complexity": {
        "dmean": 5.94891643524,
        "dmean2": 8.53524398804,
        "dvar": 38.7946243286,
        "dvar2": 75.7272720337,
        "max": 56,
        "mean": 22.3952045441,
        "median": 21,
        "min": 0,
        "stdev": 9.85671234131,
        "var": 97.1547698975
    },
    "spectral_decrease": {
        "dmean": 3.03202263296e-09,
        "dmean2": 4.50673276475e-09,
        "dvar": 1.3386415227e-17,
        "dvar2": 2.81019690777e-17,
        "max": -4.64301923189e-14,
        "mean": -1.22303038808e-08,
        "median": -1.22087691068e-08,
        "min": -2.95855819843e-08,
        "stdev": 6.52414433588e-09,
        "var": 4.25644577733e-17
    },
    "spectral_energy": {
        "dmean": 0.0122017143294,
        "dmean2": 0.0179088357836,
        "dvar": 0.000203612391488,
        "dvar2": 0.000427046470577,
        "max": 0.113321430981,
        "mean": 0.0496351346374,
        "median": 0.0489767789841,
        "min": 1.95887722043e-07,
        "stdev": 0.0256299022585,
        "var": 0.000656891905237
    },
    "spectral_energyband_high": {
        "dmean": 0.00188288046047,
        "dmean2": 0.00296750850976,
        "dvar": 1.02414187495e-05,
        "dvar2": 2.60818978859e-05,
        "max": 0.0262202005833,
        "mean": 0.00286630215123,
        "median": 0.00170296838041,
        "min": 5.26155918834e-09,
        "stdev": 0.00357923773117,
        "var": 1.28109422803e-05
    },
    "spectral_energyband_low": {
        "dmean": 0.00810532923788,
        "dmean2": 0.0121150594205,
        "dvar": 0.000161852396559,
        "dvar2": 0.000336849712767,
        "max": 0.100566402078,
        "mean": 0.0290102213621,
        "median": 0.0284637548029,
        "min": 2.39742483643e-08,
        "stdev": 0.0233790650964,
        "var": 0.000546580704395
    },
    "spectral_energyband_middle_high": {
        "dmean": 0.00205910112709,
        "dmean2": 0.00308424769901,
        "dvar": 5.93682761973e-06,
        "dvar2": 1.46473830682e-05,
        "max": 0.0249720774591,
        "mean": 0.00521070044488,
        "median": 0.00431206962094,
        "min": 9.31166823648e-08,
        "stdev": 0.00394306238741,
        "var": 1.55477409862e-05
    },
    "spectral_energyband_middle_low": {
        "dmean": 0.00704776262864,
        "dmean2": 0.0117649491876,
        "dvar": 0.000115376795293,
        "dvar2": 0.000298737955745,
        "max": 0.086961902678,
        "mean": 0.0134479701519,
        "median": 0.0103905107826,
        "min": 7.80975639714e-08,
        "stdev": 0.0117197036743,
        "var": 0.000137351453304
    },
    "spectral_entropy": {
        "dmean": 0.224338263273,
        "dmean2": 0.330713689327,
        "dvar": 0.0484580472112,
        "dvar2": 0.0988512486219,
        "max": 8.81934642792,
        "mean": 7.78117275238,
        "median": 7.75685834885,
        "min": 6.67212438583,
        "stdev": 0.387784212828,
        "var": 0.150376588106
    },
    "spectral_flux": {
        "dmean": 0.039189118892,
        "dmean2": 0.0558687783778,
        "dvar": 0.00174175202847,
        "dvar2": 0.00264709396288,
        "max": 0.293204933405,
        "mean": 0.108018785715,
        "median": 0.0891988798976,
        "min": 0.000442592048785,
        "stdev": 0.0634178295732,
        "var": 0.00402182154357
    },
    "spectral_kurtosis": {
        "dmean": 0.991089642048,
        "dmean2": 1.54971516132,
        "dvar": 1.1580234766,
        "dvar2": 3.03482484818,
        "max": 11.1711149216,
        "mean": 2.37211799622,
        "median": 2.06873035431,
        "min": -1.11244142056,
        "stdev": 1.60117447376,
        "var": 2.56375980377
    },
    "spectral_rms": {
        "dmean": 0.000899492006283,
        "dmean2": 0.0012712276075,
        "dvar": 1.04253103927e-06,
        "dvar2": 2.00570843845e-06,
        "max": 0.0105146318674,
        "mean": 0.00666636414826,
        "median": 0.00691246893257,
        "min": 1.38242530738e-05,
        "stdev": 0.00199602870271,
        "var": 3.9841306716e-06
    },
    "spectral_rolloff": {
        "dmean": 1014.7130127,
        "dmean2": 1751.79589844,
        "dvar": 3101550,
        "dvar2": 7622235,
        "max": 11778.6621094,
        "mean": 1534.73840332,
        "median": 775.1953125,
        "min": 64.599609375,
        "stdev": 1986.98168945,
        "var": 3948096.25
    },
    "spectral_skewness": {
        "dmean": 0.209073066711,
        "dmean2": 0.315972536802,
        "dvar": 0.0417743884027,
        "dvar2": 0.0948872938752,
        "max": 2.77354955673,
        "mean": 1.28926324844,
        "median": 1.26028454304,
        "min": -0.824426949024,
        "stdev": 0.356612920761,
        "var": 0.127172783017
    },
    "spectral_spread": {
        "dmean": 928345.9375,
        "dmean2": 1311784,
        "dvar": 1.33052982886e+12,
        "dvar2": 2.28363914445e+12,
        "max": 22712806,
        "mean": 6480768,
        "median": 6313047.5,
        "min": 2623615.5,
        "stdev": 1884760.625,
        "var": 3.55232278118e+12
    },
    "spectral_strongpeak": {
        "dmean": 0.254622876644,
        "dmean2": 0.41458567977,
        "dvar": 0.234044522047,
        "dvar2": 0.542970001698,
        "max": 7.047768116,
        "mean": 0.693464398384,
        "median": 0.539774954319,
        "min": 0,
        "stdev": 0.618942081928,
        "var": 0.38308930397
    },
    "zerocrossingrate": {
        "dmean": 0.0169220436364,
        "dmean2": 0.0198232345283,
        "dvar": 0.000358846125891,
        "dvar2": 0.000416273018345,
        "max": 0.4091796875,
        "mean": 0.0678903535008,
        "median": 0.05712890625,
        "min": 0.0029296875,
        "stdev": 0.0425284691155,
        "var": 0.00180867058225
    },
    "barkbands": {
        "dmean": [0.000446019752417, 0.00811387132853, 0.00368759734556, 0.00175282568671, 0.00316753285006, 0.00149526365567, 0.00131898850668, 0.000777557434049, 0.00104526279029, 0.000700058881193, 0.000437457783846, 0.000314653938403, 0.000292605371214, 0.000261334847892, 0.000171466672327, 0.000240835928707, 0.000204889191082, 0.000279459229205, 0.000205873686355, 0.000363582279533, 0.000339426274877, 0.000347242341377, 0.00036913054646, 0.00044868545956, 0.000315850251354, 0.000157820279128, 1.50955565914e-05],
        "dmean2": [0.000559464038815, 0.0115763656795, 0.0065063261427, 0.0033580805175, 0.00519964937121, 0.00256870035082, 0.00217813020572, 0.00124888005666, 0.00158224860206, 0.0010679931147, 0.000645809341222, 0.000479695416288, 0.000450022402219, 0.000399622687837, 0.000270453689154, 0.000390608154703, 0.000327754649334, 0.000450796535006, 0.000328246766003, 0.000605070206802, 0.000555371691007, 0.000565007037949, 0.000597890291829, 0.000719354196917, 0.00048792391317, 0.000241169836954, 2.45368883043e-05],
        "dvar": [4.71149917303e-07, 0.000155037909281, 0.00010337887943, 2.69497013505e-05, 3.34914366249e-05, 1.45248677654e-05, 4.60205092168e-06, 1.93290884454e-06, 2.84218117486e-06, 1.18138734706e-06, 6.00443343046e-07, 3.49200263372e-07, 2.26871947007e-07, 1.98806375806e-07, 6.83603218476e-08, 1.86428138704e-07, 8.14211844613e-08, 1.35899938414e-07, 7.35892839998e-08, 3.91393456312e-07, 3.26861851363e-07, 4.4349746986e-07, 5.1791568012e-07, 6.23353344054e-07, 4.31598351724e-07, 8.73775078958e-08, 1.24792109979e-09],
        "dvar2": [7.62471586313e-07, 0.00030074006645, 0.000280411593849, 7.73283391027e-05, 8.81159940036e-05, 3.89908636862e-05, 1.12975185402e-05, 4.4558009904e-06, 6.00493876846e-06, 2.73227988146e-06, 1.18916670999e-06, 6.90607805609e-07, 5.60666592264e-07, 4.49290922688e-07, 1.64877093312e-07, 4.72313274713e-07, 1.91351929857e-07, 3.31077444571e-07, 1.84476974141e-07, 1.06874006178e-06, 8.45010390549e-07, 1.11030135486e-06, 1.30998262193e-06, 1.62945627835e-06, 9.61982664194e-07, 2.01369260822e-07, 2.82344614355e-09],
        "max": [0.00762981176376, 0.0974598228931, 0.054160553962, 0.0302816182375, 0.0491141565144, 0.0388634949923, 0.0261268708855, 0.0189055074006, 0.0180225875229, 0.010995618999, 0.0144814234227, 0.0180725902319, 0.00730835925788, 0.00537466397509, 0.00318168918602, 0.00553786242381, 0.00304715055972, 0.00303859007545, 0.00257337791845, 0.00737620284781, 0.00497447699308, 0.00464819185436, 0.00563615048304, 0.0121607678011, 0.0135750230402, 0.00402222387493, 0.000552524928935],
        "mean": [0.000806203926913, 0.0244286973029, 0.00310983275995, 0.00115399737842, 0.0045775109902, 0.00158392987214, 0.00249109137803, 0.00135662162211, 0.00180796789937, 0.00119766185526, 0.000688837782945, 0.000574600649998, 0.000454377499409, 0.000424580241088, 0.000261464825599, 0.000325927539961, 0.000335625809385, 0.00052920775488, 0.000365122046787, 0.000552897225134, 0.000484228512505, 0.000364913896192, 0.000414584937971, 0.000669556960929, 0.000464288430521, 0.000197494257009, 1.38979530675e-05],
        "median": [0.000138887917274, 0.0253056511283, 0.000171199018951, 9.91262422758e-05, 0.00215803086758, 0.000627873814665, 0.00108256493695, 0.000631125993095, 0.000760439201258, 0.000557871651836, 0.000233227241552, 0.000254715239862, 0.000272081844741, 0.000175523062353, 0.000142356555443, 0.000145376470755, 0.000214418600081, 0.000373489572667, 0.000252935977187, 0.000368741166312, 0.000283020403003, 0.00012958496518, 0.000153881774168, 0.000354970077751, 0.000210056939977, 5.84738882026e-05, 2.16362491301e-06],
        "min": [1.92331883753e-09, 8.51252401901e-09, 7.33095362193e-09, 7.2890777858e-09, 1.37704834202e-08, 3.9562695342e-09, 5.05493158443e-09, 9.26891630115e-09, 3.01026972238e-08, 2.55194194665e-08, 2.57427466011e-08, 6.82561873688e-09, 3.52410989279e-09, 5.52481971283e-09, 1.13408074043e-08, 4.35346292349e-09, 3.19346638022e-09, 4.20431955916e-09, 6.49985754109e-09, 1.65574687294e-09, 1.27161436936e-09, 5.22252463497e-10, 4.61428117937e-10, 5.49973344643e-10, 9.66011826087e-10, 5.95979432472e-10, 1.31700093539e-11],
        "stdev": [0.00124119792599, 0.0218292679638, 0.00913438852876, 0.00393866188824, 0.00670301355422, 0.00336223188788, 0.00334086688235, 0.00210769707337, 0.00267711491324, 0.00167850579601, 0.00132437644061, 0.00125531142112, 0.000597395701334, 0.000691882858519, 0.000350589398295, 0.000506219803356, 0.000374606228434, 0.000510018668137, 0.0003728500742, 0.000639146135654, 0.0006001535221, 0.000655758602079, 0.000717235147022, 0.000948298256844, 0.000825943599921, 0.000348249013769, 3.6361401726e-05],
        "var": [1.54057215696e-06, 0.00047651695786, 8.34370584926e-05, 1.55130564963e-05, 4.49303879577e-05, 1.1304603504e-05, 1.11613917397e-05, 4.44238685304e-06, 7.16694421499e-06, 2.81738152808e-06, 1.75397303792e-06, 1.57580666382e-06, 3.56881656671e-07, 4.78701849715e-07, 1.22912922507e-07, 2.56258516629e-07, 1.403298171e-07, 2.60119065842e-07, 1.39017174661e-07, 4.08507759175e-07, 3.60184230885e-07, 4.30019326814e-07, 5.14426233167e-07, 8.99269537058e-07, 6.82182871969e-07, 1.21277381027e-07, 1.32215149939e-09]
    },
    "erbbands": {
        "dmean": [0.317636787891, 1.79958343506, 3.90201711655, 5.20733261108, 6.11702680588, 14.887049675, 10.7106552124, 13.9281845093, 15.1980352402, 21.3528900146, 14.0377779007, 27.6444892883, 21.1744403839, 18.596660614, 16.8961391449, 14.1448411942, 13.7115983963, 14.4918670654, 9.15817737579, 8.09770965576, 13.5453739166, 9.74579811096, 14.6270256042, 12.5377702713, 13.4430990219, 15.989774704, 16.042131424, 11.5842885971, 11.9972429276, 11.8403148651, 10.7488279343, 9.62139415741, 7.54804754257, 4.21125507355, 2.02692890167, 0.814540982246, 0.266511201859, 0.0537255816162, 0.00157378707081, 5.08061275468e-05],
        "dmean2": [0.370347112417, 2.52760195732, 6.26374053955, 9.45688343048, 10.9904565811, 24.0456733704, 17.8049316406, 23.6102275848, 24.7169036865, 34.4427986145, 22.2188529968, 41.1334114075, 33.3331642151, 26.9541625977, 25.6229095459, 21.2992191315, 21.4377479553, 21.9624385834, 14.1470470428, 12.7507295609, 22.2564201355, 15.4496707916, 23.1898155212, 19.9630699158, 22.3911628723, 26.0798339844, 25.8954849243, 19.0967063904, 19.3845710754, 19.2751197815, 17.4998283386, 15.7802028656, 11.908246994, 6.67934656143, 3.08305120468, 1.25066399574, 0.415207415819, 0.0839183777571, 0.00252056121826, 7.59499889682e-05],
        "dvar": [0.207487285137, 8.51603031158, 92.0706863403, 215.013519287, 181.11781311, 774.039428711, 416.999511719, 1246.0925293, 622.001403809, 1184.06152344, 444.852081299, 2093.1809082, 1483.0447998, 809.401306152, 1133.59191895, 796.090393066, 538.801940918, 600.132019043, 181.17489624, 161.751449585, 599.295593262, 204.275756836, 369.212188721, 277.089660645, 507.623779297, 676.815246582, 693.861938477, 433.868865967, 529.614990234, 585.143493652, 447.718933105, 338.354400635, 194.965118408, 69.7824020386, 18.6166114807, 2.23385643959, 0.273202061653, 0.0122065711766, 1.45866379171e-05, 7.583489392e-09],
        "dvar2": [0.357290953398, 15.7896938324, 237.913482666, 600.68762207, 515.280395508, 2024.99475098, 994.428039551, 3390.14208984, 1557.0345459, 2788.83447266, 1018.10900879, 4251.17529297, 3634.55395508, 1484.94641113, 2322.30102539, 1553.08728027, 1355.91040039, 1369.83398438, 414.724151611, 393.247589111, 1571.93615723, 484.491851807, 886.89666748, 675.729370117, 1399.43249512, 1817.27929688, 1771.15148926, 1109.27954102, 1325.09289551, 1499.04296875, 1144.09350586, 871.390380859, 523.897216797, 164.156555176, 41.5778617859, 5.18746995926, 0.635674417019, 0.0273706782609, 3.22389569192e-05, 1.66769549281e-08],
        "max": [4.35899543762, 18.8159046173, 56.898525238, 83.7600708008, 151.161727905, 246.738677979, 187.081130981, 369.795959473, 376.287628174, 381.700531006, 334.699157715, 534.926879883, 427.158355713, 549.449707031, 724.953430176, 933.625, 373.889343262, 310.609588623, 190.826858521, 150.630218506, 180.644515991, 165.531326294, 183.887680054, 188.045349121, 183.33140564, 351.360076904, 245.53414917, 151.155715942, 173.309646606, 215.662567139, 172.484115601, 255.686447144, 281.525939941, 159.152694702, 83.4788970947, 19.5177173615, 7.41210365295, 1.35333395004, 0.0664630755782, 0.00134029204492],
        "mean": [0.822867751122, 4.93335342407, 4.69642210007, 3.98211336136, 6.38159704208, 20.879032135, 14.1880540848, 14.4897537231, 28.9873142242, 37.1899757385, 28.0147724152, 50.5146102905, 33.253704071, 35.9523200989, 28.5776901245, 27.1751537323, 22.2369537354, 25.1895809174, 15.0709352493, 13.5832519531, 18.9362411499, 16.5703773499, 28.722278595, 23.8408470154, 21.3478546143, 25.8048210144, 24.9372406006, 13.5938644409, 12.8427047729, 12.348367691, 11.9910736084, 12.560710907, 11.7360429764, 6.18989801407, 2.7896604538, 1.0868884325, 0.311687886715, 0.056470990181, 0.00162778794765, 0.000107549807581],
        "median": [0.592772424221, 3.67677044868, 1.24092006683, 0.465511977673, 2.26352572441, 8.43716430664, 6.29991102219, 5.64608955383, 12.8927288055, 19.3861045837, 17.9881839752, 22.1564083099, 14.9989824295, 17.0148830414, 11.3534622192, 12.3108282089, 13.6550235748, 11.9885587692, 8.28070259094, 8.79125976562, 9.45407104492, 10.6594200134, 20.3945007324, 18.3875808716, 14.8557920456, 17.187128067, 15.3736667633, 5.64792013168, 4.78271579742, 4.12493371964, 4.27910423279, 6.21335935593, 5.94169664383, 2.767172575, 1.00769078732, 0.364341020584, 0.0800888761878, 0.0133981509134, 0.00037184584653, 7.5975774962e-05],
        "min": [3.47125336475e-07, 2.07672496799e-06, 7.46121713746e-06, 1.83024258149e-05, 3.40653241437e-05, 4.82321811432e-05, 4.68964135507e-05, 2.74782305496e-05, 4.41357660748e-05, 0.000147030397784, 0.000237307918724, 0.000651879701763, 0.00086069124518, 0.000981824356131, 0.000722322613001, 0.000328855297994, 0.000180864066351, 0.000184692165931, 0.000529250770342, 0.000412836205214, 0.000283962493995, 0.000204980591661, 0.00023779598996, 0.000206018201425, 0.000325035507558, 0.000101481593447, 4.65554185212e-05, 4.16329676227e-05, 2.08264136745e-05, 1.48079379869e-05, 1.27385046653e-05, 9.14602333069e-06, 1.13337882794e-05, 1.33797675517e-05, 5.85688303545e-06, 2.11940800909e-06, 1.33513572109e-06, 2.63385231847e-07, 4.97923444698e-08, 5.14346787384e-09],
        "stdev": [0.854076564312, 4.80350017548, 9.58060932159, 11.7342805862, 11.4554376602, 33.0045318604, 22.6167411804, 30.9336719513, 38.7972412109, 48.1447181702, 35.0720367432, 74.5631256104, 48.862361908, 54.8323554993, 57.8447189331, 60.2188529968, 28.7014389038, 38.4367866516, 20.3394069672, 16.2988624573, 26.679901123, 18.4916858673, 27.8487701416, 22.7142467499, 23.1878032684, 28.1066913605, 29.6350841522, 20.5967082977, 22.7717323303, 23.0840187073, 21.068315506, 19.9482860565, 16.7183837891, 10.4167299271, 5.28456497192, 1.80512583256, 0.594019114971, 0.119858004153, 0.00399974314496, 0.000105269318738],
        "var": [0.729446828365, 23.0736122131, 91.7880706787, 137.693344116, 131.227050781, 1089.29919434, 511.516967773, 956.892028809, 1505.22595215, 2317.91381836, 1230.04785156, 5559.65966797, 2387.53051758, 3006.58740234, 3346.01171875, 3626.31005859, 823.772644043, 1477.38659668, 413.691467285, 265.652923584, 711.817077637, 341.942443848, 775.554016113, 515.937011719, 537.674194336, 789.986083984, 878.238220215, 424.224395752, 518.551818848, 532.871887207, 443.873901367, 397.934143066, 279.504333496, 108.508262634, 27.9266262054, 3.25847911835, 0.35285872221, 0.0143659403548, 1.59979463206e-05, 1.1081629836e-08]
    },
    "gfcc": {
        "mean": [48.257976532, 58.1523666382, -99.9927749634, 32.3782844543, -65.8994216919, 18.9479045868, -35.0570220947, 25.3739395142, -25.1728954315, 10.5679101944, -8.69721221924, 3.0233771801, -8.56365203857],
        "cov": [[2792.08740234, -639.531616211, 242.659667969, 233.972061157, -1.25433290005, 282.618804932, 19.4672698975, 142.476119995, -3.27304172516, 67.7217102051, -165.018875122, 21.3010826111, -123.730796814], [-639.531616211, 1230.08959961, 57.2914924622, 201.308197021, 292.378967285, 4.58079957962, 250.558410645, -5.22304105759, 122.846107483, 17.9714050293, 226.265991211, 14.623544693, 137.867370605], [242.659667969, 57.2914924622, 732.534118652, 232.940933228, 190.47076416, 205.459213257, 29.9621677399, 146.406463623, 67.0986938477, 60.6983222961, 26.540063858, 46.2861557007, 17.8792686462], [233.972061157, 201.308197021, 232.940933228, 532.519897461, 289.968811035, 187.469970703, 170.673812866, 98.7787399292, 216.441680908, 104.220710754, 68.1298217773, 63.6142959595, 52.9077682495], [-1.25433290005, 292.378967285, 190.47076416, 289.968811035, 443.508361816, 234.977508545, 222.897644043, 150.012374878, 132.514251709, 116.734039307, 95.8454818726, 53.8429412842, 46.9601593018], [282.618804932, 4.58079957962, 205.459213257, 187.469970703, 234.977508545, 399.276519775, 231.275054932, 171.654174805, 112.325111389, 85.526550293, 69.4393539429, 47.7299690247, 15.9478855133], [19.4672698975, 250.558410645, 29.9621677399, 170.673812866, 222.897644043, 231.275054932, 361.793792725, 98.9466323853, 119.637504578, 72.4104156494, 85.58203125, 63.6581077576, 19.1063766479], [142.476119995, -5.22304105759, 146.406463623, 98.7787399292, 150.012374878, 171.654174805, 98.9466323853, 285.834136963, 118.514656067, 113.624252319, 77.3745574951, 8.02424144745, 50.9207687378], [-3.27304172516, 122.846107483, 67.0986938477, 216.441680908, 132.514251709, 112.325111389, 119.637504578, 118.514656067, 228.896942139, 99.4449768066, 68.3255844116, 43.2173233032, 40.0024719238], [67.7217102051, 17.9714050293, 60.6983222961, 104.220710754, 116.734039307, 85.526550293, 72.4104156494, 113.624252319, 99.4449768066, 143.50819397, 63.7755966187, 29.4813632965, 34.9486465454], [-165.018875122, 226.265991211, 26.540063858, 68.1298217773, 95.8454818726, 69.4393539429, 85.58203125, 77.3745574951, 68.3255844116, 63.7755966187, 149.47644043, 33.7417564392, 57.0602989197], [21.3010826111, 14.623544693, 46.2861557007, 63.6142959595, 53.8429412842, 47.7299690247, 63.6581077576, 8.02424144745, 43.2173233032, 29.4813632965, 33.7417564392, 100.364173889, 22.4714622498], [-123.730796814, 137.867370605, 17.8792686462, 52.9077682495, 46.9601593018, 15.9478855133, 19.1063766479, 50.9207687378, 40.0024719238, 34.9486465454, 57.0602989197, 22.4714622498, 110.730857849]],
        "icov": [[0.000560569402296, -3.20105427818e-05, 8.17361506051e-05, -0.000598271260969, 0.000487855635583, -0.000519530090969, 0.000168236510945, -0.000498113688082, 0.000667211832479, -0.000518161745276, 0.000790048041381, -0.000389677239582, 0.000601327046752], [-3.20105427818e-05, 0.00250028120354, -0.000693844282068, 0.000425850041211, -0.00167350505944, 0.00189241173211, -0.00199292530306, 0.00165364192799, -0.00125724356622, 0.00203998014331, -0.00343763525598, 0.00239565130323, -0.0021240261849], [8.17361506051e-05, -0.000693844282068, 0.00227201520465, -0.00107547664084, 0.000207505800063, -0.00147156405728, 0.00164793606382, -0.00142973510083, 0.0011333267903, -0.000346767192241, 0.00118409795687, -0.00163776939735, 0.00102151359897], [-0.000598271260969, 0.000425850041211, -0.00107547664084, 0.00537249352783, -0.00276903319173, 0.000590396288317, -0.000570848409552, 0.00236952840351, -0.00463713239878, 0.000896697340067, -0.00069759885082, 0.000933422124945, -0.00193169084378], [0.000487855635583, -0.00167350505944, 0.000207505800063, -0.00276903319173, 0.00678091915324, -0.00240060477518, -0.000179529932211, -0.00213455036283, 0.00273819430731, -0.00332670402713, 0.00218595378101, -0.00172607856803, 0.00168551085517], [-0.000519530090969, 0.00189241173211, -0.00147156405728, 0.000590396288317, -0.00240060477518, 0.007635966409, -0.00427582627162, -0.000368960900232, -0.00123802607413, 0.002237027511, -0.00315988040529, 0.00172983645461, -0.00113695859909], [0.000168236510945, -0.00199292530306, 0.00164793606382, -0.000570848409552, -0.000179529932211, -0.00427582627162, 0.00774948159233, -0.00125741830561, 0.000115569506306, -0.00106406700797, 0.00166176818311, -0.00375317130238, 0.00280844978988], [-0.000498113688082, 0.00165364192799, -0.00142973510083, 0.00236952840351, -0.00213455036283, -0.000368960900232, -0.00125741830561, 0.00918626319617, -0.00387962115929, -0.00152680068277, -0.00353337288834, 0.00456087198108, -0.00378722883761], [0.000667211832479, -0.00125724356622, 0.0011333267903, -0.00463713239878, 0.00273819430731, -0.00123802607413, 0.000115569506306, -0.00387962115929, 0.0117234494537, -0.00454897480085, 0.0017990564229, -0.00294908182696, 0.0019967048429], [-0.000518161745276, 0.00203998014331, -0.000346767192241, 0.000896697340067, -0.00332670402713, 0.002237027511, -0.00106406700797, -0.00152680068277, -0.00454897480085, 0.0155046209693, -0.00537797342986, 0.00060913269408, -0.00211949204095], [0.000790048041381, -0.00343763525598, 0.00118409795687, -0.00069759885082, 0.00218595378101, -0.00315988040529, 0.00166176818311, -0.00353337288834, 0.0017990564229, -0.00537797342986, 0.0165059790015, -0.0048903953284, -0.000294538971502], [-0.000389677239582, 0.00239565130323, -0.00163776939735, 0.000933422124945, -0.00172607856803, 0.00172983645461, -0.00375317130238, 0.00456087198108, -0.00294908182696, 0.00060913269408, -0.0048903953284, 0.0156910326332, -0.00435772910714], [0.000601327046752, -0.0021240261849, 0.00102151359897, -0.00193169084378, 0.00168551085517, -0.00113695859909, 0.00280844978988, -0.00378722883761, 0.0019967048429, -0.00211949204095, -0.000294538971502, -0.00435772910714, 0.014795107767]]
    },
    "melbands": {
        "dmean": [0.00249340641312, 0.00172330276109, 0.000878288468812, 0.000726902799215, 0.000439303723397, 0.000298029044643, 0.00024835014483, 0.000222376678721, 0.000118016781926, 0.000171050764038, 0.000104898063, 7.76900196797e-05, 5.51352932234e-05, 4.24794998253e-05, 3.06345864374e-05, 2.71653043455e-05, 2.95354511763e-05, 1.47070468302e-05, 1.14441409096e-05, 1.57606136781e-05, 1.6264808437e-05, 1.06569459604e-05, 1.19065425679e-05, 1.45893500303e-05, 1.05916678876e-05, 8.26839732326e-06, 1.36662347359e-05, 1.02264166344e-05, 1.08101394289e-05, 8.37741663418e-06, 6.60691603116e-06, 6.87539522914e-06, 6.98104531693e-06, 6.545575161e-06, 6.42306667942e-06, 6.03184435022e-06, 6.01992132943e-06, 5.5291498029e-06, 4.75859042126e-06, 3.28731675836e-06],
        "dmean2": [0.00319504574873, 0.00242601032369, 0.00158345722593, 0.00121203123126, 0.00071817036951, 0.000505905132741, 0.000407415849622, 0.000359129102435, 0.00018610197003, 0.000256268831436, 0.000165834047948, 0.000113284491817, 8.32860387163e-05, 6.42474769847e-05, 4.78222718812e-05, 4.1927145503e-05, 4.53072789242e-05, 2.28185872402e-05, 1.83369520528e-05, 2.50057637459e-05, 2.72168344964e-05, 1.70241746673e-05, 1.87857222045e-05, 2.3357973987e-05, 1.69721970451e-05, 1.33451412694e-05, 2.36568866967e-05, 1.6494144802e-05, 1.70849616552e-05, 1.38717859954e-05, 1.09755128506e-05, 1.11684503281e-05, 1.15862949315e-05, 1.06432935354e-05, 1.05157732833e-05, 9.77229592536e-06, 9.87628573057e-06, 8.83871780388e-06, 7.51887318984e-06, 5.2483210311e-06],
        "dvar": [1.23591380543e-05, 1.08399281089e-05, 5.41169220014e-06, 1.86246859357e-06, 6.406755233e-07, 5.6620876876e-07, 1.59599750305e-07, 1.31859508201e-07, 2.86146661921e-08, 8.42929637201e-08, 3.70252095649e-08, 1.45832945719e-08, 1.01338732961e-08, 5.55897150534e-09, 3.47191897454e-09, 1.6115357937e-09, 2.7725535201e-09, 4.71318206685e-10, 3.3920771747e-10, 7.56609108699e-10, 9.08837949343e-10, 2.8766794502e-10, 2.34025882007e-10, 3.81440379282e-10, 2.00306479736e-10, 1.27424515384e-10, 7.29563964796e-10, 2.59720356333e-10, 2.86233592384e-10, 1.9837295695e-10, 1.51468712573e-10, 1.82773352009e-10, 2.06251155044e-10, 1.79602638317e-10, 1.66963484705e-10, 1.39485770156e-10, 1.30179228508e-10, 9.82090311852e-11, 7.56992732387e-11, 5.40597566712e-11],
        "dvar2": [2.31812227867e-05, 2.44147959165e-05, 1.49651905303e-05, 5.04161380377e-06, 1.54998531343e-06, 1.53479811615e-06, 3.95455231228e-07, 3.05944354295e-07, 6.46715179187e-08, 1.72936353238e-07, 9.09080597467e-08, 2.68897100142e-08, 2.1050565735e-08, 1.13052003314e-08, 8.37218205874e-09, 3.79711417864e-09, 6.21703222237e-09, 1.06981479231e-09, 8.54971149433e-10, 1.700624086e-09, 2.40481012881e-09, 7.06203429068e-10, 5.5952537048e-10, 9.24782805889e-10, 4.88700857559e-10, 3.30764554635e-10, 2.08471417906e-09, 6.75692946039e-10, 7.16341319595e-10, 5.16368725556e-10, 3.86774556826e-10, 4.61705729204e-10, 5.37603017658e-10, 4.56197940535e-10, 4.33119068388e-10, 3.58896357078e-10, 3.37289973729e-10, 2.59544274961e-10, 1.95154878369e-10, 1.26971391734e-10],
        "max": [0.0319757722318, 0.0221574120224, 0.0131470300257, 0.0126732513309, 0.00721537601203, 0.00782207306474, 0.00496137375012, 0.00427516689524, 0.00238381349482, 0.00342274527065, 0.00215919595212, 0.00226015131921, 0.00195247039665, 0.00192533503287, 0.00112205150072, 0.000547727686353, 0.000670067674946, 0.000311006093398, 0.000202385039302, 0.000511859776452, 0.000245620089117, 0.000178784961463, 0.000217971959501, 0.000179342125193, 0.000165096513228, 0.000107706044219, 0.000226725547691, 0.000225619587582, 0.000165304823895, 0.000107624626253, 8.14438826637e-05, 0.000117978052003, 0.000131831184262, 0.000123287914903, 0.000104536033177, 0.000151741027366, 0.000177517576958, 0.000182787844096, 0.000155693283887, 0.000144062316394],
        "mean": [0.00714797480032, 0.00373644940555, 0.000710867054295, 0.00100928533357, 0.000612572708633, 0.000308581424179, 0.000481067982037, 0.000388440093957, 0.000231494443142, 0.000304246117594, 0.000156014459208, 0.000144607402035, 8.60181316966e-05, 8.13304868643e-05, 5.15793617524e-05, 4.31041662523e-05, 4.88669538754e-05, 2.24710511247e-05, 1.76984649443e-05, 2.30329060287e-05, 2.17067045014e-05, 1.62795786309e-05, 2.16449370782e-05, 2.71389963018e-05, 1.84979617188e-05, 1.32708382807e-05, 1.83925967576e-05, 1.63270597113e-05, 1.73996013473e-05, 1.06135412352e-05, 6.95798371453e-06, 7.27327551431e-06, 6.99029260431e-06, 6.79232834955e-06, 6.73885369906e-06, 7.07470508132e-06, 7.88662055129e-06, 8.54262543726e-06, 7.14815632818e-06, 4.50267543783e-06],
        "median": [0.00745291775092, 0.00197421130724, 0.000129764564917, 0.000424283527536, 0.000303112203255, 0.00012434994278, 0.000211395366932, 0.00020405522082, 0.000143847995787, 0.000126060738694, 6.25415341347e-05, 5.80300620641e-05, 3.22071828123e-05, 3.746002767e-05, 2.72382858384e-05, 2.50056873483e-05, 1.98263733182e-05, 1.17971412692e-05, 1.0087352166e-05, 1.18100788313e-05, 1.05158942461e-05, 9.96171911538e-06, 1.48056242324e-05, 1.86210636457e-05, 1.37125616675e-05, 8.87126043381e-06, 1.18702355394e-05, 1.02253443401e-05, 9.98417181108e-06, 5.57393059353e-06, 2.21735422201e-06, 2.59950957116e-06, 2.23843858294e-06, 2.31774515669e-06, 2.10499342757e-06, 2.89180229629e-06, 3.88937451135e-06, 4.36390700997e-06, 3.47424088432e-06, 1.7917425339e-06],
        "min": [2.77983080998e-09, 3.57393448169e-09, 3.59984619891e-09, 2.99914915125e-09, 1.78722003863e-09, 6.31748098279e-10, 7.70796204641e-10, 1.73796388392e-09, 2.0703652126e-09, 4.49176651429e-09, 4.24635526741e-09, 3.86486043169e-09, 3.11155745614e-09, 6.76925349108e-10, 8.86340056905e-10, 2.2568272251e-10, 3.65114910528e-10, 8.33401403444e-10, 8.55927217991e-10, 2.72160655124e-10, 3.38562816671e-10, 1.84081236365e-10, 2.44367137636e-10, 1.74160033617e-10, 1.40955122574e-10, 3.55552004505e-10, 8.8452051239e-11, 5.79265871381e-11, 1.95099075784e-11, 3.74396000313e-11, 2.19343102709e-11, 1.10030188086e-11, 1.04170613108e-11, 8.10627173026e-12, 8.91695137867e-12, 5.03471873567e-12, 5.32185797167e-12, 7.84134562837e-12, 6.00369537071e-12, 1.3951761621e-11],
        "stdev": [0.00656400853768, 0.00440359814093, 0.00189246982336, 0.00152586598415, 0.000927947054151, 0.000660162011627, 0.000638658471871, 0.000512835336849, 0.000276686798315, 0.000465142860776, 0.000242815658567, 0.00023387974943, 0.000165625417139, 0.000157772097737, 8.476133371e-05, 5.35162071174e-05, 8.2391576143e-05, 3.22857849824e-05, 2.19635148824e-05, 3.64873485523e-05, 3.11812800646e-05, 2.02041828743e-05, 2.20511428779e-05, 2.72215020232e-05, 1.91216204257e-05, 1.39930043588e-05, 2.41646557697e-05, 1.83109004865e-05, 2.07645225601e-05, 1.43482329804e-05, 1.20540025819e-05, 1.31380484163e-05, 1.35274740387e-05, 1.28120427689e-05, 1.25681890495e-05, 1.21026623674e-05, 1.2473352399e-05, 1.20944596347e-05, 1.06666475403e-05, 8.74272973306e-06],
        "var": [4.30862091889e-05, 1.93916785065e-05, 3.58144211532e-06, 2.32826710089e-06, 8.61085709403e-07, 4.35813916511e-07, 4.07884613196e-07, 2.63000089262e-07, 7.65555867588e-08, 2.16357875615e-07, 5.89594435496e-08, 5.4699736296e-08, 2.74317777382e-08, 2.48920333235e-08, 7.18448411874e-09, 2.86398460503e-09, 6.78837208667e-09, 1.0423718555e-09, 4.82395956514e-10, 1.33132649349e-09, 9.72272151678e-10, 4.08208994385e-10, 4.86252871301e-10, 7.41010197647e-10, 3.65636354527e-10, 1.95804164549e-10, 5.83930570563e-10, 3.35289102038e-10, 4.31165381176e-10, 2.05871777958e-10, 1.4529898118e-10, 1.72608316529e-10, 1.82992565545e-10, 1.64148444837e-10, 1.57959381686e-10, 1.46474443685e-10, 1.55584531369e-10, 1.46275949686e-10, 1.1377736947e-10, 7.64353302873e-11]
    },
    "melbands128": {
