{
"lowlevel": {
    "average_loudness": 0.977923631668,
    "barkbands_crest": {
        "dmean": 1.47358310223,
        "dmean2": 2.25274538994,
        "dvar": 2.77055239677,
        "dvar2": 6.4829454422,
        "max": 25.1438388824,
        "mean": 16.6640262604,
        "median": 17.4875354767,
        "min": 3.19905638695,
        "stdev": 4.33817672729,
        "var": 18.8197784424
    },
    "barkbands_flatness_db": {
        "dmean": 0.0338195040822,
        "dmean2": 0.0458764769137,
        "dvar": 0.0012036326807,
        "dvar2": 0.00232219672762,
        "max": 0.400960624218,
        "mean": 0.197249397635,
        "median": 0.188231378794,
        "min": 0.0292182154953,
        "stdev": 0.0640197247267,
        "var": 0.00409852480516
    },
    "barkbands_kurtosis": {
        "dmean": 5.92452192307,
        "dmean2": 9.30476665497,
        "dvar": 145.53125,
        "dvar2": 342.198120117,
        "max": 206.421966553,
        "mean": 10.7911205292,
        "median": 5.88732624054,
        "min": -1.604362607,
        "stdev": 18.4991321564,
        "var": 342.21786499
    },
    "barkbands_skewness": {
        "dmean": 0.641372859478,
        "dmean2": 0.983795940876,
        "dvar": 0.551961183548,
        "dvar2": 1.2838050127,
        "max": 11.8543634415,
        "mean": 2.54130649567,
        "median": 2.33936476707,
        "min": -2.43107914925,
        "stdev": 1.61375665665,
        "var": 2.60421037674
    },
    "barkbands_spread": {
        "dmean": 6.36123657227,
        "dmean2": 10.5910539627,
        "dvar": 83.8390731812,
        "dvar2": 214.855072021,
        "max": 92.2363739014,
        "mean": 16.260307312,
        "median": 14.1825647354,
        "min": 0.669819355011,
        "stdev": 11.0716896057,
        "var": 122.582305908
    },
    "dissonance": {
        "dmean": 0.0261331740767,
        "dmean2": 0.0432088412344,
        "dvar": 0.00059850292746,
        "dvar2": 0.00157515029423,
        "max": 0.499763637781,
        "mean": 0.450681000948,
        "median": 0.45600014925,
        "min": 0.218535169959,
        "stdev": 0.0326700657606,
        "var": 0.00106733327266
    },
    "dynamic_complexity": 1.79644346237,
    "erbbands_crest": {
        "dmean": 2.77174949646,
        "dmean2": 4.50944709778,
        "dvar": 6.61462116241,
        "dvar2": 17.2233848572,
        "max": 24.6900348663,
        "mean": 9.56870079041,
        "median": 8.77154445648,
        "min": 2.9712562561,
        "stdev": 3.9032227993,
        "var": 15.2351484299
    },
    "erbbands_flatness_db": {
        "dmean": 0.0295953694731,
        "dmean2": 0.0397402085364,
        "dvar": 0.000659756246023,
        "dvar2": 0.00115918752272,
        "max": 0.325117856264,
        "mean": 0.153583645821,
        "median": 0.148722186685,
        "min": 0.0508036240935,
        "stdev": 0.0478362366557,
        "var": 0.0022883056663
    },
    "erbbands_kurtosis": {
        "dmean": 1.33160579205,
        "dmean2": 2.17989611626,
        "dvar": 2.91710567474,
        "dvar2": 8.26910209656,
        "max": 15.7766571045,
        "mean": 1.36385285854,
        "median": 0.778433561325,
        "min": -1.70836901665,
        "stdev": 2.30776143074,
        "var": 5.32576322556
    },
    "erbbands_skewness": {
        "dmean": 0.458128094673,
        "dmean2": 0.735115945339,
        "dvar": 0.21502147615,
        "dvar2": 0.518998503685,
        "max": 3.23552083969,
        "mean": 0.378685474396,
        "median": 0.42338386178,
        "min": -2.81290221214,
        "stdev": 0.70625525713,
        "var": 0.498796492815
    },
    "erbbands_spread": {
        "dmean": 11.4083948135,
        "dmean2": 18.2568283081,
        "dvar": 262.579040527,
        "dvar2": 633.495849609,
        "max": 147.622512817,
        "mean": 35.0882644653,
        "median": 30.6849250793,
        "min": 5.23751831055,
        "stdev": 22.2253856659,
        "var": 493.967773438
    },
    "hfc": {
        "dmean": 12.3656625748,
        "dmean2": 20.8917484283,
        "dvar": 301.311889648,
        "dvar2": 799.298400879,
        "max": 126.970588684,
        "mean": 29.8579769135,
        "median": 25.158290863,
        "min": 1.18290453955e-16,
        "stdev": 20.9091777802,
        "var": 437.193695068
    },
    "loudness_ebu128": {
        "integrated": -8.84329795837,
        "loudness_range": 2.7655506134,
        "momentary": {
            "dmean": 0.342493355274,
            "dmean2": 0.309358984232,
            "dvar": 0.163503557444,
            "dvar2": 0.115681871772,
            "max": -6.42160892487,
            "mean": -9.19176387787,
            "median": -8.91751098633,
            "min": -19.031211853,
            "stdev": 1.93216514587,
            "var": 3.73326230049
        },
        "short_term": {
            "dmean": 0.0606358014047,
            "dmean2": 0.0356744974852,
            "dvar": 0.00248498935252,
            "dvar2": 0.00126584013924,
            "max": -7.52161884308,
            "mean": -8.86608886719,
            "median": -8.64067459106,
            "min": -11.7311544418,
            "stdev": 1.05581736565,
            "var": 1.11475038528
        }
    },
    "melbands_crest": {
        "dmean": 1.48461592197,
        "dmean2": 2.21518063545,
        "dvar": 4.08926343918,
        "dvar2": 8.6293926239,
        "max": 36.8220596313,
        "mean": 22.4767913818,
        "median": 21.7263965607,
        "min": 2.38928842545,
        "stdev": 6.04523134232,
        "var": 36.5448226929
    },
    "melbands_flatness_db": {
        "dmean": 0.0372503101826,
        "dmean2": 0.0516219772398,
        "dvar": 0.00184916157741,
        "dvar2": 0.00360879697837,
        "max": 0.528096973896,
        "mean": 0.287520825863,
        "median": 0.274642378092,
        "min": 0.00994467735291,
        "stdev": 0.0799223780632,
        "var": 0.00638758670539
    },
    "melbands_kurtosis": {
        "dmean": 11.7162084579,
        "dmean2": 18.0286064148,
        "dvar": 491.216827393,
        "dvar2": 1109.23425293,
        "max": 386.622436523,
        "mean": 25.2689228058,
        "median": 15.1232433319,
        "min": -1.41808271408,
        "stdev": 34.9156990051,
        "var": 1219.1060791
    },
    "melbands_skewness": {
        "dmean": 0.831867516041,
        "dmean2": 1.2638374567,
        "dvar": 1.02259159088,
        "dvar2": 2.23796796799,
        "max": 15.9340353012,
        "mean": 3.72600317001,
        "median": 3.36960911751,
        "min": -0.922634541988,
        "stdev": 2.09880304337,
        "var": 4.40497398376
    },
    "melbands_spread": {
        "dmean": 4.33726358414,
        "dmean2": 6.86755418777,
        "dvar": 54.6114730835,
        "dvar2": 109.905525208,
        "max": 150.672805786,
        "mean": 13.9650382996,
        "median": 10.7412157059,
        "min": 0.481975138187,
        "stdev": 12.7307109833,
        "var": 162.070999146
    },
    "pitch_salience": {
        "dmean": 0.0482221692801,
        "dmean2": 0.0753280594945,
        "dvar": 0.00278789247386,
        "dvar2": 0.0065631121397,
        "max": 0.79255259037,
        "mean": 0.346418648958,
        "median": 0.346569925547,
        "min": 0.0741615965962,
        "stdev": 0.107233382761,
        "var": 0.0114989988506
    },
    "silence_rate_20dB": {
        "dmean": 0,
        "dmean2": 0,
        "dvar": 0,
        "dvar2": 0,
        "max": 1,
        "mean": 1,
        "median": 1,
        "min": 1,
        "stdev": 0,
        "var": 0
    },
    "silence_rate_30dB": {
        "dmean": 0.1037151739,
        "dmean2": 0.20759101212,
        "dvar": 0.0929587930441,
        "dvar2": 0.218716904521,
        "max": 1,
        "mean": 0.813611745834,
        "median": 1,
        "min": 0,
        "stdev": 0.389421135187,
        "var": 0.151648819447
    },
    "silence_rate_60dB": {
        "dmean": 0.00696594407782,
        "dmean2": 0.0131680862978,
        "dvar": 0.00691750226542,
        "dvar2": 0.0145440064371,
        "max": 1,
        "mean": 0.0116009283811,
        "median": 0,
        "min": 0,
        "stdev": 0.107080630958,
        "var": 0.0114662619308
    },
    "spectral_centroid": {
        "dmean": 300.136138916,
        "dmean2": 480.634735107,
        "dvar": 262740.96875,
        "dvar2": 520492.0625,
        "max": 10799.8505859,
        "mean": 1125.99890137,
        "median": 1031.33459473,
        "min": 249.424880981,
        "stdev": 625.14251709,
        "var": 390803.1875
    },
    "spectral_complexity": {
        "dmean": 4.49303388596,
        "dmean2": 7.34004640579,
        "dvar": 38.2794189453,
        "dvar2": 97.8479995728,
        "max": 52,
        "mean": 19.379737854,
        "median": 18,
        "min": 0,
        "stdev": 8.62264633179,
        "var": 74.3500289917
    },
    "spectral_decrease": {
        "dmean": 1.98053973222e-09,
        "dmean2": 3.07258551935e-09,
        "dvar": 9.67100777426e-18,
        "dvar2": 2.50856864069e-17,
        "max": -1.61655668314e-29,
        "mean": -2.13713793329e-08,
        "median": -2.2582673509e-08,
        "min": -6.20716278377e-08,
        "stdev": 6.63869004214e-09,
        "var": 4.40722061979e-17
    },
    "spectral_energy": {
        "dmean": 0.00794275850058,
        "dmean2": 0.0123073076829,
        "dvar": 0.000141267009894,
        "dvar2": 0.000362413557013,
        "max": 0.237260699272,
        "mean": 0.0833687484264,
        "median": 0.0877975523472,
        "min": 1.07903085578e-20,
        "stdev": 0.025708168745,
        "var": 0.00066090998007
    },
    "spectral_energyband_high": {
        "dmean": 0.00110290676821,
        "dmean2": 0.00194218044635,
        "dvar": 3.64300240108e-06,
        "dvar2": 9.46145792113e-06,
        "max": 0.012011772953,
        "mean": 0.00113124074414,
        "median": 0.000447906902991,
        "min": 8.18176137662e-21,
        "stdev": 0.00186898792163,
        "var": 3.49311585524e-06
    },
    "spectral_energyband_low": {
        "dmean": 0.00549814291298,
        "dmean2": 0.00865681376308,
        "dvar": 0.000129284730065,
        "dvar2": 0.000356410455424,
        "max": 0.228392973542,
        "mean": 0.0615799985826,
        "median": 0.0671907812357,
        "min": 5.18253057965e-23,
        "stdev": 0.0220909547061,
        "var": 0.000488010293338
    },
    "spectral_energyband_middle_high": {
        "dmean": 0.00290131871589,
        "dmean2": 0.00468855304644,
        "dvar": 1.55747129611e-05,
        "dvar2": 3.86512365367e-05,
        "max": 0.053428158164,
        "mean": 0.00783278979361,
        "median": 0.00489591620862,
        "min": 1.51010373336e-21,
        "stdev": 0.00827723369002,
        "var": 6.85125996824e-05
    },
    "spectral_energyband_middle_low": {
        "dmean": 0.0042217373848,
        "dmean2": 0.00650848308578,
        "dvar": 2.49878612522e-05,
        "dvar2": 5.84957087995e-05,
        "max": 0.0780775770545,
        "mean": 0.0138209210709,
        "median": 0.0121632190421,
        "min": 2.692352987e-22,
        "stdev": 0.00921402126551,
        "var": 8.48981871968e-05
    },
    "spectral_entropy": {
        "dmean": 0.325203686953,
        "dmean2": 0.459843635559,
        "dvar": 0.111453786492,
        "dvar2": 0.207078382373,
        "max": 9.81006336212,
        "mean": 7.41665744781,
        "median": 7.45796442032,
        "min": 5.65334701538,
        "stdev": 0.521774232388,
        "var": 0.272248357534
    },
    "spectral_flux": {
        "dmean": 0.0226974003017,
        "dmean2": 0.0350036844611,
        "dvar": 0.000699808006175,
        "dvar2": 0.00131109415088,
        "max": 0.284869939089,
        "mean": 0.0824772045016,
        "median": 0.074720479548,
        "min": 1.03876407476e-10,
        "stdev": 0.0442506894469,
        "var": 0.00195812340826
    },
    "spectral_kurtosis": {
        "dmean": 3.42439842224,
        "dmean2": 4.82695388794,
        "dvar": 18.77576828,
        "dvar2": 32.3538627625,
        "max": 44.2335853577,
        "mean": 6.84839487076,
        "median": 4.66140127182,
        "min": -1.14905071259,
        "stdev": 6.71344709396,
        "var": 45.0703697205
    },
    "spectral_rms": {
        "dmean": 0.000433103909018,
        "dmean2": 0.000660206307657,
        "dvar": 3.97511428218e-07,
        "dvar2": 8.84897303877e-07,
        "max": 0.0152142643929,
        "mean": 0.00885224156082,
        "median": 0.00925506092608,
        "min": 3.24455393108e-12,
        "stdev": 0.00172427168582,
        "var": 2.97311271424e-06
    },
    "spectral_rolloff": {
        "dmean": 288.564483643,
        "dmean2": 494.980438232,
        "dvar": 694582.5625,
        "dvar2": 1381552.625,
        "max": 18087.890625,
        "mean": 685.100524902,
        "median": 452.197265625,
        "min": 64.599609375,
        "stdev": 1021.37634277,
        "var": 1043209.625
    },
    "spectral_skewness": {
        "dmean": 0.434453099966,
        "dmean2": 0.634438037872,
        "dvar": 0.235361367464,
        "dvar2": 0.448080867529,
        "max": 5.75549888611,
        "mean": 1.95488965511,
        "median": 1.7643610239,
        "min": -0.00796994753182,
        "stdev": 0.810529053211,
        "var": 0.656957387924
    },
    "spectral_spread": {
        "dmean": 1468753.375,
        "dmean2": 2074325.75,
        "dvar": 3.4046893097e+12,
        "dvar2": 5.71136016384e+12,
        "max": 39434512,
        "mean": 4894475.5,
        "median": 4442184,
        "min": 1110013,
        "stdev": 2379263.5,
        "var": 5.66089429811e+12
    },
    "spectral_strongpeak": {
        "dmean": 0.125048145652,
        "dmean2": 0.23251631856,
        "dvar": 0.165711686015,
        "dvar2": 0.486429721117,
        "max": 6.10514783859,
        "mean": 0.580358326435,
        "median": 0.51924598217,
        "min": 0,
        "stdev": 0.376746118069,
        "var": 0.141937628388
    },
    "zerocrossingrate": {
        "dmean": 0.00979019049555,
        "dmean2": 0.0132864695042,
        "dvar": 0.000313043507049,
        "dvar2": 0.000343276944477,
        "max": 0.4921875,
        "mean": 0.0335154272616,
        "median": 0.02880859375,
        "min": 0.0029296875,
        "stdev": 0.0287021994591,
        "var": 0.000823816284537
    },
    "barkbands": {
        "dmean": [0.000593440956436, 0.0050105098635, 0.000791528553236, 0.000477270863485, 0.000776286935434, 0.00124557397794, 0.000823733978905, 0.000816652667709, 0.00244916696101, 0.00075428315904, 0.0011017115321, 0.000759590067901, 0.000913422380108, 0.000315112003591, 0.000337357370881, 0.000314908305882, 0.000224636896746, 0.000202590556, 0.000151911081048, 0.000265719834715, 0.0002143397287, 0.000125991748064, 0.000126239378005, 0.000198815658223, 0.000192182458704, 0.000139033363666, 5.90503759668e-06],
        "dmean2": [0.000994509318843, 0.00773788522929, 0.00131511734799, 0.000807136821095, 0.00124946795404, 0.00173226941843, 0.00135989231057, 0.00127472926397, 0.00379346380942, 0.00122131593525, 0.00175472302362, 0.00127463066019, 0.00145883241203, 0.000501668429933, 0.000577341299504, 0.000544679583982, 0.000379067350877, 0.000321149796946, 0.000263771158643, 0.000477908644825, 0.000380066019716, 0.00020826063701, 0.000211802514968, 0.000343725288985, 0.000342214363627, 0.000250682933256, 1.0603877854e-05],
        "dvar": [1.46909405885e-06, 0.000127138075186, 2.18528498408e-06, 1.07620019207e-06, 1.77863262252e-06, 4.32623482993e-06, 2.59597186414e-06, 2.60288970821e-06, 1.72269828909e-05, 2.73578916676e-06, 6.77076423017e-06, 3.02857051793e-06, 3.3433561839e-06, 6.25811082955e-07, 4.79508912576e-07, 3.25953180891e-07, 1.68880035289e-07, 9.51798000415e-08, 8.23376709036e-08, 3.97941391839e-07, 1.95464792796e-07, 5.07819493123e-08, 4.68018015454e-08, 1.16011385387e-07, 1.53944284875e-07, 9.20721987541e-08, 1.81490461548e-10],
        "dvar2": [3.39187931786e-06, 0.000366211053915, 6.01924148214e-06, 2.74300759884e-06, 4.44479928774e-06, 8.88856993697e-06, 7.64908963902e-06, 6.59364695821e-06, 4.40883122792e-05, 7.02430770616e-06, 1.6101559595e-05, 8.35479568195e-06, 8.47457522468e-06, 1.41675559462e-06, 1.3081967154e-06, 8.54965207964e-07, 4.11033198588e-07, 2.22079449941e-07, 2.22420808882e-07, 1.13450062145e-06, 5.25861537426e-07, 1.21244440265e-07, 1.07486265222e-07, 2.94732444672e-07, 4.18563217863e-07, 2.52263419043e-07, 4.95238683396e-10],
        "max": [0.0208778325468, 0.209322094917, 0.02332162112, 0.0158210359514, 0.0193578768522, 0.0319608524442, 0.0203749332577, 0.0189996510744, 0.0616597421467, 0.0240923725069, 0.0454302802682, 0.0240214858204, 0.0225035324693, 0.0186104178429, 0.00954249408096, 0.00514723174274, 0.00571975391358, 0.00408382713795, 0.00256614992395, 0.00392212346196, 0.00371329928748, 0.00229766755365, 0.00248334370553, 0.00278198695742, 0.00314285955392, 0.00201887590811, 0.000129817373818],
        "mean": [0.00518444692716, 0.0521115511656, 0.00349196838215, 0.00134799676016, 0.00203780666925, 0.0032138901297, 0.00131540151779, 0.00127932836767, 0.00433075940236, 0.0011740893824, 0.00166039378382, 0.00120232382324, 0.00151631876361, 0.000519155408256, 0.000420667551225, 0.000419509742642, 0.000331313291099, 0.000363790604752, 0.000201868271688, 0.000280698237475, 0.000204441923415, 0.000161274743732, 0.000134763817186, 0.000201818475034, 0.000157724163728, 0.000101564044598, 3.94713924834e-06],
        "median": [0.00499879429117, 0.0558833628893, 0.00257598655298, 0.00061232218286, 0.00107097206637, 0.00161671556998, 0.00071363087045, 0.000481623254018, 0.00258702249266, 0.000307649286697, 0.000379303208319, 0.000290685275104, 0.000513278646395, 0.000163713164511, 0.000153508270159, 0.000138788716868, 0.000116810726468, 0.000202681228984, 0.000100500976259, 9.01091189007e-05, 5.65177870158e-05, 4.2229272367e-05, 3.62395476259e-05, 6.14708987996e-05, 3.23286949424e-05, 1.25399965327e-05, 2.69752007398e-07],
        "min": [1.31195741137e-23, 7.40673967914e-24, 1.37184994011e-23, 4.07455934551e-23, 4.17714439535e-23, 8.88235606718e-24, 1.62012623954e-23, 1.8365581175e-23, 9.81026538209e-23, 1.05329503237e-22, 4.69285400798e-23, 2.38967156995e-23, 8.95375113454e-23, 3.96708430469e-23, 1.23380130118e-22, 8.8977464279e-23, 1.43727011187e-22, 2.26093063774e-22, 3.22198612083e-22, 5.21074157091e-22, 4.03162877774e-22, 6.92940366882e-22, 5.84787915429e-22, 8.92486683473e-22, 1.35533826095e-21, 1.92398696578e-21, 2.37053848076e-21],
        "stdev": [0.00522416597232, 0.0207776837051, 0.00299433502369, 0.00176059617661, 0.00253255688585, 0.00412689475343, 0.00191548105795, 0.00213884655386, 0.00533274514601, 0.00246362620965, 0.00348580302671, 0.00229777605273, 0.00267221662216, 0.00122514239047, 0.000745221797843, 0.000696859671734, 0.000572742719669, 0.000483153271489, 0.000294469587971, 0.000521713634953, 0.000405712024076, 0.000290392665192, 0.000266866496531, 0.00036679286859, 0.000339214398991, 0.000252235447988, 1.08852273115e-05],
        "var": [2.7291909646e-05, 0.000431712105637, 8.96604160516e-06, 3.09969891532e-06, 6.41384485789e-06, 1.7031259631e-05, 3.66906783711e-06, 4.57466421722e-06, 2.84381712845e-05, 6.06945422987e-06, 1.21508219308e-05, 5.27977499587e-06, 7.14074121788e-06, 1.50097378082e-06, 5.5535554111e-07, 4.85613384171e-07, 3.28034190034e-07, 2.33437077668e-07, 8.67123404191e-08, 2.72185133099e-07, 1.64602255381e-07, 8.43279011065e-08, 7.12177197215e-08, 1.34537017971e-07, 1.15066413287e-07, 6.36227213135e-08, 1.18488177603e-10]
    },
    "erbbands": {
        "dmean": [0.206771090627, 1.01499032974, 1.15302741528, 1.17806100845, 1.61827218533, 2.73817229271, 6.41629076004, 12.0350418091, 12.5693187714, 11.8174467087, 19.2351360321, 58.5083732605, 29.8728809357, 34.2584342957, 28.546333313, 29.6793422699, 32.9023666382, 20.3333892822, 15.5207138062, 20.954908371, 16.0477600098, 12.229924202, 12.368935585, 6.19329309464, 9.2663640976, 13.016658783, 8.98919010162, 8.05958652496, 4.80114650726, 3.91895508766, 3.74608421326, 4.25549030304, 3.258497715, 2.12890505791, 1.36832249165, 0.766821920872, 0.207969874144, 0.0322128906846, 0.00081892585149, 3.25473884004e-05],
        "dmean2": [0.331500053406, 1.52868497372, 1.84732866287, 1.93216109276, 2.72477507591, 4.4044713974, 9.37116146088, 17.1640357971, 20.480096817, 18.4778251648, 29.7841396332, 92.0148391724, 46.6920852661, 55.8772010803, 46.4259757996, 49.9557609558, 52.6109542847, 31.723449707, 25.3742427826, 36.475063324, 27.6760845184, 20.4136314392, 19.5589885712, 9.94667434692, 16.43409729, 23.5355319977, 15.8345346451, 14.3575382233, 7.94560289383, 6.54773950577, 6.38940572739, 7.47706985474, 5.58701229095, 3.71971035004, 2.45855736732, 1.39465045929, 0.371480375528, 0.0573124438524, 0.0014552102657, 5.55883598281e-05],
        "dvar": [0.268634170294, 4.67148971558, 5.62057638168, 6.20862150192, 9.56116676331, 27.3695678711, 148.828094482, 410.966766357, 833.747497559, 394.412567139, 1224.30004883, 11549.5205078, 2256.81152344, 5610.07373047, 3162.18554688, 5222.28466797, 4584.09619141, 1306.87219238, 1513.16577148, 1883.16967773, 930.921447754, 501.522674561, 397.414672852, 110.398971558, 349.741027832, 1028.53442383, 307.614990234, 328.833312988, 88.3333816528, 44.1077651978, 43.4227561951, 62.3939933777, 29.6517391205, 16.7963619232, 9.22172832489, 3.20913481712, 0.184864863753, 0.00442863674834, 3.09464689963e-06, 2.9882962771e-09],
        "dvar2": [0.785156488419, 12.7027244568, 14.5029211044, 15.4643411636, 27.0528335571, 66.6923980713, 314.215515137, 837.390014648, 2324.55639648, 1018.2880249, 2980.78369141, 31229.2734375, 5551.56689453, 14196.3359375, 7534.26318359, 14453.8945312, 11400.4169922, 3087.28222656, 3695.29833984, 5207.33398438, 2531.3840332, 1199.11730957, 955.044128418, 240.923309326, 967.571350098, 2944.7578125, 825.70526123, 897.45111084, 219.801681519, 103.093208313, 102.34589386, 157.563949585, 76.1619415283, 44.7945556641, 25.3231544495, 8.8890914917, 0.500228524208, 0.0120333712548, 8.42857480166e-06, 8.0184605622e-09],
        "max": [9.913646698, 31.4472007751, 42.201084137, 33.4992713928, 44.2984924316, 94.9944076538, 196.329940796, 381.606903076, 454.496795654, 237.822845459, 397.148956299, 1518.40100098, 595.695373535, 1089.51794434, 751.875976562, 958.914672852, 761.897705078, 676.684753418, 862.688476562, 596.952758789, 228.915084839, 380.618499756, 315.730010986, 173.951660156, 139.469467163, 204.105377197, 120.293876648, 159.404846191, 94.2700500488, 91.1612319946, 61.4573059082, 61.9481735229, 46.9898872375, 32.7083015442, 26.5974216461, 12.8089447021, 3.41082763672, 0.502237677574, 0.0155389625579, 0.000468084122986],
        "mean": [1.94947135448, 9.51264286041, 7.51439237595, 4.69641542435, 3.07517766953, 7.28892707825, 15.8035640717, 33.1872558594, 22.8376941681, 21.0557899475, 32.7105751038, 99.5152053833, 58.584197998, 56.5690383911, 51.174030304, 49.896522522, 59.108001709, 35.9980125427, 25.7377643585, 26.4091739655, 20.9746284485, 19.1618480682, 23.1104030609, 10.9298753738, 11.6895837784, 13.4623756409, 9.5103559494, 7.30150985718, 5.84286499023, 4.87300348282, 3.76922678947, 3.98683524132, 3.43608999252, 1.97485935688, 1.00556468964, 0.548740506172, 0.156119674444, 0.0225126538426, 0.000610344461165, 0.000112718051241],
        "median": [1.66035974026, 8.40257549286, 7.31108045578, 2.30506491661, 1.83235764503, 3.12219905853, 8.39720821381, 13.249710083, 12.4554224014, 10.867190361, 14.8894710541, 58.0983200073, 34.4687728882, 17.6475200653, 16.894493103, 11.1348161697, 19.5918159485, 15.1474246979, 10.8473787308, 9.28447341919, 8.42113399506, 7.91977262497, 12.7498874664, 6.58256721497, 5.16750097275, 4.05619621277, 3.46225547791, 1.62600553036, 1.36036658287, 1.56838274002, 0.925094604492, 0.97986972332, 1.14911818504, 0.489987969398, 0.172645315528, 0.0672804489732, 0.0192843135446, 0.00214823032729, 9.59955432336e-05, 0.000105167040601],
        "min": [4.46338358455e-22, 1.1747879169e-21, 1.18875385988e-20, 7.99622121094e-20, 8.11241165267e-20, 1.81861551332e-19, 2.15803835018e-19, 4.02805002e-20, 2.10247352651e-19, 2.24900120494e-19, 5.58750991203e-19, 1.81437786704e-18, 4.36154097667e-18, 1.64642628828e-18, 2.2897618738e-18, 1.3741626848e-18, 4.23384166088e-18, 2.12436731711e-18, 4.01853481924e-18, 6.15903546702e-18, 6.81342301269e-18, 8.36984274455e-18, 1.10470525017e-17, 1.65854841337e-17, 1.84558106362e-17, 2.21171750708e-17, 1.65640121793e-17, 1.63436264487e-17, 1.7255015702e-17, 2.82190118256e-17, 1.77783149729e-17, 1.85365401552e-17, 1.47257505061e-17, 1.20859533008e-17, 1.147376851e-17, 6.52277656086e-18, 4.13224278855e-18, 1.35845504195e-18, 3.22871340546e-19, 3.06567158308e-20],
        "stdev": [1.15858316422, 5.82242965698, 5.53501272202, 5.41325902939, 3.71259522438, 9.97792816162, 22.9455032349, 43.408493042, 36.7689628601, 28.0426998138, 48.1599693298, 128.553619385, 73.0364685059, 109.656547546, 85.2419052124, 96.2053985596, 102.364700317, 56.7142410278, 55.4897727966, 48.9474945068, 32.1393470764, 32.574306488, 31.3512306213, 15.3349370956, 17.2704029083, 26.140165329, 16.2775745392, 16.3320350647, 11.3122997284, 8.25578975677, 7.71088027954, 8.24816226959, 5.91322278976, 3.88498401642, 2.47805213928, 1.44821405411, 0.369851976633, 0.0554281845689, 0.00144511938561, 5.58586689294e-05],
        "var": [1.34231507778, 33.9006843567, 30.6363658905, 29.3033733368, 13.7833633423, 99.5590591431, 526.496154785, 1884.29711914, 1351.95654297, 786.393005371, 2319.38256836, 16526.0332031, 5334.32617188, 12024.5585938, 7266.18261719, 9255.47851562, 10478.5322266, 3216.50512695, 3079.11499023, 2395.85717773, 1032.93762207, 1061.08532715, 982.899719238, 235.160293579, 298.266784668, 683.308227539, 264.959411621, 266.73538208, 127.96812439, 68.1580657959, 59.4576759338, 68.0321807861, 34.9662017822, 15.0931005478, 6.14074277878, 2.0973238945, 0.13679048419, 0.00307228346355, 2.08837013815e-06, 3.12019077242e-09]
    },
    "gfcc": {
        "mean": [27.7466983795, 105.570526123, -94.1810531616, 26.2892951965, -44.7579307556, 28.9648551941, -21.6294212341, 28.5491371155, -12.0608768463, 11.3141031265, -6.97120332718, 4.57261323929, -4.61019515991],
        "cov": [[4637.69873047, -1249.63452148, -435.195129395, 542.330078125, -459.220550537, 149.295501709, -189.179580688, 108.962409973, -102.436157227, 209.759017944, -78.4138183594, 133.301544189, -22.9731941223], [-1249.63452148, 1630.39221191, -180.35446167, -338.792022705, 369.653137207, -176.298980713, 138.17225647, -115.687995911, 83.1345214844, -176.851196289, 213.527893066, -76.4880905151, 61.9359397888], [-435.195129395, -180.35446167, 982.413330078, 137.310073853, -156.429595947, -79.5704269409, -152.958511353, 19.7239952087, -28.821138382, 69.6467208862, -50.9695854187, 41.2497596741, -8.43094825745], [542.330078125, -338.792022705, 137.310073853, 482.307769775, -174.940002441, -165.493530273, -113.638946533, 21.0915260315, 33.4208450317, 34.9224891663, -24.7738380432, -20.560338974, 42.9781455994], [-459.220550537, 369.653137207, -156.429595947, -174.940002441, 301.027069092, 40.0878105164, 86.6198272705, 44.1153564453, 71.3992538452, -30.8410282135, 33.6912345886, -22.8382396698, 22.6203022003], [149.295501709, -176.298980713, -79.5704269409, -165.493530273, 40.0878105164, 270.174804688, 88.2309875488, 12.6795492172, -13.8615961075, 32.4384536743, -16.2886219025, 21.6791782379, -21.6537971497], [-189.179580688, 138.17225647, -152.958511353, -113.638946533, 86.6198272705, 88.2309875488, 176.849197388, 9.66780567169, 31.3337917328, -3.4088010788, 31.9555950165, 8.83496952057, -0.34828877449], [108.962409973, -115.687995911, 19.7239952087, 21.0915260315, 44.1153564453, 12.6795492172, 9.66780567169, 173.743362427, 90.1593551636, 21.1382026672, -5.06484127045, -4.3622379303, 19.4767131805], [-102.436157227, 83.1345214844, -28.821138382, 33.4208450317, 71.3992538452, -13.8615961075, 31.3337917328, 90.1593551636, 171.296310425, 22.909702301, 11.3220310211, -19.2133159637, 32.3149452209], [209.759017944, -176.851196289, 69.6467208862, 34.9224891663, -30.8410282135, 32.4384536743, -3.4088010788, 21.1382026672, 22.909702301, 85.1344985962, -1.54962921143, 19.9151172638, -5.84536027908], [-78.4138183594, 213.527893066, -50.9695854187, -24.7738380432, 33.6912345886, -16.2886219025, 31.9555950165, -5.06484127045, 11.3220310211, -1.54962921143, 125.094352722, 26.4792041779, 10.8510427475], [133.301544189, -76.4880905151, 41.2497596741, -20.560338974, -22.8382396698, 21.6791782379, 8.83496952057, -4.3622379303, -19.2133159637, 19.9151172638, 26.4792041779, 93.2662963867, 1.77876496315], [-22.9731941223, 61.9359397888, -8.43094825745, 42.9781455994, 22.6203022003, -21.6537971497, -0.34828877449, 19.4767131805, 32.3149452209, -5.84536027908, 10.8510427475, 1.77876496315, 59.2049331665]],
        "icov": [[0.000620306353085, -0.000686155690346, 0.000837302184664, -0.00121942185797, 0.000843718415126, -0.00116915279068, 0.00104513939004, -0.00138470646925, 0.00103944342118, -0.00186125014443, 0.00108788046055, -0.00148580153473, 0.000768798287027], [-0.000686155690346, 0.00430917087942, -0.00171498989221, 0.00390293938108, -0.00282533513382, 0.00418027024716, -0.00251069152728, 0.00495333271101, -0.00340554933064, 0.0059673585929, -0.00587252946571, 0.00469788582996, -0.00350440549664], [0.000837302184664, -0.00171498989221, 0.00263254693709, -0.00209958478808, 0.00185251364019, -0.00187202100642, 0.0025418989826, -0.00289556197822, 0.00204439717345, -0.00434523634613, 0.00290344073437, -0.00322389788926, 0.00161290343385], [-0.00121942185797, 0.00390293938108, -0.00209958478808, 0.00852393917739, -0.000639591889922, 0.00636939518154, -0.00237722229213, 0.00481102382764, -0.00428430410102, 0.00452444842085, -0.00511142471805, 0.00629151845351, -0.00653264997527], [0.000843718415126, -0.00282533513382, 0.00185251364019, -0.000639591889922, 0.00824737921357, -0.00269159255549, 0.00114497635514, -0.0044403783977, 0.000829009979498, -0.00370830087923, 0.00326394336298, -0.0021181027405, -1.00394508991e-05], [-0.00116915279068, 0.00418027024716, -0.00187202100642, 0.00636939518154, -0.00269159255549, 0.0109161576256, -0.00542018888518, 0.00451306253672, -0.00253835180774, 0.00320883491077, -0.00408138846979, 0.00488460157067, -0.003909135703], [0.00104513939004, -0.00251069152728, 0.0025418989826, -0.00237722229213, 0.00114497635514, -0.00542018888518, 0.0113582508639, -0.00311570311897, 0.000783586408943, -0.00412686029449, 0.00205350457691, -0.00447465199977, 0.00271456828341], [-0.00138470646925, 0.00495333271101, -0.00289556197822, 0.00481102382764, -0.0044403783977, 0.00451306253672, -0.00311570311897, 0.0147103788331, -0.00869079306722, 0.00756162917241, -0.0062971287407, 0.00570113956928, -0.00466137938201], [0.00103944342118, -0.00340554933064, 0.00204439717345, -0.00428430410102, 0.000829009979498, -0.00253835180774, 0.000783586408943, -0.00869079306722, 0.0139155304059, -0.00925312656909, 0.00446614390239, -0.00223514484242, -0.000274597434327], [-0.00186125014443, 0.0059673585929, -0.00434523634613, 0.00452444842085, -0.00370830087923, 0.00320883491077, -0.00412686029449, 0.00756162917241, -0.00925312656909, 0.0269817784429, -0.00909898988903, 0.00450906297192, -0.00154279184062], [0.00108788046055, -0.00587252946571, 0.00290344073437, -0.00511142471805, 0.00326394336298, -0.00408138846979, 0.00205350457691, -0.0062971287407, 0.00446614390239, -0.00909898988903, 0.0179203636944, -0.00981852505356, 0.00370788061991], [-0.00148580153473, 0.00469788582996, -0.00322389788926, 0.00629151845351, -0.0021181027405, 0.00488460157067, -0.00447465199977, 0.00570113956928, -0.00223514484242, 0.00450906297192, -0.00981852505356, 0.0200446844101, -0.00696096383035], [0.000768798287027, -0.00350440549664, 0.00161290343385, -0.00653264997527, -1.00394508991e-05, -0.003909135703, 0.00271456828341, -0.00466137938201, -0.000274597434327, -0.00154279184062, 0.00370788061991, -0.00696096383035, 0.0254773721099]]
    },
    "melbands": {
        "dmean": [0.00156502658501, 0.000760314112995, 0.000200252063223, 0.000142836230225, 0.00020389528072, 0.000262499495875, 0.000177110210643, 0.000141295604408, 0.00017711178225, 0.00039994425606, 0.00015455626999, 0.000138897827128, 0.000119667958643, 8.14509548945e-05, 8.53644305607e-05, 9.08759975573e-05, 3.26015942846e-05, 2.83449317067e-05, 2.77990166069e-05, 2.56686362263e-05, 1.84100608749e-05, 1.41768659887e-05, 1.07852838482e-05, 9.99836993287e-06, 4.87827765028e-06, 6.79741151544e-06, 6.71600264468e-06, 1.00488559838e-05, 5.67413690078e-06, 5.24651431988e-06, 4.70600571134e-06, 2.67361292572e-06, 2.51980691246e-06, 2.13398902815e-06, 2.04225739253e-06, 2.55152031059e-06, 2.67091104433e-06, 2.23852725867e-06, 2.33294349528e-06, 1.63886136306e-06],
        "dmean2": [0.00246602087282, 0.00116231152788, 0.000334204116371, 0.000234176011872, 0.000302749685943, 0.000372220616555, 0.000287670030957, 0.000220665955567, 0.00027363904519, 0.000623628788162, 0.000240750989178, 0.000227057666052, 0.000192826380953, 0.000135051217512, 0.000143787867273, 0.000145598853123, 5.2039638831e-05, 4.63172546006e-05, 4.80238486489e-05, 4.42319578724e-05, 3.22738233081e-05, 2.41491743509e-05, 1.69667437149e-05, 1.60178988153e-05, 7.8459179349e-06, 1.20963368317e-05, 1.17842737382e-05, 1.84180753422e-05, 9.95902973955e-06, 9.28502140596e-06, 8.37345214677e-06, 4.39425821241e-06, 4.2258184294e-06, 3.56704595106e-06, 3.48143521478e-06, 4.44442730441e-06, 4.68598409498e-06, 3.83168207918e-06, 4.02333535021e-06, 2.86904742097e-06],
        "dvar": [1.37633087434e-05, 2.31674880524e-06, 1.64893151577e-07, 6.93281805297e-08, 1.35155943326e-07, 1.86490950682e-07, 1.39211095984e-07, 7.01962150629e-08, 1.12945400588e-07, 5.12461156177e-07, 6.28491889643e-08, 8.73115837408e-08, 6.88720689368e-08, 4.37599609882e-08, 4.54579804909e-08, 3.82548250855e-08, 4.0381675781e-09, 6.45233333429e-09, 3.4248555103e-09, 2.30128671674e-09, 1.45925327377e-09, 7.8968109829e-10, 3.0919095062e-10, 2.36239694473e-10, 7.78385481071e-11, 2.01932678912e-10, 1.65103375416e-10, 6.68929578396e-10, 1.15607912132e-10, 1.14009725272e-10, 1.16201860634e-10, 2.72675250435e-11, 2.07949265446e-11, 1.43812201731e-11, 1.30671298434e-11, 2.16372354062e-11, 2.51433075749e-11, 1.35979994625e-11, 1.94215008659e-11, 1.01420781495e-11],
        "dvar2": [4.05186474381e-05, 5.54054122404e-06, 4.22752407303e-07, 1.78728996048e-07, 2.92199729302e-07, 3.80070133588e-07, 3.84668197739e-07, 1.80712433462e-07, 2.68381455726e-07, 1.34709455324e-06, 1.52413605292e-07, 2.24993144116e-07, 1.64646067446e-07, 1.25584492139e-07, 1.19171644997e-07, 9.36743163038e-08, 8.90537865672e-09, 1.55387169798e-08, 9.55757073484e-09, 6.07735151092e-09, 3.9893350845e-09, 1.99074445817e-09, 7.08066827393e-10, 5.43148859222e-10, 1.67553221297e-10, 5.57308421634e-10, 4.59447396794e-10, 1.91845006547e-09, 3.10373060586e-10, 3.09621578376e-10, 3.17231046987e-10, 6.82834067067e-11, 4.79601254544e-11, 3.42747080717e-11, 3.11226912297e-11, 5.25254804928e-11, 6.48001999282e-11, 3.4525275e-11, 5.24103538346e-11, 2.69969168548e-11],
        "max": [0.0714419335127, 0.0242211967707, 0.00530828721821, 0.00417362479493, 0.0056983763352, 0.00787738990039, 0.00586360599846, 0.00318535207771, 0.00378227513283, 0.0109943933785, 0.00301344669424, 0.00405734218657, 0.00460738549009, 0.0033547070343, 0.00314967008308, 0.0026972417254, 0.00158918590751, 0.00193882989697, 0.000850457057822, 0.000645745603833, 0.000288814859232, 0.000420490017859, 0.000281969143543, 0.000225068433792, 0.000156105903443, 0.000127100196551, 7.88552279118e-05, 0.000167934107594, 6.97634313838e-05, 7.8592900536e-05, 9.44758576225e-05, 5.12417173013e-05, 4.48766732006e-05, 6.13239681115e-05, 3.2638614357e-05, 3.92657639168e-05, 4.02743244194e-05, 3.68471301044e-05, 3.93302980228e-05, 2.62712928816e-05],
        "mean": [0.0158653538674, 0.00685407221317, 0.000713724235538, 0.000331458810251, 0.000546568713617, 0.000702310469933, 0.000323552783811, 0.000241710367845, 0.000285413319943, 0.000683562073391, 0.000294435070828, 0.000225182491704, 0.000194442240172, 0.000126243350678, 0.000136793532874, 0.000144094592542, 5.53886748094e-05, 4.4883301598e-05, 3.25124710798e-05, 3.52765528078e-05, 2.13362491195e-05, 1.94133499463e-05, 2.04964271688e-05, 1.76090543391e-05, 7.78156390879e-06, 7.69602320361e-06, 8.60990621732e-06, 9.38691846386e-06, 6.16596025793e-06, 4.83250278194e-06, 4.0588874981e-06, 3.14400017487e-06, 3.2923130675e-06, 2.48036917583e-06, 2.04458933695e-06, 2.30103887588e-06, 2.4885446237e-06, 2.4124826723e-06, 2.23306233238e-06, 1.46138961554e-06],
        "median": [0.0168873686343, 0.0062284306623, 0.00042054624646, 0.000177873371285, 0.000297856895486, 0.000307328300551, 0.000195652639377, 0.000105480983621, 0.000111166213173, 0.000386467290809, 0.000165208839462, 6.74059338053e-05, 5.35590515938e-05, 3.42189014191e-05, 2.24897339649e-05, 4.9744543503e-05, 2.25064704864e-05, 1.60620638781e-05, 1.16548462756e-05, 1.17029812827e-05, 8.12757480162e-06, 7.2180373536e-06, 9.29929228732e-06, 9.6183266578e-06, 4.11926021116e-06, 3.25881478602e-06, 3.21535048897e-06, 2.40495728576e-06, 2.34936737797e-06, 1.13529608825e-06, 7.12054315954e-07, 6.46669207072e-07, 8.39417964471e-07, 7.93171238911e-07, 4.85843543174e-07, 4.5467558607e-07, 6.05883087701e-07, 7.87826479609e-07, 6.31441992027e-07, 2.97966209928e-07],
        "min": [4.44849905722e-24, 5.3527900344e-24, 1.44668554543e-23, 7.6710806576e-24, 8.98292321082e-24, 1.03327742657e-24, 3.2640175055e-24, 2.48371436059e-24, 4.83631293899e-24, 1.36494724941e-23, 2.21296215179e-23, 6.85961020997e-24, 6.9700870243e-24, 3.27902735916e-24, 7.21216634801e-24, 8.0439830961e-24, 3.47711900993e-24, 5.54367110206e-24, 8.41705829515e-24, 6.67825582102e-24, 9.04988645762e-24, 9.65099215651e-24, 8.57311470372e-24, 1.04024697323e-23, 1.39225540514e-23, 1.17975473662e-23, 1.85085432814e-23, 1.3542386204e-23, 1.18512545944e-23, 7.19617771518e-24, 1.07338686209e-23, 8.16587551659e-24, 1.54477377256e-23, 1.4490557569e-23, 1.03632452015e-23, 9.78712114976e-24, 1.17468496424e-23, 1.04158006927e-23, 1.0204449079e-23, 9.83054952031e-24],
        "stdev": [0.00658746389672, 0.00442051142454, 0.000765192322433, 0.000402518431656, 0.000749739992898, 0.0008985188324, 0.000482936156914, 0.000362460414181, 0.000464673736133, 0.000889163929969, 0.000384178594686, 0.000443769356934, 0.000361924321624, 0.000254243059317, 0.000312992022373, 0.000276135717286, 9.7399308288e-05, 0.000114478178148, 5.95760175202e-05, 6.13359879935e-05, 3.64573897969e-05, 3.60720187018e-05, 3.02921544062e-05, 2.35741299548e-05, 1.24363050418e-05, 1.27375406009e-05, 1.23974405142e-05, 2.05317282962e-05, 1.01126206573e-05, 9.89765067061e-06, 9.66432799032e-06, 6.31661896477e-06, 5.96122617935e-06, 4.47754564448e-06, 4.17904948335e-06, 5.16424097441e-06, 5.09759865963e-06, 4.11905330111e-06, 4.28600560554e-06, 2.99101770906e-06],
        "var": [4.33946806879e-05, 1.95409211301e-05, 5.85519273955e-07, 1.62021095207e-07, 5.62110074043e-07, 8.07336050457e-07, 2.33227339663e-07, 1.31377547063e-07, 2.1592167343e-07, 7.90612546098e-07, 1.47593183897e-07, 1.96931253527e-07, 1.30989207037e-07, 6.46395363901e-08, 9.79639978027e-08, 7.62509415608e-08, 9.48662481903e-09, 1.31052528829e-08, 3.5493017414e-09, 3.76210307351e-09, 1.32914135254e-09, 1.30119048869e-09, 9.1761465093e-10, 5.55739565478e-10, 1.54661672358e-10, 1.62244939705e-10, 1.53696527727e-10, 4.21551848984e-10, 1.02265092228e-10, 9.79634914855e-11, 9.33992327923e-11, 3.98996773121e-11, 3.55362163307e-11, 2.00484160523e-11, 1.74644552292e-11, 2.66693837153e-11, 2.5985512353e-11, 1.69665999999e-11, 1.83698438405e-11, 8.94618667341e-12]
    },
    "melbands128": {
