{
"lowlevel": {
    "average_loudness": 0.962458014488,
    "barkbands_crest": {
        "dmean": 2.47753715515,
        "dmean2": 3.97630238533,
        "dvar": 4.45688056946,
        "dvar2": 11.1410770416,
        "max": 24.659368515,
        "mean": 12.3781242371,
        "median": 11.9569301605,
        "min": 3.94751191139,
        "stdev": 4.02781391144,
        "var": 16.223285675
    },
    "barkbands_flatness_db": {
        "dmean": 0.0258785784245,
        "dmean2": 0.0370728634298,
        "dvar": 0.000648819899652,
        "dvar2": 0.00126498891041,
        "max": 0.397378444672,
        "mean": 0.195209354162,
        "median": 0.18628692627,
        "min": 0.0777679756284,
        "stdev": 0.0567630045116,
        "var": 0.00322203850374
    },
    "barkbands_kurtosis": {
        "dmean": 10.1930952072,
        "dmean2": 14.8892393112,
        "dvar": 366.020568848,
        "dvar2": 700.353088379,
        "max": 281.877471924,
        "mean": 19.1937046051,
        "median": 8.50591278076,
        "min": -1.85757875443,
        "stdev": 29.3358688354,
        "var": 860.593200684
    },
    "barkbands_skewness": {
        "dmean": 0.848146140575,
        "dmean2": 1.23627567291,
        "dvar": 1.10313725471,
        "dvar2": 2.1703145504,
        "max": 13.9754304886,
        "mean": 3.06890058517,
        "median": 2.63370728493,
        "min": -1.24137818813,
        "stdev": 2.13497972488,
        "var": 4.55813837051
    },
    "barkbands_spread": {
        "dmean": 6.78540945053,
        "dmean2": 10.5327701569,
        "dvar": 140.13571167,
        "dvar2": 319.504302979,
        "max": 110.366928101,
        "mean": 17.3584270477,
        "median": 13.1859321594,
        "min": 0.637693166733,
        "stdev": 15.8621015549,
        "var": 251.606262207
    },
    "dissonance": {
        "dmean": 0.0261311996728,
        "dmean2": 0.0440855696797,
        "dvar": 0.000604754372034,
        "dvar2": 0.00166969106067,
        "max": 0.5,
        "mean": 0.442838102579,
        "median": 0.450461775064,
        "min": 0.287920027971,
        "stdev": 0.0369839668274,
        "var": 0.00136781379115
    },
    "dynamic_complexity": 2.84227800369,
    "erbbands_crest": {
        "dmean": 2.7976911068,
        "dmean2": 4.4210858345,
        "dvar": 6.93627691269,
        "dvar2": 16.6367588043,
        "max": 27.0175609589,
        "mean": 12.1300592422,
        "median": 11.0182209015,
        "min": 2.58812522888,
        "stdev": 5.39612770081,
        "var": 29.1181964874
    },
    "erbbands_flatness_db": {
        "dmean": 0.0163167957217,
        "dmean2": 0.0233145542443,
        "dvar": 0.000227759490372,
        "dvar2": 0.000438201677753,
        "max": 0.30875107646,
        "mean": 0.143252551556,
        "median": 0.137932628393,
        "min": 0.0558244995773,
        "stdev": 0.0405823327601,
        "var": 0.00164692581166
    },
    "erbbands_kurtosis": {
        "dmean": 1.43342971802,
        "dmean2": 2.20517849922,
        "dvar": 4.29393148422,
        "dvar2": 10.8316459656,
        "max": 34.0157279968,
        "mean": 1.83659303188,
        "median": 0.86151766777,
        "min": -1.73742735386,
        "stdev": 3.6380136013,
        "var": 13.2351436615
    },
    "erbbands_skewness": {
        "dmean": 0.42985317111,
        "dmean2": 0.633560478687,
        "dvar": 0.198527351022,
        "dvar2": 0.398907154799,
        "max": 4.96932172775,
        "mean": 1.06194555759,
        "median": 1.05391466618,
        "min": -2.5302426815,
        "stdev": 0.961672842503,
        "var": 0.92481470108
    },
    "erbbands_spread": {
        "dmean": 12.1679153442,
        "dmean2": 18.361158371,
        "dvar": 255.460159302,
        "dvar2": 555.753295898,
        "max": 151.561599731,
        "mean": 48.0574188232,
        "median": 42.7538642883,
        "min": 5.82264232635,
        "stdev": 26.9425392151,
        "var": 725.900390625
    },
    "hfc": {
        "dmean": 6.50151109695,
        "dmean2": 9.20660495758,
        "dvar": 149.716674805,
        "dvar2": 296.710601807,
        "max": 352.245422363,
        "mean": 19.4613056183,
        "median": 12.935297966,
        "min": 3.10558680212e-05,
        "stdev": 23.3889083862,
        "var": 547.04107666
    },
    "loudness_ebu128": {
        "integrated": -13.9623012543,
        "loudness_range": 2.07521343231,
        "momentary": {
            "dmean": 0.889574229717,
            "dmean2": 1.24403393269,
            "dvar": 0.82893383503,
            "dvar2": 1.69045329094,
            "max": -9.76204109192,
            "mean": -14.5606536865,
            "median": -14.0290975571,
            "min": -27.7875461578,
            "stdev": 2.54144215584,
            "var": 6.45892858505
        },
        "short_term": {
            "dmean": 0.108598060906,
            "dmean2": 0.133406817913,
            "dvar": 0.00892909336835,
            "dvar2": 0.0133720086887,
            "max": -12.473279953,
            "mean": -14.1754236221,
            "median": -14.0403518677,
            "min": -17.8203048706,
            "stdev": 0.960113227367,
            "var": 0.921817362309
        }
    },
    "melbands_crest": {
        "dmean": 3.18061494827,
        "dmean2": 5.06937503815,
        "dvar": 7.71074867249,
        "dvar2": 19.0551948547,
        "max": 32.6831512451,
        "mean": 17.3223056793,
        "median": 16.5657157898,
        "min": 5.7501115799,
        "stdev": 5.40613794327,
        "var": 29.2263298035
    },
    "melbands_flatness_db": {
        "dmean": 0.030564211309,
        "dmean2": 0.0417619235814,
        "dvar": 0.000979393022135,
        "dvar2": 0.00179544684943,
        "max": 0.498998582363,
        "mean": 0.261343628168,
        "median": 0.257173001766,
        "min": 0.0862442627549,
        "stdev": 0.0754856616259,
        "var": 0.00569808483124
    },
    "melbands_kurtosis": {
        "dmean": 22.8809757233,
        "dmean2": 34.4813194275,
        "dvar": 2118.80102539,
        "dvar2": 4378.35986328,
        "max": 711.960876465,
        "mean": 46.7089233398,
        "median": 23.5495548248,
        "min": -0.1766269207,
        "stdev": 73.1357727051,
        "var": 5348.84130859
    },
    "melbands_skewness": {
        "dmean": 1.08265817165,
        "dmean2": 1.6438447237,
        "dvar": 1.99330425262,
        "dvar2": 4.45499658585,
        "max": 18.3807296753,
        "mean": 4.23431777954,
        "median": 3.70696163177,
        "min": 0.124446325004,
        "stdev": 2.93897128105,
        "var": 8.63755226135
    },
    "melbands_spread": {
        "dmean": 4.65208053589,
        "dmean2": 6.81278419495,
        "dvar": 80.884185791,
        "dvar2": 161.099563599,
        "max": 197.750869751,
        "mean": 13.8349571228,
        "median": 9.77572536469,
        "min": 0.456015944481,
        "stdev": 14.4851036072,
        "var": 209.818222046
    },
    "pitch_salience": {
        "dmean": 0.071145914495,
        "dmean2": 0.114287965,
        "dvar": 0.00394260231405,
        "dvar2": 0.00976227875799,
        "max": 0.778987288475,
        "mean": 0.461775183678,
        "median": 0.459030300379,
        "min": 0.145361229777,
        "stdev": 0.110864363611,
        "var": 0.0122909070924
    },
    "silence_rate_20dB": {
        "dmean": 0.0030959751457,
        "dmean2": 0.00619674660265,
        "dvar": 0.00308636715636,
        "dvar2": 0.00925678759813,
        "max": 1,
        "mean": 0.998453199863,
        "median": 1,
        "min": 0,
        "stdev": 0.0392987765372,
        "var": 0.00154439383186
    },
    "silence_rate_30dB": {
        "dmean": 0.0557275526226,
        "dmean2": 0.111541442573,
        "dvar": 0.0526216775179,
        "dvar2": 0.111493639648,
        "max": 1,
        "mean": 0.935808181763,
        "median": 1,
        "min": 0,
        "stdev": 0.245093211532,
        "var": 0.060070682317
    },
    "silence_rate_60dB": {
        "dmean": 0.00696594407782,
        "dmean2": 0.0131680862978,
        "dvar": 0.00691744498909,
        "dvar2": 0.0129947615787,
        "max": 1,
        "mean": 0.0270688328892,
        "median": 0,
        "min": 0,
        "stdev": 0.162283912301,
        "var": 0.0263360682875
    },
    "spectral_centroid": {
        "dmean": 197.657394409,
        "dmean2": 290.486022949,
        "dvar": 84419.1796875,
        "dvar2": 154087.640625,
        "max": 4316.24902344,
        "mean": 866.504760742,
        "median": 763.392333984,
        "min": 145.28112793,
        "stdev": 524.500915527,
        "var": 275101.21875
    },
    "spectral_complexity": {
        "dmean": 1.8351392746,
        "dmean2": 2.82339262962,
        "dvar": 3.09897851944,
        "dvar2": 6.36537218094,
        "max": 25,
        "mean": 10.09126091,
        "median": 10,
        "min": 0,
        "stdev": 4.48553609848,
        "var": 20.1200332642
    },
    "spectral_decrease": {
        "dmean": 4.69631267208e-09,
        "dmean2": 6.6332259685e-09,
        "dvar": 7.29274257937e-17,
        "dvar2": 1.54600360889e-16,
        "max": -3.78022605081e-14,
        "mean": -1.01906847405e-08,
        "median": -6.97269086913e-09,
        "min": -1.08115713715e-07,
        "stdev": 1.10434275058e-08,
        "var": 1.21957299288e-16
    },
    "spectral_energy": {
        "dmean": 0.0180482212454,
        "dmean2": 0.0253997668624,
        "dvar": 0.00104732636828,
        "dvar2": 0.00221558101475,
        "max": 0.41234099865,
        "mean": 0.0402271896601,
        "median": 0.0283790491521,
        "min": 1.45491412695e-07,
        "stdev": 0.0423843227327,
        "var": 0.00179643090814
    },
    "spectral_energyband_high": {
        "dmean": 0.000437054783106,
        "dmean2": 0.000659646000713,
        "dvar": 1.46902084452e-06,
        "dvar2": 2.92013487524e-06,
        "max": 0.0362410098314,
        "mean": 0.000792049453594,
        "median": 0.000352404051227,
        "min": 1.29511401603e-09,
        "stdev": 0.00189339136705,
        "var": 3.58493070962e-06
    },
    "spectral_energyband_low": {
        "dmean": 0.0154722072184,
        "dmean2": 0.022328004241,
        "dvar": 0.00102522945963,
        "dvar2": 0.00219975155778,
        "max": 0.40653270483,
        "mean": 0.0249312706292,
        "median": 0.0116989407688,
        "min": 1.01819146892e-07,
        "stdev": 0.0391680374742,
        "var": 0.00153413519729
    },
    "spectral_energyband_middle_high": {
        "dmean": 0.000743701355532,
        "dmean2": 0.00104131142143,
        "dvar": 1.78238940407e-06,
        "dvar2": 3.46959291164e-06,
        "max": 0.0223527103662,
        "mean": 0.00276661408134,
        "median": 0.000958836229984,
        "min": 3.25529891931e-09,
        "stdev": 0.00369701161981,
        "var": 1.36678945637e-05
    },
    "spectral_energyband_middle_low": {
        "dmean": 0.00433551240712,
        "dmean2": 0.00626173708588,
        "dvar": 2.95940953947e-05,
        "dvar2": 5.92312389927e-05,
        "max": 0.102493099868,
        "mean": 0.0127592636272,
        "median": 0.00894480291754,
        "min": 3.24543059094e-08,
        "stdev": 0.0123018920422,
        "var": 0.000151336556883
    },
    "spectral_entropy": {
        "dmean": 0.248006671667,
        "dmean2": 0.347384989262,
        "dvar": 0.067018777132,
        "dvar2": 0.119876891375,
        "max": 8.58428096771,
        "mean": 7.27956724167,
        "median": 7.26329994202,
        "min": 5.69452381134,
        "stdev": 0.482717454433,
        "var": 0.233016133308
    },
    "spectral_flux": {
        "dmean": 0.0312648005784,
        "dmean2": 0.0480551160872,
        "dvar": 0.00165383866988,
        "dvar2": 0.00381778692827,
        "max": 0.48420587182,
        "mean": 0.0872880294919,
        "median": 0.0738705694675,
        "min": 0.000381433375878,
        "stdev": 0.056543469429,
        "var": 0.00319716404192
    },
    "spectral_kurtosis": {
        "dmean": 1.08930695057,
        "dmean2": 1.6500493288,
        "dvar": 1.27394998074,
        "dvar2": 2.79087018967,
        "max": 17.0327377319,
        "mean": 3.54220175743,
        "median": 3.366086483,
        "min": -1.32337462902,
        "stdev": 2.03849983215,
        "var": 4.1554813385
    },
    "spectral_rms": {
        "dmean": 0.00120560277719,
        "dmean2": 0.00160218100064,
        "dvar": 2.30886803365e-06,
        "dvar2": 4.32623664892e-06,
        "max": 0.0200570169836,
        "mean": 0.00565068237484,
        "median": 0.00526183238253,
        "min": 1.19139767776e-05,
        "stdev": 0.00270477728918,
        "var": 7.31581985747e-06
    },
    "spectral_rolloff": {
        "dmean": 496.813964844,
        "dmean2": 877.792114258,
        "dvar": 2265490.75,
        "dvar2": 5822090,
        "max": 11757.1289062,
        "mean": 931.390686035,
        "median": 538.330078125,
        "min": 86.1328125,
        "stdev": 1512.67285156,
        "var": 2288179
    },
    "spectral_skewness": {
        "dmean": 0.208162978292,
        "dmean2": 0.299284785986,
        "dvar": 0.044749982655,
        "dvar2": 0.0851126611233,
        "max": 3.34591889381,
        "mean": 1.68194460869,
        "median": 1.69426107407,
        "min": -0.327041894197,
        "stdev": 0.418042600155,
        "var": 0.174759626389
    },
    "spectral_spread": {
        "dmean": 836125.8125,
        "dmean2": 1277020.5,
        "dvar": 1.42478226227e+12,
        "dvar2": 2.90293075149e+12,
        "max": 27670664,
        "mean": 6577537.5,
        "median": 6243813,
        "min": 3247201.5,
        "stdev": 1788584.75,
        "var": 3.19903524454e+12
    },
    "spectral_strongpeak": {
        "dmean": 0.482982814312,
        "dmean2": 0.786564826965,
        "dvar": 0.631670713425,
        "dvar2": 1.57166039944,
        "max": 11.2170848846,
        "mean": 1.1242736578,
        "median": 0.590571224689,
        "min": 0,
        "stdev": 1.35556125641,
        "var": 1.83754646778
    },
    "zerocrossingrate": {
        "dmean": 0.0115112680942,
        "dmean2": 0.0136215714738,
        "dvar": 0.000212292419747,
        "dvar2": 0.000244285300141,
        "max": 0.3525390625,
        "mean": 0.0494591519237,
        "median": 0.04296875,
        "min": 0.001953125,
        "stdev": 0.0330044813454,
        "var": 0.00108929572161
    },
    "barkbands": {
        "dmean": [0.000558614090551, 0.00727046374232, 0.00871463865042, 0.0011943243444, 0.00170755549334, 0.000856443017256, 0.000198287001695, 0.000848523399327, 0.00120794994291, 0.000345279637258, 6.29950591247e-05, 7.01428361936e-05, 9.17144934647e-05, 0.000174341781531, 0.000196070977836, 0.000127586303279, 0.000134637302835, 0.000106562656583, 4.21396798629e-05, 3.844981984e-05, 3.22484811477e-05, 5.67690985918e-05, 5.63102657907e-05, 9.56985095399e-05, 0.000168362283148, 8.74205870787e-05, 1.80096315638e-09],
        "dmean2": [0.000947973981965, 0.0108428681269, 0.0129854111001, 0.00189773889724, 0.00289566814899, 0.0014364796225, 0.000301234365907, 0.00121318013407, 0.00154966185801, 0.000464041047962, 9.40603276831e-05, 0.000103118967672, 0.000141049793456, 0.000259340857156, 0.000274035410257, 0.000193410305656, 0.000211820195545, 0.000168713260791, 6.40195066808e-05, 5.60365260753e-05, 4.77365101688e-05, 8.52153025335e-05, 8.44586829771e-05, 0.000147991449921, 0.000276753358776, 0.000140208285302, 3.32659522151e-09],
        "dvar": [1.22626317989e-06, 0.000236671956372, 0.000367289467249, 9.98820632958e-06, 3.58991951543e-06, 2.45782416641e-06, 3.29355060558e-07, 3.74900628231e-06, 1.16903402159e-05, 1.002635031e-06, 3.89486451979e-08, 5.13876265984e-08, 4.60196361018e-08, 2.10074631468e-07, 4.03780234137e-07, 1.19807069154e-07, 9.8999180409e-08, 3.69592640936e-08, 5.91300031161e-09, 6.83723344608e-09, 2.86950041506e-09, 6.47737197212e-09, 1.02821688941e-08, 1.98750711888e-07, 3.51800309772e-07, 4.23844745967e-08, 1.3561915656e-17],
        "dvar2": [3.14917815558e-06, 0.000520709319972, 0.00081834802404, 2.33724949794e-05, 9.48427532421e-06, 6.77952766637e-06, 6.54460279748e-07, 6.16232409811e-06, 2.02515620913e-05, 2.05012611332e-06, 7.76870976438e-08, 1.22260161106e-07, 9.46316589534e-08, 4.83056624034e-07, 7.82162146606e-07, 2.50881385e-07, 2.20260020001e-07, 8.29941697589e-08, 1.27798225336e-08, 1.25126211614e-08, 5.64144153614e-09, 1.41194593795e-08, 1.94887128657e-08, 3.84798454434e-07, 8.08968707133e-07, 9.9156267197e-08, 3.50432618053e-17],
        "max": [0.011068998836, 0.202242478728, 0.249921664596, 0.0488341152668, 0.019448556006, 0.015661008656, 0.0107398647815, 0.0543593391776, 0.0990099459887, 0.0268560405821, 0.00548253441229, 0.00379700725898, 0.00531033566222, 0.00646452000365, 0.0184187125415, 0.00827655941248, 0.00527532305568, 0.00263536442071, 0.00119379139505, 0.00158978928812, 0.000806524651125, 0.00102573772892, 0.00218493281864, 0.0138894012198, 0.017425628379, 0.00290210451931, 9.28871628503e-08],
        "mean": [0.00056063599186, 0.0109001966193, 0.0127703920007, 0.00174534681719, 0.00301597686484, 0.00125824729912, 0.000341303471942, 0.0022592865862, 0.00337952049449, 0.000999677693471, 0.000133279929287, 0.000121246899653, 0.000183643191122, 0.000344024680089, 0.000444542005425, 0.000303763605189, 0.000308281509206, 0.000238283886574, 8.25174647616e-05, 6.92082321621e-05, 5.94688935962e-05, 0.000126697428641, 0.000104371742054, 0.000152340624481, 0.000218279237743, 0.000106682804471, 1.51634749201e-09],
        "median": [0.000157384609338, 0.00432668905705, 0.00494312681258, 0.000587159418501, 0.00225104391575, 0.000628454261459, 9.46198852034e-05, 0.000343860883731, 0.000154680223204, 5.11799444212e-05, 2.21819027502e-05, 1.49324241647e-05, 3.04501463688e-05, 3.80981437047e-05, 4.25666585215e-05, 4.03768317483e-05, 6.96807328495e-05, 0.000100790777651, 3.5412987927e-05, 1.79816324817e-05, 3.17352569255e-05, 6.02417203481e-05, 5.16877626069e-05, 4.06838844356e-05, 5.1575647376e-05, 3.28737696691e-05, 5.02852703921e-10],
        "min": [7.07223346552e-09, 4.90081539795e-08, 1.74260761376e-09, 1.64675544312e-08, 1.02454862372e-08, 1.64766544852e-09, 2.67744204585e-09, 2.78822714916e-10, 6.16915463159e-10, 3.09897996154e-10, 7.64361907102e-10, 5.63044888491e-10, 2.5096175138e-10, 3.28095495217e-10, 3.26959292973e-10, 2.09468040135e-10, 2.26734714337e-10, 1.02985099615e-10, 1.16640197501e-10, 1.65688976428e-10, 1.18036469487e-10, 2.20580706478e-10, 2.03084202233e-10, 2.02766053947e-10, 1.84316034657e-10, 2.23837087754e-10, 3.25343267951e-13],
        "stdev": [0.00109570659697, 0.0185287576169, 0.0228300560266, 0.0039070462808, 0.00270374282263, 0.00174762948882, 0.000871418509632, 0.00554490415379, 0.00967883691192, 0.00287174154073, 0.000382796861231, 0.000398651580326, 0.000411641958635, 0.000821842171717, 0.00146996520925, 0.000880113337189, 0.000651867012493, 0.000365239451639, 0.000120405100461, 0.000155485904543, 8.40376887936e-05, 0.000152328808326, 0.000165495599504, 0.000692844158038, 0.000821531575639, 0.000232319929637, 4.34510560865e-09],
        "var": [1.20057302411e-06, 0.000343314837664, 0.000521211477462, 1.52650100063e-05, 7.31022464606e-06, 3.05420871882e-06, 7.5937020938e-07, 3.07459631586e-05, 9.36798751354e-05, 8.246899597e-06, 1.46533437828e-07, 1.58923086246e-07, 1.69449094756e-07, 6.75424530527e-07, 2.16079774873e-06, 7.74599470788e-07, 4.2493059027e-07, 1.33399865376e-07, 1.44973881788e-08, 2.41758684183e-08, 7.06233338477e-09, 2.3204066224e-08, 2.73887952318e-08, 4.80033065742e-07, 6.74914133469e-07, 5.39725526494e-08, 1.88799441865e-17]
    },
    "erbbands": {
        "dmean": [0.181294575334, 1.89772796631, 9.60685157776, 5.70206022263, 4.06135988235, 6.90484333038, 7.07563591003, 8.66206741333, 3.12666845322, 9.43876457214, 18.472661972, 29.5829143524, 16.6398353577, 3.63948893547, 2.85808324814, 2.10782337189, 3.99596858025, 8.32279586792, 9.92928028107, 7.49924659729, 5.99113035202, 7.9996099472, 6.4906206131, 2.04642224312, 2.17703294754, 1.56068682671, 1.26346981525, 1.39782238007, 2.21663808823, 1.67247307301, 1.66241908073, 1.82370114326, 1.8948713541, 1.62233698368, 1.25806188583, 0.694884896278, 0.0948152840137, 0.00560952024534, 0.000127361723571, 2.5162989914e-05],
        "dmean2": [0.278919309378, 2.82974147797, 14.3581295013, 8.5858297348, 6.4128370285, 11.9336862564, 12.0022325516, 14.4153985977, 4.95114517212, 13.8455123901, 25.4526748657, 37.1191368103, 21.0587692261, 5.12162303925, 4.19434833527, 3.11365389824, 6.00949716568, 12.2481985092, 13.4410190582, 11.0073575974, 8.68165969849, 12.5998239517, 10.1911144257, 3.0754070282, 3.19615626335, 2.29067873955, 1.91940104961, 2.08770179749, 3.32935881615, 2.58908820152, 2.45220041275, 2.59452533722, 3.0178437233, 2.56097006798, 2.10829758644, 1.14198946953, 0.156058475375, 0.00936099607497, 0.000207990291528, 3.55709344149e-05],
        "dvar": [0.112838424742, 18.3827762604, 507.40536499, 128.502182007, 77.7948760986, 61.812953949, 80.0899429321, 307.612701416, 52.7210769653, 465.196289062, 1988.20007324, 7026.05029297, 1659.96887207, 79.5054016113, 46.5051841736, 45.7846794128, 87.8965301514, 512.321960449, 832.681762695, 536.845947266, 254.966400146, 362.791168213, 122.444030762, 19.401725769, 16.8273773193, 11.306470871, 6.13838148117, 5.31928396225, 10.3468360901, 6.31471824646, 10.6681127548, 30.8775901794, 119.855903625, 89.9693069458, 10.4990530014, 3.15608549118, 0.0478035882115, 0.000184672739124, 8.7245879854e-08, 1.4841500251e-09],
        "dvar2": [0.273416638374, 40.5885696411, 1139.57373047, 296.255767822, 166.887084961, 173.784378052, 214.327941895, 848.799377441, 113.000022888, 808.871826172, 3774.39086914, 11244.0791016, 3099.30224609, 171.098983765, 99.1845016479, 116.83745575, 169.077453613, 1210.03674316, 1385.74914551, 1190.6472168, 479.455841064, 812.004516602, 288.035095215, 33.9048805237, 37.2316513062, 21.3030452728, 12.6674070358, 10.5560674667, 21.8827056885, 14.3140583038, 18.6165409088, 37.5702514648, 260.739562988, 209.672607422, 26.1358299255, 7.94651508331, 0.109199933708, 0.000445689103799, 2.02709173891e-07, 2.99772628942e-09],
        "max": [3.86133003235, 51.2810935974, 312.941802979, 171.239639282, 134.218414307, 67.9689865112, 105.496322632, 191.517272949, 114.76751709, 445.199035645, 864.35345459, 2815.90625, 1083.13598633, 190.437728882, 123.291603088, 130.397094727, 288.627349854, 357.7527771, 1158.70996094, 391.448638916, 303.272460938, 319.795898438, 176.460327148, 129.790176392, 88.2816619873, 55.0560112, 35.8466415405, 31.3354797363, 44.4086914062, 31.1948223114, 85.6403961182, 210.161209106, 336.91494751, 296.119689941, 50.0643920898, 17.164642334, 4.63877010345, 0.301585882902, 0.0065541821532, 0.000593944860157],
        "mean": [0.273613393307, 2.74563908577, 13.6752929688, 9.21600341797, 6.71747350693, 11.1715631485, 12.2016792297, 12.0267944336, 5.21494674683, 24.3426418304, 45.2784996033, 92.0076904297, 51.186126709, 9.13465213776, 6.43076896667, 3.95814990997, 8.95920372009, 18.5139312744, 26.1547718048, 16.1426429749, 14.3314495087, 19.1851272583, 15.3763036728, 4.76745176315, 4.47317886353, 2.96714711189, 2.17889618874, 2.70221662521, 4.79872465134, 3.66736602783, 2.94559454918, 3.09906744957, 2.60976815224, 2.44335341454, 1.49462544918, 0.723109424114, 0.135579228401, 0.00763308769092, 0.000195590313524, 5.87639406149e-05],
        "median": [0.127214610577, 1.03285419941, 5.23413085938, 4.05924081802, 3.13403511047, 8.489153862, 7.58408260345, 5.71983528137, 2.09640169144, 5.19243001938, 9.48102283478, 6.51086854935, 5.07087612152, 1.87198424339, 1.43895804882, 0.967719912529, 1.55569541454, 2.44391536713, 2.78809595108, 2.57698965073, 2.62563800812, 5.14296197891, 6.35769081116, 2.27539801598, 1.85756671429, 0.946206212044, 1.0573387146, 1.38407802582, 2.24730944633, 1.87125134468, 1.40280818939, 1.12087881565, 0.587713241577, 0.586963176727, 0.362669974566, 0.18715532124, 0.0491866581142, 0.00279056048021, 9.06241039047e-05, 4.13978814322e-05],
        "min": [1.81237601282e-06, 9.7722540886e-06, 1.75007426151e-05, 4.22288103437e-05, 5.11779326189e-05, 2.78135630651e-05, 5.51263929083e-06, 1.91848430404e-05, 4.11105138483e-05, 2.16633670789e-05, 6.97012001183e-06, 1.41296377478e-05, 9.57302108873e-06, 1.8286267732e-05, 3.38631652994e-05, 1.98403540708e-05, 1.28490883071e-05, 1.29389900394e-05, 1.85907447303e-05, 1.65553410625e-05, 1.16202973004e-05, 1.08649001049e-05, 6.02645877734e-06, 4.99634552398e-06, 6.89841181156e-06, 8.74121542438e-06, 5.03013689013e-06, 5.44243403056e-06, 6.51210802971e-06, 7.69354301156e-06, 5.95316942054e-06, 3.85983548767e-06, 3.67131156054e-06, 2.30522141464e-06, 1.35025823056e-06, 1.34269839691e-06, 2.70757311682e-07, 5.15794802425e-08, 1.08508162455e-08, 1.21206111814e-09],
        "stdev": [0.402829915285, 5.01175117493, 25.715959549, 14.210609436, 12.3944787979, 10.015417099, 13.3929700851, 18.3688259125, 11.2606124878, 50.9835281372, 97.6642227173, 270.895629883, 120.68372345, 19.2613353729, 13.4646625519, 9.67952728271, 20.2096290588, 43.2095031738, 88.0657958984, 38.119556427, 35.6327667236, 39.3367156982, 22.718919754, 7.14380788803, 7.5079703331, 6.22972536087, 3.53692555428, 3.69027352333, 5.99135684967, 4.54347419739, 5.44455242157, 10.0577058792, 14.6370830536, 13.1846218109, 3.7083466053, 1.7576508522, 0.297307491302, 0.0160447116941, 0.000376787298592, 5.88299153605e-05],
        "var": [0.162271931767, 25.1176490784, 661.310546875, 201.941421509, 153.62310791, 100.308586121, 179.371643066, 337.413787842, 126.801391602, 2599.32006836, 9538.30078125, 73384.4453125, 14564.5615234, 370.999023438, 181.297134399, 93.6932525635, 408.429077148, 1867.0612793, 7755.58447266, 1453.10058594, 1269.69396973, 1547.37731934, 516.149291992, 51.0339889526, 56.3696212769, 38.8094787598, 12.5098419189, 13.6181192398, 35.8963546753, 20.6431598663, 29.6431503296, 101.157455444, 214.24420166, 173.834259033, 13.7518339157, 3.08933639526, 0.0883917510509, 0.000257432751823, 1.41968669709e-07, 3.46095907489e-09]
    },
    "gfcc": {
        "mean": [-6.35764694214, 79.810798645, -74.5726165771, 41.6832580566, -57.4140701294, 19.6086673737, -47.4846191406, 22.7912979126, -17.2456169128, 4.90974998474, -27.2013492584, 4.14135932922, -16.2392578125],
        "cov": [[4125.45947266, -185.201019287, -254.240783691, -4.17494821548, 296.330078125, 452.880889893, 54.22082901, 256.654632568, -76.4766540527, -197.297470093, -348.198516846, -96.4076004028, 76.0358123779], [-185.201019287, 826.081359863, 295.449676514, 180.503173828, 172.699676514, -11.2645397186, 133.369857788, -59.1670417786, 63.754825592, -165.051528931, -15.6052951813, -44.7020111084, 24.9915065765], [-254.240783691, 295.449676514, 840.993408203, 550.924682617, 209.090576172, -3.6205906868, -36.8384895325, -37.2857322693, -24.296667099, -88.6855773926, 56.5160598755, 54.7808074951, 59.7569351196], [-4.17494821548, 180.503173828, 550.924682617, 748.344604492, 274.561187744, 10.3226060867, -69.3953399658, -16.9995822906, -22.8663024902, -129.101669312, 9.74241447449, 8.93816184998, 160.002960205], [296.330078125, 172.699676514, 209.090576172, 274.561187744, 285.064178467, 69.7449874878, -10.5992889404, 25.2274265289, 3.41455578804, -91.1317520142, -60.3828849792, -29.1314525604, 75.2929840088], [452.880889893, -11.2645397186, -3.6205906868, 10.3226060867, 69.7449874878, 188.05291748, 70.2929611206, 19.8966293335, -25.4476413727, -27.0747413635, -27.1052265167, -36.2136993408, 4.25745916367], [54.22082901, 133.369857788, -36.8384895325, -69.3953399658, -10.5992889404, 70.2929611206, 204.339614868, -18.0381221771, -22.5945892334, -13.7337169647, 5.94876384735, -25.4550476074, -70.862701416], [256.654632568, -59.1670417786, -37.2857322693, -16.9995822906, 25.2274265289, 19.8966293335, -18.0381221771, 101.561676025, 31.1136627197, -7.20965576172, -33.8290939331, -1.40991044044, 36.1859931946], [-76.4766540527, 63.754825592, -24.296667099, -22.8663024902, 3.41455578804, -25.4476413727, -22.5945892334, 31.1136627197, 113.856216431, 15.9778432846, -15.936009407, -13.789188385, 7.16806030273], [-197.297470093, -165.051528931, -88.6855773926, -129.101669312, -91.1317520142, -27.0747413635, -13.7337169647, -7.20965576172, 15.9778432846, 138.267852783, 60.0428581238, 15.4572992325, -32.7483978271], [-348.198516846, -15.6052951813, 56.5160598755, 9.74241447449, -60.3828849792, -27.1052265167, 5.94876384735, -33.8290939331, -15.936009407, 60.0428581238, 139.289413452, 52.1903533936, -21.7639713287], [-96.4076004028, -44.7020111084, 54.7808074951, 8.93816184998, -29.1314525604, -36.2136993408, -25.4550476074, -1.40991044044, -13.789188385, 15.4572992325, 52.1903533936, 101.475074768, 6.98241281509], [76.0358123779, 24.9915065765, 59.7569351196, 160.002960205, 75.2929840088, 4.25745916367, -70.862701416, 36.1859931946, 7.16806030273, -32.7483978271, -21.7639713287, 6.98241281509, 161.708526611]],
        "icov": [[0.000514181912877, -0.000191415470908, 0.000277650513453, -0.000244013033807, -8.19707020128e-06, -0.00114826473873, 0.000384373997804, -0.00108584633563, 0.000660084129777, -0.000166924321093, 0.00108146597631, -0.000528962351382, 0.000477447116282], [-0.000191415470908, 0.00420805253088, -0.00166797381826, 0.00212222361006, -0.00215483992361, 0.00258053001016, -0.00365678872913, 0.00380631443113, -0.00428007636219, 0.00544141838327, -0.00287404912524, 0.00208004051819, -0.00274756341241], [0.000277650513453, -0.00166797381826, 0.00342809129506, -0.00283392192796, 0.000188885693206, -0.00146930234041, 0.00165093888063, -0.0016190095339, 0.00167356710881, -0.00186159985606, 0.000871570082381, -0.00225735758431, 0.00246453681029], [-0.000244013033807, 0.00212222361006, -0.00283392192796, 0.00556600885466, -0.00311766960658, 0.00220565567724, -0.00159423402511, 0.00314645981416, -0.00195429520682, 0.00435530068353, -0.00335773243569, 0.0023702243343, -0.00426808930933], [-8.19707020128e-06, -0.00215483992361, 0.000188885693206, -0.00311766960658, 0.00870562996715, -0.00327349407598, 0.00193233473692, -0.00255622086115, 0.00130603369325, -0.00160848919768, 0.00345454108901, -0.000420566124376, 0.000902876083273], [-0.00114826473873, 0.00258053001016, -0.00146930234041, 0.00220565567724, -0.00327349407598, 0.0115600936115, -0.00524496845901, 0.0023225217592, -0.00134784518741, 0.00294462707825, -0.00401046127081, 0.00419555976987, -0.0031614836771], [0.000384373997804, -0.00365678872913, 0.00165093888063, -0.00159423402511, 0.00193233473692, -0.00524496845901, 0.0105654951185, -0.00332008581609, 0.00427438644692, -0.00286129047163, 0.00141966703814, -0.000795755360741, 0.00541950948536], [-0.00108584633563, 0.00380631443113, -0.0016190095339, 0.00314645981416, -0.00255622086115, 0.0023225217592, -0.00332008581609, 0.0187549702823, -0.00823468156159, 0.00456320587546, -0.0017748111859, 0.000281659158645, -0.00607727654278], [0.000660084129777, -0.00428007636219, 0.00167356710881, -0.00195429520682, 0.00130603369325, -0.00134784518741, 0.00427438644692, -0.00823468156159, 0.0157098919153, -0.00719440961257, 0.00427983282134, -0.0003318383242, 0.00324650504626], [-0.000166924321093, 0.00544141838327, -0.00186159985606, 0.00435530068353, -0.00160848919768, 0.00294462707825, -0.00286129047163, 0.00456320587546, -0.00719440961257, 0.0195984877646, -0.00948469527066, 0.00392616353929, -0.00314563373104], [0.00108146597631, -0.00287404912524, 0.000871570082381, -0.00335773243569, 0.00345454108901, -0.00401046127081, 0.00141966703814, -0.0017748111859, 0.00427983282134, -0.00948469527066, 0.0176357124001, -0.00777535606176, 0.00305107678287], [-0.000528962351382, 0.00208004051819, -0.00225735758431, 0.0023702243343, -0.000420566124376, 0.00419555976987, -0.000795755360741, 0.000281659158645, -0.0003318383242, 0.00392616353929, -0.00777535606176, 0.0160102229565, -0.002838131506], [0.000477447116282, -0.00274756341241, 0.00246453681029, -0.00426808930933, 0.000902876083273, -0.0031614836771, 0.00541950948536, -0.00607727654278, 0.00324650504626, -0.00314563373104, 0.00305107678287, -0.002838131506, 0.0128463506699]]
    },
    "melbands": {
        "dmean": [0.00172338215634, 0.00386491091922, 0.0009637826588, 0.000361904181773, 0.000278316991171, 0.000177154652192, 4.58759277535e-05, 0.000133348541567, 0.000160038034664, 0.000192970968783, 7.9761397501e-05, 1.50526657308e-05, 8.83169286681e-06, 8.66130721988e-06, 5.58153260499e-06, 1.03481152109e-05, 1.76735866262e-05, 1.60878735187e-05, 1.32292916533e-05, 1.04733635453e-05, 6.3970210249e-06, 9.9517947092e-06, 7.40723316994e-06, 3.75522017748e-06, 1.70343491845e-06, 1.89409229279e-06, 1.72842510437e-06, 9.78555704023e-07, 8.24474739147e-07, 8.12915288861e-07, 9.05829267595e-07, 1.31426668304e-06, 1.22839401229e-06, 9.6758537893e-07, 9.87412363429e-07, 1.03012348518e-06, 1.2363004771e-06, 1.28122962906e-06, 1.72003763055e-06, 1.26721511151e-06],
        "dmean2": [0.00253535714, 0.00569342216477, 0.00143551558722, 0.000613042386249, 0.000470909057185, 0.000294776022201, 7.28200611775e-05, 0.000192734325537, 0.00021942256717, 0.000235445157159, 0.000102682046418, 2.16340013139e-05, 1.2975109712e-05, 1.27424909806e-05, 8.34699949337e-06, 1.57499125635e-05, 2.59131593339e-05, 2.21609752771e-05, 1.92196894204e-05, 1.57937774929e-05, 9.47008265939e-06, 1.54589470185e-05, 1.18055231724e-05, 5.74921568841e-06, 2.64840491582e-06, 2.84398220174e-06, 2.53515395343e-06, 1.49560139562e-06, 1.29223417389e-06, 1.24748908092e-06, 1.38242796766e-06, 2.01398938771e-06, 1.90755758922e-06, 1.53245684942e-06, 1.48699973579e-06, 1.54852375545e-06, 1.78028699338e-06, 1.96405767383e-06, 2.91988544632e-06, 1.95515326595e-06],
        "dvar": [1.10992259579e-05, 7.96134991106e-05, 3.37459641742e-06, 2.05020981525e-07, 1.04420479374e-07, 1.22148634318e-07, 1.23606893609e-08, 9.98426727961e-08, 1.99893733566e-07, 2.97823731898e-07, 4.03861335485e-08, 1.52557233513e-09, 5.51853285291e-10, 8.46243797259e-10, 2.11717740561e-10, 6.73790079286e-10, 2.64149924156e-09, 2.11443995646e-09, 2.75665401617e-09, 8.91724083463e-10, 2.98055163883e-10, 6.25872353943e-10, 1.92368496132e-10, 4.05739990217e-11, 1.45557801923e-11, 1.48790996884e-11, 1.50887861233e-11, 5.09190172665e-12, 3.36380359331e-12, 1.75615956239e-12, 2.30655360263e-12, 3.98240945429e-12, 3.11477753312e-12, 2.31938058169e-12, 4.30531608628e-12, 3.66050332407e-12, 1.90795400312e-11, 3.4549509087e-11, 1.59934065991e-10, 4.80597853181e-11],
        "dvar2": [2.50320154009e-05, 0.000177137495484, 7.51878405936e-06, 5.15959527547e-07, 2.8973599342e-07, 3.37128398087e-07, 2.6226770089e-08, 1.64580228557e-07, 3.95391651864e-07, 4.36995691189e-07, 7.78176740823e-08, 3.13623282899e-09, 1.0189412647e-09, 2.0487640473e-09, 5.02186403573e-10, 1.36182110033e-09, 6.28383833856e-09, 3.60839869096e-09, 5.94919935537e-09, 1.87649207284e-09, 5.58254442673e-10, 1.3895993245e-09, 4.70154137844e-10, 9.08259786825e-11, 2.61979639371e-11, 3.31259533692e-11, 2.93346909264e-11, 9.65746232984e-12, 7.25454245287e-12, 3.70998110705e-12, 4.76888797549e-12, 8.53586298866e-12, 7.33082171356e-12, 5.42032824874e-12, 8.45822197004e-12, 6.27487992122e-12, 2.24512006208e-11, 6.89027307432e-11, 4.01678579287e-10, 1.01937916441e-10],
        "max": [0.0459014028311, 0.121776759624, 0.0245765484869, 0.0052643190138, 0.00362283410504, 0.00370123819448, 0.00189636263531, 0.00804254412651, 0.00991952978075, 0.0192025527358, 0.00532854301855, 0.000718258146662, 0.000605860841461, 0.000560621905606, 0.000235580184381, 0.000599032151513, 0.00081188895274, 0.00180790293962, 0.00126913236454, 0.000787283235695, 0.000310361472657, 0.000453073822428, 0.000220217960305, 8.86771740625e-05, 0.000112494162749, 6.12974763499e-05, 0.000100742676295, 3.83628248528e-05, 2.70534474112e-05, 1.83223855856e-05, 1.9983479433e-05, 2.41279303737e-05, 2.55627546721e-05, 1.7664871848e-05, 4.61082345282e-05, 5.6869826949e-05, 0.000165512115927, 0.000194451611605, 0.000358166143997, 0.000215865977225],
        "mean": [0.00271463789977, 0.00565757695585, 0.00163256982341, 0.000609717913903, 0.000479150156025, 0.000247476535151, 7.2697403084e-05, 0.000361227837857, 0.000354536517989, 0.000596625148319, 0.000232737147599, 3.33604657499e-05, 1.87810819625e-05, 1.67064317793e-05, 1.01300302049e-05, 2.06955428439e-05, 3.65675950889e-05, 4.12085137214e-05, 2.3253265681e-05, 2.63286856352e-05, 1.31957385747e-05, 2.22816397581e-05, 1.58292205015e-05, 8.59816100274e-06, 3.30413263328e-06, 3.29053341375e-06, 3.25219571096e-06, 1.62164405992e-06, 1.28952331124e-06, 1.36812298024e-06, 1.60955937645e-06, 2.66248162006e-06, 2.59122202806e-06, 1.86051227047e-06, 1.6308248405e-06, 1.71281260464e-06, 1.99612168217e-06, 1.79503058462e-06, 1.9564156446e-06, 2.1179171199e-06],
        "median": [0.00116139696911, 0.00240658316761, 0.000760059861932, 0.000429678126238, 0.000338030658895, 0.000119808442832, 2.39761611738e-05, 6.14043165115e-05, 6.13782249275e-05, 2.52846548392e-05, 1.87930636457e-05, 5.03154342368e-06, 3.82912321584e-06, 2.56632051787e-06, 2.00515205506e-06, 3.32594390784e-06, 3.28040300701e-06, 3.97924395656e-06, 3.3467135836e-06, 2.80349036075e-06, 2.53407984019e-06, 4.23172696173e-06, 7.36390211387e-06, 3.48879689227e-06, 1.53458586283e-06, 1.32361640226e-06, 9.9130761555e-07, 4.80664141378e-07, 5.73712554797e-07, 6.62059903789e-07, 8.02498163921e-07, 1.21013465559e-06, 1.1888582776e-06, 8.73059946116e-07, 7.12900998678e-07, 7.92485820966e-07, 5.86252099311e-07, 3.35544996233e-07, 3.74297002281e-07, 5.06433366354e-07],
        "min": [1.64780455947e-08, 1.42573357564e-08, 7.10500591694e-09, 2.83618728503e-09, 3.16505377462e-10, 4.26432278378e-10, 6.13984529885e-10, 1.86172632866e-10, 5.91831861296e-11, 8.99298968626e-11, 4.49847936679e-11, 6.73330766143e-11, 1.12099871052e-10, 7.70586441878e-11, 3.43913508782e-11, 2.12588713994e-11, 2.53734429301e-11, 3.16352603835e-11, 2.44877312872e-11, 1.75426964621e-11, 1.41716690466e-11, 1.32897590502e-11, 4.85645161238e-12, 6.39090733459e-12, 3.51560924469e-12, 4.82696044593e-12, 5.60673295985e-12, 5.66186247192e-12, 2.93708525383e-12, 2.86594576196e-12, 3.68847010226e-12, 3.59709224212e-12, 4.44023550566e-12, 3.91046049708e-12, 3.94227185618e-12, 1.65818140468e-12, 2.89714671524e-12, 2.90358882771e-12, 1.77195129229e-12, 2.01015376219e-12],
        "stdev": [0.00412815390155, 0.0102519532666, 0.00237136636861, 0.000632011913694, 0.000469640741358, 0.000369733170373, 0.000170223647729, 0.00084862584481, 0.000784823903814, 0.00181024405174, 0.000578213715926, 8.07424221421e-05, 4.38091155956e-05, 5.07220756845e-05, 2.31511967286e-05, 4.92638828291e-05, 9.74230424617e-05, 0.000141344309668, 7.03617552062e-05, 7.95332744019e-05, 3.1338629924e-05, 5.2063845942e-05, 2.48734304478e-05, 1.28607762235e-05, 5.72393992115e-06, 5.52482424609e-06, 7.53977838031e-06, 3.53202199221e-06, 2.3655379664e-06, 2.04482398658e-06, 2.26299289352e-06, 3.4518461689e-06, 3.28360988533e-06, 2.5089218525e-06, 3.15660645356e-06, 3.33105413119e-06, 7.75632724981e-06, 8.68299503054e-06, 1.45459935084e-05, 1.05332483145e-05],
        "var": [1.70416533365e-05, 0.000105102553789, 5.62337845622e-06, 3.99439073817e-07, 2.20562426989e-07, 1.36702624332e-07, 2.89760926364e-08, 7.20165871826e-07, 6.15948579252e-07, 3.27698353431e-06, 3.34331105023e-07, 6.51933884654e-09, 1.91923876791e-09, 2.57272914084e-09, 5.35977873195e-10, 2.42692999031e-09, 9.49124867589e-09, 1.99782146382e-08, 4.95077623341e-09, 6.32554142399e-09, 9.82109615855e-10, 2.71064415358e-09, 6.18687545639e-10, 1.65399555163e-10, 3.27634898378e-11, 3.05236808051e-11, 5.68482587393e-11, 1.24751797434e-11, 5.59576994116e-12, 4.18130547547e-12, 5.12113658771e-12, 1.1915241363e-11, 1.07820939677e-11, 6.29468872859e-12, 9.96416490984e-12, 1.10959219243e-11, 6.01606126027e-11, 7.53944059961e-11, 2.11585929333e-10, 1.10949319176e-10]
    },
    "melbands128": {
