{
"lowlevel": {
    "average_loudness": 0.982745110989,
    "barkbands_crest": {
        "dmean": 2.87228369713,
        "dmean2": 4.04164123535,
        "dvar": 10.7594480515,
        "dvar2": 22.5533161163,
        "max": 26.8304080963,
        "mean": 18.1257076263,
        "median": 19.5984954834,
        "min": 2.38408184052,
        "stdev": 6.14115858078,
        "var": 37.7138290405
    },
    "barkbands_flatness_db": {
        "dmean": 0.045256126672,
        "dmean2": 0.0573690980673,
        "dvar": 0.00323909288272,
        "dvar2": 0.00644070282578,
        "max": 0.558837771416,
        "mean": 0.224435538054,
        "median": 0.210906684399,
        "min": 0.0216852072626,
        "stdev": 0.114482238889,
        "var": 0.0131061831489
    },
    "barkbands_kurtosis": {
        "dmean": 42.0050468445,
        "dmean2": 59.0611991882,
        "dvar": 16807.09375,
        "dvar2": 34012.6601562,
        "max": 3552.99658203,
        "mean": 69.5636444092,
        "median": 12.8192367554,
        "min": -1.85910069942,
        "stdev": 181.209686279,
        "var": 32836.953125
    },
    "barkbands_skewness": {
        "dmean": 1.77685070038,
        "dmean2": 2.36787223816,
        "dvar": 7.63842487335,
        "dvar2": 15.065038681,
        "max": 46.6874389648,
        "mean": 4.97042608261,
        "median": 3.29484677315,
        "min": -1.92820286751,
        "stdev": 4.90381002426,
        "var": 24.0473537445
    },
    "barkbands_spread": {
        "dmean": 6.6478805542,
        "dmean2": 9.5779914856,
        "dvar": 130.097213745,
        "dvar2": 255.856246948,
        "max": 109.543388367,
        "mean": 14.7946004868,
        "median": 9.2114200592,
        "min": 0.0460881814361,
        "stdev": 17.3762893677,
        "var": 301.935455322
    },
    "dissonance": {
        "dmean": 0.0240683462471,
        "dmean2": 0.0401278100908,
        "dvar": 0.000554640602786,
        "dvar2": 0.00144753558561,
        "max": 0.499794006348,
        "mean": 0.451653540134,
        "median": 0.460690140724,
        "min": 0.260478258133,
        "stdev": 0.035255137831,
        "var": 0.00124292471446
    },
    "dynamic_complexity": 1.76501202583,
    "erbbands_crest": {
        "dmean": 2.51942610741,
        "dmean2": 3.86923980713,
        "dvar": 6.41712760925,
        "dvar2": 14.8838157654,
        "max": 26.311422348,
        "mean": 8.86233234406,
        "median": 7.89171361923,
        "min": 2.29383349419,
        "stdev": 4.43437671661,
        "var": 19.6636962891
    },
    "erbbands_flatness_db": {
        "dmean": 0.0179437417537,
        "dmean2": 0.0257881805301,
        "dvar": 0.000471247243695,
        "dvar2": 0.000878983002622,
        "max": 0.306429028511,
        "mean": 0.135543346405,
        "median": 0.129247114062,
        "min": 0.0500778183341,
        "stdev": 0.051474634558,
        "var": 0.00264963787049
    },
    "erbbands_kurtosis": {
        "dmean": 1.31986403465,
        "dmean2": 1.92990899086,
        "dvar": 5.3994383812,
        "dvar2": 10.9096603394,
        "max": 42.5220870972,
        "mean": 1.35861349106,
        "median": 0.393397092819,
        "min": -1.67777884007,
        "stdev": 3.86711001396,
        "var": 14.954539299
    },
    "erbbands_skewness": {
        "dmean": 0.459690213203,
        "dmean2": 0.670367538929,
        "dvar": 0.314952015877,
        "dvar2": 0.732814908028,
        "max": 5.38408756256,
        "mean": 0.693683087826,
        "median": 0.576390683651,
        "min": -2.89011740685,
        "stdev": 0.926694989204,
        "var": 0.858763635159
    },
    "erbbands_spread": {
        "dmean": 11.0269126892,
        "dmean2": 15.710568428,
        "dvar": 219.903076172,
        "dvar2": 410.058227539,
        "max": 181.738342285,
        "mean": 50.294178009,
        "median": 40.7880516052,
        "min": 4.34306097031,
        "stdev": 31.5274105072,
        "var": 993.977661133
    },
    "hfc": {
        "dmean": 17.2556877136,
        "dmean2": 24.0472869873,
        "dvar": 1405.62744141,
        "dvar2": 2955.70336914,
        "max": 383.534790039,
        "mean": 33.5261650085,
        "median": 18.9138584137,
        "min": 0.000918991514482,
        "stdev": 46.9566230774,
        "var": 2204.92431641
    },
    "loudness_ebu128": {
        "integrated": -6.20658493042,
        "loudness_range": 1.90871524811,
        "momentary": {
            "dmean": 0.377010524273,
            "dmean2": 0.54503506422,
            "dvar": 0.105200074613,
            "dvar2": 0.218243792653,
            "max": -4.23835849762,
            "mean": -6.32254981995,
            "median": -6.24364709854,
            "min": -9.44193458557,
            "stdev": 1.02207386494,
            "var": 1.04463493824
        },
        "short_term": {
            "dmean": 0.0572339296341,
            "dmean2": 0.073882356286,
            "dvar": 0.0017205706099,
            "dvar2": 0.00306118139997,
            "max": -5.04301548004,
            "mean": -6.24496841431,
            "median": -6.54130077362,
            "min": -7.57890367508,
            "stdev": 0.714525282383,
            "var": 0.510546386242
        }
    },
    "melbands_crest": {
        "dmean": 3.37535381317,
        "dmean2": 4.82992172241,
        "dvar": 15.6772851944,
        "dvar2": 33.2282218933,
        "max": 35.8061294556,
        "mean": 21.9795722961,
        "median": 21.7672977448,
        "min": 2.20954322815,
        "stdev": 7.21365356445,
        "var": 52.0367965698
    },
    "melbands_flatness_db": {
        "dmean": 0.0508304461837,
        "dmean2": 0.0635645836592,
        "dvar": 0.00408545788378,
        "dvar2": 0.00796966999769,
        "max": 0.714121580124,
        "mean": 0.316188931465,
        "median": 0.306151658297,
        "min": 0.0135944932699,
        "stdev": 0.140235945582,
        "var": 0.01966612041
    },
    "melbands_kurtosis": {
        "dmean": 50.4057312012,
        "dmean2": 69.2540130615,
        "dvar": 12613.3857422,
        "dvar2": 25585.3300781,
        "max": 1427.15856934,
        "mean": 96.6430740356,
        "median": 30.0363578796,
        "min": -1.49747300148,
        "stdev": 163.584655762,
        "var": 26759.9375
    },
    "melbands_skewness": {
        "dmean": 1.73570811749,
        "dmean2": 2.27754807472,
        "dvar": 6.119972229,
        "dvar2": 11.031419754,
        "max": 26.9136753082,
        "mean": 5.99660253525,
        "median": 4.37498140335,
        "min": -0.852187275887,
        "stdev": 4.63079547882,
        "var": 21.4442672729
    },
    "melbands_spread": {
        "dmean": 6.30332946777,
        "dmean2": 9.24882888794,
        "dvar": 151.706787109,
        "dvar2": 322.953186035,
        "max": 172.643447876,
        "mean": 12.2814359665,
        "median": 6.08730220795,
        "min": 0.1314791888,
        "stdev": 19.1933288574,
        "var": 368.383880615
    },
    "pitch_salience": {
        "dmean": 0.0884233266115,
        "dmean2": 0.123918421566,
        "dvar": 0.0129617787898,
        "dvar2": 0.0272536221892,
        "max": 0.859120905399,
        "mean": 0.348968595266,
        "median": 0.301053613424,
        "min": 0.0316774994135,
        "stdev": 0.205695271492,
        "var": 0.0423105433583
    },
    "silence_rate_20dB": {
        "dmean": 0,
        "dmean2": 0,
        "dvar": 0,
        "dvar2": 0,
        "max": 1,
        "mean": 1,
        "median": 1,
        "min": 1,
        "stdev": 0,
        "var": 0
    },
    "silence_rate_30dB": {
        "dmean": 0.136222913861,
        "dmean2": 0.272656857967,
        "dvar": 0.117665186524,
        "dvar2": 0.22464992106,
        "max": 1,
        "mean": 0.763341069221,
        "median": 1,
        "min": 0,
        "stdev": 0.425034046173,
        "var": 0.180653944612
    },
    "silence_rate_60dB": {
        "dmean": 0.00154798757285,
        "dmean2": 0.00309837330133,
        "dvar": 0.0015455869725,
        "dvar2": 0.00308875087649,
        "max": 1,
        "mean": 0.00309358071536,
        "median": 0,
        "min": 0,
        "stdev": 0.0555337592959,
        "var": 0.00308399857022
    },
    "spectral_centroid": {
        "dmean": 290.432220459,
        "dmean2": 406.767425537,
        "dvar": 178813.640625,
        "dvar2": 380380.21875,
        "max": 4416.37402344,
        "mean": 979.396179199,
        "median": 784.138122559,
        "min": 76.9637145996,
        "stdev": 750.745361328,
        "var": 563618.625
    },
    "spectral_complexity": {
        "dmean": 5.81656360626,
        "dmean2": 7.94887685776,
        "dvar": 51.4269714355,
        "dvar2": 85.1148605347,
        "max": 62,
        "mean": 15.9048719406,
        "median": 12,
        "min": 0,
        "stdev": 12.2763786316,
        "var": 150.709472656
    },
    "spectral_decrease": {
        "dmean": 3.08833603135e-09,
        "dmean2": 3.98290733727e-09,
        "dvar": 1.05432300255e-17,
        "dvar2": 1.46617168005e-17,
        "max": -1.71161446561e-12,
        "mean": -2.06381027823e-08,
        "median": -2.30474519469e-08,
        "min": -3.64590668767e-08,
        "stdev": 8.10040301502e-09,
        "var": 6.56165322247e-17
    },
    "spectral_energy": {
        "dmean": 0.0117601724342,
        "dmean2": 0.0152426967397,
        "dvar": 0.000145619909745,
        "dvar2": 0.000215006904909,
        "max": 0.14041519165,
        "mean": 0.0809339061379,
        "median": 0.0895346552134,
        "min": 6.54340010442e-06,
        "stdev": 0.0301711373031,
        "var": 0.00091029756004
    },
    "spectral_energyband_high": {
        "dmean": 0.00146620720625,
        "dmean2": 0.00201756577007,
        "dvar": 1.47733462654e-05,
        "dvar2": 3.12280681101e-05,
        "max": 0.0367521345615,
        "mean": 0.00206282292493,
        "median": 0.000426845566835,
        "min": 5.22145811033e-08,
        "stdev": 0.00468221353367,
        "var": 2.19231224037e-05
    },
    "spectral_energyband_low": {
        "dmean": 0.0152758006006,
        "dmean2": 0.0204570721835,
        "dvar": 0.000357616256224,
        "dvar2": 0.000675985531416,
        "max": 0.115003339946,
        "mean": 0.0627463832498,
        "median": 0.0781474485993,
        "min": 4.93518314215e-07,
        "stdev": 0.034864153713,
        "var": 0.001215509139
    },
    "spectral_energyband_middle_high": {
        "dmean": 0.00247188191861,
        "dmean2": 0.00360143766738,
        "dvar": 1.59459195856e-05,
        "dvar2": 3.69526969735e-05,
        "max": 0.0398818962276,
        "mean": 0.00454337801784,
        "median": 0.00240464089438,
        "min": 4.92126943641e-08,
        "stdev": 0.00555373961106,
        "var": 3.08440212393e-05
    },
    "spectral_energyband_middle_low": {
        "dmean": 0.00651188660413,
        "dmean2": 0.00986116379499,
        "dvar": 0.000103899808892,
        "dvar2": 0.000230291087064,
        "max": 0.0688779577613,
        "mean": 0.0131268510595,
        "median": 0.00993541628122,
        "min": 4.82170150917e-07,
        "stdev": 0.0120600285009,
        "var": 0.00014544428268
    },
    "spectral_entropy": {
        "dmean": 0.267426729202,
        "dmean2": 0.368209958076,
        "dvar": 0.121623888612,
        "dvar2": 0.240374535322,
        "max": 8.92391681671,
        "mean": 7.40757703781,
        "median": 7.48062086105,
        "min": 4.66310167313,
        "stdev": 0.769706130028,
        "var": 0.592447519302
    },
    "spectral_flux": {
        "dmean": 0.0466318130493,
        "dmean2": 0.0669745877385,
        "dvar": 0.00285504758358,
        "dvar2": 0.00626813061535,
        "max": 0.360989928246,
        "mean": 0.11694150418,
        "median": 0.0922380387783,
        "min": 0.00255800713785,
        "stdev": 0.0775373950601,
        "var": 0.00601204764098
    },
    "spectral_kurtosis": {
        "dmean": 2.12127709389,
        "dmean2": 3.17416620255,
        "dvar": 18.0354366302,
        "dvar2": 31.4979457855,
        "max": 73.6564178467,
        "mean": 6.3842959404,
        "median": 3.67262744904,
        "min": -1.07524585724,
        "stdev": 9.51969718933,
        "var": 90.6246261597
    },
    "spectral_rms": {
        "dmean": 0.000707128259819,
        "dmean2": 0.000904121552594,
        "dvar": 6.81825952142e-07,
        "dvar2": 9.44057205743e-07,
        "max": 0.011704291217,
        "mean": 0.00864607468247,
        "median": 0.00934616941959,
        "min": 7.9898716649e-05,
        "stdev": 0.0020506568253,
        "var": 4.20519381805e-06
    },
    "spectral_rolloff": {
        "dmean": 584.649658203,
        "dmean2": 889.704406738,
        "dvar": 1977803.75,
        "dvar2": 3692410,
        "max": 12424.6582031,
        "mean": 1037.72424316,
        "median": 258.3984375,
        "min": 64.599609375,
        "stdev": 2134.39672852,
        "var": 4555649.5
    },
    "spectral_skewness": {
        "dmean": 0.285780131817,
        "dmean2": 0.408773064613,
        "dvar": 0.167356029153,
        "dvar2": 0.279566526413,
        "max": 7.33151721954,
        "mean": 1.92403888702,
        "median": 1.70451295376,
        "min": -0.247067078948,
        "stdev": 1.07628929615,
        "var": 1.15839862823
    },
    "spectral_spread": {
        "dmean": 738973.75,
        "dmean2": 1128663.75,
        "dvar": 1.15356650701e+12,
        "dvar2": 2.06773315174e+12,
        "max": 18519920,
        "mean": 6000870,
        "median": 5643410.5,
        "min": 1003380.25,
        "stdev": 2190803.5,
        "var": 4.79961966182e+12
    },
    "spectral_strongpeak": {
        "dmean": 0.230112552643,
        "dmean2": 0.36823785305,
        "dvar": 0.150186881423,
        "dvar2": 0.343106001616,
        "max": 5.27739906311,
        "mean": 0.86332410574,
        "median": 0.756640195847,
        "min": 0,
        "stdev": 0.489903867245,
        "var": 0.240005806088
    },
    "zerocrossingrate": {
        "dmean": 0.0137149589136,
        "dmean2": 0.0147240813822,
        "dvar": 0.000407517247368,
        "dvar2": 0.000417371251388,
        "max": 0.3544921875,
        "mean": 0.0412471145391,
        "median": 0.021484375,
        "min": 0.001953125,
        "stdev": 0.0540393739939,
        "var": 0.00292025390081
    },
    "barkbands": {
        "dmean": [0.000816788349766, 0.0148618416861, 0.00496972026303, 0.0024546913337, 0.00303096254356, 0.00151128566358, 0.000540082808584, 0.00108479207847, 0.00107602775097, 0.000503568095155, 0.000426653336035, 0.000546659226529, 0.000283049623249, 0.000376314041205, 0.000277398707112, 0.000289166753646, 0.000178718590178, 0.000135943904752, 0.000178661386599, 0.00017975224182, 0.000194725507754, 0.000183202486369, 0.000213126608287, 0.000262705638306, 0.000292923417874, 0.00025070697302, 3.88742118957e-05],
        "dmean2": [0.00103409052826, 0.0185929648578, 0.0076023619622, 0.00416215509176, 0.00535683287308, 0.0023899555672, 0.000819142966066, 0.00163310859352, 0.00163901632186, 0.000748891790863, 0.000599058461376, 0.00085756770568, 0.000443002587417, 0.000621669925749, 0.000456687965197, 0.000487584184157, 0.000280160282273, 0.000208093988476, 0.000271141936537, 0.000272375735221, 0.000277772312984, 0.000265033566393, 0.000312979682349, 0.000375905481633, 0.000422474869993, 0.00036100417492, 6.29383648629e-05],
        "dvar": [1.62789365277e-06, 0.000332274037646, 0.000115013375762, 3.73208276869e-05, 4.91328246426e-05, 6.2108711063e-06, 9.46052807649e-07, 3.14221529152e-06, 4.68076495963e-06, 6.96462166161e-07, 6.32301691894e-07, 9.48042327309e-07, 2.82374344351e-07, 5.92183823755e-07, 3.18157361789e-07, 4.68725261271e-07, 1.01932279506e-07, 6.67326744974e-08, 1.25781141946e-07, 1.73359026689e-07, 2.1141791251e-07, 2.13086977396e-07, 3.43327968721e-07, 4.68901220074e-07, 6.67809217703e-07, 5.29383214598e-07, 1.04004289625e-08],
        "dvar2": [2.58251748164e-06, 0.000398212490836, 0.00026588246692, 0.0001034293673, 0.000140374322655, 1.57923332154e-05, 2.06434719985e-06, 6.7102050707e-06, 1.12016605271e-05, 1.36542098517e-06, 1.12218754111e-06, 2.12675490729e-06, 6.15289764028e-07, 1.5046957742e-06, 7.94079824118e-07, 1.21990706248e-06, 2.39519323486e-07, 1.48016908952e-07, 2.94460988925e-07, 3.92587764964e-07, 4.05292496453e-07, 4.51337598406e-07, 7.81616904533e-07, 1.00162492345e-06, 1.47627213209e-06, 1.1883115576e-06, 2.40190711764e-08],
        "max": [0.00921167898923, 0.108174026012, 0.0603625811636, 0.0329511165619, 0.0454718358815, 0.0329231843352, 0.0117963496596, 0.025356201455, 0.0372743345797, 0.0109838973731, 0.0158541016281, 0.0134360957891, 0.00497349677607, 0.00735600152984, 0.00683957152069, 0.00830675661564, 0.00299285235815, 0.00347672239877, 0.00317725958303, 0.00338705512695, 0.00430579902604, 0.00386407901533, 0.00580576807261, 0.0057581984438, 0.008639738895, 0.00796858780086, 0.000988853513263],
        "mean": [0.00124629156198, 0.0543425492942, 0.00568785797805, 0.00260064727627, 0.00358887482435, 0.00260086287744, 0.000730445957743, 0.00197543320246, 0.00150775944348, 0.000784340954851, 0.000772933126427, 0.00080534623703, 0.000364072446246, 0.000451033818536, 0.000316545803798, 0.000305739493342, 0.000216074491618, 0.000209742458537, 0.000252206140431, 0.000246672425419, 0.00027981272433, 0.00024740587105, 0.000281914952211, 0.000380268145818, 0.000407684012316, 0.000292177690426, 3.92462643504e-05],
        "median": [0.000135113601573, 0.0671527832747, 0.00261840876192, 0.000686910818331, 0.00154936662875, 0.00125826883595, 0.000173297856236, 0.000766393961385, 0.00032117596129, 0.000202845869353, 0.000131088265334, 0.000225017822231, 9.52467235038e-05, 0.000104164530057, 6.4228035626e-05, 6.38499623165e-05, 6.12905641901e-05, 5.64152396691e-05, 8.39667482069e-05, 7.12706460035e-05, 6.10493734712e-05, 2.83998160739e-05, 4.52952990599e-05, 9.06626373762e-05, 8.12937360024e-05, 2.30575933529e-05, 2.05248488783e-06],
        "min": [9.53226475531e-09, 4.27656132729e-08, 5.90660071964e-08, 2.50677683056e-08, 6.87378900466e-08, 3.28445146636e-08, 4.41645191529e-08, 8.79079209426e-09, 4.19113703742e-08, 7.57913376503e-09, 8.63437943366e-09, 5.49485701384e-09, 5.86179504936e-09, 1.24345500563e-09, 2.41127362521e-09, 1.29659316617e-09, 1.92255766862e-09, 6.35483088374e-09, 4.91587703877e-09, 1.06531548028e-08, 1.00947499249e-08, 4.72314853894e-09, 1.24415615588e-08, 9.99686999847e-09, 5.21178478152e-09, 4.87931695048e-09, 7.60515175141e-12],
        "stdev": [0.00211269943975, 0.0356201715767, 0.0108302282169, 0.00514795305207, 0.00597439613193, 0.00337315839715, 0.0012963762274, 0.00298793590628, 0.00259883701801, 0.00134405039717, 0.00152213987894, 0.0013658083044, 0.000651458569337, 0.00083483819617, 0.000667777203489, 0.000649122230243, 0.000356478965841, 0.000340766273439, 0.000419559044531, 0.000482126633869, 0.000590875511989, 0.000566576083656, 0.000665269093588, 0.000834861712065, 0.000965914630797, 0.000811699137557, 0.000110222157673],
        "var": [4.4634994083e-06, 0.00126879650634, 0.000117293850053, 2.6501418688e-05, 3.56934106094e-05, 1.13781979962e-05, 1.6805913674e-06, 8.92776097317e-06, 6.7539540396e-06, 1.80647134584e-06, 2.3169097858e-06, 1.86543240943e-06, 4.24398280074e-07, 6.96954828072e-07, 4.45926360726e-07, 4.21359686698e-07, 1.27077257162e-07, 1.1612166162e-07, 1.76029800514e-07, 2.32446097925e-07, 3.49133841837e-07, 3.21008485571e-07, 4.42583001359e-07, 6.96994050031e-07, 9.32991099489e-07, 6.58855469737e-07, 1.21489236449e-08]
    },
    "erbbands": {
        "dmean": [0.530935704708, 3.558334589, 5.80612516403, 6.59982872009, 8.42855644226, 10.1647815704, 13.6493310928, 9.99919891357, 6.49236726761, 12.5240297318, 27.2647514343, 21.762462616, 16.1969547272, 16.5360488892, 14.5432815552, 18.6272258759, 13.1886110306, 18.5437393188, 15.6606025696, 15.9205102921, 12.6896915436, 10.1859960556, 7.80751752853, 8.54282093048, 8.4333486557, 8.4647397995, 7.87509727478, 7.74095106125, 6.34136772156, 6.47305822372, 6.28240823746, 5.35567951202, 4.41681718826, 3.24201965332, 2.28330469131, 1.21140003204, 0.4082287848, 0.101188585162, 0.00367566151544, 8.29518903629e-05],
        "dmean2": [0.58044719696, 4.23841714859, 7.84262609482, 10.285402298, 14.7140855789, 17.8998966217, 21.8242321014, 15.8723497391, 9.69105815887, 19.2007007599, 41.9386177063, 34.4693565369, 25.4379901886, 22.7216873169, 22.2692203522, 30.0821094513, 20.2996196747, 29.7533683777, 26.6648616791, 26.9572753906, 20.2765140533, 15.7690410614, 12.0134544373, 12.8679609299, 12.3777446747, 12.7549381256, 11.4936227798, 11.1563234329, 9.12720584869, 9.69570922852, 9.61594009399, 7.80178976059, 6.34217739105, 4.87097930908, 3.34858322144, 1.79080557823, 0.572717785835, 0.149008110166, 0.00594942690805, 0.000120911587146],
        "dvar": [0.420503646135, 18.7588005066, 90.5727157593, 221.052383423, 519.729797363, 510.885742188, 398.988494873, 314.833740234, 125.201507568, 501.448516846, 2128.5222168, 2261.56665039, 765.684814453, 934.881408691, 595.167236328, 1123.63684082, 555.661987305, 1548.02844238, 1213.11901855, 1298.39331055, 648.502441406, 339.789276123, 227.859863281, 268.03729248, 277.423400879, 390.532836914, 344.49005127, 354.392150879, 271.718505859, 263.483581543, 312.407409668, 199.660217285, 129.967605591, 83.8576965332, 40.8723716736, 12.7659549713, 1.3240480423, 0.0697947666049, 0.000108949076093, 4.38785328072e-08],
        "dvar2": [0.415309488773, 24.8066520691, 187.338760376, 554.798339844, 1440.71875, 1461.06604004, 1011.22784424, 776.760681152, 270.487304688, 1117.53857422, 4701.59082031, 5751.30419922, 1759.18225098, 1749.06433105, 1386.4498291, 2733.60131836, 1168.9588623, 3748.52709961, 3290.44458008, 3384.80957031, 1606.62976074, 768.886169434, 517.773742676, 595.145080566, 616.655517578, 874.640197754, 699.336791992, 719.331054688, 592.068054199, 577.266906738, 731.775634766, 429.095794678, 278.943908691, 199.811386108, 88.2913589478, 29.821685791, 2.71942639351, 0.1540620327, 0.000264775619144, 1.0013843621e-07],
        "max": [4.82599401474, 26.4423427582, 55.5407371521, 81.6785354614, 131.616882324, 164.249725342, 192.563583374, 259.048217773, 125.140769958, 363.154510498, 657.821838379, 805.252746582, 269.432525635, 682.424194336, 373.829864502, 395.759307861, 253.169967651, 405.582305908, 287.043914795, 328.078552246, 343.461181641, 175.085571289, 179.208465576, 149.184677124, 134.798187256, 174.912078857, 161.884140015, 171.008789062, 134.335464478, 146.948730469, 181.146835327, 119.002479553, 110.271827698, 89.984336853, 71.4016265869, 42.0735473633, 10.0239667892, 2.30113315582, 0.0891903191805, 0.0019100169884],
        "mean": [1.57711541653, 11.8197460175, 10.2924165726, 8.11187839508, 7.7620973587, 12.1014890671, 26.7076683044, 15.6902236938, 8.85170555115, 21.662607193, 51.8650245667, 29.0780525208, 23.0563011169, 33.7041893005, 24.0962581635, 26.5041351318, 19.4795341492, 23.0097980499, 17.0284442902, 17.36328125, 16.1436309814, 13.3271036148, 11.1210098267, 12.5867242813, 12.6896877289, 11.601102829, 11.2798748016, 10.844373703, 8.55374908447, 8.35205459595, 8.32090950012, 7.60900640488, 6.45069169998, 4.5839266777, 2.89347410202, 1.35561513901, 0.506805598736, 0.116972193122, 0.00391721911728, 0.000178770249477],
        "median": [1.10622680187, 11.9511871338, 6.48561382294, 3.97212672234, 2.24474573135, 5.0351691246, 19.4967041016, 6.85921001434, 2.92674088478, 8.44900989532, 18.960855484, 9.43290996552, 7.3142375946, 12.6034994125, 10.5096187592, 9.13757801056, 6.35323476791, 5.4348526001, 3.82776689529, 3.56277680397, 4.03076839447, 3.92435765266, 2.98891878128, 3.97469496727, 4.18397569656, 3.4247341156, 2.68346309662, 2.20390129089, 1.05274415016, 0.89904910326, 1.38337135315, 1.75413274765, 1.47017157078, 1.09300756454, 0.376107931137, 0.100895114243, 0.0409433953464, 0.0103394398466, 0.000298514467431, 0.000112378977065],
        "min": [3.12914085043e-06, 2.2081336283e-05, 0.000193643558305, 0.000228793360293, 0.000401307246648, 0.00012889179925, 7.9225814261e-05, 0.00034012272954, 0.000606334710028, 0.000510004581884, 0.000207901801332, 0.000956114148721, 0.000609897891991, 0.000190162478248, 0.000358700141078, 0.000222265996854, 0.000275055674138, 8.96094570635e-05, 8.70724543347e-05, 0.000144001605804, 6.2570135924e-05, 0.000132290224428, 0.000366462947568, 0.00030364037957, 0.000252328027273, 0.000495067448355, 0.000328939029714, 0.000407708779676, 0.000181281138794, 0.000202826617169, 0.00041918180068, 0.00016402057372, 0.000236180407228, 9.60354882409e-05, 9.62604735832e-06, 5.24470669916e-06, 1.2696583326e-05, 1.6926680928e-06, 1.34951093855e-07, 1.63509898954e-08],
        "stdev": [1.45991647243, 8.16872215271, 12.0233268738, 14.1210680008, 18.4177265167, 20.4216575623, 27.9235286713, 22.1818885803, 14.0526800156, 32.5063934326, 70.9852752686, 49.9580841064, 35.8558998108, 57.4987068176, 36.0365409851, 41.1791381836, 30.5112724304, 45.0893135071, 33.1006698608, 36.2294387817, 28.0593757629, 21.587884903, 18.5796165466, 20.241727829, 21.0970172882, 22.9926834106, 23.3172416687, 23.5213603973, 19.8896617889, 19.1824932098, 19.6230297089, 16.9053630829, 14.0836572647, 10.4448127747, 7.35885572433, 3.81933927536, 1.3763667345, 0.309526145458, 0.0109722567722, 0.000239731030888],
        "var": [2.13135623932, 66.7280197144, 144.560379028, 199.404571533, 339.212677002, 417.044128418, 779.723449707, 492.03616333, 197.477813721, 1056.66564941, 5038.90917969, 2495.81030273, 1285.64562988, 3306.10131836, 1298.63220215, 1695.72143555, 930.937744141, 2033.04626465, 1095.65441895, 1312.57226562, 787.328613281, 466.036773682, 345.202148438, 409.727508545, 445.08416748, 528.663513184, 543.693725586, 553.254394531, 395.59866333, 367.968017578, 385.063262939, 285.791290283, 198.349411011, 109.094116211, 54.1527557373, 14.587351799, 1.89438545704, 0.0958064347506, 0.000120390424854, 5.7470970205e-08]
    },
    "gfcc": {
        "mean": [10.536564827, 83.130065918, -73.0693664551, 25.4239349365, -48.7387390137, 26.1913223267, -26.1716518402, 21.0974788666, -20.6760120392, 9.29311943054, -8.85478401184, 2.61768722534, -5.48709630966],
        "cov": [[7230.14648438, -2416.68237305, -1392.48010254, 132.833465576, -971.156066895, -253.019973755, -762.940856934, -37.1072883606, -424.700500488, 64.9929885864, -324.886260986, 307.497192383, -229.371200562], [-2416.68237305, 2740.74291992, 870.119262695, 107.481239319, 879.787536621, 258.920288086, 481.706176758, 29.9902954102, 310.398376465, -86.6722793579, 250.742401123, -259.959197998, 177.28427124], [-1392.48010254, 870.119262695, 1480.25537109, 458.124511719, 455.569091797, 307.420318604, 403.052368164, 135.738479614, 152.324539185, 53.9229507446, 11.8932466507, -32.9240379333, -88.6162033081], [132.833465576, 107.481239319, 458.124511719, 832.504943848, 281.170166016, 173.544876099, 196.386520386, 153.812606812, 141.770263672, -15.6094865799, 29.7012023926, 11.233171463, -18.9165210724], [-971.156066895, 879.787536621, 455.569091797, 281.170166016, 658.39630127, 247.629592896, 314.858612061, 117.373413086, 227.27394104, 15.089184761, 98.1257171631, -55.7525444031, 79.0472183228], [-253.019973755, 258.920288086, 307.420318604, 173.544876099, 247.629592896, 313.775878906, 229.997344971, 99.0649795532, 103.048301697, 82.5046005249, 76.8426895142, 9.41203117371, 31.5258808136], [-762.940856934, 481.706176758, 403.052368164, 196.386520386, 314.858612061, 229.997344971, 331.594940186, 105.018623352, 147.009887695, 42.8312950134, 99.5794830322, -13.7762928009, 37.2204818726], [-37.1072883606, 29.9902954102, 135.738479614, 153.812606812, 117.373413086, 99.0649795532, 105.018623352, 180.010452271, 102.82686615, 38.995513916, 74.5578842163, 28.6345386505, 41.5066375732], [-424.700500488, 310.398376465, 152.324539185, 141.770263672, 227.27394104, 103.048301697, 147.009887695, 102.82686615, 188.725692749, 51.825553894, 90.6026306152, 6.31561803818, 74.9033813477], [64.9929885864, -86.6722793579, 53.9229507446, -15.6094865799, 15.089184761, 82.5046005249, 42.8312950134, 38.995513916, 51.825553894, 120.937515259, 54.0118217468, 60.4611663818, 31.2434635162], [-324.886260986, 250.742401123, 11.8932466507, 29.7012023926, 98.1257171631, 76.8426895142, 99.5794830322, 74.5578842163, 90.6026306152, 54.0118217468, 169.572158813, 18.0328407288, 109.30960083], [307.497192383, -259.959197998, -32.9240379333, 11.233171463, -55.7525444031, 9.41203117371, -13.7762928009, 28.6345386505, 6.31561803818, 60.4611663818, 18.0328407288, 102.848648071, 19.945941925], [-229.371200562, 177.28427124, -88.6162033081, -18.9165210724, 79.0472183228, 31.5258808136, 37.2204818726, 41.5066375732, 74.9033813477, 31.2434635162, 109.30960083, 19.945941925, 144.114074707]],
        "icov": [[0.000373589398805, -0.000213056642679, 0.000480414688354, -0.00043140858179, 0.000211550839595, -0.000417828239733, 0.000633320421912, -0.000631161325146, 0.000623962958343, -0.000622311781626, 0.000677127623931, -0.000932195689529, 0.000515092047863], [-0.000213056642679, 0.00171183294151, -0.00112142332364, 0.000858581857756, -0.0013054010924, 0.00025221859687, -0.000279376457911, 0.00191287742928, -0.0014715535799, 0.00212317355908, -0.00263949227519, 0.00269097369164, -0.000905600667465], [0.000480414688354, -0.00112142332364, 0.00238541304134, -0.00123602838721, 0.000462868512841, -0.000335065124091, -0.000565910944715, -0.00189100543503, 0.00186871201731, -0.00274780252948, 0.00249673519284, -0.00195735436864, 0.00196052039973], [-0.00043140858179, 0.000858581857756, -0.00123602838721, 0.00271933176555, -0.000853345845826, -0.00039788678987, -0.000238654363784, 0.000623061147053, -0.00251124566421, 0.00370310759172, -0.00198154244572, 0.000413944508182, 0.000239465734921], [0.000211550839595, -0.0013054010924, 0.000462868512841, -0.000853345845826, 0.00537888519466, -0.00184071518015, -0.001028537401, -0.000804588373285, -0.00248278025538, 0.000191314233234, 0.00306236301549, -0.000844069116283, -0.000892139447387], [-0.000417828239733, 0.00025221859687, -0.000335065124091, -0.00039788678987, -0.00184071518015, 0.00985635444522, -0.00588314188644, -0.00119359861128, 0.00336614483967, -0.00636149104685, 0.000473677704576, 0.00324621982872, -0.00169580406509], [0.000633320421912, -0.000279376457911, -0.000565910944715, -0.000238654363784, -0.001028537401, -0.00588314188644, 0.0123614137992, -0.00044723181054, -0.00282371067442, 0.00267299381085, -0.00354376644827, -0.00248383381404, 0.00367953442037], [-0.000631161325146, 0.00191287742928, -0.00189100543503, 0.000623061147053, -0.000804588373285, -0.00119359861128, -0.00044723181054, 0.012776802294, -0.00681151729077, 0.00499292742461, -0.0062702181749, 0.000723292992916, -0.000187000754522], [0.000623962958343, -0.0014715535799, 0.00186871201731, -0.00251124566421, -0.00248278025538, 0.00336614483967, -0.00282371067442, -0.00681151729077, 0.019025541842, -0.0101925609633, 0.003526217537, 1.96896617126e-05, -0.00341682741418], [-0.000622311781626, 0.00212317355908, -0.00274780252948, 0.00370310759172, 0.000191314233234, -0.00636149104685, 0.00267299381085, 0.00499292742461, -0.0101925609633, 0.0250342600048, -0.0087249642238, -0.00732385925949, 0.00185413786676], [0.000677127623931, -0.00263949227519, 0.00249673519284, -0.00198154244572, 0.00306236301549, 0.000473677704576, -0.00354376644827, -0.0062702181749, 0.003526217537, -0.0087249642238, 0.0211214181036, -0.00180411327165, -0.00917428266257], [-0.000932195689529, 0.00269097369164, -0.00195735436864, 0.000413944508182, -0.000844069116283, 0.00324621982872, -0.00248383381404, 0.000723292992916, 1.96896617126e-05, -0.00732385925949, -0.00180411327165, 0.0231380965561, -0.00601368024945], [0.000515092047863, -0.000905600667465, 0.00196052039973, 0.000239465734921, -0.000892139447387, -0.00169580406509, 0.00367953442037, -0.000187000754522, -0.00341682741418, 0.00185413786676, -0.00917428266257, -0.00601368024945, 0.0192384980619]]
    },
    "melbands": {
        "dmean": [0.00433403486386, 0.00302007677965, 0.00101310980972, 0.000660019810311, 0.000447501020972, 0.000235943414737, 0.000100684017525, 0.000163122764206, 0.00023498389055, 0.000129777035909, 8.33241792861e-05, 6.8007131631e-05, 5.09187157149e-05, 6.0100977862e-05, 4.40372350567e-05, 3.13781565637e-05, 3.5053013562e-05, 2.6610428904e-05, 2.18249078898e-05, 2.21207628783e-05, 1.32011518872e-05, 1.13509695439e-05, 7.99315421318e-06, 6.11724954069e-06, 7.21429341866e-06, 7.08469133315e-06, 6.04863316767e-06, 5.73800934944e-06, 4.80935659652e-06, 4.87856368636e-06, 4.79367326989e-06, 3.72021600015e-06, 3.36202447215e-06, 3.62086825589e-06, 3.98911106458e-06, 3.17770832226e-06, 3.41532245329e-06, 3.41875693266e-06, 2.83513395516e-06, 2.8226984341e-06],
        "dmean2": [0.00489554181695, 0.00372861977667, 0.00146629835945, 0.00117774575483, 0.000723411736544, 0.000373670511181, 0.00015030738723, 0.000245786999585, 0.000352477567503, 0.000206691023777, 0.000129833337269, 9.32595430641e-05, 7.62107374612e-05, 9.58641903708e-05, 6.95444905432e-05, 4.90773891215e-05, 5.6678247347e-05, 4.62222124042e-05, 3.50029586116e-05, 3.80569217668e-05, 2.1154895876e-05, 1.77919810085e-05, 1.2101611901e-05, 9.61176465353e-06, 1.10404553197e-05, 1.09633265311e-05, 9.05209071789e-06, 8.80877360032e-06, 7.25687141312e-06, 7.20485013517e-06, 7.12138353265e-06, 5.4844654187e-06, 5.04413628732e-06, 5.58210649615e-06, 6.29422947895e-06, 4.5704191507e-06, 5.22069512954e-06, 4.94270261697e-06, 4.54102928416e-06, 4.23804021921e-06],
        "dvar": [2.42790265474e-05, 1.41316550071e-05, 4.46723470304e-06, 2.83681151814e-06, 4.55506182107e-07, 1.66963928905e-07, 2.91311188505e-08, 7.28710674025e-08, 1.70234542907e-07, 7.68920074279e-08, 2.07348058723e-08, 1.39717437619e-08, 6.97840274455e-09, 1.37096218822e-08, 5.73566039108e-09, 4.27969215622e-09, 5.51151702055e-09, 3.82933684762e-09, 2.05303241074e-09, 3.00448799173e-09, 6.88285650696e-10, 4.12574890918e-10, 2.46315745578e-10, 1.39785932829e-10, 1.99383856647e-10, 1.86642964972e-10, 1.77205777829e-10, 1.99265701162e-10, 1.28836566415e-10, 1.25471105727e-10, 1.56749710434e-10, 1.00930673541e-10, 6.80677320064e-11, 8.40949740399e-11, 1.33682342973e-10, 7.09858422043e-11, 8.12619624369e-11, 7.63968888151e-11, 6.3616563406e-11, 6.53087930957e-11],
        "dvar2": [2.79627074633e-05, 2.52913705481e-05, 9.68051062955e-06, 8.09802531876e-06, 1.1714739685e-06, 4.12849345821e-07, 6.34375254549e-08, 1.58222562163e-07, 3.79173144438e-07, 1.96259961172e-07, 4.61672478025e-08, 2.65668518296e-08, 1.49651313563e-08, 2.84479995116e-08, 1.39068259131e-08, 9.72981695213e-09, 1.34466207058e-08, 1.05267181638e-08, 4.78445905117e-09, 7.92774823566e-09, 1.70227665297e-09, 9.5763730279e-10, 5.52789369834e-10, 3.17105841585e-10, 4.51483683772e-10, 4.29002333657e-10, 4.13067441363e-10, 4.66639338281e-10, 2.86627999113e-10, 2.20017296049e-10, 3.61495583467e-10, 2.3308599495e-10, 1.35134500812e-10, 1.88649790234e-10, 3.25982879579e-10, 1.49428552865e-10, 1.78977915821e-10, 1.66019323289e-10, 1.6256761215e-10, 1.54610504954e-10],
        "max": [0.0338094830513, 0.0206047240645, 0.0120421303436, 0.00995129346848, 0.00664966227487, 0.00584985408932, 0.00164313660935, 0.00357353826985, 0.00499957241118, 0.00435463711619, 0.00140236108564, 0.00253466353752, 0.00099210056942, 0.00183193013072, 0.000825866532978, 0.000648354878649, 0.000716118142009, 0.000629792222753, 0.000647105160169, 0.00051749945851, 0.000368074863218, 0.000186830046005, 0.000177540001459, 0.00019514648011, 0.000130419197376, 0.000130780143081, 0.000115940209071, 0.000138017392601, 0.000100543104054, 0.000103308077087, 0.000124581798445, 8.51197182783e-05, 7.59866161388e-05, 8.302070637e-05, 0.000121634482639, 7.78037065174e-05, 8.32899240777e-05, 7.79392794357e-05, 8.51256263559e-05, 7.67320816522e-05],
        "mean": [0.0149978240952, 0.00885395053774, 0.00136535207275, 0.000655806215946, 0.000882452877704, 0.000384345301427, 0.00013470412523, 0.000290656462312, 0.000438957969891, 0.000162458862178, 0.000116073329991, 0.000138431438245, 8.86203706614e-05, 8.46277544042e-05, 5.85913767281e-05, 3.8040234358e-05, 4.33881032222e-05, 2.67529630946e-05, 2.64328155026e-05, 2.09407862712e-05, 1.71641004272e-05, 1.42017788676e-05, 1.05480421553e-05, 9.1748261184e-06, 1.0215495422e-05, 1.03852307802e-05, 8.16893771116e-06, 7.51988363845e-06, 6.81870824337e-06, 6.75861065247e-06, 6.26532391834e-06, 4.78675792692e-06, 4.64432150693e-06, 4.51188134321e-06, 4.93944799018e-06, 4.44525903731e-06, 4.75978777104e-06, 4.7283965614e-06, 3.92737729271e-06, 3.88561056752e-06],
        "median": [0.0149011053145, 0.00845678895712, 0.000708919716999, 0.000242631183937, 0.000642737781163, 0.000163644363056, 3.7616937334e-05, 9.21922764974e-05, 0.000161084797583, 3.98560878239e-05, 2.67778050329e-05, 5.12825354235e-05, 3.20359467878e-05, 1.88829508261e-05, 1.4415772057e-05, 8.17937689135e-06, 8.91236049938e-06, 5.65136406294e-06, 5.04104673382e-06, 4.09362564824e-06, 4.40414123659e-06, 4.04676438848e-06, 2.73618388746e-06, 2.65115295406e-06, 3.11982012136e-06, 3.12609358843e-06, 2.59635021393e-06, 2.0164959551e-06, 1.68987060079e-06, 1.42797955505e-06, 1.15960642688e-06, 6.25279255928e-07, 4.17619475002e-07, 4.99114321428e-07, 7.82286178946e-07, 8.02930571808e-07, 1.20766617329e-06, 1.07842743091e-06, 8.69705559126e-07, 9.11231495593e-07],
        "min": [2.80806986552e-08, 7.86689398069e-08, 2.12465423033e-08, 2.19866205242e-08, 2.3635671198e-09, 7.57561924303e-09, 9.33785138102e-09, 4.75279282597e-09, 1.96015470522e-09, 6.44811182227e-09, 2.85991719196e-09, 6.24356066847e-10, 1.24456034367e-09, 6.77548073202e-10, 6.56598830862e-10, 4.82932083212e-10, 1.25882748669e-10, 1.23301036048e-10, 2.0340591711e-10, 1.47932596728e-10, 5.98954011388e-11, 1.32515567963e-10, 2.40258646311e-10, 3.04298447551e-10, 2.500518681e-10, 1.377474107e-10, 3.34126698531e-10, 3.10485887001e-10, 1.55867499463e-10, 3.25697718795e-10, 2.11191050759e-10, 1.10752407245e-10, 6.66408386807e-11, 1.19344270577e-10, 2.20330600986e-10, 1.47384146554e-10, 5.0953762043e-11, 1.57436855219e-10, 1.40993411391e-10, 5.85060472291e-11],
        "stdev": [0.0108010992408, 0.0064960103482, 0.0022816027049, 0.00135260913521, 0.00089553167345, 0.000525310111698, 0.000216019529034, 0.000437608658103, 0.000615491939243, 0.000287321046926, 0.000193794825464, 0.000223042952712, 0.000138272996992, 0.000176748668309, 9.50334506342e-05, 7.82187562436e-05, 8.53918609209e-05, 5.56449595024e-05, 6.04308879701e-05, 4.90004458698e-05, 2.94135370495e-05, 2.33780428971e-05, 1.85401750059e-05, 1.47536666191e-05, 1.68443075381e-05, 1.70917301148e-05, 1.52215807248e-05, 1.57050071721e-05, 1.37793012982e-05, 1.45320400406e-05, 1.43262695929e-05, 1.14792519526e-05, 1.04982946141e-05, 1.05325252662e-05, 1.21934908748e-05, 1.0142107385e-05, 1.05546878331e-05, 1.0517876035e-05, 8.82944914338e-06, 9.07266257855e-06],
        "var": [0.000116663752124, 4.21981494583e-05, 5.20571120433e-06, 1.8295514792e-06, 8.01977023457e-07, 2.7595069696e-07, 4.66644394237e-08, 1.91501342783e-07, 3.78830350201e-07, 8.25533916782e-08, 3.75564326305e-08, 4.97481593698e-08, 1.91194207133e-08, 3.12400914027e-08, 9.03135699559e-09, 6.11817352336e-09, 7.2917694105e-09, 3.09636138951e-09, 3.65189234408e-09, 2.40104380822e-09, 8.65156113417e-10, 5.46532874512e-10, 3.43738093544e-10, 2.1767068703e-10, 2.83730677841e-10, 2.9212721131e-10, 2.31696523079e-10, 2.46647230417e-10, 1.89869148182e-10, 2.11180184451e-10, 2.05242003948e-10, 1.31773217338e-10, 1.10214198878e-10, 1.10934095243e-10, 1.48681220113e-10, 1.02862343643e-10, 1.11401429748e-10, 1.10625709981e-10, 7.79591668998e-11, 8.23132118022e-11]
    },
    "melbands128": {
