{
"lowlevel": {
    "average_loudness": 0.98564106226,
    "barkbands_crest": {
        "dmean": 2.27368092537,
        "dmean2": 3.67992734909,
        "dvar": 5.29747009277,
        "dvar2": 13.2349967957,
        "max": 23.9601821899,
        "mean": 11.3788042068,
        "median": 10.8175802231,
        "min": 3.10467934608,
        "stdev": 4.01967716217,
        "var": 16.1578044891
    },
    "barkbands_flatness_db": {
        "dmean": 0.0201630853117,
        "dmean2": 0.0296712759882,
        "dvar": 0.000481761060655,
        "dvar2": 0.00101243122481,
        "max": 0.379848480225,
        "mean": 0.157890573144,
        "median": 0.151022642851,
        "min": 0.046780526638,
        "stdev": 0.0486260652542,
        "var": 0.00236449413933
    },
    "barkbands_kurtosis": {
        "dmean": 4.37338018417,
        "dmean2": 7.09795808792,
        "dvar": 55.1356925964,
        "dvar2": 151.17868042,
        "max": 76.8495559692,
        "mean": 9.57459068298,
        "median": 6.13004493713,
        "min": -1.93626713753,
        "stdev": 11.337179184,
        "var": 128.53163147
    },
    "barkbands_skewness": {
        "dmean": 0.569865524769,
        "dmean2": 0.869252204895,
        "dvar": 0.457102537155,
        "dvar2": 1.12721574306,
        "max": 8.21924495697,
        "mean": 2.28527116776,
        "median": 2.2149951458,
        "min": -1.73740577698,
        "stdev": 1.32535052299,
        "var": 1.75655400753
    },
    "barkbands_spread": {
        "dmean": 3.91685461998,
        "dmean2": 5.69141674042,
        "dvar": 32.7313728333,
        "dvar2": 54.6103973389,
        "max": 94.7632446289,
        "mean": 14.962644577,
        "median": 12.082608223,
        "min": 1.38799798489,
        "stdev": 12.4751501083,
        "var": 155.629379272
    },
    "dissonance": {
        "dmean": 0.0245809368789,
        "dmean2": 0.0403706431389,
        "dvar": 0.000517604057677,
        "dvar2": 0.00127230933867,
        "max": 0.499903589487,
        "mean": 0.440309137106,
        "median": 0.446723759174,
        "min": 0.145722359419,
        "stdev": 0.0380691811442,
        "var": 0.00144926260691
    },
    "dynamic_complexity": 2.10656261444,
    "erbbands_crest": {
        "dmean": 2.31287693977,
        "dmean2": 3.65474772453,
        "dvar": 4.99299621582,
        "dvar2": 11.5575675964,
        "max": 27.5812892914,
        "mean": 10.5046052933,
        "median": 9.26084899902,
        "min": 2.73141980171,
        "stdev": 5.13886404037,
        "var": 26.4079227448
    },
    "erbbands_flatness_db": {
        "dmean": 0.0155000276864,
        "dmean2": 0.0216705370694,
        "dvar": 0.000265263224719,
        "dvar2": 0.000470809522085,
        "max": 0.272776961327,
        "mean": 0.152263179421,
        "median": 0.152116626501,
        "min": 0.0612709522247,
        "stdev": 0.0384954027832,
        "var": 0.00148189614993
    },
    "erbbands_kurtosis": {
        "dmean": 1.08442533016,
        "dmean2": 1.69435858727,
        "dvar": 1.90748262405,
        "dvar2": 4.54025030136,
        "max": 14.6558208466,
        "mean": 1.4606565237,
        "median": 0.767829418182,
        "min": -1.67389345169,
        "stdev": 2.64921355247,
        "var": 7.01833248138
    },
    "erbbands_skewness": {
        "dmean": 0.336885005236,
        "dmean2": 0.507509469986,
        "dvar": 0.122543536127,
        "dvar2": 0.274095505476,
        "max": 3.4532930851,
        "mean": 0.841162085533,
        "median": 0.854750692844,
        "min": -3.0712044239,
        "stdev": 0.782631754875,
        "var": 0.612512469292
    },
    "erbbands_spread": {
        "dmean": 8.24943637848,
        "dmean2": 12.2718677521,
        "dvar": 104.631782532,
        "dvar2": 230.906448364,
        "max": 138.074432373,
        "mean": 39.3666229248,
        "median": 34.8275909424,
        "min": 5.5544090271,
        "stdev": 21.3280029297,
        "var": 454.88369751
    },
    "hfc": {
        "dmean": 4.50453948975,
        "dmean2": 6.38099861145,
        "dvar": 37.4303855896,
        "dvar2": 70.9401473999,
        "max": 81.6511154175,
        "mean": 19.0708827972,
        "median": 16.7526741028,
        "min": 1.19337016101e-16,
        "stdev": 12.2338724136,
        "var": 149.667633057
    },
    "loudness_ebu128": {
        "integrated": -8.24310112,
        "loudness_range": 1.25715351105,
        "momentary": {
            "dmean": 0.467903763056,
            "dmean2": 0.530822098255,
            "dvar": 0.185080111027,
            "dvar2": 0.226442635059,
            "max": -5.92044210434,
            "mean": -8.39390277863,
            "median": -8.22348976135,
            "min": -13.8424062729,
            "stdev": 1.20419442654,
            "var": 1.45008409023
        },
        "short_term": {
            "dmean": 0.0570031963289,
            "dmean2": 0.0657606050372,
            "dvar": 0.00207805400714,
            "dvar2": 0.00300432089716,
            "max": -7.25824022293,
            "mean": -8.18983268738,
            "median": -8.15787410736,
            "min": -9.4648809433,
            "stdev": 0.426748216152,
            "var": 0.182114049792
        }
    },
    "melbands_crest": {
        "dmean": 2.67789268494,
        "dmean2": 4.34272956848,
        "dvar": 7.08377361298,
        "dvar2": 17.5128097534,
        "max": 29.2594013214,
        "mean": 15.1130590439,
        "median": 14.5639820099,
        "min": 2.84950375557,
        "stdev": 4.67942094803,
        "var": 21.8969783783
    },
    "melbands_flatness_db": {
        "dmean": 0.0234691295773,
        "dmean2": 0.034061871469,
        "dvar": 0.000737392983865,
        "dvar2": 0.00142719666474,
        "max": 0.457925111055,
        "mean": 0.234447792172,
        "median": 0.225161790848,
        "min": 0.00742863677442,
        "stdev": 0.0587078072131,
        "var": 0.00344660668634
    },
    "melbands_kurtosis": {
        "dmean": 9.84564495087,
        "dmean2": 16.0062637329,
        "dvar": 361.00680542,
        "dvar2": 963.280761719,
        "max": 256.585479736,
        "mean": 21.5655231476,
        "median": 14.5985736847,
        "min": -1.38773262501,
        "stdev": 24.9407138824,
        "var": 622.039245605
    },
    "melbands_skewness": {
        "dmean": 0.761778175831,
        "dmean2": 1.17766523361,
        "dvar": 0.917891204357,
        "dvar2": 2.2373316288,
        "max": 13.2979335785,
        "mean": 3.16425704956,
        "median": 2.97891545296,
        "min": -0.444967955351,
        "stdev": 1.78102874756,
        "var": 3.17206335068
    },
    "melbands_spread": {
        "dmean": 4.21906661987,
        "dmean2": 6.10449171066,
        "dvar": 80.6873626709,
        "dvar2": 120.089065552,
        "max": 186.078369141,
        "mean": 14.4600534439,
        "median": 11.6023035049,
        "min": 1.22860562801,
        "stdev": 15.9800014496,
        "var": 255.360443115
    },
    "pitch_salience": {
        "dmean": 0.0627258643508,
        "dmean2": 0.100896500051,
        "dvar": 0.0037927874364,
        "dvar2": 0.0100242635235,
        "max": 0.840809762478,
        "mean": 0.535369694233,
        "median": 0.537404596806,
        "min": 0.139335498214,
        "stdev": 0.104469291866,
        "var": 0.0109138330445
    },
    "silence_rate_20dB": {
        "dmean": 0,
        "dmean2": 0,
        "dvar": 0,
        "dvar2": 0,
        "max": 1,
        "mean": 1,
        "median": 1,
        "min": 1,
        "stdev": 0,
        "var": 0
    },
    "silence_rate_30dB": {
        "dmean": 0.0185758508742,
        "dmean2": 0.0371804796159,
        "dvar": 0.0182309299707,
        "dvar2": 0.0512889921665,
        "max": 1,
        "mean": 0.989172458649,
        "median": 1,
        "min": 0,
        "stdev": 0.103490829468,
        "var": 0.0107103511691
    },
    "silence_rate_60dB": {
        "dmean": 0.00232198135927,
        "dmean2": 0.00387296662666,
        "dvar": 0.00231666956097,
        "dvar2": 0.00385777326301,
        "max": 1,
        "mean": 0.00232018553652,
        "median": 0,
        "min": 0,
        "stdev": 0.048113308847,
        "var": 0.00231489050202
    },
    "spectral_centroid": {
        "dmean": 170.679275513,
        "dmean2": 247.8775177,
        "dvar": 135884.453125,
        "dvar2": 174176.609375,
        "max": 10941.9707031,
        "mean": 842.873168945,
        "median": 732.591064453,
        "min": 189.687057495,
        "stdev": 583.173278809,
        "var": 340091.0625
    },
    "spectral_complexity": {
        "dmean": 2.760835886,
        "dmean2": 4.27110767365,
        "dvar": 12.9188489914,
        "dvar2": 27.3268718719,
        "max": 54,
        "mean": 14.5931940079,
        "median": 14,
        "min": 0,
        "stdev": 5.61720848083,
        "var": 31.5530319214
    },
    "spectral_decrease": {
        "dmean": 3.09419534439e-09,
        "dmean2": 4.75797801158e-09,
        "dvar": 2.53767629926e-17,
        "dvar2": 6.03068466378e-17,
        "max": 1.49619990424e-29,
        "mean": -9.54433510003e-09,
        "median": -8.90866314052e-09,
        "min": -4.67872958154e-08,
        "stdev": 6.05504402174e-09,
        "var": 3.66635597328e-17
    },
    "spectral_energy": {
        "dmean": 0.0119886472821,
        "dmean2": 0.0184031240642,
        "dvar": 0.000372656737454,
        "dvar2": 0.000882752239704,
        "max": 0.179603800178,
        "mean": 0.037752263248,
        "median": 0.0355648472905,
        "min": 1.07677493069e-20,
        "stdev": 0.0234603341669,
        "var": 0.000550387252588
    },
    "spectral_energyband_high": {
        "dmean": 0.000221593363676,
        "dmean2": 0.000305119523546,
        "dvar": 2.31309073229e-07,
        "dvar2": 3.83862385434e-07,
        "max": 0.00956844352186,
        "mean": 0.000586985610425,
        "median": 0.000306380097754,
        "min": 7.82361882858e-21,
        "stdev": 0.000857909908518,
        "var": 7.36009383218e-07
    },
    "spectral_energyband_low": {
        "dmean": 0.0072582475841,
        "dmean2": 0.0116523867473,
        "dvar": 0.000309704279061,
        "dvar2": 0.000755399873015,
        "max": 0.152718216181,
        "mean": 0.0127616124228,
        "median": 0.0083804000169,
        "min": 6.09009643399e-23,
        "stdev": 0.0177057497203,
        "var": 0.000313493597787
    },
    "spectral_energyband_middle_high": {
        "dmean": 0.00155219587032,
        "dmean2": 0.00213813781738,
        "dvar": 6.67411268296e-06,
        "dvar2": 1.02898820842e-05,
        "max": 0.0461210161448,
        "mean": 0.00509160151705,
        "median": 0.00238451641053,
        "min": 1.71158350385e-21,
        "stdev": 0.00731753138825,
        "var": 5.35462677362e-05
    },
    "spectral_energyband_middle_low": {
        "dmean": 0.00704598566517,
        "dmean2": 0.0108128767461,
        "dvar": 9.02151223272e-05,
        "dvar2": 0.000220395071665,
        "max": 0.0878190994263,
        "mean": 0.0227627139539,
        "median": 0.0210874769837,
        "min": 2.33066543689e-22,
        "stdev": 0.0146775692701,
        "var": 0.000215431049583
    },
    "spectral_entropy": {
        "dmean": 0.171475067735,
        "dmean2": 0.243934258819,
        "dvar": 0.046137034893,
        "dvar2": 0.07803376019,
        "max": 9.80090332031,
        "mean": 7.26906299591,
        "median": 7.25076723099,
        "min": 5.56730079651,
        "stdev": 0.476322621107,
        "var": 0.226883232594
    },
    "spectral_flux": {
        "dmean": 0.0313804894686,
        "dmean2": 0.0490056835115,
        "dvar": 0.00149557320401,
        "dvar2": 0.00312638632022,
        "max": 0.382478237152,
        "mean": 0.083715185523,
        "median": 0.0680079385638,
        "min": 1.03767765214e-10,
        "stdev": 0.054477635771,
        "var": 0.00296781281941
    },
    "spectral_kurtosis": {
        "dmean": 1.418394804,
        "dmean2": 2.26395463943,
        "dvar": 5.20963573456,
        "dvar2": 12.7158107758,
        "max": 48.2938537598,
        "mean": 4.7667889595,
        "median": 4.31279373169,
        "min": -1.19749510288,
        "stdev": 3.24319648743,
        "var": 10.5183238983
    },
    "spectral_rms": {
        "dmean": 0.000900527462363,
        "dmean2": 0.00133355834987,
        "dvar": 1.44461102991e-06,
        "dvar2": 3.12642168865e-06,
        "max": 0.0132371904328,
        "mean": 0.00579714076594,
        "median": 0.00589045090601,
        "min": 3.24116037828e-12,
        "stdev": 0.00179572869092,
        "var": 3.22464165947e-06
    },
    "spectral_rolloff": {
        "dmean": 290.780609131,
        "dmean2": 455.40020752,
        "dvar": 698178.5,
        "dvar2": 1011877.375,
        "max": 18776.953125,
        "mean": 906.36126709,
        "median": 581.396484375,
        "min": 86.1328125,
        "stdev": 1315.28039551,
        "var": 1729962.5
    },
    "spectral_skewness": {
        "dmean": 0.201975539327,
        "dmean2": 0.307307034731,
        "dvar": 0.0735649392009,
        "dvar2": 0.150352746248,
        "max": 5.53651237488,
        "mean": 1.77487945557,
        "median": 1.77648282051,
        "min": 0.0275995880365,
        "stdev": 0.520984709263,
        "var": 0.271425068378
    },
    "spectral_spread": {
        "dmean": 577878.75,
        "dmean2": 801467.8125,
        "dvar": 1.5306677289e+12,
        "dvar2": 1.83242653696e+12,
        "max": 40492088,
        "mean": 5085305,
        "median": 4840933,
        "min": 1455591.125,
        "stdev": 1759821.5,
        "var": 3.09697183744e+12
    },
    "spectral_strongpeak": {
        "dmean": 0.413562357426,
        "dmean2": 0.70066344738,
        "dvar": 0.419232219458,
        "dvar2": 0.910942077637,
        "max": 6.85529661179,
        "mean": 1.22527945042,
        "median": 0.782501995564,
        "min": 3.71117914177e-10,
        "stdev": 1.26232671738,
        "var": 1.59346866608
    },
    "zerocrossingrate": {
        "dmean": 0.0090313134715,
        "dmean2": 0.0100046601146,
        "dvar": 0.000331371818902,
        "dvar2": 0.00033127630013,
        "max": 0.517578125,
        "mean": 0.0473474189639,
        "median": 0.0400390625,
        "min": 0.005859375,
        "stdev": 0.035361148417,
        "var": 0.00125041080173
    },
    "barkbands": {
        "dmean": [8.29600758152e-05, 0.00424485700205, 0.00238279439509, 0.00294091249816, 0.00324238976464, 0.001208432368, 0.000983733683825, 0.000865390058607, 0.000660251418594, 0.000963653845247, 0.000461712072138, 0.000193967382074, 0.000161467047292, 0.000151378946612, 0.000229618613957, 0.000135489186505, 0.000194821768673, 7.4627889262e-05, 7.63366915635e-05, 5.99638879066e-05, 5.24213864992e-05, 6.40661965008e-05, 5.35828439752e-05, 4.64616459794e-05, 2.60174219875e-05, 1.43294555528e-05, 4.81190681967e-06],
        "dmean2": [0.000133320179884, 0.00706034572795, 0.00407339492813, 0.00490031717345, 0.00513376714662, 0.0018736384809, 0.00142663845327, 0.00128158531152, 0.000960951147135, 0.00134730362333, 0.000639195030089, 0.000302449945593, 0.00025101666688, 0.000243123562541, 0.000339269143296, 0.00022145510593, 0.000320672144881, 0.000119109688967, 0.00011782747606, 9.41870093811e-05, 7.82896822784e-05, 9.56805888563e-05, 7.64110809541e-05, 6.65751358611e-05, 3.70874549844e-05, 2.02530009119e-05, 7.38225435271e-06],
        "dvar": [5.5249230968e-08, 0.000193984189536, 3.34624419338e-05, 4.16621878685e-05, 2.33808914345e-05, 6.05593595537e-06, 5.30328998138e-06, 3.31826959155e-06, 1.60156093898e-06, 5.10994868819e-06, 1.421336151e-06, 2.98629345252e-07, 8.50712638112e-08, 1.41915393215e-07, 2.14225821082e-07, 8.7336793797e-08, 1.82347321243e-07, 2.33139196837e-08, 1.72261422904e-08, 2.77923817293e-08, 1.40525493464e-08, 4.95204943718e-08, 1.05681392526e-08, 8.61224158655e-09, 2.41240627474e-09, 8.6940582511e-10, 1.31477967402e-10],
        "dvar2": [1.28547824829e-07, 0.000491372076795, 9.48166343733e-05, 0.000109326429083, 5.96518475504e-05, 1.34079473355e-05, 1.00318911791e-05, 6.60172008793e-06, 3.05113212562e-06, 8.22007586976e-06, 2.15611248677e-06, 7.11369182227e-07, 2.00409402851e-07, 3.46128956608e-07, 4.39097163962e-07, 2.11695606822e-07, 4.70722142154e-07, 5.12234734629e-08, 3.46010011754e-08, 6.17451831886e-08, 2.78530443154e-08, 8.32845543641e-08, 2.07373549443e-08, 1.7372693506e-08, 5.14816855812e-09, 1.67721314615e-09, 3.37938399486e-10],
        "max": [0.00305109168403, 0.129416912794, 0.0548195540905, 0.0688522458076, 0.0591235756874, 0.0429865308106, 0.0555438995361, 0.0238231997937, 0.0214554257691, 0.0409548208117, 0.028435010463, 0.0119449906051, 0.00399878062308, 0.00636418629438, 0.00849769450724, 0.00566074531525, 0.00679428316653, 0.0026001050137, 0.00361791835167, 0.00490595772862, 0.00223861611448, 0.00635333964601, 0.00153473298997, 0.00164482567925, 0.000866124057211, 0.000537312589586, 0.000187773082871],
        "mean": [9.07938665478e-05, 0.00496282428503, 0.0048090685159, 0.00524679897353, 0.00776377413422, 0.00280071422458, 0.00251090852544, 0.00193039944861, 0.00133456825279, 0.00268113217317, 0.000952085130848, 0.000292273063678, 0.00029998656828, 0.00023833035084, 0.000422030716436, 0.000205136399018, 0.000292795797577, 0.000135863680043, 0.0001546129497, 0.000106012084871, 9.80606564553e-05, 0.000127681283629, 0.000116531540698, 9.51458496274e-05, 5.23015442013e-05, 2.73472687695e-05, 5.13125996804e-06],
        "median": [7.87779299571e-06, 0.00183851015754, 0.00305191916414, 0.00224052835256, 0.00416453741491, 0.00164580577984, 0.000691463705152, 0.000562764005736, 0.000349621492205, 0.000373110669898, 0.000248801632551, 0.000106221094029, 0.000116324990813, 8.15711828182e-05, 0.000137482988066, 9.28446097532e-05, 0.00013628063607, 6.75870032865e-05, 7.57513844292e-05, 5.22849768458e-05, 4.46748526883e-05, 6.00720049988e-05, 5.01101967529e-05, 4.01552570111e-05, 2.34437848121e-05, 1.07064761323e-05, 1.11694714633e-06],
        "min": [8.1173550489e-24, 3.83646440046e-23, 1.482060435e-23, 1.768370953e-24, 3.10682139013e-23, 2.49320672386e-23, 3.3174712332e-23, 8.8510237742e-23, 4.37012028315e-23, 9.11808979376e-23, 2.78983183486e-23, 8.64708366645e-23, 1.39744816094e-22, 2.82744131494e-22, 1.98525114061e-22, 1.29555017739e-22, 1.62203761796e-22, 1.23638447354e-22, 2.38560171033e-22, 3.58305040772e-22, 4.1769114605e-22, 5.02674588633e-22, 7.41607354448e-22, 9.53112903337e-22, 9.83537539268e-22, 1.81998293819e-21, 2.48525688027e-21],
        "stdev": [0.000259187596384, 0.0127874203026, 0.00586811825633, 0.00789805222303, 0.00842788536102, 0.00413719378412, 0.00605207728222, 0.00313074188307, 0.00258725509048, 0.00610469281673, 0.00251619308256, 0.000667420739774, 0.000489529396873, 0.000461215706309, 0.000811926787719, 0.000366769410903, 0.000541404704563, 0.00023226958001, 0.000261986657279, 0.000217957378482, 0.000173764798092, 0.000304747052724, 0.000194905893295, 0.00016864920326, 8.22402580525e-05, 5.04372219439e-05, 1.11696681415e-05],
        "var": [6.7178206109e-08, 0.000163518110639, 3.44348118233e-05, 6.23792293482e-05, 7.10292588337e-05, 1.71163719642e-05, 3.66276399291e-05, 9.80154527497e-06, 6.69388873575e-06, 3.72672730009e-05, 6.33122817817e-06, 4.45450439202e-07, 2.39639035726e-07, 2.12719939441e-07, 6.5922512249e-07, 1.34519794415e-07, 2.93119057915e-07, 5.39491544771e-08, 6.8637007189e-08, 4.75054200422e-08, 3.019420447e-08, 9.28707706294e-08, 3.79883076107e-08, 2.84425532016e-08, 6.76346001427e-09, 2.54391330223e-09, 1.24761492803e-10]
    },
    "erbbands": {
        "dmean": [0.0962750539184, 1.07086324692, 2.63128519058, 6.5211148262, 9.50378799438, 12.5517759323, 10.9384727478, 10.0992994308, 14.3124542236, 15.8782787323, 15.0133123398, 16.8972682953, 26.7422332764, 24.9305706024, 15.5689258575, 7.23112487793, 7.11402273178, 7.67349243164, 11.1154193878, 7.49443483353, 6.65515089035, 10.0965776443, 4.7671661377, 3.64731574059, 3.57844924927, 2.81478190422, 2.28143215179, 2.14260411263, 2.56556272507, 1.63186717033, 1.61081945896, 1.18597340584, 0.621864974499, 0.305192351341, 0.203222841024, 0.0792031437159, 0.024662476033, 0.0091409618035, 0.000393515714677, 1.79589605978e-05],
        "dmean2": [0.161154597998, 1.82950079441, 4.5678563118, 10.8187952042, 15.6587467194, 19.5135593414, 17.2887554169, 15.2230024338, 20.9858932495, 22.077495575, 21.8088436127, 24.2960662842, 37.4547996521, 32.6041793823, 22.1395301819, 11.3153238297, 10.998292923, 11.9746990204, 16.7009849548, 11.4107580185, 10.779876709, 17.104101181, 7.56141090393, 5.8807849884, 5.46885824203, 4.43860530853, 3.43850898743, 3.2486269474, 3.79876756668, 2.50280857086, 2.30316495895, 1.71793782711, 0.860053598881, 0.42581897974, 0.297896891832, 0.115315914154, 0.0350081212819, 0.0138931861147, 0.000612374977209, 2.6729892852e-05],
        "dvar": [0.0987365096807, 12.6621694565, 51.7098197937, 190.27230835, 261.634399414, 453.294555664, 478.578369141, 375.739898682, 1434.1484375, 835.76550293, 1045.13806152, 1181.53710938, 4259.78710938, 4354.60351562, 1368.80090332, 334.409393311, 197.348266602, 253.817123413, 613.725097656, 226.671508789, 168.560134888, 678.111999512, 87.3275604248, 42.1081428528, 53.4199714661, 89.9225540161, 32.1237373352, 42.9077110291, 98.6126251221, 9.85019683838, 10.1481466293, 6.24768877029, 1.47960948944, 0.298270434141, 0.162375926971, 0.0282133184373, 0.00257524708286, 0.000368218548829, 8.19846718514e-07, 7.55795481755e-10],
        "dvar2": [0.237637430429, 33.2882423401, 145.746459961, 478.805175781, 722.950195312, 1048.06176758, 1098.51184082, 889.728088379, 2815.54199219, 1682.25488281, 1852.29455566, 2186.74951172, 7360.29589844, 5853.35498047, 2554.35009766, 872.709350586, 470.239105225, 604.111755371, 1319.88708496, 488.810089111, 417.651580811, 1831.36560059, 198.927993774, 104.439048767, 106.922622681, 212.797103882, 61.42004776, 89.9376296997, 156.202697754, 21.0535030365, 18.2238750458, 12.5776834488, 2.64895939827, 0.558646917343, 0.371268212795, 0.0619259290397, 0.00483345380053, 0.000915566110052, 2.07167158806e-06, 1.74334846559e-09],
        "max": [3.05259585381, 30.8419322968, 65.8033370972, 151.262268066, 154.311935425, 298.499969482, 380.37121582, 388.716430664, 823.615539551, 473.057891846, 573.297058105, 609.483337402, 1167.63195801, 1419.41967773, 1077.08459473, 357.006317139, 201.909561157, 206.67880249, 506.890258789, 262.791992188, 185.194381714, 374.452423096, 179.96031189, 99.6547775269, 199.403167725, 276.162475586, 164.193130493, 177.399719238, 313.160064697, 48.634059906, 52.9626846313, 45.6966018677, 20.7773628235, 11.2116518021, 5.42715978622, 2.93033432961, 1.06986165047, 0.28136280179, 0.0136109031737, 0.000309486465994],
        "mean": [0.104111589491, 1.28233957291, 4.85861730576, 13.259683609, 18.826253891, 30.014591217, 25.2012138367, 23.4645214081, 36.5627746582, 38.0363845825, 34.6485023499, 37.927154541, 69.9674835205, 65.7271499634, 34.8551139832, 13.4699068069, 13.5588569641, 14.21875, 21.4232521057, 14.3301839828, 11.7400255203, 14.9159631729, 8.90712356567, 7.79041147232, 6.90961074829, 5.10159254074, 4.35905742645, 3.96812844276, 4.81412315369, 3.34604525566, 3.53071761131, 2.48516058922, 1.30203795433, 0.646911501884, 0.362512618303, 0.14242054522, 0.045080665499, 0.0128499642015, 0.000482667353936, 5.32144149474e-05],
        "median": [0.032051987946, 0.531659424305, 3.43659543991, 7.51080417633, 11.2351093292, 11.735165596, 12.8489046097, 15.1177244186, 9.23071289062, 18.4417953491, 11.7025489807, 13.0619745255, 13.7563829422, 11.8279333115, 10.5383090973, 6.0000038147, 5.55884599686, 5.75816440582, 6.76696872711, 6.5118021965, 6.51845741272, 6.95353031158, 4.58323812485, 4.05921697617, 2.97221231461, 2.42100358009, 2.03651809692, 1.80885636806, 2.14755368233, 1.64865612984, 1.51609861851, 0.96375399828, 0.527948439121, 0.296793043613, 0.136807754636, 0.0518824905157, 0.0161058008671, 0.00531768193468, 0.000160410010722, 4.73513027828e-05],
        "min": [1.51425134943e-21, 7.08435281329e-21, 1.89484201622e-20, 7.60940813049e-21, 1.51628814032e-20, 1.47797633321e-19, 2.16949854983e-19, 2.14355338368e-19, 2.67351288024e-19, 8.27500886546e-19, 2.25108435592e-18, 1.09594596583e-18, 1.48621887782e-18, 2.56593576684e-18, 1.91166299247e-18, 3.75932081709e-18, 7.16873927199e-18, 1.6181399787e-17, 9.14619310846e-18, 9.04521917109e-18, 9.77154413309e-18, 6.82441086636e-18, 7.01047397821e-18, 1.00161488849e-17, 1.71041164516e-17, 1.52487122873e-17, 1.58402076366e-17, 1.89022400128e-17, 1.82174453078e-17, 1.48776622256e-17, 2.03127301953e-17, 1.86063872862e-17, 1.77152937364e-17, 1.05592012288e-17, 8.29594987325e-18, 5.8963216637e-18, 3.42489934686e-18, 1.29699200692e-18, 3.59275094016e-19, 3.79023624012e-20],
        "stdev": [0.298878222704, 3.14593791962, 6.53915405273, 17.1199741364, 20.7833023071, 41.5030059814, 38.6238632202, 31.4668121338, 94.0607147217, 52.6380615234, 63.2296142578, 71.0677871704, 157.098831177, 182.739593506, 86.941444397, 23.1996612549, 22.0985908508, 22.5117702484, 44.8839263916, 22.2165241241, 16.5706539154, 30.3332653046, 14.3204774857, 11.3604736328, 13.3464698792, 11.3123636246, 8.34800052643, 8.47235584259, 13.3794260025, 5.01845502853, 6.15034389496, 4.5760474205, 2.28067278862, 1.02102649212, 0.592569053173, 0.263258397579, 0.0860289856791, 0.0223420467228, 0.000925851345528, 3.34415490215e-05],
        "var": [0.089328199625, 9.89692497253, 42.7605361938, 293.093536377, 431.945678711, 1722.49963379, 1491.80285645, 990.16027832, 8847.41796875, 2770.76538086, 3997.98413086, 5050.63085938, 24680.0410156, 33393.7617188, 7558.81445312, 538.224304199, 488.347747803, 506.779785156, 2014.56689453, 493.573944092, 274.586578369, 920.106933594, 205.076080322, 129.06036377, 178.128250122, 127.969573975, 69.6891098022, 71.7808074951, 179.009033203, 25.1848888397, 37.8267326355, 20.9402084351, 5.20146846771, 1.04249501228, 0.351138114929, 0.0693049877882, 0.0074009867385, 0.000499167072121, 8.57200689097e-07, 1.11833720062e-09]
    },
    "gfcc": {
        "mean": [13.8391990662, 98.2436904907, -93.4845428467, 27.2937202454, -62.9253196716, 11.4176692963, -41.5337905884, 5.47154760361, -25.5106372833, -5.34664058685, -22.3470783234, -0.192695572972, -13.7905578613],
        "cov": [[3214.92041016, -363.599609375, -347.839630127, -125.672348022, -202.056930542, 18.6030426025, -42.5188713074, 92.5744934082, 10.2544727325, 50.3265762329, -147.18951416, 57.1966438293, -47.4403533936], [-363.599609375, 955.762451172, -101.037590027, -155.935958862, 143.556854248, -49.037437439, 91.5636520386, -54.0420875549, 66.0110626221, -106.263038635, 60.2819213867, -106.499771118, 45.7754707336], [-347.839630127, -101.037590027, 573.918945312, 222.72114563, -1.40692806244, 35.3947296143, -42.8892669678, 13.479809761, -27.9818477631, 22.1799964905, 32.7398986816, 13.9529371262, -43.6639518738], [-125.672348022, -155.935958862, 222.72114563, 456.247375488, 66.0403289795, 2.35707068443, -26.4875640869, 15.7365016937, 26.3325214386, 26.501373291, 55.6212768555, 28.1573448181, 2.6193561554], [-202.056930542, 143.556854248, -1.40692806244, 66.0403289795, 267.028839111, 42.4110107422, 83.4858551025, 26.206911087, 34.0431098938, 7.53304958344, 26.7062721252, -2.08270668983, 14.6788349152], [18.6030426025, -49.037437439, 35.3947296143, 2.35707068443, 42.4110107422, 217.24017334, 77.7263183594, 12.2403745651, 9.29341506958, 12.9867238998, -16.7950057983, -11.4209947586, 9.19383621216], [-42.5188713074, 91.5636520386, -42.8892669678, -26.4875640869, 83.4858551025, 77.7263183594, 160.608535767, 27.7412014008, 28.34349823, -3.56889462471, -2.85717916489, -1.91870605946, 23.7051506042], [92.5744934082, -54.0420875549, 13.479809761, 15.7365016937, 26.206911087, 12.2403745651, 27.7412014008, 104.300117493, 24.965681076, 11.3767471313, 2.50989246368, 19.7758235931, 15.1963233948], [10.2544727325, 66.0110626221, -27.9818477631, 26.3325214386, 34.0431098938, 9.29341506958, 28.34349823, 24.965681076, 114.27129364, 13.9963731766, 12.1163434982, 9.09093761444, 22.8427791595], [50.3265762329, -106.263038635, 22.1799964905, 26.501373291, 7.53304958344, 12.9867238998, -3.56889462471, 11.3767471313, 13.9963731766, 103.531326294, 22.1831188202, 20.3913936615, -1.59093523026], [-147.18951416, 60.2819213867, 32.7398986816, 55.6212768555, 26.7062721252, -16.7950057983, -2.85717916489, 2.50989246368, 12.1163434982, 22.1831188202, 111.674247742, 17.0204601288, 6.03108310699], [57.1966438293, -106.499771118, 13.9529371262, 28.1573448181, -2.08270668983, -11.4209947586, -1.91870605946, 19.7758235931, 9.09093761444, 20.3913936615, 17.0204601288, 87.4612579346, 2.83472657204], [-47.4403533936, 45.7754707336, -43.6639518738, 2.6193561554, 14.6788349152, 9.19383621216, 23.7051506042, 15.1963233948, 22.8427791595, -1.59093523026, 6.03108310699, 2.83472657204, 70.481880188]],
        "icov": [[0.000419571442762, -4.71239400213e-05, 0.000357498822268, -0.000129600681248, 0.00033936399268, -0.00016665844305, 0.000129613807076, -0.000526174611878, 9.04062233076e-07, -0.000283362780465, 0.000519513443578, -0.000290949043119, 0.00052077579312], [-4.71239400213e-05, 0.00237408909015, -0.00041133663035, 0.00111992890015, -0.00118772743735, 0.00104660680518, -0.000948143948335, 0.00146956555545, -0.00156804826111, 0.00215339823626, -0.00196859892458, 0.00246275449172, -0.0011309661204], [0.000357498822268, -0.00041133663035, 0.00281039648689, -0.0014539581025, 0.000677213829476, -0.000969323853496, 0.000703009893186, -0.00124856550246, 0.000891429604962, -0.000636611541267, 0.000344928295817, -0.000604232773185, 0.00201253429987], [-0.000129600681248, 0.00111992890015, -0.0014539581025, 0.0036642071791, -0.00147910660598, 0.000528098200448, 0.000345284526702, 0.00089488766389, -0.00143733248115, 0.000975564471446, -0.00181996054016, 0.000658133998513, -0.00130429654382], [0.00033936399268, -0.00118772743735, 0.000677213829476, -0.00147910660598, 0.00577427819371, -0.000733334163669, -0.00192800012883, -0.00159440748394, 0.000260477332631, -0.00131992716342, 0.00040750374319, -0.000778990215622, 0.00124185404275], [-0.00016665844305, 0.00104660680518, -0.000969323853496, 0.000528098200448, -0.000733334163669, 0.00653116218746, -0.00348587753251, 0.00100201333407, -0.00055838766275, -0.000129245992866, 0.000121605167806, 0.00199951743707, -0.00106765946839], [0.000129613807076, -0.000948143948335, 0.000703009893186, 0.000345284526702, -0.00192800012883, -0.00348587753251, 0.0103091718629, -0.00213343906216, -0.000406808423577, 1.76818775799e-05, 0.000849106407259, -0.00135271123145, -0.000911353970878], [-0.000526174611878, 0.00146956555545, -0.00124856550246, 0.00089488766389, -0.00159440748394, 0.00100201333407, -0.00213343906216, 0.012745436281, -0.00254462077282, 0.000929811387323, -0.00105537008494, -0.000441118143499, -0.00299071101472], [9.04062233076e-07, -0.00156804826111, 0.000891429604962, -0.00143733248115, 0.000260477332631, -0.00055838766275, -0.000406808423577, -0.00254462077282, 0.0114856027067, -0.00250810361467, 0.00080863002222, -0.00180927861948, -0.0014467490837], [-0.000283362780465, 0.00215339823626, -0.000636611541267, 0.000975564471446, -0.00131992716342, -0.000129245992866, 1.76818775799e-05, 0.000929811387323, -0.00250810361467, 0.0130029246211, -0.00389456236735, 0.00034027066431, -0.000508653523866], [0.000519513443578, -0.00196859892458, 0.000344928295817, -0.00181996054016, 0.00040750374319, 0.000121605167806, 0.000849106407259, -0.00105537008494, 0.00080863002222, -0.00389456236735, 0.0126805827022, -0.003581792349, 0.000459774280898], [-0.000290949043119, 0.00246275449172, -0.000604232773185, 0.000658133998513, -0.000778990215622, 0.00199951743707, -0.00135271123145, -0.000441118143499, -0.00180927861948, 0.00034027066431, -0.003581792349, 0.0156733728945, -0.00147243309766], [0.00052077579312, -0.0011309661204, 0.00201253429987, -0.00130429654382, 0.00124185404275, -0.00106765946839, -0.000911353970878, -0.00299071101472, -0.0014467490837, -0.000508653523866, 0.000459774280898, -0.00147243309766, 0.0178775880486]]
    },
    "melbands": {
        "dmean": [0.00104186672252, 0.00137886893936, 0.00115887471475, 0.000750999897718, 0.0004144955019, 0.000224786897888, 0.000216515094507, 0.000184694014024, 0.000114631198812, 0.000114480710181, 0.000136692615342, 0.000105738901766, 5.29109493073e-05, 2.84437701339e-05, 1.46582096932e-05, 1.74488250195e-05, 1.55855159392e-05, 1.66126865224e-05, 1.60806830536e-05, 1.13501009764e-05, 8.05993477115e-06, 1.18528541861e-05, 6.67162294121e-06, 3.31170099344e-06, 3.27717953041e-06, 2.89016770694e-06, 2.13654880099e-06, 2.07436801247e-06, 1.62729952535e-06, 1.32239370032e-06, 1.30496368911e-06, 1.75904995103e-06, 1.12577549771e-06, 8.77145680533e-07, 9.48865988448e-07, 1.0125550034e-06, 6.60007344777e-07, 4.45382994485e-07, 4.30274951668e-07, 2.39116815237e-07],
        "dmean2": [0.00170757505111, 0.0023335297592, 0.00191242690198, 0.00119564973284, 0.000647724256851, 0.000344079016941, 0.000313875003485, 0.000258590705926, 0.000166430254467, 0.000163271048223, 0.000190644772374, 0.00013710767962, 7.29406165192e-05, 4.27223894803e-05, 2.27845102927e-05, 2.69377596851e-05, 2.45186656684e-05, 2.57769079326e-05, 2.38584361796e-05, 1.84066684596e-05, 1.32186087285e-05, 1.98478337552e-05, 1.10710761874e-05, 5.36966172149e-06, 5.42910038348e-06, 4.36011578131e-06, 3.40132919519e-06, 3.30595639753e-06, 2.50911261901e-06, 2.07352763937e-06, 1.99837722903e-06, 2.64539403361e-06, 1.77419258307e-06, 1.35914547172e-06, 1.38524774229e-06, 1.49829941165e-06, 9.78035700427e-07, 6.26571647899e-07, 6.25868665338e-07, 3.54721748863e-07],
        "dvar": [1.14810218292e-05, 1.43441520777e-05, 5.25457608092e-06, 1.33653304601e-06, 5.591508625e-07, 2.03536288268e-07, 2.94928241829e-07, 1.2161893892e-07, 6.02277552275e-08, 5.10166877632e-08, 1.09404084014e-07, 8.24365997687e-08, 1.54540042985e-08, 5.89353188474e-09, 1.64341518172e-09, 9.58374157811e-10, 1.23284149556e-09, 1.55718093975e-09, 1.05395192573e-09, 6.67588540004e-10, 2.88693791095e-10, 9.41042577196e-10, 1.91990146003e-10, 4.14562620343e-11, 3.79824331709e-11, 4.6406333637e-11, 2.20752704311e-11, 5.32268153164e-11, 1.65611951236e-11, 7.49812885392e-12, 2.27382505186e-11, 5.45332043411e-11, 7.98800955937e-12, 2.60203187122e-12, 3.40306493922e-12, 4.62810909388e-12, 1.90102707881e-12, 9.09373000079e-13, 5.71287862936e-13, 1.95004060642e-13],
        "dvar2": [2.82680575765e-05, 3.88173866668e-05, 1.3685005797e-05, 3.62094283446e-06, 1.27572172914e-06, 4.7207214493e-07, 5.55268172775e-07, 2.51144967933e-07, 1.03952942254e-07, 9.42329307918e-08, 1.88557891079e-07, 1.07005341476e-07, 2.56827945577e-08, 1.32476278836e-08, 4.32777857995e-09, 2.2118173959e-09, 2.95948909823e-09, 3.51419759959e-09, 2.1511172843e-09, 1.64228530775e-09, 7.26708082599e-10, 2.48354825594e-09, 5.03688368791e-10, 9.46995537543e-11, 9.81785694409e-11, 8.17908796247e-11, 5.3211147294e-11, 1.28274751932e-10, 3.15991816047e-11, 1.62342743415e-11, 4.93659280121e-11, 8.73470115681e-11, 1.89749743695e-11, 5.72805518295e-12, 6.09109464256e-12, 9.22904547923e-12, 3.91407869657e-12, 1.72664345929e-12, 1.13711470795e-12, 4.03333182825e-13],
        "max": [0.0336653143167, 0.0342572964728, 0.0239044297487, 0.0155378961936, 0.0100478800014, 0.00980340596288, 0.0127525860444, 0.00567511608824, 0.00472269533202, 0.00400475505739, 0.00569846807048, 0.00630126195028, 0.00301511585712, 0.00174200464971, 0.000913073250558, 0.000533042242751, 0.000446627353085, 0.000734243309125, 0.000606714922469, 0.000556950864848, 0.000243041853537, 0.000542058784049, 0.000146160964505, 0.000109811815491, 9.26331485971e-05, 0.000247811316513, 8.52977100294e-05, 0.000219251334784, 0.0001140166205, 5.54566468054e-05, 0.000139806739753, 0.000244398688665, 6.67056447128e-05, 2.78324605461e-05, 2.77248236671e-05, 3.73343573301e-05, 2.54057813436e-05, 1.64060365933e-05, 1.05367844299e-05, 8.93391552381e-06],
        "mean": [0.00118072517216, 0.00234326673672, 0.00240657385439, 0.00173548702151, 0.00100820022635, 0.000516348343808, 0.00056302692974, 0.000422085693572, 0.000251634075539, 0.000241821573582, 0.000347881141352, 0.000272094272077, 0.000110820939881, 5.50654767721e-05, 2.35661791521e-05, 3.16889672831e-05, 2.55372542597e-05, 3.14673525281e-05, 2.8054086215e-05, 1.69690283656e-05, 1.31287351905e-05, 1.67845792021e-05, 1.06429215521e-05, 6.18437434241e-06, 6.31350621916e-06, 5.43212854609e-06, 3.60887315765e-06, 3.46263777828e-06, 2.91161722998e-06, 2.31103376791e-06, 2.24909285862e-06, 2.99497423839e-06, 2.10358643926e-06, 1.68891619978e-06, 1.96501900973e-06, 2.06851200346e-06, 1.29816282879e-06, 8.9598751174e-07, 7.81830067353e-07, 4.7244506618e-07],
        "median": [0.000410320062656, 0.00156939146109, 0.00146124884486, 0.00103200215381, 0.000535446277354, 0.000311308365781, 0.000145011494169, 0.000207095756195, 7.30253595975e-05, 6.68208813295e-05, 6.26608743914e-05, 3.92917863792e-05, 3.16503392241e-05, 1.88083940884e-05, 9.54202823777e-06, 1.26174772959e-05, 8.35373521113e-06, 9.09802292881e-06, 9.21848095459e-06, 7.71539544075e-06, 7.06628497937e-06, 7.1262666097e-06, 4.73428508485e-06, 2.98066697724e-06, 3.12959605253e-06, 2.05616311177e-06, 1.76257003659e-06, 1.48836613789e-06, 1.24159043935e-06, 1.01834586985e-06, 9.57854808803e-07, 1.237949391e-06, 1.07105984171e-06, 7.68137567775e-07, 7.7602140891e-07, 8.02585475412e-07, 4.97050280046e-07, 3.27115117216e-07, 3.58690243729e-07, 1.97000403546e-07],
        "min": [1.22454365558e-23, 9.09752971199e-24, 1.58694418607e-24, 4.96130716056e-24, 8.1701187994e-24, 4.40660896543e-24, 5.2033454635e-24, 1.15866043824e-23, 1.73542946266e-23, 6.0913440964e-24, 8.30042047715e-24, 1.16025338507e-23, 4.97221395144e-24, 9.89307542452e-24, 1.17721073909e-23, 2.02096871136e-23, 2.93151125344e-23, 1.30116082437e-23, 1.20739358284e-23, 1.06961760579e-23, 1.28637402113e-23, 8.32142626533e-24, 5.50731171408e-24, 6.11613878351e-24, 8.34721412832e-24, 9.18034748527e-24, 1.58259302653e-23, 8.46831768791e-24, 9.37872628141e-24, 8.64698679433e-24, 1.25252092313e-23, 1.14985367398e-23, 7.11182402973e-24, 9.10062993535e-24, 1.03281385246e-23, 1.37500128165e-23, 1.08365743664e-23, 1.31212772644e-23, 9.30149285448e-24, 8.73156530515e-24],
        "stdev": [0.00317746843211, 0.00341915409081, 0.002788746031, 0.00191647233441, 0.00137925590388, 0.000732886779588, 0.00141537655145, 0.000588981027249, 0.000479405280203, 0.000468847778393, 0.000794994819444, 0.000805508811027, 0.00027130387025, 0.000126387531054, 4.39496361651e-05, 5.36853731319e-05, 4.5818171202e-05, 6.97799114278e-05, 5.28200362169e-05, 3.18410202453e-05, 2.0909752493e-05, 3.75554955099e-05, 1.79574180947e-05, 9.86022041616e-06, 9.85948463494e-06, 1.33364583235e-05, 6.08602158536e-06, 8.65246238391e-06, 5.92297601543e-06, 3.95959614252e-06, 5.82983466302e-06, 9.59396311373e-06, 3.68750329471e-06, 2.64819004769e-06, 3.51335052073e-06, 3.92520041714e-06, 2.47279331234e-06, 1.72637453488e-06, 1.24749817587e-06, 7.78085109232e-07],
        "var": [1.00963061413e-05, 1.16906139738e-05, 7.77710465627e-06, 3.67286611436e-06, 1.9023468667e-06, 5.3712301451e-07, 2.00329077416e-06, 3.46898673342e-07, 2.29829410614e-07, 2.19818232949e-07, 6.32016792679e-07, 6.48844434181e-07, 7.36057899076e-08, 1.59738071659e-08, 1.93157045913e-09, 2.88211920996e-09, 2.09930473005e-09, 4.86923568133e-09, 2.78995604397e-09, 1.01385055906e-09, 4.37217734239e-10, 1.41041522905e-09, 3.22468884928e-10, 9.72239441732e-11, 9.7209441885e-11, 1.77861114725e-10, 3.70396560645e-11, 7.48651002302e-11, 3.50816424521e-11, 1.56784030203e-11, 3.39869729582e-11, 9.2044122324e-11, 1.35976802734e-11, 7.0129106515e-12, 1.23436313254e-11, 1.54071980868e-11, 6.11470639747e-12, 2.98036920664e-12, 1.55625176374e-12, 6.05416433132e-13]
    },
    "melbands128": {
