{
"lowlevel": {
    "average_loudness": 0.818194806576,
    "barkbands_crest": {
        "dmean": 2.22682332993,
        "dmean2": 3.4282374382,
        "dvar": 3.80575704575,
        "dvar2": 8.98598670959,
        "max": 23.0109405518,
        "mean": 9.44494724274,
        "median": 8.65965080261,
        "min": 2.74349498749,
        "stdev": 3.78644442558,
        "var": 14.3371610641
    },
    "barkbands_flatness_db": {
        "dmean": 0.0181963182986,
        "dmean2": 0.0257192123681,
        "dvar": 0.0002871764882,
        "dvar2": 0.000543813453987,
        "max": 0.378601968288,
        "mean": 0.13120020926,
        "median": 0.126276701689,
        "min": 0.0415595807135,
        "stdev": 0.0462711937726,
        "var": 0.00214102328755
    },
    "barkbands_kurtosis": {
        "dmean": 1.74810731411,
        "dmean2": 2.67786002159,
        "dvar": 12.5702085495,
        "dvar2": 29.9236240387,
        "max": 99.2081985474,
        "mean": 2.58983421326,
        "median": 1.14228057861,
        "min": -1.84408962727,
        "stdev": 7.02256536484,
        "var": 49.3164253235
    },
    "barkbands_skewness": {
        "dmean": 0.415136903524,
        "dmean2": 0.619142055511,
        "dvar": 0.176088795066,
        "dvar2": 0.380827099085,
        "max": 8.50084400177,
        "mean": 1.13861000538,
        "median": 1.0198738575,
        "min": -1.7996827364,
        "stdev": 0.998129963875,
        "var": 0.996263384819
    },
    "barkbands_spread": {
        "dmean": 5.32335805893,
        "dmean2": 7.55510902405,
        "dvar": 47.1401062012,
        "dvar2": 85.7931442261,
        "max": 105.953483582,
        "mean": 25.0470485687,
        "median": 18.9485149384,
        "min": 0.887108504772,
        "stdev": 17.8737831116,
        "var": 319.472106934
    },
    "dissonance": {
        "dmean": 0.0226945951581,
        "dmean2": 0.0366680659354,
        "dvar": 0.000656255579088,
        "dvar2": 0.00157320965081,
        "max": 0.499220728874,
        "mean": 0.443536311388,
        "median": 0.448898166418,
        "min": 0.0167702939361,
        "stdev": 0.0346459858119,
        "var": 0.0012003442971
    },
    "dynamic_complexity": 3.44728851318,
    "erbbands_crest": {
        "dmean": 2.79911923409,
        "dmean2": 4.32345342636,
        "dvar": 5.94202947617,
        "dvar2": 14.618013382,
        "max": 27.4355945587,
        "mean": 10.4837369919,
        "median": 9.65404224396,
        "min": 2.97357392311,
        "stdev": 4.59896087646,
        "var": 21.1504421234
    },
    "erbbands_flatness_db": {
        "dmean": 0.0183374024928,
        "dmean2": 0.0239902343601,
        "dvar": 0.000318896578392,
        "dvar2": 0.000535017228685,
        "max": 0.312787741423,
        "mean": 0.163521364331,
        "median": 0.1615986377,
        "min": 0.0638923421502,
        "stdev": 0.0461090728641,
        "var": 0.0021260464564
    },
    "erbbands_kurtosis": {
        "dmean": 0.835818827152,
        "dmean2": 1.31904041767,
        "dvar": 1.70812273026,
        "dvar2": 4.00195026398,
        "max": 35.9758377075,
        "mean": 0.376119464636,
        "median": -0.212666034698,
        "min": -1.73421168327,
        "stdev": 2.10791158676,
        "var": 4.44329118729
    },
    "erbbands_skewness": {
        "dmean": 0.347568035126,
        "dmean2": 0.517982780933,
        "dvar": 0.102850958705,
        "dvar2": 0.234122872353,
        "max": 4.99408817291,
        "mean": 0.46783041954,
        "median": 0.454301387072,
        "min": -1.81727218628,
        "stdev": 0.763455986977,
        "var": 0.582865059376
    },
    "erbbands_spread": {
        "dmean": 7.50655984879,
        "dmean2": 10.8308162689,
        "dvar": 68.2722167969,
        "dvar2": 132.229812622,
        "max": 110.721321106,
        "mean": 37.4867134094,
        "median": 33.4746704102,
        "min": 3.94747805595,
        "stdev": 18.9119415283,
        "var": 357.661560059
    },
    "hfc": {
        "dmean": 5.2178235054,
        "dmean2": 6.80001020432,
        "dvar": 59.8310089111,
        "dvar2": 98.0573654175,
        "max": 146.015151978,
        "mean": 19.5675678253,
        "median": 11.8779916763,
        "min": 1.21785431009e-16,
        "stdev": 21.5573043823,
        "var": 464.717376709
    },
    "loudness_ebu128": {
        "integrated": -11.6674108505,
        "loudness_range": 4.56878185272,
        "momentary": {
            "dmean": 0.75911462307,
            "dmean2": 0.790441393852,
            "dvar": 0.487325161695,
            "dvar2": 0.516025185585,
            "max": -4.7043132782,
            "mean": -12.6195926666,
            "median": -12.6927518845,
            "min": -22.2515716553,
            "stdev": 2.87632036209,
            "var": 8.27321815491
        },
        "short_term": {
            "dmean": 0.137763381004,
            "dmean2": 0.109120674431,
            "dvar": 0.0210631806403,
            "dvar2": 0.0139189139009,
            "max": -8.82996368408,
            "mean": -11.8772163391,
            "median": -11.8248157501,
            "min": -15.3781604767,
            "stdev": 1.43477213383,
            "var": 2.05857110023
        }
    },
    "melbands_crest": {
        "dmean": 2.87700676918,
        "dmean2": 4.40174055099,
        "dvar": 6.82229566574,
        "dvar2": 15.6863927841,
        "max": 30.756231308,
        "mean": 13.2575817108,
        "median": 12.1794109344,
        "min": 2.15600681305,
        "stdev": 5.1148648262,
        "var": 26.1618423462
    },
    "melbands_flatness_db": {
        "dmean": 0.019556298852,
        "dmean2": 0.0275754649192,
        "dvar": 0.000373798247892,
        "dvar2": 0.000710000866093,
        "max": 0.498273581266,
        "mean": 0.181780427694,
        "median": 0.178909495473,
        "min": 0.00613868329674,
        "stdev": 0.0612515024841,
        "var": 0.00375174661167
    },
    "melbands_kurtosis": {
        "dmean": 4.0263261795,
        "dmean2": 6.02342653275,
        "dvar": 47.157207489,
        "dvar2": 100.886375427,
        "max": 198.168960571,
        "mean": 8.33938789368,
        "median": 4.72501516342,
        "min": -1.51415967941,
        "stdev": 13.3763313293,
        "var": 178.926239014
    },
    "melbands_skewness": {
        "dmean": 0.538769960403,
        "dmean2": 0.792975008488,
        "dvar": 0.323242813349,
        "dvar2": 0.686040639877,
        "max": 10.204949379,
        "mean": 2.02821993828,
        "median": 1.81338500977,
        "min": -0.646570026875,
        "stdev": 1.3007838726,
        "var": 1.69203865528
    },
    "melbands_spread": {
        "dmean": 6.99551534653,
        "dmean2": 10.2593183517,
        "dvar": 120.376838684,
        "dvar2": 212.835037231,
        "max": 181.634552002,
        "mean": 28.5039749146,
        "median": 21.4001083374,
        "min": 0.868813037872,
        "stdev": 23.4826316833,
        "var": 551.434020996
    },
    "pitch_salience": {
        "dmean": 0.0589881241322,
        "dmean2": 0.0927173048258,
        "dvar": 0.00278362305835,
        "dvar2": 0.00650689844042,
        "max": 0.965682923794,
        "mean": 0.508351325989,
        "median": 0.502949178219,
        "min": 0.181449264288,
        "stdev": 0.0968617349863,
        "var": 0.00938219577074
    },
    "silence_rate_20dB": {
        "dmean": 0,
        "dmean2": 0,
        "dvar": 0,
        "dvar2": 0,
        "max": 1,
        "mean": 1,
        "median": 1,
        "min": 1,
        "stdev": 0,
        "var": 0
    },
    "silence_rate_30dB": {
        "dmean": 0.00154798757285,
        "dmean2": 0.00309837330133,
        "dvar": 0.00154558534268,
        "dvar2": 0.00308874226175,
        "max": 1,
        "mean": 0.997679829597,
        "median": 1,
        "min": 0,
        "stdev": 0.0481129065156,
        "var": 0.00231485185213
    },
    "silence_rate_60dB": {
        "dmean": 0.0239938087761,
        "dmean2": 0.0480247884989,
        "dvar": 0.0234183631837,
        "dvar2": 0.0472681336105,
        "max": 1,
        "mean": 0.0456303171813,
        "median": 0,
        "min": 0,
        "stdev": 0.208683311939,
        "var": 0.0435487255454
    },
    "spectral_centroid": {
        "dmean": 226.600570679,
        "dmean2": 325.137695312,
        "dvar": 125151.507812,
        "dvar2": 184075.84375,
        "max": 10713.7636719,
        "mean": 1516.59729004,
        "median": 1343.44396973,
        "min": 161.64944458,
        "stdev": 760.350219727,
        "var": 578132.4375
    },
    "spectral_complexity": {
        "dmean": 2.48839020729,
        "dmean2": 3.73044157028,
        "dvar": 6.20184612274,
        "dvar2": 12.4322910309,
        "max": 38,
        "mean": 14.2993040085,
        "median": 14,
        "min": 0,
        "stdev": 5.98987197876,
        "var": 35.8785667419
    },
    "spectral_decrease": {
        "dmean": 1.13039477778e-09,
        "dmean2": 1.5384090668e-09,
        "dvar": 2.54572257459e-18,
        "dvar2": 4.3682423804e-18,
        "max": -2.19616710546e-29,
        "mean": -4.05072242415e-09,
        "median": -2.73170153164e-09,
        "min": -3.22841344769e-08,
        "stdev": 3.95358235039e-09,
        "var": 1.56308118277e-17
    },
    "spectral_energy": {
        "dmean": 0.00461113499478,
        "dmean2": 0.00624680612236,
        "dvar": 4.30082800449e-05,
        "dvar2": 7.32632470317e-05,
        "max": 0.134414047003,
        "mean": 0.0170632079244,
        "median": 0.0119462320581,
        "min": 1.11291811904e-20,
        "stdev": 0.0164975188673,
        "var": 0.000272168137599
    },
    "spectral_energyband_high": {
        "dmean": 0.000300474086544,
        "dmean2": 0.00040534810978,
        "dvar": 3.25294962522e-07,
        "dvar2": 5.14024691256e-07,
        "max": 0.0103660933673,
        "mean": 0.000858691462781,
        "median": 0.000307216163492,
        "min": 8.02619729929e-21,
        "stdev": 0.00135422835592,
        "var": 1.83393444786e-06
    },
    "spectral_energyband_low": {
        "dmean": 0.00105087365955,
        "dmean2": 0.00168080907315,
        "dvar": 2.32692195823e-06,
        "dvar2": 6.2213948695e-06,
        "max": 0.0133427558467,
        "mean": 0.00249421643093,
        "median": 0.00224321102723,
        "min": 1.10905601255e-22,
        "stdev": 0.00215570651926,
        "var": 4.64707045467e-06
    },
    "spectral_energyband_middle_high": {
        "dmean": 0.00186634983402,
        "dmean2": 0.00246517453343,
        "dvar": 1.7417842173e-05,
        "dvar2": 3.29764588969e-05,
        "max": 0.0940569490194,
        "mean": 0.00540713220835,
        "median": 0.00225130119361,
        "min": 1.69270243994e-21,
        "stdev": 0.0098624182865,
        "var": 9.7267300589e-05
    },
    "spectral_energyband_middle_low": {
        "dmean": 0.0031739063561,
        "dmean2": 0.00429175840691,
        "dvar": 2.34190265473e-05,
        "dvar2": 4.17929804826e-05,
        "max": 0.10825805366,
        "mean": 0.00891626533121,
        "median": 0.00562259694561,
        "min": 2.87126512569e-22,
        "stdev": 0.0100945262238,
        "var": 0.000101899466245
    },
    "spectral_entropy": {
        "dmean": 0.17433808744,
        "dmean2": 0.226945087314,
        "dvar": 0.0298733878881,
        "dvar2": 0.0465832054615,
        "max": 9.80074977875,
        "mean": 7.39012956619,
        "median": 7.34227132797,
        "min": 5.36355400085,
        "stdev": 0.434705346823,
        "var": 0.188968732953
    },
    "spectral_flux": {
        "dmean": 0.0175728052855,
        "dmean2": 0.0271259956062,
        "dvar": 0.00036143505713,
        "dvar2": 0.000853158649988,
        "max": 0.287086993456,
        "mean": 0.0605794228613,
        "median": 0.0531776994467,
        "min": 1.05494932234e-10,
        "stdev": 0.0354105941951,
        "var": 0.00125391012989
    },
    "spectral_kurtosis": {
        "dmean": 1.37678718567,
        "dmean2": 2.21651172638,
        "dvar": 2.38210773468,
        "dvar2": 6.06492567062,
        "max": 24.7912769318,
        "mean": 4.54419326782,
        "median": 4.14326000214,
        "min": -1.13623595238,
        "stdev": 2.92395091057,
        "var": 8.5494890213
    },
    "spectral_rms": {
        "dmean": 0.000536894600373,
        "dmean2": 0.000728117593098,
        "dvar": 3.54769838395e-07,
        "dvar2": 6.1353239289e-07,
        "max": 0.0114514483139,
        "mean": 0.00373914744705,
        "median": 0.00341392168775,
        "min": 3.29510810998e-12,
        "stdev": 0.00163272826467,
        "var": 2.66580173047e-06
    },
    "spectral_rolloff": {
        "dmean": 547.76361084,
        "dmean2": 867.699768066,
        "dvar": 1395327.75,
        "dvar2": 2197378,
        "max": 19143.0175781,
        "mean": 2186.79736328,
        "median": 1399.65820312,
        "min": 86.1328125,
        "stdev": 2433.44165039,
        "var": 5921638.5
    },
    "spectral_skewness": {
        "dmean": 0.198511525989,
        "dmean2": 0.306158453226,
        "dvar": 0.0415533259511,
        "dvar2": 0.0848040804267,
        "max": 3.9630689621,
        "mean": 1.57292115688,
        "median": 1.55749893188,
        "min": 0.0337613373995,
        "stdev": 0.462936550379,
        "var": 0.214310243726
    },
    "spectral_spread": {
        "dmean": 645470.9375,
        "dmean2": 818190.375,
        "dvar": 1.27280572006e+12,
        "dvar2": 1.257832448e+12,
        "max": 38561900,
        "mean": 4962138,
        "median": 4431708,
        "min": 1942007,
        "stdev": 2345574.75,
        "var": 5.5017209856e+12
    },
    "spectral_strongpeak": {
        "dmean": 0.569434285164,
        "dmean2": 0.869666934013,
        "dvar": 0.751600444317,
        "dvar2": 1.67688977718,
        "max": 13.0145921707,
        "mean": 1.39079713821,
        "median": 0.855752587318,
        "min": 4.94322360822e-10,
        "stdev": 1.61972045898,
        "var": 2.62349438667
    },
    "zerocrossingrate": {
        "dmean": 0.0123374164104,
        "dmean2": 0.0128923645243,
        "dvar": 0.000481024209876,
        "dvar2": 0.000448353559477,
        "max": 0.48974609375,
        "mean": 0.0756888836622,
        "median": 0.05908203125,
        "min": 0.00439453125,
        "stdev": 0.0574495233595,
        "var": 0.00330044771545
    },
    "barkbands": {
        "dmean": [2.10379130294e-06, 0.000552066136152, 0.00050220976118, 0.000239148488618, 0.000707483792212, 0.000636207114439, 0.000513461010996, 0.00121793872677, 0.00102137809154, 0.000551440287381, 0.000525410694536, 0.000496107328217, 0.000455103610875, 0.00032213339, 0.000240038323682, 0.000157341084559, 0.000105375314888, 0.000124040467199, 0.000123015939607, 0.00016026373487, 6.62763122818e-05, 3.01354884868e-05, 5.90473864577e-05, 7.11255634087e-05, 6.34619864286e-05, 3.31717237714e-05, 3.84653685614e-06],
        "dmean2": [3.58328929906e-06, 0.000801945745479, 0.00083855324192, 0.00039616090362, 0.00115263555199, 0.000956992327701, 0.000704024278093, 0.00166784669273, 0.00135378376581, 0.000743534881622, 0.000763803720474, 0.00070932257222, 0.000652070040815, 0.00047574256314, 0.000341453647707, 0.000232580467127, 0.000159398608957, 0.000187487661606, 0.000182431671419, 0.000225510244491, 9.97693787212e-05, 4.16291986767e-05, 8.56691694935e-05, 9.82646961347e-05, 8.9001354354e-05, 4.55266199424e-05, 5.81232234254e-06],
        "dvar": [1.96506821232e-11, 6.45241357233e-07, 8.48995341585e-07, 2.00793678573e-07, 1.47420928442e-06, 1.22583446682e-06, 1.70387556864e-06, 7.87226144894e-06, 8.18375519884e-06, 9.94133461063e-06, 3.28714918396e-06, 3.63570302397e-06, 4.30401587437e-06, 1.25060978462e-06, 6.23291327884e-07, 1.33582418016e-07, 4.34952340811e-08, 5.96875722181e-08, 4.58219915345e-08, 7.91414436208e-08, 3.10253973623e-08, 4.10233580439e-09, 1.51871191179e-08, 3.4514297198e-08, 3.71466342131e-08, 9.43134992326e-09, 1.08088066275e-10],
        "dvar2": [4.86280529732e-11, 1.63023867117e-06, 2.08488472708e-06, 4.94227322179e-07, 3.68295809494e-06, 2.44704096986e-06, 3.18860224979e-06, 1.65702203958e-05, 1.33465691761e-05, 1.98589004867e-05, 6.27367899142e-06, 6.39659629087e-06, 9.31689464778e-06, 2.01089574148e-06, 1.23965082821e-06, 2.58642415929e-07, 9.16926765626e-08, 1.36952735375e-07, 9.59320729521e-08, 1.48343289652e-07, 7.45547268366e-08, 6.24160056972e-09, 3.16512505094e-08, 5.85713451073e-08, 6.75981297604e-08, 1.45411389596e-08, 2.37676961445e-10],
        "max": [5.63051726203e-05, 0.0101987794042, 0.00803740508854, 0.00409295037389, 0.0119004640728, 0.0219383984804, 0.0331827290356, 0.0410587899387, 0.0659246444702, 0.0775774121284, 0.0449386127293, 0.0405240356922, 0.0519688948989, 0.0293279029429, 0.0225070118904, 0.00954594183713, 0.00404452253133, 0.00400150474161, 0.00346167176031, 0.00557802338153, 0.00365756242536, 0.0021531668026, 0.00251920102164, 0.00354503956623, 0.0036244217772, 0.00150295312051, 0.000169656341313],
        "mean": [2.32729757954e-06, 0.00134009483736, 0.000829378492199, 0.000455237459391, 0.00104691192973, 0.00137983402237, 0.0010703895241, 0.00217646290548, 0.00225709727965, 0.000857373699546, 0.00104929704685, 0.000820344488602, 0.000757924572099, 0.000486467208248, 0.000438436080003, 0.000271744385827, 0.000212708255276, 0.000238987064222, 0.000257224979578, 0.000400317512685, 0.000139440555358, 6.42340819468e-05, 0.000160160474479, 0.000164167067851, 0.000122992365505, 5.80591076869e-05, 5.59823047297e-06],
        "median": [9.76514797912e-07, 0.000860540836584, 0.000375338917365, 0.000115188857308, 0.000577795610297, 0.000691117253155, 0.000229140394367, 0.000511910067871, 0.000280509702861, 0.000152891763719, 0.000250619836152, 0.000125887643662, 5.59702166356e-05, 0.000105511462607, 8.65815090947e-05, 0.000101882018498, 8.72895689099e-05, 8.2498001575e-05, 0.00010528598068, 0.000125490827486, 4.46911617473e-05, 2.56923922279e-05, 3.61590464308e-05, 3.16977893817e-05, 1.68773331097e-05, 8.0710160546e-06, 5.4949174455e-07],
        "min": [1.03303796785e-23, 5.43509638915e-23, 3.93878376195e-23, 2.94805429771e-23, 6.53307717324e-23, 3.30663607089e-23, 3.26014565785e-23, 1.28756425446e-23, 7.53686670308e-23, 8.22164214502e-23, 7.83531424054e-23, 1.15170574584e-22, 1.35042510901e-22, 2.16880253873e-22, 1.27787969312e-22, 2.45391302575e-22, 1.82202458594e-22, 1.6161732891e-22, 1.8371385298e-22, 3.83061464975e-22, 4.62270168053e-22, 4.59002845023e-22, 6.95938846115e-22, 9.67058752451e-22, 1.35679511664e-21, 1.53802289657e-21, 2.58041132739e-21],
        "stdev": [4.45173873231e-06, 0.00140056957025, 0.00110764184501, 0.000682109093759, 0.00133946561255, 0.00210976158269, 0.00274041015655, 0.00439467979595, 0.00582887977362, 0.00426460010931, 0.00277197081596, 0.00305511732586, 0.00345427216962, 0.00189110101201, 0.00153874885291, 0.000589587667491, 0.000370446767192, 0.000379525328754, 0.000379966397304, 0.000642950821202, 0.00029219489079, 0.000138894145493, 0.000290231866529, 0.000357668410288, 0.000334848213242, 0.000173412947333, 1.47939772432e-05],
        "var": [1.98179788552e-11, 1.96159521693e-06, 1.22687049497e-06, 4.65272819383e-07, 1.79416826995e-06, 4.45109390057e-06, 7.50984736442e-06, 1.93132109416e-05, 3.3975840779e-05, 1.81868144864e-05, 7.68382233218e-06, 9.33374121814e-06, 1.19319956866e-05, 3.57626322511e-06, 2.36774803852e-06, 3.47613649865e-07, 1.3723081338e-07, 1.44039475458e-07, 1.44374467936e-07, 4.13385777165e-07, 8.53778487908e-08, 1.92915834418e-08, 8.42345428964e-08, 1.27926696791e-07, 1.12123331064e-07, 3.00720479629e-08, 2.18861775925e-10]
    },
    "erbbands": {
        "dmean": [0.00859770365059, 0.149368822575, 0.474858850241, 0.850939035416, 0.68634480238, 3.2490170002, 4.75237512589, 5.38291358948, 5.96333408356, 19.3308391571, 20.7989959717, 24.5031509399, 21.9881744385, 8.45480251312, 24.643819809, 18.015914917, 18.9542446136, 20.8287467957, 11.5419025421, 11.1625680923, 6.80171394348, 5.38545322418, 6.43998289108, 5.09820842743, 7.19435024261, 8.09171009064, 3.48178434372, 1.83934521675, 0.950065135956, 1.12877643108, 1.84407329559, 1.61082458496, 1.14480435848, 0.814544022083, 0.418723374605, 0.179226338863, 0.0567657202482, 0.0117364814505, 0.000385980354622, 1.26384629766e-05],
        "dmean2": [0.0115217762068, 0.221976876259, 0.790958344936, 1.42130982876, 1.06361365318, 5.39904546738, 7.37044763565, 7.9745388031, 7.80422067642, 27.4002075195, 28.1808738708, 30.515455246, 27.3390598297, 11.6818628311, 34.9511070251, 25.6274452209, 27.0773200989, 30.9475784302, 15.9921016693, 16.1921787262, 9.88818836212, 7.93273210526, 9.47793674469, 7.56892061234, 10.1651945114, 11.4831466675, 5.18395423889, 2.720733881, 1.36157000065, 1.61304414272, 2.70766425133, 2.22289991379, 1.60059845448, 1.15216684341, 0.592415750027, 0.245778769255, 0.0804483667016, 0.0172342415899, 0.000559485692065, 1.74731994775e-05],
        "dvar": [0.000136027461849, 0.0485689304769, 0.724005281925, 2.49121952057, 1.29401242733, 38.8234672546, 44.1370201111, 137.428222656, 248.060882568, 2959.16870117, 2404.9921875, 4525.42236328, 13467.3173828, 454.097320557, 7175.09033203, 5218.64453125, 8481.82226562, 5354.68066406, 1082.97363281, 1811.00134277, 192.34046936, 91.9038314819, 135.275222778, 147.958450317, 137.022796631, 207.066299438, 83.2859115601, 16.3311634064, 2.80159425735, 4.11463356018, 16.0468349457, 14.16801548, 11.3306922913, 6.7107424736, 1.49660050869, 0.281882345676, 0.0284280478954, 0.00096455658786, 1.14651925287e-06, 5.85668735731e-10],
        "dvar2": [0.000290112540824, 0.125572308898, 1.87698078156, 6.21030187607, 3.10813093185, 97.3693389893, 110.896728516, 281.267974854, 455.053344727, 6935.62255859, 4984.45214844, 6057.75976562, 24748.9023438, 868.575500488, 16386.5957031, 9525.68066406, 21282.3105469, 10295.6533203, 1808.45532227, 3428.4387207, 360.663085938, 192.050811768, 287.699157715, 290.096954346, 274.320739746, 415.521697998, 199.872909546, 32.6586494446, 4.77598619461, 7.69722652435, 34.2405204773, 25.3784408569, 20.5038871765, 12.6673755646, 2.85021996498, 0.46140730381, 0.0484520345926, 0.00184487202205, 2.27264490604e-06, 1.02538089131e-09],
        "max": [0.164065510035, 2.73545074463, 7.76280069351, 13.7082462311, 14.0147209167, 60.015460968, 82.4196548462, 211.592071533, 498.772613525, 809.671020508, 913.902160645, 1780.35583496, 3308.48388672, 436.24508667, 2364.90576172, 1693.27075195, 1916.27331543, 1669.08972168, 869.290588379, 1514.93493652, 280.160003662, 142.140670776, 183.904678345, 278.708343506, 140.177581787, 263.881378174, 197.984268188, 97.6368408203, 48.148235321, 42.3801651001, 74.7865447998, 76.982421875, 53.7393875122, 46.6466026306, 21.4558486938, 8.01261043549, 2.71287369728, 0.562563478947, 0.0204493198544, 0.000459604721982],
        "mean": [0.0194983817637, 0.366682708263, 0.987316012383, 1.45060062408, 1.25462269783, 4.2764172554, 8.78405475616, 11.5648622513, 12.9253101349, 37.8029212952, 39.8381080627, 58.7553939819, 36.9237136841, 17.8351345062, 55.7053108215, 32.8970794678, 31.1576557159, 33.7063407898, 23.7421321869, 19.8888435364, 12.9918489456, 11.9764051437, 13.6388139725, 11.5803518295, 16.9280414581, 20.6853408813, 8.12088489532, 3.91886711121, 1.97725713253, 3.16751456261, 4.9147233963, 4.00561094284, 2.27765393257, 1.5192950964, 0.789595842361, 0.323961824179, 0.0945961400867, 0.0196331758052, 0.000633007148281, 3.73734619643e-05],
        "median": [0.0110088223591, 0.25608626008, 0.552701175213, 0.57199126482, 0.722883760929, 2.04665541649, 5.33532524109, 5.03157186508, 4.10825824738, 9.84345245361, 10.1604194641, 7.59750270844, 6.38856077194, 5.68395423889, 11.7933244705, 6.67156028748, 3.52687954903, 6.39992189407, 3.69765996933, 6.85366725922, 4.86695623398, 4.94071769714, 4.78582954407, 4.56261634827, 7.5925526619, 6.51652383804, 3.21002864838, 1.21434962749, 0.904308021069, 0.908998250961, 1.06137359142, 0.791764497757, 0.424327969551, 0.23733098805, 0.0933753401041, 0.0416594520211, 0.0130152432248, 0.00245772511698, 7.82628630986e-05, 2.12294980884e-05],
        "min": [1.03671065179e-21, 1.40295922652e-20, 5.50133850096e-20, 5.65861784715e-20, 9.73101864203e-20, 3.8430650993e-19, 2.02874666002e-19, 2.64195206247e-19, 2.57160810619e-19, 6.56779648608e-19, 2.61184217118e-19, 1.58171729313e-18, 2.82466938384e-18, 4.06270998626e-18, 2.37167115921e-18, 5.25779902858e-18, 7.21094533557e-18, 6.75217897373e-18, 1.07460224517e-17, 8.68554201559e-18, 1.42024065674e-17, 9.05526693399e-18, 8.02316225084e-18, 9.19871907736e-18, 1.24908739271e-17, 1.55135639389e-17, 1.801818577e-17, 1.7685614496e-17, 1.79665680454e-17, 1.80039185588e-17, 2.02117413687e-17, 2.49290680297e-17, 1.39621536128e-17, 1.67460862127e-17, 8.53920218471e-18, 5.99048335514e-18, 2.71430301741e-18, 1.2831606165e-18, 3.33639396815e-19, 4.0603992443e-20],
        "stdev": [0.0223323944956, 0.376439958811, 1.13899898529, 2.04842805862, 1.58294022083, 6.42752790451, 10.1146335602, 21.4743938446, 34.7814559937, 85.4957427979, 79.8037490845, 157.110549927, 172.478775024, 35.0812225342, 165.261474609, 106.84942627, 130.890228271, 112.005058289, 78.3665084839, 72.3904876709, 23.6595840454, 18.6502456665, 20.8436985016, 20.2776279449, 23.6410503387, 32.6158294678, 15.1916809082, 8.27879714966, 3.3062684536, 5.34628200531, 9.04968833923, 8.15290546417, 5.72435808182, 4.39206600189, 2.06235361099, 0.924323558807, 0.28666228056, 0.0514764972031, 0.00165033782832, 4.70583036076e-05],
        "var": [0.000498735869769, 0.14170704782, 1.29731881618, 4.19605779648, 2.50569963455, 41.313117981, 102.30581665, 461.149597168, 1209.74975586, 7309.52148438, 6368.63818359, 24683.7246094, 29748.9257812, 1230.69213867, 27311.3574219, 11416.7998047, 17132.25, 12545.1328125, 6141.30957031, 5240.3828125, 559.775878906, 347.831665039, 434.459747314, 411.182189941, 558.899291992, 1063.7923584, 230.78717041, 68.5384750366, 10.9314107895, 28.5827293396, 81.8968658447, 66.469871521, 32.7682762146, 19.2902431488, 4.25330209732, 0.854373991489, 0.0821752548218, 0.00264982972294, 2.72361512543e-06, 2.21448392956e-09]
    },
    "gfcc": {
        "mean": [-16.2717056274, 78.2099533081, -118.842689514, 22.644744873, -62.7363433838, 9.16333580017, -36.9363746643, 15.1877040863, -25.3103256226, 6.15275144577, -11.8153572083, 0.466877967119, -11.2916593552],
        "cov": [[5441.42480469, -1472.61853027, -332.153961182, -102.65259552, -480.008361816, 128.465896606, -102.198806763, 203.597229004, -304.276763916, 44.9458465576, 33.8842048645, -64.9053039551, -190.035827637], [-1472.61853027, 1936.10876465, -308.702270508, -36.9325180054, 304.76574707, -211.767654419, 195.371536255, -61.5850563049, 234.596191406, -23.7378234863, 104.720649719, -40.8532028198, 53.4405479431], [-332.153961182, -308.702270508, 794.469543457, 269.897766113, 137.948318481, 159.487350464, -58.7595901489, -5.21492910385, -70.2954025269, -17.0308208466, -129.497360229, 62.8832969666, -3.73208069801], [-102.65259552, -36.9325180054, 269.897766113, 439.255371094, 128.297195435, 14.5324878693, -16.3592967987, -47.9377326965, -4.24407291412, -35.09608078, -76.9187698364, 41.4187431335, 47.5535964966], [-480.008361816, 304.76574707, 137.948318481, 128.297195435, 262.121307373, 18.2567119598, 15.6890964508, -4.88521003723, 28.4246120453, -4.55133867264, -40.9530982971, 5.9031291008, 22.289642334], [128.465896606, -211.767654419, 159.487350464, 14.5324878693, 18.2567119598, 242.443817139, 87.6097717285, 11.2994070053, -72.9574737549, -20.7394065857, -20.5326957703, -35.9774017334, -31.8609714508], [-102.198806763, 195.371536255, -58.7595901489, -16.3592967987, 15.6890964508, 87.6097717285, 251.725952148, 8.50706768036, -26.1928939819, -15.4317264557, 13.0807237625, -51.5249786377, -14.672753334], [203.597229004, -61.5850563049, -5.21492910385, -47.9377326965, -4.88521003723, 11.2994070053, 8.50706768036, 118.776741028, 32.7735290527, 0.462636291981, 5.51975488663, -19.9408531189, -7.28725147247], [-304.276763916, 234.596191406, -70.2954025269, -4.24407291412, 28.4246120453, -72.9574737549, -26.1928939819, 32.7735290527, 182.201690674, 44.3748054504, 3.95128893852, 9.08353996277, 23.1981296539], [44.9458465576, -23.7378234863, -17.0308208466, -35.09608078, -4.55133867264, -20.7394065857, -15.4317264557, 0.462636291981, 44.3748054504, 94.2668914795, 12.787109375, 17.7842559814, -4.58228206635], [33.8842048645, 104.720649719, -129.497360229, -76.9187698364, -40.9530982971, -20.5326957703, 13.0807237625, 5.51975488663, 3.95128893852, 12.787109375, 127.247917175, 19.264957428, -4.49015474319], [-64.9053039551, -40.8532028198, 62.8832969666, 41.4187431335, 5.9031291008, -35.9774017334, -51.5249786377, -19.9408531189, 9.08353996277, 17.7842559814, 19.264957428, 121.192314148, 34.7595977783], [-190.035827637, 53.4405479431, -3.73208069801, 47.5535964966, 22.289642334, -31.8609714508, -14.672753334, -7.28725147247, 23.1981296539, -4.58228206635, -4.49015474319, 34.7595977783, 88.3160018921]],
        "icov": [[0.00037678075023, 1.08063641164e-05, 0.000424687284976, -0.000469704798888, 0.000547052070033, -0.000267705065198, 0.000346857472323, -0.00103494431823, 0.000889534770977, -0.000636057171505, 0.000266922346782, -0.000179904978722, 0.000630370399449], [1.08063641164e-05, 0.00161458493676, -0.000125085090986, 0.00067848386243, -0.00211454275995, 0.00158622977324, -0.00159257336054, 0.00172086164821, -0.00205922266468, 0.00164861476514, -0.00160404248163, 0.000757466477808, -9.42619517446e-05], [0.000424687284976, -0.000125085090986, 0.00310969352722, -0.00163866183721, 0.000153138360474, -0.00213571614586, 0.00136951112654, -0.00206625531428, 0.00186832621694, -0.0012300502276, 0.00225029606372, -0.00204852246679, 0.0016172605101], [-0.000469704798888, 0.00067848386243, -0.00163866183721, 0.00461807474494, -0.00254332320765, 0.0014240759192, -0.00141395197716, 0.00338375032879, -0.00245499517769, 0.00281669339165, -0.000200397684239, 0.000142594188219, -0.00205246196128], [0.000547052070033, -0.00211454275995, 0.000153138360474, -0.00254332320765, 0.0084848375991, -0.00249376753345, 0.0020111866761, -0.00366827682592, 0.0029518364463, -0.00310138775967, 0.0028567193076, -0.000858481565956, 0.00036977120908], [-0.000267705065198, 0.00158622977324, -0.00213571614586, 0.0014240759192, -0.00249376753345, 0.00859677791595, -0.00401506666094, 0.0018930133665, -0.000964347738773, 0.00208567385562, -0.00216282857582, 0.00235762284137, 0.000150632724399], [0.000346857472323, -0.00159257336054, 0.00136951112654, -0.00141395197716, 0.0020111866761, -0.00401506666094, 0.00720539456233, -0.0027893264778, 0.00315678631887, -0.00215703318827, 0.00119771109894, 0.000491883489303, 0.000466296332888], [-0.00103494431823, 0.00172086164821, -0.00206625531428, 0.00338375032879, -0.00366827682592, 0.0018930133665, -0.0027893264778, 0.0147537635639, -0.0073882737197, 0.0048078163527, -0.00317401508801, 0.00282047293149, -0.0018961627502], [0.000889534770977, -0.00205922266468, 0.00186832621694, -0.00245499517769, 0.0029518364463, -0.000964347738773, 0.00315678631887, -0.0073882737197, 0.0129797095433, -0.00735929468647, 0.00317566446029, -0.00110321596731, 0.000187320343684], [-0.000636057171505, 0.00164861476514, -0.0012300502276, 0.00281669339165, -0.00310138775967, 0.00208567385562, -0.00215703318827, 0.0048078163527, -0.00735929468647, 0.0161370392889, -0.00259142927825, -0.00106984691229, 0.000698326039128], [0.000266922346782, -0.00160404248163, 0.00225029606372, -0.000200397684239, 0.0028567193076, -0.00216282857582, 0.00119771109894, -0.00317401508801, 0.00317566446029, -0.00259142927825, 0.0127906417474, -0.004670787137, 0.00170382426586], [-0.000179904978722, 0.000757466477808, -0.00204852246679, 0.000142594188219, -0.000858481565956, 0.00235762284137, 0.000491883489303, 0.00282047293149, -0.00110321596731, -0.00106984691229, -0.004670787137, 0.0132063655183, -0.00482814013958], [0.000630370399449, -9.42619517446e-05, 0.0016172605101, -0.00205246196128, 0.00036977120908, 0.000150632724399, 0.000466296332888, -0.0018961627502, 0.000187320343684, 0.000698326039128, 0.00170382426586, -0.00482814013958, 0.0157658681273]]
    },
    "melbands": {
        "dmean": [0.000121876364574, 0.00022342990269, 0.000126899816678, 0.000125023696455, 0.000167248595972, 0.000118099684187, 9.01468592929e-05, 0.000230578240007, 0.00017034796474, 0.000156816458912, 0.000108807733341, 3.32500421791e-05, 7.06322898623e-05, 6.32859373582e-05, 3.67667489627e-05, 4.96064312756e-05, 3.93396221625e-05, 2.0636982299e-05, 1.52241627802e-05, 1.51546664711e-05, 6.95859989719e-06, 5.51600078325e-06, 7.4385247899e-06, 5.6619451243e-06, 4.29214605902e-06, 5.07914819536e-06, 6.34585330772e-06, 5.31327259523e-06, 2.0840709567e-06, 2.30638443099e-06, 9.04276475922e-07, 6.28820316706e-07, 4.54765910263e-07, 7.8393458125e-07, 1.17254103316e-06, 1.11390590973e-06, 9.67655637396e-07, 8.33563774449e-07, 7.97298639554e-07, 7.05457409822e-07],
        "dmean2": [0.000170559345861, 0.000364501640433, 0.000209355595871, 0.000204507581657, 0.000263340683887, 0.000175326873432, 0.000118601055874, 0.000323702435708, 0.000234520193771, 0.00019509906997, 0.000137837982038, 4.66101555503e-05, 0.000102651363704, 8.92297321116e-05, 5.1024449931e-05, 7.09170926712e-05, 5.85255038459e-05, 2.92052191071e-05, 2.27850123338e-05, 2.15539239434e-05, 1.04094433482e-05, 8.37007428345e-06, 1.09635684566e-05, 8.89916282176e-06, 6.36950426269e-06, 7.54412531023e-06, 8.81708820089e-06, 7.71517625253e-06, 3.13794680551e-06, 3.41683289662e-06, 1.31382535073e-06, 9.14082761483e-07, 6.63218429509e-07, 1.15265845579e-06, 1.74538672582e-06, 1.61253956321e-06, 1.318715249e-06, 1.18405341709e-06, 1.15148770874e-06, 1.04692253444e-06],
        "dvar": [2.93579418553e-08, 1.27209872858e-07, 4.94782810279e-08, 5.13144797765e-08, 5.60576225439e-08, 5.75823158044e-08, 5.08007289568e-08, 3.97115996975e-07, 1.70596862858e-07, 2.10987295191e-07, 3.39748453371e-07, 7.99943844498e-09, 5.48927516775e-08, 4.08842630861e-08, 2.28699388316e-08, 5.65797613206e-08, 2.03394332488e-08, 4.12973610864e-09, 3.55349794035e-09, 1.80072157185e-09, 2.10593278926e-10, 1.15793409583e-10, 2.02343516942e-10, 1.22329840702e-10, 1.27264587757e-10, 7.320907075e-11, 1.31534158565e-10, 9.78608652447e-11, 2.16942141334e-11, 4.57059182168e-11, 4.11970544484e-12, 1.57142202896e-12, 6.28100707296e-13, 2.32586129176e-12, 6.24123192364e-12, 6.26749086657e-12, 6.07553634138e-12, 5.8915611105e-12, 5.8031066931e-12, 5.55059383872e-12],
        "dvar2": [7.03165667915e-08, 3.38230051966e-07, 1.19021684952e-07, 1.27009798234e-07, 1.42224749311e-07, 1.14287800557e-07, 8.43217407009e-08, 9.09877201138e-07, 3.56898908649e-07, 2.84462288391e-07, 6.36088827832e-07, 1.57694906022e-08, 1.19654728792e-07, 8.36564169049e-08, 4.85489302093e-08, 1.2887205969e-07, 3.8272524705e-08, 6.68770594459e-09, 8.08399391872e-09, 3.15843706744e-09, 4.39328518009e-10, 2.34530950216e-10, 4.08955286302e-10, 2.96846769388e-10, 2.51649145966e-10, 1.63750152327e-10, 2.63520205657e-10, 2.02347180678e-10, 5.24385153355e-11, 1.08652142838e-10, 7.1793964003e-12, 2.54827365806e-12, 1.24382763204e-12, 4.66129305293e-12, 1.39082738382e-11, 1.28118409978e-11, 1.06776636144e-11, 1.07470716354e-11, 1.10950762466e-11, 1.13701981858e-11],
        "max": [0.00216205883771, 0.00352257699706, 0.00205086427741, 0.00222204206511, 0.00274622673169, 0.0045822430402, 0.00768147595227, 0.00888062361628, 0.00725980522111, 0.0123489275575, 0.016028854996, 0.00195351080038, 0.00615550111979, 0.0052518537268, 0.00259878789075, 0.00533758010715, 0.00323166302405, 0.00149051216431, 0.00176525150891, 0.00116288976278, 0.000239952161792, 0.000190501377801, 0.000261414534179, 0.000167723192135, 0.000265247042989, 0.00011707610247, 0.000188441161299, 0.000193476589629, 7.98409237177e-05, 0.000142149743624, 5.75568665226e-05, 3.96764335164e-05, 1.37666102091e-05, 2.92634758807e-05, 4.53787833976e-05, 5.14254134032e-05, 5.81049062021e-05, 4.01079705625e-05, 3.7554094888e-05, 4.014858132e-05],
        "mean": [0.000286535447231, 0.000519062159583, 0.000230671401368, 0.000179138791282, 0.0002976602118, 0.000260173983406, 0.000195292683202, 0.000440587260528, 0.000323762069456, 0.000364981679013, 0.00017269802629, 6.21280778432e-05, 0.000158854527399, 0.000121653079987, 5.2931587561e-05, 8.55399266584e-05, 5.87504800933e-05, 3.89862907468e-05, 2.5226492653e-05, 2.58532672888e-05, 1.23726713355e-05, 1.13649984996e-05, 1.43762053995e-05, 1.07361047412e-05, 8.81077994563e-06, 1.03685697468e-05, 1.50855303218e-05, 1.28593610498e-05, 4.36680966232e-06, 4.57537362308e-06, 1.72221041339e-06, 1.17934416721e-06, 9.81193693406e-07, 2.09159679798e-06, 2.89398326458e-06, 2.80231165561e-06, 2.189397037e-06, 1.57608621976e-06, 1.44378270761e-06, 1.23142069697e-06],
        "median": [0.000178369984496, 0.000423620542279, 0.000114737762487, 9.00426675798e-05, 0.000185378085007, 0.00011913079652, 5.55949336558e-05, 0.000126296537928, 6.83817270328e-05, 4.1977618821e-05, 2.68716739811e-05, 1.59100291057e-05, 3.60688391083e-05, 2.17550459638e-05, 9.03595082491e-06, 7.43552664062e-06, 1.20358154163e-05, 5.35065510121e-06, 6.1282526076e-06, 1.02067851913e-05, 4.18684703618e-06, 4.37143125964e-06, 4.88571367896e-06, 3.95969163947e-06, 2.84163047581e-06, 4.51236292065e-06, 5.26799294676e-06, 3.67116490452e-06, 1.76487912995e-06, 1.23593724766e-06, 4.63301176978e-07, 4.94351013458e-07, 4.10291306707e-07, 5.12515327955e-07, 6.10660208622e-07, 5.25955158537e-07, 4.07450841067e-07, 2.74523756616e-07, 2.2927868315e-07, 1.72003950638e-07],
        "min": [1.22134237914e-23, 2.45819329036e-23, 1.13109464054e-23, 1.68797316833e-23, 9.42702271261e-24, 5.98541506519e-24, 4.76193006094e-24, 6.22151679539e-24, 1.823200533e-24, 1.19553227027e-23, 1.36019215365e-23, 1.53423853517e-23, 8.30396640691e-24, 1.19633327963e-23, 1.4267592345e-23, 1.22629011474e-23, 1.40936926916e-23, 2.18081559659e-23, 7.11146983118e-24, 1.40627157016e-23, 1.88319446981e-23, 9.52414411181e-24, 9.60354059534e-24, 6.29280654982e-24, 7.59582727154e-24, 6.66173549595e-24, 1.27129770594e-23, 1.00741426681e-23, 1.12317700141e-23, 9.13604900113e-24, 1.15664781742e-23, 9.58387350411e-24, 1.04468770792e-23, 9.42924177833e-24, 1.00172302981e-23, 1.48491548039e-23, 1.50067692127e-23, 9.50430820435e-24, 1.07849087103e-23, 1.52317681201e-23],
        "stdev": [0.000306066096528, 0.000498517998494, 0.000294507743092, 0.0002447887382, 0.000329002534272, 0.000452812615549, 0.000529506301973, 0.000980831100605, 0.000674153678119, 0.00104059441946, 0.000850226206239, 0.00013737512927, 0.000428335217293, 0.000390153436456, 0.000188391903066, 0.000396265328163, 0.000215210660826, 0.000141978802276, 9.28648951231e-05, 6.99022784829e-05, 2.2672698833e-05, 1.89804086403e-05, 2.50284483627e-05, 1.64434477483e-05, 1.78944683284e-05, 1.49942070493e-05, 2.34161507251e-05, 2.11355290958e-05, 7.54663142288e-06, 1.11415047286e-05, 4.15863678427e-06, 2.41134785028e-06, 1.51205529164e-06, 3.96184941565e-06, 5.32722970092e-06, 5.44682188774e-06, 4.79930167785e-06, 4.020238066e-06, 3.96076256948e-06, 3.74044270757e-06],
        "var": [9.36764550374e-08, 2.48520223067e-07, 8.67348077804e-08, 5.99215255193e-08, 1.08242673491e-07, 2.05039256684e-07, 2.80376895034e-07, 9.62029616858e-07, 4.54483171097e-07, 1.08283666123e-06, 7.22884578863e-07, 1.88719244676e-08, 1.8347105879e-07, 1.5221971239e-07, 3.54915101752e-08, 1.57026221359e-07, 4.63156268893e-08, 2.0157980174e-08, 8.62388915834e-09, 4.88632823092e-09, 5.14051301526e-10, 3.60255908438e-10, 6.26423191097e-10, 2.7038696282e-10, 3.20211968052e-10, 2.24826254835e-10, 5.48316114735e-10, 4.46710585189e-10, 5.69516482585e-11, 1.24133120449e-10, 1.72942580395e-11, 5.81459836876e-12, 2.28631111439e-12, 1.56962498554e-11, 2.83793787081e-11, 2.96678688561e-11, 2.30332974915e-11, 1.61623128075e-11, 1.56876404228e-11, 1.39909117278e-11]
    },
    "melbands128": {
