{
"lowlevel": {
    "average_loudness": 0.923463702202,
    "barkbands_crest": {
        "dmean": 3.46111965179,
        "dmean2": 5.27366447449,
        "dvar": 11.676404953,
        "dvar2": 21.3265361786,
        "max": 26.1422576904,
        "mean": 12.2872209549,
        "median": 11.0729036331,
        "min": 2.68191432953,
        "stdev": 5.85248184204,
        "var": 34.2515449524
    },
    "barkbands_flatness_db": {
        "dmean": 0.0333589017391,
        "dmean2": 0.0474014319479,
        "dvar": 0.000971974397544,
        "dvar2": 0.00183155096602,
        "max": 0.326690196991,
        "mean": 0.133294314146,
        "median": 0.123375304043,
        "min": 0.0234730858356,
        "stdev": 0.0557606071234,
        "var": 0.00310924532823
    },
    "barkbands_kurtosis": {
        "dmean": 8.63817119598,
        "dmean2": 13.4006175995,
        "dvar": 376.475311279,
        "dvar2": 785.975036621,
        "max": 164.045715332,
        "mean": 8.84393310547,
        "median": 1.45486164093,
        "min": -1.96012508869,
        "stdev": 21.0993938446,
        "var": 445.184448242
    },
    "barkbands_skewness": {
        "dmean": 1.25172424316,
        "dmean2": 1.77930498123,
        "dvar": 2.70722389221,
        "dvar2": 5.56140708923,
        "max": 12.4405527115,
        "mean": 1.85389137268,
        "median": 1.45234048367,
        "min": -5.94981098175,
        "stdev": 2.30510687828,
        "var": 5.31351804733
    },
    "barkbands_spread": {
        "dmean": 17.9869327545,
        "dmean2": 26.9506072998,
        "dvar": 344.557861328,
        "dvar2": 675.719299316,
        "max": 114.844245911,
        "mean": 36.4778900146,
        "median": 30.5896701813,
        "min": 1.67247569561,
        "stdev": 26.5582637787,
        "var": 705.341369629
    },
    "dissonance": {
        "dmean": 0.015762956813,
        "dmean2": 0.0245293825865,
        "dvar": 0.000478417641716,
        "dvar2": 0.00119859690312,
        "max": 0.499444752932,
        "mean": 0.464202612638,
        "median": 0.470735579729,
        "min": 0.0375033244491,
        "stdev": 0.0284491647035,
        "var": 0.000809354940429
    },
    "dynamic_complexity": 3.1506459713,
    "erbbands_crest": {
        "dmean": 2.42368888855,
        "dmean2": 3.78292298317,
        "dvar": 4.77539110184,
        "dvar2": 10.7277126312,
        "max": 24.8896274567,
        "mean": 8.42750835419,
        "median": 7.28397083282,
        "min": 2.68264651299,
        "stdev": 4.02592515945,
        "var": 16.2080726624
    },
    "erbbands_flatness_db": {
        "dmean": 0.0292365867645,
        "dmean2": 0.0411934107542,
        "dvar": 0.0007218674873,
        "dvar2": 0.00137163081672,
        "max": 0.263603389263,
        "mean": 0.12986792624,
        "median": 0.130604580045,
        "min": 0.0488360263407,
        "stdev": 0.0443203635514,
        "var": 0.00196429458447
    },
    "erbbands_kurtosis": {
        "dmean": 2.33053660393,
        "dmean2": 3.79159808159,
        "dvar": 24.5828342438,
        "dvar2": 68.3687210083,
        "max": 41.6744194031,
        "mean": 1.17401897907,
        "median": -0.376669645309,
        "min": -1.76673269272,
        "stdev": 4.45718622208,
        "var": 19.8665084839
    },
    "erbbands_skewness": {
        "dmean": 0.677529752254,
        "dmean2": 1.0028488636,
        "dvar": 0.72311258316,
        "dvar2": 1.92525589466,
        "max": 3.33081579208,
        "mean": -0.24609734118,
        "median": -0.156616851687,
        "min": -5.4797706604,
        "stdev": 1.21421790123,
        "var": 1.47432506084
    },
    "erbbands_spread": {
        "dmean": 21.8316707611,
        "dmean2": 31.4517688751,
        "dvar": 455.468231201,
        "dvar2": 995.323608398,
        "max": 152.667175293,
        "mean": 55.9849662781,
        "median": 48.6274871826,
        "min": 6.84761285782,
        "stdev": 30.5187244415,
        "var": 931.39251709
    },
    "hfc": {
        "dmean": 33.6982383728,
        "dmean2": 50.4059371948,
        "dvar": 2568.32250977,
        "dvar2": 4895.56494141,
        "max": 624.979736328,
        "mean": 39.7033309937,
        "median": 14.7078886032,
        "min": 1.23434392399e-16,
        "stdev": 65.4238128662,
        "var": 4280.27490234
    },
    "loudness_ebu128": {
        "integrated": -10.6025648117,
        "loudness_range": 2.60836219788,
        "momentary": {
            "dmean": 0.793417155743,
            "dmean2": 1.24537658691,
            "dvar": 0.521237850189,
            "dvar2": 1.13545143604,
            "max": -6.86898326874,
            "mean": -10.9224472046,
            "median": -10.8884382248,
            "min": -16.3752975464,
            "stdev": 1.6964212656,
            "var": 2.87784528732
        },
        "short_term": {
            "dmean": 0.117774963379,
            "dmean2": 0.169265761971,
            "dvar": 0.00841352995485,
            "dvar2": 0.0171935353428,
            "max": -9.02773571014,
            "mean": -10.7112722397,
            "median": -10.7837238312,
            "min": -12.3123664856,
            "stdev": 0.981637358665,
            "var": 0.963611900806
        }
    },
    "melbands_crest": {
        "dmean": 4.20609378815,
        "dmean2": 6.48080968857,
        "dvar": 13.6732158661,
        "dvar2": 33.8658599854,
        "max": 33.8521156311,
        "mean": 17.5488052368,
        "median": 17.475769043,
        "min": 2.35130500793,
        "stdev": 6.25366783142,
        "var": 39.1083641052
    },
    "melbands_flatness_db": {
        "dmean": 0.0435667522252,
        "dmean2": 0.0602075718343,
        "dvar": 0.00200675451197,
        "dvar2": 0.00402522273362,
        "max": 0.437599986792,
        "mean": 0.198294520378,
        "median": 0.189555719495,
        "min": 0.00729165272787,
        "stdev": 0.0797478705645,
        "var": 0.00635972293094
    },
    "melbands_kurtosis": {
        "dmean": 27.6539726257,
        "dmean2": 41.2318458557,
        "dvar": 4774.56152344,
        "dvar2": 10212.4482422,
        "max": 609.690307617,
        "mean": 34.9971542358,
        "median": 13.9972000122,
        "min": -1.90020728111,
        "stdev": 73.5748443604,
        "var": 5413.25732422
    },
    "melbands_skewness": {
        "dmean": 1.60561978817,
        "dmean2": 2.27737855911,
        "dvar": 5.29279661179,
        "dvar2": 10.2405071259,
        "max": 20.9645061493,
        "mean": 3.99872732162,
        "median": 3.41292023659,
        "min": -1.74593126774,
        "stdev": 3.21139073372,
        "var": 10.3130302429
    },
    "melbands_spread": {
        "dmean": 22.3691940308,
        "dmean2": 32.614276886,
        "dvar": 1138.43603516,
        "dvar2": 2601.69238281,
        "max": 277.812561035,
        "mean": 37.885684967,
        "median": 20.9403343201,
        "min": 0.80748707056,
        "stdev": 44.2679443359,
        "var": 1959.65100098
    },
    "pitch_salience": {
        "dmean": 0.111017681658,
        "dmean2": 0.172646611929,
        "dvar": 0.0137948105112,
        "dvar2": 0.0325198993087,
        "max": 0.89038592577,
        "mean": 0.471870392561,
        "median": 0.49265062809,
        "min": 0.053702570498,
        "stdev": 0.16540491581,
        "var": 0.0273587852716
    },
    "silence_rate_20dB": {
        "dmean": 0,
        "dmean2": 0,
        "dvar": 0,
        "dvar2": 0,
        "max": 1,
        "mean": 1,
        "median": 1,
        "min": 1,
        "stdev": 0,
        "var": 0
    },
    "silence_rate_30dB": {
        "dmean": 0.0634674951434,
        "dmean2": 0.127033308148,
        "dvar": 0.0594395324588,
        "dvar2": 0.132585451007,
        "max": 1,
        "mean": 0.947409152985,
        "median": 1,
        "min": 0,
        "stdev": 0.223215073347,
        "var": 0.0498249717057
    },
    "silence_rate_60dB": {
        "dmean": 0.0843653231859,
        "dmean2": 0.168861344457,
        "dvar": 0.0772483125329,
        "dvar2": 0.175980105996,
        "max": 1,
        "mean": 0.0959010049701,
        "median": 0,
        "min": 0,
        "stdev": 0.294453471899,
        "var": 0.0867028385401
    },
    "spectral_centroid": {
        "dmean": 582.08001709,
        "dmean2": 850.584838867,
        "dvar": 645424.25,
        "dvar2": 1408605.125,
        "max": 11116.71875,
        "mean": 1752.62414551,
        "median": 1512.37451172,
        "min": 261.920654297,
        "stdev": 1113.81774902,
        "var": 1240590
    },
    "spectral_complexity": {
        "dmean": 4.51161003113,
        "dmean2": 7.12316036224,
        "dvar": 33.384727478,
        "dvar2": 71.3783569336,
        "max": 45,
        "mean": 12.7138433456,
        "median": 11,
        "min": 0,
        "stdev": 7.56144714355,
        "var": 57.1754837036
    },
    "spectral_decrease": {
        "dmean": 3.87810583646e-09,
        "dmean2": 5.15897546904e-09,
        "dvar": 4.89030369281e-17,
        "dvar2": 9.0073602725e-17,
        "max": 5.89006191927e-29,
        "mean": -6.74425582048e-09,
        "median": -3.7091183458e-09,
        "min": -5.43181535306e-08,
        "stdev": 8.90401263831e-09,
        "var": 7.92814434475e-17
    },
    "spectral_energy": {
        "dmean": 0.0166584886611,
        "dmean2": 0.0216062124819,
        "dvar": 0.000687038933393,
        "dvar2": 0.00121002376545,
        "max": 0.207270696759,
        "mean": 0.0290555842221,
        "median": 0.0174387395382,
        "min": 1.09735532973e-20,
        "stdev": 0.0350066460669,
        "var": 0.00122546532657
    },
    "spectral_energyband_high": {
        "dmean": 0.00410953676328,
        "dmean2": 0.00643256586045,
        "dvar": 5.5244538089e-05,
        "dvar2": 0.000116235511086,
        "max": 0.0653090029955,
        "mean": 0.00408912962303,
        "median": 0.00055508891819,
        "min": 7.96466039316e-21,
        "stdev": 0.00875587575138,
        "var": 7.66653538449e-05
    },
    "spectral_energyband_low": {
        "dmean": 0.0112085426226,
        "dmean2": 0.0153126409277,
        "dvar": 0.000787244003732,
        "dvar2": 0.00153305160347,
        "max": 0.204749077559,
        "mean": 0.0142030129209,
        "median": 0.0037296267692,
        "min": 1.03466895355e-22,
        "stdev": 0.0323002636433,
        "var": 0.00104330701288
    },
    "spectral_energyband_middle_high": {
        "dmean": 0.00104982638732,
        "dmean2": 0.00148559838999,
        "dvar": 3.17803119287e-06,
        "dvar2": 5.69100438952e-06,
        "max": 0.0347460508347,
        "mean": 0.00222916784696,
        "median": 0.00104597769678,
        "min": 1.61486658203e-21,
        "stdev": 0.00349504034966,
        "var": 1.22153078337e-05
    },
    "spectral_energyband_middle_low": {
        "dmean": 0.00411256356165,
        "dmean2": 0.00613279221579,
        "dvar": 4.81705137645e-05,
        "dvar2": 0.000100198907603,
        "max": 0.0911727845669,
        "mean": 0.00930420309305,
        "median": 0.0031786612235,
        "min": 1.86592627304e-22,
        "stdev": 0.0127575239167,
        "var": 0.000162754426128
    },
    "spectral_entropy": {
        "dmean": 0.293691515923,
        "dmean2": 0.384499371052,
        "dvar": 0.0788794457912,
        "dvar2": 0.13298805058,
        "max": 9.80198669434,
        "mean": 7.79830694199,
        "median": 7.81779336929,
        "min": 6.11421012878,
        "stdev": 0.487215548754,
        "var": 0.23737898469
    },
    "spectral_flux": {
        "dmean": 0.0439634881914,
        "dmean2": 0.064666941762,
        "dvar": 0.0023023285903,
        "dvar2": 0.00474278395995,
        "max": 0.418336451054,
        "mean": 0.0932764485478,
        "median": 0.0718388855457,
        "min": 1.04754732666e-10,
        "stdev": 0.0713087171316,
        "var": 0.00508493278176
    },
    "spectral_kurtosis": {
        "dmean": 1.68275797367,
        "dmean2": 2.49841213226,
        "dvar": 2.86932134628,
        "dvar2": 6.42341566086,
        "max": 16.882686615,
        "mean": 2.73235559464,
        "median": 2.54065608978,
        "min": -1.17195236683,
        "stdev": 2.42422056198,
        "var": 5.8768453598
    },
    "spectral_rms": {
        "dmean": 0.00136297289282,
        "dmean2": 0.00169834902044,
        "dvar": 2.58922887042e-06,
        "dvar2": 3.77622041015e-06,
        "max": 0.0142202433199,
        "mean": 0.00459872651845,
        "median": 0.00412473082542,
        "min": 3.27198814917e-12,
        "stdev": 0.00268302462064,
        "var": 7.1986214607e-06
    },
    "spectral_rolloff": {
        "dmean": 2176.76855469,
        "dmean2": 3580.4465332,
        "dvar": 8505630,
        "dvar2": 14402029,
        "max": 18690.8203125,
        "mean": 3254.34155273,
        "median": 1636.5234375,
        "min": 64.599609375,
        "stdev": 3694.41674805,
        "var": 13648716
    },
    "spectral_skewness": {
        "dmean": 0.342918902636,
        "dmean2": 0.492762118578,
        "dvar": 0.0925460457802,
        "dvar2": 0.20179516077,
        "max": 3.04983735085,
        "mean": 1.20041811466,
        "median": 1.27625405788,
        "min": -0.425846338272,
        "stdev": 0.531595170498,
        "var": 0.282593429089
    },
    "spectral_spread": {
        "dmean": 2126000.25,
        "dmean2": 2698445.25,
        "dvar": 4.66650556006e+12,
        "dvar2": 6.36702110515e+12,
        "max": 39939660,
        "mean": 6802874.5,
        "median": 5876172,
        "min": 2043645.25,
        "stdev": 3273160,
        "var": 1.07135757189e+13
    },
    "spectral_strongpeak": {
        "dmean": 0.440656244755,
        "dmean2": 0.711599707603,
        "dvar": 0.771509468555,
        "dvar2": 1.75347995758,
        "max": 13.6905822754,
        "mean": 0.78376865387,
        "median": 0.411630660295,
        "min": 0,
        "stdev": 1.19543576241,
        "var": 1.42906653881
    },
    "zerocrossingrate": {
        "dmean": 0.041550014168,
        "dmean2": 0.0443466044962,
        "dvar": 0.00149189995136,
        "dvar2": 0.00163876044098,
        "max": 0.53515625,
        "mean": 0.0999964475632,
        "median": 0.07470703125,
        "min": 0.0029296875,
        "stdev": 0.078560218215,
        "var": 0.0061717084609
    },
    "barkbands": {
        "dmean": [0.000445888639661, 0.00942107196897, 0.0017465838464, 0.00131816172507, 0.00216792547144, 0.000968452834059, 0.000348308240063, 0.000537008454558, 0.000242668480496, 0.000193882646272, 4.94744963362e-05, 5.26389521838e-05, 5.36204388482e-05, 0.000189202357433, 0.00012591968698, 0.000253429287113, 0.000132096654852, 0.000140531919897, 0.000138514413266, 0.000321003899444, 0.000878174265381, 0.000943907652982, 0.000607999565545, 0.00070293538738, 0.000586113892496, 0.000351382681401, 0.000101817618997],
        "dmean2": [0.000811685225926, 0.0127238277346, 0.00287454482168, 0.00214159837924, 0.00319954217412, 0.00143020879477, 0.000535108207259, 0.000779556808993, 0.000334704323905, 0.000266793969786, 7.38874732633e-05, 8.4716026322e-05, 8.22092042654e-05, 0.000303419772536, 0.000198594410904, 0.000331570103299, 0.000196198932827, 0.000227306198212, 0.000232063801377, 0.000555683975108, 0.00154779711738, 0.0015550898388, 0.000826797331683, 0.00101294612978, 0.000845864065923, 0.000535960600246, 0.000167374761077],
        "dvar": [1.98347174774e-06, 0.000669042230584, 1.37582928801e-05, 1.06523057184e-05, 1.68031892827e-05, 4.9047862376e-06, 2.02694468499e-06, 6.84417409502e-06, 4.09783552868e-07, 5.43904548067e-07, 2.93043136423e-08, 1.81530470655e-08, 1.06476747419e-08, 1.15432783332e-07, 4.00755091334e-08, 7.02755869497e-07, 1.06540213096e-07, 5.33671169478e-08, 1.26721772631e-07, 5.58074077617e-07, 6.32947603663e-06, 5.81847234571e-06, 2.37670747083e-06, 2.65262906396e-06, 1.42871567732e-06, 2.75711471431e-07, 2.49379006334e-08],
        "dvar2": [5.71981945541e-06, 0.00129785889294, 3.68320615962e-05, 2.73845744232e-05, 3.28891583194e-05, 1.00547667898e-05, 3.99443706556e-06, 1.31360975502e-05, 8.810470149e-07, 8.88819101874e-07, 6.33830765651e-08, 4.06290752153e-08, 2.34707062674e-08, 2.76916637176e-07, 9.41054665304e-08, 1.08339713734e-06, 1.95943684389e-07, 1.2706126995e-07, 3.40656725939e-07, 1.46679815316e-06, 1.7710019165e-05, 1.43300158015e-05, 4.20710966864e-06, 4.97020801049e-06, 2.63017204816e-06, 5.75103683786e-07, 5.92845488256e-08],
        "max": [0.0115612410009, 0.183930188417, 0.0374881736934, 0.0305721629411, 0.0518834888935, 0.0342901721597, 0.0238505508751, 0.0744712054729, 0.0223614051938, 0.0217732135206, 0.00693838298321, 0.00286511681043, 0.00159638735931, 0.00698604620993, 0.00240669958293, 0.0173081047833, 0.00513368751854, 0.00336320488714, 0.00798186566681, 0.00495745940134, 0.0167182851583, 0.0140080861747, 0.0144598782063, 0.0253963470459, 0.0334786176682, 0.00845415703952, 0.00083156634355],
        "mean": [0.000345731154084, 0.0107556218281, 0.00237191305496, 0.00178701884579, 0.00410045403987, 0.00129996088799, 0.000483705924125, 0.000926186912693, 0.000630433554761, 0.000406731996918, 9.9877230241e-05, 9.04970947886e-05, 9.72007255768e-05, 0.000299179635476, 0.000195328088012, 0.000409416243201, 0.000202834286029, 0.000174515196704, 0.000169980499777, 0.00030732844607, 0.000696716364473, 0.000843181042001, 0.00066300429171, 0.000733860419132, 0.000574028701521, 0.000312374177156, 7.85183801781e-05],
        "median": [4.20060605393e-05, 0.000314191711368, 0.000982088968158, 0.000496410299093, 0.000419129733928, 0.000187357611139, 8.47250630613e-05, 0.000105457584141, 0.000148546023411, 3.28397218254e-05, 3.31091432599e-05, 3.92210567952e-05, 5.55824808544e-05, 0.000131218301249, 9.91688284557e-05, 5.86021742492e-05, 8.48072304507e-05, 8.9388959168e-05, 8.63358800416e-05, 7.39801835152e-05, 5.02012117067e-05, 4.38145361841e-05, 7.01778553776e-05, 7.56673980504e-05, 7.82397255534e-05, 4.64869772259e-05, 8.45161321195e-06],
        "min": [1.11813636955e-22, 2.91910057814e-23, 1.09267372236e-23, 2.03127462689e-24, 3.61011717202e-23, 3.52571094842e-23, 2.23314026711e-23, 3.35062263942e-23, 5.15707908695e-23, 5.4961270864e-23, 6.34978755073e-23, 6.74960686995e-23, 1.22587911821e-22, 4.30194597708e-23, 1.2540526859e-22, 1.37707699557e-22, 1.56896709522e-22, 1.78149833999e-22, 4.69263943781e-22, 5.4015863352e-22, 3.16516465916e-22, 4.34025312575e-22, 6.77815341108e-22, 8.27799786322e-22, 1.16377193505e-21, 1.89668657244e-21, 2.569542263e-21],
        "stdev": [0.00112749880645, 0.0294541455805, 0.00366350333206, 0.00371507252567, 0.00779169611633, 0.00305082579143, 0.00170728145167, 0.00418017525226, 0.00174579257146, 0.00175843609031, 0.000388602347812, 0.000237682368606, 0.000149048079038, 0.000497885630466, 0.000272072880762, 0.00140325096436, 0.000461163726868, 0.000250419252552, 0.000312277348712, 0.000678889453411, 0.00207392475568, 0.00239498727024, 0.00196047895588, 0.00208623474464, 0.00155456340872, 0.000587914022617, 0.000150209365529],
        "var": [1.27125360905e-06, 0.000867546652444, 1.3421256881e-05, 1.38017639983e-05, 6.07105284871e-05, 9.30753776629e-06, 2.91481001113e-06, 1.74738652277e-05, 3.04779155158e-06, 3.09209758598e-06, 1.5101178974e-07, 5.64929081293e-08, 2.22153282436e-08, 2.47890085348e-07, 7.4023652985e-08, 1.9691133275e-06, 2.12671992017e-07, 6.27098089012e-08, 9.75171445816e-08, 4.60890902332e-07, 4.30116415373e-06, 5.73596435061e-06, 3.84347731597e-06, 4.3523750719e-06, 2.41666748479e-06, 3.45642888533e-07, 2.25628546957e-08]
    },
    "erbbands": {
        "dmean": [0.241932451725, 2.35203099251, 2.81768155098, 2.79892992973, 6.85715484619, 7.17030668259, 9.41965770721, 6.38789653778, 5.89666223526, 5.7019906044, 11.1674757004, 4.78567457199, 6.99197435379, 3.21861553192, 1.97661745548, 1.73349988461, 2.56313657761, 7.51194572449, 8.45117759705, 8.20432186127, 15.2020711899, 6.90754652023, 6.64884328842, 7.6410484314, 7.60412502289, 15.6526594162, 35.8997192383, 32.8156089783, 37.1682853699, 24.5888023376, 15.722193718, 14.6641893387, 10.9038619995, 7.98017692566, 3.35511279106, 1.43146181107, 0.591884553432, 0.244786590338, 0.0106633091345, 0.000203995397897],
        "dmean2": [0.354202955961, 3.40252256393, 4.7750082016, 4.52330541611, 10.445022583, 10.7198419571, 13.9015769958, 9.31892967224, 9.00993824005, 8.47870731354, 16.4253749847, 6.71141862869, 9.84232902527, 4.39085197449, 2.97204256058, 2.77907180786, 3.93384456635, 12.2260923386, 13.3257303238, 12.0258073807, 19.4609699249, 10.5381174088, 10.6666173935, 12.7508897781, 12.5674285889, 26.7282962799, 63.4886054993, 56.0050582886, 61.5087394714, 38.5307350159, 21.7323131561, 21.5566806793, 16.0029125214, 11.5881223679, 4.92827415466, 2.17584848404, 0.90701597929, 0.391779273748, 0.0173109155148, 0.000316605117405],
        "dvar": [0.465301126242, 45.7357826233, 58.8739776611, 28.3592834473, 324.484069824, 221.789962769, 365.591247559, 403.960998535, 583.164794922, 347.745574951, 3081.20507812, 95.8755645752, 700.200683594, 128.627304077, 40.0022583008, 15.2626819611, 19.8738498688, 160.739074707, 298.606903076, 365.698883057, 2716.2746582, 189.919418335, 136.136901855, 179.28213501, 341.659454346, 1273.92419434, 10244.7001953, 8554.85742188, 9407.07617188, 4018.67578125, 1586.26916504, 1399.1151123, 614.487976074, 239.445968628, 47.8907051086, 7.81060504913, 0.666326165199, 0.123567327857, 0.000278427469311, 7.40500780694e-08],
        "dvar2": [0.811189353466, 103.998039246, 154.655517578, 75.8101425171, 753.772094727, 442.220092773, 672.323059082, 770.014709473, 1100.71704102, 708.484802246, 6015.14453125, 211.425201416, 1393.49707031, 220.485214233, 83.1471252441, 34.6353492737, 45.7906341553, 375.370880127, 717.61126709, 616.266967773, 4208.48193359, 375.746276855, 316.860534668, 455.494628906, 898.012207031, 3303.02392578, 28594.0039062, 23916.7871094, 24187.6171875, 7720.55908203, 2576.96728516, 2554.04956055, 1223.27453613, 387.570770264, 96.7636489868, 15.1158819199, 1.5154594183, 0.280943393707, 0.000662239617668, 1.69904140535e-07],
        "max": [5.32716989517, 47.468547821, 60.649559021, 50.8431358337, 175.379852295, 264.812103271, 370.732910156, 369.052093506, 406.05960083, 353.092681885, 1642.60192871, 212.00100708, 657.10559082, 355.527862549, 241.406112671, 79.1811752319, 65.5607452393, 164.583816528, 374.970306396, 320.024688721, 1081.78271484, 194.273773193, 196.211532593, 204.644180298, 335.234466553, 246.19493103, 642.690002441, 648.820251465, 587.563293457, 539.676513672, 442.159057617, 532.783691406, 486.841522217, 367.962738037, 195.136291504, 61.003276825, 9.0166053772, 1.60348653793, 0.0927564874291, 0.0013976165792],
        "mean": [0.298682272434, 2.41010260582, 3.20140552521, 4.55486154556, 9.39392757416, 14.2191562653, 15.7902212143, 8.78739261627, 8.08331394196, 10.2619524002, 20.2893409729, 12.2424440384, 16.2240772247, 7.11475229263, 4.44124507904, 3.24872970581, 5.04212188721, 12.1588544846, 12.411192894, 14.7529172897, 24.1991672516, 10.8333969116, 8.7347869873, 9.42197132111, 9.1594543457, 15.1011276245, 27.891078949, 26.5412101746, 31.5521717072, 24.4436893463, 18.3470554352, 16.4305553436, 10.9106445312, 8.07263565063, 3.21377658844, 1.33224725723, 0.512302875519, 0.196180939674, 0.00836497731507, 0.000190717197256],
        "median": [0.00987794529647, 0.0855474174023, 1.15112388134, 2.32087993622, 1.4908374548, 1.54499900341, 2.04808807373, 1.46538197994, 1.29292440414, 1.84434890747, 3.9221405983, 3.60358953476, 1.47292554379, 1.4586263895, 1.66501140594, 1.61791777611, 3.14156651497, 5.62513828278, 4.43160390854, 5.9169459343, 3.31184601784, 5.54515028, 4.72026634216, 4.91392755508, 4.20596170425, 3.58151388168, 2.28015637398, 1.83655440807, 1.60166156292, 1.53370654583, 2.07154536247, 1.61246407032, 1.26709592342, 1.1092723608, 0.429086625576, 0.190826222301, 0.080661714077, 0.0237372871488, 0.000989177497104, 5.52951569261e-05],
        "min": [2.27524691069e-21, 2.65106640536e-21, 8.51993042093e-21, 1.48189503674e-20, 2.66807284294e-20, 1.82707304734e-19, 2.086111377e-19, 2.75215139012e-19, 3.08155719901e-19, 6.79205238798e-19, 4.87309004359e-19, 1.23528195508e-18, 1.0614222388e-18, 2.42296194065e-18, 3.34560932886e-18, 2.5237408702e-18, 5.27917420279e-18, 3.2556978982e-18, 6.05874395365e-18, 5.34824709266e-18, 8.54131976707e-18, 7.54542491524e-18, 1.15761089497e-17, 1.65021357608e-17, 2.08265599026e-17, 2.9367601737e-17, 1.33855913551e-17, 1.34730781126e-17, 1.45936100576e-17, 2.27907978744e-17, 1.76478371575e-17, 1.40562487163e-17, 1.55114695176e-17, 1.24277112427e-17, 8.46337371077e-18, 5.23080026698e-18, 3.62616583158e-18, 1.81765081393e-18, 3.58510804979e-19, 3.65098975441e-20],
        "stdev": [0.799284517765, 6.9523267746, 6.92584180832, 6.56103086472, 22.964466095, 32.7747421265, 36.4377975464, 27.5907344818, 29.2801322937, 29.1009502411, 85.5893096924, 21.9880657196, 60.0552825928, 27.5783214569, 14.2360620499, 6.84497308731, 6.4379734993, 17.0875988007, 24.767911911, 30.7440166473, 85.7202758789, 19.1100139618, 13.0054712296, 12.9211158752, 16.930639267, 33.2753372192, 83.6681594849, 77.3477935791, 91.3286209106, 73.5413131714, 53.1033363342, 48.1429519653, 31.0416603088, 21.4191150665, 8.58673191071, 3.27500987053, 0.880901277065, 0.349098622799, 0.0159599315375, 0.000279311498161],
        "var": [0.638855695724, 48.3348464966, 47.9672851562, 43.0471229553, 527.366699219, 1074.18383789, 1327.7130127, 761.248657227, 857.326171875, 846.865356445, 7325.52978516, 483.475067139, 3606.63696289, 760.563842773, 202.66545105, 46.8536567688, 41.4475021362, 291.986053467, 613.449462891, 945.194580078, 7347.96582031, 365.192626953, 169.142272949, 166.955230713, 286.646514893, 1107.24804688, 7000.36035156, 5982.68164062, 8340.91699219, 5408.32519531, 2819.96435547, 2317.74389648, 963.584716797, 458.7784729, 73.7319641113, 10.7256889343, 0.77598708868, 0.121869847178, 0.00025471940171, 7.80149136403e-08]
    },
    "gfcc": {
        "mean": [-6.23034191132, 46.0612831116, -90.8827972412, 39.9346733093, -49.1186218262, 14.2850809097, -42.4558906555, 10.4746379852, -23.7488422394, 4.54641389847, -22.6851596832, -5.78563022614, -17.1816825867],
        "cov": [[5670.765625, -1945.5994873, 1165.15148926, -36.0561141968, -465.897155762, 112.652565002, -449.818267822, -145.681655884, -176.792892456, 11.7023210526, -219.785888672, 107.887054443, -14.7976369858], [-1945.5994873, 2287.41088867, -938.851501465, -59.8641395569, 192.477340698, -245.369369507, 259.808502197, 61.5728530884, 132.121826172, -14.2289915085, 163.461608887, -147.206619263, 84.2832870483], [1165.15148926, -938.851501465, 1184.49682617, -37.3475494385, 102.953063965, 165.591796875, -149.825241089, 42.3596115112, -89.9289093018, 122.53490448, 46.1295089722, 141.577255249, -48.6393928528], [-36.0561141968, -59.8641395569, -37.3475494385, 679.948059082, -27.7896099091, 145.179336548, 246.039108276, -27.4153194427, 109.1639328, 45.6094856262, 46.8815956116, 25.3042621613, 31.3354816437], [-465.897155762, 192.477340698, 102.953063965, -27.7896099091, 575.723693848, 98.2829589844, 70.2175674438, 134.776168823, 58.076587677, 161.407684326, 70.6432952881, 54.9673118591, -7.01135873795], [112.652565002, -245.369369507, 165.591796875, 145.179336548, 98.2829589844, 279.341247559, 152.866348267, 100.070457458, 74.3502731323, 38.8951950073, 10.0791606903, 11.9730262756, -6.71272563934], [-449.818267822, 259.808502197, -149.825241089, 246.039108276, 70.2175674438, 152.866348267, 379.492248535, 125.457489014, 127.287612915, 67.660987854, 41.7071647644, -0.641981124878, 28.8477039337], [-145.681655884, 61.5728530884, 42.3596115112, -27.4153194427, 134.776168823, 100.070457458, 125.457489014, 199.893463135, 108.361198425, 74.1654815674, 36.3220748901, 14.207909584, -2.76339054108], [-176.792892456, 132.121826172, -89.9289093018, 109.1639328, 58.076587677, 74.3502731323, 127.287612915, 108.361198425, 177.780731201, 68.1456222534, 30.5961074829, -4.55298519135, 19.3237915039], [11.7023210526, -14.2289915085, 122.53490448, 45.6094856262, 161.407684326, 38.8951950073, 67.660987854, 74.1654815674, 68.1456222534, 170.782516479, 71.936088562, 67.7280960083, 8.38938236237], [-219.785888672, 163.461608887, 46.1295089722, 46.8815956116, 70.6432952881, 10.0791606903, 41.7071647644, 36.3220748901, 30.5961074829, 71.936088562, 152.862640381, 76.7534561157, 40.128200531], [107.887054443, -147.206619263, 141.577255249, 25.3042621613, 54.9673118591, 11.9730262756, -0.641981124878, 14.207909584, -4.55298519135, 67.7280960083, 76.7534561157, 145.264251709, 64.5830078125], [-14.7976369858, 84.2832870483, -48.6393928528, 31.3354816437, -7.01135873795, -6.71272563934, 28.8477039337, -2.76339054108, 19.3237915039, 8.38938236237, 40.128200531, 64.5830078125, 101.980407715]],
        "icov": [[0.000324556720443, 8.29344353406e-05, -0.000196261680685, -8.7404230726e-05, 0.000330814422341, -0.000178190763108, 0.000381789985113, -0.000132197135827, 0.000157756890985, -0.000532069068868, 0.000522060436197, 0.000139029914862, -0.000468357786303], [8.29344353406e-05, 0.00147181726061, 0.000397310534026, 0.000342027866282, -0.000782251299825, 0.0016226619482, -0.00116192456335, 0.000162383599672, -0.00028589082649, 0.00057579058921, -0.00234644068405, 0.00278303702362, -0.00156622345094], [-0.000196261680685, 0.000397310534026, 0.00192935345694, -5.86616515648e-05, -8.71651282068e-05, -0.000906664063223, 0.000690648972522, -0.000739483570214, 0.0013023520587, -0.000931167800445, -0.000961397425272, -0.000531410390977, 0.000844968657475], [-8.7404230726e-05, 0.000342027866282, -5.86616515648e-05, 0.00302809709683, -0.000216457949136, -0.00039339918294, -0.00247914693318, 0.00351324444637, -0.00243557360955, 0.000582040520385, -0.0012498756405, -0.000233084196225, 0.000554979720619], [0.000330814422341, -0.000782251299825, -8.71651282068e-05, -0.000216457949136, 0.00361507781781, -0.00216189306229, 0.0016887167003, -0.00162482669111, 0.001551040099, -0.00373824848793, 0.00178050959948, -0.00127782276832, 0.000426204758696], [-0.000178190763108, 0.0016226619482, -0.000906664063223, -0.00039339918294, -0.00216189306229, 0.00914818327874, -0.0039816214703, -0.00118501321413, -0.00200267811306, 0.0036926351022, -0.00230297492817, 0.00270752678625, -0.000863503839355], [0.000381789985113, -0.00116192456335, 0.000690648972522, -0.00247914693318, 0.0016887167003, -0.0039816214703, 0.00827729608864, -0.00439333729446, 0.0020381482318, -0.00358895468526, 0.00250897463411, -0.000603825086728, -0.00119542423636], [-0.000132197135827, 0.000162383599672, -0.000739483570214, 0.00351324444637, -0.00162482669111, -0.00118501321413, -0.00439333729446, 0.0141258304939, -0.0078038261272, 0.00128595496062, -0.00152296561282, -0.00162400607951, 0.00285088596866], [0.000157756890985, -0.00028589082649, 0.0013023520587, -0.00243557360955, 0.001551040099, -0.00200267811306, 0.0020381482318, -0.0078038261272, 0.0146084399894, -0.00625221431255, 0.000740323332138, 0.00396578619257, -0.00424103206024], [-0.000532069068868, 0.00057579058921, -0.000931167800445, 0.000582040520385, -0.00373824848793, 0.0036926351022, -0.00358895468526, 0.00128595496062, -0.00625221431255, 0.015839478001, -0.00417243456468, -0.00450715841725, 0.00423789722845], [0.000522060436197, -0.00234644068405, -0.000961397425272, -0.0012498756405, 0.00178050959948, -0.00230297492817, 0.00250897463411, -0.00152296561282, 0.000740323332138, -0.00417243456468, 0.0153200430796, -0.00833300314844, 0.000612229923718], [0.000139029914862, 0.00278303702362, -0.000531410390977, -0.000233084196225, -0.00127782276832, 0.00270752678625, -0.000603825086728, -0.00162400607951, 0.00396578619257, -0.00450715841725, -0.00833300314844, 0.0235425624996, -0.0142555413768], [-0.000468357786303, -0.00156622345094, 0.000844968657475, 0.000554979720619, 0.000426204758696, -0.000863503839355, -0.00119542423636, 0.00285088596866, -0.00424103206024, 0.00423789722845, 0.000612229923718, -0.0142555413768, 0.0208945702761]]
    },
    "melbands": {
        "dmean": [0.00236667855643, 0.00203834287822, 0.000617663608864, 0.000476861110656, 0.000321733008604, 0.000151334519614, 8.63959139679e-05, 7.97992179287e-05, 7.92569771875e-05, 3.03325850837e-05, 3.58489160135e-05, 1.62554988492e-05, 7.54685788706e-06, 5.45918510397e-06, 5.41512645214e-06, 7.78574394644e-06, 1.48467524923e-05, 1.54542976816e-05, 9.36026299314e-06, 1.46870033859e-05, 1.77724759851e-05, 7.92189621279e-06, 4.82451241623e-06, 7.48653519622e-06, 6.27655845165e-06, 5.21964420841e-06, 6.88527779857e-06, 1.09607262857e-05, 1.99065398192e-05, 2.19990361074e-05, 1.92895677174e-05, 2.25500953093e-05, 1.52037519001e-05, 1.39427493195e-05, 9.80626191449e-06, 7.62796935305e-06, 9.85919541563e-06, 7.99597273726e-06, 7.39089455237e-06, 6.5515314418e-06],
        "dmean2": [0.00332748796791, 0.00322314817458, 0.000981938326731, 0.000696090399288, 0.000469840102596, 0.00022002751939, 0.000131265667733, 0.000116382987471, 0.000116494898975, 4.25295875175e-05, 4.99318011862e-05, 2.27049677051e-05, 1.11847857625e-05, 8.58272142068e-06, 8.65082347445e-06, 1.21818420666e-05, 2.41057114181e-05, 2.45900719165e-05, 1.48221261043e-05, 1.9162082026e-05, 2.27777854889e-05, 1.23002391774e-05, 7.70206133893e-06, 1.22800374811e-05, 1.05773988253e-05, 8.76597277966e-06, 1.16030578283e-05, 1.8825972802e-05, 3.53587747668e-05, 3.79736629839e-05, 3.34845390171e-05, 3.72445392713e-05, 2.51254477917e-05, 2.08764158742e-05, 1.32387594931e-05, 1.08233161882e-05, 1.4688025658e-05, 1.18711095638e-05, 1.09544262159e-05, 9.7968013506e-06],
        "dvar": [4.17399496655e-05, 3.25238215737e-05, 1.73237606305e-06, 9.48167951265e-07, 4.06438857681e-07, 1.81895856599e-07, 1.16970241493e-07, 9.70327533878e-08, 1.34104652716e-07, 5.91130566718e-09, 1.75537202551e-08, 4.07008560188e-09, 6.86989132248e-10, 2.63062377437e-10, 1.001201691e-10, 2.17873011299e-10, 6.31198426859e-10, 1.2209641076e-09, 2.6784582885e-10, 1.89237892023e-09, 3.57521567906e-09, 2.7466304231e-10, 9.05389374584e-11, 1.40277262028e-10, 1.23534321661e-10, 2.80545336961e-10, 2.47796005937e-10, 6.31330820955e-10, 3.20267679044e-09, 3.64137964226e-09, 3.12627967958e-09, 3.44580342038e-09, 1.50712664571e-09, 1.47025192021e-09, 6.20219042791e-10, 4.55245785513e-10, 5.83467274495e-10, 3.16015047463e-10, 3.48742673628e-10, 1.64231836464e-10],
        "dvar2": [6.89244989189e-05, 8.1064295955e-05, 4.38933284386e-06, 1.88150352187e-06, 7.32414719096e-07, 3.51599567239e-07, 2.224093123e-07, 1.83876394999e-07, 2.63399869027e-07, 1.32041160228e-08, 3.3365353147e-08, 7.07296932134e-09, 1.43356537752e-09, 5.21660714625e-10, 2.52132426048e-10, 4.89783602564e-10, 1.49076839762e-09, 2.99327740372e-09, 5.77757952591e-10, 2.79599077224e-09, 5.75113290324e-09, 5.49869760835e-10, 2.00811381412e-10, 3.48718165455e-10, 3.14372555765e-10, 7.79250330929e-10, 6.24299389962e-10, 1.6463317376e-09, 9.03241748063e-09, 9.88702453242e-09, 8.85207196433e-09, 8.89507223434e-09, 3.64458485613e-09, 2.98672420129e-09, 1.10886411164e-09, 8.82912576383e-10, 1.09042108676e-09, 6.73092193093e-10, 6.6382677133e-10, 2.99153840588e-10],
        "max": [0.042913466692, 0.0390205979347, 0.0106920180842, 0.0133479954675, 0.0125994198024, 0.00770340068266, 0.00571782002226, 0.00783625151962, 0.0108336517587, 0.00227708369493, 0.00322875054553, 0.00198471243493, 0.00109583383892, 0.000408487045206, 0.000194882231881, 0.000214797502849, 0.000283751433017, 0.000790164049249, 0.000221475856961, 0.000909263617359, 0.0011328040855, 0.000217973123654, 0.000215488325921, 0.000121123259305, 0.00016878596216, 0.000406121747801, 0.000144693229231, 0.000163485383382, 0.000370600435417, 0.000379211618565, 0.000406403269153, 0.000386208383134, 0.00024345026759, 0.000350355840055, 0.000256931525655, 0.000356588046998, 0.000340010097716, 0.000260334665654, 0.00050645013107, 0.000308011192828],
        "mean": [0.00291899382137, 0.00219341740012, 0.000940948433708, 0.000832911871839, 0.000594212324359, 0.000204938842217, 0.000117685260193, 0.000144843404996, 0.000152164153405, 7.64206997701e-05, 8.41334258439e-05, 3.40752230841e-05, 1.61506359291e-05, 9.58440887189e-06, 9.28076678974e-06, 1.39708026836e-05, 2.30977839237e-05, 2.1553134502e-05, 1.48415347212e-05, 2.52371137321e-05, 2.68861349468e-05, 1.20450076793e-05, 6.71089446769e-06, 8.87661553861e-06, 7.39756023904e-06, 6.59181387164e-06, 7.45484840081e-06, 1.02563662949e-05, 1.51471786012e-05, 1.83293832379e-05, 1.49946836245e-05, 1.88035992323e-05, 1.41372102007e-05, 1.33079856823e-05, 1.07308806037e-05, 9.37658387556e-06, 1.04218806882e-05, 7.82737333793e-06, 7.13754161552e-06, 6.67480253469e-06],
        "median": [8.99684455362e-05, 0.000630261492915, 0.00045898303506, 0.000112426962005, 6.98719522916e-05, 3.18723905366e-05, 1.73586049641e-05, 2.07162320294e-05, 3.33613679686e-05, 1.8125425413e-05, 5.57520252187e-06, 5.40241990166e-06, 5.48457364857e-06, 3.43126839653e-06, 5.71797363591e-06, 7.50489971324e-06, 1.04584305518e-05, 7.30961119189e-06, 7.28836266717e-06, 5.73642591917e-06, 2.9685620575e-06, 5.75715557716e-06, 3.60986700798e-06, 4.44477609562e-06, 3.71790542886e-06, 3.50345521838e-06, 2.57163628703e-06, 2.12668828681e-06, 1.38446557685e-06, 1.05103117676e-06, 1.04207299501e-06, 8.38256994484e-07, 7.96815527337e-07, 8.87110729764e-07, 1.13990699901e-06, 1.11851920792e-06, 9.04614751107e-07, 8.97043946679e-07, 8.31407305668e-07, 9.65469894254e-07],
        "min": [2.157641072e-23, 4.03936818164e-24, 2.37524559169e-24, 7.68103923766e-24, 7.5232473351e-24, 6.46346595704e-24, 4.58618723405e-24, 8.00474752126e-24, 3.47510504804e-24, 8.58084711832e-24, 5.39530450959e-24, 9.71382098331e-24, 1.04091569062e-23, 6.7170527892e-24, 9.85363711243e-24, 1.21736573132e-23, 4.79946761269e-24, 8.39482109509e-24, 8.95705567288e-24, 7.06516290718e-24, 1.16052388547e-23, 6.22355402867e-24, 1.33178038152e-23, 7.26945973783e-24, 1.3802481533e-23, 2.06027686141e-23, 1.17560248836e-23, 2.22594822224e-23, 8.20330617769e-24, 7.99522281469e-24, 7.24472973732e-24, 7.20540186575e-24, 1.02892745033e-23, 1.42345201404e-23, 1.11380407168e-23, 6.55515683778e-24, 9.33724087526e-24, 1.18826559916e-23, 9.21886519668e-24, 1.07485579998e-23],
        "stdev": [0.00779177993536, 0.00542830163613, 0.00157103745732, 0.00164412416052, 0.00134279974736, 0.000589615898207, 0.000415483635152, 0.000514208979439, 0.000565408554394, 0.000191746061319, 0.000314088363666, 0.00014984588779, 6.06436551607e-05, 3.28753048962e-05, 1.31412898554e-05, 2.1240381102e-05, 3.28829300997e-05, 4.98331828567e-05, 2.19728881348e-05, 7.56744411774e-05, 9.53141279751e-05, 2.25161020353e-05, 1.17762565424e-05, 1.20454124044e-05, 1.07017567643e-05, 1.38537488965e-05, 1.52331949721e-05, 2.32803413382e-05, 4.57190144516e-05, 5.33376478415e-05, 4.52777021565e-05, 5.52961319045e-05, 3.93305745092e-05, 4.30586842413e-05, 3.17713202094e-05, 2.74621797871e-05, 3.0461449569e-05, 2.12576906051e-05, 2.32424845308e-05, 1.69963986991e-05],
        "var": [6.07118381595e-05, 2.94664605462e-05, 2.46815875471e-06, 2.70314421869e-06, 1.80311110398e-06, 3.47646931687e-07, 1.7262664187e-07, 2.64410857653e-07, 3.19686819239e-07, 3.67665506928e-08, 9.86514976375e-08, 2.24537881621e-08, 3.67765307097e-09, 1.08078568317e-09, 1.7269349839e-10, 4.51153781e-10, 1.08128717091e-09, 2.48334619535e-09, 4.82807793745e-10, 5.72662051113e-09, 9.08478359207e-09, 5.06974850989e-10, 1.38680220085e-10, 1.45091952342e-10, 1.14527588801e-10, 1.91926349813e-10, 2.32050240134e-10, 5.41974298773e-10, 2.09022821274e-09, 2.84490475622e-09, 2.05007033571e-09, 3.0576621235e-09, 1.54689416831e-09, 1.85405035769e-09, 1.00941688341e-09, 7.54171336492e-10, 9.27899923564e-10, 4.51889442532e-10, 5.40213096478e-10, 2.88877560761e-10]
    },
    "melbands128": {
