{
"lowlevel": {
    "average_loudness": 0.969227135181,
    "barkbands_crest": {
        "dmean": 1.42450881004,
        "dmean2": 1.94143116474,
        "dvar": 1.8347235918,
        "dvar2": 4.32698917389,
        "max": 21.0874958038,
        "mean": 11.4681167603,
        "median": 11.0202455521,
        "min": 4.09210205078,
        "stdev": 3.46465158463,
        "var": 12.0038099289
    },
    "barkbands_flatness_db": {
        "dmean": 0.00904220994562,
        "dmean2": 0.0131493629888,
        "dvar": 8.93256510608e-05,
        "dvar2": 0.00020051257161,
        "max": 0.306702941656,
        "mean": 0.189669713378,
        "median": 0.191921710968,
        "min": 0.0616213493049,
        "stdev": 0.0330934822559,
        "var": 0.00109517865349
    },
    "barkbands_kurtosis": {
        "dmean": 0.899313926697,
        "dmean2": 1.29330348969,
        "dvar": 1.43172740936,
        "dvar2": 2.93483424187,
        "max": 20.3491077423,
        "mean": 1.39836907387,
        "median": 0.461445093155,
        "min": -1.67500507832,
        "stdev": 2.71652841568,
        "var": 7.37952709198
    },
    "barkbands_skewness": {
        "dmean": 0.261039555073,
        "dmean2": 0.365463197231,
        "dvar": 0.0630772933364,
        "dvar2": 0.117673940957,
        "max": 4.31144428253,
        "mean": 1.12488174438,
        "median": 1.07936322689,
        "min": -1.91318750381,
        "stdev": 0.89551115036,
        "var": 0.801940202713
    },
    "barkbands_spread": {
        "dmean": 2.13855791092,
        "dmean2": 3.25485253334,
        "dvar": 3.63510990143,
        "dvar2": 8.71103858948,
        "max": 34.5516471863,
        "mean": 17.6104793549,
        "median": 17.3998184204,
        "min": 4.1459903717,
        "stdev": 4.7527050972,
        "var": 22.5882072449
    },
    "dissonance": {
        "dmean": 0.0187936648726,
        "dmean2": 0.0318693891168,
        "dvar": 0.000545597053133,
        "dvar2": 0.0013291205978,
        "max": 0.499948740005,
        "mean": 0.463617712259,
        "median": 0.467517465353,
        "min": 0.0175588000566,
        "stdev": 0.0252826865762,
        "var": 0.000639214238618
    },
    "dynamic_complexity": 1.63178861141,
    "erbbands_crest": {
        "dmean": 1.98089408875,
        "dmean2": 3.14134550095,
        "dvar": 3.5243139267,
        "dvar2": 8.70778179169,
        "max": 25.7740383148,
        "mean": 8.6848154068,
        "median": 7.55060005188,
        "min": 3.1341407299,
        "stdev": 4.02425432205,
        "var": 16.1946239471
    },
    "erbbands_flatness_db": {
        "dmean": 0.00910398550332,
        "dmean2": 0.0135618560016,
        "dvar": 7.13262343197e-05,
        "dvar2": 0.00014756694145,
        "max": 0.335054248571,
        "mean": 0.221326649189,
        "median": 0.222797781229,
        "min": 0.0772078707814,
        "stdev": 0.0387563109398,
        "var": 0.00150205160026
    },
    "erbbands_kurtosis": {
        "dmean": 0.524595201015,
        "dmean2": 0.832598388195,
        "dvar": 0.451943397522,
        "dvar2": 0.995485126972,
        "max": 11.9431200027,
        "mean": 0.305452167988,
        "median": -0.016783952713,
        "min": -1.38654661179,
        "stdev": 1.32542014122,
        "var": 1.75673866272
    },
    "erbbands_skewness": {
        "dmean": 0.209049254656,
        "dmean2": 0.325193613768,
        "dvar": 0.0300727561116,
        "dvar2": 0.0712996795774,
        "max": 2.03883314133,
        "mean": 0.0546971522272,
        "median": 0.02348251082,
        "min": -1.12024056911,
        "stdev": 0.438769161701,
        "var": 0.192518368363
    },
    "erbbands_spread": {
        "dmean": 3.06874251366,
        "dmean2": 4.7125120163,
        "dvar": 8.63516235352,
        "dvar2": 20.3970909119,
        "max": 68.3489990234,
        "mean": 23.0951366425,
        "median": 21.7868843079,
        "min": 4.34301137924,
        "stdev": 9.82289218903,
        "var": 96.4892120361
    },
    "hfc": {
        "dmean": 4.22269630432,
        "dmean2": 5.83737754822,
        "dvar": 33.8494491577,
        "dvar2": 79.1552886963,
        "max": 162.985916138,
        "mean": 23.0221481323,
        "median": 18.2921504974,
        "min": 1.17552264741e-16,
        "stdev": 17.2914104462,
        "var": 298.992858887
    },
    "loudness_ebu128": {
        "integrated": -11.8324127197,
        "loudness_range": 3.74788188934,
        "momentary": {
            "dmean": 0.242932498455,
            "dmean2": 0.25628143549,
            "dvar": 0.0408372022212,
            "dvar2": 0.0415317155421,
            "max": -6.83841085434,
            "mean": -12.0818214417,
            "median": -12.3718986511,
            "min": -14.6849794388,
            "stdev": 1.36887538433,
            "var": 1.87381982803
        },
        "short_term": {
            "dmean": 0.0510542914271,
            "dmean2": 0.0379085019231,
            "dvar": 0.00226018717512,
            "dvar2": 0.00115223380271,
            "max": -9.04014968872,
            "mean": -11.9118204117,
            "median": -12.3812484741,
            "min": -13.4234256744,
            "stdev": 1.14775753021,
            "var": 1.31734740734
        }
    },
    "melbands_crest": {
        "dmean": 1.68690025806,
        "dmean2": 2.35641074181,
        "dvar": 2.39723587036,
        "dvar2": 5.51936388016,
        "max": 26.8522949219,
        "mean": 15.8245601654,
        "median": 15.618429184,
        "min": 1.91303765774,
        "stdev": 3.8892326355,
        "var": 15.1261301041
    },
    "melbands_flatness_db": {
        "dmean": 0.010533743538,
        "dmean2": 0.0140769956633,
        "dvar": 0.000120708871691,
        "dvar2": 0.000209222824196,
        "max": 0.420144855976,
        "mean": 0.270761579275,
        "median": 0.273109167814,
        "min": 0.00525705423206,
        "stdev": 0.0464115552604,
        "var": 0.00215403246693
    },
    "melbands_kurtosis": {
        "dmean": 2.0816848278,
        "dmean2": 2.93555569649,
        "dvar": 8.37822914124,
        "dvar2": 16.5684547424,
        "max": 54.9081916809,
        "mean": 5.86139249802,
        "median": 3.39070940018,
        "min": -1.6300829649,
        "stdev": 7.40088319778,
        "var": 54.7730751038
    },
    "melbands_skewness": {
        "dmean": 0.343539476395,
        "dmean2": 0.477324932814,
        "dvar": 0.106351785362,
        "dvar2": 0.21366623044,
        "max": 6.58859109879,
        "mean": 1.9828761816,
        "median": 1.83603286743,
        "min": -1.08176541328,
        "stdev": 1.21252560616,
        "var": 1.47021830082
    },
    "melbands_spread": {
        "dmean": 2.72362470627,
        "dmean2": 3.89269089699,
        "dvar": 13.0307130814,
        "dvar2": 17.7445468903,
        "max": 124.055389404,
        "mean": 20.0737304688,
        "median": 19.098443985,
        "min": 3.19768214226,
        "stdev": 8.95375728607,
        "var": 80.1697692871
    },
    "pitch_salience": {
        "dmean": 0.0405731573701,
        "dmean2": 0.0637504905462,
        "dvar": 0.00145409582183,
        "dvar2": 0.0038367016241,
        "max": 0.849021077156,
        "mean": 0.465648919344,
        "median": 0.468092888594,
        "min": 0.229061827064,
        "stdev": 0.0772575587034,
        "var": 0.00596872996539
    },
    "silence_rate_20dB": {
        "dmean": 0,
        "dmean2": 0,
        "dvar": 0,
        "dvar2": 0,
        "max": 1,
        "mean": 1,
        "median": 1,
        "min": 1,
        "stdev": 0,
        "var": 0
    },
    "silence_rate_30dB": {
        "dmean": 0.00154798757285,
        "dmean2": 0.00309837330133,
        "dvar": 0.00154558732174,
        "dvar2": 0.00308875320479,
        "max": 1,
        "mean": 0.996133029461,
        "median": 1,
        "min": 0,
        "stdev": 0.0620642155409,
        "var": 0.00385196693242
    },
    "silence_rate_60dB": {
        "dmean": 0.000773993786424,
        "dmean2": 0.00154918665066,
        "dvar": 0.000773391744588,
        "dvar2": 0.00154677091632,
        "max": 1,
        "mean": 0.00154679035768,
        "median": 0,
        "min": 0,
        "stdev": 0.0392987206578,
        "var": 0.00154438940808
    },
    "spectral_centroid": {
        "dmean": 108.369621277,
        "dmean2": 169.248855591,
        "dvar": 87720,
        "dvar2": 100838.921875,
        "max": 11124.1572266,
        "mean": 1068.36755371,
        "median": 1020.79962158,
        "min": 423.674682617,
        "stdev": 411.264831543,
        "var": 169138.765625
    },
    "spectral_complexity": {
        "dmean": 2.2182662487,
        "dmean2": 3.66692495346,
        "dvar": 3.2727766037,
        "dvar2": 8.58462333679,
        "max": 40,
        "mean": 23.1237430573,
        "median": 23,
        "min": 0,
        "stdev": 4.33106470108,
        "var": 18.7581195831
    },
    "spectral_decrease": {
        "dmean": 1.54466373026e-09,
        "dmean2": 2.16477591408e-09,
        "dvar": 2.697134677e-18,
        "dvar2": 6.44044562013e-18,
        "max": -4.42265925683e-30,
        "mean": -1.17629115337e-08,
        "median": -1.14057279177e-08,
        "min": -2.99183362529e-08,
        "stdev": 3.46371842319e-09,
        "var": 1.19973457136e-17
    },
    "spectral_energy": {
        "dmean": 0.00615272577852,
        "dmean2": 0.00861886702478,
        "dvar": 4.28200728493e-05,
        "dvar2": 0.000101496458228,
        "max": 0.123186528683,
        "mean": 0.0464840978384,
        "median": 0.0447877235711,
        "min": 1.06790341862e-20,
        "stdev": 0.014171496965,
        "var": 0.000200831331313
    },
    "spectral_energyband_high": {
        "dmean": 4.33652712672e-05,
        "dmean2": 6.90196175128e-05,
        "dvar": 9.25401444363e-09,
        "dvar2": 2.14175965851e-08,
        "max": 0.0016662456328,
        "mean": 0.000168468788615,
        "median": 6.35716642137e-05,
        "min": 7.83591910122e-21,
        "stdev": 0.000258042680798,
        "var": 6.65860184768e-08
    },
    "spectral_energyband_low": {
        "dmean": 0.00311033194885,
        "dmean2": 0.004344958812,
        "dvar": 2.49353888648e-05,
        "dvar2": 6.50077417959e-05,
        "max": 0.0902714133263,
        "mean": 0.0231650006026,
        "median": 0.0214799083769,
        "min": 5.58387176934e-23,
        "stdev": 0.0102912411094,
        "var": 0.000105909639387
    },
    "spectral_energyband_middle_high": {
        "dmean": 0.00293326587416,
        "dmean2": 0.00414984859526,
        "dvar": 2.11931310332e-05,
        "dvar2": 4.69640144729e-05,
        "max": 0.102927841246,
        "mean": 0.0112488558516,
        "median": 0.00723876152188,
        "min": 1.7142896123e-21,
        "stdev": 0.0120783811435,
        "var": 0.000145887301187
    },
    "spectral_energyband_middle_low": {
        "dmean": 0.00296676019207,
        "dmean2": 0.00428996421397,
        "dvar": 8.03506918601e-06,
        "dvar2": 1.78544196388e-05,
        "max": 0.0413962937891,
        "mean": 0.0132697504014,
        "median": 0.0118854884058,
        "min": 2.75257500716e-22,
        "stdev": 0.00678510451689,
        "var": 4.60376431874e-05
    },
    "spectral_entropy": {
        "dmean": 0.0837293714285,
        "dmean2": 0.127632781863,
        "dvar": 0.00807651598006,
        "dvar2": 0.0156603138894,
        "max": 9.80187320709,
        "mean": 7.15995836258,
        "median": 7.14059638977,
        "min": 6.3910984993,
        "stdev": 0.271870076656,
        "var": 0.0739133358002
    },
    "spectral_flux": {
        "dmean": 0.017479326576,
        "dmean2": 0.0284349340945,
        "dvar": 0.00032719297451,
        "dvar2": 0.000806881696917,
        "max": 0.232045099139,
        "mean": 0.0667593479156,
        "median": 0.0611744336784,
        "min": 1.03339413415e-10,
        "stdev": 0.026141975075,
        "var": 0.000683402817231
    },
    "spectral_kurtosis": {
        "dmean": 4.70017051697,
        "dmean2": 8.32042884827,
        "dvar": 19.2527332306,
        "dvar2": 58.7584648132,
        "max": 36.1097183228,
        "mean": 9.61220932007,
        "median": 7.88383483887,
        "min": -1.19283521175,
        "stdev": 6.24284601212,
        "var": 38.9731254578
    },
    "spectral_rms": {
        "dmean": 0.000445335608674,
        "dmean2": 0.000618587830104,
        "dvar": 2.09510929494e-07,
        "dvar2": 4.58759927824e-07,
        "max": 0.010962754488,
        "mean": 0.00665744161233,
        "median": 0.00661024497822,
        "min": 3.22778088979e-12,
        "stdev": 0.00101427640766,
        "var": 1.02875674202e-06
    },
    "spectral_rolloff": {
        "dmean": 153.281997681,
        "dmean2": 241.30140686,
        "dvar": 267720.3125,
        "dvar2": 278387.28125,
        "max": 18733.8867188,
        "mean": 880.063415527,
        "median": 861.328125,
        "min": 107.666015625,
        "stdev": 615.597595215,
        "var": 378960.40625
    },
    "spectral_skewness": {
        "dmean": 0.371403843164,
        "dmean2": 0.65431034565,
        "dvar": 0.109320804477,
        "dvar2": 0.332470983267,
        "max": 4.67995405197,
        "mean": 1.87410163879,
        "median": 1.78292572498,
        "min": -0.0129278330132,
        "stdev": 0.547485053539,
        "var": 0.299739897251
    },
    "spectral_spread": {
        "dmean": 171463.453125,
        "dmean2": 266909.1875,
        "dvar": 673769979904,
        "dvar2": 726150676480,
        "max": 39945332,
        "mean": 2272507.75,
        "median": 2068670.25,
        "min": 1419200.25,
        "stdev": 1410218,
        "var": 1.98871482368e+12
    },
    "spectral_strongpeak": {
        "dmean": 0.491407185793,
        "dmean2": 0.860779583454,
        "dvar": 1.66552865505,
        "dvar2": 3.86448693275,
        "max": 18.0208091736,
        "mean": 0.972406983376,
        "median": 0.277960389853,
        "min": 0,
        "stdev": 1.98873031139,
        "var": 3.95504832268
    },
    "zerocrossingrate": {
        "dmean": 0.00347012258135,
        "dmean2": 0.00435179239139,
        "dvar": 0.000188547419384,
        "dvar2": 0.00019597854407,
        "max": 0.4951171875,
        "mean": 0.0308285597712,
        "median": 0.02880859375,
        "min": 0.0068359375,
        "stdev": 0.0172876752913,
        "var": 0.000298863713397
    },
    "barkbands": {
        "dmean": [0.000117844821943, 0.00231182132848, 0.00112279178575, 0.000577716680709, 0.000850446289405, 0.000716055626981, 0.000814631173853, 0.000922268547583, 0.00095889554359, 0.00126378738787, 0.000742659554817, 0.000887536210939, 0.000726714904886, 0.000605563283898, 0.000359075929737, 0.000231479949434, 0.000116824790894, 8.98839280126e-05, 9.66540610534e-05, 2.92419554171e-05, 3.06297406496e-05, 7.36178708394e-06, 3.2411498978e-06, 1.24205791963e-06, 2.79518445723e-07, 7.03701701354e-08, 1.20646834745e-08],
        "dmean2": [0.000185204538866, 0.00284407683648, 0.00177955441177, 0.000999116338789, 0.00129807298072, 0.0010221520206, 0.00106094405055, 0.00138143450022, 0.00137927674223, 0.00176108884625, 0.00103677762672, 0.00138284952845, 0.00117455387954, 0.000953597773332, 0.000561646535061, 0.000361099722795, 0.000184393691598, 0.000142437507748, 0.000157048227265, 4.78233741887e-05, 4.84432639496e-05, 1.22741594168e-05, 5.23644575878e-06, 1.90611058315e-06, 4.33743565509e-07, 1.10549706278e-07, 2.04974384133e-08],
        "dvar": [2.79880687515e-08, 1.39087969728e-05, 6.73027261655e-06, 1.40675035709e-06, 1.18286561701e-06, 8.92372213457e-07, 2.0806539851e-06, 1.8864127469e-06, 2.6381724183e-06, 4.84540350953e-06, 1.79194000793e-06, 4.96065058542e-06, 6.28450425211e-06, 2.67939549303e-06, 1.70627754414e-06, 9.61862482995e-08, 2.43727935612e-08, 2.50640290744e-08, 3.90510948023e-08, 3.41573236362e-09, 7.16913861609e-09, 6.34163721536e-10, 6.26336343901e-11, 1.06592200344e-11, 8.05333447498e-13, 7.16527938328e-14, 4.75516757995e-15],
        "dvar2": [4.93905147891e-08, 3.37222336384e-05, 1.86473771464e-05, 4.62708885607e-06, 3.19958780892e-06, 1.5286091184e-06, 3.16903742714e-06, 4.03409785577e-06, 4.9586969908e-06, 8.77194634086e-06, 3.73593911718e-06, 1.14253625725e-05, 1.45042286022e-05, 5.9635785874e-06, 3.71470127902e-06, 2.60013933939e-07, 6.31781560401e-08, 5.94072915305e-08, 1.02443451055e-07, 9.23074683357e-09, 1.60651811854e-08, 1.78019643471e-09, 1.74477599035e-10, 2.57809867205e-11, 1.88051787683e-12, 1.5827821638e-13, 9.55782999133e-15],
        "max": [0.00368616590276, 0.0863739177585, 0.0333752632141, 0.0167313273996, 0.0151223950088, 0.0139987869188, 0.0266714021564, 0.0174880065024, 0.0227777324617, 0.032981351018, 0.0226197000593, 0.0501978322864, 0.0884819924831, 0.0354815460742, 0.0421840511262, 0.00464652525261, 0.0027519708965, 0.00316859525628, 0.00438856333494, 0.00120867718942, 0.00143075990491, 0.000562507775612, 0.000156281050295, 0.000101204910607, 3.41927261616e-05, 1.13416654131e-05, 1.54076576564e-06],
        "mean": [0.0013226888841, 0.0181044433266, 0.00325110484846, 0.00107033457607, 0.00233755307272, 0.00193958822638, 0.00220005470328, 0.00220205681399, 0.00248622219078, 0.00293445424177, 0.00173417804763, 0.00174794986378, 0.00168337626383, 0.00115833210293, 0.000762400450185, 0.000577006780077, 0.000282107619569, 0.000225552037591, 0.000251128629316, 8.87513015186e-05, 8.49986463436e-05, 2.29169108934e-05, 1.05445642475e-05, 4.74165381092e-06, 1.2949418533e-06, 3.58197866035e-07, 1.84593442754e-08],
        "median": [0.00130279734731, 0.0162991639227, 0.0020630704239, 0.000544690177776, 0.00167106208391, 0.00111236586235, 0.00104556232691, 0.00118598388508, 0.00106592744123, 0.00122976209968, 0.000829614233226, 0.000962567632087, 0.000745774828829, 0.000693611858878, 0.000490018690471, 0.0004078852362, 0.000208696146728, 0.000147095692228, 0.0001146820141, 3.83999613405e-05, 2.49646291195e-05, 5.69695339436e-06, 2.15798036152e-06, 7.62409911204e-07, 2.05349792282e-07, 7.34687404247e-08, 6.46411546512e-09],
        "min": [4.73168710599e-24, 1.11478675571e-23, 4.05003082007e-23, 5.28856531823e-24, 2.76719657559e-23, 5.52343303331e-23, 1.94998400944e-23, 9.49793389269e-23, 7.12779246771e-23, 2.18191716195e-23, 7.01843552032e-23, 1.31037735453e-22, 6.66009892511e-23, 1.01093440083e-22, 6.8271765094e-23, 1.67142965074e-22, 1.86440749492e-22, 2.82579316363e-22, 3.57831900934e-22, 4.05231561368e-22, 3.76399111801e-22, 6.44893966723e-22, 6.19538285911e-22, 8.2129300914e-22, 1.22118041022e-21, 1.66251913234e-21, 2.55356854911e-21],
        "stdev": [0.000949204142671, 0.0079733133316, 0.00355844176374, 0.00147392915096, 0.0021046649199, 0.00226600887254, 0.0034668603912, 0.00251268525608, 0.00369034172036, 0.00491960579529, 0.00285193999298, 0.00347124459222, 0.00598744209856, 0.00222350447439, 0.00190125778317, 0.000507124525029, 0.000263846333837, 0.000277933140751, 0.000447966973297, 0.000131801731186, 0.000178518035682, 5.25357208971e-05, 2.15951768041e-05, 1.14629401651e-05, 3.71138435185e-06, 1.12253133011e-06, 9.13063047392e-08],
        "var": [9.00988482044e-07, 6.35737233097e-05, 1.26625081975e-05, 2.1724670205e-06, 4.4296143642e-06, 5.13479608344e-06, 1.20191216411e-05, 6.31358761893e-06, 1.36186226882e-05, 2.42025216721e-05, 8.13356109575e-06, 1.20495396914e-05, 3.58494653483e-05, 4.94397227158e-06, 3.61478123523e-06, 2.57175287288e-07, 6.9614891629e-08, 7.72468240484e-08, 2.0067442108e-07, 1.73716969698e-08, 3.18686872447e-08, 2.76000178268e-09, 4.66351623984e-10, 1.31398988912e-10, 1.37743740025e-11, 1.26007667842e-12, 8.33684131522e-15]
    },
    "erbbands": {
        "dmean": [0.0673856139183, 0.544709503651, 1.29929363728, 1.47464096546, 2.39037179947, 2.93195152283, 4.78601360321, 7.08676576614, 9.93418884277, 16.6257171631, 13.9139461517, 24.4436035156, 35.8438835144, 33.2795448303, 42.1102333069, 23.1232776642, 33.3007965088, 28.1339912415, 20.3572101593, 12.5372962952, 9.0088968277, 6.62549448013, 4.77895069122, 5.96348190308, 2.32325124741, 1.26762807369, 0.980623781681, 1.10415256023, 0.302506148815, 0.171324908733, 0.04850166291, 0.0392074510455, 0.0128516098484, 0.00470292614773, 0.00157571036834, 0.000521319510881, 0.000111573266622, 2.54138867604e-05, 4.03036256102e-06, 7.03555224391e-06],
        "dmean2": [0.0804534181952, 0.690792262554, 2.02174544334, 2.49317455292, 3.88165473938, 4.41027641296, 6.63650035858, 10.559252739, 13.073759079, 24.0397701263, 20.8244113922, 35.1793136597, 49.6422729492, 46.8255119324, 62.2028656006, 36.2722434998, 53.6147422791, 44.9290313721, 31.4362812042, 19.2698841095, 14.0652246475, 10.2986946106, 7.55967617035, 9.64524555206, 3.79570102692, 2.09353733063, 1.59846997261, 1.75924515724, 0.496640831232, 0.280282735825, 0.0773432403803, 0.0600256063044, 0.0217144303024, 0.00724051846191, 0.0024922399316, 0.000862168846652, 0.000167405887623, 3.7437021092e-05, 5.8368846112e-06, 9.86487430055e-06],
        "dvar": [0.0106473900378, 0.825954079628, 8.29801654816, 7.48780059814, 12.5698184967, 14.8507623672, 61.456401825, 99.42918396, 262.853424072, 578.435119629, 474.872772217, 1661.01989746, 3797.93310547, 8038.77880859, 9396.10644531, 1993.8223877, 5741.43359375, 6327.39550781, 3116.8203125, 563.533325195, 206.988998413, 78.4785766602, 68.9226226807, 152.931228638, 35.2130203247, 6.70300912857, 4.23063755035, 8.9874753952, 0.890470683575, 0.169827103615, 0.0142041835934, 0.0110930306837, 0.00118843535893, 0.000205834818189, 3.15816141665e-05, 4.91958007842e-06, 1.8304808691e-07, 1.02798880519e-08, 8.95533161516e-11, 5.64857050023e-11],
        "dvar2": [0.0219272281975, 2.07949757576, 22.6608638763, 23.6201477051, 36.9576683044, 35.9896850586, 99.5845489502, 197.255081177, 415.263153076, 1159.11962891, 1014.58880615, 3324.22924805, 6705.26318359, 13142.9716797, 21614.4863281, 4717.765625, 15537.7998047, 15609.7285156, 7291.45068359, 1283.62121582, 541.449768066, 201.458343506, 160.212936401, 423.103210449, 84.8604431152, 18.0850048065, 10.1579828262, 20.2380466461, 2.54929327965, 0.484045803547, 0.0379309132695, 0.0267559140921, 0.00333421281539, 0.000503392191604, 7.76579472586e-05, 1.33072217068e-05, 3.88559612929e-07, 2.01076986173e-08, 1.75613024123e-10, 1.3332478177e-10],
        "max": [1.9078567028, 20.9451351166, 40.729473114, 34.8884506226, 54.1234092712, 60.4441947937, 194.940078735, 176.662399292, 285.347473145, 406.151519775, 383.841430664, 539.274047852, 1097.87597656, 2105.77783203, 1866.61169434, 932.015441895, 1875.87890625, 2557.23486328, 1724.06848145, 736.244445801, 239.609588623, 167.871047974, 166.126983643, 267.122711182, 151.885421753, 64.2017059326, 30.0685272217, 48.3622283936, 19.4217262268, 8.21954059601, 3.29709768295, 2.70327925682, 1.11712563038, 0.522799670696, 0.209299743176, 0.0734056010842, 0.0203133802861, 0.00411536637694, 0.000269985117484, 0.00015380269906],
        "mean": [0.638803124428, 3.47612261772, 4.96076536179, 3.28031039238, 5.58342456818, 7.42029047012, 12.6016225815, 17.782327652, 28.6548633575, 41.1211433411, 39.7462615967, 64.4281082153, 88.1781234741, 77.2605895996, 94.0965805054, 53.6554756165, 73.5324249268, 68.8198318481, 51.3868980408, 33.6458702087, 25.4359016418, 17.5557193756, 12.8037948608, 15.5200614929, 7.12137794495, 4.07871866226, 3.04770708084, 2.99122142792, 0.945110440254, 0.534281551838, 0.194802090526, 0.135482475162, 0.0531216859818, 0.0200363006443, 0.00713171903044, 0.00222602766007, 0.000604537897743, 9.8057789728e-05, 2.61455934378e-05, 5.29507851752e-05],
        "median": [0.646669745445, 3.01237559319, 3.32150149345, 2.00987005234, 3.19885134697, 5.19036388397, 7.24962043762, 10.3159446716, 15.1046590805, 22.6026191711, 23.5567207336, 29.6355304718, 35.9564933777, 29.3537101746, 44.209312439, 36.2678489685, 41.651058197, 36.3827896118, 33.6424217224, 26.2522315979, 19.0840625763, 13.0533504486, 9.1352930069, 6.64692592621, 4.3959312439, 2.14147949219, 1.25010156631, 0.728675127029, 0.284129202366, 0.114978067577, 0.0481633581221, 0.024405868724, 0.00782613456249, 0.00297051086091, 0.00116051139776, 0.000409174623201, 0.000141975178849, 2.91958658636e-05, 2.3126918677e-05, 5.06674186909e-05],
        "min": [4.26206325231e-22, 3.15861885545e-21, 3.50932247293e-20, 3.74536136878e-20, 5.98228457355e-20, 1.12931621535e-19, 1.83405742439e-19, 5.26042925614e-19, 3.61962241934e-19, 9.79360441964e-19, 2.19197092742e-18, 1.41994185842e-18, 7.1426616794e-19, 1.5006792357e-18, 3.66550819587e-18, 4.84043677871e-18, 3.45650550448e-18, 5.89707977473e-18, 3.13456846443e-18, 5.35087421829e-18, 1.00308363038e-17, 1.05436833205e-17, 1.72059076434e-17, 1.38401808684e-17, 2.06888442568e-17, 1.99799686698e-17, 1.3821666912e-17, 1.73556207168e-17, 1.80703262728e-17, 2.337704559e-17, 1.7196911227e-17, 1.65391223147e-17, 1.49068352314e-17, 1.194077235e-17, 9.91230380357e-18, 5.172407106e-18, 3.29568070708e-18, 1.20883647391e-18, 3.57259978646e-19, 4.19892033139e-20],
        "stdev": [0.21703132987, 1.95495605469, 4.75285148621, 3.73727488518, 6.49123382568, 7.24550151825, 17.6319389343, 22.3814067841, 40.4525413513, 51.6736221313, 45.3487129211, 91.1058120728, 139.868682861, 182.074859619, 172.460464478, 67.1373901367, 151.818557739, 182.512893677, 98.88671875, 37.8969497681, 22.3925209045, 15.8017587662, 14.6021604538, 27.3341999054, 10.7068014145, 5.54858636856, 4.54680490494, 6.25010728836, 1.97269666195, 0.985946655273, 0.407607465982, 0.303983718157, 0.140212073922, 0.0561093986034, 0.0229199063033, 0.0073155532591, 0.00192528485786, 0.000329825415974, 1.74760534719e-05, 1.6884505385e-05],
        "var": [0.0471026003361, 3.82185316086, 22.589597702, 13.9672241211, 42.1361160278, 52.4972915649, 310.885284424, 500.927337646, 1636.40795898, 2670.16308594, 2056.50585938, 8300.26953125, 19563.2480469, 33151.2539062, 29742.6113281, 4507.42871094, 23048.8730469, 33310.9570312, 9778.58300781, 1436.17871094, 501.425018311, 249.695571899, 213.223083496, 747.158447266, 114.6355896, 30.7868118286, 20.6734333038, 39.0638389587, 3.89153218269, 0.97209084034, 0.166143849492, 0.0924061089754, 0.0196594242007, 0.00314826448448, 0.000525322102476, 5.35173203389e-05, 3.70672182726e-06, 1.08784803388e-07, 3.05412445334e-10, 2.85086509955e-10]
    },
    "gfcc": {
        "mean": [-12.9040718079, 175.232162476, -152.653488159, 24.960641861, -29.265630722, 8.48580932617, -7.85182666779, 2.68217563629, -2.86738038063, 0.98985761404, -0.355959922075, -3.30796647072, 0.458255112171],
        "cov": [[2482.77563477, -380.610748291, -320.584869385, 190.948669434, -323.548583984, 163.072631836, -70.1510772705, 93.4319839478, -49.8729820251, 58.1345291138, 13.0817184448, 27.4476623535, -13.8131122589], [-380.610748291, 693.309570312, -9.26125335693, -209.275787354, 263.916687012, -187.403427124, 71.9911575317, -91.8785095215, 63.3296852112, -76.8581542969, -4.72292613983, -40.8675994873, 19.7141017914], [-320.584869385, -9.26125335693, 239.220031738, 89.1568069458, 13.9299192429, 10.6803379059, -45.8948631287, -33.467300415, -35.2243232727, -0.374410063028, -12.5537443161, -8.36850738525, -26.6652507782], [190.948669434, -209.275787354, 89.1568069458, 290.495178223, -104.605628967, 56.1571044922, -22.4288845062, -45.9874687195, -45.902141571, 1.94481098652, 18.7409610748, -15.9142541885, -14.7729930878], [-323.548583984, 263.916687012, 13.9299192429, -104.605628967, 182.290206909, -48.8578071594, 29.2756137848, -33.4408912659, 13.8784046173, -36.3347396851, -10.5608873367, -8.4543762207, 14.6584663391], [163.072631836, -187.403427124, 10.6803379059, 56.1571044922, -48.8578071594, 94.6429672241, -11.2473573685, 28.7494068146, -26.4853572845, 7.73501825333, -8.96966838837, 9.62878322601, -4.608730793], [-70.1510772705, 71.9911575317, -45.8948631287, -22.4288845062, 29.2756137848, -11.2473573685, 76.5685424805, 7.42344999313, 16.8330535889, -28.3667697906, -6.55687665939, -10.4041490555, 15.2685060501], [93.4319839478, -91.8785095215, -33.467300415, -45.9874687195, -33.4408912659, 28.7494068146, 7.42344999313, 75.6722793579, 13.3401021957, 11.3264360428, -17.595451355, 4.39495563507, -0.925036370754], [-49.8729820251, 63.3296852112, -35.2243232727, -45.902141571, 13.8784046173, -26.4853572845, 16.8330535889, 13.3401021957, 46.8812980652, 7.95594358444, 0.424976557493, -11.0670747757, -0.760834634304], [58.1345291138, -76.8581542969, -0.374410063028, 1.94481098652, -36.3347396851, 7.73501825333, -28.3667697906, 11.3264360428, 7.95594358444, 49.9907722473, 17.0613193512, 4.66157913208, -14.2100667953], [13.0817184448, -4.72292613983, -12.5537443161, 18.7409610748, -10.5608873367, -8.96966838837, -6.55687665939, -17.595451355, 0.424976557493, 17.0613193512, 41.5853767395, 14.4779853821, 1.63859343529], [27.4476623535, -40.8675994873, -8.36850738525, -15.9142541885, -8.4543762207, 9.62878322601, -10.4041490555, 4.39495563507, -11.0670747757, 4.66157913208, 14.4779853821, 47.2945365906, 21.8049144745], [-13.8131122589, 19.7141017914, -26.6652507782, -14.7729930878, 14.6584663391, -4.608730793, 15.2685060501, -0.925036370754, -0.760834634304, -14.2100667953, 1.63859343529, 21.8049144745, 46.8019638062]],
        "icov": [[0.00187165569514, -0.00511115929112, 0.00456458702683, -0.00379475206137, 0.00415159016848, -0.00550720700994, 0.00323622580618, -0.00438208598644, 0.00434723123908, -0.00430152146146, 0.00318742007948, -0.00308314501308, 0.00121267675422], [-0.00511115929112, 0.0253050141037, -0.0139799518511, 0.0153065444902, -0.0179013442248, 0.0254769232124, -0.010247386992, 0.0196563322097, -0.0176646914333, 0.0217684525996, -0.012516444549, 0.0140977669507, -0.00326171005145], [0.00456458702683, -0.0139799518511, 0.0182987023145, -0.0130392927676, 0.00804940611124, -0.0132355717942, 0.0109533686191, -0.0116463722661, 0.0139170968905, -0.0131824724376, 0.0131324529648, -0.010816488415, 0.00672100158408], [-0.00379475206137, 0.0153065444902, -0.0130392927676, 0.0196009837091, -0.00470349332318, 0.010162663646, -0.00830173492432, 0.0193066559732, -0.00960202980787, 0.0162235796452, -0.0139437848702, 0.0161510109901, -0.00551250670105], [0.00415159016848, -0.0179013442248, 0.00804940611124, -0.00470349332318, 0.0254697781056, -0.0196489468217, 0.00588345946744, -0.00638644071296, 0.0111775174737, -0.00963673461229, 0.00771073577926, -0.00631562946364, -0.000162199910847], [-0.00550720700994, 0.0254769232124, -0.0132355717942, 0.010162663646, -0.0196489468217, 0.0464509315789, -0.0117357252166, 0.00951175950468, -0.00751638365909, 0.0173056870699, -0.0067987870425, 0.00877625960857, -0.000663714366965], [0.00323622580618, -0.010247386992, 0.0109533686191, -0.00830173492432, 0.00588345946744, -0.0117357252166, 0.0295332185924, -0.0135411871597, 0.00133104622364, 0.00575098628178, 0.000352526345523, 0.000361246202374, -0.00242191250436], [-0.00438208598644, 0.0196563322097, -0.0116463722661, 0.0193066559732, -0.00638644071296, 0.00951175950468, -0.0135411871597, 0.0461507551372, -0.0222949385643, 0.0116956941783, 0.0020618585404, 0.00768269179389, -0.00231061433442], [0.00434723123908, -0.0176646914333, 0.0139170968905, -0.00960202980787, 0.0111775174737, -0.00751638365909, 0.00133104622364, -0.0222949385643, 0.0537921488285, -0.0277000684291, 0.00798109639436, -0.000135781097924, 0.000754274253268], [-0.00430152146146, 0.0217684525996, -0.0131824724376, 0.0162235796452, -0.00963673461229, 0.0173056870699, 0.00575098628178, 0.0116956941783, -0.0277000684291, 0.063309840858, -0.0312660261989, 0.0147111881524, 0.0032613791991], [0.00318742007948, -0.012516444549, 0.0131324529648, -0.0139437848702, 0.00771073577926, -0.0067987870425, 0.000352526345523, 0.0020618585404, 0.00798109639436, -0.0312660261989, 0.0554980002344, -0.028070397675, 0.00790660642087], [-0.00308314501308, 0.0140977669507, -0.010816488415, 0.0161510109901, -0.00631562946364, 0.00877625960857, 0.000361246202374, 0.00768269179389, -0.000135781097924, 0.0147111881524, -0.028070397675, 0.0534995906055, -0.0245147123933], [0.00121267675422, -0.00326171005145, 0.00672100158408, -0.00551250670105, -0.000162199910847, -0.000663714366965, -0.00242191250436, -0.00231061433442, 0.000754274253268, 0.0032613791991, 0.00790660642087, -0.0245147123933, 0.0380645915866]]
    },
    "melbands": {
        "dmean": [0.000622169696726, 0.000611590687186, 0.000263244292, 0.000179805749212, 0.000156250302098, 0.000148293271195, 0.00015996300499, 0.000196990877157, 0.000113306894491, 0.000162897791597, 0.000185362907359, 0.000135614347528, 0.000125075181131, 9.69034299487e-05, 5.49861615582e-05, 7.65648219385e-05, 5.79340958211e-05, 3.77521646442e-05, 2.88158880721e-05, 1.76159283001e-05, 9.84427151707e-06, 8.6068539531e-06, 6.25770417173e-06, 3.06091624225e-06, 5.82291704632e-06, 1.98010275199e-06, 1.64307573414e-06, 8.87280179995e-07, 5.31692251116e-07, 1.33996832119e-06, 3.87041524164e-07, 2.34752448591e-07, 9.86912240819e-08, 1.13373452848e-07, 3.42615358306e-08, 2.28781136258e-08, 2.57006309567e-08, 1.02139630087e-08, 6.01256466837e-09, 4.70082506254e-09],
        "dmean2": [0.00073834718205, 0.000916215707548, 0.000444389967015, 0.000279600266367, 0.000219980225665, 0.00021718928474, 0.000209478952456, 0.000287884671707, 0.00016825646162, 0.000233472455875, 0.000257208477706, 0.000191886152606, 0.000182272153324, 0.000150333944475, 8.60057771206e-05, 0.000123189907754, 9.29781454033e-05, 5.84244407946e-05, 4.43970311608e-05, 2.75836155197e-05, 1.54822464538e-05, 1.36837006721e-05, 1.00932911664e-05, 4.85782675241e-06, 9.47860280576e-06, 3.17558010465e-06, 2.72437523563e-06, 1.46682316426e-06, 8.87876012712e-07, 2.15458953789e-06, 6.2208368945e-07, 3.8957833226e-07, 1.59173637826e-07, 1.87350707392e-07, 5.52148868849e-08, 3.60134073674e-08, 4.05383389079e-08, 1.75607954844e-08, 9.69857705257e-09, 7.1801928847e-09],
        "dvar": [9.94009724309e-07, 1.3718719174e-06, 1.97647423761e-07, 6.7708356255e-08, 5.15263849366e-08, 3.89517786914e-08, 7.80844828796e-08, 8.25217227884e-08, 3.47366793108e-08, 7.95950256816e-08, 1.03711840893e-07, 1.26655393728e-07, 6.20750100211e-08, 6.58445884483e-08, 8.90619311633e-09, 6.87394461352e-08, 2.45569733437e-08, 9.89201520696e-09, 1.04647339683e-08, 5.03529495877e-10, 2.27344948422e-10, 1.52122189845e-10, 1.6303798589e-10, 3.62828378453e-11, 1.5241706508e-10, 1.4959996783e-11, 1.57112621524e-11, 4.89385355157e-12, 1.51890967252e-12, 1.73904796813e-11, 6.80637891968e-13, 6.67901769048e-13, 5.36015154517e-14, 8.18083461759e-14, 8.59011602491e-15, 3.59725575336e-15, 4.26613480192e-15, 7.24484432204e-16, 2.4283325514e-16, 2.96297524785e-16],
        "dvar2": [2.34610547523e-06, 3.63674894288e-06, 6.34614934825e-07, 1.88192530004e-07, 9.23773271211e-08, 7.65232073263e-08, 1.20540335047e-07, 1.74754077875e-07, 7.45533697e-08, 1.52385084107e-07, 1.83620016969e-07, 2.10908396525e-07, 1.43361191363e-07, 1.48574514469e-07, 2.14277466881e-08, 1.59745255246e-07, 6.15402768744e-08, 2.29390373363e-08, 2.30756125319e-08, 1.35154720748e-09, 5.58202595258e-10, 3.86083442994e-10, 4.46853914982e-10, 8.65328364519e-11, 4.20469575824e-10, 3.73890814143e-11, 3.92975547936e-11, 1.36049617752e-11, 4.18577802627e-12, 3.92848358011e-11, 1.65088938613e-12, 1.87798257847e-12, 1.31252715402e-13, 2.34297390517e-13, 2.30936790687e-14, 8.81222754544e-15, 1.02194423442e-14, 2.04604704761e-15, 6.910706765e-16, 7.50005376086e-16],
        "max": [0.0220595933497, 0.0161570459604, 0.00556460488588, 0.00358929205686, 0.00552418548614, 0.00336404982954, 0.00509645277634, 0.00475582433864, 0.00355015392415, 0.00395050365478, 0.00570298777893, 0.0082731237635, 0.00408680550754, 0.00581494765356, 0.00223574903794, 0.00917981844395, 0.00385988666676, 0.00235409010202, 0.0032498142682, 0.000288723502308, 0.000226855889196, 0.000235110768699, 0.000200646216399, 0.000149650033563, 0.000257688690908, 8.92061507329e-05, 8.88333379407e-05, 5.80224877922e-05, 2.36940286413e-05, 7.09814630682e-05, 1.12176521725e-05, 1.79810940608e-05, 4.87934903504e-06, 4.68507596452e-06, 2.47779962592e-06, 1.4681296534e-06, 1.44568525684e-06, 7.41160818052e-07, 4.50014965736e-07, 5.97607026975e-07],
        "mean": [0.00528105907142, 0.0032069333829, 0.000645632448141, 0.000470219441922, 0.000421500299126, 0.000388341082726, 0.000449339218903, 0.000470344821224, 0.000319122278597, 0.00040876242565, 0.000436528702267, 0.00030515040271, 0.000287230650429, 0.000198832523893, 0.000118805161037, 0.000179837210453, 0.000124300335301, 8.73788958415e-05, 6.26455585007e-05, 4.06891922466e-05, 2.59838470811e-05, 1.95741376956e-05, 1.38476198117e-05, 8.26465475257e-06, 1.40561005537e-05, 5.60014086659e-06, 4.19773914473e-06, 2.39052155848e-06, 1.42557814797e-06, 3.37109850079e-06, 1.00812178516e-06, 6.06463913755e-07, 2.84952534457e-07, 3.08150731598e-07, 1.1171184866e-07, 8.0337386521e-08, 7.66857155554e-08, 3.64889487514e-08, 2.15468567433e-08, 1.6499557276e-08],
        "median": [0.00490399170667, 0.00259731570259, 0.000445378595032, 0.000320071179885, 0.000272569770459, 0.000235925792367, 0.000228862991207, 0.000251238263445, 0.000180969800567, 0.000162528958754, 0.000170862127561, 0.000112849396828, 0.000137353228638, 0.000109291395347, 8.32979640109e-05, 8.1364363723e-05, 6.40537837171e-05, 5.29195858689e-05, 3.92595175072e-05, 2.76159444184e-05, 1.9184917619e-05, 1.34524470923e-05, 9.25414860831e-06, 5.71677719563e-06, 5.22778918821e-06, 3.44499949279e-06, 1.92607490135e-06, 1.15772843401e-06, 6.37763719169e-07, 5.64983622553e-07, 3.16893192576e-07, 1.39351953976e-07, 8.89188740416e-08, 5.15499749554e-08, 2.30859154016e-08, 1.7577644229e-08, 1.14349294478e-08, 4.49556525339e-09, 3.40295436274e-09, 1.99831151626e-09],
        "min": [3.66558379664e-24, 1.26421326169e-23, 7.1096231078e-24, 6.0681543468e-24, 5.998046306e-24, 1.13654417056e-23, 5.06171534873e-24, 1.25015741697e-23, 1.91880538656e-23, 8.1610003562e-24, 3.53901343098e-24, 5.65393965712e-24, 1.02815578659e-23, 1.74659594655e-23, 7.69060180956e-24, 7.72053277002e-24, 1.09908171838e-23, 4.25360347641e-24, 5.9499466956e-24, 1.0745108311e-23, 1.13106300722e-23, 9.915310258e-24, 1.53523171105e-23, 1.26847516162e-23, 1.06882330175e-23, 1.51732393741e-23, 1.54315219008e-23, 1.20829343648e-23, 8.8597015597e-24, 7.43589518934e-24, 1.1946780128e-23, 8.99104374498e-24, 1.37992235375e-23, 1.19191763072e-23, 8.91796761502e-24, 9.90644582801e-24, 1.05607680836e-23, 1.09046656843e-23, 8.55503716722e-24, 1.07179154868e-23],
        "stdev": [0.00201297574677, 0.00230783619918, 0.000614497286733, 0.000484667543788, 0.000489023339469, 0.00045150751248, 0.000683846184984, 0.00057513313368, 0.00039169730735, 0.000633448420558, 0.000721333257388, 0.000726675323676, 0.000480689137476, 0.000411750806961, 0.000128540792502, 0.000628926500212, 0.000308905815473, 0.000169341306901, 0.000145629543113, 3.75305935449e-05, 2.41449670284e-05, 2.04211100936e-05, 1.64641569427e-05, 1.09647280624e-05, 2.66648821707e-05, 8.83527991391e-06, 6.93152196618e-06, 3.97517533202e-06, 2.51152096098e-06, 8.59307874634e-06, 1.65337132785e-06, 1.51493384237e-06, 5.24106098965e-07, 6.35097421764e-07, 2.63380172782e-07, 1.83491749794e-07, 1.63779262152e-07, 9.54063139602e-08, 5.52768746331e-08, 5.46126734946e-08],
        "var": [4.05207174481e-06, 5.32610829396e-06, 3.77606937718e-07, 2.34902614693e-07, 2.39143844283e-07, 2.03859030989e-07, 4.67645605795e-07, 3.30778135549e-07, 1.5342678239e-07, 4.01256869509e-07, 5.20321691511e-07, 5.28057000793e-07, 2.31062045941e-07, 1.69538736827e-07, 1.65227369564e-08, 3.95548568122e-07, 9.54228056571e-08, 2.86764763047e-08, 2.12079651618e-08, 1.40854539143e-09, 5.82979442498e-10, 4.17021750465e-10, 2.71068473223e-10, 1.20225260303e-10, 7.11015968324e-10, 7.80621747798e-11, 4.80459942664e-11, 1.58020176805e-11, 6.30773731858e-12, 7.38410027568e-11, 2.73363666772e-12, 2.29502441357e-12, 2.74687174048e-13, 4.03348741126e-13, 6.93691184681e-14, 3.36692208402e-14, 2.68236445561e-14, 9.10236512899e-15, 3.05553286733e-15, 2.98254403827e-15]
    },
    "melbands128": {
