{
"lowlevel": {
    "average_loudness": 0.982337236404,
    "barkbands_crest": {
        "dmean": 3.00833940506,
        "dmean2": 4.56710577011,
        "dvar": 8.59782886505,
        "dvar2": 20.712097168,
        "max": 24.6782627106,
        "mean": 12.7716007233,
        "median": 11.9464588165,
        "min": 3.44201159477,
        "stdev": 5.22472190857,
        "var": 27.2977199554
    },
    "barkbands_flatness_db": {
        "dmean": 0.0325636863708,
        "dmean2": 0.0455209165812,
        "dvar": 0.00110973627307,
        "dvar2": 0.0020448511932,
        "max": 0.428495079279,
        "mean": 0.181465685368,
        "median": 0.175459772348,
        "min": 0.0314435847104,
        "stdev": 0.0644225850701,
        "var": 0.0041502690874
    },
    "barkbands_kurtosis": {
        "dmean": 5.78242540359,
        "dmean2": 9.24019241333,
        "dvar": 171.715606689,
        "dvar2": 462.688842773,
        "max": 176.248550415,
        "mean": 7.83480453491,
        "median": 3.70461273193,
        "min": -1.74345171452,
        "stdev": 14.3081521988,
        "var": 204.723220825
    },
    "barkbands_skewness": {
        "dmean": 0.76191920042,
        "dmean2": 1.12014377117,
        "dvar": 0.766662061214,
        "dvar2": 1.85592579842,
        "max": 10.6826114655,
        "mean": 2.01513266563,
        "median": 1.65050435066,
        "min": -3.23638892174,
        "stdev": 1.51054131985,
        "var": 2.28173518181
    },
    "barkbands_spread": {
        "dmean": 5.2202167511,
        "dmean2": 7.76383066177,
        "dvar": 45.588218689,
        "dvar2": 96.8125152588,
        "max": 105.109184265,
        "mean": 16.3554782867,
        "median": 13.6459846497,
        "min": 0.629531800747,
        "stdev": 11.5274400711,
        "var": 132.881866455
    },
    "dissonance": {
        "dmean": 0.0270658228546,
        "dmean2": 0.0457083582878,
        "dvar": 0.000779123569373,
        "dvar2": 0.00200731563382,
        "max": 0.5,
        "mean": 0.454243540764,
        "median": 0.46041727066,
        "min": 0.160739272833,
        "stdev": 0.0327506475151,
        "var": 0.00107260479126
    },
    "dynamic_complexity": 1.52898001671,
    "erbbands_crest": {
        "dmean": 2.84295606613,
        "dmean2": 4.67327976227,
        "dvar": 6.51940441132,
        "dvar2": 16.7114601135,
        "max": 28.875333786,
        "mean": 9.26023674011,
        "median": 8.40208148956,
        "min": 2.62659788132,
        "stdev": 3.77120542526,
        "var": 14.2219896317
    },
    "erbbands_flatness_db": {
        "dmean": 0.0240783151239,
        "dmean2": 0.0334871001542,
        "dvar": 0.000606377550866,
        "dvar2": 0.0012140609324,
        "max": 0.41194486618,
        "mean": 0.167417868972,
        "median": 0.160323411226,
        "min": 0.0577970333397,
        "stdev": 0.0525501221418,
        "var": 0.00276151532307
    },
    "erbbands_kurtosis": {
        "dmean": 1.22191727161,
        "dmean2": 1.94146955013,
        "dvar": 1.97615683079,
        "dvar2": 4.94963741302,
        "max": 11.321264267,
        "mean": 1.26063358784,
        "median": 0.716081857681,
        "min": -1.83455920219,
        "stdev": 2.14003252983,
        "var": 4.57973957062
    },
    "erbbands_skewness": {
        "dmean": 0.417376965284,
        "dmean2": 0.630078077316,
        "dvar": 0.149567246437,
        "dvar2": 0.358200579882,
        "max": 3.10267424583,
        "mean": 0.675092220306,
        "median": 0.664603948593,
        "min": -2.50638508797,
        "stdev": 0.661578178406,
        "var": 0.437685668468
    },
    "erbbands_spread": {
        "dmean": 10.1324062347,
        "dmean2": 14.1709079742,
        "dvar": 173.509719849,
        "dvar2": 303.468505859,
        "max": 198.323043823,
        "mean": 35.1986427307,
        "median": 29.0755443573,
        "min": 5.14708614349,
        "stdev": 25.826133728,
        "var": 666.989196777
    },
    "hfc": {
        "dmean": 8.02107048035,
        "dmean2": 11.3117408752,
        "dvar": 136.204330444,
        "dvar2": 271.970916748,
        "max": 122.012901306,
        "mean": 23.640203476,
        "median": 21.2371368408,
        "min": 1.20221490551e-16,
        "stdev": 16.2229442596,
        "var": 263.183898926
    },
    "loudness_ebu128": {
        "integrated": -7.02025079727,
        "loudness_range": 1.08402919769,
        "momentary": {
            "dmean": 0.371497303247,
            "dmean2": 0.515609681606,
            "dvar": 0.0857367143035,
            "dvar2": 0.158051729202,
            "max": -5.42137670517,
            "mean": -7.12541913986,
            "median": -6.90180015564,
            "min": -11.0284194946,
            "stdev": 1.00592684746,
            "var": 1.01188886166
        },
        "short_term": {
            "dmean": 0.062461450696,
            "dmean2": 0.0867542251945,
            "dvar": 0.0018535797717,
            "dvar2": 0.00396579364315,
            "max": -6.22159957886,
            "mean": -6.94508647919,
            "median": -6.89745521545,
            "min": -8.76688575745,
            "stdev": 0.408643096685,
            "var": 0.166989177465
        }
    },
    "melbands_crest": {
        "dmean": 3.74600982666,
        "dmean2": 5.27278184891,
        "dvar": 12.9503898621,
        "dvar2": 23.9156646729,
        "max": 33.7321662903,
        "mean": 18.8276767731,
        "median": 18.6777610779,
        "min": 2.88863968849,
        "stdev": 7.14948225021,
        "var": 51.1150970459
    },
    "melbands_flatness_db": {
        "dmean": 0.0385042391717,
        "dmean2": 0.0519244670868,
        "dvar": 0.00166902318597,
        "dvar2": 0.00287304446101,
        "max": 0.573558092117,
        "mean": 0.266280472279,
        "median": 0.261190623045,
        "min": 0.00720895128325,
        "stdev": 0.0852156281471,
        "var": 0.00726170325652
    },
    "melbands_kurtosis": {
        "dmean": 13.0750713348,
        "dmean2": 19.4758434296,
        "dvar": 574.219604492,
        "dvar2": 1345.96240234,
        "max": 253.992950439,
        "mean": 20.2519493103,
        "median": 7.8134098053,
        "min": -1.62576818466,
        "stdev": 33.1141548157,
        "var": 1096.54724121
    },
    "melbands_skewness": {
        "dmean": 1.05731070042,
        "dmean2": 1.47798144817,
        "dvar": 1.39629685879,
        "dvar2": 2.96656560898,
        "max": 15.0304851532,
        "mean": 2.989839077,
        "median": 2.32856869698,
        "min": -1.06427323818,
        "stdev": 2.3081073761,
        "var": 5.32735967636
    },
    "melbands_spread": {
        "dmean": 5.80478954315,
        "dmean2": 8.29050540924,
        "dvar": 107.756843567,
        "dvar2": 223.565429688,
        "max": 167.830459595,
        "mean": 16.199136734,
        "median": 12.8107681274,
        "min": 0.590390324593,
        "stdev": 14.6554203033,
        "var": 214.781341553
    },
    "pitch_salience": {
        "dmean": 0.0872641727328,
        "dmean2": 0.132006317377,
        "dvar": 0.00647945376113,
        "dvar2": 0.0154924560338,
        "max": 0.87876367569,
        "mean": 0.454667299986,
        "median": 0.463104814291,
        "min": 0.128892317414,
        "stdev": 0.144692584872,
        "var": 0.0209359452128
    },
    "silence_rate_20dB": {
        "dmean": 0,
        "dmean2": 0,
        "dvar": 0,
        "dvar2": 0,
        "max": 1,
        "mean": 1,
        "median": 1,
        "min": 1,
        "stdev": 0,
        "var": 0
    },
    "silence_rate_30dB": {
        "dmean": 0.0650154799223,
        "dmean2": 0.130131676793,
        "dvar": 0.0607881695032,
        "dvar2": 0.155027240515,
        "max": 1,
        "mean": 0.945088922977,
        "median": 1,
        "min": 0,
        "stdev": 0.227804377675,
        "var": 0.0518948361278
    },
    "silence_rate_60dB": {
        "dmean": 0.00696594407782,
        "dmean2": 0.0139426803216,
        "dvar": 0.00691742263734,
        "dvar2": 0.0137482397258,
        "max": 1,
        "mean": 0.0123743228614,
        "median": 0,
        "min": 0,
        "stdev": 0.110549345613,
        "var": 0.0122211584821
    },
    "spectral_centroid": {
        "dmean": 254.003067017,
        "dmean2": 370.318481445,
        "dvar": 163917.671875,
        "dvar2": 260340.796875,
        "max": 11047.2402344,
        "mean": 1072.59790039,
        "median": 949.973815918,
        "min": 217.780700684,
        "stdev": 636.030029297,
        "var": 404534.1875
    },
    "spectral_complexity": {
        "dmean": 3.82739949226,
        "dmean2": 5.58946561813,
        "dvar": 20.6831378937,
        "dvar2": 36.6494293213,
        "max": 55,
        "mean": 18.0734729767,
        "median": 18,
        "min": 0,
        "stdev": 7.39933919907,
        "var": 54.7502174377
    },
    "spectral_decrease": {
        "dmean": 3.81634057689e-09,
        "dmean2": 5.85372195161e-09,
        "dvar": 2.15367689047e-17,
        "dvar2": 5.78899572368e-17,
        "max": 5.6515631809e-29,
        "mean": -1.41008449361e-08,
        "median": -1.50906380725e-08,
        "min": -4.36598774911e-08,
        "stdev": 7.7104092e-09,
        "var": 5.94504036839e-17
    },
    "spectral_energy": {
        "dmean": 0.0147535884753,
        "dmean2": 0.0226726345718,
        "dvar": 0.000313361233566,
        "dvar2": 0.000833178637549,
        "max": 0.166497170925,
        "mean": 0.0553640723228,
        "median": 0.0589138045907,
        "min": 1.06911389728e-20,
        "stdev": 0.0294705405831,
        "var": 0.0008685127832
    },
    "spectral_energyband_high": {
        "dmean": 0.000458114518551,
        "dmean2": 0.000656133110169,
        "dvar": 7.79267793405e-07,
        "dvar2": 1.5330357428e-06,
        "max": 0.00833116378635,
        "mean": 0.000745385710616,
        "median": 0.000340368162142,
        "min": 7.69082887528e-21,
        "stdev": 0.00118918414228,
        "var": 1.41415898725e-06
    },
    "spectral_energyband_low": {
        "dmean": 0.0128495553508,
        "dmean2": 0.0193678010255,
        "dvar": 0.000338036101311,
        "dvar2": 0.000953508191742,
        "max": 0.153795525432,
        "mean": 0.0339981503785,
        "median": 0.0292352531105,
        "min": 6.08232078982e-23,
        "stdev": 0.0292673911899,
        "var": 0.000856580154505
    },
    "spectral_energyband_middle_high": {
        "dmean": 0.00248925597407,
        "dmean2": 0.00348135526292,
        "dvar": 1.38870273076e-05,
        "dvar2": 2.82229138975e-05,
        "max": 0.0423170439899,
        "mean": 0.00589186325669,
        "median": 0.00471428129822,
        "min": 1.60928048757e-21,
        "stdev": 0.00540496129543,
        "var": 2.92136082862e-05
    },
    "spectral_energyband_middle_low": {
        "dmean": 0.00659753661603,
        "dmean2": 0.0097426995635,
        "dvar": 5.48294337932e-05,
        "dvar2": 0.000124412224977,
        "max": 0.0668588727713,
        "mean": 0.0160209853202,
        "median": 0.0125646507367,
        "min": 3.0337977352e-22,
        "stdev": 0.0121000614017,
        "var": 0.000146411490277
    },
    "spectral_entropy": {
        "dmean": 0.236593082547,
        "dmean2": 0.332459837198,
        "dvar": 0.0663892105222,
        "dvar2": 0.123463280499,
        "max": 9.80815505981,
        "mean": 7.31251573563,
        "median": 7.30997943878,
        "min": 5.49348592758,
        "stdev": 0.501368105412,
        "var": 0.251369982958
    },
    "spectral_flux": {
        "dmean": 0.0365096740425,
        "dmean2": 0.0564479120076,
        "dvar": 0.00154784030747,
        "dvar2": 0.00328304711729,
        "max": 0.359803408384,
        "mean": 0.107671760023,
        "median": 0.0922076925635,
        "min": 1.03397963802e-10,
        "stdev": 0.0585887469351,
        "var": 0.0034326412715
    },
    "spectral_kurtosis": {
        "dmean": 4.0623497963,
        "dmean2": 6.26928710938,
        "dvar": 100.051834106,
        "dvar2": 233.623596191,
        "max": 201.124191284,
        "mean": 8.12423419952,
        "median": 5.25308609009,
        "min": -1.2645714283,
        "stdev": 12.6554470062,
        "var": 160.160339355
    },
    "spectral_rms": {
        "dmean": 0.000986822298728,
        "dmean2": 0.00147642346565,
        "dvar": 1.12332122626e-06,
        "dvar2": 2.65683138423e-06,
        "max": 0.0127450488508,
        "mean": 0.0070410547778,
        "median": 0.00758135085925,
        "min": 3.22960972202e-12,
        "stdev": 0.0021065059118,
        "var": 4.43736689704e-06
    },
    "spectral_rolloff": {
        "dmean": 385.046936035,
        "dmean2": 606.499206543,
        "dvar": 1020089.5625,
        "dvar2": 1686034.875,
        "max": 18970.7519531,
        "mean": 912.987365723,
        "median": 624.462890625,
        "min": 64.599609375,
        "stdev": 1354.06188965,
        "var": 1833483.5
    },
    "spectral_skewness": {
        "dmean": 0.425972908735,
        "dmean2": 0.622398793697,
        "dvar": 0.388022631407,
        "dvar2": 0.803669929504,
        "max": 10.705950737,
        "mean": 2.09406089783,
        "median": 1.8807810545,
        "min": -0.0282865893096,
        "stdev": 1.02278399467,
        "var": 1.0460870266
    },
    "spectral_spread": {
        "dmean": 995145.9375,
        "dmean2": 1325963.25,
        "dvar": 2.04680619622e+12,
        "dvar2": 2.87245126861e+12,
        "max": 39970856,
        "mean": 4947824,
        "median": 4375107.5,
        "min": 565946.125,
        "stdev": 2741824.5,
        "var": 7.51760100557e+12
    },
    "spectral_strongpeak": {
        "dmean": 0.406726330519,
        "dmean2": 0.685261249542,
        "dvar": 0.404597699642,
        "dvar2": 0.963371932507,
        "max": 5.2007484436,
        "mean": 0.822356343269,
        "median": 0.53089004755,
        "min": 0,
        "stdev": 0.777463614941,
        "var": 0.604449629784
    },
    "zerocrossingrate": {
        "dmean": 0.0112905595452,
        "dmean2": 0.0122796492651,
        "dvar": 0.000427002174547,
        "dvar2": 0.000485131517053,
        "max": 0.49072265625,
        "mean": 0.0408706143498,
        "median": 0.03466796875,
        "min": 0.00244140625,
        "stdev": 0.0364424288273,
        "var": 0.00132805062458
    },
    "barkbands": {
        "dmean": [0.000527982891072, 0.0119899213314, 0.00397095968947, 0.00160883984063, 0.000915548356716, 0.00158151960932, 0.00282371602952, 0.00142126076389, 0.00129149854183, 0.000857369333971, 0.000722845608834, 0.000599794730078, 0.000483365933178, 0.000405186059652, 0.000256166240433, 0.000225653173402, 0.000156507507199, 0.000140669377288, 0.000117738709378, 0.000219981317059, 7.87129538367e-05, 5.6049622799e-05, 6.26865148661e-05, 9.82839555945e-05, 0.000124330676044, 4.86420831294e-05, 2.5442320748e-06],
        "dmean2": [0.000691336055752, 0.018538525328, 0.00644880207255, 0.00281399674714, 0.00150210876018, 0.00211515068077, 0.00462938798591, 0.00221788440831, 0.00187405571342, 0.00132230448071, 0.00110506359488, 0.000915947603062, 0.000741071184166, 0.000664505292661, 0.000395296839997, 0.000357202661689, 0.000245380942943, 0.000208590747206, 0.000182631978532, 0.000341153645422, 0.00011976560927, 8.08548575151e-05, 9.27932924242e-05, 0.000141039636219, 0.000192478502868, 7.51162951929e-05, 4.35111223851e-06],
        "dvar": [6.1697704723e-07, 0.00036119989818, 9.57898009801e-05, 1.7870339434e-05, 1.6323666614e-06, 3.99736609324e-06, 1.64922857948e-05, 7.78416961111e-06, 3.04279819829e-06, 3.08223479806e-06, 1.4822508092e-06, 1.16908984182e-06, 6.40609755465e-07, 7.70123222082e-07, 4.01065875621e-07, 3.31954112198e-07, 8.45626075829e-08, 9.75145013626e-08, 5.67197879775e-08, 1.60959515938e-07, 4.01720541277e-08, 1.91388469517e-08, 1.56843036336e-08, 4.33604405714e-08, 9.1508944422e-08, 1.40801450499e-08, 5.05503972015e-11],
        "dvar2": [9.31599231535e-07, 0.0010879636975, 0.000247314252192, 4.71420498798e-05, 4.22638640885e-06, 7.04653530192e-06, 4.14589012507e-05, 1.90547725651e-05, 6.65659399601e-06, 7.88751003711e-06, 3.76063985641e-06, 2.68458848041e-06, 1.50722200942e-06, 1.85230271654e-06, 9.06818002022e-07, 8.32067371448e-07, 2.04469131404e-07, 2.01679128509e-07, 1.23903149074e-07, 3.58926257604e-07, 9.58602370815e-08, 3.61924854531e-08, 3.15290691333e-08, 8.08151412457e-08, 2.15565989947e-07, 3.37475896117e-08, 1.2472406441e-10],
        "max": [0.0129102515057, 0.137799471617, 0.0781651288271, 0.0250903069973, 0.0113605968654, 0.0245965309441, 0.0413843616843, 0.0295704361051, 0.0224063452333, 0.0244057197124, 0.0143220741302, 0.0141938999295, 0.0104452446103, 0.00822676997632, 0.00766697339714, 0.00756174372509, 0.00365521712229, 0.00469652283937, 0.00294897612184, 0.00650140410289, 0.00229814345948, 0.00160372559913, 0.0013244249858, 0.00272175273858, 0.00403525214642, 0.00169627880678, 8.47680275911e-05],
        "mean": [0.00130032934248, 0.0255931224674, 0.00599345564842, 0.00158212520182, 0.00148331571836, 0.0032965564169, 0.0048690000549, 0.00216873409227, 0.00218375213444, 0.00139571854379, 0.00121073145419, 0.00089050992392, 0.000750344945118, 0.00049166608369, 0.000299463747069, 0.000292623153655, 0.000206345663173, 0.000194891210413, 0.00017418077914, 0.000368011125829, 8.58221901581e-05, 7.06983482814e-05, 9.6390642284e-05, 0.00015467236517, 0.000156365873409, 5.33191559953e-05, 1.93770438273e-06],
        "median": [0.000635915610474, 0.0194723941386, 0.00188828038517, 0.000553245306946, 0.00103206932545, 0.00166766531765, 0.00257640564814, 0.00106093636714, 0.00123996043112, 0.000780166010372, 0.000814323895611, 0.00047726003686, 0.000315122975735, 0.000127621053252, 7.48278180254e-05, 4.86212302349e-05, 6.91508394084e-05, 6.17063342361e-05, 5.41113477084e-05, 0.000190386097529, 1.9612867618e-05, 1.52715456352e-05, 4.10362372349e-05, 3.77208925784e-05, 3.7872181565e-05, 1.11090794235e-05, 1.02089906306e-07],
        "min": [6.99536480983e-23, 2.19228658078e-23, 8.58261574447e-24, 3.83700958223e-24, 2.8817801998e-23, 4.69930815236e-23, 4.39420042005e-23, 1.75473746441e-23, 3.58621531768e-23, 1.64929206804e-22, 6.39896135303e-23, 1.13925903537e-22, 1.32700275588e-22, 1.46597190083e-22, 1.23769272047e-22, 1.97985167171e-22, 1.98885415236e-22, 1.91613809007e-22, 2.53347034224e-22, 3.04230026737e-22, 3.51437482789e-22, 3.32650703533e-22, 5.48326385737e-22, 7.65638708194e-22, 1.43500054011e-21, 1.89357293214e-21, 2.51294925544e-21],
        "stdev": [0.00180060742423, 0.0243406165391, 0.0105311218649, 0.00371441617608, 0.00150770659093, 0.00406944891438, 0.00626478390768, 0.00336415646598, 0.00270770373754, 0.00190869008657, 0.00149237457663, 0.00137105339672, 0.00112270552199, 0.00102129555307, 0.000726020487491, 0.000747416110244, 0.000352754635969, 0.000431966414908, 0.000325817352859, 0.000568342511542, 0.000206871234695, 0.000168144106283, 0.00016714243975, 0.000324445427395, 0.000374428520445, 0.000130781176267, 6.63266018819e-06],
        "var": [3.24218694914e-06, 0.00059246562887, 0.000110904526082, 1.37968881972e-05, 2.27317923418e-06, 1.65604142239e-05, 3.92475194531e-05, 1.13175492515e-05, 7.33166007194e-06, 3.64309767065e-06, 2.22718199439e-06, 1.87978730537e-06, 1.26046779769e-06, 1.04304467641e-06, 5.27105783021e-07, 5.58630802061e-07, 1.24435842963e-07, 1.86594974139e-07, 1.0615695345e-07, 3.23013210846e-07, 4.27957047577e-08, 2.82724403888e-08, 2.79365970357e-08, 1.05264831518e-07, 1.40196718235e-07, 1.71037175534e-08, 4.39921814255e-11]
    },
    "erbbands": {
        "dmean": [0.407492190599, 2.51863336563, 3.60708594322, 6.61414766312, 2.38274216652, 3.93621277809, 7.49973392487, 14.710978508, 37.0543823242, 42.8715553284, 23.5158195496, 23.3433418274, 33.9143562317, 27.9825134277, 20.3070335388, 23.3810005188, 23.0361728668, 20.4984054565, 16.0882205963, 10.7234134674, 12.082859993, 8.61281299591, 8.30154037476, 4.10457706451, 8.54715251923, 10.3936843872, 3.80955934525, 2.49130558968, 2.02578186989, 1.92338728905, 1.89293789864, 1.69819235802, 1.98297774792, 1.66913843155, 0.729968726635, 0.268301635981, 0.0785904377699, 0.0129037834704, 0.00033513980452, 2.43146605499e-05],
        "dmean2": [0.568814873695, 4.05746269226, 5.62103891373, 11.7488470078, 3.82048463821, 6.58094406128, 10.0065507889, 20.9255027771, 63.7897033691, 64.03490448, 35.9333686829, 33.7205848694, 50.87840271, 41.0839920044, 31.0867881775, 35.4667282104, 34.5299835205, 32.6678314209, 25.4136295319, 16.7284469604, 18.524356842, 13.1624832153, 12.3066749573, 6.18747282028, 12.6343173981, 16.4570903778, 5.80337715149, 3.66539907455, 2.93683934212, 2.7748913765, 2.8053715229, 2.40928053856, 2.90936136246, 2.55987286568, 1.13398253918, 0.411534488201, 0.123776048422, 0.0213844757527, 0.000556861807127, 3.80942328775e-05],
        "dvar": [0.356590896845, 21.4397830963, 49.7599487305, 377.356567383, 21.990486145, 31.0321273804, 104.539283752, 329.802032471, 2866.38818359, 6377.58740234, 1916.14855957, 1045.67590332, 3043.18359375, 3177.78979492, 1085.76098633, 1796.02685547, 1404.99975586, 1834.80554199, 1803.4901123, 759.828369141, 938.179260254, 239.627975464, 302.761962891, 66.5745162964, 288.099121094, 329.047454834, 59.0348777771, 49.1138534546, 26.0087680817, 20.8421897888, 13.4159975052, 15.1169805527, 18.4670391083, 18.5087928772, 3.28869223595, 0.397901803255, 0.0397844649851, 0.00116910261568, 7.93423851064e-07, 1.10570352874e-09],
        "dvar2": [0.747128129005, 66.2583999634, 115.536880493, 1009.85290527, 52.1056594849, 77.0515136719, 190.493469238, 668.990966797, 8914.22265625, 13545.2607422, 4802.07910156, 2112.21582031, 7475.96142578, 7251.38330078, 2447.05224609, 4144.13818359, 3325.77807617, 4240.82666016, 4255.71484375, 1848.06274414, 2366.15063477, 541.142883301, 581.637023926, 140.089263916, 564.975952148, 783.298339844, 141.163864136, 106.801620483, 49.4404563904, 43.9616889954, 27.452009201, 28.4755516052, 38.0363578796, 43.1486587524, 8.23465442657, 0.898799002171, 0.100383885205, 0.00297764921561, 2.08009032576e-06, 2.82306689137e-09],
        "max": [6.49460935593, 35.671710968, 59.118396759, 122.428855896, 37.3098106384, 51.4458427429, 119.422317505, 209.504577637, 586.949157715, 1103.39343262, 650.860534668, 394.276947021, 1014.06018066, 607.381225586, 501.882080078, 714.398193359, 501.311279297, 462.74307251, 488.188323975, 330.778015137, 444.536315918, 165.651153564, 295.957183838, 87.8769378662, 228.836669922, 245.139862061, 86.0026245117, 75.9398422241, 56.1234779358, 49.9586143494, 45.0658454895, 64.0180511475, 55.5344848633, 55.2052307129, 31.0698757172, 7.97333431244, 2.9908208847, 0.473801076412, 0.0102598303929, 0.000442793214461],
        "mean": [0.962397456169, 4.72592496872, 7.8335018158, 6.31020307541, 3.4816031456, 5.9060716629, 15.7541599274, 30.2309951782, 56.0286865234, 74.9635925293, 40.0885620117, 41.9484519958, 56.1372642517, 50.1487579346, 36.0783348083, 37.8165435791, 38.8058433533, 26.7032966614, 19.3404407501, 14.013466835, 16.4414176941, 12.3720579147, 12.1895914078, 6.03768777847, 14.6378669739, 17.511680603, 5.21181869507, 2.73344063759, 2.50007963181, 2.55094313622, 2.93230295181, 2.62939047813, 3.01162528992, 2.22411465645, 0.812017977238, 0.302522480488, 0.0849861353636, 0.0114214252681, 0.000314432778396, 7.36342699383e-05],
        "median": [0.473236173391, 3.10234880447, 3.00469470024, 2.48503255844, 2.02871870995, 3.57374024391, 8.06962871552, 16.3339920044, 31.9025745392, 34.2181396484, 23.2878341675, 25.6303100586, 32.3866195679, 33.6280441284, 21.0926570892, 20.6001186371, 20.6448745728, 9.02070045471, 5.97662067413, 3.29134106636, 3.05944705009, 4.65336561203, 4.48778820038, 2.38347697258, 5.6416516304, 9.26314353943, 2.41796970367, 0.552280962467, 0.478077203035, 0.783098816872, 1.23196291924, 0.752406179905, 0.70130366087, 0.56883084774, 0.135407164693, 0.0534471198916, 0.0205947048962, 0.00161590892822, 6.72187088639e-05, 7.07901708665e-05],
        "min": [1.21324161699e-21, 3.38559915424e-21, 7.27727088075e-21, 1.60927196534e-20, 2.95030799885e-20, 1.22952423518e-19, 1.8974263094e-19, 5.32616891833e-19, 5.66567692895e-19, 5.64517060457e-19, 3.15709326459e-19, 8.7843985774e-19, 5.71284225049e-18, 3.36171536257e-18, 2.79089042955e-18, 4.40675177382e-18, 6.01402036588e-18, 9.13802883582e-18, 6.57958401661e-18, 7.20201922958e-18, 1.0925581856e-17, 1.25645302247e-17, 1.20049723188e-17, 1.08602792553e-17, 1.11054539345e-17, 1.35107007684e-17, 1.44553435095e-17, 1.43749316278e-17, 1.22445577386e-17, 1.24940420288e-17, 1.67965161059e-17, 1.23393724892e-17, 1.47576532079e-17, 1.63910007368e-17, 1.03715065032e-17, 7.09982023772e-18, 3.38611243435e-18, 1.33437881285e-18, 3.00533302255e-19, 4.00526507153e-20],
        "stdev": [1.06696677208, 5.03785419464, 11.3227653503, 16.4238166809, 4.9957742691, 6.87841701508, 18.8263549805, 35.2996788025, 70.3487319946, 115.912574768, 54.0813751221, 52.200050354, 69.7267227173, 63.4708862305, 45.7523193359, 56.7254638672, 53.2256202698, 51.4799423218, 44.6755104065, 31.9994525909, 42.4324760437, 20.4813251495, 24.944196701, 10.4932346344, 26.5099334717, 24.9601192474, 8.64823913574, 7.52481889725, 6.18407201767, 5.28778553009, 5.07027578354, 5.94071674347, 6.24534320831, 5.3324007988, 2.04850196838, 0.736068427563, 0.208359181881, 0.0324001610279, 0.000816769315861, 4.45719997515e-05],
        "var": [1.13841807842, 25.3799762726, 128.20501709, 269.741760254, 24.9577598572, 47.3126182556, 354.431640625, 1246.06726074, 4948.94433594, 13435.7246094, 2924.79516602, 2724.84521484, 4861.81591797, 4028.5534668, 2093.2746582, 3217.77807617, 2832.96679688, 2650.18457031, 1995.90124512, 1023.96502686, 1800.51513672, 419.484710693, 622.21295166, 110.107963562, 702.776611328, 623.007507324, 74.7920379639, 56.6228981018, 38.2427482605, 27.9606781006, 25.7076950073, 35.2921180725, 39.0043144226, 28.4344997406, 4.19636058807, 0.54179674387, 0.0434135459363, 0.00104977039155, 6.67112146857e-07, 1.98666305629e-09]
    },
    "gfcc": {
        "mean": [11.5415067673, 108.612785339, -96.6964035034, 13.0509777069, -60.7491798401, 22.2755451202, -29.5802345276, 25.3160629272, -22.1717624664, 11.2923212051, 0.0385849177837, -0.212514668703, -7.24660491943],
        "cov": [[4928.39892578, -1001.76885986, -283.759277344, 611.296630859, -114.824653625, 239.415893555, -160.361740112, 308.371337891, -107.82170105, 217.03729248, -138.16242981, 25.7698764801, -146.594802856], [-1001.76885986, 2052.31103516, 253.465164185, -237.706222534, 518.387939453, -66.1053543091, 339.1769104, 66.9986038208, 185.515960693, -12.4726343155, 423.734283447, -143.286819458, 162.446624756], [-283.759277344, 253.465164185, 1087.26220703, 235.829086304, 254.176498413, 300.197631836, 74.1554260254, 160.192489624, 73.0527648926, 29.1078147888, 36.76770401, -30.2353973389, -39.9555664062], [611.296630859, -237.706222534, 235.829086304, 693.381713867, 223.54498291, 127.59513855, 85.7721710205, 199.738510132, 64.5834121704, 28.301782608, -7.13904380798, -77.8472213745, -52.5452842712], [-114.824653625, 518.387939453, 254.176498413, 223.54498291, 524.159179688, 111.854454041, 124.866470337, 189.329605103, 99.9978713989, 40.7898674011, 105.713027954, -119.046157837, 11.6726741791], [239.415893555, -66.1053543091, 300.197631836, 127.59513855, 111.854454041, 299.011474609, 68.2770843506, 103.063270569, 35.388633728, 36.2334403992, 7.89747285843, -22.9752178192, -25.8371868134], [-160.361740112, 339.1769104, 74.1554260254, 85.7721710205, 124.866470337, 68.2770843506, 288.215118408, 68.9392776489, 16.6935176849, 2.17646670341, 96.9300003052, -50.1603851318, -18.777507782], [308.371337891, 66.9986038208, 160.192489624, 199.738510132, 189.329605103, 103.063270569, 68.9392776489, 276.215789795, 49.1000022888, 31.08360672, 74.4807434082, -66.9228744507, -7.7193031311], [-107.82170105, 185.515960693, 73.0527648926, 64.5834121704, 99.9978713989, 35.388633728, 16.6935176849, 49.1000022888, 159.135147095, 27.8831806183, 37.5018157959, 2.3353703022, 40.6190185547], [217.03729248, -12.4726343155, 29.1078147888, 28.301782608, 40.7898674011, 36.2334403992, 2.17646670341, 31.08360672, 27.8831806183, 101.857841492, 22.7500095367, -4.69450950623, 3.59319853783], [-138.16242981, 423.734283447, 36.76770401, -7.13904380798, 105.713027954, 7.89747285843, 96.9300003052, 74.4807434082, 37.5018157959, 22.7500095367, 202.695465088, -28.3167324066, 35.5459671021], [25.7698764801, -143.286819458, -30.2353973389, -77.8472213745, -119.046157837, -22.9752178192, -50.1603851318, -66.9228744507, 2.3353703022, -4.69450950623, -28.3167324066, 124.786453247, 23.4032611847], [-146.594802856, 162.446624756, -39.9555664062, -52.5452842712, 11.6726741791, -25.8371868134, -18.777507782, -7.7193031311, 40.6190185547, 3.59319853783, 35.5459671021, 23.4032611847, 104.23714447]],
        "icov": [[0.0004444605147, -0.000497772241943, 0.00048275134759, -0.000668947875965, 0.000519162160344, -0.000709989923052, 0.000683048507199, -0.000808080425486, 0.000793310871813, -0.0011191512458, 0.000695687427651, -0.000797508400865, 0.000748991966248], [-0.000497772241943, 0.00334975589067, -0.00142537429929, 0.00230175838806, -0.00254120887257, 0.00241078622639, -0.00270133302547, 0.00237450329587, -0.00265240273438, 0.00264280871488, -0.00420468766242, 0.00301099172793, -0.00303483079188], [0.00048275134759, -0.00142537429929, 0.00220364728011, -0.0013489429839, 0.000717114191502, -0.00249594426714, 0.00155971350614, -0.00139351096004, 0.00126596319024, -0.00134068424813, 0.00163639732637, -0.00201603164896, 0.00199127476662], [-0.000668947875965, 0.00230175838806, -0.0013489429839, 0.00401352532208, -0.00223662145436, 0.00194520538207, -0.00243647140451, 0.000854294339661, -0.00275010429323, 0.00236064149067, -0.00205443589948, 0.002628732007, -0.00156415591482], [0.000519162160344, -0.00254120887257, 0.000717114191502, -0.00223662145436, 0.00569057976827, -0.00197127508, 0.00162990787067, -0.00284172478132, 0.000878400052898, -0.00264036352746, 0.00270792143419, 0.000151488595293, 0.00158643675968], [-0.000709989923052, 0.00241078622639, -0.00249594426714, 0.00194520538207, -0.00197127508, 0.00746315065771, -0.00321660097688, 0.000988836050965, -0.00256871781312, 0.00122605846263, -0.00208713160828, 0.00225046859123, -0.00200212723576], [0.000683048507199, -0.00270133302547, 0.00155971350614, -0.00243647140451, 0.00162990787067, -0.00321660097688, 0.00728932628408, -0.00190267723519, 0.00249858340248, -0.00177908106707, 0.000973228714429, -0.00215015793219, 0.00397105701268], [-0.000808080425486, 0.00237450329587, -0.00139351096004, 0.000854294339661, -0.00284172478132, 0.000988836050965, -0.00190267723519, 0.0085660610348, -0.0026417276822, 0.00245621427894, -0.00485995830968, 0.00386908371001, -0.0023521615658], [0.000793310871813, -0.00265240273438, 0.00126596319024, -0.00275010429323, 0.000878400052898, -0.00256871781312, 0.00249858340248, -0.0026417276822, 0.0112174553797, -0.00423270463943, 0.00305998860858, -0.00425697304308, -0.000445395533461], [-0.0011191512458, 0.00264280871488, -0.00134068424813, 0.00236064149067, -0.00264036352746, 0.00122605846263, -0.00177908106707, 0.00245621427894, -0.00423270463943, 0.0145896561444, -0.00473509449512, 0.00272748246789, -0.00240668980405], [0.000695687427651, -0.00420468766242, 0.00163639732637, -0.00205443589948, 0.00270792143419, -0.00208713160828, 0.000973228714429, -0.00485995830968, 0.00305998860858, -0.00473509449512, 0.0130618819967, -0.00340674701147, 0.00139903079253], [-0.000797508400865, 0.00301099172793, -0.00201603164896, 0.002628732007, 0.000151488595293, 0.00225046859123, -0.00215015793219, 0.00386908371001, -0.00425697304308, 0.00272748246789, -0.00340674701147, 0.0149901015684, -0.00546060828492], [0.000748991966248, -0.00303483079188, 0.00199127476662, -0.00156415591482, 0.00158643675968, -0.00200212723576, 0.00397105701268, -0.0023521615658, -0.000445395533461, -0.00240668980405, 0.00139903079253, -0.00546060828492, 0.016223942861]]
    },
    "melbands": {
        "dmean": [0.00340377003886, 0.00197562971152, 0.000941137201153, 0.000185771263205, 0.000247839605436, 0.000335759512382, 0.000538904569112, 0.000440820324002, 0.000181436727871, 0.000163315969985, 0.000173099862877, 0.000114740738354, 8.57224076753e-05, 5.34709834028e-05, 8.0580211943e-05, 4.15514259657e-05, 3.86448191421e-05, 2.8841148378e-05, 1.57862250489e-05, 1.39984140333e-05, 1.39144567584e-05, 8.67524431669e-06, 1.09846878331e-05, 5.44446902495e-06, 3.10246718982e-06, 4.91896480526e-06, 9.45428291743e-06, 6.43209841655e-06, 2.35852462538e-06, 2.19272851609e-06, 1.27594637434e-06, 1.16666933536e-06, 1.10200551262e-06, 1.0618836086e-06, 1.10341750315e-06, 1.1369306776e-06, 1.06938807676e-06, 1.36277537877e-06, 1.67252869687e-06, 1.36237827064e-06],
        "dmean2": [0.00510766310617, 0.00311343465, 0.00164721405599, 0.000302080181427, 0.000341814680723, 0.000468459998956, 0.00092084670905, 0.00065876042936, 0.000279578584014, 0.000237080792431, 0.000260656292085, 0.000169326405739, 0.000130104352138, 8.22503643576e-05, 0.00012472832168, 6.50368383504e-05, 6.20765204076e-05, 4.69238912046e-05, 2.4501739972e-05, 2.25792937272e-05, 2.14319134102e-05, 1.3412489352e-05, 1.69578397617e-05, 8.27935036796e-06, 4.86229100716e-06, 7.40834275348e-06, 1.43518409459e-05, 1.02765943666e-05, 3.59428327101e-06, 3.46151000485e-06, 1.90862692762e-06, 1.73828902916e-06, 1.63044251167e-06, 1.56656551553e-06, 1.67987957411e-06, 1.68455210314e-06, 1.54258998464e-06, 2.03832860279e-06, 2.56531961895e-06, 2.12230656871e-06],
        "dvar": [2.60480719589e-05, 1.24962698465e-05, 7.07268281985e-06, 8.56975930219e-08, 9.99898830401e-08, 1.7536966368e-07, 5.86660860336e-07, 6.55801386529e-07, 1.15489633856e-07, 4.88012723565e-08, 7.67760255371e-08, 5.78747467728e-08, 2.03267074284e-08, 1.2287179274e-08, 1.76585484013e-08, 4.64161775682e-09, 6.86176093723e-09, 6.40852437783e-09, 1.97065741503e-09, 1.40906220025e-09, 1.32571953415e-09, 2.58508214834e-10, 5.57078549956e-10, 1.2817714945e-10, 4.26745826176e-11, 9.66956931192e-11, 3.82955833711e-10, 1.19576570867e-10, 1.89074797485e-11, 3.22540744113e-11, 1.60565519214e-11, 9.66427372157e-12, 6.58166316586e-12, 6.54048690207e-12, 4.64745689849e-12, 6.31921685118e-12, 6.49784523063e-12, 8.7085182815e-12, 1.60051763509e-11, 1.33245211739e-11],
        "dvar2": [7.20436146366e-05, 3.16748446494e-05, 1.8638351321e-05, 2.1247369375e-07, 1.92555603462e-07, 3.4451025499e-07, 1.75227353338e-06, 1.43431088873e-06, 2.85137673472e-07, 1.00229826216e-07, 1.87877418512e-07, 1.32777799422e-07, 4.88135043497e-08, 2.66829704998e-08, 4.32863771493e-08, 1.05208561862e-08, 1.59585695769e-08, 1.55002872759e-08, 4.58663729219e-09, 3.45439432614e-09, 3.31090488359e-09, 5.83078807459e-10, 1.22359733457e-09, 2.56384441455e-10, 9.29170768105e-11, 2.10717623905e-10, 7.69766084208e-10, 2.94535590362e-10, 4.39685544917e-11, 7.99909236071e-11, 3.36612890339e-11, 1.9197310408e-11, 1.26600249381e-11, 1.41667667181e-11, 1.0293001694e-11, 1.27267163821e-11, 1.27508724065e-11, 1.87768689486e-11, 3.5631223666e-11, 3.18195608751e-11],
        "max": [0.0429043658078, 0.0304349400103, 0.0168769937009, 0.00259879371151, 0.0035140782129, 0.0051719029434, 0.00852029211819, 0.0105213262141, 0.00548974703997, 0.00256749126129, 0.00498493295163, 0.00276153651066, 0.00226020626724, 0.00169992574956, 0.00145250803325, 0.000878469028976, 0.00100285152439, 0.000905038963538, 0.000739495211747, 0.000570291827898, 0.00048293126747, 0.000168960614246, 0.00035562782432, 0.000151864951476, 7.73686333559e-05, 0.000140965013998, 0.000338837911841, 0.000112567053293, 4.32650122093e-05, 6.36386612314e-05, 4.63050819235e-05, 3.92749534512e-05, 2.86262438749e-05, 3.24766479025e-05, 2.55550876318e-05, 3.66649546777e-05, 4.46020058007e-05, 3.68582877854e-05, 6.22742591077e-05, 4.62051393697e-05],
        "mean": [0.0075824293308, 0.00468617910519, 0.000991075183265, 0.000301061023492, 0.000518816174008, 0.000696448259987, 0.000863654538989, 0.000760759576224, 0.000298135855701, 0.000282726163277, 0.000279414991383, 0.000198974797968, 0.000143634693814, 7.92655264377e-05, 0.000125829537865, 6.1799044488e-05, 4.71411622129e-05, 3.2604108128e-05, 1.91679937416e-05, 1.85152166523e-05, 1.81357754627e-05, 1.12935858851e-05, 1.52843895194e-05, 7.47371950638e-06, 4.13721727455e-06, 7.53532140152e-06, 1.51555914272e-05, 1.0538470633e-05, 3.3062519833e-06, 2.14734632209e-06, 1.37943095524e-06, 1.37944243761e-06, 1.40219628975e-06, 1.38791801874e-06, 1.66094901033e-06, 1.64898006005e-06, 1.58391458172e-06, 1.97510576072e-06, 2.38113489104e-06, 1.70058831372e-06],
        "median": [0.0047458531335, 0.00269467243925, 0.000433828710811, 0.000195225933567, 0.000303169625113, 0.000389504653867, 0.000496662047226, 0.000350768270437, 0.000159203293151, 0.000163098797202, 0.000156054564286, 0.000124354206491, 8.8223896455e-05, 4.14286114392e-05, 6.22167863185e-05, 2.65603830485e-05, 1.29063073473e-05, 9.11906226975e-06, 4.88556588607e-06, 3.64228321814e-06, 3.17917078974e-06, 3.81088852919e-06, 5.21237961948e-06, 2.32281445278e-06, 1.49491233969e-06, 2.19897128773e-06, 6.1563782765e-06, 5.43830401512e-06, 1.51001631821e-06, 3.51999176473e-07, 2.2815223133e-07, 2.14927567299e-07, 3.30293602246e-07, 4.34529454196e-07, 6.89982357471e-07, 5.57966075121e-07, 3.45651130829e-07, 3.82775169783e-07, 6.51091852433e-07, 3.83707629226e-07],
        "min": [1.19257167529e-23, 4.16417425989e-24, 2.973517505e-24, 4.92669036632e-24, 7.61899374975e-24, 1.16483185488e-23, 7.84047749294e-24, 5.7112622348e-24, 2.22191785299e-24, 6.79078604029e-24, 2.81395551689e-23, 1.23705270184e-23, 7.89495149389e-24, 1.58194884272e-23, 8.75806708726e-24, 1.32243151204e-23, 1.78841677635e-23, 9.90644898345e-24, 7.96069437287e-24, 1.27730133186e-23, 1.11209382124e-23, 1.34545055214e-23, 1.07881264739e-23, 8.96404655822e-24, 8.75118664244e-24, 1.10223108777e-23, 5.56018906056e-24, 1.02538088947e-23, 9.50482964141e-24, 9.19042833877e-24, 7.96041432725e-24, 6.07232899871e-24, 7.22031054799e-24, 7.18686994536e-24, 1.09826911276e-23, 6.57845545018e-24, 8.10969284292e-24, 1.08009202201e-23, 9.03410687293e-24, 1.65489528394e-23],
        "stdev": [0.00758186541498, 0.00558820227161, 0.00231580785476, 0.00033575046109, 0.000574058445636, 0.000822296191473, 0.00106697133742, 0.00112584559247, 0.000419248914113, 0.000356444419594, 0.000351594208041, 0.000264968635747, 0.000189628568478, 0.000134788817377, 0.000174555025296, 9.11585448193e-05, 9.83762583928e-05, 8.09464836493e-05, 5.01010363223e-05, 4.51050327683e-05, 4.86240460305e-05, 2.00621889235e-05, 3.10365903715e-05, 1.55354300659e-05, 7.94680545368e-06, 1.44268478834e-05, 2.85678088403e-05, 1.50309069795e-05, 5.27757492819e-06, 5.51960829398e-06, 4.3308405111e-06, 3.65424239135e-06, 3.13978284794e-06, 2.92385175271e-06, 2.82746032099e-06, 3.49001993527e-06, 3.84569148082e-06, 4.20919832322e-06, 5.27757538293e-06, 4.33612285633e-06],
        "var": [5.74846853851e-05, 3.12280062644e-05, 5.36296602149e-06, 1.12728365309e-07, 3.29543098587e-07, 6.76170998304e-07, 1.13842781957e-06, 1.26752820506e-06, 1.75769656607e-07, 1.27052615539e-07, 1.23618477232e-07, 7.02083795545e-08, 3.59589940047e-08, 1.81680270828e-08, 3.04694580677e-08, 8.30988078349e-09, 9.67788782447e-09, 6.55233334257e-09, 2.51011367247e-09, 2.03446393066e-09, 2.3642978686e-09, 4.02491401319e-10, 9.63270019305e-10, 2.41349606966e-10, 6.31517130256e-11, 2.08133940638e-10, 8.16119671843e-10, 2.25928165065e-10, 2.78527947234e-11, 3.04660775774e-11, 1.87561789017e-11, 1.33534867192e-11, 9.8582357555e-12, 8.54890897656e-12, 7.99453211964e-12, 1.21802385886e-11, 1.47893433611e-11, 1.77173518912e-11, 2.7852803397e-11, 1.88019599889e-11]
    },
    "melbands128": {
