{
"lowlevel": {
    "average_loudness": 0.977649629116,
    "barkbands_crest": {
        "dmean": 3.27790427208,
        "dmean2": 5.10564279556,
        "dvar": 9.33698558807,
        "dvar2": 22.0669879913,
        "max": 24.7112598419,
        "mean": 12.0760335922,
        "median": 11.3387422562,
        "min": 3.18913149834,
        "stdev": 4.77295446396,
        "var": 22.7810935974
    },
    "barkbands_flatness_db": {
        "dmean": 0.0365947447717,
        "dmean2": 0.0526759326458,
        "dvar": 0.00135209958535,
        "dvar2": 0.00301206344739,
        "max": 0.381980061531,
        "mean": 0.158308938146,
        "median": 0.143630161881,
        "min": 0.0454521030188,
        "stdev": 0.062190387398,
        "var": 0.00386764435098
    },
    "barkbands_kurtosis": {
        "dmean": 9.32508182526,
        "dmean2": 15.3674612045,
        "dvar": 922.755004883,
        "dvar2": 2424.421875,
        "max": 443.877563477,
        "mean": 11.0310525894,
        "median": 4.70323944092,
        "min": -1.82176792622,
        "stdev": 27.0626945496,
        "var": 732.389404297
    },
    "barkbands_skewness": {
        "dmean": 0.923684895039,
        "dmean2": 1.40350818634,
        "dvar": 1.77023744583,
        "dvar2": 3.92014694214,
        "max": 17.4351444244,
        "mean": 2.24754285812,
        "median": 1.95815968513,
        "min": -2.54848122597,
        "stdev": 1.78719234467,
        "var": 3.19405651093
    },
    "barkbands_spread": {
        "dmean": 6.97594404221,
        "dmean2": 10.4046916962,
        "dvar": 64.9335098267,
        "dvar2": 134.880523682,
        "max": 90.1723098755,
        "mean": 17.2311344147,
        "median": 14.0969543457,
        "min": 0.538865149021,
        "stdev": 13.5584087372,
        "var": 183.830444336
    },
    "dissonance": {
        "dmean": 0.0277095064521,
        "dmean2": 0.0450164191425,
        "dvar": 0.00082543049939,
        "dvar2": 0.00209958758205,
        "max": 0.499849200249,
        "mean": 0.451822072268,
        "median": 0.459848225117,
        "min": 0.0446892976761,
        "stdev": 0.0365824699402,
        "var": 0.00133827712853
    },
    "dynamic_complexity": 3.20454263687,
    "erbbands_crest": {
        "dmean": 3.02165675163,
        "dmean2": 4.78091907501,
        "dvar": 7.26967334747,
        "dvar2": 16.4945640564,
        "max": 27.6661987305,
        "mean": 9.37819194794,
        "median": 8.20586204529,
        "min": 2.42377209663,
        "stdev": 4.49475812912,
        "var": 20.2028522491
    },
    "erbbands_flatness_db": {
        "dmean": 0.0248742830008,
        "dmean2": 0.0342138968408,
        "dvar": 0.000445113837486,
        "dvar2": 0.000903942913283,
        "max": 0.266173094511,
        "mean": 0.14641200006,
        "median": 0.145889624953,
        "min": 0.0592807754874,
        "stdev": 0.0379251949489,
        "var": 0.00143832049798
    },
    "erbbands_kurtosis": {
        "dmean": 1.41882574558,
        "dmean2": 2.16526007652,
        "dvar": 2.84018874168,
        "dvar2": 6.73251867294,
        "max": 17.6190872192,
        "mean": 1.00153136253,
        "median": 0.316794633865,
        "min": -1.73926353455,
        "stdev": 2.39829158783,
        "var": 5.75180244446
    },
    "erbbands_skewness": {
        "dmean": 0.487031310797,
        "dmean2": 0.727329552174,
        "dvar": 0.184149354696,
        "dvar2": 0.427401691675,
        "max": 3.50564670563,
        "mean": 0.707572340965,
        "median": 0.685406684875,
        "min": -2.73421359062,
        "stdev": 0.795973062515,
        "var": 0.633573114872
    },
    "erbbands_spread": {
        "dmean": 13.3344526291,
        "dmean2": 19.3877220154,
        "dvar": 209.020874023,
        "dvar2": 448.415679932,
        "max": 144.645233154,
        "mean": 41.1688461304,
        "median": 36.3651618958,
        "min": 5.76429319382,
        "stdev": 22.5300388336,
        "var": 507.602630615
    },
    "hfc": {
        "dmean": 6.54570865631,
        "dmean2": 8.75220680237,
        "dvar": 64.3727111816,
        "dvar2": 116.851989746,
        "max": 106.305175781,
        "mean": 17.0002117157,
        "median": 10.8569660187,
        "min": 1.15645659752e-16,
        "stdev": 16.1735229492,
        "var": 261.582855225
    },
    "loudness_ebu128": {
        "integrated": -9.20141410828,
        "loudness_range": 2.39203262329,
        "momentary": {
            "dmean": 1.01251959801,
            "dmean2": 1.49068343639,
            "dvar": 1.01856040955,
            "dvar2": 1.84311890602,
            "max": -5.7910695076,
            "mean": -9.59183692932,
            "median": -9.37582492828,
            "min": -17.2068481445,
            "stdev": 1.96692681313,
            "var": 3.86880111694
        },
        "short_term": {
            "dmean": 0.115473926067,
            "dmean2": 0.155603349209,
            "dvar": 0.00774006498978,
            "dvar2": 0.0174173396081,
            "max": -7.6444568634,
            "mean": -9.26933574677,
            "median": -9.36538696289,
            "min": -10.8986778259,
            "stdev": 0.820420563221,
            "var": 0.673089921474
        }
    },
    "melbands_crest": {
        "dmean": 3.30382704735,
        "dmean2": 5.25012397766,
        "dvar": 8.74315834045,
        "dvar2": 21.7871570587,
        "max": 28.6073646545,
        "mean": 14.9966468811,
        "median": 15.0457544327,
        "min": 2.4986884594,
        "stdev": 4.83230400085,
        "var": 23.3511619568
    },
    "melbands_flatness_db": {
        "dmean": 0.0449041128159,
        "dmean2": 0.0629312694073,
        "dvar": 0.00194451923016,
        "dvar2": 0.00412057572976,
        "max": 0.509131729603,
        "mean": 0.235448732972,
        "median": 0.218152850866,
        "min": 0.00561497546732,
        "stdev": 0.0830299630761,
        "var": 0.00689397519454
    },
    "melbands_kurtosis": {
        "dmean": 17.87865448,
        "dmean2": 29.1668491364,
        "dvar": 1341.72460938,
        "dvar2": 3080.49023438,
        "max": 383.615600586,
        "mean": 24.6775054932,
        "median": 13.1171741486,
        "min": -1.74778950214,
        "stdev": 38.8336601257,
        "var": 1508.05310059
    },
    "melbands_skewness": {
        "dmean": 1.2231566906,
        "dmean2": 1.83798062801,
        "dvar": 2.04988622665,
        "dvar2": 4.1893248558,
        "max": 13.1561040878,
        "mean": 3.25838828087,
        "median": 2.90748476982,
        "min": -0.394829243422,
        "stdev": 2.17303419113,
        "var": 4.72207784653
    },
    "melbands_spread": {
        "dmean": 6.55941152573,
        "dmean2": 9.71205997467,
        "dvar": 103.847267151,
        "dvar2": 192.335189819,
        "max": 203.662887573,
        "mean": 16.6849727631,
        "median": 13.419500351,
        "min": 0.458094865084,
        "stdev": 17.1046619415,
        "var": 292.569458008
    },
    "pitch_salience": {
        "dmean": 0.0881387367845,
        "dmean2": 0.13839918375,
        "dvar": 0.00704407552257,
        "dvar2": 0.0168197769672,
        "max": 0.929717957973,
        "mean": 0.507338583469,
        "median": 0.518624722958,
        "min": 0.104301959276,
        "stdev": 0.124299414456,
        "var": 0.0154503453523
    },
    "silence_rate_20dB": {
        "dmean": 0,
        "dmean2": 0,
        "dvar": 0,
        "dvar2": 0,
        "max": 1,
        "mean": 1,
        "median": 1,
        "min": 1,
        "stdev": 0,
        "var": 0
    },
    "silence_rate_30dB": {
        "dmean": 0.0773993805051,
        "dmean2": 0.154918670654,
        "dvar": 0.0714077576995,
        "dvar2": 0.152608409524,
        "max": 1,
        "mean": 0.932714641094,
        "median": 1,
        "min": 0,
        "stdev": 0.250514984131,
        "var": 0.0627577528358
    },
    "silence_rate_60dB": {
        "dmean": 0.0371517017484,
        "dmean2": 0.0735863670707,
        "dvar": 0.0357719548047,
        "dvar2": 0.0929593369365,
        "max": 1,
        "mean": 0.0286156218499,
        "median": 0,
        "min": 0,
        "stdev": 0.1667239815,
        "var": 0.0277968849987
    },
    "spectral_centroid": {
        "dmean": 295.316314697,
        "dmean2": 428.39364624,
        "dvar": 165329.6875,
        "dvar2": 275261.65625,
        "max": 11154.8193359,
        "mean": 1050.23510742,
        "median": 970.265625,
        "min": 166.471954346,
        "stdev": 664.399475098,
        "var": 441426.625
    },
    "spectral_complexity": {
        "dmean": 3.73529410362,
        "dmean2": 5.05654525757,
        "dvar": 16.282951355,
        "dvar2": 25.3468551636,
        "max": 51,
        "mean": 14.1059551239,
        "median": 12,
        "min": 0,
        "stdev": 8.13566493988,
        "var": 66.1890487671
    },
    "spectral_decrease": {
        "dmean": 4.71632821686e-09,
        "dmean2": 6.95966972941e-09,
        "dvar": 8.04144691285e-17,
        "dvar2": 1.60469968341e-16,
        "max": -7.2827873252e-29,
        "mean": -8.40781222422e-09,
        "median": -5.28260235555e-09,
        "min": -6.59291075067e-08,
        "stdev": 1.02546078296e-08,
        "var": 1.05156989732e-16
    },
    "spectral_energy": {
        "dmean": 0.0182508546859,
        "dmean2": 0.0267852023244,
        "dvar": 0.00116179371253,
        "dvar2": 0.00230302708223,
        "max": 0.250833541155,
        "mean": 0.0332750156522,
        "median": 0.0212040431798,
        "min": 1.07642757946e-20,
        "stdev": 0.0394855290651,
        "var": 0.00155910709873
    },
    "spectral_energyband_high": {
        "dmean": 0.000381431076676,
        "dmean2": 0.000530536170118,
        "dvar": 3.51043496494e-07,
        "dvar2": 6.82264044372e-07,
        "max": 0.0081925932318,
        "mean": 0.000663423619699,
        "median": 0.000275559985312,
        "min": 7.795337168e-21,
        "stdev": 0.00100296374876,
        "var": 1.00593626939e-06
    },
    "spectral_energyband_low": {
        "dmean": 0.0147593161091,
        "dmean2": 0.0228093713522,
        "dvar": 0.00122468266636,
        "dvar2": 0.00263305054978,
        "max": 0.245849758387,
        "mean": 0.0179437659681,
        "median": 0.00597365759313,
        "min": 9.49068205216e-23,
        "stdev": 0.0354311913252,
        "var": 0.00125536927953
    },
    "spectral_energyband_middle_high": {
        "dmean": 0.00192463514395,
        "dmean2": 0.00279582524672,
        "dvar": 1.05789504232e-05,
        "dvar2": 2.28212993534e-05,
        "max": 0.042960703373,
        "mean": 0.00437642494217,
        "median": 0.00180091860238,
        "min": 1.62916765837e-21,
        "stdev": 0.00660725310445,
        "var": 4.36557929788e-05
    },
    "spectral_energyband_middle_low": {
        "dmean": 0.00643684994429,
        "dmean2": 0.0102307032794,
        "dvar": 0.000127400402562,
        "dvar2": 0.000335361808538,
        "max": 0.0991899967194,
        "mean": 0.0116537446156,
        "median": 0.00683157239109,
        "min": 3.84953620431e-22,
        "stdev": 0.0133969997987,
        "var": 0.000179479611688
    },
    "spectral_entropy": {
        "dmean": 0.292418301105,
        "dmean2": 0.398807406425,
        "dvar": 0.0865580812097,
        "dvar2": 0.174512609839,
        "max": 9.79343509674,
        "mean": 7.43444061279,
        "median": 7.46360445023,
        "min": 5.60746145248,
        "stdev": 0.513704657555,
        "var": 0.263892501593
    },
    "spectral_flux": {
        "dmean": 0.0436148159206,
        "dmean2": 0.0692352205515,
        "dvar": 0.00349749601446,
        "dvar2": 0.00799653213471,
        "max": 0.453370958567,
        "mean": 0.0963180661201,
        "median": 0.0703593716025,
        "min": 1.03751028602e-10,
        "stdev": 0.0792586803436,
        "var": 0.00628193886951
    },
    "spectral_kurtosis": {
        "dmean": 2.32197642326,
        "dmean2": 3.47087287903,
        "dvar": 11.3948574066,
        "dvar2": 25.2754211426,
        "max": 37.9778747559,
        "mean": 4.84569072723,
        "median": 3.7734336853,
        "min": -1.18320083618,
        "stdev": 4.3191742897,
        "var": 18.6552658081
    },
    "spectral_rms": {
        "dmean": 0.00131816242356,
        "dmean2": 0.00183637836017,
        "dvar": 3.36507832799e-06,
        "dvar2": 5.66549670111e-06,
        "max": 0.0156433898956,
        "mean": 0.00503593031317,
        "median": 0.00454828236252,
        "min": 3.24063757599e-12,
        "stdev": 0.00266510969959,
        "var": 7.1028102866e-06
    },
    "spectral_rolloff": {
        "dmean": 469.147247314,
        "dmean2": 765.137817383,
        "dvar": 1030381.1875,
        "dvar2": 1986898.75,
        "max": 18260.15625,
        "mean": 1014.05792236,
        "median": 645.99609375,
        "min": 86.1328125,
        "stdev": 1439.0904541,
        "var": 2070981.375
    },
    "spectral_skewness": {
        "dmean": 0.340306252241,
        "dmean2": 0.483575582504,
        "dvar": 0.158924296498,
        "dvar2": 0.338055729866,
        "max": 5.09882068634,
        "mean": 1.6965341568,
        "median": 1.61090767384,
        "min": -0.0173029638827,
        "stdev": 0.605734467506,
        "var": 0.366914242506
    },
    "spectral_spread": {
        "dmean": 901074.5,
        "dmean2": 1236848.5,
        "dvar": 1.56015171994e+12,
        "dvar2": 2.17276022784e+12,
        "max": 40581204,
        "mean": 5069162.5,
        "median": 4841577,
        "min": 1837414,
        "stdev": 1802888.75,
        "var": 3.25040786637e+12
    },
    "spectral_strongpeak": {
        "dmean": 0.518740355968,
        "dmean2": 0.849165439606,
        "dvar": 0.661613345146,
        "dvar2": 1.52313637733,
        "max": 7.82871675491,
        "mean": 0.952415347099,
        "median": 0.443281263113,
        "min": 0,
        "stdev": 1.13844358921,
        "var": 1.2960537672
    },
    "zerocrossingrate": {
        "dmean": 0.0130225969478,
        "dmean2": 0.0148867154494,
        "dvar": 0.000367628323147,
        "dvar2": 0.000431836262578,
        "max": 0.48779296875,
        "mean": 0.0478863045573,
        "median": 0.04345703125,
        "min": 0.00390625,
        "stdev": 0.0374389067292,
        "var": 0.0014016716741
    },
    "barkbands": {
        "dmean": [0.000128025320009, 0.0117517216131, 0.00377906882204, 0.00236044335179, 0.00164248293731, 0.00208285753615, 0.000576891354285, 0.000504693540279, 0.00125875615049, 0.000553053512704, 0.000596405647229, 0.000517701671924, 0.000252599304076, 0.000389809487388, 0.000151064712554, 0.000139550524182, 0.000149274696014, 0.000151100903167, 0.000157907707035, 0.000119475756946, 8.62521992531e-05, 8.32007499412e-05, 8.5395797214e-05, 5.85588350077e-05, 5.84146509937e-05, 2.25307103392e-05, 8.23482537271e-07],
        "dmean2": [0.000209125690162, 0.0195596423, 0.00632420508191, 0.00418134126812, 0.00269016227685, 0.00311717949808, 0.000957775278948, 0.000781191396527, 0.00184781674761, 0.000864163564984, 0.000953471753746, 0.000836450315546, 0.000415350456024, 0.000626710709184, 0.000239298169618, 0.000223154507694, 0.000231930243899, 0.000226793665206, 0.00023885515111, 0.000186894496437, 0.000125830832985, 0.000118070398457, 0.00012876096298, 8.47632909426e-05, 8.52247758303e-05, 3.42704952345e-05, 1.39353460327e-06],
        "dvar": [7.71140591382e-08, 0.000962643825915, 9.3156209914e-05, 5.29237913725e-05, 1.02549629446e-05, 2.13327730307e-05, 2.77375033875e-06, 1.22495157484e-06, 6.22129800831e-06, 1.60321269504e-06, 3.34576202476e-06, 2.17686874748e-06, 4.72219824132e-07, 1.13826956749e-06, 1.31530143221e-07, 9.37751067909e-08, 1.15672271761e-07, 1.12959824605e-07, 1.07680286021e-07, 6.39137596181e-08, 2.00071443857e-08, 1.81424351098e-08, 1.87305175814e-08, 1.01292210175e-08, 1.41537732645e-08, 4.06725808588e-09, 3.80990074558e-12],
        "dvar2": [1.7590836876e-07, 0.00233418121934, 0.000241651956458, 0.000153117725858, 2.4572978873e-05, 4.45250589109e-05, 7.3558967415e-06, 2.77423828265e-06, 1.33129060487e-05, 3.57760563929e-06, 7.72273324401e-06, 5.57081739316e-06, 1.31949150273e-06, 2.70081659437e-06, 3.01585686202e-07, 2.3590314413e-07, 2.79967821371e-07, 2.31801124073e-07, 2.3947183081e-07, 1.46246321719e-07, 4.60175648698e-08, 3.71618575912e-08, 4.24451265246e-08, 1.99691498892e-08, 2.79773217926e-08, 1.02204040786e-08, 1.01774014563e-11],
        "max": [0.00447885831818, 0.221261441708, 0.0767282545567, 0.0709413662553, 0.0490867942572, 0.0817416757345, 0.0299682635814, 0.0145850917324, 0.0542070269585, 0.0211922302842, 0.0318251922727, 0.0300858672708, 0.0135070364922, 0.0168052446097, 0.00685740914196, 0.00322446110658, 0.00535663263872, 0.00493586435914, 0.00408788630739, 0.00361821218394, 0.00253092451021, 0.00239071459509, 0.00171064352617, 0.0013066707179, 0.00200958619826, 0.000938854878768, 2.83464032691e-05],
        "mean": [0.000160506577231, 0.0126379234716, 0.00387398549356, 0.00232298439369, 0.00239710067399, 0.00338646536693, 0.00059412245173, 0.000696575792972, 0.00207140156999, 0.000775609456468, 0.000867270806339, 0.000772749015596, 0.000343706051353, 0.00055426574545, 0.000199327376322, 0.000185314522241, 0.000207140299608, 0.000221142152441, 0.000245712813921, 0.000166573154274, 0.000135383656016, 0.000140381394885, 0.000116974020784, 8.31693105283e-05, 8.63337991177e-05, 3.21779552905e-05, 7.29814132683e-07],
        "median": [6.998860772e-05, 0.00284511782229, 0.00165896199178, 0.000589245813899, 0.00126965425443, 0.000985314953141, 0.0001392129343, 0.000185367171071, 0.000579275831115, 0.000189329759451, 0.000110766930447, 0.00013062544167, 7.65788281569e-05, 0.00010123001266, 5.73358920519e-05, 5.97978832957e-05, 4.87699908263e-05, 6.16738761892e-05, 7.46592122596e-05, 5.95823767071e-05, 5.70463016629e-05, 5.16027903359e-05, 3.92137444578e-05, 2.84649704554e-05, 2.12515442399e-05, 9.30990154302e-06, 1.67346712487e-07],
        "min": [3.74447848575e-23, 3.51545733438e-23, 4.06858861509e-23, 5.4592732404e-24, 5.03655786449e-23, 8.7112262622e-23, 3.53587841886e-23, 1.23811416152e-22, 5.89192384609e-23, 4.02829170678e-23, 9.39063997434e-23, 8.66292083798e-23, 7.41952648333e-23, 1.84753230865e-22, 1.39753802797e-22, 3.59931457389e-22, 9.49012795626e-23, 1.6280063289e-22, 2.59334778795e-22, 3.63166594894e-22, 4.67705053659e-22, 3.85369230222e-22, 6.23932178045e-22, 8.79070343042e-22, 1.20977163875e-21, 1.99269061644e-21, 2.21572302612e-21],
        "stdev": [0.000297692109598, 0.0284231975675, 0.00847301632166, 0.00630346219987, 0.00390216102824, 0.00745974201709, 0.00162971066311, 0.00150732242037, 0.00410248804837, 0.00164434954058, 0.00259423069656, 0.00224153953604, 0.000798138033133, 0.0014239550801, 0.000408710708143, 0.000344544707332, 0.000451295665698, 0.000470178230898, 0.000504405470565, 0.000300746120047, 0.000193368105101, 0.000234251187067, 0.000198170542717, 0.000155208777869, 0.000181185459951, 7.80773698352e-05, 1.8362445644e-06],
        "var": [8.86205953066e-08, 0.000807878212072, 7.17920120223e-05, 3.97336334572e-05, 1.52268603415e-05, 5.56477534701e-05, 2.65595690507e-06, 2.27202099268e-06, 1.68304068211e-05, 2.70388545687e-06, 6.7300329647e-06, 5.02449984197e-06, 6.37024299976e-07, 2.02764817914e-06, 1.67044447608e-07, 1.18711049879e-07, 2.03667767096e-07, 2.21067566031e-07, 2.54424890045e-07, 9.04482320152e-08, 3.7391224339e-08, 5.48736167616e-08, 3.92715655551e-08, 2.40897648496e-08, 3.28281686279e-08, 6.09607564428e-09, 3.37179416332e-12]
    },
    "erbbands": {
        "dmean": [0.172592684627, 3.13710284233, 5.4057559967, 6.19189548492, 5.9190826416, 5.29633665085, 11.9582023621, 17.3038806915, 11.0503435135, 4.91306829453, 17.0199279785, 24.5388202667, 21.7189216614, 20.8502483368, 17.4289608002, 16.9099941254, 11.8588676453, 16.0362186432, 10.8359193802, 8.23862171173, 7.19947481155, 7.9549331665, 8.85684108734, 7.5264954567, 7.80619621277, 4.97434234619, 3.41486001015, 3.52077507973, 3.11119914055, 2.95356869698, 2.23244428635, 1.36386954784, 0.931361138821, 0.702269375324, 0.39870262146, 0.14813169837, 0.0307280216366, 0.00371761946008, 9.93597423076e-05, 2.25431867875e-05],
        "dmean2": [0.276307702065, 5.23749923706, 8.70754909515, 10.9361429214, 10.2455472946, 8.78066921234, 18.4780502319, 25.8408660889, 17.7784557343, 8.08445549011, 25.4277973175, 36.5609169006, 33.0164985657, 32.4508247375, 27.613615036, 27.7098789215, 19.3406009674, 25.8121376038, 17.0285186768, 13.2342453003, 11.3580436707, 12.0677947998, 13.0069665909, 11.2982025146, 11.9068374634, 7.65573692322, 5.00986814499, 5.20223331451, 4.41790390015, 4.53708314896, 3.34831500053, 1.98690450191, 1.31980252266, 1.0492452383, 0.581127941608, 0.22186884284, 0.0471388921142, 0.005842206534, 0.00015305672423, 3.24360698869e-05],
        "dvar": [0.142803445458, 71.844581604, 183.738174438, 312.349029541, 276.137329102, 78.2208023071, 651.519714355, 2009.77246094, 1133.98852539, 83.0302047729, 1370.03039551, 2094.32080078, 2394.86425781, 4006.24291992, 2162.35083008, 2235.79248047, 993.68951416, 2229.25512695, 773.673583984, 310.440551758, 252.04876709, 255.857681274, 427.606048584, 179.510604858, 291.898498535, 92.4196472168, 32.8479423523, 38.737827301, 24.9700660706, 22.5529785156, 13.8645572662, 5.25891828537, 2.77187991142, 2.2269487381, 0.622273743153, 0.152248799801, 0.00767918489873, 0.000127152103232, 6.43382165322e-08, 1.41844980206e-09],
        "dvar2": [0.324258238077, 175.486831665, 433.091217041, 902.123657227, 756.850769043, 184.584655762, 1579.02575684, 4395.12548828, 2678.63330078, 197.018112183, 2828.73461914, 4592.70214844, 5265.05029297, 9106.95996094, 5361.76708984, 5455.35302734, 2760.45263672, 5412.11523438, 1726.3026123, 750.260986328, 618.794128418, 577.728271484, 863.261535645, 388.956878662, 647.575378418, 203.495758057, 72.6881103516, 92.4678039551, 53.2994155884, 49.3813056946, 30.9292736053, 10.774102211, 5.49225902557, 4.56050920486, 1.25951886177, 0.36463868618, 0.0187782738358, 0.000338939978974, 1.62513671853e-07, 2.68969957418e-09],
        "max": [2.89721131325, 59.6559677124, 95.4053421021, 186.563262939, 154.362854004, 133.044494629, 516.29675293, 884.74609375, 648.597717285, 97.0717086792, 842.571166992, 709.78515625, 1039.62072754, 1134.16687012, 771.74810791, 988.199401855, 683.475097656, 777.855163574, 474.848846436, 200.352722168, 197.304489136, 235.78364563, 326.504150391, 169.073638916, 214.713989258, 114.150466919, 85.6614456177, 112.932846069, 90.5001754761, 63.9858856201, 51.3106231689, 31.5586338043, 23.5642337799, 25.9996299744, 11.7908935547, 6.06225013733, 1.30175864697, 0.260116696358, 0.00515455985442, 0.000272491481155],
        "mean": [0.235138788819, 3.20416927338, 5.5747127533, 6.36596870422, 6.77359008789, 8.07895469666, 20.3920307159, 26.5662307739, 12.8856754303, 6.52252054214, 27.9510250092, 39.213054657, 32.8617477417, 33.4933929443, 28.1538791656, 26.321554184, 18.4432296753, 25.1666793823, 15.7758226395, 11.5502786636, 10.3052186966, 11.7570047379, 13.4809246063, 11.9333343506, 12.504278183, 7.12020397186, 5.15030241013, 5.79452466965, 5.22178411484, 4.18351840973, 3.12279963493, 1.98419106007, 1.27883327007, 1.01678335667, 0.569380164146, 0.208802238107, 0.0457720458508, 0.00485760392621, 0.000138196526677, 4.38685128756e-05],
        "median": [0.0713986605406, 0.57755613327, 2.2500770092, 2.48441839218, 2.61339068413, 4.34200572968, 7.37501049042, 6.71680784225, 2.81400895119, 2.82237386703, 7.79576158524, 11.6957111359, 8.59745407104, 7.84294891357, 5.376973629, 5.13981485367, 4.37434720993, 4.61773920059, 4.22175121307, 3.65372824669, 3.51069569588, 3.58799862862, 3.71276211739, 3.84751844406, 3.89661192894, 2.76763963699, 2.20207977295, 2.11134839058, 1.89962637424, 1.4117358923, 0.999947249889, 0.714164376259, 0.424200773239, 0.253947019577, 0.130238875747, 0.0512745641172, 0.0137597089633, 0.00191693182569, 6.14232267253e-05, 2.86631729978e-05],
        "min": [1.61257002492e-21, 6.63087042951e-21, 3.92197541555e-20, 3.35792418702e-20, 7.91960942281e-20, 1.48186214339e-19, 5.77580827269e-19, 6.41884452222e-19, 4.19904124193e-19, 2.18394934343e-18, 1.38316282345e-18, 1.08441444771e-18, 2.18485882851e-18, 1.20596605379e-18, 5.54698095714e-18, 2.5111671045e-18, 4.60122441737e-18, 9.87960866268e-18, 8.77587427439e-18, 9.68289105094e-18, 1.76105263487e-17, 6.41544532689e-18, 7.95539051607e-18, 1.70951845553e-17, 9.21113009527e-18, 1.62811164098e-17, 1.79182689695e-17, 1.85790688193e-17, 1.26454169081e-17, 1.86859389e-17, 1.49885292431e-17, 1.87053329767e-17, 1.40867435567e-17, 9.86197317202e-18, 1.01851385753e-17, 8.05338081298e-18, 3.55137629649e-18, 1.32111249018e-18, 3.22010684968e-19, 3.15182922935e-20],
        "stdev": [0.403376102448, 7.65306901932, 12.7244739532, 15.1095161438, 15.2360563278, 11.1814994812, 42.7646560669, 65.6422653198, 38.2165794373, 10.6455879211, 63.6668739319, 71.8319320679, 74.2554321289, 93.5815124512, 70.8711624146, 69.4067687988, 40.0704879761, 67.800567627, 35.8788604736, 20.775062561, 18.5970191956, 22.634262085, 29.9573822021, 20.8249282837, 24.2383861542, 11.7264986038, 7.54139947891, 8.55152606964, 8.53281879425, 7.18215370178, 5.55260467529, 3.60394740105, 2.49993538857, 2.20173597336, 1.17568743229, 0.501852750778, 0.111809231341, 0.0115909734741, 0.000280615291558, 4.68838115921e-05],
        "var": [0.162712290883, 58.5694656372, 161.912246704, 228.297485352, 232.137405396, 125.025932312, 1828.8157959, 4308.90673828, 1460.50708008, 113.328544617, 4053.47094727, 5159.82617188, 5513.86914062, 8757.49902344, 5022.72167969, 4817.29980469, 1605.6439209, 4596.91748047, 1287.29272461, 431.603240967, 345.849121094, 512.309814453, 897.444702148, 433.677642822, 587.499389648, 137.510772705, 56.8727035522, 73.1286010742, 72.8089904785, 51.5833320618, 30.8314208984, 12.9884366989, 6.24967718124, 4.84764146805, 1.38224101067, 0.251856178045, 0.0125013040379, 0.000134350673761, 7.87449394579e-08, 2.19809193069e-09]
    },
    "gfcc": {
        "mean": [-13.3868551254, 95.4018249512, -97.0300979614, 33.6287269592, -59.4756622314, 17.8762226105, -33.5784645081, 11.1405038834, -26.6909370422, 1.63461339474, -18.9863185883, 2.44830155373, -10.2961359024],
        "cov": [[6586.57177734, -1331.80664062, -954.972412109, 334.62286377, -373.788818359, 430.887634277, -107.698638916, 363.250701904, -207.901535034, 265.389801025, 38.2901268005, 206.974700928, -26.015630722], [-1331.80664062, 1186.61914062, 215.00050354, -147.131713867, 367.732177734, -138.533355713, 140.319992065, -132.918579102, 135.423660278, -107.28339386, 80.6998443604, -63.9246559143, 44.3565101624], [-954.972412109, 215.00050354, 798.141662598, 247.039901733, 128.054046631, 38.3233032227, 50.4831771851, -5.53441572189, 62.9119415283, -47.9238929749, -19.4151859283, -55.5604324341, -29.1761226654], [334.62286377, -147.131713867, 247.039901733, 426.188659668, 97.2021636963, 87.4452514648, -8.81499004364, 80.1639251709, 54.718006134, 30.8720092773, 9.88973140717, -11.7613887787, 18.0818557739], [-373.788818359, 367.732177734, 128.054046631, 97.2021636963, 328.459533691, 36.3846626282, 99.6902313232, 8.35133266449, 85.3830337524, 6.20169496536, 33.8978309631, -20.3635845184, 39.9889221191], [430.887634277, -138.533355713, 38.3233032227, 87.4452514648, 36.3846626282, 249.677459717, 109.718215942, 67.9460296631, -15.8527412415, 36.988948822, 0.31868481636, 5.35737371445, 19.6569023132], [-107.698638916, 140.319992065, 50.4831771851, -8.81499004364, 99.6902313232, 109.718215942, 208.860946655, 58.6870574951, 12.5767240524, -0.855382502079, 30.3063259125, -1.34444463253, 6.83701896667], [363.250701904, -132.918579102, -5.53441572189, 80.1639251709, 8.35133266449, 67.9460296631, 58.6870574951, 149.285354614, 33.0392417908, 36.7432785034, 8.06571769714, 8.43452453613, -6.32813644409], [-207.901535034, 135.423660278, 62.9119415283, 54.718006134, 85.3830337524, -15.8527412415, 12.5767240524, 33.0392417908, 150.542526245, 36.6192779541, 9.0106420517, -14.7548103333, 19.1405792236], [265.389801025, -107.28339386, -47.9238929749, 30.8720092773, 6.20169496536, 36.988948822, -0.855382502079, 36.7432785034, 36.6192779541, 94.2366027832, 24.8405761719, 16.4060230255, 6.22941827774], [38.2901268005, 80.6998443604, -19.4151859283, 9.88973140717, 33.8978309631, 0.31868481636, 30.3063259125, 8.06571769714, 9.0106420517, 24.8405761719, 99.1183700562, 50.9443511963, 14.4014053345], [206.974700928, -63.9246559143, -55.5604324341, -11.7613887787, -20.3635845184, 5.35737371445, -1.34444463253, 8.43452453613, -14.7548103333, 16.4060230255, 50.9443511963, 103.867042542, 38.8266296387], [-26.015630722, 44.3565101624, -29.1761226654, 18.0818557739, 39.9889221191, 19.6569023132, 6.83701896667, -6.32813644409, 19.1405792236, 6.22941827774, 14.4014053345, 38.8266296387, 86.5743408203]],
        "icov": [[0.00039536744589, -0.000340623111697, 0.000596179161221, -0.000684742408339, 0.000391451700125, -0.000696713861544, 0.000464960816316, -0.000660434714518, 0.000613989075646, -0.000745391706005, 0.000604214146733, -0.000967010564636, 0.000780703732744], [-0.000340623111697, 0.00418827356771, -0.00117787776981, 0.00266285473481, -0.00339307752438, 0.00189760886133, -0.00164694909472, 0.00253185979091, -0.00315364240669, 0.00471531040967, -0.00496458960697, 0.00407478353009, -0.0023934522178], [0.000596179161221, -0.00117787776981, 0.00295370165259, -0.00271063158289, 0.000959692930337, -0.00141484686173, 0.000186954028322, -0.000237677173573, 0.000399102485972, -0.000534664199222, 0.00208188756369, -0.002291793935, 0.00282175536267], [-0.000684742408339, 0.00266285473481, -0.00271063158289, 0.00665455544367, -0.00339325913228, 0.000339237070875, 0.00138431217056, -0.000600776867941, -0.00229884078726, 0.00333114550449, -0.0047239260748, 0.00445611262694, -0.00348045327701], [0.000391451700125, -0.00339307752438, 0.000959692930337, -0.00339325913228, 0.00801539141685, -0.00130381551571, -0.0012605356751, -0.000739855982829, 0.000608861388173, -0.003732140176, 0.00256778136827, -0.00162657385226, -3.63408616977e-05], [-0.000696713861544, 0.00189760886133, -0.00141484686173, 0.000339237070875, -0.00130381551571, 0.0092707881704, -0.00569712463766, 0.00102944951504, 0.000875113008078, -0.00124162866268, -0.000164240933373, 0.00286921369843, -0.00407041655853], [0.000464960816316, -0.00164694909472, 0.000186954028322, 0.00138431217056, -0.0012605356751, -0.00569712463766, 0.0114105110988, -0.00552672985941, 0.00154353200924, 0.000919329409953, -0.00178269133903, -0.000656880147289, 0.0015118457377], [-0.000660434714518, 0.00253185979091, -0.000237677173573, -0.000600776867941, -0.000739855982829, 0.00102944951504, -0.00552672985941, 0.0135221602395, -0.00517203425989, 0.0013114484027, -0.00127227196936, 0.000590318872128, 0.00107858562842], [0.000613989075646, -0.00315364240669, 0.000399102485972, -0.00229884078726, 0.000608861388173, 0.000875113008078, 0.00154353200924, -0.00517203425989, 0.0137541200966, -0.00887793302536, 0.00394773995504, -0.000805165909696, -0.00126262987033], [-0.000745391706005, 0.00471531040967, -0.000534664199222, 0.00333114550449, -0.003732140176, -0.00124162866268, 0.000919329409953, 0.0013114484027, -0.00887793302536, 0.0223481804132, -0.00989887211472, 0.00431065075099, -0.00141857995186], [0.000604214146733, -0.00496458960697, 0.00208188756369, -0.0047239260748, 0.00256778136827, -0.000164240933373, -0.00178269133903, -0.00127227196936, 0.00394773995504, -0.00989887211472, 0.0233147088438, -0.0145707400516, 0.00580822024494], [-0.000967010564636, 0.00407478353009, -0.002291793935, 0.00445611262694, -0.00162657385226, 0.00286921369843, -0.000656880147289, 0.000590318872128, -0.000805165909696, 0.00431065075099, -0.0145707400516, 0.023746272549, -0.0122444974259], [0.000780703732744, -0.0023934522178, 0.00282175536267, -0.00348045327701, -3.63408616977e-05, -0.00407041655853, 0.0015118457377, 0.00107858562842, -0.00126262987033, -0.00141857995186, 0.00580822024494, -0.0122444974259, 0.020496385172]]
    },
    "melbands": {
        "dmean": [0.00250938534737, 0.00322400406003, 0.00104220304638, 0.00036171550164, 0.000370213820133, 0.000385155261029, 0.000153210377903, 5.75340163778e-05, 0.000165351855685, 0.000155851099407, 0.000111253364594, 8.38196428958e-05, 7.07083599991e-05, 5.57295425097e-05, 3.87266227335e-05, 2.5512999855e-05, 3.21277038893e-05, 2.07780813071e-05, 1.29854424813e-05, 9.054990187e-06, 8.82642689248e-06, 7.6154551607e-06, 1.11202334665e-05, 6.60405385133e-06, 6.46352873446e-06, 6.15804765403e-06, 5.58681722396e-06, 3.09072129312e-06, 2.23935262511e-06, 1.94112544705e-06, 2.25807002607e-06, 1.95769962374e-06, 1.49929189774e-06, 1.84727116448e-06, 1.44221928622e-06, 9.40514155445e-07, 8.32607781831e-07, 6.83680866587e-07, 6.17703165062e-07, 6.14702116764e-07],
        "dmean2": [0.00411704508588, 0.00515418779105, 0.00182750017848, 0.000609238748439, 0.000572311109863, 0.000574876612518, 0.000247424497502, 9.34219206101e-05, 0.000245781731792, 0.000232361708186, 0.000169179329532, 0.000131343156681, 0.00011311374692, 8.93311225809e-05, 6.28948037047e-05, 4.25337057095e-05, 5.19533241459e-05, 3.30665243382e-05, 2.04575826501e-05, 1.44086670844e-05, 1.40722222568e-05, 1.16548053484e-05, 1.68997521541e-05, 1.00032848422e-05, 9.86696159089e-06, 9.54700408329e-06, 8.77608908922e-06, 4.76792092741e-06, 3.40510246133e-06, 2.86696081275e-06, 3.4024640172e-06, 2.86213230538e-06, 2.21539835366e-06, 2.90834691441e-06, 2.20226570491e-06, 1.3938633856e-06, 1.23343750147e-06, 9.84297457762e-07, 9.22994843222e-07, 9.19928197618e-07],
        "dvar": [3.95499555452e-05, 6.69588553137e-05, 8.73891076481e-06, 5.73935551529e-07, 5.75301044137e-07, 8.90458352387e-07, 2.07576107414e-07, 1.26763906039e-08, 1.32996134994e-07, 9.41949807043e-08, 6.39551487325e-08, 5.92530788879e-08, 3.84203246995e-08, 3.07540588551e-08, 1.1494910801e-08, 6.12637185426e-09, 9.6202503741e-09, 3.59953333806e-09, 1.0660832217e-09, 4.64434740666e-10, 4.35501246177e-10, 2.41417358327e-10, 8.45725711685e-10, 2.00143276952e-10, 1.40869510501e-10, 2.37287245408e-10, 1.7405782371e-10, 3.75001626973e-11, 1.62289712918e-11, 1.01116510998e-11, 1.73048207708e-11, 1.05525189281e-11, 6.47137248302e-12, 9.0584120066e-12, 6.26215268876e-12, 2.76568611762e-12, 2.02116058265e-12, 1.47132696651e-12, 1.72610070768e-12, 1.84721747447e-12],
        "dvar2": [9.43146806094e-05, 0.000152888780576, 2.48837422987e-05, 1.49945140038e-06, 1.34073764002e-06, 1.87868988633e-06, 4.80760093069e-07, 2.83562808789e-08, 2.66261480419e-07, 2.08373919008e-07, 1.40736844401e-07, 1.33542513936e-07, 9.06307064952e-08, 7.66007275388e-08, 2.96660829235e-08, 1.73201062381e-08, 2.27301910627e-08, 8.11044476023e-09, 2.57137378057e-09, 1.15204601414e-09, 1.09229092438e-09, 5.29300658858e-10, 1.94473859239e-09, 4.3147174722e-10, 3.13645998062e-10, 5.39369215957e-10, 4.18402090752e-10, 8.1299883492e-11, 3.78258049882e-11, 2.20475356721e-11, 4.34766320168e-11, 2.37789354179e-11, 1.32088411389e-11, 2.13224785051e-11, 1.47065727651e-11, 6.00325041414e-12, 4.30625240327e-12, 3.06336011245e-12, 3.57509291268e-12, 3.99337550874e-12],
        "max": [0.0457617715001, 0.0531093142927, 0.0304568856955, 0.00724188284948, 0.0137062398717, 0.0184989478439, 0.00864215474576, 0.00111946987454, 0.00898404605687, 0.00660725589842, 0.00535089196637, 0.00417334353551, 0.00265341508202, 0.00447240751237, 0.00226882984862, 0.00159559643362, 0.00178856751882, 0.0010119555518, 0.000438047165517, 0.000316938501783, 0.000282316701487, 0.000234307983192, 0.00050718098646, 0.000205898744753, 0.000155724483193, 0.000225937430514, 0.000206182783586, 9.82965866569e-05, 5.59496802452e-05, 4.65400335088e-05, 7.63690986787e-05, 5.60786502319e-05, 4.24998797826e-05, 3.07615773636e-05, 3.2078478398e-05, 2.85634432657e-05, 1.79943635885e-05, 1.58632174134e-05, 2.05830983759e-05, 2.48757478403e-05],
        "mean": [0.0029201710131, 0.00345806404948, 0.00111416971777, 0.000499518122524, 0.000651978480164, 0.000609316688497, 0.000174446715391, 7.38862290746e-05, 0.000280399923213, 0.000244906113949, 0.000161420059158, 0.000132764864247, 0.000108152999019, 8.23529117042e-05, 5.80000851187e-05, 3.51902635884e-05, 4.87433644594e-05, 2.87608581857e-05, 1.66818008438e-05, 1.22359824672e-05, 1.16899918794e-05, 1.07208270492e-05, 1.51044960148e-05, 9.71073313849e-06, 9.67041250988e-06, 9.37901313591e-06, 8.07471042208e-06, 3.99789269068e-06, 3.20220169669e-06, 2.83030931314e-06, 3.63058461517e-06, 3.1638217024e-06, 2.293402531e-06, 2.36898267758e-06, 1.89934814898e-06, 1.38639290981e-06, 1.14402666895e-06, 8.92772447969e-07, 8.34542163375e-07, 8.73965404935e-07],
        "median": [0.000727265432943, 0.00114452082198, 0.000447155936854, 0.000262201589067, 0.000267084891675, 0.000156417663675, 3.7763180444e-05, 2.54900478467e-05, 7.10629610694e-05, 6.87554856995e-05, 3.4197637433e-05, 2.82177243207e-05, 1.76044522959e-05, 1.26560098579e-05, 9.95206573862e-06, 7.07385925125e-06, 7.67314304539e-06, 6.14384089204e-06, 4.63804599349e-06, 3.60040939995e-06, 3.40054771186e-06, 3.07170284941e-06, 3.27785005538e-06, 2.80954918708e-06, 2.90125990432e-06, 2.4696116725e-06, 2.42777286985e-06, 1.25852920974e-06, 1.31788124236e-06, 1.07038522401e-06, 1.24086909636e-06, 1.10290784505e-06, 7.45376382838e-07, 7.35205787805e-07, 5.60871512789e-07, 4.63480660073e-07, 3.85693425642e-07, 2.81765579757e-07, 2.21541981205e-07, 1.983959379e-07],
        "min": [1.35405292254e-23, 1.54542568721e-23, 6.96830104321e-24, 9.32298379212e-24, 1.64926770801e-23, 1.45432282339e-23, 6.64424881626e-24, 2.78814177926e-23, 8.57243155018e-24, 8.18474270286e-24, 1.07617856194e-23, 3.98432225654e-24, 1.51805316043e-23, 1.11289506726e-23, 7.38287900334e-24, 1.10612309082e-23, 1.81784128812e-23, 1.32224415758e-23, 9.59336586739e-24, 1.789385182e-23, 2.02618828843e-23, 4.87532132189e-24, 7.71250295487e-24, 7.79793974635e-24, 1.52679563253e-23, 7.08975880135e-24, 7.78180280767e-24, 1.15544377902e-23, 1.05904544971e-23, 1.25283607306e-23, 1.08723594637e-23, 5.81339329518e-24, 9.12528499408e-24, 1.20205102236e-23, 8.5321554678e-24, 8.05941321541e-24, 1.37573239794e-23, 9.98699089301e-24, 9.13537925822e-24, 7.58106689514e-24],
        "stdev": [0.00596857164055, 0.00781130045652, 0.00257552694529, 0.000754365755711, 0.00128774438053, 0.00143465551082, 0.000521782494616, 0.000142980599776, 0.000661255326122, 0.000469692953629, 0.000378314609407, 0.000358874560334, 0.000285117479507, 0.000283608183963, 0.000144050951349, 8.71384254424e-05, 0.000135963564389, 7.65860750107e-05, 3.58923934982e-05, 2.4478917112e-05, 2.32464408327e-05, 2.14234423765e-05, 3.78028962587e-05, 1.89449765458e-05, 1.79645339813e-05, 2.01569728233e-05, 1.63773056556e-05, 7.49891978558e-06, 4.92827257403e-06, 4.37700191469e-06, 5.50319282411e-06, 5.20497360412e-06, 4.31235912401e-06, 4.03271178584e-06, 3.49227275365e-06, 2.53124107985e-06, 2.12042732528e-06, 1.7470055127e-06, 1.83350095995e-06, 1.93785967895e-06],
        "var": [3.56238488166e-05, 6.10164170212e-05, 6.63333912598e-06, 5.69067651668e-07, 1.65828544141e-06, 2.05823653232e-06, 2.7225698318e-07, 2.04434531526e-08, 4.37258592001e-07, 2.20611468649e-07, 1.43121937413e-07, 1.28790958343e-07, 8.12919793702e-08, 8.04336082183e-08, 2.07506776206e-08, 7.59310569975e-09, 1.84860908803e-08, 5.865427255e-09, 1.28826393997e-09, 5.99217397923e-10, 5.40397004922e-10, 4.58963866912e-10, 1.42905898226e-09, 3.58912122245e-10, 3.22724486024e-10, 4.06303518607e-10, 2.6821614374e-10, 5.62337988674e-11, 2.42878720608e-11, 1.91581472908e-11, 3.02851320411e-11, 2.70917524525e-11, 1.85964420946e-11, 1.62627654399e-11, 1.2195969061e-11, 6.4071812092e-12, 4.49621243015e-12, 3.05202824818e-12, 3.36172582827e-12, 3.75530032418e-12]
    },
    "melbands128": {
