{
"lowlevel": {
    "average_loudness": 0.982497751713,
    "barkbands_crest": {
        "dmean": 2.56597995758,
        "dmean2": 3.88590455055,
        "dvar": 6.66807365417,
        "dvar2": 14.9579496384,
        "max": 25.1458950043,
        "mean": 12.8510370255,
        "median": 11.9760074615,
        "min": 4.05571746826,
        "stdev": 4.35338306427,
        "var": 18.9519443512
    },
    "barkbands_flatness_db": {
        "dmean": 0.0336677618325,
        "dmean2": 0.0466129146516,
        "dvar": 0.0012924100738,
        "dvar2": 0.00245157373138,
        "max": 0.433638393879,
        "mean": 0.150815278292,
        "median": 0.141070991755,
        "min": 0.0351094268262,
        "stdev": 0.0611347965896,
        "var": 0.003737463383
    },
    "barkbands_kurtosis": {
        "dmean": 8.00805568695,
        "dmean2": 12.3663787842,
        "dvar": 372.72164917,
        "dvar2": 873.777526855,
        "max": 272.408538818,
        "mean": 9.65947914124,
        "median": 2.94497680664,
        "min": -1.92732441425,
        "stdev": 20.8063220978,
        "var": 432.903045654
    },
    "barkbands_skewness": {
        "dmean": 0.848259210587,
        "dmean2": 1.23703527451,
        "dvar": 1.24987864494,
        "dvar2": 2.62683677673,
        "max": 14.4073972702,
        "mean": 2.31568431854,
        "median": 1.83363747597,
        "min": -1.64640951157,
        "stdev": 1.72949147224,
        "var": 2.99114060402
    },
    "barkbands_spread": {
        "dmean": 12.3337488174,
        "dmean2": 18.7961559296,
        "dvar": 222.10635376,
        "dvar2": 490.344451904,
        "max": 109.482574463,
        "mean": 29.6238250732,
        "median": 26.4174442291,
        "min": 0.583110392094,
        "stdev": 20.7866821289,
        "var": 432.086181641
    },
    "dissonance": {
        "dmean": 0.0212374720722,
        "dmean2": 0.034599583596,
        "dvar": 0.000415017828345,
        "dvar2": 0.00105831364635,
        "max": 0.499704390764,
        "mean": 0.455136239529,
        "median": 0.460799068213,
        "min": 0.297131508589,
        "stdev": 0.0290922112763,
        "var": 0.000846356793772
    },
    "dynamic_complexity": 1.30791056156,
    "erbbands_crest": {
        "dmean": 2.5502550602,
        "dmean2": 3.97173905373,
        "dvar": 5.40199375153,
        "dvar2": 12.2730102539,
        "max": 25.6219730377,
        "mean": 9.1415681839,
        "median": 8.44132328033,
        "min": 2.64983439445,
        "stdev": 3.68034791946,
        "var": 13.544960022
    },
    "erbbands_flatness_db": {
        "dmean": 0.0222780220211,
        "dmean2": 0.0330947116017,
        "dvar": 0.000423350255005,
        "dvar2": 0.000851827091537,
        "max": 0.22827142477,
        "mean": 0.125460848212,
        "median": 0.124912597239,
        "min": 0.0575163699687,
        "stdev": 0.0319904536009,
        "var": 0.00102338916622
    },
    "erbbands_kurtosis": {
        "dmean": 1.26725172997,
        "dmean2": 2.00472092628,
        "dvar": 4.34675550461,
        "dvar2": 10.1203451157,
        "max": 19.8185348511,
        "mean": 0.486863702536,
        "median": -0.390044927597,
        "min": -1.78870666027,
        "stdev": 2.56434869766,
        "var": 6.57588434219
    },
    "erbbands_skewness": {
        "dmean": 0.485426306725,
        "dmean2": 0.720000386238,
        "dvar": 0.278333485126,
        "dvar2": 0.584887206554,
        "max": 3.68797850609,
        "mean": 0.326177477837,
        "median": 0.325588464737,
        "min": -3.58797836304,
        "stdev": 0.847913086414,
        "var": 0.718956649303
    },
    "erbbands_spread": {
        "dmean": 16.1947555542,
        "dmean2": 24.8405246735,
        "dvar": 318.007415771,
        "dvar2": 751.680725098,
        "max": 157.637588501,
        "mean": 52.7074813843,
        "median": 50.9666366577,
        "min": 8.83209705353,
        "stdev": 25.0277023315,
        "var": 626.385925293
    },
    "hfc": {
        "dmean": 23.4057617188,
        "dmean2": 37.1323432922,
        "dvar": 837.08215332,
        "dvar2": 2007.19848633,
        "max": 224.927536011,
        "mean": 42.8689994812,
        "median": 34.6349411011,
        "min": 1.12698130679e-16,
        "stdev": 33.2303733826,
        "var": 1104.2578125
    },
    "loudness_ebu128": {
        "integrated": -6.90146255493,
        "loudness_range": 1.61453199387,
        "momentary": {
            "dmean": 0.278277248144,
            "dmean2": 0.377010136843,
            "dvar": 0.063905261457,
            "dvar2": 0.0815669670701,
            "max": -5.70687484741,
            "mean": -6.98183727264,
            "median": -6.65627574921,
            "min": -10.4005098343,
            "stdev": 0.869887113571,
            "var": 0.756703615189
        },
        "short_term": {
            "dmean": 0.0528063178062,
            "dmean2": 0.0788694098592,
            "dvar": 0.00196627341211,
            "dvar2": 0.00303446268663,
            "max": -6.27698421478,
            "mean": -6.9167547226,
            "median": -6.65543651581,
            "min": -8.62940216064,
            "stdev": 0.602109014988,
            "var": 0.362535238266
        }
    },
    "melbands_crest": {
        "dmean": 3.20571112633,
        "dmean2": 4.69690799713,
        "dvar": 10.6240921021,
        "dvar2": 21.0673675537,
        "max": 36.7696876526,
        "mean": 22.2184143066,
        "median": 21.9461288452,
        "min": 2.28583931923,
        "stdev": 6.46586513519,
        "var": 41.8074111938
    },
    "melbands_flatness_db": {
        "dmean": 0.0393440388143,
        "dmean2": 0.0540315136313,
        "dvar": 0.00187819509301,
        "dvar2": 0.00363333174028,
        "max": 0.575825989246,
        "mean": 0.234794735909,
        "median": 0.220552444458,
        "min": 0.00902330875397,
        "stdev": 0.0745719969273,
        "var": 0.00556098297238
    },
    "melbands_kurtosis": {
        "dmean": 20.1091766357,
        "dmean2": 31.527223587,
        "dvar": 2209.08300781,
        "dvar2": 5215.45800781,
        "max": 748.276916504,
        "mean": 31.2126922607,
        "median": 14.2262973785,
        "min": -1.14060902596,
        "stdev": 53.3805923462,
        "var": 2849.48754883
    },
    "melbands_skewness": {
        "dmean": 1.17838978767,
        "dmean2": 1.76433551311,
        "dvar": 2.46592497826,
        "dvar2": 5.47165489197,
        "max": 20.1725540161,
        "mean": 3.95965743065,
        "median": 3.19084596634,
        "min": 0.162334814668,
        "stdev": 2.47843003273,
        "var": 6.14261484146
    },
    "melbands_spread": {
        "dmean": 8.07643699646,
        "dmean2": 12.0198926926,
        "dvar": 120.044761658,
        "dvar2": 272.628112793,
        "max": 146.508209229,
        "mean": 21.2207946777,
        "median": 18.5946578979,
        "min": 0.503593981266,
        "stdev": 16.0551986694,
        "var": 257.769378662
    },
    "pitch_salience": {
        "dmean": 0.0752687752247,
        "dmean2": 0.114398755133,
        "dvar": 0.00578133249655,
        "dvar2": 0.0126039665192,
        "max": 0.780168890953,
        "mean": 0.414333492517,
        "median": 0.42444229126,
        "min": 0.102285683155,
        "stdev": 0.11745211482,
        "var": 0.0137949986383
    },
    "silence_rate_20dB": {
        "dmean": 0,
        "dmean2": 0,
        "dvar": 0,
        "dvar2": 0,
        "max": 1,
        "mean": 1,
        "median": 1,
        "min": 1,
        "stdev": 0,
        "var": 0
    },
    "silence_rate_30dB": {
        "dmean": 0.0634674951434,
        "dmean2": 0.127033308148,
        "dvar": 0.0594395399094,
        "dvar2": 0.117094449699,
        "max": 1,
        "mean": 0.886310875416,
        "median": 1,
        "min": 0,
        "stdev": 0.317431986332,
        "var": 0.100763075054
    },
    "silence_rate_60dB": {
        "dmean": 0.000773993786424,
        "dmean2": 0.000774593325332,
        "dvar": 0.000773391744588,
        "dvar2": 0.000773989362642,
        "max": 1,
        "mean": 0.00077339517884,
        "median": 0,
        "min": 0,
        "stdev": 0.0277991909534,
        "var": 0.000772794999648
    },
    "spectral_centroid": {
        "dmean": 403.226409912,
        "dmean2": 589.458435059,
        "dvar": 272777.125,
        "dvar2": 459619.6875,
        "max": 10939.3662109,
        "mean": 1494.87890625,
        "median": 1391.52246094,
        "min": 225.36164856,
        "stdev": 819.56072998,
        "var": 671679.75
    },
    "spectral_complexity": {
        "dmean": 5.09984540939,
        "dmean2": 7.33384990692,
        "dvar": 34.5310935974,
        "dvar2": 63.3222122192,
        "max": 57,
        "mean": 20.7447795868,
        "median": 20,
        "min": 0,
        "stdev": 9.13123893738,
        "var": 83.3795166016
    },
    "spectral_decrease": {
        "dmean": 3.81399933858e-09,
        "dmean2": 5.78726311318e-09,
        "dvar": 3.43173446434e-17,
        "dvar2": 8.21173891642e-17,
        "max": 1.32561577516e-29,
        "mean": -1.62993298858e-08,
        "median": -1.39335929461e-08,
        "min": -5.55783898903e-08,
        "stdev": 8.13294054325e-09,
        "var": 6.61447168243e-17
    },
    "spectral_energy": {
        "dmean": 0.0148394471034,
        "dmean2": 0.022701209411,
        "dvar": 0.000511579564773,
        "dvar2": 0.00122923427261,
        "max": 0.214990496635,
        "mean": 0.0654058083892,
        "median": 0.05688329041,
        "min": 1.01720241695e-20,
        "stdev": 0.0307609923184,
        "var": 0.000946238695178
    },
    "spectral_energyband_high": {
        "dmean": 0.00238665821962,
        "dmean2": 0.00379033782519,
        "dvar": 1.1140056813e-05,
        "dvar2": 2.5807914426e-05,
        "max": 0.0302000138909,
        "mean": 0.00316370953806,
        "median": 0.00178266665898,
        "min": 7.23908082428e-21,
        "stdev": 0.00392819428816,
        "var": 1.5430710846e-05
    },
    "spectral_energyband_low": {
        "dmean": 0.012413286604,
        "dmean2": 0.0179192591459,
        "dvar": 0.000404602935305,
        "dvar2": 0.000911062117666,
        "max": 0.178943574429,
        "mean": 0.0422849282622,
        "median": 0.031810566783,
        "min": 4.67836231761e-23,
        "stdev": 0.0300607141107,
        "var": 0.000903646519873
    },
    "spectral_energyband_middle_high": {
        "dmean": 0.00224725296721,
        "dmean2": 0.00325408601202,
        "dvar": 8.84164546733e-06,
        "dvar2": 1.93406976905e-05,
        "max": 0.0248917173594,
        "mean": 0.00593170057982,
        "median": 0.00454481225461,
        "min": 1.57159459526e-21,
        "stdev": 0.00522723933682,
        "var": 2.73240311799e-05
    },
    "spectral_energyband_middle_low": {
        "dmean": 0.00846869219095,
        "dmean2": 0.0141962449998,
        "dvar": 0.000294641242363,
        "dvar2": 0.000809777877294,
        "max": 0.113972879946,
        "mean": 0.0157492998987,
        "median": 0.0129006300122,
        "min": 3.84546896371e-22,
        "stdev": 0.0153077719733,
        "var": 0.00023432787566
    },
    "spectral_entropy": {
        "dmean": 0.280987590551,
        "dmean2": 0.414118766785,
        "dvar": 0.0869167372584,
        "dvar2": 0.187055140734,
        "max": 9.80264759064,
        "mean": 7.80001306534,
        "median": 7.79934835434,
        "min": 5.98019647598,
        "stdev": 0.421259313822,
        "var": 0.177459403872
    },
    "spectral_flux": {
        "dmean": 0.0395871773362,
        "dmean2": 0.0621040165424,
        "dvar": 0.00269483798184,
        "dvar2": 0.0053219338879,
        "max": 0.453918516636,
        "mean": 0.117005176842,
        "median": 0.0999109596014,
        "min": 1.00856455132e-10,
        "stdev": 0.0689607188106,
        "var": 0.00475558033213
    },
    "spectral_kurtosis": {
        "dmean": 1.39707565308,
        "dmean2": 2.2021651268,
        "dvar": 3.45901083946,
        "dvar2": 8.33479404449,
        "max": 18.6780872345,
        "mean": 2.57383465767,
        "median": 2.24730014801,
        "min": -1.36128234863,
        "stdev": 2.23468470573,
        "var": 4.99381542206
    },
    "spectral_rms": {
        "dmean": 0.000845989736263,
        "dmean2": 0.00127712124959,
        "dvar": 1.26532427203e-06,
        "dvar2": 2.91435480904e-06,
        "max": 0.0144826387987,
        "mean": 0.00781168416142,
        "median": 0.00744955660775,
        "min": 3.15022639051e-12,
        "stdev": 0.00166976579931,
        "var": 2.78811785392e-06
    },
    "spectral_rolloff": {
        "dmean": 895.64666748,
        "dmean2": 1549.62341309,
        "dvar": 2866330.25,
        "dvar2": 6748943,
        "max": 18820.0195312,
        "mean": 1345.05163574,
        "median": 559.86328125,
        "min": 43.06640625,
        "stdev": 1808.87463379,
        "var": 3272027.25
    },
    "spectral_skewness": {
        "dmean": 0.303195923567,
        "dmean2": 0.456741899252,
        "dvar": 0.123493634164,
        "dvar2": 0.284496992826,
        "max": 3.66381883621,
        "mean": 1.33373641968,
        "median": 1.3028318882,
        "min": -0.05058850348,
        "stdev": 0.502864480019,
        "var": 0.252872675657
    },
    "spectral_spread": {
        "dmean": 1457133.125,
        "dmean2": 2090427.375,
        "dvar": 3.27183315763e+12,
        "dvar2": 5.99207916339e+12,
        "max": 40951008,
        "mean": 6819450.5,
        "median": 6244593.5,
        "min": 2727802.75,
        "stdev": 2518302.5,
        "var": 6.34184741683e+12
    },
    "spectral_strongpeak": {
        "dmean": 0.212838947773,
        "dmean2": 0.385629087687,
        "dvar": 0.201151862741,
        "dvar2": 0.551459670067,
        "max": 3.67665147781,
        "mean": 0.43503844738,
        "median": 0.298798680305,
        "min": 0,
        "stdev": 0.4103269279,
        "var": 0.168368175626
    },
    "zerocrossingrate": {
        "dmean": 0.0194904338568,
        "dmean2": 0.0237616337836,
        "dvar": 0.000492653634865,
        "dvar2": 0.000648553541396,
        "max": 0.5185546875,
        "mean": 0.0590136796236,
        "median": 0.05078125,
        "min": 0.00146484375,
        "stdev": 0.0378486178815,
        "var": 0.00143251777627
    },
    "barkbands": {
        "dmean": [0.00163582293317, 0.01124553103, 0.00369244394824, 0.0038522798568, 0.00189092359506, 0.00136559363455, 0.00248714652844, 0.00142474903259, 0.000455493573099, 0.000428352272138, 0.000296074693324, 0.000290435331408, 0.000620188890025, 0.00056578987278, 0.0004331653181, 0.000292183278361, 0.000233350656345, 0.000152466847794, 0.000143814482726, 0.00027864461299, 0.000258691550698, 0.000360411097063, 0.000572301622014, 0.00040704201092, 0.000423603021773, 0.000408804684412, 1.37334081955e-05],
        "dmean2": [0.00239865854383, 0.0164353586733, 0.00653661368415, 0.00714938761666, 0.00321213644929, 0.00217048637569, 0.00403173454106, 0.00215456495062, 0.000674571667332, 0.000646740605589, 0.000473932101158, 0.000453378888778, 0.000935642514378, 0.000887357571628, 0.000644723826554, 0.000432087399531, 0.000335522316163, 0.000242168447585, 0.00021884367743, 0.000436656555394, 0.000394119590055, 0.000575988844503, 0.000935691641644, 0.000643882784061, 0.000692053989042, 0.00066819525091, 2.2792877644e-05],
        "dvar": [5.21645688423e-06, 0.000365178828361, 0.000159420378623, 0.000198413341423, 1.64408684213e-05, 4.04808861276e-06, 1.09079337562e-05, 4.63802871309e-06, 5.50497532004e-07, 5.58073111279e-07, 4.19121334971e-07, 5.35763888365e-07, 1.63983906987e-06, 1.05958054064e-06, 6.09006235663e-07, 2.03108598384e-07, 1.05456962274e-07, 8.86112871967e-08, 5.7614322202e-08, 2.95222832847e-07, 3.25645515886e-07, 2.64791111704e-07, 8.23367543035e-07, 4.59724390112e-07, 3.99110660965e-07, 3.40886799677e-07, 5.70559488544e-10],
        "dvar2": [1.11097597255e-05, 0.000902074330952, 0.000434657151345, 0.000554202008061, 4.64338409074e-05, 1.04737009679e-05, 2.59459375229e-05, 1.01238483694e-05, 1.07957350792e-06, 1.1240248341e-06, 1.01622140392e-06, 1.1061844134e-06, 3.53332939085e-06, 2.44551529249e-06, 1.34150945996e-06, 4.57410237686e-07, 2.14497546835e-07, 2.16709238998e-07, 1.37686484436e-07, 6.18508295247e-07, 7.53319397973e-07, 6.15230362655e-07, 1.99205896934e-06, 1.02175317807e-06, 9.77529225565e-07, 8.24226276563e-07, 1.37812339318e-09],
        "max": [0.0236767772585, 0.167532712221, 0.0849568769336, 0.090403214097, 0.0367888472974, 0.0201047696173, 0.0297619048506, 0.0227332022041, 0.0106109036133, 0.0104159619659, 0.0130467135459, 0.0164803229272, 0.0159718263894, 0.0120706111193, 0.00859219022095, 0.00729811843485, 0.0034187277779, 0.00231091561727, 0.00238329032436, 0.0101494593546, 0.00865195598453, 0.00624666595832, 0.00903011951596, 0.00864188373089, 0.00863598007709, 0.00349959684536, 0.000315467652399],
        "mean": [0.00566192995757, 0.031307451427, 0.00365878292359, 0.00277942186221, 0.00291946018115, 0.00254415650852, 0.0041409987025, 0.00248982338235, 0.000757004017942, 0.000731709878892, 0.000426888931543, 0.000444656412583, 0.00100000342354, 0.000881544605363, 0.000774313113652, 0.000551409553736, 0.000545317248907, 0.00020901861717, 0.000215247404412, 0.000494168023579, 0.000442264485173, 0.000535180035513, 0.000605303386692, 0.000495883403346, 0.000432012573583, 0.000351024704287, 1.08453914436e-05],
        "median": [0.00398393999785, 0.0237412713468, 0.00154465646483, 0.000461813615402, 0.00167254870757, 0.00154889165424, 0.00265662558377, 0.00111170799937, 0.000356861681212, 0.000258308195043, 0.000162695039762, 0.000101934288978, 0.000125455437228, 0.00014492822811, 0.000179862647201, 0.000253357022302, 0.000259414111497, 6.913820107e-05, 9.30665846681e-05, 0.000240175882936, 0.000210069076275, 0.000315767043503, 0.000161802265211, 0.00022206470021, 0.000150899111759, 8.00337220426e-05, 1.36136168294e-06],
        "min": [4.83447449865e-24, 5.09389259062e-24, 1.01474877996e-23, 6.7098160948e-23, 3.67435253781e-23, 4.21274758126e-23, 1.40593141334e-23, 1.50014952043e-22, 6.58240937881e-23, 6.77850316046e-23, 8.99195030393e-23, 8.54875751887e-23, 1.06683024467e-22, 2.11988180301e-22, 1.39380778874e-22, 1.0866562756e-22, 1.68472517555e-22, 2.93443407776e-22, 2.18200491484e-22, 2.75828736986e-22, 4.71730440464e-22, 4.30085047017e-22, 5.31804381963e-22, 6.40008683666e-22, 1.23209269157e-21, 1.59501131908e-21, 2.36679617511e-21],
        "stdev": [0.00410682987422, 0.0240580681711, 0.0102460682392, 0.0109797110781, 0.0038519022055, 0.00283477175981, 0.00459766294807, 0.00349697330967, 0.00107800483238, 0.00134109193459, 0.000799964996986, 0.00108409742825, 0.00216439412907, 0.00159128860105, 0.00134545040783, 0.000756074092351, 0.000667221203912, 0.000341660605045, 0.000299887324218, 0.000720270036254, 0.000698764284607, 0.000636353739537, 0.00101579003967, 0.000820001354441, 0.000694432063028, 0.000574694073293, 2.29498036788e-05],
        "var": [1.68660517375e-05, 0.000578790612053, 0.000104981918412, 0.000120554046589, 1.48371500472e-05, 8.03593047749e-06, 2.11385049624e-05, 1.2228822925e-05, 1.16209434964e-06, 1.79852759175e-06, 6.39944005343e-07, 1.17526735721e-06, 4.68460211778e-06, 2.53219923252e-06, 1.81023688128e-06, 5.71648058667e-07, 4.45184156206e-07, 1.16731960986e-07, 8.99324135162e-08, 5.18788965564e-07, 4.88271496124e-07, 4.04946064236e-07, 1.03182935618e-06, 6.7240222279e-07, 4.82235861909e-07, 3.30273252303e-07, 5.26693466618e-10]
    },
    "erbbands": {
        "dmean": [0.519784212112, 2.03943967819, 2.95110917091, 11.5762748718, 5.93667984009, 6.9439406395, 10.3112764359, 12.7088708878, 34.5409355164, 32.5866165161, 24.9646472931, 9.03656005859, 10.3149757385, 14.1132354736, 11.9748630524, 11.0211076736, 25.9345550537, 28.7209720612, 21.5090789795, 18.3091697693, 14.3882846832, 11.7572088242, 8.79472827911, 5.71816396713, 9.32570838928, 12.9056835175, 10.8152332306, 11.5331668854, 11.2881355286, 17.6390190125, 15.1359148026, 9.7883348465, 6.38783121109, 4.30151462555, 3.22100543976, 2.32241368294, 0.659835577011, 0.0778403878212, 0.00202826387249, 8.10509300209e-05],
        "dmean2": [0.706605017185, 3.16720867157, 4.84468746185, 21.2391033173, 10.4582509995, 11.7789907455, 16.2380542755, 19.8026428223, 55.9428901672, 50.4184875488, 37.7661590576, 13.5096235275, 15.045879364, 22.0540962219, 19.1698417664, 16.5254154205, 38.4632873535, 44.2972564697, 30.9462509155, 26.0628986359, 21.3790225983, 16.9719409943, 13.2183132172, 8.90023803711, 14.0832290649, 20.0645999908, 16.5654659271, 17.7101306915, 17.8846874237, 28.9007968903, 24.8690319061, 15.5796880722, 10.1581497192, 7.01180887222, 5.28170871735, 3.8105006218, 1.07876169682, 0.126706302166, 0.00333396601491, 0.00012957144645],
        "dvar": [0.661059141159, 15.0717382431, 74.4847564697, 1815.34985352, 365.597900391, 205.613021851, 266.637298584, 381.38067627, 2689.3527832, 2124.80712891, 1698.84289551, 197.287399292, 306.010742188, 775.94317627, 717.058959961, 594.019226074, 2699.90258789, 2855.50244141, 1445.80078125, 1018.47851562, 455.217071533, 277.15512085, 244.228347778, 129.083221436, 229.34954834, 652.215393066, 571.996154785, 668.973144531, 315.110687256, 772.870727539, 553.816711426, 227.784713745, 134.580062866, 41.6580314636, 26.1484775543, 11.982963562, 0.872224807739, 0.0119815161452, 9.23336392589e-06, 1.0194838751e-08],
        "dvar2": [1.43362438679, 40.4203720093, 185.442138672, 5091.47216797, 1001.83435059, 584.948608398, 611.671691895, 992.129943848, 6295.46191406, 5373.89257812, 3672.89111328, 425.824554443, 553.53729248, 1743.90820312, 1756.98999023, 1038.87780762, 5570.48486328, 6450.58154297, 2900.87036133, 1977.80749512, 1024.69274902, 570.830871582, 554.062988281, 317.201507568, 510.332458496, 1358.69006348, 1372.24841309, 1481.54382324, 716.365905762, 1901.10107422, 1329.95739746, 516.914367676, 303.124481201, 95.7356185913, 65.2281799316, 29.3277187347, 2.13356471062, 0.0288753081113, 2.25091498578e-05, 2.52481875407e-08],
        "max": [7.54467248917, 39.850566864, 65.7433013916, 265.481201172, 130.009902954, 129.095687866, 205.44342041, 210.451324463, 475.118225098, 490.550994873, 506.34765625, 205.263504028, 311.947021484, 426.097381592, 577.458435059, 563.976867676, 687.405212402, 574.631225586, 555.024353027, 569.516967773, 227.789154053, 184.987182617, 176.126098633, 101.064620972, 220.960830688, 502.741271973, 418.845703125, 484.842163086, 293.561431885, 272.89050293, 227.607284546, 170.040725708, 156.015106201, 72.7550125122, 84.9069137573, 26.6008300781, 5.37027597427, 0.927518844604, 0.0278063155711, 0.000782480288763],
        "mean": [1.53886461258, 4.39056348801, 4.67508220673, 8.43851947784, 5.49006032944, 10.6655817032, 18.1347026825, 24.2950229645, 55.3774833679, 58.8867530823, 46.8668212891, 16.6180419922, 18.8622283936, 22.3584785461, 19.3004302979, 18.5101146698, 45.9540596008, 48.7954597473, 38.5850639343, 38.6154937744, 30.6402072906, 28.9465446472, 15.4139175415, 7.87640857697, 15.8380870819, 22.8649616241, 18.9793319702, 19.7849006653, 18.2116031647, 20.0089378357, 15.3212652206, 11.6449127197, 7.38926935196, 4.72480392456, 3.08933615685, 2.01905941963, 0.553744971752, 0.0642412751913, 0.00168626639061, 0.000135829672217],
        "median": [1.2669750452, 3.30153083801, 3.21352386475, 1.6779756546, 1.84742474556, 5.45106458664, 9.32460403442, 14.6349592209, 29.5320281982, 34.5290794373, 20.1597213745, 9.39623641968, 8.81058883667, 8.3262052536, 7.27823972702, 4.72699546814, 6.19628620148, 7.84838438034, 9.91219234467, 12.4914608002, 17.3530750275, 13.5723657608, 5.68367910385, 3.82984924316, 8.24579811096, 10.7276477814, 9.09202289581, 8.76767349243, 10.7624416351, 7.02660942078, 4.35542297363, 5.40006351471, 2.8528239727, 1.77734434605, 1.04540014267, 0.47959908843, 0.119588568807, 0.0111023895442, 0.000295267236652, 9.04395346879e-05],
        "min": [1.54439843254e-22, 1.25423047622e-21, 9.51497780684e-21, 1.25043290537e-19, 1.5834509086e-19, 1.21430773082e-19, 1.95929786826e-19, 4.32046256706e-19, 2.17330306365e-19, 1.42841694418e-18, 2.51749834491e-18, 1.22380285953e-18, 2.09176316609e-18, 4.17561310884e-18, 2.44976983033e-18, 3.52733015609e-18, 4.13891317301e-18, 1.06954271223e-17, 9.70580560827e-18, 5.3443287381e-18, 6.35474970867e-18, 1.06025703083e-17, 1.57895163543e-17, 1.08441111831e-17, 1.11256330056e-17, 1.20863850891e-17, 1.4188207185e-17, 2.34474254252e-17, 1.52643311116e-17, 1.29018677134e-17, 1.78592115825e-17, 1.53117897721e-17, 9.09622064611e-18, 7.66178689355e-18, 1.1054440879e-17, 6.64009021046e-18, 2.97412292935e-18, 1.19371633609e-18, 2.96948663372e-19, 3.7828080936e-20],
        "stdev": [1.13553321362, 4.32218122482, 7.98167133331, 33.1034431458, 15.7088747025, 14.5917348862, 23.970998764, 28.4038181305, 69.8663635254, 70.4975357056, 69.747177124, 20.7100486755, 30.2454910278, 41.2592735291, 34.4976921082, 40.5886955261, 96.7495040894, 87.5089187622, 68.6455307007, 60.8331832886, 37.561706543, 34.815246582, 22.4299755096, 11.9436178207, 20.7068271637, 33.69871521, 28.7939128876, 33.3853759766, 22.2832164764, 30.9475879669, 26.3823680878, 18.0553379059, 13.6527395248, 7.78289365768, 5.18414211273, 3.37052726746, 0.913417756557, 0.108858585358, 0.00295832240954, 0.000107092186227],
        "var": [1.28943574429, 18.6812496185, 63.7070808411, 1095.8380127, 246.768753052, 212.918716431, 574.608825684, 806.776855469, 4881.30859375, 4969.90283203, 4864.66845703, 428.90612793, 914.789733887, 1702.32751465, 1190.09082031, 1647.44213867, 9360.46582031, 7657.81054688, 4712.20898438, 3700.67602539, 1410.88171387, 1212.10131836, 503.103790283, 142.650009155, 428.772705078, 1135.60339355, 829.089416504, 1114.58337402, 496.541778564, 957.753173828, 696.029296875, 325.995239258, 186.397293091, 60.5734367371, 26.8753318787, 11.3604545593, 0.834331989288, 0.0118501922116, 8.75167097547e-06, 1.14687370711e-08]
    },
    "gfcc": {
        "mean": [51.8453330994, 69.269241333, -78.7199401855, 41.1577033997, -61.4060134888, 24.9607486725, -35.9684562683, 20.4771614075, -8.8536157608, 24.1908721924, -12.0807952881, 11.5653629303, -4.9614739418],
        "cov": [[3741.03955078, -927.702026367, -521.380310059, -10.0178432465, -104.554977417, 7.03270673752, -191.364654541, 75.1455764771, -59.6674804688, 207.135742188, -191.749725342, 60.0807609558, -257.654083252], [-927.702026367, 1153.37597656, -255.306640625, -164.026168823, 151.75579834, -43.4474182129, 97.0739746094, -87.96434021, 33.5533409119, -91.0139694214, 90.0555038452, -132.250747681, 112.933692932], [-521.380310059, -255.306640625, 1046.66906738, -19.673116684, -158.825790405, 123.393554688, -64.7082595825, 0.0463068857789, -76.1800231934, -147.870376587, -1.82234239578, 114.283195496, -73.5166244507], [-10.0178432465, -164.026168823, -19.673116684, 433.301849365, -46.3831825256, -204.8724823, -73.6721191406, 69.1549682617, 48.3005905151, -37.3437423706, -14.8048238754, 13.7062206268, 143.511444092], [-104.554977417, 151.75579834, -158.825790405, -46.3831825256, 215.076522827, 1.56414818764, 6.80521583557, -15.0301837921, 14.8246917725, 26.4816608429, -28.9935932159, -49.8442802429, -5.03520727158], [7.03270673752, -43.4474182129, 123.393554688, -204.8724823, 1.56414818764, 314.911773682, 124.82951355, -62.7649345398, -61.6717414856, 1.07641077042, 17.7278728485, -37.2712364197, -125.67363739], [-191.364654541, 97.0739746094, -64.7082595825, -73.6721191406, 6.80521583557, 124.82951355, 222.153610229, -23.7086753845, -53.698589325, 7.26904964447, 22.8756523132, -33.9964637756, -51.6179428101], [75.1455764771, -87.96434021, 0.0463068857789, 69.1549682617, -15.0301837921, -62.7649345398, -23.7086753845, 117.762542725, 52.6173324585, -14.8422203064, -9.43040370941, 28.1875, 30.9247226715], [-59.6674804688, 33.5533409119, -76.1800231934, 48.3005905151, 14.8246917725, -61.6717414856, -53.698589325, 52.6173324585, 156.420150757, 42.3927154541, -30.3698272705, -26.8484973907, 55.6483039856], [207.135742188, -91.0139694214, -147.870376587, -37.3437423706, 26.4816608429, 1.07641077042, 7.26904964447, -14.8422203064, 42.3927154541, 176.908416748, -11.6464385986, -43.5019683838, -15.3202848434], [-191.749725342, 90.0555038452, -1.82234239578, -14.8048238754, -28.9935932159, 17.7278728485, 22.8756523132, -9.43040370941, -30.3698272705, -11.6464385986, 135.960372925, 44.8364181519, 16.1139984131], [60.0807609558, -132.250747681, 114.283195496, 13.7062206268, -49.8442802429, -37.2712364197, -33.9964637756, 28.1875, -26.8484973907, -43.5019683838, 44.8364181519, 146.260742188, 20.5872383118], [-257.654083252, 112.933692932, -73.5166244507, 143.511444092, -5.03520727158, -125.67363739, -51.6179428101, 30.9247226715, 55.6483039856, -15.3202848434, 16.1139984131, 20.5872383118, 176.526138306]],
        "icov": [[0.000716597947758, -0.00013178482186, 0.000803612056188, -0.000532532227226, 0.000817131309304, -0.000843347166665, 0.0013856117148, -0.000873317068908, 0.00100076361559, -0.000898559053894, 0.00139278604183, -0.00115831568837, 0.00149340077769], [-0.00013178482186, 0.0032602425199, -0.000239260305534, 0.00300021003932, -0.00151325017214, 0.00299267889932, -0.00227479077876, 0.00254880590364, -0.00194347056095, 0.00383486389183, -0.00335944141261, 0.00438492372632, -0.00310037611052], [0.000803612056188, -0.000239260305534, 0.00240740948357, -0.000900316226762, 0.00175851362292, -0.00200466671959, 0.00243206345476, -0.000994632951915, 0.00132280611433, -0.000224237708608, 0.00215542805381, -0.00229243515059, 0.00220305845141], [-0.000532532227226, 0.00300021003932, -0.000900316226762, 0.00715726008639, -0.00101129640825, 0.00515072513372, -0.0030293490272, 0.00158377876505, -0.00173448538408, 0.00441059516743, -0.00346903153695, 0.00580262485892, -0.00584597047418], [0.000817131309304, -0.00151325017214, 0.00175851362292, -0.00101129640825, 0.00728398561478, -0.002054635901, 0.002747786697, -0.00174070138019, 0.00193113286514, -0.00226957257837, 0.00386652559973, -0.00192703434732, 0.00263478094712], [-0.000843347166665, 0.00299267889932, -0.00200466671959, 0.00515072513372, -0.002054635901, 0.0107478806749, -0.00625138450414, 0.00451455591246, -0.00320803350769, 0.00467370450497, -0.00535618606955, 0.00658417865634, -0.00205557164736], [0.0013856117148, -0.00227479077876, 0.00243206345476, -0.0030293490272, 0.002747786697, -0.00625138450414, 0.0108646852896, -0.00450270064175, 0.00526742171496, -0.00408884091303, 0.00389165361412, -0.00359507580288, 0.00459562847391], [-0.000873317068908, 0.00254880590364, -0.000994632951915, 0.00158377876505, -0.00174070138019, 0.00451455591246, -0.00450270064175, 0.0154177863151, -0.00759895518422, 0.00527392793447, -0.00329649890773, 0.00136267626658, -0.00246509746648], [0.00100076361559, -0.00194347056095, 0.00132280611433, -0.00173448538408, 0.00193113286514, -0.00320803350769, 0.00526742171496, -0.00759895518422, 0.0134768225253, -0.00575559958816, 0.00484970165417, -0.00127204298042, 0.000265390612185], [-0.000898559053894, 0.00383486389183, -0.000224237708608, 0.00441059516743, -0.00226957257837, 0.00467370450497, -0.00408884091303, 0.00527392793447, -0.00575559958816, 0.0127591192722, -0.00542290788144, 0.00697044469416, -0.00369708542712], [0.00139278604183, -0.00335944141261, 0.00215542805381, -0.00346903153695, 0.00386652559973, -0.00535618606955, 0.00389165361412, -0.00329649890773, 0.00484970165417, -0.00542290788144, 0.0151043524966, -0.00933919195086, 0.00362345739268], [-0.00115831568837, 0.00438492372632, -0.00229243515059, 0.00580262485892, -0.00192703434732, 0.00658417865634, -0.00359507580288, 0.00136267626658, -0.00127204298042, 0.00697044469416, -0.00933919195086, 0.0181478429586, -0.00708352727816], [0.00149340077769, -0.00310037611052, 0.00220305845141, -0.00584597047418, 0.00263478094712, -0.00205557164736, 0.00459562847391, -0.00246509746648, 0.000265390612185, -0.00369708542712, 0.00362345739268, -0.00708352727816, 0.015976447612]]
    },
    "melbands": {
        "dmean": [0.00377462524921, 0.00155317399185, 0.00168627442326, 0.000402818899602, 0.000356081669452, 0.000296021113172, 0.000500878377352, 0.000350680318661, 0.000176820583874, 5.44888353033e-05, 5.37927953701e-05, 6.05560635449e-05, 4.37230264652e-05, 3.21508487104e-05, 3.85672938137e-05, 6.59864454065e-05, 5.46728260815e-05, 3.66237291018e-05, 3.10147297569e-05, 2.15954987652e-05, 1.67973266798e-05, 1.32007780849e-05, 1.10095888886e-05, 6.93808851793e-06, 4.40392432211e-06, 6.75611318002e-06, 7.66484663473e-06, 9.61404293776e-06, 8.03402781457e-06, 5.65091022509e-06, 7.57140242058e-06, 7.2719894888e-06, 6.36102686258e-06, 1.16492719826e-05, 9.27402470552e-06, 7.95455616753e-06, 5.21110359841e-06, 4.47878892373e-06, 4.04534011977e-06, 3.5871489672e-06],
        "dmean2": [0.00532746547833, 0.00237584300339, 0.0030869951006, 0.000693502952345, 0.000569994095713, 0.000465967401396, 0.000814895494841, 0.000536087143701, 0.000267605384579, 8.15186649561e-05, 7.85499723861e-05, 9.41827820498e-05, 7.05557322362e-05, 5.10767313244e-05, 5.66821581742e-05, 0.000101066783827, 8.54220779729e-05, 5.34321115992e-05, 4.44914621767e-05, 3.15580546157e-05, 2.52902882494e-05, 1.93859195861e-05, 1.57503072842e-05, 1.13145924843e-05, 6.9809489105e-06, 1.06525112642e-05, 1.17138497444e-05, 1.52709453687e-05, 1.23321278807e-05, 8.78295577422e-06, 1.16826822705e-05, 1.14455588118e-05, 1.01738141893e-05, 1.92094830709e-05, 1.52851280291e-05, 1.30099415401e-05, 8.21340563562e-06, 7.14332873031e-06, 6.39150312054e-06, 5.89680212215e-06],
        "dvar": [3.66193344234e-05, 1.21717994261e-05, 3.74075170839e-05, 1.0971247093e-06, 3.21605057252e-07, 1.93753365352e-07, 5.28250893694e-07, 2.23538350497e-07, 8.57328075199e-08, 6.85922385557e-09, 8.06794187014e-09, 1.43261109642e-08, 9.54643653017e-09, 5.47176526311e-09, 8.8273255372e-09, 1.80070252043e-08, 1.05492512503e-08, 4.70517846907e-09, 3.21629189948e-09, 1.34686861664e-09, 6.69630628725e-10, 3.62633367779e-10, 2.76279499278e-10, 2.21661133892e-10, 7.83144105121e-11, 1.42831260708e-10, 1.94112351193e-10, 4.18674622749e-10, 3.16908804754e-10, 1.7117661455e-10, 2.77325579168e-10, 1.26157861935e-10, 8.50660375473e-11, 4.0124958911e-10, 2.10124778688e-10, 1.53899656907e-10, 6.61977764271e-11, 7.0350614223e-11, 5.13526408896e-11, 2.88042610597e-11],
        "dvar2": [8.62567540025e-05, 2.60810338659e-05, 0.000103719597973, 3.12984002449e-06, 7.65751053677e-07, 5.03714204569e-07, 1.24345626773e-06, 5.60180126286e-07, 1.8694315429e-07, 1.4542818505e-08, 1.42460221397e-08, 3.20776791796e-08, 2.38384885165e-08, 1.19955556599e-08, 1.67896843095e-08, 3.89519705379e-08, 2.41947226698e-08, 9.24498255728e-09, 6.50049392092e-09, 2.75067280064e-09, 1.60071722544e-09, 8.00714439197e-10, 5.25517851457e-10, 5.63408042442e-10, 1.91836060925e-10, 3.56125018364e-10, 4.16358836297e-10, 8.69806893178e-10, 7.60464580196e-10, 4.21576384912e-10, 6.08332551e-10, 2.87060070159e-10, 2.03295616452e-10, 1.02417807568e-09, 5.19118692477e-10, 3.61487090261e-10, 1.49165832464e-10, 1.60344890143e-10, 1.13727645357e-10, 6.88899146062e-11],
        "max": [0.0541982538998, 0.0283402670175, 0.0384043455124, 0.00770400417969, 0.00658134091645, 0.00488131865859, 0.00695095118135, 0.00450015626848, 0.00361402658746, 0.00113406253513, 0.00157717324328, 0.0017077884404, 0.00198762957007, 0.00116590864491, 0.00208587478846, 0.00165077112615, 0.00109255267307, 0.00106644001789, 0.000721710908692, 0.00060686893994, 0.000273152225418, 0.000249566626735, 0.000194636697415, 0.000128211788251, 7.42045303923e-05, 0.0001104941839, 0.000224502800847, 0.00041984723066, 0.000312230637064, 0.00021171499975, 0.000283163943095, 0.000172721163835, 0.000107976156869, 0.000238118256675, 0.000151920467033, 0.000149731844431, 9.16716380743e-05, 0.000118953139463, 0.000114223956189, 4.88313453388e-05],
        "mean": [0.0108922915533, 0.00347842206247, 0.00128804391716, 0.000525462790392, 0.000637810386252, 0.000559678359423, 0.000827527313959, 0.000637939665467, 0.000329127098667, 9.29797752178e-05, 9.6932562883e-05, 9.51192050707e-05, 6.57432174194e-05, 5.02987422806e-05, 6.13237716607e-05, 0.000114612965262, 8.60635118443e-05, 6.09032249486e-05, 5.72136705159e-05, 4.4613632781e-05, 3.31321098201e-05, 3.04100194626e-05, 2.29532488447e-05, 8.69118684932e-06, 5.52207984583e-06, 9.62072135735e-06, 1.3835559912e-05, 1.59424798767e-05, 1.32981240313e-05, 8.73870885698e-06, 1.29665640998e-05, 1.16785377031e-05, 7.8561997725e-06, 1.2674872778e-05, 8.96059009392e-06, 8.16353622213e-06, 6.57653708913e-06, 5.10197560288e-06, 4.53488655694e-06, 3.81246695724e-06],
        "median": [0.00858390238136, 0.00266865710728, 0.000292513374006, 0.000267064053332, 0.000350112182787, 0.000351038092049, 0.000511421705596, 0.00035986295552, 0.000125818754896, 4.93951665703e-05, 4.33526947745e-05, 3.42837483913e-05, 2.51922028838e-05, 1.26393724713e-05, 9.9576654975e-06, 1.37971037475e-05, 1.32567993205e-05, 1.33733119583e-05, 1.29666077555e-05, 1.6662197595e-05, 1.76418889168e-05, 1.53037217387e-05, 7.13028430255e-06, 3.01047680296e-06, 2.27437476497e-06, 3.84112627216e-06, 7.06139553586e-06, 6.72215855957e-06, 5.44417207493e-06, 4.22371567765e-06, 5.12227961735e-06, 6.45515001452e-06, 4.24521977038e-06, 3.54549433723e-06, 2.202035148e-06, 2.98574559565e-06, 3.21324750985e-06, 1.80464041932e-06, 1.73496835032e-06, 1.35152504299e-06],
        "min": [1.44275224551e-24, 5.0340981173e-24, 2.33609718598e-23, 8.92720833167e-24, 7.24017879875e-24, 9.17887547082e-24, 3.00412215268e-24, 2.31429606823e-23, 1.76817839206e-23, 8.40774342558e-24, 1.02948896152e-23, 1.62031682834e-23, 8.9623560293e-24, 1.10331056503e-23, 5.48954814422e-24, 1.39718136818e-23, 1.98772911049e-23, 1.69635386881e-23, 8.04296704326e-24, 6.84440807147e-24, 7.05165839735e-24, 7.35064535789e-24, 2.21212627478e-23, 9.32969699842e-24, 8.37754425241e-24, 8.67729009714e-24, 6.85096587217e-24, 8.64667203883e-24, 9.25093239248e-24, 1.09967667727e-23, 1.30822325939e-23, 8.93811117824e-24, 7.34686513644e-24, 6.74334394545e-24, 1.1434341606e-23, 8.15104966474e-24, 1.02347129388e-23, 6.33335045047e-24, 6.053818772e-24, 6.7196497193e-24],
        "stdev": [0.00796560756862, 0.00410368479788, 0.00481697311625, 0.000903231615666, 0.00078147102613, 0.000619213620666, 0.000989474239759, 0.000739234674256, 0.000497942615766, 0.000121447927086, 0.000159402770805, 0.000180793867912, 0.000120853597764, 0.000109477878141, 0.000146130361827, 0.000240138251684, 0.000158119713888, 0.000118612224469, 0.000101158497273, 6.79008007864e-05, 4.19509342464e-05, 3.65145097021e-05, 3.36308185069e-05, 1.51876029122e-05, 9.37597997108e-06, 1.40703141369e-05, 2.00544582185e-05, 2.66317510977e-05, 2.17204978981e-05, 1.47076134454e-05, 2.23540409934e-05, 1.47878499774e-05, 1.0795100934e-05, 2.16464304685e-05, 1.59329756571e-05, 1.37963170346e-05, 1.00697116068e-05, 9.80567165243e-06, 8.49790740176e-06, 6.24311405772e-06],
        "var": [6.34509051451e-05, 1.68402293639e-05, 2.32032307395e-05, 8.15827320366e-07, 6.10696986314e-07, 3.83425515338e-07, 9.79059336714e-07, 5.46467902041e-07, 2.47946871923e-07, 1.47495988756e-08, 2.54092427099e-08, 3.26864224576e-08, 1.4605591403e-08, 1.19854055569e-08, 2.13540847227e-08, 5.76663765628e-08, 2.50018441506e-08, 1.40688589667e-08, 1.02330419693e-08, 4.61051863354e-09, 1.75988101869e-09, 1.33330946284e-09, 1.1310320458e-09, 2.30663294021e-10, 8.79089995243e-11, 1.97973734628e-10, 4.02181288273e-10, 7.09250214115e-10, 4.71780003952e-10, 2.1631389735e-10, 4.99703112222e-10, 2.18680518138e-10, 1.16534212835e-10, 4.68567962209e-10, 2.5385971103e-10, 1.90338370065e-10, 1.01399097452e-10, 9.61511911757e-11, 7.22144358201e-11, 3.89764748254e-11]
    },
    "melbands128": {
