{
"lowlevel": {
    "average_loudness": 0.983751177788,
    "barkbands_crest": {
        "dmean": 3.27696657181,
        "dmean2": 4.32434225082,
        "dvar": 8.50193500519,
        "dvar2": 15.0608797073,
        "max": 26.6294384003,
        "mean": 13.3790407181,
        "median": 11.8068857193,
        "min": 2.21564412117,
        "stdev": 6.4835152626,
        "var": 42.0359725952
    },
    "barkbands_flatness_db": {
        "dmean": 0.0565948188305,
        "dmean2": 0.0709831342101,
        "dvar": 0.00262205325998,
        "dvar2": 0.00486918492243,
        "max": 0.531380593777,
        "mean": 0.186238706112,
        "median": 0.164187967777,
        "min": 0.0253031756729,
        "stdev": 0.104367956519,
        "var": 0.0108926706016
    },
    "barkbands_kurtosis": {
        "dmean": 48.2981796265,
        "dmean2": 68.1680908203,
        "dvar": 16261.8310547,
        "dvar2": 30098.3046875,
        "max": 1778.1529541,
        "mean": 53.0063552856,
        "median": 6.42687129974,
        "min": -1.87423098087,
        "stdev": 159.614685059,
        "var": 25476.8496094
    },
    "barkbands_skewness": {
        "dmean": 2.08400940895,
        "dmean2": 2.62477779388,
        "dvar": 8.02121448517,
        "dvar2": 12.9754037857,
        "max": 36.5322341919,
        "mean": 4.07092428207,
        "median": 2.53419041634,
        "min": -1.39220571518,
        "stdev": 4.83516359329,
        "var": 23.3788089752
    },
    "barkbands_spread": {
        "dmean": 12.2721099854,
        "dmean2": 17.2305908203,
        "dvar": 197.780456543,
        "dvar2": 384.515380859,
        "max": 102.4556427,
        "mean": 22.8279857635,
        "median": 16.3013954163,
        "min": 0.0888662859797,
        "stdev": 21.0857868195,
        "var": 444.610412598
    },
    "dissonance": {
        "dmean": 0.025151591748,
        "dmean2": 0.0388367474079,
        "dvar": 0.000788700126577,
        "dvar2": 0.00168991147075,
        "max": 0.499925047159,
        "mean": 0.461445897818,
        "median": 0.473747849464,
        "min": 0.165079057217,
        "stdev": 0.0386789999902,
        "var": 0.00149606517516
    },
    "dynamic_complexity": 1.71472263336,
    "erbbands_crest": {
        "dmean": 3.39374184608,
        "dmean2": 5.24052047729,
        "dvar": 9.88830566406,
        "dvar2": 21.4386405945,
        "max": 27.6097278595,
        "mean": 8.85035133362,
        "median": 7.70305776596,
        "min": 2.44553685188,
        "stdev": 4.64411687851,
        "var": 21.5678195953
    },
    "erbbands_flatness_db": {
        "dmean": 0.0263060498983,
        "dmean2": 0.038394600153,
        "dvar": 0.000708981184289,
        "dvar2": 0.00145958410576,
        "max": 0.306160360575,
        "mean": 0.134388446808,
        "median": 0.121668495238,
        "min": 0.0634502097964,
        "stdev": 0.0444117225707,
        "var": 0.00197240104899
    },
    "erbbands_kurtosis": {
        "dmean": 1.40737462044,
        "dmean2": 2.21832466125,
        "dvar": 2.7765443325,
        "dvar2": 6.08481025696,
        "max": 25.2868595123,
        "mean": 0.474275171757,
        "median": -0.0962738990784,
        "min": -1.77330076694,
        "stdev": 2.22050333023,
        "var": 4.93063497543
    },
    "erbbands_skewness": {
        "dmean": 0.614334881306,
        "dmean2": 0.924204528332,
        "dvar": 0.32921436429,
        "dvar2": 0.707137465477,
        "max": 4.25888299942,
        "mean": 0.0092150978744,
        "median": -0.100199311972,
        "min": -2.56321406364,
        "stdev": 0.944728016853,
        "var": 0.89251101017
    },
    "erbbands_spread": {
        "dmean": 17.5558280945,
        "dmean2": 26.7911777496,
        "dvar": 225.78968811,
        "dvar2": 467.495117188,
        "max": 178.671127319,
        "mean": 54.3972663879,
        "median": 50.1503486633,
        "min": 4.78283882141,
        "stdev": 25.5084457397,
        "var": 650.680847168
    },
    "hfc": {
        "dmean": 23.5503005981,
        "dmean2": 33.7296142578,
        "dvar": 1110.83935547,
        "dvar2": 2430.62280273,
        "max": 254.367858887,
        "mean": 31.6846427917,
        "median": 15.7925033569,
        "min": 0.000490894599352,
        "stdev": 39.1595726013,
        "var": 1533.4720459
    },
    "loudness_ebu128": {
        "integrated": -5.68969774246,
        "loudness_range": 1.77938318253,
        "momentary": {
            "dmean": 0.450155109167,
            "dmean2": 0.820877671242,
            "dvar": 0.103219121695,
            "dvar2": 0.249436825514,
            "max": -4.2914056778,
            "mean": -5.81317043304,
            "median": -5.47520160675,
            "min": -10.185377121,
            "stdev": 1.12612736225,
            "var": 1.26816296577
        },
        "short_term": {
            "dmean": 0.0764576122165,
            "dmean2": 0.121896378696,
            "dvar": 0.00336177228019,
            "dvar2": 0.00482411729172,
            "max": -4.9943447113,
            "mean": -5.76335477829,
            "median": -5.41324472427,
            "min": -8.76763057709,
            "stdev": 0.835100829601,
            "var": 0.697393357754
        }
    },
    "melbands_crest": {
        "dmean": 4.21570682526,
        "dmean2": 6.22011137009,
        "dvar": 14.1405506134,
        "dvar2": 32.7256507874,
        "max": 37.101650238,
        "mean": 19.8194599152,
        "median": 17.3427181244,
        "min": 4.30688285828,
        "stdev": 8.01351070404,
        "var": 64.2163467407
    },
    "melbands_flatness_db": {
        "dmean": 0.0688229650259,
        "dmean2": 0.0866970941424,
        "dvar": 0.00344156706706,
        "dvar2": 0.00688214506954,
        "max": 0.673773944378,
        "mean": 0.272437870502,
        "median": 0.251066356897,
        "min": 0.0307916607708,
        "stdev": 0.122234374285,
        "var": 0.0149412415922
    },
    "melbands_kurtosis": {
        "dmean": 70.7790527344,
        "dmean2": 102.068237305,
        "dvar": 21044.5039062,
        "dvar2": 44616.2070312,
        "max": 1817.02331543,
        "mean": 90.8319015503,
        "median": 24.0237388611,
        "min": -1.56760299206,
        "stdev": 176.172302246,
        "var": 31036.6796875
    },
    "melbands_skewness": {
        "dmean": 2.3523516655,
        "dmean2": 3.21438264847,
        "dvar": 7.08456039429,
        "dvar2": 12.3354272842,
        "max": 33.9038047791,
        "mean": 6.05717754364,
        "median": 4.38839244843,
        "min": -0.749804258347,
        "stdev": 4.73557376862,
        "var": 22.425661087
    },
    "melbands_spread": {
        "dmean": 12.0779771805,
        "dmean2": 18.1624641418,
        "dvar": 342.873046875,
        "dvar2": 809.083496094,
        "max": 161.882507324,
        "mean": 17.627779007,
        "median": 10.9883861542,
        "min": 0.14980559051,
        "stdev": 22.0731086731,
        "var": 487.222167969
    },
    "pitch_salience": {
        "dmean": 0.111057780683,
        "dmean2": 0.162584334612,
        "dvar": 0.0147356502712,
        "dvar2": 0.0309472884983,
        "max": 0.900387167931,
        "mean": 0.432966828346,
        "median": 0.47261852026,
        "min": 0.0303684864193,
        "stdev": 0.202311098576,
        "var": 0.0409297794104
    },
    "silence_rate_20dB": {
        "dmean": 0,
        "dmean2": 0,
        "dvar": 0,
        "dvar2": 0,
        "max": 1,
        "mean": 1,
        "median": 1,
        "min": 1,
        "stdev": 0,
        "var": 0
    },
    "silence_rate_30dB": {
        "dmean": 0.0123839005828,
        "dmean2": 0.0247869864106,
        "dvar": 0.0122306719422,
        "dvar2": 0.0350167267025,
        "max": 1,
        "mean": 0.993039429188,
        "median": 1,
        "min": 0,
        "stdev": 0.0831398367882,
        "var": 0.00691223237664
    },
    "silence_rate_60dB": {
        "dmean": 0.0178018584847,
        "dmean2": 0.0348566994071,
        "dvar": 0.0174847971648,
        "dvar2": 0.0382901728153,
        "max": 1,
        "mean": 0.0216550659388,
        "median": 0,
        "min": 0,
        "stdev": 0.145555019379,
        "var": 0.0211862642318
    },
    "spectral_centroid": {
        "dmean": 574.114440918,
        "dmean2": 851.659973145,
        "dvar": 348639.8125,
        "dvar2": 713430.8125,
        "max": 4304.25488281,
        "mean": 1326.08947754,
        "median": 1083.63366699,
        "min": 104.408477783,
        "stdev": 868.128601074,
        "var": 753647.25
    },
    "spectral_complexity": {
        "dmean": 8.73142433167,
        "dmean2": 11.8698682785,
        "dvar": 79.193107605,
        "dvar2": 133.817214966,
        "max": 59,
        "mean": 16.4632644653,
        "median": 12,
        "min": 0,
        "stdev": 13.3541717529,
        "var": 178.333892822
    },
    "spectral_decrease": {
        "dmean": 3.79874620648e-09,
        "dmean2": 5.94371130092e-09,
        "dvar": 1.51676204631e-17,
        "dvar2": 3.44655026173e-17,
        "max": -5.74774765543e-13,
        "mean": -1.38284326212e-08,
        "median": -1.23641497041e-08,
        "min": -3.26028875008e-08,
        "stdev": 6.98039759328e-09,
        "var": 4.87259507939e-17
    },
    "spectral_energy": {
        "dmean": 0.0153392627835,
        "dmean2": 0.0237022377551,
        "dvar": 0.000228394914302,
        "dvar2": 0.000523826456629,
        "max": 0.129101678729,
        "mean": 0.0550655536354,
        "median": 0.0508841238916,
        "min": 2.21385516852e-06,
        "stdev": 0.0266608595848,
        "var": 0.000710801396053
    },
    "spectral_energyband_high": {
        "dmean": 0.00242437701672,
        "dmean2": 0.00357477203943,
        "dvar": 1.75684654096e-05,
        "dvar2": 3.88400912925e-05,
        "max": 0.0326902903616,
        "mean": 0.00255604414269,
        "median": 0.000579708022997,
        "min": 1.73598273534e-08,
        "stdev": 0.00466072512791,
        "var": 2.17223587242e-05
    },
    "spectral_energyband_low": {
        "dmean": 0.0130536695942,
        "dmean2": 0.021020559594,
        "dvar": 0.000276303238934,
        "dvar2": 0.000661418598611,
        "max": 0.122414492071,
        "mean": 0.0395989380777,
        "median": 0.0322581976652,
        "min": 5.13633551691e-07,
        "stdev": 0.0286326985806,
        "var": 0.000819831446279
    },
    "spectral_energyband_middle_high": {
        "dmean": 0.00265825050883,
        "dmean2": 0.00382924173027,
        "dvar": 1.00925535662e-05,
        "dvar2": 2.20067649934e-05,
        "max": 0.0214948747307,
        "mean": 0.00420110207051,
        "median": 0.00272410456091,
        "min": 9.3327990669e-08,
        "stdev": 0.00424284767359,
        "var": 1.80017559614e-05
    },
    "spectral_energyband_middle_low": {
        "dmean": 0.00871973112226,
        "dmean2": 0.0147476596758,
        "dvar": 0.000310414499836,
        "dvar2": 0.000852558237966,
        "max": 0.113466948271,
        "mean": 0.0123173212633,
        "median": 0.00963850133121,
        "min": 6.00790315275e-07,
        "stdev": 0.0152402473614,
        "var": 0.000232265127124
    },
    "spectral_entropy": {
        "dmean": 0.366170287132,
        "dmean2": 0.514608800411,
        "dvar": 0.131579145789,
        "dvar2": 0.258289963007,
        "max": 8.72954177856,
        "mean": 7.68073415756,
        "median": 7.82947921753,
        "min": 5.48504304886,
        "stdev": 0.605745434761,
        "var": 0.366927534342
    },
    "spectral_flux": {
        "dmean": 0.048958837986,
        "dmean2": 0.0688978210092,
        "dvar": 0.00202528177761,
        "dvar2": 0.00340846111067,
        "max": 0.392992675304,
        "mean": 0.121084652841,
        "median": 0.100568383932,
        "min": 0.0014879029477,
        "stdev": 0.072429291904,
        "var": 0.00524600269273
    },
    "spectral_kurtosis": {
        "dmean": 2.12472558022,
        "dmean2": 3.2486577034,
        "dvar": 9.30901050568,
        "dvar2": 20.6309337616,
        "max": 44.1415061951,
        "mean": 3.7419936657,
        "median": 2.39710474014,
        "min": -0.467675685883,
        "stdev": 4.19060325623,
        "var": 17.5611553192
    },
    "spectral_rms": {
        "dmean": 0.00106127141044,
        "dmean2": 0.00158223428298,
        "dvar": 1.00978320461e-06,
        "dvar2": 2.03782269637e-06,
        "max": 0.0112228719518,
        "mean": 0.00704296724871,
        "median": 0.00704578217119,
        "min": 4.64742806798e-05,
        "stdev": 0.00202956935391,
        "var": 4.11915152654e-06
    },
    "spectral_rolloff": {
        "dmean": 934.27923584,
        "dmean2": 1495.04772949,
        "dvar": 2493073.25,
        "dvar2": 4918635,
        "max": 10379.0039062,
        "mean": 1218.21850586,
        "median": 409.130859375,
        "min": 64.599609375,
        "stdev": 1879.20068359,
        "var": 3531395
    },
    "spectral_skewness": {
        "dmean": 0.360156804323,
        "dmean2": 0.52144241333,
        "dvar": 0.142376288772,
        "dvar2": 0.311149030924,
        "max": 4.64071178436,
        "mean": 1.44842648506,
        "median": 1.30848932266,
        "min": 0.308096170425,
        "stdev": 0.603033125401,
        "var": 0.363648951054
    },
    "spectral_spread": {
        "dmean": 984573,
        "dmean2": 1401286,
        "dvar": 810078961664,
        "dvar2": 1.60838791987e+12,
        "max": 11348256,
        "mean": 5867195,
        "median": 5970889.5,
        "min": 1246417.25,
        "stdev": 1686280.625,
        "var": 2.84354255258e+12
    },
    "spectral_strongpeak": {
        "dmean": 0.265367150307,
        "dmean2": 0.4425162673,
        "dvar": 0.15939116478,
        "dvar2": 0.410672485828,
        "max": 3.41860699654,
        "mean": 0.479265600443,
        "median": 0.305707007647,
        "min": 0,
        "stdev": 0.450554072857,
        "var": 0.202998965979
    },
    "zerocrossingrate": {
        "dmean": 0.0206646528095,
        "dmean2": 0.0232752431184,
        "dvar": 0.000448703445727,
        "dvar2": 0.000590568815824,
        "max": 0.234375,
        "mean": 0.0536252148449,
        "median": 0.04296875,
        "min": 0.001953125,
        "stdev": 0.0438462086022,
        "var": 0.00192248995882
    },
    "barkbands": {
        "dmean": [0.00139555975329, 0.0119014475495, 0.00498364353552, 0.00298690237105, 0.00375118409283, 0.00193744385615, 0.00127130560577, 0.000510639103595, 0.00041396197048, 0.000373187300283, 0.000322400068399, 0.000371532223653, 0.00046222700621, 0.000541352957953, 0.000369609566405, 0.000310792296659, 0.000208550773095, 0.00022287669708, 0.000279679865343, 0.000457482208731, 0.000437975337263, 0.000563880428672, 0.000490418926347, 0.000372658483684, 0.000257950276136, 0.000133812980494, 1.58635466505e-05],
        "dmean2": [0.00193419132847, 0.017617629841, 0.00858272798359, 0.00520280655473, 0.00685049360618, 0.00334148271941, 0.00209478917532, 0.000765835109632, 0.000658481440041, 0.000583632325288, 0.000522980524693, 0.000570264062844, 0.000711760832928, 0.000828961667139, 0.000579616695177, 0.000485986529384, 0.000314440054353, 0.000346091983374, 0.000438249116996, 0.000684940314386, 0.000677412492223, 0.000863267516252, 0.000732337357476, 0.000542297260836, 0.000363453931641, 0.000194668129552, 2.46528597927e-05],
        "dvar": [3.92888614442e-06, 0.000237000524066, 0.000124405705719, 4.11335458921e-05, 8.9554603619e-05, 1.94010171981e-05, 5.88394323131e-06, 1.69612371792e-06, 5.68675204704e-07, 3.88097959103e-07, 5.1979628779e-07, 4.88582884373e-07, 4.33668645883e-07, 7.44397141261e-07, 4.60112289602e-07, 2.82545840946e-07, 8.94598670698e-08, 1.21785163287e-07, 2.51748417668e-07, 7.11661073183e-07, 6.24437348051e-07, 1.14502870474e-06, 7.68062591305e-07, 4.2242282916e-07, 1.51370869617e-07, 4.92799330232e-08, 9.52194434412e-10],
        "dvar2": [6.57856526232e-06, 0.000456722511444, 0.000362698134268, 0.000121034827316, 0.000253930542385, 5.01878384966e-05, 1.49649149535e-05, 3.22534219777e-06, 1.31812669224e-06, 9.14510451366e-07, 1.36951007335e-06, 9.8561406503e-07, 9.73191959019e-07, 1.66454879036e-06, 1.17904119179e-06, 6.2626855879e-07, 1.99920023647e-07, 2.61248800371e-07, 6.08193715834e-07, 1.60351760314e-06, 1.42410601711e-06, 2.73997466138e-06, 1.70452210568e-06, 8.89997124887e-07, 3.29896494122e-07, 1.07039731745e-07, 2.13612727507e-09],
        "max": [0.0155072864145, 0.112314879894, 0.0666764304042, 0.0384192317724, 0.0715433061123, 0.0316701903939, 0.0270152874291, 0.0216598063707, 0.00994067266583, 0.00694957701489, 0.0130310514942, 0.00893496070057, 0.00694311130792, 0.0100666815415, 0.00764672923833, 0.00772512890399, 0.00272789760493, 0.00357270147651, 0.00418965052813, 0.00658729951829, 0.00502852303907, 0.00838767178357, 0.00866036303341, 0.00638058362529, 0.00363649707288, 0.00158409564756, 0.000297261984088],
        "mean": [0.00279560987838, 0.0270374789834, 0.00627315603197, 0.00502279261127, 0.00320032681338, 0.00167052191682, 0.00120440637693, 0.000565265596379, 0.000460706709418, 0.000474309665151, 0.000338819954777, 0.000498288543895, 0.000525996729266, 0.000674864160828, 0.000420201598899, 0.000339217367582, 0.000252677244134, 0.000238558917772, 0.000273222423857, 0.000462212483399, 0.000435871712398, 0.000570266856812, 0.000499798508827, 0.000397745432565, 0.000279600732028, 0.000138775270898, 1.49133456944e-05],
        "median": [0.000956685398705, 0.0156953409314, 0.0041631902568, 0.00423794519156, 0.00091467378661, 0.000123645600979, 0.000221354028326, 6.44146421109e-05, 0.000120748998597, 0.000134422734845, 7.58296810091e-05, 0.00011414194887, 0.000217486231122, 0.000292254437227, 0.000201413640752, 0.000118955882499, 0.000100274643046, 7.84413059591e-05, 6.62496167934e-05, 7.87408353062e-05, 9.06506975298e-05, 0.000104630395072, 0.000128232379211, 7.42268894101e-05, 7.10760214133e-05, 3.06164147332e-05, 1.71944839167e-06],
        "min": [4.99284780187e-10, 4.10661671335e-10, 1.35814754998e-08, 2.65449017434e-07, 2.09903674886e-07, 2.21142109069e-08, 6.50979785632e-08, 2.69487365756e-08, 4.00876709605e-09, 4.71958401249e-08, 2.31247092586e-08, 4.19171497512e-09, 4.437529455e-09, 6.07474515135e-09, 4.85821027851e-09, 1.73787961799e-09, 6.44979514242e-10, 1.39024691759e-09, 1.9271064744e-09, 9.97091409438e-10, 2.32272001632e-09, 2.71930478135e-09, 2.63655408617e-09, 5.42208677956e-09, 2.12542961009e-09, 1.27396138083e-09, 3.12223814511e-12],
        "stdev": [0.00370343914255, 0.0276596844196, 0.00915903784335, 0.00564306415617, 0.00760177103803, 0.00413699820638, 0.00237400410697, 0.00175701698754, 0.000863362976816, 0.000765616015997, 0.000721479591448, 0.000967838568613, 0.000791994854808, 0.00102141266689, 0.000678007374518, 0.000588859722484, 0.000355600670446, 0.000392806483433, 0.000504220661242, 0.000901022343896, 0.000823773210868, 0.00112383719534, 0.000956683128607, 0.000751581566874, 0.000462754891487, 0.000248946627835, 3.2601703424e-05],
        "var": [1.37154611366e-05, 0.000765058095567, 8.38879786897e-05, 3.1844174373e-05, 5.77869213885e-05, 1.71147548826e-05, 5.63589537705e-06, 3.08710855279e-06, 7.45395652757e-07, 5.86167857364e-07, 5.20532807968e-07, 9.3671144441e-07, 6.27255872132e-07, 1.04328375983e-06, 4.59693978883e-07, 3.46755740566e-07, 1.26451837446e-07, 1.54296927235e-07, 2.54238472053e-07, 8.11841289305e-07, 6.78602305015e-07, 1.26301006276e-06, 9.15242594601e-07, 5.64874881093e-07, 2.14142090726e-07, 6.1974418486e-08, 1.06287112445e-09]
    },
    "erbbands": {
        "dmean": [0.597045242786, 2.22512197495, 5.34184026718, 8.05195331573, 11.469288826, 12.2880001068, 11.8216142654, 16.7248287201, 22.6844921112, 9.42371749878, 13.3603172302, 10.3140573502, 9.57580089569, 13.8486013412, 11.4764652252, 15.4737644196, 22.046541214, 27.5736179352, 20.3787136078, 17.791311264, 17.4671401978, 11.1176738739, 11.6225547791, 12.744178772, 17.688205719, 22.8149547577, 17.324514389, 19.1539878845, 21.6336269379, 15.9028911591, 13.6312761307, 9.61490154266, 5.47255754471, 3.15187597275, 1.67983734608, 0.703251361847, 0.220866858959, 0.0502210259438, 0.00156689516734, 5.39658358321e-05],
        "dmean2": [0.705864787102, 3.42179322243, 8.95989608765, 13.6310138702, 20.144235611, 22.7062339783, 21.9931049347, 28.6423034668, 36.8625907898, 15.8674354553, 19.728969574, 16.3279247284, 15.1814155579, 21.1881923676, 18.0137214661, 23.5719947815, 33.7250442505, 42.1795082092, 31.3942375183, 27.6234512329, 26.8979473114, 16.1527900696, 17.5470314026, 19.8160820007, 27.5644207001, 34.3527526855, 26.9432468414, 30.075674057, 33.4648475647, 24.2440776825, 20.2423000336, 14.1635150909, 8.07499504089, 4.52484560013, 2.36216449738, 1.0069116354, 0.327228397131, 0.0760743692517, 0.00245964154601, 8.0213554611e-05],
        "dvar": [0.527158677578, 10.7270126343, 124.852783203, 248.073623657, 726.716125488, 1092.08398438, 1242.24230957, 1424.38171387, 1731.22290039, 447.867248535, 1217.76135254, 364.017333984, 237.716690063, 629.586120605, 652.513305664, 726.021789551, 1010.57952881, 1548.29138184, 1696.79821777, 708.317565918, 849.090393066, 247.152603149, 297.013977051, 564.056274414, 880.80657959, 1879.52209473, 1000.33514404, 1214.66833496, 1696.35583496, 777.539550781, 625.557739258, 346.758636475, 81.1108398438, 22.6189918518, 6.79899644852, 1.21046853065, 0.150042921305, 0.00812815036625, 9.04067655938e-06, 5.64556890126e-09],
        "dvar2": [0.971205413342, 20.534488678, 351.09085083, 725.996582031, 2071.63476562, 3097.79833984, 3436.59985352, 3591.81689453, 4224.31542969, 1178.02600098, 2290.01074219, 835.048828125, 566.956787109, 1560.80541992, 1592.88757324, 1370.75537109, 2178.20092773, 3641.59375, 4136.84765625, 1819.75866699, 1838.03039551, 532.871154785, 629.997802734, 1345.27416992, 2056.12207031, 4187.13378906, 2204.42456055, 2925.14013672, 4208.81298828, 1735.66943359, 1350.42944336, 787.628173828, 173.950454712, 49.0652885437, 14.6993522644, 2.5306854248, 0.338081806898, 0.0183073207736, 2.07687317015e-05, 1.23112213757e-08],
        "max": [5.79595136642, 20.8595218658, 66.9606323242, 88.2798690796, 170.35647583, 317.807128906, 355.090209961, 348.144073486, 357.695678711, 275.610321045, 595.5078125, 301.425537109, 187.633743286, 259.955718994, 400.476654053, 366.776000977, 384.190032959, 382.249420166, 472.039550781, 289.577545166, 439.634521484, 162.900482178, 146.953216553, 285.067047119, 183.398925781, 332.649505615, 198.464248657, 246.126068115, 297.255950928, 303.513916016, 220.170669556, 171.622055054, 84.7702331543, 39.836769104, 25.0040893555, 7.9147143364, 2.82015228271, 0.756776690483, 0.0287150796503, 0.000673634291161],
        "mean": [1.16438090801, 4.47552585602, 7.44961166382, 14.5905704498, 12.2594041824, 9.83987140656, 8.01543331146, 14.8378648758, 21.9547576904, 9.18538570404, 15.280005455, 11.9143371582, 13.4060297012, 16.3250408173, 13.7199678421, 22.1276855469, 26.8542060852, 35.8266181946, 23.4191188812, 20.6764011383, 20.6039829254, 13.2741289139, 12.7269277573, 13.0873584747, 16.7755470276, 23.7854671478, 17.6654319763, 18.027053833, 21.0602779388, 16.5589008331, 14.1786394119, 10.0069599152, 5.77760648727, 3.39287376404, 1.81869721413, 0.739979684353, 0.225647568703, 0.0488974228501, 0.00152279203758, 0.000103323487565],
        "median": [0.596192598343, 2.54235935211, 5.18959283829, 12.8204078674, 7.2295999527, 1.85734939575, 0.667645037174, 1.45115506649, 4.88545370102, 2.08047318459, 2.84330606461, 3.51929688454, 4.45771074295, 5.20373010635, 4.05538606644, 6.16916370392, 12.1558237076, 17.6426677704, 10.3860435486, 11.181019783, 7.82447385788, 5.46341323853, 4.32813310623, 3.79121208191, 3.65590929985, 3.59304475784, 3.01018714905, 4.07456445694, 3.66953277588, 3.61836957932, 3.52793049812, 1.73562300205, 1.14889836311, 0.809663414955, 0.460720777512, 0.169417798519, 0.047077935189, 0.0074231219478, 0.00023113808129, 8.16871470306e-05],
        "min": [9.52875382154e-07, 1.48463650476e-05, 0.000298173894407, 0.000745758763514, 0.000880416773725, 0.000625321117695, 0.000210872400203, 0.000229598124861, 0.000779792491812, 0.000958669697866, 0.000391204783227, 0.000100970006315, 0.000814966566395, 0.00175117293838, 0.000478488625959, 0.000217284265091, 0.000217399574467, 0.000231912956224, 0.000410999607993, 0.000102432983113, 9.31533359108e-05, 4.57525384263e-05, 7.94093721197e-05, 7.55395958549e-05, 8.52338271216e-05, 5.40975634067e-05, 4.86702811031e-05, 0.000150370164192, 0.000101756108052, 3.18183920172e-05, 8.09398989077e-05, 9.44028870435e-05, 0.000103720245534, 2.97764181596e-05, 1.44211880979e-05, 5.85889483773e-06, 2.65141102318e-06, 4.21270755169e-07, 5.90706861203e-08, 7.91292631419e-09],
        "stdev": [1.37742424011, 5.01128387451, 9.76096343994, 14.9085559845, 21.7704925537, 26.8870944977, 28.5142612457, 36.7310562134, 42.7441635132, 20.0112781525, 46.5470962524, 22.0369968414, 20.9745788574, 28.1769065857, 27.2761268616, 42.1037712097, 39.9057693481, 48.1341400146, 41.8884315491, 28.2941188812, 33.3699188232, 18.8018302917, 19.9562149048, 24.3147087097, 30.4031963348, 46.7221641541, 33.8641357422, 34.8106803894, 41.9415283203, 30.9697303772, 27.5640106201, 20.3813514709, 10.3428459167, 5.61858415604, 3.07468104362, 1.27461516857, 0.422431588173, 0.0972108840942, 0.00313616823405, 8.78927749e-05],
        "var": [1.89729738235, 25.1129646301, 95.2764053345, 222.265029907, 473.954376221, 722.915893555, 813.063049316, 1349.17041016, 1827.06347656, 400.451263428, 2166.63208008, 485.629211426, 439.932922363, 793.938110352, 743.987121582, 1772.72741699, 1592.47033691, 2316.89526367, 1754.64074707, 800.557189941, 1113.55151367, 353.50881958, 398.250488281, 591.20501709, 924.354309082, 2182.96044922, 1146.77978516, 1211.78356934, 1759.09179688, 959.124145508, 759.774719238, 415.399505615, 106.974456787, 31.5684871674, 9.45366382599, 1.62464368343, 0.178448453546, 0.0094499560073, 9.83555128187e-06, 7.72513963909e-09]
    },
    "gfcc": {
        "mean": [8.46562385559, 68.1521148682, -89.7010574341, 46.2634849548, -37.2337913513, 36.3790397644, -31.3063011169, 8.93346881866, -19.5040645599, 8.12298297882, -19.3673381805, -2.02379584312, -16.6099281311],
        "cov": [[6563.98291016, -1955.65466309, -136.784805298, 285.391571045, -956.870666504, 159.931900024, -310.251953125, 62.5351791382, -513.463562012, 203.744613647, -344.861541748, 81.1772918701, -327.020568848], [-1955.65466309, 2227.64404297, -136.296112061, -510.116241455, 548.863098145, -168.476379395, 291.741973877, -10.7188262939, 348.300598145, -146.940444946, 202.92767334, -113.133934021, 153.961334229], [-136.784805298, -136.296112061, 694.154846191, 328.814544678, 219.385406494, 267.620849609, 175.498199463, 86.3289108276, 88.7422637939, 97.8961868286, 63.6546401978, 32.7992134094, 9.06703281403], [285.391571045, -510.116241455, 328.814544678, 714.822021484, 382.741577148, 315.140380859, 205.547836304, 90.5227127075, 73.8760375977, 111.877250671, 86.8153686523, 23.2614479065, 42.0395393372], [-956.870666504, 548.863098145, 219.385406494, 382.741577148, 958.924621582, 378.88192749, 508.101501465, 198.399017334, 279.690856934, 37.224773407, 202.370880127, -26.9379348755, 123.58316803], [159.931900024, -168.476379395, 267.620849609, 315.140380859, 378.88192749, 512.953613281, 345.117431641, 195.746185303, 124.909202576, 100.449028015, 61.4306411743, 9.6743144989, 10.2667894363], [-310.251953125, 291.741973877, 175.498199463, 205.547836304, 508.101501465, 345.117431641, 664.970275879, 314.827270508, 217.374420166, 43.0248222351, 154.097229004, 9.72263431549, 64.8793563843], [62.5351791382, -10.7188262939, 86.3289108276, 90.5227127075, 198.399017334, 195.746185303, 314.827270508, 275.344360352, 116.629463196, 43.4489555359, 52.4658699036, 23.7311611176, 20.2216682434], [-513.463562012, 348.300598145, 88.7422637939, 73.8760375977, 279.690856934, 124.909202576, 217.374420166, 116.629463196, 257.16784668, 71.9555206299, 101.895088196, -0.346191346645, 64.4939804077], [203.744613647, -146.940444946, 97.8961868286, 111.877250671, 37.224773407, 100.449028015, 43.0248222351, 43.4489555359, 71.9555206299, 137.60647583, 53.8563499451, 19.034696579, -3.51978754997], [-344.861541748, 202.92767334, 63.6546401978, 86.8153686523, 202.370880127, 61.4306411743, 154.097229004, 52.4658699036, 101.895088196, 53.8563499451, 156.067169189, 28.2183170319, 47.3140029907], [81.1772918701, -113.133934021, 32.7992134094, 23.2614479065, -26.9379348755, 9.6743144989, 9.72263431549, 23.7311611176, -0.346191346645, 19.034696579, 28.2183170319, 78.6384811401, 20.7385616302], [-327.020568848, 153.961334229, 9.06703281403, 42.0395393372, 123.58316803, 10.2667894363, 64.8793563843, 20.2216682434, 64.4939804077, -3.51978754997, 47.3140029907, 20.7385616302, 90.1000442505]],
        "icov": [[0.000331184652168, -0.00018541944155, 0.000253918842645, -0.000451744883321, 0.000305102090351, -0.000138361676363, -0.000109848544525, -0.000312625285005, 0.000731306674425, -0.000932498136535, 0.000748158956412, -0.000556037120987, 0.00062586175045], [-0.00018541944155, 0.00220970367081, -0.0005844803527, 0.00235901493579, -0.00116491562221, 0.000618293823209, -0.000382699945476, 0.00139865477104, -0.00258439825848, 0.00257874280214, -0.00244950782508, 0.0026739097666, -0.00138021353632], [0.000253918842645, -0.0005844803527, 0.00236021121964, -0.00143506831955, 0.000506365555339, -0.000844326685183, -0.00012074404367, -0.000149122381117, 0.000598091748543, -0.0013961592922, 0.00101988529786, -0.00167876062915, 0.00124268361833], [-0.000451744883321, 0.00235901493579, -0.00143506831955, 0.005375739187, -0.0024067137856, 7.5425086834e-05, -0.000228019198403, 0.00183661014307, -0.00180553772952, 0.00147725839633, -0.00275896047242, 0.00288630346768, -0.00285542313941], [0.000305102090351, -0.00116491562221, 0.000506365555339, -0.0024067137856, 0.00427499134094, -0.00186702609062, -0.000540331238881, -0.000575673009735, 2.58694490185e-05, 0.000699600204825, -0.000971685687546, 0.000788797740825, -0.000625181302894], [-0.000138361676363, 0.000618293823209, -0.000844326685183, 7.5425086834e-05, -0.00186702609062, 0.00543030537665, -0.00170195742976, -0.000242161302594, -0.000317273428664, -0.00197597010992, 0.00187062576879, -9.42281985772e-05, 0.000902317522559], [-0.000109848544525, -0.000382699945476, -0.00012074404367, -0.000228019198403, -0.000540331238881, -0.00170195742976, 0.00605324283242, -0.00484435353428, -0.000481528404634, 0.00242843548767, -0.00323511869647, 0.00100397784263, -5.54118851142e-05], [-0.000312625285005, 0.00139865477104, -0.000149122381117, 0.00183661014307, -0.000575673009735, -0.000242161302594, -0.00484435353428, 0.010670280084, -0.00356206856668, 0.000759022193961, 0.000898236990906, -0.00145275506657, -1.37842553158e-05], [0.000731306674425, -0.00258439825848, 0.000598091748543, -0.00180553772952, 2.58694490185e-05, -0.000317273428664, -0.000481528404634, -0.00356206856668, 0.0132925510406, -0.00926730129868, 0.00287486542948, -0.00117789919022, -0.00211585406214], [-0.000932498136535, 0.00257874280214, -0.0013961592922, 0.00147725839633, 0.000699600204825, -0.00197597010992, 0.00242843548767, 0.000759022193961, -0.00926730129868, 0.0198268294334, -0.010133555159, 0.00331073743291, 0.000974223308731], [0.000748158956412, -0.00244950782508, 0.00101988529786, -0.00275896047242, -0.000971685687546, 0.00187062576879, -0.00323511869647, 0.000898236990906, 0.00287486542948, -0.010133555159, 0.0186641868204, -0.00886675901711, 0.00111947965343], [-0.000556037120987, 0.0026739097666, -0.00167876062915, 0.00288630346768, 0.000788797740825, -9.42281985772e-05, 0.00100397784263, -0.00145275506657, -0.00117789919022, 0.00331073743291, -0.00886675901711, 0.0222564674914, -0.0087273158133], [0.00062586175045, -0.00138021353632, 0.00124268361833, -0.00285542313941, -0.000625181302894, 0.000902317522559, -5.54118851142e-05, -1.37842553158e-05, -0.00211585406214, 0.000974223308731, 0.00111947965343, -0.0087273158133, 0.0207072924823]]
    },
    "melbands": {
        "dmean": [0.00407465174794, 0.00233782152645, 0.0013969928259, 0.000869893410709, 0.00043401698349, 0.00038385076914, 0.000330735347234, 9.32522307266e-05, 0.00010605125135, 6.24026142759e-05, 4.72175815958e-05, 5.64420915907e-05, 4.14985915995e-05, 4.43979915872e-05, 3.91461871914e-05, 4.65084922325e-05, 5.77167229494e-05, 3.41423183272e-05, 2.60655015154e-05, 2.14315823541e-05, 2.03125691769e-05, 1.1729965081e-05, 1.20877211884e-05, 1.00868574009e-05, 1.02761405287e-05, 1.12726984298e-05, 1.63206914294e-05, 1.42940843944e-05, 1.01724472188e-05, 1.07170344563e-05, 1.12734751383e-05, 1.18987627502e-05, 1.06901870822e-05, 8.78318132891e-06, 8.14226496004e-06, 6.64072513246e-06, 5.71895225221e-06, 3.95777760787e-06, 3.11410417453e-06, 2.56494422501e-06],
        "dmean2": [0.00523218791932, 0.00372557644732, 0.00236088898964, 0.00157725485042, 0.000807160453405, 0.000652535061818, 0.000537265616003, 0.000155897927471, 0.000157516129548, 9.92241766653e-05, 7.48937745811e-05, 8.62109518494e-05, 6.73492613714e-05, 6.85646737111e-05, 6.06388566666e-05, 7.16848953743e-05, 8.89134316822e-05, 5.30545403308e-05, 4.08644154959e-05, 3.34639298671e-05, 3.14991048072e-05, 1.77191304829e-05, 1.82532457984e-05, 1.56745954882e-05, 1.62184187502e-05, 1.78917543963e-05, 2.54973892879e-05, 2.15282379941e-05, 1.5683046513e-05, 1.68721089722e-05, 1.77550100489e-05, 1.82733074325e-05, 1.65609526448e-05, 1.34084275487e-05, 1.21363909784e-05, 1.00637271316e-05, 8.4817138486e-06, 5.8932405409e-06, 4.66255914944e-06, 3.76884486286e-06],
        "dvar": [2.33468472288e-05, 1.68099650182e-05, 7.97798566055e-06, 4.67616246169e-06, 1.6053750187e-06, 7.27935400846e-07, 3.6050769836e-07, 3.96747168452e-08, 7.09919021347e-08, 1.36281119723e-08, 5.86874726594e-09, 1.10508135975e-08, 1.01304902245e-08, 8.21668422191e-09, 3.41744255117e-09, 4.52122073114e-09, 7.35844096766e-09, 5.05228081593e-09, 1.75902170607e-09, 1.20403631509e-09, 1.11283193771e-09, 3.17281423357e-10, 3.15545756191e-10, 2.88717633135e-10, 4.04082489691e-10, 3.99768412818e-10, 8.7202794985e-10, 7.59889429158e-10, 3.30061256104e-10, 4.33556163193e-10, 4.25345175747e-10, 4.9198023433e-10, 4.27162277772e-10, 2.22894050439e-10, 2.15081480404e-10, 1.71385697301e-10, 1.23772381233e-10, 4.49164525018e-11, 2.23513655501e-11, 1.6276622411e-11],
        "dvar2": [4.59933507955e-05, 4.34361572843e-05, 2.27053624258e-05, 1.31896467792e-05, 4.51696587334e-06, 1.83092947736e-06, 8.81432640654e-07, 1.03157148601e-07, 1.34879783786e-07, 3.15008392704e-08, 1.39553595346e-08, 2.70735025509e-08, 2.65573749658e-08, 1.74421845855e-08, 7.7654442876e-09, 9.6913899128e-09, 1.70674301359e-08, 1.17903642405e-08, 4.43033876252e-09, 2.92618351772e-09, 2.4286936906e-09, 7.35533967067e-10, 7.08724468002e-10, 6.41508124399e-10, 9.87487425164e-10, 9.51286938111e-10, 1.99605310058e-09, 1.71225555956e-09, 7.41562089512e-10, 1.02657016221e-09, 1.03958075481e-09, 1.18242016178e-09, 1.05479003309e-09, 4.96008289996e-10, 4.60964072468e-10, 3.83262976911e-10, 2.89238327733e-10, 1.00528280145e-10, 4.45261813531e-11, 3.68932003003e-11],
        "max": [0.039469614625, 0.0281321685761, 0.0168662276119, 0.0144126424566, 0.0109662031755, 0.00724995089695, 0.00534998904914, 0.00246327416971, 0.0045439270325, 0.00168756814674, 0.000916492019314, 0.0011497301748, 0.00192360475194, 0.00123564933892, 0.000539987115189, 0.000808312615845, 0.000860121857841, 0.000741182710044, 0.000408708641771, 0.000390444503864, 0.000471220759209, 0.000170929124579, 0.000157573565957, 0.000211824910366, 0.00025794270914, 0.000138326140586, 0.000184726479347, 0.000223464521696, 0.000117969517305, 0.000160900948686, 0.000143029974424, 0.000163984659594, 0.000163748540217, 0.000179353315616, 0.000123905483633, 0.00011866872228, 0.000103645383206, 6.03379558015e-05, 4.83732292196e-05, 3.72413087462e-05],
        "mean": [0.00867859460413, 0.0045076967217, 0.00231639994308, 0.000788182893302, 0.000292688113404, 0.000342744635418, 0.000323686515912, 9.34874333325e-05, 0.00011998834816, 7.11012689862e-05, 6.49785652058e-05, 6.47114939056e-05, 4.63099822809e-05, 5.77195969527e-05, 4.90337697556e-05, 5.46101327927e-05, 7.16818249202e-05, 3.71820678993e-05, 2.93617358693e-05, 2.47679199674e-05, 2.37585481955e-05, 1.36074368129e-05, 1.27522753246e-05, 1.06427060018e-05, 1.03223319456e-05, 1.0836657566e-05, 1.54574263433e-05, 1.50299383677e-05, 1.02028016045e-05, 1.02926005638e-05, 1.0532982742e-05, 1.16304918265e-05, 1.07920322989e-05, 8.80098923517e-06, 8.41750079417e-06, 6.80897210259e-06, 5.8700234149e-06, 4.08013011111e-06, 3.35219624503e-06, 2.71197995971e-06],
        "median": [0.00484824785963, 0.00347113003954, 0.00194930424914, 0.000279590371065, 2.19739267777e-05, 2.9903214454e-05, 7.2140363045e-05, 2.15032632696e-05, 2.29508332268e-05, 2.1175321308e-05, 2.02055380214e-05, 1.78168047569e-05, 1.23248382806e-05, 1.32153418235e-05, 1.79599792318e-05, 2.26766205742e-05, 3.08769413095e-05, 1.3874006072e-05, 1.41548771353e-05, 1.23494683066e-05, 8.94404274732e-06, 5.56970871912e-06, 4.63632159153e-06, 3.03433034787e-06, 2.96047255688e-06, 2.33055743593e-06, 2.74124477073e-06, 2.21924983634e-06, 1.75184914042e-06, 1.9251735921e-06, 2.40687654696e-06, 1.97454642148e-06, 1.86999955076e-06, 1.93197706722e-06, 2.20745869228e-06, 1.3904153775e-06, 8.80453796981e-07, 7.52418941374e-07, 7.65942388625e-07, 6.64965625674e-07],
        "min": [1.77016026837e-10, 4.84997002559e-08, 1.32929656615e-07, 5.46492273656e-08, 1.04561026504e-08, 5.25478949243e-09, 1.24420411751e-08, 9.78938530238e-09, 2.37781794254e-09, 5.68230906772e-10, 4.30989866018e-09, 7.45140038561e-09, 2.35743402577e-09, 4.42155922986e-10, 5.31770405487e-10, 4.24267065924e-10, 4.38506370104e-10, 7.3765815678e-10, 2.5849739016e-10, 1.00808389414e-10, 9.77089867349e-11, 3.17788954873e-11, 9.35455393702e-11, 4.55488667617e-11, 6.02730712562e-11, 8.56326606846e-11, 3.48683928952e-11, 3.29456774362e-11, 3.29059800241e-11, 2.62203158491e-11, 1.19293963596e-10, 7.10853806374e-11, 2.09290484249e-11, 1.4999682052e-11, 3.3936235766e-11, 7.49265649524e-11, 5.25038346133e-11, 7.12527467583e-11, 5.88453244466e-11, 1.37269648773e-11],
        "stdev": [0.00937413331121, 0.0044675366953, 0.00254100328311, 0.00177166389767, 0.00100355304312, 0.00083808688214, 0.000615604338236, 0.000198590569198, 0.000350695394445, 0.000133005334646, 0.000103665945062, 0.000118005984405, 0.000100118289993, 0.000117559233331, 7.46442819946e-05, 8.38039122755e-05, 0.000103840240627, 7.39004390198e-05, 4.35690417362e-05, 3.7030535168e-05, 3.81493009627e-05, 2.01290094992e-05, 1.9782284653e-05, 1.878322837e-05, 1.99691367015e-05, 2.01859347726e-05, 3.03177475871e-05, 2.9633178201e-05, 1.94088443095e-05, 2.06807908398e-05, 2.0449027943e-05, 2.29926572501e-05, 2.15493437281e-05, 1.64600769494e-05, 1.61637217388e-05, 1.40649999594e-05, 1.20609820442e-05, 7.46894329495e-06, 5.60998068977e-06, 4.59139755549e-06],
        "var": [8.78743812791e-05, 1.99588830583e-05, 6.4566979745e-06, 3.13879286296e-06, 1.00711872619e-06, 7.02389627349e-07, 3.78968707082e-07, 3.94382126956e-08, 1.22987259488e-07, 1.76904197957e-08, 1.07466275878e-08, 1.39254119347e-08, 1.00236725586e-08, 1.38201734501e-08, 5.57176926819e-09, 7.02309543854e-09, 1.07827951012e-08, 5.46127454371e-09, 1.89826132591e-09, 1.37126054955e-09, 1.45536915852e-09, 4.05177030816e-10, 3.91338794703e-10, 3.52809642612e-10, 3.98766436538e-10, 4.07471945074e-10, 9.19165799029e-10, 8.78125294701e-10, 3.7670322417e-10, 4.27695101557e-10, 4.18162754423e-10, 5.28662280619e-10, 4.64374233511e-10, 2.70934108482e-10, 2.61265925561e-10, 1.97824215342e-10, 1.45467277113e-10, 5.57851126404e-11, 3.14718841266e-11, 2.10809321388e-11]
    },
    "melbands128": {
