{
"lowlevel": {
    "average_loudness": 0.948008596897,
    "barkbands_crest": {
        "dmean": 2.91502118111,
        "dmean2": 4.2134103775,
        "dvar": 8.77284526825,
        "dvar2": 19.8166370392,
        "max": 25.6119480133,
        "mean": 12.6650772095,
        "median": 11.5769329071,
        "min": 2.80920124054,
        "stdev": 5.32585191727,
        "var": 28.36469841
    },
    "barkbands_flatness_db": {
        "dmean": 0.0348422005773,
        "dmean2": 0.0466254018247,
        "dvar": 0.00137125537731,
        "dvar2": 0.00246567022987,
        "max": 0.489937216043,
        "mean": 0.192010387778,
        "median": 0.183919489384,
        "min": 0.0309773441404,
        "stdev": 0.0740731880069,
        "var": 0.00548683665693
    },
    "barkbands_kurtosis": {
        "dmean": 8.08890533447,
        "dmean2": 12.0123538971,
        "dvar": 194.644851685,
        "dvar2": 430.232574463,
        "max": 310.354644775,
        "mean": 13.4978942871,
        "median": 7.48500347137,
        "min": -1.89439022541,
        "stdev": 19.9336299896,
        "var": 397.349578857
    },
    "barkbands_skewness": {
        "dmean": 0.854087710381,
        "dmean2": 1.22956526279,
        "dvar": 0.865867853165,
        "dvar2": 1.85375142097,
        "max": 12.7491130829,
        "mean": 2.65623760223,
        "median": 2.26363110542,
        "min": -2.20950555801,
        "stdev": 1.63723361492,
        "var": 2.68053388596
    },
    "barkbands_spread": {
        "dmean": 5.57457685471,
        "dmean2": 8.06777572632,
        "dvar": 69.0167617798,
        "dvar2": 133.331893921,
        "max": 86.9662017822,
        "mean": 12.744468689,
        "median": 9.49723625183,
        "min": 0.239434048533,
        "stdev": 11.6507921219,
        "var": 135.740951538
    },
    "dissonance": {
        "dmean": 0.0327154807746,
        "dmean2": 0.0539067946374,
        "dvar": 0.00115110853221,
        "dvar2": 0.00285326945595,
        "max": 0.5,
        "mean": 0.436256021261,
        "median": 0.447076052427,
        "min": 0.0267304610461,
        "stdev": 0.045026730746,
        "var": 0.00202740659006
    },
    "dynamic_complexity": 1.27500581741,
    "erbbands_crest": {
        "dmean": 2.90516424179,
        "dmean2": 4.6014714241,
        "dvar": 8.30441761017,
        "dvar2": 20.0130653381,
        "max": 26.8924560547,
        "mean": 9.88647842407,
        "median": 9.10741138458,
        "min": 2.87293052673,
        "stdev": 4.23304796219,
        "var": 17.9186954498
    },
    "erbbands_flatness_db": {
        "dmean": 0.0244037080556,
        "dmean2": 0.0332129336894,
        "dvar": 0.00078548170859,
        "dvar2": 0.00143781316001,
        "max": 0.310866087675,
        "mean": 0.166983023286,
        "median": 0.165120393038,
        "min": 0.0611378401518,
        "stdev": 0.0500359497964,
        "var": 0.00250359624624
    },
    "erbbands_kurtosis": {
        "dmean": 1.60071957111,
        "dmean2": 2.47900390625,
        "dvar": 4.39963531494,
        "dvar2": 10.2603445053,
        "max": 26.4826011658,
        "mean": 2.13966441154,
        "median": 1.33746385574,
        "min": -1.83138418198,
        "stdev": 3.19253611565,
        "var": 10.1922864914
    },
    "erbbands_skewness": {
        "dmean": 0.460190862417,
        "dmean2": 0.696176588535,
        "dvar": 0.213575363159,
        "dvar2": 0.505963623524,
        "max": 4.28047704697,
        "mean": 0.971192896366,
        "median": 0.934328258038,
        "min": -1.97958540916,
        "stdev": 0.738611757755,
        "var": 0.545547306538
    },
    "erbbands_spread": {
        "dmean": 10.4591836929,
        "dmean2": 14.8867368698,
        "dvar": 192.55140686,
        "dvar2": 365.061126709,
        "max": 152.083389282,
        "mean": 35.0098838806,
        "median": 28.7098331451,
        "min": 5.60544538498,
        "stdev": 22.6601676941,
        "var": 513.483215332
    },
    "hfc": {
        "dmean": 8.58903503418,
        "dmean2": 12.0375823975,
        "dvar": 155.571105957,
        "dvar2": 259.436920166,
        "max": 104.13659668,
        "mean": 21.7083740234,
        "median": 17.3742237091,
        "min": 1.12338406374e-16,
        "stdev": 16.5703334808,
        "var": 274.575927734
    },
    "loudness_ebu128": {
        "integrated": -7.51579332352,
        "loudness_range": 1.96554327011,
        "momentary": {
            "dmean": 0.592303335667,
            "dmean2": 1.01668477058,
            "dvar": 0.263103187084,
            "dvar2": 0.658149957657,
            "max": -5.64212417603,
            "mean": -7.64374637604,
            "median": -7.42316913605,
            "min": -12.3651447296,
            "stdev": 1.09562981129,
            "var": 1.20040464401
        },
        "short_term": {
            "dmean": 0.0502111986279,
            "dmean2": 0.0661567822099,
            "dvar": 0.00230483384803,
            "dvar2": 0.00353557476774,
            "max": -6.56871318817,
            "mean": -7.64226198196,
            "median": -7.53565406799,
            "min": -8.81615257263,
            "stdev": 0.694108963013,
            "var": 0.481787264347
        }
    },
    "melbands_crest": {
        "dmean": 3.52997684479,
        "dmean2": 4.98501586914,
        "dvar": 11.6159944534,
        "dvar2": 22.6467628479,
        "max": 37.2115287781,
        "mean": 17.9644756317,
        "median": 16.2127914429,
        "min": 2.16563153267,
        "stdev": 7.85649108887,
        "var": 61.7244529724
    },
    "melbands_flatness_db": {
        "dmean": 0.0403685234487,
        "dmean2": 0.0535600408912,
        "dvar": 0.00186571932863,
        "dvar2": 0.00327764381655,
        "max": 0.607068061829,
        "mean": 0.271298617125,
        "median": 0.261664032936,
        "min": 0.00684256339446,
        "stdev": 0.092292137444,
        "var": 0.00851783808321
    },
    "melbands_kurtosis": {
        "dmean": 14.1318511963,
        "dmean2": 21.1074619293,
        "dvar": 540.635070801,
        "dvar2": 1172.95300293,
        "max": 385.047912598,
        "mean": 25.9009151459,
        "median": 13.81133461,
        "min": -1.73926341534,
        "stdev": 36.2061920166,
        "var": 1310.88830566
    },
    "melbands_skewness": {
        "dmean": 1.03507745266,
        "dmean2": 1.47082912922,
        "dvar": 1.32524037361,
        "dvar2": 2.8402326107,
        "max": 15.172794342,
        "mean": 3.43527507782,
        "median": 2.8386080265,
        "min": 0.0246679354459,
        "stdev": 2.21779870987,
        "var": 4.91863059998
    },
    "melbands_spread": {
        "dmean": 4.98040962219,
        "dmean2": 7.23177337646,
        "dvar": 95.1907501221,
        "dvar2": 173.601974487,
        "max": 192.523361206,
        "mean": 11.8435306549,
        "median": 9.34704875946,
        "min": 0.245879113674,
        "stdev": 12.1403512955,
        "var": 147.388122559
    },
    "pitch_salience": {
        "dmean": 0.0832188725471,
        "dmean2": 0.127241522074,
        "dvar": 0.00930919777602,
        "dvar2": 0.0222209412605,
        "max": 0.974862992764,
        "mean": 0.494700103998,
        "median": 0.513970136642,
        "min": 0.0565136931837,
        "stdev": 0.175513759255,
        "var": 0.0308050792664
    },
    "silence_rate_20dB": {
        "dmean": 0,
        "dmean2": 0,
        "dvar": 0,
        "dvar2": 0,
        "max": 1,
        "mean": 1,
        "median": 1,
        "min": 1,
        "stdev": 0,
        "var": 0
    },
    "silence_rate_30dB": {
        "dmean": 0.088235296309,
        "dmean2": 0.17660728097,
        "dvar": 0.0804488807917,
        "dvar2": 0.165555983782,
        "max": 1,
        "mean": 0.819798946381,
        "median": 1,
        "min": 0,
        "stdev": 0.384353578091,
        "var": 0.147727683187
    },
    "silence_rate_60dB": {
        "dmean": 0.00541795650497,
        "dmean2": 0.0108443070203,
        "dvar": 0.00538868783042,
        "dvar2": 0.0122757647187,
        "max": 1,
        "mean": 0.0100541375577,
        "median": 0,
        "min": 0,
        "stdev": 0.0997650027275,
        "var": 0.00995305646211
    },
    "spectral_centroid": {
        "dmean": 249.200653076,
        "dmean2": 359.609130859,
        "dvar": 188457.734375,
        "dvar2": 311595.5625,
        "max": 11000.2568359,
        "mean": 821.225036621,
        "median": 747.229492188,
        "min": 124.405914307,
        "stdev": 526.848083496,
        "var": 277568.90625
    },
    "spectral_complexity": {
        "dmean": 4.54102182388,
        "dmean2": 6.3756775856,
        "dvar": 34.6061019897,
        "dvar2": 48.1183700562,
        "max": 52,
        "mean": 15.7354984283,
        "median": 13,
        "min": 0,
        "stdev": 8.93733882904,
        "var": 79.8760299683
    },
    "spectral_decrease": {
        "dmean": 5.09189002074e-09,
        "dmean2": 6.86581724807e-09,
        "dvar": 5.85558243951e-17,
        "dvar2": 1.09978076275e-16,
        "max": -1.18334997832e-28,
        "mean": -1.58742636813e-08,
        "median": -1.09447464425e-08,
        "min": -6.91199133485e-08,
        "stdev": 1.37312223814e-08,
        "var": 1.88546463564e-16
    },
    "spectral_energy": {
        "dmean": 0.019770603627,
        "dmean2": 0.0265599191189,
        "dvar": 0.000851780758239,
        "dvar2": 0.00160186504945,
        "max": 0.263165712357,
        "mean": 0.0618821009994,
        "median": 0.0432148389518,
        "min": 1.0636045836e-20,
        "stdev": 0.0521480701864,
        "var": 0.00271942140535
    },
    "spectral_energyband_high": {
        "dmean": 0.000585985078942,
        "dmean2": 0.000845517963171,
        "dvar": 1.08060555704e-06,
        "dvar2": 1.78148320629e-06,
        "max": 0.00818436313421,
        "mean": 0.000841378525365,
        "median": 0.000311079085805,
        "min": 7.63447396487e-21,
        "stdev": 0.0013308073394,
        "var": 1.77104811883e-06
    },
    "spectral_energyband_low": {
        "dmean": 0.0150263849646,
        "dmean2": 0.0200973264873,
        "dvar": 0.000882814754732,
        "dvar2": 0.00167212297674,
        "max": 0.253782361746,
        "mean": 0.0371849685907,
        "median": 0.0172591153532,
        "min": 1.51305881893e-22,
        "stdev": 0.0527473948896,
        "var": 0.00278228754178
    },
    "spectral_energyband_middle_high": {
        "dmean": 0.00179199152626,
        "dmean2": 0.00255127740093,
        "dvar": 6.08843492955e-06,
        "dvar2": 1.0319348803e-05,
        "max": 0.0246608573943,
        "mean": 0.00427472777665,
        "median": 0.00311820348725,
        "min": 1.47428879193e-21,
        "stdev": 0.00400912249461,
        "var": 1.6073061488e-05
    },
    "spectral_energyband_middle_low": {
        "dmean": 0.00888845231384,
        "dmean2": 0.014438059181,
        "dvar": 0.000205532618565,
        "dvar2": 0.000542723224498,
        "max": 0.133678004146,
        "mean": 0.021603634581,
        "median": 0.0180965457112,
        "min": 4.6440587327e-22,
        "stdev": 0.0157829858363,
        "var": 0.000249102624366
    },
    "spectral_entropy": {
        "dmean": 0.314963102341,
        "dmean2": 0.422813594341,
        "dvar": 0.123132131994,
        "dvar2": 0.208309412003,
        "max": 9.7951965332,
        "mean": 7.21720838547,
        "median": 7.21019983292,
        "min": 5.29138278961,
        "stdev": 0.610406041145,
        "var": 0.372595518827
    },
    "spectral_flux": {
        "dmean": 0.0465469099581,
        "dmean2": 0.0691608339548,
        "dvar": 0.00305577157997,
        "dvar2": 0.00519194314256,
        "max": 0.45827537775,
        "mean": 0.112704791129,
        "median": 0.0937464311719,
        "min": 1.03131204965e-10,
        "stdev": 0.0820591747761,
        "var": 0.00673370854929
    },
    "spectral_kurtosis": {
        "dmean": 2.90123772621,
        "dmean2": 4.44965267181,
        "dvar": 30.9639949799,
        "dvar2": 68.9341201782,
        "max": 85.8688583374,
        "mean": 6.41455364227,
        "median": 4.52586174011,
        "min": -1.21136593819,
        "stdev": 7.33626461029,
        "var": 53.8207778931
    },
    "spectral_rms": {
        "dmean": 0.00117112847511,
        "dmean2": 0.0015449494822,
        "dvar": 2.12428813029e-06,
        "dvar2": 3.75661079488e-06,
        "max": 0.0160233285278,
        "mean": 0.00717725791037,
        "median": 0.00649313628674,
        "min": 3.22127762832e-12,
        "stdev": 0.0029765390791,
        "var": 8.85978533915e-06
    },
    "spectral_rolloff": {
        "dmean": 450.848480225,
        "dmean2": 727.12713623,
        "dvar": 1471384.375,
        "dvar2": 2665350.5,
        "max": 18410.8886719,
        "mean": 851.470031738,
        "median": 495.263671875,
        "min": 43.06640625,
        "stdev": 1424.7199707,
        "var": 2029827.125
    },
    "spectral_skewness": {
        "dmean": 0.381093114614,
        "dmean2": 0.552106022835,
        "dvar": 0.255510658026,
        "dvar2": 0.515482187271,
        "max": 6.86780452728,
        "mean": 1.99550032616,
        "median": 1.84300434589,
        "min": -0.00468360958621,
        "stdev": 0.789334058762,
        "var": 0.623048245907
    },
    "spectral_spread": {
        "dmean": 890399.875,
        "dmean2": 1185669.875,
        "dvar": 1.57246908006e+12,
        "dvar2": 1.97427475251e+12,
        "max": 41272108,
        "mean": 5159508.5,
        "median": 4977882,
        "min": 1010314.125,
        "stdev": 2045155,
        "var": 4.18265877709e+12
    },
    "spectral_strongpeak": {
        "dmean": 0.380993932486,
        "dmean2": 0.631979167461,
        "dvar": 0.264290630817,
        "dvar2": 0.592641115189,
        "max": 3.46504163742,
        "mean": 0.922961175442,
        "median": 0.672892212868,
        "min": 0,
        "stdev": 0.772832751274,
        "var": 0.597270429134
    },
    "zerocrossingrate": {
        "dmean": 0.0129455002025,
        "dmean2": 0.0145084960386,
        "dvar": 0.000470514787594,
        "dvar2": 0.000529657118022,
        "max": 0.4833984375,
        "mean": 0.0405243225396,
        "median": 0.03173828125,
        "min": 0.0009765625,
        "stdev": 0.036873690784,
        "var": 0.00135966902599
    },
    "barkbands": {
        "dmean": [0.00218502851203, 0.0119465282187, 0.00461129797623, 0.00393277127296, 0.00305494247004, 0.00212858640589, 0.00189457810484, 0.00126173230819, 0.000834309204947, 0.000539536646102, 0.000475775246741, 0.000533213897143, 0.000363924424164, 0.000303150358377, 0.000220693284064, 0.000118515832582, 9.37522054301e-05, 0.000111909292173, 0.000104319442471, 0.000115362781798, 9.3448543339e-05, 0.000113351379696, 0.000107605323137, 0.000108680440462, 0.000112181834993, 5.69313160668e-05, 7.28174109099e-06],
        "dmean2": [0.00239446898922, 0.0148567743599, 0.00850990321487, 0.00676386384293, 0.00506515009329, 0.00353430304676, 0.00314741698094, 0.0019877969753, 0.00122985092457, 0.000754569249693, 0.00071924837539, 0.000785391253885, 0.000586971698795, 0.000470056082122, 0.000321176281432, 0.000182650372153, 0.000144896024722, 0.000175517881871, 0.000157071699505, 0.000176320507308, 0.000133387191454, 0.000171732332092, 0.000157001733896, 0.000164223049069, 0.000160327297635, 8.22280853754e-05, 1.08653030111e-05],
        "dvar": [2.43457616307e-05, 0.00072099006502, 0.000246893789154, 0.000112774003355, 2.41564466705e-05, 1.35217069328e-05, 9.59126919042e-06, 6.56858082948e-06, 2.90254820356e-06, 7.51252514419e-07, 8.28961958632e-07, 8.27335156828e-07, 4.1038978793e-07, 4.95344352203e-07, 2.17857532903e-07, 5.92304338909e-08, 2.2214194928e-08, 4.80667203817e-08, 4.02730329085e-08, 3.2572597064e-08, 2.08824086911e-08, 4.41695320319e-08, 4.2922103205e-08, 4.58908679946e-08, 4.93875056407e-08, 1.13068336915e-08, 2.60388932638e-10],
        "dvar2": [2.79286141449e-05, 0.00129238341469, 0.000705126614776, 0.000298250990454, 6.25912216492e-05, 3.60275698768e-05, 2.41179459408e-05, 1.45029780469e-05, 5.59092586627e-06, 1.33642686251e-06, 1.94170866052e-06, 1.7089270159e-06, 9.90772036857e-07, 1.29340753574e-06, 4.58619922483e-07, 1.28226190554e-07, 4.9109559086e-08, 1.10266356046e-07, 8.73257590683e-08, 7.80526718813e-08, 4.1505217041e-08, 8.41338163582e-08, 8.28381132578e-08, 9.34324475566e-08, 9.03423895693e-08, 2.15718305441e-08, 4.81862438839e-10],
        "max": [0.132667094469, 0.233498007059, 0.117797091603, 0.120139338076, 0.0564753264189, 0.0397331342101, 0.0324691273272, 0.0273162703961, 0.0257718190551, 0.011790746823, 0.0153012936935, 0.0112376688048, 0.00597152486444, 0.0119243143126, 0.00688357511535, 0.00448818644509, 0.00141568109393, 0.00257317675278, 0.00212051533163, 0.00167831359431, 0.0013043457875, 0.00175426446367, 0.00175846810453, 0.00168530049268, 0.00242477236316, 0.000850375799928, 0.000131641805638],
        "mean": [0.00533331092447, 0.0266289096326, 0.00349633046426, 0.00488468492404, 0.00579421594739, 0.00364501774311, 0.0028888033703, 0.00211927527562, 0.00166993902531, 0.00121991708875, 0.000751486630179, 0.000752769818064, 0.000513870385475, 0.000408472900745, 0.000302273576381, 0.000156783586135, 0.000136953705805, 0.000135497059091, 0.000129377658595, 0.00016080030764, 0.000140282281791, 0.000150341395056, 0.000124771919218, 0.000130572399939, 0.000135505877552, 6.49128414807e-05, 7.06383161742e-06],
        "median": [0.000215230014874, 0.00132794305682, 0.000590655603446, 0.00150654488243, 0.00399674708024, 0.00236623478122, 0.00155480578542, 0.000447927537607, 0.000475586566608, 0.000422718760092, 0.00029483975959, 0.000217690554564, 0.00014759003534, 9.16026401683e-05, 8.18130647531e-05, 2.85165515379e-05, 5.16778927704e-05, 4.10206703236e-05, 4.41528245574e-05, 8.57246413943e-05, 6.43117382424e-05, 5.1226841606e-05, 2.83815006696e-05, 2.83914741885e-05, 3.16035439027e-05, 1.27469375002e-05, 3.20175132629e-07],
        "min": [6.84595518547e-23, 2.29834719399e-23, 8.60177717585e-23, 2.01704412836e-23, 8.61305662462e-23, 2.85323416354e-23, 7.11236361059e-23, 8.60286391064e-23, 1.45659871866e-22, 5.71698289631e-23, 7.27389644934e-23, 1.10529106344e-22, 7.07116550758e-23, 6.08754494228e-23, 1.44290169521e-22, 1.69188538199e-22, 1.56281044607e-22, 2.90904007724e-22, 1.6656458488e-22, 3.32130433989e-22, 3.9873960215e-22, 5.98473200631e-22, 6.23299019349e-22, 9.89419892022e-22, 1.41019107921e-21, 1.47144222837e-21, 2.18584455961e-21],
        "stdev": [0.0129597857594, 0.0450778566301, 0.0119289131835, 0.0111295534298, 0.00605002325028, 0.00413735629991, 0.00371595844626, 0.00368779036216, 0.00281528267078, 0.00180642912164, 0.00118078128435, 0.00136211479548, 0.000826426548883, 0.000783856783528, 0.000599210441578, 0.000307637441438, 0.000191853599972, 0.00024271204893, 0.000223949493375, 0.000213329811231, 0.000187522877241, 0.000247349380516, 0.000240196459345, 0.000246920710197, 0.00028578194906, 0.000127791310661, 1.81391387741e-05],
        "var": [0.000167956051882, 0.00203201314434, 0.000142298973515, 0.000123866964714, 3.66027816199e-05, 1.71177161974e-05, 1.38083478305e-05, 1.35997970574e-05, 7.92581704445e-06, 3.26318604493e-06, 1.39424446388e-06, 1.85535668606e-06, 6.82980839883e-07, 6.14431485246e-07, 3.59053132115e-07, 9.4640796533e-08, 3.68078048041e-08, 5.89091406766e-08, 5.01533783392e-08, 4.55096085261e-08, 3.5164831047e-08, 6.11817156937e-08, 5.76943364194e-08, 6.09698318499e-08, 8.16713168206e-08, 1.63306204115e-08, 3.29028360113e-10]
    },
    "erbbands": {
        "dmean": [0.526913106441, 2.71690583229, 5.56991004944, 9.42940425873, 10.6864967346, 10.7075576782, 9.99621391296, 20.8994979858, 28.8787498474, 23.5845584869, 25.5343513489, 20.4168167114, 17.5793838501, 13.697268486, 18.0772457123, 21.9405784607, 16.4261856079, 14.0219202042, 13.6461715698, 9.15300369263, 5.31920194626, 5.27179431915, 6.47684669495, 4.36434936523, 5.31011867523, 5.69508934021, 4.20984220505, 3.58860445023, 3.88916873932, 3.81105303764, 3.05019402504, 2.68527722359, 1.63219559193, 1.35570216179, 0.733184635639, 0.297983407974, 0.100007712841, 0.0205574966967, 0.000854698766489, 3.67257780454e-05],
        "dmean2": [0.579706549644, 3.61370062828, 9.73585128784, 16.7357215881, 17.5588703156, 17.5140552521, 16.4095573425, 35.1495094299, 47.2028541565, 38.2929763794, 38.7291221619, 30.0614643097, 24.5591907501, 20.905046463, 26.2399673462, 31.6726322174, 26.0838375092, 22.6626319885, 20.1962223053, 13.4443597794, 8.36922931671, 7.98589849472, 10.24655056, 6.48582601547, 7.95187234879, 8.86728096008, 6.31902503967, 5.09812927246, 5.89684915543, 5.62317371368, 4.44769620895, 4.03360319138, 2.40582895279, 1.99193429947, 1.05003297329, 0.425834953785, 0.148153156042, 0.0300690047443, 0.00126420671586, 4.94844207424e-05],
        "dvar": [1.14278876781, 48.9564056396, 332.300109863, 574.093139648, 455.455688477, 342.154754639, 374.523712158, 1485.51428223, 2428.62744141, 1885.53430176, 2378.19360352, 1807.94335938, 826.898986816, 723.636779785, 1061.47937012, 1385.06054688, 825.631469727, 1142.32995605, 725.807067871, 353.599304199, 96.7090759277, 71.7976150513, 171.695755005, 79.8288116455, 86.5449523926, 89.0107421875, 46.5172958374, 33.0484275818, 51.7510261536, 53.4587860107, 35.319644928, 31.0538902283, 9.49602222443, 7.29759836197, 2.16085362434, 0.302529156208, 0.0383752062917, 0.00181467121001, 3.55578026756e-06, 2.57767629464e-09],
        "dvar2": [1.4897865057, 104.391654968, 906.402954102, 1576.2779541, 1173.70861816, 846.880310059, 971.372192383, 3969.00268555, 6290.20898438, 4344.59521484, 5127.125, 3775.30859375, 1472.35229492, 1761.59057617, 2190.43066406, 2697.16040039, 1985.87780762, 3021.57348633, 1496.48291016, 775.826965332, 211.238555908, 149.214401245, 398.135345459, 169.30279541, 178.86882019, 214.010040283, 103.771820068, 63.8844146729, 96.0067367554, 104.642463684, 68.6955718994, 70.0285720825, 16.1550827026, 13.430141449, 4.12775421143, 0.575320243835, 0.0772602036595, 0.00328039540909, 6.49845605949e-06, 4.40996705819e-09],
        "max": [12.5963773727, 60.3334312439, 134.361297607, 222.804092407, 217.276092529, 247.283355713, 257.66394043, 431.007659912, 658.178955078, 435.87197876, 512.774169922, 757.676269531, 426.29800415, 552.397827148, 578.532226562, 579.64453125, 298.063232422, 609.942016602, 435.953399658, 279.951599121, 182.990890503, 94.9781188965, 157.78616333, 118.224960327, 105.030784607, 82.7394180298, 62.3058280945, 53.9651756287, 65.2267150879, 75.2241363525, 48.90782547, 41.5797691345, 29.2132873535, 27.3366851807, 19.6206912994, 6.11585617065, 1.41745710373, 0.327629327774, 0.0166636575013, 0.000380190933356],
        "mean": [1.15388333797, 4.34461116791, 5.03605890274, 11.3005590439, 16.8756809235, 20.8274459839, 17.4315929413, 35.0965423584, 47.5313568115, 37.9898719788, 47.0010871887, 41.7707748413, 42.436706543, 25.1009864807, 30.0372428894, 32.5140380859, 25.3067531586, 20.1912937164, 19.5276451111, 13.184797287, 7.90989255905, 7.68773412704, 7.86853122711, 5.71884536743, 7.49282932281, 7.75236415863, 6.13969659805, 5.28304672241, 5.21817207336, 4.79108715057, 3.48260426521, 2.94092011452, 2.07352614403, 1.62184333801, 0.867498576641, 0.3568610847, 0.105651050806, 0.0212912280113, 0.000877139740624, 8.85374320205e-05],
        "median": [0.0664996281266, 0.166551783681, 0.861580193043, 3.59874367714, 8.70856571198, 12.5700473785, 10.2813873291, 21.8447475433, 30.3674411774, 14.4241571426, 10.9923973083, 16.2302112579, 18.8603096008, 11.9000549316, 11.9593391418, 11.6415672302, 8.83314228058, 7.67005300522, 5.46878385544, 3.50798463821, 2.13739943504, 3.20015501976, 2.51252222061, 1.65632033348, 3.22626781464, 3.92238259315, 3.16400790215, 2.08725357056, 1.76113736629, 1.52665865421, 0.711780905724, 0.506977975368, 0.517271578312, 0.389836668968, 0.197139680386, 0.0843905508518, 0.0180679038167, 0.00211259676144, 8.78963473951e-05, 5.76476486458e-05],
        "min": [1.24446243446e-21, 5.17355428919e-21, 6.64555547032e-20, 1.11676374956e-19, 2.7734081224e-19, 2.11807118018e-19, 1.12473583196e-19, 2.85757969509e-19, 3.6802692339e-19, 2.3088418286e-18, 1.67451206861e-18, 4.1779999385e-18, 2.47822360263e-18, 1.43966980584e-18, 3.98310129693e-18, 3.72073408229e-18, 3.71148206714e-18, 2.89503391624e-18, 7.25761486573e-18, 5.46983106218e-18, 1.02043870681e-17, 9.36456217273e-18, 1.3835241773e-17, 1.15241107221e-17, 1.00325642841e-17, 1.65378104062e-17, 1.71388266044e-17, 1.60781130526e-17, 2.29381782985e-17, 1.73278820422e-17, 1.76580627642e-17, 1.97757046893e-17, 1.69174068981e-17, 1.41670445962e-17, 1.19900665242e-17, 6.03850036252e-18, 2.65413059093e-18, 1.04307030633e-18, 3.18762088209e-19, 3.06054209393e-20],
        "stdev": [2.00512695312, 8.88117218018, 15.0237159729, 23.6218585968, 24.3422374725, 25.8071975708, 23.0898952484, 41.4409065247, 56.826751709, 57.4230651855, 76.6096572876, 68.6409683228, 59.585559845, 35.2172393799, 47.2102203369, 57.4443702698, 37.8788490295, 34.8573532104, 35.419002533, 24.9875144958, 12.9921216965, 10.8848590851, 14.1751728058, 10.1551799774, 11.0478820801, 10.8285341263, 8.28471279144, 7.43108463287, 8.60056686401, 8.35156345367, 6.88365077972, 6.0294175148, 3.85093569756, 3.39371228218, 1.87862586975, 0.70065754652, 0.219563692808, 0.0490255020559, 0.00212802784517, 7.47325757402e-05],
        "var": [4.02053403854, 78.875213623, 225.712036133, 557.992248535, 592.544494629, 666.011474609, 533.143249512, 1717.34875488, 3229.27954102, 3297.40844727, 5869.04003906, 4711.58300781, 3550.43896484, 1240.25390625, 2228.80493164, 3299.85546875, 1434.80712891, 1215.03503418, 1254.50585938, 624.375915527, 168.795227051, 118.480155945, 200.935516357, 103.127685547, 122.05569458, 117.257141113, 68.6364593506, 55.2210159302, 73.9697570801, 69.7486114502, 47.3846473694, 36.3538742065, 14.829706192, 11.517282486, 3.52923536301, 0.490921020508, 0.0482082180679, 0.00240350002423, 4.52850235888e-06, 5.58495827363e-09]
    },
    "gfcc": {
        "mean": [4.75449895859, 96.6276092529, -94.2454147339, 14.4482460022, -73.1777648926, 8.48375988007, -40.0733413696, 2.00984835625, -31.6498184204, 5.64787769318, -17.7641429901, -1.52845883369, -9.84806632996],
        "cov": [[5389.94677734, -1533.14367676, -321.391967773, 311.197692871, 41.0834999084, 427.96206665, -146.268859863, 191.173995972, -81.7236328125, 275.271911621, -65.7349014282, 203.340026855, -239.912857056], [-1533.14367676, 1924.66662598, 529.980712891, 185.057296753, 587.02557373, 77.0789871216, 442.275238037, 101.96837616, 344.855010986, 1.62600469589, 259.843994141, -58.0897102356, 295.323425293], [-321.391967773, 529.980712891, 812.803588867, 423.58416748, 461.488677979, 237.497528076, 211.825515747, 177.841934204, 214.95022583, 67.5512619019, 151.333862305, 84.685760498, 136.217712402], [311.197692871, 185.057296753, 423.58416748, 663.836303711, 501.895812988, 196.57975769, 81.7138366699, 133.266830444, 252.979202271, 102.646263123, 81.9171676636, 61.188369751, 135.895187378], [41.0834999084, 587.02557373, 461.488677979, 501.895812988, 803.942810059, 333.314727783, 277.082855225, 210.278244019, 351.458892822, 160.936752319, 208.037200928, 81.9557418823, 199.530700684], [427.96206665, 77.0789871216, 237.497528076, 196.57975769, 333.314727783, 361.767089844, 260.69744873, 181.16885376, 142.816314697, 138.62361145, 148.320205688, 77.0368499756, 62.3236999512], [-146.268859863, 442.275238037, 211.825515747, 81.7138366699, 277.082855225, 260.69744873, 451.597473145, 207.90322876, 129.574829102, 75.7368927002, 190.537704468, 60.2750701904, 66.2006530762], [191.173995972, 101.96837616, 177.841934204, 133.266830444, 210.278244019, 181.16885376, 207.90322876, 238.027603149, 120.614501953, 105.113922119, 107.911949158, 68.3321456909, 50.2983703613], [-81.7236328125, 344.855010986, 214.95022583, 252.979202271, 351.458892822, 142.816314697, 129.574829102, 120.614501953, 298.965270996, 136.833755493, 115.304748535, 37.0442314148, 160.271636963], [275.271911621, 1.62600469589, 67.5512619019, 102.646263123, 160.936752319, 138.62361145, 75.7368927002, 105.113922119, 136.833755493, 222.322738647, 95.4851074219, 30.5908412933, 74.8949279785], [-65.7349014282, 259.843994141, 151.333862305, 81.9171676636, 208.037200928, 148.320205688, 190.537704468, 107.911949158, 115.304748535, 95.4851074219, 175.903945923, 58.3948936462, 78.1979980469], [203.340026855, -58.0897102356, 84.685760498, 61.188369751, 81.9557418823, 77.0368499756, 60.2750701904, 68.3321456909, 37.0442314148, 30.5908412933, 58.3948936462, 111.984397888, 31.7669067383], [-239.912857056, 295.323425293, 136.217712402, 135.895187378, 199.530700684, 62.3236999512, 66.2006530762, 50.2983703613, 160.271636963, 74.8949279785, 78.1979980469, 31.7669067383, 184.435394287]],
        "icov": [[0.000377402204322, -3.92081456084e-05, 0.000367666711099, -0.000348529632902, 9.19497688301e-05, -0.000777646899223, 0.000423362565925, -0.000203669231269, 0.000149043014972, -0.000393375812564, 0.000340171041898, -0.000723238917999, 0.000616415054537], [-3.92081456084e-05, 0.00214309827425, -0.00103035138454, 0.000896530924365, -0.00127996283118, 0.00233536073938, -0.00212631374598, 0.000789161073044, -0.000795989122707, 0.00114618579391, -0.00154447439127, 0.00273986929096, -0.00182944175322], [0.000367666711099, -0.00103035138454, 0.00309841381386, -0.00173663394526, 0.000422857818194, -0.002185493242, 0.00140780431684, -0.00115133239888, 0.000574973295443, 6.64407270961e-05, 0.000155702859047, -0.00202062632889, 0.000964398030192], [-0.000348529632902, 0.000896530924365, -0.00173663394526, 0.00447954749689, -0.00237394147553, 0.00122389383614, -0.000216081680264, 9.49271998252e-05, -0.00152749859262, 0.000773626670707, 0.000588368682656, 0.00123039598111, -0.00114872981794], [9.19497688301e-05, -0.00127996283118, 0.000422857818194, -0.00237394147553, 0.0055156708695, -0.00346412928775, 0.00122040859424, -0.000381585647119, -0.00206456636079, 0.000329018512275, -0.000766384298913, -0.00112413999159, 0.000654495903291], [-0.000777646899223, 0.00233536073938, -0.002185493242, 0.00122389383614, -0.00346412928775, 0.0121772065759, -0.00605575973168, 0.000703355763108, 0.000151647574967, -0.00137355702464, -0.00190094916616, 0.00236606178805, -0.00159962696489], [0.000423362565925, -0.00212631374598, 0.00140780431684, -0.000216081680264, 0.00122040859424, -0.00605575973168, 0.00962213799357, -0.00474401889369, 0.000478098052554, 0.00161857425701, -0.00342378672212, -0.00128030707128, 0.0022403835319], [-0.000203669231269, 0.000789161073044, -0.00115133239888, 9.49271998252e-05, -0.000381585647119, 0.000703355763108, -0.00474401889369, 0.0107259200886, -0.00176502333488, -0.00231022294611, 0.000929974368773, -0.0020481813699, 0.000635039061308], [0.000149043014972, -0.000795989122707, 0.000574973295443, -0.00152749859262, -0.00206456636079, 0.000151647574967, 0.000478098052554, -0.00176502333488, 0.011860855855, -0.00359523924999, 0.000446014368208, 1.00620109151e-05, -0.00437649386004], [-0.000393375812564, 0.00114618579391, 6.64407270961e-05, 0.000773626670707, 0.000329018512275, -0.00137355702464, 0.00161857425701, -0.00231022294611, -0.00359523924999, 0.0105653554201, -0.00545781478286, 0.00388882867992, -0.00233073951676], [0.000340171041898, -0.00154447439127, 0.000155702859047, 0.000588368682656, -0.000766384298913, -0.00190094916616, -0.00342378672212, 0.000929974368773, 0.000446014368208, -0.00545781478286, 0.0182585883886, -0.00691808201373, 9.27002183744e-05], [-0.000723238917999, 0.00273986929096, -0.00202062632889, 0.00123039598111, -0.00112413999159, 0.00236606178805, -0.00128030707128, -0.0020481813699, 1.00620109151e-05, 0.00388882867992, -0.00691808201373, 0.0176130216569, -0.00499580288306], [0.000616415054537, -0.00182944175322, 0.000964398030192, -0.00114872981794, 0.000654495903291, -0.00159962696489, 0.0022403835319, 0.000635039061308, -0.00437649386004, -0.00233073951676, 9.27002183744e-05, -0.00499580288306, 0.0137131419033]]
    },
    "melbands": {
        "dmean": [0.00361314578913, 0.00291954609565, 0.00162580842152, 0.000709014479071, 0.00036936296965, 0.000462776777567, 0.000419395713834, 0.000261468288954, 0.000203585732379, 0.000127089529997, 8.89695074875e-05, 5.67867864447e-05, 5.94045159232e-05, 5.55302540306e-05, 5.40556357009e-05, 3.22509622492e-05, 2.91045362246e-05, 2.5109087801e-05, 1.44115238072e-05, 1.0568691323e-05, 6.3403040258e-06, 5.42140651305e-06, 6.66616824674e-06, 4.86662884214e-06, 3.51003654941e-06, 4.44672559752e-06, 3.38215886586e-06, 4.19616344516e-06, 2.87045645564e-06, 2.41039697357e-06, 2.04194680009e-06, 2.21231471187e-06, 2.40283588937e-06, 2.00894692171e-06, 1.75081493126e-06, 1.69399413608e-06, 1.69540999195e-06, 1.15918419397e-06, 1.136025503e-06, 1.18005482364e-06],
        "dmean2": [0.00425313320011, 0.00450754491612, 0.00283086765558, 0.00115959451068, 0.000609111390077, 0.000776898232289, 0.000687217572704, 0.000420400465373, 0.000306822883431, 0.00018571979308, 0.000124194528325, 8.63573513925e-05, 8.83025713847e-05, 8.13136939541e-05, 8.27604526421e-05, 5.14929706696e-05, 4.67284589831e-05, 3.73616821889e-05, 2.11249043787e-05, 1.55705110956e-05, 1.03985285023e-05, 8.30669250718e-06, 1.01739224192e-05, 7.83680934546e-06, 5.2082041293e-06, 6.80082257531e-06, 5.1103675105e-06, 6.74402053846e-06, 4.44072793471e-06, 3.41232043866e-06, 3.0307974157e-06, 3.38785821441e-06, 3.62764785677e-06, 2.99349426314e-06, 2.56636008089e-06, 2.51984056376e-06, 2.75444949693e-06, 1.7191803181e-06, 1.6590361156e-06, 1.76116475359e-06],
        "dvar": [5.73547076783e-05, 6.57416894683e-05, 1.60251838679e-05, 1.282869448e-06, 5.18627871315e-07, 6.65271613798e-07, 4.90412617182e-07, 2.44360251145e-07, 1.52147080712e-07, 7.50595958721e-08, 2.09939674534e-08, 1.14874270096e-08, 1.09603197629e-08, 9.58555013142e-09, 8.9672012038e-09, 3.81216480605e-09, 5.87760373705e-09, 2.27442598089e-09, 9.64586410745e-10, 5.07745234746e-10, 1.35611813445e-10, 7.49527731547e-11, 1.70398889443e-10, 9.48085637775e-11, 5.59252089083e-11, 7.1476900787e-11, 2.56997999271e-11, 5.3649695797e-11, 2.34279470823e-11, 1.37380176679e-11, 1.20158492531e-11, 1.6963538213e-11, 1.97018824866e-11, 1.52691973648e-11, 1.12753383019e-11, 1.23755797277e-11, 1.29407118701e-11, 4.79126027048e-12, 4.93263893273e-12, 5.71749462011e-12],
        "dvar2": [8.17476175143e-05, 0.000160496783792, 4.33654167864e-05, 3.2328857742e-06, 1.34959077513e-06, 1.76179355549e-06, 1.25406006646e-06, 5.43850717349e-07, 3.17629570645e-07, 1.55877472707e-07, 3.71918638109e-08, 2.73206151036e-08, 2.38116104612e-08, 1.90529210187e-08, 1.82250676772e-08, 9.49100442682e-09, 1.56775090687e-08, 4.73599159889e-09, 2.2446708936e-09, 1.13822262726e-09, 3.26299903763e-10, 1.70322977944e-10, 3.67049196592e-10, 2.26904203759e-10, 1.25770657777e-10, 1.5403985032e-10, 5.52986684221e-11, 1.33946964631e-10, 5.76274201969e-11, 2.76525070203e-11, 2.4713365035e-11, 3.22934144703e-11, 3.94512512936e-11, 2.97418964457e-11, 2.20342546292e-11, 2.42422314861e-11, 3.14576836802e-11, 8.5337787184e-12, 8.86324954402e-12, 1.08225425149e-11],
        "max": [0.079251870513, 0.0621208511293, 0.0392016731203, 0.0106731047854, 0.0100644901395, 0.00873396638781, 0.00882168672979, 0.00534948892891, 0.00497183809057, 0.00487623782828, 0.00211428222246, 0.0020491015166, 0.00158209318761, 0.00125609477982, 0.00111177016515, 0.00076490099309, 0.00139367289376, 0.000700620643329, 0.000527650816366, 0.000454617722426, 0.000231549245655, 9.24884661799e-05, 0.000176616304088, 0.000104001439468, 0.000111274690425, 9.22542021726e-05, 4.90171187266e-05, 6.69795481372e-05, 4.73818472528e-05, 3.01650670735e-05, 3.28510068357e-05, 4.10376560467e-05, 3.55532429239e-05, 4.3497660954e-05, 3.06277615891e-05, 3.51741437044e-05, 2.74662670563e-05, 1.97954232135e-05, 2.65393318841e-05, 2.53048674494e-05],
        "mean": [0.0088196080178, 0.00366657716222, 0.0020783545915, 0.00135335989762, 0.000684996251948, 0.00080098392209, 0.000694283982739, 0.000422958168201, 0.000372469541617, 0.000255252234638, 0.000207668592338, 0.000101421726868, 9.53483540798e-05, 8.54324098327e-05, 7.79875335866e-05, 4.61100244138e-05, 3.79604680347e-05, 3.39239086316e-05, 1.95685097424e-05, 1.47079490489e-05, 8.26069117466e-06, 7.66834637034e-06, 8.43735233502e-06, 5.66561584492e-06, 4.30612817581e-06, 5.55987026019e-06, 5.0735206969e-06, 5.21482616023e-06, 3.89475189877e-06, 3.38851100423e-06, 2.92738309327e-06, 2.92732875096e-06, 2.96041480397e-06, 2.48941023528e-06, 1.99173950932e-06, 1.89565105302e-06, 1.75268030489e-06, 1.4628868712e-06, 1.35275797675e-06, 1.38515258641e-06],
        "median": [0.000517962849699, 0.000629039830528, 0.000776202767156, 0.000900368904695, 0.000427167804446, 0.000516556145158, 0.000429540872574, 0.00013741060684, 7.52059349907e-05, 8.72165765031e-05, 8.442694525e-05, 4.13828529418e-05, 3.91216526623e-05, 3.19124228554e-05, 1.92488514585e-05, 1.38814239108e-05, 1.05996932689e-05, 8.49488878885e-06, 5.37918822374e-06, 3.31227715833e-06, 2.0341385607e-06, 2.93809443974e-06, 2.73169416687e-06, 1.6159540337e-06, 1.02553633496e-06, 1.86407328329e-06, 2.56155294664e-06, 2.42453756982e-06, 1.97276472136e-06, 1.42163924011e-06, 1.06158586277e-06, 8.70060262059e-07, 9.64138848758e-07, 7.26304165255e-07, 4.08945055597e-07, 2.67759617145e-07, 3.1120254107e-07, 3.61088922318e-07, 3.51569440227e-07, 2.98759744055e-07],
        "min": [1.26666669799e-23, 2.53132716493e-23, 2.39551687149e-23, 1.92985653899e-23, 4.6138695465e-24, 5.91169049157e-24, 8.23004382921e-24, 2.53810095575e-23, 1.3556558879e-23, 2.524913568e-23, 1.14160408218e-23, 5.19946032354e-24, 1.3128737522e-23, 1.49396813259e-23, 4.86796519395e-24, 7.69623585414e-24, 5.06661259723e-24, 1.15367444289e-23, 9.47868442443e-24, 7.38038462516e-24, 1.35296839657e-23, 9.37959245068e-24, 1.00153622755e-23, 1.48854360946e-23, 8.612500951e-24, 6.28365260788e-24, 8.68903860261e-24, 1.0982336929e-23, 1.17954024534e-23, 8.94047697209e-24, 8.48229866973e-24, 1.28902546152e-23, 1.12997185482e-23, 9.5007054766e-24, 8.26456990445e-24, 1.38522980992e-23, 1.14294743342e-23, 1.19890851606e-23, 1.19568846473e-23, 1.11311981373e-23],
        "stdev": [0.0143914166838, 0.00824485346675, 0.00400064140558, 0.00141982361674, 0.000886667810846, 0.00090113672195, 0.000827878597192, 0.000686059996951, 0.000631429487839, 0.000447946484201, 0.000302034430206, 0.000149299652549, 0.000144270918099, 0.000150729116285, 0.000130512562464, 8.55554244481e-05, 7.74991131038e-05, 6.34509633528e-05, 3.74040901079e-05, 2.9421014915e-05, 1.39059193316e-05, 1.09037246148e-05, 1.49787938426e-05, 1.03653801489e-05, 8.22505444376e-06, 9.45173360378e-06, 6.58686485622e-06, 7.93993149273e-06, 5.51894663658e-06, 4.74542184747e-06, 4.31055832451e-06, 4.90124739372e-06, 5.05497064296e-06, 4.44585748482e-06, 3.89211663787e-06, 4.01874922318e-06, 3.65353662346e-06, 2.68034773399e-06, 2.75672528005e-06, 2.97354358736e-06],
        "var": [0.000207112869248, 6.7977605795e-05, 1.60051313287e-05, 2.01589909921e-06, 7.86179839452e-07, 8.12047403542e-07, 6.85382985921e-07, 4.70678315878e-07, 3.98703207338e-07, 2.00656060656e-07, 9.12248054874e-08, 2.22903864255e-08, 2.08140988889e-08, 2.27192682445e-08, 1.70335301419e-08, 7.31973104351e-09, 6.00611249624e-09, 4.02602440275e-09, 1.39906597418e-09, 8.65596094801e-10, 1.93374580237e-10, 1.18891202439e-10, 2.24364277157e-10, 1.07441104624e-10, 6.76515232723e-11, 8.93352752884e-11, 4.33867906879e-11, 6.30425087134e-11, 3.04587743916e-11, 2.25190300435e-11, 1.85809145847e-11, 2.4022226916e-11, 2.55527266013e-11, 1.97656491868e-11, 1.51485716332e-11, 1.61503449503e-11, 1.33483293863e-11, 7.18426360069e-12, 7.5995347168e-12, 8.84196101752e-12]
    },
    "melbands128": {
