{
"lowlevel": {
    "average_loudness": 0.313197344542,
    "barkbands_crest": {
        "dmean": 2.64724373817,
        "dmean2": 4.17673492432,
        "dvar": 5.43252515793,
        "dvar2": 11.9053297043,
        "max": 26.0793571472,
        "mean": 10.0262889862,
        "median": 9.1231803894,
        "min": 2.62417244911,
        "stdev": 4.5320558548,
        "var": 20.5395298004
    },
    "barkbands_flatness_db": {
        "dmean": 0.0240066852421,
        "dmean2": 0.03551087901,
        "dvar": 0.000741953845136,
        "dvar2": 0.00151797255967,
        "max": 0.577655732632,
        "mean": 0.158793330193,
        "median": 0.155455365777,
        "min": 0.0336157046258,
        "stdev": 0.047630213201,
        "var": 0.00226863706484
    },
    "barkbands_kurtosis": {
        "dmean": 4.1844162941,
        "dmean2": 5.94387102127,
        "dvar": 948.377319336,
        "dvar2": 1424.02026367,
        "max": 1030.33215332,
        "mean": 5.3141207695,
        "median": 0.693221330643,
        "min": -1.84279167652,
        "stdev": 43.454788208,
        "var": 1888.31860352
    },
    "barkbands_skewness": {
        "dmean": 0.516589403152,
        "dmean2": 0.756076216698,
        "dvar": 0.649061977863,
        "dvar2": 1.14543294907,
        "max": 21.7032394409,
        "mean": 1.28700530529,
        "median": 1.01826632023,
        "min": -1.8244959116,
        "stdev": 1.49424028397,
        "var": 2.23275399208
    },
    "barkbands_spread": {
        "dmean": 4.73427724838,
        "dmean2": 6.88671875,
        "dvar": 49.496471405,
        "dvar2": 88.4326248169,
        "max": 101.924179077,
        "mean": 19.0397834778,
        "median": 16.1504669189,
        "min": 0.080601118505,
        "stdev": 12.2958869934,
        "var": 151.188827515
    },
    "dissonance": {
        "dmean": 0.0226701162755,
        "dmean2": 0.037551254034,
        "dvar": 0.000690646877047,
        "dvar2": 0.00179305288475,
        "max": 0.500000119209,
        "mean": 0.462741881609,
        "median": 0.469843626022,
        "min": 0.0286059118807,
        "stdev": 0.0324929133058,
        "var": 0.00105578952935
    },
    "dynamic_complexity": 1.79573214054,
    "erbbands_crest": {
        "dmean": 2.83983135223,
        "dmean2": 4.54683876038,
        "dvar": 6.70029878616,
        "dvar2": 15.951089859,
        "max": 28.7511940002,
        "mean": 10.1009750366,
        "median": 9.22224140167,
        "min": 2.47563576698,
        "stdev": 4.63812160492,
        "var": 21.5121707916
    },
    "erbbands_flatness_db": {
        "dmean": 0.0186228062958,
        "dmean2": 0.0275767035782,
        "dvar": 0.000370345631381,
        "dvar2": 0.000781580863986,
        "max": 0.335372895002,
        "mean": 0.208152085543,
        "median": 0.21054302156,
        "min": 0.0542405620217,
        "stdev": 0.0532993748784,
        "var": 0.0028408234939
    },
    "erbbands_kurtosis": {
        "dmean": 0.855483591557,
        "dmean2": 1.34312987328,
        "dvar": 2.20898413658,
        "dvar2": 5.26775074005,
        "max": 32.3268470764,
        "mean": 0.654759883881,
        "median": 0.0695745944977,
        "min": -1.69582414627,
        "stdev": 2.09482979774,
        "var": 4.38831138611
    },
    "erbbands_skewness": {
        "dmean": 0.36047232151,
        "dmean2": 0.55273848772,
        "dvar": 0.135330826044,
        "dvar2": 0.299450874329,
        "max": 5.53906774521,
        "mean": 0.630261361599,
        "median": 0.604770004749,
        "min": -1.54550075531,
        "stdev": 0.658309042454,
        "var": 0.433370769024
    },
    "erbbands_spread": {
        "dmean": 6.41158628464,
        "dmean2": 9.70763683319,
        "dvar": 78.5787811279,
        "dvar2": 158.250915527,
        "max": 149.832778931,
        "mean": 30.7086601257,
        "median": 27.3382129669,
        "min": 8.7195224762,
        "stdev": 16.8628845215,
        "var": 284.356903076
    },
    "hfc": {
        "dmean": 14.0284547806,
        "dmean2": 18.3763694763,
        "dvar": 609.186157227,
        "dvar2": 1183.37036133,
        "max": 364.521087646,
        "mean": 33.7824935913,
        "median": 26.2651863098,
        "min": 1.18462335469e-16,
        "stdev": 33.2110023499,
        "var": 1102.97070312
    },
    "loudness_ebu128": {
        "integrated": -10.7528829575,
        "loudness_range": 2.97540092468,
        "momentary": {
            "dmean": 0.421995252371,
            "dmean2": 0.634151875973,
            "dvar": 0.142424076796,
            "dvar2": 0.30528151989,
            "max": -6.98435926437,
            "mean": -11.0199346542,
            "median": -11.200843811,
            "min": -14.6504268646,
            "stdev": 1.48686718941,
            "var": 2.21077418327
        },
        "short_term": {
            "dmean": 0.0761966556311,
            "dmean2": 0.0903485119343,
            "dvar": 0.0042062420398,
            "dvar2": 0.0064715128392,
            "max": -8.78492927551,
            "mean": -10.9908275604,
            "median": -11.2736234665,
            "min": -12.2633209229,
            "stdev": 0.958140909672,
            "var": 0.918033957481
        }
    },
    "melbands_crest": {
        "dmean": 3.75488996506,
        "dmean2": 5.94602489471,
        "dvar": 10.1547174454,
        "dvar2": 23.9496479034,
        "max": 36.2773361206,
        "mean": 14.5962696075,
        "median": 12.9832391739,
        "min": 3.51541900635,
        "stdev": 6.38065671921,
        "var": 40.7127799988
    },
    "melbands_flatness_db": {
        "dmean": 0.0263004805893,
        "dmean2": 0.036868520081,
        "dvar": 0.000934424693696,
        "dvar2": 0.00175736192614,
        "max": 0.689144134521,
        "mean": 0.168385133147,
        "median": 0.159829631448,
        "min": 0.00951680820435,
        "stdev": 0.0616859011352,
        "var": 0.00380515051074
    },
    "melbands_kurtosis": {
        "dmean": 7.25799608231,
        "dmean2": 10.8864879608,
        "dvar": 997.032775879,
        "dvar2": 2395.91992188,
        "max": 591.09564209,
        "mean": 10.9630775452,
        "median": 3.94137334824,
        "min": -1.23670268059,
        "stdev": 37.7792434692,
        "var": 1427.2713623
    },
    "melbands_skewness": {
        "dmean": 0.633143544197,
        "dmean2": 0.968601047993,
        "dvar": 1.0839523077,
        "dvar2": 2.48201084137,
        "max": 19.9641227722,
        "mean": 2.0009303093,
        "median": 1.64320862293,
        "min": -0.233934044838,
        "stdev": 1.83961260319,
        "var": 3.38417434692
    },
    "melbands_spread": {
        "dmean": 6.99973297119,
        "dmean2": 10.2742319107,
        "dvar": 68.210105896,
        "dvar2": 130.595169067,
        "max": 140.881439209,
        "mean": 25.0774059296,
        "median": 22.1824760437,
        "min": 0.13173674047,
        "stdev": 14.3811635971,
        "var": 206.817871094
    },
    "pitch_salience": {
        "dmean": 0.0759292319417,
        "dmean2": 0.119471877813,
        "dvar": 0.00496577844024,
        "dvar2": 0.0120422299951,
        "max": 0.957112550735,
        "mean": 0.582300722599,
        "median": 0.604166507721,
        "min": 0.0312695614994,
        "stdev": 0.139944538474,
        "var": 0.0195844750851
    },
    "silence_rate_20dB": {
        "dmean": 0.00154798757285,
        "dmean2": 0.00309837330133,
        "dvar": 0.00154559069779,
        "dvar2": 0.00463795661926,
        "max": 1,
        "mean": 0.999226629734,
        "median": 1,
        "min": 0,
        "stdev": 0.027799224481,
        "var": 0.000772796920501
    },
    "silence_rate_30dB": {
        "dmean": 0.0170278642327,
        "dmean2": 0.0340821072459,
        "dvar": 0.0167379137129,
        "dvar2": 0.0422156564891,
        "max": 1,
        "mean": 0.972931146622,
        "median": 1,
        "min": 0,
        "stdev": 0.162283971906,
        "var": 0.0263360887766
    },
    "silence_rate_60dB": {
        "dmean": 0.0178018584847,
        "dmean2": 0.0356312952936,
        "dvar": 0.0174848176539,
        "dvar2": 0.0405587665737,
        "max": 1,
        "mean": 0.0201082751155,
        "median": 0,
        "min": 0,
        "stdev": 0.140370756388,
        "var": 0.0197039488703
    },
    "spectral_centroid": {
        "dmean": 280.182434082,
        "dmean2": 401.722961426,
        "dvar": 136107.828125,
        "dvar2": 191349.734375,
        "max": 10855.8134766,
        "mean": 1629.43273926,
        "median": 1626.63195801,
        "min": 87.8346710205,
        "stdev": 673.50958252,
        "var": 453615.15625
    },
    "spectral_complexity": {
        "dmean": 5.16795682907,
        "dmean2": 7.34856700897,
        "dvar": 33.851524353,
        "dvar2": 60.5927391052,
        "max": 57,
        "mean": 22.558391571,
        "median": 20,
        "min": 0,
        "stdev": 10.4432621002,
        "var": 109.061729431
    },
    "spectral_decrease": {
        "dmean": 2.35236075063e-09,
        "dmean2": 3.31157368194e-09,
        "dvar": 1.67319761658e-17,
        "dvar2": 2.94513885156e-17,
        "max": -3.74637128904e-29,
        "mean": -7.03303060234e-09,
        "median": -5.40279332384e-09,
        "min": -9.21253899833e-08,
        "stdev": 8.85665230044e-09,
        "var": 7.84402934088e-17
    },
    "spectral_energy": {
        "dmean": 0.00991773791611,
        "dmean2": 0.0138696292415,
        "dvar": 0.000268935691565,
        "dvar2": 0.000482473988086,
        "max": 0.35003143549,
        "mean": 0.0296084526926,
        "median": 0.0234088227153,
        "min": 1.08862817037e-20,
        "stdev": 0.0344381257892,
        "var": 0.00118598446716
    },
    "spectral_energyband_high": {
        "dmean": 0.00104805582669,
        "dmean2": 0.00136621843558,
        "dvar": 6.72829810355e-06,
        "dvar2": 1.35303844218e-05,
        "max": 0.039280898869,
        "mean": 0.001665947726,
        "median": 0.000618925783783,
        "min": 7.6489116593e-21,
        "stdev": 0.00328616355546,
        "var": 1.07988707896e-05
    },
    "spectral_energyband_low": {
        "dmean": 0.00242848624475,
        "dmean2": 0.0030364387203,
        "dvar": 0.000177847890882,
        "dvar2": 0.000240800596657,
        "max": 0.342094242573,
        "mean": 0.00644010072574,
        "median": 0.000119567972433,
        "min": 6.92626374998e-23,
        "stdev": 0.0313844457269,
        "var": 0.00098498351872
    },
    "spectral_energyband_middle_high": {
        "dmean": 0.00361420097761,
        "dmean2": 0.00522575899959,
        "dvar": 2.29309480346e-05,
        "dvar2": 4.443870057e-05,
        "max": 0.0778187215328,
        "mean": 0.00996977370232,
        "median": 0.00768755842,
        "min": 1.66071906535e-21,
        "stdev": 0.00874955765903,
        "var": 7.65547592891e-05
    },
    "spectral_energyband_middle_low": {
        "dmean": 0.00613456685096,
        "dmean2": 0.00974970404059,
        "dvar": 0.000221540045459,
        "dvar2": 0.000619732250925,
        "max": 0.262146890163,
        "mean": 0.012234323658,
        "median": 0.00996682234108,
        "min": 3.96565955879e-22,
        "stdev": 0.0132911019027,
        "var": 0.000176653382368
    },
    "spectral_entropy": {
        "dmean": 0.168531164527,
        "dmean2": 0.240383982658,
        "dvar": 0.0424628555775,
        "dvar2": 0.0792478471994,
        "max": 9.80714035034,
        "mean": 7.65285634995,
        "median": 7.69002580643,
        "min": 5.81891489029,
        "stdev": 0.437354415655,
        "var": 0.191278889775
    },
    "spectral_flux": {
        "dmean": 0.0295039433986,
        "dmean2": 0.0444983541965,
        "dvar": 0.00144950381946,
        "dvar2": 0.00271028396674,
        "max": 0.642411708832,
        "mean": 0.0932961031795,
        "median": 0.0830710977316,
        "min": 1.0433734432e-10,
        "stdev": 0.0563505999744,
        "var": 0.00317538995296
    },
    "spectral_kurtosis": {
        "dmean": 1.37063860893,
        "dmean2": 2.2696378231,
        "dvar": 3.00578427315,
        "dvar2": 7.54605865479,
        "max": 20.4257717133,
        "mean": 4.21853494644,
        "median": 3.62331199646,
        "min": -1.31654906273,
        "stdev": 2.55602526665,
        "var": 6.53326559067
    },
    "spectral_rms": {
        "dmean": 0.000876618549228,
        "dmean2": 0.00121706991922,
        "dvar": 9.68428366832e-07,
        "dvar2": 1.74584420165e-06,
        "max": 0.0184795577079,
        "mean": 0.00492589687929,
        "median": 0.00477889878675,
        "min": 3.25895105173e-12,
        "stdev": 0.00214985245839,
        "var": 4.621865628e-06
    },
    "spectral_rolloff": {
        "dmean": 655.579345703,
        "dmean2": 1024.48718262,
        "dvar": 1412305.25,
        "dvar2": 2463514.75,
        "max": 19078.4179688,
        "mean": 2274.02636719,
        "median": 1787.25585938,
        "min": 43.06640625,
        "stdev": 1723.70239258,
        "var": 2971149.75
    },
    "spectral_skewness": {
        "dmean": 0.20543000102,
        "dmean2": 0.319632917643,
        "dvar": 0.0537464208901,
        "dvar2": 0.117646113038,
        "max": 3.39394426346,
        "mean": 1.55691671371,
        "median": 1.5398337841,
        "min": 0.0364944078028,
        "stdev": 0.435008764267,
        "var": 0.189232617617
    },
    "spectral_spread": {
        "dmean": 593794,
        "dmean2": 837924.375,
        "dvar": 1.28275146342e+12,
        "dvar2": 1.67639095706e+12,
        "max": 40999336,
        "mean": 4730138,
        "median": 4368228.5,
        "min": 2076766.375,
        "stdev": 1954668.625,
        "var": 3.82072966349e+12
    },
    "spectral_strongpeak": {
        "dmean": 0.778201699257,
        "dmean2": 1.24595880508,
        "dvar": 0.744457542896,
        "dvar2": 1.57565224171,
        "max": 8.83883666992,
        "mean": 1.83624207973,
        "median": 1.48784792423,
        "min": 0,
        "stdev": 1.42620050907,
        "var": 2.03404784203
    },
    "zerocrossingrate": {
        "dmean": 0.0135165471584,
        "dmean2": 0.0146616753191,
        "dvar": 0.000426870945375,
        "dvar2": 0.000515067542437,
        "max": 0.49951171875,
        "mean": 0.0792114511132,
        "median": 0.0712890625,
        "min": 0.001953125,
        "stdev": 0.0394912846386,
        "var": 0.00155956170056
    },
    "barkbands": {
        "dmean": [0.000144603312947, 0.00211776513606, 0.00101003260352, 0.00105725415051, 0.000984363607131, 0.00102260848507, 0.00112731463742, 0.00191229081247, 0.00205590878613, 0.00130360003095, 0.00105392455589, 0.000626278284471, 0.000805255142041, 0.000675232266076, 0.000745164230466, 0.000373443384888, 0.000295435515, 0.000238866254222, 0.000206352153327, 0.000250665732892, 0.000186794932233, 0.00016005874204, 0.000223575087148, 0.000205166783417, 0.000179127877345, 5.68987052247e-05, 3.66272979591e-06],
        "dmean2": [0.000168425845914, 0.00255592982285, 0.00182786420919, 0.00194726337213, 0.00170298479497, 0.00161117478274, 0.00189573760144, 0.00299228494987, 0.00323894550093, 0.00200866698287, 0.00155515340157, 0.00103058596142, 0.0012943710899, 0.00108438322786, 0.00119945395272, 0.000596635043621, 0.000482314644614, 0.000395243376261, 0.000318083213642, 0.000378945289413, 0.000279728672467, 0.000222453541937, 0.000315482669976, 0.000270596356131, 0.000236521067563, 7.77848836151e-05, 5.78472509005e-06],
        "dvar": [5.7598310832e-07, 0.000192064762814, 6.50719084661e-05, 6.42406303086e-05, 4.11543187511e-05, 4.16759121435e-06, 5.73205625187e-06, 8.58204202814e-06, 1.3134666915e-05, 6.47694969302e-06, 5.95990741203e-06, 1.13845453598e-06, 1.59791045462e-06, 2.02612841349e-06, 1.8390301193e-06, 3.55556238674e-07, 1.82640306434e-07, 1.25218917901e-07, 9.35505539701e-08, 1.24106378507e-07, 1.31304673801e-07, 1.26278308699e-07, 4.16816902771e-07, 2.86384022274e-07, 4.41262500317e-07, 3.84663323416e-08, 3.6797898062e-10],
        "dvar2": [7.37212360491e-07, 0.000285517482553, 0.000186003831914, 0.000190048798686, 0.000120270800835, 9.95688515104e-06, 1.43650313476e-05, 2.00632584892e-05, 2.97081260214e-05, 1.4310631741e-05, 1.17007029985e-05, 2.91208107228e-06, 3.87588488593e-06, 4.49128810942e-06, 3.96603945774e-06, 8.35778678265e-07, 4.49081483112e-07, 3.09805329834e-07, 2.18260623797e-07, 2.49447992928e-07, 2.92801814794e-07, 2.69586536206e-07, 9.03875331915e-07, 5.25559414655e-07, 8.59712429246e-07, 7.79637616688e-08, 9.03764119098e-10],
        "max": [0.0181977171451, 0.332350671291, 0.127897709608, 0.123505964875, 0.105432614684, 0.0265282541513, 0.0369476005435, 0.0367194712162, 0.0463695265353, 0.0311668366194, 0.0552333556116, 0.015190823935, 0.0132391182706, 0.0155499009416, 0.0202068649232, 0.00665917620063, 0.00431146472692, 0.00385873089544, 0.00420493492857, 0.00388434901834, 0.00451102899387, 0.00516723422334, 0.00786621496081, 0.00823264196515, 0.0114188492298, 0.00343647156842, 0.000417346571339],
        "mean": [0.000316424790071, 0.00488109560683, 0.000787515309639, 0.000986064667813, 0.00131754996255, 0.00155351404101, 0.00149774958845, 0.00338555220515, 0.00299052358605, 0.00213347841054, 0.00153057812713, 0.000854135316331, 0.00129389739595, 0.000853004399687, 0.0015101719182, 0.000558599072974, 0.0004686206521, 0.00038953058538, 0.000379452365451, 0.000459351780592, 0.000297383696306, 0.000261346256593, 0.000287966657197, 0.00030403395067, 0.000237076499616, 7.02218458173e-05, 3.6332316995e-06],
        "median": [1.94672793441e-07, 1.38565283123e-05, 1.96907240024e-05, 7.93371436885e-05, 0.000332631927449, 0.000382236437872, 0.000538106833119, 0.00106127199251, 0.00115823291708, 0.000480064336443, 0.000443936907686, 0.000377724762075, 0.00063343544025, 0.000298321712762, 0.000578595965635, 0.000246227835305, 0.000242540598265, 0.000196475783014, 0.000232401580433, 0.00028325963649, 9.54116840148e-05, 7.06786231603e-05, 6.69097280479e-05, 9.51490728767e-05, 4.43377430202e-05, 1.12210273073e-05, 8.99118717257e-08],
        "min": [1.95905070337e-23, 3.86958362116e-23, 2.16324876863e-23, 2.57215276782e-24, 1.52558252223e-22, 1.29255591383e-22, 4.41813445991e-23, 1.39976047002e-23, 2.64763176809e-23, 6.91606598729e-23, 1.03141348236e-22, 5.16777130766e-23, 1.86391751763e-22, 8.26164307272e-23, 1.55457019438e-22, 1.82875514719e-22, 2.0542741979e-22, 2.04143419293e-22, 3.38165863624e-22, 2.47436358207e-22, 3.75038913652e-22, 4.27697310207e-22, 6.91988634599e-22, 9.90164071846e-22, 1.45935430446e-21, 1.57660644947e-21, 2.27876343803e-21],
        "stdev": [0.0017405312974, 0.0275384690613, 0.00634093023837, 0.00602545589209, 0.00496511021629, 0.00290514598601, 0.00287426426075, 0.00518727069721, 0.00474470341578, 0.00396960414946, 0.00326829496771, 0.00132488831878, 0.00165740435477, 0.00167631928343, 0.00246925326064, 0.000762105628382, 0.000577727390919, 0.000468027894385, 0.000435402122093, 0.000499881163705, 0.000457297748653, 0.00048050362966, 0.00072496040957, 0.000703111814801, 0.000830115692224, 0.00023908377625, 1.86820307135e-05],
        "var": [3.02944931718e-06, 0.000758367299568, 4.02073965233e-05, 3.63061190001e-05, 2.46523177339e-05, 8.43987254484e-06, 8.26139512355e-06, 2.69077754638e-05, 2.2512211217e-05, 1.57577560458e-05, 1.06817524284e-05, 1.75532909452e-06, 2.74698913927e-06, 2.81004622593e-06, 6.09721109868e-06, 5.80804965011e-07, 3.3376892361e-07, 2.19050122041e-07, 1.89575018794e-07, 2.49881168202e-07, 2.09121239436e-07, 2.30883742347e-07, 5.25567600107e-07, 4.94366190651e-07, 6.89092019002e-07, 5.71610492273e-08, 3.49018286494e-10]
    },
    "erbbands": {
        "dmean": [0.0925370529294, 0.432089984417, 1.07048070431, 2.52838897705, 3.18196153641, 3.38013529778, 6.3921585083, 8.73418998718, 13.7810916901, 25.5120296478, 41.1550750732, 56.8751869202, 29.6881351471, 47.8897361755, 32.9184837341, 27.5796337128, 36.8651390076, 32.8828620911, 41.0598220825, 24.0988864899, 17.8555526733, 14.2101993561, 13.3490715027, 10.943810463, 10.7869510651, 12.3950071335, 8.36709976196, 6.59190416336, 6.48243236542, 5.39794397354, 6.89365005493, 4.4531583786, 3.34357094765, 2.20938920975, 1.12279820442, 0.371980816126, 0.0852050706744, 0.0119314240292, 0.000374125287635, 2.39303226408e-05],
        "dmean2": [0.109114617109, 0.567671597004, 1.86712276936, 4.51881456375, 5.76365375519, 5.89140415192, 10.0782623291, 14.0523080826, 22.5695438385, 39.4357910156, 67.0565032959, 89.6173171997, 44.6925544739, 69.92137146, 50.4661140442, 44.8134498596, 59.1679534912, 51.525932312, 65.31224823, 37.2868347168, 27.7747955322, 23.3772029877, 21.8490276337, 16.9997768402, 16.7885475159, 18.6751232147, 12.5391101837, 9.57674312592, 9.39178466797, 8.00757598877, 9.89154434204, 5.79213142395, 4.57063579559, 2.89171242714, 1.59732723236, 0.527361452579, 0.11973593384, 0.0165823176503, 0.00054704217473, 3.21709158015e-05],
        "dvar": [0.354788243771, 9.05994987488, 65.4768066406, 350.76651001, 617.637268066, 457.893951416, 338.932067871, 283.653656006, 1148.78039551, 2125.04980469, 4562.640625, 10093.8291016, 3566.72607422, 12719.1044922, 3487.10131836, 2417.85766602, 3266.17602539, 3457.74389648, 5916.19775391, 1359.68371582, 692.167907715, 444.613342285, 393.49130249, 303.566253662, 228.080612183, 386.760131836, 251.871994019, 148.845733643, 228.764663696, 229.056350708, 393.005950928, 125.853416443, 95.306098938, 66.5214080811, 14.5612678528, 1.74276459217, 0.0929031744599, 0.00207408773713, 2.91268338515e-06, 3.29800453613e-09],
        "dvar2": [0.451185405254, 17.6507167816, 182.340560913, 1009.24536133, 1820.27539062, 1344.34191895, 784.469116211, 655.939453125, 2963.04077148, 4511.17675781, 11318.9716797, 22197.8496094, 6514.28369141, 25055.2695312, 6984.24462891, 6203.4609375, 8029.71435547, 7640.29443359, 12387.8798828, 3111.36328125, 1619.54260254, 1095.57824707, 968.487976074, 716.037902832, 528.992736816, 848.78515625, 552.616699219, 317.161834717, 519.473205566, 541.330566406, 840.410644531, 233.655090332, 171.684936523, 122.877311707, 32.8143463135, 3.85801148415, 0.170431166887, 0.00384741579182, 6.60080468151e-06, 6.37935659853e-09],
        "max": [13.5757761002, 61.4507522583, 113.674255371, 271.890441895, 436.905914307, 333.074859619, 314.923522949, 185.826721191, 604.5625, 808.15222168, 998.658935547, 1353.90808105, 801.685058594, 2123.90063477, 983.957397461, 729.393615723, 594.328796387, 657.18145752, 1276.02050781, 515.929748535, 281.153533936, 202.344268799, 202.836212158, 197.023284912, 189.309494019, 236.979400635, 219.03477478, 138.926330566, 235.568710327, 212.773468018, 226.615814209, 169.813995361, 156.194442749, 134.276931763, 64.0637512207, 22.9140911102, 4.80071926117, 0.861980021, 0.040410798043, 0.00110746663995],
        "mean": [0.201244950294, 0.848242878914, 0.981862783432, 2.23292064667, 3.73091554642, 4.15367507935, 10.2364053726, 12.763250351, 18.9760360718, 46.8459014893, 66.3076171875, 84.1589431763, 45.6859130859, 86.9462280273, 53.217376709, 43.2011184692, 61.5064849854, 50.3879585266, 82.8391799927, 44.0211219788, 29.4094333649, 23.9247894287, 23.0644302368, 20.7453842163, 20.6645908356, 21.6499595642, 13.7217903137, 10.7567806244, 10.4289159775, 7.56376123428, 8.84113407135, 6.60267353058, 4.81681680679, 3.00663614273, 1.39049565792, 0.452801853418, 0.104209519923, 0.0144426710904, 0.000425305654062, 5.26974799868e-05],
        "median": [0.000393910158891, 0.00437243608758, 0.0360052138567, 0.223358362913, 0.492430329323, 0.998359143734, 1.872184515, 3.47183465958, 6.60806703568, 15.6974077225, 30.208530426, 35.3553543091, 16.613653183, 21.5342388153, 24.6540412903, 23.2090454102, 33.6839065552, 27.5501918793, 31.2296333313, 23.4794082642, 15.608716011, 12.3373508453, 12.0445022583, 11.4309959412, 13.892698288, 12.8022050858, 4.97634506226, 3.74785041809, 2.74129056931, 1.79421007633, 1.95216953754, 1.90237772465, 1.53150939941, 0.554046988487, 0.32309949398, 0.1073500067, 0.0114331301302, 0.00117078179028, 5.07574914081e-05, 3.55136508006e-05],
        "min": [1.0103147853e-21, 9.33049552761e-21, 2.25478448989e-20, 1.89503410953e-20, 4.34300679305e-20, 6.22645627041e-19, 1.12958367903e-18, 1.07024443023e-18, 7.58317257871e-19, 5.8017615814e-19, 2.5973778842e-19, 6.16596972209e-19, 2.1545579619e-18, 2.69909654262e-18, 3.7797104056e-18, 2.10370207066e-18, 7.44873163754e-18, 6.08143724016e-18, 8.23923092583e-18, 1.0513444906e-17, 8.96475021392e-18, 9.71120213459e-18, 1.24336288928e-17, 1.42093184886e-17, 1.40684066169e-17, 1.15166569976e-17, 1.69840313333e-17, 1.32333074043e-17, 1.81342408643e-17, 1.60359152609e-17, 2.0544529364e-17, 1.64488653293e-17, 1.964576785e-17, 1.28573794585e-17, 1.21844895369e-17, 5.98238070745e-18, 3.11683640043e-18, 1.17826077654e-18, 2.75131800565e-19, 3.44519206476e-20],
        "stdev": [1.19510185719, 4.90352249146, 6.91149568558, 14.5366106033, 18.8730697632, 16.3452720642, 28.681760788, 23.0886859894, 38.9649047852, 79.9457244873, 102.559875488, 131.880432129, 80.8534164429, 177.702270508, 87.0508270264, 62.9943962097, 75.3962097168, 76.1744308472, 146.044281006, 56.5669937134, 35.3148841858, 28.4258937836, 26.6810817719, 25.2640991211, 21.1669025421, 25.437789917, 20.4868946075, 16.0022106171, 19.8976306915, 17.1012496948, 22.3042545319, 14.9319877625, 12.5476837158, 10.5882339478, 4.23415327072, 1.4964966774, 0.377312153578, 0.0568001531065, 0.00181156594772, 7.85794545664e-05],
        "var": [1.42826855183, 24.0445327759, 47.7687721252, 211.313049316, 356.192779541, 267.167907715, 822.643371582, 533.087463379, 1518.26379395, 6391.31884766, 10518.5283203, 17392.4472656, 6537.27539062, 31578.0996094, 7577.84619141, 3968.29418945, 5684.58837891, 5802.54394531, 21328.9335938, 3199.82470703, 1247.14111328, 808.031433105, 711.880126953, 638.274658203, 448.037750244, 647.081176758, 419.71282959, 256.070739746, 395.915710449, 292.452758789, 497.479797363, 222.964248657, 157.444366455, 112.110694885, 17.9280548096, 2.23950219154, 0.14236445725, 0.003226257395, 3.28177111442e-06, 6.17473094877e-09]
    },
    "gfcc": {
        "mean": [-2.4767935276, 35.1855888367, -173.779449463, -8.91096401215, -92.0255355835, 5.72808361053, -50.3886528015, 10.1682395935, -27.2412624359, 6.40673208237, -15.0727701187, -7.35038137436, -12.6797571182],
        "cov": [[4506.75488281, 111.349891663, 780.788024902, 521.688110352, 166.456436157, 376.458007812, -71.1942977905, 130.915344238, -195.703262329, -39.447303772, -94.6080474854, 71.7658996582, 9.55944061279], [111.349891663, 3198.35009766, 1852.87902832, 1094.8951416, 894.360473633, 315.602081299, 91.8503417969, -63.9772834778, -217.053619385, -251.521987915, 197.575698853, -207.421173096, 158.314819336], [780.788024902, 1852.87902832, 2484.82861328, 1212.89672852, 783.078857422, 565.549926758, 47.4628829956, 35.8760147095, -214.929397583, -101.985557556, 36.7043151855, -55.672492981, 51.0142173767], [521.688110352, 1094.8951416, 1212.89672852, 998.184204102, 527.206359863, 304.256988525, 89.9540557861, -20.181892395, -62.2399559021, -90.5880813599, 0.222700253129, -31.2369632721, 76.4451217651], [166.456436157, 894.360473633, 783.078857422, 527.206359863, 552.271850586, 228.469116211, 145.544113159, 23.5855770111, -23.1667003632, -52.8352966309, 24.2486133575, -46.4052391052, 30.9263076782], [376.458007812, 315.602081299, 565.549926758, 304.256988525, 228.469116211, 260.885559082, 69.5177383423, 53.7675895691, -33.0465316772, -12.9435844421, 6.84864664078, -33.8447189331, -13.7344751358], [-71.1942977905, 91.8503417969, 47.4628829956, 89.9540557861, 145.544113159, 69.5177383423, 198.496398926, 50.3076553345, 103.356231689, 22.8618526459, 0.613156557083, -5.47430038452, -15.3170309067], [130.915344238, -63.9772834778, 35.8760147095, -20.181892395, 23.5855770111, 53.7675895691, 50.3076553345, 115.208007812, 52.1254234314, 38.3578224182, 4.94580698013, -11.2515153885, -27.5397644043], [-195.703262329, -217.053619385, -214.929397583, -62.2399559021, -23.1667003632, -33.0465316772, 103.356231689, 52.1254234314, 198.877624512, 77.8356399536, -2.80553102493, 9.13792324066, -39.6672401428], [-39.447303772, -251.521987915, -101.985557556, -90.5880813599, -52.8352966309, -12.9435844421, 22.8618526459, 38.3578224182, 77.8356399536, 109.568717957, 16.655292511, 22.6638774872, -38.5151786804], [-94.6080474854, 197.575698853, 36.7043151855, 0.222700253129, 24.2486133575, 6.84864664078, 0.613156557083, 4.94580698013, -2.80553102493, 16.655292511, 95.432472229, 4.73471736908, 24.6253604889], [71.7658996582, -207.421173096, -55.672492981, -31.2369632721, -46.4052391052, -33.8447189331, -5.47430038452, -11.2515153885, 9.13792324066, 22.6638774872, 4.73471736908, 118.306129456, 51.5508117676], [9.55944061279, 158.314819336, 51.0142173767, 76.4451217651, 30.9263076782, -13.7344751358, -15.3170309067, -27.5397644043, -39.6672401428, -38.5151786804, 24.6253604889, 51.5508117676, 121.959838867]],
        "icov": [[0.000320742634358, -0.000122247831314, 0.000198127250769, -0.000238025953877, 0.000154625013238, -0.000611560535617, 0.000290673458949, -0.000554358528461, 0.00038856518222, -0.000180565766641, 0.000540413486306, -0.000653537688777, 0.000239598171902], [-0.000122247831314, 0.00186724634841, -0.00123338075355, -8.14954328234e-05, -0.00128955533728, 0.00241921516135, -0.000712821201887, 0.000534741498996, -0.000315213634167, 0.00235757115297, -0.0036550546065, 0.00318443472497, -0.00118262390606], [0.000198127250769, -0.00123338075355, 0.00250905845314, -0.00129465211648, 2.63257115876e-05, -0.00323149422184, 0.00158602104057, -0.0010570930317, 0.00130612170324, -0.00196769973263, 0.00219308515079, -0.00285182287917, 0.00150342006236], [-0.000238025953877, -8.14954328234e-05, -0.00129465211648, 0.00392103055492, -0.00134504004382, -0.000921654573176, 0.000129084961372, 0.00225003785454, -0.00216382555664, 0.000716636772268, 0.00100797053892, 0.000724913901649, -0.0020175690297], [0.000154625013238, -0.00128955533728, 2.63257115876e-05, -0.00134504004382, 0.0066190585494, -0.00208436208777, -0.00320728030056, -0.000370791996829, 0.00101036007982, -0.000918370322324, 0.00150154996663, -0.000942709215451, 0.000228078206419], [-0.000611560535617, 0.00241921516135, -0.00323149422184, -0.000921654573176, -0.00208436208777, 0.0145950755104, -0.00428558839485, -0.00259294896387, 0.00214466243051, 0.00234823743813, -0.00538040697575, 0.00528376596048, 0.000177517445991], [0.000290673458949, -0.000712821201887, 0.00158602104057, 0.000129084961372, -0.00320728030056, -0.00428558839485, 0.012143233791, -0.00167497072835, -0.00561757246032, 0.000621794955805, 0.0019419582095, -0.00284544238821, 0.000815607490949], [-0.000554358528461, 0.000534741498996, -0.0010570930317, 0.00225003785454, -0.000370791996829, -0.00259294896387, -0.00167497072835, 0.0145553611219, -0.0035955151543, -0.00176129746251, -0.00127759238239, 0.00312198954634, -0.00152776914183], [0.00038856518222, -0.000315213634167, 0.00130612170324, -0.00216382555664, 0.00101036007982, 0.00214466243051, -0.00561757246032, -0.0035955151543, 0.0132168447599, -0.006700810045, 0.00145265867468, -0.000987999490462, 0.0019635099452], [-0.000180565766641, 0.00235757115297, -0.00196769973263, 0.000716636772268, -0.000918370322324, 0.00234823743813, 0.000621794955805, -0.00176129746251, -0.006700810045, 0.0217624064535, -0.00929992832243, -0.00168721273076, 0.00478951539844], [0.000540413486306, -0.0036550546065, 0.00219308515079, 0.00100797053892, 0.00150154996663, -0.00538040697575, 0.0019419582095, -0.00127759238239, 0.00145265867468, -0.00929992832243, 0.0203438978642, -0.00444387132302, -0.00257199257612], [-0.000653537688777, 0.00318443472497, -0.00285182287917, 0.000724913901649, -0.000942709215451, 0.00528376596048, -0.00284544238821, 0.00312198954634, -0.000987999490462, -0.00168721273076, -0.00444387132302, 0.0197218507528, -0.0104553187266], [0.000239598171902, -0.00118262390606, 0.00150342006236, -0.0020175690297, 0.000228078206419, 0.000177517445991, 0.000815607490949, -0.00152776914183, 0.0019635099452, 0.00478951539844, -0.00257199257612, -0.0104553187266, 0.0171609707177]]
    },
    "melbands": {
        "dmean": [0.00069784373045, 0.000485800264869, 0.000447930244263, 0.000228649252676, 0.000200351147214, 0.000192726380192, 0.00021853884391, 0.000303400302073, 0.000335109478328, 0.000353707349859, 0.000144176461617, 0.000195109969354, 0.000120267708553, 7.76522210799e-05, 6.77332282066e-05, 8.60491709318e-05, 6.50363508612e-05, 6.87906867824e-05, 4.44495781267e-05, 3.12545598717e-05, 2.07960256375e-05, 1.59884693858e-05, 1.59191222338e-05, 1.02784251794e-05, 9.48261822487e-06, 7.67325855122e-06, 8.94848835742e-06, 8.55323105498e-06, 5.6522203522e-06, 4.81691949972e-06, 3.73192119696e-06, 4.0023769543e-06, 2.94775372822e-06, 3.2597504287e-06, 4.47730872111e-06, 3.14802196044e-06, 2.57913211499e-06, 2.53075745604e-06, 2.14800752474e-06, 1.81585858172e-06],
        "dmean2": [0.000793607381638, 0.000726714846678, 0.000799669476692, 0.00039634318091, 0.000317646045005, 0.000308623042656, 0.000357144221198, 0.000463456904981, 0.000545046525076, 0.000556162907742, 0.000219181718421, 0.000286961265374, 0.000182985284482, 0.000124169731862, 0.000110125882202, 0.000138159302878, 0.000102818645246, 0.000110181761556, 6.93957335898e-05, 5.0002559874e-05, 3.28103960783e-05, 2.60771594185e-05, 2.60840606643e-05, 1.68854421645e-05, 1.49586967382e-05, 1.20993718156e-05, 1.37777369673e-05, 1.30283933686e-05, 8.63841887622e-06, 7.41056328479e-06, 5.50374352315e-06, 6.01553301749e-06, 4.37651397078e-06, 4.92156641485e-06, 6.6248053372e-06, 4.25513644586e-06, 3.40561109624e-06, 3.625013278e-06, 3.25309702021e-06, 2.42649571192e-06],
        "dvar": [1.90950086107e-05, 1.08935983008e-05, 1.08402064143e-05, 2.59315879703e-06, 3.67732127415e-07, 1.31821224159e-07, 2.54076638839e-07, 2.77423453099e-07, 2.84826597863e-07, 4.22894913754e-07, 8.78541328575e-08, 2.09720553812e-07, 5.47570735421e-08, 1.49218699619e-08, 1.1227760055e-08, 2.20380798055e-08, 1.69123381966e-08, 1.81310042535e-08, 5.8005804604e-09, 2.76776535024e-09, 9.22652454438e-10, 5.72718095171e-10, 5.81921955067e-10, 2.5271690296e-10, 2.48284254267e-10, 1.19220411321e-10, 1.72011710431e-10, 1.97791449885e-10, 9.64099911016e-11, 1.02921532408e-10, 4.60599197671e-11, 8.62692486892e-11, 5.25924581662e-11, 9.60274429418e-11, 1.728759913e-10, 6.80528897123e-11, 3.96969089544e-11, 5.11114345292e-11, 7.73258540532e-11, 4.17179138457e-11],
        "dvar2": [2.56413004536e-05, 2.73584882962e-05, 3.12959600706e-05, 7.58256373956e-06, 9.10931589715e-07, 3.09209951865e-07, 6.44357839974e-07, 5.75958040372e-07, 7.07010826773e-07, 9.14741463021e-07, 1.62209701671e-07, 4.23745916578e-07, 1.16128362038e-07, 3.62759529082e-08, 2.90057453611e-08, 5.21835978873e-08, 3.63563863459e-08, 3.90658421168e-08, 1.26292576397e-08, 6.52583231897e-09, 2.19084528297e-09, 1.47230649894e-09, 1.39614986239e-09, 6.82691181364e-10, 5.86269810476e-10, 2.70121092161e-10, 3.78193310002e-10, 4.50774528815e-10, 2.06980432793e-10, 2.40575170896e-10, 9.67680033326e-11, 2.03230529627e-10, 1.18302853624e-10, 2.28449120732e-10, 3.79116543714e-10, 1.30641886198e-10, 7.35907307314e-11, 9.91612070234e-11, 1.59087826246e-10, 7.54604018161e-11],
        "max": [0.106944516301, 0.0669210106134, 0.0473138801754, 0.0263173431158, 0.0087686739862, 0.00373074575327, 0.00870746467263, 0.00860112067312, 0.00736402301118, 0.00907669309527, 0.00394299160689, 0.0078552076593, 0.00376301445067, 0.0014880541712, 0.00128565682098, 0.00172706553712, 0.00146086793393, 0.00220683030784, 0.00129178119823, 0.0005856215721, 0.000297615275485, 0.000224289353355, 0.000279723113636, 0.000168156824657, 0.000180370858288, 0.000142976030475, 0.000154477413162, 0.000161865871632, 0.000110489767394, 0.000130841362989, 8.63706736709e-05, 0.000145551370224, 0.000110948371002, 0.000148393010022, 0.000144851859659, 0.000128128347569, 9.62097255979e-05, 0.00010656878294, 0.000140929420013, 9.91452543531e-05],
        "mean": [0.00154621247202, 0.000697334355209, 0.0004351689131, 0.000282149674604, 0.000314373726724, 0.000281487853499, 0.00029208365595, 0.000570232630707, 0.000527256925125, 0.00050599721726, 0.000210089987377, 0.000352099596057, 0.000178367423359, 0.000117569921713, 0.000106231469545, 0.000132587956614, 8.7550819444e-05, 0.000127231935039, 8.61738299136e-05, 4.6180721256e-05, 3.15607394441e-05, 2.42956921284e-05, 2.59315929725e-05, 1.64298999152e-05, 1.68518381543e-05, 1.37746674227e-05, 1.63296044775e-05, 1.37059641929e-05, 8.99018868949e-06, 7.03309297023e-06, 5.85740735914e-06, 6.22036259301e-06, 4.50812603958e-06, 4.23851952291e-06, 5.46075352759e-06, 4.42662894784e-06, 3.77962464881e-06, 3.49550714418e-06, 3.02435955746e-06, 2.37284325522e-06],
        "median": [3.7286308725e-06, 1.71140891325e-05, 5.24875867995e-05, 5.56319428142e-05, 6.64075196255e-05, 7.63337666285e-05, 9.41602847888e-05, 0.000189892700291, 0.000259608117631, 0.00018687589909, 6.66344276397e-05, 7.34216882847e-05, 6.17277255515e-05, 5.70318443351e-05, 6.46503467578e-05, 6.0973357904e-05, 3.08700546157e-05, 4.8347574193e-05, 3.6166231439e-05, 1.83158936125e-05, 1.51925723912e-05, 1.13726800919e-05, 1.31377100843e-05, 8.59475039761e-06, 8.92621392268e-06, 8.78457012732e-06, 9.63736874837e-06, 7.35280855224e-06, 3.3153548884e-06, 1.84515602086e-06, 2.12112058762e-06, 1.63067147696e-06, 1.09158816031e-06, 8.76032686392e-07, 1.15610794182e-06, 1.10742598736e-06, 1.17396598398e-06, 1.12193015411e-06, 7.15466342172e-07, 3.37544207696e-07],
        "min": [1.13063883671e-23, 1.18841358946e-23, 3.39944618748e-24, 2.0501540405e-23, 4.1220039647e-23, 2.34921436511e-23, 1.17335352481e-23, 5.65311095874e-24, 1.83952817881e-24, 4.21184196895e-24, 1.09141257043e-23, 1.00496461704e-23, 1.46214043496e-23, 6.78533264486e-24, 5.99825101541e-24, 2.21356184385e-23, 8.96760668748e-24, 1.24340129663e-23, 1.17494023963e-23, 1.56818101111e-23, 1.07074670241e-23, 1.16082341596e-23, 9.22494573654e-24, 9.55962549761e-24, 1.17847922742e-23, 1.34575473691e-23, 6.37620216371e-24, 8.13956069452e-24, 1.1410561394e-23, 7.27587554358e-24, 8.06849694873e-24, 1.05383455012e-23, 7.22695591226e-24, 1.04022464847e-23, 1.41159149033e-23, 6.93733430838e-24, 1.12120248256e-23, 1.37280083304e-23, 1.11768163857e-23, 1.06693413765e-23],
        "stdev": [0.00887334533036, 0.00388954952359, 0.00255792611279, 0.00122480234131, 0.000843292160425, 0.000495881424285, 0.000600245315582, 0.000969277694821, 0.000782784714829, 0.000844558293466, 0.000399750802899, 0.00073678966146, 0.000314416160109, 0.000163342469023, 0.00013042986393, 0.000186664139619, 0.000167718637385, 0.000237554209889, 0.000141061202157, 6.76087947795e-05, 3.9699334593e-05, 3.11201874865e-05, 3.31615374307e-05, 1.91715425899e-05, 2.27434557019e-05, 1.48869576151e-05, 1.86552224477e-05, 1.73638691194e-05, 1.31026126837e-05, 1.19194355648e-05, 8.8262186182e-06, 1.18096822916e-05, 9.18519526749e-06, 1.06308016257e-05, 1.43357028719e-05, 1.04826849565e-05, 8.41980363475e-06, 8.50821561471e-06, 1.12625830297e-05, 8.21173398435e-06],
        "var": [7.87362587289e-05, 1.51285958054e-05, 6.54298628433e-06, 1.50014091105e-06, 7.11141694865e-07, 2.45898405637e-07, 3.60294450275e-07, 9.39499216202e-07, 6.12751932749e-07, 7.13278723197e-07, 1.59800706001e-07, 5.42859027064e-07, 9.88575195038e-08, 2.66807624882e-08, 1.7011950959e-08, 3.48434987529e-08, 2.81295413629e-08, 5.64320004059e-08, 1.98982608168e-08, 4.57094939676e-09, 1.57603707862e-09, 9.68465974083e-10, 1.09968767426e-09, 3.67548019797e-10, 5.17264786559e-10, 2.2162149893e-10, 3.48017337171e-10, 3.01503932931e-10, 1.71678463112e-10, 1.42072950626e-10, 7.79021361308e-11, 1.39468603333e-10, 8.43678044093e-11, 1.13013945424e-10, 2.05512384888e-10, 1.09886690025e-10, 7.08930900095e-11, 7.23897330968e-11, 1.26845769999e-10, 6.74325803529e-11]
    },
    "melbands128": {
