{
"lowlevel": {
    "average_loudness": 0.79642701149,
    "barkbands_crest": {
        "dmean": 2.07716727257,
        "dmean2": 3.30723452568,
        "dvar": 6.22476387024,
        "dvar2": 14.3509349823,
        "max": 25.1766700745,
        "mean": 12.6346740723,
        "median": 12.3324632645,
        "min": 2.1517329216,
        "stdev": 4.54115629196,
        "var": 20.6220989227
    },
    "barkbands_flatness_db": {
        "dmean": 0.0236437041312,
        "dmean2": 0.0357236154377,
        "dvar": 0.000650671659969,
        "dvar2": 0.00132170249708,
        "max": 0.562407672405,
        "mean": 0.225132212043,
        "median": 0.185050517321,
        "min": 0.0424778684974,
        "stdev": 0.114367105067,
        "var": 0.0130798341706
    },
    "barkbands_kurtosis": {
        "dmean": 6.99582386017,
        "dmean2": 11.1548280716,
        "dvar": 255.548828125,
        "dvar2": 567.474487305,
        "max": 291.146392822,
        "mean": 12.9485454559,
        "median": 5.29684829712,
        "min": -1.94922697544,
        "stdev": 22.4182929993,
        "var": 502.579864502
    },
    "barkbands_skewness": {
        "dmean": 0.738518834114,
        "dmean2": 1.1048425436,
        "dvar": 1.00081145763,
        "dvar2": 2.17387604713,
        "max": 13.2263507843,
        "mean": 2.5172624588,
        "median": 2.08561062813,
        "min": -4.32494449615,
        "stdev": 1.92474591732,
        "var": 3.70464682579
    },
    "barkbands_spread": {
        "dmean": 6.18169593811,
        "dmean2": 10.2039480209,
        "dvar": 92.0754928589,
        "dvar2": 237.136260986,
        "max": 100.629150391,
        "mean": 16.5954113007,
        "median": 13.9949598312,
        "min": 0.484151780605,
        "stdev": 13.993932724,
        "var": 195.830154419
    },
    "dissonance": {
        "dmean": 0.0346781536937,
        "dmean2": 0.0588395521045,
        "dvar": 0.00106688868254,
        "dvar2": 0.00287444679998,
        "max": 0.499998062849,
        "mean": 0.429996579885,
        "median": 0.436520844698,
        "min": 0.173554882407,
        "stdev": 0.0432135872543,
        "var": 0.00186741398647
    },
    "dynamic_complexity": 2.58626961708,
    "erbbands_crest": {
        "dmean": 3.11566781998,
        "dmean2": 5.08595514297,
        "dvar": 8.56903171539,
        "dvar2": 20.8599414825,
        "max": 27.473985672,
        "mean": 11.1284799576,
        "median": 10.1336889267,
        "min": 3.28908610344,
        "stdev": 4.69675922394,
        "var": 22.0595493317
    },
    "erbbands_flatness_db": {
        "dmean": 0.0184881091118,
        "dmean2": 0.0288513973355,
        "dvar": 0.000354826712282,
        "dvar2": 0.000778632587753,
        "max": 0.401239782572,
        "mean": 0.187878265977,
        "median": 0.168111160398,
        "min": 0.0667168796062,
        "stdev": 0.0714906305075,
        "var": 0.00511091062799
    },
    "erbbands_kurtosis": {
        "dmean": 1.60837614536,
        "dmean2": 2.61809802055,
        "dvar": 4.99371862411,
        "dvar2": 12.1827993393,
        "max": 24.3040599823,
        "mean": 1.64266514778,
        "median": 0.820295572281,
        "min": -1.86604213715,
        "stdev": 3.10870552063,
        "var": 9.66405010223
    },
    "erbbands_skewness": {
        "dmean": 0.509587526321,
        "dmean2": 0.799846172333,
        "dvar": 0.312730878592,
        "dvar2": 0.733858406544,
        "max": 4.29349565506,
        "mean": 0.433454483747,
        "median": 0.491438448429,
        "min": -3.48905158043,
        "stdev": 1.10581183434,
        "var": 1.22281980515
    },
    "erbbands_spread": {
        "dmean": 10.8521108627,
        "dmean2": 17.8873825073,
        "dvar": 227.071350098,
        "dvar2": 549.383178711,
        "max": 178.388977051,
        "mean": 35.5711364746,
        "median": 29.0453109741,
        "min": 3.25090122223,
        "stdev": 24.1025295258,
        "var": 580.931884766
    },
    "hfc": {
        "dmean": 10.3117637634,
        "dmean2": 16.2880325317,
        "dvar": 506.870849609,
        "dvar2": 1135.95849609,
        "max": 294.378143311,
        "mean": 25.4010391235,
        "median": 20.0246276855,
        "min": 1.19170944704e-16,
        "stdev": 27.2516822815,
        "var": 742.65423584
    },
    "loudness_ebu128": {
        "integrated": -8.08177566528,
        "loudness_range": 2.27091598511,
        "momentary": {
            "dmean": 0.508293330669,
            "dmean2": 0.547679305077,
            "dvar": 0.293315798044,
            "dvar2": 0.492602080107,
            "max": -5.88135051727,
            "mean": -8.3840675354,
            "median": -7.88793420792,
            "min": -15.1839113235,
            "stdev": 1.74922025204,
            "var": 3.05977129936
        },
        "short_term": {
            "dmean": 0.0718218311667,
            "dmean2": 0.0665673241019,
            "dvar": 0.00296109495685,
            "dvar2": 0.00313277589157,
            "max": -7.10555171967,
            "mean": -8.26215553284,
            "median": -8.13076972961,
            "min": -10.4122419357,
            "stdev": 0.837142169476,
            "var": 0.700807034969
        }
    },
    "melbands_crest": {
        "dmean": 2.81116819382,
        "dmean2": 4.27625846863,
        "dvar": 11.2616529465,
        "dvar2": 23.712726593,
        "max": 37.7264060974,
        "mean": 22.8129730225,
        "median": 23.6374511719,
        "min": 2.81860351562,
        "stdev": 9.74273109436,
        "var": 94.9208145142
    },
    "melbands_flatness_db": {
        "dmean": 0.0288163702935,
        "dmean2": 0.0417051129043,
        "dvar": 0.0011688247323,
        "dvar2": 0.00211577326991,
        "max": 0.70958173275,
        "mean": 0.304397940636,
        "median": 0.262457877398,
        "min": 0.0105762230232,
        "stdev": 0.147462964058,
        "var": 0.0217453259975
    },
    "melbands_kurtosis": {
        "dmean": 17.3449325562,
        "dmean2": 27.2427616119,
        "dvar": 2822.96044922,
        "dvar2": 7053.25927734,
        "max": 889.624084473,
        "mean": 31.3716678619,
        "median": 12.1204719543,
        "min": -1.82742524147,
        "stdev": 59.8953666687,
        "var": 3587.45507812
    },
    "melbands_skewness": {
        "dmean": 1.0319211483,
        "dmean2": 1.52597677708,
        "dvar": 2.54547214508,
        "dvar2": 5.53707170486,
        "max": 26.4743003845,
        "mean": 3.74389147758,
        "median": 3.00001907349,
        "min": -1.4602868557,
        "stdev": 2.94440627098,
        "var": 8.66952896118
    },
    "melbands_spread": {
        "dmean": 6.69413661957,
        "dmean2": 9.85342979431,
        "dvar": 233.814559937,
        "dvar2": 411.929077148,
        "max": 232.302108765,
        "mean": 17.698015213,
        "median": 12.8739080429,
        "min": 0.356071978807,
        "stdev": 23.473947525,
        "var": 551.026245117
    },
    "pitch_salience": {
        "dmean": 0.0638121962547,
        "dmean2": 0.0988526493311,
        "dvar": 0.00565874809399,
        "dvar2": 0.0127328019589,
        "max": 0.858587622643,
        "mean": 0.421698510647,
        "median": 0.4086997509,
        "min": 0.0747737437487,
        "stdev": 0.183461591601,
        "var": 0.0336581580341
    },
    "silence_rate_20dB": {
        "dmean": 0,
        "dmean2": 0,
        "dvar": 0,
        "dvar2": 0,
        "max": 1,
        "mean": 1,
        "median": 1,
        "min": 1,
        "stdev": 0,
        "var": 0
    },
    "silence_rate_30dB": {
        "dmean": 0.0402476787567,
        "dmean2": 0.0805577039719,
        "dvar": 0.0386280305684,
        "dvar2": 0.0864625871181,
        "max": 1,
        "mean": 0.769528210163,
        "median": 1,
        "min": 0,
        "stdev": 0.421134114265,
        "var": 0.177353948355
    },
    "silence_rate_60dB": {
        "dmean": 0.00386996893212,
        "dmean2": 0.00697134016082,
        "dvar": 0.0038548973389,
        "dvar2": 0.00692276470363,
        "max": 1,
        "mean": 0.0116009283811,
        "median": 0,
        "min": 0,
        "stdev": 0.10708077997,
        "var": 0.0114662935957
    },
    "spectral_centroid": {
        "dmean": 283.975219727,
        "dmean2": 424.524017334,
        "dvar": 268649.4375,
        "dvar2": 467891.0625,
        "max": 10627.0195312,
        "mean": 1079.78039551,
        "median": 896.290771484,
        "min": 186.896316528,
        "stdev": 749.471496582,
        "var": 561707.5
    },
    "spectral_complexity": {
        "dmean": 2.91099071503,
        "dmean2": 4.48954296112,
        "dvar": 20.6106452942,
        "dvar2": 37.0368652344,
        "max": 61,
        "mean": 13.9597835541,
        "median": 13,
        "min": 0,
        "stdev": 7.01141643524,
        "var": 49.1599617004
    },
    "spectral_decrease": {
        "dmean": 2.78436873558e-09,
        "dmean2": 4.27396162905e-09,
        "dvar": 2.0582903927e-17,
        "dvar2": 4.52678659948e-17,
        "max": -1.37398008904e-29,
        "mean": -1.67408291674e-08,
        "median": -1.20416139282e-08,
        "min": -6.16906135065e-08,
        "stdev": 1.3088925499e-08,
        "var": 1.71319970704e-16
    },
    "spectral_energy": {
        "dmean": 0.0109529094771,
        "dmean2": 0.0168535988778,
        "dvar": 0.000303741107928,
        "dvar2": 0.000668160733767,
        "max": 0.23650047183,
        "mean": 0.0654876828194,
        "median": 0.0489037409425,
        "min": 1.08610131132e-20,
        "stdev": 0.0492440722883,
        "var": 0.00242497865111
    },
    "spectral_energyband_high": {
        "dmean": 0.000941920850892,
        "dmean2": 0.00155872304458,
        "dvar": 6.30727254247e-06,
        "dvar2": 1.48782810356e-05,
        "max": 0.0321931578219,
        "mean": 0.0012629654957,
        "median": 0.000431817868957,
        "min": 7.61299958069e-21,
        "stdev": 0.00277526676655,
        "var": 7.70210499468e-06
    },
    "spectral_energyband_low": {
        "dmean": 0.00702751753852,
        "dmean2": 0.0101949106902,
        "dvar": 0.000278996652924,
        "dvar2": 0.00061350571923,
        "max": 0.209654703736,
        "mean": 0.0445459075272,
        "median": 0.0216067619622,
        "min": 1.59369895745e-22,
        "stdev": 0.0507964044809,
        "var": 0.00258027482778
    },
    "spectral_energyband_middle_high": {
        "dmean": 0.00214347545989,
        "dmean2": 0.0032396283932,
        "dvar": 1.51842787091e-05,
        "dvar2": 3.21948209603e-05,
        "max": 0.0405090861022,
        "mean": 0.00528377946466,
        "median": 0.00306430202909,
        "min": 1.80391127933e-21,
        "stdev": 0.00627375114709,
        "var": 3.93599548261e-05
    },
    "spectral_energyband_middle_low": {
        "dmean": 0.00566377863288,
        "dmean2": 0.00930957030505,
        "dvar": 0.000133198205731,
        "dvar2": 0.000351255468559,
        "max": 0.109818063676,
        "mean": 0.0126761682332,
        "median": 0.00955808442086,
        "min": 2.49225696689e-22,
        "stdev": 0.0125638283789,
        "var": 0.00015784977586
    },
    "spectral_entropy": {
        "dmean": 0.231875136495,
        "dmean2": 0.369057059288,
        "dvar": 0.0615038312972,
        "dvar2": 0.12956687808,
        "max": 9.80267620087,
        "mean": 7.17263555527,
        "median": 7.26697683334,
        "min": 5.57205963135,
        "stdev": 0.66470605135,
        "var": 0.441834151745
    },
    "spectral_flux": {
        "dmean": 0.0337663851678,
        "dmean2": 0.053376365453,
        "dvar": 0.00184883270413,
        "dvar2": 0.00379491457716,
        "max": 0.503014862537,
        "mean": 0.0934319421649,
        "median": 0.0784144625068,
        "min": 1.04216184293e-10,
        "stdev": 0.062709890306,
        "var": 0.00393253006041
    },
    "spectral_kurtosis": {
        "dmean": 6.31222009659,
        "dmean2": 10.9213342667,
        "dvar": 172.279998779,
        "dvar2": 499.416595459,
        "max": 141.493438721,
        "mean": 14.1078100204,
        "median": 4.44569253922,
        "min": -1.19563066959,
        "stdev": 23.3869285583,
        "var": 546.948425293
    },
    "spectral_rms": {
        "dmean": 0.000707196304575,
        "dmean2": 0.00107165600639,
        "dvar": 1.04251944322e-06,
        "dvar2": 2.16157741306e-06,
        "max": 0.0151898702607,
        "mean": 0.00738585554063,
        "median": 0.00690731266513,
        "min": 3.25516675247e-12,
        "stdev": 0.0030560598243,
        "var": 9.33950195758e-06
    },
    "spectral_rolloff": {
        "dmean": 488.680053711,
        "dmean2": 817.147094727,
        "dvar": 1773100.125,
        "dvar2": 3748881,
        "max": 18690.8203125,
        "mean": 1033.82751465,
        "median": 538.330078125,
        "min": 43.06640625,
        "stdev": 1722.70178223,
        "var": 2967701.25
    },
    "spectral_skewness": {
        "dmean": 0.550144135952,
        "dmean2": 0.922530710697,
        "dvar": 0.537937104702,
        "dvar2": 1.52686166763,
        "max": 9.60973834991,
        "mean": 2.37610960007,
        "median": 1.91237008572,
        "min": -0.098999992013,
        "stdev": 1.53579390049,
        "var": 2.35866308212
    },
    "spectral_spread": {
        "dmean": 835058.9375,
        "dmean2": 1269742,
        "dvar": 1.94805602714e+12,
        "dvar2": 3.27415942349e+12,
        "max": 40003964,
        "mean": 5178871.5,
        "median": 5442061,
        "min": 563332,
        "stdev": 2932845.25,
        "var": 8.60158060134e+12
    },
    "spectral_strongpeak": {
        "dmean": 0.432254910469,
        "dmean2": 0.738658845425,
        "dvar": 0.722082018852,
        "dvar2": 1.84696638584,
        "max": 10.9848508835,
        "mean": 0.894643008709,
        "median": 0.470226675272,
        "min": 0,
        "stdev": 1.15681350231,
        "var": 1.33821749687
    },
    "zerocrossingrate": {
        "dmean": 0.0111851179972,
        "dmean2": 0.013632918708,
        "dvar": 0.000525968614966,
        "dvar2": 0.000575018231757,
        "max": 0.5087890625,
        "mean": 0.0464535616338,
        "median": 0.0361328125,
        "min": 0.00146484375,
        "stdev": 0.047887403518,
        "var": 0.00229320325889
    },
    "barkbands": {
        "dmean": [0.00324695836753, 0.00582575798035, 0.00158218189608, 0.000874531629961, 0.00228723068722, 0.00126044964418, 0.00181476364378, 0.00122035737149, 0.000773521780502, 0.00048135369434, 0.000527980970219, 0.000546447816305, 0.000532061327249, 0.000226553151151, 0.000200117588975, 0.000121248565847, 0.00015780958347, 0.000198348439881, 0.000239370172494, 0.000115412010928, 0.000107898151327, 0.000197201690753, 0.000306423404254, 0.000256561121205, 0.000135262569529, 4.59639595647e-05, 1.75791547008e-06],
        "dmean2": [0.00506669748574, 0.00860472675413, 0.00289427558891, 0.00156054622494, 0.00371749303304, 0.0021977883298, 0.00279946066439, 0.0018600220792, 0.001157554565, 0.000724295678083, 0.000824303424452, 0.000821299385279, 0.000875172554515, 0.000345370353898, 0.00030866873567, 0.000183460811968, 0.000241416244535, 0.000302729546092, 0.000371309084585, 0.000182986070286, 0.000162287018611, 0.000336444558343, 0.000546852010302, 0.000415837886976, 0.000217090593651, 7.23752891645e-05, 2.84131328954e-06],
        "dvar": [3.09886927425e-05, 0.000209676290979, 7.12814726285e-05, 2.06926924875e-05, 2.93899593089e-05, 1.57633094204e-05, 1.39277417475e-05, 1.07516307253e-05, 2.96499752039e-06, 1.52042298396e-06, 1.03192087408e-06, 2.15936643144e-06, 3.3567544051e-06, 4.06182010693e-07, 3.24158719422e-07, 1.21935372022e-07, 1.40060251397e-07, 2.94417645819e-07, 4.54958325236e-07, 2.17652768697e-07, 1.6134146108e-07, 3.01956845306e-07, 6.20252137651e-07, 6.34615105355e-07, 2.56405769505e-07, 2.82765739712e-08, 5.58708600218e-11],
        "dvar2": [7.95463201939e-05, 0.000467753066914, 0.000206498763873, 5.95070596319e-05, 7.60266775615e-05, 4.39301438746e-05, 2.98775557894e-05, 2.56428793364e-05, 6.82546624375e-06, 2.77277263194e-06, 2.29280976782e-06, 3.97353369408e-06, 9.04456828721e-06, 8.87311784936e-07, 6.80696075506e-07, 2.5592683528e-07, 3.01288309856e-07, 6.27306917522e-07, 1.02026024251e-06, 5.15836461545e-07, 3.65815054693e-07, 8.09691755421e-07, 1.72549744093e-06, 1.48421474933e-06, 5.11961388838e-07, 6.43424229452e-08, 1.42181169616e-10],
        "max": [0.0877800434828, 0.175789117813, 0.124025903642, 0.0646392330527, 0.0610770024359, 0.0569680742919, 0.0548239164054, 0.0620536915958, 0.0227047521621, 0.0264850500971, 0.013567648828, 0.0284924544394, 0.0324251204729, 0.00971869938076, 0.0125456731766, 0.00536628253758, 0.0057165636681, 0.00604061875492, 0.00925518665463, 0.00671197194606, 0.00615060236305, 0.00624567642808, 0.0086378082633, 0.0148624107242, 0.011952563189, 0.00339375226758, 0.000227034193813],
        "mean": [0.0150531306863, 0.0295071825385, 0.00176189059857, 0.000845635368023, 0.00343188107945, 0.0014676124556, 0.0033216343727, 0.00185654091183, 0.00164430134464, 0.000840385735501, 0.000888875103556, 0.00100596284028, 0.000736904505175, 0.000343354506185, 0.000339894089848, 0.00018155221187, 0.000256791245192, 0.000287517468678, 0.000368062173948, 0.000123015895952, 0.000128020299599, 0.0002002374531, 0.000281907967292, 0.000341094942996, 0.000202380193514, 6.97632931406e-05, 2.20403398998e-06],
        "median": [0.00683477241546, 0.0118705546483, 0.000601500272751, 0.000152088687173, 0.00136768817902, 0.00047084162361, 0.00129405246116, 0.000498544541188, 0.000427165010478, 0.000249634846114, 0.000151664266014, 0.000163890130352, 0.000137794631883, 7.09966989234e-05, 4.43093740614e-05, 3.91317626054e-05, 5.63358807995e-05, 2.97113274428e-05, 6.97397626936e-05, 1.44108262248e-05, 1.91785238712e-05, 3.45856387867e-05, 3.77946598746e-05, 9.78170501185e-05, 6.06294379395e-05, 1.89124239114e-05, 1.98737652113e-07],
        "min": [3.02380561277e-24, 2.33724087652e-23, 9.47198920415e-23, 4.4423247218e-23, 9.84618127247e-23, 2.09873114841e-23, 7.92817437091e-24, 2.58268453422e-23, 2.51289069672e-23, 8.20810907842e-23, 7.18267699188e-23, 8.96494475525e-23, 5.33074018881e-23, 1.12147874165e-22, 2.16089878355e-22, 1.16043294559e-22, 1.88510543802e-22, 1.31235859447e-22, 5.43721608995e-22, 3.48888692137e-22, 3.2247884072e-22, 6.06904041115e-22, 7.16271515066e-22, 6.97743204508e-22, 1.2052169957e-21, 1.86505499195e-21, 2.20917040665e-21],
        "stdev": [0.0184477586299, 0.0373575314879, 0.00646844785661, 0.00354096363299, 0.00581803079695, 0.00342645589262, 0.00549055449665, 0.00422872649506, 0.00306579913013, 0.00202105101198, 0.00165182829369, 0.0023967041634, 0.00185222609434, 0.000915098295081, 0.000946180953179, 0.000480265094666, 0.00052809069166, 0.000695986964274, 0.000785361567978, 0.000454856228316, 0.000416204100475, 0.000528135395143, 0.000732828804757, 0.000856330152601, 0.000591166783124, 0.00018448314222, 9.79584729066e-06],
        "var": [0.000340319791576, 0.00139558513183, 4.18408162659e-05, 1.25384240164e-05, 3.38494828611e-05, 1.17406007121e-05, 3.01461896015e-05, 1.78821283043e-05, 9.39912388276e-06, 4.08464757129e-06, 2.72853662864e-06, 5.74419118493e-06, 3.43074134435e-06, 8.37404854792e-07, 8.95258381206e-07, 2.30654563893e-07, 2.78879753068e-07, 4.84397844502e-07, 6.16792817709e-07, 2.0689419955e-07, 1.7322585677e-07, 2.78927018371e-07, 5.37038033599e-07, 7.333013059e-07, 3.49478170847e-07, 3.40340307048e-08, 9.59586160532e-11]
    },
    "erbbands": {
        "dmean": [0.320040255785, 1.08346736431, 1.67972075939, 2.53855156898, 3.89724636078, 9.6559715271, 11.4273500443, 10.0465955734, 21.2587451935, 31.9536743164, 24.796289444, 17.7621765137, 13.1194200516, 17.3182868958, 19.2021255493, 20.2046375275, 25.0757694244, 13.4512281418, 11.5050773621, 7.73478031158, 7.13557291031, 9.03571605682, 11.1499824524, 10.4201459885, 11.7183523178, 5.23592662811, 3.83951234818, 4.47077989578, 6.7695183754, 8.37131881714, 8.27011299133, 5.85898399353, 3.99485683441, 1.9949811697, 0.780167102814, 0.31057831645, 0.0592032931745, 0.00688824849203, 0.000199788380996, 1.79021990334e-05],
        "dmean2": [0.439323067665, 1.79470932484, 2.94156575203, 4.60540676117, 6.69101572037, 15.7245941162, 19.1556987762, 17.0581245422, 32.5239639282, 49.0807495117, 38.5472793579, 27.2603931427, 19.9026374817, 26.7185745239, 30.3126850128, 29.7637519836, 41.4971122742, 20.37799263, 17.5619182587, 11.4554548264, 10.6747159958, 13.5179853439, 16.9524765015, 16.0962123871, 18.4312934875, 8.10054016113, 5.819835186, 6.81644392014, 11.40275383, 14.733133316, 14.7184715271, 9.88590908051, 6.29540395737, 3.19755578041, 1.25878608227, 0.485471397638, 0.0967157632113, 0.0110908877105, 0.000318696373142, 2.81722896034e-05],
        "dvar": [0.515035331249, 11.0715866089, 68.7735214233, 191.702575684, 172.550750732, 572.25958252, 1188.5670166, 870.161071777, 2078.44311523, 4927.34277344, 6399.54833984, 1909.94421387, 1148.22546387, 1663.59362793, 1247.40612793, 3080.51464844, 8561.56933594, 1388.26879883, 1174.38452148, 529.786682129, 360.706359863, 471.621765137, 953.971191406, 896.164306641, 1161.97253418, 455.800354004, 223.4581604, 233.757568359, 423.242370605, 422.771972656, 470.222900391, 280.613037109, 169.883300781, 56.4570808411, 8.68710041046, 1.51962614059, 0.0315190330148, 0.000506793905515, 5.07234290126e-07, 1.16334608613e-09],
        "dvar2": [0.957584023476, 27.9156894684, 189.207061768, 552.640014648, 484.870147705, 1464.3885498, 3150.421875, 2354.37402344, 4425.88574219, 10708.2822266, 16146.9423828, 4382.42675781, 2307.77001953, 3788.50463867, 2887.78466797, 6242.44580078, 23946.109375, 2941.70458984, 2414.92138672, 1058.62463379, 805.254699707, 1020.08905029, 2043.32958984, 2237.60253906, 2449.88623047, 1091.95532227, 505.472412109, 521.368103027, 1136.33032227, 1190.9407959, 1297.21777344, 704.248718262, 374.383392334, 118.896575928, 17.3828392029, 3.32969307899, 0.074232108891, 0.00127823418006, 1.19364540296e-06, 2.64317234766e-09],
        "max": [10.417468071, 44.5275154114, 122.873069763, 204.250350952, 180.172973633, 305.68081665, 646.613891602, 341.098388672, 632.952697754, 1024.47033691, 1383.51403809, 619.718322754, 697.136169434, 835.969238281, 501.132385254, 1125.09594727, 1771.70043945, 877.720031738, 752.543457031, 518.59552002, 343.078948975, 352.886779785, 363.933990479, 408.215026855, 424.986175537, 279.614746094, 228.308303833, 213.728485107, 246.701156616, 229.196228027, 230.024353027, 292.598510742, 222.751708984, 177.012451172, 67.2330551147, 28.2279529572, 2.65938782692, 0.576134562492, 0.0213588029146, 0.000509637407959],
        "mean": [1.85504806042, 2.73101425171, 2.22542524338, 2.67911410332, 4.70750999451, 13.6854457855, 15.5570392609, 12.5938129425, 33.7080612183, 55.488067627, 41.0208320618, 37.9840736389, 24.4355220795, 32.9947776794, 36.2490272522, 37.4270973206, 39.3890609741, 21.480091095, 20.0478229523, 12.5946397781, 11.2475643158, 15.6070861816, 17.65442276, 14.8987121582, 16.8910560608, 5.79968976974, 4.43829965591, 5.45231437683, 6.84002637863, 7.9435338974, 7.77778339386, 7.00228834152, 5.57504320145, 2.78994441032, 1.17219400406, 0.463147640228, 0.0922485291958, 0.0103808417916, 0.000339273537975, 8.75098849065e-05],
        "median": [0.72522932291, 0.861110150814, 0.759393453598, 0.842459917068, 1.72318959236, 4.30439138412, 4.22584152222, 4.76525068283, 13.5388126373, 22.82670784, 13.1430692673, 10.2016639709, 8.45412731171, 15.240234375, 12.5444488525, 6.93788957596, 6.90454053879, 4.96299552917, 2.99119901657, 2.08450770378, 2.83533000946, 3.9499745369, 2.53170657158, 2.41155314445, 3.65096068382, 0.829455733299, 0.532060980797, 0.861295223236, 1.17244458199, 1.0481351614, 1.10588574409, 1.82448542118, 1.45574569702, 0.722259640694, 0.36323979497, 0.139992848039, 0.0228730570525, 0.00245072017424, 0.000104893253592, 7.65626245993e-05],
        "min": [7.3034888307e-22, 6.34398254421e-21, 7.66125894553e-20, 1.80740747451e-19, 7.51135572396e-20, 3.2923096359e-19, 4.99767223263e-19, 2.42347324167e-19, 1.31658693335e-19, 2.71507508711e-19, 5.3665916839e-19, 6.03984794313e-19, 1.65133974112e-18, 4.1187200399e-18, 2.06924089916e-18, 3.47993022545e-18, 2.54749253431e-18, 5.51366667156e-18, 1.06847052072e-17, 7.47276123433e-18, 7.64146223872e-18, 1.12746322221e-17, 5.77047233735e-18, 1.46303219875e-17, 3.35781297259e-17, 1.53323534821e-17, 1.54597723837e-17, 1.38862763353e-17, 2.15254481109e-17, 2.2834524296e-17, 2.07587277836e-17, 1.46180582078e-17, 1.23829392649e-17, 1.25129679212e-17, 9.38569829174e-18, 6.6722245229e-18, 3.38297576546e-18, 1.44976130592e-18, 2.91115385692e-19, 3.10569840056e-20],
        "stdev": [2.35514426231, 4.4887676239, 6.96262121201, 10.6556167603, 11.1562852859, 25.6043643951, 36.0436973572, 27.4722995758, 61.9563560486, 97.7983093262, 96.6030883789, 74.4090652466, 54.3572425842, 54.3435935974, 56.2575492859, 88.1562957764, 93.6598892212, 52.6671638489, 55.5426292419, 38.2970352173, 26.1002464294, 30.0425434113, 39.8688697815, 32.341506958, 39.6338119507, 20.8802375793, 15.4577598572, 16.3828830719, 19.3671360016, 19.6057758331, 20.5015945435, 17.0598964691, 14.769982338, 8.52148628235, 3.44345808029, 1.34404408932, 0.206594079733, 0.0275733936578, 0.000988101586699, 6.04070337431e-05],
        "var": [5.54670476913, 20.1490364075, 48.4780921936, 113.542160034, 124.46270752, 655.583435059, 1299.14819336, 754.727294922, 3838.59008789, 9564.50976562, 9332.15722656, 5536.70849609, 2954.7097168, 2953.22631836, 3164.91186523, 7771.53222656, 8772.17480469, 2773.83032227, 3084.98364258, 1466.6628418, 681.222900391, 902.554443359, 1589.5267334, 1045.97302246, 1570.83911133, 435.984283447, 238.942337036, 268.398864746, 375.0859375, 384.386444092, 420.31539917, 291.040039062, 218.152389526, 72.6157226562, 11.8574037552, 1.80645442009, 0.0426811128855, 0.000760292052291, 9.76344722403e-07, 3.64900976102e-09]
    },
    "gfcc": {
        "mean": [-21.1338329315, 110.897262573, -94.5708770752, 9.2220993042, -54.8674468994, 19.7250976562, -31.5641727448, 20.5266628265, -15.2115888596, 6.5223069191, 0.882669746876, 5.50099372864, -6.83431959152],
        "cov": [[9168.79101562, -5414.07373047, -346.999389648, 1327.03942871, -2176.53540039, 592.528991699, -1823.37463379, 677.299926758, -714.043945312, 253.419281006, -546.29095459, 452.931060791, -773.185668945], [-5414.07373047, 5149.67431641, 179.531341553, -1115.43164062, 2013.86413574, -322.501312256, 1617.21154785, -448.498504639, 578.278259277, -223.996643066, 550.611938477, -380.202453613, 557.713195801], [-346.999389648, 179.531341553, 1281.40136719, 270.429931641, 207.265823364, 230.140472412, 188.91545105, 100.139282227, 89.5506515503, 93.1648712158, 17.9504127502, 10.5124979019, 18.5150470734], [1327.03942871, -1115.43164062, 270.429931641, 824.350830078, -376.803466797, 103.986961365, -327.927581787, 53.8859672546, 8.24230861664, 62.0306434631, -116.006362915, 96.096282959, -75.6057434082], [-2176.53540039, 2013.86413574, 207.265823364, -376.803466797, 1066.98535156, -97.850151062, 678.500793457, -61.0616035461, 234.971221924, -51.4929733276, 225.470062256, -165.334976196, 228.391647339], [592.528991699, -322.501312256, 230.140472412, 103.986961365, -97.850151062, 365.616516113, -0.151965901256, 106.779457092, -9.75421333313, 27.7434749603, -14.9652824402, 22.7335910797, -62.4966392517], [-1823.37463379, 1617.21154785, 188.91545105, -327.927581787, 678.500793457, -0.151965901256, 798.306091309, -95.8810424805, 192.7709198, -39.2480010986, 194.314743042, -93.0102844238, 183.029678345], [677.299926758, -448.498504639, 100.139282227, 53.8859672546, -61.0616035461, 106.779457092, -95.8810424805, 277.407409668, -36.2817611694, 62.8346977234, -15.5773983002, 32.6895446777, -83.666847229], [-714.043945312, 578.278259277, 89.5506515503, 8.24230861664, 234.971221924, -9.75421333313, 192.7709198, -36.2817611694, 254.644439697, 10.958864212, 44.8688430786, -43.6251869202, 78.5262832642], [253.419281006, -223.996643066, 93.1648712158, 62.0306434631, -51.4929733276, 27.7434749603, -39.2480010986, 62.8346977234, 10.958864212, 119.946861267, -0.429156750441, 9.98000240326, -28.4336452484], [-546.29095459, 550.611938477, 17.9504127502, -116.006362915, 225.470062256, -14.9652824402, 194.314743042, -15.5773983002, 44.8688430786, -0.429156750441, 164.547332764, -20.1360244751, 49.7187385559], [452.931060791, -380.202453613, 10.5124979019, 96.096282959, -165.334976196, 22.7335910797, -93.0102844238, 32.6895446777, -43.6251869202, 9.98000240326, -20.1360244751, 122.137771606, -33.9657402039], [-773.185668945, 557.713195801, 18.5150470734, -75.6057434082, 228.391647339, -62.4966392517, 183.029678345, -83.666847229, 78.5262832642, -28.4336452484, 49.7187385559, -33.9657402039, 164.16506958]],
        "icov": [[0.000470449711429, -0.000170384708326, 0.000270815129625, -0.000508690136485, 0.00027878608671, -0.000482111150632, 0.000350571033778, -0.000586511741858, 0.000670004053973, -0.000473772466648, 0.000411647575675, -0.00048271601554, 0.00064149510581], [-0.000170384708326, 0.00271180202253, -0.000454561202787, 0.00154986476991, -0.00224653398618, 0.000761354574934, -0.00137719279155, 0.00207280227914, -0.00226282887161, 0.00220318697393, -0.00250636064447, 0.00150848599151, -0.00070783670526], [0.000270815129625, -0.000454561202787, 0.00135567493271, -0.000957016891334, -8.67991457199e-06, -0.000966716441326, 0.000102677593532, -0.000637922843453, 0.000798994966317, -0.00130741088651, 0.000910975213628, -0.000712640234269, 0.00039858778473], [-0.000508690136485, 0.00154986476991, -0.000957016891334, 0.00322992540896, -0.00103457143996, 0.000631823029835, -0.000307717098622, 0.00176362530328, -0.00264282547869, 0.00135728600435, -0.00136625464074, 0.000429981912021, -0.0011419133516], [0.00027878608671, -0.00224653398618, -8.67991457199e-06, -0.00103457143996, 0.00527024641633, 9.29482848733e-05, -0.000247838557698, -0.00303366035223, 0.00114782433957, -0.000852899102028, 0.000533017038833, 0.000880366191268, -0.000772966071963], [-0.000482111150632, 0.000761354574934, -0.000966716441326, 0.000631823029835, 9.29482848733e-05, 0.00446522934362, -0.0014906214783, -0.000276039820164, -0.00128018937539, 0.00156477536075, -0.00111333909445, 0.00123981025536, 0.000111721798021], [0.000350571033778, -0.00137719279155, 0.000102677593532, -0.000307717098622, -0.000247838557698, -0.0014906214783, 0.00445000920445, -0.000486702949274, 0.000618371646851, -0.00123871862888, 0.000120487136883, -0.00158727087546, -0.000130803586217], [-0.000586511741858, 0.00207280227914, -0.000637922843453, 0.00176362530328, -0.00303366035223, -0.000276039820164, -0.000486702949274, 0.0075492085889, -0.00190182437655, -0.000251971010584, -0.00193455454428, 0.000168964703334, 0.00107240688521], [0.000670004053973, -0.00226282887161, 0.000798994966317, -0.00264282547869, 0.00114782433957, -0.00128018937539, 0.000618371646851, -0.00190182437655, 0.00835324171931, -0.00354828056879, 0.00280003831722, -0.000973845249973, 0.000133088469738], [-0.000473772466648, 0.00220318697393, -0.00130741088651, 0.00135728600435, -0.000852899102028, 0.00156477536075, -0.00123871862888, -0.000251971010584, -0.00354828056879, 0.0127885136753, -0.00369145418517, 0.00230562104844, -0.000401439727284], [0.000411647575675, -0.00250636064447, 0.000910975213628, -0.00136625464074, 0.000533017038833, -0.00111333909445, 0.000120487136883, -0.00193455454428, 0.00280003831722, -0.00369145418517, 0.0121065312997, -0.00318115553819, 0.0011324561201], [-0.00048271601554, 0.00150848599151, -0.000712640234269, 0.000429981912021, 0.000880366191268, 0.00123981025536, -0.00158727087546, 0.000168964703334, -0.000973845249973, 0.00230562104844, -0.00318115553819, 0.0126030975953, -0.00158067489974], [0.00064149510581, -0.00070783670526, 0.00039858778473, -0.0011419133516, -0.000772966071963, 0.000111721798021, -0.000130803586217, 0.00107240688521, 0.000133088469738, -0.000401439727284, 0.0011324561201, -0.00158067489974, 0.011953689158]]
    },
    "melbands": {
        "dmean": [0.00204327865504, 0.00093164719874, 0.000449625658803, 0.000467542151455, 0.000415624846937, 0.000224876464927, 0.000339681311743, 0.000334512122208, 0.000195902015548, 0.000101957906736, 6.88712170813e-05, 7.39201641409e-05, 7.76984525146e-05, 5.08879456902e-05, 6.54710092931e-05, 4.69009683002e-05, 2.44567218033e-05, 2.01285656658e-05, 1.14863260023e-05, 8.04757564765e-06, 8.66840127856e-06, 9.46456020756e-06, 1.32570066853e-05, 7.72713428887e-06, 9.10691960598e-06, 1.02062167571e-05, 6.47629303785e-06, 2.86905356006e-06, 2.12511963582e-06, 2.82932796836e-06, 2.65690914603e-06, 3.83950555261e-06, 4.30163572673e-06, 5.26023131897e-06, 5.09734081788e-06, 4.46967897005e-06, 3.55241036232e-06, 3.13756800097e-06, 2.34131721299e-06, 1.601375061e-06],
        "dmean2": [0.00290108495392, 0.00153144658543, 0.000801701389719, 0.000777202076279, 0.000683258986101, 0.00038551480975, 0.000517079373822, 0.00050835008733, 0.000307785288896, 0.00015388065367, 0.000104694336187, 0.000113584545034, 0.000121783661598, 7.87967728684e-05, 0.00010502992518, 7.68564132159e-05, 3.67794891645e-05, 3.09736897179e-05, 1.74172819243e-05, 1.18676180136e-05, 1.34313177114e-05, 1.44613977682e-05, 2.01270140678e-05, 1.16924966278e-05, 1.44241103044e-05, 1.58288457897e-05, 1.01047317003e-05, 4.58772183265e-06, 3.28712008013e-06, 4.31299622505e-06, 4.05558830607e-06, 6.42529039396e-06, 7.54503298594e-06, 9.35114348977e-06, 9.13109306566e-06, 7.91868205852e-06, 5.8093669395e-06, 5.02303964822e-06, 3.6556195937e-06, 2.54648693954e-06],
        "dvar": [2.23876431846e-05, 1.25557553474e-05, 5.01936938235e-06, 1.41993723446e-06, 1.19862932024e-06, 4.36031342588e-07, 5.02701652749e-07, 4.75448359794e-07, 3.93004881971e-07, 5.52444241464e-08, 3.01086551246e-08, 3.22870725711e-08, 2.26157670369e-08, 2.05228047889e-08, 3.72302402241e-08, 2.88036154927e-08, 4.79901096639e-09, 3.65616492637e-09, 1.01290831278e-09, 5.55843482353e-10, 5.91047710774e-10, 6.12425554714e-10, 1.01465524871e-09, 5.06890251994e-10, 7.20206339011e-10, 7.29698856894e-10, 5.08928843512e-10, 1.5648687901e-10, 6.97195010058e-11, 1.23325544221e-10, 7.24877172176e-11, 1.72425018707e-10, 1.36112010551e-10, 1.69611436007e-10, 1.81844775349e-10, 1.36976721632e-10, 1.26433974401e-10, 1.0785065202e-10, 5.36061264822e-11, 4.78691392081e-11],
        "dvar2": [4.55379558844e-05, 3.07823356707e-05, 1.43307861435e-05, 3.83097949452e-06, 3.02768785332e-06, 1.18581669994e-06, 1.07801849936e-06, 1.04924060906e-06, 9.93475055111e-07, 1.27924096205e-07, 5.94426801115e-08, 7.06307474729e-08, 5.18069356303e-08, 4.42766889819e-08, 8.65995701815e-08, 7.74343646981e-08, 9.75489200528e-09, 7.54006457271e-09, 2.19999152229e-09, 1.06989606063e-09, 1.39645350838e-09, 1.4395986625e-09, 2.14565121226e-09, 1.0596525879e-09, 1.86509052646e-09, 1.60634539004e-09, 1.1173987291e-09, 3.96396415692e-10, 1.62019148098e-10, 2.73875505608e-10, 1.62655611202e-10, 4.62355348452e-10, 3.83988202346e-10, 4.7654391544e-10, 5.03153685383e-10, 3.77479658642e-10, 3.13347375824e-10, 2.45950981803e-10, 1.15064478778e-10, 1.07723496789e-10],
        "max": [0.0645355209708, 0.0483674295247, 0.0320650488138, 0.0123093351722, 0.0173135139048, 0.00749807758257, 0.0109801301733, 0.00954591948539, 0.0116380099207, 0.00348397321068, 0.00372480624355, 0.00365648674779, 0.00209784298204, 0.00266451854259, 0.00359700899571, 0.00312239280902, 0.00144068314694, 0.00116053037345, 0.00050251733046, 0.000488534686156, 0.000419354473706, 0.000414503912907, 0.000370700610802, 0.000269285170361, 0.000363832659787, 0.000325410452206, 0.000337291217875, 0.000170301049366, 0.000122037796245, 0.000172005733475, 0.000106895138742, 0.000158634589752, 0.000180857241503, 0.000153676504851, 0.000139689509524, 0.000118105497677, 0.000210853162571, 0.000187004421605, 0.000128112646053, 0.00017810780264],
        "mean": [0.0125509826466, 0.00173084251583, 0.000500405847561, 0.000658898323309, 0.00059081724612, 0.000276105711237, 0.000565652095247, 0.000573800236452, 0.000324344408, 0.000221419977606, 0.000120556098409, 0.000135446272907, 0.000139727388159, 8.18342887214e-05, 0.000123913647258, 6.16210672888e-05, 3.63168801414e-05, 3.26666886394e-05, 1.80734405149e-05, 1.33739158628e-05, 1.25100277728e-05, 1.45052590597e-05, 2.13522071135e-05, 1.09153670564e-05, 1.19825881484e-05, 1.45077356137e-05, 8.03234706837e-06, 2.7712908377e-06, 2.39504356614e-06, 3.21604238707e-06, 3.18733873428e-06, 3.86770670957e-06, 4.01060788136e-06, 4.73466025142e-06, 4.52317362942e-06, 4.46300782642e-06, 4.25942744187e-06, 4.17760475102e-06, 3.14575459015e-06, 2.07284483622e-06],
        "median": [0.00553820328787, 0.000576108170208, 0.000188322766917, 0.000269163923804, 0.000190546939848, 0.000102754864201, 0.000233025391935, 0.000232181468164, 8.67868802743e-05, 5.49070391571e-05, 3.953711348e-05, 6.09432609053e-05, 3.5741886677e-05, 1.84306009032e-05, 1.42855733429e-05, 1.21418133858e-05, 7.23851189832e-06, 4.65267612526e-06, 2.42089276981e-06, 2.68885469268e-06, 2.8747633678e-06, 3.25903101839e-06, 2.71762746706e-06, 1.10677569864e-06, 1.6055054175e-06, 2.68214444077e-06, 8.58688110839e-07, 2.2093603036e-07, 1.90806431988e-07, 3.30687782935e-07, 4.64279423795e-07, 5.19182151493e-07, 5.44485203591e-07, 5.31160196715e-07, 4.74522096283e-07, 7.83744269484e-07, 1.06596633032e-06, 9.85608608062e-07, 7.17871671441e-07, 4.70300449251e-07],
        "min": [6.3065966273e-24, 3.06302604148e-23, 2.61329912154e-23, 1.12394014545e-23, 2.14012410006e-23, 4.63922708587e-24, 1.85842100306e-24, 4.15118132635e-24, 4.22474733892e-24, 3.83451165418e-24, 8.01097242266e-24, 1.61395924053e-23, 7.19315401133e-24, 1.04853940018e-23, 5.49880779352e-24, 8.12689158838e-24, 9.29232707962e-24, 1.63698861471e-23, 1.36284067525e-23, 8.11525746775e-24, 8.37732494907e-24, 1.26717014902e-23, 5.70555798159e-24, 5.78299611792e-24, 1.11312549353e-23, 2.42775809e-23, 1.86651069275e-23, 8.04389868799e-24, 9.98270816716e-24, 8.45122149437e-24, 8.14116365988e-24, 1.19242707709e-23, 1.22220507743e-23, 1.24872729103e-23, 1.30295382632e-23, 9.47177084745e-24, 8.29144718435e-24, 7.95187569681e-24, 1.07707407684e-23, 1.00283453482e-23],
        "stdev": [0.0150517579168, 0.00378305278718, 0.00175574270543, 0.00117172719911, 0.00123077037279, 0.000605156761594, 0.00099089962896, 0.000967351312283, 0.000756886554882, 0.00041751304525, 0.000284122361336, 0.000240403649514, 0.000240131266764, 0.000192591905943, 0.000298241153359, 0.000162305645063, 9.87153907772e-05, 9.43672421272e-05, 4.79773661937e-05, 4.08987762057e-05, 2.9631288271e-05, 3.02422031382e-05, 4.58951253677e-05, 2.80617678072e-05, 2.8436879802e-05, 3.22486921505e-05, 2.42561563937e-05, 1.16512574095e-05, 8.56099359225e-06, 1.14274471343e-05, 9.34600848268e-06, 1.21377142932e-05, 1.06252900878e-05, 1.21109596876e-05, 1.25263177324e-05, 1.12724628707e-05, 1.11801291496e-05, 1.14472713904e-05, 8.56733277033e-06, 7.3356404755e-06],
        "var": [0.000226555406698, 1.43114875755e-05, 3.08263224724e-06, 1.37294455271e-06, 1.51479582655e-06, 3.66214720771e-07, 9.81882180895e-07, 9.35768525778e-07, 5.728772976e-07, 1.74317150936e-07, 8.07255204904e-08, 5.77939154311e-08, 5.76630263538e-08, 3.7091641758e-08, 8.89477860255e-08, 2.6343121462e-08, 9.74472857962e-09, 8.90517615204e-09, 2.30182783945e-09, 1.67270974849e-09, 8.78013217687e-10, 9.14590847501e-10, 2.10636263986e-09, 7.87462761664e-10, 8.08656142048e-10, 1.03997821466e-09, 5.88361082077e-10, 1.35751798691e-10, 7.32906166312e-11, 1.3058654158e-10, 8.73478719909e-11, 1.47324111244e-10, 1.1289678914e-10, 1.46675352419e-10, 1.56908624982e-10, 1.27068411349e-10, 1.24995278017e-10, 1.31040012175e-10, 7.3399196443e-11, 5.38116218252e-11]
    },
    "melbands128": {
