{
"lowlevel": {
    "average_loudness": 0.975696742535,
    "barkbands_crest": {
        "dmean": 2.88117408752,
        "dmean2": 4.45407676697,
        "dvar": 10.0637969971,
        "dvar2": 20.8038406372,
        "max": 26.1590499878,
        "mean": 16.5625457764,
        "median": 16.1312408447,
        "min": 1.97242176533,
        "stdev": 6.13161897659,
        "var": 37.5967521667
    },
    "barkbands_flatness_db": {
        "dmean": 0.0420865118504,
        "dmean2": 0.05661765486,
        "dvar": 0.00191680924036,
        "dvar2": 0.0038477408234,
        "max": 0.549855291843,
        "mean": 0.238630190492,
        "median": 0.228703781962,
        "min": 0.0302076954395,
        "stdev": 0.0957788750529,
        "var": 0.00917359255254
    },
    "barkbands_kurtosis": {
        "dmean": 23.195476532,
        "dmean2": 31.9359283447,
        "dvar": 1471.84362793,
        "dvar2": 2708.02661133,
        "max": 571.91595459,
        "mean": 45.8282546997,
        "median": 17.3345718384,
        "min": -1.93356502056,
        "stdev": 69.5690231323,
        "var": 4839.84863281
    },
    "barkbands_skewness": {
        "dmean": 1.33610153198,
        "dmean2": 1.82924890518,
        "dvar": 2.17131948471,
        "dvar2": 4.02218580246,
        "max": 17.7638607025,
        "mean": 4.62821435928,
        "median": 3.67787885666,
        "min": -1.84262621403,
        "stdev": 3.2885363102,
        "var": 10.8144712448
    },
    "barkbands_spread": {
        "dmean": 6.49825668335,
        "dmean2": 9.99567127228,
        "dvar": 91.7376251221,
        "dvar2": 217.152893066,
        "max": 85.262260437,
        "mean": 12.4298200607,
        "median": 7.30719614029,
        "min": 0.11994754523,
        "stdev": 13.6845312119,
        "var": 187.266403198
    },
    "dissonance": {
        "dmean": 0.0270040687174,
        "dmean2": 0.0452611558139,
        "dvar": 0.000850674638059,
        "dvar2": 0.00205487525091,
        "max": 0.499939531088,
        "mean": 0.445101231337,
        "median": 0.453680157661,
        "min": 0.0343120731413,
        "stdev": 0.038489215076,
        "var": 0.00148141977843
    },
    "dynamic_complexity": 3.36223459244,
    "erbbands_crest": {
        "dmean": 3.22600293159,
        "dmean2": 4.9769153595,
        "dvar": 8.22034168243,
        "dvar2": 18.7208137512,
        "max": 29.078754425,
        "mean": 11.0877513885,
        "median": 10.4851455688,
        "min": 2.675542593,
        "stdev": 4.58554649353,
        "var": 21.0272350311
    },
    "erbbands_flatness_db": {
        "dmean": 0.0243252944201,
        "dmean2": 0.0355563163757,
        "dvar": 0.000715811154805,
        "dvar2": 0.0013664275175,
        "max": 0.376674085855,
        "mean": 0.152849972248,
        "median": 0.150767371058,
        "min": 0.0573423653841,
        "stdev": 0.0531047470868,
        "var": 0.00282011413947
    },
    "erbbands_kurtosis": {
        "dmean": 2.07773470879,
        "dmean2": 3.13638830185,
        "dvar": 12.7046585083,
        "dvar2": 30.3734359741,
        "max": 41.1631851196,
        "mean": 1.96973371506,
        "median": 0.419245362282,
        "min": -1.83461153507,
        "stdev": 4.77550601959,
        "var": 22.8054599762
    },
    "erbbands_skewness": {
        "dmean": 0.540364086628,
        "dmean2": 0.77946805954,
        "dvar": 0.342410445213,
        "dvar2": 0.75659173727,
        "max": 5.50593328476,
        "mean": 0.860729634762,
        "median": 0.723901867867,
        "min": -2.39369463921,
        "stdev": 1.07326054573,
        "var": 1.1518882513
    },
    "erbbands_spread": {
        "dmean": 16.1057987213,
        "dmean2": 22.9564476013,
        "dvar": 358.843475342,
        "dvar2": 726.540466309,
        "max": 161.289001465,
        "mean": 50.5893554688,
        "median": 40.8227767944,
        "min": 6.3392496109,
        "stdev": 31.5920963287,
        "var": 998.060546875
    },
    "hfc": {
        "dmean": 6.29364728928,
        "dmean2": 8.91499042511,
        "dvar": 74.1331710815,
        "dvar2": 147.69342041,
        "max": 60.5071296692,
        "mean": 11.2573280334,
        "median": 7.42717075348,
        "min": 1.25884885186e-16,
        "stdev": 10.7835254669,
        "var": 116.284416199
    },
    "loudness_ebu128": {
        "integrated": -7.65459108353,
        "loudness_range": 1.30354881287,
        "momentary": {
            "dmean": 0.722770810127,
            "dmean2": 1.1739512682,
            "dvar": 0.678184866905,
            "dvar2": 1.15719211102,
            "max": -6.3041844368,
            "mean": -8.50826263428,
            "median": -7.42613315582,
            "min": -29.2029342651,
            "stdev": 3.35828590393,
            "var": 11.2780847549
        },
        "short_term": {
            "dmean": 0.114246606827,
            "dmean2": 0.14737033844,
            "dvar": 0.0070999818854,
            "dvar2": 0.00557218911126,
            "max": -6.93353223801,
            "mean": -7.62882995605,
            "median": -7.45562171936,
            "min": -10.8181257248,
            "stdev": 0.682661414146,
            "var": 0.466026574373
        }
    },
    "melbands_crest": {
        "dmean": 3.58578491211,
        "dmean2": 5.32292699814,
        "dvar": 14.7575273514,
        "dvar2": 30.5535621643,
        "max": 35.7571563721,
        "mean": 22.1861953735,
        "median": 21.2682189941,
        "min": 2.12130951881,
        "stdev": 8.20118236542,
        "var": 67.2593994141
    },
    "melbands_flatness_db": {
        "dmean": 0.0478905253112,
        "dmean2": 0.0640979409218,
        "dvar": 0.00264698592946,
        "dvar2": 0.00510701583698,
        "max": 0.691251754761,
        "mean": 0.323343366385,
        "median": 0.31593132019,
        "min": 0.00535471271724,
        "stdev": 0.121590912342,
        "var": 0.0147843500599
    },
    "melbands_kurtosis": {
        "dmean": 44.5025749207,
        "dmean2": 63.1725654602,
        "dvar": 4647.29150391,
        "dvar2": 9332.36914062,
        "max": 834.254699707,
        "mean": 89.694229126,
        "median": 42.6131134033,
        "min": -1.70485913754,
        "stdev": 114.391479492,
        "var": 13085.4111328
    },
    "melbands_skewness": {
        "dmean": 1.77529227734,
        "dmean2": 2.59505057335,
        "dvar": 4.12251901627,
        "dvar2": 7.91712236404,
        "max": 24.3281478882,
        "mean": 6.18987751007,
        "median": 5.34343576431,
        "min": -0.493596702814,
        "stdev": 4.05463647842,
        "var": 16.4400787354
    },
    "melbands_spread": {
        "dmean": 4.96177196503,
        "dmean2": 7.67027187347,
        "dvar": 106.082321167,
        "dvar2": 202.63230896,
        "max": 214.134933472,
        "mean": 10.0654945374,
        "median": 5.27194023132,
        "min": 0.123526617885,
        "stdev": 16.078496933,
        "var": 258.518035889
    },
    "pitch_salience": {
        "dmean": 0.0910765677691,
        "dmean2": 0.140415713191,
        "dvar": 0.0117051061243,
        "dvar2": 0.02385122329,
        "max": 0.864937603474,
        "mean": 0.355007976294,
        "median": 0.350475519896,
        "min": 0.0481266342103,
        "stdev": 0.192212611437,
        "var": 0.0369456894696
    },
    "silence_rate_20dB": {
        "dmean": 0,
        "dmean2": 0,
        "dvar": 0,
        "dvar2": 0,
        "max": 1,
        "mean": 1,
        "median": 1,
        "min": 1,
        "stdev": 0,
        "var": 0
    },
    "silence_rate_30dB": {
        "dmean": 0.0866202637553,
        "dmean2": 0.173374608159,
        "dvar": 0.0791160315275,
        "dvar2": 0.14331638813,
        "max": 1,
        "mean": 0.853168487549,
        "median": 1,
        "min": 0,
        "stdev": 0.353938758373,
        "var": 0.125272646546
    },
    "silence_rate_60dB": {
        "dmean": 0.0510440841317,
        "dmean2": 0.102167181671,
        "dvar": 0.048438500613,
        "dvar2": 0.108756251633,
        "max": 1,
        "mean": 0.119783617556,
        "median": 0,
        "min": 0,
        "stdev": 0.324711173773,
        "var": 0.105437338352
    },
    "spectral_centroid": {
        "dmean": 305.068878174,
        "dmean2": 452.766876221,
        "dvar": 239682.296875,
        "dvar2": 407710.0625,
        "max": 11220.7255859,
        "mean": 925.524902344,
        "median": 663.306030273,
        "min": 94.3458557129,
        "stdev": 739.031066895,
        "var": 546166.9375
    },
    "spectral_complexity": {
        "dmean": 2.68058776855,
        "dmean2": 4.23219823837,
        "dvar": 19.8352184296,
        "dvar2": 46.2478942871,
        "max": 40,
        "mean": 7.9343123436,
        "median": 7,
        "min": 0,
        "stdev": 5.14603948593,
        "var": 26.4817218781
    },
    "spectral_decrease": {
        "dmean": 4.61416815867e-09,
        "dmean2": 5.49140644068e-09,
        "dvar": 3.6288803902e-17,
        "dvar2": 5.2579603288e-17,
        "max": 8.162030919e-29,
        "mean": -1.3319323422e-08,
        "median": -9.3956735725e-09,
        "min": -5.03932895413e-08,
        "stdev": 1.23164269894e-08,
        "var": 1.516943629e-16
    },
    "spectral_energy": {
        "dmean": 0.017744531855,
        "dmean2": 0.0211259033531,
        "dvar": 0.000528798438609,
        "dvar2": 0.000764081312809,
        "max": 0.192426741123,
        "mean": 0.0512912124395,
        "median": 0.0364745557308,
        "min": 1.11100704101e-20,
        "stdev": 0.0469559691846,
        "var": 0.0022048628889
    },
    "spectral_energyband_high": {
        "dmean": 0.000476574175991,
        "dmean2": 0.000694220943842,
        "dvar": 5.2964344377e-07,
        "dvar2": 1.15342515983e-06,
        "max": 0.00431403890252,
        "mean": 0.000522128597368,
        "median": 0.000110725522973,
        "min": 7.89104212643e-21,
        "stdev": 0.000833728641737,
        "var": 6.95103494763e-07
    },
    "spectral_energyband_low": {
        "dmean": 0.0168971996754,
        "dmean2": 0.0231416262686,
        "dvar": 0.000826263159979,
        "dvar2": 0.00164389959536,
        "max": 0.186431869864,
        "mean": 0.0421171635389,
        "median": 0.0258399806917,
        "min": 1.0474064697e-22,
        "stdev": 0.045378819108,
        "var": 0.00205923733301
    },
    "spectral_energyband_middle_high": {
        "dmean": 0.000504730851389,
        "dmean2": 0.000770153943449,
        "dvar": 5.26733515471e-07,
        "dvar2": 1.26717873172e-06,
        "max": 0.00612212764099,
        "mean": 0.00114491360728,
        "median": 0.000776696717367,
        "min": 1.55949798757e-21,
        "stdev": 0.00109615980182,
        "var": 1.2015664197e-06
    },
    "spectral_energyband_middle_low": {
        "dmean": 0.00989465415478,
        "dmean2": 0.0168740097433,
        "dvar": 0.00053281505825,
        "dvar2": 0.0013511441648,
        "max": 0.11256967485,
        "mean": 0.00997201073915,
        "median": 0.00305359531194,
        "min": 4.00188228451e-22,
        "stdev": 0.0203204005957,
        "var": 0.00041291868547
    },
    "spectral_entropy": {
        "dmean": 0.346588432789,
        "dmean2": 0.500048160553,
        "dvar": 0.152991995215,
        "dvar2": 0.330701649189,
        "max": 9.8048992157,
        "mean": 7.24899339676,
        "median": 7.24709892273,
        "min": 5.11161375046,
        "stdev": 0.684379339218,
        "var": 0.468375056982
    },
    "spectral_flux": {
        "dmean": 0.0509379692376,
        "dmean2": 0.0598204880953,
        "dvar": 0.0032625014428,
        "dvar2": 0.00354262813926,
        "max": 0.450018525124,
        "mean": 0.108221843839,
        "median": 0.0616411045194,
        "min": 1.05404317219e-10,
        "stdev": 0.111098736525,
        "var": 0.0123429289088
    },
    "spectral_kurtosis": {
        "dmean": 2.31084752083,
        "dmean2": 3.51828479767,
        "dvar": 11.4288711548,
        "dvar2": 24.0640640259,
        "max": 44.3274726868,
        "mean": 5.03537988663,
        "median": 3.60671639442,
        "min": -1.21755802631,
        "stdev": 5.15293979645,
        "var": 26.5527877808
    },
    "spectral_rms": {
        "dmean": 0.00120269577019,
        "dmean2": 0.00146973028313,
        "dvar": 1.99967462322e-06,
        "dvar2": 2.97884253087e-06,
        "max": 0.0137015841901,
        "mean": 0.0062019880861,
        "median": 0.00596531061456,
        "min": 3.29227790863e-12,
        "stdev": 0.00340229040012,
        "var": 1.15755792649e-05
    },
    "spectral_rolloff": {
        "dmean": 395.440246582,
        "dmean2": 669.098327637,
        "dvar": 1281714.875,
        "dvar2": 2516130.75,
        "max": 19315.2832031,
        "mean": 683.123779297,
        "median": 236.865234375,
        "min": 64.599609375,
        "stdev": 1405.9708252,
        "var": 1976753.875
    },
    "spectral_skewness": {
        "dmean": 0.37137311697,
        "dmean2": 0.538121342659,
        "dvar": 0.20897769928,
        "dvar2": 0.422572702169,
        "max": 4.95962095261,
        "mean": 1.78610754013,
        "median": 1.66922855377,
        "min": -0.106787547469,
        "stdev": 0.786040425301,
        "var": 0.61785954237
    },
    "spectral_spread": {
        "dmean": 1030747.25,
        "dmean2": 1420277.125,
        "dvar": 2.42379207475e+12,
        "dvar2": 3.61858806579e+12,
        "max": 40015364,
        "mean": 6013935,
        "median": 5891588,
        "min": 1533373.375,
        "stdev": 2326691.75,
        "var": 5.41349484954e+12
    },
    "spectral_strongpeak": {
        "dmean": 0.211889445782,
        "dmean2": 0.310254991055,
        "dvar": 0.0640942752361,
        "dvar2": 0.132682606578,
        "max": 2.60661101341,
        "mean": 0.587368547916,
        "median": 0.532671093941,
        "min": 0,
        "stdev": 0.401148468256,
        "var": 0.160920098424
    },
    "zerocrossingrate": {
        "dmean": 0.0123943379149,
        "dmean2": 0.0149965081364,
        "dvar": 0.000442110787844,
        "dvar2": 0.000484187301481,
        "max": 0.51513671875,
        "mean": 0.0395424813032,
        "median": 0.027099609375,
        "min": 0.001953125,
        "stdev": 0.0402905642986,
        "var": 0.00162332959007
    },
    "barkbands": {
        "dmean": [0.000486688193632, 0.0124553423375, 0.0109026664868, 0.0058536445722, 0.00491435872391, 0.000676049443427, 0.000542806170415, 0.000150762192789, 0.000112733221613, 0.000203074247111, 0.000127542836708, 5.8686327975e-05, 7.50581530156e-05, 5.25064351677e-05, 4.3340765842e-05, 3.61222373613e-05, 4.2313724407e-05, 5.18208180438e-05, 5.97279868089e-05, 7.12725668564e-05, 6.36326512904e-05, 7.17570655979e-05, 0.000100601217127, 0.000101327539596, 8.83951506694e-05, 4.04513593821e-05, 4.23525807491e-06],
        "dmean2": [0.000432834902313, 0.016804760322, 0.0188247021288, 0.0107444375753, 0.00906559545547, 0.0011148438789, 0.000908056739718, 0.000248966854997, 0.00019242586859, 0.000311276322464, 0.000185951561434, 9.98273753794e-05, 0.000120596698252, 8.18482440081e-05, 6.69683868182e-05, 5.31259393028e-05, 7.61916235206e-05, 8.19730557851e-05, 9.70622058958e-05, 0.000116245537356, 9.59345634328e-05, 0.000109092172352, 0.000154080524226, 0.000152039137902, 0.000134561516461, 6.10531278653e-05, 7.16416479918e-06],
        "dvar": [4.99331974879e-07, 0.000412799825426, 0.000828744203318, 0.000286825030344, 0.000177163587068, 1.32944160214e-06, 9.95055188469e-07, 1.49732528598e-07, 4.60338149821e-08, 1.4178397123e-07, 6.12499775343e-08, 1.41273588383e-08, 2.65326693949e-08, 9.97550131387e-09, 8.86787887566e-09, 8.66158433865e-09, 1.67614242486e-08, 2.27057466162e-08, 1.1572279135e-08, 1.68056200067e-08, 1.23493650861e-08, 1.48317793602e-08, 2.58038372891e-08, 2.51156020425e-08, 1.9394494899e-08, 6.09023942388e-09, 1.38555611429e-10],
        "dvar2": [4.05392739822e-07, 0.00076739967335, 0.00219339807518, 0.000807290838566, 0.000509323377628, 3.43961892213e-06, 2.86314298137e-06, 3.96176602635e-07, 1.2128657545e-07, 3.02081730297e-07, 1.02160718995e-07, 3.62388981046e-08, 6.63445689497e-08, 2.27671534958e-08, 1.97430960469e-08, 1.51295864725e-08, 4.89617590915e-08, 5.78551322405e-08, 2.91590964707e-08, 4.01201774025e-08, 2.58979575563e-08, 3.72215396283e-08, 5.71533185223e-08, 5.61845610036e-08, 4.38190390639e-08, 1.25178427623e-08, 3.66605495961e-10],
        "max": [0.00627234485, 0.129753232002, 0.148255452514, 0.087944149971, 0.0710057839751, 0.0137758580968, 0.0103347785771, 0.00525801302865, 0.00197619525716, 0.00540337711573, 0.00399659387767, 0.00132879626472, 0.0028978921473, 0.00120444223285, 0.00133119430393, 0.002608951414, 0.000919338723179, 0.00138701754622, 0.00121326989029, 0.00136353867128, 0.000777970184572, 0.000790492631495, 0.0012854464585, 0.00103897950612, 0.000928502588067, 0.000561111897696, 0.000102650679764],
        "mean": [0.00117198750377, 0.0293234605342, 0.00920247659087, 0.00405979948118, 0.00365805695765, 0.000977802439593, 0.000866105896421, 0.000173388776602, 0.00014753069263, 0.000349798123352, 0.000251932360698, 7.23037228454e-05, 0.00011069849279, 7.23078046576e-05, 6.15323951934e-05, 5.31758814759e-05, 4.44572324341e-05, 5.50017248315e-05, 7.52132982598e-05, 7.09178784746e-05, 6.78471697029e-05, 7.47644080548e-05, 0.000105553379399, 0.000105554645415, 9.54221468419e-05, 4.09442764067e-05, 3.23778726852e-06],
        "median": [7.80061600381e-05, 0.0141657609493, 0.000945523846895, 0.000414638663642, 0.00053810083773, 0.000438578223111, 0.000485976663185, 3.87378204323e-05, 5.02477159898e-05, 0.00013242661953, 6.87009160174e-05, 1.84046475624e-05, 2.8508977266e-05, 2.33033060795e-05, 1.66191639437e-05, 1.56445858011e-05, 1.09994361992e-05, 1.452898141e-05, 2.54373626376e-05, 1.63249515026e-05, 1.27168259496e-05, 1.31497090479e-05, 2.37606291194e-05, 1.78158588824e-05, 1.67188300111e-05, 6.54423047308e-06, 1.01354260096e-07],
        "min": [5.89217817485e-23, 4.00092612198e-23, 2.48890048996e-23, 1.31522361106e-23, 7.88195232835e-23, 5.87168293744e-23, 5.2766612494e-23, 3.35375378613e-23, 1.53733150101e-22, 4.16340022957e-23, 2.55789189814e-23, 1.35766710456e-22, 5.01235024766e-23, 8.64625694022e-23, 1.32531446733e-22, 1.55681888972e-22, 2.57121954536e-22, 1.3567277921e-22, 4.28341778012e-22, 3.45194727886e-22, 4.96761287287e-22, 7.62053417421e-22, 4.723207861e-22, 6.61898526178e-22, 1.01601386989e-21, 1.60753302813e-21, 2.77322216024e-21],
        "stdev": [0.00176126719452, 0.0348751656711, 0.0240552648902, 0.0130533091724, 0.0101452162489, 0.00140239554457, 0.0011388217099, 0.000383070611861, 0.000244589755312, 0.000575293728616, 0.000517142296303, 0.000146091260831, 0.000234386418015, 0.000132301371195, 0.000135661335662, 0.000143457873492, 0.000107766347355, 0.000141071577673, 0.000120226781291, 0.000129442953039, 0.000124219950521, 0.000127135121147, 0.000176366142114, 0.000178290181793, 0.000155096349772, 8.57102932059e-05, 1.03182155726e-05],
        "var": [3.10206200993e-06, 0.00121627713088, 0.000578655744903, 0.000170388884726, 0.000102925419924, 1.96671317099e-06, 1.29691488837e-06, 1.46743104779e-07, 5.98241456373e-08, 3.30962905082e-07, 2.6743614967e-07, 2.13426556428e-08, 5.49369900682e-08, 1.75036536376e-08, 1.8403996549e-08, 2.05801633513e-08, 1.16135856487e-08, 1.99011882529e-08, 1.4454478503e-08, 1.67554787822e-08, 1.54305972444e-08, 1.61633391116e-08, 3.11050172286e-08, 3.17873869449e-08, 2.40548789776e-08, 7.34625427157e-09, 1.06465579408e-10]
    },
    "erbbands": {
        "dmean": [0.396020114422, 3.27910423279, 10.7402362823, 16.790687561, 19.0911388397, 14.5579166412, 5.84037303925, 6.08948326111, 8.34372901917, 6.1827340126, 2.81685185432, 2.46526122093, 4.0500831604, 6.90831422806, 4.36924695969, 2.51423692703, 3.60823559761, 2.60795068741, 2.30990839005, 1.85106229782, 1.87846577168, 2.58907032013, 2.63906574249, 2.78401088715, 3.53410458565, 2.88458681107, 2.18411707878, 2.75964355469, 2.91839337349, 3.25549983978, 2.56823897362, 2.16426277161, 1.68190538883, 1.27377545834, 0.456662356853, 0.194775387645, 0.0709176883101, 0.0130555182695, 0.000499673362356, 2.61913774011e-05],
        "dmean2": [0.432325482368, 4.40505743027, 17.5114936829, 28.924118042, 34.483669281, 26.8053913116, 10.7625875473, 10.1181583405, 13.8082504272, 10.0665283203, 4.59627246857, 4.20465040207, 6.02555322647, 10.7464494705, 6.51330900192, 4.20440816879, 5.71841096878, 4.13689517975, 3.62574386597, 2.67584848404, 3.00465106964, 4.62793016434, 4.26935911179, 4.45200920105, 5.61123085022, 4.62835788727, 3.354170084, 4.15852308273, 4.34234428406, 5.05825090408, 3.88743114471, 3.20701265335, 2.57841825485, 1.96331906319, 0.693753480911, 0.296729177237, 0.107758015394, 0.0200010370463, 0.000827622192446, 3.42818493664e-05],
        "dvar": [0.300987094641, 29.8144721985, 709.667602539, 1998.5526123, 2838.33422852, 1439.07275391, 183.140594482, 138.360168457, 276.099731445, 155.72366333, 33.17420578, 25.0057811737, 88.9231109619, 159.80708313, 85.3238601685, 25.4374389648, 69.8256072998, 24.319196701, 20.0994205475, 33.5891838074, 15.1365451813, 62.515953064, 71.5919113159, 38.2698287964, 37.0792694092, 25.7101554871, 15.9126787186, 23.9119281769, 21.7716636658, 27.5134105682, 17.1972618103, 11.2821302414, 7.05948877335, 4.19639873505, 0.523588955402, 0.121938280761, 0.019476570189, 0.000887964735739, 1.83260226549e-06, 1.43482747905e-09],
        "dvar2": [0.411716997623, 55.1316757202, 1763.37304688, 5385.45996094, 7914.93652344, 4152.70068359, 526.327697754, 360.821777344, 765.970458984, 420.462554932, 81.8470535278, 66.8734588623, 189.463348389, 360.658203125, 161.591445923, 65.6219406128, 169.414398193, 55.6320877075, 45.3094520569, 59.7427978516, 38.2006874084, 182.282928467, 188.924163818, 99.1839904785, 87.5770339966, 59.0935745239, 29.3875350952, 53.5934486389, 52.5785980225, 69.5687637329, 36.6962814331, 23.9288234711, 16.508026123, 9.86281490326, 1.12354469299, 0.245321899652, 0.0434531010687, 0.00198664073832, 4.74434546049e-06, 2.55906540403e-09],
        "max": [4.25150728226, 34.213886261, 140.389877319, 238.846786499, 274.194488525, 217.217987061, 78.1250534058, 165.817230225, 172.166656494, 127.207748413, 61.4851875305, 55.1461372375, 186.647979736, 168.584854126, 171.579071045, 66.2438659668, 160.423843384, 71.0694274902, 61.9175834656, 140.053573608, 45.8264961243, 57.166229248, 69.7066726685, 50.134311676, 85.4917602539, 52.5638198853, 36.3076438904, 36.1600799561, 28.1393852234, 29.3540344238, 30.5613670349, 22.1959018707, 17.3524494171, 11.8637924194, 5.52359628677, 2.51700544357, 1.04011678696, 0.246156230569, 0.0114549808204, 0.000315689947456],
        "mean": [1.07548701763, 5.61926221848, 10.0808067322, 13.9429922104, 13.686419487, 11.6255302429, 5.19562149048, 8.9865026474, 13.8619861603, 9.957239151, 3.38989210129, 3.22697901726, 6.9179391861, 12.6122274399, 8.82235813141, 3.7237098217, 5.50649499893, 4.18709421158, 3.4484026432, 2.89091658592, 2.70641040802, 2.83964347839, 2.67102193832, 3.54946613312, 4.18319368362, 3.10511016846, 2.49565148354, 2.82751202583, 3.06004428864, 3.03807973862, 2.82267713547, 2.32469749451, 1.69327676296, 1.31720721722, 0.508930802345, 0.204449877143, 0.0687525868416, 0.0119527149945, 0.00042328730342, 6.71514499118e-05],
        "median": [0.325193107128, 2.94464492798, 1.94283509254, 2.29553437233, 1.21846818924, 1.89363396168, 1.43566644192, 4.04332208633, 7.71444129944, 3.64866781235, 1.02895855904, 1.31207025051, 4.18351984024, 4.75149822235, 2.79643058777, 1.39319717884, 1.50184071064, 1.83362078667, 1.10501480103, 0.816291570663, 0.901999771595, 0.726203382015, 0.728404164314, 1.13176202774, 1.28921580315, 0.802329540253, 0.537396788597, 0.479277461767, 0.490726172924, 0.518358826637, 0.694083273411, 0.423189967871, 0.265162229538, 0.209108874202, 0.1048656106, 0.0315724685788, 0.0128724761307, 0.00139470817521, 5.93560835114e-05, 5.13749691891e-05],
        "min": [2.09952838386e-21, 6.10353794224e-21, 2.99643139594e-20, 3.18024934574e-20, 8.77465503601e-20, 3.23285706334e-19, 3.34590576971e-19, 5.74979395941e-19, 7.91503795746e-19, 6.76872796265e-19, 1.35971773316e-18, 4.04532471774e-18, 1.21202132606e-18, 1.10645043583e-18, 2.62115193388e-18, 4.66389947879e-18, 2.65812380533e-18, 4.05206706691e-18, 6.42722603317e-18, 8.67144272205e-18, 7.26765849273e-18, 1.46072419941e-17, 1.11210024485e-17, 1.83244692442e-17, 1.56163973783e-17, 1.45165796902e-17, 2.24958451203e-17, 1.92205209145e-17, 2.31500556493e-17, 2.3878247558e-17, 1.23888999283e-17, 1.5571774293e-17, 1.04233889256e-17, 1.02603334289e-17, 7.80854445065e-18, 5.75056706309e-18, 2.79469566716e-18, 1.34462582288e-18, 3.55426662065e-19, 4.64566280877e-20],
        "stdev": [1.35211873055, 7.72141647339, 24.1980781555, 36.9708747864, 41.8615036011, 29.4473342896, 11.093706131, 13.6787137985, 19.3845920563, 16.7292404175, 6.20808458328, 5.62699270248, 11.2786445618, 19.7294597626, 17.9228630066, 6.56867694855, 12.009929657, 6.64057302475, 7.19950914383, 8.6376209259, 5.06612348557, 6.67062568665, 7.49285030365, 6.56945085526, 6.86567878723, 5.34965181351, 4.68593645096, 5.22552776337, 5.0977563858, 5.3094329834, 4.66531658173, 3.87889051437, 2.90142512321, 2.20459461212, 0.824887812138, 0.391846060753, 0.146503478289, 0.030516827479, 0.00121251889504, 6.14878008491e-05],
        "var": [1.8282251358, 59.6202735901, 585.54699707, 1366.84558105, 1752.38562012, 867.145507812, 123.0703125, 187.107208252, 375.762390137, 279.867462158, 38.5403137207, 31.6630458832, 127.207832336, 389.251617432, 321.229003906, 43.147518158, 144.23840332, 44.0972099304, 51.8329315186, 74.6084976196, 25.6656074524, 44.4972457886, 56.1428031921, 43.1576843262, 47.1375427246, 28.6187725067, 21.9580001831, 27.306142807, 25.987121582, 28.1900806427, 21.7651805878, 15.045791626, 8.41826725006, 4.86023712158, 0.680439949036, 0.15354333818, 0.0214632693678, 0.000931276706979, 1.47020216446e-06, 3.78074949126e-09]
    },
    "gfcc": {
        "mean": [-55.5567626953, 85.7203826904, -73.7203063965, 33.6111717224, -56.8765106201, 25.2270393372, -31.6541118622, 13.578371048, -22.9016895294, 6.83488988876, -4.67458677292, 6.01788425446, -7.54796934128],
        "cov": [[8482.47265625, -899.480163574, 1432.37060547, 1313.76965332, 178.235809326, 736.743103027, 59.4365921021, 342.757507324, -341.315460205, 256.044799805, -431.493041992, 104.437400818, -398.010498047], [-899.480163574, 2256.26391602, 736.257324219, 132.500686646, 735.801269531, 130.965454102, 405.530944824, -17.1819286346, 357.012878418, -224.11668396, 226.413314819, -156.420623779, 97.0645141602], [1432.37060547, 736.257324219, 1810.44909668, 907.620483398, 501.499359131, 460.283203125, 409.844146729, 66.3612365723, 164.737823486, 83.9523010254, 16.6666278839, -52.4850921631, -35.1448059082], [1313.76965332, 132.500686646, 907.620483398, 980.178833008, 391.574676514, 374.930541992, 224.334594727, 12.1503667831, 62.8053321838, 95.3009567261, -0.52837729454, -50.8071327209, -17.0103912354], [178.235809326, 735.801269531, 501.499359131, 391.574676514, 849.295227051, 267.937103271, 317.029327393, 79.190536499, 178.518386841, 9.85303497314, 136.639938354, -21.4459705353, 45.215549469], [736.743103027, 130.965454102, 460.283203125, 374.930541992, 267.937103271, 407.234527588, 258.561981201, 94.6440734863, 57.6457366943, 133.223129272, 97.9611663818, 38.9105682373, 14.0250225067], [59.4365921021, 405.530944824, 409.844146729, 224.334594727, 317.029327393, 258.561981201, 370.045410156, 85.8630599976, 119.938056946, 95.1338119507, 172.427703857, 14.2098865509, 37.7225074768], [342.757507324, -17.1819286346, 66.3612365723, 12.1503667831, 79.190536499, 94.6440734863, 85.8630599976, 231.489532471, 101.55002594, 87.0240783691, 46.0180778503, 84.9430618286, 29.074596405], [-341.315460205, 357.012878418, 164.737823486, 62.8053321838, 178.518386841, 57.6457366943, 119.938056946, 101.55002594, 278.188873291, 59.8315734863, 99.7865829468, 18.2191619873, 78.7473678589], [256.044799805, -224.11668396, 83.9523010254, 95.3009567261, 9.85303497314, 133.223129272, 95.1338119507, 87.0240783691, 59.8315734863, 226.279602051, 91.8770675659, 53.0333213806, 23.344127655], [-431.493041992, 226.413314819, 16.6666278839, -0.52837729454, 136.639938354, 97.9611663818, 172.427703857, 46.0180778503, 99.7865829468, 91.8770675659, 213.249908447, 31.9213409424, 64.3573226929], [104.437400818, -156.420623779, -52.4850921631, -50.8071327209, -21.4459705353, 38.9105682373, 14.2098865509, 84.9430618286, 18.2191619873, 53.0333213806, 31.9213409424, 124.837837219, 29.0135345459], [-398.010498047, 97.0645141602, -35.1448059082, -17.0103912354, 45.215549469, 14.0250225067, 37.7225074768, 29.074596405, 78.7473678589, 23.344127655, 64.3573226929, 29.0135345459, 122.178123474]],
        "icov": [[0.000289747811621, -7.91191851022e-05, -4.09910171584e-05, -0.000262987508904, 1.05360222733e-05, -0.000319990358548, 0.000224809511565, -0.000521562353242, 0.000410617649322, -0.000321643834468, 0.000540588167496, -0.000239349639742, 0.000614762364421], [-7.91191851022e-05, 0.00161532592028, -0.000629158748779, 0.000790486054029, -0.000604372587986, -0.00014428011491, -0.000436687609181, 0.000276461272733, -0.00142141489778, 0.00246542831883, -0.00159445579629, 0.00161094195209, -0.000400280870963], [-4.09910171584e-05, -0.000629158748779, 0.0016353513347, -0.00113765033893, 0.000327009736793, -0.000106189909275, -0.00117259798571, 0.00018345330318, -0.000202679730137, -0.000717731716577, 0.0015514184488, -0.000605889537837, 0.00048231575056], [-0.000262987508904, 0.000790486054029, -0.00113765033893, 0.00321280839853, -0.000876929203514, -0.00144696608186, 0.000335579359671, 0.00111183000263, -0.000904505781364, 0.000531525234692, -0.000325106404489, 0.00176939112134, -0.00100971839856], [1.05360222733e-05, -0.000604372587986, 0.000327009736793, -0.000876929203514, 0.00246093003079, -0.000401325087296, -0.000941219041124, -0.000415760296164, -0.00027313712053, 0.000420500378823, 3.05243920593e-05, -0.000227907949011, 0.00014505397121], [-0.000319990358548, -0.00014428011491, -0.000106189909275, -0.00144696608186, -0.000401325087296, 0.00773895438761, -0.00346203078516, -0.000278119143331, 0.00122078531422, -0.00188818131573, -0.000239885092014, -0.00160005758516, -0.000684285419993], [0.000224809511565, -0.000436687609181, -0.00117259798571, 0.000335579359671, -0.000941219041124, -0.00346203078516, 0.00994443334639, -0.00160252011847, 0.000629005662631, -0.000288648356218, -0.00508412346244, 0.000891568255611, 0.000961515936069], [-0.000521562353242, 0.000276461272733, 0.00018345330318, 0.00111183000263, -0.000415760296164, -0.000278119143331, -0.00160252011847, 0.00893802847713, -0.00343359378166, -0.000825908908155, 0.00107551668771, -0.00389516539872, -0.000428219645983], [0.000410617649322, -0.00142141489778, -0.000202679730137, -0.000904505781364, -0.00027313712053, 0.00122078531422, 0.000629005662631, -0.00343359378166, 0.00829217303544, -0.00311985774897, 0.000298370112432, -0.00024107756326, -0.00198188610375], [-0.000321643834468, 0.00246542831883, -0.000717731716577, 0.000531525234692, 0.000420500378823, -0.00188818131573, -0.000288648356218, -0.000825908908155, -0.00311985774897, 0.0116879427806, -0.00593582121655, 0.00159841054119, -0.000267334253294], [0.000540588167496, -0.00159445579629, 0.0015514184488, -0.000325106404489, 3.05243920593e-05, -0.000239885092014, -0.00508412346244, 0.00107551668771, 0.000298370112432, -0.00593582121655, 0.0145670324564, -0.00295457709581, -0.00127095519565], [-0.000239349639742, 0.00161094195209, -0.000605889537837, 0.00176939112134, -0.000227907949011, -0.00160005758516, 0.000891568255611, -0.00389516539872, -0.00024107756326, 0.00159841054119, -0.00295457709581, 0.0145383086056, -0.00311388913542], [0.000614762364421, -0.000400280870963, 0.00048231575056, -0.00100971839856, 0.00014505397121, -0.000684285419993, 0.000961515936069, -0.000428219645983, -0.00198188610375, -0.000267334253294, -0.00127095519565, -0.00311388913542, 0.0130708934739]]
    },
    "melbands": {
        "dmean": [0.00319870444946, 0.0044416449964, 0.00270683830604, 0.00121573498473, 0.000280240288703, 0.000139230905916, 0.000124148224131, 5.85043271712e-05, 2.25323383347e-05, 1.51779504449e-05, 2.0968465833e-05, 2.94394594675e-05, 1.80112838279e-05, 7.47018430047e-06, 7.34109289624e-06, 7.5151024248e-06, 5.00226087752e-06, 4.03108788305e-06, 2.99141242976e-06, 2.41624707087e-06, 2.25515418606e-06, 2.54374640463e-06, 2.89293598144e-06, 2.32475417761e-06, 2.35539755522e-06, 2.05660126085e-06, 3.40092674378e-06, 1.63794561558e-06, 1.37603399253e-06, 1.65276878761e-06, 1.50787548137e-06, 1.66882523445e-06, 1.42511100876e-06, 2.13728571907e-06, 1.58890600233e-06, 1.21170933198e-06, 1.41188650105e-06, 1.16218734547e-06, 1.29737213683e-06, 1.02276851521e-06],
        "dmean2": [0.00409597344697, 0.00635548215359, 0.00448900880292, 0.00222032167949, 0.000514021958224, 0.000229976678384, 0.000205339136301, 9.49751774897e-05, 3.73268485419e-05, 2.57796837104e-05, 3.0987932405e-05, 4.59899129055e-05, 2.63314359472e-05, 1.23318568512e-05, 1.18952939374e-05, 1.18181988e-05, 7.90887315816e-06, 6.49470894132e-06, 4.65006496597e-06, 3.45407897839e-06, 3.74430283046e-06, 4.5207311814e-06, 5.20266803505e-06, 3.56935288437e-06, 3.84457189284e-06, 3.32236459144e-06, 5.51285256734e-06, 2.60624665316e-06, 2.10352095564e-06, 2.5834774533e-06, 2.31742501455e-06, 2.48462924901e-06, 2.27307509704e-06, 3.37586152455e-06, 2.42532655648e-06, 1.77876540874e-06, 2.1326281967e-06, 1.80773872671e-06, 2.0653089905e-06, 1.60525678439e-06],
        "dvar": [2.38300581259e-05, 8.20567220217e-05, 4.59026450699e-05, 1.09961365524e-05, 4.34101934843e-07, 6.77317117947e-08, 5.66220315079e-08, 1.55461847839e-08, 2.08095984888e-09, 8.50760295545e-10, 2.26789653723e-09, 3.13425552179e-09, 1.42132039471e-09, 2.03495345574e-10, 2.3560497997e-10, 2.64938654349e-10, 1.06096000041e-10, 6.6921981845e-11, 4.77470250837e-11, 6.21324935945e-11, 2.69937856789e-11, 4.96983322551e-11, 1.05852875076e-10, 4.41945195717e-11, 2.66875948424e-11, 1.32857240834e-11, 4.22543042222e-11, 7.94726437436e-12, 7.22841448156e-12, 8.13478191058e-12, 7.64876703641e-12, 7.00188344804e-12, 7.6112952746e-12, 1.22472084557e-11, 7.18316595441e-12, 3.55792565548e-12, 5.12306690126e-12, 3.70686771209e-12, 4.9384064546e-12, 2.73459445192e-12],
        "dvar2": [3.68643159163e-05, 0.000174738073838, 0.000115831324365, 3.12986594508e-05, 1.25009307794e-06, 1.75382211864e-07, 1.56934191864e-07, 4.22627550734e-08, 5.12994446922e-09, 2.25766871864e-09, 4.71225414245e-09, 7.11120229369e-09, 2.45735454207e-09, 4.87044182762e-10, 6.10576644799e-10, 6.47874198734e-10, 2.39366831911e-10, 1.56319415745e-10, 1.01045061207e-10, 9.85302464618e-11, 6.90003054693e-11, 1.4390003078e-10, 3.04030856046e-10, 1.05889491619e-10, 6.98491195439e-11, 3.13852138722e-11, 1.08048868463e-10, 1.67843811766e-11, 1.34154597153e-11, 1.68604817607e-11, 1.7782155956e-11, 1.72332443454e-11, 1.97312079869e-11, 3.11545060583e-11, 1.60590395148e-11, 7.36196086731e-12, 1.12787400947e-11, 8.05606276133e-12, 1.30619777147e-11, 6.00526919858e-12],
        "max": [0.0337459482253, 0.0529741793871, 0.0364556051791, 0.0176716502756, 0.00408869422972, 0.00326504837722, 0.00235362909734, 0.00145122222602, 0.000416537659476, 0.000326669251081, 0.00092398119159, 0.000763527583331, 0.000644963758532, 0.000140101328725, 0.000255901453784, 0.000251731951721, 0.000149374376633, 9.93380162981e-05, 0.000104918559373, 0.000238659136812, 6.49418943794e-05, 5.17563385074e-05, 7.56219233153e-05, 7.50542822061e-05, 4.73022591905e-05, 6.32959490758e-05, 7.26326179574e-05, 2.21504596993e-05, 2.67285031441e-05, 1.92103525478e-05, 2.28475182666e-05, 1.9166371203e-05, 2.00565209525e-05, 2.10648868233e-05, 1.80713141162e-05, 1.88696449186e-05, 1.63486365636e-05, 1.41396021718e-05, 1.4864318473e-05, 9.78514708549e-06],
        "mean": [0.00870915036649, 0.00590243143961, 0.002396161668, 0.000895851815585, 0.000246354873525, 0.000208564917557, 0.000210527359741, 9.06317873159e-05, 2.41640718741e-05, 2.05268406717e-05, 3.48175890394e-05, 5.14173880219e-05, 3.5695185943e-05, 9.46185718931e-06, 1.07439427666e-05, 1.04024475149e-05, 7.4861527537e-06, 5.34237597094e-06, 4.3159325287e-06, 3.46499632542e-06, 2.92585673378e-06, 2.87575949187e-06, 2.49506206274e-06, 2.590932354e-06, 2.88041928798e-06, 2.63315746452e-06, 3.27836846736e-06, 1.75690570359e-06, 1.54423651111e-06, 1.70579517089e-06, 1.51329447817e-06, 1.781286187e-06, 1.3806250081e-06, 1.91267895389e-06, 1.6826194269e-06, 1.39624069107e-06, 1.44853606798e-06, 1.19776302654e-06, 1.18308730634e-06, 1.08843778435e-06],
        "median": [0.00337644573301, 0.0030334983021, 0.000371196685592, 0.000126933329739, 6.51730515528e-05, 9.67193991528e-05, 0.000122306169942, 3.22046798829e-05, 5.26377425558e-06, 8.1150992628e-06, 2.00906288228e-05, 1.67972284544e-05, 1.00302095234e-05, 2.39781684286e-06, 2.54640144703e-06, 3.37763503921e-06, 2.54926658272e-06, 1.37900156005e-06, 1.1818067378e-06, 9.60182092058e-07, 8.32738692225e-07, 6.50260062685e-07, 5.49152673557e-07, 5.74068735659e-07, 8.48209651849e-07, 8.36287085804e-07, 7.89247451394e-07, 4.17450905843e-07, 3.0036909493e-07, 3.04356007064e-07, 2.43894930918e-07, 2.9860137829e-07, 2.03863294246e-07, 3.1427060776e-07, 4.02218518047e-07, 3.54268024694e-07, 2.30430330816e-07, 1.72073384874e-07, 1.90260209365e-07, 1.77398874257e-07],
        "min": [1.79106103811e-23, 1.23630273178e-23, 6.99640184638e-24, 1.44927064261e-23, 1.36031584704e-23, 1.30193343474e-23, 1.21489178463e-23, 7.22847683609e-24, 1.56287797256e-23, 2.33149938908e-23, 5.52321554436e-24, 4.66322423461e-24, 5.41818068698e-24, 1.83652435425e-23, 5.71002096216e-24, 5.57656147422e-24, 7.72833381551e-24, 1.05208359445e-23, 9.45096385222e-24, 1.0144700754e-23, 8.50101360585e-24, 1.30480812276e-23, 1.52329593001e-23, 6.66315544558e-24, 1.59654687154e-23, 1.55701247619e-23, 8.28419834149e-24, 1.02360579466e-23, 1.43316683609e-23, 1.16766465439e-23, 1.1888137786e-23, 1.23964584541e-23, 1.58421445124e-23, 1.16786392065e-23, 6.85534483906e-24, 8.3918707553e-24, 9.6996964288e-24, 6.25294501385e-24, 9.48101077524e-24, 7.83060647643e-24],
        "stdev": [0.010278807953, 0.0101775042713, 0.00600922573358, 0.002555224346, 0.00053892203141, 0.000311637879349, 0.000279308762401, 0.000158392766025, 4.81662245875e-05, 3.36015655193e-05, 5.82050124649e-05, 8.56622282299e-05, 7.55235014367e-05, 1.86772576853e-05, 2.1469537387e-05, 2.05122887564e-05, 1.39282092277e-05, 1.1744468793e-05, 9.54279312282e-06, 1.21840394058e-05, 6.19877300778e-06, 6.34507750874e-06, 8.06924708741e-06, 6.61038438921e-06, 5.5201289797e-06, 4.57325177194e-06, 6.20291666564e-06, 3.12641600431e-06, 3.10673635795e-06, 3.17072067446e-06, 2.8638664844e-06, 2.91666515295e-06, 2.64486175183e-06, 3.45783314515e-06, 2.89270838039e-06, 2.25579401558e-06, 2.50994344242e-06, 2.14664328269e-06, 2.14639999285e-06, 1.8291610786e-06],
        "var": [0.000105653896753, 0.000103581602161, 3.61107922799e-05, 6.52917151456e-06, 2.90436986461e-07, 9.71181677301e-08, 7.8013378868e-08, 2.50882692399e-08, 2.31998509292e-09, 1.12906528571e-09, 3.38782357723e-09, 7.33801686081e-09, 5.70379921072e-09, 3.48839984676e-10, 4.60941035341e-10, 4.20754014963e-10, 1.93995014497e-10, 1.37932540389e-10, 9.10649056163e-11, 1.4845082108e-10, 3.84247876573e-11, 4.02600071336e-11, 6.51127415874e-11, 4.36971847595e-11, 3.04718229815e-11, 2.09146328728e-11, 3.84761771055e-11, 9.77447636719e-12, 9.65181060075e-12, 1.00534702091e-11, 8.20173096105e-12, 8.50693560733e-12, 6.99529410092e-12, 1.19566101811e-11, 8.36776134494e-12, 5.08860661941e-12, 6.29981657119e-12, 4.60807780822e-12, 4.60703307101e-12, 3.34583012337e-12]
    },
    "melbands128": {
