{
"lowlevel": {
    "average_loudness": 0.884472608566,
    "barkbands_crest": {
        "dmean": 2.94320678711,
        "dmean2": 4.62448883057,
        "dvar": 8.95949268341,
        "dvar2": 22.7606925964,
        "max": 25.0934886932,
        "mean": 12.0337018967,
        "median": 11.4860515594,
        "min": 2.88648366928,
        "stdev": 4.80591917038,
        "var": 23.0968608856
    },
    "barkbands_flatness_db": {
        "dmean": 0.0232817102224,
        "dmean2": 0.0347578302026,
        "dvar": 0.000707379367668,
        "dvar2": 0.00162097997963,
        "max": 0.490430563688,
        "mean": 0.147612258792,
        "median": 0.13937908411,
        "min": 0.0287459846586,
        "stdev": 0.0612646155059,
        "var": 0.00375335314311
    },
    "barkbands_kurtosis": {
        "dmean": 3.44949650764,
        "dmean2": 5.39139270782,
        "dvar": 52.9841041565,
        "dvar2": 133.855926514,
        "max": 100.596511841,
        "mean": 4.75253391266,
        "median": 2.27218008041,
        "min": -1.88465607166,
        "stdev": 8.90096282959,
        "var": 79.227142334
    },
    "barkbands_skewness": {
        "dmean": 0.638209104538,
        "dmean2": 0.929622709751,
        "dvar": 0.705628812313,
        "dvar2": 1.59697675705,
        "max": 8.87385463715,
        "mean": 1.46929931641,
        "median": 1.38032197952,
        "min": -3.7886800766,
        "stdev": 1.36810231209,
        "var": 1.87170386314
    },
    "barkbands_spread": {
        "dmean": 6.66464662552,
        "dmean2": 9.77347946167,
        "dvar": 84.8111114502,
        "dvar2": 176.148498535,
        "max": 106.046203613,
        "mean": 23.0742950439,
        "median": 19.0046672821,
        "min": 0.42273196578,
        "stdev": 17.9836540222,
        "var": 323.411804199
    },
    "dissonance": {
        "dmean": 0.0246985591948,
        "dmean2": 0.0401626266539,
        "dvar": 0.000972086039837,
        "dvar2": 0.00242725759745,
        "max": 0.499999970198,
        "mean": 0.445952057838,
        "median": 0.460248708725,
        "min": 0.00818640459329,
        "stdev": 0.0504233576357,
        "var": 0.00254251505248
    },
    "dynamic_complexity": 2.13811731339,
    "erbbands_crest": {
        "dmean": 3.18362593651,
        "dmean2": 4.96967124939,
        "dvar": 9.40968799591,
        "dvar2": 22.6759147644,
        "max": 31.3689918518,
        "mean": 11.0208787918,
        "median": 9.9224319458,
        "min": 2.64642095566,
        "stdev": 5.33825683594,
        "var": 28.4969882965
    },
    "erbbands_flatness_db": {
        "dmean": 0.0192487090826,
        "dmean2": 0.0277996994555,
        "dvar": 0.000479474576423,
        "dvar2": 0.00101211480796,
        "max": 0.423357188702,
        "mean": 0.170857280493,
        "median": 0.161926418543,
        "min": 0.0426238290966,
        "stdev": 0.0589029639959,
        "var": 0.00346955936402
    },
    "erbbands_kurtosis": {
        "dmean": 1.37574863434,
        "dmean2": 2.10170769691,
        "dvar": 4.68499183655,
        "dvar2": 11.5878992081,
        "max": 36.6714668274,
        "mean": 1.48670196533,
        "median": 0.411862611771,
        "min": -1.66539394855,
        "stdev": 3.29068255424,
        "var": 10.8285923004
    },
    "erbbands_skewness": {
        "dmean": 0.417543053627,
        "dmean2": 0.608345270157,
        "dvar": 0.229073658586,
        "dvar2": 0.49646255374,
        "max": 5.64611673355,
        "mean": 0.571595788002,
        "median": 0.549049019814,
        "min": -3.12318277359,
        "stdev": 0.997501969337,
        "var": 0.995010197163
    },
    "erbbands_spread": {
        "dmean": 8.83639812469,
        "dmean2": 13.3154792786,
        "dvar": 117.410095215,
        "dvar2": 250.504470825,
        "max": 123.362770081,
        "mean": 35.4259033203,
        "median": 32.9649391174,
        "min": 1.76960968971,
        "stdev": 19.9864253998,
        "var": 399.457183838
    },
    "hfc": {
        "dmean": 10.1214904785,
        "dmean2": 14.5292758942,
        "dvar": 279.954864502,
        "dvar2": 565.060974121,
        "max": 199.664306641,
        "mean": 32.2214927673,
        "median": 24.9418239594,
        "min": 1.27299787549e-16,
        "stdev": 28.8579502106,
        "var": 832.781311035
    },
    "loudness_ebu128": {
        "integrated": -9.0754108429,
        "loudness_range": 6.01928472519,
        "momentary": {
            "dmean": 0.528550207615,
            "dmean2": 0.538358449936,
            "dvar": 0.320723623037,
            "dvar2": 0.353188633919,
            "max": -6.1727604866,
            "mean": -9.75949573517,
            "median": -9.24110031128,
            "min": -22.7143726349,
            "stdev": 2.69230461121,
            "var": 7.24850463867
        },
        "short_term": {
            "dmean": 0.0912642106414,
            "dmean2": 0.0710957348347,
            "dvar": 0.00590272713453,
            "dvar2": 0.00373201700859,
            "max": -6.75878334045,
            "mean": -9.49675178528,
            "median": -9.11368942261,
            "min": -14.1418848038,
            "stdev": 1.9494740963,
            "var": 3.80044937134
        }
    },
    "melbands_crest": {
        "dmean": 3.52911400795,
        "dmean2": 5.36621618271,
        "dvar": 12.4734268188,
        "dvar2": 26.8552055359,
        "max": 37.1227836609,
        "mean": 16.4824028015,
        "median": 15.3887662888,
        "min": 2.45072746277,
        "stdev": 6.72526693344,
        "var": 45.2292137146
    },
    "melbands_flatness_db": {
        "dmean": 0.0275535546243,
        "dmean2": 0.0399525426328,
        "dvar": 0.00117115385365,
        "dvar2": 0.00251580309123,
        "max": 0.58757597208,
        "mean": 0.194433927536,
        "median": 0.194271698594,
        "min": 0.00591900059953,
        "stdev": 0.0717650055885,
        "var": 0.00515021616593
    },
    "melbands_kurtosis": {
        "dmean": 8.30118179321,
        "dmean2": 13.1882324219,
        "dvar": 367.837371826,
        "dvar2": 960.787780762,
        "max": 240.739395142,
        "mean": 12.4442138672,
        "median": 6.83163452148,
        "min": -1.85872399807,
        "stdev": 20.671880722,
        "var": 427.326660156
    },
    "melbands_skewness": {
        "dmean": 0.831598520279,
        "dmean2": 1.24420845509,
        "dvar": 1.26487004757,
        "dvar2": 2.94496512413,
        "max": 12.8086986542,
        "mean": 2.40096282959,
        "median": 2.09681177139,
        "min": -1.60701537132,
        "stdev": 1.73846364021,
        "var": 3.0222556591
    },
    "melbands_spread": {
        "dmean": 10.1471252441,
        "dmean2": 15.4636096954,
        "dvar": 390.749298096,
        "dvar2": 784.258789062,
        "max": 226.584442139,
        "mean": 28.3360042572,
        "median": 18.639503479,
        "min": 0.814754843712,
        "stdev": 31.8096923828,
        "var": 1011.85650635
    },
    "pitch_salience": {
        "dmean": 0.077235981822,
        "dmean2": 0.118125081062,
        "dvar": 0.00658395327628,
        "dvar2": 0.0165388807654,
        "max": 0.969043374062,
        "mean": 0.531016767025,
        "median": 0.536799967289,
        "min": 0.116347827017,
        "stdev": 0.142448276281,
        "var": 0.020291512832
    },
    "silence_rate_20dB": {
        "dmean": 0,
        "dmean2": 0,
        "dvar": 0,
        "dvar2": 0,
        "max": 1,
        "mean": 1,
        "median": 1,
        "min": 1,
        "stdev": 0,
        "var": 0
    },
    "silence_rate_30dB": {
        "dmean": 0.0402476787567,
        "dmean2": 0.0805577039719,
        "dvar": 0.0386278256774,
        "dvar2": 0.0911094546318,
        "max": 1,
        "mean": 0.962877035141,
        "median": 1,
        "min": 0,
        "stdev": 0.189063638449,
        "var": 0.035745061934
    },
    "silence_rate_60dB": {
        "dmean": 0.0178018584847,
        "dmean2": 0.0356312952936,
        "dvar": 0.0174848046154,
        "dvar2": 0.0436572879553,
        "max": 1,
        "mean": 0.0363495759666,
        "median": 0,
        "min": 0,
        "stdev": 0.187156826258,
        "var": 0.0350276790559
    },
    "spectral_centroid": {
        "dmean": 300.593933105,
        "dmean2": 435.143676758,
        "dvar": 259233.640625,
        "dvar2": 410627.75,
        "max": 10913.4433594,
        "mean": 1493.89343262,
        "median": 1293.60864258,
        "min": 263.270782471,
        "stdev": 884.395996094,
        "var": 782156.3125
    },
    "spectral_complexity": {
        "dmean": 3.79102158546,
        "dmean2": 5.62896966934,
        "dvar": 20.0568790436,
        "dvar2": 42.3153762817,
        "max": 58,
        "mean": 18.9899463654,
        "median": 17,
        "min": 0,
        "stdev": 9.72263908386,
        "var": 94.5297164917
    },
    "spectral_decrease": {
        "dmean": 3.00608404835e-09,
        "dmean2": 4.59240867556e-09,
        "dvar": 3.04722352706e-17,
        "dvar2": 7.50419641372e-17,
        "max": 8.23299963189e-29,
        "mean": -8.92088536375e-09,
        "median": -6.78741463034e-09,
        "min": -5.74322278624e-08,
        "stdev": 7.81466269473e-09,
        "var": 6.10689579147e-17
    },
    "spectral_energy": {
        "dmean": 0.0118550201878,
        "dmean2": 0.0181262176484,
        "dvar": 0.000445126468549,
        "dvar2": 0.00109479587991,
        "max": 0.21988709271,
        "mean": 0.0365920700133,
        "median": 0.0286137200892,
        "min": 1.12357380476e-20,
        "stdev": 0.030158540234,
        "var": 0.000909537542611
    },
    "spectral_energyband_high": {
        "dmean": 0.000912936637178,
        "dmean2": 0.00126306980383,
        "dvar": 3.797809768e-06,
        "dvar2": 7.16458453098e-06,
        "max": 0.022789105773,
        "mean": 0.00203708955087,
        "median": 0.000787955650594,
        "min": 8.21345677281e-21,
        "stdev": 0.00340989627875,
        "var": 1.16273931781e-05
    },
    "spectral_energyband_low": {
        "dmean": 0.00698364851996,
        "dmean2": 0.0108488826081,
        "dvar": 0.000391410285374,
        "dvar2": 0.000987311010249,
        "max": 0.199944898486,
        "mean": 0.0139631759375,
        "median": 0.002161558019,
        "min": 1.1589279252e-22,
        "stdev": 0.0257034841925,
        "var": 0.000660669058561
    },
    "spectral_energyband_middle_high": {
        "dmean": 0.0022577540949,
        "dmean2": 0.00343088223599,
        "dvar": 1.00184970506e-05,
        "dvar2": 2.37211042986e-05,
        "max": 0.0429834499955,
        "mean": 0.00651672668755,
        "median": 0.00491279922426,
        "min": 1.44997107536e-21,
        "stdev": 0.00602886918932,
        "var": 3.63472645404e-05
    },
    "spectral_energyband_middle_low": {
        "dmean": 0.00604614103213,
        "dmean2": 0.00939167756587,
        "dvar": 8.28869451652e-05,
        "dvar2": 0.000215528154513,
        "max": 0.118534073234,
        "mean": 0.0149446772411,
        "median": 0.0122773163021,
        "min": 2.42443790067e-22,
        "stdev": 0.0125350570306,
        "var": 0.000157127651619
    },
    "spectral_entropy": {
        "dmean": 0.179728984833,
        "dmean2": 0.257036924362,
        "dvar": 0.0565653629601,
        "dvar2": 0.108349330723,
        "max": 9.80631351471,
        "mean": 7.55903053284,
        "median": 7.65164995193,
        "min": 4.54972457886,
        "stdev": 0.638413488865,
        "var": 0.4075717628
    },
    "spectral_flux": {
        "dmean": 0.0306668505073,
        "dmean2": 0.0466801673174,
        "dvar": 0.00131909549236,
        "dvar2": 0.00262936553918,
        "max": 0.393912822008,
        "mean": 0.0952729955316,
        "median": 0.0852507352829,
        "min": 1.05998765321e-10,
        "stdev": 0.0584945902228,
        "var": 0.00342161720619
    },
    "spectral_kurtosis": {
        "dmean": 1.6221061945,
        "dmean2": 2.56598258018,
        "dvar": 23.3817005157,
        "dvar2": 42.9228668213,
        "max": 147.212234497,
        "mean": 4.54749631882,
        "median": 3.05478096008,
        "min": -1.22846829891,
        "stdev": 7.97906732559,
        "var": 63.665512085
    },
    "spectral_rms": {
        "dmean": 0.000889322254807,
        "dmean2": 0.00131780002266,
        "dvar": 1.46546972246e-06,
        "dvar2": 3.25109499499e-06,
        "max": 0.0146466381848,
        "mean": 0.00552224135026,
        "median": 0.00528354290873,
        "min": 3.31084508767e-12,
        "stdev": 0.00228130840696,
        "var": 5.2043683354e-06
    },
    "spectral_rolloff": {
        "dmean": 676.814025879,
        "dmean2": 1078.31262207,
        "dvar": 2275412.25,
        "dvar2": 3831522.75,
        "max": 19035.3515625,
        "mean": 1989.7980957,
        "median": 1119.7265625,
        "min": 43.06640625,
        "stdev": 2533.41015625,
        "var": 6418167
    },
    "spectral_skewness": {
        "dmean": 0.224624559283,
        "dmean2": 0.334107249975,
        "dvar": 0.129158496857,
        "dvar2": 0.257823258638,
        "max": 10.2027616501,
        "mean": 1.57531809807,
        "median": 1.42033421993,
        "min": -0.00967625156045,
        "stdev": 0.812682509422,
        "var": 0.660452902317
    },
    "spectral_spread": {
        "dmean": 587175.375,
        "dmean2": 807515.375,
        "dvar": 1.16985862554e+12,
        "dvar2": 1.13992833434e+12,
        "max": 40718332,
        "mean": 5315573.5,
        "median": 5095276,
        "min": 765742.5,
        "stdev": 1874062,
        "var": 3.51210831872e+12
    },
    "spectral_strongpeak": {
        "dmean": 0.662301778793,
        "dmean2": 1.09951448441,
        "dvar": 1.17895424366,
        "dvar2": 3.0887966156,
        "max": 12.5443229675,
        "mean": 1.44185614586,
        "median": 0.930391848087,
        "min": 0,
        "stdev": 1.56386625767,
        "var": 2.44567775726
    },
    "zerocrossingrate": {
        "dmean": 0.0163392815739,
        "dmean2": 0.0175826642662,
        "dvar": 0.000781168579124,
        "dvar2": 0.000747835729271,
        "max": 0.50341796875,
        "mean": 0.0754335969687,
        "median": 0.05517578125,
        "min": 0.005859375,
        "stdev": 0.0656300708652,
        "var": 0.00430730590597
    },
    "barkbands": {
        "dmean": [0.000784587115049, 0.00537912594154, 0.00149201403838, 0.00111389625818, 0.00188387825619, 0.00149614398833, 0.0012323820265, 0.0016273688525, 0.00126195058692, 0.000759949849453, 0.000356913980795, 0.000695356342476, 0.000511633406859, 0.000400386925321, 0.000486685486976, 0.000318903446896, 0.000228982447879, 0.000196442837478, 0.000157071714057, 0.000177241832716, 0.000248946191277, 0.00017566337192, 0.000163039250765, 0.000224492890993, 0.000153611428686, 5.77595201321e-05, 7.10946642357e-06],
        "dmean2": [0.000971771019977, 0.00867959856987, 0.0024637049064, 0.00185289524961, 0.00297454954125, 0.00231841299683, 0.00194211525377, 0.0023716466967, 0.00195373734459, 0.00110365310684, 0.00055110262474, 0.00109127652831, 0.000752051884774, 0.00063902232796, 0.000762201845646, 0.000509426055942, 0.000354081974365, 0.000318034697557, 0.000266782619292, 0.000284871988697, 0.000385903433198, 0.000269852345809, 0.000242058915319, 0.000328258611262, 0.000212589846342, 8.2140264567e-05, 1.1146234101e-05],
        "dvar": [4.78234233015e-06, 0.000273622281384, 3.21037514368e-05, 2.88496885332e-05, 1.39314452099e-05, 9.35203661356e-06, 1.05881872514e-05, 1.35312520797e-05, 1.25872220451e-05, 4.96599022881e-06, 1.09751567834e-06, 3.48767366631e-06, 1.44726379858e-06, 9.79751007435e-07, 1.34710421662e-06, 8.63573291099e-07, 2.13321953879e-07, 1.40719606634e-07, 1.48368428654e-07, 1.21606163361e-07, 2.44525580229e-07, 1.42682111459e-07, 2.12285428347e-07, 4.08000289553e-07, 1.58608528977e-07, 2.61231232201e-08, 4.08014705355e-10],
        "dvar2": [7.81157996244e-06, 0.000741099473089, 8.4646322648e-05, 7.7156626503e-05, 3.44289037457e-05, 2.1680169084e-05, 2.4899487471e-05, 2.83823137579e-05, 3.02813405142e-05, 1.00151210063e-05, 2.10689449887e-06, 9.11983261176e-06, 3.14883664032e-06, 2.31849276133e-06, 3.00921215057e-06, 2.20307356358e-06, 4.8404615427e-07, 3.44737316027e-07, 3.89212630125e-07, 2.90767360411e-07, 6.09628216353e-07, 3.02946318698e-07, 4.70515288953e-07, 8.37879042592e-07, 2.90451481533e-07, 5.22769028066e-08, 9.89009762975e-10],
        "max": [0.0424740873277, 0.183758974075, 0.0630552396178, 0.104578919709, 0.0434266254306, 0.0348612703383, 0.0400236956775, 0.0499762296677, 0.0557902306318, 0.0468542613089, 0.0199713725597, 0.0265110265464, 0.0174203980714, 0.014362251386, 0.0159415137023, 0.0130160963163, 0.00920958630741, 0.00734652299434, 0.00482487911358, 0.00523914489895, 0.0100163621828, 0.00492478208616, 0.00631066411734, 0.00828610733151, 0.0059824581258, 0.00281315040775, 0.000345346925315],
        "mean": [0.00155429216102, 0.0100086592138, 0.0017497119261, 0.00115307001397, 0.00341903162189, 0.00232846778817, 0.00176116172224, 0.00339004956186, 0.00236921547912, 0.00151942973025, 0.000602698361035, 0.00109149387572, 0.000813405262306, 0.000557333172765, 0.000699401483871, 0.000461870455183, 0.00038274601684, 0.000314143137075, 0.000242256573983, 0.000301085412502, 0.000486518751131, 0.000336482684361, 0.000291232921882, 0.000387183565181, 0.000275763013633, 8.78825812833e-05, 7.48530464989e-06],
        "median": [6.98509611539e-05, 0.00124799530022, 0.00014427897986, 0.000135804526508, 0.00119644147344, 0.000785810232628, 0.0003721662506, 0.000653599388897, 0.000502763432451, 0.000383144622901, 0.000106312501885, 0.000372327136574, 0.000245745468419, 0.000164704339113, 0.000209752484807, 0.000157248505275, 0.000195229367819, 0.000187553974683, 0.00010882577044, 0.000144696037751, 0.000219545094296, 0.000122893266962, 8.16582833068e-05, 8.51143486216e-05, 6.80168304825e-05, 1.64773755387e-05, 7.19458455478e-07],
        "min": [3.4300454709e-23, 7.11125668096e-23, 9.53866625222e-24, 2.7379418267e-23, 2.64080512359e-23, 3.76161380679e-23, 6.13219573169e-23, 2.32327504083e-23, 6.49389035e-23, 4.63922882137e-23, 7.96043199773e-23, 3.99789405621e-23, 2.17857633602e-22, 1.75641988384e-22, 7.31852830609e-23, 9.60710466891e-23, 1.85746450921e-22, 2.24473185236e-22, 1.89563237659e-22, 2.64475627543e-22, 4.63317068516e-22, 6.40494016138e-22, 6.67355828055e-22, 8.82318884871e-22, 1.25751738824e-21, 1.83906847485e-21, 2.70092604964e-21],
        "stdev": [0.00406625820324, 0.0194860957563, 0.00548911001533, 0.00478288112208, 0.00525097781792, 0.00414624903351, 0.00414824206382, 0.00661397399381, 0.00604325532913, 0.0035990064498, 0.00202303472906, 0.00217820331454, 0.00173619226553, 0.00127667700872, 0.00145465065725, 0.00106555281673, 0.000645578547847, 0.000441399140982, 0.000404576247092, 0.000469988590339, 0.000792827282567, 0.000590872019529, 0.000665039406158, 0.000994558329694, 0.000638444675133, 0.000230115198065, 2.35769311985e-05],
        "var": [1.65344554262e-05, 0.00037970795529, 3.01303298329e-05, 2.287595089e-05, 2.75727688859e-05, 1.71913798113e-05, 1.7207910787e-05, 4.37446542492e-05, 3.65209343727e-05, 1.29528471007e-05, 4.09266931456e-06, 4.74457010569e-06, 3.01436375594e-06, 1.62990431818e-06, 2.11600854527e-06, 1.13540284019e-06, 4.16771655409e-07, 1.94833191358e-07, 1.63681932008e-07, 2.20889276648e-07, 6.28575094197e-07, 3.49129777533e-07, 4.42277439561e-07, 9.89146201391e-07, 4.07611594255e-07, 5.29530019833e-08, 5.55871682018e-10]
    },
    "erbbands": {
        "dmean": [0.208522647619, 1.06711494923, 1.66399180889, 3.15947747231, 3.23951673508, 7.59464025497, 11.9045124054, 12.484711647, 16.7009067535, 21.1224975586, 37.7528877258, 25.0146484375, 28.9991321564, 18.1842460632, 18.7800655365, 26.5730724335, 20.2088928223, 20.3508033752, 21.1387405396, 21.5620594025, 17.4715595245, 11.1927022934, 10.5671777725, 7.67599201202, 8.49811172485, 7.70341587067, 11.5193939209, 7.8298459053, 5.93239450455, 5.85259246826, 4.8553147316, 3.96606326103, 4.15433740616, 2.17423224449, 0.879941761494, 0.277254939079, 0.10491707176, 0.0221215561032, 0.000720694079064, 2.79854903056e-05],
        "dmean2": [0.31169745326, 1.75403785706, 2.82071566582, 5.1500082016, 5.34194803238, 11.9330673218, 18.8875179291, 19.656370163, 26.3834476471, 32.0236930847, 54.8516464233, 37.7970695496, 42.7161979675, 26.1408004761, 28.2294158936, 42.5155601501, 30.043302536, 30.9694519043, 33.2254829407, 34.2088813782, 27.3776435852, 16.9727058411, 16.9016666412, 12.7817659378, 14.1636266708, 12.365609169, 18.3339729309, 12.2234258652, 9.14339160919, 8.90800762177, 7.22390985489, 5.76531076431, 6.11781024933, 3.05318236351, 1.26823365688, 0.397760152817, 0.155653044581, 0.0327902399004, 0.00109758030158, 4.13194211433e-05],
        "dvar": [0.289842516184, 15.7135267258, 39.9707641602, 233.400558472, 101.735618591, 235.679107666, 732.981933594, 861.682556152, 2095.11254883, 2583.8137207, 7245.00146484, 4921.81738281, 7402.56591797, 1788.19274902, 2155.69848633, 6132.015625, 2363.1628418, 2282.82104492, 2060.64794922, 4201.390625, 2622.45336914, 426.362854004, 318.651733398, 349.334259033, 364.986785889, 242.915557861, 588.708862305, 282.458892822, 159.393630981, 185.488601685, 226.210861206, 133.229980469, 138.11769104, 34.254989624, 5.34033823013, 0.609710216522, 0.116285309196, 0.00402306811884, 4.72409237773e-06, 2.82767453896e-09],
        "dvar2": [0.70992064476, 42.4468803406, 107.844207764, 593.878234863, 274.922241211, 572.117492676, 1739.56274414, 2053.27197266, 4983.9375, 5906.21826172, 14129.8652344, 10809.7167969, 14864.6416016, 3514.6809082, 4449.37939453, 16863.6074219, 5667.20849609, 5302.03613281, 4323.47460938, 10805.15625, 6489.11328125, 975.400878906, 743.942077637, 901.496398926, 943.112426758, 580.722595215, 1555.83081055, 612.27520752, 342.383239746, 368.024230957, 527.849731445, 271.509185791, 287.69821167, 61.5770225525, 10.3910503387, 1.23620676994, 0.243085697293, 0.00852953735739, 1.10638766273e-05, 6.24286178308e-09],
        "max": [6.14619731903, 41.9099273682, 65.6468276978, 300.866241455, 124.132965088, 166.959121704, 446.015930176, 336.861236572, 562.251342773, 747.654296875, 1371.19091797, 1015.0612793, 1749.23413086, 855.278930664, 831.989440918, 1342.80517578, 786.01373291, 681.946228027, 761.767883301, 969.067810059, 844.210449219, 279.666259766, 236.992843628, 335.58392334, 229.558502197, 226.761993408, 344.833984375, 474.75592041, 164.67956543, 184.235229492, 241.710510254, 160.999588013, 146.586990356, 84.3982315063, 36.7327461243, 11.3462753296, 7.05466604233, 1.14632546902, 0.0428735911846, 0.000867743859999],
        "mean": [0.431314110756, 1.64806699753, 2.2016954422, 3.51603388786, 4.57384204865, 12.6246681213, 20.8883705139, 18.5917949677, 23.5311355591, 36.245098114, 78.9418563843, 47.5441665649, 63.5586280823, 37.1718292236, 35.5791625977, 39.66248703, 33.8285102844, 32.6674041748, 34.3987541199, 31.6539325714, 27.8557777405, 20.8186092377, 18.4030151367, 12.3095722198, 13.9308156967, 14.0857467651, 20.2393302917, 15.9133176804, 11.6274003983, 11.19789505, 8.25677013397, 6.89481544495, 6.98715114594, 3.94073748589, 1.50331425667, 0.448589086533, 0.153726413846, 0.0286796875298, 0.000883268075995, 6.95739217917e-05],
        "median": [0.04673897475, 0.189313575625, 0.261894106865, 0.432199299335, 1.51356196404, 4.0682926178, 7.31769323349, 5.57468509674, 5.99272584915, 11.8204832077, 17.8483543396, 14.5461397171, 16.4037570953, 14.9506416321, 12.0043458939, 17.126947403, 12.7473669052, 11.4953565598, 11.9405899048, 10.0257177353, 10.3109130859, 11.0038518906, 11.087893486, 6.48126316071, 6.5328783989, 7.42325401306, 9.36970615387, 6.36814308167, 4.36401700974, 3.63592076302, 2.32471966743, 1.54919469357, 1.49579811096, 0.937979161739, 0.361230313778, 0.0963280871511, 0.0254406686872, 0.00414068251848, 0.000132888308144, 4.72934989375e-05],
        "min": [3.09779179791e-21, 1.18411623623e-20, 1.59620412725e-20, 5.17681809831e-20, 9.98568622688e-20, 7.82878563779e-20, 1.30260835648e-19, 3.2219576663e-19, 7.72042665775e-19, 9.1528175844e-19, 3.78125971489e-19, 1.43259586064e-18, 1.19720796886e-18, 3.27766533373e-18, 2.1534745621e-18, 2.61682412491e-18, 1.0487582277e-17, 8.73881906449e-18, 6.32509445653e-18, 4.44463044202e-18, 5.4398490737e-18, 1.02205005465e-17, 1.16137423589e-17, 1.00527491454e-17, 1.19200001904e-17, 1.18090066143e-17, 1.37481446176e-17, 2.20241536478e-17, 2.16241936237e-17, 2.58296543041e-17, 1.87886863126e-17, 1.47587566669e-17, 1.69330488835e-17, 1.35196541713e-17, 9.65056400542e-18, 7.19081589536e-18, 3.3928727747e-18, 1.271952526e-18, 3.86024822556e-19, 3.69125212449e-20],
        "stdev": [0.842368721962, 3.86421728134, 5.93490886688, 14.4728384018, 9.94939231873, 21.3119697571, 39.0233306885, 37.3429870605, 57.3555831909, 68.8777999878, 161.027389526, 101.869338989, 159.348739624, 73.5921401978, 77.6469497681, 80.228553772, 69.0675888062, 65.0380249023, 67.76953125, 75.4908752441, 61.7675590515, 29.2776889801, 23.2911567688, 20.3966140747, 21.5488147736, 21.0931720734, 31.7880439758, 30.0334510803, 19.9867572784, 21.8109817505, 19.9595661163, 17.7991695404, 18.0902442932, 9.5112991333, 3.53459882736, 1.06872785091, 0.47059828043, 0.0856773257256, 0.00271919649094, 7.72783896537e-05],
        "var": [0.70958507061, 14.9321756363, 35.2231445312, 209.463043213, 98.9904022217, 454.200073242, 1522.8203125, 1394.4987793, 3289.66308594, 4744.15136719, 25929.8183594, 10377.3623047, 25392.0214844, 5415.80273438, 6029.04931641, 6436.62109375, 4770.33154297, 4229.94433594, 4592.70898438, 5698.87255859, 3815.23120117, 857.183105469, 542.478027344, 416.021850586, 464.351409912, 444.921936035, 1010.47979736, 902.008239746, 399.470489502, 475.718963623, 398.384277344, 316.810424805, 327.256958008, 90.4648132324, 12.493388176, 1.14217925072, 0.221462741494, 0.00734060443938, 7.39403003536e-06, 5.97194915741e-09]
    },
    "gfcc": {
        "mean": [12.9016504288, 63.3084640503, -122.298843384, 17.2243461609, -74.9976043701, 13.5345592499, -40.1903381348, 11.7682752609, -22.9800281525, 8.92481422424, -16.0891666412, 3.64179158211, -5.47309446335],
        "cov": [[6714.72460938, -961.2890625, 106.52645874, 1060.27575684, 503.727203369, 689.753173828, 229.653533936, 423.984802246, 147.419509888, 377.581390381, 5.01306724548, 259.852355957, -4.36603927612], [-961.2890625, 2608.51391602, 611.217285156, 130.898101807, 509.953369141, 55.5903091431, 329.634185791, 18.6213665009, 8.23664569855, -191.693008423, 20.2780971527, -229.991744995, -40.4677352905], [106.52645874, 611.217285156, 1121.85339355, 546.141723633, 334.438537598, 174.535842896, 126.578025818, 57.5360031128, -101.639472961, -99.1598739624, -32.6862983704, -86.2580032349, -60.2561912537], [1060.27575684, 130.898101807, 546.141723633, 899.083374023, 422.342285156, 225.880493164, 98.9194717407, 143.519454956, 84.7412185669, 39.1132164001, -9.39956283569, -8.1288022995, 49.7027854919], [503.727203369, 509.953369141, 334.438537598, 422.342285156, 492.674377441, 228.072921753, 186.471160889, 132.637680054, 80.4903717041, 52.1181716919, 35.8494148254, -14.2335014343, -1.09295403957], [689.753173828, 55.5903091431, 174.535842896, 225.880493164, 228.072921753, 429.239349365, 267.882904053, 152.641937256, 60.1489868164, 96.5968551636, 68.0668869019, 48.7359886169, -16.2587623596], [229.653533936, 329.634185791, 126.578025818, 98.9194717407, 186.471160889, 267.882904053, 360.475769043, 157.964294434, 56.6561889648, 63.3627204895, 82.7557144165, 33.1683807373, -33.6853790283], [423.984802246, 18.6213665009, 57.5360031128, 143.519454956, 132.637680054, 152.641937256, 157.964294434, 206.136688232, 88.013671875, 77.5430679321, 52.3812904358, 40.7583580017, 15.4042224884], [147.419509888, 8.23664569855, -101.639472961, 84.7412185669, 80.4903717041, 60.1489868164, 56.6561889648, 88.013671875, 193.986373901, 108.695083618, 43.0883789062, 35.2714691162, 39.2397537231], [377.581390381, -191.693008423, -99.1598739624, 39.1132164001, 52.1181716919, 96.5968551636, 63.3627204895, 77.5430679321, 108.695083618, 188.277587891, 87.0591430664, 65.5999221802, 15.7225294113], [5.01306724548, 20.2780971527, -32.6862983704, -9.39956283569, 35.8494148254, 68.0668869019, 82.7557144165, 52.3812904358, 43.0883789062, 87.0591430664, 147.205673218, 73.3484725952, 7.46085214615], [259.852355957, -229.991744995, -86.2580032349, -8.1288022995, -14.2335014343, 48.7359886169, 33.1683807373, 40.7583580017, 35.2714691162, 65.5999221802, 73.3484725952, 145.379089355, 48.785484314], [-4.36603927612, -40.4677352905, -60.2561912537, 49.7027854919, -1.09295403957, -16.2587623596, -33.6853790283, 15.4042224884, 39.2397537231, 15.7225294113, 7.46085214615, 48.785484314, 129.552108765]],
        "icov": [[0.000310193368932, -7.65875083744e-05, 0.000233688449953, -0.000445573386969, 6.06282337685e-05, -0.000361697777407, 0.000339018239174, -0.000469178048661, 0.000521075213328, -0.000659490586258, 0.000742772244848, -0.000762534327805, 0.000531802070327], [-7.65875083744e-05, 0.00111503293738, -0.000477364810649, 0.000741906638723, -0.00131801841781, 0.000768940604758, -0.0013737162808, 0.000867219583597, -0.000945952662732, 0.00153615314048, -0.00130288233049, 0.00189707416575, -0.00107512238901], [0.000233688449953, -0.000477364810649, 0.00209579686634, -0.00155320612248, 0.000121158933325, -0.000626280729193, 0.000513335806318, -0.00072578061372, 0.00185757840518, -0.00031079276232, 0.000606853165664, -0.00076027814066, 0.00129805773031], [-0.000445573386969, 0.000741906638723, -0.00155320612248, 0.00369347841479, -0.00233283848502, 0.000292236974929, -0.000188778489246, 0.000423663761467, -0.00190714967903, 0.00153764488641, -0.000978500698693, 0.00187528273091, -0.00226393714547], [6.06282337685e-05, -0.00131801841781, 0.000121158933325, -0.00233283848502, 0.00614809291437, -0.00153914350085, 0.000524362083524, -0.00112611625809, 0.000108919608465, -0.00172753073275, 0.000796306645498, -0.000979429460131, 0.00117026211228], [-0.000361697777407, 0.000768940604758, -0.000626280729193, 0.000292236974929, -0.00153914350085, 0.00636418955401, -0.00444127945229, 0.00057551136706, -0.000208656681934, -0.000270613963949, -0.000648334622383, 0.000842726789415, -0.000796879117843], [0.000339018239174, -0.0013737162808, 0.000513335806318, -0.000188778489246, 0.000524362083524, -0.00444127945229, 0.00921805389225, -0.00451859040186, 0.00094886176521, -0.000728455430362, -2.16761454794e-05, -0.00271141645499, 0.00309794582427], [-0.000469178048661, 0.000867219583597, -0.00072578061372, 0.000423663761467, -0.00112611625809, 0.00057551136706, -0.00451859040186, 0.0108718313277, -0.00352745712735, 0.000884708133526, -0.0016975851031, 0.00152280554175, -0.0021645266097], [0.000521075213328, -0.000945952662732, 0.00185757840518, -0.00190714967903, 0.000108919608465, -0.000208656681934, 0.00094886176521, -0.00352745712735, 0.0114401439205, -0.00665030721575, 0.00257243891247, -0.00156528677326, -0.000258083833614], [-0.000659490586258, 0.00153615314048, -0.00031079276232, 0.00153764488641, -0.00172753073275, -0.000270613963949, -0.000728455430362, 0.000884708133526, -0.00665030721575, 0.0147338602692, -0.00740836933255, 0.0023375118617, -0.000847401621286], [0.000742772244848, -0.00130288233049, 0.000606853165664, -0.000978500698693, 0.000796306645498, -0.000648334622383, -2.16761454794e-05, -0.0016975851031, 0.00257243891247, -0.00740836933255, 0.015341036953, -0.00824789423496, 0.00273963017389], [-0.000762534327805, 0.00189707416575, -0.00076027814066, 0.00187528273091, -0.000979429460131, 0.000842726789415, -0.00271141645499, 0.00152280554175, -0.00156528677326, 0.0023375118617, -0.00824789423496, 0.0164912417531, -0.0068394546397], [0.000531802070327, -0.00107512238901, 0.00129805773031, -0.00226393714547, 0.00117026211228, -0.000796879117843, 0.00309794582427, -0.0021645266097, -0.000258083833614, -0.000847401621286, 0.00273963017389, -0.0068394546397, 0.0124448128045]]
    },
    "melbands": {
        "dmean": [0.00164011132438, 0.00101341353729, 0.000506079872139, 0.000364086939953, 0.000403453595936, 0.000279469619272, 0.000255907099927, 0.000256226980127, 0.00028494693106, 0.000169102160726, 0.000148476319737, 7.81117269071e-05, 5.92712422076e-05, 8.19240376586e-05, 5.19501409144e-05, 5.05397110828e-05, 3.8031495933e-05, 3.50987938873e-05, 3.74014744011e-05, 2.21378941205e-05, 2.33989649132e-05, 1.23248291857e-05, 1.21841858345e-05, 9.57197698881e-06, 6.29797432339e-06, 6.56582915326e-06, 6.13326210441e-06, 5.2910741033e-06, 7.80835034675e-06, 6.69084693072e-06, 4.48068749392e-06, 3.48172966369e-06, 3.93882692151e-06, 3.14322096528e-06, 3.13969667332e-06, 2.35136872107e-06, 2.71105636784e-06, 3.24695520248e-06, 2.57162309936e-06, 1.77468348284e-06],
        "dmean2": [0.00254358141683, 0.00162942509633, 0.000824048940558, 0.000571686308831, 0.000642590923235, 0.000442535209004, 0.000401585770305, 0.000389835331589, 0.00041447658441, 0.000257034116657, 0.000218853499973, 0.000112402354716, 8.84801629581e-05, 0.000126685059513, 8.44584283186e-05, 7.38744565751e-05, 5.90981908317e-05, 5.60629341635e-05, 5.88888469792e-05, 3.5772274714e-05, 3.67501888832e-05, 1.90140617633e-05, 1.95380525838e-05, 1.56874139066e-05, 1.06367997432e-05, 1.11334256871e-05, 1.01058285509e-05, 8.55472262629e-06, 1.25906371977e-05, 1.04334094431e-05, 7.23921311874e-06, 5.40737619303e-06, 6.00211706114e-06, 4.82143013869e-06, 4.85462214783e-06, 3.63187768926e-06, 4.00349927077e-06, 4.86108547193e-06, 3.8395919546e-06, 2.52615950558e-06],
        "dvar": [2.00256217795e-05, 1.36629032568e-05, 5.09157825945e-06, 6.09970982168e-07, 7.75088778937e-07, 3.93074429894e-07, 4.74577007026e-07, 3.46131145079e-07, 4.11442982795e-07, 2.32462028293e-07, 1.89903460068e-07, 3.63212357968e-08, 2.51735539081e-08, 4.71094097065e-08, 2.15909228274e-08, 1.49587666698e-08, 8.67808491734e-09, 6.71429978283e-09, 9.78452252554e-09, 4.71839411986e-09, 4.74366323999e-09, 5.6213833588e-10, 5.60988200338e-10, 3.5737782178e-10, 2.47973419576e-10, 2.44009368267e-10, 1.53911536294e-10, 1.28755228701e-10, 2.88711832219e-10, 2.06876585307e-10, 8.4822433799e-11, 5.29149536688e-11, 8.18372036804e-11, 5.40114446224e-11, 1.14206498425e-10, 4.64510825637e-11, 6.54161169678e-11, 8.54149945217e-11, 5.38439223763e-11, 2.24295026996e-11],
        "dvar2": [5.25334507984e-05, 3.56498640031e-05, 1.31323249661e-05, 1.54991539603e-06, 1.87858586287e-06, 9.32229568207e-07, 1.14207614388e-06, 8.01921146376e-07, 7.88565444054e-07, 5.37006542345e-07, 3.86746904724e-07, 7.2106111304e-08, 4.81894240068e-08, 1.20286017591e-07, 5.3661832311e-08, 3.2641995773e-08, 2.09696136011e-08, 1.37640716602e-08, 2.25339107374e-08, 1.23850805167e-08, 1.1846852388e-08, 1.28255761567e-09, 1.27781374371e-09, 8.95309382187e-10, 6.49717668555e-10, 6.40560937626e-10, 3.92540805416e-10, 3.13083892145e-10, 7.4590700283e-10, 5.06399089328e-10, 1.96270194541e-10, 1.22168150596e-10, 1.70225417095e-10, 1.09075505572e-10, 2.86106027758e-10, 1.07442679753e-10, 1.40994188547e-10, 1.89852772392e-10, 1.12398590435e-10, 4.10017089725e-11],
        "max": [0.0488480515778, 0.0365127138793, 0.0428589172661, 0.00698027061298, 0.0136383222416, 0.0068259392865, 0.00875326246023, 0.00812310725451, 0.0102249430493, 0.00812132097781, 0.00882828328758, 0.00389356468804, 0.00305397924967, 0.00285288086161, 0.00224502338096, 0.00214575533755, 0.00147715373896, 0.00159190373961, 0.00137910048943, 0.00118119281251, 0.00126757612452, 0.000388664309867, 0.000322934385622, 0.000371136527974, 0.00027300149668, 0.000200303213205, 0.000154683497385, 0.000202965733479, 0.000236271516769, 0.000369840272469, 0.000198869485757, 8.48820855026e-05, 0.00012899399735, 9.31896283873e-05, 0.000195200424059, 0.000135947630042, 0.000112909146992, 0.000109195403638, 0.000101859106508, 7.6381744293e-05],
        "mean": [0.00328012811951, 0.00147712253965, 0.000599229009822, 0.000591733318288, 0.000738966511562, 0.000419327494456, 0.000363372761058, 0.000470814004075, 0.000586632755585, 0.000314783101203, 0.000319974526064, 0.000153873043018, 0.000108720509161, 0.00013357088028, 7.04015983501e-05, 8.00695997896e-05, 5.60858388781e-05, 5.38871390745e-05, 5.11213474965e-05, 3.08899543597e-05, 3.34497199219e-05, 2.09000081668e-05, 1.94964068214e-05, 1.48882163558e-05, 9.08382571652e-06, 9.73909118329e-06, 9.98089399218e-06, 8.92398293217e-06, 1.2608351426e-05, 1.22994697449e-05, 8.0068830357e-06, 6.08560549153e-06, 7.16396880307e-06, 5.77685068492e-06, 5.04079980601e-06, 3.78626054953e-06, 4.40012763647e-06, 5.13847771799e-06, 4.18336003349e-06, 3.08262701765e-06],
        "median": [0.000375447853003, 0.000183088690392, 0.000116707306006, 0.000216050524614, 0.000268045434495, 0.000121150143968, 8.8225613581e-05, 0.000136603935971, 0.000133979090606, 7.36214205972e-05, 7.45909565012e-05, 5.0786191423e-05, 2.78191928373e-05, 4.329064177e-05, 2.49985878327e-05, 2.44334496529e-05, 1.60742965818e-05, 1.56744408741e-05, 1.33698968057e-05, 1.01283567346e-05, 1.16099145089e-05, 1.05180479295e-05, 1.04103646663e-05, 8.60943328007e-06, 4.27795521318e-06, 4.13878615291e-06, 4.41582824351e-06, 4.09207223129e-06, 5.31458681508e-06, 4.89134345116e-06, 2.88774890578e-06, 2.00737622436e-06, 2.58281511378e-06, 1.63460424574e-06, 1.36295761877e-06, 9.13731867058e-07, 8.17535067199e-07, 1.00411409676e-06, 8.67968537932e-07, 7.3923877153e-07],
        "min": [2.52049515807e-23, 1.08558659598e-23, 1.06216515794e-23, 6.21627244809e-24, 4.24330292514e-24, 7.88231315333e-24, 1.26872846485e-23, 9.15091350717e-24, 2.77404633372e-24, 1.02873094508e-23, 6.1004171801e-24, 1.28414801342e-23, 8.12607275076e-24, 5.14340820635e-24, 1.56584929605e-23, 1.95550035598e-23, 1.67937979094e-23, 1.14977865331e-23, 4.32132757955e-24, 8.12662022023e-24, 5.8655717109e-24, 1.08947883569e-23, 1.00992387001e-23, 1.02245934311e-23, 7.51149172989e-24, 8.76265194684e-24, 7.89359544199e-24, 7.79546824513e-24, 8.46634474678e-24, 9.50701084181e-24, 1.31868063621e-23, 1.12883037309e-23, 1.39488057646e-23, 1.39829413537e-23, 1.13656657421e-23, 8.46914756958e-24, 9.33792481767e-24, 1.19762527602e-23, 1.26055925798e-23, 1.01168350314e-23],
        "stdev": [0.00621218141168, 0.00359864975326, 0.00212848722003, 0.000963982543908, 0.00128554133698, 0.000816993706394, 0.000864456174895, 0.000821449968498, 0.00119534379337, 0.000779201393016, 0.0008040330722, 0.000326063833199, 0.000305459048832, 0.000268612842774, 0.000175997498445, 0.000165529345395, 0.000119514465041, 0.000123167003039, 0.000117133065942, 7.63857096899e-05, 7.89696568972e-05, 3.25268410961e-05, 3.02121588902e-05, 2.16898370127e-05, 1.65747642313e-05, 1.65124583873e-05, 1.50918149302e-05, 1.50974810822e-05, 2.18262975977e-05, 2.49493350566e-05, 1.42186117955e-05, 1.07433106677e-05, 1.38408095154e-05, 1.16717519631e-05, 1.28055426103e-05, 9.67601226876e-06, 1.18267707876e-05, 1.36309881782e-05, 1.07837176984e-05, 7.56032341087e-06],
        "var": [3.85911953344e-05, 1.29502805066e-05, 4.53045777249e-06, 9.29262398586e-07, 1.65261644725e-06, 6.67478730065e-07, 7.47284445879e-07, 6.74780096688e-07, 1.42884687193e-06, 6.07154788668e-07, 6.46469175081e-07, 1.06317621373e-07, 9.33052319851e-08, 7.21528650161e-08, 3.09751193583e-08, 2.73999649636e-08, 1.42837066619e-08, 1.51701105011e-08, 1.37201547901e-08, 5.83477621774e-09, 6.23620621809e-09, 1.05799535799e-09, 9.12774578143e-10, 4.70449013079e-10, 2.74722800064e-10, 2.72661282441e-10, 2.27762878002e-10, 2.27933935615e-10, 4.76387262971e-10, 6.22469353839e-10, 2.02168920493e-10, 1.1541872319e-10, 1.91568011454e-10, 1.36229791337e-10, 1.63981925261e-10, 9.362521175e-11, 1.39872516347e-10, 1.85803830655e-10, 1.16288569052e-10, 5.71584932163e-11]
    },
    "melbands128": {
