{
"lowlevel": {
    "average_loudness": 0.873525559902,
    "barkbands_crest": {
        "dmean": 1.81547939777,
        "dmean2": 2.70477843285,
        "dvar": 4.11838817596,
        "dvar2": 10.1893234253,
        "max": 25.3757629395,
        "mean": 13.4326210022,
        "median": 13.3438882828,
        "min": 3.9277279377,
        "stdev": 3.47809934616,
        "var": 12.0971755981
    },
    "barkbands_flatness_db": {
        "dmean": 0.0261715687811,
        "dmean2": 0.0359130688012,
        "dvar": 0.00128090230282,
        "dvar2": 0.00217598048039,
        "max": 0.81136828661,
        "mean": 0.312885314226,
        "median": 0.302078515291,
        "min": 0.0306266769767,
        "stdev": 0.0990506485105,
        "var": 0.0098110307008
    },
    "barkbands_kurtosis": {
        "dmean": 8.48333454132,
        "dmean2": 12.4863939285,
        "dvar": 165.490615845,
        "dvar2": 346.586120605,
        "max": 179.50642395,
        "mean": 20.6942939758,
        "median": 15.1718006134,
        "min": -1.7449618578,
        "stdev": 21.7386741638,
        "var": 472.569946289
    },
    "barkbands_skewness": {
        "dmean": 0.694974184036,
        "dmean2": 1.02074861526,
        "dvar": 0.783843159676,
        "dvar2": 1.62034714222,
        "max": 10.6361751556,
        "mean": 3.14216303825,
        "median": 3.15337967873,
        "min": -10.2010831833,
        "stdev": 1.79189372063,
        "var": 3.21088314056
    },
    "barkbands_spread": {
        "dmean": 2.29166245461,
        "dmean2": 3.41753840446,
        "dvar": 33.1058578491,
        "dvar2": 67.1581268311,
        "max": 70.1278762817,
        "mean": 5.82035446167,
        "median": 3.43798899651,
        "min": 0.48403865099,
        "stdev": 8.82196044922,
        "var": 77.8269805908
    },
    "dissonance": {
        "dmean": 0.0354589037597,
        "dmean2": 0.0579637140036,
        "dvar": 0.000938543584198,
        "dvar2": 0.00251983990893,
        "max": 0.497370302677,
        "mean": 0.379883319139,
        "median": 0.385800600052,
        "min": 0.171367093921,
        "stdev": 0.0585237294436,
        "var": 0.00342502701096
    },
    "dynamic_complexity": 4.6232085228,
    "erbbands_crest": {
        "dmean": 2.13304829597,
        "dmean2": 3.29750394821,
        "dvar": 5.39525604248,
        "dvar2": 13.4436302185,
        "max": 27.6167583466,
        "mean": 11.977604866,
        "median": 11.7269792557,
        "min": 3.95962500572,
        "stdev": 3.68823099136,
        "var": 13.6030473709
    },
    "erbbands_flatness_db": {
        "dmean": 0.0196610018611,
        "dmean2": 0.027084954083,
        "dvar": 0.00091304682428,
        "dvar2": 0.00158400926739,
        "max": 0.599581182003,
        "mean": 0.286853194237,
        "median": 0.242034569383,
        "min": 0.0804095938802,
        "stdev": 0.109037019312,
        "var": 0.0118890721351
    },
    "erbbands_kurtosis": {
        "dmean": 2.7661781311,
        "dmean2": 4.1399846077,
        "dvar": 13.8827781677,
        "dvar2": 31.9018383026,
        "max": 57.4908561707,
        "mean": 5.69293069839,
        "median": 4.58405256271,
        "min": -1.80128777027,
        "stdev": 5.62279224396,
        "var": 31.6157951355
    },
    "erbbands_skewness": {
        "dmean": 0.449649482965,
        "dmean2": 0.636595308781,
        "dvar": 0.22873789072,
        "dvar2": 0.507704854012,
        "max": 5.23328590393,
        "mean": 1.78880119324,
        "median": 1.82094049454,
        "min": -2.93976426125,
        "stdev": 0.924802482128,
        "var": 0.855259656906
    },
    "erbbands_spread": {
        "dmean": 5.69255542755,
        "dmean2": 8.32099151611,
        "dvar": 131.339111328,
        "dvar2": 276.356567383,
        "max": 146.702774048,
        "mean": 18.1056518555,
        "median": 12.4054021835,
        "min": 1.8930516243,
        "stdev": 19.5001773834,
        "var": 380.25692749
    },
    "hfc": {
        "dmean": 2.68353271484,
        "dmean2": 3.85623431206,
        "dvar": 21.523683548,
        "dvar2": 44.8695220947,
        "max": 54.1524353027,
        "mean": 8.91272068024,
        "median": 4.14029502869,
        "min": 1.13104944722e-16,
        "stdev": 9.66999149323,
        "var": 93.5087280273
    },
    "loudness_ebu128": {
        "integrated": -15.0597925186,
        "loudness_range": 11.4452362061,
        "momentary": {
            "dmean": 0.642394661903,
            "dmean2": 0.678226053715,
            "dvar": 0.622129619122,
            "dvar2": 1.06015121937,
            "max": -10.7156763077,
            "mean": -17.4555149078,
            "median": -14.6676101685,
            "min": -28.9462718964,
            "stdev": 5.07972621918,
            "var": 25.8036174774
        },
        "short_term": {
            "dmean": 0.0986356064677,
            "dmean2": 0.0898412391543,
            "dvar": 0.0209936480969,
            "dvar2": 0.0131591996178,
            "max": -12.5218429565,
            "mean": -17.0089912415,
            "median": -13.5738954544,
            "min": -25.1853694916,
            "stdev": 4.83309650421,
            "var": 23.3588199615
        }
    },
    "melbands_crest": {
        "dmean": 2.00395226479,
        "dmean2": 2.97259736061,
        "dvar": 5.30761194229,
        "dvar2": 12.6629924774,
        "max": 30.546918869,
        "mean": 15.6661090851,
        "median": 15.3301401138,
        "min": 2.29207491875,
        "stdev": 4.27935171127,
        "var": 18.3128490448
    },
    "melbands_flatness_db": {
        "dmean": 0.0286229755729,
        "dmean2": 0.037107039243,
        "dvar": 0.00135260855313,
        "dvar2": 0.00247018993832,
        "max": 0.594112157822,
        "mean": 0.387372970581,
        "median": 0.398847252131,
        "min": 0.00473143300042,
        "stdev": 0.09362090379,
        "var": 0.00876487325877
    },
    "melbands_kurtosis": {
        "dmean": 7.94827079773,
        "dmean2": 11.7119293213,
        "dvar": 144.590576172,
        "dvar2": 322.3722229,
        "max": 132.58656311,
        "mean": 19.4122867584,
        "median": 14.3287391663,
        "min": -1.36422455311,
        "stdev": 18.8984947205,
        "var": 357.153137207
    },
    "melbands_skewness": {
        "dmean": 0.61671090126,
        "dmean2": 0.901482641697,
        "dvar": 0.621408164501,
        "dvar2": 1.39722824097,
        "max": 9.53608512878,
        "mean": 2.73952388763,
        "median": 2.63460183144,
        "min": -6.07203531265,
        "stdev": 1.39792156219,
        "var": 1.95418465137
    },
    "melbands_spread": {
        "dmean": 2.15493440628,
        "dmean2": 3.11512541771,
        "dvar": 66.0232772827,
        "dvar2": 102.785766602,
        "max": 219.185302734,
        "mean": 6.14103507996,
        "median": 4.05379676819,
        "min": 0.921660125256,
        "stdev": 12.6920547485,
        "var": 161.088256836
    },
    "pitch_salience": {
        "dmean": 0.0490816682577,
        "dmean2": 0.0733589008451,
        "dvar": 0.00348440185189,
        "dvar2": 0.00862944032997,
        "max": 0.901431322098,
        "mean": 0.553497850895,
        "median": 0.560597479343,
        "min": 0.153487071395,
        "stdev": 0.106499932706,
        "var": 0.0113422358409
    },
    "silence_rate_20dB": {
        "dmean": 0,
        "dmean2": 0,
        "dvar": 0,
        "dvar2": 0,
        "max": 1,
        "mean": 1,
        "median": 1,
        "min": 1,
        "stdev": 0,
        "var": 0
    },
    "silence_rate_30dB": {
        "dmean": 0.0061919502914,
        "dmean2": 0.0123934932053,
        "dvar": 0.00615357887,
        "dvar2": 0.0153384217992,
        "max": 1,
        "mean": 0.99535959959,
        "median": 1,
        "min": 0,
        "stdev": 0.0679618641734,
        "var": 0.00461881514639
    },
    "silence_rate_60dB": {
        "dmean": 0.0479876175523,
        "dmean2": 0.095274977386,
        "dvar": 0.0456855520606,
        "dvar2": 0.101690813899,
        "max": 1,
        "mean": 0.191028609872,
        "median": 0,
        "min": 0,
        "stdev": 0.393117368221,
        "var": 0.154541268945
    },
    "spectral_centroid": {
        "dmean": 85.5751266479,
        "dmean2": 124.669151306,
        "dvar": 61196.7226562,
        "dvar2": 116413.59375,
        "max": 11006.9873047,
        "mean": 521.337036133,
        "median": 421.244567871,
        "min": 176.332092285,
        "stdev": 732.414794922,
        "var": 536431.4375
    },
    "spectral_complexity": {
        "dmean": 1.35758519173,
        "dmean2": 2.13942670822,
        "dvar": 2.37212514877,
        "dvar2": 5.17190313339,
        "max": 21,
        "mean": 7.88785791397,
        "median": 7,
        "min": 0,
        "stdev": 3.19449162483,
        "var": 10.2047767639
    },
    "spectral_decrease": {
        "dmean": 1.84938797609e-09,
        "dmean2": 2.62237298543e-09,
        "dvar": 1.13059823674e-17,
        "dvar2": 2.5538731574e-17,
        "max": 2.92845362857e-22,
        "mean": -5.79929304578e-09,
        "median": -2.67622879413e-09,
        "min": -3.96307413553e-08,
        "stdev": 6.209050607e-09,
        "var": 3.85523075476e-17
    },
    "spectral_energy": {
        "dmean": 0.00717989867553,
        "dmean2": 0.0101718194783,
        "dvar": 0.000168846017914,
        "dvar2": 0.00038052193122,
        "max": 0.153864443302,
        "mean": 0.0226962938905,
        "median": 0.0109146852046,
        "min": 1.04606189226e-20,
        "stdev": 0.0241607930511,
        "var": 0.000583743909374
    },
    "spectral_energyband_high": {
        "dmean": 9.60447578109e-05,
        "dmean2": 0.000140448479215,
        "dvar": 6.23369658115e-08,
        "dvar2": 1.33601062657e-07,
        "max": 0.00384165789001,
        "mean": 0.000180685790838,
        "median": 2.42424994212e-05,
        "min": 7.59555204744e-21,
        "stdev": 0.000370187772205,
        "var": 1.37038995263e-07
    },
    "spectral_energyband_low": {
        "dmean": 0.00179999182001,
        "dmean2": 0.00239672907628,
        "dvar": 3.06636429741e-05,
        "dvar2": 6.47140332148e-05,
        "max": 0.0700949430466,
        "mean": 0.00450463825837,
        "median": 0.000133505847771,
        "min": 4.27250663473e-23,
        "stdev": 0.0095103951171,
        "var": 9.04476182768e-05
    },
    "spectral_energyband_middle_high": {
        "dmean": 0.000449876795756,
        "dmean2": 0.000653069058899,
        "dvar": 2.12804889088e-06,
        "dvar2": 5.78782965022e-06,
        "max": 0.0230658762157,
        "mean": 0.000850005133543,
        "median": 0.000280168052996,
        "min": 1.61700349894e-21,
        "stdev": 0.00177323748358,
        "var": 3.14437124871e-06
    },
    "spectral_energyband_middle_low": {
        "dmean": 0.00620186887681,
        "dmean2": 0.00912437215447,
        "dvar": 0.000134080240969,
        "dvar2": 0.000314428878482,
        "max": 0.15172380209,
        "mean": 0.0186968576163,
        "median": 0.00615706900135,
        "min": 2.38186314072e-22,
        "stdev": 0.0207733754069,
        "var": 0.00043153311708
    },
    "spectral_entropy": {
        "dmean": 0.247080042958,
        "dmean2": 0.333330333233,
        "dvar": 0.0977924615145,
        "dvar2": 0.194881573319,
        "max": 9.80168628693,
        "mean": 6.11169910431,
        "median": 5.94951725006,
        "min": 4.6181101799,
        "stdev": 0.753070771694,
        "var": 0.567115604877
    },
    "spectral_flux": {
        "dmean": 0.0223174802959,
        "dmean2": 0.035230178386,
        "dvar": 0.00116148858797,
        "dvar2": 0.00277109676972,
        "max": 0.274193972349,
        "mean": 0.0474018752575,
        "median": 0.0296169240028,
        "min": 1.02277165903e-10,
        "stdev": 0.0495058856905,
        "var": 0.00245083263144
    },
    "spectral_kurtosis": {
        "dmean": 14.4604415894,
        "dmean2": 23.7692279816,
        "dvar": 442.349212646,
        "dvar2": 1137.32910156,
        "max": 195.987716675,
        "mean": 41.4427528381,
        "median": 17.2227745056,
        "min": -1.22205793858,
        "stdev": 41.3388824463,
        "var": 1708.90307617
    },
    "spectral_rms": {
        "dmean": 0.000600817147642,
        "dmean2": 0.000820531509817,
        "dvar": 9.22161177641e-07,
        "dvar2": 1.96634300664e-06,
        "max": 0.0122520057485,
        "mean": 0.00402964372188,
        "median": 0.00326319993474,
        "min": 3.19460191807e-12,
        "stdev": 0.00242995633744,
        "var": 5.90468744122e-06
    },
    "spectral_rolloff": {
        "dmean": 157.215301514,
        "dmean2": 250.341796875,
        "dvar": 429388.84375,
        "dvar2": 838983,
        "max": 18647.7539062,
        "mean": 707.879821777,
        "median": 473.73046875,
        "min": 129.19921875,
        "stdev": 1548.62524414,
        "var": 2398240
    },
    "spectral_skewness": {
        "dmean": 0.948503255844,
        "dmean2": 1.51512658596,
        "dvar": 1.18684113026,
        "dvar2": 3.00972151756,
        "max": 11.1919231415,
        "mean": 4.38017034531,
        "median": 3.63724112511,
        "min": -0.0540652424097,
        "stdev": 2.3106379509,
        "var": 5.33904790878
    },
    "spectral_spread": {
        "dmean": 752455.3125,
        "dmean2": 1053816.125,
        "dvar": 1.92945402675e+12,
        "dvar2": 2.53507325133e+12,
        "max": 41383796,
        "mean": 3532724.75,
        "median": 3421560.5,
        "min": 532413.875,
        "stdev": 2960380,
        "var": 8.76384931021e+12
    },
    "spectral_strongpeak": {
        "dmean": 0.274478554726,
        "dmean2": 0.452181518078,
        "dvar": 0.196494579315,
        "dvar2": 0.460618525743,
        "max": 4.85824871063,
        "mean": 0.883006989956,
        "median": 0.701249420643,
        "min": 4.02066185901e-10,
        "stdev": 0.720143556595,
        "var": 0.51860678196
    },
    "zerocrossingrate": {
        "dmean": 0.00649278005585,
        "dmean2": 0.00738965068012,
        "dvar": 0.00021193161956,
        "dvar2": 0.000163163174875,
        "max": 0.7001953125,
        "mean": 0.0331347733736,
        "median": 0.0224609375,
        "min": 0.00439453125,
        "stdev": 0.0579054355621,
        "var": 0.00335303950123
    },
    "barkbands": {
        "dmean": [5.05729485667e-06, 0.000417768489569, 0.000805093673989, 0.00167626107577, 0.00330631691031, 0.00113302527461, 0.00126994110178, 0.000810162280686, 0.00038708653301, 0.000122459692648, 0.000103297090391, 9.96163726086e-05, 8.80486841197e-05, 0.000128682469949, 4.87634570163e-05, 6.70094095767e-06, 4.86978251502e-06, 1.46113234223e-05, 1.41745122164e-05, 3.04619043163e-05, 1.59532155521e-05, 1.56700334628e-05, 1.25096339616e-05, 2.04800344363e-05, 2.20129913941e-05, 2.25460717047e-05, 1.10640269213e-06],
        "dmean2": [8.90180217539e-06, 0.000518403016031, 0.00102645496372, 0.0026781661436, 0.00499998871237, 0.0016906876117, 0.0018029070925, 0.00114978139754, 0.000504130672198, 0.000167802689248, 0.000149553889059, 0.000143587778439, 0.000132330154884, 0.000211476333789, 7.09197993274e-05, 1.00518782347e-05, 7.26231110093e-06, 2.13776474993e-05, 2.22579983529e-05, 4.85595992359e-05, 2.52582412941e-05, 2.37080221268e-05, 1.77623314812e-05, 3.12288502755e-05, 3.46119450114e-05, 3.34544820362e-05, 1.76617322722e-06],
        "dvar": [8.39552372067e-10, 4.06041408496e-06, 1.08498079499e-05, 2.54685619439e-05, 5.48248717678e-05, 6.26538485449e-06, 8.42240024213e-06, 8.43172983878e-06, 2.00568797482e-06, 1.33220211751e-07, 1.78320789246e-07, 2.12203417504e-07, 9.560973524e-08, 6.60602552216e-07, 6.12236661368e-08, 5.56609924818e-10, 2.1206955636e-10, 1.32318955792e-09, 2.50808551705e-09, 2.16305835465e-08, 3.5617189198e-09, 3.15975112741e-09, 1.23609811276e-09, 3.27850324666e-09, 4.8622523785e-09, 2.02163930041e-09, 7.70668251437e-12],
        "dvar2": [2.33861485732e-09, 8.03290004114e-06, 2.16767912207e-05, 6.72445312375e-05, 0.000127037215861, 1.28411811602e-05, 1.70185776369e-05, 1.69911891135e-05, 3.31156843458e-06, 2.89477554816e-07, 4.3565080432e-07, 4.17977361167e-07, 2.41340728735e-07, 1.95050461116e-06, 1.37942848255e-07, 1.27281796214e-09, 4.44398184918e-10, 2.82072432078e-09, 6.79082834409e-09, 5.74436640477e-08, 8.49247872026e-09, 7.52636619694e-09, 2.07764472293e-09, 7.93330379167e-09, 1.19610854554e-08, 4.67825600481e-09, 2.01826663021e-11],
        "max": [0.000517031294294, 0.0356352590024, 0.0440790727735, 0.0884603857994, 0.119738467038, 0.040808532387, 0.0363897755742, 0.0506835579872, 0.0322217941284, 0.00582868745551, 0.00847355276346, 0.0127215236425, 0.00584524311125, 0.0185398217291, 0.00718334503472, 0.00044634952792, 0.000271495053312, 0.000456722889794, 0.000962775258813, 0.00362714519724, 0.000853577745147, 0.00097276706947, 0.000640742713585, 0.000957690004725, 0.00088531075744, 0.000520883419085, 3.31786068273e-05],
        "mean": [3.58257284461e-06, 0.00100086501334, 0.00203627138399, 0.00323305884376, 0.00690422905609, 0.0033624637872, 0.0028935757, 0.00134868838359, 0.000798740249593, 0.000230771067436, 0.000162181429914, 0.000139053474413, 0.000120302211144, 0.000143091252539, 6.52228918625e-05, 8.86917405296e-06, 7.59424938224e-06, 1.97149183805e-05, 1.81831710506e-05, 4.01285833505e-05, 1.86207216757e-05, 2.18692021008e-05, 1.92039915419e-05, 3.01521595247e-05, 3.10262948915e-05, 3.73929324269e-05, 1.44104535593e-06],
        "median": [2.49533318453e-08, 2.59181263118e-07, 9.30347232497e-06, 6.54308896628e-05, 0.000667747051921, 0.00191041326616, 0.00127445533872, 0.000214079977013, 7.73863284849e-05, 0.000100931421912, 6.38304190943e-05, 2.27396794799e-05, 1.80934239324e-05, 2.62962039415e-05, 1.12624829853e-05, 1.75033244432e-06, 1.98693487619e-06, 9.04512774014e-07, 5.4170658359e-07, 1.26683039525e-06, 6.30614692909e-07, 1.08564108814e-06, 1.64866287378e-06, 1.94109975382e-06, 2.27402892961e-06, 2.94059486805e-06, 7.32544602755e-09],
        "min": [5.83914763159e-24, 9.43404199694e-24, 5.46861374795e-24, 7.4274212455e-24, 1.96764912946e-23, 1.84876558223e-23, 9.37722902341e-24, 4.18648797945e-23, 2.38695362859e-23, 5.24825089721e-23, 4.95956788004e-23, 7.22979281385e-23, 7.80464648399e-23, 1.04517670702e-22, 7.27154185731e-23, 1.39984162803e-22, 1.26596069904e-22, 1.61011723548e-22, 2.01395229848e-22, 2.66283343328e-22, 3.55968725072e-22, 5.48612243685e-22, 5.47287967106e-22, 9.93041028635e-22, 1.16376527076e-21, 1.61625881424e-21, 2.194667079e-21],
        "stdev": [2.30513287534e-05, 0.00358088640496, 0.00583612220362, 0.00792488828301, 0.0113446898758, 0.00449678907171, 0.00438875425607, 0.00432092603296, 0.00269588688388, 0.000485854921862, 0.000474319705972, 0.000671196496114, 0.000337984820362, 0.000665449886583, 0.000288652488962, 2.70209511655e-05, 2.08603669307e-05, 4.8915091611e-05, 5.33676466148e-05, 0.000143183991895, 7.13322151569e-05, 6.5735213866e-05, 5.19784880453e-05, 7.09238229319e-05, 8.52405937621e-05, 6.60182267893e-05, 3.23113317791e-06],
        "var": [5.31363786305e-10, 1.28227475216e-05, 3.40603219229e-05, 6.28038615105e-05, 0.000128701998619, 2.02211140277e-05, 1.92611641978e-05, 1.86704019143e-05, 7.26780581317e-06, 2.36055001324e-07, 2.24979189056e-07, 4.50504728633e-07, 1.1423373536e-07, 4.42823534286e-07, 8.33202520312e-08, 7.30131843873e-10, 4.35154884348e-10, 2.39268627134e-09, 2.84810575124e-09, 2.05016572608e-08, 5.08828446044e-09, 4.32111812998e-09, 2.70176303552e-09, 5.0301891541e-09, 7.26595938971e-09, 4.35840608048e-09, 1.04402216039e-11]
    },
    "erbbands": {
        "dmean": [0.00658080959693, 0.122683629394, 0.775204658508, 3.18714356422, 9.68248748779, 11.6510105133, 9.17572498322, 8.50506210327, 15.4620466232, 17.9824104309, 15.499250412, 8.48292922974, 4.30599117279, 3.59022855759, 3.33778262138, 4.10080766678, 3.67003178596, 6.58697748184, 3.83774161339, 1.01972544193, 0.349915444851, 0.248056292534, 0.65938347578, 0.706376671791, 0.997999846935, 1.56572473049, 0.754635751247, 0.566134154797, 0.550673007965, 0.448433756828, 0.372016221285, 0.414403021336, 0.33152037859, 0.199702635407, 0.187876611948, 0.146104156971, 0.0310358963907, 0.00328049203381, 0.000117167706776, 9.72050020209e-06],
        "dmean2": [0.00870663393289, 0.149751216173, 0.972415208817, 4.79953289032, 15.1036596298, 17.0081348419, 14.173374176, 12.1778326035, 22.3673152924, 25.1503124237, 21.3824138641, 10.6989192963, 5.55299568176, 5.26468229294, 4.71445417404, 5.76730155945, 5.43368673325, 10.6750020981, 6.13459157944, 1.46295011044, 0.515182673931, 0.355532824993, 0.952708005905, 1.07081377506, 1.56877613068, 2.46947407722, 1.15907597542, 0.895688593388, 0.839792609215, 0.667736828327, 0.529291033745, 0.631565034389, 0.50457829237, 0.324908137321, 0.287061333656, 0.217264190316, 0.0468224473298, 0.00494351517409, 0.000179040129296, 1.39123503686e-05],
        "dvar": [0.00152175058611, 0.288666546345, 9.42638397217, 91.0822296143, 623.885620117, 862.229980469, 609.659729004, 392.279754639, 1316.39086914, 2177.85400391, 2806.14086914, 619.860534668, 99.7854156494, 271.696655273, 223.666122437, 328.817108154, 168.128616333, 1598.63720703, 370.197540283, 20.0710067749, 1.49962580204, 0.517778813839, 3.18712091446, 2.88643407822, 12.368262291, 78.6742019653, 6.16451311111, 5.51043748856, 4.21866989136, 1.5380666256, 1.12526929379, 1.26296472549, 0.935454666615, 0.59251087904, 0.296347618103, 0.0883601605892, 0.00417474703863, 5.17614716955e-05, 6.5166908314e-08, 2.58369103889e-10],
        "dvar2": [0.00348133570515, 0.557988345623, 18.7952518463, 215.515594482, 1778.45239258, 1795.3605957, 1330.58898926, 800.57421875, 2636.26367188, 4635.44824219, 5362.32861328, 986.774230957, 166.784851074, 727.398498535, 478.388702393, 669.56036377, 414.265869141, 4794.10351562, 1004.98864746, 40.7123527527, 3.56927061081, 1.02348482609, 6.90082883835, 6.53386354446, 31.5199451447, 214.653366089, 13.9129228592, 12.4804801941, 9.75254631042, 3.30342507362, 1.9582413435, 2.97259092331, 2.27179694176, 1.49578368664, 0.728683710098, 0.205688625574, 0.00960165448487, 0.000129102380015, 1.60559395113e-07, 5.6824672745e-10],
        "max": [0.727164745331, 8.97656726837, 42.4514732361, 191.922561646, 318.009857178, 512.234008789, 350.931976318, 417.734100342, 495.704498291, 830.11730957, 1044.73449707, 540.708435059, 173.826583862, 370.773803711, 395.727783203, 494.543762207, 231.617446899, 879.610900879, 366.56439209, 115.846626282, 20.1062507629, 14.7442550659, 25.1938266754, 23.6741218567, 60.7088661194, 229.201797485, 42.1722297668, 37.9772109985, 30.6495628357, 22.53490448, 20.082818985, 16.3164997101, 15.3494443893, 10.6990890503, 7.407330513, 3.70380163193, 1.00069761276, 0.0954284518957, 0.00270872539841, 0.000191193292267],
        "mean": [0.0142308091745, 0.306628316641, 2.00261759758, 7.09968566895, 18.6810932159, 25.2814369202, 21.9614868164, 25.5855922699, 39.1782302856, 37.7407875061, 30.0913543701, 17.4166793823, 9.50363636017, 5.91173839569, 5.0552983284, 6.00973081589, 5.5486946106, 8.31208992004, 4.87454509735, 1.58656716347, 0.528092861176, 0.427416831255, 0.935221552849, 0.984204053879, 1.28591251373, 1.92288160324, 0.992828845978, 0.690055191517, 0.740644454956, 0.706012606621, 0.563783347607, 0.601409673691, 0.476937830448, 0.265136778355, 0.268514811993, 0.232286155224, 0.0497951097786, 0.00526945572346, 0.000191121958778, 3.09773204208e-05],
        "median": [0.000118771480629, 0.00213116593659, 0.0650258138776, 0.621550858021, 1.0685864687, 2.64399409294, 8.11424922943, 14.2856998444, 22.0656471252, 12.3898172379, 3.65600800514, 1.75725114346, 3.9496088028, 2.50258827209, 1.34699034691, 1.17425918579, 0.884027540684, 1.70099723339, 0.7401445508, 0.357696652412, 0.130065411329, 0.099707275629, 0.0568633191288, 0.038045424968, 0.0235395655036, 0.0584751330316, 0.0399940796196, 0.0240918193012, 0.0348897948861, 0.0518096536398, 0.0431301407516, 0.0310546122491, 0.0265457965434, 0.0113141974434, 0.0187677573413, 0.0147181125358, 0.0030454446096, 0.000288136972813, 2.31528301811e-05, 1.84632681339e-05],
        "min": [5.46533639376e-22, 1.46944243443e-21, 9.66409326812e-21, 3.2707865256e-20, 3.4162959964e-20, 6.05685684448e-20, 1.27875815449e-19, 1.28277592582e-19, 2.54444375336e-19, 5.12887393453e-19, 1.15185944614e-18, 6.8901870279e-19, 1.32298222856e-18, 1.73640534096e-18, 2.10568482259e-18, 3.14114992697e-18, 3.87309165214e-18, 6.23763003292e-18, 3.78501470128e-18, 4.75686134475e-18, 6.93574275936e-18, 8.53595715516e-18, 7.58717685666e-18, 1.23524411157e-17, 1.39299250018e-17, 1.45773691934e-17, 1.23727103494e-17, 2.01940810626e-17, 1.85963949444e-17, 1.42369148882e-17, 1.68570326395e-17, 1.98183723197e-17, 1.59648223959e-17, 1.15248725554e-17, 9.49123082147e-18, 6.2250701225e-18, 3.08907042881e-18, 1.15676245582e-18, 3.00439107063e-19, 3.31940115805e-20],
        "stdev": [0.0592945069075, 0.972738742828, 5.44354104996, 16.2600078583, 34.0763626099, 46.9256362915, 37.5905265808, 35.7629241943, 56.356590271, 72.111907959, 97.5025253296, 49.1049537659, 17.1770935059, 16.7401161194, 18.3389148712, 26.3658294678, 15.4532775879, 33.3037490845, 19.4227848053, 5.65842723846, 1.45068502426, 1.12422084808, 2.45452165604, 2.28960037231, 3.8493206501, 7.95830917358, 3.19304323196, 2.87771224976, 2.45768737793, 1.66459059715, 1.56735229492, 1.43520891666, 1.17739224434, 0.917291760445, 0.652523338795, 0.422368228436, 0.0914474353194, 0.00991085916758, 0.000340520462487, 3.17778503813e-05],
        "var": [0.00351583841257, 0.946220636368, 29.6321411133, 264.3878479, 1161.19848633, 2202.01538086, 1413.04760742, 1278.98681641, 3176.06542969, 5200.12695312, 9506.74316406, 2411.29638672, 295.05255127, 280.23147583, 336.315826416, 695.156921387, 238.80380249, 1109.13977051, 377.244598389, 32.0177993774, 2.10448718071, 1.26387250423, 6.02467632294, 5.24226999283, 14.8172702789, 63.3346824646, 10.1955251694, 8.28122711182, 6.04022693634, 2.77086186409, 2.45659303665, 2.05982446671, 1.38625252247, 0.841424226761, 0.425786733627, 0.178394913673, 0.00836263317615, 9.82251222013e-05, 1.15954193802e-07, 1.00983177376e-09]
    },
    "gfcc": {
        "mean": [-151.777206421, 137.321990967, -99.3711166382, -38.1487197876, -77.9873657227, -22.9694728851, -60.5130271912, -17.4774951935, -31.5181617737, 0.716979026794, -10.8240633011, -6.27181053162, -12.0657119751],
        "cov": [[26476.5449219, -4670.18652344, 4176.70703125, 4365.99169922, -1183.59631348, 2672.08740234, 76.9171524048, 1391.42749023, -1598.68200684, 1033.50219727, -1713.1541748, -239.036834717, -2143.59863281], [-4670.18652344, 2985.99047852, -1560.75219727, -1612.22509766, 434.518768311, -903.77532959, -78.1406555176, -499.567443848, 488.721832275, -430.315124512, 559.568664551, -11.8805999756, 661.997558594], [4176.70703125, -1560.75219727, 2662.67211914, 1969.08508301, 139.36177063, 1329.71411133, 332.191741943, 551.054504395, -337.450744629, 355.312927246, -588.887939453, -41.9632873535, -635.841308594], [4365.99169922, -1612.22509766, 1969.08508301, 1958.40185547, 35.2287864685, 1111.24536133, 309.245269775, 558.711853027, -274.766052246, 379.235626221, -445.750091553, -44.7010345459, -523.449645996], [-1183.59631348, 434.518768311, 139.36177063, 35.2287864685, 339.173675537, 36.8704681396, 98.8118972778, 37.0587997437, 115.719268799, -11.4553470612, 66.4095535278, -2.70555233955, 61.258972168], [2672.08740234, -903.77532959, 1329.71411133, 1111.24536133, 36.8704681396, 870.188842773, 222.3021698, 344.348022461, -161.279220581, 224.222305298, -285.981536865, -28.6857643127, -329.510162354], [76.9171524048, -78.1406555176, 332.191741943, 309.245269775, 98.8118972778, 222.3021698, 251.469482422, 145.160964966, 18.8422985077, 70.6855163574, -8.60128879547, 4.36521959305, -52.6112747192], [1391.42749023, -499.567443848, 551.054504395, 558.711853027, 37.0587997437, 344.348022461, 145.160964966, 278.208099365, -57.8558197021, 145.632263184, -110.079681396, -0.692673206329, -158.598388672], [-1598.68200684, 488.721832275, -337.450744629, -274.766052246, 115.719268799, -161.279220581, 18.8422985077, -57.8558197021, 256.10546875, -26.2750377655, 177.758010864, 51.7465591431, 211.502105713], [1033.50219727, -430.315124512, 355.312927246, 379.235626221, -11.4553470612, 224.222305298, 70.6855163574, 145.632263184, -26.2750377655, 208.183105469, -46.4962043762, 11.1191129684, -92.5962371826], [-1713.1541748, 559.568664551, -588.887939453, -445.750091553, 66.4095535278, -285.981536865, -8.60128879547, -110.079681396, 177.758010864, -46.4962043762, 285.274475098, 36.1319313049, 229.415603638], [-239.036834717, -11.8805999756, -41.9632873535, -44.7010345459, -2.70555233955, -28.6857643127, 4.36521959305, -0.692673206329, 51.7465591431, 11.1191129684, 36.1319313049, 90.1531524658, 45.1272659302], [-2143.59863281, 661.997558594, -635.841308594, -523.449645996, 61.258972168, -329.510162354, -52.6112747192, -158.598388672, 211.502105713, -92.5962371826, 229.415603638, 45.1272659302, 348.448059082]],
        "icov": [[0.000232947160839, -0.00049448129721, 0.00033923832234, -0.000452152395155, 0.000820404849946, -0.0003514069831, 0.000597430102061, -0.000657392200083, 0.000559610663913, -0.000670272856951, 0.000521039881278, -0.000498003966641, 0.000830394972581], [-0.00049448129721, 0.00242438307032, -0.000864035449922, 0.00160382140893, -0.0029574916698, 0.000707633327693, -0.00171511503868, 0.00204482511617, -0.00182825629599, 0.00246749492362, -0.00172566366382, 0.00224648998119, -0.00234376662411], [0.00033923832234, -0.000864035449922, 0.00353317311965, -0.00199331459589, -0.000329505797708, -0.00278967991471, 0.000786157499533, 0.00014520160039, 0.00127894280013, -0.00143194326665, 0.00291548809037, -0.00221819174476, 0.00199689855799], [-0.000452152395155, 0.00160382140893, -0.00199331459589, 0.00441244663671, -0.00173898471985, -0.000258101092186, -0.00150281295646, -0.000524983217474, -0.00122102652676, 0.000616661971435, -0.00104719097726, 0.00221984041855, -0.00193465081975], [0.000820404849946, -0.0029574916698, -0.000329505797708, -0.00173898471985, 0.00911803077906, -0.000102640442492, 0.00144136452582, -0.00394921051338, 3.05904140987e-05, -0.00191159592941, 0.000808174780104, -0.000805714342277, 0.0032179064583], [-0.0003514069831, 0.000707633327693, -0.00278967991471, -0.000258101092186, -0.000102640442492, 0.00701037421823, -0.00207552267238, -0.00030166117358, -0.00156273564789, 0.000720749376342, -0.000879119266756, 0.00187796331011, -0.00131207052618], [0.000597430102061, -0.00171511503868, 0.000786157499533, -0.00150281295646, 0.00144136452582, -0.00207552267238, 0.00886751990765, -0.00467863306403, 0.00119278382044, -0.00124220817816, -0.000601134845056, -0.0017305543879, 0.00266980170272], [-0.000657392200083, 0.00204482511617, 0.00014520160039, -0.000524983217474, -0.00394921051338, -0.00030166117358, -0.00467863306403, 0.0136844357476, -0.00227745203301, -0.000543412636034, -0.000792405917309, 0.00056040333584, -0.000834436272271], [0.000559610663913, -0.00182825629599, 0.00127894280013, -0.00122102652676, 3.05904140987e-05, -0.00156273564789, 0.00119278382044, -0.00227745203301, 0.0127725414932, -0.00299729197286, -0.000601170177106, -0.00483225984499, -0.00245169922709], [-0.000670272856951, 0.00246749492362, -0.00143194326665, 0.000616661971435, -0.00191159592941, 0.000720749376342, -0.00124220817816, -0.000543412636034, -0.00299729197286, 0.0120771694928, -0.00468787830323, 0.00152468436863, -0.00199745409191], [0.000521039881278, -0.00172566366382, 0.00291548809037, -0.00104719097726, 0.000808174780104, -0.000879119266756, -0.000601134845056, -0.000792405917309, -0.000601170177106, -0.00468787830323, 0.0133874481544, -0.00239285081625, -0.000579149927944], [-0.000498003966641, 0.00224648998119, -0.00221819174476, 0.00221984041855, -0.000805714342277, 0.00187796331011, -0.0017305543879, 0.00056040333584, -0.00483225984499, 0.00152468436863, -0.00239285081625, 0.0159891266376, -0.00329033890739], [0.000830394972581, -0.00234376662411, 0.00199689855799, -0.00193465081975, 0.0032179064583, -0.00131207052618, 0.00266980170272, -0.000834436272271, -0.00245169922709, -0.00199745409191, -0.000579149927944, -0.00329033890739, 0.0131503315642]]
    },
    "melbands": {
        "dmean": [8.87022906682e-05, 0.000331133167492, 0.000724218261894, 0.000790246238466, 0.000339507852914, 0.000201890434255, 0.000245402508881, 0.000194415653823, 0.000120322816656, 4.97236760566e-05, 2.1085363187e-05, 1.40260799526e-05, 1.12920215543e-05, 1.09859383883e-05, 9.49493187363e-06, 9.43799477682e-06, 1.33977928272e-05, 6.89417583999e-06, 3.08586163555e-06, 5.55894757781e-07, 3.96780507117e-07, 2.61433399373e-07, 3.92085098611e-07, 7.70494921198e-07, 5.68505072351e-07, 6.01768078923e-07, 9.99311623673e-07, 1.10363498607e-06, 5.40910889413e-07, 3.90154696106e-07, 3.27250802457e-07, 3.05870031525e-07, 3.46707253129e-07, 2.41480819341e-07, 2.39460774765e-07, 1.86214535347e-07, 3.02639392658e-07, 2.68383473667e-07, 1.65741113278e-07, 1.82734723353e-07],
        "dmean2": [0.000110858258267, 0.000418444513343, 0.00111801549792, 0.00118592416402, 0.000519111927133, 0.000292275188258, 0.000350163958501, 0.000271648459602, 0.000164357858011, 6.29047717666e-05, 2.7397833037e-05, 2.08705732803e-05, 1.64219327417e-05, 1.64192060765e-05, 1.31687802423e-05, 1.43369270518e-05, 2.18081950152e-05, 1.12118259494e-05, 4.60032470073e-06, 8.53819983604e-07, 6.08111577094e-07, 3.86340559544e-07, 5.88916520883e-07, 1.13083035558e-06, 8.82187805473e-07, 9.56546273301e-07, 1.56437499754e-06, 1.74028673428e-06, 8.46076090966e-07, 6.48802881642e-07, 5.13496104304e-07, 4.71661081747e-07, 5.38889935342e-07, 3.61926822734e-07, 3.43170910355e-07, 2.81908882016e-07, 4.58575868834e-07, 4.0692250991e-07, 2.60108407701e-07, 3.05357929165e-07],
        "dvar": [2.19112919808e-07, 1.38440168485e-06, 3.67953657587e-06, 3.22051846524e-06, 6.89523176334e-07, 1.94807441289e-07, 3.03847798477e-07, 2.97437509289e-07, 1.69504133396e-07, 2.17654747559e-08, 2.44181164177e-09, 4.46410330923e-09, 2.35561481432e-09, 2.22592655419e-09, 2.42478059853e-09, 1.5587776625e-09, 6.8199383918e-09, 1.24216470443e-09, 2.53525617167e-10, 4.16077545681e-12, 2.24933635086e-12, 6.32621234044e-13, 2.00730491257e-12, 4.33292984825e-12, 2.06979398898e-12, 6.16948939852e-12, 1.56221632852e-11, 3.6970884687e-11, 2.92813906802e-12, 2.67043960729e-12, 2.09283285146e-12, 1.39634712213e-12, 1.57652547701e-12, 4.21333242817e-13, 4.64272446443e-13, 2.98789042553e-13, 6.65854686926e-13, 5.94185562298e-13, 3.08398353513e-13, 5.92219578498e-13],
        "dvar2": [4.48850045132e-07, 2.78964853351e-06, 9.87260045804e-06, 7.4628146649e-06, 1.5125523305e-06, 3.97226131099e-07, 6.10197332662e-07, 6.28979648809e-07, 3.09957925992e-07, 3.37368391001e-08, 4.15162126899e-09, 1.19085754591e-08, 5.49587086951e-09, 5.66936941837e-09, 3.38326677785e-09, 4.28888080606e-09, 2.02738377197e-08, 3.30892979683e-09, 4.73592554062e-10, 9.51514821795e-12, 5.57707439258e-12, 1.37474027388e-12, 4.94590132738e-12, 8.81827423582e-12, 4.68692662806e-12, 1.69493551139e-11, 4.07586846218e-11, 9.90978479831e-11, 6.96529075736e-12, 6.84269307882e-12, 4.73436654463e-12, 3.07795954523e-12, 4.20749459579e-12, 8.45157656967e-13, 8.12633814407e-13, 6.17899069584e-13, 1.59616742566e-12, 1.48186909792e-12, 7.04795054783e-13, 1.54316197407e-12],
        "max": [0.00863419473171, 0.0158812254667, 0.0293326191604, 0.0293739568442, 0.0113811995834, 0.0080766165629, 0.00637546833605, 0.010908623226, 0.00810334924608, 0.002953853691, 0.00085849640891, 0.00149233848788, 0.000994238303974, 0.000782829185482, 0.00170779239852, 0.000815538631286, 0.00184968265239, 0.000617665122263, 0.000415080023231, 4.33990353486e-05, 3.0255117963e-05, 1.34694628287e-05, 3.14154494845e-05, 3.53908653778e-05, 2.0474255507e-05, 5.2197407058e-05, 7.62597483117e-05, 0.000156751426402, 2.46135205089e-05, 2.47165080509e-05, 2.19092380576e-05, 1.49716788655e-05, 2.4447153919e-05, 9.75107468548e-06, 1.35800983116e-05, 6.76059289617e-06, 1.23996387629e-05, 1.32633131216e-05, 7.44593990021e-06, 1.20367913041e-05],
        "mean": [0.000209249643376, 0.000857823586557, 0.00156016123947, 0.00164453941397, 0.000797584187239, 0.000617740442976, 0.000611489871517, 0.000382864411222, 0.00024206568196, 9.93858920992e-05, 4.37185590272e-05, 2.18741824938e-05, 1.74792239704e-05, 1.3710422536e-05, 1.54493009177e-05, 1.29202471726e-05, 1.60422659974e-05, 8.01657097327e-06, 4.43669068773e-06, 7.36407912427e-07, 5.59355555652e-07, 4.25732196163e-07, 5.45321483969e-07, 1.03008630958e-06, 7.52618234401e-07, 7.34535603897e-07, 1.22124629343e-06, 1.30342777993e-06, 6.83792961809e-07, 4.22230812092e-07, 3.90815785067e-07, 3.88673441876e-07, 4.71266361046e-07, 3.64606279391e-07, 3.46711487964e-07, 2.64189282007e-07, 4.17239846229e-07, 3.69639508335e-07, 2.35831279838e-07, 2.1689631069e-07],
        "median": [7.01346749565e-08, 1.39184503496e-05, 0.000191111757886, 0.000138944291393, 0.000232209713431, 0.000361564394552, 0.000332696537953, 0.000106640225567, 2.38689754042e-05, 1.04042537714e-05, 1.79458565981e-05, 8.78020273376e-06, 5.92561764279e-06, 3.04743798551e-06, 2.46000058723e-06, 1.96032351596e-06, 3.02944158648e-06, 1.06619813778e-06, 8.392026416e-07, 1.92378692532e-07, 1.44789424894e-07, 1.14247661998e-07, 5.1589040595e-08, 3.93890644546e-08, 2.90357782262e-08, 1.43035929767e-08, 1.76773546912e-08, 4.04886009164e-08, 2.32094663488e-08, 1.11609788078e-08, 7.86680320886e-09, 1.46527865397e-08, 1.74500911498e-08, 2.601482052e-08, 2.65794142251e-08, 1.12140350339e-08, 1.37989140114e-08, 1.5186019553e-08, 6.79468925568e-09, 5.94985927194e-09],
        "min": [4.06506572006e-24, 6.35587321818e-24, 5.18439386911e-24, 3.7223518051e-24, 4.27748584588e-24, 3.21847439607e-24, 2.73619244875e-24, 6.84121870683e-24, 1.01231506518e-23, 3.88334411636e-24, 6.58813043476e-24, 6.59855010402e-24, 6.86493896538e-24, 7.74024167088e-24, 7.2136052303e-24, 8.43862733002e-24, 1.19886899413e-23, 4.90398418845e-24, 5.73876350367e-24, 7.71264179439e-24, 7.30699689515e-24, 7.7034018666e-24, 6.66690016829e-24, 7.79676749904e-24, 9.51760682149e-24, 8.23478251667e-24, 1.05351624474e-23, 6.84004251522e-24, 5.49519599387e-24, 9.05769460286e-24, 8.5466555201e-24, 9.87058657784e-24, 6.57553508711e-24, 7.99307237986e-24, 9.54290559072e-24, 1.03945661349e-23, 1.283740409e-23, 1.08453204673e-23, 1.04887379832e-23, 9.36394145032e-24],
        "stdev": [0.000804916198831, 0.00206374796107, 0.00298506929539, 0.00271129631437, 0.00129526492674, 0.000806224474218, 0.000849611999001, 0.000816021347418, 0.000822669884656, 0.000285375164822, 8.27466064948e-05, 6.78122232785e-05, 5.69467010791e-05, 4.9300128012e-05, 8.96227211342e-05, 3.91009780287e-05, 6.84758852003e-05, 3.43705360137e-05, 1.98501511477e-05, 2.25073017646e-06, 1.69239547176e-06, 1.1735097587e-06, 1.65799690421e-06, 2.74060994343e-06, 1.87852310773e-06, 2.49017853093e-06, 4.03422336603e-06, 5.57862676942e-06, 2.1406756332e-06, 1.80601102784e-06, 1.73063938291e-06, 1.45824878928e-06, 1.28987016978e-06, 8.88444390057e-07, 9.83463223747e-07, 7.58582530125e-07, 1.02556646198e-06, 9.00483939859e-07, 7.42329518744e-07, 8.44156033963e-07],
