{
"lowlevel": {
    "average_loudness": 0.960233807564,
    "barkbands_crest": {
        "dmean": 2.41636633873,
        "dmean2": 3.80591773987,
        "dvar": 5.66741704941,
        "dvar2": 12.5600633621,
        "max": 24.6485671997,
        "mean": 11.2376976013,
        "median": 10.8909835815,
        "min": 2.39059972763,
        "stdev": 3.64777445793,
        "var": 13.3062582016
    },
    "barkbands_flatness_db": {
        "dmean": 0.0274688918144,
        "dmean2": 0.0396899729967,
        "dvar": 0.000784668838605,
        "dvar2": 0.00159819948021,
        "max": 0.396070957184,
        "mean": 0.201967433095,
        "median": 0.191349476576,
        "min": 0.033375505358,
        "stdev": 0.0809996426105,
        "var": 0.0065609421581
    },
    "barkbands_kurtosis": {
        "dmean": 4.46652603149,
        "dmean2": 6.72856760025,
        "dvar": 56.0205230713,
        "dvar2": 117.592216492,
        "max": 86.6254043579,
        "mean": 6.82875728607,
        "median": 4.3295378685,
        "min": -1.88673567772,
        "stdev": 9.81577205658,
        "var": 96.3493881226
    },
    "barkbands_skewness": {
        "dmean": 0.662654697895,
        "dmean2": 0.95978307724,
        "dvar": 0.498762607574,
        "dvar2": 0.932628452778,
        "max": 8.29769134521,
        "mean": 2.06097912788,
        "median": 1.8815459013,
        "min": -2.30067014694,
        "stdev": 1.19137382507,
        "var": 1.41937160492
    },
    "barkbands_spread": {
        "dmean": 7.53742837906,
        "dmean2": 11.0070915222,
        "dvar": 110.69908905,
        "dvar2": 237.786575317,
        "max": 101.754493713,
        "mean": 19.5514583588,
        "median": 13.317492485,
        "min": 1.5984095335,
        "stdev": 16.4370746613,
        "var": 270.177398682
    },
    "dissonance": {
        "dmean": 0.03354915604,
        "dmean2": 0.0551611445844,
        "dvar": 0.000976769253612,
        "dvar2": 0.00253106467426,
        "max": 0.497892975807,
        "mean": 0.430473059416,
        "median": 0.437034666538,
        "min": 0.072034701705,
        "stdev": 0.0433128029108,
        "var": 0.00187599903438
    },
    "dynamic_complexity": 1.87972426414,
    "erbbands_crest": {
        "dmean": 3.23251342773,
        "dmean2": 5.02830553055,
        "dvar": 8.83096408844,
        "dvar2": 18.9360847473,
        "max": 28.0096130371,
        "mean": 12.2050380707,
        "median": 11.5174465179,
        "min": 2.71112751961,
        "stdev": 5.16195678711,
        "var": 26.6457977295
    },
    "erbbands_flatness_db": {
        "dmean": 0.024669745937,
        "dmean2": 0.0356931872666,
        "dvar": 0.00071189441951,
        "dvar2": 0.00137425248977,
        "max": 0.408169418573,
        "mean": 0.187662273645,
        "median": 0.164557754993,
        "min": 0.0575579591095,
        "stdev": 0.0818585380912,
        "var": 0.00670082028955
    },
    "erbbands_kurtosis": {
        "dmean": 2.25838112831,
        "dmean2": 3.51078724861,
        "dvar": 8.11180973053,
        "dvar2": 18.4857616425,
        "max": 33.7110748291,
        "mean": 2.82944345474,
        "median": 1.76611280441,
        "min": -1.80593895912,
        "stdev": 4.14979076385,
        "var": 17.2207622528
    },
    "erbbands_skewness": {
        "dmean": 0.554996967316,
        "dmean2": 0.800208628178,
        "dvar": 0.271585077047,
        "dvar2": 0.539914011955,
        "max": 4.49141263962,
        "mean": 1.15521502495,
        "median": 1.19506633282,
        "min": -2.0995900631,
        "stdev": 0.970889389515,
        "var": 0.942626178265
    },
    "erbbands_spread": {
        "dmean": 12.5175943375,
        "dmean2": 19.2333908081,
        "dvar": 232.797698975,
        "dvar2": 513.698059082,
        "max": 149.330734253,
        "mean": 37.0922241211,
        "median": 29.3253154755,
        "min": 4.24415588379,
        "stdev": 27.0017738342,
        "var": 729.095825195
    },
    "hfc": {
        "dmean": 11.2723093033,
        "dmean2": 17.0826320648,
        "dvar": 331.405456543,
        "dvar2": 786.340454102,
        "max": 170.901031494,
        "mean": 22.3933486938,
        "median": 13.2838287354,
        "min": 1.19977981814e-16,
        "stdev": 22.9652042389,
        "var": 527.400634766
    },
    "loudness_ebu128": {
        "integrated": -9.53324699402,
        "loudness_range": 4.05170154572,
        "momentary": {
            "dmean": 0.509081482887,
            "dmean2": 0.583772718906,
            "dvar": 0.277116537094,
            "dvar2": 0.247998893261,
            "max": -6.64655017853,
            "mean": -10.0261068344,
            "median": -9.85371303558,
            "min": -21.3964176178,
            "stdev": 2.19256830215,
            "var": 4.8073554039
        },
        "short_term": {
            "dmean": 0.0547701641917,
            "dmean2": 0.0590190440416,
            "dvar": 0.00364039442502,
            "dvar2": 0.00335618341342,
            "max": -7.97425794601,
            "mean": -9.89070606232,
            "median": -10.0393180847,
            "min": -12.5130596161,
            "stdev": 1.62896847725,
            "var": 2.65353822708
        }
    },
    "melbands_crest": {
        "dmean": 3.47536444664,
        "dmean2": 5.27804994583,
        "dvar": 12.2498483658,
        "dvar2": 25.6978321075,
        "max": 37.6571311951,
        "mean": 22.2359447479,
        "median": 22.2113075256,
        "min": 2.51153922081,
        "stdev": 8.29992485046,
        "var": 68.8887557983
    },
    "melbands_flatness_db": {
        "dmean": 0.0314597077668,
        "dmean2": 0.0430057048798,
        "dvar": 0.00103617971763,
        "dvar2": 0.00201856577769,
        "max": 0.473278403282,
        "mean": 0.265592992306,
        "median": 0.260497719049,
        "min": 0.0093839475885,
        "stdev": 0.0866016596556,
        "var": 0.00749984802678
    },
    "melbands_kurtosis": {
        "dmean": 10.5710582733,
        "dmean2": 16.06599617,
        "dvar": 526.704711914,
        "dvar2": 1164.67382812,
        "max": 328.942230225,
        "mean": 16.9519920349,
        "median": 10.2600479126,
        "min": -1.7788285017,
        "stdev": 26.6347789764,
        "var": 709.411499023
    },
    "melbands_skewness": {
        "dmean": 0.897391796112,
        "dmean2": 1.3180129528,
        "dvar": 1.15395998955,
        "dvar2": 2.31814694405,
        "max": 15.1519527435,
        "mean": 2.86571383476,
        "median": 2.53926753998,
        "min": -0.518835961819,
        "stdev": 1.71858668327,
        "var": 2.95354032516
    },
    "melbands_spread": {
        "dmean": 6.68579721451,
        "dmean2": 9.58917999268,
        "dvar": 144.548248291,
        "dvar2": 267.521453857,
        "max": 245.937286377,
        "mean": 16.9855213165,
        "median": 12.9509115219,
        "min": 1.68691182137,
        "stdev": 16.3262023926,
        "var": 266.544891357
    },
    "pitch_salience": {
        "dmean": 0.0735223293304,
        "dmean2": 0.111659407616,
        "dvar": 0.0051125921309,
        "dvar2": 0.0119540086016,
        "max": 0.953900158405,
        "mean": 0.437757402658,
        "median": 0.433474302292,
        "min": 0.123662173748,
        "stdev": 0.129831165075,
        "var": 0.0168561302125
    },
    "silence_rate_20dB": {
        "dmean": 0,
        "dmean2": 0,
        "dvar": 0,
        "dvar2": 0,
        "max": 1,
        "mean": 1,
        "median": 1,
        "min": 1,
        "stdev": 0,
        "var": 0
    },
    "silence_rate_30dB": {
        "dmean": 0.0247678011656,
        "dmean2": 0.0495739728212,
        "dvar": 0.0241548381746,
        "dvar2": 0.0471156202257,
        "max": 1,
        "mean": 0.960556864738,
        "median": 1,
        "min": 0,
        "stdev": 0.194648087025,
        "var": 0.0378878749907
    },
    "silence_rate_60dB": {
        "dmean": 0.00541795650497,
        "dmean2": 0.0108443070203,
        "dvar": 0.00538868410513,
        "dvar2": 0.0122757274657,
        "max": 1,
        "mean": 0.0201082751155,
        "median": 0,
        "min": 0,
        "stdev": 0.140370756388,
        "var": 0.0197039488703
    },
    "spectral_centroid": {
        "dmean": 304.807769775,
        "dmean2": 423.753143311,
        "dvar": 224532.921875,
        "dvar2": 351152.5,
        "max": 10570.2304688,
        "mean": 1132.55444336,
        "median": 935.326171875,
        "min": 246.29914856,
        "stdev": 677.656066895,
        "var": 459217.78125
    },
    "spectral_complexity": {
        "dmean": 4.54334354401,
        "dmean2": 6.37722682953,
        "dvar": 40.5096588135,
        "dvar2": 75.4183731079,
        "max": 60,
        "mean": 13.3820571899,
        "median": 11,
        "min": 0,
        "stdev": 8.86634159088,
        "var": 78.6120071411
    },
    "spectral_decrease": {
        "dmean": 2.91232793437e-09,
        "dmean2": 4.18806589408e-09,
        "dvar": 2.7520103765e-17,
        "dvar2": 4.46035572449e-17,
        "max": -3.22953249075e-30,
        "mean": -1.1209759343e-08,
        "median": -1.0021195429e-08,
        "min": -5.81208823291e-08,
        "stdev": 8.62522231415e-09,
        "var": 7.4394467006e-17
    },
    "spectral_energy": {
        "dmean": 0.0116727696732,
        "dmean2": 0.0168221145868,
        "dvar": 0.000408647640143,
        "dvar2": 0.000672673922963,
        "max": 0.222049832344,
        "mean": 0.044339414686,
        "median": 0.0398227497935,
        "min": 1.08945389696e-20,
        "stdev": 0.0331267677248,
        "var": 0.00109738274477
    },
    "spectral_energyband_high": {
        "dmean": 0.00105820503086,
        "dmean2": 0.00159474438988,
        "dvar": 4.33382638221e-06,
        "dvar2": 9.98854102363e-06,
        "max": 0.0175145044923,
        "mean": 0.00139213609509,
        "median": 0.00036336312769,
        "min": 8.14674190991e-21,
        "stdev": 0.00244373269379,
        "var": 5.97182952333e-06
    },
    "spectral_energyband_low": {
        "dmean": 0.00692800339311,
        "dmean2": 0.00985743477941,
        "dvar": 0.000377194199245,
        "dvar2": 0.000645261723548,
        "max": 0.204891458154,
        "mean": 0.0259766448289,
        "median": 0.0233027264476,
        "min": 5.60137627728e-23,
        "stdev": 0.0291880071163,
        "var": 0.000851939723361
    },
    "spectral_energyband_middle_high": {
        "dmean": 0.00174082245212,
        "dmean2": 0.00261161057279,
        "dvar": 7.66254106566e-06,
        "dvar2": 1.6226858861e-05,
        "max": 0.0471304059029,
        "mean": 0.00311594689265,
        "median": 0.00163058657199,
        "min": 1.56590843537e-21,
        "stdev": 0.00404593860731,
        "var": 1.63696204254e-05
    },
    "spectral_energyband_middle_low": {
        "dmean": 0.00676841055974,
        "dmean2": 0.0108495727181,
        "dvar": 0.000183498603292,
        "dvar2": 0.000506929820403,
        "max": 0.143582761288,
        "mean": 0.013204487972,
        "median": 0.00946612935513,
        "min": 3.0116644439e-22,
        "stdev": 0.0134004876018,
        "var": 0.000179573064088
    },
    "spectral_entropy": {
        "dmean": 0.24916473031,
        "dmean2": 0.36629742384,
        "dvar": 0.0706654340029,
        "dvar2": 0.141334652901,
        "max": 9.79599285126,
        "mean": 7.44391202927,
        "median": 7.41956996918,
        "min": 5.88995218277,
        "stdev": 0.58923882246,
        "var": 0.347202390432
    },
    "spectral_flux": {
        "dmean": 0.0331318378448,
        "dmean2": 0.0508754253387,
        "dvar": 0.00189453479834,
        "dvar2": 0.00363947800361,
        "max": 0.478349596262,
        "mean": 0.0958529785275,
        "median": 0.0782628208399,
        "min": 1.04376909893e-10,
        "stdev": 0.0677176192403,
        "var": 0.00458567636088
    },
    "spectral_kurtosis": {
        "dmean": 2.72356033325,
        "dmean2": 4.59975481033,
        "dvar": 13.931303978,
        "dvar2": 42.5886802673,
        "max": 46.395149231,
        "mean": 5.23126459122,
        "median": 3.17866706848,
        "min": -1.27083671093,
        "stdev": 6.11798191071,
        "var": 37.4297027588
    },
    "spectral_rms": {
        "dmean": 0.000825659139082,
        "dmean2": 0.00117577379569,
        "dvar": 1.27088719637e-06,
        "dvar2": 2.07259336094e-06,
        "max": 0.0147184915841,
        "mean": 0.00616014515981,
        "median": 0.0062330942601,
        "min": 3.26018682537e-12,
        "stdev": 0.0023044529371,
        "var": 5.31050318386e-06
    },
    "spectral_rolloff": {
        "dmean": 664.131835938,
        "dmean2": 1099.59460449,
        "dvar": 2283737.5,
        "dvar2": 4978107.5,
        "max": 17851.0253906,
        "mean": 1182.32995605,
        "median": 624.462890625,
        "min": 43.06640625,
        "stdev": 1835.05712891,
        "var": 3367434.75
    },
    "spectral_skewness": {
        "dmean": 0.363462239504,
        "dmean2": 0.574636161327,
        "dvar": 0.130000948906,
        "dvar2": 0.343853980303,
        "max": 5.03169870377,
        "mean": 1.61902809143,
        "median": 1.53808677197,
        "min": 0.0317736789584,
        "stdev": 0.676825463772,
        "var": 0.458092719316
    },
    "spectral_spread": {
        "dmean": 1050937.75,
        "dmean2": 1491897.25,
        "dvar": 2.43658339123e+12,
        "dvar2": 3.91008039731e+12,
        "max": 41408284,
        "mean": 5498500.5,
        "median": 5238759.5,
        "min": 1407312.25,
        "stdev": 3111935.5,
        "var": 9.68414252237e+12
    },
    "spectral_strongpeak": {
        "dmean": 0.313937932253,
        "dmean2": 0.548057317734,
        "dvar": 0.26835912466,
        "dvar2": 0.61997449398,
        "max": 5.15969562531,
        "mean": 0.664135217667,
        "median": 0.303345799446,
        "min": 0,
        "stdev": 0.831083655357,
        "var": 0.690699994564
    },
    "zerocrossingrate": {
        "dmean": 0.0142587954178,
        "dmean2": 0.0164037533104,
        "dvar": 0.000493417202961,
        "dvar2": 0.000619808793999,
        "max": 0.49658203125,
        "mean": 0.0504617728293,
        "median": 0.0390625,
        "min": 0.00439453125,
        "stdev": 0.0442591384053,
        "var": 0.00195887126029
    },
    "barkbands": {
        "dmean": [0.0023860745132, 0.00537471566349, 0.00295671029016, 0.0016014915891, 0.00219622417353, 0.00117297563702, 0.00271390401758, 0.000677068543155, 0.00117316516116, 0.000774338142946, 0.000250296085142, 0.000297852326185, 0.000170118757524, 0.000165989549714, 0.000173543041456, 0.00013736182882, 0.000140727919643, 0.000105820050521, 0.000176420478965, 0.000156015608809, 0.000174293920281, 0.000233095997828, 0.000218083921936, 0.000190294827917, 0.000176354325959, 0.000104867474874, 1.48807803271e-05],
        "dmean2": [0.00405777618289, 0.00811625272036, 0.00512357382104, 0.0029504802078, 0.0035404257942, 0.00194814614952, 0.00428724754602, 0.00113534799311, 0.0018604620127, 0.0012261015363, 0.0004000767658, 0.000504081021063, 0.000276347040199, 0.000267043680651, 0.000274461519439, 0.000225937459618, 0.000222289148951, 0.000162769327289, 0.000274489895673, 0.00025186088169, 0.000261884415522, 0.000362702965504, 0.000335209595505, 0.000297945225611, 0.000272392673651, 0.000163892284036, 2.43556332862e-05],
        "dvar": [5.80513278692e-06, 0.000303592445562, 0.00020094786305, 5.5757798691e-05, 2.37074909819e-05, 3.45516559719e-06, 2.87469283649e-05, 2.34458934756e-06, 4.56227689938e-06, 4.05455284636e-06, 3.25469386553e-07, 6.07195431712e-07, 2.72539438129e-07, 1.89756093505e-07, 2.0127413336e-07, 1.03624550718e-07, 7.1092614462e-08, 3.84183813651e-08, 1.37172804671e-07, 1.51416870153e-07, 1.92177779468e-07, 2.89237959805e-07, 2.13532644011e-07, 1.45969380583e-07, 1.20041036666e-07, 3.70867709876e-08, 1.07633624236e-09],
        "dvar2": [1.57490230777e-05, 0.000664504710585, 0.000570235599298, 0.000162046708283, 6.09384260315e-05, 8.87966325536e-06, 6.36729382677e-05, 6.18854983259e-06, 1.09534803414e-05, 9.4015022114e-06, 6.42297038667e-07, 1.57427507474e-06, 7.31760906092e-07, 4.82126324641e-07, 5.05783305016e-07, 2.60361247229e-07, 1.71523097947e-07, 8.95404568269e-08, 3.23481202713e-07, 3.86175315725e-07, 4.26596159286e-07, 7.10026995421e-07, 4.94121081829e-07, 3.37986648447e-07, 2.65770637498e-07, 8.86036417569e-08, 2.84080781121e-09],
        "max": [0.0391412749887, 0.187745094299, 0.127790302038, 0.0789647847414, 0.0423299781978, 0.0169690288603, 0.0501237213612, 0.0197117123753, 0.0310517083853, 0.0407398082316, 0.00709417788312, 0.0101516880095, 0.0101827085018, 0.0075429813005, 0.0063576316461, 0.00455971295014, 0.00237525533885, 0.0017237404827, 0.00464257970452, 0.00303615257144, 0.00399780087173, 0.00629622675478, 0.00485808309168, 0.0037505524233, 0.00350849237293, 0.00185948773287, 0.000290465570288],
        "mean": [0.0103132110089, 0.0139353647828, 0.0024614573922, 0.00114401231986, 0.00268612615764, 0.001499109203, 0.0031953281723, 0.00145044340752, 0.00309897307307, 0.00119802937843, 0.000283309083898, 0.00036256594467, 0.000190968130482, 0.00019230718317, 0.000207207922358, 0.000146710750414, 0.000180937931873, 0.000125187594676, 0.000201339629712, 0.000154669760377, 0.000195758431801, 0.000282134860754, 0.000262019253569, 0.000219438734348, 0.000207871780731, 0.000130590982735, 1.43146498885e-05],
        "median": [0.0112818060443, 0.0105483178049, 9.21167520573e-05, 3.45520966221e-05, 0.000556989805773, 0.000721010088455, 0.00101409782656, 0.000624854466878, 0.00194025912788, 0.000195301603526, 7.57932793931e-05, 0.000100014272903, 5.12144870299e-05, 7.17017028364e-05, 7.16293798178e-05, 5.04842755618e-05, 7.34824425308e-05, 3.25750843331e-05, 5.3741481679e-05, 3.53689501935e-05, 3.40648912243e-05, 5.27133197465e-05, 5.54644830117e-05, 2.71998706012e-05, 2.97287006106e-05, 2.25476887863e-05, 1.12986663225e-06],
        "min": [2.09316494586e-23, 2.44494894685e-24, 3.51453720702e-23, 2.3644931809e-23, 2.82792403471e-23, 2.12389723124e-23, 1.52494954024e-23, 5.95075646132e-23, 1.22876306746e-22, 9.49287193004e-23, 5.17560248764e-23, 2.35246475603e-22, 1.1382485361e-22, 1.5025058795e-22, 1.14852821411e-22, 1.2449509981e-22, 1.02684862829e-22, 2.17106158393e-22, 2.26543913558e-22, 2.20185543201e-22, 3.38875156863e-22, 6.16149692872e-22, 7.74901424591e-22, 8.6427408925e-22, 1.15652461312e-21, 2.05232436093e-21, 2.4635993289e-21],
        "stdev": [0.00796627998352, 0.0201009381562, 0.0111608747393, 0.00559318531305, 0.00534862885252, 0.00209779455326, 0.00603777961805, 0.0019672117196, 0.00335493613966, 0.0026800755877, 0.000694087822922, 0.000853714358527, 0.000561958702747, 0.000418273062678, 0.000458862428786, 0.000315196288284, 0.000298161437968, 0.000228071847232, 0.000405847938964, 0.000368797278497, 0.000474189582746, 0.000583690300118, 0.000509722332936, 0.000454567780253, 0.000445927435067, 0.000236618638155, 3.18862912536e-05],
        "var": [6.34616226307e-05, 0.000404047721531, 0.000124565121951, 3.12837219099e-05, 2.86078302452e-05, 4.40074200014e-06, 3.6454781366e-05, 3.86992223866e-06, 1.12555962914e-05, 7.18280534784e-06, 4.81757922444e-07, 7.28828240426e-07, 3.15797592521e-07, 1.74952361931e-07, 2.10554730984e-07, 9.93486963807e-08, 8.89002507165e-08, 5.20167660056e-08, 1.64712545825e-07, 1.36011422569e-07, 2.24855767783e-07, 3.40694356282e-07, 2.59816886228e-07, 2.06631867172e-07, 1.98851282107e-07, 5.59883801543e-08, 1.01673547359e-09]
    },
    "erbbands": {
        "dmean": [0.231459885836, 1.00546514988, 2.81205797195, 4.79932594299, 5.66984128952, 8.6450252533, 7.80229139328, 9.79969501495, 32.1257820129, 32.8872871399, 16.9428157806, 24.2536830902, 22.5642967224, 15.037150383, 11.6282377243, 9.91118907928, 7.62439775467, 7.99027681351, 7.55959844589, 8.67703342438, 7.55243444443, 7.96908998489, 6.04110383987, 6.80143356323, 8.82891941071, 8.16568470001, 6.79901504517, 7.10484218597, 7.80874347687, 7.96876001358, 6.05433511734, 3.76097941399, 3.55136585236, 2.13242030144, 1.24254071712, 0.533076941967, 0.191664606333, 0.0351378805935, 0.00117506657261, 3.72252761736e-05],
        "dmean2": [0.362119704485, 1.48396646976, 4.66527318954, 8.67109775543, 9.72022914886, 13.9121789932, 12.9468631744, 16.1949577332, 50.223400116, 55.915763855, 26.7798709869, 39.172618866, 35.4053611755, 23.8886966705, 18.5267086029, 16.3461704254, 12.3221979141, 12.9686641693, 12.2154684067, 13.6546392441, 12.1329841614, 12.4875774384, 9.32381153107, 10.4961395264, 13.7145166397, 13.4375343323, 10.0318174362, 11.0288610458, 12.07762146, 12.1989889145, 9.38129711151, 5.74771213531, 5.68278646469, 3.29395294189, 1.96446406841, 0.83627051115, 0.30028295517, 0.0559670515358, 0.00187740870751, 5.69183430343e-05],
        "dvar": [0.333697497845, 15.9706335068, 165.334793091, 534.301025391, 318.992492676, 346.382080078, 204.978546143, 247.381378174, 4866.33984375, 5575.11132812, 1054.88684082, 2687.94750977, 2269.98901367, 1198.97570801, 641.124328613, 660.930603027, 534.64453125, 523.499938965, 325.407775879, 413.972808838, 338.012329102, 229.501724243, 131.114349365, 199.653884888, 364.191131592, 481.923126221, 355.478271484, 305.154449463, 347.845489502, 275.61315918, 169.592025757, 62.4402275085, 55.1516609192, 18.7859230042, 6.42178678513, 1.05908453465, 0.117650404572, 0.0044169863686, 5.32880630999e-06, 3.33861183144e-09],
        "dvar2": [0.794120073318, 34.5688438416, 451.378112793, 1519.11315918, 893.076660156, 827.615722656, 550.168762207, 631.83807373, 10391.1132812, 15095.8974609, 2415.08276367, 6441.27441406, 5175.42431641, 2773.65527344, 1448.47631836, 1697.90563965, 1428.34423828, 1364.93127441, 825.785827637, 1010.93951416, 859.725891113, 555.276916504, 314.621520996, 451.451873779, 894.865966797, 1265.42077637, 792.895507812, 717.018676758, 868.288024902, 616.454956055, 399.004394531, 135.922470093, 135.530105591, 41.2855415344, 15.3346843719, 2.49556970596, 0.289427489042, 0.0110092135146, 1.36013177325e-05, 7.94174681573e-09],
        "max": [6.19964027405, 43.3981552124, 124.299766541, 230.846420288, 188.862319946, 221.508270264, 129.176177979, 185.640762329, 845.045654297, 978.997192383, 558.41003418, 915.370178223, 1074.78942871, 538.601501465, 289.455413818, 422.515075684, 441.880645752, 418.928375244, 227.091842651, 320.442840576, 274.280426025, 126.149642944, 100.813171387, 155.130096436, 247.618377686, 179.509140015, 177.712432861, 202.943984985, 236.335449219, 204.184860229, 117.139717102, 89.8445510864, 60.2082214355, 56.3348999023, 32.9818382263, 11.0616474152, 4.03579711914, 0.698269784451, 0.0301776491106, 0.000614055607002],
        "mean": [0.902744591236, 1.27439808846, 2.67501783371, 3.69529747963, 5.96854543686, 10.1271018982, 9.85425949097, 12.9638834, 38.1274147034, 41.0558700562, 46.2136306763, 61.9420204163, 45.0262031555, 22.5071086884, 14.8304176331, 12.4292049408, 9.08975315094, 9.59757804871, 9.32145881653, 10.67856884, 8.43035984039, 10.4319562912, 7.62535476685, 8.5591545105, 9.55062675476, 7.87579441071, 7.15331506729, 8.35198879242, 9.31693172455, 9.86808586121, 7.09305763245, 4.57351732254, 3.86351585388, 2.51863455772, 1.3410102129, 0.627180159092, 0.241824641824, 0.0408874228597, 0.00131876650266, 8.42144800117e-05],
        "median": [0.802648723125, 0.470077335835, 0.172600418329, 0.286797195673, 0.472670644522, 1.74297857285, 4.90989351273, 6.84048509598, 10.547419548, 19.1366024017, 22.823097229, 44.2592315674, 14.8294172287, 6.22120952606, 4.55788040161, 3.77618789673, 2.6242711544, 3.40409994125, 3.53290843964, 4.25328016281, 2.79797267914, 4.24779653549, 2.31960844994, 2.497590065, 2.22621178627, 1.686439991, 1.33964443207, 1.50340056419, 1.75162637234, 1.78862369061, 1.40544998646, 0.636336743832, 0.464813798666, 0.345145642757, 0.163368344307, 0.0939108431339, 0.0419406183064, 0.00620665261522, 0.000205858741538, 6.3491788751e-05],
        "min": [9.12271946064e-23, 1.08378653846e-21, 2.39765086014e-20, 7.80635482602e-20, 1.26101900776e-19, 5.54872948771e-20, 7.71841324844e-20, 2.13614972945e-19, 1.82607564847e-19, 6.11744162049e-19, 1.91782342008e-18, 2.71261825729e-18, 2.5581464138e-18, 2.87307599329e-18, 3.06573835207e-18, 1.04885335347e-17, 5.9911889402e-18, 6.29310614147e-18, 6.16850833939e-18, 8.75455617564e-18, 5.0578450727e-18, 7.06332585627e-18, 1.08905557201e-17, 9.38820547618e-18, 1.48021505618e-17, 9.3614743075e-18, 1.25519165476e-17, 1.40905816748e-17, 2.15374107969e-17, 1.63677850857e-17, 2.44378038095e-17, 2.01534962731e-17, 1.47717467112e-17, 1.59513608586e-17, 6.77052997562e-18, 6.00354660496e-18, 3.99420288793e-18, 1.84229934862e-18, 3.81547190503e-19, 2.97868901803e-20],
        "stdev": [0.906203448772, 4.07306146622, 10.8156719208, 17.814163208, 15.5490465164, 21.4581451416, 14.4732522964, 17.8203010559, 80.6393051147, 69.6643753052, 55.6981124878, 74.6366577148, 67.9586257935, 42.9105911255, 30.7346744537, 27.769859314, 25.0256977081, 21.8449134827, 17.8978328705, 21.0848808289, 17.9515895844, 16.89569664, 13.1846876144, 16.5703773499, 19.7183589935, 19.975976944, 19.4714450836, 19.1984653473, 20.1166744232, 18.9951858521, 14.1441631317, 9.5837020874, 8.30993366241, 5.71999979019, 2.90229725838, 1.22316515446, 0.432930678129, 0.0746513083577, 0.00254570087418, 7.64586729929e-05],
        "var": [0.821204662323, 16.5898284912, 116.978752136, 317.344421387, 241.772842407, 460.45199585, 209.475036621, 317.563110352, 6502.69775391, 4853.125, 3102.27954102, 5570.63037109, 4618.37451172, 1841.31884766, 944.620239258, 771.165039062, 626.285522461, 477.20022583, 320.332427979, 444.57220459, 322.25958252, 285.464538574, 173.835998535, 274.577392578, 388.813690186, 399.039642334, 379.137207031, 368.581085205, 404.680603027, 360.817077637, 200.057342529, 91.8473510742, 69.0550003052, 32.7183990479, 8.42332935333, 1.49613285065, 0.187428981066, 0.00557281728834, 6.48059267405e-06, 5.84592907416e-09]
    },
    "gfcc": {
        "mean": [-22.1697731018, 88.0617675781, -112.336242676, 14.4983243942, -71.9856262207, 3.10536456108, -27.5050144196, 16.4113273621, -3.925532341, 8.5545873642, -7.82564258575, 5.70064878464, -2.32840919495],
        "cov": [[7910.21337891, -2789.02490234, 2842.33813477, 1030.31347656, -135.975372314, 1038.984375, -742.977539062, 481.662841797, -813.576538086, 256.432647705, -968.526123047, 384.866455078, -1034.45068359], [-2789.02490234, 2970.93432617, -1146.46838379, -159.278686523, 614.992553711, -421.716033936, 834.635375977, -50.0465278625, 839.450927734, 51.1395072937, 862.007751465, -132.523910522, 696.883544922], [2842.33813477, -1146.46838379, 2923.41552734, 766.030456543, 348.402008057, 807.17755127, -332.577148438, 580.475891113, -286.628356934, 331.056854248, -482.586395264, 282.082763672, -606.872802734], [1030.31347656, -159.278686523, 766.030456543, 794.981689453, 230.742233276, 255.188339233, 6.93091821671, 132.278488159, 84.4203414917, 137.235183716, -33.855091095, 78.4378051758, -93.9335174561], [-135.975372314, 614.992553711, 348.402008057, 230.742233276, 583.051574707, 134.237319946, 273.672454834, 204.092849731, 211.732727051, 180.78868103, 141.214111328, 30.9990386963, 91.4234924316], [1038.984375, -421.716033936, 807.17755127, 255.188339233, 134.237319946, 505.301818848, 37.3923950195, 243.045547485, -41.142665863, 129.288925171, -90.5278091431, 73.8709259033, -119.088340759], [-742.977539062, 834.635375977, -332.577148438, 6.93091821671, 273.672454834, 37.3923950195, 584.626037598, 146.021697998, 348.938476562, 96.8101272583, 336.565093994, 10.3369264603, 290.999206543], [481.662841797, -50.0465278625, 580.475891113, 132.278488159, 204.092849731, 243.045547485, 146.021697998, 397.183349609, 106.791061401, 139.608612061, 15.9756040573, 58.936416626, -11.1207933426], [-813.576538086, 839.450927734, -286.628356934, 84.4203414917, 211.732727051, -41.142665863, 348.938476562, 106.791061401, 510.11328125, 129.729827881, 347.251403809, -20.033367157, 267.901672363], [256.432647705, 51.1395072937, 331.056854248, 137.235183716, 180.78868103, 129.288925171, 96.8101272583, 139.608612061, 129.729827881, 258.318908691, 77.1623916626, 56.7790107727, 8.57666301727], [-968.526123047, 862.007751465, -482.586395264, -33.855091095, 141.214111328, -90.5278091431, 336.565093994, 15.9756040573, 347.251403809, 77.1623916626, 443.040924072, -19.7309989929, 300.022583008], [384.866455078, -132.523910522, 282.082763672, 78.4378051758, 30.9990386963, 73.8709259033, 10.3369264603, 58.936416626, -20.033367157, 56.7790107727, -19.7309989929, 143.248825073, -47.6805534363], [-1034.45068359, 696.883544922, -606.872802734, -93.9335174561, 91.4234924316, -119.088340759, 290.999206543, -11.1207933426, 267.901672363, 8.57666301727, 300.022583008, -47.6805534363, 394.577941895]],
        "icov": [[0.000328523223288, -5.74941077502e-05, 0.000109745444206, -0.000328273599735, 0.000224208284635, -0.000366898952052, 0.000111471032142, -0.00030791060999, 0.00028044579085, -0.000273305689916, 0.000269510230282, -0.000407970044762, 0.000361197802704], [-5.74941077502e-05, 0.00201751594432, -0.000733259716071, 0.000664083170705, -0.00172685948201, 0.00139824836515, -0.00101782626007, 0.00133833766449, -0.0013866587542, 0.00150204077363, -0.00203257566318, 0.00104342680424, -0.000492749735713], [0.000109745444206, -0.000733259716071, 0.00198488496244, -0.000897196121514, 7.05209095031e-05, -0.00165862753056, 0.00137628603261, -0.00191953149624, 0.000716791197192, -0.00106211553793, 0.00103871175088, -0.00173892173916, 0.00137243769132], [-0.000328273599735, 0.000664083170705, -0.000897196121514, 0.00255549605936, -0.00118690251838, 0.000288378767436, -0.000280698906863, 0.00153978739399, -0.00159141328186, 0.000865378882736, -0.000729296880309, 0.000521782552823, -0.000513317936566], [0.000224208284635, -0.00172685948201, 7.05209095031e-05, -0.00118690251838, 0.00480421306565, -0.000766056473367, -0.00058833003277, -0.00150843313895, 0.00132326432504, -0.0024856638629, 0.00190371740609, -0.000172054235009, 0.000197918023332], [-0.000366898952052, 0.00139824836515, -0.00165862753056, 0.000288378767436, -0.000766056473367, 0.00572342379019, -0.00216299435124, 0.000255351449596, -0.000274107238511, 0.000593088276219, -0.00145504449029, 0.00187954562716, -0.000899780716281], [0.000111471032142, -0.00101782626007, 0.00137628603261, -0.000280698906863, -0.00058833003277, -0.00216299435124, 0.00571903865784, -0.00217009754851, -0.000234384002397, -0.000273839512374, -0.000356782373274, -0.00220992602408, -0.000486279866891], [-0.00030791060999, 0.00133833766449, -0.00191953149624, 0.00153978739399, -0.00150843313895, 0.000255351449596, -0.00217009754851, 0.00690600648522, -0.00236782967113, 0.000838038045913, -0.000701174431015, 0.00133590458427, -0.00125101360027], [0.00028044579085, -0.0013866587542, 0.000716791197192, -0.00159141328186, 0.00132326432504, -0.000274107238511, -0.000234384002397, -0.00236782967113, 0.00699655013159, -0.00269317743368, -0.00111256795935, 9.24980122363e-05, -0.000210019468796], [-0.000273305689916, 0.00150204077363, -0.00106211553793, 0.000865378882736, -0.0024856638629, 0.000593088276219, -0.000273839512374, 0.000838038045913, -0.00269317743368, 0.00809829868376, -0.00276333512738, -0.00035371791455, -0.000105472558062], [0.000269510230282, -0.00203257566318, 0.00103871175088, -0.000729296880309, 0.00190371740609, -0.00145504449029, -0.000356782373274, -0.000701174431015, -0.00111256795935, -0.00276333512738, 0.00968467444181, -0.00188784161583, -0.00169307156466], [-0.000407970044762, 0.00104342680424, -0.00173892173916, 0.000521782552823, -0.000172054235009, 0.00187954562716, -0.00220992602408, 0.00133590458427, 9.24980122363e-05, -0.00035371791455, -0.00188784161583, 0.0105753699318, -0.000529858691152], [0.000361197802704, -0.000492749735713, 0.00137243769132, -0.000513317936566, 0.000197918023332, -0.000899780716281, -0.000486279866891, -0.00125101360027, -0.000210019468796, -0.000105472558062, -0.00169307156466, -0.000529858691152, 0.00771436886862]]
    },
    "melbands": {
        "dmean": [0.00173204822931, 0.00119250034913, 0.000792127451859, 0.000536523468327, 0.000275730999419, 0.000224295785301, 0.000513422244694, 0.000311554496875, 0.000164993674844, 0.000146622667671, 0.000122743527754, 7.4377268902e-05, 3.8873473386e-05, 3.7511363189e-05, 2.10176021938e-05, 1.520333808e-05, 1.51068852574e-05, 1.23062136481e-05, 1.41697037179e-05, 9.27751534618e-06, 9.38098673942e-06, 8.94759341463e-06, 6.59817260384e-06, 4.74722673971e-06, 5.75560170546e-06, 7.37123673389e-06, 5.8002856349e-06, 5.37335608897e-06, 4.09001404478e-06, 4.18423314841e-06, 4.36786513092e-06, 4.35917581854e-06, 5.00062787978e-06, 4.29192414231e-06, 3.61348475053e-06, 3.12733322971e-06, 2.12757413465e-06, 2.45454134529e-06, 2.47694765676e-06, 1.61151797329e-06],
        "dmean2": [0.00265148025937, 0.00172848894726, 0.0014070882462, 0.000861777632963, 0.000448671722552, 0.000366842519725, 0.000805141287856, 0.000531884434167, 0.000257710926235, 0.00023615815735, 0.000192350911675, 0.000118379444757, 6.13253432675e-05, 6.33785894024e-05, 3.39134749083e-05, 2.48311116593e-05, 2.45283117692e-05, 2.00797039724e-05, 2.28803601203e-05, 1.54140834638e-05, 1.5050474758e-05, 1.44016112245e-05, 1.00488796306e-05, 7.48646880311e-06, 9.08507536224e-06, 1.14633467092e-05, 9.33421506488e-06, 8.99812675925e-06, 6.08981599726e-06, 6.44272995487e-06, 6.92781350153e-06, 6.82274730934e-06, 7.71662598709e-06, 6.60956175125e-06, 5.61315573577e-06, 4.86359294882e-06, 3.27795532939e-06, 3.94543349103e-06, 3.96692757931e-06, 2.49200547842e-06],
        "dvar": [2.43519461947e-05, 2.21147365664e-05, 1.28177453007e-05, 1.51314532104e-06, 2.49359516147e-07, 1.25042589616e-07, 1.16331807476e-06, 5.16184456956e-07, 1.08973090107e-07, 8.73301786442e-08, 6.99165596529e-08, 3.21906803435e-08, 7.14952186343e-09, 1.06302433522e-08, 4.25389812264e-09, 1.3898676654e-09, 2.12586259707e-09, 8.78095207657e-10, 1.49213186251e-09, 3.88426790732e-10, 5.63437185797e-10, 3.11350972781e-10, 1.43852485479e-10, 8.34172522723e-11, 1.61602731197e-10, 2.55973214847e-10, 1.84593326735e-10, 2.09586306643e-10, 1.25653210059e-10, 1.18328680188e-10, 1.28874216854e-10, 1.15050198535e-10, 1.24808136048e-10, 8.19872572611e-11, 5.95835047967e-11, 4.77277974087e-11, 2.08330297458e-11, 2.655204355e-11, 2.69731736946e-11, 1.12911520411e-11],
        "dvar2": [5.41385088582e-05, 4.99479137943e-05, 3.6003842979e-05, 3.81779727832e-06, 6.79113043134e-07, 3.17246531267e-07, 2.47178854806e-06, 1.41631551287e-06, 2.51417617392e-07, 2.09829622122e-07, 1.60801249649e-07, 7.49693356283e-08, 1.45175995669e-08, 2.79509713152e-08, 1.12918510098e-08, 3.58388207999e-09, 5.60751090006e-09, 2.25446061819e-09, 3.81004960914e-09, 9.79355485597e-10, 1.42118239399e-09, 7.69756425267e-10, 3.43146955295e-10, 1.99908908871e-10, 3.70045799558e-10, 6.02691729856e-10, 4.71055250362e-10, 5.53359469357e-10, 2.87495999229e-10, 2.50140630431e-10, 3.1249128285e-10, 2.94242991083e-10, 3.02133956742e-10, 1.84267545666e-10, 1.40280786987e-10, 1.12709626354e-10, 4.71679292846e-11, 6.66799324089e-11, 6.32301988546e-11, 2.45680767397e-11],
        "max": [0.0486367940903, 0.0479621104896, 0.0345092341304, 0.0106513239443, 0.00468007056043, 0.00378586468287, 0.0120771471411, 0.00949996616691, 0.0058765579015, 0.00514564942569, 0.0058576981537, 0.00277901417576, 0.00106424884871, 0.00141982838977, 0.00110578467138, 0.000502969138324, 0.000889651419129, 0.000350516958861, 0.000663376413286, 0.000210779719055, 0.000322312465869, 0.000144256206113, 0.000144615056342, 7.62782874517e-05, 0.000144822566654, 0.000232285965467, 0.000117405696074, 0.000115635368275, 0.000111188630399, 8.56205151649e-05, 0.000151104803081, 0.000130659056595, 0.000127449879074, 0.000111748180643, 6.3736573793e-05, 8.47959599923e-05, 6.60209334455e-05, 4.17025185016e-05, 6.00753228355e-05, 4.78292859043e-05],
        "mean": [0.00639885431156, 0.00137288286351, 0.000677978561725, 0.000640294048935, 0.000349261827068, 0.000296226004139, 0.000612798670772, 0.000418776558945, 0.000444799836259, 0.000370519526768, 0.000230746823945, 0.000108996784547, 4.61414856545e-05, 4.52095046057e-05, 2.46952258749e-05, 1.72528107214e-05, 1.75177756319e-05, 1.42011813296e-05, 1.67212256201e-05, 1.05000553958e-05, 9.69735719991e-06, 1.09393522507e-05, 8.7235130195e-06, 5.56474469704e-06, 6.987857887e-06, 8.05739364296e-06, 5.64001447856e-06, 5.00600845044e-06, 4.24548125011e-06, 4.51851155958e-06, 5.0202197599e-06, 5.00213718624e-06, 5.97326379648e-06, 5.19898867424e-06, 4.14507530877e-06, 3.47884679286e-06, 2.49601839641e-06, 2.54189103543e-06, 2.8284491691e-06, 1.86396448498e-06],
        "median": [0.00572804128751, 0.000195761516807, 7.51048501115e-05, 8.0189522123e-05, 0.000170624974999, 0.00015187363897, 0.000176113768248, 0.000207066288567, 0.000230427409406, 0.000267764524324, 6.03416083322e-05, 2.26993361139e-05, 1.31875658553e-05, 1.20249187603e-05, 6.16026909483e-06, 5.11050666319e-06, 6.0168536038e-06, 5.30338456883e-06, 5.55011092729e-06, 4.07949482906e-06, 2.61231957666e-06, 4.02849718739e-06, 2.82839459942e-06, 1.64556888649e-06, 1.8688988348e-06, 2.0025838694e-06, 1.17813317502e-06, 1.02362048437e-06, 7.8953968341e-07, 6.59150998672e-07, 8.27201120046e-07, 9.02892850263e-07, 1.01342948255e-06, 9.82445612863e-07, 7.78764274401e-07, 4.42820265789e-07, 2.79448556739e-07, 2.52638528764e-07, 3.30173435259e-07, 2.38682019926e-07],
        "min": [1.5830718651e-24, 9.6954973222e-24, 1.49508847285e-23, 6.89903511143e-24, 2.68286584599e-24, 4.38714185044e-24, 2.77029825834e-24, 7.81605120387e-24, 1.86527565212e-23, 1.61816607796e-23, 1.30654125017e-23, 1.20061750432e-23, 7.8453794746e-24, 2.59374957059e-23, 1.85000046509e-23, 1.06197827679e-23, 1.28386725783e-23, 1.06545557566e-23, 1.06415308742e-23, 1.02631032539e-23, 4.62877428445e-24, 5.62227911912e-24, 1.26498484654e-23, 7.72104000758e-24, 7.4222352739e-24, 8.88110335606e-24, 1.18592007903e-23, 4.82649990376e-24, 5.42934385765e-24, 1.15558924497e-23, 7.34061341376e-24, 1.4480887712e-23, 9.50409284532e-24, 8.10927947981e-24, 1.53807097922e-23, 1.19561620507e-23, 1.28294287062e-23, 1.04162629652e-23, 1.04864810521e-23, 1.40017320205e-23],
        "stdev": [0.00679304171354, 0.00483108870685, 0.00281686196104, 0.0013798775617, 0.000504277413711, 0.00040755874943, 0.00124449434225, 0.000672126363497, 0.000572588294744, 0.000423489400418, 0.000372210604837, 0.000225934025366, 0.000104835598904, 0.000112196001282, 7.35711291782e-05, 3.95881870645e-05, 4.24646823376e-05, 2.86522463284e-05, 3.92949441448e-05, 1.96224391402e-05, 2.29678644246e-05, 1.90753162315e-05, 1.4226159692e-05, 1.0228627616e-05, 1.46121801663e-05, 1.73592543433e-05, 1.30086646095e-05, 1.30551725306e-05, 1.14778331408e-05, 1.17641866382e-05, 1.21134189612e-05, 1.13412324936e-05, 1.21916873468e-05, 1.02111462184e-05, 8.3391832959e-06, 7.55336486691e-06, 5.45502734894e-06, 5.54374810235e-06, 6.34316484138e-06, 4.40453322881e-06],
        "var": [4.61454146716e-05, 2.33394166571e-05, 7.93471099314e-06, 1.90406217371e-06, 2.54295684954e-07, 1.66104129562e-07, 1.54876624947e-06, 4.51753834341e-07, 3.27857350158e-07, 1.79343274453e-07, 1.38540741546e-07, 5.10461823922e-08, 1.09905027301e-08, 1.25879422441e-08, 5.41271116816e-09, 1.56722468336e-09, 1.80324921661e-09, 8.20951195912e-10, 1.54409252051e-09, 3.85040138662e-10, 5.27522803218e-10, 3.63867713737e-10, 2.02383609871e-10, 1.04624829633e-10, 2.13515816139e-10, 3.01343699993e-10, 1.6922535595e-10, 1.70437539082e-10, 1.31740660048e-10, 1.38396086258e-10, 1.46734915885e-10, 1.2862355625e-10, 1.48637241404e-10, 1.04267511292e-10, 6.95419763441e-11, 5.70533238708e-11, 2.97573250763e-11, 3.07331451954e-11, 4.02357383522e-11, 1.93999139669e-11]
    },
    "melbands128": {
