{
"lowlevel": {
    "average_loudness": 0.961178719997,
    "barkbands_crest": {
        "dmean": 2.84208607674,
        "dmean2": 4.66219377518,
        "dvar": 12.8550548553,
        "dvar2": 30.5700683594,
        "max": 26.5563755035,
        "mean": 16.1627063751,
        "median": 16.661441803,
        "min": 2.66592812538,
        "stdev": 5.64403867722,
        "var": 31.855173111
    },
    "barkbands_flatness_db": {
        "dmean": 0.0490437485278,
        "dmean2": 0.0636678114533,
        "dvar": 0.00270104524679,
        "dvar2": 0.00467764306813,
        "max": 0.670338571072,
        "mean": 0.238151818514,
        "median": 0.218002036214,
        "min": 0.0198711473495,
        "stdev": 0.108468435705,
        "var": 0.0117654018104
    },
    "barkbands_kurtosis": {
        "dmean": 24.9928722382,
        "dmean2": 39.9829940796,
        "dvar": 2955.11181641,
        "dvar2": 7573.73046875,
        "max": 872.365234375,
        "mean": 34.9036216736,
        "median": 14.0415401459,
        "min": -1.85102367401,
        "stdev": 63.3021125793,
        "var": 4007.1574707
    },
    "barkbands_skewness": {
        "dmean": 1.60680282116,
        "dmean2": 2.45640563965,
        "dvar": 4.14145088196,
        "dvar2": 9.56705188751,
        "max": 25.9177265167,
        "mean": 3.7615582943,
        "median": 3.35238981247,
        "min": -10.1450605392,
        "stdev": 3.31656002998,
        "var": 10.9995698929
    },
    "barkbands_spread": {
        "dmean": 8.36824607849,
        "dmean2": 13.3630237579,
        "dvar": 159.654006958,
        "dvar2": 372.212860107,
        "max": 102.520347595,
        "mean": 14.0968027115,
        "median": 9.38285255432,
        "min": 0.113860063255,
        "stdev": 15.3837575912,
        "var": 236.660003662
    },
    "dissonance": {
        "dmean": 0.0338758938015,
        "dmean2": 0.0529210567474,
        "dvar": 0.00139774207491,
        "dvar2": 0.00305673503317,
        "max": 0.499999910593,
        "mean": 0.431151777506,
        "median": 0.451386928558,
        "min": 0.152060642838,
        "stdev": 0.0636223256588,
        "var": 0.00404780078679
    },
    "dynamic_complexity": 3.18011569977,
    "erbbands_crest": {
        "dmean": 3.39718270302,
        "dmean2": 5.42190408707,
        "dvar": 11.2987823486,
        "dvar2": 25.9631156921,
        "max": 29.5660495758,
        "mean": 10.0120925903,
        "median": 8.74588394165,
        "min": 2.69859838486,
        "stdev": 5.07107543945,
        "var": 25.7158069611
    },
    "erbbands_flatness_db": {
        "dmean": 0.0336907319725,
        "dmean2": 0.0476914681494,
        "dvar": 0.00132322323043,
        "dvar2": 0.00241685379297,
        "max": 0.402598083019,
        "mean": 0.163604646921,
        "median": 0.144292980433,
        "min": 0.0428519845009,
        "stdev": 0.0733849927783,
        "var": 0.00538535695523
    },
    "erbbands_kurtosis": {
        "dmean": 2.93470740318,
        "dmean2": 4.85810995102,
        "dvar": 34.4661636353,
        "dvar2": 83.9953536987,
        "max": 87.6798706055,
        "mean": 2.36256718636,
        "median": 0.254441738129,
        "min": -1.81364297867,
        "stdev": 6.57567024231,
        "var": 43.239440918
    },
    "erbbands_skewness": {
        "dmean": 0.73267865181,
        "dmean2": 1.12006664276,
        "dvar": 0.749963700771,
        "dvar2": 1.61720621586,
        "max": 7.81145381927,
        "mean": 0.535775482655,
        "median": 0.398377180099,
        "min": -5.45469808578,
        "stdev": 1.29995679855,
        "var": 1.68988764286
    },
    "erbbands_spread": {
        "dmean": 18.8184204102,
        "dmean2": 29.7201576233,
        "dvar": 512.893859863,
        "dvar2": 1242.04736328,
        "max": 197.964736938,
        "mean": 47.1735649109,
        "median": 42.1397590637,
        "min": 2.24662923813,
        "stdev": 31.473241806,
        "var": 990.564941406
    },
    "hfc": {
        "dmean": 15.173866272,
        "dmean2": 22.3728637695,
        "dvar": 541.322509766,
        "dvar2": 1105.4375,
        "max": 208.436950684,
        "mean": 26.2954940796,
        "median": 15.7194442749,
        "min": 1.18432173155e-16,
        "stdev": 30.6860084534,
        "var": 941.631103516
    },
    "loudness_ebu128": {
        "integrated": -9.65340137482,
        "loudness_range": 1.78621578217,
        "momentary": {
            "dmean": 1.25205469131,
            "dmean2": 1.52067542076,
            "dvar": 1.62638533115,
            "dvar2": 2.52787470818,
            "max": -6.44793701172,
            "mean": -10.3193082809,
            "median": -9.56670379639,
            "min": -22.68217659,
            "stdev": 2.66648483276,
            "var": 7.11014175415
        },
        "short_term": {
            "dmean": 0.11842366308,
            "dmean2": 0.11268093437,
            "dvar": 0.00849657412618,
            "dvar2": 0.0132656274363,
            "max": -8.31793308258,
            "mean": -9.78643226624,
            "median": -9.91271114349,
            "min": -11.3207359314,
            "stdev": 0.597621440887,
            "var": 0.35715135932
        }
    },
    "melbands_crest": {
        "dmean": 3.78650617599,
        "dmean2": 5.77081394196,
        "dvar": 22.3878078461,
        "dvar2": 47.6087722778,
        "max": 38.3939056396,
        "mean": 24.8085460663,
        "median": 26.8842544556,
        "min": 2.78337550163,
        "stdev": 9.942070961,
        "var": 98.8447723389
    },
    "melbands_flatness_db": {
        "dmean": 0.05390143767,
        "dmean2": 0.0710956007242,
        "dvar": 0.00356049207039,
        "dvar2": 0.00601792428643,
        "max": 0.81470990181,
        "mean": 0.309146612883,
        "median": 0.29408788681,
        "min": 0.00827496591955,
        "stdev": 0.13493399322,
        "var": 0.0182071831077
    },
    "melbands_kurtosis": {
        "dmean": 71.1757965088,
        "dmean2": 112.066070557,
        "dvar": 35087.765625,
        "dvar2": 83546.578125,
        "max": 2835.92626953,
        "mean": 103.973197937,
        "median": 38.4533500671,
        "min": -1.8606402874,
        "stdev": 230.305541992,
        "var": 53040.6445312
    },
    "melbands_skewness": {
        "dmean": 2.32468223572,
        "dmean2": 3.467659235,
        "dvar": 9.83446979523,
        "dvar2": 21.8598423004,
        "max": 47.9117927551,
        "mean": 6.20267772675,
        "median": 5.20584917068,
        "min": -5.58161020279,
        "stdev": 5.37477350235,
        "var": 28.8881893158
    },
    "melbands_spread": {
        "dmean": 11.1912622452,
        "dmean2": 18.4421882629,
        "dvar": 917.125366211,
        "dvar2": 2165.34887695,
        "max": 317.499084473,
        "mean": 16.383190155,
        "median": 6.55621767044,
        "min": 0.0684409886599,
        "stdev": 34.3228263855,
        "var": 1178.05639648
    },
    "pitch_salience": {
        "dmean": 0.0946621745825,
        "dmean2": 0.1500415802,
        "dvar": 0.0126715693623,
        "dvar2": 0.0280377566814,
        "max": 0.864755034447,
        "mean": 0.378178119659,
        "median": 0.304474234581,
        "min": 0.0658171623945,
        "stdev": 0.212760105729,
        "var": 0.0452668629587
    },
    "silence_rate_20dB": {
        "dmean": 0,
        "dmean2": 0,
        "dvar": 0,
        "dvar2": 0,
        "max": 1,
        "mean": 1,
        "median": 1,
        "min": 1,
        "stdev": 0,
        "var": 0
    },
    "silence_rate_30dB": {
        "dmean": 0.0448916405439,
        "dmean2": 0.089078232646,
        "dvar": 0.0428761728108,
        "dvar2": 0.0811430439353,
        "max": 1,
        "mean": 0.470224291086,
        "median": 0,
        "min": 0,
        "stdev": 0.499111026525,
        "var": 0.249111831188
    },
    "silence_rate_60dB": {
        "dmean": 0.0534055717289,
        "dmean2": 0.106119289994,
        "dvar": 0.0505537837744,
        "dvar2": 0.107251390815,
        "max": 1,
        "mean": 0.113689094782,
        "median": 0,
        "min": 0,
        "stdev": 0.317432194948,
        "var": 0.100763201714
    },
    "spectral_centroid": {
        "dmean": 472.560516357,
        "dmean2": 688.517211914,
        "dvar": 560057.5625,
        "dvar2": 946568.125,
        "max": 10886.1621094,
        "mean": 1300.57556152,
        "median": 1031.78027344,
        "min": 98.8638381958,
        "stdev": 1134.18408203,
        "var": 1286373.625
    },
    "spectral_complexity": {
        "dmean": 4.48684215546,
        "dmean2": 5.81487226486,
        "dvar": 47.1366424561,
        "dvar2": 63.3158454895,
        "max": 62,
        "mean": 12.638051033,
        "median": 9,
        "min": 0,
        "stdev": 12.2096376419,
        "var": 149.075256348
    },
    "spectral_decrease": {
        "dmean": 4.84276974078e-09,
        "dmean2": 7.38519201349e-09,
        "dvar": 1.20193353176e-16,
        "dvar2": 2.29995464973e-16,
        "max": 1.68023114953e-12,
        "mean": -2.48545024562e-08,
        "median": -3.44788304574e-08,
        "min": -9.09247219738e-08,
        "stdev": 2.1616035184e-08,
        "var": 4.67252966919e-16
    },
    "spectral_energy": {
        "dmean": 0.0190174523741,
        "dmean2": 0.0287016201764,
        "dvar": 0.00178296724334,
        "dvar2": 0.00338353053667,
        "max": 0.351163744926,
        "mean": 0.0961917191744,
        "median": 0.133312627673,
        "min": 1.07441205373e-20,
        "stdev": 0.082823112607,
        "var": 0.00685966853052
    },
    "spectral_energyband_high": {
        "dmean": 0.00114258367103,
        "dmean2": 0.00173127476592,
        "dvar": 3.69255781152e-06,
        "dvar2": 7.76350952947e-06,
        "max": 0.0206558201462,
        "mean": 0.00138968985993,
        "median": 0.000278745195828,
        "min": 7.66744163593e-21,
        "stdev": 0.00242641149089,
        "var": 5.8874725255e-06
    },
    "spectral_energyband_low": {
        "dmean": 0.0149800535291,
        "dmean2": 0.0236882045865,
        "dvar": 0.00150960264727,
        "dvar2": 0.00303373718634,
        "max": 0.311635345221,
        "mean": 0.0803451761603,
        "median": 0.119286820292,
        "min": 4.25779248559e-23,
        "stdev": 0.0777462124825,
        "var": 0.00604447349906
    },
    "spectral_energyband_middle_high": {
        "dmean": 0.00274722580798,
        "dmean2": 0.00350808352232,
        "dvar": 2.78313673334e-05,
        "dvar2": 5.19061868545e-05,
        "max": 0.0660520493984,
        "mean": 0.00434378022328,
        "median": 0.00147404987365,
        "min": 1.75465909581e-21,
        "stdev": 0.00730627309531,
        "var": 5.33816237294e-05
    },
    "spectral_energyband_middle_low": {
        "dmean": 0.00649632746354,
        "dmean2": 0.0104909036309,
        "dvar": 0.000153170069098,
        "dvar2": 0.000408073392464,
        "max": 0.131986618042,
        "mean": 0.0104558821768,
        "median": 0.00756705831736,
        "min": 2.91432077525e-22,
        "stdev": 0.01214291621,
        "var": 0.000147450424265
    },
    "spectral_entropy": {
        "dmean": 0.394465476274,
        "dmean2": 0.548744082451,
        "dvar": 0.215578913689,
        "dvar2": 0.37752020359,
        "max": 9.8025560379,
        "mean": 7.36262273788,
        "median": 7.51888513565,
        "min": 4.03290319443,
        "stdev": 0.873696565628,
        "var": 0.763345718384
    },
    "spectral_flux": {
        "dmean": 0.054961271584,
        "dmean2": 0.0802121534944,
        "dvar": 0.0058553670533,
        "dvar2": 0.0101498626173,
        "max": 0.531023681164,
        "mean": 0.109038494527,
        "median": 0.0799977704883,
        "min": 1.03653849393e-10,
        "stdev": 0.102482460439,
        "var": 0.0105026541278
    },
    "spectral_kurtosis": {
        "dmean": 3.25936341286,
        "dmean2": 4.97159337997,
        "dvar": 47.8140563965,
        "dvar2": 102.357841492,
        "max": 101.054740906,
        "mean": 5.97637462616,
        "median": 3.22860622406,
        "min": -1.28336203098,
        "stdev": 10.1499223709,
        "var": 103.0209198
    },
    "spectral_rms": {
        "dmean": 0.0011060788529,
        "dmean2": 0.00157264072914,
        "dvar": 4.35134097643e-06,
        "dvar2": 6.87549436407e-06,
        "max": 0.0185094233602,
        "mean": 0.0082401977852,
        "median": 0.0114044332877,
        "min": 3.23760224359e-12,
        "stdev": 0.00509358849376,
        "var": 2.59446424025e-05
    },
    "spectral_rolloff": {
        "dmean": 737.513000488,
        "dmean2": 1239.75219727,
        "dvar": 3764347.75,
        "dvar2": 7572765,
        "max": 18475.4882812,
        "mean": 1253.67822266,
        "median": 258.3984375,
        "min": 43.06640625,
        "stdev": 2693.8347168,
        "var": 7256746
    },
    "spectral_skewness": {
        "dmean": 0.435507148504,
        "dmean2": 0.632111310959,
        "dvar": 0.381280452013,
        "dvar2": 0.742014348507,
        "max": 8.52171897888,
        "mean": 1.78237557411,
        "median": 1.55806696415,
        "min": -0.54028236866,
        "stdev": 1.05910992622,
        "var": 1.12171387672
    },
    "spectral_spread": {
        "dmean": 1511254.5,
        "dmean2": 2226218.75,
        "dvar": 4.28794340966e+12,
        "dvar2": 7.18893377126e+12,
        "max": 40741308,
        "mean": 6086583,
        "median": 5318827.5,
        "min": 921269.6875,
        "stdev": 2955014,
        "var": 8.7321083904e+12
    },
    "spectral_strongpeak": {
        "dmean": 0.368428140879,
        "dmean2": 0.596698045731,
        "dvar": 0.591413676739,
        "dvar2": 1.51358342171,
        "max": 10.5436201096,
        "mean": 0.936611354351,
        "median": 0.851518750191,
        "min": 0,
        "stdev": 0.829439103603,
        "var": 0.687969267368
    },
    "zerocrossingrate": {
        "dmean": 0.0203774273396,
        "dmean2": 0.0235982425511,
        "dvar": 0.00135167699773,
        "dvar2": 0.00139005703386,
        "max": 0.51025390625,
        "mean": 0.0537362396717,
        "median": 0.0302734375,
        "min": 0.00146484375,
        "stdev": 0.0757172033191,
        "var": 0.00573309510946
    },
    "barkbands": {
        "dmean": [0.00269896630198, 0.0137330293655, 0.00420763064176, 0.00178498309106, 0.00262527959421, 0.00119708303828, 0.000882799795363, 0.00136982521508, 0.000649688532576, 0.000662086706143, 0.000335704273311, 0.000593079370447, 0.00046713266056, 0.000409122789279, 0.000222004950047, 0.000248396972893, 0.000231417012401, 0.000277865299722, 0.00020110240439, 0.000121132608911, 0.000144144840306, 0.00014738808386, 0.000194523774553, 0.000233507002122, 0.000235477054957, 0.000226532109082, 2.42800433625e-05],
        "dmean2": [0.00364938960411, 0.021886954084, 0.00804538652301, 0.0030765181873, 0.00418841186911, 0.00199231714942, 0.00142821308691, 0.0021752351895, 0.00103432766628, 0.000941235455684, 0.000517809123266, 0.000926033535507, 0.000701393699273, 0.000626642082352, 0.000334817566909, 0.000406550389016, 0.000356003118213, 0.000436637899838, 0.000289389980026, 0.000182096249773, 0.000208519224543, 0.000214864863665, 0.00030853797216, 0.000354681542376, 0.000375484902179, 0.000385960971471, 4.34223475168e-05],
        "dvar": [3.58319884981e-05, 0.00116932636593, 0.000212846091017, 2.70124110102e-05, 2.73782770819e-05, 7.92279297457e-06, 4.60492719867e-06, 9.69041320786e-06, 2.70887562692e-06, 2.02725777854e-06, 7.62610625316e-07, 2.1025236947e-06, 1.29214311073e-06, 8.25393101422e-07, 1.87048470934e-07, 3.33560933541e-07, 2.46264022508e-07, 5.25473978996e-07, 1.65558205367e-07, 9.67629247839e-08, 1.26611084283e-07, 9.30975474489e-08, 1.20098775369e-07, 2.66598192411e-07, 2.82778643168e-07, 2.10236478893e-07, 3.33535088437e-09],
        "dvar2": [5.08837838424e-05, 0.00239571230486, 0.000618726480752, 7.65972872614e-05, 7.01433746144e-05, 2.09198660741e-05, 1.05393337435e-05, 2.38092798099e-05, 6.56705560687e-06, 3.65614255315e-06, 1.89109653093e-06, 4.34634694102e-06, 3.0026155855e-06, 1.91994399756e-06, 4.20835618797e-07, 8.35013906908e-07, 5.52826804778e-07, 1.24791267808e-06, 3.04181298816e-07, 2.17605730768e-07, 2.51847637855e-07, 1.61807747645e-07, 2.50386335665e-07, 5.24254744505e-07, 6.58647309137e-07, 5.52584594971e-07, 8.9733420694e-09],
        "max": [0.0622232109308, 0.281224966049, 0.108054488897, 0.0536973588169, 0.0609285645187, 0.0400800444186, 0.0240800175816, 0.0369631201029, 0.0216831993312, 0.0232128147036, 0.0135944793001, 0.0128438342363, 0.0150141408667, 0.00851003825665, 0.00462710252032, 0.00700759375468, 0.00537981837988, 0.00837272591889, 0.00431301351637, 0.00405120989308, 0.00369057338685, 0.00306272320449, 0.00465723220259, 0.00967024452984, 0.00855760741979, 0.00264891213737, 0.00034873894765],
        "mean": [0.0137206558138, 0.0634695217013, 0.00296229589731, 0.00185121700633, 0.00368558941409, 0.00134422432166, 0.000905467371922, 0.00166022544727, 0.00071538501652, 0.000928571505938, 0.000395947106881, 0.000669649627525, 0.00052504055202, 0.000472219107905, 0.000280371052213, 0.000280253443634, 0.00027701840736, 0.000329138973029, 0.000262725108769, 0.000147439815919, 0.00017437247152, 0.000185697892448, 0.000222411297727, 0.000285003421595, 0.000251099700108, 0.000174178916495, 1.60132203746e-05],
        "median": [0.00114229111932, 0.0767509117723, 0.00060337013565, 0.000548456446268, 0.00162961555179, 0.000374197930796, 0.000183851720067, 0.000174124346813, 0.000100713165011, 9.59737299127e-05, 3.14401950163e-05, 7.52441192162e-05, 4.98728986713e-05, 4.90645034006e-05, 5.6952740124e-05, 4.65543198516e-05, 5.7065175497e-05, 5.65732152609e-05, 4.88209880132e-05, 2.72420329566e-05, 2.30630776059e-05, 3.33985262841e-05, 4.44835823146e-05, 5.62866516702e-05, 3.03283122776e-05, 1.12425768748e-05, 2.69183829005e-07],
        "min": [4.5551485551e-23, 6.57138567875e-24, 1.93257574253e-23, 5.79115175639e-24, 6.89043021668e-24, 1.19148730709e-22, 4.95172502492e-23, 3.97760076719e-23, 5.5612011691e-23, 1.08064401954e-22, 3.52814442654e-23, 6.95194527452e-23, 7.90685067178e-23, 1.30524256424e-22, 2.46696671736e-22, 9.65767507056e-23, 1.38355032505e-22, 3.54488342386e-22, 3.81399303493e-22, 2.26883111126e-22, 2.81927149276e-22, 4.52450932376e-22, 8.05765298274e-22, 8.92051686637e-22, 1.10703180809e-21, 1.898198762e-21, 2.35781977105e-21],
        "stdev": [0.0181585326791, 0.064442768693, 0.0108893550932, 0.00427093170583, 0.00579859502614, 0.00276616262272, 0.00222162529826, 0.00346156768501, 0.00185171246994, 0.00207140226848, 0.000987268635072, 0.00163971085567, 0.00135139760096, 0.00104383740108, 0.000520004017744, 0.000601739797276, 0.000573445169721, 0.000779750698712, 0.000521014968399, 0.000347284105374, 0.000423022545874, 0.000387539970689, 0.00041002369835, 0.00069507927401, 0.000640299753286, 0.000406249338994, 4.72521096526e-05],
        "var": [0.000329732312821, 0.00415287027135, 0.000118578049296, 1.82408566616e-05, 3.36237062584e-05, 7.65165532357e-06, 4.93561947223e-06, 1.19824508147e-05, 3.42883913618e-06, 4.2907072384e-06, 9.74699332801e-07, 2.68865187536e-06, 1.8262753656e-06, 1.0895964806e-06, 2.70404171943e-07, 3.62090759154e-07, 3.28839377062e-07, 6.08011134773e-07, 2.71456570999e-07, 1.20606244991e-07, 1.78948070584e-07, 1.50187219106e-07, 1.68119441923e-07, 4.83135181639e-07, 4.09983783811e-07, 1.6503851441e-07, 2.23276175326e-09]
    },
    "erbbands": {
        "dmean": [0.645216405392, 3.05469584465, 4.98123216629, 5.6607131958, 6.61250400543, 9.62101745605, 12.1760215759, 9.42380809784, 11.0117483139, 19.4018859863, 26.836107254, 13.1205253601, 19.7097396851, 16.2276077271, 15.800863266, 23.3631858826, 18.8986473083, 19.9078636169, 15.6129379272, 9.70498657227, 14.2740955353, 12.785153389, 14.9499311447, 11.5157756805, 8.64997673035, 6.0535736084, 6.11667490005, 5.14893388748, 4.92144203186, 5.94422912598, 5.25948429108, 4.98442554474, 3.91816878319, 2.67015957832, 1.68664264679, 1.08625972271, 0.408935725689, 0.0739286914468, 0.00250150170177, 7.39378738217e-05],
        "dmean2": [1.00359392166, 5.02718448639, 9.24016952515, 10.191865921, 11.2410097122, 15.2941808701, 19.3830356598, 15.8978233337, 18.2032909393, 30.1564559937, 42.5341110229, 21.261838913, 27.8831787109, 23.615568161, 23.0083198547, 35.5976867676, 28.2510643005, 29.4799995422, 23.2849464417, 14.1707906723, 23.0746078491, 19.4909610748, 23.4588069916, 16.3409194946, 12.0725631714, 9.00031280518, 9.33053684235, 7.40514707565, 7.25712108612, 9.1459274292, 8.20767974854, 7.9423866272, 5.81465768814, 4.17022275925, 2.69777488708, 1.82059144974, 0.702798962593, 0.127538412809, 0.00437440443784, 0.000120982942462],
        "dvar": [2.32070422173, 64.7748794556, 293.947357178, 306.714691162, 246.011276245, 410.562194824, 823.449951172, 595.407043457, 722.568786621, 2050.43310547, 4085.84375, 1182.25073242, 2272.20117188, 1117.27258301, 1159.50708008, 3787.59472656, 1950.80554199, 2112.63110352, 856.14630127, 465.426116943, 1013.8637085, 786.096374512, 1399.47692871, 748.507995605, 284.897216797, 283.588134766, 216.371765137, 175.331176758, 124.143211365, 110.039604187, 86.007270813, 121.773208618, 79.6748428345, 48.8602485657, 12.3609113693, 4.62654829025, 0.719957351685, 0.0251392778009, 3.33157004206e-05, 1.79801702416e-08],
        "dvar2": [4.35785627365, 151.357818604, 835.731201172, 877.018981934, 678.634460449, 1026.58227539, 2035.99414062, 1577.5168457, 1750.00463867, 4543.64306641, 10305.3291016, 3066.44897461, 4018.05419922, 2355.98193359, 2607.80517578, 7687.06054688, 4319.25585938, 4910.77050781, 1770.8638916, 1078.11523438, 2534.15795898, 1791.9230957, 3235.12963867, 1599.21142578, 518.393371582, 658.09967041, 461.082305908, 344.046905518, 211.624542236, 218.88420105, 172.167526245, 266.839538574, 152.053390503, 111.210968018, 29.6859970093, 12.1466245651, 1.89311742783, 0.0656246989965, 8.80202933331e-05, 4.52309016907e-08],
        "max": [11.7121639252, 70.582359314, 144.262420654, 164.775878906, 176.718032837, 270.825012207, 448.354522705, 488.101715088, 419.534393311, 676.922302246, 746.442687988, 490.860198975, 773.94708252, 438.414611816, 371.053955078, 584.956054688, 535.473327637, 513.113037109, 278.656799316, 266.903259277, 370.095245361, 279.208404541, 394.140014648, 397.554443359, 176.111465454, 227.684066772, 136.228103638, 137.458877563, 132.590316772, 98.1812057495, 131.065963745, 229.546859741, 141.199859619, 105.459533691, 59.0650177002, 14.4275197983, 5.01350688934, 0.921859502792, 0.0354704633355, 0.000831651210319],
        "mean": [3.4550011158, 7.67534160614, 4.5597858429, 5.34494686127, 8.04423046112, 12.7306995392, 14.7019586563, 10.7972288132, 11.7550954819, 22.7787742615, 32.693271637, 14.9611625671, 28.1941013336, 23.0622711182, 20.552904129, 26.0886745453, 22.6220493317, 23.2986373901, 21.597158432, 12.3670873642, 16.7226848602, 16.0038471222, 18.6095046997, 14.2362251282, 11.2911062241, 7.28081035614, 7.67309999466, 6.14619159698, 6.43144416809, 6.77073955536, 6.25206613541, 5.87729167938, 4.68018960953, 3.03768610954, 1.61606740952, 0.873042345047, 0.303548187017, 0.0530416741967, 0.00178996776231, 0.000150390726048],
        "median": [2.73398280144, 4.12778663635, 1.31170463562, 1.48146438599, 4.34914445877, 4.50628423691, 3.44544196129, 3.34255576134, 2.99689745903, 5.39335632324, 3.98896932602, 3.17171287537, 3.85286951065, 3.48562121391, 3.42593574524, 2.82993936539, 2.47314715385, 3.04367089272, 3.84421420097, 2.39694309235, 3.17317032814, 3.82107400894, 3.56476163864, 2.51277089119, 2.26841902733, 1.36740219593, 0.915838837624, 0.98604118824, 1.17934501171, 1.43729639053, 1.26152074337, 1.06660997868, 0.878759324551, 0.452091038227, 0.161619395018, 0.0651058927178, 0.0169656910002, 0.0020714297425, 0.000102486010292, 0.000156962312758],
        "min": [2.4436017933e-22, 2.21044974971e-21, 1.85912962418e-20, 1.73494751914e-20, 2.8952668839e-20, 2.27456476941e-20, 1.37747195008e-19, 1.35854809977e-18, 8.8750844559e-19, 7.0055978519e-19, 9.84082609286e-19, 1.45409749008e-18, 2.07269251706e-18, 3.66450565297e-18, 2.29313925224e-18, 2.46400519508e-18, 3.79708078488e-18, 6.45634609946e-18, 1.01669273669e-17, 1.02062225819e-17, 5.74982177336e-18, 8.94994533531e-18, 1.86646770496e-17, 1.86107035146e-17, 1.63892371877e-17, 1.13579797678e-17, 1.18385013934e-17, 1.10268916287e-17, 1.68536147292e-17, 1.97035034024e-17, 2.34072045951e-17, 1.62194170079e-17, 1.62932147535e-17, 1.03322046707e-17, 9.66206181594e-18, 5.62842350589e-18, 3.46163154273e-18, 1.70303852941e-18, 3.15742077642e-19, 3.30308211241e-20],
        "stdev": [3.5131547451, 11.1418590546, 13.8904676437, 13.8381662369, 13.6785612106, 23.394569397, 32.1686859131, 23.9745540619, 26.8771133423, 49.2336387634, 69.5369873047, 35.7313766479, 70.3250198364, 45.2160224915, 42.417930603, 69.2403793335, 53.7074432373, 52.96251297, 38.7648391724, 24.6013736725, 33.9907035828, 32.2432250977, 41.3188591003, 31.6944694519, 21.9143486023, 17.9325809479, 17.6581344604, 15.4913978577, 14.1357965469, 12.6159906387, 11.499833107, 14.0581007004, 11.902381897, 8.63049888611, 3.95404839516, 1.97907459736, 0.736751019955, 0.1361297369, 0.00485800439492, 0.000149720130139],
        "var": [12.342256546, 124.141014099, 192.945083618, 191.494842529, 187.103042603, 547.305908203, 1034.82446289, 574.77923584, 722.379211426, 2423.95117188, 4835.39306641, 1276.73132324, 4945.60888672, 2044.48876953, 1799.28076172, 4794.23046875, 2884.48925781, 2805.02758789, 1502.71289062, 605.227600098, 1155.36804199, 1039.62561035, 1707.24804688, 1004.53936768, 480.238677979, 321.577453613, 311.809692383, 239.983398438, 199.820755005, 159.163223267, 132.246154785, 197.630187988, 141.666687012, 74.4855117798, 15.6344985962, 3.91673612595, 0.542802095413, 0.0185313057154, 2.36002088059e-05, 2.24161169626e-08]
    },
    "gfcc": {
        "mean": [-45.0459785461, 68.706741333, -85.3748168945, 31.0421295166, -54.9729309082, 16.5883045197, -42.8731765747, 12.3759050369, -22.3402900696, 0.695302844048, -12.0662183762, 2.88890028, -9.49996471405],
        "cov": [[17755.109375, -503.786224365, -329.770111084, 422.071075439, 474.834716797, 1074.93029785, 688.596435547, 950.893310547, 350.350463867, 528.617675781, 8.00991725922, 582.799560547, 50.2042236328], [-503.786224365, 3409.37573242, 412.250823975, -87.1799163818, 679.929077148, -132.106018066, 493.121337891, -54.974193573, 348.375030518, -88.4563446045, 372.801239014, -140.300979614, 292.22265625], [-329.770111084, 412.250823975, 2626.8605957, 1047.11254883, 723.010620117, 347.355316162, 475.950714111, 223.330230713, 172.133712769, 133.795333862, 171.099914551, 211.477844238, 146.327850342], [422.071075439, -87.1799163818, 1047.11254883, 1360.73291016, 502.558929443, 297.608062744, 303.814819336, 203.554443359, 132.223083496, 57.297618866, 164.843780518, 174.078323364, 201.502990723], [474.834716797, 679.929077148, 723.010620117, 502.558929443, 834.080505371, 424.042419434, 508.506835938, 233.266738892, 200.500854492, 116.603065491, 165.018066406, 105.966789246, 201.063812256], [1074.93029785, -132.106018066, 347.355316162, 297.608062744, 424.042419434, 709.046020508, 502.946533203, 250.581878662, 86.3435897827, 156.072784424, 93.2638320923, 155.57232666, 119.1510849], [688.596435547, 493.121337891, 475.950714111, 303.814819336, 508.506835938, 502.946533203, 760.040161133, 282.311035156, 143.061172485, 93.0479888916, 162.919540405, 179.380386353, 171.801239014], [950.893310547, -54.974193573, 223.330230713, 203.554443359, 233.266738892, 250.581878662, 282.311035156, 320.79486084, 89.9528884888, 91.0127258301, 41.7145233154, 77.5366592407, 56.3421669006], [350.350463867, 348.375030518, 172.133712769, 132.223083496, 200.500854492, 86.3435897827, 143.061172485, 89.9528884888, 262.214263916, 81.5278167725, 91.8427886963, 35.9545707703, 85.1859054565], [528.617675781, -88.4563446045, 133.795333862, 57.297618866, 116.603065491, 156.072784424, 93.0479888916, 91.0127258301, 81.5278167725, 166.481185913, 28.8755207062, 25.6160926819, 19.3134899139], [8.00991725922, 372.801239014, 171.099914551, 164.843780518, 165.018066406, 93.2638320923, 162.919540405, 41.7145233154, 91.8427886963, 28.8755207062, 195.86390686, 48.4875717163, 83.6838684082], [582.799560547, -140.300979614, 211.477844238, 174.078323364, 105.966789246, 155.57232666, 179.380386353, 77.5366592407, 35.9545707703, 25.6160926819, 48.4875717163, 215.515213013, 39.4446868896], [50.2042236328, 292.22265625, 146.327850342, 201.502990723, 201.063812256, 119.1510849, 171.801239014, 56.3421669006, 85.1859054565, 19.3134899139, 83.6838684082, 39.4446868896, 180.670852661]],
        "icov": [[8.47578921821e-05, -7.15498317732e-05, 5.84302688367e-05, -4.85014134028e-05, 5.22834161529e-05, -0.000108915060991, 0.000117601128295, -0.000241456276854, 3.55466772817e-06, -0.000199800197151, 0.000141608426929, -0.000277346844086, 9.07021021703e-05], [-7.15498317732e-05, 0.000924241961911, -0.000146339196363, 0.000464771088446, -0.000729001243599, 0.000799857079983, -0.000820600427687, 0.000693661742844, -0.000628868408967, 0.000910808041226, -0.00113636557944, 0.00113055866677, -0.000548406853341], [5.84302688367e-05, -0.000146339196363, 0.000704306236003, -0.000493057421409, -0.000280933192698, 5.99005870754e-05, -3.9344515244e-05, -6.57412019791e-05, 0.000121582088468, -0.000548239971977, 0.000255327235209, -0.000503286952153, 0.000523888622411], [-4.85014134028e-05, 0.000464771088446, -0.000493057421409, 0.00161601952277, -0.000654274655972, 0.000191494371393, 0.000171833104105, -0.000164911092725, -0.000192488892935, 0.00091030675685, -0.00100772641599, 8.40277716634e-05, -0.0012095462298], [5.22834161529e-05, -0.000729001243599, -0.000280933192698, -0.000654274655972, 0.00364800589159, -0.00127981929109, -0.000290083582513, -0.000710548949428, -0.000324089254718, -0.000778429443017, 0.000675065850373, -6.94328045938e-05, -0.000657983124256], [-0.000108915060991, 0.000799857079983, 5.99005870754e-05, 0.000191494371393, -0.00127981929109, 0.00434233527631, -0.0023749799002, 0.000322674546624, 0.000545555260032, -0.0014925604919, -0.000637334247585, 0.000310973729938, -0.000677603587974], [0.000117601128295, -0.000820600427687, -3.9344515244e-05, 0.000171833104105, -0.000290083582513, -0.0023749799002, 0.00495187193155, -0.00240963534452, 0.000474676839076, 0.000375008996343, -0.000240671593929, -0.00231338338926, -0.000580769497901], [-0.000241456276854, 0.000693661742844, -6.57412019791e-05, -0.000164911092725, -0.000710548949428, 0.000322674546624, -0.00240963534452, 0.00658725900576, -0.00111526227556, -0.000507017946802, 0.000116945440823, 0.00122768257279, 0.000255214195931], [3.55466772817e-06, -0.000628868408967, 0.000121582088468, -0.000192488892935, -0.000324089254718, 0.000545555260032, 0.000474676839076, -0.00111526227556, 0.00662147160619, -0.00313889980316, -0.000793828919996, -0.000947752618231, -0.00118218152784], [-0.000199800197151, 0.000910808041226, -0.000548239971977, 0.00091030675685, -0.000778429443017, -0.0014925604919, 0.000375008996343, -0.000507017946802, -0.00313889980316, 0.0107556581497, -0.00154465867672, 0.00180137972347, 0.000315644982038], [0.000141608426929, -0.00113636557944, 0.000255327235209, -0.00100772641599, 0.000675065850373, -0.000637334247585, -0.000240671593929, 0.000116945440823, -0.000793828919996, -0.00154465867672, 0.00917288009077, -0.00188889575657, -0.000719718518667], [-0.000277346844086, 0.00113055866677, -0.000503286952153, 8.40277716634e-05, -6.94328045938e-05, 0.000310973729938, -0.00231338338926, 0.00122768257279, -0.000947752618231, 0.00180137972347, -0.00188889575657, 0.00829316116869, -0.000429871404776], [9.07021021703e-05, -0.000548406853341, 0.000523888622411, -0.0012095462298, -0.000657983124256, -0.000677603587974, -0.000580769497901, 0.000255214195931, -0.00118218152784, 0.000315644982038, -0.000719718518667, -0.000429871404776, 0.00992410443723]]
    },
    "melbands": {
        "dmean": [0.00436512520537, 0.00279872328974, 0.000973458169028, 0.000542538240552, 0.000439100171207, 0.000212045270018, 0.000171522173332, 0.000239691929892, 0.000197462984943, 8.61482985783e-05, 0.000100842706161, 7.12539840606e-05, 5.07951335749e-05, 6.98590374668e-05, 5.08262455696e-05, 4.2916086386e-05, 3.93096597691e-05, 3.0317771234e-05, 1.43313254739e-05, 1.38035647979e-05, 1.71610899997e-05, 1.24060543385e-05, 1.75257973751e-05, 1.15423335956e-05, 9.52284608502e-06, 7.89204750618e-06, 4.65955008622e-06, 3.92517222281e-06, 4.27306486017e-06, 3.35304844157e-06, 3.13670352625e-06, 2.71851126854e-06, 3.20419326272e-06, 3.71066380467e-06, 3.35984600497e-06, 2.72782926913e-06, 3.41543341165e-06, 2.89739728032e-06, 2.49540721597e-06, 2.26933639169e-06],
        "dmean2": [0.00686266459525, 0.00488265464082, 0.00172764284071, 0.00087935308693, 0.000695955532137, 0.000358251214493, 0.000282878259895, 0.000370797788491, 0.000313686730806, 0.000138466813951, 0.000141719647218, 0.000104820261186, 7.62821073295e-05, 0.000107055609988, 7.67912788433e-05, 6.66304913466e-05, 5.92121468799e-05, 4.57524511148e-05, 2.15331983782e-05, 2.2202879336e-05, 2.78969728242e-05, 1.88893627637e-05, 2.8402548196e-05, 1.75697132363e-05, 1.37801562232e-05, 1.15772645586e-05, 6.81705023453e-06, 6.08666050539e-06, 6.74857255945e-06, 4.71211296826e-06, 4.6917389227e-06, 4.09419362768e-06, 4.61121499029e-06, 5.96299332756e-06, 5.30299348611e-06, 4.25839562013e-06, 5.54645703232e-06, 4.35436095358e-06, 3.75872809855e-06, 3.64076981896e-06],
        "dvar": [0.000110610555566, 7.3806157161e-05, 8.5088531705e-06, 1.25110796034e-06, 9.53148287408e-07, 2.79886734234e-07, 1.66143749425e-07, 2.83471479179e-07, 2.17557897031e-07, 5.35357749243e-08, 5.80530823413e-08, 2.17482281073e-08, 1.46133949386e-08, 2.65896780149e-08, 2.04655510316e-08, 1.18322631693e-08, 8.57093329643e-09, 3.60142582423e-09, 9.9391195274e-10, 1.17162068936e-09, 1.4154517558e-09, 7.46111339378e-10, 1.91822002726e-09, 7.92921672765e-10, 5.1459397854e-10, 2.42655645577e-10, 1.02042825578e-10, 1.3887767325e-10, 9.20946652272e-11, 8.43837569264e-11, 7.01722360774e-11, 4.20508662613e-11, 4.03057830167e-11, 4.25456718467e-11, 3.33959006282e-11, 3.3386599041e-11, 6.62658330985e-11, 4.20411830349e-11, 4.65941486782e-11, 3.57625248859e-11],
        "dvar2": [0.00021433152142, 0.000193359257537, 2.41895577346e-05, 3.28236092173e-06, 2.3442728434e-06, 7.43044950013e-07, 3.94563841155e-07, 6.45626016649e-07, 5.52372114271e-07, 1.37140617085e-07, 1.01065758429e-07, 4.4949146627e-08, 3.52400171266e-08, 5.7455448399e-08, 4.07875546671e-08, 2.88554673489e-08, 1.97852969563e-08, 8.02858135529e-09, 2.36951303023e-09, 2.80268386277e-09, 3.53530249519e-09, 1.71606551191e-09, 4.60684690395e-09, 1.80729520238e-09, 1.12639775285e-09, 4.47629017186e-10, 2.28480956377e-10, 3.29094917983e-10, 2.25319582436e-10, 1.56289411968e-10, 1.5600069847e-10, 7.50126558091e-11, 7.62315904845e-11, 9.38133598583e-11, 7.08332212329e-11, 6.80272435605e-11, 1.55215312825e-10, 8.23891024848e-11, 1.02635802635e-10, 8.35473495941e-11],
        "max": [0.0853191465139, 0.0762797296047, 0.0288472827524, 0.0123610682786, 0.014247475192, 0.00962237920612, 0.00555890798569, 0.00680731330067, 0.00549575174227, 0.00265401066281, 0.00398773932829, 0.00190003833268, 0.00163355714176, 0.00144449307118, 0.00152195943519, 0.0014273225097, 0.001093482133, 0.000508990313392, 0.000407728453865, 0.000441282463726, 0.000408329389757, 0.000258730055066, 0.000442399003077, 0.000322824955219, 0.000332209921908, 0.000164337849128, 0.000112167967018, 0.000163134463946, 8.61376101966e-05, 0.000105172941403, 9.24706619116e-05, 7.89577024989e-05, 6.41730730422e-05, 6.26264300081e-05, 5.5800028349e-05, 0.000135034584673, 0.000158593335073, 0.000105481296487, 0.000124564045109, 9.18752557482e-05],
        "mean": [0.0234869420528, 0.00451483251527, 0.000986956409179, 0.000726582948118, 0.000559874693863, 0.000241453119088, 0.000180907882168, 0.000291879230645, 0.000235394618358, 9.36694996199e-05, 0.000143998870044, 9.75326183834e-05, 6.2676052039e-05, 7.97911125119e-05, 5.34223327122e-05, 5.03366245539e-05, 4.32722044934e-05, 3.9038281102e-05, 1.78847130883e-05, 1.6251067791e-05, 1.9727025574e-05, 1.48880408233e-05, 2.03310137294e-05, 1.3850914911e-05, 1.1193696082e-05, 1.04186074168e-05, 5.38326548849e-06, 4.53749089502e-06, 5.1396186791e-06, 3.88235048376e-06, 3.48830758412e-06, 3.52549091076e-06, 3.7299221276e-06, 3.94318749386e-06, 3.75405602426e-06, 3.24452935274e-06, 3.78252661903e-06, 3.35487015946e-06, 2.82991618406e-06, 2.49542176789e-06],
        "median": [0.0310724005103, 0.00155931781046, 0.000393883266952, 0.000353394600097, 0.00014387970441, 7.13284389349e-05, 4.239286136e-05, 5.87231224927e-05, 2.48581636697e-05, 1.3560638763e-05, 1.86629331438e-05, 1.29782220029e-05, 7.91990896687e-06, 9.74911654339e-06, 3.56355462827e-06, 5.35084018338e-06, 4.74713306176e-06, 5.49109563508e-06, 3.47969512404e-06, 2.61579930338e-06, 3.39499342772e-06, 3.02078979075e-06, 3.47078025698e-06, 2.30043337979e-06, 1.78471464096e-06, 1.73723367425e-06, 1.05529727534e-06, 6.77682180594e-07, 5.29777935299e-07, 5.25043105881e-07, 5.14742623636e-07, 5.52185099423e-07, 5.46382864286e-07, 7.6540908367e-07, 7.18310161574e-07, 6.00904115799e-07, 6.00927592131e-07, 6.1687546804e-07, 4.70699148991e-07, 3.21304213458e-07],
        "min": [4.51571513394e-24, 6.91302161528e-24, 3.8496155795e-24, 1.87474746557e-24, 4.03264984774e-24, 2.79765007752e-23, 1.34276432299e-23, 7.08104109948e-24, 8.74808720794e-24, 8.58166753366e-24, 1.03304372653e-23, 1.54556010911e-23, 6.2098495426e-24, 7.67444514936e-24, 6.19361320745e-24, 1.02892342714e-23, 1.10929581049e-23, 1.46577866146e-23, 1.88456992768e-23, 8.23686037629e-24, 6.17533963901e-24, 1.03413243347e-23, 7.50450242227e-24, 2.29701843669e-23, 1.36477291115e-23, 1.38131989973e-23, 8.90059295359e-24, 6.91090825691e-24, 7.89982507656e-24, 6.05999673618e-24, 6.11203236807e-24, 8.76471324038e-24, 9.92283125787e-24, 1.22320487974e-23, 1.44651546701e-23, 1.07256960219e-23, 9.85321664957e-24, 1.1694244453e-23, 1.01801308639e-23, 7.89054176143e-24],
        "stdev": [0.0230192188174, 0.00887936260551, 0.00232316204347, 0.00115639017895, 0.00113679852802, 0.000519025139511, 0.0004141315585, 0.000594496843405, 0.000502480659634, 0.000245635368628, 0.00035766424844, 0.000199960326427, 0.000143269062391, 0.000186319593922, 0.000159395509399, 0.000129745647428, 0.000103465506982, 7.51644693082e-05, 3.47117711499e-05, 3.64698462363e-05, 4.02737678087e-05, 3.11800395139e-05, 4.5997723646e-05, 3.17759258905e-05, 2.57070150838e-05, 2.02388673642e-05, 1.12606248877e-05, 1.22580977404e-05, 1.11688632387e-05, 1.0949686839e-05, 9.00888517208e-06, 8.02754675533e-06, 7.88277247921e-06, 7.23531093172e-06, 6.73653221384e-06, 7.37745540391e-06, 9.93896810542e-06, 8.48541276355e-06, 8.32298701425e-06, 7.25658856027e-06],
        "var": [0.000529884477146, 7.88430843386e-05, 5.39708207725e-06, 1.33723813178e-06, 1.2923109125e-06, 2.69387101071e-07, 1.71504950686e-07, 3.53426514721e-07, 2.52486842101e-07, 6.03367311669e-08, 1.27923712512e-07, 3.99841297849e-08, 2.05260253239e-08, 3.47149935465e-08, 2.54069263406e-08, 1.68339333584e-08, 1.07051105758e-08, 5.64969759864e-09, 1.20490717403e-09, 1.33004973701e-09, 1.62197633102e-09, 9.72194880156e-10, 2.11579065379e-09, 1.00970942718e-09, 6.60850596468e-10, 4.09611788932e-10, 1.26801680267e-10, 1.50260956455e-10, 1.2474350719e-10, 1.19895648965e-10, 8.11600162076e-11, 6.44415076856e-11, 6.21381071597e-11, 5.23497217797e-11, 4.53808692014e-11, 5.44268484448e-11, 9.8783078939e-11, 7.20022305667e-11, 6.92721088824e-11, 5.26580792859e-11]
    },
    "melbands128": {
