{
"lowlevel": {
    "average_loudness": 0.977214217186,
    "barkbands_crest": {
        "dmean": 2.51178073883,
        "dmean2": 3.99550795555,
        "dvar": 4.8199596405,
        "dvar2": 13.043507576,
        "max": 21.7657775879,
        "mean": 8.10319900513,
        "median": 7.36859226227,
        "min": 2.52783346176,
        "stdev": 3.34778833389,
        "var": 11.2076873779
    },
    "barkbands_flatness_db": {
        "dmean": 0.0173191968352,
        "dmean2": 0.0281161274761,
        "dvar": 0.00032494662446,
        "dvar2": 0.000834513106383,
        "max": 0.278993964195,
        "mean": 0.0848063826561,
        "median": 0.0775718390942,
        "min": 0.0274643301964,
        "stdev": 0.033735524863,
        "var": 0.00113808561582
    },
    "barkbands_kurtosis": {
        "dmean": 1.73023712635,
        "dmean2": 2.81084537506,
        "dvar": 13.801981926,
        "dvar2": 31.8880748749,
        "max": 77.984992981,
        "mean": 1.63092494011,
        "median": 0.0651047229767,
        "min": -1.79503643513,
        "stdev": 5.70249271393,
        "var": 32.5184211731
    },
    "barkbands_skewness": {
        "dmean": 0.455596864223,
        "dmean2": 0.722528338432,
        "dvar": 0.30383464694,
        "dvar2": 0.674514591694,
        "max": 8.03416347504,
        "mean": 1.06715631485,
        "median": 0.824463307858,
        "min": -1.67568635941,
        "stdev": 1.04489004612,
        "var": 1.09179532528
    },
    "barkbands_spread": {
        "dmean": 6.97366523743,
        "dmean2": 10.9418430328,
        "dvar": 54.007358551,
        "dvar2": 130.899032593,
        "max": 96.7045669556,
        "mean": 33.9106559753,
        "median": 33.0804328918,
        "min": 2.71501517296,
        "stdev": 13.1941337585,
        "var": 174.085174561
    },
    "dissonance": {
        "dmean": 0.0142232142389,
        "dmean2": 0.0239368081093,
        "dvar": 0.000177195572178,
        "dvar2": 0.000426809594501,
        "max": 0.499890446663,
        "mean": 0.475490868092,
        "median": 0.479867607355,
        "min": 0.286112606525,
        "stdev": 0.0190064422786,
        "var": 0.000361244834494
    },
    "dynamic_complexity": 1.92951929569,
    "erbbands_crest": {
        "dmean": 2.56798553467,
        "dmean2": 4.14517211914,
        "dvar": 5.63322210312,
        "dvar2": 14.079993248,
        "max": 22.1571674347,
        "mean": 8.01919937134,
        "median": 7.19515419006,
        "min": 2.42807340622,
        "stdev": 3.70941281319,
        "var": 13.7597427368
    },
    "erbbands_flatness_db": {
        "dmean": 0.0145296920091,
        "dmean2": 0.021528750658,
        "dvar": 0.000201692688279,
        "dvar2": 0.000398335803766,
        "max": 0.241066679358,
        "mean": 0.124618753791,
        "median": 0.123995795846,
        "min": 0.0580249540508,
        "stdev": 0.0320855230093,
        "var": 0.00102948083077
    },
    "erbbands_kurtosis": {
        "dmean": 0.627406597137,
        "dmean2": 0.997914373875,
        "dvar": 0.612163901329,
        "dvar2": 1.40295624733,
        "max": 9.47678661346,
        "mean": -0.0416331775486,
        "median": -0.357570648193,
        "min": -1.7658700943,
        "stdev": 1.25552535057,
        "var": 1.576343894
    },
    "erbbands_skewness": {
        "dmean": 0.301344722509,
        "dmean2": 0.464486986399,
        "dvar": 0.0770873874426,
        "dvar2": 0.164644762874,
        "max": 2.22265195847,
        "mean": 0.100552089512,
        "median": 0.0925446748734,
        "min": -2.6629986763,
        "stdev": 0.615468144417,
        "var": 0.378801047802
    },
    "erbbands_spread": {
        "dmean": 9.04608917236,
        "dmean2": 13.8516921997,
        "dvar": 93.5241851807,
        "dvar2": 211.845123291,
        "max": 123.290969849,
        "mean": 45.4340896606,
        "median": 41.3471908569,
        "min": 8.87630176544,
        "stdev": 19.0506439209,
        "var": 362.927032471
    },
    "hfc": {
        "dmean": 8.54395008087,
        "dmean2": 13.0754213333,
        "dvar": 130.353683472,
        "dvar2": 312.439727783,
        "max": 120.392951965,
        "mean": 39.0580329895,
        "median": 37.9609985352,
        "min": 1.16755709664e-16,
        "stdev": 23.207157135,
        "var": 538.572143555
    },
    "loudness_ebu128": {
        "integrated": -6.76362848282,
        "loudness_range": 3.53614425659,
        "momentary": {
            "dmean": 0.447695046663,
            "dmean2": 0.485134631395,
            "dvar": 0.2075381428,
            "dvar2": 0.238690674305,
            "max": -4.33467292786,
            "mean": -7.07644319534,
            "median": -6.56999778748,
            "min": -11.8204507828,
            "stdev": 1.73484265804,
            "var": 3.00967907906
        },
        "short_term": {
            "dmean": 0.068171299994,
            "dmean2": 0.0612940602005,
            "dvar": 0.00258120009676,
            "dvar2": 0.00268293661065,
            "max": -5.27541637421,
            "mean": -6.80564594269,
            "median": -6.48246622086,
            "min": -9.89757442474,
            "stdev": 1.17710042,
            "var": 1.38556551933
        }
    },
    "melbands_crest": {
        "dmean": 3.43603658676,
        "dmean2": 5.66563606262,
        "dvar": 10.9654846191,
        "dvar2": 28.5666332245,
        "max": 29.0432262421,
        "mean": 12.291970253,
        "median": 11.1702699661,
        "min": 1.95273387432,
        "stdev": 4.91885137558,
        "var": 24.1951007843
    },
    "melbands_flatness_db": {
        "dmean": 0.0228963587433,
        "dmean2": 0.0365781188011,
        "dvar": 0.000625802553259,
        "dvar2": 0.00147863582242,
        "max": 0.365451961756,
        "mean": 0.13962072134,
        "median": 0.130259156227,
        "min": 0.00607714662328,
        "stdev": 0.0483687110245,
        "var": 0.00233953213319
    },
    "melbands_kurtosis": {
        "dmean": 6.35190057755,
        "dmean2": 10.4042015076,
        "dvar": 178.118972778,
        "dvar2": 429.193603516,
        "max": 211.747528076,
        "mean": 10.6977968216,
        "median": 4.03502464294,
        "min": -1.32423853874,
        "stdev": 19.736951828,
        "var": 389.547271729
    },
    "melbands_skewness": {
        "dmean": 0.72973793745,
        "dmean2": 1.14660310745,
        "dvar": 0.918357431889,
        "dvar2": 2.11177206039,
        "max": 12.3958282471,
        "mean": 2.36124682426,
        "median": 1.87078630924,
        "min": -0.34892898798,
        "stdev": 1.73968863487,
        "var": 3.02651643753
    },
    "melbands_spread": {
        "dmean": 9.15615463257,
        "dmean2": 14.3872995377,
        "dvar": 108.427536011,
        "dvar2": 228.625732422,
        "max": 169.838439941,
        "mean": 36.5056686401,
        "median": 35.0820350647,
        "min": 1.50981211662,
        "stdev": 19.7556343079,
        "var": 390.285095215
    },
    "pitch_salience": {
        "dmean": 0.0696815028787,
        "dmean2": 0.114741660655,
        "dvar": 0.00403198460117,
        "dvar2": 0.0100419232622,
        "max": 0.862635195255,
        "mean": 0.57693529129,
        "median": 0.577710986137,
        "min": 0.203748807311,
        "stdev": 0.0921316817403,
        "var": 0.00848824717104
    },
    "silence_rate_20dB": {
        "dmean": 0,
        "dmean2": 0,
        "dvar": 0,
        "dvar2": 0,
        "max": 1,
        "mean": 1,
        "median": 1,
        "min": 1,
        "stdev": 0,
        "var": 0
    },
    "silence_rate_30dB": {
        "dmean": 0,
        "dmean2": 0,
        "dvar": 0,
        "dvar2": 0,
        "max": 1,
        "mean": 1,
        "median": 1,
        "min": 1,
        "stdev": 0,
        "var": 0
    },
    "silence_rate_60dB": {
        "dmean": 0.00232198135927,
        "dmean2": 0.00387296662666,
        "dvar": 0.00231665512547,
        "dvar2": 0.00385780213401,
        "max": 1,
        "mean": 0.00541376648471,
        "median": 0,
        "min": 0,
        "stdev": 0.0733777135611,
        "var": 0.00538428872824
    },
    "spectral_centroid": {
        "dmean": 258.100585938,
        "dmean2": 402.00491333,
        "dvar": 137100.9375,
        "dvar2": 224749.609375,
        "max": 10898.9277344,
        "mean": 1823.63916016,
        "median": 1822.07592773,
        "min": 410.016937256,
        "stdev": 562.018920898,
        "var": 315865.28125
    },
    "spectral_complexity": {
        "dmean": 4.43034076691,
        "dmean2": 6.66615009308,
        "dvar": 18.2961540222,
        "dvar2": 40.4750671387,
        "max": 55,
        "mean": 27.8546009064,
        "median": 29,
        "min": 0,
        "stdev": 10.6725330353,
        "var": 113.902954102
    },
    "spectral_decrease": {
        "dmean": 2.51732057421e-09,
        "dmean2": 3.98440791471e-09,
        "dvar": 1.25154759329e-17,
        "dvar2": 3.01636538887e-17,
        "max": -6.64204547903e-29,
        "mean": -7.9083450899e-09,
        "median": -7.42241956786e-09,
        "min": -3.26519824512e-08,
        "stdev": 4.51954074165e-09,
        "var": 2.04262474995e-17
    },
    "spectral_energy": {
        "dmean": 0.0100102489814,
        "dmean2": 0.0156815741211,
        "dvar": 0.000188876118045,
        "dvar2": 0.000454257242382,
        "max": 0.126817584038,
        "mean": 0.033390596509,
        "median": 0.0314502418041,
        "min": 1.08407811155e-20,
        "stdev": 0.0182807184756,
        "var": 0.000334184675012
    },
    "spectral_energyband_high": {
        "dmean": 0.000773937208578,
        "dmean2": 0.00121863442473,
        "dvar": 1.85398323538e-06,
        "dvar2": 4.8343713388e-06,
        "max": 0.0154736377299,
        "mean": 0.00246864231303,
        "median": 0.00199198746122,
        "min": 7.81491162172e-21,
        "stdev": 0.00202233693562,
        "var": 4.08984624301e-06
    },
    "spectral_energyband_low": {
        "dmean": 0.00719123287126,
        "dmean2": 0.0117204142734,
        "dvar": 0.000181278446689,
        "dvar2": 0.000449563434813,
        "max": 0.112009637058,
        "mean": 0.0114618167281,
        "median": 0.00675379252061,
        "min": 2.89914555268e-23,
        "stdev": 0.0144641799852,
        "var": 0.000209212506888
    },
    "spectral_energyband_middle_high": {
        "dmean": 0.00279582850635,
        "dmean2": 0.00422734441236,
        "dvar": 1.0667222341e-05,
        "dvar2": 2.30590685533e-05,
        "max": 0.0464628897607,
        "mean": 0.00958765856922,
        "median": 0.00748661532998,
        "min": 1.64134928633e-21,
        "stdev": 0.00780019583181,
        "var": 6.08430527791e-05
    },
    "spectral_energyband_middle_low": {
        "dmean": 0.00391442654654,
        "dmean2": 0.00627328734845,
        "dvar": 1.80573551916e-05,
        "dvar2": 4.43389035354e-05,
        "max": 0.0539075881243,
        "mean": 0.0109734591097,
        "median": 0.00945153273642,
        "min": 4.31413917921e-22,
        "stdev": 0.00689708674327,
        "var": 4.75698070659e-05
    },
    "spectral_entropy": {
        "dmean": 0.108033232391,
        "dmean2": 0.164539381862,
        "dvar": 0.0156365465373,
        "dvar2": 0.0326193347573,
        "max": 9.79354953766,
        "mean": 8.00174427032,
        "median": 8.03725242615,
        "min": 6.86393594742,
        "stdev": 0.235379546881,
        "var": 0.055403534323
    },
    "spectral_flux": {
        "dmean": 0.0245752055198,
        "dmean2": 0.0379031673074,
        "dvar": 0.000818383472506,
        "dvar2": 0.00168503227178,
        "max": 0.315766006708,
        "mean": 0.104615010321,
        "median": 0.097769998014,
        "min": 1.04119074473e-10,
        "stdev": 0.0430169738829,
        "var": 0.00185046007391
    },
    "spectral_kurtosis": {
        "dmean": 0.677650570869,
        "dmean2": 1.10647952557,
        "dvar": 0.563240230083,
        "dvar2": 1.46064031124,
        "max": 9.96108341217,
        "mean": 2.42578983307,
        "median": 2.21535825729,
        "min": -1.20124840736,
        "stdev": 1.24413895607,
        "var": 1.54788160324
    },
    "spectral_rms": {
        "dmean": 0.000814685714431,
        "dmean2": 0.00125005817972,
        "dvar": 9.11156689654e-07,
        "dvar2": 2.0433183181e-06,
        "max": 0.0111231505871,
        "mean": 0.00549330422655,
        "median": 0.00553923845291,
        "min": 3.25213337163e-12,
        "stdev": 0.00154913065489,
        "var": 2.3998056804e-06
    },
    "spectral_rolloff": {
        "dmean": 715.71307373,
        "dmean2": 1185.22900391,
        "dvar": 1261518.125,
        "dvar2": 2437564,
        "max": 18497.0214844,
        "mean": 2221.89819336,
        "median": 1981.0546875,
        "min": 86.1328125,
        "stdev": 1568.86206055,
        "var": 2461328.25
    },
    "spectral_skewness": {
        "dmean": 0.130673781037,
        "dmean2": 0.20978102088,
        "dvar": 0.0181626267731,
        "dvar2": 0.0414825379848,
        "max": 2.23595738411,
        "mean": 1.22233390808,
        "median": 1.22215437889,
        "min": 0.0197127833962,
        "stdev": 0.243885099888,
        "var": 0.0594799406826
    },
    "spectral_spread": {
        "dmean": 488273.9375,
        "dmean2": 696416.9375,
        "dvar": 1.29755735654e+12,
        "dvar2": 1.475887104e+12,
        "max": 40078804,
        "mean": 5580980.5,
        "median": 5469823.5,
        "min": 2593874,
        "stdev": 1556511.875,
        "var": 2.42272934298e+12
    },
    "spectral_strongpeak": {
        "dmean": 0.783435046673,
        "dmean2": 1.31603884697,
        "dvar": 1.29556643963,
        "dvar2": 3.01418995857,
        "max": 8.60645771027,
        "mean": 1.3505051136,
        "median": 0.512007057667,
        "min": 0,
        "stdev": 1.60096907616,
        "var": 2.56310200691
    },
    "zerocrossingrate": {
        "dmean": 0.0114753656089,
        "dmean2": 0.0135886669159,
        "dvar": 0.000307268637698,
        "dvar2": 0.000352913164534,
        "max": 0.49658203125,
        "mean": 0.0886462703347,
        "median": 0.087890625,
        "min": 0.00830078125,
        "stdev": 0.0341011025012,
        "var": 0.00116288522258
    },
    "barkbands": {
        "dmean": [0.000485986791318, 0.00410537747666, 0.00368361803703, 0.00124127755407, 0.00119190604892, 0.000665308500174, 0.000976373092271, 0.00109171646181, 0.00146279018372, 0.000903182371985, 0.000339276884915, 0.000553278834559, 0.000632607203443, 0.000755648768973, 0.000674501468893, 0.000328961061314, 0.000442406948423, 0.000318733393215, 0.000247963238508, 0.000173844819074, 0.000228799806791, 0.000272621924523, 0.000191109633306, 0.000131583714392, 9.93040812318e-05, 4.42118325736e-05, 3.03677256852e-06],
        "dmean2": [0.000760892464314, 0.00676011061296, 0.00645846361294, 0.00208013830706, 0.00196232250892, 0.00109634792898, 0.00150870240759, 0.0016221688129, 0.00233979173936, 0.0013972785091, 0.000562781468034, 0.000892659823876, 0.0010099131614, 0.00119261594955, 0.00106241600588, 0.000544238951989, 0.00069033971522, 0.000517570762895, 0.000397472438635, 0.000277749146335, 0.000386874919059, 0.00045875646174, 0.00030953658279, 0.000207868157304, 0.000152640146553, 6.61968515487e-05, 4.87623310619e-06],
        "dvar": [7.21397782399e-07, 5.68422510696e-05, 6.00767234573e-05, 2.06322874874e-06, 3.25317068928e-06, 1.58835734965e-06, 4.04006550525e-06, 4.95864196637e-06, 8.19186152512e-06, 3.12431075145e-06, 7.96944334525e-07, 1.79597066108e-06, 1.92545940081e-06, 1.94615654436e-06, 1.44521334278e-06, 3.42575049217e-07, 4.4418797529e-07, 2.99189082398e-07, 1.64227913046e-07, 6.132048469e-08, 1.20498569345e-07, 2.48336618824e-07, 7.95368890749e-08, 4.71409400404e-08, 4.09043323657e-08, 6.46075681843e-09, 2.26575216922e-11],
        "dvar2": [1.65008339081e-06, 0.00013189476158, 0.000167715290445, 5.61883598493e-06, 8.45490467327e-06, 4.05915670854e-06, 9.18789737625e-06, 1.06962970676e-05, 1.84803011507e-05, 6.7401351771e-06, 2.03239824259e-06, 4.48617311122e-06, 4.52310951005e-06, 4.40209851149e-06, 3.30768421009e-06, 9.09556490569e-07, 1.02134163171e-06, 7.56345400532e-07, 4.02355709639e-07, 1.5716905466e-07, 3.29795994958e-07, 6.88190880282e-07, 1.95632381406e-07, 1.09026061068e-07, 9.31994819098e-08, 1.37316353843e-08, 5.2954769042e-11],
        "max": [0.00787765718997, 0.056910507381, 0.0554028972983, 0.0154171064496, 0.0280225761235, 0.0171535387635, 0.0231890305877, 0.0454486347735, 0.0448987036943, 0.0228362232447, 0.0111938640475, 0.0227633602917, 0.025423521176, 0.0196921005845, 0.0200124233961, 0.0115857990459, 0.00934313889593, 0.00986529607326, 0.00499027362093, 0.0025987920817, 0.00344646419398, 0.00527715217322, 0.00528840674087, 0.00227667950094, 0.00276893051341, 0.00100409507286, 7.1925962402e-05],
        "mean": [0.000611687428318, 0.00538361584768, 0.00447705481201, 0.00196466827765, 0.00205809692852, 0.00108636065852, 0.00147176766768, 0.0017711854307, 0.00240504741669, 0.0016912027495, 0.000467108475277, 0.000970493769273, 0.00107241468504, 0.00129430775996, 0.00130403507501, 0.000623222091235, 0.000873032491654, 0.000677308533341, 0.000502297072671, 0.000416095048422, 0.000566635688301, 0.000574304256588, 0.000466193043394, 0.000321798899677, 0.000242027861532, 9.46035142988e-05, 4.04470711146e-06],
        "median": [0.000156624388183, 0.00207122019492, 0.00248771579936, 0.00154506973922, 0.00153779494576, 0.000566392438486, 0.000520303437952, 0.000490113685373, 0.000687035499141, 0.000348159461282, 0.000120246775623, 0.000288019684376, 0.000418027833803, 0.000514048559126, 0.000504170602653, 0.000327195797581, 0.000508283206727, 0.000426791055361, 0.000329971866449, 0.000302048400044, 0.000430511689046, 0.000414874317357, 0.00035716657294, 0.000234223523876, 0.000186428427696, 7.03404075466e-05, 2.39863561546e-06],
        "min": [6.94512983184e-24, 7.12154279608e-24, 5.93993999501e-24, 3.83126896254e-23, 6.07282290452e-23, 6.37706951627e-23, 4.38830920681e-23, 1.03348616706e-22, 9.89643865411e-23, 5.72783194257e-23, 5.15662785851e-23, 8.79208008736e-23, 1.98196645002e-22, 9.94277255715e-23, 1.21810953249e-22, 2.04628171164e-22, 1.62501345373e-22, 1.96934278227e-22, 2.88449274535e-22, 5.00550444962e-22, 4.15965497042e-22, 4.6066291129e-22, 6.61629631895e-22, 9.67484560635e-22, 1.04972915389e-21, 1.84552355324e-21, 2.19511136547e-21],
        "stdev": [0.00105922902003, 0.00854234583676, 0.00676114810631, 0.00168075191323, 0.00205742288381, 0.0017037485959, 0.00284353015013, 0.00363970128819, 0.00435078097507, 0.00314160459675, 0.00111421826296, 0.00216856296174, 0.00212280149572, 0.00208702986129, 0.00207543489523, 0.000850982789416, 0.00110252876766, 0.000815335719381, 0.000588353024796, 0.000384147657314, 0.000498606357723, 0.000589722360019, 0.000447851460194, 0.000325746979797, 0.000272153149126, 0.000111399160232, 6.09239532423e-06],
        "var": [1.12196619284e-06, 7.29716775822e-05, 4.57131245639e-05, 2.82492692349e-06, 4.23298888563e-06, 2.90275943371e-06, 8.08566437627e-06, 1.32474260681e-05, 1.89292968571e-05, 9.86968007055e-06, 1.24148232317e-06, 4.70266559205e-06, 4.5062861318e-06, 4.35569336332e-06, 4.30743011748e-06, 7.2417174124e-07, 1.21556979593e-06, 6.64772301207e-07, 3.4615925415e-07, 1.47569423348e-07, 2.48608301945e-07, 3.47772470377e-07, 2.00570923425e-07, 1.06111102127e-07, 7.40673442579e-08, 1.2409772765e-08, 3.71172814706e-11]
    },
    "erbbands": {
        "dmean": [0.150129854679, 0.941730320454, 3.99758315086, 3.74401211739, 4.54323816299, 3.99956321716, 3.66171097755, 6.26076698303, 13.5572681427, 13.9468002319, 25.359495163, 31.2755508423, 26.7574043274, 25.482542038, 15.1857671738, 19.6430625916, 27.9033813477, 30.0261802673, 38.5266609192, 24.2771224976, 17.2759380341, 22.9020271301, 17.9853610992, 11.749756813, 11.8873634338, 8.43964481354, 9.84353065491, 8.83195018768, 10.0187530518, 7.17487573624, 5.34285545349, 3.40821814537, 1.90498948097, 1.31969177723, 0.654582381248, 0.278339833021, 0.0625379011035, 0.00996379181743, 0.000292243203148, 1.68689275597e-05],
        "dmean2": [0.238048806787, 1.58141064644, 6.89071559906, 6.43013763428, 7.56363677979, 6.6338095665, 6.21836185455, 10.202041626, 21.0461997986, 21.4332885742, 38.4326553345, 49.7904014587, 41.3915901184, 40.2712249756, 23.8406200409, 31.3862190247, 44.6612319946, 47.5443305969, 62.3404808044, 37.3672485352, 27.9579925537, 35.4827919006, 28.5579853058, 19.1412448883, 18.877784729, 13.4115695953, 16.7289600372, 14.8694114685, 16.8909015656, 11.5592927933, 8.610206604, 5.45910263062, 2.9800567627, 2.05918169022, 1.0071451664, 0.416550666094, 0.096211515367, 0.0152773484588, 0.000454322987935, 2.56396324403e-05],
        "dvar": [0.0758370533586, 3.44453930855, 74.5957641602, 32.4067230225, 33.0012207031, 47.41355896, 48.0890350342, 156.723953247, 762.357177734, 1090.90698242, 2307.40551758, 4452.14355469, 2964.79296875, 2689.18969727, 1040.9720459, 2149.70385742, 4163.64648438, 3263.11035156, 4440.00830078, 2271.91674805, 994.37487793, 1215.5736084, 942.066650391, 331.132873535, 365.007263184, 143.423248291, 228.112762451, 221.607849121, 363.426055908, 116.718254089, 68.8726272583, 30.3129959106, 9.44837856293, 6.14817619324, 1.83072078228, 0.285403877497, 0.0131985777989, 0.000237421656493, 2.90677235171e-07, 5.52803192111e-10],
        "dvar2": [0.187064185739, 8.73954868317, 205.570556641, 91.0153503418, 88.5854797363, 119.436302185, 132.516525269, 391.956512451, 1678.51428223, 2633.13354492, 5162.59082031, 9563.47558594, 6381.42773438, 6439.18261719, 2554.16088867, 5195.85742188, 9433.81640625, 8332.82617188, 10397.59375, 4863.38134766, 2689.49975586, 2725.06640625, 2243.32543945, 805.277587891, 872.771179199, 360.94354248, 627.807617188, 612.571289062, 1025.29199219, 298.505950928, 171.422180176, 70.0238876343, 22.9000701904, 14.1849822998, 4.1376581192, 0.604240834713, 0.0297996550798, 0.000534870196134, 6.9182237894e-07, 1.25731358658e-09],
        "max": [2.08852648735, 16.7961483002, 65.5264587402, 55.0607872009, 66.1703033447, 123.697608948, 106.884208679, 200.403060913, 395.29788208, 513.348754883, 837.188110352, 1276.17333984, 722.217956543, 638.406555176, 434.982574463, 642.955993652, 1347.38378906, 830.3359375, 830.656982422, 940.092041016, 668.518005371, 472.975311279, 591.216430664, 240.780059814, 316.218505859, 128.036712646, 139.562332153, 167.228988647, 206.953079224, 167.235305786, 142.661346436, 69.2068786621, 34.473274231, 31.2729301453, 19.1698284149, 7.92042970657, 1.33114731312, 0.220103293657, 0.00955605600029, 0.000257243198575],
        "mean": [0.166969418526, 1.19198417664, 4.83217287064, 6.11135530472, 7.20849514008, 6.27373170853, 5.92274188995, 10.5773611069, 22.0415763855, 21.8321990967, 43.7493934631, 52.5209617615, 50.4118843079, 46.088973999, 27.2478103638, 36.3925666809, 50.1026268005, 55.0466461182, 75.5278549194, 52.6333618164, 36.30286026, 48.1270713806, 42.6783409119, 26.3503360748, 25.7743434906, 20.4269275665, 22.3030872345, 21.3229160309, 20.4272232056, 16.8222122192, 12.8168144226, 8.23010063171, 4.53864002228, 3.05156230927, 1.50017642975, 0.578267395496, 0.135724171996, 0.0199908055365, 0.000536241277587, 6.20917853666e-05],
        "median": [0.0493483543396, 0.511788964272, 2.58142995834, 4.59310436249, 5.18361520767, 4.27879953384, 3.94907355309, 5.05744123459, 8.01212024689, 8.08474159241, 16.5923461914, 17.158208847, 12.0483188629, 11.1693754196, 8.76521492004, 12.6505632401, 20.3554229736, 23.6665019989, 36.2875709534, 22.2751693726, 21.3314743042, 29.268037796, 28.4964408875, 20.045955658, 16.9833831787, 15.3895893097, 17.0253200531, 16.2422122955, 14.9444713593, 13.2112007141, 9.62066078186, 5.80866003036, 3.45013284683, 2.3057756424, 1.15518152714, 0.41526389122, 0.106024414301, 0.0160581432283, 0.000402293022489, 5.82064130867e-05],
        "min": [1.99775944534e-22, 1.45762714084e-21, 5.81782580048e-21, 6.8209552418e-20, 2.09214604731e-19, 1.64003742958e-19, 2.53487921904e-19, 5.8351646855e-19, 6.58290183804e-19, 1.21083421849e-18, 2.53866031332e-18, 1.79748787291e-18, 2.7037221366e-18, 1.88128416409e-18, 1.62632817754e-18, 4.14850350504e-18, 8.33296537848e-18, 7.00026243355e-18, 6.79740217859e-18, 8.9835495477e-18, 8.88543186498e-18, 9.48491695186e-18, 1.04896022521e-17, 1.57773154403e-17, 1.33041645228e-17, 2.23484828942e-17, 1.90914641953e-17, 1.63207929551e-17, 1.80721841204e-17, 1.87386038353e-17, 2.06089055224e-17, 2.39611393272e-17, 1.05718959697e-17, 8.57819796032e-18, 9.6543963332e-18, 7.03673778984e-18, 3.35290444148e-18, 1.11380055596e-18, 3.51458340625e-19, 3.19154294604e-20],
        "stdev": [0.298449009657, 1.91617083549, 7.61971235275, 5.73297929764, 6.85118055344, 7.31186914444, 7.2782740593, 17.8902111053, 42.7595672607, 39.8517913818, 74.8445281982, 96.981338501, 94.6081085205, 79.6449432373, 49.9026069641, 73.7829971313, 100.130706787, 80.495262146, 105.552017212, 87.4118499756, 45.7572822571, 57.6942672729, 51.0008163452, 25.3392009735, 30.6446743011, 18.4731044769, 19.778421402, 19.7176570892, 21.4570960999, 16.0608196259, 12.7957553864, 8.40002250671, 4.48114061356, 3.37182569504, 1.77528464794, 0.722386062145, 0.152148157358, 0.0217660032213, 0.000677438045386, 3.49760011886e-05],
        "var": [0.0890718027949, 3.6717107296, 58.0600166321, 32.8670539856, 46.9386749268, 53.463432312, 52.9732704163, 320.059631348, 1828.3807373, 1588.16516113, 5601.70361328, 9405.37988281, 8950.69433594, 6343.31640625, 2490.27001953, 5443.93017578, 10026.1582031, 6479.48730469, 11141.2275391, 7640.83154297, 2093.72900391, 3328.62866211, 2601.08325195, 642.075073242, 939.096008301, 341.255554199, 391.185943604, 388.786010742, 460.406951904, 257.949920654, 163.73135376, 70.5603790283, 20.0806217194, 11.3692092896, 3.15163564682, 0.521841585636, 0.0231490619481, 0.000473758933367, 4.5892230105e-07, 1.22332077801e-09]
    },
    "gfcc": {
        "mean": [59.0318222046, 58.8531646729, -113.638954163, 43.6176185608, -59.1429405212, 24.3460597992, -40.4903068542, 14.1304502487, -22.3623161316, 7.66628980637, -23.8879241943, -1.13580369949, -18.0800323486],
        "cov": [[3242.02026367, -513.05456543, -307.414245605, -136.347763062, -114.521430969, 318.108337402, 52.0783615112, 126.515975952, -21.0325698853, -16.2018222809, -192.358230591, -1.64503598213, -94.2509765625], [-513.05456543, 501.200134277, -53.1069908142, 2.2899055481, 19.6956729889, -123.886672974, 30.5771160126, -6.52440738678, 55.1696128845, -13.1816587448, 80.8940582275, -13.8045349121, 30.0867958069], [-307.414245605, -53.1069908142, 467.454589844, 176.05670166, 75.7623214722, -15.4868497849, -55.0428657532, -44.0051612854, -14.0947942734, 97.567817688, 43.9225692749, 19.9146060944, -26.1100997925], [-136.347763062, 2.2899055481, 176.05670166, 286.513092041, 41.4358177185, -68.3450164795, -74.1858139038, -18.6152877808, 44.2054367065, 33.637134552, 50.143081665, 21.5198631287, 25.0635299683], [-114.521430969, 19.6956729889, 75.7623214722, 41.4358177185, 156.155990601, 22.5492115021, -17.2752571106, -5.38425254822, 9.41878700256, 18.7011814117, -11.6299505234, -3.76996994019, -5.66778516769], [318.108337402, -123.886672974, -15.4868497849, -68.3450164795, 22.5492115021, 209.489303589, 113.224479675, 7.91559696198, -48.0374450684, -23.5161552429, -35.3403358459, 6.08413267136, 0.831428945065], [52.0783615112, 30.5771160126, -55.0428657532, -74.1858139038, -17.2752571106, 113.224479675, 180.025161743, 43.4867897034, -19.5493488312, -38.9165229797, 1.84841704369, 11.7383995056, 2.59629440308], [126.515975952, -6.52440738678, -44.0051612854, -18.6152877808, -5.38425254822, 7.91559696198, 43.4867897034, 90.8996047974, 55.675075531, -8.21316242218, -14.8483514786, -6.20195817947, 0.0710531771183], [-21.0325698853, 55.1696128845, -14.0947942734, 44.2054367065, 9.41878700256, -48.0374450684, -19.5493488312, 55.675075531, 130.029159546, 35.0832633972, -4.25934696198, -17.9435901642, 5.41259288788], [-16.2018222809, -13.1816587448, 97.567817688, 33.637134552, 18.7011814117, -23.5161552429, -38.9165229797, -8.21316242218, 35.0832633972, 98.5228042603, 37.2247009277, -0.968312084675, -18.303899765], [-192.358230591, 80.8940582275, 43.9225692749, 50.143081665, -11.6299505234, -35.3403358459, 1.84841704369, -14.8483514786, -4.25934696198, 37.2247009277, 117.88318634, 45.8207130432, 3.35111474991], [-1.64503598213, -13.8045349121, 19.9146060944, 21.5198631287, -3.76996994019, 6.08413267136, 11.7383995056, -6.20195817947, -17.9435901642, -0.968312084675, 45.8207130432, 66.3657455444, 22.1621208191], [-94.2509765625, 30.0867958069, -26.1100997925, 25.0635299683, -5.66778516769, 0.831428945065, 2.59629440308, 0.0710531771183, 5.41259288788, -18.303899765, 3.35111474991, 22.1621208191, 76.4947891235]],
        "icov": [[0.000738511560485, -0.000443524506409, 0.000904995366, -0.000939280318562, 0.00108286528848, -0.00191487034317, 0.00134068960324, -0.00184313254431, 0.00110861856956, -0.00170567387249, 0.00216610380448, -0.0020226133056, 0.00176281400491], [-0.000443524506409, 0.00548963574693, -0.000929439032916, 0.00242677330971, -0.00320771103725, 0.00556907663122, -0.00487493444234, 0.0051429704763, -0.00444348435849, 0.00479427725077, -0.00716067338362, 0.00643622130156, -0.00404495932162], [0.000904995366, -0.000929439032916, 0.00540588283911, -0.00406139530241, 0.000586045032833, -0.00236760079861, 0.00114693806972, -0.00255367462523, 0.00417242618278, -0.00698694493622, 0.00468799192458, -0.00411650165915, 0.00370932114311], [-0.000939280318562, 0.00242677330971, -0.00406139530241, 0.00859471876174, -0.00296761561185, 0.00397359998897, -0.00112045102287, 0.00488081062213, -0.00641000596806, 0.00705714384094, -0.00794096104801, 0.00469515891746, -0.00541391503066], [0.00108286528848, -0.00320771103725, 0.000586045032833, -0.00296761561185, 0.0104223815724, -0.00675493478775, 0.00504014035687, -0.0044656349346, 0.00251015624963, -0.00453235208988, 0.00696634827182, -0.00565764121711, 0.00451880833134], [-0.00191487034317, 0.00556907663122, -0.00236760079861, 0.00397359998897, -0.00675493478775, 0.0185698457062, -0.0136690689251, 0.00896061770618, -0.00282008526847, 0.00427636923268, -0.00563338212669, 0.0074252365157, -0.00758823286742], [0.00134068960324, -0.00487493444234, 0.00114693806972, -0.00112045102287, 0.00504014035687, -0.0136690689251, 0.0184923391789, -0.0120731238276, 0.00454603834078, -0.00090653024381, 0.00298775848933, -0.00648585706949, 0.00544309336692], [-0.00184313254431, 0.0051429704763, -0.00255367462523, 0.00488081062213, -0.0044656349346, 0.00896061770618, -0.0120731238276, 0.0287681035697, -0.0167467128485, 0.00992291048169, -0.00773893296719, 0.00651949550956, -0.00480031827465], [0.00110861856956, -0.00444348435849, 0.00417242618278, -0.00641000596806, 0.00251015624963, -0.00282008526847, 0.00454603834078, -0.0167467128485, 0.0226596836001, -0.0146134225652, 0.0101304221898, -0.00388664007187, 0.00229812925681], [-0.00170567387249, 0.00479427725077, -0.00698694493622, 0.00705714384094, -0.00453235208988, 0.00427636923268, -0.00090653024381, 0.00992291048169, -0.0146134225652, 0.0289958845824, -0.018481163308, 0.0116480831057, -0.00363799207844], [0.00216610380448, -0.00716067338362, 0.00468799192458, -0.00794096104801, 0.00696634827182, -0.00563338212669, 0.00298775848933, -0.00773893296719, 0.0101304221898, -0.018481163308, 0.0315382219851, -0.0233948081732, 0.0104278093204], [-0.0020226133056, 0.00643622130156, -0.00411650165915, 0.00469515891746, -0.00565764121711, 0.0074252365157, -0.00648585706949, 0.00651949550956, -0.00388664007187, 0.0116480831057, -0.0233948081732, 0.0370732210577, -0.0149066671729], [0.00176281400491, -0.00404495932162, 0.00370932114311, -0.00541391503066, 0.00451880833134, -0.00758823286742, 0.00544309336692, -0.00480031827465, 0.00229812925681, -0.00363799207844, 0.0104278093204, -0.0149066671729, 0.0229415576905]]
    },
    "melbands": {
        "dmean": [0.00115140841808, 0.00166240625549, 0.000637578021269, 0.000292965210974, 0.000128063897137, 0.000140438132803, 0.000201989183552, 0.000173844295205, 0.000211204969673, 0.000202450886718, 0.000139106603456, 0.00011454844207, 4.84006595798e-05, 6.56383199384e-05, 6.27165572951e-05, 5.93938530074e-05, 5.88025650359e-05, 6.85462000547e-05, 4.56366433355e-05, 2.51069795922e-05, 2.14654664887e-05, 2.37848726101e-05, 2.59616208496e-05, 1.45790536408e-05, 9.94756101136e-06, 1.03503225546e-05, 7.44025464883e-06, 6.05778859608e-06, 6.56268548482e-06, 6.13140537098e-06, 5.84091367273e-06, 6.5566118792e-06, 5.21581569046e-06, 4.07336574426e-06, 3.42927501151e-06, 2.88323894893e-06, 2.16602438741e-06, 1.46112927268e-06, 1.32089348881e-06, 1.14846693577e-06],
        "dmean2": [0.0018419935368, 0.00279515655711, 0.00108846416697, 0.000481620430946, 0.000215017367736, 0.00022713385988, 0.000313094293233, 0.000259454944171, 0.000324133376125, 0.000323664891766, 0.00021762419783, 0.000181135139428, 7.80412519816e-05, 0.000106971121568, 9.92149070953e-05, 9.51193287619e-05, 9.37149816309e-05, 0.000110738932563, 7.03998739482e-05, 4.02540863433e-05, 3.48109460901e-05, 3.75671770598e-05, 4.11673281633e-05, 2.35458701354e-05, 1.6457241145e-05, 1.651749335e-05, 1.17034041978e-05, 9.96857397695e-06, 1.12427724162e-05, 1.03776419564e-05, 1.00549459603e-05, 1.12635625555e-05, 8.59709962242e-06, 6.62152251607e-06, 5.62778268431e-06, 4.70026361654e-06, 3.48222602042e-06, 2.35833476836e-06, 2.06152390092e-06, 1.81567725122e-06],
        "dvar": [4.21062895839e-06, 1.26722716232e-05, 8.22833612801e-07, 2.06098732747e-07, 4.85769859893e-08, 7.50450581677e-08, 1.64824726312e-07, 1.48330244087e-07, 1.50337939431e-07, 1.73658847302e-07, 8.07967026617e-08, 5.28637116304e-08, 1.28789308107e-08, 3.30212444055e-08, 2.44904700963e-08, 1.46981369298e-08, 1.25692549702e-08, 1.51828363215e-08, 8.79619665994e-09, 2.17363504973e-09, 1.47377676729e-09, 1.20296717032e-09, 2.17115481149e-09, 5.02742181219e-10, 2.70340583253e-10, 3.21119908442e-10, 1.13555990999e-10, 8.00076532803e-11, 9.9090201322e-11, 9.2202329105e-11, 9.44820541249e-11, 1.64394428626e-10, 6.828953375e-11, 3.55628165805e-11, 2.7409543385e-11, 2.12865020749e-11, 1.41245791105e-11, 5.29866124935e-12, 5.32454245625e-12, 4.69373194825e-12],
        "dvar2": [9.75426701189e-06, 3.46138185705e-05, 2.29566262533e-06, 5.36016614205e-07, 1.31274930482e-07, 1.90005025047e-07, 3.72657694925e-07, 3.42299756539e-07, 3.4615626987e-07, 3.88690210684e-07, 1.72045474756e-07, 1.24421234204e-07, 3.19014858974e-08, 8.41920027028e-08, 5.89512509919e-08, 3.55250620032e-08, 3.11325365487e-08, 3.37773613523e-08, 1.82636146207e-08, 5.29356558587e-09, 3.94926269465e-09, 2.76119038745e-09, 5.16501197367e-09, 1.20016152572e-09, 6.66719734976e-10, 8.28325463775e-10, 2.75726580456e-10, 2.00626737445e-10, 2.7414442938e-10, 2.51237392002e-10, 2.58362026218e-10, 4.64742411221e-10, 1.82519735437e-10, 8.85542611462e-11, 6.81020725923e-11, 5.5811199412e-11, 3.31867276715e-11, 1.35869458046e-11, 1.22178708123e-11, 1.10502978296e-11],
        "max": [0.016517944634, 0.0296165011823, 0.00849092472345, 0.00740731135011, 0.0032274145633, 0.00389916449785, 0.00549269281328, 0.005989654921, 0.00554878218099, 0.00697339931503, 0.00363510125317, 0.00272196531296, 0.00169455201831, 0.00332091469318, 0.00333198253065, 0.00226004980505, 0.00147067429498, 0.00156180525664, 0.00218535703607, 0.00062354671536, 0.00072682875907, 0.000469158694614, 0.000755871704314, 0.000411199376686, 0.000235801460803, 0.000251407705946, 0.000180721675861, 9.21161990846e-05, 0.000117243362183, 9.40329846344e-05, 0.000106754130684, 0.000153423912707, 7.98898618086e-05, 0.000102219113614, 9.35639909585e-05, 7.11233005859e-05, 5.85018788115e-05, 2.4995608328e-05, 3.40848237101e-05, 3.09901406581e-05],
        "mean": [0.00148640398402, 0.00214977399446, 0.00110217544716, 0.000497329980135, 0.000210835278267, 0.000236102205236, 0.000328010268277, 0.00027946519549, 0.000362597260391, 0.000328884081682, 0.000256945029832, 0.000204490497708, 7.69414327806e-05, 0.000117687086458, 9.8423610325e-05, 0.000105658051325, 0.000101493293187, 0.000125645601656, 9.12008545129e-05, 4.96291395393e-05, 4.02676523663e-05, 4.57843343611e-05, 5.31889236299e-05, 3.05836510961e-05, 1.97281860892e-05, 1.98816233024e-05, 1.62642190844e-05, 1.25722135635e-05, 1.32174045575e-05, 1.37501974677e-05, 1.21751054394e-05, 1.19269125207e-05, 1.03974771264e-05, 9.00047325558e-06, 7.59407430451e-06, 6.19405136604e-06, 4.64132153866e-06, 3.13115037898e-06, 2.934037866e-06, 2.44012653638e-06],
        "median": [0.000526331248693, 0.00120004068594, 0.000861518434249, 0.000372073613107, 0.000146711128764, 0.000113524547487, 0.000121938377561, 8.6843581812e-05, 0.00013868836686, 9.03770560399e-05, 5.26285366504e-05, 4.46564226877e-05, 2.26644333452e-05, 3.21083789458e-05, 3.37779456459e-05, 4.09271597164e-05, 3.96061404899e-05, 5.61466440558e-05, 3.2945019484e-05, 2.28174285439e-05, 2.32261918427e-05, 2.78870375041e-05, 2.74253034149e-05, 1.93491614482e-05, 1.45045160025e-05, 1.28720694192e-05, 1.0607391232e-05, 9.03144245967e-06, 9.86268150882e-06, 9.83960217127e-06, 8.94921595318e-06, 8.25322240416e-06, 7.34788591217e-06, 6.86390512783e-06, 5.65468235436e-06, 4.24156041845e-06, 3.11662597596e-06, 2.34074445871e-06, 2.11462884181e-06, 1.83015163202e-06],
        "min": [1.91753626714e-24, 3.45277436796e-24, 1.67114424086e-23, 1.38608887945e-23, 8.20833201051e-24, 1.28919790651e-23, 9.93333572968e-24, 1.37061221735e-23, 2.15306962306e-23, 1.15256238567e-23, 1.34742712203e-23, 7.2561469212e-24, 5.6671092955e-24, 7.06583738326e-24, 1.33069064906e-23, 2.15912444605e-23, 1.17023689314e-23, 1.09921913795e-23, 8.28725438864e-24, 1.67516822034e-23, 9.02568420505e-24, 9.85363790129e-24, 1.0928827705e-23, 7.75447508819e-24, 1.39713119663e-23, 8.32488699812e-24, 1.14081025145e-23, 1.64094696096e-23, 1.26907256598e-23, 1.15415351812e-23, 8.09087377717e-24, 1.0307838767e-23, 9.69168239086e-24, 1.10915981087e-23, 1.23528667893e-23, 1.30640919485e-23, 1.46638024679e-23, 6.0182285234e-24, 8.57498667065e-24, 6.67892793052e-24],
        "stdev": [0.00238596997224, 0.00324006937444, 0.000930793990847, 0.000512233586051, 0.000232939841226, 0.00038615136873, 0.000620861246716, 0.00054005155107, 0.000570194795728, 0.000612067175098, 0.000498927896842, 0.000362438673619, 0.000154370136443, 0.000297173450235, 0.000215262843994, 0.000195341694052, 0.00015717408678, 0.000192954103113, 0.000161839518114, 7.7958451584e-05, 5.34748069185e-05, 5.44762515347e-05, 7.78715111664e-05, 3.49976653524e-05, 2.11578808376e-05, 2.5197312425e-05, 1.83676747838e-05, 1.24908747239e-05, 1.22183773783e-05, 1.32514278448e-05, 1.20530630738e-05, 1.34288466143e-05, 1.089012585e-05, 8.8947099357e-06, 7.90138983575e-06, 6.39264317215e-06, 5.26764051756e-06, 3.15202714773e-06, 3.20488061334e-06, 2.82139444607e-06],
        "var": [5.6928529375e-06, 1.049804996e-05, 8.66377490638e-07, 2.62383224481e-07, 5.42609690513e-08, 1.49112878489e-07, 3.85468723607e-07, 2.9165568094e-07, 3.25122073264e-07, 3.74626239363e-07, 2.48929069357e-07, 1.31361787226e-07, 2.38301396394e-08, 8.83120634398e-08, 4.63380942506e-08, 3.81583795672e-08, 2.47036933132e-08, 3.72312847219e-08, 2.61920298783e-08, 6.07752070891e-09, 2.85955481516e-09, 2.967661894e-09, 6.06397199121e-09, 1.22483645448e-09, 4.47655912339e-10, 6.34904517849e-10, 3.37371464099e-10, 1.56021945363e-10, 1.4928874803e-10, 1.75600339825e-10, 1.45276318753e-10, 1.80333914468e-10, 1.1859484228e-10, 7.91158666358e-11, 6.24319623777e-11, 4.08658870632e-11, 2.77480382421e-11, 9.93527482507e-12, 1.02712595373e-11, 7.96026612682e-12]
    },
    "melbands128": {
