{
"lowlevel": {
    "average_loudness": 0.957557976246,
    "barkbands_crest": {
        "dmean": 3.03954076767,
        "dmean2": 4.8170876503,
        "dvar": 7.7041258812,
        "dvar2": 17.1983890533,
        "max": 25.9641036987,
        "mean": 11.8951644897,
        "median": 11.039814949,
        "min": 3.71195840836,
        "stdev": 4.40129756927,
        "var": 19.3714199066
    },
    "barkbands_flatness_db": {
        "dmean": 0.0235791672021,
        "dmean2": 0.034972704947,
        "dvar": 0.000494331179652,
        "dvar2": 0.0010424767388,
        "max": 0.320171415806,
        "mean": 0.162243053317,
        "median": 0.158340260386,
        "min": 0.0424947105348,
        "stdev": 0.045608125627,
        "var": 0.00208010105416
    },
    "barkbands_kurtosis": {
        "dmean": 5.98773145676,
        "dmean2": 8.6170463562,
        "dvar": 101.907897949,
        "dvar2": 168.763900757,
        "max": 203.954925537,
        "mean": 12.855093956,
        "median": 7.42440795898,
        "min": -1.78484594822,
        "stdev": 18.1996860504,
        "var": 331.22857666
    },
    "barkbands_skewness": {
        "dmean": 0.718478679657,
        "dmean2": 0.993976593018,
        "dvar": 0.641448497772,
        "dvar2": 1.05555558205,
        "max": 13.458152771,
        "mean": 2.37657570839,
        "median": 2.11759591103,
        "min": -2.6484541893,
        "stdev": 1.82639944553,
        "var": 3.33573508263
    },
    "barkbands_spread": {
        "dmean": 4.3912153244,
        "dmean2": 6.76751756668,
        "dvar": 50.8804664612,
        "dvar2": 100.095550537,
        "max": 95.7443618774,
        "mean": 13.9773769379,
        "median": 10.5435600281,
        "min": 1.40711390972,
        "stdev": 12.1927995682,
        "var": 148.664367676
    },
    "dissonance": {
        "dmean": 0.0268092639744,
        "dmean2": 0.0449182018638,
        "dvar": 0.000676449679304,
        "dvar2": 0.00188121362589,
        "max": 0.499999910593,
        "mean": 0.441898494959,
        "median": 0.452157080173,
        "min": 0.26843214035,
        "stdev": 0.0434847101569,
        "var": 0.00189091986977
    },
    "dynamic_complexity": 2.94960522652,
    "erbbands_crest": {
        "dmean": 2.88968062401,
        "dmean2": 4.55492019653,
        "dvar": 6.94595479965,
        "dvar2": 16.9093017578,
        "max": 30.602897644,
        "mean": 11.9757623672,
        "median": 10.8479576111,
        "min": 2.67726540565,
        "stdev": 5.68970870972,
        "var": 32.3727874756
    },
    "erbbands_flatness_db": {
        "dmean": 0.0225750133395,
        "dmean2": 0.0310833379626,
        "dvar": 0.000456947484054,
        "dvar2": 0.00081699877046,
        "max": 0.289397209883,
        "mean": 0.150892168283,
        "median": 0.14764469862,
        "min": 0.0547625422478,
        "stdev": 0.0484033375978,
        "var": 0.00234288303182
    },
    "erbbands_kurtosis": {
        "dmean": 1.82975590229,
        "dmean2": 2.83486771584,
        "dvar": 6.76124620438,
        "dvar2": 14.5012817383,
        "max": 36.5568237305,
        "mean": 2.93305444717,
        "median": 1.55079984665,
        "min": -1.6690005064,
        "stdev": 4.43462133408,
        "var": 19.6658649445
    },
    "erbbands_skewness": {
        "dmean": 0.464296609163,
        "dmean2": 0.704903364182,
        "dvar": 0.208670794964,
        "dvar2": 0.467371106148,
        "max": 5.0859670639,
        "mean": 1.06563270092,
        "median": 0.982636928558,
        "min": -2.66912293434,
        "stdev": 1.00348007679,
        "var": 1.00697231293
    },
    "erbbands_spread": {
        "dmean": 10.5842847824,
        "dmean2": 15.6837930679,
        "dvar": 154.033721924,
        "dvar2": 310.829772949,
        "max": 125.012634277,
        "mean": 37.8605918884,
        "median": 34.2441978455,
        "min": 3.84647798538,
        "stdev": 23.8099555969,
        "var": 566.91394043
    },
    "hfc": {
        "dmean": 6.56351041794,
        "dmean2": 9.51928520203,
        "dvar": 79.2939071655,
        "dvar2": 168.451904297,
        "max": 174.192276001,
        "mean": 18.2608947754,
        "median": 15.1893959045,
        "min": 1.2433142676e-16,
        "stdev": 16.2114086151,
        "var": 262.809783936
    },
    "loudness_ebu128": {
        "integrated": -9.63182544708,
        "loudness_range": 3.79746818542,
        "momentary": {
            "dmean": 0.714396953583,
            "dmean2": 1.08945977688,
            "dvar": 0.659504950047,
            "dvar2": 1.50437378883,
            "max": -6.94644117355,
            "mean": -10.0872306824,
            "median": -9.72243404388,
            "min": -18.5352077484,
            "stdev": 2.15196347237,
            "var": 4.6309466362
        },
        "short_term": {
            "dmean": 0.092295922339,
            "dmean2": 0.0915473029017,
            "dvar": 0.00499805714935,
            "dvar2": 0.0058922865428,
            "max": -7.72278022766,
            "mean": -9.78081798553,
            "median": -9.5992975235,
            "min": -12.1594562531,
            "stdev": 1.40500116348,
            "var": 1.9740281105
        }
    },
    "melbands_crest": {
        "dmean": 3.2249815464,
        "dmean2": 5.12808322906,
        "dvar": 8.08033752441,
        "dvar2": 19.4019546509,
        "max": 30.1431770325,
        "mean": 14.826376915,
        "median": 14.2442884445,
        "min": 2.0348610878,
        "stdev": 4.63663625717,
        "var": 21.4983940125
    },
    "melbands_flatness_db": {
        "dmean": 0.0256865471601,
        "dmean2": 0.0380233637989,
        "dvar": 0.000673032656778,
        "dvar2": 0.00130386720411,
        "max": 0.44740536809,
        "mean": 0.247857451439,
        "median": 0.246002912521,
        "min": 0.00756362359971,
        "stdev": 0.0591384060681,
        "var": 0.0034973511938
    },
    "melbands_kurtosis": {
        "dmean": 15.2083559036,
        "dmean2": 21.8285961151,
        "dvar": 846.999328613,
        "dvar2": 1507.44995117,
        "max": 509.909301758,
        "mean": 28.8917751312,
        "median": 14.252281189,
        "min": -1.8115670681,
        "stdev": 46.6375732422,
        "var": 2175.06323242
    },
    "melbands_skewness": {
        "dmean": 0.99134272337,
        "dmean2": 1.41762053967,
        "dvar": 1.46394169331,
        "dvar2": 2.72473216057,
        "max": 16.9269180298,
        "mean": 3.15265917778,
        "median": 2.8214802742,
        "min": -0.719112753868,
        "stdev": 2.44551801682,
        "var": 5.98055887222
    },
    "melbands_spread": {
        "dmean": 4.81949806213,
        "dmean2": 7.00384569168,
        "dvar": 122.799484253,
        "dvar2": 209.208877563,
        "max": 192.950073242,
        "mean": 14.4992656708,
        "median": 9.77750301361,
        "min": 0.758983373642,
        "stdev": 19.7661457062,
        "var": 390.700531006
    },
    "pitch_salience": {
        "dmean": 0.0712988004088,
        "dmean2": 0.113095358014,
        "dvar": 0.00437266286463,
        "dvar2": 0.0104718990624,
        "max": 0.836158812046,
        "mean": 0.527977287769,
        "median": 0.526988863945,
        "min": 0.13981564343,
        "stdev": 0.10918585211,
        "var": 0.0119215501472
    },
    "silence_rate_20dB": {
        "dmean": 0,
        "dmean2": 0,
        "dvar": 0,
        "dvar2": 0,
        "max": 1,
        "mean": 1,
        "median": 1,
        "min": 1,
        "stdev": 0,
        "var": 0
    },
    "silence_rate_30dB": {
        "dmean": 0.0665634647012,
        "dmean2": 0.133230060339,
        "dvar": 0.0621325783432,
        "dvar2": 0.118578650057,
        "max": 1,
        "mean": 0.924980640411,
        "median": 1,
        "min": 0,
        "stdev": 0.263423472643,
        "var": 0.0693919211626
    },
    "silence_rate_60dB": {
        "dmean": 0.0154798757285,
        "dmean2": 0.0294345468283,
        "dvar": 0.0152402454987,
        "dvar2": 0.0316664800048,
        "max": 1,
        "mean": 0.0247486457229,
        "median": 0,
        "min": 0,
        "stdev": 0.15535800159,
        "var": 0.0241361092776
    },
    "spectral_centroid": {
        "dmean": 164.315216064,
        "dmean2": 249.335586548,
        "dvar": 129507.867188,
        "dvar2": 170821.625,
        "max": 10562.5712891,
        "mean": 754.407470703,
        "median": 614.592895508,
        "min": 195.698989868,
        "stdev": 578.376831055,
        "var": 334519.75
    },
    "spectral_complexity": {
        "dmean": 2.3250772953,
        "dmean2": 3.6661503315,
        "dvar": 5.63270425797,
        "dvar2": 12.2642040253,
        "max": 32,
        "mean": 12.8174791336,
        "median": 13,
        "min": 0,
        "stdev": 5.32958364487,
        "var": 28.404460907
    },
    "spectral_decrease": {
        "dmean": 4.13403400401e-09,
        "dmean2": 6.05674665977e-09,
        "dvar": 5.31193617988e-17,
        "dvar2": 1.09468400668e-16,
        "max": 1.36495590354e-29,
        "mean": -9.57419121761e-09,
        "median": -7.21637549717e-09,
        "min": -5.76788394824e-08,
        "stdev": 9.59922097366e-09,
        "var": 9.21450482673e-17
    },
    "spectral_energy": {
        "dmean": 0.0160409472883,
        "dmean2": 0.0235140305012,
        "dvar": 0.000784456147812,
        "dvar2": 0.00162001966964,
        "max": 0.22223970294,
        "mean": 0.0377915166318,
        "median": 0.0290697086602,
        "min": 1.12257173684e-20,
        "stdev": 0.0369981713593,
        "var": 0.00136886478867
    },
    "spectral_energyband_high": {
        "dmean": 0.000351206748746,
        "dmean2": 0.000473060557852,
        "dvar": 6.16164697931e-07,
        "dvar2": 9.23618415527e-07,
        "max": 0.0263391975313,
        "mean": 0.000621493090875,
        "median": 0.000233593164012,
        "min": 8.31351573857e-21,
        "stdev": 0.00149183894973,
        "var": 2.22558355745e-06
    },
    "spectral_energyband_low": {
        "dmean": 0.010970803909,
        "dmean2": 0.0163803771138,
        "dvar": 0.000646721397061,
        "dvar2": 0.00126407004427,
        "max": 0.186610847712,
        "mean": 0.0164539758116,
        "median": 0.00592222902924,
        "min": 5.03934065022e-23,
        "stdev": 0.0313376188278,
        "var": 0.00098204636015
    },
    "spectral_energyband_middle_high": {
        "dmean": 0.00152583955787,
        "dmean2": 0.00236936588772,
        "dvar": 7.7844633779e-06,
        "dvar2": 2.03303588933e-05,
        "max": 0.0328197441995,
        "mean": 0.00366943492554,
        "median": 0.00171897525433,
        "min": 1.43544886554e-21,
        "stdev": 0.00468669924885,
        "var": 2.19651501538e-05
    },
    "spectral_energyband_middle_low": {
        "dmean": 0.00910965632647,
        "dmean2": 0.0145147191361,
        "dvar": 0.000171680861968,
        "dvar2": 0.000458597263787,
        "max": 0.0983597189188,
        "mean": 0.019843891263,
        "median": 0.0164062976837,
        "min": 3.46020090963e-22,
        "stdev": 0.0164598431438,
        "var": 0.000270926422672
    },
    "spectral_entropy": {
        "dmean": 0.232472017407,
        "dmean2": 0.336116999388,
        "dvar": 0.0497316941619,
        "dvar2": 0.093923561275,
        "max": 9.8136844635,
        "mean": 7.27786111832,
        "median": 7.27309656143,
        "min": 5.70599985123,
        "stdev": 0.453454494476,
        "var": 0.205620974302
    },
    "spectral_flux": {
        "dmean": 0.0369988791645,
        "dmean2": 0.05896326527,
        "dvar": 0.00280242483132,
        "dvar2": 0.00595105299726,
        "max": 0.412675708532,
        "mean": 0.0910218730569,
        "median": 0.0721586421132,
        "min": 1.05951483698e-10,
        "stdev": 0.0694618299603,
        "var": 0.00482494570315
    },
    "spectral_kurtosis": {
        "dmean": 1.67389440536,
        "dmean2": 2.39783096313,
        "dvar": 2.9349899292,
        "dvar2": 5.97213983536,
        "max": 22.9385280609,
        "mean": 5.12846231461,
        "median": 4.47176599503,
        "min": -1.1936403513,
        "stdev": 3.15084886551,
        "var": 9.92784786224
    },
    "spectral_rms": {
        "dmean": 0.00113936339039,
        "dmean2": 0.00163888372481,
        "dvar": 2.4905441478e-06,
        "dvar2": 4.69396445624e-06,
        "max": 0.0147247826681,
        "mean": 0.00551048200577,
        "median": 0.00532547570765,
        "min": 3.30936840431e-12,
        "stdev": 0.00255036354065,
        "var": 6.50435458738e-06
    },
    "spectral_rolloff": {
        "dmean": 315.130554199,
        "dmean2": 506.222167969,
        "dvar": 1102792.25,
        "dvar2": 1852846.875,
        "max": 18604.6875,
        "mean": 926.527160645,
        "median": 495.263671875,
        "min": 86.1328125,
        "stdev": 1549.32897949,
        "var": 2400420.25
    },
    "spectral_skewness": {
        "dmean": 0.248569175601,
        "dmean2": 0.353943020105,
        "dvar": 0.0549456477165,
        "dvar2": 0.104779966176,
        "max": 3.94604516029,
        "mean": 1.95161652565,
        "median": 1.90555882454,
        "min": 0.00392149202526,
        "stdev": 0.497658103704,
        "var": 0.247663602233
    },
    "spectral_spread": {
        "dmean": 973870.9375,
        "dmean2": 1287023.125,
        "dvar": 1.75679012864e+12,
        "dvar2": 2.62657094451e+12,
        "max": 40313164,
        "mean": 5700168,
        "median": 5463282.5,
        "min": 1980508.5,
        "stdev": 1914400,
        "var": 3.66492752282e+12
    },
    "spectral_strongpeak": {
        "dmean": 0.599527955055,
        "dmean2": 0.968435525894,
        "dvar": 0.784871101379,
        "dvar2": 1.8899589777,
        "max": 10.7409887314,
        "mean": 1.30543065071,
        "median": 0.642159461975,
        "min": 0,
        "stdev": 1.4194226265,
        "var": 2.01476049423
    },
    "zerocrossingrate": {
        "dmean": 0.0107667529956,
        "dmean2": 0.0134774697945,
        "dvar": 0.000405164551921,
        "dvar2": 0.000430148706073,
        "max": 0.509765625,
        "mean": 0.0466295368969,
        "median": 0.0380859375,
        "min": 0.00341796875,
        "stdev": 0.0393602363765,
        "var": 0.00154922809452
    },
    "barkbands": {
        "dmean": [0.000104165796074, 0.00747659616172, 0.00394193362445, 0.00484980363399, 0.00218835030682, 0.00197913125157, 0.00132852897514, 0.00133446464315, 0.000530349323526, 0.00016128331481, 0.000324313936289, 0.00059458555188, 0.000490766717121, 0.000175643144757, 0.000133984853164, 8.33249359857e-05, 0.000118534640933, 5.33939128218e-05, 8.70217409101e-05, 6.92381945555e-05, 3.97167677875e-05, 4.61918825749e-05, 6.20529754087e-05, 7.74792424636e-05, 7.35708526918e-05, 5.46775227122e-05, 6.49978255751e-06],
        "dmean2": [0.000184945311048, 0.011321162805, 0.00712411990389, 0.00856140442193, 0.00353554612957, 0.0029615520034, 0.00202956190333, 0.00187083124183, 0.000844997994136, 0.000246760842856, 0.000495762913488, 0.000914507836569, 0.000800214649644, 0.000277325423667, 0.000194783046027, 0.000131625289214, 0.000182387055247, 8.58742787386e-05, 0.000138959934702, 9.78560419753e-05, 5.93245422351e-05, 6.88529617037e-05, 9.07035209821e-05, 0.000111515284516, 0.00010712324729, 8.13297956483e-05, 1.08806980279e-05],
        "dvar": [4.70199239544e-08, 0.000383281585528, 0.000107845749881, 0.000117734845844, 1.10643350126e-05, 2.24684517889e-05, 1.09917600639e-05, 9.25198037294e-06, 3.61294564755e-06, 9.06855248672e-08, 1.3430327499e-06, 2.90310617856e-06, 3.59253044735e-06, 3.38357494911e-07, 3.24601501234e-07, 3.72329012066e-08, 1.13607768526e-07, 3.1818963464e-08, 9.53850687324e-08, 2.0070817186e-07, 1.22771721678e-08, 1.52561661082e-08, 1.70011276168e-08, 3.28368763292e-08, 2.83359238296e-08, 1.48167975667e-08, 3.38033961933e-10],
        "dvar2": [1.40980517926e-07, 0.000710076710675, 0.000306785310386, 0.000322000763845, 2.85355508822e-05, 4.86485514557e-05, 2.42385012825e-05, 1.97616482183e-05, 8.97328754945e-06, 1.79593527605e-07, 2.74476587947e-06, 7.66751963965e-06, 9.46441195993e-06, 8.08253162177e-07, 6.42694544695e-07, 8.65359268687e-08, 2.5969953299e-07, 8.1192084167e-08, 2.63103373754e-07, 3.48064759237e-07, 2.09650092842e-08, 3.08073069277e-08, 3.42194859115e-08, 4.82418016645e-08, 5.36774855675e-08, 3.06389296156e-08, 8.15800482723e-10],
        "max": [0.0028050316032, 0.140233278275, 0.0784585624933, 0.0775545686483, 0.0549199841917, 0.0713136196136, 0.0595239177346, 0.0539654046297, 0.0290218722075, 0.00473043881357, 0.0302233267576, 0.022930951789, 0.0302642434835, 0.0116766393185, 0.0165917165577, 0.00267227948643, 0.00460735848173, 0.00304631120525, 0.00574145978317, 0.0176077783108, 0.00411069020629, 0.00396037520841, 0.0021883319132, 0.00529237417504, 0.00345829431899, 0.00168238545302, 0.000287040165858],
        "mean": [0.000185447308468, 0.00972706079483, 0.0037642584648, 0.00486669456586, 0.00387274893001, 0.0043089077808, 0.00265235686675, 0.00310498476028, 0.000991913722828, 0.000307501526549, 0.000625619199127, 0.000976270996034, 0.000727763166651, 0.000257829349721, 0.000247598945862, 0.000124040234368, 0.000187014476978, 7.5729272794e-05, 0.000127072940813, 0.000100553079392, 7.19378804206e-05, 8.30827848404e-05, 0.000105474224256, 0.000121603596199, 0.000105735605757, 6.65651750751e-05, 5.78798290007e-06],
        "median": [7.68119643908e-05, 0.00229405332357, 0.0013828612864, 0.00202622241341, 0.00253655691631, 0.000654110044707, 0.000784580595791, 0.000302917149384, 0.00018222691142, 0.000152629654622, 6.87852589181e-05, 0.000200152309844, 9.37877339311e-05, 7.77116947575e-05, 9.95950322249e-05, 5.21435649716e-05, 6.04629494774e-05, 3.02224034385e-05, 2.35020434047e-05, 2.47674634011e-05, 3.14030876325e-05, 3.70584530174e-05, 3.67167158402e-05, 3.74196060875e-05, 2.98323502648e-05, 1.77279835043e-05, 7.69823884639e-07],
        "min": [9.3002030669e-23, 1.40489895219e-23, 1.36343701465e-24, 2.22133449035e-23, 4.20974517666e-23, 5.04514855974e-23, 3.71699772725e-23, 4.94017010592e-23, 1.31753087144e-22, 6.70339476704e-23, 3.29973858668e-23, 9.46282705806e-23, 2.64055284587e-23, 3.3728098257e-23, 1.48300397575e-22, 8.0930338361e-23, 3.00506628507e-22, 2.24167788781e-22, 2.84606524807e-22, 3.51597728838e-22, 5.58606619105e-22, 5.7349501185e-22, 7.54694367539e-22, 8.51510143099e-22, 1.20674614892e-21, 1.84537451533e-21, 2.52662055571e-21],
        "stdev": [0.000242987880483, 0.0230186264962, 0.00840942375362, 0.009371525608, 0.00427766423672, 0.00925112329423, 0.00580987893045, 0.00758160930127, 0.00304360711016, 0.000484427146148, 0.00237883976661, 0.00233233417384, 0.00255298265256, 0.000804242037702, 0.000945893581957, 0.000270248187007, 0.000460782408481, 0.000183834941708, 0.000375693285605, 0.000646318250801, 0.000229687502724, 0.000219060253585, 0.000206922617508, 0.000337175442837, 0.000277371058473, 0.000168341764947, 2.14655647142e-05],
        "var": [5.90431135095e-08, 0.000529857177753, 7.07184080966e-05, 8.78254941199e-05, 1.82984094863e-05, 8.55832768138e-05, 3.37546953233e-05, 5.74807963858e-05, 9.26354459807e-06, 2.34669656152e-07, 5.65887830817e-06, 5.43978239875e-06, 6.51772006677e-06, 6.46805290216e-07, 8.94714617061e-07, 7.30340872224e-08, 2.12320415471e-07, 3.37952847929e-08, 1.41145449106e-07, 4.17727250124e-07, 5.2756348623e-08, 4.79873953907e-08, 4.28169677491e-08, 1.13687285364e-07, 7.69346968355e-08, 2.83389489653e-08, 4.60770505084e-10]
    },
    "erbbands": {
        "dmean": [0.183521747589, 1.82984817028, 3.86668753624, 11.8024435043, 10.3293714523, 6.6054315567, 9.86530971527, 19.6458740234, 17.5588092804, 25.7365283966, 23.0249443054, 12.645152092, 6.18317937851, 6.71530914307, 17.6839485168, 17.9010601044, 23.1312999725, 8.14407539368, 7.10403490067, 6.90430736542, 5.03722476959, 6.75945043564, 2.60870456696, 3.62983489037, 4.56892347336, 3.07147192955, 2.2628030777, 1.70037555695, 1.50837957859, 1.64040791988, 1.78316152096, 1.6938470602, 1.35453402996, 0.937004804611, 0.480319082737, 0.324548989534, 0.0759088695049, 0.0166925676167, 0.000679875141941, 2.90282114292e-05],
        "dmean2": [0.280039668083, 2.73827433586, 6.81619119644, 20.9664421082, 17.105846405, 10.966802597, 15.1940021515, 29.309513092, 26.7092075348, 37.8187980652, 31.4097499847, 20.0151462555, 9.696641922, 10.2553081512, 27.5178432465, 27.3515987396, 38.3308753967, 13.3492383957, 11.3580312729, 9.81308078766, 7.74504518509, 10.3931474686, 4.0996260643, 5.81443119049, 7.37290143967, 4.36479234695, 3.23612761497, 2.5934510231, 2.24921584129, 2.46342372894, 2.58130741119, 2.37197756767, 1.95290482044, 1.35310435295, 0.72483921051, 0.484297901392, 0.113158352673, 0.0261840857565, 0.00109627551865, 4.19855787186e-05],
        "dvar": [0.210557818413, 22.8220310211, 104.718833923, 797.358398438, 325.039459229, 124.340919495, 402.123657227, 2718.81762695, 1532.73974609, 6188.64648438, 2422.03881836, 2252.07324219, 409.117370605, 221.228042603, 2476.27001953, 2004.6484375, 8934.13769531, 960.639221191, 342.014831543, 1196.3001709, 150.461776733, 429.522064209, 80.4515533447, 166.770263672, 339.244537354, 306.911712646, 151.195449829, 29.5409679413, 9.4843120575, 41.2400474548, 14.2168226242, 15.5756959915, 9.85315990448, 4.36150169373, 1.36322915554, 0.52279061079, 0.0306457951665, 0.00165591260884, 3.87353657061e-06, 2.89017609845e-09],
        "dvar2": [0.392106443644, 42.9151916504, 287.105255127, 2179.14379883, 870.866577148, 331.128326416, 901.419128418, 5788.41943359, 3507.63989258, 13366.6103516, 4798.44189453, 5578.35546875, 945.934631348, 478.653045654, 6189.81933594, 5233.22998047, 23921.4355469, 2619.78320312, 863.841674805, 2387.01513672, 301.416015625, 1000.14031982, 208.577896118, 423.3699646, 959.026123047, 451.298522949, 287.65725708, 74.0235671997, 19.294095993, 83.9836273193, 27.5919284821, 24.6042804718, 16.0451145172, 8.97566318512, 2.67810034752, 1.08539557457, 0.0652716904879, 0.00382716930471, 9.42922451941e-06, 6.62658683481e-09],
        "max": [3.49028086662, 32.7845344543, 72.7741928101, 208.153533936, 183.612686157, 178.47505188, 304.241607666, 894.175170898, 895.385253906, 1730.30480957, 977.952270508, 745.504821777, 496.960479736, 370.676727295, 895.690002441, 589.443603516, 1503.25671387, 695.624816895, 343.430877686, 1007.0791626, 252.703475952, 300.241668701, 208.049316406, 214.828781128, 445.104614258, 672.407592773, 491.708007812, 161.50869751, 78.0128097534, 229.625930786, 62.0541915894, 124.190994263, 90.5974807739, 46.0506248474, 19.5072994232, 9.85941410065, 2.39478874207, 0.505183279514, 0.0302951615304, 0.000579626124818],
        "mean": [0.238554283977, 2.32705616951, 4.39278793335, 11.8608837128, 13.854886055, 10.8573350906, 17.7537555695, 44.7401618958, 39.2026100159, 54.1194648743, 56.7612991333, 24.7083568573, 12.4357347488, 14.7833862305, 34.8454780579, 32.1018409729, 34.8358840942, 15.166718483, 12.3776607513, 11.9431200027, 8.68920040131, 10.5700111389, 4.36334657669, 5.35569763184, 6.8153014183, 4.86097955704, 3.42271947861, 2.76102900505, 2.69854283333, 3.13714504242, 2.97124624252, 2.66269898415, 2.06280112267, 1.36313939095, 0.650476098061, 0.401595562696, 0.0896522924304, 0.0172849819064, 0.000657955533825, 5.86067217228e-05],
        "median": [0.0683214664459, 0.53258562088, 1.59496319294, 4.83882045746, 7.97611570358, 6.75535011292, 5.89725780487, 5.65201807022, 13.5034637451, 11.1138238907, 8.18059062958, 4.73684692383, 4.88152503967, 6.42875337601, 4.73583984375, 9.26354503632, 4.87790966034, 4.57730960846, 5.92351388931, 3.54414582253, 3.38671374321, 3.02081823349, 2.25160741806, 1.38120126724, 1.28536653519, 1.16860795021, 1.24828374386, 1.15297687054, 1.29419052601, 1.07090473175, 1.0306558609, 0.925753057003, 0.591365098953, 0.412146419287, 0.166028365493, 0.105017729104, 0.023606704548, 0.00355065963231, 0.000113578433229, 4.09049425798e-05],
        "min": [9.68202184245e-22, 1.85199216218e-21, 2.2331794451e-21, 3.05923411459e-20, 1.98103371906e-19, 6.0777961462e-20, 1.44975448168e-19, 5.62528259771e-19, 3.09016349629e-19, 1.0289709094e-18, 1.99420052156e-18, 2.58309997134e-18, 2.06118581436e-18, 1.45912902296e-18, 2.49227243816e-18, 3.07660440339e-18, 1.4688504631e-18, 1.55959982772e-18, 5.0858467908e-18, 6.34930561947e-18, 7.62139070116e-18, 1.54421650172e-17, 1.27503398057e-17, 1.37604398302e-17, 1.65110742745e-17, 1.87085788334e-17, 2.67581695048e-17, 1.81573754517e-17, 1.91277062867e-17, 1.77848199213e-17, 2.34994683206e-17, 1.6262738111e-17, 1.64082821941e-17, 1.22786822476e-17, 9.28958321329e-18, 6.57005034646e-18, 3.50325837308e-18, 1.2755022682e-18, 4.15670613818e-19, 3.60593005989e-20],
        "stdev": [0.538564562798, 5.59649515152, 9.00923633575, 24.1382312775, 18.1027603149, 14.2110509872, 29.8391590118, 103.857757568, 75.8373260498, 118.117401123, 133.827774048, 74.5880126953, 32.7442016602, 30.2516593933, 88.6228485107, 62.3671875, 120.523788452, 50.0886573792, 24.4677276611, 57.2718734741, 20.772195816, 27.8904285431, 9.08681488037, 14.2172422409, 24.430021286, 28.8035678864, 17.445772171, 8.05235385895, 5.65746736526, 11.8724298477, 5.58469963074, 6.72864961624, 5.72431468964, 3.3697783947, 1.82756447792, 0.994137823582, 0.238326787949, 0.0507671236992, 0.0023254447151, 6.95352209732e-05],
        "var": [0.290051817894, 31.3207569122, 81.1663360596, 582.65423584, 327.709960938, 201.953964233, 890.375366211, 10786.4345703, 5751.30029297, 13951.7197266, 17909.875, 5563.37158203, 1072.18286133, 915.162902832, 7854.00927734, 3889.66625977, 14525.984375, 2508.87353516, 598.66973877, 3280.06738281, 431.484100342, 777.875976562, 82.5702133179, 202.129974365, 596.825927734, 829.645568848, 304.354980469, 64.8404006958, 32.0069351196, 140.954589844, 31.1888694763, 45.2747268677, 32.7677764893, 11.3554058075, 3.33999180794, 0.988310039043, 0.0567996613681, 0.00257730088197, 5.40769269719e-06, 4.83514739358e-09]
    },
    "gfcc": {
        "mean": [-3.73243546486, 94.3447494507, -80.0541152954, 25.9142913818, -58.1318321228, 21.352306366, -45.6035003662, 7.52687311172, -24.9929294586, 6.56933736801, -16.3106403351, 2.00763916969, -16.0500469208],
        "cov": [[4606.87060547, -494.169128418, -263.857971191, -95.5055923462, -334.649475098, 138.022476196, -2.2081193924, 153.618179321, -17.1091136932, 143.893600464, 14.5776834488, 9.55521392822, -183.892959595], [-494.169128418, 950.753295898, -135.715270996, -315.659301758, -54.2248649597, 16.024887085, 185.333129883, -44.1431083679, 107.080558777, -39.9393882751, 58.6154212952, 4.38331222534, 40.3799476624], [-263.857971191, -135.715270996, 613.010437012, 198.416702271, 104.867164612, 29.0213699341, 24.7845993042, 0.912697255611, -5.85418891907, 15.11120224, -58.075756073, 78.0534133911, 19.0612392426], [-95.5055923462, -315.659301758, 198.416702271, 488.319030762, 163.859848022, -68.3958206177, -120.087715149, -2.29646658897, -19.6501903534, -11.4566049576, -19.9412784576, 11.5443811417, 66.601272583], [-334.649475098, -54.2248649597, 104.867164612, 163.859848022, 194.447097778, 11.5541687012, -30.481426239, -12.3045253754, -16.5034561157, -6.11300373077, -32.4015274048, -12.7128887177, 11.5559606552], [138.022476196, 16.024887085, 29.0213699341, -68.3958206177, 11.5541687012, 205.263061523, 162.68661499, 30.0847167969, 4.19959783554, 19.6410045624, -1.10300517082, -12.8886384964, -61.4230537415], [-2.2081193924, 185.333129883, 24.7845993042, -120.087715149, -30.481426239, 162.68661499, 284.290039062, 47.6976890564, 29.6992759705, 16.9838981628, 9.53268718719, -3.89211392403, -55.8191947937], [153.618179321, -44.1431083679, 0.912697255611, -2.29646658897, -12.3045253754, 30.0847167969, 47.6976890564, 94.4539871216, 20.134929657, 6.76435613632, 14.9077043533, 5.3815202713, -13.217165947], [-17.1091136932, 107.080558777, -5.85418891907, -19.6501903534, -16.5034561157, 4.19959783554, 29.6992759705, 20.134929657, 89.4388656616, 21.2077178955, 10.1180715561, 9.09155845642, 16.2554359436], [143.893600464, -39.9393882751, 15.11120224, -11.4566049576, -6.11300373077, 19.6410045624, 16.9838981628, 6.76435613632, 21.2077178955, 73.6687088013, 14.5639286041, 2.00594997406, -9.49524974823], [14.5776834488, 58.6154212952, -58.075756073, -19.9412784576, -32.4015274048, -1.10300517082, 9.53268718719, 14.9077043533, 10.1180715561, 14.5639286041, 87.3480911255, 20.4882488251, 5.15377187729], [9.55521392822, 4.38331222534, 78.0534133911, 11.5443811417, -12.7128887177, -12.8886384964, -3.89211392403, 5.3815202713, 9.09155845642, 2.00594997406, 20.4882488251, 77.2220611572, 37.4935836792], [-183.892959595, 40.3799476624, 19.0612392426, 66.601272583, 11.5559606552, -61.4230537415, -55.8191947937, -13.217165947, 16.2554359436, -9.49524974823, 5.15377187729, 37.4935836792, 107.932792664]],
        "icov": [[0.00037936354056, -0.000162985539646, 0.000295562233077, -0.000493199448101, 0.000977977178991, -0.000555151840672, 0.000546353985555, -0.000666960317176, 0.000419332005549, -0.000951157649979, 0.00077707960736, -0.000747009355109, 0.000815266161226], [-0.000162985539646, 0.00319349532947, -0.00037272478221, 0.00257094972767, -0.00222060689703, 0.00190724420827, -0.00297121098265, 0.00303199281916, -0.00373859982938, 0.00358939962462, -0.00321432040073, 0.00180202303454, -0.00242890813388], [0.000295562233077, -0.00037272478221, 0.00311991968192, -0.00165384216234, 0.000252250873018, -0.00063792912988, -2.6073463232e-05, -0.000491768005304, 0.000771958439145, -0.00194169511087, 0.00331507110968, -0.00477835861966, 0.00186332990415], [-0.000493199448101, 0.00257094972767, -0.00165384216234, 0.00625121966004, -0.00514118326828, 0.00244750780985, -0.00175101798959, 0.0017775206361, -0.00277696968988, 0.00379729759879, -0.00416811509058, 0.00345347705297, -0.00436041830108], [0.000977977178991, -0.00222060689703, 0.000252250873018, -0.00514118326828, 0.0118718827143, -0.00436148885638, 0.00366450636648, -0.00249851332046, 0.00347651611082, -0.0040636989288, 0.00500389980152, -0.000798700086307, 0.00261839665473], [-0.000555151840672, 0.00190724420827, -0.00063792912988, 0.00244750780985, -0.00436148885638, 0.0121306842193, -0.00760225113481, 0.00185785035137, -0.00151191861369, 0.00157193315681, -0.00249101128429, 0.00156391900964, 0.0005509214825], [0.000546353985555, -0.00297121098265, -2.6073463232e-05, -0.00175101798959, 0.00366450636648, -0.00760225113481, 0.0108316484839, -0.004940204788, 0.00185146264266, -0.00329676829278, 0.00300424429588, -0.00195262639318, 0.00337164313532], [-0.000666960317176, 0.00303199281916, -0.000491768005304, 0.0017775206361, -0.00249851332046, 0.00185785035137, -0.004940204788, 0.0163123738021, -0.00645248405635, 0.00496353302151, -0.00530771166086, 0.00133162538987, -0.00131391535979], [0.000419332005549, -0.00373859982938, 0.000771958439145, -0.00277696968988, 0.00347651611082, -0.00151191861369, 0.00185146264266, -0.00645248405635, 0.0186168178916, -0.00878396816552, 0.00435288017616, -0.00228241924196, -0.000366466847481], [-0.000951157649979, 0.00358939962462, -0.00194169511087, 0.00379729759879, -0.0040636989288, 0.00157193315681, -0.00329676829278, 0.00496353302151, -0.00878396816552, 0.0215884614736, -0.00807943195105, 0.00427325209603, -0.00260769552551], [0.00077707960736, -0.00321432040073, 0.00331507110968, -0.00416811509058, 0.00500389980152, -0.00249101128429, 0.00300424429588, -0.00530771166086, 0.00435288017616, -0.00807943195105, 0.0199298225343, -0.00945279095322, 0.00442912895232], [-0.000747009355109, 0.00180202303454, -0.00477835861966, 0.00345347705297, -0.000798700086307, 0.00156391900964, -0.00195262639318, 0.00133162538987, -0.00228241924196, 0.00427325209603, -0.00945279095322, 0.02501568757, -0.0106241684407], [0.000815266161226, -0.00242890813388, 0.00186332990415, -0.00436041830108, 0.00261839665473, 0.0005509214825, 0.00337164313532, -0.00131391535979, -0.000366466847481, -0.00260769552551, 0.00442912895232, -0.0106241684407, 0.0188452284783]]
    },
    "melbands": {
        "dmean": [0.00194851751439, 0.00198637321591, 0.00192691606935, 0.000540589098819, 0.000333571224473, 0.00041283320752, 0.000271546276053, 0.000305278867017, 0.00016426887305, 7.46232472011e-05, 3.10542927764e-05, 2.68664498435e-05, 5.60811095056e-05, 7.34284330974e-05, 4.69510268886e-05, 4.1150204197e-05, 1.3896314158e-05, 1.32944969664e-05, 9.97418828774e-06, 6.40688449494e-06, 6.53358756608e-06, 8.32919613458e-06, 3.2243883652e-06, 2.63808306045e-06, 3.11252051688e-06, 3.60020067092e-06, 2.37257381741e-06, 2.309645879e-06, 1.86020906767e-06, 9.39343976825e-07, 1.04665423351e-06, 9.13594760732e-07, 9.2738235935e-07, 9.18679234019e-07, 9.32111788643e-07, 1.29552029193e-06, 1.04107903098e-06, 1.00876457054e-06, 9.06039531401e-07, 7.81944038408e-07],
        "dmean2": [0.0029424901586, 0.003113247687, 0.00338729051873, 0.000884596724063, 0.000515978957992, 0.000616692763288, 0.000410687120166, 0.000441232143203, 0.000224146031542, 0.000121337790915, 4.83691583213e-05, 4.11120599892e-05, 8.57923951116e-05, 0.000113291069283, 7.52610940253e-05, 6.79224176565e-05, 2.24871673709e-05, 2.14531373786e-05, 1.41549417094e-05, 9.69298707787e-06, 1.01929717857e-05, 1.26090271806e-05, 5.13691247761e-06, 4.27046097684e-06, 5.03006867802e-06, 5.98942096985e-06, 3.78264962819e-06, 3.25992368744e-06, 2.78930974673e-06, 1.46253853472e-06, 1.60156014317e-06, 1.42469264119e-06, 1.36219853175e-06, 1.39787096032e-06, 1.35862887873e-06, 1.88396199974e-06, 1.47013565766e-06, 1.50642097196e-06, 1.38382040404e-06, 1.13836370019e-06],
        "dvar": [2.55545201071e-05, 2.35100178543e-05, 1.92540828721e-05, 7.2312428756e-07, 4.25248686042e-07, 1.11338579245e-06, 3.37843374609e-07, 6.59835848182e-07, 1.18864086573e-07, 7.80994184879e-08, 1.0197412692e-08, 2.93279889263e-09, 3.26720197563e-08, 5.28736414651e-08, 2.77773768431e-08, 2.50599416773e-08, 2.84802270656e-09, 1.66539548818e-09, 2.44353537404e-09, 4.33324209848e-10, 3.34973077054e-10, 7.43337613685e-10, 9.80337339085e-11, 7.93967183665e-11, 1.29777216751e-10, 2.05135297637e-10, 9.85951945087e-11, 2.34185920656e-10, 1.72890826655e-10, 7.00339525955e-12, 1.01653564039e-11, 3.57243509948e-12, 9.60486898349e-12, 1.08476196775e-11, 3.89623359617e-12, 7.63035294671e-12, 6.98572970304e-12, 6.67430000156e-12, 4.83158001455e-12, 3.92908015151e-12],
        "dvar2": [4.61077288492e-05, 5.51270932192e-05, 5.28881864739e-05, 1.92116954167e-06, 9.47857358824e-07, 2.37070776166e-06, 7.77269576702e-07, 1.44664466006e-06, 2.38638335759e-07, 1.98072896751e-07, 2.33531736171e-08, 6.33160990304e-09, 7.15922467975e-08, 1.40906351476e-07, 6.79583536112e-08, 6.99886086863e-08, 7.73233832518e-09, 4.20741841367e-09, 4.68889327365e-09, 9.56694501397e-10, 6.87365220298e-10, 1.72969705226e-09, 2.64754385082e-10, 2.00180816368e-10, 3.30796806614e-10, 5.99039762239e-10, 2.37928343694e-10, 3.36743105622e-10, 3.7873082448e-10, 1.49949237055e-11, 2.70373341771e-11, 8.48818064447e-12, 1.79308373705e-11, 2.30859376754e-11, 8.03308461417e-12, 1.35542358587e-11, 1.09867323572e-11, 1.09445065857e-11, 1.16985952175e-11, 8.17609608489e-12],
        "max": [0.0374911725521, 0.0340461656451, 0.029925942421, 0.0132352272049, 0.00955274142325, 0.0174098387361, 0.0126633225009, 0.0171951856464, 0.00637226039544, 0.00405640294775, 0.00247105327435, 0.0012559130555, 0.00438160309568, 0.00328541360795, 0.00276447366923, 0.00246257148683, 0.00121358281467, 0.000776125118136, 0.00143757264595, 0.000541325134691, 0.00040846056072, 0.000425848760642, 0.000241558198468, 0.000127605133457, 0.000189915168448, 0.000318298727507, 0.000257179199252, 0.000576499325689, 0.000481207214762, 8.0224184785e-05, 8.73104509083e-05, 4.45234909421e-05, 0.000113296358904, 0.000118543495773, 3.36574412358e-05, 4.58723552583e-05, 9.4646733487e-05, 7.50241597416e-05, 4.52714848507e-05, 5.54165053472e-05],
        "mean": [0.002531462349, 0.00264902715571, 0.00207967474125, 0.000855079677422, 0.000598592450842, 0.000936549855396, 0.000604305183515, 0.000673942442518, 0.000391476118239, 0.000139455834869, 5.91142961639e-05, 5.62651548535e-05, 0.000112141584395, 0.000122139390442, 7.21532633179e-05, 6.32946321275e-05, 2.33794871747e-05, 2.02124374482e-05, 1.78256796062e-05, 1.01310779428e-05, 1.02920885183e-05, 1.22715828184e-05, 5.2110967772e-06, 3.67072175322e-06, 4.31415719504e-06, 4.9578893595e-06, 3.87101363231e-06, 3.30175430463e-06, 2.4657308586e-06, 1.53157236582e-06, 1.59332046223e-06, 1.47275511608e-06, 1.72355976247e-06, 1.6326991954e-06, 1.47652565374e-06, 2.016042572e-06, 1.52091388372e-06, 1.49516927195e-06, 1.27292651086e-06, 1.11441943318e-06],
        "median": [0.000615042110439, 0.000914677395485, 0.00104339234531, 0.000599307881203, 0.000212121056393, 0.000121006902191, 0.000202577066375, 9.54820716288e-05, 5.7276320149e-05, 2.39657765633e-05, 2.35282332142e-05, 2.49628847087e-05, 1.29785112222e-05, 2.33580740314e-05, 1.30340158648e-05, 9.83247900876e-06, 7.33022352506e-06, 8.64425965119e-06, 6.41302176518e-06, 3.57779026672e-06, 3.78470031137e-06, 2.86818544737e-06, 2.60169076682e-06, 1.39793496601e-06, 1.04250818822e-06, 9.20014770145e-07, 7.95761934569e-07, 7.15698661224e-07, 8.05616878097e-07, 5.64943150039e-07, 6.96257870914e-07, 6.81235917455e-07, 6.67131075716e-07, 5.07885772549e-07, 4.88442594815e-07, 6.8053918767e-07, 4.83647170313e-07, 4.09789805644e-07, 3.69601309558e-07, 3.30943805693e-07],
        "min": [1.04858002652e-23, 1.56422144213e-24, 1.15702568179e-23, 9.66532102599e-24, 4.17067841805e-24, 1.10667679229e-23, 5.69895837126e-24, 1.12098152262e-23, 2.05162479277e-23, 1.48063417448e-23, 1.05634438998e-23, 6.45705882877e-24, 7.01917152755e-24, 1.00889645756e-23, 5.0644440186e-24, 2.72101634266e-24, 2.73741715531e-24, 6.77059751201e-24, 1.11012111677e-23, 5.62907357809e-24, 1.01639237166e-23, 1.76394236677e-23, 1.27011307352e-23, 9.80589840589e-24, 1.15304595741e-23, 9.21417384088e-24, 1.21582903027e-23, 1.22828309293e-23, 1.70835149655e-23, 1.1830158876e-23, 1.09149524305e-23, 1.23999641519e-23, 8.60095676051e-24, 9.70622188621e-24, 1.43141509157e-23, 1.1371899321e-23, 9.76611615044e-24, 1.0946964406e-23, 1.21547569947e-23, 9.80264987668e-24],
        "stdev": [0.00597760034725, 0.00523974327371, 0.00375201622956, 0.000928941357415, 0.00100010738242, 0.00210639485158, 0.00112683034968, 0.00139792694245, 0.00089242705144, 0.000439964584075, 0.000160950643476, 0.000106407111161, 0.000361020007404, 0.000319287821185, 0.000223379145609, 0.000214859726839, 8.17011823528e-05, 5.02328184666e-05, 8.15388630144e-05, 3.31762894348e-05, 2.92695640383e-05, 3.53193863702e-05, 1.06008938019e-05, 9.08511992748e-06, 1.22434767036e-05, 1.6356461856e-05, 1.56935511768e-05, 2.33612936427e-05, 1.56678761414e-05, 4.81070992464e-06, 4.25266307502e-06, 2.78901393358e-06, 6.03647367825e-06, 6.01329838901e-06, 2.81869301944e-06, 4.09678341384e-06, 4.47388356406e-06, 4.45593150289e-06, 3.24221423398e-06, 3.07964683088e-06],
        "var": [3.57317076123e-05, 2.74549111055e-05, 1.40776255648e-05, 8.62932040491e-07, 1.00021475191e-06, 4.43689941676e-06, 1.26974669001e-06, 1.95419966076e-06, 7.96426036231e-07, 1.93568837403e-07, 2.59051109452e-08, 1.13224727372e-08, 1.30335450876e-07, 1.01944706898e-07, 4.98982402064e-08, 4.61647005068e-08, 6.6750827088e-09, 2.52333598461e-09, 6.648585682e-09, 1.10066611381e-09, 8.56707427221e-10, 1.24745913599e-09, 1.12378946426e-10, 8.25394058657e-11, 1.49902729119e-10, 2.67533828424e-10, 2.46287573669e-10, 5.45750000747e-10, 2.45482356664e-10, 2.31429285458e-11, 1.80851427584e-11, 7.77859894552e-12, 3.64390149998e-11, 3.61597592147e-11, 7.94503091789e-12, 1.67836335108e-11, 2.0015633248e-11, 1.98553239822e-11, 1.0511953287e-11, 9.48422416991e-12]
    },
    "melbands128": {
