{
"lowlevel": {
    "average_loudness": 0.969464957714,
    "barkbands_crest": {
        "dmean": 2.90729784966,
        "dmean2": 4.49622011185,
        "dvar": 7.24088954926,
        "dvar2": 16.5852966309,
        "max": 26.2703266144,
        "mean": 12.1181774139,
        "median": 11.5124731064,
        "min": 2.54338216782,
        "stdev": 5.03242206573,
        "var": 25.3252696991
    },
    "barkbands_flatness_db": {
        "dmean": 0.0335162132978,
        "dmean2": 0.0492056645453,
        "dvar": 0.00119703053497,
        "dvar2": 0.00242563663051,
        "max": 0.461089104414,
        "mean": 0.165072873235,
        "median": 0.152954041958,
        "min": 0.039351940155,
        "stdev": 0.0695993006229,
        "var": 0.00484406249598
    },
    "barkbands_kurtosis": {
        "dmean": 11.3515701294,
        "dmean2": 17.5769577026,
        "dvar": 785.398986816,
        "dvar2": 1827.13171387,
        "max": 651.503723145,
        "mean": 17.5230770111,
        "median": 4.83166837692,
        "min": -1.82886695862,
        "stdev": 40.1716346741,
        "var": 1613.76037598
    },
    "barkbands_skewness": {
        "dmean": 0.971063554287,
        "dmean2": 1.4461671114,
        "dvar": 1.47050511837,
        "dvar2": 3.01380228996,
        "max": 18.6358909607,
        "mean": 2.8587782383,
        "median": 2.1647605896,
        "min": -2.24953627586,
        "stdev": 2.37130737305,
        "var": 5.62309837341
    },
    "barkbands_spread": {
        "dmean": 8.37566757202,
        "dmean2": 13.0360984802,
        "dvar": 133.906906128,
        "dvar2": 271.29397583,
        "max": 106.868354797,
        "mean": 20.5719928741,
        "median": 17.1691646576,
        "min": 0.222125336528,
        "stdev": 16.3960456848,
        "var": 268.830291748
    },
    "dissonance": {
        "dmean": 0.0191637482494,
        "dmean2": 0.0304916966707,
        "dvar": 0.000330274779117,
        "dvar2": 0.000748314196244,
        "max": 0.499498456717,
        "mean": 0.457012593746,
        "median": 0.462989628315,
        "min": 0.269589811563,
        "stdev": 0.0292843729258,
        "var": 0.000857574457768
    },
    "dynamic_complexity": 2.05321240425,
    "erbbands_crest": {
        "dmean": 2.80375957489,
        "dmean2": 4.51090431213,
        "dvar": 6.93963384628,
        "dvar2": 17.3272132874,
        "max": 26.2600078583,
        "mean": 9.13950252533,
        "median": 8.27655792236,
        "min": 2.64617872238,
        "stdev": 4.26153755188,
        "var": 18.1607017517
    },
    "erbbands_flatness_db": {
        "dmean": 0.0172858331352,
        "dmean2": 0.0252169836313,
        "dvar": 0.000262767862296,
        "dvar2": 0.000520235975273,
        "max": 0.239934161305,
        "mean": 0.135008245707,
        "median": 0.135192424059,
        "min": 0.0538790151477,
        "stdev": 0.0293781850487,
        "var": 0.000863077759277
    },
    "erbbands_kurtosis": {
        "dmean": 1.08802771568,
        "dmean2": 1.74393999577,
        "dvar": 2.66627788544,
        "dvar2": 6.59456825256,
        "max": 19.6146526337,
        "mean": 0.426419168711,
        "median": -0.169062614441,
        "min": -1.69402348995,
        "stdev": 2.13047981262,
        "var": 4.53894472122
    },
    "erbbands_skewness": {
        "dmean": 0.450648218393,
        "dmean2": 0.690020084381,
        "dvar": 0.231279879808,
        "dvar2": 0.52569180727,
        "max": 4.0096988678,
        "mean": 0.521132230759,
        "median": 0.497725844383,
        "min": -3.72405123711,
        "stdev": 0.792185306549,
        "var": 0.627557575703
    },
    "erbbands_spread": {
        "dmean": 12.0779304504,
        "dmean2": 18.4915790558,
        "dvar": 172.154373169,
        "dvar2": 379.328826904,
        "max": 132.026702881,
        "mean": 51.3913993835,
        "median": 48.2607879639,
        "min": 11.6677751541,
        "stdev": 21.2178573608,
        "var": 450.197509766
    },
    "hfc": {
        "dmean": 12.4998483658,
        "dmean2": 18.1677818298,
        "dvar": 485.632293701,
        "dvar2": 1081.01049805,
        "max": 193.54460144,
        "mean": 27.2305316925,
        "median": 20.4305114746,
        "min": 1.22066685652e-16,
        "stdev": 26.5940055847,
        "var": 707.241088867
    },
    "loudness_ebu128": {
        "integrated": -7.86064147949,
        "loudness_range": 1.19586753845,
        "momentary": {
            "dmean": 0.665856182575,
            "dmean2": 0.734935283661,
            "dvar": 0.399806380272,
            "dvar2": 0.44198051095,
            "max": -5.77365589142,
            "mean": -8.20110988617,
            "median": -7.61832284927,
            "min": -17.2017745972,
            "stdev": 1.91301774979,
            "var": 3.65963673592
        },
        "short_term": {
            "dmean": 0.0723801031709,
            "dmean2": 0.0734524875879,
            "dvar": 0.00307900924236,
            "dvar2": 0.00339655461721,
            "max": -7.00479841232,
            "mean": -7.90178966522,
            "median": -7.86680364609,
            "min": -9.37730789185,
            "stdev": 0.464398890734,
            "var": 0.215666338801
        }
    },
    "melbands_crest": {
        "dmean": 3.68517208099,
        "dmean2": 6.01098299026,
        "dvar": 12.7112016678,
        "dvar2": 32.0954246521,
        "max": 34.2462844849,
        "mean": 16.5019569397,
        "median": 16.0446796417,
        "min": 2.55281281471,
        "stdev": 6.0963768959,
        "var": 37.165813446
    },
    "melbands_flatness_db": {
        "dmean": 0.0411614738405,
        "dmean2": 0.060567766428,
        "dvar": 0.00190029235091,
        "dvar2": 0.00370346894488,
        "max": 0.579054236412,
        "mean": 0.230402708054,
        "median": 0.216736540198,
        "min": 0.0082661435008,
        "stdev": 0.0907096266747,
        "var": 0.00822823680937
    },
    "melbands_kurtosis": {
        "dmean": 21.7161140442,
        "dmean2": 33.4726905823,
        "dvar": 1658.93884277,
        "dvar2": 3691.22900391,
        "max": 609.83416748,
        "mean": 42.3703918457,
        "median": 17.205160141,
        "min": -1.83913457394,
        "stdev": 67.0194396973,
        "var": 4491.60498047
    },
    "melbands_skewness": {
        "dmean": 1.18399226665,
        "dmean2": 1.78716945648,
        "dvar": 2.08487462997,
        "dvar2": 4.53780937195,
        "max": 18.4897899628,
        "mean": 4.34645271301,
        "median": 3.53349733353,
        "min": 0.0369703806937,
        "stdev": 2.81724691391,
        "var": 7.93688058853
    },
    "melbands_spread": {
        "dmean": 8.7069311142,
        "dmean2": 13.3293447495,
        "dvar": 269.733947754,
        "dvar2": 486.686981201,
        "max": 266.398040771,
        "mean": 18.6607494354,
        "median": 13.5200996399,
        "min": 0.213811025023,
        "stdev": 23.5290222168,
        "var": 553.614929199
    },
    "pitch_salience": {
        "dmean": 0.0901363566518,
        "dmean2": 0.145608440042,
        "dvar": 0.00947156734765,
        "dvar2": 0.022743197158,
        "max": 0.844862818718,
        "mean": 0.492661803961,
        "median": 0.496179640293,
        "min": 0.0506653487682,
        "stdev": 0.153504788876,
        "var": 0.0235637184232
    },
    "silence_rate_20dB": {
        "dmean": 0,
        "dmean2": 0,
        "dvar": 0,
        "dvar2": 0,
        "max": 1,
        "mean": 1,
        "median": 1,
        "min": 1,
        "stdev": 0,
        "var": 0
    },
    "silence_rate_30dB": {
        "dmean": 0.0448916405439,
        "dmean2": 0.0898528248072,
        "dvar": 0.0428760871291,
        "dvar2": 0.0879750549793,
        "max": 1,
        "mean": 0.897138416767,
        "median": 1,
        "min": 0,
        "stdev": 0.303779393435,
        "var": 0.0922819152474
    },
    "silence_rate_60dB": {
        "dmean": 0.00696594407782,
        "dmean2": 0.0131680862978,
        "dvar": 0.00691751483828,
        "dvar2": 0.0129948314279,
        "max": 1,
        "mean": 0.0224284604192,
        "median": 0,
        "min": 0,
        "stdev": 0.148073509336,
        "var": 0.0219257622957
    },
    "spectral_centroid": {
        "dmean": 353.107696533,
        "dmean2": 540.526245117,
        "dvar": 278206.625,
        "dvar2": 479183.03125,
        "max": 11265.609375,
        "mean": 1125.67285156,
        "median": 991.54876709,
        "min": 133.939544678,
        "stdev": 721.310913086,
        "var": 520289.40625
    },
    "spectral_complexity": {
        "dmean": 4.70975255966,
        "dmean2": 7.23780012131,
        "dvar": 33.9598464966,
        "dvar2": 73.8386611938,
        "max": 49,
        "mean": 18.1732406616,
        "median": 17,
        "min": 0,
        "stdev": 9.45134544373,
        "var": 89.3279342651
    },
    "spectral_decrease": {
        "dmean": 5.07280173423e-09,
        "dmean2": 7.61508633929e-09,
        "dvar": 7.45040518935e-17,
        "dvar2": 1.5646474658e-16,
        "max": -5.87308484681e-29,
        "mean": -1.36135529516e-08,
        "median": -1.07304982677e-08,
        "min": -8.16281371385e-08,
        "stdev": 1.29839232699e-08,
        "var": 1.6858225434e-16
    },
    "spectral_energy": {
        "dmean": 0.0196038614959,
        "dmean2": 0.0293084047735,
        "dvar": 0.00105848594103,
        "dvar2": 0.00220976467244,
        "max": 0.311210334301,
        "mean": 0.0538505390286,
        "median": 0.0429473258555,
        "min": 1.12934678226e-20,
        "stdev": 0.0492178015411,
        "var": 0.00242239213549
    },
    "spectral_energyband_high": {
        "dmean": 0.0012664583046,
        "dmean2": 0.00191550911404,
        "dvar": 7.12676455805e-06,
        "dvar2": 1.53608270921e-05,
        "max": 0.0235824510455,
        "mean": 0.00157614040654,
        "median": 0.000523040362168,
        "min": 8.26699248366e-21,
        "stdev": 0.00303066708148,
        "var": 9.18494242796e-06
    },
    "spectral_energyband_low": {
        "dmean": 0.0179549399763,
        "dmean2": 0.0280819758773,
        "dvar": 0.00132374092937,
        "dvar2": 0.00305539695546,
        "max": 0.302573889494,
        "mean": 0.0340328365564,
        "median": 0.0187771394849,
        "min": 3.92063207252e-23,
        "stdev": 0.0497090965509,
        "var": 0.0024709943682
    },
    "spectral_energyband_middle_high": {
        "dmean": 0.00146454945207,
        "dmean2": 0.00227839522995,
        "dvar": 5.50146387468e-06,
        "dvar2": 1.46868760567e-05,
        "max": 0.0247753337026,
        "mean": 0.00392324104905,
        "median": 0.00287284096703,
        "min": 1.76155967236e-21,
        "stdev": 0.0037603394594,
        "var": 1.41401533256e-05
    },
    "spectral_energyband_middle_low": {
        "dmean": 0.00719922594726,
        "dmean2": 0.0121242608875,
        "dvar": 0.000229971585213,
        "dvar2": 0.000635807111394,
        "max": 0.168898463249,
        "mean": 0.0163495261222,
        "median": 0.0139839546755,
        "min": 3.87780443532e-22,
        "stdev": 0.0145681528375,
        "var": 0.000212231068872
    },
    "spectral_entropy": {
        "dmean": 0.270209759474,
        "dmean2": 0.400864243507,
        "dvar": 0.0780802220106,
        "dvar2": 0.157053291798,
        "max": 9.78580284119,
        "mean": 7.58215665817,
        "median": 7.54951047897,
        "min": 5.71302032471,
        "stdev": 0.444296628237,
        "var": 0.197399497032
    },
    "spectral_flux": {
        "dmean": 0.0431476160884,
        "dmean2": 0.0665394589305,
        "dvar": 0.00291458447464,
        "dvar2": 0.00504925940186,
        "max": 0.50815820694,
        "mean": 0.113791100681,
        "median": 0.0949368327856,
        "min": 1.06270728328e-10,
        "stdev": 0.0854467004538,
        "var": 0.00730113871396
    },
    "spectral_kurtosis": {
        "dmean": 1.27947175503,
        "dmean2": 1.9852335453,
        "dvar": 1.91634726524,
        "dvar2": 4.32549953461,
        "max": 13.8247585297,
        "mean": 3.20753550529,
        "median": 3.11647319794,
        "min": -1.37004327774,
        "stdev": 1.98826134205,
        "var": 3.95318317413
    },
    "spectral_rms": {
        "dmean": 0.00116154481657,
        "dmean2": 0.001712663332,
        "dvar": 2.10581993088e-06,
        "dvar2": 4.28494649896e-06,
        "max": 0.0174246896058,
        "mean": 0.00668858131394,
        "median": 0.00647300807759,
        "min": 3.31933981169e-12,
        "stdev": 0.00279283011332,
        "var": 7.79990023148e-06
    },
    "spectral_rolloff": {
        "dmean": 759.780578613,
        "dmean2": 1266.9576416,
        "dvar": 2508980.75,
        "dvar2": 4685946.5,
        "max": 18066.3574219,
        "mean": 1285.74633789,
        "median": 602.9296875,
        "min": 64.599609375,
        "stdev": 1941.47814941,
        "var": 3769337.25
    },
    "spectral_skewness": {
        "dmean": 0.268455892801,
        "dmean2": 0.403044342995,
        "dvar": 0.0796686857939,
        "dvar2": 0.166176095605,
        "max": 3.04519915581,
        "mean": 1.53260445595,
        "median": 1.56632888317,
        "min": -0.11468026042,
        "stdev": 0.429056465626,
        "var": 0.184089452028
    },
    "spectral_spread": {
        "dmean": 791999.625,
        "dmean2": 1157891.625,
        "dvar": 1.59338738483e+12,
        "dvar2": 2.16323155558e+12,
        "max": 41841724,
        "mean": 5953372,
        "median": 5718175,
        "min": 2671201,
        "stdev": 1824108,
        "var": 3.3273699369e+12
    },
    "spectral_strongpeak": {
        "dmean": 0.422329366207,
        "dmean2": 0.73647415638,
        "dvar": 0.39844417572,
        "dvar2": 1.0921895504,
        "max": 5.95350646973,
        "mean": 0.806244313717,
        "median": 0.54411816597,
        "min": 0,
        "stdev": 0.76212823391,
        "var": 0.580839455128
    },
    "zerocrossingrate": {
        "dmean": 0.0170293748379,
        "dmean2": 0.0194416120648,
        "dvar": 0.000591474818066,
        "dvar2": 0.000653295952361,
        "max": 0.51171875,
        "mean": 0.0580435357988,
        "median": 0.048828125,
        "min": 0.00244140625,
        "stdev": 0.0463351458311,
        "var": 0.00214694580063
    },
    "barkbands": {
        "dmean": [0.000602180720307, 0.0116929877549, 0.0100738061592, 0.00354910222813, 0.00298602133989, 0.0012731362367, 0.00106855644844, 0.000719929055776, 0.000839031999931, 0.000406902778195, 0.000279925297946, 0.000260299566435, 0.000157525981194, 0.000252129568253, 0.000223938739509, 0.000157554095495, 0.000198832785827, 0.000183325435501, 0.000159483097377, 0.000245850184001, 0.000242843423621, 0.000207670338568, 0.000199521513423, 0.000370799651137, 0.00018770051247, 6.33488525636e-05, 1.5866838794e-06],
        "dmean2": [0.000901156105101, 0.0181367788464, 0.0175080094486, 0.00645027495921, 0.00519294245169, 0.00196977821179, 0.00163202523254, 0.00112265301868, 0.00122228323016, 0.000604479922913, 0.000420060765464, 0.000420460040914, 0.000248234398896, 0.000390669651097, 0.000355671654688, 0.000254627433605, 0.000318596372381, 0.000297959777527, 0.000276304897852, 0.000427015940659, 0.000388473388739, 0.000325201574014, 0.000302329397528, 0.000560714281164, 0.000268562405836, 9.18346995604e-05, 2.67206678473e-06],
        "dvar": [2.72347142527e-06, 0.000591499789152, 0.000876456324477, 9.47454900597e-05, 3.65048945241e-05, 4.41067368229e-06, 4.36435539086e-06, 2.21180994231e-06, 3.46085198544e-06, 6.94144830504e-07, 3.66401053498e-07, 2.63719073246e-07, 8.77676527011e-08, 1.85854247547e-07, 1.14070957125e-07, 6.48558042826e-08, 1.1085316487e-07, 7.7526024711e-08, 1.31070294174e-07, 6.11224265867e-07, 2.83234584231e-07, 2.33393279814e-07, 1.940210268e-07, 6.74534987866e-07, 1.49458401211e-07, 2.50062281992e-08, 3.07493197571e-11],
        "dvar2": [5.89165892961e-06, 0.00136232050136, 0.00240444997326, 0.000273761426797, 0.000104495884443, 1.07036266854e-05, 9.20403181226e-06, 4.86864109916e-06, 7.71528902987e-06, 1.36910591664e-06, 7.28817155959e-07, 6.49904961847e-07, 1.8095498433e-07, 3.96636551159e-07, 2.6599064995e-07, 1.67663969819e-07, 2.69922111329e-07, 2.01804425615e-07, 3.70234801039e-07, 1.75588252205e-06, 6.72318435591e-07, 5.28088662577e-07, 4.20296601078e-07, 1.50312280311e-06, 3.06731095634e-07, 5.47035696741e-08, 8.12696784869e-11],
        "max": [0.0186831243336, 0.194858938456, 0.224973767996, 0.0892179384828, 0.0848096832633, 0.0247759278864, 0.027890721336, 0.0250559430569, 0.0233213156462, 0.0186914727092, 0.0115226563066, 0.00664822058752, 0.00678299553692, 0.0067572738044, 0.00565149681643, 0.00268766237423, 0.00438140006736, 0.00319560756907, 0.00424799369648, 0.0092982891947, 0.00580694386736, 0.00429646205157, 0.0062777758576, 0.00686210067943, 0.00677052978426, 0.00153592601418, 6.06986322964e-05],
        "mean": [0.000811967940535, 0.0210343487561, 0.0103061152622, 0.00378271820955, 0.00475671701133, 0.00234371190891, 0.00230548763648, 0.00117879919708, 0.00164519296959, 0.000810923287645, 0.000450704683317, 0.000371535483282, 0.00025371555239, 0.000522830348928, 0.000403425015975, 0.000236203981331, 0.000304042448988, 0.00035157595994, 0.000235788305872, 0.000252922152868, 0.000240054825554, 0.00020558637334, 0.00025057134917, 0.000467725447379, 0.000260025728494, 6.67231797706e-05, 1.1834902125e-06],
        "median": [5.88223520026e-05, 0.00673172716051, 0.00368777289987, 0.00187747459859, 0.00270376377739, 0.00157187867444, 0.000626699533314, 0.000399580836529, 0.000377865275368, 0.00022617430659, 0.000135079419124, 0.000147051890963, 0.000111013978312, 0.000200086215045, 0.000192429375602, 0.00013570325973, 0.000163765536854, 0.000237563232076, 0.000145277619595, 0.000102030018752, 6.2999977672e-05, 3.36096200044e-05, 7.58641108405e-05, 0.000125094331452, 0.000104498110886, 1.09376005639e-05, 1.80730221899e-08],
        "min": [3.68537134693e-23, 1.43632638179e-23, 2.24500031751e-24, 2.48558743193e-23, 3.07130119238e-23, 1.14053307728e-22, 1.04440431753e-22, 1.28371761092e-23, 4.50045966844e-23, 1.5574802707e-22, 6.32392995243e-23, 7.4708623956e-23, 1.81007757152e-22, 9.96756172223e-23, 9.95028440623e-23, 2.07417305646e-22, 6.84248987729e-23, 1.83263280874e-22, 4.33233775854e-22, 3.50408151836e-22, 6.78253518631e-22, 5.54094082292e-22, 5.52664691575e-22, 9.42634609083e-22, 1.06392077419e-21, 1.72036603746e-21, 2.87788352985e-21],
        "stdev": [0.00219262740575, 0.0344478935003, 0.024911025539, 0.00774085568264, 0.00628189044073, 0.0026679832954, 0.00429358193651, 0.00208233180456, 0.00309784943238, 0.00147227512207, 0.00100393476896, 0.000655998301227, 0.000425609061494, 0.000777590903454, 0.000538965861779, 0.00030088116182, 0.000404286431149, 0.000374471739633, 0.000323958898662, 0.00061016442487, 0.000530137505848, 0.000502278329805, 0.000523325812537, 0.000951448222622, 0.000493383908179, 0.000170915984199, 4.7446364988e-06],
        "var": [4.80761491417e-06, 0.00118665734772, 0.000620559207164, 5.99208433414e-05, 3.94621492887e-05, 7.11813436283e-06, 1.84348446055e-05, 4.33610603068e-06, 9.59667158895e-06, 2.16759394789e-06, 1.00788497548e-06, 4.30333784607e-07, 1.81143079203e-07, 6.04647652835e-07, 2.90484223342e-07, 9.05294754716e-08, 1.63447509749e-07, 1.40229090562e-07, 1.0494937186e-07, 3.72300632989e-07, 2.81045799966e-07, 2.52283513191e-07, 2.73869915191e-07, 9.05253671135e-07, 2.43427706437e-07, 2.92122752654e-08, 2.25115759367e-11]
    },
    "erbbands": {
        "dmean": [0.380041956902, 2.76784205437, 10.4807710648, 11.6613893509, 10.8214244843, 10.1917247772, 9.37792873383, 10.5805177689, 13.3968153, 19.7214298248, 13.6800575256, 16.409866333, 18.2392120361, 12.446969986, 9.16837882996, 10.6974906921, 7.52471351624, 12.6877737045, 11.7881679535, 9.67697429657, 9.28454780579, 10.0522470474, 10.1811962128, 7.01456737518, 12.2651348114, 9.81884860992, 8.116355896, 9.89354228973, 7.4841966629, 6.33992815018, 5.9433426857, 7.19071483612, 6.39904069901, 2.67205834389, 1.04905748367, 0.410814970732, 0.0931125953794, 0.00919230189174, 0.000250907964073, 3.16161494993e-05],
        "dmean2": [0.561050117016, 4.2451376915, 17.8124542236, 20.8248329163, 18.7847557068, 17.9100990295, 15.4690599442, 16.4421787262, 20.484746933, 29.9662322998, 20.4218139648, 24.4230728149, 27.2226314545, 17.8936271667, 14.1215715408, 17.5278663635, 11.6857748032, 19.3189239502, 18.5625743866, 15.5085964203, 14.6198005676, 16.1580963135, 16.3162479401, 11.6200017929, 21.4536437988, 16.9082221985, 13.3615112305, 15.8654584885, 11.7409505844, 9.93579387665, 8.9417514801, 10.9019355774, 9.80052471161, 3.82782626152, 1.52218663692, 0.596532642841, 0.13594506681, 0.0140238860622, 0.000388242595363, 4.62949501525e-05],
        "dvar": [0.749548137188, 34.7256698608, 874.207702637, 1175.6583252, 555.50970459, 430.893432617, 313.189910889, 376.253753662, 912.793701172, 1795.63061523, 711.676269531, 1113.40185547, 1751.49560547, 800.931396484, 307.90713501, 476.303924561, 221.136856079, 494.485839844, 381.826934814, 195.985519409, 239.358428955, 300.253601074, 225.191955566, 166.843688965, 1462.5291748, 832.516540527, 337.316375732, 525.836364746, 290.533081055, 221.630447388, 168.744354248, 260.528839111, 194.404129028, 28.7891349792, 4.75618267059, 1.01025629044, 0.0551955588162, 0.000580188760068, 4.96416930673e-07, 1.97082372644e-09],
        "dvar2": [1.67912220955, 77.7725753784, 2304.68481445, 3337.48803711, 1561.16442871, 1237.4407959, 824.000671387, 924.065856934, 1961.67797852, 3613.09960938, 1489.01940918, 2538.81762695, 3991.68115234, 1336.47216797, 688.23425293, 1177.36779785, 438.830688477, 1023.13806152, 891.652404785, 495.322753906, 597.632507324, 766.238708496, 569.914733887, 453.329681396, 4234.53857422, 2377.05371094, 853.049560547, 1227.84204102, 640.21081543, 530.381225586, 359.508361816, 598.209289551, 423.544006348, 58.0254592896, 10.2139720917, 2.20019555092, 0.124838367105, 0.00133782322519, 1.21777134154e-06, 4.27063717723e-09],
        "max": [9.38511180878, 49.7854537964, 218.355392456, 309.272369385, 278.447662354, 287.215240479, 211.01789856, 228.512283325, 410.318572998, 633.045471191, 429.631408691, 436.389221191, 595.460449219, 735.51550293, 356.577331543, 338.451324463, 365.416900635, 374.529693604, 345.888336182, 144.356445312, 183.7527771, 260.653839111, 172.903091431, 146.219573975, 499.690124512, 317.734649658, 142.472396851, 256.676177979, 131.140304565, 153.313674927, 194.290390015, 168.446044922, 110.214523315, 91.6379394531, 23.9403400421, 10.1163244247, 2.02933931351, 0.201034083962, 0.00706003466621, 0.000337760779075],
        "mean": [0.678296327591, 4.50719022751, 11.410736084, 12.522321701, 16.1556224823, 14.3537683487, 15.2948675156, 19.351940155, 25.8061828613, 39.2764053345, 26.2866783142, 33.371711731, 36.8197860718, 23.5779094696, 16.4167823792, 15.9276828766, 13.0382738113, 25.9841308594, 22.9231739044, 17.3779678345, 14.9913034439, 15.6807813644, 20.0485553741, 12.8443870544, 15.1556386948, 10.5371294022, 8.65783119202, 9.41037940979, 7.36919212341, 7.00081634521, 7.35901784897, 8.50909805298, 8.1901922226, 3.80919981003, 1.36662173271, 0.449153095484, 0.0972144976258, 0.00883573386818, 0.000260358909145, 7.5518648373e-05],
        "median": [0.131478235126, 1.59714305401, 4.67134523392, 6.74355983734, 8.77042293549, 6.79239654541, 8.8050737381, 11.6621952057, 10.2786226273, 9.79586315155, 11.1247415543, 10.5753269196, 10.1611700058, 7.96174573898, 7.51181840897, 6.71777820587, 5.92577600479, 9.44742393494, 11.1704864502, 9.53911304474, 8.21105670929, 9.59195709229, 14.4841041565, 8.340467453, 8.05185508728, 4.64913511276, 2.78456377983, 1.76565992832, 1.06417906284, 1.90578615665, 1.99418616295, 1.95377159119, 2.38312220573, 1.52728188038, 0.501245677471, 0.0904220119119, 0.0166240874678, 0.00117045629304, 6.56507982058e-05, 5.86237401876e-05],
        "min": [7.59852331413e-22, 2.17598140016e-21, 4.33375351774e-21, 4.25486294396e-20, 7.22747832372e-20, 1.15024931322e-19, 2.29679078935e-19, 1.32494781649e-18, 1.7750373639e-18, 6.63960868795e-19, 4.17637701014e-19, 1.20435150063e-18, 4.62499882895e-18, 2.459178803e-18, 3.50157175181e-18, 2.64745255505e-18, 8.97523307382e-18, 5.47558823924e-18, 5.01051503882e-18, 8.86146099801e-18, 8.64476862884e-18, 5.51611016309e-18, 9.10983769336e-18, 1.31222459994e-17, 2.36791418758e-17, 1.86557914754e-17, 2.42311641663e-17, 2.75020579928e-17, 1.88023529907e-17, 1.74321415409e-17, 1.42882927304e-17, 1.64008160619e-17, 1.71162280301e-17, 1.22934705826e-17, 7.9898889107e-18, 6.26563464615e-18, 3.08338976596e-18, 1.98735250006e-18, 3.76459125007e-19, 3.33227415633e-20],
        "stdev": [1.22568547726, 7.65662622452, 26.3157329559, 27.1648406982, 22.9344978333, 22.2552814484, 19.8119239807, 24.3629589081, 49.1447525024, 82.4264450073, 40.4623832703, 54.3590927124, 65.739402771, 53.9421691895, 28.9412212372, 27.6367225647, 21.8013248444, 39.6400375366, 32.2870330811, 20.385345459, 19.2490577698, 19.511341095, 20.9479446411, 14.5506191254, 29.9710388184, 22.9868755341, 17.3999118805, 22.9326934814, 18.0452461243, 15.2914400101, 15.8939943314, 18.883354187, 16.0762119293, 7.04766607285, 2.62379264832, 1.09399318695, 0.249285280704, 0.0243260506541, 0.000669878732879, 6.14766249782e-05],
        "var": [1.5023047924, 58.6239242554, 692.51776123, 737.928588867, 525.991149902, 495.297576904, 392.512298584, 593.553771973, 2415.20678711, 6794.11914062, 1637.20458984, 2954.91113281, 4321.66943359, 2909.75756836, 837.594238281, 763.788391113, 475.29776001, 1571.33251953, 1042.45239258, 415.562347412, 370.526245117, 380.692443848, 438.81640625, 211.72052002, 898.263122559, 528.39642334, 302.756958008, 525.908447266, 325.630889893, 233.828140259, 252.619049072, 356.581054688, 258.444610596, 49.6695976257, 6.88428735733, 1.19682109356, 0.0621431544423, 0.000591756775975, 4.48737523584e-07, 3.77937503515e-09]
    },
    "gfcc": {
        "mean": [22.4162368774, 87.0773468018, -96.7471847534, 40.8052444458, -59.706703186, 23.0517864227, -49.0463829041, 18.279750824, -27.0071849823, -0.343210339546, -13.2472391129, -7.65475988388, -9.7859210968],
        "cov": [[4432.81591797, -707.688110352, -339.581512451, -85.2688446045, -421.328369141, 4.13078022003, -250.152374268, 141.182250977, -98.0933380127, 94.0860519409, -149.663360596, 79.9999008179, -170.693313599], [-707.688110352, 1174.60620117, 55.699508667, 44.4254226685, 435.987457275, 23.3913211823, 273.487457275, 86.3187026978, 170.876876831, -15.281955719, 184.703765869, -99.3380813599, 104.997833252], [-339.581512451, 55.699508667, 576.207214355, 293.102905273, 199.733078003, 145.983566284, 116.164978027, 19.7882289886, 86.1292037964, 71.6233978271, 94.0535125732, 71.9131851196, 53.8413085938], [-85.2688446045, 44.4254226685, 293.102905273, 467.196105957, 247.101638794, 94.6951904297, 139.970108032, -26.7975921631, 131.226516724, 40.0729751587, 78.4357910156, 60.6912307739, 95.5607681274], [-421.328369141, 435.987457275, 199.733078003, 247.101638794, 502.350372314, 169.390289307, 282.953521729, 71.5804748535, 136.283554077, 38.8373832703, 107.451591492, 25.5771598816, 105.857620239], [4.13078022003, 23.3913211823, 145.983566284, 94.6951904297, 169.390289307, 245.227584839, 180.798019409, 41.4809646606, 40.2201042175, 33.7350082397, 26.6939430237, 44.8401412964, 37.8395652771], [-250.152374268, 273.487457275, 116.164978027, 139.970108032, 282.953521729, 180.798019409, 388.104248047, 31.1936759949, 93.9487915039, 63.7150497437, 54.4024391174, 36.8495826721, 65.867401123], [141.182250977, 86.3187026978, 19.7882289886, -26.7975921631, 71.5804748535, 41.4809646606, 31.1936759949, 196.156219482, 79.6726455688, 38.9752426147, 57.5793457031, -12.3937988281, 3.9156498909], [-98.0933380127, 170.876876831, 86.1292037964, 131.226516724, 136.283554077, 40.2201042175, 93.9487915039, 79.6726455688, 181.860214233, 52.1780319214, 74.4347457886, 7.78304672241, 43.5620346069], [94.0860519409, -15.281955719, 71.6233978271, 40.0729751587, 38.8373832703, 33.7350082397, 63.7150497437, 38.9752426147, 52.1780319214, 113.621696472, 51.7488212585, 43.2583351135, 5.01402044296], [-149.663360596, 184.703765869, 94.0535125732, 78.4357910156, 107.451591492, 26.6939430237, 54.4024391174, 57.5793457031, 74.4347457886, 51.7488212585, 144.027313232, 12.5907201767, 29.7339725494], [79.9999008179, -99.3380813599, 71.9131851196, 60.6912307739, 25.5771598816, 44.8401412964, 36.8495826721, -12.3937988281, 7.78304672241, 43.2583351135, 12.5907201767, 111.420326233, 26.7242641449], [-170.693313599, 104.997833252, 53.8413085938, 95.5607681274, 105.857620239, 37.8395652771, 65.867401123, 3.9156498909, 43.5620346069, 5.01402044296, 29.7339725494, 26.7242641449, 95.1249771118]],
        "icov": [[0.000363345316146, -0.000175571389263, 0.000416731985752, -0.000644637097139, 0.000401131284889, -0.000425108417403, 0.000290060037514, -0.000650214264169, 0.000376974378014, -0.000593131931964, 0.000540089095011, -0.000429479609011, 0.000616601610091], [-0.000175571389263, 0.0028130884748, -0.000589075672906, 0.00222969497554, -0.00225300248712, 0.00181992526632, -0.0014935269719, 0.00122385565192, -0.00163565215189, 0.00207123789005, -0.00296099158004, 0.00224935961887, -0.00162607466336], [0.000416731985752, -0.000589075672906, 0.00359865929931, -0.00268717366271, 0.000521290116012, -0.00200867233798, 0.00108542479575, -0.000937277975027, 0.00106846541166, -0.00176981196273, 0.000136509974254, -0.0012130793184, 0.00146866391879], [-0.000644637097139, 0.00222969497554, -0.00268717366271, 0.00755833461881, -0.00340084265918, 0.00196748552844, -0.00113708316348, 0.00409668404609, -0.00447977054864, 0.00272659957409, -0.00296247331426, 0.00134442280978, -0.00361315975897], [0.000401131284889, -0.00225300248712, 0.000521290116012, -0.00340084265918, 0.00719968043268, -0.00242295931093, -0.00119130546227, -0.00253109354526, 0.00124596536625, -0.000536910491064, 0.00108245084994, -0.00127133086789, -0.000314555945806], [-0.000425108417403, 0.00181992526632, -0.00200867233798, 0.00196748552844, -0.00242295931093, 0.00917014479637, -0.00408140011132, -0.000476907851407, -0.000202080278541, 0.00249328860082, -0.00119570002425, -0.000184645366971, -0.00133018870838], [0.000290060037514, -0.0014935269719, 0.00108542479575, -0.00113708316348, -0.00119130546227, -0.00408140011132, 0.00694642262533, 0.000413939560531, -5.3926363762e-05, -0.00390586140566, 0.00237543112598, -0.000834515318274, 0.000541769317351], [-0.000650214264169, 0.00122385565192, -0.000937277975027, 0.00409668404609, -0.00253109354526, -0.000476907851407, 0.000413939560531, 0.0098385848105, -0.00501056341454, 0.000172326603206, -0.00343798124231, 0.00261208810844, -0.00116152933333], [0.000376974378014, -0.00163565215189, 0.00106846541166, -0.00447977054864, 0.00124596536625, -0.000202080278541, -5.3926363762e-05, -0.00501056341454, 0.0123421121389, -0.00415609730408, 0.000535130209755, 3.94712551497e-05, -0.000296474987408], [-0.000593131931964, 0.00207123789005, -0.00176981196273, 0.00272659957409, -0.000536910491064, 0.00249328860082, -0.00390586140566, 0.000172326603206, -0.00415609730408, 0.0174288898706, -0.00629710406065, -0.00369361694902, 0.00120584038086], [0.000540089095011, -0.00296099158004, 0.000136509974254, -0.00296247331426, 0.00108245084994, -0.00119570002425, 0.00237543112598, -0.00343798124231, 0.000535130209755, -0.00629710406065, 0.0146760176867, -0.0019141783705, 0.000941207574215], [-0.000429479609011, 0.00224935961887, -0.0012130793184, 0.00134442280978, -0.00127133086789, -0.000184645366971, -0.000834515318274, 0.00261208810844, 3.94712551497e-05, -0.00369361694902, -0.0019141783705, 0.0152299636975, -0.0054626474157], [0.000616601610091, -0.00162607466336, 0.00146866391879, -0.00361315975897, -0.000314555945806, -0.00133018870838, 0.000541769317351, -0.00116152933333, -0.000296474987408, 0.00120584038086, 0.000941207574215, -0.0054626474157, 0.01807673648]]
    },
    "melbands": {
        "dmean": [0.00319236097857, 0.00427782163024, 0.00190002284944, 0.000704350997694, 0.000348067726009, 0.000236383653828, 0.000206547862035, 0.000202807161259, 0.000104806924355, 0.000112455178169, 9.23528205021e-05, 5.07180629938e-05, 3.64272746083e-05, 2.94443234452e-05, 2.17626366066e-05, 1.69766371982e-05, 2.54458027484e-05, 2.01118673431e-05, 1.36693442983e-05, 1.20728482216e-05, 1.17175195555e-05, 1.14656522783e-05, 1.03507272797e-05, 9.54488314164e-06, 5.62553805139e-06, 6.80758466842e-06, 1.19375617942e-05, 5.47097670278e-06, 4.94810956297e-06, 5.96216477788e-06, 5.41139343113e-06, 3.66481026504e-06, 4.53551183455e-06, 3.20906156048e-06, 3.43647980117e-06, 3.49815536538e-06, 5.18570732311e-06, 5.67632150705e-06, 2.93043899546e-06, 2.02298451768e-06],
        "dmean2": [0.00483957026154, 0.00687050772831, 0.00332535640337, 0.00122989830561, 0.000586500973441, 0.000362811406376, 0.000312383315759, 0.00031146404217, 0.000153766202857, 0.000166187106515, 0.000138252114994, 7.26985526853e-05, 5.50281256437e-05, 4.70233171654e-05, 3.52112438122e-05, 2.58643412963e-05, 3.88261250919e-05, 3.17523845297e-05, 2.20122219616e-05, 1.95391949092e-05, 1.85882108781e-05, 1.85521857929e-05, 1.64513839991e-05, 1.56221685756e-05, 9.39524306887e-06, 1.18765346997e-05, 2.12884879147e-05, 9.42274982663e-06, 8.33699232317e-06, 9.62321519182e-06, 8.74583565746e-06, 5.72866292714e-06, 7.27437463865e-06, 5.04566605741e-06, 5.18593242305e-06, 5.34717992196e-06, 7.97134725872e-06, 8.84531254997e-06, 4.39568748334e-06, 2.94688561553e-06],
        "dvar": [4.58009490103e-05, 0.000113540307211, 2.67478590104e-05, 2.24929613069e-06, 4.09798929013e-07, 1.71201335775e-07, 1.8937792845e-07, 1.80748884304e-07, 3.81593423526e-08, 5.81273766898e-08, 4.51679262881e-08, 1.38647848758e-08, 5.61256374709e-09, 3.32379590517e-09, 2.2440411751e-09, 1.24072829788e-09, 2.1001198558e-09, 1.10963582767e-09, 4.05829619909e-10, 2.88012697025e-10, 4.10613099078e-10, 4.79384199004e-10, 1.91263074822e-10, 2.0552309854e-10, 1.07696157547e-10, 2.45343440008e-10, 1.78774650639e-09, 2.15828549477e-10, 1.50280746181e-10, 2.17239268241e-10, 1.39785155673e-10, 6.82505094107e-11, 1.1838775793e-10, 5.67418750874e-11, 5.77747849562e-11, 5.85399853592e-11, 1.46934700518e-10, 1.64691954518e-10, 3.70043579112e-11, 1.58052303884e-11],
        "dvar2": [0.000105488121335, 0.000274805701338, 7.44814969948e-05, 6.4602168095e-06, 1.11762142296e-06, 4.11768581898e-07, 3.96265534164e-07, 3.75521466367e-07, 7.99121764317e-08, 1.33550074111e-07, 1.02195912177e-07, 2.22240075232e-08, 1.12874936065e-08, 7.74416086813e-09, 5.66499647192e-09, 2.50380605138e-09, 4.28001500907e-09, 2.64615218626e-09, 9.70872160444e-10, 7.08713532305e-10, 1.02600339336e-09, 1.25182797461e-09, 4.58310306373e-10, 5.32134059039e-10, 2.89520712959e-10, 6.94914348287e-10, 5.18887066647e-09, 6.08337491492e-10, 4.05971950501e-10, 5.20282039673e-10, 3.20614673699e-10, 1.4926616887e-10, 2.77137202076e-10, 1.3523689113e-10, 1.25190330325e-10, 1.2715321851e-10, 3.48072487499e-10, 3.74969055805e-10, 7.32564703343e-11, 3.29036728419e-11],
        "max": [0.065466798842, 0.087589725852, 0.0465133748949, 0.0221784822643, 0.00741877220571, 0.00481774983928, 0.00624755537137, 0.00644963281229, 0.00321980565786, 0.00266268895939, 0.00297393254004, 0.00320268957876, 0.00171545450576, 0.000790162186604, 0.000813084829133, 0.000782315444667, 0.000845242408104, 0.000504476483911, 0.000232769132708, 0.000153143904754, 0.000221849040827, 0.000349203415681, 0.000137582697789, 0.000156981739565, 0.000117520808999, 0.00016718263214, 0.000562895438634, 0.000159784962307, 0.000115521768748, 0.000188068210264, 0.000111599722004, 6.5416781581e-05, 9.56570511335e-05, 8.7820153567e-05, 0.000123683814309, 0.000104365994048, 0.000110746506834, 0.000100746168755, 0.000123471167171, 5.56529666937e-05],
        "mean": [0.00597530417144, 0.00574940582737, 0.0023354399018, 0.00109088222962, 0.000558973290026, 0.000437817594502, 0.000421471166192, 0.00038797952584, 0.000207122066058, 0.000220755435294, 0.000181774696102, 9.36669530347e-05, 6.21639192104e-05, 4.28885687143e-05, 3.19722057611e-05, 2.794646025e-05, 5.15094543516e-05, 3.73197144654e-05, 2.45397259278e-05, 1.97734789253e-05, 1.76500816451e-05, 1.64558205142e-05, 1.706405601e-05, 1.7952905182e-05, 9.16100998438e-06, 9.46859108808e-06, 1.21443845273e-05, 5.63842695556e-06, 5.13879103892e-06, 5.7736456256e-06, 5.13157601745e-06, 3.65922733181e-06, 4.34063531429e-06, 3.77796845896e-06, 4.18033050664e-06, 4.23085521106e-06, 5.85621592109e-06, 6.68409848004e-06, 4.09747644881e-06, 2.8407098398e-06],
        "median": [0.00146671384573, 0.00304185552523, 0.00138077279553, 0.000589472649153, 0.000319953483995, 0.000272410834441, 0.000164173965459, 0.00010164854757, 7.60772963986e-05, 6.02339860052e-05, 4.41968804807e-05, 2.74874455499e-05, 2.25621915888e-05, 1.70509065356e-05, 1.35970039992e-05, 1.15133134386e-05, 1.74431916093e-05, 1.63302211149e-05, 1.2247691302e-05, 1.13221176434e-05, 8.52267930895e-06, 8.809429346e-06, 1.05530771179e-05, 1.0984875189e-05, 5.44463682672e-06, 5.71009741179e-06, 4.77102457808e-06, 2.20351353164e-06, 1.56023020281e-06, 1.41379780416e-06, 8.38126879898e-07, 5.2257422567e-07, 7.34544187253e-07, 1.08331312276e-06, 1.11374572498e-06, 9.48528622757e-07, 1.24259781842e-06, 1.73661248937e-06, 1.53459450303e-06, 1.11328563435e-06],
        "min": [6.64925177212e-24, 2.63306347932e-24, 8.54072880812e-24, 5.87351396249e-24, 8.4515820038e-24, 2.8749937872e-23, 2.53190902874e-23, 5.71161485562e-24, 3.51913571389e-24, 7.40066387245e-24, 2.42861100641e-23, 1.1012469049e-23, 1.11876853113e-23, 1.06304174017e-23, 8.45377503712e-24, 1.99365361366e-23, 9.02515409052e-24, 7.73108536235e-24, 9.03745400975e-24, 1.44693025008e-23, 9.31708784572e-24, 4.72883892369e-24, 8.70508955544e-24, 6.78950650791e-24, 1.03731651274e-23, 1.75637040648e-23, 1.54574691137e-23, 1.09597557856e-23, 1.31852767608e-23, 1.83119228562e-23, 1.48812188442e-23, 1.01143619525e-23, 1.06770430255e-23, 9.41347875972e-24, 7.47741609422e-24, 8.70654658154e-24, 1.14118156828e-23, 1.20848844289e-23, 1.20758156839e-23, 9.62955486141e-24],
        "stdev": [0.00991946272552, 0.0110022714362, 0.00423630606383, 0.00152160751168, 0.000715206319001, 0.000534553371836, 0.000768869183958, 0.000779336958658, 0.000311851181323, 0.000391144276364, 0.000333141273586, 0.0002276613086, 0.000131404449348, 7.5990872574e-05, 5.4533866205e-05, 4.93577535963e-05, 8.33895173855e-05, 5.38273634447e-05, 3.05444737023e-05, 2.28190074267e-05, 2.48589021794e-05, 2.35882125708e-05, 1.88109315786e-05, 2.09166482819e-05, 1.15349484986e-05, 1.36768376251e-05, 3.21119478031e-05, 1.2091399185e-05, 1.08120402729e-05, 1.42832977872e-05, 1.22100709632e-05, 8.84538712853e-06, 1.09364536911e-05, 7.92009359429e-06, 9.18213936529e-06, 9.62302328844e-06, 1.33250914587e-05, 1.39284056786e-05, 7.92143237049e-06, 5.15335932505e-06],
        "var": [9.83957434073e-05, 0.000121049968584, 1.79462895176e-05, 2.31528929362e-06, 5.11520056534e-07, 2.85747290718e-07, 5.91159789565e-07, 6.07366132499e-07, 9.72511671193e-08, 1.5299383449e-07, 1.10983116031e-07, 5.18296694452e-08, 1.72671299481e-08, 5.77461278795e-09, 2.97394242565e-09, 2.43618791806e-09, 6.95381219273e-09, 2.89738499859e-09, 9.32964927536e-10, 5.20707088558e-10, 6.17965012495e-10, 5.56403811913e-10, 3.53851170587e-10, 4.37506170181e-10, 1.33055039209e-10, 1.87055884671e-10, 1.03117714367e-09, 1.46201939444e-10, 1.16900211733e-10, 2.04012584604e-10, 1.49085840895e-10, 7.82408790534e-11, 1.19606019533e-10, 6.2727885386e-11, 8.43116756966e-11, 9.26025783832e-11, 1.77558051595e-10, 1.94000482345e-10, 6.27490837068e-11, 2.65571141467e-11]
    },
    "melbands128": {
