{
"lowlevel": {
    "average_loudness": 0.986294388771,
    "barkbands_crest": {
        "dmean": 2.04514741898,
        "dmean2": 3.38672733307,
        "dvar": 4.9184513092,
        "dvar2": 13.6052446365,
        "max": 22.0436019897,
        "mean": 9.64046955109,
        "median": 9.01150131226,
        "min": 4.13274002075,
        "stdev": 2.87765479088,
        "var": 8.2808971405
    },
    "barkbands_flatness_db": {
        "dmean": 0.0177859496325,
        "dmean2": 0.0255472548306,
        "dvar": 0.000284913665382,
        "dvar2": 0.000660831283312,
        "max": 0.281776994467,
        "mean": 0.166120454669,
        "median": 0.162280872464,
        "min": 0.052531901747,
        "stdev": 0.0377169288695,
        "var": 0.00142256682739
    },
    "barkbands_kurtosis": {
        "dmean": 2.34250044823,
        "dmean2": 3.69442415237,
        "dvar": 13.6870794296,
        "dvar2": 35.7156982422,
        "max": 64.0022201538,
        "mean": 4.67270755768,
        "median": 3.60678434372,
        "min": -1.51742362976,
        "stdev": 4.83700370789,
        "var": 23.396604538
    },
    "barkbands_skewness": {
        "dmean": 0.38767567277,
        "dmean2": 0.586180865765,
        "dvar": 0.207433477044,
        "dvar2": 0.480294972658,
        "max": 6.93006563187,
        "mean": 1.60422384739,
        "median": 1.57551717758,
        "min": -1.89390957355,
        "stdev": 0.817764341831,
        "var": 0.668738543987
    },
    "barkbands_spread": {
        "dmean": 3.04101991653,
        "dmean2": 4.50695514679,
        "dvar": 19.270904541,
        "dvar2": 37.7938194275,
        "max": 78.4683532715,
        "mean": 13.3017673492,
        "median": 11.93891716,
        "min": 2.7624001503,
        "stdev": 7.10912418365,
        "var": 50.5396461487
    },
    "dissonance": {
        "dmean": 0.0266885608435,
        "dmean2": 0.0448237471282,
        "dvar": 0.00057746656239,
        "dvar2": 0.00146158004645,
        "max": 0.499754816294,
        "mean": 0.439629822969,
        "median": 0.443592309952,
        "min": 0.246162459254,
        "stdev": 0.0342129059136,
        "var": 0.0011705228826
    },
    "dynamic_complexity": 1.23718082905,
    "erbbands_crest": {
        "dmean": 2.57965040207,
        "dmean2": 4.05097436905,
        "dvar": 5.45690202713,
        "dvar2": 12.8351478577,
        "max": 26.2217979431,
        "mean": 10.8123893738,
        "median": 10.0039606094,
        "min": 3.15051007271,
        "stdev": 4.42474412918,
        "var": 19.5783615112
    },
    "erbbands_flatness_db": {
        "dmean": 0.0163355283439,
        "dmean2": 0.0221586879343,
        "dvar": 0.000248486583587,
        "dvar2": 0.000435985450167,
        "max": 0.281518638134,
        "mean": 0.171516567469,
        "median": 0.17317430675,
        "min": 0.0683734342456,
        "stdev": 0.0371127203107,
        "var": 0.00137735391036
    },
    "erbbands_kurtosis": {
        "dmean": 1.08731079102,
        "dmean2": 1.69214129448,
        "dvar": 1.78391969204,
        "dvar2": 4.07084560394,
        "max": 16.537103653,
        "mean": 1.39808285236,
        "median": 0.627933502197,
        "min": -1.68056678772,
        "stdev": 2.54326820374,
        "var": 6.46821308136
    },
    "erbbands_skewness": {
        "dmean": 0.34503608942,
        "dmean2": 0.523873925209,
        "dvar": 0.0915610045195,
        "dvar2": 0.207047253847,
        "max": 3.52890539169,
        "mean": 0.884084165096,
        "median": 0.871798157692,
        "min": -1.06982457638,
        "stdev": 0.615338087082,
        "var": 0.378640949726
    },
    "erbbands_spread": {
        "dmean": 5.42533588409,
        "dmean2": 7.90289068222,
        "dvar": 48.0076026917,
        "dvar2": 86.2953720093,
        "max": 128.29119873,
        "mean": 28.8594360352,
        "median": 27.0076828003,
        "min": 5.0100941658,
        "stdev": 14.0799808502,
        "var": 198.245849609
    },
    "hfc": {
        "dmean": 4.65290594101,
        "dmean2": 6.67787981033,
        "dvar": 35.3422622681,
        "dvar2": 67.5001449585,
        "max": 86.5665740967,
        "mean": 21.0724945068,
        "median": 19.8200893402,
        "min": 1.12796915896e-16,
        "stdev": 10.269908905,
        "var": 105.47102356
    },
    "loudness_ebu128": {
        "integrated": -8.25180435181,
        "loudness_range": 0.956719875336,
        "momentary": {
            "dmean": 0.361271321774,
            "dmean2": 0.522486150265,
            "dvar": 0.104752108455,
            "dvar2": 0.207211837173,
            "max": -6.74061775208,
            "mean": -8.32085418701,
            "median": -8.1485786438,
            "min": -11.2764463425,
            "stdev": 0.798302531242,
            "var": 0.637286901474
        },
        "short_term": {
            "dmean": 0.043595623225,
            "dmean2": 0.0598183535039,
            "dvar": 0.00120898347814,
            "dvar2": 0.0027484849561,
            "max": -7.4997215271,
            "mean": -8.24168777466,
            "median": -8.20882415771,
            "min": -9.36602973938,
            "stdev": 0.376325070858,
            "var": 0.141620561481
        }
    },
    "melbands_crest": {
        "dmean": 2.26986694336,
        "dmean2": 3.69629406929,
        "dvar": 5.79437971115,
        "dvar2": 15.2336120605,
        "max": 27.3428115845,
        "mean": 12.45317173,
        "median": 11.7821893692,
        "min": 3.50913405418,
        "stdev": 3.68689441681,
        "var": 13.5931911469
    },
    "melbands_flatness_db": {
        "dmean": 0.0189174152911,
        "dmean2": 0.027195526287,
        "dvar": 0.000423310906626,
        "dvar2": 0.00093556632055,
        "max": 0.376850813627,
        "mean": 0.252166688442,
        "median": 0.24807946384,
        "min": 0.00877474248409,
        "stdev": 0.0446659401059,
        "var": 0.00199504615739
    },
    "melbands_kurtosis": {
        "dmean": 3.83076930046,
        "dmean2": 5.94494724274,
        "dvar": 42.1676559448,
        "dvar2": 104.17048645,
        "max": 87.9457473755,
        "mean": 9.1182050705,
        "median": 7.22957801819,
        "min": -1.39846265316,
        "stdev": 8.7652130127,
        "var": 76.828956604
    },
    "melbands_skewness": {
        "dmean": 0.468744516373,
        "dmean2": 0.698485434055,
        "dvar": 0.31620901823,
        "dvar2": 0.697147905827,
        "max": 7.13027667999,
        "mean": 2.09804534912,
        "median": 1.98487651348,
        "min": -0.0956182107329,
        "stdev": 1.04647779465,
        "var": 1.09511566162
    },
    "melbands_spread": {
        "dmean": 2.93206191063,
        "dmean2": 4.39099168777,
        "dvar": 26.1557502747,
        "dvar2": 39.3681755066,
        "max": 155.973022461,
        "mean": 13.6277351379,
        "median": 12.349902153,
        "min": 1.96337044239,
        "stdev": 7.26510620117,
        "var": 52.7817649841
    },
    "pitch_salience": {
        "dmean": 0.0569698475301,
        "dmean2": 0.0938165560365,
        "dvar": 0.00294716632925,
        "dvar2": 0.00775241944939,
        "max": 0.810645699501,
        "mean": 0.540669620037,
        "median": 0.536871790886,
        "min": 0.229502215981,
        "stdev": 0.0790584310889,
        "var": 0.00625023525208
    },
    "silence_rate_20dB": {
        "dmean": 0,
        "dmean2": 0,
        "dvar": 0,
        "dvar2": 0,
        "max": 1,
        "mean": 1,
        "median": 1,
        "min": 1,
        "stdev": 0,
        "var": 0
    },
    "silence_rate_30dB": {
        "dmean": 0.0386996902525,
        "dmean2": 0.0774593353271,
        "dvar": 0.037202514708,
        "dvar2": 0.0854009017348,
        "max": 1,
        "mean": 0.968290805817,
        "median": 1,
        "min": 0,
        "stdev": 0.175225153565,
        "var": 0.0307038556784
    },
    "silence_rate_60dB": {
        "dmean": 0.000773993786424,
        "dmean2": 0.000774593325332,
        "dvar": 0.000773391744588,
        "dvar2": 0.000773989362642,
        "max": 1,
        "mean": 0.00077339517884,
        "median": 0,
        "min": 0,
        "stdev": 0.0277991909534,
        "var": 0.000772794999648
    },
    "spectral_centroid": {
        "dmean": 130.285415649,
        "dmean2": 191.462722778,
        "dvar": 100487.828125,
        "dvar2": 126382.125,
        "max": 10800.9980469,
        "mean": 773.481567383,
        "median": 719.373901367,
        "min": 304.227294922,
        "stdev": 403.014801025,
        "var": 162420.921875
    },
    "spectral_complexity": {
        "dmean": 2.47058820724,
        "dmean2": 3.83268785477,
        "dvar": 5.4968214035,
        "dvar2": 11.9193487167,
        "max": 42,
        "mean": 17.8638820648,
        "median": 17,
        "min": 0,
        "stdev": 4.39503669739,
        "var": 19.3163471222
    },
    "spectral_decrease": {
        "dmean": 3.27957816459e-09,
        "dmean2": 5.18704856844e-09,
        "dvar": 2.93281683828e-17,
        "dvar2": 7.10462913493e-17,
        "max": -8.20769592169e-29,
        "mean": -1.2291485163e-08,
        "median": -1.13356497522e-08,
        "min": -5.32426653876e-08,
        "stdev": 5.94672977527e-09,
        "var": 3.53635924606e-17
    },
    "spectral_energy": {
        "dmean": 0.0126918992028,
        "dmean2": 0.0199898313731,
        "dvar": 0.000428019440733,
        "dvar2": 0.00103395688348,
        "max": 0.204499289393,
        "mean": 0.0483022853732,
        "median": 0.0447002351284,
        "min": 1.05407819328e-20,
        "stdev": 0.0229607913643,
        "var": 0.000527197902557
    },
    "spectral_energyband_high": {
        "dmean": 0.000172983229277,
        "dmean2": 0.000232137957937,
        "dvar": 2.49366536309e-07,
        "dvar2": 3.92733539911e-07,
        "max": 0.00891470164061,
        "mean": 0.000339168094797,
        "median": 0.000169114908203,
        "min": 7.75003933594e-21,
        "stdev": 0.000734364963137,
        "var": 5.39291875157e-07
    },
    "spectral_energyband_low": {
        "dmean": 0.00704427901655,
        "dmean2": 0.0115878125653,
        "dvar": 0.000356170465238,
        "dvar2": 0.000902652915101,
        "max": 0.178386941552,
        "mean": 0.0179760530591,
        "median": 0.0152614768595,
        "min": 1.43343549056e-22,
        "stdev": 0.017699746415,
        "var": 0.000313281023409
    },
    "spectral_energyband_middle_high": {
        "dmean": 0.00140479614493,
        "dmean2": 0.00208798609674,
        "dvar": 3.42113844454e-06,
        "dvar2": 7.02476472725e-06,
        "max": 0.0407520160079,
        "mean": 0.00499955471605,
        "median": 0.00368806533515,
        "min": 1.45533744998e-21,
        "stdev": 0.00441023055464,
        "var": 1.9450131731e-05
    },
    "spectral_energyband_middle_low": {
        "dmean": 0.00760119967163,
        "dmean2": 0.0118374768645,
        "dvar": 0.000110342698463,
        "dvar2": 0.000261264067376,
        "max": 0.146053344011,
        "mean": 0.0262448135763,
        "median": 0.0242360420525,
        "min": 4.46211080481e-22,
        "stdev": 0.0141798965633,
        "var": 0.000201069473405
    },
    "spectral_entropy": {
        "dmean": 0.149671673775,
        "dmean2": 0.207563355565,
        "dvar": 0.0232279114425,
        "dvar2": 0.0393251106143,
        "max": 9.80498981476,
        "mean": 7.07464027405,
        "median": 7.04284763336,
        "min": 6.1283249855,
        "stdev": 0.353478163481,
        "var": 0.124946810305
    },
    "spectral_flux": {
        "dmean": 0.0295724552125,
        "dmean2": 0.0464643351734,
        "dvar": 0.00136427266989,
        "dvar2": 0.00273825018667,
        "max": 0.349839389324,
        "mean": 0.0904244706035,
        "median": 0.0738447830081,
        "min": 1.02668311353e-10,
        "stdev": 0.051808103919,
        "var": 0.00268407957628
    },
    "spectral_kurtosis": {
        "dmean": 2.47246074677,
        "dmean2": 4.09981870651,
        "dvar": 7.89268302917,
        "dvar2": 21.8445854187,
        "max": 33.4855384827,
        "mean": 8.34153747559,
        "median": 7.46509838104,
        "min": -1.18947696686,
        "stdev": 4.50810909271,
        "var": 20.3230457306
    },
    "spectral_rms": {
        "dmean": 0.000820018758532,
        "dmean2": 0.00125387485605,
        "dvar": 1.25836277221e-06,
        "dvar2": 2.83383656097e-06,
        "max": 0.0141248544678,
        "mean": 0.00671241851524,
        "median": 0.0066037857905,
        "min": 3.20681914183e-12,
        "stdev": 0.00143792852759,
        "var": 2.0676384338e-06
    },
    "spectral_rolloff": {
        "dmean": 187.781585693,
        "dmean2": 314.056945801,
        "dvar": 498615.21875,
        "dvar2": 846016.25,
        "max": 18561.6210938,
        "mean": 687.729187012,
        "median": 559.86328125,
        "min": 107.666015625,
        "stdev": 729.391113281,
        "var": 532011.4375
    },
    "spectral_skewness": {
        "dmean": 0.258720457554,
        "dmean2": 0.412245899439,
        "dvar": 0.0612407587469,
        "dvar2": 0.154022470117,
        "max": 4.42220973969,
        "mean": 2.24166369438,
        "median": 2.22097730637,
        "min": 0.0244611166418,
        "stdev": 0.518787503242,
        "var": 0.269140452147
    },
    "spectral_spread": {
        "dmean": 558277,
        "dmean2": 765323.1875,
        "dvar": 1.34986425958e+12,
        "dvar2": 1.69337605325e+12,
        "max": 39557492,
        "mean": 3968447,
        "median": 3762927.5,
        "min": 1684488.875,
        "stdev": 1670306.75,
        "var": 2.78992466739e+12
    },
    "spectral_strongpeak": {
        "dmean": 0.539881885052,
        "dmean2": 0.928045272827,
        "dvar": 0.62824934721,
        "dvar2": 1.54770970345,
        "max": 7.99636793137,
        "mean": 1.15432417393,
        "median": 0.544836342335,
        "min": 0,
        "stdev": 1.20965921879,
        "var": 1.46327543259
    },
    "zerocrossingrate": {
        "dmean": 0.00620366632938,
        "dmean2": 0.00758859422058,
        "dvar": 0.000213978535612,
        "dvar2": 0.000250936776865,
        "max": 0.4765625,
        "mean": 0.0353669710457,
        "median": 0.03271484375,
        "min": 0.00634765625,
        "stdev": 0.0198642536998,
        "var": 0.000394588598283
    },
    "barkbands": {
        "dmean": [0.000533018552233, 0.00562982587144, 0.00164459063672, 0.000816510175355, 0.00405255937949, 0.00279869209044, 0.00210012029856, 0.00137913110666, 0.00102384877391, 0.000670190085657, 0.000418721843744, 0.000346153887222, 0.000271863711532, 0.000191968356376, 0.000281249231193, 0.000154173394549, 0.000152287131641, 9.0186316811e-05, 5.68783361814e-05, 7.86508899182e-05, 3.69569243048e-05, 3.52009446942e-05, 2.2462943889e-05, 3.46283450199e-05, 3.6451707274e-05, 2.1663170628e-05, 3.74176283913e-06],
        "dmean2": [0.000813161721453, 0.00961413886398, 0.0028362297453, 0.00143273919821, 0.00663366029039, 0.00433533638716, 0.00318200746551, 0.00195228343364, 0.00150553695858, 0.000933627423365, 0.00067280116491, 0.000556054059416, 0.000433794397395, 0.000273968616966, 0.000433222216088, 0.000254882907029, 0.00024572579423, 0.000145005091326, 8.68842907948e-05, 0.000120282878925, 5.35808758286e-05, 5.02948460053e-05, 3.15851466439e-05, 4.73667569167e-05, 5.15670544701e-05, 3.24721877405e-05, 6.09823746345e-06],
        "dvar": [2.69059978564e-06, 0.000277621176792, 2.09110767173e-05, 3.13977989208e-06, 6.2743180024e-05, 1.85503613466e-05, 1.29540239868e-05, 7.29393150323e-06, 2.64827099272e-06, 1.72585566816e-06, 7.46702312426e-07, 9.48280728608e-07, 2.85737399963e-07, 1.90271137512e-07, 3.1894862218e-07, 8.78218173739e-08, 7.22069444237e-08, 4.24631600993e-08, 7.1855228434e-09, 4.66306673275e-08, 2.33504255931e-08, 1.3325148096e-08, 2.96649504961e-09, 1.80708763509e-08, 1.70667320276e-08, 2.56903165408e-09, 1.31711766493e-10],
        "dvar2": [6.03912167207e-06, 0.000746249337681, 5.69703297515e-05, 8.93216929398e-06, 0.000159549235832, 4.84840093122e-05, 2.99165403703e-05, 1.41956315929e-05, 5.34513992534e-06, 2.75608385891e-06, 1.57495037456e-06, 2.39686232817e-06, 6.29413932529e-07, 2.89129502562e-07, 6.36609229332e-07, 2.19746112862e-07, 1.64389859947e-07, 1.0765108982e-07, 1.57274637758e-08, 1.12859751766e-07, 4.01997546362e-08, 2.6754749527e-08, 5.73809000315e-09, 3.32517871016e-08, 3.14751282815e-08, 5.80487657942e-09, 3.41054295916e-10],
        "max": [0.0226374380291, 0.160751760006, 0.0734458863735, 0.0278524123132, 0.0997831821442, 0.0576437711716, 0.0491245426238, 0.0434444360435, 0.0228061005473, 0.0283061880618, 0.0167715903372, 0.0231563523412, 0.0112600838766, 0.0120732178912, 0.0123497992754, 0.00509655661881, 0.00473637320101, 0.00558859622106, 0.00101556035224, 0.00422044144943, 0.00360503187403, 0.00249084993266, 0.00106387643609, 0.00306384637952, 0.00315629458055, 0.000575065030716, 0.000137039634865],
        "mean": [0.000758127484005, 0.0126745747402, 0.00397228496149, 0.0012502472382, 0.00753759685904, 0.00619167415425, 0.00494228862226, 0.00296691060066, 0.00211323378608, 0.00186938955449, 0.000668993103318, 0.000699113123119, 0.000451609055744, 0.000362567894626, 0.000536241510417, 0.000282809283817, 0.000296038109809, 0.000167825419339, 0.000117426796351, 0.000146087855683, 5.63590510865e-05, 5.99990817136e-05, 4.27763043263e-05, 5.37864398211e-05, 5.51360899408e-05, 2.58622440015e-05, 3.30139187099e-06],
        "median": [0.000218463246711, 0.0103132817894, 0.00286843511276, 0.000829592754599, 0.00531110959128, 0.00414818199351, 0.00225312262774, 0.00103235105053, 0.000948507629801, 0.000432513596024, 0.000321295316098, 0.000191107275896, 0.000205533404369, 0.000119837648526, 0.000274304795312, 0.000146373480675, 0.000144714140333, 9.92514178506e-05, 6.97575960658e-05, 6.23362429906e-05, 1.73415537574e-05, 2.65197086264e-05, 1.7707259758e-05, 1.86727738765e-05, 1.87281439139e-05, 4.42865621153e-06, 1.4001408033e-07],
        "min": [2.30422752095e-23, 7.34153464553e-23, 4.64626577618e-23, 6.62299453689e-24, 2.14258509365e-22, 3.97760707808e-23, 5.78734992014e-23, 1.94268578389e-23, 6.58133400363e-23, 9.93272057595e-23, 6.39232671727e-23, 1.06886714664e-22, 5.04964159592e-23, 6.31212985547e-23, 9.22009708187e-23, 1.70263294918e-22, 1.33764051364e-22, 2.13814450095e-22, 3.54667723045e-22, 3.29535775808e-22, 4.13459367988e-22, 6.19437311716e-22, 7.76824427664e-22, 8.02696036129e-22, 1.18301054859e-21, 1.53859643e-21, 2.3377414561e-21],
        "stdev": [0.00180306087714, 0.0146235190332, 0.00441833818331, 0.00157668197062, 0.0084066670388, 0.00612726667896, 0.00659918272868, 0.00501985149458, 0.00289912242442, 0.00428465893492, 0.00123965740204, 0.00150025985204, 0.000793238868937, 0.000826531962957, 0.000847680959851, 0.000403837242629, 0.000483867974253, 0.000239392946241, 0.000136776550789, 0.000270529766567, 0.000213321603951, 0.000139687093906, 8.06202660897e-05, 0.000173968437593, 0.00016608700389, 5.8017030824e-05, 1.04614100565e-05],
        "var": [3.25102860188e-06, 0.000213847306441, 1.9521710783e-05, 2.48592596108e-06, 7.06720529706e-05, 3.75433955924e-05, 4.35492147517e-05, 2.51989094977e-05, 8.40491065901e-06, 1.83583033504e-05, 1.53675034653e-06, 2.25077974392e-06, 6.29227940863e-07, 6.83155064962e-07, 7.18563057944e-07, 1.63084507676e-07, 2.34128222587e-07, 5.73089806721e-08, 1.87078246228e-08, 7.31863565306e-08, 4.55061091031e-08, 1.95124858493e-08, 6.49962750288e-09, 3.02650171591e-08, 2.7584890816e-08, 3.36597594242e-09, 1.09441102014e-10]
    },
    "erbbands": {
        "dmean": [0.145680740476, 1.33736276627, 2.21810674667, 2.12584400177, 7.62689399719, 16.3562335968, 17.0090961456, 24.8097782135, 30.087802887, 33.5233421326, 21.7643299103, 25.8206119537, 20.9556121826, 16.7590904236, 16.1180400848, 14.5431938171, 12.6607055664, 9.58123111725, 12.4370718002, 12.2463197708, 7.16637992859, 6.13120412827, 6.07459497452, 2.17515277863, 3.95495986938, 3.27377986908, 1.45174479485, 1.47998690605, 1.31708157063, 0.884076118469, 0.640047192574, 0.550421178341, 0.682029306889, 0.467486351728, 0.242905631661, 0.103009618819, 0.0399926826358, 0.00975162442774, 0.000357159151463, 1.92496408999e-05],
        "dmean2": [0.242134660482, 2.29861736298, 3.79646468163, 3.68738770485, 12.9852905273, 26.7532100677, 25.9010334015, 39.8792457581, 44.729221344, 50.519115448, 29.5666332245, 38.1875648499, 29.7451534271, 26.3090362549, 24.7265739441, 23.1937656403, 20.1540718079, 13.4240970612, 18.9880771637, 19.4103775024, 11.6725378036, 9.7445306778, 9.79336357117, 3.40322422981, 5.94856882095, 4.98931312561, 2.23072242737, 2.02509307861, 1.88121473789, 1.23528397083, 0.911061346531, 0.754245817661, 0.976538836956, 0.655387639999, 0.354308456182, 0.151907712221, 0.060735873878, 0.0151665955782, 0.000569438270759, 2.90819989459e-05],
        "dvar": [0.168201640248, 16.3369159698, 36.6649017334, 28.5520172119, 355.055419922, 840.466064453, 735.152282715, 1700.28991699, 2747.01245117, 3609.56933594, 1527.53710938, 1600.09729004, 2139.21411133, 757.551208496, 2667.7956543, 946.001037598, 592.477416992, 376.081268311, 556.034301758, 441.165863037, 220.394058228, 111.130645752, 208.737091064, 8.61660289764, 50.0930709839, 87.7418441772, 26.3637809753, 37.9576377869, 21.7869224548, 5.67005872726, 2.61882996559, 3.08861970901, 7.84544467926, 3.97534751892, 0.545490562916, 0.0649937987328, 0.00898425094783, 0.000690934830345, 1.14809654406e-06, 1.01709107803e-09],
        "dvar2": [0.446803152561, 44.0763397217, 96.5834350586, 81.1232376099, 916.84576416, 2171.5378418, 1655.07141113, 4644.77490234, 6271.31542969, 8135.97216797, 2766.49023438, 3166.23583984, 3674.73657227, 1779.74731445, 5619.33251953, 2287.28051758, 1334.13317871, 563.259399414, 1110.72351074, 1023.75946045, 551.607543945, 260.378204346, 540.71875, 19.1781749725, 106.375686646, 207.863769531, 49.9533309937, 60.6925392151, 44.116268158, 11.0430059433, 5.37036561966, 5.76650524139, 14.6991672516, 7.69385099411, 1.02225184441, 0.13346157968, 0.0211754702032, 0.00173639552668, 2.94634378406e-06, 2.32299712799e-09],
        "max": [4.49983501434, 38.5387153625, 70.0229263306, 102.887390137, 221.061676025, 333.623260498, 304.010284424, 590.315307617, 666.174560547, 756.016174316, 758.31237793, 633.11529541, 1049.24145508, 411.389099121, 1556.89709473, 493.757965088, 503.011505127, 613.087280273, 410.883331299, 441.173950195, 324.282897949, 197.397506714, 382.825836182, 38.8124046326, 110.194030762, 190.497970581, 138.064025879, 159.362518311, 104.190589905, 36.365814209, 32.1643638611, 35.7324943542, 65.021987915, 49.3763504028, 16.3542289734, 4.67908239365, 0.918878793716, 0.279569476843, 0.013813036494, 0.000432493689004],
        "mean": [0.396741628647, 2.69338059425, 4.85482931137, 4.6990237236, 10.79945755, 29.072675705, 40.3748435974, 52.556640625, 71.8732528687, 74.1470718384, 49.4502906799, 58.0571632385, 69.273399353, 31.7684135437, 29.4547691345, 32.112323761, 22.6605854034, 20.5102977753, 23.7320175171, 24.5385684967, 14.8677959442, 13.4005718231, 11.9769849777, 5.04556417465, 8.23800945282, 6.22985172272, 2.51877808571, 2.33725595474, 2.15001702309, 1.6479395628, 1.21415877342, 0.957710683346, 0.996513664722, 0.675095438957, 0.360148847103, 0.133796200156, 0.0457371473312, 0.00958878267556, 0.000350403686753, 6.23372543487e-05],
        "median": [0.300329864025, 2.07747888565, 3.48360157013, 3.50934076309, 5.7130241394, 19.7295284271, 22.7579727173, 34.9885063171, 36.9184455872, 35.8754653931, 22.8988456726, 31.6763191223, 14.1077814102, 15.7103805542, 14.2499771118, 10.2237739563, 12.2696228027, 9.26937961578, 14.2266187668, 14.6813783646, 8.7360496521, 7.36217689514, 7.1343998909, 3.72004318237, 3.62446928024, 2.86169481277, 1.11450731754, 0.708228886127, 0.869901537895, 0.685299694538, 0.480036854744, 0.368396222591, 0.331094682217, 0.214097261429, 0.123001538217, 0.0323588885367, 0.00649910978973, 0.000818681321107, 4.47612437711e-05, 5.4514122894e-05],
        "min": [1.57389236406e-21, 1.78154428325e-20, 5.45800910026e-20, 4.71655251039e-20, 1.23939133666e-19, 8.61831156714e-19, 9.21607311981e-19, 3.51009052305e-19, 6.17266574915e-19, 6.77538728357e-19, 6.53278193075e-19, 1.57008113666e-18, 2.75296936834e-18, 2.4352817619e-18, 3.44171303358e-18, 4.42680883572e-18, 2.80530818763e-18, 2.72312924134e-18, 3.84257075548e-18, 6.75285312593e-18, 9.06934472083e-18, 8.98021270111e-18, 1.10187993207e-17, 1.05130222167e-17, 1.98653512154e-17, 1.72325097719e-17, 1.02207693802e-17, 2.17455410195e-17, 2.25298141193e-17, 2.16850493013e-17, 2.39740830494e-17, 1.55330887101e-17, 1.4727110391e-17, 1.03243778878e-17, 1.05832771477e-17, 5.39286273336e-18, 3.11329854895e-18, 1.28579363579e-18, 3.08705252171e-19, 3.60768167946e-20],
        "stdev": [0.410524249077, 3.44344830513, 5.63153076172, 5.0161819458, 18.056394577, 32.4189338684, 48.5615921021, 53.4214096069, 93.3035125732, 98.9645996094, 79.8655014038, 73.682182312, 162.748138428, 43.3973426819, 71.0967788696, 63.5246086121, 36.1944084167, 40.2617263794, 34.0621070862, 31.5311584473, 19.4539070129, 20.1333942413, 16.9129695892, 4.67803668976, 11.7816467285, 11.0763263702, 6.67695665359, 9.17855548859, 5.54033994675, 3.20613193512, 2.37511944771, 2.41382265091, 3.5779774189, 2.43653941154, 0.942655801773, 0.313338637352, 0.102439969778, 0.0256021432579, 0.000995772425085, 3.66862259398e-05],
        "var": [0.168530166149, 11.8573360443, 31.7141399384, 25.1620807648, 326.03338623, 1050.98730469, 2358.22827148, 2853.84716797, 8705.54492188, 9793.9921875, 6378.49853516, 5429.06445312, 26486.9570312, 1883.32922363, 5054.75146484, 4035.37597656, 1310.03515625, 1621.0065918, 1160.22705078, 994.213928223, 378.454467773, 405.35357666, 286.048553467, 21.8840293884, 138.8072052, 122.685012817, 44.5817489624, 84.245880127, 30.6953678131, 10.2792825699, 5.64119195938, 5.82653999329, 12.8019227982, 5.93672466278, 0.888599932194, 0.0981811061502, 0.010493947193, 0.000655469717458, 9.91562728814e-07, 1.34587918588e-09]
    },
    "gfcc": {
        "mean": [20.5226459503, 128.942520142, -100.993988037, 21.5177268982, -53.6435203552, 9.39366531372, -40.7534332275, 14.5443172455, -16.8754329681, 7.60805082321, -8.99843788147, 2.51189017296, -4.67173814774],
        "cov": [[2727.65820312, -722.88079834, 103.44808197, 42.7200546265, -182.053344727, 214.664810181, -120.924728394, 161.31048584, -112.727386475, 161.579727173, -117.248451233, 73.2415924072, -150.860229492], [-722.88079834, 856.99987793, -257.547729492, -18.6470508575, 134.970596313, -146.583862305, 99.3615493774, -86.3530273438, 121.355987549, -124.509719849, 111.01550293, -75.7927627563, 120.404678345], [103.44808197, -257.547729492, 382.10546875, -28.0750026703, 7.41989850998, 49.472240448, -3.35094618797, 49.4402923584, -47.4575119019, 52.2811698914, -44.813949585, 66.0585784912, -48.6613883972], [42.7200546265, -18.6470508575, -28.0750026703, 234.170837402, 24.2148246765, -16.8861560822, -20.796131134, -18.3566303253, 33.2485351562, -12.9440517426, 9.64422702789, -24.5496425629, 10.2168750763], [-182.053344727, 134.970596313, 7.41989850998, 24.2148246765, 197.489608765, -51.3379516602, 21.4618854523, 3.47293829918, 20.6315670013, 8.98711490631, 0.413250803947, -10.118519783, 7.66617298126], [214.664810181, -146.583862305, 49.472240448, -16.8861560822, -51.3379516602, 217.458633423, 49.7296829224, 42.8376235962, -19.3473815918, 4.37807798386, -14.626496315, 39.0440406799, 3.48184514046], [-120.924728394, 99.3615493774, -3.35094618797, -20.796131134, 21.4618854523, 49.7296829224, 141.249069214, 6.70512580872, -4.68990039825, -4.25683355331, 9.91966152191, 10.0981245041, 17.1088180542], [161.31048584, -86.3530273438, 49.4402923584, -18.3566303253, 3.47293829918, 42.8376235962, 6.70512580872, 95.7612075806, 9.1153087616, 18.528711319, -8.57677841187, 2.04257249832, -19.5301303864], [-112.727386475, 121.355987549, -47.4575119019, 33.2485351562, 20.6315670013, -19.3473815918, -4.68990039825, 9.1153087616, 97.7978591919, -2.75333786011, 22.5430316925, -19.2174129486, 16.8172950745], [161.579727173, -124.509719849, 52.2811698914, -12.9440517426, 8.98711490631, 4.37807798386, -4.25683355331, 18.528711319, -2.75333786011, 93.1491012573, -3.48449254036, -0.154065579176, -35.9029502869], [-117.248451233, 111.01550293, -44.813949585, 9.64422702789, 0.413250803947, -14.626496315, 9.91966152191, -8.57677841187, 22.5430316925, -3.48449254036, 77.3751373291, -1.44842422009, 10.3174257278], [73.2415924072, -75.7927627563, 66.0585784912, -24.5496425629, -10.118519783, 39.0440406799, 10.0981245041, 2.04257249832, -19.2174129486, -0.154065579176, -1.44842422009, 82.8010635376, 5.78572320938], [-150.860229492, 120.404678345, -48.6613883972, 10.2168750763, 7.66617298126, 3.48184514046, 17.1088180542, -19.5301303864, 16.8172950745, -35.9029502869, 10.3174257278, 5.78572320938, 79.8431549072]],
        "icov": [[0.000713186862413, -0.00049175840104, 0.000482410105178, -0.00070833042264, 0.000701007491443, -0.000562036060728, 0.000896912242752, -0.00134655053262, 0.00109676737338, -0.00157359906007, 0.00124757899903, -0.00119049369823, 0.000895846751519], [-0.00049175840104, 0.00627711135894, 0.000106647486973, 0.00316334259696, -0.00342063466087, 0.00247656577267, -0.0043423534371, 0.00411962298676, -0.00557644991204, 0.00695690093562, -0.00604547886178, 0.00475680921227, -0.00383695401251], [0.000482410105178, 0.000106647486973, 0.00435928953812, -0.000536017818376, -0.000105295650428, -0.000215989683056, 0.000454882188933, -0.00214406545274, 0.00138886715285, -0.00198575854301, 0.00204604072496, -0.00364295346662, 0.00168780540116], [-0.00070833042264, 0.00316334259696, -0.000536017818376, 0.00674360943958, -0.00266851019114, 0.000938460230827, -0.00172151485458, 0.00399687606841, -0.00470661139116, 0.00484109064564, -0.00392124103382, 0.00430582789704, -0.00237356778234], [0.000701007491443, -0.00342063466087, -0.000105295650428, -0.00266851019114, 0.00817816518247, 0.000419117830461, 0.00104730960447, -0.00372305489145, 0.0026043811813, -0.00528565049171, 0.00446886569262, -0.00312767992727, 0.00154540059157], [-0.000562036060728, 0.00247656577267, -0.000215989683056, 0.000938460230827, 0.000419117830461, 0.00797725189477, -0.00443077553064, -0.000892120820936, -0.00189069320913, 0.00291039887816, -0.00162414065562, -0.000201338218176, -0.00277386209927], [0.000896912242752, -0.0043423534371, 0.000454882188933, -0.00172151485458, 0.00104730960447, -0.00443077553064, 0.0120729785413, -0.00360155967064, 0.00513869198039, -0.00558876385912, 0.00324384332635, -0.00368177820928, 0.00161740242038], [-0.00134655053262, 0.00411962298676, -0.00214406545274, 0.00399687606841, -0.00372305489145, -0.000892120820936, -0.00360155967064, 0.0180645510554, -0.00779061671346, 0.00559401512146, -0.00465352833271, 0.00598416943103, -0.000663975020871], [0.00109676737338, -0.00557644991204, 0.00138886715285, -0.00470661139116, 0.0026043811813, -0.00189069320913, 0.00513869198039, -0.00779061671346, 0.018954154104, -0.00812824629247, 0.00307978875935, -0.00343200750649, 0.000959438155405], [-0.00157359906007, 0.00695690093562, -0.00198575854301, 0.00484109064564, -0.00528565049171, 0.00291039887816, -0.00558876385912, 0.00559401512146, -0.00812824629247, 0.0231449175626, -0.0087070800364, 0.00728330900893, 0.00036934929085], [0.00124757899903, -0.00604547886178, 0.00204604072496, -0.00392124103382, 0.00446886569262, -0.00162414065562, 0.00324384332635, -0.00465352833271, 0.00307978875935, -0.0087070800364, 0.0219093356282, -0.00761187775061, 0.00418748846278], [-0.00119049369823, 0.00475680921227, -0.00364295346662, 0.00430582789704, -0.00312767992727, -0.000201338218176, -0.00368177820928, 0.00598416943103, -0.00343200750649, 0.00728330900893, -0.00761187775061, 0.0211976338178, -0.00618665385991], [0.000895846751519, -0.00383695401251, 0.00168780540116, -0.00237356778234, 0.00154540059157, -0.00277386209927, 0.00161740242038, -0.000663975020871, 0.000959438155405, 0.00036934929085, 0.00418748846278, -0.00618665385991, 0.0206705685705]]
    },
    "melbands": {
        "dmean": [0.00143487018067, 0.00130532297771, 0.00046886652126, 0.000887624919415, 0.000594928744249, 0.00055089459056, 0.000459868111648, 0.000364562816685, 0.000167456295458, 0.000165525110788, 0.000104716076748, 6.93421607139e-05, 5.42734778719e-05, 4.49251747341e-05, 2.67255436484e-05, 2.85309452011e-05, 1.94009789993e-05, 1.92885545403e-05, 2.16470598389e-05, 1.39116236824e-05, 8.60118234414e-06, 7.04484682501e-06, 8.14447139419e-06, 3.98218071496e-06, 1.77849142347e-06, 2.35011384575e-06, 3.98666907131e-06, 1.87593525425e-06, 9.41311043334e-07, 9.99130293167e-07, 8.82667393398e-07, 8.19186880108e-07, 6.33609090528e-07, 4.86482008455e-07, 4.04341818694e-07, 3.06687667262e-07, 3.7289504462e-07, 4.93847153393e-07, 4.48093430805e-07, 4.00201230377e-07],
        "dmean2": [0.0024283779785, 0.00220862077549, 0.000797738030087, 0.00147265580017, 0.000916923047043, 0.000868016970344, 0.000687799183652, 0.000544410781004, 0.000227005773922, 0.000244003182161, 0.000148537088535, 0.000108496715256, 8.5158222646e-05, 7.08731895429e-05, 4.26047918154e-05, 4.50528896181e-05, 2.68269232038e-05, 2.96389716823e-05, 3.33656098519e-05, 2.30882851611e-05, 1.3819682863e-05, 1.11061581265e-05, 1.31456736199e-05, 6.37062430542e-06, 2.8359377211e-06, 3.58674355994e-06, 6.13492693446e-06, 2.91564788313e-06, 1.47935270434e-06, 1.50100845531e-06, 1.24989901451e-06, 1.21323569147e-06, 8.89544253369e-07, 7.12911969458e-07, 5.94444884428e-07, 4.33017305568e-07, 5.16755505942e-07, 7.33617412152e-07, 6.33738920897e-07, 5.72071769511e-07],
        "dvar": [1.77158835868e-05, 1.30696780616e-05, 9.76641899797e-07, 4.01291345042e-06, 7.67278095282e-07, 8.15464716197e-07, 6.18597255198e-07, 4.35036525914e-07, 7.69673462742e-08, 6.88292729478e-08, 5.47611094248e-08, 1.31386403979e-08, 1.87250126515e-08, 1.5877592574e-08, 2.10559258917e-09, 4.19151291453e-09, 1.91136639849e-09, 1.32899813376e-09, 2.79227352351e-09, 5.83699977241e-10, 3.2610639189e-10, 1.47055326249e-10, 2.76122263942e-10, 7.65024710248e-11, 7.12401578701e-12, 1.43826981575e-11, 1.22129903413e-10, 2.46798519121e-11, 7.89763220099e-12, 1.9549764585e-11, 1.39448504827e-11, 9.43227180389e-12, 3.20042690266e-12, 1.40769221366e-12, 9.71530798519e-13, 8.1136269578e-13, 1.5141881889e-12, 4.01551925391e-12, 2.9427905425e-12, 3.68037805093e-12],
        "dvar2": [4.73133841297e-05, 3.38453319273e-05, 2.65860330728e-06, 1.02445610537e-05, 1.82238613888e-06, 2.18752893488e-06, 1.41110911045e-06, 9.33480293952e-07, 1.398925491e-07, 1.35261103651e-07, 9.24276335468e-08, 3.01264790892e-08, 3.95340329362e-08, 3.64155461341e-08, 4.87381424108e-09, 8.88505358176e-09, 2.74758149565e-09, 2.56297294499e-09, 5.81502046515e-09, 1.46042766769e-09, 7.87549692127e-10, 3.19389820147e-10, 6.89713230972e-10, 1.9406425078e-10, 1.63522459462e-11, 3.11338108072e-11, 2.95402646788e-10, 5.56996324064e-11, 1.67449300953e-11, 3.88092648296e-11, 2.55228824186e-11, 1.98607397889e-11, 6.09522241707e-12, 2.89496725203e-12, 2.08065140637e-12, 1.65788650169e-12, 2.90234719938e-12, 7.65363120103e-12, 5.20098721035e-12, 7.81403761141e-12],
        "max": [0.0417757704854, 0.0354554876685, 0.0155384223908, 0.0244345087558, 0.012046739459, 0.012717560865, 0.00988565292209, 0.00910288002342, 0.00537484325469, 0.00432483758777, 0.00529363704845, 0.00185216974933, 0.00367479771376, 0.00336219626479, 0.000664073799271, 0.0015568229137, 0.00139949203003, 0.00064818264218, 0.00132443895563, 0.000393164082197, 0.000369552930351, 0.000271193188382, 0.000328119494952, 0.000193412794033, 3.88189801015e-05, 5.89313822275e-05, 0.000211194332223, 0.00011218819418, 7.41411131457e-05, 0.000116867879115, 8.68878487381e-05, 7.43791388231e-05, 2.72478482657e-05, 1.80769966391e-05, 1.90815662791e-05, 2.41724083025e-05, 2.38887732849e-05, 4.41517004219e-05, 4.11451655964e-05, 4.9379421398e-05],
        "mean": [0.00357649475336, 0.00282819708809, 0.00093910691794, 0.00147152412683, 0.00143071170896, 0.00119044317398, 0.00110559456516, 0.000796754029579, 0.000363553350326, 0.000359019788448, 0.000335773424013, 0.000121357385069, 9.00108934729e-05, 9.19509693631e-05, 5.20018365933e-05, 4.75467313663e-05, 3.80019228032e-05, 3.37788078468e-05, 4.15967115259e-05, 2.57673345914e-05, 1.62436990649e-05, 1.39042322189e-05, 1.51179956447e-05, 7.03227760823e-06, 3.54951089321e-06, 4.65344874101e-06, 7.30244346414e-06, 3.27106636178e-06, 1.56778662586e-06, 1.41058023928e-06, 1.32722448143e-06, 1.2409758483e-06, 1.09206939669e-06, 8.39957692733e-07, 7.22629408756e-07, 5.57558280434e-07, 6.05500019901e-07, 7.02726879354e-07, 6.52225594422e-07, 5.42843849871e-07],
        "median": [0.0029401506763, 0.002296612598, 0.000690387794748, 0.000936374126468, 0.000930891488679, 0.000798247987404, 0.000547564995941, 0.000380434619728, 0.000171764753759, 0.000174732835148, 5.7527449826e-05, 5.68397190364e-05, 4.51242631243e-05, 2.76344690064e-05, 2.1643096261e-05, 2.1617857783e-05, 1.3437481357e-05, 1.84788059414e-05, 1.84643249668e-05, 1.45599242387e-05, 8.26348332339e-06, 6.96720053384e-06, 7.59002250561e-06, 4.07947936765e-06, 2.34985532188e-06, 2.39306541516e-06, 2.46773538493e-06, 1.54587871748e-06, 6.34487037132e-07, 4.24344847261e-07, 3.62084449534e-07, 4.56447082797e-07, 4.51037379889e-07, 3.55007813369e-07, 2.84219709101e-07, 1.95303897499e-07, 1.94160065803e-07, 2.04832133477e-07, 2.11661046023e-07, 1.51379865088e-07],
        "min": [1.85652103157e-23, 2.77281547405e-23, 9.19250777612e-24, 3.12950682095e-23, 4.12215574154e-23, 7.34083587254e-24, 1.04882197016e-23, 6.20138585394e-24, 5.58798615228e-24, 1.06840891312e-23, 1.37761793327e-23, 9.4921297697e-24, 1.08226983031e-23, 9.05331563598e-24, 1.24436291808e-23, 4.34800133334e-24, 5.10031589054e-24, 5.73638153817e-24, 8.10617136784e-24, 1.0168084169e-23, 1.06709735297e-23, 8.25354478444e-24, 1.26335395551e-23, 8.16361858554e-24, 7.68154331978e-24, 1.44056745579e-23, 1.23031283204e-23, 1.22275814781e-23, 5.50103514229e-24, 8.32041573451e-24, 1.38971921733e-23, 1.10428102172e-23, 1.39892759068e-23, 1.10203095376e-23, 1.33827570444e-23, 1.27313748734e-23, 8.24390884848e-24, 8.40317276549e-24, 1.28682382962e-23, 6.7852813689e-24],
        "stdev": [0.00386519031599, 0.00322426389903, 0.000953029084485, 0.00201401114464, 0.00149193662219, 0.00122002838179, 0.0014277267037, 0.00111908442341, 0.000573420198634, 0.000486389704747, 0.000816209358163, 0.000179160619155, 0.000188670106581, 0.000196690030862, 7.96185486251e-05, 9.67359446804e-05, 8.96616475075e-05, 5.24247843714e-05, 7.4595118349e-05, 3.52331480826e-05, 2.42696896748e-05, 2.23582537728e-05, 2.49103395618e-05, 1.00064444268e-05, 3.99383134209e-06, 6.33038916931e-06, 1.47268046931e-05, 5.95112305746e-06, 3.49734341398e-06, 5.8368932514e-06, 5.22500158695e-06, 3.47513514498e-06, 2.37060658037e-06, 1.56150747443e-06, 1.37193160299e-06, 1.2991223457e-06, 1.62834214734e-06, 2.5505778467e-06, 2.25249709729e-06, 2.16344051296e-06],
        "var": [1.49396964844e-05, 1.03958782347e-05, 9.08264439659e-07, 4.05624132327e-06, 2.2258750505e-06, 1.48846913817e-06, 2.03840363611e-06, 1.25234998904e-06, 3.28810699557e-07, 2.36574933865e-07, 6.66197763621e-07, 3.20985300561e-08, 3.5596411152e-08, 3.86869700719e-08, 6.33911279024e-09, 9.35784250089e-09, 8.03921107462e-09, 2.74835798564e-09, 5.56443202626e-09, 1.24137478075e-09, 5.89017834507e-10, 4.9989151707e-10, 6.20525020256e-10, 1.00128932923e-10, 1.59506904213e-11, 4.00738296713e-11, 2.16878764947e-10, 3.54158646854e-11, 1.2231410329e-11, 3.40693202816e-11, 2.73006409146e-11, 1.20765637074e-11, 5.6197754783e-12, 2.43830541695e-12, 1.88219643864e-12, 1.68771875815e-12, 2.65149816166e-12, 6.50544722258e-12, 5.07374307498e-12, 4.68047475777e-12]
    },
    "melbands128": {
