{
"lowlevel": {
    "average_loudness": 0.937367916107,
    "barkbands_crest": {
        "dmean": 1.99736571312,
        "dmean2": 3.04125928879,
        "dvar": 3.13830542564,
        "dvar2": 7.21020746231,
        "max": 21.3643779755,
        "mean": 9.42623519897,
        "median": 8.81906795502,
        "min": 3.69238710403,
        "stdev": 3.20889592171,
        "var": 10.2970123291
    },
    "barkbands_flatness_db": {
        "dmean": 0.016531245783,
        "dmean2": 0.0246631242335,
        "dvar": 0.000267841562163,
        "dvar2": 0.000573549768887,
        "max": 0.263421356678,
        "mean": 0.160756230354,
        "median": 0.163291960955,
        "min": 0.0359363891184,
        "stdev": 0.03311304003,
        "var": 0.00109647330828
    },
    "barkbands_kurtosis": {
        "dmean": 1.07464420795,
        "dmean2": 1.65409016609,
        "dvar": 1.67910909653,
        "dvar2": 3.78457427025,
        "max": 20.5369472504,
        "mean": 1.50496017933,
        "median": 0.998262882233,
        "min": -1.79538142681,
        "stdev": 2.38337063789,
        "var": 5.6804561615
    },
    "barkbands_skewness": {
        "dmean": 0.327872335911,
        "dmean2": 0.482908368111,
        "dvar": 0.112731344998,
        "dvar2": 0.249953001738,
        "max": 4.00387048721,
        "mean": 0.868868231773,
        "median": 0.808473587036,
        "min": -1.84781062603,
        "stdev": 0.672397494316,
        "var": 0.452118426561
    },
    "barkbands_spread": {
        "dmean": 4.26538705826,
        "dmean2": 6.41623353958,
        "dvar": 36.8869667053,
        "dvar2": 75.8111190796,
        "max": 78.7439498901,
        "mean": 19.2623138428,
        "median": 16.3383808136,
        "min": 4.50175237656,
        "stdev": 10.8672943115,
        "var": 118.098091125
    },
    "dissonance": {
        "dmean": 0.028347318992,
        "dmean2": 0.0462687723339,
        "dvar": 0.000814087048639,
        "dvar2": 0.00201991363429,
        "max": 0.499943971634,
        "mean": 0.437934905291,
        "median": 0.445085167885,
        "min": 0.0117716956884,
        "stdev": 0.0373627729714,
        "var": 0.00139597686939
    },
    "dynamic_complexity": 1.37892484665,
    "erbbands_crest": {
        "dmean": 3.03811907768,
        "dmean2": 4.67470169067,
        "dvar": 6.7930226326,
        "dvar2": 16.3141307831,
        "max": 26.9017906189,
        "mean": 11.7154893875,
        "median": 10.8850250244,
        "min": 3.27338409424,
        "stdev": 4.4206609726,
        "var": 19.5422439575
    },
    "erbbands_flatness_db": {
        "dmean": 0.0161134917289,
        "dmean2": 0.0233903490007,
        "dvar": 0.000244170048973,
        "dvar2": 0.000511777994689,
        "max": 0.307221710682,
        "mean": 0.204813018441,
        "median": 0.205079615116,
        "min": 0.0916132777929,
        "stdev": 0.034110404551,
        "var": 0.0011635198025
    },
    "erbbands_kurtosis": {
        "dmean": 1.31554365158,
        "dmean2": 2.03503203392,
        "dvar": 2.18494462967,
        "dvar2": 4.87371397018,
        "max": 22.9326667786,
        "mean": 1.56502568722,
        "median": 1.00846719742,
        "min": -1.71180045605,
        "stdev": 2.67821979523,
        "var": 7.17286157608
    },
    "erbbands_skewness": {
        "dmean": 0.365333944559,
        "dmean2": 0.561073958874,
        "dvar": 0.109488025308,
        "dvar2": 0.244504734874,
        "max": 2.99502038956,
        "mean": 0.858366131783,
        "median": 0.891892135143,
        "min": -1.60902237892,
        "stdev": 0.652240216732,
        "var": 0.425417304039
    },
    "erbbands_spread": {
        "dmean": 6.1731595993,
        "dmean2": 9.33751296997,
        "dvar": 51.434841156,
        "dvar2": 100.26750946,
        "max": 90.1757888794,
        "mean": 27.1104927063,
        "median": 23.72797966,
        "min": 4.22015428543,
        "stdev": 15.1256465912,
        "var": 228.785186768
    },
    "hfc": {
        "dmean": 7.0383310318,
        "dmean2": 10.1760473251,
        "dvar": 137.277252197,
        "dvar2": 239.62286377,
        "max": 192.766174316,
        "mean": 30.0432128906,
        "median": 22.212020874,
        "min": 1.19434252836e-16,
        "stdev": 24.6604862213,
        "var": 608.139587402
    },
    "loudness_ebu128": {
        "integrated": -8.16187667847,
        "loudness_range": 0.576375007629,
        "momentary": {
            "dmean": 0.245635777712,
            "dmean2": 0.362588852644,
            "dvar": 0.0320274010301,
            "dvar2": 0.0671765357256,
            "max": -6.96857452393,
            "mean": -8.18410205841,
            "median": -8.17237949371,
            "min": -9.40421676636,
            "stdev": 0.438978493214,
            "var": 0.192702114582
        },
        "short_term": {
            "dmean": 0.0332633815706,
            "dmean2": 0.0446811318398,
            "dvar": 0.000564082758501,
            "dvar2": 0.00121928600129,
            "max": -7.67439556122,
            "mean": -8.15862560272,
            "median": -8.1784324646,
            "min": -8.49524402618,
            "stdev": 0.189070686698,
            "var": 0.0357477255166
        }
    },
    "melbands_crest": {
        "dmean": 2.45546078682,
        "dmean2": 3.67279219627,
        "dvar": 5.50595569611,
        "dvar2": 11.918006897,
        "max": 30.0098972321,
        "mean": 13.5068340302,
        "median": 12.4231100082,
        "min": 2.34491014481,
        "stdev": 4.88976144791,
        "var": 23.9097671509
    },
    "melbands_flatness_db": {
        "dmean": 0.0193440970033,
        "dmean2": 0.0275925006717,
        "dvar": 0.000471745763207,
        "dvar2": 0.000923271814827,
        "max": 0.341744929552,
        "mean": 0.202168002725,
        "median": 0.209252208471,
        "min": 0.00738347368315,
        "stdev": 0.0507199019194,
        "var": 0.002572508296
    },
    "melbands_kurtosis": {
        "dmean": 1.94330179691,
        "dmean2": 2.93559169769,
        "dvar": 7.62115573883,
        "dvar2": 18.2725334167,
        "max": 43.0916481018,
        "mean": 4.0798625946,
        "median": 2.81770658493,
        "min": -1.40898942947,
        "stdev": 4.56990480423,
        "var": 20.8840293884
    },
    "melbands_skewness": {
        "dmean": 0.40404805541,
        "dmean2": 0.593183815479,
        "dvar": 0.145413398743,
        "dvar2": 0.331511616707,
        "max": 4.88738536835,
        "mean": 1.38076412678,
        "median": 1.28521239758,
        "min": -1.01733422279,
        "stdev": 0.844620049,
        "var": 0.71338301897
    },
    "melbands_spread": {
        "dmean": 5.92363595963,
        "dmean2": 8.87343788147,
        "dvar": 114.024467468,
        "dvar2": 218.535140991,
        "max": 158.105285645,
        "mean": 25.2366275787,
        "median": 20.5253868103,
        "min": 4.70944356918,
        "stdev": 18.4980869293,
        "var": 342.179199219
    },
    "pitch_salience": {
        "dmean": 0.0528379268944,
        "dmean2": 0.0815150365233,
        "dvar": 0.00213549123146,
        "dvar2": 0.00530235422775,
        "max": 0.920618116856,
        "mean": 0.52426058054,
        "median": 0.522803366184,
        "min": 0.282058209181,
        "stdev": 0.0866544768214,
        "var": 0.00750899827108
    },
    "silence_rate_20dB": {
        "dmean": 0,
        "dmean2": 0,
        "dvar": 0,
        "dvar2": 0,
        "max": 1,
        "mean": 1,
        "median": 1,
        "min": 1,
        "stdev": 0,
        "var": 0
    },
    "silence_rate_30dB": {
        "dmean": 0,
        "dmean2": 0,
        "dvar": 0,
        "dvar2": 0,
        "max": 1,
        "mean": 1,
        "median": 1,
        "min": 1,
        "stdev": 0,
        "var": 0
    },
    "silence_rate_60dB": {
        "dmean": 0.000773993786424,
        "dmean2": 0.00154918665066,
        "dvar": 0.000773391744588,
        "dvar2": 0.00154677091632,
        "max": 1,
        "mean": 0.00154679035768,
        "median": 0,
        "min": 0,
        "stdev": 0.0392987206578,
        "var": 0.00154438940808
    },
    "spectral_centroid": {
        "dmean": 238.128005981,
        "dmean2": 356.702178955,
        "dvar": 154622.1875,
        "dvar2": 249302.0625,
        "max": 11227.1220703,
        "mean": 1302.72753906,
        "median": 1128.76574707,
        "min": 513.321472168,
        "stdev": 649.30645752,
        "var": 421598.875
    },
    "spectral_complexity": {
        "dmean": 2.94349837303,
        "dmean2": 4.68241691589,
        "dvar": 9.38618087769,
        "dvar2": 19.2918682098,
        "max": 50,
        "mean": 18.6867752075,
        "median": 18,
        "min": 0,
        "stdev": 5.23035001755,
        "var": 27.3565616608
    },
    "spectral_decrease": {
        "dmean": 1.4344468946e-09,
        "dmean2": 2.0848154314e-09,
        "dvar": 2.55777831843e-18,
        "dvar2": 4.81135434915e-18,
        "max": 1.49972179816e-29,
        "mean": -8.18928125312e-09,
        "median": -7.29441351766e-09,
        "min": -2.17653948198e-08,
        "stdev": 3.63345642462e-09,
        "var": 1.32020060628e-17
    },
    "spectral_energy": {
        "dmean": 0.00575434276834,
        "dmean2": 0.00835993513465,
        "dvar": 3.67296706827e-05,
        "dvar2": 6.96345086908e-05,
        "max": 0.08577799052,
        "mean": 0.0336332768202,
        "median": 0.0300324596465,
        "min": 1.07764419735e-20,
        "stdev": 0.0142416451126,
        "var": 0.000202824463486
    },
    "spectral_energyband_high": {
        "dmean": 0.000621811544988,
        "dmean2": 0.000908742193133,
        "dvar": 2.66050233222e-06,
        "dvar2": 4.46298372481e-06,
        "max": 0.0237789005041,
        "mean": 0.00147502997424,
        "median": 0.000412289024098,
        "min": 7.98142776423e-21,
        "stdev": 0.00317861931399,
        "var": 1.01036212072e-05
    },
    "spectral_energyband_low": {
        "dmean": 0.00170517689548,
        "dmean2": 0.00240919180214,
        "dvar": 2.35502011492e-05,
        "dvar2": 4.52102030977e-05,
        "max": 0.061933837831,
        "mean": 0.00712722260505,
        "median": 0.00526294717565,
        "min": 2.30505156506e-23,
        "stdev": 0.0102796377614,
        "var": 0.000105670944322
    },
    "spectral_energyband_middle_high": {
        "dmean": 0.00225533102639,
        "dmean2": 0.00328003428876,
        "dvar": 7.20156140233e-06,
        "dvar2": 1.43881070471e-05,
        "max": 0.045674610883,
        "mean": 0.00848390907049,
        "median": 0.00585411768407,
        "min": 1.54780921466e-21,
        "stdev": 0.00719317700714,
        "var": 5.17417975061e-05
    },
    "spectral_energyband_middle_low": {
        "dmean": 0.00493027549237,
        "dmean2": 0.00723610911518,
        "dvar": 2.68394833256e-05,
        "dvar2": 6.30530048511e-05,
        "max": 0.0603629909456,
        "mean": 0.0179485660046,
        "median": 0.016309980303,
        "min": 3.73628506084e-22,
        "stdev": 0.00907836295664,
        "var": 8.24166709208e-05
    },
    "spectral_entropy": {
        "dmean": 0.153397187591,
        "dmean2": 0.221134111285,
        "dvar": 0.0309749133885,
        "dvar2": 0.0563403591514,
        "max": 9.79477596283,
        "mean": 7.27717208862,
        "median": 7.22430992126,
        "min": 6.25906944275,
        "stdev": 0.388086587191,
        "var": 0.150611206889
    },
    "spectral_flux": {
        "dmean": 0.0206469725817,
        "dmean2": 0.0324429757893,
        "dvar": 0.000478314992506,
        "dvar2": 0.000956202158704,
        "max": 0.273658335209,
        "mean": 0.0781868621707,
        "median": 0.0686406418681,
        "min": 1.03809641439e-10,
        "stdev": 0.0358075276017,
        "var": 0.00128217902966
    },
    "spectral_kurtosis": {
        "dmean": 2.0148460865,
        "dmean2": 3.39913654327,
        "dvar": 4.29463911057,
        "dvar2": 12.1502122879,
        "max": 20.4072322845,
        "mean": 4.49606561661,
        "median": 3.84639596939,
        "min": -1.16335976124,
        "stdev": 3.03806257248,
        "var": 9.22982406616
    },
    "spectral_rms": {
        "dmean": 0.000497903034557,
        "dmean2": 0.000714668713044,
        "dvar": 2.51048447808e-07,
        "dvar2": 4.50893764992e-07,
        "max": 0.00914799701422,
        "mean": 0.00561073468998,
        "median": 0.00541294366121,
        "min": 3.24246857662e-12,
        "stdev": 0.00115439086221,
        "var": 1.33261823976e-06
    },
    "spectral_rolloff": {
        "dmean": 419.080780029,
        "dmean2": 695.152954102,
        "dvar": 1213234.125,
        "dvar2": 2151151.5,
        "max": 18410.8886719,
        "mean": 1545.3326416,
        "median": 1033.59375,
        "min": 344.53125,
        "stdev": 1732.39953613,
        "var": 3001208
    },
    "spectral_skewness": {
        "dmean": 0.261907964945,
        "dmean2": 0.418052583933,
        "dvar": 0.0630381330848,
        "dvar2": 0.145670831203,
        "max": 3.62127900124,
        "mean": 1.51708233356,
        "median": 1.49504840374,
        "min": 0.0124444393441,
        "stdev": 0.486509233713,
        "var": 0.236691221595
    },
    "spectral_spread": {
        "dmean": 435733.15625,
        "dmean2": 616682.8125,
        "dvar": 1.20671620301e+12,
        "dvar2": 1.32572001075e+12,
        "max": 39219160,
        "mean": 4034795.25,
        "median": 3649302.75,
        "min": 1993494,
        "stdev": 1776705,
        "var": 3.15668063846e+12
    },
    "spectral_strongpeak": {
        "dmean": 0.762272059917,
        "dmean2": 1.28028261662,
        "dvar": 1.04429125786,
        "dvar2": 2.3131403923,
        "max": 9.54409980774,
        "mean": 1.6592977047,
        "median": 1.45577657223,
        "min": 0,
        "stdev": 1.53239130974,
        "var": 2.34822297096
    },
    "zerocrossingrate": {
        "dmean": 0.00958459824324,
        "dmean2": 0.0107198730111,
        "dvar": 0.000432711734902,
        "dvar2": 0.000441650103312,
        "max": 0.51513671875,
        "mean": 0.0584959425032,
        "median": 0.04638671875,
        "min": 0.009765625,
        "stdev": 0.0435543768108,
        "var": 0.00189698382746
    },
    "barkbands": {
        "dmean": [0.000141831333167, 0.00133882788941, 0.000672895926982, 0.000381759222364, 0.0011661304161, 0.00142299581785, 0.000825208669994, 0.00209139683284, 0.00138187035918, 0.00142994767521, 0.00100663106423, 0.000460162205854, 0.000206530690775, 0.000523736875039, 0.000325273867929, 0.00034105416853, 0.000216718297452, 0.000206522163353, 0.000140315692988, 0.000254726735875, 0.000168225029483, 0.000133391527925, 0.000146993552335, 0.000119223703223, 6.38990022708e-05, 1.95863103727e-05, 5.57627572562e-07],
        "dmean2": [0.000165742414538, 0.00160663423594, 0.00121518876404, 0.000691898865625, 0.00186601711903, 0.00216521020047, 0.00123271415941, 0.00298106856644, 0.00196410994977, 0.00193148117978, 0.00145184923895, 0.000680807919707, 0.000318155478453, 0.000758920272347, 0.000495723448694, 0.000536771374755, 0.00034505626536, 0.00033202135819, 0.000230812336667, 0.000399281532736, 0.000261455454165, 0.000201424161787, 0.00022148246353, 0.000175573557499, 9.3714974355e-05, 2.80383865174e-05, 9.61598061622e-07],
        "dvar": [1.44109577604e-07, 1.33678122438e-05, 1.16704495667e-05, 2.98805571219e-06, 5.14829980602e-06, 5.2580467127e-06, 2.40866052081e-06, 1.01961559267e-05, 4.66549454359e-06, 3.58258967026e-06, 2.076702458e-06, 1.67165728726e-06, 3.36239139642e-07, 2.07502262128e-06, 7.71891961904e-07, 5.56313693778e-07, 3.22445089296e-07, 2.19164732584e-07, 5.47661223038e-08, 3.41062076359e-07, 1.54428974497e-07, 1.36950546903e-07, 2.98517392139e-07, 2.07693545917e-07, 7.00505822238e-08, 1.1633479069e-08, 8.16423231104e-12],
        "dvar2": [1.71022108475e-07, 1.57282611326e-05, 3.33554889949e-05, 8.76624835655e-06, 1.3584154658e-05, 1.17062481877e-05, 5.0013541113e-06, 2.20254096348e-05, 8.92682237463e-06, 6.81256187818e-06, 4.39595169155e-06, 3.91186540583e-06, 6.74334557971e-07, 3.88508260585e-06, 1.54005294917e-06, 1.27637213154e-06, 7.1094825671e-07, 5.55321321372e-07, 1.40045145258e-07, 8.48232787121e-07, 3.39179592856e-07, 2.80674072428e-07, 6.0398832602e-07, 4.10319188404e-07, 1.20402731341e-07, 2.14145696731e-08, 2.25873451887e-11],
        "max": [0.00605080416426, 0.0576669126749, 0.0335944108665, 0.020971570164, 0.0280066858977, 0.0306132268161, 0.0287004597485, 0.0525341182947, 0.0334449708462, 0.0332871489227, 0.022255320102, 0.0289568975568, 0.0124511597678, 0.0252240952104, 0.0176888331771, 0.0158720929176, 0.011125953868, 0.00805134419352, 0.0031142111402, 0.00935669895262, 0.00746005680412, 0.00615872582421, 0.011267314665, 0.00651180464774, 0.0043925344944, 0.00279311835766, 4.08509295085e-05],
        "mean": [0.000440623582108, 0.00581968855113, 0.000644325802568, 0.000400706863729, 0.00268333242275, 0.00329945841804, 0.00177101290319, 0.00456458842382, 0.00266779982485, 0.00343759357929, 0.00224858452566, 0.000809249002486, 0.000352570670657, 0.000959992757998, 0.000486817501951, 0.000501317728776, 0.000351118447725, 0.000325148779666, 0.000237032800214, 0.000443085387815, 0.000289991614409, 0.000262109504547, 0.00028920485056, 0.000208609737456, 0.000105733030068, 3.30713301082e-05, 5.11569510309e-07],
        "median": [3.50110531144e-05, 0.00440046889707, 0.000164375291206, 0.000140764779644, 0.00164410937577, 0.00172437913716, 0.000979828764684, 0.00257305544801, 0.000954082526732, 0.00193469098303, 0.00122116564307, 0.000306053814711, 0.000105115635961, 0.000210779326153, 0.000154170309543, 0.000195999557036, 0.000132633314934, 0.000116937837447, 0.000138893650728, 0.000147605751408, 7.98143082648e-05, 5.97518846917e-05, 4.22236989834e-05, 1.42618082464e-05, 7.7230442912e-06, 2.0716686322e-06, 7.89157095227e-09],
        "min": [7.6408941062e-24, 7.23148397386e-24, 9.70130964935e-24, 1.06790625095e-23, 1.18612014993e-22, 3.3646690967e-23, 5.77330693385e-23, 7.55339365459e-23, 6.93565498128e-23, 2.09503028636e-23, 6.03065923577e-23, 2.26853030282e-23, 1.52059515426e-22, 1.83819938994e-22, 1.04452409817e-22, 2.24846663543e-22, 1.48885669258e-22, 1.65890241335e-22, 2.96382615156e-22, 3.17097370464e-22, 4.63412135721e-22, 3.83841743074e-22, 6.39996768711e-22, 9.67272413849e-22, 1.47831443117e-21, 1.44366473196e-21, 2.67277363604e-21],
        "stdev": [0.000842297566123, 0.00896079000086, 0.00261630280875, 0.00131844542921, 0.00338727608323, 0.00433293450624, 0.00281785964034, 0.00596126401797, 0.00393191538751, 0.0041224155575, 0.00293410476297, 0.00186344247777, 0.000974137044977, 0.00264316960238, 0.00129499996547, 0.00107427954208, 0.000853197881952, 0.000586187874433, 0.000313804630423, 0.000853774894495, 0.000628094479907, 0.000598771788646, 0.000934662122745, 0.000676733558066, 0.000409686530475, 0.000169587452547, 2.60536194219e-06],
        "var": [7.09465211912e-07, 8.0295765656e-05, 6.84504084347e-06, 1.73829846517e-06, 1.14736394607e-05, 1.87743207789e-05, 7.94033348939e-06, 3.55366682925e-05, 1.54599583766e-05, 1.69943104993e-05, 8.60897034727e-06, 3.47241780219e-06, 9.48942954437e-07, 6.98634539731e-06, 1.67702478393e-06, 1.15407647172e-06, 7.27946599e-07, 3.4361625012e-07, 9.84733503628e-08, 7.28931524918e-07, 3.94502677636e-07, 3.58527643129e-07, 8.73593251072e-07, 4.57968326373e-07, 1.6784305501e-07, 2.875990468e-08, 6.78791094513e-12]
    },
    "erbbands": {
        "dmean": [0.0617756843567, 0.263466894627, 0.695995748043, 1.10042715073, 2.00379443169, 4.38630342484, 8.27006816864, 12.5757427216, 11.7803163528, 35.4559631348, 28.7878894806, 38.7536354065, 49.3043174744, 18.2420883179, 49.7070388794, 20.404050827, 9.57236671448, 25.3902797699, 16.338848114, 19.0168743134, 14.1084260941, 9.24416160583, 11.3634052277, 8.95736408234, 6.35237789154, 10.7737026215, 10.0003185272, 5.53397941589, 4.33396863937, 4.70720291138, 4.24680519104, 3.32936358452, 1.52592551708, 0.807467162609, 0.405479133129, 0.134590789676, 0.0293562412262, 0.00261094165035, 7.0961403253e-05, 9.36719425226e-06],
        "dmean2": [0.0617141202092, 0.345650434494, 1.21015286446, 1.95978474617, 3.48646044731, 6.89323186874, 13.1006097794, 19.2038574219, 17.3467464447, 50.9119911194, 41.628742218, 55.2745933533, 67.7351455688, 26.2232189178, 71.5666046143, 29.5297317505, 14.571726799, 36.7582969666, 25.0318756104, 29.4714641571, 21.9691104889, 14.5172119141, 18.1400947571, 14.6377840042, 10.2777700424, 17.0558109283, 15.9726333618, 8.34997844696, 6.45880079269, 7.16275835037, 6.38400697708, 4.7702088356, 2.29317808151, 1.20315694809, 0.57277148962, 0.194888159633, 0.0405964851379, 0.0037923597265, 0.00010076702165, 1.33111616378e-05],
        "dvar": [0.0271212961525, 0.708629250526, 12.180267334, 26.6610279083, 30.9876346588, 89.4853210449, 385.723602295, 424.458404541, 430.259338379, 2888.43432617, 3701.9934082, 3838.46826172, 5031.71191406, 1311.97583008, 5363.75634766, 2696.40136719, 581.612976074, 4869.47851562, 1961.89416504, 2303.38842773, 923.804382324, 557.487060547, 737.213317871, 256.289306641, 131.037658691, 501.616638184, 527.807861328, 223.157089233, 121.16116333, 238.128311157, 281.80847168, 147.161514282, 40.1540107727, 11.5923776627, 2.94500494003, 0.493213713169, 0.0268259644508, 0.000124796191812, 9.6581914022e-08, 2.4472776583e-10],
        "dvar2": [0.0190325211734, 1.20991849899, 33.8646011353, 77.3078613281, 83.4887771606, 226.168960571, 1001.09332275, 972.959716797, 897.11920166, 5882.56494141, 8469.23242188, 7408.85302734, 9981.13183594, 2443.86743164, 11688.9951172, 6086.98828125, 1199.91125488, 8851.91796875, 3986.55761719, 5481.85009766, 1825.48181152, 1366.81677246, 1853.76098633, 674.795593262, 316.230651855, 1187.6829834, 1307.07507324, 485.54888916, 229.135940552, 422.779724121, 543.665405273, 278.505859375, 88.4932785034, 22.0243721008, 4.43297815323, 0.822848379612, 0.0540260896087, 0.000236401465372, 2.07133467711e-07, 4.20641355081e-10],
        "max": [2.9620206356, 10.5522994995, 36.5944366455, 60.0491333008, 73.9951477051, 152.724060059, 358.136260986, 263.114868164, 358.793701172, 1053.16601562, 1413.22302246, 1057.36096191, 1279.15148926, 1071.22729492, 1416.36291504, 1032.55615234, 616.885803223, 1419.06518555, 852.809265137, 1072.90466309, 867.620361328, 412.708374023, 460.441558838, 184.00881958, 186.548461914, 321.103759766, 339.330780029, 298.623809814, 212.208984375, 324.421264648, 319.431365967, 208.090209961, 103.175689697, 61.1102752686, 35.6689834595, 20.1596012115, 4.04665756226, 0.191623046994, 0.00442168675363, 0.000329850241542],
        "mean": [0.260844439268, 0.929612338543, 0.796128213406, 1.25950717926, 3.50943589211, 10.2005519867, 17.6474533081, 27.4070987701, 27.6952400208, 81.0460739136, 61.8601837158, 78.1158370972, 119.815559387, 45.2275848389, 111.514549255, 42.5078926086, 19.3842544556, 49.6971817017, 28.0460472107, 30.165140152, 23.4547290802, 16.4051303864, 19.4525737762, 14.626332283, 11.5223960876, 19.6687145233, 17.0719642639, 9.9875202179, 8.81691932678, 9.79393959045, 8.24867916107, 5.97287559509, 2.43209671974, 1.30781972408, 0.677767753601, 0.230032175779, 0.0453106127679, 0.00381467817351, 0.000118678653962, 4.69725091534e-05],
        "median": [0.208874866366, 0.397596180439, 0.27233672142, 0.46328407526, 1.59461033344, 6.12697601318, 7.26483726501, 14.4264316559, 16.1839923859, 40.7840766907, 38.1273574829, 33.0943031311, 66.1188278198, 23.8209209442, 62.5290908813, 18.0551128387, 7.43600749969, 11.9579515457, 8.25985622406, 13.367890358, 9.81688213348, 6.80585622787, 8.52749824524, 8.12324905396, 6.51192760468, 6.83764266968, 5.4662938118, 2.8265440464, 2.29259061813, 1.54908454418, 1.11177945137, 0.502080142498, 0.154724419117, 0.0693880841136, 0.0581926181912, 0.0160614959896, 0.00250579952262, 0.000225327908993, 2.54561364272e-05, 3.80447527277e-05],
        "min": [2.91514295764e-22, 1.29850756013e-21, 6.80028170416e-21, 2.93819788081e-20, 2.01214824705e-19, 3.98348366117e-19, 3.32793165199e-19, 3.0855382642e-19, 9.76730938195e-19, 7.10365907954e-19, 1.98744204236e-18, 1.99367732982e-18, 6.58863730162e-19, 1.43226674615e-18, 1.9871117905e-18, 2.10572762919e-18, 7.16922813574e-18, 5.11867303982e-18, 9.0283273158e-18, 1.10165245741e-17, 1.03768856587e-17, 1.00243900853e-17, 7.71903192784e-18, 1.05810073641e-17, 1.65052492686e-17, 1.60442234629e-17, 1.27754736886e-17, 2.26076352714e-17, 1.33116223832e-17, 1.73656213304e-17, 1.82579027115e-17, 1.72578099181e-17, 1.73744026798e-17, 1.24767291386e-17, 1.24352782909e-17, 5.87487741991e-18, 2.95955627876e-18, 1.18828848031e-18, 4.27361131566e-19, 3.75960212313e-20],
        "stdev": [0.430473536253, 1.53947889805, 2.8263771534, 3.99364614487, 6.19255971909, 14.1602134705, 33.4897537231, 35.5808372498, 33.1867523193, 120.964851379, 85.1117553711, 110.004852295, 139.373458862, 87.2244186401, 140.37171936, 84.6404953003, 44.2331581116, 136.098892212, 65.1544113159, 67.6041488647, 50.7058296204, 34.8122901917, 35.1935501099, 19.4235973358, 15.2420635223, 34.765083313, 32.4888114929, 24.6557788849, 19.1093139648, 27.7660102844, 27.9228477478, 18.6962795258, 8.69190979004, 5.12032079697, 2.73608183861, 1.15238678455, 0.236818134785, 0.0158913731575, 0.00041545991553, 3.13347372867e-05],
        "var": [0.185307472944, 2.36999511719, 7.98840808868, 15.9492092133, 38.3477935791, 200.511642456, 1121.56359863, 1265.99597168, 1101.3605957, 14632.4951172, 7244.01025391, 12101.0683594, 19424.9609375, 7608.09912109, 19704.21875, 7164.01318359, 1956.57226562, 18522.9101562, 4245.09716797, 4570.32128906, 2571.08129883, 1211.89562988, 1238.5859375, 377.276153564, 232.320495605, 1208.61108398, 1055.52294922, 607.907409668, 365.165863037, 770.95135498, 779.685424805, 349.55090332, 75.5493011475, 26.2176837921, 7.48614406586, 1.32799530029, 0.056082829833, 0.000252535712207, 1.72606945625e-07, 9.81865699856e-10]
    },
    "gfcc": {
        "mean": [8.74559402466, 109.446273804, -145.104278564, 20.979631424, -80.8187789917, 5.90620517731, -26.5983867645, 8.40842628479, -15.8534431458, 0.561616837978, -10.0878562927, 0.999889731407, -0.512166142464],
        "cov": [[2987.09814453, -1260.21740723, -41.7941894531, -56.567440033, -477.296386719, 186.445404053, -393.695770264, -93.1416854858, -365.942199707, 5.71103477478, -220.635528564, 103.269073486, -235.714172363], [-1260.21740723, 2356.87011719, -126.480278015, 358.70401001, 721.364440918, -213.084213257, 705.062438965, 262.995056152, 623.250244141, 64.4681015015, 384.996917725, -119.284790039, 367.659698486], [-41.7941894531, -126.480278015, 448.049621582, 23.470500946, -7.56359052658, 120.764533997, -5.04868507385, 45.0227584839, -64.5713348389, 40.5533370972, -2.25109863281, 51.8811988831, -21.7696151733], [-56.567440033, 358.70401001, 23.470500946, 370.420776367, 172.22265625, -25.3991088867, 166.449569702, 147.262298584, 219.440765381, 66.6034622192, 108.91116333, -11.3367176056, 160.529388428], [-477.296386719, 721.364440918, -7.56359052658, 172.22265625, 395.669189453, 2.43545627594, 270.29095459, 160.775131226, 246.499908447, 69.6694869995, 137.527542114, -2.50177383423, 119.289802551], [186.445404053, -213.084213257, 120.764533997, -25.3991088867, 2.43545627594, 214.611846924, 17.8204479218, 13.6790571213, -46.2718849182, 24.855009079, -0.55459856987, 29.8828086853, -34.6328926086], [-393.695770264, 705.062438965, -5.04868507385, 166.449569702, 270.29095459, 17.8204479218, 417.92401123, 159.257171631, 239.462188721, 90.913734436, 168.666488647, -15.2216901779, 133.260696411], [-93.1416854858, 262.995056152, 45.0227584839, 147.262298584, 160.775131226, 13.6790571213, 159.257171631, 206.170211792, 180.309539795, 79.9870147705, 95.6129608154, 20.7526187897, 96.9060897827], [-365.942199707, 623.250244141, -64.5713348389, 219.440765381, 246.499908447, -46.2718849182, 239.462188721, 180.309539795, 361.95602417, 82.4392929077, 135.979705811, -9.70499515533, 167.776046753], [5.71103477478, 64.4681015015, 40.5533370972, 66.6034622192, 69.6694869995, 24.855009079, 90.913734436, 79.9870147705, 82.4392929077, 140.681503296, 68.7021942139, 10.2138738632, 35.7594909668], [-220.635528564, 384.996917725, -2.25109863281, 108.91116333, 137.527542114, -0.55459856987, 168.666488647, 95.6129608154, 135.979705811, 68.7021942139, 167.588562012, 2.47356843948, 97.0577926636], [103.269073486, -119.284790039, 51.8811988831, -11.3367176056, -2.50177383423, 29.8828086853, -15.2216901779, 20.7526187897, -9.70499515533, 10.2138738632, 2.47356843948, 115.094497681, 12.8260297775], [-235.714172363, 367.659698486, -21.7696151733, 160.529388428, 119.289802551, -34.6328926086, 133.260696411, 96.9060897827, 167.776046753, 35.7594909668, 97.0577926636, 12.8260297775, 214.04725647]],
        "icov": [[0.000703444180544, -0.000532770121936, 0.00077142106602, -0.000992184970528, 0.00132533011492, -0.0011160664726, 0.000545095826965, -0.000996925868094, 0.000938321289141, -0.000898840720765, 0.000912169751246, -0.00100449286401, 0.000766374345403], [-0.000532770121936, 0.00362026016228, -0.00166493060533, 0.00196480494924, -0.00442911032587, 0.00358462496661, -0.00272420071997, 0.0029063760303, -0.0028993866872, 0.00326156965457, -0.00353326718323, 0.00301322899759, -0.00187006907072], [0.00077142106602, -0.00166493060533, 0.00425931392238, -0.00213465117849, 0.00254721450619, -0.00338731217198, 0.00138852966484, -0.0029332076665, 0.00309535954148, -0.00241518812254, 0.00217228732072, -0.00262670451775, 0.0013889092952], [-0.000992184970528, 0.00196480494924, -0.00213465117849, 0.00703980494291, -0.00344701879658, 0.00285157863982, -0.00139356276486, 0.00101426744368, -0.0035692283418, 0.00199975795113, -0.00256303674541, 0.00339441234246, -0.00375104160048], [0.00132533011492, -0.00442911032587, 0.00254721450619, -0.00344701879658, 0.0118461903185, -0.00525735970587, 0.00147504825145, -0.00519346958026, 0.00208163936622, -0.0037107327953, 0.00386581453495, -0.00446982495487, 0.00339493830688], [-0.0011160664726, 0.00358462496661, -0.00338731217198, 0.00285157863982, -0.00525735970587, 0.0101775862277, -0.00367288501002, 0.00293899164535, -0.00228101899847, 0.00289729237556, -0.00374953914434, 0.00254850112833, -0.00148515938781], [0.000545095826965, -0.00272420071997, 0.00138852966484, -0.00139356276486, 0.00147504825145, -0.00367288501002, 0.00797531288117, -0.00290017900988, 0.00119951472152, -0.00295699294657, -4.27967534051e-05, -0.00126438564621, 0.00104626931716], [-0.000996925868094, 0.0029063760303, -0.0029332076665, 0.00101426744368, -0.00519346958026, 0.00293899164535, -0.00290017900988, 0.0145763950422, -0.0063214073889, 0.000711994769517, -0.00378220318817, 0.00115912593901, -0.00209123804234], [0.000938321289141, -0.0028993866872, 0.00309535954148, -0.0035692283418, 0.00208163936622, -0.00228101899847, 0.00119951472152, -0.0063214073889, 0.0118835801259, -0.0039714933373, 0.00316749117337, -0.00233161891811, -0.00035671427031], [-0.000898840720765, 0.00326156965457, -0.00241518812254, 0.00199975795113, -0.0037107327953, 0.00289729237556, -0.00295699294657, 0.000711994769517, -0.0039714933373, 0.0136565370485, -0.00638129888102, 0.00279116886668, -0.000724328216165], [0.000912169751246, -0.00353326718323, 0.00217228732072, -0.00256303674541, 0.00386581453495, -0.00374953914434, -4.27967534051e-05, -0.00378220318817, 0.00316749117337, -0.00638129888102, 0.0163380485028, -0.00344865722582, -0.000423941761255], [-0.00100449286401, 0.00301322899759, -0.00262670451775, 0.00339441234246, -0.00446982495487, 0.00254850112833, -0.00126438564621, 0.00115912593901, -0.00233161891811, 0.00279116886668, -0.00344865722582, 0.0131484149024, -0.00379174319096], [0.000766374345403, -0.00187006907072, 0.0013889092952, -0.00375104160048, 0.00339493830688, -0.00148515938781, 0.00104626931716, -0.00209123804234, -0.00035671427031, -0.000724328216165, -0.000423941761255, -0.00379174319096, 0.0106655070558]]
    },
    "melbands": {
        "dmean": [0.000439657422248, 0.000318321632221, 0.000199116853764, 0.000214403044083, 0.000277463783277, 0.000281150511, 0.000170591345523, 0.000427298858995, 0.00022823222389, 0.000237552783801, 0.000242073103436, 7.32612606953e-05, 0.000142593518831, 8.41695145937e-05, 2.90378557111e-05, 2.08081874007e-05, 5.57558269065e-05, 2.88511600957e-05, 2.11359529203e-05, 3.23995081999e-05, 1.56607493409e-05, 1.01600962807e-05, 1.26763998196e-05, 1.04499486042e-05, 7.95127198217e-06, 4.63116657556e-06, 5.64044921703e-06, 8.28482461657e-06, 7.93536855781e-06, 4.61343597635e-06, 2.98278268929e-06, 2.47291677624e-06, 3.03800675283e-06, 2.71948056252e-06, 2.80793665297e-06, 2.32184788729e-06, 2.08350661524e-06, 1.23452912248e-06, 7.31617433303e-07, 7.11595305347e-07],
        "dmean2": [0.000474260625197, 0.00048929778859, 0.000349997339072, 0.000349577167071, 0.000437927868916, 0.000423495628638, 0.00025106407702, 0.000611431023572, 0.000328003137838, 0.000338356156135, 0.000332257564878, 0.000106616113044, 0.000206543016247, 0.000122154873679, 4.19956231781e-05, 3.17674966936e-05, 8.02387221484e-05, 4.4030151912e-05, 3.18159254675e-05, 5.14793609909e-05, 2.36604864767e-05, 1.60317213158e-05, 2.06567892747e-05, 1.6856858565e-05, 1.31822444018e-05, 7.62594390835e-06, 9.01084331417e-06, 1.30212329168e-05, 1.2841042917e-05, 7.21833293937e-06, 4.60380033473e-06, 3.68281007468e-06, 4.54257769888e-06, 4.22927951149e-06, 4.31476246376e-06, 3.37344158652e-06, 3.03894853459e-06, 1.90569755887e-06, 1.06316076653e-06, 1.09113807412e-06],
        "dvar": [1.29151305828e-06, 1.75238778866e-06, 7.09919447672e-07, 2.16789629803e-07, 3.61025797702e-07, 1.90614386497e-07, 9.46765865706e-08, 3.97865534296e-07, 2.06051538498e-07, 1.44984397821e-07, 1.23265252228e-07, 2.56502428186e-08, 4.66756482354e-08, 2.54277257028e-08, 5.58792345728e-09, 3.45713613292e-09, 2.47673703768e-08, 6.61396715174e-09, 4.0355212505e-09, 5.04705832682e-09, 1.88124693601e-09, 7.92507059977e-10, 1.21030674372e-09, 5.38625422042e-10, 2.26701213357e-10, 7.88728596324e-11, 1.37191299987e-10, 3.45675016389e-10, 4.38448194418e-10, 1.32076113935e-10, 7.64110510976e-11, 4.65973162833e-11, 7.93355034445e-11, 8.24120910403e-11, 1.27427624008e-10, 6.58722382196e-11, 5.93491644718e-11, 2.81516372713e-11, 8.99422116646e-12, 8.67469204108e-12],
        "dvar2": [1.05482854451e-06, 4.50384550277e-06, 2.02935143534e-06, 5.59617490126e-07, 9.51200092913e-07, 4.21024253683e-07, 1.95073894815e-07, 8.15961868739e-07, 4.69924458457e-07, 2.76119095588e-07, 2.43394964627e-07, 4.74733745648e-08, 1.04881074492e-07, 5.99580189942e-08, 1.21070424797e-08, 6.64632082703e-09, 4.44258176913e-08, 1.38013591666e-08, 7.96956811655e-09, 1.28805544009e-08, 3.6081295729e-09, 1.92045090941e-09, 3.11202130732e-09, 1.36201283585e-09, 6.01988348059e-10, 2.09319922506e-10, 3.19956450223e-10, 8.50034709288e-10, 1.1419364343e-09, 3.08490288869e-10, 1.64068675312e-10, 9.2462301704e-11, 1.62923882718e-10, 1.61677643495e-10, 2.63279509305e-10, 1.37653055621e-10, 1.16625875624e-10, 6.58239435181e-11, 1.74290928912e-11, 1.73325156311e-11],
        "max": [0.0202358067036, 0.0152708431706, 0.00989294052124, 0.00690095871687, 0.0104136411101, 0.0053960182704, 0.0056011644192, 0.0121701648459, 0.0103383548558, 0.00676877563819, 0.0063712708652, 0.00479099433869, 0.00321456184611, 0.00365038169548, 0.00140843808185, 0.00158989988267, 0.00322546227835, 0.00147145241499, 0.00164677330758, 0.00168131326791, 0.0012898320565, 0.000494392588735, 0.000631103350315, 0.000278822873952, 0.00019258770044, 0.000123017714941, 0.000202787457965, 0.000292253418593, 0.000353429582901, 0.000188847261597, 0.000163548829732, 0.000144826874021, 0.000167966907611, 0.000193596817553, 0.000203692106879, 0.000123783785966, 0.000133566718432, 8.76494013937e-05, 4.58104805148e-05, 5.71807177039e-05],
        "mean": [0.00191921170335, 0.000650887493975, 0.000260129949311, 0.000498161127325, 0.000615548982751, 0.000637033255771, 0.00039305750397, 0.000972093490418, 0.000466222147224, 0.000474944972666, 0.000579012325034, 0.000157832357218, 0.000313404394547, 0.000183158816071, 5.3680199926e-05, 3.53021059709e-05, 0.000105592691398, 4.55492445326e-05, 3.17375270242e-05, 4.67678546556e-05, 2.40183981077e-05, 1.61281350302e-05, 2.04208790819e-05, 1.5682873709e-05, 1.14970680443e-05, 7.70921997173e-06, 9.06276000023e-06, 1.43027828017e-05, 1.27775610963e-05, 7.13830741006e-06, 5.19190325576e-06, 4.60805131297e-06, 5.57691919312e-06, 5.36748211744e-06, 4.98924737258e-06, 4.01636134484e-06, 3.50247114511e-06, 1.81128120857e-06, 1.14837223464e-06, 1.0770947938e-06],
        "median": [0.0015925578773, 0.000314810604323, 0.000111657820526, 0.000286520691589, 0.000305522698909, 0.00034641296952, 0.000218405184569, 0.000489567115437, 0.000283510918962, 0.000201677277801, 0.000306593487039, 6.78850046825e-05, 0.00016809758381, 0.000100943325378, 1.67562757269e-05, 9.94134097709e-06, 2.22587568715e-05, 1.16380160762e-05, 1.0756406482e-05, 1.94325366465e-05, 8.9302102424e-06, 6.17450450591e-06, 7.19007312e-06, 6.07260881225e-06, 5.68543600821e-06, 3.91394132748e-06, 4.28312159784e-06, 4.17481669501e-06, 3.84149598176e-06, 1.84747671028e-06, 1.24674090785e-06, 1.18609682431e-06, 9.52907612373e-07, 6.66905123126e-07, 5.90008198742e-07, 4.26071267157e-07, 1.82144688665e-07, 8.59023856492e-08, 5.54729204794e-08, 3.82561609058e-08],
        "min": [2.44339449643e-24, 3.31857137861e-24, 9.35194682026e-24, 2.38970312439e-23, 1.37272431353e-23, 8.01914659936e-24, 1.3587819859e-23, 9.27744364092e-24, 1.60336389194e-23, 1.11317392959e-23, 2.7129890913e-24, 5.13719671558e-24, 7.45450520695e-24, 3.39848653819e-24, 1.49869388273e-23, 9.78136640946e-24, 1.02501454247e-23, 1.73670678624e-23, 9.67545394432e-24, 1.54060543153e-23, 1.16597885863e-23, 9.66638441049e-24, 1.18560500798e-23, 4.07737707778e-24, 8.96925304019e-24, 1.03572553807e-23, 1.33424793843e-23, 1.01474838553e-23, 7.48846172462e-24, 1.04055399789e-23, 1.34176120746e-23, 7.12509503673e-24, 7.64955343235e-24, 1.02940226571e-23, 1.01488280743e-23, 1.0030666177e-23, 1.03938309165e-23, 1.30636099545e-23, 9.40451651098e-24, 1.1184907732e-23],
        "stdev": [0.00299894460477, 0.00138689612504, 0.0006716940552, 0.000745713419747, 0.000983417965472, 0.000799324596301, 0.000498802750371, 0.00140291755088, 0.000634643365629, 0.000680803554133, 0.000693945796229, 0.000385492749047, 0.00041767815128, 0.000249852833804, 0.000119628362881, 0.00010052392463, 0.000306255416945, 0.000111348192149, 8.84944893187e-05, 9.26080174395e-05, 6.56602860545e-05, 3.75346535293e-05, 4.89678677695e-05, 2.68984367722e-05, 1.75505992956e-05, 1.19954556794e-05, 1.5148321836e-05, 2.78090519714e-05, 2.83716108243e-05, 1.65800611285e-05, 1.42560784298e-05, 1.07044888864e-05, 1.40474130603e-05, 1.61377447512e-05, 1.8002005163e-05, 1.25419446704e-05, 1.12220377559e-05, 6.66136702421e-06, 4.50608013125e-06, 4.28215480497e-06],
        "var": [8.99366932572e-06, 1.92348079509e-06, 4.511728946e-07, 5.56088536996e-07, 9.67110963757e-07, 6.38919800622e-07, 2.48804212788e-07, 1.96817768483e-06, 4.02772172947e-07, 4.63493506686e-07, 4.81560732624e-07, 1.48604669903e-07, 1.74455038859e-07, 6.24264373528e-08, 1.43109444295e-08, 1.01050590118e-08, 9.37923800848e-08, 1.23984200684e-08, 7.83127518389e-09, 8.57624549155e-09, 4.31127356038e-09, 1.40885014766e-09, 2.39785191702e-09, 7.23525905855e-10, 3.0802355111e-10, 1.43890954707e-10, 2.29471650015e-10, 7.73343333815e-10, 8.04948274702e-10, 2.74898409591e-10, 2.03235775431e-10, 1.14586090616e-10, 1.97329819152e-10, 2.60426791243e-10, 3.24072157998e-10, 1.57300381054e-10, 1.2593412424e-10, 4.43738101819e-11, 2.03047596098e-11, 1.83368511347e-11]
    },
    "melbands128": {
