{
"lowlevel": {
    "average_loudness": 0.97203373909,
    "barkbands_crest": {
        "dmean": 2.67695093155,
        "dmean2": 4.18547153473,
        "dvar": 6.00013828278,
        "dvar2": 12.706861496,
        "max": 24.7501468658,
        "mean": 9.90087413788,
        "median": 8.80040454865,
        "min": 2.12085270882,
        "stdev": 4.28692245483,
        "var": 18.3777046204
    },
    "barkbands_flatness_db": {
        "dmean": 0.028792001307,
        "dmean2": 0.0401363112032,
        "dvar": 0.000819386157673,
        "dvar2": 0.00137120042928,
        "max": 0.376390963793,
        "mean": 0.154691085219,
        "median": 0.148023381829,
        "min": 0.0250008981675,
        "stdev": 0.0572998300195,
        "var": 0.00328327063471
    },
    "barkbands_kurtosis": {
        "dmean": 3.31129717827,
        "dmean2": 5.26844930649,
        "dvar": 26.1036911011,
        "dvar2": 60.3677749634,
        "max": 70.6458282471,
        "mean": 4.47934770584,
        "median": 2.825922966,
        "min": -1.86013567448,
        "stdev": 6.55568885803,
        "var": 42.9770584106
    },
    "barkbands_skewness": {
        "dmean": 0.611800134182,
        "dmean2": 0.932397842407,
        "dvar": 0.347061216831,
        "dvar2": 0.755596518517,
        "max": 7.19264745712,
        "mean": 1.51267457008,
        "median": 1.40721237659,
        "min": -0.827553987503,
        "stdev": 1.03520011902,
        "var": 1.07163929939
    },
    "barkbands_spread": {
        "dmean": 6.72487449646,
        "dmean2": 10.2540044785,
        "dvar": 71.5605621338,
        "dvar2": 150.446243286,
        "max": 90.9094314575,
        "mean": 19.570941925,
        "median": 16.5796585083,
        "min": 1.26984608173,
        "stdev": 13.2277994156,
        "var": 174.97467041
    },
    "dissonance": {
        "dmean": 0.0413234271109,
        "dmean2": 0.0687172561884,
        "dvar": 0.00140592409298,
        "dvar2": 0.00357366376556,
        "max": 0.5,
        "mean": 0.421201497316,
        "median": 0.431186407804,
        "min": 0.0432806648314,
        "stdev": 0.0520910993218,
        "var": 0.00271348259412
    },
    "dynamic_complexity": 1.76059961319,
    "erbbands_crest": {
        "dmean": 3.18176198006,
        "dmean2": 5.18035793304,
        "dvar": 7.29017829895,
        "dvar2": 18.6126747131,
        "max": 27.0459098816,
        "mean": 10.1702203751,
        "median": 9.47537136078,
        "min": 3.4689309597,
        "stdev": 3.80374193192,
        "var": 14.4684524536
    },
    "erbbands_flatness_db": {
        "dmean": 0.0251406803727,
        "dmean2": 0.0372258573771,
        "dvar": 0.000620656937826,
        "dvar2": 0.00128815765493,
        "max": 0.483398795128,
        "mean": 0.17689691484,
        "median": 0.17056299746,
        "min": 0.0537854209542,
        "stdev": 0.0534134618938,
        "var": 0.00285299774259
    },
    "erbbands_kurtosis": {
        "dmean": 2.11012268066,
        "dmean2": 3.27895498276,
        "dvar": 6.18883705139,
        "dvar2": 14.6888341904,
        "max": 22.6137523651,
        "mean": 2.79894375801,
        "median": 1.90869283676,
        "min": -1.81683290005,
        "stdev": 3.66242742538,
        "var": 13.4133749008
    },
    "erbbands_skewness": {
        "dmean": 0.536831796169,
        "dmean2": 0.823750138283,
        "dvar": 0.21452113986,
        "dvar2": 0.488640993834,
        "max": 3.9297850132,
        "mean": 0.887778282166,
        "median": 0.918038189411,
        "min": -2.02942705154,
        "stdev": 0.908341467381,
        "var": 0.825084209442
    },
    "erbbands_spread": {
        "dmean": 11.5527009964,
        "dmean2": 17.5631713867,
        "dvar": 176.92678833,
        "dvar2": 412.627807617,
        "max": 145.907165527,
        "mean": 31.6871547699,
        "median": 23.6872253418,
        "min": 5.18558073044,
        "stdev": 22.1119499207,
        "var": 488.938323975
    },
    "hfc": {
        "dmean": 11.4537248611,
        "dmean2": 17.2227687836,
        "dvar": 290.848236084,
        "dvar2": 624.700500488,
        "max": 151.998046875,
        "mean": 24.6796627045,
        "median": 21.713766098,
        "min": 0.000288291979814,
        "stdev": 20.1496391296,
        "var": 406.007965088
    },
    "loudness_ebu128": {
        "integrated": -9.6487827301,
        "loudness_range": 1.83755874634,
        "momentary": {
            "dmean": 0.559776246548,
            "dmean2": 0.802300691605,
            "dvar": 0.240212127566,
            "dvar2": 0.396685510874,
            "max": -7.35417175293,
            "mean": -9.82639217377,
            "median": -9.63475608826,
            "min": -15.7349643707,
            "stdev": 1.34292924404,
            "var": 1.80345892906
        },
        "short_term": {
            "dmean": 0.0735945999622,
            "dmean2": 0.108277127147,
            "dvar": 0.0038328373339,
            "dvar2": 0.00593967409804,
            "max": -8.75085067749,
            "mean": -9.64302253723,
            "median": -9.34551429749,
            "min": -11.5455389023,
            "stdev": 0.716845333576,
            "var": 0.513867259026
        }
    },
    "melbands_crest": {
        "dmean": 3.11821627617,
        "dmean2": 4.88317680359,
        "dvar": 8.28112030029,
        "dvar2": 19.8485622406,
        "max": 29.4030666351,
        "mean": 12.9749403,
        "median": 11.9464921951,
        "min": 3.64772224426,
        "stdev": 5.03598880768,
        "var": 25.3611850739
    },
    "melbands_flatness_db": {
        "dmean": 0.0373431704938,
        "dmean2": 0.0506908856332,
        "dvar": 0.00136926281266,
        "dvar2": 0.00220946897753,
        "max": 0.516900956631,
        "mean": 0.236353307962,
        "median": 0.231145694852,
        "min": 0.0494165830314,
        "stdev": 0.0736653506756,
        "var": 0.0054265842773
    },
    "melbands_kurtosis": {
        "dmean": 6.34486198425,
        "dmean2": 10.2595024109,
        "dvar": 101.096153259,
        "dvar2": 243.140609741,
        "max": 121.191314697,
        "mean": 10.0084581375,
        "median": 6.28925895691,
        "min": -1.82621097565,
        "stdev": 13.1475744247,
        "var": 172.858703613
    },
    "melbands_skewness": {
        "dmean": 0.770843625069,
        "dmean2": 1.19712042809,
        "dvar": 0.618752658367,
        "dvar2": 1.38112080097,
        "max": 8.55947685242,
        "mean": 2.07990098,
        "median": 1.847697258,
        "min": -0.631998419762,
        "stdev": 1.39521467686,
        "var": 1.94662415981
    },
    "melbands_spread": {
        "dmean": 7.02539682388,
        "dmean2": 10.6762294769,
        "dvar": 83.0612030029,
        "dvar2": 198.086273193,
        "max": 115.571166992,
        "mean": 19.4979362488,
        "median": 17.1019973755,
        "min": 1.25807869434,
        "stdev": 12.433429718,
        "var": 154.590179443
    },
    "pitch_salience": {
        "dmean": 0.0713130459189,
        "dmean2": 0.112027101219,
        "dvar": 0.0038523322437,
        "dvar2": 0.00816310103983,
        "max": 0.914448618889,
        "mean": 0.582422852516,
        "median": 0.595240235329,
        "min": 0.142127707601,
        "stdev": 0.131710708141,
        "var": 0.0173477102071
    },
    "silence_rate_20dB": {
        "dmean": 0,
        "dmean2": 0,
        "dvar": 0,
        "dvar2": 0,
        "max": 1,
        "mean": 1,
        "median": 1,
        "min": 1,
        "stdev": 0,
        "var": 0
    },
    "silence_rate_30dB": {
        "dmean": 0.0371517017484,
        "dmean2": 0.0743609592319,
        "dvar": 0.0357719026506,
        "dvar2": 0.073480039835,
        "max": 1,
        "mean": 0.957463264465,
        "median": 1,
        "min": 0,
        "stdev": 0.201809152961,
        "var": 0.0407269336283
    },
    "silence_rate_60dB": {
        "dmean": 0.0147058824077,
        "dmean2": 0.0286599528044,
        "dvar": 0.0144897056744,
        "dvar2": 0.0371332503855,
        "max": 1,
        "mean": 0.0201082751155,
        "median": 0,
        "min": 0,
        "stdev": 0.140370756388,
        "var": 0.0197039488703
    },
    "spectral_centroid": {
        "dmean": 253.584487915,
        "dmean2": 366.793334961,
        "dvar": 102697.09375,
        "dvar2": 202823.765625,
        "max": 3705.44750977,
        "mean": 945.907592773,
        "median": 823.805358887,
        "min": 274.174255371,
        "stdev": 492.097045898,
        "var": 242159.5
    },
    "spectral_complexity": {
        "dmean": 3.92801856995,
        "dmean2": 5.90782356262,
        "dvar": 34.7047080994,
        "dvar2": 59.7614173889,
        "max": 57,
        "mean": 16.4941997528,
        "median": 15,
        "min": 0,
        "stdev": 8.36378574371,
        "var": 69.952911377
    },
    "spectral_decrease": {
        "dmean": 3.25369797771e-09,
        "dmean2": 5.07925257409e-09,
        "dvar": 2.75606190714e-17,
        "dvar2": 6.37998781634e-17,
        "max": -8.04709624673e-14,
        "mean": -8.62012239367e-09,
        "median": -6.72020261661e-09,
        "min": -5.10608515469e-08,
        "stdev": 7.30109839253e-09,
        "var": 5.33060366107e-17
    },
    "spectral_energy": {
        "dmean": 0.0131334280595,
        "dmean2": 0.0204260982573,
        "dvar": 0.000418554467615,
        "dvar2": 0.00096460536588,
        "max": 0.196762889624,
        "mean": 0.0347729027271,
        "median": 0.0274633392692,
        "min": 3.29866310267e-07,
        "stdev": 0.0283543486148,
        "var": 0.000803969043773
    },
    "spectral_energyband_high": {
        "dmean": 0.00085673033027,
        "dmean2": 0.0013072345173,
        "dvar": 2.27387408813e-06,
        "dvar2": 5.07892400492e-06,
        "max": 0.0124167306349,
        "mean": 0.0011847296264,
        "median": 0.000556147017051,
        "min": 2.49774667616e-09,
        "stdev": 0.00176315172575,
        "var": 3.10870404974e-06
    },
    "spectral_energyband_low": {
        "dmean": 0.00559693481773,
        "dmean2": 0.00899641867727,
        "dvar": 0.00027985975612,
        "dvar2": 0.00066382921068,
        "max": 0.159895196557,
        "mean": 0.0124548198655,
        "median": 0.0057047358714,
        "min": 1.10558817656e-09,
        "stdev": 0.022746546194,
        "var": 0.00051740539493
    },
    "spectral_energyband_middle_high": {
        "dmean": 0.00329015171155,
        "dmean2": 0.00490894168615,
        "dvar": 2.30301484407e-05,
        "dvar2": 5.1348535635e-05,
        "max": 0.0475099906325,
        "mean": 0.00641146767884,
        "median": 0.00497300829738,
        "min": 1.05222063951e-07,
        "stdev": 0.00613233540207,
        "var": 3.76055359084e-05
    },
    "spectral_energyband_middle_low": {
        "dmean": 0.00726220756769,
        "dmean2": 0.01175851468,
        "dvar": 0.000109915898065,
        "dvar2": 0.000291334319627,
        "max": 0.0946622118354,
        "mean": 0.0155141269788,
        "median": 0.0134030999616,
        "min": 2.34283660916e-07,
        "stdev": 0.0113216182217,
        "var": 0.000128179046442
    },
    "spectral_entropy": {
        "dmean": 0.278583079576,
        "dmean2": 0.402650952339,
        "dvar": 0.0844398885965,
        "dvar2": 0.157806769013,
        "max": 8.6602973938,
        "mean": 7.31230592728,
        "median": 7.29962873459,
        "min": 5.78755760193,
        "stdev": 0.5021083951,
        "var": 0.252112835646
    },
    "spectral_flux": {
        "dmean": 0.0350906699896,
        "dmean2": 0.0549302883446,
        "dvar": 0.00173683837056,
        "dvar2": 0.00310969934799,
        "max": 0.385007739067,
        "mean": 0.104894317687,
        "median": 0.0894181504846,
        "min": 0.000574339879677,
        "stdev": 0.060529846698,
        "var": 0.00366386212409
    },
    "spectral_kurtosis": {
        "dmean": 3.8556625843,
        "dmean2": 5.98283958435,
        "dvar": 35.7813339233,
        "dvar2": 86.312828064,
        "max": 84.2168273926,
        "mean": 7.43968105316,
        "median": 4.43591117859,
        "min": -0.770728826523,
        "stdev": 9.27503395081,
        "var": 86.026260376
    },
    "spectral_rms": {
        "dmean": 0.000999573268928,
        "dmean2": 0.00150156312156,
        "dvar": 1.44837883909e-06,
        "dvar2": 2.95413724416e-06,
        "max": 0.0138551006094,
        "mean": 0.00546857900918,
        "median": 0.00517624383792,
        "min": 1.79393646249e-05,
        "stdev": 0.00200483226217,
        "var": 4.01935221817e-06
    },
    "spectral_rolloff": {
        "dmean": 542.02947998,
        "dmean2": 916.137878418,
        "dvar": 1246036.375,
        "dvar2": 2912606.25,
        "max": 12381.5917969,
        "mean": 1296.43884277,
        "median": 1033.59375,
        "min": 86.1328125,
        "stdev": 1264.19262695,
        "var": 1598183
    },
    "spectral_skewness": {
        "dmean": 0.501691162586,
        "dmean2": 0.741873383522,
        "dvar": 0.275798588991,
        "dvar2": 0.598206162453,
        "max": 6.91469526291,
        "mean": 2.10662531853,
        "median": 1.95169246197,
        "min": 0.201410785317,
        "stdev": 0.926412522793,
        "var": 0.858240127563
    },
    "spectral_spread": {
        "dmean": 1112222.75,
        "dmean2": 1690386.625,
        "dvar": 1.5503547433e+12,
        "dvar2": 3.29107898368e+12,
        "max": 20083822,
        "mean": 5618941.5,
        "median": 5531033,
        "min": 714508.875,
        "stdev": 2216839.5,
        "var": 4.91437739213e+12
    },
    "spectral_strongpeak": {
        "dmean": 0.590424537659,
        "dmean2": 0.970865547657,
        "dvar": 0.527429938316,
        "dvar2": 1.24645996094,
        "max": 5.65575695038,
        "mean": 1.05579066277,
        "median": 0.83515226841,
        "min": 0,
        "stdev": 0.920676529408,
        "var": 0.847645223141
    },
    "zerocrossingrate": {
        "dmean": 0.0137572865933,
        "dmean2": 0.0160765945911,
        "dvar": 0.000208851983189,
        "dvar2": 0.000291286152788,
        "max": 0.26025390625,
        "mean": 0.0579208061099,
        "median": 0.05126953125,
        "min": 0.00341796875,
        "stdev": 0.0331196784973,
        "var": 0.00109691312537
    },
    "barkbands": {
        "dmean": [0.000213449427974, 0.00394290452823, 0.00295738107525, 0.00163645250723, 0.00104091572575, 0.00297386734746, 0.00196389690973, 0.00174712378066, 0.00159539084416, 0.000895020319149, 0.00107818597462, 0.00104491389357, 0.00079966156045, 0.000417640141677, 0.000239379005507, 0.000199962698389, 0.0002102968283, 0.000119745825941, 0.000114708826004, 0.000122591212858, 0.000187182129594, 0.000231418889598, 0.000185676777619, 0.000140236137668, 9.10522503546e-05, 8.19202614366e-05, 9.60311990639e-06],
        "dmean2": [0.000346243265085, 0.00567647349089, 0.00524244550616, 0.00301127810962, 0.00170830730349, 0.00480233505368, 0.00324011431076, 0.00288444338366, 0.00246036052704, 0.00137585448101, 0.00174772320315, 0.00165175634902, 0.00124196207616, 0.00067769002635, 0.00038773752749, 0.000308813381707, 0.000337071367539, 0.000182046627742, 0.000179787835805, 0.00020886506536, 0.000294061348541, 0.000358761404641, 0.000311474723276, 0.000231359328609, 0.000145516954944, 0.000129810054204, 1.59015453391e-05],
        "dvar": [3.10478213805e-07, 0.000150953186676, 0.000161697636941, 3.44382460753e-05, 5.53043719265e-06, 1.71398423845e-05, 9.36286051001e-06, 9.55321502261e-06, 6.03067564953e-06, 3.21055949826e-06, 3.6522294522e-06, 2.97107681035e-06, 2.00898739422e-06, 8.09462392226e-07, 4.29800110169e-07, 2.57303497619e-07, 2.71993769729e-07, 1.03206552637e-07, 1.57989418881e-07, 2.03497592111e-07, 2.25364289008e-07, 1.40758771749e-07, 1.26090981212e-07, 6.2944536694e-08, 2.95811144468e-08, 1.8090913656e-08, 1.03441644139e-09],
        "dvar2": [7.75317232637e-07, 0.000305376306642, 0.000450470164651, 0.000101465033367, 1.43242723425e-05, 4.36579830421e-05, 2.42481910391e-05, 2.359589962e-05, 1.30247572088e-05, 7.07032040737e-06, 9.0553148766e-06, 7.06553828422e-06, 4.62307889393e-06, 1.94738572645e-06, 1.11047074824e-06, 6.46002206395e-07, 6.96650374721e-07, 2.3821155537e-07, 3.86666357599e-07, 5.28493501406e-07, 5.49510218661e-07, 3.15763656999e-07, 3.20351603023e-07, 1.52453907276e-07, 6.80257770114e-08, 4.34279385786e-08, 2.79726952712e-09],
        "max": [0.00755934976041, 0.11944244802, 0.102588862181, 0.0564729943871, 0.0214925836772, 0.0512914247811, 0.0263561885804, 0.0262066666037, 0.0257822144777, 0.0324920788407, 0.0219894908369, 0.01706773974, 0.0151996007189, 0.0089412778616, 0.00922813266516, 0.00591801200062, 0.00464049121365, 0.00416440051049, 0.00448385067284, 0.00340806599706, 0.00443908339366, 0.00438459403813, 0.00390673615038, 0.00286728516221, 0.00164603197481, 0.00190322997514, 0.000598201120738],
        "mean": [0.000690110202413, 0.00824470352381, 0.00289749749936, 0.00141581776552, 0.0017472866457, 0.00474143307656, 0.00252081872895, 0.00219378131442, 0.00258224876598, 0.00128957629204, 0.00140260101762, 0.0012773872586, 0.00109089305624, 0.000472880346933, 0.0002653770498, 0.000244554161327, 0.000239224653342, 0.000137153256219, 9.83787540463e-05, 9.43693739828e-05, 0.000206055789022, 0.00031435440178, 0.000201143775485, 0.000171914056409, 0.000115231276141, 0.000108548054413, 9.54170809564e-06],
        "median": [0.000119791737234, 0.00259984657168, 0.00069908919977, 0.000584859400988, 0.000911379756872, 0.00287521863356, 0.0013989219442, 0.000839413027279, 0.00121917913202, 0.000565627065953, 0.000642291735858, 0.000434426619904, 0.000266590912361, 0.000100304700027, 6.014630344e-05, 5.1717273891e-05, 5.88565781072e-05, 1.76160247065e-05, 6.6784837145e-06, 5.98721453571e-06, 5.61954730074e-05, 0.000115569288027, 5.014332055e-05, 6.36244658381e-05, 3.72454815079e-05, 4.75321612612e-05, 3.29454633174e-06],
        "min": [1.0218427493e-10, 4.07493316867e-10, 4.20080054075e-10, 4.42454795024e-10, 1.40133993298e-09, 3.13413606179e-09, 9.840995574e-09, 3.95511641216e-08, 1.49957301687e-07, 5.52703163237e-08, 8.19296186449e-09, 4.17511394346e-08, 1.18129115378e-08, 5.55702706073e-10, 1.26339627649e-09, 4.63147187268e-10, 2.21526308408e-09, 6.2681707047e-11, 4.4333603455e-10, 8.86627299357e-11, 2.2209595274e-10, 6.02537394978e-11, 1.18756102174e-10, 2.99892333189e-10, 6.91337653791e-10, 1.08253683795e-09, 1.20827792216e-11],
        "stdev": [0.00103698682506, 0.0171802509576, 0.0101454537362, 0.00436110934243, 0.00252281338908, 0.00532706128433, 0.00328444992192, 0.00344596919604, 0.00334980152547, 0.00219292775728, 0.00212611211464, 0.00201618368737, 0.00183397880755, 0.001007703715, 0.00065518199699, 0.000584732566494, 0.000533602433279, 0.000371546600945, 0.000378909491701, 0.000386302970583, 0.0004614960053, 0.000479241163703, 0.000387321866583, 0.000278616964351, 0.000197794433916, 0.00016395674902, 2.77491799352e-05],
        "var": [1.07534162908e-06, 0.000295161036775, 0.000102930236608, 1.90192731679e-05, 6.36458707959e-06, 2.83775825665e-05, 1.07876112452e-05, 1.18747029774e-05, 1.1221170098e-05, 4.80893231725e-06, 4.52035283161e-06, 4.06499657402e-06, 3.36347829943e-06, 1.01546686437e-06, 4.29263451451e-07, 3.4191219811e-07, 2.84731584088e-07, 1.38046871712e-07, 1.43572407296e-07, 1.49229975932e-07, 2.12978562786e-07, 2.29672096452e-07, 1.50018237832e-07, 7.76274191594e-08, 3.91226357976e-08, 2.68818158844e-08, 7.700169391e-10]
    },
    "erbbands": {
        "dmean": [0.112281240523, 0.918683707714, 2.91423630714, 4.79122018814, 3.97063922882, 3.31039261818, 11.2986221313, 32.4430427551, 19.9053840637, 41.8418769836, 28.7161445618, 42.6512794495, 22.3613567352, 31.9491634369, 43.44348526, 38.6946716309, 38.7795257568, 24.0730323792, 12.3806867599, 13.4373865128, 10.9445533752, 11.4073581696, 8.08552074432, 5.61759090424, 4.966173172, 5.63501787186, 8.17141819, 7.11081171036, 8.75101184845, 6.3914232254, 5.07659053802, 3.96331048012, 1.87201285362, 1.18441224098, 0.607497572899, 0.388934642076, 0.153895258904, 0.0280210059136, 0.000948842673097, 3.24900538544e-05],
        "dmean2": [0.168966948986, 1.27431356907, 4.79218244553, 8.8969078064, 7.26078462601, 5.41321706772, 18.096988678, 52.5531730652, 33.8739814758, 67.6156768799, 45.730796814, 65.5587081909, 33.7239570618, 49.4987335205, 69.3903656006, 59.3338394165, 58.8703651428, 37.669921875, 19.2117481232, 22.3272380829, 16.6194877625, 18.2082557678, 12.5261011124, 8.59875011444, 7.76142168045, 9.43810558319, 13.3257198334, 10.8837575912, 13.6449213028, 10.1132488251, 8.54908180237, 6.57616281509, 3.04768896103, 1.90724682808, 0.957424104214, 0.616711556911, 0.244690746069, 0.045526381582, 0.00153467501514, 4.99359957757e-05],
        "dvar": [0.134200364351, 8.3135471344, 134.679473877, 369.881011963, 171.265563965, 51.4488067627, 267.891113281, 2117.65258789, 1168.12133789, 4222.79345703, 2561.49804688, 4966.1796875, 1196.58325195, 2910.26904297, 7598.23681641, 4498.36865234, 4403.34570312, 2338.90625, 853.535705566, 1661.29125977, 744.62677002, 838.356323242, 510.320495605, 406.094177246, 266.326293945, 416.751159668, 644.342834473, 224.623168945, 190.797576904, 104.77759552, 101.401924133, 47.5599861145, 13.2992305756, 5.25478458405, 1.3274679184, 0.465335279703, 0.0704676434398, 0.00500102574006, 6.60898558635e-06, 2.84967205388e-09],
        "dvar2": [0.311294108629, 15.5520896912, 357.347259521, 1073.53625488, 508.00213623, 120.050460815, 676.326843262, 5320.38134766, 3168.75732422, 10484.1259766, 6226.62451172, 10703.4560547, 2710.06982422, 6361.93847656, 18903.9335938, 10579.4462891, 9967.18359375, 5621.86669922, 2095.28686523, 4396.42041016, 1846.63867188, 2151.49389648, 1202.65075684, 992.191101074, 633.63494873, 1061.98156738, 1647.13671875, 525.883789062, 428.285919189, 239.404525757, 256.101074219, 118.337722778, 32.4006538391, 12.6475362778, 2.98992586136, 1.11688840389, 0.177124112844, 0.0131258117035, 1.74747892743e-05, 7.07183556159e-09],
        "max": [3.56814050674, 25.9213085175, 105.957740784, 161.671157837, 135.199020386, 114.419891357, 215.802825928, 611.557495117, 297.444580078, 545.135314941, 663.681396484, 804.413208008, 384.511535645, 905.830871582, 1067.21569824, 782.741455078, 782.686035156, 465.120269775, 529.792480469, 626.729736328, 419.40435791, 276.138122559, 276.083007812, 303.16494751, 129.891708374, 163.631637573, 234.931304932, 124.166183472, 136.577407837, 112.83065033, 127.107429504, 88.0161819458, 37.6037406921, 18.945148468, 11.079416275, 9.45655632019, 3.093968153, 1.08366286755, 0.0416701771319, 0.00070678483462],
        "mean": [0.235599026084, 1.82800495625, 3.51663565636, 4.33020830154, 4.18918228149, 6.51373434067, 18.2373981476, 48.8050422668, 26.5654792786, 57.8343238831, 42.2383537292, 67.3535614014, 37.5944671631, 47.7266197205, 57.6754684448, 51.0414962769, 54.3787536621, 30.1128616333, 15.3103990555, 14.6035032272, 13.6815061569, 13.2765903473, 9.54926776886, 5.16737747192, 4.29588985443, 4.46267795563, 7.9114279747, 8.45010280609, 11.7362365723, 8.19433879852, 5.46146011353, 4.68431091309, 2.1587240696, 1.44129943848, 0.742449820042, 0.498936206102, 0.193061694503, 0.0332712568343, 0.0010793012334, 6.72007226967e-05],
        "median": [0.106328003109, 0.411966085434, 0.977906942368, 1.68215620518, 2.22290897369, 3.25773453712, 11.3910903931, 28.4287700653, 15.9429683685, 29.1448669434, 21.4152317047, 31.7554855347, 18.8188819885, 24.7370796204, 25.8065052032, 19.9451236725, 16.3382358551, 7.98248815536, 4.09614038467, 3.12487506866, 3.31320500374, 3.28767251968, 1.46953725815, 0.556489706039, 0.261531084776, 0.352887541056, 1.35054421425, 2.59678769112, 4.3568944931, 2.4875626564, 1.34060692787, 1.47051036358, 0.787911176682, 0.463774234056, 0.219509691, 0.195117592812, 0.0821542665362, 0.0147929722443, 0.000459688570118, 5.16620384587e-05],
        "min": [1.11613882581e-08, 9.68003845969e-08, 4.18212266595e-07, 1.0978096725e-06, 2.34769640883e-06, 5.10534755449e-06, 1.20870390674e-05, 3.16428340739e-05, 9.53003545874e-05, 0.000341859267792, 0.00134099344723, 0.00333869829774, 0.00287864240818, 0.000763175019529, 0.000604014028795, 0.00175317528192, 0.000662401551381, 8.75403275131e-05, 4.35850779468e-05, 5.44702452316e-05, 5.46608134755e-05, 0.000114859038149, 1.04444807221e-05, 9.92754485196e-06, 2.4284596293e-05, 4.1823718675e-06, 7.29743487682e-06, 6.54457790006e-06, 2.64063396571e-06, 2.10099847209e-06, 3.64011543752e-06, 5.77608352614e-06, 6.42009536023e-06, 8.02869544714e-06, 4.16625698563e-06, 7.16751037544e-06, 1.27896623781e-06, 8.84264608203e-08, 2.97399793681e-09, 5.71820646389e-10],
        "stdev": [0.439602792263, 4.17425775528, 10.2884025574, 14.4323911667, 9.94249534607, 9.18973922729, 21.0298118591, 58.0594406128, 33.8321838379, 74.3834838867, 56.9873809814, 93.6475753784, 49.2530975342, 68.5699157715, 92.899887085, 78.8296279907, 87.0899276733, 56.0092124939, 32.4289093018, 39.0027999878, 30.6210346222, 29.6666412354, 25.2570037842, 19.3854122162, 15.8380861282, 17.8259563446, 22.76354599, 15.8176994324, 17.62591362, 13.4052047729, 10.9051856995, 7.66637897491, 3.85391354561, 2.55912327766, 1.3274743557, 0.800556540489, 0.31414347887, 0.0676925852895, 0.00236965552904, 6.03110092925e-05],
        "var": [0.193250611424, 17.4244270325, 105.851219177, 208.293914795, 98.8532180786, 84.4513092041, 442.252990723, 3370.89868164, 1144.61669922, 5532.90234375, 3247.56176758, 8769.86816406, 2425.86743164, 4701.83300781, 8630.38867188, 6214.11035156, 7584.65576172, 3137.03198242, 1051.63415527, 1521.21850586, 937.647705078, 880.109619141, 637.916259766, 375.794219971, 250.844985962, 317.764709473, 518.179016113, 250.199615479, 310.672821045, 179.699508667, 118.923080444, 58.7733650208, 14.852648735, 6.54911231995, 1.76218819618, 0.640890777111, 0.0986861214042, 0.00458228588104, 5.61526758247e-06, 3.63741792242e-09]
    },
    "gfcc": {
        "mean": [6.40222454071, 90.6259994507, -87.1177444458, -7.9895401001, -76.0903015137, 23.7245254517, -36.4787330627, 1.54848539829, -16.3018569946, 8.59080600739, -21.4321670532, 17.0784034729, -14.6107854843],
        "cov": [[4341.14794922, -1544.98022461, 250.172668457, 814.520812988, -250.497192383, 394.734008789, -29.1403522491, 182.1484375, -57.5329971313, 230.191085815, -96.8351974487, 27.0062561035, -93.2591018677], [-1544.98022461, 1633.55529785, 16.9477500916, -265.548278809, 655.7890625, 47.8074951172, 282.296234131, -4.21053028107, 226.130218506, -34.6290016174, 133.435424805, 8.88462924957, 124.822746277], [250.172668457, 16.9477500916, 1130.80163574, 280.09777832, -246.675811768, 248.084106445, 200.477523804, 75.1267242432, -93.9931640625, 22.0002803802, -37.7203216553, 92.9571609497, -20.5849304199], [814.520812988, -265.548278809, 280.09777832, 815.858581543, 112.630996704, 71.2996826172, 17.0899162292, 125.540382385, 57.7518386841, 132.485137939, 100.480606079, 54.1756248474, 96.1252822876], [-250.497192383, 655.7890625, -246.675811768, 112.630996704, 746.885253906, 79.6045837402, 97.7257003784, 107.714736938, 235.309082031, 130.296112061, 157.28112793, 15.8668231964, 115.425323486], [394.734008789, 47.8074951172, 248.084106445, 71.2996826172, 79.6045837402, 376.396789551, 168.788009644, 46.4774513245, 62.2489013672, 72.7909011841, 5.13217449188, 3.31910014153, -2.17833566666], [-29.1403522491, 282.296234131, 200.477523804, 17.0899162292, 97.7257003784, 168.788009644, 405.474639893, 57.2186660767, 63.1365242004, 70.3534011841, 15.3868713379, 57.7421760559, 30.1926517487], [182.1484375, -4.21053028107, 75.1267242432, 125.540382385, 107.714736938, 46.4774513245, 57.2186660767, 171.413970947, 27.5064125061, 47.9206466675, 68.2576217651, 14.5666208267, 30.5876693726], [-57.5329971313, 226.130218506, -93.9931640625, 57.7518386841, 235.309082031, 62.2489013672, 63.1365242004, 27.5064125061, 221.280929565, 73.4141769409, 19.0720653534, 34.2069664001, 52.2887001038], [230.191085815, -34.6290016174, 22.0002803802, 132.485137939, 130.296112061, 72.7909011841, 70.3534011841, 47.9206466675, 73.4141769409, 195.242218018, 55.7179412842, 11.3248662949, 38.6187705994], [-96.8351974487, 133.435424805, -37.7203216553, 100.480606079, 157.28112793, 5.13217449188, 15.3868713379, 68.2576217651, 19.0720653534, 55.7179412842, 172.332733154, -0.0590339228511, 35.3093070984], [27.0062561035, 8.88462924957, 92.9571609497, 54.1756248474, 15.8668231964, 3.31910014153, 57.7421760559, 14.5666208267, 34.2069664001, 11.3248662949, -0.0590339228511, 113.605072021, 33.0858268738], [-93.2591018677, 124.822746277, -20.5849304199, 96.1252822876, 115.425323486, -2.17833566666, 30.1926517487, 30.5876693726, 52.2887001038, 38.6187705994, 35.3093070984, 33.0858268738, 128.006591797]],
        "icov": [[0.000535044004209, 0.000437872164184, 0.000129287043819, -0.000402665144065, -0.000190155624296, -0.000538769527338, -3.33777898049e-05, -0.000276731938357, 0.000190132705029, -0.000165393503266, 0.000477671535918, -0.000136925387778, 0.000398151576519], [0.000437872164184, 0.00300921103917, -0.00137152499519, 0.00103664165363, -0.00266341934912, 0.000748710241169, -0.00160500255879, 0.00171312561724, -0.0015427012695, 0.00226766522974, -0.00139328569639, 0.00187587633263, -0.00138527597301], [0.000129287043819, -0.00137152499519, 0.00246826629154, -0.00138142425567, 0.00183700327761, -0.00175563129596, 0.000431791006122, -0.00158900511451, 0.00180785427801, -0.00127626862377, 0.00138885329943, -0.00230523385108, 0.00131671561394], [-0.000402665144065, 0.00103664165363, -0.00138142425567, 0.00283396965824, -0.0010845544748, 0.00104608153924, -0.000233907776419, 0.000536287087016, -0.00130146823358, 0.00054862286197, -0.00181937369052, 0.000912289309781, -0.00209955684841], [-0.000190155624296, -0.00266341934912, 0.00183700327761, -0.0010845544748, 0.0053692846559, -0.00127745408099, 0.00125940365251, -0.0023889860604, -0.000761172152124, -0.00232813553885, -0.000293900229735, -0.00144806061871, 0.00044764924678], [-0.000538769527338, 0.000748710241169, -0.00175563129596, 0.00104608153924, -0.00127745408099, 0.00527125736699, -0.00183030823246, 0.00100338214543, -0.00202411483042, 0.000538203225005, -0.00095178396441, 0.0025294655934, -0.000483731826534], [-3.33777898049e-05, -0.00160500255879, 0.000431791006122, -0.000233907776419, 0.00125940365251, -0.00183030823246, 0.00459676561877, -0.00171883893199, 0.000813321792521, -0.00211996119469, 0.0010997686768, -0.00255757081322, 0.000610621296801], [-0.000276731938357, 0.00171312561724, -0.00158900511451, 0.000536287087016, -0.0023889860604, 0.00100338214543, -0.00171883893199, 0.00964589137584, -0.00116874766536, 0.00165660167113, -0.00372386118397, 0.00158688286319, -0.00166396878194], [0.000190132705029, -0.0015427012695, 0.00180785427801, -0.00130146823358, -0.000761172152124, -0.00202411483042, 0.000813321792521, -0.00116874766536, 0.00969495996833, -0.00308888033032, 0.0033954421524, -0.00367582705803, 0.000635401462205], [-0.000165393503266, 0.00226766522974, -0.00127626862377, 0.00054862286197, -0.00232813553885, 0.000538203225005, -0.00211996119469, 0.00165660167113, -0.00308888033032, 0.0095284935087, -0.00311077968217, 0.00241377344355, -0.00211506779306], [0.000477671535918, -0.00139328569639, 0.00138885329943, -0.00181937369052, -0.000293900229735, -0.00095178396441, 0.0010997686768, -0.00372386118397, 0.0033954421524, -0.00311077968217, 0.010581693612, -0.00132816145197, 0.00115142541472], [-0.000136925387778, 0.00187587633263, -0.00230523385108, 0.000912289309781, -0.00144806061871, 0.0025294655934, -0.00255757081322, 0.00158688286319, -0.00367582705803, 0.00241377344355, -0.00132816145197, 0.0133110713214, -0.00371277052909], [0.000398151576519, -0.00138527597301, 0.00131671561394, -0.00209955684841, 0.00044764924678, -0.000483731826534, 0.000610621296801, -0.00166396878194, 0.000635401462205, -0.00211506779306, 0.00115142541472, -0.00371277052909, 0.0121036591008]]
    },
    "melbands": {
        "dmean": [0.00107687583659, 0.00120215443894, 0.00079396617366, 0.000225960073294, 0.000348051951732, 0.000652946764603, 0.000332887109835, 0.000461629155325, 0.000233169237617, 0.000259043183178, 0.00011327543325, 0.000132845438202, 0.000145594458445, 0.000115730712423, 0.000104052742245, 7.45360375731e-05, 4.41894226242e-05, 2.12552204175e-05, 1.68298138306e-05, 1.67194993992e-05, 1.22835936054e-05, 1.17102244985e-05, 1.10443261292e-05, 5.07147251483e-06, 4.7163121053e-06, 3.32072909259e-06, 3.82882853955e-06, 3.64054471902e-06, 5.75401918468e-06, 4.18906529376e-06, 4.07767947763e-06, 5.1468109632e-06, 4.61102763438e-06, 3.44295290233e-06, 2.99961880046e-06, 2.96854204862e-06, 2.27996065405e-06, 1.37524671118e-06, 1.14597582979e-06, 9.91776687442e-07],
        "dmean2": [0.00151986291166, 0.00183579162695, 0.00146198074799, 0.000393923633965, 0.000551934703253, 0.00105425459333, 0.000564231304452, 0.000748858728912, 0.000363304425264, 0.000399264827138, 0.000171191437403, 0.000206372627872, 0.000235514831729, 0.000181451134267, 0.000162240743521, 0.000116691953735, 7.04434132786e-05, 3.36736957252e-05, 2.69694373856e-05, 2.73733458016e-05, 1.84507098311e-05, 1.84838972928e-05, 1.79699600267e-05, 7.40744553696e-06, 7.3949322541e-06, 5.12340329806e-06, 6.35098285784e-06, 6.18161084276e-06, 9.66968400462e-06, 6.5233539317e-06, 6.28335919828e-06, 7.98291694082e-06, 7.34527066015e-06, 5.60962735108e-06, 5.07399454364e-06, 5.13223176313e-06, 3.75360627913e-06, 2.27300233746e-06, 1.86054035112e-06, 1.60493755175e-06],
        "dvar": [1.10200953714e-05, 1.69352497323e-05, 9.47546413954e-06, 3.84229167594e-07, 2.38088659898e-07, 8.43398822781e-07, 2.90442187634e-07, 5.06144203882e-07, 1.53271713543e-07, 1.80604786237e-07, 3.36891368136e-08, 5.81210812811e-08, 7.93239678387e-08, 4.27871853503e-08, 3.30039675589e-08, 1.74961680699e-08, 9.13349040843e-09, 2.87592905046e-09, 2.11475703615e-09, 2.24181873065e-09, 8.2961360004e-10, 7.81610498546e-10, 9.21607901105e-10, 2.24293708606e-10, 3.09127612397e-10, 1.29489738376e-10, 1.84175424911e-10, 1.79385895027e-10, 3.99012600738e-10, 9.44733874464e-11, 6.67699576185e-11, 6.56425261369e-11, 6.9896526067e-11, 3.46429031295e-11, 3.98060404083e-11, 2.94981782056e-11, 1.6540503342e-11, 6.42108111473e-12, 6.92051450868e-12, 3.69014064097e-12],
        "dvar2": [2.25479416258e-05, 4.05070568377e-05, 2.74563099083e-05, 1.08420113065e-06, 5.92400283494e-07, 2.13648490899e-06, 7.78175035521e-07, 1.25145413676e-06, 3.60411377187e-07, 3.85478358567e-07, 7.632599619e-08, 1.26632258457e-07, 1.94371182261e-07, 9.91162849573e-08, 8.00685882041e-08, 4.17745340542e-08, 2.21539782075e-08, 7.22605175696e-09, 5.37177990978e-09, 5.81147574508e-09, 2.024429957e-09, 1.95887506216e-09, 2.39274000613e-09, 4.83311002331e-10, 7.71055663762e-10, 3.1398339484e-10, 4.61863741696e-10, 4.55870785565e-10, 1.05592590227e-09, 2.23846233216e-10, 1.54037227418e-10, 1.47068857093e-10, 1.65732164104e-10, 8.48894496364e-11, 1.02859082363e-10, 7.29738144911e-11, 4.19037582411e-11, 1.5525266836e-11, 1.77677386692e-11, 8.87898261859e-12],
        "max": [0.0342810973525, 0.0413820594549, 0.0264986734837, 0.00609160820022, 0.00624767458066, 0.0120697943494, 0.00485752290115, 0.00521890167147, 0.00552019570023, 0.00462306849658, 0.00235817022622, 0.00429415190592, 0.00331636238843, 0.00223956722766, 0.00207930197939, 0.0014362973161, 0.000946934393141, 0.00101475848351, 0.000682935817167, 0.0005329506821, 0.000470958795631, 0.000241187342908, 0.000377006392227, 0.000167854639585, 0.00026473638718, 0.000153382541612, 0.000113471258373, 0.000111795241537, 0.000176511835889, 8.65064648679e-05, 7.32432017685e-05, 8.45191752887e-05, 0.000126741768327, 5.81111853535e-05, 8.11855934444e-05, 5.62118002563e-05, 5.71574237256e-05, 2.31889462157e-05, 3.26815461449e-05, 2.14279407373e-05],
        "mean": [0.00225678365678, 0.00203766301274, 0.000749651051592, 0.000352722912794, 0.000591084244661, 0.00100423523691, 0.000444721372332, 0.00063325453084, 0.000342914572684, 0.000409647589549, 0.000178623071406, 0.000191460101632, 0.000190430946532, 0.000147746570292, 0.000135139242047, 9.89461623249e-05, 5.03217670484e-05, 2.44957536779e-05, 1.87394907698e-05, 1.84356031241e-05, 1.52371594595e-05, 1.3603388652e-05, 1.22689398268e-05, 5.67164352105e-06, 4.09435961046e-06, 2.98738677884e-06, 3.00705414702e-06, 2.83949566438e-06, 4.96011580253e-06, 4.76085369883e-06, 4.83490839542e-06, 6.73388285577e-06, 6.01827878199e-06, 4.05869604947e-06, 3.07546156364e-06, 3.15545275953e-06, 2.70441341854e-06, 1.51727067532e-06, 1.2466367707e-06, 1.20036600038e-06],
        "median": [0.000945164181758, 0.00058705243282, 0.000306514761178, 0.000196568333195, 0.000366801541531, 0.000605739594903, 0.000265601702267, 0.000305913505144, 0.000158279406605, 0.000196075125132, 8.5186198703e-05, 9.48225060711e-05, 8.54629979585e-05, 5.46287519683e-05, 4.11462060583e-05, 2.41478282987e-05, 1.04951368485e-05, 5.62547120353e-06, 4.30948966823e-06, 3.61850493391e-06, 3.60942044608e-06, 3.33866432811e-06, 1.75569368821e-06, 6.55698670471e-07, 3.5532772813e-07, 1.92265687815e-07, 1.14626139691e-07, 1.70558735135e-07, 5.95672020154e-07, 1.20687786875e-06, 1.45122635331e-06, 2.48982746598e-06, 1.96738233171e-06, 1.11689371352e-06, 6.4107439357e-07, 7.12848134299e-07, 8.98610153399e-07, 5.00365899825e-07, 3.8441697825e-07, 3.33521484208e-07],
        "min": [1.11140117942e-10, 1.92929741627e-10, 2.21892795804e-10, 2.58856880375e-10, 3.87813753333e-10, 7.09485414863e-10, 1.58876389822e-09, 4.41994041367e-09, 1.28496724372e-08, 2.20274110063e-08, 1.40044216224e-08, 3.13310111189e-09, 1.38624756119e-09, 4.19160661735e-09, 3.74498787536e-09, 6.26256324576e-10, 9.2652559236e-11, 5.20633293422e-11, 1.0509008247e-10, 3.39355175905e-11, 7.93818968892e-11, 1.55004564739e-10, 1.72906706314e-11, 3.88834754325e-12, 6.65033783251e-12, 2.27333117608e-11, 8.86624888091e-12, 1.18054426911e-12, 2.31234432643e-12, 8.4223470212e-12, 2.356704892e-12, 1.36474696561e-12, 1.09255941967e-12, 1.30464291714e-12, 2.46181070321e-12, 2.12051686974e-12, 4.13960662624e-12, 2.04711941842e-12, 1.11934229247e-11, 4.51890434794e-12],
        "stdev": [0.00449372502044, 0.00469783786684, 0.00232401303947, 0.000565351045225, 0.000643062638119, 0.00116074841935, 0.000547236413695, 0.000818766013253, 0.00046268090955, 0.000572211458348, 0.000252483179793, 0.000296727521345, 0.000304324115859, 0.000241327070398, 0.000218122630031, 0.000163020042237, 0.00010682107677, 5.64874535485e-05, 4.64335462311e-05, 4.95323438372e-05, 3.30028124154e-05, 2.91752930934e-05, 3.21656225424e-05, 1.67882353708e-05, 1.64850989677e-05, 1.11680374175e-05, 1.22053452287e-05, 1.16654564408e-05, 1.6971351215e-05, 1.01000377981e-05, 8.86140060175e-06, 1.01398218249e-05, 1.04589689727e-05, 7.03122896084e-06, 6.63099444864e-06, 5.85622501603e-06, 4.48668652098e-06, 2.7087799026e-06, 2.58113004747e-06, 2.17905062527e-06],
        "var": [2.01935636142e-05, 2.20696801989e-05, 5.40103610547e-06, 3.19621790368e-07, 4.13529591015e-07, 1.34733681989e-06, 2.99467671994e-07, 6.70377744427e-07, 2.14073622828e-07, 3.2742593703e-07, 6.37477626242e-08, 8.80472228459e-08, 9.26131704659e-08, 5.82387578163e-08, 4.75774797337e-08, 2.65755364381e-08, 1.1410742573e-08, 3.19083248712e-09, 2.15607420806e-09, 2.45345321837e-09, 1.08918551955e-09, 8.51197778928e-10, 1.03462738377e-09, 2.81844853012e-10, 2.71758476833e-10, 1.24725049733e-10, 1.48970460967e-10, 1.36082867197e-10, 2.88026741346e-10, 1.02010767888e-10, 7.85244161361e-11, 1.02815984893e-10, 1.09390038694e-10, 4.94381827143e-11, 4.39700845178e-11, 3.42953720978e-11, 2.01303574504e-11, 7.33748825588e-12, 6.6622323977e-12, 4.74826167968e-12]
    },
    "melbands128": {
