{
"lowlevel": {
    "average_loudness": 0.981131732464,
    "barkbands_crest": {
        "dmean": 1.95912063122,
        "dmean2": 3.27321219444,
        "dvar": 4.16593074799,
        "dvar2": 11.6423654556,
        "max": 20.2994422913,
        "mean": 8.41151618958,
        "median": 8.0248336792,
        "min": 3.33689141273,
        "stdev": 2.48100376129,
        "var": 6.15538024902
    },
    "barkbands_flatness_db": {
        "dmean": 0.0197001956403,
        "dmean2": 0.029744213447,
        "dvar": 0.000365299842088,
        "dvar2": 0.000881894782651,
        "max": 0.219809442759,
        "mean": 0.130371585488,
        "median": 0.132356896996,
        "min": 0.0445993952453,
        "stdev": 0.0332497619092,
        "var": 0.00110554671846
    },
    "barkbands_kurtosis": {
        "dmean": 2.20913553238,
        "dmean2": 3.64014363289,
        "dvar": 11.0012235641,
        "dvar2": 29.9932956696,
        "max": 33.1384429932,
        "mean": 3.36191725731,
        "median": 2.67499876022,
        "min": -1.77693724632,
        "stdev": 3.41284751892,
        "var": 11.6475286484
    },
    "barkbands_skewness": {
        "dmean": 0.43063557148,
        "dmean2": 0.688672184944,
        "dvar": 0.27430716157,
        "dvar2": 0.718755364418,
        "max": 4.93445205688,
        "mean": 1.6576628685,
        "median": 1.59737753868,
        "min": -2.09280610085,
        "stdev": 0.643891870975,
        "var": 0.414596706629
    },
    "barkbands_spread": {
        "dmean": 5.34592723846,
        "dmean2": 8.53589344025,
        "dvar": 72.8462295532,
        "dvar2": 160.811950684,
        "max": 81.8596343994,
        "mean": 19.7324390411,
        "median": 17.0088214874,
        "min": 4.12267446518,
        "stdev": 11.5832462311,
        "var": 134.171600342
    },
    "dissonance": {
        "dmean": 0.0143993264064,
        "dmean2": 0.0237336009741,
        "dvar": 0.000187523488421,
        "dvar2": 0.00044750815141,
        "max": 0.498019933701,
        "mean": 0.461147516966,
        "median": 0.462976574898,
        "min": 0.286049008369,
        "stdev": 0.0198065675795,
        "var": 0.000392300105887
    },
    "dynamic_complexity": 1.31439077854,
    "erbbands_crest": {
        "dmean": 2.16307449341,
        "dmean2": 3.50643730164,
        "dvar": 3.98786330223,
        "dvar2": 9.59248638153,
        "max": 22.8383979797,
        "mean": 8.28988552094,
        "median": 7.14101362228,
        "min": 2.951192379,
        "stdev": 3.84077692032,
        "var": 14.7515668869
    },
    "erbbands_flatness_db": {
        "dmean": 0.0164086893201,
        "dmean2": 0.0217893607914,
        "dvar": 0.000265683804173,
        "dvar2": 0.000444468430942,
        "max": 0.265577286482,
        "mean": 0.145380571485,
        "median": 0.1477252841,
        "min": 0.0641056746244,
        "stdev": 0.0340460501611,
        "var": 0.00115913362242
    },
    "erbbands_kurtosis": {
        "dmean": 0.444127827883,
        "dmean2": 0.69962644577,
        "dvar": 0.196778669953,
        "dvar2": 0.486233651638,
        "max": 3.30766677856,
        "mean": -0.295656383038,
        "median": -0.448943138123,
        "min": -1.56131196022,
        "stdev": 0.729824841022,
        "var": 0.532644271851
    },
    "erbbands_skewness": {
        "dmean": 0.278374761343,
        "dmean2": 0.412851721048,
        "dvar": 0.0667253956199,
        "dvar2": 0.150721549988,
        "max": 1.77354598045,
        "mean": 0.339539438486,
        "median": 0.364801973104,
        "min": -1.6420571804,
        "stdev": 0.505948126316,
        "var": 0.255983531475
    },
    "erbbands_spread": {
        "dmean": 6.68198776245,
        "dmean2": 10.1186161041,
        "dvar": 57.3642234802,
        "dvar2": 122.319145203,
        "max": 98.5335922241,
        "mean": 39.6823234558,
        "median": 37.6227645874,
        "min": 13.6205701828,
        "stdev": 13.0549716949,
        "var": 170.432281494
    },
    "hfc": {
        "dmean": 6.87053442001,
        "dmean2": 9.84277534485,
        "dvar": 129.457305908,
        "dvar2": 262.79107666,
        "max": 129.212524414,
        "mean": 22.5415496826,
        "median": 18.2815036774,
        "min": 1.25494098594e-16,
        "stdev": 16.2468204498,
        "var": 263.95916748
    },
    "loudness_ebu128": {
        "integrated": -10.9468746185,
        "loudness_range": 0.996856689453,
        "momentary": {
            "dmean": 0.398206293583,
            "dmean2": 0.548942446709,
            "dvar": 0.150505751371,
            "dvar2": 0.25151181221,
            "max": -9.06823539734,
            "mean": -11.0324602127,
            "median": -10.9938373566,
            "min": -14.5605010986,
            "stdev": 0.884176015854,
            "var": 0.781767249107
        },
        "short_term": {
            "dmean": 0.0567932277918,
            "dmean2": 0.0816718041897,
            "dvar": 0.00262737437151,
            "dvar2": 0.00462512625381,
            "max": -10.31133461,
            "mean": -10.906165123,
            "median": -10.8566923141,
            "min": -11.7486248016,
            "stdev": 0.32970392704,
            "var": 0.108704671264
        }
    },
    "melbands_crest": {
        "dmean": 2.54102563858,
        "dmean2": 4.29799795151,
        "dvar": 6.3845205307,
        "dvar2": 19.2032470703,
        "max": 23.9088611603,
        "mean": 11.6740074158,
        "median": 11.1590213776,
        "min": 2.35867595673,
        "stdev": 3.13734984398,
        "var": 9.84296417236
    },
    "melbands_flatness_db": {
        "dmean": 0.0228269100189,
        "dmean2": 0.034914560616,
        "dvar": 0.000589126779232,
        "dvar2": 0.0013819137821,
        "max": 0.303634345531,
        "mean": 0.203793182969,
        "median": 0.205288216472,
        "min": 0.00573860527948,
        "stdev": 0.0400908701122,
        "var": 0.00160727777984
    },
    "melbands_kurtosis": {
        "dmean": 5.25068664551,
        "dmean2": 8.72793960571,
        "dvar": 75.9544525146,
        "dvar2": 207.606887817,
        "max": 73.1020507812,
        "mean": 10.489197731,
        "median": 8.41370487213,
        "min": -1.14886939526,
        "stdev": 8.80342197418,
        "var": 77.5002441406
    },
    "melbands_skewness": {
        "dmean": 0.574174702168,
        "dmean2": 0.923260629177,
        "dvar": 0.502900242805,
        "dvar2": 1.33636510372,
        "max": 7.71656990051,
        "mean": 2.58273792267,
        "median": 2.49546504021,
        "min": -0.183413922787,
        "stdev": 0.946207344532,
        "var": 0.895308315754
    },
    "melbands_spread": {
        "dmean": 5.03196287155,
        "dmean2": 8.08487892151,
        "dvar": 63.2252922058,
        "dvar2": 134.715881348,
        "max": 142.101165771,
        "mean": 17.9607448578,
        "median": 15.9270849228,
        "min": 3.27898287773,
        "stdev": 10.3935060501,
        "var": 108.024963379
    },
    "pitch_salience": {
        "dmean": 0.0544154047966,
        "dmean2": 0.0917673707008,
        "dvar": 0.00252230884507,
        "dvar2": 0.00744829000905,
        "max": 0.793862581253,
        "mean": 0.584070265293,
        "median": 0.587913513184,
        "min": 0.296332001686,
        "stdev": 0.0737402662635,
        "var": 0.00543762650341
    },
    "silence_rate_20dB": {
        "dmean": 0,
        "dmean2": 0,
        "dvar": 0,
        "dvar2": 0,
        "max": 1,
        "mean": 1,
        "median": 1,
        "min": 1,
        "stdev": 0,
        "var": 0
    },
    "silence_rate_30dB": {
        "dmean": 0.0386996902525,
        "dmean2": 0.0774593353271,
        "dvar": 0.0372024588287,
        "dvar2": 0.0946958735585,
        "max": 1,
        "mean": 0.972931146622,
        "median": 1,
        "min": 0,
        "stdev": 0.162283435464,
        "var": 0.0263359155506
    },
    "silence_rate_60dB": {
        "dmean": 0.000773993786424,
        "dmean2": 0.00154918665066,
        "dvar": 0.000773391744588,
        "dvar2": 0.00154677091632,
        "max": 1,
        "mean": 0.00154679035768,
        "median": 0,
        "min": 0,
        "stdev": 0.0392987206578,
        "var": 0.00154438940808
    },
    "spectral_centroid": {
        "dmean": 217.687545776,
        "dmean2": 334.544219971,
        "dvar": 156213.203125,
        "dvar2": 249504.59375,
        "max": 10613.5927734,
        "mean": 1033.54296875,
        "median": 917.886535645,
        "min": 358.180969238,
        "stdev": 530.910766602,
        "var": 281866.21875
    },
    "spectral_complexity": {
        "dmean": 3.04179573059,
        "dmean2": 4.74903154373,
        "dvar": 10.3032207489,
        "dvar2": 19.208776474,
        "max": 52,
        "mean": 23.4539833069,
        "median": 23,
        "min": 0,
        "stdev": 5.31167602539,
        "var": 28.2139015198
    },
    "spectral_decrease": {
        "dmean": 3.77535114282e-09,
        "dmean2": 6.31269481133e-09,
        "dvar": 5.10744621367e-17,
        "dvar2": 1.37249592413e-16,
        "max": 1.68772984553e-28,
        "mean": -9.94335547233e-09,
        "median": -8.58456061792e-09,
        "min": -5.65048736689e-08,
        "stdev": 6.65503563368e-09,
        "var": 4.42894999274e-17
    },
    "spectral_energy": {
        "dmean": 0.0146711310372,
        "dmean2": 0.0243757385761,
        "dvar": 0.000758087029681,
        "dvar2": 0.00202625780366,
        "max": 0.222291767597,
        "mean": 0.0395731031895,
        "median": 0.0342081561685,
        "min": 1.0745706236e-20,
        "stdev": 0.0259839501232,
        "var": 0.000675165676512
    },
    "spectral_energyband_high": {
        "dmean": 0.000568018469494,
        "dmean2": 0.000783943920396,
        "dvar": 1.8320450863e-06,
        "dvar2": 3.68636483472e-06,
        "max": 0.0190579798073,
        "mean": 0.000900554994587,
        "median": 0.000263018533587,
        "min": 7.98997098899e-21,
        "stdev": 0.00195266830269,
        "var": 3.81291351914e-06
    },
    "spectral_energyband_low": {
        "dmean": 0.00644404767081,
        "dmean2": 0.011513276957,
        "dvar": 0.000294287194265,
        "dvar2": 0.000831066223327,
        "max": 0.168602928519,
        "mean": 0.0127361780033,
        "median": 0.00940349511802,
        "min": 9.80729610964e-23,
        "stdev": 0.0143425790593,
        "var": 0.000205709569855
    },
    "spectral_energyband_middle_high": {
        "dmean": 0.00103100913111,
        "dmean2": 0.0015407766914,
        "dvar": 1.21416724141e-06,
        "dvar2": 2.61954573944e-06,
        "max": 0.0148983383551,
        "mean": 0.00466209696606,
        "median": 0.0041703148745,
        "min": 1.35609990931e-21,
        "stdev": 0.00204798439518,
        "var": 4.19423986386e-06
    },
    "spectral_energyband_middle_low": {
        "dmean": 0.00997926201671,
        "dmean2": 0.0162987709045,
        "dvar": 0.000461615651147,
        "dvar2": 0.0012421469437,
        "max": 0.204330161214,
        "mean": 0.0225652176887,
        "median": 0.0189258325845,
        "min": 1.94612679516e-22,
        "stdev": 0.0199077688158,
        "var": 0.000396319257561
    },
    "spectral_entropy": {
        "dmean": 0.157453551888,
        "dmean2": 0.225475117564,
        "dvar": 0.0305511187762,
        "dvar2": 0.0564159229398,
        "max": 9.78626251221,
        "mean": 7.52473974228,
        "median": 7.48027420044,
        "min": 6.67681217194,
        "stdev": 0.319221585989,
        "var": 0.101902417839
    },
    "spectral_flux": {
        "dmean": 0.0298813823611,
        "dmean2": 0.0466593839228,
        "dvar": 0.00199942337349,
        "dvar2": 0.00367265637033,
        "max": 0.395669311285,
        "mean": 0.0890620648861,
        "median": 0.0724396556616,
        "min": 1.03661496054e-10,
        "stdev": 0.0584042146802,
        "var": 0.0034110522829
    },
    "spectral_kurtosis": {
        "dmean": 1.62767267227,
        "dmean2": 2.5508389473,
        "dvar": 2.8132686615,
        "dvar2": 7.23817586899,
        "max": 17.2599277496,
        "mean": 5.21399688721,
        "median": 4.94241523743,
        "min": -1.22001230717,
        "stdev": 2.6421790123,
        "var": 6.98111009598
    },
    "spectral_rms": {
        "dmean": 0.000986274098977,
        "dmean2": 0.00157610327005,
        "dvar": 2.15914474211e-06,
        "dvar2": 5.49029255126e-06,
        "max": 0.0147265074775,
        "mean": 0.00599761959165,
        "median": 0.00577700696886,
        "min": 3.23784120175e-12,
        "stdev": 0.00162372656632,
        "var": 2.63648780674e-06
    },
    "spectral_rolloff": {
        "dmean": 427.297302246,
        "dmean2": 723.256225586,
        "dvar": 1020329.9375,
        "dvar2": 2054654.25,
        "max": 19293.75,
        "mean": 1030.5456543,
        "median": 753.662109375,
        "min": 150.732421875,
        "stdev": 1138.20703125,
        "var": 1295515.375
    },
    "spectral_skewness": {
        "dmean": 0.208325490355,
        "dmean2": 0.316667050123,
        "dvar": 0.0441365092993,
        "dvar2": 0.0947061777115,
        "max": 2.79737615585,
        "mean": 1.71236121655,
        "median": 1.7439879179,
        "min": 0.0461277626455,
        "stdev": 0.387149095535,
        "var": 0.149884432554
    },
    "spectral_spread": {
        "dmean": 679992.25,
        "dmean2": 884149.625,
        "dvar": 1.76498304614e+12,
        "dvar2": 2.2927483863e+12,
        "max": 41717476,
        "mean": 4410852,
        "median": 4055283.25,
        "min": 1855722.125,
        "stdev": 1721293.625,
        "var": 2.96285162701e+12
    },
    "spectral_strongpeak": {
        "dmean": 0.4318998456,
        "dmean2": 0.729963779449,
        "dvar": 0.274467885494,
        "dvar2": 0.638889908791,
        "max": 4.00232696533,
        "mean": 0.873806118965,
        "median": 0.597127556801,
        "min": 3.99991151312e-09,
        "stdev": 0.797759711742,
        "var": 0.636420547962
    },
    "zerocrossingrate": {
        "dmean": 0.00986728724092,
        "dmean2": 0.0122781367972,
        "dvar": 0.000333191506797,
        "dvar2": 0.000397116848035,
        "max": 0.51220703125,
        "mean": 0.0493624769151,
        "median": 0.0419921875,
        "min": 0.0107421875,
        "stdev": 0.0275362264365,
        "var": 0.000758243724704
    },
    "barkbands": {
        "dmean": [0.000154412147822, 0.00303919194266, 0.00325980433263, 0.00198994623497, 0.00641419785097, 0.00187629403081, 0.00130513729528, 0.00122217705939, 0.000362734688679, 0.000265293667326, 0.000194490232388, 0.000449884741101, 0.00023030549346, 0.00023815484019, 0.000236869338551, 0.000141002761666, 0.000157720511197, 0.000137799230288, 9.75993389147e-05, 9.91357082967e-05, 0.000173193722731, 0.000106073821371, 9.51660986175e-05, 8.19993438199e-05, 8.24148446554e-05, 4.39619761892e-05, 2.35950551541e-06],
        "dmean2": [0.000266109011136, 0.00520407222211, 0.00597381265834, 0.00348131451756, 0.010985407047, 0.00289905583486, 0.00197769352235, 0.00179578072857, 0.000554915633984, 0.000403071491746, 0.000284227717202, 0.000705705373548, 0.000362000399036, 0.000374566850951, 0.000362694438081, 0.000220194357098, 0.000239085726207, 0.000219176348764, 0.000160600393428, 0.00015273221652, 0.000249264179729, 0.000155644491315, 0.000141273310874, 0.000123124889797, 0.000123945486848, 6.64777762722e-05, 3.73317266167e-06],
        "dvar": [2.47909042628e-07, 7.69280159147e-05, 7.17918883311e-05, 1.27835382955e-05, 0.000289964547846, 7.98565815785e-06, 5.07551612827e-06, 4.60812134406e-06, 6.43964312985e-07, 1.79209905582e-07, 8.40328695517e-08, 3.14128442369e-07, 1.04717820193e-07, 8.34379250136e-08, 1.34443197908e-07, 2.53444607523e-08, 3.76964450766e-08, 3.50077833389e-08, 2.62764316972e-08, 6.80590801494e-08, 3.21126890412e-07, 8.07441367101e-08, 6.15831510231e-08, 4.7029544703e-08, 3.64416372634e-08, 1.00556798444e-08, 4.08307103406e-11],
        "dvar2": [6.80886216742e-07, 0.000213924140553, 0.00021175891743, 3.64864754374e-05, 0.000806969415862, 2.01273051061e-05, 1.12180450742e-05, 9.8384116427e-06, 1.57348677021e-06, 3.91810829115e-07, 1.97395451096e-07, 7.61687942941e-07, 2.86259847826e-07, 2.06259414881e-07, 3.20584263136e-07, 6.14832842416e-08, 8.39310843048e-08, 7.24538935515e-08, 6.62137296104e-08, 1.61451268355e-07, 6.88756983891e-07, 1.65496999216e-07, 1.39351243433e-07, 1.0904621206e-07, 8.74021068853e-08, 2.36285710997e-08, 1.03428050846e-10],
        "max": [0.00589152658358, 0.0715736448765, 0.120203793049, 0.0311385393143, 0.161858350039, 0.037332393229, 0.0257606934756, 0.0255667865276, 0.0119194518775, 0.00609289482236, 0.00518858293071, 0.0077952099964, 0.00526410154998, 0.00419122632593, 0.00526710506529, 0.0020924010314, 0.00466237636283, 0.00338767538778, 0.00184898776934, 0.00518360268325, 0.0101852798834, 0.00426755705848, 0.00336277089082, 0.0027437468525, 0.00246201083064, 0.00108182255644, 0.000116172624985],
        "mean": [0.000276933074929, 0.00740818260238, 0.0038783994969, 0.00276048760861, 0.00873043481261, 0.00479133147746, 0.00291327293962, 0.00240350374952, 0.000691933208145, 0.000584633031394, 0.000369752524421, 0.000918777135666, 0.000577006780077, 0.000505850359332, 0.000513184117153, 0.00032662099693, 0.000420789670898, 0.000293911143672, 0.000216034633922, 0.000172823449248, 0.000257785519352, 0.000155804969836, 0.000128409839817, 0.000121521217807, 0.000105205312138, 4.8359419452e-05, 2.17176943806e-06],
        "median": [4.38096321886e-05, 0.00612649600953, 0.00236667296849, 0.00150976213627, 0.00539319217205, 0.00353167485446, 0.00105145340785, 0.00113029545173, 0.000346065266058, 0.000396874558646, 0.000234553546761, 0.00063004984986, 0.000480169808725, 0.000382969185011, 0.000336131663062, 0.000266731425654, 0.000330494105583, 0.000207176388358, 0.000162916156114, 8.8529974164e-05, 6.15864846623e-05, 3.26080153172e-05, 3.25643413817e-05, 4.41721858806e-05, 2.68779258477e-05, 5.21344827575e-06, 9.24348455555e-08],
        "min": [1.48373313566e-23, 5.7870274338e-23, 2.78052643163e-23, 2.04392424816e-23, 3.01768894308e-23, 1.44083819285e-23, 4.81578283393e-23, 1.95785021484e-23, 6.1340927844e-23, 3.41849591616e-23, 6.2291271732e-23, 6.09831131592e-23, 7.03384923132e-23, 9.33066824397e-23, 1.39768242107e-22, 1.2785005582e-22, 2.23685965162e-22, 1.96306988657e-22, 1.38616126532e-22, 4.25053603811e-22, 4.24951922796e-22, 5.27894408664e-22, 5.58995167811e-22, 8.73083784917e-22, 1.15950486651e-21, 1.65337369747e-21, 2.80877618435e-21],
        "stdev": [0.000488167483127, 0.00737091200426, 0.00683883670717, 0.00361512834206, 0.0143202850595, 0.00410356605425, 0.00444436771795, 0.00350613100454, 0.00110548932571, 0.00068307237234, 0.00044754560804, 0.000937376345973, 0.000430653832154, 0.000448961887741, 0.000558856118005, 0.000232586418861, 0.000356416014256, 0.000318672886351, 0.000190387378098, 0.000309637980536, 0.000750243896618, 0.000405507453252, 0.000304950459395, 0.000249867181992, 0.000217368637095, 0.000108832020487, 6.17074101683e-06],
        "var": [2.38307478639e-07, 5.43303431186e-05, 4.6769684559e-05, 1.30691523736e-05, 0.000205070566153, 1.68392543856e-05, 1.97524059331e-05, 1.22929550344e-05, 1.22210667541e-06, 4.66587835035e-07, 2.00297066044e-07, 8.78674370597e-07, 1.85462724289e-07, 2.01566777491e-07, 3.12320139528e-07, 5.40964393281e-08, 1.27032365071e-07, 1.01552402043e-07, 3.62473535631e-08, 9.58756842806e-08, 5.62865920983e-07, 1.6443630102e-07, 9.2994781653e-08, 6.24336138344e-08, 4.72491237247e-08, 1.18444090091e-08, 3.807804419e-11]
    },
    "erbbands": {
        "dmean": [0.0712342709303, 0.794916987419, 3.49032473564, 4.99852991104, 17.1421985626, 22.4136447906, 16.1829872131, 13.6846561432, 20.9620895386, 19.0803604126, 27.7604942322, 9.29619026184, 8.84782218933, 7.0668053627, 6.47354888916, 22.1456699371, 9.74025058746, 13.896314621, 13.7672080994, 6.53431558609, 8.32059001923, 6.25973939896, 7.08036994934, 4.98104810715, 5.16971492767, 4.79066753387, 6.2629404068, 6.26619148254, 3.84828782082, 3.37866663933, 2.53438067436, 1.78024733067, 1.3925536871, 0.909756660461, 0.616380274296, 0.285212576389, 0.0588573887944, 0.00856211595237, 0.00027019935078, 2.19842404476e-05],
        "dmean2": [0.119071543217, 1.40160822868, 6.41167974472, 8.86619758606, 29.0543403625, 38.6111679077, 24.9651279449, 21.9917621613, 31.8516197205, 28.8328266144, 41.9925613403, 13.9635229111, 13.8798074722, 10.3561201096, 9.76603031158, 34.6401062012, 15.0050487518, 22.424495697, 21.055847168, 9.96300315857, 12.6520557404, 9.72329044342, 11.3741502762, 7.8115530014, 8.5035867691, 7.28167438507, 9.34915924072, 9.11868286133, 5.68854570389, 4.8642873764, 3.81434345245, 2.64379692078, 2.13912200928, 1.3599896431, 0.96006757021, 0.439579248428, 0.0869449973106, 0.0128911267966, 0.000415227550548, 3.34825963364e-05],
        "dvar": [0.0442518033087, 5.33567476273, 80.0982284546, 94.7301483154, 2061.40625, 3560.20385742, 771.940185547, 539.640075684, 1338.66491699, 1655.38122559, 2379.78125, 461.320098877, 208.441711426, 185.980514526, 92.2133483887, 772.460449219, 130.023117065, 314.47454834, 537.973754883, 64.1613693237, 77.7001037598, 49.4359474182, 99.3917160034, 45.0422058105, 105.302635193, 191.146347046, 339.098297119, 458.984436035, 113.724685669, 70.9805679321, 45.2758560181, 24.3503074646, 13.7161636353, 5.09275388718, 2.0285089016, 0.440075337887, 0.0183533187956, 0.00035887141712, 4.10914111626e-07, 1.39681488598e-09],
        "dvar2": [0.116015918553, 15.3118391037, 234.387298584, 276.168487549, 5746.57568359, 9935.73535156, 1982.796875, 1367.23876953, 3000.91186523, 3604.15136719, 4902.74755859, 1099.61486816, 510.145233154, 416.605682373, 214.192855835, 1852.56738281, 326.251037598, 866.975524902, 1304.17907715, 151.721801758, 172.772964478, 110.496208191, 200.642425537, 104.05216217, 264.300750732, 460.713104248, 769.914672852, 922.80682373, 224.885894775, 149.641937256, 104.576385498, 54.4840545654, 33.3635520935, 12.2661409378, 4.95357084274, 1.05167210102, 0.0437511429191, 0.000837931700516, 9.9431201761e-07, 3.25687521396e-09],
        "max": [2.08504962921, 19.0454444885, 109.348152161, 124.862861633, 410.570922852, 629.848510742, 361.794708252, 338.213928223, 506.719573975, 547.022766113, 650.997558594, 381.074890137, 178.528244019, 225.096115112, 210.822509766, 395.904998779, 201.278091431, 194.608825684, 352.286071777, 121.889045715, 165.346343994, 147.589767456, 198.786483765, 92.1170272827, 144.570770264, 301.199523926, 339.720275879, 406.272369385, 161.453826904, 138.243865967, 103.295417786, 64.5970535278, 54.321762085, 27.9534187317, 17.8798179626, 6.65623807907, 1.84906697273, 0.236903086305, 0.00915004126728, 0.000314569333568],
        "mean": [0.200982064009, 1.68048298359, 4.5312666893, 7.11608839035, 21.8417682648, 27.4295787811, 37.2067337036, 31.4894561768, 38.8748321533, 50.593662262, 55.7628631592, 19.7565441132, 19.1583366394, 17.1012611389, 14.638343811, 46.4145393372, 28.7353897095, 30.0819835663, 30.8948726654, 17.5071296692, 23.9261188507, 19.1809177399, 16.7493000031, 12.1314735413, 10.4762954712, 8.33979129791, 9.51272583008, 9.23490333557, 5.68550634384, 4.89457416534, 3.36483287811, 2.47689652443, 2.05540919304, 1.19927763939, 0.745999693871, 0.314154237509, 0.0655867233872, 0.00912115629762, 0.000290336465696, 5.51244556846e-05],
        "median": [0.167630732059, 1.34399223328, 3.00732374191, 4.38594532013, 10.6096029282, 15.2259473801, 23.4709033966, 20.5284061432, 22.2815303802, 14.5184984207, 28.5701293945, 10.6724700928, 12.8317222595, 10.9311246872, 11.1504306793, 31.7420043945, 25.025636673, 23.9389591217, 19.5567245483, 13.7397155762, 20.6228847504, 16.1197414398, 11.9305810928, 9.39145469666, 7.2535572052, 4.16340732574, 2.76068019867, 1.99745905399, 1.10532855988, 1.17577600479, 0.862429618835, 0.756009399891, 0.748916506767, 0.329265296459, 0.170334815979, 0.039610657841, 0.00720359990373, 0.000770916289184, 3.99050913984e-05, 4.33833010902e-05],
        "min": [7.95234194516e-22, 1.57005536482e-20, 4.20506796355e-20, 3.90613393747e-20, 1.21430346567e-19, 6.62018881361e-20, 9.06480285303e-20, 1.4001714663e-19, 6.07085584237e-19, 4.83540007596e-19, 5.09076675768e-19, 1.32809741007e-18, 1.05835184777e-18, 2.6722731433e-18, 1.73849996906e-18, 2.73062267051e-18, 3.48088934137e-18, 3.57103383016e-18, 6.06941789227e-18, 8.68859017615e-18, 7.14723505761e-18, 1.1120578932e-17, 1.23798241027e-17, 7.44543697716e-18, 9.76287528027e-18, 2.07570833486e-17, 2.07210579785e-17, 1.46342163539e-17, 1.88218430203e-17, 1.63020937102e-17, 1.6027621948e-17, 1.47585730328e-17, 1.7024579727e-17, 1.2682430759e-17, 8.8563672198e-18, 7.2424013599e-18, 2.92118605848e-18, 1.10569201461e-18, 3.77023960118e-19, 4.49174679188e-20],
        "stdev": [0.217593312263, 1.83979618549, 7.24571609497, 8.91136455536, 39.0430870056, 50.3057556152, 41.7758331299, 32.2618370056, 48.5474052429, 95.5916900635, 81.9431762695, 30.3573570251, 20.8440151215, 21.2069034576, 13.1453104019, 47.2711639404, 17.1510334015, 23.2934207916, 36.5780334473, 13.2083921432, 14.7307481766, 13.4101762772, 17.4260234833, 9.4977016449, 11.4410419464, 15.8073358536, 22.8575210571, 30.6074256897, 15.2802267075, 11.7081947327, 8.02915477753, 5.60099458694, 4.20045137405, 2.57262635231, 1.54788601398, 0.709678947926, 0.146504476666, 0.0205468405038, 0.000664946739562, 4.20312644565e-05],
        "var": [0.0473468489945, 3.38484978676, 52.5004005432, 79.4124221802, 1524.36254883, 2530.66918945, 1745.22021484, 1040.8260498, 2356.85058594, 9137.77050781, 6714.68457031, 921.569091797, 434.472991943, 449.732788086, 172.799194336, 2234.56298828, 294.157928467, 542.583435059, 1337.95239258, 174.461624146, 216.994949341, 179.832839966, 303.666290283, 90.2063293457, 130.89743042, 249.871856689, 522.466247559, 936.814453125, 233.485336304, 137.081817627, 64.4673233032, 31.3711414337, 17.6437931061, 6.61840581894, 2.39595127106, 0.503644168377, 0.0214635599405, 0.000422172684921, 4.42154203029e-07, 1.7666272889e-09]
    },
    "gfcc": {
        "mean": [34.1548042297, 112.827880859, -113.06930542, 34.2726211548, -50.8477249146, 14.5662221909, -46.7018470764, 8.69769096375, -25.4826316833, 6.94196224213, -10.0252904892, -0.132631167769, -9.55972385406],
        "cov": [[2829.61328125, -889.746887207, 372.493621826, 76.6422119141, -392.144744873, 183.516647339, -155.64390564, 83.6212844849, -142.70791626, 104.562980652, -184.602249146, 78.2060623169, -161.578933716], [-889.746887207, 1061.2611084, -424.891937256, -107.655982971, 239.985321045, -191.576461792, 81.4258956909, -25.086648941, 125.754814148, -102.745231628, 174.61656189, -120.859169006, 110.514007568], [372.493621826, -424.891937256, 315.210968018, 10.5325918198, -65.5129852295, 71.9518966675, -48.1055488586, 16.5297908783, -63.4698257446, 51.7751235962, -87.6052246094, 57.3727493286, -66.1901092529], [76.6422119141, -107.655982971, 10.5325918198, 153.850250244, -17.1371002197, 31.7030467987, -3.21646881104, -54.3663520813, -9.38050937653, -15.4128913879, -7.52863407135, 9.98457336426, 6.05419158936], [-392.144744873, 239.985321045, -65.5129852295, -17.1371002197, 188.300643921, -45.6707572937, 46.2957077026, -20.4695930481, 0.679623305798, -12.4816617966, 24.4987506866, 2.92631578445, 24.7378940582], [183.516647339, -191.576461792, 71.9518966675, 31.7030467987, -45.6707572937, 129.232574463, -14.5277805328, 29.8086147308, -11.8993549347, 3.92095899582, -14.8427753448, 3.62337756157, -20.6220188141], [-155.64390564, 81.4258956909, -48.1055488586, -3.21646881104, 46.2957077026, -14.5277805328, 96.9064941406, -10.053609848, 2.82865405083, 7.56168746948, -3.8032078743, 7.32883930206, 14.9108047485], [83.6212844849, -25.086648941, 16.5297908783, -54.3663520813, -20.4695930481, 29.8086147308, -10.053609848, 99.2595062256, 27.1847362518, 16.0325889587, 8.591132164, -14.3693990707, -14.4008741379], [-142.70791626, 125.754814148, -63.4698257446, -9.38050937653, 0.679623305798, -11.8993549347, 2.82865405083, 27.1847362518, 93.1133270264, 2.98420071602, 40.7801704407, -27.3670959473, 4.18639039993], [104.562980652, -102.745231628, 51.7751235962, -15.4128913879, -12.4816617966, 3.92095899582, 7.56168746948, 16.0325889587, 2.98420071602, 73.3283081055, -9.18497562408, 20.3641834259, -11.7128601074], [-184.602249146, 174.61656189, -87.6052246094, -7.52863407135, 24.4987506866, -14.8427753448, -3.8032078743, 8.591132164, 40.7801704407, -9.18497562408, 96.1267547607, -6.2058968544, 28.4871044159], [78.2060623169, -120.859169006, 57.3727493286, 9.98457336426, 2.92631578445, 3.62337756157, 7.32883930206, -14.3693990707, -27.3670959473, 20.3641834259, -6.2058968544, 81.0584259033, 5.2117857933], [-161.578933716, 110.514007568, -66.1901092529, 6.05419158936, 24.7378940582, -20.6220188141, 14.9108047485, -14.4008741379, 4.18639039993, -11.7128601074, 28.4871044159, 5.2117857933, 58.7023735046]],
        "icov": [[0.000842276844196, -0.000929800618906, 0.000252601399552, -0.00108102243394, 0.00183993787505, -0.000688260828611, 0.00108877231833, -0.00118309399113, 0.00162970286328, -0.00152990035713, 0.00152844307013, -0.00165676570032, 0.00186508230399], [-0.000929800618906, 0.00850968249142, 0.00178882584441, 0.00531436316669, -0.00703044282272, 0.00513948174194, -0.00356630794704, 0.00364464521408, -0.00532951997593, 0.00706271920353, -0.00787770934403, 0.00884768366814, -0.00571599556133], [0.000252601399552, 0.00178882584441, 0.00917691458017, 0.000604692322668, -0.000904544838704, -0.00133989064489, 0.00348954740912, -0.000530899385922, 0.00159191398416, -0.00252444460057, 0.00337717728689, -0.00332551752217, 0.00454574124888], [-0.00108102243394, 0.00531436316669, 0.000604692322668, 0.0136342067271, -0.00435124756768, -0.000682490004692, -0.00251194019802, 0.00976273231208, -0.00607680855319, 0.00609648181126, -0.00493676308542, 0.00539784692228, -0.00551152089611], [0.00183993787505, -0.00703044282272, -0.000904544838704, -0.00435124756768, 0.0143157178536, -0.00289110396989, 0.00083074165741, -0.0033946132753, 0.00673038745299, -0.00578403938562, 0.00565320067108, -0.00837362464517, 0.00600265385583], [-0.000688260828611, 0.00513948174194, -0.00133989064489, -0.000682490004692, -0.00289110396989, 0.0149214658886, -0.00356349395588, -0.00317749404348, -0.00143534038216, 0.00585457496345, -0.00640313373879, 0.00627756305039, -0.00260415649973], [0.00108877231833, -0.00356630794704, 0.00348954740912, -0.00251194019802, 0.00083074165741, -0.00356349395588, 0.0165919680148, -0.00177311571315, 0.00237277033739, -0.00717351073399, 0.00873029138893, -0.00709911575541, 0.00244627892971], [-0.00118309399113, 0.00364464521408, -0.000530899385922, 0.00976273231208, -0.0033946132753, -0.00317749404348, -0.00177311571315, 0.0203423313797, -0.00819838419557, 0.00199709343724, -0.00514571322128, 0.00631229532883, -0.00304853962734], [0.00162970286328, -0.00532951997593, 0.00159191398416, -0.00607680855319, 0.00673038745299, -0.00143534038216, 0.00237277033739, -0.00819838419557, 0.0221322998405, -0.00829757843167, -5.85293528275e-05, -0.00270693656057, 0.00802122242749], [-0.00152990035713, 0.00706271920353, -0.00252444460057, 0.00609648181126, -0.00578403938562, 0.00585457496345, -0.00717351073399, 0.00199709343724, -0.00829757843167, 0.0250193681568, -0.00793898943812, 0.00462858378887, -0.00515089696273], [0.00152844307013, -0.00787770934403, 0.00337717728689, -0.00493676308542, 0.00565320067108, -0.00640313373879, 0.00873029138893, -0.00514571322128, -5.85293528275e-05, -0.00793898943812, 0.0266009122133, -0.0127319348976, 0.00188481202349], [-0.00165676570032, 0.00884768366814, -0.00332551752217, 0.00539784692228, -0.00837362464517, 0.00627756305039, -0.00709911575541, 0.00631229532883, -0.00270693656057, 0.00462858378887, -0.0127319348976, 0.028296533972, -0.0116547700018], [0.00186508230399, -0.00571599556133, 0.00454574124888, -0.00551152089611, 0.00600265385583, -0.00260415649973, 0.00244627892971, -0.00304853962734, 0.00802122242749, -0.00515089696273, 0.00188481202349, -0.0116547700018, 0.0323303863406]]
    },
    "melbands": {
        "dmean": [0.000727189122699, 0.00148382270709, 0.00115671125241, 0.00152436969802, 0.000595477409661, 0.000335428165272, 0.000302297528833, 0.000211046964978, 0.000204141295399, 5.17851549375e-05, 4.39573195763e-05, 2.91974447464e-05, 2.6122899726e-05, 5.08012199134e-05, 3.08119124384e-05, 2.63695274043e-05, 2.58117524936e-05, 2.27335058298e-05, 1.17796334962e-05, 9.71760891844e-06, 1.10154060167e-05, 8.51790264278e-06, 6.86643579684e-06, 7.30594229026e-06, 4.20605920226e-06, 3.95298775402e-06, 3.58206557394e-06, 3.30529087478e-06, 3.96645327783e-06, 4.94290179631e-06, 3.15342822432e-06, 2.22658195526e-06, 2.13793782677e-06, 1.90482694506e-06, 1.51520771396e-06, 1.32732873226e-06, 1.05821197849e-06, 1.00152624327e-06, 9.30661769871e-07, 7.38914422982e-07],
        "dmean2": [0.00121145509183, 0.00270991050638, 0.0020073459018, 0.00262530241162, 0.000947075721342, 0.000527192198206, 0.000456935988041, 0.000319559738273, 0.000310925359372, 7.9033736256e-05, 6.87731007929e-05, 4.25877151429e-05, 3.81487225241e-05, 8.06501120678e-05, 4.65372249892e-05, 4.25561811426e-05, 4.14678142988e-05, 3.47826935467e-05, 1.80898114195e-05, 1.51100184667e-05, 1.66670906765e-05, 1.31970764414e-05, 1.14666063382e-05, 1.11706576718e-05, 6.7985424721e-06, 6.65777679387e-06, 5.64908259548e-06, 5.28545842826e-06, 6.12804433331e-06, 7.4615199992e-06, 4.71426301374e-06, 3.36556468028e-06, 3.15477041113e-06, 2.79056803265e-06, 2.32038746617e-06, 2.02443061426e-06, 1.57313399995e-06, 1.57156432579e-06, 1.41817736221e-06, 1.11763176847e-06],
        "dvar": [4.37388507635e-06, 1.57009617396e-05, 5.05559000885e-06, 1.90671362361e-05, 1.03995762402e-06, 2.8371840699e-07, 2.44955941753e-07, 1.86552000514e-07, 1.26778886056e-07, 1.59299435865e-08, 5.05376140936e-09, 3.29684968214e-09, 1.35542521651e-09, 4.00175359516e-09, 1.47406842288e-09, 1.1240001152e-09, 1.0251279825e-09, 1.5117950225e-09, 3.05694719538e-10, 1.21923957042e-10, 1.52379539542e-10, 8.80988615393e-11, 7.042020439e-11, 1.46544082424e-10, 3.21613916054e-11, 5.1580410082e-11, 7.23819407189e-11, 1.23737325941e-10, 1.0571853809e-10, 3.85997650509e-10, 1.0281970414e-10, 3.93248419939e-11, 3.39788509829e-11, 2.25770947077e-11, 1.73612547949e-11, 1.38167151331e-11, 7.99051536743e-12, 7.42311680874e-12, 5.98534416474e-12, 3.22788844265e-12],
        "dvar2": [1.17665676953e-05, 4.57547721453e-05, 1.43030620166e-05, 5.30014804099e-05, 2.79123287328e-06, 6.93674962804e-07, 5.42785528523e-07, 4.16098401956e-07, 2.62964420017e-07, 3.80225060326e-08, 1.23659296136e-08, 7.2163865994e-09, 3.16442116954e-09, 1.00899608668e-08, 3.3560845214e-09, 3.23075588504e-09, 2.77140799199e-09, 3.56253826439e-09, 7.095528054e-10, 2.84619744439e-10, 3.19331644461e-10, 2.12457912374e-10, 1.61020613509e-10, 2.94585994487e-10, 7.60654941812e-11, 1.32545988074e-10, 1.75166436911e-10, 3.18429865809e-10, 2.46676928883e-10, 9.21047071945e-10, 1.98837821208e-10, 8.40799443957e-11, 7.23554133275e-11, 5.05714740917e-11, 4.2138292855e-11, 3.12558069704e-11, 1.77134504981e-11, 1.84489905991e-11, 1.4361368865e-11, 7.86701953581e-12],
        "max": [0.0170989632607, 0.041988927871, 0.0181197505444, 0.0408474504948, 0.0128168733791, 0.00718960165977, 0.00646159565076, 0.00654456205666, 0.00498120579869, 0.00234136707149, 0.000884058012161, 0.000939363555517, 0.000495261047035, 0.000860126921907, 0.000641653430648, 0.000496192253195, 0.000346136977896, 0.000694399292115, 0.000372431823052, 0.000130007611006, 0.000280028616544, 0.000182749688975, 0.000189099024283, 0.000244377675699, 8.14575832919e-05, 8.96077981452e-05, 0.000141770608025, 0.000236218198552, 0.00015498342691, 0.000394855363993, 0.000161233270774, 9.81463381322e-05, 9.53100752668e-05, 7.48907987145e-05, 6.98322764947e-05, 4.45038167527e-05, 4.00401986553e-05, 4.01321849495e-05, 3.17247395287e-05, 2.16999578697e-05],
        "mean": [0.00190805504099, 0.00231792405248, 0.00166504015215, 0.00185406510718, 0.00123650778551, 0.000787812226918, 0.000609777111094, 0.000527459545992, 0.000399634853238, 0.000104557337181, 9.25546410144e-05, 6.77451098454e-05, 4.91566715937e-05, 0.000100862387626, 7.54644279368e-05, 6.68867287459e-05, 5.15681604156e-05, 4.87246579723e-05, 2.71501576208e-05, 2.36720334215e-05, 3.00562733173e-05, 2.22073103942e-05, 1.57760750881e-05, 1.41155987876e-05, 9.26030497794e-06, 7.69102371123e-06, 6.78164315104e-06, 5.0646026466e-06, 5.82734764976e-06, 6.48515197099e-06, 4.70113445772e-06, 3.09269580612e-06, 3.02878697767e-06, 2.63400534095e-06, 1.96729502022e-06, 1.65025551269e-06, 1.46392005718e-06, 1.45514025007e-06, 1.29527563786e-06, 9.10646576813e-07],
        "median": [0.00168121827301, 0.00166726415046, 0.00102635694202, 0.000981641816907, 0.00081208726624, 0.000530415796675, 0.000328959053149, 0.000166423356859, 0.000195178654394, 5.27385636815e-05, 6.20987266302e-05, 4.11817418353e-05, 3.21589286614e-05, 6.84993647155e-05, 5.94149896642e-05, 5.68001778447e-05, 4.05806895287e-05, 2.96106300084e-05, 1.94139229279e-05, 1.93702489923e-05, 2.51721321547e-05, 1.81947543751e-05, 1.19549285955e-05, 8.61154512677e-06, 7.16632075637e-06, 5.52893152417e-06, 4.10787652072e-06, 2.24923428505e-06, 1.78088509983e-06, 1.26993199956e-06, 1.05791139049e-06, 6.25326890713e-07, 5.80198218358e-07, 6.63673120016e-07, 4.8164463351e-07, 4.19924930384e-07, 4.67873746857e-07, 5.41175381841e-07, 4.16472460074e-07, 2.11550457152e-07],
        "min": [1.24339829896e-23, 2.16707143081e-23, 1.00655259404e-23, 7.15802287978e-24, 3.17304113553e-24, 3.00157807626e-24, 9.97413403798e-24, 5.31159729565e-24, 4.044805011e-24, 9.26834649696e-24, 4.88202821731e-24, 1.04778777351e-23, 6.60500140851e-24, 6.20466712088e-24, 8.54523557047e-24, 5.94985045457e-24, 6.94308510438e-24, 9.82477032532e-24, 1.20030251216e-23, 9.30022673273e-24, 7.95723758438e-24, 8.27195364252e-24, 1.89917758061e-23, 7.45445708644e-24, 5.47155501583e-24, 6.39465243699e-24, 1.02073899525e-23, 1.4408815802e-23, 1.37547980468e-23, 8.71874868202e-24, 8.32620124039e-24, 9.85743389996e-24, 1.14196451273e-23, 7.83050155793e-24, 8.79919750599e-24, 9.37631078931e-24, 9.32037739569e-24, 1.22356602026e-23, 1.08519792422e-23, 1.10202416955e-23],
        "stdev": [0.00189898954704, 0.00317302555777, 0.0020442858804, 0.00363961351104, 0.00130987644661, 0.000769738457166, 0.000722204335034, 0.000903569976799, 0.000600451836362, 0.000178499161848, 0.000102274061646, 9.06197747099e-05, 5.50500772079e-05, 0.000104126549559, 6.06319044891e-05, 4.51236664958e-05, 4.29252904723e-05, 6.19733764324e-05, 2.56713465205e-05, 1.68698879861e-05, 2.10832040466e-05, 1.67958642123e-05, 1.43817924254e-05, 1.93528758246e-05, 7.5265020314e-06, 7.99791723693e-06, 9.27423843677e-06, 1.1867214198e-05, 1.24269436128e-05, 2.33693463088e-05, 1.51498970808e-05, 8.50619562698e-06, 7.84511394158e-06, 6.27641475148e-06, 4.87173701913e-06, 4.11233395425e-06, 3.24148959407e-06, 3.01007685266e-06, 2.78807192444e-06, 2.01873808692e-06],
        "var": [3.60616127182e-06, 1.00680917967e-05, 4.17910496253e-06, 1.32467866933e-05, 1.71577619312e-06, 5.9249731521e-07, 5.21579067936e-07, 8.16438728179e-07, 3.60542429689e-07, 3.18619512996e-08, 1.04599839901e-08, 8.2119431255e-09, 3.03051095329e-09, 1.08423376943e-08, 3.67622776665e-09, 2.0361452524e-09, 1.84258064362e-09, 3.84069931414e-09, 6.59018006832e-10, 2.84593099087e-10, 4.44501518926e-10, 2.82101036975e-10, 2.06835965022e-10, 3.74533820624e-10, 5.66482312447e-11, 6.39666861146e-11, 8.60115034751e-11, 1.40830763717e-10, 1.54428927979e-10, 5.46126310841e-10, 2.29519375727e-10, 7.23553647552e-11, 6.15458170539e-11, 3.93933809184e-11, 2.37338204645e-11, 1.69112900766e-11, 1.05072547885e-11, 9.06056306371e-12, 7.77334446811e-12, 4.07530346275e-12]
    },
    "melbands128": {
