{
"lowlevel": {
    "average_loudness": 0.979201197624,
    "barkbands_crest": {
        "dmean": 2.16187119484,
        "dmean2": 3.18380641937,
        "dvar": 4.84880161285,
        "dvar2": 10.3781061172,
        "max": 24.8511619568,
        "mean": 13.839931488,
        "median": 13.1092185974,
        "min": 3.22880077362,
        "stdev": 4.20317268372,
        "var": 17.6666622162
    },
    "barkbands_flatness_db": {
        "dmean": 0.0337697342038,
        "dmean2": 0.048058476299,
        "dvar": 0.00109981943388,
        "dvar2": 0.00207586376928,
        "max": 0.43190574646,
        "mean": 0.153200849891,
        "median": 0.138750702143,
        "min": 0.0485047884285,
        "stdev": 0.0592647232115,
        "var": 0.00351230730303
    },
    "barkbands_kurtosis": {
        "dmean": 7.95464515686,
        "dmean2": 12.2238397598,
        "dvar": 337.416412354,
        "dvar2": 776.102783203,
        "max": 213.348571777,
        "mean": 8.66446971893,
        "median": 2.15755033493,
        "min": -1.87196946144,
        "stdev": 20.5634384155,
        "var": 422.854980469
    },
    "barkbands_skewness": {
        "dmean": 0.878786802292,
        "dmean2": 1.312687397,
        "dvar": 1.32141673565,
        "dvar2": 2.81500554085,
        "max": 11.5120897293,
        "mean": 2.20729017258,
        "median": 1.68765461445,
        "min": -2.74103212357,
        "stdev": 1.7852730751,
        "var": 3.18719983101
    },
    "barkbands_spread": {
        "dmean": 10.572511673,
        "dmean2": 14.9581975937,
        "dvar": 106.810554504,
        "dvar2": 194.44770813,
        "max": 109.886695862,
        "mean": 32.5919265747,
        "median": 30.631155014,
        "min": 0.827572107315,
        "stdev": 18.4203987122,
        "var": 339.311065674
    },
    "dissonance": {
        "dmean": 0.0216540899128,
        "dmean2": 0.0346264280379,
        "dvar": 0.000662001548335,
        "dvar2": 0.00154514983296,
        "max": 0.499576687813,
        "mean": 0.461541444063,
        "median": 0.472396433353,
        "min": 0.0995599851012,
        "stdev": 0.0346699953079,
        "var": 0.00120200857054
    },
    "dynamic_complexity": 1.88655245304,
    "erbbands_crest": {
        "dmean": 2.97238636017,
        "dmean2": 4.61494159698,
        "dvar": 8.81255817413,
        "dvar2": 20.2297344208,
        "max": 26.8843574524,
        "mean": 9.00192260742,
        "median": 7.69919013977,
        "min": 2.42533230782,
        "stdev": 4.66987228394,
        "var": 21.8077087402
    },
    "erbbands_flatness_db": {
        "dmean": 0.0208447128534,
        "dmean2": 0.0311237219721,
        "dvar": 0.000423825375037,
        "dvar2": 0.000871608208399,
        "max": 0.264255434275,
        "mean": 0.120973415673,
        "median": 0.116050601006,
        "min": 0.0631133913994,
        "stdev": 0.0324670597911,
        "var": 0.0010541100055
    },
    "erbbands_kurtosis": {
        "dmean": 1.32081103325,
        "dmean2": 2.10993504524,
        "dvar": 4.62160348892,
        "dvar2": 10.9831552505,
        "max": 30.8510284424,
        "mean": 0.51985424757,
        "median": -0.207536458969,
        "min": -1.76118957996,
        "stdev": 2.48714256287,
        "var": 6.18587827682
    },
    "erbbands_skewness": {
        "dmean": 0.517729699612,
        "dmean2": 0.752635776997,
        "dvar": 0.309669852257,
        "dvar2": 0.62698084116,
        "max": 3.79485988617,
        "mean": 0.220792159438,
        "median": 0.229122579098,
        "min": -3.81950855255,
        "stdev": 0.917920589447,
        "var": 0.842578172684
    },
    "erbbands_spread": {
        "dmean": 17.3371658325,
        "dmean2": 26.6749858856,
        "dvar": 343.912567139,
        "dvar2": 828.397460938,
        "max": 186.601119995,
        "mean": 57.4501571655,
        "median": 52.9515953064,
        "min": 5.71487474442,
        "stdev": 27.5733184814,
        "var": 760.287841797
    },
    "hfc": {
        "dmean": 14.1348953247,
        "dmean2": 20.5666370392,
        "dvar": 214.460388184,
        "dvar2": 447.078369141,
        "max": 129.087936401,
        "mean": 35.4212760925,
        "median": 32.580291748,
        "min": 1.19550428699e-16,
        "stdev": 21.9680938721,
        "var": 482.597167969
    },
    "loudness_ebu128": {
        "integrated": -8.02271938324,
        "loudness_range": 0.866424560547,
        "momentary": {
            "dmean": 0.356217473745,
            "dmean2": 0.492357581854,
            "dvar": 0.0908150300384,
            "dvar2": 0.15308482945,
            "max": -6.48615217209,
            "mean": -8.15939331055,
            "median": -7.88825178146,
            "min": -14.4655666351,
            "stdev": 1.19613170624,
            "var": 1.43073105812
        },
        "short_term": {
            "dmean": 0.0615552850068,
            "dmean2": 0.0914921537042,
            "dvar": 0.00187477271538,
            "dvar2": 0.00392073951662,
            "max": -7.24876880646,
            "mean": -7.90318155289,
            "median": -7.84054374695,
            "min": -9.33996105194,
            "stdev": 0.377484172583,
            "var": 0.142494305968
        }
    },
    "melbands_crest": {
        "dmean": 2.3111975193,
        "dmean2": 3.74412441254,
        "dvar": 7.39202642441,
        "dvar2": 19.6993103027,
        "max": 30.3716144562,
        "mean": 18.4747657776,
        "median": 18.435338974,
        "min": 2.51316928864,
        "stdev": 4.36431360245,
        "var": 19.0472335815
    },
    "melbands_flatness_db": {
        "dmean": 0.0395421311259,
        "dmean2": 0.0552337020636,
        "dvar": 0.00152133801021,
        "dvar2": 0.00278091896325,
        "max": 0.528794169426,
        "mean": 0.218241676688,
        "median": 0.202925264835,
        "min": 0.00667432043701,
        "stdev": 0.0742956921458,
        "var": 0.00551985017955
    },
    "melbands_kurtosis": {
        "dmean": 24.7680740356,
        "dmean2": 39.4864082336,
        "dvar": 2470.85009766,
        "dvar2": 5933.83740234,
        "max": 664.825500488,
        "mean": 37.923500061,
        "median": 16.7872104645,
        "min": -1.8101913929,
        "stdev": 62.8429718018,
        "var": 3949.23901367
    },
    "melbands_skewness": {
        "dmean": 1.41168820858,
        "dmean2": 2.16752123833,
        "dvar": 2.87424755096,
        "dvar2": 7.04522371292,
        "max": 20.5046920776,
        "mean": 4.38307476044,
        "median": 3.52524852753,
        "min": -0.247326657176,
        "stdev": 2.93864560127,
        "var": 8.63563728333
    },
    "melbands_spread": {
        "dmean": 7.92412424088,
        "dmean2": 11.3974618912,
        "dvar": 126.578971863,
        "dvar2": 246.522537231,
        "max": 225.784866333,
        "mean": 22.3729248047,
        "median": 20.5924377441,
        "min": 0.560063898563,
        "stdev": 16.987745285,
        "var": 288.583465576
    },
    "pitch_salience": {
        "dmean": 0.0776727125049,
        "dmean2": 0.124030672014,
        "dvar": 0.00789574719965,
        "dvar2": 0.0203737802804,
        "max": 0.811483860016,
        "mean": 0.408631503582,
        "median": 0.408019781113,
        "min": 0.100141808391,
        "stdev": 0.125508502126,
        "var": 0.0157523844391
    },
    "silence_rate_20dB": {
        "dmean": 0,
        "dmean2": 0,
        "dvar": 0,
        "dvar2": 0,
        "max": 1,
        "mean": 1,
        "median": 1,
        "min": 1,
        "stdev": 0,
        "var": 0
    },
    "silence_rate_30dB": {
        "dmean": 0.0030959751457,
        "dmean2": 0.00619674660265,
        "dvar": 0.00308634527028,
        "dvar2": 0.00925652775913,
        "max": 1,
        "mean": 0.998453199863,
        "median": 1,
        "min": 0,
        "stdev": 0.0392987281084,
        "var": 0.00154438999016
    },
    "silence_rate_60dB": {
        "dmean": 0.00232198135927,
        "dmean2": 0.00464755995199,
        "dvar": 0.0023166751489,
        "dvar2": 0.00617501186207,
        "max": 1,
        "mean": 0.00232018553652,
        "median": 0,
        "min": 0,
        "stdev": 0.0481133684516,
        "var": 0.00231489608996
    },
    "spectral_centroid": {
        "dmean": 440.124420166,
        "dmean2": 620.891296387,
        "dvar": 265253.6875,
        "dvar2": 434365.03125,
        "max": 10932.6728516,
        "mean": 1595.84509277,
        "median": 1560.5111084,
        "min": 144.363327026,
        "stdev": 790.903442383,
        "var": 625528.25
    },
    "spectral_complexity": {
        "dmean": 6.10758495331,
        "dmean2": 8.59643650055,
        "dvar": 41.3419761658,
        "dvar2": 66.9983139038,
        "max": 59,
        "mean": 18.6589336395,
        "median": 17,
        "min": 0,
        "stdev": 11.0188856125,
        "var": 121.415847778
    },
    "spectral_decrease": {
        "dmean": 3.31213678706e-09,
        "dmean2": 5.60013502238e-09,
        "dvar": 3.15256795592e-17,
        "dvar2": 8.49779186888e-17,
        "max": 5.0283379685e-29,
        "mean": -1.09020268368e-08,
        "median": -1.00569019779e-08,
        "min": -3.89093131048e-08,
        "stdev": 5.57314683292e-09,
        "var": 3.10599636394e-17
    },
    "spectral_energy": {
        "dmean": 0.0133431730792,
        "dmean2": 0.0223842468113,
        "dvar": 0.000482740695588,
        "dvar2": 0.0012935922714,
        "max": 0.153941765428,
        "mean": 0.0443596057594,
        "median": 0.0412251390517,
        "min": 1.06537946762e-20,
        "stdev": 0.0219653118402,
        "var": 0.000482474948512
    },
    "spectral_energyband_high": {
        "dmean": 0.00127933348995,
        "dmean2": 0.0018378511304,
        "dvar": 1.80478241418e-06,
        "dvar2": 3.56714826921e-06,
        "max": 0.0128090130165,
        "mean": 0.00247654528357,
        "median": 0.00192445807625,
        "min": 7.87179482911e-21,
        "stdev": 0.0020942017436,
        "var": 4.38568076788e-06
    },
    "spectral_energyband_low": {
        "dmean": 0.00664375536144,
        "dmean2": 0.0113618867472,
        "dvar": 0.000146636011777,
        "dvar2": 0.000444575154688,
        "max": 0.0975321829319,
        "mean": 0.0244180653244,
        "median": 0.022506153211,
        "min": 3.05553817377e-23,
        "stdev": 0.0130841964856,
        "var": 0.000171196195879
    },
    "spectral_energyband_middle_high": {
        "dmean": 0.00226521515287,
        "dmean2": 0.00314200040884,
        "dvar": 7.09729556547e-06,
        "dvar2": 1.40671909321e-05,
        "max": 0.0336479134858,
        "mean": 0.0056284526363,
        "median": 0.00425677932799,
        "min": 1.46583432348e-21,
        "stdev": 0.00520745990798,
        "var": 2.71176377282e-05
    },
    "spectral_energyband_middle_low": {
        "dmean": 0.0104285692796,
        "dmean2": 0.0182407554239,
        "dvar": 0.000445984012913,
        "dvar2": 0.0012431840878,
        "max": 0.130428656936,
        "mean": 0.0132540855557,
        "median": 0.00709533598274,
        "min": 2.96492475081e-22,
        "stdev": 0.0183210000396,
        "var": 0.000335659016855
    },
    "spectral_entropy": {
        "dmean": 0.281223356724,
        "dmean2": 0.415108472109,
        "dvar": 0.0953760966659,
        "dvar2": 0.173542171717,
        "max": 9.81326007843,
        "mean": 7.85369920731,
        "median": 7.93901824951,
        "min": 5.63349151611,
        "stdev": 0.43674737215,
        "var": 0.190748259425
    },
    "spectral_flux": {
        "dmean": 0.0396700240672,
        "dmean2": 0.0613535121083,
        "dvar": 0.00289851543494,
        "dvar2": 0.00457697128877,
        "max": 0.361901849508,
        "mean": 0.101022616029,
        "median": 0.0752140730619,
        "min": 1.03217219494e-10,
        "stdev": 0.0715683847666,
        "var": 0.0051220334135
    },
    "spectral_kurtosis": {
        "dmean": 1.00390744209,
        "dmean2": 1.59537184238,
        "dvar": 1.72016859055,
        "dvar2": 3.91766691208,
        "max": 17.105096817,
        "mean": 1.83724057674,
        "median": 1.67278242111,
        "min": -1.58079659939,
        "stdev": 1.56908833981,
        "var": 2.46203804016
    },
    "spectral_rms": {
        "dmean": 0.000907562847715,
        "dmean2": 0.00147222983651,
        "dvar": 1.78754009994e-06,
        "dvar2": 4.56030602436e-06,
        "max": 0.0122550837696,
        "mean": 0.00639399606735,
        "median": 0.00634189648554,
        "min": 3.2239642813e-12,
        "stdev": 0.00154742808081,
        "var": 2.39453379436e-06
    },
    "spectral_rolloff": {
        "dmean": 779.796447754,
        "dmean2": 1270.7265625,
        "dvar": 1952449.625,
        "dvar2": 3804181,
        "max": 18949.21875,
        "mean": 1527.55883789,
        "median": 1033.59375,
        "min": 86.1328125,
        "stdev": 1788.38879395,
        "var": 3198334.5
    },
    "spectral_skewness": {
        "dmean": 0.245563805103,
        "dmean2": 0.383383125067,
        "dvar": 0.0821660161018,
        "dvar2": 0.165029346943,
        "max": 3.5664768219,
        "mean": 1.1886600256,
        "median": 1.17321288586,
        "min": -0.108734808862,
        "stdev": 0.403468817472,
        "var": 0.162787079811
    },
    "spectral_spread": {
        "dmean": 1293273.5,
        "dmean2": 1850478,
        "dvar": 2.53648725606e+12,
        "dvar2": 4.05227831296e+12,
        "max": 41269644,
        "mean": 7114098,
        "median": 6633781,
        "min": 2240699.25,
        "stdev": 2398478.5,
        "var": 5.75269869978e+12
    },
    "spectral_strongpeak": {
        "dmean": 0.245586946607,
        "dmean2": 0.434780180454,
        "dvar": 0.604659795761,
        "dvar2": 1.57544922829,
        "max": 12.3263454437,
        "mean": 0.669806420803,
        "median": 0.449108541012,
        "min": 0,
        "stdev": 0.855004251003,
        "var": 0.731032311916
    },
    "zerocrossingrate": {
        "dmean": 0.0161968022585,
        "dmean2": 0.0187192130834,
        "dvar": 0.000367553438991,
        "dvar2": 0.000416358030634,
        "max": 0.50537109375,
        "mean": 0.0675093233585,
        "median": 0.06396484375,
        "min": 0.00048828125,
        "stdev": 0.0355563275516,
        "var": 0.00126425235067
    },
    "barkbands": {
        "dmean": [3.24351458403e-05, 0.0034366468899, 0.0037493428681, 0.00387374870479, 0.00436910474673, 0.00158220285084, 0.000698700489011, 0.000987418578006, 0.00115913059562, 0.000454228691524, 0.000733340333682, 0.000380492885597, 0.000328638590872, 0.000184585966053, 0.000251068471698, 0.000326361798216, 0.000258146203123, 0.000336702825734, 0.000264850066742, 0.000174027882167, 0.000234615697991, 0.000263511843514, 0.000230069199461, 0.000301213905914, 0.000316111225402, 0.000126159371575, 4.61503123006e-06],
        "dmean2": [5.83466389799e-05, 0.00420950492844, 0.00704198377207, 0.00740405544639, 0.00810236111283, 0.00257187429816, 0.0011213257676, 0.00168267113622, 0.00176488526631, 0.000691507419106, 0.00109529227484, 0.000563568086363, 0.00048666112707, 0.000274847348919, 0.000393075315515, 0.000516737636644, 0.000408340623835, 0.000522197748069, 0.00039841994294, 0.000254524464253, 0.000344684172887, 0.000401211553253, 0.000359633180778, 0.000436659756815, 0.000465348566649, 0.000192896754015, 7.85214615462e-06],
        "dvar": [5.20649079405e-09, 1.67706275533e-05, 8.43194211484e-05, 0.000107167732494, 0.000121441094961, 7.75745775172e-06, 5.93754020883e-06, 6.5076210376e-06, 6.07405627306e-06, 1.66863287632e-06, 1.76794594609e-06, 7.00346220128e-07, 2.34780742403e-07, 2.30706291404e-07, 1.52769402462e-07, 4.13475447658e-07, 1.27484312884e-07, 3.70994257537e-07, 1.8032318394e-07, 6.76065923244e-08, 8.52060964007e-08, 9.55812566872e-08, 8.16311498397e-08, 1.51111137825e-07, 1.58991880994e-07, 3.21776312262e-08, 5.43270532727e-11],
        "dvar2": [1.43776066608e-08, 3.57334356522e-05, 0.000241224217461, 0.000308027578285, 0.000342721177731, 1.84167674888e-05, 1.49479710672e-05, 1.69539125636e-05, 1.27424509628e-05, 3.66155359188e-06, 3.40428346135e-06, 1.38963753216e-06, 4.95940980727e-07, 4.9430332183e-07, 3.80991309612e-07, 9.71991426013e-07, 2.88693144057e-07, 8.29360260468e-07, 3.70145272655e-07, 1.44271851354e-07, 1.78582382659e-07, 2.21225747055e-07, 1.83819807376e-07, 2.76307190461e-07, 3.01171297679e-07, 7.27494580133e-08, 1.42366604616e-10],
        "max": [0.000871688418556, 0.0471856817603, 0.0598951391876, 0.0637371763587, 0.0764473974705, 0.0270404126495, 0.0350952111185, 0.0339879021049, 0.0346588529646, 0.0169559512287, 0.0263420268893, 0.0191447809339, 0.00711645744741, 0.0111960088834, 0.00640328414738, 0.0103884441778, 0.00590721704066, 0.0111197577789, 0.0044881128706, 0.00306751811877, 0.00349960010499, 0.00484718428925, 0.00257676793262, 0.00575240142643, 0.00474751321599, 0.00161367061082, 5.53366189706e-05],
        "mean": [6.68315478833e-05, 0.0180602055043, 0.00495993625373, 0.00265289866365, 0.00351672829129, 0.00235227867961, 0.00118726375513, 0.00146808463614, 0.00189310160931, 0.000729511899408, 0.00140438240487, 0.000622259278316, 0.000455415662145, 0.000285232847091, 0.000384774932172, 0.000446254678536, 0.000349841691786, 0.00049302080879, 0.000398005242459, 0.000295956007903, 0.000411082874052, 0.000440205971245, 0.000346081651514, 0.000461753399577, 0.000502926646732, 0.000171192339621, 4.39499308413e-06],
        "median": [7.27351607566e-06, 0.0179465562105, 0.00257915444672, 0.000518603890669, 0.000730185129214, 0.000756280554924, 6.23706146143e-05, 4.19073512603e-05, 0.000569656665903, 5.86178975936e-05, 0.000410313776229, 0.00017341793864, 0.000204469819437, 8.42195440782e-05, 0.000222788978135, 0.000251452060184, 0.000217027991312, 0.000242156238528, 0.00022749202617, 0.000221153211896, 0.000289168558083, 0.000300264306134, 0.000214325758861, 0.000288834620733, 0.000299000996165, 7.00725140632e-05, 1.71863143805e-06],
        "min": [1.56355670848e-23, 4.49252104561e-24, 1.25877935112e-23, 1.33289441089e-23, 2.87162535114e-23, 2.29229095105e-23, 2.78318489288e-23, 1.05667426005e-22, 6.85215752545e-23, 6.05068620535e-23, 4.24962998403e-23, 8.69690685905e-23, 7.59872097111e-23, 8.7128885499e-23, 1.43293667803e-22, 2.01691058998e-22, 2.11100415171e-22, 2.8691504736e-22, 1.84634510454e-22, 2.78959694364e-22, 3.69480738553e-22, 5.63971782028e-22, 6.13479581724e-22, 9.25377816087e-22, 1.36471785497e-21, 1.54708522967e-21, 2.484205335e-21],
        "stdev": [0.000115044516861, 0.0087417466566, 0.00744953611866, 0.0078013446182, 0.00881655234843, 0.00361766596325, 0.00375216291286, 0.00423709442839, 0.00371680338867, 0.00201946310699, 0.00266003562137, 0.00140561943408, 0.000654729548842, 0.000731769134291, 0.000585121219046, 0.000773372186814, 0.000468538317364, 0.000841142784338, 0.000539804983418, 0.000338667479809, 0.000428670959082, 0.000471245439257, 0.000365783518646, 0.000571645563468, 0.000610310817137, 0.000233263330301, 7.15903706805e-06],
        "var": [1.32352413473e-08, 7.64181313571e-05, 5.54955877305e-05, 6.08609807387e-05, 7.77315872256e-05, 1.30875077957e-05, 1.40787260534e-05, 1.79529688467e-05, 1.38146278914e-05, 4.07823108617e-06, 7.0757901085e-06, 1.97576605387e-06, 4.28670745123e-07, 5.35486037734e-07, 3.42366831774e-07, 5.98104577421e-07, 2.19528160983e-07, 7.07521223831e-07, 2.91389426366e-07, 1.14695666298e-07, 1.83758800176e-07, 2.22072259248e-07, 1.33797584567e-07, 3.26778632598e-07, 3.72479291855e-07, 5.44117817469e-08, 5.12518118223e-11]
    },
    "erbbands": {
        "dmean": [0.0506427176297, 0.895767450333, 3.45272278786, 9.59683799744, 14.9360456467, 13.9283390045, 10.3624458313, 15.5846786499, 9.82670783997, 13.3434019089, 22.5439605713, 28.0542488098, 18.491191864, 15.6599340439, 31.2028713226, 12.0158395767, 15.1830377579, 8.44484519958, 15.5770864487, 11.683300972, 15.5907688141, 14.2447919846, 18.5096588135, 16.6099586487, 11.1205339432, 8.08771038055, 10.0010528564, 8.54662513733, 8.72859573364, 9.1432056427, 6.5806145668, 5.88914775848, 5.55906534195, 4.53709459305, 1.69329416752, 0.767418682575, 0.186397686601, 0.020162185654, 0.000518016342539, 3.36807097483e-05],
        "dmean2": [0.0672391951084, 1.09597551823, 6.25467538834, 18.1504611969, 28.5192222595, 25.2128410339, 18.057308197, 24.6204833984, 15.4811296463, 21.6892566681, 39.3320579529, 42.1604614258, 28.209941864, 22.9917163849, 47.5249443054, 17.2933998108, 21.9200897217, 12.1207027435, 23.2961158752, 18.553319931, 24.4415531158, 21.7938785553, 28.7091617584, 25.0084838867, 16.8472118378, 11.808763504, 14.9001121521, 12.8032989502, 13.3132295609, 14.0738954544, 10.2948503494, 8.75834560394, 8.08245754242, 6.74337053299, 2.49245500565, 1.17030608654, 0.29055339098, 0.0322683900595, 0.000838508887682, 5.31445984961e-05],
        "dvar": [0.00529832206666, 1.23982405663, 55.1646957397, 641.41595459, 1579.34240723, 1159.38134766, 578.374023438, 852.102661133, 830.993896484, 1562.36706543, 3157.4284668, 3780.67773438, 1925.43322754, 1657.18347168, 3081.95581055, 540.524414062, 481.353027344, 364.388977051, 712.151062012, 334.198608398, 958.288391113, 369.669250488, 1393.27978516, 646.59173584, 409.623260498, 173.729705811, 190.69972229, 104.311592102, 102.833618164, 131.671554565, 65.6949157715, 50.7594070435, 65.6671066284, 37.7717475891, 4.431681633, 1.13395166397, 0.0742282196879, 0.000794693478383, 5.21375397966e-07, 1.73721304009e-09],
        "dvar2": [0.00951139163226, 2.71126627922, 160.585876465, 1826.33312988, 4523.37451172, 3246.59594727, 1600.05322266, 1834.26245117, 1908.94287109, 3950.98022461, 8637.45703125, 7970.18359375, 4191.14697266, 3285.42797852, 6002.26318359, 1038.87646484, 1004.5680542, 744.544250488, 1685.66052246, 777.983276367, 2381.33569336, 799.410705566, 3463.43481445, 1457.35559082, 791.956298828, 390.119903564, 405.533050537, 238.590438843, 247.695602417, 316.740844727, 146.557891846, 97.1326828003, 119.199661255, 74.8463668823, 8.50087928772, 2.60252308846, 0.158815830946, 0.00184772105422, 1.23191466628e-06, 4.07063049934e-09],
        "max": [0.950078248978, 13.1921577454, 54.7115020752, 149.616195679, 216.972137451, 280.64364624, 253.877471924, 318.682006836, 471.845245361, 726.869873047, 772.497558594, 847.147644043, 724.133544922, 678.893493652, 1265.80200195, 482.960449219, 305.843566895, 631.166137695, 533.169555664, 279.095001221, 483.355010986, 303.874664307, 740.430297852, 366.202362061, 223.366470337, 161.942062378, 216.876739502, 104.959342957, 80.5094909668, 213.369338989, 67.4586868286, 88.7451400757, 168.998474121, 89.4838638306, 23.4257545471, 10.1139879227, 2.82526874542, 0.313658952713, 0.00668350886554, 0.000314290460665],
        "mean": [0.269348442554, 4.71752023697, 8.15544223785, 6.96533107758, 10.1665639877, 12.0889120102, 12.4657421112, 24.6395931244, 17.8500347137, 23.0192203522, 29.0536327362, 47.1035614014, 32.3256645203, 27.8562412262, 60.1544189453, 22.333486557, 22.0822868347, 13.8072023392, 26.6755008698, 17.4175891876, 21.9562511444, 21.4620685577, 27.3696517944, 23.6019268036, 17.6630153656, 13.3285808563, 17.1545333862, 14.2893619537, 14.6804838181, 14.144572258, 9.86857795715, 9.16882228851, 8.14356422424, 7.06718111038, 2.60598754883, 1.05721032619, 0.247926875949, 0.0247701779008, 0.000659262761474, 8.31737997942e-05],
        "median": [0.203716367483, 4.46758127213, 6.0099196434, 1.63663768768, 2.21222686768, 2.58268761635, 4.50787973404, 6.5436501503, 2.69500541687, 1.67360413074, 3.32432293892, 15.2895441055, 8.14271736145, 6.21231603622, 23.6299571991, 8.49210548401, 9.75716209412, 7.56752634048, 14.6804094315, 11.3289489746, 13.9803752899, 13.7988948822, 13.0142641068, 12.6627368927, 11.0054645538, 10.0493612289, 12.167755127, 9.87507343292, 11.1160545349, 8.83901786804, 6.05628299713, 6.08727788925, 4.65583610535, 3.76180481911, 1.60871088505, 0.489304959774, 0.106103204191, 0.01346822083, 0.000378927768907, 7.01126264175e-05],
        "min": [3.03149602841e-22, 6.87444442375e-22, 9.00990084014e-21, 3.56109073146e-20, 1.00310163707e-19, 8.14238790258e-20, 7.63522020457e-20, 2.30163858473e-19, 3.24580657583e-19, 8.04613832973e-19, 2.72530824187e-18, 1.71947698632e-18, 1.79993529354e-18, 1.66623168049e-18, 2.68973016974e-18, 2.92740025284e-18, 3.29283541257e-18, 4.6493927988e-18, 9.04570555329e-18, 7.93515106085e-18, 9.89558482903e-18, 1.23991817834e-17, 1.33614236192e-17, 1.26159709327e-17, 9.87636197877e-18, 1.35010649414e-17, 1.55458256372e-17, 1.48928658052e-17, 2.18632206966e-17, 1.63781264977e-17, 1.9741464375e-17, 1.67951181707e-17, 1.70865669877e-17, 1.51430333466e-17, 1.01088923751e-17, 6.09434911594e-18, 2.90022406099e-18, 1.27987877742e-18, 3.31348416711e-19, 3.64217672659e-20],
        "stdev": [0.202011168003, 2.56989002228, 7.55921363831, 19.3419418335, 29.908662796, 28.4832401276, 23.9097957611, 41.3231315613, 50.7603988647, 64.1138534546, 75.1249847412, 95.167755127, 65.1553878784, 75.0544204712, 101.367385864, 40.8706130981, 31.513420105, 28.8296432495, 41.5342483521, 23.5450286865, 35.5835800171, 27.7233772278, 47.756816864, 34.0986747742, 25.0226593018, 15.7085361481, 19.2567996979, 14.4767799377, 14.4462184906, 16.7741336823, 10.4542503357, 10.264509201, 11.4332723618, 9.22038173676, 3.15263319016, 1.38922846317, 0.353682935238, 0.0336051434278, 0.000832364021335, 5.03944283992e-05],
        "var": [0.0408085100353, 6.6043343544, 57.1417121887, 374.110687256, 894.528137207, 811.29498291, 571.678344727, 1707.60131836, 2576.61791992, 4110.5859375, 5643.76318359, 9056.90136719, 4245.22412109, 5633.16650391, 10275.3466797, 1670.40698242, 993.095703125, 831.148376465, 1725.09375, 554.368408203, 1266.19104004, 768.585632324, 2280.71362305, 1162.71972656, 626.133483887, 246.758102417, 370.824310303, 209.577163696, 208.693222046, 281.371551514, 109.291343689, 105.360145569, 130.719711304, 85.0154418945, 9.93909549713, 1.92995584011, 0.12509162724, 0.00112930568866, 6.92829871696e-07, 2.53959853147e-09]
    },
    "gfcc": {
        "mean": [41.4749565125, 56.0713577271, -86.6306533813, 48.6237564087, -53.4709663391, 36.7214241028, -34.3572235107, 21.6791706085, -26.7393779755, 7.47160863876, -16.3995628357, 7.74620246887, -6.19190692902],
        "cov": [[4414.07421875, -451.731964111, -851.526916504, -202.659072876, -336.816070557, -77.3464813232, -155.695556641, 87.3545532227, -115.824874878, 61.8692436218, -126.792518616, 53.998664856, -108.133903503], [-451.731964111, 762.344177246, -81.4380874634, -182.18711853, 32.7791824341, -90.8370285034, 55.7129096985, -22.0880908966, 13.5707902908, -2.77936697006, 43.453125, -102.2290802, 54.357711792], [-851.526916504, -81.4380874634, 947.761779785, 113.436218262, 22.4984092712, 33.4463119507, -132.312713623, -55.1919250488, -6.94887876511, -0.947102665901, -63.338760376, -37.9578170776, -70.305557251], [-202.659072876, -182.18711853, 113.436218262, 380.609313965, 111.624771118, -17.0879516602, -11.4910202026, -43.0291290283, 10.1191282272, -69.9304046631, -16.2370128632, 43.4576072693, -17.0766487122], [-336.816070557, 32.7791824341, 22.4984092712, 111.624771118, 281.726470947, 81.1390457153, 60.6330604553, 5.21060705185, -29.536441803, -20.2548961639, -0.553870379925, 6.30916309357, 25.476480484], [-77.3464813232, -90.8370285034, 33.4463119507, -17.0879516602, 81.1390457153, 216.396743774, 74.9166030884, -10.6645956039, -15.2557458878, 6.44911766052, 8.83362007141, -2.53113937378, 8.8315076828], [-155.695556641, 55.7129096985, -132.312713623, -11.4910202026, 60.6330604553, 74.9166030884, 168.12991333, 31.9650917053, 15.7014741898, -2.64217758179, 2.51842069626, -4.41177797318, 14.5837211609], [87.3545532227, -22.0880908966, -55.1919250488, -43.0291290283, 5.21060705185, -10.6645956039, 31.9650917053, 179.434570312, 43.6381835938, 0.0597167722881, 8.68243408203, 4.44831562042, 39.6631622314], [-115.824874878, 13.5707902908, -6.94887876511, 10.1191282272, -29.536441803, -15.2557458878, 15.7014741898, 43.6381835938, 119.89050293, 28.2366733551, 17.2695617676, 7.29859018326, -11.7212057114], [61.8692436218, -2.77936697006, -0.947102665901, -69.9304046631, -20.2548961639, 6.44911766052, -2.64217758179, 0.0597167722881, 28.2366733551, 129.871810913, 57.6403160095, -9.30459308624, -1.82403886318], [-126.792518616, 43.453125, -63.338760376, -16.2370128632, -0.553870379925, 8.83362007141, 2.51842069626, 8.68243408203, 17.2695617676, 57.6403160095, 136.879638672, 36.5140914917, 37.6830749512], [53.998664856, -102.2290802, -37.9578170776, 43.4576072693, 6.30916309357, -2.53113937378, -4.41177797318, 4.44831562042, 7.29859018326, -9.30459308624, 36.5140914917, 117.415534973, 30.4488258362], [-108.133903503, 54.357711792, -70.305557251, -17.0766487122, 25.476480484, 8.8315076828, 14.5837211609, 39.6631622314, -11.7212057114, -1.82403886318, 37.6830749512, 30.4488258362, 132.596176147]],
        "icov": [[0.000551954843104, -0.000169677994563, 0.00076589314267, -0.000395102018956, 0.000732898712158, -0.000719593721442, 0.00114010646939, -0.000911736337002, 0.00111550430302, -0.00115311448462, 0.00127934804186, -0.00075708568329, 0.000822353817057], [-0.000169677994563, 0.0033867075108, -0.000635945471004, 0.00271210703067, -0.00206816452555, 0.00336136901751, -0.00227365712635, 0.00268456223421, -0.00230421847664, 0.00314248772338, -0.00300818029791, 0.00367125496268, -0.00204273452982], [0.00076589314267, -0.000635945471004, 0.00252884626389, -0.00131368101574, 0.00112783932127, -0.00212753587402, 0.00326160318218, -0.00160088029224, 0.00162230792921, -0.00232886406593, 0.00271024997346, -0.00109304429498, 0.00169424724299], [-0.000395102018956, 0.00271210703067, -0.00131368101574, 0.00643942411989, -0.0038918487262, 0.00392274139449, -0.00225257710554, 0.0037889177911, -0.00387130491436, 0.00532089592889, -0.00340014626272, 0.00189304584637, -0.00143782177474], [0.000732898712158, -0.00206816452555, 0.00112783932127, -0.0038918487262, 0.00726989284158, -0.00417908048257, 0.00116580666509, -0.00328875822015, 0.00431483797729, -0.00362887303345, 0.00318529736251, -0.00252469442785, 0.00128541165031], [-0.000719593721442, 0.00336136901751, -0.00212753587402, 0.00392274139449, -0.00417908048257, 0.0104547329247, -0.00642661377788, 0.00436758389696, -0.00278189405799, 0.00416723405942, -0.00476865563542, 0.00387406628579, -0.00280369538814], [0.00114010646939, -0.00227365712635, 0.00326160318218, -0.00225257710554, 0.00116580666509, -0.00642661377788, 0.012823828496, -0.00424936413765, 0.00168525893241, -0.00366962398402, 0.00479046488181, -0.00276971771382, 0.00273893564008], [-0.000911736337002, 0.00268456223421, -0.00160088029224, 0.0037889177911, -0.00328875822015, 0.00436758389696, -0.00424936413765, 0.0106194633991, -0.0064957276918, 0.0050263418816, -0.00385387777351, 0.00380574143492, -0.00485689146444], [0.00111550430302, -0.00230421847664, 0.00162230792921, -0.00387130491436, 0.00431483797729, -0.00278189405799, 0.00168525893241, -0.0064957276918, 0.0147520964965, -0.0068297246471, 0.0035471143201, -0.00427618483081, 0.00451387604699], [-0.00115311448462, 0.00314248772338, -0.00232886406593, 0.00532089592889, -0.00362887303345, 0.00416723405942, -0.00366962398402, 0.0050263418816, -0.0068297246471, 0.0167240314186, -0.0101965619251, 0.00602233735844, -0.00231723673642], [0.00127934804186, -0.00300818029791, 0.00271024997346, -0.00340014626272, 0.00318529736251, -0.00476865563542, 0.00479046488181, -0.00385387777351, 0.0035471143201, -0.0101965619251, 0.0163540709764, -0.00734780076891, 0.000820064626168], [-0.00075708568329, 0.00367125496268, -0.00109304429498, 0.00189304584637, -0.00252469442785, 0.00387406628579, -0.00276971771382, 0.00380574143492, -0.00427618483081, 0.00602233735844, -0.00734780076891, 0.015243967995, -0.00477243447676], [0.000822353817057, -0.00204273452982, 0.00169424724299, -0.00143782177474, 0.00128541165031, -0.00280369538814, 0.00273893564008, -0.00485689146444, 0.00451387604699, -0.00231723673642, 0.000820064626168, -0.00477243447676, 0.0120842643082]]
    },
    "melbands": {
        "dmean": [0.000711147149559, 0.00144449877553, 0.00175448250957, 0.00106000108644, 0.000399522221414, 0.000323028245475, 0.000148969586007, 0.000162417942192, 0.000176962217665, 0.000187368525076, 9.2467686045e-05, 6.32425071672e-05, 9.79833348538e-05, 5.98408587393e-05, 2.44232251134e-05, 3.83166770916e-05, 1.43899169416e-05, 2.70452183031e-05, 1.39655767271e-05, 2.48393589573e-05, 1.81146533578e-05, 1.73659573193e-05, 1.65578876477e-05, 1.3303659216e-05, 1.45186322698e-05, 9.58407599683e-06, 7.25420477465e-06, 5.20595494891e-06, 6.21562185188e-06, 6.28898487776e-06, 4.76833020002e-06, 4.99686257172e-06, 6.11767109149e-06, 4.60283081338e-06, 3.90182322008e-06, 3.59250725523e-06, 3.87125965062e-06, 3.84804661735e-06, 4.28600651503e-06, 3.94345761379e-06],
        "dmean2": [0.000886818859726, 0.00245713279583, 0.00330395740457, 0.0019706718158, 0.00070475670509, 0.000514430110343, 0.000232950114878, 0.000263676949544, 0.000309908034978, 0.000279478554148, 0.000141520125908, 9.33130868361e-05, 0.000148649472976, 8.58226485434e-05, 3.50939881173e-05, 5.68776340515e-05, 2.12742306758e-05, 4.04475613323e-05, 2.19027660933e-05, 3.8995534851e-05, 2.88994451694e-05, 2.7732050512e-05, 2.56423900282e-05, 2.0612445951e-05, 2.21712580242e-05, 1.51022086357e-05, 1.07929126898e-05, 7.93300660007e-06, 9.37842560234e-06, 9.50779758568e-06, 7.26262305761e-06, 7.98156906967e-06, 9.18403202377e-06, 7.26851840227e-06, 6.19543925495e-06, 5.53952486371e-06, 5.84524286751e-06, 5.7088095673e-06, 6.41738324703e-06, 5.98443693889e-06],
        "dvar": [6.95132143846e-07, 7.1424210546e-06, 2.07521370612e-05, 7.36386436984e-06, 8.91166507699e-07, 3.46715609112e-07, 1.99151472202e-07, 1.94670334963e-07, 1.88974453863e-07, 1.81332765692e-07, 4.95873635487e-08, 2.91467294744e-08, 2.90046777707e-08, 1.40783305014e-08, 3.37984995546e-09, 2.91262503005e-09, 1.76652348305e-09, 2.58596699609e-09, 4.90016360821e-10, 2.56162135948e-09, 1.50374757091e-09, 5.95694438221e-10, 1.01824604304e-09, 5.26826304803e-10, 5.36812871932e-10, 2.84540613293e-10, 1.44425832405e-10, 7.11275413567e-11, 8.00481694818e-11, 6.96760288355e-11, 3.42399060493e-11, 3.84692069866e-11, 5.18226364599e-11, 3.59419508045e-11, 2.27973941808e-11, 2.11110434689e-11, 2.3243469649e-11, 3.28136857963e-11, 3.68799019101e-11, 2.96712272807e-11],
        "dvar2": [1.43866338931e-06, 2.11054612009e-05, 5.87305366935e-05, 2.08896435652e-05, 2.47539151133e-06, 7.63969751461e-07, 4.87305158003e-07, 4.81478195979e-07, 5.09617905209e-07, 3.75387571694e-07, 1.0781477755e-07, 5.88291833026e-08, 5.91356759116e-08, 2.81924048551e-08, 5.19242870922e-09, 6.29115604056e-09, 3.5794347486e-09, 5.95313176532e-09, 1.23794574591e-09, 5.72027669676e-09, 3.83758447242e-09, 1.35665356726e-09, 2.51927523287e-09, 1.19791343511e-09, 1.26174204418e-09, 5.76281466991e-10, 3.04619302005e-10, 1.64914540357e-10, 1.72281480748e-10, 1.44776732269e-10, 8.31792343337e-11, 9.93466975352e-11, 1.18577689334e-10, 8.53587617256e-11, 5.26596544148e-11, 4.5750840616e-11, 4.54868642752e-11, 6.09240644045e-11, 7.54310780504e-11, 6.10079070595e-11],
        "max": [0.00894993543625, 0.0220846999437, 0.0270660985261, 0.0176357924938, 0.0104864221066, 0.00625190604478, 0.00609429273754, 0.0070589329116, 0.00578330690041, 0.00591532932594, 0.00350396917202, 0.00272993254475, 0.00362973753363, 0.00278213317506, 0.0016873406712, 0.000977514777333, 0.00138839043211, 0.00100126478355, 0.000308300921461, 0.000983114819974, 0.000633904535789, 0.000302739586914, 0.000526073097717, 0.000439612107584, 0.00034469505772, 0.000177384470589, 0.000136844275403, 0.000109301188786, 0.00011632694077, 0.000116818089737, 5.26624135091e-05, 4.12573062931e-05, 0.000101140838524, 0.000110738546937, 3.43199608324e-05, 4.84883275931e-05, 6.06866524322e-05, 0.000107609266706, 0.000115252718388, 6.93071342539e-05],
        "mean": [0.00379675114527, 0.00514139840379, 0.00131489546038, 0.000797553104348, 0.000474040338304, 0.00051620870363, 0.000260143686319, 0.000282847177004, 0.000213725288631, 0.000314469943987, 0.000156171343406, 0.0001058257767, 0.000183690295671, 0.000108644999273, 3.73132752429e-05, 5.10559984832e-05, 2.1304231268e-05, 4.56247435068e-05, 1.99961468752e-05, 3.32726449415e-05, 2.31029935094e-05, 2.32955862884e-05, 2.37588192249e-05, 2.02040810109e-05, 1.91979124793e-05, 1.37617698783e-05, 1.10940909508e-05, 8.04531464382e-06, 1.03306074379e-05, 1.01864361568e-05, 7.6235069173e-06, 7.89311252447e-06, 9.49153672991e-06, 6.97246287018e-06, 5.49422748009e-06, 5.42293082617e-06, 5.71120881432e-06, 5.47845411347e-06, 6.02887621426e-06, 6.0485845097e-06],
        "median": [0.00396850984544, 0.00482712034136, 0.000321968254866, 0.000166258265381, 0.000165666031535, 0.000143626151839, 3.41127160937e-05, 1.32471386678e-05, 1.95295815502e-05, 9.21500686673e-05, 3.10475516017e-05, 9.07681533135e-06, 6.85679842718e-05, 3.97430449084e-05, 9.83782229014e-06, 2.15753880184e-05, 7.45339411878e-06, 2.23832212214e-05, 1.17576228149e-05, 1.80072074727e-05, 1.23802083181e-05, 1.41200198414e-05, 1.12799289127e-05, 1.03704069261e-05, 9.39646997722e-06, 7.71555824031e-06, 7.04181411493e-06, 5.77000218982e-06, 7.34095465305e-06, 6.68097891321e-06, 5.34303853783e-06, 5.43358328287e-06, 6.24106451141e-06, 4.10195661971e-06, 3.3211704249e-06, 3.64108018402e-06, 3.51855283043e-06, 3.09434449264e-06, 3.27431007463e-06, 3.14592284667e-06],
        "min": [2.87071453234e-24, 3.71896956397e-24, 8.08510247079e-24, 7.02683925555e-24, 2.44121980413e-24, 4.91038185039e-24, 5.46830688105e-24, 9.91309434772e-24, 2.37990200096e-23, 9.83362371126e-24, 8.54031544501e-24, 6.32431483767e-24, 8.25339568972e-24, 1.025181071e-23, 4.92281114282e-24, 8.23068911743e-24, 8.12361071588e-24, 1.46552180835e-23, 8.2576113624e-24, 1.23903029724e-23, 1.13918677571e-23, 1.3448836767e-23, 7.30375467683e-24, 1.85063896911e-23, 9.03267982356e-24, 7.48314243554e-24, 6.85127668337e-24, 9.78018075152e-24, 7.78971271597e-24, 1.21348832219e-23, 7.20546813006e-24, 1.32297148733e-23, 9.21893698303e-24, 8.83932922683e-24, 1.33515828391e-23, 7.39428041001e-24, 1.1046497353e-23, 1.26415780477e-23, 1.05704489846e-23, 1.35510384304e-23],
        "stdev": [0.00172812386882, 0.00351912388578, 0.00350689073093, 0.00210668635555, 0.000930592534132, 0.000825754948892, 0.000733732536901, 0.000788508565165, 0.000550353317522, 0.000657106691506, 0.000337030360242, 0.000300465035252, 0.00030845173751, 0.000198969180929, 0.000106687373773, 7.2019516665e-05, 6.29345595371e-05, 7.69789767219e-05, 2.79264841083e-05, 6.30987706245e-05, 4.2267027311e-05, 3.10928371619e-05, 4.03746016673e-05, 3.32901254296e-05, 2.94203437079e-05, 2.06484019145e-05, 1.52059428729e-05, 9.71252120507e-06, 1.18697644211e-05, 1.21012326417e-05, 7.82505685493e-06, 8.08075401437e-06, 1.03135362224e-05, 8.66838308866e-06, 5.98969563725e-06, 6.04893739364e-06, 6.69974178891e-06, 7.90988815424e-06, 8.3651893874e-06, 8.0050467659e-06],
        "var": [2.98641225527e-06, 1.23842337416e-05, 1.22982828543e-05, 4.43812723461e-06, 8.6600243776e-07, 6.81871256347e-07, 5.38363451597e-07, 6.21745755325e-07, 3.02888793158e-07, 4.31789203503e-07, 1.1358945784e-07, 9.02792365309e-08, 9.51424681261e-08, 3.95887376214e-08, 1.13821956305e-08, 5.18681098072e-09, 3.96075883202e-09, 5.92576254732e-09, 7.79888542635e-10, 3.98145472147e-09, 1.78650150229e-09, 9.66764446275e-10, 1.63010838161e-09, 1.10823250576e-09, 8.65556626373e-10, 4.26356533412e-10, 2.31220695368e-10, 9.43330691339e-11, 1.40891312506e-10, 1.46439832482e-10, 6.12315198545e-11, 6.52985790439e-11, 1.06369038577e-10, 7.51408588129e-11, 3.58764545849e-11, 3.65896410393e-11, 4.48865389302e-11, 6.25663340581e-11, 6.99763927359e-11, 6.40807754082e-11]
    },
    "melbands128": {
