{
"lowlevel": {
    "average_loudness": 0.511548757553,
    "barkbands_crest": {
        "dmean": 2.060744524,
        "dmean2": 3.30465769768,
        "dvar": 4.38064336777,
        "dvar2": 10.9361715317,
        "max": 25.1241779327,
        "mean": 13.7814416885,
        "median": 13.4658899307,
        "min": 4.12983608246,
        "stdev": 4.7516040802,
        "var": 22.5777435303
    },
    "barkbands_flatness_db": {
        "dmean": 0.0210208445787,
        "dmean2": 0.0302217788994,
        "dvar": 0.000422576995334,
        "dvar2": 0.000770657381508,
        "max": 0.506260871887,
        "mean": 0.27001452446,
        "median": 0.265210717916,
        "min": 0.0233939886093,
        "stdev": 0.0777811557055,
        "var": 0.00604990869761
    },
    "barkbands_kurtosis": {
        "dmean": 9.81656932831,
        "dmean2": 15.0891180038,
        "dvar": 294.246551514,
        "dvar2": 668.773498535,
        "max": 247.84173584,
        "mean": 26.6548843384,
        "median": 17.7187042236,
        "min": -1.91749894619,
        "stdev": 32.9631233215,
        "var": 1086.56738281
    },
    "barkbands_skewness": {
        "dmean": 0.762470006943,
        "dmean2": 1.14073812962,
        "dvar": 0.817601323128,
        "dvar2": 1.70630502701,
        "max": 13.2080545425,
        "mean": 3.31850862503,
        "median": 3.17870593071,
        "min": -2.51113772392,
        "stdev": 2.42086815834,
        "var": 5.86060285568
    },
    "barkbands_spread": {
        "dmean": 2.80089783669,
        "dmean2": 4.10055208206,
        "dvar": 49.3214797974,
        "dvar2": 89.5088119507,
        "max": 97.9121017456,
        "mean": 9.27747154236,
        "median": 4.63225507736,
        "min": 0.598469734192,
        "stdev": 15.217300415,
        "var": 231.566223145
    },
    "dissonance": {
        "dmean": 0.0390077121556,
        "dmean2": 0.0660423189402,
        "dvar": 0.00139668781776,
        "dvar2": 0.00386315025389,
        "max": 0.49994418025,
        "mean": 0.4188349545,
        "median": 0.427254498005,
        "min": 0.205587595701,
        "stdev": 0.052416536957,
        "var": 0.00274749333039
    },
    "dynamic_complexity": 4.59865617752,
    "erbbands_crest": {
        "dmean": 2.5713224411,
        "dmean2": 4.06184530258,
        "dvar": 6.14688444138,
        "dvar2": 15.4899482727,
        "max": 27.1896495819,
        "mean": 11.3874158859,
        "median": 10.6688928604,
        "min": 2.36618924141,
        "stdev": 4.67580032349,
        "var": 21.8631076813
    },
    "erbbands_flatness_db": {
        "dmean": 0.0184119679034,
        "dmean2": 0.0264228060842,
        "dvar": 0.000368880631868,
        "dvar2": 0.000669957778882,
        "max": 0.462203830481,
        "mean": 0.207566380501,
        "median": 0.189151898026,
        "min": 0.0501189641654,
        "stdev": 0.0849913433194,
        "var": 0.00722352880985
    },
    "erbbands_kurtosis": {
        "dmean": 2.25199699402,
        "dmean2": 3.42931771278,
        "dvar": 9.81121444702,
        "dvar2": 22.279050827,
        "max": 57.3860626221,
        "mean": 5.00830554962,
        "median": 3.99358606339,
        "min": -1.87914168835,
        "stdev": 5.60903024673,
        "var": 31.4612216949
    },
    "erbbands_skewness": {
        "dmean": 0.425311118364,
        "dmean2": 0.620940387249,
        "dvar": 0.172748371959,
        "dvar2": 0.33524364233,
        "max": 6.32084321976,
        "mean": 1.30053007603,
        "median": 1.4239320755,
        "min": -2.99677062035,
        "stdev": 1.2248660326,
        "var": 1.50029683113
    },
    "erbbands_spread": {
        "dmean": 9.00559234619,
        "dmean2": 12.6955366135,
        "dvar": 201.057449341,
        "dvar2": 330.902587891,
        "max": 175.716674805,
        "mean": 33.3334197998,
        "median": 21.27526474,
        "min": 1.72463464737,
        "stdev": 32.5374183655,
        "var": 1058.68359375
    },
    "hfc": {
        "dmean": 3.01200532913,
        "dmean2": 4.12508010864,
        "dvar": 48.1795654297,
        "dvar2": 62.2763977051,
        "max": 278.52645874,
        "mean": 12.8084335327,
        "median": 9.30842208862,
        "min": 1.12748661488e-16,
        "stdev": 17.0551452637,
        "var": 290.877990723
    },
    "loudness_ebu128": {
        "integrated": -13.0554437637,
        "loudness_range": 8.96642494202,
        "momentary": {
            "dmean": 0.605173826218,
            "dmean2": 0.623625814915,
            "dvar": 0.450374662876,
            "dvar2": 0.549018502235,
            "max": -9.24516105652,
            "mean": -15.7780342102,
            "median": -15.755033493,
            "min": -29.7940921783,
            "stdev": 5.15827083588,
            "var": 26.6077575684
        },
        "short_term": {
            "dmean": 0.124845422804,
            "dmean2": 0.0804056748748,
            "dvar": 0.0154047366232,
            "dvar2": 0.0106689790264,
            "max": -10.2126302719,
            "mean": -14.957201004,
            "median": -15.7651805878,
            "min": -21.604467392,
            "stdev": 3.56492781639,
            "var": 12.7087106705
        }
    },
    "melbands_crest": {
        "dmean": 2.46202850342,
        "dmean2": 4.04000282288,
        "dvar": 5.9577589035,
        "dvar2": 15.0338191986,
        "max": 30.3070850372,
        "mean": 17.0549945831,
        "median": 17.1200847626,
        "min": 2.19215393066,
        "stdev": 5.46408319473,
        "var": 29.8562030792
    },
    "melbands_flatness_db": {
        "dmean": 0.0222926456481,
        "dmean2": 0.0311134159565,
        "dvar": 0.000533540616743,
        "dvar2": 0.000923015759327,
        "max": 0.642359137535,
        "mean": 0.370332211256,
        "median": 0.367527812719,
        "min": 0.00793818663806,
        "stdev": 0.1011268273,
        "var": 0.0102266352624
    },
    "melbands_kurtosis": {
        "dmean": 16.6265182495,
        "dmean2": 25.3884716034,
        "dvar": 904.437011719,
        "dvar2": 1754.99035645,
        "max": 448.202301025,
        "mean": 42.7457962036,
        "median": 22.0372219086,
        "min": -1.72182416916,
        "stdev": 60.3085212708,
        "var": 3637.11791992
    },
    "melbands_skewness": {
        "dmean": 0.891513884068,
        "dmean2": 1.32055473328,
        "dvar": 1.26869177818,
        "dvar2": 2.26187229156,
        "max": 17.0249214172,
        "mean": 3.7248775959,
        "median": 3.04784274101,
        "min": -1.31968390942,
        "stdev": 2.79375433922,
        "var": 7.80506372452
    },
    "melbands_spread": {
        "dmean": 3.08645677567,
        "dmean2": 4.47186040878,
        "dvar": 97.0713577271,
        "dvar2": 175.701644897,
        "max": 190.139556885,
        "mean": 8.98635196686,
        "median": 4.6356754303,
        "min": 0.630515217781,
        "stdev": 18.9505653381,
        "var": 359.123901367
    },
    "pitch_salience": {
        "dmean": 0.060044337064,
        "dmean2": 0.0979499816895,
        "dvar": 0.00315185147338,
        "dvar2": 0.00745323346928,
        "max": 0.828230917454,
        "mean": 0.487441688776,
        "median": 0.485583335161,
        "min": 0.168125584722,
        "stdev": 0.12457292527,
        "var": 0.0155184129253
    },
    "silence_rate_20dB": {
        "dmean": 0,
        "dmean2": 0,
        "dvar": 0,
        "dvar2": 0,
        "max": 1,
        "mean": 1,
        "median": 1,
        "min": 1,
        "stdev": 0,
        "var": 0
    },
    "silence_rate_30dB": {
        "dmean": 0.0263157896698,
        "dmean2": 0.0518977530301,
        "dvar": 0.0256233252585,
        "dvar2": 0.0631469935179,
        "max": 1,
        "mean": 0.672853827477,
        "median": 1,
        "min": 0,
        "stdev": 0.469170600176,
        "var": 0.220121055841
    },
    "silence_rate_60dB": {
        "dmean": 0.0239938087761,
        "dmean2": 0.0480247884989,
        "dvar": 0.0234183482826,
        "dvar2": 0.0503656119108,
        "max": 1,
        "mean": 0.153905645013,
        "median": 0,
        "min": 0,
        "stdev": 0.360855609179,
        "var": 0.130216762424
    },
    "spectral_centroid": {
        "dmean": 105.28666687,
        "dmean2": 150.913162231,
        "dvar": 77712.5703125,
        "dvar2": 117619.234375,
        "max": 11101.9140625,
        "mean": 516.037963867,
        "median": 373.707458496,
        "min": 152.797912598,
        "stdev": 619.694274902,
        "var": 384021
    },
    "spectral_complexity": {
        "dmean": 1.43266248703,
        "dmean2": 2.35166525841,
        "dvar": 1.97921991348,
        "dvar2": 4.30080652237,
        "max": 24,
        "mean": 8.21577739716,
        "median": 8,
        "min": 0,
        "stdev": 3.02794957161,
        "var": 9.16847896576
    },
    "spectral_decrease": {
        "dmean": 2.44239162228e-09,
        "dmean2": 3.97821597886e-09,
        "dvar": 1.51610642296e-17,
        "dvar2": 4.20279517367e-17,
        "max": 5.5819814385e-30,
        "mean": -1.54509596229e-08,
        "median": -5.58170443199e-09,
        "min": -5.70633780228e-08,
        "stdev": 1.70002643074e-08,
        "var": 2.89008965092e-16
    },
    "spectral_energy": {
        "dmean": 0.00939922686666,
        "dmean2": 0.0152777563781,
        "dvar": 0.000222048896831,
        "dvar2": 0.000615587399807,
        "max": 0.219403550029,
        "mean": 0.0594772547483,
        "median": 0.0226790364832,
        "min": 1.06634381158e-20,
        "stdev": 0.0648594424129,
        "var": 0.0042067472823
    },
    "spectral_energyband_high": {
        "dmean": 0.000179700087756,
        "dmean2": 0.000215066305827,
        "dvar": 7.70453368659e-07,
        "dvar2": 9.08773813535e-07,
        "max": 0.0368342138827,
        "mean": 0.000488330319058,
        "median": 8.7223983428e-05,
        "min": 7.29492844033e-21,
        "stdev": 0.00197338010184,
        "var": 3.89422939406e-06
    },
    "spectral_energyband_low": {
        "dmean": 0.00666980352253,
        "dmean2": 0.011256176047,
        "dvar": 0.000163185497513,
        "dvar2": 0.000471425330034,
        "max": 0.199432119727,
        "mean": 0.0452413670719,
        "median": 0.00423852168024,
        "min": 3.52352832807e-23,
        "stdev": 0.058534566313,
        "var": 0.00342629523948
    },
    "spectral_energyband_middle_high": {
        "dmean": 0.000278556573903,
        "dmean2": 0.00037132538273,
        "dvar": 3.4918693359e-07,
        "dvar2": 6.85876671014e-07,
        "max": 0.0121234236285,
        "mean": 0.000689285050612,
        "median": 0.000287567119813,
        "min": 1.39884410395e-21,
        "stdev": 0.0011997751426,
        "var": 1.43946033404e-06
    },
    "spectral_energyband_middle_low": {
        "dmean": 0.00593208707869,
        "dmean2": 0.00913437828422,
        "dvar": 8.58099083416e-05,
        "dvar2": 0.000190375954844,
        "max": 0.10956851393,
        "mean": 0.0165970660746,
        "median": 0.00965069979429,
        "min": 2.0380915684e-22,
        "stdev": 0.0176653116941,
        "var": 0.000312063260935
    },
    "spectral_entropy": {
        "dmean": 0.204241797328,
        "dmean2": 0.291640549898,
        "dvar": 0.0476612895727,
        "dvar2": 0.0810172259808,
        "max": 9.80034160614,
        "mean": 6.56512212753,
        "median": 6.52387523651,
        "min": 4.73461866379,
        "stdev": 0.780224204063,
        "var": 0.608749806881
    },
    "spectral_flux": {
        "dmean": 0.0187941491604,
        "dmean2": 0.0300374962389,
        "dvar": 0.000587209127843,
        "dvar2": 0.00131734309252,
        "max": 0.351164758205,
        "mean": 0.0608582980931,
        "median": 0.0493360646069,
        "min": 7.03990338247e-11,
        "stdev": 0.0463863275945,
        "var": 0.00215169135481
    },
    "spectral_kurtosis": {
        "dmean": 7.39723110199,
        "dmean2": 11.9009084702,
        "dvar": 364.085296631,
        "dvar2": 931.713195801,
        "max": 344.109954834,
        "mean": 29.4717082977,
        "median": 7.77434635162,
        "min": -1.36392271519,
        "stdev": 58.202835083,
        "var": 3387.57006836
    },
    "spectral_rms": {
        "dmean": 0.000594279437792,
        "dmean2": 0.000908532121684,
        "dvar": 5.40373946478e-07,
        "dvar2": 1.15401610401e-06,
        "max": 0.0146305244416,
        "mean": 0.00622282223776,
        "median": 0.00470381649211,
        "min": 3.22542318375e-12,
        "stdev": 0.00439351936802,
        "var": 1.9303011868e-05
    },
    "spectral_rolloff": {
        "dmean": 247.730987549,
        "dmean2": 418.337585449,
        "dvar": 1216765.5,
        "dvar2": 2381189.75,
        "max": 19035.3515625,
        "mean": 842.84185791,
        "median": 366.064453125,
        "min": 107.666015625,
        "stdev": 1995.97814941,
        "var": 3983929
    },
    "spectral_skewness": {
        "dmean": 0.474918842316,
        "dmean2": 0.719987392426,
        "dvar": 0.552609026432,
        "dvar2": 1.36664295197,
        "max": 14.658162117,
        "mean": 3.47823500633,
        "median": 2.62043309212,
        "min": -0.240943446755,
        "stdev": 2.84472441673,
        "var": 8.09245681763
    },
    "spectral_spread": {
        "dmean": 778425.1875,
        "dmean2": 1060769.5,
        "dvar": 1.66525507994e+12,
        "dvar2": 2.35132420096e+12,
        "max": 42000464,
        "mean": 5420472.5,
        "median": 5164520,
        "min": 286042.375,
        "stdev": 3487368.75,
        "var": 1.21617409638e+13
    },
    "spectral_strongpeak": {
        "dmean": 0.229381471872,
        "dmean2": 0.391077965498,
        "dvar": 0.205408528447,
        "dvar2": 0.599643051624,
        "max": 6.58607912064,
        "mean": 0.668446481228,
        "median": 0.607815563679,
        "min": 0,
        "stdev": 0.573531091213,
        "var": 0.328937917948
    },
    "zerocrossingrate": {
        "dmean": 0.00815641321242,
        "dmean2": 0.00888210441917,
        "dvar": 0.000269098498393,
        "dvar2": 0.000220900095883,
        "max": 0.5009765625,
        "mean": 0.0366822704673,
        "median": 0.02197265625,
        "min": 0.00048828125,
        "stdev": 0.0531510002911,
        "var": 0.00282502896152
    },
    "barkbands": {
        "dmean": [0.000201823859243, 0.00385004864074, 0.00264879362658, 0.00309816980734, 0.0017126861494, 0.00200022361241, 0.00114934751764, 0.000306873291265, 0.00057322223438, 0.00013872711861, 8.23597729323e-05, 2.55970517173e-05, 4.08013875131e-05, 4.08629130106e-05, 1.7799793568e-05, 5.57906059839e-06, 1.0145467968e-05, 2.02742248803e-05, 1.77276815521e-05, 1.51347676365e-05, 7.95450887381e-06, 3.96267387259e-05, 7.90733902249e-05, 6.29203568678e-05, 3.93090558646e-05, 1.77509500645e-05, 5.64222716548e-07],
        "dmean2": [0.000359708355973, 0.00620753178373, 0.00453848717734, 0.00505916494876, 0.00281390408054, 0.0030914270319, 0.00183080486022, 0.000494292529766, 0.000719789648429, 0.000210273530683, 9.82297133305e-05, 3.5518391087e-05, 6.14695672994e-05, 6.35266696918e-05, 2.6589301342e-05, 8.695532415e-06, 1.67508696904e-05, 3.18156198773e-05, 2.56131079368e-05, 2.30053265113e-05, 1.13734631668e-05, 6.69539367664e-05, 8.10374476714e-05, 8.45526810735e-05, 5.00951864524e-05, 2.46999006777e-05, 8.97723907656e-07],
        "dvar": [3.48762824842e-07, 7.02861070749e-05, 4.03636331612e-05, 3.48802677763e-05, 1.37100760185e-05, 2.02232240554e-05, 1.25087517517e-05, 8.46224509132e-07, 2.26018119065e-06, 1.98796868744e-07, 3.95535693087e-08, 9.7177306202e-09, 3.00666158637e-08, 3.26734443945e-08, 5.57726842487e-09, 7.30858262799e-10, 1.80248493908e-09, 3.68385721927e-09, 3.64526075991e-09, 2.18209872394e-09, 7.10072278753e-10, 3.04669043771e-07, 3.89039087167e-07, 7.87357663512e-08, 1.12138369701e-08, 4.48355796934e-09, 6.00549818208e-12],
        "dvar2": [1.05624246771e-06, 0.000171007020981, 0.000138348215842, 8.73058015713e-05, 3.76208590751e-05, 4.84165211674e-05, 3.10333743982e-05, 1.87465400359e-06, 3.37889809998e-06, 4.64437988512e-07, 5.60130111182e-08, 1.40269031945e-08, 7.08377854153e-08, 7.05000502421e-08, 1.33446542705e-08, 1.68965952341e-09, 5.01270269737e-09, 8.55062154415e-09, 7.21052595409e-09, 5.13042408556e-09, 1.50608236993e-09, 8.60613283749e-07, 4.20369048015e-07, 1.60995881515e-07, 1.7333173119e-08, 9.51897050072e-09, 1.49813998013e-11],
        "max": [0.00906030274928, 0.161454170942, 0.0740633010864, 0.0709681808949, 0.0593106374145, 0.0755748078227, 0.0579836219549, 0.0206861421466, 0.0314311720431, 0.0103961676359, 0.00406484445557, 0.00259900116362, 0.00336018390954, 0.00379545963369, 0.00125336612109, 0.000628483307082, 0.00104216486216, 0.000896176963579, 0.00107674056198, 0.000907746143639, 0.000751389714424, 0.016450304538, 0.0288043040782, 0.00923022348434, 0.00181955855805, 0.00112409808207, 4.99458474224e-05],
        "mean": [0.000693263777066, 0.0328902117908, 0.00813098624349, 0.00606625340879, 0.00319255981594, 0.00401257490739, 0.00157544622198, 0.000412192079239, 0.0013119954383, 0.000242768175667, 0.000173603591975, 4.27029917773e-05, 5.70127594983e-05, 6.25782849966e-05, 2.64134487225e-05, 8.10134224594e-06, 1.69067006937e-05, 3.21752413583e-05, 3.17231133522e-05, 2.87171587843e-05, 1.61862935784e-05, 4.73473737657e-05, 0.000149345229147, 0.000130040338263, 8.97296486073e-05, 3.58825709554e-05, 5.67921517813e-07],
        "median": [7.23235234545e-06, 0.000259866326815, 0.00136217765976, 0.00253192405216, 0.00157227460295, 0.000986228929833, 0.000439007766545, 0.000148451625137, 0.000392997491872, 6.02150103077e-05, 2.914893048e-05, 1.14939448395e-05, 1.24515008793e-05, 1.08625872599e-05, 4.70396344099e-06, 1.86657689483e-06, 3.06019819618e-06, 8.02723843663e-06, 7.47358035369e-06, 6.80711627865e-06, 2.68106305157e-06, 1.71055307874e-06, 8.19868273538e-06, 2.20248948608e-05, 1.98093512154e-05, 5.99950180913e-06, 3.76494355692e-08],
        "min": [7.05164025355e-24, 2.00779331429e-23, 4.01160224993e-24, 6.18290008192e-24, 2.10789250565e-23, 3.62155660177e-23, 2.24293791956e-23, 3.6035361788e-23, 6.02860251762e-23, 3.40157548083e-23, 5.63222578739e-23, 8.56002876348e-23, 8.78531797168e-23, 5.73103345566e-23, 8.91293736457e-23, 1.02111259977e-22, 1.1974686398e-22, 1.39147099341e-22, 2.20251782273e-22, 3.4149276143e-22, 4.17207429164e-22, 3.84831239706e-22, 6.04179302926e-22, 7.03482476827e-22, 1.3030186833e-21, 1.2518564719e-21, 2.34135229334e-21],
        "stdev": [0.00136136484798, 0.0453839860857, 0.0110875293612, 0.00957300886512, 0.0048434115015, 0.00711946934462, 0.0040472606197, 0.00107454857789, 0.00299556879327, 0.000666431093123, 0.000433840003097, 0.000157094313181, 0.000207601624425, 0.00026418271591, 9.50047397055e-05, 3.08528215101e-05, 5.46763258171e-05, 7.87358439993e-05, 9.19338344829e-05, 7.85552983871e-05, 5.3054674936e-05, 0.000486368255224, 0.00118529854808, 0.000450546038337, 0.000221719339606, 0.000104732971522, 2.60269803221e-06],
        "var": [1.85331430202e-06, 0.00205970625393, 0.000122933299281, 9.16424978641e-05, 2.34586350416e-05, 5.06868418597e-05, 1.63803179021e-05, 1.15465456929e-06, 8.9734330686e-06, 4.44130392907e-07, 1.88217157415e-07, 2.46786218128e-08, 4.30984314903e-08, 6.97925131021e-08, 9.02590091556e-09, 9.51896672596e-10, 2.98950064703e-09, 6.19933260282e-09, 8.4518303467e-09, 6.17093487421e-09, 2.81479839437e-09, 2.36554086541e-07, 1.40493273193e-06, 2.02991728315e-07, 4.9159464055e-08, 1.09689946015e-08, 6.77403706045e-12]
    },
    "erbbands": {
        "dmean": [0.130670592189, 0.868063926697, 2.24793148041, 8.10889625549, 7.19569730759, 5.53577613831, 11.6726312637, 15.5025596619, 17.7197742462, 11.3970184326, 6.84795236588, 13.7912769318, 4.78665304184, 4.4343624115, 2.78453874588, 1.15161061287, 2.02928376198, 2.0572977066, 1.14987838268, 0.486008733511, 0.324146151543, 0.582514882088, 0.875152111053, 0.943599164486, 0.878831028938, 0.78343719244, 0.419636458158, 0.340747028589, 0.735556423664, 2.04185914993, 2.65774846077, 1.76560115814, 0.905856311321, 0.50725376606, 0.263711452484, 0.113050088286, 0.0269896350801, 0.00249264831655, 6.20423743385e-05, 1.15882103273e-05],
        "dmean2": [0.207942694426, 1.40394175053, 3.92934966087, 13.5716819763, 11.9415798187, 9.20278930664, 18.0509128571, 23.9506874084, 28.4883270264, 18.3106460571, 9.93071269989, 17.2363033295, 7.22484254837, 6.53150939941, 3.35153722763, 1.6133043766, 3.0126850605, 3.17973542213, 1.79307031631, 0.661658704281, 0.505593597889, 0.941392362118, 1.36153519154, 1.40630447865, 1.28084564209, 1.18629837036, 0.614154458046, 0.50673866272, 1.0415469408, 2.66518044472, 3.49289107323, 2.42700219154, 1.11534416676, 0.660841345787, 0.339905649424, 0.157600224018, 0.0390960909426, 0.00362652819604, 8.9779648988e-05, 1.856333256e-05],
        "dvar": [0.110157094896, 3.01630043983, 19.5110740662, 286.603057861, 175.498092651, 235.582092285, 511.860961914, 1604.44360352, 3621.42211914, 1053.67993164, 356.14352417, 1593.34484863, 170.382080078, 113.995582581, 41.6473426819, 19.0217571259, 82.981880188, 77.7744293213, 25.5072040558, 4.55377197266, 2.53291344643, 5.83583641052, 7.54977846146, 8.83883953094, 10.5430784225, 6.19656085968, 1.77802097797, 2.39551854134, 37.5367927551, 450.930786133, 679.768005371, 137.45375061, 8.22216701508, 1.8404147625, 0.630213856697, 0.168196246028, 0.0104136336595, 6.73214963172e-05, 5.06062569627e-08, 3.05846598048e-10],
        "dvar2": [0.276007860899, 7.38472032547, 65.2169952393, 885.242614746, 463.243133545, 633.264038086, 1188.45556641, 4152.01757812, 8999.43847656, 2462.05810547, 719.407043457, 2259.86572266, 430.010345459, 218.737213135, 58.9936523438, 28.61561203, 194.195083618, 143.848022461, 56.3047981262, 7.20545959473, 6.17956256866, 16.0340156555, 17.1873512268, 19.7902584076, 21.7418022156, 15.5399093628, 3.90413117409, 6.27747440338, 77.810333252, 912.516845703, 1414.92285156, 298.018310547, 12.0255470276, 3.06646966934, 0.961395740509, 0.331762760878, 0.0242576766759, 0.000143929617479, 1.15351070917e-07, 8.15336631543e-10],
        "max": [6.3361825943, 30.0075931549, 61.1196289062, 173.849182129, 183.83416748, 219.839233398, 356.036773682, 749.07421875, 978.867492676, 465.907501221, 409.097503662, 865.766845703, 313.565032959, 262.561706543, 127.027496338, 131.575119019, 174.631637573, 231.657150269, 115.413780212, 71.3414459229, 42.5411224365, 59.3550834656, 45.8953323364, 68.9841079712, 62.5348091125, 51.7792320251, 27.9187755585, 36.7404251099, 217.596359253, 799.315307617, 1028.5168457, 433.778961182, 77.0179214478, 24.782201767, 16.8529605865, 7.67309474945, 1.67560064793, 0.134324461222, 0.00408188765869, 0.000286368565867],
        "mean": [1.21581113338, 6.45760297775, 8.28101730347, 17.5221214294, 14.4958944321, 10.234457016, 22.4537086487, 31.1624641418, 24.4038581848, 16.4033279419, 12.4120492935, 30.6708450317, 11.1327095032, 9.24297618866, 6.07274723053, 2.04236984253, 2.91806268692, 3.4120182991, 1.9119027853, 0.844067335129, 0.52669352293, 1.00358843803, 1.45783472061, 1.74731349945, 1.48477745056, 1.47453117371, 0.932660222054, 0.646103680134, 1.20988869667, 3.30750274658, 4.31145620346, 3.20182514191, 1.97262489796, 1.15600430965, 0.559407770634, 0.231778100133, 0.0515890978277, 0.00428209407255, 0.000131687731482, 7.13400368113e-05],
        "median": [0.00536943506449, 0.0753911659122, 1.16381263733, 9.14106369019, 7.33780765533, 4.57114553452, 6.93068122864, 7.38931846619, 5.68158626556, 6.29326581955, 4.59473228455, 8.2081823349, 4.34100389481, 3.26864862442, 1.35875666142, 0.682248651981, 0.633871614933, 0.62393039465, 0.405288666487, 0.194805383682, 0.117554597557, 0.189966827631, 0.38126757741, 0.408437609673, 0.345830798149, 0.348131716251, 0.22341145575, 0.0581721700728, 0.0492369420826, 0.130742236972, 0.274585276842, 0.348188430071, 0.434575229883, 0.2603995502, 0.105415552855, 0.037974357605, 0.00918492674828, 0.000970016932115, 6.18131380179e-05, 3.13112395816e-05],
        "min": [1.0672257606e-21, 2.23190050594e-21, 3.74066542243e-21, 1.90183282331e-20, 3.73342185674e-20, 8.6498431751e-20, 6.8651783853e-20, 3.31067588893e-19, 4.00634822577e-19, 3.38868548304e-19, 1.00981216564e-18, 1.41069005007e-18, 1.55947554384e-18, 9.40848980595e-19, 2.86233112393e-18, 3.0001385868e-18, 5.08686463654e-18, 2.34850100307e-18, 3.91019401133e-18, 7.09005371623e-18, 5.6794684079e-18, 8.28988333064e-18, 7.47268347936e-18, 9.30995832613e-18, 1.4697451003e-17, 1.71927488542e-17, 1.58109965805e-17, 2.03153689015e-17, 1.43492509785e-17, 1.67826178173e-17, 1.66075020272e-17, 1.46238170392e-17, 1.19170934777e-17, 1.61128612558e-17, 8.10680840874e-18, 5.18427094393e-18, 2.41773023007e-18, 9.33427309345e-19, 2.95645259371e-19, 3.72732204596e-20],
        "stdev": [1.63000440598, 9.30526828766, 10.6403884888, 23.7704029083, 20.0862255096, 19.88230896, 35.909122467, 59.5500450134, 71.0357208252, 35.6863250732, 26.4473686218, 79.5339813232, 20.135597229, 20.5730171204, 13.7872810364, 6.50387525558, 10.9840211868, 14.6275262833, 7.12203979492, 3.53995037079, 1.88012993336, 3.21180915833, 3.62436771393, 4.43726491928, 4.51768493652, 4.08987617493, 2.68964719772, 2.37140107155, 7.97202730179, 30.283575058, 36.286403656, 16.441198349, 5.76538896561, 2.87482666969, 1.49478185177, 0.669712364674, 0.149383410811, 0.0119525333866, 0.000306660222122, 7.39316164982e-05],
        "var": [2.65691423416, 86.5880203247, 113.217857361, 565.032043457, 403.456420898, 395.306213379, 1289.46508789, 3546.20776367, 5046.07373047, 1273.51391602, 699.463317871, 6325.65429688, 405.442260742, 423.249023438, 190.089126587, 42.3003959656, 120.648719788, 213.964523315, 50.723449707, 12.5312480927, 3.53488850594, 10.3157186508, 13.1360416412, 19.6893196106, 20.4094772339, 16.7270870209, 7.23420190811, 5.62354326248, 63.5532188416, 917.094909668, 1316.703125, 270.313018799, 33.2397117615, 8.26462841034, 2.23437285423, 0.448514640331, 0.0223154053092, 0.000142863063957, 9.40404873973e-08, 5.4658841897e-09]
    },
    "gfcc": {
        "mean": [-91.0050582886, 130.385192871, -45.8662910461, 8.99008846283, -69.8278503418, 14.2176122665, -40.7204704285, 15.8828544617, -32.0376472473, -7.27125692368, -9.61658477783, -11.0657911301, -14.1220769882],
        "cov": [[16486.4453125, -4016.89135742, 431.94934082, 2999.16455078, -443.068847656, 953.594726562, -478.885650635, 1400.47546387, -202.362533569, 878.9453125, 212.828125, 265.651611328, -19.2116546631], [-4016.89135742, 3461.94702148, -136.844726562, -1352.85864258, 795.307556152, -378.389373779, 479.585296631, -522.923278809, 286.017364502, -323.587402344, 200.7605896, -263.14831543, 131.886352539], [431.94934082, -136.844726562, 631.150390625, 227.422821045, 165.018218994, 175.98210144, 70.992729187, 123.995765686, 21.4747390747, 139.154159546, 65.1464309692, 52.4145584106, 10.5536727905], [2999.16455078, -1352.85864258, 227.422821045, 1243.1472168, -12.142865181, 344.836730957, -28.4074745178, 393.625213623, 127.046401978, 211.466522217, 71.0963287354, 123.032516479, 35.1275100708], [-443.068847656, 795.307556152, 165.018218994, -12.142865181, 612.115112305, 41.9465751648, 260.071533203, 62.9888687134, 199.624328613, 73.7489547729, 164.428543091, -45.2789878845, 105.027534485], [953.594726562, -378.389373779, 175.98210144, 344.836730957, 41.9465751648, 308.217712402, 78.526763916, 141.534255981, 68.6560134888, 92.5500411987, 18.3471488953, 41.3151741028, 15.6343784332], [-478.885650635, 479.585296631, 70.992729187, -28.4074745178, 260.071533203, 78.526763916, 266.041320801, 22.0280914307, 120.359291077, 9.85952281952, 69.4278106689, -22.4327888489, 62.6339302063], [1400.47546387, -522.923278809, 123.995765686, 393.625213623, 62.9888687134, 141.534255981, 22.0280914307, 318.142852783, -8.16748332977, 143.564254761, 48.6784706116, 25.855556488, 34.3936920166], [-202.362533569, 286.017364502, 21.4747390747, 127.046401978, 199.624328613, 68.6560134888, 120.359291077, -8.16748332977, 266.531738281, 3.08454966545, 49.6590805054, -0.193983495235, 29.2531166077], [878.9453125, -323.587402344, 139.154159546, 211.466522217, 73.7489547729, 92.5500411987, 9.85952281952, 143.564254761, 3.08454966545, 205.824356079, 80.7764282227, 36.1291160583, 4.15439605713], [212.828125, 200.7605896, 65.1464309692, 71.0963287354, 164.428543091, 18.3471488953, 69.4278106689, 48.6784706116, 49.6590805054, 80.7764282227, 156.20854187, 7.03895807266, 37.2014427185], [265.651611328, -263.14831543, 52.4145584106, 123.032516479, -45.2789878845, 41.3151741028, -22.4327888489, 25.855556488, -0.193983495235, 36.1291160583, 7.03895807266, 94.1449356079, 7.55559301376], [-19.2116546631, 131.886352539, 10.5536727905, 35.1275100708, 105.027534485, 15.6343784332, 62.6339302063, 34.3936920166, 29.2531166077, 4.15439605713, 37.2014427185, 7.55559301376, 90.0100708008]],
        "icov": [[0.000181927156518, -0.000280228618067, 0.00015494703257, -0.000474609318189, 0.000189633588889, -0.000320394581649, 0.000468694517622, -0.000453062093584, 0.00032514508348, -0.000517159700394, 0.000166601661476, -0.000120684788271, 0.000157313057571], [-0.000280228618067, 0.00303677935153, -0.000678865530062, 0.00262264674529, -0.00171766651329, 0.00119050592184, -0.00219957414083, 0.00206858967431, -0.00189426622819, 0.00336085096933, -0.00338624580763, 0.00285219447687, -0.0012950868113], [0.00015494703257, -0.000678865530062, 0.00252506858669, -0.000812447164208, -0.000610173330642, -0.00143262557685, 0.000644187733997, -0.000464216311229, 0.00128454808146, -0.00152257434092, 0.000815767794847, -0.00163224618882, 0.00119136541616], [-0.000474609318189, 0.00262264674529, -0.000812447164208, 0.00477257557213, -0.00100578169804, 0.000104990002001, -0.00117607717402, 4.02760269935e-05, -0.00337402103469, 0.00332542904653, -0.00333585566841, 0.0011530353222, -0.00152806309052], [0.000189633588889, -0.00171766651329, -0.000610173330642, -0.00100578169804, 0.00600210297853, 0.000318581965985, -0.00098806375172, -0.00197164807469, -0.00137580966111, -0.00288147735409, -0.000276267586742, 0.000651518348604, -0.00195695599541], [-0.000320394581649, 0.00119050592184, -0.00143262557685, 0.000104990002001, 0.000318581965985, 0.00738309463486, -0.00401722826064, 0.000470338301966, -0.00179820414633, 0.0003215551842, 0.000354816875188, 0.000593424541876, -0.000351109425537], [0.000468694517622, -0.00219957414083, 0.000644187733997, -0.00117607717402, -0.00098806375172, -0.00401722826064, 0.0104968976229, -0.00248936587013, 0.000110747983854, -0.00150383077562, 0.00114494957961, -0.00123716844246, -0.00113197148312], [-0.000453062093584, 0.00206858967431, -0.000464216311229, 4.02760269935e-05, -0.00197164807469, 0.000470338301966, -0.00248936587013, 0.00956896878779, 0.000747159938328, -0.000758019450586, -0.00104205915704, 0.0034906482324, -0.00286438385956], [0.00032514508348, -0.00189426622819, 0.00128454808146, -0.00337402103469, -0.00137580966111, -0.00179820414633, 0.000110747983854, 0.000747159938328, 0.00838368013501, -0.00158519810066, 0.00209229579195, -0.00228013563901, 0.0022413530387], [-0.000517159700394, 0.00336085096933, -0.00152257434092, 0.00332542904653, -0.00288147735409, 0.0003215551842, -0.00150383077562, -0.000758019450586, -0.00158519810066, 0.0144703108817, -0.00797562208027, 0.000591014744714, 0.00158241926692], [0.000166601661476, -0.00338624580763, 0.000815767794847, -0.00333585566841, -0.000276267586742, 0.000354816875188, 0.00114494957961, -0.00104205915704, 0.00209229579195, -0.00797562208027, 0.0154780168086, -0.00382580072619, -0.000322224630509], [-0.000120684788271, 0.00285219447687, -0.00163224618882, 0.0011530353222, 0.000651518348604, 0.000593424541876, -0.00123716844246, 0.0034906482324, -0.00228013563901, 0.000591014744714, -0.00382580072619, 0.0175904426724, -0.00498132081702], [0.000157313057571, -0.0012950868113, 0.00119136541616, -0.00152806309052, -0.00195695599541, -0.000351109425537, -0.00113197148312, -0.00286438385956, 0.0022413530387, 0.00158241926692, -0.000322224630509, -0.00498132081702, 0.0174742005765]]
    },
    "melbands": {
        "dmean": [0.00105016469024, 0.00115295278374, 0.00126669183373, 0.000417979637859, 0.000357929849997, 0.000357548968168, 0.000253783509834, 0.000106379367935, 6.74932089169e-05, 8.01210990176e-05, 2.38839656959e-05, 1.92367260752e-05, 1.24089920064e-05, 2.99968269246e-06, 3.95981942347e-06, 3.43962142324e-06, 4.27071063314e-06, 2.08874735108e-06, 9.29397231175e-07, 4.20141873292e-07, 4.1050367372e-07, 5.76904540139e-07, 7.29476937522e-07, 1.05460401301e-06, 7.66696246046e-07, 8.5568507302e-07, 4.19586314138e-07, 5.95150993377e-07, 3.34938334845e-07, 1.93203732124e-07, 2.22093333946e-07, 3.74913042833e-07, 1.16090757274e-06, 1.25618316815e-06, 1.87824241493e-06, 1.69971076502e-06, 1.01919874851e-06, 7.14150644399e-07, 5.51521964098e-07, 4.43335352429e-07],
        "dmean2": [0.00164573418442, 0.00198282231577, 0.00211447943002, 0.000694418966305, 0.000553160964046, 0.000555676408112, 0.000403713464038, 0.000173051608726, 9.10757153179e-05, 0.00010187891894, 3.68943074136e-05, 2.87810762529e-05, 1.47613964145e-05, 4.06273693443e-06, 5.76882302994e-06, 5.11051166541e-06, 6.62310503685e-06, 3.27212819684e-06, 1.3254040141e-06, 5.92932565269e-07, 6.53760423575e-07, 9.61627847573e-07, 1.13987198347e-06, 1.66406118751e-06, 1.17496404073e-06, 1.24170344407e-06, 6.37726543573e-07, 9.31413296712e-07, 5.00099531564e-07, 2.87765089979e-07, 3.44674560893e-07, 6.31069667634e-07, 2.11284077523e-06, 1.63727304425e-06, 2.95101085612e-06, 2.26513475354e-06, 1.46154161484e-06, 9.51176275521e-07, 6.92652633916e-07, 6.13054623955e-07],
        "dvar": [6.41626684228e-06, 4.46618059868e-06, 5.8853529481e-06, 7.99578572241e-07, 4.35322704107e-07, 7.64975709444e-07, 6.88395630277e-07, 1.02725380202e-07, 3.84398681774e-08, 4.7440341433e-08, 4.65039384778e-09, 2.34892150175e-09, 9.0701224309e-10, 1.37508240905e-10, 2.37543734682e-10, 1.61948704447e-10, 3.76422670811e-10, 1.01140422426e-10, 1.19851611274e-11, 2.65997879105e-12, 4.49247800419e-12, 5.76017358811e-12, 5.66183775211e-12, 1.14992338568e-11, 6.54881053899e-12, 9.7758520029e-12, 2.11255535634e-12, 3.80616631962e-12, 1.16907178382e-12, 4.68739955704e-13, 1.31282029518e-12, 1.13020886053e-11, 3.26392218808e-10, 1.31853777896e-10, 5.418574478e-10, 2.47333986625e-10, 2.41212102375e-11, 5.46276262073e-12, 2.38531395157e-12, 1.51907653123e-12],
        "dvar2": [1.53372857312e-05, 1.43323759403e-05, 1.73837252078e-05, 2.25720964409e-06, 9.9650287666e-07, 1.87669149909e-06, 1.67505561421e-06, 2.3889606382e-07, 7.10779630708e-08, 6.91655799301e-08, 1.18756009471e-08, 4.59045246259e-09, 1.27627974855e-09, 2.04970054818e-10, 5.31942045967e-10, 3.72421093964e-10, 7.1005235025e-10, 2.33716629383e-10, 2.43847147335e-11, 4.61413502892e-12, 1.14690730871e-11, 1.59417808815e-11, 1.46206397683e-11, 2.72157660991e-11, 1.53663366753e-11, 2.01820921086e-11, 4.6871365296e-12, 1.01941788344e-11, 2.69079333468e-12, 1.08778697855e-12, 3.73234776418e-12, 3.31166309653e-11, 9.77969261129e-10, 2.2138292588e-10, 1.43241574158e-09, 5.05185449029e-10, 6.33171431952e-11, 1.05569988515e-11, 3.41052728593e-12, 3.08040507165e-12],
        "max": [0.0516822449863, 0.0317540429533, 0.0246648155153, 0.0161061901599, 0.0101052643731, 0.0156175345182, 0.0135660748929, 0.00511015113443, 0.00428203074262, 0.00466017611325, 0.00163128424902, 0.00116552214604, 0.000608302420005, 0.000288092560368, 0.000289479678031, 0.000250488898018, 0.000484370684717, 0.000271085416898, 7.70392289269e-05, 5.2504852647e-05, 5.81200329179e-05, 5.71295604459e-05, 4.75962406199e-05, 5.03901173943e-05, 6.29054120509e-05, 6.03520747973e-05, 2.534511259e-05, 4.39635259681e-05, 2.1042114895e-05, 1.40185593409e-05, 2.44122657023e-05, 9.48468004935e-05, 0.000504570605699, 0.000461125397123, 0.000780968053732, 0.000587846676353, 0.000138022369356, 5.42682719242e-05, 3.486109199e-05, 1.96503533516e-05],
        "mean": [0.0101397735998, 0.00556548172608, 0.00292556034401, 0.000826291216072, 0.000710842374247, 0.000722566328477, 0.0003512352705, 0.000150545514771, 0.000128936677356, 0.00018200314662, 5.14412786288e-05, 3.80936071451e-05, 2.62285338977e-05, 5.14183784617e-06, 5.73567740503e-06, 5.23203243574e-06, 6.6638140197e-06, 3.09513347929e-06, 1.45164904097e-06, 7.14572422567e-07, 5.87650276884e-07, 9.69933239503e-07, 1.13010389668e-06, 1.61782008945e-06, 1.35690754632e-06, 1.36844801091e-06, 6.79254071656e-07, 1.09064035314e-06, 6.75035266795e-07, 3.36822154168e-07, 3.87392873336e-07, 5.40860185083e-07, 1.19480773719e-06, 2.05788319363e-06, 2.50186758421e-06, 2.50203015639e-06, 1.74176034307e-06, 1.40358326917e-06, 1.17754473195e-06, 9.13621306609e-07],
        "median": [6.25665561529e-05, 0.000540402717888, 0.00159029359929, 0.000396426505176, 0.000241305897362, 0.000175148103153, 7.839549653e-05, 5.92921714997e-05, 3.85675448342e-05, 5.3396972362e-05, 1.71257288457e-05, 1.15341726996e-05, 4.20141350332e-06, 1.42731130381e-06, 1.31781473556e-06, 1.25824612951e-06, 1.07479422695e-06, 6.32798560218e-07, 2.88364333301e-07, 1.55735008889e-07, 1.20416288496e-07, 1.53275792059e-07, 2.65480764483e-07, 3.8398636093e-07, 3.02308080791e-07, 2.88700022111e-07, 1.65047921996e-07, 2.37583478224e-07, 1.59336124739e-07, 5.39626583418e-08, 1.8978083105e-08, 2.02121608339e-08, 4.12198630784e-08, 8.33415612078e-08, 1.56893150915e-07, 1.37819995416e-07, 2.239987964e-07, 2.63593307182e-07, 3.02781302253e-07, 1.69871583466e-07],
        "min": [7.67422505716e-24, 2.46433678132e-24, 3.21744453816e-24, 5.03629509492e-24, 2.51635643877e-24, 8.01608503019e-24, 5.93543993798e-24, 4.1277060091e-24, 7.82841659856e-24, 9.68432941837e-24, 7.70982792754e-24, 3.30436872688e-24, 8.36880998446e-24, 1.07873849447e-23, 5.58166698199e-24, 7.76240945118e-24, 4.3065561591e-24, 5.72333496209e-24, 8.48547620146e-24, 8.4162157917e-24, 6.80697504379e-24, 6.663544354e-24, 7.07677967287e-24, 7.2728644615e-24, 6.35111362591e-24, 9.21013487305e-24, 9.13220724852e-24, 1.21160736225e-23, 1.07471143843e-23, 6.52128551709e-24, 1.33438882898e-23, 8.41640669604e-24, 6.11692251682e-24, 1.08148073275e-23, 1.09048897208e-23, 8.25799869311e-24, 8.60822059173e-24, 7.51126217136e-24, 9.41147189758e-24, 1.44052817052e-23],
        "stdev": [0.0138625465333, 0.00740811089054, 0.00372715527192, 0.00123210519087, 0.00105977372732, 0.0013432194246, 0.00100084976293, 0.000349200912751, 0.000311932526529, 0.000434287416283, 0.000101258468931, 9.20234961086e-05, 6.51564187137e-05, 1.90446589841e-05, 1.95190423256e-05, 1.63907352544e-05, 3.09674724122e-05, 1.25624628708e-05, 4.99990119351e-06, 2.89974582302e-06, 2.30528507927e-06, 3.17229137181e-06, 3.24889651893e-06, 4.15958038502e-06, 3.58008219337e-06, 4.27023860539e-06, 1.98847828869e-06, 3.19326386489e-06, 1.94717085833e-06, 1.12244310913e-06, 1.54082238168e-06, 3.16221394314e-06, 1.46231077451e-05, 1.83133652172e-05, 2.46058643825e-05, 1.96903256438e-05, 6.71385441819e-06, 4.18773242927e-06, 3.13656619255e-06, 2.33811647377e-06],
        "var": [0.000192170205992, 5.48801072e-05, 1.38916857395e-05, 1.51808330884e-06, 1.12312034162e-06, 1.80423830898e-06, 1.00170018413e-06, 1.21941269526e-07, 9.73018927652e-08, 1.88605568496e-07, 1.02532782265e-08, 8.46832381995e-09, 4.24535873123e-09, 3.62699065226e-10, 3.8099304267e-10, 2.68656208391e-10, 9.58984447408e-10, 1.57815469026e-10, 2.49990115414e-11, 8.4085256119e-12, 5.31433968012e-12, 1.0063432726e-11, 1.05553283128e-11, 1.73021076633e-11, 1.28169887897e-11, 1.82349378652e-11, 3.9540458581e-12, 1.01969335753e-11, 3.79147451282e-12, 1.25987859468e-12, 2.37413344192e-12, 9.99959663683e-12, 2.13835268936e-10, 3.35379335414e-10, 6.05448524649e-10, 3.87708920524e-10, 4.50758388948e-11, 1.75371019789e-11, 9.83804704369e-12, 5.46678848024e-12]
    },
    "melbands128": {
