{
"lowlevel": {
    "average_loudness": 0.892115235329,
    "barkbands_crest": {
        "dmean": 3.16947484016,
        "dmean2": 4.93749189377,
        "dvar": 11.0539493561,
        "dvar2": 24.8921890259,
        "max": 26.524723053,
        "mean": 12.8366775513,
        "median": 12.1662731171,
        "min": 2.28496670723,
        "stdev": 5.05254983902,
        "var": 25.5282592773
    },
    "barkbands_flatness_db": {
        "dmean": 0.0576005838811,
        "dmean2": 0.0792791992426,
        "dvar": 0.0038680776488,
        "dvar2": 0.00777056487277,
        "max": 0.603761613369,
        "mean": 0.266380131245,
        "median": 0.262640029192,
        "min": 0.0243346504867,
        "stdev": 0.112296454608,
        "var": 0.0126104932278
    },
    "barkbands_kurtosis": {
        "dmean": 15.7229595184,
        "dmean2": 24.7908000946,
        "dvar": 1317.26599121,
        "dvar2": 3293.27319336,
        "max": 466.371398926,
        "mean": 18.8483581543,
        "median": 6.00584125519,
        "min": -1.90987348557,
        "stdev": 39.3652877808,
        "var": 1549.62597656
    },
    "barkbands_skewness": {
        "dmean": 1.33026516438,
        "dmean2": 1.92483139038,
        "dvar": 2.43958568573,
        "dvar2": 5.52528381348,
        "max": 18.3155231476,
        "mean": 2.31212711334,
        "median": 1.84280657768,
        "min": -6.75767707825,
        "stdev": 2.3626947403,
        "var": 5.58232688904
    },
    "barkbands_spread": {
        "dmean": 7.90218687057,
        "dmean2": 12.5526266098,
        "dvar": 182.142959595,
        "dvar2": 400.707611084,
        "max": 113.579162598,
        "mean": 13.2307739258,
        "median": 7.07751941681,
        "min": 0.226749300957,
        "stdev": 16.7244930267,
        "var": 279.708679199
    },
    "dissonance": {
        "dmean": 0.0525889731944,
        "dmean2": 0.0804533064365,
        "dvar": 0.00249814637937,
        "dvar2": 0.00538160651922,
        "max": 0.499933391809,
        "mean": 0.381424695253,
        "median": 0.392673909664,
        "min": 0,
        "stdev": 0.07741355896,
        "var": 0.00599285913631
    },
    "dynamic_complexity": 4.12705087662,
    "erbbands_crest": {
        "dmean": 3.55023431778,
        "dmean2": 5.41744184494,
        "dvar": 13.6975030899,
        "dvar2": 25.3417358398,
        "max": 33.7446136475,
        "mean": 13.7482652664,
        "median": 12.6522846222,
        "min": 2.73570775986,
        "stdev": 6.55614042282,
        "var": 42.9829788208
    },
    "erbbands_flatness_db": {
        "dmean": 0.045052152127,
        "dmean2": 0.0607243403792,
        "dvar": 0.00235204142518,
        "dvar2": 0.00419414509088,
        "max": 0.541390299797,
        "mean": 0.225589185953,
        "median": 0.226104289293,
        "min": 0.0591745562851,
        "stdev": 0.0857134982944,
        "var": 0.00734680425376
    },
    "erbbands_kurtosis": {
        "dmean": 5.97473287582,
        "dmean2": 9.01440238953,
        "dvar": 141.325576782,
        "dvar2": 301.978363037,
        "max": 224.651184082,
        "mean": 7.70945453644,
        "median": 2.49888038635,
        "min": -1.85654830933,
        "stdev": 17.2508831024,
        "var": 297.592987061
    },
    "erbbands_skewness": {
        "dmean": 0.938642561436,
        "dmean2": 1.37366688251,
        "dvar": 1.04680407047,
        "dvar2": 2.28042149544,
        "max": 10.5789451599,
        "mean": 1.28035461903,
        "median": 1.06349921227,
        "min": -5.3103094101,
        "stdev": 1.76449930668,
        "var": 3.11345767975
    },
    "erbbands_spread": {
        "dmean": 16.6869411469,
        "dmean2": 24.6157398224,
        "dvar": 507.909912109,
        "dvar2": 1056.33886719,
        "max": 160.795639038,
        "mean": 31.1913585663,
        "median": 17.6407012939,
        "min": 0.343182593584,
        "stdev": 31.5962524414,
        "var": 998.323120117
    },
    "hfc": {
        "dmean": 9.28366565704,
        "dmean2": 14.1857709885,
        "dvar": 449.800415039,
        "dvar2": 1055.49377441,
        "max": 233.437789917,
        "mean": 12.602025032,
        "median": 4.45948314667,
        "min": 1.18637353651e-16,
        "stdev": 22.5800971985,
        "var": 509.860748291
    },
    "loudness_ebu128": {
        "integrated": -11.1113882065,
        "loudness_range": 4.02510452271,
        "momentary": {
            "dmean": 1.26185333729,
            "dmean2": 1.84490084648,
            "dvar": 3.19878983498,
            "dvar2": 6.53845739365,
            "max": -6.5518245697,
            "mean": -12.1638355255,
            "median": -11.5120067596,
            "min": -28.9523220062,
            "stdev": 3.2915148735,
            "var": 10.8340702057
        },
        "short_term": {
            "dmean": 0.0962563529611,
            "dmean2": 0.103312753141,
            "dvar": 0.00939132459462,
            "dvar2": 0.013825846836,
            "max": -8.83066749573,
            "mean": -11.4532327652,
            "median": -11.9208393097,
            "min": -13.666852951,
            "stdev": 1.40137219429,
            "var": 1.9638440609
        }
    },
    "melbands_crest": {
        "dmean": 3.58612108231,
        "dmean2": 5.53831100464,
        "dvar": 14.199555397,
        "dvar2": 32.2229690552,
        "max": 33.3529205322,
        "mean": 16.5972251892,
        "median": 15.9801311493,
        "min": 1.88013124466,
        "stdev": 5.88063383102,
        "var": 34.5818557739
    },
    "melbands_flatness_db": {
        "dmean": 0.066044844687,
        "dmean2": 0.089066311717,
        "dvar": 0.00537950918078,
        "dvar2": 0.0104867434129,
        "max": 0.73893737793,
        "mean": 0.351049304008,
        "median": 0.345256149769,
        "min": 0.00625699199736,
        "stdev": 0.140671938658,
        "var": 0.0197885949165
    },
    "melbands_kurtosis": {
        "dmean": 26.5345554352,
        "dmean2": 41.0009689331,
        "dvar": 2779.14868164,
        "dvar2": 6574.51318359,
        "max": 590.734741211,
        "mean": 34.1440811157,
        "median": 11.2837848663,
        "min": -1.64269661903,
        "stdev": 62.0078125,
        "var": 3844.96899414
    },
    "melbands_skewness": {
        "dmean": 1.5387288332,
        "dmean2": 2.22900676727,
        "dvar": 3.52419686317,
        "dvar2": 8.02074146271,
        "max": 17.1439323425,
        "mean": 3.03554916382,
        "median": 2.34179019928,
        "min": -6.06721544266,
        "stdev": 2.80569386482,
        "var": 7.87191772461
    },
    "melbands_spread": {
        "dmean": 8.41694927216,
        "dmean2": 13.2174377441,
        "dvar": 353.3543396,
        "dvar2": 698.608093262,
        "max": 179.051071167,
        "mean": 14.0653982162,
        "median": 7.30119800568,
        "min": 0.269963055849,
        "stdev": 23.055311203,
        "var": 531.547363281
    },
    "pitch_salience": {
        "dmean": 0.0939777567983,
        "dmean2": 0.148481950164,
        "dvar": 0.0113830883056,
        "dvar2": 0.027690730989,
        "max": 0.892605364323,
        "mean": 0.477899134159,
        "median": 0.474367707968,
        "min": 0.0395009927452,
        "stdev": 0.150628104806,
        "var": 0.0226888265461
    },
    "silence_rate_20dB": {
        "dmean": 0,
        "dmean2": 0,
        "dvar": 0,
        "dvar2": 0,
        "max": 1,
        "mean": 1,
        "median": 1,
        "min": 1,
        "stdev": 0,
        "var": 0
    },
    "silence_rate_30dB": {
        "dmean": 0.0433101318777,
        "dmean2": 0.0866873040795,
        "dvar": 0.041434854269,
        "dvar2": 0.0791727751493,
        "max": 1,
        "mean": 0.946676969528,
        "median": 1,
        "min": 0,
        "stdev": 0.224675372243,
        "var": 0.0504790209234
    },
    "silence_rate_60dB": {
        "dmean": 0.0618716180325,
        "dmean2": 0.123065017164,
        "dvar": 0.0580440796912,
        "dvar2": 0.120303697884,
        "max": 1,
        "mean": 0.163833081722,
        "median": 0,
        "min": 0,
        "stdev": 0.370123416185,
        "var": 0.136991336942
    },
    "spectral_centroid": {
        "dmean": 306.741455078,
        "dmean2": 467.562561035,
        "dvar": 368091.96875,
        "dvar2": 625773.625,
        "max": 10727.9550781,
        "mean": 766.313537598,
        "median": 514.898925781,
        "min": 105.513130188,
        "stdev": 800.707519531,
        "var": 641132.5625
    },
    "spectral_complexity": {
        "dmean": 2.69141530991,
        "dmean2": 4.1493806839,
        "dvar": 41.0389709473,
        "dvar2": 71.3920669556,
        "max": 58,
        "mean": 7.20710992813,
        "median": 5,
        "min": 0,
        "stdev": 8.00139141083,
        "var": 64.0222625732
    },
    "spectral_decrease": {
        "dmean": 4.17083656501e-09,
        "dmean2": 6.33751318091e-09,
        "dvar": 1.23757548704e-16,
        "dvar2": 2.55525064473e-16,
        "max": -1.01590374585e-29,
        "mean": -7.29462268367e-09,
        "median": -4.41515091154e-09,
        "min": -8.73607106655e-08,
        "stdev": 1.22517738177e-08,
        "var": 1.50105964366e-16
    },
    "spectral_energy": {
        "dmean": 0.0164130218327,
        "dmean2": 0.0249529778957,
        "dvar": 0.00180184352212,
        "dvar2": 0.00371861644089,
        "max": 0.332727074623,
        "mean": 0.0286746229976,
        "median": 0.0174274016172,
        "min": 1.07990949285e-20,
        "stdev": 0.0468806140125,
        "var": 0.00219779182225
    },
    "spectral_energyband_high": {
        "dmean": 0.000729018356651,
        "dmean2": 0.00115319597535,
        "dvar": 4.64901586383e-06,
        "dvar2": 1.0640092114e-05,
        "max": 0.0232424344867,
        "mean": 0.00063964468427,
        "median": 1.70609291672e-05,
        "min": 8.20438767443e-21,
        "stdev": 0.00217458675615,
        "var": 4.72882720715e-06
    },
    "spectral_energyband_low": {
        "dmean": 0.0130069451407,
        "dmean2": 0.0201902091503,
        "dvar": 0.00169403199106,
        "dvar2": 0.00382499722764,
        "max": 0.31301894784,
        "mean": 0.0173829998821,
        "median": 0.00736636389047,
        "min": 1.20950097742e-22,
        "stdev": 0.0417616739869,
        "var": 0.00174403726123
    },
    "spectral_energyband_middle_high": {
        "dmean": 0.00167279306334,
        "dmean2": 0.00247495714575,
        "dvar": 2.18544664676e-05,
        "dvar2": 4.59361835965e-05,
        "max": 0.061171233654,
        "mean": 0.00267590861768,
        "median": 0.000273382174782,
        "min": 1.30772801883e-21,
        "stdev": 0.00658360309899,
        "var": 4.33438290202e-05
    },
    "spectral_energyband_middle_low": {
        "dmean": 0.00503916246817,
        "dmean2": 0.00852827634662,
        "dvar": 0.000180827002623,
        "dvar2": 0.000515833613463,
        "max": 0.1049900949,
        "mean": 0.00883722305298,
        "median": 0.00450864853337,
        "min": 2.777881665e-22,
        "stdev": 0.0131998443976,
        "var": 0.000174235887243
    },
    "spectral_entropy": {
        "dmean": 0.545910716057,
        "dmean2": 0.747410297394,
        "dvar": 0.377548009157,
        "dvar2": 0.687767207623,
        "max": 9.78254890442,
        "mean": 6.59259843826,
        "median": 6.4628868103,
        "min": 4.16741704941,
        "stdev": 1.03583812714,
        "var": 1.07296073437
    },
    "spectral_flux": {
        "dmean": 0.0387039445341,
        "dmean2": 0.0598677508533,
        "dvar": 0.00398147618398,
        "dvar2": 0.00763761578128,
        "max": 0.506161570549,
        "mean": 0.0739526376128,
        "median": 0.0459741875529,
        "min": 1.03918693095e-10,
        "stdev": 0.088553249836,
        "var": 0.00784167740494
    },
    "spectral_kurtosis": {
        "dmean": 9.0548582077,
        "dmean2": 13.9037590027,
        "dvar": 172.311080933,
        "dvar2": 385.232696533,
        "max": 159.097442627,
        "mean": 14.6504583359,
        "median": 7.10659408569,
        "min": -1.27768194675,
        "stdev": 19.4394683838,
        "var": 377.892913818
    },
    "spectral_rms": {
        "dmean": 0.00115940219257,
        "dmean2": 0.00164869450964,
        "dvar": 4.10673283113e-06,
        "dvar2": 7.37244909033e-06,
        "max": 0.0180169865489,
        "mean": 0.00436210399494,
        "median": 0.00412338972092,
        "min": 3.24587470617e-12,
        "stdev": 0.00299119157717,
        "var": 8.94722688827e-06
    },
    "spectral_rolloff": {
        "dmean": 646.263366699,
        "dmean2": 1135.39416504,
        "dvar": 2940091.5,
        "dvar2": 6006717,
        "max": 18604.6875,
        "mean": 1056.62658691,
        "median": 473.73046875,
        "min": 64.599609375,
        "stdev": 1891.16394043,
        "var": 3576501.25
    },
    "spectral_skewness": {
        "dmean": 0.866768717766,
        "dmean2": 1.24990916252,
        "dvar": 0.937707722187,
        "dvar2": 1.97882175446,
        "max": 10.047706604,
        "mean": 2.66720056534,
        "median": 2.36978530884,
        "min": 0.0167830269784,
        "stdev": 1.66451370716,
        "var": 2.77060604095
    },
    "spectral_spread": {
        "dmean": 1481495.875,
        "dmean2": 2069379.625,
        "dvar": 3.64512673792e+12,
        "dvar2": 6.51507164774e+12,
        "max": 39013496,
        "mean": 4905486,
        "median": 4281106,
        "min": 615580.5,
        "stdev": 3197098.5,
        "var": 1.02214381076e+13
    },
    "spectral_strongpeak": {
        "dmean": 0.381408721209,
        "dmean2": 0.629296660423,
        "dvar": 0.444381475449,
        "dvar2": 0.919275522232,
        "max": 9.61323738098,
        "mean": 0.759857654572,
        "median": 0.290075540543,
        "min": 0,
        "stdev": 1.03958082199,
        "var": 1.08072829247
    },
    "zerocrossingrate": {
        "dmean": 0.0167050343007,
        "dmean2": 0.0188086535782,
        "dvar": 0.000708737818059,
        "dvar2": 0.000825446622912,
        "max": 0.509765625,
        "mean": 0.0421061441302,
        "median": 0.02685546875,
        "min": 0.00048828125,
        "stdev": 0.0447713285685,
        "var": 0.00200447184034
    },
    "barkbands": {
        "dmean": [0.000443409458967, 0.0106104826555, 0.00341310631484, 0.00118753802963, 0.0019340676954, 0.00105899700429, 0.000772663392127, 0.000400899443775, 0.000465359422378, 0.000562057946809, 0.000528924458195, 0.000181914627319, 0.000203414398129, 0.000134901623824, 0.000128845946165, 7.92520950199e-05, 0.000117965464597, 7.58760288591e-05, 7.57868474466e-05, 6.79424338159e-05, 0.000134058893309, 0.000187574303709, 0.000150151579874, 0.000108672189526, 8.5092651716e-05, 4.71565654152e-05, 3.36392849931e-06],
        "dmean2": [0.000732364365831, 0.0171278584749, 0.00573839107528, 0.00216824561357, 0.00345459324308, 0.00175972376019, 0.00116401270498, 0.000548016512766, 0.000681031146087, 0.000819517939817, 0.00077571941074, 0.000260302331299, 0.000309317256324, 0.000213811625144, 0.000204548996408, 0.000129203603137, 0.000201517628739, 0.000124205864267, 0.000126855826238, 0.000109645894554, 0.000217900669668, 0.000296008773148, 0.000236806721659, 0.000177462032298, 0.000137272116262, 7.86157033872e-05, 6.00861449129e-06],
        "dvar": [8.81368976025e-07, 0.00128997315187, 0.000149302795762, 1.50076357386e-05, 4.5350734581e-05, 5.68431050851e-06, 5.78527851758e-06, 9.30473788685e-07, 1.55120881118e-06, 2.78986203739e-06, 7.05146885593e-06, 3.25903869225e-07, 6.02670127137e-07, 1.77692470515e-07, 2.1167429054e-07, 8.86313742399e-08, 2.67022841172e-07, 1.17643836006e-07, 1.23868858282e-07, 6.28513561196e-08, 2.90116105361e-07, 4.40542692104e-07, 1.85158882005e-07, 8.14698211116e-08, 7.42865466918e-08, 1.97113738665e-08, 2.20677212615e-10],
        "dvar2": [2.23740357796e-06, 0.0032172491774, 0.000404549442464, 4.36268310295e-05, 0.000127789520775, 1.63209115271e-05, 1.00441575341e-05, 1.72768920947e-06, 2.65996300186e-06, 6.30069143881e-06, 1.15181128422e-05, 6.34519153664e-07, 1.33824812565e-06, 4.08911432714e-07, 4.60498057464e-07, 2.14328608195e-07, 6.73115778227e-07, 3.0903444781e-07, 3.22170365052e-07, 1.36485709845e-07, 7.25547977254e-07, 9.92735181171e-07, 4.35942979493e-07, 2.02373911407e-07, 1.70802110233e-07, 4.99803363141e-08, 6.11726835853e-10],
        "max": [0.0124125164002, 0.26675671339, 0.115313366055, 0.0367471724749, 0.0570922791958, 0.0234888643026, 0.042246054858, 0.0195768103004, 0.0264983158559, 0.0211685858667, 0.0542408525944, 0.0114925503731, 0.0151092177257, 0.00752986874431, 0.00547459442168, 0.0038238032721, 0.00526620866731, 0.00444958359003, 0.00414675287902, 0.00334477494471, 0.00595102785155, 0.00713593140244, 0.0041670827195, 0.00236052251421, 0.00386199983768, 0.00140682444908, 0.000257650477579],
        "mean": [0.000755544053391, 0.0122671984136, 0.00372131261975, 0.00132947869133, 0.00200552982278, 0.0019524480449, 0.00150943861809, 0.000795216823462, 0.000835167127661, 0.000912832038011, 0.000804707466159, 0.000268025818514, 0.000245728355367, 0.000170902552782, 0.000142035074532, 7.13729896233e-05, 9.75818402367e-05, 6.33660820313e-05, 5.94533230469e-05, 5.90877607465e-05, 0.000109393753519, 0.000163680320838, 0.000126340586576, 9.06275454327e-05, 7.7951750427e-05, 3.81470745197e-05, 2.09271252061e-06],
        "median": [0.000179143127752, 0.00426205340773, 0.00110642448999, 0.000318373728078, 0.000575846293941, 0.000521247682627, 9.59982426139e-05, 9.34804556891e-05, 3.33699790644e-05, 3.62115897588e-05, 1.08986823761e-05, 9.28478038986e-06, 4.78499578094e-06, 2.54857468462e-06, 2.61120521827e-06, 1.38658083415e-06, 1.71486954059e-06, 1.64989080531e-06, 1.55268548951e-06, 1.93947835214e-06, 3.11397525365e-06, 3.91805406252e-06, 2.90273510473e-06, 1.70806947608e-06, 1.3334755522e-06, 3.39310986419e-07, 2.05219796712e-09],
        "min": [2.10096488695e-23, 4.18790130265e-23, 5.60301079708e-23, 2.03241208542e-23, 2.96841763757e-23, 2.50069301386e-23, 3.56913079928e-23, 4.8088361248e-23, 6.81038513171e-23, 1.13142091341e-22, 1.17658616635e-22, 7.62405161033e-23, 7.98279210232e-23, 7.16556817657e-23, 1.44736992959e-22, 1.19231794607e-22, 1.45271146455e-22, 1.67222557984e-22, 1.88296983378e-22, 3.03549612118e-22, 4.11184823252e-22, 6.53573961035e-22, 8.54682752333e-22, 9.03368268665e-22, 1.30190877494e-21, 1.91605625049e-21, 2.11245510042e-21],
        "stdev": [0.0012036266271, 0.0333890132606, 0.0103191165254, 0.0031768034678, 0.00540410773829, 0.00342297111638, 0.00440346123651, 0.00189774797764, 0.00277008279227, 0.00242437422276, 0.00415361858904, 0.000831443059724, 0.000944706727751, 0.000622942927293, 0.000521976093296, 0.000297195831081, 0.000463676813524, 0.000306015805108, 0.000310589472065, 0.000253819162026, 0.000498051813338, 0.000665602157824, 0.000421726843342, 0.000270628283033, 0.000284592475509, 0.000131469234475, 1.16922301459e-05],
        "var": [1.44871705743e-06, 0.00111482618377, 0.000106484170828, 1.00920797195e-05, 2.9204378734e-05, 1.17167310236e-05, 1.93904706975e-05, 3.60144736078e-06, 7.67335859564e-06, 5.87758995607e-06, 1.72525469679e-05, 6.91297543653e-07, 8.92470779945e-07, 3.88057884493e-07, 2.72459061534e-07, 8.83253576944e-08, 2.14996177306e-07, 9.36456672207e-08, 9.64658255498e-08, 6.44241708869e-08, 2.48055613383e-07, 4.43026237917e-07, 1.77853522132e-07, 7.32396685521e-08, 8.0992883511e-08, 1.72841581048e-08, 1.36708241949e-10]
    },
    "erbbands": {
        "dmean": [0.209931910038, 2.72904682159, 4.65057420731, 3.77628755569, 4.91939783096, 6.75568580627, 8.4424495697, 8.54832267761, 10.5811748505, 9.34668827057, 10.1369552612, 10.4859285355, 15.2580280304, 24.2172985077, 9.50722026825, 7.66400337219, 8.68867206573, 8.38716697693, 5.52889823914, 6.96576976776, 4.7348151207, 6.37289524078, 4.45340251923, 3.81248760223, 3.93685269356, 3.172134161, 3.98773527145, 6.49882936478, 6.32288455963, 5.92307949066, 4.3452372551, 2.65863060951, 1.69081616402, 0.911589086056, 0.673814713955, 0.272326171398, 0.0742635577917, 0.0120955295861, 0.00039064133307, 2.89962845272e-05],
        "dmean2": [0.297315865755, 4.59706306458, 7.72955846786, 6.73566150665, 8.8262348175, 12.0880384445, 14.4853277206, 14.3865814209, 16.5867137909, 13.1045179367, 13.7714567184, 15.101606369, 21.5200004578, 34.5426750183, 14.483830452, 10.9558525085, 13.0855894089, 13.0358943939, 8.66750907898, 10.9828929901, 7.67724752426, 10.9172143936, 7.36629486084, 6.20053958893, 6.4589972496, 5.13155317307, 6.30727481842, 10.6111917496, 10.1069955826, 9.35276508331, 6.87657213211, 4.36965703964, 2.77408719063, 1.46338915825, 1.10414898396, 0.445505708456, 0.12409427762, 0.0210754610598, 0.000684380531311, 4.58176873508e-05],
        "dvar": [0.313052356243, 98.2365875244, 274.014709473, 172.170394897, 267.798492432, 617.020324707, 503.807373047, 442.981689453, 793.12487793, 1005.80236816, 714.252929688, 819.708618164, 1822.53967285, 8662.51367188, 1077.53186035, 628.033203125, 887.360107422, 573.18927002, 273.337402344, 668.081542969, 303.747070312, 823.200317383, 403.087738037, 310.457183838, 313.486938477, 144.145324707, 219.641525269, 661.551452637, 521.294677734, 396.757507324, 152.516967773, 59.124874115, 19.1253871918, 5.53562641144, 8.50741386414, 0.922903180122, 0.048084590584, 0.00177502725273, 2.26461202146e-06, 3.46157102982e-09],
        "dvar2": [0.68363058567, 253.121063232, 697.952331543, 491.483886719, 768.112731934, 1715.24475098, 1496.99743652, 1210.78015137, 1638.20593262, 1603.24328613, 1306.1854248, 1388.70629883, 3530.41552734, 13668.1269531, 1992.71325684, 1257.4185791, 1868.2869873, 1358.31713867, 607.476074219, 1647.26940918, 714.887145996, 2066.05737305, 1074.20202637, 797.656982422, 778.8828125, 320.716522217, 515.478881836, 1636.34887695, 1175.07824707, 940.977355957, 360.334899902, 153.389663696, 46.3473129272, 12.6834392548, 19.9100112915, 2.30259656906, 0.12513820827, 0.00475568464026, 6.25407983534e-06, 7.83800047088e-09],
        "max": [5.2897810936, 69.3142471313, 135.7318573, 116.545288086, 165.38734436, 208.86026001, 220.505340576, 211.711654663, 597.45715332, 620.384155273, 535.709350586, 706.492980957, 706.268554688, 2244.60351562, 657.286254883, 593.484313965, 480.791290283, 370.120147705, 252.014038086, 315.119384766, 170.135986328, 273.88973999, 230.982696533, 226.871826172, 202.164505005, 165.808883667, 172.847885132, 279.63949585, 218.927566528, 245.817825317, 132.007919312, 84.670135498, 39.8907546997, 18.5660362244, 47.6771850586, 13.9298849106, 2.11287355423, 0.589958131313, 0.0238171610981, 0.000479953712784],
        "mean": [0.315381020308, 2.7943482399, 5.10832214355, 4.37559604645, 5.48543357849, 6.31126642227, 11.5992174149, 15.8461122513, 21.3849563599, 19.5088615417, 20.1334133148, 19.366071701, 28.6030349731, 38.037940979, 13.8473834991, 11.8650197983, 11.1579322815, 10.5989742279, 6.74495792389, 6.96310472488, 4.45248889923, 5.1263833046, 3.66560554504, 3.08953237534, 3.10018658638, 2.74510765076, 3.33715558052, 5.32975149155, 5.48351335526, 4.90250682831, 3.6967010498, 2.11135268211, 1.44871532917, 0.805804610252, 0.627471804619, 0.232958316803, 0.0588006265461, 0.00850389059633, 0.000270548742265, 4.0825434553e-05],
        "median": [0.120733857155, 0.875028252602, 1.47280299664, 1.21813464165, 1.37121939659, 1.51206684113, 2.97581315041, 3.07344174385, 2.18798494339, 2.0139131546, 2.50074481964, 1.55719351768, 1.99049973488, 1.38496565819, 0.74965941906, 0.544915676117, 0.404735803604, 0.297733604908, 0.164280295372, 0.143188640475, 0.0876715704799, 0.10148653388, 0.10137155652, 0.078932441771, 0.0847314149141, 0.0962041318417, 0.125498458743, 0.116644397378, 0.142398923635, 0.104102864861, 0.0876773148775, 0.0433533042669, 0.0277294777334, 0.0168238468468, 0.00583382416517, 0.00238586356863, 0.000566342729144, 3.44452200807e-05, 1.47611108332e-05, 2.18846289499e-05],
        "min": [2.14249027888e-21, 6.90415507114e-21, 4.00254216098e-20, 9.0598850058e-20, 1.24634960583e-19, 7.50268971457e-20, 5.51153091707e-20, 2.61212392958e-19, 4.65089071949e-19, 6.30671502031e-19, 1.36445323877e-18, 1.45785671578e-18, 3.75379855932e-18, 1.8825553339e-18, 6.6103294928e-18, 2.59197065623e-18, 3.78231767889e-18, 2.64274031389e-18, 5.89879948322e-18, 9.24448284475e-18, 5.84252762692e-18, 8.96948830447e-18, 8.29893930398e-18, 1.29221658985e-17, 7.16531970734e-18, 1.41321789334e-17, 1.54496576192e-17, 2.02848029235e-17, 2.25442120251e-17, 2.64752886246e-17, 2.57169509457e-17, 1.65414500009e-17, 1.59188261908e-17, 1.37992271563e-17, 9.16756249241e-18, 6.52021188737e-18, 3.72280947845e-18, 1.25958235013e-18, 3.01926171009e-19, 3.32927982714e-20],
        "stdev": [0.638574838638, 8.66426753998, 14.6501026154, 10.7585964203, 13.3076696396, 19.8961868286, 24.3326587677, 31.5604553223, 57.2880249023, 57.9726676941, 53.2002601624, 63.9892959595, 77.5584259033, 151.213607788, 48.3031845093, 37.1129417419, 38.0222320557, 32.0234680176, 19.3427944183, 26.1821136475, 17.356967926, 25.5200538635, 17.540555954, 15.8714971542, 16.1769161224, 11.9587726593, 14.3514146805, 24.0871696472, 22.6740169525, 19.1957855225, 12.1780958176, 6.96835327148, 4.19621610641, 2.36627388, 3.0224070549, 0.937768638134, 0.195029944181, 0.0348706431687, 0.00119807361625, 6.16332908976e-05],
        "var": [0.40777784586, 75.0695266724, 214.62550354, 115.747390747, 177.094070435, 395.85824585, 592.078308105, 996.062316895, 3281.91796875, 3360.83007812, 2830.26757812, 4094.63012695, 6015.30957031, 22865.5566406, 2333.19775391, 1377.37036133, 1445.69006348, 1025.50244141, 374.143707275, 685.503112793, 301.264312744, 651.273132324, 307.671081543, 251.904434204, 261.692626953, 143.012237549, 205.963104248, 580.191772461, 514.111022949, 368.478149414, 148.306015015, 48.5579452515, 17.6082305908, 5.59925222397, 9.13494491577, 0.879410028458, 0.0380366817117, 0.00121596187819, 1.4353804545e-06, 3.79866227362e-09]
    },
    "gfcc": {
        "mean": [-120.445007324, 121.641853333, -67.8059539795, 26.3444442749, -70.8468170166, 19.3706932068, -26.1569480896, 3.08912277222, -12.3485937119, 1.03323674202, -10.7276382446, 1.25937008858, -3.07701253891],
        "cov": [[12277.4150391, -2462.68579102, -1330.60437012, -41.8884735107, -32.0914306641, 648.053344727, -572.106994629, 350.890441895, -448.594848633, 473.139587402, -178.572341919, 322.670654297, -361.049316406], [-2462.68579102, 4130.49169922, 151.929351807, -583.948242188, 856.074951172, -317.493591309, 655.919189453, -516.859069824, 517.335510254, -510.273193359, 432.272827148, -465.556274414, 268.236877441], [-1330.60437012, 151.929351807, 2801.58105469, 982.526977539, -30.3120689392, 240.755966187, 212.921264648, 153.365234375, 27.8633480072, 74.8653564453, -170.29725647, -36.0240516663, -168.198165894], [-41.8884735107, -583.948242188, 982.526977539, 943.913696289, 48.4520950317, 121.877212524, -7.84270381927, 142.586013794, -38.5517692566, 58.84948349, -106.862129211, 5.74672317505, -98.5502853394], [-32.0914306641, 856.074951172, -30.3120689392, 48.4520950317, 693.39855957, 62.1371765137, 238.772262573, -81.3261489868, 143.842758179, -119.119873047, 119.613945007, -114.791954041, 13.4236631393], [648.053344727, -317.493591309, 240.755966187, 121.877212524, 62.1371765137, 347.744018555, 97.0974349976, 104.763519287, -26.5062179565, 77.9872665405, -46.894367218, 49.7222061157, -45.6837730408], [-572.106994629, 655.919189453, 212.921264648, -7.84270381927, 238.772262573, 97.0974349976, 412.440551758, 37.6470489502, 133.030059814, -116.820068359, 48.1947822571, -68.8690338135, 43.8915748596], [350.890441895, -516.859069824, 153.365234375, 142.586013794, -81.3261489868, 104.763519287, 37.6470489502, 264.617614746, 7.97054290771, 79.008392334, -77.5793762207, 35.4613227844, -65.8290863037], [-448.594848633, 517.335510254, 27.8633480072, -38.5517692566, 143.842758179, -26.5062179565, 133.030059814, 7.97054290771, 253.916519165, 14.3169136047, 80.6796417236, -90.3477325439, -17.4248371124], [473.139587402, -510.273193359, 74.8653564453, 58.84948349, -119.119873047, 77.9872665405, -116.820068359, 79.008392334, 14.3169136047, 274.566711426, 23.3866539001, 70.3054199219, -110.068992615], [-178.572341919, 432.272827148, -170.29725647, -106.862129211, 119.613945007, -46.894367218, 48.1947822571, -77.5793762207, 80.6796417236, 23.3866539001, 204.916915894, -1.91037976742, 40.1617889404], [322.670654297, -465.556274414, -36.0240516663, 5.74672317505, -114.791954041, 49.7222061157, -68.8690338135, 35.4613227844, -90.3477325439, 70.3054199219, -1.91037976742, 204.245147705, 43.977645874], [-361.049316406, 268.236877441, -168.198165894, -98.5502853394, 13.4236631393, -45.6837730408, 43.8915748596, -65.8290863037, -17.4248371124, -110.068992615, 40.1617889404, 43.977645874, 216.907333374]],
        "icov": [[0.000129617532366, -6.18233461864e-05, 0.000109429012809, -3.75733652618e-05, -6.90638116794e-05, -0.000262952933554, 0.000199217305635, -0.000173732740222, 0.000199836402317, -8.29360651551e-05, 7.21107062418e-05, -0.000128796411445, 0.000202574010473], [-6.18233461864e-05, 0.00167443160899, -0.000734473986086, 0.00106089492328, -0.000626362103503, 0.00064838770777, -0.000851763878018, 0.00154365866911, -0.00140213093255, 0.00131513888482, -0.00174293736927, 0.00180148333311, -0.000932752620429], [0.000109429012809, -0.000734473986086, 0.00106128363404, -0.00117688602768, 0.000503704417497, -0.000562530709431, -0.000140131814987, -0.000321975268889, 0.000588444934692, -0.000782464398071, 0.00109962932765, -0.000824666058179, 0.000773478939664], [-3.75733652618e-05, 0.00106089492328, -0.00117688602768, 0.00268093938939, -0.00102676870301, 0.000424477271736, 0.00020353961736, 1.95427019207e-05, -0.000549460470211, 0.000859314051922, -0.000943839142565, 0.00116540805902, -0.000620948325377], [-6.90638116794e-05, -0.000626362103503, 0.000503704417497, -0.00102676870301, 0.00289948587306, -0.00102223188151, -0.000591563817579, 0.000378002470825, -0.000356876174919, 0.000710268504918, -0.000620352395345, -0.000191373270354, 0.000908819027245], [-0.000262952933554, 0.00064838770777, -0.000562530709431, 0.000424477271736, -0.00102223188151, 0.00550129450858, -0.00253581395373, 0.000131700522616, 0.000655837298837, -0.00180778757203, 0.000749601400457, 6.59364886815e-05, -0.000724690617062], [0.000199217305635, -0.000851763878018, -0.000140131814987, 0.00020353961736, -0.000591563817579, -0.00253581395373, 0.0063224285841, -0.00275169871747, -0.00123176223133, 0.00239898636937, -0.000630245078355, -0.000802045047749, 0.000154524823301], [-0.000173732740222, 0.00154365866911, -0.000321975268889, 1.95427019207e-05, 0.000378002470825, 0.000131700522616, -0.00275169871747, 0.00792630854994, -0.00244865310378, -0.000178287067683, 0.000787825440057, 0.000603647727985, -2.76627961284e-05], [0.000199836402317, -0.00140213093255, 0.000588444934692, -0.000549460470211, -0.000356876174919, 0.000655837298837, -0.00123176223133, -0.00244865310378, 0.00870547257364, -0.00374208553694, -2.75865186268e-05, 0.00129176233895, 0.000483183772303], [-8.29360651551e-05, 0.00131513888482, -0.000782464398071, 0.000859314051922, 0.000710268504918, -0.00180778757203, 0.00239898636937, -0.000178287067683, -0.00374208553694, 0.0103718331084, -0.00485500600189, -0.00131038331892, 0.00318217161112], [7.21107062418e-05, -0.00174293736927, 0.00109962932765, -0.000943839142565, -0.000620352395345, 0.000749601400457, -0.000630245078355, 0.000787825440057, -2.75865186268e-05, -0.00485500600189, 0.0106775192544, -0.00285840127617, -0.000601164007094], [-0.000128796411445, 0.00180148333311, -0.000824666058179, 0.00116540805902, -0.000191373270354, 6.59364886815e-05, -0.000802045047749, 0.000603647727985, 0.00129176233895, -0.00131038331892, -0.00285840127617, 0.0104574849829, -0.00433310028166], [0.000202574010473, -0.000932752620429, 0.000773478939664, -0.000620948325377, 0.000908819027245, -0.000724690617062, 0.000154524823301, -2.76627961284e-05, 0.000483183772303, 0.00318217161112, -0.000601164007094, -0.00433310028166, 0.00881349854171]]
    },
    "melbands": {
        "dmean": [0.00243203737773, 0.00276313978247, 0.000683574762661, 0.000402319274144, 0.000307485897793, 0.000195129658096, 0.000164266501088, 9.4632836408e-05, 8.55146499816e-05, 6.77804928273e-05, 7.68188547227e-05, 9.69370812527e-05, 4.59383190901e-05, 1.8612601707e-05, 1.87571185961e-05, 2.35530478676e-05, 1.4692653167e-05, 8.52559605846e-06, 1.04659729914e-05, 7.14366842658e-06, 5.42051975572e-06, 7.51663947085e-06, 4.34991761722e-06, 3.65035816685e-06, 3.0326311844e-06, 2.72742954621e-06, 2.69060524261e-06, 1.95275742954e-06, 2.27237569561e-06, 3.16667001243e-06, 3.8557627704e-06, 3.74718888452e-06, 3.68965220332e-06, 2.99214343613e-06, 2.61039213001e-06, 2.05848346013e-06, 1.45757621794e-06, 1.29150964767e-06, 9.34488014082e-07, 7.10347592303e-07],
        "dmean2": [0.0037871808745, 0.00451013725251, 0.00121472473256, 0.000718118622899, 0.00053536624182, 0.000327328423737, 0.000254350306932, 0.000131054577651, 0.000115985007142, 9.82528945315e-05, 0.000108986270789, 0.000138691248139, 6.85811246512e-05, 2.76073387795e-05, 2.64311074716e-05, 3.50288755726e-05, 2.35647075897e-05, 1.33750218083e-05, 1.62044361787e-05, 1.17361896628e-05, 8.77417915035e-06, 1.28180690808e-05, 7.2105099207e-06, 6.06479943599e-06, 4.93470452056e-06, 4.49803656011e-06, 4.4577409426e-06, 3.23998983731e-06, 3.64316088053e-06, 5.16551290275e-06, 6.29333862889e-06, 5.96636709815e-06, 5.83042492508e-06, 4.73605905427e-06, 4.15539670939e-06, 3.33792286256e-06, 2.45442447522e-06, 2.13105522562e-06, 1.50328060045e-06, 1.15571185688e-06],
        "dvar": [5.79455263505e-05, 9.41546968534e-05, 5.37114283361e-06, 2.08280312108e-06, 7.48596107769e-07, 2.09043207633e-07, 1.96941272179e-07, 8.62117204292e-08, 5.62979316499e-08, 3.83780083268e-08, 4.90972453804e-08, 1.25224403291e-07, 4.25857393793e-08, 3.1434475023e-09, 4.79644945983e-09, 9.76253655693e-09, 1.96623761717e-09, 7.80992270855e-10, 1.64641977829e-09, 7.98209554009e-10, 4.11155387514e-10, 1.14188625222e-09, 3.8283476389e-10, 2.87924822873e-10, 1.96166749511e-10, 1.52064139058e-10, 1.40404493587e-10, 5.05868610889e-11, 6.98627267148e-11, 1.68030589442e-10, 2.30170230098e-10, 1.9839214993e-10, 1.75173597849e-10, 9.98499408156e-11, 5.70622160634e-11, 3.69810362888e-11, 1.68176479687e-11, 1.13848175678e-11, 5.93071295199e-12, 3.4553662015e-12],
        "dvar2": [0.000138300660183, 0.00023220400908, 1.53534183482e-05, 5.87111389905e-06, 2.15759200728e-06, 5.63552589483e-07, 3.81286128004e-07, 1.40887678413e-07, 1.0224426461e-07, 6.24444567165e-08, 9.60459303201e-08, 2.03370646545e-07, 7.3517860244e-08, 6.65389432442e-09, 8.70753069648e-09, 2.09107096083e-08, 4.60307747474e-09, 1.77123349321e-09, 3.54700113725e-09, 2.05344008464e-09, 9.69392455197e-10, 2.90825763472e-09, 9.92949167333e-10, 7.69955654789e-10, 5.03344699254e-10, 3.86687376563e-10, 3.31992155989e-10, 1.13503095811e-10, 1.61069990678e-10, 4.24466628512e-10, 5.6369819923e-10, 4.55364967955e-10, 4.19850904043e-10, 2.38676717279e-10, 1.36005109952e-10, 9.1639480726e-11, 4.44125188015e-11, 2.82981034438e-11, 1.38695001664e-11, 7.93686037032e-12],
        "max": [0.0611049346626, 0.0759283602238, 0.0206286720932, 0.0126387709752, 0.00782370008528, 0.0057719280012, 0.0079248668626, 0.00544204656035, 0.00493683712557, 0.00475886976346, 0.00362862204202, 0.00830272585154, 0.0045135715045, 0.00108361244202, 0.00179888121784, 0.00191729550716, 0.000846107432153, 0.000577107421122, 0.000616659584921, 0.000382314086892, 0.000211891354411, 0.000341297069099, 0.000182324292837, 0.00023321613844, 0.000179016133188, 0.000137514725793, 0.000124220037833, 0.000107362684503, 0.000110431021312, 0.000154595516506, 0.000168562022736, 0.00016250628687, 0.000161159725394, 0.000116693234304, 8.77313868841e-05, 7.1743656008e-05, 3.97413605242e-05, 3.02987864416e-05, 2.11379519897e-05, 1.54512144945e-05],
        "mean": [0.00316404714249, 0.003046376165, 0.000801748596132, 0.00040599796921, 0.000382043683203, 0.000375264586182, 0.000329690752551, 0.000196676555788, 0.00016198202502, 0.000123061108752, 0.000140825111885, 0.000149779356434, 6.77990610711e-05, 2.66748211288e-05, 2.57710580627e-05, 2.88853188977e-05, 1.83983229363e-05, 1.03432776086e-05, 1.17261124615e-05, 6.48908053336e-06, 5.02920329382e-06, 5.96172685619e-06, 3.50283562511e-06, 2.98203553939e-06, 2.43650401899e-06, 2.15543150262e-06, 2.15800741898e-06, 1.71287263129e-06, 1.92750508177e-06, 2.56452790381e-06, 3.18012735079e-06, 3.2078962704e-06, 3.03341948893e-06, 2.45405522037e-06, 2.20975266529e-06, 1.69648433257e-06, 1.11910117084e-06, 1.07363041479e-06, 8.21088804059e-07, 6.14441262314e-07],
        "median": [0.00120188307483, 0.00100858439691, 0.000237613421632, 0.000106952633359, 0.000108124993858, 7.65970980865e-05, 2.92493259622e-05, 2.06709664781e-05, 1.47407308759e-05, 5.5262398746e-06, 7.21905234968e-06, 3.49273295797e-06, 1.53844507622e-06, 1.20525692182e-06, 6.81889900989e-07, 5.16459067512e-07, 3.58629534958e-07, 1.97457325157e-07, 1.93172752461e-07, 1.23043975009e-07, 8.9011223281e-08, 1.02465151031e-07, 9.29500103553e-08, 7.4471103062e-08, 5.63562068123e-08, 5.89038648968e-08, 4.75141881395e-08, 6.17869346797e-08, 7.48823580921e-08, 6.46086846245e-08, 6.2807352208e-08, 8.04100039886e-08, 6.93784869554e-08, 4.98462497944e-08, 5.01831785016e-08, 3.71668633647e-08, 2.26805632053e-08, 1.78190155964e-08, 2.03225027917e-08, 1.17703322644e-08],
        "min": [1.60815464422e-23, 1.71318090301e-23, 1.67418403748e-23, 6.50877694415e-24, 1.88388405257e-24, 5.47256949096e-24, 7.75954746381e-24, 7.49086775038e-24, 1.14430766628e-23, 9.08732816277e-24, 1.93901095425e-23, 7.05141148388e-24, 1.91835699803e-23, 1.04103449307e-23, 8.1657966305e-24, 7.47917919835e-24, 4.36007563835e-24, 9.38737693009e-24, 1.26397336909e-23, 7.95956393519e-24, 6.61112218027e-24, 9.91890746373e-24, 5.91229673117e-24, 9.85205623517e-24, 1.11735205249e-23, 5.16069806524e-24, 5.87214055565e-24, 1.03046872676e-23, 1.06216239692e-23, 8.61936877404e-24, 1.2523390118e-23, 1.19960050484e-23, 1.31304406727e-23, 1.47820464067e-23, 1.62151905236e-23, 1.08298422274e-23, 8.98516042035e-24, 1.07172181337e-23, 1.22662104189e-23, 1.14064017304e-23],
        "stdev": [0.00759195489809, 0.00881623476744, 0.0018950921949, 0.00114885508083, 0.000828385644127, 0.000744945951737, 0.000863335386384, 0.000539773609489, 0.000466891942779, 0.00043494568672, 0.000395177834434, 0.000569217081647, 0.00031156008481, 7.73908905103e-05, 0.000103135673271, 0.000123065285152, 6.48092245683e-05, 3.43325700669e-05, 4.90461970912e-05, 2.71892040473e-05, 2.02688806894e-05, 2.97186506941e-05, 1.72158470377e-05, 1.48372255353e-05, 1.26178483697e-05, 1.11051122076e-05, 1.11474773803e-05, 7.07106164555e-06, 8.19463457447e-06, 1.18355965242e-05, 1.43372417369e-05, 1.37633396662e-05, 1.25956221382e-05, 9.55952236836e-06, 7.39873348721e-06, 5.69038229514e-06, 3.65080609299e-06, 3.14490034725e-06, 2.4112457595e-06, 1.8540849851e-06],
        "var": [5.76377788093e-05, 7.77259920142e-05, 3.59137447958e-06, 1.31986803353e-06, 6.86222733748e-07, 5.54944449505e-07, 7.45348017972e-07, 2.91355547688e-07, 2.17988088025e-07, 1.89177754351e-07, 1.56165526732e-07, 3.24008084363e-07, 9.70696945046e-08, 5.98934946083e-09, 1.06369677511e-08, 1.5145065646e-08, 4.20023571479e-09, 1.17872533956e-09, 2.40552955333e-09, 7.3925277011e-10, 4.10827510899e-10, 8.83198181256e-10, 2.96385360699e-10, 2.20143264729e-10, 1.59210103434e-10, 1.23323518064e-10, 1.24266250068e-10, 4.99999139314e-11, 6.71520408724e-11, 1.4008133542e-10, 2.05556502375e-10, 1.89429513742e-10, 1.58649690607e-10, 9.13844694361e-11, 5.47412601359e-11, 3.2380452486e-11, 1.33283852705e-11, 9.89039839611e-12, 5.8141057073e-12, 3.4376310392e-12]
    },
    "melbands128": {
