{
"lowlevel": {
    "average_loudness": 0.808647096157,
    "barkbands_crest": {
        "dmean": 2.43222808838,
        "dmean2": 3.86513781548,
        "dvar": 6.16463327408,
        "dvar2": 13.9072580338,
        "max": 26.169418335,
        "mean": 13.2821092606,
        "median": 12.4295082092,
        "min": 2.97159051895,
        "stdev": 5.03252077103,
        "var": 25.3262634277
    },
    "barkbands_flatness_db": {
        "dmean": 0.0267356578261,
        "dmean2": 0.0386836118996,
        "dvar": 0.000852066732477,
        "dvar2": 0.00176179769915,
        "max": 0.405336856842,
        "mean": 0.202544510365,
        "median": 0.203258916736,
        "min": 0.046633798629,
        "stdev": 0.0595342293382,
        "var": 0.0035443243105
    },
    "barkbands_kurtosis": {
        "dmean": 5.49618816376,
        "dmean2": 8.7537727356,
        "dvar": 126.266166687,
        "dvar2": 320.138061523,
        "max": 178.284835815,
        "mean": 9.30461215973,
        "median": 5.32921791077,
        "min": -1.94680297375,
        "stdev": 15.1788864136,
        "var": 230.398590088
    },
    "barkbands_skewness": {
        "dmean": 0.672904908657,
        "dmean2": 1.01544880867,
        "dvar": 0.68543702364,
        "dvar2": 1.492202878,
        "max": 11.5118942261,
        "mean": 1.52304673195,
        "median": 1.43822979927,
        "min": -2.63280272484,
        "stdev": 1.81945836544,
        "var": 3.31042861938
    },
    "barkbands_spread": {
        "dmean": 4.20976448059,
        "dmean2": 6.5769367218,
        "dvar": 77.4166946411,
        "dvar2": 146.998123169,
        "max": 108.075393677,
        "mean": 12.0391149521,
        "median": 8.0752248764,
        "min": 0.563560009003,
        "stdev": 14.2996082306,
        "var": 204.478805542
    },
    "dissonance": {
        "dmean": 0.0348106585443,
        "dmean2": 0.0567720681429,
        "dvar": 0.00128794112243,
        "dvar2": 0.0032172196079,
        "max": 0.49914419651,
        "mean": 0.427475988865,
        "median": 0.435082644224,
        "min": 0.0771840587258,
        "stdev": 0.0483971387148,
        "var": 0.00234228302725
    },
    "dynamic_complexity": 2.8686542511,
    "erbbands_crest": {
        "dmean": 2.74983286858,
        "dmean2": 4.17785072327,
        "dvar": 9.80836868286,
        "dvar2": 20.5802059174,
        "max": 33.0944404602,
        "mean": 16.0811309814,
        "median": 14.2548122406,
        "min": 2.85447764397,
        "stdev": 8.10233020782,
        "var": 65.6477584839
    },
    "erbbands_flatness_db": {
        "dmean": 0.0223127305508,
        "dmean2": 0.0305893216282,
        "dvar": 0.000578380539082,
        "dvar2": 0.00107078161091,
        "max": 0.358053714037,
        "mean": 0.207789778709,
        "median": 0.209622293711,
        "min": 0.0599622912705,
        "stdev": 0.0641576498747,
        "var": 0.00411620410159
    },
    "erbbands_kurtosis": {
        "dmean": 4.10646247864,
        "dmean2": 6.26096916199,
        "dvar": 60.783039093,
        "dvar2": 119.351966858,
        "max": 148.038009644,
        "mean": 9.17599201202,
        "median": 3.29960298538,
        "min": -1.65863454342,
        "stdev": 16.1858997345,
        "var": 261.98336792
    },
    "erbbands_skewness": {
        "dmean": 0.573125720024,
        "dmean2": 0.849580049515,
        "dvar": 0.475802540779,
        "dvar2": 0.937212526798,
        "max": 9.12428283691,
        "mean": 1.29537010193,
        "median": 1.21539008617,
        "min": -3.99220871925,
        "stdev": 1.42399418354,
        "var": 2.027759552
    },
    "erbbands_spread": {
        "dmean": 7.57817268372,
        "dmean2": 11.3772945404,
        "dvar": 144.438476562,
        "dvar2": 341.847381592,
        "max": 136.332366943,
        "mean": 24.117975235,
        "median": 18.3921012878,
        "min": 1.13451135159,
        "stdev": 21.6019802094,
        "var": 466.645507812
    },
    "hfc": {
        "dmean": 5.22196674347,
        "dmean2": 7.25460290909,
        "dvar": 139.275680542,
        "dvar2": 255.214752197,
        "max": 195.481399536,
        "mean": 17.0634117126,
        "median": 10.0896978378,
        "min": 1.13146409631e-16,
        "stdev": 20.4133892059,
        "var": 416.706451416
    },
    "loudness_ebu128": {
        "integrated": -11.169752121,
        "loudness_range": 4.77523040771,
        "momentary": {
            "dmean": 0.480048567057,
            "dmean2": 0.438896149397,
            "dvar": 0.172676324844,
            "dvar2": 0.17565356195,
            "max": -6.50727844238,
            "mean": -11.7812414169,
            "median": -11.5884780884,
            "min": -19.003036499,
            "stdev": 2.42713427544,
            "var": 5.89098024368
        },
        "short_term": {
            "dmean": 0.0824060812593,
            "dmean2": 0.0687563717365,
            "dvar": 0.0044233915396,
            "dvar2": 0.00411722296849,
            "max": -8.64341831207,
            "mean": -11.7181835175,
            "median": -12.0420179367,
            "min": -14.4836978912,
            "stdev": 1.77522110939,
            "var": 3.15140986443
        }
    },
    "melbands_crest": {
        "dmean": 2.98955988884,
        "dmean2": 4.64785480499,
        "dvar": 9.22540378571,
        "dvar2": 22.0553359985,
        "max": 36.3349075317,
        "mean": 16.3017539978,
        "median": 15.6430644989,
        "min": 2.35189509392,
        "stdev": 6.02337121964,
        "var": 36.28099823
    },
    "melbands_flatness_db": {
        "dmean": 0.0300358869135,
        "dmean2": 0.0429711006582,
        "dvar": 0.00116513913963,
        "dvar2": 0.00227027223445,
        "max": 0.524196326733,
        "mean": 0.273796975613,
        "median": 0.276188969612,
        "min": 0.00674612214789,
        "stdev": 0.0702286437154,
        "var": 0.00493206223473
    },
    "melbands_kurtosis": {
        "dmean": 9.24396419525,
        "dmean2": 14.3275575638,
        "dvar": 598.973266602,
        "dvar2": 1365.14306641,
        "max": 492.955047607,
        "mean": 16.1304168701,
        "median": 6.42003917694,
        "min": -1.81944644451,
        "stdev": 35.8097648621,
        "var": 1282.3392334
    },
    "melbands_skewness": {
        "dmean": 0.770506560802,
        "dmean2": 1.15181684494,
        "dvar": 1.04239964485,
        "dvar2": 2.35720014572,
        "max": 18.4243755341,
        "mean": 1.99123680592,
        "median": 1.63309931755,
        "min": -2.57104682922,
        "stdev": 2.41709828377,
        "var": 5.84236431122
    },
    "melbands_spread": {
        "dmean": 4.79511404037,
        "dmean2": 7.04089021683,
        "dvar": 181.189468384,
        "dvar2": 301.573913574,
        "max": 259.551269531,
        "mean": 14.527806282,
        "median": 10.5331048965,
        "min": 0.552230417728,
        "stdev": 21.1157817841,
        "var": 445.876220703
    },
    "pitch_salience": {
        "dmean": 0.0656726211309,
        "dmean2": 0.102530434728,
        "dvar": 0.00477347103879,
        "dvar2": 0.0113137904555,
        "max": 0.891279041767,
        "mean": 0.482837229967,
        "median": 0.47382119298,
        "min": 0.0936741158366,
        "stdev": 0.128819197416,
        "var": 0.0165943857282
    },
    "silence_rate_20dB": {
        "dmean": 0,
        "dmean2": 0,
        "dvar": 0,
        "dvar2": 0,
        "max": 1,
        "mean": 1,
        "median": 1,
        "min": 1,
        "stdev": 0,
        "var": 0
    },
    "silence_rate_30dB": {
        "dmean": 0.0139318881556,
        "dmean2": 0.0278853606433,
        "dvar": 0.0137378368527,
        "dvar2": 0.030206233263,
        "max": 1,
        "mean": 0.973704576492,
        "median": 1,
        "min": 0,
        "stdev": 0.16001264751,
        "var": 0.0256040450186
    },
    "silence_rate_60dB": {
        "dmean": 0.022445820272,
        "dmean2": 0.0449264124036,
        "dvar": 0.0219418928027,
        "dvar2": 0.0553022585809,
        "max": 1,
        "mean": 0.0286156218499,
        "median": 0,
        "min": 0,
        "stdev": 0.166724413633,
        "var": 0.0277970321476
    },
    "spectral_centroid": {
        "dmean": 176.709457397,
        "dmean2": 254.032241821,
        "dvar": 199578.171875,
        "dvar2": 263496.375,
        "max": 11090.2597656,
        "mean": 810.111877441,
        "median": 653.483581543,
        "min": 203.092590332,
        "stdev": 683.175415039,
        "var": 466728.625
    },
    "spectral_complexity": {
        "dmean": 2.41253876686,
        "dmean2": 3.59876060486,
        "dvar": 11.3429727554,
        "dvar2": 21.1728878021,
        "max": 51,
        "mean": 11.407579422,
        "median": 10,
        "min": 0,
        "stdev": 6.43836593628,
        "var": 41.4525566101
    },
    "spectral_decrease": {
        "dmean": 1.96996130519e-09,
        "dmean2": 2.92007462654e-09,
        "dvar": 1.01415759355e-17,
        "dvar2": 2.09525461273e-17,
        "max": -1.23627104245e-28,
        "mean": -7.29630045271e-09,
        "median": -4.95036900361e-09,
        "min": -5.41700941881e-08,
        "stdev": 6.73622668756e-09,
        "var": 4.53767527419e-17
    },
    "spectral_energy": {
        "dmean": 0.00769262202084,
        "dmean2": 0.0114346686751,
        "dvar": 0.000148597435327,
        "dvar2": 0.000307778740535,
        "max": 0.20865637064,
        "mean": 0.0290856007487,
        "median": 0.0200346726924,
        "min": 1.07293120656e-20,
        "stdev": 0.0262707490474,
        "var": 0.000690152228344
    },
    "spectral_energyband_high": {
        "dmean": 0.000366851425497,
        "dmean2": 0.000493959640153,
        "dvar": 1.82012331607e-06,
        "dvar2": 3.11579947265e-06,
        "max": 0.0207652505487,
        "mean": 0.000588033581153,
        "median": 6.81775054545e-05,
        "min": 7.69030138608e-21,
        "stdev": 0.00198178575374,
        "var": 3.92747460864e-06
    },
    "spectral_energyband_low": {
        "dmean": 0.00397968990728,
        "dmean2": 0.00604753475636,
        "dvar": 0.000108327614726,
        "dvar2": 0.00024497526465,
        "max": 0.147128865123,
        "mean": 0.00936121307313,
        "median": 0.00289140292443,
        "min": 6.01504483856e-23,
        "stdev": 0.0201909225434,
        "var": 0.000407673360314
    },
    "spectral_energyband_middle_high": {
        "dmean": 0.000990598113276,
        "dmean2": 0.00136874476448,
        "dvar": 4.48713262813e-06,
        "dvar2": 8.2428487076e-06,
        "max": 0.0585443712771,
        "mean": 0.00330664636567,
        "median": 0.000911890761927,
        "min": 1.68493328336e-21,
        "stdev": 0.0072338655591,
        "var": 5.23288108525e-05
    },
    "spectral_energyband_middle_low": {
        "dmean": 0.00483427383006,
        "dmean2": 0.0073981215246,
        "dvar": 4.81464558106e-05,
        "dvar2": 0.000106223254988,
        "max": 0.0776056870818,
        "mean": 0.0168210510164,
        "median": 0.0134828258306,
        "min": 4.16405365883e-22,
        "stdev": 0.01279381942,
        "var": 0.000163681805134
    },
    "spectral_entropy": {
        "dmean": 0.261377602816,
        "dmean2": 0.3567289114,
        "dvar": 0.0849553570151,
        "dvar2": 0.149563848972,
        "max": 9.81990718842,
        "mean": 6.95539617538,
        "median": 6.91367006302,
        "min": 5.43904924393,
        "stdev": 0.647277235985,
        "var": 0.418967843056
    },
    "spectral_flux": {
        "dmean": 0.0233443379402,
        "dmean2": 0.0358636602759,
        "dvar": 0.000810551864561,
        "dvar2": 0.0015477007255,
        "max": 0.347237706184,
        "mean": 0.065521761775,
        "median": 0.0532752014697,
        "min": 1.03582392663e-10,
        "stdev": 0.047336101532,
        "var": 0.002240706468
    },
    "spectral_kurtosis": {
        "dmean": 2.73918819427,
        "dmean2": 4.38129281998,
        "dvar": 8.22956752777,
        "dvar2": 20.2551746368,
        "max": 26.9985961914,
        "mean": 8.01838684082,
        "median": 6.99310207367,
        "min": -1.16191089153,
        "stdev": 4.91265392303,
        "var": 24.1341686249
    },
    "spectral_rms": {
        "dmean": 0.000681073288433,
        "dmean2": 0.00101311434992,
        "dvar": 7.32475371024e-07,
        "dvar2": 1.53958501414e-06,
        "max": 0.0142676979303,
        "mean": 0.00489441910759,
        "median": 0.00442108837888,
        "min": 3.23537052184e-12,
        "stdev": 0.0021025785245,
        "var": 4.42083683083e-06
    },
    "spectral_rolloff": {
        "dmean": 274.397735596,
        "dmean2": 438.936187744,
        "dvar": 1124561.5,
        "dvar2": 1819789.375,
        "max": 18087.890625,
        "mean": 974.60559082,
        "median": 602.9296875,
        "min": 43.06640625,
        "stdev": 1610.17675781,
        "var": 2592669.25
    },
    "spectral_skewness": {
        "dmean": 0.348399192095,
        "dmean2": 0.524607360363,
        "dvar": 0.120449453592,
        "dvar2": 0.249440491199,
        "max": 4.22066545486,
        "mean": 2.25954246521,
        "median": 2.2282307148,
        "min": -0.0787120163441,
        "stdev": 0.725696444511,
        "var": 0.526635348797
    },
    "spectral_spread": {
        "dmean": 664005.625,
        "dmean2": 941684.3125,
        "dvar": 1.44616705229e+12,
        "dvar2": 1.7896070185e+12,
        "max": 39186984,
        "mean": 4604777,
        "median": 4165290.5,
        "min": 2022119.375,
        "stdev": 1945642.5,
        "var": 3.78552451072e+12
    },
    "spectral_strongpeak": {
        "dmean": 0.431671321392,
        "dmean2": 0.691752016544,
        "dvar": 0.37626928091,
        "dvar2": 0.795005202293,
        "max": 8.6943063736,
        "mean": 1.61275875568,
        "median": 1.31936895847,
        "min": 0,
        "stdev": 1.35315966606,
        "var": 1.83104109764
    },
    "zerocrossingrate": {
        "dmean": 0.00934839434922,
        "dmean2": 0.00990821328014,
        "dvar": 0.000523197697476,
        "dvar2": 0.000486217293655,
        "max": 0.50439453125,
        "mean": 0.0421983748674,
        "median": 0.03125,
        "min": 0.00390625,
        "stdev": 0.0417463928461,
        "var": 0.00174276146572
    },
    "barkbands": {
        "dmean": [0.000356526230462, 0.00239951279946, 0.00163663853891, 0.0012632223079, 0.00151205714792, 0.00152557052206, 0.000688291678671, 0.00112246104982, 0.00094644271303, 0.000212241735426, 0.000242264621193, 0.000401764060371, 0.000110765140562, 0.000227429249207, 0.000151057654875, 6.94248883519e-05, 7.14098569006e-05, 5.14183666382e-05, 4.10991342505e-05, 4.63312462671e-05, 6.08547052252e-05, 5.67849456274e-05, 4.92336221214e-05, 9.68480453594e-05, 9.77547533694e-05, 2.9618939152e-05, 9.77297759164e-07],
        "dmean2": [0.000489824917167, 0.00378101947717, 0.00269758072682, 0.00213695969433, 0.00245218211785, 0.00224906532094, 0.00106362788938, 0.00169708917383, 0.00138373509981, 0.00030996373971, 0.000347119697835, 0.000570736592636, 0.000175554028829, 0.000323148968164, 0.00023540284019, 0.000111617693619, 0.000108666492451, 8.05848612799e-05, 6.21013168711e-05, 6.61580706947e-05, 9.13902331376e-05, 8.40114080347e-05, 6.79116637912e-05, 0.000134566100314, 0.000136727336212, 4.19378520746e-05, 1.63630420502e-06],
        "dvar": [1.70598741533e-06, 7.25493227947e-05, 4.28643106716e-05, 1.0314280189e-05, 4.9778191169e-06, 1.00206761999e-05, 4.35049514635e-06, 7.06665286998e-06, 4.59682541987e-06, 2.65407976485e-07, 6.26953919891e-07, 1.67974224041e-06, 1.16931296645e-07, 6.08118341461e-07, 2.60124437546e-07, 7.15612671343e-08, 3.30385319103e-08, 2.27895444738e-08, 1.02922284029e-08, 1.77400849566e-08, 4.07190476892e-08, 5.6148138583e-08, 4.23374295622e-08, 1.5344174642e-07, 1.96709933675e-07, 1.26477965878e-08, 2.01096691382e-11],
        "dvar2": [3.27154111801e-06, 0.000177349269507, 0.000108251151687, 2.80204512819e-05, 1.17402523756e-05, 1.9099086785e-05, 9.83570316748e-06, 1.59314549819e-05, 9.26762186282e-06, 4.5646640956e-07, 1.2360284245e-06, 3.12129009217e-06, 2.85615527673e-07, 1.0647494264e-06, 6.21440733539e-07, 1.92740330363e-07, 7.21612423149e-08, 5.47170841969e-08, 2.34213128891e-08, 3.11928332053e-08, 8.2635772003e-08, 1.21750147741e-07, 7.56716858064e-08, 2.72556320624e-07, 3.8786862433e-07, 2.31372290216e-08, 5.51374050584e-11],
        "max": [0.0289136469364, 0.121801696718, 0.105917870998, 0.0445406213403, 0.0296999048442, 0.0573019012809, 0.0300251618028, 0.0385399758816, 0.0477884411812, 0.00936870928854, 0.0237113572657, 0.0354005992413, 0.00698153860867, 0.0233314558864, 0.00901067163795, 0.00568624213338, 0.00339757278562, 0.00289964233525, 0.0020336532034, 0.0027565700002, 0.00273936334997, 0.00445060897619, 0.00323864025995, 0.00711097288877, 0.00846458598971, 0.00170689052902, 6.95985654602e-05],
        "mean": [0.00111076666508, 0.00507517904043, 0.00223145354539, 0.00196189456619, 0.00309834908694, 0.00396139966324, 0.0010142782703, 0.0030657928437, 0.00359409395605, 0.000361456128303, 0.000486770761199, 0.00114260613918, 0.000173615699168, 0.000596232828684, 0.000224264891585, 9.73635396804e-05, 0.000114367401693, 8.57400518726e-05, 7.29671664885e-05, 7.63283896958e-05, 9.25930580706e-05, 7.23288394511e-05, 6.41018486931e-05, 0.000138762494316, 0.000130778571474, 4.12973786297e-05, 8.38744369958e-07],
        "median": [1.25584647321e-05, 0.000673004309647, 0.00112474232446, 0.000710771419108, 0.00199953536503, 0.00105933030136, 0.000212028928217, 0.000532387231942, 0.000414773763623, 7.44401477277e-05, 5.44807262486e-05, 0.000146699909237, 5.64723886782e-05, 5.38211133971e-05, 6.22941879556e-05, 2.8752738217e-05, 2.88464379992e-05, 2.05060350709e-05, 2.13839066419e-05, 1.53539003804e-05, 1.33816456582e-05, 8.0983609223e-06, 4.28485554949e-06, 6.99019119565e-06, 9.5653358585e-06, 2.6757577416e-06, 2.6702101863e-08],
        "min": [3.35596953864e-23, 2.88331690084e-23, 1.72589576308e-23, 3.36701217136e-24, 1.39534966471e-22, 2.50262051659e-23, 3.52158489034e-23, 2.03798901648e-23, 1.52594325254e-22, 7.47314441242e-23, 1.40379741837e-22, 9.29762002075e-23, 1.82447194801e-22, 1.56309670791e-22, 2.02086272001e-22, 1.64190088312e-22, 2.11178985717e-22, 1.07171853171e-22, 2.36448649136e-22, 3.50084655756e-22, 4.52278316988e-22, 5.42842073262e-22, 5.80783026386e-22, 1.09140473862e-21, 1.05418958801e-21, 1.56855769535e-21, 2.34010304059e-21],
        "stdev": [0.00415606563911, 0.0145565811545, 0.00611210474744, 0.00394869642332, 0.00349845248275, 0.00735998060554, 0.00286310887896, 0.00542557612062, 0.00583645934239, 0.000851884949952, 0.00161695398856, 0.00395025173202, 0.000488082150696, 0.00236750952899, 0.000672690104693, 0.000268930831226, 0.000273061130429, 0.000201692731935, 0.000149429411977, 0.000202971510589, 0.000274636782706, 0.000282996654278, 0.000265571143245, 0.000587888644077, 0.00055262161186, 0.000149965126184, 3.95000097342e-06],
        "var": [1.72728814505e-05, 0.000211894046515, 3.73578259314e-05, 1.55922043632e-05, 1.22391693367e-05, 5.41693116247e-05, 8.1973921624e-06, 2.94368746836e-05, 3.40642582159e-05, 7.25707934635e-07, 2.61454033534e-06, 1.56044898176e-05, 2.38224174609e-07, 5.60510170544e-06, 4.5251198344e-07, 7.23237860711e-08, 7.45623864873e-08, 4.06799571806e-08, 2.23291500845e-08, 4.11974347969e-08, 7.54253690616e-08, 8.00871049478e-08, 7.05280314151e-08, 3.4561307416e-07, 3.05390670974e-07, 2.24895391199e-08, 1.56025088682e-11]
    },
    "erbbands": {
        "dmean": [0.0974163562059, 0.514063775539, 1.68026328087, 3.1726744175, 5.06665086746, 4.3029923439, 10.6280794144, 12.2413034439, 11.3312940598, 10.682182312, 27.8935947418, 22.4231872559, 11.356256485, 7.74649906158, 11.2676086426, 14.4137907028, 4.40514278412, 9.40665626526, 9.89197349548, 5.66736888885, 4.14345359802, 3.54041290283, 2.90381860733, 2.18345856667, 1.93768954277, 2.26541519165, 2.44462156296, 2.43061256409, 2.20263338089, 1.46826887131, 1.37759017944, 1.65917623043, 1.79776406288, 1.24098432064, 0.628999888897, 0.204955980182, 0.0415756776929, 0.00459161540493, 0.000119001299026, 1.23146546684e-05],
        "dmean2": [0.138818562031, 0.783048152924, 2.74810171127, 5.24587249756, 8.36296367645, 6.8473739624, 15.9533643723, 17.9711799622, 18.1563835144, 16.7368812561, 41.638130188, 31.8393325806, 16.4111557007, 10.917637825, 16.4523525238, 20.6970176697, 6.71980047226, 13.9214744568, 14.5031166077, 8.75786972046, 6.43736553192, 5.35370492935, 4.31539678574, 3.40913438797, 2.9793138504, 3.20635461807, 3.65973973274, 3.64505887032, 3.29832315445, 2.05866551399, 1.93085753918, 2.38303184509, 2.53481721878, 1.7461785078, 0.867397129536, 0.288713634014, 0.0598369985819, 0.00677169207484, 0.00017673689581, 1.80200750037e-05],
        "dvar": [0.14513169229, 3.24572181702, 48.128780365, 78.8162536621, 74.8486251831, 39.8276672363, 641.938781738, 842.246643066, 1130.20092773, 1095.44702148, 4083.41870117, 2961.54614258, 756.129272461, 486.902038574, 895.415344238, 2511.4597168, 125.676712036, 1265.1973877, 771.8671875, 448.773742676, 236.17678833, 99.8167572021, 75.0734024048, 26.0234584808, 32.7935142517, 45.9271736145, 55.7849998474, 86.7763366699, 90.4879989624, 32.3477325439, 33.1073036194, 42.4399032593, 60.7841835022, 36.2930335999, 6.71825504303, 0.587632715702, 0.028017802164, 0.000342264247593, 2.29070039381e-07, 5.91550697315e-10],
        "dvar2": [0.366994351149, 6.69950628281, 120.066505432, 207.958892822, 187.973434448, 93.108505249, 1136.03405762, 1700.63366699, 2719.86547852, 2229.63574219, 9086.15039062, 5812.01757812, 1377.05761719, 840.326477051, 1960.08496094, 4538.63867188, 278.047637939, 2244.55908203, 1635.17077637, 1093.41674805, 593.286010742, 221.086990356, 170.94770813, 62.0091667175, 76.4054412842, 85.0921936035, 106.422576904, 180.822479248, 201.449478149, 57.7672691345, 60.2977218628, 72.686668396, 117.056617737, 78.2014846802, 12.1522674561, 1.11121273041, 0.0540816746652, 0.00076518417336, 5.35856486295e-07, 1.19169651924e-09],
        "max": [7.04777479172, 25.9688110352, 106.986968994, 136.56880188, 133.805526733, 67.5315933228, 586.171630859, 422.027832031, 420.500946045, 855.598266602, 1036.33911133, 1224.18151855, 520.434814453, 480.892578125, 764.306945801, 1814.84204102, 190.241760254, 1283.07226562, 715.926086426, 496.515991211, 395.277099609, 206.380554199, 165.499191284, 73.8650512695, 136.369766235, 160.884094238, 121.869125366, 151.742294312, 173.082580566, 116.34362793, 98.8965606689, 113.202095032, 160.564605713, 115.550361633, 48.6354751587, 10.7076349258, 2.36404514313, 0.27397018671, 0.00783442892134, 0.000332456984324],
        "mean": [0.22166377306, 0.850908219814, 2.43136358261, 5.02131700516, 8.0603094101, 8.99303150177, 26.1531085968, 30.6093940735, 18.9470806122, 21.5464630127, 83.4644927979, 85.6472854614, 33.4086647034, 17.1895236969, 29.1047687531, 39.7979469299, 9.08894634247, 23.1006660461, 22.2956485748, 8.49520969391, 6.55294370651, 5.70297765732, 4.94760417938, 4.20035982132, 3.27404236794, 3.74265384674, 3.98976278305, 3.4054453373, 2.79300880432, 1.93417966366, 1.82782661915, 2.40752387047, 2.4934360981, 1.61864650249, 0.833101451397, 0.277947813272, 0.0572002008557, 0.00575221516192, 0.000158529583132, 4.08485320804e-05],
        "median": [0.00666334852576, 0.183415919542, 1.16005206108, 2.23659920692, 4.16078948975, 5.24587154388, 7.02936792374, 6.11261177063, 4.05887365341, 5.41669273376, 31.5344715118, 19.6646900177, 6.13797044754, 4.13546085358, 3.58288836479, 7.21819448471, 3.09964513779, 2.98630261421, 3.77909684181, 1.98563408852, 1.80496561527, 1.55432569981, 1.27902424335, 1.2185908556, 0.850389838219, 0.763674795628, 0.656569838524, 0.478643357754, 0.308361709118, 0.164861828089, 0.125883921981, 0.140598908067, 0.1094366014, 0.0945889055729, 0.0645233765244, 0.0209704767913, 0.00323622091673, 0.000343881984008, 2.17542892642e-05, 2.49247605097e-05],
        "min": [1.26489466396e-21, 5.46941070256e-21, 1.77021061639e-20, 1.72388607871e-20, 3.76296383683e-20, 6.1545479088e-19, 6.29158226799e-19, 1.91422932032e-19, 3.02865977432e-19, 6.01951015681e-19, 1.00713168686e-18, 3.40287938536e-18, 2.88036945154e-18, 3.89102203268e-18, 5.17118039715e-18, 3.99193599946e-18, 8.8155144237e-18, 7.66436025244e-18, 9.44798912777e-18, 8.64574139324e-18, 1.23105998387e-17, 1.0898633966e-17, 6.32969895741e-18, 9.78535722214e-18, 1.45119656768e-17, 1.47992239968e-17, 1.87208723917e-17, 1.69372873569e-17, 1.93783370492e-17, 2.08342659172e-17, 1.49524244637e-17, 2.3085322149e-17, 1.74546607059e-17, 1.34369567896e-17, 6.74900053223e-18, 5.83950717692e-18, 2.84059488538e-18, 1.30475406299e-18, 3.91706829581e-19, 2.95273945749e-20],
        "stdev": [0.739985883236, 2.56809592247, 6.6272559166, 9.77295017242, 11.3525104523, 10.6408853531, 52.7389144897, 63.4551315308, 42.7848167419, 51.7728652954, 124.343521118, 146.246520996, 64.238822937, 47.4959411621, 77.236579895, 146.102416992, 20.5857276917, 96.7432785034, 72.5831069946, 26.1707363129, 17.3860931396, 14.1237049103, 11.5476226807, 8.15223789215, 7.26498746872, 10.3005304337, 11.1276140213, 11.7076826096, 11.1448192596, 7.54818820953, 7.47117233276, 9.76295852661, 10.9148693085, 7.1167845726, 3.44655489922, 0.996345102787, 0.219014197588, 0.0216557979584, 0.000539852015208, 4.47470774816e-05],
        "var": [0.547579109669, 6.59511709213, 43.9205207825, 95.510559082, 128.879501343, 113.228431702, 2781.39306641, 4026.55371094, 1830.54040527, 2680.4296875, 15461.3115234, 21388.046875, 4126.62597656, 2255.86425781, 5965.48876953, 21345.9179688, 423.772186279, 9359.26171875, 5268.30761719, 684.907409668, 302.2762146, 199.479049683, 133.347595215, 66.458984375, 52.780040741, 106.10093689, 123.823783875, 137.069824219, 124.206993103, 56.9751472473, 55.8184165955, 95.3153533936, 119.134368896, 50.6486206055, 11.8787412643, 0.992703616619, 0.0479672178626, 0.000468973594252, 2.9144021596e-07, 2.00230099168e-09]
    },
    "gfcc": {
        "mean": [-42.2253723145, 110.347602844, -96.9200286865, 13.5521297455, -66.8479003906, 12.6689062119, -40.4257698059, 13.2193183899, -29.1134567261, 2.77285933495, -20.8664875031, -11.3092441559, -12.1547756195],
        "cov": [[6033.09570312, -1071.99243164, -346.583770752, 260.231750488, -94.9058532715, -84.9109954834, -514.605895996, -105.127044678, -452.670715332, 177.371444702, -19.0990352631, 369.260406494, 125.839141846], [-1071.99243164, 1333.07495117, -236.9974823, -381.558807373, 184.37046814, -69.9111328125, 193.790161133, -59.9401741028, 131.275222778, -129.485336304, 76.2510375977, -192.214096069, -18.4179344177], [-346.583770752, -236.9974823, 836.258056641, 325.488250732, 0.308287262917, 196.683380127, 120.838417053, 178.941558838, 124.93624115, 90.2267608643, 11.5771369934, 12.3012313843, -62.374206543], [260.231750488, -381.558807373, 325.488250732, 528.197753906, 42.1449356079, 46.2653694153, -71.6820831299, -40.4533653259, -28.2886066437, -1.24299991131, -12.8424692154, 81.5964584351, 54.6462974548], [-94.9058532715, 184.37046814, 0.308287262917, 42.1449356079, 276.999053955, 65.7024917603, 53.2864151001, -10.3801059723, -1.20084989071, 3.26583361626, 27.9166164398, 7.71650266647, 16.2928924561], [-84.9109954834, -69.9111328125, 196.683380127, 46.2653694153, 65.7024917603, 303.08694458, 190.381973267, 110.104293823, 95.1793060303, 39.7639694214, 17.4812889099, -33.104675293, -60.7480583191], [-514.605895996, 193.790161133, 120.838417053, -71.6820831299, 53.2864151001, 190.381973267, 334.508026123, 161.327713013, 130.995132446, -4.45313072205, 5.86440563202, -87.1467285156, -57.4602241516], [-105.127044678, -59.9401741028, 178.941558838, -40.4533653259, -10.3801059723, 110.104293823, 161.327713013, 285.946563721, 143.72013855, 57.3140602112, -9.20722866058, -51.7488517761, -83.8846893311], [-452.670715332, 131.275222778, 124.93624115, -28.2886066437, -1.20084989071, 95.1793060303, 130.995132446, 143.72013855, 205.655136108, 37.7927284241, 15.8960123062, -78.7176055908, -74.7447433472], [177.371444702, -129.485336304, 90.2267608643, -1.24299991131, 3.26583361626, 39.7639694214, -4.45313072205, 57.3140602112, 37.7927284241, 145.268234253, 52.8118095398, 20.3535785675, -26.354631424], [-19.0990352631, 76.2510375977, 11.5771369934, -12.8424692154, 27.9166164398, 17.4812889099, 5.86440563202, -9.20722866058, 15.8960123062, 52.8118095398, 112.86479187, 37.3062705994, 11.6936197281], [369.260406494, -192.214096069, 12.3012313843, 81.5964584351, 7.71650266647, -33.104675293, -87.1467285156, -51.7488517761, -78.7176055908, 20.3535785675, 37.3062705994, 169.495742798, 82.7661437988], [125.839141846, -18.4179344177, -62.374206543, 54.6462974548, 16.2928924561, -60.7480583191, -57.4602241516, -83.8846893311, -74.7447433472, -26.354631424, 11.6936197281, 82.7661437988, 126.33769989]],
        "icov": [[0.000296127662295, -0.000150437903358, 0.000318510690704, -0.000317152036587, 0.000232241509366, -0.000427958846558, 0.000406043487601, -0.000516781816259, 0.000793270417489, -0.000591844669543, 0.000324771361193, -0.000458908383735, 0.000199796355446], [-0.000150437903358, 0.00293381349184, -0.000835340702906, 0.0021636725869, -0.00224545830861, 0.00208360073157, -0.00128882203717, 0.00197183014825, -0.00265019456856, 0.00323200039566, -0.00314794131555, 0.00276884296909, -0.00117249356117], [0.000318510690704, -0.000835340702906, 0.0028642329853, -0.0024158146698, 0.00114489928819, -0.00138252822217, 0.000217439053813, -0.00172453327104, 0.00105334003456, -0.00210732035339, 0.00103857833892, -0.00151572050527, 0.00124187278561], [-0.000317152036587, 0.0021636725869, -0.0024158146698, 0.00519298063591, -0.00231207464822, 0.00101125135552, 0.000101994715806, 0.00235463865101, -0.00278448197059, 0.00334854470566, -0.00156248209532, 0.0016722464934, -0.00231309025548], [0.000232241509366, -0.00224545830861, 0.00114489928819, -0.00231207464822, 0.00593699607998, -0.00255493423901, 0.00039032069617, -0.00143757683691, 0.00268741464242, -0.00276111415587, 0.00149026699364, -0.00197683949955, 0.000406581413699], [-0.000427958846558, 0.00208360073157, -0.00138252822217, 0.00101125135552, -0.00255493423901, 0.00846113450825, -0.00500882836059, 0.00247243628837, -0.00291980989277, 0.00155430508312, -0.00227152113803, 0.00110374414362, 0.00145548488945], [0.000406043487601, -0.00128882203717, 0.000217439053813, 0.000101994715806, 0.00039032069617, -0.00500882836059, 0.00868996977806, -0.00408679014072, 0.000796043081209, 0.000723051896784, 0.000259794847807, 0.000883712840732, -0.00173025054391], [-0.000516781816259, 0.00197183014825, -0.00172453327104, 0.00235463865101, -0.00143757683691, 0.00247243628837, -0.00408679014072, 0.00978035386652, -0.00595768308267, 0.000457186630229, 0.000421562872361, 0.000224599454668, 0.00132617901545], [0.000793270417489, -0.00265019456856, 0.00105334003456, -0.00278448197059, 0.00268741464242, -0.00291980989277, 0.000796043081209, -0.00595768308267, 0.0139941349626, -0.00429060030729, 0.000497889530379, 0.000134858535603, 0.00245356815867], [-0.000591844669543, 0.00323200039566, -0.00210732035339, 0.00334854470566, -0.00276111415587, 0.00155430508312, 0.000723051896784, 0.000457186630229, -0.00429060030729, 0.0152257625014, -0.00858412962407, 0.0024332255125, 0.00014597082918], [0.000324771361193, -0.00314794131555, 0.00103857833892, -0.00156248209532, 0.00149026699364, -0.00227152113803, 0.000259794847807, 0.000421562872361, 0.000497889530379, -0.00858412962407, 0.0168386362493, -0.00671649957076, 0.000865247158799], [-0.000458908383735, 0.00276884296909, -0.00151572050527, 0.0016722464934, -0.00197683949955, 0.00110374414362, 0.000883712840732, 0.000224599454668, 0.000134858535603, 0.0024332255125, -0.00671649957076, 0.0154051026329, -0.00815730728209], [0.000199796355446, -0.00117249356117, 0.00124187278561, -0.00231309025548, 0.000406581413699, 0.00145548488945, -0.00173025054391, 0.00132617901545, 0.00245356815867, 0.00014597082918, 0.000865247158799, -0.00815730728209, 0.0166459716856]]
    },
    "melbands": {
        "dmean": [0.000711395696271, 0.000753980944864, 0.000551046163309, 0.00033823173726, 0.000311795069138, 0.000272380042588, 0.00016722411965, 0.000140483563882, 0.000225377691095, 0.0001305352489, 5.62616769457e-05, 3.10128270939e-05, 3.58646102541e-05, 5.25355899299e-05, 1.69127233676e-05, 1.12126126623e-05, 1.91573417396e-05, 1.81320483534e-05, 1.01370160337e-05, 5.30870511284e-06, 5.27872043676e-06, 3.88369198845e-06, 3.20217645822e-06, 2.66241272584e-06, 1.78933589723e-06, 1.59383534992e-06, 1.35866514483e-06, 1.70494763552e-06, 1.62490186995e-06, 1.42652697832e-06, 1.52737027292e-06, 1.43836223288e-06, 8.5754822976e-07, 8.44702469749e-07, 7.7324978065e-07, 9.25553081288e-07, 1.12854479539e-06, 1.29136708438e-06, 1.24385155686e-06, 1.04804530565e-06],
        "dmean2": [0.00108157738578, 0.00114720652346, 0.000908596324734, 0.000560559565201, 0.000467441917863, 0.000399612850742, 0.000263653491857, 0.00021923588065, 0.000331498478772, 0.00019127962878, 8.08995173429e-05, 4.37913477072e-05, 5.28985801793e-05, 7.44410644984e-05, 2.42054120463e-05, 1.81635059562e-05, 2.79773685179e-05, 2.6353445719e-05, 1.54610042955e-05, 8.24585822556e-06, 8.46199873195e-06, 5.98463702772e-06, 4.89117064717e-06, 4.14343821831e-06, 2.86477234113e-06, 2.47553543886e-06, 2.05647324947e-06, 2.49896925197e-06, 2.45984483627e-06, 2.19152548198e-06, 2.2715880732e-06, 2.23676784117e-06, 1.24371558741e-06, 1.25343444779e-06, 1.0933916883e-06, 1.33260903112e-06, 1.61569789725e-06, 1.85209978554e-06, 1.80649442427e-06, 1.49570189478e-06],
        "dvar": [7.0476298788e-06, 6.53337974654e-06, 1.81687812528e-06, 2.66185452347e-07, 4.82859718431e-07, 3.84247414331e-07, 2.30788558042e-07, 1.39313343084e-07, 2.21839286496e-07, 9.48101330778e-08, 1.96135410135e-08, 7.43204298104e-09, 1.2305528152e-08, 2.93852195909e-08, 3.69870489791e-09, 1.8123290646e-09, 5.39693223445e-09, 2.97789637393e-09, 1.58336954659e-09, 3.08944675398e-10, 5.48121770194e-10, 1.1682545209e-10, 1.03242560334e-10, 5.83247061758e-11, 1.71793065884e-11, 1.91722592663e-11, 1.46492956654e-11, 2.95770977154e-11, 2.36878537618e-11, 2.4297223955e-11, 3.88292453746e-11, 3.98452104644e-11, 1.19678980268e-11, 1.27154389448e-11, 1.10512606011e-11, 1.41369520257e-11, 2.06400018604e-11, 3.23268252445e-11, 3.18909412766e-11, 2.86649766423e-11],
        "dvar2": [1.77234378498e-05, 1.42244107337e-05, 4.53325128547e-06, 6.87806675614e-07, 8.40841380523e-07, 7.75170860834e-07, 5.43944622677e-07, 3.07124054189e-07, 4.88452542413e-07, 1.92240904084e-07, 3.5610643323e-08, 1.32891946336e-08, 2.6763993688e-08, 5.64888331667e-08, 5.76284708842e-09, 3.92828924944e-09, 9.14159592469e-09, 5.89733417655e-09, 3.76492526044e-09, 7.71306962744e-10, 1.42791334312e-09, 2.75243938752e-10, 2.39083253195e-10, 1.33782124268e-10, 4.20899391729e-11, 4.41955708141e-11, 3.25599235074e-11, 5.98738003621e-11, 4.52087325908e-11, 5.19276913136e-11, 8.54520204596e-11, 9.16137998797e-11, 2.51936804752e-11, 2.45681825578e-11, 2.05669248993e-11, 2.8503359395e-11, 3.66778933614e-11, 6.25402785115e-11, 6.95690935415e-11, 6.23563631286e-11],
        "max": [0.0459787361324, 0.0419399663806, 0.0202589668334, 0.00652152439579, 0.016030728817, 0.00866383127868, 0.00662925280631, 0.00827184412628, 0.00787107925862, 0.00657501304522, 0.00258774659596, 0.00177867757156, 0.00360080227256, 0.00421918556094, 0.00230962573551, 0.00100044789724, 0.00291357235983, 0.00167491228785, 0.000833745405544, 0.000338524900144, 0.000625389919151, 0.000183479176485, 0.000166740748682, 0.000154573775944, 6.19227139396e-05, 9.84773214441e-05, 6.78529249853e-05, 0.000119416123198, 7.51552797738e-05, 8.29366545076e-05, 0.000112607762276, 0.000113899921416, 6.06406465522e-05, 7.25388090359e-05, 6.36555851088e-05, 5.97648395342e-05, 8.41239161673e-05, 0.000123223042465, 8.07586548035e-05, 0.000113910784421],
        "mean": [0.00168590387329, 0.00120634655468, 0.00095326884184, 0.000598220562097, 0.000793269136921, 0.000686297367793, 0.000277657294646, 0.000317223806633, 0.000706042454112, 0.000498443841934, 0.000152831416926, 6.21598883299e-05, 8.41031651362e-05, 0.000147761238622, 3.5691587982e-05, 1.95573429664e-05, 4.80116577819e-05, 4.21301156166e-05, 1.50500072778e-05, 7.45077068132e-06, 7.89159366832e-06, 5.88996999795e-06, 4.99190764458e-06, 4.49792196378e-06, 3.25024188896e-06, 2.63584524873e-06, 2.10034636439e-06, 2.59028433902e-06, 2.64709728981e-06, 1.99850524041e-06, 1.99897613129e-06, 1.74025819888e-06, 1.08987296699e-06, 1.07648418179e-06, 1.00194847619e-06, 1.16940736916e-06, 1.60316164965e-06, 1.76960656972e-06, 1.61356592798e-06, 1.30190392156e-06],
        "median": [0.000134791465825, 0.00054221204482, 0.000493341300171, 0.000408286461607, 0.000232384074479, 0.000144646473927, 5.54920188733e-05, 6.41843216727e-05, 0.000242059526499, 6.60900986986e-05, 1.93261148524e-05, 1.06233501356e-05, 9.529716408e-06, 1.77956408152e-05, 1.02164258351e-05, 5.5231589613e-06, 5.02828743265e-06, 5.55775432076e-06, 3.50076220457e-06, 2.12908844333e-06, 1.86122611012e-06, 1.51583640218e-06, 1.17401725674e-06, 1.05192623323e-06, 9.31997476528e-07, 7.01201940956e-07, 4.55092106222e-07, 4.85925340854e-07, 4.31751630003e-07, 2.76503584473e-07, 2.28776201538e-07, 1.77846189331e-07, 1.10974845313e-07, 7.17345969292e-08, 6.21485654051e-08, 7.20765456208e-08, 9.00904240098e-08, 7.44573469547e-08, 6.93828567933e-08, 7.73851169811e-08],
        "min": [1.10019448557e-23, 7.91117915157e-24, 2.77188919357e-24, 2.03627150852e-23, 2.78331931477e-23, 4.12234412153e-24, 5.73964781675e-24, 5.92517606874e-24, 1.07347198018e-23, 2.27772242563e-23, 1.34721760057e-23, 1.39730411494e-23, 1.74689634478e-23, 1.2329820218e-23, 1.08751993629e-23, 2.1522736624e-23, 1.29474075877e-23, 1.45717644883e-23, 1.59428015861e-23, 8.53726018672e-24, 1.51940211258e-23, 1.2019016121e-23, 6.95548994211e-24, 5.83827396813e-24, 7.83315528602e-24, 9.95438963838e-24, 1.0293410501e-23, 9.75312518905e-24, 1.32681071558e-23, 9.32680503435e-24, 9.49989689417e-24, 9.96817182726e-24, 1.2876406162e-23, 1.14586992641e-23, 6.8165313048e-24, 1.16971372059e-23, 1.46358278824e-23, 1.37936620681e-23, 8.59002709267e-24, 1.27813405343e-23],
        "stdev": [0.00512566464022, 0.00300037581474, 0.00163075141609, 0.000659253622871, 0.00150198035408, 0.00136461225338, 0.00063862017123, 0.000675434304867, 0.000939968973398, 0.000825640687253, 0.000327082962031, 0.000177926180186, 0.000237760788877, 0.000510131416377, 0.00014517470845, 6.88288200763e-05, 0.000212613798794, 0.000161667747307, 5.37288979103e-05, 2.03260515264e-05, 2.39737510128e-05, 1.4765098058e-05, 1.25980150187e-05, 1.12340039777e-05, 6.35729338683e-06, 5.90694980929e-06, 4.99725547343e-06, 7.7366557889e-06, 7.26034795662e-06, 6.28688439974e-06, 7.42332167647e-06, 7.1305335041e-06, 4.32065053246e-06, 4.43005274064e-06, 4.23034680352e-06, 4.7715607252e-06, 6.72916075928e-06, 7.93295839685e-06, 7.01344242771e-06, 6.08117625234e-06],
        "var": [2.62724388449e-05, 9.0022549557e-06, 2.65935000243e-06, 4.34615344602e-07, 2.2559449917e-06, 1.86216675502e-06, 4.07835699434e-07, 4.56211466826e-07, 8.83541702024e-07, 6.81682536197e-07, 1.06983272019e-07, 3.16577271064e-08, 5.65301903066e-08, 2.60234060079e-07, 2.10756958552e-08, 4.73740602303e-09, 4.52046258204e-08, 2.61364601073e-08, 2.88679458116e-09, 4.13148376621e-10, 5.74740754988e-10, 2.18008111563e-10, 1.58709975717e-10, 1.26202839845e-10, 4.0415181618e-11, 3.48920545234e-11, 2.49725622126e-11, 5.98558425047e-11, 5.27126536864e-11, 3.95249180607e-11, 5.51057047216e-11, 5.08445091585e-11, 1.86680202546e-11, 1.96253690382e-11, 1.78958341202e-11, 2.27677911246e-11, 4.52816048546e-11, 6.29318264167e-11, 4.91883721254e-11, 3.69807066913e-11]
    },
    "melbands128": {
