{
"lowlevel": {
    "average_loudness": 0.977411150932,
    "barkbands_crest": {
        "dmean": 2.74605202675,
        "dmean2": 4.08534955978,
        "dvar": 8.82199573517,
        "dvar2": 18.3273944855,
        "max": 26.5595016479,
        "mean": 16.1203155518,
        "median": 16.0975189209,
        "min": 3.73518538475,
        "stdev": 5.52004718781,
        "var": 30.4709186554
    },
    "barkbands_flatness_db": {
        "dmean": 0.0402233339846,
        "dmean2": 0.0590685084462,
        "dvar": 0.00178141123615,
        "dvar2": 0.00370781007223,
        "max": 0.552398443222,
        "mean": 0.232774674892,
        "median": 0.223070845008,
        "min": 0.0415108986199,
        "stdev": 0.078901976347,
        "var": 0.00622552167624
    },
    "barkbands_kurtosis": {
        "dmean": 20.1862602234,
        "dmean2": 31.4925079346,
        "dvar": 1684.04431152,
        "dvar2": 3950.671875,
        "max": 650.113830566,
        "mean": 28.9487361908,
        "median": 10.8810043335,
        "min": -1.95471894741,
        "stdev": 60.644985199,
        "var": 3677.81445312
    },
    "barkbands_skewness": {
        "dmean": 1.46447229385,
        "dmean2": 2.22858929634,
        "dvar": 3.08177232742,
        "dvar2": 6.88973236084,
        "max": 22.6615657806,
        "mean": 3.57912945747,
        "median": 2.92240357399,
        "min": -5.26000022888,
        "stdev": 3.00115251541,
        "var": 9.00691604614
    },
    "barkbands_spread": {
        "dmean": 9.05393600464,
        "dmean2": 14.1944894791,
        "dvar": 194.751205444,
        "dvar2": 389.336608887,
        "max": 116.730880737,
        "mean": 16.4040737152,
        "median": 9.19539165497,
        "min": 0.0908499956131,
        "stdev": 20.5208110809,
        "var": 421.103668213
    },
    "dissonance": {
        "dmean": 0.0294985286891,
        "dmean2": 0.0476642996073,
        "dvar": 0.000750746636186,
        "dvar2": 0.00184042821638,
        "max": 0.499999850988,
        "mean": 0.439528375864,
        "median": 0.447939544916,
        "min": 0.242647483945,
        "stdev": 0.0430461913347,
        "var": 0.00185297464486
    },
    "dynamic_complexity": 2.45449018478,
    "erbbands_crest": {
        "dmean": 3.38050150871,
        "dmean2": 5.46357345581,
        "dvar": 8.89107036591,
        "dvar2": 21.5159473419,
        "max": 28.4558029175,
        "mean": 9.65010929108,
        "median": 8.69626712799,
        "min": 2.62482357025,
        "stdev": 4.31596183777,
        "var": 18.6275253296
    },
    "erbbands_flatness_db": {
        "dmean": 0.0298988353461,
        "dmean2": 0.0456118620932,
        "dvar": 0.000828260963317,
        "dvar2": 0.00158285896759,
        "max": 0.310924112797,
        "mean": 0.156942009926,
        "median": 0.149068325758,
        "min": 0.0392084307969,
        "stdev": 0.0497267432511,
        "var": 0.00247274897993
    },
    "erbbands_kurtosis": {
        "dmean": 2.06436038017,
        "dmean2": 3.32301902771,
        "dvar": 8.22659778595,
        "dvar2": 19.1771602631,
        "max": 30.5286903381,
        "mean": 1.55749428272,
        "median": 0.452579498291,
        "min": -1.85339915752,
        "stdev": 3.62272977829,
        "var": 13.1241703033
    },
    "erbbands_skewness": {
        "dmean": 0.677417695522,
        "dmean2": 1.00427949429,
        "dvar": 0.5062713027,
        "dvar2": 1.01119685173,
        "max": 4.2429895401,
        "mean": 0.534274995327,
        "median": 0.623900294304,
        "min": -4.84139299393,
        "stdev": 1.14922559261,
        "var": 1.32071948051
    },
    "erbbands_spread": {
        "dmean": 21.5504379272,
        "dmean2": 34.7864341736,
        "dvar": 677.787902832,
        "dvar2": 1604.50622559,
        "max": 186.166061401,
        "mean": 50.7080001831,
        "median": 41.6614379883,
        "min": 4.90413331985,
        "stdev": 35.4420433044,
        "var": 1256.13842773
    },
    "hfc": {
        "dmean": 13.9535722733,
        "dmean2": 23.0997467041,
        "dvar": 526.630126953,
        "dvar2": 1342.44567871,
        "max": 180.319976807,
        "mean": 24.0833530426,
        "median": 15.8639755249,
        "min": 1.1367498466e-16,
        "stdev": 25.2362232208,
        "var": 636.867004395
    },
    "loudness_ebu128": {
        "integrated": -7.90059566498,
        "loudness_range": 1.17325925827,
        "momentary": {
            "dmean": 0.72759771347,
            "dmean2": 0.814161360264,
            "dvar": 0.366781711578,
            "dvar2": 0.635791182518,
            "max": -5.37952947617,
            "mean": -8.15270423889,
            "median": -7.85151004791,
            "min": -13.8755664825,
            "stdev": 1.57394611835,
            "var": 2.47730636597
        },
        "short_term": {
            "dmean": 0.0804171636701,
            "dmean2": 0.101274654269,
            "dvar": 0.00473226001486,
            "dvar2": 0.00864358525723,
            "max": -6.92893218994,
            "mean": -7.8980050087,
            "median": -7.90061855316,
            "min": -8.75187969208,
            "stdev": 0.403675496578,
            "var": 0.162953898311
        }
    },
    "melbands_crest": {
        "dmean": 3.33210039139,
        "dmean2": 5.00958204269,
        "dvar": 12.688794136,
        "dvar2": 26.4276237488,
        "max": 37.3552589417,
        "mean": 22.5049190521,
        "median": 22.7671852112,
        "min": 1.99385499954,
        "stdev": 7.245200634,
        "var": 52.492931366
    },
    "melbands_flatness_db": {
        "dmean": 0.0497432611883,
        "dmean2": 0.0716232657433,
        "dvar": 0.00267949746922,
        "dvar2": 0.00552959274501,
        "max": 0.700903713703,
        "mean": 0.326345264912,
        "median": 0.318653404713,
        "min": 0.00582418777049,
        "stdev": 0.0978742390871,
        "var": 0.00957936607301
    },
    "melbands_kurtosis": {
        "dmean": 49.9924087524,
        "dmean2": 79.82862854,
        "dvar": 8642,
        "dvar2": 20319.7988281,
        "max": 1055.42028809,
        "mean": 71.1658248901,
        "median": 28.9699363708,
        "min": -1.87184464931,
        "stdev": 117.864555359,
        "var": 13892.0537109
    },
    "melbands_skewness": {
        "dmean": 2.1983063221,
        "dmean2": 3.41359496117,
        "dvar": 7.17686271667,
        "dvar2": 16.1073913574,
        "max": 26.5975646973,
        "mean": 5.48233318329,
        "median": 4.35782766342,
        "min": -1.93449532986,
        "stdev": 4.21965456009,
        "var": 17.8054828644
    },
    "melbands_spread": {
        "dmean": 7.17642593384,
        "dmean2": 11.4854812622,
        "dvar": 346.915252686,
        "dvar2": 844.243591309,
        "max": 265.08984375,
        "mean": 12.3129930496,
        "median": 6.5517821312,
        "min": 0.156398534775,
        "stdev": 20.7923126221,
        "var": 432.320281982
    },
    "pitch_salience": {
        "dmean": 0.0871977284551,
        "dmean2": 0.134372368455,
        "dvar": 0.00944694597274,
        "dvar2": 0.0219121240079,
        "max": 0.805671215057,
        "mean": 0.384225577116,
        "median": 0.392602771521,
        "min": 0.0383092202246,
        "stdev": 0.169215500355,
        "var": 0.0286338869482
    },
    "silence_rate_20dB": {
        "dmean": 0,
        "dmean2": 0,
        "dvar": 0,
        "dvar2": 0,
        "max": 1,
        "mean": 1,
        "median": 1,
        "min": 1,
        "stdev": 0,
        "var": 0
    },
    "silence_rate_30dB": {
        "dmean": 0.061919502914,
        "dmean2": 0.123934932053,
        "dvar": 0.058085590601,
        "dvar2": 0.120967522264,
        "max": 1,
        "mean": 0.853054940701,
        "median": 1,
        "min": 0,
        "stdev": 0.354049563408,
        "var": 0.125351086259
    },
    "silence_rate_60dB": {
        "dmean": 0.00696594407782,
        "dmean2": 0.0131680862978,
        "dvar": 0.00691750552505,
        "dvar2": 0.0145440073684,
        "max": 1,
        "mean": 0.0177880898118,
        "median": 0,
        "min": 0,
        "stdev": 0.132181033492,
        "var": 0.0174718275666
    },
    "spectral_centroid": {
        "dmean": 407.938262939,
        "dmean2": 598.317993164,
        "dvar": 471786.34375,
        "dvar2": 843362.9375,
        "max": 10887.8779297,
        "mean": 1038.75854492,
        "median": 725.067749023,
        "min": 95.3167724609,
        "stdev": 982.889526367,
        "var": 966071.8125
    },
    "spectral_complexity": {
        "dmean": 4.37461280823,
        "dmean2": 6.5739736557,
        "dvar": 31.9618530273,
        "dvar2": 73.8510818481,
        "max": 51,
        "mean": 12.5630321503,
        "median": 11,
        "min": 0,
        "stdev": 8.22725105286,
        "var": 67.6876602173
    },
    "spectral_decrease": {
        "dmean": 4.96767382785e-09,
        "dmean2": 7.39126004845e-09,
        "dvar": 6.36295583666e-17,
        "dvar2": 1.23205706738e-16,
        "max": 5.31386701333e-29,
        "mean": -1.77247851951e-08,
        "median": -1.56334376555e-08,
        "min": -8.58329300968e-08,
        "stdev": 1.3207078986e-08,
        "var": 1.74426940494e-16
    },
    "spectral_energy": {
        "dmean": 0.019293198362,
        "dmean2": 0.029025413096,
        "dvar": 0.000934497860726,
        "dvar2": 0.00182296137791,
        "max": 0.326570600271,
        "mean": 0.0690819323063,
        "median": 0.0608800239861,
        "min": 1.01101019458e-20,
        "stdev": 0.0503400675952,
        "var": 0.0025341224391
    },
    "spectral_energyband_high": {
        "dmean": 0.0011662930483,
        "dmean2": 0.00194511003792,
        "dvar": 4.74226681035e-06,
        "dvar2": 1.0791854038e-05,
        "max": 0.015987707302,
        "mean": 0.00130322820041,
        "median": 0.00014967021707,
        "min": 7.51679540584e-21,
        "stdev": 0.00257316813804,
        "var": 6.62119373374e-06
    },
    "spectral_energyband_low": {
        "dmean": 0.0156055008993,
        "dmean2": 0.0234745498747,
        "dvar": 0.000944739731494,
        "dvar2": 0.00182487093844,
        "max": 0.307998716831,
        "mean": 0.0512681081891,
        "median": 0.0420301184058,
        "min": 5.72055296522e-23,
        "stdev": 0.0476744435728,
        "var": 0.00227285269648
    },
    "spectral_energyband_middle_high": {
        "dmean": 0.00265408703126,
        "dmean2": 0.00423906184733,
        "dvar": 3.71849564544e-05,
        "dvar2": 0.000100429671875,
        "max": 0.0493549928069,
        "mean": 0.00337120145559,
        "median": 0.00120904541109,
        "min": 1.31321354299e-21,
        "stdev": 0.00633892975748,
        "var": 4.01820325351e-05
    },
    "spectral_energyband_middle_low": {
        "dmean": 0.00845242477953,
        "dmean2": 0.0133568327874,
        "dvar": 0.00021460861899,
        "dvar2": 0.000541633809917,
        "max": 0.117245793343,
        "mean": 0.0148363150656,
        "median": 0.0114184012637,
        "min": 3.74433194695e-22,
        "stdev": 0.0162039976567,
        "var": 0.000262569519691
    },
    "spectral_entropy": {
        "dmean": 0.362945735455,
        "dmean2": 0.526369273663,
        "dvar": 0.147905692458,
        "dvar2": 0.268906325102,
        "max": 9.78852653503,
        "mean": 7.33941650391,
        "median": 7.24959659576,
        "min": 5.29240846634,
        "stdev": 0.685162842274,
        "var": 0.4694480896
    },
    "spectral_flux": {
        "dmean": 0.0467670671642,
        "dmean2": 0.0737075135112,
        "dvar": 0.00337855145335,
        "dvar2": 0.00674672937021,
        "max": 0.517859280109,
        "mean": 0.11331692338,
        "median": 0.091839119792,
        "min": 1.00548999682e-10,
        "stdev": 0.0850396603346,
        "var": 0.00723174354061
    },
    "spectral_kurtosis": {
        "dmean": 4.12098312378,
        "dmean2": 6.51489448547,
        "dvar": 26.8524971008,
        "dvar2": 63.8423957825,
        "max": 45.2078552246,
        "mean": 6.55933856964,
        "median": 4.74909687042,
        "min": -1.53959345818,
        "stdev": 7.04532766342,
        "var": 49.6366386414
    },
    "spectral_rms": {
        "dmean": 0.0010858469177,
        "dmean2": 0.00163148355205,
        "dvar": 2.24253130909e-06,
        "dvar2": 4.05242963097e-06,
        "max": 0.0178495217115,
        "mean": 0.00770715391263,
        "median": 0.0077068246901,
        "min": 3.14062317819e-12,
        "stdev": 0.00282785366289,
        "var": 7.9967558122e-06
    },
    "spectral_rolloff": {
        "dmean": 554.047790527,
        "dmean2": 967.745666504,
        "dvar": 2356099.25,
        "dvar2": 4805058.5,
        "max": 18669.2871094,
        "mean": 871.953308105,
        "median": 279.931640625,
        "min": 64.599609375,
        "stdev": 1947.1940918,
        "var": 3791565
    },
    "spectral_skewness": {
        "dmean": 0.539227724075,
        "dmean2": 0.823993802071,
        "dvar": 0.339932948351,
        "dvar2": 0.726960122585,
        "max": 5.60550260544,
        "mean": 1.85290825367,
        "median": 1.79539632797,
        "min": -0.351796805859,
        "stdev": 0.959278464317,
        "var": 0.920215129852
    },
    "spectral_spread": {
        "dmean": 1776569.5,
        "dmean2": 2710170.25,
        "dvar": 5.60525790413e+12,
        "dvar2": 9.5358854103e+12,
        "max": 39726064,
        "mean": 5655041,
        "median": 4800314,
        "min": 1406910.5,
        "stdev": 3369904.75,
        "var": 1.13562584351e+13
    },
    "spectral_strongpeak": {
        "dmean": 0.265282183886,
        "dmean2": 0.448622435331,
        "dvar": 0.376729518175,
        "dvar2": 0.905482590199,
        "max": 8.27479839325,
        "mean": 0.604359984398,
        "median": 0.394937813282,
        "min": 0,
        "stdev": 0.770541250706,
        "var": 0.593733787537
    },
    "zerocrossingrate": {
        "dmean": 0.0140584940091,
        "dmean2": 0.0170002058148,
        "dvar": 0.000575923768338,
        "dvar2": 0.000656315765809,
        "max": 0.49658203125,
        "mean": 0.0365931503475,
        "median": 0.0224609375,
        "min": 0.001953125,
        "stdev": 0.0447061508894,
        "var": 0.00199863989837
    },
    "barkbands": {
        "dmean": [0.0012675098842, 0.0135619398206, 0.00577359879389, 0.00281658954918, 0.00250506214797, 0.0023915884085, 0.00176493555773, 0.00124199118, 0.00112394196913, 0.000652096583508, 0.000563555804547, 0.000331994117005, 0.000629533373285, 0.000269283453235, 0.000198023612029, 0.000169791615917, 0.00018863879086, 0.000157271933858, 0.00015351602633, 6.63936298224e-05, 8.3967068349e-05, 0.000161721283803, 0.000396847870434, 0.000325967906974, 0.000169509730767, 6.76493291394e-05, 1.47950686369e-06],
        "dmean2": [0.00210392475128, 0.0209928322583, 0.00988006498665, 0.00510632200167, 0.00396272120997, 0.00368301034905, 0.00293521909043, 0.00197806558572, 0.0015578820603, 0.00103793619201, 0.000902768340893, 0.000558344938327, 0.00106612371746, 0.000464585755253, 0.000323808199028, 0.000288158305921, 0.000313671684125, 0.00027080764994, 0.000236181091168, 0.00010732877854, 0.000131224660436, 0.000262815970927, 0.000702562683728, 0.000547730363905, 0.000274280930171, 0.000103895858047, 2.54577685155e-06],
        "dvar": [5.8451505538e-06, 0.00109435152262, 0.000294273137115, 0.000102435493318, 1.6247471649e-05, 1.65027013281e-05, 2.02340434043e-05, 1.82577350643e-05, 1.36851467687e-05, 2.36769164985e-06, 3.17082390211e-06, 1.53869279984e-06, 3.17248304782e-06, 5.59408533718e-07, 1.6409296677e-07, 1.53296127792e-07, 1.96813886078e-07, 1.70999015836e-07, 1.09756392419e-07, 3.33205498748e-08, 5.75644136802e-08, 1.39706713753e-07, 7.50114224957e-07, 4.66430208235e-07, 1.36577313015e-07, 2.00521395044e-08, 3.30688497419e-11],
        "dvar2": [1.50110226969e-05, 0.00229794788174, 0.000787225086242, 0.000288627459668, 4.06639410357e-05, 3.54156181857e-05, 5.31829646206e-05, 4.12583867728e-05, 2.34038470808e-05, 4.85511100123e-06, 6.56965130474e-06, 3.64575885214e-06, 8.64178309712e-06, 1.45541559959e-06, 3.94962199834e-07, 4.27676212666e-07, 5.55894416721e-07, 4.72915814953e-07, 2.78460930758e-07, 7.71824772983e-08, 1.26713459281e-07, 3.2666144989e-07, 2.02807382266e-06, 9.75799366643e-07, 2.58600124425e-07, 3.45233424071e-08, 7.94763976852e-11],
        "max": [0.0206210240722, 0.302962839603, 0.157493948936, 0.0757364928722, 0.0333381183445, 0.0325975008309, 0.0517111718655, 0.0651465579867, 0.0518326871097, 0.0268361158669, 0.0380757004023, 0.0223475825042, 0.020380595699, 0.00843694992363, 0.00454465067014, 0.00319168413989, 0.0041085537523, 0.00389368203469, 0.00316769024357, 0.00195465167053, 0.00289790984243, 0.00426125666127, 0.00605666218325, 0.00765843084082, 0.00425493391231, 0.00199870811775, 0.000103475860669],
        "mean": [0.00317616318353, 0.0408471040428, 0.00570136122406, 0.00224221404642, 0.0039785457775, 0.00328584364615, 0.00192970409989, 0.00150755734649, 0.00156333181076, 0.00083212996833, 0.000594906916376, 0.000326984503772, 0.000579163373914, 0.000246307172347, 0.00020943020354, 0.000171064821188, 0.000216150961933, 0.00015534668637, 0.000183476964594, 6.80503726471e-05, 8.94348195288e-05, 0.000189614744158, 0.000344318774296, 0.000363592698704, 0.000196862587472, 8.20439236122e-05, 1.24327800677e-06],
        "median": [0.000960861856584, 0.0345597937703, 0.00238700583577, 0.000480504182633, 0.00235380674712, 0.00131036632229, 0.000580021704081, 0.000351022725226, 0.000147149679833, 0.000199433139642, 6.23832602287e-05, 4.09405256505e-05, 4.59133698314e-05, 3.49169131368e-05, 4.582778638e-05, 3.38558420481e-05, 5.08717239427e-05, 4.21250515501e-05, 4.89441408718e-05, 1.592679655e-05, 8.54037898534e-06, 1.22754163385e-05, 2.87279453914e-05, 4.17402443418e-05, 1.40682004712e-05, 7.52989808461e-06, 3.95141412923e-08],
        "min": [8.97264908639e-24, 2.52201339977e-23, 1.81808315287e-23, 1.32553702077e-23, 3.57837309365e-23, 7.87444363471e-23, 1.06168056068e-22, 2.840576417e-23, 1.06541218831e-22, 4.18777192946e-23, 1.10363761099e-22, 6.33371308983e-23, 9.4149267928e-23, 9.97336016543e-23, 9.5287329157e-23, 1.51750963527e-22, 1.94017348279e-22, 2.00602090161e-22, 1.75970735122e-22, 2.03950104195e-22, 2.95471651205e-22, 4.90408091858e-22, 4.10629439931e-22, 8.37869337031e-22, 1.57474872622e-21, 1.64727546189e-21, 2.39914830747e-21],
        "stdev": [0.00401919428259, 0.0430170185864, 0.0142013635486, 0.00787850469351, 0.00479250727221, 0.00513096433133, 0.00421618763357, 0.00455790897831, 0.00517686130479, 0.00214822916314, 0.00253664352931, 0.00125158322044, 0.00169946823735, 0.000714124704245, 0.000462792610051, 0.000352152943378, 0.000407112907851, 0.000355584255885, 0.000343088584486, 0.00018170682597, 0.000261662964476, 0.000415639136918, 0.000773092382587, 0.000871255877428, 0.000526338000782, 0.000214648447582, 6.16565012024e-06],
        "var": [1.61539228429e-05, 0.00185046391562, 0.00020167871844, 6.20708306087e-05, 2.29681245401e-05, 2.63267957052e-05, 1.77762376552e-05, 2.07745342777e-05, 2.67998912022e-05, 4.61488889414e-06, 6.43456041871e-06, 1.56646046889e-06, 2.88819228444e-06, 5.09974086071e-07, 2.14177006796e-07, 1.24011691582e-07, 1.65740928537e-07, 1.26440156123e-07, 1.17709767267e-07, 3.30173683949e-08, 6.84675001139e-08, 1.72755889594e-07, 5.97671828473e-07, 7.59086788094e-07, 2.77031688256e-07, 4.60739535413e-08, 3.80152437307e-11]
    },
    "erbbands": {
        "dmean": [0.531264185905, 2.77020335197, 5.32098197937, 10.2088336945, 5.52728414536, 10.4935035706, 12.7650985718, 22.768951416, 27.9026756287, 24.8461227417, 22.5643558502, 27.4661140442, 20.2016792297, 27.9698982239, 14.5623111725, 14.1405115128, 24.9630222321, 18.0942306519, 11.8336267471, 9.35350418091, 11.1163129807, 9.7030916214, 8.26411533356, 8.02561664581, 6.09347581863, 3.24754047394, 3.20029163361, 3.67443728447, 6.08655166626, 7.60926389694, 11.2939577103, 8.03711414337, 5.1006231308, 2.54634284973, 0.880738556385, 0.385856628418, 0.119772978127, 0.0105108404532, 0.00024846001179, 3.04071218125e-05],
        "dmean2": [0.839658617973, 4.08445930481, 8.75917243958, 17.8085746765, 9.72399806976, 16.0786552429, 19.7093925476, 35.2975959778, 45.3301963806, 40.2338371277, 35.5680007935, 37.8740577698, 30.7585773468, 45.0531463623, 24.499710083, 23.2931594849, 41.0664749146, 30.2782611847, 19.7371959686, 15.0033464432, 19.0454330444, 15.9864749908, 14.3167333603, 12.4951181412, 9.61939525604, 5.29557704926, 5.01520252228, 5.82073974609, 9.92164325714, 12.9437265396, 19.8951091766, 13.6415300369, 8.57332420349, 4.19804763794, 1.37878072262, 0.593816459179, 0.185075908899, 0.0164261627942, 0.000390932225855, 4.84338743263e-05],
        "dvar": [1.45058393478, 50.7930641174, 220.167938232, 1141.84558105, 215.113586426, 260.572814941, 486.403686523, 1799.08862305, 4498.39111328, 4835.18457031, 6903.54785156, 9179.90039062, 3052.0480957, 6642.84765625, 3111.06469727, 2106.9699707, 4814.62207031, 2806.59765625, 806.582885742, 342.693908691, 866.24798584, 469.134246826, 500.540161133, 289.57220459, 200.047103882, 87.8019561768, 87.3244934082, 107.372825623, 198.339111328, 294.76461792, 592.969116211, 240.543731689, 134.465805054, 34.669506073, 3.50112509727, 0.693625688553, 0.0605862252414, 0.000676745607052, 4.09697776149e-07, 1.7927743734e-09],
        "dvar2": [3.57039237022, 100.540962219, 567.04510498, 3155.21801758, 614.774475098, 580.420166016, 1071.63183594, 3804.02905273, 11664.7578125, 10826.359375, 14896.1035156, 16725.9550781, 6180.85253906, 14193.0644531, 8255.41796875, 5052.77783203, 13229.2451172, 7668.83056641, 2074.60961914, 886.471313477, 2462.01049805, 1316.76611328, 1404.64221191, 730.940612793, 504.968475342, 208.978851318, 184.487457275, 242.18762207, 469.234069824, 782.973510742, 1591.67907715, 558.499633789, 273.092163086, 66.7236709595, 6.70671033859, 1.24294483662, 0.109210461378, 0.00124001456425, 8.34506408864e-07, 3.69797947819e-09],
        "max": [10.262336731, 64.7097244263, 160.566802979, 266.51159668, 116.772796631, 139.178573608, 226.561523438, 410.026916504, 601.64239502, 1078.67028809, 1533.63818359, 1611.55273438, 884.173461914, 1777.73486328, 1013.11743164, 676.686828613, 963.41015625, 499.473297119, 281.88482666, 183.731491089, 261.612976074, 186.701705933, 191.565383911, 175.974594116, 150.068710327, 94.4727630615, 141.954391479, 124.686096191, 154.071060181, 133.954116821, 169.985168457, 165.564651489, 145.863616943, 71.7076416016, 21.9915733337, 12.6629400253, 3.17693281174, 0.409626692533, 0.0111105982214, 0.000406952458434],
        "mean": [1.67079877853, 7.14674186707, 6.89145898819, 8.95704936981, 6.06773519516, 16.7931251526, 18.9890346527, 30.0424785614, 31.5196819305, 31.6579017639, 30.5795383453, 36.6208267212, 28.4807224274, 30.9931507111, 15.1194591522, 14.6621294022, 24.1478309631, 16.5410480499, 11.461186409, 10.2534742355, 11.5670833588, 11.2957773209, 8.38044834137, 9.68494606018, 7.23858547211, 3.29250311852, 3.40834355354, 4.01713848114, 7.1113576889, 7.225897789, 10.0873184204, 8.15679931641, 5.7597489357, 2.92218279839, 1.02062058449, 0.4655341506, 0.134840533137, 0.01216461882, 0.000313567463309, 9.22825201997e-05],
        "median": [1.1379519701, 4.69562101364, 3.89092707634, 2.75965619087, 2.56141591072, 8.91440486908, 9.84385204315, 11.1065273285, 10.4103250504, 8.54499530792, 5.27100086212, 4.16748046875, 6.52437782288, 4.19897699356, 2.50028276443, 1.84335672855, 2.2154083252, 2.11066269875, 2.33952736855, 2.45800042152, 2.22873330116, 3.04446434975, 2.34829998016, 2.51947903633, 2.13231086731, 0.834493398666, 0.371667593718, 0.355286538601, 0.433173328638, 0.51678866148, 0.879179477692, 1.00829923153, 0.543483257294, 0.204249814153, 0.0747921466827, 0.0388493724167, 0.0113515742123, 0.00122026086319, 6.56952033751e-05, 7.77903842391e-05],
        "min": [1.15446029666e-21, 3.66521588769e-21, 1.61348073139e-20, 4.42624475024e-20, 2.85776038235e-20, 8.20755810262e-20, 6.81710355283e-19, 5.6488727548e-19, 1.18863165687e-18, 1.35397575554e-18, 7.32367206188e-19, 2.68850077256e-18, 1.28031397782e-18, 4.0428559972e-18, 3.44248748143e-18, 3.11310974498e-18, 4.21208846513e-18, 3.35573257199e-18, 6.35433363682e-18, 5.75878634325e-18, 8.9906790174e-18, 9.49374793208e-18, 1.09914246056e-17, 9.61850827515e-18, 1.04810541676e-17, 1.03450218343e-17, 1.06102912122e-17, 1.18880164248e-17, 1.49116163354e-17, 1.56621503924e-17, 1.27265194856e-17, 1.48776125947e-17, 1.6477336886e-17, 1.68983751265e-17, 1.15636400292e-17, 6.76931319294e-18, 3.26925476806e-18, 1.14671882882e-18, 2.97195447537e-19, 3.59856169009e-20],
        "stdev": [1.63207352161, 9.13539886475, 13.4742889404, 26.9443340302, 12.2765789032, 21.5713729858, 27.0331611633, 53.1259613037, 65.3491744995, 78.2753829956, 94.55519104, 124.327308655, 78.4598236084, 113.766555786, 54.4874038696, 47.9757766724, 69.2464599609, 48.048915863, 28.5385379791, 20.0621795654, 25.0711784363, 20.3797187805, 18.7463188171, 17.7848358154, 14.2593774796, 9.04089927673, 10.2785558701, 11.1897373199, 15.5772333145, 16.0242996216, 22.1687602997, 18.0889472961, 15.1778173447, 8.19310951233, 2.66677546501, 1.24328827858, 0.358248382807, 0.035923499614, 0.000833008089103, 6.47017586743e-05],
        "var": [2.66366410255, 83.4555053711, 181.55645752, 725.997131348, 150.714401245, 465.324157715, 730.791809082, 2822.36767578, 4270.51416016, 6127.03613281, 8940.68457031, 15457.2802734, 6155.94433594, 12942.8291016, 2968.87719727, 2301.67529297, 4795.07177734, 2308.69824219, 814.448181152, 402.491027832, 628.564025879, 415.332946777, 351.424438477, 316.300384521, 203.329849243, 81.7378616333, 105.648712158, 125.210227966, 242.65020752, 256.778198242, 491.453948975, 327.209991455, 230.366149902, 67.1270446777, 7.11169195175, 1.54576563835, 0.128341898322, 0.00129049771931, 6.93902450166e-07, 4.18631751486e-09]
    },
    "gfcc": {
        "mean": [-16.9706134796, 105.737792969, -69.8040847778, 38.7121009827, -48.170791626, 24.086271286, -36.8627929688, 23.0881271362, -8.80173587799, 2.87416005135, -2.8287332058, 5.94220685959, -8.55833721161],
        "cov": [[5661.91992188, -1039.04992676, -737.3359375, 186.915145874, -592.183288574, 272.189788818, -394.508636475, -3.62480735779, -213.822875977, 106.9764328, -146.759185791, 148.821395874, -237.850814819], [-1039.04992676, 2944.25976562, -626.196411133, -755.459289551, 561.524353027, -829.969726562, 125.721885681, -50.8090515137, 26.3848228455, -392.766845703, 448.450317383, -155.699890137, 166.541992188], [-737.3359375, -626.196411133, 1134.45849609, 277.156280518, -163.196350098, 292.310821533, -71.2871780396, -21.4443569183, 48.636302948, 66.6483230591, -96.6678466797, 77.9403152466, -13.4041061401], [186.915145874, -755.459289551, 277.156280518, 679.604370117, -35.8447036743, 84.1598510742, -121.22177124, -62.274887085, 77.7458496094, 78.928817749, -114.989517212, 91.8802871704, 26.6095561981], [-592.183288574, 561.524353027, -163.196350098, -35.8447036743, 464.639282227, -158.198760986, 51.9695854187, 39.355758667, 73.7206115723, -18.9244747162, 117.525093079, -45.3118095398, 104.404197693], [272.189788818, -829.969726562, 292.310821533, 84.1598510742, -158.198760986, 511.165863037, 104.792434692, 37.1591796875, 30.3717346191, 140.287689209, -114.120574951, 41.4099197388, -74.5227966309], [-394.508636475, 125.721885681, -71.2871780396, -121.22177124, 51.9695854187, 104.792434692, 411.009490967, 68.8928146362, 35.7574691772, 63.8474693298, 18.6245956421, -40.443359375, 13.2484970093], [-3.62480735779, -50.8090515137, -21.4443569183, -62.274887085, 39.355758667, 37.1591796875, 68.8928146362, 132.089172363, 18.7318744659, 17.71235466, 19.2704315186, -14.8742742538, 16.3864631653], [-213.822875977, 26.3848228455, 48.636302948, 77.7458496094, 73.7206115723, 30.3717346191, 35.7574691772, 18.7318744659, 156.759216309, 45.1737709045, 8.3147277832, 10.4124498367, 24.6167259216], [106.9764328, -392.766845703, 66.6483230591, 78.928817749, -18.9244747162, 140.287689209, 63.8474693298, 17.71235466, 45.1737709045, 214.322784424, -29.2982349396, -17.0756320953, -26.7600708008], [-146.759185791, 448.450317383, -96.6678466797, -114.989517212, 117.525093079, -114.120574951, 18.6245956421, 19.2704315186, 8.3147277832, -29.2982349396, 192.319000244, -5.42863893509, 38.5584983826], [148.821395874, -155.699890137, 77.9403152466, 91.8802871704, -45.3118095398, 41.4099197388, -40.443359375, -14.8742742538, 10.4124498367, -17.0756320953, -5.42863893509, 122.960296631, 14.6889438629], [-237.850814819, 166.541992188, -13.4041061401, 26.6095561981, 104.404197693, -74.5227966309, 13.2484970093, 16.3864631653, 24.6167259216, -26.7600708008, 38.5584983826, 14.6889438629, 122.427719116]],
        "icov": [[0.000393206486478, -0.000386871601222, 0.000512241618708, -0.000489712576382, 0.000560196116567, -0.000677154690493, 0.000631971633993, -0.000733964378014, 0.000651756126899, -0.00062833057018, 0.000232520018471, -0.000540908484254, 0.000315922079608], [-0.000386871601222, 0.00317063811235, -0.000754512206186, 0.0026544642169, -0.00178035139106, 0.00331369554624, -0.00188844639342, 0.00350462482311, -0.00283892662264, 0.00350068858825, -0.00280467234552, 0.00166317098774, -0.000433885521488], [0.000512241618708, -0.000754512206186, 0.0018772627227, -0.00114976044279, 0.00111465831287, -0.00182686524931, 0.00119517196435, -0.00109866540879, 0.000799072848167, -0.0009400221752, 0.000429745472502, -0.000802419730462, 2.6908423024e-05], [-0.000489712576382, 0.0026544642169, -0.00114976044279, 0.00469567300752, -0.00187317316886, 0.00308297993615, -0.00122034130618, 0.0038717482239, -0.00334395724349, 0.00203677546233, -0.000921621394809, 0.000185304845218, -0.00123534735758], [0.000560196116567, -0.00178035139106, 0.00111465831287, -0.00187317316886, 0.00493160635233, -0.00176871847361, 0.00133263610769, -0.00262452964671, 0.000520659319591, -0.00207606470212, 8.45616377774e-05, 0.000161872187164, -0.00164029933512], [-0.000677154690493, 0.00331369554624, -0.00182686524931, 0.00308297993615, -0.00176871847361, 0.00753691419959, -0.00320764048956, 0.00282357539982, -0.00338883395307, 0.00213935528882, -0.00144099921454, 0.000375735107809, 0.000929699279368], [0.000631971633993, -0.00188844639342, 0.00119517196435, -0.00122034130618, 0.00133263610769, -0.00320764048956, 0.00484277866781, -0.00318624824286, 0.00152936764061, -0.00287749012932, 0.00142683717422, -0.000653217197396, -0.000301249354379], [-0.000733964378014, 0.00350462482311, -0.00109866540879, 0.0038717482239, -0.00262452964671, 0.00282357539982, -0.00318624824286, 0.0133566660807, -0.00410001073033, 0.00380615959875, -0.00343655236065, 0.00277008698322, -0.00223491596989], [0.000651756126899, -0.00283892662264, 0.000799072848167, -0.00334395724349, 0.000520659319591, -0.00338883395307, 0.00152936764061, -0.00410001073033, 0.0110598923638, -0.00461079087108, 0.00215722061694, -0.0025585249532, 0.00021474820096], [-0.00062833057018, 0.00350068858825, -0.0009400221752, 0.00203677546233, -0.00207606470212, 0.00213935528882, -0.00287749012932, 0.00380615959875, -0.00461079087108, 0.0107308086008, -0.00356798199937, 0.00398717960343, 0.000264184025582], [0.000232520018471, -0.00280467234552, 0.000429745472502, -0.000921621394809, 8.45616377774e-05, -0.00144099921454, 0.00142683717422, -0.00343655236065, 0.00215722061694, -0.00356798199937, 0.0101961838081, -0.00305210356601, -0.000188044228707], [-0.000540908484254, 0.00166317098774, -0.000802419730462, 0.000185304845218, 0.000161872187164, 0.000375735107809, -0.000653217197396, 0.00277008698322, -0.0025585249532, 0.00398717960343, -0.00305210356601, 0.0122843226418, -0.00277752871625], [0.000315922079608, -0.000433885521488, 2.6908423024e-05, -0.00123534735758, -0.00164029933512, 0.000929699279368, -0.000301249354379, -0.00223491596989, 0.00021474820096, 0.000264184025582, -0.000188044228707, -0.00277752871625, 0.0123470360413]]
    },
    "melbands": {
        "dmean": [0.00421660067514, 0.00252588838339, 0.00148660037667, 0.000514950603247, 0.000461880874354, 0.000512335333042, 0.000407070794608, 0.000276103528449, 0.000183946089237, 0.000168946746271, 9.71470726654e-05, 0.000111858855234, 5.55706501473e-05, 3.90924760723e-05, 4.5765300456e-05, 5.99038612563e-05, 3.01367890643e-05, 2.03719755518e-05, 1.48518793139e-05, 1.11869767352e-05, 1.41059736052e-05, 1.1242374967e-05, 7.10870654075e-06, 7.93881190475e-06, 6.53223514746e-06, 6.12111307419e-06, 2.59773673861e-06, 2.14034866985e-06, 2.04878938348e-06, 1.8987684598e-06, 2.25379653784e-06, 3.27925590682e-06, 3.50780351255e-06, 5.22616801391e-06, 7.18810042599e-06, 6.18219701209e-06, 4.55151666756e-06, 3.95661209041e-06, 2.79117261925e-06, 1.99535202228e-06],
        "dmean2": [0.00657842913643, 0.0037542511709, 0.00256710406393, 0.000827908224892, 0.000706025282852, 0.000797083543148, 0.000662633334287, 0.000445921323262, 0.000281727669062, 0.000233817001572, 0.000150344218127, 0.000180235336302, 9.14616102818e-05, 6.63281098241e-05, 7.45820070733e-05, 0.000102967853309, 5.08151715621e-05, 3.4518641769e-05, 2.43516115006e-05, 1.82416533789e-05, 2.43102749664e-05, 1.83796000783e-05, 1.22400188047e-05, 1.36607823151e-05, 1.00782208392e-05, 9.78919433692e-06, 4.13905627283e-06, 3.57608678314e-06, 3.23746621689e-06, 2.99081852972e-06, 3.56074519914e-06, 5.32621379534e-06, 5.75900958211e-06, 9.16198405321e-06, 1.28164756461e-05, 1.06839042928e-05, 7.73181272962e-06, 6.60077648718e-06, 4.56504449176e-06, 3.30944817506e-06],
        "dvar": [9.93284047581e-05, 3.2882886444e-05, 2.29492979997e-05, 8.15745863747e-07, 5.5488635553e-07, 8.57876557347e-07, 9.38056643918e-07, 6.55571227526e-07, 4.57419531585e-07, 3.45680689406e-07, 7.5824509338e-08, 1.02913858768e-07, 3.30600400389e-08, 2.69209898818e-08, 1.81359869345e-08, 2.940779531e-08, 7.86632625704e-09, 2.68296118655e-09, 9.34168298272e-10, 5.24195242768e-10, 1.47744882995e-09, 5.92951410194e-10, 3.47840228843e-10, 5.3456772342e-10, 1.67573732668e-10, 2.31772642745e-10, 4.01675949446e-11, 4.05167913109e-11, 3.47876345785e-11, 3.2488591678e-11, 3.99460950429e-11, 6.00504160286e-11, 6.81022183091e-11, 1.53258100655e-10, 3.10230618972e-10, 1.45742307112e-10, 8.2468948337e-11, 7.98036636773e-11, 4.94347410229e-11, 2.11739358685e-11],
        "dvar2": [0.000222796021262, 6.87485226081e-05, 6.2442770286e-05, 2.16982994061e-06, 1.21817060972e-06, 1.85944338682e-06, 2.44115813075e-06, 1.45685078223e-06, 9.53010896865e-07, 6.12461462879e-07, 1.52521266727e-07, 2.22711776132e-07, 8.11145284274e-08, 6.80031035927e-08, 4.41620038316e-08, 8.21681567231e-08, 2.09611830115e-08, 7.02350400061e-09, 2.32815255963e-09, 1.4172876206e-09, 4.20508383669e-09, 1.64747149256e-09, 9.94105686658e-10, 1.48837420166e-09, 4.09597300521e-10, 5.9329163804e-10, 9.77653860645e-11, 9.89375317784e-11, 7.17745238243e-11, 7.40943764677e-11, 8.99461269355e-11, 1.35570638049e-10, 1.74681255571e-10, 4.20953355507e-10, 8.58277060534e-10, 3.66123797946e-10, 1.89108978477e-10, 1.75430781013e-10, 8.99094410034e-11, 4.36672399629e-11],
        "max": [0.0882478058338, 0.0625700727105, 0.0365100800991, 0.00832183565944, 0.0073604658246, 0.00786995049566, 0.008963836357, 0.014131674543, 0.0129735404626, 0.0100100068375, 0.00431484635919, 0.00662321969867, 0.00255701714195, 0.00276908907108, 0.00212900782935, 0.00141312857158, 0.00088881253032, 0.000458573864307, 0.000286294030957, 0.000153547094669, 0.000347096443875, 0.000200574999326, 0.000186226257938, 0.00025041680783, 0.000126001250464, 0.000151381565956, 8.29898999655e-05, 6.31238581263e-05, 8.23687878437e-05, 8.41561995912e-05, 8.39505300974e-05, 9.19972226257e-05, 7.04871563357e-05, 9.85120204859e-05, 0.000139439929626, 0.000118190531794, 0.000115993483632, 0.000103740108898, 9.11161259864e-05, 5.50986587768e-05],
        "mean": [0.0130267422646, 0.00539725087583, 0.001384295756, 0.000768734025769, 0.000742046220694, 0.000679317978211, 0.000462791533209, 0.000346894055838, 0.000257528125076, 0.000223894661758, 0.000135388952913, 0.000122454759548, 5.85518537264e-05, 3.78190998163e-05, 4.68319340143e-05, 5.34062164661e-05, 2.72851812042e-05, 1.84390810318e-05, 1.54770659719e-05, 1.17811287055e-05, 1.43035285873e-05, 1.29898990053e-05, 7.43529244573e-06, 7.64544529375e-06, 7.9063420344e-06, 6.8395256676e-06, 3.02534840557e-06, 1.94992344404e-06, 2.15005547943e-06, 1.9656040422e-06, 2.4385526558e-06, 3.85477460441e-06, 3.87605859942e-06, 4.45534988103e-06, 6.18837111688e-06, 5.57900966669e-06, 4.71398516311e-06, 4.19618390879e-06, 3.29851627612e-06, 2.19854882744e-06],
        "median": [0.0105021586642, 0.0035612534266, 0.000532035366632, 0.000429863954196, 0.000420626020059, 0.00025468779495, 0.000155001718667, 8.84410255821e-05, 3.81575009669e-05, 2.44933453359e-05, 3.16259611282e-05, 1.63583154063e-05, 8.14502527646e-06, 5.41763165529e-06, 4.4164648898e-06, 4.54133851235e-06, 3.27807197209e-06, 3.39159760188e-06, 3.49886659023e-06, 2.51910341831e-06, 2.50268590207e-06, 3.06936362904e-06, 2.06560412153e-06, 1.79454195859e-06, 1.98881366487e-06, 1.65892788573e-06, 8.73273506841e-07, 3.3008566902e-07, 1.83866347925e-07, 1.96316548795e-07, 1.89759390423e-07, 2.49995935064e-07, 2.31208531432e-07, 2.8672363328e-07, 4.7525310265e-07, 5.81282222356e-07, 5.89779062921e-07, 4.06644971918e-07, 2.34209323935e-07, 1.4018500849e-07],
        "min": [7.80366766538e-24, 7.9025300806e-24, 6.78180328117e-24, 2.91520825954e-24, 1.91170989827e-23, 1.34347350894e-23, 1.9115679033e-23, 1.31141759385e-23, 5.11193462839e-24, 1.84356951322e-23, 5.21811806724e-24, 1.47972824662e-23, 1.28490910643e-23, 6.1109330904e-24, 1.24297318182e-23, 6.84289345853e-24, 6.24868003737e-24, 1.11710734783e-23, 6.5008287761e-24, 9.44452595837e-24, 1.09514120038e-23, 8.24750132104e-24, 1.32348724459e-23, 9.1006591232e-24, 7.40312038531e-24, 6.9843772396e-24, 6.69881432508e-24, 7.0340699546e-24, 6.50617961962e-24, 5.70553668235e-24, 7.16708136955e-24, 7.55077384752e-24, 1.12954397666e-23, 6.5477561392e-24, 6.69306037363e-24, 9.01881480429e-24, 8.96953781898e-24, 1.13630088586e-23, 1.18146711699e-23, 1.58880262403e-23],
        "stdev": [0.0130851753056, 0.00719309225678, 0.00390027975664, 0.000986443716101, 0.00094235985307, 0.0011420219671, 0.000939128280152, 0.000913764873985, 0.000827645417303, 0.000770819780882, 0.00038344663335, 0.000435584777733, 0.000215051855776, 0.000153514003614, 0.000146094054799, 0.000156337147928, 8.24334783829e-05, 4.97748696944e-05, 3.34397409461e-05, 2.294548176e-05, 3.23554741044e-05, 2.36185242102e-05, 1.57111790031e-05, 1.95874345081e-05, 1.42410335684e-05, 1.47366854435e-05, 6.55097665003e-06, 5.93609092903e-06, 6.54215136819e-06, 6.02237378189e-06, 6.85997292749e-06, 8.81711821421e-06, 8.46126749821e-06, 1.06729557956e-05, 1.49792986122e-05, 1.2623722796e-05, 1.07767536974e-05, 1.10377677629e-05, 9.87770818028e-06, 6.16708439338e-06],
        "var": [0.00017122180725, 5.17405787832e-05, 1.5212182916e-05, 9.73071109911e-07, 8.88042109182e-07, 1.30421415179e-06, 8.81961909727e-07, 8.34966272123e-07, 6.8499690542e-07, 5.941631116e-07, 1.47031329334e-07, 1.89734109313e-07, 4.62473010998e-08, 2.35665478243e-08, 2.13434727669e-08, 2.44413058681e-08, 6.79527811798e-09, 2.47753773053e-09, 1.11821629734e-09, 5.26495125275e-10, 1.04687680746e-09, 5.57834667347e-10, 2.46841130869e-10, 3.83667569936e-10, 2.02807035055e-10, 2.17169907057e-10, 4.29152928472e-11, 3.5237177759e-11, 4.27997463859e-11, 3.62689843436e-11, 4.70592280422e-11, 7.77415770647e-11, 7.15930509321e-11, 1.13911990951e-10, 2.24379390068e-10, 1.59358387597e-10, 1.16138411388e-10, 1.21832322009e-10, 9.75691125116e-11, 3.80329309713e-11]
    },
    "melbands128": {
