{
"lowlevel": {
    "average_loudness": 0.956222474575,
    "barkbands_crest": {
        "dmean": 2.64275169373,
        "dmean2": 4.33586740494,
        "dvar": 6.79648399353,
        "dvar2": 17.6768016815,
        "max": 23.338054657,
        "mean": 10.4979133606,
        "median": 9.82782554626,
        "min": 3.1409342289,
        "stdev": 3.99853682518,
        "var": 15.9882974625
    },
    "barkbands_flatness_db": {
        "dmean": 0.0275272931904,
        "dmean2": 0.0402892976999,
        "dvar": 0.000995225622319,
        "dvar2": 0.00200072024018,
        "max": 0.400763124228,
        "mean": 0.155269265175,
        "median": 0.154537945986,
        "min": 0.027564862743,
        "stdev": 0.064980968833,
        "var": 0.00422252668068
    },
    "barkbands_kurtosis": {
        "dmean": 4.87012338638,
        "dmean2": 7.87040901184,
        "dvar": 78.5218505859,
        "dvar2": 192.8152771,
        "max": 115.193374634,
        "mean": 7.48751592636,
        "median": 3.57356929779,
        "min": -1.91651511192,
        "stdev": 11.4385604858,
        "var": 130.840667725
    },
    "barkbands_skewness": {
        "dmean": 0.682240605354,
        "dmean2": 1.05074954033,
        "dvar": 0.711907923222,
        "dvar2": 1.65084540844,
        "max": 9.89631080627,
        "mean": 1.99955737591,
        "median": 1.82040381432,
        "min": -2.40683341026,
        "stdev": 1.43522560596,
        "var": 2.05987238884
    },
    "barkbands_spread": {
        "dmean": 6.29938364029,
        "dmean2": 9.52439022064,
        "dvar": 100.719802856,
        "dvar2": 204.06489563,
        "max": 108.128181458,
        "mean": 20.0014781952,
        "median": 15.7295646667,
        "min": 0.944287955761,
        "stdev": 17.3319187164,
        "var": 300.395385742
    },
    "dissonance": {
        "dmean": 0.0205183513463,
        "dmean2": 0.0333400778472,
        "dvar": 0.00046852484229,
        "dvar2": 0.00113096588757,
        "max": 0.499644696712,
        "mean": 0.453237205744,
        "median": 0.461086750031,
        "min": 0.207654446363,
        "stdev": 0.0355622284114,
        "var": 0.00126467214432
    },
    "dynamic_complexity": 2.85758686066,
    "erbbands_crest": {
        "dmean": 2.35856318474,
        "dmean2": 3.78745722771,
        "dvar": 4.9837975502,
        "dvar2": 12.7262058258,
        "max": 22.3209533691,
        "mean": 8.50032806396,
        "median": 7.67803764343,
        "min": 2.34980463982,
        "stdev": 3.78357648849,
        "var": 14.315451622
    },
    "erbbands_flatness_db": {
        "dmean": 0.0196622163057,
        "dmean2": 0.0256301108748,
        "dvar": 0.000464276090497,
        "dvar2": 0.000828545307741,
        "max": 0.303873956203,
        "mean": 0.153952345252,
        "median": 0.152537360787,
        "min": 0.0477176941931,
        "stdev": 0.0477194599807,
        "var": 0.00227714702487
    },
    "erbbands_kurtosis": {
        "dmean": 1.04467725754,
        "dmean2": 1.59398674965,
        "dvar": 2.88523173332,
        "dvar2": 6.39950084686,
        "max": 25.1269607544,
        "mean": 0.734347224236,
        "median": -0.212224960327,
        "min": -1.70371675491,
        "stdev": 2.75360679626,
        "var": 7.58234977722
    },
    "erbbands_skewness": {
        "dmean": 0.364854961634,
        "dmean2": 0.530399441719,
        "dvar": 0.177800029516,
        "dvar2": 0.316524773836,
        "max": 3.54477286339,
        "mean": 0.264237552881,
        "median": 0.260468125343,
        "min": -3.87001419067,
        "stdev": 0.959706187248,
        "var": 0.92103600502
    },
    "erbbands_spread": {
        "dmean": 9.79479885101,
        "dmean2": 15.1057081223,
        "dvar": 190.403747559,
        "dvar2": 491.423309326,
        "max": 146.98059082,
        "mean": 40.2632255554,
        "median": 37.294128418,
        "min": 3.21289348602,
        "stdev": 19.3460483551,
        "var": 374.269592285
    },
    "hfc": {
        "dmean": 11.1142568588,
        "dmean2": 15.1619443893,
        "dvar": 572.112060547,
        "dvar2": 1017.63391113,
        "max": 348.905151367,
        "mean": 24.5856018066,
        "median": 12.5372219086,
        "min": 0.000594589742832,
        "stdev": 39.3702545166,
        "var": 1550.01708984
    },
    "loudness_ebu128": {
        "integrated": -12.1908092499,
        "loudness_range": 2.86760902405,
        "momentary": {
            "dmean": 0.712780356407,
            "dmean2": 1.05141556263,
            "dvar": 0.38410654664,
            "dvar2": 0.708375751972,
            "max": -9.0336561203,
            "mean": -12.4948177338,
            "median": -12.2623310089,
            "min": -20.2841472626,
            "stdev": 1.70044052601,
            "var": 2.89149785042
        },
        "short_term": {
            "dmean": 0.102558389306,
            "dmean2": 0.116187535226,
            "dvar": 0.0062532084994,
            "dvar2": 0.00954588409513,
            "max": -10.5770750046,
            "mean": -12.3806362152,
            "median": -12.2985916138,
            "min": -15.0711936951,
            "stdev": 1.05749571323,
            "var": 1.11829721928
        }
    },
    "melbands_crest": {
        "dmean": 3.11078119278,
        "dmean2": 5.0376124382,
        "dvar": 9.12934589386,
        "dvar2": 23.6029186249,
        "max": 30.6690559387,
        "mean": 14.2361574173,
        "median": 13.7068967819,
        "min": 4.38768768311,
        "stdev": 4.93754386902,
        "var": 24.3793392181
    },
    "melbands_flatness_db": {
        "dmean": 0.0329366400838,
        "dmean2": 0.0480531044304,
        "dvar": 0.00146877381485,
        "dvar2": 0.00280433986336,
        "max": 0.537310421467,
        "mean": 0.23622559011,
        "median": 0.239232778549,
        "min": 0.0337180607021,
        "stdev": 0.0846669599414,
        "var": 0.0071684946306
    },
    "melbands_kurtosis": {
        "dmean": 11.7317819595,
        "dmean2": 19.6090202332,
        "dvar": 616.031921387,
        "dvar2": 1604.40893555,
        "max": 375.826965332,
        "mean": 19.796661377,
        "median": 11.4904108047,
        "min": -1.73256766796,
        "stdev": 27.6963558197,
        "var": 767.088134766
    },
    "melbands_skewness": {
        "dmean": 0.939935386181,
        "dmean2": 1.51454305649,
        "dvar": 1.79230308533,
        "dvar2": 4.71367359161,
        "max": 16.3309402466,
        "mean": 3.20447921753,
        "median": 2.93500208855,
        "min": -1.02536273003,
        "stdev": 1.85636174679,
        "var": 3.44607877731
    },
    "melbands_spread": {
        "dmean": 7.33701992035,
        "dmean2": 10.720410347,
        "dvar": 207.465072632,
        "dvar2": 313.589630127,
        "max": 235.449737549,
        "mean": 21.1840858459,
        "median": 14.2567892075,
        "min": 0.88170093298,
        "stdev": 29.4483222961,
        "var": 867.203674316
    },
    "pitch_salience": {
        "dmean": 0.0718490108848,
        "dmean2": 0.119219623506,
        "dvar": 0.00525178294629,
        "dvar2": 0.0144077464938,
        "max": 0.813687443733,
        "mean": 0.550113677979,
        "median": 0.555686593056,
        "min": 0.174950271845,
        "stdev": 0.117867343128,
        "var": 0.0138927102089
    },
    "silence_rate_20dB": {
        "dmean": 0,
        "dmean2": 0,
        "dvar": 0,
        "dvar2": 0,
        "max": 1,
        "mean": 1,
        "median": 1,
        "min": 1,
        "stdev": 0,
        "var": 0
    },
    "silence_rate_30dB": {
        "dmean": 0.0417956672609,
        "dmean2": 0.0836560800672,
        "dvar": 0.0400489754975,
        "dvar2": 0.106092020869,
        "max": 1,
        "mean": 0.972931146622,
        "median": 1,
        "min": 0,
        "stdev": 0.162283360958,
        "var": 0.0263358876109
    },
    "silence_rate_60dB": {
        "dmean": 0.0162538699806,
        "dmean2": 0.0317583270371,
        "dvar": 0.0159903038293,
        "dvar2": 0.0353963561356,
        "max": 1,
        "mean": 0.0378963649273,
        "median": 0,
        "min": 0,
        "stdev": 0.190942004323,
        "var": 0.0364588499069
    },
    "spectral_centroid": {
        "dmean": 252.59147644,
        "dmean2": 358.083618164,
        "dvar": 120742.859375,
        "dvar2": 191976.734375,
        "max": 4859.38720703,
        "mean": 1134.51184082,
        "median": 992.597473145,
        "min": 191.318496704,
        "stdev": 756.277587891,
        "var": 571955.8125
    },
    "spectral_complexity": {
        "dmean": 4.26238393784,
        "dmean2": 6.0038728714,
        "dvar": 33.7168388367,
        "dvar2": 58.8218727112,
        "max": 60,
        "mean": 17.8839912415,
        "median": 16,
        "min": 0,
        "stdev": 9.85010242462,
        "var": 97.0245132446
    },
    "spectral_decrease": {
        "dmean": 3.98546440294e-09,
        "dmean2": 6.75217304291e-09,
        "dvar": 5.97095891483e-17,
        "dvar2": 1.70250260736e-16,
        "max": -9.97681971759e-13,
        "mean": -8.77186323578e-09,
        "median": -7.31775484653e-09,
        "min": -5.77136027857e-08,
        "stdev": 7.65213847842e-09,
        "var": 5.85552222076e-17
    },
    "spectral_energy": {
        "dmean": 0.0157848950475,
        "dmean2": 0.0265170298517,
        "dvar": 0.000894270429853,
        "dvar2": 0.00253508170135,
        "max": 0.222128897905,
        "mean": 0.035337023437,
        "median": 0.0295541360974,
        "min": 3.81944028049e-06,
        "stdev": 0.0299031045288,
        "var": 0.000894195633009
    },
    "spectral_energyband_high": {
        "dmean": 0.000905963766854,
        "dmean2": 0.00121597072575,
        "dvar": 6.0266379478e-06,
        "dvar2": 9.23028437683e-06,
        "max": 0.0399376712739,
        "mean": 0.00147573265713,
        "median": 0.000182911680895,
        "min": 1.76385643869e-08,
        "stdev": 0.00446640932932,
        "var": 1.9948811314e-05
    },
    "spectral_energyband_low": {
        "dmean": 0.010411082767,
        "dmean2": 0.0187078788877,
        "dvar": 0.000724858662579,
        "dvar2": 0.00213338411413,
        "max": 0.205074444413,
        "mean": 0.0154176745564,
        "median": 0.0107353487983,
        "min": 2.67987979896e-06,
        "stdev": 0.0241122469306,
        "var": 0.000581400410738
    },
    "spectral_energyband_middle_high": {
        "dmean": 0.00176696176641,
        "dmean2": 0.00257175252773,
        "dvar": 1.07595469672e-05,
        "dvar2": 2.22046801355e-05,
        "max": 0.0366634316742,
        "mean": 0.0044645788148,
        "median": 0.00249808980152,
        "min": 9.85413635135e-08,
        "stdev": 0.00553328171372,
        "var": 3.06172078126e-05
    },
    "spectral_energyband_middle_low": {
        "dmean": 0.00618076184765,
        "dmean2": 0.00974787119776,
        "dvar": 0.000140079777339,
        "dvar2": 0.00036855682265,
        "max": 0.118127055466,
        "mean": 0.0153545932844,
        "median": 0.0109917540103,
        "min": 5.01889530824e-07,
        "stdev": 0.0147433541715,
        "var": 0.000217366497964
    },
    "spectral_entropy": {
        "dmean": 0.216536954045,
        "dmean2": 0.292164951563,
        "dvar": 0.0731820464134,
        "dvar2": 0.11737664789,
        "max": 8.69435310364,
        "mean": 7.35745716095,
        "median": 7.33503103256,
        "min": 5.53672075272,
        "stdev": 0.613087773323,
        "var": 0.375876605511
    },
    "spectral_flux": {
        "dmean": 0.0360845252872,
        "dmean2": 0.0558870062232,
        "dvar": 0.00260005984455,
        "dvar2": 0.00542388251051,
        "max": 0.427377164364,
        "mean": 0.0941934585571,
        "median": 0.0774268731475,
        "min": 0.00195433874615,
        "stdev": 0.0674304589629,
        "var": 0.00454686675221
    },
    "spectral_kurtosis": {
        "dmean": 2.47957897186,
        "dmean2": 4.0270485878,
        "dvar": 14.2220306396,
        "dvar2": 34.2877311707,
        "max": 58.8990325928,
        "mean": 6.22939252853,
        "median": 4.73766231537,
        "min": -1.04386103153,
        "stdev": 5.73142147064,
        "var": 32.8491897583
    },
    "spectral_rms": {
        "dmean": 0.00113086181227,
        "dmean2": 0.00180019414984,
        "dvar": 2.8912554626e-06,
        "dvar2": 7.71703707869e-06,
        "max": 0.0147211113945,
        "mean": 0.00543852709234,
        "median": 0.00536966510117,
        "min": 6.10432907706e-05,
        "stdev": 0.00221303943545,
        "var": 4.89754393129e-06
    },
    "spectral_rolloff": {
        "dmean": 517.38092041,
        "dmean2": 833.707275391,
        "dvar": 1388382.625,
        "dvar2": 2646182.25,
        "max": 12360.0585938,
        "mean": 1341.72045898,
        "median": 689.0625,
        "min": 86.1328125,
        "stdev": 2053.46533203,
        "var": 4216720
    },
    "spectral_skewness": {
        "dmean": 0.312716424465,
        "dmean2": 0.479264646769,
        "dvar": 0.143231391907,
        "dvar2": 0.308473557234,
        "max": 5.97574329376,
        "mean": 1.80878031254,
        "median": 1.72827208042,
        "min": 0.191786542535,
        "stdev": 0.720428884029,
        "var": 0.51901781559
    },
    "spectral_spread": {
        "dmean": 671268.0625,
        "dmean2": 906593.5625,
        "dvar": 747496013824,
        "dvar2": 1.32625675059e+12,
        "max": 14997090,
        "mean": 4580937.5,
        "median": 4337973.5,
        "min": 1184691.125,
        "stdev": 1855205.625,
        "var": 3.44178792858e+12
    },
    "spectral_strongpeak": {
        "dmean": 0.381996542215,
        "dmean2": 0.651762485504,
        "dvar": 0.511505126953,
        "dvar2": 1.32754385471,
        "max": 7.54448652267,
        "mean": 0.695687651634,
        "median": 0.362557381392,
        "min": 0,
        "stdev": 0.898239254951,
        "var": 0.806833803654
    },
    "zerocrossingrate": {
        "dmean": 0.013191152364,
        "dmean2": 0.0140315620229,
        "dvar": 0.000398097850848,
        "dvar2": 0.000321130006341,
        "max": 0.36181640625,
        "mean": 0.0548585690558,
        "median": 0.03955078125,
        "min": 0.00244140625,
        "stdev": 0.0550315827131,
        "var": 0.00302847498097
    },
    "barkbands": {
        "dmean": [0.000739618786611, 0.00715666310862, 0.00314352754503, 0.0018743055407, 0.00311451032758, 0.000899490900338, 0.00142004748341, 0.000997854745947, 0.000516117841471, 0.000484692660393, 0.000334236538038, 0.000440988282207, 0.000385620980524, 0.000239141445491, 0.000231279147556, 0.000148833045387, 0.000195763801457, 0.000134561429149, 0.00018203977379, 0.000176659363206, 0.000162183307111, 0.00016877624148, 0.000176513494807, 0.000193204919924, 0.000137014314532, 7.73942592787e-05, 1.67470643646e-05],
        "dmean2": [0.00120021787006, 0.0128025142476, 0.0055975690484, 0.00316920387559, 0.00496922107413, 0.00136629375629, 0.00219739740714, 0.0016702846624, 0.000797227490693, 0.000720382027794, 0.000494921638165, 0.000670202251058, 0.000609432579949, 0.000366114894859, 0.000355822907295, 0.000232870224863, 0.00030748869176, 0.000209639183595, 0.000276364589809, 0.000274828373222, 0.00025872309925, 0.000253614154644, 0.00026201910805, 0.000259897118667, 0.000188236677786, 0.000109126420284, 2.58352192759e-05],
        "dvar": [5.4865945458e-06, 0.000396391551476, 7.0550282544e-05, 1.06381185105e-05, 3.13003947667e-05, 2.48411652137e-06, 1.12362176878e-05, 8.80209427123e-06, 2.21155369218e-06, 1.29564602958e-06, 7.65346385379e-07, 1.22361370813e-06, 1.33796538648e-06, 3.48615856183e-07, 2.37821055293e-07, 1.24579457861e-07, 1.57184928185e-07, 8.11382392385e-08, 1.36946098905e-07, 1.50925757225e-07, 1.63106378182e-07, 2.11044721254e-07, 3.70775808278e-07, 6.23185883342e-07, 2.85418479962e-07, 7.69205286133e-08, 2.97291258278e-09],
        "dvar2": [1.40254987855e-05, 0.00117704900913, 0.000204286625376, 3.00046158372e-05, 8.07057367638e-05, 5.41704548596e-06, 2.62772919086e-05, 2.45486389758e-05, 5.62000013815e-06, 2.54225824392e-06, 1.70027635704e-06, 2.44430543717e-06, 2.75000888905e-06, 6.63666241962e-07, 5.60746059364e-07, 2.59340538378e-07, 3.67442424931e-07, 1.71102314539e-07, 3.1820292179e-07, 3.51084679551e-07, 3.98250676881e-07, 4.37375973661e-07, 7.5354381579e-07, 9.72590896708e-07, 5.28698365088e-07, 1.55561636461e-07, 5.58494583913e-09],
        "max": [0.0181447248906, 0.148159787059, 0.0824625715613, 0.0369815155864, 0.0555802360177, 0.0243186932057, 0.0542948842049, 0.0296419523656, 0.0279602818191, 0.0208768453449, 0.0158442556858, 0.0271295439452, 0.0215506851673, 0.0117006348446, 0.00778791680932, 0.00785867776722, 0.00605718977749, 0.00303090270609, 0.00464087259024, 0.00439667049795, 0.0045108506456, 0.00696614105254, 0.0166570544243, 0.015574186109, 0.00998493842781, 0.00462089059874, 0.0013622767292],
        "mean": [0.000677582924254, 0.00949472561479, 0.00398809229955, 0.00279789417982, 0.0061303996481, 0.00193177186884, 0.00219999393448, 0.00116520747542, 0.000864316010848, 0.000860813481268, 0.000518480548635, 0.000741280673537, 0.000536789419129, 0.000369877030607, 0.000377564952942, 0.000261837267317, 0.000345179229043, 0.00021422978898, 0.00026488432195, 0.000238480904954, 0.000213389095734, 0.000254144368228, 0.000251530320384, 0.000317205442116, 0.000202278868528, 0.000100563156593, 1.85137123481e-05],
        "median": [0.000114575545012, 0.00616589607671, 0.00205499213189, 0.0014633097453, 0.00288865552284, 0.00087474641623, 0.000631646835245, 0.000341186358128, 0.000218012268306, 0.000295460369671, 0.000155999019626, 0.000234493767493, 0.000133778798045, 0.000130579050165, 0.000142443721415, 9.23378247535e-05, 0.000146818332723, 8.02635549917e-05, 8.56397091411e-05, 4.56948218925e-05, 3.87129075534e-05, 3.07025329676e-05, 1.99678688659e-05, 1.55608649948e-05, 1.4116303646e-05, 4.94866435474e-06, 2.61747857166e-07],
        "min": [1.53106043399e-08, 7.73187139202e-07, 5.64805091585e-08, 2.18274465169e-07, 1.20382978253e-07, 2.93559132558e-08, 8.49046557505e-08, 4.34791829207e-08, 2.77635114898e-09, 1.23297478893e-08, 7.43386463498e-09, 3.51212143812e-08, 2.06767190036e-08, 2.88692980632e-09, 8.18955925297e-09, 5.09341724353e-09, 2.62138710738e-09, 1.58813440176e-09, 2.38379316286e-09, 4.12952116946e-09, 1.28262245269e-09, 2.33926478188e-09, 1.26077814855e-09, 1.76413239572e-09, 4.31344870933e-09, 1.38054442878e-10, 4.49595395635e-12],
        "stdev": [0.00218813843094, 0.0172696188092, 0.00726644974202, 0.00387776317075, 0.00778693286702, 0.0027731587179, 0.00419901497662, 0.00267646135762, 0.00212490023114, 0.00188225740567, 0.00118008838035, 0.00178932375275, 0.0016239148099, 0.000919024983887, 0.000703425612301, 0.00059179845266, 0.000585438276175, 0.000384523387766, 0.000456407229649, 0.000500254274812, 0.000481158203911, 0.000704857520759, 0.00100105220918, 0.00141119398177, 0.000811659439933, 0.00037203982356, 7.09891537554e-05],
        "var": [4.78794936498e-06, 0.000298239756376, 5.28012897121e-05, 1.50370478877e-05, 6.06363209954e-05, 7.69040980231e-06, 1.7631726223e-05, 7.16344493412e-06, 4.51520099887e-06, 3.54289295501e-06, 1.39260862397e-06, 3.20167964674e-06, 2.63709921455e-06, 8.44606915962e-07, 4.94807579798e-07, 3.50225377588e-07, 3.42737962455e-07, 1.47858244759e-07, 2.08307568528e-07, 2.50254316825e-07, 2.31513226367e-07, 4.96824156926e-07, 1.00210547771e-06, 1.9914684799e-06, 6.58791066144e-07, 1.3841362545e-07, 5.03946040453e-09]
    },
    "erbbands": {
        "dmean": [0.216597497463, 1.62339150906, 3.79240989685, 4.75523042679, 9.26980304718, 10.7458953857, 8.96352005005, 6.77960920334, 17.84126091, 24.5774841309, 16.4538478851, 11.9286642075, 11.2176084518, 15.6244831085, 13.3722686768, 17.7826766968, 17.2302761078, 13.2719240189, 11.9808664322, 8.87331199646, 9.81591415405, 9.09079837799, 7.29119348526, 7.8060002327, 9.79919624329, 7.85572338104, 7.2082400322, 6.08595848083, 6.12339162827, 6.12418651581, 4.62167739868, 3.42555570602, 3.54784846306, 1.91764938831, 0.826055586338, 0.402220964432, 0.117226369679, 0.0387278348207, 0.00162262667436, 4.45543410024e-05],
        "dmean2": [0.384678989649, 2.90700793266, 6.82533502579, 8.17802333832, 14.8590679169, 16.965265274, 13.7677869797, 10.1245126724, 28.2088527679, 39.3134422302, 25.9395027161, 18.5801258087, 16.8151817322, 23.4472694397, 19.9201869965, 26.6319465637, 26.6392841339, 19.8790645599, 18.6883049011, 13.9620475769, 15.2030496597, 13.9804010391, 11.0654201508, 11.9113321304, 14.6596345901, 12.2114076614, 11.6453790665, 9.28812408447, 9.24529075623, 9.47262954712, 6.64197587967, 4.45184278488, 5.04524040222, 2.75383472443, 1.10735023022, 0.586603522301, 0.16246432066, 0.0538192130625, 0.00236738543026, 6.32740411675e-05],
        "dvar": [0.281383514404, 23.488948822, 107.981124878, 86.426864624, 311.376251221, 365.856903076, 282.070953369, 158.43536377, 1732.07946777, 4816.16650391, 1422.0065918, 1635.77575684, 622.542297363, 1823.61279297, 1073.96911621, 1552.00280762, 3004.58300781, 1099.5838623, 713.465393066, 406.563659668, 479.278198242, 332.24822998, 240.142440796, 330.408782959, 386.197174072, 323.630004883, 324.71484375, 234.344818115, 282.232849121, 384.468505859, 237.362197876, 178.778961182, 234.511901855, 65.246383667, 8.14705562592, 2.52934622765, 0.161564439535, 0.0139372190461, 2.60659708147e-05, 1.02551984682e-08],
        "dvar2": [0.868946433067, 67.3253707886, 314.981994629, 249.067672729, 802.911071777, 898.801818848, 592.555175781, 330.660858154, 4369.62011719, 11915.3574219, 3549.89819336, 4142.60205078, 1243.72192383, 3644.2668457, 1929.48681641, 3265.04418945, 5826.98486328, 2026.03967285, 1642.72167969, 967.410705566, 1034.20532227, 766.934814453, 533.202575684, 776.300842285, 862.440917969, 752.205749512, 810.545288086, 530.892700195, 606.241271973, 833.202270508, 448.076385498, 259.712127686, 414.302490234, 127.807777405, 13.6777029037, 5.71552371979, 0.26464420557, 0.0210999082774, 4.47300990345e-05, 1.66489471098e-08],
        "max": [3.88615036011, 35.5769958496, 81.2445297241, 139.763092041, 181.781173706, 192.084182739, 424.338867188, 243.165267944, 610.645141602, 716.766174316, 443.728973389, 838.234802246, 428.938964844, 847.180725098, 492.339447021, 736.708374023, 1058.23815918, 714.635864258, 466.472167969, 340.131195068, 519.751525879, 240.975875854, 169.43347168, 308.976409912, 197.322036743, 184.631881714, 238.918609619, 222.448516846, 273.650146484, 509.656951904, 354.734313965, 315.789886475, 252.345870972, 140.218597412, 50.9728622437, 21.8104171753, 7.97934865952, 3.01362872124, 0.125973656774, 0.0023031400051],
        "mean": [0.276103138924, 2.09258317947, 4.87442970276, 7.23127031326, 16.7759227753, 19.5225982666, 18.8468475342, 13.6549329758, 29.3671035767, 30.3973197937, 24.3435535431, 21.2171039581, 22.170999527, 27.2697181702, 25.7401847839, 31.1501140594, 25.9797458649, 21.8727855682, 19.2301845551, 16.6170730591, 18.5025920868, 15.829785347, 12.060300827, 11.7235965729, 14.6704359055, 10.882144928, 9.15166950226, 8.61090373993, 8.95374679565, 8.60723114014, 6.74879837036, 5.70226573944, 5.65956115723, 2.8617773056, 1.16594409943, 0.508420646191, 0.159454286098, 0.0477980338037, 0.0018894552486, 8.02135837148e-05],
        "median": [0.140911653638, 1.23251140118, 2.66939902306, 4.49363899231, 6.4411649704, 8.52182865143, 8.57228946686, 6.1409702301, 10.6447048187, 6.32209205627, 9.05917263031, 5.59804439545, 7.3864159584, 8.68511676788, 7.7065486908, 12.1140871048, 6.89437675476, 8.40768909454, 7.18406915665, 6.5755648613, 7.95280170441, 7.01844406128, 4.97156190872, 4.38443374634, 4.20694255829, 2.22664570808, 1.6344294548, 1.37433063984, 1.11614716053, 0.804955303669, 0.510230720043, 0.321665525436, 0.284747987986, 0.18831436336, 0.0815372020006, 0.029528060928, 0.0071335262619, 0.00135068607051, 4.98131485074e-05, 4.11412693211e-05],
        "min": [4.68792677566e-05, 0.00014811384608, 0.000417995412135, 0.000703416124452, 0.000588361290284, 0.000339467835147, 0.00015527146752, 0.000307463604258, 0.000975929084234, 0.00137538963463, 0.000658016710076, 8.15751191112e-05, 0.000261017645244, 0.000386151194107, 0.00043945381185, 0.00157309439965, 0.00102055002935, 0.000264279224211, 0.000193877116544, 0.000514307350386, 0.000270192977041, 0.000150782216224, 0.000112706584332, 5.63308276469e-05, 0.000147018610733, 0.000212721453863, 0.000127535531647, 2.93389784929e-05, 6.93291731295e-05, 5.46227383893e-05, 3.975753134e-05, 3.27202396875e-05, 3.69018744095e-05, 5.64101283089e-05, 2.30440709856e-05, 7.28890290702e-06, 1.84631869615e-06, 3.89170423887e-07, 1.63270357234e-07, 1.42416416438e-08],
        "stdev": [0.509972333908, 4.05471372604, 8.78574752808, 9.24163341522, 24.0026226044, 27.4914798737, 31.4143009186, 19.9462242126, 53.6200714111, 71.8161315918, 44.3059387207, 54.5977935791, 45.3911781311, 65.2185134888, 57.5484046936, 61.9568634033, 78.9627151489, 52.2359809875, 35.2340583801, 31.4962787628, 37.1613235474, 25.1687355042, 20.3745365143, 21.0865345001, 25.7539844513, 22.8576145172, 20.3033828735, 20.602180481, 24.7941112518, 29.9786872864, 26.2390670776, 25.6737098694, 24.7981815338, 11.9623069763, 4.45978498459, 1.91935777664, 0.600165843964, 0.177349895239, 0.00711425766349, 0.0001522062812],
        "var": [0.260071784258, 16.4407024384, 77.1893539429, 85.4077911377, 576.125915527, 755.781494141, 986.858276367, 397.851898193, 2875.11206055, 5157.55664062, 1963.01623535, 2980.91918945, 2060.35888672, 4253.45458984, 3311.8190918, 3838.65307617, 6235.11035156, 2728.59765625, 1241.43884277, 992.015563965, 1380.96398926, 633.465270996, 415.121765137, 444.641967773, 663.26776123, 522.470581055, 412.227386475, 424.449859619, 614.747924805, 898.721679688, 688.488647461, 659.139404297, 614.949829102, 143.096786499, 19.8896827698, 3.68393445015, 0.360199064016, 0.0314529873431, 5.06126598339e-05, 2.31667538486e-08]
    },
    "gfcc": {
        "mean": [-1.76944208145, 104.774581909, -101.340660095, 31.4143619537, -49.9995613098, 13.489192009, -36.9685821533, 6.43567371368, -25.857088089, 1.44554817677, -15.0135936737, 1.60156905651, -10.0302743912],
        "cov": [[5015.56787109, -2021.49145508, 238.30657959, 231.890136719, -508.66015625, 103.81237793, -39.7869567871, 266.252624512, -204.394851685, 247.131195068, -161.193588257, 96.7164764404, -322.759521484], [-2021.49145508, 2430.60180664, -463.09753418, -250.448532104, 584.288146973, -126.92956543, 171.736099243, -74.7358474731, 257.297027588, -168.147216797, 216.649795532, -114.842140198, 156.253540039], [238.30657959, -463.09753418, 940.887268066, 183.726074219, -10.6022081375, 123.862243652, 15.9329481125, 21.2418422699, -68.119354248, 38.3150215149, -32.8187065125, 46.9164466858, -52.7521400452], [231.890136719, -250.448532104, 183.726074219, 403.234039307, 11.5235061646, 28.5568332672, 29.6622962952, -34.8274765015, 48.126663208, 18.4225158691, -4.18523836136, 1.72835862637, 3.39714694023], [-508.66015625, 584.288146973, -10.6022081375, 11.5235061646, 555.220397949, 78.1383056641, 78.6284561157, 64.7951126099, 172.028244019, 41.8140296936, 64.2515335083, -64.6567306519, 43.5743217468], [103.81237793, -126.92956543, 123.862243652, 28.5568332672, 78.1383056641, 203.882720947, 82.1145019531, 39.3910827637, 16.0510559082, 59.7662239075, 14.6455316544, -2.0992462635, 5.67821025848], [-39.7869567871, 171.736099243, 15.9329481125, 29.6622962952, 78.6284561157, 82.1145019531, 243.612884521, 64.0800933838, 23.4787082672, 32.3723373413, 49.7779922485, -27.5231113434, 8.23756504059], [266.252624512, -74.7358474731, 21.2418422699, -34.8274765015, 64.7951126099, 39.3910827637, 64.0800933838, 164.099243164, 31.3030185699, 47.1668586731, 13.6034326553, -12.2237224579, -26.3788337708], [-204.394851685, 257.297027588, -68.119354248, 48.126663208, 172.028244019, 16.0510559082, 23.4787082672, 31.3030185699, 170.065338135, 35.2612876892, 28.4890670776, -22.1962127686, 20.2729969025], [247.131195068, -168.147216797, 38.3150215149, 18.4225158691, 41.8140296936, 59.7662239075, 32.3723373413, 47.1668586731, 35.2612876892, 121.552452087, 8.38601493835, -4.34948587418, -18.4653701782], [-161.193588257, 216.649795532, -32.8187065125, -4.18523836136, 64.2515335083, 14.6455316544, 49.7779922485, 13.6034326553, 28.4890670776, 8.38601493835, 97.8551025391, -6.291431427, 11.6813087463], [96.7164764404, -114.842140198, 46.9164466858, 1.72835862637, -64.6567306519, -2.0992462635, -27.5231113434, -12.2237224579, -22.1962127686, -4.34948587418, -6.291431427, 85.6357345581, 7.69266557693], [-322.759521484, 156.253540039, -52.7521400452, 3.39714694023, 43.5743217468, 5.67821025848, 8.23756504059, -26.3788337708, 20.2729969025, -18.4653701782, 11.6813087463, 7.69266557693, 98.272354126]],
        "icov": [[0.00040659061051, 0.000119500240544, 0.00015964708291, -0.000309642986394, 0.000114110887807, -8.25023889774e-05, 6.13015290583e-05, -0.000583982851822, 0.000353903364157, -0.00045214992133, 0.000241571469815, -0.000351762806531, 0.000874905323144], [0.000119500240544, 0.00164970371407, 4.95387866977e-05, 0.00118770834524, -0.00107443460729, 0.0011369662825, -0.00130940228701, 0.00133415567689, -0.00173153029755, 0.00207734038122, -0.00195853528567, 0.000563986366615, -0.000430236017564], [0.00015964708291, 4.95387866977e-05, 0.00154935859609, -0.000880625040736, -0.000298795755953, -0.000842318753712, 0.00018160691252, -0.000468371377792, 0.00113809050526, -0.000187054552953, 0.000419859861722, -0.000982592813671, 0.0011049893219], [-0.000309642986394, 0.00118770834524, -0.000880625040736, 0.00443334924057, -0.000563141482417, 0.00106142403092, -0.00175813469104, 0.00287090986967, -0.00344849820249, 0.00184940034524, -0.00147900695447, 0.000986353377812, -0.00126753479708], [0.000114110887807, -0.00107443460729, -0.000298795755953, -0.000563141482417, 0.00401957519352, -0.00154476822354, 0.000903838837985, -0.00164608308114, -0.00153078429867, -0.00136420584749, 0.000490789068863, 0.00126071274281, -0.000366010004655], [-8.25023889774e-05, 0.0011369662825, -0.000842318753712, 0.00106142403092, -0.00154476822354, 0.00810321420431, -0.00284291012213, 0.00109319295734, -0.000779434049036, -0.00122391956393, -0.00124508328736, 0.000134221627377, -0.00175078806933], [6.13015290583e-05, -0.00130940228701, 0.00018160691252, -0.00175813469104, 0.000903838837985, -0.00284291012213, 0.00706519791856, -0.00331067480147, 0.00224747369066, -0.00181308551691, -0.000745047640521, 0.000963397382293, -6.70218287269e-05], [-0.000583982851822, 0.00133415567689, -0.000468371377792, 0.00287090986967, -0.00164608308114, 0.00109319295734, -0.00331067480147, 0.0107441386208, -0.00344982999377, 0.000716474780347, -0.00189665483776, 0.000864074856509, 0.00044237243128], [0.000353903364157, -0.00173153029755, 0.00113809050526, -0.00344849820249, -0.00153078429867, -0.000779434049036, 0.00224747369066, -0.00344982999377, 0.0128832086921, -0.00511195976287, 0.00166531954892, -0.00106562534347, 0.000522187328897], [-0.00045214992133, 0.00207734038122, -0.000187054552953, 0.00184940034524, -0.00136420584749, -0.00122391956393, -0.00181308551691, 0.000716474780347, -0.00511195976287, 0.0148437330499, -0.00317073613405, 0.000998300733045, 0.000210028869333], [0.000241571469815, -0.00195853528567, 0.000419859861722, -0.00147900695447, 0.000490789068863, -0.00124508328736, -0.000745047640521, -0.00189665483776, 0.00166531954892, -0.00317073613405, 0.0150758009404, -0.00198270659894, 0.0010155220516], [-0.000351762806531, 0.000563986366615, -0.000982592813671, 0.000986353377812, 0.00126071274281, 0.000134221627377, 0.000963397382293, 0.000864074856509, -0.00106562534347, 0.000998300733045, -0.00198270659894, 0.0146839600056, -0.00353552843444], [0.000874905323144, -0.000430236017564, 0.0011049893219, -0.00126753479708, -0.000366010004655, -0.00175078806933, -6.70218287269e-05, 0.00044237243128, 0.000522187328897, 0.000210028869333, 0.0010155220516, -0.00353552843444, 0.0148459328339]]
    },
    "melbands": {
        "dmean": [0.00194329535589, 0.00195839488879, 0.000898297701497, 0.000726572354324, 0.000329864094965, 0.000158470094902, 0.000273749785265, 0.000263410503976, 0.000126572718727, 7.27084261598e-05, 5.75846279389e-05, 6.63440441713e-05, 4.4554919441e-05, 5.26660041942e-05, 4.12298795709e-05, 3.27807720168e-05, 2.58599957306e-05, 1.94409312826e-05, 1.41066620927e-05, 1.11818771984e-05, 1.33145003929e-05, 1.07809837573e-05, 7.67890287534e-06, 6.94665641277e-06, 6.46885291644e-06, 7.32206672183e-06, 6.75919045534e-06, 5.26609937879e-06, 4.87153238282e-06, 4.03315561925e-06, 3.62807600141e-06, 3.94231528844e-06, 3.07672712552e-06, 3.73098237105e-06, 2.9734042073e-06, 2.2136316602e-06, 2.14372016671e-06, 2.66870119958e-06, 2.27414375331e-06, 1.54711221967e-06],
        "dmean2": [0.00346433534287, 0.00348235759884, 0.00152440706734, 0.00116909621283, 0.000501741538756, 0.000239349537878, 0.000428140803706, 0.000428580475273, 0.000197436413146, 0.000112540517875, 8.6270920292e-05, 9.8982192867e-05, 6.5863277996e-05, 7.83897630754e-05, 6.32549781585e-05, 5.12220613018e-05, 3.91191933886e-05, 3.09400202241e-05, 2.23492243094e-05, 1.70115908986e-05, 2.09635436477e-05, 1.67393282027e-05, 1.19428141261e-05, 1.06080206024e-05, 1.01116220321e-05, 1.10180490083e-05, 1.04422406366e-05, 8.26643736218e-06, 7.9277660916e-06, 6.56298743706e-06, 5.7339138948e-06, 6.01634792474e-06, 4.78817901239e-06, 5.89833871345e-06, 4.34556250184e-06, 3.13440546051e-06, 2.82817427433e-06, 3.77383230443e-06, 3.28059354615e-06, 2.24648670155e-06],
        "dvar": [2.5916402592e-05, 3.02196640405e-05, 2.50202310781e-06, 1.89201011835e-06, 3.21494667332e-07, 8.19994596668e-08, 4.12897577462e-07, 6.00767066317e-07, 7.68588606093e-08, 5.80085703916e-08, 1.64957132398e-08, 3.22547819565e-08, 1.14572937804e-08, 2.11250128501e-08, 1.41807161569e-08, 8.42248937261e-09, 4.32333058242e-09, 2.07527484086e-09, 9.89908266469e-10, 6.12704997849e-10, 8.47155623429e-10, 4.64489974261e-10, 2.65850175207e-10, 2.27132132546e-10, 2.55347271105e-10, 2.22235688185e-10, 2.2819794665e-10, 1.51486878597e-10, 1.36642433479e-10, 1.08524543518e-10, 9.40668584692e-11, 1.2144700523e-10, 7.07360073293e-11, 2.00188116084e-10, 1.02884353814e-10, 6.56044871206e-11, 7.74508443491e-11, 1.35613506536e-10, 9.84785308855e-11, 4.27157892391e-11],
        "dvar2": [7.86330929259e-05, 8.73499011504e-05, 7.03997193341e-06, 4.88187151859e-06, 7.14402972335e-07, 1.75992852292e-07, 1.01536693364e-06, 1.54538179231e-06, 1.8301466298e-07, 1.4570879614e-07, 3.34055449969e-08, 6.35329939769e-08, 2.23562963697e-08, 4.02039646019e-08, 3.09715559865e-08, 1.71739245047e-08, 7.7259336706e-09, 4.81287365517e-09, 2.5505204615e-09, 1.23586463285e-09, 1.97088145804e-09, 1.08321862591e-09, 5.98931904072e-10, 4.78087514022e-10, 6.11613482082e-10, 5.14536302454e-10, 5.34008171016e-10, 3.60067725635e-10, 3.38860883797e-10, 2.72513511757e-10, 2.1818949425e-10, 2.73620570646e-10, 1.48853096515e-10, 4.66229166385e-10, 2.01260175192e-10, 1.12486991943e-10, 1.21919169205e-10, 2.38887049031e-10, 2.00733138445e-10, 8.70075470005e-11],
        "max": [0.0390422977507, 0.0431391596794, 0.0194105431437, 0.0141456928104, 0.0126327341422, 0.00482672546059, 0.0105167543516, 0.00666565727443, 0.00364590180106, 0.00482461368665, 0.00208695232868, 0.00363870058209, 0.00178193720058, 0.0039907800965, 0.00315085356124, 0.00150863442104, 0.00149974564556, 0.000706168881152, 0.000328452588292, 0.000517831998877, 0.000631361559499, 0.000302896951325, 0.000211183752981, 0.000198436318897, 0.00027962931199, 0.000158460228704, 0.000186601726455, 0.000132500485051, 0.000158926646691, 0.000115283466585, 0.000151083426317, 0.00018466761685, 0.00013172031322, 0.000413834262872, 0.000250614131801, 0.000153537403094, 0.000205078700674, 0.000203712377697, 0.000204442840186, 0.000104054619442],
        "mean": [0.00257561937906, 0.00260633789003, 0.00153226905968, 0.00135821627919, 0.000689985230565, 0.000328708032612, 0.000453983055195, 0.000308540678816, 0.00018974559498, 0.000126551734866, 0.000108811393147, 0.000111026580271, 7.94736479293e-05, 9.01945968508e-05, 6.61971207592e-05, 4.61805284431e-05, 4.04029233323e-05, 2.96255457215e-05, 2.26390075113e-05, 2.04994048545e-05, 2.34918425122e-05, 1.81491050171e-05, 1.20316226457e-05, 1.05350500235e-05, 9.03975978872e-06, 1.04904302134e-05, 9.63896854955e-06, 6.75273895467e-06, 5.92562582824e-06, 4.96003622175e-06, 5.07605818711e-06, 5.35118533662e-06, 4.45096429758e-06, 4.97853807246e-06, 4.08541927754e-06, 3.35671961693e-06, 3.46711794919e-06, 4.20474998464e-06, 3.19488049172e-06, 2.20307060772e-06],
        "median": [0.00158899382222, 0.00177843053825, 0.000970298133325, 0.000588251336012, 0.000321356608765, 0.000148782215547, 0.000158760914928, 6.349470641e-05, 6.83753678459e-05, 3.30948023475e-05, 3.69686968043e-05, 3.44871477864e-05, 2.32337752095e-05, 2.87856346404e-05, 2.21367063205e-05, 1.21808552649e-05, 1.4956747691e-05, 1.01589821497e-05, 8.96075471246e-06, 7.4194804256e-06, 9.14930751605e-06, 7.74528052716e-06, 3.94982134821e-06, 3.9827400542e-06, 2.87246461994e-06, 3.18273941957e-06, 2.23241045205e-06, 1.1471425978e-06, 9.0495581162e-07, 8.68211657234e-07, 7.91961497271e-07, 6.4567143454e-07, 4.97521455145e-07, 3.99661303163e-07, 2.98616299688e-07, 2.06258008006e-07, 1.63183841551e-07, 1.89061836409e-07, 1.76333855961e-07, 1.34771596549e-07],
        "min": [2.69803280162e-07, 3.03721492401e-07, 1.18270648386e-07, 3.23180380235e-08, 6.64415189533e-09, 7.00335300863e-09, 1.57742263696e-08, 1.43553346987e-08, 4.15451628655e-09, 3.17471632316e-10, 1.36916378235e-09, 1.62170710194e-09, 1.1219362106e-09, 3.2212710277e-09, 4.15340206672e-09, 1.45255429906e-09, 3.51105283736e-10, 2.2736930394e-10, 7.34455274376e-10, 4.73723504868e-10, 2.83163992254e-10, 1.55279220038e-10, 1.27958324492e-10, 6.4500280117e-11, 3.3081006684e-11, 1.31839816842e-10, 7.87106699263e-11, 1.59235499786e-10, 1.07713962749e-10, 1.6295360894e-11, 1.84420517052e-11, 3.52589415997e-11, 5.54069325143e-11, 1.99122784234e-11, 2.24818254291e-11, 2.31111484117e-11, 1.8287484374e-11, 2.60407875818e-11, 2.885852321e-11, 5.57336815588e-11],
        "stdev": [0.00464997906238, 0.00460789725184, 0.00175979814958, 0.0018020211719, 0.00101430912036, 0.00046580619528, 0.000828706601169, 0.000756859430112, 0.000348185305484, 0.000329192174831, 0.000225228446652, 0.00027515043621, 0.000174557033461, 0.000239285334828, 0.000168622398633, 0.000127189225168, 0.000103439822851, 5.7987836044e-05, 4.17714400101e-05, 4.09896383644e-05, 4.77831417811e-05, 3.05831417791e-05, 2.19102385017e-05, 1.94152653421e-05, 1.80070874194e-05, 1.88422964129e-05, 1.90781720448e-05, 1.51395361172e-05, 1.3252505596e-05, 1.16866112876e-05, 1.26747763716e-05, 1.51348349391e-05, 1.28756792037e-05, 1.99689329747e-05, 1.66474128491e-05, 1.39010116982e-05, 1.6351661543e-05, 1.89611655514e-05, 1.42266053444e-05, 9.25523909245e-06],
        "var": [2.16223033931e-05, 2.12327176996e-05, 3.09688948619e-06, 3.24728011947e-06, 1.02882302144e-06, 2.16975422518e-07, 6.86754674462e-07, 5.72836199808e-07, 1.21233000527e-07, 1.08367494533e-07, 5.07278521411e-08, 7.57077671665e-08, 3.04701579523e-08, 5.72574698765e-08, 2.84335115452e-08, 1.61770987717e-08, 1.06997966043e-08, 3.3625893181e-09, 1.74485315085e-09, 1.68015057422e-09, 2.2832287172e-09, 9.35328481333e-10, 4.80058548469e-10, 3.76952496994e-10, 3.24255206019e-10, 3.55032114818e-10, 3.63976654372e-10, 2.29205543434e-10, 1.7562891419e-10, 1.36576888687e-10, 1.60649965553e-10, 2.29063240598e-10, 1.6578312334e-10, 3.98758304154e-10, 2.77136341653e-10, 1.9323811995e-10, 2.67376842888e-10, 3.59525798022e-10, 2.02396294169e-10, 8.5659451754e-11]
    },
    "melbands128": {
