{
"lowlevel": {
    "average_loudness": 0.98638689518,
    "barkbands_crest": {
        "dmean": 3.36062097549,
        "dmean2": 4.94829463959,
        "dvar": 8.6902141571,
        "dvar2": 17.5959854126,
        "max": 26.1827526093,
        "mean": 11.0779018402,
        "median": 9.85834789276,
        "min": 2.27830934525,
        "stdev": 5.42078971863,
        "var": 29.3849601746
    },
    "barkbands_flatness_db": {
        "dmean": 0.0341695323586,
        "dmean2": 0.0460917949677,
        "dvar": 0.000976532581262,
        "dvar2": 0.00180689629633,
        "max": 0.465849041939,
        "mean": 0.147736012936,
        "median": 0.136293426156,
        "min": 0.0255029108375,
        "stdev": 0.0664980709553,
        "var": 0.00442199362442
    },
    "barkbands_kurtosis": {
        "dmean": 5.2451581955,
        "dmean2": 7.85847473145,
        "dvar": 97.5467758179,
        "dvar2": 184.596847534,
        "max": 208.20703125,
        "mean": 7.16275072098,
        "median": 2.64963817596,
        "min": -1.90639603138,
        "stdev": 15.513718605,
        "var": 240.675460815
    },
    "barkbands_skewness": {
        "dmean": 0.837109923363,
        "dmean2": 1.20508205891,
        "dvar": 0.678363084793,
        "dvar2": 1.32250773907,
        "max": 12.439248085,
        "mean": 1.83484649658,
        "median": 1.63963377476,
        "min": -3.47746801376,
        "stdev": 1.73843789101,
        "var": 3.02216649055
    },
    "barkbands_spread": {
        "dmean": 9.30104923248,
        "dmean2": 13.4446496964,
        "dvar": 135.046081543,
        "dvar2": 271.166595459,
        "max": 117.273200989,
        "mean": 25.1098937988,
        "median": 19.3119468689,
        "min": 0.451357454062,
        "stdev": 20.5175590515,
        "var": 420.970214844
    },
    "dissonance": {
        "dmean": 0.0209892299026,
        "dmean2": 0.0335928499699,
        "dvar": 0.000680576718878,
        "dvar2": 0.00158651336096,
        "max": 0.499999970198,
        "mean": 0.460987120867,
        "median": 0.46801584959,
        "min": 0,
        "stdev": 0.0336637608707,
        "var": 0.00113324890845
    },
    "dynamic_complexity": 1.64669322968,
    "erbbands_crest": {
        "dmean": 2.83923506737,
        "dmean2": 4.61459541321,
        "dvar": 7.20937871933,
        "dvar2": 17.8961658478,
        "max": 26.6109256744,
        "mean": 8.61291122437,
        "median": 7.63561058044,
        "min": 2.31700229645,
        "stdev": 3.77119803429,
        "var": 14.2219343185
    },
    "erbbands_flatness_db": {
        "dmean": 0.0218087919056,
        "dmean2": 0.0313496738672,
        "dvar": 0.000430620042607,
        "dvar2": 0.000798643392045,
        "max": 0.295778095722,
        "mean": 0.154701188207,
        "median": 0.14875869453,
        "min": 0.0454003997147,
        "stdev": 0.0441580936313,
        "var": 0.00194993708283
    },
    "erbbands_kurtosis": {
        "dmean": 1.18202495575,
        "dmean2": 1.83220434189,
        "dvar": 2.00629591942,
        "dvar2": 4.48843050003,
        "max": 11.8704090118,
        "mean": 0.440385133028,
        "median": -0.268483400345,
        "min": -1.68093717098,
        "stdev": 2.03887438774,
        "var": 4.15700912476
    },
    "erbbands_skewness": {
        "dmean": 0.503594219685,
        "dmean2": 0.74023014307,
        "dvar": 0.232614293694,
        "dvar2": 0.496936142445,
        "max": 3.3959672451,
        "mean": 0.190542086959,
        "median": 0.238836407661,
        "min": -2.76947593689,
        "stdev": 0.965963423252,
        "var": 0.933085381985
    },
    "erbbands_spread": {
        "dmean": 12.0623922348,
        "dmean2": 18.5664653778,
        "dvar": 160.382263184,
        "dvar2": 374.14831543,
        "max": 132.809967041,
        "mean": 44.4954032898,
        "median": 42.1172485352,
        "min": 7.01548290253,
        "stdev": 19.5183582306,
        "var": 380.966339111
    },
    "hfc": {
        "dmean": 20.631483078,
        "dmean2": 31.9419021606,
        "dvar": 1369.8894043,
        "dvar2": 3411.77197266,
        "max": 303.559417725,
        "mean": 36.6964378357,
        "median": 23.5335083008,
        "min": 1.29403751216e-16,
        "stdev": 41.4770011902,
        "var": 1720.3416748
    },
    "loudness_ebu128": {
        "integrated": -5.26435422897,
        "loudness_range": 0.925740718842,
        "momentary": {
            "dmean": 0.398194432259,
            "dmean2": 0.609593868256,
            "dvar": 0.33248603344,
            "dvar2": 0.655289113522,
            "max": -3.58221292496,
            "mean": -5.36985063553,
            "median": -5.23675441742,
            "min": -16.669927597,
            "stdev": 1.04599225521,
            "var": 1.09409976006
        },
        "short_term": {
            "dmean": 0.0342719964683,
            "dmean2": 0.0466627366841,
            "dvar": 0.000974404043518,
            "dvar2": 0.00127914734185,
            "max": -4.51765632629,
            "mean": -5.24162197113,
            "median": -5.30228471756,
            "min": -6.55413484573,
            "stdev": 0.346982717514,
            "var": 0.120397008955
        }
    },
    "melbands_crest": {
        "dmean": 3.9984164238,
        "dmean2": 6.33755111694,
        "dvar": 13.5697546005,
        "dvar2": 29.8240890503,
        "max": 33.9580154419,
        "mean": 15.0142469406,
        "median": 13.4952383041,
        "min": 1.72295033932,
        "stdev": 6.43771314621,
        "var": 41.444152832
    },
    "melbands_flatness_db": {
        "dmean": 0.0423658937216,
        "dmean2": 0.0558213479817,
        "dvar": 0.00161324487999,
        "dvar2": 0.00299367122352,
        "max": 0.588848352432,
        "mean": 0.203183323145,
        "median": 0.192119538784,
        "min": 0.0050413031131,
        "stdev": 0.0908891260624,
        "var": 0.00826083309948
    },
    "melbands_kurtosis": {
        "dmean": 12.5457019806,
        "dmean2": 19.0565471649,
        "dvar": 412.427001953,
        "dvar2": 960.212158203,
        "max": 326.383880615,
        "mean": 20.4727020264,
        "median": 10.565202713,
        "min": -1.73359358311,
        "stdev": 29.7744407654,
        "var": 886.517333984
    },
    "melbands_skewness": {
        "dmean": 1.05854511261,
        "dmean2": 1.57752084732,
        "dvar": 1.20654594898,
        "dvar2": 2.57582402229,
        "max": 12.1367664337,
        "mean": 3.19045305252,
        "median": 2.71210432053,
        "min": -2.05510163307,
        "stdev": 2.09780263901,
        "var": 4.40077638626
    },
    "melbands_spread": {
        "dmean": 13.5262670517,
        "dmean2": 19.9792613983,
        "dvar": 430.037872314,
        "dvar2": 907.184448242,
        "max": 211.507995605,
        "mean": 28.4881362915,
        "median": 18.121181488,
        "min": 0.522498190403,
        "stdev": 31.4513816833,
        "var": 989.189453125
    },
    "pitch_salience": {
        "dmean": 0.0963212475181,
        "dmean2": 0.143794566393,
        "dvar": 0.00899623800069,
        "dvar2": 0.0180946718901,
        "max": 0.897133946419,
        "mean": 0.549115300179,
        "median": 0.566036939621,
        "min": 0.092845261097,
        "stdev": 0.157606601715,
        "var": 0.024839842692
    },
    "silence_rate_20dB": {
        "dmean": 0,
        "dmean2": 0,
        "dvar": 0,
        "dvar2": 0,
        "max": 1,
        "mean": 1,
        "median": 1,
        "min": 1,
        "stdev": 0,
        "var": 0
    },
    "silence_rate_30dB": {
        "dmean": 0.0278637763113,
        "dmean2": 0.0557707212865,
        "dvar": 0.0270878318697,
        "dvar2": 0.0666037872434,
        "max": 1,
        "mean": 0.979118347168,
        "median": 1,
        "min": 0,
        "stdev": 0.142989441752,
        "var": 0.0204459819943
    },
    "silence_rate_60dB": {
        "dmean": 0.00773993786424,
        "dmean2": 0.0147172734141,
        "dvar": 0.00768019771203,
        "dvar2": 0.0175998304039,
        "max": 1,
        "mean": 0.0185614842921,
        "median": 0,
        "min": 0,
        "stdev": 0.134972736239,
        "var": 0.0182176399976
    },
    "spectral_centroid": {
        "dmean": 445.252166748,
        "dmean2": 633.608825684,
        "dvar": 323687.0625,
        "dvar2": 596059.5625,
        "max": 10844.9960938,
        "mean": 1530.16955566,
        "median": 1312.94677734,
        "min": 164.345504761,
        "stdev": 976.76171875,
        "var": 954063.5
    },
    "spectral_complexity": {
        "dmean": 5.90247678757,
        "dmean2": 9.04802513123,
        "dvar": 51.4025001526,
        "dvar2": 104.045722961,
        "max": 56,
        "mean": 19.8894042969,
        "median": 18,
        "min": 0,
        "stdev": 10.1768379211,
        "var": 103.568031311
    },
    "spectral_decrease": {
        "dmean": 3.283239014e-09,
        "dmean2": 4.82515405409e-09,
        "dvar": 1.53777541172e-17,
        "dvar2": 3.10500275459e-17,
        "max": 1.57304384698e-28,
        "mean": -9.33983645979e-09,
        "median": -7.42818739852e-09,
        "min": -3.58009160095e-08,
        "stdev": 6.85404044631e-09,
        "var": 4.69778700054e-17
    },
    "spectral_energy": {
        "dmean": 0.0135116577148,
        "dmean2": 0.0200168825686,
        "dvar": 0.000242313180934,
        "dvar2": 0.000508218130562,
        "max": 0.136091977358,
        "mean": 0.0385791771114,
        "median": 0.0307388734072,
        "min": 1.11435857652e-20,
        "stdev": 0.0261565111578,
        "var": 0.00068416306749
    },
    "spectral_energyband_high": {
        "dmean": 0.00228378339671,
        "dmean2": 0.00359345925972,
        "dvar": 2.25957537623e-05,
        "dvar2": 5.85549023526e-05,
        "max": 0.0319846495986,
        "mean": 0.0026870246511,
        "median": 0.000632259412669,
        "min": 8.5772070238e-21,
        "stdev": 0.0049800327979,
        "var": 2.48007272603e-05
    },
    "spectral_energyband_low": {
        "dmean": 0.00781937409192,
        "dmean2": 0.0103129306808,
        "dvar": 0.000215735824895,
        "dvar2": 0.000356444681529,
        "max": 0.13150639832,
        "mean": 0.0160374380648,
        "median": 0.0064305998385,
        "min": 2.8347445261e-23,
        "stdev": 0.0252201743424,
        "var": 0.000636057229713
    },
    "spectral_energyband_middle_high": {
        "dmean": 0.00279430183582,
        "dmean2": 0.00442212540656,
        "dvar": 1.41429536598e-05,
        "dvar2": 3.57835706382e-05,
        "max": 0.027965856716,
        "mean": 0.00562283582985,
        "median": 0.00428662123159,
        "min": 1.52306124704e-21,
        "stdev": 0.00509308744222,
        "var": 2.59395383182e-05
    },
    "spectral_energyband_middle_low": {
        "dmean": 0.00869130529463,
        "dmean2": 0.0143485376611,
        "dvar": 0.000209584992263,
        "dvar2": 0.000555199512746,
        "max": 0.11011774838,
        "mean": 0.0156091526151,
        "median": 0.0125296218321,
        "min": 2.00897262979e-22,
        "stdev": 0.0140921855345,
        "var": 0.000198589696083
    },
    "spectral_entropy": {
        "dmean": 0.262019306421,
        "dmean2": 0.367164850235,
        "dvar": 0.0717555806041,
        "dvar2": 0.134157821536,
        "max": 9.81558990479,
        "mean": 7.59138011932,
        "median": 7.54173326492,
        "min": 6.0675907135,
        "stdev": 0.526762723923,
        "var": 0.277478963137
    },
    "spectral_flux": {
        "dmean": 0.0409233979881,
        "dmean2": 0.0608746483922,
        "dvar": 0.001577464398,
        "dvar2": 0.00270144408569,
        "max": 0.345111072063,
        "mean": 0.11709856987,
        "median": 0.101812325418,
        "min": 1.05563183195e-10,
        "stdev": 0.0648014172912,
        "var": 0.00419922359288
    },
    "spectral_kurtosis": {
        "dmean": 1.81022715569,
        "dmean2": 2.92282938957,
        "dvar": 5.39617204666,
        "dvar2": 13.9843158722,
        "max": 29.2635421753,
        "mean": 4.00793409348,
        "median": 3.36914205551,
        "min": -1.22064781189,
        "stdev": 3.33751559258,
        "var": 11.1390104294
    },
    "spectral_rms": {
        "dmean": 0.00104701938108,
        "dmean2": 0.00150582368951,
        "dvar": 1.12442307909e-06,
        "dvar2": 2.13465978049e-06,
        "max": 0.0115227019414,
        "mean": 0.00579818105325,
        "median": 0.00547623448074,
        "min": 3.29723986829e-12,
        "stdev": 0.00200481619686,
        "var": 4.01928809879e-06
    },
    "spectral_rolloff": {
        "dmean": 1075.66015625,
        "dmean2": 1691.11499023,
        "dvar": 3554903.25,
        "dvar2": 6869156,
        "max": 18432.421875,
        "mean": 2170.65625,
        "median": 1119.7265625,
        "min": 64.599609375,
        "stdev": 2763.80297852,
        "var": 7638607
    },
    "spectral_skewness": {
        "dmean": 0.281619995832,
        "dmean2": 0.423323392868,
        "dvar": 0.0732471272349,
        "dvar2": 0.171672970057,
        "max": 3.60730218887,
        "mean": 1.43029856682,
        "median": 1.41291332245,
        "min": -0.0143409520388,
        "stdev": 0.502707183361,
        "var": 0.25271448493
    },
    "spectral_spread": {
        "dmean": 975786.8125,
        "dmean2": 1444185.625,
        "dvar": 1.92626098176e+12,
        "dvar2": 2.84303635251e+12,
        "max": 40802292,
        "mean": 5131707,
        "median": 4609240.5,
        "min": 1585230.25,
        "stdev": 2407367.25,
        "var": 5.79541663744e+12
    },
    "spectral_strongpeak": {
        "dmean": 0.53612691164,
        "dmean2": 0.88549220562,
        "dvar": 0.687341570854,
        "dvar2": 1.67512905598,
        "max": 9.72120666504,
        "mean": 0.942343831062,
        "median": 0.588537931442,
        "min": 0,
        "stdev": 1.05085718632,
        "var": 1.10430085659
    },
    "zerocrossingrate": {
        "dmean": 0.021941287443,
        "dmean2": 0.0219771955162,
        "dvar": 0.000915462209377,
        "dvar2": 0.000805351010058,
        "max": 0.501953125,
        "mean": 0.0763093307614,
        "median": 0.056640625,
        "min": 0.0029296875,
        "stdev": 0.0691716894507,
        "var": 0.00478472281247
    },
    "barkbands": {
        "dmean": [0.000257165753283, 0.00709421792999, 0.00354393338785, 0.0021961752791, 0.00416915072128, 0.00148461270146, 0.00235706963576, 0.00124418223277, 0.000969828106463, 0.000563259527553, 0.00061610864941, 0.000666247913614, 0.000355095718987, 0.000326616835082, 0.000389840308344, 0.000340535392752, 0.000257657899056, 0.000333953707013, 0.000310698262183, 0.000349498091964, 0.000504421361256, 0.000414716661908, 0.000679352495354, 0.000307816662826, 0.000248496537097, 0.000183322510566, 1.38280784086e-05],
        "dmean2": [0.00037105177762, 0.00899756327271, 0.00608399277553, 0.00401145126671, 0.00704452116042, 0.00261139427312, 0.00388429732993, 0.00194373913109, 0.00155362044461, 0.000944390194491, 0.000945803942159, 0.00110525113996, 0.000605419219937, 0.000555342237931, 0.000589673581999, 0.000547692703549, 0.000408143096138, 0.000525522220414, 0.000493404048029, 0.000553975172807, 0.000861435430124, 0.000666922656819, 0.00118017964996, 0.000463264877908, 0.00037891487591, 0.000276229460724, 2.3073542252e-05],
        "dvar": [3.73960745037e-07, 0.000235570245422, 0.000108780433948, 3.57764220098e-05, 5.13364393555e-05, 1.15949733299e-05, 1.45772428368e-05, 6.03130411037e-06, 3.01257364299e-06, 1.33426749471e-06, 1.11105259748e-06, 1.94924518837e-06, 4.40606100938e-07, 5.83546068356e-07, 4.67601694254e-07, 4.32328619127e-07, 1.70796667476e-07, 2.61419359049e-07, 2.65354373141e-07, 3.18752029216e-07, 1.51221217948e-06, 6.56707413782e-07, 3.05714070237e-06, 3.18009199418e-07, 2.74122726296e-07, 2.85145063117e-07, 3.21682014359e-09],
        "dvar2": [7.4749794976e-07, 0.000404838443501, 0.000283103581751, 0.000102445577795, 0.000137126378831, 3.21257284668e-05, 3.45962725987e-05, 1.24188827613e-05, 6.49316098134e-06, 3.07415143652e-06, 2.36526807385e-06, 5.10198560733e-06, 1.09015127236e-06, 1.47959701735e-06, 9.61433670454e-07, 1.06352570128e-06, 4.3038238573e-07, 5.97524035584e-07, 6.40196333279e-07, 7.19912065961e-07, 4.09318954553e-06, 1.65192057011e-06, 8.58264138515e-06, 6.75016281093e-07, 5.4637678204e-07, 5.01405281739e-07, 7.73883890304e-09],
        "max": [0.0052971187979, 0.129698336124, 0.0737210810184, 0.0429012663662, 0.0585427321494, 0.0354510992765, 0.0345417819917, 0.0341618359089, 0.0260742679238, 0.0127788130194, 0.0103755388409, 0.0177301801741, 0.00995896290988, 0.0108058834448, 0.0118067888543, 0.00796695705503, 0.00590162910521, 0.0056462213397, 0.00604616012424, 0.0069088418968, 0.0082935038954, 0.00717908004299, 0.011904463172, 0.00858088769019, 0.00735402060673, 0.00970488693565, 0.00122798292432],
        "mean": [0.000314254022669, 0.0114683462307, 0.00294503266923, 0.00243101548404, 0.0053682057187, 0.00171618873719, 0.00316782249138, 0.00153333775233, 0.00129564828239, 0.00061800761614, 0.000855209655128, 0.000784139556345, 0.000388852262404, 0.000377972202841, 0.000590258627199, 0.000442682532594, 0.000364033796359, 0.000489971134812, 0.000446920050308, 0.000506251119077, 0.000484606658574, 0.000469388294732, 0.000609178387094, 0.000382965197787, 0.000303610344417, 0.000211801074329, 1.34748679557e-05],
        "median": [4.08119631174e-05, 0.00300337839872, 0.000586930429563, 0.00107161945198, 0.00308448821306, 0.000696602568496, 0.00127695710398, 0.000333037052769, 0.000345203879988, 0.000119210242701, 0.000241767513216, 0.000240249297349, 0.000110209512059, 0.000119711032312, 0.000162214710144, 0.000114144117106, 0.000166711106431, 0.000244738010224, 0.000203545481781, 0.000175657114596, 0.000101527562947, 0.000123297533719, 7.57836533012e-05, 8.20782006485e-05, 4.05504724768e-05, 2.01571510843e-05, 4.439251029e-07],
        "min": [3.52153030117e-24, 1.4024425971e-23, 3.66028501794e-24, 2.21004557525e-23, 1.74259926166e-23, 1.9594197325e-23, 3.33585200783e-23, 3.72575345221e-23, 5.10319199852e-23, 9.41725361693e-23, 5.47990368856e-23, 5.61243295173e-23, 8.97004205887e-23, 1.72692771936e-22, 1.26801602879e-22, 1.33054063927e-22, 1.10966337234e-22, 2.03311505515e-22, 3.63280670492e-22, 2.69825088978e-22, 3.96566713185e-22, 5.10416583153e-22, 5.97752699256e-22, 7.3412506556e-22, 1.4407246663e-21, 2.00251156868e-21, 2.94351009287e-21],
        "stdev": [0.000712030392606, 0.0218167919666, 0.00890784617513, 0.00480409478769, 0.00710404338315, 0.00335307000205, 0.00470043020323, 0.00331733119674, 0.00241450290196, 0.00140542513691, 0.00154622807167, 0.00152442301624, 0.000784540141467, 0.000839414540678, 0.00111471919809, 0.000820663582999, 0.000495734508149, 0.000674925104249, 0.000649852096103, 0.00074632401811, 0.00108796171844, 0.000887420377694, 0.00148850702681, 0.000791171449237, 0.000740281422623, 0.000715569767635, 6.45891122986e-05],
        "var": [5.06987305471e-07, 0.000475972396089, 7.93497310951e-05, 2.30793266383e-05, 5.04674317199e-05, 1.12430780064e-05, 2.2094043743e-05, 1.10046867121e-05, 5.82982374908e-06, 1.97521967493e-06, 2.39082123699e-06, 2.32386560128e-06, 6.15503267909e-07, 7.04616809344e-07, 1.24259895529e-06, 6.73488727898e-07, 2.45752715955e-07, 4.55523888832e-07, 4.22307749659e-07, 5.5699956647e-07, 1.18366074275e-06, 7.87514977674e-07, 2.21565301217e-06, 6.25952225164e-07, 5.48016600987e-07, 5.12040116973e-07, 4.17175316514e-09]
    },
    "erbbands": {
        "dmean": [0.175833657384, 1.73417890072, 3.57865524292, 6.03030252457, 9.42394065857, 17.3870220184, 11.6650180817, 13.3933267593, 21.7796764374, 41.1602210999, 25.1122341156, 20.1657066345, 16.784620285, 24.3938140869, 21.5113124847, 24.1289253235, 17.0566673279, 17.7426433563, 14.5445833206, 23.2612552643, 15.4576921463, 15.0395851135, 18.5313262939, 13.0238666534, 16.4723033905, 17.5512447357, 16.2042675018, 23.4800128937, 14.7913637161, 19.333322525, 18.246837616, 7.21797513962, 4.84787130356, 3.10977625847, 1.64030086994, 0.899766743183, 0.313587605953, 0.0546361915767, 0.0015186247183, 5.4008753068e-05],
        "dmean2": [0.237496465445, 2.14724755287, 5.39470434189, 10.799115181, 16.6979141235, 28.6644954681, 19.8717479706, 24.0517864227, 37.428565979, 66.2183990479, 38.6533889771, 32.3244018555, 27.5737075806, 38.9445877075, 35.1244430542, 39.7572059631, 28.3669395447, 30.6047039032, 22.8810501099, 35.9412460327, 24.1185035706, 23.6184959412, 28.7690105438, 19.9945335388, 26.4177055359, 28.4311637878, 26.9622173309, 40.7300376892, 23.6556758881, 32.9379081726, 31.3599128723, 11.1449804306, 7.23832654953, 4.89973926544, 2.39277267456, 1.33774209023, 0.475505083799, 0.0846634581685, 0.00237038359046, 8.23762820801e-05],
        "dvar": [0.142508104444, 14.6213445663, 89.0651550293, 278.466522217, 524.910705566, 775.441711426, 551.845031738, 1110.60803223, 1761.69140625, 4956.75634766, 2723.00341797, 1371.84106445, 920.493347168, 1812.49938965, 1384.2980957, 2579.52856445, 898.09588623, 1820.67102051, 769.145751953, 1856.69042969, 899.766418457, 545.467773438, 796.905639648, 484.909240723, 698.614379883, 892.426452637, 1176.2208252, 3604.11645508, 834.577575684, 2236.28417969, 2071.51782227, 186.431625366, 78.4890975952, 43.8608856201, 13.985827446, 5.9957652092, 0.953726828098, 0.0358062386513, 3.11732546834e-05, 1.58301478592e-08],
        "dvar2": [0.233727410436, 24.7478027344, 210.025512695, 778.400268555, 1478.20861816, 1909.71557617, 1512.82946777, 3115.1418457, 4468.90185547, 11354.3486328, 5892.55859375, 3129.02514648, 2104.86206055, 4418.9375, 3358.33764648, 6560.75439453, 2161.07641602, 4845.40869141, 1650.54394531, 3768.78686523, 2059.19824219, 1294.48510742, 1794.04980469, 1108.22485352, 1704.77746582, 2085.06982422, 3027.94897461, 10004.6875, 2110.79589844, 6170.82666016, 5759.92773438, 408.901824951, 171.585845947, 99.2226715088, 23.2986068726, 10.0723457336, 1.79559528828, 0.0728954151273, 6.59060533508e-05, 3.07461576199e-08],
        "max": [3.35276651382, 30.6777572632, 74.6742630005, 110.905784607, 193.766159058, 266.53137207, 334.865081787, 364.194274902, 558.002380371, 871.19909668, 677.694030762, 475.688964844, 361.257049561, 442.323852539, 372.778045654, 626.322814941, 435.8230896, 620.56262207, 522.876098633, 779.846435547, 548.303222656, 327.177642822, 351.513397217, 341.262023926, 293.251464844, 407.985198975, 246.86479187, 386.304901123, 236.383010864, 310.074127197, 327.908874512, 209.316360474, 103.214134216, 91.2848129272, 66.3360443115, 42.0029602051, 20.2936019897, 3.29711914062, 0.116408295929, 0.00213390728459],
        "mean": [0.345973998308, 2.48962330818, 3.7432243824, 6.31222391129, 10.2034740448, 23.663318634, 14.8367452621, 15.1981964111, 26.9289264679, 58.4089431763, 33.1733779907, 27.2374687195, 21.7412624359, 31.7216796875, 27.5502223969, 29.4097156525, 20.7707328796, 20.1496162415, 20.8599319458, 35.6143531799, 22.9040908813, 22.958190918, 27.6562614441, 19.6274814606, 25.4347114563, 24.5450363159, 17.7982788086, 20.9058837891, 16.7447338104, 18.2719650269, 16.6504383087, 8.82633876801, 5.98193407059, 3.55458593369, 2.09574127197, 1.08802103996, 0.344114691019, 0.0586267411709, 0.00165252503939, 9.4289855042e-05],
        "median": [0.0491271875799, 0.584575772285, 0.812304973602, 2.67749428749, 4.50969696045, 12.9315843582, 6.56138801575, 5.97684335709, 12.740114212, 20.5294551849, 8.19259643555, 8.44697475433, 6.50620555878, 8.53151893616, 8.29573249817, 9.58083534241, 6.05037975311, 6.54449892044, 7.33150053024, 8.99688243866, 7.10806703568, 11.5531454086, 14.6031637192, 9.48964595795, 12.5950336456, 7.89626073837, 4.42696380615, 3.91831254959, 4.40861082077, 3.20988273621, 2.00046467781, 1.83814048767, 1.15403974056, 0.478900641203, 0.259184837341, 0.109099537134, 0.031791947782, 0.00410609599203, 0.000115533708595, 4.95185704494e-05],
        "min": [6.97437656592e-22, 1.88094934012e-21, 5.18630207947e-21, 3.54370766013e-20, 5.19796936507e-20, 4.58074722526e-20, 1.63086800324e-19, 1.69608654165e-19, 2.5003555437e-19, 7.73463348477e-19, 9.36949340995e-19, 1.51372966423e-18, 2.30879984918e-18, 3.20471172601e-18, 1.23074817814e-18, 2.9242702014e-18, 4.42310265299e-18, 6.38947599156e-18, 7.56703170002e-18, 8.57145312961e-18, 7.31285481422e-18, 7.21175514539e-18, 1.00441977522e-17, 1.74846096072e-17, 1.42031394494e-17, 1.24809361792e-17, 1.77832664761e-17, 1.61318682119e-17, 1.6352837932e-17, 1.75542400168e-17, 1.56429167887e-17, 1.77552945365e-17, 1.14510359324e-17, 1.268167058e-17, 1.25557943703e-17, 7.29431356079e-18, 3.41257518291e-18, 1.39893446939e-18, 5.00546996087e-19, 4.12984719595e-20],
        "stdev": [0.593187987804, 5.18958282471, 9.48175239563, 13.5404968262, 19.399892807, 31.287563324, 24.7576065063, 31.8877944946, 42.4823532104, 92.98462677, 70.9994430542, 49.2400779724, 38.7313117981, 56.7259750366, 44.6000671387, 56.878074646, 38.0456962585, 44.1372528076, 37.5231323242, 67.6195144653, 38.908203125, 30.0586624146, 37.8200645447, 27.9270095825, 34.9441146851, 37.1159896851, 34.3325691223, 50.7118186951, 31.8055953979, 41.6309089661, 39.6257324219, 18.3911495209, 12.1357059479, 8.22163295746, 5.72271585464, 3.47384905815, 1.22839081287, 0.23518486321, 0.00696608936414, 0.000166502592037],
        "var": [0.351871967316, 26.9317722321, 89.9036331177, 183.345046997, 376.355804443, 978.911560059, 612.939086914, 1016.8314209, 1804.75036621, 8646.140625, 5040.92138672, 2424.58520508, 1500.11450195, 3217.83618164, 1989.1661377, 3235.11523438, 1447.47509766, 1948.0970459, 1407.98547363, 4572.3984375, 1513.84814453, 903.523132324, 1430.35717773, 779.91784668, 1221.09118652, 1377.59680176, 1178.72521973, 2571.68847656, 1011.59588623, 1733.13269043, 1570.1986084, 338.234375, 147.275360107, 67.5952529907, 32.7494773865, 12.0676269531, 1.50894403458, 0.0553119182587, 4.85263990413e-05, 2.77231144707e-08]
    },
    "gfcc": {
        "mean": [18.1969490051, 74.3646316528, -113.287628174, 32.9417724609, -65.9521255493, 5.00837612152, -43.1706924438, 6.17137956619, -27.9711055756, 0.476811468601, -16.4302024841, 1.75512671471, -15.4333810806],
        "cov": [[6172.82275391, -1956.21057129, 276.294647217, 40.5203094482, -611.497009277, 558.123962402, -383.249450684, 367.527038574, -147.450012207, 315.084869385, -328.970367432, 136.432510376, -223.245529175], [-1956.21057129, 3120.47949219, -41.281288147, 199.323760986, 942.074035645, -106.36100769, 432.208007812, -117.48462677, 364.95880127, -195.298110962, 335.139465332, -88.6800231934, 243.361312866], [276.294647217, -41.281288147, 1059.83227539, 383.057983398, 349.387573242, 347.506835938, 68.2543792725, 109.081054688, 33.1731071472, 110.876777649, 38.5811042786, 87.0443115234, 2.60301423073], [40.5203094482, 199.323760986, 383.057983398, 856.107116699, 466.773986816, 216.757156372, 104.098731995, 114.636489868, 236.321624756, 128.220184326, 91.0159072876, -14.0042028427, 156.214538574], [-611.497009277, 942.074035645, 349.387573242, 466.773986816, 841.49822998, 164.614547729, 165.391174316, 51.2403450012, 228.066299438, 84.2973632812, 129.735717773, -36.0494422913, 171.302108765], [558.123962402, -106.36100769, 347.506835938, 216.757156372, 164.614547729, 358.489074707, 75.9885864258, 110.714019775, 94.6444702148, 118.092323303, 12.6960172653, 22.574924469, 17.3536510468], [-383.249450684, 432.208007812, 68.2543792725, 104.098731995, 165.391174316, 75.9885864258, 301.978393555, 59.4752616882, 110.780715942, -4.0429353714, 92.0978927612, 34.3603782654, 47.3642082214], [367.527038574, -117.48462677, 109.081054688, 114.636489868, 51.2403450012, 110.714019775, 59.4752616882, 221.037902832, 92.2993850708, 76.0382003784, 13.041633606, 28.6833133698, 33.6763725281], [-147.450012207, 364.95880127, 33.1731071472, 236.321624756, 228.066299438, 94.6444702148, 110.780715942, 92.2993850708, 259.531768799, 79.9693984985, 81.7575759888, -22.3795032501, 94.2694549561], [315.084869385, -195.298110962, 110.876777649, 128.220184326, 84.2973632812, 118.092323303, -4.0429353714, 76.0382003784, 79.9693984985, 176.656021118, 15.9035043716, -6.11866998672, 30.8900566101], [-328.970367432, 335.139465332, 38.5811042786, 91.0159072876, 129.735717773, 12.6960172653, 92.0978927612, 13.041633606, 81.7575759888, 15.9035043716, 140.514450073, 10.9526729584, 47.9556312561], [136.432510376, -88.6800231934, 87.0443115234, -14.0042028427, -36.0494422913, 22.574924469, 34.3603782654, 28.6833133698, -22.3795032501, -6.11866998672, 10.9526729584, 110.625862122, -1.79876255989], [-223.245529175, 243.361312866, 2.60301423073, 156.214538574, 171.302108765, 17.3536510468, 47.3642082214, 33.6763725281, 94.2694549561, 30.8900566101, 47.9556312561, -1.79876255989, 133.6431427]],
        "icov": [[0.000337995297741, -0.000106192819658, 0.000169221355463, -0.000180668444955, 0.000244695402216, -0.00060309865512, 0.000459703529486, -0.000465590914246, 0.000241505840677, -0.000444442266598, 0.000484875548864, -0.000493874482345, 0.000436671165517], [-0.000106192819658, 0.00119147077203, -0.000107401960122, 0.000626154476777, -0.00119520735461, 0.000466445460916, -0.000756225374062, 0.000719717354514, -0.00120491418056, 0.00185037357733, -0.00134008389432, 0.000794885330833, -0.000604965200182], [0.000169221355463, -0.000107401960122, 0.00205828971229, -0.000693041598424, -0.00060594821116, -0.00170016265474, 0.000540557841305, -0.000517471984494, 0.00120566447731, -0.000394312432036, -7.46884761611e-05, -0.0016335581895, 0.0014300388284], [-0.000180668444955, 0.000626154476777, -0.000693041598424, 0.00264155981131, -0.0010953877354, 0.000176760586328, -0.000352125032805, 0.000455531699117, -0.00168799760286, 0.000925945874769, -0.000823015987407, 0.000963992322795, -0.001840144163], [0.000244695402216, -0.00119520735461, -0.00060594821116, -0.0010953877354, 0.0038321998436, -0.000746107834857, 0.000330130045768, -0.000251704943366, 0.000511320366058, -0.00188304891344, 0.000954001385253, 0.000326440291246, -0.00125472829677], [-0.00060309865512, 0.000466445460916, -0.00170016265474, 0.000176760586328, -0.000746107834857, 0.00683684693649, -0.00206163921393, 0.000201046233997, -0.00164254312404, -0.00106882455293, 0.000207449716982, 0.00101683172397, 6.3156701799e-05], [0.000459703529486, -0.000756225374062, 0.000540557841305, -0.000352125032805, 0.000330130045768, -0.00206163921393, 0.00625489000231, -0.00169807183556, -0.000450359861134, 0.000359638623195, -0.00108674203511, -0.00256149820052, 0.00119174458086], [-0.000465590914246, 0.000719717354514, -0.000517471984494, 0.000455531699117, -0.000251704943366, 0.000201046233997, -0.00169807183556, 0.00770693551749, -0.0029086174909, -0.000178020316525, -6.05092500336e-05, -0.000595358840656, -0.00154790992383], [0.000241505840677, -0.00120491418056, 0.00120566447731, -0.00168799760286, 0.000511320366058, -0.00164254312404, -0.000450359861134, -0.0029086174909, 0.0102885877714, -0.00355238211341, -0.000827378768008, 0.000918212695979, -0.00112946063746], [-0.000444442266598, 0.00185037357733, -0.000394312432036, 0.000925945874769, -0.00188304891344, -0.00106882455293, 0.000359638623195, -0.000178020316525, -0.00355238211341, 0.0120636746287, -0.00317746703513, 0.00223127542995, -0.00182908808347], [0.000484875548864, -0.00134008389432, -7.46884761611e-05, -0.000823015987407, 0.000954001385253, 0.000207449716982, -0.00108674203511, -6.05092500336e-05, -0.000827378768008, -0.00317746703513, 0.0128620406613, -0.00271191890351, 3.05562462017e-05], [-0.000493874482345, 0.000794885330833, -0.0016335581895, 0.000963992322795, 0.000326440291246, 0.00101683172397, -0.00256149820052, -0.000595358840656, 0.000918212695979, 0.00223127542995, -0.00271191890351, 0.0130728995427, -0.00287442095578], [0.000436671165517, -0.000604965200182, 0.0014300388284, -0.001840144163, -0.00125472829677, 6.3156701799e-05, 0.00119174458086, -0.00154790992383, -0.00112946063746, -0.00182908808347, 3.05562462017e-05, -0.00287442095578, 0.0141743673012]]
    },
    "melbands": {
        "dmean": [0.00185849459376, 0.00148787046783, 0.00105693924706, 0.000946040381677, 0.00048479475663, 0.000292482698569, 0.000383758335374, 0.000405134953326, 0.000190774866496, 0.00013386613864, 8.60739819473e-05, 9.87936291494e-05, 7.72550265538e-05, 7.15743808541e-05, 5.90149829804e-05, 3.58894649253e-05, 3.44059335475e-05, 2.34759609157e-05, 3.1020710594e-05, 3.08161688736e-05, 1.61624357133e-05, 1.71353367477e-05, 1.75173663592e-05, 1.46602105815e-05, 1.06146226244e-05, 1.37686429298e-05, 1.24298157971e-05, 1.18382076835e-05, 9.43957547861e-06, 1.12872730824e-05, 1.51947933773e-05, 8.9631175797e-06, 7.24720348444e-06, 1.28754145408e-05, 1.21595812743e-05, 5.62853483643e-06, 4.28548901255e-06, 3.52625443156e-06, 3.24239294969e-06, 2.45217711381e-06],
        "dmean2": [0.00241103535518, 0.00197630771436, 0.00183783588, 0.00160515645985, 0.000809488585219, 0.00051985331811, 0.000648796907626, 0.000646409578621, 0.00029609707417, 0.000215297812247, 0.000141652664752, 0.000159821851412, 0.000121352357382, 0.00012123776105, 9.62597987382e-05, 5.93204604229e-05, 6.00604798819e-05, 3.72567083105e-05, 4.76752684335e-05, 4.76240129501e-05, 2.57609099208e-05, 2.76225418929e-05, 2.68812273134e-05, 2.33756145462e-05, 1.65613819263e-05, 2.22428188863e-05, 1.97859990294e-05, 1.9417344447e-05, 1.55555881065e-05, 1.93763862626e-05, 2.66834085778e-05, 1.46894390127e-05, 1.16639794214e-05, 2.26209849643e-05, 2.11003753066e-05, 9.3401176855e-06, 6.60316072754e-06, 5.24656024936e-06, 5.24228335053e-06, 3.93457548853e-06],
        "dvar": [1.61355728778e-05, 1.13764926937e-05, 7.47387321098e-06, 2.9019752219e-06, 7.28602003619e-07, 4.99522911923e-07, 4.52965849718e-07, 4.42701207248e-07, 1.76200103397e-07, 5.94314961688e-08, 2.54925502929e-08, 3.04661931239e-08, 1.76176992994e-08, 2.70098166055e-08, 1.73565393169e-08, 5.69587443877e-09, 7.79069253554e-09, 2.76452927217e-09, 2.99929214798e-09, 3.15918624594e-09, 1.0905776282e-09, 8.08864586421e-10, 6.70709432438e-10, 5.20537390969e-10, 3.55520890505e-10, 6.04988614761e-10, 3.88023557729e-10, 4.23193674548e-10, 3.38540639966e-10, 7.57157059272e-10, 1.57644186594e-09, 3.39757860734e-10, 1.63201285819e-10, 1.15795140143e-09, 9.27451171417e-10, 1.28362806495e-10, 7.100287025e-11, 4.11928928468e-11, 4.57601526116e-11, 3.00279176524e-11],
        "dvar2": [2.81664961221e-05, 1.82300027518e-05, 2.03306808544e-05, 7.75445369072e-06, 1.96018163479e-06, 1.39291410051e-06, 1.13757573672e-06, 9.94621132122e-07, 3.80121321086e-07, 1.38422151963e-07, 5.71741374245e-08, 7.51901438889e-08, 3.89443748361e-08, 7.29555580392e-08, 4.02523134824e-08, 1.26495880437e-08, 2.09809911667e-08, 5.88193405093e-09, 6.03293814905e-09, 7.22890280969e-09, 2.5400088699e-09, 2.00770400305e-09, 1.4509878854e-09, 1.23210364134e-09, 8.08090538928e-10, 1.50543777444e-09, 9.12771469519e-10, 1.01822927867e-09, 8.45649439363e-10, 2.0328592143e-09, 4.40726077855e-09, 8.77674266597e-10, 3.83989479102e-10, 3.25340177021e-09, 2.57749488419e-09, 3.21773580003e-10, 1.52044418722e-10, 8.59252946572e-11, 1.14599281453e-10, 6.56752985329e-11],
        "max": [0.0356696210802, 0.0273920670152, 0.0191135071218, 0.014419852756, 0.011595711112, 0.00780597608536, 0.00781519990414, 0.0083739226684, 0.00704942503944, 0.00320418691263, 0.00181013613474, 0.00164503359701, 0.00156491261441, 0.002567789983, 0.00227932375856, 0.0013820445165, 0.00132336118259, 0.00097631639801, 0.0011731806444, 0.000897915451787, 0.000647379318252, 0.000320479011862, 0.000360203383025, 0.000281538697891, 0.000291989941616, 0.000376636948204, 0.000205562449992, 0.000262207642663, 0.000165860110428, 0.000185028038686, 0.000250911427429, 0.000154152716277, 0.000142986973515, 0.000226675896556, 0.000213095350773, 0.000100770652352, 0.00016648057499, 9.43031700444e-05, 6.53743554722e-05, 7.98652690719e-05],
        "mean": [0.00320527143776, 0.00239413976669, 0.00116633775178, 0.00121178699192, 0.000655856507365, 0.000333096657414, 0.000492072605994, 0.000586666807067, 0.000246046693064, 0.000175547000254, 0.000106831910671, 0.000125633843709, 0.000103118225525, 7.85860829637e-05, 6.67851345497e-05, 4.09771419072e-05, 3.6322100641e-05, 3.11742842314e-05, 4.42525524704e-05, 4.38500719611e-05, 2.24393916142e-05, 2.33783885051e-05, 2.62373432633e-05, 2.01534494408e-05, 1.47940772877e-05, 1.96454293473e-05, 1.83192914847e-05, 1.51715084939e-05, 1.06350389615e-05, 1.08914227894e-05, 1.28088131532e-05, 9.63931142905e-06, 8.64598678163e-06, 1.09934790089e-05, 1.04099226519e-05, 6.45291356705e-06, 5.0841626944e-06, 4.33232435171e-06, 3.65219375453e-06, 2.72860074801e-06],
        "median": [0.00071221293183, 0.000592763768509, 0.00048688298557, 0.000662393227685, 0.000351096066879, 0.000135981754283, 0.000219067456783, 0.000205910662771, 3.95342322008e-05, 5.20657085872e-05, 2.70155578619e-05, 3.20276558341e-05, 3.01689815387e-05, 2.1735097107e-05, 1.84147938853e-05, 1.20807890198e-05, 1.08578014988e-05, 1.07797450255e-05, 1.21207176562e-05, 9.88963074633e-06, 7.16061185813e-06, 1.01004334283e-05, 1.36883836603e-05, 9.42818678595e-06, 6.15350609223e-06, 8.58975818119e-06, 7.4415634117e-06, 4.23909023084e-06, 2.61494801634e-06, 2.11420729102e-06, 2.13054136111e-06, 2.3133572995e-06, 2.34734761762e-06, 1.4512877442e-06, 1.11317069695e-06, 9.91822503238e-07, 1.01973182609e-06, 8.44817179768e-07, 5.44043246009e-07, 3.23888514231e-07],
        "min": [4.75174310564e-24, 2.80440110971e-24, 7.29476008479e-24, 3.09202867044e-24, 5.22807861946e-24, 3.75486115744e-24, 4.38822061773e-24, 7.66244499727e-24, 7.45916421946e-24, 9.49671541814e-24, 1.16531487441e-23, 1.34329522638e-23, 5.28761197983e-24, 5.21841586223e-24, 6.68820730134e-24, 1.10834736302e-23, 1.24811789598e-23, 1.40835921166e-23, 9.52882915673e-24, 1.09291921587e-23, 7.80543786925e-24, 7.04236009386e-24, 8.25794741715e-24, 1.00835206465e-23, 1.50652506271e-23, 1.20481045781e-23, 8.97527126004e-24, 7.92036228137e-24, 1.22156255022e-23, 7.99415706361e-24, 1.02369580369e-23, 9.12585139621e-24, 9.79300605211e-24, 9.74453528265e-24, 7.95153727548e-24, 1.13712500885e-23, 1.03248821068e-23, 7.61084560546e-24, 8.13190401057e-24, 1.17368255869e-23],
        "stdev": [0.00583793828264, 0.00475248834118, 0.00232295226306, 0.00167018023785, 0.000922265287954, 0.000682724290527, 0.000728373706806, 0.000914414820727, 0.000587367510889, 0.000317190977512, 0.000203310701181, 0.000226542906603, 0.000177297493792, 0.000163027187227, 0.00015279755462, 9.28097724682e-05, 8.93445248948e-05, 6.60979567328e-05, 8.61738153617e-05, 8.17707623355e-05, 4.02088662668e-05, 3.35213044309e-05, 3.61162055924e-05, 2.84426987491e-05, 2.30888326769e-05, 3.06299334625e-05, 2.61486729869e-05, 2.44738694164e-05, 1.99053265533e-05, 2.4572291295e-05, 3.27902125719e-05, 1.92536790564e-05, 1.56055448315e-05, 2.82561904896e-05, 2.59383868979e-05, 1.28870015033e-05, 1.1493855709e-05, 9.15968121262e-06, 7.54293159844e-06, 6.8592489697e-06],
        "var": [3.40815240634e-05, 2.25861458603e-05, 5.39610709893e-06, 2.78950210486e-06, 8.50573314892e-07, 4.66112453523e-07, 5.30528268428e-07, 8.36154470107e-07, 3.45000614743e-07, 1.00610115794e-07, 4.13352410078e-08, 5.13216917852e-08, 3.14343999719e-08, 2.65778634656e-08, 2.33470913713e-08, 8.61365379023e-09, 7.9824440391e-09, 4.36893943245e-09, 7.42592654035e-09, 6.68645716573e-09, 1.61675306476e-09, 1.12367781746e-09, 1.30438038148e-09, 8.08987099532e-10, 5.33094179911e-10, 9.38192856736e-10, 6.83753109687e-10, 5.98970262278e-10, 3.96222055166e-10, 6.03797456478e-10, 1.07519793069e-09, 3.70704189567e-10, 2.43533054833e-10, 7.98412280734e-10, 6.72799871371e-10, 1.66074806685e-10, 1.32108726736e-10, 8.38997621377e-11, 5.68958179181e-11, 4.7049298485e-11]
    },
    "melbands128": {
