{
"lowlevel": {
    "average_loudness": 0.941155076027,
    "barkbands_crest": {
        "dmean": 2.70898389816,
        "dmean2": 4.29625844955,
        "dvar": 7.00656890869,
        "dvar2": 15.9979896545,
        "max": 26.2304363251,
        "mean": 10.6728315353,
        "median": 10.1924905777,
        "min": 2.59921860695,
        "stdev": 4.19795322418,
        "var": 17.6228122711
    },
    "barkbands_flatness_db": {
        "dmean": 0.0338517837226,
        "dmean2": 0.0480081029236,
        "dvar": 0.00127710809465,
        "dvar2": 0.00253003858961,
        "max": 0.405860424042,
        "mean": 0.161752834916,
        "median": 0.155692920089,
        "min": 0.0298598818481,
        "stdev": 0.0652510225773,
        "var": 0.0042576957494
    },
    "barkbands_kurtosis": {
        "dmean": 6.74077987671,
        "dmean2": 10.6076021194,
        "dvar": 138.689926147,
        "dvar2": 317.105499268,
        "max": 177.027893066,
        "mean": 9.68059444427,
        "median": 5.50974178314,
        "min": -1.88471806049,
        "stdev": 14.0195302963,
        "var": 196.547241211
    },
    "barkbands_skewness": {
        "dmean": 0.882362365723,
        "dmean2": 1.32048046589,
        "dvar": 1.08865404129,
        "dvar2": 2.28041791916,
        "max": 11.3791265488,
        "mean": 2.1004691124,
        "median": 2.04347133636,
        "min": -7.34957313538,
        "stdev": 1.6349439621,
        "var": 2.67304182053
    },
    "barkbands_spread": {
        "dmean": 10.3069229126,
        "dmean2": 16.5117664337,
        "dvar": 212.83795166,
        "dvar2": 499.523193359,
        "max": 119.217437744,
        "mean": 21.320224762,
        "median": 14.9258947372,
        "min": 0.580196499825,
        "stdev": 18.6147594452,
        "var": 346.509277344
    },
    "dissonance": {
        "dmean": 0.03748524189,
        "dmean2": 0.0600123330951,
        "dvar": 0.0015742451651,
        "dvar2": 0.0036416198127,
        "max": 0.499585747719,
        "mean": 0.415048211813,
        "median": 0.428432881832,
        "min": 0,
        "stdev": 0.0643744468689,
        "var": 0.00414406927302
    },
    "dynamic_complexity": 4.27166318893,
    "erbbands_crest": {
        "dmean": 2.97450852394,
        "dmean2": 4.71577978134,
        "dvar": 8.93793392181,
        "dvar2": 20.3997211456,
        "max": 29.6692333221,
        "mean": 10.9622392654,
        "median": 10.1422080994,
        "min": 2.28179955482,
        "stdev": 4.98042201996,
        "var": 24.804605484
    },
    "erbbands_flatness_db": {
        "dmean": 0.0266507416964,
        "dmean2": 0.0386433340609,
        "dvar": 0.000725245161448,
        "dvar2": 0.00159588572569,
        "max": 0.35142531991,
        "mean": 0.165468379855,
        "median": 0.161804541945,
        "min": 0.0531736761332,
        "stdev": 0.0527823902667,
        "var": 0.00278598070145
    },
    "erbbands_kurtosis": {
        "dmean": 3.03711843491,
        "dmean2": 4.74494361877,
        "dvar": 21.8883228302,
        "dvar2": 48.7551193237,
        "max": 55.227558136,
        "mean": 4.06940698624,
        "median": 1.51336336136,
        "min": -1.77405834198,
        "stdev": 6.90357160568,
        "var": 47.6593017578
    },
    "erbbands_skewness": {
        "dmean": 0.665460050106,
        "dmean2": 1.00410151482,
        "dvar": 0.566850066185,
        "dvar2": 1.14328360558,
        "max": 6.12598371506,
        "mean": 1.29550397396,
        "median": 1.25758874416,
        "min": -5.64644050598,
        "stdev": 1.3132622242,
        "var": 1.72465753555
    },
    "erbbands_spread": {
        "dmean": 16.4249782562,
        "dmean2": 26.1396713257,
        "dvar": 396.285980225,
        "dvar2": 952.484680176,
        "max": 174.207504272,
        "mean": 40.9043922424,
        "median": 33.5881881714,
        "min": 2.65194106102,
        "stdev": 27.2080535889,
        "var": 740.278198242
    },
    "hfc": {
        "dmean": 15.9092130661,
        "dmean2": 24.6803207397,
        "dvar": 1305.72546387,
        "dvar2": 3379.27758789,
        "max": 325.481323242,
        "mean": 26.8878669739,
        "median": 18.2680263519,
        "min": 1.21482444677e-16,
        "stdev": 34.4745864868,
        "var": 1188.49719238
    },
    "loudness_ebu128": {
        "integrated": -9.16928958893,
        "loudness_range": 3.4234251976,
        "momentary": {
            "dmean": 0.864643335342,
            "dmean2": 1.16302323341,
            "dvar": 1.5268406868,
            "dvar2": 2.91779708862,
            "max": -5.07115459442,
            "mean": -10.1513786316,
            "median": -9.25654697418,
            "min": -28.6630764008,
            "stdev": 3.42160081863,
            "var": 11.7073526382
        },
        "short_term": {
            "dmean": 0.119395576417,
            "dmean2": 0.114373877645,
            "dvar": 0.00905440188944,
            "dvar2": 0.00794470496476,
            "max": -7.64633560181,
            "mean": -9.42804336548,
            "median": -9.22393321991,
            "min": -12.8552007675,
            "stdev": 1.21481645107,
            "var": 1.47577905655
        }
    },
    "melbands_crest": {
        "dmean": 3.01769995689,
        "dmean2": 4.7463183403,
        "dvar": 8.41254138947,
        "dvar2": 18.7591819763,
        "max": 30.5762062073,
        "mean": 13.48736763,
        "median": 12.7855205536,
        "min": 2.75029802322,
        "stdev": 4.70297622681,
        "var": 22.1179866791
    },
    "melbands_flatness_db": {
        "dmean": 0.0421712547541,
        "dmean2": 0.0566022954881,
        "dvar": 0.00220374087803,
        "dvar2": 0.00411735009402,
        "max": 0.508332848549,
        "mean": 0.223221004009,
        "median": 0.220904037356,
        "min": 0.00608637230471,
        "stdev": 0.0875254571438,
        "var": 0.00766070513055
    },
    "melbands_kurtosis": {
        "dmean": 12.0031356812,
        "dmean2": 18.9677524567,
        "dvar": 319.149627686,
        "dvar2": 762.032958984,
        "max": 172.546264648,
        "mean": 20.8504924774,
        "median": 13.3139648438,
        "min": -1.88624596596,
        "stdev": 24.0929088593,
        "var": 580.468261719
    },
    "melbands_skewness": {
        "dmean": 1.00690937042,
        "dmean2": 1.53912711143,
        "dvar": 1.24868428707,
        "dvar2": 2.96486067772,
        "max": 11.4285812378,
        "mean": 2.8549323082,
        "median": 2.5219233036,
        "min": -2.25252652168,
        "stdev": 1.81089484692,
        "var": 3.27934002876
    },
    "melbands_spread": {
        "dmean": 12.0873060226,
        "dmean2": 19.1813011169,
        "dvar": 668.155700684,
        "dvar2": 1392.87634277,
        "max": 279.221038818,
        "mean": 22.8617172241,
        "median": 12.3811407089,
        "min": 0.807942330837,
        "stdev": 33.231338501,
        "var": 1104.32177734
    },
    "pitch_salience": {
        "dmean": 0.0715122148395,
        "dmean2": 0.109724380076,
        "dvar": 0.00523881241679,
        "dvar2": 0.0105224484578,
        "max": 0.93692702055,
        "mean": 0.62613761425,
        "median": 0.637831151485,
        "min": 0.131120339036,
        "stdev": 0.121770292521,
        "var": 0.014828003943
    },
    "silence_rate_20dB": {
        "dmean": 0,
        "dmean2": 0,
        "dvar": 0,
        "dvar2": 0,
        "max": 1,
        "mean": 1,
        "median": 1,
        "min": 1,
        "stdev": 0,
        "var": 0
    },
    "silence_rate_30dB": {
        "dmean": 0.0030959751457,
        "dmean2": 0.00619674660265,
        "dvar": 0.00308634503745,
        "dvar2": 0.00615840917453,
        "max": 1,
        "mean": 0.992266058922,
        "median": 1,
        "min": 0,
        "stdev": 0.0876019001007,
        "var": 0.0076740924269
    },
    "silence_rate_60dB": {
        "dmean": 0.0565015487373,
        "dmean2": 0.113090626895,
        "dvar": 0.053309161216,
        "dvar2": 0.11424228549,
        "max": 1,
        "mean": 0.154679045081,
        "median": 0,
        "min": 0,
        "stdev": 0.361598908901,
        "var": 0.130753770471
    },
    "spectral_centroid": {
        "dmean": 353.067474365,
        "dmean2": 532.022094727,
        "dvar": 468278,
        "dvar2": 832666.9375,
        "max": 11450.8076172,
        "mean": 1019.0289917,
        "median": 766.887145996,
        "min": 179.296981812,
        "stdev": 905.033874512,
        "var": 819086.3125
    },
    "spectral_complexity": {
        "dmean": 3.59520125389,
        "dmean2": 5.4903178215,
        "dvar": 24.2114982605,
        "dvar2": 49.8335037231,
        "max": 49,
        "mean": 10.9582366943,
        "median": 9,
        "min": 0,
        "stdev": 7.13106870651,
        "var": 50.852142334
    },
    "spectral_decrease": {
        "dmean": 1.88576887439e-09,
        "dmean2": 2.69420219468e-09,
        "dvar": 9.67555395891e-18,
        "dvar2": 2.00208909491e-17,
        "max": 3.95112803586e-10,
        "mean": -6.22518525617e-09,
        "median": -5.31900523626e-09,
        "min": -5.46501475185e-08,
        "stdev": 5.97397820101e-09,
        "var": 3.5688416361e-17
    },
    "spectral_energy": {
        "dmean": 0.00822132173926,
        "dmean2": 0.0117734987289,
        "dvar": 0.000157791640959,
        "dvar2": 0.000334319483954,
        "max": 0.211971119046,
        "mean": 0.0259341206402,
        "median": 0.0230418946594,
        "min": 1.09845360587e-20,
        "stdev": 0.0237933881581,
        "var": 0.00056612532353
    },
    "spectral_energyband_high": {
        "dmean": 0.00133617548272,
        "dmean2": 0.00210355827585,
        "dvar": 9.86235409073e-06,
        "dvar2": 2.50008943112e-05,
        "max": 0.0275200810283,
        "mean": 0.00161963969003,
        "median": 0.000667103740852,
        "min": 7.84325548239e-21,
        "stdev": 0.00300031714141,
        "var": 9.00190298125e-06
    },
    "spectral_energyband_low": {
        "dmean": 0.00141759833787,
        "dmean2": 0.00189669453539,
        "dvar": 3.57420321961e-05,
        "dvar2": 4.40820367658e-05,
        "max": 0.196416139603,
        "mean": 0.00360232614912,
        "median": 0.000599872786552,
        "min": 4.25629585868e-23,
        "stdev": 0.0120409904048,
        "var": 0.000144985446241
    },
    "spectral_energyband_middle_high": {
        "dmean": 0.00154622434638,
        "dmean2": 0.00226053525694,
        "dvar": 6.13169595454e-06,
        "dvar2": 1.19411479318e-05,
        "max": 0.0312480796129,
        "mean": 0.0031157170888,
        "median": 0.00117935601156,
        "min": 1.68488198847e-21,
        "stdev": 0.00443697534502,
        "var": 1.96867495106e-05
    },
    "spectral_energyband_middle_low": {
        "dmean": 0.00648656999692,
        "dmean2": 0.00953573547304,
        "dvar": 0.0001182374981,
        "dvar2": 0.000277396902675,
        "max": 0.120878554881,
        "mean": 0.0187435746193,
        "median": 0.0148775642738,
        "min": 2.96124626086e-22,
        "stdev": 0.0173277016729,
        "var": 0.000300249259453
    },
    "spectral_entropy": {
        "dmean": 0.378560364246,
        "dmean2": 0.526404082775,
        "dvar": 0.178521484137,
        "dvar2": 0.335616976023,
        "max": 9.80337047577,
        "mean": 7.35686588287,
        "median": 7.37392187119,
        "min": 5.07452535629,
        "stdev": 0.729667246342,
        "var": 0.532414257526
    },
    "spectral_flux": {
        "dmean": 0.0318752229214,
        "dmean2": 0.0499243400991,
        "dvar": 0.00122416135855,
        "dvar2": 0.00259574642405,
        "max": 0.406652450562,
        "mean": 0.076940625906,
        "median": 0.0700449720025,
        "min": 1.04807135193e-10,
        "stdev": 0.0535535924137,
        "var": 0.0028679871466
    },
    "spectral_kurtosis": {
        "dmean": 2.97009158134,
        "dmean2": 4.58309555054,
        "dvar": 27.7851715088,
        "dvar2": 69.4532852173,
        "max": 104.085800171,
        "mean": 5.43571949005,
        "median": 2.92446184158,
        "min": -1.33040857315,
        "stdev": 9.82755279541,
        "var": 96.5807952881
    },
    "spectral_rms": {
        "dmean": 0.000828260788694,
        "dmean2": 0.00114636693615,
        "dvar": 1.09268989945e-06,
        "dvar2": 2.0665181637e-06,
        "max": 0.0143805807456,
        "mean": 0.00444157095626,
        "median": 0.00474129710346,
        "min": 3.27362486077e-12,
        "stdev": 0.00236093322746,
        "var": 5.57400608159e-06
    },
    "spectral_rolloff": {
        "dmean": 1252.92602539,
        "dmean2": 2196.85302734,
        "dvar": 7217746.5,
        "dvar2": 15359059,
        "max": 18733.8867188,
        "mean": 2035.43041992,
        "median": 710.595703125,
        "min": 86.1328125,
        "stdev": 3118.51000977,
        "var": 9725105
    },
    "spectral_skewness": {
        "dmean": 0.44783526659,
        "dmean2": 0.65137398243,
        "dvar": 0.291188269854,
        "dvar2": 0.628870785236,
        "max": 8.26762104034,
        "mean": 1.81029272079,
        "median": 1.66744530201,
        "min": -0.614669144154,
        "stdev": 0.936155021191,
        "var": 0.876386225224
    },
    "spectral_spread": {
        "dmean": 1443833.375,
        "dmean2": 2114387,
        "dvar": 3.67553255834e+12,
        "dvar2": 6.82043480474e+12,
        "max": 41695096,
        "mean": 7018828,
        "median": 6949242,
        "min": 752677.5625,
        "stdev": 3074358,
        "var": 9.4516763689e+12
    },
    "spectral_strongpeak": {
        "dmean": 0.498386442661,
        "dmean2": 0.770215511322,
        "dvar": 0.457112371922,
        "dvar2": 0.99566078186,
        "max": 6.20533514023,
        "mean": 1.26720023155,
        "median": 0.814402341843,
        "min": 0,
        "stdev": 1.19036495686,
        "var": 1.41696882248
    },
    "zerocrossingrate": {
        "dmean": 0.02666121535,
        "dmean2": 0.0314810909331,
        "dvar": 0.0015009426279,
        "dvar2": 0.00190895865671,
        "max": 0.4990234375,
        "mean": 0.0818813294172,
        "median": 0.0615234375,
        "min": 0.00390625,
        "stdev": 0.0685518458486,
        "var": 0.00469935545698
    },
    "barkbands": {
        "dmean": [2.04799816856e-05, 0.000721858988982, 0.000703561352566, 0.00100913015194, 0.00203372025862, 0.00157774472609, 0.00238374900073, 0.00154408835806, 0.00135837541893, 0.000725774501916, 0.000317820173223, 0.000225903466344, 0.000268253788818, 0.000214042171137, 0.000156836031238, 0.000129759602714, 0.000139157418744, 7.05545025994e-05, 7.65332442825e-05, 6.38586643618e-05, 8.46928815008e-05, 0.000168756276253, 0.000224553601583, 0.000233262660913, 0.000377526186639, 0.000331917195581, 2.86474241875e-05],
        "dmean2": [2.73569930869e-05, 0.000856368220411, 0.00111470231786, 0.00166708161123, 0.00312456581742, 0.0023853960447, 0.00365696684457, 0.00230336841196, 0.00199002795853, 0.00108947185799, 0.000485570548335, 0.000357751181582, 0.000421001488576, 0.000336664379574, 0.000251651246799, 0.000211127990042, 0.000210772603168, 0.00011238839943, 0.000115789327538, 9.82627825579e-05, 0.000128291125293, 0.00026155076921, 0.000349258829374, 0.000363769737305, 0.000620306644123, 0.00057572091464, 5.04399904457e-05],
        "dvar": [3.82217564265e-08, 3.34419564751e-05, 2.09652662306e-05, 1.14950162242e-05, 1.59590672411e-05, 1.66228583112e-05, 2.99674666167e-05, 1.23760646602e-05, 7.89666228229e-06, 4.60312730866e-06, 5.58559975161e-07, 3.94665590875e-07, 9.82568394647e-07, 3.46297298393e-07, 2.29784646422e-07, 1.35118398248e-07, 1.08171370528e-07, 2.46798208536e-08, 3.35374714666e-08, 1.66320202055e-08, 4.27544755155e-08, 7.40963130852e-08, 1.5195284675e-07, 2.62724341837e-07, 1.15882596674e-06, 1.63811978382e-06, 9.42629707623e-09],
        "dvar2": [5.00148189531e-08, 4.89980666316e-05, 5.09748060722e-05, 3.18752645398e-05, 3.49100409949e-05, 3.56914788426e-05, 7.09262312739e-05, 2.45839055424e-05, 1.43151019074e-05, 8.26922496344e-06, 1.20503011658e-06, 9.72778934738e-07, 2.43182739723e-06, 7.9779454154e-07, 5.16450427313e-07, 3.13073059033e-07, 2.25532645004e-07, 6.22951574769e-08, 7.16063937034e-08, 3.70269539474e-08, 8.07047513263e-08, 1.75077914832e-07, 3.41680987503e-07, 6.42979500753e-07, 3.05235516862e-06, 4.43299495601e-06, 2.51044092181e-08],
        "max": [0.00597322359681, 0.184758558869, 0.105097681284, 0.0680733546615, 0.0514167025685, 0.0720865875483, 0.0609551630914, 0.0446795970201, 0.0352820679545, 0.0402381792665, 0.0111768292263, 0.0137854618952, 0.0224853642285, 0.0107221677899, 0.0115326493979, 0.00741655193269, 0.00564362714067, 0.0029533712659, 0.00308236945421, 0.00170159025583, 0.00345750083216, 0.00289109535515, 0.00402295822278, 0.00560378702357, 0.0094046248123, 0.0121927829459, 0.00116610294208],
        "mean": [2.75506863545e-05, 0.0015919826692, 0.00115468353033, 0.00162841181736, 0.00466218683869, 0.00306791835465, 0.0037499142345, 0.00224406318739, 0.00270759616978, 0.00122606032528, 0.000592641357798, 0.000276210310403, 0.000345712091075, 0.000255722465226, 0.000178738351678, 0.000159033035743, 0.00019692486967, 0.000108431566332, 0.000106982603029, 7.0687441621e-05, 0.000108736443508, 0.000205315896892, 0.000269696232863, 0.000290392665192, 0.000399638956878, 0.00028594158357, 2.29391116591e-05],
        "median": [1.27404541672e-06, 0.000138293660711, 0.000106031402538, 0.000224525094382, 0.00233726575971, 0.00084610353224, 0.000770108308643, 0.00029369170079, 0.000457036017906, 0.000143416866194, 0.000108547057607, 6.76576091792e-05, 4.4613963837e-05, 4.31604566984e-05, 3.03048509522e-05, 2.97291644529e-05, 3.95133174607e-05, 4.08423038607e-05, 3.05297107843e-05, 2.00769518415e-05, 3.29003487423e-05, 8.04508235888e-05, 8.39110289235e-05, 6.64082181174e-05, 0.000119265168905, 5.33612037543e-05, 1.52511427132e-06],
        "min": [1.01224738092e-23, 1.02083318524e-23, 1.62076521687e-23, 1.1147459716e-23, 3.74727073781e-23, 4.13402462718e-23, 5.89793812164e-23, 3.31771546453e-23, 1.01077441984e-22, 9.46462439874e-23, 3.74399128525e-23, 1.41436297958e-22, 1.27269542547e-22, 9.44033568701e-23, 1.63548889546e-22, 4.30574822354e-22, 1.3238362051e-22, 1.28288978028e-22, 2.08004445352e-22, 3.61938294288e-22, 5.65685263645e-22, 5.38285360238e-22, 4.97043914062e-22, 8.73025219884e-22, 1.20113935474e-21, 1.58305738793e-21, 2.6694946e-21],
        "stdev": [0.000299184437608, 0.00919564720243, 0.00444530183449, 0.00371492281556, 0.00702209491283, 0.00643632095307, 0.00663851760328, 0.00493935402483, 0.00486732041463, 0.00343420286663, 0.00143260124605, 0.000638256431557, 0.00101448351052, 0.000678175303619, 0.000545464223251, 0.000475887703942, 0.000489507569, 0.000200234513613, 0.000261454173597, 0.000145607205923, 0.000256703438936, 0.00031272994238, 0.000469282123959, 0.000560978311114, 0.000954317278229, 0.00104084075429, 8.13380465843e-05],
        "var": [8.95113316801e-08, 8.45599206514e-05, 1.97607096197e-05, 1.38006516863e-05, 4.93098159495e-05, 4.14262249251e-05, 4.40699186584e-05, 2.43972172029e-05, 2.36908072111e-05, 1.1793748854e-05, 2.05234618988e-06, 4.07371288702e-07, 1.02917681488e-06, 4.5992172204e-07, 2.97531187243e-07, 2.26469097697e-07, 2.39617662601e-07, 4.00938588996e-08, 6.835828259e-08, 2.12014565903e-08, 6.58966499145e-08, 9.78000116447e-08, 2.20225714997e-07, 3.14696649184e-07, 9.10721496439e-07, 1.08334950255e-06, 6.61587762352e-09]
    },
    "erbbands": {
        "dmean": [0.0176912806928, 0.195028349757, 0.698408782482, 2.23003292084, 5.57848072052, 7.21169090271, 8.06418228149, 14.7450323105, 28.6055870056, 34.5988731384, 33.2519683838, 29.2271766663, 25.9512863159, 13.519112587, 11.0000400543, 9.22917175293, 11.2954778671, 10.2881975174, 10.1734447479, 5.796438694, 7.33092832565, 7.55345106125, 4.30267477036, 3.20259785652, 3.74278116226, 2.78680825233, 3.40253305435, 3.9001750946, 5.87829685211, 6.59773921967, 6.17516231537, 4.95423555374, 4.13738441467, 4.08836603165, 2.79529070854, 1.48179578781, 0.621335089207, 0.117073990405, 0.00354305352084, 9.03264517547e-05],
        "dmean2": [0.0181527938694, 0.236667215824, 1.04071807861, 3.59778118134, 8.81997013092, 11.0213432312, 12.1136474609, 21.9290790558, 44.5003890991, 52.3620986938, 48.9133453369, 41.8756904602, 36.6862068176, 20.6319122314, 16.7227630615, 14.1805753708, 17.4256439209, 16.0476322174, 16.1525440216, 8.9174156189, 11.782374382, 11.3990802765, 6.67597579956, 4.89370441437, 5.77664613724, 4.22013711929, 5.13245773315, 5.91314649582, 9.197224617, 10.2048568726, 9.65578365326, 7.81163930893, 6.68328762054, 6.7494969368, 4.63698101044, 2.53119158745, 1.07960426807, 0.205583527684, 0.00621575349942, 0.000153787215822],
        "dvar": [0.0275805126876, 2.44381809235, 21.7773017883, 70.9789123535, 160.934143066, 252.631774902, 619.678344727, 1348.6854248, 4521.26367188, 6875.14697266, 4739.2578125, 4053.34521484, 5499.06787109, 1034.234375, 751.510375977, 634.914306641, 1622.73510742, 589.616699219, 729.963500977, 219.134063721, 443.710968018, 304.125305176, 74.9414749146, 52.499370575, 96.2790908813, 31.3960342407, 66.2138137817, 70.9554443359, 100.416114807, 117.411956787, 117.661354065, 100.943244934, 105.08895874, 137.835266113, 60.9885368347, 26.4804782867, 6.12342882156, 0.196482926607, 0.000174199274625, 1.00101566147e-07],
        "dvar2": [0.0297839827836, 4.19545459747, 49.9180450439, 187.879180908, 396.508209229, 547.863098145, 1441.24719238, 2451.83349609, 10603.8173828, 15429.6083984, 9776.18847656, 7008.54199219, 8868.03222656, 2275.14550781, 1454.60681152, 1420.30688477, 3783.96386719, 1327.34179688, 1673.00256348, 498.858062744, 1052.27490234, 679.812133789, 184.520935059, 117.808250427, 227.239257812, 69.208152771, 136.318405151, 140.874816895, 236.040161133, 268.655303955, 262.666931152, 237.780578613, 267.998748779, 367.330963135, 159.395217896, 70.8874359131, 16.6626529694, 0.530243337154, 0.000461649528006, 2.6614193871e-07],
        "max": [4.97226905823, 47.7417297363, 110.493965149, 194.309677124, 216.28918457, 297.495666504, 562.221801758, 787.927856445, 782.044067383, 977.073974609, 796.166503906, 1017.74816895, 1589.65686035, 444.247619629, 521.123535156, 633.104431152, 941.755859375, 394.436218262, 441.75100708, 241.653320312, 426.875762939, 315.210144043, 152.006225586, 131.110168457, 168.501693726, 83.7963104248, 116.949584961, 153.333984375, 115.692886353, 111.416488647, 132.044342041, 174.422225952, 83.0459442139, 119.160331726, 74.9032821655, 47.0567970276, 26.337184906, 4.11430358887, 0.134708359838, 0.00297099258751],
        "mean": [0.0332169160247, 0.402120053768, 1.24834883213, 3.86846041679, 10.6217393875, 17.1368026733, 16.4242038727, 28.5384063721, 46.7675895691, 57.5644760132, 52.1344680786, 62.1735191345, 49.5955047607, 24.8502407074, 17.7045936584, 12.7822170258, 15.4871845245, 13.657538414, 11.8132352829, 7.92481231689, 9.30630207062, 11.2534074783, 6.88610601425, 4.69450330734, 5.19610214233, 3.2066347599, 4.08054113388, 4.93048858643, 7.20553302765, 8.1652545929, 7.24110651016, 6.05648994446, 4.91382455826, 4.23942375183, 2.90854215622, 1.36017489433, 0.504227459431, 0.0953648611903, 0.00291568250395, 0.000103936938103],
        "median": [0.00191314064432, 0.0522182993591, 0.177325665951, 0.747629523277, 4.10970783234, 8.03685760498, 5.73848199844, 8.27422332764, 12.8549156189, 12.182308197, 12.4453325272, 10.0570983887, 7.8413643837, 4.69364833832, 4.24180984497, 3.77462458611, 2.52392911911, 2.71364665031, 2.08127832413, 1.62179744244, 1.8220539093, 2.52586174011, 2.48888230324, 1.65728223324, 1.45898342133, 1.00605499744, 1.2363358736, 1.75245642662, 2.79399418831, 2.95553421974, 2.00325798988, 1.0093010664, 1.22673153877, 1.0573605299, 0.835371732712, 0.286859512329, 0.0847801417112, 0.0117129627615, 0.000322545995004, 4.93025981996e-05],
        "min": [5.47440387655e-22, 1.8228320261e-21, 1.43925743046e-20, 3.37272425764e-20, 6.77782165027e-20, 1.78464230083e-19, 1.60336347239e-19, 3.04955306412e-19, 4.18242137397e-19, 9.84963660036e-19, 1.31407132202e-18, 2.73120149014e-18, 1.59151834942e-18, 3.61656764134e-18, 2.15233388003e-18, 5.92873225446e-18, 4.60252185016e-18, 6.82525748572e-18, 4.78448917721e-18, 1.25416181489e-17, 2.472936016e-17, 8.70842431288e-18, 5.84903133449e-18, 1.17590200899e-17, 9.32759133525e-18, 1.9645076327e-17, 2.48578494333e-17, 1.73463165893e-17, 1.81015490322e-17, 1.69750961283e-17, 1.53232942001e-17, 1.237657411e-17, 1.88576334711e-17, 1.27558819158e-17, 8.04240660779e-18, 5.23156706341e-18, 3.44450745649e-18, 1.63556240831e-18, 3.46779574435e-19, 3.46955511874e-20],
        "stdev": [0.28836658597, 2.12294363976, 4.83050251007, 8.90763568878, 17.6611747742, 30.0040950775, 32.2589912415, 66.0537033081, 83.7136459351, 110.256347656, 98.9126586914, 118.097267151, 123.324409485, 55.6690979004, 44.8551979065, 28.6420116425, 43.6773223877, 29.7150211334, 31.1668930054, 20.3750514984, 25.5552349091, 27.1259651184, 11.9765043259, 9.99060535431, 12.7666454315, 6.4472784996, 9.81122303009, 10.1497039795, 11.3631305695, 13.0208721161, 13.1388807297, 12.0184688568, 10.0962915421, 10.4714584351, 6.91387939453, 4.27790355682, 1.9961758852, 0.361538022757, 0.0109886871651, 0.000263832334895],
        "var": [0.0831552818418, 4.50688934326, 23.3337554932, 79.3459777832, 311.917114258, 900.245666504, 1040.64257812, 4363.09179688, 7007.97460938, 12156.4619141, 9783.71386719, 13946.9648438, 15208.9091797, 3099.04833984, 2011.98876953, 820.364868164, 1907.70861816, 882.98248291, 971.375183105, 415.142700195, 653.070068359, 735.817993164, 143.436660767, 99.8121871948, 162.987243652, 41.567401886, 96.2601013184, 103.016494751, 129.120727539, 169.543121338, 172.630187988, 144.443588257, 101.93510437, 109.651451111, 47.8017311096, 18.3004570007, 3.98471832275, 0.130709737539, 0.000120751239592, 6.96075019846e-08]
    },
    "gfcc": {
        "mean": [-28.1336288452, 67.0983200073, -84.2142028809, 5.57783746719, -82.0759735107, 6.35569238663, -53.5064697266, 6.90021705627, -29.1653308868, 0.218511074781, -25.1250038147, 3.23403501511, -18.3166561127],
        "cov": [[12224.0322266, -3006.87133789, -423.518615723, -204.282455444, -1028.64294434, 260.273925781, -254.765045166, 305.033447266, -92.3436508179, 328.222412109, -447.267181396, 83.3088226318, -501.445922852], [-3006.87133789, 2877.328125, -9.85686588287, -94.5057220459, 512.79498291, -146.85118103, 291.770111084, -115.404808044, 88.9787750244, -170.360473633, 188.524688721, -34.9671096802, 215.893264771], [-423.518615723, -9.85686588287, 1329.97485352, 223.430236816, 55.9580574036, 81.6849746704, -37.1085624695, 58.166934967, -10.2596654892, 112.847343445, 18.8820705414, 116.132461548, -20.9542179108], [-204.282455444, -94.5057220459, 223.430236816, 730.935974121, 156.28062439, 122.262649536, -106.130813599, -47.7237434387, 94.158744812, 67.5782623291, 93.7316207886, -77.1788711548, 53.9206962585], [-1028.64294434, 512.79498291, 55.9580574036, 156.28062439, 511.372924805, 106.633384705, 4.17684793472, -27.6684455872, 53.2894210815, 12.7666139603, 87.7219772339, -21.8200397491, 91.8675842285], [260.273925781, -146.85118103, 81.6849746704, 122.262649536, 106.633384705, 278.705322266, 81.3767547607, 5.31389856339, 27.7766513824, 61.4651107788, 13.7332220078, 7.98788833618, 27.8752651215], [-254.765045166, 291.770111084, -37.1085624695, -106.130813599, 4.17684793472, 81.3767547607, 345.792480469, 51.8983879089, -6.24944114685, 0.277473837137, 9.02755451202, 42.163608551, 8.61158943176], [305.033447266, -115.404808044, 58.166934967, -47.7237434387, -27.6684455872, 5.31389856339, 51.8983879089, 156.525222778, 23.204416275, 24.2735843658, -8.41933727264, 33.6982307434, -20.2376441956], [-92.3436508179, 88.9787750244, -10.2596654892, 94.158744812, 53.2894210815, 27.7766513824, -6.24944114685, 23.204416275, 159.801467896, 48.7975997925, 23.8793678284, -15.1169958115, 28.9206256866], [328.222412109, -170.360473633, 112.847343445, 67.5782623291, 12.7666139603, 61.4651107788, 0.277473837137, 24.2735843658, 48.7975997925, 129.119750977, 6.79625844955, 9.78899860382, -6.95219135284], [-447.267181396, 188.524688721, 18.8820705414, 93.7316207886, 87.7219772339, 13.7332220078, 9.02755451202, -8.41933727264, 23.8793678284, 6.79625844955, 121.730743408, 12.5211257935, 38.9776000977], [83.3088226318, -34.9671096802, 116.132461548, -77.1788711548, -21.8200397491, 7.98788833618, 42.163608551, 33.6982307434, -15.1169958115, 9.78899860382, 12.5211257935, 121.008499146, 2.01715016365], [-501.445922852, 215.893264771, -20.9542179108, 53.9206962585, 91.8675842285, 27.8752651215, 8.61158943176, -20.2376441956, 28.9206256866, -6.95219135284, 38.9776000977, 2.01715016365, 114.577461243]],
        "icov": [[0.00016747607151, -1.07371615741e-05, 0.000150389649207, -6.70373410685e-05, 0.000244541879511, -0.00032445738907, 0.000254444748862, -0.000269227224635, 0.000132758446853, -0.000381487829145, 0.000358813267667, -0.000250910816249, 0.000454122869996], [-1.07371615741e-05, 0.000851414108183, -0.000276180537185, 0.000311164010782, -0.000744333083276, 0.000935523363296, -0.00102674739901, 0.000711018103175, -0.000718713505194, 0.000946239801124, -0.000714636582416, 0.000601743347943, -0.000804918643553], [0.000150389649207, -0.000276180537185, 0.00122973450925, -0.000601100444328, 0.000284298555925, -0.000552055542357, 0.00069015804911, -0.000704284058884, 0.00076793669723, -0.00130446534604, 0.000809798191767, -0.00160081801005, 0.000896154728252], [-6.70373410685e-05, 0.000311164010782, -0.000601100444328, 0.00241816975176, -0.000337728211889, -0.000431567255873, 0.000168996135471, 0.00069736369187, -0.00104192190338, 0.000250881537795, -0.00195273407735, 0.0020335977897, -0.000734671368264], [0.000244541879511, -0.000744333083276, 0.000284298555925, -0.000337728211889, 0.00369563139975, -0.00214608921669, 0.00136014586315, -0.00086946162628, 0.000449547282187, -0.0010072538862, -0.000308137154207, -0.000124556478113, -8.07147298474e-05], [-0.00032445738907, 0.000935523363296, -0.000552055542357, -0.000431567255873, -0.00214608921669, 0.00680521782488, -0.0030407407321, 0.0015242366353, -0.000649048830383, -0.000446282065241, -0.000285187270492, 0.000569869764149, -0.002294015605], [0.000254444748862, -0.00102674739901, 0.00069015804911, 0.000168996135471, 0.00136014586315, -0.0030407407321, 0.00528189586475, -0.00227735843509, 0.00114751805086, -0.00123398110736, 0.000671466870699, -0.00163596996572, 0.00138075789437], [-0.000269227224635, 0.000711018103175, -0.000704284058884, 0.00069736369187, -0.00086946162628, 0.0015242366353, -0.00227735843509, 0.00885043852031, -0.00250158528797, 0.000614566844888, -0.000762325071264, -0.000700829084963, 2.61031364062e-05], [0.000132758446853, -0.000718713505194, 0.00076793669723, -0.00104192190338, 0.000449547282187, -0.000649048830383, 0.00114751805086, -0.00250158528797, 0.00916853360832, -0.00423149904236, 0.000484361225972, 0.000172727915924, -0.000903414038476], [-0.000381487829145, 0.000946239801124, -0.00130446534604, 0.000250881537795, -0.0010072538862, -0.000446282065241, -0.00123398110736, 0.000614566844888, -0.00423149904236, 0.01280161459, -0.00182663660962, 0.000683389545884, -0.00023747816158], [0.000358813267667, -0.000714636582416, 0.000809798191767, -0.00195273407735, -0.000308137154207, -0.000285187270492, 0.000671466870699, -0.000762325071264, 0.000484361225972, -0.00182663660962, 0.0126662403345, -0.00363084883429, -0.000362752558431], [-0.000250910816249, 0.000601743347943, -0.00160081801005, 0.0020335977897, -0.000124556478113, 0.000569869764149, -0.00163596996572, -0.000700829084963, 0.000172727915924, 0.000683389545884, -0.00363084883429, 0.012532771565, -0.00250893924385], [0.000454122869996, -0.000804918643553, 0.000896154728252, -0.000734671368264, -8.07147298474e-05, -0.002294015605, 0.00138075789437, 2.61031364062e-05, -0.000903414038476, -0.00023747816158, -0.000362752558431, -0.00250893924385, 0.0136463344097]]
    },
    "melbands": {
        "dmean": [0.000170608560438, 0.000293155288091, 0.000450456718681, 0.000467233301606, 0.000282343797153, 0.000332890398568, 0.000452749489341, 0.000359562633093, 0.000285835296381, 0.000181390816579, 0.000129057851154, 5.74760633754e-05, 3.78933691536e-05, 2.62528010353e-05, 2.45770261245e-05, 2.81445627479e-05, 1.97096524062e-05, 1.78210848389e-05, 1.14189133456e-05, 7.72765633883e-06, 9.80976892606e-06, 8.63332479639e-06, 6.04082288191e-06, 2.63271567746e-06, 2.72222405329e-06, 3.12843940264e-06, 2.48805758929e-06, 1.8540461042e-06, 2.20775359594e-06, 2.13579232877e-06, 2.42258306571e-06, 3.55076463165e-06, 3.42196244674e-06, 4.01565421271e-06, 3.57205931323e-06, 3.73103330276e-06, 2.80616654891e-06, 2.79698724626e-06, 3.289309916e-06, 3.74129535885e-06],
        "dmean2": [0.000200279901037, 0.000402850069804, 0.000717526418157, 0.000729676161427, 0.000422599783633, 0.000490037724376, 0.000700094678905, 0.000536984880455, 0.000422277807957, 0.000255815975834, 0.000183840180398, 8.72241289471e-05, 5.90647468925e-05, 4.22489429184e-05, 3.83291990147e-05, 4.40251387772e-05, 3.06886358885e-05, 2.87757811748e-05, 1.8200789782e-05, 1.19181941045e-05, 1.57130361913e-05, 1.33100757012e-05, 9.17124361877e-06, 4.09826498071e-06, 4.23694564233e-06, 4.73643194709e-06, 3.90280047213e-06, 2.87327134174e-06, 3.42394855579e-06, 3.27681664203e-06, 3.69180270354e-06, 5.61876049687e-06, 5.41173676538e-06, 6.29015721643e-06, 5.59338786843e-06, 5.91356547375e-06, 4.48364062322e-06, 4.55183453596e-06, 5.40388828085e-06, 6.24487847745e-06],
        "dvar": [2.14997317016e-06, 2.87931106868e-06, 1.91638696379e-06, 9.2434470389e-07, 5.63125126973e-07, 6.08695813753e-07, 1.08503070351e-06, 7.62601814586e-07, 3.69071273099e-07, 1.69593633359e-07, 1.39499022112e-07, 1.84788024882e-08, 7.63444951701e-09, 4.03742594912e-09, 6.79057388098e-09, 1.44132874524e-08, 2.24728147202e-09, 2.6053146307e-09, 1.54344492742e-09, 6.24048535069e-10, 9.79341496787e-10, 4.47609976861e-10, 1.88450546834e-10, 2.5950406754e-11, 4.45101872026e-11, 6.2090083075e-11, 4.37843476753e-11, 1.64181272744e-11, 2.8668793034e-11, 2.76813294509e-11, 2.68315543395e-11, 4.03201985688e-11, 3.1148899432e-11, 4.66660807219e-11, 4.07961581184e-11, 4.81318804257e-11, 3.43248970913e-11, 4.41222683389e-11, 7.73485789307e-11, 1.21381904528e-10],
        "dvar2": [2.62103299065e-06, 4.74794069305e-06, 4.99838643009e-06, 2.11072074308e-06, 1.26827478653e-06, 1.17290801427e-06, 2.5876147447e-06, 1.65429128174e-06, 7.51593518089e-07, 2.85721853288e-07, 2.24635712698e-07, 3.96959300986e-08, 1.56401291918e-08, 9.59786206067e-09, 1.48469183614e-08, 3.68146224616e-08, 4.87809126426e-09, 6.26882501464e-09, 3.61571950158e-09, 1.12615861081e-09, 2.35116304204e-09, 1.01116071072e-09, 4.31393809563e-10, 6.46688952388e-11, 1.03413423658e-10, 1.26766014352e-10, 1.21781404405e-10, 3.88066419277e-11, 6.43171696457e-11, 5.60624220658e-11, 5.55176911388e-11, 9.93443868835e-11, 7.37081090607e-11, 1.06600242522e-10, 8.95367530118e-11, 1.12830370047e-10, 8.14802253446e-11, 1.13222126119e-10, 2.00595096089e-10, 3.25378696209e-10],
        "max": [0.043499559164, 0.0457935333252, 0.0304646138102, 0.0131113100797, 0.0148004833609, 0.015168893151, 0.0112232314423, 0.00880982168019, 0.00594990840182, 0.00692933378741, 0.007857831195, 0.00214800913818, 0.00147143367212, 0.00091289851116, 0.00168896093965, 0.00306296022609, 0.000874994788319, 0.000796034233645, 0.000920921680517, 0.000702774967067, 0.000654203293379, 0.000408995168982, 0.000212864702917, 7.28193772375e-05, 0.000120193850307, 0.000199523143237, 8.88380745891e-05, 5.00717214891e-05, 7.15283749742e-05, 8.56273181853e-05, 9.33106930461e-05, 7.02840989106e-05, 5.16251420777e-05, 6.87010833644e-05, 8.66742848302e-05, 0.000104438302515, 9.86393351923e-05, 5.68833020225e-05, 9.9329801742e-05, 0.000111178582301],
        "mean": [0.00037579156924, 0.000641922291834, 0.000833044643514, 0.00105951726437, 0.000612912001088, 0.000650007161312, 0.000736639311071, 0.000592697528191, 0.000445579004008, 0.000390024943044, 0.000237778629526, 9.81590565061e-05, 6.33998279227e-05, 3.50544323737e-05, 3.24127468048e-05, 3.53789619112e-05, 2.46546806011e-05, 1.97645040316e-05, 1.36526759889e-05, 9.91614888335e-06, 1.12936750156e-05, 1.21166622193e-05, 9.08019319468e-06, 3.93699929191e-06, 3.69676399714e-06, 4.26777478424e-06, 2.86157728624e-06, 1.9498115762e-06, 2.44468401434e-06, 2.64740037892e-06, 2.92397567137e-06, 4.20981768912e-06, 3.93999152948e-06, 4.90741558679e-06, 4.15050817537e-06, 4.0622776396e-06, 3.47031254933e-06, 3.30353441313e-06, 3.49278889189e-06, 3.65776281797e-06],
        "median": [2.76890204987e-05, 0.00010376033606, 0.000320546416333, 0.000542992318515, 0.000241796762566, 0.00019256430096, 0.000175754743395, 9.22183826333e-05, 8.00809284556e-05, 6.06061585131e-05, 3.46807173628e-05, 1.57031190611e-05, 1.3234484868e-05, 1.10148512249e-05, 7.79447782406e-06, 4.56661655335e-06, 4.26962833444e-06, 3.24222537529e-06, 2.3558477551e-06, 1.91455296772e-06, 1.97635449695e-06, 2.11455653698e-06, 2.60127217189e-06, 1.63112667906e-06, 1.10814505661e-06, 1.09753534616e-06, 7.54820916882e-07, 5.07428524088e-07, 6.33758872937e-07, 7.01377928181e-07, 9.40229540447e-07, 1.54779593231e-06, 1.34636991334e-06, 1.60274476002e-06, 1.16197406896e-06, 5.64638810374e-07, 6.08806260516e-07, 7.78759954301e-07, 8.50395053931e-07, 7.80359755481e-07],
        "min": [4.89984227427e-24, 5.74830990392e-24, 6.18934625881e-24, 9.96387490191e-24, 5.60891068779e-24, 7.09595609262e-24, 9.11105946538e-24, 8.60956559957e-24, 1.38240710783e-23, 1.53695474104e-23, 7.62938778103e-24, 1.50053855507e-23, 6.15222562005e-24, 1.30220503955e-23, 1.36657624718e-23, 1.30015344899e-23, 1.22725520717e-23, 6.20507614526e-24, 1.33487224295e-23, 2.1553560575e-23, 2.92280822439e-23, 8.40569317609e-24, 5.13682673982e-24, 7.23881643597e-24, 1.01164366567e-23, 6.29218571629e-24, 7.9340545401e-24, 1.38355758257e-23, 1.66801482965e-23, 1.25927270473e-23, 8.27430839232e-24, 9.4418880075e-24, 1.28594038429e-23, 7.62673326409e-24, 9.84042448113e-24, 7.07372678117e-24, 7.42738259131e-24, 1.42066181302e-23, 1.20891371781e-23, 1.0512746176e-23],
        "stdev": [0.00252062105574, 0.00231715268455, 0.001520093414, 0.00166055152658, 0.00104391202331, 0.00137040973641, 0.0012719015358, 0.00120087794494, 0.000900575891137, 0.000787004537415, 0.000620092614554, 0.000236251114984, 0.000149268555106, 7.45947181713e-05, 9.17455545277e-05, 0.000116797084047, 5.84436202189e-05, 5.58475694561e-05, 4.47590391559e-05, 3.32936251652e-05, 3.40048645739e-05, 3.17616904795e-05, 1.94783315237e-05, 6.38504161543e-06, 8.7375037765e-06, 1.0978613318e-05, 6.95820699548e-06, 4.30957788922e-06, 6.03879198025e-06, 6.36958748146e-06, 6.04440538154e-06, 6.89206717652e-06, 6.25533903076e-06, 8.20863806439e-06, 7.78308003646e-06, 8.13761198515e-06, 7.04754620529e-06, 6.6863194661e-06, 8.12248345028e-06, 9.69856500888e-06],
        "var": [6.35353080725e-06, 5.36919651495e-06, 2.3106840672e-06, 2.75743127531e-06, 1.08975223156e-06, 1.87802277196e-06, 1.61773346008e-06, 1.44210775943e-06, 8.11036898085e-07, 6.19376123723e-07, 3.84514862617e-07, 5.58145920593e-08, 2.2281099632e-08, 5.56437207422e-09, 8.41724734357e-09, 1.36415581053e-08, 3.41565686846e-09, 3.11895109739e-09, 2.00337146872e-09, 1.10846543055e-09, 1.15633080888e-09, 1.00880492848e-09, 3.79405368234e-10, 4.07687564263e-11, 7.63439658713e-11, 1.20529947134e-10, 4.84166456927e-11, 1.8572463012e-11, 3.64670099673e-11, 4.05716467367e-11, 3.65348341858e-11, 4.75005902667e-11, 3.91292657997e-11, 6.73817390773e-11, 6.05763356143e-11, 6.62207302882e-11, 4.96679086748e-11, 4.47068701503e-11, 6.59747326215e-11, 9.40621608381e-11]
    },
    "melbands128": {
