{
"lowlevel": {
    "average_loudness": 0.958734154701,
    "barkbands_crest": {
        "dmean": 3.18087720871,
        "dmean2": 4.99855470657,
        "dvar": 7.45187425613,
        "dvar2": 18.8042011261,
        "max": 23.0494480133,
        "mean": 10.7337789536,
        "median": 10.1971178055,
        "min": 2.89107728004,
        "stdev": 4.04592514038,
        "var": 16.3695106506
    },
    "barkbands_flatness_db": {
        "dmean": 0.0260853581131,
        "dmean2": 0.0382365882397,
        "dvar": 0.000519523920957,
        "dvar2": 0.00111030752305,
        "max": 0.289963513613,
        "mean": 0.129908815026,
        "median": 0.124325282872,
        "min": 0.0302742496133,
        "stdev": 0.0462275072932,
        "var": 0.00213698251173
    },
    "barkbands_kurtosis": {
        "dmean": 4.23654842377,
        "dmean2": 6.66986227036,
        "dvar": 45.6348495483,
        "dvar2": 108.452423096,
        "max": 69.7189025879,
        "mean": 3.78354454041,
        "median": 1.1072883606,
        "min": -1.95235693455,
        "stdev": 7.88458633423,
        "var": 62.1666984558
    },
    "barkbands_skewness": {
        "dmean": 0.951582849026,
        "dmean2": 1.37485635281,
        "dvar": 0.990129768848,
        "dvar2": 1.96390974522,
        "max": 7.4239115715,
        "mean": 1.2052321434,
        "median": 1.1350222826,
        "min": -3.6530880928,
        "stdev": 1.54539453983,
        "var": 2.38824415207
    },
    "barkbands_spread": {
        "dmean": 19.0673751831,
        "dmean2": 28.2230892181,
        "dvar": 374.650939941,
        "dvar2": 692.74029541,
        "max": 118.626609802,
        "mean": 44.8683128357,
        "median": 39.9223709106,
        "min": 3.23545360565,
        "stdev": 28.9548034668,
        "var": 838.380615234
    },
    "dissonance": {
        "dmean": 0.0186256598681,
        "dmean2": 0.0291970577091,
        "dvar": 0.000331196351908,
        "dvar2": 0.000733802502509,
        "max": 0.499829977751,
        "mean": 0.461872339249,
        "median": 0.47021061182,
        "min": 0.336578905582,
        "stdev": 0.0306314304471,
        "var": 0.000938284501899
    },
    "dynamic_complexity": 3.28436779976,
    "erbbands_crest": {
        "dmean": 3.63357853889,
        "dmean2": 5.50418329239,
        "dvar": 9.89901828766,
        "dvar2": 20.0793972015,
        "max": 29.4116916656,
        "mean": 11.0675354004,
        "median": 9.99728393555,
        "min": 2.49906802177,
        "stdev": 5.38511180878,
        "var": 28.9994316101
    },
    "erbbands_flatness_db": {
        "dmean": 0.0238537099212,
        "dmean2": 0.0343768410385,
        "dvar": 0.000436330970842,
        "dvar2": 0.000823967566248,
        "max": 0.294561266899,
        "mean": 0.138379603624,
        "median": 0.132822021842,
        "min": 0.0529808849096,
        "stdev": 0.0400828160346,
        "var": 0.00160663214047
    },
    "erbbands_kurtosis": {
        "dmean": 2.98622298241,
        "dmean2": 4.59683895111,
        "dvar": 21.91365242,
        "dvar2": 46.8650741577,
        "max": 70.6769180298,
        "mean": 2.59035539627,
        "median": 0.37850189209,
        "min": -1.85583412647,
        "stdev": 6.21307134628,
        "var": 38.6022529602
    },
    "erbbands_skewness": {
        "dmean": 0.820796906948,
        "dmean2": 1.16517186165,
        "dvar": 0.712736129761,
        "dvar2": 1.27797913551,
        "max": 4.26481103897,
        "mean": -0.128835663199,
        "median": 0.102202996612,
        "min": -5.12378025055,
        "stdev": 1.57792174816,
        "var": 2.48983716965
    },
    "erbbands_spread": {
        "dmean": 18.2696876526,
        "dmean2": 28.7445240021,
        "dvar": 349.61819458,
        "dvar2": 798.862731934,
        "max": 155.425521851,
        "mean": 51.1141166687,
        "median": 47.2177047729,
        "min": 3.30998110771,
        "stdev": 26.9198112488,
        "var": 724.676208496
    },
    "hfc": {
        "dmean": 21.3358039856,
        "dmean2": 32.2967834473,
        "dvar": 1898.65319824,
        "dvar2": 4258.85791016,
        "max": 345.54776001,
        "mean": 31.0397491455,
        "median": 11.5199384689,
        "min": 0.000320498395013,
        "stdev": 52.4301109314,
        "var": 2748.91650391
    },
    "loudness_ebu128": {
        "integrated": -8.12866973877,
        "loudness_range": 1.8953294754,
        "momentary": {
            "dmean": 1.1508398056,
            "dmean2": 1.40346956253,
            "dvar": 1.26033961773,
            "dvar2": 1.53159856796,
            "max": -4.52130413055,
            "mean": -8.73323154449,
            "median": -8.45085334778,
            "min": -17.4511795044,
            "stdev": 2.50328493118,
            "var": 6.26643562317
        },
        "short_term": {
            "dmean": 0.142391234636,
            "dmean2": 0.1543417871,
            "dvar": 0.0145310061052,
            "dvar2": 0.0124230114743,
            "max": -6.81033992767,
            "mean": -8.14724159241,
            "median": -8.25612640381,
            "min": -10.7279834747,
            "stdev": 0.724955201149,
            "var": 0.525560081005
        }
    },
    "melbands_crest": {
        "dmean": 3.81702041626,
        "dmean2": 5.78086996078,
        "dvar": 11.6162824631,
        "dvar2": 26.7890472412,
        "max": 32.3308181763,
        "mean": 16.3452644348,
        "median": 15.5777788162,
        "min": 3.8841342926,
        "stdev": 5.78702831268,
        "var": 33.4896965027
    },
    "melbands_flatness_db": {
        "dmean": 0.0385755673051,
        "dmean2": 0.0536250583827,
        "dvar": 0.0010987672722,
        "dvar2": 0.00217138044536,
        "max": 0.380394667387,
        "mean": 0.184622466564,
        "median": 0.181213885546,
        "min": 0.0413032993674,
        "stdev": 0.0633007660508,
        "var": 0.00400698743761
    },
    "melbands_kurtosis": {
        "dmean": 11.8603420258,
        "dmean2": 18.9358730316,
        "dvar": 432.873840332,
        "dvar2": 1080.06677246,
        "max": 221.210159302,
        "mean": 16.4283218384,
        "median": 8.71057415009,
        "min": -1.93352711201,
        "stdev": 23.7119560242,
        "var": 562.256835938
    },
    "melbands_skewness": {
        "dmean": 1.12845742702,
        "dmean2": 1.71324014664,
        "dvar": 1.41158080101,
        "dvar2": 3.31193995476,
        "max": 13.4053115845,
        "mean": 2.91297101974,
        "median": 2.53730678558,
        "min": -1.36677861214,
        "stdev": 1.88286566734,
        "var": 3.54518318176
    },
    "melbands_spread": {
        "dmean": 28.2926845551,
        "dmean2": 42.2319717407,
        "dvar": 1465.76416016,
        "dvar2": 2850.21459961,
        "max": 273.090301514,
        "mean": 50.8214797974,
        "median": 30.4451332092,
        "min": 1.89200079441,
        "stdev": 53.0706062317,
        "var": 2816.48925781
    },
    "pitch_salience": {
        "dmean": 0.0839755982161,
        "dmean2": 0.126867339015,
        "dvar": 0.00564106553793,
        "dvar2": 0.0132400514558,
        "max": 0.917078971863,
        "mean": 0.519106864929,
        "median": 0.523618400097,
        "min": 0.175036549568,
        "stdev": 0.112829878926,
        "var": 0.0127305816859
    },
    "silence_rate_20dB": {
        "dmean": 0,
        "dmean2": 0,
        "dvar": 0,
        "dvar2": 0,
        "max": 1,
        "mean": 1,
        "median": 1,
        "min": 1,
        "stdev": 0,
        "var": 0
    },
    "silence_rate_30dB": {
        "dmean": 0,
        "dmean2": 0,
        "dvar": 0,
        "dvar2": 0,
        "max": 1,
        "mean": 1,
        "median": 1,
        "min": 1,
        "stdev": 0,
        "var": 0
    },
    "silence_rate_60dB": {
        "dmean": 0.0534055717289,
        "dmean2": 0.106893882155,
        "dvar": 0.0505542643368,
        "dvar2": 0.114059448242,
        "max": 1,
        "mean": 0.107501931489,
        "median": 0,
        "min": 0,
        "stdev": 0.309753149748,
        "var": 0.0959470197558
    },
    "spectral_centroid": {
        "dmean": 651.522033691,
        "dmean2": 956.533691406,
        "dvar": 578497.0625,
        "dvar2": 1020387.125,
        "max": 5639.97900391,
        "mean": 2210.03271484,
        "median": 1907.67712402,
        "min": 280.587646484,
        "stdev": 1238.04760742,
        "var": 1532761.75
    },
    "spectral_complexity": {
        "dmean": 2.78637766838,
        "dmean2": 4.32145643234,
        "dvar": 10.398601532,
        "dvar2": 23.0841083527,
        "max": 45,
        "mean": 10.2730083466,
        "median": 9,
        "min": 0,
        "stdev": 6.9226565361,
        "var": 47.9231719971
    },
    "spectral_decrease": {
        "dmean": 1.17146270462e-09,
        "dmean2": 1.81755521744e-09,
        "dvar": 3.69464108346e-18,
        "dvar2": 9.22770596756e-18,
        "max": -9.05259601411e-15,
        "mean": -2.7705329142e-09,
        "median": -1.96328886481e-09,
        "min": -1.91292048868e-08,
        "stdev": 2.58860843871e-09,
        "var": 6.70089418934e-18
    },
    "spectral_energy": {
        "dmean": 0.00575112365186,
        "dmean2": 0.00898062810302,
        "dvar": 7.33390916139e-05,
        "dvar2": 0.000179238195415,
        "max": 0.086788199842,
        "mean": 0.0132720367983,
        "median": 0.00882844720036,
        "min": 6.32367331832e-08,
        "stdev": 0.0123434271663,
        "var": 0.000152360196807
    },
    "spectral_energyband_high": {
        "dmean": 0.0025460855104,
        "dmean2": 0.00395280774683,
        "dvar": 2.90781827061e-05,
        "dvar2": 6.79112781654e-05,
        "max": 0.0427400395274,
        "mean": 0.00313254864886,
        "median": 0.000805626914371,
        "min": 3.21208517562e-08,
        "stdev": 0.0060788965784,
        "var": 3.69529843738e-05
    },
    "spectral_energyband_low": {
        "dmean": 0.00347136170603,
        "dmean2": 0.00550754880533,
        "dvar": 5.31923760718e-05,
        "dvar2": 0.000132929402753,
        "max": 0.0596955828369,
        "mean": 0.0050224349834,
        "median": 0.00214117323048,
        "min": 4.69901317857e-09,
        "stdev": 0.00786331295967,
        "var": 6.18316917098e-05
    },
    "spectral_energyband_middle_high": {
        "dmean": 0.000956323929131,
        "dmean2": 0.00148626172449,
        "dvar": 4.77210551253e-06,
        "dvar2": 1.12605075628e-05,
        "max": 0.0291282013059,
        "mean": 0.00195408263244,
        "median": 0.000728254904971,
        "min": 4.67532279558e-09,
        "stdev": 0.00333274155855,
        "var": 1.11071658466e-05
    },
    "spectral_energyband_middle_low": {
        "dmean": 0.00121677049901,
        "dmean2": 0.00190065905917,
        "dvar": 2.65544395006e-06,
        "dvar2": 5.98559199716e-06,
        "max": 0.0229264069349,
        "mean": 0.00336209847592,
        "median": 0.00289451610297,
        "min": 2.31327952349e-08,
        "stdev": 0.00280200410634,
        "var": 7.85122756497e-06
    },
    "spectral_entropy": {
        "dmean": 0.305524259806,
        "dmean2": 0.414905309677,
        "dvar": 0.0765075311065,
        "dvar2": 0.129731893539,
        "max": 8.93325042725,
        "mean": 7.89635229111,
        "median": 7.94581842422,
        "min": 6.45200538635,
        "stdev": 0.466350287199,
        "var": 0.217482581735
    },
    "spectral_flux": {
        "dmean": 0.0209471676499,
        "dmean2": 0.0321151874959,
        "dvar": 0.000575015437789,
        "dvar2": 0.00123292941134,
        "max": 0.216442719102,
        "mean": 0.0660467147827,
        "median": 0.0543303079903,
        "min": 0.000251469144132,
        "stdev": 0.0424304008484,
        "var": 0.00180033885408
    },
    "spectral_kurtosis": {
        "dmean": 1.09511983395,
        "dmean2": 1.57633948326,
        "dvar": 1.1815789938,
        "dvar2": 2.11859250069,
        "max": 9.11487960815,
        "mean": 1.87062454224,
        "median": 1.60892391205,
        "min": -1.14710652828,
        "stdev": 1.7027412653,
        "var": 2.89932799339
    },
    "spectral_rms": {
        "dmean": 0.000695888302289,
        "dmean2": 0.00105313025415,
        "dvar": 7.08682250661e-07,
        "dvar2": 1.6352264538e-06,
        "max": 0.00920170731843,
        "mean": 0.00326896691695,
        "median": 0.00293481163681,
        "min": 7.85457632446e-06,
        "stdev": 0.00150404882152,
        "var": 2.2621629796e-06
    },
    "spectral_rolloff": {
        "dmean": 2271.25244141,
        "dmean2": 3671.95263672,
        "dvar": 7987815,
        "dvar2": 13805755,
        "max": 12941.4550781,
        "mean": 3826.38330078,
        "median": 2260.98632812,
        "min": 86.1328125,
        "stdev": 3590.02709961,
        "var": 12888295
    },
    "spectral_skewness": {
        "dmean": 0.288073807955,
        "dmean2": 0.413112968206,
        "dvar": 0.0834866315126,
        "dvar2": 0.137402832508,
        "max": 2.46110749245,
        "mean": 1.05692899227,
        "median": 1.03118121624,
        "min": -0.0514705441892,
        "stdev": 0.451960653067,
        "var": 0.204268425703
    },
    "spectral_spread": {
        "dmean": 1223417.375,
        "dmean2": 1730475.125,
        "dvar": 1.3726655447e+12,
        "dvar2": 2.50019368141e+12,
        "max": 19878706,
        "mean": 7041149,
        "median": 6811505.5,
        "min": 2719016.25,
        "stdev": 1912671.875,
        "var": 3.6583136297e+12
    },
    "spectral_strongpeak": {
        "dmean": 0.802369475365,
        "dmean2": 1.44647836685,
        "dvar": 4.43520879745,
        "dvar2": 12.1495761871,
        "max": 19.8145980835,
        "mean": 0.838724255562,
        "median": 0.235788792372,
        "min": 5.91332936892e-05,
        "stdev": 1.78688514233,
        "var": 3.19295859337
    },
    "zerocrossingrate": {
        "dmean": 0.0433323159814,
        "dmean2": 0.0459094047546,
        "dvar": 0.00136631552596,
        "dvar2": 0.0016055777669,
        "max": 0.36572265625,
        "mean": 0.121960423887,
        "median": 0.11083984375,
        "min": 0.01025390625,
        "stdev": 0.0732898712158,
        "var": 0.0053714052774
    },
    "barkbands": {
        "dmean": [0.000160023482749, 0.00281082000583, 0.000836491701193, 0.000248359603574, 0.000442480988568, 0.000195884131244, 0.000249528035056, 0.000392805872252, 0.000275725702522, 0.000128702624352, 5.70058182348e-05, 4.73852414871e-05, 5.74266523472e-05, 6.03826520091e-05, 4.17071241827e-05, 3.06030888169e-05, 5.13485538249e-05, 5.69449839531e-05, 0.000117391129606, 0.000833010184579, 0.000307782844175, 0.000189208818483, 0.000952058820985, 0.000506901007611, 0.000434246554505, 0.00026815768797, 1.71880692506e-05],
        "dmean2": [0.000224446484935, 0.00458118598908, 0.0013858115999, 0.000441886862973, 0.000723129836842, 0.000287295115413, 0.000381470978027, 0.000575269805267, 0.000400125805754, 0.000191982646356, 7.87723765825e-05, 7.34239511075e-05, 8.63740133354e-05, 9.90599728539e-05, 6.65357365506e-05, 5.06854412379e-05, 8.5726933321e-05, 9.29241869017e-05, 0.000180547722266, 0.0013018802274, 0.000498155073728, 0.000312244781526, 0.00155840080697, 0.000728788087144, 0.000665613508318, 0.00040549543337, 2.76194696198e-05],
        "dvar": [7.39545740203e-08, 3.82188991352e-05, 3.79331117983e-06, 4.19230730131e-07, 4.21281782792e-07, 1.17967680069e-07, 2.83410088286e-07, 1.06899176444e-06, 6.13178656295e-07, 1.42078178555e-07, 4.69220715615e-08, 1.06630109187e-08, 2.07224619686e-08, 3.95201738002e-08, 1.17395622112e-08, 3.39409100825e-09, 1.32062218938e-08, 9.09364583634e-09, 5.40087583545e-08, 6.09027574683e-06, 2.84239376924e-07, 1.95892681631e-07, 7.512880984e-06, 1.15168120374e-06, 7.21760557099e-07, 3.80139312028e-07, 2.75917910741e-09],
        "dvar2": [1.45348792557e-07, 0.000100161334558, 9.48653359956e-06, 1.19452568015e-06, 1.07126265902e-06, 2.28224010357e-07, 6.19922388978e-07, 2.08012943403e-06, 1.33999549234e-06, 2.71351979109e-07, 6.24474267852e-08, 2.50643772404e-08, 4.3827078855e-08, 8.98980729858e-08, 2.4984672109e-08, 8.75242367471e-09, 3.44530661778e-08, 2.47370461892e-08, 1.28181795844e-07, 1.46839429362e-05, 7.38569383429e-07, 5.239187999e-07, 2.01874263439e-05, 2.20212223212e-06, 1.62692958838e-06, 8.69101086209e-07, 6.59633903055e-09],
        "max": [0.00377075490542, 0.0514144748449, 0.0141486497596, 0.00799821782857, 0.00721713528037, 0.0047433632426, 0.00809477735311, 0.0214958060533, 0.0178518500179, 0.00858672894537, 0.00633289664984, 0.00236328458413, 0.00289063155651, 0.00290603283793, 0.00190873933025, 0.000677874253597, 0.00237661972642, 0.00117231311742, 0.00389483012259, 0.0256898328662, 0.00470050424337, 0.00516098970547, 0.0243267025799, 0.00988819636405, 0.00949564576149, 0.0056619476527, 0.000538710737601],
        "mean": [0.000330657319864, 0.00374371628277, 0.000843411835376, 0.000268590985797, 0.000860024418216, 0.000356553326128, 0.000517140433658, 0.000674237904605, 0.000608621339779, 0.000277213257505, 9.62288613664e-05, 9.4649309176e-05, 0.000104100676253, 8.83755565155e-05, 5.50141194253e-05, 3.81788049708e-05, 6.50657093502e-05, 8.48825438879e-05, 0.000195312226424, 0.00117848219816, 0.000353098264895, 0.000213983250433, 0.000903414387722, 0.000599361606874, 0.000433722219896, 0.000273546465905, 1.44561618072e-05],
        "median": [0.000204433454201, 0.00158265198115, 0.000224429124501, 9.92060231511e-05, 0.000519067631103, 0.000132812274387, 0.000143591460073, 8.38378400658e-05, 0.000118011259474, 6.25565444352e-05, 2.30565638049e-05, 2.92776476272e-05, 2.26515348913e-05, 1.65151450346e-05, 1.66538411577e-05, 1.64439297805e-05, 2.28087483265e-05, 4.62054595118e-05, 6.34009047644e-05, 0.000104008046037, 0.000106161431177, 7.54887514631e-05, 0.000154355060658, 0.000130254236865, 9.39563688007e-05, 4.32518136222e-05, 1.01842647382e-06],
        "min": [8.43138128759e-11, 1.23665855334e-09, 2.03815053723e-09, 2.90022494909e-09, 9.1928891166e-09, 7.68060637313e-09, 2.72692890491e-09, 3.18290171997e-10, 2.74079259288e-10, 6.78007303079e-11, 1.36155312285e-12, 5.04087153963e-11, 7.61698065732e-11, 9.85994758063e-11, 4.05756539479e-11, 1.19140378119e-10, 8.69079461174e-11, 5.14924991535e-10, 2.44007947181e-09, 1.73141845305e-09, 2.27301799605e-09, 3.20187121261e-09, 2.79492584632e-09, 3.72161435003e-09, 1.742675515e-08, 2.09857642375e-09, 2.81892456426e-13],
        "stdev": [0.000456304580439, 0.00619135191664, 0.00187756353989, 0.000580916122999, 0.00103285815567, 0.000579747313168, 0.00100162613671, 0.00163636065554, 0.001348255435, 0.000769321166445, 0.000374148366973, 0.000199701709789, 0.000247975229286, 0.000265374401351, 0.000142109958688, 6.33461095276e-05, 0.000145652433275, 0.000110949098598, 0.000353162875399, 0.00335588259622, 0.000560595421121, 0.000432095548604, 0.00250619230792, 0.00130554975476, 0.000926724344026, 0.000673122529406, 5.00215246575e-05],
        "var": [2.08213862152e-07, 3.83328406315e-05, 3.52524466507e-06, 3.37463546884e-07, 1.06679601686e-06, 3.36106978693e-07, 1.00325496533e-06, 2.6776760933e-06, 1.81779262221e-06, 5.91855041421e-07, 1.39986994441e-07, 3.98807742386e-08, 6.14917112784e-08, 7.04235745275e-08, 2.0195241035e-08, 4.01272925998e-09, 2.1214631829e-08, 1.23097017024e-08, 1.24724024886e-07, 1.12619482024e-05, 3.14267253998e-07, 1.8670655777e-07, 6.28099951427e-06, 1.70446003267e-06, 8.58817998051e-07, 4.5309391794e-07, 2.5021529293e-09]
    },
    "erbbands": {
        "dmean": [0.0862570181489, 0.635327398777, 1.18555116653, 0.652278065681, 1.36110413074, 1.39337408543, 1.57059121132, 1.51815140247, 3.50768280029, 2.99763798714, 10.685256958, 6.97743558884, 2.85900568962, 4.35892820358, 1.24443995953, 2.20520806313, 2.15994334221, 3.23982548714, 2.14823889732, 1.86623907089, 1.70928931236, 2.60226130486, 2.94014167786, 4.83273744583, 19.7284164429, 40.4643363953, 13.260559082, 11.7052955627, 7.08617925644, 22.2091197968, 23.732831955, 14.0850429535, 6.84533786774, 6.00769090652, 2.67441749573, 1.6366019249, 0.363497644663, 0.0446128286421, 0.00218491465785, 6.05591776548e-05],
        "dmean2": [0.139385923743, 1.0609613657, 1.98976898193, 1.08777332306, 2.23460626602, 2.26762795448, 2.36998105049, 2.23380041122, 5.30946111679, 4.59261894226, 15.2029771805, 10.1853694916, 3.98294949532, 6.47621965408, 1.79895448685, 3.37961697578, 3.34078240395, 5.05733823776, 3.35408401489, 3.06847500801, 2.79147171974, 4.33012676239, 4.68620252609, 7.7952041626, 30.5433158875, 64.2954711914, 21.8356838226, 19.4330158234, 11.8420982361, 37.5268096924, 38.9176864624, 20.4864044189, 10.1567058563, 9.27395057678, 4.14186477661, 2.49091053009, 0.54703772068, 0.0690565109253, 0.00345529988408, 9.22220860957e-05],
        "dvar": [0.0299482103437, 2.15545558929, 7.66002321243, 2.27068567276, 5.90413427353, 5.65001487732, 11.71397686, 10.1150159836, 58.3472824097, 41.8271331787, 816.662658691, 323.292724609, 41.8191757202, 208.356735229, 8.31917381287, 22.581029892, 22.473443985, 96.0187225342, 36.0312194824, 29.5387516022, 11.0400323868, 30.4856357574, 21.3769111633, 94.5729217529, 3037.80273438, 15407.1347656, 522.976196289, 649.398681641, 252.79385376, 3835.37963867, 5035.34814453, 981.665344238, 196.235458374, 207.109054565, 23.4042930603, 13.2469520569, 0.711780488491, 0.0120357042179, 4.28172133979e-05, 1.94812397325e-08],
        "dvar2": [0.0798984840512, 5.62228393555, 19.5307044983, 5.68547487259, 15.2907009125, 14.4163169861, 24.4268455505, 19.6910209656, 125.258811951, 92.8014450073, 1458.10546875, 730.42388916, 72.6963653564, 397.221923828, 13.4532260895, 54.6294708252, 54.2661705017, 202.829559326, 76.6014633179, 63.7010269165, 28.6307849884, 80.1119003296, 55.3162574768, 255.018081665, 6797.44384766, 40032.0859375, 1360.08752441, 1739.5020752, 678.688354492, 10259.5976562, 13623.1738281, 1900.38439941, 417.588012695, 504.867004395, 53.0296707153, 29.5408363342, 1.68440914154, 0.0281968303025, 0.000103096404928, 4.42139835855e-08],
        "max": [1.7369992733, 11.711400032, 22.4211463928, 17.1049690247, 33.77186203, 25.6968860626, 56.9771728516, 58.1900863647, 117.264823914, 109.302330017, 592.835632324, 301.716796875, 158.952606201, 316.26385498, 72.8470840454, 99.3582839966, 79.1128845215, 169.529922485, 120.894943237, 134.779525757, 43.7634315491, 90.8089447021, 56.5530204773, 112.033294678, 607.211791992, 1315.84985352, 235.450759888, 248.669891357, 186.60710144, 475.982727051, 711.297607422, 277.702178955, 133.548294067, 186.251449585, 37.0679550171, 33.5660133362, 7.62184047699, 0.855606615543, 0.0652250126004, 0.00111757323612],
        "mean": [0.133775338531, 0.712523818016, 1.23553800583, 0.802709460258, 2.29145717621, 2.63596892357, 2.70491266251, 2.81928753853, 7.30938911438, 6.20706892014, 19.4809303284, 16.4965496063, 6.71880722046, 10.1711759567, 2.51701426506, 4.44962072372, 4.26261758804, 5.9684844017, 3.0534465313, 2.6192009449, 2.28398990631, 3.33696532249, 4.74426460266, 6.94966459274, 30.1710929871, 54.6709365845, 15.9554195404, 12.8726949692, 8.28821563721, 19.8791751862, 22.8008975983, 17.8707885742, 7.23137378693, 5.59170198441, 2.79126739502, 1.66571033001, 0.373125612736, 0.044042147696, 0.00194406125229, 7.306853513e-05],
        "median": [0.0698379129171, 0.251386582851, 0.354026675224, 0.309271365404, 0.999905467033, 1.37769508362, 0.818531692028, 1.04850828648, 2.47956252098, 1.97579073906, 4.46056985855, 4.29897069931, 2.18108272552, 2.1576333046, 1.02542197704, 1.43698441982, 1.28631675243, 1.07568383217, 0.94267565012, 0.957457363605, 1.02295100689, 1.26241767406, 2.54117298126, 3.12858057022, 3.95513653755, 5.05360078812, 4.65055322647, 3.76272416115, 2.76148295403, 3.437312603, 4.3419342041, 3.27624106407, 1.65106880665, 0.954316914082, 0.639145672321, 0.261802375317, 0.0655510425568, 0.00741904042661, 0.000213853039895, 2.51696346822e-05],
        "min": [2.66504098789e-08, 3.2950589457e-07, 1.92449874703e-06, 6.70197368891e-06, 1.68603019119e-05, 3.35350705427e-05, 5.33732854819e-05, 6.34330426692e-05, 4.95191707159e-05, 2.11613823922e-05, 5.55907627131e-06, 6.3657780629e-06, 4.17347700932e-06, 7.63301216011e-07, 2.12988382486e-07, 2.59659032054e-06, 3.56796385859e-06, 4.30705586041e-06, 3.97228905058e-06, 2.22821768148e-06, 7.21903097656e-06, 5.66995731788e-06, 1.54685967573e-05, 0.000114211077744, 0.0001241274731, 7.83468858572e-05, 6.83668258716e-05, 9.96123635559e-05, 0.000120257631352, 5.83491491852e-05, 9.79403048404e-05, 6.4635903982e-05, 7.80110858614e-05, 0.000227483760682, 0.000105477804027, 1.55367106345e-05, 4.35863603343e-06, 2.78539516785e-07, 1.06813580203e-08, 1.04347908092e-09],
        "stdev": [0.190758466721, 1.39936733246, 2.65918660164, 1.52521455288, 3.44556045532, 3.53609228134, 5.64490318298, 5.1602602005, 13.329328537, 11.6215429306, 46.020401001, 33.3906974792, 12.2509937286, 30.2730407715, 5.06732225418, 9.10133266449, 7.9760799408, 16.998790741, 7.6415476799, 7.51675796509, 3.79470872879, 6.53320407867, 6.21307468414, 11.6199073792, 77.3782958984, 159.276138306, 25.8404865265, 25.0118961334, 15.9240007401, 55.5449523926, 63.7977676392, 39.5161209106, 15.6115560532, 14.3263015747, 5.33386802673, 4.00202608109, 0.913388490677, 0.114158608019, 0.00632623909041, 0.000152109030751],
        "var": [0.0363887920976, 1.95822906494, 7.07127332687, 2.32627940178, 11.871887207, 12.5039482117, 31.8649311066, 26.6282844543, 177.671005249, 135.060256958, 2117.87744141, 1114.93859863, 150.086837769, 916.456970215, 25.6777534485, 82.8342514038, 63.6178512573, 288.958892822, 58.3932533264, 56.5016479492, 14.399813652, 42.6827583313, 38.6022987366, 135.022247314, 5987.40039062, 25368.8886719, 667.730773926, 625.594909668, 253.573806763, 3085.24194336, 4070.1550293, 1561.52392578, 243.720687866, 205.242919922, 28.4501457214, 16.0162124634, 0.834278523922, 0.0130321877077, 4.00212993554e-05, 2.31371579673e-08]
    },
    "gfcc": {
        "mean": [-27.6897830963, 34.7443695068, -75.3453140259, 46.5921936035, -76.0498809814, 21.2051563263, -31.1339054108, 26.3145389557, -26.3788089752, 12.2204561234, -14.5966863632, 0.414579898119, -14.8816022873],
        "cov": [[4826.97802734, -1077.77502441, -106.414680481, 387.057067871, 165.619873047, 296.958374023, 311.847747803, 187.243530273, 83.2634429932, 238.813812256, 39.2724685669, 38.2126922607, -190.353622437], [-1077.77502441, 1938.29663086, -454.902618408, -390.003356934, 251.794921875, -102.009506226, -66.8907623291, 25.2961120605, 64.4058074951, -86.3407669067, 123.0623703, -115.315750122, 37.430431366], [-106.414680481, -454.902618408, 850.44909668, 524.762512207, -78.3955841064, 14.7726268768, -9.73002719879, -82.5919647217, 70.6854171753, 58.5169487, -20.4260463715, 100.751907349, 35.2422103882], [387.057067871, -390.003356934, 524.762512207, 792.499694824, 127.253829956, 52.5378303528, 115.058883667, -14.1101999283, 93.8974914551, 121.833023071, 36.4257011414, 76.7515792847, 24.2450618744], [165.619873047, 251.794921875, -78.3955841064, 127.253829956, 352.260345459, 116.636032104, 47.6481399536, 48.7697792053, 78.1642074585, 20.9710731506, 29.0756797791, 41.2771759033, 21.695098877], [296.958374023, -102.009506226, 14.7726268768, 52.5378303528, 116.636032104, 300.306365967, 161.137298584, 40.949256897, 70.1687927246, 24.8806991577, 1.42460596561, 63.3547897339, 22.5832099915], [311.847747803, -66.8907623291, -9.73002719879, 115.058883667, 47.6481399536, 161.137298584, 291.074981689, 68.9340820312, 4.61423969269, 50.0009117126, 31.4796352386, 10.4702720642, -8.15849876404], [187.243530273, 25.2961120605, -82.5919647217, -14.1101999283, 48.7697792053, 40.949256897, 68.9340820312, 139.909088135, 56.3219680786, 26.1908588409, 20.182592392, -9.5082654953, -5.5172624588], [83.2634429932, 64.4058074951, 70.6854171753, 93.8974914551, 78.1642074585, 70.1687927246, 4.61423969269, 56.3219680786, 226.016082764, 66.176574707, -2.87060141563, 44.7503738403, 17.0905361176], [238.813812256, -86.3407669067, 58.5169487, 121.833023071, 20.9710731506, 24.8806991577, 50.0009117126, 26.1908588409, 66.176574707, 124.225669861, 37.657749176, 14.2766590118, -7.11672735214], [39.2724685669, 123.0623703, -20.4260463715, 36.4257011414, 29.0756797791, 1.42460596561, 31.4796352386, 20.182592392, -2.87060141563, 37.657749176, 89.2908401489, 9.66058540344, -7.85230493546], [38.2126922607, -115.315750122, 100.751907349, 76.7515792847, 41.2771759033, 63.3547897339, 10.4702720642, -9.5082654953, 44.7503738403, 14.2766590118, 9.66058540344, 120.671089172, 42.2077217102], [-190.353622437, 37.430431366, 35.2422103882, 24.2450618744, 21.695098877, 22.5832099915, -8.15849876404, -5.5172624588, 17.0905361176, -7.11672735214, -7.85230493546, 42.2077217102, 81.3760910034]],
        "icov": [[0.000332033552695, 0.000156350797624, 0.00020779472834, -0.00016545089602, -9.15937052923e-05, -0.000211720092921, 2.19387729885e-05, -0.000236489853705, 7.44143399061e-05, -0.000365247135051, 7.5155068771e-05, -0.000164761368069, 0.000778552959673], [0.000156350797624, 0.00140514003579, -4.48126374977e-05, 0.000890494964551, -0.00140574516263, 0.000902566651348, -0.000729878665879, 0.00107877003029, -0.00160482467618, 0.00136908772402, -0.00288295070641, 0.00203010300174, -0.00127660203725], [0.00020779472834, -4.48126374977e-05, 0.00304847187363, -0.00235184212215, 0.00166271277703, -0.000790461082943, 0.000862557033543, 0.00038716031122, -0.000183945259778, -8.07496908237e-05, 0.000974598515313, -0.00161490822211, 0.000739193346817], [-0.00016545089602, 0.000890494964551, -0.00235184212215, 0.00418851990253, -0.00275000440888, 0.00196669599973, -0.00213194638491, 0.00152325606905, -0.00134192313999, -0.000328317517415, -0.00239183660597, 0.00179358804598, -0.00185707642231], [-9.15937052923e-05, -0.00140574516263, 0.00166271277703, -0.00275000440888, 0.00611347751692, -0.00280810403638, 0.00187410844956, -0.00180984055623, 0.000793473911472, -0.000339218444424, 0.00183678802568, -0.00266476115212, 0.00110927375499], [-0.000211720092921, 0.000902566651348, -0.000790461082943, 0.00196669599973, -0.00280810403638, 0.00775177031755, -0.00478299614042, 0.00172540009953, -0.00274268700741, 0.00166879885364, -0.000941639125813, -0.000640520069283, -0.00195584865287], [2.19387729885e-05, -0.000729878665879, 0.000862557033543, -0.00213194638491, 0.00187410844956, -0.00478299614042, 0.00760189583525, -0.00351759861223, 0.00305947079323, -0.00228663976304, 0.000912106363103, -0.000620582664851, 0.00156740949024], [-0.000236489853705, 0.00107877003029, 0.00038716031122, 0.00152325606905, -0.00180984055623, 0.00172540009953, -0.00351759861223, 0.0119085218757, -0.00486939260736, 0.00175174407195, -0.00427925959229, 0.00350460736081, -0.0022672994528], [7.44143399061e-05, -0.00160482467618, -0.000183945259778, -0.00134192313999, 0.000793473911472, -0.00274268700741, 0.00305947079323, -0.00486939260736, 0.00969759188592, -0.00603108620271, 0.00597369624302, -0.00411353446543, 0.00206378404982], [-0.000365247135051, 0.00136908772402, -8.07496908237e-05, -0.000328317517415, -0.000339218444424, 0.00166879885364, -0.00228663976304, 0.00175174407195, -0.00603108620271, 0.0156724825501, -0.00835840404034, 0.0028456505388, -0.00147971999831], [7.5155068771e-05, -0.00288295070641, 0.000974598515313, -0.00239183660597, 0.00183678802568, -0.000941639125813, 0.000912106363103, -0.00427925959229, 0.00597369624302, -0.00835840404034, 0.0213844962418, -0.00740879634395, 0.00528600905091], [-0.000164761368069, 0.00203010300174, -0.00161490822211, 0.00179358804598, -0.00266476115212, -0.000640520069283, -0.000620582664851, 0.00350460736081, -0.00411353446543, 0.0028456505388, -0.00740879634395, 0.0167839005589, -0.00839811004698], [0.000778552959673, -0.00127660203725, 0.000739193346817, -0.00185707642231, 0.00110927375499, -0.00195584865287, 0.00156740949024, -0.0022672994528, 0.00206378404982, -0.00147971999831, 0.00528600905091, -0.00839811004698, 0.0194837413728]]
    },
    "melbands": {
        "dmean": [0.000758935406338, 0.000643853505608, 0.000129123945953, 0.000102969170257, 5.12295737281e-05, 3.52790630131e-05, 5.40177825314e-05, 3.72501999664e-05, 8.74416218721e-05, 3.99357995775e-05, 1.39914245665e-05, 1.8261724108e-05, 5.35932258572e-06, 4.95010635859e-06, 5.5030486692e-06, 5.71591317566e-06, 6.43891553409e-06, 3.68599171452e-06, 2.77152003036e-06, 2.46966510531e-06, 2.11959650187e-06, 2.66792289949e-06, 3.26438544107e-06, 2.58749719251e-06, 4.0844479372e-06, 5.76351430936e-06, 3.34205033141e-05, 2.55686827586e-05, 8.06857315183e-06, 6.79087634126e-06, 7.34954937798e-06, 3.83046881325e-06, 4.55930148746e-06, 1.67306789081e-05, 1.49729439727e-05, 1.25411061163e-05, 7.83256382419e-06, 5.01127124153e-06, 4.08747837355e-06, 5.67867755308e-06],
        "dmean2": [0.00122445146553, 0.00106532813516, 0.000214108265936, 0.000169191524037, 7.95780360932e-05, 5.14698731422e-05, 8.18271364551e-05, 5.74312907702e-05, 0.000123103425722, 5.84077897656e-05, 1.95959491975e-05, 2.73191471933e-05, 7.52309733798e-06, 7.69310918258e-06, 8.66450773174e-06, 8.33789272292e-06, 1.01096338767e-05, 5.74814976062e-06, 4.4306093514e-06, 4.14220539824e-06, 3.48396656591e-06, 4.47922138846e-06, 5.31461091668e-06, 4.22937500844e-06, 6.7430019044e-06, 8.79544950294e-06, 5.35048347956e-05, 4.12511326431e-05, 1.37090628414e-05, 1.10708206194e-05, 1.2330429854e-05, 6.50757920084e-06, 7.41567873774e-06, 2.85966561933e-05, 2.58416257566e-05, 1.93830910575e-05, 1.15646389531e-05, 7.54198936193e-06, 6.33712124909e-06, 8.89467810339e-06],
        "dvar": [2.61016225522e-06, 2.18515401684e-06, 7.10732095399e-08, 2.60630486082e-08, 1.08717417291e-08, 4.50537473995e-09, 1.33855797557e-08, 6.92425272675e-09, 5.48836460723e-08, 1.20016432348e-08, 1.03114827787e-09, 3.74866138131e-09, 2.88321228004e-10, 9.74296338052e-11, 2.30729532702e-10, 1.82374337854e-10, 4.25009277771e-10, 1.3907378027e-10, 4.49209072717e-11, 3.13788196815e-11, 1.87154475945e-11, 3.61427138218e-11, 4.68115615715e-11, 1.60152394818e-11, 7.29685339929e-11, 1.88292159642e-10, 1.06808508704e-08, 6.8774386186e-09, 2.67652816577e-10, 1.63599148117e-10, 2.95037189124e-10, 8.05709249319e-11, 1.18594564724e-10, 2.27489116433e-09, 2.71974998078e-09, 1.03623953862e-09, 3.2433988828e-10, 1.28312471759e-10, 5.86266035718e-11, 2.26764301781e-10],
        "dvar2": [6.93489346304e-06, 5.51229277335e-06, 1.82661807457e-07, 6.71656721352e-08, 2.37280755044e-08, 8.78631301049e-09, 2.87971690938e-08, 1.58835486985e-08, 9.33250561275e-08, 2.70231037547e-08, 1.83740822557e-09, 7.28212690149e-09, 3.91928406396e-10, 2.26673374515e-10, 5.29145394168e-10, 3.62556068501e-10, 9.1880369979e-10, 2.9482818964e-10, 1.00464400687e-10, 7.42085143335e-11, 4.91986278106e-11, 9.68584795702e-11, 1.24923127398e-10, 4.23956633688e-11, 2.01590716342e-10, 4.28291790922e-10, 2.49750087278e-08, 1.90430675673e-08, 7.09372782737e-10, 4.35752878225e-10, 7.76808506409e-10, 2.24076354693e-10, 3.04623715142e-10, 6.11610095902e-09, 7.59851648269e-09, 2.63010191404e-09, 6.08421590886e-10, 2.76411560307e-10, 1.44025125159e-10, 5.65916979944e-10],
        "max": [0.0150741711259, 0.0124561712146, 0.00327387824655, 0.00178937031887, 0.00153612357099, 0.001126369345, 0.00183025491424, 0.00132086279336, 0.00452352827415, 0.00179979938548, 0.000786252086982, 0.00136341934558, 0.000507657066919, 0.000141614844324, 0.000406077684602, 0.000324613589328, 0.000369969406165, 0.000224972827709, 0.000142158634844, 0.000117012321425, 5.70455304114e-05, 9.03217223822e-05, 0.00010902241047, 4.20805299655e-05, 9.52012342168e-05, 0.000238899578108, 0.00125390989706, 0.000956359494012, 0.000189208614756, 0.000128741303342, 0.000149776155013, 0.00010944197129, 9.2683454568e-05, 0.000361408747267, 0.000546791532543, 0.000395653536543, 0.000185387048987, 0.000127922088723, 7.25154677639e-05, 0.00019789050566],
        "mean": [0.00109300180338, 0.00072722195182, 0.000184418735444, 0.000194313834072, 9.21865866985e-05, 6.53023453197e-05, 0.000114826252684, 7.22068871255e-05, 0.000161604781169, 9.45592692005e-05, 3.00271221931e-05, 4.1961648094e-05, 9.3060079962e-06, 9.7701604318e-06, 1.00993638625e-05, 1.07829409899e-05, 1.08780523078e-05, 4.74544140161e-06, 3.64046604773e-06, 3.1890081118e-06, 2.65306607616e-06, 3.18075217365e-06, 4.5372198656e-06, 4.03168633056e-06, 5.23996823176e-06, 9.01239309314e-06, 4.71105740871e-05, 3.14299359161e-05, 8.89772309165e-06, 7.72212388256e-06, 7.48146385376e-06, 4.1968255573e-06, 4.9751165534e-06, 1.41854607136e-05, 1.27338989842e-05, 1.426804738e-05, 9.5297837106e-06, 5.11613734488e-06, 3.85732755603e-06, 5.08200400873e-06],
        "median": [0.000511666992679, 0.000231729718507, 7.95135783846e-05, 0.000102691461507, 3.2882882806e-05, 2.50309331022e-05, 3.87072141166e-05, 1.99878413696e-05, 3.77551805286e-05, 1.92623065232e-05, 8.23073332867e-06, 7.77241439209e-06, 3.00769966088e-06, 3.35532695317e-06, 2.94186384053e-06, 2.43092154051e-06, 1.74041110768e-06, 1.22922892842e-06, 1.15195007311e-06, 1.28461056192e-06, 1.07784671854e-06, 1.07402979665e-06, 1.7964697463e-06, 2.30510363508e-06, 2.15561681216e-06, 2.27253349294e-06, 3.30831676365e-06, 3.03030924442e-06, 2.67057930614e-06, 2.47844582191e-06, 1.99403848455e-06, 1.42269027492e-06, 1.39849146308e-06, 1.91413028006e-06, 2.32182992477e-06, 2.37314702645e-06, 1.78304856036e-06, 1.1440150729e-06, 8.22859078653e-07, 8.15009059352e-07],
        "min": [2.93006563457e-10, 8.52783677008e-10, 1.43000067343e-09, 1.80215320444e-09, 1.84777781964e-09, 1.42671374714e-09, 7.0873068525e-10, 1.84052426078e-10, 3.79654467586e-11, 4.05314393159e-11, 1.98778493665e-11, 3.10114781077e-12, 2.1098276121e-13, 3.55721094941e-12, 1.00607603845e-11, 6.43476634823e-12, 8.50398657742e-12, 7.33871036857e-12, 2.55292943903e-12, 5.60692247839e-12, 8.24866910887e-12, 5.69961959573e-12, 5.09100574198e-12, 2.45125083426e-11, 1.03751507385e-10, 7.49596704153e-11, 9.48920941823e-11, 4.26461192748e-11, 2.03194266968e-11, 8.32522453753e-11, 4.89969106954e-11, 7.48893447255e-11, 5.25053334144e-11, 2.2302923397e-11, 4.88441856406e-11, 5.43591283098e-11, 4.09735578799e-11, 5.96013099985e-11, 4.55247402276e-11, 2.60486132664e-10],
        "stdev": [0.00167240621522, 0.00145784742199, 0.00028881902108, 0.000252071098657, 0.000165098477737, 0.000111577515781, 0.000210464961128, 0.000138091301778, 0.000378750177333, 0.000209567704587, 5.93135519011e-05, 0.000129244246637, 2.850229248e-05, 1.77669062396e-05, 2.51873989328e-05, 2.66118495347e-05, 3.27608577209e-05, 1.45043886732e-05, 8.99445331015e-06, 7.00964346834e-06, 4.92689105158e-06, 6.69548444421e-06, 8.33962621982e-06, 5.03656610817e-06, 9.43525537878e-06, 1.88678150153e-05, 0.000137271810672, 9.61999903666e-05, 1.60515337484e-05, 1.23740610434e-05, 1.66903373611e-05, 8.45735667099e-06, 1.08014646685e-05, 4.22082084697e-05, 4.29191386502e-05, 3.38213030773e-05, 2.21581631195e-05, 1.22458022815e-05, 7.72326802689e-06, 1.44743098645e-05],
        "var": [2.79694245364e-06, 2.12531904253e-06, 8.34164239905e-08, 6.35398365034e-08, 2.72575064741e-08, 1.24495418419e-08, 4.42954970481e-08, 1.90692066582e-08, 1.43451700296e-07, 4.39186216283e-08, 3.51809759103e-09, 1.67040763444e-08, 8.12380718251e-10, 3.15662967987e-10, 6.34405084021e-10, 7.08190561749e-10, 1.07327369214e-09, 2.10377298915e-10, 8.09001823865e-11, 4.91351022369e-11, 2.42742562162e-11, 4.48295116307e-11, 6.95493593272e-11, 2.53669966976e-11, 8.90240450802e-11, 3.5599442838e-10, 1.88435507198e-08, 9.25443810473e-09, 2.57651733282e-10, 1.53117379886e-10, 2.78567363621e-10, 7.15268816398e-11, 1.1667163069e-10, 1.78153292119e-09, 1.8420523995e-09, 1.14388054584e-09, 4.90984197743e-10, 1.4995968356e-10, 5.96488622384e-11, 2.0950564894e-10]
    },
    "melbands128": {
