{
"lowlevel": {
    "average_loudness": 0.981775462627,
    "barkbands_crest": {
        "dmean": 2.13568854332,
        "dmean2": 3.52252984047,
        "dvar": 3.98823547363,
        "dvar2": 11.9967594147,
        "max": 23.9008216858,
        "mean": 9.64800357819,
        "median": 9.05212020874,
        "min": 3.68463540077,
        "stdev": 3.46244382858,
        "var": 11.9885168076
    },
    "barkbands_flatness_db": {
        "dmean": 0.0199666898698,
        "dmean2": 0.0301084369421,
        "dvar": 0.00037250641617,
        "dvar2": 0.000871616124641,
        "max": 0.301169902086,
        "mean": 0.17816105485,
        "median": 0.175393298268,
        "min": 0.0711116716266,
        "stdev": 0.0382096841931,
        "var": 0.00145997991785
    },
    "barkbands_kurtosis": {
        "dmean": 2.77985310555,
        "dmean2": 4.3399271965,
        "dvar": 16.3181858063,
        "dvar2": 43.5798225403,
        "max": 65.18409729,
        "mean": 6.77343845367,
        "median": 4.73740005493,
        "min": -1.10326814651,
        "stdev": 7.22355175018,
        "var": 52.1796989441
    },
    "barkbands_skewness": {
        "dmean": 0.421555459499,
        "dmean2": 0.643938481808,
        "dvar": 0.187072351575,
        "dvar2": 0.479960411787,
        "max": 6.75037670135,
        "mean": 1.9143487215,
        "median": 1.78289973736,
        "min": -1.73951089382,
        "stdev": 1.02967023849,
        "var": 1.06022083759
    },
    "barkbands_spread": {
        "dmean": 2.41383337975,
        "dmean2": 3.81095051765,
        "dvar": 11.5510492325,
        "dvar2": 28.8435325623,
        "max": 49.866519928,
        "mean": 11.0207014084,
        "median": 10.6698617935,
        "min": 2.03787589073,
        "stdev": 5.263463974,
        "var": 27.7040519714
    },
    "dissonance": {
        "dmean": 0.0247191116214,
        "dmean2": 0.0402612090111,
        "dvar": 0.000623563828412,
        "dvar2": 0.00144349387847,
        "max": 0.497877806425,
        "mean": 0.44001814723,
        "median": 0.446150273085,
        "min": 0.0763252973557,
        "stdev": 0.0361649356782,
        "var": 0.00130790262483
    },
    "dynamic_complexity": 1.04183936119,
    "erbbands_crest": {
        "dmean": 2.21183609962,
        "dmean2": 3.43203139305,
        "dvar": 4.37818574905,
        "dvar2": 9.70846366882,
        "max": 26.9483299255,
        "mean": 9.8813829422,
        "median": 8.99427318573,
        "min": 2.99488520622,
        "stdev": 4.2777838707,
        "var": 18.2994346619
    },
    "erbbands_flatness_db": {
        "dmean": 0.0153446784243,
        "dmean2": 0.0213201902807,
        "dvar": 0.000249095348408,
        "dvar2": 0.000439535680925,
        "max": 0.28550824523,
        "mean": 0.173802122474,
        "median": 0.176349505782,
        "min": 0.0718676745892,
        "stdev": 0.0375505052507,
        "var": 0.00141004053876
    },
    "erbbands_kurtosis": {
        "dmean": 0.92217874527,
        "dmean2": 1.44828939438,
        "dvar": 1.47334897518,
        "dvar2": 3.35152435303,
        "max": 18.9225215912,
        "mean": 1.35428631306,
        "median": 0.778856992722,
        "min": -1.63645470142,
        "stdev": 2.38860869408,
        "var": 5.70545101166
    },
    "erbbands_skewness": {
        "dmean": 0.280980855227,
        "dmean2": 0.430206418037,
        "dvar": 0.0715264230967,
        "dvar2": 0.149268448353,
        "max": 3.89402627945,
        "mean": 0.733400285244,
        "median": 0.650403678417,
        "min": -0.88208013773,
        "stdev": 0.706373393536,
        "var": 0.498963356018
    },
    "erbbands_spread": {
        "dmean": 5.51247930527,
        "dmean2": 7.9691734314,
        "dvar": 49.4722328186,
        "dvar2": 88.8805007935,
        "max": 120.713630676,
        "mean": 29.2409057617,
        "median": 24.7122306824,
        "min": 6.85949087143,
        "stdev": 15.3396530151,
        "var": 235.304962158
    },
    "hfc": {
        "dmean": 3.85493922234,
        "dmean2": 5.96157646179,
        "dvar": 19.7958221436,
        "dvar2": 45.3954849243,
        "max": 61.3279533386,
        "mean": 21.8407764435,
        "median": 22.142332077,
        "min": 1.13330599593e-16,
        "stdev": 8.50953578949,
        "var": 72.4121932983
    },
    "loudness_ebu128": {
        "integrated": -6.8040304184,
        "loudness_range": 1.06816005707,
        "momentary": {
            "dmean": 0.23215675354,
            "dmean2": 0.267481327057,
            "dvar": 0.0394425988197,
            "dvar2": 0.0608786195517,
            "max": -5.5854177475,
            "mean": -6.85035419464,
            "median": -6.78997993469,
            "min": -9.35091972351,
            "stdev": 0.645058333874,
            "var": 0.416100233793
        },
        "short_term": {
            "dmean": 0.03173654899,
            "dmean2": 0.0377754867077,
            "dvar": 0.000580095511395,
            "dvar2": 0.00117207341827,
            "max": -6.02653503418,
            "mean": -6.7902097702,
            "median": -6.8052482605,
            "min": -7.41895294189,
            "stdev": 0.352230191231,
            "var": 0.124066114426
        }
    },
    "melbands_crest": {
        "dmean": 2.68968868256,
        "dmean2": 4.45925760269,
        "dvar": 6.32347679138,
        "dvar2": 18.540348053,
        "max": 26.31432724,
        "mean": 13.3104352951,
        "median": 12.7835502625,
        "min": 2.05258917809,
        "stdev": 3.85593318939,
        "var": 14.8682203293
    },
    "melbands_flatness_db": {
        "dmean": 0.0234497599304,
        "dmean2": 0.0359209887683,
        "dvar": 0.000610691553447,
        "dvar2": 0.00142536056228,
        "max": 0.411980777979,
        "mean": 0.258023619652,
        "median": 0.254698574543,
        "min": 0.00488370237872,
        "stdev": 0.0448789559305,
        "var": 0.00201412080787
    },
    "melbands_kurtosis": {
        "dmean": 5.25149202347,
        "dmean2": 7.88000440598,
        "dvar": 66.774887085,
        "dvar2": 178.034606934,
        "max": 131.410491943,
        "mean": 13.0310821533,
        "median": 8.34404087067,
        "min": -1.17760634422,
        "stdev": 14.4603776932,
        "var": 209.102523804
    },
    "melbands_skewness": {
        "dmean": 0.547590613365,
        "dmean2": 0.823000609875,
        "dvar": 0.354604512453,
        "dvar2": 0.871310949326,
        "max": 8.7327413559,
        "mean": 2.49686837196,
        "median": 2.17640304565,
        "min": 0.0834179669619,
        "stdev": 1.37913763523,
        "var": 1.90202069283
    },
    "melbands_spread": {
        "dmean": 2.52329206467,
        "dmean2": 3.95696616173,
        "dvar": 17.1446437836,
        "dvar2": 30.3530445099,
        "max": 121.760848999,
        "mean": 11.7752952576,
        "median": 10.9509048462,
        "min": 1.51900780201,
        "stdev": 6.35222530365,
        "var": 40.3507652283
    },
    "pitch_salience": {
        "dmean": 0.0587340183556,
        "dmean2": 0.0973092541099,
        "dvar": 0.00289699155837,
        "dvar2": 0.00795952603221,
        "max": 0.792859613895,
        "mean": 0.536080658436,
        "median": 0.529708623886,
        "min": 0.236440315843,
        "stdev": 0.0792627632618,
        "var": 0.00628258520737
    },
    "silence_rate_20dB": {
        "dmean": 0,
        "dmean2": 0,
        "dvar": 0,
        "dvar2": 0,
        "max": 1,
        "mean": 1,
        "median": 1,
        "min": 1,
        "stdev": 0,
        "var": 0
    },
    "silence_rate_30dB": {
        "dmean": 0.0030959751457,
        "dmean2": 0.00619674660265,
        "dvar": 0.0030863834545,
        "dvar2": 0.00925669725984,
        "max": 1,
        "mean": 0.998453199863,
        "median": 1,
        "min": 0,
        "stdev": 0.0392988137901,
        "var": 0.00154439662583
    },
    "silence_rate_60dB": {
        "dmean": 0.000773993786424,
        "dmean2": 0.00154918665066,
        "dvar": 0.000773391744588,
        "dvar2": 0.00154677091632,
        "max": 1,
        "mean": 0.00154679035768,
        "median": 0,
        "min": 0,
        "stdev": 0.0392987206578,
        "var": 0.00154438940808
    },
    "spectral_centroid": {
        "dmean": 109.967300415,
        "dmean2": 173.127960205,
        "dvar": 103007.65625,
        "dvar2": 138525.640625,
        "max": 11022.4853516,
        "mean": 616.352722168,
        "median": 579.628051758,
        "min": 246.490203857,
        "stdev": 354.881134033,
        "var": 125940.617188
    },
    "spectral_complexity": {
        "dmean": 2.61919498444,
        "dmean2": 4.37412881851,
        "dvar": 8.63981056213,
        "dvar2": 21.5370807648,
        "max": 38,
        "mean": 17.131477356,
        "median": 17,
        "min": 0,
        "stdev": 4.55146837234,
        "var": 20.7158641815
    },
    "spectral_decrease": {
        "dmean": 2.94649904475e-09,
        "dmean2": 4.82153561521e-09,
        "dvar": 1.08456745544e-17,
        "dvar2": 3.00286679389e-17,
        "max": 4.91740801482e-29,
        "mean": -1.31362423161e-08,
        "median": -1.26263826061e-08,
        "min": -3.57540841378e-08,
        "stdev": 4.40101866062e-09,
        "var": 1.93689634385e-17
    },
    "spectral_energy": {
        "dmean": 0.0113427089527,
        "dmean2": 0.0185192748904,
        "dvar": 0.000159421149874,
        "dvar2": 0.000439393392298,
        "max": 0.137577593327,
        "mean": 0.0515602491796,
        "median": 0.049729835242,
        "min": 1.00938240977e-20,
        "stdev": 0.0170497056097,
        "var": 0.000290692492854
    },
    "spectral_energyband_high": {
        "dmean": 0.000164987839526,
        "dmean2": 0.000248265219852,
        "dvar": 1.07587375453e-07,
        "dvar2": 2.45699709467e-07,
        "max": 0.00470436783507,
        "mean": 0.000350593123585,
        "median": 0.000188387799426,
        "min": 7.23855656626e-21,
        "stdev": 0.000485586875584,
        "var": 2.35794601622e-07
    },
    "spectral_energyband_low": {
        "dmean": 0.00864761415869,
        "dmean2": 0.0146807618439,
        "dvar": 0.000144351448398,
        "dvar2": 0.000420612632297,
        "max": 0.101965509355,
        "mean": 0.0196729172021,
        "median": 0.0162422563881,
        "min": 2.71394751786e-23,
        "stdev": 0.0140103772283,
        "var": 0.000196290682652
    },
    "spectral_energyband_middle_high": {
        "dmean": 0.00142593681812,
        "dmean2": 0.00217644846998,
        "dvar": 3.10652762892e-06,
        "dvar2": 7.31620821171e-06,
        "max": 0.0330577641726,
        "mean": 0.00585988676175,
        "median": 0.00468967529014,
        "min": 1.44872636645e-21,
        "stdev": 0.0043761539273,
        "var": 1.91507242562e-05
    },
    "spectral_energyband_middle_low": {
        "dmean": 0.00721812015399,
        "dmean2": 0.0116454865783,
        "dvar": 6.90327578923e-05,
        "dvar2": 0.000187823345186,
        "max": 0.0934364572167,
        "mean": 0.0317350327969,
        "median": 0.030545996502,
        "min": 2.70755439975e-22,
        "stdev": 0.0129227172583,
        "var": 0.000166996615008
    },
    "spectral_entropy": {
        "dmean": 0.176899150014,
        "dmean2": 0.249513536692,
        "dvar": 0.0384033508599,
        "dvar2": 0.0758954808116,
        "max": 9.80497646332,
        "mean": 7.07603740692,
        "median": 7.04653930664,
        "min": 5.76604890823,
        "stdev": 0.398308306932,
        "var": 0.158649504185
    },
    "spectral_flux": {
        "dmean": 0.0272217616439,
        "dmean2": 0.042861610651,
        "dvar": 0.000712318986189,
        "dvar2": 0.00150644080713,
        "max": 0.2824678123,
        "mean": 0.0931995511055,
        "median": 0.0826014950871,
        "min": 1.0046802279e-10,
        "stdev": 0.0427328534424,
        "var": 0.00182609679177
    },
    "spectral_kurtosis": {
        "dmean": 2.73608160019,
        "dmean2": 4.33971118927,
        "dvar": 9.75423049927,
        "dvar2": 23.616153717,
        "max": 38.5931892395,
        "mean": 8.00698852539,
        "median": 7.04222583771,
        "min": -1.21487510204,
        "stdev": 4.72284412384,
        "var": 22.3052577972
    },
    "spectral_rms": {
        "dmean": 0.000774636457209,
        "dmean2": 0.00125259149354,
        "dvar": 6.5518855763e-07,
        "dvar2": 1.70653140685e-06,
        "max": 0.0115854237229,
        "mean": 0.00699061807245,
        "median": 0.00696540810168,
        "min": 3.13809395136e-12,
        "stdev": 0.001197489677,
        "var": 1.43398165164e-06
    },
    "spectral_rolloff": {
        "dmean": 146.931915283,
        "dmean2": 242.602584839,
        "dvar": 313198.0625,
        "dvar2": 395490.3125,
        "max": 18970.7519531,
        "mean": 664.829772949,
        "median": 645.99609375,
        "min": 150.732421875,
        "stdev": 605.196716309,
        "var": 366263.03125
    },
    "spectral_skewness": {
        "dmean": 0.314085096121,
        "dmean2": 0.472884595394,
        "dvar": 0.101155802608,
        "dvar2": 0.228134617209,
        "max": 5.0077753067,
        "mean": 2.26551890373,
        "median": 2.25939011574,
        "min": -0.0159903150052,
        "stdev": 0.582203507423,
        "var": 0.338960945606
    },
    "spectral_spread": {
        "dmean": 533874.125,
        "dmean2": 691461.6875,
        "dvar": 813143883776,
        "dvar2": 896232456192,
        "max": 40753972,
        "mean": 4063287.5,
        "median": 3800454,
        "min": 1563591.25,
        "stdev": 1727770.25,
        "var": 2.98518996582e+12
    },
    "spectral_strongpeak": {
        "dmean": 0.464190304279,
        "dmean2": 0.805871069431,
        "dvar": 0.429963231087,
        "dvar2": 1.05627560616,
        "max": 6.85415077209,
        "mean": 1.17146086693,
        "median": 0.798077523708,
        "min": 0,
        "stdev": 0.985051035881,
        "var": 0.97032558918
    },
    "zerocrossingrate": {
        "dmean": 0.00561825791374,
        "dmean2": 0.00722209969535,
        "dvar": 0.000211695980397,
        "dvar2": 0.000235966057517,
        "max": 0.494140625,
        "mean": 0.0326676405966,
        "median": 0.03125,
        "min": 0.0029296875,
        "stdev": 0.0176191125065,
        "var": 0.000310433097184
    },
    "barkbands": {
        "dmean": [4.88560217491e-05, 0.00420360546559, 0.00448163179681, 0.00380041915923, 0.00299925124273, 0.00235109287314, 0.00134159135632, 0.000958199903835, 0.00124220934231, 0.000844824593514, 0.000322942796629, 0.000437951763161, 0.0003759379033, 0.000394325470552, 0.000167924998095, 9.2013135145e-05, 7.67820019973e-05, 5.17157823197e-05, 5.05475545651e-05, 4.56686320831e-05, 4.29658393841e-05, 4.09019085055e-05, 4.61095260107e-05, 1.9400522433e-05, 1.78859281732e-05, 1.54033023136e-05, 6.37483651644e-07],
        "dmean2": [7.66533776186e-05, 0.00706321094185, 0.00786816515028, 0.00662945723161, 0.00490828137845, 0.00347646744922, 0.0020646629855, 0.00143366516568, 0.00186435703654, 0.00126132729929, 0.000508366094436, 0.000707342755049, 0.000612016476225, 0.000621750135906, 0.000275287893601, 0.000153488552314, 0.000129202875542, 8.68554925546e-05, 8.64695030032e-05, 8.07261094451e-05, 7.13733388693e-05, 6.44217579975e-05, 7.00774762663e-05, 2.84786765405e-05, 2.7384947316e-05, 2.36714531638e-05, 1.02711658201e-06],
        "dvar": [1.44573784056e-08, 4.35616202594e-05, 5.30058969161e-05, 4.52462554676e-05, 2.33710834436e-05, 1.91982526303e-05, 5.15954980074e-06, 3.522103043e-06, 3.74505611944e-06, 1.86139664038e-06, 3.18691036227e-07, 3.18882598549e-07, 3.96544322712e-07, 3.44103511907e-07, 7.48779527271e-08, 2.05278851695e-08, 1.53013228754e-08, 8.78122641268e-09, 1.33411202086e-08, 1.79613905971e-08, 9.54736023573e-09, 7.12319270235e-09, 7.26648696769e-09, 2.30478347518e-09, 1.95894167554e-09, 1.17956167056e-09, 7.08728561949e-12],
        "dvar2": [2.96159843316e-08, 0.000122436176753, 0.000156431895448, 0.000146998863784, 6.46597836749e-05, 3.67305874533e-05, 1.07126261355e-05, 8.60419095261e-06, 7.13606777936e-06, 4.02992509407e-06, 7.52664675474e-07, 8.3239859805e-07, 1.00531747194e-06, 7.87469218722e-07, 1.69753832324e-07, 4.79019277577e-08, 3.96957560156e-08, 2.36967654388e-08, 3.62733949544e-08, 5.08669231181e-08, 2.63682586876e-08, 1.63359175076e-08, 1.61465507631e-08, 4.57025128853e-09, 4.3986156939e-09, 2.65946331623e-09, 1.65775518313e-11],
        "max": [0.00135397841223, 0.0507503002882, 0.0674929022789, 0.0677424371243, 0.0565087981522, 0.0631335228682, 0.040534414351, 0.0287501458079, 0.0328214131296, 0.0286041423678, 0.0105338338763, 0.00582651793957, 0.0109398877248, 0.0101944794878, 0.00542092416435, 0.00260634836741, 0.00193912012037, 0.0011021111859, 0.00101620517671, 0.00138531776611, 0.000930362788495, 0.00115268467925, 0.00128165143542, 0.000957176380325, 0.000737221562304, 0.000593321747147, 7.03230471117e-05],
        "mean": [5.54315192858e-05, 0.00585657497868, 0.00783916283399, 0.00896993931383, 0.0069346120581, 0.00701826019213, 0.00344689795747, 0.00210086046718, 0.00298895430751, 0.00190587260295, 0.00066171924118, 0.00082347629359, 0.00081579113612, 0.00092753872741, 0.000334865035256, 0.000181189345312, 0.000157676913659, 9.07627254492e-05, 7.36400543246e-05, 5.52286655875e-05, 7.32110493118e-05, 6.69045912218e-05, 8.59967913129e-05, 3.56389682565e-05, 3.58457509719e-05, 2.33774535445e-05, 8.77056663739e-07],
        "median": [6.75665705785e-06, 0.00314194103703, 0.0060232533142, 0.00720853917301, 0.00448387209326, 0.00277748564258, 0.0014435837511, 0.000755994929932, 0.00141361390706, 0.000890273076948, 0.000255346036283, 0.000553094723728, 0.00037168560084, 0.000481407041661, 0.000195377331693, 0.000119478921988, 9.86945815384e-05, 5.71350246901e-05, 4.21818658651e-05, 2.06484364753e-05, 3.35597505909e-05, 3.20482977259e-05, 4.72108913527e-05, 1.38989698826e-05, 1.33726362037e-05, 7.45856777939e-06, 5.3992373239e-08],
        "min": [3.49107238162e-24, 9.70080872268e-24, 1.09477942877e-23, 7.22029398192e-24, 6.83307340243e-23, 5.50636082115e-23, 2.36993852995e-23, 4.34023129008e-23, 6.66227428795e-23, 4.57496221668e-23, 8.86517215231e-23, 1.55705037306e-22, 1.54718229112e-22, 1.25797906751e-22, 1.32479167343e-22, 1.16850040519e-22, 7.38093667002e-23, 2.29899286087e-22, 2.21412051514e-22, 3.02825576646e-22, 3.79603401689e-22, 6.10545625002e-22, 5.01497582919e-22, 6.86400217728e-22, 1.31806959402e-21, 1.62676437153e-21, 2.19987149101e-21],
        "stdev": [0.000147120459587, 0.00759386224672, 0.00721711432561, 0.00752573693171, 0.00706914439797, 0.00976631324738, 0.00587585475296, 0.0036929815542, 0.00386847462505, 0.00239130062982, 0.00102657731622, 0.000831956858747, 0.00120771792717, 0.00114832888357, 0.000438870338257, 0.000209900419577, 0.000182080839295, 0.000101514568087, 0.000108763793833, 0.0001142248002, 0.000109922519187, 0.000114624162961, 0.000133392153657, 6.83291291352e-05, 6.96989445714e-05, 5.12779079145e-05, 4.53663460576e-06],
        "var": [2.16444284717e-08, 5.76667407586e-05, 5.20867397427e-05, 5.66367198189e-05, 4.99728012073e-05, 9.53808703343e-05, 3.4525670344e-05, 1.36381131597e-05, 1.49650950334e-05, 5.7183183344e-06, 1.05386095584e-06, 6.92152184456e-07, 1.45858257383e-06, 1.31865920139e-06, 1.92607174654e-07, 4.40581864325e-08, 3.31534337761e-08, 1.03052082423e-08, 1.18295631069e-08, 1.30473045701e-08, 1.208296041e-08, 1.31386981295e-08, 1.7793466256e-08, 4.66886973527e-09, 4.85794293681e-09, 2.62942401186e-09, 2.0581054222e-11]
    },
    "erbbands": {
        "dmean": [0.0714780762792, 1.11715614796, 4.18562078476, 10.2072629929, 8.13051128387, 12.9019508362, 14.6112012863, 20.9740886688, 19.6798114777, 16.5017719269, 23.6647720337, 27.5527458191, 25.2410564423, 20.8668785095, 13.7138233185, 14.4184436798, 16.5011119843, 17.9131526947, 13.6720924377, 6.71546125412, 4.78579473495, 3.43373513222, 2.52407002449, 2.8590900898, 2.3874437809, 2.11121821404, 1.82660877705, 1.62558782101, 1.51386702061, 1.17195725441, 1.37338685989, 0.656168401241, 0.227789267898, 0.203139290214, 0.137238577008, 0.106831766665, 0.0189096257091, 0.00242038583383, 7.33263805159e-05, 1.35088712341e-05],
        "dmean2": [0.117194399238, 1.8931709528, 7.29103755951, 17.6954574585, 13.6340017319, 21.275094986, 22.398141861, 30.6172790527, 30.833940506, 24.1316452026, 34.9806442261, 40.4624023438, 37.631313324, 31.6442470551, 21.6843357086, 23.5312309265, 26.4673633575, 27.8842716217, 22.1580963135, 11.3859453201, 7.79475545883, 5.69897031784, 4.22103261948, 4.90407848358, 4.18464851379, 3.72086000443, 3.11826014519, 2.68050265312, 2.41264200211, 1.83986020088, 2.07924437523, 0.986558377743, 0.332083314657, 0.324369668961, 0.204592987895, 0.164797455072, 0.0289176777005, 0.0036493644584, 0.000112119567348, 2.17568085645e-05],
        "dvar": [0.0218841079623, 2.92067956924, 43.7267112732, 327.254852295, 137.03515625, 452.203063965, 784.528747559, 1709.61645508, 1019.25848389, 1332.72680664, 2253.44555664, 1809.52075195, 1878.31091309, 925.628479004, 390.376342773, 393.06741333, 835.412353516, 929.129333496, 428.538085938, 80.1036148071, 62.4062309265, 25.129573822, 16.5826854706, 43.432636261, 40.3070449829, 37.0710029602, 19.0984172821, 12.9881076813, 10.2728815079, 6.52138996124, 5.79128313065, 2.60826134682, 0.275289356709, 0.260385721922, 0.109673760831, 0.0455605015159, 0.00338268047199, 7.80256232247e-05, 8.61237055005e-08, 2.34577635094e-10],
        "dvar2": [0.0581373348832, 8.10549736023, 125.139350891, 1061.4942627, 414.259674072, 1214.07873535, 1583.42504883, 3305.8347168, 2173.83642578, 2767.64819336, 5275.01416016, 3620.921875, 3932.03613281, 2269.14892578, 955.429443359, 1076.01550293, 2093.04223633, 2210.75292969, 938.620544434, 223.796157837, 148.355148315, 65.0071563721, 42.9563941956, 118.939460754, 111.381477356, 103.945922852, 52.8843421936, 35.5901641846, 24.8683891296, 13.4134244919, 12.3567972183, 5.25564098358, 0.593626856804, 0.638402938843, 0.248266413808, 0.110120236874, 0.00741830281913, 0.000158983297297, 1.94486986516e-07, 6.09678751928e-10],
        "max": [1.39603209496, 13.6781072617, 59.3293151855, 200.599822998, 124.990936279, 234.775100708, 471.486022949, 637.816467285, 712.657775879, 716.575866699, 888.320068359, 647.049377441, 709.679870605, 360.117706299, 388.048492432, 291.214660645, 576.683166504, 783.694152832, 332.375183105, 124.399238586, 113.167633057, 64.1753158569, 50.2087097168, 67.858253479, 54.5214385986, 67.2481842041, 48.3138885498, 48.1843719482, 44.0074691772, 40.5901222229, 35.4021720886, 34.5704269409, 7.84610080719, 7.71440267563, 5.63798427582, 2.88453626633, 1.13002467155, 0.257099121809, 0.00888757687062, 0.000242838345002],
        "mean": [0.0990029871464, 1.60154986382, 7.37187767029, 24.4434127808, 20.8255004883, 26.2693653107, 36.5392570496, 62.6278038025, 56.3547897339, 37.6445999146, 54.6443634033, 66.3691177368, 59.7665634155, 51.2899436951, 32.8575973511, 30.5600128174, 38.3984375, 45.9627914429, 29.9254722595, 14.2248439789, 10.3538408279, 7.58265304565, 5.34625530243, 4.4753818512, 3.17783856392, 2.67292666435, 2.97141504288, 2.72475171089, 2.40741658211, 2.26412940025, 2.48210883141, 1.20497357845, 0.436640113592, 0.397884696722, 0.249669328332, 0.146553322673, 0.0319639965892, 0.00421328609809, 0.000138653893373, 6.20604259893e-05],
        "median": [0.0362988375127, 0.939201235771, 5.5913567543, 19.4025535583, 16.7563686371, 14.7240667343, 17.329000473, 21.5087738037, 25.7608203888, 21.144952774, 23.3476390839, 34.4715576172, 31.4164848328, 29.3512096405, 21.2000255585, 20.677772522, 17.705121994, 23.3227291107, 19.3053836823, 9.62263584137, 6.80003452301, 5.42830133438, 3.58216619492, 2.79250621796, 1.62254595757, 1.05840218067, 1.26597559452, 1.3515714407, 1.14439082146, 1.08708965778, 1.34250926971, 0.566665828228, 0.158187255263, 0.144953027368, 0.089238293469, 0.0476178638637, 0.00791255477816, 0.000664937368128, 4.52828535344e-05, 5.91193238506e-05],
        "min": [4.12467170296e-22, 1.66572183188e-21, 8.81237673377e-21, 2.31126509298e-20, 5.66362487479e-20, 3.56359876892e-19, 2.56332208289e-19, 5.48406322161e-19, 3.54367147098e-19, 5.94355946694e-19, 1.05101692708e-18, 1.39849606367e-18, 1.51861013324e-18, 2.72466200701e-18, 3.4546613053e-18, 6.56899238245e-18, 5.55031242706e-18, 7.52558498825e-18, 8.00689243537e-18, 4.61953157869e-18, 7.19671617467e-18, 4.35855650902e-18, 1.29912255534e-17, 1.19692496969e-17, 1.03364762314e-17, 1.66770447557e-17, 1.30550284756e-17, 1.64940244277e-17, 1.89196736714e-17, 2.08514133713e-17, 1.3909811278e-17, 1.30885739582e-17, 1.18493076809e-17, 1.26114462547e-17, 1.04263783563e-17, 5.14790146676e-18, 3.45368895449e-18, 1.2459050221e-18, 2.74902076999e-19, 3.41211453378e-20],
        "stdev": [0.180797427893, 1.89887940884, 6.4921298027, 20.0852146149, 15.6092205048, 32.7359886169, 49.1029052734, 90.8387374878, 99.4245300293, 54.7601089478, 85.5109100342, 84.369430542, 78.1860656738, 54.5805931091, 34.5371665955, 30.7475013733, 55.6969451904, 63.123008728, 34.0698547363, 14.62084198, 11.6120910645, 7.46432113647, 5.38884496689, 6.06835651398, 5.57181739807, 5.30151033401, 4.8421998024, 3.94072890282, 4.14268827438, 4.0899181366, 3.74480080605, 2.25650525093, 0.813961088657, 0.760386765003, 0.502116024494, 0.279503911734, 0.0884905084968, 0.0166133008897, 0.000516708998475, 2.31029680435e-05],
        "var": [0.0326877124608, 3.60574293137, 42.1477470398, 403.41583252, 243.647766113, 1071.64489746, 2411.09545898, 8251.67675781, 9885.23730469, 2998.66943359, 7312.11523438, 7118.20019531, 6113.06054688, 2979.04125977, 1192.8157959, 945.408813477, 3102.1496582, 3984.5144043, 1160.75488281, 213.76902771, 134.840667725, 55.716091156, 29.0396518707, 36.8249511719, 31.0451507568, 28.106010437, 23.4468994141, 15.529343605, 17.1618652344, 16.7274303436, 14.0235338211, 5.09181594849, 0.662532627583, 0.578188061714, 0.252120524645, 0.0781224295497, 0.00783056952059, 0.000276001752354, 2.66988195108e-07, 5.33747157583e-10]
    },
    "gfcc": {
        "mean": [20.2280254364, 129.977645874, -100.683433533, 16.7018451691, -59.9963798523, 20.3528118134, -41.0224456787, -0.219613298774, -23.5226249695, -1.83448600769, -22.3979816437, -2.94143486023, -15.7071380615],
        "cov": [[3011.08837891, -429.454864502, -194.589294434, 71.5497207642, -220.544631958, 112.612968445, -48.9058036804, 92.4658126831, -130.836593628, 138.050598145, -161.055938721, 9.35164642334, -82.5522689819], [-429.454864502, 663.711975098, -160.367233276, -159.112091064, 106.53250885, -65.7694549561, 81.4901123047, -57.22397995, 95.1895141602, -74.9843444824, 126.699363708, -53.4482765198, 44.1714401245], [-194.589294434, -160.367233276, 341.971679688, 86.7158432007, -8.80583667755, 27.6769695282, -66.7257003784, 5.25455760956, -0.946424365044, 14.4676570892, -4.52773284912, 67.5593338013, 14.2517700195], [71.5497207642, -159.112091064, 86.7158432007, 293.348144531, -0.830803394318, -10.2609624863, -12.6233797073, 32.1627883911, 25.1968975067, -23.9806518555, 9.23655033112, 19.3395805359, 39.6843719482], [-220.544631958, 106.53250885, -8.80583667755, -0.830803394318, 166.605316162, -17.0156230927, 37.5009346008, 13.9459667206, -9.79555034637, -13.7377672195, 5.77636146545, -12.3709478378, -6.1947054863], [112.612968445, -65.7694549561, 27.6769695282, -10.2609624863, -17.0156230927, 147.995895386, -6.26424074173, -6.7995672226, 6.79582500458, 13.4731397629, -8.36252117157, 7.99700927734, -4.55126619339], [-48.9058036804, 81.4901123047, -66.7257003784, -12.6233797073, 37.5009346008, -6.26424074173, 112.379135132, 25.5583782196, -2.34298872948, 12.1192808151, 1.48805272579, -23.7188453674, -10.0923233032], [92.4658126831, -57.22397995, 5.25455760956, 32.1627883911, 13.9459667206, -6.7995672226, 25.5583782196, 78.8632583618, 2.89866042137, 10.9089775085, -12.5088701248, -1.75320029259, 0.195605248213], [-130.836593628, 95.1895141602, -0.946424365044, 25.1968975067, -9.79555034637, 6.79582500458, -2.34298872948, 2.89866042137, 100.23184967, -18.5890235901, 33.6940460205, 1.96594488621, 33.2166481018], [138.050598145, -74.9843444824, 14.4676570892, -23.9806518555, -13.7377672195, 13.4731397629, 12.1192808151, 10.9089775085, -18.5890235901, 82.2068252563, -9.59502601624, 9.99332332611, -17.0097236633], [-161.055938721, 126.699363708, -4.52773284912, 9.23655033112, 5.77636146545, -8.36252117157, 1.48805272579, -12.5088701248, 33.6940460205, -9.59502601624, 112.067939758, 9.9507856369, 26.8067436218], [9.35164642334, -53.4482765198, 67.5593338013, 19.3395805359, -12.3709478378, 7.99700927734, -23.7188453674, -1.75320029259, 1.96594488621, 9.99332332611, 9.9507856369, 86.6198348999, 15.9954118729], [-82.5522689819, 44.1714401245, 14.2517700195, 39.6843719482, -6.1947054863, -4.55126619339, -10.0923233032, 0.195605248213, 33.2166481018, -17.0097236633, 26.8067436218, 15.9954118729, 70.4440231323]],
        "icov": [[0.000629812420812, -0.000617396784946, 0.000710925844032, -0.000808243872598, 0.000981687335297, -0.000692548404913, 0.00105856207665, -0.00122784101404, 0.00111503608059, -0.00116228801198, 0.000911246053874, -0.000457585469121, 0.000584052875638], [-0.000617396784946, 0.00682294787839, -0.000260050990619, 0.0045530484058, -0.00391021138057, 0.00275455950759, -0.00495337601751, 0.00512789422646, -0.00562120554969, 0.00479397922754, -0.0052980221808, 0.00214717234485, -0.00306720030494], [0.000710925844032, -0.000260050990619, 0.00501423422247, -0.00172585435212, 0.000337150820997, -0.00125321478117, 0.0031366685871, -0.00151252781507, 0.00103948265314, -0.00199547130615, 0.000946343236137, -0.00279432162642, 0.000658643082716], [-0.000808243872598, 0.0045530484058, -0.00172585435212, 0.00760671449825, -0.00285130902193, 0.00241830130108, -0.00381765351631, 0.00212711747736, -0.00439020385966, 0.00497115030885, -0.00382514833473, 0.00162088905927, -0.00402747141197], [0.000981687335297, -0.00391021138057, 0.000337150820997, -0.00285130902193, 0.00986031536013, -0.00155349401757, 0.00104927795473, -0.00460059661418, 0.00486263073981, -0.00165504985489, 0.00281125074252, -0.0011145262979, 0.00256094313227], [-0.000692548404913, 0.00275455950759, -0.00125321478117, 0.00241830130108, -0.00155349401757, 0.00864720903337, -0.00269150873646, 0.00347891822457, -0.00387466675602, 0.00148128683213, -0.00176357000601, 0.000820478890091, -0.000951293099206], [0.00105856207665, -0.00495337601751, 0.0031366685871, -0.00381765351631, 0.00104927795473, -0.00269150873646, 0.0166942812502, -0.00802144501358, 0.00451808841899, -0.00661240005866, 0.00352882989682, -0.000291858101264, 0.00319128553383], [-0.00122784101404, 0.00512789422646, -0.00151252781507, 0.00212711747736, -0.00460059661418, 0.00347891822457, -0.00802144501358, 0.0204051807523, -0.00636300165206, 0.00220609013923, -0.00227660429664, 0.00194027333055, -0.00297344545834], [0.00111503608059, -0.00562120554969, 0.00103948265314, -0.00439020385966, 0.00486263073981, -0.00387466675602, 0.00451808841899, -0.00636300165206, 0.0184254776686, -0.00268172705546, 0.00182576838415, -0.0012428581249, -0.00181174848694], [-0.00116228801198, 0.00479397922754, -0.00199547130615, 0.00497115030885, -0.00165504985489, 0.00148128683213, -0.00661240005866, 0.00220609013923, -0.00268172705546, 0.0193357169628, -0.00455625355244, -0.00024729463621, -4.47759266535e-05], [0.000911246053874, -0.0052980221808, 0.000946343236137, -0.00382514833473, 0.00281125074252, -0.00176357000601, 0.00352882989682, -0.00227660429664, 0.00182576838415, -0.00455625355244, 0.0153566347435, -0.00302490033209, -0.000119489515782], [-0.000457585469121, 0.00214717234485, -0.00279432162642, 0.00162088905927, -0.0011145262979, 0.000820478890091, -0.000291858101264, 0.00194027333055, -0.0012428581249, -0.00024729463621, -0.00302490033209, 0.0156401451677, -0.00419650971889], [0.000584052875638, -0.00306720030494, 0.000658643082716, -0.00402747141197, 0.00256094313227, -0.000951293099206, 0.00319128553383, -0.00297344545834, -0.00181174848694, -4.47759266535e-05, -0.000119489515782, -0.00419650971889, 0.0214100331068]]
    },
    "melbands": {
        "dmean": [0.000921750674024, 0.0018327687867, 0.00153024238534, 0.000686001731083, 0.000506315787788, 0.0004558909568, 0.000288238748908, 0.000181135401363, 0.000201402159291, 0.0001689177152, 0.000132437955472, 9.55370269367e-05, 4.89529265906e-05, 5.18426058989e-05, 3.63724211638e-05, 3.55461161234e-05, 3.56216478394e-05, 2.71312947007e-05, 1.01813275251e-05, 7.61287947171e-06, 6.53379447613e-06, 4.25244343205e-06, 2.81734151031e-06, 2.79423989014e-06, 2.43012254941e-06, 1.87272792118e-06, 1.75773311639e-06, 1.3676033177e-06, 1.1300545566e-06, 1.11625627142e-06, 9.73974692897e-07, 9.38581763421e-07, 7.69805353684e-07, 6.98863118487e-07, 8.01195824351e-07, 7.80001300882e-07, 3.17944170547e-07, 1.75937202584e-07, 1.44981669337e-07, 1.96176827671e-07],
        "dmean2": [0.00153566768859, 0.00312642590143, 0.00265636807308, 0.00113599107135, 0.000779515365139, 0.00066826865077, 0.000445823912742, 0.000266698829364, 0.000299266073853, 0.000248713156907, 0.000196658686036, 0.000144343095599, 7.64414071455e-05, 8.37168045109e-05, 5.81889362365e-05, 5.76663696847e-05, 5.50362965441e-05, 4.41307638539e-05, 1.67604302987e-05, 1.28784940898e-05, 1.06775451059e-05, 7.19326726539e-06, 4.72227247883e-06, 4.69703127237e-06, 4.18299123339e-06, 3.20129015563e-06, 3.15257921102e-06, 2.38290613197e-06, 1.95345796783e-06, 1.87877230928e-06, 1.61688581102e-06, 1.53096516442e-06, 1.20774336665e-06, 1.11229746835e-06, 1.21767095607e-06, 1.21434982248e-06, 4.71830816196e-07, 2.62344400426e-07, 2.21231218234e-07, 3.22740760339e-07],
        "dvar": [2.51298797593e-06, 7.11388565833e-06, 6.59766192257e-06, 1.20671325021e-06, 7.43272892123e-07, 7.29395139842e-07, 1.9128846418e-07, 1.33842320338e-07, 1.55649331646e-07, 6.3354278268e-08, 5.08900868113e-08, 1.96357508031e-08, 6.82681911002e-09, 5.13624964782e-09, 2.76435252466e-09, 4.6330330683e-09, 3.31644778306e-09, 1.77185288663e-09, 2.21538121181e-10, 1.38966851915e-10, 1.10570282097e-10, 4.5140439997e-11, 2.21958978974e-11, 2.65838098062e-11, 3.12860397311e-11, 1.83803857551e-11, 2.9040925914e-11, 1.47691581187e-11, 7.71146341227e-12, 6.09013490679e-12, 4.73959586855e-12, 3.56462017022e-12, 3.12044791048e-12, 2.3764360705e-12, 1.81566849229e-12, 2.46238858297e-12, 7.851222927e-13, 1.83503738463e-13, 9.08966302292e-14, 2.71063960123e-13],
        "dvar2": [7.14606176189e-06, 1.99103851628e-05, 2.13755793084e-05, 3.44730278812e-06, 1.59031765179e-06, 1.40350778111e-06, 4.19412714336e-07, 2.91598126978e-07, 3.57420049113e-07, 1.24659209177e-07, 1.06301861535e-07, 4.64798723954e-08, 1.61257034392e-08, 1.32250379536e-08, 6.85427270497e-09, 1.15319807037e-08, 7.7592376968e-09, 3.91541377098e-09, 5.57498103237e-10, 3.51958351352e-10, 2.66860922249e-10, 1.21682247611e-10, 5.45535283614e-11, 7.1746095176e-11, 8.59825752264e-11, 5.01232041983e-11, 8.26236509766e-11, 4.13578754577e-11, 2.12599313154e-11, 1.66309084559e-11, 1.32067551339e-11, 8.8839604076e-12, 6.77239427732e-12, 5.5351929637e-12, 3.8574712001e-12, 5.81954449907e-12, 1.54185019786e-12, 4.07894421364e-13, 2.06614158291e-13, 6.94009953672e-13],
        "max": [0.0129001624882, 0.0224530845881, 0.0277594495565, 0.0116238715127, 0.0164288636297, 0.012264312245, 0.00920243933797, 0.00679447408766, 0.00879948120564, 0.00373298907652, 0.00392666831613, 0.0019773056265, 0.00167465512641, 0.00081368436804, 0.000953976355959, 0.00127665966284, 0.00135803688318, 0.000636054144707, 0.000229878307437, 0.000257027684711, 0.000136267073685, 9.43817503867e-05, 0.000117156247143, 7.09376472514e-05, 5.82237626077e-05, 3.56374766852e-05, 5.25787545484e-05, 4.15858085034e-05, 3.16223922709e-05, 2.46802992478e-05, 3.77177020709e-05, 2.34319049923e-05, 2.86607591988e-05, 2.3177552066e-05, 1.91211547644e-05, 2.68657295237e-05, 1.7933169147e-05, 7.20910747987e-06, 4.5989991122e-06, 7.41144731364e-06],
        "mean": [0.00127213797532, 0.0035386022646, 0.00392067618668, 0.00164630089421, 0.00126550148707, 0.00140924239531, 0.000799276225735, 0.000404775084462, 0.000459516275441, 0.00040566638927, 0.00030332559254, 0.000226285075769, 0.000110466731712, 9.59356693784e-05, 7.83173018135e-05, 8.10559577076e-05, 8.66284026415e-05, 5.42852940271e-05, 2.10024063563e-05, 1.42595854413e-05, 1.23159970826e-05, 8.3652939793e-06, 5.69919302507e-06, 4.61879699287e-06, 3.50961386175e-06, 2.61533045887e-06, 1.90673472389e-06, 1.71011356542e-06, 1.78753020919e-06, 1.80187009846e-06, 1.5102806401e-06, 1.39776682317e-06, 1.22291282878e-06, 1.28300314373e-06, 1.43694353483e-06, 1.26652810195e-06, 5.44363217614e-07, 2.99900023037e-07, 2.74410325574e-07, 3.57012140739e-07],
        "median": [0.000645026389975, 0.00287502584979, 0.00324913440272, 0.00108323630411, 0.000689313164912, 0.000534554827027, 0.000386563304346, 0.000214206069359, 0.000212312021176, 0.000191758357687, 0.000150969892275, 0.000117169314763, 5.57820349059e-05, 5.83884102525e-05, 4.16901239078e-05, 3.73862494598e-05, 4.20884753112e-05, 2.83335066342e-05, 1.26264185383e-05, 9.08554284251e-06, 7.39754841561e-06, 5.66535891267e-06, 3.38476297657e-06, 2.83859480987e-06, 2.05731703318e-06, 1.37875440487e-06, 7.46934404106e-07, 6.44822023332e-07, 7.2158900366e-07, 8.04013836841e-07, 7.73386318542e-07, 6.4729732685e-07, 5.13954319104e-07, 6.09941707808e-07, 7.74608679421e-07, 6.00974885856e-07, 1.92100884533e-07, 8.73200889373e-08, 9.67341904357e-08, 1.24542111735e-07],
        "min": [3.21718894723e-24, 4.07072855807e-24, 4.74640330618e-24, 1.26534401491e-23, 1.25391523478e-23, 1.14806666738e-23, 5.76445828108e-24, 6.79112761707e-24, 9.46610919274e-24, 9.01754079392e-24, 7.6132721416e-24, 1.08520589171e-23, 1.06425461382e-23, 1.94167777742e-23, 1.19810758558e-23, 1.6161689977e-23, 1.30722377262e-23, 1.38087892648e-23, 7.56838911154e-24, 5.35276518528e-24, 9.62900660308e-24, 4.20432373009e-24, 7.29787292992e-24, 1.26137107474e-23, 9.36560200253e-24, 7.93476530377e-24, 7.21927871793e-24, 1.18130271838e-23, 7.37323360105e-24, 8.97630782327e-24, 9.42603111445e-24, 9.05804643482e-24, 1.54065086992e-23, 9.61994890217e-24, 7.39315786094e-24, 9.18372696538e-24, 7.20798301863e-24, 7.7097056541e-24, 9.54618882981e-24, 1.11911791762e-23],
        "stdev": [0.00185161060654, 0.00281819724478, 0.00279077049345, 0.00164925504941, 0.00150314776693, 0.00193556491286, 0.00129708403256, 0.000590779411141, 0.000659127603285, 0.000519301102031, 0.000409958796808, 0.000250173616223, 0.000149369996507, 0.00010486105748, 0.000107171115815, 0.000119928619824, 0.000119319956866, 6.96241258993e-05, 2.56201856246e-05, 1.71864594449e-05, 1.50950700117e-05, 9.12852465262e-06, 7.33507567929e-06, 5.5808277466e-06, 5.08373523189e-06, 4.06331901104e-06, 4.39252926299e-06, 3.40640008289e-06, 3.04574905385e-06, 2.80419021692e-06, 2.25953272093e-06, 2.3268021323e-06, 2.48001992986e-06, 2.33713763009e-06, 2.17225124288e-06, 2.06531740332e-06, 1.21057382785e-06, 6.20349624114e-07, 5.07970128183e-07, 7.13918382189e-07],
        "var": [3.42846169588e-06, 7.9422361523e-06, 7.78839967097e-06, 2.7200421755e-06, 2.25945314014e-06, 3.74641149392e-06, 1.6824268414e-06, 3.4902032553e-07, 4.34449162867e-07, 2.69673648745e-07, 1.68066222273e-07, 6.25868352699e-08, 2.23113953979e-08, 1.09958406824e-08, 1.14856479883e-08, 1.4382874447e-08, 1.4237252266e-08, 4.84751883079e-09, 6.56393883691e-10, 2.95374419368e-10, 2.27861146618e-10, 8.33299540481e-11, 5.38033333164e-11, 3.11456381519e-11, 2.58443648427e-11, 1.65105602801e-11, 1.92943144101e-11, 1.1603560994e-11, 9.27658731081e-12, 7.86348243464e-12, 5.1054885146e-12, 5.41400778376e-12, 6.15049894695e-12, 5.46221227971e-12, 4.71867553711e-12, 4.26553584121e-12, 1.46548886307e-12, 3.84833685101e-13, 2.58033638944e-13, 5.09679429737e-13]
    },
    "melbands128": {
