{
"lowlevel": {
    "average_loudness": 0.786554813385,
    "barkbands_crest": {
        "dmean": 3.3073451519,
        "dmean2": 5.40603351593,
        "dvar": 11.7749843597,
        "dvar2": 25.3841133118,
        "max": 26.2826805115,
        "mean": 13.0173454285,
        "median": 11.0004472733,
        "min": 2.67301940918,
        "stdev": 6.57757472992,
        "var": 43.2644882202
    },
    "barkbands_flatness_db": {
        "dmean": 0.0474939085543,
        "dmean2": 0.0671513602138,
        "dvar": 0.00223335484043,
        "dvar2": 0.00418008770794,
        "max": 0.523927748203,
        "mean": 0.199523642659,
        "median": 0.178165629506,
        "min": 0.0293013099581,
        "stdev": 0.0920530259609,
        "var": 0.00847375951707
    },
    "barkbands_kurtosis": {
        "dmean": 14.51167202,
        "dmean2": 23.4013843536,
        "dvar": 1214.9251709,
        "dvar2": 2963.13134766,
        "max": 497.126403809,
        "mean": 17.3808403015,
        "median": 1.59589719772,
        "min": -1.87707161903,
        "stdev": 41.1052932739,
        "var": 1689.64501953
    },
    "barkbands_skewness": {
        "dmean": 1.25327205658,
        "dmean2": 1.93215441704,
        "dvar": 2.73369956017,
        "dvar2": 6.48974943161,
        "max": 17.3246212006,
        "mean": 2.12925767899,
        "median": 1.22912681103,
        "min": -7.45222473145,
        "stdev": 2.82307553291,
        "var": 7.96975517273
    },
    "barkbands_spread": {
        "dmean": 7.57324075699,
        "dmean2": 11.4245300293,
        "dvar": 110.736602783,
        "dvar2": 252.084701538,
        "max": 119.669387817,
        "mean": 16.0628204346,
        "median": 13.0134420395,
        "min": 0.212628245354,
        "stdev": 14.5502882004,
        "var": 211.710891724
    },
    "dissonance": {
        "dmean": 0.0267194416374,
        "dmean2": 0.0424803346395,
        "dvar": 0.000690575805493,
        "dvar2": 0.00174816942308,
        "max": 0.49993494153,
        "mean": 0.447451382875,
        "median": 0.454637497663,
        "min": 0.252882033587,
        "stdev": 0.038118198514,
        "var": 0.00145299709402
    },
    "dynamic_complexity": 3.90803813934,
    "erbbands_crest": {
        "dmean": 2.75008273125,
        "dmean2": 4.42524242401,
        "dvar": 6.43696165085,
        "dvar2": 15.7366580963,
        "max": 24.3819789886,
        "mean": 9.41286373138,
        "median": 8.57868862152,
        "min": 2.8543639183,
        "stdev": 3.52750658989,
        "var": 12.4433031082
    },
    "erbbands_flatness_db": {
        "dmean": 0.0325052924454,
        "dmean2": 0.0470886602998,
        "dvar": 0.00100476574153,
        "dvar2": 0.00198139389977,
        "max": 0.485996574163,
        "mean": 0.204915508628,
        "median": 0.195260375738,
        "min": 0.0688173696399,
        "stdev": 0.0668989494443,
        "var": 0.00447546970099
    },
    "erbbands_kurtosis": {
        "dmean": 1.69079172611,
        "dmean2": 2.79005050659,
        "dvar": 7.84558296204,
        "dvar2": 20.1924571991,
        "max": 28.1989269257,
        "mean": 0.793684720993,
        "median": -0.0116171836853,
        "min": -1.80080974102,
        "stdev": 3.03486275673,
        "var": 9.21039199829
    },
    "erbbands_skewness": {
        "dmean": 0.606605648994,
        "dmean2": 0.893886744976,
        "dvar": 0.355916500092,
        "dvar2": 0.765265703201,
        "max": 4.7842707634,
        "mean": 0.205618828535,
        "median": 0.0753689259291,
        "min": -3.49244260788,
        "stdev": 0.96038800478,
        "var": 0.922345161438
    },
    "erbbands_spread": {
        "dmean": 11.4478712082,
        "dmean2": 18.0390644073,
        "dvar": 157.91166687,
        "dvar2": 400.358001709,
        "max": 125.070579529,
        "mean": 33.5543289185,
        "median": 29.1774196625,
        "min": 1.93264389038,
        "stdev": 19.7213478088,
        "var": 388.93157959
    },
    "hfc": {
        "dmean": 17.7696628571,
        "dmean2": 28.7274246216,
        "dvar": 3272.19433594,
        "dvar2": 8559.34570312,
        "max": 416.313537598,
        "mean": 17.4499130249,
        "median": 6.02182388306,
        "min": 1.17347560701e-16,
        "stdev": 50.0940933228,
        "var": 2509.41821289
    },
    "loudness_ebu128": {
        "integrated": -12.8603286743,
        "loudness_range": 8.05603981018,
        "momentary": {
            "dmean": 0.903802216053,
            "dmean2": 1.35671699047,
            "dvar": 0.532881498337,
            "dvar2": 1.1072562933,
            "max": -8.0069026947,
            "mean": -14.4671831131,
            "median": -14.8539390564,
            "min": -23.6310272217,
            "stdev": 3.8688826561,
            "var": 14.9682531357
        },
        "short_term": {
            "dmean": 0.140822470188,
            "dmean2": 0.208441272378,
            "dvar": 0.0155826387927,
            "dvar2": 0.0249365568161,
            "max": -9.8644323349,
            "mean": -14.1541585922,
            "median": -16.060377121,
            "min": -18.6342353821,
            "stdev": 3.42493510246,
            "var": 11.7301807404
        }
    },
    "melbands_crest": {
        "dmean": 3.69744825363,
        "dmean2": 5.82315015793,
        "dvar": 13.8160238266,
        "dvar2": 30.6273269653,
        "max": 33.1795806885,
        "mean": 17.123632431,
        "median": 15.0190563202,
        "min": 1.86621379852,
        "stdev": 8.42986488342,
        "var": 71.0626144409
    },
    "melbands_flatness_db": {
        "dmean": 0.0548471547663,
        "dmean2": 0.0754852294922,
        "dvar": 0.00344188627787,
        "dvar2": 0.00603298190981,
        "max": 0.62940466404,
        "mean": 0.252075374126,
        "median": 0.216572463512,
        "min": 0.00562675343826,
        "stdev": 0.126346886158,
        "var": 0.0159635338932
    },
    "melbands_kurtosis": {
        "dmean": 20.9253997803,
        "dmean2": 33.2122802734,
        "dvar": 1569.33203125,
        "dvar2": 3678.40673828,
        "max": 459.342559814,
        "mean": 30.570690155,
        "median": 6.32127380371,
        "min": -1.67691421509,
        "stdev": 55.2607154846,
        "var": 3053.74682617
    },
    "melbands_skewness": {
        "dmean": 1.34081888199,
        "dmean2": 2.06652069092,
        "dvar": 2.69007110596,
        "dvar2": 6.40777587891,
        "max": 17.688911438,
        "mean": 3.10255908966,
        "median": 2.10584235191,
        "min": -4.88669109344,
        "stdev": 3.02428627014,
        "var": 9.14630794525
    },
    "melbands_spread": {
        "dmean": 10.5980424881,
        "dmean2": 16.4533920288,
        "dvar": 295.45993042,
        "dvar2": 752.099060059,
        "max": 145.845443726,
        "mean": 22.1071720123,
        "median": 17.1300239563,
        "min": 0.379811048508,
        "stdev": 22.653837204,
        "var": 513.196350098
    },
    "pitch_salience": {
        "dmean": 0.0831038728356,
        "dmean2": 0.128654330969,
        "dvar": 0.00748281739652,
        "dvar2": 0.0161582287401,
        "max": 0.945296227932,
        "mean": 0.556135654449,
        "median": 0.626550078392,
        "min": 0.113142512739,
        "stdev": 0.207315400243,
        "var": 0.0429796725512
    },
    "silence_rate_20dB": {
        "dmean": 0,
        "dmean2": 0,
        "dvar": 0,
        "dvar2": 0,
        "max": 1,
        "mean": 1,
        "median": 1,
        "min": 1,
        "stdev": 0,
        "var": 0
    },
    "silence_rate_30dB": {
        "dmean": 0.0541795678437,
        "dmean2": 0.108443066478,
        "dvar": 0.051244571805,
        "dvar2": 0.0982319563627,
        "max": 1,
        "mean": 0.925754070282,
        "median": 1,
        "min": 0,
        "stdev": 0.262171298265,
        "var": 0.0687337890267
    },
    "silence_rate_60dB": {
        "dmean": 0.12925696373,
        "dmean2": 0.258714169264,
        "dvar": 0.112550340593,
        "dvar2": 0.22586427629,
        "max": 1,
        "mean": 0.246713072062,
        "median": 0,
        "min": 0,
        "stdev": 0.431098729372,
        "var": 0.185846120119
    },
    "spectral_centroid": {
        "dmean": 416.025238037,
        "dmean2": 609.022399902,
        "dvar": 261976.125,
        "dvar2": 490652.71875,
        "max": 11574.5751953,
        "mean": 1465.48925781,
        "median": 1382.06311035,
        "min": 130.187820435,
        "stdev": 1047.15209961,
        "var": 1096527.5
    },
    "spectral_complexity": {
        "dmean": 5.20588254929,
        "dmean2": 7.11541461945,
        "dvar": 46.2129364014,
        "dvar2": 81.0889587402,
        "max": 61,
        "mean": 10.7447795868,
        "median": 9,
        "min": 0,
        "stdev": 9.76838684082,
        "var": 95.4213867188
    },
    "spectral_decrease": {
        "dmean": 4.32263513872e-09,
        "dmean2": 6.18113960016e-09,
        "dvar": 1.03110836064e-16,
        "dvar2": 2.04513140499e-16,
        "max": 1.44626048059e-28,
        "mean": -7.62716645397e-09,
        "median": -2.11420436713e-09,
        "min": -8.08316116263e-08,
        "stdev": 1.33941364666e-08,
        "var": 1.79402888483e-16
    },
    "spectral_energy": {
        "dmean": 0.017555097118,
        "dmean2": 0.0250019151717,
        "dvar": 0.00153236393817,
        "dvar2": 0.00303149688989,
        "max": 0.309404969215,
        "mean": 0.0303694251925,
        "median": 0.00938982050866,
        "min": 1.07598377767e-20,
        "stdev": 0.0518292561173,
        "var": 0.00268627190962
    },
    "spectral_energyband_high": {
        "dmean": 0.00138309365138,
        "dmean2": 0.00236407783814,
        "dvar": 3.0413200875e-05,
        "dvar2": 8.14973391243e-05,
        "max": 0.0403744243085,
        "mean": 0.00104058033321,
        "median": 7.6770214946e-05,
        "min": 7.38259585277e-21,
        "stdev": 0.00459957914427,
        "var": 2.11561273318e-05
    },
    "spectral_energyband_low": {
        "dmean": 0.0130467610434,
        "dmean2": 0.0189381483942,
        "dvar": 0.00144192646258,
        "dvar2": 0.00298970355652,
        "max": 0.29611119628,
        "mean": 0.0222627501935,
        "median": 0.000159547722433,
        "min": 6.67928970213e-23,
        "stdev": 0.0482188388705,
        "var": 0.00232505658641
    },
    "spectral_energyband_middle_high": {
        "dmean": 0.00240753521211,
        "dmean2": 0.0036198773887,
        "dvar": 2.38596585405e-05,
        "dvar2": 5.97208818363e-05,
        "max": 0.0393004976213,
        "mean": 0.00300095020793,
        "median": 0.00123263860587,
        "min": 1.47817559165e-21,
        "stdev": 0.00502625713125,
        "var": 2.52632598858e-05
    },
    "spectral_energyband_middle_low": {
        "dmean": 0.00468634534627,
        "dmean2": 0.00813750457019,
        "dvar": 0.000130137370434,
        "dvar2": 0.000360751495464,
        "max": 0.103486292064,
        "mean": 0.00523577677086,
        "median": 0.00299680256285,
        "min": 2.2824313257e-22,
        "stdev": 0.0095995310694,
        "var": 9.21509927139e-05
    },
    "spectral_entropy": {
        "dmean": 0.325061261654,
        "dmean2": 0.477333933115,
        "dvar": 0.113364137709,
        "dvar2": 0.204204440117,
        "max": 9.82095050812,
        "mean": 7.27896928787,
        "median": 7.33112478256,
        "min": 4.893222332,
        "stdev": 0.595811009407,
        "var": 0.354990780354
    },
    "spectral_flux": {
        "dmean": 0.0424875468016,
        "dmean2": 0.0579118207097,
        "dvar": 0.00307498220354,
        "dvar2": 0.00457717804238,
        "max": 0.508447051048,
        "mean": 0.0857915952802,
        "median": 0.0572212859988,
        "min": 6.66561736362e-11,
        "stdev": 0.0893362909555,
        "var": 0.00798097345978
    },
    "spectral_kurtosis": {
        "dmean": 5.16015577316,
        "dmean2": 8.2571182251,
        "dvar": 64.8054199219,
        "dvar2": 140.540145874,
        "max": 99.793548584,
        "mean": 8.46861362457,
        "median": 5.21725463867,
        "min": -1.22989690304,
        "stdev": 9.83023929596,
        "var": 96.6336135864
    },
    "spectral_rms": {
        "dmean": 0.00126417516731,
        "dmean2": 0.00169290043414,
        "dvar": 3.35786148753e-06,
        "dvar2": 5.60206308364e-06,
        "max": 0.0173740759492,
        "mean": 0.00414122221991,
        "median": 0.00302668148652,
        "min": 3.23996949061e-12,
        "stdev": 0.00353256380185,
        "var": 1.24790067275e-05
    },
    "spectral_rolloff": {
        "dmean": 725.180175781,
        "dmean2": 1170.54919434,
        "dvar": 2047020.125,
        "dvar2": 4455112,
        "max": 19509.0820312,
        "mean": 1737.43017578,
        "median": 1421.19140625,
        "min": 64.599609375,
        "stdev": 2162.28295898,
        "var": 4675468
    },
    "spectral_skewness": {
        "dmean": 0.550080835819,
        "dmean2": 0.824552059174,
        "dvar": 0.384197324514,
        "dvar2": 0.830637812614,
        "max": 7.26565074921,
        "mean": 1.92717194557,
        "median": 1.65195000172,
        "min": -0.437698066235,
        "stdev": 0.946946978569,
        "var": 0.896708607674
    },
    "spectral_spread": {
        "dmean": 776618.8125,
        "dmean2": 1174403.75,
        "dvar": 1.51543401677e+12,
        "dvar2": 2.68165919539e+12,
        "max": 40932784,
        "mean": 3903503,
        "median": 3505059.75,
        "min": 800780.0625,
        "stdev": 2739690,
        "var": 7.50590151885e+12
    },
    "spectral_strongpeak": {
        "dmean": 0.359807908535,
        "dmean2": 0.552399635315,
        "dvar": 0.241503506899,
        "dvar2": 0.493795126677,
        "max": 8.29008579254,
        "mean": 0.693270206451,
        "median": 0.499952077866,
        "min": 0,
        "stdev": 0.709451258183,
        "var": 0.503321111202
    },
    "zerocrossingrate": {
        "dmean": 0.0142062632367,
        "dmean2": 0.0165905933827,
        "dvar": 0.000489585567266,
        "dvar2": 0.000660271034576,
        "max": 0.51953125,
        "mean": 0.0540621392429,
        "median": 0.04931640625,
        "min": 0.001953125,
        "stdev": 0.0551858320832,
        "var": 0.00304547604173
    },
    "barkbands": {
        "dmean": [0.000312358519295, 0.010520840995, 0.00461694411933, 0.00220003630966, 0.000319768470945, 0.0010990066221, 0.000561798515264, 0.000631125352811, 0.000428788014688, 0.000260349363089, 0.000208198165637, 0.000176931396709, 0.000241375717451, 0.000317829690175, 0.000311169249471, 0.000242876994889, 0.000378616823582, 0.000494571577292, 0.000288203562377, 0.000226543095778, 0.000271858560154, 0.000150774139911, 0.000266195274889, 0.000198051173356, 0.000229351644521, 0.000150433217641, 2.82796063402e-05],
        "dmean2": [0.00052839179989, 0.0163785926998, 0.00852687470615, 0.0041310377419, 0.000497049302794, 0.00192908628378, 0.000917639699765, 0.00102359591983, 0.000696781731676, 0.000420606142143, 0.0003288287553, 0.000271131866612, 0.000374487339286, 0.00048102994333, 0.000473958207294, 0.000368291890481, 0.000579037237912, 0.000812780752312, 0.000498411187436, 0.000364145817002, 0.000463529577246, 0.000257183070062, 0.00046863447642, 0.000340537459124, 0.000394444738049, 0.000262404413661, 5.21556503372e-05],
        "dvar": [4.59364912331e-07, 0.00111381628085, 0.000371999834897, 8.27361363918e-05, 4.10386803651e-07, 1.53930050146e-05, 1.84618193089e-06, 1.2805460301e-06, 6.93841116117e-07, 3.50434305574e-07, 5.78090805448e-07, 2.67217245664e-07, 3.31659208541e-07, 3.00871676018e-07, 2.97161960816e-07, 2.0627285835e-07, 7.09191738224e-07, 3.25544851876e-06, 1.2138028751e-06, 4.59587511159e-07, 1.08568042378e-06, 3.85070336506e-07, 1.1850578403e-06, 6.05969660228e-07, 9.18836462915e-07, 4.13262313259e-07, 1.81625043894e-08],
        "dvar2": [1.20689060168e-06, 0.00277047348209, 0.00104547140654, 0.00023805181263, 1.00437159745e-06, 4.20723081334e-05, 4.48372520623e-06, 2.82307473753e-06, 1.46598927131e-06, 8.71826955517e-07, 1.43685190324e-06, 5.97888572429e-07, 6.95965127306e-07, 6.19850197836e-07, 6.67098504437e-07, 4.62812437263e-07, 1.77986623839e-06, 8.20646164357e-06, 3.31225442096e-06, 1.20804281778e-06, 2.96388429888e-06, 1.01698492472e-06, 3.25429436998e-06, 1.63180470736e-06, 2.36750634031e-06, 1.11093197575e-06, 5.13508737754e-08],
        "max": [0.00563460867852, 0.262205779552, 0.12607319653, 0.0722777545452, 0.00854462850839, 0.0303064826876, 0.0145606771111, 0.00865063164383, 0.0102428337559, 0.00683051813394, 0.0126695809886, 0.0079742250964, 0.00982370879501, 0.0081684011966, 0.00423239031807, 0.00496529601514, 0.00853794533759, 0.0144219147041, 0.00916540902108, 0.00595230981708, 0.0080756302923, 0.00468275602907, 0.0080350805074, 0.00603989185765, 0.00733586121351, 0.00430933106691, 0.00109246687498],
        "mean": [0.00054297799943, 0.0176494829357, 0.00296113453805, 0.00175610755105, 0.000628692447208, 0.000934384705033, 0.000628753739875, 0.000660687452182, 0.000495707150549, 0.000252378958976, 0.000206788245123, 0.000209834484849, 0.00028539786581, 0.000350996851921, 0.00033783717663, 0.000273322017165, 0.000412294466514, 0.000401664117817, 0.000230445162742, 0.000211339152884, 0.000205615171581, 0.000107720436063, 0.000187599114724, 0.000149128041812, 0.000169167920831, 0.000103260288597, 1.67456000781e-05],
        "median": [4.41249767391e-06, 9.18558089325e-06, 7.21908872947e-05, 4.13586385548e-05, 0.000319565500831, 0.000206213837373, 0.000117323696031, 0.000132332846988, 8.07239412097e-05, 3.95264287363e-05, 2.48505093623e-05, 2.17168853851e-05, 3.02711614495e-05, 5.82052271056e-05, 7.42422853364e-05, 6.62678066874e-05, 6.97456125636e-05, 1.8787002773e-05, 2.3951739422e-05, 3.74938863388e-05, 1.34125393743e-05, 3.29255431097e-06, 7.10477206667e-06, 6.10223833064e-06, 1.48877245465e-06, 9.79523179012e-07, 2.49042706457e-08],
        "min": [2.70119009874e-24, 6.76751385473e-24, 1.44249653625e-23, 1.24099542864e-23, 1.53827340093e-23, 1.71298384556e-23, 2.66810081531e-23, 2.83185918845e-23, 3.77730172584e-23, 2.18137616115e-23, 4.79609570563e-23, 3.56734450265e-23, 5.17509351458e-23, 9.81725279644e-23, 1.00442472064e-22, 8.42023440692e-23, 7.0548834185e-23, 1.24329678834e-22, 1.76337776324e-22, 3.02727884112e-22, 2.95518250796e-22, 4.39609135119e-22, 4.64383557973e-22, 6.93916989304e-22, 1.08012036736e-21, 1.61835433173e-21, 2.02386862085e-21],
        "stdev": [0.000951259513386, 0.0376636423171, 0.0149654299021, 0.00695338053629, 0.000875595782418, 0.00324914162047, 0.00144495605491, 0.00123938114848, 0.00106749869883, 0.000588676601183, 0.000743853335734, 0.000663320592139, 0.000768113241065, 0.000695843948051, 0.000621393788606, 0.000510419602506, 0.00086498161545, 0.00160281651188, 0.000900454760995, 0.000605379522312, 0.00085781730013, 0.000522128946614, 0.000876690784935, 0.000652148912195, 0.000834996928461, 0.000542515015695, 0.000103568556369],
        "var": [9.04894648102e-07, 0.00141855003312, 0.000223964088946, 4.83495023218e-05, 7.66667938024e-07, 1.05569215521e-05, 2.08789788303e-06, 1.53606572439e-06, 1.13955343295e-06, 3.46540133478e-07, 5.53317761387e-07, 4.39994181534e-07, 5.89997910083e-07, 4.8419877885e-07, 3.86130267316e-07, 2.60528167928e-07, 7.48193144773e-07, 2.56902080764e-06, 8.10818733044e-07, 3.66484357528e-07, 7.35850562705e-07, 2.72618649433e-07, 7.68586744471e-07, 4.25298225082e-07, 6.97219888934e-07, 2.94322518357e-07, 1.07264463978e-08]
    },
    "erbbands": {
        "dmean": [0.306493580341, 2.39064908028, 5.13081645966, 7.40691280365, 2.97633433342, 1.03078019619, 2.74381422997, 12.0601787567, 9.97619915009, 6.66124534607, 15.6066627502, 9.76962757111, 10.3814840317, 7.24088382721, 6.3360285759, 7.03417873383, 10.7381019592, 14.3536701202, 16.2898235321, 14.4585323334, 13.9728879929, 21.6035461426, 25.0121822357, 21.9332847595, 12.5896501541, 10.399846077, 11.8003931046, 8.20240497589, 5.87170171738, 6.5254034996, 7.90008449554, 4.66040229797, 3.2717795372, 3.03325438499, 1.31165027618, 0.643510401249, 0.280834078789, 0.077845774591, 0.00272286683321, 7.5671763625e-05],
        "dmean2": [0.447011142969, 3.89513230324, 8.98026943207, 13.5703125, 5.33513021469, 1.57306373119, 4.64064598083, 21.2129554749, 16.369934082, 10.6861562729, 24.9378643036, 15.637843132, 16.5562896729, 11.2970905304, 9.5890007019, 10.4734535217, 16.3620185852, 20.7091674805, 24.6898517609, 21.574054718, 20.5404758453, 32.5974121094, 40.5452919006, 38.1790084839, 20.7524604797, 16.9892215729, 19.1556663513, 14.2615842819, 9.99669742584, 11.7304134369, 13.8070411682, 8.01080608368, 5.61301136017, 5.18375492096, 2.27764582634, 1.10072243214, 0.494889736176, 0.14155985415, 0.00491168908775, 0.000126380182337],
        "dvar": [0.737059295177, 64.7102050781, 385.851287842, 906.327880859, 104.353652954, 5.04442214966, 81.3222122192, 1996.52746582, 613.355651855, 177.283462524, 829.768066406, 409.853363037, 395.612640381, 443.664520264, 395.693145752, 403.941741943, 628.2890625, 604.434326172, 876.807556152, 582.082702637, 637.478942871, 2536.97558594, 7184.56347656, 8353.78125, 1688.83190918, 1065.62976074, 1518.55883789, 1182.36328125, 583.918945312, 805.706787109, 1009.93566895, 309.873016357, 172.891937256, 160.856903076, 30.8273773193, 7.37188529968, 1.46764814854, 0.129729732871, 0.000157060378115, 7.28162845576e-08],
        "dvar2": [1.69034266472, 162.068634033, 1051.38427734, 2567.83837891, 294.214233398, 11.9076595306, 217.983291626, 5481.96728516, 1531.40869141, 399.712768555, 1927.74841309, 866.278869629, 958.272644043, 1038.93933105, 956.565185547, 853.444702148, 1301.3762207, 1064.98278809, 1929.40380859, 1340.61682129, 1351.08654785, 6388.15966797, 17861.890625, 22872.7597656, 4433.04882812, 2833.90551758, 4014.69042969, 3222.59594727, 1534.34057617, 2247.43920898, 2746.52783203, 839.429626465, 453.020477295, 419.844116211, 81.8741989136, 19.1894207001, 3.98844814301, 0.363145291805, 0.00043630079017, 1.97414365743e-07],
        "max": [7.07969999313, 63.4063835144, 150.774154663, 220.937591553, 87.6330490112, 36.0759010315, 96.9494018555, 350.624267578, 264.854949951, 139.772506714, 250.630386353, 258.630767822, 183.090759277, 303.322387695, 386.278869629, 382.502929688, 450.474761963, 457.855804443, 305.581542969, 182.999694824, 236.094696045, 540.17364502, 676.110046387, 749.897583008, 313.815643311, 273.953186035, 297.457794189, 267.336303711, 190.595291138, 229.126098633, 227.285461426, 132.055801392, 96.3066253662, 93.6164016724, 41.3077926636, 29.5487976074, 8.42167663574, 2.79309105873, 0.104223281145, 0.00210632104427],
        "mean": [0.629536449909, 3.41712236404, 3.92492675781, 5.33713579178, 2.83451461792, 2.27908086777, 3.23765206337, 9.97211742401, 11.4146203995, 7.18319702148, 16.2238941193, 11.6401004791, 11.0323162079, 7.45425128937, 7.74292325974, 8.79771518707, 13.0642843246, 18.2237682343, 18.1072597504, 16.1250572205, 17.1647644043, 23.152633667, 21.7992076874, 15.7883844376, 11.5191812515, 9.40709114075, 10.0098419189, 5.79762172699, 4.19238471985, 4.35267543793, 5.65572881699, 3.54450583458, 2.46653318405, 2.16174077988, 0.931958138943, 0.467110157013, 0.186494454741, 0.0476637855172, 0.00169522850774, 7.08105872036e-05],
        "median": [0.000241399378865, 0.00279045989737, 0.0595184341073, 0.147446349263, 0.516193449497, 0.963869512081, 1.17955589294, 1.95460319519, 2.38207960129, 2.13696956635, 3.57197260857, 2.19566226006, 2.08070492744, 1.11119484901, 1.00107681751, 1.00229871273, 1.60312020779, 2.98385882378, 4.02761173248, 4.45447778702, 4.16844797134, 3.76385211945, 1.4130051136, 0.910345673561, 1.80291295052, 1.75240015984, 1.10442745686, 0.268516629934, 0.128625959158, 0.146609008312, 0.205073386431, 0.165194451809, 0.0669483318925, 0.0238987915218, 0.0078182592988, 0.00433953246102, 0.00165147951338, 0.000225285213673, 1.76202211151e-05, 1.34809015435e-05],
        "min": [3.74003095107e-22, 1.36438928494e-21, 1.17395112354e-20, 3.01369039017e-20, 3.06622379077e-20, 6.10233174489e-20, 5.78428920042e-20, 1.80372858874e-19, 3.42975008907e-19, 2.71701999553e-19, 6.75265325841e-19, 9.14616084842e-19, 9.48473517892e-19, 1.13782487948e-18, 2.96477868356e-18, 1.58646779139e-18, 2.77283866025e-18, 5.33725220796e-18, 4.90017741691e-18, 5.59743277065e-18, 5.46718367063e-18, 5.33911377793e-18, 7.40954974628e-18, 8.4193329606e-18, 9.09887341434e-18, 1.5675082534e-17, 9.4396891975e-18, 1.51990615982e-17, 1.67716063889e-17, 1.43248226806e-17, 1.29514423019e-17, 1.29933514076e-17, 1.16404164521e-17, 1.01828894712e-17, 8.65186004823e-18, 5.19090410527e-18, 3.0956287303e-18, 1.15319730738e-18, 3.02997188956e-19, 2.741361853e-20],
        "stdev": [1.20156478882, 8.31751251221, 16.3199005127, 23.2919368744, 8.23818778992, 3.78187227249, 7.75906848907, 36.614906311, 25.5277805328, 15.0231218338, 30.4382972717, 26.1864089966, 21.9993362427, 22.7087535858, 23.1472568512, 26.8466892242, 33.0491676331, 36.7255134583, 33.6324005127, 27.1920547485, 29.9966182709, 50.9175834656, 77.457824707, 73.7358016968, 35.9795570374, 28.5171909332, 33.8954925537, 28.0647373199, 20.418384552, 22.3607196808, 25.8988609314, 14.6329593658, 11.2947006226, 10.8005771637, 4.82153272629, 2.49675369263, 0.989240825176, 0.280573368073, 0.00986291468143, 0.000226254967856],
        "var": [1.44375801086, 69.1810150146, 266.339141846, 542.514343262, 67.8677368164, 14.3025579453, 60.2031440735, 1340.65124512, 651.667541504, 225.694198608, 926.489929199, 685.728027344, 483.97076416, 515.6875, 535.795532227, 720.744750977, 1092.24743652, 1348.76330566, 1131.13842773, 739.407836914, 899.797058105, 2592.6003418, 5999.71484375, 5436.96826172, 1294.52844238, 813.230163574, 1148.90454102, 787.629516602, 416.910430908, 500.001800537, 670.751037598, 214.123504639, 127.570259094, 116.652458191, 23.2471790314, 6.23377847672, 0.978597462177, 0.0787214189768, 9.7277086752e-05, 5.11913071932e-08]
    },
    "gfcc": {
        "mean": [-103.457572937, 85.2171554565, -134.075302124, 19.4334926605, -55.562828064, 1.67229545116, -45.9279975891, 7.05420923233, -13.1408014297, 1.44970679283, -13.9674310684, -10.1952266693, -9.14926719666],
        "cov": [[16131.1357422, -1321.28234863, 447.633911133, 1422.99328613, -279.885681152, -172.388046265, -177.690505981, 546.192993164, 135.720657349, 494.457672119, -47.3199310303, 297.946533203, -133.933334351], [-1321.28234863, 3283.77856445, 1430.73718262, 415.377868652, 1194.21643066, 367.371795654, 631.718566895, -133.942169189, 392.359069824, 69.3933181763, 288.333984375, -182.155502319, 368.839538574], [447.633911133, 1430.73718262, 3290.47021484, 1528.95092773, 1077.56152344, 202.497756958, 292.434539795, 153.085449219, 261.543243408, 401.807067871, 212.545181274, 289.979095459, 272.411529541], [1422.99328613, 415.377868652, 1528.95092773, 1437.99694824, 554.532043457, -70.19581604, 69.4265060425, 160.52722168, 252.879760742, 205.26210022, 101.285865784, 175.155410767, 177.601776123], [-279.885681152, 1194.21643066, 1077.56152344, 554.532043457, 894.754577637, 241.561508179, 350.974639893, 43.347328186, 341.283630371, 75.4408569336, 92.2227020264, 58.0716133118, 228.77166748], [-172.388046265, 367.371795654, 202.497756958, -70.19581604, 241.561508179, 473.251403809, 279.41796875, 28.7728328705, 111.447914124, -37.0316619873, 80.6237716675, 24.1375961304, 49.2372932434], [-177.690505981, 631.718566895, 292.434539795, 69.4265060425, 350.974639893, 279.41796875, 470.93963623, 25.322675705, 150.145187378, 2.86431837082, 80.1366882324, -2.42109394073, 83.1296691895], [546.192993164, -133.942169189, 153.085449219, 160.52722168, 43.347328186, 28.7728328705, 25.322675705, 157.398986816, 57.2404403687, 51.4831771851, 1.01135408878, 59.5878829956, 6.92296171188], [135.720657349, 392.359069824, 261.543243408, 252.879760742, 341.283630371, 111.447914124, 150.145187378, 57.2404403687, 354.788787842, 22.2560920715, -3.14940500259, 15.5469341278, 111.678756714], [494.457672119, 69.3933181763, 401.807067871, 205.26210022, 75.4408569336, -37.0316619873, 2.86431837082, 51.4831771851, 22.2560920715, 227.203674316, 19.2412185669, 21.7616767883, 5.13673353195], [-47.3199310303, 288.333984375, 212.545181274, 101.285865784, 92.2227020264, 80.6237716675, 80.1366882324, 1.01135408878, -3.14940500259, 19.2412185669, 176.434295654, 3.91169285774, 24.6205654144], [297.946533203, -182.155502319, 289.979095459, 175.155410767, 58.0716133118, 24.1375961304, -2.42109394073, 59.5878829956, 15.5469341278, 21.7616767883, 3.91169285774, 182.366119385, 12.4308805466], [-133.933334351, 368.839538574, 272.411529541, 177.601776123, 228.77166748, 49.2372932434, 83.1296691895, 6.92296171188, 111.678756714, 5.13673353195, 24.6205654144, 12.4308805466, 139.983810425]],
        "icov": [[8.49437346915e-05, -2.12921968341e-05, 6.71207453706e-05, -0.000147982442286, 7.68456957303e-05, -6.31242364761e-05, 2.99734097098e-06, -0.000159702904057, -7.25680280311e-08, -0.000162581272889, 5.53362260689e-05, -7.71595296101e-05, 0.000100383556855], [-2.12921968341e-05, 0.00113972567488, -0.000383076927392, 0.000447322585387, -0.000994203961454, 0.000314389471896, -0.00046162889339, 0.00074361654697, -0.000143960816786, 0.000171216233866, -0.00100482278503, 0.00145588477608, -0.000937865814194], [6.71207453706e-05, -0.000383076927392, 0.00129521661438, -0.00100365665276, -0.000590437790379, -0.000560687913094, 0.00030631761183, 1.05714061647e-05, 0.000826688483357, -0.00130021921359, 0.000233054845012, -0.00126341870055, 0.000265535200015], [-0.000147982442286, 0.000447322585387, -0.00100365665276, 0.00235745846294, -0.000545795250218, 0.00123122590594, -2.96789130516e-05, -0.000510888465215, -0.000885469315108, 0.000503074028529, -0.0011138767004, 0.000305091874907, -0.000999481533654], [7.68456957303e-05, -0.000994203961454, -0.000590437790379, -0.000545795250218, 0.00517373345792, -0.000562946603168, -0.000951149151661, -5.84606059419e-05, -0.00191814894788, 0.000135941561894, 0.000864363799337, -0.000977757736109, -0.00169484270737], [-6.31242364761e-05, 0.000314389471896, -0.000560687913094, 0.00123122590594, -0.000562946603168, 0.00420950492844, -0.00183472060598, -0.000576000078581, -0.000802122231107, 0.00116407859605, -0.00150302937254, -0.000131008273456, 7.08624647814e-05], [2.99734097098e-06, -0.00046162889339, 0.00030631761183, -2.96789130516e-05, -0.000951149151661, -0.00183472060598, 0.00438897265121, -0.000657870841678, -6.64660838083e-05, -0.000239923800109, -0.000280530977761, -9.2983529612e-05, 0.000406091217883], [-0.000159702904057, 0.00074361654697, 1.05714061647e-05, -0.000510888465215, -5.84606059419e-05, -0.000576000078581, -0.000657870841678, 0.00972533319145, -0.00130894093309, -0.00142766733188, -0.00027708397829, -0.0013252410572, -1.36028584166e-05], [-7.25680280311e-08, -0.000143960816786, 0.000826688483357, -0.000885469315108, -0.00191814894788, -0.000802122231107, -6.64660838083e-05, -0.00130894093309, 0.00585081428289, -0.000498001114465, 0.00152124441229, 0.000167458929354, -0.00151688558981], [-0.000162581272889, 0.000171216233866, -0.00130021921359, 0.000503074028529, 0.000135941561894, 0.00116407859605, -0.000239923800109, -0.00142766733188, -0.000498001114465, 0.00694690551609, -0.00046455921256, 0.00144470250234, 0.000962574442383], [5.53362260689e-05, -0.00100482278503, 0.000233054845012, -0.0011138767004, 0.000864363799337, -0.00150302937254, -0.000280530977761, -0.00027708397829, 0.00152124441229, -0.00046455921256, 0.00808459240943, -0.000659002165776, 0.000396557385102], [-7.71595296101e-05, 0.00145588477608, -0.00126341870055, 0.000305091874907, -0.000977757736109, -0.000131008273456, -9.2983529612e-05, -0.0013252410572, 0.000167458929354, 0.00144470250234, -0.000659002165776, 0.00943454913795, -0.000982088502496], [0.000100383556855, -0.000937865814194, 0.000265535200015, -0.000999481533654, -0.00169484270737, 7.08624647814e-05, 0.000406091217883, -1.36028584166e-05, -0.00151688558981, 0.000962574442383, 0.000396557385102, -0.000982088502496, 0.0141589557752]]
    },
    "melbands": {
        "dmean": [0.00290602329187, 0.00252687558532, 0.00111600302625, 0.000102223741123, 8.88699505595e-05, 0.000255325372564, 0.000137364098919, 8.19647684693e-05, 0.000124106678413, 5.98038677708e-05, 5.12871192768e-05, 2.85684436676e-05, 2.59303815255e-05, 1.78166010301e-05, 2.19207140617e-05, 2.33613009186e-05, 2.85133173747e-05, 2.71582430287e-05, 2.15773579839e-05, 1.78418213181e-05, 1.69019367604e-05, 2.33413029491e-05, 2.06485765375e-05, 2.3961869374e-05, 1.77484107553e-05, 9.40687914408e-06, 8.71074553288e-06, 6.45142927169e-06, 6.68747361487e-06, 8.2678761828e-06, 3.37642973136e-06, 3.25971336679e-06, 2.72454622063e-06, 4.1717039494e-06, 4.80063908981e-06, 4.03759213441e-06, 2.35598122345e-06, 2.17265869651e-06, 2.96944040201e-06, 2.35099719248e-06],
        "dmean2": [0.00440927734599, 0.00409898441285, 0.00202958355658, 0.000169887440279, 0.000148349805386, 0.000446108344477, 0.000225909869187, 0.000130755419377, 0.000198463472771, 9.57436132012e-05, 8.25480747153e-05, 4.5253746066e-05, 4.03679223382e-05, 2.67627219728e-05, 3.35081604135e-05, 3.4456152207e-05, 4.17840637965e-05, 4.15131471527e-05, 3.29353679263e-05, 2.75803176919e-05, 2.49353161053e-05, 3.61527345376e-05, 3.26308072545e-05, 3.93241389247e-05, 3.14505778078e-05, 1.605262878e-05, 1.41013897519e-05, 1.06137940747e-05, 1.04218297565e-05, 1.46969869093e-05, 5.72249655306e-06, 5.55959422854e-06, 4.69862834507e-06, 7.60865350458e-06, 8.3956092567e-06, 7.12718519935e-06, 3.9914853005e-06, 3.7489899114e-06, 5.12999849889e-06, 4.04055799663e-06],
        "dvar": [7.7178941865e-05, 7.33081615181e-05, 1.9681187041e-05, 6.43209361328e-08, 8.0629995125e-08, 8.38308892526e-07, 1.11602616926e-07, 2.22623910417e-08, 5.33217594523e-08, 1.59069024619e-08, 9.97727234164e-09, 7.16431713954e-09, 9.2300744825e-09, 2.66767363755e-09, 3.95666921449e-09, 2.82953593889e-09, 2.4475006466e-09, 2.66659605508e-09, 1.31008415227e-09, 1.19113019448e-09, 9.17626141739e-10, 2.95129032324e-09, 3.23358340104e-09, 8.16586620545e-09, 5.78005199259e-09, 1.08574615965e-09, 7.06175617982e-10, 4.10703249187e-10, 3.64193175617e-10, 1.22756205201e-09, 1.8808979374e-10, 1.78391593164e-10, 1.29737720567e-10, 3.40937555965e-10, 3.8010750103e-10, 2.5278082405e-10, 7.46605902102e-11, 7.67405791691e-11, 1.63626279193e-10, 9.4857059707e-11],
        "dvar2": [0.000190316597582, 0.000177266032551, 5.55708502361e-05, 1.73399826053e-07, 2.16156465171e-07, 2.29132797358e-06, 2.76587144299e-07, 4.8805720354e-08, 1.26318425941e-07, 3.34605836372e-08, 2.42042652587e-08, 1.67504143889e-08, 2.34876385008e-08, 6.06195182939e-09, 8.3956717134e-09, 5.34744604153e-09, 4.57379689678e-09, 6.02238570124e-09, 2.91374258055e-09, 2.87349366523e-09, 1.91982785225e-09, 7.58979101789e-09, 7.76677655523e-09, 2.0411725643e-08, 1.61500501861e-08, 2.88570811691e-09, 1.89119919725e-09, 1.08566056145e-09, 9.16406062146e-10, 3.43563977268e-09, 4.94593421774e-10, 4.67974103913e-10, 3.46493639336e-10, 9.62156132545e-10, 1.0275159612e-09, 7.03452185391e-10, 1.99339128537e-10, 2.04502456636e-10, 4.37103658824e-10, 2.45506615038e-10],
        "max": [0.0687147974968, 0.0678655132651, 0.0329806953669, 0.00229989970103, 0.00306749367155, 0.00713932793587, 0.00344889401458, 0.00144554837607, 0.00221116840839, 0.00185146986041, 0.000882617896423, 0.00123213522602, 0.00171863636933, 0.000893906631973, 0.00104974291753, 0.000924255466089, 0.000819540640805, 0.000547703471966, 0.000311170850182, 0.000385819294024, 0.000270089600235, 0.000546852243133, 0.000475329754408, 0.000744464690797, 0.000634621479549, 0.000262404530076, 0.000241790316068, 0.000174834465724, 0.000154070119606, 0.000285197544144, 9.90471598925e-05, 0.000114557115012, 9.30137684918e-05, 0.000151180036482, 0.000143933357322, 0.000115814829769, 6.57992131892e-05, 6.59701909171e-05, 0.000101187477412, 6.85199338477e-05],
        "mean": [0.00520998938009, 0.00284070032649, 0.000830990145914, 0.000150427018525, 0.000120886426885, 0.000219765803195, 0.00015971576795, 8.65226029418e-05, 0.000127063060063, 7.16275317245e-05, 5.31424739165e-05, 2.84049383481e-05, 2.76749888144e-05, 2.26842839766e-05, 2.49362492468e-05, 3.02730804833e-05, 3.41542472597e-05, 2.86956692435e-05, 2.35538991546e-05, 1.96499640879e-05, 2.03458384931e-05, 2.47207353823e-05, 2.04159259738e-05, 1.89798065549e-05, 1.21547682284e-05, 8.09326593298e-06, 8.22164656711e-06, 5.68355426367e-06, 6.16384340901e-06, 5.76971388e-06, 2.44772627411e-06, 2.33384116655e-06, 1.9225210508e-06, 2.71018120657e-06, 3.40697215506e-06, 2.9086440918e-06, 1.83125962394e-06, 1.63118920682e-06, 2.07027323995e-06, 1.68502288034e-06],
        "median": [2.95543190987e-06, 2.61954883172e-05, 4.01661236538e-05, 6.12348085269e-05, 5.06408359797e-05, 4.60705959995e-05, 3.58111828973e-05, 2.15342934098e-05, 2.77216822724e-05, 1.15556049423e-05, 8.98496091395e-06, 3.65456935469e-06, 3.51420771949e-06, 2.47728689828e-06, 2.29581087297e-06, 3.71286955669e-06, 5.28336431671e-06, 5.28491227669e-06, 5.69195799471e-06, 5.18590650245e-06, 4.4938328756e-06, 4.26628594141e-06, 1.7585985006e-06, 7.65072854847e-07, 5.08668620114e-07, 1.01364400962e-06, 1.07311245756e-06, 8.70420763022e-07, 7.25404163404e-07, 2.59696832927e-07, 7.47436956772e-08, 5.66102826838e-08, 5.2203652956e-08, 8.20686381076e-08, 1.09774603629e-07, 1.11473269726e-07, 7.86886005244e-08, 4.09847693561e-08, 2.39350015363e-08, 1.38362423741e-08],
        "min": [5.87388236053e-24, 5.62891462262e-24, 7.66964887505e-24, 2.60592469203e-24, 2.58183209112e-24, 3.83077403121e-24, 6.35788994108e-24, 3.1285225592e-24, 5.24035645059e-24, 5.7386408358e-24, 4.87940643809e-24, 3.83851591213e-24, 7.69822851679e-24, 4.41903668013e-24, 5.00730918982e-24, 5.41186979974e-24, 9.64741309458e-24, 7.85154284486e-24, 8.27110561705e-24, 6.072389741e-24, 6.00969541499e-24, 4.35342672421e-24, 7.14192380643e-24, 5.93857526565e-24, 6.2913893612e-24, 7.91997889497e-24, 7.19418268595e-24, 1.04756089711e-23, 4.69997213659e-24, 7.07123398071e-24, 8.87570912519e-24, 9.8921335246e-24, 6.73827551414e-24, 8.88707424425e-24, 7.57436157745e-24, 7.69789482862e-24, 6.95964329478e-24, 7.85730310719e-24, 7.95135347089e-24, 8.36428192287e-24],
        "stdev": [0.0105398539454, 0.00850417092443, 0.00345818838105, 0.000257901585428, 0.000254710612353, 0.000761147821322, 0.000348820263753, 0.000171998064616, 0.000240767214564, 0.000166405850905, 0.000109206550405, 8.99958904483e-05, 9.55537107075e-05, 6.82295867591e-05, 8.26636969578e-05, 7.80785994721e-05, 6.95429043844e-05, 5.67093702557e-05, 4.12705157942e-05, 3.66490639863e-05, 3.60181547876e-05, 5.36144871148e-05, 5.625682752e-05, 8.04110823083e-05, 5.97604375798e-05, 2.79431988019e-05, 2.34709495999e-05, 1.77415131475e-05, 1.78079153557e-05, 2.76877326542e-05, 1.16669634735e-05, 1.13054265967e-05, 9.47053467826e-06, 1.43045790537e-05, 1.59581413754e-05, 1.26961813294e-05, 7.363106306e-06, 7.44292992749e-06, 1.06168126877e-05, 8.36674007587e-06],
        "var": [0.000111088513222, 7.23209159332e-05, 1.19590667964e-05, 6.65132233735e-08, 6.48774971523e-08, 5.79346021823e-07, 1.21675569176e-07, 2.95833348929e-08, 5.79688546054e-08, 2.76909055685e-08, 1.19260707976e-08, 8.09926081757e-09, 9.13051145801e-09, 4.65527660864e-09, 6.83328638118e-09, 6.09626793491e-09, 4.83621587222e-09, 3.21595283737e-09, 1.70325553661e-09, 1.3431538104e-09, 1.29730759468e-09, 2.87451307202e-09, 3.16483084184e-09, 6.46594244813e-09, 3.57130969242e-09, 7.80822406732e-10, 5.5088550388e-10, 3.14761300357e-10, 3.17121828797e-10, 7.66610497305e-10, 1.36118033511e-10, 1.27812677109e-10, 8.96910185011e-11, 2.04620986821e-10, 2.54662291255e-10, 1.61193017267e-10, 5.42153336114e-11, 5.53972076545e-11, 1.12716717904e-10, 7.00023372602e-11]
    },
    "melbands128": {
