{
"lowlevel": {
    "average_loudness": 0.948255240917,
    "barkbands_crest": {
        "dmean": 2.07391548157,
        "dmean2": 3.32622027397,
        "dvar": 4.19573259354,
        "dvar2": 11.193365097,
        "max": 24.7682151794,
        "mean": 10.9776172638,
        "median": 10.4184379578,
        "min": 4.41489124298,
        "stdev": 3.54255795479,
        "var": 12.5497169495
    },
    "barkbands_flatness_db": {
        "dmean": 0.0201148595661,
        "dmean2": 0.02913136594,
        "dvar": 0.000475977780297,
        "dvar2": 0.000926638487726,
        "max": 0.561029553413,
        "mean": 0.237450554967,
        "median": 0.221546813846,
        "min": 0.0663394480944,
        "stdev": 0.0738672763109,
        "var": 0.00545637402683
    },
    "barkbands_kurtosis": {
        "dmean": 3.80912542343,
        "dmean2": 5.75863170624,
        "dvar": 34.5448570251,
        "dvar2": 77.9627990723,
        "max": 93.754776001,
        "mean": 10.0726919174,
        "median": 6.4803943634,
        "min": -1.94521856308,
        "stdev": 12.9800491333,
        "var": 168.481674194
    },
    "barkbands_skewness": {
        "dmean": 0.470495581627,
        "dmean2": 0.703162610531,
        "dvar": 0.312808662653,
        "dvar2": 0.673340916634,
        "max": 8.72226524353,
        "mean": 1.87147986889,
        "median": 1.63677406311,
        "min": -1.15147006512,
        "stdev": 1.36472952366,
        "var": 1.86248672009
    },
    "barkbands_spread": {
        "dmean": 2.3917760849,
        "dmean2": 3.53981137276,
        "dvar": 29.6851119995,
        "dvar2": 50.121006012,
        "max": 87.3658828735,
        "mean": 9.13320064545,
        "median": 7.02198839188,
        "min": 0.643003761768,
        "stdev": 10.4533596039,
        "var": 109.272727966
    },
    "dissonance": {
        "dmean": 0.0367712564766,
        "dmean2": 0.0598771236837,
        "dvar": 0.00120628916193,
        "dvar2": 0.00318395462818,
        "max": 0.498155325651,
        "mean": 0.395832508802,
        "median": 0.404227942228,
        "min": 0.118679270148,
        "stdev": 0.0566717945039,
        "var": 0.00321169220842
    },
    "dynamic_complexity": 3.01951408386,
    "erbbands_crest": {
        "dmean": 2.71629858017,
        "dmean2": 4.30577850342,
        "dvar": 7.18126964569,
        "dvar2": 17.3776130676,
        "max": 32.1543769836,
        "mean": 12.8373661041,
        "median": 12.3862800598,
        "min": 3.68040823936,
        "stdev": 4.26804113388,
        "var": 18.2161769867
    },
    "erbbands_flatness_db": {
        "dmean": 0.0175332948565,
        "dmean2": 0.0243270751089,
        "dvar": 0.000390453467844,
        "dvar2": 0.00080737634562,
        "max": 0.3883446455,
        "mean": 0.22903445363,
        "median": 0.226917237043,
        "min": 0.0813978016376,
        "stdev": 0.0471516214311,
        "var": 0.00222327536903
    },
    "erbbands_kurtosis": {
        "dmean": 2.03027319908,
        "dmean2": 3.10022807121,
        "dvar": 8.17287158966,
        "dvar2": 18.7368011475,
        "max": 42.7931480408,
        "mean": 4.61116695404,
        "median": 3.27616024017,
        "min": -1.81950128078,
        "stdev": 5.25150966644,
        "var": 27.5783538818
    },
    "erbbands_skewness": {
        "dmean": 0.405678153038,
        "dmean2": 0.604267179966,
        "dvar": 0.181454390287,
        "dvar2": 0.398087412119,
        "max": 5.19337272644,
        "mean": 1.2847366333,
        "median": 1.29038155079,
        "min": -1.67713880539,
        "stdev": 1.01612567902,
        "var": 1.0325114727
    },
    "erbbands_spread": {
        "dmean": 5.36056947708,
        "dmean2": 7.92758989334,
        "dvar": 97.1505203247,
        "dvar2": 194.818618774,
        "max": 137.359741211,
        "mean": 22.1468868256,
        "median": 15.8747243881,
        "min": 3.33899879456,
        "stdev": 19.2959346771,
        "var": 372.333129883
    },
    "hfc": {
        "dmean": 3.62913107872,
        "dmean2": 4.86087751389,
        "dvar": 30.4064006805,
        "dvar2": 52.8644638062,
        "max": 118.280281067,
        "mean": 17.05676651,
        "median": 10.4992370605,
        "min": 0.000929042347707,
        "stdev": 17.0661716461,
        "var": 291.254211426
    },
    "loudness_ebu128": {
        "integrated": -11.8078384399,
        "loudness_range": 3.61507129669,
        "momentary": {
            "dmean": 0.644435584545,
            "dmean2": 0.593031525612,
            "dvar": 0.344694286585,
            "dvar2": 0.373301297426,
            "max": -8.53052711487,
            "mean": -12.4060373306,
            "median": -11.9902763367,
            "min": -21.3763751984,
            "stdev": 2.52398300171,
            "var": 6.37049055099
        },
        "short_term": {
            "dmean": 0.100143492222,
            "dmean2": 0.0779241994023,
            "dvar": 0.0097888102755,
            "dvar2": 0.00494326418266,
            "max": -10.3555297852,
            "mean": -12.1245164871,
            "median": -11.7833213806,
            "min": -17.4957084656,
            "stdev": 1.48641145229,
            "var": 2.20941901207
        }
    },
    "melbands_crest": {
        "dmean": 2.3267416954,
        "dmean2": 3.69458866119,
        "dvar": 5.51432228088,
        "dvar2": 14.4048519135,
        "max": 29.3451271057,
        "mean": 13.6330871582,
        "median": 12.8304300308,
        "min": 5.64868831635,
        "stdev": 4.21374797821,
        "var": 17.7556705475
    },
    "melbands_flatness_db": {
        "dmean": 0.0212811138481,
        "dmean2": 0.0298082809895,
        "dvar": 0.000582175794989,
        "dvar2": 0.00104790006299,
        "max": 0.660857915878,
        "mean": 0.299337178469,
        "median": 0.283418089151,
        "min": 0.0862054675817,
        "stdev": 0.0914548784494,
        "var": 0.00836399476975
    },
    "melbands_kurtosis": {
        "dmean": 5.51423215866,
        "dmean2": 8.41937828064,
        "dvar": 88.5287017822,
        "dvar2": 206.729309082,
        "max": 146.699920654,
        "mean": 14.1021680832,
        "median": 7.63075733185,
        "min": -1.35563182831,
        "stdev": 19.4771232605,
        "var": 379.358337402
    },
    "melbands_skewness": {
        "dmean": 0.530586242676,
        "dmean2": 0.774007737637,
        "dvar": 0.427129656076,
        "dvar2": 0.936461150646,
        "max": 8.67941093445,
        "mean": 2.0716445446,
        "median": 1.78276097775,
        "min": -0.961984336376,
        "stdev": 1.63123786449,
        "var": 2.66093683243
    },
    "melbands_spread": {
        "dmean": 2.69032907486,
        "dmean2": 4.00799465179,
        "dvar": 29.1059818268,
        "dvar2": 55.3590736389,
        "max": 98.511390686,
        "mean": 10.8744363785,
        "median": 8.66627883911,
        "min": 0.622458815575,
        "stdev": 10.1425514221,
        "var": 102.871353149
    },
    "pitch_salience": {
        "dmean": 0.0546401180327,
        "dmean2": 0.0862245187163,
        "dvar": 0.00307083432563,
        "dvar2": 0.00747262686491,
        "max": 0.892317891121,
        "mean": 0.565485179424,
        "median": 0.56961196661,
        "min": 0.18471904099,
        "stdev": 0.114429697394,
        "var": 0.0130941551179
    },
    "silence_rate_20dB": {
        "dmean": 0,
        "dmean2": 0,
        "dvar": 0,
        "dvar2": 0,
        "max": 1,
        "mean": 1,
        "median": 1,
        "min": 1,
        "stdev": 0,
        "var": 0
    },
    "silence_rate_30dB": {
        "dmean": 0,
        "dmean2": 0,
        "dvar": 0,
        "dvar2": 0,
        "max": 1,
        "mean": 1,
        "median": 1,
        "min": 1,
        "stdev": 0,
        "var": 0
    },
    "silence_rate_60dB": {
        "dmean": 0.011609907262,
        "dmean2": 0.0224632062018,
        "dvar": 0.011474958621,
        "dvar2": 0.0250572450459,
        "max": 1,
        "mean": 0.0201082751155,
        "median": 0,
        "min": 0,
        "stdev": 0.140370756388,
        "var": 0.0197039488703
    },
    "spectral_centroid": {
        "dmean": 98.7474517822,
        "dmean2": 143.641357422,
        "dvar": 25037.1679688,
        "dvar2": 49949.1757812,
        "max": 2381.38769531,
        "mean": 658.959472656,
        "median": 574.312072754,
        "min": 159.333587646,
        "stdev": 377.080810547,
        "var": 142189.9375
    },
    "spectral_complexity": {
        "dmean": 1.35061919689,
        "dmean2": 2.08985280991,
        "dvar": 2.37012219429,
        "dvar2": 4.54345035553,
        "max": 22,
        "mean": 10.0711526871,
        "median": 10,
        "min": 0,
        "stdev": 3.94582986832,
        "var": 15.5695734024
    },
    "spectral_decrease": {
        "dmean": 1.41675982057e-09,
        "dmean2": 2.04937378179e-09,
        "dvar": 2.85626623567e-18,
        "dvar2": 6.52709072134e-18,
        "max": -2.09862102739e-13,
        "mean": -6.75822509066e-09,
        "median": -6.23310958403e-09,
        "min": -2.23217124784e-08,
        "stdev": 4.08487155212e-09,
        "var": 1.66861751753e-17
    },
    "spectral_energy": {
        "dmean": 0.00563506502658,
        "dmean2": 0.0081174345687,
        "dvar": 4.55607114418e-05,
        "dvar2": 0.000102648016764,
        "max": 0.0897562801838,
        "mean": 0.0270541831851,
        "median": 0.0246047135442,
        "min": 8.76335263911e-07,
        "stdev": 0.0166811514646,
        "var": 0.000278260791674
    },
    "spectral_energyband_high": {
        "dmean": 8.87083151611e-05,
        "dmean2": 0.000124607715406,
        "dvar": 5.12056956836e-08,
        "dvar2": 9.91613120505e-08,
        "max": 0.00477071339265,
        "mean": 0.000236672363826,
        "median": 7.38874514354e-05,
        "min": 2.56498622342e-09,
        "stdev": 0.000419325166149,
        "var": 1.75833605454e-07
    },
    "spectral_energyband_low": {
        "dmean": 0.000830924836919,
        "dmean2": 0.00124532717746,
        "dvar": 2.69417296295e-06,
        "dvar2": 6.31592683931e-06,
        "max": 0.0355187095702,
        "mean": 0.00391137553379,
        "median": 0.00250353291631,
        "min": 6.84435441656e-09,
        "stdev": 0.00447415839881,
        "var": 2.00180929824e-05
    },
    "spectral_energyband_middle_high": {
        "dmean": 0.00162026612088,
        "dmean2": 0.0019970794674,
        "dvar": 9.6696012406e-06,
        "dvar2": 1.45932226587e-05,
        "max": 0.0692838057876,
        "mean": 0.00590610317886,
        "median": 0.00119112350512,
        "min": 4.29274649605e-07,
        "stdev": 0.00993589218706,
        "var": 9.8721953691e-05
    },
    "spectral_energyband_middle_low": {
        "dmean": 0.00489300861955,
        "dmean2": 0.00732860015705,
        "dvar": 3.90851964767e-05,
        "dvar2": 9.43245177041e-05,
        "max": 0.0878524184227,
        "mean": 0.0182855818421,
        "median": 0.0163998696953,
        "min": 4.66996738169e-07,
        "stdev": 0.0124063203111,
        "var": 0.000153916786076
    },
    "spectral_entropy": {
        "dmean": 0.201596260071,
        "dmean2": 0.289566785097,
        "dvar": 0.0535812750459,
        "dvar2": 0.098261512816,
        "max": 8.62713241577,
        "mean": 6.51318264008,
        "median": 6.58250808716,
        "min": 4.67962694168,
        "stdev": 0.656621277332,
        "var": 0.431151539087
    },
    "spectral_flux": {
        "dmean": 0.021793499589,
        "dmean2": 0.0333193466067,
        "dvar": 0.000567497918382,
        "dvar2": 0.00125253375154,
        "max": 0.246509283781,
        "mean": 0.0617496706545,
        "median": 0.05211468786,
        "min": 0.000936127791647,
        "stdev": 0.0428516082466,
        "var": 0.00183626019862
    },
    "spectral_kurtosis": {
        "dmean": 4.68447113037,
        "dmean2": 7.49149084091,
        "dvar": 68.8594055176,
        "dvar2": 164.537979126,
        "max": 214.086685181,
        "mean": 12.7600421906,
        "median": 8.38138008118,
        "min": -1.0815461874,
        "stdev": 16.3566188812,
        "var": 267.538970947
    },
    "spectral_rms": {
        "dmean": 0.000541285029612,
        "dmean2": 0.000765230506659,
        "dvar": 3.56188252226e-07,
        "dvar2": 7.06358605385e-07,
        "max": 0.00935772992671,
        "mean": 0.00487133022398,
        "median": 0.00489944871515,
        "min": 2.92397198791e-05,
        "stdev": 0.00163231394254,
        "var": 2.66444862973e-06
    },
    "spectral_rolloff": {
        "dmean": 195.264801025,
        "dmean2": 330.552764893,
        "dvar": 569721.5625,
        "dvar2": 1112056.625,
        "max": 12316.9921875,
        "mean": 887.473815918,
        "median": 581.396484375,
        "min": 150.732421875,
        "stdev": 1197.58178711,
        "var": 1434202
    },
    "spectral_skewness": {
        "dmean": 0.415777474642,
        "dmean2": 0.641926586628,
        "dvar": 0.259987682104,
        "dvar2": 0.598719477654,
        "max": 11.852725029,
        "mean": 2.65470027924,
        "median": 2.4164891243,
        "min": 0.145970866084,
        "stdev": 1.18431198597,
        "var": 1.40259492397
    },
    "spectral_spread": {
        "dmean": 519271.96875,
        "dmean2": 747720.375,
        "dvar": 844136251392,
        "dvar2": 1.0862772224e+12,
        "max": 25700082,
        "mean": 3836214.5,
        "median": 3658250,
        "min": 465050,
        "stdev": 1881235.125,
        "var": 3.53904544973e+12
    },
    "spectral_strongpeak": {
        "dmean": 0.524733901024,
        "dmean2": 0.858319461346,
        "dvar": 0.689824044704,
        "dvar2": 1.59723091125,
        "max": 13.454624176,
        "mean": 1.60514903069,
        "median": 0.841245949268,
        "min": 0.00154657813255,
        "stdev": 1.70845866203,
        "var": 2.91883111
    },
    "zerocrossingrate": {
        "dmean": 0.00594705389813,
        "dmean2": 0.00649213604629,
        "dvar": 0.000128226645757,
        "dvar2": 0.000107609361294,
        "max": 0.294921875,
        "mean": 0.0363080352545,
        "median": 0.02978515625,
        "min": 0.005859375,
        "stdev": 0.0313272885978,
        "var": 0.000981398974545
    },
    "barkbands": {
        "dmean": [7.8989415897e-07, 0.000155177549459, 0.000524624367245, 0.000435849564383, 0.00244776695035, 0.000982060912065, 0.000923297426198, 0.00100753328297, 0.00136634951923, 0.00085701973876, 0.000373501185095, 0.000347758177668, 0.000445047946414, 0.000458488299046, 0.000176495828782, 8.52978992043e-05, 8.30319331726e-05, 5.98203259869e-05, 1.78427635547e-05, 2.8659012969e-05, 1.51646991071e-05, 2.73263776762e-05, 2.32589536608e-05, 1.71972005774e-05, 1.1364337297e-05, 9.50045159698e-06, 6.98338794791e-07],
        "dmean2": [1.40795850712e-06, 0.00019469113613, 0.000794370193034, 0.000683623598889, 0.00398885272443, 0.00146419205703, 0.00133581890259, 0.00145669328049, 0.00180953997187, 0.0010601360118, 0.000491693499498, 0.000485333992401, 0.000650346977636, 0.000622415333055, 0.000254026555922, 0.000108075459138, 0.00011608377099, 9.20906386455e-05, 2.70071686828e-05, 4.29420833825e-05, 2.27892905968e-05, 4.11901637563e-05, 3.36825942213e-05, 2.67712803179e-05, 1.66346744663e-05, 1.40663241837e-05, 1.07429946183e-06],
        "dvar": [1.30044031099e-11, 1.64979610418e-07, 1.40471911436e-06, 5.01692397847e-07, 1.0498132724e-05, 3.20971207657e-06, 5.876015166e-06, 8.27439180284e-06, 1.52324737428e-05, 4.39531049778e-06, 7.89917180555e-07, 1.22278242998e-06, 2.35425181927e-06, 2.75376874015e-06, 4.53877078144e-07, 3.38672890621e-07, 1.05769807135e-07, 3.96022592497e-08, 2.15495443712e-09, 3.98785804379e-09, 8.44250669374e-10, 4.52103998683e-09, 3.05051273131e-09, 3.50840645424e-09, 2.41131048462e-09, 3.75257469543e-09, 1.88071086482e-11],
        "dvar2": [3.67353474029e-11, 2.34868991811e-07, 3.30101124746e-06, 1.2875370885e-06, 3.06223555526e-05, 7.8298508015e-06, 1.2517725736e-05, 1.94043641386e-05, 2.84429115709e-05, 6.27594408797e-06, 1.22009305414e-06, 2.50398261414e-06, 4.89424428451e-06, 4.2396727622e-06, 7.37769084935e-07, 5.04233241827e-07, 2.13898005086e-07, 8.53361541431e-08, 4.72627226245e-09, 8.60033377847e-09, 1.81121129206e-09, 1.06470272598e-08, 6.31962793207e-09, 8.10031863807e-09, 4.71671013358e-09, 7.78766384713e-09, 4.56417507955e-11],
        "max": [6.84988553985e-05, 0.0166395790875, 0.0246184077114, 0.00973061006516, 0.0339771285653, 0.0256737731397, 0.0598807409406, 0.0414662398398, 0.08216894418, 0.0483577400446, 0.023957144469, 0.0259919166565, 0.0312063563615, 0.0498773157597, 0.0155425239354, 0.0234043970704, 0.00975465029478, 0.00532513577491, 0.000956470903475, 0.00136676023249, 0.000580099469516, 0.0012136856094, 0.00107129383832, 0.00125589058734, 0.00104658247437, 0.00162104668561, 0.000111049484985],
        "mean": [7.4483938306e-07, 0.000797585118562, 0.00244291895069, 0.00115780963097, 0.00558584090322, 0.00317719625309, 0.00203932379372, 0.00190891150851, 0.00301255169325, 0.00239337724634, 0.000935299845878, 0.000725142424926, 0.000832039280795, 0.000962910417002, 0.000370533205569, 0.000121529090393, 0.000163174496265, 0.000131069740746, 3.03652250295e-05, 5.95919118496e-05, 3.10372342938e-05, 5.63061585126e-05, 5.07758159074e-05, 2.99209750665e-05, 2.09255213122e-05, 1.64576922543e-05, 8.72873272328e-07],
        "median": [1.41000612075e-07, 7.85205702414e-05, 0.000933898088988, 0.000786574091762, 0.00422178953886, 0.00183024082799, 0.00101739913225, 0.000385974504752, 0.000174044791493, 0.000157223374117, 5.45003204024e-05, 0.000116632625577, 4.64753247797e-05, 3.6157471186e-05, 2.83554218186e-05, 1.36654598464e-05, 2.45027658821e-05, 2.54142632912e-05, 1.01055138657e-05, 1.46553729792e-05, 1.11205217763e-05, 1.04310538518e-05, 8.8972856247e-06, 5.55404949409e-06, 3.83235465051e-06, 2.42879764301e-06, 3.57671616769e-08],
        "min": [1.31356328592e-10, 2.52726373162e-09, 2.5875390719e-09, 2.40260700224e-09, 3.63962393557e-09, 1.07260182958e-08, 1.00224717414e-08, 3.29676410615e-08, 4.92457061796e-08, 1.45829702092e-07, 6.25315088598e-09, 2.40422011188e-08, 2.95187749799e-08, 2.46075213539e-08, 2.10767314712e-08, 9.93765514323e-10, 2.59721222307e-09, 1.45395140372e-09, 5.64533642056e-10, 6.81780853995e-10, 1.2236084368e-09, 2.35769431756e-10, 1.51711171403e-10, 8.30358073967e-11, 5.88837589799e-11, 1.83823591657e-13, 1.18835063317e-13],
        "stdev": [3.05852381643e-06, 0.00161182589363, 0.00317321671173, 0.00135185732506, 0.00482695130631, 0.00358604406938, 0.00330638303421, 0.00402480084449, 0.00733317853883, 0.00577180786058, 0.00210546189919, 0.00169786100741, 0.00230915984139, 0.00356724928133, 0.00131033966318, 0.000909297377802, 0.000561856082641, 0.000461801799247, 6.56575284665e-05, 0.000113819660328, 4.96867760376e-05, 0.000106855492049, 0.000101197423646, 8.30672797747e-05, 7.05929269316e-05, 7.73843930801e-05, 5.30536181031e-06],
        "var": [9.35456746787e-12, 2.59798252955e-06, 1.00693041531e-05, 1.8275183038e-06, 2.32994589169e-05, 1.28597121147e-05, 1.09321690616e-05, 1.61990228662e-05, 5.37755076948e-05, 3.33137650159e-05, 4.4329699449e-06, 2.882732133e-06, 5.33221918886e-06, 1.27252678794e-05, 1.71699002749e-06, 8.26821747069e-07, 3.15682228802e-07, 2.13260889836e-07, 4.31091073949e-09, 1.29549153627e-08, 2.46877585042e-09, 1.14180958022e-08, 1.02409192237e-08, 6.90017243343e-09, 4.98336172328e-09, 5.98834448695e-09, 2.8146865047e-11]
    },
    "erbbands": {
        "dmean": [0.00123110751156, 0.0501088611782, 0.468160867691, 1.17015385628, 3.98726511002, 9.86645030975, 9.64742565155, 7.27020788193, 12.2140684128, 16.6331005096, 23.4534339905, 29.0951442719, 37.7169342041, 15.5567026138, 13.4992275238, 14.2468938828, 16.91929245, 21.8691596985, 14.4942731857, 5.59341049194, 3.70636081696, 3.65846729279, 2.96093702316, 1.36177313328, 0.786976218224, 1.39886498451, 0.684101939201, 0.706504881382, 0.981501221657, 0.941299319267, 0.569829165936, 0.441970974207, 0.23660556972, 0.104828245938, 0.102608963847, 0.0558560863137, 0.0149939050898, 0.00239813956432, 7.08370498614e-05, 7.64676860854e-06],
        "dmean2": [0.00178878824227, 0.0636987909675, 0.68636059761, 1.84248125553, 6.25483751297, 16.4573955536, 14.8058204651, 11.2641305923, 17.621925354, 24.9671516418, 32.0702018738, 38.188873291, 44.8123474121, 18.8349590302, 16.6277503967, 19.9567394257, 23.4323997498, 28.4074745178, 19.2439613342, 7.12545251846, 5.45984840393, 4.98270082474, 4.40222358704, 1.9796602726, 1.1578400135, 2.0583884716, 1.02940952778, 1.0330272913, 1.4515683651, 1.43453574181, 0.825477004051, 0.702825725079, 0.362796962261, 0.158681437373, 0.144483447075, 0.0814535170794, 0.0220266561955, 0.00375336362049, 0.000109365704702, 1.10973223855e-05],
        "dvar": [1.33052781166e-05, 0.0160591509193, 1.132365942, 4.32171773911, 51.4040718079, 236.635665894, 236.760498047, 238.229782104, 720.098571777, 4118.82226562, 4438.25244141, 11001.0058594, 8165.1796875, 1823.35852051, 1130.78088379, 2005.7244873, 3083.57348633, 5837.49365234, 3711.06396484, 1048.27172852, 257.249206543, 182.454574585, 88.5575942993, 10.3879203796, 3.19880199432, 10.2203378677, 1.7821239233, 1.92337501049, 7.08331251144, 3.96377277374, 2.34600186348, 3.34383916855, 0.447518497705, 0.165789738297, 0.213594064116, 0.153905183077, 0.0080841742456, 0.000212684084545, 1.59593142257e-07, 1.52014539845e-10],
        "dvar2": [2.89692143269e-05, 0.0232479535043, 2.48555397987, 11.6441087723, 118.130104065, 719.425354004, 599.498901367, 643.019165039, 1629.69543457, 10160.1103516, 9060.76953125, 22559.4101562, 11166.6308594, 2411.81835938, 1602.0168457, 4177.56542969, 6440.42675781, 10477.7626953, 5619.76806641, 1674.86352539, 591.231506348, 356.911315918, 187.252578735, 23.3512363434, 6.69337081909, 21.2054634094, 4.13130235672, 3.97966313362, 17.6797599792, 9.09537887573, 4.63745498657, 8.50095939636, 0.917819797993, 0.369480788708, 0.410666882992, 0.325476318598, 0.0168053153902, 0.000479181326227, 3.6570244788e-07, 3.52437828921e-10],
        "max": [0.0741015970707, 5.19907855988, 25.8476715088, 41.7162780762, 139.938919067, 164.607589722, 266.439331055, 240.460739136, 373.896942139, 1270.15014648, 867.906982422, 2509.27563477, 1869.29992676, 1139.55358887, 1259.42041016, 1085.62536621, 1313.37939453, 1571.53112793, 1880.10205078, 1124.45373535, 398.325866699, 411.790374756, 251.772293091, 56.6683044434, 46.3165473938, 61.8260765076, 27.8439273834, 26.14793396, 53.5307655334, 26.9389476776, 30.1398887634, 42.1997909546, 9.86886024475, 7.80266571045, 11.3601675034, 11.2217922211, 2.16993117332, 0.33999761939, 0.00942158419639, 0.000231160796829],
        "mean": [0.00586230587214, 0.267357766628, 2.28967380524, 3.97378396988, 9.28788852692, 20.7257900238, 26.2659778595, 22.5707263947, 31.1631355286, 30.9156265259, 48.0703125, 59.5263328552, 103.102127075, 47.5156135559, 39.2565116882, 33.1786384583, 37.5263557434, 52.2247505188, 34.6856269836, 10.010304451, 6.60388946533, 8.80694007874, 7.2732758522, 2.72726249695, 1.5037484169, 2.93619894981, 1.41701126099, 1.47913265228, 1.97417867184, 2.01436090469, 1.23581266403, 0.730949819088, 0.431648939848, 0.176417887211, 0.187662601471, 0.095538392663, 0.0247048381716, 0.00373538560234, 0.000116361377877, 3.44451946148e-05],
        "median": [0.000890417490155, 0.0554011836648, 0.832305312157, 2.62764143944, 5.15242433548, 13.6700639725, 15.6918439865, 11.5567846298, 14.328915596, 12.8574438095, 10.3744983673, 6.85926246643, 6.51080465317, 4.980073452, 3.92533016205, 6.38411331177, 3.04895281792, 2.32456374168, 1.96343696117, 1.28468537331, 1.46412336826, 1.53178882599, 1.55343079567, 0.982632517815, 0.581506252289, 0.704200685024, 0.565715610981, 0.395825237036, 0.404521256685, 0.300356656313, 0.243781745434, 0.140260234475, 0.0870980173349, 0.0367690511048, 0.0334949605167, 0.0138873970136, 0.00329411868006, 0.000415567250457, 2.52394274867e-05, 2.96929520118e-05],
        "min": [5.82365622392e-08, 6.38815492948e-07, 2.86436966235e-06, 6.4386140366e-06, 8.83776374394e-06, 1.20900540423e-05, 3.59548685083e-05, 0.000105870385596, 0.000161988209584, 0.00016509447596, 0.00170910090674, 0.00595643976703, 0.00582810025662, 0.00173582427669, 0.0004728998465, 0.00129662384279, 0.00498419534415, 0.0065143443644, 0.00333879212849, 0.000327066809405, 6.53200404486e-05, 0.000141848810017, 0.000100529818155, 3.59941586794e-05, 4.09756903537e-05, 8.40989450808e-05, 4.78867405036e-05, 3.4732871427e-05, 1.33109779199e-05, 8.2872229541e-06, 6.66515234116e-06, 4.82516406919e-06, 5.06734022565e-06, 4.12650160797e-06, 3.15693910125e-06, 1.30928947328e-06, 4.3167941044e-07, 8.08080358183e-08, 3.35524141803e-08, 4.16148093763e-09],
        "stdev": [0.0104323010892, 0.499235749245, 3.00932264328, 4.48203659058, 11.5237226486, 21.670381546, 30.2098350525, 28.6620101929, 44.1906280518, 70.7980041504, 104.975097656, 155.632247925, 227.140319824, 122.458770752, 92.1641464233, 71.3249130249, 94.0339355469, 149.201507568, 132.323928833, 49.9979705811, 23.5738544464, 32.7436065674, 23.7792892456, 5.06657409668, 2.80213189125, 5.6874127388, 2.18990182877, 2.55871462822, 3.86078763008, 3.6235742569, 2.66832017899, 2.35752749443, 1.02915143967, 0.549080133438, 0.662388086319, 0.456628680229, 0.118350893259, 0.0205864496529, 0.000551255943719, 2.42804435402e-05],
        "var": [0.00010883291543, 0.249236345291, 9.05602264404, 20.0886535645, 132.796188354, 469.605438232, 912.634094238, 821.510803223, 1952.81164551, 5012.35693359, 11019.7705078, 24221.3945312, 51592.7226562, 14996.1503906, 8494.22949219, 5087.24316406, 8842.38085938, 22261.0878906, 17509.6210938, 2499.79711914, 555.726623535, 1072.14367676, 565.454589844, 25.6701717377, 7.85194253922, 32.3466644287, 4.79567050934, 6.54702091217, 14.9056816101, 13.1302900314, 7.11993217468, 5.55793571472, 1.05915272236, 0.301488995552, 0.43875798583, 0.208509758115, 0.0140069341287, 0.00042380191735, 3.0388309824e-07, 5.89539972395e-10]
    },
    "gfcc": {
        "mean": [-57.3867454529, 122.535926819, -103.915382385, 7.09685707092, -75.8069076538, -1.71206307411, -47.7233543396, -9.6929101944, -30.9641361237, -8.38732719421, -18.2808570862, -4.30892705917, -15.434261322],
        "cov": [[6178.9453125, -2564.06811523, -1773.53540039, -1098.82568359, -1124.29577637, 649.148010254, -45.7196617126, 276.353424072, -358.157928467, 270.057189941, -656.320983887, 121.987915039, -237.549072266], [-2564.06811523, 2582.41552734, 803.714782715, 509.830444336, 867.890197754, -240.811309814, 306.508911133, -62.6281013489, 271.832733154, -194.69732666, 598.267456055, -172.606658936, 152.749450684], [-1773.53540039, 803.714782715, 1411.68347168, 656.231628418, 235.478210449, -96.0340957642, 0.232766658068, 20.7311496735, 142.010375977, -14.587105751, 223.374557495, 59.1039085388, 37.3100166321], [-1098.82568359, 509.830444336, 656.231628418, 832.741271973, 306.11819458, -212.022155762, -113.879646301, 39.9261360168, 182.789581299, -61.5124320984, 198.510681152, 41.170173645, 107.905647278], [-1124.29577637, 867.890197754, 235.478210449, 306.11819458, 568.725891113, -113.290214539, 59.9387283325, -1.76658022404, 103.531143188, -69.8132400513, 221.848846436, -71.1920318604, 82.697052002], [649.148010254, -240.811309814, -96.0340957642, -212.022155762, -113.290214539, 373.35333252, 123.173469543, 22.42918396, -44.0281105042, 66.8617553711, -42.0029144287, -19.0339202881, -44.1964874268], [-45.7196617126, 306.508911133, 0.232766658068, -113.879646301, 59.9387283325, 123.173469543, 274.755401611, -2.77434539795, -24.9287948608, 17.5691337585, 45.3410949707, -63.7730331421, -13.5378198624], [276.353424072, -62.6281013489, 20.7311496735, 39.9261360168, -1.76658022404, 22.42918396, -2.77434539795, 137.445114136, 32.190196991, 20.9807491302, -14.5848093033, 18.8882255554, 0.80865073204], [-358.157928467, 271.832733154, 142.010375977, 182.789581299, 103.531143188, -44.0281105042, -24.9287948608, 32.190196991, 199.934020996, -5.01294469833, 77.1839294434, 7.82921028137, 43.313495636], [270.057189941, -194.69732666, -14.587105751, -61.5124320984, -69.8132400513, 66.8617553711, 17.5691337585, 20.9807491302, -5.01294469833, 119.114707947, -35.1234474182, 8.55434036255, -24.1062297821], [-656.320983887, 598.267456055, 223.374557495, 198.510681152, 221.848846436, -42.0029144287, 45.3410949707, -14.5848093033, 77.1839294434, -35.1234474182, 272.704559326, -12.632060051, 41.444896698], [121.987915039, -172.606658936, 59.1039085388, 41.170173645, -71.1920318604, -19.0339202881, -63.7730331421, 18.8882255554, 7.82921028137, 8.55434036255, -12.632060051, 124.145111084, 10.286026001], [-237.549072266, 152.749450684, 37.3100166321, 107.905647278, 82.697052002, -44.1964874268, -13.5378198624, 0.80865073204, 43.313495636, -24.1062297821, 41.444896698, 10.286026001, 107.550827026]],
        "icov": [[0.00068720721174, -0.000172925458173, 0.000836608116515, -0.000347782246536, 0.000823003705591, -0.000816737301648, 0.000264576927293, -0.00128704344388, 0.000593247183133, -0.000528618867975, 0.000364710285794, -0.000521237263456, 0.000448593811598], [-0.000172925458173, 0.0024814424105, -0.00117106526159, 0.00107994361315, -0.00177218893077, 0.0014395507751, -0.00212333607487, 0.000641419144813, -0.00177009450272, 0.00206796498969, -0.00266515091062, 0.00160399579909, -0.000851364340633], [0.000836608116515, -0.00117106526159, 0.00265805539675, -0.00190574408043, 0.00165383669082, -0.00158189143986, 0.000691225577611, -0.00147981231567, 0.00133789936081, -0.00163607054856, 0.00110718328506, -0.00178220390808, 0.00151567859575], [-0.000347782246536, 0.00107994361315, -0.00190574408043, 0.0037276763469, -0.00171942566521, 0.00154807209037, 9.48860033532e-05, 7.19071831554e-05, -0.00186089496128, 0.00133797153831, -0.00172799848951, 0.000799668428954, -0.00177243014332], [0.000823003705591, -0.00177218893077, 0.00165383669082, -0.00171942566521, 0.00550962937996, -0.00121694803238, 0.000957909505814, -0.00210282322951, 0.00149439659435, -0.00120994774625, 0.000279505737126, 0.000323105923599, -0.000125644437503], [-0.000816737301648, 0.0014395507751, -0.00158189143986, 0.00154807209037, -0.00121694803238, 0.00553716439754, -0.00282840291038, 0.00100605865009, -0.00152736867312, 0.000340730563039, -0.00193257280625, 0.00152428564616, -0.000714899040759], [0.000264576927293, -0.00212333607487, 0.000691225577611, 9.48860033532e-05, 0.000957909505814, -0.00282840291038, 0.00743985315785, -0.00113124831114, 0.0021272317972, -0.00219397596084, 0.00122740527149, 0.00064331619069, 0.000428255851148], [-0.00128704344388, 0.000641419144813, -0.00147981231567, 7.19071831554e-05, -0.00210282322951, 0.00100605865009, -0.00113124831114, 0.0108035560697, -0.00270888302475, 0.000145600453834, 0.000123217061628, -0.000232212609262, -0.000407493498642], [0.000593247183133, -0.00177009450272, 0.00133789936081, -0.00186089496128, 0.00149439659435, -0.00152736867312, 0.0021272317972, -0.00270888302475, 0.00856066308916, -0.00253416597843, 0.00089431280503, -0.00116815650836, -0.000509879959282], [-0.000528618867975, 0.00206796498969, -0.00163607054856, 0.00133797153831, -0.00120994774625, 0.000340730563039, -0.00219397596084, 0.000145600453834, -0.00253416597843, 0.0122172543779, -0.00172963296063, 0.0010613425402, 0.000237613465288], [0.000364710285794, -0.00266515091062, 0.00110718328506, -0.00172799848951, 0.000279505737126, -0.00193257280625, 0.00122740527149, 0.000123217061628, 0.00089431280503, -0.00172963296063, 0.00926835741848, -0.00262053217739, 0.00101604254451], [-0.000521237263456, 0.00160399579909, -0.00178220390808, 0.000799668428954, 0.000323105923599, 0.00152428564616, 0.00064331619069, -0.000232212609262, -0.00116815650836, 0.0010613425402, -0.00262053217739, 0.0121142342687, -0.00259315804578], [0.000448593811598, -0.000851364340633, 0.00151567859575, -0.00177243014332, -0.000125644437503, -0.000714899040759, 0.000428255851148, -0.000407493498642, -0.000509879959282, 0.000237613465288, 0.00101604254451, -0.00259315804578, 0.0127252526581]]
    },
    "melbands": {
        "dmean": [2.50158518611e-05, 0.000181615963811, 0.00024641919299, 0.000489126192406, 0.000370067020413, 0.000173850508872, 0.000185036333278, 0.000182829753612, 0.00019516980683, 0.000193698666408, 0.00018858765543, 6.67118292768e-05, 4.91654245707e-05, 3.64533480024e-05, 4.40872645413e-05, 4.31585649494e-05, 4.15194226662e-05, 2.81233878923e-05, 8.41814380692e-06, 7.40918267184e-06, 4.61613535663e-06, 4.75633305541e-06, 4.03644935432e-06, 2.13378280023e-06, 1.08784445274e-06, 5.08916059516e-07, 8.91470392617e-07, 1.03749562186e-06, 5.16828379205e-07, 3.64354690419e-07, 4.81422318899e-07, 6.32643775589e-07, 5.45037721622e-07, 5.60363275781e-07, 3.68614280433e-07, 2.92563441917e-07, 2.80207018477e-07, 2.07732512081e-07, 9.42534441606e-08, 9.27269994122e-08],
        "dmean2": [3.2712774555e-05, 0.000264780450379, 0.000382607773645, 0.000811153673567, 0.00058164971415, 0.000264808302745, 0.000264351489022, 0.000273396348348, 0.000264585163677, 0.000257231498836, 0.000223773444304, 8.2791884779e-05, 6.12540898146e-05, 4.98283807246e-05, 6.34191092104e-05, 6.00315688644e-05, 5.58227511647e-05, 3.72125323338e-05, 1.23916252051e-05, 8.87606074684e-06, 6.8952390393e-06, 6.32232695352e-06, 6.06828371019e-06, 3.20241724694e-06, 1.59512615028e-06, 7.64269032061e-07, 1.32461514113e-06, 1.53604855768e-06, 7.9270733977e-07, 5.65677623854e-07, 6.9767122568e-07, 9.52057746417e-07, 8.32157979858e-07, 8.64049866323e-07, 5.41756037364e-07, 4.42647291266e-07, 4.58494071154e-07, 3.17498432878e-07, 1.48056756188e-07, 1.38801482308e-07],
        "dvar": [4.26480051274e-09, 1.58210184509e-07, 1.33793463419e-07, 4.94651430927e-07, 3.02553416986e-07, 1.2411406658e-07, 1.62430836781e-07, 4.44535686484e-07, 3.38110822895e-07, 4.03900514812e-07, 1.99728589223e-07, 3.5182686986e-08, 1.19202541171e-08, 7.49203987738e-09, 2.63345629747e-08, 2.74985811899e-08, 2.01470076178e-08, 1.6538047376e-08, 1.01471575586e-09, 3.28002758287e-09, 4.55303073021e-10, 3.78952758062e-10, 2.8886182335e-10, 2.57473677795e-11, 8.34636786767e-12, 1.49462050809e-12, 6.75037239647e-12, 5.89889942448e-12, 1.08721484506e-12, 5.70467826623e-13, 9.89862922532e-13, 2.75875481313e-12, 2.18884329065e-12, 1.41975298705e-12, 9.64140659671e-13, 1.01404507621e-12, 1.45419147644e-12, 3.34547033088e-13, 9.91111625279e-14, 1.37385423675e-13],
        "dvar2": [6.97314117559e-09, 3.34645932298e-07, 3.13004790087e-07, 1.45801982399e-06, 8.18559954041e-07, 3.1309662063e-07, 3.53355801508e-07, 1.12992836421e-06, 6.65875404593e-07, 8.24775042929e-07, 2.74288964874e-07, 4.70620236115e-08, 1.62530735537e-08, 1.37796636324e-08, 6.01384471111e-08, 4.83241713312e-08, 3.67377595012e-08, 2.3990878617e-08, 1.86009907477e-09, 4.5573416152e-09, 1.04779429577e-09, 6.91834978195e-10, 6.26171670071e-10, 5.74383145213e-11, 1.88851052851e-11, 3.14570570113e-12, 1.40193152226e-11, 1.19634163687e-11, 2.60557330919e-12, 1.36869768991e-12, 1.96530140252e-12, 6.72601471047e-12, 5.43094388905e-12, 3.22868706597e-12, 2.04426644883e-12, 2.25079503646e-12, 3.82896752499e-12, 6.76913332245e-13, 2.44152625634e-13, 3.10526533957e-13],
        "max": [0.00240208138712, 0.0107241971418, 0.00601003412157, 0.00778342504054, 0.00720586348325, 0.00556888990104, 0.00597972236574, 0.012728693895, 0.00904209073633, 0.0141132324934, 0.00922149885446, 0.00511869834736, 0.0032476009801, 0.00170915247872, 0.00356108788401, 0.00415575224906, 0.00261341221631, 0.00444257818162, 0.000487401790451, 0.00232546264306, 0.000528793374542, 0.000505693547893, 0.000487541750772, 0.000105304206954, 5.11640937475e-05, 2.36918203882e-05, 7.14098569006e-05, 5.43348833162e-05, 2.00579506782e-05, 1.12677271318e-05, 1.71193933056e-05, 2.94693818432e-05, 2.52849040407e-05, 1.75238510565e-05, 2.0589099222e-05, 2.08587389352e-05, 2.90501138807e-05, 9.70608834905e-06, 6.10868983131e-06, 8.00750876806e-06],
        "mean": [0.000126425846247, 0.000918873294722, 0.00080642051762, 0.00108285318129, 0.000956969743129, 0.000545996066649, 0.000467136589577, 0.000330165261403, 0.000390374596464, 0.000409586005844, 0.00050867832033, 0.000184101343621, 0.000132708111778, 8.42221197672e-05, 8.93592878128e-05, 8.74359247973e-05, 9.55643263296e-05, 6.22267471044e-05, 1.56771056936e-05, 1.11429617391e-05, 7.33511660655e-06, 9.84059897746e-06, 8.91162744665e-06, 4.5046717787e-06, 1.94637323148e-06, 8.37799120745e-07, 1.59739920491e-06, 2.04946331905e-06, 9.84010853244e-07, 6.30883278063e-07, 9.48730871642e-07, 1.18234970614e-06, 1.02735623386e-06, 1.16955709473e-06, 7.64421429267e-07, 4.91792548019e-07, 4.31869096928e-07, 3.71641561969e-07, 1.38779810754e-07, 1.45226252357e-07],
        "median": [1.11876261144e-05, 0.00038689567009, 0.000619177473709, 0.000764097436331, 0.000646958185825, 0.000289433810394, 0.000223962080781, 0.000140605276101, 5.70938900637e-05, 3.02415974147e-05, 2.73750083579e-05, 1.77344500116e-05, 1.00698789538e-05, 1.32567593027e-05, 1.10661785584e-05, 4.34703406427e-06, 3.72328486264e-06, 3.10397490466e-06, 1.59715955306e-06, 1.26852307858e-06, 1.45354158576e-06, 1.31707463424e-06, 1.08694382561e-06, 1.15774014375e-06, 5.5879388583e-07, 2.9753229569e-07, 3.67843540516e-07, 4.38385654888e-07, 3.40635750717e-07, 2.06935681035e-07, 2.13304758745e-07, 2.09862662359e-07, 1.60349003409e-07, 1.49984018094e-07, 1.43605547009e-07, 9.35161068583e-08, 7.05821818769e-08, 6.2062404993e-08, 3.03304048543e-08, 2.48211904363e-08],
        "min": [6.16511397489e-10, 1.30594890457e-09, 1.17625109652e-09, 7.1535111168e-10, 1.10951625665e-09, 2.37316255536e-09, 2.36699992939e-09, 2.01215533124e-09, 1.8273567548e-08, 6.87163614899e-09, 3.01032194727e-08, 7.42593853076e-09, 1.02569241989e-09, 2.32543584389e-09, 6.05092909112e-09, 1.49885936995e-09, 2.86186652154e-09, 3.08979375419e-09, 8.1650386452e-10, 9.79442152382e-11, 6.20998669154e-11, 1.14839297793e-10, 1.94970900536e-10, 4.19872261959e-11, 2.64353868656e-11, 1.84196581599e-11, 4.77506610641e-11, 1.30045167343e-11, 2.96502579433e-11, 2.16243429413e-11, 1.02025922433e-11, 6.16675937745e-12, 3.73550149146e-12, 2.42553785217e-12, 2.27736124229e-12, 1.31973739662e-12, 9.99301119284e-13, 1.07285664727e-12, 8.21716230216e-13, 4.7615871749e-13],
        "stdev": [0.000239942935877, 0.00118916702922, 0.000735098088626, 0.00103244767524, 0.000969053944573, 0.000681666191667, 0.000656374206301, 0.000725608842913, 0.000907397770789, 0.000999304349534, 0.00113161141053, 0.000535038183443, 0.000285508547677, 0.000172052546986, 0.000229014112847, 0.000264405942289, 0.000282593478914, 0.000281925633317, 4.94211817568e-05, 9.00799859664e-05, 2.61226141447e-05, 3.9358586946e-05, 3.74579285563e-05, 1.05245562736e-05, 4.20454580308e-06, 1.77269669166e-06, 4.14880196331e-06, 4.10192160416e-06, 1.63076254012e-06, 1.10592213787e-06, 1.8296171902e-06, 2.431737812e-06, 2.11582300835e-06, 2.1964399366e-06, 1.64255015989e-06, 1.49059076193e-06, 1.44950558933e-06, 8.95169250725e-07, 3.95947978404e-07, 4.84817064716e-07],
        "var": [5.75726097907e-08, 1.41411817367e-06, 5.40369228474e-07, 1.06594825411e-06, 9.39065500916e-07, 4.64668772793e-07, 4.30827128639e-07, 5.26508188159e-07, 8.23370726266e-07, 9.98609152703e-07, 1.28054443849e-06, 2.86265873228e-07, 8.15151324218e-08, 2.96020790103e-08, 5.24474650376e-08, 6.99104987234e-08, 7.9859077573e-08, 7.94820635974e-08, 2.44245312864e-09, 8.11440337145e-09, 6.82390977058e-10, 1.54909840511e-09, 1.40309641683e-09, 1.10766291972e-10, 1.76782043865e-11, 3.1424535283e-12, 1.7212557768e-11, 1.68257612704e-11, 2.65938659982e-12, 1.22306385939e-12, 3.3474991442e-12, 5.91334837e-12, 4.47670719939e-12, 4.82434795238e-12, 2.6979709699e-12, 2.22186093309e-12, 2.1010664996e-12, 8.01327970992e-13, 1.56774793885e-13, 2.35047577105e-13]
    },
    "melbands128": {
