{
"lowlevel": {
    "average_loudness": 0.968244433403,
    "barkbands_crest": {
        "dmean": 2.85912227631,
        "dmean2": 4.57190465927,
        "dvar": 5.93430995941,
        "dvar2": 15.1252660751,
        "max": 25.422334671,
        "mean": 11.4236688614,
        "median": 10.8702812195,
        "min": 3.396017313,
        "stdev": 4.2120885849,
        "var": 17.7416915894
    },
    "barkbands_flatness_db": {
        "dmean": 0.0269507914782,
        "dmean2": 0.0394677333534,
        "dvar": 0.000631575647276,
        "dvar2": 0.00125555158593,
        "max": 0.400737196207,
        "mean": 0.163592547178,
        "median": 0.159290283918,
        "min": 0.0273332484066,
        "stdev": 0.0578543208539,
        "var": 0.00334712257609
    },
    "barkbands_kurtosis": {
        "dmean": 2.76734232903,
        "dmean2": 4.40583324432,
        "dvar": 46.6214637756,
        "dvar2": 127.104515076,
        "max": 178.085418701,
        "mean": 3.23339915276,
        "median": 1.13967180252,
        "min": -1.85823655128,
        "stdev": 8.69818592072,
        "var": 75.6584320068
    },
    "barkbands_skewness": {
        "dmean": 0.557149648666,
        "dmean2": 0.848282635212,
        "dvar": 0.38032951951,
        "dvar2": 0.901950061321,
        "max": 12.5562582016,
        "mean": 1.24369513988,
        "median": 1.10483956337,
        "min": -2.16981744766,
        "stdev": 1.16779887676,
        "var": 1.36375427246
    },
    "barkbands_spread": {
        "dmean": 5.22534894943,
        "dmean2": 7.90815114975,
        "dvar": 34.1075248718,
        "dvar2": 82.5087661743,
        "max": 70.1362991333,
        "mean": 19.2234020233,
        "median": 18.2735214233,
        "min": 1.08801281452,
        "stdev": 9.38663864136,
        "var": 88.1089782715
    },
    "dissonance": {
        "dmean": 0.027092223987,
        "dmean2": 0.0459820516407,
        "dvar": 0.000793819432147,
        "dvar2": 0.00192377530038,
        "max": 0.5,
        "mean": 0.447166800499,
        "median": 0.454996585846,
        "min": 0.139268755913,
        "stdev": 0.0430413819849,
        "var": 0.00185256043915
    },
    "dynamic_complexity": 1.99728047848,
    "erbbands_crest": {
        "dmean": 3.11963868141,
        "dmean2": 4.91893959045,
        "dvar": 8.93080997467,
        "dvar2": 20.4819450378,
        "max": 30.9636764526,
        "mean": 12.650894165,
        "median": 11.8728609085,
        "min": 3.0048084259,
        "stdev": 5.70396995544,
        "var": 32.5352745056
    },
    "erbbands_flatness_db": {
        "dmean": 0.0241382941604,
        "dmean2": 0.0341520905495,
        "dvar": 0.000539900269359,
        "dvar2": 0.00105562363751,
        "max": 0.36612957716,
        "mean": 0.186603829265,
        "median": 0.181800991297,
        "min": 0.0652312263846,
        "stdev": 0.0509542934597,
        "var": 0.00259633990936
    },
    "erbbands_kurtosis": {
        "dmean": 1.34594464302,
        "dmean2": 2.09988617897,
        "dvar": 3.46776294708,
        "dvar2": 8.41911792755,
        "max": 23.7311534882,
        "mean": 1.59173834324,
        "median": 0.765372395515,
        "min": -1.69600093365,
        "stdev": 2.74483799934,
        "var": 7.53413581848
    },
    "erbbands_skewness": {
        "dmean": 0.438054651022,
        "dmean2": 0.664394497871,
        "dvar": 0.183804392815,
        "dvar2": 0.416396349669,
        "max": 4.12911605835,
        "mean": 0.409697860479,
        "median": 0.388907194138,
        "min": -3.40743899345,
        "stdev": 0.827730536461,
        "var": 0.685137808323
    },
    "erbbands_spread": {
        "dmean": 6.87550210953,
        "dmean2": 10.3133583069,
        "dvar": 63.2981987,
        "dvar2": 146.125808716,
        "max": 105.258728027,
        "mean": 25.9263858795,
        "median": 22.5500984192,
        "min": 3.09601306915,
        "stdev": 14.950138092,
        "var": 223.506637573
    },
    "hfc": {
        "dmean": 8.35458564758,
        "dmean2": 11.7682294846,
        "dvar": 115.45124054,
        "dvar2": 227.0209198,
        "max": 113.589073181,
        "mean": 22.953130722,
        "median": 19.479511261,
        "min": 0.000178834976396,
        "stdev": 17.0309104919,
        "var": 290.051879883
    },
    "loudness_ebu128": {
        "integrated": -8.47850990295,
        "loudness_range": 1.88545751572,
        "momentary": {
            "dmean": 0.55781686306,
            "dmean2": 0.792559325695,
            "dvar": 0.279703676701,
            "dvar2": 0.521708369255,
            "max": -6.20227861404,
            "mean": -8.65430641174,
            "median": -8.49689292908,
            "min": -15.372382164,
            "stdev": 1.29151964188,
            "var": 1.66802299023
        },
        "short_term": {
            "dmean": 0.0753914043307,
            "dmean2": 0.0974277928472,
            "dvar": 0.00297248899005,
            "dvar2": 0.00551973097026,
            "max": -7.30614185333,
            "mean": -8.51254177094,
            "median": -8.37371063232,
            "min": -10.0693073273,
            "stdev": 0.621581792831,
            "var": 0.38636392355
        }
    },
    "melbands_crest": {
        "dmean": 3.81796431541,
        "dmean2": 6.18528747559,
        "dvar": 11.720957756,
        "dvar2": 29.7119693756,
        "max": 34.3886222839,
        "mean": 15.9389944077,
        "median": 15.2737216949,
        "min": 3.86556887627,
        "stdev": 5.72079086304,
        "var": 32.7274475098
    },
    "melbands_flatness_db": {
        "dmean": 0.0316151678562,
        "dmean2": 0.046061668545,
        "dvar": 0.000874629069585,
        "dvar2": 0.00180575577542,
        "max": 0.491113603115,
        "mean": 0.245482832193,
        "median": 0.244092732668,
        "min": 0.0703968331218,
        "stdev": 0.0663037896156,
        "var": 0.00439619272947
    },
    "melbands_kurtosis": {
        "dmean": 5.28542947769,
        "dmean2": 8.43458175659,
        "dvar": 146.609024048,
        "dvar2": 371.638397217,
        "max": 318.779846191,
        "mean": 8.26644420624,
        "median": 3.7876560688,
        "min": -1.75408267975,
        "stdev": 18.5124320984,
        "var": 342.710113525
    },
    "melbands_skewness": {
        "dmean": 0.707270383835,
        "dmean2": 1.10208308697,
        "dvar": 0.601133286953,
        "dvar2": 1.35237526894,
        "max": 13.6973009109,
        "mean": 1.93204891682,
        "median": 1.67483437061,
        "min": -1.53727841377,
        "stdev": 1.54959404469,
        "var": 2.40124177933
    },
    "melbands_spread": {
        "dmean": 6.0663228035,
        "dmean2": 9.11485767365,
        "dvar": 39.0082397461,
        "dvar2": 89.1202545166,
        "max": 90.4004058838,
        "mean": 21.3003253937,
        "median": 18.9298706055,
        "min": 0.760552227497,
        "stdev": 11.568860054,
        "var": 133.838516235
    },
    "pitch_salience": {
        "dmean": 0.0788324549794,
        "dmean2": 0.128440946341,
        "dvar": 0.0051614465192,
        "dvar2": 0.0131264245138,
        "max": 0.8517100811,
        "mean": 0.470257341862,
        "median": 0.466201901436,
        "min": 0.0796303525567,
        "stdev": 0.109502702951,
        "var": 0.0119908414781
    },
    "silence_rate_20dB": {
        "dmean": 0,
        "dmean2": 0,
        "dvar": 0,
        "dvar2": 0,
        "max": 1,
        "mean": 1,
        "median": 1,
        "min": 1,
        "stdev": 0,
        "var": 0
    },
    "silence_rate_30dB": {
        "dmean": 0.0232018567622,
        "dmean2": 0.0464396290481,
        "dvar": 0.0226633325219,
        "dvar2": 0.0582152195275,
        "max": 1,
        "mean": 0.982225656509,
        "median": 1,
        "min": 0,
        "stdev": 0.13213096559,
        "var": 0.0174585934728
    },
    "silence_rate_60dB": {
        "dmean": 0.00386697612703,
        "dmean2": 0.00696594407782,
        "dvar": 0.00385186006315,
        "dvar2": 0.00691752927378,
        "max": 1,
        "mean": 0.00850077252835,
        "median": 0,
        "min": 0,
        "stdev": 0.0918080359697,
        "var": 0.00842871516943
    },
    "spectral_centroid": {
        "dmean": 217.988037109,
        "dmean2": 316.011779785,
        "dvar": 53591.3671875,
        "dvar2": 103595.570312,
        "max": 3296.35766602,
        "mean": 1165.6451416,
        "median": 1090.6784668,
        "min": 239.829910278,
        "stdev": 487.61227417,
        "var": 237765.71875
    },
    "spectral_complexity": {
        "dmean": 3.95359635353,
        "dmean2": 5.67414855957,
        "dvar": 22.5887126923,
        "dvar2": 34.3063926697,
        "max": 58,
        "mean": 18.1537876129,
        "median": 17,
        "min": 0,
        "stdev": 8.78026771545,
        "var": 77.0931015015
    },
    "spectral_decrease": {
        "dmean": 3.42107697726e-09,
        "dmean2": 5.20635445866e-09,
        "dvar": 2.01667443977e-17,
        "dvar2": 4.45849920032e-17,
        "max": -1.40107326782e-13,
        "mean": -9.45064559943e-09,
        "median": -8.00015342861e-09,
        "min": -4.67437892837e-08,
        "stdev": 6.38862518443e-09,
        "var": 4.08145307176e-17
    },
    "spectral_energy": {
        "dmean": 0.0134823229164,
        "dmean2": 0.0203981921077,
        "dvar": 0.000304290879285,
        "dvar2": 0.00066644011531,
        "max": 0.179503962398,
        "mean": 0.0377508550882,
        "median": 0.0321192070842,
        "min": 5.45019076981e-07,
        "stdev": 0.025069128722,
        "var": 0.000628461246379
    },
    "spectral_energyband_high": {
        "dmean": 0.000374236464268,
        "dmean2": 0.000543928996194,
        "dvar": 5.04430204273e-07,
        "dvar2": 1.09299458018e-06,
        "max": 0.00582659896463,
        "mean": 0.000471932435175,
        "median": 0.000122583543998,
        "min": 9.5209407025e-10,
        "stdev": 0.000874237390235,
        "var": 7.64290973621e-07
    },
    "spectral_energyband_low": {
        "dmean": 0.00845860689878,
        "dmean2": 0.0133903613314,
        "dvar": 0.000212683706195,
        "dvar2": 0.00050098268548,
        "max": 0.166496708989,
        "mean": 0.0158743355423,
        "median": 0.0102108567953,
        "min": 3.0554673458e-07,
        "stdev": 0.0193699486554,
        "var": 0.000375194882508
    },
    "spectral_energyband_middle_high": {
        "dmean": 0.00271187559702,
        "dmean2": 0.00379667570814,
        "dvar": 1.3192768165e-05,
        "dvar2": 2.44666771323e-05,
        "max": 0.0505825616419,
        "mean": 0.00812653265893,
        "median": 0.00528464699164,
        "min": 8.66573302005e-08,
        "stdev": 0.00781044270843,
        "var": 6.10030147072e-05
    },
    "spectral_energyband_middle_low": {
        "dmean": 0.00639752112329,
        "dmean2": 0.0101784784347,
        "dvar": 8.82021849975e-05,
        "dvar2": 0.00022150449513,
        "max": 0.0888548865914,
        "mean": 0.0140898758546,
        "median": 0.0101264901459,
        "min": 1.20482440025e-07,
        "stdev": 0.012616164051,
        "var": 0.000159167597303
    },
    "spectral_entropy": {
        "dmean": 0.2373136729,
        "dmean2": 0.338737785816,
        "dvar": 0.0567202009261,
        "dvar2": 0.113458789885,
        "max": 8.32138252258,
        "mean": 7.16448640823,
        "median": 7.14225101471,
        "min": 4.92629623413,
        "stdev": 0.487568825483,
        "var": 0.237723365426
    },
    "spectral_flux": {
        "dmean": 0.0344402752817,
        "dmean2": 0.0532561428845,
        "dvar": 0.00128765020054,
        "dvar2": 0.00263348664157,
        "max": 0.364117324352,
        "mean": 0.0967733114958,
        "median": 0.0851335525513,
        "min": 0.000738254049793,
        "stdev": 0.0508690997958,
        "var": 0.00258766533807
    },
    "spectral_kurtosis": {
        "dmean": 2.89666152,
        "dmean2": 4.57033252716,
        "dvar": 8.32538604736,
        "dvar2": 19.1031990051,
        "max": 38.0625991821,
        "mean": 8.10938072205,
        "median": 7.52383041382,
        "min": 0.402344703674,
        "stdev": 4.62814474106,
        "var": 21.4197235107
    },
    "spectral_rms": {
        "dmean": 0.00104477105197,
        "dmean2": 0.00153589434922,
        "dvar": 1.24551388581e-06,
        "dvar2": 2.52407312473e-06,
        "max": 0.0132335117087,
        "mean": 0.00576936686411,
        "median": 0.00559783913195,
        "min": 2.30591831496e-05,
        "stdev": 0.00188271363731,
        "var": 3.54461053576e-06
    },
    "spectral_rolloff": {
        "dmean": 303.879058838,
        "dmean2": 510.879638672,
        "dvar": 292548.8125,
        "dvar2": 730107.625,
        "max": 8010.3515625,
        "mean": 1041.98376465,
        "median": 1098.19335938,
        "min": 64.599609375,
        "stdev": 656.378173828,
        "var": 430832.28125
    },
    "spectral_skewness": {
        "dmean": 0.335465997458,
        "dmean2": 0.520791709423,
        "dvar": 0.0979310646653,
        "dvar2": 0.224766477942,
        "max": 4.43157243729,
        "mean": 2.09379959106,
        "median": 2.09047889709,
        "min": 0.359573721886,
        "stdev": 0.58870100975,
        "var": 0.346568852663
    },
    "spectral_spread": {
        "dmean": 836239.25,
        "dmean2": 1199759.625,
        "dvar": 1.29783640883e+12,
        "dvar2": 2.76691419136e+12,
        "max": 12523542,
        "mean": 3920944.25,
        "median": 3465157.5,
        "min": 1648862.875,
        "stdev": 1583988.625,
        "var": 2.50902006989e+12
    },
    "spectral_strongpeak": {
        "dmean": 0.742052614689,
        "dmean2": 1.29047393799,
        "dvar": 1.47288429737,
        "dvar2": 3.61696481705,
        "max": 8.79408454895,
        "mean": 1.42867124081,
        "median": 0.606591820717,
        "min": 0,
        "stdev": 1.6907184124,
        "var": 2.85852885246
    },
    "zerocrossingrate": {
        "dmean": 0.00849261973053,
        "dmean2": 0.0103846685961,
        "dvar": 8.34377133287e-05,
        "dvar2": 0.000121841410873,
        "max": 0.16796875,
        "mean": 0.0434094853699,
        "median": 0.04052734375,
        "min": 0.0029296875,
        "stdev": 0.0186348017305,
        "var": 0.000347255845554
    },
    "barkbands": {
        "dmean": [0.000699300435372, 0.00585738243535, 0.00295157381333, 0.00137551373336, 0.00122476625256, 0.00240245927125, 0.00123247294687, 0.00143191381358, 0.00089980114717, 0.000639320351183, 0.000244884286076, 0.00136492366437, 0.000278656632872, 0.000562368368264, 0.000301866413793, 0.000179730326636, 0.000203656687518, 0.000155654081027, 0.000225433162996, 0.000110634908197, 7.45807992644e-05, 5.17776497873e-05, 5.39310203749e-05, 3.84787817893e-05, 7.25966965547e-05, 6.42037703074e-05, 4.74077205581e-06],
        "dmean2": [0.00114712514915, 0.00911274924874, 0.00494126277044, 0.00238772435114, 0.00215577264316, 0.00413894932717, 0.00202182400972, 0.00213164254092, 0.00147759332322, 0.00095090927789, 0.000389109773096, 0.00200457149185, 0.000439843395725, 0.0008369643474, 0.000466563302325, 0.000280592677882, 0.000321340980008, 0.000234834777075, 0.000310052389977, 0.000161652438692, 0.00010314485553, 6.70676963637e-05, 7.96714302851e-05, 5.76088459638e-05, 0.000121974102512, 0.000112682893814, 7.88199122326e-06],
        "dvar": [1.47070227285e-06, 0.000108731073851, 7.40821342333e-05, 1.4014167391e-05, 7.04389003658e-06, 1.94434724108e-05, 5.63559842703e-06, 1.67605812749e-05, 4.14653050029e-06, 1.15337377338e-06, 5.05626815084e-07, 5.64086303712e-06, 3.01825480165e-07, 1.14066745027e-06, 3.67338969909e-07, 1.13655879375e-07, 1.78511257332e-07, 1.06727583216e-07, 1.35809230528e-07, 4.82903601551e-08, 2.92123054635e-08, 1.38868108124e-08, 1.51755923383e-08, 7.87826870408e-09, 2.40459367973e-08, 5.28342383177e-08, 2.80062917302e-10],
        "dvar2": [4.04804268328e-06, 0.000244176597334, 0.000192450519535, 3.82023317798e-05, 1.99504738703e-05, 5.32597368874e-05, 1.42668222907e-05, 3.23253116221e-05, 1.10621131171e-05, 2.15611976273e-06, 1.10672442588e-06, 1.23202908071e-05, 6.63178639115e-07, 2.23493407248e-06, 6.85397083089e-07, 2.57559008787e-07, 4.15756232997e-07, 2.38408688347e-07, 2.37294628391e-07, 9.72595017856e-08, 5.96577152123e-08, 2.27583161205e-08, 3.394641368e-08, 1.75661263313e-08, 6.32000336509e-08, 1.4277173932e-07, 7.0657818485e-10],
        "max": [0.0237737167627, 0.162624076009, 0.0921595543623, 0.0336157679558, 0.0232721790671, 0.0400778725743, 0.0278925448656, 0.0681339353323, 0.0274393614382, 0.0294898245484, 0.0125204436481, 0.0420148037374, 0.00961627345532, 0.0233618617058, 0.0116667542607, 0.00361977820285, 0.00475896894932, 0.00383369345218, 0.00478749442846, 0.00225633964874, 0.00170837691985, 0.00164443987887, 0.00133197312243, 0.00074954360025, 0.00112280226313, 0.0021460193675, 0.000195949280169],
        "mean": [0.00135736970697, 0.0105485264212, 0.00346311414614, 0.00132286525331, 0.00154802273028, 0.00349743152037, 0.00209063547663, 0.0036264336668, 0.00128682667855, 0.00129645213019, 0.00027868305915, 0.00345077505335, 0.000418253941461, 0.001257507829, 0.000505184405483, 0.00026869669091, 0.000281759246718, 0.000243246744503, 0.000441038806457, 0.000164750468684, 0.000104316903162, 6.80910889059e-05, 6.81383025949e-05, 4.40880394308e-05, 6.62207312416e-05, 4.84025695187e-05, 4.03038711738e-06],
        "median": [0.000273210578598, 0.0065860687755, 0.00108781259041, 0.000469677819638, 0.000967354862951, 0.0014713248238, 0.000652525341138, 0.000435648660641, 0.000424437661422, 0.000561015331186, 9.082746692e-05, 0.00125450151972, 0.000139624491567, 0.000336686614901, 0.000196299544768, 9.28156077862e-05, 9.22819308471e-05, 7.81229682616e-05, 0.000151619693497, 4.86614990223e-05, 3.01408181258e-05, 1.07500800368e-05, 1.14839976959e-05, 6.1822729549e-06, 1.24879989016e-05, 4.78594938613e-06, 3.00086014704e-07],
        "min": [2.3564156848e-08, 1.51038648255e-07, 7.20404713661e-08, 4.0982264693e-08, 4.39408189834e-08, 1.71638188107e-08, 6.88824952633e-09, 4.20007584268e-09, 2.61365640242e-09, 4.86082818441e-09, 2.04751788857e-08, 2.24622507261e-08, 1.05799271566e-08, 6.83245993116e-09, 1.48200063332e-09, 1.08707909341e-09, 2.69953615017e-10, 1.102742897e-09, 7.76771003075e-09, 1.01729036306e-09, 1.57100055187e-10, 1.08151800016e-10, 1.20227952594e-10, 6.33315275222e-11, 6.49061984714e-11, 5.31089824896e-11, 1.24739168647e-11],
        "stdev": [0.00265874760225, 0.0141484634951, 0.00801000837237, 0.00320485141128, 0.00233962992206, 0.00497027579695, 0.00380243943073, 0.00867568701506, 0.00244521163404, 0.0022521270439, 0.000779924273957, 0.00528335012496, 0.000796130741946, 0.00248474138789, 0.000904219748918, 0.000451091997093, 0.000520424859133, 0.000429040781455, 0.00067736353958, 0.000298452010611, 0.000220077927224, 0.000170642510056, 0.000152554130182, 0.000104662627564, 0.00013950993889, 0.000190311868209, 1.57758677233e-05],
        "var": [7.06893843017e-06, 0.000200179027161, 6.4160238253e-05, 1.02710719148e-05, 5.47386844119e-06, 2.47036405199e-05, 1.44585465023e-05, 7.52675477997e-05, 5.97906000621e-06, 5.07207641931e-06, 6.08281879977e-07, 2.79137875623e-05, 6.33824186025e-07, 6.17394016444e-06, 8.17613340587e-07, 2.03483978112e-07, 2.70842036798e-07, 1.84076000664e-07, 4.58821347138e-07, 8.90736018277e-08, 4.84342912443e-08, 2.91188637647e-08, 2.32727614957e-08, 1.09542659388e-08, 1.94630214168e-08, 3.6218605004e-08, 2.48878001541e-10]
    },
    "erbbands": {
        "dmean": [0.209172904491, 1.24349880219, 3.44273543358, 3.7345495224, 4.59368371964, 3.77710127831, 5.93636512756, 23.4309749603, 27.3792800903, 13.7674255371, 34.2850608826, 16.7495746613, 23.6833782196, 11.6633520126, 22.7665672302, 54.5599632263, 13.2962636948, 26.1601200104, 20.8528862, 11.448428154, 11.5623817444, 9.60268306732, 8.14645576477, 8.59363555908, 11.4369707108, 5.23616218567, 3.78110575676, 2.12249684334, 1.90103840828, 2.08309221268, 1.28428328037, 0.869426131248, 0.636343061924, 0.506418228149, 0.632168233395, 0.362498044968, 0.111585706472, 0.0160400737077, 0.000571426760871, 2.75577840512e-05],
        "dmean2": [0.32363191247, 1.96166181564, 5.70367145538, 6.29382038116, 8.16811943054, 6.56357240677, 10.1769380569, 40.8775215149, 45.0896148682, 20.1269779205, 51.4504699707, 26.8700752258, 37.2468528748, 17.3596992493, 32.6346931458, 79.8575973511, 20.4843864441, 39.4565391541, 31.0463066101, 17.4460849762, 17.5379962921, 14.998421669, 12.1863193512, 12.3745336533, 15.7319393158, 7.46613693237, 5.21295690536, 3.03092360497, 2.48529672623, 2.98095679283, 1.88306367397, 1.30557823181, 0.948394954205, 0.80584859848, 1.07837665081, 0.639038681984, 0.196384444833, 0.0267032533884, 0.000966091174632, 4.31483640568e-05],
        "dvar": [0.157255262136, 5.92778396606, 88.4100112915, 87.3512954712, 217.081176758, 49.0441818237, 109.535552979, 1927.2199707, 3024.09570312, 1618.52978516, 8729.51269531, 1592.69934082, 1442.7869873, 960.004272461, 2190.56103516, 10195.7958984, 627.631591797, 2099.53735352, 1761.08947754, 603.259155273, 485.622833252, 413.58996582, 302.621643066, 218.094070435, 425.604064941, 121.509994507, 78.2013320923, 26.21159935, 19.9885368347, 23.274772644, 7.89916181564, 3.9374833107, 2.21128344536, 1.334441185, 2.02010011673, 0.988400697708, 0.247419074178, 0.00371059030294, 4.89087233291e-06, 3.20380300067e-09],
        "dvar2": [0.366259545088, 13.4245443344, 227.556991577, 229.056808472, 620.758728027, 134.468994141, 292.244018555, 5327.14257812, 7959.26611328, 3670.26000977, 17357.5859375, 4160.4765625, 3852.69702148, 1569.109375, 3950.09472656, 23852.2558594, 1294.34033203, 4261.02441406, 3272.38085938, 1309.7220459, 1037.77758789, 968.366394043, 638.40045166, 427.323760986, 745.737976074, 248.822799683, 169.777877808, 50.7144622803, 35.2141647339, 48.382396698, 16.8390884399, 8.42391014099, 5.17518615723, 3.3625023365, 5.3761806488, 2.64038133621, 0.684937298298, 0.00978012476116, 1.27974126372e-05, 8.18412271286e-09],
        "max": [4.18376493454, 38.0277900696, 99.8312225342, 94.9415435791, 136.801574707, 64.7912445068, 127.858627319, 396.752258301, 684.393920898, 670.926574707, 1450.31713867, 583.064147949, 432.704193115, 1004.6763916, 1148.46936035, 1303.25, 506.514465332, 767.188842773, 808.90020752, 442.000396729, 337.412261963, 254.153274536, 245.700332642, 190.568847656, 330.186096191, 116.9116745, 107.986618042, 57.1315078735, 57.2399368286, 61.2387657166, 35.3154945374, 20.4570007324, 12.8991136551, 10.8825473785, 10.482831955, 8.44085121155, 5.08144807816, 0.691680848598, 0.0280387606472, 0.000640269077849],
        "mean": [0.359660446644, 2.11076211929, 4.44649076462, 4.03579092026, 4.67146921158, 4.86846446991, 8.27514076233, 32.8684539795, 47.0239067078, 28.9915809631, 79.8839263916, 26.2344226837, 50.2826118469, 24.9217090607, 48.7785987854, 133.34262085, 27.0443687439, 58.1874694824, 40.6221008301, 19.0376777649, 18.4161930084, 14.1433191299, 12.9933290482, 16.3633785248, 22.3871498108, 8.43584060669, 5.32854270935, 2.96221613884, 2.44246339798, 2.60535120964, 1.68643403053, 1.05735981464, 0.701652169228, 0.566890597343, 0.528696417809, 0.267435073853, 0.0836517587304, 0.0134519180283, 0.000485788303195, 5.52360434085e-05],
        "median": [0.173582047224, 1.22354674339, 1.62949502468, 1.55719649792, 2.04554271698, 2.95302391052, 5.28613185883, 13.248831749, 15.3180847168, 8.7203578949, 11.1484117508, 11.5735960007, 22.0815086365, 10.6372051239, 18.7408676147, 46.4285316467, 15.625995636, 19.8098545074, 15.669880867, 8.12982177734, 7.38054656982, 4.89122962952, 4.35655879974, 6.78844642639, 6.82104969025, 2.761323452, 1.60402178764, 0.708210647106, 0.422813981771, 0.363568663597, 0.320967525244, 0.16915589571, 0.0925238206983, 0.118721306324, 0.0895272120833, 0.0258217249066, 0.00802093185484, 0.0013716595713, 5.68231916986e-05, 4.21928925789e-05],
        "min": [5.85933230468e-06, 2.91025135084e-05, 7.86292366683e-05, 0.000131147840875, 0.000153123735799, 0.000139447321999, 0.000129566280521, 0.00014321434719, 0.000119884993182, 7.73539286456e-05, 0.000102046571556, 6.30825234111e-05, 4.83967669425e-05, 0.000569454103243, 0.00127813534345, 0.000794321706053, 0.000423016783316, 0.00056019477779, 0.000131504522869, 5.1313865697e-05, 4.50423322036e-05, 1.8992133846e-05, 4.36174450442e-05, 0.000337667617714, 0.000290493451757, 6.68100401526e-05, 1.05791177702e-05, 5.05383786731e-06, 4.12061308452e-06, 4.06986691814e-06, 2.87179454972e-06, 1.52010682086e-06, 9.72878297034e-07, 6.84482131419e-07, 4.93198285767e-07, 2.14787903019e-07, 9.50157996726e-08, 3.42226229577e-08, 7.86585818702e-09, 1.36392785954e-09],
        "stdev": [0.538470208645, 3.12381219864, 9.14214420319, 8.53693962097, 11.9095306396, 6.81473445892, 10.6528720856, 47.7616729736, 74.7770690918, 59.6006317139, 189.211135864, 43.8994636536, 66.1508026123, 68.0751037598, 97.3893356323, 207.543899536, 38.5949821472, 100.840484619, 74.1675338745, 30.8047294617, 30.55027771, 25.5751476288, 22.9089679718, 23.4137325287, 37.9269523621, 15.0620594025, 10.9935998917, 6.89198255539, 6.08980560303, 6.33530235291, 3.69745135307, 2.50912356377, 1.68315541744, 1.17425107956, 1.22345197201, 0.833232700825, 0.399283409119, 0.0534082241356, 0.00196062331088, 5.55783663003e-05],
        "var": [0.289950162172, 9.7582025528, 83.5788040161, 72.8793411255, 141.836914062, 46.4406051636, 113.483688354, 2281.17724609, 5591.61035156, 3552.23535156, 35800.8515625, 1927.1628418, 4375.92871094, 4634.22021484, 9484.68261719, 43074.46875, 1489.57250977, 10168.8027344, 5500.82324219, 948.931396484, 933.319458008, 654.088134766, 524.820800781, 548.202880859, 1438.45373535, 226.865631104, 120.859230042, 47.4994239807, 37.0857315063, 40.1360588074, 13.6711473465, 6.29570102692, 2.83301210403, 1.37886559963, 1.49683463573, 0.694276750088, 0.159427240491, 0.00285243848339, 3.84404347642e-06, 3.08895464762e-09]
    },
    "gfcc": {
        "mean": [1.69344055653, 112.008163452, -116.206954956, 16.4632511139, -42.3291015625, 18.1472263336, -27.3692092896, 16.2094650269, -24.0546627045, 14.3588027954, -4.90228557587, 3.34519267082, -12.1196174622],
        "cov": [[3605.07397461, -848.835266113, -14.0628318787, 142.261398315, -377.531066895, -29.402557373, -340.339630127, 40.021938324, -116.502075195, 2.86433148384, -60.4158287048, 143.434280396, -31.1538143158], [-848.835266113, 1043.11437988, -166.342773438, -130.356399536, 187.972473145, -133.619506836, 137.436904907, -96.8326416016, 11.3278827667, -55.4629440308, 64.5582351685, -107.769187927, 120.101898193], [-14.0628318787, -166.342773438, 566.710144043, -39.3185005188, -73.9747467041, 56.300075531, -101.07383728, 73.0982055664, -5.94058704376, 57.7696495056, -75.2812423706, 23.8314781189, -60.8869094849], [142.261398315, -130.356399536, -39.3185005188, 410.480560303, 12.5809545517, 14.3276720047, 21.6174430847, -42.7415962219, 54.6170425415, -53.1460647583, 0.6047321558, 27.9301223755, 32.7590293884], [-377.531066895, 187.972473145, -73.9747467041, 12.5809545517, 360.533843994, 77.2650222778, 131.430328369, 7.01854085922, -15.684264183, -4.1831035614, 53.1520042419, -20.5047626495, 4.87985277176], [-29.402557373, -133.619506836, 56.300075531, 14.3276720047, 77.2650222778, 215.930999756, 92.4086303711, 18.4212036133, 21.7653865814, 16.3661746979, -12.2972354889, -31.7164306641, -49.3235397339], [-340.339630127, 137.436904907, -101.07383728, 21.6174430847, 131.430328369, 92.4086303711, 281.768707275, 36.0336456299, 40.0806732178, 11.3052473068, 37.2721366882, -66.1621856689, -34.732635498], [40.021938324, -96.8326416016, 73.0982055664, -42.7415962219, 7.01854085922, 18.4212036133, 36.0336456299, 168.033065796, 16.2461738586, 33.9344558716, -11.1872406006, -15.8785057068, -34.135345459], [-116.502075195, 11.3278827667, -5.94058704376, 54.6170425415, -15.684264183, 21.7653865814, 40.0806732178, 16.2461738586, 187.631759644, 27.8642692566, -35.6603965759, -21.3307933807, -37.6616668701], [2.86433148384, -55.4629440308, 57.7696495056, -53.1460647583, -4.1831035614, 16.3661746979, 11.3052473068, 33.9344558716, 27.8642692566, 122.382080078, 25.2145862579, -8.85640335083, -17.1695022583], [-60.4158287048, 64.5582351685, -75.2812423706, 0.6047321558, 53.1520042419, -12.2972354889, 37.2721366882, -11.1872406006, -35.6603965759, 25.2145862579, 127.273674011, 35.5097923279, 33.0234909058], [143.434280396, -107.769187927, 23.8314781189, 27.9301223755, -20.5047626495, -31.7164306641, -66.1621856689, -15.8785057068, -21.3307933807, -8.85640335083, 35.5097923279, 158.35093689, 61.3211212158], [-31.1538143158, 120.101898193, -60.8869094849, 32.7590293884, 4.87985277176, -49.3235397339, -34.732635498, -34.135345459, -37.6616668701, -17.1695022583, 33.0234909058, 61.3211212158, 158.291946411]],
        "icov": [[0.000413939618738, 0.00012456762488, 0.000276851642411, -0.000208709563594, 0.000298964994727, -0.000180778326467, 0.000410311273299, -0.000237373053096, 0.00038278719876, -0.000218795219553, 0.000170235638507, -0.000233686092542, 0.000232289268752], [0.00012456762488, 0.00291248457506, -0.000825941096991, 0.0015477911802, -0.0012747006258, 0.00255115586333, -0.00146072206553, 0.00180754880421, -0.00167364184745, 0.00212726788595, -0.00151638139505, 0.00300808623433, -0.00293621607125], [0.000276851642411, -0.000825941096991, 0.00309842103161, -0.000800572801381, 0.000754472333938, -0.00180142745376, 0.00170619727578, -0.00162999192253, 0.00151714414824, -0.00230717053637, 0.00220272713341, -0.00200844788924, 0.00190616759937], [-0.000208709563594, 0.0015477911802, -0.000800572801381, 0.00395224709064, -0.000892526353709, 0.00123807915952, -0.001327985432, 0.00169661839027, -0.00249084830284, 0.00288152578287, -0.00140319787897, 0.00149021262769, -0.00241817114875], [0.000298964994727, -0.0012747006258, 0.000754472333938, -0.000892526353709, 0.00454087136313, -0.00236831302755, -0.000200828537345, -0.00115061330143, 0.00147868448403, -0.000729132792912, -0.000286896509351, -0.00142854359001, 0.00121676747221], [-0.000180778326467, 0.00255115586333, -0.00180142745376, 0.00123807915952, -0.00236831302755, 0.00884197745472, -0.00362091534771, 0.00229478650726, -0.00163507601246, 0.00141676375642, -0.000427447841503, 0.00270293210633, -0.00158513267525], [0.000410311273299, -0.00146072206553, 0.00170619727578, -0.001327985432, -0.000200828537345, -0.00362091534771, 0.00754701159894, -0.00265742558986, 0.000205438729608, -0.00104030885268, -0.00109711824916, 0.000109445420094, 0.00220352900214], [-0.000237373053096, 0.00180754880421, -0.00162999192253, 0.00169661839027, -0.00115061330143, 0.00229478650726, -0.00265742558986, 0.00852687656879, -0.00150915270206, 0.000238670778344, -0.000411597720813, 0.00187737948727, -0.00136462738737], [0.00038278719876, -0.00167364184745, 0.00151714414824, -0.00249084830284, 0.00147868448403, -0.00163507601246, 0.000205438729608, -0.00150915270206, 0.00866163522005, -0.00445681205019, 0.00418355548754, -0.00281508499756, 0.00340396491811], [-0.000218795219553, 0.00212726788595, -0.00230717053637, 0.00288152578287, -0.000729132792912, 0.00141676375642, -0.00104030885268, 0.000238670778344, -0.00445681205019, 0.0134670361876, -0.00608392851427, 0.00381095567718, -0.0026604863815], [0.000170235638507, -0.00151638139505, 0.00220272713341, -0.00140319787897, -0.000286896509351, -0.000427447841503, -0.00109711824916, -0.000411597720813, 0.00418355548754, -0.00608392851427, 0.0138857094571, -0.00531143136322, 0.00136405741796], [-0.000233686092542, 0.00300808623433, -0.00200844788924, 0.00149021262769, -0.00142854359001, 0.00270293210633, 0.000109445420094, 0.00187737948727, -0.00281508499756, 0.00381095567718, -0.00531143136322, 0.0126001741737, -0.00612369086593], [0.000232289268752, -0.00293621607125, 0.00190616759937, -0.00241817114875, 0.00121676747221, -0.00158513267525, 0.00220352900214, -0.00136462738737, 0.00340396491811, -0.0026604863815, 0.00136405741796, -0.00612369086593, 0.0120914252475]]
    },
    "melbands": {
        "dmean": [0.00166787509806, 0.0016231322661, 0.000676248513628, 0.000275136757409, 0.000193401428987, 0.000533568381798, 0.000379416509531, 0.000194615320652, 0.000259142136201, 0.000108279695269, 0.000118395582831, 4.91426981171e-05, 5.36140723852e-05, 0.000166687139426, 7.09116720827e-05, 2.69327083515e-05, 5.49481919734e-05, 3.93109621655e-05, 1.86047473107e-05, 1.22388100863e-05, 1.50789210238e-05, 1.14065433081e-05, 7.72099519963e-06, 8.58509065438e-06, 6.95085054758e-06, 1.08965596155e-05, 5.13355644216e-06, 3.33749085257e-06, 2.70095074484e-06, 1.60217086886e-06, 1.18625519008e-06, 1.0651726825e-06, 1.07786070203e-06, 1.25471171941e-06, 7.62747163208e-07, 6.35591618448e-07, 5.15706005899e-07, 4.53975133041e-07, 3.99602697598e-07, 4.43747438794e-07],
        "dmean2": [0.00257348804735, 0.00259808520786, 0.00114857614972, 0.000490477541462, 0.000330591225065, 0.000919907004572, 0.000625822285656, 0.000279518862953, 0.000385099032428, 0.00017707637744, 0.000185932804015, 7.28552186047e-05, 7.71175327827e-05, 0.000241983099841, 0.000107519925223, 4.24662721343e-05, 8.27018302516e-05, 5.75733065489e-05, 2.87222301267e-05, 1.89384481928e-05, 2.28574881476e-05, 1.79950075108e-05, 1.19524547699e-05, 1.27929370137e-05, 1.03366601252e-05, 1.50241394294e-05, 7.35568664822e-06, 4.98981580677e-06, 3.91197136196e-06, 2.22886319534e-06, 1.7438036366e-06, 1.44461944274e-06, 1.40372083024e-06, 1.88053343209e-06, 1.121401624e-06, 9.63931029219e-07, 7.84960036526e-07, 6.87063618443e-07, 6.04258161729e-07, 7.16913405086e-07],
        "dvar": [9.19048306969e-06, 1.41496893775e-05, 2.96039320347e-06, 4.54383581427e-07, 1.26700669512e-07, 1.02900867205e-06, 5.56603424684e-07, 3.37648884852e-07, 4.64100622821e-07, 5.34651150019e-08, 3.53023281718e-08, 1.86359692123e-08, 1.26358372654e-08, 8.20376584443e-08, 1.8921452849e-08, 2.87052848158e-09, 9.88097870191e-09, 7.13938863584e-09, 1.41527534137e-09, 5.53321666263e-10, 9.84612169574e-10, 6.67623567541e-10, 2.44891024126e-10, 3.98851285333e-10, 1.56549315178e-10, 4.10445177845e-10, 8.39229241656e-11, 6.3401783823e-11, 4.58313179075e-11, 1.35076221042e-11, 9.59484575125e-12, 6.30135874036e-12, 6.39885410283e-12, 9.27277178653e-12, 2.67108709283e-12, 2.37306550278e-12, 1.5008467559e-12, 1.21324120455e-12, 7.25420916912e-13, 1.12011040634e-12],
        "dvar2": [2.04129046324e-05, 3.52332754119e-05, 7.90464764577e-06, 1.30219382299e-06, 3.31369420792e-07, 2.83063559436e-06, 1.45709816479e-06, 6.65922129883e-07, 9.41800522014e-07, 1.42241873391e-07, 9.36596009637e-08, 2.95517530446e-08, 2.33017178886e-08, 1.75745313413e-07, 4.3198742361e-08, 6.65138255584e-09, 1.99331555706e-08, 1.35333744211e-08, 3.13166470534e-09, 1.26137511547e-09, 2.11205408718e-09, 1.57626556252e-09, 5.56694967901e-10, 9.2008201058e-10, 3.23221560627e-10, 7.14441783511e-10, 1.69865135846e-10, 1.41663694664e-10, 1.01106116535e-10, 2.75481599338e-11, 1.90947032491e-11, 1.20452970515e-11, 1.00614690191e-11, 2.17225751276e-11, 5.89630861497e-12, 5.05229625497e-12, 3.416392386e-12, 2.87003493887e-12, 1.70040489935e-12, 2.89213401491e-12],
        "max": [0.0446214489639, 0.0416079834104, 0.0148121500388, 0.00625736825168, 0.004481384065, 0.00992566347122, 0.00910946168005, 0.00911175180227, 0.0108791431412, 0.00305345701054, 0.00214178487659, 0.00458017271012, 0.00263250153512, 0.00574097875506, 0.00189695984591, 0.000687795516569, 0.0018688775599, 0.00144242634997, 0.000594612327404, 0.000323619286064, 0.000561921333428, 0.000366890075384, 0.000192601393792, 0.000263642519712, 0.000179234732059, 0.000261368695647, 0.000121163859149, 8.73648968991e-05, 9.58284363151e-05, 4.17983319494e-05, 3.852707232e-05, 3.13097298204e-05, 3.24130160152e-05, 3.11903713737e-05, 1.7160182324e-05, 2.4985318305e-05, 1.31887645693e-05, 9.63459660852e-06, 6.98485018802e-06, 1.14332715384e-05],
        "mean": [0.00308512547053, 0.00243149837479, 0.00073849351611, 0.000326769251842, 0.000269361946266, 0.000767860270571, 0.000663384620566, 0.000435488997027, 0.000578045088332, 0.000164551005582, 0.000250554963714, 9.80138138402e-05, 8.8794324256e-05, 0.000420006283093, 0.000143487661262, 4.45014484285e-05, 0.00012084707123, 7.42641277611e-05, 2.99874100165e-05, 1.84331474884e-05, 2.28968438023e-05, 1.5527866708e-05, 1.15260945677e-05, 1.25242968352e-05, 1.21428820421e-05, 2.06281838473e-05, 8.69794803293e-06, 4.763913239e-06, 3.67573261428e-06, 2.18174318434e-06, 1.56015437369e-06, 1.30652608732e-06, 1.4323375126e-06, 1.47195009959e-06, 9.91059778244e-07, 7.79232891546e-07, 6.008781952e-07, 4.89057413233e-07, 4.39175465772e-07, 4.90365380301e-07],
        "median": [0.00189364666585, 0.00115458504297, 0.00031180260703, 0.000191666054889, 0.000170053506736, 0.000297435501125, 0.00022095956956, 7.9258257756e-05, 8.55498510646e-05, 6.44413157715e-05, 0.000111363668111, 3.26535373461e-05, 2.80301410385e-05, 0.000148302846355, 4.76622517454e-05, 1.71893916558e-05, 3.49342008121e-05, 2.22851904255e-05, 1.25316446429e-05, 6.85297163727e-06, 8.85683039087e-06, 4.73125328426e-06, 2.97543283523e-06, 4.08387313655e-06, 4.50545212516e-06, 5.81290214541e-06, 2.8010817914e-06, 1.2998159491e-06, 8.84700398274e-07, 6.20220021119e-07, 2.23489749374e-07, 2.38107759287e-07, 1.9330724399e-07, 1.98045881916e-07, 2.02431152729e-07, 1.1697918012e-07, 9.20439617857e-08, 5.35095381338e-08, 6.37120081137e-08, 1.08533043885e-07],
        "min": [5.26091952224e-08, 4.01094197855e-08, 2.32766641517e-08, 1.04530046841e-08, 4.82462869655e-09, 3.21254867153e-09, 1.72665559628e-09, 8.2320245065e-10, 8.39636915551e-10, 3.3230418417e-10, 1.91813953609e-10, 2.010128064e-09, 4.30224789127e-09, 2.96855562354e-09, 9.79089254116e-10, 1.32033772804e-09, 9.30491073081e-10, 1.89364537939e-10, 8.27453244812e-11, 8.17246478824e-11, 4.13874004512e-11, 1.73352738414e-11, 2.17980130474e-11, 5.10400818832e-11, 3.13521208994e-10, 2.23391416476e-10, 1.22479901221e-10, 2.96599377003e-11, 5.709572138e-12, 3.41460258506e-12, 2.6437658486e-12, 2.39026637025e-12, 1.84717757583e-12, 2.67779852112e-12, 2.03611997054e-12, 9.7997554082e-13, 8.70248968374e-13, 6.79741039931e-13, 5.54882203553e-13, 5.93241330626e-13],
        "stdev": [0.00418392987922, 0.00408967351541, 0.0015274489997, 0.000561840541195, 0.000367257976905, 0.0011251923861, 0.00105523457751, 0.00103116070386, 0.00135958276223, 0.00028151384322, 0.000330100738211, 0.000306221889332, 0.000197142668185, 0.000665710540488, 0.000237157000811, 7.68280515331e-05, 0.000225463023526, 0.000156657202751, 4.84465635964e-05, 2.93648463412e-05, 4.18905437982e-05, 3.18428574246e-05, 2.09831996472e-05, 2.40330919041e-05, 1.91995295609e-05, 3.61033562513e-05, 1.39489866342e-05, 1.00589168142e-05, 8.29473992781e-06, 4.63012065666e-06, 4.04039474233e-06, 3.24781194649e-06, 3.73840089196e-06, 3.5918787944e-06, 2.10735242945e-06, 1.99912778953e-06, 1.45449962474e-06, 1.2220446024e-06, 9.64756850408e-07, 1.04349715002e-06],
        "var": [1.75052682607e-05, 1.67254311236e-05, 2.33310061049e-06, 3.15664806294e-07, 1.34878419544e-07, 1.2660577795e-06, 1.11351994292e-06, 1.06329241589e-06, 1.84846533102e-06, 7.92500500779e-08, 1.08966496271e-07, 9.37718525051e-08, 3.88652310335e-08, 4.43170506514e-07, 5.62434436802e-08, 5.90254956023e-09, 5.08335773475e-08, 2.4541478183e-08, 2.3470694277e-09, 8.62294180504e-10, 1.75481751352e-09, 1.01396746555e-09, 4.40294661841e-10, 5.77589476247e-10, 3.68621966285e-10, 1.30345245708e-09, 1.94574231727e-10, 1.01181812928e-10, 6.88027065876e-11, 2.14380180275e-11, 1.63247904778e-11, 1.05482827334e-11, 1.3975640957e-11, 1.29015929884e-11, 4.44093416554e-12, 3.99651232247e-12, 2.1155690047e-12, 1.49339308281e-12, 9.30755689535e-13, 1.08888635955e-12]
    },
    "melbands128": {
