{
"lowlevel": {
    "average_loudness": 0.908244729042,
    "barkbands_crest": {
        "dmean": 2.05803990364,
        "dmean2": 3.05847239494,
        "dvar": 4.80032014847,
        "dvar2": 10.4275493622,
        "max": 26.1516475677,
        "mean": 12.3534202576,
        "median": 11.6196680069,
        "min": 3.47043013573,
        "stdev": 4.63492393494,
        "var": 21.4825210571
    },
    "barkbands_flatness_db": {
        "dmean": 0.0189786665142,
        "dmean2": 0.0261013880372,
        "dvar": 0.000423973571742,
        "dvar2": 0.000737766036764,
        "max": 0.356500983238,
        "mean": 0.17986394465,
        "median": 0.174676030874,
        "min": 0.0406239107251,
        "stdev": 0.0589665621519,
        "var": 0.00347705534659
    },
    "barkbands_kurtosis": {
        "dmean": 3.33525538445,
        "dmean2": 4.88548612595,
        "dvar": 73.7775344849,
        "dvar2": 151.37487793,
        "max": 173.533630371,
        "mean": 7.92011976242,
        "median": 3.31719017029,
        "min": -1.93352496624,
        "stdev": 16.5973834991,
        "var": 275.473114014
    },
    "barkbands_skewness": {
        "dmean": 0.457634359598,
        "dmean2": 0.642070829868,
        "dvar": 0.363462716341,
        "dvar2": 0.661950707436,
        "max": 12.0697612762,
        "mean": 1.59435403347,
        "median": 1.41437387466,
        "min": -1.94375765324,
        "stdev": 1.6475019455,
        "var": 2.7142624855
    },
    "barkbands_spread": {
        "dmean": 4.68771314621,
        "dmean2": 6.52739286423,
        "dvar": 78.4116287231,
        "dvar2": 131.816268921,
        "max": 111.487159729,
        "mean": 18.4087314606,
        "median": 13.2574586868,
        "min": 0.873981773853,
        "stdev": 17.7413654327,
        "var": 314.75604248
    },
    "dissonance": {
        "dmean": 0.0292309746146,
        "dmean2": 0.0485340282321,
        "dvar": 0.000985317048617,
        "dvar2": 0.00256027840078,
        "max": 0.499154508114,
        "mean": 0.42722505331,
        "median": 0.43511903286,
        "min": 0.037820789963,
        "stdev": 0.0459095351398,
        "var": 0.00210768543184
    },
    "dynamic_complexity": 4.47777938843,
    "erbbands_crest": {
        "dmean": 2.73156809807,
        "dmean2": 4.05193519592,
        "dvar": 8.00886154175,
        "dvar2": 17.2347259521,
        "max": 33.0013847351,
        "mean": 13.5535135269,
        "median": 12.6067705154,
        "min": 2.265178442,
        "stdev": 6.57922029495,
        "var": 43.2861404419
    },
    "erbbands_flatness_db": {
        "dmean": 0.0168860312551,
        "dmean2": 0.022949365899,
        "dvar": 0.000357131619239,
        "dvar2": 0.000616678036749,
        "max": 0.354292213917,
        "mean": 0.190773352981,
        "median": 0.188277482986,
        "min": 0.0552487187088,
        "stdev": 0.0549091100693,
        "var": 0.00301501038484
    },
    "erbbands_kurtosis": {
        "dmean": 1.80815970898,
        "dmean2": 2.63761615753,
        "dvar": 12.3755264282,
        "dvar2": 25.0455989838,
        "max": 95.1676864624,
        "mean": 3.71008300781,
        "median": 1.66419839859,
        "min": -1.77289605141,
        "stdev": 8.29354476929,
        "var": 68.7828903198
    },
    "erbbands_skewness": {
        "dmean": 0.409395575523,
        "dmean2": 0.569791853428,
        "dvar": 0.253930568695,
        "dvar2": 0.473483175039,
        "max": 8.15242004395,
        "mean": 1.11286795139,
        "median": 0.983250796795,
        "min": -3.15842247009,
        "stdev": 1.23144853115,
        "var": 1.5164655447
    },
    "erbbands_spread": {
        "dmean": 7.28073978424,
        "dmean2": 10.5245037079,
        "dvar": 122.803657532,
        "dvar2": 242.823410034,
        "max": 149.016372681,
        "mean": 31.7264709473,
        "median": 24.9295330048,
        "min": 2.10280990601,
        "stdev": 23.5803508759,
        "var": 556.032958984
    },
    "hfc": {
        "dmean": 4.62626695633,
        "dmean2": 5.85464572906,
        "dvar": 62.0240783691,
        "dvar2": 101.279975891,
        "max": 111.077865601,
        "mean": 21.3898696899,
        "median": 12.9118738174,
        "min": 1.21259873535e-16,
        "stdev": 20.8959674835,
        "var": 436.641479492
    },
    "loudness_ebu128": {
        "integrated": -8.21979522705,
        "loudness_range": 7.64063215256,
        "momentary": {
            "dmean": 0.709292650223,
            "dmean2": 0.63359439373,
            "dvar": 0.321472674608,
            "dvar2": 0.382973313332,
            "max": -4.49775314331,
            "mean": -9.88336086273,
            "median": -8.6074180603,
            "min": -23.2933578491,
            "stdev": 4.20027065277,
            "var": 17.6422748566
        },
        "short_term": {
            "dmean": 0.144444704056,
            "dmean2": 0.0914534926414,
            "dvar": 0.0208335183561,
            "dvar2": 0.0113975116983,
            "max": -5.84508323669,
            "mean": -9.27130126953,
            "median": -7.48565769196,
            "min": -17.0564556122,
            "stdev": 3.05750107765,
            "var": 9.3483133316
        }
    },
    "melbands_crest": {
        "dmean": 2.33892512321,
        "dmean2": 3.47373795509,
        "dvar": 5.81392383575,
        "dvar2": 13.0869674683,
        "max": 31.977191925,
        "mean": 15.6973953247,
        "median": 14.7180948257,
        "min": 1.98073911667,
        "stdev": 5.72134017944,
        "var": 32.7337341309
    },
    "melbands_flatness_db": {
        "dmean": 0.0203311722726,
        "dmean2": 0.0271095465869,
        "dvar": 0.000629342219327,
        "dvar2": 0.00100395071786,
        "max": 0.468041449785,
        "mean": 0.238941609859,
        "median": 0.234522178769,
        "min": 0.00727192079648,
        "stdev": 0.0736230090261,
        "var": 0.00542034721002
    },
    "melbands_kurtosis": {
        "dmean": 6.34618759155,
        "dmean2": 9.49380302429,
        "dvar": 265.214080811,
        "dvar2": 591.575927734,
        "max": 329.177856445,
        "mean": 16.6375923157,
        "median": 7.08857345581,
        "min": -1.81831467152,
        "stdev": 34.3087501526,
        "var": 1177.09033203
    },
    "melbands_skewness": {
        "dmean": 0.562270104885,
        "dmean2": 0.813855648041,
        "dvar": 0.626496076584,
        "dvar2": 1.39842391014,
        "max": 14.9405231476,
        "mean": 2.2674267292,
        "median": 1.85164451599,
        "min": -1.74805653095,
        "stdev": 2.1870777607,
        "var": 4.78330898285
    },
    "melbands_spread": {
        "dmean": 5.46212673187,
        "dmean2": 7.64401674271,
        "dvar": 168.119949341,
        "dvar2": 297.084320068,
        "max": 218.168106079,
        "mean": 20.4200286865,
        "median": 14.4447622299,
        "min": 0.648887515068,
        "stdev": 20.8830299377,
        "var": 436.100921631
    },
    "pitch_salience": {
        "dmean": 0.0525798425078,
        "dmean2": 0.0823504626751,
        "dvar": 0.00344206229784,
        "dvar2": 0.00792058371007,
        "max": 0.932696640491,
        "mean": 0.487010031939,
        "median": 0.48951330781,
        "min": 0.098760381341,
        "stdev": 0.116951361299,
        "var": 0.013677620329
    },
    "silence_rate_20dB": {
        "dmean": 0,
        "dmean2": 0,
        "dvar": 0,
        "dvar2": 0,
        "max": 1,
        "mean": 1,
        "median": 1,
        "min": 1,
        "stdev": 0,
        "var": 0
    },
    "silence_rate_30dB": {
        "dmean": 0,
        "dmean2": 0,
        "dvar": 0,
        "dvar2": 0,
        "max": 1,
        "mean": 1,
        "median": 1,
        "min": 1,
        "stdev": 0,
        "var": 0
    },
    "silence_rate_60dB": {
        "dmean": 0.022445820272,
        "dmean2": 0.0449264124036,
        "dvar": 0.0219419710338,
        "dvar2": 0.0491045489907,
        "max": 1,
        "mean": 0.100541375577,
        "median": 0,
        "min": 0,
        "stdev": 0.300721049309,
        "var": 0.0904331579804
    },
    "spectral_centroid": {
        "dmean": 188.82723999,
        "dmean2": 259.303649902,
        "dvar": 172255.40625,
        "dvar2": 236180.890625,
        "max": 10656.5664062,
        "mean": 1095.15661621,
        "median": 922.651123047,
        "min": 177.650222778,
        "stdev": 731.897827148,
        "var": 535674.4375
    },
    "spectral_complexity": {
        "dmean": 1.78947365284,
        "dmean2": 2.82881498337,
        "dvar": 3.59962534904,
        "dvar2": 7.2139043808,
        "max": 34,
        "mean": 11.156999588,
        "median": 10,
        "min": 0,
        "stdev": 6.06532287598,
        "var": 36.7881393433
    },
    "spectral_decrease": {
        "dmean": 1.01071251368e-09,
        "dmean2": 1.3621649364e-09,
        "dvar": 2.2639062758e-18,
        "dvar2": 3.76642464419e-18,
        "max": 1.17233847387e-28,
        "mean": -6.0289933046e-09,
        "median": -5.44898748345e-09,
        "min": -2.1041271836e-08,
        "stdev": 4.55755744255e-09,
        "var": 2.07713290531e-17
    },
    "spectral_energy": {
        "dmean": 0.00411372072995,
        "dmean2": 0.00553621910512,
        "dvar": 3.68555556634e-05,
        "dvar2": 6.08357840974e-05,
        "max": 0.0837349444628,
        "mean": 0.0246949382126,
        "median": 0.0219859741628,
        "min": 1.05561655535e-20,
        "stdev": 0.0187048427761,
        "var": 0.000349871144863
    },
    "spectral_energyband_high": {
        "dmean": 0.000290623283945,
        "dmean2": 0.000377792253857,
        "dvar": 6.25052052783e-07,
        "dvar2": 1.00630904853e-06,
        "max": 0.0137966796756,
        "mean": 0.000694833812304,
        "median": 0.000159389412147,
        "min": 7.74093469465e-21,
        "stdev": 0.00139020511415,
        "var": 1.93267010218e-06
    },
    "spectral_energyband_low": {
        "dmean": 0.000826730334666,
        "dmean2": 0.00125229288824,
        "dvar": 1.61883269811e-06,
        "dvar2": 3.01257773572e-06,
        "max": 0.0162480007857,
        "mean": 0.00483530852944,
        "median": 0.00395506201312,
        "min": 2.00822182354e-23,
        "stdev": 0.0040138089098,
        "var": 1.61106618179e-05
    },
    "spectral_energyband_middle_high": {
        "dmean": 0.0017803828232,
        "dmean2": 0.0021255495958,
        "dvar": 1.48632652781e-05,
        "dvar2": 2.19401954382e-05,
        "max": 0.0734653696418,
        "mean": 0.00740169966593,
        "median": 0.0016902067,
        "min": 1.59534685633e-21,
        "stdev": 0.0121156349778,
        "var": 0.000146788603161
    },
    "spectral_energyband_middle_low": {
        "dmean": 0.00327474903315,
        "dmean2": 0.00453252205625,
        "dvar": 2.79777777905e-05,
        "dvar2": 5.16010877618e-05,
        "max": 0.0738648921251,
        "mean": 0.0125446589664,
        "median": 0.00844795722514,
        "min": 2.66441140752e-22,
        "stdev": 0.0126518104225,
        "var": 0.000160068302648
    },
    "spectral_entropy": {
        "dmean": 0.195635065436,
        "dmean2": 0.25633469224,
        "dvar": 0.0522023774683,
        "dvar2": 0.0753106325865,
        "max": 9.79641437531,
        "mean": 7.06461763382,
        "median": 7.00764322281,
        "min": 5.60968446732,
        "stdev": 0.626777410507,
        "var": 0.39284992218
    },
    "spectral_flux": {
        "dmean": 0.0214041136205,
        "dmean2": 0.0339913330972,
        "dvar": 0.000675497169141,
        "dvar2": 0.00158919091336,
        "max": 0.253576815128,
        "mean": 0.0584931224585,
        "median": 0.0477600358427,
        "min": 1.02743202834e-10,
        "stdev": 0.0427063256502,
        "var": 0.00182383018546
    },
    "spectral_kurtosis": {
        "dmean": 1.69519293308,
        "dmean2": 2.70484018326,
        "dvar": 2.84979987144,
        "dvar2": 7.39912891388,
        "max": 20.4061660767,
        "mean": 5.27731370926,
        "median": 4.79317474365,
        "min": -1.22527182102,
        "stdev": 3.37057805061,
        "var": 11.3607959747
    },
    "spectral_rms": {
        "dmean": 0.000413757603383,
        "dmean2": 0.00055195717141,
        "dvar": 3.30542349047e-07,
        "dvar2": 4.98434189922e-07,
        "max": 0.009038397111,
        "mean": 0.00447212578729,
        "median": 0.00463138520718,
        "min": 3.20915841644e-12,
        "stdev": 0.0020230601076,
        "var": 4.09277208746e-06
    },
    "spectral_rolloff": {
        "dmean": 420.147338867,
        "dmean2": 677.522766113,
        "dvar": 1603687.375,
        "dvar2": 2753831.5,
        "max": 18647.7539062,
        "mean": 1423.53869629,
        "median": 796.728515625,
        "min": 129.19921875,
        "stdev": 1878.10046387,
        "var": 3527261.5
    },
    "spectral_skewness": {
        "dmean": 0.236014202237,
        "dmean2": 0.354199171066,
        "dvar": 0.0563409887254,
        "dvar2": 0.107981190085,
        "max": 3.63020038605,
        "mean": 1.82976222038,
        "median": 1.82531201839,
        "min": -0.149407714605,
        "stdev": 0.585988342762,
        "var": 0.343382358551
    },
    "spectral_spread": {
        "dmean": 642025.5625,
        "dmean2": 860346.5,
        "dvar": 1.3572529193e+12,
        "dvar2": 1.30090991616e+12,
        "max": 40459756,
        "mean": 5052348.5,
        "median": 4490454,
        "min": 2413062.25,
        "stdev": 2264745,
        "var": 5.1290701824e+12
    },
    "spectral_strongpeak": {
        "dmean": 0.562705993652,
        "dmean2": 0.892664909363,
        "dvar": 0.802058279514,
        "dvar2": 1.66950261593,
        "max": 10.6923046112,
        "mean": 1.87151920795,
        "median": 1.01864242554,
        "min": 0,
        "stdev": 2.03750228882,
        "var": 4.15141534805
    },
    "zerocrossingrate": {
        "dmean": 0.0106851207092,
        "dmean2": 0.0117195062339,
        "dvar": 0.000499678310007,
        "dvar2": 0.000499739137013,
        "max": 0.5029296875,
        "mean": 0.0551542565227,
        "median": 0.04296875,
        "min": 0.0048828125,
        "stdev": 0.0449876859784,
        "var": 0.00202389177866
    },
    "barkbands": {
        "dmean": [6.50057918392e-05, 0.000453938322607, 0.000414414476836, 0.000244403461693, 0.000558083993383, 0.000904853339307, 0.0011459471425, 0.00056922622025, 0.00134036154486, 0.00121311191469, 0.000292105483823, 0.000356546166586, 0.00021388613095, 0.000352158589521, 0.000260438566329, 0.000166816855199, 8.40056745801e-05, 5.45839684492e-05, 0.000138540941407, 6.99437005096e-05, 4.83372969029e-05, 3.09681163344e-05, 6.4398846007e-05, 0.000119761032693, 4.85878372274e-05, 1.4133465811e-05, 5.6841560081e-07],
        "dmean2": [0.000101787503809, 0.000677851727232, 0.000592353811953, 0.000400469521992, 0.000793511047959, 0.00133603299037, 0.00163550639991, 0.000730974134058, 0.00178418646101, 0.00150500668678, 0.00038274860708, 0.000467211764771, 0.000312046642648, 0.000473205232993, 0.000406792736612, 0.000232560982113, 0.000114652015327, 8.05751187727e-05, 0.000198330089916, 9.42904662224e-05, 7.16608119546e-05, 4.49688741355e-05, 8.80588195287e-05, 0.000160703479196, 6.49461871944e-05, 2.00313006644e-05, 9.06117065824e-07],
        "dvar": [6.72675355418e-08, 6.44604142508e-07, 7.41583278341e-07, 1.68953178559e-07, 2.28124577006e-06, 3.54374583367e-06, 1.33389321491e-05, 6.36782669972e-06, 1.20267222883e-05, 1.25038041006e-05, 1.51716938035e-06, 1.20686604532e-06, 7.89741704921e-07, 1.35557831982e-06, 1.10993983071e-06, 3.61770219115e-07, 5.55791643819e-08, 2.03362517937e-08, 8.64615472551e-08, 2.61523425138e-08, 1.21239205342e-08, 1.38991982368e-08, 4.36166978091e-08, 1.33669786351e-07, 2.0489004271e-08, 2.62012234131e-09, 6.6073236292e-12],
        "dvar2": [1.54154449206e-07, 1.28442218283e-06, 1.2743150819e-06, 4.82288953663e-07, 3.87877526009e-06, 7.28519626136e-06, 2.72826328001e-05, 1.02775056803e-05, 1.87638524949e-05, 2.04768584808e-05, 2.3394661639e-06, 1.62017454386e-06, 1.76075536729e-06, 2.26866904995e-06, 2.64384266302e-06, 6.23117841769e-07, 1.2155808804e-07, 4.43813732431e-08, 1.85079599646e-07, 4.69463508068e-08, 2.73293725428e-08, 2.7060256258e-08, 8.4104051723e-08, 2.46838197882e-07, 3.88570171594e-08, 6.05006222898e-09, 1.63313754881e-11],
        "max": [0.00580977182835, 0.0117240501568, 0.0113596599549, 0.00421123718843, 0.0282311141491, 0.0337418206036, 0.0693671032786, 0.0549702644348, 0.0730691030622, 0.0671463832259, 0.0259816199541, 0.025397580117, 0.0160643719137, 0.0271838605404, 0.0223618391901, 0.0126038594171, 0.00501330383122, 0.00286627165042, 0.00524157099426, 0.00387509982102, 0.00187251484022, 0.00268188468181, 0.00409032637253, 0.00583466514945, 0.0030176397413, 0.00111864227802, 4.31189291703e-05],
        "mean": [0.000107760519313, 0.00272903055884, 0.00166656426154, 0.000576207938138, 0.00135668029543, 0.00255350372754, 0.00245243054815, 0.00128374027554, 0.00348204001784, 0.00355563056655, 0.000534228107426, 0.000888218462933, 0.000382954720408, 0.00078866770491, 0.000605038425419, 0.000299640814774, 0.000205044241739, 0.000129081701743, 0.000332362018526, 0.000173136257217, 9.16036588023e-05, 5.07299955643e-05, 0.000104754217318, 0.000234095394262, 9.00344966794e-05, 2.12606155401e-05, 5.26643134435e-07],
        "median": [9.88975261862e-06, 0.000932440860197, 0.000975058879703, 0.00028754392406, 0.000411000743043, 0.000823704060167, 0.000456348701846, 7.7502183558e-05, 0.000328642723616, 0.000175721128471, 5.37874402653e-05, 9.73450005404e-05, 4.73302170576e-05, 6.10982897342e-05, 4.54466426163e-05, 3.80310775654e-05, 3.33845746354e-05, 2.47124371526e-05, 7.29681050871e-05, 3.09540337184e-05, 2.72195593425e-05, 9.8885202533e-06, 1.21694438349e-05, 3.14255448757e-05, 1.65367873706e-05, 3.67411871594e-06, 4.07865847762e-08],
        "min": [2.51171655614e-24, 6.47466935962e-24, 3.55821312212e-24, 1.59365064761e-23, 5.07548341699e-23, 4.2509101475e-23, 7.66485654505e-23, 3.36724015216e-23, 1.57998457906e-23, 5.8837632378e-23, 8.81695255616e-23, 7.23476074428e-23, 8.98833479663e-23, 1.11689097906e-22, 1.05740941531e-22, 2.68224723704e-22, 1.48775620006e-22, 1.50680902108e-22, 3.88616080733e-22, 2.72200734128e-22, 2.72576711546e-22, 5.03480968561e-22, 5.55880820688e-22, 6.97637484525e-22, 1.36028761213e-21, 1.68623282126e-21, 2.69889889169e-21],
        "stdev": [0.000319407117786, 0.00319453561679, 0.00197665998712, 0.000754166510887, 0.0033809968736, 0.00416809599847, 0.00590840354562, 0.0054886569269, 0.00864171702415, 0.00839297566563, 0.0020961901173, 0.00274885864928, 0.00117152172606, 0.0027444132138, 0.00221425760537, 0.000979359727353, 0.000525847892277, 0.000292078999337, 0.000642625964247, 0.000345649343217, 0.000173241016455, 0.000170879196958, 0.000309051945806, 0.000580960419029, 0.000226340256631, 6.18621052126e-05, 2.4109417609e-06],
        "var": [1.02020898396e-07, 1.02050580608e-05, 3.90718514609e-06, 5.68767120512e-07, 1.14311405923e-05, 1.73730240931e-05, 3.49092297256e-05, 3.01253567159e-05, 7.46792720747e-05, 7.04420453985e-05, 4.39401264885e-06, 7.55622431825e-06, 1.37246320264e-06, 7.53180393076e-06, 4.90293723487e-06, 9.59145381785e-07, 2.76515976338e-07, 8.53101411735e-08, 4.12968148567e-07, 1.1947346934e-07, 3.00124511909e-08, 2.9199698659e-08, 9.5513101428e-08, 3.37514990179e-07, 5.12299145328e-08, 3.82691967005e-09, 5.81263986596e-12]
    },
    "erbbands": {
        "dmean": [0.013672798872, 0.108336538076, 0.394784212112, 0.706636309624, 0.990317821503, 1.88605225086, 4.11792421341, 9.00496864319, 16.9725513458, 12.3829488754, 12.8243227005, 32.3275794983, 37.2075424194, 24.2291679382, 12.687953949, 10.8518047333, 9.75816059113, 8.63297462463, 21.1258029938, 8.36000919342, 8.37358570099, 4.81710672379, 2.90646576881, 5.9656457901, 4.81643342972, 2.91623735428, 2.50534653664, 1.28887832165, 1.12647163868, 1.15655648708, 1.94837999344, 2.7581307888, 1.76515245438, 0.693693101406, 0.265106022358, 0.0953475907445, 0.0193509571254, 0.0023311029654, 5.86693531659e-05, 6.99413794791e-06],
        "dmean2": [0.0208337120712, 0.163596004248, 0.580774366856, 1.09698939323, 1.56312644482, 2.81540632248, 5.64252281189, 13.1977739334, 24.4437236786, 17.2116832733, 16.3659095764, 43.4406929016, 44.5645256042, 28.6618804932, 15.7666158676, 13.2534837723, 13.5826787949, 11.0758314133, 29.6159324646, 11.7362957001, 12.1837434769, 6.63803958893, 4.02469491959, 8.78275585175, 6.50174570084, 3.81529426575, 3.50471568108, 1.92867028713, 1.6766409874, 1.59700548649, 2.67280745506, 3.82083439827, 2.40103936195, 0.909863591194, 0.346774667501, 0.136237040162, 0.0276243127882, 0.00352578889579, 8.66732298164e-05, 9.18299429031e-06],
        "dvar": [0.000939442194067, 0.0359745137393, 0.586169481277, 1.33022511005, 4.12211227417, 32.1421546936, 123.397132874, 409.006195068, 2359.67260742, 2991.16967773, 2309.5871582, 6920.31787109, 9733.71679688, 5171.96191406, 1725.6854248, 767.365356445, 1596.2199707, 687.57232666, 4876.03320312, 499.923370361, 1116.20922852, 173.807449341, 50.4185638428, 239.423492432, 84.9646682739, 39.6026382446, 29.4489955902, 19.7852363586, 16.7680721283, 17.922460556, 39.1206741333, 75.1363220215, 28.1970424652, 4.39917898178, 0.830535888672, 0.0913397818804, 0.00807417184114, 0.000146491394844, 7.17125061556e-08, 1.79543616086e-10],
        "dvar2": [0.00211145100184, 0.0703860595822, 1.03362214565, 3.33975362778, 10.1446866989, 55.5086555481, 209.417053223, 868.862121582, 5084.39794922, 5665.71777344, 3800.26733398, 10957.0117188, 15566.1660156, 7695.07763672, 2823.09814453, 1004.52166748, 3536.3449707, 1024.48791504, 9906.96191406, 895.209533691, 2162.4050293, 373.32220459, 104.116043091, 520.074035645, 151.180740356, 68.2947387695, 57.680015564, 44.9885520935, 30.3661880493, 31.5359725952, 75.7489013672, 147.625244141, 53.0546455383, 8.2780418396, 1.61348581314, 0.202381983399, 0.0192471314222, 0.000379949924536, 1.80713101372e-07, 3.77692016551e-10],
        "max": [0.602760314941, 3.0092716217, 9.77216053009, 14.3644065857, 38.4963645935, 130.79598999, 243.490737915, 310.448577881, 875.029418945, 1008.00183105, 1183.74829102, 2043.55712891, 2170.19921875, 1947.85302734, 912.493041992, 674.086181641, 759.90411377, 613.604431152, 1524.81237793, 416.290893555, 697.835571289, 229.861663818, 141.53237915, 284.296539307, 167.712844849, 141.426544189, 86.5250244141, 87.2091674805, 79.5305480957, 113.415351868, 106.005126953, 132.814987183, 97.6820297241, 43.4441795349, 18.9932956696, 5.60868549347, 2.17171692848, 0.304546654224, 0.00643619801849, 0.000289598625386],
        "mean": [0.0741091370583, 0.636155664921, 1.76778018475, 2.15289783478, 2.11073684692, 4.33495473862, 10.7161073685, 26.491109848, 36.5876579285, 34.1300430298, 30.8726768494, 79.2990112305, 101.118881226, 75.4410018921, 32.4110870361, 27.8585300446, 21.0093994141, 22.512090683, 54.9626235962, 16.4997520447, 16.3839473724, 11.3545036316, 8.16212558746, 14.9229793549, 13.0323619843, 8.16132640839, 6.09305143356, 2.26550865173, 1.87456822395, 1.85547757149, 3.35443282127, 5.13107776642, 3.420337677, 1.36444664001, 0.447570890188, 0.146007731557, 0.0288536865264, 0.00300831464119, 9.16036733543e-05, 3.43273895851e-05],
        "median": [0.0126275569201, 0.280259907246, 1.24483585358, 1.2258285284, 0.990257441998, 1.27149021626, 2.44083213806, 9.06344032288, 12.1401319504, 4.33406448364, 4.26220273972, 11.3561840057, 10.9260635376, 6.18606853485, 5.03817987442, 5.01635360718, 3.38113856316, 3.13716053963, 3.37072229385, 3.6458902359, 2.23440217972, 2.12528729439, 1.51920366287, 3.23676991463, 2.65166711807, 1.60505521297, 1.60261487961, 0.673076570034, 0.371713161469, 0.265394538641, 0.367195576429, 0.547131061554, 0.497262716293, 0.252411484718, 0.0868305042386, 0.0233429092914, 0.0049275434576, 0.000516526342835, 2.9956599974e-05, 2.9984745197e-05],
        "min": [1.4777749008e-22, 1.49662105288e-21, 4.98768947126e-21, 3.16566382509e-20, 1.10865285591e-19, 1.74798553349e-19, 1.18617118229e-19, 4.36645380912e-19, 9.06959494297e-19, 1.26437327684e-18, 6.2865132018e-19, 3.87250057989e-19, 1.94503249236e-18, 1.53937391758e-18, 4.01055624864e-18, 3.03617098787e-18, 4.1595298226e-18, 5.7760297503e-18, 4.85973697036e-18, 8.74703710387e-18, 1.4878085742e-17, 9.97271776679e-18, 9.55328921975e-18, 1.78926114812e-17, 1.52574770931e-17, 1.13488774724e-17, 1.50212128034e-17, 1.28427813751e-17, 1.55635620439e-17, 1.29763751799e-17, 1.72365761918e-17, 1.37613348396e-17, 1.42417059183e-17, 1.61023577164e-17, 8.51112519317e-18, 4.58094360311e-18, 3.59618921977e-18, 1.48964805845e-18, 4.28966197997e-19, 3.65206799726e-20],
        "stdev": [0.101263798773, 0.737208843231, 1.78567779064, 2.39848613739, 3.38935565948, 11.3303833008, 26.1683807373, 46.3696517944, 70.9404830933, 117.897773743, 104.451087952, 212.053405762, 212.908432007, 214.173126221, 91.8957748413, 71.5705413818, 56.4973716736, 66.6556091309, 163.278594971, 34.5380973816, 55.5247993469, 26.8249797821, 17.6750087738, 31.5234222412, 22.8972549438, 14.6964035034, 10.9671678543, 5.76269674301, 6.00065422058, 6.47478866577, 9.53990459442, 13.1347913742, 8.4616317749, 3.35436606407, 1.33763670921, 0.387289077044, 0.101934671402, 0.0116384886205, 0.000268880394287, 2.72828929155e-05],
        "var": [0.0102543570101, 0.543476879597, 3.18864536285, 5.75273609161, 11.4877309799, 128.377593994, 684.784179688, 2150.14453125, 5032.55224609, 13899.8857422, 10910.0292969, 44966.6445312, 45330, 45870.125, 8444.83300781, 5122.34228516, 3191.953125, 4442.96972656, 26659.8984375, 1192.88024902, 3083.00341797, 719.579589844, 312.405914307, 993.726196289, 524.284240723, 215.984283447, 120.278762817, 33.2086715698, 36.007850647, 41.9228897095, 91.0097885132, 172.522750854, 71.5992202759, 11.2517709732, 1.78927206993, 0.149992823601, 0.0103906774893, 0.000135454407427, 7.22966646549e-08, 7.4435624331e-10]
    },
    "gfcc": {
        "mean": [-36.9546470642, 94.1832733154, -108.997016907, 22.2179260254, -68.632598877, 15.8004245758, -39.6204719543, 18.5251255035, -26.3770122528, 3.29427313805, -9.60998344421, -6.61032438278, -4.60896158218],
        "cov": [[7729.92871094, -967.23425293, -941.364562988, -66.3923034668, -25.0835075378, 645.894958496, -37.4647483826, 774.622436523, -19.3124141693, 124.190490723, 318.5418396, -255.002471924, 93.0330657959], [-967.23425293, 1248.2935791, 51.0595016479, -74.6932144165, 248.168273926, -163.900604248, 214.896957397, -88.6220855713, 91.3405303955, -47.3795661926, 78.5923919678, -58.0682983398, 80.2584533691], [-941.364562988, 51.0595016479, 907.895629883, 374.684692383, 13.492389679, -9.57197952271, -26.2302570343, 7.44391775131, 60.3054847717, 21.4916915894, -54.977935791, 101.530380249, -85.9710922241], [-66.3923034668, -74.6932144165, 374.684692383, 560.518310547, 130.348388672, -0.924438476562, -29.9387512207, 100.863418579, 43.0753135681, -44.6739768982, 16.8118152618, 26.5078315735, -27.759098053], [-25.0835075378, 248.168273926, 13.492389679, 130.348388672, 339.166229248, 108.11315155, 100.198867798, 57.155040741, 35.2045631409, -9.14997386932, 15.450553894, -51.4247589111, 16.5277576447], [645.894958496, -163.900604248, -9.57197952271, -0.924438476562, 108.11315155, 366.379364014, 119.873428345, 27.7590885162, 35.693561554, 70.6629257202, 16.0331020355, -34.739654541, -0.156946271658], [-37.4647483826, 214.896957397, -26.2302570343, -29.9387512207, 100.198867798, 119.873428345, 273.284423828, 50.0112266541, 45.003074646, 38.8566169739, 46.6840782166, -5.53876829147, 30.7320194244], [774.622436523, -88.6220855713, 7.44391775131, 100.863418579, 57.155040741, 27.7590885162, 50.0112266541, 369.578186035, 91.5447006226, 3.2827372551, 107.166954041, 7.96633148193, 31.387096405], [-19.3124141693, 91.3405303955, 60.3054847717, 43.0753135681, 35.2045631409, 35.693561554, 45.003074646, 91.5447006226, 198.161300659, 55.0000801086, 45.5477600098, 33.0967941284, 6.17093038559], [124.190490723, -47.3795661926, 21.4916915894, -44.6739768982, -9.14997386932, 70.6629257202, 38.8566169739, 3.2827372551, 55.0000801086, 147.884719849, 58.1386795044, 42.1826553345, 9.53942775726], [318.5418396, 78.5923919678, -54.977935791, 16.8118152618, 15.450553894, 16.0331020355, 46.6840782166, 107.166954041, 45.5477600098, 58.1386795044, 198.191802979, 23.032207489, 42.349937439], [-255.002471924, -58.0682983398, 101.530380249, 26.5078315735, -51.4247589111, -34.739654541, -5.53876829147, 7.96633148193, 33.0967941284, 42.1826553345, 23.032207489, 178.821136475, 30.3358135223], [93.0330657959, 80.2584533691, -85.9710922241, -27.759098053, 16.5277576447, -0.156946271658, 30.7320194244, 31.387096405, 6.17093038559, 9.53942775726, 42.349937439, 30.3358135223, 145.216217041]],
        "icov": [[0.000341290084179, -0.000203714269446, 0.000459396309452, -0.000301697931718, 0.000510353245772, -0.000883720582351, 0.000557998020668, -0.000928472843952, 0.000495602958836, -0.000464350741822, 6.70875306241e-05, 0.000235009967582, 7.25771533325e-05], [-0.000203714269446, 0.00275030196644, -0.00129172869492, 0.0015332660405, -0.00260480586439, 0.00292362947948, -0.0023421428632, 0.00235490431078, -0.00210554525256, 0.002027252689, -0.00197586836293, 0.00113312760368, -0.00127904827241], [0.000459396309452, -0.00129172869492, 0.00290898419917, -0.0022649737075, 0.00184034218546, -0.00204307958484, 0.00130336720031, -0.00185995432548, 0.00115634989925, -0.00198585214093, 0.00162029138301, -0.00102427916136, 0.00144608737901], [-0.000301697931718, 0.0015332660405, -0.0022649737075, 0.0042410264723, -0.00290852948092, 0.00189316459, -0.000740198593121, 0.00124256208073, -0.00153481320012, 0.00274140876718, -0.00188460631762, 0.000153272543685, -0.000560445769224], [0.000510353245772, -0.00260480586439, 0.00184034218546, -0.00290852948092, 0.00707987230271, -0.00418663071468, 0.00132371857762, -0.00298638246022, 0.00187472242396, -0.00189488357864, 0.00201475247741, 0.000408143707318, 0.000573208671995], [-0.000883720582351, 0.00292362947948, -0.00204307958484, 0.00189316459, -0.00418663071468, 0.00828902423382, -0.00446412153542, 0.00384032935835, -0.00281156762503, 0.000647896900773, -0.0012993508717, 0.00139251176734, -0.00113223504741], [0.000557998020668, -0.0023421428632, 0.00130336720031, -0.000740198593121, 0.00132371857762, -0.00446412153542, 0.00746960379183, -0.00310721294954, 0.00170085579157, -0.00209957035258, 0.000842569803353, -0.000720187788829, 0.000472800893476], [-0.000928472843952, 0.00235490431078, -0.00185995432548, 0.00124256208073, -0.00298638246022, 0.00384032935835, -0.00310721294954, 0.00757838506252, -0.00408404646441, 0.00365366903134, -0.00338864233345, 0.000325918634189, -0.00135297293309], [0.000495602958836, -0.00210554525256, 0.00115634989925, -0.00153481320012, 0.00187472242396, -0.00281156762503, 0.00170085579157, -0.00408404646441, 0.00870295055211, -0.00417094677687, 0.00147070316598, -0.00121054635383, 0.00127189117484], [-0.000464350741822, 0.002027252689, -0.00198585214093, 0.00274140876718, -0.00189488357864, 0.000647896900773, -0.00209957035258, 0.00365366903134, -0.00417094677687, 0.0128342909738, -0.00473769754171, -0.00147663883399, -0.000579288811423], [6.70875306241e-05, -0.00197586836293, 0.00162029138301, -0.00188460631762, 0.00201475247741, -0.0012993508717, 0.000842569803353, -0.00338864233345, 0.00147070316598, -0.00473769754171, 0.00912837125361, -0.000972348498181, -0.000238851614995], [0.000235009967582, 0.00113312760368, -0.00102427916136, 0.000153272543685, 0.000408143707318, 0.00139251176734, -0.000720187788829, 0.000325918634189, -0.00121054635383, -0.00147663883399, -0.000972348498181, 0.0083487816155, -0.00262894970365], [7.25771533325e-05, -0.00127904827241, 0.00144608737901, -0.000560445769224, 0.000573208671995, -0.00113223504741, 0.000472800893476, -0.00135297293309, 0.00127189117484, -0.000579288811423, -0.000238851614995, -0.00262894970365, 0.00902443844825]]
    },
    "melbands": {
        "dmean": [0.000119389820611, 0.000173503707629, 0.000120714765217, 9.35999269132e-05, 0.00013796404528, 0.000201642862521, 0.000247865536949, 0.000131125285407, 0.000123744568555, 0.000197376633878, 0.000194904350792, 0.000114056034363, 4.5569086069e-05, 3.64660299965e-05, 3.07978152705e-05, 1.68284332176e-05, 1.85779990716e-05, 4.0131923015e-05, 1.60516956385e-05, 1.16971150419e-05, 9.31801514525e-06, 5.14751809533e-06, 4.43281078333e-06, 3.05767048303e-06, 5.52182928004e-06, 5.76669617658e-06, 2.14913370655e-06, 2.21855248128e-06, 2.15933528125e-06, 9.21548178212e-07, 7.8501795997e-07, 6.97529742411e-07, 5.98351618919e-07, 7.30713452413e-07, 1.02077933661e-06, 1.61728564763e-06, 1.83038787327e-06, 1.38507505199e-06, 9.02143881376e-07, 5.07454046783e-07],
        "dmean2": [0.000176652378286, 0.000260136614088, 0.000188850724953, 0.000146080565173, 0.000188128018635, 0.000295766047202, 0.000356141157681, 0.000181619790965, 0.000158385097166, 0.000264131493168, 0.000234004255617, 0.000137790557346, 5.61957604077e-05, 4.42583914264e-05, 3.92065667256e-05, 2.37256081164e-05, 2.47526895691e-05, 5.54841681151e-05, 2.32276997849e-05, 1.57018530444e-05, 1.40314468808e-05, 7.03541718394e-06, 6.21220578978e-06, 4.43173985332e-06, 8.18712578621e-06, 8.20033528726e-06, 2.81385268863e-06, 3.02155353893e-06, 3.04538002638e-06, 1.39431585922e-06, 1.18615605516e-06, 1.06926142962e-06, 8.67903906965e-07, 1.05632318537e-06, 1.4173249383e-06, 2.25691405831e-06, 2.61595687334e-06, 1.89714990029e-06, 1.27877126488e-06, 6.90822332672e-07],
        "dvar": [5.41727658288e-08, 8.6843371605e-08, 3.33221770177e-08, 4.59087239335e-08, 1.48841408532e-07, 1.90102724673e-07, 5.27553652319e-07, 3.04997257672e-07, 1.42543555626e-07, 2.4230863005e-07, 2.73196576472e-07, 1.19547550526e-07, 2.82480812075e-08, 1.371804359e-08, 1.13660405532e-08, 5.38005773265e-09, 3.52425599814e-09, 1.78804580031e-08, 2.64469823819e-09, 1.64137081704e-09, 1.35572353344e-09, 2.10981412896e-10, 2.0331927808e-10, 7.49360573593e-11, 2.26242524715e-10, 1.48965159652e-10, 2.55247732672e-11, 2.66213492223e-11, 2.26629565808e-11, 5.37760070848e-12, 9.6400352978e-12, 6.85894526939e-12, 5.2889849618e-12, 7.5877013006e-12, 1.00944278977e-11, 3.68191171995e-11, 3.07608764849e-11, 1.75596395063e-11, 6.37191384725e-12, 3.07167767784e-12],
        "dvar2": [1.12988956857e-07, 1.57768866416e-07, 8.36492546341e-08, 9.46796632206e-08, 2.43660821297e-07, 3.94270870174e-07, 1.16746173262e-06, 5.64769493394e-07, 2.29550551012e-07, 3.78734426931e-07, 4.43848392706e-07, 1.80446988907e-07, 4.50228334614e-08, 1.45805127971e-08, 1.75930860991e-08, 9.76812586373e-09, 5.6721258801e-09, 3.28945120032e-08, 5.24850340966e-09, 2.38578046208e-09, 2.78017298072e-09, 4.60068344532e-10, 4.26238822016e-10, 1.601003774e-10, 4.92971330424e-10, 2.94509749921e-10, 3.99200360268e-11, 4.8537812658e-11, 4.51354370545e-11, 1.1858157685e-11, 2.37203416631e-11, 1.50388364956e-11, 9.84544910876e-12, 1.47051901905e-11, 1.9294434106e-11, 8.11261960387e-11, 6.21804344125e-11, 3.27994610638e-11, 1.22616682433e-11, 6.21974910811e-12],
        "max": [0.00394704425707, 0.00337036908604, 0.00198084930889, 0.00414562597871, 0.00825870782137, 0.00626521883532, 0.0144990403205, 0.00893101003021, 0.00958693213761, 0.0111658209935, 0.0113639552146, 0.0090230004862, 0.00400510663167, 0.00366007583216, 0.00265138060786, 0.0015027889749, 0.00149962259457, 0.00269939471036, 0.000865831621923, 0.00117687531747, 0.000704485457391, 0.000274078163784, 0.000357693905244, 0.000163954886375, 0.000269887095783, 0.000170818690094, 0.000114311660582, 0.000101419951534, 7.27279839339e-05, 5.15650426678e-05, 6.05748246016e-05, 4.67162280984e-05, 5.42567177035e-05, 7.02429169905e-05, 6.50068395771e-05, 9.50718822423e-05, 9.94638758129e-05, 7.02356628608e-05, 5.78780673095e-05, 4.00068238378e-05],
        "mean": [0.000725691497792, 0.000886439636815, 0.000369198882254, 0.00021523090254, 0.00035682838643, 0.000592641474213, 0.000531084951945, 0.000361494981917, 0.000295888516121, 0.000493895728141, 0.000520242785569, 0.000343674124451, 9.7391246527e-05, 9.25386048038e-05, 7.04924750607e-05, 3.22707564919e-05, 4.5051354391e-05, 0.000101480800367, 3.09109891532e-05, 1.95656830329e-05, 1.69776194525e-05, 1.02154235719e-05, 1.01535679278e-05, 7.40524819776e-06, 1.246553893e-05, 1.35085074362e-05, 5.56434451937e-06, 5.46164073967e-06, 4.78871425003e-06, 1.64317089002e-06, 1.17991771731e-06, 1.08451297365e-06, 8.97534334854e-07, 1.0862028148e-06, 1.66453526163e-06, 2.74914782494e-06, 3.30804186888e-06, 2.58421891886e-06, 1.7789894855e-06, 9.10345136163e-07],
        "median": [0.000168277591001, 0.000778109417297, 0.000236934720306, 8.91159943421e-05, 7.78515386628e-05, 0.000212212980841, 0.000166593745234, 2.83827921521e-05, 3.47584064002e-05, 4.53956417914e-05, 3.55057163688e-05, 1.94021868083e-05, 1.04608661786e-05, 9.92428704194e-06, 9.4594033726e-06, 4.00786711907e-06, 4.68594043923e-06, 5.26592384631e-06, 3.6876779177e-06, 3.19974219565e-06, 1.82274197869e-06, 1.89488810065e-06, 1.46448280702e-06, 1.15860268579e-06, 2.54997303273e-06, 2.48073729381e-06, 1.10987491553e-06, 9.29698899199e-07, 1.00286081306e-06, 5.78268441132e-07, 2.63212655227e-07, 1.98072342528e-07, 1.47534436223e-07, 1.3228179796e-07, 1.8654628775e-07, 2.52331801676e-07, 3.56961550096e-07, 3.5774289131e-07, 2.65497050123e-07, 1.64924173873e-07],
        "min": [1.71329741777e-24, 2.77619262703e-24, 7.24108046677e-24, 1.21897753192e-23, 4.30692889588e-24, 9.58836606697e-24, 1.47921438262e-23, 1.22852724538e-23, 4.20304616985e-24, 2.48134698902e-24, 9.99485425851e-24, 5.60116012939e-24, 1.28015282737e-23, 6.40645695157e-24, 1.25360686905e-23, 7.83635727243e-24, 1.14833369679e-23, 7.78838585192e-24, 8.84836010647e-24, 1.25805249468e-23, 1.82596308445e-23, 8.30863725233e-24, 1.01676818499e-23, 6.46605420967e-24, 1.60727711534e-23, 1.38013802832e-23, 8.39322522948e-24, 7.15367625619e-24, 1.00550033248e-23, 6.12580154074e-24, 9.02417905844e-24, 8.69766874091e-24, 8.91044740401e-24, 6.79418839738e-24, 9.8769495299e-24, 8.89367306573e-24, 8.65433976683e-24, 1.00221748782e-23, 1.05200360396e-23, 1.50917184882e-23],
        "stdev": [0.000888435752131, 0.000775009102654, 0.000362736114766, 0.000416673516156, 0.000911816372536, 0.00096304708859, 0.00103273778223, 0.00126580777578, 0.000924474094063, 0.00122987723444, 0.00111303653102, 0.000989801366813, 0.000324044638546, 0.000337096018484, 0.000224496689043, 0.000110823799332, 0.000148036633618, 0.000304477551254, 9.4319031632e-05, 6.17480181972e-05, 6.01353422098e-05, 2.47788684646e-05, 3.01032505376e-05, 1.77843594429e-05, 2.80770236714e-05, 2.65446942649e-05, 1.15270904644e-05, 1.07758551167e-05, 9.37252389122e-06, 3.43812780557e-06, 3.63005437976e-06, 3.52575852958e-06, 3.29725435222e-06, 3.91365938412e-06, 5.00200167153e-06, 7.87169665273e-06, 8.39938365971e-06, 6.6055181378e-06, 4.19529123974e-06, 2.51643882621e-06],
        "var": [7.8931805092e-07, 6.00639111781e-07, 1.31577479578e-07, 1.73616811594e-07, 8.31409124658e-07, 9.27459723243e-07, 1.06654738374e-06, 1.60226932167e-06, 8.54652341786e-07, 1.5125980326e-06, 1.23885035919e-06, 9.79706783255e-07, 1.05004929196e-07, 1.13633731758e-07, 5.0398764273e-08, 1.22819150405e-08, 2.19148432734e-08, 9.2706578414e-08, 8.89607942867e-09, 3.81281761719e-09, 3.61625929202e-09, 6.13992356957e-10, 9.06205721574e-10, 3.16283471635e-10, 7.88319243217e-10, 7.04620750636e-10, 1.32873809178e-10, 1.16119044935e-10, 8.78441971941e-11, 1.18207232197e-11, 1.31772951925e-11, 1.24309737851e-11, 1.08718867242e-11, 1.53167305228e-11, 2.50200207774e-11, 6.19636078558e-11, 7.05496425168e-11, 4.36328681519e-11, 1.76004679581e-11, 6.33246493437e-12]
    },
    "melbands128": {
