{
"lowlevel": {
    "average_loudness": 0.970207571983,
    "barkbands_crest": {
        "dmean": 2.86366605759,
        "dmean2": 4.67063617706,
        "dvar": 5.6184887886,
        "dvar2": 15.4285621643,
        "max": 21.2485904694,
        "mean": 9.93673801422,
        "median": 9.51204776764,
        "min": 2.90596222878,
        "stdev": 3.61933159828,
        "var": 13.0995607376
    },
    "barkbands_flatness_db": {
        "dmean": 0.0357568599284,
        "dmean2": 0.0521372780204,
        "dvar": 0.00115935679059,
        "dvar2": 0.00246511469595,
        "max": 0.386388748884,
        "mean": 0.177574887872,
        "median": 0.167616203427,
        "min": 0.048015575856,
        "stdev": 0.0651481971145,
        "var": 0.0042442874983
    },
    "barkbands_kurtosis": {
        "dmean": 7.48564624786,
        "dmean2": 11.9521274567,
        "dvar": 96.5881729126,
        "dvar2": 241.30821228,
        "max": 113.553329468,
        "mean": 11.014632225,
        "median": 7.87033176422,
        "min": -1.93326985836,
        "stdev": 12.8068408966,
        "var": 164.015182495
    },
    "barkbands_skewness": {
        "dmean": 0.950810134411,
        "dmean2": 1.44513213634,
        "dvar": 0.833573460579,
        "dvar2": 1.87801861763,
        "max": 8.6397151947,
        "mean": 2.32857942581,
        "median": 2.32971167564,
        "min": -4.70985460281,
        "stdev": 1.50287699699,
        "var": 2.25863933563
    },
    "barkbands_spread": {
        "dmean": 9.62818527222,
        "dmean2": 14.100520134,
        "dvar": 181.398880005,
        "dvar2": 319.394836426,
        "max": 101.417861938,
        "mean": 21.6207828522,
        "median": 12.0816068649,
        "min": 0.847412526608,
        "stdev": 23.2015228271,
        "var": 538.310668945
    },
    "dissonance": {
        "dmean": 0.0232260040939,
        "dmean2": 0.0367320142686,
        "dvar": 0.000675415853038,
        "dvar2": 0.00174119824078,
        "max": 0.499610304832,
        "mean": 0.451900750399,
        "median": 0.457105338573,
        "min": 0.257385969162,
        "stdev": 0.0345637500286,
        "var": 0.00119465286843
    },
    "dynamic_complexity": 1.83736753464,
    "erbbands_crest": {
        "dmean": 2.91768693924,
        "dmean2": 4.64345264435,
        "dvar": 6.44614934921,
        "dvar2": 16.4350700378,
        "max": 29.8880386353,
        "mean": 9.1482219696,
        "median": 8.27599525452,
        "min": 2.59562158585,
        "stdev": 3.94742035866,
        "var": 15.5821266174
    },
    "erbbands_flatness_db": {
        "dmean": 0.0263357274234,
        "dmean2": 0.0380670465529,
        "dvar": 0.000642553612124,
        "dvar2": 0.00133846560493,
        "max": 0.362794220448,
        "mean": 0.153426796198,
        "median": 0.151160061359,
        "min": 0.0600632093847,
        "stdev": 0.0447315461934,
        "var": 0.0020009111613
    },
    "erbbands_kurtosis": {
        "dmean": 2.19078493118,
        "dmean2": 3.43136048317,
        "dvar": 10.837515831,
        "dvar2": 24.9343090057,
        "max": 51.2981872559,
        "mean": 1.96085512638,
        "median": 0.992121696472,
        "min": -1.81257820129,
        "stdev": 3.87625408173,
        "var": 15.0253448486
    },
    "erbbands_skewness": {
        "dmean": 0.619759380817,
        "dmean2": 0.89052259922,
        "dvar": 0.407916009426,
        "dvar2": 0.787875950336,
        "max": 5.39284801483,
        "mean": 0.693961203098,
        "median": 0.85541164875,
        "min": -2.95150136948,
        "stdev": 1.14521658421,
        "var": 1.3115209341
    },
    "erbbands_spread": {
        "dmean": 16.6977214813,
        "dmean2": 25.7880363464,
        "dvar": 352.357391357,
        "dvar2": 771.76159668,
        "max": 147.859970093,
        "mean": 45.5653152466,
        "median": 36.5690002441,
        "min": 1.51378893852,
        "stdev": 28.4163398743,
        "var": 807.48840332
    },
    "hfc": {
        "dmean": 10.8632593155,
        "dmean2": 14.7601451874,
        "dvar": 202.289657593,
        "dvar2": 358.436157227,
        "max": 159.489807129,
        "mean": 24.2541122437,
        "median": 16.228351593,
        "min": 1.23858451503e-16,
        "stdev": 24.2451438904,
        "var": 587.827026367
    },
    "loudness_ebu128": {
        "integrated": -10.522936821,
        "loudness_range": 1.54314613342,
        "momentary": {
            "dmean": 0.568308115005,
            "dmean2": 0.842964112759,
            "dvar": 0.254457980394,
            "dvar2": 0.642400324345,
            "max": -8.46297073364,
            "mean": -10.6704854965,
            "median": -10.4407520294,
            "min": -15.5397939682,
            "stdev": 1.18874740601,
            "var": 1.41312026978
        },
        "short_term": {
            "dmean": 0.0743419229984,
            "dmean2": 0.108838647604,
            "dvar": 0.00397835019976,
            "dvar2": 0.00920018739998,
            "max": -9.68286991119,
            "mean": -10.5282945633,
            "median": -10.4154977798,
            "min": -11.8234996796,
            "stdev": 0.542015969753,
            "var": 0.293781280518
        }
    },
    "melbands_crest": {
        "dmean": 3.53754138947,
        "dmean2": 5.850025177,
        "dvar": 8.84567832947,
        "dvar2": 21.3557662964,
        "max": 32.3324737549,
        "mean": 14.769194603,
        "median": 14.3365058899,
        "min": 2.19502592087,
        "stdev": 4.91950082779,
        "var": 24.2014865875
    },
    "melbands_flatness_db": {
        "dmean": 0.0452713407576,
        "dmean2": 0.0637084469199,
        "dvar": 0.0017436206108,
        "dvar2": 0.00367000838742,
        "max": 0.512681305408,
        "mean": 0.25502127409,
        "median": 0.251833468676,
        "min": 0.00416358793154,
        "stdev": 0.0861639603972,
        "var": 0.00742422835901
    },
    "melbands_kurtosis": {
        "dmean": 16.7286548615,
        "dmean2": 26.892742157,
        "dvar": 531.643981934,
        "dvar2": 1369.41784668,
        "max": 249.31451416,
        "mean": 26.7734336853,
        "median": 18.9003124237,
        "min": -1.72490537167,
        "stdev": 28.5315551758,
        "var": 814.049621582
    },
    "melbands_skewness": {
        "dmean": 1.25731861591,
        "dmean2": 1.91212069988,
        "dvar": 1.39448678493,
        "dvar2": 3.44815945625,
        "max": 14.273651123,
        "mean": 3.6265501976,
        "median": 3.43295526505,
        "min": -1.57708609104,
        "stdev": 1.91274487972,
        "var": 3.6585931778
    },
    "melbands_spread": {
        "dmean": 10.791510582,
        "dmean2": 15.9319858551,
        "dvar": 421.328765869,
        "dvar2": 830.931762695,
        "max": 227.267333984,
        "mean": 20.1575946808,
        "median": 9.65485858917,
        "min": 0.859280109406,
        "stdev": 30.4917182922,
        "var": 929.744873047
    },
    "pitch_salience": {
        "dmean": 0.0893394872546,
        "dmean2": 0.147841319442,
        "dvar": 0.0062391012907,
        "dvar2": 0.0164379701018,
        "max": 0.908506691456,
        "mean": 0.598489284515,
        "median": 0.617902219296,
        "min": 0.180344417691,
        "stdev": 0.127496391535,
        "var": 0.0162553284317
    },
    "silence_rate_20dB": {
        "dmean": 0,
        "dmean2": 0,
        "dvar": 0,
        "dvar2": 0,
        "max": 1,
        "mean": 1,
        "median": 1,
        "min": 1,
        "stdev": 0,
        "var": 0
    },
    "silence_rate_30dB": {
        "dmean": 0.0232198145241,
        "dmean2": 0.0464756004512,
        "dvar": 0.0226810313761,
        "dvar2": 0.0443150550127,
        "max": 1,
        "mean": 0.96674400568,
        "median": 1,
        "min": 0,
        "stdev": 0.179304867983,
        "var": 0.0321502350271
    },
    "silence_rate_60dB": {
        "dmean": 0.00696594407782,
        "dmean2": 0.0131680862978,
        "dvar": 0.00691747665405,
        "dvar2": 0.0129947932437,
        "max": 1,
        "mean": 0.0108275329694,
        "median": 0,
        "min": 0,
        "stdev": 0.103490658104,
        "var": 0.0107103167102
    },
    "spectral_centroid": {
        "dmean": 364.137634277,
        "dmean2": 514.859191895,
        "dvar": 364255,
        "dvar2": 552400.25,
        "max": 11237.8261719,
        "mean": 971.706970215,
        "median": 581.556396484,
        "min": 172.964309692,
        "stdev": 972.794799805,
        "var": 946329.75
    },
    "spectral_complexity": {
        "dmean": 3.76470589638,
        "dmean2": 5.5019364357,
        "dvar": 15.1721744537,
        "dvar2": 31.2939395905,
        "max": 40,
        "mean": 14.4315547943,
        "median": 14,
        "min": 0,
        "stdev": 7.10267734528,
        "var": 50.4480285645
    },
    "spectral_decrease": {
        "dmean": 4.12424583374e-09,
        "dmean2": 6.17124085167e-09,
        "dvar": 4.81033948125e-17,
        "dvar2": 1.05455019598e-16,
        "max": 1.26645614247e-28,
        "mean": -9.08272834721e-09,
        "median": -7.24932691654e-09,
        "min": -8.1173212152e-08,
        "stdev": 8.68531024878e-09,
        "var": 7.54346102303e-17
    },
    "spectral_energy": {
        "dmean": 0.0160442739725,
        "dmean2": 0.0240640081465,
        "dvar": 0.000698452698998,
        "dvar2": 0.00153215322644,
        "max": 0.310478419065,
        "mean": 0.0364802107215,
        "median": 0.0295625794679,
        "min": 1.07563408384e-20,
        "stdev": 0.033145647496,
        "var": 0.00109863386024
    },
    "spectral_energyband_high": {
        "dmean": 0.000923708139453,
        "dmean2": 0.00125141057651,
        "dvar": 3.37882829626e-06,
        "dvar2": 6.53988990962e-06,
        "max": 0.0247498918325,
        "mean": 0.00151957035996,
        "median": 0.000410087435739,
        "min": 7.78333012442e-21,
        "stdev": 0.0027534624096,
        "var": 7.58155510994e-06
    },
    "spectral_energyband_low": {
        "dmean": 0.0104061216116,
        "dmean2": 0.0168366208673,
        "dvar": 0.000603456457611,
        "dvar2": 0.00139290781226,
        "max": 0.259945213795,
        "mean": 0.0148516753688,
        "median": 0.00852743256837,
        "min": 5.19915219447e-23,
        "stdev": 0.0266276039183,
        "var": 0.000709029322024
    },
    "spectral_energyband_middle_high": {
        "dmean": 0.00169954728335,
        "dmean2": 0.00232177833095,
        "dvar": 6.17585965301e-06,
        "dvar2": 1.18882107927e-05,
        "max": 0.0356500335038,
        "mean": 0.00310313515365,
        "median": 0.00154131569434,
        "min": 1.44908694531e-21,
        "stdev": 0.00403737090528,
        "var": 1.63003642228e-05
    },
    "spectral_energyband_middle_low": {
        "dmean": 0.00827916990966,
        "dmean2": 0.0125365685672,
        "dvar": 8.37098923512e-05,
        "dvar2": 0.000196368491743,
        "max": 0.0840261206031,
        "mean": 0.0190985482186,
        "median": 0.0159633923322,
        "min": 3.69036098682e-22,
        "stdev": 0.0138200027868,
        "var": 0.000190992475837
    },
    "spectral_entropy": {
        "dmean": 0.343198299408,
        "dmean2": 0.467186778784,
        "dvar": 0.133157730103,
        "dvar2": 0.264526158571,
        "max": 9.78984355927,
        "mean": 7.29897975922,
        "median": 7.32368326187,
        "min": 5.06835412979,
        "stdev": 0.686401069164,
        "var": 0.471146434546
    },
    "spectral_flux": {
        "dmean": 0.032289493829,
        "dmean2": 0.0483394786716,
        "dvar": 0.00158749520779,
        "dvar2": 0.00277197291143,
        "max": 0.520351111889,
        "mean": 0.103106327355,
        "median": 0.0944880023599,
        "min": 1.03712781419e-10,
        "stdev": 0.0589570552111,
        "var": 0.00347593449987
    },
    "spectral_kurtosis": {
        "dmean": 3.25397920609,
        "dmean2": 4.81049489975,
        "dvar": 20.4372692108,
        "dvar2": 47.4877815247,
        "max": 61.8399887085,
        "mean": 6.57730388641,
        "median": 4.74526786804,
        "min": -1.16212391853,
        "stdev": 6.79395294189,
        "var": 46.1577949524
    },
    "spectral_rms": {
        "dmean": 0.0012125299545,
        "dmean2": 0.00177945522591,
        "dvar": 1.80382244253e-06,
        "dvar2": 3.71043961422e-06,
        "max": 0.0174041874707,
        "mean": 0.00555927073583,
        "median": 0.00537043204531,
        "min": 3.23944300204e-12,
        "stdev": 0.00216448493302,
        "var": 4.68499501949e-06
    },
    "spectral_rolloff": {
        "dmean": 865.180541992,
        "dmean2": 1371.68933105,
        "dvar": 3245156.25,
        "dvar2": 5624625.5,
        "max": 19143.0175781,
        "mean": 1683.32116699,
        "median": 473.73046875,
        "min": 86.1328125,
        "stdev": 2642.83789062,
        "var": 6984591.5
    },
    "spectral_skewness": {
        "dmean": 0.468635827303,
        "dmean2": 0.651837408543,
        "dvar": 0.246265441179,
        "dvar2": 0.501375496387,
        "max": 6.58953714371,
        "mean": 2.01139068604,
        "median": 2.04139733315,
        "min": -0.0123375291005,
        "stdev": 0.942620635033,
        "var": 0.888533651829
    },
    "spectral_spread": {
        "dmean": 1171807.125,
        "dmean2": 1612819.875,
        "dvar": 2.24554831053e+12,
        "dvar2": 3.29254934938e+12,
        "max": 38750544,
        "mean": 5816939,
        "median": 5595324,
        "min": 1341886.5,
        "stdev": 2552846.5,
        "var": 6.51702514483e+12
    },
    "spectral_strongpeak": {
        "dmean": 0.408629179001,
        "dmean2": 0.705966114998,
        "dvar": 0.398568153381,
        "dvar2": 1.06816530228,
        "max": 6.42736959457,
        "mean": 0.683318376541,
        "median": 0.513852953911,
        "min": 0,
        "stdev": 0.616612553596,
        "var": 0.380211055279
    },
    "zerocrossingrate": {
        "dmean": 0.0208505913615,
        "dmean2": 0.0207963939756,
        "dvar": 0.000733755761757,
        "dvar2": 0.000643618754111,
        "max": 0.48974609375,
        "mean": 0.0653719082475,
        "median": 0.041015625,
        "min": 0.005859375,
        "stdev": 0.0636474937201,
        "var": 0.00405100313947
    },
    "barkbands": {
        "dmean": [0.000555020407774, 0.00479320064187, 0.00546712754294, 0.00288609601557, 0.00393478572369, 0.00203491211869, 0.00163533608429, 0.00104781892151, 0.000458722963231, 0.000195962245925, 0.000296117301332, 0.000523004506249, 0.000448757462436, 0.000167290563695, 7.08934458089e-05, 8.74547113199e-05, 8.75037731021e-05, 5.98481492489e-05, 0.000274215941317, 0.000194794003619, 0.000145556332427, 0.000198692636332, 0.000196835069801, 0.000182664953172, 0.000182098330697, 7.832065603e-05, 5.51533730686e-06],
        "dmean2": [0.000720987387467, 0.00746157160029, 0.00984996184707, 0.00489236460999, 0.0063885836862, 0.00330121186562, 0.00247572758235, 0.00147189921699, 0.000636477256194, 0.00029529564199, 0.000424874277087, 0.000753813597839, 0.00061950419331, 0.000244047230808, 0.000113311987661, 0.000130712898681, 0.000138748815516, 9.09782611416e-05, 0.000399356969865, 0.00029440416256, 0.000234787745285, 0.000268623349257, 0.000271365162916, 0.000260186148807, 0.000253555277595, 0.000113811409392, 8.72141299624e-06],
        "dvar": [7.17599550626e-06, 0.000317876692861, 0.000111930945423, 1.67085108842e-05, 2.7197502277e-05, 1.01809218904e-05, 9.30457736104e-06, 4.15965951106e-06, 9.64768787526e-07, 1.26416026092e-07, 9.72214593276e-07, 2.06127378988e-06, 1.13527084977e-06, 1.40035041341e-07, 1.71995662157e-08, 2.09055066591e-08, 2.82596470669e-08, 4.25027657514e-08, 7.53879248805e-07, 2.62959900965e-07, 6.0558795667e-07, 1.72760422856e-07, 2.06517583479e-07, 1.09108874824e-07, 8.552323294e-08, 2.02258796378e-08, 5.79982839533e-10],
        "dvar2": [1.33483863465e-05, 0.00073580694152, 0.000325027707731, 4.63364740426e-05, 7.42473639548e-05, 2.55824579654e-05, 1.94684835151e-05, 7.86001783126e-06, 1.90428761471e-06, 2.65961205059e-07, 1.60387764936e-06, 4.802751846e-06, 2.17354795495e-06, 2.64144091489e-07, 3.8894992116e-08, 4.31753051089e-08, 6.86058569954e-08, 8.99512571095e-08, 1.43398767705e-06, 6.05099671702e-07, 1.74112039986e-06, 2.97647460457e-07, 3.47992937577e-07, 2.07694014875e-07, 1.53904082367e-07, 3.93227530537e-08, 1.49146339723e-09],
        "max": [0.0325792692602, 0.193485543132, 0.122852087021, 0.0509974695742, 0.06383292377, 0.0299448519945, 0.0348256416619, 0.033626165241, 0.0129454880953, 0.0049785785377, 0.0261860974133, 0.029806708917, 0.0183954387903, 0.00747095933184, 0.00224123476073, 0.00231970730238, 0.00271507352591, 0.00459387665614, 0.0199166983366, 0.00628358963877, 0.0189439225942, 0.00553786940873, 0.00759016210213, 0.0046734479256, 0.0048274230212, 0.00203764950857, 0.00068110472057],
        "mean": [0.000639869773295, 0.00540415337309, 0.00677090417594, 0.00444220285863, 0.00687212822959, 0.00321944220923, 0.00223333761096, 0.00143198645674, 0.000789449899457, 0.000320759776514, 0.000401572673582, 0.000650016707368, 0.000606563116889, 0.000232509744819, 0.000103520760604, 0.000137512921356, 0.000125162638142, 7.96179519966e-05, 0.000349282519892, 0.000240836277953, 0.000167830832652, 0.000270144519163, 0.000278471590718, 0.000279414380202, 0.00030829446041, 0.000119609074318, 5.63709772905e-06],
        "median": [2.86221666101e-06, 0.00179658923298, 0.00416774488986, 0.00244681257755, 0.00505431741476, 0.0019203138072, 0.000746711099055, 0.000280012754956, 0.000219126814045, 0.000108833504783, 8.33417725516e-05, 8.07846954558e-05, 0.000102429024992, 7.82560309744e-05, 5.43028909306e-05, 6.35347096249e-05, 6.22847292107e-05, 3.03243323287e-05, 5.66976377741e-05, 1.87614186871e-05, 2.00561844395e-05, 3.6457702663e-05, 4.53664688393e-05, 5.87667018408e-05, 9.66029328993e-05, 3.207298505e-05, 2.46924344083e-07],
        "min": [1.70398799134e-23, 2.19143539986e-23, 1.08563873969e-23, 1.79732128048e-23, 9.63146343149e-23, 6.55397567635e-23, 5.11589991661e-23, 5.69227135514e-23, 7.02601174046e-23, 4.12865185332e-23, 5.14500067986e-23, 4.74481469809e-23, 1.00144194289e-22, 9.71802419198e-23, 2.1500021532e-22, 1.57481476334e-22, 2.22399604394e-22, 1.84242187838e-22, 2.67225457819e-22, 2.0321465864e-22, 5.67994896914e-22, 4.02046077924e-22, 5.35493171287e-22, 8.96736384454e-22, 9.12517136656e-22, 1.75758835723e-21, 2.83118195452e-21],
        "stdev": [0.00327712669969, 0.0179335102439, 0.00985469669104, 0.00549344206229, 0.00665259780362, 0.0038957586512, 0.00375836691819, 0.00291475630365, 0.00154165842105, 0.000555536302272, 0.00135014683474, 0.00183401757386, 0.00149213103577, 0.00052310252795, 0.000159752016771, 0.000215962747461, 0.000195857166545, 0.000276674545603, 0.00113296124619, 0.000640696205664, 0.000632750394288, 0.00062622083351, 0.000662311795168, 0.000504625204485, 0.000522452523001, 0.000217915483518, 2.3033368052e-05],
        "var": [1.07395590021e-05, 0.000321610772517, 9.71150511759e-05, 3.01779055008e-05, 4.42570599262e-05, 1.51769363583e-05, 1.4125321286e-05, 8.49580465001e-06, 2.37671065406e-06, 3.08620570877e-07, 1.8228964791e-06, 3.36362063535e-06, 2.22645508074e-06, 2.73636260317e-07, 2.55207055488e-08, 4.66399079357e-08, 3.83600280429e-08, 7.65488081811e-08, 1.28360113649e-06, 4.10491622915e-07, 4.00373096454e-07, 3.92152543327e-07, 4.38656940105e-07, 2.546466078e-07, 2.72956668823e-07, 4.74871590939e-08, 5.30536004018e-10]
    },
    "erbbands": {
        "dmean": [0.152534350753, 1.16424393654, 5.4824461937, 7.96177959442, 15.7502346039, 10.055978775, 13.3560571671, 15.5357789993, 25.1475486755, 22.5525283813, 19.4779529572, 10.2102975845, 6.35235977173, 7.22680282593, 13.3637180328, 21.7017593384, 20.5243625641, 10.6751089096, 4.90819549561, 3.2762670517, 5.39561367035, 4.65667772293, 2.83324933052, 8.7758436203, 15.2939634323, 8.50805854797, 7.16807746887, 5.03217411041, 6.28566598892, 7.77748060226, 5.2603302002, 4.07028150558, 3.11658573151, 2.46820831299, 1.0908652544, 0.454131454229, 0.122890919447, 0.0205872990191, 0.000603079912253, 3.11087496812e-05],
        "dmean2": [0.221891850233, 1.97517371178, 9.77402687073, 14.1368217468, 25.4383811951, 16.8551502228, 21.3579616547, 25.4653739929, 38.8507232666, 33.046245575, 26.6456565857, 13.67619133, 9.50957012177, 10.0388784409, 18.73736763, 31.5169296265, 28.1228122711, 14.6460580826, 7.47167682648, 5.0512304306, 8.09078979492, 7.3437333107, 4.4986281395, 12.777970314, 22.5646972656, 12.5793371201, 11.9195547104, 7.59808349609, 8.73730945587, 10.7057466507, 7.22338628769, 5.68700027466, 4.51189517975, 3.60185337067, 1.55551254749, 0.662935614586, 0.174023255706, 0.0303443744779, 0.000911935290787, 4.56810521428e-05],
        "dvar": [0.540854215622, 17.0684051514, 129.565383911, 170.388046265, 426.014038086, 227.638519287, 378.779541016, 735.133605957, 2515.55053711, 1945.49414062, 1508.70410156, 446.388061523, 151.935653687, 226.581542969, 1545.72314453, 3686.26904297, 2272.47827148, 553.288818359, 89.5672683716, 26.2643795013, 85.0415115356, 74.8729934692, 77.1591033936, 1467.9831543, 1750.37988281, 509.883087158, 2612.75463867, 157.760757446, 177.702667236, 305.686065674, 156.036560059, 68.6582717896, 29.3758277893, 16.8230514526, 3.84532475471, 0.632474064827, 0.0567141659558, 0.00289867958054, 7.94825336925e-06, 2.75137801431e-09],
        "dvar2": [1.1989146471, 45.664188385, 370.520904541, 495.163299561, 1125.60900879, 652.472717285, 911.776916504, 1857.96362305, 5324.43261719, 3544.28222656, 2533.58081055, 877.664489746, 354.881347656, 423.814147949, 2307.64746094, 8879.10351562, 4679.94482422, 800.518554688, 204.528640747, 58.5708808899, 175.895690918, 187.512145996, 194.117492676, 3043.97363281, 3381.64257812, 1150.81945801, 7699.25732422, 352.927093506, 322.416717529, 523.574768066, 266.342498779, 128.374923706, 58.6838951111, 34.1845092773, 6.69975662231, 1.19897174835, 0.115046009421, 0.00654623704031, 2.09523132071e-05, 6.4210663453e-09],
        "max": [7.82605552673, 46.0815811157, 119.864143372, 179.281677246, 221.445953369, 179.389343262, 191.106658936, 325.990905762, 615.708068848, 667.332763672, 725.047241211, 318.55291748, 180.97718811, 278.829406738, 1015.97045898, 1264.45837402, 881.537475586, 427.524139404, 130.242080688, 59.270980835, 139.311401367, 163.477935791, 186.974258423, 1042.99755859, 581.981323242, 287.012298584, 1273.27746582, 184.788269043, 171.742828369, 276.106994629, 227.29524231, 92.3288345337, 77.125, 57.9221839905, 29.2622203827, 12.2190294266, 3.81239509583, 1.27945017815, 0.079094208777, 0.00126020610332],
        "mean": [0.155063062906, 1.2602288723, 6.80113267899, 12.2228460312, 26.0006580353, 16.4206886292, 20.8564300537, 24.2552604675, 34.6010627747, 31.3597927094, 29.6279010773, 18.3937797546, 10.7720212936, 11.986032486, 19.1239719391, 28.2536334991, 28.0776901245, 16.3424606323, 7.32979488373, 5.18845081329, 8.66575241089, 6.96523427963, 3.92548036575, 11.2222700119, 19.6969528198, 10.8730773926, 7.41502523422, 6.56960725784, 8.63536930084, 10.7595481873, 7.32038879395, 5.72859096527, 4.87152957916, 4.0294919014, 1.7770254612, 0.707344591618, 0.177858605981, 0.026298077777, 0.000729935942218, 6.75377523294e-05],
        "median": [0.0162485577166, 0.57303494215, 4.42914390564, 7.78867053986, 17.746837616, 12.3534832001, 13.0455093384, 14.3234176636, 13.4654979706, 8.76828765869, 6.75597763062, 5.39969110489, 4.62258529663, 3.74502062798, 3.7513229847, 3.94520735741, 4.83553934097, 4.79233264923, 3.54752635956, 2.79506111145, 4.16323184967, 3.74634051323, 2.03703165054, 2.35286355019, 2.81322360039, 0.97237855196, 0.665909707546, 0.869028508663, 1.11050868034, 1.59677863121, 1.10749053955, 0.833278238773, 1.23247897625, 1.27678894997, 0.457897424698, 0.21194922924, 0.037733964622, 0.00289706210606, 0.000114788410428, 5.18853412359e-05],
        "min": [1.01031529017e-21, 3.76423522313e-21, 9.23897090089e-21, 3.67867542488e-20, 1.14494863646e-19, 3.09382221954e-19, 5.9798613221e-19, 7.34657462509e-19, 8.13828780093e-19, 7.35351984031e-19, 1.41656272222e-18, 1.74297191425e-18, 1.14747404472e-18, 2.11726162885e-18, 1.81311620981e-18, 2.29299077332e-18, 4.48356872858e-18, 4.45760725147e-18, 1.1794757601e-17, 8.78381851699e-18, 9.96090480046e-18, 1.11251573767e-17, 1.12821934801e-17, 1.33745857171e-17, 9.97087149966e-18, 1.06350644443e-17, 2.28567158974e-17, 1.58018876676e-17, 1.33194830806e-17, 1.73338245077e-17, 1.50643684704e-17, 1.67605850345e-17, 1.54155149122e-17, 1.02907554774e-17, 6.67396284296e-18, 5.34586398532e-18, 3.7786780842e-18, 1.46311148401e-18, 3.66998737889e-19, 4.1803530347e-20],
        "stdev": [0.76726514101, 3.53446960449, 10.1092824936, 14.6377210617, 26.9562244415, 16.6663284302, 24.6455764771, 31.1977100372, 59.39894104, 60.3197097778, 59.9261283875, 35.5466003418, 16.5441799164, 23.0654373169, 58.6049766541, 77.3553543091, 65.1340103149, 37.5711479187, 11.8587350845, 6.94068288803, 13.3767166138, 10.0503072739, 9.89367389679, 47.2602767944, 55.8336296082, 28.545539856, 38.6191558838, 15.7078409195, 19.651342392, 25.5589561462, 17.926027298, 12.0741481781, 8.30849742889, 6.72824144363, 3.34821462631, 1.25658905506, 0.342836380005, 0.0643118843436, 0.00260125356726, 6.56173870084e-05],
        "var": [0.588695764542, 12.492474556, 102.197601318, 214.262878418, 726.638000488, 277.76651001, 607.404418945, 973.297058105, 3528.234375, 3638.4675293, 3591.14086914, 1263.56091309, 273.709899902, 532.014404297, 3434.54321289, 5983.85058594, 4242.43945312, 1411.59106445, 140.629592896, 48.1730766296, 178.936538696, 101.008666992, 97.8847808838, 2233.53393555, 3117.39428711, 814.847839355, 1491.43933105, 246.73626709, 386.175231934, 653.260192871, 321.342437744, 145.785049438, 69.0311355591, 45.2692298889, 11.2105407715, 1.57901597023, 0.117536790669, 0.00413601845503, 6.76652007314e-06, 4.30564117693e-09]
    },
    "gfcc": {
        "mean": [-4.08471918106, 91.6912994385, -74.1779174805, 29.0531253815, -62.0342903137, 16.9969654083, -53.9431991577, 4.71211194992, -31.9059238434, -0.298923254013, -18.5971393585, -1.50088500977, -20.3001441956],
        "cov": [[5864.20263672, -1772.33300781, -220.701797485, 23.2110214233, -491.631713867, 326.792144775, -242.881149292, 383.303375244, -304.489715576, 374.590942383, -22.6725273132, 58.0429878235, -132.472686768], [-1772.33300781, 3029.89331055, -238.812866211, -850.567749023, 519.194885254, -27.0081481934, -39.686870575, -144.922592163, 410.554138184, -336.633026123, 107.49760437, -4.6821513176, 125.312484741], [-220.701797485, -238.812866211, 454.916351318, 144.02772522, -3.21394777298, 17.8519458771, 33.9155540466, 19.7152900696, -35.1000366211, 53.5808029175, -26.7122459412, 14.8509244919, 13.9692697525], [23.2110214233, -850.567749023, 144.02772522, 749.977050781, -92.7739944458, -141.513870239, 100.334403992, -76.0913848877, -61.103553772, 40.7383956909, -19.6115818024, -21.9973812103, 7.46995925903], [-491.631713867, 519.194885254, -3.21394777298, -92.7739944458, 342.374481201, 33.2840576172, -44.9587669373, -18.8646411896, 111.086334229, -53.3279914856, 12.7917137146, 26.6779708862, 9.04120159149], [326.792144775, -27.0081481934, 17.8519458771, -141.513870239, 33.2840576172, 233.772491455, -31.7650756836, 68.1895828247, -14.7248754501, 33.9510803223, 6.78762245178, -7.0805015564, -4.94566440582], [-242.881149292, -39.686870575, 33.9155540466, 100.334403992, -44.9587669373, -31.7650756836, 222.719711304, 1.38960671425, -28.2716999054, -14.0793132782, 0.699143230915, 2.93999767303, 24.7957324982], [383.303375244, -144.922592163, 19.7152900696, -76.0913848877, -18.8646411896, 68.1895828247, 1.38960671425, 142.562683105, -25.3787765503, 46.4935493469, 4.4004535675, 4.6548242569, -8.46565532684], [-304.489715576, 410.554138184, -35.1000366211, -61.103553772, 111.086334229, -14.7248754501, -28.2716999054, -25.3787765503, 162.794662476, -35.6498222351, 12.2343769073, 8.10781764984, 12.8341732025], [374.590942383, -336.633026123, 53.5808029175, 40.7383956909, -53.3279914856, 33.9510803223, -14.0793132782, 46.4935493469, -35.6498222351, 188.454025269, 41.4921112061, 9.98805046082, -9.11953735352], [-22.6725273132, 107.49760437, -26.7122459412, -19.6115818024, 12.7917137146, 6.78762245178, 0.699143230915, 4.4004535675, 12.2343769073, 41.4921112061, 113.711143494, 22.6185092926, 15.340256691], [58.0429878235, -4.6821513176, 14.8509244919, -21.9973812103, 26.6779708862, -7.0805015564, 2.93999767303, 4.6548242569, 8.10781764984, 9.98805046082, 22.6185092926, 123.268173218, 27.9931640625], [-132.472686768, 125.312484741, 13.9692697525, 7.46995925903, 9.04120159149, -4.94566440582, 24.7957324982, -8.46565532684, 12.8341732025, -9.11953735352, 15.340256691, 27.9931640625, 98.9169311523]],
        "icov": [[0.000342778657796, -6.10455608694e-05, 0.000328100519255, -0.000260399247054, 0.000436098838691, -0.000401157682063, 0.00045081943972, -0.000719359377399, 0.00028909186949, -0.000399797922, 0.000326798384776, -0.000461051502498, 0.000280662003206], [-6.10455608694e-05, 0.00181143952068, -0.000293201970635, 0.0020981777925, -0.00136823463254, 0.000902314553969, -0.000797694781795, 0.00146735354792, -0.00225113285705, 0.00184368120972, -0.00189505890012, 0.00154669617768, -0.00167966249865], [0.000328100519255, -0.000293201970635, 0.00294220773503, -0.00102885393426, 0.000244271854172, -0.000828468299005, 0.000283243309241, -0.00111401313916, 0.000861230539158, -0.00139362853952, 0.00152857159264, -0.00100437179208, 4.98978806718e-05], [-0.000260399247054, 0.0020981777925, -0.00102885393426, 0.00442701298743, -0.00171634193975, 0.00220436416566, -0.00176417920738, 0.00299333105795, -0.00223770760931, 0.0016575709451, -0.00211525568739, 0.00243204203434, -0.00214738817886], [0.000436098838691, -0.00136823463254, 0.000244271854172, -0.00171634193975, 0.00564570259303, -0.00196838798001, 0.00154302536976, -0.00156196008902, -0.000604537315667, -0.000730571977329, 0.00125161034521, -0.00244196737185, 0.00178562989458], [-0.000401157682063, 0.000902314553969, -0.000828468299005, 0.00220436416566, -0.00196838798001, 0.00667858868837, -0.00046135080629, -0.000517409411259, -0.000368819542928, 0.000531890604179, -0.00127919763327, 0.00210024300031, -0.00144369911868], [0.00045081943972, -0.000797694781795, 0.000283243309241, -0.00176417920738, 0.00154302536976, -0.00046135080629, 0.00610636919737, -0.00222579226829, 0.00184619310312, -0.000238331733271, 0.000661605619825, -0.00119052885566, -0.000204955038498], [-0.000719359377399, 0.00146735354792, -0.00111401313916, 0.00299333105795, -0.00156196008902, -0.000517409411259, -0.00222579226829, 0.011844502762, -0.00150591216516, 0.000203828632948, -0.00158733827993, 0.00162364961579, -0.00120163022075], [0.00028909186949, -0.00225113285705, 0.000861230539158, -0.00223770760931, -0.000604537315667, -0.000368819542928, 0.00184619310312, -0.00150591216516, 0.0115870805457, -0.00200070696883, 0.00181299238466, -0.00182537501678, 0.00127907563001], [-0.000399797922, 0.00184368120972, -0.00139362853952, 0.0016575709451, -0.000730571977329, 0.000531890604179, -0.000238331733271, 0.000203828632948, -0.00200070696883, 0.00972064957023, -0.00529983779415, 0.00146723270882, -0.00106643023901], [0.000326798384776, -0.00189505890012, 0.00152857159264, -0.00211525568739, 0.00125161034521, -0.00127919763327, 0.000661605619825, -0.00158733827993, 0.00181299238466, -0.00529983779415, 0.0129602905363, -0.00326758180745, 0.000493184372317], [-0.000461051502498, 0.00154669617768, -0.00100437179208, 0.00243204203434, -0.00244196737185, 0.00210024300031, -0.00119052885566, 0.00162364961579, -0.00182537501678, 0.00146723270882, -0.00326758180745, 0.011094446294, -0.00411394424736], [0.000280662003206, -0.00167966249865, 4.98978806718e-05, -0.00214738817886, 0.00178562989458, -0.00144369911868, -0.000204955038498, -0.00120163022075, 0.00127907563001, -0.00106643023901, 0.000493184372317, -0.00411394424736, 0.0133049739525]]
    },
    "melbands": {
        "dmean": [0.00126922596246, 0.00230101542547, 0.0014735822333, 0.000946495623793, 0.000409231055528, 0.000371080968762, 0.000353013456333, 0.000237959829974, 0.000152873835759, 5.81660788157e-05, 3.12285555992e-05, 2.75730999419e-05, 4.45974073955e-05, 5.29946810275e-05, 5.86359201407e-05, 3.76382522518e-05, 1.86197758012e-05, 8.40443317429e-06, 4.84025031255e-06, 4.81151027998e-06, 6.82829431753e-06, 5.76535148866e-06, 2.36143841903e-06, 3.16187697535e-06, 7.51397737986e-06, 1.21797256725e-05, 9.87017938314e-06, 4.92158187626e-06, 4.78231640955e-06, 3.50792697645e-06, 2.87944703814e-06, 3.40653286912e-06, 4.62941125079e-06, 4.26252972829e-06, 3.0624514693e-06, 2.97908763969e-06, 2.46576382779e-06, 2.33266951e-06, 2.40987583311e-06, 2.0908814804e-06],
        "dmean2": [0.00188454671297, 0.00404477491975, 0.00250052614138, 0.00154830922838, 0.000657136843074, 0.000596982252318, 0.000544329581317, 0.000350098998751, 0.000205896329135, 8.02836657385e-05, 4.73557447549e-05, 3.9638049202e-05, 6.37901830487e-05, 7.81571143307e-05, 8.43424058985e-05, 5.17323642271e-05, 2.61557706835e-05, 1.31358556246e-05, 7.74082946009e-06, 7.34779041522e-06, 1.02982576209e-05, 9.16458157008e-06, 3.8169760046e-06, 4.9732880143e-06, 1.12364896268e-05, 1.79773578566e-05, 1.44986079249e-05, 7.56803910917e-06, 8.09515404399e-06, 5.72046110392e-06, 4.27381928603e-06, 4.93238121635e-06, 6.3393513301e-06, 5.99709846938e-06, 4.31024272984e-06, 4.2869223762e-06, 3.57975659426e-06, 3.45611579178e-06, 3.54362646249e-06, 3.12152883453e-06],
        "dvar": [2.85941114271e-05, 2.90785228572e-05, 4.38340748588e-06, 1.68257804489e-06, 3.0640299542e-07, 3.71949852251e-07, 4.63755384317e-07, 2.26802612247e-07, 1.02384966283e-07, 1.54634758331e-08, 3.65817487413e-09, 3.04945513285e-09, 2.23544880384e-08, 1.9826812192e-08, 2.37361472699e-08, 8.32632984782e-09, 1.82178194752e-09, 3.10417552774e-10, 9.09248787373e-11, 5.57678278557e-11, 1.57937607437e-10, 1.40016928607e-10, 1.83097807749e-11, 1.7258955376e-10, 1.29614952105e-09, 1.27634558478e-09, 6.7799738046e-10, 2.19574802784e-10, 1.21389653884e-09, 2.6565211142e-10, 5.40303080054e-11, 5.31716788654e-11, 9.85475728799e-11, 9.61093496454e-11, 6.61193183538e-11, 4.96926597093e-11, 2.4960382719e-11, 1.93031944595e-11, 1.5814604834e-11, 1.33259453819e-11],
        "dvar2": [6.20589926257e-05, 8.14692684799e-05, 1.25106707856e-05, 4.68984489999e-06, 7.45981822092e-07, 9.05689319097e-07, 9.58547730079e-07, 4.18592065898e-07, 1.64798962032e-07, 3.24685025532e-08, 8.67541238847e-09, 5.92555160495e-09, 3.64088315052e-08, 4.3449226439e-08, 5.48682770329e-08, 1.41801486109e-08, 2.81900724985e-09, 7.39336258881e-10, 2.1460504207e-10, 1.19467644111e-10, 3.31628252637e-10, 3.55451779122e-10, 4.73707219284e-11, 4.07706174377e-10, 2.82137735397e-09, 2.5329729425e-09, 1.40301548157e-09, 5.53704193607e-10, 3.59045637666e-09, 7.58799689748e-10, 1.17735418637e-10, 1.04311274896e-10, 1.71750821898e-10, 1.7877278824e-10, 1.30999835979e-10, 9.56839052435e-11, 4.81843835665e-11, 3.99471844492e-11, 3.46014050745e-11, 2.74502590797e-11],
        "max": [0.0566684938967, 0.0544122420251, 0.0266273934394, 0.0159030091017, 0.00503480294719, 0.00668540922925, 0.00815740413964, 0.0071534817107, 0.00614457530901, 0.0020468768198, 0.000902303028852, 0.000856997678056, 0.0041962522082, 0.00220338255167, 0.00268190866336, 0.00167864002287, 0.000878470600583, 0.000278989755316, 0.00018110871315, 0.000106849336589, 0.000171569219674, 0.000229900382692, 5.05796633661e-05, 0.000299307983369, 0.000978108495474, 0.000553533493076, 0.000407459127018, 0.000231650017668, 0.000857188599184, 0.000389777356759, 0.000144937846926, 9.19490266824e-05, 0.000119415220979, 0.00016718301049, 0.000170255865669, 9.39693054534e-05, 6.58373683109e-05, 7.58376481826e-05, 6.48444474791e-05, 5.38385393156e-05],
        "mean": [0.00141573243309, 0.00290643819608, 0.00256839836948, 0.00160588428844, 0.000668128079269, 0.000590545299929, 0.000499859335832, 0.000326677720295, 0.000234448190895, 0.000103368525743, 5.11114594701e-05, 4.56946545455e-05, 6.11531868344e-05, 6.76927447785e-05, 7.63372154324e-05, 5.32842313987e-05, 2.71174540103e-05, 1.20307777252e-05, 6.98696794643e-06, 7.62869512982e-06, 1.05892959255e-05, 8.09447647043e-06, 3.36544144375e-06, 4.01184843213e-06, 9.0914836619e-06, 1.48675317178e-05, 1.24735151985e-05, 5.91468142375e-06, 4.65887615064e-06, 3.8717962525e-06, 3.78355548492e-06, 4.51789856015e-06, 6.04529350312e-06, 5.77184346184e-06, 4.05993023378e-06, 3.93166465074e-06, 3.38756262863e-06, 3.30878378918e-06, 3.76440334549e-06, 3.25163614434e-06],
        "median": [0.000315049226629, 0.00185085413978, 0.00184695294593, 0.0011195326224, 0.000471076054964, 0.000348242290784, 0.000199159694603, 8.93133110367e-05, 5.46822702745e-05, 3.11681833409e-05, 2.1053268938e-05, 1.35606942422e-05, 1.2063412214e-05, 8.62300839799e-06, 1.00940615084e-05, 1.01385539892e-05, 7.7802242231e-06, 5.59229692954e-06, 3.78034678761e-06, 3.63821072824e-06, 4.84410293211e-06, 3.99538976126e-06, 2.00329782274e-06, 1.39563474022e-06, 1.77702145265e-06, 2.25188387049e-06, 1.13942621738e-06, 4.32621277469e-07, 3.02791846707e-07, 5.44903855371e-07, 4.63429614683e-07, 5.26879432527e-07, 6.45230784357e-07, 1.00204431419e-06, 5.99763438913e-07, 3.90475378254e-07, 4.46250368213e-07, 6.92987441653e-07, 1.13971725568e-06, 9.26107134092e-07],
        "min": [9.17759120526e-24, 5.10468578553e-24, 9.19428823518e-24, 1.30695887313e-23, 2.22060384738e-23, 1.49909872615e-23, 1.12864215088e-23, 8.15758853279e-24, 1.14039783497e-23, 1.11914607996e-23, 5.30030987939e-24, 8.13338391363e-24, 6.49535210926e-24, 4.45591513859e-24, 9.20488894803e-24, 9.52268471914e-24, 7.58131301975e-24, 1.84336914255e-23, 1.31415446788e-23, 1.09964259848e-23, 1.31984838701e-23, 1.39828356464e-23, 7.13421742424e-24, 1.09095605662e-23, 1.11696282852e-23, 8.07111202263e-24, 5.67706827e-24, 7.33815768977e-24, 1.32332923575e-23, 1.41791436826e-23, 7.63364684106e-24, 5.98477372127e-24, 9.83052191018e-24, 9.47076583866e-24, 7.75686533673e-24, 1.05176702457e-23, 1.01394808614e-23, 1.15198052187e-23, 8.74716976271e-24, 9.1186964278e-24],
        "stdev": [0.00569736678153, 0.00469653774053, 0.00249823415652, 0.00161915458739, 0.00070605869405, 0.000741568161175, 0.000827143841889, 0.00064657459734, 0.000494360807352, 0.000199160465854, 7.99613990239e-05, 8.6840496806e-05, 0.000205458840355, 0.000181148687261, 0.000203873889404, 0.000132211716846, 6.56746342429e-05, 2.05869382626e-05, 1.0988318536e-05, 1.10474466055e-05, 1.73454627657e-05, 1.31760107251e-05, 4.57236410512e-06, 1.5649568013e-05, 4.24094105256e-05, 4.58264767076e-05, 3.46366105077e-05, 1.65291276062e-05, 2.60874203377e-05, 1.35316677188e-05, 9.40797053772e-06, 1.02950925793e-05, 1.45887406688e-05, 1.36864173328e-05, 1.04930322777e-05, 9.72615362116e-06, 7.09395771992e-06, 6.20788932792e-06, 6.21288563707e-06, 5.7409688452e-06],
        "var": [3.24599859596e-05, 2.20574656851e-05, 6.24117365078e-06, 2.62166145149e-06, 4.98518886616e-07, 5.4992335663e-07, 6.84166934661e-07, 4.18058675677e-07, 2.4439259505e-07, 3.96648935919e-08, 6.39382591316e-09, 7.54127249536e-09, 4.22133368261e-08, 3.28148459516e-08, 4.15645615703e-08, 1.74799374975e-08, 4.31315783089e-09, 4.23822033024e-10, 1.2074313771e-10, 1.22046067697e-10, 3.00865082847e-10, 1.73607267451e-10, 2.09065143669e-11, 2.44908981983e-10, 1.79855808025e-09, 2.100066121e-09, 1.19969489898e-09, 2.73212064084e-10, 6.80553502441e-10, 1.83106030338e-10, 8.85099146752e-11, 1.05988925969e-10, 2.12831349766e-10, 1.87318008327e-10, 1.10103724749e-10, 9.45980654921e-11, 5.0324234363e-11, 3.85378881584e-11, 3.85999461561e-11, 3.29587225567e-11]
    },
    "melbands128": {
