{
"lowlevel": {
    "average_loudness": 0.96018320322,
    "barkbands_crest": {
        "dmean": 3.22192525864,
        "dmean2": 4.59561777115,
        "dvar": 9.88779830933,
        "dvar2": 18.3519802094,
        "max": 26.2883358002,
        "mean": 12.6168470383,
        "median": 11.3614721298,
        "min": 2.47000813484,
        "stdev": 6.22305488586,
        "var": 38.7264099121
    },
    "barkbands_flatness_db": {
        "dmean": 0.0387538708746,
        "dmean2": 0.0520276129246,
        "dvar": 0.00158389890566,
        "dvar2": 0.00272117648274,
        "max": 0.420266538858,
        "mean": 0.170284464955,
        "median": 0.154758274555,
        "min": 0.0237390231341,
        "stdev": 0.0781304985285,
        "var": 0.00610437430441
    },
    "barkbands_kurtosis": {
        "dmean": 11.9291477203,
        "dmean2": 16.0081005096,
        "dvar": 514.777099609,
        "dvar2": 720.178466797,
        "max": 420.457489014,
        "mean": 18.9907493591,
        "median": 5.08389568329,
        "min": -1.74264979362,
        "stdev": 37.3160247803,
        "var": 1392.48571777
    },
    "barkbands_skewness": {
        "dmean": 1.07985651493,
        "dmean2": 1.41595935822,
        "dvar": 1.52012574673,
        "dvar2": 2.09700298309,
        "max": 16.4658241272,
        "mean": 2.868247509,
        "median": 2.05347943306,
        "min": -0.590548753738,
        "stdev": 2.59494066238,
        "var": 6.73371648788
    },
    "barkbands_spread": {
        "dmean": 7.1388092041,
        "dmean2": 11.135799408,
        "dvar": 94.8575363159,
        "dvar2": 211.797073364,
        "max": 80.9638214111,
        "mean": 16.5330162048,
        "median": 13.9336910248,
        "min": 0.299394935369,
        "stdev": 13.6888504028,
        "var": 187.384628296
    },
    "dissonance": {
        "dmean": 0.0270939767361,
        "dmean2": 0.0444581843913,
        "dvar": 0.000682633370161,
        "dvar2": 0.00170655921102,
        "max": 0.499986618757,
        "mean": 0.449124872684,
        "median": 0.457368344069,
        "min": 0.177968740463,
        "stdev": 0.0351965390146,
        "var": 0.00123879639432
    },
    "dynamic_complexity": 2.16951227188,
    "erbbands_crest": {
        "dmean": 2.59365797043,
        "dmean2": 4.24355649948,
        "dvar": 5.35982084274,
        "dvar2": 13.9224472046,
        "max": 23.2460651398,
        "mean": 8.18512058258,
        "median": 7.53038024902,
        "min": 2.20943975449,
        "stdev": 3.29171919823,
        "var": 10.8354158401
    },
    "erbbands_flatness_db": {
        "dmean": 0.0235718637705,
        "dmean2": 0.0352471731603,
        "dvar": 0.000579157902393,
        "dvar2": 0.00123353663366,
        "max": 0.278255909681,
        "mean": 0.140106081963,
        "median": 0.139342278242,
        "min": 0.0568601228297,
        "stdev": 0.0364089906216,
        "var": 0.00132561463397
    },
    "erbbands_kurtosis": {
        "dmean": 1.24766159058,
        "dmean2": 1.8903901577,
        "dvar": 1.68912959099,
        "dvar2": 3.85940599442,
        "max": 12.397069931,
        "mean": 1.08262419701,
        "median": 0.54038643837,
        "min": -1.65259611607,
        "stdev": 2.04319477081,
        "var": 4.17464494705
    },
    "erbbands_skewness": {
        "dmean": 0.425923496485,
        "dmean2": 0.651974439621,
        "dvar": 0.138402998447,
        "dvar2": 0.334755808115,
        "max": 2.83629989624,
        "mean": 0.57111787796,
        "median": 0.54468357563,
        "min": -1.41055583954,
        "stdev": 0.618592977524,
        "var": 0.382657259703
    },
    "erbbands_spread": {
        "dmean": 11.9356069565,
        "dmean2": 17.5631484985,
        "dvar": 150.749008179,
        "dvar2": 289.315002441,
        "max": 144.741134644,
        "mean": 39.9218673706,
        "median": 35.7121162415,
        "min": 6.93540000916,
        "stdev": 21.4906711578,
        "var": 461.848907471
    },
    "hfc": {
        "dmean": 10.1611661911,
        "dmean2": 16.3072891235,
        "dvar": 353.301483154,
        "dvar2": 943.320373535,
        "max": 148.548324585,
        "mean": 17.1026268005,
        "median": 12.8311395645,
        "min": 0.000110931163363,
        "stdev": 17.5093708038,
        "var": 306.578033447
    },
    "loudness_ebu128": {
        "integrated": -8.38642311096,
        "loudness_range": 2.97453165054,
        "momentary": {
            "dmean": 0.73707652092,
            "dmean2": 1.13549137115,
            "dvar": 0.58028191328,
            "dvar2": 1.15676128864,
            "max": -6.13848781586,
            "mean": -8.65267372131,
            "median": -8.22385787964,
            "min": -14.1157817841,
            "stdev": 1.58257102966,
            "var": 2.50453090668
        },
        "short_term": {
            "dmean": 0.0924342125654,
            "dmean2": 0.137014463544,
            "dvar": 0.00809514522552,
            "dvar2": 0.0192398913205,
            "max": -7.22323417664,
            "mean": -8.57547092438,
            "median": -7.85865306854,
            "min": -10.8601675034,
            "stdev": 1.20142900944,
            "var": 1.44343173504
        }
    },
    "melbands_crest": {
        "dmean": 4.04967451096,
        "dmean2": 6.09572649002,
        "dvar": 16.2596607208,
        "dvar2": 30.4591560364,
        "max": 35.0876846313,
        "mean": 18.0007171631,
        "median": 17.474193573,
        "min": 3.93164610863,
        "stdev": 8.00111675262,
        "var": 64.0178756714
    },
    "melbands_flatness_db": {
        "dmean": 0.0471052266657,
        "dmean2": 0.0614585615695,
        "dvar": 0.00229265284725,
        "dvar2": 0.0040962677449,
        "max": 0.542384564877,
        "mean": 0.262548804283,
        "median": 0.252075016499,
        "min": 0.0421501994133,
        "stdev": 0.0978795066476,
        "var": 0.00958039797843
    },
    "melbands_kurtosis": {
        "dmean": 21.543214798,
        "dmean2": 30.9395542145,
        "dvar": 1404.61376953,
        "dvar2": 2448.57861328,
        "max": 459.117553711,
        "mean": 37.3950920105,
        "median": 12.2414216995,
        "min": -1.34423482418,
        "stdev": 61.4013977051,
        "var": 3770.13183594
    },
    "melbands_skewness": {
        "dmean": 1.31194639206,
        "dmean2": 1.80537474155,
        "dvar": 2.184445858,
        "dvar2": 3.37652540207,
        "max": 17.1111507416,
        "mean": 3.91647219658,
        "median": 2.96943354607,
        "min": 0.101321823895,
        "stdev": 3.03960800171,
        "var": 9.2392168045
    },
    "melbands_spread": {
        "dmean": 6.87769556046,
        "dmean2": 10.7813863754,
        "dvar": 100.335342407,
        "dvar2": 232.089385986,
        "max": 113.193199158,
        "mean": 15.4032726288,
        "median": 12.2145376205,
        "min": 0.318823754787,
        "stdev": 14.0961179733,
        "var": 198.700546265
    },
    "pitch_salience": {
        "dmean": 0.10057515651,
        "dmean2": 0.152136549354,
        "dvar": 0.0123459920287,
        "dvar2": 0.025500908494,
        "max": 0.850170254707,
        "mean": 0.487187445164,
        "median": 0.514123737812,
        "min": 0.0794888064265,
        "stdev": 0.197419777513,
        "var": 0.0389745682478
    },
    "silence_rate_20dB": {
        "dmean": 0,
        "dmean2": 0,
        "dvar": 0,
        "dvar2": 0,
        "max": 1,
        "mean": 1,
        "median": 1,
        "min": 1,
        "stdev": 0,
        "var": 0
    },
    "silence_rate_30dB": {
        "dmean": 0.0773993805051,
        "dmean2": 0.154144078493,
        "dvar": 0.0714080706239,
        "dvar2": 0.145874321461,
        "max": 1,
        "mean": 0.835266828537,
        "median": 1,
        "min": 0,
        "stdev": 0.370939135551,
        "var": 0.137595832348
    },
    "silence_rate_60dB": {
        "dmean": 0.0162538699806,
        "dmean2": 0.0317583270371,
        "dvar": 0.0159899331629,
        "dvar2": 0.0400446131825,
        "max": 1,
        "mean": 0.0131477182731,
        "median": 0,
        "min": 0,
        "stdev": 0.113906852901,
        "var": 0.0129747707397
    },
    "spectral_centroid": {
        "dmean": 288.026916504,
        "dmean2": 446.799804688,
        "dvar": 141230.828125,
        "dvar2": 333797.15625,
        "max": 3375.02392578,
        "mean": 890.187866211,
        "median": 777.40637207,
        "min": 176.863952637,
        "stdev": 510.74230957,
        "var": 260857.71875
    },
    "spectral_complexity": {
        "dmean": 4.6493806839,
        "dmean2": 7.25406646729,
        "dvar": 38.9815292358,
        "dvar2": 94.0994491577,
        "max": 49,
        "mean": 15.7610206604,
        "median": 14,
        "min": 0,
        "stdev": 7.2173833847,
        "var": 52.0906257629
    },
    "spectral_decrease": {
        "dmean": 5.87661608265e-09,
        "dmean2": 7.69637864551e-09,
        "dvar": 9.28319191956e-17,
        "dvar2": 1.10159864104e-16,
        "max": -1.10777652242e-13,
        "mean": -1.54402961527e-08,
        "median": -7.33840277434e-09,
        "min": -7.81671829486e-08,
        "stdev": 1.89476434542e-08,
        "var": 3.59013220628e-16
    },
    "spectral_energy": {
        "dmean": 0.0226828623563,
        "dmean2": 0.0298626292497,
        "dvar": 0.00135090434924,
        "dvar2": 0.00162593752611,
        "max": 0.296818077564,
        "mean": 0.0598264709115,
        "median": 0.0292233377695,
        "min": 4.28162110211e-07,
        "stdev": 0.0720626935363,
        "var": 0.00519303232431
    },
    "spectral_energyband_high": {
        "dmean": 0.000666234933306,
        "dmean2": 0.00114943692461,
        "dvar": 2.71454496215e-06,
        "dvar2": 7.36303127269e-06,
        "max": 0.0128095429391,
        "mean": 0.000659278361127,
        "median": 0.000242500260356,
        "min": 1.3989460701e-09,
        "stdev": 0.00139531958848,
        "var": 1.94691665456e-06
    },
    "spectral_energyband_low": {
        "dmean": 0.0201600380242,
        "dmean2": 0.026457939297,
        "dvar": 0.00143638625741,
        "dvar2": 0.00174928281922,
        "max": 0.290870189667,
        "mean": 0.0462641119957,
        "median": 0.0147719103843,
        "min": 2.64056922106e-07,
        "stdev": 0.0708338096738,
        "var": 0.0050174286589
    },
    "spectral_energyband_middle_high": {
        "dmean": 0.00202446337789,
        "dmean2": 0.00316463666968,
        "dvar": 9.81186713034e-06,
        "dvar2": 2.5841378374e-05,
        "max": 0.0272436514497,
        "mean": 0.00344135216437,
        "median": 0.00248623033985,
        "min": 4.28195967572e-08,
        "stdev": 0.00337585317902,
        "var": 1.13963851618e-05
    },
    "spectral_energyband_middle_low": {
        "dmean": 0.00855788215995,
        "dmean2": 0.0149809820578,
        "dvar": 0.000387451611459,
        "dvar2": 0.00108729477506,
        "max": 0.14634090662,
        "mean": 0.011721544899,
        "median": 0.00776097737253,
        "min": 6.97199951105e-08,
        "stdev": 0.0162285510451,
        "var": 0.0002633658587
    },
    "spectral_entropy": {
        "dmean": 0.284497320652,
        "dmean2": 0.419334322214,
        "dvar": 0.0937601774931,
        "dvar2": 0.18981564045,
        "max": 8.78322315216,
        "mean": 7.42217350006,
        "median": 7.38835525513,
        "min": 5.70972490311,
        "stdev": 0.478910386562,
        "var": 0.229355171323
    },
    "spectral_flux": {
        "dmean": 0.0536877177656,
        "dmean2": 0.0750392824411,
        "dvar": 0.00419769017026,
        "dvar2": 0.00630004657432,
        "max": 0.528572320938,
        "mean": 0.120749406517,
        "median": 0.0825560539961,
        "min": 0.000654340954497,
        "stdev": 0.102383293211,
        "var": 0.0104823382571
    },
    "spectral_kurtosis": {
        "dmean": 2.86039018631,
        "dmean2": 4.47184610367,
        "dvar": 23.6715946198,
        "dvar2": 60.8728103638,
        "max": 75.723991394,
        "mean": 6.25172233582,
        "median": 5.31278991699,
        "min": -0.484227657318,
        "stdev": 5.35606384277,
        "var": 28.687417984
    },
    "spectral_rms": {
        "dmean": 0.0013738644775,
        "dmean2": 0.00180367811117,
        "dvar": 3.40914334629e-06,
        "dvar2": 4.25326925324e-06,
        "max": 0.0170170087367,
        "mean": 0.0065791234374,
        "median": 0.0053395293653,
        "min": 2.04381776712e-05,
        "stdev": 0.00388360302895,
        "var": 1.50823725562e-05
    },
    "spectral_rolloff": {
        "dmean": 558.531433105,
        "dmean2": 939.705932617,
        "dvar": 1375140.875,
        "dvar2": 3327129.5,
        "max": 10723.5351562,
        "mean": 962.284484863,
        "median": 602.9296875,
        "min": 64.599609375,
        "stdev": 1365.64807129,
        "var": 1864994.625
    },
    "spectral_skewness": {
        "dmean": 0.393908768892,
        "dmean2": 0.588245213032,
        "dvar": 0.195166736841,
        "dvar2": 0.462270498276,
        "max": 6.82756376266,
        "mean": 2.06033325195,
        "median": 2.0636343956,
        "min": 0.472115248442,
        "stdev": 0.657951533794,
        "var": 0.432900220156
    },
    "spectral_spread": {
        "dmean": 1009650.125,
        "dmean2": 1444404.25,
        "dvar": 1.22998934733e+12,
        "dvar2": 2.16404944486e+12,
        "max": 27682162,
        "mean": 5372559.5,
        "median": 5307341.5,
        "min": 1154628.625,
        "stdev": 1815266.875,
        "var": 3.29519385805e+12
    },
    "spectral_strongpeak": {
        "dmean": 0.318399846554,
        "dmean2": 0.506522834301,
        "dvar": 0.195642590523,
        "dvar2": 0.476136952639,
        "max": 4.23112678528,
        "mean": 0.609404146671,
        "median": 0.427477747202,
        "min": 0,
        "stdev": 0.541834354401,
        "var": 0.293584495783
    },
    "zerocrossingrate": {
        "dmean": 0.0133733125404,
        "dmean2": 0.0156170576811,
        "dvar": 0.000233703030972,
        "dvar2": 0.000287146889605,
        "max": 0.232421875,
        "mean": 0.0434978157282,
        "median": 0.03515625,
        "min": 0.0009765625,
        "stdev": 0.0354025214911,
        "var": 0.00125333853066
    },
    "barkbands": {
        "dmean": [0.001105262083, 0.0186212863773, 0.0091064479202, 0.00457544764504, 0.00304916407913, 0.00114646088332, 0.000761463947129, 0.000613677548245, 0.000539798929822, 0.000290621392196, 0.000452167354524, 0.000528776843566, 0.000348525471054, 0.000347065215465, 0.00019398285076, 0.000212961444049, 0.000114235313958, 9.52535992838e-05, 0.000123895850265, 0.000122881770949, 0.000106506719021, 0.000137162656756, 9.37810109463e-05, 0.000118118805403, 0.000119669843116, 8.07140968391e-05, 5.21862011738e-06],
        "dmean2": [0.00152240297757, 0.0243800580502, 0.0161742344499, 0.00822121370584, 0.00557144125924, 0.00195339787751, 0.0012124676723, 0.000967369240243, 0.000799067318439, 0.00043654293404, 0.000673983653542, 0.000835516839288, 0.000529844081029, 0.000595104065724, 0.00032820366323, 0.000361935875844, 0.000181204130058, 0.000161956733791, 0.000218444256461, 0.000218997185584, 0.00018946446653, 0.000243263915763, 0.000159647985129, 0.000200241338462, 0.000203764619073, 0.000138095361763, 9.42410406424e-06],
        "dvar": [4.44858960691e-06, 0.00152750045527, 0.000697734649293, 0.000145111815073, 5.20019093528e-05, 3.33945831699e-06, 1.40123131587e-06, 9.27426469843e-07, 6.67823542244e-07, 1.82588550501e-07, 4.82514678879e-07, 6.18199464952e-07, 3.67146469671e-07, 9.94700940282e-07, 1.82356885148e-07, 1.82930065762e-07, 3.13177963562e-08, 3.31327640879e-08, 9.20708131957e-08, 1.10547510701e-07, 9.18631997138e-08, 1.1909372688e-07, 4.76236330371e-08, 5.94604330217e-08, 7.99007793262e-08, 3.55636409211e-08, 1.77451345285e-10],
        "dvar2": [8.76185276866e-06, 0.0020685242489, 0.001907591708, 0.000404379854444, 0.00014958580141, 9.10421022127e-06, 3.36183529726e-06, 2.06608797271e-06, 1.54723102241e-06, 3.78834272396e-07, 1.03030185983e-06, 1.44709929373e-06, 8.04412820798e-07, 2.79828577732e-06, 4.89335775455e-07, 4.97510256992e-07, 7.40674934718e-08, 8.92863596391e-08, 2.53116866133e-07, 3.10935206471e-07, 2.57553267602e-07, 3.32700608396e-07, 1.27292238972e-07, 1.56143968866e-07, 2.11138186046e-07, 9.43931652841e-08, 4.95389229638e-10],
        "max": [0.0296946167946, 0.286242216825, 0.164699375629, 0.0885978788137, 0.0584474951029, 0.0261390861124, 0.0121096484363, 0.0121125653386, 0.00945116672665, 0.00593548174948, 0.00737078022212, 0.00909840408713, 0.00678895274177, 0.00945176742971, 0.00406737392768, 0.00463694659993, 0.00233369413763, 0.00153677770868, 0.00212167343125, 0.00285246851854, 0.00223874230869, 0.00250113802031, 0.00185149675235, 0.00231051491573, 0.00195051322225, 0.00153439445421, 0.000126047249069],
        "mean": [0.00213774503209, 0.0343759469688, 0.00755088031292, 0.00383863085881, 0.00305010005832, 0.00173485290725, 0.00105098716449, 0.000941637787037, 0.000964598671999, 0.000450819352409, 0.000663376995362, 0.000752778199967, 0.000470361643238, 0.000327826186549, 0.000198800960789, 0.000240678273258, 0.000158686380018, 9.63802958722e-05, 0.000104834420199, 9.85162114375e-05, 8.35598184494e-05, 0.000125169972307, 9.18803780223e-05, 0.000127538776724, 0.000116491653898, 6.98564981576e-05, 3.60715353054e-06],
        "median": [0.000508557481226, 0.00750139169395, 0.00104918447323, 0.000989051884972, 0.00144353671931, 0.00102345959749, 0.000500245369039, 0.000454166030977, 0.000598806247581, 0.000227910655667, 0.000299820967484, 0.00033385498682, 0.00014162241132, 8.52911543916e-05, 5.78748149564e-05, 8.0161022197e-05, 8.30256976769e-05, 3.70192501578e-05, 2.90115713142e-05, 2.32030179177e-05, 1.42407689054e-05, 4.09405620303e-05, 3.07758309646e-05, 5.0604918215e-05, 4.00897697546e-05, 1.695796891e-05, 3.51045542857e-07],
        "min": [1.25255340322e-07, 1.40952892025e-07, 4.82041961902e-08, 2.17289652937e-08, 1.11440403572e-08, 2.05775307904e-09, 9.65246815809e-09, 1.60549760153e-08, 8.54776871506e-09, 7.66666397034e-10, 3.19797499593e-09, 8.4167357528e-09, 2.67523976305e-08, 2.11613859769e-09, 4.45299380702e-10, 2.6291713251e-10, 3.53399642883e-10, 2.43914638487e-10, 4.52667431317e-10, 2.28433966187e-10, 1.19096954521e-10, 3.32027072503e-10, 2.67924099573e-10, 3.5184613556e-10, 1.41866296488e-10, 7.98169030869e-11, 3.6473829599e-13],
        "stdev": [0.00361414509825, 0.0629288479686, 0.0217210948467, 0.00998617336154, 0.00584914209321, 0.00213645375334, 0.00140841677785, 0.00136493577156, 0.00112757203169, 0.000637131975964, 0.000974995724391, 0.00104895071127, 0.000809958670288, 0.000830283912364, 0.000404752994655, 0.000413062545704, 0.000222477334319, 0.000166077952599, 0.000248784926953, 0.000265028851572, 0.000242838301347, 0.000282812805381, 0.00019147087005, 0.000226197458687, 0.000249601580435, 0.000165154371643, 1.07293071778e-05],
        "var": [1.30620446726e-05, 0.00396003993228, 0.000471805979032, 9.97236566036e-05, 3.42124658346e-05, 4.56443513031e-06, 1.98363795789e-06, 1.86304976069e-06, 1.27141856865e-06, 4.05937129244e-07, 9.50616708906e-07, 1.10029759526e-06, 6.56033023461e-07, 6.89371404405e-07, 1.63824978472e-07, 1.7062066604e-07, 4.94961618358e-08, 2.75818869966e-08, 6.18939353103e-08, 7.02402971342e-08, 5.89704427512e-08, 7.99830885967e-08, 3.666109194e-08, 5.11652871182e-08, 6.23009484002e-08, 2.72759663744e-08, 1.15118033162e-10]
    },
    "erbbands": {
        "dmean": [0.723197042942, 4.24174404144, 9.65073490143, 13.5328359604, 12.3463516235, 9.69833564758, 8.55734539032, 10.3679189682, 8.34792900085, 13.7369976044, 13.5088720322, 11.6788187027, 10.1115961075, 13.6589956284, 17.2691688538, 19.7848911285, 15.9428844452, 17.9244441986, 10.7924404144, 9.35948467255, 12.407959938, 6.73214530945, 5.0384349823, 5.62258625031, 6.63740301132, 5.18329668045, 4.30265903473, 3.95494294167, 4.7250418663, 4.53828382492, 2.44024133682, 2.36596918106, 1.99518537521, 1.24802553654, 0.942172586918, 0.40847876668, 0.142806261778, 0.0223912019283, 0.000546826224308, 3.7053538108e-05],
        "dmean2": [0.876586735249, 5.3451628685, 15.9329900742, 23.9761066437, 22.7549438477, 17.4075756073, 14.7388715744, 17.7987098694, 13.6585130692, 21.6451034546, 21.0450153351, 17.5786819458, 14.839430809, 19.9558429718, 26.0851211548, 30.976934433, 24.2468070984, 30.141960144, 18.2256908417, 15.5241308212, 21.1698455811, 10.8733997345, 8.41654682159, 9.8031167984, 11.7931613922, 9.10757064819, 7.62572669983, 7.00882291794, 8.38025283813, 8.01187515259, 4.12659358978, 3.91557168961, 3.40962219238, 2.13655805588, 1.59555065632, 0.699758350849, 0.243483841419, 0.038605120033, 0.000951107591391, 5.47765703232e-05],
        "dvar": [2.21806406975, 79.2451782227, 678.643066406, 1329.39758301, 1028.10302734, 453.859619141, 218.233596802, 308.343475342, 192.798782349, 498.598724365, 367.834228516, 351.548522949, 264.037536621, 494.135406494, 664.014831543, 999.635742188, 774.441467285, 2155.24951172, 534.910827637, 316.067962646, 679.605712891, 118.328025818, 81.4204483032, 165.641616821, 307.124938965, 185.778137207, 135.75982666, 120.488922119, 143.239303589, 120.864959717, 35.3525772095, 21.1004066467, 18.9154968262, 8.81408405304, 4.89786434174, 0.904952287674, 0.114442192018, 0.00268723769113, 1.58578700393e-06, 3.40248829112e-09],
        "dvar2": [2.45764160156, 134.855209351, 1760.28308105, 3678.17089844, 2951.49316406, 1298.6940918, 598.079101562, 843.288024902, 516.15625, 1132.26062012, 909.847106934, 872.306091309, 497.485046387, 1019.29064941, 1558.05065918, 2409.6418457, 1726.45874023, 6008.26513672, 1429.13745117, 817.233825684, 1854.01062012, 288.668792725, 217.506271362, 449.465637207, 861.794128418, 518.123962402, 376.040344238, 337.05078125, 398.250061035, 337.443908691, 94.4746932983, 52.8631324768, 51.4215774536, 23.8572444916, 12.7947921753, 2.40085911751, 0.304017901421, 0.00713792582974, 4.26145970778e-06, 6.83202960872e-09],
        "max": [11.7692375183, 64.1228408813, 177.316055298, 248.053070068, 232.166015625, 175.560440063, 142.305450439, 271.194671631, 129.141952515, 299.279327393, 212.383560181, 257.742919922, 258.442718506, 263.668457031, 367.76940918, 378.149078369, 308.592193604, 470.289337158, 259.337524414, 200.296768188, 272.888244629, 123.199478149, 84.4583587646, 106.895988464, 130.346954346, 118.566894531, 93.0009536743, 78.5463790894, 86.8528594971, 83.1044082642, 55.8842544556, 40.750743866, 39.7919540405, 21.9518432617, 15.4879570007, 7.76654481888, 2.71408128738, 0.397101998329, 0.00930845364928, 0.000411537184846],
        "mean": [1.23081445694, 6.69431686401, 9.34668731689, 12.1852121353, 10.178940773, 10.355550766, 12.1630220413, 15.1822299957, 11.8777666092, 20.8134117126, 21.7338314056, 19.8322238922, 17.1404914856, 21.3144664764, 27.0841903687, 27.0152988434, 22.8045787811, 19.0213718414, 11.4431276321, 10.5940351486, 14.2827272415, 9.20288848877, 5.75185775757, 4.91135168076, 5.4661693573, 4.33182764053, 3.40157794952, 3.23521518707, 4.32635974884, 4.2109875679, 2.35854625702, 2.60019493103, 2.0197994709, 1.1839902401, 0.906938076019, 0.364867419004, 0.120611123741, 0.0181657318026, 0.000462633266579, 8.09402990853e-05],
        "median": [0.296678990126, 1.01164543629, 1.49470102787, 3.08809232712, 3.2858748436, 4.8869342804, 7.19917678833, 7.92635393143, 6.62037086487, 10.4983997345, 13.6692237854, 12.1560592651, 9.62054443359, 10.8585586548, 14.7088346481, 13.1921167374, 7.52305173874, 5.52575778961, 3.48580765724, 3.46533489227, 5.40100002289, 4.72475290298, 2.6757645607, 1.33636987209, 1.49181067944, 1.05372071266, 0.524859964848, 0.698026716709, 1.36161231995, 1.48768818378, 0.693462848663, 0.845576286316, 0.848655045033, 0.395178467035, 0.300370454788, 0.103447683156, 0.0231600925326, 0.00325219379738, 0.000118661875604, 4.33059394709e-05],
        "min": [5.89598403167e-06, 2.55087197729e-05, 5.58665960853e-05, 7.03558325768e-05, 5.68517643842e-05, 3.06043693854e-05, 1.3998549548e-05, 2.09864410863e-05, 8.94775075722e-05, 0.000254284997936, 0.000345322885551, 0.000201792063308, 6.3578983827e-05, 3.79922566935e-05, 0.000233062208281, 0.000384283193853, 0.00117844005581, 0.000369196583051, 5.42055859114e-05, 1.67536218214e-05, 1.64592220244e-05, 2.07965949812e-05, 1.48302524394e-05, 2.24676605285e-05, 1.9017368686e-05, 9.68045696936e-06, 3.52754295818e-06, 6.00561043029e-06, 1.30618591356e-05, 1.37827082654e-05, 4.16432112615e-06, 8.54990412336e-06, 4.0482791519e-06, 9.22786568935e-07, 1.55605778218e-06, 2.8319399803e-07, 1.46733228235e-07, 4.53999682293e-08, 4.24839230462e-09, 8.92913964989e-10],
        "stdev": [2.33549761772, 13.1295423508, 23.6998806, 30.7960510254, 25.0683174133, 18.067325592, 14.9309883118, 21.3490047455, 14.6172609329, 28.67927742, 24.8582115173, 23.4955749512, 23.6728916168, 31.501203537, 34.266418457, 38.7101974487, 36.2067260742, 40.6570892334, 21.9134025574, 18.5563869476, 24.6999816895, 12.8750953674, 8.76130771637, 10.8656806946, 14.0133285522, 11.0469436646, 9.44812107086, 8.84774589539, 9.86140060425, 9.04322528839, 5.21656084061, 4.62265825272, 3.78528118134, 2.54797911644, 1.97892427444, 0.832272052765, 0.296272009611, 0.0452100820839, 0.00108058948535, 8.82540480234e-05],
        "var": [5.45454931259, 172.384887695, 561.684326172, 948.396728516, 628.420532227, 326.428283691, 222.934402466, 455.780029297, 213.664321899, 822.500976562, 617.930664062, 552.042053223, 560.405761719, 992.325805664, 1174.1875, 1498.47924805, 1310.92712402, 1652.99902344, 480.197174072, 344.339508057, 610.089050293, 165.768081665, 76.7605056763, 118.063018799, 196.37336731, 122.034957886, 89.2669906616, 78.2826004028, 97.2472229004, 81.7799301147, 27.2125091553, 21.368970871, 14.3283529282, 6.49219751358, 3.91614127159, 0.692676782608, 0.087777107954, 0.0020439515356, 1.16767364489e-06, 7.78877762286e-09]
    },
    "gfcc": {
        "mean": [1.04102873802, 99.190071106, -85.2198867798, 17.9526576996, -54.5650634766, 28.3778038025, -37.9775619507, 15.3602724075, -22.2456264496, 3.68255782127, -13.9098424911, 7.62967967987, -12.6884860992],
        "cov": [[3175.34472656, -1166.11633301, 61.4711494446, 249.206466675, -141.718658447, 99.4313354492, -137.096954346, 101.225357056, -149.040390015, 136.977340698, -187.9715271, -4.60299777985, -166.81022644], [-1166.11633301, 1377.77258301, 120.249031067, -156.841506958, 421.047851562, 39.1263771057, 237.976226807, 10.9193477631, 226.577041626, -113.713684082, 185.329315186, -11.5206098557, 127.820457458], [61.4711494446, 120.249031067, 649.136230469, 173.950576782, 87.662147522, 131.907226562, 196.328140259, 101.450454712, 43.8595733643, 16.330165863, 43.9967536926, 61.9492988586, 31.5914936066], [249.206466675, -156.841506958, 173.950576782, 401.667938232, 70.6670303345, 13.6981801987, 37.4934272766, -17.7136936188, 18.4609413147, 51.4837112427, 11.3362894058, -19.104057312, 38.0089530945], [-141.718658447, 421.047851562, 87.662147522, 70.6670303345, 460.964019775, 107.606765747, 78.4231872559, 42.2893981934, 165.678726196, 16.8292751312, 82.8348464966, -46.2298698425, 59.7851448059], [99.4313354492, 39.1263771057, 131.907226562, 13.6981801987, 107.606765747, 206.155929565, 64.6520996094, 76.9940185547, 87.411895752, 39.9707794189, 40.9204864502, -10.3586025238, 19.7142753601], [-137.096954346, 237.976226807, 196.328140259, 37.4934272766, 78.4231872559, 64.6520996094, 354.714202881, 73.7984313965, 56.8424377441, 31.2083435059, 71.0933609009, 77.8553848267, 24.3118114471], [101.225357056, 10.9193477631, 101.450454712, -17.7136936188, 42.2893981934, 76.9940185547, 73.7984313965, 164.619018555, 63.6535453796, 28.0170783997, 40.1175575256, 40.8560333252, 17.3002719879], [-149.040390015, 226.577041626, 43.8595733643, 18.4609413147, 165.678726196, 87.411895752, 56.8424377441, 63.6535453796, 197.302261353, 35.7742385864, 64.6493911743, -4.86662054062, 48.0653648376], [136.977340698, -113.713684082, 16.330165863, 51.4837112427, 16.8292751312, 39.9707794189, 31.2083435059, 28.0170783997, 35.7742385864, 135.009033203, 28.4390487671, -11.6677427292, 5.93621015549], [-187.9715271, 185.329315186, 43.9967536926, 11.3362894058, 82.8348464966, 40.9204864502, 71.0933609009, 40.1175575256, 64.6493911743, 28.4390487671, 125.128265381, 32.6409950256, 42.0582923889], [-4.60299777985, -11.5206098557, 61.9492988586, -19.104057312, -46.2298698425, -10.3586025238, 77.8553848267, 40.8560333252, -4.86662054062, -11.6677427292, 32.6409950256, 140.517791748, 23.5351600647], [-166.81022644, 127.820457458, 31.5914936066, 38.0089530945, 59.7851448059, 19.7142753601, 24.3118114471, 17.3002719879, 48.0653648376, 5.93621015549, 42.0582923889, 23.5351600647, 94.7633209229]],
        "icov": [[0.000557234161533, 0.000316894380376, 5.30043253093e-05, -0.000289278337732, -0.000288215000182, -0.000314368662657, 0.000114332251542, -0.000437210022938, 0.000261580746155, -0.000236763924477, 0.000516611617059, -0.000317385420203, 0.000681219622493], [0.000316894380376, 0.0029350456316, -0.000711860891897, 0.00174303934909, -0.00155039061792, 0.00141844758764, -0.00160174327902, 0.00112812500447, -0.00158967752941, 0.00264899921604, -0.00236578169279, 0.00196719332598, -0.00177308043931], [5.30043253093e-05, -0.000711860891897, 0.00272334227338, -0.00168252596632, 0.000258333515376, -0.00178458739538, -0.000422253622673, -0.00125955417752, 0.000998266041279, -9.56879157457e-05, 0.000966849154793, -0.00125587836374, 0.000749463448301], [-0.000289278337732, 0.00174303934909, -0.00168252596632, 0.00487222988158, -0.00118476396892, 0.00192582060117, -0.00118191051297, 0.00212483014911, -0.00119444169104, 0.000537419517059, -0.00173945317511, 0.00227204919793, -0.00321157719009], [-0.000288215000182, -0.00155039061792, 0.000258333515376, -0.00118476396892, 0.00458565773442, -0.00124925968703, 0.000296317914035, -0.000260416971287, -0.00153897819109, -0.000281862390693, -0.000197019297048, 0.000889663875569, -2.39240634983e-05], [-0.000314368662657, 0.00141844758764, -0.00178458739538, 0.00192582060117, -0.00124925968703, 0.00897781644017, -0.00115907855798, -0.00100692012347, -0.00283288373612, 0.000508784491103, -0.00214448221959, 0.00305820652284, -0.00164526340086], [0.000114332251542, -0.00160174327902, -0.000422253622673, -0.00118191051297, 0.000296317914035, -0.00115907855798, 0.00520782405511, -0.00120713410433, 0.000905524997506, -0.00235899118707, 0.000615761498921, -0.00329181691632, 0.00214779167436], [-0.000437210022938, 0.00112812500447, -0.00125955417752, 0.00212483014911, -0.000260416971287, -0.00100692012347, -0.00120713410433, 0.0103004407138, -0.00295539409854, 0.000405296508688, -0.00207965890877, -0.000932787719648, -0.00129234173801], [0.000261580746155, -0.00158967752941, 0.000998266041279, -0.00119444169104, -0.00153897819109, -0.00283288373612, 0.000905524997506, -0.00295539409854, 0.0107115665451, -0.00282109389082, 0.000437420007074, -0.000946733576711, -0.000596892146859], [-0.000236763924477, 0.00264899921604, -9.56879157457e-05, 0.000537419517059, -0.000281862390693, 0.000508784491103, -0.00235899118707, 0.000405296508688, -0.00282109389082, 0.0121870152652, -0.00478267297149, 0.00377138471231, -0.0017168156337], [0.000516611617059, -0.00236578169279, 0.000966849154793, -0.00173945317511, -0.000197019297048, -0.00214448221959, 0.000615761498921, -0.00207965890877, 0.000437420007074, -0.00478267297149, 0.0154416719452, -0.00471157440916, -0.000337581965141], [-0.000317385420203, 0.00196719332598, -0.00125587836374, 0.00227204919793, 0.000889663875569, 0.00305820652284, -0.00329181691632, -0.000932787719648, -0.000946733576711, 0.00377138471231, -0.00471157440916, 0.0129152694717, -0.00475996546447], [0.000681219622493, -0.00177308043931, 0.000749463448301, -0.00321157719009, -2.39240634983e-05, -0.00164526340086, 0.00214779167436, -0.00129234173801, -0.000596892146859, -0.0017168156337, -0.000337581965141, -0.00475996546447, 0.0169662144035]]
    },
    "melbands": {
        "dmean": [0.00554621312767, 0.00434465846047, 0.0022101693321, 0.000748444756027, 0.000315795477945, 0.000221050577238, 0.000138723626151, 0.000146250647958, 0.000111428184027, 7.47557496652e-05, 5.05721945956e-05, 5.33329439349e-05, 5.49694887013e-05, 6.21757499175e-05, 4.39347786596e-05, 3.61827296729e-05, 3.53107352566e-05, 1.82093353942e-05, 1.54267181642e-05, 1.11398676381e-05, 1.53993842105e-05, 7.2857478699e-06, 5.63340427107e-06, 4.04343973059e-06, 4.61491117676e-06, 5.41677809451e-06, 5.06560763824e-06, 3.03057163364e-06, 2.54480573858e-06, 2.65950507128e-06, 2.21528034672e-06, 2.38443226408e-06, 3.33051184498e-06, 2.2879946755e-06, 1.35244738431e-06, 1.41089049066e-06, 1.45228682413e-06, 1.54024519361e-06, 1.2566284795e-06, 9.66301968219e-07],
        "dmean2": [0.00708336336538, 0.00606512231752, 0.00392294395715, 0.00137424573768, 0.000544302223716, 0.000379340606742, 0.000224467876251, 0.00022759080457, 0.000172428670339, 0.000111933186417, 7.48428428778e-05, 7.83667710493e-05, 8.16068932181e-05, 9.77656090981e-05, 6.91593304509e-05, 5.510155097e-05, 6.06018438702e-05, 3.08097914967e-05, 2.64525297098e-05, 1.852796413e-05, 2.64676818915e-05, 1.16409546536e-05, 9.27133987716e-06, 6.97960103935e-06, 8.04813134891e-06, 9.68550739344e-06, 9.12320410862e-06, 5.28401687916e-06, 4.49458093499e-06, 4.74110447612e-06, 3.93667096432e-06, 4.2069104893e-06, 5.9660410443e-06, 4.00940734835e-06, 2.27829741561e-06, 2.33040623243e-06, 2.40445569943e-06, 2.63783408627e-06, 2.18420018427e-06, 1.65034759902e-06],
        "dvar": [0.000134780188091, 8.95323319128e-05, 3.42664097843e-05, 3.3443745906e-06, 3.26495040781e-07, 1.38858482046e-07, 4.52421353714e-08, 5.35125899148e-08, 2.70957922766e-08, 1.44069689512e-08, 6.44235376157e-09, 7.20700787937e-09, 6.71239908101e-09, 8.63519922234e-09, 5.95069415965e-09, 4.13081124861e-09, 1.01712238632e-08, 1.6935408631e-09, 1.16692189245e-09, 3.99088928571e-10, 1.08385656006e-09, 1.32927779894e-10, 1.03728227396e-10, 6.29528790208e-11, 1.1209022599e-10, 1.92558885503e-10, 2.15775106116e-10, 5.70509819942e-11, 4.35240905816e-11, 5.84828990791e-11, 3.64898666838e-11, 3.40800720977e-11, 7.62041194036e-11, 2.77885752603e-11, 1.10986983493e-11, 8.86713185516e-12, 7.16858300151e-12, 1.12809414587e-11, 8.69003827231e-12, 5.03002934443e-12],
        "dvar2": [0.000153394808876, 0.000193184256204, 9.45182182477e-05, 9.62945887295e-06, 9.11154245387e-07, 3.79666289518e-07, 1.15173776294e-07, 1.17849673131e-07, 6.50256595236e-08, 3.55539313546e-08, 1.22763141874e-08, 1.51047814256e-08, 1.53469450481e-08, 2.07007833097e-08, 1.33241311318e-08, 8.36907254609e-09, 2.86013221995e-08, 4.55909354713e-09, 3.19187720699e-09, 1.01565467148e-09, 2.96865332317e-09, 3.14281295433e-10, 2.78730150072e-10, 1.67967348363e-10, 3.03627928355e-10, 5.35368249732e-10, 6.18208539915e-10, 1.56592933065e-10, 1.19538545729e-10, 1.6396330127e-10, 1.01670984132e-10, 9.36120972406e-11, 2.15936324377e-10, 7.67515356825e-11, 2.96290006419e-11, 2.28497862992e-11, 1.75775175665e-11, 3.07212554007e-11, 2.40877092578e-11, 1.34599623114e-11],
        "max": [0.0866317600012, 0.0716011822224, 0.041236050427, 0.0149687798694, 0.00526760704815, 0.005677156616, 0.00177926302422, 0.00296103791334, 0.0020500945393, 0.00157379184384, 0.0012460827129, 0.00097445526626, 0.00104098510928, 0.00103983236477, 0.00102696393151, 0.000747082871385, 0.00099862983916, 0.000461239425931, 0.000287124246825, 0.000219559675315, 0.000311818090267, 0.00013438561291, 9.86836312222e-05, 7.26966100046e-05, 8.66968621267e-05, 9.77127856459e-05, 0.000121828677948, 6.73926770105e-05, 5.77607497689e-05, 5.82704269618e-05, 4.61532727059e-05, 4.44128818344e-05, 6.89458902343e-05, 3.63093713531e-05, 3.12246193062e-05, 2.78883526335e-05, 2.16112784983e-05, 2.99428156723e-05, 2.56104449363e-05, 1.66110166901e-05],
        "mean": [0.0102802356705, 0.00610686000437, 0.0020138011314, 0.000702850345988, 0.000435720052337, 0.000328309542965, 0.000197867993847, 0.000227378841373, 0.000177174428245, 0.000127139675897, 8.32229561638e-05, 8.20184941404e-05, 8.53299061419e-05, 8.77691127243e-05, 5.69186377106e-05, 4.88607583975e-05, 3.34996148013e-05, 1.87437999557e-05, 1.5474304746e-05, 1.34985648401e-05, 1.71891788341e-05, 9.88698320725e-06, 6.65913921694e-06, 3.97163421439e-06, 3.90028753827e-06, 4.39394079876e-06, 3.88992430089e-06, 2.57884516941e-06, 2.04148182092e-06, 2.00706290343e-06, 1.82903374935e-06, 2.19321282202e-06, 2.90808634418e-06, 2.14767351281e-06, 1.26633722175e-06, 1.41102975704e-06, 1.63438016898e-06, 1.51044810082e-06, 1.17597130611e-06, 9.08277115741e-07],
        "median": [0.00240117032081, 0.000965623301454, 0.000570106611121, 0.000305205176119, 0.000261876470177, 0.000181789757335, 0.000104512240796, 0.000118487922009, 0.00010697493417, 7.66814846429e-05, 4.46406156698e-05, 4.13021625718e-05, 4.25278922194e-05, 4.18823765358e-05, 2.05035630643e-05, 1.4218522665e-05, 8.52905850479e-06, 5.43405167264e-06, 4.55579493064e-06, 4.95787435284e-06, 6.05570176049e-06, 4.81192228108e-06, 3.22016808241e-06, 1.58697957886e-06, 9.31171541652e-07, 1.07140101591e-06, 9.75061198005e-07, 5.39471386674e-07, 3.17947126405e-07, 2.71834409205e-07, 4.02423978585e-07, 6.68698305617e-07, 8.75412922596e-07, 7.53461733893e-07, 3.32719054086e-07, 3.94709019247e-07, 5.14666282925e-07, 5.57803502943e-07, 4.254302155e-07, 2.47844695878e-07],
        "min": [5.19254577114e-08, 3.02507707772e-08, 1.17702114721e-08, 3.02201774716e-09, 5.93297300178e-10, 4.75215256035e-10, 1.53708656914e-09, 3.01920577428e-09, 2.71614908343e-09, 1.13362741416e-09, 2.73455258437e-10, 1.05175437803e-10, 5.91605986422e-10, 1.00934616221e-09, 1.51645829227e-09, 2.71048161693e-09, 4.01729038924e-10, 8.44645048348e-11, 2.23616611339e-11, 1.89804474221e-11, 1.8205411137e-11, 2.09132780538e-11, 1.65689129084e-11, 1.16551091695e-11, 1.94575622975e-11, 1.63001070974e-11, 1.17220469442e-11, 5.31264615633e-12, 1.17295257708e-12, 3.73097386319e-12, 3.30390337484e-12, 6.33029436162e-12, 8.43246479587e-12, 8.03024920865e-12, 1.89385573196e-12, 1.97551155122e-12, 7.51322181552e-12, 3.70516377995e-12, 7.50902866362e-13, 6.33793690273e-13],
        "stdev": [0.0188649222255, 0.0118366647512, 0.00490689044818, 0.00145721901208, 0.000545800605323, 0.000441431504441, 0.000240493216552, 0.000317287485814, 0.000216646381887, 0.000152768829139, 0.000116280702059, 0.000119414609799, 0.000111117631604, 0.000120611366583, 9.46486979956e-05, 8.85818953975e-05, 8.4535087808e-05, 3.85613275284e-05, 3.14355966111e-05, 2.19534867938e-05, 3.08089802274e-05, 1.42847611642e-05, 1.03612183011e-05, 7.14954603609e-06, 8.96287110663e-06, 1.11507351903e-05, 1.14137355922e-05, 6.29559008303e-06, 5.42164843864e-06, 6.10519100519e-06, 4.89731019115e-06, 4.89070816911e-06, 7.02412262399e-06, 4.42600185124e-06, 2.91728338198e-06, 2.85023998003e-06, 2.80677750197e-06, 2.92305344374e-06, 2.46850277108e-06, 1.96873043024e-06],
        "var": [0.000355885305908, 0.000140106625622, 2.4077573471e-05, 2.12348709283e-06, 2.97898282042e-07, 1.94861783598e-07, 5.78369849791e-08, 1.00671350367e-07, 4.69356535859e-08, 2.33383143922e-08, 1.35212010477e-08, 1.42598484132e-08, 1.23471286528e-08, 1.45471013013e-08, 8.95837626302e-09, 7.84675258103e-09, 7.14618053621e-09, 1.48697587576e-09, 9.88196635632e-10, 4.81955586551e-10, 9.49193279531e-10, 2.04054398378e-10, 1.07354840295e-10, 5.11160107297e-11, 8.03330527099e-11, 1.24338886409e-10, 1.30273361543e-10, 3.96344519704e-11, 2.93942717389e-11, 3.72733580112e-11, 2.39836449312e-11, 2.3919024747e-11, 4.9338300806e-11, 1.9589493222e-11, 8.51054209744e-12, 8.12386789784e-12, 7.87800033542e-12, 8.54424170305e-12, 6.09350590819e-12, 3.87589916759e-12]
    },
    "melbands128": {
