{
"lowlevel": {
    "average_loudness": 0.941185772419,
    "barkbands_crest": {
        "dmean": 2.90270256996,
        "dmean2": 4.31151676178,
        "dvar": 7.2939248085,
        "dvar2": 15.2005729675,
        "max": 26.604724884,
        "mean": 14.2147636414,
        "median": 13.3210163116,
        "min": 2.22056722641,
        "stdev": 6.43297815323,
        "var": 41.3832054138
    },
    "barkbands_flatness_db": {
        "dmean": 0.0358045324683,
        "dmean2": 0.0485985651612,
        "dvar": 0.00167337432504,
        "dvar2": 0.0027550405357,
        "max": 0.593620181084,
        "mean": 0.171631678939,
        "median": 0.134437739849,
        "min": 0.0210221651942,
        "stdev": 0.110422447324,
        "var": 0.0121931163594
    },
    "barkbands_kurtosis": {
        "dmean": 21.1505832672,
        "dmean2": 29.1577472687,
        "dvar": 2729.51855469,
        "dvar2": 5659.97119141,
        "max": 681.668823242,
        "mean": 32.619808197,
        "median": 4.04396247864,
        "min": -1.82165682316,
        "stdev": 77.6832504272,
        "var": 6034.68701172
    },
    "barkbands_skewness": {
        "dmean": 1.26614964008,
        "dmean2": 1.76843214035,
        "dvar": 3.40103006363,
        "dvar2": 6.31248474121,
        "max": 21.7166576385,
        "mean": 3.31623244286,
        "median": 1.97721171379,
        "min": -1.72367370129,
        "stdev": 3.70601201057,
        "var": 13.7345256805
    },
    "barkbands_spread": {
        "dmean": 7.32283258438,
        "dmean2": 11.0334367752,
        "dvar": 95.1181335449,
        "dvar2": 200.372283936,
        "max": 109.344924927,
        "mean": 21.7417297363,
        "median": 18.8161735535,
        "min": 0.0633576884866,
        "stdev": 17.8152427673,
        "var": 317.382873535
    },
    "dissonance": {
        "dmean": 0.0211673211306,
        "dmean2": 0.0365511514246,
        "dvar": 0.000421793665737,
        "dvar2": 0.00118675362319,
        "max": 0.500000178814,
        "mean": 0.465481430292,
        "median": 0.471126765013,
        "min": 0.322683513165,
        "stdev": 0.0257188621908,
        "var": 0.000661459867842
    },
    "dynamic_complexity": 2.23887896538,
    "erbbands_crest": {
        "dmean": 2.98842978477,
        "dmean2": 4.63866662979,
        "dvar": 7.59328126907,
        "dvar2": 16.6950340271,
        "max": 28.1012134552,
        "mean": 9.71496582031,
        "median": 8.07225799561,
        "min": 2.39619898796,
        "stdev": 5.53191423416,
        "var": 30.6020755768
    },
    "erbbands_flatness_db": {
        "dmean": 0.0207023508847,
        "dmean2": 0.0288836732507,
        "dvar": 0.000402335543185,
        "dvar2": 0.000849575502798,
        "max": 0.344800591469,
        "mean": 0.137959852815,
        "median": 0.122299022973,
        "min": 0.0425338596106,
        "stdev": 0.0586123503745,
        "var": 0.00343540753238
    },
    "erbbands_kurtosis": {
        "dmean": 1.51689052582,
        "dmean2": 2.27828645706,
        "dvar": 5.86562538147,
        "dvar2": 10.3859157562,
        "max": 41.2352027893,
        "mean": 1.23918116093,
        "median": 0.00199294090271,
        "min": -1.74289298058,
        "stdev": 3.59473848343,
        "var": 12.9221439362
    },
    "erbbands_skewness": {
        "dmean": 0.501337170601,
        "dmean2": 0.695430636406,
        "dvar": 0.264198422432,
        "dvar2": 0.453159928322,
        "max": 5.38893079758,
        "mean": 0.570754468441,
        "median": 0.44939288497,
        "min": -2.90628099442,
        "stdev": 1.02818083763,
        "var": 1.05715572834
    },
    "erbbands_spread": {
        "dmean": 11.4148855209,
        "dmean2": 17.1980800629,
        "dvar": 118.10030365,
        "dvar2": 253.61529541,
        "max": 126.667953491,
        "mean": 45.3193244934,
        "median": 43.5548629761,
        "min": 3.45033502579,
        "stdev": 22.3464279175,
        "var": 499.362823486
    },
    "hfc": {
        "dmean": 10.634352684,
        "dmean2": 16.5793190002,
        "dvar": 226.586898804,
        "dvar2": 546.366516113,
        "max": 141.088775635,
        "mean": 23.1747760773,
        "median": 17.6683292389,
        "min": 1.14215325506e-16,
        "stdev": 18.1824741364,
        "var": 330.602355957
    },
    "loudness_ebu128": {
        "integrated": -8.54170608521,
        "loudness_range": 2.38667869568,
        "momentary": {
            "dmean": 0.44245287776,
            "dmean2": 0.618887364864,
            "dvar": 0.168907731771,
            "dvar2": 0.27602031827,
            "max": -6.72067165375,
            "mean": -8.73888492584,
            "median": -8.38984203339,
            "min": -14.7251052856,
            "stdev": 1.407954216,
            "var": 1.98233497143
        },
        "short_term": {
            "dmean": 0.0770978555083,
            "dmean2": 0.0870857387781,
            "dvar": 0.00337858800776,
            "dvar2": 0.00492655765265,
            "max": -7.32536220551,
            "mean": -8.66848468781,
            "median": -8.78243923187,
            "min": -10.9127244949,
            "stdev": 0.939653873444,
            "var": 0.882949411869
        }
    },
    "melbands_crest": {
        "dmean": 3.89833402634,
        "dmean2": 5.76388120651,
        "dvar": 13.6627063751,
        "dvar2": 29.3583545685,
        "max": 35.5077590942,
        "mean": 19.6595726013,
        "median": 18.5826416016,
        "min": 2.15541148186,
        "stdev": 8.13924503326,
        "var": 66.2473144531
    },
    "melbands_flatness_db": {
        "dmean": 0.0430342443287,
        "dmean2": 0.0583075396717,
        "dvar": 0.002299902495,
        "dvar2": 0.00386803573929,
        "max": 0.732619464397,
        "mean": 0.251974314451,
        "median": 0.211173042655,
        "min": 0.00519941002131,
        "stdev": 0.132391437888,
        "var": 0.0175274945796
    },
    "melbands_kurtosis": {
        "dmean": 28.3787879944,
        "dmean2": 39.6582489014,
        "dvar": 2755.6328125,
        "dvar2": 4801.50292969,
        "max": 715.110046387,
        "mean": 56.5778999329,
        "median": 15.1345310211,
        "min": -1.32269620895,
        "stdev": 97.5157623291,
        "var": 9509.32324219
    },
    "melbands_skewness": {
        "dmean": 1.3706394434,
        "dmean2": 1.95563292503,
        "dvar": 2.50393676758,
        "dvar2": 4.73139190674,
        "max": 20.9933166504,
        "mean": 4.53392744064,
        "median": 3.35180902481,
        "min": -0.576335012913,
        "stdev": 3.75400686264,
        "var": 14.0925683975
    },
    "melbands_spread": {
        "dmean": 7.69168138504,
        "dmean2": 11.7133607864,
        "dvar": 145.49029541,
        "dvar2": 334.63772583,
        "max": 137.342437744,
        "mean": 19.7545127869,
        "median": 15.7356071472,
        "min": 0.128134533763,
        "stdev": 18.5346622467,
        "var": 343.533691406
    },
    "pitch_salience": {
        "dmean": 0.0906752571464,
        "dmean2": 0.135445669293,
        "dvar": 0.00906320847571,
        "dvar2": 0.0195380598307,
        "max": 0.898660242558,
        "mean": 0.424314886332,
        "median": 0.453088611364,
        "min": 0.0211028791964,
        "stdev": 0.189956694841,
        "var": 0.0360835455358
    },
    "silence_rate_20dB": {
        "dmean": 0,
        "dmean2": 0,
        "dvar": 0,
        "dvar2": 0,
        "max": 1,
        "mean": 1,
        "median": 1,
        "min": 1,
        "stdev": 0,
        "var": 0
    },
    "silence_rate_30dB": {
        "dmean": 0.0665634647012,
        "dmean2": 0.133230060339,
        "dvar": 0.0621327608824,
        "dvar2": 0.130971670151,
        "max": 1,
        "mean": 0.853054940701,
        "median": 1,
        "min": 0,
        "stdev": 0.354050427675,
        "var": 0.125351712108
    },
    "silence_rate_60dB": {
        "dmean": 0.00232198135927,
        "dmean2": 0.00464755995199,
        "dvar": 0.00231662020087,
        "dvar2": 0.00462588015944,
        "max": 1,
        "mean": 0.00386697612703,
        "median": 0,
        "min": 0,
        "stdev": 0.0620637834072,
        "var": 0.00385191314854
    },
    "spectral_centroid": {
        "dmean": 323.277069092,
        "dmean2": 479.10760498,
        "dvar": 199753.71875,
        "dvar2": 363353.53125,
        "max": 10888.0244141,
        "mean": 1303.80102539,
        "median": 1300.03796387,
        "min": 85.3676376343,
        "stdev": 732.114196777,
        "var": 535991.1875
    },
    "spectral_complexity": {
        "dmean": 5.21594429016,
        "dmean2": 7.95120048523,
        "dvar": 34.8380279541,
        "dvar2": 68.6942977905,
        "max": 54,
        "mean": 16.1345710754,
        "median": 15,
        "min": 0,
        "stdev": 8.65452194214,
        "var": 74.9007492065
    },
    "spectral_decrease": {
        "dmean": 4.17968282207e-09,
        "dmean2": 6.12075279349e-09,
        "dvar": 3.0411801455e-17,
        "dvar2": 5.90895676484e-17,
        "max": -1.43156840364e-28,
        "mean": -1.3576891611e-08,
        "median": -8.9948546389e-09,
        "min": -5.43676534903e-08,
        "stdev": 1.17354597151e-08,
        "var": 1.37721005953e-16
    },
    "spectral_energy": {
        "dmean": 0.0163776986301,
        "dmean2": 0.0241463035345,
        "dvar": 0.000445311598014,
        "dvar2": 0.000873287732247,
        "max": 0.207634180784,
        "mean": 0.0533442795277,
        "median": 0.0369384624064,
        "min": 1.08999859216e-20,
        "stdev": 0.0442678071558,
        "var": 0.00195963890292
    },
    "spectral_energyband_high": {
        "dmean": 0.0008010941674,
        "dmean2": 0.00124698923901,
        "dvar": 2.02707883545e-06,
        "dvar2": 4.98376948599e-06,
        "max": 0.0130048878491,
        "mean": 0.00118198909331,
        "median": 0.000689798267558,
        "min": 7.81310943427e-21,
        "stdev": 0.0015610482078,
        "var": 2.43687168222e-06
    },
    "spectral_energyband_low": {
        "dmean": 0.0137260621414,
        "dmean2": 0.0184195246547,
        "dvar": 0.000461365358206,
        "dvar2": 0.000773050123826,
        "max": 0.198091298342,
        "mean": 0.0374973602593,
        "median": 0.0131234060973,
        "min": 7.96109337871e-23,
        "stdev": 0.0451547317207,
        "var": 0.00203894986771
    },
    "spectral_energyband_middle_high": {
        "dmean": 0.0023100792896,
        "dmean2": 0.00370146078058,
        "dvar": 1.20813419926e-05,
        "dvar2": 3.01384588965e-05,
        "max": 0.0379062071443,
        "mean": 0.00552568538114,
        "median": 0.00267636892386,
        "min": 1.75545275299e-21,
        "stdev": 0.00670270249248,
        "var": 4.4926218834e-05
    },
    "spectral_energyband_middle_low": {
        "dmean": 0.00936690345407,
        "dmean2": 0.016192663461,
        "dvar": 0.000531801662873,
        "dvar2": 0.0014512760099,
        "max": 0.167051970959,
        "mean": 0.0104692056775,
        "median": 0.00486686779186,
        "min": 4.62422538115e-22,
        "stdev": 0.0193455871195,
        "var": 0.000374251743779
    },
    "spectral_entropy": {
        "dmean": 0.255498319864,
        "dmean2": 0.349706739187,
        "dvar": 0.0959046110511,
        "dvar2": 0.164433032274,
        "max": 9.81216430664,
        "mean": 7.64331388474,
        "median": 7.80107593536,
        "min": 4.56075763702,
        "stdev": 0.64538782835,
        "var": 0.416525483131
    },
    "spectral_flux": {
        "dmean": 0.0436445176601,
        "dmean2": 0.0598427727818,
        "dvar": 0.00221706437878,
        "dvar2": 0.00342518370599,
        "max": 0.486267626286,
        "mean": 0.113349765539,
        "median": 0.0877878516912,
        "min": 1.04403000134e-10,
        "stdev": 0.0818254947662,
        "var": 0.00669541116804
    },
    "spectral_kurtosis": {
        "dmean": 2.15759158134,
        "dmean2": 3.31216907501,
        "dvar": 25.0606021881,
        "dvar2": 63.0379142761,
        "max": 100.755958557,
        "mean": 4.76986503601,
        "median": 2.76883554459,
        "min": -1.23924255371,
        "stdev": 7.37930822372,
        "var": 54.4541893005
    },
    "spectral_rms": {
        "dmean": 0.00112527189776,
        "dmean2": 0.0016218671808,
        "dvar": 1.68343706264e-06,
        "dvar2": 3.04078162117e-06,
        "max": 0.0142327062786,
        "mean": 0.00660364050418,
        "median": 0.00600312603638,
        "min": 3.26100192856e-12,
        "stdev": 0.00290434062481,
        "var": 8.43519410409e-06
    },
    "spectral_rolloff": {
        "dmean": 645.114868164,
        "dmean2": 1070.3885498,
        "dvar": 1968246.25,
        "dvar2": 4579260,
        "max": 18410.8886719,
        "mean": 1255.18945312,
        "median": 753.662109375,
        "min": 64.599609375,
        "stdev": 1658.3112793,
        "var": 2749996.25
    },
    "spectral_skewness": {
        "dmean": 0.27860674262,
        "dmean2": 0.402531474829,
        "dvar": 0.153173908591,
        "dvar2": 0.323270261288,
        "max": 7.46617078781,
        "mean": 1.62717008591,
        "median": 1.46006000042,
        "min": -0.027208795771,
        "stdev": 0.731068134308,
        "var": 0.534460604191
    },
    "spectral_spread": {
        "dmean": 873209.4375,
        "dmean2": 1314805.75,
        "dvar": 2.06630708838e+12,
        "dvar2": 3.23834452378e+12,
        "max": 41989472,
        "mean": 5878342,
        "median": 5935005.5,
        "min": 677246.625,
        "stdev": 2311472.25,
        "var": 5.34290366464e+12
    },
    "spectral_strongpeak": {
        "dmean": 0.433276236057,
        "dmean2": 0.707563638687,
        "dvar": 0.630444526672,
        "dvar2": 1.53488731384,
        "max": 10.0246982574,
        "mean": 1.08092033863,
        "median": 0.575818657875,
        "min": 3.30568328266e-09,
        "stdev": 1.39281630516,
        "var": 1.93993723392
    },
    "zerocrossingrate": {
        "dmean": 0.0143192633986,
        "dmean2": 0.0163023900241,
        "dvar": 0.000486261764308,
        "dvar2": 0.000631294562481,
        "max": 0.49072265625,
        "mean": 0.0589370205998,
        "median": 0.05419921875,
        "min": 0.001953125,
        "stdev": 0.0451893247664,
        "var": 0.00204207515344
    },
    "barkbands": {
        "dmean": [0.000839350570459, 0.0104977302253, 0.00696117663756, 0.00336501351558, 0.00408509001136, 0.00168596534058, 0.000606092100497, 0.000349125941284, 0.000721645308658, 0.000640352373011, 0.0006384619046, 0.000505944248289, 0.000258384476183, 0.000360413047019, 0.000351427210262, 0.000266805756837, 0.00013200500689, 0.000128479732666, 0.000159696879564, 0.000150408173795, 0.000117864474305, 0.000113622088975, 0.000179747177754, 0.00016479867918, 0.000140906849992, 7.38965973142e-05, 6.27003828413e-06],
        "dmean2": [0.00109957915265, 0.0150195742026, 0.0111123872921, 0.00617382768542, 0.00754730775952, 0.00280009768903, 0.000988637795672, 0.000596666825004, 0.00114765786566, 0.00101307732984, 0.00100193696562, 0.000784327217843, 0.000428010185715, 0.000593767792452, 0.000550175958779, 0.000459670613054, 0.000215148640564, 0.000210294208955, 0.000251322519034, 0.000245570321567, 0.00018312643806, 0.000170864994288, 0.000291489210213, 0.000262685178313, 0.000232013917412, 0.000122190802358, 1.08483882286e-05],
        "dvar": [2.28566159421e-06, 0.000338459416525, 0.000394665083149, 0.00011113796063, 0.000151483793161, 8.47430692374e-06, 1.75893671894e-06, 6.06592209351e-07, 2.70044984063e-06, 2.0607640181e-06, 2.15181307794e-06, 1.88903641174e-06, 2.58602398162e-07, 5.07649076553e-07, 6.87316799031e-07, 3.53332126224e-07, 7.88984806377e-08, 5.96528479946e-08, 1.03017583797e-07, 9.45816509557e-08, 4.16281338289e-08, 4.06825435562e-08, 1.71597733356e-07, 1.08961984324e-07, 9.98435041311e-08, 2.49640077499e-08, 2.3759569312e-10],
        "dvar2": [4.4425228225e-06, 0.000576360733248, 0.000925274507608, 0.000313231343171, 0.000437263603089, 2.18239965761e-05, 4.35779520558e-06, 1.53655184931e-06, 5.71794635107e-06, 4.05035962103e-06, 4.76621517009e-06, 4.50197012469e-06, 5.84531449022e-07, 1.11115934942e-06, 1.33473986352e-06, 8.96555491181e-07, 1.65156663456e-07, 1.49942280814e-07, 2.35929221049e-07, 2.48838773587e-07, 9.20306035823e-08, 8.67435474561e-08, 4.42117396915e-07, 2.71694261755e-07, 2.57690317085e-07, 6.3820017715e-08, 6.39502006905e-10],
        "max": [0.0134352548048, 0.145259305835, 0.133625403047, 0.0801931619644, 0.0861856862903, 0.0254207141697, 0.0235401969403, 0.00945769995451, 0.0307031068951, 0.0249864626676, 0.0236841402948, 0.0294293127954, 0.00944955274463, 0.0153489951044, 0.0179494060576, 0.00921445246786, 0.00654664449394, 0.00294258049689, 0.00385816139169, 0.0035661610309, 0.00283922650851, 0.00199232483283, 0.00467352289706, 0.00302322185598, 0.00361959030852, 0.00178314745426, 0.000156913316459],
        "mean": [0.00146728137042, 0.0280928853899, 0.00668006157503, 0.0025391257368, 0.00326300039887, 0.00204409542494, 0.000827141513582, 0.000376983254682, 0.00125130091328, 0.000890830298886, 0.00138083752245, 0.000942604441661, 0.000331655726768, 0.000506842974573, 0.000550340628251, 0.000309715047479, 0.00017226547061, 0.000179950933671, 0.000248706521234, 0.00024445206509, 0.000174491724465, 0.000154415640282, 0.000222661561565, 0.000197061570361, 0.000191535902559, 9.76841911324e-05, 6.42252416583e-06],
        "median": [0.000266870658379, 0.00732046179473, 0.00150812463835, 0.000489776779432, 0.00094282446662, 0.000638796249405, 0.000293850142043, 9.22125764191e-05, 0.000232661506743, 0.000167573802173, 0.000195187618374, 0.000205441392609, 0.000141760901897, 0.000203095027246, 0.000167029880686, 0.000121379933262, 7.97929096734e-05, 9.66173611232e-05, 0.000101881771116, 9.82706333161e-05, 6.83940161252e-05, 5.67266761209e-05, 9.72328198259e-05, 8.72215896379e-05, 9.60269389907e-05, 4.70102459076e-05, 1.43544070852e-06],
        "min": [1.97543013789e-23, 3.75561215302e-23, 2.40119509228e-23, 8.17473205798e-24, 6.58222446982e-23, 7.99190060587e-23, 6.72326838205e-23, 6.93341587849e-23, 1.58655528553e-22, 1.1027706213e-22, 5.22171740289e-23, 5.12635074588e-23, 5.63458353486e-23, 9.59535947666e-23, 9.41224655899e-23, 2.59601603108e-22, 2.5470763627e-22, 2.40619438783e-22, 4.29708211318e-22, 3.07626722955e-22, 5.66872821163e-22, 4.11383666687e-22, 6.27010376406e-22, 7.51311984413e-22, 1.60411111361e-21, 1.58126479303e-21, 2.20340558786e-21],
        "stdev": [0.00245183496736, 0.0376364253461, 0.0188975129277, 0.00826251320541, 0.00941435992718, 0.00327377766371, 0.00156996701844, 0.0008683843771, 0.00323757110164, 0.00224797683768, 0.00353739294223, 0.00310186785646, 0.000622075574938, 0.000965789018665, 0.00122720119543, 0.000616195029579, 0.000327189802192, 0.000296342303045, 0.000423945981311, 0.00039813114563, 0.000277495884802, 0.000248006545007, 0.000404373044148, 0.000330728944391, 0.000306102825562, 0.000162621960044, 1.47052005559e-05],
        "var": [6.01149486101e-06, 0.00141650042497, 0.000357116019586, 6.82691315887e-05, 8.86301641003e-05, 1.07176201709e-05, 2.46479658017e-06, 7.54091388444e-07, 1.04818673208e-05, 5.05339949086e-06, 1.25131491586e-05, 9.62158446782e-06, 3.86978030065e-07, 9.32748434934e-07, 1.50602284066e-06, 3.79696302844e-07, 1.07053175213e-07, 8.78187691455e-08, 1.79730193395e-07, 1.58508399295e-07, 7.70039676468e-08, 6.15072437427e-08, 1.63517555052e-07, 1.09381637969e-07, 9.3698943715e-08, 2.64458996924e-08, 2.16242912465e-10]
    },
    "erbbands": {
        "dmean": [0.408658474684, 2.44415736198, 7.38028049469, 8.47792434692, 14.9963760376, 12.2841701508, 12.2325296402, 13.4950351715, 9.13108730316, 8.34155845642, 7.94991016388, 14.779715538, 20.305519104, 25.7239952087, 21.9618434906, 15.2388877869, 11.5088253021, 12.3973426819, 19.0969467163, 15.7524394989, 13.4576997757, 7.29366016388, 6.51231002808, 7.71864271164, 7.53195953369, 7.19578123093, 5.40138101578, 4.53493118286, 3.97873282433, 4.82007408142, 5.42114162445, 4.04747104645, 2.43621110916, 1.82515752316, 0.872336566448, 0.354008853436, 0.135682314634, 0.0235025919974, 0.000688940403052, 3.33500647685e-05],
        "dmean2": [0.484385967255, 3.33092308044, 10.961265564, 13.8908462524, 28.0916919708, 22.1038360596, 21.1702098846, 22.459405899, 15.1825647354, 13.5879249573, 13.6666402817, 23.1106529236, 32.6592025757, 40.4826583862, 32.5481987, 23.9137477875, 19.1220703125, 19.9935436249, 30.9068889618, 25.8137588501, 22.8190002441, 11.9185295105, 10.8408842087, 12.3218097687, 12.0750436783, 11.7432909012, 8.26916503906, 7.28099346161, 6.00148534775, 7.76768255234, 8.61678504944, 6.54084396362, 3.91593766212, 3.05835151672, 1.41573274136, 0.583471775055, 0.227388724685, 0.0394757091999, 0.00115578039549, 5.27390766365e-05],
        "dvar": [0.389054834843, 21.2868289948, 375.255065918, 515.705932617, 2634.40161133, 1063.8972168, 576.385864258, 576.818664551, 473.84664917, 313.740875244, 244.055267334, 1301.36120605, 2233.23120117, 2593.27001953, 2370.12817383, 1192.85241699, 488.398376465, 415.556610107, 1280.49133301, 1211.74584961, 814.763427734, 241.969009399, 142.202636719, 204.077331543, 263.052368164, 242.209335327, 87.3683776855, 72.7677612305, 47.4865112305, 131.525726318, 126.166854858, 75.272026062, 23.3670692444, 15.7605047226, 4.30363702774, 0.636164963245, 0.0819829404354, 0.00240196171217, 2.45292790169e-06, 2.0529973277e-09],
        "dvar2": [0.639896333218, 34.052646637, 794.138916016, 1244.5012207, 7628.46484375, 3074.40429688, 1557.37072754, 1424.77697754, 1237.82507324, 641.625, 631.301147461, 2411.32177734, 5266.4375, 5607.05078125, 5043.25, 2821.55273438, 1135.29333496, 983.179138184, 2848.89648438, 2863.76611328, 1898.69677734, 501.649017334, 344.02911377, 476.546173096, 604.99029541, 641.296630859, 200.909500122, 165.55291748, 102.782081604, 342.833618164, 313.939788818, 190.439559937, 57.7985267639, 40.9230690002, 11.0654001236, 1.62297034264, 0.208521649241, 0.00620274664834, 6.47405522614e-06, 5.03193176016e-09],
        "max": [6.77469015121, 39.7504997253, 146.386505127, 172.336456299, 395.36416626, 251.492095947, 167.105712891, 307.630950928, 411.99319458, 369.013916016, 162.843795776, 862.20916748, 691.385986328, 945.470214844, 1020.56591797, 814.129638672, 317.116638184, 237.970062256, 651.00592041, 550.653198242, 552.549316406, 414.656524658, 150.857711792, 186.809005737, 241.833724976, 212.247314453, 83.3649215698, 150.528106689, 57.9190101624, 130.370620728, 130.633377075, 86.3540344238, 51.9147415161, 41.7116241455, 32.984954834, 11.2184476852, 2.57337450981, 0.478807419538, 0.0153864901513, 0.000430047482951],
        "mean": [1.01685643196, 5.39312314987, 8.56385231018, 8.1010761261, 10.9585485458, 10.3392057419, 11.8025226593, 17.6693668365, 12.5080928802, 11.1914548874, 9.32640838623, 27.6144599915, 28.5641727448, 48.4646034241, 50.551486969, 27.6051635742, 15.4548215866, 19.1951274872, 30.8493442535, 23.5069732666, 17.1350669861, 10.1959314346, 9.71375274658, 12.1731672287, 11.851811409, 11.4051303864, 8.45879650116, 6.21461200714, 5.40272045135, 5.66032743454, 6.74769926071, 4.79171466827, 2.99733066559, 2.30778098106, 1.23650193214, 0.484014630318, 0.16940407455, 0.0291551910341, 0.000823661161121, 8.39146159706e-05],
        "median": [0.183834731579, 1.67798316479, 2.47847962379, 1.87192773819, 2.22217321396, 3.17278957367, 3.81343054771, 5.057949543, 5.09428262711, 3.65773129463, 3.12698340416, 5.08688926697, 7.75284767151, 10.8626298904, 8.90475273132, 8.46370315552, 7.43983697891, 10.1148529053, 13.2700901031, 7.66465234756, 7.88138961792, 5.07423019409, 5.38556671143, 6.07749223709, 4.4814748764, 4.71566104889, 3.63526749611, 2.30849504471, 1.98647749424, 2.04929828644, 2.90114760399, 2.16673517227, 1.31842267513, 1.04863405228, 0.628516018391, 0.253302395344, 0.0722323134542, 0.0115358186886, 0.000293874414638, 7.16263675713e-05],
        "min": [1.92779490465e-21, 5.54345144532e-21, 2.07924416233e-20, 3.59818655076e-20, 9.86487649842e-20, 3.14457466151e-19, 5.23772728423e-19, 5.39062179769e-19, 8.59315648773e-19, 8.71238319929e-19, 2.58577300549e-18, 3.07210578163e-18, 2.19287296788e-18, 5.03639627942e-18, 1.03485495528e-18, 2.43755961051e-18, 2.61168423138e-18, 3.93462479072e-18, 6.54399746588e-18, 4.82736567067e-18, 1.58812622648e-17, 1.60603452131e-17, 1.33460521218e-17, 1.88854416289e-17, 1.99035702684e-17, 1.51973609149e-17, 2.11675138249e-17, 2.05325269733e-17, 1.71330231053e-17, 1.78702858765e-17, 1.59657240228e-17, 1.48363395909e-17, 1.45610075609e-17, 1.35922715301e-17, 1.23438938584e-17, 5.94865159079e-18, 3.00628743388e-18, 1.41310303931e-18, 2.97392936909e-19, 3.22943460356e-20],
        "stdev": [1.48214042187, 8.1858663559, 20.967414856, 21.4323501587, 38.8318519592, 25.5326957703, 21.243013382, 31.3625621796, 23.4014053345, 23.888923645, 16.86444664, 84.8879165649, 59.4425010681, 108.974708557, 120.717185974, 75.2954711914, 26.1516780853, 26.9839820862, 54.214214325, 47.5970840454, 32.8446998596, 19.0373744965, 15.0351381302, 19.0168380737, 20.6473503113, 18.9373950958, 12.776889801, 10.9121017456, 8.51032543182, 10.8424510956, 11.8414878845, 8.53809833527, 4.89154148102, 3.81608486176, 2.01345014572, 0.820611178875, 0.28944966197, 0.0505483224988, 0.00154819351155, 5.83742257732e-05],
        "var": [2.19674015045, 67.0084152222, 439.632507324, 459.345672607, 1507.9128418, 651.918518066, 451.265625, 983.610290527, 547.625793457, 570.680664062, 284.409545898, 7205.95800781, 3533.41113281, 11875.4863281, 14572.6386719, 5669.40771484, 683.91027832, 728.135253906, 2939.18115234, 2265.48242188, 1078.77429199, 362.421661377, 226.055374146, 361.640106201, 426.313079834, 358.624938965, 163.248901367, 119.073959351, 72.4256362915, 117.558738708, 140.220840454, 72.8991165161, 23.9271793365, 14.562502861, 4.05398130417, 0.67340272665, 0.0837811008096, 0.00255513307638, 2.39690325543e-06, 3.40755024197e-09]
    },
    "gfcc": {
        "mean": [9.59719657898, 76.6828842163, -94.4551391602, 32.211353302, -43.1784667969, 27.9338874817, -31.9912910461, 12.9930305481, -24.1992874146, 8.25669765472, -13.0069351196, 5.54849624634, -5.92925643921],
        "cov": [[6053.26220703, -1825.20727539, -91.2983703613, -75.1446456909, -1220.72277832, 239.998504639, -549.199279785, 350.618988037, -586.309265137, 143.046585083, -297.64956665, 134.758285522, -402.500427246], [-1825.20727539, 2599.15527344, 532.147460938, 439.699157715, 959.241760254, -268.194793701, 424.825408936, -262.540222168, 455.946990967, -98.7607421875, 239.180221558, -229.68258667, 151.272537231], [-91.2983703613, 532.147460938, 1322.24047852, 325.358734131, 250.247940063, 165.228469849, -13.4784612656, 134.361862183, 99.5385131836, 34.3823013306, 78.1855010986, -117.417304993, -182.294570923], [-75.1446456909, 439.699157715, 325.358734131, 466.134094238, 314.259552002, 39.8297233582, 100.954811096, -11.0199337006, 125.446533203, 10.4081401825, 32.7778930664, -37.6941299438, -4.50306034088], [-1220.72277832, 959.241760254, 250.247940063, 314.259552002, 810.593078613, 24.3999462128, 270.484863281, -99.8094863892, 234.206359863, -18.2692184448, 109.34903717, -57.6383705139, 140.480804443], [239.998504639, -268.194793701, 165.228469849, 39.8297233582, 24.3999462128, 232.6900177, 23.9707431793, 85.7179412842, -28.9753475189, 49.4629440308, 12.6507062912, 15.2332582474, -46.5633201599], [-549.199279785, 424.825408936, -13.4784612656, 100.954811096, 270.484863281, 23.9707431793, 261.265625, -16.2334651947, 111.795959473, 13.8792905807, 74.9394073486, -28.1101226807, 63.2423324585], [350.618988037, -262.540222168, 134.361862183, -11.0199337006, -99.8094863892, 85.7179412842, -16.2334651947, 212.767486572, -10.1208543777, 93.4382781982, 33.6419715881, 16.7608032227, -44.5022239685], [-586.309265137, 455.946990967, 99.5385131836, 125.446533203, 234.206359863, -28.9753475189, 111.795959473, -10.1208543777, 225.751037598, 27.4633026123, 81.0933837891, -15.9295873642, 53.4718894958], [143.046585083, -98.7607421875, 34.3823013306, 10.4081401825, -18.2692184448, 49.4629440308, 13.8792905807, 93.4382781982, 27.4633026123, 133.121582031, 61.9815750122, 21.916601181, -6.10958051682], [-297.64956665, 239.180221558, 78.1855010986, 32.7778930664, 109.34903717, 12.6507062912, 74.9394073486, 33.6419715881, 81.0933837891, 61.9815750122, 146.744659424, 16.7405509949, 37.1352348328], [134.758285522, -229.68258667, -117.417304993, -37.6941299438, -57.6383705139, 15.2332582474, -28.1101226807, 16.7608032227, -15.9295873642, 21.916601181, 16.7405509949, 105.738739014, 33.5886116028], [-402.500427246, 151.272537231, -182.294570923, -4.50306034088, 140.480804443, -46.5633201599, 63.2423324585, -44.5022239685, 53.4718894958, -6.10958051682, 37.1352348328, 33.5886116028, 146.051803589]],
        "icov": [[0.000409474567277, -0.000318591832183, 0.000211481761653, -0.000445923418738, 0.000473150343169, -0.000482435832964, 0.00041795722791, -0.000482671923237, 0.000739539100323, -0.000497688772157, 0.000684049038682, -0.000662356498651, 0.000458515511127], [-0.000318591832183, 0.002339231316, -0.000820983143058, 0.000150249048602, -0.00125136633869, 0.0026800672058, -0.0015803623246, 0.00165206438396, -0.00162192969583, 0.00124706886709, -0.00279128248803, 0.00294394977391, -0.000396492250729], [0.000211481761653, -0.000820983143058, 0.00205243052915, -0.000805643561762, -0.000255846825894, -0.00160229334142, 0.00188246590551, -0.00165250920691, 0.000328002875904, 0.000420392054366, -0.000363954459317, 6.23198939138e-05, 0.00236235465854], [-0.000445923418738, 0.000150249048602, -0.000805643561762, 0.00406550988555, -0.00154393957928, 0.000384688202757, -0.000776944041718, 0.000702844583429, -0.00159153551795, -0.000202640207135, 0.000621079117991, -0.000172778483829, 0.000349559821188], [0.000473150343169, -0.00125136633869, -0.000255846825894, -0.00154393957928, 0.00470973551273, -0.00251561705954, -0.000830572156701, 0.000394749658881, 0.00011443074618, -0.000621248560492, 0.00153747515287, -0.000678635493387, -0.00292180012912], [-0.000482435832964, 0.0026800672058, -0.00160229334142, 0.000384688202757, -0.00251561705954, 0.00979459937662, -0.00344118662179, 0.000316547084367, -2.23796669161e-05, 4.43292155978e-05, -0.00233877054416, 0.000953314709477, 0.0014208672801], [0.00041795722791, -0.0015803623246, 0.00188246590551, -0.000776944041718, -0.000830572156701, -0.00344118662179, 0.00889103114605, -0.00196157069877, 2.62743596977e-05, -0.000204411480809, -0.000674583832733, 0.000596436264459, 0.000384686660254], [-0.000482671923237, 0.00165206438396, -0.00165250920691, 0.000702844583429, 0.000394749658881, 0.000316547084367, -0.00196157069877, 0.0101626068354, -0.00165814452339, -0.00394279230386, -0.00200043315999, 0.00182109500747, -0.000883074942976], [0.000739539100323, -0.00162192969583, 0.000328002875904, -0.00159153551795, 0.00011443074618, -2.23796669161e-05, 2.62743596977e-05, -0.00165814452339, 0.0101751759648, -0.00265398388728, 0.000357783748768, -0.00232333829626, 5.1523627917e-05], [-0.000497688772157, 0.00124706886709, 0.000420392054366, -0.000202640207135, -0.000621248560492, 4.43292155978e-05, -0.000204411480809, -0.00394279230386, -0.00265398388728, 0.0151332430542, -0.00693987123668, 0.00139787711669, 0.000401842582505], [0.000684049038682, -0.00279128248803, -0.000363954459317, 0.000621079117991, 0.00153747515287, -0.00233877054416, -0.000674583832733, -0.00200043315999, 0.000357783748768, -0.00693987123668, 0.0164740420878, -0.00650292867795, -0.0013152732281], [-0.000662356498651, 0.00294394977391, 6.23198939138e-05, -0.000172778483829, -0.000678635493387, 0.000953314709477, 0.000596436264459, 0.00182109500747, -0.00232333829626, 0.00139787711669, -0.00650292867795, 0.0180911216885, -0.00514681497589], [0.000458515511127, -0.000396492250729, 0.00236235465854, 0.000349559821188, -0.00292180012912, 0.0014208672801, 0.000384686660254, -0.000883074942976, 5.1523627917e-05, 0.000401842582505, -0.0013152732281, -0.00514681497589, 0.0158242266625]]
    },
    "melbands": {
        "dmean": [0.0030210011173, 0.00312073715031, 0.00154478079639, 0.000991663895547, 0.000421856617322, 0.000299852952594, 0.000135988724651, 8.66420668899e-05, 6.43580860924e-05, 0.000105727936898, 0.000103906393633, 0.000104414531961, 7.89147816249e-05, 6.42564627924e-05, 2.66843817371e-05, 2.76284590655e-05, 2.45055543928e-05, 3.48283683707e-05, 2.97669575957e-05, 1.8370905309e-05, 1.55437319336e-05, 8.46211969474e-06, 5.67570077692e-06, 7.02552642906e-06, 6.5113722485e-06, 6.46949774818e-06, 5.09146275363e-06, 5.19569539392e-06, 3.80356618734e-06, 3.15442275678e-06, 2.59226817434e-06, 2.23484198614e-06, 2.3765410333e-06, 2.85027499558e-06, 3.04078525915e-06, 2.96677694678e-06, 2.46318791142e-06, 1.74795763996e-06, 1.60327954291e-06, 1.59159606028e-06],
        "dmean2": [0.00395115930587, 0.00411014165729, 0.00245338748209, 0.00183126074262, 0.00074120645877, 0.000498322187923, 0.000225406693062, 0.000142319535371, 0.000110907902126, 0.00016607021098, 0.000164909695741, 0.000163151460583, 0.000118682299217, 9.7925454611e-05, 4.44677316409e-05, 4.44060206064e-05, 3.98168012907e-05, 5.6044307712e-05, 4.51188316219e-05, 3.16321456921e-05, 2.63068195636e-05, 1.3861298612e-05, 9.26871598494e-06, 1.18196203402e-05, 1.04385289887e-05, 1.02679514384e-05, 8.17352702143e-06, 8.56576752994e-06, 6.13628481005e-06, 4.91323771712e-06, 4.27439499617e-06, 3.42233556694e-06, 3.62903256246e-06, 4.75293427371e-06, 4.8249817155e-06, 4.7906837608e-06, 3.99783220928e-06, 2.85367423203e-06, 2.61219361164e-06, 2.71427643384e-06],
        "dvar": [2.17760698433e-05, 4.56396701338e-05, 1.64670891536e-05, 9.74111753749e-06, 7.35380808692e-07, 2.75334457456e-07, 9.4328136413e-08, 3.36505650012e-08, 1.53874939457e-08, 6.72186644124e-08, 5.63935245168e-08, 4.19104964067e-08, 3.09518135566e-08, 3.22335154124e-08, 2.87002044352e-09, 3.34027738802e-09, 1.80836989827e-09, 4.66524729958e-09, 6.53109433202e-09, 1.90250792897e-09, 1.13331122265e-09, 4.52771764525e-10, 1.10106354589e-10, 2.00786220983e-10, 1.60496713142e-10, 1.8929395551e-10, 1.1678084888e-10, 1.3759841877e-10, 4.973587861e-11, 3.8475621994e-11, 2.28926409079e-11, 1.55130821383e-11, 1.99937618545e-11, 5.6691283612e-11, 3.79025109909e-11, 3.61072977073e-11, 2.97561003615e-11, 1.24273195901e-11, 1.081622205e-11, 1.28815812184e-11],
        "dvar2": [3.5719571315e-05, 8.02689683042e-05, 3.86277461075e-05, 2.82069941022e-05, 2.03139256882e-06, 6.91235698014e-07, 2.43196012661e-07, 7.18242674225e-08, 3.97437389665e-08, 1.29883247268e-07, 1.29500165258e-07, 8.77484325201e-08, 6.56082903561e-08, 7.67797772028e-08, 6.8196421843e-09, 7.23113791068e-09, 4.19912504768e-09, 1.06358850616e-08, 1.23052110723e-08, 5.12259790142e-09, 2.68448241414e-09, 9.6788144166e-10, 2.3863216958e-10, 5.30238686292e-10, 3.70789982052e-10, 4.58673460324e-10, 2.87088186557e-10, 3.72686798089e-10, 1.21064852587e-10, 8.55132353816e-11, 5.38778466286e-11, 3.30720312247e-11, 4.51910106558e-11, 1.53427839877e-10, 9.26464599482e-11, 9.18910988967e-11, 7.58432205927e-11, 3.14764637965e-11, 2.63392172656e-11, 3.42012529408e-11],
        "max": [0.0442366078496, 0.0582144521177, 0.0315021574497, 0.0226372685283, 0.00625684205443, 0.00604192260653, 0.00562411313877, 0.0034286705777, 0.00134509045165, 0.00591620104387, 0.00334955542348, 0.00387938995846, 0.00333871180192, 0.00432816147804, 0.000840958266053, 0.00122661620844, 0.000621334242169, 0.00148949678987, 0.00187863025349, 0.000808546610642, 0.000557067513, 0.000597539765295, 0.000196830631467, 0.000170059909578, 0.000176652349182, 0.000204867232242, 0.000154895489686, 0.000173560634721, 8.35702885524e-05, 8.62495071488e-05, 6.6323998908e-05, 3.14042663376e-05, 5.19490822626e-05, 8.94436307135e-05, 7.54488137318e-05, 6.40362559352e-05, 5.23551825609e-05, 3.68399378203e-05, 4.79697919218e-05, 4.05562241212e-05],
        "mean": [0.0083069941029, 0.00521455286071, 0.00151395937428, 0.000772104016505, 0.00040512252599, 0.000388187589124, 0.000189729194972, 0.000113031186629, 7.2596303653e-05, 0.000195371903828, 0.000140869538882, 0.000189506594324, 0.000180818431545, 0.000128686078824, 3.2415795431e-05, 3.63003600796e-05, 3.52781789843e-05, 5.15502833878e-05, 4.44493816758e-05, 2.22280486923e-05, 1.85646276805e-05, 1.03949059849e-05, 8.35554601508e-06, 9.26862321649e-06, 9.87772364169e-06, 9.36884316616e-06, 7.88701072452e-06, 7.67731035012e-06, 5.65659047425e-06, 4.24572226621e-06, 3.3105482089e-06, 3.04223135572e-06, 2.99421935779e-06, 3.14280464409e-06, 3.82600728699e-06, 3.58809552381e-06, 2.72097577181e-06, 2.08343726626e-06, 2.00941144612e-06, 1.92623042494e-06],
        "median": [0.00176340667531, 0.00197464902885, 0.000349314883351, 0.000205522752367, 0.000137097609695, 0.000119708958664, 7.58804744692e-05, 3.26808039972e-05, 2.30181976804e-05, 3.23594795191e-05, 3.32434137817e-05, 3.57213320967e-05, 2.80121585092e-05, 2.32836828218e-05, 1.34143501782e-05, 1.51708854901e-05, 1.656641507e-05, 1.95132615772e-05, 1.20503636936e-05, 7.62942727306e-06, 7.43499640521e-06, 4.73031650472e-06, 3.93397840526e-06, 4.49777417089e-06, 4.47261072622e-06, 3.37811252393e-06, 2.84832049147e-06, 3.10214977617e-06, 2.25818621402e-06, 1.56283908836e-06, 1.24014923131e-06, 1.10509802198e-06, 1.0054232007e-06, 1.12754480597e-06, 1.65057815593e-06, 1.63557206179e-06, 1.1182594335e-06, 9.24815367398e-07, 8.02057229521e-07, 8.63398668116e-07],
        "min": [1.43330173131e-23, 9.47953718307e-24, 7.31648058095e-24, 1.50738791877e-23, 1.73971755277e-23, 1.28413649606e-23, 1.34326572298e-23, 9.44576604771e-24, 2.53339035174e-23, 1.92050743285e-23, 1.06544476826e-23, 2.07410338427e-23, 4.50546664749e-24, 4.78062448668e-24, 6.61041969963e-24, 5.61852453564e-24, 7.64760889022e-24, 1.05778169454e-23, 7.00420762504e-24, 9.36796621866e-24, 1.97992885386e-23, 1.51623499382e-23, 1.45749278205e-23, 1.11537122275e-23, 1.51774850235e-23, 1.74660809501e-23, 8.81381746515e-24, 1.03514588307e-23, 1.50363136313e-23, 1.03845341908e-23, 1.2235396723e-23, 8.55523832675e-24, 9.15815130597e-24, 1.12993398949e-23, 9.27358689996e-24, 8.58874203826e-24, 9.45138983711e-24, 1.0380851788e-23, 1.03716426258e-23, 1.1543770813e-23],
        "stdev": [0.011144564487, 0.00944132450968, 0.003966239281, 0.00237419013865, 0.000731293635909, 0.000654242117889, 0.000339047895977, 0.000243103655521, 0.000131811626488, 0.000585462490562, 0.000305640453007, 0.000435301626567, 0.000453612708952, 0.000435693655163, 6.30700451438e-05, 7.32797707315e-05, 5.52518904442e-05, 0.000100938334072, 0.000114392052637, 4.51941523352e-05, 3.7264850107e-05, 2.3423384846e-05, 1.46963620864e-05, 1.59933060786e-05, 1.67658090504e-05, 1.66214867932e-05, 1.45418816828e-05, 1.37259012263e-05, 9.14556949283e-06, 7.90252488514e-06, 5.68510722587e-06, 4.88725618197e-06, 5.16767386216e-06, 6.62157981424e-06, 6.70590225127e-06, 6.07361380389e-06, 5.23437802258e-06, 3.45072635355e-06, 3.44258501173e-06, 3.30421244144e-06],
        "var": [0.00012420132407, 8.91386152944e-05, 1.57310532813e-05, 5.63677849641e-06, 5.34790387974e-07, 4.28032763011e-07, 1.14953479624e-07, 5.90993849414e-08, 1.7374306438e-08, 3.42766355743e-07, 9.34160908628e-08, 1.8948749414e-07, 2.05764493444e-07, 1.89828952557e-07, 3.97783095352e-09, 5.36992494915e-09, 3.05277136903e-09, 1.01885468951e-08, 1.30855424274e-08, 2.04251149327e-09, 1.38866906862e-09, 5.48654954802e-10, 2.15983050889e-10, 2.55785864711e-10, 2.81092371601e-10, 2.76273809385e-10, 2.11466330557e-10, 1.88400364753e-10, 8.36414340566e-11, 6.24498924795e-11, 3.23204449315e-11, 2.3885273967e-11, 2.67048536062e-11, 4.3845319736e-11, 4.4969122176e-11, 3.68887871638e-11, 2.73987117716e-11, 1.19075123026e-11, 1.18513922634e-11, 1.09178204671e-11]
    },
    "melbands128": {
