{
"lowlevel": {
    "average_loudness": 0.900786280632,
    "barkbands_crest": {
        "dmean": 3.07663154602,
        "dmean2": 4.9779214859,
        "dvar": 7.8010134697,
        "dvar2": 18.6571540833,
        "max": 23.7668399811,
        "mean": 10.9139318466,
        "median": 10.3286399841,
        "min": 2.41833949089,
        "stdev": 4.49649906158,
        "var": 20.2185058594
    },
    "barkbands_flatness_db": {
        "dmean": 0.0242945682257,
        "dmean2": 0.0376873873174,
        "dvar": 0.000563412788324,
        "dvar2": 0.00131771166343,
        "max": 0.316453009844,
        "mean": 0.143778070807,
        "median": 0.14259147644,
        "min": 0.0280404761434,
        "stdev": 0.0454590655863,
        "var": 0.00206652679481
    },
    "barkbands_kurtosis": {
        "dmean": 3.02128720284,
        "dmean2": 4.79167938232,
        "dvar": 23.0974197388,
        "dvar2": 59.721824646,
        "max": 74.1629104614,
        "mean": 3.92481708527,
        "median": 2.18332958221,
        "min": -1.86889410019,
        "stdev": 6.36292028427,
        "var": 40.4867553711
    },
    "barkbands_skewness": {
        "dmean": 0.604534089565,
        "dmean2": 0.933049559593,
        "dvar": 0.366491347551,
        "dvar2": 0.821171224117,
        "max": 6.6336312294,
        "mean": 1.52373218536,
        "median": 1.43811106682,
        "min": -2.3007235527,
        "stdev": 1.14319658279,
        "var": 1.30689847469
    },
    "barkbands_spread": {
        "dmean": 6.57410907745,
        "dmean2": 10.0085659027,
        "dvar": 63.6779518127,
        "dvar2": 139.047744751,
        "max": 83.661315918,
        "mean": 21.7628593445,
        "median": 18.9490089417,
        "min": 1.44164657593,
        "stdev": 13.1467924118,
        "var": 172.838150024
    },
    "dissonance": {
        "dmean": 0.0245375763625,
        "dmean2": 0.0412470288575,
        "dvar": 0.000615318713244,
        "dvar2": 0.00161853595637,
        "max": 0.499592095613,
        "mean": 0.446558505297,
        "median": 0.454827070236,
        "min": 0.30032786727,
        "stdev": 0.0365634188056,
        "var": 0.00133688363712
    },
    "dynamic_complexity": 1.70753955841,
    "erbbands_crest": {
        "dmean": 3.07851552963,
        "dmean2": 4.99222707748,
        "dvar": 9.12181091309,
        "dvar2": 22.58436203,
        "max": 27.8227386475,
        "mean": 10.2877569199,
        "median": 9.15443134308,
        "min": 2.62365937233,
        "stdev": 4.98582267761,
        "var": 24.8584289551
    },
    "erbbands_flatness_db": {
        "dmean": 0.0174356028438,
        "dmean2": 0.0262186266482,
        "dvar": 0.000270687974989,
        "dvar2": 0.000602744636126,
        "max": 0.317761272192,
        "mean": 0.174859523773,
        "median": 0.173397704959,
        "min": 0.0629610568285,
        "stdev": 0.0457756333053,
        "var": 0.00209540873766
    },
    "erbbands_kurtosis": {
        "dmean": 1.2609500885,
        "dmean2": 1.9102241993,
        "dvar": 2.88566637039,
        "dvar2": 6.60398292542,
        "max": 31.1905479431,
        "mean": 1.04967427254,
        "median": 0.154325962067,
        "min": -1.70309793949,
        "stdev": 2.93861246109,
        "var": 8.63544273376
    },
    "erbbands_skewness": {
        "dmean": 0.445626497269,
        "dmean2": 0.657370686531,
        "dvar": 0.191226065159,
        "dvar2": 0.424607306719,
        "max": 4.89283561707,
        "mean": 0.684282064438,
        "median": 0.666015207767,
        "min": -2.24637770653,
        "stdev": 0.894247412682,
        "var": 0.799678385258
    },
    "erbbands_spread": {
        "dmean": 9.38152885437,
        "dmean2": 13.9591550827,
        "dvar": 97.2563095093,
        "dvar2": 217.624664307,
        "max": 125.591629028,
        "mean": 40.1447944641,
        "median": 38.8506965637,
        "min": 4.95497846603,
        "stdev": 19.5855674744,
        "var": 383.594451904
    },
    "hfc": {
        "dmean": 11.2953443527,
        "dmean2": 16.7998924255,
        "dvar": 281.666564941,
        "dvar2": 549.300231934,
        "max": 189.089096069,
        "mean": 33.6093444824,
        "median": 29.4547843933,
        "min": 1.13797645619e-16,
        "stdev": 25.2550926208,
        "var": 637.819702148
    },
    "loudness_ebu128": {
        "integrated": -10.3502178192,
        "loudness_range": 1.65656471252,
        "momentary": {
            "dmean": 0.444959580898,
            "dmean2": 0.595170974731,
            "dvar": 0.199670046568,
            "dvar2": 0.334313929081,
            "max": -7.96745443344,
            "mean": -10.5931987762,
            "median": -10.4130773544,
            "min": -19.5270557404,
            "stdev": 1.67797100544,
            "var": 2.81558680534
        },
        "short_term": {
            "dmean": 0.063587628305,
            "dmean2": 0.0766338855028,
            "dvar": 0.0028137427289,
            "dvar2": 0.00454072002321,
            "max": -9.28170871735,
            "mean": -10.2979078293,
            "median": -10.2753705978,
            "min": -12.4739789963,
            "stdev": 0.615403413773,
            "var": 0.378721356392
        }
    },
    "melbands_crest": {
        "dmean": 3.68235945702,
        "dmean2": 5.89337062836,
        "dvar": 11.7410936356,
        "dvar2": 27.3903102875,
        "max": 33.0176734924,
        "mean": 14.6659202576,
        "median": 13.6394529343,
        "min": 1.9486656189,
        "stdev": 5.93482589722,
        "var": 35.2221565247
    },
    "melbands_flatness_db": {
        "dmean": 0.0293613150716,
        "dmean2": 0.0437302030623,
        "dvar": 0.0009676204063,
        "dvar2": 0.00215536495671,
        "max": 0.453841686249,
        "mean": 0.173104003072,
        "median": 0.164553418756,
        "min": 0.00432390859351,
        "stdev": 0.0681004151702,
        "var": 0.00463766604662
    },
    "melbands_kurtosis": {
        "dmean": 7.46042346954,
        "dmean2": 11.6989078522,
        "dvar": 133.464614868,
        "dvar2": 317.524505615,
        "max": 175.280944824,
        "mean": 13.2067422867,
        "median": 7.68070697784,
        "min": -1.64656972885,
        "stdev": 17.2001667023,
        "var": 295.84576416
    },
    "melbands_skewness": {
        "dmean": 0.775209784508,
        "dmean2": 1.18989050388,
        "dvar": 0.641906797886,
        "dvar2": 1.44015514851,
        "max": 10.4564476013,
        "mean": 2.59199285507,
        "median": 2.2877266407,
        "min": -0.299225181341,
        "stdev": 1.58232390881,
        "var": 2.50374889374
    },
    "melbands_spread": {
        "dmean": 9.35827827454,
        "dmean2": 14.1710796356,
        "dvar": 214.790084839,
        "dvar2": 365.072570801,
        "max": 180.909011841,
        "mean": 26.3445739746,
        "median": 19.2504177094,
        "min": 1.12079739571,
        "stdev": 25.3571662903,
        "var": 642.985900879
    },
    "pitch_salience": {
        "dmean": 0.0765944942832,
        "dmean2": 0.119519919157,
        "dvar": 0.00515555497259,
        "dvar2": 0.0123168351129,
        "max": 0.944662868977,
        "mean": 0.542131900787,
        "median": 0.544467329979,
        "min": 0.119254723191,
        "stdev": 0.134278953075,
        "var": 0.0180308371782
    },
    "silence_rate_20dB": {
        "dmean": 0,
        "dmean2": 0,
        "dvar": 0,
        "dvar2": 0,
        "max": 1,
        "mean": 1,
        "median": 1,
        "min": 1,
        "stdev": 0,
        "var": 0
    },
    "silence_rate_30dB": {
        "dmean": 0.0263157896698,
        "dmean2": 0.0518977530301,
        "dvar": 0.0256232414395,
        "dvar2": 0.0554010979831,
        "max": 1,
        "mean": 0.960556864738,
        "median": 1,
        "min": 0,
        "stdev": 0.194647163153,
        "var": 0.0378875173628
    },
    "silence_rate_60dB": {
        "dmean": 0.00696594407782,
        "dmean2": 0.0139426803216,
        "dvar": 0.00691752927378,
        "dvar2": 0.0137484287843,
        "max": 1,
        "mean": 0.0162412989885,
        "median": 0,
        "min": 0,
        "stdev": 0.126400098205,
        "var": 0.0159769840539
    },
    "spectral_centroid": {
        "dmean": 319.226196289,
        "dmean2": 489.71307373,
        "dvar": 215444.109375,
        "dvar2": 397034.96875,
        "max": 11218.3701172,
        "mean": 1445.92028809,
        "median": 1259.69555664,
        "min": 241.003005981,
        "stdev": 1043.85620117,
        "var": 1089635.875
    },
    "spectral_complexity": {
        "dmean": 3.95820426941,
        "dmean2": 5.86367177963,
        "dvar": 20.7814674377,
        "dvar2": 38.9234046936,
        "max": 58,
        "mean": 19.8530540466,
        "median": 19,
        "min": 0,
        "stdev": 8.90337181091,
        "var": 79.2700271606
    },
    "spectral_decrease": {
        "dmean": 3.45720585493e-09,
        "dmean2": 5.34161825883e-09,
        "dvar": 4.45350038244e-17,
        "dvar2": 1.01828752437e-16,
        "max": 2.05947826007e-28,
        "mean": -8.73774652632e-09,
        "median": -6.7280514493e-09,
        "min": -8.75503332054e-08,
        "stdev": 9.40028588303e-09,
        "var": 8.8365368881e-17
    },
    "spectral_energy": {
        "dmean": 0.0137118278071,
        "dmean2": 0.0211080573499,
        "dvar": 0.000652538379654,
        "dvar2": 0.00148292956874,
        "max": 0.335691094398,
        "mean": 0.0360267236829,
        "median": 0.0285554919392,
        "min": 1.04041646536e-20,
        "stdev": 0.0361315533519,
        "var": 0.00130548910238
    },
    "spectral_energyband_high": {
        "dmean": 0.000992120592855,
        "dmean2": 0.00144440343138,
        "dvar": 4.32945989814e-06,
        "dvar2": 8.45085378387e-06,
        "max": 0.0247943270952,
        "mean": 0.00207349145785,
        "median": 0.00121027813293,
        "min": 7.51438252645e-21,
        "stdev": 0.00290246563964,
        "var": 8.42430745251e-06
    },
    "spectral_energyband_low": {
        "dmean": 0.00664469553158,
        "dmean2": 0.0105017703027,
        "dvar": 0.000547419767827,
        "dvar2": 0.00129476282746,
        "max": 0.311799794436,
        "mean": 0.0106381177902,
        "median": 0.000319019774906,
        "min": 4.05118665906e-23,
        "stdev": 0.0311142038554,
        "var": 0.000968093634583
    },
    "spectral_energyband_middle_high": {
        "dmean": 0.00274470751174,
        "dmean2": 0.00417970400304,
        "dvar": 1.31402121042e-05,
        "dvar2": 2.99792773149e-05,
        "max": 0.0548434369266,
        "mean": 0.0072239539586,
        "median": 0.00501547101885,
        "min": 1.24419808401e-21,
        "stdev": 0.00711235636845,
        "var": 5.05856114614e-05
    },
    "spectral_energyband_middle_low": {
        "dmean": 0.00738150253892,
        "dmean2": 0.0117424875498,
        "dvar": 9.2455666163e-05,
        "dvar2": 0.000232114849496,
        "max": 0.0988825708628,
        "mean": 0.01719314605,
        "median": 0.015144418925,
        "min": 1.87193840288e-22,
        "stdev": 0.0121980486438,
        "var": 0.000148792387336
    },
    "spectral_entropy": {
        "dmean": 0.184527620673,
        "dmean2": 0.264686346054,
        "dvar": 0.0436941720545,
        "dvar2": 0.0889264941216,
        "max": 9.82734775543,
        "mean": 7.64495515823,
        "median": 7.63819122314,
        "min": 6.22984743118,
        "stdev": 0.467426925898,
        "var": 0.218487918377
    },
    "spectral_flux": {
        "dmean": 0.031985104084,
        "dmean2": 0.0496093779802,
        "dvar": 0.00150915374979,
        "dvar2": 0.00326850404963,
        "max": 0.452887326479,
        "mean": 0.0996702536941,
        "median": 0.0877401232719,
        "min": 6.27714685786e-11,
        "stdev": 0.0594081282616,
        "var": 0.00352932559326
    },
    "spectral_kurtosis": {
        "dmean": 1.26854085922,
        "dmean2": 1.99598026276,
        "dvar": 4.907558918,
        "dvar2": 12.2750654221,
        "max": 36.3406600952,
        "mean": 2.91644072533,
        "median": 2.07732391357,
        "min": -1.25865459442,
        "stdev": 3.4883441925,
        "var": 12.1685447693
    },
    "spectral_rms": {
        "dmean": 0.000997279305011,
        "dmean2": 0.0014883762924,
        "dvar": 1.56689077357e-06,
        "dvar2": 3.1050067264e-06,
        "max": 0.0180970579386,
        "mean": 0.00546113355085,
        "median": 0.0052781640552,
        "min": 3.18596993405e-12,
        "stdev": 0.00230739614926,
        "var": 5.32407693754e-06
    },
    "spectral_rolloff": {
        "dmean": 708.912841797,
        "dmean2": 1180.6907959,
        "dvar": 1628097.125,
        "dvar2": 3171546.25,
        "max": 19487.5488281,
        "mean": 2055.4152832,
        "median": 1464.2578125,
        "min": 64.599609375,
        "stdev": 2333.47216797,
        "var": 5445092.5
    },
    "spectral_skewness": {
        "dmean": 0.222954615951,
        "dmean2": 0.329796433449,
        "dvar": 0.0741568431258,
        "dvar2": 0.167579069734,
        "max": 4.63460969925,
        "mean": 1.36380600929,
        "median": 1.2839782238,
        "min": -0.0277331508696,
        "stdev": 0.552989661694,
        "var": 0.305797576904
    },
    "spectral_spread": {
        "dmean": 615292.75,
        "dmean2": 906755.0625,
        "dvar": 1.83328715571e+12,
        "dvar2": 3.63802315981e+12,
        "max": 46926568,
        "mean": 5711577,
        "median": 5272751,
        "min": 1485296.375,
        "stdev": 3457953.75,
        "var": 1.19574448046e+13
    },
    "spectral_strongpeak": {
        "dmean": 0.694605767727,
        "dmean2": 1.15722596645,
        "dvar": 0.912226140499,
        "dvar2": 2.3668885231,
        "max": 10.0745611191,
        "mean": 1.57863581181,
        "median": 1.14345109463,
        "min": 0,
        "stdev": 1.34593713284,
        "var": 1.81154668331
    },
    "zerocrossingrate": {
        "dmean": 0.0149904610589,
        "dmean2": 0.0167759209871,
        "dvar": 0.000381546618883,
        "dvar2": 0.000368187378626,
        "max": 0.51416015625,
        "mean": 0.0795788913965,
        "median": 0.0693359375,
        "min": 0.0068359375,
        "stdev": 0.0576927401125,
        "var": 0.0033284521196
    },
    "barkbands": {
        "dmean": [0.00035270085209, 0.00550912460312, 0.00138547434472, 0.00143913412467, 0.00134572561365, 0.00220515299588, 0.00210001668893, 0.00195072719362, 0.00130631646607, 0.000940304889809, 0.000586504873354, 0.000420691416366, 0.000568183604628, 0.000732852320652, 0.000534194521606, 0.000362906168448, 0.000275170401437, 0.000221457739826, 0.00015624264779, 0.000197020941414, 0.000233875296544, 0.00028886354994, 0.000238968947087, 0.000208444544114, 0.000121748518723, 3.06307447318e-05, 1.47557125274e-06],
        "dmean2": [0.000592070748098, 0.00918952189386, 0.00246573332697, 0.00247445609421, 0.00207955553196, 0.0034538959153, 0.00335788540542, 0.00299260835163, 0.00214133970439, 0.00145701318979, 0.00100114871748, 0.000669959059451, 0.000933809846174, 0.00118095963262, 0.000830289034639, 0.000577455968596, 0.000430531683378, 0.000339882011758, 0.000258366315393, 0.000334713899065, 0.000371971342247, 0.000442331482191, 0.000360910082236, 0.000302185420878, 0.000176878005732, 4.69149454148e-05, 2.58618456428e-06],
        "dvar": [2.61666104961e-06, 0.000504043884575, 3.5659486457e-05, 2.4674263841e-05, 7.54822940507e-06, 1.36863591251e-05, 1.38006589623e-05, 1.49719153342e-05, 7.65227377997e-06, 3.80911114917e-06, 2.49337767855e-06, 7.74823092797e-07, 2.11154952012e-06, 2.55063991972e-06, 1.42809869885e-06, 5.36308107257e-07, 2.63732431449e-07, 1.3841928137e-07, 1.47670647266e-07, 1.86792163959e-07, 3.2462537547e-07, 2.76028828239e-07, 2.76015157397e-07, 1.8023771986e-07, 8.37162588141e-08, 6.18830631183e-09, 1.81043426778e-11],
        "dvar2": [6.53861752653e-06, 0.00131506437901, 0.000100155448308, 6.99500160408e-05, 1.65851579368e-05, 3.12077354465e-05, 3.45105472661e-05, 3.13110067509e-05, 2.02483261091e-05, 8.97186328075e-06, 6.87725378157e-06, 1.82738222065e-06, 4.8120309657e-06, 6.21187746219e-06, 3.37255573868e-06, 1.3456671013e-06, 5.41112228802e-07, 3.07350660478e-07, 3.77484582259e-07, 5.31801674697e-07, 7.60862405969e-07, 6.04924139225e-07, 5.5439653579e-07, 3.39745838573e-07, 1.4178129959e-07, 1.33340218866e-08, 5.1608044227e-11],
        "max": [0.0184733867645, 0.295493841171, 0.0860638692975, 0.0485566183925, 0.0314081870019, 0.043762370944, 0.0324959531426, 0.0412168316543, 0.0535856708884, 0.0344634577632, 0.0244445987046, 0.0125702694058, 0.0188893731683, 0.0195447802544, 0.0202043000609, 0.0107595799491, 0.010266280733, 0.00441125873476, 0.00741892075166, 0.00579456659034, 0.00841070059687, 0.00555006600916, 0.00831528380513, 0.00541790900752, 0.00438375258818, 0.00120643572882, 5.04377821926e-05],
        "mean": [0.000305533001665, 0.00802805274725, 0.00156386801973, 0.00162195088342, 0.00228039897047, 0.00395506247878, 0.00325386086479, 0.0032424533274, 0.00207734084688, 0.00153147440869, 0.00107245682739, 0.000675644376315, 0.000820631044917, 0.00102099007927, 0.000787945929915, 0.000572500983253, 0.000426371785579, 0.00034050719114, 0.000236714433413, 0.000287043018034, 0.000389475288102, 0.000525163311977, 0.000417777540861, 0.00035598030081, 0.000194657332031, 4.14084352087e-05, 1.47770924741e-06],
        "median": [1.24121697809e-07, 0.000106978463009, 8.47851770232e-05, 0.000222850270802, 0.000723360921256, 0.0016444461653, 0.00148948375136, 0.00143324467354, 0.000743721204344, 0.000514400948305, 0.000244319468038, 0.000245633476879, 0.000187181300134, 0.000213830309804, 0.00022451399127, 0.000162384501891, 0.000184321979759, 0.000155751302373, 9.56966687227e-05, 0.000137265524245, 0.000182455696631, 0.000350523245288, 0.000224870382226, 0.000164204873727, 5.26670773979e-05, 9.00623672351e-06, 1.26497937458e-07],
        "min": [4.64930399507e-24, 8.12806462455e-24, 6.93068578867e-24, 7.9812824592e-25, 4.26066575366e-24, 1.38928076844e-23, 1.29215936923e-23, 6.38068565466e-24, 3.94784051623e-23, 3.3090588205e-23, 5.85829123472e-23, 1.91792769992e-23, 1.82579884361e-23, 2.76820600201e-23, 5.81686783304e-23, 5.56525843851e-23, 6.00830165554e-23, 1.42292016402e-22, 2.12116442773e-22, 2.45985308526e-22, 3.31774121295e-22, 3.75623301811e-22, 5.19839192189e-22, 5.99690040665e-22, 1.03832189703e-21, 1.40061610011e-21, 2.19626348104e-21],
        "stdev": [0.00154754647519, 0.0259988326579, 0.00560473371297, 0.00452300347388, 0.00401305779815, 0.00533600663766, 0.00461639510468, 0.00566377351061, 0.00401591323316, 0.00288689695299, 0.0026527128648, 0.00127163622528, 0.00177931343205, 0.00215974054299, 0.00164038559888, 0.00100819522049, 0.000718106050044, 0.000491243146826, 0.000470243656309, 0.000466244790005, 0.000649065652397, 0.00067522819154, 0.000693069654517, 0.000619396509137, 0.000430442334618, 9.73601345322e-05, 4.19874368163e-06],
        "var": [2.39490009335e-06, 0.000675939314533, 3.14130411425e-05, 2.04575608223e-05, 1.61046336871e-05, 2.84729667328e-05, 2.131110341e-05, 3.20783328789e-05, 1.61275602295e-05, 8.33417379908e-06, 7.03688601789e-06, 1.6170587287e-06, 3.16595628647e-06, 4.66447909275e-06, 2.69086490334e-06, 1.01645753148e-06, 5.15676276791e-07, 2.41319810357e-07, 2.21129084821e-07, 2.17384211965e-07, 4.21286216579e-07, 4.55933133026e-07, 4.80345534015e-07, 3.8365200794e-07, 1.85280597975e-07, 9.47899625459e-09, 1.76294499832e-11]
    },
    "erbbands": {
        "dmean": [0.171836942434, 1.23758149147, 1.61257374287, 3.35327458382, 4.54141139984, 4.46471214294, 6.15986824036, 23.0242786407, 28.404132843, 37.2623138428, 35.0098876953, 30.722820282, 32.7389831543, 21.0986652374, 20.1901226044, 17.9431056976, 22.378742218, 39.4748153687, 26.6358718872, 23.7174625397, 16.2789726257, 14.0853557587, 12.7068662643, 6.85096693039, 8.94527435303, 8.90662384033, 8.38406658173, 10.2412128448, 10.6696596146, 9.29187774658, 6.42226028442, 4.56814861298, 3.37305450439, 1.61733210087, 0.77481174469, 0.241184532642, 0.0329642035067, 0.00404163682833, 0.000141737691592, 2.0063638658e-05],
        "dmean2": [0.252672016621, 2.13783788681, 2.62293291092, 5.87873268127, 7.11380767822, 7.00836467743, 10.0473890305, 36.2091178894, 45.2404899597, 59.4464912415, 53.7656173706, 50.2956581116, 51.4871826172, 32.2792472839, 33.8077659607, 28.2410984039, 35.9029312134, 61.284740448, 41.5533943176, 35.9800987244, 25.5285835266, 21.7388801575, 19.6950550079, 10.779747963, 14.9995641708, 15.0969676971, 13.1734876633, 16.5091991425, 16.3788223267, 13.9375391006, 9.74316596985, 6.70102643967, 4.93501806259, 2.29665660858, 1.16412210464, 0.363242000341, 0.0510163679719, 0.00666505238041, 0.000233353988733, 3.06214024022e-05],
        "dvar": [0.428395032883, 29.8732852936, 53.073928833, 161.980377197, 123.199317932, 124.515525818, 261.340881348, 1724.00695801, 2352.44262695, 7322.03710938, 5720.04199219, 5232.83300781, 3427.26171875, 4270.97021484, 3406.37695312, 1417.29467773, 2613.07446289, 8785.43652344, 3012.9206543, 3423.33666992, 792.246032715, 599.516113281, 437.634033203, 290.273498535, 476.712036133, 397.095336914, 290.268585205, 689.295654297, 374.213287354, 353.929473877, 210.365203857, 90.8572311401, 51.6545944214, 16.8791999817, 3.26988768578, 0.365250140429, 0.00719804223627, 9.9388336821e-05, 1.32640039396e-07, 1.03504083082e-09],
        "dvar2": [0.952091038227, 81.4686203003, 129.39654541, 467.279571533, 307.91519165, 270.088195801, 682.402832031, 3930.75219727, 5728.33349609, 18894.4277344, 12199.6982422, 14340.9482422, 8233.18359375, 9575.36621094, 9172.64941406, 3263.05200195, 6106.66015625, 20805.578125, 7118.60498047, 7841.35107422, 1875.91418457, 1421.44128418, 971.060302734, 680.651489258, 1305.51818848, 1119.1887207, 689.773010254, 1647.52746582, 841.297424316, 717.522583008, 428.507019043, 179.374938965, 98.4725570679, 29.3365192413, 6.40754413605, 0.77161192894, 0.0151981739327, 0.000253668724326, 3.53275623866e-07, 2.23384111209e-09],
        "max": [7.11121273041, 69.501914978, 106.682006836, 137.198501587, 142.447311401, 186.336624146, 252.719451904, 562.995361328, 539.555175781, 957.602478027, 942.963500977, 1560.6895752, 756.361633301, 1626.71533203, 902.961181641, 582.041259766, 742.620544434, 1065.87902832, 872.380187988, 1148.53942871, 356.458648682, 280.741455078, 250.13053894, 398.460510254, 248.393844604, 279.560272217, 226.55229187, 397.802490234, 194.165054321, 212.252563477, 242.899475098, 127.724739075, 88.443687439, 70.998626709, 24.6913070679, 8.46246147156, 1.52359127998, 0.0924604311585, 0.0038028662093, 0.000432794447988],
        "mean": [0.220991805196, 1.77830970287, 2.34154629707, 3.77056646347, 7.26426172256, 7.23309707642, 9.97826957703, 40.6190948486, 49.8908843994, 64.4808425903, 57.8890533447, 51.7547912598, 55.7670707703, 37.494758606, 37.9200897217, 30.7384204865, 36.7901496887, 57.5874977112, 43.4607391357, 37.3342514038, 28.951335907, 23.4950714111, 20.4437007904, 11.4378929138, 13.5424909592, 13.5380563736, 13.8803501129, 16.7168083191, 18.7905769348, 17.1624507904, 11.0833053589, 7.85055732727, 5.45672512054, 2.57834172249, 1.16505622864, 0.332232892513, 0.0475591719151, 0.00544627616182, 0.000207839111681, 5.40104629181e-05],
        "median": [0.00103265896905, 0.0304124541581, 0.107021041214, 0.490451157093, 1.10960412025, 2.46298098564, 4.33914470673, 16.1328353882, 23.853767395, 28.2204151154, 21.8153705597, 20.3485832214, 21.1818447113, 12.2381324768, 9.78266811371, 11.540760994, 10.527384758, 12.5361967087, 13.9963798523, 12.9484558105, 9.86571407318, 11.6220502853, 9.73583126068, 5.19217061996, 6.23566532135, 6.27458763123, 6.15832662582, 7.77039051056, 12.0645990372, 10.5997228622, 5.7760643959, 3.67681050301, 2.28522396088, 0.802852511406, 0.277979433537, 0.0708768814802, 0.0112095754594, 0.00119744311087, 5.40076180187e-05, 4.15633039665e-05],
        "min": [2.87555450953e-22, 2.33431257435e-21, 1.17912932265e-20, 5.55148697183e-21, 3.1987733447e-20, 1.7177542793e-20, 6.77025488637e-20, 1.18281618942e-19, 1.9413616199e-19, 2.41070364096e-19, 2.59158296702e-19, 7.00320833391e-19, 6.9217082961e-19, 2.03225682679e-18, 1.75127866876e-18, 1.67089263644e-18, 1.12324726875e-18, 2.25212929183e-18, 4.21338879306e-18, 3.11646851186e-18, 2.42400791054e-18, 4.65438607457e-18, 8.71656956037e-18, 1.04554628538e-17, 1.03235614605e-17, 1.06687124973e-17, 1.12719149338e-17, 1.4123475339e-17, 1.33412511656e-17, 1.56084597532e-17, 1.33638075537e-17, 1.18570219673e-17, 1.12383446358e-17, 1.01047209033e-17, 7.78950606167e-18, 4.67150085503e-18, 2.96670849593e-18, 1.1377300639e-18, 2.83337871681e-19, 2.94263008255e-20],
        "stdev": [0.794546484947, 5.91565465927, 7.92532730103, 11.1633043289, 14.8251180649, 15.7138776779, 18.1710166931, 59.4820137024, 68.3204650879, 120.037002563, 97.0000534058, 106.769508362, 87.325302124, 91.1951293945, 95.0118942261, 53.0162086487, 68.5470352173, 124.693389893, 79.5079193115, 77.3282394409, 43.562335968, 32.4532928467, 27.7787532806, 21.8051528931, 24.8999500275, 21.7099151611, 21.2755737305, 28.6103820801, 24.1991481781, 24.8253822327, 18.9724464417, 13.3531064987, 10.2761449814, 5.88931274414, 2.55948400497, 0.772172927856, 0.107683248818, 0.0113304266706, 0.000405971077271, 4.73862601211e-05],
        "var": [0.631304085255, 34.9949684143, 62.8108139038, 124.619369507, 219.784118652, 246.925964355, 330.185821533, 3538.11010742, 4667.68554688, 14408.8818359, 9409.00976562, 11399.7275391, 7625.70898438, 8316.55175781, 9027.26074219, 2810.71826172, 4698.69580078, 15548.4423828, 6321.50878906, 5979.65625, 1897.67712402, 1053.21630859, 771.659118652, 475.464660645, 620.007507324, 471.32043457, 452.650024414, 818.554016113, 585.598815918, 616.299560547, 359.953735352, 178.305465698, 105.599151611, 34.6840057373, 6.55095863342, 0.596251070499, 0.011595682241, 0.000128378567751, 1.64812504977e-07, 2.24545781968e-09]
    },
    "gfcc": {
        "mean": [11.0182762146, 67.1386566162, -131.924377441, 18.7993030548, -92.0178985596, 11.1320667267, -50.0130233765, 3.72839522362, -16.0426807404, 4.21412467957, -17.2416667938, -1.60602879524, -12.4707717896],
        "cov": [[15884.3945312, -486.961242676, -918.377929688, 634.774353027, -812.648193359, 643.103759766, -678.729797363, 522.610351562, -237.991531372, 211.245132446, -329.677185059, 147.750946045, -102.691772461], [-486.961242676, 1504.66906738, 232.89364624, -74.0718765259, 421.730651855, -91.2598724365, 326.541107178, -51.6558265686, 88.9033126831, -155.821960449, 143.376083374, -31.2010593414, -71.8695602417], [-918.377929688, 232.89364624, 1310.66088867, 356.271209717, 551.054443359, 225.162780762, 222.228500366, 321.564300537, 54.949836731, 13.8785581589, 42.8767127991, 121.09186554, -46.4208221436], [634.774353027, -74.0718765259, 356.271209717, 510.80871582, 143.060134888, 0.863795042038, -76.8371429443, 147.263092041, 71.0641174316, 14.6798353195, -19.7860374451, 54.6764221191, 43.4257469177], [-812.648193359, 421.730651855, 551.054443359, 143.060134888, 614.200195312, 105.713401794, 183.929641724, 158.253738403, 60.970539093, -33.9802017212, 26.2750511169, 57.6749038696, -19.6855564117], [643.103759766, -91.2598724365, 225.162780762, 0.863795042038, 105.713401794, 353.046203613, 130.395843506, 140.185256958, -15.9923191071, 72.5091629028, 9.76062202454, 36.0144309998, -36.9702835083], [-678.729797363, 326.541107178, 222.228500366, -76.8371429443, 183.929641724, 130.395843506, 347.267120361, 64.0543518066, 19.4670181274, 5.64454460144, 82.2358169556, 5.86795902252, -55.2434043884], [522.610351562, -51.6558265686, 321.564300537, 147.263092041, 158.253738403, 140.185256958, 64.0543518066, 254.336639404, 49.4855918884, 28.0715312958, -4.32682704926, 60.6781387329, -17.59167099], [-237.991531372, 88.9033126831, 54.949836731, 71.0641174316, 60.970539093, -15.9923191071, 19.4670181274, 49.4855918884, 155.444488525, 27.0409851074, 3.60764980316, 4.29765033722, 26.5393047333], [211.245132446, -155.821960449, 13.8785581589, 14.6798353195, -33.9802017212, 72.5091629028, 5.64454460144, 28.0715312958, 27.0409851074, 116.442565918, 12.3019895554, -5.20396375656, 7.84219455719], [-329.677185059, 143.376083374, 42.8767127991, -19.7860374451, 26.2750511169, 9.76062202454, 82.2358169556, -4.32682704926, 3.60764980316, 12.3019895554, 109.93208313, 5.29017829895, -12.1584196091], [147.750946045, -31.2010593414, 121.09186554, 54.6764221191, 57.6749038696, 36.0144309998, 5.86795902252, 60.6781387329, 4.29765033722, -5.20396375656, 5.29017829895, 97.331817627, 18.5110626221], [-102.691772461, -71.8695602417, -46.4208221436, 43.4257469177, -19.6855564117, -36.9702835083, -55.2434043884, -17.59167099, 26.5393047333, 7.84219455719, -12.1584196091, 18.5110626221, 90.6925582886]],
        "icov": [[0.000229275014135, -0.000494959065691, 0.000410945853218, -0.000483255716972, 0.000453454937087, -0.000566275557503, 0.000540933862794, -0.000817888183519, 0.000718004070222, -0.000702427176293, 0.000714686117135, -0.000512301165145, 0.000398560136091], [-0.000494959065691, 0.00261755753309, -0.000866603746545, 0.00108669965994, -0.00182432204019, 0.00146542419679, -0.00196387688629, 0.00253012706526, -0.002679963829, 0.00341974082403, -0.00288374000229, 0.00163113616873, -0.000185154480278], [0.000410945853218, -0.000866603746545, 0.00252916524187, -0.00170743674971, -0.00019782356685, -0.00114558916539, 0.000484791176859, -0.00225291913375, 0.00167344720103, -0.00148707674816, 0.00110789015889, -0.00164535141084, 0.00136229558848], [-0.000483255716972, 0.00108669965994, -0.00170743674971, 0.00436645653099, -0.0011158506386, 0.00170468096621, 0.000151682281285, 0.000382899685064, -0.00217286124825, 0.00137415295467, -0.00175714143552, 0.00117942888755, -0.00199065962806], [0.000453454937087, -0.00182432204019, -0.00019782356685, -0.0011158506386, 0.00445431098342, -0.00145764637273, 0.000511693535373, -0.00226211710833, 0.00121670297813, -0.000968131003901, 0.00235023023561, -0.00136709888466, 6.81312812958e-05], [-0.000566275557503, 0.00146542419679, -0.00114558916539, 0.00170468096621, -0.00145764637273, 0.00678507238626, -0.00296897534281, -0.000127777559101, -9.0568086307e-05, -0.00142089289147, -0.000787589058746, 0.000439009541878, -0.000312122399919], [0.000540933862794, -0.00196387688629, 0.000484791176859, 0.000151682281285, 0.000511693535373, -0.00296897534281, 0.00733841164038, -0.00247109378688, 0.00108516716864, -0.00175733445212, -0.00101125147194, -0.000706437509507, 0.00196625525132], [-0.000817888183519, 0.00253012706526, -0.00225291913375, 0.000382899685064, -0.00226211710833, -0.000127777559101, -0.00247109378688, 0.0118163600564, -0.00533106084913, 0.003100840142, -0.0019342781743, -0.000912217190489, 0.00120489636902], [0.000718004070222, -0.002679963829, 0.00167344720103, -0.00217286124825, 0.00121670297813, -9.0568086307e-05, 0.00108516716864, -0.00533106084913, 0.0118834702298, -0.00621129386127, 0.003445987124, -0.000932494760491, -0.00184771732893], [-0.000702427176293, 0.00341974082403, -0.00148707674816, 0.00137415295467, -0.000968131003901, -0.00142089289147, -0.00175733445212, 0.003100840142, -0.00621129386127, 0.0168057195842, -0.00606827018782, 0.00441755866632, -0.00211361260153], [0.000714686117135, -0.00288374000229, 0.00110789015889, -0.00175714143552, 0.00235023023561, -0.000787589058746, -0.00101125147194, -0.0019342781743, 0.003445987124, -0.00606827018782, 0.0153557136655, -0.00382898189127, 0.00148682366125], [-0.000512301165145, 0.00163113616873, -0.00164535141084, 0.00117942888755, -0.00136709888466, 0.000439009541878, -0.000706437509507, -0.000912217190489, -0.000932494760491, 0.00441755866632, -0.00382898189127, 0.0157013870776, -0.00524663552642], [0.000398560136091, -0.000185154480278, 0.00136229558848, -0.00199065962806, 6.81312812958e-05, -0.000312122399919, 0.00196625525132, 0.00120489636902, -0.00184771732893, -0.00211361260153, 0.00148682366125, -0.00524663552642, 0.0162939280272]]
    },
    "melbands": {
        "dmean": [0.00151121045928, 0.00103424012195, 0.000585466215853, 0.000306685571559, 0.000209179663216, 0.000505385920405, 0.000424921046942, 0.000408512743888, 0.000271926663117, 0.000198555004317, 0.000163014847203, 8.72309246915e-05, 7.37085574656e-05, 4.84122865601e-05, 4.65376542707e-05, 6.42330487608e-05, 7.84303265391e-05, 4.47590828117e-05, 3.76975804102e-05, 3.15086654155e-05, 1.90161990758e-05, 1.56616333697e-05, 1.52621687448e-05, 9.29153611651e-06, 5.48187699678e-06, 6.52640210319e-06, 7.20852267477e-06, 5.93040340391e-06, 5.18074739375e-06, 5.99867553319e-06, 6.35540436633e-06, 6.2190947574e-06, 6.25961274636e-06, 5.3886542446e-06, 4.38817187387e-06, 2.56825614997e-06, 3.1477459288e-06, 2.6891507332e-06, 1.87700436527e-06, 1.29348427436e-06],
        "dmean2": [0.00238872482441, 0.001683455077, 0.000994997215457, 0.000468426995212, 0.000338897574693, 0.000792948063463, 0.000677010160871, 0.000644749437924, 0.000412766123191, 0.000328444468323, 0.000255626597209, 0.000134042667923, 0.000124834521557, 7.66042940086e-05, 7.21393662388e-05, 0.000104828541225, 0.000123375561088, 7.05041602487e-05, 5.78329745622e-05, 4.93341540277e-05, 3.02612261294e-05, 2.42700189119e-05, 2.42127043748e-05, 1.41978198371e-05, 8.84574455995e-06, 1.05341459857e-05, 1.24786911329e-05, 9.96994185698e-06, 8.28973861644e-06, 9.52611662797e-06, 1.03489846879e-05, 9.63119236985e-06, 9.76261344476e-06, 8.1078551375e-06, 6.77832895235e-06, 3.95663619202e-06, 4.65377115688e-06, 4.03029252993e-06, 2.68033795692e-06, 1.87333387203e-06],
        "dvar": [3.40310762112e-05, 2.02406972676e-05, 3.96745008402e-06, 4.08592313761e-07, 2.68972058848e-07, 7.31716397695e-07, 4.77382229747e-07, 8.1849492517e-07, 3.48576293163e-07, 2.32372286746e-07, 8.63333511347e-08, 7.39312895348e-08, 4.18966372706e-08, 1.12963158827e-08, 1.01438404343e-08, 3.13278114561e-08, 3.28488738432e-08, 9.03851660183e-09, 7.71095631791e-09, 4.87635043456e-09, 1.26370736098e-09, 7.47934381096e-10, 8.53335679896e-10, 2.93942536977e-10, 2.20743340273e-10, 2.54265497546e-10, 3.1692407032e-10, 1.69132957639e-10, 1.08669594157e-10, 1.84441489859e-10, 2.85269502465e-10, 1.23333385171e-10, 1.34582664457e-10, 1.21225751659e-10, 9.74579444923e-11, 3.17671132455e-11, 4.19481151204e-11, 3.04351231717e-11, 2.19030973914e-11, 1.08515661734e-11],
        "dvar2": [8.26298783068e-05, 4.98591107316e-05, 1.13308205982e-05, 9.1908077593e-07, 6.77599700794e-07, 1.67995960965e-06, 1.17427623536e-06, 2.03406102628e-06, 7.51052994019e-07, 6.34971343061e-07, 2.09411552987e-07, 1.63284127552e-07, 1.16166845032e-07, 2.71683688879e-08, 2.14868922654e-08, 7.35218534942e-08, 7.73410206989e-08, 2.10377599785e-08, 1.73274194992e-08, 1.16646932113e-08, 2.77945089167e-09, 1.6539460912e-09, 2.16340811932e-09, 6.44198361321e-10, 5.55706036742e-10, 6.01584448923e-10, 9.38095046088e-10, 4.58353854871e-10, 2.6645616269e-10, 4.253877528e-10, 7.10089320677e-10, 2.87836476875e-10, 2.94514135302e-10, 2.4641949592e-10, 2.0561374825e-10, 6.41719316574e-11, 8.85717887922e-11, 6.12351072626e-11, 4.30589487677e-11, 1.98983329813e-11],
        "max": [0.0754266306758, 0.0553845874965, 0.0204209666699, 0.00757822580636, 0.00706622749567, 0.0107692386955, 0.00758972158656, 0.00994463358074, 0.00740671437234, 0.0105346525088, 0.00374080566689, 0.00676471786574, 0.00272625451908, 0.0016459900653, 0.00158820359502, 0.00258081592619, 0.00241396413185, 0.00173806562088, 0.00153469643556, 0.00103020796087, 0.000591020798311, 0.00043035892304, 0.000449345185189, 0.000197445522645, 0.000362056918675, 0.000248654570896, 0.00018594233552, 0.00017791580467, 0.000124114390928, 0.000180628951057, 0.00027656526072, 0.000128537329147, 0.000135418973514, 0.000157228947501, 0.000168185884831, 7.57531743147e-05, 7.8213372035e-05, 6.43669482088e-05, 6.93512483849e-05, 5.56063860131e-05],
        "mean": [0.00214302632958, 0.0016382120084, 0.000764533062465, 0.000519088294823, 0.000345881824614, 0.000911217939574, 0.000735654728487, 0.000712393259164, 0.000436449219706, 0.000326120120008, 0.000271690631052, 0.000147546525113, 0.000132432993269, 7.72474668338e-05, 7.91531201685e-05, 9.08514339244e-05, 0.000108638341771, 6.79301592754e-05, 5.4352774896e-05, 4.79160880786e-05, 3.11239018629e-05, 2.43557569775e-05, 2.29450724873e-05, 1.40638294397e-05, 8.31464694784e-06, 9.79287415248e-06, 9.68041149463e-06, 8.76332433108e-06, 7.90854210209e-06, 9.59067529038e-06, 9.60516990745e-06, 1.03097236206e-05, 1.06689249151e-05, 9.27357086766e-06, 7.10052790964e-06, 4.28288512921e-06, 5.03534874952e-06, 4.15586464442e-06, 2.80482595372e-06, 1.94718609237e-06],
        "median": [2.08573674172e-05, 5.70101183257e-05, 0.000101618876215, 0.000147093698615, 0.000144406876643, 0.000377254851628, 0.000359943165677, 0.000311857613269, 0.000147427956108, 0.000121924960695, 9.9135824712e-05, 4.46955673397e-05, 3.14478820655e-05, 2.44615330303e-05, 2.76300143014e-05, 1.75093191501e-05, 2.01113562071e-05, 1.91203034774e-05, 1.48285907926e-05, 1.33104967972e-05, 1.02092053567e-05, 1.07918331196e-05, 1.04282808024e-05, 6.17045679974e-06, 3.23697076965e-06, 3.6069034195e-06, 4.61531499241e-06, 3.34175797434e-06, 3.18332695315e-06, 3.98006432079e-06, 4.29085912401e-06, 6.19937554802e-06, 6.43145904178e-06, 5.31289060746e-06, 3.58958482138e-06, 1.90530488453e-06, 2.19840740101e-06, 1.67340692769e-06, 9.31840077101e-07, 5.33782838374e-07],
        "min": [3.7453498615e-24, 7.49851260141e-24, 2.13865397887e-24, 1.7235689784e-24, 2.12172896815e-24, 2.72307526962e-24, 3.49070240585e-24, 2.44286457912e-24, 2.31408402242e-24, 4.30072608258e-24, 3.06307510863e-24, 8.06904284048e-24, 6.27015480336e-24, 3.69988938526e-24, 4.87214142358e-24, 2.05040943422e-24, 2.9073573186e-24, 6.47985020361e-24, 3.69527612668e-24, 3.30184575249e-24, 2.43166393756e-24, 3.83594540887e-24, 8.10616032379e-24, 7.28445046162e-24, 7.99527803495e-24, 6.45478138734e-24, 5.89456787119e-24, 6.5795992985e-24, 6.11093151268e-24, 7.6857763474e-24, 7.56119391122e-24, 7.53564428422e-24, 6.54263800964e-24, 8.45155754912e-24, 5.79855482155e-24, 7.72937195646e-24, 6.86149953184e-24, 6.11408025098e-24, 8.31919931099e-24, 8.00030386778e-24],
        "stdev": [0.00707083521411, 0.00521562993526, 0.00189879257232, 0.000926883483771, 0.000626174150966, 0.00123841769528, 0.000949076900724, 0.00135025649797, 0.000763662916142, 0.000709326472133, 0.000439726136392, 0.000377065036446, 0.000331494899001, 0.00014863742399, 0.00015676462499, 0.000213909806916, 0.000244756083703, 0.000136732225656, 0.000117939460324, 9.21291502891e-05, 5.25804753124e-05, 3.71431342501e-05, 3.45026055584e-05, 2.22812359425e-05, 1.76608664333e-05, 2.05861306313e-05, 1.77672227437e-05, 1.51823414853e-05, 1.26343429656e-05, 1.61470143212e-05, 1.74070501089e-05, 1.3666034647e-05, 1.47262617247e-05, 1.43656870932e-05, 1.25111191664e-05, 7.58558235248e-06, 8.73494536791e-06, 7.72384373704e-06, 6.33223953628e-06, 4.61316085421e-06],
        "var": [4.99967100041e-05, 2.72027955361e-05, 3.60541321243e-06, 8.59112958551e-07, 3.92094051449e-07, 1.53367852818e-06, 9.00747011201e-07, 1.82319263331e-06, 5.83181076763e-07, 5.03144065078e-07, 1.93359070977e-07, 1.42178052442e-07, 1.09888858901e-07, 2.2093084695e-08, 2.45751454742e-08, 4.57574067525e-08, 5.99055454131e-08, 1.86957009873e-08, 1.39097160456e-08, 8.48778025642e-09, 2.76470646376e-09, 1.3796124243e-09, 1.19042986579e-09, 4.96453489429e-10, 3.11906223072e-10, 4.23788781845e-10, 3.15674181239e-10, 2.30503491294e-10, 1.5962661748e-10, 2.60726079615e-10, 3.0300539855e-10, 1.86760509835e-10, 2.16862791613e-10, 2.06372974265e-10, 1.5652809604e-10, 5.75410587234e-11, 7.62992724557e-11, 5.96577648393e-11, 4.00972553771e-11, 2.12812545364e-11]
    },
    "melbands128": {
