{
"lowlevel": {
    "average_loudness": 0.958920896053,
    "barkbands_crest": {
        "dmean": 3.35990405083,
        "dmean2": 5.11427974701,
        "dvar": 9.73682022095,
        "dvar2": 21.3338737488,
        "max": 25.8907241821,
        "mean": 13.7467222214,
        "median": 13.2517471313,
        "min": 3.14506053925,
        "stdev": 5.45365142822,
        "var": 29.7423152924
    },
    "barkbands_flatness_db": {
        "dmean": 0.033529445529,
        "dmean2": 0.0484544411302,
        "dvar": 0.00105108157732,
        "dvar2": 0.00215624738485,
        "max": 0.377724826336,
        "mean": 0.170773714781,
        "median": 0.168447732925,
        "min": 0.0312959812582,
        "stdev": 0.0594078600407,
        "var": 0.0035292939283
    },
    "barkbands_kurtosis": {
        "dmean": 8.96726131439,
        "dmean2": 13.0554227829,
        "dvar": 270.570556641,
        "dvar2": 475.859558105,
        "max": 265.468414307,
        "mean": 13.3396110535,
        "median": 6.53660011292,
        "min": -1.92726886272,
        "stdev": 23.8466262817,
        "var": 568.661621094
    },
    "barkbands_skewness": {
        "dmean": 1.04419648647,
        "dmean2": 1.45923101902,
        "dvar": 1.23239398003,
        "dvar2": 2.20970082283,
        "max": 14.7015590668,
        "mean": 2.62410926819,
        "median": 2.26926255226,
        "min": -2.9592089653,
        "stdev": 2.01479387283,
        "var": 4.05939435959
    },
    "barkbands_spread": {
        "dmean": 10.5455579758,
        "dmean2": 16.388469696,
        "dvar": 209.277160645,
        "dvar2": 437.321502686,
        "max": 117.695426941,
        "mean": 21.396238327,
        "median": 14.0816783905,
        "min": 0.593935966492,
        "stdev": 20.1880912781,
        "var": 407.559020996
    },
    "dissonance": {
        "dmean": 0.0266913827509,
        "dmean2": 0.0434352494776,
        "dvar": 0.000745115918107,
        "dvar2": 0.00187499076128,
        "max": 0.499108195305,
        "mean": 0.449534833431,
        "median": 0.45859053731,
        "min": 0.200221821666,
        "stdev": 0.0369998589158,
        "var": 0.00136898946948
    },
    "dynamic_complexity": 2.27820038795,
    "erbbands_crest": {
        "dmean": 2.840924263,
        "dmean2": 4.65475320816,
        "dvar": 7.81059455872,
        "dvar2": 18.5732765198,
        "max": 30.8516464233,
        "mean": 9.00221824646,
        "median": 8.22614574432,
        "min": 2.5622677803,
        "stdev": 3.9347512722,
        "var": 15.4822673798
    },
    "erbbands_flatness_db": {
        "dmean": 0.0231892783195,
        "dmean2": 0.0346966087818,
        "dvar": 0.000486100703711,
        "dvar2": 0.00104650482535,
        "max": 0.316324681044,
        "mean": 0.136872008443,
        "median": 0.133223697543,
        "min": 0.0382688492537,
        "stdev": 0.0404895953834,
        "var": 0.00163940724451
    },
    "erbbands_kurtosis": {
        "dmean": 1.48341321945,
        "dmean2": 2.30282402039,
        "dvar": 3.30236673355,
        "dvar2": 7.95194864273,
        "max": 25.9110736847,
        "mean": 1.19693851471,
        "median": 0.409645795822,
        "min": -1.83929467201,
        "stdev": 2.62284493446,
        "var": 6.87931537628
    },
    "erbbands_skewness": {
        "dmean": 0.53530305624,
        "dmean2": 0.806158185005,
        "dvar": 0.300612866879,
        "dvar2": 0.610856890678,
        "max": 4.50976467133,
        "mean": 0.647923529148,
        "median": 0.722960054874,
        "min": -3.39839839935,
        "stdev": 0.931254863739,
        "var": 0.867235660553
    },
    "erbbands_spread": {
        "dmean": 17.0664749146,
        "dmean2": 25.6273803711,
        "dvar": 319.85748291,
        "dvar2": 712.102233887,
        "max": 159.873641968,
        "mean": 50.0889015198,
        "median": 44.7728996277,
        "min": 5.59349679947,
        "stdev": 27.4972686768,
        "var": 756.09979248
    },
    "hfc": {
        "dmean": 14.0383291245,
        "dmean2": 21.6760139465,
        "dvar": 571.197692871,
        "dvar2": 1470.36157227,
        "max": 222.385574341,
        "mean": 23.9927978516,
        "median": 15.9922904968,
        "min": 0.000226497402764,
        "stdev": 25.9676952362,
        "var": 674.321166992
    },
    "loudness_ebu128": {
        "integrated": -7.96228981018,
        "loudness_range": 2.07560062408,
        "momentary": {
            "dmean": 0.554564058781,
            "dmean2": 0.80074763298,
            "dvar": 0.377656459808,
            "dvar2": 0.761388242245,
            "max": -6.35977315903,
            "mean": -8.16190338135,
            "median": -7.77288246155,
            "min": -16.7840824127,
            "stdev": 1.44515764713,
            "var": 2.08848071098
        },
        "short_term": {
            "dmean": 0.0778369307518,
            "dmean2": 0.104632921517,
            "dvar": 0.00476533919573,
            "dvar2": 0.00910670589656,
            "max": -7.04996109009,
            "mean": -8.01285362244,
            "median": -7.42976474762,
            "min": -9.45065593719,
            "stdev": 0.834340333939,
            "var": 0.69612377882
        }
    },
    "melbands_crest": {
        "dmean": 3.83110499382,
        "dmean2": 5.84987163544,
        "dvar": 14.0370054245,
        "dvar2": 28.6089878082,
        "max": 34.9524269104,
        "mean": 18.0342979431,
        "median": 17.1670436859,
        "min": 4.25125312805,
        "stdev": 7.00946617126,
        "var": 49.1326141357
    },
    "melbands_flatness_db": {
        "dmean": 0.040529768914,
        "dmean2": 0.0573384203017,
        "dvar": 0.00169692118652,
        "dvar2": 0.00331420451403,
        "max": 0.48674762249,
        "mean": 0.241780012846,
        "median": 0.244037553668,
        "min": 0.0366043411195,
        "stdev": 0.0826428383589,
        "var": 0.00682983919978
    },
    "melbands_kurtosis": {
        "dmean": 24.6063842773,
        "dmean2": 35.6799583435,
        "dvar": 2379.32397461,
        "dvar2": 4624.82763672,
        "max": 749.79119873,
        "mean": 37.6064338684,
        "median": 17.7382411957,
        "min": -1.88661134243,
        "stdev": 63.3924751282,
        "var": 4018.60595703
    },
    "melbands_skewness": {
        "dmean": 1.42082154751,
        "dmean2": 2.02164292336,
        "dvar": 2.72015881538,
        "dvar2": 4.84611368179,
        "max": 22.4210758209,
        "mean": 4.09637069702,
        "median": 3.52405834198,
        "min": -0.324563711882,
        "stdev": 2.81851840019,
        "var": 7.94404602051
    },
    "melbands_spread": {
        "dmean": 10.4044332504,
        "dmean2": 15.3059463501,
        "dvar": 331.580322266,
        "dvar2": 607.071594238,
        "max": 238.523574829,
        "mean": 19.1766929626,
        "median": 11.3087739944,
        "min": 0.527465462685,
        "stdev": 26.5650177002,
        "var": 705.700134277
    },
    "pitch_salience": {
        "dmean": 0.0970891714096,
        "dmean2": 0.151794478297,
        "dvar": 0.010111742653,
        "dvar2": 0.0224271155894,
        "max": 0.8575309515,
        "mean": 0.475379317999,
        "median": 0.482298463583,
        "min": 0.0739422217011,
        "stdev": 0.158857658505,
        "var": 0.0252357535064
    },
    "silence_rate_20dB": {
        "dmean": 0,
        "dmean2": 0,
        "dvar": 0,
        "dvar2": 0,
        "max": 1,
        "mean": 1,
        "median": 1,
        "min": 1,
        "stdev": 0,
        "var": 0
    },
    "silence_rate_30dB": {
        "dmean": 0.0541795678437,
        "dmean2": 0.108443066478,
        "dvar": 0.0512451604009,
        "dvar2": 0.099780343473,
        "max": 1,
        "mean": 0.912606358528,
        "median": 1,
        "min": 0,
        "stdev": 0.282410115004,
        "var": 0.0797554701567
    },
    "silence_rate_60dB": {
        "dmean": 0.0208978336304,
        "dmean2": 0.0410534478724,
        "dvar": 0.0204611085355,
        "dvar2": 0.0455649234354,
        "max": 1,
        "mean": 0.0270688328892,
        "median": 0,
        "min": 0,
        "stdev": 0.162283957005,
        "var": 0.0263360831887
    },
    "spectral_centroid": {
        "dmean": 390.215393066,
        "dmean2": 575.060791016,
        "dvar": 278321.8125,
        "dvar2": 531315.5,
        "max": 5410.60205078,
        "mean": 1092.22424316,
        "median": 788.698242188,
        "min": 184.985122681,
        "stdev": 801.403442383,
        "var": 642247.5
    },
    "spectral_complexity": {
        "dmean": 4.3506193161,
        "dmean2": 6.70255613327,
        "dvar": 42.4986610413,
        "dvar2": 92.9896087646,
        "max": 52,
        "mean": 13.3526678085,
        "median": 12,
        "min": 0,
        "stdev": 7.66725063324,
        "var": 58.78673172
    },
    "spectral_decrease": {
        "dmean": 4.21647428084e-09,
        "dmean2": 6.03029848278e-09,
        "dvar": 5.52652138915e-17,
        "dvar2": 1.10889675632e-16,
        "max": -8.59282263399e-13,
        "mean": -1.0783899107e-08,
        "median": -7.63436958096e-09,
        "min": -6.28906278166e-08,
        "stdev": 1.08553743772e-08,
        "var": 1.17839157448e-16
    },
    "spectral_energy": {
        "dmean": 0.0164629779756,
        "dmean2": 0.0235239695758,
        "dvar": 0.000815505045466,
        "dvar2": 0.00164835236501,
        "max": 0.239641934633,
        "mean": 0.0428771823645,
        "median": 0.0309010799974,
        "min": 3.26365852743e-06,
        "stdev": 0.0415355935693,
        "var": 0.00172520545311
    },
    "spectral_energyband_high": {
        "dmean": 0.00127505743876,
        "dmean2": 0.00201386259869,
        "dvar": 5.58900319447e-06,
        "dvar2": 1.37987699418e-05,
        "max": 0.0221854243428,
        "mean": 0.00157487858087,
        "median": 0.000489042256959,
        "min": 3.33208083347e-09,
        "stdev": 0.00263032922521,
        "var": 6.91863124302e-06
    },
    "spectral_energyband_low": {
        "dmean": 0.0122943073511,
        "dmean2": 0.0182218365371,
        "dvar": 0.00077084248187,
        "dvar2": 0.00157350976951,
        "max": 0.231009915471,
        "mean": 0.0257829669863,
        "median": 0.0118728494272,
        "min": 1.67226261283e-07,
        "stdev": 0.0384382754564,
        "var": 0.00147750088945
    },
    "spectral_energyband_middle_high": {
        "dmean": 0.00214848993346,
        "dmean2": 0.00341514032334,
        "dvar": 2.55716604443e-05,
        "dvar2": 6.8984911195e-05,
        "max": 0.0510007888079,
        "mean": 0.00308213173412,
        "median": 0.00157677242532,
        "min": 1.53362353927e-08,
        "stdev": 0.00472340825945,
        "var": 2.23105853365e-05
    },
    "spectral_energyband_middle_low": {
        "dmean": 0.00801779609174,
        "dmean2": 0.0132041973993,
        "dvar": 0.00026924352278,
        "dvar2": 0.000745645840652,
        "max": 0.134199842811,
        "mean": 0.0134822484106,
        "median": 0.00978070870042,
        "min": 1.65630282822e-07,
        "stdev": 0.0148934647441,
        "var": 0.000221815280383
    },
    "spectral_entropy": {
        "dmean": 0.298697084188,
        "dmean2": 0.424221009016,
        "dvar": 0.0868091508746,
        "dvar2": 0.179343312979,
        "max": 8.82937049866,
        "mean": 7.57497549057,
        "median": 7.57491111755,
        "min": 6.14866828918,
        "stdev": 0.532436192036,
        "var": 0.283488303423
    },
    "spectral_flux": {
        "dmean": 0.0450776442885,
        "dmean2": 0.0691549479961,
        "dvar": 0.00345412571914,
        "dvar2": 0.00560803245753,
        "max": 0.513494372368,
        "mean": 0.105516500771,
        "median": 0.0814085304737,
        "min": 0.00180655985605,
        "stdev": 0.0852137207985,
        "var": 0.00726137822494
    },
    "spectral_kurtosis": {
        "dmean": 1.79677689075,
        "dmean2": 2.69073200226,
        "dvar": 4.9932756424,
        "dvar2": 10.3951673508,
        "max": 24.7415237427,
        "mean": 3.6661131382,
        "median": 2.69880485535,
        "min": -1.08253443241,
        "stdev": 3.36937952042,
        "var": 11.3527183533
    },
    "spectral_rms": {
        "dmean": 0.00115905434359,
        "dmean2": 0.00161982851569,
        "dvar": 2.44660191129e-06,
        "dvar2": 4.51646019428e-06,
        "max": 0.0152904223651,
        "mean": 0.00587154552341,
        "median": 0.00549066439271,
        "min": 5.6427448726e-05,
        "stdev": 0.00271226232871,
        "var": 7.35636649551e-06
    },
    "spectral_rolloff": {
        "dmean": 901.145629883,
        "dmean2": 1522.25256348,
        "dvar": 3416237.5,
        "dvar2": 7167306,
        "max": 13006.0546875,
        "mean": 1472.44946289,
        "median": 559.86328125,
        "min": 64.599609375,
        "stdev": 2366.05493164,
        "var": 5598216
    },
    "spectral_skewness": {
        "dmean": 0.347972899675,
        "dmean2": 0.491722345352,
        "dvar": 0.129932552576,
        "dvar2": 0.261193454266,
        "max": 3.78551316261,
        "mean": 1.62092554569,
        "median": 1.57691121101,
        "min": -0.26398652792,
        "stdev": 0.652572274208,
        "var": 0.4258505404
    },
    "spectral_spread": {
        "dmean": 1284756.5,
        "dmean2": 1836293.125,
        "dvar": 2.11931181875e+12,
        "dvar2": 3.78911273779e+12,
        "max": 26368920,
        "mean": 6605304,
        "median": 6224578.5,
        "min": 1931635.25,
        "stdev": 2332510.5,
        "var": 5.44060473344e+12
    },
    "spectral_strongpeak": {
        "dmean": 0.352850496769,
        "dmean2": 0.579312205315,
        "dvar": 0.408186733723,
        "dvar2": 1.04417526722,
        "max": 6.22890424728,
        "mean": 0.772572159767,
        "median": 0.550346553326,
        "min": 0,
        "stdev": 0.782235503197,
        "var": 0.611892342567
    },
    "zerocrossingrate": {
        "dmean": 0.0199749357998,
        "dmean2": 0.0226190332323,
        "dvar": 0.000640136131551,
        "dvar2": 0.000673113099765,
        "max": 0.4287109375,
        "mean": 0.0621295422316,
        "median": 0.04345703125,
        "min": 0.00048828125,
        "stdev": 0.058220371604,
        "var": 0.00338961184025
    },
    "barkbands": {
        "dmean": [0.000460554903839, 0.00941814016551, 0.00615970697254, 0.00266857771203, 0.00330566428602, 0.00103370845318, 0.00156776048243, 0.00128721422516, 0.000687587773427, 0.000354181363946, 0.000415025744587, 0.000431826279964, 0.000193122585188, 0.000279160711216, 0.000385032268241, 0.000121631659567, 0.000158733280841, 0.000229236538871, 0.000152114938828, 0.000142381410114, 0.000154314766405, 0.00025600855588, 0.000344465399394, 0.00029679184081, 0.000212690923945, 7.26416546968e-05, 3.5101118101e-06],
        "dmean2": [0.000689299311489, 0.013428828679, 0.0110866976902, 0.00497285230085, 0.0054877018556, 0.00176779250614, 0.00245332974009, 0.00201555923559, 0.000971678819042, 0.000548439158592, 0.000637923832983, 0.000738565751817, 0.000305300054606, 0.000441949174274, 0.000666447391268, 0.000199042595341, 0.000257300358498, 0.000391969660996, 0.000257448933553, 0.000242411668296, 0.00025295803789, 0.000424703350291, 0.000564386893529, 0.000469400139991, 0.000322090607369, 0.000113656256872, 6.02255749982e-06],
        "dvar": [1.33279593229e-06, 0.000445193261839, 0.000445780955488, 8.39476124384e-05, 3.59667174052e-05, 5.62311106478e-06, 1.09297370727e-05, 9.26745997276e-06, 2.16859029933e-06, 8.32010584872e-07, 1.05762080693e-06, 1.14345380098e-06, 2.31072746715e-07, 4.58687310356e-07, 1.40751114941e-06, 8.96660594663e-08, 9.71014486595e-08, 4.51638953791e-07, 1.59445406211e-07, 1.42428419281e-07, 1.37752266482e-07, 4.12983723663e-07, 5.65522213947e-07, 3.56558018666e-07, 1.80318863841e-07, 2.64337138844e-08, 1.08236697383e-10],
        "dvar2": [2.90949719783e-06, 0.000876604462974, 0.00125778303482, 0.000242611858994, 9.82221899903e-05, 1.46631391544e-05, 2.40547105932e-05, 2.04302959901e-05, 3.94007611249e-06, 1.71111230429e-06, 2.2429294404e-06, 3.03500996779e-06, 5.30997681381e-07, 1.07777896119e-06, 3.96953555537e-06, 2.38213274883e-07, 2.58221263039e-07, 1.22938229197e-06, 4.17207075998e-07, 3.80988893767e-07, 3.55327216539e-07, 1.11969279715e-06, 1.50326422954e-06, 8.14576878838e-07, 3.35939631668e-07, 5.38281135221e-08, 2.88065460374e-10],
        "max": [0.00952926557511, 0.20942696929, 0.135672003031, 0.074853926897, 0.0489749163389, 0.0227279048413, 0.0611001960933, 0.0344450175762, 0.0258707460016, 0.014164365828, 0.0184445362538, 0.0121138477698, 0.00861861091107, 0.0112911593169, 0.0111607983708, 0.00317341904156, 0.00304612168111, 0.0079302592203, 0.00375180877745, 0.00366986915469, 0.00330602214672, 0.00582389393821, 0.00618061749265, 0.00677107879892, 0.00565756624565, 0.00311250169761, 0.000153125598445],
        "mean": [0.000770805112552, 0.0196070019156, 0.00440212246031, 0.00189818581566, 0.00515880435705, 0.00135926995426, 0.00220703240484, 0.00159580842592, 0.0011659177253, 0.000514455547091, 0.000499378656968, 0.000448340462754, 0.000231467842241, 0.000321917323163, 0.000344157160725, 0.000135554335429, 0.000191678205738, 0.000226180403843, 0.000155733112479, 0.000133376655867, 0.000155733141582, 0.000260081927991, 0.000361048034392, 0.000355321622919, 0.000279123225482, 9.5386596513e-05, 3.28466444444e-06],
        "median": [2.76847495115e-05, 0.00933553744107, 0.000526806688868, 0.000395062146708, 0.00304256449454, 0.000621196872089, 0.000657605298329, 0.000544058217201, 0.000280409498373, 0.000147718237713, 4.50311454188e-05, 0.00013194658095, 5.91224415984e-05, 9.17164143175e-05, 5.11467878823e-05, 4.03258272854e-05, 7.45734723751e-05, 6.18192789261e-05, 4.27242375736e-05, 3.47601053363e-05, 3.25985201926e-05, 5.82365319133e-05, 8.65069960128e-05, 0.000104107355583, 8.53540332173e-05, 2.88764058496e-05, 4.3406762984e-07],
        "min": [4.99628838302e-10, 1.71453287123e-08, 1.13670806101e-08, 5.01709571665e-08, 2.87143286926e-08, 2.77825922268e-08, 2.67660382747e-09, 6.89218415673e-09, 1.1026801694e-09, 3.07625525053e-09, 1.11409070858e-09, 1.98455696321e-09, 3.77413433839e-09, 7.32047533702e-10, 1.68018821078e-09, 8.581385047e-10, 8.07923061785e-10, 4.77584249925e-10, 5.75032355066e-10, 9.0462687341e-10, 4.37938463271e-10, 6.00034688603e-10, 8.94976759369e-10, 2.12617604078e-10, 4.35385366648e-10, 2.44316789022e-10, 3.94456993111e-12],
        "stdev": [0.00177479791455, 0.0291246436536, 0.0164799839258, 0.00684840185568, 0.00605959491804, 0.00245915073901, 0.00444685015827, 0.00347937992774, 0.00234714779072, 0.00111411290709, 0.00141436583363, 0.00100909394678, 0.000557671592105, 0.000758614391088, 0.000993194058537, 0.000291966425721, 0.000317648780765, 0.00056715356186, 0.000359540717909, 0.000330644659698, 0.000357060023816, 0.000589275790844, 0.00071781501174, 0.000696515664458, 0.000588931143284, 0.000227892494877, 1.14397025754e-05],
        "var": [3.14990757033e-06, 0.000848244817462, 0.000271589844488, 4.69006081403e-05, 3.67186912626e-05, 6.04742263022e-06, 1.97744757315e-05, 1.21060838865e-05, 5.50910226593e-06, 1.24124755985e-06, 2.00043086807e-06, 1.01827060917e-06, 3.10997592123e-07, 5.7549578969e-07, 9.86434429251e-07, 8.52444017596e-08, 1.00900741984e-07, 3.21663151226e-07, 1.29269537297e-07, 1.09325895892e-07, 1.27491858848e-07, 3.47245929788e-07, 5.15258420819e-07, 4.85134080463e-07, 3.46839925669e-07, 5.19349860895e-08, 1.30866789627e-10]
    },
    "erbbands": {
        "dmean": [0.316672980785, 2.17285656929, 6.3320775032, 8.58556365967, 8.92453670502, 12.7745742798, 13.2320261002, 7.72004699707, 13.2148332596, 33.727684021, 22.2154541016, 12.4335193634, 15.3111429214, 9.25910282135, 19.7899055481, 13.1959085464, 8.96841526031, 13.9333639145, 19.2117786407, 13.1256093979, 6.71561717987, 9.82950115204, 12.9192762375, 8.0160150528, 8.07457256317, 6.89787721634, 5.7859916687, 7.89807224274, 9.18979930878, 7.37740039825, 10.0315570831, 6.63600921631, 4.88385009766, 2.84393620491, 1.30941569805, 0.443131774664, 0.119185730815, 0.0161794163287, 0.000412019377109, 2.9644677852e-05],
        "dmean2": [0.425732076168, 3.16416430473, 10.8940753937, 15.8819894791, 15.870382309, 20.5814170837, 21.791809082, 13.2287425995, 21.6376667023, 51.8899726868, 34.0235748291, 17.6239471436, 21.935295105, 13.7516803741, 32.1680793762, 22.0886993408, 13.9227952957, 21.999206543, 33.4410629272, 21.5011997223, 10.9167718887, 15.8732585907, 22.1616916656, 13.2605524063, 13.8812131882, 11.8326778412, 9.59299945831, 13.2001714706, 15.4767713547, 11.7554750443, 16.3887310028, 10.7263002396, 7.62342119217, 4.30118560791, 1.94840192795, 0.692700982094, 0.186591923237, 0.0254740882665, 0.000660489953589, 4.34309404227e-05],
        "dvar": [0.53354370594, 24.0579223633, 395.715301514, 952.861328125, 531.877502441, 428.124938965, 691.042480469, 377.664459229, 741.893127441, 6096.515625, 2755.90722656, 758.247802734, 1086.22619629, 376.956726074, 2444.12890625, 964.368530273, 479.063751221, 1304.47583008, 3246.4621582, 1218.21569824, 228.906661987, 386.938598633, 1558.82446289, 472.694213867, 492.472198486, 365.559417725, 206.635498047, 435.844146729, 544.750488281, 213.055923462, 491.628723145, 200.030807495, 89.9046936035, 34.0678710938, 6.92346000671, 0.88294750452, 0.072804428637, 0.00158481975086, 1.18769105484e-06, 1.86942483715e-09],
        "dvar2": [0.871541023254, 51.0473709106, 1077.44335938, 2732.98486328, 1516.79003906, 1084.27722168, 1674.6640625, 1007.76306152, 1919.75024414, 12710.8701172, 5887.24072266, 1466.04663086, 2020.75231934, 836.124328613, 6132.53466797, 2578.25854492, 1118.57946777, 2928.39697266, 9186.46972656, 3116.64257812, 605.225280762, 1015.70672607, 4259.13085938, 1287.93664551, 1296.94921875, 994.485839844, 538.558898926, 1172.65209961, 1493.72058105, 515.883056641, 1309.51757812, 493.045471191, 192.213500977, 62.197719574, 13.3990879059, 1.88819026947, 0.148579150438, 0.00352171389386, 2.83481540464e-06, 3.910490598e-09],
        "max": [6.09780740738, 47.1114463806, 137.724029541, 227.573226929, 183.751831055, 165.656951904, 271.745452881, 246.936630249, 318.271484375, 1709.12792969, 562.202331543, 701.654174805, 547.810119629, 320.731903076, 563.619140625, 376.544494629, 419.998535156, 557.601623535, 546.057800293, 357.075378418, 216.333221436, 205.181442261, 491.359832764, 204.525619507, 204.90927124, 187.248321533, 131.283187866, 185.51789856, 217.178604126, 169.525543213, 188.827224731, 119.967521667, 110.288337708, 88.6969146729, 47.7127532959, 16.4484920502, 5.33300733566, 0.648344397545, 0.0177047923207, 0.000580363324843],
        "mean": [0.661603987217, 3.99411416054, 5.51745557785, 6.13160657883, 8.87164020538, 19.633562088, 19.9436187744, 10.3533277512, 17.7565498352, 48.8028717041, 29.7340183258, 22.7230949402, 25.3171138763, 14.7939796448, 22.4318981171, 14.8502092361, 11.7783603668, 16.9546890259, 17.6470470428, 13.3708744049, 8.39428043365, 12.2718858719, 12.9779615402, 8.14142894745, 7.90527868271, 6.37942743301, 5.65944576263, 7.49263858795, 9.09872150421, 8.92854309082, 10.3807182312, 7.35069847107, 6.02064609528, 3.69924736023, 1.69661438465, 0.571038126945, 0.149123206735, 0.0190896317363, 0.000500034308061, 6.95754642948e-05],
        "median": [0.22436620295, 2.09491825104, 1.2772371769, 1.26467037201, 4.01715421677, 10.5305871964, 6.34838294983, 5.54240512848, 7.6863026619, 13.4231643677, 12.4642887115, 6.99890327454, 8.00260066986, 4.90394353867, 4.58570384979, 4.72116279602, 3.26032710075, 4.09724140167, 4.14369392395, 2.32308220863, 3.10646677017, 4.91371631622, 3.79815387726, 2.51208519936, 2.12605190277, 1.69557845592, 1.32342684269, 1.28115081787, 1.87836182117, 2.80370020866, 2.21318745613, 1.79243314266, 1.83746850491, 1.09183692932, 0.498718827963, 0.176830142736, 0.0450117811561, 0.00495089171454, 0.000146995909745, 5.21690926689e-05],
        "min": [1.20584741126e-06, 1.97801873583e-05, 6.66764026391e-05, 0.000269454263616, 0.000162486525369, 7.87999451859e-05, 0.000205681324587, 0.000209688791074, 5.13999693794e-05, 0.000101156794699, 0.000124783036881, 2.7868010875e-05, 6.73121248838e-05, 8.75280384207e-05, 3.73718394258e-05, 0.000104606857349, 0.000183097843546, 3.92496222048e-05, 9.73602727754e-05, 4.90333077323e-05, 5.37848864042e-05, 4.96744505654e-05, 2.1864363589e-05, 3.88009684684e-05, 2.65459784714e-05, 4.19066309405e-05, 2.05026663025e-05, 1.73373773578e-05, 1.60560502991e-05, 4.52554486401e-05, 1.45007270476e-05, 6.09107291893e-06, 2.78719630842e-06, 4.70195573143e-06, 3.01327008856e-06, 1.33293940507e-06, 3.85679896908e-07, 1.00818283499e-07, 1.91545570516e-08, 5.27723598154e-09],
        "stdev": [1.11868453026, 6.10517549515, 16.5201587677, 23.3010005951, 18.3380737305, 24.2994270325, 35.1122589111, 17.5881118774, 29.2803459167, 110.246658325, 61.271774292, 44.7411766052, 50.9851913452, 26.2687911987, 53.5499153137, 30.5904693604, 26.021478653, 42.2918052673, 46.5795478821, 35.1285057068, 15.8737812042, 20.2298488617, 32.9472694397, 18.7061138153, 19.6054840088, 16.3761787415, 13.4138650894, 18.6345996857, 20.8340377808, 16.643283844, 21.0593223572, 14.8472032547, 11.9010829926, 7.86134147644, 3.77876853943, 1.30559742451, 0.370172739029, 0.0537711642683, 0.00140891678166, 6.52812304907e-05],
        "var": [1.25145506859, 37.2731666565, 272.915618896, 542.936584473, 336.284942627, 590.462158203, 1232.87060547, 309.341705322, 857.338623047, 12154.3251953, 3754.23046875, 2001.77294922, 2599.48974609, 690.049377441, 2867.59350586, 935.776855469, 677.117370605, 1788.59667969, 2169.65429688, 1234.01184082, 251.97694397, 409.246765137, 1085.52258301, 349.918701172, 384.374969482, 268.179260254, 179.931777954, 347.248321533, 434.057128906, 276.99887085, 443.495025635, 220.439437866, 141.635772705, 61.800693512, 14.279091835, 1.70458459854, 0.137027859688, 0.00289133819751, 1.98504653781e-06, 4.26163859757e-09]
    },
    "gfcc": {
        "mean": [4.7611207962, 76.8209686279, -83.3141174316, 27.3742332458, -68.0357284546, 21.7147846222, -46.8998298645, 17.1861362457, -21.256313324, 4.05794286728, -14.6020698547, 5.26263427734, -13.7488079071],
        "cov": [[3676.63085938, -995.580566406, 93.3693313599, 317.268951416, -89.8785247803, 277.908233643, -89.9377593994, 109.652565002, -7.84289073944, 94.8327407837, -70.9295349121, 101.636299133, -96.6993789673], [-995.580566406, 1863.84680176, 154.828994751, -129.578567505, 590.340148926, 116.654891968, 289.975860596, 64.6823883057, 240.459243774, -28.8292770386, 199.091567993, -16.6963939667, 48.7321662903], [93.3693313599, 154.828994751, 981.121032715, 362.111785889, 253.212799072, 192.844573975, 171.834396362, 177.938491821, 95.7447357178, 159.745010376, 117.610923767, 56.8443717957, 4.19925355911], [317.268951416, -129.578567505, 362.111785889, 739.195861816, 265.151519775, 86.2467651367, 122.529289246, 66.8396759033, 108.800506592, 117.637962341, 62.2095527649, 0.0877508297563, 57.5312423706], [-89.8785247803, 590.340148926, 253.212799072, 265.151519775, 602.407897949, 199.837722778, 193.867904663, 123.341598511, 198.190917969, 150.088058472, 116.33531189, 27.8314876556, 19.6371498108], [277.908233643, 116.654891968, 192.844573975, 86.2467651367, 199.837722778, 301.451782227, 148.299530029, 82.5895690918, 105.218734741, 97.5820770264, 57.942905426, 37.0035209656, -9.72949409485], [-89.9377593994, 289.975860596, 171.834396362, 122.529289246, 193.867904663, 148.299530029, 317.282104492, 91.8884048462, 72.6489715576, 73.147026062, 66.3904342651, 26.4720935822, 13.3860683441], [109.652565002, 64.6823883057, 177.938491821, 66.8396759033, 123.341598511, 82.5895690918, 91.8884048462, 178.249526978, 90.1468429565, 72.5758132935, 53.7308502197, 25.2656364441, 12.9514741898], [-7.84289073944, 240.459243774, 95.7447357178, 108.800506592, 198.190917969, 105.218734741, 72.6489715576, 90.1468429565, 231.652542114, 101.080993652, 54.1557426453, 9.48714542389, 16.3623352051], [94.8327407837, -28.8292770386, 159.745010376, 117.637962341, 150.088058472, 97.5820770264, 73.147026062, 72.5758132935, 101.080993652, 175.933670044, 45.1513061523, 14.7134332657, -2.962870121], [-70.9295349121, 199.091567993, 117.610923767, 62.2095527649, 116.33531189, 57.942905426, 66.3904342651, 53.7308502197, 54.1557426453, 45.1513061523, 124.461128235, 33.5006713867, 23.8041381836], [101.636299133, -16.6963939667, 56.8443717957, 0.0877508297563, 27.8314876556, 37.0035209656, 26.4720935822, 25.2656364441, 9.48714542389, 14.7134332657, 33.5006713867, 91.8421859741, 23.0482387543], [-96.6993789673, 48.7321662903, 4.19925355911, 57.5312423706, 19.6371498108, -9.72949409485, 13.3860683441, 12.9514741898, 16.3623352051, -2.962870121, 23.8041381836, 23.0482387543, 103.182731628]],
        "icov": [[0.000420325348387, 6.96747156326e-05, 0.00014870990708, -0.000331359653501, 0.000158896538778, -0.000587212387472, 0.000340988481184, -0.000437079084804, 0.000154435925651, -3.11263625008e-06, 0.000277551385807, -0.000577256199904, 0.000505058793351], [6.96747156326e-05, 0.00224841549061, -0.00064461567672, 0.00165413098875, -0.00245483964682, 0.00090082193492, -0.0015623861691, 0.0015454813838, -0.00206469208933, 0.00301661645062, -0.00228547933511, 0.00190355395898, -0.000815738167148], [0.00014870990708, -0.00064461567672, 0.00192587007768, -0.00129699381068, 0.000825346156489, -0.000937075179536, 0.000595461460762, -0.00173784431536, 0.00126443244517, -0.0014281674521, 0.000156318303198, -0.00124450738076, 0.000984450569376], [-0.000331359653501, 0.00165413098875, -0.00129699381068, 0.00360641838051, -0.00259436038323, 0.00150144321378, -0.00175024010241, 0.00212476728484, -0.00192325795069, 0.00173698633444, -0.00175084371585, 0.00270399823785, -0.00229934323579], [0.000158896538778, -0.00245483964682, 0.000825346156489, -0.00259436038323, 0.00601983536035, -0.0020486752037, 0.00121401681099, -0.00201734341681, 0.000974159163889, -0.00388369616121, 0.00141356827226, -0.0022677781526, 0.00139258359559], [-0.000587212387472, 0.00090082193492, -0.000937075179536, 0.00150144321378, -0.0020486752037, 0.00687617016956, -0.0027590401005, 0.00135599193163, -0.00218890677206, 0.000406233593822, -0.00132474652492, 0.000296625978081, 4.93534716952e-05], [0.000340988481184, -0.0015623861691, 0.000595461460762, -0.00175024010241, 0.00121401681099, -0.0027590401005, 0.00624112645164, -0.0027501755394, 0.00224123266526, -0.00220084888861, 0.00118195603136, -0.00183042534627, 0.000771016872022], [-0.000437079084804, 0.0015454813838, -0.00173784431536, 0.00212476728484, -0.00201734341681, 0.00135599193163, -0.0027501755394, 0.0107081886381, -0.00386353139766, 0.00113611796405, -0.00282530509867, 0.00143771572039, -0.00175308284815], [0.000154435925651, -0.00206469208933, 0.00126443244517, -0.00192325795069, 0.000974159163889, -0.00218890677206, 0.00224123266526, -0.00386353139766, 0.0096988119185, -0.00514089269564, 0.00166563875973, -0.0011414848268, 0.000128239538753], [-3.11263625008e-06, 0.00301661645062, -0.0014281674521, 0.00173698633444, -0.00388369616121, 0.000406233593822, -0.00220084888861, 0.00113611796405, -0.00514089269564, 0.0135131319985, -0.00354874157347, 0.00241346424446, 6.51833106531e-05], [0.000277551385807, -0.00228547933511, 0.000156318303198, -0.00175084371585, 0.00141356827226, -0.00132474652492, 0.00118195603136, -0.00282530509867, 0.00166563875973, -0.00354874157347, 0.0144685693085, -0.00504119833931, -0.000461119052488], [-0.000577256199904, 0.00190355395898, -0.00124450738076, 0.00270399823785, -0.0022677781526, 0.000296625978081, -0.00183042534627, 0.00143771572039, -0.0011414848268, 0.00241346424446, -0.00504119833931, 0.0160533003509, -0.00455302372575], [0.000505058793351, -0.000815738167148, 0.000984450569376, -0.00229934323579, 0.00139258359559, 4.93534716952e-05, 0.000771016872022, -0.00175308284815, 0.000128239538753, 6.51833106531e-05, -0.000461119052488, -0.00455302372575, 0.012756690383]]
    },
    "melbands": {
        "dmean": [0.00266741635278, 0.00274343718775, 0.00144643010572, 0.000717088754755, 0.000497036322486, 0.000173201566213, 0.000229876910453, 0.000363593455404, 0.000152816472109, 8.67405469762e-05, 7.83955911174e-05, 3.90213535866e-05, 6.80205339449e-05, 5.21866459167e-05, 2.26013362408e-05, 2.37725453189e-05, 2.59170155914e-05, 2.99181610899e-05, 2.44447182922e-05, 1.14532922453e-05, 7.36078663977e-06, 1.02804997368e-05, 1.32226168716e-05, 9.05829074327e-06, 6.24265976512e-06, 6.8012027441e-06, 5.09716574015e-06, 4.54843575426e-06, 3.60606009053e-06, 3.44840032085e-06, 5.45320199308e-06, 6.28605675956e-06, 3.53708969669e-06, 4.75732849736e-06, 6.3573152147e-06, 5.02572402183e-06, 3.97427675125e-06, 3.69402505385e-06, 2.92135814561e-06, 2.39675159719e-06],
        "dmean2": [0.00373453018256, 0.00430363463238, 0.00263945595361, 0.00120528379921, 0.00080710957991, 0.000296946469462, 0.000371402595192, 0.000561025168281, 0.000235893181525, 0.000123143312521, 0.000112636364065, 5.85208763368e-05, 0.000106145162135, 9.13240728551e-05, 3.46947781509e-05, 3.68960099877e-05, 4.12996487285e-05, 5.18686319992e-05, 4.25148209615e-05, 1.82833027793e-05, 1.22060619105e-05, 1.66401714523e-05, 2.24599498324e-05, 1.55571269715e-05, 1.03597476482e-05, 1.16272058222e-05, 8.78175251273e-06, 7.86042983236e-06, 6.05389459452e-06, 5.65105119676e-06, 9.30847363634e-06, 1.09391276055e-05, 5.46786532141e-06, 7.77845707489e-06, 1.05736889964e-05, 8.16936972114e-06, 6.49314370094e-06, 5.95637175138e-06, 4.39288214693e-06, 3.65863843399e-06],
        "dvar": [3.65438390872e-05, 5.31018267793e-05, 2.31889662246e-05, 2.00307090381e-06, 7.67249673572e-07, 1.78059380573e-07, 2.14910002683e-07, 6.14736620719e-07, 1.27702449504e-07, 3.3623702933e-08, 2.81117635836e-08, 7.89390686151e-09, 2.72053828354e-08, 1.98595593304e-08, 3.13483261571e-09, 4.33181934767e-09, 4.7770947198e-09, 6.53516440963e-09, 5.91201398947e-09, 8.3522533334e-10, 2.63718213933e-10, 4.05964956096e-10, 1.28682287048e-09, 7.51254669584e-10, 2.68338684606e-10, 3.71204511573e-10, 1.80922041237e-10, 1.59607327355e-10, 8.19030746002e-11, 6.41561803683e-11, 2.45755582551e-10, 3.3844368974e-10, 5.65749808112e-11, 9.49213346813e-11, 2.11910877734e-10, 1.19384835351e-10, 7.20508791519e-11, 5.46136504076e-11, 3.13884092329e-11, 2.63394098199e-11],
        "dvar2": [6.58782664686e-05, 0.000131037275423, 6.58240242046e-05, 5.54983716938e-06, 1.86503075383e-06, 4.72089652703e-07, 5.34825687737e-07, 1.30476985305e-06, 2.75763198943e-07, 6.27742764436e-08, 5.14066123003e-08, 1.75202892194e-08, 6.04574879048e-08, 5.32614912174e-08, 7.18560766444e-09, 9.83496928342e-09, 1.10821867239e-08, 1.81659842724e-08, 1.65993903067e-08, 2.09370276671e-09, 7.07461700333e-10, 1.03996122824e-09, 3.45088424503e-09, 2.07494155191e-09, 7.30535631988e-10, 9.72064206906e-10, 4.87954399109e-10, 4.34470237565e-10, 2.16548654008e-10, 1.61205271354e-10, 6.7830113748e-10, 9.55505674582e-10, 1.36983049903e-10, 2.40298198007e-10, 5.75689718119e-10, 3.06528857852e-10, 1.74144157428e-10, 1.25790530769e-10, 5.72421797462e-11, 5.1009845653e-11],
        "max": [0.0550581142306, 0.0548298694193, 0.0361498631537, 0.0118660861626, 0.00895137526095, 0.00519522139803, 0.00614874530584, 0.0159666314721, 0.00393294170499, 0.00378968939185, 0.00279822410084, 0.00153518014122, 0.00273228483275, 0.00168233795557, 0.000966424297076, 0.0011252402328, 0.00107254984323, 0.000750921666622, 0.000720386451576, 0.000308969785692, 0.000263490976067, 0.000280354608549, 0.000431600259617, 0.000316468474921, 0.000151091939188, 0.00019459539908, 0.000134223417263, 0.000129857944557, 8.35075625218e-05, 7.96097592684e-05, 0.000147693528561, 0.000178909671376, 0.000132868182845, 8.39508720674e-05, 0.000130495958729, 9.70032051555e-05, 8.90502560651e-05, 8.04486262496e-05, 8.2384714915e-05, 7.79552210588e-05],
        "mean": [0.00573382060975, 0.00359599781223, 0.00112488702871, 0.000991861568764, 0.000797889835667, 0.000230817924603, 0.000313771655783, 0.000518579152413, 0.000207074510399, 0.000149521656567, 0.000128332219901, 6.10428687651e-05, 8.11432328192e-05, 4.91031751153e-05, 2.86673366645e-05, 2.99689891108e-05, 2.9737897421e-05, 2.79846917692e-05, 2.11453789234e-05, 1.23981453726e-05, 8.91991203389e-06, 1.24555999719e-05, 1.3949964341e-05, 8.71880092745e-06, 6.22269408268e-06, 6.47895922157e-06, 4.79336085846e-06, 4.06515755458e-06, 3.3943147173e-06, 3.46054184774e-06, 4.87003308081e-06, 5.56806162422e-06, 4.41795873485e-06, 5.36336256118e-06, 6.28029329164e-06, 5.21667243447e-06, 4.28435487265e-06, 4.2680912884e-06, 3.80121468879e-06, 2.92797903967e-06],
        "median": [0.00249737151898, 0.00150908448268, 0.000302211527014, 0.000584494206123, 0.000289841613267, 0.000122169265524, 0.000123734527733, 0.000161127434694, 7.90611520642e-05, 3.65119376511e-05, 3.67568718502e-05, 1.9629007511e-05, 1.11443177957e-05, 1.38176774271e-05, 7.70137194195e-06, 6.60128353047e-06, 6.7693345045e-06, 6.6485363277e-06, 3.13047985401e-06, 2.71371868621e-06, 3.41390546055e-06, 4.85758391733e-06, 3.84986060453e-06, 2.61076979768e-06, 1.8192670268e-06, 1.56464454903e-06, 1.20973243156e-06, 1.00619945442e-06, 7.66540324548e-07, 6.77946445649e-07, 7.16607814866e-07, 9.30037799662e-07, 1.30201885895e-06, 1.54879785441e-06, 1.31064132347e-06, 1.01380453543e-06, 1.04064577044e-06, 1.19732317216e-06, 1.16156559216e-06, 7.87681756265e-07],
        "min": [7.51653939091e-09, 1.41413876165e-08, 6.06827654792e-08, 6.80421008425e-09, 6.52983622729e-09, 4.69890260035e-09, 7.13482106729e-10, 1.2607659361e-09, 8.86339279749e-10, 1.31430311079e-10, 3.51935536269e-10, 3.7956912613e-10, 1.3196523041e-10, 1.60550323036e-10, 4.53173581993e-10, 2.85646062359e-10, 4.70940092479e-11, 1.5631951289e-10, 1.05142186624e-10, 4.87080480116e-11, 6.17213571918e-11, 5.78017668451e-11, 1.91155043183e-11, 2.34457661619e-11, 3.31636107465e-11, 2.05147860505e-11, 2.64123879018e-11, 2.71662917856e-11, 1.39330092602e-11, 1.16354356705e-11, 8.96343676365e-12, 5.56795278286e-12, 1.82027708878e-11, 2.84394400391e-11, 7.60039167019e-12, 5.57297133788e-12, 3.31347059165e-12, 2.01693761519e-12, 1.11256912971e-12, 5.45078608985e-12],
        "stdev": [0.00879330653697, 0.00723946793005, 0.00369852781296, 0.00130358024035, 0.00117605482228, 0.000392713729525, 0.000528976204805, 0.00107531249523, 0.000418718351284, 0.000297004531603, 0.00026123796124, 0.000112952046038, 0.000214432613575, 0.000125856924569, 6.71504822094e-05, 7.75000953581e-05, 7.73682186264e-05, 6.85965715093e-05, 6.37384800939e-05, 3.02782627841e-05, 1.70350267581e-05, 2.14242809307e-05, 3.17559861287e-05, 2.25698076974e-05, 1.4210464542e-05, 1.69777831616e-05, 1.16836718007e-05, 1.07933956315e-05, 8.29336113384e-06, 7.92506943981e-06, 1.32759587359e-05, 1.50843725351e-05, 8.78001446836e-06, 1.02622243503e-05, 1.32908999149e-05, 1.07193363874e-05, 9.14955217013e-06, 8.6576646936e-06, 7.74507043388e-06, 6.60245405015e-06],
        "var": [7.73222418502e-05, 5.24098977621e-05, 1.36791077239e-05, 1.6993213876e-06, 1.38310485909e-06, 1.54224082394e-07, 2.7981585049e-07, 1.15629688935e-06, 1.75325055807e-07, 8.8211692173e-08, 6.82452778733e-08, 1.2758165191e-08, 4.59813449538e-08, 1.58399657835e-08, 4.50918768991e-09, 6.00626481884e-09, 5.98584115608e-09, 4.7054897756e-09, 4.06259381691e-09, 9.167732129e-10, 2.90192120334e-10, 4.58999782627e-10, 1.00844255169e-09, 5.09396191894e-10, 2.01937300215e-10, 2.8824509446e-10, 1.3650817976e-10, 1.16497395064e-10, 6.87798429322e-11, 6.28067320374e-11, 1.76251069295e-10, 2.27538293762e-10, 7.70886479651e-11, 1.05313251175e-10, 1.76648029537e-10, 1.14904169513e-10, 8.37142993815e-11, 7.49551601342e-11, 5.99861202377e-11, 4.35923970532e-11]
    },
    "melbands128": {
