{
"lowlevel": {
    "average_loudness": 0.564595341682,
    "barkbands_crest": {
        "dmean": 1.74753558636,
        "dmean2": 2.6057536602,
        "dvar": 4.28874397278,
        "dvar2": 10.9538478851,
        "max": 24.8876609802,
        "mean": 10.5424127579,
        "median": 9.88893795013,
        "min": 3.91545701027,
        "stdev": 3.76645636559,
        "var": 14.1861944199
    },
    "barkbands_flatness_db": {
        "dmean": 0.020457809791,
        "dmean2": 0.0298299714923,
        "dvar": 0.000817442371044,
        "dvar2": 0.00195449194871,
        "max": 0.51155346632,
        "mean": 0.221032828093,
        "median": 0.209595680237,
        "min": 0.0398373119533,
        "stdev": 0.0881640315056,
        "var": 0.0077728969045
    },
    "barkbands_kurtosis": {
        "dmean": 4.86916542053,
        "dmean2": 7.81362724304,
        "dvar": 190.796661377,
        "dvar2": 530.729492188,
        "max": 241.339447021,
        "mean": 10.8223628998,
        "median": 6.64245986938,
        "min": -1.92654109001,
        "stdev": 15.281085968,
        "var": 233.51159668
    },
    "barkbands_skewness": {
        "dmean": 0.575469911098,
        "dmean2": 0.838329732418,
        "dvar": 0.659496366978,
        "dvar2": 1.66473519802,
        "max": 12.2601938248,
        "mean": 2.06763100624,
        "median": 2.07845163345,
        "min": -2.07137680054,
        "stdev": 1.72530388832,
        "var": 2.97667336464
    },
    "barkbands_spread": {
        "dmean": 3.27885508537,
        "dmean2": 4.95512247086,
        "dvar": 39.234462738,
        "dvar2": 70.7171020508,
        "max": 106.661895752,
        "mean": 12.4877929688,
        "median": 9.24181079865,
        "min": 0.504610240459,
        "stdev": 12.7050218582,
        "var": 161.417572021
    },
    "dissonance": {
        "dmean": 0.0306424032897,
        "dmean2": 0.049414139241,
        "dvar": 0.00094486103626,
        "dvar2": 0.00233631813899,
        "max": 0.499877870083,
        "mean": 0.391740083694,
        "median": 0.399812042713,
        "min": 0.0988299995661,
        "stdev": 0.0704908370972,
        "var": 0.00496895797551
    },
    "dynamic_complexity": 5.06496238708,
    "erbbands_crest": {
        "dmean": 2.54958319664,
        "dmean2": 3.81913399696,
        "dvar": 6.74178314209,
        "dvar2": 16.1367092133,
        "max": 29.3786678314,
        "mean": 10.4560804367,
        "median": 9.49735927582,
        "min": 2.70347952843,
        "stdev": 4.93634939194,
        "var": 24.3675460815
    },
    "erbbands_flatness_db": {
        "dmean": 0.0177818182856,
        "dmean2": 0.0236406046897,
        "dvar": 0.000406728300732,
        "dvar2": 0.000826126954053,
        "max": 0.454262048006,
        "mean": 0.193369597197,
        "median": 0.186173409224,
        "min": 0.0531110279262,
        "stdev": 0.0729973092675,
        "var": 0.00532860727981
    },
    "erbbands_kurtosis": {
        "dmean": 1.72094237804,
        "dmean2": 2.52891588211,
        "dvar": 5.06385660172,
        "dvar2": 10.7061252594,
        "max": 26.2348632812,
        "mean": 2.8645260334,
        "median": 1.44325780869,
        "min": -1.67310190201,
        "stdev": 4.22386837006,
        "var": 17.8410644531
    },
    "erbbands_skewness": {
        "dmean": 0.382268935442,
        "dmean2": 0.560744285583,
        "dvar": 0.169776827097,
        "dvar2": 0.364363729954,
        "max": 4.29897165298,
        "mean": 0.9576369524,
        "median": 0.940617501736,
        "min": -4.09047842026,
        "stdev": 1.02991819382,
        "var": 1.06073141098
    },
    "erbbands_spread": {
        "dmean": 8.43747520447,
        "dmean2": 12.4167881012,
        "dvar": 132.371932983,
        "dvar2": 295.846435547,
        "max": 136.870834351,
        "mean": 33.2595939636,
        "median": 30.3121852875,
        "min": 2.0432934761,
        "stdev": 21.0073661804,
        "var": 441.309417725
    },
    "hfc": {
        "dmean": 4.47842741013,
        "dmean2": 5.92989873886,
        "dvar": 135.071624756,
        "dvar2": 226.705200195,
        "max": 236.353652954,
        "mean": 12.5807027817,
        "median": 3.07617592812,
        "min": 1.13268567664e-16,
        "stdev": 23.9041290283,
        "var": 571.407409668
    },
    "loudness_ebu128": {
        "integrated": -13.6816940308,
        "loudness_range": 9.77350139618,
        "momentary": {
            "dmean": 0.83735114336,
            "dmean2": 1.09168839455,
            "dvar": 14.7714443207,
            "dvar2": 27.4453296661,
            "max": -7.09015274048,
            "mean": -19.4386615753,
            "median": -17.569234848,
            "min": -90.7911911011,
            "stdev": 16.7428131104,
            "var": 280.321777344
        },
        "short_term": {
            "dmean": 0.108095392585,
            "dmean2": 0.0810444802046,
            "dvar": 0.0177275147289,
            "dvar2": 0.0168698001653,
            "max": -9.47490310669,
            "mean": -15.5796403885,
            "median": -17.7090568542,
            "min": -20.8784503937,
            "stdev": 4.07812976837,
            "var": 16.6311416626
        }
    },
    "melbands_crest": {
        "dmean": 1.91087865829,
        "dmean2": 2.76141571999,
        "dvar": 5.20742225647,
        "dvar2": 11.1730241776,
        "max": 31.0418071747,
        "mean": 14.1528768539,
        "median": 13.9334001541,
        "min": 1.54745066166,
        "stdev": 5.29927968979,
        "var": 28.0823669434
    },
    "melbands_flatness_db": {
        "dmean": 0.021966887638,
        "dmean2": 0.031370818615,
        "dvar": 0.00117422780022,
        "dvar2": 0.00275050406344,
        "max": 0.624049127102,
        "mean": 0.293248444796,
        "median": 0.284723460674,
        "min": 0.00334052997641,
        "stdev": 0.116949684918,
        "var": 0.0136772282422
    },
    "melbands_kurtosis": {
        "dmean": 10.105214119,
        "dmean2": 15.7449789047,
        "dvar": 596.320373535,
        "dvar2": 1606.50805664,
        "max": 368.400421143,
        "mean": 20.6501159668,
        "median": 12.7079305649,
        "min": -1.40313708782,
        "stdev": 30.1526203156,
        "var": 909.180480957
    },
    "melbands_skewness": {
        "dmean": 0.737668275833,
        "dmean2": 1.06539177895,
        "dvar": 0.923315644264,
        "dvar2": 2.1368393898,
        "max": 14.6563358307,
        "mean": 2.81986951828,
        "median": 2.65184855461,
        "min": -0.595878720284,
        "stdev": 1.94756531715,
        "var": 3.79301071167
    },
    "melbands_spread": {
        "dmean": 3.68207526207,
        "dmean2": 5.40406751633,
        "dvar": 65.2801437378,
        "dvar2": 98.9579544067,
        "max": 170.746749878,
        "mean": 18.723236084,
        "median": 8.57082080841,
        "min": 0.528569281101,
        "stdev": 32.2926139832,
        "var": 1042.81298828
    },
    "pitch_salience": {
        "dmean": 0.0504307709634,
        "dmean2": 0.0756333246827,
        "dvar": 0.00331937312149,
        "dvar2": 0.00868358276784,
        "max": 0.81281298399,
        "mean": 0.506007790565,
        "median": 0.497966140509,
        "min": 0.11714604497,
        "stdev": 0.116694547236,
        "var": 0.0136176180094
    },
    "silence_rate_20dB": {
        "dmean": 0,
        "dmean2": 0,
        "dvar": 0,
        "dvar2": 0,
        "max": 1,
        "mean": 1,
        "median": 1,
        "min": 1,
        "stdev": 0,
        "var": 0
    },
    "silence_rate_30dB": {
        "dmean": 0.030959751457,
        "dmean2": 0.0619674660265,
        "dvar": 0.0300012361258,
        "dvar2": 0.0612257607281,
        "max": 1,
        "mean": 0.951276123524,
        "median": 1,
        "min": 0,
        "stdev": 0.215289726853,
        "var": 0.0463496670127
    },
    "silence_rate_60dB": {
        "dmean": 0.030959751457,
        "dmean2": 0.0611928738654,
        "dvar": 0.0300008580089,
        "dvar2": 0.0620967335999,
        "max": 1,
        "mean": 0.205723121762,
        "median": 0,
        "min": 0,
        "stdev": 0.404232561588,
        "var": 0.163403958082
    },
    "spectral_centroid": {
        "dmean": 137.307418823,
        "dmean2": 205.569732666,
        "dvar": 96577.21875,
        "dvar2": 138477.5625,
        "max": 10315.734375,
        "mean": 873.759460449,
        "median": 573.895812988,
        "min": 183.7449646,
        "stdev": 956.640808105,
        "var": 915161.6875
    },
    "spectral_complexity": {
        "dmean": 1.69504642487,
        "dmean2": 2.6839659214,
        "dvar": 7.73207855225,
        "dvar2": 18.5879821777,
        "max": 43,
        "mean": 8.46867752075,
        "median": 7,
        "min": 0,
        "stdev": 5.14897203445,
        "var": 26.5119152069
    },
    "spectral_decrease": {
        "dmean": 2.58365440153e-09,
        "dmean2": 3.87638010579e-09,
        "dvar": 6.87452204689e-17,
        "dvar2": 1.66468946841e-16,
        "max": -4.83241251341e-29,
        "mean": -6.92089718868e-09,
        "median": -1.98634242388e-09,
        "min": -1.08189304626e-07,
        "stdev": 1.11413260839e-08,
        "var": 1.24129144705e-16
    },
    "spectral_energy": {
        "dmean": 0.0100718345493,
        "dmean2": 0.0150249786675,
        "dvar": 0.000994459842332,
        "dvar2": 0.00239903782494,
        "max": 0.414551943541,
        "mean": 0.0272621717304,
        "median": 0.00784963555634,
        "min": 1.04561825203e-20,
        "stdev": 0.0432219728827,
        "var": 0.0018681390211
    },
    "spectral_energyband_high": {
        "dmean": 0.000280746025965,
        "dmean2": 0.000346026121406,
        "dvar": 1.53509495249e-06,
        "dvar2": 2.01753141482e-06,
        "max": 0.0354135222733,
        "mean": 0.000549587071873,
        "median": 4.71764578833e-05,
        "min": 7.68771483108e-21,
        "stdev": 0.00236704922281,
        "var": 5.60292210139e-06
    },
    "spectral_energyband_low": {
        "dmean": 0.00732961436734,
        "dmean2": 0.0115856481716,
        "dvar": 0.00101698318031,
        "dvar2": 0.002580457367,
        "max": 0.38300794363,
        "mean": 0.0138269159943,
        "median": 0.00193757168017,
        "min": 2.63160495439e-23,
        "stdev": 0.034203581512,
        "var": 0.00116988492664
    },
    "spectral_energyband_middle_high": {
        "dmean": 0.00110152177513,
        "dmean2": 0.0016226406442,
        "dvar": 1.18943835332e-05,
        "dvar2": 2.76739428955e-05,
        "max": 0.0578394755721,
        "mean": 0.00225377525203,
        "median": 0.000421628647018,
        "min": 1.71480033978e-21,
        "stdev": 0.00627423450351,
        "var": 3.93660156988e-05
    },
    "spectral_energyband_middle_low": {
        "dmean": 0.00398308923468,
        "dmean2": 0.00576588977128,
        "dvar": 6.55956027913e-05,
        "dvar2": 0.000136698203278,
        "max": 0.100585356355,
        "mean": 0.0118959266692,
        "median": 0.0051900409162,
        "min": 3.00028843856e-22,
        "stdev": 0.0158085022122,
        "var": 0.000249908742262
    },
    "spectral_entropy": {
        "dmean": 0.18242457509,
        "dmean2": 0.25700327754,
        "dvar": 0.0666392371058,
        "dvar2": 0.153805539012,
        "max": 9.79474067688,
        "mean": 6.67934894562,
        "median": 6.58516168594,
        "min": 4.44291305542,
        "stdev": 0.940211653709,
        "var": 0.88399797678
    },
    "spectral_flux": {
        "dmean": 0.0204667858779,
        "dmean2": 0.0321321301162,
        "dvar": 0.00185709551442,
        "dvar2": 0.0040720035322,
        "max": 0.569584429264,
        "mean": 0.0519000813365,
        "median": 0.0217512305826,
        "min": 1.02255474921e-10,
        "stdev": 0.0689076185226,
        "var": 0.00474825967103
    },
    "spectral_kurtosis": {
        "dmean": 5.20094299316,
        "dmean2": 8.57733726501,
        "dvar": 178.87322998,
        "dvar2": 425.013397217,
        "max": 261.895446777,
        "mean": 17.9624328613,
        "median": 5.22410869598,
        "min": -1.19202303886,
        "stdev": 40.278427124,
        "var": 1622.35168457
    },
    "spectral_rms": {
        "dmean": 0.000600221508648,
        "dmean2": 0.000831146375276,
        "dvar": 1.77343088126e-06,
        "dvar2": 3.75626450477e-06,
        "max": 0.0201107170433,
        "mean": 0.00409251591191,
        "median": 0.00276734190993,
        "min": 3.19392450855e-12,
        "stdev": 0.00313824042678,
        "var": 9.84855250863e-06
    },
    "spectral_rolloff": {
        "dmean": 213.198074341,
        "dmean2": 356.923400879,
        "dvar": 432679,
        "dvar2": 756701.5,
        "max": 18389.3554688,
        "mean": 1497.2845459,
        "median": 495.263671875,
        "min": 86.1328125,
        "stdev": 3262.52026367,
        "var": 10644038
    },
    "spectral_skewness": {
        "dmean": 0.397776693106,
        "dmean2": 0.628763079643,
        "dvar": 0.427616328001,
        "dvar2": 0.932888746262,
        "max": 13.2536306381,
        "mean": 2.66974449158,
        "median": 1.98488783836,
        "min": 0.0723685398698,
        "stdev": 2.29783535004,
        "var": 5.28004741669
    },
    "spectral_spread": {
        "dmean": 583551.4375,
        "dmean2": 835090.9375,
        "dvar": 1.30234384384e+12,
        "dvar2": 1.87211186176e+12,
        "max": 40637504,
        "mean": 4568245,
        "median": 4102303.25,
        "min": 357165.59375,
        "stdev": 2490632.5,
        "var": 6.20325083546e+12
    },
    "spectral_strongpeak": {
        "dmean": 0.360166609287,
        "dmean2": 0.592589020729,
        "dvar": 0.698504447937,
        "dvar2": 1.54247617722,
        "max": 9.26596736908,
        "mean": 0.716126859188,
        "median": 0.320617824793,
        "min": 5.20198328857e-10,
        "stdev": 1.18773245811,
        "var": 1.41070830822
    },
    "zerocrossingrate": {
        "dmean": 0.00791416224092,
        "dmean2": 0.00860486924648,
        "dvar": 0.000149049577885,
        "dvar2": 0.000118012787425,
        "max": 0.49951171875,
        "mean": 0.0587357394397,
        "median": 0.03271484375,
        "min": 0.00341796875,
        "stdev": 0.0911327898502,
        "var": 0.00830518547446
    },
    "barkbands": {
        "dmean": [0.000184490490938, 0.00616974523291, 0.0017645068001, 0.000675795890857, 0.00130632263608, 0.00044022774091, 0.00113846408203, 0.000602045794949, 0.00106954236981, 0.000786412972957, 0.00035286223283, 0.000125316728372, 0.000281800021185, 0.000145406229421, 5.64541442145e-05, 3.33468196914e-05, 3.19772370858e-05, 4.61338204332e-05, 2.96020625683e-05, 3.40241385857e-05, 5.55499391339e-05, 4.96020547871e-05, 6.42284358037e-05, 6.91995519446e-05, 4.13619272877e-05, 3.27345915139e-05, 2.88947580884e-06],
        "dmean2": [0.000264861242613, 0.0102137457579, 0.00289917550981, 0.00111729977652, 0.00183546158951, 0.000662309408654, 0.00170052482281, 0.000938068318646, 0.00159205496311, 0.00106373615563, 0.000545542920008, 0.000208958415897, 0.000448052218417, 0.000213468330912, 9.04693079065e-05, 5.81304047955e-05, 5.14586790814e-05, 7.76647284511e-05, 4.74198350275e-05, 5.42198613402e-05, 8.3069637185e-05, 6.91955210641e-05, 8.25782990432e-05, 8.37805055198e-05, 6.10298739048e-05, 4.65998964501e-05, 4.49594472229e-06],
        "dvar": [5.51335688215e-07, 0.000825058843475, 4.70741942991e-05, 4.42983491666e-06, 6.78953756506e-06, 1.72096736151e-06, 1.23319769045e-05, 6.76530953569e-06, 1.54149438458e-05, 1.08707581603e-05, 3.07662048726e-06, 3.33363885829e-07, 4.08562982557e-06, 3.11224141569e-07, 4.35145537381e-08, 1.28638255603e-08, 9.76702629885e-09, 1.62523896563e-08, 1.22367707078e-08, 1.45125911288e-08, 1.32774530925e-07, 4.06765181538e-08, 1.37895682428e-07, 1.61203928428e-07, 3.97378876471e-08, 2.07260377749e-08, 1.69753516799e-10],
        "dvar2": [9.5818495538e-07, 0.00219170819037, 0.000127309729578, 1.30519701997e-05, 1.41761984196e-05, 4.01966235586e-06, 3.09294300678e-05, 1.56343958224e-05, 3.21530715155e-05, 1.58590191859e-05, 9.12114501261e-06, 9.46216516695e-07, 1.10525706987e-05, 6.7064996756e-07, 1.08060177695e-07, 3.49917570475e-08, 2.5598129838e-08, 4.44461356608e-08, 2.26861942565e-08, 3.51404878529e-08, 2.35064220533e-07, 6.70317845675e-08, 1.70556546664e-07, 2.48396986535e-07, 9.83087602435e-08, 4.77130015497e-08, 4.10829398279e-10],
        "max": [0.00891560222954, 0.355398654938, 0.0884998440742, 0.0305583495647, 0.0384861752391, 0.0268040634692, 0.0513521842659, 0.0427841581404, 0.0534652136266, 0.0896362736821, 0.0396374985576, 0.0078493040055, 0.043688967824, 0.0119894044474, 0.00390708073974, 0.00177697953768, 0.00154688186012, 0.00146221765317, 0.00299827684648, 0.00226026237942, 0.0111061641946, 0.00593023234978, 0.0129370223731, 0.0137904183939, 0.00286645395681, 0.00205391249619, 0.000177091045771],
        "mean": [0.000220786547288, 0.00796768814325, 0.00484988791868, 0.00152639986482, 0.00380634143949, 0.00107137614395, 0.00189627753571, 0.000838400039356, 0.00159097893629, 0.00147585116792, 0.00052394985687, 0.00013270918862, 0.000307495938614, 0.000214082756429, 7.40446193959e-05, 3.60044687113e-05, 4.64258118882e-05, 6.26045875833e-05, 4.56359375676e-05, 5.10387289978e-05, 7.92667342466e-05, 8.60040017869e-05, 0.000119614225696, 0.000128309009597, 5.88336552028e-05, 4.88969890284e-05, 3.27869156536e-06],
        "median": [1.96222174509e-07, 0.000379859644454, 0.000266376533546, 0.000942529644817, 0.00152331788559, 0.000516736239661, 0.0003982015769, 8.95500197657e-05, 0.000147511032992, 9.85899969237e-05, 5.27835800312e-05, 2.01401016966e-05, 8.22087349661e-06, 1.46848087752e-05, 1.1650921806e-05, 4.95230779052e-06, 5.50364848095e-06, 1.35886175485e-05, 7.49936498323e-06, 9.61165369517e-06, 7.31476120563e-06, 1.18954039863e-05, 4.35222000306e-06, 5.83028167966e-06, 5.33995830665e-07, 1.59014135193e-07, 2.02998751142e-09],
        "min": [9.60667217592e-25, 1.45403283812e-23, 4.2210542866e-24, 1.98710433265e-23, 1.79033213063e-23, 3.52224343143e-23, 6.42347283907e-23, 5.89049001251e-23, 9.93061526396e-23, 2.54908852599e-23, 5.11748868247e-23, 8.8525743592e-23, 2.16153946482e-22, 2.18182114181e-22, 1.4342899847e-22, 1.53146351183e-22, 2.22535187495e-22, 2.31081163806e-22, 2.18118954821e-22, 2.28953132628e-22, 6.16807438784e-22, 4.91550665371e-22, 5.41835259555e-22, 6.90306454983e-22, 1.10600661708e-21, 1.88948266941e-21, 2.40992770678e-21],
        "stdev": [0.00094948062906, 0.0275896992534, 0.00914953369647, 0.00217240280472, 0.00597929349169, 0.00210668775253, 0.004823314026, 0.00313683529384, 0.00542343594134, 0.00694713834673, 0.00240308092907, 0.000497345405165, 0.00190861651208, 0.000871204712894, 0.00025256871595, 0.000104519669549, 0.000141600234201, 0.000146597973071, 0.000170163897565, 0.000161654592375, 0.000504950643517, 0.000358903547749, 0.000695277703926, 0.000719071715139, 0.000225795520237, 0.000185679018614, 1.42399385368e-05],
        "var": [9.01513487861e-07, 0.000761191477068, 8.37139596115e-05, 4.7193334467e-06, 3.57519493264e-05, 4.43813314632e-06, 2.32643596974e-05, 9.8397349575e-06, 2.94136571029e-05, 4.82627292513e-05, 5.77479841013e-06, 2.4735243187e-07, 3.64281686416e-06, 7.58997657613e-07, 6.37909565171e-08, 1.09243618596e-08, 2.00506278247e-08, 2.14909636753e-08, 2.89557533506e-08, 2.6132207509e-08, 2.54975162761e-07, 1.28811748823e-07, 4.83411099594e-07, 5.17064165706e-07, 5.09836191043e-08, 3.44766952765e-08, 2.02775837788e-10]
    },
    "erbbands": {
        "dmean": [0.171950727701, 1.44629669189, 2.27331852913, 1.89446628094, 3.27039599419, 5.12786102295, 2.96827316284, 4.011282444, 13.3975572586, 16.6467285156, 12.768737793, 25.1994152069, 32.3175201416, 13.306303978, 8.99135875702, 6.88128328323, 11.6954755783, 8.38502216339, 3.70055770874, 2.16772460938, 1.53977489471, 1.73003828526, 2.59475946426, 1.43096089363, 1.77217233181, 1.5475949049, 2.11678171158, 1.98195433617, 1.45275402069, 2.1458337307, 1.85652029514, 1.86221039295, 0.895813465118, 0.45423039794, 0.327818840742, 0.173690780997, 0.0544329620898, 0.0101496819407, 0.000288353272481, 1.71834744833e-05],
        "dmean2": [0.259089231491, 2.539757967, 3.82914400101, 3.1834924221, 4.81130123138, 7.13527011871, 4.09101247787, 6.24015808105, 19.6329631805, 25.6261367798, 18.9189605713, 37.2825088501, 44.6739311218, 18.6369667053, 13.6175279617, 11.6160154343, 18.6346569061, 12.1108360291, 5.79718971252, 3.56956315041, 2.58125042915, 2.82280397415, 4.38638877869, 2.26525354385, 2.93629169464, 2.4759824276, 3.20272040367, 2.96744656563, 1.96745407581, 2.9756925106, 2.45392775536, 2.4946038723, 1.18295872211, 0.661224961281, 0.486108183861, 0.260205686092, 0.0757067725062, 0.0150342956185, 0.000428521248978, 2.4513754397e-05],
        "dvar": [0.583114802837, 49.6040763855, 94.3539733887, 47.1933631897, 40.4795303345, 153.062866211, 74.5181884766, 154.514541626, 1454.76818848, 3513.79956055, 2408.68505859, 9695.20605469, 18393.7109375, 3974.70825195, 1468.34765625, 1027.31896973, 8113.40332031, 1498.69299316, 122.762115479, 43.0080718994, 20.4720211029, 29.7330207825, 55.8459625244, 12.7027406693, 52.6671714783, 26.5952167511, 142.884933472, 198.299209595, 31.1929302216, 131.763320923, 126.540588379, 141.915908813, 20.4705982208, 3.89801239967, 2.67843198776, 0.721966445446, 0.0528120286763, 0.00181509158574, 1.50436289914e-06, 2.52374388054e-09],
        "dvar2": [1.26018619537, 141.084350586, 258.592163086, 134.231521606, 93.7544631958, 305.244049072, 144.729248047, 382.785644531, 3665.02124023, 8620.06445312, 5111.88916016, 20572.1367188, 28693.71875, 11688.4277344, 2683.41064453, 2868.42382812, 22129.9746094, 2856.31689453, 307.935577393, 111.990707397, 54.4248809814, 79.957321167, 154.55166626, 27.9445018768, 109.009635925, 61.4244422913, 271.115936279, 358.518676758, 53.2526016235, 184.781997681, 167.260910034, 266.388122559, 26.8804397583, 8.76132106781, 6.72773933411, 1.8019939661, 0.111465327442, 0.00424676714465, 3.54114786205e-06, 5.55598589358e-09],
        "max": [9.18735980988, 81.9588165283, 145.415771484, 120.165252686, 110.662445068, 209.310043335, 252.935195923, 285.759307861, 521.124328613, 690.67578125, 1013.32312012, 1568.53503418, 3538.92333984, 1506.88391113, 1139.78735352, 383.555908203, 2144.67285156, 1132.72570801, 152.224014282, 89.5414276123, 54.1303329468, 87.943862915, 89.2100219727, 56.3328208923, 176.889953613, 79.4445724487, 288.475341797, 455.852813721, 158.849716187, 395.124267578, 369.860076904, 375.380218506, 153.228210449, 33.443397522, 28.1925258636, 13.6260757446, 3.23669838905, 0.527387976646, 0.0160606596619, 0.000576750666369],
        "mean": [0.214400500059, 1.86699390411, 5.54112911224, 5.32307243347, 9.7862739563, 14.3745994568, 7.2385840416, 9.15185546875, 24.3355865479, 24.7263278961, 19.9577388763, 37.5982017517, 61.1250419617, 21.1673622131, 14.253947258, 7.74454784393, 13.2731189728, 12.8985719681, 5.71318864822, 2.84197926521, 2.00136899948, 2.505838871, 3.43728470802, 2.37752938271, 2.76925754547, 2.41808414459, 3.08630895615, 2.84270095825, 2.52469849586, 3.83217144012, 3.50433182716, 3.29644227028, 1.59507751465, 0.653555750847, 0.444275647402, 0.247428312898, 0.0826780647039, 0.0133777121082, 0.000380699202651, 4.17143273808e-05],
        "median": [0.00505755376071, 0.103521645069, 0.305093199015, 3.50420880318, 5.36596679688, 3.52999639511, 3.77481603622, 3.63939785957, 6.61583518982, 2.65861821175, 3.76338195801, 3.18844819069, 3.2581448555, 3.09005856514, 1.55199682713, 0.976376891136, 0.516736209393, 0.642230451107, 0.941592335701, 0.63870382309, 0.336969912052, 0.384248971939, 0.741402447224, 0.515510737896, 0.516915738583, 0.442905455828, 0.296180844307, 0.26886305213, 0.362721711397, 0.310842722654, 0.167225509882, 0.116841837764, 0.0693840160966, 0.0146939214319, 0.00342636392452, 0.0015474348329, 0.000190808976186, 1.77697602339e-05, 4.60285036752e-06, 9.03003365238e-06],
        "min": [7.44240610015e-22, 1.88363787906e-21, 3.48701743462e-21, 3.46655174226e-20, 5.91516532919e-20, 7.02834234607e-20, 1.31396981144e-19, 3.24317691697e-19, 6.88944980318e-19, 1.06191265351e-18, 1.4479273431e-18, 2.28915555041e-18, 1.14797583316e-18, 1.20249499714e-18, 3.01209506896e-18, 3.94313730641e-18, 9.94886849537e-18, 1.18503846701e-17, 8.10166748124e-18, 5.88668294161e-18, 1.17733212155e-17, 1.11635799162e-17, 1.03325926184e-17, 1.21004058005e-17, 1.36075553463e-17, 9.17348924149e-18, 1.81283066706e-17, 2.59088270693e-17, 1.64889686998e-17, 1.83245767776e-17, 1.71034183111e-17, 1.35936777372e-17, 1.17187843705e-17, 1.10628524786e-17, 8.61420761393e-18, 6.92621363871e-18, 3.53675836071e-18, 1.41473589384e-18, 3.28536623013e-19, 3.48116537412e-20],
        "stdev": [0.844049036503, 6.18557739258, 11.0692033768, 6.95631456375, 13.8749046326, 28.7310256958, 13.3144264221, 20.08335495, 57.6806755066, 71.1762771606, 66.1237411499, 134.682983398, 281.718902588, 84.5073242188, 65.9851226807, 28.6834793091, 81.744392395, 60.6359634399, 15.3642807007, 7.45509386063, 5.1581568718, 7.16509628296, 8.44364356995, 5.40725135803, 10.8221912384, 7.32647228241, 16.7228603363, 18.5276794434, 10.4180870056, 20.2621994019, 20.2557258606, 20.1348419189, 7.86835575104, 2.58476400375, 1.73623287678, 0.972286880016, 0.317554831505, 0.0514668226242, 0.00146223709453, 7.36760266591e-05],
        "var": [0.712418735027, 38.2613677979, 122.527259827, 48.3903121948, 192.512985229, 825.471862793, 177.273956299, 403.341125488, 3327.06030273, 5066.0625, 4372.34960938, 18139.5078125, 79365.546875, 7141.48779297, 4354.03613281, 822.742004395, 6682.14550781, 3676.7199707, 236.061126709, 55.5784263611, 26.6065807343, 51.3386039734, 71.2951202393, 29.238368988, 117.119819641, 53.677192688, 279.654052734, 343.274871826, 108.5365448, 410.556762695, 410.294464111, 405.411865234, 61.9110221863, 6.68100547791, 3.01450443268, 0.945341765881, 0.100841067731, 0.00264883367345, 2.13813746086e-06, 5.42815659088e-09]
    },
    "gfcc": {
        "mean": [-135.878295898, 120.198989868, -81.9812240601, 29.4676132202, -73.3179550171, 12.8786554337, -31.9743118286, -0.897172808647, -20.0796985626, -8.84002685547, -15.3240919113, -6.46909761429, -11.0901298523],
        "cov": [[53493.6640625, 6029.77246094, 664.717773438, 1601.58300781, -762.100646973, 961.603515625, -406.336486816, 767.09576416, -327.815307617, -10.7917966843, -408.268707275, -357.076812744, -738.062805176], [6029.77246094, 4575.32421875, 99.3785095215, -403.208648682, -416.618865967, -344.112213135, 181.086257935, -746.921508789, 200.980606079, -674.458618164, 146.275650024, -414.556549072, 226.335357666], [664.717773438, 99.3785095215, 1295.79125977, -213.465026855, 32.2462615967, 173.19241333, 40.4467926025, 162.540588379, 18.4130897522, 221.226104736, 15.1698322296, 101.37210083, -134.814529419], [1601.58300781, -403.208648682, -213.465026855, 660.347961426, 45.2515106201, -110.417694092, -84.5186080933, 69.9531555176, -61.2429389954, 41.5959854126, -24.2987384796, 2.53641629219, 23.6156787872], [-762.100646973, -416.618865967, 32.2462615967, 45.2515106201, 409.728485107, 31.5490818024, 22.1906814575, 209.527770996, -30.2755355835, 115.330444336, 33.7627334595, 100.899787903, -33.0431060791], [961.603515625, -344.112213135, 173.19241333, -110.417694092, 31.5490818024, 345.28036499, 33.1637191772, 142.265579224, -9.33833885193, 97.3296966553, -15.1035385132, 60.1667098999, -98.9929275513], [-406.336486816, 181.086257935, 40.4467926025, -84.5186080933, 22.1906814575, 33.1637191772, 153.306060791, -19.8626155853, 11.4276809692, -27.4187431335, 24.2466373444, -14.1959609985, 18.0056743622], [767.09576416, -746.921508789, 162.540588379, 69.9531555176, 209.527770996, 142.265579224, -19.8626155853, 373.426757812, -45.5778198242, 180.54057312, -30.3843460083, 133.489364624, -105.034576416], [-327.815307617, 200.980606079, 18.4130897522, -61.2429389954, -30.2755355835, -9.33833885193, 11.4276809692, -45.5778198242, 112.636680603, -6.73313379288, 13.0278835297, -43.2154350281, 15.4561328888], [-10.7917966843, -674.458618164, 221.226104736, 41.5959854126, 115.330444336, 97.3296966553, -27.4187431335, 180.54057312, -6.73313379288, 268.620269775, -8.26530647278, 62.9283981323, -96.858215332], [-408.268707275, 146.275650024, 15.1698322296, -24.2987384796, 33.7627334595, -15.1035385132, 24.2466373444, -30.3843460083, 13.0278835297, -8.26530647278, 95.4279785156, -1.99721360207, 0.383441776037], [-357.076812744, -414.556549072, 101.37210083, 2.53641629219, 100.899787903, 60.1667098999, -14.1959609985, 133.489364624, -43.2154350281, 62.9283981323, -1.99721360207, 152.119781494, -21.6155090332], [-738.062805176, 226.335357666, -134.814529419, 23.6156787872, -33.0431060791, -98.9929275513, 18.0056743622, -105.034576416, 15.4561328888, -96.858215332, 0.383441776037, -21.6155090332, 122.447212219]],
        "icov": [[0.000122923331219, -0.00048465753207, 0.000170530329342, -0.000456907757325, 0.000347302906448, -0.000495709071402, 0.000286616152152, -0.00064760184614, 0.000496645690873, -0.00055294809863, 0.000524596136529, -0.000132190907607, 0.000482910865685], [-0.00048465753207, 0.00252007553354, -0.00104813335929, 0.00189369055443, -0.00150554813445, 0.00212691398337, -0.00125346134882, 0.00284794159234, -0.00232915184461, 0.00359135167673, -0.00252535101026, 0.00150916585699, -0.0017490782775], [0.000170530329342, -0.00104813335929, 0.00153459759895, -0.000412677938584, 0.000893240503501, -0.000729209103156, 5.61115775781e-05, -0.00109558319673, 0.0006555490545, -0.00238125375472, 0.000861578562763, -0.00145441340283, 0.00121214217506], [-0.000456907757325, 0.00189369055443, -0.000412677938584, 0.00377073069103, -0.00120353407692, 0.00245003867894, -0.000271487486316, 0.00161485455465, -0.000781120441388, 0.00161539553665, -0.00214860844426, 0.00138113403227, -0.00272796745412], [0.000347302906448, -0.00150554813445, 0.000893240503501, -0.00120353407692, 0.00530108064413, -0.000754178210627, -0.000120982673252, -0.00435738591477, 0.00174868141767, -0.0028544429224, -0.000526249583345, -0.00153439387213, 0.000444870995125], [-0.000495709071402, 0.00212691398337, -0.000729209103156, 0.00245003867894, -0.000754178210627, 0.00673157954589, -0.00271578459069, 0.00170419423375, -0.00242594908923, 0.00234415079467, -0.00155388610438, -0.000369889516151, 0.0010051362915], [0.000286616152152, -0.00125346134882, 5.61115775781e-05, -0.000271487486316, -0.000120982673252, -0.00271578459069, 0.00909346342087, -0.00192430778407, 0.00177174445707, -0.000801220245194, -0.000513754901476, 0.00150967668742, -0.00164670322556], [-0.00064760184614, 0.00284794159234, -0.00109558319673, 0.00161485455465, -0.00435738591477, 0.00170419423375, -0.00192430778407, 0.0114610996097, -0.00317288120277, 0.00212465715595, -4.5084314479e-05, -0.00268149422482, 0.00123866507784], [0.000496645690873, -0.00232915184461, 0.0006555490545, -0.000781120441388, 0.00174868141767, -0.00242594908923, 0.00177174445707, -0.00317288120277, 0.0135846696794, -0.00446134991944, 0.000748778053094, 0.00270661059767, -0.00106863561086], [-0.00055294809863, 0.00359135167673, -0.00238125375472, 0.00161539553665, -0.0028544429224, 0.00234415079467, -0.000801220245194, 0.00212465715595, -0.00446134991944, 0.0130192516372, -0.0030347534921, 0.00259472453035, 0.00148973334581], [0.000524596136529, -0.00252535101026, 0.000861578562763, -0.00214860844426, -0.000526249583345, -0.00155388610438, -0.000513754901476, -4.5084314479e-05, 0.000748778053094, -0.0030347534921, 0.0155222024769, -0.00288273347542, 0.00477903941646], [-0.000132190907607, 0.00150916585699, -0.00145441340283, 0.00138113403227, -0.00153439387213, -0.000369889516151, 0.00150967668742, -0.00268149422482, 0.00270661059767, 0.00259472453035, -0.00288273347542, 0.0139989648014, -0.00449825217947], [0.000482910865685, -0.0017490782775, 0.00121214217506, -0.00272796745412, 0.000444870995125, 0.0010051362915, -0.00164670322556, 0.00123866507784, -0.00106863561086, 0.00148973334581, 0.00477903941646, -0.00449825217947, 0.0189129114151]]
    },
    "melbands": {
        "dmean": [0.00164128304459, 0.00132458191365, 0.000336195895215, 0.000314817763865, 0.000123882215121, 9.54991846811e-05, 0.0002146143961, 0.000174096072442, 0.000111336645205, 0.000168617247255, 0.000158177310368, 5.08329831064e-05, 3.5761455365e-05, 1.56146033987e-05, 2.68519797828e-05, 2.25324711209e-05, 1.65268229466e-05, 6.4746704993e-06, 4.3208851821e-06, 2.69129645858e-06, 1.78582922672e-06, 1.85524822882e-06, 2.13525117942e-06, 2.33839796238e-06, 1.12287739285e-06, 1.23313509448e-06, 1.34042488753e-06, 1.02296860405e-06, 1.21508730899e-06, 1.65716755873e-06, 1.01157286281e-06, 6.8570784606e-07, 1.27871487621e-06, 1.21222808502e-06, 1.15321131489e-06, 1.10872827008e-06, 1.18263744753e-06, 7.55927658247e-07, 4.14319998754e-07, 3.8441365291e-07],
        "dmean2": [0.00261186854914, 0.00220857840031, 0.000549927470274, 0.000437555194367, 0.000170676474227, 0.000145810685353, 0.00031765998574, 0.000270662625553, 0.000160805371706, 0.000253856589552, 0.000219079112867, 7.06371574779e-05, 5.45073926332e-05, 2.5367771741e-05, 4.49163308076e-05, 3.51109556505e-05, 2.34927047131e-05, 1.02692692963e-05, 7.00581176716e-06, 4.7239768719e-06, 3.01446993944e-06, 2.99553198602e-06, 3.5387402022e-06, 3.94697553929e-06, 1.76645289685e-06, 1.96314999812e-06, 2.23098209062e-06, 1.64710525041e-06, 1.8872194687e-06, 2.50442553806e-06, 1.55914540301e-06, 9.50883929818e-07, 1.79063567884e-06, 1.67713790233e-06, 1.52191705638e-06, 1.4173206182e-06, 1.68896588093e-06, 1.01379646367e-06, 5.55878557407e-07, 5.86255964663e-07],
        "dvar": [5.60044500162e-05, 3.62270438927e-05, 1.06192192106e-06, 3.88514365568e-07, 1.04581800997e-07, 7.44358317206e-08, 3.9393094653e-07, 4.23308051722e-07, 2.16317374679e-07, 4.39127148866e-07, 4.47409632898e-07, 5.64418911608e-08, 2.3786331127e-08, 3.91374310738e-09, 3.64205590131e-08, 2.20301625831e-08, 5.144374704e-09, 3.84547893528e-10, 2.76036360436e-10, 1.00843160211e-10, 3.31751917604e-11, 4.19070264601e-11, 3.71564411183e-11, 4.4534067406e-11, 8.06252026947e-12, 2.54672428979e-11, 3.05684089152e-11, 1.18513081293e-11, 3.53718963841e-11, 1.42476960785e-10, 4.16489967514e-11, 5.2899234472e-12, 3.61037033603e-11, 4.36792824132e-11, 5.2665462269e-11, 3.88336515722e-11, 5.99207211627e-11, 1.536818936e-11, 3.36084935923e-12, 2.97435448667e-12],
        "dvar2": [0.000140279094921, 0.000100481403933, 3.00669398712e-06, 8.36899914702e-07, 2.01232921881e-07, 1.79836845859e-07, 9.82681626738e-07, 1.01739010461e-06, 4.22775400466e-07, 9.50243645548e-07, 6.98732264937e-07, 1.63564379818e-07, 5.89456590205e-08, 9.94594984149e-09, 9.79391145961e-08, 5.83881458738e-08, 9.67506963434e-09, 9.77672498514e-10, 6.77942646465e-10, 2.76521028297e-10, 8.94900750725e-11, 1.14949834373e-10, 1.01208375014e-10, 1.24738122609e-10, 1.79941651857e-11, 4.55589177495e-11, 8.10009281871e-11, 2.82776423804e-11, 7.40275410416e-11, 2.44149894746e-10, 8.21585785515e-11, 8.87369257935e-12, 6.3733768263e-11, 5.60104809755e-11, 8.27110879786e-11, 5.85086007421e-11, 1.25764287873e-10, 2.17255623214e-11, 5.32437418807e-12, 7.39820791434e-12],
        "max": [0.0956937000155, 0.0835788697004, 0.0177602339536, 0.0100030768663, 0.00657683750615, 0.00546546466649, 0.00955854635686, 0.00883209612221, 0.0107056181878, 0.0102890217677, 0.0174975246191, 0.00557267526165, 0.00362697150558, 0.000890036462806, 0.00385366240516, 0.00293371989392, 0.00193924072664, 0.000244499155087, 0.000325946195517, 0.000182844436495, 8.99631704669e-05, 0.000117591203889, 7.44461794966e-05, 7.85239317338e-05, 5.13700251759e-05, 0.00013929362467, 0.000115976268717, 4.6633722377e-05, 0.000140529547934, 0.000377907213988, 0.000197132962057, 6.93445545039e-05, 0.000190335267689, 0.000236689753365, 0.000254562997725, 0.00017137969553, 0.000241257599555, 0.000133239635034, 5.44631657249e-05, 2.62279281742e-05],
        "mean": [0.00208292435855, 0.00266719469801, 0.00105003872886, 0.000937701028306, 0.000307822483592, 0.000220777103095, 0.000381244317396, 0.000249929144047, 0.000174094398972, 0.000250206911005, 0.000296505779261, 7.60311741033e-05, 5.40856199223e-05, 1.94658696273e-05, 2.72394099738e-05, 2.74261110462e-05, 2.44013972406e-05, 9.43116992858e-06, 5.76636784899e-06, 2.88373416879e-06, 2.21576806325e-06, 2.57374358625e-06, 2.82449354927e-06, 3.04963100461e-06, 1.7602421849e-06, 1.79181654403e-06, 1.98523298423e-06, 1.49779509684e-06, 1.69697648289e-06, 2.25354392569e-06, 1.4038515701e-06, 1.21250343454e-06, 2.03152444556e-06, 2.12424765778e-06, 2.00884528567e-06, 1.9944388896e-06, 2.0197160211e-06, 1.28074111672e-06, 6.50260687962e-07, 4.95927849897e-07],
        "median": [8.12195576145e-05, 0.000207230332308, 0.000677399162669, 0.000378388271201, 0.000124413301819, 9.81062330538e-05, 9.16227290872e-05, 1.65915243997e-05, 2.88525607175e-05, 1.86602919712e-05, 1.5420229829e-05, 1.1681824617e-05, 6.04362276135e-06, 1.9542865175e-06, 2.12819827539e-06, 4.88282296374e-07, 1.17507318009e-06, 1.40257009207e-06, 8.8671612275e-07, 4.18960468096e-07, 3.34582153982e-07, 3.30560880002e-07, 3.8864226326e-07, 6.31156353847e-07, 2.79710349105e-07, 2.53125250538e-07, 3.58814247647e-07, 1.99506800413e-07, 1.67451617017e-07, 1.74600003788e-07, 1.07320069276e-07, 1.67695830555e-07, 2.15770782575e-07, 1.36117165539e-07, 6.75264573147e-08, 5.06761423935e-08, 5.74983829438e-08, 4.89779594659e-08, 1.44124374657e-08, 3.51349216388e-09],
        "min": [4.86419522768e-24, 2.29386433413e-24, 7.36129182467e-24, 3.94653858019e-24, 4.70794002616e-24, 7.35971410286e-24, 1.18384931915e-23, 1.2164572791e-23, 1.26602440744e-23, 1.46068135783e-23, 5.47408094845e-24, 4.42642870124e-24, 7.75867419479e-24, 1.02570574239e-23, 1.85487199673e-23, 1.85250241634e-23, 2.39461125917e-23, 1.34999659977e-23, 1.0409866881e-23, 7.20134159867e-24, 1.55767890588e-23, 1.28619029542e-23, 8.56949304331e-24, 1.1048833959e-23, 9.25588722783e-24, 1.02481038526e-23, 1.03216974753e-23, 4.43144506774e-24, 1.03556437378e-23, 1.53508687619e-23, 1.38564632848e-23, 8.6185704468e-24, 9.65393066338e-24, 9.92553783963e-24, 1.16447197653e-23, 6.19784584063e-24, 9.48004757607e-24, 7.87520946087e-24, 8.84220541369e-24, 9.67386360074e-24],
        "stdev": [0.00757738947868, 0.0059889992699, 0.00121021829545, 0.00148759654257, 0.000556752609555, 0.000446989317425, 0.000923038634937, 0.000783695199061, 0.000653554394376, 0.000903975684196, 0.00138625397813, 0.000310940667987, 0.000237293177634, 7.17909497325e-05, 0.000165182675119, 0.000164286306244, 0.000115656490379, 2.61389595835e-05, 2.02014252864e-05, 8.99179485714e-06, 6.59304214423e-06, 8.19456636236e-06, 7.29373414288e-06, 7.26342477719e-06, 4.2176216084e-06, 7.86330929259e-06, 7.08312973074e-06, 4.5978754315e-06, 7.99659574113e-06, 1.6399564629e-05, 8.23590107757e-06, 4.83263329443e-06, 9.50126832322e-06, 1.20136592159e-05, 1.20403892652e-05, 1.21048487927e-05, 1.22657966131e-05, 6.47971046419e-06, 2.90554021376e-06, 1.99293754122e-06],
        "var": [5.74168298044e-05, 3.58681136277e-05, 1.46462843986e-06, 2.21294362746e-06, 3.09973472667e-07, 1.99799444545e-07, 8.52000368923e-07, 6.14178190972e-07, 4.27133358016e-07, 8.17172008283e-07, 1.92170000446e-06, 9.66840971728e-08, 5.63080497784e-08, 5.15393994149e-09, 2.72853171168e-08, 2.69899924632e-08, 1.33764235244e-08, 6.83245182653e-10, 4.08097583504e-10, 8.08523734075e-11, 4.34682047301e-11, 6.71509167716e-11, 5.31985601404e-11, 5.27573366937e-11, 1.77883333063e-11, 6.18316300938e-11, 5.01707286826e-11, 2.11404591749e-11, 6.39455502438e-11, 2.689457268e-10, 6.78300610124e-11, 2.33543445e-11, 9.02741006947e-11, 1.44328007878e-10, 1.44970965787e-10, 1.4652735969e-10, 1.50449763758e-10, 4.19866502677e-11, 8.44216363483e-12, 3.97179988551e-12]
    },
    "melbands128": {
