{
"lowlevel": {
    "average_loudness": 0.956199467182,
    "barkbands_crest": {
        "dmean": 2.17493319511,
        "dmean2": 3.33185243607,
        "dvar": 3.960927248,
        "dvar2": 9.2312078476,
        "max": 23.8841953278,
        "mean": 9.51207256317,
        "median": 8.61875247955,
        "min": 3.34761714935,
        "stdev": 3.84203290939,
        "var": 14.7612161636
    },
    "barkbands_flatness_db": {
        "dmean": 0.0217514466494,
        "dmean2": 0.0303158573806,
        "dvar": 0.000425207719672,
        "dvar2": 0.000786114134826,
        "max": 0.327790826559,
        "mean": 0.138237088919,
        "median": 0.134242236614,
        "min": 0.0462085083127,
        "stdev": 0.0393950715661,
        "var": 0.00155197177082
    },
    "barkbands_kurtosis": {
        "dmean": 2.67049431801,
        "dmean2": 3.87818956375,
        "dvar": 21.6906776428,
        "dvar2": 39.4764900208,
        "max": 92.1022262573,
        "mean": 4.54936790466,
        "median": 2.59611225128,
        "min": -1.89814555645,
        "stdev": 8.02417182922,
        "var": 64.3873291016
    },
    "barkbands_skewness": {
        "dmean": 0.500178456306,
        "dmean2": 0.709492385387,
        "dvar": 0.263076245785,
        "dvar2": 0.477197140455,
        "max": 7.849588871,
        "mean": 1.55997478962,
        "median": 1.39404451847,
        "min": -1.80152833462,
        "stdev": 1.12735795975,
        "var": 1.27093589306
    },
    "barkbands_spread": {
        "dmean": 5.78804636002,
        "dmean2": 8.46568202972,
        "dvar": 59.7778930664,
        "dvar2": 126.780570984,
        "max": 92.8341751099,
        "mean": 20.9121932983,
        "median": 16.7215938568,
        "min": 0.897451102734,
        "stdev": 13.7786045074,
        "var": 189.84992981
    },
    "dissonance": {
        "dmean": 0.0196984782815,
        "dmean2": 0.0327028930187,
        "dvar": 0.00041466683615,
        "dvar2": 0.00101333670318,
        "max": 0.499999940395,
        "mean": 0.451786696911,
        "median": 0.457556217909,
        "min": 0.169036313891,
        "stdev": 0.0303116999567,
        "var": 0.00091879919637
    },
    "dynamic_complexity": 2.93527340889,
    "erbbands_crest": {
        "dmean": 2.41367006302,
        "dmean2": 3.73472070694,
        "dvar": 5.14774465561,
        "dvar2": 12.0179595947,
        "max": 26.8049354553,
        "mean": 10.5604581833,
        "median": 9.60315227509,
        "min": 3.13168597221,
        "stdev": 4.51500272751,
        "var": 20.3852481842
    },
    "erbbands_flatness_db": {
        "dmean": 0.0196394380182,
        "dmean2": 0.0264884307981,
        "dvar": 0.000321564119076,
        "dvar2": 0.000585267145652,
        "max": 0.281876087189,
        "mean": 0.16434790194,
        "median": 0.166129812598,
        "min": 0.0730607509613,
        "stdev": 0.0372902974486,
        "var": 0.00139056635089
    },
    "erbbands_kurtosis": {
        "dmean": 1.02556455135,
        "dmean2": 1.56518566608,
        "dvar": 1.65121209621,
        "dvar2": 4.10383892059,
        "max": 15.418302536,
        "mean": 1.28736031055,
        "median": 0.576996088028,
        "min": -1.64255940914,
        "stdev": 2.4847843647,
        "var": 6.17415380478
    },
    "erbbands_skewness": {
        "dmean": 0.357630908489,
        "dmean2": 0.513887524605,
        "dvar": 0.110505767167,
        "dvar2": 0.223709776998,
        "max": 3.15802550316,
        "mean": 0.638824939728,
        "median": 0.729848861694,
        "min": -2.50839567184,
        "stdev": 0.906366467476,
        "var": 0.821500182152
    },
    "erbbands_spread": {
        "dmean": 8.73882770538,
        "dmean2": 12.647187233,
        "dvar": 117.310760498,
        "dvar2": 259.661499023,
        "max": 116.901519775,
        "mean": 37.1331176758,
        "median": 33.8316345215,
        "min": 4.84044122696,
        "stdev": 18.4650745392,
        "var": 340.958953857
    },
    "hfc": {
        "dmean": 7.19878482819,
        "dmean2": 9.87352085114,
        "dvar": 129.238296509,
        "dvar2": 277.942016602,
        "max": 142.152557373,
        "mean": 23.9977245331,
        "median": 18.7321605682,
        "min": 1.21412710043e-16,
        "stdev": 20.4041347504,
        "var": 416.328735352
    },
    "loudness_ebu128": {
        "integrated": -8.4217042923,
        "loudness_range": 4.34481906891,
        "momentary": {
            "dmean": 0.612966656685,
            "dmean2": 0.683854997158,
            "dvar": 1.43961787224,
            "dvar2": 2.31772041321,
            "max": -5.78485393524,
            "mean": -9.29050922394,
            "median": -8.51418304443,
            "min": -35.888633728,
            "stdev": 3.62621021271,
            "var": 13.1493997574
        },
        "short_term": {
            "dmean": 0.0918698310852,
            "dmean2": 0.0618694610894,
            "dvar": 0.00667993305251,
            "dvar2": 0.00330094993114,
            "max": -6.66611337662,
            "mean": -8.68783378601,
            "median": -8.38378238678,
            "min": -12.6002731323,
            "stdev": 1.56231927872,
            "var": 2.4408416748
        }
    },
    "melbands_crest": {
        "dmean": 2.84127426147,
        "dmean2": 4.45237636566,
        "dvar": 6.61740350723,
        "dvar2": 14.9954767227,
        "max": 30.7788352966,
        "mean": 13.0819406509,
        "median": 12.1734695435,
        "min": 2.43969011307,
        "stdev": 4.72097349167,
        "var": 22.2875900269
    },
    "melbands_flatness_db": {
        "dmean": 0.0240188576281,
        "dmean2": 0.0329919159412,
        "dvar": 0.00059570762096,
        "dvar2": 0.00110951252282,
        "max": 0.427520155907,
        "mean": 0.184942349792,
        "median": 0.180637121201,
        "min": 0.00822617765516,
        "stdev": 0.0525866597891,
        "var": 0.00276535679586
    },
    "melbands_kurtosis": {
        "dmean": 5.68060493469,
        "dmean2": 8.33108234406,
        "dvar": 84.9999847412,
        "dvar2": 172.763031006,
        "max": 171.354736328,
        "mean": 11.4484062195,
        "median": 6.61121463776,
        "min": -1.53908073902,
        "stdev": 15.9843959808,
        "var": 255.500900269
    },
    "melbands_skewness": {
        "dmean": 0.627525806427,
        "dmean2": 0.903445243835,
        "dvar": 0.467432320118,
        "dvar2": 0.938242912292,
        "max": 10.0525627136,
        "mean": 2.30571246147,
        "median": 1.96728432178,
        "min": -0.685685455799,
        "stdev": 1.46809482574,
        "var": 2.15530252457
    },
    "melbands_spread": {
        "dmean": 6.89039516449,
        "dmean2": 9.84326267242,
        "dvar": 106.381515503,
        "dvar2": 189.835006714,
        "max": 168.771194458,
        "mean": 24.0856151581,
        "median": 18.6765232086,
        "min": 0.996960759163,
        "stdev": 19.1575012207,
        "var": 367.009887695
    },
    "pitch_salience": {
        "dmean": 0.0619993880391,
        "dmean2": 0.095672018826,
        "dvar": 0.00295938341878,
        "dvar2": 0.00715877348557,
        "max": 0.849205136299,
        "mean": 0.545322656631,
        "median": 0.551529228687,
        "min": 0.131078854203,
        "stdev": 0.094012580812,
        "var": 0.00883836578578
    },
    "silence_rate_20dB": {
        "dmean": 0,
        "dmean2": 0,
        "dvar": 0,
        "dvar2": 0,
        "max": 1,
        "mean": 1,
        "median": 1,
        "min": 1,
        "stdev": 0,
        "var": 0
    },
    "silence_rate_30dB": {
        "dmean": 0,
        "dmean2": 0,
        "dvar": 0,
        "dvar2": 0,
        "max": 1,
        "mean": 1,
        "median": 1,
        "min": 1,
        "stdev": 0,
        "var": 0
    },
    "silence_rate_60dB": {
        "dmean": 0.011609907262,
        "dmean2": 0.0224632062018,
        "dvar": 0.0114748766646,
        "dvar2": 0.0281547848135,
        "max": 1,
        "mean": 0.0355761796236,
        "median": 0,
        "min": 0,
        "stdev": 0.185232356191,
        "var": 0.0343110263348
    },
    "spectral_centroid": {
        "dmean": 230.632522583,
        "dmean2": 323.539825439,
        "dvar": 151055.015625,
        "dvar2": 207193.34375,
        "max": 11307.9140625,
        "mean": 1203.26525879,
        "median": 1016.39825439,
        "min": 196.91973877,
        "stdev": 706.143554688,
        "var": 498638.6875
    },
    "spectral_complexity": {
        "dmean": 2.81191945076,
        "dmean2": 4.33230066299,
        "dvar": 9.33073139191,
        "dvar2": 19.2040920258,
        "max": 43,
        "mean": 16.717710495,
        "median": 16,
        "min": 0,
        "stdev": 6.70837545395,
        "var": 45.0023040771
    },
    "spectral_decrease": {
        "dmean": 1.36030398057e-09,
        "dmean2": 1.98782590388e-09,
        "dvar": 2.0107786686e-18,
        "dvar2": 4.28729283129e-18,
        "max": -3.29887514701e-29,
        "mean": -5.83162318435e-09,
        "median": -5.75987968432e-09,
        "min": -1.71116933956e-08,
        "stdev": 3.17436277264e-09,
        "var": 1.00765793917e-17
    },
    "spectral_energy": {
        "dmean": 0.00550084840506,
        "dmean2": 0.00801871344447,
        "dvar": 3.33239113388e-05,
        "dvar2": 6.9509340392e-05,
        "max": 0.0695598125458,
        "mean": 0.0241865701973,
        "median": 0.0239215549082,
        "min": 1.11369868996e-20,
        "stdev": 0.0132604343817,
        "var": 0.000175839129952
    },
    "spectral_energyband_high": {
        "dmean": 0.000679180840962,
        "dmean2": 0.000977221177891,
        "dvar": 1.78751326985e-06,
        "dvar2": 3.80238816433e-06,
        "max": 0.0190959535539,
        "mean": 0.00128709315322,
        "median": 0.000500253168866,
        "min": 8.49492597886e-21,
        "stdev": 0.00206680386327,
        "var": 4.27167788075e-06
    },
    "spectral_energyband_low": {
        "dmean": 0.00159918155987,
        "dmean2": 0.0024802214466,
        "dvar": 3.24961661136e-06,
        "dvar2": 7.78061348683e-06,
        "max": 0.0222197957337,
        "mean": 0.0031751007773,
        "median": 0.00236677308567,
        "min": 2.51106053942e-23,
        "stdev": 0.00273989746347,
        "var": 7.50703748054e-06
    },
    "spectral_energyband_middle_high": {
        "dmean": 0.00161859125365,
        "dmean2": 0.00213620788418,
        "dvar": 5.12640735906e-06,
        "dvar2": 8.80279367266e-06,
        "max": 0.0269254259765,
        "mean": 0.0054994225502,
        "median": 0.00362698337995,
        "min": 1.59857924229e-21,
        "stdev": 0.00520384730771,
        "var": 2.70800283033e-05
    },
    "spectral_energyband_middle_low": {
        "dmean": 0.00460300128907,
        "dmean2": 0.00685081863776,
        "dvar": 2.69706888503e-05,
        "dvar2": 5.95468009124e-05,
        "max": 0.0596484132111,
        "mean": 0.0159692782909,
        "median": 0.0147888092324,
        "min": 2.60364740837e-22,
        "stdev": 0.00963977910578,
        "var": 9.2925336503e-05
    },
    "spectral_entropy": {
        "dmean": 0.196695119143,
        "dmean2": 0.267115443945,
        "dvar": 0.0439984537661,
        "dvar2": 0.084014467895,
        "max": 9.8075056076,
        "mean": 7.4372792244,
        "median": 7.43338489532,
        "min": 5.65515851974,
        "stdev": 0.369660973549,
        "var": 0.136649236083
    },
    "spectral_flux": {
        "dmean": 0.0204342454672,
        "dmean2": 0.0308681931347,
        "dvar": 0.000394715985749,
        "dvar2": 0.000851436168887,
        "max": 0.214213654399,
        "mean": 0.075491309166,
        "median": 0.0683946013451,
        "min": 1.05531923478e-10,
        "stdev": 0.0388179384172,
        "var": 0.00150683242828
    },
    "spectral_kurtosis": {
        "dmean": 1.4282156229,
        "dmean2": 2.27727270126,
        "dvar": 3.05837512016,
        "dvar2": 7.29315948486,
        "max": 23.3983535767,
        "mean": 3.69192123413,
        "median": 3.16820907593,
        "min": -1.20346093178,
        "stdev": 2.56448101997,
        "var": 6.57656288147
    },
    "spectral_rms": {
        "dmean": 0.000558587082196,
        "dmean2": 0.000806782918517,
        "dvar": 3.16217835916e-07,
        "dvar2": 6.25757365924e-07,
        "max": 0.00823791418225,
        "mean": 0.00461617019027,
        "median": 0.00483095226809,
        "min": 3.29626343581e-12,
        "stdev": 0.00151248497423,
        "var": 2.28761086873e-06
    },
    "spectral_rolloff": {
        "dmean": 489.980407715,
        "dmean2": 812.009155273,
        "dvar": 1146234.375,
        "dvar2": 2418256,
        "max": 18001.7578125,
        "mean": 1560.56518555,
        "median": 1141.25976562,
        "min": 172.265625,
        "stdev": 1479.68127441,
        "var": 2189456.5
    },
    "spectral_skewness": {
        "dmean": 0.215241521597,
        "dmean2": 0.327343970537,
        "dvar": 0.0547585971653,
        "dvar2": 0.119141757488,
        "max": 3.88829755783,
        "mean": 1.53503644466,
        "median": 1.52590668201,
        "min": -0.0230731479824,
        "stdev": 0.464934229851,
        "var": 0.21616384387
    },
    "spectral_spread": {
        "dmean": 829672.5,
        "dmean2": 1107176.25,
        "dvar": 1.61673104589e+12,
        "dvar2": 2.26024672461e+12,
        "max": 40287352,
        "mean": 5062496.5,
        "median": 4729518,
        "min": 1906988.75,
        "stdev": 1792449.875,
        "var": 3.21287644774e+12
    },
    "spectral_strongpeak": {
        "dmean": 0.700828909874,
        "dmean2": 1.20061612129,
        "dvar": 1.47863221169,
        "dvar2": 3.66985034943,
        "max": 14.6939525604,
        "mean": 1.44778931141,
        "median": 0.833567559719,
        "min": 2.44080600176e-09,
        "stdev": 1.57368397713,
        "var": 2.47648119926
    },
    "zerocrossingrate": {
        "dmean": 0.0136885037646,
        "dmean2": 0.0146998753771,
        "dvar": 0.00032416410977,
        "dvar2": 0.000370474008378,
        "max": 0.50146484375,
        "mean": 0.0650395900011,
        "median": 0.0576171875,
        "min": 0.0068359375,
        "stdev": 0.0354327596724,
        "var": 0.00125548057258
    },
    "barkbands": {
        "dmean": [7.74844068019e-07, 0.000287493836368, 0.000696236209478, 0.00215210602619, 0.00154803472105, 0.000594848359469, 0.000998592237011, 0.00109886459541, 0.00105408905074, 0.000419622461777, 0.00027492645313, 0.00046879297588, 0.000492815393955, 0.00029069831362, 0.000184830263606, 0.000344348431099, 0.000423387478804, 0.00018523534527, 6.5671876655e-05, 0.000137307491968, 0.000206718177651, 0.000115516566439, 0.000119860327686, 0.000143389435834, 8.92661046237e-05, 3.94660382881e-05, 8.89579587238e-06],
        "dmean2": [1.37957204061e-06, 0.000417749688495, 0.00118688191287, 0.00315150828101, 0.00240626977757, 0.00089976930758, 0.00147691648453, 0.0016152887838, 0.00149931828491, 0.000573696452193, 0.000418862211518, 0.000654986244626, 0.000718778523151, 0.000433239008998, 0.000288606999675, 0.000491418759339, 0.000639959354885, 0.000287713250145, 0.0001028011975, 0.00020851904992, 0.00028143657255, 0.000169824605109, 0.000192618012079, 0.00020860688528, 0.000137035240186, 6.79804797983e-05, 1.47189812196e-05],
        "dvar": [2.34933947296e-12, 1.6287341964e-07, 7.32593093744e-07, 1.15659204312e-05, 3.54904295818e-06, 9.51649667513e-07, 3.22457208313e-06, 4.70608256364e-06, 4.72786905448e-06, 1.1787992662e-06, 8.09796347312e-07, 1.52281472765e-06, 1.26975362491e-06, 5.92016760947e-07, 2.66502951263e-07, 9.9989483715e-07, 9.41889084061e-07, 1.67219923242e-07, 1.57859094685e-08, 8.98234944202e-08, 4.26717491564e-07, 6.18691089471e-08, 7.52581783559e-08, 1.08841412327e-07, 4.51554313941e-08, 1.59955302337e-08, 4.02279598521e-10],
        "dvar2": [6.69577327611e-12, 3.27798488797e-07, 2.15520731217e-06, 2.33435948758e-05, 8.79011895449e-06, 2.11778751691e-06, 7.76973956818e-06, 1.14437780212e-05, 9.28973713599e-06, 1.77448885097e-06, 2.02445039577e-06, 3.09026040668e-06, 2.56760995399e-06, 1.25987253341e-06, 5.77396747303e-07, 1.83492443284e-06, 2.02866135623e-06, 3.56690804892e-07, 3.85373937206e-08, 2.01863059601e-07, 7.69252324062e-07, 1.1605715855e-07, 2.01898814112e-07, 2.62616765667e-07, 1.1098551056e-07, 4.27813731108e-08, 1.05902198122e-09],
        "max": [1.78694699571e-05, 0.00573085201904, 0.0068643251434, 0.0378506965935, 0.0255860239267, 0.0123738907278, 0.0225061252713, 0.0256154797971, 0.0267944168299, 0.027100097388, 0.0154779423028, 0.0257472749799, 0.0154193378985, 0.00954478699714, 0.00905120838434, 0.0140699483454, 0.0118261240423, 0.00465429481119, 0.00200929120183, 0.00379009963945, 0.0147074563429, 0.00433873198926, 0.00291578005999, 0.00648708734661, 0.00248705316335, 0.00163640396204, 0.000211959297303],
        "mean": [7.0789332085e-07, 0.000517303531524, 0.00113872415386, 0.0033926514443, 0.00369729753584, 0.00123356259428, 0.0022738892585, 0.00221383408643, 0.00264871865511, 0.000890559284016, 0.000446019286755, 0.000960103119723, 0.000824636488687, 0.000461767980596, 0.000271521741524, 0.000614617078099, 0.000802291440777, 0.000306248170091, 0.000133990630275, 0.000225841911742, 0.000423054822022, 0.00021358965023, 0.000161582516739, 0.000195269079995, 0.000100877092336, 3.03112556139e-05, 7.62162426327e-06],
        "median": [2.96964259405e-07, 0.000261961831711, 0.000820217304863, 0.00144383870065, 0.00279863574542, 0.000787909782957, 0.00106706214137, 0.000691594206728, 0.000640755984932, 0.000254432612564, 0.000173828928382, 0.000278569001239, 0.000281585816992, 8.32614387036e-05, 9.12587565836e-05, 4.89137964905e-05, 0.000146205042256, 9.83943318715e-05, 8.31147626741e-05, 8.96237470442e-05, 6.88858926878e-05, 5.94838420511e-05, 7.14191119187e-05, 8.10444471426e-05, 3.06891088258e-05, 4.0123513827e-06, 3.27701144442e-07],
        "min": [7.13651064289e-24, 4.29473744502e-24, 1.01451795926e-23, 4.50966575409e-24, 4.52974881167e-23, 3.00292840891e-23, 4.97543218838e-23, 2.41784589496e-23, 8.54111882095e-23, 3.85898290832e-23, 8.68061404145e-23, 6.89579036875e-23, 3.8462677327e-23, 6.73771021641e-23, 2.64480120894e-22, 1.61769143613e-22, 2.11582339764e-22, 2.01102922173e-22, 3.39921501968e-22, 3.56197381139e-22, 5.18092035677e-22, 5.74991096023e-22, 6.49045823709e-22, 1.13442479477e-21, 1.23622768586e-21, 1.79760160378e-21, 2.51755650605e-21],
        "stdev": [1.38959785545e-06, 0.000705229118466, 0.00107702286914, 0.00510350707918, 0.00327972997911, 0.00140852411278, 0.00310714123771, 0.00378398108296, 0.00478080520406, 0.00237577222288, 0.00089068262605, 0.00211281585507, 0.00159571645781, 0.00115816819016, 0.000665806524921, 0.00170900835656, 0.00168167112861, 0.000558834872209, 0.000175603447133, 0.00039140964509, 0.00123601814266, 0.000380731653422, 0.000283881876385, 0.000359505385859, 0.000227595854085, 0.000106835774204, 1.87442947208e-05],
        "var": [1.93098206695e-12, 4.97348139561e-07, 1.15997829653e-06, 2.60457836703e-05, 1.07566283987e-05, 1.98394013751e-06, 9.65432718658e-06, 1.4318513422e-05, 2.28560966207e-05, 5.64429365113e-06, 7.93315564351e-07, 4.46399053544e-06, 2.54631117969e-06, 1.34135359531e-06, 4.4329829052e-07, 2.92070944852e-06, 2.82801784124e-06, 3.12296407401e-07, 3.08365706303e-08, 1.53201511921e-07, 1.52774089202e-06, 1.44956601389e-07, 8.05889186495e-08, 1.29244128289e-07, 5.17998728355e-08, 1.14138822838e-08, 3.51348589112e-10]
    },
    "erbbands": {
        "dmean": [0.00164006534033, 0.0915181562304, 0.701581060886, 3.79060435295, 7.40313673019, 4.75731277466, 5.93326187134, 3.59410190582, 7.57971096039, 22.9941959381, 27.0248069763, 22.5331687927, 17.9178104401, 9.49438095093, 12.1746206284, 19.4713039398, 21.1945495605, 17.0351295471, 9.48227119446, 11.588549614, 15.2280406952, 20.5215454102, 10.799369812, 3.84268307686, 3.29721879959, 7.32916975021, 9.50381851196, 5.73106193542, 3.81032276154, 3.86733269691, 3.95347452164, 2.36881232262, 2.74411010742, 1.29474508762, 0.479386925697, 0.230435982347, 0.0593002289534, 0.0118049345911, 0.00115827692207, 2.15102081711e-05],
        "dmean2": [0.00230621336959, 0.137832581997, 1.19871652126, 5.60845136642, 11.8260879517, 7.00408983231, 8.31259346008, 5.72168302536, 11.1822395325, 34.0275497437, 39.6016197205, 31.3943309784, 23.4104385376, 13.273349762, 18.6987686157, 25.8299865723, 30.1734008789, 23.9167785645, 14.2012748718, 16.8909168243, 20.4484558105, 29.8162937164, 16.3480415344, 5.85357189178, 4.99285030365, 10.9714326859, 13.6074094772, 7.80763673782, 5.55583524704, 5.72299909592, 6.3606262207, 3.55309224129, 4.0501074791, 1.96449971199, 0.756224095821, 0.388375341892, 0.102754198015, 0.0192831978202, 0.00193354638759, 3.40644037351e-05],
        "dvar": [5.30632132723e-06, 0.0156357623637, 0.755249798298, 30.5388774872, 122.325271606, 50.5334510803, 95.7063293457, 46.5620117188, 205.224533081, 2159.09667969, 3157.82104492, 2266.33422852, 1816.23046875, 442.183624268, 2241.74121094, 2006.61108398, 2581.59936523, 1703.31481934, 674.971191406, 1148.53100586, 1896.06408691, 2745.16235352, 479.505645752, 50.1566963196, 41.480884552, 295.46963501, 1103.92138672, 221.052993774, 69.5669784546, 71.5625305176, 95.0721664429, 39.5396537781, 30.3788661957, 9.00152683258, 1.51907145977, 0.512445271015, 0.0363920256495, 0.000657108961605, 7.11852953827e-06, 1.54317825185e-09],
        "dvar2": [8.99480437511e-06, 0.0340701118112, 2.2124402523, 63.2342071533, 300.940338135, 104.845458984, 202.117980957, 109.425796509, 437.424560547, 5189.05273438, 7362.68457031, 4272.92822266, 2891.61938477, 923.525878906, 5462.63085938, 3394.40673828, 4656.40185547, 3644.50854492, 1444.32543945, 2357.57080078, 2848.51171875, 5411.51367188, 1126.88220215, 112.540328979, 92.4091720581, 674.401550293, 2349.30688477, 376.772247314, 134.611816406, 140.012283325, 265.134094238, 96.8596572876, 72.1368103027, 21.5579242706, 3.91897583008, 1.35898661613, 0.0981815978885, 0.00171805475838, 1.89545880858e-05, 4.01139432782e-09],
        "max": [0.0390365682542, 1.65048360825, 7.88269901276, 64.9860229492, 114.938179016, 141.082138062, 142.169448853, 107.526679993, 245.928375244, 572.285766602, 694.653686523, 774.778747559, 1003.99395752, 362.465576172, 791.544250488, 1056.29333496, 820.771118164, 576.204956055, 577.662475586, 505.044464111, 965.568786621, 789.645263672, 304.783081055, 117.229370117, 107.808082581, 227.949432373, 818.139892578, 303.679473877, 145.497451782, 176.064987183, 114.224739075, 128.157897949, 80.953338623, 34.2172966003, 13.7520170212, 9.64189434052, 2.18668627739, 0.285838633776, 0.029048865661, 0.000505349948071],
        "mean": [0.0034123880323, 0.167307406664, 1.20390999317, 6.61977720261, 12.8757734299, 11.9391927719, 12.9672422409, 7.27254390717, 16.9203014374, 51.4028778076, 56.4626350403, 56.4180793762, 49.7898292542, 20.2779006958, 22.4880027771, 42.7247657776, 39.3856811523, 30.3619918823, 15.5568523407, 21.0983009338, 35.2899017334, 44.5225715637, 22.2820129395, 8.24831676483, 6.97263431549, 11.8252725601, 18.4741268158, 11.5209264755, 7.25398111343, 6.49531888962, 4.9988193512, 3.37139821053, 3.66219973564, 1.55459737778, 0.492616742849, 0.188794985414, 0.0440567843616, 0.0106585044414, 0.000998784555122, 4.61353702121e-05],
        "median": [0.00188155681826, 0.0912945568562, 0.864728033543, 3.60073447227, 8.25175094604, 7.47533893585, 7.0014333725, 4.99907779694, 9.9548406601, 16.8775653839, 19.9206295013, 16.1308174133, 13.5757827759, 9.34494876862, 9.86614131927, 13.2590236664, 15.5044221878, 6.74242734909, 5.22794532776, 4.09016466141, 3.32834219933, 7.95257854462, 7.92842435837, 4.81244897842, 4.52739143372, 4.0623755455, 3.57133746147, 2.27932405472, 2.19858241081, 1.95404624939, 2.05324339867, 1.41696715355, 1.4642843008, 0.482169598341, 0.1469502002, 0.0331548452377, 0.00542839569971, 0.00103506667074, 6.48466011626e-05, 3.83676197089e-05],
        "min": [1.81526928602e-22, 1.04135718136e-21, 9.02049020601e-21, 1.97251960718e-20, 1.05437326412e-19, 1.46512091252e-19, 6.2525083238e-20, 4.02437921216e-19, 4.91919553997e-19, 7.46373803802e-19, 7.61283217355e-19, 2.0513624242e-18, 1.6955212154e-18, 2.20045635294e-18, 3.73453145491e-18, 2.2165814118e-18, 2.00260467658e-18, 3.51650732495e-18, 7.33823354259e-18, 1.50988420496e-17, 9.91078509997e-18, 1.08324421462e-17, 1.02000741484e-17, 1.48097506973e-17, 1.66964255974e-17, 1.22277543917e-17, 2.09035389848e-17, 2.92811712891e-17, 1.98620027883e-17, 9.52907268014e-18, 1.84675549465e-17, 1.83003221877e-17, 2.38358859845e-17, 1.33227653332e-17, 9.48849616237e-18, 7.19063970589e-18, 3.13950321717e-18, 1.32742811756e-18, 3.96088534533e-19, 3.63355272247e-20],
        "stdev": [0.0043312557973, 0.212201550603, 1.14016282558, 8.40012359619, 14.2510700226, 14.3979501724, 16.7197208405, 8.36169815063, 21.2095432281, 80.5560913086, 96.5173950195, 100.122207642, 115.793716431, 32.1919555664, 46.5831031799, 94.7316970825, 73.7777328491, 66.5570907593, 36.3608093262, 55.2285499573, 92.4004058838, 92.7190322876, 35.3766136169, 10.8571739197, 8.94615745544, 22.0690860748, 53.7154846191, 29.2351951599, 12.7139673233, 11.9432153702, 9.38952541351, 6.65261602402, 6.26032686234, 3.35645890236, 1.2021048069, 0.616794168949, 0.159043744206, 0.0245632920414, 0.00245926738717, 4.36744958279e-05],
        "var": [1.87597779586e-05, 0.0450294986367, 1.29997122288, 70.5620803833, 203.093002319, 207.300964355, 279.549072266, 69.9179916382, 449.844696045, 6489.28369141, 9315.60742188, 10024.4570312, 13408.1855469, 1036.32202148, 2169.9855957, 8974.09472656, 5443.15380859, 4429.84667969, 1322.10839844, 3050.19287109, 8537.83496094, 8596.81933594, 1251.50488281, 117.878234863, 80.0337295532, 487.044525146, 2885.35327148, 854.696655273, 161.644973755, 142.640396118, 88.163192749, 44.2572975159, 39.1916923523, 11.2658157349, 1.44505608082, 0.380435079336, 0.0252949148417, 0.000603355292697, 6.04799652137e-06, 1.90746174411e-09]
    },
    "gfcc": {
        "mean": [1.77773177624, 86.2506027222, -117.947761536, 23.4073371887, -78.3798675537, 9.95711898804, -44.7040710449, 1.65618801117, -30.0969982147, -9.74277114868, -19.0006866455, -12.1273365021, -19.6771640778],
        "cov": [[6713.78662109, -1193.36767578, -566.248718262, 213.758300781, -262.980041504, 171.485092163, -229.353881836, 67.6716308594, 28.2985019684, -96.8703918457, -337.210632324, -34.0840339661, -54.4858131409], [-1193.36767578, 1082.28369141, -166.007095337, -21.1396083832, 135.918075562, -51.0002593994, 140.81703186, -65.1065216064, 35.0950546265, -68.126663208, 157.176834106, -66.7545547485, 26.2547836304], [-566.248718262, -166.007095337, 624.890625, -76.729309082, 20.1954402924, 58.553894043, 7.27976989746, 20.4835357666, -59.2710380554, 61.7948188782, 63.7007598877, 31.8242664337, -73.9126815796], [213.758300781, -21.1396083832, -76.729309082, 437.078796387, 49.1916465759, -34.7441329956, -117.254669189, -22.5683994293, 30.0425243378, 44.5644989014, -75.2542114258, -15.4868421555, 99.6433410645], [-262.980041504, 135.918075562, 20.1954402924, 49.1916465759, 175.186203003, -10.6677808762, -23.4460163116, -7.88021707535, 5.81999111176, -0.619913041592, 3.68844747543, -6.3113155365, 11.8679542542], [171.485092163, -51.0002593994, 58.553894043, -34.7441329956, -10.6677808762, 169.0443573, 62.1324806213, 7.4049038887, -23.2987766266, 17.2307567596, 15.1464300156, -3.37468361855, -29.958732605], [-229.353881836, 140.81703186, 7.27976989746, -117.254669189, -23.4460163116, 62.1324806213, 195.945678711, 15.8931102753, -16.7033481598, -16.6107292175, 69.3014221191, -5.24905157089, -30.2141723633], [67.6716308594, -65.1065216064, 20.4835357666, -22.5683994293, -7.88021707535, 7.4049038887, 15.8931102753, 99.8596343994, 7.71759271622, 14.9077892303, -7.27405071259, 16.9199542999, -2.90361690521], [28.2985019684, 35.0950546265, -59.2710380554, 30.0425243378, 5.81999111176, -23.2987766266, -16.7033481598, 7.71759271622, 129.505630493, -9.88280963898, -1.41243135929, 7.13916921616, 30.5400333405], [-96.8703918457, -68.126663208, 61.7948188782, 44.5644989014, -0.619913041592, 17.2307567596, -16.6107292175, 14.9077892303, -9.88280963898, 110.42061615, 8.67036342621, 2.62327075005, -4.64815044403], [-337.210632324, 157.176834106, 63.7007598877, -75.2542114258, 3.68844747543, 15.1464300156, 69.3014221191, -7.27405071259, -1.41243135929, 8.67036342621, 128.426513672, 1.88799071312, -30.0760154724], [-34.0840339661, -66.7545547485, 31.8242664337, -15.4868421555, -6.3113155365, -3.37468361855, -5.24905157089, 16.9199542999, 7.13916921616, 2.62327075005, 1.88799071312, 82.5916595459, 21.4115581512], [-54.4858131409, 26.2547836304, -73.9126815796, 99.6433410645, 11.8679542542, -29.958732605, -30.2141723633, -2.90361690521, 30.5400333405, -4.64815044403, -30.0760154724, 21.4115581512, 103.502319336]],
        "icov": [[0.000272814446362, 0.000276021979516, 0.000322054867866, -0.000186522942386, 0.000183904645382, -0.000384679326089, 0.000224164017709, -0.000159833303769, -6.23963351245e-05, 0.000424982019467, 9.60269244388e-05, 9.29413145059e-05, 0.000457846181234], [0.000276021979516, 0.00211320770904, 0.0007564817206, -0.000269038748229, -0.00118285394274, 0.000266682880465, -0.000853860517964, 0.000448091857834, -0.000179358627065, 0.0010923682712, -0.00209803017788, 0.00138960732147, -0.000410522363381], [0.000322054867866, 0.0007564817206, 0.00258172326721, -0.000164527038578, -0.000461908930447, -0.000780891859904, 0.00056951539591, -0.000318081496516, 0.00056159106316, -0.00014869683946, -0.00128697697073, -0.000664712162688, 0.00155510241166], [-0.000186522942386, -0.000269038748229, -0.000164527038578, 0.00404697004706, -0.000720241921954, -4.41325755673e-05, 0.00122598558664, 0.000689223292284, -0.000117621057143, -0.00205000280403, 0.000952969072387, 0.00141239829827, -0.00366910872981], [0.000183904645382, -0.00118285394274, -0.000461908930447, -0.000720241921954, 0.00724704097956, -0.000668426975608, 0.00158584362362, -0.000532728387043, -3.91279099858e-05, 0.000395931856474, 0.000817149353679, -0.000259446649579, 0.000504380615894], [-0.000384679326089, 0.000266682880465, -0.000780891859904, -4.41325755673e-05, -0.000668426975608, 0.00813031289726, -0.0034398206044, 0.000678948301356, 0.000432658882346, -0.00155992829241, 0.000202293143957, 0.000153626999236, 0.000488837598823], [0.000224164017709, -0.000853860517964, 0.00056951539591, 0.00122598558664, 0.00158584362362, -0.0034398206044, 0.00935353618115, -0.00220926525071, 0.00087248015916, 0.00139719562139, -0.00284565379843, 0.000399285549065, -5.21780275449e-05], [-0.000159833303769, 0.000448091857834, -0.000318081496516, 0.000689223292284, -0.000532728387043, 0.000678948301356, -0.00220926525071, 0.011744257994, -0.00126893259585, -0.00218260125257, 0.00153774232604, -0.00185739959124, -3.88423068216e-05], [-6.23963351245e-05, -0.000179358627065, 0.00056159106316, -0.000117621057143, -3.91279099858e-05, 0.000432658882346, 0.00087248015916, -0.00126893259585, 0.00886374060065, 0.000620023172814, -0.00129840720911, -0.000310308183543, -0.00202490622178], [0.000424982019467, 0.0010923682712, -0.00014869683946, -0.00205000280403, 0.000395931856474, -0.00155992829241, 0.00139719562139, -0.00218260125257, 0.000620023172814, 0.0120589602739, -0.00259930989705, 0.000557893072255, 0.00115160248242], [9.60269244388e-05, -0.00209803017788, -0.00128697697073, 0.000952969072387, 0.000817149353679, 0.000202293143957, -0.00284565379843, 0.00153774232604, -0.00129840720911, -0.00259930989705, 0.0142267271876, -0.00226083397865, 0.00279168295674], [9.29413145059e-05, 0.00138960732147, -0.000664712162688, 0.00141239829827, -0.000259446649579, 0.000153626999236, 0.000399285549065, -0.00185739959124, -0.000310308183543, 0.000557893072255, -0.00226083397865, 0.0157462265342, -0.00579709000885], [0.000457846181234, -0.000410522363381, 0.00155510241166, -0.00366910872981, 0.000504380615894, 0.000488837598823, -5.21780275449e-05, -3.88423068216e-05, -0.00202490622178, 0.00115160248242, 0.00279168295674, -0.00579709000885, 0.0173766054213]]
    },
    "melbands": {
        "dmean": [4.42124073743e-05, 0.000285976944724, 0.000758248206694, 0.000390797300497, 0.000196084220079, 9.03180407477e-05, 0.000135615671752, 0.000234769817325, 0.000226485382882, 0.000138582690852, 8.84680848685e-05, 4.00021817768e-05, 4.17023911723e-05, 5.07279291924e-05, 5.05287425767e-05, 4.95249041705e-05, 3.03176748275e-05, 1.72195886989e-05, 1.10669943751e-05, 2.18320656131e-05, 2.00373106054e-05, 2.26044558076e-05, 1.94304720935e-05, 6.84408632878e-06, 3.01186287288e-06, 2.61013542513e-06, 2.70130908575e-06, 5.76088632442e-06, 5.83916380492e-06, 6.43253315502e-06, 2.55950658357e-06, 1.96940163733e-06, 2.78875859294e-06, 1.92727861759e-06, 3.0177991448e-06, 1.07172274966e-06, 1.63652123319e-06, 2.28238968702e-06, 1.53535927438e-06, 9.37732522743e-07],
        "dmean2": [6.29308706266e-05, 0.000469680642709, 0.00115132622886, 0.000619017053396, 0.000269358686637, 0.000141356227687, 0.000199921807507, 0.000349522684701, 0.000331565184752, 0.000190394508536, 0.000116691961011, 5.53883655812e-05, 6.3402869273e-05, 6.88763320795e-05, 6.99186348356e-05, 7.05361380824e-05, 4.29763167631e-05, 2.61910136032e-05, 1.72867548827e-05, 3.07908994728e-05, 2.71512944892e-05, 3.28468959196e-05, 2.91190353892e-05, 1.04899836515e-05, 4.70150462206e-06, 4.00218186769e-06, 4.19916432293e-06, 8.79772778717e-06, 8.60265026859e-06, 8.47799219628e-06, 3.72137242266e-06, 2.90531056635e-06, 4.12722693e-06, 2.96867688121e-06, 4.97640803587e-06, 1.62915262081e-06, 2.49831873589e-06, 3.38866561833e-06, 2.33738069255e-06, 1.45552746744e-06],
        "dvar": [3.86441723066e-09, 1.10568478817e-07, 1.34319827794e-06, 2.54964078295e-07, 8.68030269885e-08, 2.8447772138e-08, 5.20361567169e-08, 2.03396936627e-07, 2.15891176936e-07, 7.7678905086e-08, 4.50237500615e-08, 8.22804935297e-09, 2.12484039253e-08, 2.589841408e-08, 1.37161348945e-08, 1.0968250308e-08, 5.95191984587e-09, 2.3496211643e-09, 8.66770821784e-10, 4.84775952714e-09, 3.31617577842e-09, 3.87311249739e-09, 1.36870237366e-09, 3.13864129131e-10, 3.08159539553e-11, 3.31333328829e-11, 3.60382002018e-11, 1.85945717157e-10, 4.16139261938e-10, 5.02657804269e-10, 3.23198169616e-11, 2.01996266935e-11, 3.79256036298e-11, 2.06656410734e-11, 6.74264324929e-11, 4.70396855148e-12, 2.84194681677e-11, 2.06677383541e-11, 1.34860967879e-11, 5.01146823692e-12],
        "dvar2": [7.26877447121e-09, 3.08924143155e-07, 2.83465033135e-06, 6.42963073005e-07, 1.76390159368e-07, 6.61084129661e-08, 1.14335762191e-07, 4.94848052313e-07, 4.99528312048e-07, 1.44684150882e-07, 7.04541207597e-08, 1.73791931957e-08, 5.34031556754e-08, 5.29830543883e-08, 2.63196042738e-08, 2.26237837353e-08, 1.28304273872e-08, 4.99207430948e-09, 1.85717008439e-09, 1.00142978354e-08, 5.47255218919e-09, 7.54952456106e-09, 2.92380919475e-09, 7.46196104906e-10, 7.17914130921e-11, 8.10606928803e-11, 7.53702239509e-11, 4.31220642527e-10, 9.66446811468e-10, 8.17948375698e-10, 6.39867742125e-11, 3.92557861217e-11, 7.50014494955e-11, 4.33832171576e-11, 1.90505847208e-10, 1.02931534823e-11, 7.24529047869e-11, 4.94168837795e-11, 3.24910896798e-11, 1.2059116726e-11],
        "max": [0.000950065325014, 0.00352323334664, 0.0127689633518, 0.00489477906376, 0.00491456361488, 0.00251068454236, 0.00343332765624, 0.00528501719236, 0.00508969696239, 0.00425144145265, 0.00508942548186, 0.00155073171481, 0.00242576072924, 0.00373459607363, 0.00169039366301, 0.00137880805414, 0.000965366547462, 0.000999656040221, 0.000577856437303, 0.000929906789679, 0.00108934182208, 0.000933987204917, 0.000619950355031, 0.000270064541837, 9.58433956839e-05, 0.000117319490528, 9.16035642149e-05, 0.00016505716485, 0.000464785058284, 0.000476736749988, 7.67243254813e-05, 8.00285924925e-05, 0.000125584483612, 9.38165030675e-05, 9.97829556582e-05, 3.20004219247e-05, 0.000125425707665, 7.08684310666e-05, 4.49690887763e-05, 2.81348438875e-05],
        "mean": [8.23667869554e-05, 0.000538606720511, 0.00136401446071, 0.000868601375259, 0.000461376592284, 0.000181574854651, 0.000311596057145, 0.000522636517417, 0.000459865463199, 0.000355766154826, 0.000240990309976, 7.58967798902e-05, 7.1467118687e-05, 0.000103291509731, 9.49373425101e-05, 8.60368527356e-05, 4.95810018037e-05, 2.44113434746e-05, 1.8952663595e-05, 3.56255950464e-05, 4.27121849498e-05, 4.67661302537e-05, 3.62090177077e-05, 1.12686784632e-05, 5.8324726524e-06, 5.08181528858e-06, 5.08797529619e-06, 8.45154954732e-06, 9.83088375506e-06, 1.30842263388e-05, 4.55474946648e-06, 3.58942156709e-06, 4.86431872559e-06, 2.9820337204e-06, 3.42082375937e-06, 1.62031665241e-06, 2.14276269617e-06, 2.92111440103e-06, 1.89124477856e-06, 1.0706703506e-06],
        "median": [4.20809155912e-05, 0.000408532971051, 0.000775971100666, 0.00064089812804, 0.000254340906395, 0.000123000223539, 0.000175076012965, 0.000190794686205, 0.00012437812984, 8.89513758011e-05, 6.0148180637e-05, 2.96258367598e-05, 3.11743606289e-05, 2.60096931015e-05, 3.36438060913e-05, 2.8518768886e-05, 9.15465898288e-06, 6.5766289481e-06, 6.50238416711e-06, 3.89330125472e-06, 3.68948735741e-06, 6.17265368419e-06, 1.04673790702e-05, 3.83976976082e-06, 3.37579399456e-06, 3.05356320496e-06, 2.74222998087e-06, 2.61854211203e-06, 2.16621629079e-06, 1.40037798246e-06, 1.12738848657e-06, 1.1253679304e-06, 1.18121101877e-06, 9.33240812628e-07, 1.19702428947e-06, 6.94664379353e-07, 8.11041047655e-07, 1.01175805867e-06, 6.02784496095e-07, 2.81140984271e-07],
        "min": [2.34192529035e-24, 3.66560351816e-24, 5.16228052022e-24, 1.10047713443e-23, 2.71076193975e-24, 7.83961211253e-24, 8.5459029468e-24, 7.75796658656e-24, 6.32964556523e-24, 1.3521538188e-23, 7.57828458273e-24, 7.85622315661e-24, 1.22055714699e-23, 8.45307689522e-24, 4.13881238178e-24, 4.42576329707e-24, 6.39182870938e-24, 8.59017934282e-24, 2.42506018571e-23, 1.38682078459e-23, 1.16996173846e-23, 1.12002636984e-23, 9.63467614641e-24, 1.03092910599e-23, 1.20343949644e-23, 1.23619868102e-23, 1.06253032165e-23, 7.26060871848e-24, 1.53299623702e-23, 1.25284419833e-23, 1.77669730097e-23, 1.33959957081e-23, 6.64933223594e-24, 4.46515269979e-24, 9.03108474681e-24, 1.49254928737e-23, 1.01680123827e-23, 1.85466200196e-23, 1.19050501749e-23, 1.11245235852e-23],
        "stdev": [0.000111750501674, 0.00047352295951, 0.00168968935031, 0.000778745976277, 0.000536217412446, 0.000211266189581, 0.000369288260117, 0.00078234623652, 0.000776618544478, 0.000646921165753, 0.000579861807637, 0.000135838679853, 0.000141295095091, 0.000249317556154, 0.000178807575139, 0.000152712731506, 0.000118141964776, 6.51047812426e-05, 4.45982332167e-05, 0.000103713209683, 0.000116773422633, 0.000107867017505, 6.40503567411e-05, 2.36390678765e-05, 8.13506903796e-06, 7.42877182347e-06, 8.11653626442e-06, 1.69445902429e-05, 2.77055551123e-05, 4.38818169641e-05, 9.36115247896e-06, 6.71087309456e-06, 9.00161012396e-06, 5.93325603404e-06, 7.49223227103e-06, 2.72124566436e-06, 5.16417230756e-06, 5.0946518968e-06, 4.00531689593e-06, 2.4605899398e-06],
        "var": [1.24881740504e-08, 2.24223995815e-07, 2.85505007014e-06, 6.06445325957e-07, 2.87529132947e-07, 4.46334027515e-08, 1.36373813575e-07, 6.12065662153e-07, 6.03136356858e-07, 4.18506999722e-07, 3.36239736498e-07, 1.84521482538e-08, 1.99643039878e-08, 6.2159237757e-08, 3.19721493725e-08, 2.33211778777e-08, 1.39575231373e-08, 4.23863300014e-09, 1.98900251824e-09, 1.07564295249e-08, 1.36360318592e-08, 1.16352927293e-08, 4.10244860305e-09, 5.58805557382e-10, 6.61793467249e-11, 5.51866503884e-11, 6.58781570961e-11, 2.87119161779e-10, 7.67597763129e-10, 1.92561389056e-09, 8.76311800901e-11, 4.50358188242e-11, 8.1028989074e-11, 3.5203527593e-11, 5.61335422589e-11, 7.40517803327e-12, 2.66686776829e-11, 2.59554773507e-11, 1.6042564846e-11, 6.05450281924e-12]
    },
    "melbands128": {
