{
"lowlevel": {
    "average_loudness": 0.977892816067,
    "barkbands_crest": {
        "dmean": 2.95712733269,
        "dmean2": 4.66006326675,
        "dvar": 8.06634235382,
        "dvar2": 18.6888313293,
        "max": 24.8861789703,
        "mean": 10.2125701904,
        "median": 9.0936422348,
        "min": 2.84973454475,
        "stdev": 4.51966524124,
        "var": 20.4273757935
    },
    "barkbands_flatness_db": {
        "dmean": 0.0304809939116,
        "dmean2": 0.0464584976435,
        "dvar": 0.00121677166317,
        "dvar2": 0.00296691665426,
        "max": 0.443618327379,
        "mean": 0.150823459029,
        "median": 0.136965498328,
        "min": 0.0287312101573,
        "stdev": 0.057906717062,
        "var": 0.00335318781435
    },
    "barkbands_kurtosis": {
        "dmean": 5.77201271057,
        "dmean2": 9.20150470734,
        "dvar": 82.1964950562,
        "dvar2": 196.876495361,
        "max": 146.080657959,
        "mean": 8.78927707672,
        "median": 5.07316398621,
        "min": -1.91489040852,
        "stdev": 11.1750583649,
        "var": 124.88192749
    },
    "barkbands_skewness": {
        "dmean": 0.753490805626,
        "dmean2": 1.14520156384,
        "dvar": 0.681201934814,
        "dvar2": 1.62540626526,
        "max": 10.7740898132,
        "mean": 2.13622260094,
        "median": 1.90969288349,
        "min": -2.04720425606,
        "stdev": 1.32120573521,
        "var": 1.74558472633
    },
    "barkbands_spread": {
        "dmean": 7.17450237274,
        "dmean2": 11.5640554428,
        "dvar": 133.105499268,
        "dvar2": 321.023590088,
        "max": 106.870597839,
        "mean": 17.5122795105,
        "median": 14.6843614578,
        "min": 1.02316832542,
        "stdev": 14.6037120819,
        "var": 213.268417358
    },
    "dissonance": {
        "dmean": 0.0304320193827,
        "dmean2": 0.0506167374551,
        "dvar": 0.000668236694764,
        "dvar2": 0.00184956716839,
        "max": 0.499645322561,
        "mean": 0.441324114799,
        "median": 0.446574121714,
        "min": 0.189584463835,
        "stdev": 0.0365576483309,
        "var": 0.001336461748
    },
    "dynamic_complexity": 2.00422811508,
    "erbbands_crest": {
        "dmean": 3.19700980186,
        "dmean2": 5.36352968216,
        "dvar": 9.6624288559,
        "dvar2": 26.7436981201,
        "max": 28.3453788757,
        "mean": 10.0715045929,
        "median": 9.10049438477,
        "min": 3.16376709938,
        "stdev": 4.25863265991,
        "var": 18.1359539032
    },
    "erbbands_flatness_db": {
        "dmean": 0.0220818035305,
        "dmean2": 0.0332439504564,
        "dvar": 0.000551125151105,
        "dvar2": 0.00124229677022,
        "max": 0.31834590435,
        "mean": 0.147914081812,
        "median": 0.143489837646,
        "min": 0.0582219362259,
        "stdev": 0.0425670780241,
        "var": 0.00181195628829
    },
    "erbbands_kurtosis": {
        "dmean": 1.87357139587,
        "dmean2": 2.95844483376,
        "dvar": 6.37932252884,
        "dvar2": 16.3027153015,
        "max": 28.0420207977,
        "mean": 2.37618803978,
        "median": 1.61152172089,
        "min": -1.81618857384,
        "stdev": 3.31958627701,
        "var": 11.0196533203
    },
    "erbbands_skewness": {
        "dmean": 0.514586389065,
        "dmean2": 0.821916818619,
        "dvar": 0.294670969248,
        "dvar2": 0.711004316807,
        "max": 4.54620027542,
        "mean": 1.10796797276,
        "median": 1.08956825733,
        "min": -3.48555469513,
        "stdev": 0.870272934437,
        "var": 0.757374942303
    },
    "erbbands_spread": {
        "dmean": 11.9868154526,
        "dmean2": 18.1290168762,
        "dvar": 235.529098511,
        "dvar2": 559.573608398,
        "max": 140.031036377,
        "mean": 37.429901123,
        "median": 31.6672344208,
        "min": 4.9612455368,
        "stdev": 22.8843841553,
        "var": 523.695068359
    },
    "hfc": {
        "dmean": 9.29360103607,
        "dmean2": 13.9491081238,
        "dvar": 150.978027344,
        "dvar2": 370.935089111,
        "max": 112.502449036,
        "mean": 25.4980869293,
        "median": 23.4256324768,
        "min": 0.000356101314537,
        "stdev": 17.9079418182,
        "var": 320.694366455
    },
    "loudness_ebu128": {
        "integrated": -10.8113689423,
        "loudness_range": 2.37180519104,
        "momentary": {
            "dmean": 0.559861242771,
            "dmean2": 0.731928884983,
            "dvar": 0.229614183307,
            "dvar2": 0.393604815006,
            "max": -8.50254631042,
            "mean": -11.0684537888,
            "median": -10.796169281,
            "min": -16.1683921814,
            "stdev": 1.59459543228,
            "var": 2.54273462296
        },
        "short_term": {
            "dmean": 0.0741004049778,
            "dmean2": 0.0868913829327,
            "dvar": 0.0032799190376,
            "dvar2": 0.00548929674551,
            "max": -9.52195835114,
            "mean": -10.8925046921,
            "median": -10.8624219894,
            "min": -12.6335201263,
            "stdev": 0.741065680981,
            "var": 0.549178361893
        }
    },
    "melbands_crest": {
        "dmean": 3.71463632584,
        "dmean2": 5.76645469666,
        "dvar": 14.1101160049,
        "dvar2": 26.8399066925,
        "max": 36.8535118103,
        "mean": 14.2545089722,
        "median": 12.2887067795,
        "min": 4.85420179367,
        "stdev": 6.8959031105,
        "var": 47.5534820557
    },
    "melbands_flatness_db": {
        "dmean": 0.0349984765053,
        "dmean2": 0.0525494553149,
        "dvar": 0.00167022750247,
        "dvar2": 0.003717726795,
        "max": 0.56826364994,
        "mean": 0.227075964212,
        "median": 0.20858772099,
        "min": 0.0735827162862,
        "stdev": 0.07219966501,
        "var": 0.00521279126406
    },
    "melbands_kurtosis": {
        "dmean": 10.4987487793,
        "dmean2": 16.2570152283,
        "dvar": 322.743682861,
        "dvar2": 763.989135742,
        "max": 240.404144287,
        "mean": 18.112247467,
        "median": 11.2042531967,
        "min": -1.81337571144,
        "stdev": 21.8988666534,
        "var": 479.560333252
    },
    "melbands_skewness": {
        "dmean": 0.883561849594,
        "dmean2": 1.30011892319,
        "dvar": 1.03302145004,
        "dvar2": 2.19816565514,
        "max": 14.4229879379,
        "mean": 2.79459023476,
        "median": 2.42900729179,
        "min": -0.116967894137,
        "stdev": 1.7037781477,
        "var": 2.90285992622
    },
    "melbands_spread": {
        "dmean": 5.81427192688,
        "dmean2": 9.08365726471,
        "dvar": 131.276138306,
        "dvar2": 266.67767334,
        "max": 218.403869629,
        "mean": 15.9512395859,
        "median": 12.9778413773,
        "min": 0.797773480415,
        "stdev": 15.6794118881,
        "var": 245.843948364
    },
    "pitch_salience": {
        "dmean": 0.0809915736318,
        "dmean2": 0.12766122818,
        "dvar": 0.00576836895198,
        "dvar2": 0.0130227692425,
        "max": 0.912543654442,
        "mean": 0.564306735992,
        "median": 0.582671046257,
        "min": 0.0672138854861,
        "stdev": 0.12742972374,
        "var": 0.01623833552
    },
    "silence_rate_20dB": {
        "dmean": 0,
        "dmean2": 0,
        "dvar": 0,
        "dvar2": 0,
        "max": 1,
        "mean": 1,
        "median": 1,
        "min": 1,
        "stdev": 0,
        "var": 0
    },
    "silence_rate_30dB": {
        "dmean": 0.071207433939,
        "dmean2": 0.142525181174,
        "dvar": 0.0661372691393,
        "dvar2": 0.122212134302,
        "max": 1,
        "mean": 0.921887099743,
        "median": 1,
        "min": 0,
        "stdev": 0.268351316452,
        "var": 0.0720124319196
    },
    "silence_rate_60dB": {
        "dmean": 0.00696594407782,
        "dmean2": 0.0131680862978,
        "dvar": 0.00691752228886,
        "dvar2": 0.0176424011588,
        "max": 1,
        "mean": 0.00464037107304,
        "median": 0,
        "min": 0,
        "stdev": 0.0679615139961,
        "var": 0.00461876764894
    },
    "spectral_centroid": {
        "dmean": 216.959335327,
        "dmean2": 347.833068848,
        "dvar": 111153.476562,
        "dvar2": 237298.84375,
        "max": 5047.00341797,
        "mean": 871.301818848,
        "median": 796.540893555,
        "min": 273.578552246,
        "stdev": 512.488708496,
        "var": 262644.65625
    },
    "spectral_complexity": {
        "dmean": 3.47291016579,
        "dmean2": 5.476375103,
        "dvar": 14.1920022964,
        "dvar2": 33.4035949707,
        "max": 45,
        "mean": 16.4129924774,
        "median": 17,
        "min": 0,
        "stdev": 7.0513176918,
        "var": 49.72108078
    },
    "spectral_decrease": {
        "dmean": 5.56451951184e-09,
        "dmean2": 8.30515656247e-09,
        "dvar": 8.57071280296e-17,
        "dvar2": 1.84289117153e-16,
        "max": -1.79821828543e-13,
        "mean": -1.16239684544e-08,
        "median": -8.96981333653e-09,
        "min": -7.06097011971e-08,
        "stdev": 1.08466950977e-08,
        "var": 1.17650785261e-16
    },
    "spectral_energy": {
        "dmean": 0.0215490031987,
        "dmean2": 0.0320975184441,
        "dvar": 0.00124123948626,
        "dvar2": 0.0026630635839,
        "max": 0.268174082041,
        "mean": 0.0461843051016,
        "median": 0.0361685790122,
        "min": 7.1098349963e-07,
        "stdev": 0.0415771193802,
        "var": 0.00172865693457
    },
    "spectral_energyband_high": {
        "dmean": 0.000611771072727,
        "dmean2": 0.00092563702492,
        "dvar": 1.31465412778e-06,
        "dvar2": 3.10895097755e-06,
        "max": 0.00984941329807,
        "mean": 0.00111515552271,
        "median": 0.000617850048002,
        "min": 1.11631539568e-08,
        "stdev": 0.00146660557948,
        "var": 2.15093200495e-06
    },
    "spectral_energyband_low": {
        "dmean": 0.0138517431915,
        "dmean2": 0.0203004349023,
        "dvar": 0.00108122848906,
        "dvar2": 0.0022632048931,
        "max": 0.263964921236,
        "mean": 0.018882824108,
        "median": 0.00664290972054,
        "min": 1.76557506393e-07,
        "stdev": 0.0376051664352,
        "var": 0.00141414860263
    },
    "spectral_energyband_middle_high": {
        "dmean": 0.00194027018733,
        "dmean2": 0.00288653955795,
        "dvar": 6.16398710918e-06,
        "dvar2": 1.21931770991e-05,
        "max": 0.0440585874021,
        "mean": 0.00499221263453,
        "median": 0.00270336773247,
        "min": 5.73265630521e-08,
        "stdev": 0.00599836278707,
        "var": 3.59803561878e-05
    },
    "spectral_energyband_middle_low": {
        "dmean": 0.00896985922009,
        "dmean2": 0.0143593614921,
        "dvar": 0.000119121839816,
        "dvar2": 0.000283559260424,
        "max": 0.101385474205,
        "mean": 0.0220298226923,
        "median": 0.0195217188448,
        "min": 5.074007845e-07,
        "stdev": 0.0147995362058,
        "var": 0.000219026260311
    },
    "spectral_entropy": {
        "dmean": 0.258785843849,
        "dmean2": 0.400366514921,
        "dvar": 0.0957485735416,
        "dvar2": 0.222488775849,
        "max": 8.73079776764,
        "mean": 7.42581367493,
        "median": 7.50580596924,
        "min": 5.62981271744,
        "stdev": 0.527885258198,
        "var": 0.278662830591
    },
    "spectral_flux": {
        "dmean": 0.045224558562,
        "dmean2": 0.0754437297583,
        "dvar": 0.00331475446001,
        "dvar2": 0.00823596119881,
        "max": 0.449167221785,
        "mean": 0.11417479068,
        "median": 0.0970934405923,
        "min": 0.000843198387884,
        "stdev": 0.0695948600769,
        "var": 0.00484344456345
    },
    "spectral_kurtosis": {
        "dmean": 2.08344292641,
        "dmean2": 3.07260608673,
        "dvar": 13.1415672302,
        "dvar2": 27.3788375854,
        "max": 58.9101333618,
        "mean": 5.21277141571,
        "median": 3.98479032516,
        "min": -0.862089633942,
        "stdev": 5.51274394989,
        "var": 30.3903446198
    },
    "spectral_rms": {
        "dmean": 0.00139644055162,
        "dmean2": 0.00200846558437,
        "dvar": 3.31066985382e-06,
        "dvar2": 6.50868014418e-06,
        "max": 0.0161750819534,
        "mean": 0.0062136570923,
        "median": 0.00594023708254,
        "min": 2.63370930043e-05,
        "stdev": 0.00253935647197,
        "var": 6.44833107799e-06
    },
    "spectral_rolloff": {
        "dmean": 523.26385498,
        "dmean2": 924.877929688,
        "dvar": 1914616.125,
        "dvar2": 4627405,
        "max": 11821.7285156,
        "mean": 1087.58544922,
        "median": 624.462890625,
        "min": 43.06640625,
        "stdev": 1521.29296875,
        "var": 2314332.25
    },
    "spectral_skewness": {
        "dmean": 0.310462236404,
        "dmean2": 0.454403281212,
        "dvar": 0.157384082675,
        "dvar2": 0.325012564659,
        "max": 6.00424480438,
        "mean": 1.8810646534,
        "median": 1.81420361996,
        "min": -0.0719578713179,
        "stdev": 0.697777688503,
        "var": 0.486893683672
    },
    "spectral_spread": {
        "dmean": 957864.625,
        "dmean2": 1412563,
        "dvar": 1.62811858125e+12,
        "dvar2": 3.43924277248e+12,
        "max": 17860912,
        "mean": 5941132,
        "median": 5694857.5,
        "min": 1414876.25,
        "stdev": 1971547.125,
        "var": 3.88699783168e+12
    },
    "spectral_strongpeak": {
        "dmean": 0.582473397255,
        "dmean2": 0.968532800674,
        "dvar": 0.526610136032,
        "dvar2": 1.34680378437,
        "max": 5.59475183487,
        "mean": 1.00659132004,
        "median": 0.765200793743,
        "min": 0,
        "stdev": 0.923478960991,
        "var": 0.85281342268
    },
    "zerocrossingrate": {
        "dmean": 0.0128744496033,
        "dmean2": 0.015112512745,
        "dvar": 0.000284658948658,
        "dvar2": 0.000336283439538,
        "max": 0.33544921875,
        "mean": 0.0546100847423,
        "median": 0.04833984375,
        "min": 0.00244140625,
        "stdev": 0.0366044230759,
        "var": 0.0013398838928
    },
    "barkbands": {
        "dmean": [0.00156490982044, 0.0123231140897, 0.00117915740702, 0.0015599214239, 0.00349637609906, 0.00239097583108, 0.00363065139391, 0.00157310650684, 0.00133074913174, 0.000470926432172, 0.000351200229488, 0.000494672043715, 0.000817960535642, 0.00036379561061, 0.000236088017118, 0.000130604588776, 7.4343457527e-05, 5.75660960749e-05, 7.39095776225e-05, 8.06761527201e-05, 8.69391296874e-05, 9.68831373029e-05, 0.00014856751659, 0.000109903616249, 0.000128643732751, 0.000103278071037, 7.08906372893e-06],
        "dmean2": [0.00174663995858, 0.0186979752034, 0.00199418375269, 0.00244739721529, 0.00571218691766, 0.00370933185332, 0.00593357626349, 0.00249481271021, 0.00196691229939, 0.000728257815354, 0.00050380063476, 0.000743854965549, 0.0012879477581, 0.000581030617468, 0.000421154283686, 0.000208517798455, 0.000124091689941, 9.84097714536e-05, 0.000117182360555, 0.000130045897095, 0.000138226998388, 0.000145536818309, 0.000228458273341, 0.000170744053321, 0.000210053534829, 0.000163035729202, 1.21824105008e-05],
        "dvar": [1.06753450382e-05, 0.00103727751411, 5.92421110923e-06, 1.12630177682e-05, 2.76332975773e-05, 1.74346423591e-05, 4.35039401054e-05, 7.38206927053e-06, 4.96975417263e-06, 1.13289081582e-06, 5.05091634295e-07, 9.01159637579e-07, 1.82022188255e-06, 3.36286376523e-07, 2.61718270167e-07, 4.69074272758e-08, 1.07728981291e-08, 8.31160384962e-09, 1.43271785547e-08, 1.98375378346e-08, 2.33457413401e-08, 2.93446777988e-08, 9.69009548157e-08, 3.94745676147e-08, 7.29958387069e-08, 4.75583412651e-08, 4.09708961202e-10],
        "dvar2": [1.36689259307e-05, 0.00222930707969, 1.62350552273e-05, 2.9411054129e-05, 6.82784448145e-05, 4.16161929024e-05, 0.00011050348985, 1.62245287356e-05, 1.11171775643e-05, 2.57690408034e-06, 9.24356072574e-07, 1.94648578145e-06, 4.01070656153e-06, 8.440715078e-07, 7.42029328649e-07, 1.00520054502e-07, 2.96152133927e-08, 2.16783107021e-08, 3.07141299061e-08, 4.42902603481e-08, 5.63081741234e-08, 5.91878404066e-08, 2.24493447831e-07, 8.61868514335e-08, 1.84108216672e-07, 1.170908277e-07, 1.1460273841e-09],
        "max": [0.0301979631186, 0.247179284692, 0.0294044595212, 0.0428803637624, 0.0597447343171, 0.0563576407731, 0.0647534653544, 0.0325237512589, 0.0311604887247, 0.0185442287475, 0.0141397463158, 0.0124849975109, 0.0226587597281, 0.00684153847396, 0.00347410235554, 0.00334939896129, 0.00106598483399, 0.000924835621845, 0.00243642926216, 0.00190878775902, 0.00128130638041, 0.00231980858371, 0.00433115102351, 0.00289448723197, 0.00248366058804, 0.00267118494958, 0.000225609139306],
        "mean": [0.00253688055091, 0.0136379441246, 0.00195187015925, 0.0024302075617, 0.00566807202995, 0.0044314423576, 0.00479078991339, 0.00221999036148, 0.00231569376774, 0.000737310561817, 0.000581846456043, 0.000922476814594, 0.00141934922431, 0.000538738619071, 0.000253308273386, 0.000223280891078, 0.000115226343041, 8.81810701685e-05, 0.000139192052302, 0.000133490364533, 0.000135582085932, 0.000187310928595, 0.000208306271816, 0.000192629217054, 0.00018765310233, 0.000131348075229, 6.20955279373e-06],
        "median": [3.98850243073e-05, 0.00326240807772, 0.000770919607021, 0.000876761507243, 0.00357527169399, 0.00256415340118, 0.00228337803856, 0.0008871104219, 0.000928178313188, 0.000212460145121, 0.000180816714419, 0.00026515693753, 0.000446784077212, 0.000210929923924, 0.000118106647278, 0.000110674583993, 8.07057222119e-05, 5.20495850651e-05, 8.97577847354e-05, 7.4944095104e-05, 6.6034248448e-05, 0.000104485188785, 7.11462707841e-05, 9.849244816e-05, 9.18314690352e-05, 4.97408873343e-05, 1.02719468487e-06],
        "min": [2.11450612575e-09, 2.4332251769e-08, 7.32985228069e-08, 8.45472243327e-08, 1.83609955684e-07, 1.13560091108e-07, 7.10611942623e-08, 3.97094979121e-08, 9.65068291947e-09, 9.90552262436e-09, 1.08271513977e-09, 4.86848072967e-09, 1.21125491859e-08, 9.70468594375e-09, 4.90580331913e-09, 2.33313945941e-09, 8.34933366889e-09, 2.79280465421e-09, 1.93988114461e-09, 2.45936204735e-09, 9.27978249798e-10, 3.08460146314e-09, 3.00968094891e-09, 1.4831066375e-09, 1.11058762187e-09, 1.08722708614e-09, 5.58034196109e-13],
        "stdev": [0.00555571448058, 0.0342256240547, 0.00282691745088, 0.00405828189105, 0.00659724418074, 0.00546928914264, 0.00686663947999, 0.00352751510218, 0.00332456827164, 0.00157918257173, 0.00117588648573, 0.00169451360125, 0.00229458860122, 0.000812309677713, 0.00045002650586, 0.00036340841325, 0.000123808247736, 0.00010809655214, 0.000172326239408, 0.000184214135516, 0.000184291377082, 0.000264809030341, 0.000391597859561, 0.000282590917777, 0.000294846482575, 0.000232602818869, 1.7168760678e-05],
        "var": [3.08659655275e-05, 0.00117139343638, 7.99146255304e-06, 1.64696521097e-05, 4.35236288467e-05, 2.99131243082e-05, 4.71507373732e-05, 1.24433627207e-05, 1.10527544166e-05, 2.49381741924e-06, 1.38270900152e-06, 2.87137618216e-06, 5.26513667864e-06, 6.59846989493e-07, 2.02523850135e-07, 1.32065679281e-07, 1.53284815951e-08, 1.16848646314e-08, 2.96963342805e-08, 3.39348460443e-08, 3.3963313939e-08, 7.01238178635e-08, 1.53348892695e-07, 7.98576209604e-08, 8.69344560783e-08, 5.41040705571e-08, 2.94766322462e-10]
    },
    "erbbands": {
        "dmean": [0.572993159294, 2.05072212219, 1.57031857967, 2.98595023155, 9.57688045502, 13.6866521835, 10.3157949448, 24.6416625977, 39.8440971375, 56.4047279358, 34.3240623474, 25.5169677734, 18.7446670532, 14.3373947144, 10.8649339676, 19.7449226379, 31.5904483795, 25.1897640228, 13.734003067, 8.5403175354, 6.72390270233, 4.46396875381, 2.97813534737, 3.36039805412, 4.0519657135, 3.56111836433, 2.97682976723, 4.0020775795, 3.54226589203, 3.93208575249, 4.20941543579, 2.39152359962, 2.03280901909, 1.33178114891, 0.997518360615, 0.585866510868, 0.172943547368, 0.0215411297977, 0.000716410344467, 3.76344141841e-05],
        "dmean2": [0.830857515335, 3.30345344543, 2.69706249237, 4.76552963257, 15.4093389511, 22.4789047241, 16.2732467651, 38.3613243103, 63.3368034363, 91.8973388672, 54.0238189697, 37.8443489075, 28.986536026, 21.2947273254, 16.287612915, 29.1465492249, 48.9711303711, 40.3392028809, 23.3467025757, 14.4186067581, 11.1122074127, 7.36184167862, 5.06516551971, 5.46891880035, 6.23075962067, 5.7996969223, 4.71116304398, 6.29135513306, 5.31705760956, 5.98605966568, 6.53943920135, 3.70634770393, 3.22030568123, 2.15954351425, 1.62681734562, 0.944522678852, 0.274983137846, 0.0344319194555, 0.00116212572902, 5.60085245525e-05],
        "dvar": [2.15155506134, 30.6824302673, 11.5005664825, 31.0034828186, 241.394638062, 549.452087402, 238.141296387, 2087.37182617, 4209.73730469, 13171.9345703, 3417.94433594, 1967.90087891, 1132.71057129, 947.917175293, 380.332519531, 1419.04089355, 2741.67871094, 1761.42028809, 696.056640625, 267.850372314, 132.404891968, 37.8689575195, 24.0387401581, 30.8635234833, 40.5088233948, 40.0660743713, 32.31016922, 45.0260391235, 36.3400344849, 70.457824707, 73.3290100098, 18.7234115601, 15.1024284363, 7.87668418884, 4.6371922493, 1.45669448376, 0.154034093022, 0.00246571889147, 3.69391864297e-06, 3.42950312593e-09],
        "dvar2": [4.33857822418, 73.709274292, 31.5446929932, 79.5434951782, 627.033508301, 1331.61206055, 584.744995117, 4816.29589844, 10196.5498047, 33599.171875, 7856.65527344, 4210.96533203, 2553.60668945, 1977.59716797, 878.68359375, 2995.28417969, 5817.09960938, 4510.89697266, 1892.91381836, 689.886230469, 313.315704346, 102.22694397, 63.7477912903, 72.5925445557, 90.3894348145, 90.4047317505, 73.2626342773, 109.715446472, 79.6494064331, 153.212356567, 170.893753052, 41.6408081055, 35.3335647583, 19.3625831604, 12.1788778305, 3.62144088745, 0.389546722174, 0.00640673888847, 9.95588834485e-06, 7.83412890115e-09],
        "max": [10.4794054031, 41.8530654907, 40.1420555115, 70.9716796875, 190.690994263, 367.621643066, 192.738235474, 552.078552246, 628.154907227, 1367.04138184, 666.987731934, 610.823364258, 417.194213867, 570.099487305, 266.922241211, 607.436706543, 955.088256836, 541.180358887, 220.314758301, 180.608673096, 169.974975586, 58.6009101868, 50.8185424805, 94.1831207275, 106.705184937, 81.3173370361, 79.4886398315, 68.2780227661, 79.8812026978, 119.583679199, 97.7442779541, 68.0041656494, 45.9491081238, 32.7987327576, 20.4143295288, 12.7277593613, 5.17175245285, 0.487964123487, 0.0204964149743, 0.000541215355042],
        "mean": [0.642042398453, 2.07094359398, 2.51162624359, 5.31957292557, 15.1524038315, 20.2419929504, 19.8565406799, 43.111492157, 59.817489624, 67.3128967285, 54.3295211792, 44.071811676, 33.0185241699, 26.5806446075, 19.6357746124, 39.1902732849, 58.3304824829, 41.7005577087, 17.543548584, 12.7679376602, 10.8745164871, 7.21471595764, 4.7932972908, 6.10535478592, 7.44995212555, 5.84666776657, 4.71964263916, 6.59521961212, 6.68523931503, 5.89927101135, 6.01270103455, 4.23312664032, 3.19870281219, 1.9966673851, 1.36871516705, 0.752755403519, 0.208013519645, 0.0248620789498, 0.000773928477429, 7.71052073105e-05],
        "median": [0.0493141375482, 0.698023438454, 1.31046295166, 2.59124064445, 7.47583007812, 10.7407512665, 12.700802803, 22.7562828064, 31.4662132263, 31.5012798309, 22.913356781, 18.076669693, 14.2319698334, 8.33630180359, 7.95858573914, 11.5188293457, 20.4999027252, 15.5856294632, 8.7345790863, 6.47869729996, 5.92584848404, 4.98447561264, 3.00334191322, 4.14569950104, 4.94723701477, 3.17395186424, 2.18284702301, 3.49363279343, 3.88712406158, 2.20516514778, 2.14905667305, 2.38741970062, 1.33888614178, 0.923744797707, 0.62542527914, 0.316776156425, 0.0662488117814, 0.00798863731325, 0.000227321914281, 5.82874672546e-05],
        "min": [1.35914388011e-06, 1.41709624586e-05, 7.09844825906e-05, 0.000205686228583, 0.000415357295424, 0.00064929400105, 0.000837692292407, 0.000940495287068, 0.00100703001954, 0.00103245163336, 0.00070156250149, 0.000201951610507, 0.00040079455357, 0.000106224048068, 5.5453969253e-05, 0.000288572628051, 0.000601266510785, 0.000486307777464, 0.000297696504276, 0.000193919448066, 0.000248100812314, 0.000452851352748, 0.000194896565517, 7.72036364651e-05, 0.000129899184685, 9.3092530733e-05, 4.26812148362e-05, 4.10382017435e-05, 0.000115442606329, 9.25208587432e-05, 8.97493737284e-05, 4.55420668004e-05, 1.57566155394e-05, 1.35225791382e-05, 8.51370805321e-06, 5.53455538466e-06, 1.87685793662e-06, 2.11738182543e-07, 5.54737056291e-09, 1.04511954646e-09],
        "stdev": [1.67575383186, 5.20833826065, 3.4330394268, 7.37824487686, 19.553899765, 28.8758296967, 21.3711280823, 59.4586219788, 78.1567153931, 111.298408508, 78.0631408691, 66.6963043213, 50.7056427002, 53.3195762634, 29.9410324097, 70.2459640503, 93.5453186035, 61.0264549255, 26.7790470123, 19.5162734985, 16.6924133301, 7.65833234787, 5.77041101456, 7.31473875046, 8.85256958008, 8.10127258301, 7.46228981018, 8.40803337097, 9.11882591248, 11.0707616806, 11.1258106232, 6.16076660156, 5.00180959702, 3.19306588173, 2.2266767025, 1.28618848324, 0.401585072279, 0.0491034761071, 0.00176108023152, 6.92934409017e-05],
        "var": [2.8081510067, 27.1267852783, 11.7857599258, 54.438495636, 382.355010986, 833.813537598, 456.725097656, 3535.32788086, 6108.47167969, 12387.3359375, 6093.85400391, 4448.39697266, 2571.06201172, 2842.97729492, 896.465393066, 4934.49511719, 8750.7265625, 3724.22827148, 717.11730957, 380.884918213, 278.636688232, 58.6500549316, 33.2976417542, 53.5054016113, 78.3679962158, 65.6306152344, 55.6857719421, 70.695022583, 83.1529846191, 122.561759949, 123.783653259, 37.9550476074, 25.0180969238, 10.1956701279, 4.95808887482, 1.65428078175, 0.161270573735, 0.00241115130484, 3.10140353577e-06, 4.80158046656e-09]
    },
    "gfcc": {
        "mean": [23.9356060028, 86.7458267212, -87.2210617065, 15.6271724701, -71.5675811768, 15.2568807602, -47.0965385437, 6.12969207764, -26.381652832, 13.877325058, -15.903339386, 1.9271620512, -17.3918304443],
        "cov": [[4283.56054688, -1208.88537598, -315.626831055, 62.9080162048, 5.72323846817, 506.913360596, 45.6303710938, 269.917633057, -96.8377914429, 214.577041626, -141.864013672, -22.5615558624, -282.952087402], [-1208.88537598, 1301.51123047, -104.147285461, -155.490936279, 329.328216553, -59.1194076538, 144.176605225, -8.55934429169, 154.817138672, -60.7393684387, 119.276748657, -23.5939216614, 158.522659302], [-315.626831055, -104.147285461, 790.854492188, 321.530731201, 69.9851150513, 35.3295593262, 57.0543746948, 13.0488920212, 71.7679443359, 109.699203491, 60.3748474121, 117.981300354, 46.3508110046], [62.9080162048, -155.490936279, 321.530731201, 415.988250732, 89.2244033813, 84.1734390259, 67.192817688, 28.8013687134, 83.6683883667, 85.760269165, 39.7485961914, 39.4938430786, 26.1076335907], [5.72323846817, 329.328216553, 69.9851150513, 89.2244033813, 349.856109619, 120.61630249, 96.8430480957, 75.7104873657, 107.231460571, 70.0159378052, 55.3316993713, 25.1878757477, 43.8590621948], [506.913360596, -59.1194076538, 35.3295593262, 84.1734390259, 120.61630249, 261.292144775, 125.696884155, 94.9203109741, 45.7762260437, 67.4429702759, 30.8634624481, 15.2830762863, -4.5832824707], [45.6303710938, 144.176605225, 57.0543746948, 67.192817688, 96.8430480957, 125.696884155, 228.537399292, 70.3332824707, 68.6618881226, 57.957824707, 38.9196166992, 34.2481269836, 36.0504264832], [269.917633057, -8.55934429169, 13.0488920212, 28.8013687134, 75.7104873657, 94.9203109741, 70.3332824707, 155.032669067, 74.379119873, 50.2635154724, 36.8655662537, 8.1759853363, 3.20594620705], [-96.8377914429, 154.817138672, 71.7679443359, 83.6683883667, 107.231460571, 45.7762260437, 68.6618881226, 74.379119873, 177.499359131, 82.7637939453, 58.9901733398, 6.289955616, 37.5336761475], [214.577041626, -60.7393684387, 109.699203491, 85.760269165, 70.0159378052, 67.4429702759, 57.957824707, 50.2635154724, 82.7637939453, 133.707199097, 40.8452835083, 29.1041202545, 0.21522115171], [-141.864013672, 119.276748657, 60.3748474121, 39.7485961914, 55.3316993713, 30.8634624481, 38.9196166992, 36.8655662537, 58.9901733398, 40.8452835083, 111.217033386, 42.6190452576, 36.8543891907], [-22.5615558624, -23.5939216614, 117.981300354, 39.4938430786, 25.1878757477, 15.2830762863, 34.2481269836, 8.1759853363, 6.289955616, 29.1041202545, 42.6190452576, 105.490783691, 46.9763221741], [-282.952087402, 158.522659302, 46.3508110046, 26.1076335907, 43.8590621948, -4.5832824707, 36.0504264832, 3.20594620705, 37.5336761475, 0.21522115171, 36.8543891907, 46.9763221741, 122.395362854]],
        "icov": [[0.000620663107838, 0.000259437336354, 0.000424418598413, -9.68094173004e-05, -6.15932149231e-05, -0.000918809499126, 0.000326142180711, -0.000744449207559, 0.000508999451995, -0.000975266215391, 0.000804777024314, -0.000536907522473, 0.000679221411701], [0.000259437336354, 0.00320035335608, -0.00018162028573, 0.00187998556066, -0.00319743040018, 0.00136707082856, -0.00230891350657, 0.00168588175438, -0.00177608663216, 0.00268025393598, -0.00271566049196, 0.00268293614499, -0.0017166803591], [0.000424418598413, -0.00018162028573, 0.0025569384452, -0.0017877870705, 0.000339365215041, -0.000438420305727, 0.00056714809034, -0.000588195631281, 0.000512985687237, -0.00175068958197, 0.00102912832517, -0.00265866937116, 0.000896072189789], [-9.68094173004e-05, 0.00187998556066, -0.0017877870705, 0.00521711166948, -0.00209893775173, 0.000255588936852, -0.00162018090487, 0.00201478297822, -0.00223980029114, 0.00148425239604, -0.00194791099057, 0.00250272895209, -0.00159816036467], [-6.15932149231e-05, -0.00319743040018, 0.000339365215041, -0.00209893775173, 0.00738575309515, -0.00306618027389, 0.0022700347472, -0.00213592825457, 0.000424922007369, -0.00324434181675, 0.00272813625634, -0.00294810673222, 0.00112936517689], [-0.000918809499126, 0.00136707082856, -0.000438420305727, 0.000255588936852, -0.00306618027389, 0.00944260973483, -0.00451792683452, -0.000548528158106, 0.000258501357166, 0.00151501677465, -0.00318480795249, 0.00274878763594, -0.00116372969933], [0.000326142180711, -0.00230891350657, 0.00056714809034, -0.00162018090487, 0.0022700347472, -0.00451792683452, 0.00903253164142, -0.00267648207955, 0.000707110215444, -0.00340179703198, 0.00311814225279, -0.00370632531121, 0.000575009849854], [-0.000744449207559, 0.00168588175438, -0.000588195631281, 0.00201478297822, -0.00213592825457, -0.000548528158106, -0.00267648207955, 0.0125426789746, -0.00540315452963, 0.00309358490631, -0.00393574032933, 0.0020476966165, -0.00085622840561], [0.000508999451995, -0.00177608663216, 0.000512985687237, -0.00223980029114, 0.000424922007369, 0.000258501357166, 0.000707110215444, -0.00540315452963, 0.0143877407536, -0.00849878042936, -0.000583942397498, 0.00247013452463, -0.00161822268274], [-0.000975266215391, 0.00268025393598, -0.00175068958197, 0.00148425239604, -0.00324434181675, 0.00151501677465, -0.00340179703198, 0.00309358490631, -0.00849878042936, 0.0187437292188, -0.00506634637713, 0.000256424449617, 0.000761013478041], [0.000804777024314, -0.00271566049196, 0.00102912832517, -0.00194791099057, 0.00272813625634, -0.00318480795249, 0.00311814225279, -0.00393574032933, -0.000583942397498, -0.00506634637713, 0.0175846237689, -0.00808907020837, 0.00148903159425], [-0.000536907522473, 0.00268293614499, -0.00265866937116, 0.00250272895209, -0.00294810673222, 0.00274878763594, -0.00370632531121, 0.0020476966165, 0.00247013452463, 0.000256424449617, -0.00808907020837, 0.019980257377, -0.00803653243929], [0.000679221411701, -0.0017166803591, 0.000896072189789, -0.00159816036467, 0.00112936517689, -0.00116372969933, 0.000575009849854, -0.00085622840561, -0.00161822268274, 0.000761013478041, 0.00148903159425, -0.00803653243929, 0.0145012261346]]
    },
    "melbands": {
        "dmean": [0.00411028368399, 0.00128468452021, 0.000666290172376, 0.000870528223459, 0.000367070140783, 0.000526590913069, 0.000639138917904, 0.000560339889489, 0.000277183629805, 0.000163981530932, 9.61553887464e-05, 5.9515274188e-05, 3.81277568522e-05, 4.25634752901e-05, 7.90340491221e-05, 8.49373827805e-05, 4.225828161e-05, 2.37524600379e-05, 1.81027808139e-05, 9.18221030588e-06, 8.06994648883e-06, 5.26839176018e-06, 3.26590202349e-06, 2.54177621173e-06, 2.92574941341e-06, 3.17200147038e-06, 3.08155676976e-06, 2.5518527309e-06, 1.88326453099e-06, 2.36098526329e-06, 2.29935653806e-06, 2.15315458263e-06, 2.02858586817e-06, 2.45637943408e-06, 2.70139139502e-06, 1.92068728211e-06, 1.45233036619e-06, 1.53350060828e-06, 1.35223069719e-06, 1.13711996619e-06],
        "dmean2": [0.00602973904461, 0.00210464722477, 0.00106031284668, 0.00141895795241, 0.000585466797929, 0.000816143816337, 0.00102674902882, 0.000914206786547, 0.000435533642303, 0.000240993860643, 0.000150434469106, 9.07375724637e-05, 5.68591131014e-05, 6.40577272861e-05, 0.000123477715533, 0.000134965637699, 6.83711041347e-05, 3.97723342758e-05, 3.22187879647e-05, 1.4624510186e-05, 1.35637674248e-05, 8.83005850483e-06, 5.47900981474e-06, 4.30264026363e-06, 4.79587606605e-06, 5.03252522321e-06, 4.84173233417e-06, 4.20862625106e-06, 3.01377303913e-06, 3.86984902434e-06, 3.55456563739e-06, 3.3214882933e-06, 3.0284636523e-06, 3.85584371543e-06, 4.20757669417e-06, 3.01254135593e-06, 2.27782288675e-06, 2.43301087721e-06, 2.21448271986e-06, 1.84199279829e-06],
        "dvar": [0.000110500193841, 9.14472821023e-06, 1.43736019709e-06, 1.88833166703e-06, 2.6769220085e-07, 8.57943007304e-07, 1.10616906568e-06, 1.17016747936e-06, 2.28998445095e-07, 8.07433835348e-08, 3.27624114504e-08, 1.67576441612e-08, 5.1086055386e-09, 7.70663000083e-09, 2.26821033067e-08, 2.46201814491e-08, 5.08831599078e-09, 1.98024685538e-09, 1.37439615244e-09, 2.64445548792e-10, 1.99837660309e-10, 5.66107369315e-11, 2.48255166424e-11, 1.61906928836e-11, 2.51962634784e-11, 2.67689221484e-11, 2.37097546457e-11, 2.26219477178e-11, 1.42676868584e-11, 1.95763075889e-11, 1.31820674168e-11, 1.2912981448e-11, 1.51668573534e-11, 3.15493360603e-11, 3.14106900212e-11, 1.33617231862e-11, 6.93999024914e-12, 8.11990492205e-12, 8.70682432402e-12, 6.22445801499e-12],
        "dvar2": [0.000231814861763, 2.28804947255e-05, 3.77857736567e-06, 4.68084635941e-06, 6.33780132375e-07, 2.01079660656e-06, 2.75968545793e-06, 2.92822892334e-06, 5.35089782261e-07, 1.69932434346e-07, 7.44403649833e-08, 3.69123576149e-08, 1.07729718479e-08, 1.61241402452e-08, 5.45059499757e-08, 5.48502328002e-08, 1.28868240523e-08, 5.07931607885e-09, 3.87460952211e-09, 5.63574242829e-10, 5.05489705649e-10, 1.5265488873e-10, 6.76004391353e-11, 4.17750105342e-11, 6.04003097537e-11, 5.7238273149e-11, 5.60178257947e-11, 5.2841918341e-11, 3.11404235731e-11, 4.97139690525e-11, 3.16651323218e-11, 3.11293490984e-11, 2.85279109363e-11, 7.38160851887e-11, 7.36516195254e-11, 3.26540981754e-11, 1.53755706084e-11, 1.87200498158e-11, 2.11657340959e-11, 1.59359053731e-11],
        "max": [0.0804508477449, 0.0246284157038, 0.0142743112519, 0.0157415159047, 0.00718764029443, 0.0128106037155, 0.0091516347602, 0.0127458395436, 0.00478965276852, 0.00384965073317, 0.0022931699641, 0.00227920967154, 0.000917905941606, 0.00153127172962, 0.00189812621102, 0.00223829317838, 0.000845746253617, 0.000434799090726, 0.000333299103659, 0.000291557254968, 0.000186160410522, 7.7702847193e-05, 4.67370446131e-05, 5.54382568225e-05, 8.33029698697e-05, 9.9675860838e-05, 5.5865606555e-05, 6.32905212115e-05, 6.1980666942e-05, 3.59011064575e-05, 4.10766951973e-05, 4.35532238043e-05, 5.61067026865e-05, 9.68131280388e-05, 6.89237058396e-05, 3.89608321711e-05, 4.2983538151e-05, 3.88784355891e-05, 3.59161531378e-05, 3.60256817658e-05],
        "mean": [0.00471254112199, 0.00170619157143, 0.00120630208403, 0.00135722802952, 0.000699924014043, 0.000957915792242, 0.000929265632294, 0.000683067599311, 0.000437999406131, 0.000281699380139, 0.000163147400599, 0.000107974701677, 6.66558480589e-05, 7.5779229519e-05, 0.000138531366247, 0.000139408832183, 6.58900753479e-05, 2.87212587864e-05, 2.03197378141e-05, 1.55827437993e-05, 1.15678803922e-05, 7.75380885898e-06, 4.88458408654e-06, 3.90704462916e-06, 4.93549805469e-06, 5.80053756494e-06, 4.81334609503e-06, 3.75787544726e-06, 2.91797437058e-06, 3.15790884997e-06, 3.97581561629e-06, 3.909518e-06, 3.40719475389e-06, 3.25682140101e-06, 3.66210656466e-06, 2.88015621663e-06, 2.51740561907e-06, 2.34715639635e-06, 1.87314196864e-06, 1.62932576586e-06],
        "median": [0.000767628429458, 0.000918994774111, 0.000702179328073, 0.000797056069132, 0.000481977098389, 0.000549734453671, 0.00049855717225, 0.000299364357488, 0.000156519425218, 0.000116341230751, 6.54835312162e-05, 3.21200750477e-05, 2.50858665822e-05, 2.47494353971e-05, 3.4864864574e-05, 4.39623872808e-05, 2.3977847377e-05, 1.23506024465e-05, 9.45847568801e-06, 6.62387219563e-06, 6.20767923465e-06, 5.05076468471e-06, 2.97012275041e-06, 2.34217895922e-06, 3.13232635563e-06, 3.54276244252e-06, 2.87390821541e-06, 1.73913872459e-06, 1.26251245547e-06, 1.25235226278e-06, 2.2312906367e-06, 2.3192185381e-06, 1.59470050676e-06, 1.00063914488e-06, 1.0679711977e-06, 1.45127637552e-06, 1.39460644277e-06, 9.19773754049e-07, 6.73860313327e-07, 7.58844123538e-07],
        "min": [1.42194922503e-08, 3.20030650869e-08, 4.13014298317e-08, 3.84815450616e-08, 2.99399971482e-08, 2.12281143774e-08, 1.52814063625e-08, 1.09165645412e-08, 4.84209028428e-09, 1.174272235e-09, 2.03163086354e-09, 4.71920946765e-10, 1.61265806264e-10, 3.01004360326e-10, 1.50694945411e-09, 9.36155153397e-10, 9.53443879403e-10, 4.89653373403e-10, 3.95220800531e-10, 1.29780020064e-10, 3.55328821922e-10, 5.83363524154e-10, 2.20674215012e-10, 8.48833850431e-11, 5.74292176314e-11, 8.45031475349e-11, 1.25218363456e-10, 4.30976018762e-11, 2.33442987163e-11, 2.53053550336e-11, 2.03629283574e-11, 6.69367339334e-11, 5.62506083379e-11, 5.21230732187e-11, 6.36057317926e-11, 3.35441951993e-11, 2.6088896668e-11, 1.07381265338e-11, 9.53089256822e-12, 1.13248863412e-11],
        "stdev": [0.0117812035605, 0.00284096389078, 0.00153822056018, 0.00166635902133, 0.000743820448406, 0.00122205342632, 0.00119970424566, 0.00108405319043, 0.000652223068755, 0.00043964345241, 0.000263671128778, 0.000219466615818, 0.000110488414066, 0.00014253934205, 0.00025180602097, 0.000242522277404, 9.99839612632e-05, 4.82877148897e-05, 3.4061333281e-05, 2.75116053672e-05, 1.76524936251e-05, 8.73464614415e-06, 6.00224257141e-06, 4.91974651595e-06, 6.31253078609e-06, 7.39300321584e-06, 6.06878847975e-06, 5.88437933402e-06, 5.09371693624e-06, 4.75552769785e-06, 4.9274549383e-06, 5.2210789363e-06, 5.80235928282e-06, 6.72895748721e-06, 7.20818025002e-06, 4.47715774499e-06, 3.81040035791e-06, 3.72089584744e-06, 3.33402977049e-06, 2.68349299404e-06],
        "var": [0.000138796749525, 8.07107517176e-06, 2.36612231674e-06, 2.77675235338e-06, 5.53268819203e-07, 1.49341451561e-06, 1.43929037222e-06, 1.17517140552e-06, 4.25394915737e-07, 1.93286368244e-07, 6.952246423e-08, 4.81655959561e-08, 1.22076890818e-08, 2.03174650437e-08, 6.34062757854e-08, 5.88170578908e-08, 9.99679272695e-09, 2.33170349695e-09, 1.16017440099e-09, 7.56888440812e-10, 3.11610515169e-10, 7.62940474686e-11, 3.60269140909e-11, 2.42039079751e-11, 3.98480450026e-11, 5.46564980775e-11, 3.68301916742e-11, 3.46259201867e-11, 2.59459519841e-11, 2.26150417837e-11, 2.42798108008e-11, 2.72596667461e-11, 3.36673709744e-11, 4.5278867461e-11, 5.19578616243e-11, 2.00449414012e-11, 1.45191506387e-11, 1.38450665862e-11, 1.11157550178e-11, 7.20113508754e-12]
    },
    "melbands128": {
