{
"lowlevel": {
    "average_loudness": 0.978477418423,
    "barkbands_crest": {
        "dmean": 2.77802467346,
        "dmean2": 4.611992836,
        "dvar": 5.94300508499,
        "dvar2": 15.7332839966,
        "max": 24.2278461456,
        "mean": 9.91600990295,
        "median": 9.40705394745,
        "min": 3.27594351768,
        "stdev": 3.55846118927,
        "var": 12.6626462936
    },
    "barkbands_flatness_db": {
        "dmean": 0.0260141678154,
        "dmean2": 0.0391270145774,
        "dvar": 0.000545427377801,
        "dvar2": 0.00118872756138,
        "max": 0.368104279041,
        "mean": 0.139369890094,
        "median": 0.134856075048,
        "min": 0.0259737372398,
        "stdev": 0.0450495220721,
        "var": 0.00202945945784
    },
    "barkbands_kurtosis": {
        "dmean": 3.54826688766,
        "dmean2": 5.6748919487,
        "dvar": 34.4132118225,
        "dvar2": 80.4724121094,
        "max": 89.185218811,
        "mean": 4.95898199081,
        "median": 2.82932043076,
        "min": -1.83678805828,
        "stdev": 7.82753229141,
        "var": 61.2702636719
    },
    "barkbands_skewness": {
        "dmean": 0.618282914162,
        "dmean2": 0.9590498209,
        "dvar": 0.375298261642,
        "dvar2": 0.893413305283,
        "max": 7.83487129211,
        "mean": 1.75280618668,
        "median": 1.63660860062,
        "min": -1.62430131435,
        "stdev": 1.09525167942,
        "var": 1.19957625866
    },
    "barkbands_spread": {
        "dmean": 6.92043638229,
        "dmean2": 10.2593297958,
        "dvar": 73.6097946167,
        "dvar2": 139.485931396,
        "max": 96.6965103149,
        "mean": 21.8462657928,
        "median": 18.5082416534,
        "min": 1.11870014668,
        "stdev": 14.681350708,
        "var": 215.542053223
    },
    "dissonance": {
        "dmean": 0.0215511210263,
        "dmean2": 0.0357521511614,
        "dvar": 0.000661140133161,
        "dvar2": 0.00165862764698,
        "max": 0.499321490526,
        "mean": 0.455189913511,
        "median": 0.463273435831,
        "min": 0.0361396633089,
        "stdev": 0.033509876579,
        "var": 0.00112291180994
    },
    "dynamic_complexity": 1.15404129028,
    "erbbands_crest": {
        "dmean": 2.62040638924,
        "dmean2": 4.30825614929,
        "dvar": 6.71864318848,
        "dvar2": 17.6544303894,
        "max": 26.8654251099,
        "mean": 8.66791820526,
        "median": 7.74809646606,
        "min": 2.30777359009,
        "stdev": 3.86362361908,
        "var": 14.9275875092
    },
    "erbbands_flatness_db": {
        "dmean": 0.0175456684083,
        "dmean2": 0.0258062519133,
        "dvar": 0.000269141688477,
        "dvar2": 0.000519609660842,
        "max": 0.295573055744,
        "mean": 0.142786964774,
        "median": 0.13898037374,
        "min": 0.0533427856863,
        "stdev": 0.0402996204793,
        "var": 0.00162405939773
    },
    "erbbands_kurtosis": {
        "dmean": 0.900141298771,
        "dmean2": 1.4165636301,
        "dvar": 1.33722686768,
        "dvar2": 3.04278707504,
        "max": 17.5086765289,
        "mean": 0.510209977627,
        "median": 0.0280096530914,
        "min": -1.81273198128,
        "stdev": 1.82961261272,
        "var": 3.34748220444
    },
    "erbbands_skewness": {
        "dmean": 0.386366903782,
        "dmean2": 0.575020611286,
        "dvar": 0.134739845991,
        "dvar2": 0.26884585619,
        "max": 3.19137477875,
        "mean": 0.41361874342,
        "median": 0.444843381643,
        "min": -2.51867341995,
        "stdev": 0.675154864788,
        "var": 0.455834060907
    },
    "erbbands_spread": {
        "dmean": 9.72749614716,
        "dmean2": 14.4817619324,
        "dvar": 116.252151489,
        "dvar2": 248.751724243,
        "max": 155.300247192,
        "mean": 42.5423736572,
        "median": 38.2998924255,
        "min": 6.69045591354,
        "stdev": 23.7360286713,
        "var": 563.399047852
    },
    "hfc": {
        "dmean": 8.74415969849,
        "dmean2": 12.7339820862,
        "dvar": 112.995246887,
        "dvar2": 226.980026245,
        "max": 119.998985291,
        "mean": 29.9130134583,
        "median": 25.7079181671,
        "min": 1.16282999105e-16,
        "stdev": 18.4158840179,
        "var": 339.144805908
    },
    "loudness_ebu128": {
        "integrated": -7.72873497009,
        "loudness_range": 1.61494827271,
        "momentary": {
            "dmean": 0.367584139109,
            "dmean2": 0.5021250844,
            "dvar": 0.0939217358828,
            "dvar2": 0.190034210682,
            "max": -5.66896915436,
            "mean": -7.81036663055,
            "median": -7.84926462173,
            "min": -10.1624555588,
            "stdev": 0.837077200413,
            "var": 0.700698256493
        },
        "short_term": {
            "dmean": 0.0479461736977,
            "dmean2": 0.0525227449834,
            "dvar": 0.00125679536723,
            "dvar2": 0.00186006305739,
            "max": -6.46561336517,
            "mean": -7.76739883423,
            "median": -8.02479362488,
            "min": -8.40228843689,
            "stdev": 0.536462545395,
            "var": 0.287792086601
        }
    },
    "melbands_crest": {
        "dmean": 4.28435277939,
        "dmean2": 7.18165588379,
        "dvar": 13.0888547897,
        "dvar2": 34.3149299622,
        "max": 33.4122657776,
        "mean": 16.0825519562,
        "median": 15.2876443863,
        "min": 2.30472779274,
        "stdev": 5.96347999573,
        "var": 35.5630912781
    },
    "melbands_flatness_db": {
        "dmean": 0.0315846204758,
        "dmean2": 0.0475938878953,
        "dvar": 0.000811171310488,
        "dvar2": 0.00176612008363,
        "max": 0.431819140911,
        "mean": 0.217633351684,
        "median": 0.213999435306,
        "min": 0.00625435821712,
        "stdev": 0.0540315918624,
        "var": 0.00291941291653
    },
    "melbands_kurtosis": {
        "dmean": 8.74899673462,
        "dmean2": 14.0858678818,
        "dvar": 208.056518555,
        "dvar2": 529.437133789,
        "max": 205.280670166,
        "mean": 15.3615274429,
        "median": 9.99276351929,
        "min": -1.14794719219,
        "stdev": 19.1558189392,
        "var": 366.945373535
    },
    "melbands_skewness": {
        "dmean": 0.846236109734,
        "dmean2": 1.33866477013,
        "dvar": 0.791713237762,
        "dvar2": 1.92694461346,
        "max": 12.5740499496,
        "mean": 2.87897157669,
        "median": 2.71801996231,
        "min": -0.302174299955,
        "stdev": 1.63889014721,
        "var": 2.68596076965
    },
    "melbands_spread": {
        "dmean": 6.62375116348,
        "dmean2": 10.1098871231,
        "dvar": 66.5307693481,
        "dvar2": 125.857933044,
        "max": 132.776504517,
        "mean": 19.5009841919,
        "median": 16.6566200256,
        "min": 1.25992321968,
        "stdev": 13.0046377182,
        "var": 169.12059021
    },
    "pitch_salience": {
        "dmean": 0.0796580910683,
        "dmean2": 0.132977306843,
        "dvar": 0.0045796497725,
        "dvar2": 0.0117411538959,
        "max": 0.943227410316,
        "mean": 0.519911170006,
        "median": 0.520513176918,
        "min": 0.220293611288,
        "stdev": 0.103729762137,
        "var": 0.0107598640025
    },
    "silence_rate_20dB": {
        "dmean": 0,
        "dmean2": 0,
        "dvar": 0,
        "dvar2": 0,
        "max": 1,
        "mean": 1,
        "median": 1,
        "min": 1,
        "stdev": 0,
        "var": 0
    },
    "silence_rate_30dB": {
        "dmean": 0.061919502914,
        "dmean2": 0.123934932053,
        "dvar": 0.0580856353045,
        "dvar2": 0.147304564714,
        "max": 1,
        "mean": 0.955143094063,
        "median": 1,
        "min": 0,
        "stdev": 0.206989273429,
        "var": 0.042844556272
    },
    "silence_rate_60dB": {
        "dmean": 0.000773993786424,
        "dmean2": 0.00154918665066,
        "dvar": 0.000773391744588,
        "dvar2": 0.00154677091632,
        "max": 1,
        "mean": 0.00154679035768,
        "median": 0,
        "min": 0,
        "stdev": 0.0392987206578,
        "var": 0.00154438940808
    },
    "spectral_centroid": {
        "dmean": 273.998443604,
        "dmean2": 407.829650879,
        "dvar": 147270.453125,
        "dvar2": 224292.6875,
        "max": 11067.1425781,
        "mean": 1165.62268066,
        "median": 1076.88806152,
        "min": 235.494003296,
        "stdev": 593.960571289,
        "var": 352789.1875
    },
    "spectral_complexity": {
        "dmean": 4.16718244553,
        "dmean2": 6.09992265701,
        "dvar": 18.4457683563,
        "dvar2": 35.3075752258,
        "max": 54,
        "mean": 20.9273014069,
        "median": 20,
        "min": 0,
        "stdev": 8.31286334991,
        "var": 69.1036987305
    },
    "spectral_decrease": {
        "dmean": 4.15084855376e-09,
        "dmean2": 6.56087761897e-09,
        "dvar": 1.81262172124e-17,
        "dvar2": 4.08987807174e-17,
        "max": -5.79283014232e-29,
        "mean": -1.36797906336e-08,
        "median": -1.22199663721e-08,
        "min": -4.17861087953e-08,
        "stdev": 6.82454581735e-09,
        "var": 4.65744242421e-17
    },
    "spectral_energy": {
        "dmean": 0.0159485507756,
        "dmean2": 0.0251575540751,
        "dvar": 0.000260945002083,
        "dvar2": 0.000584800844081,
        "max": 0.160671651363,
        "mean": 0.0543439239264,
        "median": 0.0491027571261,
        "min": 1.07658517998e-20,
        "stdev": 0.0262143407017,
        "var": 0.000687191670295
    },
    "spectral_energyband_high": {
        "dmean": 0.000664674851578,
        "dmean2": 0.000957570446189,
        "dvar": 1.22594371987e-06,
        "dvar2": 2.26640463552e-06,
        "max": 0.0118556013331,
        "mean": 0.00139237637632,
        "median": 0.000646234373562,
        "min": 7.26192280297e-21,
        "stdev": 0.00196510599926,
        "var": 3.86164174415e-06
    },
    "spectral_energyband_low": {
        "dmean": 0.0138250375167,
        "dmean2": 0.0227954331785,
        "dvar": 0.000292349606752,
        "dvar2": 0.000673707516398,
        "max": 0.130140468478,
        "mean": 0.0264276023954,
        "median": 0.0181186143309,
        "min": 1.17538621425e-22,
        "stdev": 0.0243390519172,
        "var": 0.000592389435042
    },
    "spectral_energyband_middle_high": {
        "dmean": 0.00278202048503,
        "dmean2": 0.00395640777424,
        "dvar": 1.0106839909e-05,
        "dvar2": 2.10295456782e-05,
        "max": 0.040006224066,
        "mean": 0.00799878221005,
        "median": 0.00567054981366,
        "min": 1.90664343595e-21,
        "stdev": 0.00705442391336,
        "var": 4.97648979945e-05
    },
    "spectral_energyband_middle_low": {
        "dmean": 0.00704580359161,
        "dmean2": 0.0116638289765,
        "dvar": 5.01425674884e-05,
        "dvar2": 0.000131418943056,
        "max": 0.0645578205585,
        "mean": 0.0195444561541,
        "median": 0.0180773269385,
        "min": 4.09012994517e-22,
        "stdev": 0.00990515295416,
        "var": 9.81120538199e-05
    },
    "spectral_entropy": {
        "dmean": 0.194481655955,
        "dmean2": 0.274453490973,
        "dvar": 0.038304284215,
        "dvar2": 0.0719573050737,
        "max": 9.79723644257,
        "mean": 7.5651011467,
        "median": 7.56645393372,
        "min": 5.75717639923,
        "stdev": 0.417030841112,
        "var": 0.173914730549
    },
    "spectral_flux": {
        "dmean": 0.0325463116169,
        "dmean2": 0.0501336492598,
        "dvar": 0.000950642861426,
        "dvar2": 0.00190866109915,
        "max": 0.314384549856,
        "mean": 0.123317472637,
        "median": 0.11447339505,
        "min": 1.03758619752e-10,
        "stdev": 0.0494300872087,
        "var": 0.00244333362207
    },
    "spectral_kurtosis": {
        "dmean": 1.3000780344,
        "dmean2": 2.06781005859,
        "dvar": 2.01043963432,
        "dvar2": 5.05376529694,
        "max": 17.6973285675,
        "mean": 3.96590256691,
        "median": 3.62202167511,
        "min": -1.14393460751,
        "stdev": 2.47998380661,
        "var": 6.15031957626
    },
    "spectral_rms": {
        "dmean": 0.00105539429933,
        "dmean2": 0.00165601947811,
        "dvar": 9.47603439272e-07,
        "dvar2": 2.0105992462e-06,
        "max": 0.0125200971961,
        "mean": 0.00706938793883,
        "median": 0.00692135328427,
        "min": 3.24087501627e-12,
        "stdev": 0.00174419477116,
        "var": 3.04221521219e-06
    },
    "spectral_rolloff": {
        "dmean": 531.797912598,
        "dmean2": 892.387023926,
        "dvar": 1399871.125,
        "dvar2": 2694525.25,
        "max": 18755.4199219,
        "mean": 1168.20471191,
        "median": 818.26171875,
        "min": 64.599609375,
        "stdev": 1489.42944336,
        "var": 2218400
    },
    "spectral_skewness": {
        "dmean": 0.214861512184,
        "dmean2": 0.319827020168,
        "dvar": 0.0449133515358,
        "dvar2": 0.0930936262012,
        "max": 3.55776143074,
        "mean": 1.54837357998,
        "median": 1.55419588089,
        "min": 0.0139600411057,
        "stdev": 0.462351948023,
        "var": 0.213769316673
    },
    "spectral_spread": {
        "dmean": 684585.5,
        "dmean2": 928722.875,
        "dvar": 1.32102147277e+12,
        "dvar2": 1.93647345664e+12,
        "max": 39276468,
        "mean": 5180757.5,
        "median": 4751315.5,
        "min": 2396924,
        "stdev": 2134524.25,
        "var": 4.556193792e+12
    },
    "spectral_strongpeak": {
        "dmean": 0.629481732845,
        "dmean2": 1.10438346863,
        "dvar": 1.10734033585,
        "dvar2": 3.03477358818,
        "max": 9.07460975647,
        "mean": 0.843510091305,
        "median": 0.384525895119,
        "min": 0,
        "stdev": 1.13741254807,
        "var": 1.29370725155
    },
    "zerocrossingrate": {
        "dmean": 0.0121246436611,
        "dmean2": 0.0135746728629,
        "dvar": 0.00036993357935,
        "dvar2": 0.000404387741582,
        "max": 0.4873046875,
        "mean": 0.0515769273043,
        "median": 0.04443359375,
        "min": 0.0048828125,
        "stdev": 0.0342095643282,
        "var": 0.00117029424291
    },
    "barkbands": {
        "dmean": [0.00266250525601, 0.0100145963952, 0.00452245445922, 0.00226910761558, 0.00348996277899, 0.00171595846768, 0.00144094636198, 0.00110019149724, 0.00150743674021, 0.000801071582828, 0.000896694313269, 0.000731985608581, 0.000708789273631, 0.000454832945252, 0.000426231010351, 0.000309945608024, 0.000259406864643, 0.000259018765064, 0.000186323566595, 0.000170944374986, 0.00015049825015, 0.000145960599184, 0.000127588034957, 0.000131245338707, 0.000107320585812, 5.28767122887e-05, 2.87549300992e-06],
        "dmean2": [0.0039087110199, 0.0167779568583, 0.00765432650223, 0.00395320961252, 0.0058303209953, 0.0028247598093, 0.00222422997467, 0.00173041142989, 0.0023840602953, 0.00125231745187, 0.00136262935121, 0.00110685429536, 0.00115489552263, 0.000693231355399, 0.000674172770232, 0.00049101759214, 0.000402624020353, 0.000415604212321, 0.000291044008918, 0.000262551649939, 0.000233445185586, 0.000223371360335, 0.000196826280444, 0.00019671737391, 0.000162029537023, 8.41735309223e-05, 5.07121467308e-06],
        "dvar": [9.57339398155e-06, 0.000164675700944, 0.000113934351248, 1.76218309207e-05, 1.89801776287e-05, 8.04930823506e-06, 7.61555247664e-06, 4.44000806965e-06, 1.07986561488e-05, 1.5693841533e-06, 3.20219874084e-06, 2.13810653804e-06, 2.33744094658e-06, 1.08055633063e-06, 1.16396904559e-06, 4.22700736635e-07, 4.02829442692e-07, 2.64932310756e-07, 1.34897703674e-07, 6.95924811112e-08, 6.64079635726e-08, 6.58432242062e-08, 8.04377862096e-08, 1.09226419909e-07, 7.41857562048e-08, 1.99716456706e-08, 1.02358600762e-10],
        "dvar2": [2.07892808248e-05, 0.000438190676505, 0.000290533644147, 5.09746787429e-05, 4.93905681651e-05, 1.99680780497e-05, 1.80537299457e-05, 1.05544713733e-05, 2.70711880148e-05, 3.52823144567e-06, 6.93314814271e-06, 4.6334785111e-06, 5.71472355659e-06, 2.40788290284e-06, 2.88001524495e-06, 1.00870431652e-06, 9.50224489316e-07, 6.39827817395e-07, 3.05324505234e-07, 1.43981523593e-07, 1.49324861809e-07, 1.29873939159e-07, 1.7053820045e-07, 2.15934051084e-07, 1.65584253864e-07, 4.91622600407e-08, 2.82849632605e-10],
        "max": [0.0307736489922, 0.104453757405, 0.0876657888293, 0.0376574136317, 0.0520181395113, 0.0351490005851, 0.0294070821255, 0.0295610688627, 0.0413866899908, 0.0182924177498, 0.0223685707897, 0.0201986730099, 0.0259596481919, 0.0138551741838, 0.0128952609375, 0.00821838900447, 0.0124336257577, 0.00659242412075, 0.00546314287931, 0.00304876221344, 0.00279378076084, 0.00336494878866, 0.00441080657765, 0.00465961312875, 0.00399297801778, 0.00209638150409, 0.000111979323265],
        "mean": [0.00422094808891, 0.0163841880858, 0.00490705342963, 0.00325942831114, 0.00678692106158, 0.00283264322206, 0.00265789823607, 0.00166010705288, 0.00218081916682, 0.00153888179921, 0.00140759779606, 0.00113540608436, 0.00118741125334, 0.000613112060819, 0.000540003355127, 0.000447928206995, 0.000360766949598, 0.000404248945415, 0.000303681212245, 0.00031229283195, 0.000269180949545, 0.000277726125205, 0.000214242390939, 0.000216643689782, 0.000160101481015, 6.22671141173e-05, 2.47160664912e-06],
        "median": [0.00274450634606, 0.0104332473129, 0.00206985278055, 0.00173524336424, 0.0044576106593, 0.00153090199456, 0.00109075510409, 0.0007522313972, 0.00061113393167, 0.000784970470704, 0.000333579286234, 0.000365651125321, 0.00049214088358, 0.000152716602315, 0.000139100622619, 0.000206213604542, 0.000139423369546, 0.000198459296371, 0.000148506456753, 0.000175400215085, 0.000123842022731, 0.000117581061204, 5.01240101585e-05, 5.44231843378e-05, 5.6696622778e-05, 1.38012101161e-05, 3.81566195529e-07],
        "min": [4.25690107276e-23, 6.4864693777e-23, 1.18797474614e-23, 9.85011090418e-24, 5.11200609918e-23, 3.36858878876e-23, 8.8905709491e-23, 7.94417262784e-23, 1.39635713475e-22, 8.27817759729e-23, 1.44792554011e-22, 7.29788981154e-23, 9.68216573068e-23, 1.45418922191e-22, 2.26864430899e-22, 1.49883837049e-22, 2.35723982575e-22, 2.14222613038e-22, 2.43709173446e-22, 4.7143892796e-22, 3.25668994221e-22, 4.16894484888e-22, 4.91421468887e-22, 9.38037960765e-22, 1.2353537542e-21, 1.45403054096e-21, 2.3757388538e-21],
        "stdev": [0.00453672651201, 0.0171751659364, 0.00973379425704, 0.00436901720241, 0.00680385204032, 0.00372620695271, 0.00398399122059, 0.00274158269167, 0.00405118707567, 0.00217681354843, 0.00293033570051, 0.00202920730226, 0.00226119859144, 0.00136378093157, 0.00121684651822, 0.000768783153035, 0.000794371939264, 0.000669553526677, 0.000450244959211, 0.00038868462434, 0.000385164748877, 0.000440435571363, 0.000471114501124, 0.000533350976184, 0.000344596337527, 0.00016104237875, 8.74603847478e-06],
        "var": [2.0581888748e-05, 0.000294986297376, 9.47467560763e-05, 1.90883129108e-05, 4.62924035673e-05, 1.38846189657e-05, 1.58721850312e-05, 7.51627612772e-06, 1.64121156558e-05, 4.7385169637e-06, 8.58686780703e-06, 4.11768269259e-06, 5.1130191423e-06, 1.85989836154e-06, 1.48071535477e-06, 5.91027514929e-07, 6.31026807696e-07, 4.48301904044e-07, 2.02720514153e-07, 1.51075738586e-07, 1.48351887219e-07, 1.93983495933e-07, 2.21948866397e-07, 2.84463283151e-07, 1.18746640965e-07, 2.59346464304e-08, 7.64931867847e-11]
    },
    "erbbands": {
        "dmean": [0.498460501432, 1.59523677826, 4.77440404892, 6.41954088211, 11.0540876389, 9.52344322205, 12.3092355728, 16.7095451355, 21.8402137756, 16.1275196075, 26.827922821, 30.6885890961, 24.3625144958, 30.0738162994, 28.5162391663, 22.3224372864, 30.844745636, 24.6292076111, 21.5444068909, 15.8938360214, 16.0501880646, 14.4151525497, 13.1683607101, 12.2634906769, 7.15245103836, 7.81414604187, 7.64007568359, 5.08510541916, 4.90151119232, 5.04139995575, 3.42096710205, 3.18863916397, 1.94851446152, 1.32787466049, 0.70957159996, 0.322841286659, 0.0734181925654, 0.0118108140305, 0.000331975286826, 2.37549957092e-05],
        "dmean2": [0.825332999229, 2.67077541351, 7.98130369186, 11.1740903854, 18.8839492798, 15.8953876495, 19.3357200623, 27.4935665131, 34.380355835, 24.5632133484, 42.0573768616, 49.1279563904, 37.2560272217, 45.5428161621, 44.0063705444, 33.1726760864, 49.5111694336, 38.465801239, 33.13904953, 24.9984092712, 24.5197696686, 22.5529937744, 20.8641109467, 19.0998401642, 11.0221633911, 12.0402832031, 11.5650320053, 7.88588190079, 7.61170959473, 7.79568338394, 5.22349691391, 4.65442466736, 2.96667933464, 2.00218367577, 1.09255278111, 0.504168629646, 0.117834456265, 0.0197277758271, 0.000566609145608, 3.7586371036e-05],
        "dvar": [0.366460323334, 7.05350542068, 121.375541687, 207.621688843, 185.745269775, 227.46697998, 437.145751953, 1045.28405762, 1801.5559082, 972.609924316, 3033.96142578, 5776.04150391, 1518.93774414, 3174.75610352, 3301.71606445, 2186.8059082, 4185.97216797, 2705.66674805, 3272.63012695, 1165.10241699, 1176.92932129, 1374.61743164, 694.303100586, 586.322814941, 162.818664551, 146.929580688, 172.135604858, 84.2397384644, 74.5487976074, 98.9176940918, 62.1679611206, 65.8566055298, 20.2610340118, 10.4897518158, 3.8178331852, 0.726697385311, 0.0375106669962, 0.00160442339256, 1.19272056054e-06, 8.87794060489e-10],
        "dvar2": [0.934452414513, 17.4492511749, 292.999298096, 577.985107422, 508.116973877, 600.803649902, 1025.47680664, 2595.05517578, 4778.23779297, 2086.58666992, 6884.15087891, 14946.2353516, 3320.33374023, 6638.03027344, 7549.61279297, 4639.37060547, 10318.5498047, 6296.63085938, 8164.86230469, 2880.18457031, 2664.85644531, 3496.55761719, 1604.16186523, 1409.06018066, 375.680175781, 325.865631104, 399.190124512, 185.818099976, 149.812301636, 201.650253296, 126.296546936, 125.595199585, 41.2846221924, 22.5012073517, 9.13649559021, 1.64541339874, 0.0936798006296, 0.00434716464952, 3.19611467603e-06, 2.11518491611e-09],
        "max": [4.53956699371, 25.1659851074, 77.2864837646, 148.771102905, 141.642044067, 228.515991211, 354.987792969, 408.738494873, 467.780761719, 442.305603027, 659.682800293, 1238.24682617, 562.695922852, 821.751831055, 1073.83764648, 723.258178711, 1161.07177734, 669.62677002, 928.362121582, 526.468994141, 586.692810059, 620.855957031, 451.472595215, 296.215423584, 154.26159668, 142.108215332, 140.964538574, 131.311172485, 123.526771545, 134.15663147, 103.78074646, 98.9542694092, 65.3660354614, 49.3328437805, 36.2388076782, 18.5055522919, 2.14306521416, 0.572868227959, 0.0121920490637, 0.000371679692762],
        "mean": [0.79415255785, 2.40418839455, 5.77272176743, 8.16544342041, 19.852640152, 17.8837375641, 23.636592865, 26.4132194519, 40.154132843, 28.2516040802, 43.345993042, 44.3176956177, 48.4755477905, 55.8448066711, 51.5069236755, 37.9383087158, 54.1906280518, 39.6672096252, 29.207490921, 24.1156291962, 25.4014644623, 21.8409576416, 21.1394100189, 20.0489006042, 13.2327165604, 14.3888015747, 13.5751028061, 9.09976482391, 9.53565883636, 8.88346004486, 5.69011831284, 5.20370197296, 3.13037204742, 1.97648096085, 1.01851928234, 0.403439253569, 0.0834026858211, 0.0118287373334, 0.000352641247446, 7.51714105718e-05],
        "median": [0.434533596039, 1.53263199329, 2.61522173882, 4.32421302795, 12.4562778473, 10.5437717438, 14.7403879166, 13.1619815826, 21.0891914368, 12.268204689, 17.8042850494, 14.2158813477, 25.7208080292, 21.203622818, 19.8753795624, 13.4786491394, 24.2037830353, 15.2017393112, 8.56668567657, 10.3517045975, 11.1903686523, 9.41011428833, 10.4069166183, 9.41796302795, 7.0923242569, 8.29195404053, 6.39001703262, 4.54204368591, 4.29291343689, 2.36522650719, 1.2507597208, 1.09369599819, 0.927965700626, 0.666691184044, 0.35809764266, 0.103537969291, 0.0176050625741, 0.00242812861688, 9.31843169383e-05, 6.57653072267e-05],
        "min": [3.76061509626e-21, 7.46321768971e-21, 8.71593910657e-21, 3.97150996331e-20, 5.79674666969e-20, 1.88926074428e-19, 3.303718266e-19, 2.44088746152e-19, 1.2000219339e-18, 8.09472485096e-19, 2.45295013299e-18, 3.4026514971e-18, 2.41368552367e-18, 2.91676684606e-18, 6.28713513822e-18, 4.19480039033e-18, 5.35219439855e-18, 6.18160757157e-18, 1.17273241831e-17, 7.88434893635e-18, 9.7651864229e-18, 1.5366527622e-17, 1.30863116192e-17, 7.75874652341e-18, 1.85404113605e-17, 2.02449592877e-17, 1.70396029812e-17, 1.08277305254e-17, 1.51660785985e-17, 1.33724722706e-17, 1.45036938706e-17, 1.53272927911e-17, 1.9784011237e-17, 1.27668296512e-17, 8.11482875196e-18, 5.32293908823e-18, 2.6711382515e-18, 1.17348008619e-18, 3.58127561861e-19, 3.5865989136e-20],
        "stdev": [0.894616723061, 2.97353720665, 10.6160459518, 12.8754205704, 21.0787086487, 21.8215255737, 31.1715335846, 40.093875885, 52.5183601379, 47.2884788513, 71.4613952637, 88.4804153442, 63.3700828552, 101.547279358, 93.1062774658, 69.4429092407, 97.2782363892, 70.8464813232, 62.1476821899, 41.9609489441, 46.0906295776, 41.6360321045, 35.3877944946, 30.7026329041, 16.7683296204, 17.4201049805, 19.1616897583, 13.3149385452, 14.7160577774, 16.7248706818, 13.0880680084, 13.505944252, 7.04331064224, 4.17910814285, 2.35844564438, 1.13855433464, 0.202855423093, 0.0356556214392, 0.000988375977613, 4.18714844272e-05],
        "var": [0.80033904314, 8.84192371368, 112.700439453, 165.77645874, 444.311920166, 476.178955078, 971.664550781, 1607.5189209, 2758.17797852, 2236.20019531, 5106.73046875, 7828.78417969, 4015.76757812, 10311.8496094, 8668.77929688, 4822.31738281, 9463.0546875, 5019.22412109, 3862.33422852, 1760.72119141, 2124.34619141, 1733.5592041, 1252.29602051, 942.651672363, 281.176879883, 303.460083008, 367.170318604, 177.287582397, 216.562347412, 279.721313477, 171.297531128, 182.410522461, 49.6082267761, 17.4649448395, 5.56226587296, 1.29630589485, 0.0411503240466, 0.00127132341731, 9.76887008619e-07, 1.75322112383e-09]
    },
    "gfcc": {
        "mean": [42.8574829102, 97.6565628052, -102.638900757, 35.9386672974, -60.2241287231, 19.9156646729, -34.7533531189, 12.8653144836, -28.1211566925, 6.55147600174, -13.8972606659, 2.4928047657, -5.98519468307],
        "cov": [[3263.23266602, -469.385742188, -117.350616455, 217.874908447, 4.83458662033, 243.005661011, -34.0929756165, 117.489433289, 47.8760795593, 225.066894531, -37.4600067139, 114.05582428, -99.7992782593], [-469.385742188, 854.621704102, -220.235519409, -165.706710815, 155.27130127, -80.8828887939, 183.424636841, -10.3081693649, -7.14087152481, -40.8813743591, 120.765319824, -87.4417877197, 108.40058136], [-117.350616455, -220.235519409, 625.200744629, 189.785064697, -74.2632446289, 88.9721221924, -74.4910430908, -5.44354295731, 47.1898384094, 14.6703090668, 24.8731842041, 90.4720306396, -53.1340293884], [217.874908447, -165.706710815, 189.785064697, 413.591827393, 46.2656707764, 6.83314704895, -52.6212921143, 42.6270866394, 117.761405945, 20.8298416138, 15.0713853836, 47.5122299194, -13.1883296967], [4.83458662033, 155.27130127, -74.2632446289, 46.2656707764, 264.388244629, 34.8628196716, 48.4166297913, 43.7439308167, 41.2679176331, 50.9742355347, 27.5622425079, -2.05837202072, 36.059009552], [243.005661011, -80.8828887939, 88.9721221924, 6.83314704895, 34.8628196716, 223.000320435, 73.6509170532, -7.61499786377, 13.0714521408, 63.189956665, 31.990354538, 19.9159679413, -11.278380394], [-34.0929756165, 183.424636841, -74.4910430908, -52.6212921143, 48.4166297913, 73.6509170532, 223.674224854, 30.7056884766, 0.362865060568, 43.6665496826, 71.6024551392, -0.658960938454, 15.4386262894], [117.489433289, -10.3081693649, -5.44354295731, 42.6270866394, 43.7439308167, -7.61499786377, 30.7056884766, 125.737945557, 53.185874939, 24.1203269958, 12.4878387451, 16.4500713348, 20.6354370117], [47.8760795593, -7.14087152481, 47.1898384094, 117.761405945, 41.2679176331, 13.0714521408, 0.362865060568, 53.185874939, 142.172607422, 46.7569770813, 5.71573019028, 29.3621692657, 7.54193496704], [225.066894531, -40.8813743591, 14.6703090668, 20.8298416138, 50.9742355347, 63.189956665, 43.6665496826, 24.1203269958, 46.7569770813, 125.939903259, 43.8802833557, 30.1645946503, -8.14472961426], [-37.4600067139, 120.765319824, 24.8731842041, 15.0713853836, 27.5622425079, 31.990354538, 71.6024551392, 12.4878387451, 5.71573019028, 43.8802833557, 121.063285828, 26.3806228638, 15.6649274826], [114.05582428, -87.4417877197, 90.4720306396, 47.5122299194, -2.05837202072, 19.9159679413, -0.658960938454, 16.4500713348, 29.3621692657, 30.1645946503, 26.3806228638, 110.356704712, 9.30430698395], [-99.7992782593, 108.40058136, -53.1340293884, -13.1883296967, 36.059009552, -11.278380394, 15.4386262894, 20.6354370117, 7.54193496704, -8.14472961426, 15.6649274826, 9.30430698395, 88.740272522]],
        "icov": [[0.000598137732595, -0.000485407275846, 0.000638644909486, -0.000769611622673, 0.000622340012342, -0.00113454053644, 0.000792025704868, -0.00111920549534, 0.00111143826507, -0.00135629344732, 0.000980250770226, -0.00104880239815, 0.000977015006356], [-0.000485407275846, 0.00445948773995, -0.000951007416006, 0.00244992692024, -0.00280775409192, 0.00339194550179, -0.00334303337149, 0.00337657169439, -0.00379638629965, 0.00390896527097, -0.00497086672112, 0.0040134540759, -0.00369216850959], [0.000638644909486, -0.000951007416006, 0.00333916023374, -0.00187112088315, 0.00160209368914, -0.00281304726377, 0.00217990437523, -0.00162975036073, 0.00137476052623, -0.00103816844057, 0.000578303879593, -0.0029907647986, 0.00259178201668], [-0.000769611622673, 0.00244992692024, -0.00187112088315, 0.00571620929986, -0.00265727285296, 0.00272938259877, -0.00140405038837, 0.00231120549142, -0.00563644338399, 0.00399811472744, -0.00402615964413, 0.0024265893735, -0.00169328518678], [0.000622340012342, -0.00280775409192, 0.00160209368914, -0.00265727285296, 0.00693221809343, -0.00324413133785, 0.0021224480588, -0.00339605775662, 0.00263365125284, -0.00458303140476, 0.00324930390343, -0.00210325885564, 0.000887813803274], [-0.00113454053644, 0.00339194550179, -0.00281304726377, 0.00272938259877, -0.00324413133785, 0.0102405808866, -0.00551898498088, 0.00506240967661, -0.00363796507008, 0.00149754830636, -0.00349128432572, 0.00399614032358, -0.00365139800124], [0.000792025704868, -0.00334303337149, 0.00217990437523, -0.00140405038837, 0.0021224480588, -0.00551898498088, 0.0101468674839, -0.00491748284549, 0.0032935901545, -0.00347716431133, 9.76057053776e-05, -0.00307286181487, 0.00359119661152], [-0.00111920549534, 0.00337657169439, -0.00162975036073, 0.00231120549142, -0.00339605775662, 0.00506240967661, -0.00491748284549, 0.0142005765811, -0.00701706763357, 0.00351950363256, -0.00377849349752, 0.0032966202125, -0.00519819697365], [0.00111143826507, -0.00379638629965, 0.00137476052623, -0.00563644338399, 0.00263365125284, -0.00363796507008, 0.0032935901545, -0.00701706763357, 0.0162851009518, -0.00854298658669, 0.00675569241866, -0.00491387536749, 0.00255361339077], [-0.00135629344732, 0.00390896527097, -0.00103816844057, 0.00399811472744, -0.00458303140476, 0.00149754830636, -0.00347716431133, 0.00351950363256, -0.00854298658669, 0.0184455439448, -0.00892033055425, 0.00215198635124, -0.0007205408765], [0.000980250770226, -0.00497086672112, 0.000578303879593, -0.00402615964413, 0.00324930390343, -0.00349128432572, 9.76057053776e-05, -0.00377849349752, 0.00675569241866, -0.00892033055425, 0.0184606388211, -0.00638200342655, 0.00203757127747], [-0.00104880239815, 0.0040134540759, -0.0029907647986, 0.0024265893735, -0.00210325885564, 0.00399614032358, -0.00307286181487, 0.0032966202125, -0.00491387536749, 0.00215198635124, -0.00638200342655, 0.0162421390414, -0.00634294794872], [0.000977015006356, -0.00369216850959, 0.00259178201668, -0.00169328518678, 0.000887813803274, -0.00365139800124, 0.00359119661152, -0.00519819697365, 0.00255361339077, -0.0007205408765, 0.00203757127747, -0.00634294794872, 0.01795935072]]
    },
    "melbands": {
        "dmean": [0.00337635329925, 0.00206862133928, 0.00115585443564, 0.000756609195378, 0.000420881173341, 0.000357800861821, 0.000317965343129, 0.000191781567992, 0.000230607605772, 0.000202085851924, 0.000127935083583, 0.000127704770421, 9.7134259704e-05, 8.06005846243e-05, 6.36573022348e-05, 8.36726903799e-05, 4.43892204203e-05, 3.63922299584e-05, 3.33912648784e-05, 2.03115469048e-05, 1.9384044208e-05, 1.7272277546e-05, 1.15168859338e-05, 1.24412727018e-05, 1.0596246284e-05, 6.08109894529e-06, 5.06882361151e-06, 5.91313119003e-06, 5.74997829972e-06, 3.59187538379e-06, 2.96340340356e-06, 2.89089166472e-06, 3.18814250022e-06, 2.7716553177e-06, 1.94852623281e-06, 2.09264317164e-06, 2.08435722016e-06, 1.47531136463e-06, 1.22999756513e-06, 1.13446674277e-06],
        "dmean2": [0.00564257008955, 0.00337443850003, 0.00199245265685, 0.00127298221923, 0.000660540710669, 0.000590325624216, 0.000498943671118, 0.000296197918942, 0.000362999388017, 0.000323088694131, 0.000195298998733, 0.000194341089809, 0.000148339560837, 0.000123734862427, 9.73048227024e-05, 0.000136878297781, 6.90432570991e-05, 5.60299486096e-05, 5.28761083842e-05, 3.20646504406e-05, 3.02908410958e-05, 2.72146444331e-05, 1.82892872544e-05, 1.96756554942e-05, 1.6548043277e-05, 9.42234601098e-06, 8.12725011201e-06, 9.12594077818e-06, 8.79868275661e-06, 5.59525506105e-06, 4.63196147393e-06, 4.57260102849e-06, 4.89457761432e-06, 4.36368372903e-06, 3.05038338411e-06, 3.23396579915e-06, 3.11906251227e-06, 2.27717600865e-06, 1.89637364656e-06, 1.7495699467e-06],
        "dvar": [1.66675617947e-05, 1.87628320418e-05, 4.29764259025e-06, 9.25944959818e-07, 5.44381578038e-07, 4.18325839746e-07, 3.6562730088e-07, 1.25640127635e-07, 2.66093053369e-07, 2.38579758616e-07, 4.22774313336e-08, 4.73993218009e-08, 3.36307195425e-08, 2.37992594521e-08, 3.24952225128e-08, 3.52049305263e-08, 1.14802691797e-08, 1.00150350235e-08, 6.4873701966e-09, 2.04841832385e-09, 2.03957406519e-09, 2.28139374059e-09, 5.55413992576e-10, 6.82139122965e-10, 4.61367943849e-10, 1.42745468223e-10, 8.89036760876e-11, 7.90306153853e-11, 1.05863331989e-10, 3.94317703489e-11, 2.82529728779e-11, 2.45938356486e-11, 3.8989356882e-11, 3.3622531842e-11, 2.16906267253e-11, 2.738034105e-11, 3.38716797665e-11, 1.29608355298e-11, 7.29812998229e-12, 8.88159858159e-12],
        "dvar2": [4.36841801275e-05, 4.21065778937e-05, 1.18183461382e-05, 2.47041293733e-06, 1.27694056573e-06, 1.03902334558e-06, 9.38816526741e-07, 2.86526869786e-07, 6.03486796535e-07, 6.13575878106e-07, 9.30730834625e-08, 1.0072335499e-07, 7.37751193469e-08, 5.28151602452e-08, 6.25835809842e-08, 9.28105023945e-08, 2.61696051496e-08, 2.4380339525e-08, 1.52666341791e-08, 5.031308703e-09, 4.55776305586e-09, 5.82935166804e-09, 1.3273391275e-09, 1.65099200977e-09, 1.11741793596e-09, 3.27746829676e-10, 1.99533889411e-10, 1.83144124866e-10, 2.47037973411e-10, 8.77051903325e-11, 6.4234485786e-11, 5.29977138564e-11, 8.00176314097e-11, 7.55385337614e-11, 4.52639002668e-11, 5.9590221646e-11, 6.97936014538e-11, 2.68689844679e-11, 1.6423806759e-11, 1.96729819935e-11],
        "max": [0.0328871943057, 0.0328313671052, 0.0216749086976, 0.0116996327415, 0.0126133719459, 0.00822447706014, 0.00648613134399, 0.00492869690061, 0.00613935338333, 0.00782655086368, 0.00311200460419, 0.00302884564735, 0.00277775176801, 0.00208787969314, 0.00339882378466, 0.00352310133167, 0.00151385006029, 0.0017483610427, 0.00119086971972, 0.000556055339985, 0.000984260695986, 0.000858703977428, 0.000421282835305, 0.000406313483836, 0.000284125766484, 0.000162971657119, 0.000147022641613, 0.000112311012344, 0.000122430341435, 7.83397554187e-05, 7.18153678463e-05, 6.88791405992e-05, 8.18857224658e-05, 8.07117176009e-05, 5.84245208302e-05, 8.97807767615e-05, 8.16384126665e-05, 5.66950548091e-05, 3.3599557355e-05, 4.7712772357e-05],
        "mean": [0.0057250210084, 0.00293639302254, 0.00179619877599, 0.0014536526287, 0.00081530737225, 0.000592974945903, 0.000586665875744, 0.000320528808516, 0.000363756902516, 0.000284190522507, 0.000249827309744, 0.000235015788348, 0.000165694567841, 0.000135104040965, 9.11867318791e-05, 0.000139085517731, 6.27081681159e-05, 4.49991166533e-05, 4.3969223043e-05, 2.82453820546e-05, 2.88343235297e-05, 2.38823431573e-05, 1.71737319761e-05, 1.90507580555e-05, 1.62783180713e-05, 1.01490222733e-05, 8.84308337845e-06, 9.91850720311e-06, 9.44489420363e-06, 6.08945538261e-06, 4.90278489451e-06, 5.25335872226e-06, 5.71535201743e-06, 4.53168195236e-06, 3.13172381539e-06, 3.2099087548e-06, 3.23931180901e-06, 2.29963211495e-06, 1.81255165899e-06, 1.6196325987e-06],
        "median": [0.00363491266035, 0.00159729283769, 0.00109268072993, 0.000947984284721, 0.000515816383995, 0.000327712506987, 0.000292411597911, 0.00013331133232, 0.000127106686705, 8.02701179055e-05, 0.000129359046696, 9.27588698687e-05, 5.33295205969e-05, 4.71556631965e-05, 2.28108092415e-05, 5.22825612279e-05, 1.86315464816e-05, 1.17446288641e-05, 1.11410281534e-05, 1.2627230717e-05, 1.13266905828e-05, 9.0089160949e-06, 7.89461046224e-06, 9.15284090297e-06, 7.00706823409e-06, 5.30143870492e-06, 4.46765261586e-06, 5.72935459786e-06, 4.45766772827e-06, 2.52454810834e-06, 2.43323165705e-06, 2.36657069763e-06, 1.75880427378e-06, 1.10916789708e-06, 6.36511629182e-07, 6.85038401116e-07, 6.29604926417e-07, 6.14531927567e-07, 6.54155542179e-07, 5.29697729235e-07],
        "min": [2.74886060826e-23, 6.66355934236e-24, 6.51393727776e-24, 7.7710269677e-24, 1.18046155599e-23, 5.98718526906e-24, 1.92262473552e-23, 8.95284631109e-24, 2.15368099026e-23, 2.09774570337e-23, 1.23982097253e-23, 1.12115956853e-23, 2.17184893022e-23, 1.037412596e-23, 1.05577996e-23, 9.69299111111e-24, 1.14553513384e-23, 1.81183095688e-23, 1.6161661578e-23, 7.54542615945e-24, 1.17741355523e-23, 1.48392056901e-23, 1.52867911683e-23, 8.95551818297e-24, 5.53758898449e-24, 9.32863519165e-24, 2.03533702389e-23, 1.13701425278e-23, 1.06600809384e-23, 8.63753624069e-24, 5.53841492185e-24, 8.07920889096e-24, 9.14073010174e-24, 7.03874868863e-24, 8.32231688929e-24, 8.93569016412e-24, 9.26121598324e-24, 1.15987520515e-23, 1.83630363097e-23, 7.90469550379e-24],
        "stdev": [0.00592195801437, 0.0045536919497, 0.00207531312481, 0.00155629683286, 0.0010787777137, 0.000814397411887, 0.000792530598119, 0.000531035184395, 0.000673667062074, 0.000576650723815, 0.000337904086336, 0.000397418916691, 0.000299543840811, 0.0002232179977, 0.000256841594819, 0.000284875917714, 0.000141821801662, 0.000108318847197, 0.000102942751255, 5.04083254782e-05, 6.34559837636e-05, 5.17083208251e-05, 3.10593059112e-05, 3.19554746966e-05, 2.65981307166e-05, 1.47003456732e-05, 1.21928042063e-05, 1.25115839182e-05, 1.38575460369e-05, 9.38217181101e-06, 7.4216250141e-06, 7.94744664745e-06, 1.03657275758e-05, 9.06437799131e-06, 7.36843094273e-06, 8.20926015876e-06, 8.97562222235e-06, 5.6685976233e-06, 3.58398733624e-06, 3.60478975381e-06],
        "var": [3.50695845555e-05, 2.07361117646e-05, 4.30692443842e-06, 2.42205987888e-06, 1.16376133974e-06, 6.63243099552e-07, 6.28104714906e-07, 2.81998381979e-07, 4.53827340152e-07, 3.32526070679e-07, 1.14179165678e-07, 1.57941784096e-07, 8.97265195476e-08, 4.98262764381e-08, 6.59676047121e-08, 8.11542832935e-08, 2.0113422039e-08, 1.17329719274e-08, 1.05972093323e-08, 2.54099918884e-09, 4.02666167076e-09, 2.67375055429e-09, 9.64680446636e-10, 1.02115227385e-09, 7.0746059011e-10, 2.1610016554e-10, 1.48664483501e-10, 1.56539725626e-10, 1.920315712e-10, 8.80251496693e-11, 5.50805200061e-11, 6.31619131997e-11, 1.07448314135e-10, 8.21629500547e-11, 5.4293777807e-11, 6.73919461902e-11, 8.05617864086e-11, 3.2133001121e-11, 1.28449655426e-11, 1.29945091146e-11]
    },
    "melbands128": {
