{
"lowlevel": {
    "average_loudness": 0.972508072853,
    "barkbands_crest": {
        "dmean": 3.46468019485,
        "dmean2": 5.54320240021,
        "dvar": 9.94559383392,
        "dvar2": 23.543674469,
        "max": 24.3833370209,
        "mean": 11.7906341553,
        "median": 10.6351594925,
        "min": 2.93043231964,
        "stdev": 4.75940513611,
        "var": 22.6519393921
    },
    "barkbands_flatness_db": {
        "dmean": 0.0346332080662,
        "dmean2": 0.0484775789082,
        "dvar": 0.000947372463997,
        "dvar2": 0.00185768574011,
        "max": 0.399326711893,
        "mean": 0.164875209332,
        "median": 0.156209245324,
        "min": 0.032939389348,
        "stdev": 0.0613126121461,
        "var": 0.00375923654065
    },
    "barkbands_kurtosis": {
        "dmean": 7.81335353851,
        "dmean2": 11.4489049911,
        "dvar": 189.016479492,
        "dvar2": 339.124542236,
        "max": 202.903411865,
        "mean": 11.036854744,
        "median": 5.11208152771,
        "min": -1.91976439953,
        "stdev": 21.5715942383,
        "var": 465.333679199
    },
    "barkbands_skewness": {
        "dmean": 0.95201086998,
        "dmean2": 1.34068202972,
        "dvar": 0.909894526005,
        "dvar2": 1.65943312645,
        "max": 12.08040905,
        "mean": 2.14463853836,
        "median": 1.89894497395,
        "min": -2.7856426239,
        "stdev": 1.82588672638,
        "var": 3.33386230469
    },
    "barkbands_spread": {
        "dmean": 9.03609657288,
        "dmean2": 13.4719524384,
        "dvar": 165.327911377,
        "dvar2": 323.170471191,
        "max": 120.991333008,
        "mean": 19.9199447632,
        "median": 13.7899255753,
        "min": 1.21182322502,
        "stdev": 19.1265945435,
        "var": 365.826629639
    },
    "dissonance": {
        "dmean": 0.0328156463802,
        "dmean2": 0.0536005795002,
        "dvar": 0.00124661135487,
        "dvar2": 0.00310374493711,
        "max": 0.49973782897,
        "mean": 0.44084328413,
        "median": 0.453345179558,
        "min": 0.0113718593493,
        "stdev": 0.0474724508822,
        "var": 0.00225363345817
    },
    "dynamic_complexity": 2.80269503593,
    "erbbands_crest": {
        "dmean": 3.65211772919,
        "dmean2": 5.72116374969,
        "dvar": 12.223405838,
        "dvar2": 28.7168292999,
        "max": 30.7216892242,
        "mean": 11.2080125809,
        "median": 9.65399169922,
        "min": 2.77807688713,
        "stdev": 5.58333778381,
        "var": 31.173658371
    },
    "erbbands_flatness_db": {
        "dmean": 0.0279863141477,
        "dmean2": 0.0390469394624,
        "dvar": 0.00064415379893,
        "dvar2": 0.00125383154955,
        "max": 0.396709084511,
        "mean": 0.161951512098,
        "median": 0.155641034245,
        "min": 0.0451561622322,
        "stdev": 0.053288795054,
        "var": 0.00283969566226
    },
    "erbbands_kurtosis": {
        "dmean": 2.88703346252,
        "dmean2": 4.36892747879,
        "dvar": 21.2380847931,
        "dvar2": 50.535484314,
        "max": 81.3297424316,
        "mean": 2.99544358253,
        "median": 0.77482008934,
        "min": -1.85419726372,
        "stdev": 6.17562818527,
        "var": 38.138381958
    },
    "erbbands_skewness": {
        "dmean": 0.683104336262,
        "dmean2": 0.989246964455,
        "dvar": 0.439898878336,
        "dvar2": 0.841558396816,
        "max": 5.89427042007,
        "mean": 0.907289326191,
        "median": 0.871928095818,
        "min": -7.06373262405,
        "stdev": 1.25525534153,
        "var": 1.57566595078
    },
    "erbbands_spread": {
        "dmean": 15.2810115814,
        "dmean2": 22.3774871826,
        "dvar": 285.023345947,
        "dvar2": 581.463195801,
        "max": 163.508361816,
        "mean": 41.5607643127,
        "median": 37.9142570496,
        "min": 2.3615090847,
        "stdev": 26.7908859253,
        "var": 717.751586914
    },
    "hfc": {
        "dmean": 11.4276371002,
        "dmean2": 16.7353134155,
        "dvar": 226.88470459,
        "dvar2": 504.144561768,
        "max": 125.035964966,
        "mean": 19.3725414276,
        "median": 12.9369630814,
        "min": 1.18402910814e-16,
        "stdev": 19.5026264191,
        "var": 380.352416992
    },
    "loudness_ebu128": {
        "integrated": -8.56687450409,
        "loudness_range": 2.51895570755,
        "momentary": {
            "dmean": 0.685750722885,
            "dmean2": 1.02878475189,
            "dvar": 0.376911401749,
            "dvar2": 0.788670897484,
            "max": -5.84754991531,
            "mean": -8.83936595917,
            "median": -8.5294008255,
            "min": -15.991932869,
            "stdev": 1.66986346245,
            "var": 2.78844380379
        },
        "short_term": {
            "dmean": 0.0969987511635,
            "dmean2": 0.145811960101,
            "dvar": 0.00669647334144,
            "dvar2": 0.0123348142952,
            "max": -7.20552968979,
            "mean": -8.7434720993,
            "median": -8.68679141998,
            "min": -10.6513977051,
            "stdev": 0.840563774109,
            "var": 0.706547498703
        }
    },
    "melbands_crest": {
        "dmean": 4.52214622498,
        "dmean2": 6.95206737518,
        "dvar": 17.9474925995,
        "dvar2": 37.2535705566,
        "max": 37.0133018494,
        "mean": 17.1045684814,
        "median": 15.02759552,
        "min": 3.04854941368,
        "stdev": 8.04334163666,
        "var": 64.695350647
    },
    "melbands_flatness_db": {
        "dmean": 0.0418656542897,
        "dmean2": 0.057369209826,
        "dvar": 0.00147240038496,
        "dvar2": 0.00273683760315,
        "max": 0.538684010506,
        "mean": 0.239315867424,
        "median": 0.227237075567,
        "min": 0.00859045889229,
        "stdev": 0.0803074017167,
        "var": 0.00644927890971
    },
    "melbands_kurtosis": {
        "dmean": 17.0118541718,
        "dmean2": 24.5921554565,
        "dvar": 1125.8626709,
        "dvar2": 1942.01757812,
        "max": 632.568481445,
        "mean": 25.9960384369,
        "median": 12.2079582214,
        "min": -1.64973843098,
        "stdev": 49.8651123047,
        "var": 2486.52954102
    },
    "melbands_skewness": {
        "dmean": 1.23376810551,
        "dmean2": 1.73048317432,
        "dvar": 1.72225022316,
        "dvar2": 3.06405544281,
        "max": 20.5498886108,
        "mean": 3.14441919327,
        "median": 2.6864387989,
        "min": -1.75890862942,
        "stdev": 2.45628666878,
        "var": 6.03334379196
    },
    "melbands_spread": {
        "dmean": 9.93888092041,
        "dmean2": 14.3794736862,
        "dvar": 285.946655273,
        "dvar2": 481.291778564,
        "max": 228.146392822,
        "mean": 20.2223110199,
        "median": 12.7713289261,
        "min": 0.658349871635,
        "stdev": 26.484703064,
        "var": 701.43951416
    },
    "pitch_salience": {
        "dmean": 0.0967001542449,
        "dmean2": 0.148745790124,
        "dvar": 0.00841073691845,
        "dvar2": 0.0192242488265,
        "max": 0.913810253143,
        "mean": 0.519558131695,
        "median": 0.539529919624,
        "min": 0.0969722941518,
        "stdev": 0.151375442743,
        "var": 0.0229145232588
    },
    "silence_rate_20dB": {
        "dmean": 0,
        "dmean2": 0,
        "dvar": 0,
        "dvar2": 0,
        "max": 1,
        "mean": 1,
        "median": 1,
        "min": 1,
        "stdev": 0,
        "var": 0
    },
    "silence_rate_30dB": {
        "dmean": 0.0681114569306,
        "dmean2": 0.136328428984,
        "dvar": 0.0634719058871,
        "dvar2": 0.13943117857,
        "max": 1,
        "mean": 0.942768752575,
        "median": 1,
        "min": 0,
        "stdev": 0.232284888625,
        "var": 0.0539562702179
    },
    "silence_rate_60dB": {
        "dmean": 0.0456656329334,
        "dmean2": 0.0914020165801,
        "dvar": 0.0435808897018,
        "dvar2": 0.104737572372,
        "max": 1,
        "mean": 0.0448569208384,
        "median": 0,
        "min": 0,
        "stdev": 0.206987932324,
        "var": 0.0428440012038
    },
    "spectral_centroid": {
        "dmean": 365.909210205,
        "dmean2": 520.898742676,
        "dvar": 265215.34375,
        "dvar2": 393476.96875,
        "max": 10951.0371094,
        "mean": 1176.55200195,
        "median": 953.761291504,
        "min": 237.001525879,
        "stdev": 822.711730957,
        "var": 676854.5625
    },
    "spectral_complexity": {
        "dmean": 4.94582033157,
        "dmean2": 7.51510477066,
        "dvar": 41.7077903748,
        "dvar2": 95.9040145874,
        "max": 49,
        "mean": 13.1817474365,
        "median": 11,
        "min": 0,
        "stdev": 8.13205528259,
        "var": 66.1303253174
    },
    "spectral_decrease": {
        "dmean": 4.29092716914e-09,
        "dmean2": 5.7501634565e-09,
        "dvar": 3.37891997484e-17,
        "dvar2": 5.73355543205e-17,
        "max": -1.73227395699e-28,
        "mean": -8.40517788703e-09,
        "median": -5.0105284366e-09,
        "min": -3.93128871679e-08,
        "stdev": 8.914430083e-09,
        "var": 7.94670693944e-17
    },
    "spectral_energy": {
        "dmean": 0.0168733038008,
        "dmean2": 0.022762151435,
        "dvar": 0.000512124795932,
        "dvar2": 0.000880602630787,
        "max": 0.149337053299,
        "mean": 0.0334802307189,
        "median": 0.020326456055,
        "min": 1.13932949516e-20,
        "stdev": 0.0343492664397,
        "var": 0.0011798721971
    },
    "spectral_energyband_high": {
        "dmean": 0.000799872912467,
        "dmean2": 0.0011812611483,
        "dvar": 1.7882892962e-06,
        "dvar2": 3.69972212866e-06,
        "max": 0.0140101294965,
        "mean": 0.000966295192484,
        "median": 0.000290186522761,
        "min": 7.72138447474e-21,
        "stdev": 0.00173908262514,
        "var": 3.02440821542e-06
    },
    "spectral_energyband_low": {
        "dmean": 0.0100592076778,
        "dmean2": 0.0131259532645,
        "dvar": 0.000374700583052,
        "dvar2": 0.000601626757998,
        "max": 0.145767614245,
        "mean": 0.0163797140121,
        "median": 0.00300748599693,
        "min": 1.18281753642e-22,
        "stdev": 0.0296422597021,
        "var": 0.000878663558979
    },
    "spectral_energyband_middle_high": {
        "dmean": 0.00264495424926,
        "dmean2": 0.00402898015454,
        "dvar": 2.17179695028e-05,
        "dvar2": 4.85433374706e-05,
        "max": 0.0623155087233,
        "mean": 0.00368361314759,
        "median": 0.00151459511835,
        "min": 1.90316204762e-21,
        "stdev": 0.00560585036874,
        "var": 3.14255557896e-05
    },
    "spectral_energyband_middle_low": {
        "dmean": 0.00839554425329,
        "dmean2": 0.0128326015547,
        "dvar": 0.000158371840371,
        "dvar2": 0.000364596839063,
        "max": 0.0886160954833,
        "mean": 0.0137270642444,
        "median": 0.00794369075447,
        "min": 5.83564814995e-22,
        "stdev": 0.0153280030936,
        "var": 0.000234947685385
    },
    "spectral_entropy": {
        "dmean": 0.316826224327,
        "dmean2": 0.44168484211,
        "dvar": 0.0955544486642,
        "dvar2": 0.176657900214,
        "max": 9.78405952454,
        "mean": 7.37936687469,
        "median": 7.36750364304,
        "min": 5.67780590057,
        "stdev": 0.55144995451,
        "var": 0.304097026587
    },
    "spectral_flux": {
        "dmean": 0.0475808531046,
        "dmean2": 0.0729660838842,
        "dvar": 0.00281427917071,
        "dvar2": 0.00556635158136,
        "max": 0.349352955818,
        "mean": 0.102944798768,
        "median": 0.0836916491389,
        "min": 1.06739381223e-10,
        "stdev": 0.0705525353551,
        "var": 0.00497766025364
    },
    "spectral_kurtosis": {
        "dmean": 2.17617893219,
        "dmean2": 3.27616333961,
        "dvar": 8.29416561127,
        "dvar2": 18.7439537048,
        "max": 35.1269836426,
        "mean": 4.56277275085,
        "median": 3.63859224319,
        "min": -1.36637830734,
        "stdev": 4.05035638809,
        "var": 16.4053859711
    },
    "spectral_rms": {
        "dmean": 0.00139705627225,
        "dmean2": 0.00182607339229,
        "dvar": 2.57847409557e-06,
        "dvar2": 4.31694070357e-06,
        "max": 0.012070405297,
        "mean": 0.00503495102748,
        "median": 0.00445316592231,
        "min": 3.33397805891e-12,
        "stdev": 0.00270423991606,
        "var": 7.31291356715e-06
    },
    "spectral_rolloff": {
        "dmean": 776.130493164,
        "dmean2": 1298.61413574,
        "dvar": 3127733.5,
        "dvar2": 5961068.5,
        "max": 18733.8867188,
        "mean": 1453.25195312,
        "median": 645.99609375,
        "min": 64.599609375,
        "stdev": 2274.63378906,
        "var": 5173959
    },
    "spectral_skewness": {
        "dmean": 0.378595203161,
        "dmean2": 0.541348099709,
        "dvar": 0.157744213939,
        "dvar2": 0.323138028383,
        "max": 4.60532331467,
        "mean": 1.68437373638,
        "median": 1.61921000481,
        "min": -0.623093307018,
        "stdev": 0.669297575951,
        "var": 0.447959244251
    },
    "spectral_spread": {
        "dmean": 1091125.625,
        "dmean2": 1542425.625,
        "dvar": 2.81989742592e+12,
        "dvar2": 4.05316042752e+12,
        "max": 38780504,
        "mean": 5732899,
        "median": 5206624.5,
        "min": 1296669.875,
        "stdev": 2607203,
        "var": 6.79750716621e+12
    },
    "spectral_strongpeak": {
        "dmean": 0.528871715069,
        "dmean2": 0.834103226662,
        "dvar": 0.687692403793,
        "dvar2": 1.56891918182,
        "max": 8.69804859161,
        "mean": 0.910400271416,
        "median": 0.464326798916,
        "min": 0,
        "stdev": 1.08958518505,
        "var": 1.18719577789
    },
    "zerocrossingrate": {
        "dmean": 0.0185637585819,
        "dmean2": 0.0202494878322,
        "dvar": 0.000814635131974,
        "dvar2": 0.000841224216856,
        "max": 0.50244140625,
        "mean": 0.0590963810682,
        "median": 0.044921875,
        "min": 0.0029296875,
        "stdev": 0.0561790429056,
        "var": 0.00315608480014
    },
    "barkbands": {
        "dmean": [0.0014297766611, 0.00698815705255, 0.00211985595524, 0.001723938738, 0.00260605895892, 0.00202635396272, 0.00168371922337, 0.00125741248485, 0.00162130303215, 0.00087966711726, 0.000751360261347, 0.000445753015811, 0.000460617069621, 0.000178798189154, 0.000300541461911, 0.000174903791049, 0.000155827874551, 0.000154037596076, 0.000193526706425, 0.000157866015797, 0.000164148776093, 0.000201049697353, 0.000169262828422, 0.000142839999171, 0.000115742150228, 4.12919907831e-05, 5.59721229365e-06],
        "dmean2": [0.00159148999956, 0.00926491059363, 0.00362562201917, 0.0029389790725, 0.00408961297944, 0.00340847531334, 0.00256308051758, 0.00194559257943, 0.00253021926619, 0.00137695483863, 0.00124224869069, 0.000729322026018, 0.000780949485488, 0.000291519303573, 0.00052359252004, 0.000272682140348, 0.000234293736867, 0.000238487817114, 0.000293934543151, 0.000246919720666, 0.000293714605505, 0.000298921891954, 0.00025697023375, 0.00020456436323, 0.000172413230757, 6.29984206171e-05, 9.40065365285e-06],
        "dvar": [1.07639743874e-05, 0.000259941036347, 3.15343349939e-05, 3.05758912873e-05, 5.40311448276e-05, 2.06447530218e-05, 1.09860429802e-05, 1.09117872853e-05, 2.03801973839e-05, 6.86989233145e-06, 6.76188847137e-06, 1.93948062588e-06, 1.30907460516e-06, 3.46211322722e-07, 4.59721320567e-07, 2.08461756301e-07, 1.4215356714e-07, 7.88407277241e-08, 1.15323949501e-07, 7.79071882562e-08, 1.78211138291e-07, 1.42308223872e-07, 9.33590271757e-08, 1.47424032093e-07, 1.09435482898e-07, 1.36874760415e-08, 3.90181942311e-10],
        "dvar2": [1.64555585798e-05, 0.00044522198732, 7.97563261585e-05, 7.60351977078e-05, 0.000128606654471, 5.53197860427e-05, 2.22896578634e-05, 2.32329857681e-05, 4.64920267405e-05, 1.58822713274e-05, 1.73484841071e-05, 4.57166652268e-06, 3.43274200532e-06, 8.1641246652e-07, 1.25113342619e-06, 4.48380973239e-07, 2.74811242207e-07, 1.68564241676e-07, 2.32038232184e-07, 1.67980573451e-07, 5.03117462358e-07, 2.88506527113e-07, 1.98408457663e-07, 2.72704824056e-07, 2.20305878429e-07, 3.00437150713e-08, 9.99025639992e-10],
        "max": [0.0264602415264, 0.11905375123, 0.0429503396153, 0.0488751754165, 0.0762205421925, 0.0546904802322, 0.0474896878004, 0.0585912950337, 0.049537986517, 0.0385473966599, 0.0485994853079, 0.0232848543674, 0.0134555576369, 0.00879488978535, 0.00870661158115, 0.00933678727597, 0.00977174658328, 0.00392751954496, 0.0042002145201, 0.00396869378164, 0.00377222732641, 0.0030692932196, 0.00408338103443, 0.00629315711558, 0.00454452866688, 0.00139391189441, 0.000319540238706],
        "mean": [0.00221683364362, 0.0111086992547, 0.00208574952558, 0.00151407066733, 0.00328046595678, 0.00227428972721, 0.00242950487882, 0.00170518981759, 0.00185988342855, 0.00106623838656, 0.000718318624422, 0.000420838419814, 0.000401708006393, 0.00018798506062, 0.000265777605819, 0.000202209354029, 0.000196129200049, 0.000191096536582, 0.000263541587628, 0.000200000300538, 0.000123904566863, 0.000205250398722, 0.000189852595213, 0.000183665921213, 0.00013720075367, 4.66261153633e-05, 5.21880701854e-06],
        "median": [4.58148897451e-05, 0.00148753658868, 0.000634883122984, 0.000345061998814, 0.00107321364339, 0.000730265572201, 0.000921217026189, 0.00032675958937, 0.000267729512416, 0.000134218236781, 9.7576805274e-05, 4.84683223476e-05, 4.4864420488e-05, 2.8320153433e-05, 3.48904686689e-05, 2.76578666671e-05, 3.66546919395e-05, 5.4386757256e-05, 7.22233817214e-05, 6.11300347373e-05, 2.28383396461e-05, 3.47583008988e-05, 4.43315657321e-05, 4.28293351433e-05, 2.80890217255e-05, 1.0117302736e-05, 5.99524014433e-07],
        "min": [4.82738634676e-23, 2.62609302548e-23, 4.92340397179e-23, 2.73623283843e-23, 3.73372852042e-23, 3.67916900695e-23, 2.1026477797e-22, 1.42707588327e-22, 1.22588580775e-22, 3.96127418635e-23, 1.0926290255e-22, 1.26611746148e-22, 1.80097613616e-22, 1.51326707821e-22, 1.41418084737e-22, 2.62763509077e-22, 1.51445592315e-22, 2.22952690551e-22, 1.46338607789e-22, 5.1978507002e-22, 6.61759030327e-22, 6.87257589625e-22, 6.4981630731e-22, 5.90090524838e-22, 1.28676527089e-21, 1.47640813933e-21, 2.48628015277e-21],
        "stdev": [0.00510081276298, 0.0236150752753, 0.00509831029922, 0.00496842293069, 0.00781707651913, 0.00446828827262, 0.00435165222734, 0.00467600813136, 0.00512642040849, 0.00326297804713, 0.00245881429873, 0.0014041956747, 0.00107279978693, 0.000595017336309, 0.000612785399426, 0.000583505316172, 0.00053505593678, 0.00038253236562, 0.000494925770909, 0.000364364183042, 0.00033422515844, 0.000424467842095, 0.000384894025046, 0.000538743566722, 0.000418446725234, 0.000130647051265, 1.93369724002e-05],
        "var": [2.60182914644e-05, 0.000557671766728, 2.59927674051e-05, 2.46852287091e-05, 6.11066861893e-05, 1.99656005861e-05, 1.89368765859e-05, 2.1865052986e-05, 2.62801859208e-05, 1.06470251922e-05, 6.04576734986e-06, 1.97176541405e-06, 1.15089926567e-06, 3.54045596396e-07, 3.75505919692e-07, 3.40478436556e-07, 2.8628485893e-07, 1.46331004203e-07, 2.44951536388e-07, 1.32761257987e-07, 1.11706455641e-07, 1.80172946784e-07, 1.48143413981e-07, 2.90244656753e-07, 1.7509765371e-07, 1.70686522694e-08, 3.73918507268e-10]
    },
    "erbbands": {
        "dmean": [0.391322791576, 1.08154284954, 1.96062576771, 5.3639960289, 5.31658792496, 11.7803516388, 10.9058389664, 20.5245494843, 25.5366535187, 21.4658603668, 24.7571754456, 38.2836303711, 34.0321350098, 20.8008327484, 30.8790607452, 18.1447372437, 22.3271560669, 10.3603134155, 10.5496282578, 15.699678421, 7.65378427505, 8.81520557404, 8.39039039612, 8.34440517426, 9.84090328217, 7.38880205154, 7.38325929642, 4.77856254578, 8.33559703827, 7.33794784546, 3.79513454437, 2.86988639832, 2.5534017086, 1.49479997158, 0.713758230209, 0.227595329285, 0.0697797983885, 0.0159298274666, 0.000590311130509, 3.00528135995e-05],
        "dmean2": [0.491640537977, 1.7075291872, 3.38538885117, 9.05439662933, 8.03611946106, 19.5707893372, 18.5436191559, 34.3250312805, 38.7813148499, 32.9975814819, 38.4393348694, 59.5906524658, 51.5394363403, 34.1420135498, 52.0497322083, 29.1147327423, 37.846534729, 16.4615650177, 17.9079360962, 26.3007659912, 11.5081186295, 13.4273443222, 12.7972974777, 13.0133390427, 14.9946565628, 11.5399780273, 13.1966514587, 8.18423461914, 12.4348630905, 11.1953353882, 5.81379461288, 4.12387466431, 3.80644464493, 2.26227259636, 1.05729317665, 0.345525115728, 0.105839416385, 0.0249601528049, 0.000960677105468, 4.30966319982e-05],
        "dvar": [0.845284283161, 7.63414049149, 24.5513858795, 309.375579834, 125.60609436, 1607.98217773, 475.832672119, 2341.75512695, 2424.39770508, 1594.07531738, 4564.74169922, 13068.1142578, 9240.86621094, 6173.05566406, 14720.875, 3147.64404297, 2926.03564453, 1068.89648438, 501.331756592, 1255.76269531, 227.688522339, 458.77166748, 258.757385254, 236.618804932, 299.453460693, 172.777664185, 366.121826172, 113.273643494, 270.89831543, 182.01008606, 63.4621772766, 54.4081230164, 52.3055458069, 20.6796169281, 4.3364777565, 0.423810750246, 0.0404424630105, 0.00264822156169, 3.9052001739e-06, 2.16297557643e-09],
        "dvar2": [1.31527411938, 19.075378418, 65.7488861084, 762.223815918, 239.586227417, 4260.80273438, 1298.39428711, 6210.83642578, 5046.48339844, 3139.10693359, 10224.2695312, 30384.4082031, 19133.8535156, 16616.1230469, 40351.0859375, 7679.37548828, 7703.97216797, 2435.11499023, 1243.13134766, 3283.94458008, 464.734466553, 929.546264648, 521.078308105, 496.684997559, 615.439575195, 379.916778564, 1037.49926758, 304.12979126, 536.875671387, 410.053436279, 129.83934021, 95.6131896973, 99.2295379639, 42.0127182007, 9.06449794769, 0.912298500538, 0.0881998986006, 0.00663717929274, 9.88503143162e-06, 4.68952832122e-09],
        "max": [7.34941673279, 21.0636234283, 31.452041626, 156.830001831, 121.987335205, 414.49307251, 207.285324097, 687.675720215, 594.159790039, 667.222167969, 1015.32977295, 1417.32629395, 1542.3079834, 1567.32629395, 2156.05883789, 991.331726074, 507.544769287, 645.763977051, 250.673217773, 433.326416016, 216.152526855, 518.291320801, 258.333526611, 212.326782227, 252.052383423, 194.257705688, 168.459243774, 89.885383606, 126.259483337, 107.420944214, 126.477218628, 149.495666504, 111.124053955, 64.5927810669, 25.834154129, 7.89584445953, 2.28095674515, 0.780846238136, 0.0283720921725, 0.000516947882716],
        "mean": [0.606088757515, 1.34764873981, 2.05339860916, 4.86091756821, 6.48353528976, 12.1211290359, 12.7652988434, 23.592256546, 37.5177764893, 31.7273330688, 34.3370018005, 42.8143501282, 44.9147834778, 20.7108020782, 29.1035480499, 17.5896205902, 19.972990036, 11.0030508041, 10.5888385773, 15.3058080673, 10.1692037582, 11.2291288376, 10.9428281784, 10.3693408966, 14.5359611511, 9.51630592346, 5.84259319305, 4.06960344315, 8.36678314209, 7.41789340973, 4.47655487061, 3.50309586525, 3.29930925369, 1.80073142052, 0.81785929203, 0.256144970655, 0.0779311582446, 0.0166573468596, 0.000595850870013, 5.36272964382e-05],
        "median": [0.0362075939775, 0.319884210825, 0.716306328773, 1.24278557301, 1.40200424194, 3.81403684616, 5.17674827576, 6.85390710831, 15.194065094, 9.56656360626, 7.67827415466, 6.65503835678, 6.63361549377, 3.94042634964, 3.62052989006, 2.39411997795, 2.74597024918, 2.01214408875, 1.69595146179, 2.13783884048, 1.83194077015, 2.19655203819, 2.93268489838, 3.5063996315, 4.00615215302, 2.79954838753, 1.28415393829, 0.869776010513, 1.07121968269, 1.52445316315, 1.12676990032, 0.699715316296, 0.802099943161, 0.367561012506, 0.172657355666, 0.0590055771172, 0.0157281123102, 0.00274241506122, 9.94734364212e-05, 3.32557065121e-05],
        "min": [1.35672120353e-21, 4.58005341137e-21, 3.96296932348e-20, 9.87548056613e-20, 6.33305115854e-20, 1.97091691243e-19, 1.52898429644e-19, 4.5012956227e-19, 2.54973502095e-18, 2.41033006552e-18, 4.31589301456e-18, 2.44711623493e-18, 1.2651769862e-18, 2.23899076857e-18, 4.57618111073e-18, 6.03840275521e-18, 7.91177493674e-18, 7.11325282369e-18, 7.66064042122e-18, 1.40100771488e-17, 9.7580271747e-18, 9.24318003528e-18, 1.15016486325e-17, 9.2143924956e-18, 1.19745850119e-17, 2.59470593572e-17, 2.51108823283e-17, 2.52437887461e-17, 2.61781785834e-17, 1.97776303658e-17, 1.72718471731e-17, 1.17664473446e-17, 1.2031930135e-17, 1.44924442143e-17, 7.71771919221e-18, 4.94741356579e-18, 3.21195596702e-18, 1.14339035743e-18, 3.64589057367e-19, 3.56134470176e-20],
        "stdev": [1.38238239288, 2.92095065117, 4.31203699112, 15.9192218781, 14.1071891785, 35.5739822388, 20.7465076447, 48.9665374756, 64.9073257446, 61.1001358032, 89.8073501587, 123.901649475, 131.256530762, 68.6758575439, 106.811561584, 55.6429252625, 50.6707992554, 33.8155632019, 22.5553131104, 35.6492958069, 22.5443820953, 28.6490325928, 22.7703037262, 19.7263145447, 26.7746086121, 17.2798976898, 15.1146593094, 9.30525779724, 18.2947273254, 14.4448795319, 10.4917726517, 10.2537584305, 9.99386310577, 5.83757829666, 2.47734308243, 0.731473743916, 0.226004615426, 0.0519168041646, 0.00200109719299, 5.88117109146e-05],
        "var": [1.91098105907, 8.53195285797, 18.593662262, 253.421615601, 199.012786865, 1265.50830078, 430.417541504, 2397.72167969, 4212.9609375, 3733.2265625, 8065.35986328, 15351.6181641, 17228.2753906, 4716.37304688, 11408.7089844, 3096.13500977, 2567.5300293, 1143.4921875, 508.742156982, 1270.87219238, 508.249176025, 820.767089844, 518.486694336, 389.127471924, 716.879699707, 298.594848633, 228.452926636, 86.5878295898, 334.697052002, 208.654556274, 110.077293396, 105.139564514, 99.8773040771, 34.0773200989, 6.13722896576, 0.53505384922, 0.0510780885816, 0.0026953544002, 4.00439012083e-06, 3.45881745467e-09]
    },
    "gfcc": {
        "mean": [-20.8685321808, 83.7961578369, -88.1854629517, 27.5195617676, -72.0630111694, 9.19442081451, -38.909412384, 17.216255188, -21.0401000977, 5.30460262299, -10.0592546463, 3.8016064167, -12.2054634094],
        "cov": [[6980.73388672, -822.871337891, -680.44732666, 475.247009277, 57.1613960266, 407.165740967, -33.6588172913, -17.1284942627, -3.42355251312, 174.978591919, -108.363739014, -6.70425748825, -110.752357483], [-822.871337891, 1440.51831055, -7.66092729568, -167.594497681, 167.416091919, -42.8605651855, 229.789382935, -8.4825592041, 92.0323867798, -32.7558326721, 79.0633392334, -34.6421585083, 50.864528656], [-680.44732666, -7.66092729568, 1386.25524902, 280.870025635, 2.65168833733, 185.280090332, 1.55400633812, 79.6228027344, 85.5131225586, 130.179260254, -12.1287965775, 22.0050792694, -20.6034870148], [475.247009277, -167.594497681, 280.870025635, 729.172607422, 164.516174316, -39.7054748535, -56.8725814819, 79.6501235962, 109.351226807, 54.3397102356, 26.3995113373, 25.3902359009, 45.1057434082], [57.1613960266, 167.416091919, 2.65168833733, 164.516174316, 447.869445801, 84.4515914917, 51.3370552063, 101.452941895, 106.487243652, 74.9604110718, 65.5954284668, 38.9158210754, 57.9926109314], [407.165740967, -42.8605651855, 185.280090332, -39.7054748535, 84.4515914917, 349.968505859, 143.051254272, -3.86169552803, 33.6255760193, 65.9482879639, 4.42146539688, 13.9225263596, -21.7555427551], [-33.6588172913, 229.789382935, 1.55400633812, -56.8725814819, 51.3370552063, 143.051254272, 346.399261475, 44.0815124512, 18.2486991882, 22.6209812164, 43.8579521179, 25.6440963745, 3.27120351791], [-17.1284942627, -8.4825592041, 79.6228027344, 79.6501235962, 101.452941895, -3.86169552803, 44.0815124512, 236.08052063, 78.1523590088, 12.0467071533, 57.4578895569, 3.53127837181, 48.0431518555], [-3.42355251312, 92.0323867798, 85.5131225586, 109.351226807, 106.487243652, 33.6255760193, 18.2486991882, 78.1523590088, 217.887237549, 82.6966705322, 47.0952262878, 34.3945655823, 56.5271568298], [174.978591919, -32.7558326721, 130.179260254, 54.3397102356, 74.9604110718, 65.9482879639, 22.6209812164, 12.0467071533, 82.6966705322, 167.314056396, 48.6914825439, 18.9151077271, 12.4839363098], [-108.363739014, 79.0633392334, -12.1287965775, 26.3995113373, 65.5954284668, 4.42146539688, 43.8579521179, 57.4578895569, 47.0952262878, 48.6914825439, 160.640060425, 45.5599822998, 44.4269104004], [-6.70425748825, -34.6421585083, 22.0050792694, 25.3902359009, 38.9158210754, 13.9225263596, 25.6440963745, 3.53127837181, 34.3945655823, 18.9151077271, 45.5599822998, 122.087158203, 40.2939758301], [-110.752357483, 50.864528656, -20.6034870148, 45.1057434082, 57.9926109314, -21.7555427551, 3.27120351791, 48.0431518555, 56.5271568298, 12.4839363098, 44.4269104004, 40.2939758301, 107.585731506]],
        "icov": [[0.000244433293119, -2.79261039395e-05, 0.000317436177284, -0.00033334174077, 0.000213785373489, -0.000543935107999, 0.000210338082979, -0.000283509696601, 0.000200469861738, -0.000471615639981, 0.00029884534888, -0.000206438038731, 0.000263660011115], [-2.79261039395e-05, 0.00123530637939, -0.000383037549909, 0.000565575086512, -0.000838467851281, 0.000960201956332, -0.00114858965389, 0.00111615133937, -0.00101147929672, 0.00107666500844, -0.000764232303482, 0.0012284432305, -0.000478609988932], [0.000317436177284, -0.000383037549909, 0.00149525760207, -0.00098514277488, 0.000902346451767, -0.00156603532378, 0.000798091932666, -0.00120154907927, 0.000584108114708, -0.00156788306776, 0.000917838129681, -0.000910670030862, 0.000753559404984], [-0.00033334174077, 0.000565575086512, -0.00098514277488, 0.00248262425885, -0.00128824892454, 0.00165433774237, -0.000565493945032, 0.000797757646069, -0.00119390292093, 0.00110802485142, -0.000650547561236, 0.00074727809988, -0.000662677630316], [0.000213785373489, -0.000838467851281, 0.000902346451767, -0.00128824892454, 0.00394363561645, -0.00200368557125, 0.000977807329036, -0.0019441585755, 0.000484455318656, -0.0018814454088, 0.000545329414308, -0.00130191561766, -0.00013690169726], [-0.000543935107999, 0.000960201956332, -0.00156603532378, 0.00165433774237, -0.00200368557125, 0.00626970920712, -0.00294847600162, 0.00208193459548, -0.00151558220387, 0.000931034679525, -0.000711197557393, 0.00120097282343, 3.25965120282e-05], [0.000210338082979, -0.00114858965389, 0.000798091932666, -0.000565493945032, 0.000977807329036, -0.00294847600162, 0.00502555118874, -0.00205657281913, 0.00122925825417, -0.00121015764307, 0.000184707751032, -0.00183620909229, 0.000897748977877], [-0.000283509696601, 0.00111615133937, -0.00120154907927, 0.000797757646069, -0.0019441585755, 0.00208193459548, -0.00205657281913, 0.00742787774652, -0.0027303097304, 0.00293305143714, -0.00267169554718, 0.0029482790269, -0.00207633734681], [0.000200469861738, -0.00101147929672, 0.000584108114708, -0.00119390292093, 0.000484455318656, -0.00151558220387, 0.00122925825417, -0.0027303097304, 0.00835546012968, -0.0042003034614, 0.0012038226705, -0.00185404089279, -0.00179417559411], [-0.000471615639981, 0.00107666500844, -0.00156788306776, 0.00110802485142, -0.0018814454088, 0.000931034679525, -0.00121015764307, 0.00293305143714, -0.0042003034614, 0.0109191052616, -0.00372336409055, 0.00189644366037, -6.27211411484e-05], [0.00029884534888, -0.000764232303482, 0.000917838129681, -0.000650547561236, 0.000545329414308, -0.000711197557393, 0.000184707751032, -0.00267169554718, 0.0012038226705, -0.00372336409055, 0.00969800446182, -0.00330276438035, -0.00110105820931], [-0.000206438038731, 0.0012284432305, -0.000910670030862, 0.00074727809988, -0.00130191561766, 0.00120097282343, -0.00183620909229, 0.0029482790269, -0.00185404089279, 0.00189644366037, -0.00330276438035, 0.0118718938902, -0.00392553443089], [0.000263660011115, -0.000478609988932, 0.000753559404984, -0.000662677630316, -0.00013690169726, 3.25965120282e-05, 0.000897748977877, -0.00207633734681, -0.00179417559411, -6.27211411484e-05, -0.00110105820931, -0.00392553443089, 0.0140699129552]]
    },
    "melbands": {
        "dmean": [0.00253141648136, 0.00111562397797, 0.000850764219649, 0.000572003074922, 0.0004305683251, 0.000445738114649, 0.00036510892096, 0.000256483413978, 0.000201398463105, 0.000254263664829, 0.00016936546308, 8.42583540361e-05, 0.000103867023427, 5.83246837778e-05, 4.73712207167e-05, 4.47764832643e-05, 1.747913484e-05, 1.58986622409e-05, 2.46628023888e-05, 1.74295018951e-05, 8.04337196314e-06, 9.77614399744e-06, 8.96166875464e-06, 6.77296611684e-06, 7.07312528903e-06, 7.88036686572e-06, 6.88200452714e-06, 4.59128159491e-06, 4.41401971329e-06, 4.27066424891e-06, 2.32537990996e-06, 3.86198735214e-06, 5.22688014826e-06, 4.09268341173e-06, 2.1270805064e-06, 2.05216792892e-06, 1.70589521531e-06, 1.89112597582e-06, 1.6170042727e-06, 1.18429375107e-06],
        "dmean2": [0.00326130283065, 0.00185163517017, 0.00140606705099, 0.000883876695298, 0.000732625718229, 0.000739517156035, 0.000556688057259, 0.000394846283598, 0.00031352363294, 0.00039237877354, 0.000258914020378, 0.000142926699482, 0.000177895621164, 9.49699897319e-05, 8.15529929241e-05, 7.62950439821e-05, 2.8886985092e-05, 2.68284638878e-05, 4.29865067417e-05, 2.76203518297e-05, 1.22280052892e-05, 1.47849314089e-05, 1.45185222209e-05, 1.05900007838e-05, 1.12521711344e-05, 1.17646823128e-05, 1.06416264316e-05, 7.25223344489e-06, 7.85222255217e-06, 7.72948806116e-06, 3.91476896766e-06, 5.79719790039e-06, 7.81596736488e-06, 6.42559052721e-06, 3.32870013153e-06, 3.16880709761e-06, 2.42406122197e-06, 2.82794871964e-06, 2.49795311902e-06, 1.78260029315e-06],
        "dvar": [3.45027292497e-05, 6.88432555762e-06, 5.9102439991e-06, 2.92786239697e-06, 9.39937649491e-07, 9.68782273958e-07, 4.8395969543e-07, 2.68606470399e-07, 2.72942031643e-07, 5.91091577462e-07, 2.32225815466e-07, 1.14416700114e-07, 1.56930838102e-07, 3.8123094015e-08, 1.65323879031e-08, 1.46417598046e-08, 4.24737489624e-09, 1.29836097429e-09, 3.35212857472e-09, 2.09662842643e-09, 3.26141530449e-10, 5.61687918399e-10, 6.03979477543e-10, 1.64690747151e-10, 1.92840632351e-10, 2.04817635074e-10, 1.70722186388e-10, 6.9581555795e-11, 1.26592764049e-10, 1.29616553601e-10, 2.36782208424e-11, 5.78045805666e-11, 1.00262582958e-10, 5.82999898358e-11, 2.21350073687e-11, 2.71766897181e-11, 2.08159843529e-11, 2.71592089096e-11, 2.67808674542e-11, 1.32102115705e-11],
        "dvar2": [5.36209226993e-05, 1.81234536285e-05, 1.44597734106e-05, 6.73802014717e-06, 2.60177080236e-06, 2.56787939179e-06, 1.00924751223e-06, 5.39913514785e-07, 6.16069200987e-07, 1.37091194574e-06, 4.84194401906e-07, 3.18201074379e-07, 4.24132792887e-07, 9.468647022e-08, 4.30151132491e-08, 3.8741763575e-08, 9.86103287914e-09, 3.05411873569e-09, 9.1356442411e-09, 4.32800195682e-09, 6.31938112949e-10, 1.06537667577e-09, 1.55898682852e-09, 3.54478030262e-10, 4.10683875796e-10, 4.04254851816e-10, 3.77074149682e-10, 1.60951557637e-10, 3.58098578568e-10, 3.67959107628e-10, 6.07437780631e-11, 1.1085594942e-10, 2.07903291805e-10, 1.36291547492e-10, 4.86764933916e-11, 5.21961952826e-11, 3.7833309402e-11, 5.23794861651e-11, 5.23709790812e-11, 2.8597452531e-11],
        "max": [0.0461369268596, 0.018766110763, 0.0213296618313, 0.0171454418451, 0.0086534358561, 0.0133937587962, 0.00769436871633, 0.00807955022901, 0.00679944548756, 0.00944588053972, 0.0076517323032, 0.00660923868418, 0.00760490866378, 0.00323621556163, 0.001746755559, 0.00177657720633, 0.0011191755766, 0.000513899081852, 0.00077098433394, 0.000989830703475, 0.000351717957528, 0.000443799595814, 0.000639772915747, 0.000171712046722, 0.000197348170332, 0.00020878034411, 0.000181033348781, 0.000127671708469, 9.60295874393e-05, 9.91445558611e-05, 3.78672484658e-05, 7.33407505322e-05, 7.76778470026e-05, 6.39963545837e-05, 6.9496119977e-05, 0.000108882406494, 9.59194367169e-05, 8.18208209239e-05, 8.12352445791e-05, 5.28220989509e-05],
        "mean": [0.00406559603289, 0.00126424024347, 0.000826289935503, 0.000690895074513, 0.000486909499159, 0.000530148274265, 0.000533349113539, 0.000365013023838, 0.000274952733889, 0.000278320076177, 0.000217557579163, 7.70846309024e-05, 9.62807825999e-05, 5.63980211155e-05, 4.3011004891e-05, 3.90477907786e-05, 1.84432847163e-05, 1.55645066116e-05, 2.17367669393e-05, 1.8762118998e-05, 1.03386482806e-05, 1.21546654555e-05, 1.0642072084e-05, 8.21668891149e-06, 8.02233444119e-06, 1.10925566332e-05, 9.31064641918e-06, 5.5249770412e-06, 3.55337556357e-06, 3.0898870591e-06, 2.02028923013e-06, 3.92039828512e-06, 5.1696843002e-06, 4.05336504627e-06, 2.45457636083e-06, 2.29014926845e-06, 2.09230370274e-06, 2.40135227614e-06, 2.01938905775e-06, 1.34847732625e-06],
        "median": [0.000387462612707, 0.000455127068562, 0.000247943331487, 0.00019559719658, 0.000195781700313, 0.000167242062162, 0.00021057696722, 8.75073455973e-05, 5.36148763786e-05, 3.85660023312e-05, 2.90635252895e-05, 1.36750932143e-05, 1.21943858176e-05, 7.77728200774e-06, 4.72947840535e-06, 3.7958188841e-06, 2.71093767878e-06, 2.187595328e-06, 2.85819328383e-06, 2.41543830271e-06, 1.87426223874e-06, 2.07561720345e-06, 2.16176317736e-06, 2.53682947005e-06, 2.37211634158e-06, 2.63410584012e-06, 2.4885325729e-06, 1.64986261098e-06, 7.50149126816e-07, 5.1565581316e-07, 4.07239951983e-07, 4.80326207253e-07, 7.55771111471e-07, 8.56851443132e-07, 6.57501971091e-07, 3.48436657305e-07, 3.95192273572e-07, 5.81880613026e-07, 4.11913561038e-07, 2.61213642716e-07],
        "min": [1.19005284242e-23, 1.65527819702e-23, 1.49812953164e-23, 9.34367955797e-24, 5.39482093786e-24, 9.21026424623e-24, 4.17719551353e-23, 2.40642792221e-23, 3.8054388166e-23, 1.36743358122e-23, 6.08978136295e-24, 8.44404601558e-24, 1.43475055325e-23, 1.17640799423e-23, 2.15230001036e-23, 1.65872772799e-23, 1.2340561348e-23, 1.31798359871e-23, 1.09777781019e-23, 2.50493960988e-23, 7.88239756144e-24, 1.04042146926e-23, 6.43454237195e-24, 1.30329887408e-23, 6.72257244896e-24, 5.45606336537e-24, 1.68334997011e-23, 1.53696326074e-23, 1.23868319844e-23, 2.07687212827e-23, 1.14507270358e-23, 1.61128184662e-23, 1.21872785744e-23, 1.11809121515e-23, 1.01949409385e-23, 9.0138970454e-24, 6.47146895093e-24, 8.02066515661e-24, 9.78996893763e-24, 1.31238213408e-23],
        "stdev": [0.00891354493797, 0.00242209620774, 0.00223997188732, 0.00182131386828, 0.000878728402313, 0.00101051642559, 0.000911293958779, 0.000799459288828, 0.000714693276677, 0.000832692312542, 0.000649690278806, 0.000279861502349, 0.000352701201336, 0.000187582787476, 0.000125978593132, 0.000113560767204, 6.51528971503e-05, 3.72448812413e-05, 5.18340566487e-05, 5.82581378694e-05, 2.62841058429e-05, 3.31522824126e-05, 2.80172134808e-05, 1.64888097061e-05, 1.69086852111e-05, 2.29814468184e-05, 1.76183948497e-05, 1.0425610526e-05, 8.96805886441e-06, 8.88126851351e-06, 4.56563975604e-06, 8.65897527547e-06, 1.09454922494e-05, 7.92916671344e-06, 5.84427652939e-06, 6.91865125191e-06, 6.26023074801e-06, 7.09911364538e-06, 6.97653922543e-06, 4.39005862063e-06],
        "var": [7.94512816356e-05, 5.86655005463e-06, 5.01747399539e-06, 3.31718410962e-06, 7.72163559759e-07, 1.02114347555e-06, 8.30456656331e-07, 6.39135180336e-07, 5.10786492214e-07, 6.93376478011e-07, 4.22097457431e-07, 7.83224578527e-08, 1.24398127355e-07, 3.51873019611e-08, 1.58706061626e-08, 1.28960486734e-08, 4.24489998707e-09, 1.38718114773e-09, 2.68676947357e-09, 3.3940106281e-09, 6.90854262686e-10, 1.09907383194e-09, 7.84964204747e-10, 2.7188082341e-10, 2.85903634101e-10, 5.28146915091e-10, 3.10407838322e-10, 1.08693352929e-10, 8.04260824605e-11, 7.88769327631e-11, 2.08450652572e-11, 7.49778572562e-11, 1.19803805765e-10, 6.28716800843e-11, 3.41555672634e-11, 4.78677375515e-11, 3.91904911301e-11, 5.03974119381e-11, 4.86721010717e-11, 1.92726164888e-11]
    },
    "melbands128": {
