{
"lowlevel": {
    "average_loudness": 0.979482591152,
    "barkbands_crest": {
        "dmean": 2.82406258583,
        "dmean2": 4.63634443283,
        "dvar": 6.21756792068,
        "dvar2": 16.8666133881,
        "max": 23.8327560425,
        "mean": 9.30921840668,
        "median": 8.55101585388,
        "min": 2.2859826088,
        "stdev": 3.6504034996,
        "var": 13.3254451752
    },
    "barkbands_flatness_db": {
        "dmean": 0.0233663097024,
        "dmean2": 0.0355805009604,
        "dvar": 0.000500808120705,
        "dvar2": 0.00111911410931,
        "max": 0.312368363142,
        "mean": 0.122522249818,
        "median": 0.121402859688,
        "min": 0.030846785754,
        "stdev": 0.0397081375122,
        "var": 0.00157673622016
    },
    "barkbands_kurtosis": {
        "dmean": 2.3731739521,
        "dmean2": 3.72118377686,
        "dvar": 20.0042743683,
        "dvar2": 47.2551460266,
        "max": 82.2648773193,
        "mean": 2.49676322937,
        "median": 0.744132757187,
        "min": -1.88925075531,
        "stdev": 6.30240297318,
        "var": 39.7202835083
    },
    "barkbands_skewness": {
        "dmean": 0.567855894566,
        "dmean2": 0.858645021915,
        "dvar": 0.367264986038,
        "dvar2": 0.805144488811,
        "max": 8.22371673584,
        "mean": 1.20632398129,
        "median": 1.0035380125,
        "min": -2.74039626122,
        "stdev": 1.08942568302,
        "var": 1.18684828281
    },
    "barkbands_spread": {
        "dmean": 7.45913124084,
        "dmean2": 11.1759405136,
        "dvar": 77.4201431274,
        "dvar2": 153.318832397,
        "max": 99.3555297852,
        "mean": 26.4297714233,
        "median": 22.6575641632,
        "min": 1.75560104847,
        "stdev": 15.24314785,
        "var": 232.353561401
    },
    "dissonance": {
        "dmean": 0.0181146617979,
        "dmean2": 0.0297953151166,
        "dvar": 0.000402818928706,
        "dvar2": 0.00104523543268,
        "max": 0.499638736248,
        "mean": 0.467991441488,
        "median": 0.474324434996,
        "min": 0.291925907135,
        "stdev": 0.026112863794,
        "var": 0.000681881676428
    },
    "dynamic_complexity": 1.82944703102,
    "erbbands_crest": {
        "dmean": 2.93228960037,
        "dmean2": 4.72758102417,
        "dvar": 7.81159591675,
        "dvar2": 18.9680938721,
        "max": 26.7399711609,
        "mean": 8.78277778625,
        "median": 7.85352897644,
        "min": 2.69432234764,
        "stdev": 4.19465780258,
        "var": 17.5951557159
    },
    "erbbands_flatness_db": {
        "dmean": 0.0203913524747,
        "dmean2": 0.0295535065234,
        "dvar": 0.000396973802708,
        "dvar2": 0.000803240051027,
        "max": 0.288886040449,
        "mean": 0.152471110225,
        "median": 0.150568157434,
        "min": 0.0710327327251,
        "stdev": 0.0364165231586,
        "var": 0.00132616318297
    },
    "erbbands_kurtosis": {
        "dmean": 1.06974935532,
        "dmean2": 1.71297776699,
        "dvar": 2.46846055984,
        "dvar2": 6.49422597885,
        "max": 15.7530937195,
        "mean": 0.503129959106,
        "median": -0.0301449298859,
        "min": -1.65375471115,
        "stdev": 1.87793052197,
        "var": 3.52662324905
    },
    "erbbands_skewness": {
        "dmean": 0.422182530165,
        "dmean2": 0.637964189053,
        "dvar": 0.169762328267,
        "dvar2": 0.383790671825,
        "max": 3.45188856125,
        "mean": 0.19662719965,
        "median": 0.199827685952,
        "min": -3.15100622177,
        "stdev": 0.768550872803,
        "var": 0.590670466423
    },
    "erbbands_spread": {
        "dmean": 9.41328620911,
        "dmean2": 14.1632518768,
        "dvar": 101.585838318,
        "dvar2": 227.089279175,
        "max": 110.621826172,
        "mean": 35.7950210571,
        "median": 32.7104148865,
        "min": 5.26367473602,
        "stdev": 16.6251392365,
        "var": 276.395233154
    },
    "hfc": {
        "dmean": 9.67358875275,
        "dmean2": 13.596988678,
        "dvar": 129.625732422,
        "dvar2": 216.381896973,
        "max": 149.229644775,
        "mean": 28.3249740601,
        "median": 24.4862766266,
        "min": 1.19495252443e-16,
        "stdev": 20.1563873291,
        "var": 406.279968262
    },
    "loudness_ebu128": {
        "integrated": -7.17564678192,
        "loudness_range": 1.1669921875,
        "momentary": {
            "dmean": 0.498527526855,
            "dmean2": 0.666189014912,
            "dvar": 0.199684932828,
            "dvar2": 0.370739340782,
            "max": -5.45199298859,
            "mean": -7.28223228455,
            "median": -7.11424636841,
            "min": -11.4825553894,
            "stdev": 1.00149774551,
            "var": 1.0029976368
        },
        "short_term": {
            "dmean": 0.0638778433204,
            "dmean2": 0.0808765590191,
            "dvar": 0.00198380858637,
            "dvar2": 0.00393547350541,
            "max": -6.27909040451,
            "mean": -7.20448970795,
            "median": -7.27924919128,
            "min": -8.0638666153,
            "stdev": 0.380914002657,
            "var": 0.145095467567
        }
    },
    "melbands_crest": {
        "dmean": 3.32084202766,
        "dmean2": 5.36741924286,
        "dvar": 8.98491001129,
        "dvar2": 24.4399585724,
        "max": 35.1096954346,
        "mean": 13.9729356766,
        "median": 13.4631500244,
        "min": 1.88301253319,
        "stdev": 4.75124835968,
        "var": 22.5743598938
    },
    "melbands_flatness_db": {
        "dmean": 0.0304258745164,
        "dmean2": 0.045116674155,
        "dvar": 0.000878826132976,
        "dvar2": 0.00182349828538,
        "max": 0.427161067724,
        "mean": 0.186180278659,
        "median": 0.186431020498,
        "min": 0.00473161740229,
        "stdev": 0.0575261898339,
        "var": 0.00330926245078
    },
    "melbands_kurtosis": {
        "dmean": 6.2410364151,
        "dmean2": 9.84125804901,
        "dvar": 127.041687012,
        "dvar2": 307.151641846,
        "max": 210.84475708,
        "mean": 9.4534034729,
        "median": 4.12961101532,
        "min": -1.73862171173,
        "stdev": 15.6585569382,
        "var": 245.19039917
    },
    "melbands_skewness": {
        "dmean": 0.767772734165,
        "dmean2": 1.17654025555,
        "dvar": 0.708747565746,
        "dvar2": 1.56902289391,
        "max": 10.8267526627,
        "mean": 2.2311770916,
        "median": 1.83622872829,
        "min": -0.586105883121,
        "stdev": 1.5008534193,
        "var": 2.25256085396
    },
    "melbands_spread": {
        "dmean": 9.78013706207,
        "dmean2": 14.9943084717,
        "dvar": 180.914306641,
        "dvar2": 393.393615723,
        "max": 192.024612427,
        "mean": 29.0494976044,
        "median": 24.1237354279,
        "min": 1.30429315567,
        "stdev": 19.7150020599,
        "var": 388.681274414
    },
    "pitch_salience": {
        "dmean": 0.0740172937512,
        "dmean2": 0.121050812304,
        "dvar": 0.00453142588958,
        "dvar2": 0.0124924704432,
        "max": 0.825349152088,
        "mean": 0.540260732174,
        "median": 0.539366185665,
        "min": 0.147213727236,
        "stdev": 0.0977334976196,
        "var": 0.00955183710903
    },
    "silence_rate_20dB": {
        "dmean": 0,
        "dmean2": 0,
        "dvar": 0,
        "dvar2": 0,
        "max": 1,
        "mean": 1,
        "median": 1,
        "min": 1,
        "stdev": 0,
        "var": 0
    },
    "silence_rate_30dB": {
        "dmean": 0.00773993786424,
        "dmean2": 0.0154918665066,
        "dvar": 0.00768013065681,
        "dvar2": 0.0198996774852,
        "max": 1,
        "mean": 0.993039429188,
        "median": 1,
        "min": 0,
        "stdev": 0.0831396430731,
        "var": 0.00691220024601
    },
    "silence_rate_60dB": {
        "dmean": 0.0131578948349,
        "dmean2": 0.0255615804344,
        "dvar": 0.0129851102829,
        "dvar2": 0.0326535962522,
        "max": 1,
        "mean": 0.0116009283811,
        "median": 0,
        "min": 0,
        "stdev": 0.107080549002,
        "var": 0.0114662442356
    },
    "spectral_centroid": {
        "dmean": 337.600524902,
        "dmean2": 497.748199463,
        "dvar": 213626.359375,
        "dvar2": 340102.46875,
        "max": 10978.1396484,
        "mean": 1517.50732422,
        "median": 1337.03027344,
        "min": 358.524017334,
        "stdev": 719.561645508,
        "var": 517768.96875
    },
    "spectral_complexity": {
        "dmean": 4.98142433167,
        "dmean2": 7.20836544037,
        "dvar": 25.5799541473,
        "dvar2": 43.2322235107,
        "max": 58,
        "mean": 24.1879348755,
        "median": 23,
        "min": 0,
        "stdev": 10.6626405716,
        "var": 113.69190979
    },
    "spectral_decrease": {
        "dmean": 2.53946685902e-09,
        "dmean2": 3.90165499908e-09,
        "dvar": 1.13610246197e-17,
        "dvar2": 2.34583243569e-17,
        "max": 4.63693400947e-30,
        "mean": -8.69597371889e-09,
        "median": -7.86430387478e-09,
        "min": -3.74561004435e-08,
        "stdev": 5.24319210271e-09,
        "var": 2.74910631081e-17
    },
    "spectral_energy": {
        "dmean": 0.0101027181372,
        "dmean2": 0.015460842289,
        "dvar": 0.000169788239873,
        "dvar2": 0.00034591788426,
        "max": 0.143634513021,
        "mean": 0.0353897884488,
        "median": 0.0325598157942,
        "min": 1.08210701447e-20,
        "stdev": 0.0204771924764,
        "var": 0.00041931544547
    },
    "spectral_energyband_high": {
        "dmean": 0.000740671413951,
        "dmean2": 0.00102258729748,
        "dvar": 1.75215370746e-06,
        "dvar2": 2.7745911666e-06,
        "max": 0.0183481629938,
        "mean": 0.00124749995302,
        "median": 0.000459860806586,
        "min": 8.11215380496e-21,
        "stdev": 0.00210820185021,
        "var": 4.4445146159e-06
    },
    "spectral_energyband_low": {
        "dmean": 0.00663334457204,
        "dmean2": 0.0107207540423,
        "dvar": 0.000126586077386,
        "dvar2": 0.000287651520921,
        "max": 0.128432065248,
        "mean": 0.01537938416,
        "median": 0.0103662014008,
        "min": 8.02145007321e-23,
        "stdev": 0.0159250870347,
        "var": 0.000253608392086
    },
    "spectral_energyband_middle_high": {
        "dmean": 0.00294668413699,
        "dmean2": 0.00427633849904,
        "dvar": 1.11466279122e-05,
        "dvar2": 2.34140952671e-05,
        "max": 0.0378981344402,
        "mean": 0.0076938145794,
        "median": 0.00597358914092,
        "min": 1.50484065535e-21,
        "stdev": 0.00604864628986,
        "var": 3.65861233149e-05
    },
    "spectral_energyband_middle_low": {
        "dmean": 0.00581779843196,
        "dmean2": 0.00932113919407,
        "dvar": 6.00433922955e-05,
        "dvar2": 0.000156034599058,
        "max": 0.0864624753594,
        "mean": 0.0121690435335,
        "median": 0.0102883772925,
        "min": 3.13322399665e-22,
        "stdev": 0.00927716027945,
        "var": 8.60657091835e-05
    },
    "spectral_entropy": {
        "dmean": 0.198983848095,
        "dmean2": 0.287765055895,
        "dvar": 0.0435464419425,
        "dvar2": 0.0790028199553,
        "max": 9.80616664886,
        "mean": 7.6812748909,
        "median": 7.66937255859,
        "min": 6.49548101425,
        "stdev": 0.379589676857,
        "var": 0.144088312984
    },
    "spectral_flux": {
        "dmean": 0.0290328692645,
        "dmean2": 0.043222669512,
        "dvar": 0.00093527144054,
        "dvar2": 0.00187282415573,
        "max": 0.329097956419,
        "mean": 0.105858176947,
        "median": 0.0997221320868,
        "min": 1.04024372449e-10,
        "stdev": 0.0477028116584,
        "var": 0.00227555818856
    },
    "spectral_kurtosis": {
        "dmean": 1.64950454235,
        "dmean2": 2.55046677589,
        "dvar": 3.14222502708,
        "dvar2": 6.90477180481,
        "max": 25.6484184265,
        "mean": 4.35938596725,
        "median": 3.91140651703,
        "min": -1.16177022457,
        "stdev": 2.79256463051,
        "var": 7.79841709137
    },
    "spectral_rms": {
        "dmean": 0.000839215470478,
        "dmean2": 0.00124605512246,
        "dvar": 9.63274032983e-07,
        "dvar2": 1.7788746618e-06,
        "max": 0.0118377041072,
        "mean": 0.00562221230939,
        "median": 0.00563610438257,
        "min": 3.24917545126e-12,
        "stdev": 0.00170800823253,
        "var": 2.91729224955e-06
    },
    "spectral_rolloff": {
        "dmean": 612.731262207,
        "dmean2": 971.230651855,
        "dvar": 1135257.75,
        "dvar2": 2082860.25,
        "max": 18518.5546875,
        "mean": 1609.24462891,
        "median": 1119.7265625,
        "min": 64.599609375,
        "stdev": 1454.10217285,
        "var": 2114413
    },
    "spectral_skewness": {
        "dmean": 0.26500838995,
        "dmean2": 0.387882500887,
        "dvar": 0.0683794468641,
        "dvar2": 0.133137181401,
        "max": 3.82175707817,
        "mean": 1.52927303314,
        "median": 1.49996042252,
        "min": 0.0207041837275,
        "stdev": 0.492537587881,
        "var": 0.242593288422
    },
    "spectral_spread": {
        "dmean": 661978.625,
        "dmean2": 918733.4375,
        "dvar": 1.66928606822e+12,
        "dvar2": 2.04596890829e+12,
        "max": 40179980,
        "mean": 4434310.5,
        "median": 4144769,
        "min": 1802775.5,
        "stdev": 1671331.5,
        "var": 2.79334879232e+12
    },
    "spectral_strongpeak": {
        "dmean": 0.619486033916,
        "dmean2": 1.06348323822,
        "dvar": 0.904374420643,
        "dvar2": 2.37491488457,
        "max": 8.65498256683,
        "mean": 0.814200460911,
        "median": 0.331134259701,
        "min": 0,
        "stdev": 1.12033879757,
        "var": 1.25515890121
    },
    "zerocrossingrate": {
        "dmean": 0.0128483725712,
        "dmean2": 0.0144615974277,
        "dvar": 0.000367349450244,
        "dvar2": 0.000412591005443,
        "max": 0.48828125,
        "mean": 0.0611446686089,
        "median": 0.0537109375,
        "min": 0.0068359375,
        "stdev": 0.0340168811381,
        "var": 0.00115714827552
    },
    "barkbands": {
        "dmean": [0.00023374450393, 0.00518053257838, 0.00305690383539, 0.00149196805432, 0.00137059728149, 0.000624759646598, 0.00200716499239, 0.001473940094, 0.00177137018181, 0.00084375863662, 0.000612936972175, 0.000580502033699, 0.000540629611351, 0.000578952545766, 0.000605700770393, 0.000580259424169, 0.0003841885773, 0.000269546784693, 0.000342752318829, 0.000179718117579, 0.00017955416115, 0.000208981859032, 0.000185917699127, 0.000110257868073, 4.71771527373e-05, 1.51371450556e-05, 8.19808860797e-07],
        "dmean2": [0.000316661957186, 0.00840845610946, 0.00531822070479, 0.00264533306472, 0.00226993020624, 0.00103371404111, 0.00326958624646, 0.00228251074441, 0.00288302940316, 0.00136268802453, 0.00100263790227, 0.000963206635788, 0.000907360459678, 0.000955139286816, 0.000975903181825, 0.000900845101569, 0.000592059572227, 0.000416073715314, 0.000488848832902, 0.00023931179021, 0.000278151594102, 0.000305248831864, 0.000268903677352, 0.000157901915372, 6.80044686305e-05, 2.15328691411e-05, 1.3642736576e-06],
        "dvar": [1.37892925522e-07, 7.270873175e-05, 4.1158960812e-05, 2.13964758586e-05, 4.36882783106e-06, 1.53919131662e-06, 1.82084750122e-05, 8.1454309111e-06, 1.17038434837e-05, 2.57423516814e-06, 2.7466364827e-06, 1.77920401256e-06, 1.39908354413e-06, 1.88997103123e-06, 2.34920548792e-06, 8.94651407179e-07, 3.98082363517e-07, 1.48874434558e-07, 2.35592324316e-07, 1.05405888462e-07, 9.70594982164e-08, 2.56349608208e-07, 1.25769773263e-07, 3.62000278642e-08, 8.81862849411e-09, 1.15685427904e-09, 4.46376399385e-12],
        "dvar2": [2.34844392821e-07, 0.000197658286197, 0.000120330325444, 5.97600119363e-05, 1.16033943414e-05, 3.8898024286e-06, 4.66377714474e-05, 2.01751154236e-05, 3.07696755044e-05, 6.647713235e-06, 6.4198588916e-06, 4.51584264738e-06, 3.67784195987e-06, 4.88666637466e-06, 6.06355979471e-06, 1.98791326511e-06, 9.00564316453e-07, 3.43905526279e-07, 4.40085301534e-07, 1.90591023852e-07, 2.05305681789e-07, 4.25988105235e-07, 2.23190625093e-07, 6.46299227469e-08, 1.61399871246e-08, 2.15387729874e-09, 1.18719391956e-11],
        "max": [0.00660899467766, 0.0899782478809, 0.0561098083854, 0.0577168390155, 0.0181771423668, 0.0140178315341, 0.0415418036282, 0.0386657975614, 0.0379501096904, 0.0180868431926, 0.0300352647901, 0.0148802222684, 0.0169985406101, 0.0226272400469, 0.0292556639761, 0.01237023063, 0.0100874304771, 0.00570613192394, 0.0048792399466, 0.00378372357227, 0.00414428813383, 0.0087184747681, 0.00458768196404, 0.00346138654277, 0.00188074039761, 0.000507019343786, 3.70541310986e-05],
        "mean": [0.000596121593844, 0.00926506333053, 0.00454778596759, 0.00177968898788, 0.00206448649988, 0.000851155433338, 0.00237014028244, 0.00203815568238, 0.00275406730361, 0.0013825026108, 0.000759454036597, 0.000705689250026, 0.000747023965232, 0.000705531041604, 0.00077244383283, 0.00088988232892, 0.000644844258204, 0.000490628997795, 0.000631681934465, 0.000269414449576, 0.000259542750427, 0.000314064353006, 0.000272254750598, 0.000179008842679, 7.39803290344e-05, 2.43467547989e-05, 8.31723809824e-07],
        "median": [0.00020646568737, 0.00590101908892, 0.00287931691855, 0.000525783980265, 0.0012616943568, 0.00038003467489, 0.000873635755852, 0.00076920283027, 0.00119242176879, 0.000386302184779, 0.000190665727132, 0.000274818943581, 0.000234955441556, 0.000290010590106, 0.000231877405895, 0.000373071641661, 0.000262533547357, 0.000304859975586, 0.000283242785372, 0.000111766537884, 8.10498167994e-05, 8.26950490591e-05, 9.51117326622e-05, 7.07702711225e-05, 2.42144578806e-05, 8.13518363429e-06, 2.35267776816e-07],
        "min": [2.86228839346e-23, 2.25106728896e-23, 3.28135591878e-23, 1.06649892309e-23, 2.84351413501e-23, 5.05387588571e-23, 6.8804246205e-23, 3.35543121995e-23, 9.47895137496e-23, 4.63980279656e-23, 3.82053761433e-23, 1.59050766799e-22, 1.85423649038e-22, 1.30746689956e-22, 1.14527924314e-22, 2.2371312722e-22, 1.05703107762e-22, 1.41450749889e-22, 2.04948208878e-22, 4.23681768386e-22, 4.27882092986e-22, 5.6123729983e-22, 4.03380729602e-22, 8.68379801029e-22, 1.49161818537e-21, 1.76401011414e-21, 2.56516947447e-21],
        "stdev": [0.00103869347367, 0.0106650404632, 0.00609126873314, 0.0043547321111, 0.00232558022253, 0.00137732364237, 0.00427570939064, 0.00331040495075, 0.00416826130822, 0.00238261185586, 0.00206433003768, 0.00136615824886, 0.00143070274498, 0.00137571326923, 0.00160016014706, 0.00137029530015, 0.000940176600125, 0.000562073604669, 0.000810814730357, 0.000455545436125, 0.000435764115537, 0.000772018451244, 0.000509590492584, 0.000284517649561, 0.000136220754939, 4.84257252538e-05, 2.10373173104e-06],
        "var": [1.07888422463e-06, 0.000113743095426, 3.71035530407e-05, 1.89636903087e-05, 5.40832343177e-06, 1.89702052467e-06, 1.82816893357e-05, 1.09587808765e-05, 1.73744010681e-05, 5.67683946429e-06, 4.26145834354e-06, 1.86638840205e-06, 2.04691036743e-06, 1.89258707906e-06, 2.56051248471e-06, 1.87770910998e-06, 8.83931988938e-07, 3.1592676919e-07, 6.57420571315e-07, 2.07521637208e-07, 1.8989035766e-07, 5.96012512233e-07, 2.59682479964e-07, 8.09502935795e-08, 1.85560935506e-08, 2.3450508202e-09, 4.42568724723e-12]
    },
    "erbbands": {
        "dmean": [0.146345928311, 1.20178925991, 3.15930581093, 4.46674489975, 4.74998283386, 4.56440877914, 4.30829429626, 5.84334897995, 21.3260002136, 35.6703567505, 27.8944263458, 38.5948371887, 27.4588050842, 25.7867984772, 23.3587837219, 19.6064224243, 23.235824585, 26.0998878479, 28.397808075, 32.1767997742, 26.867067337, 20.8632469177, 13.9593772888, 17.5832366943, 13.8592948914, 9.29952144623, 7.41418933868, 7.13025903702, 7.57094764709, 7.03570413589, 4.90048503876, 2.92941761017, 1.52568507195, 0.656977295876, 0.283899217844, 0.098281621933, 0.0222662501037, 0.00321670621634, 8.21040084702e-05, 1.38358273034e-05],
        "dmean2": [0.224182203412, 2.02179741859, 5.33829545975, 7.89548969269, 8.22004699707, 7.42959833145, 7.29661607742, 9.7243680954, 34.5496902466, 59.2719192505, 42.5750579834, 62.5460929871, 44.4468040466, 40.2157897949, 37.2640228271, 31.9620380402, 38.0612220764, 41.4291000366, 45.0363922119, 51.3072853088, 40.8608779907, 31.8933963776, 21.5513744354, 25.7487163544, 19.6916065216, 12.5522737503, 11.8463182449, 10.8989486694, 10.8744344711, 9.92568397522, 7.04516220093, 4.15550851822, 2.1939368248, 0.949403882027, 0.395756751299, 0.140108704567, 0.0321680232882, 0.00488577457145, 0.000123715173686, 2.052678974e-05],
        "dvar": [0.0476797558367, 4.66609191895, 39.7299118042, 150.905380249, 95.4905166626, 45.3145027161, 78.0466156006, 133.528579712, 2232.08349609, 5692.32910156, 2412.15844727, 5990.29833984, 3258.57788086, 2557.50854492, 3871.2487793, 2187.56884766, 2446.10498047, 4817.70605469, 2499.91796875, 7691.07958984, 1796.06518555, 1033.70214844, 408.672943115, 599.699523926, 374.811523438, 329.447143555, 158.992233276, 206.697952271, 341.751098633, 200.553741455, 86.5869598389, 22.4997425079, 8.51775836945, 1.59097111225, 0.373590201139, 0.0502499267459, 0.00250220880844, 5.1962062571e-05, 3.11285468513e-08, 2.58736865266e-10],
        "dvar2": [0.104404307902, 12.9698162079, 111.128257751, 419.768249512, 273.299224854, 111.085144043, 207.134292603, 326.79019165, 5480.92578125, 15213.0253906, 5237.83691406, 15966.2304688, 8156.7109375, 5936.09863281, 8078.72509766, 5623.01220703, 6205.49462891, 11552.2333984, 6340.47021484, 20004.3632812, 3987.08911133, 2450.06713867, 928.975280762, 1216.22827148, 695.385681152, 634.040405273, 363.667694092, 395.058563232, 581.081604004, 338.726898193, 159.163955688, 40.2778396606, 16.3919124603, 3.1865208149, 0.702832818031, 0.0985606461763, 0.00458337273449, 9.70926412265e-05, 6.37038439777e-08, 4.81430839638e-10],
        "max": [3.25306391716, 17.846200943, 59.0637435913, 128.188735962, 114.510383606, 66.5871582031, 113.806259155, 148.852737427, 478.526123047, 929.631896973, 715.242675781, 844.297973633, 800.524719238, 645.789123535, 1470.75891113, 727.553771973, 708.39666748, 1312.80859375, 574.089172363, 1812.66638184, 524.965148926, 387.090240479, 282.483093262, 264.87286377, 194.973495483, 196.793167114, 136.839797974, 272.539886475, 327.51651001, 230.687332153, 116.649978638, 61.6448554993, 55.0821495056, 21.3185195923, 12.2555770874, 3.39889526367, 0.717343509197, 0.138837948442, 0.0032272443641, 0.000191325088963],
        "mean": [0.30814614892, 1.89169621468, 5.33814764023, 5.66546297073, 6.28933191299, 6.81031656265, 6.5016579628, 8.09362030029, 26.5426673889, 43.0814819336, 43.852104187, 59.952129364, 49.5014038086, 43.2199325562, 33.8025550842, 25.787733078, 33.7112922668, 35.1679763794, 38.3389930725, 46.8377418518, 45.6924285889, 36.521068573, 26.5822124481, 32.7677955627, 25.0407333374, 13.6825389862, 10.657623291, 10.497592926, 11.2949380875, 10.0610313416, 7.1844329834, 4.65924406052, 2.34673643112, 0.994509458542, 0.445376694202, 0.156315043569, 0.0348064117134, 0.00445819925517, 0.000130141837872, 4.79090558656e-05],
        "median": [0.15778170526, 1.20300269127, 3.71529722214, 2.58414793015, 3.00245308876, 4.09016370773, 3.59051275253, 3.97322773933, 9.87786579132, 19.1186733246, 21.8422393799, 23.9693946838, 20.0610160828, 14.1476993561, 12.726984024, 11.5592517853, 11.8295345306, 14.0991449356, 14.6280088425, 17.6800289154, 20.3355827332, 15.898393631, 16.106842041, 17.2385349274, 12.0506324768, 5.79566526413, 3.58504366875, 2.76744937897, 2.76790833473, 3.39475083351, 2.50763130188, 1.8429415226, 0.866663217545, 0.309191286564, 0.143872231245, 0.0505846254528, 0.0121286734939, 0.00165810913313, 6.0769252741e-05, 4.45272125944e-05],
        "min": [1.23797989108e-21, 3.29072743487e-21, 2.90997551229e-20, 4.76361811789e-20, 2.52882425695e-20, 8.2332394757e-20, 4.11998267941e-19, 3.45901780709e-19, 3.59440219945e-19, 1.46378532602e-18, 8.77274567052e-19, 1.62949907102e-18, 2.83250133668e-18, 1.82319726673e-18, 2.2916987172e-18, 6.23961526639e-18, 7.8872779829e-18, 8.15588255295e-18, 5.26774546186e-18, 8.78413532717e-18, 1.07324004414e-17, 6.29365001272e-18, 7.64966869758e-18, 1.04383278074e-17, 1.14101583209e-17, 1.5177420899e-17, 1.97325440593e-17, 1.70985329824e-17, 1.6533765493e-17, 1.72847462276e-17, 1.35795569369e-17, 1.43070449149e-17, 1.92233862682e-17, 1.91947310774e-17, 8.24472257791e-18, 5.84954129134e-18, 3.66879044854e-18, 1.29427678656e-18, 3.42142606717e-19, 3.84203971845e-20],
        "stdev": [0.412212014198, 2.29434156418, 6.48656988144, 11.5557594299, 9.67720317841, 7.87762641907, 10.0695037842, 12.9366207123, 49.0926589966, 73.0055999756, 63.4835472107, 92.1044998169, 84.0913009644, 74.9200668335, 84.4155654907, 47.7164878845, 60.4088897705, 78.4136581421, 57.1991729736, 92.9424819946, 63.9802780151, 48.209526062, 30.269405365, 39.1402549744, 32.0644073486, 23.9889392853, 16.6843242645, 21.283115387, 28.3712749481, 20.5627040863, 13.3830070496, 7.19304227829, 4.14332437515, 1.77941977978, 0.869861185551, 0.310550928116, 0.0713553577662, 0.00959909893572, 0.000229970246437, 2.67094219453e-05],
        "var": [0.169918745756, 5.26400375366, 42.0755882263, 133.535583496, 93.6482543945, 62.0569953918, 101.39490509, 167.356155396, 2410.08911133, 5329.81738281, 4030.16088867, 8483.23925781, 7071.34716797, 5613.01611328, 7125.98779297, 2276.86303711, 3649.23388672, 6148.70166016, 3271.74560547, 8638.3046875, 4093.47607422, 2324.15844727, 916.236877441, 1531.95947266, 1028.12609863, 575.469177246, 278.366699219, 452.971008301, 804.929199219, 422.824829102, 179.104873657, 51.73985672, 17.1671352386, 3.16633486748, 0.756658434868, 0.0964418873191, 0.00509158661589, 9.21426981222e-05, 5.28863139948e-08, 7.13393233376e-10]
    },
    "gfcc": {
        "mean": [28.6660137177, 93.7879104614, -119.88848877, 38.1442871094, -56.984375, 22.1825561523, -34.183971405, 22.1151657104, -11.987405777, 1.57582974434, -15.1941308975, -1.28520107269, -15.0722732544],
        "cov": [[3837.46020508, -706.749572754, -365.721313477, 376.804992676, -193.005523682, 237.110397339, 2.3270945549, 132.302062988, -30.7678813934, 67.4984130859, -118.379440308, -33.0841445923, -73.2983169556], [-706.749572754, 967.020690918, -29.884054184, -226.428375244, 212.058074951, -74.7418212891, 112.680099487, -45.2923431396, 57.338180542, -112.833869934, 100.987220764, -28.3748130798, 16.275560379], [-365.721313477, -29.884054184, 487.186401367, 93.6902008057, -42.259803772, 70.4343032837, 41.5990486145, -41.3057136536, -56.7991676331, 41.9259681702, -57.0845031738, 31.1131668091, 13.3625679016], [376.804992676, -226.428375244, 93.6902008057, 447.386657715, -27.1546382904, 8.38620567322, -5.42389822006, -53.9966239929, 10.2003421783, 34.1002578735, -20.2121295929, -27.9529857635, 39.0103912354], [-193.005523682, 212.058074951, -42.259803772, -27.1546382904, 214.030914307, 5.88707304001, 2.8429415226, 17.0676765442, 27.7026195526, -9.7389497757, 15.2583913803, -24.0081882477, 9.28875637054], [237.110397339, -74.7418212891, 70.4343032837, 8.38620567322, 5.88707304001, 183.498413086, 91.2746582031, 11.7529430389, -24.6901626587, 22.0133323669, -26.2622909546, -2.00318527222, -7.06775379181], [2.3270945549, 112.680099487, 41.5990486145, -5.42389822006, 2.8429415226, 91.2746582031, 232.713653564, 27.8032054901, -25.4311389923, -14.3247718811, -8.42172145844, 9.0290145874, -2.68843340874], [132.302062988, -45.2923431396, -41.3057136536, -53.9966239929, 17.0676765442, 11.7529430389, 27.8032054901, 137.739761353, 33.1258201599, -5.74866056442, -6.78391981125, -1.16024112701, 3.77695798874], [-30.7678813934, 57.338180542, -56.7991676331, 10.2003421783, 27.7026195526, -24.6901626587, -25.4311389923, 33.1258201599, 113.705352783, 13.5087890625, 31.9338531494, -12.933631897, 3.31696557999], [67.4984130859, -112.833869934, 41.9259681702, 34.1002578735, -9.7389497757, 22.0133323669, -14.3247718811, -5.74866056442, 13.5087890625, 113.323448181, 3.46174931526, -0.066656075418, 1.55057001114], [-118.379440308, 100.987220764, -57.0845031738, -20.2121295929, 15.2583913803, -26.2622909546, -8.42172145844, -6.78391981125, 31.9338531494, 3.46174931526, 109.793113708, 17.5109786987, -17.0286617279], [-33.0841445923, -28.3748130798, 31.1131668091, -27.9529857635, -24.0081882477, -2.00318527222, 9.0290145874, -1.16024112701, -12.933631897, -0.066656075418, 17.5109786987, 82.1615829468, 11.1662597656], [-73.2983169556, 16.275560379, 13.3625679016, 39.0103912354, 9.28875637054, -7.06775379181, -2.68843340874, 3.77695798874, 3.31696557999, 1.55057001114, -17.0286617279, 11.1662597656, 93.6219024658]],
        "icov": [[0.000604301923886, -0.00051167444326, 0.00102615146898, -0.00109769566916, 0.000896488258149, -0.00131726474501, 0.000802924798336, -0.0012099937303, 0.00070173520362, -0.000678191368934, 0.0011143431766, -0.000840609078296, 0.00104579317849], [-0.00051167444326, 0.00419091247022, -0.00211189198308, 0.00325699197128, -0.00366808078252, 0.00327246356755, -0.00371594261378, 0.00420404411852, -0.00290895509534, 0.00357931340113, -0.00389937427826, 0.00339783495292, -0.00292091420852], [0.00102615146898, -0.00211189198308, 0.00482361391187, -0.0030957791023, 0.00256933853962, -0.00353534659371, 0.00215260777622, -0.00253901467659, 0.00256995204836, -0.00298521085642, 0.00411333097145, -0.00362539850175, 0.00255339895375], [-0.00109769566916, 0.00325699197128, -0.0030957791023, 0.00617767358199, -0.00299003627151, 0.00370670016855, -0.00349480262958, 0.00528779439628, -0.00343663757667, 0.00262120668776, -0.00378090818413, 0.00450286222622, -0.00444147316739], [0.000896488258149, -0.00366808078252, 0.00256933853962, -0.00299003627151, 0.00882175471634, -0.00417155725881, 0.00352184916846, -0.00442068139091, 0.00193723558914, -0.00279751024209, 0.00296890479513, -0.00147146335803, 0.00200122175738], [-0.00131726474501, 0.00327246356755, -0.00353534659371, 0.00370670016855, -0.00417155725881, 0.011791208759, -0.0063143055886, 0.00400895671919, -0.0019658182282, 0.00135177688207, -0.00288225687109, 0.00367720681243, -0.00259470683523], [0.000802924798336, -0.00371594261378, 0.00215260777622, -0.00349480262958, 0.00352184916846, -0.0063143055886, 0.00928020477295, -0.00543907796964, 0.00376681471244, -0.00208511902019, 0.00315639050677, -0.00367437233217, 0.00299683073536], [-0.0012099937303, 0.00420404411852, -0.00253901467659, 0.00528779439628, -0.00442068139091, 0.00400895671919, -0.00543907796964, 0.0142234060913, -0.00676806597039, 0.00408459408209, -0.00285663106479, 0.00345642725006, -0.00426754495129], [0.00070173520362, -0.00290895509534, 0.00256995204836, -0.00343663757667, 0.00193723558914, -0.0019658182282, 0.00376681471244, -0.00676806597039, 0.0144509430975, -0.00428392039612, -0.000415810151026, -0.000731175532565, 0.00173141586129], [-0.000678191368934, 0.00357931340113, -0.00298521085642, 0.00262120668776, -0.00279751024209, 0.00135177688207, -0.00208511902019, 0.00408459408209, -0.00428392039612, 0.0132356602699, -0.00441552326083, 0.00316080194898, -0.00291194091551], [0.0011143431766, -0.00389937427826, 0.00411333097145, -0.00378090818413, 0.00296890479513, -0.00288225687109, 0.00315639050677, -0.00285663106479, -0.000415810151026, -0.00441552326083, 0.0167909301817, -0.00783697981387, 0.0063090287149], [-0.000840609078296, 0.00339783495292, -0.00362539850175, 0.00450286222622, -0.00147146335803, 0.00367720681243, -0.00367437233217, 0.00345642725006, -0.000731175532565, 0.00316080194898, -0.00783697981387, 0.0184067711234, -0.00607624836266], [0.00104579317849, -0.00292091420852, 0.00255339895375, -0.00444147316739, 0.00200122175738, -0.00259470683523, 0.00299683073536, -0.00426754495129, 0.00173141586129, -0.00291194091551, 0.0063090287149, -0.00607624836266, 0.0152169624344]]
    },
    "melbands": {
        "dmean": [0.00136167323217, 0.00139485567342, 0.000719885283615, 0.000317810772685, 0.000159888353664, 0.000133654262754, 0.000354078161763, 0.000389232911402, 0.000236817257246, 0.000242661830271, 0.000140740943607, 0.000110338449304, 8.0467769294e-05, 7.08557927283e-05, 4.64698823635e-05, 5.554202653e-05, 5.01580107084e-05, 4.75085216749e-05, 4.71185630886e-05, 4.44114484708e-05, 3.10474388243e-05, 2.44651346293e-05, 1.61317493621e-05, 1.25419628603e-05, 1.55380512297e-05, 1.32906207e-05, 7.56170129534e-06, 5.94921993979e-06, 4.39829318566e-06, 5.11301504957e-06, 4.10102938986e-06, 4.64850018034e-06, 4.01164061259e-06, 4.13925363318e-06, 3.29533509102e-06, 1.92704351321e-06, 1.88090996289e-06, 1.23723782508e-06, 7.65951824633e-07, 5.16896932368e-07],
        "dmean2": [0.00215999013744, 0.00232344679534, 0.00127489713486, 0.000531782046892, 0.000267751223873, 0.000222449976718, 0.000573975499719, 0.000643065548502, 0.000363471714081, 0.000392982881749, 0.000229667173699, 0.000173312699189, 0.000130179934786, 0.000114091992145, 7.71516351961e-05, 8.98639191291e-05, 8.13683873275e-05, 7.74773870944e-05, 7.56721201469e-05, 7.02047545929e-05, 4.75944689242e-05, 3.80478741135e-05, 2.5775461836e-05, 1.88082558452e-05, 2.33352748182e-05, 1.93163687072e-05, 1.08154026748e-05, 8.01848364063e-06, 7.01634417055e-06, 8.30665612739e-06, 6.28281122772e-06, 6.79586673868e-06, 5.7020110944e-06, 6.07689298704e-06, 4.7757575885e-06, 2.80117592411e-06, 2.72272632174e-06, 1.80358142643e-06, 1.13165992843e-06, 7.5495523788e-07],
        "dvar": [4.17338151237e-06, 6.96836104908e-06, 3.60200874638e-06, 2.62590674538e-07, 8.14095173496e-08, 6.88925467784e-08, 6.02381589943e-07, 6.26090127298e-07, 1.88547730318e-07, 2.23979299108e-07, 8.50583461443e-08, 4.54312960585e-08, 4.53512356557e-08, 2.69324864632e-08, 9.20246012726e-09, 1.59033053393e-08, 1.84446236062e-08, 7.22211179749e-09, 1.55047068517e-08, 7.44727479685e-09, 2.45640019436e-09, 1.69688096907e-09, 8.21011036933e-10, 2.79299611217e-10, 5.08433739554e-10, 3.83562459572e-10, 1.57619431396e-10, 1.37536898537e-10, 5.47286521657e-11, 8.32766286485e-11, 8.34023544671e-11, 1.48057718863e-10, 8.67118529757e-11, 6.85347889551e-11, 3.79400018347e-11, 1.39311704533e-11, 9.62983078695e-12, 5.87232519556e-12, 2.26173940687e-12, 1.02980156954e-12],
        "dvar2": [1.07443511297e-05, 1.77675592568e-05, 1.00352017398e-05, 7.01427723016e-07, 2.1496582292e-07, 1.67791057493e-07, 1.50316054714e-06, 1.66591098605e-06, 4.26130213782e-07, 5.82361565193e-07, 2.16164607991e-07, 1.05104795978e-07, 9.7755190609e-08, 6.32771417486e-08, 2.40294166787e-08, 3.89778698207e-08, 4.54224071689e-08, 1.90071975936e-08, 3.99180883903e-08, 1.81004828903e-08, 5.39749711592e-09, 4.14441903018e-09, 1.87549420438e-09, 6.17664974722e-10, 1.06453534876e-09, 7.30803473292e-10, 3.141442384e-10, 2.62620286628e-10, 1.30931626652e-10, 1.95506527634e-10, 1.59109919684e-10, 2.80359013782e-10, 1.52104204232e-10, 1.28347041328e-10, 7.3123264388e-11, 2.83375996279e-11, 1.80743076755e-11, 1.17848205153e-11, 4.88052437006e-12, 2.14420625352e-12],
        "max": [0.0253200940788, 0.02199042961, 0.0211735833436, 0.00443991366774, 0.00380125804804, 0.0031459396705, 0.00725825410336, 0.00998035352677, 0.00527541758493, 0.00485505769029, 0.00405086157843, 0.00261915964074, 0.0046023549512, 0.00180682190694, 0.00106965797022, 0.00181746331509, 0.00237118406221, 0.000903109612409, 0.00246482947841, 0.00108201766852, 0.000585818372201, 0.000560757063795, 0.000579516927246, 0.000189375510672, 0.000246372219408, 0.000193337866222, 0.000146522885188, 0.000132007611683, 7.23620687495e-05, 0.000136055547046, 0.000196353532374, 0.000243364484049, 0.000164550830959, 0.000129186635604, 7.66933881096e-05, 6.43821476842e-05, 4.83782023366e-05, 4.78697111248e-05, 2.27361033467e-05, 1.82158692041e-05],
        "mean": [0.00258376891725, 0.00263420119882, 0.0010101578664, 0.000473426218377, 0.000244082082645, 0.000179921917152, 0.000433728011558, 0.000488941033836, 0.000359804194886, 0.000383388454793, 0.000244995928369, 0.000179636743269, 0.000109729859105, 9.0660789283e-05, 6.3129751652e-05, 7.43996570236e-05, 6.33611780358e-05, 6.01134670433e-05, 6.10309834883e-05, 6.44531901344e-05, 5.04849849676e-05, 3.92510883103e-05, 2.72041779681e-05, 2.28880508075e-05, 2.70891669061e-05, 2.32610855164e-05, 1.16157189041e-05, 8.1998814494e-06, 6.24596850685e-06, 6.56540441923e-06, 6.00262865191e-06, 6.58521503283e-06, 5.75714966544e-06, 5.62753484701e-06, 4.54000701211e-06, 2.92348454423e-06, 2.85870282823e-06, 1.78965819941e-06, 1.08040319446e-06, 7.50981371311e-07],
        "median": [0.00148619827814, 0.00185809948016, 0.000482972915052, 0.000286553113256, 0.000145068042912, 8.24296002975e-05, 0.000162764597917, 0.000223467184696, 0.000176183282747, 0.000158418450155, 8.97722929949e-05, 5.38132298971e-05, 3.7307432649e-05, 3.3327316487e-05, 2.2920074116e-05, 2.4148808734e-05, 2.33046084759e-05, 2.30781879509e-05, 1.80424030987e-05, 2.44702005148e-05, 2.14780975512e-05, 1.50922551256e-05, 1.33190033011e-05, 1.43403631228e-05, 1.35654099722e-05, 9.7890078905e-06, 5.25007044416e-06, 2.91798846774e-06, 2.2282097234e-06, 1.82073995347e-06, 1.44552609527e-06, 1.43226725413e-06, 1.70537407485e-06, 1.92286279344e-06, 1.47910702708e-06, 1.14697809295e-06, 1.05162177988e-06, 6.54374048281e-07, 3.23534237623e-07, 2.30534197954e-07],
        "min": [9.56347277224e-24, 1.16251355045e-23, 7.1134609161e-24, 3.6908699441e-24, 1.24700213112e-23, 8.00457633844e-24, 7.88754803429e-24, 1.36732629613e-23, 6.25464145923e-24, 1.26155480044e-23, 1.41493073855e-23, 6.65452294069e-24, 4.95681775315e-24, 1.96755635942e-23, 1.30733760525e-23, 1.88646887365e-23, 1.49806137406e-23, 7.86636159696e-24, 1.09666433302e-23, 1.20317081042e-23, 1.25748451483e-23, 4.95999962361e-24, 9.03586997706e-24, 6.49457271469e-24, 8.63061319738e-24, 7.78191245934e-24, 9.83599660487e-24, 1.04302447359e-23, 1.51510755381e-23, 8.48018688909e-24, 1.12070116146e-23, 9.24240796154e-24, 1.11419613555e-23, 7.68773824447e-24, 6.86996558707e-24, 8.87119841854e-24, 8.70530964764e-24, 1.15941924355e-23, 1.70108498321e-23, 1.61351463852e-23],
        "stdev": [0.00308723398484, 0.00299629196525, 0.00183363235556, 0.00056353508262, 0.000334815471433, 0.000295357633149, 0.000795266416389, 0.000787478929851, 0.000537725049071, 0.000593973556533, 0.000430278130807, 0.000319027458318, 0.000283051718725, 0.000184377320693, 0.000112398607598, 0.000154708730406, 0.000145266283653, 9.23227416934e-05, 0.000129763982841, 0.000110513370601, 7.379877934e-05, 5.80586856813e-05, 3.85584498872e-05, 2.55441136687e-05, 3.4549873817e-05, 3.19113532896e-05, 1.7516726075e-05, 1.53948403749e-05, 9.65075469139e-06, 1.12922480184e-05, 1.35193076858e-05, 1.78797017725e-05, 1.33812072818e-05, 1.12456536954e-05, 8.60967156768e-06, 5.24918368683e-06, 4.46098329121e-06, 3.30873513121e-06, 2.00908789338e-06, 1.39280882649e-06],
        "var": [9.53101334744e-06, 8.97776499187e-06, 3.36220773534e-06, 3.17571760888e-07, 1.1210139661e-07, 8.72361312076e-08, 6.32448688975e-07, 6.2012310309e-07, 2.89148232469e-07, 3.52804590875e-07, 1.85139271025e-07, 1.01778518058e-07, 8.01182764576e-08, 3.39949970396e-08, 1.26334471773e-08, 2.39347919262e-08, 2.11022914698e-08, 8.5234885816e-09, 1.68386922184e-08, 1.2213205558e-08, 5.44625944343e-09, 3.37081096369e-09, 1.4867540532e-09, 6.52501774834e-10, 1.19369369944e-09, 1.01833441679e-09, 3.06835723496e-10, 2.37001113179e-10, 9.31370744417e-11, 1.27514859782e-10, 1.82771686674e-10, 3.19683723937e-10, 1.79056700023e-10, 1.26464727579e-10, 7.41264410964e-11, 2.75539296241e-11, 1.99003730161e-11, 1.09477288346e-11, 4.0364339475e-12, 1.93991632653e-12]
    },
    "melbands128": {
