{
"lowlevel": {
    "average_loudness": 0.888984084129,
    "barkbands_crest": {
        "dmean": 2.65108895302,
        "dmean2": 4.16060161591,
        "dvar": 9.5476732254,
        "dvar2": 21.2277030945,
        "max": 24.5256156921,
        "mean": 13.7402830124,
        "median": 13.152097702,
        "min": 2.42104268074,
        "stdev": 5.95576334,
        "var": 35.471118927
    },
    "barkbands_flatness_db": {
        "dmean": 0.0333734862506,
        "dmean2": 0.0473208725452,
        "dvar": 0.00139309908263,
        "dvar2": 0.00233315094374,
        "max": 0.437303036451,
        "mean": 0.196748971939,
        "median": 0.201044052839,
        "min": 0.0307522844523,
        "stdev": 0.0754598081112,
        "var": 0.00569418305531
    },
    "barkbands_kurtosis": {
        "dmean": 12.9804162979,
        "dmean2": 19.6487979889,
        "dvar": 665.137451172,
        "dvar2": 1390.87158203,
        "max": 342.064819336,
        "mean": 22.4432621002,
        "median": 10.2282714844,
        "min": -1.9025683403,
        "stdev": 37.1527137756,
        "var": 1380.32409668
    },
    "barkbands_skewness": {
        "dmean": 1.13663125038,
        "dmean2": 1.62098407745,
        "dvar": 1.83555102348,
        "dvar2": 3.26532268524,
        "max": 14.711643219,
        "mean": 3.17112088203,
        "median": 2.59130764008,
        "min": -3.52509689331,
        "stdev": 2.7506480217,
        "var": 7.56606483459
    },
    "barkbands_spread": {
        "dmean": 7.8199224472,
        "dmean2": 12.1731710434,
        "dvar": 169.520675659,
        "dvar2": 347.17956543,
        "max": 106.795982361,
        "mean": 16.5832862854,
        "median": 11.2354011536,
        "min": 0.581161975861,
        "stdev": 17.0622882843,
        "var": 291.121673584
    },
    "dissonance": {
        "dmean": 0.0338608399034,
        "dmean2": 0.0531472489238,
        "dvar": 0.00151873345021,
        "dvar2": 0.00329124485143,
        "max": 0.499995261431,
        "mean": 0.434478223324,
        "median": 0.452061146498,
        "min": 0,
        "stdev": 0.0624198950827,
        "var": 0.00389624317177
    },
    "dynamic_complexity": 2.10265994072,
    "erbbands_crest": {
        "dmean": 3.22647094727,
        "dmean2": 5.21053504944,
        "dvar": 9.56991004944,
        "dvar2": 23.0324287415,
        "max": 28.5872440338,
        "mean": 9.65977478027,
        "median": 8.55852413177,
        "min": 3.09557580948,
        "stdev": 4.57270479202,
        "var": 20.9096298218
    },
    "erbbands_flatness_db": {
        "dmean": 0.0242939312011,
        "dmean2": 0.0334250368178,
        "dvar": 0.000591322255787,
        "dvar2": 0.00105749408249,
        "max": 0.384185731411,
        "mean": 0.15414686501,
        "median": 0.146816909313,
        "min": 0.0389398783445,
        "stdev": 0.0615228004754,
        "var": 0.00378505513072
    },
    "erbbands_kurtosis": {
        "dmean": 2.16544175148,
        "dmean2": 3.16248226166,
        "dvar": 14.614947319,
        "dvar2": 31.0259971619,
        "max": 60.7694778442,
        "mean": 1.89664673805,
        "median": 0.221677064896,
        "min": -1.81902778149,
        "stdev": 5.10765314102,
        "var": 26.0881195068
    },
    "erbbands_skewness": {
        "dmean": 0.559536933899,
        "dmean2": 0.790092766285,
        "dvar": 0.359605997801,
        "dvar2": 0.660670816898,
        "max": 5.95703601837,
        "mean": 0.632045686245,
        "median": 0.594310581684,
        "min": -2.68020319939,
        "stdev": 0.995806396008,
        "var": 0.991630375385
    },
    "erbbands_spread": {
        "dmean": 15.2167215347,
        "dmean2": 22.2932720184,
        "dvar": 353.436889648,
        "dvar2": 687.125976562,
        "max": 197.791946411,
        "mean": 48.5099868774,
        "median": 38.2328987122,
        "min": 2.14415431023,
        "stdev": 36.3357009888,
        "var": 1320.28308105
    },
    "hfc": {
        "dmean": 18.9962348938,
        "dmean2": 27.4079113007,
        "dvar": 3162.42211914,
        "dvar2": 5391.83398438,
        "max": 623.882568359,
        "mean": 36.9470672607,
        "median": 20.1688594818,
        "min": 6.42629584036e-06,
        "stdev": 66.8765411377,
        "var": 4472.47216797
    },
    "loudness_ebu128": {
        "integrated": -7.75774002075,
        "loudness_range": 2.98680496216,
        "momentary": {
            "dmean": 0.746677041054,
            "dmean2": 1.0052908659,
            "dvar": 0.644283354282,
            "dvar2": 1.22235107422,
            "max": -4.72221755981,
            "mean": -8.34489059448,
            "median": -7.551404953,
            "min": -15.1911802292,
            "stdev": 2.41533994675,
            "var": 5.83386707306
        },
        "short_term": {
            "dmean": 0.139214456081,
            "dmean2": 0.116938635707,
            "dvar": 0.0111499810591,
            "dvar2": 0.0171546824276,
            "max": -6.40422916412,
            "mean": -7.93275499344,
            "median": -7.72245788574,
            "min": -11.3851566315,
            "stdev": 1.11413002014,
            "var": 1.24128568172
        }
    },
    "melbands_crest": {
        "dmean": 3.32816100121,
        "dmean2": 5.05754089355,
        "dvar": 17.0996131897,
        "dvar2": 31.5524463654,
        "max": 38.661907196,
        "mean": 21.8514289856,
        "median": 18.4668064117,
        "min": 3.04722189903,
        "stdev": 10.8887424469,
        "var": 118.564720154
    },
    "melbands_flatness_db": {
        "dmean": 0.0406687930226,
        "dmean2": 0.0561954975128,
        "dvar": 0.00253605167381,
        "dvar2": 0.00385432783514,
        "max": 0.562054753304,
        "mean": 0.272780239582,
        "median": 0.271300673485,
        "min": 0.0269920323044,
        "stdev": 0.108577817678,
        "var": 0.0117891430855
    },
    "melbands_kurtosis": {
        "dmean": 43.9300193787,
        "dmean2": 61.7806396484,
        "dvar": 10375.6035156,
        "dvar2": 19846.1445312,
        "max": 2013.92736816,
        "mean": 76.8290100098,
        "median": 16.6207504272,
        "min": -1.79842114449,
        "stdev": 150.498931885,
        "var": 22649.9296875
    },
    "melbands_skewness": {
        "dmean": 1.81120407581,
        "dmean2": 2.48461151123,
        "dvar": 6.30058670044,
        "dvar2": 10.2329063416,
        "max": 40.7359962463,
        "mean": 5.2821521759,
        "median": 3.38695931435,
        "min": -2.17854547501,
        "stdev": 5.28652572632,
        "var": 27.9473552704
    },
    "melbands_spread": {
        "dmean": 10.3814048767,
        "dmean2": 16.0986385345,
        "dvar": 524.915527344,
        "dvar2": 1017.52429199,
        "max": 244.367843628,
        "mean": 18.5096092224,
        "median": 8.42534255981,
        "min": 0.21449162066,
        "stdev": 29.447681427,
        "var": 867.165893555
    },
    "pitch_salience": {
        "dmean": 0.0791843011975,
        "dmean2": 0.119302086532,
        "dvar": 0.0080948183313,
        "dvar2": 0.0150352744386,
        "max": 0.936133861542,
        "mean": 0.474171072245,
        "median": 0.551817595959,
        "min": 0.0710075721145,
        "stdev": 0.240057200193,
        "var": 0.0576274618506
    },
    "silence_rate_20dB": {
        "dmean": 0,
        "dmean2": 0,
        "dvar": 0,
        "dvar2": 0,
        "max": 1,
        "mean": 1,
        "median": 1,
        "min": 1,
        "stdev": 0,
        "var": 0
    },
    "silence_rate_30dB": {
        "dmean": 0.0541795678437,
        "dmean2": 0.108443066478,
        "dvar": 0.0512451604009,
        "dvar2": 0.104428470135,
        "max": 1,
        "mean": 0.580046415329,
        "median": 1,
        "min": 0,
        "stdev": 0.493551760912,
        "var": 0.243593335152
    },
    "silence_rate_60dB": {
        "dmean": 0.0410216711462,
        "dmean2": 0.0813323035836,
        "dvar": 0.039338644594,
        "dvar2": 0.0886597186327,
        "max": 1,
        "mean": 0.0494972914457,
        "median": 0,
        "min": 0,
        "stdev": 0.21690236032,
        "var": 0.0470466315746
    },
    "spectral_centroid": {
        "dmean": 382.967285156,
        "dmean2": 550.043701172,
        "dvar": 294436.6875,
        "dvar2": 500441.09375,
        "max": 5812.69042969,
        "mean": 1288.16943359,
        "median": 1015.08947754,
        "min": 210.878417969,
        "stdev": 872.037597656,
        "var": 760449.5625
    },
    "spectral_complexity": {
        "dmean": 3.89938092232,
        "dmean2": 5.71494960785,
        "dvar": 38.3073921204,
        "dvar2": 57.1658782959,
        "max": 60,
        "mean": 14.6736268997,
        "median": 13,
        "min": 0,
        "stdev": 10.0719881058,
        "var": 101.444953918
    },
    "spectral_decrease": {
        "dmean": 4.66549687772e-09,
        "dmean2": 6.91391743857e-09,
        "dvar": 7.25988034799e-17,
        "dvar2": 1.2460114058e-16,
        "max": -3.48349578748e-16,
        "mean": -2.33088179868e-08,
        "median": -8.81379946804e-09,
        "min": -7.98855523954e-08,
        "stdev": 2.25752447847e-08,
        "var": 5.09641671973e-16
    },
    "spectral_energy": {
        "dmean": 0.018405707553,
        "dmean2": 0.027285778895,
        "dvar": 0.00112409563735,
        "dvar2": 0.00191154377535,
        "max": 0.304772049189,
        "mean": 0.0913240388036,
        "median": 0.0359452404082,
        "min": 1.89763738057e-09,
        "stdev": 0.0865033492446,
        "var": 0.00748282903805
    },
    "spectral_energyband_high": {
        "dmean": 0.00167952047195,
        "dmean2": 0.00242571462877,
        "dvar": 3.00613482977e-05,
        "dvar2": 5.47303243366e-05,
        "max": 0.0622907914221,
        "mean": 0.00237453728914,
        "median": 0.000305785768433,
        "min": 5.88167625715e-10,
        "stdev": 0.00638600951061,
        "var": 4.07811166951e-05
    },
    "spectral_energyband_low": {
        "dmean": 0.0143101299182,
        "dmean2": 0.0208402611315,
        "dvar": 0.00101965793874,
        "dvar2": 0.00167680415325,
        "max": 0.281327068806,
        "mean": 0.071030549705,
        "median": 0.00756328832358,
        "min": 2.62916632909e-10,
        "stdev": 0.0860306471586,
        "var": 0.00740127172321
    },
    "spectral_energyband_middle_high": {
        "dmean": 0.00389895681292,
        "dmean2": 0.00533697707579,
        "dvar": 0.000108637919766,
        "dvar2": 0.000180762566742,
        "max": 0.126587554812,
        "mean": 0.00590341631323,
        "median": 0.00240818574093,
        "min": 3.94386051594e-10,
        "stdev": 0.0128099285066,
        "var": 0.000164094279171
    },
    "spectral_energyband_middle_low": {
        "dmean": 0.00519456807524,
        "dmean2": 0.00802533980459,
        "dvar": 5.96706850047e-05,
        "dvar2": 0.000144724399433,
        "max": 0.0696595236659,
        "mean": 0.0118632689118,
        "median": 0.0103396624327,
        "min": 6.80462353131e-10,
        "stdev": 0.00966752972454,
        "var": 9.34611234698e-05
    },
    "spectral_entropy": {
        "dmean": 0.259473890066,
        "dmean2": 0.358344376087,
        "dvar": 0.0995200052857,
        "dvar2": 0.151930004358,
        "max": 9.06810092926,
        "mean": 7.56317424774,
        "median": 7.53724431992,
        "min": 5.01287651062,
        "stdev": 0.637456297874,
        "var": 0.406350553036
    },
    "spectral_flux": {
        "dmean": 0.0483249500394,
        "dmean2": 0.0771855786443,
        "dvar": 0.0042646988295,
        "dvar2": 0.00974622834474,
        "max": 0.500887691975,
        "mean": 0.112003192306,
        "median": 0.0897258520126,
        "min": 4.35618785559e-05,
        "stdev": 0.0804933086038,
        "var": 0.00647917250171
    },
    "spectral_kurtosis": {
        "dmean": 1.95543694496,
        "dmean2": 2.83359932899,
        "dvar": 6.41571855545,
        "dvar2": 12.3754253387,
        "max": 35.5367889404,
        "mean": 5.19205141068,
        "median": 4.37666034698,
        "min": -1.31163871288,
        "stdev": 4.9019446373,
        "var": 24.0290603638
    },
    "spectral_rms": {
        "dmean": 0.0011123449076,
        "dmean2": 0.00159637338948,
        "dvar": 3.42931866726e-06,
        "dvar2": 5.4296374401e-06,
        "max": 0.0172435082495,
        "mean": 0.00809926632792,
        "median": 0.0059218686074,
        "min": 1.36064454637e-06,
        "stdev": 0.0048475349322,
        "var": 2.34985946008e-05
    },
    "spectral_rolloff": {
        "dmean": 862.529602051,
        "dmean2": 1438.40539551,
        "dvar": 4242872.5,
        "dvar2": 7710748,
        "max": 13996.5820312,
        "mean": 1583.80224609,
        "median": 559.86328125,
        "min": 43.06640625,
        "stdev": 2807.19360352,
        "var": 7880336.5
    },
    "spectral_skewness": {
        "dmean": 0.328616768122,
        "dmean2": 0.451857030392,
        "dvar": 0.131467878819,
        "dvar2": 0.203352704644,
        "max": 5.11830282211,
        "mean": 1.81965410709,
        "median": 1.78507506847,
        "min": 0.198393121362,
        "stdev": 0.799686670303,
        "var": 0.639498770237
    },
    "spectral_spread": {
        "dmean": 1129912,
        "dmean2": 1565502.25,
        "dvar": 2.11370298573e+12,
        "dvar2": 3.31573310259e+12,
        "max": 23711296,
        "mean": 6769471,
        "median": 5514514,
        "min": 2122948.25,
        "stdev": 3336991.25,
        "var": 1.1135511167e+13
    },
    "spectral_strongpeak": {
        "dmean": 0.470598429441,
        "dmean2": 0.732371032238,
        "dvar": 0.466068595648,
        "dvar2": 1.03560805321,
        "max": 6.87828445435,
        "mean": 1.1154050827,
        "median": 0.97283577919,
        "min": 0,
        "stdev": 0.928769171238,
        "var": 0.862612187862
    },
    "zerocrossingrate": {
        "dmean": 0.0204378962517,
        "dmean2": 0.0216280985624,
        "dvar": 0.00108474073932,
        "dvar2": 0.00098425487522,
        "max": 0.458984375,
        "mean": 0.0605181753635,
        "median": 0.04052734375,
        "min": 0.001953125,
        "stdev": 0.0702180489898,
        "var": 0.00493057491258
    },
    "barkbands": {
        "dmean": [0.00439493684098, 0.0117829330266, 0.00202484684996, 0.00122768688016, 0.0011033610208, 0.00158802140504, 0.00123394664843, 0.00119685370009, 0.0018644859083, 0.000999764888547, 0.00057885638671, 0.000865184119903, 0.000453654123703, 0.000429187639384, 0.000501421280205, 0.00051403127145, 0.000258763699094, 0.000229081255384, 0.0003042628814, 0.000217970868107, 0.000297809601761, 0.000368463573977, 0.000392865797039, 0.000279767467873, 0.00024306155683, 0.000144335892401, 1.95817847271e-05],
        "dmean2": [0.0069836685434, 0.0174194797873, 0.00378415826708, 0.00211520772427, 0.00184862548485, 0.00243202131242, 0.00187060516328, 0.0018190672854, 0.00280094635673, 0.00150763522834, 0.000908668327611, 0.00133638095576, 0.000688669679221, 0.000656324846204, 0.000747197482269, 0.000762196606956, 0.000378808908863, 0.000346885237377, 0.000446259480668, 0.000328681257088, 0.000436919828644, 0.000542042776942, 0.000577929371502, 0.000417804287281, 0.000339482212439, 0.000211745194974, 3.19927712553e-05],
        "dvar": [0.000120326658362, 0.000736246933229, 7.13165281923e-05, 1.07064579424e-05, 5.7690185713e-06, 6.48401464787e-06, 4.4960206651e-06, 5.08290122525e-06, 1.48848675963e-05, 4.78039100926e-06, 1.22102233036e-06, 4.86404178446e-06, 1.4295018218e-06, 1.93986420527e-06, 2.98701593238e-06, 3.90357536162e-06, 9.00465011e-07, 7.74226293743e-07, 8.869596968e-07, 6.25858660896e-07, 1.4290017134e-06, 2.01461625693e-06, 1.90639366338e-06, 6.16358647676e-07, 2.55975749042e-07, 7.19317583275e-08, 2.33061037136e-09],
        "dvar2": [0.000256220548181, 0.00128551130183, 0.00021070013463, 3.05856156047e-05, 1.55341385835e-05, 1.35296440931e-05, 9.13029452931e-06, 1.14385611596e-05, 2.99098301184e-05, 9.51609945332e-06, 2.87541683974e-06, 1.00193356047e-05, 3.00131250697e-06, 4.40801341028e-06, 6.40690768705e-06, 8.95886842045e-06, 1.86176578154e-06, 1.45182229971e-06, 1.73834712314e-06, 1.22755454868e-06, 2.64592722488e-06, 4.20693186243e-06, 4.01477882406e-06, 1.08140886823e-06, 4.39913293349e-07, 1.40177448316e-07, 5.90831472636e-09],
        "max": [0.162632986903, 0.258444994688, 0.0823719799519, 0.0375168323517, 0.0197929516435, 0.0285460427403, 0.0315058380365, 0.0257158894092, 0.0460382327437, 0.02582205832, 0.0158912744373, 0.0233323741704, 0.0132464859635, 0.016425261274, 0.0195222254843, 0.0258396118879, 0.0130617860705, 0.0091189108789, 0.0120038120076, 0.00916985049844, 0.0126700391993, 0.0173844713718, 0.0150955840945, 0.0093459058553, 0.00492727244273, 0.00265594408847, 0.00055843219161],
        "mean": [0.0153262466192, 0.054341647774, 0.00177730212454, 0.0017021195963, 0.00140950561035, 0.00273463991471, 0.00159933429677, 0.00144124752842, 0.0024576021824, 0.00126958382316, 0.000772638828494, 0.00105023302604, 0.000495593994856, 0.000431915541412, 0.000505956530105, 0.000561941647902, 0.00027770161978, 0.000270726508461, 0.00037926013465, 0.000263602560153, 0.000308085087454, 0.000373086368199, 0.000473650026834, 0.00040067214286, 0.000433098815847, 0.000246055220487, 2.05246724363e-05],
        "median": [0.000385927036405, 0.00507362885401, 0.000521033187397, 0.00107504148036, 0.000659371202346, 0.00102597998921, 0.000513295759447, 0.000434046465671, 0.000606438145041, 0.000269567011856, 0.000277692830423, 0.000216476255446, 7.84536241554e-05, 5.60105290788e-05, 4.28655803262e-05, 6.17057594354e-05, 3.83117003366e-05, 5.00034657307e-05, 0.000115714421554, 5.56949562451e-05, 1.2346748008e-05, 1.67905545823e-05, 2.2451953555e-05, 7.0325921115e-05, 7.13800327503e-05, 5.71248529013e-05, 1.7675890831e-06],
        "min": [8.48629638783e-11, 1.20454410335e-10, 6.94899138232e-11, 5.78045944444e-11, 9.59719734239e-11, 5.79277528723e-11, 4.87683157746e-11, 7.57647763971e-11, 2.60048205192e-10, 2.25638341345e-10, 6.44092418289e-11, 4.39919628503e-11, 2.67642592117e-11, 9.92358712565e-12, 4.26943896903e-12, 7.40540267996e-12, 1.60650416581e-11, 9.34245562856e-12, 2.23523526077e-11, 1.65510955635e-11, 2.8819753875e-11, 8.2477122354e-11, 8.06315153534e-11, 1.42226341815e-10, 1.30540828147e-10, 6.10555772607e-11, 1.9462301562e-11],
        "stdev": [0.0276266597211, 0.0686867311597, 0.00629544584081, 0.00283721880987, 0.002342708176, 0.00403294479474, 0.00283842021599, 0.0027958615683, 0.00493813445792, 0.00278125354089, 0.00144891615491, 0.002540695481, 0.00131483597215, 0.00143490906339, 0.00179327488877, 0.00195956602693, 0.000998569419608, 0.00100636668503, 0.00104462041054, 0.000890223484021, 0.00134333246388, 0.00149242102634, 0.00151705835015, 0.000965416547842, 0.000788013101555, 0.000382718833862, 4.95951717312e-05],
        "var": [0.000763232295867, 0.00471786689013, 3.96326395276e-05, 8.04981027613e-06, 5.48828211322e-06, 1.62646429089e-05, 8.05662875791e-06, 7.81684138929e-06, 2.43851736741e-05, 7.73537067289e-06, 2.09935797102e-06, 6.45513364361e-06, 1.7287936771e-06, 2.05896390071e-06, 3.2158347949e-06, 3.83989890906e-06, 9.97140887193e-07, 1.01277385056e-06, 1.09123175207e-06, 7.92497871771e-07, 1.80454196652e-06, 2.22732069233e-06, 2.30146611102e-06, 9.32029081468e-07, 6.20964613063e-07, 1.46473695395e-07, 2.45968112544e-09]
    },
    "erbbands": {
        "dmean": [0.670996010303, 1.82548666, 2.3420650959, 3.45465493202, 3.14364242554, 3.73464035988, 10.8492898941, 13.4321346283, 11.3914356232, 26.3569812775, 27.7149620056, 44.6974906921, 31.8006420135, 24.9913463593, 27.0319061279, 31.1799259186, 20.3243980408, 27.766084671, 24.1306991577, 20.3893260956, 29.1488056183, 15.0596780777, 11.9158344269, 14.1597976685, 13.7431278229, 10.0175848007, 11.2346906662, 11.6765727997, 11.1787290573, 13.8605890274, 10.4005308151, 6.53836488724, 4.94626760483, 3.24834442139, 1.48413133621, 0.729725301266, 0.267910271883, 0.0540576688945, 0.00187430088408, 5.58732426725e-05],
        "dmean2": [0.906555056572, 3.00224685669, 4.3649597168, 6.04802846909, 5.41148662567, 6.32224607468, 16.3511447906, 20.5628089905, 17.851934433, 39.0596694946, 42.1683769226, 66.6387023926, 46.7860565186, 36.8269691467, 41.2276802063, 47.2348937988, 29.2086296082, 42.9388809204, 36.896938324, 29.6842269897, 43.701133728, 22.0519866943, 17.5657520294, 21.0605125427, 20.3715763092, 15.2179574966, 16.1293964386, 17.824924469, 16.2122020721, 20.7664833069, 15.5342378616, 9.78530788422, 7.24507188797, 4.70025634766, 2.18173718452, 1.06878483295, 0.409673780203, 0.0820911303163, 0.00296881073155, 8.24271337478e-05],
        "dvar": [1.99952363968, 27.2772865295, 102.456947327, 105.748840332, 86.9021987915, 57.3547172546, 321.131164551, 631.771362305, 440.876068115, 2072.15942383, 3056.04711914, 9563.22070312, 4628.26806641, 3398.51171875, 2508.06591797, 7115.88769531, 2556.35424805, 9377.32324219, 7725.36230469, 4107.43164062, 14265.5126953, 3372.95019531, 2187.39990234, 2169.74291992, 1765.94836426, 1448.24511719, 2019.25195312, 2272.25268555, 1743.74768066, 2681.87670898, 1300.18347168, 447.802398682, 167.023132324, 50.6889266968, 8.2565574646, 1.78819382191, 0.232110634446, 0.0137322470546, 2.03487579711e-05, 1.29987922648e-08],
        "dvar2": [2.91003513336, 66.8154754639, 298.23324585, 309.910644531, 236.526412964, 160.001251221, 643.546936035, 1465.85900879, 1013.90106201, 3996.49609375, 6656.33398438, 19604.5488281, 9051.12890625, 7485.66210938, 5580.95214844, 13627.6650391, 4773.09472656, 22580.6484375, 18729.7714844, 7131.9375, 33709.5195312, 7348.75830078, 4164.63671875, 3899.64135742, 3606.55688477, 2678.57641602, 3851.85546875, 4072.04956055, 3480.80664062, 5700.12792969, 2713.24633789, 845.521972656, 308.976806641, 94.6126251221, 14.7232675552, 3.47906446457, 0.469482272863, 0.0293838120997, 4.95891472383e-05, 2.55076706424e-08],
        "max": [14.1654691696, 55.8870658875, 99.3721466064, 110.11315918, 93.511932373, 65.1692352295, 201.334533691, 324.724060059, 260.102355957, 705.991210938, 777.076965332, 1391.21923828, 983.139526367, 995.340026855, 816.505310059, 956.346008301, 541.273498535, 1075.47497559, 1068.77160645, 785.848693848, 1626.0760498, 766.911865234, 544.883605957, 525.79498291, 515.213989258, 425.518218994, 443.677764893, 539.275512695, 506.930877686, 567.561340332, 405.918731689, 211.515731812, 161.854064941, 74.1314468384, 28.1064014435, 12.1666116714, 4.62274551392, 1.18052828312, 0.0496403872967, 0.00128391920589],
        "mean": [3.28404402733, 5.37360954285, 2.33263158798, 4.5713224411, 3.79165530205, 5.12568235397, 17.3667755127, 20.8910331726, 14.4992246628, 36.822303772, 35.9377975464, 57.6942672729, 44.695476532, 31.6893939972, 37.8233261108, 40.1251373291, 24.5396213531, 26.1797142029, 23.0362224579, 26.5578536987, 30.2007980347, 15.8847112656, 13.9817342758, 18.0581264496, 17.5748081207, 12.5134897232, 11.8537626266, 12.4334211349, 11.9640054703, 14.6586513519, 12.9274168015, 8.42635154724, 7.44838285446, 5.35567760468, 2.49628734589, 1.24864518642, 0.422205537558, 0.0755623579025, 0.00236560567282, 0.000164643395692],
        "median": [0.273993253708, 0.564918279648, 0.602581441402, 2.58792853355, 2.13769507408, 2.46709895134, 7.28693056107, 6.83697414398, 6.30417728424, 11.5747900009, 11.6679544449, 15.4348182678, 9.92286491394, 8.76677322388, 12.1541643143, 8.42214298248, 4.34213018417, 3.38201165199, 2.67044472694, 2.680352211, 3.42006635666, 2.29628181458, 2.50079274178, 4.4970703125, 5.62994623184, 2.53346967697, 0.743207991123, 0.462708353996, 0.563916921616, 0.650259554386, 0.65999007225, 0.986462235451, 1.44877684116, 0.807955622673, 0.493948489428, 0.257614731789, 0.105787917972, 0.0144207235426, 0.000372766080545, 8.74840989127e-05],
        "min": [4.52209780732e-09, 2.38869191094e-08, 7.32137408477e-08, 1.52291761424e-07, 2.46268598403e-07, 3.30834637907e-07, 4.03018532324e-07, 4.94333960432e-07, 6.36903394025e-07, 9.68100266618e-07, 2.32457819038e-06, 5.66622611586e-06, 7.8442189988e-06, 5.04340050611e-06, 2.19754952013e-06, 1.79657774879e-06, 1.30946318677e-06, 6.39161271465e-07, 3.47633715592e-07, 1.68926121091e-07, 5.82505549573e-07, 8.87618853085e-07, 5.30330055426e-07, 8.05203967502e-07, 1.13535156743e-06, 8.00471241291e-07, 1.21547793697e-06, 1.302622195e-06, 2.67188033831e-06, 2.12746635952e-06, 2.33093464885e-06, 2.04699131245e-06, 3.13495024784e-06, 1.8476596324e-06, 6.64684989715e-07, 3.71912136643e-07, 8.74332641843e-08, 4.69526177937e-08, 9.61981250214e-09, 1.70274599975e-10],
        "stdev": [4.12160015106, 7.88961172104, 7.7197971344, 8.51020145416, 7.89337396622, 7.67985963821, 26.5608768463, 36.6934127808, 24.1603069305, 63.7021560669, 68.8212966919, 122.821380615, 95.0232391357, 67.4133453369, 72.7942276001, 99.9630813599, 61.0217895508, 93.2649154663, 83.5800628662, 77.7726821899, 113.856536865, 59.1659851074, 53.197429657, 53.8939399719, 45.8032188416, 43.5682296753, 50.6457977295, 53.8276329041, 45.6591873169, 53.8878364563, 40.3307418823, 24.5695800781, 16.0270824432, 10.2528915405, 4.27364730835, 1.97526538372, 0.660597145557, 0.142220124602, 0.00495844846591, 0.000176236557309],
        "var": [16.9875869751, 62.2459754944, 59.5952682495, 72.4235229492, 62.3053512573, 58.9802474976, 705.480163574, 1346.40661621, 583.720458984, 4057.96484375, 4736.37060547, 15085.0917969, 9029.41601562, 4544.55908203, 5299, 9992.61816406, 3723.65893555, 8698.34375, 6985.62646484, 6048.58984375, 12963.3105469, 3500.61376953, 2829.96655273, 2904.55688477, 2097.93481445, 1898.19067383, 2564.99682617, 2897.4140625, 2084.76123047, 2903.89892578, 1626.56860352, 603.664306641, 256.867401123, 105.121788025, 18.2640609741, 3.90167355537, 0.436388611794, 0.0202265623957, 2.4586210202e-05, 3.10593222252e-08]
    },
    "gfcc": {
        "mean": [2.46506214142, 64.0971069336, -84.200881958, 4.21870756149, -60.801738739, 13.8337697983, -41.5387382507, 22.9633865356, -32.7870788574, 4.19854784012, -12.7626972198, 1.85473883152, -14.8587284088],
        "cov": [[5532.24609375, -550.561889648, 240.935058594, 724.036437988, 312.442626953, 854.267150879, 414.423370361, 449.459075928, 501.29876709, 345.172912598, 164.057479858, 289.905578613, 142.763320923], [-550.561889648, 2256.11889648, 285.299621582, -205.411621094, 454.030273438, -119.53490448, 284.307891846, 246.003005981, -13.3256111145, -45.4744110107, 286.275909424, -123.259361267, 141.975296021], [240.935058594, 285.299621582, 2162.7109375, 920.400146484, 420.866485596, 770.000305176, 450.806396484, 227.159423828, 289.099487305, 208.171875, 186.108642578, 269.120697021, 196.554992676], [724.036437988, -205.411621094, 920.400146484, 1190.22412109, 339.170898438, 544.209838867, 385.687347412, 53.9802322388, 294.197692871, 205.852005005, 176.026763916, 261.04196167, 169.17906189], [312.442626953, 454.030273438, 420.866485596, 339.170898438, 572.549438477, 305.165649414, 221.133651733, 143.426101685, 164.793609619, 127.430580139, 105.503334045, 53.0376167297, 151.426940918], [854.267150879, -119.53490448, 770.000305176, 544.209838867, 305.165649414, 844.234436035, 582.895202637, 173.150482178, 219.407119751, 186.643859863, 149.183532715, 212.925018311, 144.450531006], [414.423370361, 284.307891846, 450.806396484, 385.687347412, 221.133651733, 582.895202637, 782.492675781, 190.886734009, 108.708999634, 123.540588379, 215.429275513, 185.678100586, 120.6849823], [449.459075928, 246.003005981, 227.159423828, 53.9802322388, 143.426101685, 173.150482178, 190.886734009, 291.79574585, 120.170906067, 47.7730941772, 92.5542526245, 32.6436042786, 75.0399932861], [501.29876709, -13.3256111145, 289.099487305, 294.197692871, 164.793609619, 219.407119751, 108.708999634, 120.170906067, 292.426544189, 127.316200256, 50.0748558044, 71.2063293457, 75.8797073364], [345.172912598, -45.4744110107, 208.171875, 205.852005005, 127.430580139, 186.643859863, 123.540588379, 47.7730941772, 127.316200256, 174.500457764, 70.4857177734, 51.5442199707, 52.6121139526], [164.057479858, 286.275909424, 186.108642578, 176.026763916, 105.503334045, 149.183532715, 215.429275513, 92.5542526245, 50.0748558044, 70.4857177734, 205.693695068, 67.0487747192, 61.5560836792], [289.905578613, -123.259361267, 269.120697021, 261.04196167, 53.0376167297, 212.925018311, 185.678100586, 32.6436042786, 71.2063293457, 51.5442199707, 67.0487747192, 177.029678345, 63.7248344421], [142.763320923, 141.975296021, 196.554992676, 169.17906189, 151.426940918, 144.450531006, 120.6849823, 75.0399932861, 75.8797073364, 52.6121139526, 61.5560836792, 63.7248344421, 134.319900513]],
        "icov": [[0.000310736708343, -6.34328243905e-05, 0.000239214437897, -0.000196265653358, 9.07293870114e-05, -0.000453168991953, 0.000341736507835, -0.000592152704485, -1.69565264514e-05, -0.000370229157852, 0.000152653330588, -0.000419314339524, 0.00032633158844], [-6.34328243905e-05, 0.00138793024234, -0.000555016740691, 0.00075360754272, -0.00117792142555, 0.00135051005054, -0.00111136294436, 0.00041927935672, -0.000527379568666, 0.00136772356927, -0.00197615497746, 0.00152478937525, -0.000952308531851], [0.000239214437897, -0.000555016740691, 0.00124198431149, -0.000876595382579, 0.000383286707802, -0.00141204835381, 0.00100305280648, -0.00104579911567, 0.000419068237534, -0.000735833251383, 0.000788784062024, -0.00112232053652, 0.000610972347204], [-0.000196265653358, 0.00075360754272, -0.000876595382579, 0.00262246723287, -0.00107718678191, 0.000874126912095, -0.000949990469962, 0.0018583862111, -0.00157199671958, 0.000804961659014, -0.0017530064797, -0.00034983016667, -0.000976513314527], [9.07293870114e-05, -0.00117792142555, 0.000383286707802, -0.00107718678191, 0.00416771089658, -0.00163900700863, 0.000933348957915, -0.000827936280984, 0.000228166143643, -0.00178732385393, 0.00151994777843, 0.000390416098526, -0.00167806306854], [-0.000453168991953, 0.00135051005054, -0.00141204835381, 0.000874126912095, -0.00163900700863, 0.0058354861103, -0.00372791104019, 0.0011363645317, -0.00110633182339, 0.000448036938906, -0.000741343304981, 0.000764321128372, -0.00126710347831], [0.000341736507835, -0.00111136294436, 0.00100305280648, -0.000949990469962, 0.000933348957915, -0.00372791104019, 0.00487374607474, -0.0019799915608, 0.0014959841501, -0.00122838432435, -0.000274158373941, -0.00257491786033, 0.00120750989299], [-0.000592152704485, 0.00041927935672, -0.00104579911567, 0.0018583862111, -0.000827936280984, 0.0011363645317, -0.0019799915608, 0.00751577271149, -0.00303704943508, 0.00241637113504, -0.00249433494173, 0.0019985884428, -0.00236849253997], [-1.69565264514e-05, -0.000527379568666, 0.000419068237534, -0.00157199671958, 0.000228166143643, -0.00110633182339, 0.0014959841501, -0.00303704943508, 0.0076567218639, -0.004078715574, 0.00207110960037, -0.00110943976324, 7.66916418797e-05], [-0.000370229157852, 0.00136772356927, -0.000735833251383, 0.000804961659014, -0.00178732385393, 0.000448036938906, -0.00122838432435, 0.00241637113504, -0.004078715574, 0.0122063104063, -0.00446927733719, 0.00260021327995, -0.00136480794754], [0.000152653330588, -0.00197615497746, 0.000788784062024, -0.0017530064797, 0.00151994777843, -0.000741343304981, -0.000274158373941, -0.00249433494173, 0.00207110960037, -0.00446927733719, 0.011304945685, -0.00307162757963, 0.000560797576327], [-0.000419314339524, 0.00152478937525, -0.00112232053652, -0.00034983016667, 0.000390416098526, 0.000764321128372, -0.00257491786033, 0.0019985884428, -0.00110943976324, 0.00260021327995, -0.00307162757963, 0.0133802611381, -0.00448020501062], [0.00032633158844, -0.000952308531851, 0.000610972347204, -0.000976513314527, -0.00167806306854, -0.00126710347831, 0.00120750989299, -0.00236849253997, 7.66916418797e-05, -0.00136480794754, 0.000560797576327, -0.00448020501062, 0.014293034561]]
    },
    "melbands": {
        "dmean": [0.00434426497668, 0.00143085909076, 0.000570959120523, 0.000215012754779, 0.000325752887875, 0.000291946344078, 0.000197229135665, 0.000276904000202, 0.00025906242081, 0.000272208970273, 0.000158628667123, 0.00010549655417, 8.42282097437e-05, 9.8033931863e-05, 6.00445819146e-05, 4.99151065014e-05, 5.05633470311e-05, 3.4662316466e-05, 3.53342038579e-05, 2.6224186513e-05, 3.76216339646e-05, 1.58551010827e-05, 1.1010884009e-05, 1.19783335322e-05, 1.17449508252e-05, 1.20459262689e-05, 8.8559154392e-06, 6.28597899777e-06, 6.28123234492e-06, 7.40372888686e-06, 7.09878486305e-06, 6.36051072433e-06, 7.02945999365e-06, 7.98151631898e-06, 5.96900508754e-06, 5.60929856874e-06, 3.7332699776e-06, 3.4355769003e-06, 3.80188680538e-06, 2.50318248618e-06],
        "dmean2": [0.00613591447473, 0.00249100499786, 0.00100402277894, 0.000367384986021, 0.00049409159692, 0.000445909507107, 0.00030193827115, 0.000409810512792, 0.000395126524381, 0.000406004168326, 0.000236285835854, 0.000157301095896, 0.000131341745146, 0.000150011546793, 9.35613570618e-05, 7.57745146984e-05, 7.86207674537e-05, 5.38768726983e-05, 5.16101099493e-05, 3.97078256356e-05, 5.84361223446e-05, 2.34301478486e-05, 1.66380141309e-05, 1.77139008883e-05, 1.75316126843e-05, 1.80903280125e-05, 1.30842881845e-05, 1.00630750239e-05, 9.32677176024e-06, 1.06838706415e-05, 1.09830207293e-05, 9.29809993977e-06, 1.04944983832e-05, 1.22787814689e-05, 9.09114987735e-06, 8.28798420116e-06, 5.69033636566e-06, 5.12918677487e-06, 5.78021490583e-06, 3.62359219253e-06],
        "dvar": [9.00000813999e-05, 2.68816911557e-05, 3.22331425195e-06, 2.67059959924e-07, 2.65838309588e-07, 2.59353299725e-07, 1.13777268496e-07, 2.10937173506e-07, 2.70106767175e-07, 3.47214381691e-07, 1.1920894849e-07, 6.33291605823e-08, 2.18748237302e-08, 5.79676395773e-08, 2.33054731069e-08, 2.07313473055e-08, 3.11211749704e-08, 1.50925743014e-08, 1.39629001694e-08, 6.40001074359e-09, 2.65223381035e-08, 3.42155392907e-09, 2.15256901193e-09, 2.16268070119e-09, 1.38561873086e-09, 1.50749956962e-09, 7.64584173751e-10, 6.31587782074e-10, 6.4246580278e-10, 8.77967032409e-10, 8.48835834955e-10, 5.98908589389e-10, 7.01718960716e-10, 8.43058622912e-10, 3.77818332176e-10, 4.58867971398e-10, 1.15945086865e-10, 8.57881196636e-11, 7.34648314404e-11, 2.90934411978e-11],
        "dvar2": [0.000137676062877, 7.36806468922e-05, 9.31778686208e-06, 7.37298421427e-07, 5.56142822461e-07, 5.84683903071e-07, 2.50598588991e-07, 4.02988462156e-07, 5.53050199414e-07, 7.18790545307e-07, 2.32621161445e-07, 1.40919908631e-07, 4.98887260392e-08, 1.20877217569e-07, 4.3313754361e-08, 4.6858598779e-08, 7.48286055341e-08, 3.71150470357e-08, 2.78945808674e-08, 1.25986927557e-08, 6.51690257314e-08, 7.55320961332e-09, 4.70544669895e-09, 4.14346112976e-09, 2.53670218164e-09, 3.13095238624e-09, 1.57019452995e-09, 1.19552512334e-09, 1.2263463578e-09, 1.6810126624e-09, 1.55857837747e-09, 1.30837030099e-09, 1.4114215352e-09, 1.84352832999e-09, 7.6810069416e-10, 1.0297406261e-09, 2.09234130022e-10, 1.67785244032e-10, 1.40201183996e-10, 5.45881534419e-11],
        "max": [0.0898529738188, 0.050030592829, 0.0191764347255, 0.00473536597565, 0.00616784300655, 0.00641409587115, 0.00424927100539, 0.00632625864819, 0.0078102517873, 0.00838564429432, 0.00478317774832, 0.00419558631256, 0.00216880836524, 0.00266864243895, 0.0014258424053, 0.00150744302664, 0.00197153817862, 0.00156429735944, 0.00137433572672, 0.000844071269967, 0.00225779530592, 0.000840751221403, 0.000602598185651, 0.000465584686026, 0.000410741806263, 0.000508923723828, 0.000312240503263, 0.000265729002422, 0.000252331054071, 0.00031534556183, 0.000332177907694, 0.000291409232887, 0.000317067402648, 0.000323808810208, 0.000211181191844, 0.000243329268415, 0.000118513125926, 0.000118682495668, 9.59959143074e-05, 5.33233978786e-05],
        "mean": [0.0214376151562, 0.0026833137963, 0.00074700685218, 0.000279447849607, 0.00053442933131, 0.000471877516247, 0.000251129706157, 0.000387469888665, 0.000326731998939, 0.000350543617969, 0.000216223415919, 0.000127556399093, 0.000113619833428, 0.000123411940876, 7.53742424422e-05, 5.01436988998e-05, 4.70252598461e-05, 3.29747344949e-05, 3.86687461287e-05, 3.39235994034e-05, 3.61829625035e-05, 1.67076541402e-05, 1.19584001368e-05, 1.35207137646e-05, 1.47107366502e-05, 1.42537410284e-05, 1.11594845293e-05, 7.50592835175e-06, 6.89219905325e-06, 7.40958057577e-06, 7.36669835533e-06, 6.47452725389e-06, 7.37002892492e-06, 8.48608488013e-06, 7.54397160563e-06, 6.31975990473e-06, 4.85388773086e-06, 4.88263913212e-06, 5.71349164602e-06, 4.22849598181e-06],
        "median": [0.0018444377929, 0.000431676075095, 0.000442236487288, 0.000149351122673, 0.000250270764809, 0.000167389443959, 9.96380476863e-05, 0.000126652696053, 9.13859475986e-05, 9.12783143576e-05, 4.54087057733e-05, 3.26437038893e-05, 3.81089521397e-05, 2.85694859485e-05, 1.28724759634e-05, 6.83753523845e-06, 5.47680474483e-06, 4.12563076679e-06, 3.19315813613e-06, 3.95063716496e-06, 4.09810172641e-06, 2.37985841522e-06, 1.66844927207e-06, 2.26016209126e-06, 3.55628458237e-06, 4.08496498494e-06, 3.22524283547e-06, 1.12813256692e-06, 4.35213962646e-07, 2.87455947046e-07, 2.5142773552e-07, 3.02995886159e-07, 3.4010159311e-07, 3.44499738958e-07, 3.45904993537e-07, 3.72813190097e-07, 6.14366797436e-07, 9.87443058875e-07, 8.97744826034e-07, 5.99029419845e-07],
        "min": [4.10008138552e-11, 3.62753507788e-11, 2.89091719313e-11, 2.07995998897e-11, 1.44648008849e-11, 1.1143782945e-11, 9.83495836854e-12, 1.13477751501e-11, 2.14666218828e-11, 3.80165759983e-11, 3.93960003509e-11, 2.14719336061e-11, 7.9741126896e-12, 5.07309255368e-12, 4.05832875985e-12, 2.21182100413e-12, 1.05315647696e-12, 5.92443357827e-13, 2.7226251852e-13, 2.65594864894e-13, 7.77528974365e-13, 9.4016548019e-13, 7.13884572116e-13, 3.83772305384e-13, 6.43830366624e-13, 9.89323748792e-13, 5.80631354628e-13, 5.05618875761e-13, 7.25641009953e-13, 6.97254320253e-13, 8.10352815666e-13, 1.45539960292e-12, 1.83473874114e-12, 9.26512013812e-13, 1.30098709583e-12, 1.88558370307e-12, 7.81262478756e-13, 1.81656187488e-12, 2.60651157775e-12, 1.27750457782e-12],
        "stdev": [0.0266029220074, 0.00501459278166, 0.00146338227205, 0.000465266668471, 0.000755957618821, 0.000768440950196, 0.000421997625381, 0.000655334442854, 0.000653951079585, 0.000746221456211, 0.000476224988233, 0.000285422516754, 0.000208859812119, 0.000282344175503, 0.000185554788914, 0.000148770646774, 0.000170626284671, 0.000116537004942, 0.000129318970721, 9.47519147303e-05, 0.000148643972352, 5.91850366618e-05, 4.94119994983e-05, 5.200925807e-05, 4.30051295552e-05, 4.10798020312e-05, 3.02266707877e-05, 2.84793077299e-05, 2.89902927761e-05, 3.28654095938e-05, 3.23681124428e-05, 2.55884551734e-05, 2.83787157969e-05, 2.98849972751e-05, 2.24951636483e-05, 2.22244216275e-05, 1.29960271806e-05, 1.11966892291e-05, 1.13342111945e-05, 8.13785391074e-06],
        "var": [0.000707715458702, 2.51461387961e-05, 2.14148758459e-06, 2.16473068804e-07, 5.71471900912e-07, 5.90501485931e-07, 1.78081990043e-07, 4.29463227647e-07, 4.2765199737e-07, 5.56846487143e-07, 2.26790234592e-07, 8.14660054971e-08, 4.36224212308e-08, 7.97182337919e-08, 3.44305810529e-08, 2.21327063343e-08, 2.91133286368e-08, 1.35808733148e-08, 1.67233977777e-08, 8.97792507004e-09, 2.20950315821e-08, 3.5028686618e-09, 2.44154563234e-09, 2.70496292032e-09, 1.8494412668e-09, 1.68754998864e-09, 9.13651598822e-10, 8.11070932638e-10, 8.40437108796e-10, 1.08013509248e-09, 1.04769470877e-09, 6.54769016784e-10, 8.05351507704e-10, 8.93113083489e-10, 5.06032382663e-10, 4.93924956491e-10, 1.68896716057e-10, 1.25365856585e-10, 1.28464336391e-10, 6.6224664641e-11]
    },
    "melbands128": {
