{
"lowlevel": {
    "average_loudness": 0.984110951424,
    "barkbands_crest": {
        "dmean": 2.75598359108,
        "dmean2": 4.07610940933,
        "dvar": 7.19738960266,
        "dvar2": 15.2572221756,
        "max": 25.101896286,
        "mean": 14.8887853622,
        "median": 14.9978942871,
        "min": 3.67083501816,
        "stdev": 4.79874420166,
        "var": 23.0279464722
    },
    "barkbands_flatness_db": {
        "dmean": 0.0350980684161,
        "dmean2": 0.0473916456103,
        "dvar": 0.00152411486488,
        "dvar2": 0.00284424680285,
        "max": 0.582427740097,
        "mean": 0.205428943038,
        "median": 0.194766744971,
        "min": 0.0347622446716,
        "stdev": 0.0893167182803,
        "var": 0.00797747634351
    },
    "barkbands_kurtosis": {
        "dmean": 10.2064399719,
        "dmean2": 15.7575082779,
        "dvar": 303.15524292,
        "dvar2": 809.755493164,
        "max": 209.456237793,
        "mean": 18.413892746,
        "median": 11.4488344193,
        "min": -1.37513685226,
        "stdev": 23.1902484894,
        "var": 537.787597656
    },
    "barkbands_skewness": {
        "dmean": 0.902085900307,
        "dmean2": 1.33740711212,
        "dvar": 1.0648547411,
        "dvar2": 2.75737833977,
        "max": 12.8609037399,
        "mean": 3.15115118027,
        "median": 2.87207055092,
        "min": -1.93071484566,
        "stdev": 1.7807059288,
        "var": 3.17091345787
    },
    "barkbands_spread": {
        "dmean": 5.18309354782,
        "dmean2": 7.45388221741,
        "dvar": 60.8017234802,
        "dvar2": 115.665664673,
        "max": 96.9111099243,
        "mean": 13.8411216736,
        "median": 9.51008605957,
        "min": 0.37451171875,
        "stdev": 13.3610525131,
        "var": 178.517730713
    },
    "dissonance": {
        "dmean": 0.0253372304142,
        "dmean2": 0.0411435179412,
        "dvar": 0.00079305714462,
        "dvar2": 0.00177609059028,
        "max": 0.499012291431,
        "mean": 0.446490347385,
        "median": 0.455278813839,
        "min": 0.0227154437453,
        "stdev": 0.0412058457732,
        "var": 0.00169792177621
    },
    "dynamic_complexity": 1.9632666111,
    "erbbands_crest": {
        "dmean": 2.4942612648,
        "dmean2": 4.01593589783,
        "dvar": 5.85351276398,
        "dvar2": 13.0876045227,
        "max": 28.496931076,
        "mean": 9.09109306335,
        "median": 7.99975967407,
        "min": 2.78222727776,
        "stdev": 4.45674276352,
        "var": 19.8625564575
    },
    "erbbands_flatness_db": {
        "dmean": 0.0195978116244,
        "dmean2": 0.0286169927567,
        "dvar": 0.000495028216392,
        "dvar2": 0.000893362564966,
        "max": 0.407006919384,
        "mean": 0.137648224831,
        "median": 0.126922622323,
        "min": 0.0560293383896,
        "stdev": 0.049611158669,
        "var": 0.00246126693673
    },
    "erbbands_kurtosis": {
        "dmean": 1.70915067196,
        "dmean2": 2.66819930077,
        "dvar": 6.52412223816,
        "dvar2": 14.9295349121,
        "max": 34.8512954712,
        "mean": 2.04919338226,
        "median": 0.920799970627,
        "min": -1.84140086174,
        "stdev": 3.8668692112,
        "var": 14.9526777267
    },
    "erbbands_skewness": {
        "dmean": 0.448290407658,
        "dmean2": 0.70247823,
        "dvar": 0.226567193866,
        "dvar2": 0.499173164368,
        "max": 4.88850879669,
        "mean": 0.940582752228,
        "median": 0.887602388859,
        "min": -2.39353275299,
        "stdev": 0.881463468075,
        "var": 0.776977837086
    },
    "erbbands_spread": {
        "dmean": 12.1615667343,
        "dmean2": 17.9252586365,
        "dvar": 246.693130493,
        "dvar2": 504.706054688,
        "max": 185.325012207,
        "mean": 44.5732765198,
        "median": 38.55626297,
        "min": 4.20318317413,
        "stdev": 27.8685493469,
        "var": 776.656066895
    },
    "hfc": {
        "dmean": 7.59832239151,
        "dmean2": 10.1973600388,
        "dvar": 172.65687561,
        "dvar2": 294.149261475,
        "max": 131.480178833,
        "mean": 19.2916984558,
        "median": 12.7867183685,
        "min": 1.22106430026e-16,
        "stdev": 20.6762771606,
        "var": 427.508453369
    },
    "loudness_ebu128": {
        "integrated": -7.49164485931,
        "loudness_range": 1.16123533249,
        "momentary": {
            "dmean": 0.470709204674,
            "dmean2": 0.736076235771,
            "dvar": 0.139253512025,
            "dvar2": 0.2672970891,
            "max": -5.39773321152,
            "mean": -7.57970094681,
            "median": -7.49623441696,
            "min": -12.7718982697,
            "stdev": 0.913515985012,
            "var": 0.834511458874
        },
        "short_term": {
            "dmean": 0.0641840398312,
            "dmean2": 0.100696235895,
            "dvar": 0.00232673925348,
            "dvar2": 0.00600124755874,
            "max": -6.59082460403,
            "mean": -7.46511650085,
            "median": -7.48694515228,
            "min": -8.27588176727,
            "stdev": 0.378390669823,
            "var": 0.143179491162
        }
    },
    "melbands_crest": {
        "dmean": 3.29823660851,
        "dmean2": 4.97809362411,
        "dvar": 9.86016464233,
        "dvar2": 21.0274047852,
        "max": 36.1887512207,
        "mean": 19.4944438934,
        "median": 19.2244110107,
        "min": 2.18247461319,
        "stdev": 5.81028413773,
        "var": 33.7594032288
    },
    "melbands_flatness_db": {
        "dmean": 0.040783688426,
        "dmean2": 0.053194064647,
        "dvar": 0.00209455494769,
        "dvar2": 0.00376263679937,
        "max": 0.741792082787,
        "mean": 0.303172796965,
        "median": 0.29426625371,
        "min": 0.00854617729783,
        "stdev": 0.106862165034,
        "var": 0.011419522576
    },
    "melbands_kurtosis": {
        "dmean": 22.7722377777,
        "dmean2": 36.1917495728,
        "dvar": 1778.89953613,
        "dvar2": 4735.97167969,
        "max": 664.213439941,
        "mean": 42.624961853,
        "median": 23.8313922882,
        "min": -1.17485368252,
        "stdev": 57.5812950134,
        "var": 3315.60546875
    },
    "melbands_skewness": {
        "dmean": 1.23171162605,
        "dmean2": 1.90701925755,
        "dvar": 2.15987753868,
        "dvar2": 5.26476955414,
        "max": 20.5140628815,
        "mean": 4.33977222443,
        "median": 3.72081160545,
        "min": -0.0128314318135,
        "stdev": 2.56098985672,
        "var": 6.55866861343
    },
    "melbands_spread": {
        "dmean": 3.9876947403,
        "dmean2": 5.69432497025,
        "dvar": 46.2484092712,
        "dvar2": 79.8710708618,
        "max": 130.412689209,
        "mean": 10.0868577957,
        "median": 6.26129627228,
        "min": 0.386627018452,
        "stdev": 10.7948598862,
        "var": 116.528999329
    },
    "pitch_salience": {
        "dmean": 0.0838692933321,
        "dmean2": 0.130876794457,
        "dvar": 0.0075831389986,
        "dvar2": 0.0180493649095,
        "max": 0.862143039703,
        "mean": 0.439424693584,
        "median": 0.450529575348,
        "min": 0.122016578913,
        "stdev": 0.133219376206,
        "var": 0.0177474003285
    },
    "silence_rate_20dB": {
        "dmean": 0,
        "dmean2": 0,
        "dvar": 0,
        "dvar2": 0,
        "max": 1,
        "mean": 1,
        "median": 1,
        "min": 1,
        "stdev": 0,
        "var": 0
    },
    "silence_rate_30dB": {
        "dmean": 0.0433436520398,
        "dmean2": 0.0867544561625,
        "dvar": 0.0414643473923,
        "dvar2": 0.121054060757,
        "max": 1,
        "mean": 0.977571547031,
        "median": 1,
        "min": 0,
        "stdev": 0.14807267487,
        "var": 0.0219255164266
    },
    "silence_rate_60dB": {
        "dmean": 0.000773993786424,
        "dmean2": 0.00154918665066,
        "dvar": 0.000773391744588,
        "dvar2": 0.00154677091632,
        "max": 1,
        "mean": 0.00154679035768,
        "median": 0,
        "min": 0,
        "stdev": 0.0392987206578,
        "var": 0.00154438940808
    },
    "spectral_centroid": {
        "dmean": 214.717376709,
        "dmean2": 322.827545166,
        "dvar": 168367.515625,
        "dvar2": 264479.9375,
        "max": 10683.6083984,
        "mean": 783.034423828,
        "median": 622.547668457,
        "min": 170.588088989,
        "stdev": 586.194641113,
        "var": 343624.15625
    },
    "spectral_complexity": {
        "dmean": 3.89551091194,
        "dmean2": 5.24786996841,
        "dvar": 27.2456073761,
        "dvar2": 35.8750419617,
        "max": 61,
        "mean": 14.9010057449,
        "median": 12,
        "min": 0,
        "stdev": 10.6096305847,
        "var": 112.56426239
    },
    "spectral_decrease": {
        "dmean": 3.76121578327e-09,
        "dmean2": 5.73030023432e-09,
        "dvar": 2.04142947397e-17,
        "dvar2": 5.59867271439e-17,
        "max": 6.89187650956e-29,
        "mean": -1.3421228573e-08,
        "median": -1.17793197418e-08,
        "min": -3.63841010653e-08,
        "stdev": 6.10284445202e-09,
        "var": 3.72447103614e-17
    },
    "spectral_energy": {
        "dmean": 0.0146046271548,
        "dmean2": 0.022172505036,
        "dvar": 0.000301235297229,
        "dvar2": 0.000817120424472,
        "max": 0.138832941651,
        "mean": 0.0524046644568,
        "median": 0.045810919255,
        "min": 1.08152895739e-20,
        "stdev": 0.0235226992518,
        "var": 0.000553317368031
    },
    "spectral_energyband_high": {
        "dmean": 0.000486601056764,
        "dmean2": 0.000632317271084,
        "dvar": 1.16122373583e-06,
        "dvar2": 1.96068208425e-06,
        "max": 0.013333119452,
        "mean": 0.000897087447811,
        "median": 0.000324409338646,
        "min": 8.11153261171e-21,
        "stdev": 0.00160983263049,
        "var": 2.59156126958e-06
    },
    "spectral_energyband_low": {
        "dmean": 0.0117926830426,
        "dmean2": 0.0179359167814,
        "dvar": 0.000277337589068,
        "dvar2": 0.000810978875961,
        "max": 0.133398681879,
        "mean": 0.0342701114714,
        "median": 0.0279091950506,
        "min": 6.37364144232e-23,
        "stdev": 0.0222250018269,
        "var": 0.000493950676173
    },
    "spectral_energyband_middle_high": {
        "dmean": 0.00182220386341,
        "dmean2": 0.00270845554769,
        "dvar": 1.33865505632e-05,
        "dvar2": 2.91700562229e-05,
        "max": 0.0396639481187,
        "mean": 0.00329140527174,
        "median": 0.00136927305721,
        "min": 1.52224305314e-21,
        "stdev": 0.00514456862584,
        "var": 2.64665886789e-05
    },
    "spectral_energyband_middle_low": {
        "dmean": 0.00666625890881,
        "dmean2": 0.0109452884644,
        "dvar": 0.000107770269096,
        "dvar2": 0.00027544767363,
        "max": 0.0984775722027,
        "mean": 0.0146361952648,
        "median": 0.011006529443,
        "min": 2.5769321605e-22,
        "stdev": 0.0126822963357,
        "var": 0.000160840645549
    },
    "spectral_entropy": {
        "dmean": 0.25570333004,
        "dmean2": 0.366768062115,
        "dvar": 0.103788249195,
        "dvar2": 0.187393158674,
        "max": 9.8108959198,
        "mean": 7.33532333374,
        "median": 7.46004533768,
        "min": 4.66318750381,
        "stdev": 0.673824846745,
        "var": 0.4540399611
    },
    "spectral_flux": {
        "dmean": 0.0337709113955,
        "dmean2": 0.0503929182887,
        "dvar": 0.00136897375342,
        "dvar2": 0.00245745154098,
        "max": 0.332950979471,
        "mean": 0.0972123965621,
        "median": 0.0772335380316,
        "min": 1.03996582179e-10,
        "stdev": 0.0594944320619,
        "var": 0.00353958760388
    },
    "spectral_kurtosis": {
        "dmean": 3.00714492798,
        "dmean2": 4.56339597702,
        "dvar": 92.2997436523,
        "dvar2": 213.887466431,
        "max": 282.770324707,
        "mean": 8.12809753418,
        "median": 3.85691213608,
        "min": -1.52510678768,
        "stdev": 21.9641151428,
        "var": 482.422363281
    },
    "spectral_rms": {
        "dmean": 0.000961635960266,
        "dmean2": 0.00143176456913,
        "dvar": 1.08451433789e-06,
        "dvar2": 2.77516437563e-06,
        "max": 0.0116381598637,
        "mean": 0.00697961170226,
        "median": 0.00668532587588,
        "min": 3.24830765584e-12,
        "stdev": 0.00155290053226,
        "var": 2.41150019065e-06
    },
    "spectral_rolloff": {
        "dmean": 288.846923828,
        "dmean2": 445.975738525,
        "dvar": 785064.8125,
        "dvar2": 1389758.75,
        "max": 18992.2851562,
        "mean": 566.325683594,
        "median": 279.931640625,
        "min": 64.599609375,
        "stdev": 1010.99005127,
        "var": 1022100.875
    },
    "spectral_skewness": {
        "dmean": 0.357541024685,
        "dmean2": 0.509445726871,
        "dvar": 0.298925191164,
        "dvar2": 0.585631072521,
        "max": 13.9316673279,
        "mean": 2.10084605217,
        "median": 1.82210183144,
        "min": 0.0512095093727,
        "stdev": 1.30787670612,
        "var": 1.71054136753
    },
    "spectral_spread": {
        "dmean": 959898.125,
        "dmean2": 1330029.5,
        "dvar": 1.99998046208e+12,
        "dvar2": 3.02731309875e+12,
        "max": 39336180,
        "mean": 6067183.5,
        "median": 6003734,
        "min": 293383.25,
        "stdev": 2696163.25,
        "var": 7.26929611162e+12
    },
    "spectral_strongpeak": {
        "dmean": 0.220513671637,
        "dmean2": 0.386425763369,
        "dvar": 0.127445936203,
        "dvar2": 0.300040274858,
        "max": 3.97311449051,
        "mean": 0.482167303562,
        "median": 0.335789352655,
        "min": 0,
        "stdev": 0.438428878784,
        "var": 0.192219883204
    },
    "zerocrossingrate": {
        "dmean": 0.0111775593832,
        "dmean2": 0.0122509049252,
        "dvar": 0.000326546636643,
        "dvar2": 0.000344327505445,
        "max": 0.49853515625,
        "mean": 0.0387449078262,
        "median": 0.03125,
        "min": 0.00048828125,
        "stdev": 0.0314226485789,
        "var": 0.000987382838503
    },
    "barkbands": {
        "dmean": [0.000990853644907, 0.0110239740461, 0.00276448135264, 0.00115201971494, 0.0039830445312, 0.00172523595393, 0.000957238429692, 0.000864921603352, 0.000524727627635, 0.000519591616467, 0.000339837948559, 0.000392911548261, 0.000197030632989, 0.000192707113456, 0.000300691230223, 0.000198179637664, 0.000147415339598, 0.000101446457847, 0.000103917816887, 7.32517291908e-05, 7.85665906733e-05, 8.37129118736e-05, 7.94187872089e-05, 0.00011105046724, 0.000120735749078, 4.73999098176e-05, 3.90903232983e-06],
        "dmean2": [0.00145403586794, 0.0166305471212, 0.00493233045563, 0.00203796988353, 0.00653132004663, 0.00295417685993, 0.00162675825413, 0.00131600024179, 0.00082320329966, 0.000828394840937, 0.000540112145245, 0.00070351397153, 0.000310576637276, 0.000307329755742, 0.000509391888045, 0.000334200623911, 0.000231892772717, 0.000150837993715, 0.000152834967594, 9.92370260064e-05, 0.000102989208244, 0.00012178740144, 0.000107238760393, 0.000154500332428, 0.000162631826242, 6.73609465593e-05, 6.41720043859e-06],
        "dvar": [1.94833273781e-06, 0.000250765879173, 7.50997642172e-05, 9.13328221941e-06, 2.97569349641e-05, 1.21480261441e-05, 3.8931252675e-06, 3.03265073853e-06, 1.17900663099e-06, 2.16088415073e-06, 5.85326461078e-07, 9.89946215668e-07, 2.06279068493e-07, 2.38689040089e-07, 6.03766181939e-07, 1.84133995162e-07, 1.21177464507e-07, 4.9461341689e-08, 5.73912224411e-08, 3.172404206e-08, 3.33991181378e-08, 6.26283096494e-08, 3.6156254879e-08, 7.54922453439e-08, 5.36411022267e-08, 1.468834121e-08, 1.26528024169e-10],
        "dvar2": [4.26450606028e-06, 0.000770001031924, 0.000215644482523, 2.62670109805e-05, 7.38363014534e-05, 3.14247590723e-05, 1.06199995571e-05, 6.58563749312e-06, 2.5928065952e-06, 5.538016012e-06, 1.43942691011e-06, 2.6407221867e-06, 4.68778722507e-07, 5.41032363799e-07, 1.72968873358e-06, 4.66886575623e-07, 2.51886717706e-07, 9.60258930149e-08, 1.19971446111e-07, 5.5062823634e-08, 5.78901833137e-08, 1.40199944099e-07, 7.07391407673e-08, 1.56789994321e-07, 9.72944178557e-08, 2.8613122538e-08, 3.45420747561e-10],
        "max": [0.0176244918257, 0.124395921826, 0.0644762441516, 0.0268947836012, 0.0507595799863, 0.0284418091178, 0.0286213420331, 0.0219745431095, 0.0161714442074, 0.0262832194567, 0.00860182661563, 0.0125918677077, 0.007476139348, 0.00846327468753, 0.00693130865693, 0.00495470967144, 0.00569243635982, 0.00227167224512, 0.00316385715269, 0.00199369830079, 0.00203392864205, 0.00343712349422, 0.00253956322558, 0.00450648553669, 0.00344386720099, 0.00142853218131, 0.000142682096339],
        "mean": [0.00283666839823, 0.0275002978742, 0.00332232424989, 0.001376670436, 0.00758208753541, 0.00214303354733, 0.00127639097627, 0.00132243381813, 0.000790537917055, 0.000692109810188, 0.000446381163783, 0.000457361573353, 0.000314876786433, 0.000272186036455, 0.000361175596481, 0.000253873178735, 0.000223740556976, 0.000139457697514, 0.000147507729707, 0.000108812462713, 0.000122417215607, 0.000113696791232, 0.000115303562779, 0.000188472025911, 0.000218811488594, 7.40626637707e-05, 3.97531130147e-06],
        "median": [0.00223845522851, 0.0222105532885, 0.000867836351972, 0.000475115259178, 0.00435890676454, 0.000877707672771, 0.000663832062855, 0.000308746355586, 0.000283921690425, 0.000222905800911, 0.000111339439172, 9.81719858828e-05, 8.03017610451e-05, 5.57527200726e-05, 6.1998347519e-05, 4.87661236548e-05, 4.02418954764e-05, 2.25429957936e-05, 3.9284946979e-05, 2.48063843173e-05, 3.12459196721e-05, 2.04750831472e-05, 3.47267923644e-05, 7.09403466317e-05, 8.63599125296e-05, 1.98006891878e-05, 2.80933790009e-07],
        "min": [2.08219110181e-23, 3.09419141149e-23, 9.97576461347e-24, 2.7207534942e-23, 6.83029456101e-24, 7.98702733875e-24, 6.4959502236e-23, 5.98118819069e-23, 8.15799558501e-23, 7.21094850454e-23, 5.43575713904e-23, 1.10088404466e-22, 1.69379089129e-22, 1.43251435346e-22, 8.80111286027e-23, 1.08062533931e-22, 1.1183386966e-22, 2.27970249805e-22, 3.6550551068e-22, 2.17264082035e-22, 2.43034817279e-22, 5.06414218464e-22, 8.47422000831e-22, 8.3054315425e-22, 1.35931311017e-21, 1.76439098881e-21, 2.64122646997e-21],
        "stdev": [0.00256314943545, 0.0197981726378, 0.00715503795072, 0.00267168949358, 0.00806584022939, 0.00351609103382, 0.00199193251319, 0.00242580217309, 0.00149732886348, 0.00157934229355, 0.000867678551003, 0.000988253741525, 0.000584355555475, 0.000600614817813, 0.000795961765107, 0.000506163050886, 0.00049295561621, 0.000311638374114, 0.000311568612233, 0.000254580605542, 0.000260205473751, 0.000295349746011, 0.000249621080002, 0.000364666368114, 0.000373197166482, 0.000169737031683, 1.2828076251e-05],
        "var": [6.569735433e-06, 0.000391967623727, 5.1194565458e-05, 7.13792496754e-06, 6.50577858323e-05, 1.23628960864e-05, 3.96779478251e-06, 5.88451621297e-06, 2.24199357035e-06, 2.49432196142e-06, 7.52866071707e-07, 9.76645424089e-07, 3.41471405818e-07, 3.6073814158e-07, 6.3355508928e-07, 2.56201047932e-07, 2.43005246148e-07, 9.71184803689e-08, 9.70750022589e-08, 6.48112816748e-08, 6.77068854316e-08, 8.72314700473e-08, 6.23106828357e-08, 1.32981554657e-07, 1.39276124855e-07, 2.88106587476e-08, 1.64559532667e-10]
    },
    "erbbands": {
        "dmean": [0.450329989195, 2.12284207344, 2.95864057541, 3.54696011543, 7.02478456497, 15.4017295837, 16.5625553131, 14.8244791031, 14.455737114, 15.2480344772, 16.3075561523, 12.9679498672, 10.7993211746, 17.6649799347, 13.2778186798, 16.3400363922, 9.71765136719, 8.35435199738, 14.0422925949, 12.748005867, 9.95876789093, 7.52524089813, 5.87148141861, 5.1310377121, 4.95450687408, 3.4073176384, 3.5186612606, 3.18353748322, 2.93816590309, 2.28272223473, 2.36349010468, 2.25335431099, 1.96695351601, 1.50135111809, 0.85495364666, 0.265576899052, 0.0784106329083, 0.0125522036105, 0.000396117713535, 2.43783779297e-05],
        "dmean2": [0.65589427948, 3.28867673874, 4.98421049118, 6.38463687897, 11.4335708618, 25.2013149261, 27.8923168182, 25.7349014282, 24.551820755, 24.7451858521, 24.7059879303, 20.1857948303, 16.8663749695, 28.8700008392, 20.8109836578, 28.5656166077, 15.4012184143, 13.1277008057, 23.4129314423, 20.8816738129, 16.7868270874, 11.3807945251, 8.74758720398, 7.63006448746, 7.02643823624, 4.58591461182, 4.56116294861, 4.67888736725, 4.27636432648, 3.12782788277, 3.18636155128, 3.10140180588, 2.81214904785, 2.04020476341, 1.18260526657, 0.37702730298, 0.111240923405, 0.0182604622096, 0.000611152790952, 3.56041928171e-05],
        "dvar": [0.415120869875, 11.1926012039, 64.0096588135, 112.448760986, 111.331695557, 495.414825439, 1173.53869629, 1127.03833008, 924.109436035, 1219.80627441, 1075.26586914, 768.739746094, 615.167785645, 2598.47290039, 760.496154785, 1605.22460938, 492.441894531, 356.49810791, 1203.72790527, 912.955993652, 483.934265137, 322.363433838, 158.694030762, 136.950164795, 125.565544128, 68.0557327271, 67.0015258789, 88.3617782593, 78.4454727173, 32.4177894592, 34.3263587952, 31.479341507, 21.0619564056, 8.04190635681, 3.21444272995, 0.382058382034, 0.0409765467048, 0.000954717979766, 1.21855828183e-06, 1.128787952e-09],
        "dvar2": [1.12741696835, 34.4945259094, 173.203842163, 323.1769104, 280.320983887, 1222.37768555, 2981.95996094, 2989.89599609, 2464.31689453, 3164.85400391, 2336.77832031, 1669.58618164, 1399.43603516, 6911.04980469, 1696.35925293, 4144.5703125, 1144.05126953, 771.022216797, 3272.10888672, 2471.84008789, 1213.98706055, 628.316345215, 314.196502686, 288.065093994, 242.706771851, 112.435829163, 103.557052612, 196.714736938, 176.689529419, 61.8275756836, 71.690788269, 65.3459320068, 44.9247322083, 15.2690725327, 6.620865345, 0.772557020187, 0.0764140635729, 0.00177952670492, 2.84179759547e-06, 2.2663402266e-09],
        "max": [5.39853096008, 30.4235248566, 59.9210205078, 99.9177474976, 110.885772705, 231.769317627, 416.823059082, 282.155731201, 461.903320312, 676.395324707, 603.568237305, 418.188934326, 451.283569336, 830.232177734, 371.645446777, 539.077880859, 368.047607422, 179.976425171, 360.894104004, 354.175048828, 253.988433838, 307.113861084, 149.832794189, 146.182601929, 131.995513916, 84.9134674072, 83.0182723999, 159.353713989, 116.223602295, 76.2348861694, 75.1924667358, 95.3709411621, 62.5304870605, 42.561870575, 30.3403282166, 7.29421615601, 2.42530632019, 0.452310144901, 0.0162640307099, 0.000467303267214],
        "mean": [1.02002370358, 5.12813138962, 5.40986680984, 4.3632183075, 12.561249733, 27.2283725739, 27.2570533752, 16.0913047791, 18.9194469452, 22.5302715302, 25.9521846771, 20.1024417877, 15.9450130463, 23.7808094025, 18.7773571014, 19.5329113007, 15.2303905487, 13.5655765533, 18.1790466309, 16.4730377197, 13.7739982605, 11.6084165573, 8.08291149139, 7.45190429688, 7.1207318306, 5.19510126114, 5.32354879379, 4.5547118187, 3.99721121788, 3.3356320858, 3.33279681206, 3.68090963364, 3.26673984528, 2.64928197861, 1.43754029274, 0.419032305479, 0.123888254166, 0.0185346007347, 0.000531104393303, 7.60315015214e-05],
        "median": [0.76043254137, 4.29346752167, 2.92369198799, 1.77499043941, 6.16413784027, 14.6430892944, 10.583158493, 6.6277551651, 9.52096843719, 8.75340938568, 7.80127811432, 7.72242593765, 6.56624317169, 7.50999259949, 5.73628425598, 4.73261737823, 4.00022363663, 3.33151984215, 3.67404270172, 3.21730518341, 2.90828442574, 2.29632234573, 1.4508985281, 1.57857239246, 1.84187018871, 1.20696616173, 1.32912504673, 1.03490388393, 0.750075995922, 0.718041241169, 1.02894258499, 1.44405698776, 1.23684132099, 1.0680552721, 0.490760833025, 0.124414756894, 0.0314194783568, 0.00344807351939, 0.000113626963866, 6.13700249232e-05],
        "min": [8.22675749779e-22, 7.13196255054e-21, 1.45448934751e-20, 5.14429859113e-20, 5.85714119416e-20, 1.8905752506e-20, 2.10848418919e-20, 9.54452495682e-20, 6.65838258593e-19, 1.04100597372e-18, 1.81380628524e-18, 1.82122774969e-18, 1.90867645687e-18, 2.19514626699e-18, 2.46615172877e-18, 5.34071313164e-18, 8.95670091938e-18, 4.68630986954e-18, 6.85046374693e-18, 4.52950579031e-18, 6.65917574874e-18, 5.76502824815e-18, 1.30406818551e-17, 1.39458862789e-17, 1.88910184806e-17, 1.03255028534e-17, 1.01677826717e-17, 1.24899822264e-17, 1.69863606739e-17, 2.10915802991e-17, 2.30032013121e-17, 1.64836945962e-17, 1.50569486603e-17, 1.59648654093e-17, 8.95799628422e-18, 6.70046529619e-18, 2.79241699137e-18, 1.56266049939e-18, 3.00691035258e-19, 4.27818846788e-20],
        "stdev": [0.922256052494, 3.83048558235, 7.52978515625, 8.81953525543, 16.0079212189, 31.84416008, 43.3614730835, 30.1734886169, 29.9552326202, 39.8410797119, 47.6177215576, 38.4558486938, 29.4991779327, 54.5759887695, 33.7315368652, 42.0018196106, 28.1756267548, 25.6239490509, 37.8108825684, 34.4970626831, 27.0561332703, 24.9807033539, 17.2847747803, 15.7903366089, 15.3685674667, 11.9753084183, 11.9800758362, 11.0975093842, 10.3815345764, 7.66227912903, 7.36027288437, 7.2189540863, 6.20034694672, 4.40610980988, 2.66642212868, 0.870930314064, 0.292146444321, 0.0461674742401, 0.00143013929483, 5.0770224334e-05],
        "var": [0.850556194782, 14.6726198196, 56.6976623535, 77.7842102051, 256.253540039, 1014.05047607, 1880.21728516, 910.43939209, 897.315917969, 1587.31176758, 2267.44750977, 1478.85217285, 870.201538086, 2978.53857422, 1137.81652832, 1764.15270996, 793.865966797, 656.586791992, 1429.66296387, 1190.04736328, 732.034362793, 624.035522461, 298.763427734, 249.334732056, 236.192871094, 143.40802002, 143.522216797, 123.154724121, 107.776260376, 58.710521698, 54.173614502, 52.1132965088, 38.4443016052, 19.4138050079, 7.10980701447, 0.758519649506, 0.0853495448828, 0.00213143578731, 2.04529851544e-06, 2.57761567646e-09]
    },
    "gfcc": {
        "mean": [-1.52429246902, 103.940895081, -65.1161880493, 31.3310489655, -51.1011199951, 27.5806903839, -38.6458358765, 18.6813564301, -21.9372196198, 9.17761325836, -9.4273557663, 2.94933438301, -0.499547302723],
        "cov": [[7039.5, -2268.7668457, -1388.53356934, 41.2524375916, -561.71685791, 370.283416748, -475.760101318, 310.0597229, -404.245056152, 237.653564453, -318.038543701, 318.575164795, -215.324249268], [-2268.7668457, 1651.30944824, 431.264892578, -209.351409912, 293.725738525, -256.949768066, 230.050430298, -177.205429077, 197.520858765, -137.754638672, 168.099884033, -204.334411621, 118.162612915], [-1388.53356934, 431.264892578, 902.864868164, 74.0324478149, -21.5828037262, -48.0002250671, -9.08453655243, -13.8049840927, 98.0798568726, -12.5803289413, 59.1462860107, -73.5965652466, 26.9463577271], [41.2524375916, -209.351409912, 74.0324478149, 320.818237305, 4.9000620842, 15.870677948, -8.71818637848, 3.9275226593, -9.39210033417, -29.1068572998, 5.81152629852, 20.4595680237, -6.25189304352], [-561.71685791, 293.725738525, -21.5828037262, 4.9000620842, 338.120269775, -26.8467578888, 89.4352493286, -41.7985992432, 12.2451200485, -20.5917282104, 19.5620498657, -23.5578937531, 23.468706131], [370.283416748, -256.949768066, -48.0002250671, 15.870677948, -26.8467578888, 275.971557617, 23.5299243927, -20.8672027588, -34.1995429993, 46.6063652039, -15.6315832138, 10.6825962067, -5.83579683304], [-475.760101318, 230.050430298, -9.08453655243, -8.71818637848, 89.4352493286, 23.5299243927, 186.470230103, -22.8562602997, 17.9629516602, -27.3678741455, 39.3618507385, -18.6505489349, 14.6817884445], [310.0597229, -177.205429077, -13.8049840927, 3.9275226593, -41.7985992432, -20.8672027588, -22.8562602997, 202.312469482, -19.2019557953, 0.96238553524, -30.8199806213, 20.9501438141, -6.58489131927], [-404.245056152, 197.520858765, 98.0798568726, -9.39210033417, 12.2451200485, -34.1995429993, 17.9629516602, -19.2019557953, 137.038604736, 7.49861526489, 15.2784671783, -34.1558036804, 14.069811821], [237.653564453, -137.754638672, -12.5803289413, -29.1068572998, -20.5917282104, 46.6063652039, -27.3678741455, 0.96238553524, 7.49861526489, 101.79057312, -13.7702074051, -2.52499699593, -15.3511238098], [-318.038543701, 168.099884033, 59.1462860107, 5.81152629852, 19.5620498657, -15.6315832138, 39.3618507385, -30.8199806213, 15.2784671783, -13.7702074051, 83.8054351807, -4.50882291794, -0.939456403255], [318.575164795, -204.334411621, -73.5965652466, 20.4595680237, -23.5578937531, 10.6825962067, -18.6505489349, 20.9501438141, -34.1558036804, -2.52499699593, -4.50882291794, 103.981735229, -7.34022760391], [-215.324249268, 118.162612915, 26.9463577271, -6.25189304352, 23.468706131, -5.83579683304, 14.6817884445, -6.58489131927, 14.069811821, -15.3511238098, -0.939456403255, -7.34022760391, 90.3461227417]],
        "icov": [[0.000524636823684, -0.00030666711973, 0.000729685882106, -0.00039297924377, 0.00059624860296, -0.000563367910217, 0.000919721846003, -0.00052021862939, 0.000711128406692, -0.000870509014931, 0.0009403656004, -0.000850119045936, 0.000710040214472], [-0.00030666711973, 0.00407375022769, -0.00149481988046, 0.00286945351399, -0.00199724407867, 0.00249537662603, -0.00244219438173, 0.00195839302614, -0.00237719388679, 0.00391654903069, -0.00438170041889, 0.00470581045374, -0.00282243592665], [0.000729685882106, -0.00149481988046, 0.00267892586999, -0.00163906882517, 0.00143771967851, -0.00134191056713, 0.00215998478234, -0.00132381345611, 0.000810081663076, -0.00208521960303, 0.00134818651713, -0.00147187244147, 0.00128803192638], [-0.00039297924377, 0.00286945351399, -0.00163906882517, 0.00549885956571, -0.00179291365203, 0.00139933859464, -0.00159542961046, 0.00144946831279, -0.00182904838584, 0.00421388307586, -0.00335731543601, 0.00270753283985, -0.00171319837682], [0.00059624860296, -0.00199724407867, 0.00143771967851, -0.00179291365203, 0.00497425021604, -0.000954162387643, 0.000149004161358, -0.000693154404871, 0.00182854465675, -0.00256711896509, 0.00285183778033, -0.00224468065426, 0.00117817695718], [-0.000563367910217, 0.00249537662603, -0.00134191056713, 0.00139933859464, -0.000954162387643, 0.00636077485979, -0.00355724920519, 0.00222413148731, -0.000539727916475, 0.000319119397318, -0.00210829474963, 0.00302201812156, -0.00234851171263], [0.000919721846003, -0.00244219438173, 0.00215998478234, -0.00159542961046, 0.000149004161358, -0.00355724920519, 0.0101343514398, -0.00206800806336, 0.00123609567527, -0.00106298329774, 0.000238221153268, -0.00261012418196, 0.00198267772794], [-0.00052021862939, 0.00195839302614, -0.00132381345611, 0.00144946831279, -0.000693154404871, 0.00222413148731, -0.00206800806336, 0.00679943570867, -0.000963191385381, 0.00216834899038, -0.000413267378462, 0.00170628726482, -0.00149794167373], [0.000711128406692, -0.00237719388679, 0.000810081663076, -0.00182904838584, 0.00182854465675, -0.000539727916475, 0.00123609567527, -0.000963191385381, 0.0110320709646, -0.00465824082494, 0.0027236812748, -0.00132738298271, 0.00106576830149], [-0.000870509014931, 0.00391654903069, -0.00208521960303, 0.00421388307586, -0.00256711896509, 0.000319119397318, -0.00106298329774, 0.00216834899038, -0.00465824082494, 0.0168590843678, -0.00412760302424, 0.00542660988867, -0.00127733347472], [0.0009403656004, -0.00438170041889, 0.00134818651713, -0.00335731543601, 0.00285183778033, -0.00210829474963, 0.000238221153268, -0.000413267378462, 0.0027236812748, -0.00412760302424, 0.0207607001066, -0.00684563349932, 0.00492591457441], [-0.000850119045936, 0.00470581045374, -0.00147187244147, 0.00270753283985, -0.00224468065426, 0.00302201812156, -0.00261012418196, 0.00170628726482, -0.00132738298271, 0.00542660988867, -0.00684563349932, 0.0173972900957, -0.00375656597316], [0.000710040214472, -0.00282243592665, 0.00128803192638, -0.00171319837682, 0.00117817695718, -0.00234851171263, 0.00198267772794, -0.00149794167373, 0.00106576830149, -0.00127733347472, 0.00492591457441, -0.00375656597316, 0.0144233964384]]
    },
    "melbands": {
        "dmean": [0.00341074238531, 0.00160835997667, 0.000652782036923, 0.000803641392849, 0.000617096200585, 0.000322337902617, 0.000217456938117, 0.000176162313437, 0.000127595340018, 7.56954977987e-05, 5.62938075745e-05, 7.51311963541e-05, 4.47835409432e-05, 4.39464783994e-05, 3.72232825612e-05, 1.55940415425e-05, 1.64754910656e-05, 2.2083917429e-05, 2.236628643e-05, 1.50099358507e-05, 1.11588278742e-05, 8.3756785898e-06, 7.18456567483e-06, 4.87223587697e-06, 4.32089655078e-06, 4.19730940848e-06, 2.83829376713e-06, 2.42400255956e-06, 2.408563887e-06, 1.82038695584e-06, 2.05925539376e-06, 1.85571411748e-06, 1.42813723869e-06, 1.25086182834e-06, 1.29996237774e-06, 1.60377078373e-06, 1.40350857691e-06, 1.44066098073e-06, 1.37794722832e-06, 1.3574648392e-06],
        "dmean2": [0.00504694785923, 0.00255854311399, 0.00114097003825, 0.00132622208912, 0.00103438517544, 0.000556156563107, 0.000369212270016, 0.000281001150142, 0.000193330153706, 0.000118141440907, 8.82149179233e-05, 0.000122957470012, 7.10242748028e-05, 7.67608653405e-05, 6.19971760898e-05, 2.46582876571e-05, 2.60893793893e-05, 3.70645939256e-05, 3.81149875466e-05, 2.50835619227e-05, 1.8784607164e-05, 1.25136457427e-05, 1.17422396215e-05, 6.88387626724e-06, 6.65293691782e-06, 6.30624481346e-06, 3.96735549657e-06, 3.45581815964e-06, 3.27838574776e-06, 2.64248228632e-06, 3.24324150824e-06, 2.83143913293e-06, 1.94302106138e-06, 1.80488098067e-06, 1.84803457159e-06, 2.19582557293e-06, 2.05614674087e-06, 2.11819042306e-06, 1.99710757443e-06, 1.89438878806e-06],
        "dvar": [2.35597053688e-05, 9.33544379222e-06, 2.75617662737e-06, 1.19226388051e-06, 1.37216261464e-06, 4.99035479606e-07, 1.99414429858e-07, 1.48722591575e-07, 6.25898408657e-08, 2.46213396338e-08, 1.74010068577e-08, 4.78946056148e-08, 8.67193783449e-09, 1.14512053173e-08, 9.10545683297e-09, 1.12812403863e-09, 1.48047807347e-09, 2.96307400838e-09, 3.76382613965e-09, 1.1221706897e-09, 6.25752061278e-10, 4.39416170117e-10, 2.27241420125e-10, 1.19681375921e-10, 9.87514722772e-11, 9.73858563236e-11, 4.51488603448e-11, 3.92358437407e-11, 3.57641277704e-11, 1.75819185599e-11, 4.43379916115e-11, 3.44652015261e-11, 1.24550526143e-11, 9.77164790056e-12, 1.20509461785e-11, 1.19003903953e-11, 1.51431766432e-11, 1.23579427941e-11, 7.7306000143e-12, 6.84837603293e-12],
        "dvar2": [6.9357760367e-05, 2.42036112468e-05, 7.83353425504e-06, 2.94320398098e-06, 3.42688576893e-06, 1.31345097998e-06, 5.36112054306e-07, 3.6266945358e-07, 1.35398792622e-07, 5.44746932007e-08, 4.02928250764e-08, 1.26964991409e-07, 2.00778309534e-08, 2.95974658115e-08, 2.22020126728e-08, 2.52336884721e-09, 3.21721138619e-09, 7.88534393337e-09, 1.08394209164e-08, 2.79510259382e-09, 1.58325008659e-09, 8.58151327776e-10, 5.39090050378e-10, 2.19230689158e-10, 2.26017232707e-10, 2.10744310891e-10, 8.7574815455e-11, 7.99469587753e-11, 5.99235661092e-11, 3.38143436862e-11, 1.05906165782e-10, 8.31831062365e-11, 2.24140480481e-11, 2.00389392579e-11, 2.69882814014e-11, 2.30973521559e-11, 3.33793132024e-11, 2.78779881124e-11, 1.50432444279e-11, 1.42180989204e-11],
        "max": [0.0386400297284, 0.0241705104709, 0.0146361682564, 0.0136745171621, 0.0138658862561, 0.0057711484842, 0.0066614896059, 0.00708171585575, 0.00453964760527, 0.00224657403305, 0.00239190948196, 0.00358385057189, 0.00107154692523, 0.00151456112508, 0.00154175143689, 0.0004586589057, 0.000454942259239, 0.000678999931552, 0.000583003566135, 0.000408006715588, 0.000273238692898, 0.000393557857024, 0.000183934374945, 0.00012741748651, 0.000126435450511, 0.000120563585369, 7.53486165195e-05, 6.89993030392e-05, 5.9753198002e-05, 5.11184589413e-05, 0.000114566173579, 8.13043079688e-05, 3.56528398697e-05, 4.7641704441e-05, 5.01346439705e-05, 4.22492448706e-05, 7.19993549865e-05, 5.02191724081e-05, 4.75962478959e-05, 3.21708648698e-05],
        "mean": [0.00839819945395, 0.00409063277766, 0.00093014241429, 0.00152771244757, 0.00104662438389, 0.000359425728675, 0.000286163762212, 0.000261135341134, 0.000204186799238, 0.000113569527457, 7.89372352301e-05, 9.89137552097e-05, 6.16605466348e-05, 5.38138665434e-05, 4.50589723187e-05, 2.76144273812e-05, 2.48124124482e-05, 2.77661620203e-05, 2.59029984591e-05, 2.04112384381e-05, 1.50461237354e-05, 1.28797028083e-05, 8.59486317495e-06, 6.55727080812e-06, 5.90128047406e-06, 5.65698292121e-06, 4.10072061641e-06, 3.28634132529e-06, 3.38316863235e-06, 2.9035429634e-06, 2.60716956291e-06, 2.34331537285e-06, 2.0063384909e-06, 1.76621847459e-06, 1.76584831024e-06, 2.25414737542e-06, 2.24405175686e-06, 2.25111830332e-06, 2.25094277084e-06, 2.26978272622e-06],
        "median": [0.00656871730462, 0.00315442797728, 0.000481146620587, 0.000904132786673, 0.00043922723853, 0.000153675762704, 0.000143633951666, 9.22403487493e-05, 6.43997409497e-05, 4.11596338381e-05, 2.91894793918e-05, 2.88631999865e-05, 1.70073581103e-05, 1.44017185448e-05, 1.00426123026e-05, 7.18518185749e-06, 5.39904976904e-06, 5.73573652218e-06, 4.59446664536e-06, 3.66704057342e-06, 2.89623631033e-06, 2.20357514991e-06, 1.47808441398e-06, 1.09662744308e-06, 1.2409387864e-06, 1.41631915085e-06, 9.86596205621e-07, 6.71359714488e-07, 7.71486611484e-07, 7.33163346922e-07, 5.24872916685e-07, 3.6783910673e-07, 3.8655596768e-07, 3.77168163368e-07, 4.536528877e-07, 8.37426625822e-07, 8.76070544109e-07, 7.87096666954e-07, 8.62018680436e-07, 8.34727018173e-07],
        "min": [9.32874642103e-24, 8.76751448546e-24, 9.60016505953e-24, 2.2332163133e-24, 7.96278909439e-25, 2.4474636382e-24, 1.11532373333e-23, 1.09304480253e-23, 1.66366536617e-23, 1.02962835324e-23, 9.97062439581e-24, 9.59234823682e-24, 7.52363387694e-24, 9.59456335824e-24, 2.12021640625e-23, 1.36308411773e-23, 9.03419443649e-24, 1.29071046841e-23, 6.84120371847e-24, 6.16467897273e-24, 7.58112527085e-24, 5.00152250065e-24, 1.01522217539e-23, 1.11821948394e-23, 1.11505425844e-23, 1.49949299883e-23, 9.3527893237e-24, 6.73808934296e-24, 7.06114602745e-24, 4.97209246686e-24, 7.8400262645e-24, 9.10030255807e-24, 1.05644583749e-23, 1.26739576324e-23, 1.30072624089e-23, 1.31324885556e-23, 9.00081299843e-24, 9.26754738087e-24, 1.29476126916e-23, 1.42169995397e-23],
        "stdev": [0.00643368903548, 0.00349500775337, 0.00144118512981, 0.00167627865449, 0.00155617692508, 0.000650028290693, 0.000442687130999, 0.000469917285955, 0.000366597116226, 0.000215466847294, 0.00015383164282, 0.000234885490499, 0.000113519046863, 0.000108236730739, 0.000105555729533, 4.84439078718e-05, 5.0868748076e-05, 5.9007852542e-05, 6.0764959926e-05, 4.12816516473e-05, 3.12824013236e-05, 2.92636323138e-05, 1.82701842277e-05, 1.50967198351e-05, 1.26842005557e-05, 1.22489618661e-05, 9.21751325222e-06, 8.07625929156e-06, 8.11763584352e-06, 5.93572485741e-06, 7.20041998648e-06, 6.44382544124e-06, 4.79563050249e-06, 4.07341167374e-06, 4.16833290728e-06, 4.48152559329e-06, 4.72645115224e-06, 4.4248336053e-06, 4.1462462832e-06, 3.83538053939e-06],
        "var": [4.13923553424e-05, 1.2215078641e-05, 2.07701464205e-06, 2.8099100291e-06, 2.42168653131e-06, 4.22536800215e-07, 1.95971907146e-07, 2.20822258257e-07, 1.34393445705e-07, 4.64259599653e-08, 2.36641763962e-08, 5.5171195612e-08, 1.2886573586e-08, 1.17151905954e-08, 1.11420117577e-08, 2.34681230005e-09, 2.58762944405e-09, 3.48192652488e-09, 3.69238040143e-09, 1.70417469025e-09, 9.78588543532e-10, 8.56360149459e-10, 3.33799599073e-10, 2.2791094012e-10, 1.60888954936e-10, 1.50037066105e-10, 8.49625439447e-11, 6.52259635192e-11, 6.58960108701e-11, 3.5232830542e-11, 5.18460448184e-11, 4.15228858242e-11, 2.29980739314e-11, 1.65926838241e-11, 1.7374999009e-11, 2.00840715586e-11, 2.23393421817e-11, 1.95791525354e-11, 1.71913577124e-11, 1.47101428261e-11]
    },
    "melbands128": {
