{
"lowlevel": {
    "average_loudness": 0.978344261646,
    "barkbands_crest": {
        "dmean": 1.5693103075,
        "dmean2": 2.45362114906,
        "dvar": 2.66455841064,
        "dvar2": 5.67947626114,
        "max": 22.3363265991,
        "mean": 12.2064695358,
        "median": 11.9731168747,
        "min": 4.10551166534,
        "stdev": 3.56522464752,
        "var": 12.7108268738
    },
    "barkbands_flatness_db": {
        "dmean": 0.0250746812671,
        "dmean2": 0.0345946326852,
        "dvar": 0.000773278356064,
        "dvar2": 0.00127408676781,
        "max": 0.345346003771,
        "mean": 0.169967204332,
        "median": 0.163516819477,
        "min": 0.0429696328938,
        "stdev": 0.0509763881564,
        "var": 0.00259859208018
    },
    "barkbands_kurtosis": {
        "dmean": 2.48553729057,
        "dmean2": 4.00650596619,
        "dvar": 11.5339918137,
        "dvar2": 28.7549495697,
        "max": 33.6814155579,
        "mean": 4.67839574814,
        "median": 3.48104143143,
        "min": -1.42225813866,
        "stdev": 4.63610982895,
        "var": 21.4935131073
    },
    "barkbands_skewness": {
        "dmean": 0.436363965273,
        "dmean2": 0.668683886528,
        "dvar": 0.234134614468,
        "dvar2": 0.513893008232,
        "max": 5.37540435791,
        "mean": 1.82140779495,
        "median": 1.76401412487,
        "min": -1.87964129448,
        "stdev": 0.808759331703,
        "var": 0.654091656208
    },
    "barkbands_spread": {
        "dmean": 6.92522096634,
        "dmean2": 11.0346736908,
        "dvar": 94.5195007324,
        "dvar2": 208.923309326,
        "max": 81.1615982056,
        "mean": 18.9890480042,
        "median": 16.7348690033,
        "min": 3.60709762573,
        "stdev": 11.7642297745,
        "var": 138.397094727
    },
    "dissonance": {
        "dmean": 0.031824734062,
        "dmean2": 0.0524739958346,
        "dvar": 0.000798179185949,
        "dvar2": 0.00204686354846,
        "max": 0.499302297831,
        "mean": 0.431362509727,
        "median": 0.439631700516,
        "min": 0.254512071609,
        "stdev": 0.0431334525347,
        "var": 0.00186049472541
    },
    "dynamic_complexity": 1.53601443768,
    "erbbands_crest": {
        "dmean": 2.43119430542,
        "dmean2": 3.8150844574,
        "dvar": 4.88445711136,
        "dvar2": 12.2163925171,
        "max": 23.9238967896,
        "mean": 9.49455451965,
        "median": 8.85380649567,
        "min": 3.00098133087,
        "stdev": 3.52013587952,
        "var": 12.3913564682
    },
    "erbbands_flatness_db": {
        "dmean": 0.0207396224141,
        "dmean2": 0.0294477753341,
        "dvar": 0.000468425161671,
        "dvar2": 0.000795815547463,
        "max": 0.29096019268,
        "mean": 0.157367542386,
        "median": 0.153307288885,
        "min": 0.0728656351566,
        "stdev": 0.0400935560465,
        "var": 0.00160749314819
    },
    "erbbands_kurtosis": {
        "dmean": 1.56796276569,
        "dmean2": 2.52648425102,
        "dvar": 3.14566016197,
        "dvar2": 7.64596033096,
        "max": 16.0466251373,
        "mean": 1.88312673569,
        "median": 1.14667844772,
        "min": -1.77903962135,
        "stdev": 2.83092999458,
        "var": 8.01416397095
    },
    "erbbands_skewness": {
        "dmean": 0.436391115189,
        "dmean2": 0.694928407669,
        "dvar": 0.165766149759,
        "dvar2": 0.402363657951,
        "max": 3.70686602592,
        "mean": 0.91418492794,
        "median": 0.92685431242,
        "min": -1.69922280312,
        "stdev": 0.680719852448,
        "var": 0.463379532099
    },
    "erbbands_spread": {
        "dmean": 12.9555425644,
        "dmean2": 20.2547187805,
        "dvar": 253.151672363,
        "dvar2": 565.288085938,
        "max": 129.450286865,
        "mean": 34.7118148804,
        "median": 29.9423522949,
        "min": 6.50825023651,
        "stdev": 20.6995449066,
        "var": 428.471191406
    },
    "hfc": {
        "dmean": 13.0135164261,
        "dmean2": 20.5349941254,
        "dvar": 336.991546631,
        "dvar2": 675.975646973,
        "max": 155.520462036,
        "mean": 31.1369514465,
        "median": 26.4584102631,
        "min": 1.1447731015e-16,
        "stdev": 23.188501358,
        "var": 537.706604004
    },
    "loudness_ebu128": {
        "integrated": -8.74972629547,
        "loudness_range": 1.52427196503,
        "momentary": {
            "dmean": 0.33252042532,
            "dmean2": 0.345838814974,
            "dvar": 0.0885981246829,
            "dvar2": 0.118094749749,
            "max": -6.92352199554,
            "mean": -8.89821720123,
            "median": -8.6320066452,
            "min": -14.1890726089,
            "stdev": 1.21800422668,
            "var": 1.48353433609
        },
        "short_term": {
            "dmean": 0.0485174208879,
            "dmean2": 0.0408136285841,
            "dvar": 0.00150981044862,
            "dvar2": 0.00129019434098,
            "max": -7.92182540894,
            "mean": -8.76372718811,
            "median": -8.65574645996,
            "min": -10.324968338,
            "stdev": 0.542283058167,
            "var": 0.294070899487
        }
    },
    "melbands_crest": {
        "dmean": 2.31283307076,
        "dmean2": 3.61336183548,
        "dvar": 6.94825363159,
        "dvar2": 17.3487510681,
        "max": 33.3646583557,
        "mean": 21.4478797913,
        "median": 22.3446731567,
        "min": 1.75974726677,
        "stdev": 5.74137830734,
        "var": 32.9634246826
    },
    "melbands_flatness_db": {
        "dmean": 0.0332870669663,
        "dmean2": 0.0446705818176,
        "dvar": 0.00137003918644,
        "dvar2": 0.00220924499445,
        "max": 0.45050945878,
        "mean": 0.253671377897,
        "median": 0.246851220727,
        "min": 0.00422158278525,
        "stdev": 0.0666049569845,
        "var": 0.00443622004241
    },
    "melbands_kurtosis": {
        "dmean": 5.73097801208,
        "dmean2": 8.57931232452,
        "dvar": 72.2493209839,
        "dvar2": 147.232223511,
        "max": 102.371833801,
        "mean": 11.9238071442,
        "median": 8.77930736542,
        "min": -1.25864624977,
        "stdev": 11.979598999,
        "var": 143.510803223
    },
    "melbands_skewness": {
        "dmean": 0.645740807056,
        "dmean2": 0.944323182106,
        "dvar": 0.479017972946,
        "dvar2": 0.909430086613,
        "max": 9.24358177185,
        "mean": 2.58714318275,
        "median": 2.45401906967,
        "min": -0.0633958354592,
        "stdev": 1.22123908997,
        "var": 1.49142503738
    },
    "melbands_spread": {
        "dmean": 4.69794893265,
        "dmean2": 7.1640496254,
        "dvar": 56.405090332,
        "dvar2": 100.608856201,
        "max": 136.496749878,
        "mean": 16.8606281281,
        "median": 15.62748909,
        "min": 3.30499410629,
        "stdev": 10.0830640793,
        "var": 101.668190002
    },
    "pitch_salience": {
        "dmean": 0.0503414906561,
        "dmean2": 0.0816968753934,
        "dvar": 0.00227421685122,
        "dvar2": 0.00559398019686,
        "max": 0.859580159187,
        "mean": 0.450295239687,
        "median": 0.433573663235,
        "min": 0.237710848451,
        "stdev": 0.101596482098,
        "var": 0.0103218453005
    },
    "silence_rate_20dB": {
        "dmean": 0,
        "dmean2": 0,
        "dvar": 0,
        "dvar2": 0,
        "max": 1,
        "mean": 1,
        "median": 1,
        "min": 1,
        "stdev": 0,
        "var": 0
    },
    "silence_rate_30dB": {
        "dmean": 0.0216718260199,
        "dmean2": 0.0433772280812,
        "dvar": 0.0212019793689,
        "dvar2": 0.0523395501077,
        "max": 1,
        "mean": 0.979118347168,
        "median": 1,
        "min": 0,
        "stdev": 0.142988279462,
        "var": 0.0204456467181
    },
    "silence_rate_60dB": {
        "dmean": 0.00541795650497,
        "dmean2": 0.0100697129965,
        "dvar": 0.00538865989074,
        "dvar2": 0.0099682258442,
        "max": 1,
        "mean": 0.00696055684239,
        "median": 0,
        "min": 0,
        "stdev": 0.0831393748522,
        "var": 0.00691215600818
    },
    "spectral_centroid": {
        "dmean": 244.95892334,
        "dmean2": 370.601654053,
        "dvar": 184796.265625,
        "dvar2": 306084.625,
        "max": 10783.2324219,
        "mean": 1013.54986572,
        "median": 905.929931641,
        "min": 365.882873535,
        "stdev": 544.932128906,
        "var": 296951.03125
    },
    "spectral_complexity": {
        "dmean": 3.46981430054,
        "dmean2": 5.16653776169,
        "dvar": 24.4084281921,
        "dvar2": 35.7855567932,
        "max": 59,
        "mean": 18.5769519806,
        "median": 17,
        "min": 0,
        "stdev": 7.87447786331,
        "var": 62.0074005127
    },
    "spectral_decrease": {
        "dmean": 2.13500683799e-09,
        "dmean2": 3.24827120757e-09,
        "dvar": 5.82347269433e-18,
        "dvar2": 1.30319112591e-17,
        "max": -9.07991408417e-30,
        "mean": -1.6944762038e-08,
        "median": -1.78396728501e-08,
        "min": -3.3114460507e-08,
        "stdev": 5.83979176128e-09,
        "var": 3.41031677305e-17
    },
    "spectral_energy": {
        "dmean": 0.00861817691475,
        "dmean2": 0.0131508037448,
        "dvar": 9.17878642213e-05,
        "dvar2": 0.000199662099476,
        "max": 0.131804659963,
        "mean": 0.0667776241899,
        "median": 0.070143610239,
        "min": 1.0417702466e-20,
        "stdev": 0.0229511484504,
        "var": 0.000526755175088
    },
    "spectral_energyband_high": {
        "dmean": 0.00139412796125,
        "dmean2": 0.00231700227596,
        "dvar": 5.20252569913e-06,
        "dvar2": 1.13875685201e-05,
        "max": 0.016887485981,
        "mean": 0.00146109436173,
        "median": 0.000594917335548,
        "min": 7.70083259081e-21,
        "stdev": 0.00240956712514,
        "var": 5.80601408728e-06
    },
    "spectral_energyband_low": {
        "dmean": 0.00440534111112,
        "dmean2": 0.00717690447345,
        "dvar": 4.75390334032e-05,
        "dvar2": 0.000121408731502,
        "max": 0.100651919842,
        "mean": 0.0382191166282,
        "median": 0.0444173999131,
        "min": 6.08665005847e-23,
        "stdev": 0.016140487045,
        "var": 0.000260515342234
    },
    "spectral_energyband_middle_high": {
        "dmean": 0.00216941977851,
        "dmean2": 0.00297870533541,
        "dvar": 9.21210903471e-06,
        "dvar2": 1.50920595843e-05,
        "max": 0.0500608868897,
        "mean": 0.00665521342307,
        "median": 0.00432871701196,
        "min": 1.42421205313e-21,
        "stdev": 0.00635067839175,
        "var": 4.03311132686e-05
    },
    "spectral_energyband_middle_low": {
        "dmean": 0.00586025975645,
        "dmean2": 0.00865207333118,
        "dvar": 3.85288949474e-05,
        "dvar2": 8.00237394287e-05,
        "max": 0.0853444039822,
        "mean": 0.0208274498582,
        "median": 0.0187022294849,
        "min": 3.45478692568e-22,
        "stdev": 0.0117694716901,
        "var": 0.000138520466862
    },
    "spectral_entropy": {
        "dmean": 0.302223145962,
        "dmean2": 0.430610537529,
        "dvar": 0.0964283272624,
        "dvar2": 0.165809229016,
        "max": 9.80527877808,
        "mean": 7.35604333878,
        "median": 7.32437467575,
        "min": 6.01418018341,
        "stdev": 0.489134192467,
        "var": 0.239252269268
    },
    "spectral_flux": {
        "dmean": 0.0263670869172,
        "dmean2": 0.0418975092471,
        "dvar": 0.000774419342633,
        "dvar2": 0.00169782270677,
        "max": 0.304744452238,
        "mean": 0.0899293869734,
        "median": 0.0816455930471,
        "min": 1.02067146401e-10,
        "stdev": 0.0385172329843,
        "var": 0.00148357718717
    },
    "spectral_kurtosis": {
        "dmean": 3.39656376839,
        "dmean2": 5.12122631073,
        "dvar": 23.5744972229,
        "dvar2": 49.6430892944,
        "max": 52.7460021973,
        "mean": 5.98969268799,
        "median": 4.35533571243,
        "min": -1.15725779533,
        "stdev": 6.57334709167,
        "var": 43.2088890076
    },
    "spectral_rms": {
        "dmean": 0.000533532118425,
        "dmean2": 0.000804139883257,
        "dvar": 4.0303308424e-07,
        "dvar2": 7.78697938131e-07,
        "max": 0.0113397492096,
        "mean": 0.00789939891547,
        "median": 0.00827241130173,
        "min": 3.18804206124e-12,
        "stdev": 0.00165779492818,
        "var": 2.74828403235e-06
    },
    "spectral_rolloff": {
        "dmean": 301.680755615,
        "dmean2": 495.146972656,
        "dvar": 757978.375,
        "dvar2": 1444477,
        "max": 18346.2890625,
        "mean": 802.490356445,
        "median": 624.462890625,
        "min": 64.599609375,
        "stdev": 890.423156738,
        "var": 792853.4375
    },
    "spectral_skewness": {
        "dmean": 0.499613583088,
        "dmean2": 0.729136824608,
        "dvar": 0.286739468575,
        "dvar2": 0.548429906368,
        "max": 5.53798007965,
        "mean": 1.94235408306,
        "median": 1.86259078979,
        "min": 0.00456804595888,
        "stdev": 0.798415482044,
        "var": 0.637467265129
    },
    "spectral_spread": {
        "dmean": 1250065.875,
        "dmean2": 1777668.375,
        "dvar": 2.56410936934e+12,
        "dvar2": 3.90573509837e+12,
        "max": 39571248,
        "mean": 5409180.5,
        "median": 5221331.5,
        "min": 1108360,
        "stdev": 2171601,
        "var": 4.71585102234e+12
    },
    "spectral_strongpeak": {
        "dmean": 0.201918944716,
        "dmean2": 0.362529933453,
        "dvar": 0.443065643311,
        "dvar2": 1.13022387028,
        "max": 7.1254491806,
        "mean": 0.600196778774,
        "median": 0.491623967886,
        "min": 0,
        "stdev": 0.705797433853,
        "var": 0.49815005064
    },
    "zerocrossingrate": {
        "dmean": 0.0114069608971,
        "dmean2": 0.0145205995068,
        "dvar": 0.000292403972708,
        "dvar2": 0.000358248013072,
        "max": 0.48876953125,
        "mean": 0.0386244431138,
        "median": 0.03515625,
        "min": 0.00244140625,
        "stdev": 0.0246043838561,
        "var": 0.000605375680607
    },
    "barkbands": {
        "dmean": [0.00179845502134, 0.00327496114187, 0.000754554697778, 0.000835688668303, 0.00137700117193, 0.00142609479371, 0.00251441751607, 0.0012598055182, 0.00248140236363, 0.000953512673732, 0.000575037149247, 0.000576915976126, 0.000340399739798, 0.00040060991887, 0.000283572153421, 0.000152646578499, 0.000102530531876, 0.000144317600643, 7.75246880949e-05, 0.000107777355879, 0.000149373707245, 0.000394096132368, 0.000417596980697, 0.000263945839833, 0.000146105303429, 3.88056323573e-05, 1.46943091295e-06],
        "dmean2": [0.00312658422627, 0.005363100674, 0.00127548666205, 0.00146735971794, 0.00231940788217, 0.00228317384608, 0.00387521134689, 0.00184005731717, 0.00353466602974, 0.00131011370104, 0.000812357291579, 0.000849995180033, 0.000473532592878, 0.000598158396315, 0.000433665700257, 0.000230351826758, 0.000151934829773, 0.000212967323023, 0.000120613367471, 0.000164334429428, 0.000237108572037, 0.000673598202411, 0.000727519043721, 0.000443865486886, 0.000230093719438, 6.03482149018e-05, 2.47530510933e-06],
        "dvar": [8.88956947165e-06, 2.83896424662e-05, 1.60107663305e-06, 1.567064146e-06, 3.04838204102e-06, 4.80071821585e-06, 1.01467021523e-05, 5.64399124414e-06, 1.80130700755e-05, 2.98840882351e-06, 2.14691840483e-06, 1.31219462673e-06, 4.01011760687e-07, 5.5325580206e-07, 3.2900246083e-07, 1.00695302763e-07, 3.82009979205e-08, 7.73776278606e-08, 3.12895949151e-08, 4.35204370319e-08, 1.23558010046e-07, 4.16775179701e-07, 4.39520334794e-07, 1.66069568763e-07, 8.2515263955e-08, 6.78042955116e-09, 1.5284553137e-11],
        "dvar2": [2.34568215092e-05, 7.4909243267e-05, 4.42825376012e-06, 4.93341485708e-06, 8.20730292617e-06, 1.25083906823e-05, 2.30804162129e-05, 1.15202001325e-05, 3.50004011125e-05, 4.53110578746e-06, 4.63307242171e-06, 2.45558339884e-06, 7.00636519468e-07, 1.05328592781e-06, 7.7505524132e-07, 2.24885070566e-07, 7.41446015695e-08, 1.74323176338e-07, 7.16897829989e-08, 8.87730706722e-08, 2.23547630185e-07, 9.93199250843e-07, 1.12667669327e-06, 3.65429372096e-07, 1.39424642498e-07, 1.34643300953e-08, 3.90236731818e-11],
        "max": [0.0358787439764, 0.076623737812, 0.0142029589042, 0.0106074828655, 0.0228032618761, 0.0349655896425, 0.0346057973802, 0.0403886586428, 0.059203915298, 0.045536685735, 0.0276896487921, 0.0189910456538, 0.0114208171144, 0.0109112290666, 0.00669109402224, 0.00532479211688, 0.00246472423896, 0.00352084869519, 0.00342561607249, 0.00284208217636, 0.00314658554271, 0.00449020555243, 0.0038970450405, 0.00269262632355, 0.00509021803737, 0.0012055223342, 4.61230592919e-05],
        "mean": [0.00793012790382, 0.0284197572619, 0.00170275103301, 0.00152746960521, 0.00291870441288, 0.00319850631058, 0.00509844115004, 0.00228461343795, 0.00524806184694, 0.00201206444763, 0.00111647299491, 0.00101401284337, 0.000674085284118, 0.000721461838111, 0.000476531218737, 0.000294146535452, 0.000187670404557, 0.000262379209744, 0.00014332421415, 0.000196882901946, 0.000182903633686, 0.000304081797367, 0.000353841023752, 0.000274538586382, 0.000181668918231, 5.16561703989e-05, 1.56150815656e-06],
        "median": [0.00583115639165, 0.0293466299772, 0.00153141154442, 0.00124148174655, 0.00231733708642, 0.00202057976276, 0.00353848515078, 0.00111188692972, 0.00259405444376, 0.000888393435162, 0.000330299983034, 0.000272066885373, 0.000243731672526, 0.000272932666121, 0.000142613323987, 7.52341366024e-05, 7.06086066202e-05, 0.000113772854093, 3.84185041185e-05, 9.46036016103e-05, 5.62896930205e-05, 3.53820469172e-05, 9.4086433819e-05, 0.000108677253593, 7.67721649026e-05, 2.3378921469e-05, 2.57730249587e-07],
        "min": [2.41990671518e-23, 2.31582140968e-23, 1.36140037301e-23, 8.8295771311e-25, 4.50061460072e-23, 5.90045174802e-23, 6.98030135308e-23, 5.39747529703e-23, 9.76187539198e-23, 4.75628599783e-23, 4.45775704992e-23, 1.04705116675e-22, 1.04819469952e-22, 1.03812631001e-22, 1.255049175e-22, 1.42150993316e-22, 1.26224068344e-22, 2.26760629426e-22, 2.67335014821e-22, 3.90202965952e-22, 3.44061166319e-22, 4.51577505582e-22, 7.13528197626e-22, 1.16062446839e-21, 9.92741438196e-22, 1.66165428835e-21, 2.33989826492e-21],
        "stdev": [0.00762889534235, 0.013041912578, 0.00146698567551, 0.00144171784632, 0.00257448037155, 0.0035437126644, 0.00509961601347, 0.00344703206792, 0.00679900916293, 0.00370489363559, 0.00220274715684, 0.00180087971967, 0.00126861128956, 0.00123199156951, 0.000874387682416, 0.000577892584261, 0.000301144289551, 0.000412029272411, 0.000298439117614, 0.000289135146886, 0.000417044735514, 0.000625689513981, 0.000601245323196, 0.000429701263783, 0.000356871692929, 9.6639705589e-05, 3.96839095629e-06],
        "var": [5.82000466238e-05, 0.000170091472683, 2.15204704546e-06, 2.07855032386e-06, 6.62794900563e-06, 1.25578990264e-05, 2.60060824075e-05, 1.18820307762e-05, 4.62265234091e-05, 1.37262368298e-05, 4.85209466206e-06, 3.2431676118e-06, 1.60937452165e-06, 1.51780318447e-06, 7.64553817589e-07, 3.33959832233e-07, 9.06878767637e-08, 1.69768128444e-07, 8.90658995445e-08, 8.35991258441e-08, 1.73926309799e-07, 3.91487390061e-07, 3.61495921197e-07, 1.84643184298e-07, 1.27357409951e-07, 9.33923249846e-09, 1.57481284957e-11]
    },
    "erbbands": {
        "dmean": [0.184208899736, 0.47247672081, 0.7373945117, 2.04976344109, 3.26776146889, 4.76215553284, 9.20025253296, 13.0975990295, 33.5184440613, 29.1387767792, 44.7826347351, 48.4495582581, 29.7988166809, 18.2058887482, 21.6695480347, 21.2203655243, 14.8812217712, 17.5185222626, 18.1542282104, 11.4533290863, 6.63671398163, 5.98885393143, 7.82401752472, 5.0583562851, 3.91615009308, 5.38386297226, 5.80401182175, 6.30398321152, 9.78642940521, 16.227268219, 12.3570537567, 6.92634677887, 3.81653213501, 2.15639352798, 0.806120216846, 0.255699634552, 0.0543206445873, 0.00674453517422, 0.000187777070096, 1.71454375959e-05],
        "dmean2": [0.300204128027, 0.776145339012, 1.23917019367, 3.58360815048, 5.70400381088, 8.05537700653, 14.8762178421, 20.3361911774, 52.7010993958, 42.6335220337, 62.7147750854, 70.4739685059, 41.6149330139, 24.9601631165, 30.227273941, 31.1041946411, 21.0375518799, 24.5152511597, 28.0021629333, 17.0831756592, 9.61915016174, 8.81184387207, 11.4268770218, 7.6924161911, 5.87308454514, 8.244764328, 8.6410484314, 10.384885788, 16.5802783966, 28.6929759979, 21.5220088959, 11.8915405273, 6.31524181366, 3.45542311668, 1.25153446198, 0.400009095669, 0.0832738354802, 0.0103401029482, 0.000296188954962, 2.61944023805e-05],
        "dvar": [0.110787957907, 0.59349822998, 1.92332041264, 8.69848251343, 19.1395225525, 41.6684837341, 152.040924072, 432.875061035, 2160.63964844, 1970.49462891, 6454.39941406, 7157.01416016, 2954.68334961, 1011.7109375, 3312.47338867, 1859.8092041, 780.882385254, 1084.69995117, 1095.52966309, 521.534545898, 199.586486816, 128.361282349, 217.799301147, 132.796554565, 76.3830184937, 122.074157715, 208.009292603, 198.636138916, 326.010284424, 676.34197998, 385.189025879, 117.662117004, 34.5492019653, 13.5431346893, 4.92522335052, 0.294346868992, 0.0160566028208, 0.000288962910417, 2.28711257932e-07, 5.59681245793e-10],
        "dvar2": [0.280140340328, 1.59295928478, 5.43697977066, 26.6171417236, 58.412563324, 115.997879028, 408.309844971, 1093.20251465, 5116.86035156, 4180.86376953, 12290.8818359, 14755.5039062, 4877.390625, 1897.45239258, 7313.4453125, 3517.22583008, 1386.52441406, 2074.39526367, 2361.70581055, 1065.61218262, 432.652893066, 259.509277344, 442.970947266, 320.960540771, 164.882049561, 263.478485107, 384.308197021, 389.544525146, 675.131713867, 1732.23840332, 987.387207031, 273.712677002, 72.0142745972, 26.9048194885, 8.6717338562, 0.553502440453, 0.0322861634195, 0.000630307709798, 5.31690375283e-07, 1.111170711e-09],
        "max": [4.73701810837, 11.1263647079, 18.1530437469, 30.1436634064, 45.5650939941, 78.1016540527, 148.105392456, 346.174591064, 556.518249512, 637.096252441, 1122.94104004, 942.384155273, 1103.14892578, 659.902954102, 1101.18200684, 736.805419922, 529.918762207, 537.095214844, 440.445037842, 466.952880859, 338.221466064, 145.161880493, 206.399749756, 259.604492188, 189.33833313, 125.427711487, 149.923156738, 129.236083984, 151.495941162, 112.121383667, 116.57510376, 67.0581588745, 46.4944419861, 35.1766738892, 61.1198921204, 10.862247467, 1.38772916794, 0.245334103703, 0.00594594329596, 0.000288908166112],
        "mean": [1.59997701645, 3.29045033455, 2.18931245804, 4.23022937775, 6.28171873093, 9.10149765015, 19.7513103485, 29.6223773956, 62.9573478699, 64.0880432129, 92.6514816284, 95.5416717529, 73.5569458008, 41.5606918335, 43.4993286133, 37.822052002, 30.4767227173, 34.234577179, 34.5951805115, 22.9876308441, 13.7982664108, 11.4035348892, 14.7500858307, 9.64225387573, 7.31226301193, 9.47901248932, 8.42366981506, 6.53837060928, 8.3472366333, 12.4374828339, 10.3787631989, 6.97897768021, 4.04525566101, 2.54652810097, 0.971800267696, 0.32473769784, 0.0747667551041, 0.00921052135527, 0.000275913218502, 8.73555618455e-05],
        "median": [1.88119459152, 3.69314885139, 1.90208303928, 3.72451090813, 4.61145830154, 6.88678264618, 12.3406934738, 20.9711036682, 40.2264785767, 33.9452323914, 43.263961792, 53.3658447266, 34.0242767334, 20.4438667297, 13.2423686981, 11.3450279236, 12.9592943192, 11.8806314468, 12.9336662292, 6.85571193695, 4.26100587845, 5.11384773254, 6.45951938629, 3.23766708374, 2.93352675438, 4.07458162308, 3.46369171143, 1.46201884747, 1.21115016937, 2.13871574402, 2.52769827843, 2.46915650368, 1.58020377159, 1.05312478542, 0.358106791973, 0.142298668623, 0.0295886229724, 0.00333182676695, 0.000124731654068, 8.66606351337e-05],
        "min": [1.38155257583e-21, 3.02013415945e-21, 1.38470713088e-20, 1.0021802031e-20, 3.28894249381e-20, 2.30779978782e-19, 1.9579499516e-19, 7.25984939076e-19, 1.20142607299e-18, 5.22503161279e-19, 1.38324833325e-18, 1.87320447066e-18, 2.55725181797e-18, 1.24638551063e-18, 3.36188328023e-18, 3.29141142115e-18, 3.90060905598e-18, 6.48367035663e-18, 6.01459732436e-18, 5.84312112901e-18, 7.79121832554e-18, 7.37722270076e-18, 1.25337963291e-17, 1.07452018885e-17, 1.4909975209e-17, 1.80416264142e-17, 1.57355725979e-17, 1.4485325498e-17, 1.38276920956e-17, 2.08315163688e-17, 2.0893468888e-17, 1.87093398396e-17, 2.10676665075e-17, 1.28540847982e-17, 6.35592802745e-18, 4.25296483587e-18, 3.52459260185e-18, 1.53539538563e-18, 3.33859607803e-19, 3.13176169844e-20],
        "stdev": [0.894862890244, 1.86519563198, 1.52313387394, 3.46562576294, 5.84344244003, 8.43883323669, 21.0431251526, 31.8810691833, 70.3880004883, 81.9583053589, 132.600463867, 120.220756531, 118.373580933, 61.6590538025, 80.6253814697, 65.8746414185, 46.8352966309, 57.1534194946, 55.2799797058, 41.3167572021, 27.0163822174, 17.2044258118, 23.6165752411, 15.8359746933, 13.8897953033, 14.6864805222, 17.3068656921, 15.7630195618, 19.2401618958, 22.9778938293, 17.8086414337, 11.0172958374, 6.46173143387, 4.27064323425, 2.6936879158, 0.63950663805, 0.149736985564, 0.0193951334804, 0.000518452259712, 3.74870687665e-05],
        "var": [0.800779640675, 3.47895479202, 2.31993675232, 12.0105619431, 34.145816803, 71.2139129639, 442.813079834, 1016.40252686, 4954.47021484, 6717.1640625, 17582.8847656, 14453.0302734, 14012.3046875, 3801.83911133, 6500.45263672, 4339.46826172, 2193.54516602, 3266.51342773, 3055.87597656, 1707.07446289, 729.884887695, 295.992279053, 557.742614746, 250.778106689, 192.92640686, 215.692703247, 299.527618408, 248.472793579, 370.183807373, 527.983642578, 317.147735596, 121.380813599, 41.7539749146, 18.2383937836, 7.25595521927, 0.40896871686, 0.0224211644381, 0.000376171199605, 2.68792746283e-07, 1.40528044756e-09]
    },
    "gfcc": {
        "mean": [34.6214256287, 104.923843384, -92.2232284546, 18.5337791443, -66.8881912231, 25.293088913, -35.0693740845, 22.0364646912, -11.688990593, 11.1254405975, -7.07228469849, 1.29069435596, -7.99175643921],
        "cov": [[3990.9675293, -1023.8258667, -17.2539157867, 526.582580566, -280.758544922, 556.166015625, 2.73069047928, 337.311889648, 8.73681354523, 234.081726074, -22.6987380981, 118.502128601, -26.8846378326], [-1023.8258667, 1515.26611328, 186.731262207, -273.375305176, 563.499755859, -124.459617615, 277.90246582, -45.0711364746, 172.660232544, 23.8417625427, 197.663711548, -23.1214237213, 102.441307068], [-17.2539157867, 186.731262207, 592.992797852, 129.928085327, 9.17237949371, 148.20539856, 97.5129165649, 54.1458129883, 58.4614982605, 93.0024337769, 53.7621307373, 107.61125946, 21.8179187775], [526.582580566, -273.375305176, 129.928085327, 552.753540039, -55.3187217712, 58.5407066345, -43.8639297485, 50.539604187, 115.779663086, 48.3222732544, 9.68450641632, 38.1384887695, 51.183631897], [-280.758544922, 563.499755859, 9.17237949371, -55.3187217712, 510.651397705, -6.59383153915, 155.331359863, 60.5901451111, 95.9437789917, 73.4937591553, 77.8516082764, 5.88111639023, 64.3893585205], [556.166015625, -124.459617615, 148.20539856, 58.5407066345, -6.59383153915, 364.76083374, 129.799346924, 22.6220817566, 19.5978469849, 64.8310317993, 19.125749588, 60.8485527039, -4.92133045197], [2.73069047928, 277.90246582, 97.5129165649, -43.8639297485, 155.331359863, 129.799346924, 305.774383545, 19.768699646, 0.367540508509, 44.878200531, 75.5155029297, 58.932220459, 8.4057264328], [337.311889648, -45.0711364746, 54.1458129883, 50.539604187, 60.5901451111, 22.6220817566, 19.768699646, 163.878448486, 8.5246257782, 49.9786529541, 31.8364810944, -4.00936222076, 20.4174346924], [8.73681354523, 172.660232544, 58.4614982605, 115.779663086, 95.9437789917, 19.5978469849, 0.367540508509, 8.5246257782, 194.803497314, 26.7505836487, 2.50456929207, 16.1774692535, 29.1289329529], [234.081726074, 23.8417625427, 93.0024337769, 48.3222732544, 73.4937591553, 64.8310317993, 44.878200531, 49.9786529541, 26.7505836487, 139.936019897, 35.1903495789, -4.89741611481, 27.8529891968], [-22.6987380981, 197.663711548, 53.7621307373, 9.68450641632, 77.8516082764, 19.125749588, 75.5155029297, 31.8364810944, 2.50456929207, 35.1903495789, 134.080230713, 4.17249536514, 8.00658226013], [118.502128601, -23.1214237213, 107.61125946, 38.1384887695, 5.88111639023, 60.8485527039, 58.932220459, -4.00936222076, 16.1774692535, -4.89741611481, 4.17249536514, 132.186187744, -14.0851135254], [-26.8846378326, 102.441307068, 21.8179187775, 51.183631897, 64.3893585205, -4.92133045197, 8.4057264328, 20.4174346924, 29.1289329529, 27.8529891968, 8.00658226013, -14.0851135254, 87.6065444946]],
        "icov": [[0.000735614623409, -0.000559653912205, 0.00104272377212, -0.000792401027866, 0.00086533772992, -0.00126811966766, 0.000494405161589, -0.00184456002899, 0.000571014708839, -0.0014188089408, 0.000779592082836, -0.00117482384667, 0.000759736634791], [-0.000559653912205, 0.0043248818256, -0.00284294667654, 0.00281279510818, -0.00317717483267, 0.0028306604363, -0.00237817247398, 0.00398827716708, -0.00369239225984, 0.00340122310445, -0.00442398572341, 0.00314492476173, -0.00331515143625], [0.00104272377212, -0.00284294667654, 0.00505090458319, -0.00237393262796, 0.00304877734743, -0.00309504428878, 0.00155306444503, -0.00433742906898, 0.00204059155658, -0.00449380837381, 0.00250837719068, -0.00467729195952, 0.00198958534747], [-0.000792401027866, 0.00281279510818, -0.00237393262796, 0.00468979822472, -0.00154428195674, 0.00222646887414, -0.00117807532661, 0.00281256646849, -0.00397511199117, 0.00241097551771, -0.00347705115564, 0.00171529117506, -0.00381466373801], [0.00086533772992, -0.00317717483267, 0.00304877734743, -0.00154428195674, 0.00614812644199, -0.00197410560213, 0.000306041387375, -0.00465213041753, 0.000843922956847, -0.00422704452649, 0.00250717694871, -0.00325773609802, 0.000859283842146], [-0.00126811966766, 0.0028306604363, -0.00309504428878, 0.00222646887414, -0.00197410560213, 0.00701132230461, -0.0035570433829, 0.004269734025, -0.00288822175935, 0.00204022997059, -0.00260131433606, 0.00237151817419, -0.0021074549295], [0.000494405161589, -0.00237817247398, 0.00155306444503, -0.00117807532661, 0.000306041387375, -0.0035570433829, 0.00713961105794, -0.00216772197746, 0.00295562157407, -0.00221600709483, 0.00041348169907, -0.00368207576685, 0.00172154197935], [-0.00184456002899, 0.00398827716708, -0.00433742906898, 0.00281256646849, -0.00465213041753, 0.004269734025, -0.00216772197746, 0.0137133765966, -0.00276497122832, 0.00342689012177, -0.00535957282409, 0.0049014990218, -0.00401393556967], [0.000571014708839, -0.00369239225984, 0.00204059155658, -0.00397511199117, 0.000843922956847, -0.00288822175935, 0.00295562157407, -0.00276497122832, 0.0103626446798, -0.00309270690195, 0.00448469445109, -0.00303698307835, 0.00252498453483], [-0.0014188089408, 0.00340122310445, -0.00449380837381, 0.00241097551771, -0.00422704452649, 0.00204022997059, -0.00221600709483, 0.00342689012177, -0.00309270690195, 0.0147102531046, -0.00475194351748, 0.00578021397814, -0.00435157166794], [0.000779592082836, -0.00442398572341, 0.00250837719068, -0.00347705115564, 0.00250717694871, -0.00260131433606, 0.00041348169907, -0.00535957282409, 0.00448469445109, -0.00475194351748, 0.0142932776362, -0.00248474488035, 0.00435352604836], [-0.00117482384667, 0.00314492476173, -0.00467729195952, 0.00171529117506, -0.00325773609802, 0.00237151817419, -0.00368207576685, 0.0049014990218, -0.00303698307835, 0.00578021397814, -0.00248474488035, 0.013936038129, -0.000496984575875], [0.000759736634791, -0.00331515143625, 0.00198958534747, -0.00381466373801, 0.000859283842146, -0.0021074549295, 0.00172154197935, -0.00401393556967, 0.00252498453483, -0.00435157166794, 0.00435352604836, -0.000496984575875, 0.0173440687358]]
    },
    "melbands": {
        "dmean": [0.00123825168703, 0.000406117207604, 0.000345008302247, 0.000263391353656, 0.000305124354782, 0.000299137987895, 0.00048964592861, 0.000286627240712, 0.00045957317343, 0.000276662962278, 0.000155467016157, 8.34632373881e-05, 7.85645461292e-05, 5.14801322424e-05, 6.78364376654e-05, 3.11793628498e-05, 3.43569081451e-05, 3.4681888792e-05, 2.26207848755e-05, 1.28730098368e-05, 7.6186138358e-06, 6.48369768896e-06, 6.79625418343e-06, 7.49754553908e-06, 4.12560848417e-06, 3.30735019816e-06, 3.05880325868e-06, 3.96995619667e-06, 3.75805097974e-06, 3.2993266359e-06, 4.04403181165e-06, 4.4388148126e-06, 1.0449479305e-05, 8.09479934105e-06, 7.76596334617e-06, 5.75176227358e-06, 3.6529411318e-06, 2.75230013358e-06, 2.3760426302e-06, 1.71496026269e-06],
        "dmean2": [0.00202600914054, 0.000666920794174, 0.000605901237577, 0.00044877716573, 0.00050006667152, 0.00046143878717, 0.000767567718867, 0.000419060786953, 0.000643430044875, 0.000404483347666, 0.000218888293603, 0.000115401991934, 0.000110963221232, 7.43676428101e-05, 9.86828526948e-05, 4.30534455518e-05, 4.95015265187e-05, 5.43231180927e-05, 3.46165688825e-05, 1.95456141228e-05, 1.08996246126e-05, 9.81851371762e-06, 1.00885772554e-05, 1.13125051939e-05, 6.23123196419e-06, 5.14386874784e-06, 4.50683137387e-06, 6.16429088041e-06, 5.65182153878e-06, 5.21323636349e-06, 6.75980982123e-06, 7.25405334379e-06, 1.84275104402e-05, 1.42642011269e-05, 1.35772215799e-05, 9.98715859168e-06, 6.14414284428e-06, 4.56939278592e-06, 3.79510083803e-06, 2.81719280792e-06],
        "dvar": [4.35584843217e-06, 4.57631841755e-07, 2.16367226358e-07, 1.31716205942e-07, 1.52391251618e-07, 1.92163980728e-07, 4.34080249079e-07, 2.01309958925e-07, 6.98937697052e-07, 2.287419818e-07, 7.99435468934e-08, 2.1271132411e-08, 4.29561310966e-08, 1.5025841904e-08, 2.45726070602e-08, 3.56856588724e-09, 4.37728520097e-09, 4.46132064624e-09, 2.52489917862e-09, 7.3272876655e-10, 3.58815033241e-10, 1.49569204244e-10, 1.89682852758e-10, 2.42225711711e-10, 9.74038905088e-11, 9.14656267392e-11, 4.01725007426e-11, 6.88314891195e-11, 8.37365871087e-11, 6.01400734768e-11, 7.72328798138e-11, 9.05275021612e-11, 2.85980239489e-10, 1.67083624714e-10, 1.50325474291e-10, 8.87119128157e-11, 3.21878704246e-11, 1.71871284566e-11, 1.73019532729e-11, 8.47858502157e-12],
        "dvar2": [1.12499837996e-05, 1.29666636894e-06, 6.60990394863e-07, 3.73981009716e-07, 4.15499130213e-07, 4.85953648877e-07, 1.0288622434e-06, 4.17106548412e-07, 1.31268586756e-06, 4.70104851047e-07, 1.32557829602e-07, 3.65128727253e-08, 9.29614074607e-08, 3.07871310667e-08, 4.44157883805e-08, 6.21018125813e-09, 8.40788061396e-09, 9.18849440978e-09, 5.79884895657e-09, 1.59393953592e-09, 8.28014989906e-10, 3.19086951306e-10, 3.39363342983e-10, 5.66576840999e-10, 2.35134245408e-10, 2.12639628128e-10, 7.91970655722e-11, 1.60446239628e-10, 1.60233715185e-10, 1.15280486546e-10, 1.54780480099e-10, 1.81829981627e-10, 7.23123949609e-10, 4.3026143759e-10, 3.88735904577e-10, 2.26147600646e-10, 7.23269638625e-11, 3.59105800651e-11, 3.84738040038e-11, 1.70921228559e-11],
        "max": [0.0304531678557, 0.0110690379515, 0.00481847301126, 0.0039529222995, 0.00432712770998, 0.00730864470825, 0.00727420579642, 0.00581314461306, 0.0125836292282, 0.00611933739856, 0.00561468303204, 0.00374752865173, 0.00404082238674, 0.00176140060648, 0.00384846632369, 0.00110583996866, 0.00118647376075, 0.00100052589551, 0.0007232222124, 0.000422847748268, 0.000527262222022, 0.000178744565346, 0.000199844507733, 0.000244249589741, 0.000234024773818, 0.00024097179994, 0.000140734147863, 9.95805094135e-05, 0.000105071056169, 7.64486394473e-05, 8.09988850961e-05, 9.02990796021e-05, 9.28165172809e-05, 6.66018895572e-05, 6.4369662141e-05, 7.1321897849e-05, 4.08568594139e-05, 2.9890670703e-05, 3.68872279068e-05, 3.71876885765e-05],
        "mean": [0.0109008699656, 0.00200150487944, 0.000759445712902, 0.000552548968699, 0.000645508232992, 0.000698129064403, 0.000952725880779, 0.000598257756792, 0.000924110296182, 0.000561666325666, 0.000368557230104, 0.00018186707166, 0.000156527195941, 8.451002941e-05, 0.000115499569802, 6.14723103354e-05, 6.3978790422e-05, 6.17616969976e-05, 3.71412061213e-05, 2.40562640101e-05, 1.4139904124e-05, 1.14762269732e-05, 1.22600959003e-05, 1.32272161864e-05, 6.97423092788e-06, 5.88338207308e-06, 5.07165304953e-06, 6.54959058011e-06, 5.5155451264e-06, 4.06565959565e-06, 3.80918140763e-06, 3.92571837438e-06, 7.6674768934e-06, 6.32055207461e-06, 6.21139997747e-06, 5.28897180629e-06, 3.78696245207e-06, 2.8207464311e-06, 2.54460223914e-06, 2.02049795917e-06],
        "median": [0.0126711744815, 0.00195416226052, 0.00066265912028, 0.000420069234679, 0.000451606640127, 0.000512210186571, 0.000643687846605, 0.000296112761134, 0.000407546147471, 0.000295738049317, 0.000160755924298, 8.86570778675e-05, 4.73501095257e-05, 2.30718706007e-05, 3.85269668186e-05, 1.9150587832e-05, 2.22035087063e-05, 2.17036049435e-05, 1.08630883915e-05, 5.8413907027e-06, 4.15694194089e-06, 4.53305301562e-06, 4.93578409078e-06, 4.99945144838e-06, 1.81344785233e-06, 1.52519930907e-06, 2.35404058913e-06, 2.44978309638e-06, 2.13381372305e-06, 1.05319475097e-06, 5.92251183207e-07, 5.37854816685e-07, 8.18894534405e-07, 1.24199050333e-06, 1.31462741138e-06, 1.53952396431e-06, 1.3428315242e-06, 1.03151853637e-06, 9.43831764744e-07, 8.12652785953e-07],
        "min": [1.16283942889e-23, 5.77530235751e-24, 2.06674615192e-24, 8.92726276307e-24, 8.32236343208e-24, 1.39997693346e-23, 1.7753161633e-23, 6.82643229802e-24, 9.70170881297e-24, 1.37869393955e-23, 1.2737150913e-23, 4.7527035438e-24, 8.57233530915e-24, 1.02103497586e-23, 9.55345502761e-24, 1.07971100219e-23, 1.18552012655e-23, 8.98509731147e-24, 9.76099486544e-24, 6.86157841793e-24, 9.63092905711e-24, 6.3875909486e-24, 1.10199435061e-23, 1.13041085591e-23, 7.96054054499e-24, 1.18011256393e-23, 8.67666058614e-24, 1.3153901396e-23, 1.23098959581e-23, 5.90111423341e-24, 9.24863207408e-24, 7.25184920699e-24, 9.47652767871e-24, 1.20898100764e-23, 1.23902248752e-23, 1.02259976035e-23, 1.22994672169e-23, 1.48876717264e-23, 1.54546670798e-23, 9.19418804985e-24],
        "stdev": [0.00512539362535, 0.00100777100306, 0.000561104970984, 0.000500271271449, 0.000641166407149, 0.000695151975378, 0.000987616134807, 0.000804299255833, 0.00139127473813, 0.000706163467839, 0.000613425392658, 0.000296728539979, 0.000311020965455, 0.000163594479091, 0.000234046106925, 0.000119679294585, 0.0001097628774, 0.000109046683065, 7.22604963812e-05, 4.91738828714e-05, 3.3517684642e-05, 1.85301414604e-05, 2.03468316613e-05, 2.36095602304e-05, 1.3292073163e-05, 1.53018754645e-05, 8.59162082634e-06, 1.0620271496e-05, 1.09281636469e-05, 9.26136272028e-06, 9.61035766522e-06, 1.04276277852e-05, 1.51530593939e-05, 1.14282365757e-05, 1.09178527055e-05, 8.92268690222e-06, 5.99242684984e-06, 4.5252968448e-06, 4.50649758932e-06, 3.40903579854e-06],
        "var": [2.62696612481e-05, 1.01560237908e-06, 3.14838814575e-07, 2.5027136985e-07, 4.11094333685e-07, 4.83236249238e-07, 9.7538566024e-07, 6.46897319712e-07, 1.93564528672e-06, 4.98666850035e-07, 3.76290728354e-07, 8.80478197018e-08, 9.67340341163e-08, 2.67631534712e-08, 5.47775833581e-08, 1.43231337901e-08, 1.20478897969e-08, 1.18911787084e-08, 5.22157961313e-09, 2.41807085466e-09, 1.12343523373e-09, 3.4336611332e-10, 4.13993561654e-10, 5.57411339308e-10, 1.76679199049e-10, 2.34147368161e-10, 7.38159464109e-11, 1.12790166096e-10, 1.19424761746e-10, 8.57728332804e-11, 9.23589815738e-11, 1.08735416504e-10, 2.2961521573e-10, 1.30604596582e-10, 1.19199511373e-10, 7.96143428961e-11, 3.59091784086e-11, 2.04783134894e-11, 2.0308522225e-11, 1.16215257903e-11]
    },
    "melbands128": {
