{
"lowlevel": {
    "average_loudness": 0.952215790749,
    "barkbands_crest": {
        "dmean": 3.15344548225,
        "dmean2": 4.74312067032,
        "dvar": 9.5719499588,
        "dvar2": 19.8170681,
        "max": 25.9593639374,
        "mean": 13.3385753632,
        "median": 12.7058963776,
        "min": 2.71041607857,
        "stdev": 5.86970281601,
        "var": 34.4534111023
    },
    "barkbands_flatness_db": {
        "dmean": 0.0356016531587,
        "dmean2": 0.0496595576406,
        "dvar": 0.0013793152757,
        "dvar2": 0.00258993823081,
        "max": 0.458179503679,
        "mean": 0.179533004761,
        "median": 0.174398839474,
        "min": 0.0292880255729,
        "stdev": 0.0686274841428,
        "var": 0.00470973132178
    },
    "barkbands_kurtosis": {
        "dmean": 11.3256378174,
        "dmean2": 17.8370361328,
        "dvar": 1718.60876465,
        "dvar2": 3861.56347656,
        "max": 862.86315918,
        "mean": 14.4821510315,
        "median": 4.48267459869,
        "min": -1.87540268898,
        "stdev": 45.6192245483,
        "var": 2081.11376953
    },
    "barkbands_skewness": {
        "dmean": 1.09966516495,
        "dmean2": 1.59995436668,
        "dvar": 2.27607870102,
        "dvar2": 4.71236562729,
        "max": 23.7129192352,
        "mean": 2.32844400406,
        "median": 2.03836512566,
        "min": -5.5806555748,
        "stdev": 2.48787593842,
        "var": 6.18952703476
    },
    "barkbands_spread": {
        "dmean": 9.25551128387,
        "dmean2": 13.7620639801,
        "dvar": 126.845718384,
        "dvar2": 290.362670898,
        "max": 106.534164429,
        "mean": 21.3959903717,
        "median": 16.9587230682,
        "min": 0.166564181447,
        "stdev": 16.413225174,
        "var": 269.393981934
    },
    "dissonance": {
        "dmean": 0.0262970030308,
        "dmean2": 0.0399818606675,
        "dvar": 0.000749978760723,
        "dvar2": 0.00172414607368,
        "max": 0.499978423119,
        "mean": 0.445119917393,
        "median": 0.456482470036,
        "min": 0.19446696341,
        "stdev": 0.046559702605,
        "var": 0.00216780579649
    },
    "dynamic_complexity": 1.90779066086,
    "erbbands_crest": {
        "dmean": 3.18325972557,
        "dmean2": 4.98106431961,
        "dvar": 10.4002103806,
        "dvar2": 21.0914592743,
        "max": 28.9917564392,
        "mean": 9.95707798004,
        "median": 8.7576417923,
        "min": 2.47013831139,
        "stdev": 4.90781450272,
        "var": 24.0866451263
    },
    "erbbands_flatness_db": {
        "dmean": 0.0223576761782,
        "dmean2": 0.0327796377242,
        "dvar": 0.000513888546266,
        "dvar2": 0.000974842754658,
        "max": 0.402188897133,
        "mean": 0.166810572147,
        "median": 0.16047540307,
        "min": 0.0541696585715,
        "stdev": 0.0526266545057,
        "var": 0.00276956474409
    },
    "erbbands_kurtosis": {
        "dmean": 1.91611421108,
        "dmean2": 3.04586172104,
        "dvar": 13.7484827042,
        "dvar2": 32.7032928467,
        "max": 47.9334373474,
        "mean": 1.44000148773,
        "median": 0.19531416893,
        "min": -1.82584249973,
        "stdev": 4.0566277504,
        "var": 16.4562282562
    },
    "erbbands_skewness": {
        "dmean": 0.608772993088,
        "dmean2": 0.899993002415,
        "dvar": 0.459682077169,
        "dvar2": 0.995878815651,
        "max": 6.42240858078,
        "mean": 0.607508599758,
        "median": 0.590604603291,
        "min": -3.25533342361,
        "stdev": 1.10926866531,
        "var": 1.23047685623
    },
    "erbbands_spread": {
        "dmean": 14.880616188,
        "dmean2": 22.3680610657,
        "dvar": 295.270111084,
        "dvar2": 704.618103027,
        "max": 185.631393433,
        "mean": 46.7668304443,
        "median": 40.7500839233,
        "min": 4.77482938766,
        "stdev": 26.142539978,
        "var": 683.432373047
    },
    "hfc": {
        "dmean": 17.2251777649,
        "dmean2": 24.2282524109,
        "dvar": 626.575195312,
        "dvar2": 1221.06359863,
        "max": 215.418899536,
        "mean": 32.6184654236,
        "median": 21.4499664307,
        "min": 1.15845916869e-16,
        "stdev": 33.1823387146,
        "var": 1101.06750488
    },
    "loudness_ebu128": {
        "integrated": -7.92673683167,
        "loudness_range": 2.51084947586,
        "momentary": {
            "dmean": 0.605870127678,
            "dmean2": 0.782996416092,
            "dvar": 0.287814021111,
            "dvar2": 0.501523077488,
            "max": -5.50393390656,
            "mean": -8.22662734985,
            "median": -7.82168245316,
            "min": -14.9926633835,
            "stdev": 1.78932523727,
            "var": 3.20168471336
        },
        "short_term": {
            "dmean": 0.082951515913,
            "dmean2": 0.104698106647,
            "dvar": 0.00445650424808,
            "dvar2": 0.00612985296175,
            "max": -6.78369569778,
            "mean": -8.08288764954,
            "median": -7.73928976059,
            "min": -11.0079593658,
            "stdev": 1.00235080719,
            "var": 1.00470721722
        }
    },
    "melbands_crest": {
        "dmean": 3.71632266045,
        "dmean2": 5.5330529213,
        "dvar": 14.0869169235,
        "dvar2": 27.5700798035,
        "max": 36.1860313416,
        "mean": 18.7028617859,
        "median": 18.7415237427,
        "min": 2.81055498123,
        "stdev": 7.91414737701,
        "var": 62.633731842
    },
    "melbands_flatness_db": {
        "dmean": 0.0427513755858,
        "dmean2": 0.0581791736186,
        "dvar": 0.00198143557645,
        "dvar2": 0.00355859100819,
        "max": 0.57614916563,
        "mean": 0.214167103171,
        "median": 0.208505094051,
        "min": 0.00990185048431,
        "stdev": 0.0961272642016,
        "var": 0.00924045033753
    },
    "melbands_kurtosis": {
        "dmean": 22.2909660339,
        "dmean2": 34.4475402832,
        "dvar": 2356.11865234,
        "dvar2": 5021.81982422,
        "max": 876.847412109,
        "mean": 34.8800926208,
        "median": 15.1972637177,
        "min": -1.87301766872,
        "stdev": 62.742855072,
        "var": 3936.66577148
    },
    "melbands_skewness": {
        "dmean": 1.37858450413,
        "dmean2": 2.05405187607,
        "dvar": 2.72841858864,
        "dvar2": 5.22820711136,
        "max": 20.7154426575,
        "mean": 3.77746653557,
        "median": 3.26247239113,
        "min": -3.62807106972,
        "stdev": 2.9439022541,
        "var": 8.66656112671
    },
    "melbands_spread": {
        "dmean": 13.1138219833,
        "dmean2": 20.122926712,
        "dvar": 546.844116211,
        "dvar2": 1341.30688477,
        "max": 245.422241211,
        "mean": 25.460849762,
        "median": 15.4137582779,
        "min": 0.20976780355,
        "stdev": 30.7857513428,
        "var": 947.762451172
    },
    "pitch_salience": {
        "dmean": 0.0901095718145,
        "dmean2": 0.134812489152,
        "dvar": 0.00848427601159,
        "dvar2": 0.0171946510673,
        "max": 0.894275665283,
        "mean": 0.5033005476,
        "median": 0.508222460747,
        "min": 0.0429865643382,
        "stdev": 0.175802394748,
        "var": 0.0309064798057
    },
    "silence_rate_20dB": {
        "dmean": 0,
        "dmean2": 0,
        "dvar": 0,
        "dvar2": 0,
        "max": 1,
        "mean": 1,
        "median": 1,
        "min": 1,
        "stdev": 0,
        "var": 0
    },
    "silence_rate_30dB": {
        "dmean": 0.0541795678437,
        "dmean2": 0.108443066478,
        "dvar": 0.0512447543442,
        "dvar2": 0.121470719576,
        "max": 1,
        "mean": 0.913379728794,
        "median": 1,
        "min": 0,
        "stdev": 0.281276851892,
        "var": 0.0791166722775
    },
    "silence_rate_60dB": {
        "dmean": 0.0417956672609,
        "dmean2": 0.0821068957448,
        "dvar": 0.0400489754975,
        "dvar2": 0.0862109586596,
        "max": 1,
        "mean": 0.0711523592472,
        "median": 0,
        "min": 0,
        "stdev": 0.257081598043,
        "var": 0.0660909414291
    },
    "spectral_centroid": {
        "dmean": 441.271179199,
        "dmean2": 626.131286621,
        "dvar": 343663.78125,
        "dvar2": 587901.4375,
        "max": 11158.78125,
        "mean": 1438.20043945,
        "median": 1149.67700195,
        "min": 147.322402954,
        "stdev": 1032.02783203,
        "var": 1065081.5
    },
    "spectral_complexity": {
        "dmean": 6.47368431091,
        "dmean2": 9.06816387177,
        "dvar": 63.2137145996,
        "dvar2": 104.422744751,
        "max": 61,
        "mean": 15.407579422,
        "median": 12,
        "min": 0,
        "stdev": 11.7047376633,
        "var": 137.00088501
    },
    "spectral_decrease": {
        "dmean": 3.29089289153e-09,
        "dmean2": 4.82400697166e-09,
        "dvar": 2.12640507655e-17,
        "dvar2": 5.63942360183e-17,
        "max": -2.30677582004e-29,
        "mean": -1.04915462984e-08,
        "median": -7.3142865098e-09,
        "min": -4.45680612415e-08,
        "stdev": 9.31750587796e-09,
        "var": 8.68159206273e-17
    },
    "spectral_energy": {
        "dmean": 0.0133910430595,
        "dmean2": 0.0195041391999,
        "dvar": 0.000316069548717,
        "dvar2": 0.000834803620819,
        "max": 0.174226626754,
        "mean": 0.0425561778247,
        "median": 0.0299506038427,
        "min": 1.05946367221e-20,
        "stdev": 0.0357330031693,
        "var": 0.00127684744075
    },
    "spectral_energyband_high": {
        "dmean": 0.00165242073126,
        "dmean2": 0.00227727368474,
        "dvar": 5.77369473831e-06,
        "dvar2": 1.12557136163e-05,
        "max": 0.0216094423085,
        "mean": 0.00234283087775,
        "median": 0.000811380450614,
        "min": 7.75387877877e-21,
        "stdev": 0.00338098430075,
        "var": 1.14310541903e-05
    },
    "spectral_energyband_low": {
        "dmean": 0.00786465313286,
        "dmean2": 0.0114505412057,
        "dvar": 0.000361834303476,
        "dvar2": 0.000952200847678,
        "max": 0.162229910493,
        "mean": 0.0204820781946,
        "median": 0.000219428475248,
        "min": 5.86854516431e-23,
        "stdev": 0.0351934358478,
        "var": 0.00123857799917
    },
    "spectral_energyband_middle_high": {
        "dmean": 0.00315418746322,
        "dmean2": 0.00472634937614,
        "dvar": 3.62858918379e-05,
        "dvar2": 7.35470966902e-05,
        "max": 0.0469395853579,
        "mean": 0.00526096345857,
        "median": 0.00253126583993,
        "min": 1.42298562054e-21,
        "stdev": 0.00767167564481,
        "var": 5.88546063227e-05
    },
    "spectral_energyband_middle_low": {
        "dmean": 0.00632492732257,
        "dmean2": 0.01004996337,
        "dvar": 7.80667978688e-05,
        "dvar2": 0.000182799049071,
        "max": 0.0714082419872,
        "mean": 0.0151447672397,
        "median": 0.0142737450078,
        "min": 5.09818664452e-22,
        "stdev": 0.0114894732833,
        "var": 0.000132008004584
    },
    "spectral_entropy": {
        "dmean": 0.30007314682,
        "dmean2": 0.418149262667,
        "dvar": 0.0983838886023,
        "dvar2": 0.191586539149,
        "max": 9.80453395844,
        "mean": 7.64543390274,
        "median": 7.72291088104,
        "min": 4.93923377991,
        "stdev": 0.595706999302,
        "var": 0.354866862297
    },
    "spectral_flux": {
        "dmean": 0.0388044454157,
        "dmean2": 0.059793587774,
        "dvar": 0.00146146095358,
        "dvar2": 0.00320197548717,
        "max": 0.377969622612,
        "mean": 0.0991067290306,
        "median": 0.087473243475,
        "min": 1.02930254597e-10,
        "stdev": 0.0623277015984,
        "var": 0.00388474250212
    },
    "spectral_kurtosis": {
        "dmean": 1.31012487411,
        "dmean2": 2.04350495338,
        "dvar": 3.05366921425,
        "dvar2": 7.58383512497,
        "max": 26.050359726,
        "mean": 2.71933817863,
        "median": 2.35312795639,
        "min": -1.29121565819,
        "stdev": 2.30673146248,
        "var": 5.32101011276
    },
    "spectral_rms": {
        "dmean": 0.00103534583468,
        "dmean2": 0.00145435484592,
        "dvar": 1.23908637306e-06,
        "dvar2": 2.63670335698e-06,
        "max": 0.0130375307053,
        "mean": 0.00581930764019,
        "median": 0.00540556199849,
        "min": 3.2150009651e-12,
        "stdev": 0.00276654679328,
        "var": 7.65378172218e-06
    },
    "spectral_rolloff": {
        "dmean": 1055.29455566,
        "dmean2": 1707.17871094,
        "dvar": 3356558.75,
        "dvar2": 6933455.5,
        "max": 18389.3554688,
        "mean": 2117.6809082,
        "median": 861.328125,
        "min": 64.599609375,
        "stdev": 2738.41064453,
        "var": 7498893
    },
    "spectral_skewness": {
        "dmean": 0.286346077919,
        "dmean2": 0.423442542553,
        "dvar": 0.0907692015171,
        "dvar2": 0.198715105653,
        "max": 3.67217516899,
        "mean": 1.3861259222,
        "median": 1.37075769901,
        "min": -0.179929360747,
        "stdev": 0.512954771519,
        "var": 0.263122588396
    },
    "spectral_spread": {
        "dmean": 946002,
        "dmean2": 1452749,
        "dvar": 2.23205680742e+12,
        "dvar2": 3.68547410739e+12,
        "max": 40390600,
        "mean": 6495983,
        "median": 6284963.5,
        "min": 1663658.125,
        "stdev": 2139842.25,
        "var": 4.57892534682e+12
    },
    "spectral_strongpeak": {
        "dmean": 0.445767253637,
        "dmean2": 0.713837087154,
        "dvar": 0.455026388168,
        "dvar2": 1.04053378105,
        "max": 7.56620597839,
        "mean": 1.05693638325,
        "median": 0.803953111172,
        "min": 5.82379977576e-11,
        "stdev": 0.884781897068,
        "var": 0.782839000225
    },
    "zerocrossingrate": {
        "dmean": 0.0224099177867,
        "dmean2": 0.0233728252351,
        "dvar": 0.000832920835819,
        "dvar2": 0.000841057102662,
        "max": 0.505859375,
        "mean": 0.0800758600235,
        "median": 0.0625,
        "min": 0.001953125,
        "stdev": 0.0684509649873,
        "var": 0.00468553509563
    },
    "barkbands": {
        "dmean": [0.000629184069112, 0.00697046518326, 0.0010266858153, 0.00133620097768, 0.00370301818475, 0.00118964142166, 0.000860909931362, 0.00141322123818, 0.000799287401605, 0.000648894289043, 0.000400882476242, 0.000488296267577, 0.000463500444312, 0.000516109343152, 0.00057571491925, 0.000315638870234, 0.000253683130722, 0.000260268192505, 0.000237330998061, 0.000317177007673, 0.000333780393703, 0.000323137966916, 0.000296082784189, 0.000327155255945, 0.000284513051156, 0.000100278208265, 3.98946895075e-06],
        "dmean2": [0.000768020458054, 0.0106637775898, 0.00155674014241, 0.00233188527636, 0.00602952204645, 0.00190157140605, 0.00127805105876, 0.00215647765435, 0.0011583637679, 0.000966103572864, 0.000610928516835, 0.000772316008806, 0.000723195436876, 0.00083939085016, 0.000923500163481, 0.000498252047691, 0.000414891954279, 0.000411936431192, 0.000349406938767, 0.000484915537527, 0.000478708912851, 0.000475545530207, 0.0004270527279, 0.000469894817797, 0.000416143710027, 0.000145910918945, 6.68391749059e-06],
        "dvar": [1.97274130187e-06, 0.000320108025335, 1.58062266564e-05, 2.49762397289e-05, 3.85480379919e-05, 6.48618242849e-06, 4.47332377007e-06, 1.03587890408e-05, 3.14763383358e-06, 2.26938391279e-06, 8.39232484395e-07, 8.25973813789e-07, 8.26554128253e-07, 1.1191672229e-06, 1.49095762936e-06, 3.50268607008e-07, 3.22881788861e-07, 2.01535144129e-07, 1.98585027533e-07, 2.91678190933e-07, 2.69563344091e-07, 2.66949683692e-07, 2.27181544687e-07, 4.03148561645e-07, 4.81037147892e-07, 4.73677808088e-08, 1.10749347193e-10],
        "dvar2": [2.65944345301e-06, 0.000874219695106, 2.78472780337e-05, 7.04746998963e-05, 9.97235256364e-05, 1.49171555677e-05, 8.82238146005e-06, 2.14341507672e-05, 6.36652839603e-06, 3.85377416023e-06, 1.72762645434e-06, 1.77327353867e-06, 1.72295722223e-06, 2.67133350462e-06, 3.53552763954e-06, 6.93751474046e-07, 8.48176966883e-07, 4.32777170545e-07, 4.63404262518e-07, 6.79207118992e-07, 5.40892926892e-07, 5.2894813507e-07, 4.34781185277e-07, 8.76695537499e-07, 1.09124835035e-06, 1.07387293724e-07, 2.69489403015e-10],
        "max": [0.0171222705394, 0.153035730124, 0.0422120802104, 0.0455103442073, 0.0472882837057, 0.0326071120799, 0.0296527389437, 0.0517017617822, 0.0247948709875, 0.0385701619089, 0.0143836578354, 0.0103760603815, 0.00729438429698, 0.0126485163346, 0.0108835529536, 0.00515225855634, 0.00519174104556, 0.00374868768267, 0.00344733335078, 0.004113052506, 0.00458711385727, 0.00348383327946, 0.00571162486449, 0.00774633698165, 0.0100911073387, 0.00300197349861, 0.000105699662527],
        "mean": [0.00170213624369, 0.0169066209346, 0.00130142667331, 0.00130294461269, 0.0068566086702, 0.00189516961109, 0.00159828329924, 0.00197161291726, 0.00137305189855, 0.000993507564999, 0.000510319543537, 0.000632068782579, 0.000542953086551, 0.0006031494122, 0.000631616509054, 0.000364820036339, 0.000269199808827, 0.000354096264346, 0.000248692580499, 0.00036466945312, 0.000385665131034, 0.000390430330299, 0.000407510233345, 0.000441372016212, 0.000377974880394, 0.000126876257127, 3.37256005878e-06],
        "median": [8.82174731487e-07, 7.32425542083e-06, 2.61445893557e-05, 0.00012675706239, 0.00372662837617, 0.000539152300917, 0.00025007763179, 0.00033234822331, 0.000217695022002, 0.000159951276146, 0.000105951796286, 0.000166268204339, 0.000125213802676, 0.000111102868686, 0.000117896888696, 9.4020688266e-05, 9.07154899323e-05, 0.000148387422087, 4.96794527862e-05, 0.000105666083982, 9.66796505963e-05, 9.48961896938e-05, 0.000130236323457, 0.000116139541205, 0.000124022379168, 2.92970598821e-05, 2.03965853984e-07],
        "min": [8.00731999667e-24, 3.09542116676e-24, 1.10848888467e-23, 5.82077932095e-23, 1.19841295364e-23, 2.44286240975e-22, 5.92580826187e-23, 5.33490789874e-23, 6.36651897498e-23, 5.14527615009e-23, 4.42491140618e-23, 7.73574484817e-23, 1.01026727694e-22, 1.06003657456e-22, 1.8613438116e-22, 1.40462755248e-22, 1.67514108353e-22, 1.67867341333e-22, 2.72477958783e-22, 2.18587576064e-22, 4.21194849672e-22, 4.36518163523e-22, 5.46542575592e-22, 1.04200876784e-21, 1.4577650716e-21, 1.7779225408e-21, 2.19484237021e-21],
        "stdev": [0.0033551575616, 0.0309604890645, 0.00455619953573, 0.00412537204102, 0.00823995936662, 0.00364600797184, 0.00337304547429, 0.00405963882804, 0.00307559268549, 0.00283614057116, 0.00129021948669, 0.0011528780451, 0.00106605445035, 0.00123175315093, 0.00129365257453, 0.000673110305797, 0.000533645390533, 0.000528292963281, 0.00047197798267, 0.000609575130511, 0.000650904199574, 0.000621806480922, 0.000673666072544, 0.00083140382776, 0.000817531486973, 0.000264832633547, 1.0362437024e-05],
        "var": [1.12570814963e-05, 0.000958551827352, 2.07589528145e-05, 1.70186940522e-05, 6.7896929977e-05, 1.32933746499e-05, 1.13774358397e-05, 1.64806679095e-05, 9.45927058638e-06, 8.04369301477e-06, 1.66466634255e-06, 1.32912782647e-06, 1.1364720649e-06, 1.51721576458e-06, 1.67353698544e-06, 4.53077490192e-07, 2.84777399884e-07, 2.79093455902e-07, 2.22763219426e-07, 3.71581847958e-07, 4.2367628339e-07, 3.86643279171e-07, 4.53826004332e-07, 6.91232287409e-07, 6.68357699851e-07, 7.01363163103e-08, 1.07380097869e-10]
    },
    "erbbands": {
        "dmean": [0.267857760191, 1.39609456062, 1.60476410389, 3.20383691788, 7.08482646942, 13.9649477005, 15.6703586578, 8.12582206726, 8.41847229004, 22.7210788727, 29.9912567139, 15.0139684677, 19.0047187805, 17.8454189301, 14.696844101, 18.5397624969, 18.8163738251, 23.6764202118, 26.9516372681, 25.1908016205, 17.5238647461, 14.7463026047, 15.3397302628, 9.51955509186, 13.5934057236, 14.0704574585, 13.031208992, 13.391084671, 11.6921367645, 10.9814977646, 8.34058856964, 6.57295179367, 5.76740026474, 3.60664248466, 1.91540682316, 0.633056879044, 0.149445042014, 0.0206875056028, 0.000486619275762, 3.17772610288e-05],
        "dmean2": [0.363270789385, 2.22264933586, 2.19214868546, 5.48897123337, 12.0370750427, 22.6616668701, 24.4968013763, 13.0594587326, 12.4430484772, 34.1004447937, 45.6596984863, 22.2047328949, 27.771697998, 26.6039924622, 22.3725814819, 30.056760788, 29.22057724, 37.1071357727, 43.7177391052, 40.851600647, 27.2489433289, 23.3106746674, 24.1368312836, 14.6288547516, 19.9363613129, 21.5403060913, 18.9784183502, 19.0407829285, 16.84324646, 16.3556156158, 12.099603653, 9.30707645416, 8.30507469177, 5.31154823303, 2.87507271767, 0.924322664738, 0.218829825521, 0.03212210536, 0.000755954475608, 4.60326955363e-05],
        "dvar": [0.439287871122, 17.557100296, 34.9309577942, 153.487030029, 386.312713623, 549.590942383, 735.203491211, 489.058258057, 339.120513916, 2853.16430664, 5143.26318359, 1346.30529785, 1606.10839844, 1310.6574707, 656.239318848, 1455.43762207, 1243.44909668, 2618.64794922, 3403.68847656, 2509.703125, 1135.18798828, 996.235107422, 774.477233887, 304.183319092, 640.500366211, 540.942749023, 408.455627441, 425.838775635, 333.689849854, 318.312408447, 189.055938721, 118.922103882, 156.926727295, 69.8384017944, 23.3716201782, 2.18750810623, 0.104258641601, 0.00227251998149, 1.21505695461e-06, 2.31873031886e-09],
        "dvar2": [0.783436894417, 51.6894989014, 77.151473999, 422.621612549, 1032.76806641, 1340.27172852, 1790.41271973, 1135.81481934, 754.386291504, 5727.95996094, 11730.2148438, 2802.48925781, 2818.72558594, 2466.01953125, 1385.9296875, 3371.57006836, 2365.91845703, 5298.38671875, 8532.87011719, 5269.09130859, 2398.66137695, 2577.16992188, 1813.47595215, 585.325378418, 1312.88806152, 1232.11975098, 863.829284668, 828.835205078, 615.701171875, 700.464477539, 377.781829834, 260.015380859, 347.474304199, 152.755752563, 55.2475128174, 5.08482027054, 0.240603849292, 0.00518481014296, 2.71684120889e-06, 5.13784126355e-09],
        "max": [6.86915779114, 35.805847168, 64.3945083618, 113.651092529, 175.79006958, 239.926071167, 290.011657715, 320.772918701, 286.656921387, 732.789001465, 1258.45031738, 694.873413086, 910.468505859, 620.331481934, 288.774658203, 306.247406006, 356.564208984, 706.567077637, 582.976623535, 517.76385498, 305.846496582, 277.547912598, 232.19241333, 132.344970703, 205.894561768, 215.891571045, 260.751556396, 147.690002441, 126.321220398, 148.118988037, 192.978179932, 103.643211365, 177.211624146, 111.284751892, 67.5359420776, 18.9662628174, 4.37350940704, 0.576210916042, 0.0159965977073, 0.000614952470642],
        "mean": [0.798509478569, 2.50631785393, 1.86997675896, 3.28490161896, 10.6390695572, 24.670331955, 28.7103881836, 13.0468072891, 17.269235611, 34.7467536926, 44.9524040222, 27.2494049072, 30.8457069397, 27.1489086151, 19.7223529816, 23.3392982483, 24.5362968445, 29.3852748871, 30.3151855469, 30.4788074493, 20.8706169128, 17.440120697, 20.2600307465, 11.8541641235, 15.2975139618, 16.6749134064, 15.6042547226, 15.5928192139, 14.2392015457, 13.1723451614, 11.2624502182, 8.4369354248, 7.81259870529, 4.9560751915, 2.31665587425, 0.801554858685, 0.182928666472, 0.0219972208142, 0.00055063754553, 7.5206393376e-05],
        "median": [0.000207379242056, 0.00416649086401, 0.0784782618284, 0.43816652894, 2.07204818726, 11.8296527863, 10.8705234528, 3.80668115616, 4.11968278885, 6.90448665619, 10.2727298737, 6.38666629791, 7.44480276108, 7.12374210358, 6.23816919327, 6.25501966476, 6.27296876907, 6.42058563232, 6.14537477493, 6.46196556091, 6.33644723892, 6.5716085434, 8.48899936676, 3.90191197395, 3.2412571907, 4.80477333069, 4.79345035553, 3.65002894402, 3.06461238861, 3.66749978065, 3.36153292656, 2.02516102791, 2.22261047363, 1.65986120701, 0.632990896702, 0.210371360183, 0.0390828624368, 0.00386693910696, 0.000125868129544, 5.15501305927e-05],
        "min": [1.25927898406e-22, 8.9567524663e-22, 8.59921374394e-21, 1.32850647673e-19, 7.25125782763e-20, 6.90511828419e-20, 7.58749304645e-19, 2.30495552729e-18, 1.0975302235e-18, 7.53869973007e-19, 1.38099902237e-18, 1.50555246688e-18, 1.63002577828e-18, 1.63458736917e-18, 1.24845294518e-18, 3.34771222877e-18, 4.03473515154e-18, 6.49253855998e-18, 8.32076694599e-18, 8.3705830712e-18, 8.00577326e-18, 9.54869754017e-18, 9.02834055069e-18, 1.29512901007e-17, 1.234505522e-17, 9.37177105177e-18, 1.42813642656e-17, 1.85099926207e-17, 1.49623225069e-17, 1.63078624678e-17, 1.61883216344e-17, 2.01292433375e-17, 1.63080477562e-17, 1.11728244867e-17, 1.22314783588e-17, 6.25300111665e-18, 3.30814880046e-18, 1.41790668392e-18, 3.02739703141e-19, 3.37720783505e-20],
        "stdev": [1.44734621048, 5.43055915833, 6.43039321899, 10.3297281265, 21.9787960052, 33.2818641663, 41.107875824, 30.4357395172, 34.3414039612, 74.3196640015, 86.034538269, 66.6783218384, 73.4950561523, 58.5988273621, 34.4882545471, 43.1384620667, 44.7802886963, 61.0301208496, 62.0062866211, 58.4255828857, 37.5261688232, 30.9107990265, 30.9861774445, 20.2168693542, 28.5218276978, 27.419090271, 25.5825614929, 25.8537521362, 22.7579517365, 21.1521053314, 19.4925765991, 14.735168457, 15.8400020599, 10.3908128738, 5.34205245972, 1.75112426281, 0.383071810007, 0.0527685880661, 0.00125088053755, 6.88907093718e-05],
        "var": [2.0948112011, 29.4909725189, 41.3499565125, 106.703285217, 483.067474365, 1107.68237305, 1689.8572998, 926.334289551, 1179.33203125, 5523.41259766, 7401.94140625, 4445.99853516, 5401.5234375, 3433.82250977, 1189.43981934, 1860.92675781, 2005.27441406, 3724.67553711, 3844.77954102, 3413.54882812, 1408.21337891, 955.477478027, 960.143188477, 408.72177124, 813.494689941, 751.806518555, 654.467407227, 668.416503906, 517.924377441, 447.411529541, 379.960540771, 217.125198364, 250.905670166, 107.968994141, 28.537525177, 3.06643605232, 0.146744012833, 0.00278452388011, 1.56470218826e-06, 4.74593031541e-09]
    },
    "gfcc": {
        "mean": [-3.24476742744, 41.3226127625, -117.118888855, 18.6399612427, -84.2534408569, 10.2652416229, -57.4662322998, 3.87837910652, -32.5009651184, 0.686094284058, -21.0195026398, 0.523351609707, -8.37307453156],
        "cov": [[7865.78271484, 323.406555176, 1044.51501465, 559.008911133, 621.245361328, 718.326599121, 288.066894531, 452.07421875, 38.2595939636, 345.426940918, -138.490264893, 277.678375244, -39.7879638672], [323.406555176, 2092.55517578, 951.518981934, 159.615859985, 547.562744141, 289.718139648, 228.60647583, 113.527198792, 144.064956665, -35.4002532959, 117.772026062, -15.6432609558, 93.9790649414], [1044.51501465, 951.518981934, 2317.84692383, 808.507263184, 672.405700684, 537.385742188, 281.281890869, 366.066833496, 15.2966690063, 127.798446655, 49.4335479736, 96.9342269897, 39.9861373901], [559.008911133, 159.615859985, 808.507263184, 1191.52453613, 558.066223145, 299.397979736, 359.984985352, 233.278930664, 216.047988892, 122.579360962, 104.21521759, 41.3497924805, 118.478157043], [621.245361328, 547.562744141, 672.405700684, 558.066223145, 734.708068848, 390.927062988, 329.07522583, 278.00982666, 200.317169189, 148.421676636, 88.4868469238, 79.9494934082, 112.552307129], [718.326599121, 289.718139648, 537.385742188, 299.397979736, 390.927062988, 576.026916504, 411.606323242, 242.601364136, 141.676513672, 128.35736084, 120.334777832, 89.6623458862, 48.2750053406], [288.066894531, 228.60647583, 281.281890869, 359.984985352, 329.07522583, 411.606323242, 542.457336426, 242.413223267, 164.944595337, 126.611129761, 151.199981689, 78.640411377, 63.9915962219], [452.07421875, 113.527198792, 366.066833496, 233.278930664, 278.00982666, 242.601364136, 242.413223267, 353.264587402, 177.41217041, 136.321395874, 63.0974082947, 57.1253700256, 72.1225814819], [38.2595939636, 144.064956665, 15.2966690063, 216.047988892, 200.317169189, 141.676513672, 164.944595337, 177.41217041, 297.457855225, 120.139404297, 90.9855957031, 41.7327003479, 108.383903503], [345.426940918, -35.4002532959, 127.798446655, 122.579360962, 148.421676636, 128.35736084, 126.611129761, 136.321395874, 120.139404297, 180.280944824, 76.0444030762, 61.9638442993, 51.3139457703], [-138.490264893, 117.772026062, 49.4335479736, 104.21521759, 88.4868469238, 120.334777832, 151.199981689, 63.0974082947, 90.9855957031, 76.0444030762, 173.058700562, 64.1993026733, 61.4072341919], [277.678375244, -15.6432609558, 96.9342269897, 41.3497924805, 79.9494934082, 89.6623458862, 78.640411377, 57.1253700256, 41.7327003479, 61.9638442993, 64.1993026733, 131.610748291, 61.3431739807], [-39.7879638672, 93.9790649414, 39.9861373901, 118.478157043, 112.552307129, 48.2750053406, 63.9915962219, 72.1225814819, 108.383903503, 51.3139457703, 61.4072341919, 61.3431739807, 148.764953613]],
        "icov": [[0.000232547172345, -0.000203658433747, 0.000185210665222, -0.000296510203043, 0.000190923834452, -0.000454273889773, 0.000332025345415, -0.000316803343594, 0.00038394483272, -0.000644770392682, 0.000736480462365, -0.000763451331295, 0.000344428612152], [-0.000203658433747, 0.00134187866934, -0.000892645562999, 0.00116154272109, -0.00126716238447, 0.000886055699084, -0.000916451681405, 0.00112660729792, -0.00140668544918, 0.00191585998982, -0.00158617226407, 0.00179151177872, -0.000788084871601], [0.000185210665222, -0.000892645562999, 0.0015383597929, -0.0013377770083, 0.000516975123901, -0.00143584958278, 0.00142012862489, -0.00162844464649, 0.00198007631116, -0.00132436596323, 0.00106575945392, -0.00155331939459, 0.000733599765226], [-0.000296510203043, 0.00116154272109, -0.0013377770083, 0.00281579839066, -0.00187416817062, 0.00170328642707, -0.00195069622714, 0.0016574569745, -0.00210394337773, 0.00188924663235, -0.00166200031526, 0.00245507643558, -0.00124039209913], [0.000190923834452, -0.00126716238447, 0.000516975123901, -0.00187416817062, 0.00457159336656, -0.00199243589304, 0.000749684520997, -0.0014856220223, 0.000837100727949, -0.00228847516701, 0.00222087628208, -0.0017311059637, -0.000232646794757], [-0.000454273889773, 0.000886055699084, -0.00143584958278, 0.00170328642707, -0.00199243589304, 0.00652185175568, -0.00414360547438, 0.00103042833507, -0.0019218986854, 0.00176114263013, -0.00210084905848, 0.00107597361784, 0.000238305496168], [0.000332025345415, -0.000916451681405, 0.00142012862489, -0.00195069622714, 0.000749684520997, -0.00414360547438, 0.00667438050732, -0.00286078918725, 0.00172080972698, -0.00126653211191, -0.000796661770437, -0.00183555250987, 0.00140185235068], [-0.000316803343594, 0.00112660729792, -0.00162844464649, 0.0016574569745, -0.0014856220223, 0.00103042833507, -0.00286078918725, 0.00794993247837, -0.003925842233, -0.000353394512786, 6.97769937688e-05, 0.0019535953179, -0.00136503262911], [0.00038394483272, -0.00140668544918, 0.00198007631116, -0.00210394337773, 0.000837100727949, -0.0019218986854, 0.00172080972698, -0.003925842233, 0.00963806640357, -0.00442454824224, 0.000686883693561, -0.000550868571736, -0.0022639753297], [-0.000644770392682, 0.00191585998982, -0.00132436596323, 0.00188924663235, -0.00228847516701, 0.00176114263013, -0.00126653211191, -0.000353394512786, -0.00442454824224, 0.0135655831546, -0.00521844625473, 0.000757754023653, -0.000269420677796], [0.000736480462365, -0.00158617226407, 0.00106575945392, -0.00166200031526, 0.00222087628208, -0.00210084905848, -0.000796661770437, 6.97769937688e-05, 0.000686883693561, -0.00521844625473, 0.0132471239194, -0.00554339215159, -0.000336248020176], [-0.000763451331295, 0.00179151177872, -0.00155331939459, 0.00245507643558, -0.0017311059637, 0.00107597361784, -0.00183555250987, 0.0019535953179, -0.000550868571736, 0.000757754023653, -0.00554339215159, 0.0157430358231, -0.00613413983956], [0.000344428612152, -0.000788084871601, 0.000733599765226, -0.00124039209913, -0.000232646794757, 0.000238305496168, 0.00140185235068, -0.00136503262911, -0.0022639753297, -0.000269420677796, -0.000336248020176, -0.00613413983956, 0.012670699507]]
    },
    "melbands": {
        "dmean": [0.00210893107578, 0.00106568820775, 0.000614490185399, 0.000714949856047, 0.00059791863896, 0.000187958023162, 0.000136942748213, 0.000273729587207, 0.000231143843848, 9.12015530048e-05, 0.00010081021901, 7.82387287472e-05, 5.13695267728e-05, 5.56324594072e-05, 4.37940543634e-05, 4.85841701447e-05, 4.56962661701e-05, 4.53700158687e-05, 4.53111715615e-05, 2.3544573196e-05, 2.06228050956e-05, 1.54042281792e-05, 1.71121500898e-05, 1.12448124128e-05, 7.32959142624e-06, 1.08064086817e-05, 1.04952214315e-05, 9.40275094763e-06, 8.34812362882e-06, 8.60383079271e-06, 7.57173756938e-06, 6.7059831963e-06, 6.06430558037e-06, 6.34605567029e-06, 4.9153695727e-06, 4.69991118734e-06, 3.99179634769e-06, 4.2548467718e-06, 3.72731119569e-06, 2.9870113849e-06],
        "dmean2": [0.00312612927519, 0.00157168682199, 0.00102663191501, 0.00117419508751, 0.000935216841754, 0.00029768209788, 0.000203044139198, 0.000410459615523, 0.000349717767676, 0.000133720008307, 0.00014759550686, 0.000115683302283, 7.8593759099e-05, 8.83746542968e-05, 6.93204419804e-05, 7.51833285904e-05, 7.34286004445e-05, 7.38119124435e-05, 7.29624371161e-05, 3.63590443158e-05, 3.21798688674e-05, 2.46463714575e-05, 2.82820692519e-05, 1.78714944923e-05, 1.12822699521e-05, 1.65222372743e-05, 1.58428265422e-05, 1.45070634971e-05, 1.24152084027e-05, 1.27662742671e-05, 1.10016489998e-05, 9.75261446001e-06, 9.20673574001e-06, 9.62499416346e-06, 7.19478157407e-06, 6.90222850608e-06, 5.75460944674e-06, 6.18081230641e-06, 5.62969580642e-06, 4.48207538284e-06],
        "dvar": [2.68784115178e-05, 1.33519806695e-05, 4.31197940998e-06, 1.91999220078e-06, 9.21220305372e-07, 2.21208480866e-07, 8.62700346715e-08, 3.40240688956e-07, 2.75189535159e-07, 4.70564742727e-08, 4.70971315281e-08, 2.57082888311e-08, 1.01738013569e-08, 1.2175646269e-08, 7.2574404264e-09, 9.08158170887e-09, 9.87648984818e-09, 9.24138898739e-09, 9.08991637516e-09, 1.88202231577e-09, 1.59083890505e-09, 1.1684145873e-09, 1.03253117167e-09, 4.01528144067e-10, 1.78212097857e-10, 4.73296901671e-10, 3.81453479914e-10, 2.57458832031e-10, 1.75710321293e-10, 2.03251693254e-10, 1.34298044907e-10, 1.09708263307e-10, 1.01256038276e-10, 1.0454141719e-10, 7.12667910796e-11, 6.27431509526e-11, 5.15507879439e-11, 8.63681140495e-11, 7.87602552621e-11, 5.08165211299e-11],
        "dvar2": [6.38685596641e-05, 3.40413353115e-05, 1.13480018626e-05, 4.95161248182e-06, 2.27187274504e-06, 5.11306041062e-07, 1.87507936289e-07, 6.7675551918e-07, 6.27624672234e-07, 9.51033030105e-08, 8.13969123215e-08, 4.69848835394e-08, 2.21236575726e-08, 2.7573456407e-08, 1.54777435313e-08, 1.78785004579e-08, 2.14236166585e-08, 2.3206101929e-08, 2.05606802695e-08, 4.13448031367e-09, 3.39856720544e-09, 3.01996916363e-09, 2.74768807706e-09, 8.01120503269e-10, 3.43118949919e-10, 1.18343546074e-09, 8.08093592042e-10, 5.94822135991e-10, 4.05890987487e-10, 4.14494938372e-10, 2.59417765047e-10, 2.06952996407e-10, 2.04825947869e-10, 2.32961427926e-10, 1.48149395529e-10, 1.41873429671e-10, 1.19338192106e-10, 1.90730209404e-10, 1.88797671941e-10, 1.07995383469e-10],
        "max": [0.0509386584163, 0.0380500778556, 0.0198990795761, 0.0113526908681, 0.00989938527346, 0.00686565879732, 0.00451384205371, 0.00670189037919, 0.00857326760888, 0.00390820251778, 0.00511068338528, 0.00282093463466, 0.00142890948337, 0.00128592457622, 0.00066640478326, 0.000933794479351, 0.00121916155331, 0.000880305306055, 0.000753506727051, 0.000394354603486, 0.000331873365212, 0.000293370103464, 0.0002405137202, 0.000168175174622, 0.000106768653495, 0.000177216497832, 0.000198234658455, 0.000202701077797, 0.000193155705347, 0.00010510058928, 8.79017097759e-05, 7.23642369849e-05, 8.13675287645e-05, 7.96600506874e-05, 0.000128264116938, 8.30532226246e-05, 8.61782755237e-05, 0.00014758616453, 0.000116139555757, 0.00010500629287],
        "mean": [0.00569066405296, 0.00166342337616, 0.000747449870687, 0.00127484241966, 0.00110132002737, 0.000307366310153, 0.00026915280614, 0.00040946205263, 0.00035789271351, 0.000159082424943, 0.000159897113917, 0.00011971314234, 6.74413531669e-05, 6.81310048094e-05, 5.2162547945e-05, 5.91589014221e-05, 5.38890417374e-05, 4.96182801726e-05, 5.04578092659e-05, 2.6681324016e-05, 2.33399296121e-05, 1.69796348928e-05, 2.03813979169e-05, 1.46569000208e-05, 8.71257998369e-06, 1.04594573713e-05, 1.14115355245e-05, 1.11305862447e-05, 9.81787161436e-06, 9.39347683016e-06, 8.8264405349e-06, 8.03876446298e-06, 7.19559193385e-06, 7.47539434087e-06, 6.58565431877e-06, 5.66894732401e-06, 4.97437940794e-06, 5.54412190468e-06, 5.04169202031e-06, 3.94253584091e-06],
        "median": [1.62653145708e-06, 3.40482511092e-05, 0.000110170149128, 0.000549969670828, 0.000502084498294, 8.75026089489e-05, 6.05499844823e-05, 6.71696689096e-05, 5.86354290135e-05, 2.60364140559e-05, 3.13203272526e-05, 2.65673788817e-05, 1.94794611161e-05, 1.7338026737e-05, 1.08777485366e-05, 1.28900055643e-05, 9.88985084405e-06, 7.96705990069e-06, 8.44147871248e-06, 6.65422930979e-06, 6.51029449728e-06, 5.38327185495e-06, 8.20587047201e-06, 6.06374760537e-06, 2.53597136179e-06, 1.85607007097e-06, 2.37332392317e-06, 3.16732689498e-06, 2.9343211736e-06, 2.10585335481e-06, 2.06651839108e-06, 1.74773754225e-06, 1.69667805494e-06, 2.09021754927e-06, 2.00290560315e-06, 1.48912533859e-06, 1.03794070583e-06, 1.37138579248e-06, 1.65569542787e-06, 1.24393443457e-06],
        "min": [1.9015746528e-24, 5.12338731101e-24, 1.9821341934e-23, 3.61050671153e-24, 2.23870015877e-23, 5.05172450425e-23, 1.54061458232e-23, 9.69672084547e-24, 1.2502860013e-23, 8.15311095829e-24, 8.18401773969e-24, 6.70635504647e-24, 5.2300906092e-24, 5.3377784058e-24, 1.01684801772e-23, 1.09226761676e-23, 1.19013472618e-23, 1.19833075433e-23, 1.33626048037e-23, 1.04922539362e-23, 8.9673763401e-24, 9.60026997803e-24, 8.91445008425e-24, 8.00463550301e-24, 1.12196262893e-23, 9.04735500298e-24, 8.6858303053e-24, 5.56696300915e-24, 7.47786337836e-24, 1.23692845625e-23, 1.00876400782e-23, 8.27270937127e-24, 8.2668307798e-24, 9.27054978547e-24, 8.28715104786e-24, 1.23141913057e-23, 1.14067922166e-23, 1.12672900541e-23, 1.03103347229e-23, 9.32015493691e-24],
        "stdev": [0.010181626305, 0.00428713718429, 0.0018861470744, 0.00181603292003, 0.00145317183342, 0.00066669244552, 0.000512419035658, 0.000796958687715, 0.000677667208947, 0.000385378720239, 0.00040222046664, 0.000270196585916, 0.000136580521939, 0.000134664427605, 0.000100424600532, 0.000116875460662, 0.000115171620564, 0.000105874329165, 0.000103662736365, 5.01310096297e-05, 4.36833834101e-05, 3.28533387801e-05, 3.28204587277e-05, 2.32597649301e-05, 1.54862318595e-05, 2.14156134462e-05, 2.15709587792e-05, 1.91459148482e-05, 1.64524171851e-05, 1.68220230989e-05, 1.45067660924e-05, 1.29281033878e-05, 1.18206999105e-05, 1.22079818539e-05, 1.17768240671e-05, 1.01307232399e-05, 9.2187883638e-06, 1.16437822726e-05, 1.04226191979e-05, 8.79647541296e-06],
        "var": [0.000103665523056, 1.83795436897e-05, 3.557550599e-06, 3.29797558152e-06, 2.11170822695e-06, 4.44478786221e-07, 2.62573280452e-07, 6.35143180716e-07, 4.59232865069e-07, 1.48516761556e-07, 1.61781301244e-07, 7.30061913146e-08, 1.86542390423e-08, 1.81345090056e-08, 1.00850998663e-08, 1.36598732325e-08, 1.32645014972e-08, 1.12093729854e-08, 1.07459623422e-08, 2.51311815802e-09, 1.90823801205e-09, 1.07934183813e-09, 1.07718245435e-09, 5.41016675903e-10, 2.39823383374e-10, 4.58628524047e-10, 4.65306293496e-10, 3.66566027532e-10, 2.70682032344e-10, 2.82980472388e-10, 2.1044627152e-10, 1.67135846829e-10, 1.39728950632e-10, 1.49034826147e-10, 1.38693584395e-10, 1.02631549093e-10, 8.49860667951e-11, 1.3557766021e-10, 1.08630986151e-10, 7.73779859631e-11]
    },
    "melbands128": {
