{
"lowlevel": {
    "average_loudness": 0.783980488777,
    "barkbands_crest": {
        "dmean": 2.37153697014,
        "dmean2": 3.85780119896,
        "dvar": 5.62861919403,
        "dvar2": 13.6511259079,
        "max": 25.4719848633,
        "mean": 11.0261392593,
        "median": 10.4307479858,
        "min": 2.45827698708,
        "stdev": 4.06657171249,
        "var": 16.5370063782
    },
    "barkbands_flatness_db": {
        "dmean": 0.0275768954307,
        "dmean2": 0.03968796134,
        "dvar": 0.0010011154227,
        "dvar2": 0.00174105144106,
        "max": 0.493395775557,
        "mean": 0.17875148356,
        "median": 0.162752717733,
        "min": 0.0244642719626,
        "stdev": 0.0774866044521,
        "var": 0.00600417423993
    },
    "barkbands_kurtosis": {
        "dmean": 7.00440597534,
        "dmean2": 10.5982065201,
        "dvar": 340.636901855,
        "dvar2": 792.309936523,
        "max": 248.58039856,
        "mean": 10.3159399033,
        "median": 3.69645643234,
        "min": -1.90062868595,
        "stdev": 23.6680259705,
        "var": 560.175415039
    },
    "barkbands_skewness": {
        "dmean": 0.783172667027,
        "dmean2": 1.1736035347,
        "dvar": 1.07104969025,
        "dvar2": 2.17056012154,
        "max": 12.7845716476,
        "mean": 2.11141562462,
        "median": 1.80389070511,
        "min": -5.52828216553,
        "stdev": 1.85606336594,
        "var": 3.44497108459
    },
    "barkbands_spread": {
        "dmean": 7.93096256256,
        "dmean2": 12.5980234146,
        "dvar": 133.056365967,
        "dvar2": 328.324188232,
        "max": 97.1945114136,
        "mean": 20.6067314148,
        "median": 17.78540802,
        "min": 0.377275943756,
        "stdev": 15.1790218353,
        "var": 230.402694702
    },
    "dissonance": {
        "dmean": 0.0401072204113,
        "dmean2": 0.064419195056,
        "dvar": 0.00152522081044,
        "dvar2": 0.00380742107518,
        "max": 0.49989053607,
        "mean": 0.410261273384,
        "median": 0.424510419369,
        "min": 0.170758664608,
        "stdev": 0.0631612837315,
        "var": 0.00398934818804
    },
    "dynamic_complexity": 3.63678097725,
    "erbbands_crest": {
        "dmean": 3.2341504097,
        "dmean2": 5.38864660263,
        "dvar": 8.90056037903,
        "dvar2": 22.6345806122,
        "max": 29.4577274323,
        "mean": 10.6769247055,
        "median": 9.9178686142,
        "min": 3.28617978096,
        "stdev": 4.27272510529,
        "var": 18.2561779022
    },
    "erbbands_flatness_db": {
        "dmean": 0.0212491974235,
        "dmean2": 0.0325187295675,
        "dvar": 0.000534192949999,
        "dvar2": 0.00111849885434,
        "max": 0.453012436628,
        "mean": 0.176229074597,
        "median": 0.166495278478,
        "min": 0.0602165795863,
        "stdev": 0.0659058541059,
        "var": 0.00434358138591
    },
    "erbbands_kurtosis": {
        "dmean": 1.85842716694,
        "dmean2": 3.01035118103,
        "dvar": 7.53794765472,
        "dvar2": 19.1575336456,
        "max": 34.0237693787,
        "mean": 1.85415756702,
        "median": 0.794026613235,
        "min": -1.88203370571,
        "stdev": 3.56461215019,
        "var": 12.7064599991
    },
    "erbbands_skewness": {
        "dmean": 0.552347421646,
        "dmean2": 0.829421341419,
        "dvar": 0.38502395153,
        "dvar2": 0.77696454525,
        "max": 4.45309925079,
        "mean": 0.912634730339,
        "median": 0.976303517818,
        "min": -4.0048866272,
        "stdev": 1.04022467136,
        "var": 1.08206725121
    },
    "erbbands_spread": {
        "dmean": 13.4379787445,
        "dmean2": 21.414888382,
        "dvar": 308.354248047,
        "dvar2": 761.206359863,
        "max": 183.533630371,
        "mean": 42.0458946228,
        "median": 33.7838783264,
        "min": 1.12287759781,
        "stdev": 28.0854492188,
        "var": 788.792480469
    },
    "hfc": {
        "dmean": 15.6957025528,
        "dmean2": 24.211315155,
        "dvar": 1035.26452637,
        "dvar2": 2466.45263672,
        "max": 422.153717041,
        "mean": 33.6914749146,
        "median": 29.8935565948,
        "min": 6.13132806393e-06,
        "stdev": 36.2802085876,
        "var": 1316.25341797
    },
    "loudness_ebu128": {
        "integrated": -9.74761676788,
        "loudness_range": 6.02725839615,
        "momentary": {
            "dmean": 0.789243817329,
            "dmean2": 0.849588692188,
            "dvar": 0.649359703064,
            "dvar2": 0.736507415771,
            "max": -5.55974960327,
            "mean": -10.8360481262,
            "median": -9.85358428955,
            "min": -21.525472641,
            "stdev": 3.4829249382,
            "var": 12.1307668686
        },
        "short_term": {
            "dmean": 0.10974239558,
            "dmean2": 0.0937788113952,
            "dvar": 0.0126316957176,
            "dvar2": 0.00699166022241,
            "max": -7.11825418472,
            "mean": -10.1538009644,
            "median": -9.52788066864,
            "min": -14.8163328171,
            "stdev": 1.90719592571,
            "var": 3.6373963356
        }
    },
    "melbands_crest": {
        "dmean": 3.28961801529,
        "dmean2": 5.11201667786,
        "dvar": 11.3856878281,
        "dvar2": 25.7858772278,
        "max": 38.4088096619,
        "mean": 18.2489566803,
        "median": 15.8810176849,
        "min": 3.34925413132,
        "stdev": 8.71591949463,
        "var": 75.9672546387
    },
    "melbands_flatness_db": {
        "dmean": 0.0327474474907,
        "dmean2": 0.0461358763278,
        "dvar": 0.00156467990018,
        "dvar2": 0.00266551459208,
        "max": 0.620907068253,
        "mean": 0.234672740102,
        "median": 0.217396199703,
        "min": 0.024297023192,
        "stdev": 0.101980209351,
        "var": 0.0103999637067
    },
    "melbands_kurtosis": {
        "dmean": 19.9837322235,
        "dmean2": 31.7915439606,
        "dvar": 4585.10351562,
        "dvar2": 11052.5332031,
        "max": 1079.69262695,
        "mean": 33.0709762573,
        "median": 10.7166376114,
        "min": -1.89946174622,
        "stdev": 85.4399871826,
        "var": 7299.99169922
    },
    "melbands_skewness": {
        "dmean": 1.11630678177,
        "dmean2": 1.69498682022,
        "dvar": 3.33909726143,
        "dvar2": 7.27147817612,
        "max": 28.0028133392,
        "mean": 3.4272711277,
        "median": 2.57226252556,
        "min": -1.45240330696,
        "stdev": 3.26319599152,
        "var": 10.6484479904
    },
    "melbands_spread": {
        "dmean": 9.81125926971,
        "dmean2": 15.381321907,
        "dvar": 461.658325195,
        "dvar2": 990.413024902,
        "max": 294.050537109,
        "mean": 22.3181095123,
        "median": 15.8752174377,
        "min": 0.14799118042,
        "stdev": 28.306640625,
        "var": 801.265930176
    },
    "pitch_salience": {
        "dmean": 0.0702572017908,
        "dmean2": 0.110000424087,
        "dvar": 0.00478598102927,
        "dvar2": 0.010766999796,
        "max": 0.871211230755,
        "mean": 0.532444059849,
        "median": 0.56650185585,
        "min": 0.0713748633862,
        "stdev": 0.176119789481,
        "var": 0.0310181826353
    },
    "silence_rate_20dB": {
        "dmean": 0,
        "dmean2": 0,
        "dvar": 0,
        "dvar2": 0,
        "max": 1,
        "mean": 1,
        "median": 1,
        "min": 1,
        "stdev": 0,
        "var": 0
    },
    "silence_rate_30dB": {
        "dmean": 0.0386996902525,
        "dmean2": 0.0774593353271,
        "dvar": 0.0372022986412,
        "dvar2": 0.074557185173,
        "max": 1,
        "mean": 0.794276893139,
        "median": 1,
        "min": 0,
        "stdev": 0.404229223728,
        "var": 0.163401275873
    },
    "silence_rate_60dB": {
        "dmean": 0.0557275526226,
        "dmean2": 0.110766850412,
        "dvar": 0.0526216588914,
        "dvar2": 0.112439230084,
        "max": 1,
        "mean": 0.11059551686,
        "median": 0,
        "min": 0,
        "stdev": 0.313628435135,
        "var": 0.0983627960086
    },
    "spectral_centroid": {
        "dmean": 326.907196045,
        "dmean2": 503.087768555,
        "dvar": 303002.75,
        "dvar2": 594342.3125,
        "max": 7295.74121094,
        "mean": 1181.25097656,
        "median": 1040.28198242,
        "min": 149.97265625,
        "stdev": 746.774291992,
        "var": 557671.875
    },
    "spectral_complexity": {
        "dmean": 3.35294127464,
        "dmean2": 4.91479492188,
        "dvar": 22.660276413,
        "dvar2": 37.1219978333,
        "max": 60,
        "mean": 13.5259084702,
        "median": 13,
        "min": 0,
        "stdev": 7.96620750427,
        "var": 63.4604606628
    },
    "spectral_decrease": {
        "dmean": 2.58055976587e-09,
        "dmean2": 3.57026652686e-09,
        "dvar": 1.55699048648e-17,
        "dvar2": 2.55014472351e-17,
        "max": -8.79141795763e-16,
        "mean": -1.34677611285e-08,
        "median": -8.33754842944e-09,
        "min": -5.92073057248e-08,
        "stdev": 1.41316496283e-08,
        "var": 1.99703515371e-16
    },
    "spectral_energy": {
        "dmean": 0.0103903226554,
        "dmean2": 0.0143920974806,
        "dvar": 0.000244665745413,
        "dvar2": 0.000406786362873,
        "max": 0.22832903266,
        "mean": 0.0538863316178,
        "median": 0.0355382077396,
        "min": 3.87421117409e-09,
        "stdev": 0.0546174570918,
        "var": 0.00298306648619
    },
    "spectral_energyband_high": {
        "dmean": 0.00144878774881,
        "dmean2": 0.00237806746736,
        "dvar": 1.27003868329e-05,
        "dvar2": 3.18698112096e-05,
        "max": 0.0372719056904,
        "mean": 0.00213958742097,
        "median": 0.0015371927293,
        "min": 5.30638311069e-10,
        "stdev": 0.00347824650817,
        "var": 1.20981985674e-05
    },
    "spectral_energyband_low": {
        "dmean": 0.00504915835336,
        "dmean2": 0.00658380705863,
        "dvar": 0.000178647678695,
        "dvar2": 0.000286272115773,
        "max": 0.204538777471,
        "mean": 0.031101571396,
        "median": 0.000918078701943,
        "min": 1.40607539501e-10,
        "stdev": 0.0482646152377,
        "var": 0.00232947291806
    },
    "spectral_energyband_middle_high": {
        "dmean": 0.00286259967834,
        "dmean2": 0.00379968527704,
        "dvar": 2.26806150749e-05,
        "dvar2": 3.93489499402e-05,
        "max": 0.0641304329038,
        "mean": 0.00625871308148,
        "median": 0.00271524512209,
        "min": 5.7311877466e-10,
        "stdev": 0.00884733907878,
        "var": 7.82754141255e-05
    },
    "spectral_energyband_middle_low": {
        "dmean": 0.00611610617489,
        "dmean2": 0.0091356812045,
        "dvar": 7.24730343791e-05,
        "dvar2": 0.000159605027875,
        "max": 0.103105217218,
        "mean": 0.0141942035407,
        "median": 0.00990160275251,
        "min": 2.64428856589e-09,
        "stdev": 0.0133163714781,
        "var": 0.00017732573906
    },
    "spectral_entropy": {
        "dmean": 0.244592040777,
        "dmean2": 0.368555605412,
        "dvar": 0.0898863077164,
        "dvar2": 0.184141933918,
        "max": 8.89521217346,
        "mean": 7.52288484573,
        "median": 7.63987255096,
        "min": 4.33502435684,
        "stdev": 0.734502792358,
        "var": 0.539494395256
    },
    "spectral_flux": {
        "dmean": 0.0340919978917,
        "dmean2": 0.0510488450527,
        "dvar": 0.0016271964414,
        "dvar2": 0.00289308163337,
        "max": 0.442199379206,
        "mean": 0.102890454233,
        "median": 0.0947613716125,
        "min": 6.22431616648e-05,
        "stdev": 0.0668310597539,
        "var": 0.00446639070287
    },
    "spectral_kurtosis": {
        "dmean": 3.12750649452,
        "dmean2": 5.06282138824,
        "dvar": 58.4418487549,
        "dvar2": 156.82875061,
        "max": 178.650299072,
        "mean": 7.66772794724,
        "median": 1.89624261856,
        "min": -1.40535485744,
        "stdev": 20.9764270782,
        "var": 440.010498047
    },
    "spectral_rms": {
        "dmean": 0.000812456768472,
        "dmean2": 0.00109738123138,
        "dvar": 1.19747005556e-06,
        "dvar2": 1.91346839529e-06,
        "max": 0.0149251474068,
        "mean": 0.00619389396161,
        "median": 0.00588824460283,
        "min": 1.9441497443e-06,
        "stdev": 0.00376931368373,
        "var": 1.42077260534e-05
    },
    "spectral_rolloff": {
        "dmean": 788.896972656,
        "dmean2": 1370.97058105,
        "dvar": 3367095.5,
        "dvar2": 7960635.5,
        "max": 12489.2578125,
        "mean": 1603.16516113,
        "median": 839.794921875,
        "min": 43.06640625,
        "stdev": 2288.72949219,
        "var": 5238283
    },
    "spectral_skewness": {
        "dmean": 0.381790101528,
        "dmean2": 0.592662572861,
        "dvar": 0.256411910057,
        "dvar2": 0.590814232826,
        "max": 10.6971273422,
        "mean": 1.7720580101,
        "median": 1.39484131336,
        "min": -0.340222805738,
        "stdev": 1.51711320877,
        "var": 2.30163240433
    },
    "spectral_spread": {
        "dmean": 1066282.25,
        "dmean2": 1592957.5,
        "dvar": 1.63433545728e+12,
        "dvar2": 3.1767789568e+12,
        "max": 17965980,
        "mean": 6687208.5,
        "median": 6843694.5,
        "min": 550089,
        "stdev": 2898452,
        "var": 8.4010247127e+12
    },
    "spectral_strongpeak": {
        "dmean": 0.512920379639,
        "dmean2": 0.815443992615,
        "dvar": 0.698500931263,
        "dvar2": 1.7106205225,
        "max": 8.39598655701,
        "mean": 1.05273807049,
        "median": 0.553624033928,
        "min": 0,
        "stdev": 1.17666685581,
        "var": 1.3845448494
    },
    "zerocrossingrate": {
        "dmean": 0.0169190205634,
        "dmean2": 0.0201655235142,
        "dvar": 0.000650288769975,
        "dvar2": 0.000686967046931,
        "max": 0.44140625,
        "mean": 0.0664115399122,
        "median": 0.05419921875,
        "min": 0.00146484375,
        "stdev": 0.0575343556702,
        "var": 0.00331020215526
    },
    "barkbands": {
        "dmean": [0.0026690303348, 0.0041302042082, 0.00144592614379, 0.00077401753515, 0.000504043477122, 0.00134481769055, 0.00167885818519, 0.00290472968481, 0.00273510813713, 0.00125249172561, 0.000424170866609, 0.000464501208626, 0.000685466453433, 0.000608005269896, 0.000262728484813, 0.000189795566257, 0.000214092913666, 0.000160289084306, 0.000124484489788, 0.000133481560624, 0.000139862007927, 0.000262127345195, 0.000455928471638, 0.000460769078927, 0.00024065344769, 8.36448452901e-05, 3.98385554945e-06],
        "dmean2": [0.00349572766572, 0.00581293459982, 0.00268365372904, 0.00128263910301, 0.000798055843916, 0.0020914087072, 0.00263742217794, 0.00466446066275, 0.00392748741433, 0.00181889871601, 0.000610837771092, 0.000722412951291, 0.00101353810169, 0.000920773774851, 0.000394684408093, 0.000296295824228, 0.000318756181514, 0.000253333826549, 0.00019144709222, 0.000214126383071, 0.000223629540415, 0.000426660262747, 0.000753826112486, 0.000782921444625, 0.0003899440635, 0.000131622975459, 7.03169598637e-06],
        "dvar": [3.21363877447e-05, 0.000175413340912, 4.74261978525e-05, 5.96674999542e-06, 1.42407577641e-06, 6.05274453847e-06, 9.71185909293e-06, 3.28694804921e-05, 2.07850171137e-05, 1.04984665086e-05, 1.16404589789e-06, 1.01942123365e-06, 2.12939471567e-06, 1.91272033589e-06, 3.9091941062e-07, 4.46601831072e-07, 2.87061112658e-07, 6.28276097814e-07, 3.01823803284e-07, 3.68699488718e-07, 3.14379263955e-07, 2.91169470756e-07, 1.17160277568e-06, 1.8790027525e-06, 2.33420024642e-07, 2.56612917582e-08, 1.60794766391e-10],
        "dvar2": [5.35164872417e-05, 0.000353866344085, 0.00014070031466, 1.70279217855e-05, 3.13127566187e-06, 1.32617797135e-05, 2.3102893465e-05, 8.03758448455e-05, 4.17298579123e-05, 1.92972020159e-05, 2.57624060396e-06, 2.48808260039e-06, 4.64846834802e-06, 4.57617625216e-06, 8.04686976608e-07, 1.12953182452e-06, 6.31589614386e-07, 1.49599998167e-06, 5.86638748246e-07, 8.17856403046e-07, 7.79702475029e-07, 7.53473671011e-07, 3.05378534904e-06, 5.04209947394e-06, 5.38057179256e-07, 6.02542868933e-08, 4.55850523995e-10],
        "max": [0.077614068985, 0.200243011117, 0.0973968654871, 0.0368560291827, 0.0175375007093, 0.0278313420713, 0.0303154140711, 0.0463603325188, 0.0588328242302, 0.0446618534625, 0.0177746526897, 0.00996610801667, 0.0217119976878, 0.0196991357952, 0.0111946249381, 0.0117045231164, 0.00980591587722, 0.0162783619016, 0.00979147478938, 0.0114901112393, 0.00945350062102, 0.0102552613243, 0.0104549843818, 0.0154640283436, 0.00421748729423, 0.00169755110983, 0.000158219656441],
        "mean": [0.00979012064636, 0.0201234612614, 0.00174833228812, 0.00102840829641, 0.000846099574119, 0.00229892041534, 0.00218262337148, 0.00306776328944, 0.00412821443751, 0.00216263858601, 0.000577676226385, 0.000629861431662, 0.00101483683102, 0.000830852717627, 0.000369832152501, 0.0002263848437, 0.000318161066389, 0.000179876733455, 0.000139953612234, 0.000150412175572, 0.000173136402736, 0.000414049078245, 0.000546272145584, 0.000490170612466, 0.000325921311742, 0.000119354212075, 2.99150588035e-06],
        "median": [2.10355283343e-05, 0.00021427863976, 0.000230190518778, 0.000459446106106, 0.000387804146158, 0.00100210600067, 0.000646048225462, 0.000551682838704, 0.000934628420509, 0.000274481048109, 0.000127138555399, 0.000114540933282, 0.000180119459401, 0.000119141666801, 7.29810708435e-05, 4.45926489192e-05, 9.12521063583e-05, 4.27142986155e-05, 2.86696686089e-05, 3.93614536733e-05, 6.67498388793e-05, 0.000278718798654, 0.000284899986582, 0.000193709769519, 0.000144243400428, 6.03336375207e-05, 1.07995845156e-07],
        "min": [1.2033932878e-11, 9.70748342821e-11, 2.95428126407e-11, 3.70739463434e-12, 4.06192926516e-11, 1.02377140099e-09, 6.22929208216e-10, 4.64981803061e-10, 4.70948335884e-10, 1.31263611092e-10, 2.33150022726e-12, 1.34350310824e-12, 4.05502298406e-10, 9.24524454389e-13, 2.75246974735e-13, 1.19423229986e-11, 2.89264082522e-13, 1.18896247014e-11, 1.21694919766e-11, 1.25517833974e-11, 1.06873412897e-10, 1.68932035027e-10, 1.45485267713e-13, 9.79292133496e-11, 5.32053047453e-11, 9.10356096062e-11, 3.29348602156e-15],
        "stdev": [0.0173459015787, 0.034619089216, 0.00556055409834, 0.0021919249557, 0.00171831878833, 0.00369468983263, 0.00364856282249, 0.00614376971498, 0.00678365351632, 0.00541087146848, 0.00139978632797, 0.00126419204753, 0.00220445916057, 0.00180660455953, 0.000903811131138, 0.000634832598735, 0.000623315921985, 0.000748965132516, 0.000587925955188, 0.000599962600973, 0.000552702520508, 0.000618735211901, 0.0010182694532, 0.00118850485887, 0.000566339818761, 0.000184535980225, 1.04216469481e-05],
        "var": [0.000300880288705, 0.00119848141912, 3.09197639581e-05, 4.80453536511e-06, 2.95261952488e-06, 1.36507323987e-05, 1.33120111059e-05, 3.77459073206e-05, 4.60179580841e-05, 2.92775293929e-05, 1.95940174308e-06, 1.59818159773e-06, 4.85964028485e-06, 3.26381996274e-06, 8.16874546672e-07, 4.03012421657e-07, 3.88522721551e-07, 5.60948762995e-07, 3.45656900436e-07, 3.59955123486e-07, 3.0548005725e-07, 3.82833235335e-07, 1.03687261799e-06, 1.41254372465e-06, 3.20740809912e-07, 3.40535279975e-08, 1.08610717642e-10]
    },
    "erbbands": {
        "dmean": [0.212725251913, 0.796374619007, 1.54593443871, 2.18448829651, 2.20655322075, 1.51507782936, 5.5003323555, 13.1520900726, 12.0387859344, 52.706161499, 52.7676811218, 68.4520568848, 39.3478813171, 24.0939006805, 18.0112991333, 19.6371212006, 29.5796890259, 28.5041790009, 20.3363437653, 8.99532794952, 10.6798820496, 11.8540115356, 9.4602394104, 6.52133989334, 6.34617090225, 6.12326288223, 5.24966955185, 6.61052751541, 9.21131896973, 11.3699874878, 14.245677948, 11.4215707779, 6.33332014084, 3.36477398872, 1.4693338871, 0.536149144173, 0.125350996852, 0.0175214391202, 0.000488557794597, 2.58819818555e-05],
        "dmean2": [0.284534007311, 1.22190248966, 2.71583104134, 3.7811152935, 3.54648685455, 2.33791518211, 8.70794010162, 20.3925704956, 19.3206882477, 85.0360717773, 83.5907592773, 99.3411560059, 56.0109519958, 32.8026618958, 25.2555961609, 29.7193889618, 43.9557647705, 41.8815689087, 29.9696216583, 13.1229076385, 16.6405601501, 17.634349823, 14.9704427719, 9.82601165771, 9.77549171448, 9.72295475006, 8.57902240753, 10.6486949921, 15.0742702484, 18.4169368744, 24.2358665466, 19.4813499451, 10.5890598297, 5.46120929718, 2.37819671631, 0.849766075611, 0.198368564248, 0.029131796211, 0.000828561605886, 3.99333366659e-05],
        "dvar": [0.404839754105, 9.41353607178, 50.4791488647, 72.3552474976, 28.4570407867, 15.9833726883, 88.264289856, 699.187255859, 613.012207031, 10227.5214844, 12598.3466797, 14048.8046875, 10283.3642578, 3394.63964844, 1973.34326172, 1814.74829102, 3857.11645508, 3952.78588867, 2235.15258789, 398.847930908, 1553.04663086, 955.169677734, 2086.69824219, 1426.02770996, 586.897521973, 828.136901855, 644.149780273, 479.340881348, 432.382171631, 407.955108643, 1552.25805664, 1308.82971191, 244.785583496, 46.6479873657, 8.49193382263, 1.03246378899, 0.0580680258572, 0.00190070224926, 1.68073950135e-06, 2.37439845563e-09],
        "dvar2": [0.710562169552, 20.9085655212, 145.952636719, 210.052474976, 75.8852081299, 31.8181800842, 209.81791687, 1430.33337402, 1551.77978516, 24750.4648438, 29634.28125, 27547.2695312, 20322.71875, 6584.53857422, 4318.35205078, 4276.93603516, 8653.49707031, 9324.72363281, 5077.54638672, 885.409057617, 3894.59521484, 2098.71044922, 5133.43408203, 2876.29125977, 1163.88146973, 1872.5723877, 1636.76745605, 1249.93762207, 1133.32922363, 1043.83862305, 4135.66162109, 3499.38769531, 653.169067383, 108.630554199, 20.1320972443, 2.33440279961, 0.143080621958, 0.00494005344808, 4.55592271464e-06, 5.63701796352e-09],
        "max": [8.61426258087, 51.1719970703, 101.637008667, 114.423828125, 84.1088867188, 81.196647644, 90.6496429443, 361.088653564, 357.366210938, 1023.66217041, 1110.58557129, 1394.9822998, 1487.70129395, 744.568969727, 673.026367188, 462.298065186, 776.198608398, 1074.58398438, 744.79095459, 303.820129395, 784.476745605, 567.39239502, 936.68963623, 714.236755371, 450.520629883, 549.126831055, 460.405181885, 362.018066406, 427.798858643, 240.901748657, 383.710998535, 389.549377441, 179.640731812, 61.5601234436, 25.6072406769, 9.91160774231, 2.52068066597, 0.565301120281, 0.0135990511626, 0.00061801855918],
        "mean": [1.2307933569, 1.99623739719, 2.25586771965, 2.71452474594, 3.41281056404, 2.48001122475, 9.02260112762, 22.0496997833, 17.0964279175, 68.8112411499, 65.5835037231, 105.233428955, 67.9185409546, 39.6496047974, 26.3057327271, 29.1247310638, 47.4280700684, 44.7246360779, 31.6924762726, 12.8441534042, 13.7019510269, 18.0467472076, 11.4822387695, 7.15419864655, 7.66969156265, 6.98408555984, 5.82703113556, 9.19224739075, 14.2467851639, 16.8037090302, 15.2847728729, 11.1673822403, 7.38342046738, 4.47921276093, 1.86577987671, 0.760219573975, 0.169260248542, 0.0190411321819, 0.000526083924342, 8.56517945067e-05],
        "median": [0.00763293309137, 0.0389121025801, 0.231338948011, 1.08751499653, 1.64672636986, 1.00769531727, 4.86175966263, 8.22707557678, 8.21605300903, 17.5394706726, 17.1464557648, 23.722032547, 11.1201810837, 7.62490320206, 6.21921300888, 6.37159538269, 9.23876476288, 8.06191539764, 5.73092460632, 3.78373265266, 2.77844429016, 5.74667024612, 3.41707539558, 1.48266804218, 1.90758490562, 1.87934565544, 1.71221387386, 4.45480537415, 9.49634170532, 11.1942014694, 6.39405250549, 3.54588532448, 3.49545192719, 1.84538221359, 0.829360067844, 0.36794346571, 0.08568392694, 0.00665331212804, 0.000209580131923, 6.7571287218e-05],
        "min": [3.22141735509e-09, 1.98025560394e-08, 3.92164203333e-08, 2.0455855676e-08, 4.03438704666e-08, 1.6808695591e-07, 2.48713422479e-06, 1.02651792986e-05, 9.93098365143e-06, 8.99292081158e-06, 1.14526192192e-05, 1.16368346426e-05, 4.10356460634e-06, 2.49918389272e-06, 1.44402022784e-07, 1.05897208869e-06, 1.92282241187e-05, 3.63202343578e-06, 1.19934668419e-07, 4.9715225714e-07, 2.49850529599e-07, 1.5362546435e-07, 6.87222154738e-07, 2.50996095019e-07, 5.70351289753e-07, 1.08659764919e-06, 5.68869427298e-06, 3.10030145556e-06, 6.20481114311e-06, 1.62871299381e-06, 9.99959866022e-08, 1.58412990459e-06, 1.33562866722e-06, 8.35195919535e-07, 4.04820866606e-07, 5.03426633713e-07, 1.23633867588e-07, 1.01745092351e-08, 1.92822022238e-10, 1.54315397266e-11],
        "stdev": [2.01254034042, 5.68091726303, 6.47721672058, 7.10425138474, 6.01180076599, 5.74957990646, 11.9818305969, 41.6792030334, 27.9149532318, 114.855895996, 127.520835876, 174.750152588, 164.06350708, 89.4242248535, 59.2474975586, 56.3552742004, 94.9684066772, 94.0109329224, 71.2641067505, 24.489692688, 37.4636688232, 35.6179771423, 41.9952316284, 39.2253456116, 26.1276817322, 28.0914268494, 22.7581691742, 22.923160553, 23.6413459778, 22.5209674835, 34.7533149719, 30.9640731812, 14.4075393677, 7.95427083969, 3.24853563309, 1.21096217632, 0.262771546841, 0.0412364713848, 0.00116078485735, 8.20645000204e-05],
        "var": [4.05031871796, 32.272819519, 41.9543380737, 50.4703865051, 36.1417503357, 33.0576705933, 143.56427002, 1737.15600586, 779.244567871, 13191.8759766, 16261.5634766, 30537.6152344, 26916.8359375, 7996.69140625, 3510.26611328, 3175.91699219, 9018.99804688, 8838.05566406, 5078.57324219, 599.745056152, 1403.52648926, 1268.64025879, 1763.59936523, 1538.62768555, 682.655761719, 789.128295898, 517.934265137, 525.471313477, 558.913208008, 507.193939209, 1207.79296875, 958.773864746, 207.577194214, 63.2704277039, 10.552983284, 1.46642935276, 0.0690488815308, 0.0017004464753, 1.3474214029e-06, 6.73458266931e-09]
    },
    "gfcc": {
        "mean": [-11.9659156799, 70.0515441895, -101.104942322, 6.35834789276, -81.4307479858, 21.6909141541, -45.5426292419, 8.47328853607, -15.4444694519, 7.96581220627, -19.8992481232, 3.52894449234, -17.5443077087],
        "cov": [[11356.2255859, -3684.05957031, 106.19115448, 1456.20336914, -434.16293335, 1649.02075195, 456.73626709, 1428.28662109, 485.274078369, 552.880371094, -276.578460693, 330.11126709, -275.83416748], [-3684.05957031, 2902.83862305, -18.8630313873, -241.25289917, 777.229797363, -410.211791992, 381.996917725, -381.382049561, 95.7540664673, -200.45904541, 282.95223999, -68.090461731, 222.554611206], [106.19115448, -18.8630313873, 1405.59313965, 575.988464355, 259.012542725, 350.325927734, 154.797622681, 265.314880371, 164.41078186, 124.650901794, 182.832046509, 156.133636475, 72.3163757324], [1456.20336914, -241.25289917, 575.988464355, 1070.38574219, 411.654083252, 373.143371582, 189.615722656, 364.732696533, 255.854293823, 142.781860352, 150.261856079, 140.179382324, 137.641998291], [-434.16293335, 777.229797363, 259.012542725, 411.654083252, 778.925415039, 203.361190796, 232.357009888, 90.2798309326, 185.137451172, 64.4816589355, 139.245605469, 71.767036438, 185.899490356], [1649.02075195, -410.211791992, 350.325927734, 373.143371582, 203.361190796, 721.12902832, 358.558868408, 367.504058838, 176.075256348, 131.303421021, 59.9910697937, 96.653213501, 5.03703927994], [456.73626709, 381.996917725, 154.797622681, 189.615722656, 232.357009888, 358.558868408, 569.961608887, 223.446151733, 78.0059509277, 16.0740833282, 123.610305786, 81.7341308594, 48.0617103577], [1428.28662109, -381.382049561, 265.314880371, 364.732696533, 90.2798309326, 367.504058838, 223.446151733, 410.784484863, 171.407653809, 90.9564666748, 60.8135871887, 98.0503234863, 19.9187297821], [485.274078369, 95.7540664673, 164.41078186, 255.854293823, 185.137451172, 176.075256348, 78.0059509277, 171.407653809, 274.409515381, 99.7520217896, 56.4636230469, 28.5785369873, 46.065536499], [552.880371094, -200.45904541, 124.650901794, 142.781860352, 64.4816589355, 131.303421021, 16.0740833282, 90.9564666748, 99.7520217896, 186.01914978, -15.011762619, 37.3459434509, 10.7367553711], [-276.578460693, 282.95223999, 182.832046509, 150.261856079, 139.245605469, 59.9910697937, 123.610305786, 60.8135871887, 56.4636230469, -15.011762619, 208.514541626, 61.0754585266, 65.2410507202], [330.11126709, -68.090461731, 156.133636475, 140.179382324, 71.767036438, 96.653213501, 81.7341308594, 98.0503234863, 28.5785369873, 37.3459434509, 61.0754585266, 152.421539307, 46.8737983704], [-275.83416748, 222.554611206, 72.3163757324, 137.641998291, 185.899490356, 5.03703927994, 48.0617103577, 19.9187297821, 46.065536499, 10.7367553711, 65.2410507202, 46.8737983704, 135.287094116]],
        "icov": [[0.000382090482162, 0.000162781201652, 0.000305934867356, -0.000415405695094, 0.000211832651985, -0.000361745158443, -4.56321286038e-05, -0.000597506179474, -0.000118995303637, -0.000217077642446, 0.000438130780822, -0.000429883541074, 0.000592331402004], [0.000162781201652, 0.00201509241015, -0.000218143890379, 0.000651471142191, -0.00163629930466, 0.00159638503101, -0.00226931390353, 0.00164759939071, -0.00206375983544, 0.00109630008228, -0.00083198165521, 0.000520376663189, 6.00063576712e-05], [0.000305934867356, -0.000218143890379, 0.00135372439399, -0.00083022902254, 0.000416383263655, -0.000872827251442, 0.000579652143642, -0.000842449022457, 0.000367667118553, -0.000656935910229, -0.000144948746311, -0.000886286608875, 0.000786057440564], [-0.000415405695094, 0.000651471142191, -0.00083022902254, 0.0027775533963, -0.00153518118896, 0.00104450969957, -0.000499423185829, 0.000157771006343, -0.000926355656702, 0.000465387973236, -0.00119760562666, 0.000703120604157, -0.001463552122], [0.000211832651985, -0.00163629930466, 0.000416383263655, -0.00153518118896, 0.00434638978913, -0.00222609099001, 0.00120779708959, -0.000664588646032, 0.000581710308325, -0.00117796426639, 0.00108181266114, -0.000649398192763, -0.00215901760384], [-0.000361745158443, 0.00159638503101, -0.000872827251442, 0.00104450969957, -0.00222609099001, 0.00540717598051, -0.00330466590822, 0.000354514952051, -0.00176170782652, 0.000285352492938, -0.000846291368362, 0.000989353866316, 0.000662107719108], [-4.56321286038e-05, -0.00226931390353, 0.000579652143642, -0.000499423185829, 0.00120779708959, -0.00330466590822, 0.00597118120641, -0.00328983739018, 0.0030619346071, -0.00078508304432, -0.000210940735997, -0.000939829624258, 0.000111900451884], [-0.000597506179474, 0.00164759939071, -0.000842449022457, 0.000157771006343, -0.000664588646032, 0.000354514952051, -0.00328983739018, 0.00984220672399, -0.00437024980783, 0.00186700723134, -0.00120754749514, -0.000613318348769, -0.000884430424776], [-0.000118995303637, -0.00206375983544, 0.000367667118553, -0.000926355656702, 0.000581710308325, -0.00176170782652, 0.0030619346071, -0.00437024980783, 0.00917180627584, -0.00368699617684, -0.000456687004771, 0.00129450671375, -0.000338435638696], [-0.000217077642446, 0.00109630008228, -0.000656935910229, 0.000465387973236, -0.00117796426639, 0.000285352492938, -0.00078508304432, 0.00186700723134, -0.00368699617684, 0.00895231217146, 0.00116867630277, -0.00104500085581, -0.000412914319895], [0.000438130780822, -0.00083198165521, -0.000144948746311, -0.00119760562666, 0.00108181266114, -0.000846291368362, -0.000210940735997, -0.00120754749514, -0.000456687004771, 0.00116867630277, 0.00874001905322, -0.00257862266153, -0.000903022708371], [-0.000429883541074, 0.000520376663189, -0.000886286608875, 0.000703120604157, -0.000649398192763, 0.000989353866316, -0.000939829624258, -0.000613318348769, 0.00129450671375, -0.00104500085581, -0.00257862266153, 0.0106890928, -0.00351229007356], [0.000592331402004, 6.00063576712e-05, 0.000786057440564, -0.001463552122, -0.00215901760384, 0.000662107719108, 0.000111900451884, -0.000884430424776, -0.000338435638696, -0.000412914319895, -0.000903022708371, -0.00351229007356, 0.0144024668261]]
    },
    "melbands": {
        "dmean": [0.00147560960613, 0.000726666010451, 0.000367870641639, 0.00012539405725, 0.00016225501895, 0.000275468250038, 0.000219584850129, 0.000612852163613, 0.000445966230473, 0.00040597631596, 0.000197210451006, 0.000115631693916, 6.19978745817e-05, 5.0605594879e-05, 5.59998370591e-05, 6.95753988111e-05, 5.54718099011e-05, 3.86440478906e-05, 1.48060635183e-05, 1.22432065837e-05, 1.30526186695e-05, 1.32394134198e-05, 1.01305149656e-05, 7.58354326535e-06, 5.16586942467e-06, 4.39320638179e-06, 5.13267468705e-06, 3.95569759348e-06, 3.04093646264e-06, 3.32613103637e-06, 4.37402695752e-06, 5.68175710214e-06, 5.32022750122e-06, 6.82477366354e-06, 8.54746394907e-06, 7.5364928307e-06, 6.97202585798e-06, 4.87206716571e-06, 3.39652865478e-06, 2.88194883069e-06],
        "dmean2": [0.00203954475001, 0.00118792802095, 0.00062556337798, 0.000194189095055, 0.000251317513175, 0.00042942239088, 0.000351528608007, 0.000984837533906, 0.000687078689225, 0.000593667500652, 0.000285282556433, 0.000157924165251, 8.76681006048e-05, 7.88803881733e-05, 8.43244488351e-05, 0.000102293517557, 8.20536515675e-05, 5.82445863984e-05, 2.16818934859e-05, 1.91090675798e-05, 2.06533950404e-05, 2.00957656489e-05, 1.50355344886e-05, 1.23654735944e-05, 7.83395898907e-06, 6.69158316668e-06, 8.10757501313e-06, 6.37334142084e-06, 4.97354722029e-06, 5.35404387847e-06, 7.07618255547e-06, 9.41222697293e-06, 8.59453484736e-06, 1.11699200716e-05, 1.45114827319e-05, 1.28603269332e-05, 1.19380847536e-05, 8.29441250971e-06, 5.563549621e-06, 4.67977906737e-06],
        "dvar": [1.90702339751e-05, 9.5204459285e-06, 1.80243864634e-06, 9.11475339649e-08, 7.24728153045e-08, 2.85587361759e-07, 1.76169962174e-07, 1.34230890581e-06, 7.80616517204e-07, 5.00776934587e-07, 2.68044601626e-07, 8.22671921696e-08, 2.74296088065e-08, 1.2800209781e-08, 1.30418875699e-08, 2.24645440028e-08, 1.55935282464e-08, 8.92968543553e-09, 8.5868145927e-10, 1.66764901888e-09, 2.38144193254e-09, 1.21931265085e-09, 7.87155007842e-10, 2.02497840718e-09, 9.3778174115e-10, 2.84760243163e-10, 4.60565169336e-10, 3.50187073783e-10, 1.88353818653e-10, 2.02949115846e-10, 1.72358113892e-10, 1.8548643177e-10, 9.43429709355e-11, 1.36254035832e-10, 5.06288344582e-10, 5.10185227398e-10, 4.89789042657e-10, 1.53167742378e-10, 4.58237961465e-11, 3.6067652337e-11],
        "dvar2": [3.53273026121e-05, 2.39549099206e-05, 5.20533876625e-06, 2.02707028052e-07, 1.69724955867e-07, 5.96810309617e-07, 4.34511946423e-07, 3.3050332604e-06, 1.76634432592e-06, 1.00087572719e-06, 5.22985203588e-07, 1.54740334324e-07, 6.13039787822e-08, 3.25724798245e-08, 2.94166149217e-08, 4.75054022786e-08, 3.73260924391e-08, 2.1122513516e-08, 1.7539656394e-09, 4.19848644739e-09, 5.94321747371e-09, 2.78055067859e-09, 1.56955681785e-09, 5.04758546072e-09, 1.84751947074e-09, 5.97670302138e-10, 9.3087770825e-10, 8.2664525225e-10, 4.78037942564e-10, 5.02557773174e-10, 4.51671561263e-10, 4.79787320984e-10, 2.52664306144e-10, 3.4008962313e-10, 1.35608158036e-09, 1.34818367581e-09, 1.32086397375e-09, 4.14985101838e-10, 1.13439098393e-10, 8.31087490494e-11],
        "max": [0.0563864484429, 0.041705776006, 0.01882580854, 0.00476895878091, 0.00248626549728, 0.00689866440371, 0.00484370766208, 0.010252578184, 0.00854700431228, 0.00751507934183, 0.00724201789126, 0.00395748065785, 0.00285144383088, 0.00128884881269, 0.00143282627687, 0.00229804846458, 0.00223585800268, 0.00132089294493, 0.000338395737344, 0.000827379757538, 0.000990519067273, 0.000635746342596, 0.000524314236827, 0.000906426168513, 0.000558161351364, 0.000317029858707, 0.000398073258111, 0.00035290827509, 0.000248164957156, 0.000242212292505, 0.000221861890168, 0.000283321656752, 0.000144614416058, 0.000153293949552, 0.000222053509788, 0.000225928524742, 0.000250647048233, 0.000143438912346, 6.55729600112e-05, 5.82646971452e-05],
        "mean": [0.00844032876194, 0.00150079187006, 0.000505104486365, 0.000208244775422, 0.000274981866824, 0.000472260959214, 0.000297422258882, 0.000761238508858, 0.000585232628509, 0.000613518990576, 0.000333949748892, 0.000180117072887, 8.59071369632e-05, 6.98157964507e-05, 8.37605766719e-05, 0.000108346182969, 7.94683219283e-05, 5.65224654565e-05, 2.12938575714e-05, 1.4747834939e-05, 1.61234056577e-05, 1.95025186258e-05, 1.39727426358e-05, 7.89461500972e-06, 5.46950604985e-06, 5.03887349623e-06, 5.98924270889e-06, 4.29216152042e-06, 3.32561671712e-06, 3.74045680474e-06, 6.09413336861e-06, 8.44942042022e-06, 7.78029516368e-06, 9.89569980447e-06, 9.10757444217e-06, 7.28650002202e-06, 6.63962464387e-06, 5.38904487257e-06, 4.22936636824e-06, 3.70943666894e-06],
        "median": [6.84623446432e-05, 0.000113053662062, 0.000223507318879, 9.39595556702e-05, 0.0001536757336, 0.000190496793948, 0.000121319921163, 0.000195591768716, 0.000146427089931, 0.000130317290314, 5.02465481986e-05, 2.93602170132e-05, 1.92441038962e-05, 1.49353245433e-05, 1.64728044183e-05, 1.83467527677e-05, 1.18618227134e-05, 8.2913938968e-06, 5.28035798197e-06, 3.58792999577e-06, 2.85782130049e-06, 5.23357448401e-06, 4.52346830571e-06, 1.5377603404e-06, 8.93396361334e-07, 1.08734457172e-06, 1.26611678297e-06, 9.59380827226e-07, 8.21083915525e-07, 1.16588319088e-06, 2.81872257801e-06, 5.1032952797e-06, 4.74319131172e-06, 6.46466287435e-06, 3.7748543491e-06, 1.94504036699e-06, 1.89568118003e-06, 2.17311981032e-06, 1.81091434115e-06, 1.37922791055e-06],
        "min": [2.83868033246e-11, 2.18049120426e-11, 3.92998958029e-12, 6.0740058816e-12, 6.88403986593e-11, 2.24340657162e-10, 1.47294274e-10, 9.68203919816e-11, 9.81905043385e-11, 6.62328455969e-11, 1.96400395946e-11, 1.23172930189e-11, 2.38710445724e-13, 8.23053918856e-14, 1.47275507761e-11, 4.49641886224e-11, 1.84743388122e-12, 6.00060459153e-15, 1.2601264433e-13, 1.18053299341e-12, 7.83021786516e-14, 7.82003856201e-15, 8.62068825613e-13, 2.36547055815e-13, 1.34688877347e-13, 7.79936607919e-13, 1.45151733244e-14, 7.03839764249e-13, 3.35883708e-12, 2.79949739605e-12, 1.81528002265e-12, 5.30026933801e-12, 9.20461840428e-13, 5.62304597416e-13, 1.7653642311e-16, 9.59387420785e-16, 1.57926731588e-12, 7.10437080258e-13, 9.86881800238e-13, 7.55974655705e-13],
        "stdev": [0.0136447371915, 0.00422896584496, 0.00115781568456, 0.000436517002527, 0.000353678769898, 0.000829482160043, 0.00047713360982, 0.00129116536118, 0.00110120454337, 0.00101982406341, 0.000846713082865, 0.000439713068772, 0.000213526465814, 0.00013550442236, 0.000161277901498, 0.00024353362096, 0.000175765540916, 0.000134916510433, 4.15255999542e-05, 3.9511542127e-05, 4.62545795017e-05, 3.95284841943e-05, 3.21433180943e-05, 4.03714147978e-05, 3.2197280234e-05, 1.76886624104e-05, 2.26027677854e-05, 1.77006186277e-05, 1.23941299535e-05, 1.35425116241e-05, 1.40438432936e-05, 1.51940539581e-05, 1.12825628094e-05, 1.31493516164e-05, 1.99839359993e-05, 1.97243462026e-05, 1.8767439542e-05, 1.10957880679e-05, 7.28618806534e-06, 7.06678929419e-06],
        "var": [0.000186178847798, 1.78841510206e-05, 1.34053709644e-06, 1.90547083889e-07, 1.25088675418e-07, 6.88040643126e-07, 2.27656485663e-07, 1.66710788108e-06, 1.21265156849e-06, 1.04004118384e-06, 7.16923068467e-07, 1.93347588606e-07, 4.55935520449e-08, 1.83614474736e-08, 2.60105608163e-08, 5.93086255662e-08, 3.08935241833e-08, 1.82024635365e-08, 1.72437553125e-09, 1.56116186645e-09, 2.1394861438e-09, 1.56250112848e-09, 1.0331928646e-09, 1.62985125396e-09, 1.03666486506e-09, 3.12888770448e-10, 5.10885111993e-10, 3.13311904199e-10, 1.5361445449e-10, 1.83399614939e-10, 1.97229538257e-10, 2.30859262262e-10, 1.27296215235e-10, 1.72905453844e-10, 3.9935768581e-10, 3.89049820138e-10, 3.52216783517e-10, 1.23116503103e-10, 5.30885335692e-11, 4.993951086e-11]
    },
    "melbands128": {
