{
"lowlevel": {
    "average_loudness": 0.970006763935,
    "barkbands_crest": {
        "dmean": 2.9669072628,
        "dmean2": 4.10321855545,
        "dvar": 8.5680809021,
        "dvar2": 15.017865181,
        "max": 26.3863067627,
        "mean": 13.5971279144,
        "median": 12.6205539703,
        "min": 2.16483473778,
        "stdev": 5.56569099426,
        "var": 30.9769153595
    },
    "barkbands_flatness_db": {
        "dmean": 0.0363600477576,
        "dmean2": 0.0467202328146,
        "dvar": 0.00120377284475,
        "dvar2": 0.00231411424465,
        "max": 0.468313187361,
        "mean": 0.188631862402,
        "median": 0.17745269835,
        "min": 0.0300033483654,
        "stdev": 0.0751888751984,
        "var": 0.00565336737782
    },
    "barkbands_kurtosis": {
        "dmean": 21.8963718414,
        "dmean2": 27.5522670746,
        "dvar": 2839.50024414,
        "dvar2": 4794.35107422,
        "max": 846.19329834,
        "mean": 33.8345489502,
        "median": 10.0976209641,
        "min": -1.8866096735,
        "stdev": 77.3775405884,
        "var": 5987.28320312
    },
    "barkbands_skewness": {
        "dmean": 1.34047758579,
        "dmean2": 1.63153791428,
        "dvar": 2.62478733063,
        "dvar2": 4.11725187302,
        "max": 24.6980686188,
        "mean": 3.93794703484,
        "median": 3.03942632675,
        "min": -1.81410121918,
        "stdev": 3.32526040077,
        "var": 11.0573568344
    },
    "barkbands_spread": {
        "dmean": 6.74068784714,
        "dmean2": 9.97810268402,
        "dvar": 72.8228912354,
        "dvar2": 155.755203247,
        "max": 105.687240601,
        "mean": 16.0100975037,
        "median": 12.3016996384,
        "min": 0.234846234322,
        "stdev": 14.1874856949,
        "var": 201.284759521
    },
    "dissonance": {
        "dmean": 0.0208451002836,
        "dmean2": 0.0344532392919,
        "dvar": 0.000573017576244,
        "dvar2": 0.00147337699309,
        "max": 0.499564796686,
        "mean": 0.45639577508,
        "median": 0.467036098242,
        "min": 0.242320999503,
        "stdev": 0.038713902235,
        "var": 0.00149876635987
    },
    "dynamic_complexity": 2.47366571426,
    "erbbands_crest": {
        "dmean": 2.64269447327,
        "dmean2": 4.13615274429,
        "dvar": 6.01636552811,
        "dvar2": 13.7600641251,
        "max": 25.1209564209,
        "mean": 8.97641658783,
        "median": 8.10515785217,
        "min": 2.71200752258,
        "stdev": 4.09626436234,
        "var": 16.7793827057
    },
    "erbbands_flatness_db": {
        "dmean": 0.0178610924631,
        "dmean2": 0.0251774769276,
        "dvar": 0.000374988972908,
        "dvar2": 0.000751490006223,
        "max": 0.271500021219,
        "mean": 0.128473252058,
        "median": 0.119480721653,
        "min": 0.0589815862477,
        "stdev": 0.0422394350171,
        "var": 0.00178416981362
    },
    "erbbands_kurtosis": {
        "dmean": 1.16334915161,
        "dmean2": 1.82103168964,
        "dvar": 3.01711440086,
        "dvar2": 6.85059261322,
        "max": 18.5939216614,
        "mean": 0.599149882793,
        "median": -0.237124681473,
        "min": -1.79425489902,
        "stdev": 2.49850463867,
        "var": 6.24252557755
    },
    "erbbands_skewness": {
        "dmean": 0.454710155725,
        "dmean2": 0.668426275253,
        "dvar": 0.211832851171,
        "dvar2": 0.480851143599,
        "max": 4.14159822464,
        "mean": 0.503483712673,
        "median": 0.379440963268,
        "min": -2.16737103462,
        "stdev": 0.901490926743,
        "var": 0.812685906887
    },
    "erbbands_spread": {
        "dmean": 15.4566411972,
        "dmean2": 23.0456066132,
        "dvar": 322.447998047,
        "dvar2": 662.034790039,
        "max": 163.727142334,
        "mean": 59.525806427,
        "median": 53.7514915466,
        "min": 6.80189704895,
        "stdev": 31.1012420654,
        "var": 967.28729248
    },
    "hfc": {
        "dmean": 8.42210960388,
        "dmean2": 11.9795351028,
        "dvar": 149.280105591,
        "dvar2": 350.776000977,
        "max": 115.624977112,
        "mean": 18.7986869812,
        "median": 14.2833347321,
        "min": 1.23874876002e-16,
        "stdev": 16.2405853271,
        "var": 263.756622314
    },
    "loudness_ebu128": {
        "integrated": -6.69939994812,
        "loudness_range": 2.88542699814,
        "momentary": {
            "dmean": 0.75312513113,
            "dmean2": 1.19509828091,
            "dvar": 0.480813145638,
            "dvar2": 1.25148224831,
            "max": -3.95019745827,
            "mean": -6.97797870636,
            "median": -6.79468679428,
            "min": -13.6342592239,
            "stdev": 1.68199777603,
            "var": 2.82911634445
        },
        "short_term": {
            "dmean": 0.0791817009449,
            "dmean2": 0.105756707489,
            "dvar": 0.00380959780887,
            "dvar2": 0.00759707065299,
            "max": -4.82747983932,
            "mean": -6.91881990433,
            "median": -7.01398706436,
            "min": -9.04065608978,
            "stdev": 0.918234825134,
            "var": 0.843155145645
        }
    },
    "melbands_crest": {
        "dmean": 3.61989569664,
        "dmean2": 5.40942239761,
        "dvar": 13.4670505524,
        "dvar2": 25.2545757294,
        "max": 36.1604003906,
        "mean": 19.6758117676,
        "median": 19.3233985901,
        "min": 2.62032151222,
        "stdev": 7.13636398315,
        "var": 50.9276924133
    },
    "melbands_flatness_db": {
        "dmean": 0.0423786304891,
        "dmean2": 0.0546252988279,
        "dvar": 0.00174146320205,
        "dvar2": 0.00344354426488,
        "max": 0.577544510365,
        "mean": 0.273749351501,
        "median": 0.263921886683,
        "min": 0.0081661362201,
        "stdev": 0.0913085788488,
        "var": 0.00833725649863
    },
    "melbands_kurtosis": {
        "dmean": 54.058013916,
        "dmean2": 69.7543106079,
        "dvar": 10215.1044922,
        "dvar2": 17841.8300781,
        "max": 1582.53723145,
        "mean": 94.895149231,
        "median": 34.334400177,
        "min": -1.50261747837,
        "stdev": 159.872756958,
        "var": 25559.296875
    },
    "melbands_skewness": {
        "dmean": 1.90289151669,
        "dmean2": 2.44365429878,
        "dvar": 4.79260730743,
        "dvar2": 8.31321716309,
        "max": 33.4471664429,
        "mean": 6.20424222946,
        "median": 4.94908571243,
        "min": -0.170714080334,
        "stdev": 4.53053808212,
        "var": 20.5257759094
    },
    "melbands_spread": {
        "dmean": 5.56032800674,
        "dmean2": 8.47243118286,
        "dvar": 85.5090484619,
        "dvar2": 183.22543335,
        "max": 119.119613647,
        "mean": 11.9236736298,
        "median": 8.27061748505,
        "min": 0.21026545763,
        "stdev": 13.2990207672,
        "var": 176.863952637
    },
    "pitch_salience": {
        "dmean": 0.0929841548204,
        "dmean2": 0.131417661905,
        "dvar": 0.00844036228955,
        "dvar2": 0.016942659393,
        "max": 0.868426561356,
        "mean": 0.432746678591,
        "median": 0.452067703009,
        "min": 0.0389571748674,
        "stdev": 0.179013416171,
        "var": 0.0320458039641
    },
    "silence_rate_20dB": {
        "dmean": 0,
        "dmean2": 0,
        "dvar": 0,
        "dvar2": 0,
        "max": 1,
        "mean": 1,
        "median": 1,
        "min": 1,
        "stdev": 0,
        "var": 0
    },
    "silence_rate_30dB": {
        "dmean": 0.0851393193007,
        "dmean2": 0.170410528779,
        "dvar": 0.0778899639845,
        "dvar2": 0.141369685531,
        "max": 1,
        "mean": 0.862335681915,
        "median": 1,
        "min": 0,
        "stdev": 0.344547152519,
        "var": 0.118712738156
    },
    "silence_rate_60dB": {
        "dmean": 0.0193498451263,
        "dmean2": 0.0379550717771,
        "dvar": 0.0189752969891,
        "dvar2": 0.0396132729948,
        "max": 1,
        "mean": 0.0216550659388,
        "median": 0,
        "min": 0,
        "stdev": 0.145555198193,
        "var": 0.0211863145232
    },
    "spectral_centroid": {
        "dmean": 273.759643555,
        "dmean2": 422.175872803,
        "dvar": 170962.34375,
        "dvar2": 308328.84375,
        "max": 11333.1005859,
        "mean": 908.666015625,
        "median": 790.551635742,
        "min": 130.905136108,
        "stdev": 615.656311035,
        "var": 379032.65625
    },
    "spectral_complexity": {
        "dmean": 4.80882358551,
        "dmean2": 7.25948858261,
        "dvar": 40.7182006836,
        "dvar2": 85.7722244263,
        "max": 56,
        "mean": 14.487238884,
        "median": 12,
        "min": 0,
        "stdev": 9.91655349731,
        "var": 98.3380355835
    },
    "spectral_decrease": {
        "dmean": 3.94127130932e-09,
        "dmean2": 4.78931472259e-09,
        "dvar": 2.9741259072e-17,
        "dvar2": 3.71597589125e-17,
        "max": 8.93584007985e-29,
        "mean": -1.34391004991e-08,
        "median": -1.05415347562e-08,
        "min": -5.42137499338e-08,
        "stdev": 1.08819619982e-08,
        "var": 1.18417098615e-16
    },
    "spectral_energy": {
        "dmean": 0.0151796918362,
        "dmean2": 0.0183966029435,
        "dvar": 0.000429226900451,
        "dvar2": 0.000534400693141,
        "max": 0.20686532557,
        "mean": 0.0524274036288,
        "median": 0.0414979867637,
        "min": 1.08985674361e-20,
        "stdev": 0.0416710190475,
        "var": 0.00173647387419
    },
    "spectral_energyband_high": {
        "dmean": 0.000567715673242,
        "dmean2": 0.000824569258839,
        "dvar": 7.90518356553e-07,
        "dvar2": 1.79699623004e-06,
        "max": 0.00827686116099,
        "mean": 0.000802395632491,
        "median": 0.000345099018887,
        "min": 7.79199128705e-21,
        "stdev": 0.00112498295493,
        "var": 1.26558666125e-06
    },
    "spectral_energyband_low": {
        "dmean": 0.0144224092364,
        "dmean2": 0.0176563952118,
        "dvar": 0.000513659440912,
        "dvar2": 0.00071381527232,
        "max": 0.199435025454,
        "mean": 0.0384687148035,
        "median": 0.0260160584003,
        "min": 7.82125295268e-23,
        "stdev": 0.0408754721284,
        "var": 0.00167080422398
    },
    "spectral_energyband_middle_high": {
        "dmean": 0.00185537617654,
        "dmean2": 0.00291993888095,
        "dvar": 9.96158269118e-06,
        "dvar2": 2.47869484156e-05,
        "max": 0.0261186193675,
        "mean": 0.00339966127649,
        "median": 0.00173466780689,
        "min": 1.74848957244e-21,
        "stdev": 0.00415524002165,
        "var": 1.72660184035e-05
    },
    "spectral_energyband_middle_low": {
        "dmean": 0.00655677588657,
        "dmean2": 0.0111102480441,
        "dvar": 0.000163689139299,
        "dvar2": 0.000446883263066,
        "max": 0.0928554609418,
        "mean": 0.0132170468569,
        "median": 0.00838832370937,
        "min": 2.12752605451e-22,
        "stdev": 0.0143801411614,
        "var": 0.00020678844885
    },
    "spectral_entropy": {
        "dmean": 0.264464706182,
        "dmean2": 0.381931275129,
        "dvar": 0.0757181793451,
        "dvar2": 0.15402302146,
        "max": 9.79935646057,
        "mean": 7.48061990738,
        "median": 7.4984087944,
        "min": 5.64030170441,
        "stdev": 0.528414309025,
        "var": 0.279221683741
    },
    "spectral_flux": {
        "dmean": 0.0415558740497,
        "dmean2": 0.0538181625307,
        "dvar": 0.00204619858414,
        "dvar2": 0.00339341373183,
        "max": 0.439575910568,
        "mean": 0.106928765774,
        "median": 0.0816331580281,
        "min": 1.04396206957e-10,
        "stdev": 0.0806227400899,
        "var": 0.0065000266768
    },
    "spectral_kurtosis": {
        "dmean": 1.64730370045,
        "dmean2": 2.59292626381,
        "dvar": 5.22803401947,
        "dvar2": 12.0930175781,
        "max": 29.7137565613,
        "mean": 4.39059305191,
        "median": 3.31391906738,
        "min": -1.23459768295,
        "stdev": 4.10317659378,
        "var": 16.836057663
    },
    "spectral_rms": {
        "dmean": 0.00102892634459,
        "dmean2": 0.00123013532721,
        "dvar": 1.44953889958e-06,
        "dvar2": 1.86996737739e-06,
        "max": 0.0142063302919,
        "mean": 0.00658435281366,
        "median": 0.0063628484495,
        "min": 3.26078964177e-12,
        "stdev": 0.00279195909388,
        "var": 7.79503534432e-06
    },
    "spectral_rolloff": {
        "dmean": 437.080169678,
        "dmean2": 718.920288086,
        "dvar": 1148434.25,
        "dvar2": 2240126,
        "max": 18992.2851562,
        "mean": 752.763244629,
        "median": 322.998046875,
        "min": 64.599609375,
        "stdev": 1340.52685547,
        "var": 1797012.25
    },
    "spectral_skewness": {
        "dmean": 0.268812090158,
        "dmean2": 0.411876022816,
        "dvar": 0.0982025116682,
        "dvar2": 0.210926860571,
        "max": 4.13312196732,
        "mean": 1.715254426,
        "median": 1.65880191326,
        "min": -0.0212977100164,
        "stdev": 0.587357103825,
        "var": 0.344988375902
    },
    "spectral_spread": {
        "dmean": 984038.125,
        "dmean2": 1447959.875,
        "dvar": 2.24216036147e+12,
        "dvar2": 3.15426550579e+12,
        "max": 41389156,
        "mean": 6264941.5,
        "median": 6049507.5,
        "min": 2073889.125,
        "stdev": 2420514.5,
        "var": 5.85889008845e+12
    },
    "spectral_strongpeak": {
        "dmean": 0.257265150547,
        "dmean2": 0.404013633728,
        "dvar": 0.14453959465,
        "dvar2": 0.339118421078,
        "max": 5.51713705063,
        "mean": 0.735518693924,
        "median": 0.683151364326,
        "min": 1.66353886222e-09,
        "stdev": 0.503412783146,
        "var": 0.253424406052
    },
    "zerocrossingrate": {
        "dmean": 0.0129262255505,
        "dmean2": 0.0150852808729,
        "dvar": 0.000371196656488,
        "dvar2": 0.000441207434051,
        "max": 0.49951171875,
        "mean": 0.0434562750161,
        "median": 0.03564453125,
        "min": 0.001953125,
        "stdev": 0.0367471016943,
        "var": 0.0013503493974
    },
    "barkbands": {
        "dmean": [0.000542668160051, 0.0126232849434, 0.0070619112812, 0.00443547358736, 0.00181588425767, 0.00118163519073, 0.000429874082329, 0.000392588262912, 0.000331995921442, 0.000319738261169, 0.000324419583194, 0.000317201367579, 0.000357597542461, 0.000280324369669, 0.000197842993657, 0.000260557193542, 0.000232747304835, 0.000164277735166, 0.000137847557198, 7.82611969044e-05, 7.25756763131e-05, 8.21310604806e-05, 9.92464192677e-05, 0.000127961582621, 0.000126596482005, 6.81523961248e-05, 2.10475081985e-06],
        "dmean2": [0.000638319412246, 0.0151781719178, 0.0117446519434, 0.00802914053202, 0.00292484555393, 0.00167494209018, 0.000678703712765, 0.000597588485107, 0.000531332509127, 0.000491699844133, 0.000519883644301, 0.000525983865373, 0.000585247238632, 0.000454578868812, 0.000326665263856, 0.000436587724835, 0.000384138693335, 0.000276290171314, 0.000225445284741, 0.000128452040371, 0.000117559546197, 0.000117959702038, 0.000148237784742, 0.000191987215658, 0.000197718210984, 0.000110927729111, 3.48187290911e-06],
        "dvar": [1.25050314637e-06, 0.000551773235202, 0.000219797409954, 0.000120055388834, 8.21364119474e-06, 5.113800853e-06, 5.86560361171e-07, 5.48870332295e-07, 4.60452639572e-07, 4.68596823566e-07, 6.77635455304e-07, 4.73521396316e-07, 6.045153782e-07, 3.41626247291e-07, 1.58764350999e-07, 4.56078424804e-07, 1.83466596582e-07, 1.14909539661e-07, 7.17656192251e-08, 2.99114262248e-08, 1.65710414279e-08, 2.11397352956e-08, 2.76439706681e-08, 3.44250565831e-08, 4.92079763603e-08, 1.40290765671e-08, 3.68951119656e-11],
        "dvar2": [1.64395942193e-06, 0.00077019596938, 0.000598942162469, 0.000341390725225, 2.04049210879e-05, 9.46083309827e-06, 1.3996573216e-06, 1.23236713989e-06, 1.12396742225e-06, 8.98233111002e-07, 1.35441928251e-06, 1.13923226763e-06, 1.54097801897e-06, 8.0381994394e-07, 4.06881696335e-07, 1.25942199247e-06, 4.65414530026e-07, 3.01888633203e-07, 1.88559852177e-07, 8.00896700071e-08, 4.1715647825e-08, 4.53511042053e-08, 6.59478232024e-08, 6.92099959565e-08, 1.18311533015e-07, 3.5114975816e-08, 8.18414225279e-11],
        "max": [0.00786946713924, 0.180840343237, 0.102091595531, 0.0812335237861, 0.0460117869079, 0.0528830364347, 0.0147558040917, 0.0102501912042, 0.0100860595703, 0.0127289835364, 0.0219032652676, 0.0112006096169, 0.00998366624117, 0.00775304529816, 0.0068291737698, 0.0108922366053, 0.00418507168069, 0.00438872538507, 0.00291829090565, 0.00221352209337, 0.00111471756827, 0.00237313355319, 0.00163690990303, 0.00202861311845, 0.0019078371115, 0.000815275940113, 0.000150740292156],
        "mean": [0.000742496689782, 0.0227651521564, 0.0115732299164, 0.00491374358535, 0.00318088731728, 0.00307402433828, 0.000706955906935, 0.0006728200824, 0.000514924700838, 0.000469149556011, 0.000430276617408, 0.000380248267902, 0.000496601511259, 0.00035443296656, 0.000268249976216, 0.000308328017127, 0.000319854094414, 0.000218258675886, 0.0001870533888, 9.70377222984e-05, 0.000104172730062, 0.000109992099169, 0.000131248423713, 0.000183563301107, 0.000151100874064, 7.14993730071e-05, 2.10226676245e-06],
        "median": [8.92258321983e-06, 0.00803130120039, 0.005555793643, 0.00171087635681, 0.00165175378788, 0.000658959150314, 0.0002857229847, 0.000201173301321, 0.000142360877362, 0.000103092286736, 9.27744040382e-05, 7.76473607402e-05, 8.07180476841e-05, 7.3340102972e-05, 8.89033181011e-05, 0.000105274193629, 0.000110517634312, 6.02882719249e-05, 5.62165041629e-05, 2.78662973869e-05, 3.28175628965e-05, 3.38358258887e-05, 5.64870351809e-05, 8.3391496446e-05, 6.30168724456e-05, 2.49919266935e-05, 2.95482976753e-07],
        "min": [8.82226695431e-24, 4.83024896521e-23, 1.17165826272e-23, 1.76222470103e-23, 1.65346697238e-23, 1.49469136027e-23, 2.53935666454e-23, 3.36686181447e-23, 6.23845655781e-23, 5.54559118951e-23, 6.22641033624e-23, 9.93505244878e-23, 1.01935596431e-22, 1.27000458936e-22, 1.88699037382e-22, 1.18321133578e-22, 2.62923957075e-22, 3.37743059423e-22, 2.47911694235e-22, 2.82844171679e-22, 3.38936473444e-22, 5.82722639714e-22, 6.79906819627e-22, 6.68846762544e-22, 9.57029187523e-22, 2.14566127252e-21, 2.56617376382e-21],
        "stdev": [0.00169683271088, 0.0371706001461, 0.0149812828749, 0.00911820866168, 0.00419857446104, 0.00627384800464, 0.00109157396946, 0.00119461887516, 0.00103937636595, 0.001022463548, 0.00132253987249, 0.000820569868665, 0.000948434346355, 0.000725956284441, 0.000532097998075, 0.000623349740636, 0.000512448372319, 0.000371026224457, 0.000310541101499, 0.000175157867488, 0.000160561932717, 0.000194444801309, 0.000203481453354, 0.000257628940744, 0.000239943517954, 0.000118328192912, 7.27894030206e-06],
        "var": [2.87924126496e-06, 0.00138165359385, 0.00022443884518, 8.3141734649e-05, 1.76280282176e-05, 3.9361166273e-05, 1.19153378364e-06, 1.42711417084e-06, 1.08030326373e-06, 1.04543164525e-06, 1.74911167505e-06, 6.73334909607e-07, 8.99527663023e-07, 5.27012559814e-07, 2.83128287037e-07, 3.88564899367e-07, 2.6260335062e-07, 1.3766045015e-07, 9.64357695921e-08, 3.06802796501e-08, 2.57801353598e-08, 3.78087783304e-08, 4.14047001129e-08, 6.63726638095e-08, 5.7572890455e-08, 1.40015616878e-08, 5.29829721763e-11]
    },
    "erbbands": {
        "dmean": [0.446038246155, 3.16322827339, 7.41927862167, 13.1166505814, 8.66547679901, 5.49971866608, 9.82605743408, 9.14784908295, 6.64218139648, 6.69286108017, 9.11980438232, 7.09369182587, 9.48062038422, 10.4114608765, 11.9159126282, 12.895280838, 15.6020889282, 15.0584058762, 10.876616478, 11.2609004974, 14.548584938, 12.2075023651, 9.00883102417, 7.59850978851, 5.48509597778, 3.9117269516, 3.27703118324, 2.55473136902, 3.053139925, 3.1009850502, 2.77296328545, 2.8723886013, 1.9969176054, 1.28789174557, 1.0121525526, 0.444436758757, 0.0882898047566, 0.00823388248682, 0.000227507698582, 2.3259617592e-05],
        "dmean2": [0.433788388968, 4.09702253342, 11.7318096161, 23.1287918091, 15.2666521072, 8.68127155304, 14.685459137, 13.4227933884, 10.0672273636, 10.5368003845, 13.941860199, 11.3017139435, 14.5602636337, 15.9631824493, 19.6438922882, 21.657365799, 25.3296508789, 24.4126682281, 17.2413883209, 18.2304668427, 24.3484153748, 20.1579284668, 15.1849899292, 12.3329811096, 8.84955024719, 6.47955036163, 5.42466115952, 3.93037462234, 4.52706575394, 4.69508838654, 4.15372848511, 4.27705192566, 2.98041462898, 1.94573557377, 1.65131103992, 0.730581879616, 0.140389308333, 0.0127885919064, 0.000357715005521, 3.02500866383e-05],
        "dvar": [0.644327282906, 37.8854064941, 220.231781006, 940.599914551, 315.677703857, 107.861778259, 715.863708496, 341.353240967, 137.627593994, 154.280502319, 324.452270508, 234.691390991, 523.071289062, 461.685699463, 760.392883301, 715.907165527, 1299.35998535, 935.265075684, 584.569091797, 601.782165527, 1097.2947998, 540.32800293, 344.716003418, 243.030166626, 111.183013916, 77.9682388306, 37.0415344238, 21.8751296997, 28.9027881622, 27.6302661896, 22.1069107056, 19.0646953583, 8.15456485748, 4.37816047668, 3.49899816513, 0.620679616928, 0.0230278298259, 0.000253868172877, 2.71565397725e-07, 8.64211979756e-10],
        "dvar2": [0.764861047268, 67.8590774536, 574.387390137, 2624.93359375, 885.874145508, 257.166717529, 1400.02746582, 604.589355469, 259.994018555, 371.602813721, 741.291931152, 592.181274414, 1001.27990723, 951.97454834, 1567.63061523, 1836.67004395, 3306.64257812, 2268.01928711, 1373.91223145, 1425.92407227, 3001.49023438, 1363.0456543, 913.221069336, 625.709655762, 282.655334473, 211.284378052, 95.9498977661, 50.0139694214, 65.2552871704, 63.6774291992, 51.3070106506, 40.3122749329, 16.3973903656, 9.66306209564, 8.93471240997, 1.57370531559, 0.0569982565939, 0.000588363443967, 5.97166433636e-07, 1.42696887639e-09],
        "max": [6.17029285431, 43.0606842041, 101.926116943, 208.587280273, 127.901123047, 269.679840088, 702.586853027, 572.090148926, 174.674987793, 236.656936646, 243.545822144, 293.62008667, 394.309020996, 487.182525635, 615.370361328, 294.038787842, 492.0753479, 399.642852783, 407.977600098, 350.721588135, 494.918762207, 246.161026001, 185.577209473, 179.979705811, 136.161529541, 115.276618958, 55.1693000793, 54.6045570374, 84.0400619507, 58.0879173279, 51.4980354309, 47.0753173828, 33.8000106812, 24.216091156, 15.7311592102, 5.16854429245, 1.25052142143, 0.214622244239, 0.011207700707, 0.000232257400057],
        "mean": [0.664925456047, 5.0276093483, 12.7390851974, 17.3724555969, 10.5702638626, 9.85698032379, 23.9252414703, 21.7354221344, 11.6915216446, 11.5356302261, 16.1170597076, 11.3090238571, 14.9249744415, 17.1687641144, 16.3252086639, 16.7302398682, 21.6794681549, 20.8289833069, 14.5928983688, 15.3649654388, 19.2376976013, 16.7338562012, 12.1396808624, 10.7122859955, 7.87637472153, 5.00778722763, 4.77478885651, 3.42365670204, 3.85606050491, 3.90199303627, 3.79024600983, 3.93134760857, 2.87549781799, 1.69735586643, 1.07688498497, 0.46234691143, 0.095102891326, 0.0100165707991, 0.000298615370411, 7.05690981704e-05],
        "median": [0.0755796805024, 1.93566131592, 6.44986152649, 8.44546699524, 5.00907754898, 4.88114452362, 3.63989830017, 4.94615697861, 4.42481088638, 5.29636478424, 4.97345495224, 3.3137049675, 4.37723827362, 4.45351028442, 4.2256026268, 3.68910503387, 3.93471193314, 4.49849700928, 4.55488491058, 4.81766080856, 7.5115571022, 6.37665987015, 3.94271016121, 3.34140372276, 2.7450568676, 1.51805996895, 1.21631383896, 1.23507773876, 1.16683292389, 1.33816921711, 1.57880079746, 1.62315118313, 1.4450520277, 0.791091322899, 0.415100395679, 0.16092287004, 0.0328281000257, 0.00342561211437, 0.00010990894225, 5.72888966417e-05],
        "min": [2.61983286515e-21, 5.82253644866e-21, 1.26699512919e-20, 4.00538817927e-20, 4.63049050688e-20, 8.02069477107e-20, 8.88280308499e-20, 9.64824565081e-20, 2.28468629356e-19, 8.80362535676e-19, 3.85790265153e-19, 1.09386188428e-18, 2.86252964727e-18, 8.97607597086e-19, 2.99097466638e-18, 4.69724809237e-18, 4.64954748157e-18, 4.968575741e-18, 8.68185692597e-18, 8.84175507428e-18, 9.0293555013e-18, 1.55079076779e-17, 2.00244064667e-17, 9.28916631426e-18, 1.4245107285e-17, 1.30649116296e-17, 1.16370258388e-17, 1.58496474218e-17, 2.48910673523e-17, 1.37977903436e-17, 2.24582183286e-17, 1.58097574639e-17, 1.12158800648e-17, 1.18049029713e-17, 6.02049470853e-18, 7.23819266495e-18, 3.87746743758e-18, 1.6609321411e-18, 3.36777539113e-19, 3.73511046841e-20],
        "stdev": [1.34567701817, 8.14502811432, 15.687376976, 26.4833698273, 16.0990467072, 16.1849117279, 54.5355911255, 49.5420227051, 19.6479454041, 19.2016181946, 28.4775238037, 22.1348552704, 35.6504249573, 39.3903160095, 40.0196495056, 31.0923271179, 43.2452049255, 37.4353294373, 30.7887134552, 31.1595802307, 32.2633171082, 27.5196533203, 19.8741226196, 17.175994873, 13.5049781799, 8.80489635468, 7.6270608902, 5.77527523041, 6.77866458893, 6.45939588547, 5.95377445221, 5.84414339066, 3.97895717621, 2.48269224167, 1.85602664948, 0.777362585068, 0.155508995056, 0.0178038105369, 0.000620002159849, 5.27226366103e-05],
        "var": [1.81084656715, 66.3414764404, 246.093795776, 701.368835449, 259.179321289, 261.951385498, 2974.13061523, 2454.41210938, 386.041748047, 368.70211792, 810.969360352, 489.951843262, 1270.95275879, 1551.59692383, 1601.5723877, 966.732788086, 1870.14770508, 1401.40380859, 947.944885254, 970.919494629, 1040.92150879, 757.331359863, 394.980773926, 295.014831543, 182.38444519, 77.5261917114, 58.1720581055, 33.353805542, 45.9502944946, 41.7237968445, 35.447429657, 34.1540145874, 15.8321008682, 6.16376113892, 3.44483470917, 0.604292631149, 0.024183049798, 0.000316975667374, 3.84402710552e-07, 2.77967648898e-09]
    },
    "gfcc": {
        "mean": [-0.409685730934, 84.5220184326, -78.8674545288, 40.1494140625, -47.5207176208, 28.23711586, -46.4450454712, 14.8740139008, -25.1302585602, 0.552244842052, -17.0742301941, 0.264664262533, -14.9442596436],
        "cov": [[5336.63867188, -670.547119141, -698.376708984, 11.550535202, -216.690765381, -104.68964386, -265.755218506, 73.959526062, -345.999298096, 171.867797852, -111.399902344, 32.1257629395, -189.50604248], [-670.547119141, 1009.78790283, -191.445617676, -313.154205322, 185.975967407, -122.423431396, 72.9234771729, 49.1974716187, 144.25869751, -148.269592285, 143.593643188, -34.1099205017, 33.5929603577], [-698.376708984, -191.445617676, 1064.01159668, 462.878082275, -36.6188011169, 216.618667603, 146.974746704, -33.0661659241, 86.5299682617, 97.9408340454, -68.9469909668, 47.1757316589, 87.9792175293], [11.550535202, -313.154205322, 462.878082275, 589.899169922, 144.288269043, 158.507476807, 73.6750335693, -34.7032394409, 92.1203994751, 116.66783905, 6.61858224869, 42.1215133667, 72.9400787354], [-216.690765381, 185.975967407, -36.6188011169, 144.288269043, 400.624542236, 66.7660598755, 94.3265533447, 47.5844535828, 135.985931396, 14.2793712616, 68.9282913208, -3.55993247032, 15.2260255814], [-104.68964386, -122.423431396, 216.618667603, 158.507476807, 66.7660598755, 264.762176514, 158.876998901, 29.5155773163, 40.7258834839, 28.5311832428, 1.15088236332, 20.0174713135, 39.5155181885], [-265.755218506, 72.9234771729, 146.974746704, 73.6750335693, 94.3265533447, 158.876998901, 274.817779541, 92.7342453003, 89.3292694092, 5.94078397751, 55.6815299988, 34.6003303528, 54.7497138977], [73.959526062, 49.1974716187, -33.0661659241, -34.7032394409, 47.5844535828, 29.5155773163, 92.7342453003, 150.127075195, 60.0733604431, -5.19116687775, 19.5966625214, 10.131860733, 19.5441684723], [-345.999298096, 144.25869751, 86.5299682617, 92.1203994751, 135.985931396, 40.7258834839, 89.3292694092, 60.0733604431, 186.123947144, 41.3108024597, 59.7733535767, 13.7079534531, 46.9453125], [171.867797852, -148.269592285, 97.9408340454, 116.66783905, 14.2793712616, 28.5311832428, 5.94078397751, -5.19116687775, 41.3108024597, 139.324157715, 27.4355831146, 13.0546092987, 14.2775402069], [-111.399902344, 143.593643188, -68.9469909668, 6.61858224869, 68.9282913208, 1.15088236332, 55.6815299988, 19.5966625214, 59.7733535767, 27.4355831146, 133.315139771, 34.3437728882, 38.322013855], [32.1257629395, -34.1099205017, 47.1757316589, 42.1215133667, -3.55993247032, 20.0174713135, 34.6003303528, 10.131860733, 13.7079534531, 13.0546092987, 34.3437728882, 85.1742248535, 52.0369529724], [-189.50604248, 33.5929603577, 87.9792175293, 72.9400787354, 15.2260255814, 39.5155181885, 54.7497138977, 19.5441684723, 46.9453125, 14.2775402069, 38.322013855, 52.0369529724, 103.367233276]],
        "icov": [[0.000406652485253, -0.000434020330431, 0.000571122800466, -0.000760451890528, 0.000360042700777, -0.000270825665211, 0.000218237386434, -0.000920784135815, 0.00104190071579, -0.00121620041318, 0.000773856299929, -0.00106659473386, 0.000990928616375], [-0.000434020330431, 0.00404962524772, -0.00174482178409, 0.00340940407477, -0.00205458700657, 0.00186595437117, -0.00058299448574, 0.00215278356336, -0.00332332332619, 0.00496202940121, -0.00450134370476, 0.00397464213893, -0.00304959202185], [0.000571122800466, -0.00174482178409, 0.0031896578148, -0.00318694813177, 0.00198196060956, -0.00123076571617, -0.000585108064115, -0.000862165179569, 0.00112136825919, -0.00310635776259, 0.00387539085932, -0.00264587835409, 0.00161461404059], [-0.000760451890528, 0.00340940407477, -0.00318694813177, 0.00718926358968, -0.00350323552266, 0.000683838850819, 3.75398631149e-05, 0.00350064085796, -0.00347459944896, 0.0030304454267, -0.00370120373555, 0.00345948478207, -0.00449979538098], [0.000360042700777, -0.00205458700657, 0.00198196060956, -0.00350323552266, 0.00552751077339, -0.00153321749531, -0.000142118893564, -0.0014287806116, -0.000858495826833, -0.00157473667059, 0.0013541909866, -0.00158609868959, 0.00313407019712], [-0.000270825665211, 0.00186595437117, -0.00123076571617, 0.000683838850819, -0.00153321749531, 0.0081876674667, -0.00464722234756, 0.00160254631191, -0.000451119762147, 0.00160779955331, -0.000557572639082, 0.00234135449864, -0.00227279029787], [0.000218237386434, -0.00058299448574, -0.000585108064115, 3.75398631149e-05, -0.000142118893564, -0.00464722234756, 0.00908426102251, -0.00428100302815, -0.000109938278911, 0.000497177883517, -0.00234485557303, -0.00150063761976, 0.000462439551484], [-0.000920784135815, 0.00215278356336, -0.000862165179569, 0.00350064085796, -0.0014287806116, 0.00160254631191, -0.00428100302815, 0.01268342603, -0.00590746104717, 0.00360093498603, -0.000823167909402, 0.00260516349226, -0.00347765209153], [0.00104190071579, -0.00332332332619, 0.00112136825919, -0.00347459944896, -0.000858495826833, -0.000451119762147, -0.000109938278911, -0.00590746104717, 0.0148054286838, -0.0073454589583, 0.00180959003046, -0.0022239908576, 0.000700924079865], [-0.00121620041318, 0.00496202940121, -0.00310635776259, 0.0030304454267, -0.00157473667059, 0.00160779955331, 0.000497177883517, 0.00360093498603, -0.0073454589583, 0.0172714628279, -0.0088351117447, 0.00571696832776, -0.00331574841402], [0.000773856299929, -0.00450134370476, 0.00387539085932, -0.00370120373555, 0.0013541909866, -0.000557572639082, -0.00234485557303, -0.000823167909402, 0.00180959003046, -0.0088351117447, 0.0183452609926, -0.00837357901037, 0.00141880882438], [-0.00106659473386, 0.00397464213893, -0.00264587835409, 0.00345948478207, -0.00158609868959, 0.00234135449864, -0.00150063761976, 0.00260516349226, -0.0022239908576, 0.00571696832776, -0.00837357901037, 0.0235661435872, -0.0123342890292], [0.000990928616375, -0.00304959202185, 0.00161461404059, -0.00449979538098, 0.00313407019712, -0.00227279029787, 0.000462439551484, -0.00347765209153, 0.000700924079865, -0.00331574841402, 0.00141880882438, -0.0123342890292, 0.0209257602692]]
    },
    "melbands": {
        "dmean": [0.00350943510421, 0.00343426619656, 0.00201815599576, 0.000443004188128, 0.00030592555413, 0.000199129193788, 0.000100150136859, 7.25296122255e-05, 7.05030251993e-05, 4.64446347905e-05, 4.8048383178e-05, 4.2744071834e-05, 4.52626991319e-05, 3.55511401722e-05, 3.45298722095e-05, 3.36671546393e-05, 2.79184278043e-05, 1.87070763786e-05, 1.32423074319e-05, 1.73817807081e-05, 1.76259563887e-05, 1.38226941999e-05, 9.80564345809e-06, 8.61479838932e-06, 6.32481260254e-06, 5.0366047617e-06, 3.04080435853e-06, 2.54046403825e-06, 2.16122634811e-06, 1.87318016742e-06, 1.39432472679e-06, 1.82044641406e-06, 1.63446190982e-06, 1.79126254807e-06, 1.61318428127e-06, 1.77565175363e-06, 1.81564689683e-06, 1.45102160332e-06, 1.27167186292e-06, 1.03679371932e-06],
        "dmean2": [0.00383326038718, 0.00477127777413, 0.00352427386679, 0.000737713067792, 0.000461106712464, 0.000290658324957, 0.000153063680045, 0.000114211514301, 0.000108115469629, 7.43167402106e-05, 7.31475156499e-05, 6.53985625831e-05, 7.29552557459e-05, 5.85652342124e-05, 5.83886358072e-05, 5.43053356523e-05, 4.54026339867e-05, 2.98158174701e-05, 2.19819303311e-05, 2.89679319394e-05, 2.95104855468e-05, 2.29525503528e-05, 1.66750032804e-05, 1.43126735566e-05, 1.0340976587e-05, 8.12144753581e-06, 5.095045708e-06, 4.24876270699e-06, 3.5903422031e-06, 3.09215715788e-06, 2.1481209842e-06, 2.72667261925e-06, 2.44209945777e-06, 2.77113690572e-06, 2.51323058365e-06, 2.68263261205e-06, 2.7980518098e-06, 2.21672621592e-06, 1.92553261513e-06, 1.59475337114e-06],
        "dvar": [4.03692429245e-05, 3.83769147447e-05, 2.11914011743e-05, 5.37945084034e-07, 5.88039029026e-07, 1.47092421798e-07, 3.04256353445e-08, 1.62245381574e-08, 1.82319919162e-08, 9.22951315374e-09, 1.30992505731e-08, 7.68225216774e-09, 1.25050592104e-08, 5.7586007074e-09, 6.01415761636e-09, 5.73447600516e-09, 3.62866603432e-09, 2.02193373156e-09, 7.49366957375e-10, 1.97597271878e-09, 1.3363185003e-09, 7.17794268468e-10, 4.32372554426e-10, 3.14470172125e-10, 1.80273851402e-10, 8.7478080335e-11, 4.67689949268e-11, 3.28473047373e-11, 1.70227720808e-11, 1.28749094719e-11, 6.7065298627e-12, 1.09166937642e-11, 8.52368176041e-12, 9.53177814456e-12, 7.39614879758e-12, 1.07285916262e-11, 7.86483812104e-12, 4.28289998952e-12, 4.83085316541e-12, 2.8764768345e-12],
        "dvar2": [4.35733563791e-05, 8.388038259e-05, 5.89370029047e-05, 1.43344493608e-06, 1.17775925901e-06, 2.62868269374e-07, 5.94698619238e-08, 3.81939635474e-08, 4.22119015298e-08, 2.30355805542e-08, 2.47151774602e-08, 1.58159796371e-08, 2.49124276763e-08, 1.36329720846e-08, 1.5690323707e-08, 1.43012668374e-08, 8.71707594996e-09, 4.6353090255e-09, 1.86578774652e-09, 5.2471231804e-09, 3.6204084175e-09, 1.79152082058e-09, 1.16822829188e-09, 8.25367607593e-10, 4.63330096512e-10, 2.18316392742e-10, 1.25207205715e-10, 8.82821246662e-11, 4.35106776997e-11, 3.43706799133e-11, 1.44026917129e-11, 2.49048663636e-11, 1.96419477905e-11, 2.26295388678e-11, 1.74035837824e-11, 2.46807348864e-11, 1.69133786837e-11, 8.85779470605e-12, 1.0578083548e-11, 6.52495071862e-12],
        "max": [0.0503140464425, 0.0500450953841, 0.0315490663052, 0.0116052757949, 0.0190136320889, 0.011569599621, 0.002667209832, 0.00209806859493, 0.00170695083216, 0.00162580923643, 0.00207913015038, 0.00189611967653, 0.00306573114358, 0.00128803518601, 0.000719856179785, 0.00129277736414, 0.000893813848961, 0.000778738118242, 0.000392122281482, 0.000707437226083, 0.000489180732984, 0.000304251967464, 0.000188006815733, 0.000289392541163, 0.000176079600351, 0.000104096070572, 8.73345998116e-05, 7.18674928066e-05, 4.19526804762e-05, 3.84382838092e-05, 3.71090609406e-05, 4.74216722068e-05, 4.73527506983e-05, 2.7274061722e-05, 3.14152493956e-05, 4.20348951593e-05, 2.99189887301e-05, 2.39308610617e-05, 3.33545285685e-05, 1.59315713972e-05],
        "mean": [0.00610721064731, 0.00665952404961, 0.00273941969499, 0.000657043361571, 0.000745699682739, 0.00049938907614, 0.00017482911062, 0.000126432671095, 0.000121532364574, 7.18293595128e-05, 7.41132098483e-05, 6.81596429786e-05, 6.07728761679e-05, 4.32533233834e-05, 4.55284971395e-05, 4.70655395475e-05, 3.6714336602e-05, 2.37873609876e-05, 1.82411567948e-05, 2.11496062548e-05, 2.29343604587e-05, 1.88549238374e-05, 1.09078755486e-05, 1.19435344459e-05, 8.16237934487e-06, 7.05133425072e-06, 3.85887142329e-06, 3.09011102217e-06, 3.26433428199e-06, 2.20665401685e-06, 1.8723554831e-06, 2.18930108531e-06, 2.15996578845e-06, 2.14181886804e-06, 2.11629685509e-06, 2.38543634623e-06, 2.40824124376e-06, 2.09098038795e-06, 1.69749796441e-06, 1.33180060402e-06],
        "median": [0.00162986677606, 0.0042197140865, 0.00153437093832, 0.000364183215424, 0.000146835984197, 0.000112144291052, 6.8246081355e-05, 5.56999148102e-05, 3.20060971717e-05, 1.98158177227e-05, 2.10999787669e-05, 1.68703045347e-05, 1.40530892168e-05, 8.97277914191e-06, 8.02229351393e-06, 8.87404348759e-06, 7.43642385714e-06, 6.3106745074e-06, 5.98960969e-06, 6.18405147179e-06, 8.99831138668e-06, 6.6969873842e-06, 3.20658818964e-06, 3.03656952383e-06, 2.30702335102e-06, 2.18544369091e-06, 1.13937119295e-06, 8.52343021052e-07, 6.81777805767e-07, 7.47683429836e-07, 6.47539650345e-07, 5.56653219519e-07, 7.31096235995e-07, 7.30838962681e-07, 8.50076503411e-07, 8.13675455902e-07, 1.02817375591e-06, 1.06420782231e-06, 7.56524002554e-07, 6.40116468276e-07],
        "min": [1.72778713599e-23, 6.92610566225e-24, 6.9945369792e-24, 4.57845087515e-24, 2.95193998987e-24, 2.65547896194e-24, 3.77794283309e-24, 9.8885055533e-24, 2.75022569261e-24, 8.2752510811e-24, 1.44013531778e-23, 2.77186000572e-24, 9.85767371368e-24, 1.06848693146e-23, 1.20558030716e-23, 9.90052937122e-24, 8.7844955053e-24, 1.33641478156e-23, 1.56934095218e-23, 9.24035219002e-24, 1.14271700715e-23, 1.37721482535e-23, 2.53487135921e-23, 1.07188313543e-23, 6.76593061089e-24, 1.00183457474e-23, 1.0648326122e-23, 8.13520933776e-24, 7.20543499791e-24, 6.64182385784e-24, 1.02139335537e-23, 1.38079246733e-23, 1.15671558057e-23, 6.8713492491e-24, 1.31609096363e-23, 1.1836794774e-23, 9.1915879643e-24, 7.25377244987e-24, 9.50688856837e-24, 1.00326675171e-23],
        "stdev": [0.0108631635085, 0.00765372207388, 0.00396288000047, 0.000900402723346, 0.00155998661648, 0.00108408695087, 0.000283043424133, 0.000201211631065, 0.000211944890907, 0.000145227080793, 0.00017850882432, 0.000153943503392, 0.000171944746398, 9.48018132476e-05, 8.77020793268e-05, 8.97686550161e-05, 7.06339633325e-05, 5.67781753489e-05, 3.60491467291e-05, 4.53241518699e-05, 3.67917491531e-05, 3.24070606439e-05, 2.00095164473e-05, 2.11922360904e-05, 1.43001761899e-05, 1.20507638712e-05, 7.40548512113e-06, 5.67674578633e-06, 5.64338188269e-06, 3.77115679839e-06, 3.32145873472e-06, 4.03757121603e-06, 3.79186622013e-06, 3.5727116483e-06, 3.39256644111e-06, 4.0141280806e-06, 3.59455930266e-06, 2.91063338409e-06, 2.59901207755e-06, 1.96051246348e-06],
        "var": [0.000118008319987, 5.85794623476e-05, 1.57044178195e-05, 8.10725111933e-07, 2.43355839302e-06, 1.17524450616e-06, 8.01135726647e-08, 4.04861175696e-08, 4.49206360997e-08, 2.10909032461e-08, 3.18654009845e-08, 2.36986021918e-08, 2.95649975612e-08, 8.98738417021e-09, 7.69165442449e-09, 8.05841171569e-09, 4.98915664338e-09, 3.22376125794e-09, 1.29954091932e-09, 2.05427874711e-09, 1.35363287246e-09, 1.05021769059e-09, 4.00380784082e-10, 4.49110887368e-10, 2.04495032019e-10, 1.45220918624e-10, 5.48412114332e-11, 3.22254410656e-11, 3.18477605399e-11, 1.42216230112e-11, 1.10320875699e-11, 1.63019805988e-11, 1.43782485917e-11, 1.27642679412e-11, 1.15095077566e-11, 1.61132253373e-11, 1.29208570926e-11, 8.47178664026e-12, 6.75486402923e-12, 3.84360945849e-12]
    },
    "melbands128": {
