{
"lowlevel": {
    "average_loudness": 0.981889426708,
    "barkbands_crest": {
        "dmean": 3.1388657093,
        "dmean2": 4.60673189163,
        "dvar": 10.9257535934,
        "dvar2": 19.5863552094,
        "max": 25.7198677063,
        "mean": 11.3988847733,
        "median": 9.4562253952,
        "min": 2.51760029793,
        "stdev": 5.99327087402,
        "var": 35.9192962646
    },
    "barkbands_flatness_db": {
        "dmean": 0.0306490194052,
        "dmean2": 0.0437556542456,
        "dvar": 0.000991708482616,
        "dvar2": 0.00195576855913,
        "max": 0.460774928331,
        "mean": 0.152847141027,
        "median": 0.149280890822,
        "min": 0.0299303960055,
        "stdev": 0.0580957680941,
        "var": 0.00337511836551
    },
    "barkbands_kurtosis": {
        "dmean": 7.434217453,
        "dmean2": 12.0060911179,
        "dvar": 304.484130859,
        "dvar2": 814.844482422,
        "max": 221.528717041,
        "mean": 8.15563488007,
        "median": 2.67830896378,
        "min": -1.9013453722,
        "stdev": 17.5391998291,
        "var": 307.623535156
    },
    "barkbands_skewness": {
        "dmean": 0.926377594471,
        "dmean2": 1.35106945038,
        "dvar": 1.36003553867,
        "dvar2": 3.15231990814,
        "max": 13.8589668274,
        "mean": 1.92962861061,
        "median": 1.54101145267,
        "min": -2.37028622627,
        "stdev": 1.74535918236,
        "var": 3.04627847672
    },
    "barkbands_spread": {
        "dmean": 7.67189216614,
        "dmean2": 11.0715065002,
        "dvar": 90.8387908936,
        "dvar2": 192.363677979,
        "max": 109.438545227,
        "mean": 20.1017780304,
        "median": 16.2217082977,
        "min": 0.68994140625,
        "stdev": 14.3395938873,
        "var": 205.623962402
    },
    "dissonance": {
        "dmean": 0.0308416876942,
        "dmean2": 0.0480393469334,
        "dvar": 0.000953474722337,
        "dvar2": 0.0021791823674,
        "max": 0.49999910593,
        "mean": 0.441547811031,
        "median": 0.450013697147,
        "min": 0.00364924245514,
        "stdev": 0.0429925099015,
        "var": 0.00184835575055
    },
    "dynamic_complexity": 1.60371041298,
    "erbbands_crest": {
        "dmean": 2.79904270172,
        "dmean2": 4.29184484482,
        "dvar": 6.53814506531,
        "dvar2": 14.4502458572,
        "max": 25.6408748627,
        "mean": 9.21640777588,
        "median": 8.64823722839,
        "min": 2.17331504822,
        "stdev": 3.83323550224,
        "var": 14.6936950684
    },
    "erbbands_flatness_db": {
        "dmean": 0.0261341221631,
        "dmean2": 0.0341203771532,
        "dvar": 0.000658371660393,
        "dvar2": 0.00103966123424,
        "max": 0.305091440678,
        "mean": 0.152901783586,
        "median": 0.154846057296,
        "min": 0.0473824813962,
        "stdev": 0.0483067147434,
        "var": 0.00233353860676
    },
    "erbbands_kurtosis": {
        "dmean": 1.28513669968,
        "dmean2": 1.95432627201,
        "dvar": 3.38780498505,
        "dvar2": 8.05220603943,
        "max": 22.529132843,
        "mean": 1.31666207314,
        "median": 0.670756340027,
        "min": -1.72303855419,
        "stdev": 2.32218050957,
        "var": 5.39252281189
    },
    "erbbands_skewness": {
        "dmean": 0.422991901636,
        "dmean2": 0.619608879089,
        "dvar": 0.188073784113,
        "dvar2": 0.40373274684,
        "max": 3.77662062645,
        "mean": 0.598142564297,
        "median": 0.569304645061,
        "min": -2.9153547287,
        "stdev": 0.718578934669,
        "var": 0.51635569334
    },
    "erbbands_spread": {
        "dmean": 11.3923006058,
        "dmean2": 16.4457130432,
        "dvar": 194.140823364,
        "dvar2": 420.150848389,
        "max": 181.562332153,
        "mean": 36.6376228333,
        "median": 31.2137393951,
        "min": 4.85971975327,
        "stdev": 21.2432765961,
        "var": 451.276824951
    },
    "hfc": {
        "dmean": 21.4705562592,
        "dmean2": 29.4680728912,
        "dvar": 1144.38806152,
        "dvar2": 2147.33837891,
        "max": 450.385284424,
        "mean": 36.9565582275,
        "median": 22.1112499237,
        "min": 1.17071957356e-16,
        "stdev": 43.9392471313,
        "var": 1930.65734863
    },
    "loudness_ebu128": {
        "integrated": -8.87855148315,
        "loudness_range": 1.19743824005,
        "momentary": {
            "dmean": 0.710261821747,
            "dmean2": 1.22140145302,
            "dvar": 0.333059579134,
            "dvar2": 0.907317280769,
            "max": -6.64436244965,
            "mean": -8.96120738983,
            "median": -8.88355827332,
            "min": -14.232254982,
            "stdev": 0.868984878063,
            "var": 0.755134701729
        },
        "short_term": {
            "dmean": 0.096516430378,
            "dmean2": 0.165719300508,
            "dvar": 0.00405699713156,
            "dvar2": 0.0110726617277,
            "max": -8.04517555237,
            "mean": -8.91120529175,
            "median": -8.97290039062,
            "min": -9.59255599976,
            "stdev": 0.372364044189,
            "var": 0.138654991984
        }
    },
    "melbands_crest": {
        "dmean": 3.92545580864,
        "dmean2": 5.13103532791,
        "dvar": 13.349650383,
        "dvar2": 20.137386322,
        "max": 34.1923065186,
        "mean": 15.9450531006,
        "median": 13.0864124298,
        "min": 2.31162667274,
        "stdev": 8.25258350372,
        "var": 68.105140686
    },
    "melbands_flatness_db": {
        "dmean": 0.0396751090884,
        "dmean2": 0.0554962642491,
        "dvar": 0.00182242912706,
        "dvar2": 0.00373180070892,
        "max": 0.59989464283,
        "mean": 0.214582920074,
        "median": 0.207326740026,
        "min": 0.00807552598417,
        "stdev": 0.0810873955488,
        "var": 0.00657516624779
    },
    "melbands_kurtosis": {
        "dmean": 16.1251468658,
        "dmean2": 24.2507724762,
        "dvar": 1398.12512207,
        "dvar2": 2994.51269531,
        "max": 460.130981445,
        "mean": 20.9287815094,
        "median": 6.54947662354,
        "min": -1.72059130669,
        "stdev": 42.8680267334,
        "var": 1837.66784668
    },
    "melbands_skewness": {
        "dmean": 1.15741837025,
        "dmean2": 1.58812451363,
        "dvar": 2.53746318817,
        "dvar2": 4.68684053421,
        "max": 18.0231800079,
        "mean": 2.85781168938,
        "median": 2.05919146538,
        "min": -1.29359650612,
        "stdev": 2.50079751015,
        "var": 6.25398874283
    },
    "melbands_spread": {
        "dmean": 8.89757156372,
        "dmean2": 13.1880836487,
        "dvar": 246.401870728,
        "dvar2": 529.410949707,
        "max": 225.588699341,
        "mean": 21.224822998,
        "median": 17.534160614,
        "min": 0.636501908302,
        "stdev": 20.2603912354,
        "var": 410.483428955
    },
    "pitch_salience": {
        "dmean": 0.0911764726043,
        "dmean2": 0.128395944834,
        "dvar": 0.00798717979342,
        "dvar2": 0.0147867361084,
        "max": 0.985304474831,
        "mean": 0.510647118092,
        "median": 0.542215645313,
        "min": 0.0875905677676,
        "stdev": 0.167249500751,
        "var": 0.0279723964632
    },
    "silence_rate_20dB": {
        "dmean": 0,
        "dmean2": 0,
        "dvar": 0,
        "dvar2": 0,
        "max": 1,
        "mean": 1,
        "median": 1,
        "min": 1,
        "stdev": 0,
        "var": 0
    },
    "silence_rate_30dB": {
        "dmean": 0.0990712046623,
        "dmean2": 0.198295891285,
        "dvar": 0.0892548784614,
        "dvar2": 0.160524472594,
        "max": 1,
        "mean": 0.835266828537,
        "median": 1,
        "min": 0,
        "stdev": 0.370938569307,
        "var": 0.137595430017
    },
    "silence_rate_60dB": {
        "dmean": 0.00386996893212,
        "dmean2": 0.00774593325332,
        "dvar": 0.00385491247289,
        "dvar2": 0.0107843410224,
        "max": 1,
        "mean": 0.00309358071536,
        "median": 0,
        "min": 0,
        "stdev": 0.0555335693061,
        "var": 0.0030839771498
    },
    "spectral_centroid": {
        "dmean": 352.18838501,
        "dmean2": 519.280090332,
        "dvar": 246168.625,
        "dvar2": 437252.3125,
        "max": 11293.5410156,
        "mean": 1163.80981445,
        "median": 1020.62591553,
        "min": 148.473007202,
        "stdev": 665.249389648,
        "var": 442556.71875
    },
    "spectral_complexity": {
        "dmean": 6.23916387558,
        "dmean2": 8.63284301758,
        "dvar": 60.7592697144,
        "dvar2": 102.967468262,
        "max": 59,
        "mean": 18.7192573547,
        "median": 16,
        "min": 0,
        "stdev": 11.0417528152,
        "var": 121.920295715
    },
    "spectral_decrease": {
        "dmean": 6.20104101401e-09,
        "dmean2": 7.76017827775e-09,
        "dvar": 1.00492816043e-16,
        "dvar2": 1.90462240333e-16,
        "max": 9.0394815924e-30,
        "mean": -1.29975026297e-08,
        "median": -7.29596072446e-09,
        "min": -6.58804850673e-08,
        "stdev": 1.44295260185e-08,
        "var": 2.08211220172e-16
    },
    "spectral_energy": {
        "dmean": 0.0248702671379,
        "dmean2": 0.0309329014271,
        "dvar": 0.00145677418914,
        "dvar2": 0.00272803078406,
        "max": 0.251087903976,
        "mean": 0.0524076633155,
        "median": 0.030235491693,
        "min": 1.05846483547e-20,
        "stdev": 0.0554396063089,
        "var": 0.00307355006225
    },
    "spectral_energyband_high": {
        "dmean": 0.0016698660329,
        "dmean2": 0.0023903537076,
        "dvar": 9.4811703093e-06,
        "dvar2": 1.75766836037e-05,
        "max": 0.041755720973,
        "mean": 0.00193800299894,
        "median": 0.000417217612267,
        "min": 7.71671785131e-21,
        "stdev": 0.0039491597563,
        "var": 1.55958623509e-05
    },
    "spectral_energyband_low": {
        "dmean": 0.0199180357158,
        "dmean2": 0.0245610233396,
        "dvar": 0.00155432126485,
        "dvar2": 0.00290778744966,
        "max": 0.241311430931,
        "mean": 0.0301120784134,
        "median": 0.00239191413857,
        "min": 2.2135156166e-23,
        "stdev": 0.0559254549444,
        "var": 0.00312765641138
    },
    "spectral_energyband_middle_high": {
        "dmean": 0.00348553154618,
        "dmean2": 0.00504643283784,
        "dvar": 2.25947369472e-05,
        "dvar2": 4.41122174379e-05,
        "max": 0.049855992198,
        "mean": 0.00790096446872,
        "median": 0.0053745508194,
        "min": 1.70011000792e-21,
        "stdev": 0.00790419988334,
        "var": 6.24763706583e-05
    },
    "spectral_energyband_middle_low": {
        "dmean": 0.0053187138401,
        "dmean2": 0.0086375772953,
        "dvar": 5.14921739523e-05,
        "dvar2": 0.000136941700475,
        "max": 0.0683353543282,
        "mean": 0.0135819260031,
        "median": 0.0117597552016,
        "min": 2.17682241424e-22,
        "stdev": 0.00852499250323,
        "var": 7.26754951756e-05
    },
    "spectral_entropy": {
        "dmean": 0.312604218721,
        "dmean2": 0.416396737099,
        "dvar": 0.111427329481,
        "dvar2": 0.197581917048,
        "max": 9.80114269257,
        "mean": 7.54055786133,
        "median": 7.44407606125,
        "min": 5.38064146042,
        "stdev": 0.557250499725,
        "var": 0.310528099537
    },
    "spectral_flux": {
        "dmean": 0.0526693463326,
        "dmean2": 0.0800145119429,
        "dvar": 0.00525404792279,
        "dvar2": 0.0100628249347,
        "max": 0.460250884295,
        "mean": 0.123440496624,
        "median": 0.101023778319,
        "min": 1.02881717035e-10,
        "stdev": 0.0869517326355,
        "var": 0.0075606033206
    },
    "spectral_kurtosis": {
        "dmean": 1.85770440102,
        "dmean2": 2.77447962761,
        "dvar": 8.83858108521,
        "dvar2": 20.5175380707,
        "max": 57.2423477173,
        "mean": 4.74742698669,
        "median": 4.2261724472,
        "min": -1.29093277454,
        "stdev": 3.66179585457,
        "var": 13.4087495804
    },
    "spectral_rms": {
        "dmean": 0.00155150250066,
        "dmean2": 0.00188344914932,
        "dvar": 3.75736431124e-06,
        "dvar2": 6.59991246721e-06,
        "max": 0.015651319176,
        "mean": 0.00640134094283,
        "median": 0.00543120969087,
        "min": 3.21348503363e-12,
        "stdev": 0.00318626733497,
        "var": 1.01523000922e-05
    },
    "spectral_rolloff": {
        "dmean": 896.411865234,
        "dmean2": 1434.0177002,
        "dvar": 3278174.75,
        "dvar2": 6754313.5,
        "max": 18690.8203125,
        "mean": 1639.8371582,
        "median": 1098.19335938,
        "min": 64.599609375,
        "stdev": 2173.7277832,
        "var": 4725092
    },
    "spectral_skewness": {
        "dmean": 0.297774642706,
        "dmean2": 0.422528743744,
        "dvar": 0.121410749853,
        "dvar2": 0.250377178192,
        "max": 6.18221378326,
        "mean": 1.8697835207,
        "median": 1.87519407272,
        "min": -0.191582888365,
        "stdev": 0.539388597012,
        "var": 0.290940076113
    },
    "spectral_spread": {
        "dmean": 1060611.125,
        "dmean2": 1401238.25,
        "dvar": 2.29008185754e+12,
        "dvar2": 3.08827416166e+12,
        "max": 41440952,
        "mean": 6113329.5,
        "median": 5715201.5,
        "min": 1587638.75,
        "stdev": 2305675.5,
        "var": 5.31613928653e+12
    },
    "spectral_strongpeak": {
        "dmean": 0.683570206165,
        "dmean2": 1.11298668385,
        "dvar": 1.26335060596,
        "dvar2": 3.30502676964,
        "max": 14.6844406128,
        "mean": 1.23391103745,
        "median": 0.810148954391,
        "min": 5.6610000021e-10,
        "stdev": 1.39895820618,
        "var": 1.95708405972
    },
    "zerocrossingrate": {
        "dmean": 0.0198970828205,
        "dmean2": 0.0221833251417,
        "dvar": 0.000774867017753,
        "dvar2": 0.000919585989323,
        "max": 0.49267578125,
        "mean": 0.0674353018403,
        "median": 0.052734375,
        "min": 0.00244140625,
        "stdev": 0.0508787073195,
        "var": 0.00258864299394
    },
    "barkbands": {
        "dmean": [0.000676273950376, 0.0173633433878, 0.00407711276785, 0.00183444307186, 0.00180211232509, 0.00096526282141, 0.00125832320191, 0.000854192709085, 0.0013294739183, 0.0008475172217, 0.000496465479955, 0.000973765621893, 0.000791401951574, 0.000976892304607, 0.000346313696355, 0.000208135475987, 0.000277822226053, 0.000278429797618, 0.000207454839256, 0.000124978862004, 0.000155611982336, 0.000182504169061, 0.000188898484339, 0.000327351328451, 0.00048101253924, 0.000326716923155, 2.29901397688e-05],
        "dmean2": [0.000899412087165, 0.0209195055068, 0.00761118624359, 0.00328674353659, 0.00306751322933, 0.00148914835881, 0.00182878726628, 0.00128698931076, 0.0019525209209, 0.00126688508317, 0.000759278889745, 0.00160414830316, 0.00124871206935, 0.00149348122068, 0.000518184213433, 0.000314798380714, 0.000422692537541, 0.000419734889874, 0.000318637874443, 0.000190430320799, 0.00023123039864, 0.000277134531643, 0.000274166173767, 0.000465134478873, 0.000677502306644, 0.000480616756249, 3.43390129274e-05],
        "dvar": [1.89131196748e-06, 0.0013056716416, 0.000130340835312, 1.59622250067e-05, 7.13400095265e-06, 2.89765557682e-06, 7.54238953959e-06, 2.67851146418e-06, 5.51235416424e-06, 2.77535241366e-06, 8.63546404162e-07, 5.29563249074e-06, 2.77512049252e-06, 3.22091818816e-06, 2.76813466371e-07, 1.15263070199e-07, 1.85514991813e-07, 1.99627990582e-07, 1.32383746632e-07, 4.46827073119e-08, 8.8375628593e-08, 1.21787778085e-07, 1.17010564793e-07, 5.40766507129e-07, 9.3585134664e-07, 3.73675476339e-07, 1.93869453824e-09],
        "dvar2": [3.46729348166e-06, 0.00227302196436, 0.000375499104848, 4.51598098152e-05, 1.92596744455e-05, 6.4488181124e-06, 1.68845563167e-05, 6.42939949103e-06, 1.28484380184e-05, 5.95312303631e-06, 2.05128344533e-06, 1.1824133253e-05, 5.94663151787e-06, 7.05001457391e-06, 5.93366905832e-07, 2.56447435731e-07, 4.30503689586e-07, 4.34683045114e-07, 3.09584692104e-07, 9.58342809554e-08, 1.83215917104e-07, 2.70526783197e-07, 2.24396558224e-07, 8.98761186363e-07, 1.67014218277e-06, 7.43627026623e-07, 3.68650754368e-09],
        "max": [0.0128090763465, 0.227012261748, 0.0711424648762, 0.0391879677773, 0.0250505954027, 0.0338098779321, 0.0459038615227, 0.0230923201889, 0.0351617783308, 0.0344653166831, 0.0149040427059, 0.0391116142273, 0.03012852557, 0.032266639173, 0.00524642504752, 0.00590166309848, 0.00485299434513, 0.00433085113764, 0.00339469336905, 0.00213254592381, 0.0028593975585, 0.0050542880781, 0.00433925166726, 0.0159334465861, 0.0199262928218, 0.00649033393711, 0.000293698569294],
        "mean": [0.00115682079922, 0.0252623762935, 0.00268586631864, 0.00200318940915, 0.00333451735787, 0.00184250983875, 0.0020538684912, 0.00158317573369, 0.00252159079537, 0.00153825734742, 0.000732333108317, 0.00122728187125, 0.00101078825537, 0.00164253858384, 0.000579923565965, 0.0002652053372, 0.000328058813466, 0.000358985213097, 0.000253215112025, 0.00015729147708, 0.000158344308147, 0.000199376954697, 0.000229248194955, 0.000394117058022, 0.000527175841853, 0.000337870413205, 2.37504009419e-05],
        "median": [4.45221985501e-06, 0.000138002083986, 0.000161558084073, 0.000323276501149, 0.00230404781178, 0.00118815456517, 0.00102428928949, 0.000866737798788, 0.00125850876793, 0.000396954739699, 0.000340241967933, 0.000390049186535, 0.000329745729687, 0.000610545510426, 0.00025116498, 0.00010679877596, 0.000110789733299, 0.000143351004226, 9.17560682865e-05, 5.10912686877e-05, 2.53112521023e-05, 5.323010555e-05, 6.79510558257e-05, 0.000106935796794, 7.94899024186e-05, 3.65465348295e-05, 9.48843705828e-07],
        "min": [9.70110612324e-24, 6.68353724479e-24, 3.75279907503e-24, 1.40692458922e-23, 2.09665249993e-23, 1.5724028369e-23, 5.53067225207e-23, 4.42473028372e-23, 5.83783449372e-23, 3.07990482495e-23, 1.23446596382e-22, 9.3032367104e-23, 7.69755135859e-23, 5.93724358955e-23, 9.47637968841e-23, 1.38619547033e-22, 2.49650621349e-22, 3.76921375586e-22, 3.48971970605e-22, 3.08796433283e-22, 3.12256011182e-22, 4.54180519377e-22, 7.71647884538e-22, 8.99888596901e-22, 1.24446314128e-21, 1.72904618323e-21, 2.32426665161e-21],
        "stdev": [0.0021936991252, 0.0512316338718, 0.00857672747225, 0.00362440897152, 0.00336816324852, 0.00239474256523, 0.00336080184206, 0.00210239365697, 0.00345334061421, 0.00278867571615, 0.0011680937605, 0.00270640198141, 0.00199816166423, 0.00277081201784, 0.000816063198727, 0.00039575737901, 0.000502148992382, 0.000527520256583, 0.000417023256887, 0.000263511319645, 0.000328417285345, 0.000392499467125, 0.000441714160843, 0.00103878357913, 0.00125991168898, 0.0007066076505, 5.02802613482e-05],
        "var": [4.81231563754e-06, 0.00262468028814, 7.35602516215e-05, 1.31363403852e-05, 1.13445230454e-05, 5.73479155719e-06, 1.1294988326e-05, 4.42005921286e-06, 1.19255619211e-05, 7.77671266405e-06, 1.3644429373e-06, 7.324611488e-06, 3.99264990847e-06, 7.6773994806e-06, 6.65959191792e-07, 1.56623897851e-07, 2.52153625979e-07, 2.78277639154e-07, 1.73908389911e-07, 6.94382080724e-08, 1.078579146e-07, 1.54055825874e-07, 1.95111397261e-07, 1.07907123947e-06, 1.58737759648e-06, 4.99294401379e-07, 2.52810483659e-09]
    },
    "erbbands": {
        "dmean": [0.687382400036, 3.86289048195, 5.27890396118, 5.78178024292, 6.08297586441, 5.62649106979, 6.62263250351, 8.28635311127, 15.5616817474, 18.8500652313, 20.8331203461, 28.1594009399, 27.7853946686, 19.8165340424, 22.0053348541, 35.974937439, 34.8984565735, 40.4573745728, 35.646484375, 11.7444124222, 13.3011789322, 14.7490310669, 14.3506555557, 10.860912323, 10.9389677048, 6.31891870499, 6.15033149719, 5.82460927963, 5.72646522522, 6.45668125153, 5.55536222458, 5.79151105881, 5.96737718582, 5.53450012207, 3.57930445671, 1.85226786137, 0.498376905918, 0.0740317180753, 0.00254746945575, 9.20244710869e-05],
        "dmean2": [0.729705870152, 5.1109213829, 9.5586938858, 10.429476738, 10.443312645, 9.69930553436, 10.5165462494, 12.5679597855, 23.5610294342, 28.3495769501, 30.291261673, 41.5985069275, 41.3410644531, 28.5896320343, 33.9067382812, 58.2655143738, 54.2646942139, 62.1738739014, 51.8199920654, 17.563211441, 19.9030056, 22.0747756958, 21.3930797577, 16.3370380402, 17.2356967926, 9.65095806122, 9.16058254242, 8.87226200104, 8.57870483398, 9.71483135223, 8.14461994171, 8.31155490875, 8.37541103363, 8.21531391144, 4.93666362762, 2.77549910545, 0.714175581932, 0.105517454445, 0.00366230402142, 0.000120203440019],
        "dvar": [1.55373108387, 74.2326202393, 214.875823975, 179.154632568, 115.426834106, 75.8636245728, 121.957778931, 272.715881348, 1356.13061523, 1310.09106445, 1588.09313965, 2651.60009766, 2781.37060547, 1109.62573242, 1448.37402344, 9401.98730469, 5841.99951172, 5766.48242188, 3814.98071289, 380.847900391, 402.606506348, 511.421386719, 541.304199219, 337.67276001, 393.554168701, 115.481239319, 141.996170044, 128.212036133, 109.088195801, 150.801269531, 107.076179504, 173.459152222, 185.647964478, 125.461105347, 53.4685325623, 12.9981737137, 0.844101727009, 0.0186352878809, 2.21648806473e-05, 1.84477055853e-08],
        "dvar2": [2.00032138824, 165.94833374, 609.755249023, 504.955596924, 323.667663574, 203.322296143, 300.911834717, 532.022827148, 2831.2565918, 3178.68945312, 3955.78466797, 6283.31738281, 6558.98925781, 2141.09692383, 3219.66552734, 20000.4453125, 12326.1044922, 15279.4472656, 6763.52880859, 724.490356445, 902.845275879, 1168.90759277, 1188.55822754, 705.206787109, 952.910644531, 243.342315674, 300.404632568, 272.402069092, 228.301239014, 327.274719238, 208.593719482, 312.025146484, 321.319366455, 240.4034729, 94.3876876831, 27.4356460571, 1.5509698391, 0.0348701737821, 4.2555413529e-05, 3.33497673921e-08],
        "max": [8.15826797485, 53.4143333435, 86.8378067017, 91.1968231201, 78.8183441162, 86.3657226562, 146.607528687, 377.065734863, 637.469360352, 639.363586426, 649.192260742, 828.456726074, 895.750854492, 694.236083984, 605.295532227, 1958.74645996, 1622.7076416, 1158.96569824, 1330.93444824, 346.007019043, 151.548492432, 303.164855957, 229.685424805, 201.532897949, 148.839080811, 110.892341614, 104.316223145, 113.869338989, 136.207962036, 215.071472168, 120.550003052, 294.4581604, 326.30279541, 168.83114624, 175.1015625, 50.4999694824, 9.73867321014, 1.0294905901, 0.0351857990026, 0.00134439975955],
        "mean": [1.00650036335, 4.52881145477, 3.71870732307, 5.4100728035, 8.91788864136, 9.86048603058, 14.5108594894, 16.2911376953, 24.2580337524, 34.5761795044, 40.6452445984, 52.3826141357, 52.3622741699, 39.1982574463, 37.0520210266, 46.2239112854, 46.7745056152, 64.6941757202, 66.2917098999, 20.5551300049, 16.6705112457, 18.5259475708, 18.7182388306, 14.6824846268, 13.0939283371, 7.83646249771, 6.25045490265, 6.04674530029, 6.43539333344, 7.61171722412, 6.5924448967, 6.95353794098, 6.99779701233, 5.80792188644, 4.01643753052, 1.89322090149, 0.5185084939, 0.0792733877897, 0.00264651840553, 0.00013244485308],
        "median": [0.00414056982845, 0.0570803768933, 0.311506301165, 1.1182769537, 4.46632909775, 6.48742961884, 10.3425397873, 8.92658615112, 10.548163414, 19.2116966248, 24.5885810852, 26.9535541534, 20.286239624, 16.7242641449, 19.9876823425, 14.8882884979, 15.9384698868, 30.0705776215, 24.9489955902, 11.0061693192, 6.65205478668, 7.33998680115, 7.93748569489, 5.59118890762, 4.60893774033, 2.52009773254, 1.07183551788, 0.98449164629, 1.64112019539, 2.49367666245, 1.77840447426, 1.84079194069, 1.73884367943, 0.768102943897, 0.642511725426, 0.221698015928, 0.0537977740169, 0.00633307592943, 0.000203431249247, 4.82396972075e-05],
        "min": [2.05163069345e-22, 1.76461151645e-21, 3.38093515613e-21, 2.77002786175e-20, 4.91436726088e-20, 6.42520360242e-20, 1.5441578908e-19, 1.22489124827e-19, 6.59547343239e-19, 7.53942506407e-19, 1.44036391377e-18, 1.09853493775e-18, 1.06353299693e-18, 2.25548743832e-18, 4.43174917193e-18, 4.11866379162e-18, 3.69537479266e-18, 3.37239902056e-18, 3.05770642832e-18, 6.41738051593e-18, 9.49945299676e-18, 1.25387709933e-17, 1.38460894196e-17, 2.55897454567e-17, 1.26552206527e-17, 1.72620715526e-17, 1.1796680796e-17, 1.42517743607e-17, 1.58216986433e-17, 2.58791412115e-17, 1.67452507603e-17, 2.035855931e-17, 1.43406648437e-17, 1.33255802288e-17, 9.06397797302e-18, 5.19891865822e-18, 3.14859083017e-18, 1.57390901834e-18, 3.03701042109e-19, 3.41844925094e-20],
        "stdev": [1.99174356461, 10.1535768509, 11.4320039749, 11.1127319336, 11.7301244736, 10.2442541122, 16.4062709808, 24.1854991913, 47.1916427612, 46.0458526611, 50.3039131165, 72.0181274414, 83.0132217407, 58.0444297791, 52.745426178, 111.997055054, 93.1175308228, 95.2441940308, 105.471740723, 28.6927890778, 23.6337909698, 27.088804245, 27.3307304382, 23.0646438599, 21.6428565979, 13.0653495789, 13.0344190598, 12.4898786545, 12.3143081665, 14.2916564941, 13.1847896576, 17.8586502075, 18.661813736, 14.0287675858, 9.41749000549, 4.10206222534, 1.09033453465, 0.159933209419, 0.00541594950482, 0.00017422104429],
        "var": [3.96704244614, 103.095115662, 130.690719604, 123.49282074, 137.595809937, 104.944740295, 269.165710449, 584.938415527, 2227.05102539, 2120.22045898, 2530.48364258, 5186.61083984, 6891.19482422, 3369.15576172, 2782.08007812, 12543.3398438, 8670.87402344, 9071.45703125, 11124.2880859, 823.276184082, 558.556091309, 733.803344727, 746.96887207, 531.977783203, 468.413238525, 170.703353882, 169.896087646, 155.997070312, 151.642181396, 204.251449585, 173.838668823, 318.931365967, 348.263305664, 196.80632019, 88.6891174316, 16.826915741, 1.188829422, 0.0255786329508, 2.93325065286e-05, 3.03529716916e-08]
    },
    "gfcc": {
        "mean": [25.9274845123, 69.8120040894, -105.664176941, 4.89745187759, -67.1212387085, 18.381778717, -51.9811897278, 12.1045484543, -28.9453125, 2.25746941566, -17.5037975311, -0.160000056028, -17.5972766876],
        "cov": [[5043.59033203, -1502.59106445, -52.888168335, -23.9304580688, 164.76109314, 312.030609131, 109.290588379, 274.936767578, -157.895217896, 301.945556641, -128.528274536, 115.706581116, -102.012649536], [-1502.59106445, 1756.8984375, 91.7273025513, 96.7405471802, 240.635299683, 115.503433228, 166.333877563, 10.8066492081, 333.229766846, -60.1128387451, 214.53125, -55.7801933289, 111.935829163], [-52.888168335, 91.7273025513, 1228.02197266, 557.508850098, 361.922973633, 188.405914307, 330.315826416, 188.871994019, 113.311279297, 200.771148682, 105.329917908, 214.10874939, 50.1485137939], [-23.9304580688, 96.7405471802, 557.508850098, 584.519042969, 273.657989502, 154.538742065, 182.978088379, 161.85043335, 162.151199341, 111.669082642, 117.520774841, 107.728157043, 97.7242279053], [164.76109314, 240.635299683, 361.922973633, 273.657989502, 479.972198486, 260.765991211, 240.116607666, 181.02507019, 204.244171143, 162.607955933, 108.094619751, 88.0963897705, 73.7145843506], [312.030609131, 115.503433228, 188.405914307, 154.538742065, 260.765991211, 358.291229248, 220.955932617, 162.124252319, 160.400436401, 123.525611877, 82.5901641846, 33.443321228, 66.4560623169], [109.290588379, 166.333877563, 330.315826416, 182.978088379, 240.116607666, 220.955932617, 362.431671143, 181.514755249, 118.108070374, 127.928367615, 127.990264893, 99.3910827637, 67.8326416016], [274.936767578, 10.8066492081, 188.871994019, 161.85043335, 181.02507019, 162.124252319, 181.514755249, 240.030227661, 155.797073364, 131.186828613, 96.4253692627, 57.2703895569, 71.950668335], [-157.895217896, 333.229766846, 113.311279297, 162.151199341, 204.244171143, 160.400436401, 118.108070374, 155.797073364, 326.605163574, 138.290405273, 104.898620605, 15.0832967758, 118.457626343], [301.945556641, -60.1128387451, 200.771148682, 111.669082642, 162.607955933, 123.525611877, 127.928367615, 131.186828613, 138.290405273, 215.431304932, 83.1605758667, 45.5378608704, 58.1491012573], [-128.528274536, 214.53125, 105.329917908, 117.520774841, 108.094619751, 82.5901641846, 127.990264893, 96.4253692627, 104.898620605, 83.1605758667, 159.936309814, 49.7911720276, 57.2942695618], [115.706581116, -55.7801933289, 214.10874939, 107.728157043, 88.0963897705, 33.443321228, 99.3910827637, 57.2703895569, 15.0832967758, 45.5378608704, 49.7911720276, 144.126602173, 27.2156028748], [-102.012649536, 111.935829163, 50.1485137939, 97.7242279053, 73.7145843506, 66.4560623169, 67.8326416016, 71.950668335, 118.457626343, 58.1491012573, 57.2942695618, 27.2156028748, 126.761886597]],
        "icov": [[0.000371104979422, 0.00013185487478, 0.000250616925769, -0.000110423308797, -3.75552481273e-05, -0.000375243427698, 0.000101753961644, -0.000480400165543, 0.000407313171308, -0.000669788336381, 0.000533822865691, -0.00039205639041, 0.000374503957573], [0.00013185487478, 0.00167030072771, -0.000535603612661, 0.000779436493758, -0.000899309467059, 0.000283918518107, -0.000650913396385, 0.00133951916359, -0.00207477761433, 0.00250278552994, -0.00251598074101, 0.00148486427497, -0.000186565768672], [0.000250616925769, -0.000535603612661, 0.00258162477985, -0.00215826136991, 0.000155766960233, -9.00992381503e-05, -0.000891901028808, -0.000427424703958, 0.0012483507162, -0.00273889815435, 0.00253421696834, -0.00233230902813, 0.0014388775453], [-0.000110423308797, 0.000779436493758, -0.00215826136991, 0.00459739379585, -0.00138778891414, 0.00018212221039, 0.000718684867024, -6.89865046297e-05, -0.00144300260581, 0.00294211320579, -0.0030045711901, 0.0011327797547, -0.00198778393678], [-3.75552481273e-05, -0.000899309467059, 0.000155766960233, -0.00138778891414, 0.00556031242013, -0.00211211200804, -0.000513550126925, -0.000607106660027, -0.000419899151893, -0.00231199176051, 0.00180871190969, -0.00192373536993, 0.00131391198374], [-0.000375243427698, 0.000283918518107, -9.00992381503e-05, 0.00018212221039, -0.00211211200804, 0.00671664765105, -0.00285719358362, -0.000114466507512, -0.0015747648431, 0.000955192255788, -0.000385810941225, 0.00227371999063, -0.000636924931314], [0.000101753961644, -0.000650913396385, -0.000891901028808, 0.000718684867024, -0.000513550126925, -0.00285719358362, 0.00808294676244, -0.0032918471843, 0.00233002542518, -0.000776258995757, -0.00186829210725, -0.00204798066989, -0.000742011645343], [-0.000480400165543, 0.00133951916359, -0.000427424703958, -6.89865046297e-05, -0.000607106660027, -0.000114466507512, -0.0032918471843, 0.0118265831843, -0.00448213238269, 0.000970130437054, -0.00349278235808, 0.00107820145786, -0.000794749590568], [0.000407313171308, -0.00207477761433, 0.0012483507162, -0.00144300260581, -0.000419899151893, -0.0015747648431, 0.00233002542518, -0.00448213238269, 0.0109364110976, -0.00598994409665, 0.00263287406415, -0.000632731011137, -0.00338088581339], [-0.000669788336381, 0.00250278552994, -0.00273889815435, 0.00294211320579, -0.00231199176051, 0.000955192255788, -0.000776258995757, 0.000970130437054, -0.00598994409665, 0.0148103451356, -0.00736235361546, 0.00355917331763, -0.00185810599942], [0.000533822865691, -0.00251598074101, 0.00253421696834, -0.0030045711901, 0.00180871190969, -0.000385810941225, -0.00186829210725, -0.00349278235808, 0.00263287406415, -0.00736235361546, 0.0166446696967, -0.00507010100409, 0.000580138061196], [-0.00039205639041, 0.00148486427497, -0.00233230902813, 0.0011327797547, -0.00192373536993, 0.00227371999063, -0.00204798066989, 0.00107820145786, -0.000632731011137, 0.00355917331763, -0.00507010100409, 0.0132944416255, -0.00277081993409], [0.000374503957573, -0.000186565768672, 0.0014388775453, -0.00198778393678, 0.00131391198374, -0.000636924931314, -0.000742011645343, -0.000794749590568, -0.00338088581339, -0.00185810599942, 0.000580138061196, -0.00277081993409, 0.0140805961564]]
    },
    "melbands": {
        "dmean": [0.00527312792838, 0.00332602509297, 0.000969108135905, 0.000408571766457, 0.000231278288993, 0.000187629804714, 0.000239961082116, 0.0002048125898, 0.000186609104276, 0.000175779568963, 0.000143743964145, 9.01243911358e-05, 6.97430878063e-05, 0.000121178018162, 7.62404160923e-05, 7.8151395428e-05, 8.12117432361e-05, 7.51107581891e-05, 1.89605907508e-05, 1.30372127387e-05, 1.69056620507e-05, 1.72978670889e-05, 1.2708695067e-05, 1.45671074279e-05, 8.2590013335e-06, 8.39186850499e-06, 6.53170855003e-06, 3.87610270991e-06, 3.85616385756e-06, 3.54870007868e-06, 3.5866808048e-06, 3.00195461023e-06, 4.04517777497e-06, 3.43076817444e-06, 3.34239666699e-06, 3.10840073325e-06, 3.80910273634e-06, 3.94073686039e-06, 4.68789039587e-06, 4.75440856462e-06],
        "dmean2": [0.00603189459071, 0.00521889142692, 0.00174134469125, 0.000700009462889, 0.00037260496174, 0.000285906804493, 0.000357627635822, 0.000306269939756, 0.000271193828667, 0.00025879999157, 0.000213862440432, 0.000130071712192, 0.000108038948383, 0.000196918423171, 0.000119943288155, 0.000119514894322, 0.000126090308186, 0.00011061951227, 2.85082642222e-05, 1.96769433387e-05, 2.58496420429e-05, 2.62315097643e-05, 1.88341109606e-05, 2.25199673878e-05, 1.24408406919e-05, 1.31903325382e-05, 1.03381689769e-05, 6.01725923843e-06, 5.7604529502e-06, 5.36172183274e-06, 5.54256212126e-06, 4.53901702713e-06, 6.18900048721e-06, 5.12118413099e-06, 5.0504927458e-06, 4.46271451437e-06, 5.48744128537e-06, 5.57162775294e-06, 6.88817090122e-06, 7.06926266503e-06],
        "dvar": [0.000105769409856, 6.4382351411e-05, 4.71380826639e-06, 4.3084077106e-07, 1.33902915422e-07, 1.27649968817e-07, 3.04079378566e-07, 1.25036692111e-07, 1.14696931064e-07, 1.01143157849e-07, 7.5297286628e-08, 2.49554137355e-08, 1.644980685e-08, 8.08509454941e-08, 4.55862370075e-08, 2.24025598072e-08, 2.58584460511e-08, 1.94732301395e-08, 9.06615837959e-10, 5.14172759924e-10, 6.90226820144e-10, 8.1212991887e-10, 3.97582716749e-10, 6.57103316204e-10, 1.94722307723e-10, 2.26807045367e-10, 1.37752087515e-10, 4.67769260826e-11, 5.82505432778e-11, 4.71993902296e-11, 5.12785265638e-11, 3.09331102399e-11, 5.82572740049e-11, 4.24403671928e-11, 3.82613801753e-11, 4.42702229042e-11, 7.79771594517e-11, 7.83102888091e-11, 1.18775947411e-10, 9.04498767551e-11],
        "dvar2": [0.000152928667376, 0.000170538551174, 1.33945150083e-05, 1.15443469895e-06, 3.37030542141e-07, 2.57312535723e-07, 6.44064357402e-07, 3.0713604815e-07, 2.81529139556e-07, 2.30025790415e-07, 1.76112578743e-07, 4.8459533275e-08, 3.71238435548e-08, 1.84669573855e-07, 9.79481953323e-08, 5.08671682553e-08, 6.90532786507e-08, 3.45915154298e-08, 1.92889482165e-09, 1.09452802377e-09, 1.5852263946e-09, 1.97076532871e-09, 8.72288963283e-10, 1.54573154276e-09, 4.03911459834e-10, 5.50296808122e-10, 3.34199778962e-10, 9.98253354978e-11, 1.31422733807e-10, 9.8740300658e-11, 1.13653142453e-10, 6.59344662202e-11, 1.31259766945e-10, 9.07999578303e-11, 7.91427270941e-11, 8.08980452072e-11, 1.39321942871e-10, 1.28666535759e-10, 2.24170362828e-10, 1.77743528229e-10],
        "max": [0.0660756826401, 0.0452783256769, 0.0155781516805, 0.00652980711311, 0.00510671269149, 0.00775722227991, 0.00913105811924, 0.00571004906669, 0.00546744978055, 0.00448537897319, 0.00459959497675, 0.00317066046409, 0.00245768250898, 0.00508845364675, 0.00492723798379, 0.00259916647337, 0.00256351777352, 0.00305175059475, 0.000510660407599, 0.000501075177453, 0.000191935061594, 0.000398031697841, 0.000235845815041, 0.000279907195363, 0.000169915947481, 0.000129040563479, 9.71418630797e-05, 7.25011050235e-05, 6.51736772852e-05, 5.4418851505e-05, 7.46891528252e-05, 7.71238846937e-05, 0.000100601202575, 0.000127826220705, 6.82846293785e-05, 0.000120637880173, 0.000199294110644, 0.00020028927247, 0.00025001107133, 0.000134919784614],
        "mean": [0.00791813619435, 0.00316121871583, 0.00103015906643, 0.000693225418217, 0.000509299570695, 0.000366311200196, 0.00037693217746, 0.000381526304409, 0.000354877265636, 0.000323564308928, 0.000267319031991, 0.000172539992491, 0.000113284295367, 0.000149645798956, 9.37342701945e-05, 0.00010893002036, 0.000123146761325, 0.000131098422571, 3.06659821945e-05, 1.94358399312e-05, 1.94551685126e-05, 1.9695607989e-05, 1.67432754097e-05, 1.76668690983e-05, 1.09949769467e-05, 9.84852795227e-06, 7.8977254816e-06, 4.51559208159e-06, 3.76600769414e-06, 3.58206216333e-06, 3.57231715498e-06, 3.26655481331e-06, 4.44705574409e-06, 4.1261878323e-06, 3.8160405893e-06, 3.61275192517e-06, 4.57857777292e-06, 4.78052561448e-06, 4.9297973419e-06, 4.89538206239e-06],
        "median": [3.52120041498e-05, 0.000231133657508, 0.000327761576045, 0.000442119518993, 0.000364454754163, 0.000206431126571, 0.000186782621313, 0.000245395378442, 0.000204425305128, 0.000162583775818, 9.38651210163e-05, 6.4900428697e-05, 6.07521651546e-05, 3.83069782401e-05, 2.95400895993e-05, 3.90620189137e-05, 5.16867658007e-05, 4.29318060924e-05, 1.60742765729e-05, 8.46615148475e-06, 7.12973314876e-06, 6.67710628477e-06, 6.24493168289e-06, 6.63425180392e-06, 3.90817422158e-06, 3.27284988089e-06, 2.64498180513e-06, 1.27454813992e-06, 5.75086858134e-07, 6.1456688627e-07, 5.22673360592e-07, 7.15918702099e-07, 1.35861853323e-06, 1.43171314448e-06, 1.09555685412e-06, 7.43939438053e-07, 1.25140206819e-06, 1.33510707201e-06, 7.44803742236e-07, 5.64467029562e-07],
        "min": [2.94544174817e-24, 2.12168065042e-24, 5.4536313072e-24, 4.18278467193e-24, 4.86337323462e-24, 3.04056989308e-24, 1.01836105293e-23, 7.38193394798e-24, 1.32228107627e-23, 6.42067380281e-24, 5.17412645e-24, 7.9443736296e-24, 1.65767712304e-23, 9.58630556228e-24, 1.08579020098e-23, 7.55484042549e-24, 6.00330011963e-24, 3.97094199229e-24, 8.5489558385e-24, 9.96651048619e-24, 1.14311901066e-23, 1.34199676133e-23, 1.04016193402e-23, 1.93880048616e-23, 2.17042677178e-23, 9.85020162319e-24, 8.1212252005e-24, 1.21987975213e-23, 7.66763570202e-24, 7.22282149226e-24, 8.42541785416e-24, 7.83812432086e-24, 1.14775735501e-23, 1.59218021089e-23, 8.219036853e-24, 1.2250953849e-23, 1.22018646125e-23, 9.49944961004e-24, 1.02856260216e-23, 1.20409275216e-23],
        "stdev": [0.0157190095633, 0.00758816627786, 0.0018154749414, 0.000783043855336, 0.000551373756025, 0.000516980246175, 0.000694835209288, 0.000456169393146, 0.000445711775683, 0.000457991787698, 0.000439777038991, 0.000275150348898, 0.000168131969986, 0.000332662195433, 0.000245785777224, 0.000191486411495, 0.000196888868231, 0.000232180216699, 4.18341405748e-05, 2.89177241939e-05, 2.95606969303e-05, 3.16045661748e-05, 2.59950866166e-05, 2.76460232271e-05, 1.79897342605e-05, 1.68262140505e-05, 1.3213463717e-05, 8.06505613582e-06, 8.12423695606e-06, 7.44911903894e-06, 7.72690418671e-06, 6.53567394693e-06, 8.46004695632e-06, 7.74402906245e-06, 7.51319521441e-06, 8.78487935552e-06, 1.20268377941e-05, 1.23050558614e-05, 1.42329517985e-05, 1.14940012281e-05],
        "var": [0.000247087242315, 5.75802660023e-05, 3.2959494547e-06, 6.13157681073e-07, 3.04013042296e-07, 2.6726854685e-07, 4.82795996959e-07, 2.08090526144e-07, 1.98658980821e-07, 2.09756478853e-07, 1.9340384938e-07, 7.57077103231e-08, 2.82683583208e-08, 1.1066413208e-07, 6.04106489277e-08, 3.66670462881e-08, 3.87652292488e-08, 5.39076552286e-08, 1.75009540193e-09, 8.36234748114e-10, 8.73834837822e-10, 9.98848559419e-10, 6.7574457141e-10, 7.64302621192e-10, 3.2363056679e-10, 2.83121498468e-10, 1.74595629621e-10, 6.50451290052e-11, 6.60032306588e-11, 5.54893769822e-11, 5.97050464624e-11, 4.27150363691e-11, 7.15724007838e-11, 5.99699873094e-11, 5.64481031362e-11, 7.71741004435e-11, 1.44644823896e-10, 1.51414408789e-10, 2.02576927455e-10, 1.32112071283e-10]
    },
    "melbands128": {
