{
"lowlevel": {
    "average_loudness": 0.950080811977,
    "barkbands_crest": {
        "dmean": 3.76922440529,
        "dmean2": 5.79417514801,
        "dvar": 9.46386528015,
        "dvar2": 21.9184188843,
        "max": 25.2217540741,
        "mean": 12.4862565994,
        "median": 11.7119932175,
        "min": 2.25689816475,
        "stdev": 5.45066642761,
        "var": 29.7097625732
    },
    "barkbands_flatness_db": {
        "dmean": 0.0341422706842,
        "dmean2": 0.0477253831923,
        "dvar": 0.00090772123076,
        "dvar2": 0.00173986610025,
        "max": 0.338688224554,
        "mean": 0.137192726135,
        "median": 0.128276512027,
        "min": 0.0229292158037,
        "stdev": 0.0604111738503,
        "var": 0.00364950997755
    },
    "barkbands_kurtosis": {
        "dmean": 7.44647932053,
        "dmean2": 11.1575117111,
        "dvar": 232.337768555,
        "dvar2": 511.18145752,
        "max": 234.862091064,
        "mean": 8.34961891174,
        "median": 2.36308431625,
        "min": -1.95499444008,
        "stdev": 17.9803123474,
        "var": 323.291656494
    },
    "barkbands_skewness": {
        "dmean": 1.03080260754,
        "dmean2": 1.47181117535,
        "dvar": 1.14378750324,
        "dvar2": 2.24314618111,
        "max": 13.0937738419,
        "mean": 1.94281053543,
        "median": 1.55723953247,
        "min": -4.09525537491,
        "stdev": 1.86858832836,
        "var": 3.49162244797
    },
    "barkbands_spread": {
        "dmean": 10.168674469,
        "dmean2": 15.3776416779,
        "dvar": 118.227844238,
        "dvar2": 243.978286743,
        "max": 115.532875061,
        "mean": 25.5309200287,
        "median": 22.0612373352,
        "min": 0.798282444477,
        "stdev": 17.7441368103,
        "var": 314.854370117
    },
    "dissonance": {
        "dmean": 0.0220712944865,
        "dmean2": 0.0355129688978,
        "dvar": 0.000687700288836,
        "dvar2": 0.00143924623262,
        "max": 0.499909639359,
        "mean": 0.463311970234,
        "median": 0.474831372499,
        "min": 0.0255825277418,
        "stdev": 0.0377089455724,
        "var": 0.00142196461093
    },
    "dynamic_complexity": 2.97166919708,
    "erbbands_crest": {
        "dmean": 3.53277373314,
        "dmean2": 5.67228507996,
        "dvar": 12.5358982086,
        "dvar2": 29.6409912109,
        "max": 32.8930511475,
        "mean": 9.52819919586,
        "median": 8.01344013214,
        "min": 2.39365267754,
        "stdev": 5.74934053421,
        "var": 33.0549163818
    },
    "erbbands_flatness_db": {
        "dmean": 0.0233926139772,
        "dmean2": 0.0331133790314,
        "dvar": 0.000463723728899,
        "dvar2": 0.0009112553671,
        "max": 0.379169344902,
        "mean": 0.140170514584,
        "median": 0.128615126014,
        "min": 0.0526290796697,
        "stdev": 0.0480684302747,
        "var": 0.00231057405472
    },
    "erbbands_kurtosis": {
        "dmean": 1.83445751667,
        "dmean2": 2.85674929619,
        "dvar": 10.6334514618,
        "dvar2": 24.5842514038,
        "max": 36.005443573,
        "mean": 1.22528040409,
        "median": -0.0414037704468,
        "min": -1.67696392536,
        "stdev": 4.10092496872,
        "var": 16.8175868988
    },
    "erbbands_skewness": {
        "dmean": 0.571830332279,
        "dmean2": 0.843045294285,
        "dvar": 0.304820895195,
        "dvar2": 0.628335654736,
        "max": 5.24889993668,
        "mean": 0.368703186512,
        "median": 0.282574772835,
        "min": -4.29386520386,
        "stdev": 1.03182041645,
        "var": 1.0646532774
    },
    "erbbands_spread": {
        "dmean": 14.5517997742,
        "dmean2": 22.1217308044,
        "dvar": 217.711105347,
        "dvar2": 527.731201172,
        "max": 151.425415039,
        "mean": 44.3790283203,
        "median": 42.1781387329,
        "min": 3.0489089489,
        "stdev": 23.4670009613,
        "var": 550.700134277
    },
    "hfc": {
        "dmean": 9.81888484955,
        "dmean2": 12.6691627502,
        "dvar": 123.910461426,
        "dvar2": 203.291992188,
        "max": 113.985351562,
        "mean": 21.9927215576,
        "median": 18.7454719543,
        "min": 8.36629283185e-07,
        "stdev": 18.9309005737,
        "var": 358.378997803
    },
    "loudness_ebu128": {
        "integrated": -8.822265625,
        "loudness_range": 2.26537322998,
        "momentary": {
            "dmean": 0.564774870872,
            "dmean2": 0.74043238163,
            "dvar": 0.195075199008,
            "dvar2": 0.340923070908,
            "max": -6.72754621506,
            "mean": -9.00330352783,
            "median": -8.80609607697,
            "min": -12.9777002335,
            "stdev": 1.30428910255,
            "var": 1.70117008686
        },
        "short_term": {
            "dmean": 0.0928951576352,
            "dmean2": 0.124955274165,
            "dvar": 0.00497642019764,
            "dvar2": 0.0086987959221,
            "max": -7.46862316132,
            "mean": -8.93946456909,
            "median": -9.06939220428,
            "min": -10.6352272034,
            "stdev": 0.774452328682,
            "var": 0.599776446819
        }
    },
    "melbands_crest": {
        "dmean": 4.89505910873,
        "dmean2": 7.72821760178,
        "dvar": 16.3713169098,
        "dvar2": 39.2500801086,
        "max": 35.1673202515,
        "mean": 18.3828811646,
        "median": 18.1726150513,
        "min": 3.53247404099,
        "stdev": 6.86995601654,
        "var": 47.1962928772
    },
    "melbands_flatness_db": {
        "dmean": 0.0451723858714,
        "dmean2": 0.0629063546658,
        "dvar": 0.00164339062758,
        "dvar2": 0.00320715201087,
        "max": 0.454962253571,
        "mean": 0.201372072101,
        "median": 0.193402796984,
        "min": 0.0252402313054,
        "stdev": 0.0831596329808,
        "var": 0.00691552413628
    },
    "melbands_kurtosis": {
        "dmean": 18.5485305786,
        "dmean2": 27.8215751648,
        "dvar": 1038.02062988,
        "dvar2": 2038.20678711,
        "max": 372.148529053,
        "mean": 25.7998390198,
        "median": 9.95623016357,
        "min": -1.6456195116,
        "stdev": 44.5058326721,
        "var": 1980.76928711
    },
    "melbands_skewness": {
        "dmean": 1.47216045856,
        "dmean2": 2.13474583626,
        "dvar": 2.32019233704,
        "dvar2": 4.86032295227,
        "max": 16.71052742,
        "mean": 3.40052437782,
        "median": 2.79713106155,
        "min": -2.38684344292,
        "stdev": 2.67578339577,
        "var": 7.15981721878
    },
    "melbands_spread": {
        "dmean": 13.3762121201,
        "dmean2": 20.9563026428,
        "dvar": 363.695159912,
        "dvar2": 857.873962402,
        "max": 230.95425415,
        "mean": 26.1103572845,
        "median": 20.2438106537,
        "min": 0.614803135395,
        "stdev": 26.2933959961,
        "var": 691.342712402
    },
    "pitch_salience": {
        "dmean": 0.101542018354,
        "dmean2": 0.157189816236,
        "dvar": 0.00826216302812,
        "dvar2": 0.0182075127959,
        "max": 0.946455478668,
        "mean": 0.496029138565,
        "median": 0.495167523623,
        "min": 0.11506459862,
        "stdev": 0.153049200773,
        "var": 0.0234240591526
    },
    "silence_rate_20dB": {
        "dmean": 0,
        "dmean2": 0,
        "dvar": 0,
        "dvar2": 0,
        "max": 1,
        "mean": 1,
        "median": 1,
        "min": 1,
        "stdev": 0,
        "var": 0
    },
    "silence_rate_30dB": {
        "dmean": 0.0773993805051,
        "dmean2": 0.154918670654,
        "dvar": 0.071407712996,
        "dvar2": 0.15415777266,
        "max": 1,
        "mean": 0.934261381626,
        "median": 1,
        "min": 0,
        "stdev": 0.247823491693,
        "var": 0.0614164844155
    },
    "silence_rate_60dB": {
        "dmean": 0.0673374608159,
        "dmean2": 0.1340046525,
        "dvar": 0.0628021284938,
        "dvar2": 0.12534378469,
        "max": 1,
        "mean": 0.122196443379,
        "median": 0,
        "min": 0,
        "stdev": 0.327514141798,
        "var": 0.107265509665
    },
    "spectral_centroid": {
        "dmean": 466.304962158,
        "dmean2": 703.831665039,
        "dvar": 225686.59375,
        "dvar2": 455661.71875,
        "max": 5897.76806641,
        "mean": 1579.10510254,
        "median": 1430.23449707,
        "min": 228.892120361,
        "stdev": 825.455200195,
        "var": 681376.25
    },
    "spectral_complexity": {
        "dmean": 6.13235282898,
        "dmean2": 7.94655323029,
        "dvar": 50.4011993408,
        "dvar2": 72.4814376831,
        "max": 57,
        "mean": 16.8692970276,
        "median": 14,
        "min": 0,
        "stdev": 13.2133083344,
        "var": 174.591522217
    },
    "spectral_decrease": {
        "dmean": 4.57908644336e-09,
        "dmean2": 6.3074319101e-09,
        "dvar": 3.81579210664e-17,
        "dvar2": 6.78815645001e-17,
        "max": -2.16076715181e-16,
        "mean": -9.18348774803e-09,
        "median": -6.68749100541e-09,
        "min": -5.24033012539e-08,
        "stdev": 9.30687082956e-09,
        "var": 8.66178472666e-17
    },
    "spectral_energy": {
        "dmean": 0.0178976822644,
        "dmean2": 0.0243691485375,
        "dvar": 0.000557718798518,
        "dvar2": 0.00098690064624,
        "max": 0.200839877129,
        "mean": 0.0366553850472,
        "median": 0.0269182771444,
        "min": 8.91406282122e-10,
        "stdev": 0.035977832973,
        "var": 0.00129440438468
    },
    "spectral_energyband_high": {
        "dmean": 0.000705150188878,
        "dmean2": 0.000904645305127,
        "dvar": 9.33994726893e-07,
        "dvar2": 1.56509122462e-06,
        "max": 0.00991472508758,
        "mean": 0.00124213309027,
        "median": 0.00058400031412,
        "min": 1.43277438525e-11,
        "stdev": 0.00160187948495,
        "var": 2.56601788351e-06
    },
    "spectral_energyband_low": {
        "dmean": 0.0113244783133,
        "dmean2": 0.0153214596212,
        "dvar": 0.000420887314249,
        "dvar2": 0.000724236655515,
        "max": 0.180185556412,
        "mean": 0.0205130521208,
        "median": 0.0082646580413,
        "min": 1.07570043151e-10,
        "stdev": 0.029919706285,
        "var": 0.000895188830327
    },
    "spectral_energyband_middle_high": {
        "dmean": 0.00267547811382,
        "dmean2": 0.00382750690915,
        "dvar": 1.50464647959e-05,
        "dvar2": 2.81247357634e-05,
        "max": 0.0629800334573,
        "mean": 0.00523588387296,
        "median": 0.0030751565937,
        "min": 2.85562129498e-10,
        "stdev": 0.00660571688786,
        "var": 4.36354966951e-05
    },
    "spectral_energyband_middle_low": {
        "dmean": 0.0090855974704,
        "dmean2": 0.0145531259477,
        "dvar": 0.000237007188844,
        "dvar2": 0.000592629192397,
        "max": 0.118263192475,
        "mean": 0.0110779413953,
        "median": 0.00517737818882,
        "min": 4.90435081435e-10,
        "stdev": 0.0154443010688,
        "var": 0.000238526423345
    },
    "spectral_entropy": {
        "dmean": 0.223541796207,
        "dmean2": 0.317505508661,
        "dvar": 0.0493660196662,
        "dvar2": 0.0902942121029,
        "max": 8.94088363647,
        "mean": 7.82179069519,
        "median": 7.84305238724,
        "min": 5.78237819672,
        "stdev": 0.432506173849,
        "var": 0.187061592937
    },
    "spectral_flux": {
        "dmean": 0.044240500778,
        "dmean2": 0.0633909031749,
        "dvar": 0.00244817393832,
        "dvar2": 0.00409295549616,
        "max": 0.366657674313,
        "mean": 0.108914099634,
        "median": 0.0903123766184,
        "min": 2.98564282275e-05,
        "stdev": 0.0742620304227,
        "var": 0.00551484944299
    },
    "spectral_kurtosis": {
        "dmean": 1.14144265652,
        "dmean2": 1.69463014603,
        "dvar": 1.45117306709,
        "dvar2": 3.27392983437,
        "max": 13.8983154297,
        "mean": 3.10568714142,
        "median": 2.73438882828,
        "min": -1.20804798603,
        "stdev": 1.99086642265,
        "var": 3.9635488987
    },
    "spectral_rms": {
        "dmean": 0.00141530181281,
        "dmean2": 0.00181748496834,
        "dvar": 2.39398377744e-06,
        "dvar2": 3.63338153875e-06,
        "max": 0.0139979049563,
        "mean": 0.00521433074027,
        "median": 0.00512462016195,
        "min": 9.32558123168e-07,
        "stdev": 0.00292782438919,
        "var": 8.57215582073e-06
    },
    "spectral_rolloff": {
        "dmean": 993.744689941,
        "dmean2": 1618.89343262,
        "dvar": 2526538,
        "dvar2": 5589476,
        "max": 12037.0605469,
        "mean": 1753.39904785,
        "median": 968.994140625,
        "min": 64.599609375,
        "stdev": 2150.58349609,
        "var": 4625009
    },
    "spectral_skewness": {
        "dmean": 0.226750805974,
        "dmean2": 0.319281041622,
        "dvar": 0.0486761070788,
        "dvar2": 0.0985129252076,
        "max": 3.11139893532,
        "mean": 1.38497054577,
        "median": 1.34999632835,
        "min": -0.14324966073,
        "stdev": 0.42107668519,
        "var": 0.177305564284
    },
    "spectral_spread": {
        "dmean": 782160.0625,
        "dmean2": 1099284,
        "dvar": 956987539456,
        "dvar2": 1.96411745894e+12,
        "max": 17063392,
        "mean": 5646151,
        "median": 5453967,
        "min": 2673226.25,
        "stdev": 1564343.25,
        "var": 2.44716981453e+12
    },
    "spectral_strongpeak": {
        "dmean": 0.51178085804,
        "dmean2": 0.829304456711,
        "dvar": 0.670702219009,
        "dvar2": 1.55076396465,
        "max": 9.06872367859,
        "mean": 0.78078854084,
        "median": 0.385540366173,
        "min": 0,
        "stdev": 1.10595464706,
        "var": 1.22313559055
    },
    "zerocrossingrate": {
        "dmean": 0.0193392634392,
        "dmean2": 0.0211326312274,
        "dvar": 0.000500920345075,
        "dvar2": 0.000575952813961,
        "max": 0.4189453125,
        "mean": 0.0708045586944,
        "median": 0.05810546875,
        "min": 0.00341796875,
        "stdev": 0.054042764008,
        "var": 0.00292062037624
    },
    "barkbands": {
        "dmean": [0.000671692774631, 0.00952512677759, 0.0037170459982, 0.00337392697111, 0.0033220583573, 0.000999978859909, 0.000458677532151, 0.00142735789996, 0.00133887806442, 0.00103284325451, 0.000727984588593, 0.000483321287902, 0.00036091596121, 0.000339923222782, 0.000260990287643, 0.000220642003114, 0.000182930612937, 0.000192592837266, 0.000208767625736, 0.000155842149979, 0.000180453906069, 0.000133778186864, 0.000126805243781, 0.000146327525727, 0.00011497012747, 3.79239572794e-05, 1.47641412696e-06],
        "dmean2": [0.00110419641715, 0.0133546385914, 0.00665780063719, 0.00583244534209, 0.00541540468112, 0.00160083011724, 0.000774459680542, 0.00235395669006, 0.00215471279807, 0.00149442523252, 0.00113752076868, 0.000762755866162, 0.000571227632463, 0.000535151397344, 0.000405510887504, 0.000336677447194, 0.000282766064629, 0.000288734212518, 0.000309887313051, 0.000225716023124, 0.000252176250797, 0.000184869320947, 0.000173390726559, 0.000210448575672, 0.000158036869834, 5.43723472219e-05, 2.46290915129e-06],
        "dvar": [1.17710737868e-06, 0.000343678228091, 0.000109723740024, 6.44751853542e-05, 5.82199900236e-05, 5.02261627844e-06, 1.09604036425e-06, 1.48723202074e-05, 1.2793494534e-05, 8.13947281131e-06, 2.95144945994e-06, 1.18328932786e-06, 7.02928105056e-07, 5.55205360797e-07, 2.93538079177e-07, 1.5060095393e-07, 9.93156845652e-08, 1.25108186921e-07, 1.17786669307e-07, 5.2197101752e-08, 6.97845550235e-08, 4.42142678025e-08, 3.64153507348e-08, 6.89456598479e-08, 8.20134147261e-08, 5.69002267525e-09, 1.4412182385e-11],
        "dvar2": [3.16057776217e-06, 0.000660941353999, 0.000309784401907, 0.000170122977579, 0.000147267710418, 1.21627699627e-05, 2.81275288216e-06, 3.62508435501e-05, 3.07472837449e-05, 1.52097672981e-05, 6.54467794448e-06, 2.57489182331e-06, 1.71468411736e-06, 1.43497516092e-06, 6.99051668107e-07, 3.30437529783e-07, 2.34563003687e-07, 2.69158107358e-07, 2.74863026561e-07, 1.06181090587e-07, 1.46895715147e-07, 8.41569587351e-08, 7.4460196231e-08, 1.38115865411e-07, 1.62704566264e-07, 1.24712249416e-08, 3.51118092934e-11],
        "max": [0.0116339512169, 0.163502365351, 0.0854046791792, 0.0648224055767, 0.0651694759727, 0.0323019251227, 0.0131254969165, 0.050783842802, 0.0421302095056, 0.0473065376282, 0.0257845874876, 0.0172178447247, 0.0107117109001, 0.0126268872991, 0.00842515099794, 0.00626377435401, 0.00566201610491, 0.00864305719733, 0.00588283734396, 0.00311805121601, 0.00247278530151, 0.00225321878679, 0.00247729290277, 0.00335859670304, 0.005224626977, 0.00112119293772, 5.52764577151e-05],
        "mean": [0.00122646475211, 0.0148942926899, 0.00321267475374, 0.00259649800137, 0.00326655805111, 0.0013683399884, 0.00052459636936, 0.00142414530274, 0.00139674800448, 0.00149430148304, 0.000902385567315, 0.00063940131804, 0.000428822182585, 0.000428207800724, 0.000345067004673, 0.000310154893668, 0.000273743848084, 0.000276384234894, 0.000295850797556, 0.000251712801401, 0.000261315668467, 0.000210783342482, 0.000182136122021, 0.000217627777602, 0.000170328421518, 5.55031474505e-05, 1.3765283029e-06],
        "median": [0.000271595083177, 0.00393077544868, 0.000666793028358, 0.000377702177502, 0.000865758571308, 0.000246590410825, 0.000140117670526, 0.000156534195412, 0.000262367568212, 0.000218488334212, 0.000181058305316, 0.000167633639649, 0.000146766382386, 0.000145021665958, 0.000107383435534, 8.64029498189e-05, 7.94937586761e-05, 0.000107910243969, 0.000124657162814, 0.000125578910229, 0.000111797795398, 7.3608236562e-05, 5.35131403012e-05, 7.18983137631e-05, 6.29766436759e-05, 2.10469897866e-05, 2.21953541768e-07],
        "min": [3.7222287752e-11, 5.03129413132e-11, 2.71301002497e-11, 2.21795116995e-11, 4.41136259466e-11, 4.46684564337e-11, 6.74931291411e-11, 1.14664736039e-10, 1.68065783512e-10, 7.28238788716e-11, 3.47940079526e-11, 3.06931598193e-11, 2.49683988762e-11, 1.80909263264e-11, 1.76690728021e-11, 4.14005045524e-11, 2.39570776411e-11, 2.12882211859e-11, 1.43322775523e-11, 4.80263832175e-12, 2.2821250098e-12, 2.07074873741e-12, 1.04163129944e-12, 8.44816621173e-13, 4.12633816005e-12, 3.3564587199e-13, 2.78904639184e-14],
        "stdev": [0.00197326648049, 0.024282541126, 0.00854258891195, 0.00682507874444, 0.00716570299119, 0.00296073593199, 0.001165540074, 0.00404643919319, 0.00387725792825, 0.00428050290793, 0.00223373761401, 0.00147810240742, 0.00089361827122, 0.000877173268236, 0.000637394317891, 0.000560824933928, 0.000501322734635, 0.000491537153721, 0.000438057817519, 0.000337055040291, 0.000365623272955, 0.000323722750181, 0.000281867512967, 0.000359599856893, 0.000348138593836, 9.69613392954e-05, 3.96424502469e-06],
        "var": [3.89378101318e-06, 0.000589641800616, 7.29758248781e-05, 4.6581702918e-05, 5.13473023602e-05, 8.76595731825e-06, 1.35848358696e-06, 1.63736713148e-05, 1.50331297846e-05, 1.83227039088e-05, 4.98958388562e-06, 2.18478680836e-06, 7.98553628556e-07, 7.69432972447e-07, 4.06271510656e-07, 3.14524612577e-07, 2.51324507872e-07, 2.41608773877e-07, 1.91894656609e-07, 1.13606105856e-07, 1.33680387648e-07, 1.04796413325e-07, 7.94492933665e-08, 1.29312056174e-07, 1.21200486092e-07, 9.40150091111e-09, 1.57152381386e-11]
    },
    "erbbands": {
        "dmean": [0.392080664635, 1.78199470043, 3.8168258667, 8.3598690033, 14.8122177124, 8.05356693268, 8.79986476898, 6.98295164108, 6.76944589615, 10.795167923, 36.8553695679, 27.4990844727, 26.8436317444, 41.1137733459, 17.7543983459, 21.1722793579, 15.4113674164, 18.4024105072, 14.4037675858, 11.2238836288, 11.3770961761, 9.93468475342, 10.747592926, 9.81035518646, 9.46247386932, 7.16787338257, 7.2557053566, 7.18025684357, 5.14508104324, 4.36274671555, 3.36294031143, 3.10579538345, 2.48843455315, 1.35924696922, 0.787797033787, 0.266472607851, 0.053794618696, 0.0066766939126, 0.00017644156469, 2.42922778853e-05],
        "dmean2": [0.572617769241, 2.53884840012, 6.63143491745, 14.6505937576, 24.7456054688, 14.0751628876, 14.0121927261, 11.3749980927, 11.43891716, 18.3914394379, 60.6560745239, 44.9259109497, 39.0849723816, 62.0328788757, 27.8944530487, 32.7067756653, 23.7536411285, 28.9856281281, 22.2953071594, 17.2365627289, 17.120552063, 15.190782547, 16.0411376953, 14.3749637604, 13.7896194458, 10.258936882, 10.340212822, 10.2640705109, 7.16512823105, 6.03954982758, 4.54752635956, 4.38074159622, 3.72781062126, 1.92582213879, 1.09981536865, 0.381994515657, 0.0770184025168, 0.0103559009731, 0.000269490614301, 3.16329133057e-05],
        "dvar": [0.578290581703, 13.5587854385, 106.281517029, 427.682189941, 1269.5390625, 346.250183105, 455.77645874, 253.685760498, 317.350280762, 734.710449219, 10873.9365234, 5403.96728516, 4509.98583984, 16199.1552734, 1237.94934082, 2349.11572266, 1087.2833252, 1819.45544434, 863.693481445, 393.488830566, 441.199645996, 307.369659424, 425.358123779, 317.48916626, 206.640182495, 106.59198761, 125.38658905, 118.84980011, 67.0490875244, 42.4079284668, 27.3331413269, 29.0112838745, 24.852809906, 9.46697902679, 4.68547821045, 0.30567368865, 0.0155455619097, 0.000288679730147, 1.76770072358e-07, 8.51164916327e-10],
        "dvar2": [1.25464618206, 26.2854137421, 294.546295166, 1148.75488281, 3249.04541016, 931.868041992, 1089.45715332, 630.95123291, 780.14666748, 1730.55383301, 26432.3789062, 13236.6923828, 8790.65625, 30581.4785156, 2890.24487305, 5054.68457031, 2574.85522461, 4904.54638672, 2045.46142578, 889.109985352, 1023.84429932, 751.629821777, 908.503417969, 698.172729492, 451.372528076, 210.035095215, 262.008483887, 259.058258057, 133.390579224, 83.4862594604, 54.4117927551, 56.7257995605, 54.2299156189, 17.7427787781, 10.4371652603, 0.652294516563, 0.0361240021884, 0.000711155356839, 4.12570301478e-07, 1.47337497758e-09],
        "max": [5.68922567368, 34.8535499573, 85.39894104, 145.632446289, 280.117279053, 163.946289062, 254.744628906, 192.536239624, 294.111846924, 385.105377197, 1390.70117188, 1104.80822754, 1223.30432129, 2540.79663086, 433.466583252, 825.830505371, 515.45098877, 693.403808594, 540.355407715, 367.658905029, 413.591552734, 312.20526123, 504.635131836, 461.018280029, 194.809799194, 141.682769775, 129.028137207, 119.873016357, 91.7008514404, 70.0377731323, 73.8627166748, 74.8322601318, 81.3673934937, 47.5135726929, 42.4398155212, 9.20936775208, 2.11767840385, 0.341818124056, 0.00704090390354, 0.000243496717303],
        "mean": [0.597693383694, 2.6963133812, 3.73068666458, 6.70060110092, 12.4074392319, 8.23188972473, 11.1075248718, 9.27133178711, 8.75221443176, 11.6360530853, 39.8746643066, 30.7578010559, 37.015663147, 56.666683197, 23.4201850891, 29.1423168182, 20.5260448456, 23.8268470764, 19.7644462585, 16.7671966553, 16.8036823273, 15.3926057816, 15.8271064758, 13.9211177826, 14.3451490402, 11.7684764862, 11.1149711609, 9.9709444046, 7.84743261337, 6.4441986084, 4.94252157211, 4.61104393005, 3.50249505043, 2.02126812935, 1.13753569126, 0.380657166243, 0.0774177983403, 0.00845345295966, 0.000238558204728, 5.32759040652e-05],
        "median": [0.14425393939, 0.569168567657, 1.02008247375, 1.3060605526, 1.87179267406, 2.89668631554, 2.46839332581, 1.70814442635, 2.04798603058, 3.50260281563, 4.01031446457, 7.31819677353, 8.06718063354, 9.23210430145, 7.29433441162, 8.28615474701, 7.75246858597, 8.91171836853, 7.34375715256, 5.87884759903, 5.27849006653, 4.62775945663, 5.74383592606, 6.45011234283, 6.373898983, 5.81227207184, 4.9214053154, 4.04724168777, 2.60846996307, 2.24577045441, 1.42548406124, 1.40348660946, 1.1822412014, 0.678862333298, 0.416461676359, 0.137636348605, 0.0288109257817, 0.00273699592799, 9.53454509727e-05, 4.18484341935e-05],
        "min": [1.92628157869e-09, 9.82893499923e-09, 2.88660402248e-08, 5.85853463519e-08, 9.8836956397e-08, 1.55472761776e-07, 2.45830761969e-07, 4.08486101833e-07, 7.61570674968e-07, 1.57682961799e-06, 2.94945380119e-06, 3.82780854125e-06, 2.96041207548e-06, 1.79167795977e-06, 1.36118853789e-06, 1.2503275002e-06, 1.16122384952e-06, 1.02721776329e-06, 7.86479802173e-07, 1.6041839217e-06, 2.03884496841e-06, 1.39706719438e-06, 1.26132408695e-06, 9.44425721627e-07, 4.07346846032e-07, 2.38870910607e-07, 1.70392851828e-07, 4.7265672265e-08, 4.64264111599e-08, 7.86912011108e-08, 2.61525610057e-08, 1.77308780991e-08, 1.87481745684e-08, 3.80544982193e-08, 3.27300533343e-08, 4.52568205134e-09, 2.53495863189e-10, 2.53952969764e-11, 4.91231491248e-12, 1.56104751521e-12],
        "stdev": [0.94885134697, 4.71219873428, 8.90712738037, 17.1923866272, 31.7820110321, 16.7093009949, 26.1861877441, 20.487701416, 22.804391861, 30.9943904877, 112.186515808, 81.1993789673, 97.8643951416, 185.305740356, 43.2274131775, 66.3321228027, 38.2925643921, 49.2715110779, 34.8527450562, 27.8134860992, 27.3717060089, 27.8543491364, 29.1848258972, 22.9083786011, 20.0985012054, 15.7637252808, 15.7392625809, 14.2176361084, 12.2103767395, 9.659283638, 7.88181829453, 7.6805472374, 6.17198324203, 3.942953825, 2.4305164814, 0.702826619148, 0.143717810512, 0.0180465653539, 0.000481206545373, 4.69279766548e-05],
        "var": [0.900318861008, 22.2048168182, 79.3369140625, 295.578155518, 1010.09619141, 279.200714111, 685.716430664, 419.745941162, 520.040283203, 960.652282715, 12585.8134766, 6593.33935547, 9577.44042969, 34338.21875, 1868.609375, 4399.95068359, 1466.32043457, 2427.68188477, 1214.71374512, 773.590026855, 749.210266113, 775.864807129, 851.754089355, 524.793823242, 403.949737549, 248.495025635, 247.724380493, 202.141174316, 149.093307495, 93.3017654419, 62.1230621338, 58.9908027649, 38.0933761597, 15.5468854904, 5.90741062164, 0.493965297937, 0.0206548105925, 0.000325678527588, 2.31559752706e-07, 2.20223506098e-09]
    },
    "gfcc": {
        "mean": [-4.85894203186, 66.5614471436, -107.490577698, 36.5403518677, -58.1215362549, 28.4347515106, -32.9578323364, 18.5913963318, -28.2770290375, 7.70618009567, -18.6434307098, 0.680844664574, -7.8740105629],
        "cov": [[7229.37402344, -23.7170028687, 200.239685059, 485.737030029, 213.466445923, 177.395446777, -60.0645446777, -3.14207863808, -101.320747375, -63.7894439697, 30.530210495, 127.666412354, -52.7171401978], [-23.7170028687, 1424.96606445, 175.268051147, 13.8372831345, 492.824676514, 6.33346271515, 272.628936768, 92.8261260986, 97.0801239014, 14.7343463898, 165.629837036, -30.2495441437, 65.7647018433], [200.239685059, 175.268051147, 865.04876709, 383.761749268, 245.010040283, 115.282051086, -18.4512748718, 62.7443237305, 81.4601898193, 52.3194732666, 57.3070106506, 88.3745727539, -31.2832946777], [485.737030029, 13.8372831345, 383.761749268, 565.10546875, 230.962875366, 68.2408599854, -47.4991455078, 18.9036235809, 56.5415725708, -10.8262872696, 6.71138048172, -11.0376157761, -15.997587204], [213.466445923, 492.824676514, 245.010040283, 230.962875366, 499.884338379, 152.754928589, 147.264724731, 83.6804885864, 59.6027297974, 32.9294471741, 89.4188842773, 21.0357208252, 26.163312912], [177.395446777, 6.33346271515, 115.282051086, 68.2408599854, 152.754928589, 286.949157715, 177.968200684, 43.3528251648, -22.4654445648, 31.0050754547, 50.3801803589, 6.52660083771, -6.24169969559], [-60.0645446777, 272.628936768, -18.4512748718, -47.4991455078, 147.264724731, 177.968200684, 326.114990234, 97.0807571411, 14.5568418503, 42.990776062, 67.7189483643, -26.984495163, 32.0387878418], [-3.14207863808, 92.8261260986, 62.7443237305, 18.9036235809, 83.6804885864, 43.3528251648, 97.0807571411, 166.947875977, 91.0602111816, 50.9885902405, 47.0381965637, 6.12590360641, 19.7086982727], [-101.320747375, 97.0801239014, 81.4601898193, 56.5415725708, 59.6027297974, -22.4654445648, 14.5568418503, 91.0602111816, 192.419067383, 48.7101554871, 13.9348697662, 14.5329189301, 7.4275135994], [-63.7894439697, 14.7343463898, 52.3194732666, -10.8262872696, 32.9294471741, 31.0050754547, 42.990776062, 50.9885902405, 48.7101554871, 120.018585205, 52.8583755493, 14.9116573334, 25.5677719116], [30.530210495, 165.629837036, 57.3070106506, 6.71138048172, 89.4188842773, 50.3801803589, 67.7189483643, 47.0381965637, 13.9348697662, 52.8583755493, 127.167427063, 40.2119445801, 22.5593242645], [127.666412354, -30.2495441437, 88.3745727539, -11.0376157761, 21.0357208252, 6.52660083771, -26.984495163, 6.12590360641, 14.5329189301, 14.9116573334, 40.2119445801, 140.682983398, 21.7289237976], [-52.7171401978, 65.7647018433, -31.2832946777, -15.997587204, 26.163312912, -6.24169969559, 32.0387878418, 19.7086982727, 7.4275135994, 25.5677719116, 22.5593242645, 21.7289237976, 105.769096375]],
        "icov": [[0.000160764509928, -7.81679846114e-05, 0.000104443184682, -0.000226316013141, 7.06145801814e-05, -0.000155400310177, 0.000103241691249, -0.00014584317978, 0.000186403791304, -3.73840048269e-05, 0.000102330981463, -0.000287548988126, 0.000127850624267], [-7.81679846114e-05, 0.00224525411613, -0.000795309373643, 0.00120492035057, -0.00232829409651, 0.00232283654623, -0.00183202687185, 0.00127048091963, -0.00101849704515, 0.00168829003815, -0.00240165856667, 0.0016913212603, -0.000628579757176], [0.000104443184682, -0.000795309373643, 0.00241057295352, -0.00173533079214, 0.00050418212777, -0.00124844023958, 0.000962229096331, -0.000858843093738, 0.000377435440896, -0.00142146262806, 0.000947609136347, -0.0020569912158, 0.00120481650811], [-0.000226316013141, 0.00120492035057, -0.00173533079214, 0.004277178552, -0.00242554279976, 0.000491988379508, 0.000450188235845, 0.000946136075072, -0.00148165563587, 0.00193359865807, -0.00137061928399, 0.0027777638752, -0.00105365528725], [7.06145801814e-05, -0.00232829409651, 0.00050418212777, -0.00242554279976, 0.0060016461648, -0.00306771951728, 0.000780615548138, -0.00141576398164, 0.000432353117503, -0.0010283018928, 0.000976677634753, -0.00183230545372, 1.31880478875e-05], [-0.000155400310177, 0.00232283654623, -0.00124844023958, 0.000491988379508, -0.00306771951728, 0.00936496723443, -0.00585203850642, 0.00145069230348, 0.000903778302018, 0.000340496771969, -0.00205627619289, 0.000579342711717, 0.00117103697266], [0.000103241691249, -0.00183202687185, 0.000962229096331, 0.000450188235845, 0.000780615548138, -0.00585203850642, 0.00881122425199, -0.00352105987258, 0.000651652109809, -0.000792918261141, 0.000426911516115, 0.00101558957249, -0.00116189103574], [-0.00014584317978, 0.00127048091963, -0.000858843093738, 0.000946136075072, -0.00141576398164, 0.00145069230348, -0.00352105987258, 0.0115570044145, -0.00508582312614, -5.70257407162e-06, -0.0030160387978, 0.00151746673509, -0.000934604206122], [0.000186403791304, -0.00101849704515, 0.000377435440896, -0.00148165563587, 0.000432353117503, 0.000903778302018, 0.000651652109809, -0.00508582312614, 0.00921036954969, -0.00356447324157, 0.00297217816114, -0.00213006674312, 0.00132891070098], [-3.73840048269e-05, 0.00168829003815, -0.00142146262806, 0.00193359865807, -0.0010283018928, 0.000340496771969, -0.000792918261141, -5.70257407162e-06, -0.00356447324157, 0.0139256585389, -0.00632666051388, 0.00258835474961, -0.00297894258983], [0.000102330981463, -0.00240165856667, 0.000947609136347, -0.00137061928399, 0.000976677634753, -0.00205627619289, 0.000426911516115, -0.0030160387978, 0.00297217816114, -0.00632666051388, 0.0154768778011, -0.00533367833123, 0.000802344758995], [-0.000287548988126, 0.0016913212603, -0.0020569912158, 0.0027777638752, -0.00183230545372, 0.000579342711717, 0.00101558957249, 0.00151746673509, -0.00213006674312, 0.00258835474961, -0.00533367833123, 0.0115838833153, -0.00320442137308], [0.000127850624267, -0.000628579757176, 0.00120481650811, -0.00105365528725, 1.31880478875e-05, 0.00117103697266, -0.00116189103574, -0.000934604206122, 0.00132891070098, -0.00297894258983, 0.000802344758995, -0.00320442137308, 0.0118120070547]]
    },
    "melbands": {
        "dmean": [0.00301581458189, 0.00180217076559, 0.00162743253168, 0.000818251923192, 0.000293326564133, 0.000164195269463, 9.84046637313e-05, 0.00014548607578, 0.00031819511787, 0.000167055433849, 0.000132410481456, 0.000166797457496, 7.7082288044e-05, 4.83629191876e-05, 5.03882365592e-05, 3.53893701686e-05, 3.56701493729e-05, 2.43676404352e-05, 1.89482998394e-05, 1.60382423928e-05, 1.35533755383e-05, 1.10063492684e-05, 1.10006931209e-05, 8.60364798427e-06, 8.26040013635e-06, 8.26965788292e-06, 5.58197461942e-06, 5.02044804307e-06, 4.895362963e-06, 4.39457426182e-06, 4.22976381742e-06, 3.16704813486e-06, 2.57077294918e-06, 2.53665598393e-06, 2.0142088033e-06, 1.89151035102e-06, 2.02021897167e-06, 1.89784600479e-06, 1.45421824982e-06, 1.12702537081e-06],
        "dmean2": [0.00431090127677, 0.00282420124859, 0.00279681547545, 0.00135545537341, 0.000472290586913, 0.000267292693025, 0.000166649886523, 0.000246691284701, 0.000520967936609, 0.000271267985227, 0.000193816522369, 0.000251228397246, 0.000119982716569, 7.66260418459e-05, 7.90361591498e-05, 5.62193745282e-05, 5.66668240936e-05, 3.80296114599e-05, 2.98899685731e-05, 2.48558662861e-05, 2.11501701415e-05, 1.70919520315e-05, 1.60328763741e-05, 1.34680421979e-05, 1.23318995975e-05, 1.23393037939e-05, 8.1947655417e-06, 7.51643528929e-06, 7.26232701709e-06, 6.37218045085e-06, 6.24391759629e-06, 4.57564237877e-06, 3.54582675755e-06, 3.64190805158e-06, 2.8482286325e-06, 2.64037134912e-06, 2.97287624562e-06, 2.87965690404e-06, 2.1505679797e-06, 1.58786076554e-06],
        "dvar": [3.44057480106e-05, 1.75451059476e-05, 1.33931707751e-05, 3.74953856408e-06, 4.27379802659e-07, 1.3464492099e-07, 5.96065348191e-08, 1.44487771081e-07, 8.03789475867e-07, 1.98400499585e-07, 1.14948235819e-07, 2.72790458666e-07, 2.86301080621e-08, 9.99385108003e-09, 1.56951038832e-08, 7.31975502433e-09, 7.42779526774e-09, 2.45569631296e-09, 1.4237441226e-09, 8.20704115778e-10, 8.26982538005e-10, 4.51969850435e-10, 5.39124744847e-10, 2.04919969882e-10, 2.64574723241e-10, 1.85404178121e-10, 7.05017016989e-11, 5.64961619154e-11, 6.23788798393e-11, 4.60225919874e-11, 4.31950898661e-11, 2.7354162338e-11, 1.60886460404e-11, 1.51700440404e-11, 1.11210242404e-11, 9.75108882528e-12, 1.28946124611e-11, 1.35899781012e-11, 1.16764852995e-11, 6.95663145145e-12],
        "dvar2": [7.04944468453e-05, 4.23366072937e-05, 3.50091759174e-05, 9.75646071311e-06, 1.04038736026e-06, 3.32994716246e-07, 1.47258120364e-07, 3.45971443494e-07, 1.9659175905e-06, 4.61619265479e-07, 2.23578624059e-07, 5.18255944826e-07, 6.74748221741e-08, 2.30781829202e-08, 3.38985977066e-08, 1.74198415692e-08, 2.03862420278e-08, 5.76566394628e-09, 3.36133365586e-09, 1.76376124816e-09, 2.04764205591e-09, 1.13302123239e-09, 1.14588094569e-09, 4.99124519493e-10, 5.90039961335e-10, 4.28879154413e-10, 1.44039224992e-10, 1.20232893086e-10, 1.35888536534e-10, 1.01220483384e-10, 9.5784657983e-11, 5.89116741501e-11, 3.20163964784e-11, 3.28250447656e-11, 2.37764113953e-11, 1.96171360406e-11, 2.63457883981e-11, 3.10743202003e-11, 2.50557890408e-11, 1.4483940089e-11],
        "max": [0.0469185486436, 0.035066511482, 0.025940136984, 0.0151626989245, 0.00682552764192, 0.00402336660773, 0.00386041030288, 0.0050531825982, 0.0102601600811, 0.00729137053713, 0.00602743215859, 0.0103379013017, 0.00238050264306, 0.00145327742212, 0.00199716887437, 0.00116190756671, 0.00156239548232, 0.000890020397492, 0.000446659600129, 0.000482433941215, 0.000596469908487, 0.000455266621429, 0.000561703927815, 0.000206943674129, 0.000434623652836, 0.000154234134243, 0.000129323176225, 9.88312094705e-05, 9.63725178735e-05, 6.56796837575e-05, 6.49442154099e-05, 5.70410229557e-05, 3.94474081986e-05, 4.48710816272e-05, 4.9153011787e-05, 3.53204195562e-05, 5.01133363286e-05, 5.21866350027e-05, 6.98325529811e-05, 4.75474262203e-05],
        "mean": [0.00473244162276, 0.0023959313985, 0.00134491012432, 0.000752260792069, 0.000362036575098, 0.000224468443776, 0.000125431513879, 0.00014677020954, 0.000342856277712, 0.000185293974937, 0.000178269634489, 0.000227086115046, 9.56759758992e-05, 6.32608134765e-05, 6.59006473143e-05, 4.37025628344e-05, 4.38812821812e-05, 3.13832388201e-05, 2.44989605562e-05, 2.32461206906e-05, 1.85867575055e-05, 1.63550084835e-05, 1.51815620484e-05, 1.20234617498e-05, 1.107018943e-05, 1.15773336802e-05, 8.48749459692e-06, 7.73280589783e-06, 7.18563705959e-06, 6.11721316091e-06, 5.6055373534e-06, 4.50927518614e-06, 3.84405029763e-06, 3.48019943885e-06, 2.83788835986e-06, 2.68573762696e-06, 2.87804914478e-06, 2.57362421507e-06, 2.01032685254e-06, 1.59004389388e-06],
        "median": [0.00121354474686, 0.000742509379052, 0.000270763644949, 0.000168997692526, 9.8048352811e-05, 3.96055802412e-05, 3.14123208227e-05, 3.47255845554e-05, 3.0312277886e-05, 3.88876360375e-05, 3.00037900161e-05, 3.40235928888e-05, 2.22037033382e-05, 1.94629592443e-05, 1.72318887053e-05, 1.56507558131e-05, 1.46447828229e-05, 1.07797895907e-05, 7.87899261923e-06, 7.22615050108e-06, 5.40160999662e-06, 4.58456543129e-06, 4.58540034742e-06, 4.88124624098e-06, 4.77009234601e-06, 4.48177024737e-06, 4.03334252042e-06, 3.70195812138e-06, 3.11710800815e-06, 2.45913156505e-06, 2.14754277295e-06, 1.36493417813e-06, 1.3537490986e-06, 1.0860646853e-06, 8.17907618966e-07, 7.56015026582e-07, 8.47844660257e-07, 8.42912413646e-07, 6.58366332118e-07, 5.48951788915e-07],
        "min": [1.73697271844e-11, 1.44525788906e-11, 1.12036144251e-11, 9.05541440444e-12, 8.41665799556e-12, 9.1933561458e-12, 1.22639797623e-11, 1.88001818974e-11, 2.5405807666e-11, 2.3942160754e-11, 1.43719819032e-11, 7.30230199225e-12, 4.67738001109e-12, 3.55929023234e-12, 2.93738189154e-12, 2.37113453871e-12, 1.83621672555e-12, 1.19713180341e-12, 1.48740243212e-12, 2.85922544321e-12, 2.2043532364e-12, 1.36860607482e-12, 1.44921975895e-12, 8.67361033257e-13, 7.76492043407e-13, 4.75144283727e-13, 1.0184188833e-13, 1.79044902819e-13, 1.23338676512e-13, 7.02728077551e-14, 1.09922303126e-14, 1.77968821998e-14, 5.71563670416e-14, 3.18394602675e-14, 8.83259868782e-15, 2.43936866014e-14, 4.75813177175e-15, 7.44265065566e-15, 2.19034656406e-14, 3.87412236352e-14],
        "stdev": [0.0074867317453, 0.0044993404299, 0.00315636326559, 0.00175390730146, 0.000770275830291, 0.000481570750708, 0.000311581999995, 0.00041428845725, 0.000967117201071, 0.000516245665494, 0.000492207007483, 0.000759763759561, 0.000211061778828, 0.000128762520035, 0.000167536010849, 9.19356170925e-05, 9.88967440207e-05, 5.81789172429e-05, 4.33424720541e-05, 4.56723792013e-05, 3.26878216583e-05, 3.36208322551e-05, 3.04147397401e-05, 1.8747519789e-05, 2.00548001885e-05, 1.77385354618e-05, 1.19832011478e-05, 1.06955612864e-05, 1.0492301044e-05, 8.98583130038e-06, 8.29833334137e-06, 7.32755779609e-06, 6.05858031122e-06, 5.320564469e-06, 4.68344433102e-06, 4.55734880234e-06, 4.8662568588e-06, 4.4957632781e-06, 4.03160356655e-06, 3.20259914588e-06],
        "var": [5.60511507501e-05, 2.0244062398e-05, 9.96262861008e-06, 3.07619097839e-06, 5.93324841702e-07, 2.31910391335e-07, 9.70833440306e-08, 1.71634923163e-07, 9.3531565426e-07, 2.66509601943e-07, 2.42267759631e-07, 5.77240996336e-07, 4.45470718091e-08, 1.65797864327e-08, 2.80683156717e-08, 8.45215808454e-09, 9.78056569068e-09, 3.38478645112e-09, 1.87856974421e-09, 2.08596606655e-09, 1.06849362691e-09, 1.13036024985e-09, 9.25056420353e-10, 3.51469520155e-10, 4.02195027283e-10, 3.14655662637e-10, 1.43597106428e-10, 1.14395028172e-10, 1.10088382854e-10, 8.07451674967e-11, 6.88623394418e-11, 5.36931055173e-11, 3.67063948681e-11, 2.83084042318e-11, 2.19346520114e-11, 2.07694261095e-11, 2.36804551662e-11, 2.02118877191e-11, 1.62538264098e-11, 1.025664189e-11]
    },
    "melbands128": {
