{
"lowlevel": {
    "average_loudness": 0.979894399643,
    "barkbands_crest": {
        "dmean": 3.9660794735,
        "dmean2": 6.15562200546,
        "dvar": 13.3625040054,
        "dvar2": 29.1734371185,
        "max": 26.0771560669,
        "mean": 12.6894845963,
        "median": 11.4841823578,
        "min": 2.68311786652,
        "stdev": 6.55948019028,
        "var": 43.0267829895
    },
    "barkbands_flatness_db": {
        "dmean": 0.0503223277628,
        "dmean2": 0.0679994225502,
        "dvar": 0.00253036199138,
        "dvar2": 0.00432863924652,
        "max": 0.534328818321,
        "mean": 0.167300000787,
        "median": 0.150075107813,
        "min": 0.0278692170978,
        "stdev": 0.0964791178703,
        "var": 0.00930822081864
    },
    "barkbands_kurtosis": {
        "dmean": 24.0106658936,
        "dmean2": 36.8819541931,
        "dvar": 4471.05322266,
        "dvar2": 10097.9941406,
        "max": 693.09588623,
        "mean": 25.4250221252,
        "median": 2.31575584412,
        "min": -1.88628792763,
        "stdev": 80.0207061768,
        "var": 6403.31347656
    },
    "barkbands_skewness": {
        "dmean": 1.55320215225,
        "dmean2": 2.22744178772,
        "dvar": 4.81780815125,
        "dvar2": 9.49594974518,
        "max": 21.6618213654,
        "mean": 2.43162298203,
        "median": 1.45176947117,
        "min": -5.02365875244,
        "stdev": 3.44402098656,
        "var": 11.8612804413
    },
    "barkbands_spread": {
        "dmean": 12.2079229355,
        "dmean2": 18.5079021454,
        "dvar": 207.477706909,
        "dvar2": 464.298950195,
        "max": 127.009361267,
        "mean": 24.7929401398,
        "median": 20.0555877686,
        "min": 0.130231112242,
        "stdev": 20.0163764954,
        "var": 400.65536499
    },
    "dissonance": {
        "dmean": 0.0314149074256,
        "dmean2": 0.0509439148009,
        "dvar": 0.00104474648833,
        "dvar2": 0.00268834712915,
        "max": 0.500000059605,
        "mean": 0.453712254763,
        "median": 0.465446770191,
        "min": 0.211686611176,
        "stdev": 0.0424863360822,
        "var": 0.00180508859921
    },
    "dynamic_complexity": 2.70136737823,
    "erbbands_crest": {
        "dmean": 4.52199459076,
        "dmean2": 7.29744625092,
        "dvar": 16.5056495667,
        "dvar2": 38.8963508606,
        "max": 30.5600013733,
        "mean": 10.7419309616,
        "median": 9.56987571716,
        "min": 2.50326514244,
        "stdev": 5.55652475357,
        "var": 30.8749694824
    },
    "erbbands_flatness_db": {
        "dmean": 0.0343952775002,
        "dmean2": 0.0503019616008,
        "dvar": 0.000986233702861,
        "dvar2": 0.00219844887033,
        "max": 0.364454776049,
        "mean": 0.156219795346,
        "median": 0.152725234628,
        "min": 0.0573384575546,
        "stdev": 0.0520814396441,
        "var": 0.00271247653291
    },
    "erbbands_kurtosis": {
        "dmean": 2.73278260231,
        "dmean2": 4.51507425308,
        "dvar": 22.298368454,
        "dvar2": 51.7933540344,
        "max": 54.2126426697,
        "mean": 1.92810940742,
        "median": 0.12575173378,
        "min": -1.79493045807,
        "stdev": 5.25268888474,
        "var": 27.5907382965
    },
    "erbbands_skewness": {
        "dmean": 0.761362612247,
        "dmean2": 1.11110603809,
        "dvar": 0.629370748997,
        "dvar2": 1.43511092663,
        "max": 6.88115787506,
        "mean": 0.689847886562,
        "median": 0.588351130486,
        "min": -3.62400579453,
        "stdev": 1.18230891228,
        "var": 1.39785432816
    },
    "erbbands_spread": {
        "dmean": 18.2317848206,
        "dmean2": 28.6296691895,
        "dvar": 434.654418945,
        "dvar2": 1051.77514648,
        "max": 181.73614502,
        "mean": 43.2989730835,
        "median": 37.4856071472,
        "min": 3.81110167503,
        "stdev": 27.8844852448,
        "var": 777.544494629
    },
    "hfc": {
        "dmean": 18.306684494,
        "dmean2": 25.8786277771,
        "dvar": 695.178771973,
        "dvar2": 1467.203125,
        "max": 186.449462891,
        "mean": 25.6312847137,
        "median": 14.4937057495,
        "min": 1.18282354202e-16,
        "stdev": 32.0416908264,
        "var": 1026.67004395
    },
    "loudness_ebu128": {
        "integrated": -6.20763492584,
        "loudness_range": 1.47700500488,
        "momentary": {
            "dmean": 0.651216685772,
            "dmean2": 1.13076376915,
            "dvar": 0.203784868121,
            "dvar2": 0.469480723143,
            "max": -4.4494395256,
            "mean": -6.3000998497,
            "median": -6.16405487061,
            "min": -9.02028369904,
            "stdev": 0.913067758083,
            "var": 0.833692729473
        },
        "short_term": {
            "dmean": 0.0914103016257,
            "dmean2": 0.151399284601,
            "dvar": 0.00384819763713,
            "dvar2": 0.00999900139868,
            "max": -5.59149074554,
            "mean": -6.20804738998,
            "median": -6.02283620834,
            "min": -7.40980815887,
            "stdev": 0.496612936258,
            "var": 0.246624395251
        }
    },
    "melbands_crest": {
        "dmean": 4.74565982819,
        "dmean2": 7.21934747696,
        "dvar": 19.5965595245,
        "dvar2": 41.7165641785,
        "max": 38.114238739,
        "mean": 17.678150177,
        "median": 15.7445001602,
        "min": 2.5341501236,
        "stdev": 8.73554515839,
        "var": 76.309753418
    },
    "melbands_flatness_db": {
        "dmean": 0.0617216899991,
        "dmean2": 0.0800875350833,
        "dvar": 0.00361455185339,
        "dvar2": 0.00617430033162,
        "max": 0.660455822945,
        "mean": 0.223533332348,
        "median": 0.202013045549,
        "min": 0.00595134077594,
        "stdev": 0.127340778708,
        "var": 0.0162156727165
    },
    "melbands_kurtosis": {
        "dmean": 37.8824081421,
        "dmean2": 59.8162765503,
        "dvar": 9049.82128906,
        "dvar2": 18997.9824219,
        "max": 1105.58300781,
        "mean": 48.6976509094,
        "median": 8.99761390686,
        "min": -1.89948189259,
        "stdev": 121.217521667,
        "var": 14693.6875
    },
    "melbands_skewness": {
        "dmean": 1.81380784512,
        "dmean2": 2.65025663376,
        "dvar": 6.8175983429,
        "dvar2": 13.6805677414,
        "max": 28.0502128601,
        "mean": 3.70522022247,
        "median": 2.48785614967,
        "min": -1.00757193565,
        "stdev": 3.99866533279,
        "var": 15.989323616
    },
    "melbands_spread": {
        "dmean": 14.2298765182,
        "dmean2": 20.2678890228,
        "dvar": 408.595489502,
        "dvar2": 794.878540039,
        "max": 274.807952881,
        "mean": 28.4484119415,
        "median": 18.6919612885,
        "min": 0.162242487073,
        "stdev": 32.5065689087,
        "var": 1056.67700195
    },
    "pitch_salience": {
        "dmean": 0.112656183541,
        "dmean2": 0.17135027051,
        "dvar": 0.0109482202679,
        "dvar2": 0.0236779227853,
        "max": 0.862152576447,
        "mean": 0.482109844685,
        "median": 0.503352582455,
        "min": 0.0320645868778,
        "stdev": 0.190496563911,
        "var": 0.0362889394164
    },
    "silence_rate_20dB": {
        "dmean": 0,
        "dmean2": 0,
        "dvar": 0,
        "dvar2": 0,
        "max": 1,
        "mean": 1,
        "median": 1,
        "min": 1,
        "stdev": 0,
        "var": 0
    },
    "silence_rate_30dB": {
        "dmean": 0,
        "dmean2": 0,
        "dvar": 0,
        "dvar2": 0,
        "max": 1,
        "mean": 1,
        "median": 1,
        "min": 1,
        "stdev": 0,
        "var": 0
    },
    "silence_rate_60dB": {
        "dmean": 0.0758513957262,
        "dmean2": 0.151045694947,
        "dvar": 0.0700972005725,
        "dvar2": 0.156114190817,
        "max": 1,
        "mean": 0.0951276123524,
        "median": 0,
        "min": 0,
        "stdev": 0.293389976025,
        "var": 0.0860776826739
    },
    "spectral_centroid": {
        "dmean": 514.633117676,
        "dmean2": 704.275146484,
        "dvar": 341661.90625,
        "dvar2": 623618.375,
        "max": 11286.0615234,
        "mean": 1521.46496582,
        "median": 1364.79492188,
        "min": 124.756080627,
        "stdev": 973.360168457,
        "var": 947430.0625
    },
    "spectral_complexity": {
        "dmean": 6.83900928497,
        "dmean2": 9.43842029572,
        "dvar": 72.3423919678,
        "dvar2": 136.684432983,
        "max": 55,
        "mean": 13.6264505386,
        "median": 10,
        "min": 0,
        "stdev": 11.8928079605,
        "var": 141.43888855
    },
    "spectral_decrease": {
        "dmean": 2.74630251873e-09,
        "dmean2": 3.818118266e-09,
        "dvar": 8.78581284945e-18,
        "dvar2": 1.52739446047e-17,
        "max": 1.24066321452e-11,
        "mean": -6.25294971357e-09,
        "median": -4.85454210164e-09,
        "min": -2.37431851957e-08,
        "stdev": 5.21634824224e-09,
        "var": 2.72102882297e-17
    },
    "spectral_energy": {
        "dmean": 0.0115886218846,
        "dmean2": 0.0160339456052,
        "dvar": 0.00015033861564,
        "dvar2": 0.000273511657724,
        "max": 0.0912867337465,
        "mean": 0.0259249098599,
        "median": 0.0206665787846,
        "min": 1.07132418204e-20,
        "stdev": 0.0207754597068,
        "var": 0.00043161973008
    },
    "spectral_energyband_high": {
        "dmean": 0.00154961447697,
        "dmean2": 0.00237442436628,
        "dvar": 6.83747339281e-06,
        "dvar2": 1.49884126586e-05,
        "max": 0.019710643217,
        "mean": 0.00168851378839,
        "median": 0.000449372077128,
        "min": 8.00127686775e-21,
        "stdev": 0.00286082667299,
        "var": 8.18432909e-06
    },
    "spectral_energyband_low": {
        "dmean": 0.00651566404849,
        "dmean2": 0.00871957931668,
        "dvar": 0.000100909477624,
        "dvar2": 0.000173803578946,
        "max": 0.0846784412861,
        "mean": 0.0124695738778,
        "median": 0.00252721039578,
        "min": 1.44796479382e-22,
        "stdev": 0.0180583521724,
        "var": 0.000326104054693
    },
    "spectral_energyband_middle_high": {
        "dmean": 0.00346181774512,
        "dmean2": 0.00498591829091,
        "dvar": 2.39497621806e-05,
        "dvar2": 5.01132853969e-05,
        "max": 0.0334714725614,
        "mean": 0.00479586748406,
        "median": 0.0020300145261,
        "min": 1.40558756465e-21,
        "stdev": 0.00645904103294,
        "var": 4.17192095483e-05
    },
    "spectral_energyband_middle_low": {
        "dmean": 0.00458887871355,
        "dmean2": 0.00695243477821,
        "dvar": 3.21550105582e-05,
        "dvar2": 6.48198620183e-05,
        "max": 0.052794650197,
        "mean": 0.00730521371588,
        "median": 0.00486292364076,
        "min": 2.40161419831e-22,
        "stdev": 0.0080378446728,
        "var": 6.46069456707e-05
    },
    "spectral_entropy": {
        "dmean": 0.384979337454,
        "dmean2": 0.539839208126,
        "dvar": 0.162976875901,
        "dvar2": 0.3373247087,
        "max": 9.78077316284,
        "mean": 7.64519739151,
        "median": 7.69729328156,
        "min": 4.60962438583,
        "stdev": 0.654098331928,
        "var": 0.427844643593
    },
    "spectral_flux": {
        "dmean": 0.0393871068954,
        "dmean2": 0.0583811737597,
        "dvar": 0.00136509933509,
        "dvar2": 0.0026012819726,
        "max": 0.263181000948,
        "mean": 0.0999751761556,
        "median": 0.0946175828576,
        "min": 1.03504788074e-10,
        "stdev": 0.0543603897095,
        "var": 0.00295505207032
    },
    "spectral_kurtosis": {
        "dmean": 2.00464391708,
        "dmean2": 3.11465334892,
        "dvar": 7.05209922791,
        "dvar2": 15.8221874237,
        "max": 37.9878807068,
        "mean": 3.78247570992,
        "median": 2.92970561981,
        "min": -1.37559056282,
        "stdev": 3.59910368919,
        "var": 12.953546524
    },
    "spectral_rms": {
        "dmean": 0.00122555601411,
        "dmean2": 0.00164907705039,
        "dvar": 1.41791360875e-06,
        "dvar2": 2.50190532824e-06,
        "max": 0.00943717267364,
        "mean": 0.00452620675787,
        "median": 0.00449026888236,
        "min": 3.23294646262e-12,
        "stdev": 0.0021922767628,
        "var": 4.80607695863e-06
    },
    "spectral_rolloff": {
        "dmean": 1355.44116211,
        "dmean2": 2224.640625,
        "dvar": 4995593,
        "dvar2": 10412325,
        "max": 18755.4199219,
        "mean": 2445.65478516,
        "median": 1033.59375,
        "min": 43.06640625,
        "stdev": 3149.6394043,
        "var": 9920228
    },
    "spectral_skewness": {
        "dmean": 0.369054853916,
        "dmean2": 0.547323346138,
        "dvar": 0.148363769054,
        "dvar2": 0.324356436729,
        "max": 4.60684871674,
        "mean": 1.55441701412,
        "median": 1.45775508881,
        "min": -0.324506819248,
        "stdev": 0.609133780003,
        "var": 0.371043950319
    },
    "spectral_spread": {
        "dmean": 1385733.875,
        "dmean2": 2024135.25,
        "dvar": 3.17275819213e+12,
        "dvar2": 5.62216094925e+12,
        "max": 40462220,
        "mean": 6397790,
        "median": 5695352.5,
        "min": 1948771,
        "stdev": 2804255.75,
        "var": 7.86385023795e+12
    },
    "spectral_strongpeak": {
        "dmean": 0.703717172146,
        "dmean2": 1.11025583744,
        "dvar": 1.44500160217,
        "dvar2": 3.28957772255,
        "max": 15.4534015656,
        "mean": 0.93061119318,
        "median": 0.483122587204,
        "min": 0,
        "stdev": 1.35624969006,
        "var": 1.83941328526
    },
    "zerocrossingrate": {
        "dmean": 0.027564836666,
        "dmean2": 0.0282200835645,
        "dvar": 0.00113857304677,
        "dvar2": 0.00125346356072,
        "max": 0.50439453125,
        "mean": 0.0837049260736,
        "median": 0.06103515625,
        "min": 0.001953125,
        "stdev": 0.0795125588775,
        "var": 0.00632224651054
    },
    "barkbands": {
        "dmean": [0.000310829374939, 0.00612906971946, 0.00116033665836, 0.000311976444209, 0.00109724455979, 0.00115891278256, 0.000636501354165, 0.00115493754856, 0.00170477037318, 0.00142947910354, 0.000650632195175, 0.000528388831299, 0.000314814882586, 0.000375942938263, 0.000250003184192, 0.000410083332099, 0.00043551591807, 0.000268588715699, 0.00029281488969, 0.000334928801749, 0.000230575707974, 0.000328044261551, 0.00020767733804, 0.000252427533269, 0.000294180092169, 0.000184860953595, 9.69182019617e-06],
        "dmean2": [0.000443651602836, 0.00844578444958, 0.00212205993012, 0.000560253160074, 0.00170311867259, 0.00183356110938, 0.00104829133488, 0.00189832714386, 0.00275315297768, 0.00234574987553, 0.00104526197538, 0.000866805261467, 0.000531407422386, 0.000546019524336, 0.000397058727685, 0.000607496069279, 0.00059232924832, 0.00042128941277, 0.000449014478363, 0.000542328692973, 0.000370564375771, 0.000530218705535, 0.000337247824064, 0.000391185341869, 0.000438465649495, 0.000272080127615, 1.63642980624e-05],
        "dvar": [3.13438022204e-07, 0.000101300836832, 8.92951538844e-06, 7.90756644165e-07, 5.78588515054e-06, 6.1707810346e-06, 2.18450259126e-06, 5.52022584088e-06, 8.89018519956e-06, 7.76567776484e-06, 2.13079579225e-06, 1.06952234091e-06, 3.84722511626e-07, 3.30045537567e-07, 1.89103872117e-07, 7.04960882558e-07, 6.52571259252e-07, 2.00593262889e-07, 3.67525842648e-07, 5.04025024384e-07, 1.69264055216e-07, 4.31292335179e-07, 1.39378585118e-07, 1.91232928159e-07, 2.91769765681e-07, 1.12015598575e-07, 6.70181798945e-10],
        "dvar2": [5.20847891039e-07, 0.000186698220205, 2.63207512035e-05, 2.26101110457e-06, 1.37625393108e-05, 1.26910081235e-05, 5.20104185853e-06, 1.39738322105e-05, 2.11448077607e-05, 1.89829152077e-05, 4.70679015052e-06, 2.63256288235e-06, 9.62110902947e-07, 6.93283539022e-07, 4.72438898669e-07, 1.62331070896e-06, 1.1395106867e-06, 4.99737950577e-07, 8.36865410747e-07, 1.25345911783e-06, 4.17931374841e-07, 1.02654792045e-06, 3.35418604891e-07, 4.4562199264e-07, 5.30349382188e-07, 2.29697647569e-07, 1.74151570942e-09],
        "max": [0.00501476787031, 0.0821291655302, 0.02351269871, 0.010524712503, 0.0291372742504, 0.025830835104, 0.0208903793246, 0.0219474695623, 0.022643359378, 0.0225913021713, 0.0161761119962, 0.0119986180216, 0.0089624337852, 0.00501046609133, 0.00306397024542, 0.00779212033376, 0.00640390021726, 0.00326115544885, 0.00468717794865, 0.00531182438135, 0.00296852597967, 0.00527740269899, 0.00379572529346, 0.00438187504187, 0.00522298598662, 0.00349131668918, 0.000275452330243],
        "mean": [0.000627081724815, 0.0108828051016, 0.000855666643474, 0.000263327354332, 0.00141530984547, 0.00154515751638, 0.0006342974375, 0.00117338227574, 0.00175455538556, 0.001338517759, 0.000627555360552, 0.000498186796904, 0.000284369889414, 0.000423448218498, 0.000247457413934, 0.000419571617385, 0.000518969260156, 0.000297368620522, 0.000289730349323, 0.00029878562782, 0.000231007594266, 0.000292860000627, 0.000221177848289, 0.000256656989222, 0.000327970570652, 0.000192609164515, 7.09247797204e-06],
        "median": [3.53864525096e-05, 0.00149884982966, 9.87537277979e-05, 3.72330032405e-05, 0.000580780557357, 0.000296508136671, 0.000158657057909, 0.000219632260269, 0.000363115192158, 0.000190187536646, 6.59199649817e-05, 7.34909772291e-05, 4.17099581682e-05, 7.4017298175e-05, 4.497840564e-05, 7.06408609403e-05, 7.49649334466e-05, 7.91476777522e-05, 5.33747479494e-05, 5.60501066502e-05, 5.62468303542e-05, 3.44864674844e-05, 5.1016548241e-05, 6.11682262388e-05, 5.41985209566e-05, 2.34897252085e-05, 2.38690915921e-07],
        "min": [1.50485993511e-23, 6.40943363931e-23, 5.23940271776e-23, 2.69487570107e-23, 4.93823266354e-23, 3.76670290626e-23, 1.82093109851e-23, 4.65988687966e-23, 5.32403171567e-23, 5.5215700594e-23, 3.11581188009e-23, 4.37261560796e-23, 1.35361223328e-22, 1.0566312198e-22, 1.74937516663e-22, 1.88101989584e-22, 2.12428377308e-22, 2.79375909999e-22, 1.27083699539e-22, 2.85128914809e-22, 4.61899643241e-22, 5.10987541743e-22, 5.70067240823e-22, 9.13406618347e-22, 1.59508341465e-21, 1.50924646244e-21, 2.28332767363e-21],
        "stdev": [0.00107794476207, 0.01672950387, 0.00242843851447, 0.000758405949455, 0.00280434358865, 0.00336439232342, 0.0015342743136, 0.00232489244081, 0.00318820681423, 0.00290883588605, 0.00159515510313, 0.00107144389767, 0.000623894564342, 0.000721500779036, 0.000440428440925, 0.000894584169146, 0.00105833238922, 0.000476740038721, 0.000613959215116, 0.000657572818454, 0.000409204891184, 0.000631715985946, 0.000392064073822, 0.000469470076496, 0.000673687958624, 0.000394330534618, 2.24787072511e-05],
        "var": [1.16196486033e-06, 0.000279876316199, 5.89731371292e-06, 5.75179626594e-07, 7.86434247857e-06, 1.13191354103e-05, 2.35399784287e-06, 5.40512519365e-06, 1.01646628536e-05, 8.46132661536e-06, 2.54451992987e-06, 1.14799195217e-06, 3.89244405596e-07, 5.20563389728e-07, 1.93977214735e-07, 8.00280872681e-07, 1.12006739528e-06, 2.27281063303e-07, 3.76945934022e-07, 4.32402032402e-07, 1.67448646948e-07, 3.99065100964e-07, 1.53714239559e-07, 2.20402142759e-07, 4.53855449223e-07, 1.55496564958e-07, 5.05292252484e-10]
    },
    "erbbands": {
        "dmean": [0.242102324963, 1.22910571098, 1.50896632671, 1.13922774792, 1.48692238331, 3.7208211422, 9.322889328, 9.26802921295, 7.03454303741, 17.6154098511, 25.5035972595, 36.9800949097, 50.5358924866, 30.2247028351, 23.5969734192, 21.2386131287, 14.1517105103, 12.6523761749, 19.9071712494, 11.1619663239, 31.9511299133, 17.0570049286, 16.3022403717, 17.9234294891, 10.6447210312, 18.4266796112, 9.1316947937, 10.9171247482, 9.69569778442, 9.56029033661, 6.10487127304, 5.04663896561, 4.44939565659, 3.15466403961, 2.20604515076, 1.09924519062, 0.300375550985, 0.0364700257778, 0.00112085533328, 4.70065242553e-05],
        "dmean2": [0.300062716007, 1.89207136631, 2.60160136223, 2.06208395958, 2.53562760353, 5.82412862778, 14.4087324142, 14.5425300598, 11.4233179092, 28.5142307281, 41.9552383423, 59.2332000732, 82.7236022949, 49.1057701111, 37.3150024414, 34.9542160034, 23.666135788, 19.8446102142, 27.9418449402, 18.204914093, 42.68409729, 24.5792541504, 25.7951965332, 29.5418186188, 16.3921508789, 30.035243988, 14.6560955048, 17.7809677124, 15.6769113541, 15.6632804871, 9.828956604, 7.75584745407, 7.14286613464, 4.79127168655, 3.23687124252, 1.61498045921, 0.459502100945, 0.057989064604, 0.00180551584344, 6.84957412886e-05],
        "dvar": [0.14956445992, 5.0814576149, 13.1201267242, 9.80012512207, 22.1110210419, 61.7331123352, 729.753967285, 399.191802979, 235.631088257, 1784.38391113, 2584.71606445, 4291.70849609, 10039.3105469, 4157.34716797, 2363.34643555, 1798.60095215, 702.619995117, 537.879455566, 917.592590332, 492.792480469, 4586.06201172, 874.902282715, 927.916625977, 1704.38024902, 357.10369873, 1732.93151855, 265.151672363, 433.355224609, 362.406280518, 345.080841064, 119.671524048, 65.6929016113, 68.7355270386, 31.7801856995, 18.6124744415, 4.25951099396, 0.324491888285, 0.0060027083382, 7.13521239959e-06, 5.32869304237e-09],
        "dvar2": [0.249474793673, 10.1049070358, 36.6311531067, 27.9301376343, 61.1227073669, 149.890914917, 1383.96789551, 920.022338867, 579.786621094, 4316.92626953, 6555.19384766, 10166.2167969, 24144.1289062, 10026.5146484, 5282.24121094, 4484.84130859, 1732.32421875, 1279.62719727, 1896.19360352, 1282.08361816, 8803.1171875, 1599.66784668, 2368.70947266, 4337.33300781, 719.660522461, 4336.66845703, 633.080871582, 1097.70458984, 877.920776367, 822.18359375, 288.681549072, 145.480361938, 166.042953491, 62.441444397, 34.6252593994, 8.45425224304, 0.687787652016, 0.0147426910698, 1.82496096386e-05, 1.21219256854e-08],
        "max": [3.14818501472, 20.2229557037, 34.1730232239, 31.2495708466, 118.911720276, 123.974487305, 375.3309021, 241.382293701, 248.730209351, 530.760253906, 602.625732422, 561.08795166, 1242.59509277, 680.410217285, 656.514282227, 440.359161377, 402.480651855, 329.472808838, 240.66178894, 164.499572754, 669.618652344, 212.607315063, 230.406692505, 315.32800293, 132.900680542, 333.586608887, 124.214767456, 138.649963379, 194.732574463, 139.582336426, 107.759391785, 79.3018569946, 75.7674484253, 68.2036056519, 40.2658691406, 22.0321846008, 6.10885095596, 0.774241924286, 0.0254395008087, 0.000754080421757],
        "mean": [0.450680434704, 1.86187458038, 1.42009460926, 0.930298447609, 1.98912143707, 4.85327577591, 11.4679450989, 11.966137886, 7.7051858902, 16.8046474457, 28.0398578644, 39.1561813354, 48.5840263367, 31.9832363129, 24.6821422577, 20.3448104858, 13.6359796524, 14.4873600006, 23.0402393341, 11.7017145157, 35.4805259705, 21.7600803375, 17.3572235107, 16.9015617371, 11.9529781342, 15.9876499176, 9.34881591797, 10.1620998383, 8.92951488495, 8.9705991745, 6.39542388916, 5.38332176208, 4.28727388382, 3.42099285126, 2.44309949875, 1.15867125988, 0.304890960455, 0.031845651567, 0.000938366225455, 6.48790155537e-05],
        "median": [0.0298815164715, 0.358105450869, 0.331428050995, 0.168576166034, 0.892968714237, 2.08273148537, 1.94202637672, 2.17178940773, 2.58637785912, 3.26096153259, 7.63394021988, 8.81890296936, 8.8377571106, 6.02220010757, 3.58385920525, 3.67170810699, 2.6441693306, 3.70703530312, 4.5715341568, 3.00314640999, 4.66306209564, 3.72546458244, 4.09109592438, 3.84670233727, 2.48157334328, 2.77161169052, 2.42339587212, 1.98518288136, 1.26927363873, 1.10981738567, 1.53919732571, 1.52013468742, 0.770728588104, 0.545730412006, 0.364133894444, 0.137235537171, 0.0363213606179, 0.00348710082471, 9.96141025098e-05, 3.64450570487e-05],
        "min": [1.4961670729e-21, 1.57640300666e-20, 5.24554937552e-20, 9.53559592984e-20, 8.97025740149e-20, 1.74103411442e-19, 3.28533107496e-19, 2.76196356164e-19, 2.23893881129e-19, 4.94715889756e-19, 1.01534569374e-18, 1.19532820092e-18, 1.33513981901e-18, 1.82443721047e-18, 1.56078300619e-18, 2.83448925848e-18, 5.51614779981e-18, 6.77519031119e-18, 7.21281062785e-18, 9.42533844106e-18, 9.55287645662e-18, 1.1959595672e-17, 1.58282796922e-17, 9.51041727578e-18, 6.05428627733e-18, 1.29797368419e-17, 1.8149348491e-17, 1.90127993191e-17, 1.65886522354e-17, 1.80652705449e-17, 1.73558655623e-17, 1.79655555764e-17, 1.58821539655e-17, 1.48314741145e-17, 1.2348971093e-17, 6.51953484004e-18, 2.81720635356e-18, 1.29896979577e-18, 3.1787930555e-19, 3.35156006618e-20],
        "stdev": [0.757356584072, 3.02435159683, 3.41705727577, 2.52638840675, 6.19540929794, 8.78510856628, 31.9524116516, 26.8312244415, 15.9383935928, 41.5926513672, 51.5876121521, 70.9297409058, 104.363609314, 70.408416748, 56.5744056702, 41.9255332947, 27.5643520355, 25.423204422, 38.9428024292, 21.3105201721, 82.2196044922, 38.3990898132, 30.0185375214, 37.8941650391, 21.0715618134, 37.9967193604, 16.3715019226, 19.7959976196, 18.5953731537, 18.1785736084, 11.301276207, 9.07778835297, 8.5558795929, 6.81225156784, 5.31453132629, 2.4881606102, 0.636954009533, 0.0729217454791, 0.0024038432166, 8.10676210676e-05],
        "var": [0.573589026928, 9.14670276642, 11.6762809753, 6.38263893127, 38.3830947876, 77.1781311035, 1020.95666504, 719.914611816, 254.03237915, 1729.9486084, 2661.28173828, 5031.02832031, 10891.7636719, 4957.34472656, 3200.66333008, 1757.75024414, 759.793457031, 646.339355469, 1516.54187012, 454.138305664, 6760.06396484, 1474.48999023, 901.112609863, 1435.96777344, 444.010742188, 1443.75073242, 268.026092529, 391.881500244, 345.787902832, 330.460540771, 127.718833923, 82.4062347412, 73.2030792236, 46.4067726135, 28.2442417145, 6.19094371796, 0.405710399151, 0.00531758088619, 5.77846185479e-06, 6.57195897702e-09]
    },
    "gfcc": {
        "mean": [-30.3114757538, 54.2074584961, -102.515228271, 21.273229599, -66.2861709595, 18.0834445953, -37.6842575073, 22.808889389, -22.4063129425, 5.80565214157, -19.1894931793, 6.51114463806, -5.43863582611],
        "cov": [[10707.1767578, -1717.94946289, -1384.52319336, -15.6045207977, -450.156097412, 125.155303955, -189.069671631, 227.079315186, -219.847976685, 322.723846436, -193.128097534, 192.553848267, -373.875640869], [-1717.94946289, 2341.671875, 556.877197266, 287.860595703, 619.731445312, 52.1135063171, 366.867370605, 30.7250022888, 335.903167725, -71.1784133911, 237.581192017, -163.186233521, 202.672073364], [-1384.52319336, 556.877197266, 1955.56835938, 637.417663574, 452.699157715, 350.612030029, 273.056213379, 244.750457764, 120.344100952, 186.107055664, 85.4257736206, 27.3826274872, 54.7101211548], [-15.6045207977, 287.860595703, 637.417663574, 734.414855957, 405.792419434, 243.484298706, 249.312179565, 119.828956604, 170.665252686, 121.313011169, 124.776268005, 22.9476776123, 40.9870605469], [-450.156097412, 619.731445312, 452.699157715, 405.792419434, 731.894104004, 372.980010986, 414.356719971, 191.148498535, 214.297775269, 71.7872467041, 127.71598053, -1.16797578335, 84.3910598755], [125.155303955, 52.1135063171, 350.612030029, 243.484298706, 372.980010986, 526.113647461, 384.903778076, 143.55241394, 64.0604019165, 94.7059860229, 83.7395553589, 22.9137306213, -14.1263923645], [-189.069671631, 366.867370605, 273.056213379, 249.312179565, 414.356719971, 384.903778076, 552.135986328, 174.117202759, 118.725990295, 67.3104019165, 166.038040161, 7.45110177994, 50.7404441833], [227.079315186, 30.7250022888, 244.750457764, 119.828956604, 191.148498535, 143.55241394, 174.117202759, 294.429290771, 116.806922913, 96.1502075195, 31.7004756927, 28.3656616211, 45.2033958435], [-219.847976685, 335.903167725, 120.344100952, 170.665252686, 214.297775269, 64.0604019165, 118.725990295, 116.806922913, 250.828460693, 76.7233581543, 73.4413909912, -1.57346355915, 60.9501800537], [322.723846436, -71.1784133911, 186.107055664, 121.313011169, 71.7872467041, 94.7059860229, 67.3104019165, 96.1502075195, 76.7233581543, 173.852005005, 77.454460144, 45.2396697998, -2.77914834023], [-193.128097534, 237.581192017, 85.4257736206, 124.776268005, 127.71598053, 83.7395553589, 166.038040161, 31.7004756927, 73.4413909912, 77.454460144, 224.29208374, 36.3511390686, 62.7824821472], [192.553848267, -163.186233521, 27.3826274872, 22.9476776123, -1.16797578335, 22.9137306213, 7.45110177994, 28.3656616211, -1.57346355915, 45.2396697998, 36.3511390686, 111.982536316, 23.713306427], [-373.875640869, 202.672073364, 54.7101211548, 40.9870605469, 84.3910598755, -14.1263923645, 50.7404441833, 45.2033958435, 60.9501800537, -2.77914834023, 62.7824821472, 23.713306427, 143.424804688]],
        "icov": [[0.000166424346389, -6.55210533296e-05, 0.000241891015321, -0.000223002716666, 0.000105532933958, -0.000106854138721, 7.18858354958e-05, -0.000316660414683, 0.000317051715683, -0.000447197118774, 0.000222823116928, -0.000247357762419, 0.000299584440654], [-6.55210533296e-05, 0.00115559494589, -0.000493934436236, 0.000458251568489, -0.000794566702098, 0.000733270542696, -0.000440975505626, 0.000756372290198, -0.00122087134514, 0.00107396242674, -0.00100713619031, 0.00149656506255, -0.000555874605197], [0.000241891015321, -0.000493934436236, 0.00131055060774, -0.00105930888094, 0.000268024450634, -0.000596046098508, 0.000408064544899, -0.0010231025517, 0.00132396433037, -0.00150144263171, 0.00085016124649, -0.000580828520469, 0.000225166601012], [-0.000223002716666, 0.000458251568489, -0.00105930888094, 0.00304869376123, -0.00125252420548, 0.00034960033372, -0.000311525771394, 0.00116637174506, -0.00159330235329, 0.000423890684033, -0.000983598525636, 0.000482769130031, -0.000145957354107], [0.000105532933958, -0.000794566702098, 0.000268024450634, -0.00125252420548, 0.00438711978495, -0.00196420773864, -0.000694596907124, -0.000892622338142, -0.000833569967654, 0.000260097818682, 0.000836956955027, -0.000714382505976, -0.000483163428726], [-0.000106854138721, 0.000733270542696, -0.000596046098508, 0.00034960033372, -0.00196420773864, 0.00587153248489, -0.00341175263748, 0.000721012067515, 0.000304779212456, -0.00088545458857, 0.000361741578672, 0.000139655487146, 0.00119842553977], [7.18858354958e-05, -0.000440975505626, 0.000408064544899, -0.000311525771394, -0.000694596907124, -0.00341175263748, 0.00620979303494, -0.00223247730173, 0.000585488101933, 0.00137476425152, -0.00287438603118, 0.000363548984751, 0.000299238163279], [-0.000316660414683, 0.000756372290198, -0.0010231025517, 0.00116637174506, -0.000892622338142, 0.000721012067515, -0.00223247730173, 0.00725652137771, -0.00271473522298, -0.00165531958919, 0.00159130885731, 0.000430436659371, -0.00238450570032], [0.000317051715683, -0.00122087134514, 0.00132396433037, -0.00159330235329, -0.000833569967654, 0.000304779212456, 0.000585488101933, -0.00271473522298, 0.0092421034351, -0.00448689889163, 0.000996070331894, 4.18408308178e-05, -0.000786488642916], [-0.000447197118774, 0.00107396242674, -0.00150144263171, 0.000423890684033, 0.000260097818682, -0.00088545458857, 0.00137476425152, -0.00165531958919, -0.00448689889163, 0.0139302127063, -0.00559683283791, -0.00125561002642, 0.00239758123644], [0.000222823116928, -0.00100713619031, 0.00085016124649, -0.000983598525636, 0.000836956955027, 0.000361741578672, -0.00287438603118, 0.00159130885731, 0.000996070331894, -0.00559683283791, 0.00993703398854, -0.00256871827878, -0.002437525196], [-0.000247357762419, 0.00149656506255, -0.000580828520469, 0.000482769130031, -0.000714382505976, 0.000139655487146, 0.000363548984751, 0.000430436659371, 4.18408308178e-05, -0.00125561002642, -0.00256871827878, 0.0135267982259, -0.00366032170132], [0.000299584440654, -0.000555874605197, 0.000225166601012, -0.000145957354107, -0.000483163428726, 0.00119842553977, 0.000299238163279, -0.00238450570032, -0.000786488642916, 0.00239758123644, -0.002437525196, -0.00366032170132, 0.0115954242647]]
    },
    "melbands": {
        "dmean": [0.00190016545821, 0.000954397022724, 0.000199677262572, 0.000173061809619, 0.000301292224322, 0.000205205811653, 0.000115074530186, 0.000206684228033, 0.000216714804992, 0.000248980679316, 0.000255099206697, 0.000131200693431, 8.59776337165e-05, 6.55487092445e-05, 4.14706810261e-05, 2.85849455395e-05, 2.35486604652e-05, 3.80508317903e-05, 1.79650633072e-05, 1.32558743644e-05, 5.00615060446e-05, 2.17875076487e-05, 1.30675989567e-05, 1.44035320773e-05, 1.56730493472e-05, 8.62810065883e-06, 8.69272207638e-06, 1.3204953575e-05, 5.54442203793e-06, 5.10313702762e-06, 7.3033429544e-06, 5.77061337026e-06, 6.02003183303e-06, 4.67499557999e-06, 3.64878701475e-06, 3.28477426592e-06, 3.00680108012e-06, 3.08474227495e-06, 2.94065785056e-06, 2.65738344751e-06],
        "dmean2": [0.00246853614226, 0.00149667216465, 0.00035966624273, 0.000278700434137, 0.000457765854662, 0.000323315849528, 0.000187300698599, 0.000335464370437, 0.000358337041689, 0.000396124349209, 0.000418962677941, 0.000214321931708, 0.000134845278808, 0.000109395266918, 7.04908525222e-05, 4.69300357508e-05, 3.71812930098e-05, 5.27717638761e-05, 2.94527417282e-05, 2.2185184207e-05, 6.66102423565e-05, 3.06742949761e-05, 2.20459296543e-05, 2.21873870032e-05, 2.67148134299e-05, 1.31736424009e-05, 1.38411614898e-05, 2.16804801312e-05, 8.87691658136e-06, 8.24635117169e-06, 1.21353577924e-05, 9.54653478402e-06, 9.81844550552e-06, 7.63111347624e-06, 5.98233555138e-06, 5.06722744831e-06, 4.68821872346e-06, 5.04066974827e-06, 4.63620926894e-06, 4.04686943511e-06],
        "dvar": [8.97386689758e-06, 3.46045635524e-06, 2.68514412483e-07, 1.28660886389e-07, 6.50497213428e-07, 1.81252346465e-07, 5.74800367303e-08, 2.28237055921e-07, 1.96882837145e-07, 1.92661588017e-07, 2.52326657346e-07, 8.21706791498e-08, 3.76602287133e-08, 1.76677179553e-08, 6.61026744453e-09, 3.80015885426e-09, 1.85453907786e-09, 3.65488084242e-09, 1.25195620537e-09, 8.13923317633e-10, 1.28861445958e-08, 1.59458668492e-09, 7.60897400642e-10, 5.9953453313e-10, 1.56386714689e-09, 2.44486458856e-10, 2.87803336718e-10, 9.40933553295e-10, 9.15194448003e-11, 7.9267391262e-11, 2.1964402519e-10, 1.36348973778e-10, 1.39506392549e-10, 7.79738149048e-11, 4.80214583376e-11, 2.74854600885e-11, 2.47580168172e-11, 3.55534907071e-11, 2.68214565141e-11, 2.69997912916e-11],
        "dvar2": [1.63699442055e-05, 7.85985957918e-06, 7.75878731929e-07, 3.25513354937e-07, 1.26955069391e-06, 4.09705876336e-07, 1.40769202517e-07, 5.60507260161e-07, 5.01476336012e-07, 4.52393010164e-07, 6.05447269209e-07, 2.02178014774e-07, 8.27068262765e-08, 4.34568541152e-08, 1.70105654007e-08, 8.87280116046e-09, 4.39145519948e-09, 7.26955873276e-09, 3.29819438427e-09, 2.16591611313e-09, 2.48015386006e-08, 2.72549161018e-09, 2.03546401956e-09, 1.42321965324e-09, 4.11584233362e-09, 5.10256836783e-10, 7.19822923489e-10, 2.34631492013e-09, 2.19765372567e-10, 1.9410076324e-10, 5.6589843922e-10, 3.40839689805e-10, 3.20159121436e-10, 1.92461338533e-10, 1.20838214435e-10, 6.12020642499e-11, 5.61938238997e-11, 8.66191632309e-11, 6.28571431016e-11, 5.41048907066e-11],
        "max": [0.022244386375, 0.0183410774916, 0.0048292381689, 0.00683700852096, 0.0109696146101, 0.00473180180416, 0.0033342144452, 0.00535200862214, 0.00596416881308, 0.00383214722387, 0.00601173145697, 0.0029854318127, 0.00232586893253, 0.00182380911428, 0.000891759991646, 0.0012053338578, 0.000594381766859, 0.000523355789483, 0.000222429167479, 0.000257038453128, 0.00111134117469, 0.000303051347146, 0.000197972651222, 0.000170494327904, 0.000305234832922, 0.000123541336507, 0.000118629097415, 0.000260289642029, 7.55726214265e-05, 7.53828717279e-05, 9.98579052975e-05, 0.000125319231302, 8.1344791397e-05, 8.20525092422e-05, 6.71973102726e-05, 4.69093174615e-05, 5.36709922017e-05, 6.27498229733e-05, 3.92177207686e-05, 7.48525781091e-05],
        "mean": [0.00343797309324, 0.00125118391588, 0.000184108546819, 0.00024451353238, 0.000372469512513, 0.000268736592261, 0.000122465251479, 0.000193881089217, 0.000237834799918, 0.000256470957538, 0.000240982917603, 0.000131900960696, 8.56047845446e-05, 6.27494373475e-05, 3.73341172235e-05, 2.71654298558e-05, 2.62106823357e-05, 4.27968043368e-05, 1.68698370544e-05, 1.30355456349e-05, 5.39939646842e-05, 2.72106353805e-05, 1.31037058964e-05, 1.54510598804e-05, 1.37455617732e-05, 9.40426889429e-06, 8.12952839624e-06, 1.12297420856e-05, 5.57826297154e-06, 5.15694046044e-06, 6.40489406578e-06, 5.08403127242e-06, 5.42792577107e-06, 4.44737133876e-06, 3.6599503801e-06, 3.54069857167e-06, 3.13691589326e-06, 2.91568608191e-06, 2.90376942758e-06, 2.88906562673e-06],
        "median": [0.000360341975465, 0.000327909481712, 5.46054398001e-05, 0.000117914874863, 7.97782631707e-05, 4.77129760839e-05, 3.63519538951e-05, 3.23213607771e-05, 5.85132147535e-05, 4.79986993014e-05, 3.81088902941e-05, 2.09687113966e-05, 1.02010262708e-05, 9.15468717722e-06, 6.22121069682e-06, 4.13010729972e-06, 5.84041254115e-06, 6.40334201307e-06, 2.45610704042e-06, 2.41988004746e-06, 5.85970428801e-06, 4.01053421228e-06, 2.46010063165e-06, 3.99399004891e-06, 2.51193637268e-06, 1.68076337559e-06, 1.4954883909e-06, 1.82424241757e-06, 1.42713793139e-06, 1.16293392693e-06, 1.07494190615e-06, 6.70412077852e-07, 5.12984513534e-07, 6.30896181519e-07, 7.9332568248e-07, 9.8672637705e-07, 8.13662040855e-07, 5.19385650932e-07, 3.92272312411e-07, 4.47620266186e-07],
        "min": [1.67091058026e-23, 2.6166244858e-23, 1.51395928788e-23, 1.0860061911e-23, 1.02735816933e-23, 6.42941832594e-24, 3.34057310369e-24, 7.04494282446e-24, 7.24527878451e-24, 8.10316344121e-24, 6.84015847777e-24, 7.60850978832e-24, 4.91651287735e-24, 3.85254856434e-24, 1.40621019678e-23, 1.08366974287e-23, 1.23608760941e-23, 9.37813463573e-24, 1.25279150242e-23, 1.38165137908e-23, 1.0300664077e-23, 1.23036623792e-23, 1.16201270266e-23, 1.67210302241e-23, 6.36359892745e-24, 4.92177181857e-24, 3.67777248649e-24, 1.03313058012e-23, 1.17213370919e-23, 1.18999415117e-23, 1.02928851196e-23, 9.44005627248e-24, 9.54716149531e-24, 9.89391556139e-24, 1.00732157565e-23, 9.93922773178e-24, 1.14760786587e-23, 1.078598235e-23, 1.15736244651e-23, 1.26228205131e-23],
        "stdev": [0.00541758490726, 0.00224398612045, 0.000465542252641, 0.000464399694465, 0.000946433807258, 0.000579923216719, 0.000252523284871, 0.000467426056275, 0.000448569277069, 0.000478835310787, 0.000524393573869, 0.000304069224512, 0.000216836197069, 0.000138348841574, 7.76695742388e-05, 6.46888656775e-05, 4.73240943393e-05, 7.90849007899e-05, 3.35830154654e-05, 2.67366776825e-05, 0.000136246890179, 5.30200195499e-05, 2.54923634202e-05, 2.64689551841e-05, 3.42582425219e-05, 1.72769377969e-05, 1.61167517945e-05, 2.79548912658e-05, 9.66979860095e-06, 9.09539630811e-06, 1.35696373036e-05, 1.10532519102e-05, 1.15723514682e-05, 8.72715099831e-06, 6.8084805207e-06, 5.83668997933e-06, 5.45603597857e-06, 6.03520402365e-06, 5.54939788344e-06, 6.15429689788e-06],
        "var": [2.93502253044e-05, 5.03547335029e-06, 2.16729588942e-07, 2.15667085968e-07, 8.95736945949e-07, 3.36310961302e-07, 6.37680059867e-08, 2.18487116399e-07, 2.01214405138e-07, 2.29283244835e-07, 2.74988622095e-07, 9.24581016193e-08, 4.70179379874e-08, 1.91404030403e-08, 6.03256244958e-09, 4.18464951579e-09, 2.23956986289e-09, 6.2544218693e-09, 1.12781894934e-09, 7.14849901495e-10, 1.85632149652e-08, 2.81112244593e-09, 6.49860609769e-10, 7.00605629067e-10, 1.17362708441e-09, 2.98492563999e-10, 2.5974966622e-10, 7.81475939515e-10, 9.3505009291e-11, 8.2726235584e-11, 1.84135054426e-10, 1.22174381723e-10, 1.33919320078e-10, 7.61631660517e-11, 4.63554056251e-11, 3.40669506493e-11, 2.9768330162e-11, 3.64236869832e-11, 3.07958172852e-11, 3.78753695074e-11]
    },
    "melbands128": {
