{
"lowlevel": {
    "average_loudness": 0.97002184391,
    "barkbands_crest": {
        "dmean": 2.7882566452,
        "dmean2": 4.20048713684,
        "dvar": 7.18161344528,
        "dvar2": 14.0188169479,
        "max": 26.1511745453,
        "mean": 12.1467075348,
        "median": 10.5156774521,
        "min": 3.30128741264,
        "stdev": 5.6561384201,
        "var": 31.9919013977
    },
    "barkbands_flatness_db": {
        "dmean": 0.0331354849041,
        "dmean2": 0.0431970469654,
        "dvar": 0.00122041092254,
        "dvar2": 0.00178822153248,
        "max": 0.581432461739,
        "mean": 0.216642349958,
        "median": 0.199619039893,
        "min": 0.0267483182251,
        "stdev": 0.0886958763003,
        "var": 0.00786695908755
    },
    "barkbands_kurtosis": {
        "dmean": 10.2494983673,
        "dmean2": 14.6914262772,
        "dvar": 469.046295166,
        "dvar2": 908.368347168,
        "max": 371.828552246,
        "mean": 17.1592693329,
        "median": 4.39743375778,
        "min": -1.85436236858,
        "stdev": 36.7619895935,
        "var": 1351.44384766
    },
    "barkbands_skewness": {
        "dmean": 0.917431235313,
        "dmean2": 1.24970877171,
        "dvar": 1.13256907463,
        "dvar2": 1.90118145943,
        "max": 17.1523685455,
        "mean": 2.32263541222,
        "median": 1.6368380785,
        "min": -1.02303755283,
        "stdev": 2.44317960739,
        "var": 5.96912622452
    },
    "barkbands_spread": {
        "dmean": 4.98162651062,
        "dmean2": 7.41216754913,
        "dvar": 83.5008239746,
        "dvar2": 168.218780518,
        "max": 90.8626785278,
        "mean": 11.4504003525,
        "median": 8.26101875305,
        "min": 0.228279322386,
        "stdev": 12.3596258163,
        "var": 152.760360718
    },
    "dissonance": {
        "dmean": 0.0373768620193,
        "dmean2": 0.0621889680624,
        "dvar": 0.00132162601221,
        "dvar2": 0.00339740165509,
        "max": 0.499498724937,
        "mean": 0.423232406378,
        "median": 0.435110330582,
        "min": 0.0187582354993,
        "stdev": 0.0527230501175,
        "var": 0.00277972011827
    },
    "dynamic_complexity": 3.23848843575,
    "erbbands_crest": {
        "dmean": 3.06646132469,
        "dmean2": 4.83372402191,
        "dvar": 8.13335895538,
        "dvar2": 18.510383606,
        "max": 29.0823001862,
        "mean": 10.5624675751,
        "median": 9.50410270691,
        "min": 2.95985627174,
        "stdev": 4.68748617172,
        "var": 21.9725246429
    },
    "erbbands_flatness_db": {
        "dmean": 0.0240613073111,
        "dmean2": 0.0329587124288,
        "dvar": 0.000545423128642,
        "dvar2": 0.000985407503322,
        "max": 0.40564841032,
        "mean": 0.190995141864,
        "median": 0.194702014327,
        "min": 0.052138864994,
        "stdev": 0.0522088967264,
        "var": 0.00272576906718
    },
    "erbbands_kurtosis": {
        "dmean": 1.75787734985,
        "dmean2": 2.79353833199,
        "dvar": 5.13975143433,
        "dvar2": 11.5234918594,
        "max": 28.2198638916,
        "mean": 2.13564562798,
        "median": 1.37419271469,
        "min": -1.74730145931,
        "stdev": 3.19410157204,
        "var": 10.2022848129
    },
    "erbbands_skewness": {
        "dmean": 0.511314213276,
        "dmean2": 0.76357370615,
        "dvar": 0.229518458247,
        "dvar2": 0.55578827858,
        "max": 4.63602590561,
        "mean": 0.792485773563,
        "median": 0.756745755672,
        "min": -2.12331438065,
        "stdev": 0.851882636547,
        "var": 0.725704014301
    },
    "erbbands_spread": {
        "dmean": 9.31871891022,
        "dmean2": 13.7656869888,
        "dvar": 190.922317505,
        "dvar2": 399.700622559,
        "max": 152.547164917,
        "mean": 26.6782226562,
        "median": 20.30651474,
        "min": 4.17159700394,
        "stdev": 21.5359554291,
        "var": 463.797363281
    },
    "hfc": {
        "dmean": 7.35634565353,
        "dmean2": 11.459227562,
        "dvar": 199.479919434,
        "dvar2": 533.393310547,
        "max": 119.343772888,
        "mean": 14.1156921387,
        "median": 10.2242040634,
        "min": 6.09911512583e-06,
        "stdev": 14.5331850052,
        "var": 211.2134552
    },
    "loudness_ebu128": {
        "integrated": -9.87721633911,
        "loudness_range": 2.48824691772,
        "momentary": {
            "dmean": 0.923463225365,
            "dmean2": 1.19524013996,
            "dvar": 0.805035233498,
            "dvar2": 1.29660773277,
            "max": -7.23811244965,
            "mean": -10.2771463394,
            "median": -9.54671001434,
            "min": -16.613401413,
            "stdev": 2.00079226494,
            "var": 4.00316953659
        },
        "short_term": {
            "dmean": 0.108754746616,
            "dmean2": 0.146036878228,
            "dvar": 0.0102031351998,
            "dvar2": 0.0171846877784,
            "max": -8.63655662537,
            "mean": -9.97169399261,
            "median": -9.62071895599,
            "min": -12.7743473053,
            "stdev": 0.982385694981,
            "var": 0.965081691742
        }
    },
    "melbands_crest": {
        "dmean": 3.79941058159,
        "dmean2": 5.72153425217,
        "dvar": 13.5554466248,
        "dvar2": 25.9097061157,
        "max": 37.1049079895,
        "mean": 16.9276161194,
        "median": 14.9234037399,
        "min": 4.55298089981,
        "stdev": 7.7823805809,
        "var": 60.565448761
    },
    "melbands_flatness_db": {
        "dmean": 0.0412632897496,
        "dmean2": 0.053273845464,
        "dvar": 0.00209698616527,
        "dvar2": 0.00329114124179,
        "max": 0.753064572811,
        "mean": 0.321072310209,
        "median": 0.304199099541,
        "min": 0.0589627176523,
        "stdev": 0.110254615545,
        "var": 0.0121560804546
    },
    "melbands_kurtosis": {
        "dmean": 17.7513484955,
        "dmean2": 24.9100818634,
        "dvar": 1761.48840332,
        "dvar2": 3272.89770508,
        "max": 751.984069824,
        "mean": 28.12931633,
        "median": 7.12100315094,
        "min": -1.32806015015,
        "stdev": 62.4388656616,
        "var": 3898.61206055
    },
    "melbands_skewness": {
        "dmean": 1.0986161232,
        "dmean2": 1.48728847504,
        "dvar": 1.74328804016,
        "dvar2": 3.17639350891,
        "max": 19.5707950592,
        "mean": 2.91187548637,
        "median": 2.09321689606,
        "min": -0.573197960854,
        "stdev": 2.7752635479,
        "var": 7.70208740234
    },
    "melbands_spread": {
        "dmean": 5.09735822678,
        "dmean2": 7.70249176025,
        "dvar": 80.1900253296,
        "dvar2": 167.096466064,
        "max": 102.784309387,
        "mean": 12.1471385956,
        "median": 9.29160499573,
        "min": 0.201653569937,
        "stdev": 11.9295873642,
        "var": 142.315063477
    },
    "pitch_salience": {
        "dmean": 0.0897512584925,
        "dmean2": 0.135486006737,
        "dvar": 0.00728803873062,
        "dvar2": 0.0157449394464,
        "max": 0.905340611935,
        "mean": 0.502301931381,
        "median": 0.535267293453,
        "min": 0.065349817276,
        "stdev": 0.17575865984,
        "var": 0.0308911055326
    },
    "silence_rate_20dB": {
        "dmean": 0,
        "dmean2": 0,
        "dvar": 0,
        "dvar2": 0,
        "max": 1,
        "mean": 1,
        "median": 1,
        "min": 1,
        "stdev": 0,
        "var": 0
    },
    "silence_rate_30dB": {
        "dmean": 0.0758513957262,
        "dmean2": 0.151820287108,
        "dvar": 0.070097245276,
        "dvar2": 0.136518552899,
        "max": 1,
        "mean": 0.829853057861,
        "median": 1,
        "min": 0,
        "stdev": 0.375761687756,
        "var": 0.141196846962
    },
    "silence_rate_60dB": {
        "dmean": 0.0239938087761,
        "dmean2": 0.0472501926124,
        "dvar": 0.0234182924032,
        "dvar2": 0.0512145534158,
        "max": 1,
        "mean": 0.0425367355347,
        "median": 0,
        "min": 0,
        "stdev": 0.201810345054,
        "var": 0.0407274179161
    },
    "spectral_centroid": {
        "dmean": 226.503707886,
        "dmean2": 337.036102295,
        "dvar": 161648.203125,
        "dvar2": 342973.53125,
        "max": 3827.35083008,
        "mean": 699.826477051,
        "median": 580.26171875,
        "min": 131.77444458,
        "stdev": 505.451660156,
        "var": 255481.375
    },
    "spectral_complexity": {
        "dmean": 3.1857585907,
        "dmean2": 4.9457783699,
        "dvar": 28.971622467,
        "dvar2": 66.6788787842,
        "max": 54,
        "mean": 11.539056778,
        "median": 10,
        "min": 0,
        "stdev": 6.41781711578,
        "var": 41.1883773804
    },
    "spectral_decrease": {
        "dmean": 4.99040808677e-09,
        "dmean2": 6.9214682874e-09,
        "dvar": 7.26519217101e-17,
        "dvar2": 1.13154257921e-16,
        "max": -3.18490423277e-15,
        "mean": -1.31197461783e-08,
        "median": -5.80383652249e-09,
        "min": -8.29072135389e-08,
        "stdev": 1.62091353673e-08,
        "var": 2.62736094181e-16
    },
    "spectral_energy": {
        "dmean": 0.019375488162,
        "dmean2": 0.0269683431834,
        "dvar": 0.00106079410762,
        "dvar2": 0.00167373882141,
        "max": 0.314690083265,
        "mean": 0.0507972538471,
        "median": 0.0228541307151,
        "min": 1.25737749102e-08,
        "stdev": 0.0616388805211,
        "var": 0.0037993513979
    },
    "spectral_energyband_high": {
        "dmean": 0.000261385634076,
        "dmean2": 0.000428793369792,
        "dvar": 5.20512514868e-07,
        "dvar2": 1.2900643469e-06,
        "max": 0.00518267741427,
        "mean": 0.000258012732957,
        "median": 6.10278075328e-05,
        "min": 6.83910844623e-11,
        "stdev": 0.000671168672852,
        "var": 4.50467410928e-07
    },
    "spectral_energyband_low": {
        "dmean": 0.0152019476518,
        "dmean2": 0.0209502484649,
        "dvar": 0.00100987544283,
        "dvar2": 0.00155260972679,
        "max": 0.289256513119,
        "mean": 0.035231243819,
        "median": 0.00610773684457,
        "min": 3.02709635136e-09,
        "stdev": 0.0591843090951,
        "var": 0.00350278243423
    },
    "spectral_energyband_middle_high": {
        "dmean": 0.00235654739663,
        "dmean2": 0.00374035607092,
        "dvar": 3.7874593545e-05,
        "dvar2": 0.000105893166619,
        "max": 0.0505005083978,
        "mean": 0.00338751310483,
        "median": 0.00110668549314,
        "min": 1.32391586583e-09,
        "stdev": 0.00578573253006,
        "var": 3.34746982844e-05
    },
    "spectral_energyband_middle_low": {
        "dmean": 0.00787123385817,
        "dmean2": 0.01240243949,
        "dvar": 0.000297194143059,
        "dvar2": 0.000799102825113,
        "max": 0.15332429111,
        "mean": 0.015002835542,
        "median": 0.00825467053801,
        "min": 8.12799871852e-09,
        "stdev": 0.0180311948061,
        "var": 0.000325124012306
    },
    "spectral_entropy": {
        "dmean": 0.273812830448,
        "dmean2": 0.378707081079,
        "dvar": 0.0890984758735,
        "dvar2": 0.147429928184,
        "max": 8.62574672699,
        "mean": 6.86806678772,
        "median": 6.81517791748,
        "min": 4.79112243652,
        "stdev": 0.610744833946,
        "var": 0.373009234667
    },
    "spectral_flux": {
        "dmean": 0.0485270731151,
        "dmean2": 0.0770644769073,
        "dvar": 0.00418424932286,
        "dvar2": 0.00834445282817,
        "max": 0.591419994831,
        "mean": 0.102459311485,
        "median": 0.0763125494123,
        "min": 0.00011213284597,
        "stdev": 0.087374381721,
        "var": 0.00763428257778
    },
    "spectral_kurtosis": {
        "dmean": 5.18535470963,
        "dmean2": 7.67570352554,
        "dvar": 74.0997924805,
        "dvar2": 141.922088623,
        "max": 269.139221191,
        "mean": 13.97498703,
        "median": 11.3015384674,
        "min": -0.740458965302,
        "stdev": 16.3063182831,
        "var": 265.895996094
    },
    "spectral_rms": {
        "dmean": 0.0013179051457,
        "dmean2": 0.00178596167825,
        "dvar": 3.17043395626e-06,
        "dvar2": 5.00678561366e-06,
        "max": 0.0175218358636,
        "mean": 0.00598122086376,
        "median": 0.00472193956375,
        "min": 3.50244158653e-06,
        "stdev": 0.00371257285587,
        "var": 1.3783196664e-05
    },
    "spectral_rolloff": {
        "dmean": 386.896911621,
        "dmean2": 620.010314941,
        "dvar": 1052705.75,
        "dvar2": 2265790.25,
        "max": 12144.7265625,
        "mean": 770.016906738,
        "median": 538.330078125,
        "min": 64.599609375,
        "stdev": 1149.0715332,
        "var": 1320365.375
    },
    "spectral_skewness": {
        "dmean": 0.514648199081,
        "dmean2": 0.74278819561,
        "dvar": 0.293816536665,
        "dvar2": 0.562662422657,
        "max": 13.6204547882,
        "mean": 2.78268074989,
        "median": 2.70654511452,
        "min": 0.0922412499785,
        "stdev": 1.19812142849,
        "var": 1.43549489975
    },
    "spectral_spread": {
        "dmean": 838434.75,
        "dmean2": 1122365.875,
        "dvar": 1.19896421171e+12,
        "dvar2": 2.03758619853e+12,
        "max": 14211988,
        "mean": 3845419.25,
        "median": 3317443,
        "min": 340384.03125,
        "stdev": 2069922.125,
        "var": 4.2845774807e+12
    },
    "spectral_strongpeak": {
        "dmean": 0.482132673264,
        "dmean2": 0.733687162399,
        "dvar": 0.441269725561,
        "dvar2": 0.937641263008,
        "max": 7.3376288414,
        "mean": 0.948214352131,
        "median": 0.63389480114,
        "min": 0,
        "stdev": 1.00313770771,
        "var": 1.00628519058
    },
    "zerocrossingrate": {
        "dmean": 0.0101862577721,
        "dmean2": 0.011652183719,
        "dvar": 0.000250990502536,
        "dvar2": 0.000280435662717,
        "max": 0.31103515625,
        "mean": 0.0321582108736,
        "median": 0.02685546875,
        "min": 0.00146484375,
        "stdev": 0.0304630864412,
        "var": 0.000927999673877
    },
    "barkbands": {
        "dmean": [0.0016068208497, 0.011218287982, 0.00573980947956, 0.00395689811558, 0.00158447760623, 0.0011430522427, 0.00143547391053, 0.0016630225582, 0.00102347251959, 0.00041938884533, 0.000465094897663, 0.000661470810883, 0.00066752510611, 0.000299258012092, 0.000204151539947, 0.00014465424465, 9.99804979074e-05, 8.23957088869e-05, 6.66834021104e-05, 7.10739986971e-05, 7.39521055948e-05, 4.70893792226e-05, 4.02803161705e-05, 2.72720571957e-05, 3.40298611263e-05, 1.94357398868e-05, 1.18679952266e-06],
        "dmean2": [0.0024481236469, 0.0155726093799, 0.00972231756896, 0.00686583435163, 0.00260808132589, 0.0018176806625, 0.0021999257151, 0.00248058140278, 0.00142904685345, 0.000626842782367, 0.000696402101312, 0.0010542901, 0.00111547112465, 0.00049387011677, 0.000344617146766, 0.000239822402364, 0.000164266108186, 0.00014352540893, 0.000116208306281, 0.000123840451124, 0.000124244266772, 7.71379272919e-05, 6.80139055476e-05, 4.5817138016e-05, 5.08482808073e-05, 2.89693380182e-05, 1.91485992218e-06],
        "dvar": [1.88663307199e-05, 0.00081134296488, 0.000334688811563, 0.000127967738081, 1.97373374249e-05, 6.34457319393e-06, 1.01759696918e-05, 1.51405529323e-05, 4.22576340497e-06, 1.05005608475e-06, 8.32503246784e-07, 2.79390042124e-06, 4.17901401306e-06, 6.44261945126e-07, 5.22614641341e-07, 1.72866677417e-07, 8.48359178462e-08, 1.6603975439e-07, 7.08030327701e-08, 6.85594443439e-08, 4.5314045849e-08, 1.94490699101e-08, 1.62434385942e-08, 7.67596475271e-09, 1.03047597122e-08, 2.81621459486e-09, 1.69658020271e-11],
        "dvar2": [4.67088393634e-05, 0.00138717587106, 0.000892253825441, 0.000355503230821, 5.35952531209e-05, 1.61669395311e-05, 2.13613820961e-05, 3.11622679874e-05, 7.53253470975e-06, 2.43281033363e-06, 1.7639096086e-06, 6.81359915689e-06, 1.17434910862e-05, 1.6960807443e-06, 1.43517104334e-06, 4.86757471663e-07, 2.1897794511e-07, 4.52972301446e-07, 1.95784821244e-07, 1.83143910704e-07, 1.15658600919e-07, 4.89400306947e-08, 4.17073451331e-08, 1.97902814136e-08, 2.12373993946e-08, 6.04267569315e-09, 3.71833328017e-11],
        "max": [0.0400623716414, 0.255906939507, 0.142533183098, 0.0929741486907, 0.0519336946309, 0.0336745753884, 0.0355029813945, 0.0452923849225, 0.0305854380131, 0.018239043653, 0.0141119156033, 0.025941291824, 0.0177868623286, 0.00649729277939, 0.00851927883923, 0.00344229536131, 0.00237207417376, 0.00574196036905, 0.00270756403916, 0.00259120599367, 0.0020465478301, 0.00131873739883, 0.00102155038621, 0.000815628794953, 0.00131543166935, 0.00111093313899, 8.60966465552e-05],
        "mean": [0.00232607708313, 0.0232359580696, 0.00670378888026, 0.00444667926058, 0.00231261993758, 0.00167054741178, 0.00216814735904, 0.00240929541178, 0.00171492644586, 0.000540885957889, 0.000664297840558, 0.000768027035519, 0.000672768335789, 0.000306177913444, 0.000193270665477, 0.00015504140174, 0.000107001898868, 6.71009620419e-05, 5.14537459821e-05, 5.90254603594e-05, 6.94228801876e-05, 3.99768941861e-05, 3.0575087294e-05, 2.24233208428e-05, 3.75812087441e-05, 2.30038294831e-05, 1.20967456496e-06],
        "median": [0.000958566204645, 0.00267786765471, 0.000529762008227, 0.00103168352507, 0.00119727279525, 0.000802032649517, 0.000516249216162, 0.000444892619271, 0.000393888825784, 9.99929616228e-05, 0.000145272060763, 9.94830261334e-05, 7.60061811889e-05, 3.1981493521e-05, 3.16899568134e-05, 2.81702232314e-05, 1.95933098439e-05, 6.92355069987e-06, 6.6695647547e-06, 7.20840625945e-06, 1.58647217177e-05, 4.74956959806e-06, 1.25677570395e-06, 2.10206167139e-06, 5.08857647219e-06, 4.97738164995e-06, 1.34435182986e-07],
        "min": [1.07530961913e-09, 1.42763456612e-09, 7.4814821005e-10, 6.05982430901e-10, 1.22972432237e-09, 1.15428699932e-09, 1.1741716488e-09, 1.36336553158e-09, 2.16667284114e-09, 1.0013125884e-09, 2.29450111688e-10, 9.76164565847e-11, 4.29660369783e-11, 4.89675314186e-11, 4.36795322134e-11, 2.5932910333e-11, 1.34680998992e-11, 1.85145596771e-11, 2.29463288648e-11, 2.41674579654e-11, 9.40986264603e-12, 6.33127881719e-12, 7.20967946802e-12, 6.79626537339e-12, 5.22328751432e-12, 1.14341695834e-11, 5.68099332767e-13],
        "stdev": [0.00515737198293, 0.0496546663344, 0.0188267175108, 0.0103851109743, 0.00424916483462, 0.00270938337781, 0.0047421567142, 0.00538839632645, 0.00329306162894, 0.00131335819606, 0.00125145504717, 0.00181911257096, 0.00176927109715, 0.000771150225773, 0.000615674303845, 0.000355673982995, 0.000280632288195, 0.000328932655975, 0.000212820290471, 0.000216373460717, 0.00018823465507, 0.000127175371745, 0.000111210538307, 7.67252058722e-05, 0.000117911185953, 6.05321765761e-05, 4.61263425677e-06],
        "var": [2.65984854195e-05, 0.00246558594517, 0.000354445306584, 0.000107850537461, 1.80554034159e-05, 7.34075865694e-06, 2.24880495807e-05, 2.90348125418e-05, 1.08442545752e-05, 1.72490967998e-06, 1.56613975832e-06, 3.3091705518e-06, 3.13032001031e-06, 5.9467271285e-07, 3.79054824862e-07, 1.26503977071e-07, 7.87544749414e-08, 1.08196694271e-07, 4.52924737715e-08, 4.68174761181e-08, 3.54322864382e-08, 1.61735762561e-08, 1.23677841302e-08, 5.88675730384e-09, 1.39030484902e-08, 3.66414454334e-09, 2.12763955759e-11]
    },
    "erbbands": {
        "dmean": [0.533998191357, 2.25664186478, 4.82874584198, 13.024936676, 6.86749219894, 4.93412160873, 7.24484729767, 10.1198167801, 15.4689664841, 33.4543533325, 27.3249073029, 22.4852199554, 15.085811615, 10.4561376572, 22.5766353607, 26.4714412689, 31.7137374878, 16.71276474, 12.0321350098, 8.21858406067, 8.19008541107, 5.84342241287, 4.2442035675, 3.14718937874, 3.94253921509, 3.32207107544, 3.19689440727, 2.72538614273, 1.64016246796, 1.49450063705, 1.05704843998, 0.562130272388, 0.480214267969, 0.408228248358, 0.232251435518, 0.102100245655, 0.0360328406096, 0.00419782847166, 0.000127873223391, 2.37145977735e-05],
        "dmean2": [0.69192892313, 3.24151396751, 7.90458869934, 22.0802593231, 11.3392019272, 8.07288742065, 11.7909126282, 16.1304740906, 23.9385852814, 48.9798736572, 40.6755981445, 31.9163017273, 21.3971424103, 16.3766269684, 33.7790565491, 42.3864212036, 52.363319397, 27.344455719, 19.7611045837, 13.5005702972, 13.7759084702, 9.52691936493, 7.22267723083, 5.46631860733, 6.96552753448, 5.80403995514, 5.39728832245, 4.56113862991, 2.70356297493, 2.43854832649, 1.79912316799, 0.941967904568, 0.801326096058, 0.633742153645, 0.344843417406, 0.155175536871, 0.0536116063595, 0.00631015794352, 0.000193827072508, 3.34571523126e-05],
        "dvar": [1.44299221039, 39.724521637, 222.513977051, 1456.18359375, 385.535430908, 204.457214355, 221.479415894, 552.765258789, 1276.79003906, 4941.375, 3822.1706543, 1891.91491699, 1216.68945312, 412.796478271, 2418.55957031, 4983.07519531, 9276.36230469, 1809.64648438, 1367.80578613, 967.924804688, 692.440795898, 297.226013184, 441.757781982, 178.962127686, 259.922485352, 153.18397522, 75.1445846558, 71.6669845581, 24.2796325684, 18.5892276764, 11.6860151291, 3.05310916901, 2.40496349335, 1.54852080345, 0.46446403861, 0.078534245491, 0.0104045774788, 0.000126222730614, 1.25048217114e-07, 1.3177310354e-09],
        "dvar2": [2.21021771431, 86.170463562, 583.205871582, 3868.26953125, 1062.20129395, 538.291992188, 613.931762695, 1367.56176758, 2800.99731445, 9339.05761719, 8206.41113281, 3474.92749023, 2549.68969727, 1017.38208008, 5391.11962891, 12637.6083984, 26086.2128906, 4809.63378906, 3742.12426758, 2665.8046875, 1967.76843262, 767.747375488, 1201.8326416, 486.706817627, 719.618835449, 412.78427124, 195.679977417, 179.635498047, 61.5719528198, 46.7888069153, 29.9139499664, 7.67768383026, 6.22423458099, 3.34108805656, 0.984255850315, 0.17921513319, 0.0208428520709, 0.000273684679996, 2.46979453777e-07, 2.19836238102e-09],
        "max": [11.8027524948, 60.5441818237, 129.599197388, 314.894012451, 191.12286377, 170.398910522, 173.840637207, 408.090820312, 533.223937988, 705.82244873, 847.607116699, 486.313659668, 550.872314453, 251.287124634, 738.702270508, 1197.13928223, 849.90814209, 357.268615723, 453.037841797, 433.213348389, 244.635437012, 154.547958374, 311.720611572, 164.827331543, 140.285446167, 111.502746582, 76.1466827393, 80.7683868408, 40.1734733582, 38.7674827576, 24.1854515076, 15.7380161285, 13.7631387711, 16.5207443237, 8.77694320679, 4.86343860626, 2.36625027657, 0.164018839598, 0.00605694251135, 0.000339336431352],
        "mean": [1.03446877003, 3.82243394852, 5.77440595627, 15.3766613007, 8.77035236359, 7.33996391296, 11.7783041, 14.0239086151, 22.5039310455, 53.8421592712, 43.9624519348, 37.1241035461, 22.029001236, 15.3171882629, 30.1208133698, 30.6822738647, 34.3638687134, 18.9974842072, 12.4280176163, 8.73462677002, 8.20083808899, 6.3787984848, 3.75608706474, 2.53383374214, 2.97443962097, 2.73859763145, 3.07725548744, 2.39053750038, 1.38429391384, 1.23922216892, 0.789785981178, 0.459260761738, 0.406162858009, 0.440043836832, 0.249190256, 0.117002896965, 0.0412536635995, 0.00493211811408, 0.000170108964085, 6.07268702879e-05],
        "median": [0.102639168501, 0.533466041088, 0.689355075359, 2.36717534065, 3.60070109367, 3.72283315659, 6.96000528336, 5.75713253021, 6.21080732346, 11.6189718246, 10.2273406982, 9.83707046509, 4.79072809219, 5.02534151077, 5.86125802994, 4.60495471954, 4.23187255859, 2.63889074326, 2.03155589104, 1.6805357933, 1.53966212273, 1.18276870251, 0.494256168604, 0.347946673632, 0.307112395763, 0.337630420923, 0.736357688904, 0.434812426567, 0.164856076241, 0.115250334144, 0.0285586696118, 0.0256285704672, 0.0454448573291, 0.0619335025549, 0.0282956492156, 0.0242112074047, 0.00828862190247, 0.00105233257636, 6.00578314334e-05, 3.290416862e-05],
        "min": [5.51060317378e-08, 2.77136251725e-07, 7.99326812739e-07, 1.60335605415e-06, 2.72144097835e-06, 4.34706089436e-06, 6.7818732532e-06, 1.02580561361e-05, 1.4965851733e-05, 2.19119992835e-05, 3.46705164702e-05, 4.88984805997e-05, 4.22179218731e-05, 1.94351105165e-05, 7.58393161959e-06, 3.66533936358e-06, 2.07724451684e-06, 2.41759926212e-06, 2.46105082624e-06, 1.99160058401e-06, 1.24314021832e-06, 7.88300724253e-07, 9.59118210631e-07, 1.06426875846e-06, 1.23793688545e-06, 1.18195316645e-06, 6.32960677649e-07, 2.43001636591e-07, 2.31013302709e-07, 2.11785746274e-07, 2.03157895839e-07, 1.59233451313e-07, 1.04495470055e-07, 5.82030175167e-08, 3.73884709859e-08, 3.31250831209e-08, 3.03312539529e-08, 6.87561296786e-09, 1.47650636162e-09, 1.50607845639e-10],
        "stdev": [2.24709701538, 8.69770717621, 14.8358802795, 39.4013404846, 17.7522125244, 14.0242433548, 15.3290157318, 25.7928752899, 49.0977363586, 108.006698608, 81.9845046997, 67.1338348389, 50.3221740723, 25.1501522064, 63.149307251, 73.5111312866, 84.6903305054, 41.7297172546, 33.3968772888, 26.0296154022, 21.4365253448, 16.6997089386, 17.1539344788, 10.8268051147, 12.8083343506, 10.1242675781, 7.58118677139, 7.55619907379, 4.43987798691, 3.95189118385, 2.97030711174, 1.56769371033, 1.36117362976, 1.38869678974, 0.783606767654, 0.30594882369, 0.120778046548, 0.0130805084482, 0.000441565585788, 6.72980313539e-05],
        "var": [5.04944467545, 75.6501083374, 220.103347778, 1552.46557617, 315.141082764, 196.679412842, 234.978713989, 665.272460938, 2410.58789062, 11665.4462891, 6721.45849609, 4506.95214844, 2532.32104492, 632.530151367, 3987.83520508, 5403.88671875, 7172.45166016, 1741.3692627, 1115.35144043, 677.54083252, 459.524658203, 278.880279541, 294.257476807, 117.219718933, 164.053436279, 102.500801086, 57.4743919373, 57.0961418152, 19.7125167847, 15.6174440384, 8.82272434235, 2.45766353607, 1.85279357433, 1.9284787178, 0.614039599895, 0.0936046764255, 0.0145873362198, 0.000171099702129, 1.94980174228e-07, 4.52902471082e-09]
    },
    "gfcc": {
        "mean": [-50.7392463684, 133.689743042, -83.3407592773, 6.37065649033, -45.861289978, 11.2237129211, -27.7952308655, 8.44795703888, -23.434425354, 16.9730167389, -20.6391582489, 1.12740576267, -5.94252729416],
        "cov": [[5112.30615234, -1645.30419922, -865.244506836, 36.8749923706, -443.324737549, 394.053222656, -162.314468384, 165.977218628, -191.702682495, 176.252441406, -173.072265625, -31.336938858, -255.797042847], [-1645.30419922, 1708.37866211, 210.027114868, -240.902832031, 534.285644531, -226.277069092, 227.221176147, -129.873916626, 179.637512207, -130.471786499, 133.536361694, -65.8751602173, 180.47227478], [-865.244506836, 210.027114868, 1143.04736328, 275.734283447, 19.8365001678, 18.1590518951, 108.667121887, -19.0659217834, 130.886871338, -45.5618858337, 24.2343139648, 26.4527854919, 1.77715086937], [36.8749923706, -240.902832031, 275.734283447, 595.616943359, 31.9947128296, 35.8322143555, -0.845166087151, -12.5794487, 38.8941345215, -105.995872498, 114.361045837, -0.639707386494, -1.64813387394], [-443.324737549, 534.285644531, 19.8365001678, 31.9947128296, 558.802062988, -30.5363082886, 114.46749115, 32.9395027161, 21.3288345337, -26.5948238373, 130.126739502, -3.93244290352, 119.892127991], [394.053222656, -226.277069092, 18.1590518951, 35.8322143555, -30.5363082886, 210.636459351, 20.7564964294, 25.5772914886, 2.61059117317, 14.0245285034, -2.95406198502, -0.707552909851, -20.3250598907], [-162.314468384, 227.221176147, 108.667121887, -0.845166087151, 114.46749115, 20.7564964294, 205.121490479, 29.7571392059, 36.1973419189, -7.28643369675, 43.3490371704, 19.4859523773, 64.4258270264], [165.977218628, -129.873916626, -19.0659217834, -12.5794487, 32.9395027161, 25.5772914886, 29.7571392059, 131.520751953, -20.7606563568, 30.7511329651, 16.5132961273, 28.3319797516, 7.39554405212], [-191.702682495, 179.637512207, 130.886871338, 38.8941345215, 21.3288345337, 2.61059117317, 36.1973419189, -20.7606563568, 166.379318237, 5.4295592308, 27.7412719727, -14.5226449966, 15.3461475372], [176.252441406, -130.471786499, -45.5618858337, -105.995872498, -26.5948238373, 14.0245285034, -7.28643369675, 30.7511329651, 5.4295592308, 163.349777222, -25.6186122894, 17.8083000183, 8.0145483017], [-173.072265625, 133.536361694, 24.2343139648, 114.361045837, 130.126739502, -2.95406198502, 43.3490371704, 16.5132961273, 27.7412719727, -25.6186122894, 172.686782837, 27.4795913696, 49.1312332153], [-31.336938858, -65.8751602173, 26.4527854919, -0.639707386494, -3.93244290352, -0.707552909851, 19.4859523773, 28.3319797516, -14.5226449966, 17.8083000183, 27.4795913696, 130.987030029, 34.6826667786], [-255.797042847, 180.47227478, 1.77715086937, -1.64813387394, 119.892127991, -20.3250598907, 64.4258270264, 7.39554405212, 15.3461475372, 8.0145483017, 49.1312332153, 34.6826667786, 136.298400879]],
        "icov": [[0.000369191082427, 0.000222660208237, 0.000274564314168, -9.42337792367e-05, -2.34690978687e-05, -0.000377218180802, -0.000198387308046, -0.000112702233309, -1.93034502445e-05, -0.000168880869751, 0.000145883954247, 8.07495816844e-05, 0.000396585324779], [0.000222660208237, 0.00295139080845, -0.000384581362596, 0.00214179907925, -0.00184931431431, 0.00181962491479, -0.00158128782641, 0.00234076706693, -0.00198670499958, 0.00221745017916, -0.00116219196934, 0.00122712436132, -0.000740667921491], [0.000274564314168, -0.000384581362596, 0.00148193351924, -0.00108712050132, 0.000297305523418, -0.00059092376614, -0.000529904733412, -0.000405664235586, -0.000402631354518, -0.000567322073039, 0.000863395864144, -0.000631892471574, 0.000843149027787], [-9.42337792367e-05, 0.00214179907925, -0.00108712050132, 0.00428311387077, -0.00123652582988, 0.00116807571612, -0.000398295174818, 0.00182134844363, -0.00157330196816, 0.00316520640627, -0.00276036025025, 0.00114221463446, -0.000900128856301], [-2.34690978687e-05, -0.00184931431431, 0.000297305523418, -0.00123652582988, 0.00393252354115, -0.00101693545002, 0.000264674832579, -0.00210347212851, 0.00152412045281, -0.00119492039084, -0.000816030427814, 0.000327321584336, -0.00112646643538], [-0.000377218180802, 0.00181962491479, -0.00059092376614, 0.00116807571612, -0.00101693545002, 0.0070859901607, -0.00184058316518, 0.00100155547261, -0.00145769899245, 0.00122134981211, -0.000912403571419, 0.000915764539968, -0.00014042868861], [-0.000198387308046, -0.00158128782641, -0.000529904733412, -0.000398295174818, 0.000264674832579, -0.00184058316518, 0.00788649916649, -0.00258435076103, 7.31757609174e-05, -0.000211053295061, 0.000105072082079, -0.000753043044824, -0.00221340241842], [-0.000112702233309, 0.00234076706693, -0.000405664235586, 0.00182134844363, -0.00210347212851, 0.00100155547261, -0.00258435076103, 0.0113466186449, -0.000307640584651, 0.000171508116182, -0.00177479500417, -0.000608934729826, 0.000141198543133], [-1.93034502445e-05, -0.00198670499958, -0.000402631354518, -0.00157330196816, 0.00152412045281, -0.00145769899245, 7.31757609174e-05, -0.000307640584651, 0.00879313237965, -0.00270854937844, -0.00051161670126, 0.000556503655389, 0.000216695581912], [-0.000168880869751, 0.00221745017916, -0.000567322073039, 0.00316520640627, -0.00119492039084, 0.00122134981211, -0.000211053295061, 0.000171508116182, -0.00270854937844, 0.00971519947052, -0.000524901668541, 0.000190872699022, -0.00200938689522], [0.000145883954247, -0.00116219196934, 0.000863395864144, -0.00276036025025, -0.000816030427814, -0.000912403571419, 0.000105072082079, -0.00177479500417, -0.00051161670126, -0.000524901668541, 0.00978734716773, -0.00231714593247, -0.000453548884252], [8.07495816844e-05, 0.00122712436132, -0.000631892471574, 0.00114221463446, 0.000327321584336, 0.000915764539968, -0.000753043044824, -0.000608934729826, 0.000556503655389, 0.000190872699022, -0.00231714593247, 0.00997625943273, -0.00299080112018], [0.000396585324779, -0.000740667921491, 0.000843149027787, -0.000900128856301, -0.00112646643538, -0.00014042868861, -0.00221340241842, 0.000141198543133, 0.000216695581912, -0.00200938689522, -0.000453548884252, -0.00299080112018, 0.0120667666197]]
    },
    "melbands": {
        "dmean": [0.00368531304412, 0.00236219586805, 0.00190840673167, 0.000378726224881, 0.000239231521846, 0.000223929848289, 0.000253275531577, 0.000383880571462, 0.000223534327233, 0.000139581679832, 7.46709993109e-05, 4.18703057221e-05, 6.33164017927e-05, 6.80282100802e-05, 8.49047428346e-05, 6.31389339105e-05, 3.07981681544e-05, 2.06756249099e-05, 1.55088546308e-05, 9.63505590335e-06, 9.22528124647e-06, 7.04035619492e-06, 4.0208133214e-06, 3.64844186151e-06, 2.38309144152e-06, 2.81398729385e-06, 2.689722578e-06, 2.18036620936e-06, 2.04658476832e-06, 1.97630151888e-06, 1.45662352224e-06, 9.18229375202e-07, 8.99145447875e-07, 8.22881872864e-07, 6.51402274343e-07, 4.42305946535e-07, 3.06479051915e-07, 3.36452700367e-07, 3.33121306539e-07, 3.76138046931e-07],
        "dmean2": [0.00494672823697, 0.00354177388363, 0.00321653555147, 0.000624527223408, 0.000388362910599, 0.000355667230906, 0.000388775923057, 0.000563736015465, 0.000332168972818, 0.000199763002456, 0.000107739433588, 6.65647603455e-05, 9.6235286037e-05, 0.000108252294012, 0.000143456738442, 0.000102859936305, 5.12465594511e-05, 3.40925616911e-05, 2.60565011558e-05, 1.57344147738e-05, 1.58331567945e-05, 1.14655904326e-05, 6.79346567267e-06, 6.25248185315e-06, 4.13039015257e-06, 4.94849609822e-06, 4.75550268675e-06, 3.80755682272e-06, 3.44527097695e-06, 3.36798166245e-06, 2.45686942435e-06, 1.50897028561e-06, 1.48739275119e-06, 1.34999709189e-06, 1.12230929972e-06, 7.45950444525e-07, 5.1150385616e-07, 5.6626896594e-07, 5.52067490389e-07, 5.81550239076e-07],
        "dvar": [7.64388314565e-05, 3.81687350455e-05, 3.1125946407e-05, 1.24626262732e-06, 2.73514331184e-07, 2.58223252558e-07, 3.16124072697e-07, 6.85469672135e-07, 2.71768669791e-07, 7.5181965542e-08, 3.15830526176e-08, 7.50581374831e-09, 1.76579302291e-08, 3.05850775817e-08, 5.61608928251e-08, 2.87462871285e-08, 6.47600417736e-09, 3.82400111576e-09, 3.83880127686e-09, 6.41002861901e-10, 9.30674148858e-10, 4.02979011271e-10, 3.38443328918e-10, 3.75420167176e-10, 9.34856150825e-11, 1.23264051743e-10, 1.21668439212e-10, 6.22273066408e-11, 2.96564647839e-11, 3.59592841614e-11, 2.10200242629e-11, 7.51910166075e-12, 7.15694777748e-12, 5.9690958773e-12, 4.6205123061e-12, 2.05002638129e-12, 8.97026430999e-13, 1.26807668099e-12, 1.01032268489e-12, 1.49688963481e-12],
        "dvar2": [0.000115649767395, 8.76702470123e-05, 8.33037120174e-05, 3.34590913553e-06, 7.56024405746e-07, 6.39607037556e-07, 6.75629678426e-07, 1.28223950924e-06, 5.27520626292e-07, 1.38268958949e-07, 6.77369769164e-08, 1.87988735689e-08, 3.91853234305e-08, 7.75467796643e-08, 1.4741949883e-07, 7.62413279176e-08, 1.68958464997e-08, 1.0354503921e-08, 1.05888418034e-08, 1.72104730467e-09, 2.65026889323e-09, 1.03916486527e-09, 9.23362997174e-10, 1.01941899366e-09, 2.55400894877e-10, 3.41487532696e-10, 3.3487473905e-10, 1.67013902708e-10, 7.73765912454e-11, 9.25307747091e-11, 5.20646546709e-11, 1.90036337361e-11, 1.83391652558e-11, 1.51245578561e-11, 1.18524964149e-11, 5.28255304083e-12, 2.243238581e-12, 3.34285615682e-12, 2.52370607051e-12, 3.26766716983e-12],
        "max": [0.0864307433367, 0.054834458977, 0.0464298278093, 0.0127415871248, 0.00631420966238, 0.00802935566753, 0.00687454687431, 0.0093431584537, 0.00822598859668, 0.00325268018059, 0.0026967083104, 0.00140629895031, 0.00193330470938, 0.00250045210123, 0.0027916058898, 0.00162949354853, 0.000772041094024, 0.000748640100937, 0.00082200957695, 0.000272036675597, 0.000293101475108, 0.000176184985321, 0.000290509662591, 0.000277635874227, 0.000118064475828, 0.000102272337244, 0.00010004669457, 7.25705904188e-05, 4.20558717451e-05, 6.31476941635e-05, 5.44183931197e-05, 2.66581319011e-05, 2.33129248954e-05, 2.26749580179e-05, 1.58597867994e-05, 1.12362104119e-05, 9.48305114434e-06, 9.90875560092e-06, 9.38599259825e-06, 1.65283454407e-05],
        "mean": [0.00774067873135, 0.0036992141977, 0.00235149869695, 0.000528362521436, 0.000394281494664, 0.000317545898724, 0.00037875075941, 0.000606016779784, 0.000360895995982, 0.000225411742576, 0.000103046244476, 5.66024536965e-05, 8.75134792295e-05, 7.93981889728e-05, 9.15414857445e-05, 6.65958868922e-05, 3.16397599818e-05, 2.04865864362e-05, 1.42414146467e-05, 1.10117298391e-05, 8.58252042235e-06, 7.51525840315e-06, 3.60522540177e-06, 2.90583147944e-06, 1.8741460508e-06, 2.13809471461e-06, 1.98157067643e-06, 1.79587618732e-06, 1.94556741917e-06, 1.78573122867e-06, 1.24114092159e-06, 7.73605279392e-07, 7.45604495478e-07, 6.62256809392e-07, 4.74571152154e-07, 3.38578757919e-07, 2.54567140701e-07, 2.69155520982e-07, 3.11456687996e-07, 4.02594622528e-07],
        "median": [0.000920948165003, 0.000551475328393, 0.000471736042527, 0.00025009852834, 0.000244747439865, 0.0001334582048, 9.59291355684e-05, 0.000121927871078, 7.04610501998e-05, 5.48412790522e-05, 1.97059471247e-05, 1.37849519888e-05, 1.87629175343e-05, 1.34417059598e-05, 8.26405175758e-06, 7.65094864619e-06, 3.51293851963e-06, 3.06780020765e-06, 2.15393447434e-06, 2.13185626308e-06, 1.4808395008e-06, 1.27841929043e-06, 5.13032432536e-07, 2.89861503688e-07, 2.62698478082e-07, 2.41442052129e-07, 1.54724034473e-07, 2.12781230857e-07, 4.28695813071e-07, 3.42699081557e-07, 1.7767193583e-07, 8.17171539325e-08, 7.27613880258e-08, 5.31291988182e-08, 1.10888498384e-08, 9.8887662503e-09, 1.47758525415e-08, 2.42389397442e-08, 4.30329372136e-08, 5.20483176558e-08],
        "min": [4.9580017869e-10, 4.02030103652e-10, 3.06975972419e-10, 2.51734244561e-10, 2.33313007802e-10, 2.30881952445e-10, 2.33307290154e-10, 2.49882253778e-10, 2.97822017048e-10, 3.1078117857e-10, 2.06659564461e-10, 8.19977002964e-11, 2.8246441644e-11, 1.28321823653e-11, 5.99029246345e-12, 4.18933724516e-12, 4.51310473368e-12, 4.02206696767e-12, 3.19510477104e-12, 2.13207338069e-12, 1.29823148759e-12, 8.21813591571e-13, 7.13747528962e-13, 9.39697646953e-13, 8.33689725328e-13, 9.23830564999e-13, 8.54545871998e-13, 7.74819065245e-13, 4.4621999238e-13, 2.013621881e-13, 1.26950750259e-13, 1.38349211644e-13, 1.08848937893e-13, 1.21032293888e-13, 1.17572428572e-13, 1.10075129892e-13, 9.20899437978e-14, 7.3454392254e-14, 6.81401685293e-14, 3.90562826221e-14],
        "stdev": [0.0163454301655, 0.00749265635386, 0.00561692472547, 0.00106912304182, 0.000518663029652, 0.000576253165491, 0.000825661700219, 0.00126614770852, 0.000738811155315, 0.000418355280999, 0.000248017458944, 0.000101587393146, 0.000173532840563, 0.000182690346264, 0.000232557504205, 0.000164683035109, 7.78922403697e-05, 5.67281313124e-05, 5.11312937306e-05, 2.35027491726e-05, 2.4459341148e-05, 2.00616977963e-05, 1.51233580254e-05, 1.56669429998e-05, 7.80845130066e-06, 8.86427915248e-06, 8.8025117293e-06, 6.48891273158e-06, 4.77074490846e-06, 5.23064090885e-06, 4.13296720581e-06, 2.48882520282e-06, 2.39877113017e-06, 2.21331424655e-06, 1.85256851637e-06, 1.25063604628e-06, 8.55254484122e-07, 9.61726186688e-07, 9.42949213822e-07, 1.36352036861e-06],
        "var": [0.000267173105385, 5.61398992431e-05, 3.15498436976e-05, 1.14302406473e-06, 2.69011366072e-07, 3.32067742193e-07, 6.81717210682e-07, 1.60312993103e-06, 5.45841885469e-07, 1.75021142468e-07, 6.15126651837e-08, 1.03199981893e-08, 3.01136466874e-08, 3.33757625981e-08, 5.40829923068e-08, 2.71205014002e-08, 6.06720096386e-09, 3.21808091286e-09, 2.61440935567e-09, 5.52379253449e-10, 5.98259330964e-10, 4.02471750371e-10, 2.28715962836e-10, 2.45453074532e-10, 6.0971908078e-11, 7.85754447619e-11, 7.74842204287e-11, 4.21059888345e-11, 2.27600074204e-11, 2.73596041656e-11, 1.70814196121e-11, 6.1942512751e-12, 5.75410292331e-12, 4.89876021692e-12, 3.43201010146e-12, 1.56409043703e-12, 7.31460194064e-13, 9.24917152416e-13, 8.89153225873e-13, 1.85918793381e-12]
    },
    "melbands128": {
