{
"lowlevel": {
    "average_loudness": 0.978256046772,
    "barkbands_crest": {
        "dmean": 2.55421280861,
        "dmean2": 4.09543991089,
        "dvar": 5.52368974686,
        "dvar2": 13.7308073044,
        "max": 23.7126312256,
        "mean": 9.55207061768,
        "median": 9.01214122772,
        "min": 2.68910360336,
        "stdev": 3.38534355164,
        "var": 11.4605512619
    },
    "barkbands_flatness_db": {
        "dmean": 0.0217790454626,
        "dmean2": 0.0334580093622,
        "dvar": 0.000443435361376,
        "dvar2": 0.00111042137723,
        "max": 0.268637865782,
        "mean": 0.132453471422,
        "median": 0.129795670509,
        "min": 0.041931502521,
        "stdev": 0.0358986407518,
        "var": 0.00128871249035
    },
    "barkbands_kurtosis": {
        "dmean": 3.18603467941,
        "dmean2": 5.12740135193,
        "dvar": 29.5845947266,
        "dvar2": 78.5237731934,
        "max": 57.0772171021,
        "mean": 5.21554088593,
        "median": 3.50045442581,
        "min": -1.8175586462,
        "stdev": 6.07486104965,
        "var": 36.9039382935
    },
    "barkbands_skewness": {
        "dmean": 0.541085958481,
        "dmean2": 0.822522938251,
        "dvar": 0.417412906885,
        "dvar2": 1.02451300621,
        "max": 6.8386425972,
        "mean": 1.82852017879,
        "median": 1.69631433487,
        "min": -2.32920241356,
        "stdev": 0.969446480274,
        "var": 0.93982642889
    },
    "barkbands_spread": {
        "dmean": 4.90474939346,
        "dmean2": 7.50921440125,
        "dvar": 36.6102180481,
        "dvar2": 85.8770675659,
        "max": 87.5120162964,
        "mean": 18.7656440735,
        "median": 16.7998771667,
        "min": 3.00767564774,
        "stdev": 10.233962059,
        "var": 104.733978271
    },
    "dissonance": {
        "dmean": 0.0241022966802,
        "dmean2": 0.0400682352483,
        "dvar": 0.000751963467337,
        "dvar2": 0.00191957119387,
        "max": 0.5,
        "mean": 0.447698265314,
        "median": 0.453100502491,
        "min": 0,
        "stdev": 0.0332076996565,
        "var": 0.00110275135376
    },
    "dynamic_complexity": 2.16451311111,
    "erbbands_crest": {
        "dmean": 2.81139421463,
        "dmean2": 4.42726421356,
        "dvar": 7.3837685585,
        "dvar2": 18.0389938354,
        "max": 26.7130298615,
        "mean": 9.40732097626,
        "median": 8.51056194305,
        "min": 2.6701130867,
        "stdev": 4.14898777008,
        "var": 17.214099884
    },
    "erbbands_flatness_db": {
        "dmean": 0.0170329716057,
        "dmean2": 0.0239847060293,
        "dvar": 0.0002371417213,
        "dvar2": 0.000431787717389,
        "max": 0.283080399036,
        "mean": 0.142046868801,
        "median": 0.140003979206,
        "min": 0.0613614693284,
        "stdev": 0.0382042564452,
        "var": 0.00145956513006
    },
    "erbbands_kurtosis": {
        "dmean": 1.07287526131,
        "dmean2": 1.67135262489,
        "dvar": 1.52171123028,
        "dvar2": 3.4378798008,
        "max": 13.7779464722,
        "mean": 1.07407832146,
        "median": 0.496673345566,
        "min": -1.70518505573,
        "stdev": 2.06042671204,
        "var": 4.2453584671
    },
    "erbbands_skewness": {
        "dmean": 0.360927909613,
        "dmean2": 0.552022457123,
        "dvar": 0.110696017742,
        "dvar2": 0.256783545017,
        "max": 3.25228691101,
        "mean": 0.83189624548,
        "median": 0.787493050098,
        "min": -1.10735833645,
        "stdev": 0.582699477673,
        "var": 0.339538693428
    },
    "erbbands_spread": {
        "dmean": 8.14776611328,
        "dmean2": 11.9678888321,
        "dvar": 80.2136764526,
        "dvar2": 157.042831421,
        "max": 137.885986328,
        "mean": 38.4415359497,
        "median": 35.2078742981,
        "min": 6.6616101265,
        "stdev": 18.6197662354,
        "var": 346.695678711
    },
    "hfc": {
        "dmean": 6.40418338776,
        "dmean2": 8.67722320557,
        "dvar": 47.2555923462,
        "dvar2": 82.745552063,
        "max": 77.3788452148,
        "mean": 22.0131168365,
        "median": 19.2941474915,
        "min": 1.14640456636e-16,
        "stdev": 14.383518219,
        "var": 206.885604858
    },
    "loudness_ebu128": {
        "integrated": -8.47996425629,
        "loudness_range": 2.07292509079,
        "momentary": {
            "dmean": 0.448390483856,
            "dmean2": 0.593203246593,
            "dvar": 0.125691756606,
            "dvar2": 0.196698054671,
            "max": -5.71123790741,
            "mean": -8.62195014954,
            "median": -8.56998825073,
            "min": -13.058637619,
            "stdev": 1.11640584469,
            "var": 1.24636209011
        },
        "short_term": {
            "dmean": 0.0552404411137,
            "dmean2": 0.0625760704279,
            "dvar": 0.00166273175273,
            "dvar2": 0.00211280514486,
            "max": -7.14780902863,
            "mean": -8.5879278183,
            "median": -8.94613075256,
            "min": -9.54357719421,
            "stdev": 0.751846015453,
            "var": 0.565272450447
        }
    },
    "melbands_crest": {
        "dmean": 3.12140703201,
        "dmean2": 5.06762075424,
        "dvar": 9.14404678345,
        "dvar2": 22.1563072205,
        "max": 27.7270507812,
        "mean": 12.4097223282,
        "median": 11.3742017746,
        "min": 2.63179755211,
        "stdev": 4.51629304886,
        "var": 20.3969039917
    },
    "melbands_flatness_db": {
        "dmean": 0.0255834683776,
        "dmean2": 0.0386372804642,
        "dvar": 0.000722798693459,
        "dvar2": 0.00171719607897,
        "max": 0.365844547749,
        "mean": 0.193757101893,
        "median": 0.190547600389,
        "min": 0.00687787216157,
        "stdev": 0.0470229424536,
        "var": 0.00221115723252
    },
    "melbands_kurtosis": {
        "dmean": 7.04677534103,
        "dmean2": 11.4791269302,
        "dvar": 188.143615723,
        "dvar2": 498.224731445,
        "max": 180.070419312,
        "mean": 13.0901689529,
        "median": 8.92373847961,
        "min": -1.33580231667,
        "stdev": 14.9223527908,
        "var": 222.676620483
    },
    "melbands_skewness": {
        "dmean": 0.729443907738,
        "dmean2": 1.12194871902,
        "dvar": 0.835765659809,
        "dvar2": 1.9650169611,
        "max": 11.1852836609,
        "mean": 2.52951407433,
        "median": 2.29833078384,
        "min": -0.250521302223,
        "stdev": 1.40847206116,
        "var": 1.98379361629
    },
    "melbands_spread": {
        "dmean": 5.27035570145,
        "dmean2": 7.95980834961,
        "dvar": 60.0493049622,
        "dvar2": 119.700668335,
        "max": 173.367874146,
        "mean": 18.0620040894,
        "median": 16.3755874634,
        "min": 1.94558346272,
        "stdev": 11.3296890259,
        "var": 128.361846924
    },
    "pitch_salience": {
        "dmean": 0.0709787234664,
        "dmean2": 0.115595526993,
        "dvar": 0.00492273084819,
        "dvar2": 0.0120355105028,
        "max": 0.96183860302,
        "mean": 0.556375741959,
        "median": 0.563123524189,
        "min": 0.182906582952,
        "stdev": 0.106262899935,
        "var": 0.0112918037921
    },
    "silence_rate_20dB": {
        "dmean": 0,
        "dmean2": 0,
        "dvar": 0,
        "dvar2": 0,
        "max": 1,
        "mean": 1,
        "median": 1,
        "min": 1,
        "stdev": 0,
        "var": 0
    },
    "silence_rate_30dB": {
        "dmean": 0.0232198145241,
        "dmean2": 0.0464756004512,
        "dvar": 0.0226809103042,
        "dvar2": 0.067552909255,
        "max": 1,
        "mean": 0.988399088383,
        "median": 1,
        "min": 0,
        "stdev": 0.107080645859,
        "var": 0.0114662647247
    },
    "silence_rate_60dB": {
        "dmean": 0.00386996893212,
        "dmean2": 0.00774593325332,
        "dvar": 0.00385491759516,
        "dvar2": 0.00768596865237,
        "max": 1,
        "mean": 0.00464037107304,
        "median": 0,
        "min": 0,
        "stdev": 0.0679618567228,
        "var": 0.00461881421506
    },
    "spectral_centroid": {
        "dmean": 208.747390747,
        "dmean2": 319.661437988,
        "dvar": 98834.28125,
        "dvar2": 154712,
        "max": 10920.5351562,
        "mean": 1041.65393066,
        "median": 982.76739502,
        "min": 350.69934082,
        "stdev": 458.469970703,
        "var": 210194.703125
    },
    "spectral_complexity": {
        "dmean": 3.57894730568,
        "dmean2": 5.34469413757,
        "dvar": 13.6601982117,
        "dvar2": 26.971124649,
        "max": 42,
        "mean": 18.1716938019,
        "median": 18,
        "min": 0,
        "stdev": 6.93043470383,
        "var": 48.030921936
    },
    "spectral_decrease": {
        "dmean": 3.46582007538e-09,
        "dmean2": 4.95879470819e-09,
        "dvar": 2.6363606007e-17,
        "dvar2": 5.62337166574e-17,
        "max": 2.50091557697e-29,
        "mean": -8.45278780304e-09,
        "median": -6.79970302286e-09,
        "min": -4.458366476e-08,
        "stdev": 6.43025854785e-09,
        "var": 4.13482276489e-17
    },
    "spectral_energy": {
        "dmean": 0.0135376472026,
        "dmean2": 0.0192665755749,
        "dvar": 0.000386646774132,
        "dvar2": 0.000818700878881,
        "max": 0.170384660363,
        "mean": 0.0338993929327,
        "median": 0.0275170858949,
        "min": 1.03038423471e-20,
        "stdev": 0.0250891204923,
        "var": 0.000629463931546
    },
    "spectral_energyband_high": {
        "dmean": 0.000263393681962,
        "dmean2": 0.000369331246475,
        "dvar": 1.21290327115e-07,
        "dvar2": 2.44553973516e-07,
        "max": 0.00536511512473,
        "mean": 0.000733841210604,
        "median": 0.000535694591235,
        "min": 8.00079138382e-21,
        "stdev": 0.000682517827954,
        "var": 4.65830567009e-07
    },
    "spectral_energyband_low": {
        "dmean": 0.00815146230161,
        "dmean2": 0.0128699755296,
        "dvar": 0.000352576083969,
        "dvar2": 0.000807303877082,
        "max": 0.160567507148,
        "mean": 0.0113816913217,
        "median": 0.00618087314069,
        "min": 9.43648541471e-23,
        "stdev": 0.0196861065924,
        "var": 0.000387542764656
    },
    "spectral_energyband_middle_high": {
        "dmean": 0.00227096234448,
        "dmean2": 0.00323283486068,
        "dvar": 7.60935881772e-06,
        "dvar2": 1.47807359099e-05,
        "max": 0.0380238480866,
        "mean": 0.00569367781281,
        "median": 0.00372173544019,
        "min": 1.10140805025e-21,
        "stdev": 0.00543827004731,
        "var": 2.95747831842e-05
    },
    "spectral_energyband_middle_low": {
        "dmean": 0.00669268798083,
        "dmean2": 0.00961988419294,
        "dvar": 6.74629991408e-05,
        "dvar2": 0.000141323704156,
        "max": 0.0763692781329,
        "mean": 0.0173931531608,
        "median": 0.0136584201828,
        "min": 2.39171115405e-22,
        "stdev": 0.013006250374,
        "var": 0.000169162551174
    },
    "spectral_entropy": {
        "dmean": 0.157821401954,
        "dmean2": 0.219951033592,
        "dvar": 0.0228448361158,
        "dvar2": 0.0411269254982,
        "max": 9.81662368774,
        "mean": 7.55525016785,
        "median": 7.57104301453,
        "min": 6.37924671173,
        "stdev": 0.340774774551,
        "var": 0.116127453744
    },
    "spectral_flux": {
        "dmean": 0.035092048347,
        "dmean2": 0.0537056289613,
        "dvar": 0.00172493827995,
        "dvar2": 0.00355902500451,
        "max": 0.368422776461,
        "mean": 0.0916705057025,
        "median": 0.0766186192632,
        "min": 1.01507843797e-10,
        "stdev": 0.0569934397936,
        "var": 0.00324825197458
    },
    "spectral_kurtosis": {
        "dmean": 1.08510279655,
        "dmean2": 1.6674207449,
        "dvar": 1.3465667963,
        "dvar2": 3.04981040955,
        "max": 18.2398738861,
        "mean": 4.08537864685,
        "median": 3.68246936798,
        "min": -1.19903755188,
        "stdev": 2.14074754715,
        "var": 4.5827999115
    },
    "spectral_rms": {
        "dmean": 0.00107228534762,
        "dmean2": 0.00146997533739,
        "dvar": 1.70324415194e-06,
        "dvar2": 3.21097832057e-06,
        "max": 0.0128929801285,
        "mean": 0.00540442112833,
        "median": 0.00518130650744,
        "min": 3.17057231164e-12,
        "stdev": 0.00196591415443,
        "var": 3.8648181544e-06
    },
    "spectral_rolloff": {
        "dmean": 407.280670166,
        "dmean2": 675.436706543,
        "dvar": 745868.5,
        "dvar2": 1500002.375,
        "max": 18130.9570312,
        "mean": 1098.8770752,
        "median": 861.328125,
        "min": 86.1328125,
        "stdev": 1175.03662109,
        "var": 1380711
    },
    "spectral_skewness": {
        "dmean": 0.190270751715,
        "dmean2": 0.28279030323,
        "dvar": 0.037426430732,
        "dvar2": 0.0818762779236,
        "max": 3.28893351555,
        "mean": 1.7220338583,
        "median": 1.67990612984,
        "min": 0.0143811674789,
        "stdev": 0.36354342103,
        "var": 0.132163822651
    },
    "spectral_spread": {
        "dmean": 613046.4375,
        "dmean2": 808301.6875,
        "dvar": 1.16649807053e+12,
        "dvar2": 1.30527710413e+12,
        "max": 39872756,
        "mean": 5642238.5,
        "median": 5451549.5,
        "min": 2370393.5,
        "stdev": 1796742.125,
        "var": 3.22828212634e+12
    },
    "spectral_strongpeak": {
        "dmean": 0.657622277737,
        "dmean2": 1.0994951725,
        "dvar": 0.709578454494,
        "dvar2": 1.62902653217,
        "max": 8.44089221954,
        "mean": 1.15290272236,
        "median": 0.680064618587,
        "min": 3.70261288296e-09,
        "stdev": 1.1399191618,
        "var": 1.29941558838
    },
    "zerocrossingrate": {
        "dmean": 0.0103918490931,
        "dmean2": 0.0125731471926,
        "dvar": 0.000331991614075,
        "dvar2": 0.000396303657908,
        "max": 0.50634765625,
        "mean": 0.0592817999423,
        "median": 0.052734375,
        "min": 0.01171875,
        "stdev": 0.0319729819894,
        "var": 0.00102227169555
    },
    "barkbands": {
        "dmean": [9.69168031588e-05, 0.00537780532613, 0.00329421809874, 0.00120084919035, 0.00227289763279, 0.00102848932147, 0.00201392127201, 0.00133700878359, 0.00137503840961, 0.00139387871604, 0.000376308860723, 0.000440448347945, 0.000407590996474, 0.000431695923908, 0.000212148734136, 0.00015044362226, 0.00019272264035, 0.000146167702042, 0.000116978553706, 8.82136446307e-05, 5.90091804042e-05, 5.11062135047e-05, 4.88549849251e-05, 7.52171181375e-05, 5.62745772186e-05, 2.60088472714e-05, 9.25918811845e-07],
        "dmean2": [0.000159508635988, 0.00832032132894, 0.0058397683315, 0.00199980894104, 0.0035095512867, 0.00170220481232, 0.00286458665505, 0.00202028290369, 0.00208329525776, 0.00212061917409, 0.000570032396354, 0.000690152868629, 0.000653739785776, 0.000643565668724, 0.000351145659806, 0.000250162411248, 0.000317182042636, 0.000238667751546, 0.000189158687135, 0.000131356995553, 9.5124130894e-05, 7.83110008342e-05, 7.64449505368e-05, 0.000111579072836, 8.11716090539e-05, 3.72647918994e-05, 1.60854949627e-06],
        "dvar": [4.99244272589e-08, 0.000186956705875, 5.99775376031e-05, 4.50702418675e-06, 1.61139851116e-05, 4.20361720899e-06, 1.39504109029e-05, 8.32422301755e-06, 7.79188940214e-06, 7.02480110704e-06, 4.36011561078e-07, 8.73324665918e-07, 4.53685970569e-07, 9.95707864604e-07, 2.47617549576e-07, 7.3530728173e-08, 1.0714613552e-07, 3.28214113665e-08, 5.48278080714e-08, 1.84883237608e-08, 9.19510689812e-09, 4.76742778588e-09, 3.77311248911e-09, 2.25178560243e-08, 8.9267482295e-09, 2.58318633151e-09, 3.70097008595e-12],
        "dvar2": [1.27219252022e-07, 0.000423511693953, 0.000163996854099, 1.15312914204e-05, 3.94797280023e-05, 1.14481854325e-05, 2.78474162769e-05, 1.77165929927e-05, 1.72531417775e-05, 1.57713802764e-05, 8.89302611995e-07, 2.08951178138e-06, 1.03060494894e-06, 2.26524093705e-06, 6.48009404358e-07, 1.97286183834e-07, 2.83985968963e-07, 8.12809091144e-08, 1.07667915472e-07, 3.80460001281e-08, 2.29925127826e-08, 1.16337126599e-08, 9.13564068838e-09, 5.043471063e-08, 1.69752887302e-08, 4.79100759065e-09, 1.00064878258e-11],
        "max": [0.00237358175218, 0.10734719038, 0.0710461288691, 0.0232053175569, 0.0384916551411, 0.0252426937222, 0.0424749031663, 0.040520504117, 0.0377343259752, 0.0304259508848, 0.00944205746055, 0.0172370560467, 0.00892018992454, 0.0149014079943, 0.0105673931539, 0.00464923819527, 0.00651694368571, 0.00182107288856, 0.00644238106906, 0.00261392001994, 0.000915696844459, 0.00079843349522, 0.000736311019864, 0.00289567420259, 0.00187580916099, 0.0015344802523, 2.3372389478e-05],
        "mean": [0.000120604949188, 0.00671483622864, 0.0037036081776, 0.00164613872766, 0.00459948554635, 0.00177180056926, 0.00360088027082, 0.00217126077041, 0.00252213119529, 0.00221645226702, 0.000687674153596, 0.000723624660168, 0.000593299802858, 0.000680674740579, 0.000310157251079, 0.000235821484239, 0.000323638756527, 0.000268695497653, 0.000183219410246, 0.000161444710102, 9.76602605078e-05, 0.000115146460303, 0.000108360552986, 0.000149082101416, 0.000128514511744, 6.42859231448e-05, 9.29898305913e-07],
        "median": [2.80125841527e-05, 0.00312611740083, 0.00156582519412, 0.000874687975738, 0.00306294020265, 0.000999455107376, 0.00135129573755, 0.000869497773238, 0.000800628389698, 0.000683517719153, 0.000295970967272, 0.000292692187941, 0.000247002986725, 0.000132029192173, 0.000147899292642, 0.000121136035887, 0.000160829295055, 0.000179251364898, 9.72739871941e-05, 8.00936250016e-05, 5.50911900064e-05, 7.1715854574e-05, 7.39805254852e-05, 8.78304053913e-05, 8.72492382769e-05, 3.44314503309e-05, 6.40669171048e-08],
        "min": [3.38758960807e-23, 3.92005967504e-23, 3.67340274928e-23, 1.93835667301e-23, 5.30293946833e-23, 2.38173515593e-23, 7.02915708666e-23, 2.65218191779e-23, 3.76911902944e-23, 2.86273425765e-23, 5.70862917487e-23, 4.95228227626e-23, 5.39896403533e-23, 7.37005859368e-23, 9.18085282956e-23, 1.08738859095e-22, 1.37464616803e-22, 2.06336225418e-22, 1.22612208736e-22, 3.40353419091e-22, 2.97304661026e-22, 8.3034186219e-22, 5.66363052935e-22, 8.09899535262e-22, 1.62641570763e-21, 1.83124883117e-21, 2.06860422858e-21],
        "stdev": [0.000245494011324, 0.0142160039395, 0.00685797538608, 0.00228644208983, 0.00513102626428, 0.00227360846475, 0.00551810115576, 0.0037117023021, 0.00444600125775, 0.0039425669238, 0.00115227187052, 0.00141822220758, 0.000876955105923, 0.001495956094, 0.000595775258262, 0.000352549628587, 0.000462879659608, 0.000268587231403, 0.00031964914524, 0.000211633101571, 0.000112367044494, 0.000120963646623, 0.000106518142275, 0.00021571481193, 0.000152404594701, 9.23924526433e-05, 2.2986539534e-06],
        "var": [6.02673111416e-08, 0.000202094757697, 4.70318263979e-05, 5.22781738255e-06, 2.63274323515e-05, 5.16929503647e-06, 3.04494387819e-05, 1.37767347042e-05, 1.97669269255e-05, 1.5543835616e-05, 1.32773038786e-06, 2.01135412681e-06, 7.69050245708e-07, 2.23788470066e-06, 3.54948127779e-07, 1.24291247516e-07, 2.14257582343e-07, 7.21391018033e-08, 1.02175569339e-07, 4.47885710742e-08, 1.26263524081e-08, 1.4632203893e-08, 1.13461142703e-08, 4.65328788835e-08, 2.32271606393e-08, 8.53636539233e-09, 5.28381028167e-12]
    },
    "erbbands": {
        "dmean": [0.137005791068, 1.35923957825, 3.80139303207, 3.72123479843, 5.92214584351, 7.87984371185, 11.7872514725, 6.0931096077, 17.5150604248, 29.7999343872, 35.0165672302, 33.2556724548, 42.5467262268, 27.7388744354, 11.5482444763, 19.8304004669, 17.7060470581, 24.6571388245, 11.3241443634, 9.23631572723, 7.50592374802, 9.46373271942, 8.59843444824, 6.89735269547, 5.15621423721, 4.31268835068, 2.78198480606, 1.9563075304, 1.89920890331, 1.79443871975, 1.31101310253, 1.41129374504, 1.34719824791, 0.776425302029, 0.380807369947, 0.15831798315, 0.0431867279112, 0.0056557985954, 0.000112778136099, 1.75969562406e-05],
        "dmean2": [0.211380958557, 2.18470931053, 6.75049257278, 6.2314157486, 9.34890174866, 12.1484155655, 19.1930942535, 9.8899936676, 25.91639328, 41.2924919128, 52.362865448, 49.8373336792, 63.8200340271, 40.8713798523, 17.1495285034, 30.8791294098, 28.1718063354, 36.1567382812, 17.8478565216, 15.4150075912, 12.4909639359, 15.3457746506, 13.8186244965, 11.3648414612, 7.92826318741, 6.46348381042, 4.39806509018, 3.14496040344, 2.90744709969, 2.85809421539, 2.01376485825, 2.18440294266, 1.98776078224, 1.13828444481, 0.53922355175, 0.232343614101, 0.0628052502871, 0.00869739800692, 0.000170111728949, 2.41425823333e-05],
        "dvar": [0.120075747371, 12.4793539047, 92.9369735718, 40.4210929871, 140.180709839, 150.006637573, 544.029052734, 117.658599854, 1045.68139648, 2704.3503418, 6562.49755859, 4098.60693359, 9452.38964844, 2085.75512695, 313.523742676, 1923.07971191, 873.901123047, 3013.68530273, 438.60559082, 573.938842773, 137.347122192, 276.572753906, 117.187576294, 108.085792542, 117.285469055, 51.7911911011, 20.2568893433, 9.5801858902, 6.58989667892, 6.15008640289, 2.71260881424, 7.32704162598, 9.75897979736, 2.20917844772, 0.36988016963, 0.0831270217896, 0.00615854421631, 0.000131542037707, 4.45792167625e-08, 5.39029265667e-10],
        "dvar2": [0.266750633717, 30.0494823456, 255.24520874, 101.287590027, 347.93359375, 379.850708008, 1449.27038574, 311.065612793, 2511.81884766, 5021.66601562, 13872.3642578, 8895.95605469, 20990.5136719, 4191.18652344, 657.328857422, 4450.00292969, 2029.29296875, 6707.23632812, 1097.94445801, 1539.04980469, 361.021881104, 698.573364258, 297.341308594, 264.675323486, 221.884078979, 117.033172607, 49.0978393555, 24.2275524139, 16.1901512146, 15.746509552, 6.38961076736, 15.0754032135, 23.1950969696, 4.42607212067, 0.683980286121, 0.152266964316, 0.0127592142671, 0.000272050820058, 9.06652957156e-08, 1.09915654356e-09],
        "max": [2.8865339756, 27.8699626923, 93.0673446655, 52.7747688293, 128.099258423, 147.971878052, 225.4637146, 102.074020386, 491.398071289, 590.736022949, 1126.72595215, 874.29699707, 1535.54992676, 793.03704834, 251.947433472, 884.469177246, 475.365722656, 901.126159668, 291.938659668, 609.299682617, 173.365158081, 288.037780762, 131.179595947, 138.084854126, 289.945556641, 156.977844238, 57.6206321716, 29.4956493378, 30.5201301575, 39.3137626648, 24.3449363708, 65.5085296631, 69.6558074951, 32.090877533, 15.3734693527, 7.91706609726, 2.2149939537, 0.30252468586, 0.00544403074309, 0.000284654437564],
        "mean": [0.16430029273, 1.6143900156, 4.25291490555, 5.12094736099, 9.10521793365, 16.7521038055, 20.1993122101, 11.8503742218, 32.2289352417, 55.218120575, 59.6391944885, 62.8993492126, 70.6100234985, 51.0315475464, 22.0112495422, 33.7183418274, 28.2908878326, 39.4099006653, 19.1047286987, 15.1240558624, 13.2458410263, 16.6930389404, 16.8331604004, 11.0460796356, 9.00851345062, 7.6256775856, 4.56440496445, 3.60110020638, 4.15914440155, 3.74350738525, 2.95004701614, 2.87803459167, 2.5548555851, 1.59713721275, 0.839381337166, 0.369772046804, 0.0964115932584, 0.0107708061114, 0.000239363216679, 4.99475791003e-05],
        "median": [0.0453431196511, 0.800602912903, 2.07587790489, 2.95127177238, 4.72534990311, 11.7164201736, 10.9580335617, 7.56309461594, 13.722700119, 26.118812561, 22.571893692, 24.566192627, 21.4598579407, 20.9095344543, 12.5212507248, 14.0594120026, 14.0825071335, 9.75568294525, 8.21830844879, 7.27904462814, 7.58567476273, 8.71160411835, 10.8297080994, 6.86560440063, 4.76326465607, 3.79854226112, 2.594632864, 2.15853881836, 2.43625116348, 2.6109931469, 1.97328352928, 1.68954050541, 1.4573584795, 1.01142525673, 0.566213965416, 0.216476947069, 0.0469260141253, 0.00452389754355, 0.000116941744636, 4.22338816861e-05],
        "min": [1.60466960189e-21, 7.81001396932e-21, 3.31654383064e-20, 6.49193962951e-20, 1.31960756431e-19, 1.98358686372e-19, 9.17592228987e-20, 2.94991734988e-19, 1.17800197241e-18, 5.61184298071e-19, 5.31207634563e-19, 8.6361988309e-19, 7.01494344186e-19, 1.39163139516e-18, 2.41345246554e-18, 1.90422912031e-18, 2.5378163823e-18, 4.0244115239e-18, 3.75234520299e-18, 4.47970786307e-18, 8.07119580183e-18, 8.39520162059e-18, 1.03586587339e-17, 7.80326290244e-18, 9.00655095899e-18, 1.72392215154e-17, 1.18658372311e-17, 1.3011017504e-17, 2.95226220012e-17, 2.3289203972e-17, 1.53068663931e-17, 1.4989751816e-17, 1.55676268094e-17, 1.88242269548e-17, 1.01059716004e-17, 5.73864201379e-18, 4.50151606633e-18, 1.08042692017e-18, 3.22252428502e-19, 2.87385163021e-20],
        "stdev": [0.360998719931, 3.49070644379, 8.41796302795, 6.66706943512, 12.869597435, 17.8531341553, 25.9434967041, 13.2846851349, 47.7922401428, 78.19506073, 108.150779724, 103.7293396, 146.784210205, 76.6137542725, 27.8708381653, 67.0038452148, 39.225692749, 81.5648193359, 29.3739528656, 29.4570770264, 15.9645910263, 24.5876140594, 17.1356773376, 12.5972137451, 16.5256462097, 10.2992067337, 5.43910598755, 4.00536966324, 4.51231145859, 3.75166010857, 2.98550820351, 4.40440559387, 3.97196030617, 2.21632790565, 1.00191533566, 0.505545556545, 0.137714624405, 0.0182255655527, 0.000358654244337, 3.47956120095e-05],
        "var": [0.130320072174, 12.1850309372, 70.8620986938, 44.4498138428, 165.626541138, 318.734405518, 673.065002441, 176.48286438, 2284.09814453, 6114.46777344, 11696.5908203, 10759.7753906, 21545.6054688, 5869.66699219, 776.783569336, 4489.515625, 1538.6550293, 6652.81982422, 862.829101562, 867.719421387, 254.868164062, 604.55078125, 293.631469727, 158.689788818, 273.096954346, 106.073654175, 29.5838737488, 16.0429859161, 20.360956192, 14.0749540329, 8.91325855255, 19.3987903595, 15.7764692307, 4.91210985184, 1.0038343668, 0.25557628274, 0.0189653169364, 0.000332171213813, 1.28632876795e-07, 1.21073462367e-09]
    },
    "gfcc": {
        "mean": [27.0243492126, 85.1959533691, -104.990707397, 18.9914703369, -68.7196044922, 17.1538658142, -45.4214515686, 17.2664718628, -30.0375118256, 2.3194797039, -19.4339675903, 0.943122208118, -16.2397537231],
        "cov": [[3906.09985352, -201.941085815, -40.3273391724, 68.5532302856, 12.6976137161, 189.862136841, 56.8633422852, 163.160675049, 32.4799385071, 117.307144165, -108.057479858, 41.177230835, -30.4488677979], [-201.941085815, 723.051086426, 49.4487342834, 134.654006958, 152.862426758, -14.9170846939, 100.402816772, -8.48404979706, 45.298538208, -26.2639312744, 83.6964569092, -47.9618148804, 9.52143287659], [-40.3273391724, 49.4487342834, 607.32635498, 283.029571533, 199.320083618, 187.51361084, 78.9678573608, 108.31855011, 11.901216507, 108.270042419, 51.569568634, 55.398727417, 41.3616943359], [68.5532302856, 134.654006958, 283.029571533, 400.98815918, 169.72203064, 58.3433990479, 49.9615516663, 48.345500946, 85.5259399414, 39.9464035034, 41.5745429993, 45.3706932068, 30.4969825745], [12.6976137161, 152.862426758, 199.320083618, 169.72203064, 263.373321533, 150.261825562, 119.074493408, 66.4686508179, 28.017829895, 48.400932312, 28.1886920929, 21.6291828156, 22.2479362488], [189.862136841, -14.9170846939, 187.51361084, 58.3433990479, 150.261825562, 250.627319336, 140.838256836, 81.0366516113, -13.4551677704, 53.8618049622, 25.7768115997, -4.69560337067, 13.9105176926], [56.8633422852, 100.402816772, 78.9678573608, 49.9615516663, 119.074493408, 140.838256836, 208.580566406, 74.506401062, 0.906899452209, 34.6088562012, 31.894525528, -13.1190948486, 0.659791827202], [163.160675049, -8.48404979706, 108.31855011, 48.345500946, 66.4686508179, 81.0366516113, 74.506401062, 128.170669556, 37.3544197083, 36.9454193115, 14.2404460907, 1.86390817165, 4.4710483551], [32.4799385071, 45.298538208, 11.901216507, 85.5259399414, 28.017829895, -13.4551677704, 0.906899452209, 37.3544197083, 136.207855225, 20.7604751587, 2.36078095436, 23.2766704559, -5.99842262268], [117.307144165, -26.2639312744, 108.270042419, 39.9464035034, 48.400932312, 53.8618049622, 34.6088562012, 36.9454193115, 20.7604751587, 100.472648621, 24.5625934601, 3.93014740944, 2.49021983147], [-108.057479858, 83.6964569092, 51.569568634, 41.5745429993, 28.1886920929, 25.7768115997, 31.894525528, 14.2404460907, 2.36078095436, 24.5625934601, 82.5179138184, 5.26798963547, -0.333204865456], [41.177230835, -47.9618148804, 55.398727417, 45.3706932068, 21.6291828156, -4.69560337067, -13.1190948486, 1.86390817165, 23.2766704559, 3.93014740944, 5.26798963547, 96.6034393311, 12.3941421509], [-30.4488677979, 9.52143287659, 41.3616943359, 30.4969825745, 22.2479362488, 13.9105176926, 0.659791827202, 4.4710483551, -5.99842262268, 2.49021983147, -0.333204865456, 12.3941421509, 59.7418556213]],
        "icov": [[0.000386524538044, -0.000281535991235, 0.000556023442186, -0.000533354177605, 0.000580653606448, -0.000830391829368, 0.000414389010984, -0.000809499295428, 0.000566223228816, -0.000952703703661, 0.00106590031646, -0.000679226533975, 0.000405723898439], [-0.000281535991235, 0.00309910392389, -0.00115017720964, 0.000865375739522, -0.00289562251419, 0.00299118156545, -0.00203019706532, 0.00214962963946, -0.00205722218379, 0.0029915177729, -0.00379454507492, 0.00310209067538, -0.00103543861769], [0.000556023442186, -0.00115017720964, 0.00530159613118, -0.00353328534402, 0.00126076850574, -0.00382592109963, 0.00260535185225, -0.00362015888095, 0.00354424142279, -0.00453986413777, 0.00219234940596, -0.00308132497594, 0.000459930859506], [-0.000533354177605, 0.000865375739522, -0.00353328534402, 0.0066860918887, -0.00373491109349, 0.00327096506953, -0.00148388079833, 0.00270875589922, -0.00450152438134, 0.00328737893142, -0.00333977816626, 0.00165941379964, -0.00188560388051], [0.000580653606448, -0.00289562251419, 0.00126076850574, -0.00373491109349, 0.0115079022944, -0.00641284510493, -7.45618453948e-05, -0.00237206392922, 0.00194841017947, -0.00391095457599, 0.00467486958951, -0.00412553362548, 0.000417749251937], [-0.000830391829368, 0.00299118156545, -0.00382592109963, 0.00327096506953, -0.00641284510493, 0.0135840596631, -0.00618218723685, 0.00160805520136, -0.00151571363676, 0.00321320048533, -0.00452468032017, 0.00445809448138, -0.0019839964807], [0.000414389010984, -0.00203019706532, 0.00260535185225, -0.00148388079833, -7.45618453948e-05, -0.00618218723685, 0.0112301595509, -0.00506426254287, 0.00273143523373, -0.00269540189765, 0.00103844411206, -0.00149327935651, 0.00191289372742], [-0.000809499295428, 0.00214962963946, -0.00362015888095, 0.00270875589922, -0.00237206392922, 0.00160805520136, -0.00506426254287, 0.0157248228788, -0.00661251507699, 0.00273412256502, -0.00366236385889, 0.0037495023571, -0.00181974109728], [0.000566223228816, -0.00205722218379, 0.00354424142279, -0.00450152438134, 0.00194841017947, -0.00151571363676, 0.00273143523373, -0.00661251507699, 0.0133942756802, -0.00559055479243, 0.00437677418813, -0.00483623100445, 0.00315825687721], [-0.000952703703661, 0.0029915177729, -0.00453986413777, 0.00328737893142, -0.00391095457599, 0.00321320048533, -0.00269540189765, 0.00273412256502, -0.00559055479243, 0.0184343326837, -0.00783503334969, 0.00475813541561, -0.00132448633667], [0.00106590031646, -0.00379454507492, 0.00219234940596, -0.00333977816626, 0.00467486958951, -0.00452468032017, 0.00103844411206, -0.00366236385889, 0.00437677418813, -0.00783503334969, 0.020279398188, -0.00529407896101, 0.00288776075467], [-0.000679226533975, 0.00310209067538, -0.00308132497594, 0.00165941379964, -0.00412553362548, 0.00445809448138, -0.00149327935651, 0.0037495023571, -0.00483623100445, 0.00475813541561, -0.00529407896101, 0.015717247501, -0.00329433102161], [0.000405723898439, -0.00103543861769, 0.000459930859506, -0.00188560388051, 0.000417749251937, -0.0019839964807, 0.00191289372742, -0.00181974109728, 0.00315825687721, -0.00132448633667, 0.00288776075467, -0.00329433102161, 0.0192479491234]]
    },
    "melbands": {
        "dmean": [0.00134251534473, 0.00181767495815, 0.000676903815474, 0.000484350748593, 0.000387690466596, 0.000145380749018, 0.000334923446644, 0.000297601567581, 0.000294447410852, 0.000207507022424, 0.000214515428524, 0.000119969263324, 3.83615333703e-05, 5.20390858583e-05, 4.28580860898e-05, 4.03270823881e-05, 5.01512877236e-05, 1.92235038412e-05, 1.60923718795e-05, 1.281220284e-05, 8.57463510329e-06, 9.73507576418e-06, 1.09535394586e-05, 6.4470759753e-06, 6.01255624133e-06, 4.46641251983e-06, 3.56703276339e-06, 2.90031016448e-06, 1.97925373868e-06, 1.58227078373e-06, 1.05644016912e-06, 1.12794600682e-06, 1.17873582894e-06, 1.07468463284e-06, 8.37654624775e-07, 8.46494572215e-07, 9.90373337117e-07, 1.00352599475e-06, 9.36444223498e-07, 6.299704296e-07],
        "dmean2": [0.00208929670043, 0.00308270612732, 0.00111508753616, 0.000742199947126, 0.000625100336038, 0.000236628198763, 0.000482575094793, 0.000415223825257, 0.00044507329585, 0.000309833092615, 0.000323779298924, 0.00017767654208, 5.80984378757e-05, 8.15035236883e-05, 6.70305089443e-05, 6.39494464849e-05, 7.42193878978e-05, 3.05148059851e-05, 2.64492064161e-05, 2.15120053326e-05, 1.43448805829e-05, 1.59532537509e-05, 1.80978622666e-05, 1.03929551187e-05, 1.00630149973e-05, 7.23650055079e-06, 5.41816507393e-06, 4.45879095423e-06, 3.14300200444e-06, 2.66410461336e-06, 1.70022781276e-06, 1.78459333711e-06, 1.8594323592e-06, 1.74912156581e-06, 1.31352408062e-06, 1.31652859636e-06, 1.53229416355e-06, 1.51441702201e-06, 1.39915573527e-06, 9.36904314131e-07],
        "dvar": [1.18823063531e-05, 2.05721862585e-05, 1.22561709759e-06, 7.38083656415e-07, 5.09749384037e-07, 6.99959699091e-08, 3.76913391165e-07, 2.51434670417e-07, 4.83733288092e-07, 1.61781258612e-07, 2.32070334505e-07, 4.12131875294e-08, 3.57333140855e-09, 1.22320296114e-08, 5.24086063436e-09, 4.94593299649e-09, 1.38453852827e-08, 1.53920376444e-09, 1.52704648926e-09, 7.63371033052e-10, 1.71003128324e-10, 3.19402559956e-10, 3.27778665321e-10, 6.24309631769e-11, 8.64919663668e-11, 9.77281242043e-11, 4.22913648546e-11, 2.97445713893e-11, 1.29738329455e-11, 7.05191894462e-12, 2.38135704732e-12, 2.56079792788e-12, 2.78861265676e-12, 2.29462911346e-12, 1.09976318417e-12, 1.73196114568e-12, 3.89684595356e-12, 6.75009961121e-12, 3.33549702615e-12, 1.60755425898e-12],
        "dvar2": [2.57399697148e-05, 5.43196620129e-05, 3.05962157654e-06, 1.85062413038e-06, 1.33411890602e-06, 1.85543854059e-07, 8.27237613521e-07, 4.77186972603e-07, 1.04330842987e-06, 3.41875562526e-07, 5.1436376225e-07, 8.42753351549e-08, 7.34274685499e-09, 3.05316802951e-08, 1.22679466585e-08, 1.05013153728e-08, 3.118089964e-08, 3.77386788486e-09, 3.84903087181e-09, 2.02805106042e-09, 4.63061755607e-10, 7.47003903179e-10, 9.32857679992e-10, 1.5495914274e-10, 2.14630285766e-10, 1.91977767017e-10, 8.12091643931e-11, 7.23744328357e-11, 3.09981276758e-11, 1.87886841502e-11, 5.74716533044e-12, 6.43839625711e-12, 6.980883753e-12, 6.16352064872e-12, 2.78130990461e-12, 3.70097789221e-12, 8.24894926671e-12, 1.6773023942e-11, 7.22312791177e-12, 3.27787406593e-12],
        "max": [0.0288809463382, 0.0425127223134, 0.00840190891176, 0.00836725905538, 0.00639122305438, 0.0029484773986, 0.00759781617671, 0.00616996875033, 0.00943715311587, 0.00556165585294, 0.00741066783667, 0.00356115447357, 0.000706702936441, 0.00208891765215, 0.000986458384432, 0.00101278419606, 0.00187971093692, 0.000590722833294, 0.000807307951618, 0.000463117612526, 0.000173214109964, 0.000367212778656, 0.000386977539165, 8.6870706582e-05, 0.000114738977572, 0.000246782554314, 0.000130435684696, 0.000123834382975, 5.89820228925e-05, 2.51431611105e-05, 1.36584458232e-05, 2.01631955861e-05, 2.34346935031e-05, 2.44768289122e-05, 1.39805015351e-05, 2.63573838311e-05, 4.5609936933e-05, 6.21749422862e-05, 2.95395584544e-05, 2.82450619125e-05],
        "mean": [0.00169494922739, 0.00217215111479, 0.00099548487924, 0.000940365775023, 0.000731256499421, 0.00027084161411, 0.000610000861343, 0.000553990481421, 0.000488844700158, 0.000391347915865, 0.000344979780493, 0.000209704900044, 7.08394436515e-05, 8.45505783218e-05, 6.94071568432e-05, 6.13008305663e-05, 7.6944626926e-05, 3.01535492326e-05, 2.27286800509e-05, 2.02734736376e-05, 1.38924415296e-05, 1.6484349544e-05, 1.9236242224e-05, 1.16273286039e-05, 8.59703322931e-06, 7.0084215622e-06, 5.95847177465e-06, 4.76067589261e-06, 3.00049487123e-06, 2.3427803626e-06, 1.93594905795e-06, 2.28377462008e-06, 2.35166180573e-06, 2.00122281058e-06, 1.72000852672e-06, 1.62032119988e-06, 1.8282818246e-06, 1.77965318926e-06, 1.67242797033e-06, 1.24189841699e-06],
        "median": [0.000660942052491, 0.0011611195514, 0.000613258394878, 0.000622342340648, 0.000435164343799, 0.000166417536093, 0.000254483980825, 0.000269529613433, 0.000159538540174, 0.000137689217809, 9.7814729088e-05, 8.296372107e-05, 3.53046489181e-05, 3.64363222616e-05, 3.02910138998e-05, 2.43891936407e-05, 1.55369052663e-05, 1.06494253487e-05, 9.60659508564e-06, 8.87193891685e-06, 7.99123972683e-06, 8.40229949972e-06, 1.06670768218e-05, 7.64510059525e-06, 4.85349846713e-06, 3.35615368385e-06, 2.84501015813e-06, 2.1428004402e-06, 1.60530305493e-06, 1.25102087623e-06, 1.10344251425e-06, 1.27499413338e-06, 1.36340088375e-06, 1.34351273573e-06, 1.07286916773e-06, 9.70198243522e-07, 1.00380850654e-06, 9.79616856966e-07, 9.45226588556e-07, 7.57320606226e-07],
        "min": [1.32178362058e-23, 1.45289482738e-23, 1.25304204464e-23, 1.32181367618e-23, 3.87931343157e-24, 7.47232636366e-24, 1.60448170784e-23, 6.05834210043e-24, 5.03864471712e-24, 5.19503244728e-24, 3.43641536494e-24, 5.3506904811e-24, 8.17380987958e-24, 5.424353918e-24, 5.5686267168e-24, 6.00687050409e-24, 7.35656733671e-24, 5.23073313641e-24, 7.13156527388e-24, 4.87919068463e-24, 1.01793664577e-23, 9.42823282523e-24, 6.98402382991e-24, 1.00649674269e-23, 5.80719284847e-24, 5.30306142622e-24, 9.31360265824e-24, 1.19593111834e-23, 7.2800115413e-24, 7.10219834896e-24, 7.41458726743e-24, 1.24475064321e-23, 2.36603366847e-23, 9.5727111223e-24, 7.8797469888e-24, 9.7608583925e-24, 8.91458892377e-24, 8.06069511438e-24, 1.72625138158e-23, 1.54690637913e-23],
        "stdev": [0.00363883702084, 0.00416091503575, 0.00117955601308, 0.0010552846361, 0.000865395471919, 0.000321306608384, 0.000910284928977, 0.000753823725972, 0.000938332348596, 0.000672927766573, 0.000727587146685, 0.000328768393956, 9.87792227534e-05, 0.000161547810421, 0.000105412982521, 9.56319636316e-05, 0.000173578344402, 5.61576816835e-05, 4.74253647553e-05, 3.54949188477e-05, 1.65607943927e-05, 2.72573215625e-05, 2.42589958361e-05, 1.18269063023e-05, 1.07720643427e-05, 1.42118151416e-05, 9.61322075455e-06, 7.10223912392e-06, 4.16725333707e-06, 2.91500759886e-06, 2.17697538574e-06, 2.61935224444e-06, 2.58866657532e-06, 2.08904839383e-06, 1.76833145815e-06, 2.22338508138e-06, 2.99682733385e-06, 3.04038098875e-06, 2.5362105589e-06, 1.80693086804e-06],
        "var": [1.32411350933e-05, 1.73132139025e-05, 1.3913524981e-06, 1.11362567168e-06, 7.48909315007e-07, 1.0323793731e-07, 8.28618624382e-07, 5.68250186461e-07, 8.80467609932e-07, 4.52831784514e-07, 5.29383044068e-07, 1.08088663353e-07, 9.75733538411e-09, 2.60976928956e-08, 1.11118971802e-08, 9.14547282349e-09, 3.01294420524e-08, 3.15368509085e-09, 2.24916507641e-09, 1.25988919297e-09, 2.7425992033e-10, 7.42961581146e-10, 5.88498860754e-10, 1.39875722116e-10, 1.16037367215e-10, 2.01975700054e-10, 9.24140208802e-11, 5.04418035119e-11, 1.73660009983e-11, 8.49726972812e-12, 4.73922203564e-12, 6.8610056872e-12, 6.70119428697e-12, 4.36412321211e-12, 3.12699627476e-12, 4.94344105581e-12, 8.98097395063e-12, 9.24391639623e-12, 6.43236375622e-12, 3.26499916513e-12]
    },
    "melbands128": {
