{
"lowlevel": {
    "average_loudness": 0.268825441599,
    "barkbands_crest": {
        "dmean": 2.03620839119,
        "dmean2": 3.23652744293,
        "dvar": 3.2813565731,
        "dvar2": 8.41771411896,
        "max": 21.7779159546,
        "mean": 11.2952413559,
        "median": 11.1250743866,
        "min": 2.97332072258,
        "stdev": 3.43102097511,
        "var": 11.7719049454
    },
    "barkbands_flatness_db": {
        "dmean": 0.0250234063715,
        "dmean2": 0.0409588851035,
        "dvar": 0.00058965239441,
        "dvar2": 0.00133254739922,
        "max": 0.597797036171,
        "mean": 0.31226977706,
        "median": 0.315257281065,
        "min": 0.0609770864248,
        "stdev": 0.0930727347732,
        "var": 0.00866253394634
    },
    "barkbands_kurtosis": {
        "dmean": 4.58551025391,
        "dmean2": 6.98003149033,
        "dvar": 69.9148101807,
        "dvar2": 163.740982056,
        "max": 124.169532776,
        "mean": 12.0583248138,
        "median": 3.61631679535,
        "min": -1.84411919117,
        "stdev": 19.7295703888,
        "var": 389.255950928
    },
    "barkbands_skewness": {
        "dmean": 0.549926042557,
        "dmean2": 0.811681807041,
        "dvar": 0.385445147753,
        "dvar2": 0.896648168564,
        "max": 8.66978263855,
        "mean": 2.4271800518,
        "median": 1.93796908855,
        "min": -1.95946717262,
        "stdev": 1.78000164032,
        "var": 3.16840600967
    },
    "barkbands_spread": {
        "dmean": 2.82191252708,
        "dmean2": 4.10316848755,
        "dvar": 38.8293113708,
        "dvar2": 63.5789909363,
        "max": 132.346389771,
        "mean": 11.9341545105,
        "median": 8.91719532013,
        "min": 0.498112678528,
        "stdev": 12.0260791779,
        "var": 144.626586914
    },
    "dissonance": {
        "dmean": 0.0235641747713,
        "dmean2": 0.0383909195662,
        "dvar": 0.000559801177587,
        "dvar2": 0.00140869803727,
        "max": 0.499776929617,
        "mean": 0.445321619511,
        "median": 0.451035141945,
        "min": 0.264463216066,
        "stdev": 0.0335988327861,
        "var": 0.00112888158765
    },
    "dynamic_complexity": 6.1431760788,
    "erbbands_crest": {
        "dmean": 2.62549591064,
        "dmean2": 3.98901200294,
        "dvar": 5.37621116638,
        "dvar2": 11.9517650604,
        "max": 27.8637065887,
        "mean": 11.2741985321,
        "median": 10.525053978,
        "min": 2.96922063828,
        "stdev": 4.42770004272,
        "var": 19.6045284271
    },
    "erbbands_flatness_db": {
        "dmean": 0.0157402455807,
        "dmean2": 0.0238083973527,
        "dvar": 0.000258914456936,
        "dvar2": 0.000528702919837,
        "max": 0.427866309881,
        "mean": 0.275908231735,
        "median": 0.285631000996,
        "min": 0.0408994033933,
        "stdev": 0.0773852318525,
        "var": 0.00598847446963
    },
    "erbbands_kurtosis": {
        "dmean": 0.941540896893,
        "dmean2": 1.49760782719,
        "dvar": 3.362221241,
        "dvar2": 9.21213912964,
        "max": 36.1808357239,
        "mean": 0.406842947006,
        "median": -0.293959856033,
        "min": -1.78870213032,
        "stdev": 2.2761220932,
        "var": 5.18073225021
    },
    "erbbands_skewness": {
        "dmean": 0.344945997,
        "dmean2": 0.508310139179,
        "dvar": 0.147087603807,
        "dvar2": 0.30731600523,
        "max": 2.71475744247,
        "mean": -0.28234359622,
        "median": -0.380054920912,
        "min": -3.96180009842,
        "stdev": 0.860662639141,
        "var": 0.740740180016
    },
    "erbbands_spread": {
        "dmean": 5.43014717102,
        "dmean2": 8.31442070007,
        "dvar": 90.6452865601,
        "dvar2": 240.527252197,
        "max": 198.246337891,
        "mean": 26.4005012512,
        "median": 24.0324077606,
        "min": 2.52170777321,
        "stdev": 14.4999761581,
        "var": 210.249298096
    },
    "hfc": {
        "dmean": 8.20858573914,
        "dmean2": 11.777141571,
        "dvar": 1722.89807129,
        "dvar2": 3122.59399414,
        "max": 1021.48065186,
        "mean": 17.2401218414,
        "median": 1.98861312866,
        "min": 5.46438272409e-08,
        "stdev": 56.7649230957,
        "var": 3222.2565918
    },
    "loudness_ebu128": {
        "integrated": -12.736541748,
        "loudness_range": 10.8188037872,
        "momentary": {
            "dmean": 0.584041416645,
            "dmean2": 0.587255179882,
            "dvar": 0.582646667957,
            "dvar2": 0.892497718334,
            "max": -7.04296445847,
            "mean": -15.5348434448,
            "median": -17.9596614838,
            "min": -22.7913513184,
            "stdev": 4.93833208084,
            "var": 24.3871250153
        },
        "short_term": {
            "dmean": 0.0981208533049,
            "dmean2": 0.0756632760167,
            "dvar": 0.015902781859,
            "dvar2": 0.0143787469715,
            "max": -8.04010677338,
            "mean": -15.2742376328,
            "median": -17.9260520935,
            "min": -20.1328353882,
            "stdev": 4.48784399033,
            "var": 20.1407432556
        }
    },
    "melbands_crest": {
        "dmean": 2.69849634171,
        "dmean2": 4.16915655136,
        "dvar": 7.85262727737,
        "dvar2": 19.2596073151,
        "max": 39.3010139465,
        "mean": 20.6534881592,
        "median": 19.4489803314,
        "min": 4.36187601089,
        "stdev": 7.89469099045,
        "var": 62.3261489868
    },
    "melbands_flatness_db": {
        "dmean": 0.0246010683477,
        "dmean2": 0.0374599173665,
        "dvar": 0.000743346114177,
        "dvar2": 0.00142446393147,
        "max": 0.758503735065,
        "mean": 0.429840266705,
        "median": 0.432838439941,
        "min": 0.161352247,
        "stdev": 0.11118850857,
        "var": 0.0123628843576
    },
    "melbands_kurtosis": {
        "dmean": 11.8433580399,
        "dmean2": 17.8915061951,
        "dvar": 601.553039551,
        "dvar2": 1279.83703613,
        "max": 465.452819824,
        "mean": 31.1702289581,
        "median": 9.41755390167,
        "min": -1.93093979359,
        "stdev": 57.1988296509,
        "var": 3271.70605469
    },
    "melbands_skewness": {
        "dmean": 0.807364344597,
        "dmean2": 1.18159770966,
        "dvar": 1.11279499531,
        "dvar2": 2.43217921257,
        "max": 18.2200813293,
        "mean": 3.85774898529,
        "median": 2.85156106949,
        "min": -1.16291856766,
        "stdev": 2.99056005478,
        "var": 8.94344902039
    },
    "melbands_spread": {
        "dmean": 2.93797159195,
        "dmean2": 4.45618057251,
        "dvar": 38.2531242371,
        "dvar2": 98.5734863281,
        "max": 111.311180115,
        "mean": 11.6053800583,
        "median": 7.94061183929,
        "min": 0.253910213709,
        "stdev": 11.7741203308,
        "var": 138.62991333
    },
    "pitch_salience": {
        "dmean": 0.0655971392989,
        "dmean2": 0.104505069554,
        "dvar": 0.00441103382036,
        "dvar2": 0.0112660247833,
        "max": 0.837481200695,
        "mean": 0.456970602274,
        "median": 0.468019813299,
        "min": 0.0381012372673,
        "stdev": 0.14360794425,
        "var": 0.0206232424825
    },
    "silence_rate_20dB": {
        "dmean": 0.0108359130099,
        "dmean2": 0.0216886140406,
        "dvar": 0.0107184583321,
        "dvar2": 0.0305132456124,
        "max": 1,
        "mean": 0.993812859058,
        "median": 1,
        "min": 0,
        "stdev": 0.0784146413207,
        "var": 0.00614885613322
    },
    "silence_rate_30dB": {
        "dmean": 0.0108359130099,
        "dmean2": 0.0209140200168,
        "dvar": 0.0107184620574,
        "dvar2": 0.0220257379115,
        "max": 1,
        "mean": 0.726991474628,
        "median": 1,
        "min": 0,
        "stdev": 0.445506632328,
        "var": 0.198476150632
    },
    "silence_rate_60dB": {
        "dmean": 0.039473682642,
        "dmean2": 0.0790085196495,
        "dvar": 0.0379145294428,
        "dvar2": 0.0913553759456,
        "max": 1,
        "mean": 0.139984533191,
        "median": 0,
        "min": 0,
        "stdev": 0.346967488527,
        "var": 0.120386444032
    },
    "spectral_centroid": {
        "dmean": 122.525047302,
        "dmean2": 178.268356323,
        "dvar": 141066.6875,
        "dvar2": 180099.625,
        "max": 11247.1425781,
        "mean": 693.432739258,
        "median": 556.460021973,
        "min": 134.180282593,
        "stdev": 559.715698242,
        "var": 313281.6875
    },
    "spectral_complexity": {
        "dmean": 1.77941179276,
        "dmean2": 2.78776144981,
        "dvar": 4.27872896194,
        "dvar2": 7.94876241684,
        "max": 38,
        "mean": 11.1330242157,
        "median": 8,
        "min": 0,
        "stdev": 6.83973455429,
        "var": 46.7819709778
    },
    "spectral_decrease": {
        "dmean": 4.03590627585e-09,
        "dmean2": 6.25256113551e-09,
        "dvar": 1.0157431168e-16,
        "dvar2": 2.56880449537e-16,
        "max": -6.70308787233e-18,
        "mean": -1.67876930135e-08,
        "median": -2.00966177033e-09,
        "min": -1.17632261265e-07,
        "stdev": 2.46905198509e-08,
        "var": 6.09621788238e-16
    },
    "spectral_energy": {
        "dmean": 0.0155359199271,
        "dmean2": 0.0240742266178,
        "dvar": 0.00147206988186,
        "dvar2": 0.0037145181559,
        "max": 0.448268055916,
        "mean": 0.0649243444204,
        "median": 0.00778529932722,
        "min": 3.02552254083e-11,
        "stdev": 0.0946962833405,
        "var": 0.00896738562733
    },
    "spectral_energyband_high": {
        "dmean": 0.000502845447045,
        "dmean2": 0.000709885149263,
        "dvar": 1.32484165078e-05,
        "dvar2": 2.43821614276e-05,
        "max": 0.0863938108087,
        "mean": 0.000648624263704,
        "median": 7.30810256755e-07,
        "min": 3.5409107829e-13,
        "stdev": 0.00458612153307,
        "var": 2.10325124499e-05
    },
    "spectral_energyband_low": {
        "dmean": 0.0133758401498,
        "dmean2": 0.020690375939,
        "dvar": 0.00134490092751,
        "dvar2": 0.0035266818013,
        "max": 0.425415128469,
        "mean": 0.0540342703462,
        "median": 0.00502269389108,
        "min": 5.24441655467e-13,
        "stdev": 0.0849845185876,
        "var": 0.00722236884758
    },
    "spectral_energyband_middle_high": {
        "dmean": 0.00125710025895,
        "dmean2": 0.00162591680419,
        "dvar": 1.27649245769e-05,
        "dvar2": 2.14256760955e-05,
        "max": 0.0534521378577,
        "mean": 0.00316354539245,
        "median": 0.000528475793544,
        "min": 2.6983007842e-11,
        "stdev": 0.00715979468077,
        "var": 5.12626611453e-05
    },
    "spectral_energyband_middle_low": {
        "dmean": 0.00382237695158,
        "dmean2": 0.00620281836018,
        "dvar": 0.000165335164638,
        "dvar2": 0.00044567725854,
        "max": 0.137867093086,
        "mean": 0.00627694791183,
        "median": 0.00158170436043,
        "min": 2.5437434277e-12,
        "stdev": 0.0133908037096,
        "var": 0.000179313632543
    },
    "spectral_entropy": {
        "dmean": 0.137708440423,
        "dmean2": 0.198501527309,
        "dvar": 0.0360456220806,
        "dvar2": 0.0596102811396,
        "max": 9.78627490997,
        "mean": 6.60742092133,
        "median": 6.59967851639,
        "min": 5.01272630692,
        "stdev": 0.600765168667,
        "var": 0.360918790102
    },
    "spectral_flux": {
        "dmean": 0.022786827758,
        "dmean2": 0.0358576923609,
        "dvar": 0.00202356628142,
        "dvar2": 0.00397671572864,
        "max": 0.53166693449,
        "mean": 0.0727868899703,
        "median": 0.0296890530735,
        "min": 5.50047479919e-06,
        "stdev": 0.0842121690512,
        "var": 0.00709168892354
    },
    "spectral_kurtosis": {
        "dmean": 17.2159748077,
        "dmean2": 29.8306179047,
        "dvar": 430.261169434,
        "dvar2": 1228.60314941,
        "max": 222.011520386,
        "mean": 40.6914901733,
        "median": 24.5087680817,
        "min": -1.57478201389,
        "stdev": 40.5480804443,
        "var": 1644.14697266
    },
    "spectral_rms": {
        "dmean": 0.000715507601853,
        "dmean2": 0.00108664424624,
        "dvar": 1.84806401649e-06,
        "dvar2": 4.21155118602e-06,
        "max": 0.0209125485271,
        "mean": 0.00591153465211,
        "median": 0.00275597791187,
        "min": 1.71805979221e-07,
        "stdev": 0.005328648258,
        "var": 2.8394491892e-05
    },
    "spectral_rolloff": {
        "dmean": 196.915054321,
        "dmean2": 345.981628418,
        "dvar": 677319.375,
        "dvar2": 1467986.75,
        "max": 12209.3261719,
        "mean": 631.425598145,
        "median": 387.59765625,
        "min": 43.06640625,
        "stdev": 981.72668457,
        "var": 963787.25
    },
    "spectral_skewness": {
        "dmean": 1.10731840134,
        "dmean2": 1.9070584774,
        "dvar": 1.30144107342,
        "dvar2": 3.86915421486,
        "max": 12.1359119415,
        "mean": 3.67209887505,
        "median": 2.98444795609,
        "min": -0.129402711987,
        "stdev": 2.15562939644,
        "var": 4.64673852921
    },
    "spectral_spread": {
        "dmean": 436345.96875,
        "dmean2": 637895.1875,
        "dvar": 1.97488961126e+12,
        "dvar2": 2.49264393421e+12,
        "max": 40376536,
        "mean": 2133104.25,
        "median": 1391963.5,
        "min": 409237.71875,
        "stdev": 2621505.5,
        "var": 6.87229055795e+12
    },
    "spectral_strongpeak": {
        "dmean": 0.236384183168,
        "dmean2": 0.396932989359,
        "dvar": 0.371202796698,
        "dvar2": 0.795495927334,
        "max": 10.5299453735,
        "mean": 0.437368541956,
        "median": 0.223289459944,
        "min": 0,
        "stdev": 0.905728936195,
        "var": 0.820344865322
    },
    "zerocrossingrate": {
        "dmean": 0.00493685621768,
        "dmean2": 0.00581058487296,
        "dvar": 0.000100360739452,
        "dvar2": 0.00011296023149,
        "max": 0.3095703125,
        "mean": 0.0257161464542,
        "median": 0.0185546875,
        "min": 0.0009765625,
        "stdev": 0.0272037740797,
        "var": 0.00074004533235
    },
    "barkbands": {
        "dmean": [0.00426774052903, 0.0103241372854, 0.00415413081646, 0.00190346699674, 0.000951311143581, 0.000568008166738, 0.000556105049327, 0.000468134385301, 0.000279575848253, 0.000175065142685, 0.000254303886322, 0.000323142885463, 0.000316367775667, 0.000348071567714, 0.000183146301424, 0.00010358182044, 0.000171649095137, 5.17041917192e-05, 1.76197627297e-05, 1.40724341691e-05, 6.65481866235e-06, 1.23094732771e-05, 1.18464704428e-05, 5.97780308453e-05, 0.00023415547912, 0.000186921752174, 2.55906943494e-05],
        "dmean2": [0.00683234445751, 0.0167151782662, 0.00683722784743, 0.00333927804604, 0.00158571591601, 0.000899559585378, 0.000815018313006, 0.000759790011216, 0.000408523628721, 0.000267696217634, 0.000361893704394, 0.000466847297503, 0.000507783552166, 0.000516112486366, 0.00028092606226, 0.000161510717589, 0.000269472278887, 8.36108665681e-05, 2.6356188755e-05, 2.25985677389e-05, 1.01669747892e-05, 1.80029892363e-05, 1.65659166669e-05, 8.89387374627e-05, 0.00034099369077, 0.00027269902057, 4.09114036302e-05],
        "dvar": [8.65240508574e-05, 0.000900902261492, 0.000209339035791, 7.60470429668e-05, 1.00948054751e-05, 1.96471751224e-06, 5.39759139428e-06, 4.26418137067e-06, 9.1704919214e-07, 6.77921434544e-07, 1.17186414172e-06, 1.50386017594e-06, 1.09235452328e-06, 1.74052081547e-06, 9.54790152718e-07, 1.60952922101e-07, 8.23977018172e-07, 7.34573717409e-08, 4.99063679271e-09, 7.7807174037e-09, 1.7498403837e-09, 3.85370979572e-09, 8.31986035621e-09, 2.27054044899e-07, 4.12112922277e-06, 1.65157030096e-06, 1.69608771472e-08],
        "dvar2": [0.000228116099606, 0.0025534867309, 0.000569232564885, 0.000213481034734, 2.67982431978e-05, 5.07540562467e-06, 9.5111590781e-06, 1.00691650005e-05, 1.85201213299e-06, 1.64663867963e-06, 2.14469082493e-06, 2.31572198572e-06, 2.78983452517e-06, 3.96804898628e-06, 2.00118074645e-06, 3.89647709653e-07, 2.10492521546e-06, 2.07022438303e-07, 1.20442926743e-08, 1.87841280308e-08, 2.98677682586e-09, 8.56409698713e-09, 1.6437844863e-08, 5.46833973658e-07, 8.27527674119e-06, 2.69593078883e-06, 3.77256625939e-08],
        "max": [0.131022140384, 0.352829694748, 0.192790657282, 0.0950771570206, 0.0418994277716, 0.019964966923, 0.0600365661085, 0.0330839119852, 0.0190956909209, 0.0189911834896, 0.0245581753552, 0.0396770574152, 0.0184310842305, 0.0327445045114, 0.0220677219331, 0.00754994433373, 0.0177619680762, 0.00611787149683, 0.00120102637447, 0.00187817809638, 0.000876927690115, 0.00136440992355, 0.00183726963587, 0.0112846121192, 0.046419583261, 0.0356439203024, 0.00230034044944],
        "mean": [0.0162215903401, 0.0308810397983, 0.00777818169445, 0.00183461268898, 0.00131650839467, 0.00101541390177, 0.000862705637701, 0.000705748156179, 0.000457799615106, 0.000275695347227, 0.000402852456318, 0.000606887741014, 0.000520185974892, 0.000601887702942, 0.000265422364464, 0.000162830561749, 0.00024927558843, 7.57284578867e-05, 2.88704522973e-05, 2.00637296075e-05, 9.41414600675e-06, 1.681428148e-05, 1.37101287692e-05, 6.22329389444e-05, 0.000242913491093, 0.000266323768301, 2.96566722682e-05],
        "median": [0.000352797709638, 0.0026907902211, 0.0015390838962, 0.000257802515989, 0.000387920590583, 0.000289622490527, 0.000180041999556, 0.000101110905234, 4.87932265969e-05, 3.20293693221e-05, 4.90154343424e-05, 0.0001763314649, 9.22760227695e-05, 8.6413565441e-05, 3.03555116261e-05, 1.28474084704e-05, 4.23379287895e-06, 2.77240519608e-06, 1.064916205e-06, 6.23178323167e-07, 1.66760742104e-07, 6.64729000732e-08, 1.97446361483e-08, 6.71906352778e-09, 9.53010781402e-10, 3.93596211179e-10, 2.38389891161e-10],
        "min": [6.87777539457e-15, 1.15980548733e-13, 2.8766859771e-13, 1.70535962196e-13, 4.73191527194e-13, 1.31061383534e-12, 1.29658396107e-13, 1.91115650866e-13, 2.39522621572e-13, 1.89561322368e-12, 2.96583309127e-12, 2.55946116081e-13, 2.82688607765e-12, 1.72383060517e-12, 5.82252085088e-12, 5.26334444778e-12, 2.06128430297e-12, 2.55627550377e-12, 1.53123499123e-12, 2.84809637896e-13, 3.97904772282e-14, 1.02642395451e-13, 8.52630908593e-17, 4.42206851178e-17, 3.40428927336e-17, 2.32673134643e-17, 1.70199756397e-17],
        "stdev": [0.02967896685, 0.0515436716378, 0.017786597833, 0.00726441945881, 0.00321817328222, 0.00207136292011, 0.00306013808586, 0.00263555487618, 0.00151561549865, 0.00101255369373, 0.00154892494902, 0.00193861336447, 0.00152132392395, 0.00201458437368, 0.00113408174366, 0.000550129567273, 0.00106911791954, 0.000273409998044, 8.8481727289e-05, 9.54441129579e-05, 5.46843111806e-05, 7.90350895841e-05, 0.000103628997749, 0.00046748976456, 0.00231525907293, 0.00181607005652, 0.000155484056449],
        "var": [0.000880841107573, 0.00265674991533, 0.000316363031743, 5.27717893419e-05, 1.03566389953e-05, 4.29054443885e-06, 9.36444484978e-06, 6.94614936947e-06, 2.29709030464e-06, 1.02526507817e-06, 2.39916857936e-06, 3.75822196474e-06, 2.31442641052e-06, 4.05855007557e-06, 1.28614146888e-06, 3.02642547467e-07, 1.1430131508e-06, 7.47530251033e-08, 7.82901654617e-09, 9.10957886902e-09, 2.99037394846e-09, 6.24654594716e-09, 1.07389688253e-08, 2.18546674091e-07, 5.3604248933e-06, 3.29811064148e-06, 2.41752928787e-08]
    },
    "erbbands": {
        "dmean": [0.504097878933, 1.95360684395, 5.04726457596, 5.52763700485, 4.49184131622, 3.30202579498, 2.894313097, 5.20496988297, 6.59306526184, 9.58003234863, 9.75158309937, 5.34467172623, 5.95592784882, 8.90811157227, 7.53304433823, 15.7336931229, 14.7201147079, 16.9096508026, 11.9246482849, 7.00301074982, 5.53989648819, 8.94926834106, 3.64234757423, 1.26689875126, 0.837537169456, 0.590144276619, 0.294311285019, 0.28541508317, 0.437952816486, 0.406117618084, 0.334814965725, 0.57733052969, 1.46160757542, 2.26642107964, 1.92274987698, 0.963253796101, 0.328812509775, 0.0712552443147, 0.00255110254511, 6.53656097711e-05],
        "dmean2": [0.767492473125, 3.25429129601, 8.20012283325, 9.49682712555, 7.57532691956, 5.63693714142, 4.75803995132, 8.3466796875, 9.42130279541, 14.676199913, 16.1029567719, 7.55901956558, 8.59247398376, 12.2071552277, 11.0956172943, 22.4185638428, 23.9104404449, 25.1351051331, 17.8179893494, 10.2680168152, 8.60638904572, 13.9632053375, 5.82665252686, 1.90612328053, 1.23672497272, 0.950394332409, 0.458285331726, 0.434080034494, 0.655729115009, 0.576296210289, 0.462623685598, 0.868189871311, 2.14852714539, 3.44925045967, 2.72021579742, 1.46076822281, 0.470476657152, 0.107732206583, 0.00406533572823, 9.81361517916e-05],
        "dvar": [1.69046032429, 42.3864364624, 298.099884033, 590.606079102, 280.561157227, 117.100090027, 52.4950675964, 214.046203613, 898.394348145, 1406.94970703, 1969.13659668, 310.5546875, 457.742370605, 1912.98547363, 683.475891113, 3798.54882812, 2020.86108398, 3547.46484375, 3820.35131836, 692.246520996, 634.1796875, 2397.25366211, 421.159240723, 31.0910320282, 17.1907119751, 11.0286045074, 4.27807331085, 2.9107234478, 5.16954851151, 4.88677597046, 6.97146272659, 26.0343074799, 120.853897095, 440.005462646, 243.093536377, 58.4173202515, 4.08644199371, 0.137180015445, 0.000159743620316, 7.66779422179e-08],
        "dvar2": [4.72922182083, 118.110671997, 816.332580566, 1630.09375, 765.104980469, 316.578826904, 141.925430298, 538.837890625, 1769.92407227, 2638.42089844, 4548.25585938, 601.780334473, 835.422363281, 3363.08911133, 1406.90673828, 5655.796875, 5548.99560547, 7876.85839844, 7756.48486328, 1470.75024414, 1427.86584473, 6491.03662109, 1215.31604004, 80.5425643921, 41.6453666687, 23.932592392, 7.6516418457, 5.19437980652, 11.3489675522, 9.27600383759, 13.7027769089, 65.4916763306, 276.336395264, 993.031005859, 459.57131958, 105.486671448, 7.60631084442, 0.256321847439, 0.000348619389115, 1.45333288515e-07],
        "max": [14.7275743484, 74.0977478027, 218.692199707, 264.314697266, 186.004882812, 116.888801575, 74.4473800659, 222.104049683, 888.075317383, 612.036010742, 718.851013184, 348.153961182, 404.286254883, 1176.15124512, 653.631713867, 2050.30102539, 718.777526855, 1263.73632812, 1384.90917969, 517.483032227, 619.174194336, 1047.60192871, 480.262237549, 100.010223389, 80.5928421021, 61.9635162354, 55.2746505737, 37.6308898926, 54.4445610046, 37.8777999878, 51.058757782, 118.255393982, 246.064468384, 414.104278564, 383.832214355, 215.197052002, 52.084777832, 6.52489948273, 0.189647868276, 0.00616968609393],
        "mean": [1.79132831097, 3.50192332268, 9.36136627197, 6.76791143417, 5.50202322006, 4.14908313751, 4.65688419342, 9.24951457977, 10.2543039322, 15.9453334808, 15.5942182541, 9.0658788681, 10.5430221558, 14.4030685425, 13.451415062, 30.5167484283, 26.3652515411, 29.9168624878, 19.7543201447, 12.1703662872, 9.35708427429, 12.9850139618, 5.53836727142, 2.1898162365, 1.30306327343, 0.894766449928, 0.442609995604, 0.384429425001, 0.579626739025, 0.539783716202, 0.384296268225, 0.582564353943, 1.50906538963, 2.08129739761, 2.04612064362, 1.23209547997, 0.449192792177, 0.101239666343, 0.0032994360663, 0.000144128876855],
        "median": [0.0666868388653, 0.569068610668, 2.06565070152, 1.09384000301, 1.19060182571, 1.07878780365, 1.66113877296, 2.16812300682, 1.68996965885, 3.39357161522, 2.29311156273, 1.13696777821, 1.10268580914, 1.49987435341, 2.72802400589, 8.84896278381, 6.16927576065, 4.78727245331, 1.98358082771, 1.22139370441, 0.50295060873, 0.254523605108, 0.163285136223, 0.0948008596897, 0.0361597575247, 0.0281409360468, 0.0123325772583, 0.00520592881367, 0.00276600685902, 0.00101320783142, 0.000603776483331, 0.00029550830368, 9.95984883048e-05, 2.32053262152e-05, 1.01420837382e-05, 5.87026033827e-06, 2.74839226222e-06, 5.32836622824e-07, 3.6250253288e-06, 8.63248442329e-06],
        "min": [2.34351774098e-12, 3.30803925919e-11, 2.611665606e-10, 5.49187861854e-10, 2.98353036721e-10, 1.72983849467e-09, 6.53988374566e-09, 1.17720153625e-08, 4.48728076918e-09, 1.49124845805e-09, 5.83771075924e-09, 4.69251215662e-09, 2.1336349576e-08, 1.19208401372e-07, 7.10472676246e-08, 1.72605894022e-08, 1.21494167615e-07, 9.61176169767e-08, 2.25815469435e-07, 2.55228570722e-07, 3.04469068624e-07, 1.14322332934e-07, 1.61057528203e-07, 7.47525916722e-08, 7.41699750506e-08, 1.66797526902e-08, 4.58687754445e-09, 4.42943060008e-09, 3.2117182247e-09, 1.12292987409e-10, 6.96948315032e-12, 1.72904897865e-12, 9.53784252099e-13, 5.28453528766e-13, 2.83567006681e-13, 1.42028275534e-13, 6.64522893635e-14, 2.3233825752e-14, 2.38266607236e-14, 4.0906514287e-14],
        "stdev": [3.04864835739, 7.19694375992, 21.1472129822, 22.0463848114, 15.5239610672, 10.8277282715, 8.4236240387, 21.5705776215, 37.3532104492, 54.6368141174, 57.3314590454, 27.5898685455, 34.5587844849, 68.5850906372, 36.4342460632, 98.7851486206, 62.5206871033, 93.2944412231, 81.1238021851, 40.9854545593, 38.6597709656, 52.7411842346, 20.4308433533, 6.38549566269, 4.87452459335, 3.95325040817, 2.5863494873, 2.25264239311, 2.85824584961, 2.79092359543, 3.01374435425, 4.75962495804, 11.3145437241, 21.4901504517, 18.6604328156, 10.0977277756, 2.80771183968, 0.509453892708, 0.016073923558, 0.000412497727666],
        "var": [9.29425621033, 51.7959976196, 447.204620361, 486.043121338, 240.993377686, 117.239692688, 70.9574356079, 465.289825439, 1395.26245117, 2985.18164062, 3286.89599609, 761.200805664, 1194.30969238, 4703.91455078, 1327.45422363, 9758.50488281, 3908.83642578, 8703.85253906, 6581.07177734, 1679.80761719, 1494.57788086, 2781.63232422, 417.419372559, 40.7745552063, 23.7609901428, 15.6281890869, 6.68920373917, 5.07439756393, 8.16956996918, 7.78925418854, 9.082654953, 22.6540317535, 128.01890564, 461.826568604, 348.211730957, 101.964111328, 7.88324594498, 0.25954324007, 0.000258371030213, 1.70154365264e-07]
    },
    "gfcc": {
        "mean": [-156.999176025, 216.526519775, -114.07421875, -5.35037231445, 5.9910902977, 5.41644668579, -16.4104270935, -7.11338710785, -5.36301088333, -0.985646009445, 7.78407907486, -8.35603618622, -6.78456544876],
        "cov": [[13498.8261719, -6217.96679688, 1296.28759766, 1123.6439209, -1064.23999023, 811.936828613, -338.580444336, 1365.51647949, -337.683044434, 739.946350098, -965.078857422, 865.682373047, -351.07333374], [-6217.96679688, 3958.59838867, -826.830383301, -759.794677734, 963.341918945, -597.902648926, 263.698822021, -685.984008789, 98.3463516235, -431.17980957, 536.27520752, -445.726287842, 245.659805298], [1296.28759766, -826.830383301, 1602.01525879, -335.101776123, -89.1232376099, 422.976348877, -243.658111572, 292.336883545, -97.4797134399, 239.498458862, -111.570419312, 196.439254761, -93.2832183838], [1123.6439209, -759.794677734, -335.101776123, 920.316772461, -395.996185303, 108.950370789, 192.984985352, -130.038101196, 158.630233765, -75.4309310913, -83.7604217529, -37.242275238, -24.4310474396], [-1064.23999023, 963.341918945, -89.1232376099, -395.996185303, 653.869873047, -216.720565796, 43.6675758362, 33.2245979309, -130.526321411, -18.940694809, 118.338272095, -23.422870636, 143.326156616], [811.936828613, -597.902648926, 422.976348877, 108.950370789, -216.720565796, 328.861999512, -43.1253013611, 52.0329551697, 35.1195411682, 40.7826271057, -57.2458076477, 59.4757347107, -64.0936203003], [-338.580444336, 263.698822021, -243.658111572, 192.984985352, 43.6675758362, -43.1253013611, 248.133483887, -114.151367188, 77.9781799316, -61.1638679504, 45.8781890869, -46.731552124, 33.2900772095], [1365.51647949, -685.984008789, 292.336883545, -130.038101196, 33.2245979309, 52.0329551697, -114.151367188, 325.764892578, -110.032516479, 161.024139404, -106.336128235, 139.327728271, -6.10604524612], [-337.683044434, 98.3463516235, -97.4797134399, 158.630233765, -130.526321411, 35.1195411682, 77.9781799316, -110.032516479, 219.303283691, -44.0043296814, 20.3076477051, -48.6855392456, -27.2862319946], [739.946350098, -431.17980957, 239.498458862, -75.4309310913, -18.940694809, 40.7826271057, -61.1638679504, 161.024139404, -44.0043296814, 161.128387451, -44.971321106, 83.7978515625, -22.7838573456], [-965.078857422, 536.27520752, -111.570419312, -83.7604217529, 118.338272095, -57.2458076477, 45.8781890869, -106.336128235, 20.3076477051, -44.971321106, 153.926864624, -44.2189216614, 44.8275794983], [865.682373047, -445.726287842, 196.439254761, -37.242275238, -23.422870636, 59.4757347107, -46.731552124, 139.327728271, -48.6855392456, 83.7978515625, -44.2189216614, 143.324783325, 0.522268593311], [-351.07333374, 245.659805298, -93.2832183838, -24.4310474396, 143.326156616, -64.0936203003, 33.2900772095, -6.10604524612, -27.2862319946, -22.7838573456, 44.8275794983, 0.522268593311, 101.583274841]],
        "icov": [[0.000414145586547, 0.000181485258508, 7.86970485933e-05, -0.000490584818181, -0.000192672960111, -0.000194084626855, -6.98535877746e-05, -0.000770822924096, 0.000294093362754, -4.80308226543e-05, 0.000723806850147, -0.00104849517811, 0.000826840347145], [0.000181485258508, 0.00418334640563, -0.00057599862339, 0.00275516137481, -0.00271687516943, 0.00256190542132, -0.00116832379717, 0.00402966048568, -0.00174976582639, 0.00333426520228, -0.00336955278181, 0.00403586169705, -0.00153687689453], [7.86970485933e-05, -0.00057599862339, 0.00168120046146, -1.75982313522e-05, -2.99183229799e-05, -0.00251554744318, 0.000630617956631, -0.000364837469533, 0.000390800763853, -0.00195971410722, 0.00117893354036, -0.00133602635469, 0.000583020679187], [-0.000490584818181, 0.00275516137481, -1.75982313522e-05, 0.00529327150434, -0.000179320704774, 0.00126902316697, -0.00248892535456, 0.00444637797773, -0.00184878509026, 0.00235453713685, -0.00191564799752, 0.00466048484668, -0.00411192001775], [-0.000192672960111, -0.00271687516943, -2.99183229799e-05, -0.000179320704774, 0.00621398352087, -0.000128647210659, -0.00117882399354, -0.00401652231812, 0.0022805868648, -0.00112791487481, 0.000801767746452, -0.00101008347701, -0.00285897799768], [-0.000194084626855, 0.00256190542132, -0.00251554744318, 0.00126902316697, -0.000128647210659, 0.00890278071165, -0.00101088872179, 0.00214534834959, -0.00184242310934, 0.00440566288307, -0.00370528292842, 0.00244346656837, -0.000496340275276], [-6.98535877746e-05, -0.00116832379717, 0.000630617956631, -0.00248892535456, -0.00117882399354, -0.00101088872179, 0.00751162320375, 0.000600841245614, -0.00118663918693, -0.00171301234514, 0.000480998365674, -0.001884645666, 0.000258810963714], [-0.000770822924096, 0.00402966048568, -0.000364837469533, 0.00444637797773, -0.00401652231812, 0.00214534834959, 0.000600841245614, 0.017494270578, -0.00143086153548, -0.00345656322315, 0.000367060391, 0.00215275539085, -0.00513199903071], [0.000294093362754, -0.00174976582639, 0.000390800763853, -0.00184878509026, 0.0022805868648, -0.00184242310934, -0.00118663918693, -0.00143086153548, 0.00802228506655, -0.00193257071078, 0.00134867371526, -0.00182965770364, 0.00222042715177], [-4.80308226543e-05, 0.00333426520228, -0.00195971410722, 0.00235453713685, -0.00112791487481, 0.00440566288307, -0.00171301234514, -0.00345656322315, -0.00193257071078, 0.0180631428957, -0.00578674068674, 0.00173851940781, 0.00133906072006], [0.000723806850147, -0.00336955278181, 0.00117893354036, -0.00191564799752, 0.000801767746452, -0.00370528292842, 0.000480998365674, 0.000367060391, 0.00134867371526, -0.00578674068674, 0.0172655135393, -0.00632438110188, -0.000854828977026], [-0.00104849517811, 0.00403586169705, -0.00133602635469, 0.00466048484668, -0.00101008347701, 0.00244346656837, -0.001884645666, 0.00215275539085, -0.00182965770364, 0.00173851940781, -0.00632438110188, 0.0214541461319, -0.00719667226076], [0.000826840347145, -0.00153687689453, 0.000583020679187, -0.00411192001775, -0.00285897799768, -0.000496340275276, 0.000258810963714, -0.00513199903071, 0.00222042715177, 0.00133906072006, -0.000854828977026, -0.00719667226076, 0.0206031408161]]
    },
    "melbands": {
        "dmean": [0.00349267455749, 0.00233624619432, 0.0009050515946, 0.000255701743299, 0.000105019003968, 0.000113751229947, 0.000104981874756, 0.000104015787656, 7.40666291676e-05, 3.48763533111e-05, 2.97514707199e-05, 3.43484425684e-05, 3.11573239742e-05, 3.20399631164e-05, 3.75392955902e-05, 2.93103039439e-05, 3.29690956278e-05, 2.18852073886e-05, 1.13559535748e-05, 8.55484267959e-06, 6.81156643623e-06, 1.03922548078e-05, 6.01333658778e-06, 2.0405941541e-06, 9.98588916445e-07, 5.85369093642e-07, 6.53223082736e-07, 3.75140047026e-07, 1.9390181194e-07, 1.71488807155e-07, 1.70376679876e-07, 2.47545614229e-07, 2.63579579496e-07, 2.21320505034e-07, 1.81019260026e-07, 2.13504208091e-07, 4.24927009135e-07, 9.15180692118e-07, 1.31394699565e-06, 2.27821396948e-06],
        "dmean2": [0.00544781750068, 0.00382134830579, 0.00155091122724, 0.000426920189057, 0.00017677769938, 0.000181509749382, 0.000150104562636, 0.000159239512868, 0.000122265846585, 5.02572875121e-05, 4.3072297558e-05, 4.76707427879e-05, 4.58031790913e-05, 4.64702243335e-05, 5.65672999073e-05, 4.61360614281e-05, 4.91227037855e-05, 3.36925149895e-05, 1.72633626789e-05, 1.29667951114e-05, 1.06794286694e-05, 1.61058196682e-05, 9.81487573881e-06, 3.22574646816e-06, 1.53870792019e-06, 8.71225552146e-07, 9.86321083474e-07, 6.02124544002e-07, 3.05128764921e-07, 2.58007332832e-07, 2.58639374806e-07, 3.7495837546e-07, 3.87191818163e-07, 3.07289326429e-07, 2.62577003696e-07, 3.17621754675e-07, 6.74884859109e-07, 1.32077514081e-06, 1.95737675313e-06, 3.48761955138e-06],
        "dvar": [8.74396282597e-05, 6.10287897871e-05, 1.49946608872e-05, 7.87211661191e-07, 8.05603477261e-08, 9.19659228771e-08, 2.08019670822e-07, 1.43894737903e-07, 1.05827879793e-07, 1.41648888174e-08, 1.15715215188e-08, 2.90092661004e-08, 1.32983455359e-08, 1.2979045394e-08, 1.59901389907e-08, 9.22203380327e-09, 1.54568855493e-08, 1.20013936566e-08, 2.05632133543e-09, 1.07437714281e-09, 1.05728537036e-09, 3.04279090813e-09, 1.52128409869e-09, 5.50417419976e-11, 2.07173132816e-11, 6.25076856595e-12, 1.81830141222e-11, 4.95780066306e-12, 1.94059243501e-12, 1.17577985109e-12, 1.07185148344e-12, 2.18215658217e-12, 1.35004193155e-12, 1.79405470514e-12, 2.00887136786e-12, 3.9848007706e-12, 1.51740304349e-11, 4.68426894495e-11, 1.20134777126e-10, 4.70222194515e-10],
        "dvar2": [0.000246827141382, 0.000160274226801, 4.15363392676e-05, 2.11221549762e-06, 2.19131663926e-07, 2.32942554135e-07, 3.98491891929e-07, 2.93582388622e-07, 2.43492650043e-07, 2.78004428367e-08, 2.16593072366e-08, 5.37107993637e-08, 2.74676619227e-08, 2.08089829812e-08, 3.29489715511e-08, 2.05776817808e-08, 3.55921514483e-08, 2.43922091414e-08, 4.40791758649e-09, 2.49028375698e-09, 2.2817676637e-09, 7.6673796201e-09, 4.45386838521e-09, 1.43234105132e-10, 5.39717263937e-11, 1.50058993009e-11, 4.61949575814e-11, 1.05561019995e-11, 3.53587168225e-12, 2.33736923046e-12, 1.82336480983e-12, 4.93002383709e-12, 3.00621571907e-12, 3.38369068008e-12, 3.89413588181e-12, 9.69807307377e-12, 3.98591749884e-11, 1.06806286038e-10, 2.794453835e-10, 1.07302977614e-09],
        "max": [0.112022645772, 0.107698872685, 0.0422741733491, 0.0102520436049, 0.00273713027127, 0.00458074873313, 0.0136963287368, 0.00626516807824, 0.00564056681469, 0.00228018686175, 0.00192226096988, 0.004392165225, 0.00298665510491, 0.00359761668369, 0.00304544833489, 0.00203522876836, 0.00284905778244, 0.0021639005281, 0.000722395663615, 0.000576729944441, 0.00082286488032, 0.00112179969437, 0.00093913951423, 0.000132192522869, 8.58517960296e-05, 5.1902999985e-05, 0.000104474638647, 4.74115877296e-05, 4.04474994866e-05, 2.36523010244e-05, 2.41944144364e-05, 3.91754692828e-05, 1.66001518664e-05, 2.50754783337e-05, 3.02608841594e-05, 4.75302222185e-05, 9.0954330517e-05, 0.00015468368656, 0.000214531377424, 0.000462903088192],
        "mean": [0.0126378526911, 0.00444913934916, 0.00118391565047, 0.000333132571541, 0.000160613941262, 0.000204105570447, 0.000164446013514, 0.000169535152963, 0.000117511073768, 5.69196308788e-05, 5.15320243721e-05, 5.43910246051e-05, 5.00643909618e-05, 5.98257356614e-05, 7.49727187213e-05, 5.12127371621e-05, 5.56459090149e-05, 3.4824712202e-05, 1.76738230948e-05, 1.36802609632e-05, 1.07479609142e-05, 1.46990214489e-05, 8.30381577543e-06, 3.11634835271e-06, 1.61516129538e-06, 9.11035897389e-07, 9.38317043619e-07, 5.09484834765e-07, 2.69827125976e-07, 2.2573408387e-07, 2.23924175202e-07, 3.20579687241e-07, 3.45238333921e-07, 2.76780951936e-07, 2.1384619231e-07, 1.98864000822e-07, 4.12368109437e-07, 9.75074158305e-07, 1.24378527744e-06, 1.98313773581e-06],
        "median": [0.000678520591464, 0.000985408318229, 0.000203125702683, 8.88696304173e-05, 5.30197903572e-05, 5.13331906404e-05, 3.05024259433e-05, 3.15659526677e-05, 1.5974861526e-05, 6.46759690426e-06, 5.16196905664e-06, 5.51760740564e-06, 8.02002341516e-06, 1.44726436702e-05, 2.04431544262e-05, 1.04068203655e-05, 7.90914782556e-06, 2.7978514936e-06, 2.44636976277e-06, 1.07142943762e-06, 4.48207885029e-07, 2.64280771489e-07, 1.91904689473e-07, 1.17402429112e-07, 7.55376419193e-08, 2.81760144105e-08, 2.13177937525e-08, 1.5337814574e-08, 7.67029106896e-09, 3.30459193343e-09, 2.39644615263e-09, 1.53066526121e-09, 6.00661631545e-10, 3.78551107127e-10, 2.84168799602e-10, 2.10448075633e-10, 9.6508398495e-11, 3.16611216411e-11, 1.46590569544e-11, 9.48725212974e-12],
        "min": [2.61458386273e-14, 1.0753185587e-13, 8.45438966773e-14, 5.54453232187e-14, 2.08124140209e-13, 2.55520783568e-13, 6.19954730456e-14, 1.8303221555e-14, 5.19351238176e-14, 2.69178329257e-14, 1.11508987265e-13, 4.78982142577e-13, 3.43776927498e-13, 2.22733937278e-14, 9.36813764041e-14, 3.36083564407e-13, 1.55882414182e-13, 3.24356671079e-13, 4.02437713145e-13, 3.31305675168e-13, 3.50821775059e-13, 8.322274212e-14, 1.87359622175e-13, 1.09217004201e-13, 5.15122680297e-14, 7.23052531477e-14, 2.09671503385e-14, 9.41025144092e-15, 3.61339977782e-15, 1.14199448932e-15, 3.25522808443e-15, 2.7957296512e-15, 6.03905639333e-17, 2.58794145947e-18, 9.97623555914e-19, 8.90487950157e-19, 5.72350977846e-19, 5.39357845139e-19, 4.38114505379e-19, 3.30834091315e-19],
        "stdev": [0.0209555830806, 0.00969286356121, 0.00357829406857, 0.000870314543135, 0.000308763002977, 0.000452824693639, 0.000576464575715, 0.000560977205168, 0.000423169985879, 0.000185270997463, 0.000169987077243, 0.000260457978584, 0.000154305293108, 0.000184893375263, 0.000188596270164, 0.000151157408254, 0.000183246156666, 0.000149457191583, 5.9241650888e-05, 4.81677052449e-05, 4.99166890222e-05, 6.40112193651e-05, 3.57478202204e-05, 9.19745161809e-06, 5.0104786169e-06, 3.09633469442e-06, 4.51461392004e-06, 2.52098652709e-06, 1.69164809449e-06, 1.32762647809e-06, 1.40060751619e-06, 1.76726587142e-06, 1.49567529206e-06, 1.63450442869e-06, 1.66281813563e-06, 1.8817856926e-06, 3.46759770764e-06, 7.06036689735e-06, 1.11151684905e-05, 2.18492841668e-05],
        "var": [0.000439136492787, 9.39515957725e-05, 1.28041883727e-05, 7.57447423894e-07, 9.5334584671e-08, 2.05050199042e-07, 3.32311429929e-07, 3.14695455472e-07, 1.79072827677e-07, 3.43253425683e-08, 2.88956041317e-08, 6.7838357154e-08, 2.38101218741e-08, 3.41855610486e-08, 3.55685507714e-08, 2.28485621534e-08, 3.35791519035e-08, 2.2337451e-08, 3.5095730766e-09, 2.32012786761e-09, 2.49167575461e-09, 4.09743616814e-09, 1.27790655835e-09, 8.45931172333e-11, 2.51048955929e-11, 9.58728842843e-12, 2.03817396988e-11, 6.35537282523e-12, 2.86167313804e-12, 1.76259191704e-12, 1.96170141763e-12, 3.12322867221e-12, 2.23704453399e-12, 2.67160490779e-12, 2.76496425582e-12, 3.54111748604e-12, 1.2024234039e-11, 4.98487813527e-11, 1.23546978203e-10, 4.77391182141e-10]
    },
    "melbands128": {
