{
"lowlevel": {
    "average_loudness": 0.857987463474,
    "barkbands_crest": {
        "dmean": 2.71054339409,
        "dmean2": 4.40083885193,
        "dvar": 8.14458751678,
        "dvar2": 20.6291809082,
        "max": 23.7952136993,
        "mean": 11.3662967682,
        "median": 10.4143218994,
        "min": 3.70579171181,
        "stdev": 4.41789245605,
        "var": 19.5177726746
    },
    "barkbands_flatness_db": {
        "dmean": 0.0207792446017,
        "dmean2": 0.0327069312334,
        "dvar": 0.000392310263123,
        "dvar2": 0.000981255550869,
        "max": 0.281277507544,
        "mean": 0.135209068656,
        "median": 0.119653694332,
        "min": 0.0448736362159,
        "stdev": 0.0540275983512,
        "var": 0.00291898124851
    },
    "barkbands_kurtosis": {
        "dmean": 3.24675965309,
        "dmean2": 5.08896684647,
        "dvar": 24.718585968,
        "dvar2": 65.2285919189,
        "max": 47.4060440063,
        "mean": 5.72315979004,
        "median": 3.24366903305,
        "min": -1.71421229839,
        "stdev": 7.21693849564,
        "var": 52.084197998
    },
    "barkbands_skewness": {
        "dmean": 0.559842050076,
        "dmean2": 0.858827710152,
        "dvar": 0.392175525427,
        "dvar2": 1.0074660778,
        "max": 6.63089132309,
        "mean": 1.85371053219,
        "median": 1.72582602501,
        "min": -1.79747200012,
        "stdev": 1.14851498604,
        "var": 1.31908667088
    },
    "barkbands_spread": {
        "dmean": 5.31388711929,
        "dmean2": 8.23997974396,
        "dvar": 39.6477241516,
        "dvar2": 97.0689620972,
        "max": 68.0260925293,
        "mean": 20.8319377899,
        "median": 19.7574329376,
        "min": 2.1821937561,
        "stdev": 13.1145248413,
        "var": 171.990753174
    },
    "dissonance": {
        "dmean": 0.0229977648705,
        "dmean2": 0.0384432822466,
        "dvar": 0.000567279756069,
        "dvar2": 0.00144441507291,
        "max": 0.499146670103,
        "mean": 0.448976159096,
        "median": 0.463302612305,
        "min": 0.262740433216,
        "stdev": 0.0418110750616,
        "var": 0.00174816593062
    },
    "dynamic_complexity": 2.75899672508,
    "erbbands_crest": {
        "dmean": 2.62556147575,
        "dmean2": 4.07034826279,
        "dvar": 6.28397369385,
        "dvar2": 14.4229202271,
        "max": 29.3612327576,
        "mean": 10.009221077,
        "median": 8.76143550873,
        "min": 2.25417900085,
        "stdev": 5.19832992554,
        "var": 27.0226345062
    },
    "erbbands_flatness_db": {
        "dmean": 0.0165448412299,
        "dmean2": 0.0240222383291,
        "dvar": 0.000246032781433,
        "dvar2": 0.00048171900562,
        "max": 0.328942120075,
        "mean": 0.146813035011,
        "median": 0.133290454745,
        "min": 0.0477112606168,
        "stdev": 0.0611112527549,
        "var": 0.00373458536342
    },
    "erbbands_kurtosis": {
        "dmean": 0.991992652416,
        "dmean2": 1.57040965557,
        "dvar": 2.1007130146,
        "dvar2": 4.49662256241,
        "max": 18.2798252106,
        "mean": 1.245262146,
        "median": 0.0739705562592,
        "min": -1.51646780968,
        "stdev": 2.99106454849,
        "var": 8.9464673996
    },
    "erbbands_skewness": {
        "dmean": 0.346606224775,
        "dmean2": 0.513070881367,
        "dvar": 0.106863901019,
        "dvar2": 0.220846116543,
        "max": 3.41154575348,
        "mean": 0.530847430229,
        "median": 0.372918844223,
        "min": -1.97591340542,
        "stdev": 0.931257903576,
        "var": 0.867241322994
    },
    "erbbands_spread": {
        "dmean": 7.94627857208,
        "dmean2": 12.2051477432,
        "dvar": 76.7311401367,
        "dvar2": 166.466491699,
        "max": 116.444320679,
        "mean": 39.5880661011,
        "median": 35.8206443787,
        "min": 4.68253135681,
        "stdev": 22.3410968781,
        "var": 499.124572754
    },
    "hfc": {
        "dmean": 7.93965482712,
        "dmean2": 11.6013851166,
        "dvar": 119.309402466,
        "dvar2": 274.212615967,
        "max": 177.986846924,
        "mean": 29.3976860046,
        "median": 27.8622665405,
        "min": 1.15744775841e-16,
        "stdev": 22.0369262695,
        "var": 485.626098633
    },
    "loudness_ebu128": {
        "integrated": -7.99644327164,
        "loudness_range": 5.84012508392,
        "momentary": {
            "dmean": 0.460684746504,
            "dmean2": 0.492080628872,
            "dvar": 0.225525140762,
            "dvar2": 0.192564532161,
            "max": -4.90104484558,
            "mean": -8.81723880768,
            "median": -7.15610408783,
            "min": -18.2034378052,
            "stdev": 2.94929885864,
            "var": 8.69836330414
        },
        "short_term": {
            "dmean": 0.0711790472269,
            "dmean2": 0.0661765486002,
            "dvar": 0.0040429555811,
            "dvar2": 0.00309652346186,
            "max": -5.82267475128,
            "mean": -8.63830471039,
            "median": -6.85569477081,
            "min": -13.9028749466,
            "stdev": 2.42221856117,
            "var": 5.86714315414
        }
    },
    "melbands_crest": {
        "dmean": 2.99004530907,
        "dmean2": 4.95939826965,
        "dvar": 8.00262832642,
        "dvar2": 20.4558925629,
        "max": 29.605714798,
        "mean": 15.031870842,
        "median": 14.583814621,
        "min": 2.25604224205,
        "stdev": 4.63317632675,
        "var": 21.4663219452
    },
    "melbands_flatness_db": {
        "dmean": 0.0242027807981,
        "dmean2": 0.0374014005065,
        "dvar": 0.000589436211158,
        "dvar2": 0.00151478208136,
        "max": 0.340300291777,
        "mean": 0.206356301904,
        "median": 0.201718986034,
        "min": 0.00826776400208,
        "stdev": 0.050660148263,
        "var": 0.00256645050831
    },
    "melbands_kurtosis": {
        "dmean": 9.06278800964,
        "dmean2": 14.8153762817,
        "dvar": 330.413421631,
        "dvar2": 887.831726074,
        "max": 222.567703247,
        "mean": 15.9643011093,
        "median": 10.3583250046,
        "min": -1.59133446217,
        "stdev": 19.5701141357,
        "var": 382.989379883
    },
    "melbands_skewness": {
        "dmean": 0.821088671684,
        "dmean2": 1.29008412361,
        "dvar": 1.13384032249,
        "dvar2": 2.86324310303,
        "max": 12.7602701187,
        "mean": 2.8511402607,
        "median": 2.70411276817,
        "min": -0.695620238781,
        "stdev": 1.79027867317,
        "var": 3.20509767532
    },
    "melbands_spread": {
        "dmean": 5.23125505447,
        "dmean2": 8.03038024902,
        "dvar": 38.8938102722,
        "dvar2": 84.284828186,
        "max": 138.984649658,
        "mean": 18.2043609619,
        "median": 16.1164875031,
        "min": 2.52816534042,
        "stdev": 11.3648729324,
        "var": 129.160339355
    },
    "pitch_salience": {
        "dmean": 0.0735558345914,
        "dmean2": 0.119934119284,
        "dvar": 0.0051386426203,
        "dvar2": 0.0138888489455,
        "max": 0.793358564377,
        "mean": 0.504983365536,
        "median": 0.504703819752,
        "min": 0.185468420386,
        "stdev": 0.110604599118,
        "var": 0.0122333774343
    },
    "silence_rate_20dB": {
        "dmean": 0,
        "dmean2": 0,
        "dvar": 0,
        "dvar2": 0,
        "max": 1,
        "mean": 1,
        "median": 1,
        "min": 1,
        "stdev": 0,
        "var": 0
    },
    "silence_rate_30dB": {
        "dmean": 0.0572755411267,
        "dmean2": 0.114639811218,
        "dvar": 0.0539951324463,
        "dvar2": 0.10304697603,
        "max": 1,
        "mean": 0.93812841177,
        "median": 1,
        "min": 0,
        "stdev": 0.240923166275,
        "var": 0.0580439716578
    },
    "silence_rate_60dB": {
        "dmean": 0.0178018584847,
        "dmean2": 0.0356312952936,
        "dvar": 0.017484696582,
        "dvar2": 0.0343623608351,
        "max": 1,
        "mean": 0.0719257518649,
        "median": 0,
        "min": 0,
        "stdev": 0.258363842964,
        "var": 0.0667518824339
    },
    "spectral_centroid": {
        "dmean": 196.320663452,
        "dmean2": 289.445373535,
        "dvar": 99077.0390625,
        "dvar2": 137410.84375,
        "max": 10969.8828125,
        "mean": 1185.44494629,
        "median": 1103.27258301,
        "min": 305.035491943,
        "stdev": 589.30078125,
        "var": 347275.4375
    },
    "spectral_complexity": {
        "dmean": 3.79643964767,
        "dmean2": 5.72037172318,
        "dvar": 19.4423332214,
        "dvar2": 40.0233039856,
        "max": 54,
        "mean": 20.658159256,
        "median": 20,
        "min": 0,
        "stdev": 11.7435655594,
        "var": 137.911331177
    },
    "spectral_decrease": {
        "dmean": 4.22174251113e-09,
        "dmean2": 6.87443346692e-09,
        "dvar": 7.00726335938e-17,
        "dvar2": 1.84297574247e-16,
        "max": -8.3056457094e-29,
        "mean": -1.06382067599e-08,
        "median": -8.80923600732e-09,
        "min": -6.88251873271e-08,
        "stdev": 1.00298942485e-08,
        "var": 1.00598774571e-16
    },
    "spectral_energy": {
        "dmean": 0.0163969695568,
        "dmean2": 0.0265537388623,
        "dvar": 0.00101938680746,
        "dvar2": 0.0026616784744,
        "max": 0.264381319284,
        "mean": 0.0428175516427,
        "median": 0.0359719991684,
        "min": 1.08118709915e-20,
        "stdev": 0.0392938219011,
        "var": 0.0015440043062
    },
    "spectral_energyband_high": {
        "dmean": 0.000585740373936,
        "dmean2": 0.000864123401698,
        "dvar": 1.07519565518e-06,
        "dvar2": 2.57128408521e-06,
        "max": 0.0180230550468,
        "mean": 0.00146057410166,
        "median": 0.000876597245224,
        "min": 7.79796976724e-21,
        "stdev": 0.00180641165935,
        "var": 3.26312306242e-06
    },
    "spectral_energyband_low": {
        "dmean": 0.0135508775711,
        "dmean2": 0.0226440578699,
        "dvar": 0.00104291120078,
        "dvar2": 0.00278976443224,
        "max": 0.245713487267,
        "mean": 0.0215398203582,
        "median": 0.0115291513503,
        "min": 3.86518966592e-23,
        "stdev": 0.0345425605774,
        "var": 0.00119318859652
    },
    "spectral_energyband_middle_high": {
        "dmean": 0.00214277277701,
        "dmean2": 0.00323552894406,
        "dvar": 7.81408652983e-06,
        "dvar2": 1.63560107467e-05,
        "max": 0.0485563278198,
        "mean": 0.00661251787096,
        "median": 0.00509000150487,
        "min": 1.6091700218e-21,
        "stdev": 0.00614555785432,
        "var": 3.77678807126e-05
    },
    "spectral_energyband_middle_low": {
        "dmean": 0.00462757283822,
        "dmean2": 0.00727438833565,
        "dvar": 2.85956339212e-05,
        "dvar2": 6.95983035257e-05,
        "max": 0.045264147222,
        "mean": 0.0139857633039,
        "median": 0.0125738987699,
        "min": 3.91569853642e-22,
        "stdev": 0.00874972809106,
        "var": 7.65577497077e-05
    },
    "spectral_entropy": {
        "dmean": 0.153699174523,
        "dmean2": 0.220254346728,
        "dvar": 0.0228977315128,
        "dvar2": 0.0387891121209,
        "max": 9.80110168457,
        "mean": 7.51754188538,
        "median": 7.67860937119,
        "min": 6.10680389404,
        "stdev": 0.56984680891,
        "var": 0.324725419283
    },
    "spectral_flux": {
        "dmean": 0.031542211771,
        "dmean2": 0.0487470887601,
        "dvar": 0.00191852741409,
        "dvar2": 0.00399353820831,
        "max": 0.413591772318,
        "mean": 0.0968671962619,
        "median": 0.0852702483535,
        "min": 1.0398014394e-10,
        "stdev": 0.0697035640478,
        "var": 0.00485858693719
    },
    "spectral_kurtosis": {
        "dmean": 1.25646972656,
        "dmean2": 2.08178305626,
        "dvar": 2.06792020798,
        "dvar2": 5.83274364471,
        "max": 20.0545558929,
        "mean": 4.54718255997,
        "median": 3.69259786606,
        "min": -1.24806821346,
        "stdev": 2.93955135345,
        "var": 8.64096164703
    },
    "spectral_rms": {
        "dmean": 0.00100661511533,
        "dmean2": 0.00157552608289,
        "dvar": 2.13381508729e-06,
        "dvar2": 5.19670402355e-06,
        "max": 0.0160602927208,
        "mean": 0.0058572255075,
        "median": 0.00592407211661,
        "min": 3.24779417769e-12,
        "stdev": 0.00273242499679,
        "var": 7.46614659874e-06
    },
    "spectral_rolloff": {
        "dmean": 392.214050293,
        "dmean2": 657.72088623,
        "dvar": 586202.75,
        "dvar2": 1127519.375,
        "max": 18755.4199219,
        "mean": 1101.3067627,
        "median": 861.328125,
        "min": 86.1328125,
        "stdev": 924.936645508,
        "var": 855507.75
    },
    "spectral_skewness": {
        "dmean": 0.179576039314,
        "dmean2": 0.280962198973,
        "dvar": 0.0324850603938,
        "dvar2": 0.0741338580847,
        "max": 3.58038544655,
        "mean": 1.69031786919,
        "median": 1.61194872856,
        "min": -0.00568476552144,
        "stdev": 0.487716495991,
        "var": 0.237867385149
    },
    "spectral_spread": {
        "dmean": 559916.3125,
        "dmean2": 793199.875,
        "dvar": 1.38202500301e+12,
        "dvar2": 1.52638141235e+12,
        "max": 41838784,
        "mean": 5298731.5,
        "median": 5101215.5,
        "min": 2266677.25,
        "stdev": 1885792.5,
        "var": 3.55621352243e+12
    },
    "spectral_strongpeak": {
        "dmean": 0.509056687355,
        "dmean2": 0.841091394424,
        "dvar": 0.834799170494,
        "dvar2": 1.99184179306,
        "max": 9.69235610962,
        "mean": 1.17266380787,
        "median": 0.594164252281,
        "min": 0,
        "stdev": 1.43258452415,
        "var": 2.05229854584
    },
    "zerocrossingrate": {
        "dmean": 0.00929057132453,
        "dmean2": 0.0119112636894,
        "dvar": 0.000254329817835,
        "dvar2": 0.000316374644171,
        "max": 0.50732421875,
        "mean": 0.056160274893,
        "median": 0.0537109375,
        "min": 0.0087890625,
        "stdev": 0.0266910418868,
        "var": 0.000712411710992
    },
    "barkbands": {
        "dmean": [0.000786442949902, 0.0115385157987, 0.00355108454823, 0.00119346787687, 0.00189329707064, 0.000743763695937, 0.00130481575616, 0.00102422293276, 0.0013295620447, 0.000370962370653, 0.000572162214667, 0.000589315895922, 0.000386250729207, 0.000353486422682, 0.00045619517914, 0.000417191098677, 0.000217982698814, 0.000258207553998, 0.000119210271805, 0.000164701166796, 0.000140704549267, 0.000119500240544, 0.000108731372165, 0.000104749451566, 0.000100821242086, 7.42147385608e-05, 1.1812534467e-05],
        "dmean2": [0.00131869013421, 0.0198491234332, 0.0060170525685, 0.00206262129359, 0.00308747845702, 0.00120293709915, 0.00209420314059, 0.00156649737619, 0.0020082492847, 0.000551024626475, 0.00086893781554, 0.000892833690159, 0.000614017713815, 0.00057767610997, 0.00072959420504, 0.000688304309733, 0.000355085270712, 0.000404834252549, 0.00019851262914, 0.000255582883256, 0.000225681695156, 0.00018634054868, 0.000168912723893, 0.000160003968631, 0.000146375750774, 0.000106631749077, 1.97754452529e-05],
        "dvar": [4.86922408527e-06, 0.000947346561588, 4.42753480456e-05, 5.19909690411e-06, 7.09227651896e-06, 1.34035008159e-06, 6.47234674034e-06, 5.27860311195e-06, 8.30633689475e-06, 1.82204303201e-06, 1.72978252522e-06, 1.47135654061e-06, 9.58436771725e-07, 5.83730411563e-07, 7.77909463068e-07, 9.34329023039e-07, 1.60320468012e-07, 2.00850777787e-07, 5.72965852541e-08, 8.1382573569e-08, 5.98172391619e-08, 5.69285347751e-08, 4.0055475381e-08, 2.75211036183e-08, 2.68416222582e-08, 1.47423442343e-08, 5.50466339178e-10],
        "dvar2": [1.25819788082e-05, 0.0025654155761, 0.000126656217617, 1.51179174281e-05, 1.88087506103e-05, 3.52480810761e-06, 1.64273296832e-05, 1.16752698887e-05, 1.58561852004e-05, 2.95139557238e-06, 3.81733570975e-06, 2.89565605271e-06, 2.15896261579e-06, 1.57547151503e-06, 1.84669613645e-06, 2.55856389231e-06, 3.89339817275e-07, 4.94772507409e-07, 1.56746821744e-07, 2.03828420808e-07, 1.57160329195e-07, 1.49359905777e-07, 1.0758490987e-07, 6.19695086357e-08, 5.5555041456e-08, 3.04932434858e-08, 1.38317546305e-09],
        "max": [0.0243313442916, 0.219413280487, 0.0662815719843, 0.0242017321289, 0.0282251108438, 0.0201702006161, 0.0287307035178, 0.035666782409, 0.0369408205152, 0.0445022024214, 0.0292474813759, 0.0192932691425, 0.0135026974604, 0.00945348106325, 0.00966236181557, 0.0134275592864, 0.00757586117834, 0.00667655654252, 0.0040715970099, 0.00401726411656, 0.00388978538103, 0.00465154787526, 0.00418401323259, 0.00182025961112, 0.00194445042871, 0.00143166515045, 0.000247678399319],
        "mean": [0.000849778123666, 0.0129341911525, 0.0070447139442, 0.0016425922513, 0.00407747318968, 0.00155326537788, 0.00231688725762, 0.0016530972207, 0.0026023380924, 0.000764876720496, 0.000942794722505, 0.00117522408254, 0.000534359540325, 0.000539829314221, 0.000711218162905, 0.000729865743779, 0.000374761235435, 0.000508741883095, 0.000226181378821, 0.000330950308125, 0.000273830926744, 0.000256714876741, 0.000233974627918, 0.000214774991036, 0.000193602012587, 0.000119609743706, 1.18996622405e-05],
        "median": [6.11419454799e-05, 0.0033767267596, 0.00293196039274, 0.000878345570527, 0.00283290771767, 0.00111791421659, 0.000554205151275, 0.000422389304731, 0.000519555003848, 0.000142424469232, 0.000248182361247, 0.000355049473001, 0.000185896991752, 0.000253503851127, 0.000295445352094, 0.000235049301409, 0.000160291572683, 0.000220647125388, 0.000133554276545, 0.000155843459652, 0.00013476658205, 0.000113093221444, 0.000120290584164, 8.41967921588e-05, 7.98184701125e-05, 4.14656642533e-05, 1.93937398763e-06],
        "min": [6.40356695965e-24, 3.41217019833e-23, 1.5362959633e-24, 7.88220823483e-24, 1.28576401077e-22, 1.87816784812e-23, 1.34100295436e-22, 5.33689267278e-23, 4.15936757262e-23, 4.53831426338e-23, 3.04634289551e-23, 5.32616100902e-23, 7.6429590285e-23, 1.57061991659e-22, 1.52920333067e-22, 1.42334097398e-22, 2.60953748565e-22, 2.19747744331e-22, 2.8596760648e-22, 3.78947725748e-22, 5.24449219588e-22, 5.65595699533e-22, 8.1914639871e-22, 1.09893155713e-21, 1.00091418863e-21, 1.41074078273e-21, 2.35889151116e-21],
        "stdev": [0.0024637193419, 0.028652459383, 0.00941034872085, 0.00242463685572, 0.00388094154187, 0.00151268206537, 0.00405633402988, 0.0032862322405, 0.00519710639492, 0.00333005865104, 0.00197762274183, 0.00253288424574, 0.00120869465172, 0.000902089464944, 0.0012055094121, 0.00143183395267, 0.000588149065152, 0.000745245488361, 0.000299264327623, 0.000462066323962, 0.000369549496099, 0.000366351712728, 0.000306783738779, 0.000298559840303, 0.000261634646449, 0.000179496099008, 2.41794368776e-05],
        "var": [6.0699126152e-06, 0.000820963468868, 8.85546614882e-05, 5.8788637034e-06, 1.50617070176e-05, 2.28820704251e-06, 1.64538469107e-05, 1.0799321899e-05, 2.70099135378e-05, 1.10892906378e-05, 3.91099138142e-06, 6.41550286673e-06, 1.46094282627e-06, 8.13765439034e-07, 1.45325304857e-06, 2.05014862331e-06, 3.45919318079e-07, 5.55390840873e-07, 8.95591298899e-08, 2.13505288116e-07, 1.36566839615e-07, 1.34213578917e-07, 9.41162596746e-08, 8.9137984105e-08, 6.84526852979e-08, 3.22188498103e-08, 5.84645165613e-10]
    },
    "erbbands": {
        "dmean": [0.3428196311, 2.5626282692, 4.18092489243, 3.45618724823, 4.3408203125, 9.47452735901, 5.84729766846, 5.97477722168, 7.75496959686, 30.4280033112, 22.9159927368, 23.4575862885, 20.5569286346, 16.4636631012, 17.2991390228, 19.6773815155, 16.7488594055, 16.1381320953, 15.4743585587, 26.674118042, 22.218328476, 13.2190389633, 13.6508817673, 8.34986972809, 6.17263841629, 8.06390953064, 5.7238984108, 5.38915014267, 4.58871889114, 3.84560894966, 2.9419169426, 2.05600166321, 1.88109993935, 1.16798222065, 0.748861372471, 0.371941179037, 0.129131227732, 0.030098028481, 0.00113956921268, 3.64898587577e-05],
        "dmean2": [0.609523236752, 4.37021684647, 7.09773492813, 5.88304567337, 7.35635232925, 15.2992391586, 9.73352813721, 9.37145042419, 12.5492944717, 47.24269104, 35.4449272156, 35.3230018616, 30.3542671204, 24.0276908875, 27.039264679, 29.955034256, 26.2572307587, 26.4835090637, 25.0159168243, 43.1081848145, 36.3541183472, 21.147769928, 21.7890377045, 13.8679199219, 10.0040788651, 12.4979610443, 9.20543575287, 8.65908432007, 7.04420614243, 6.15933847427, 4.55166578293, 3.10863852501, 2.95690274239, 1.75317704678, 1.11647129059, 0.548192679882, 0.18768902123, 0.0463631376624, 0.00187288795132, 5.55358965357e-05],
        "dvar": [0.976188063622, 43.3935508728, 64.638671875, 37.3969917297, 67.4415664673, 170.487731934, 55.7386856079, 110.153564453, 335.711395264, 3237.31542969, 3153.21240234, 2781.59106445, 3006.92114258, 1793.44873047, 1204.81396484, 1793.90515137, 1823.62109375, 1256.96350098, 1097.91967773, 3095.10205078, 3242.6262207, 587.077087402, 564.639587402, 266.875396729, 117.486869812, 210.021499634, 104.351791382, 99.6245193481, 71.5743026733, 102.751296997, 22.7098064423, 10.6992797852, 9.31097507477, 3.33854341507, 1.6825735569, 0.40174511075, 0.0461137183011, 0.00289235520177, 5.7166962506e-06, 4.05966282813e-09],
        "dvar2": [2.78390598297, 114.989990234, 181.613189697, 107.464370728, 185.317367554, 428.485321045, 149.093200684, 266.059936523, 847.676879883, 7689.24609375, 6745.58789062, 5658.63818359, 5318.95458984, 3421.36450195, 2811.32104492, 3597.38354492, 4062.84741211, 3339.08056641, 2707.02612305, 7157.35302734, 9059.1484375, 1356.00317383, 1386.95202637, 742.325500488, 301.079956055, 535.936828613, 274.960632324, 267.047821045, 180.412414551, 287.775299072, 57.6391563416, 23.083984375, 21.8789978027, 7.1129732132, 3.6253619194, 0.877825200558, 0.092958830297, 0.00623701233417, 1.41120563057e-05, 9.30528276655e-09],
        "max": [7.77611541748, 49.7682151794, 71.9152755737, 76.1055831909, 108.760719299, 165.915679932, 95.0281600952, 204.256500244, 397.189758301, 732.779418945, 986.957885742, 672.377746582, 1043.19030762, 1074.90307617, 547.332824707, 734.886474609, 679.652099609, 610.587219238, 435.520385742, 841.09765625, 908.565124512, 570.9140625, 337.08972168, 298.767944336, 142.557495117, 212.140670776, 146.189575195, 182.176040649, 138.009628296, 252.570800781, 71.776260376, 41.892791748, 28.8390522003, 18.2621479034, 15.7818384171, 8.4099817276, 2.16642284393, 0.567141592503, 0.0274351574481, 0.000628762238193],
        "mean": [0.328318208456, 3.06495904922, 8.27415084839, 6.63706159592, 6.71375322342, 19.8193778992, 12.0228338242, 13.3138914108, 14.6366662979, 56.1648178101, 42.1714172363, 44.1833305359, 44.6225280762, 31.5504760742, 31.3051166534, 41.1993141174, 30.5996284485, 26.7634944916, 25.1381187439, 46.305065155, 40.0858039856, 25.3975009918, 26.8613319397, 16.2825775146, 12.659740448, 15.8437080383, 11.6799697876, 10.3069200516, 9.39827251434, 8.58662319183, 6.27058315277, 4.27420806885, 3.66756653786, 2.2378115654, 1.358756423, 0.622400045395, 0.199776753783, 0.0396787524223, 0.0012937313877, 8.19968845462e-05],
        "median": [0.0678674057126, 0.867093682289, 3.95438361168, 4.05261039734, 3.96494603157, 12.4471139908, 9.07485675812, 9.66696929932, 6.54159545898, 16.3931465149, 10.169303894, 10.3698987961, 10.0648040771, 10.7457990646, 13.1145029068, 13.9337244034, 10.9908399582, 13.5933513641, 11.3372163773, 18.8352050781, 13.1285390854, 11.3104524612, 12.2222299576, 8.93206119537, 7.31171941757, 7.58899688721, 5.41155529022, 4.9801363945, 4.10160970688, 4.19049358368, 3.17527556419, 1.72180855274, 1.43074536324, 0.963940560818, 0.507116019726, 0.234244823456, 0.0627609714866, 0.00932260323316, 0.000288302806439, 5.91524294578e-05],
        "min": [1.33505890637e-21, 6.22198834804e-21, 2.68798317722e-21, 1.49204124706e-20, 6.66894270967e-20, 5.53093902993e-19, 5.68427608502e-19, 1.58083430368e-19, 1.46227127531e-18, 1.71116868085e-18, 1.17868946289e-18, 1.14597622743e-18, 9.38619315254e-19, 1.49954548128e-18, 1.42239413875e-18, 2.37945410159e-18, 2.4556758999e-18, 9.12691566429e-18, 7.32280331544e-18, 8.14065002197e-18, 9.83119378143e-18, 1.31045095927e-17, 1.34207241973e-17, 1.43132553869e-17, 1.28966407591e-17, 2.17084221167e-17, 2.44442094962e-17, 1.47398572442e-17, 1.84084446199e-17, 1.90642433357e-17, 2.86416150918e-17, 1.99526650921e-17, 2.08064362527e-17, 1.38569172138e-17, 5.46458466915e-18, 4.7754104564e-18, 2.55660806466e-18, 1.33572597987e-18, 2.82081332632e-19, 3.67474082398e-20],
        "stdev": [0.862484931946, 6.34149599075, 11.3015136719, 7.92392396927, 8.80962085724, 20.5198154449, 10.7803010941, 14.4999227524, 24.2402458191, 95.8559875488, 83.4176559448, 85.1159439087, 117.238853455, 76.7342529297, 51.0278663635, 90.3748931885, 63.8941879272, 41.1717681885, 41.5013122559, 79.8678207397, 82.2664337158, 39.5127983093, 38.4191551208, 21.2577896118, 15.5303134918, 22.7966308594, 16.0871372223, 14.3667240143, 13.4773139954, 12.6173915863, 8.09515666962, 6.10044384003, 5.02449369431, 2.95585370064, 1.93695759773, 0.917950928211, 0.312169700861, 0.0683581382036, 0.0025186012499, 8.72183954925e-05],
        "var": [0.743880271912, 40.2145690918, 127.724212646, 62.7885742188, 77.6094207764, 421.062835693, 116.214897156, 210.247772217, 587.589538574, 9188.37011719, 6958.50585938, 7244.72412109, 13744.9482422, 5888.14599609, 2603.84301758, 8167.62109375, 4082.46704102, 1695.11450195, 1722.35900879, 6378.86914062, 6767.76660156, 1561.26135254, 1476.03137207, 451.893615723, 241.190643311, 519.686401367, 258.79598999, 206.402770996, 181.638000488, 159.198562622, 65.5315551758, 37.2154159546, 25.2455387115, 8.73707103729, 3.75180482864, 0.842633903027, 0.0974499210715, 0.00467283511534, 6.34335174254e-06, 7.60704832459e-09]
    },
    "gfcc": {
        "mean": [21.9942150116, 81.5337142944, -104.070281982, 25.0377960205, -60.2092819214, 13.108083725, -43.2839431763, 8.29055690765, -26.4563159943, 3.25984334946, -19.5766906738, 2.40465569496, -15.3781557083],
        "cov": [[8860.94726562, -1719.01147461, 837.629577637, 1390.98242188, 1086.70568848, 1213.7442627, 482.091918945, 977.11126709, 183.671676636, 589.917541504, -340.766143799, 204.359298706, -128.269378662], [-1719.01147461, 778.592163086, -266.344390869, -347.580993652, -219.253799438, -245.983932495, -33.9449424744, -220.009292603, -58.0910720825, -149.469619751, 97.7034759521, -73.323928833, 12.5648412704], [837.629577637, -266.344390869, 539.169677734, 311.036102295, 205.464233398, 230.519714355, 93.860168457, 128.748016357, 16.79986763, 129.374328613, -9.91089248657, 59.8986625671, -12.7924852371], [1390.98242188, -347.580993652, 311.036102295, 551.605041504, 277.787597656, 228.808502197, 71.8222579956, 179.138671875, 75.2265090942, 134.653320312, -60.9194908142, 56.5693855286, 6.30847072601], [1086.70568848, -219.253799438, 205.464233398, 277.787597656, 347.837127686, 220.399093628, 65.3049545288, 175.661880493, 49.379535675, 102.654907227, -67.7658157349, 36.2253761292, 16.8449630737], [1213.7442627, -245.983932495, 230.519714355, 228.808502197, 220.399093628, 329.12097168, 161.681777954, 146.44229126, 8.80034351349, 96.5706329346, -37.3694229126, 29.1785392761, -25.4237251282], [482.091918945, -33.9449424744, 93.860168457, 71.8222579956, 65.3049545288, 161.681777954, 235.956436157, 70.3434143066, -17.7960605621, 40.3122787476, -0.196020379663, 2.69513869286, -52.5424919128], [977.11126709, -220.009292603, 128.748016357, 179.138671875, 175.661880493, 146.44229126, 70.3434143066, 213.606567383, 66.6241073608, 84.7480163574, -52.1870765686, 31.6493225098, 8.87504959106], [183.671676636, -58.0910720825, 16.79986763, 75.2265090942, 49.379535675, 8.80034351349, -17.7960605621, 66.6241073608, 96.525062561, 41.7643241882, -18.3927059174, 6.72176361084, 11.9729766846], [589.917541504, -149.469619751, 129.374328613, 134.653320312, 102.654907227, 96.5706329346, 40.3122787476, 84.7480163574, 41.7643241882, 140.969940186, 8.24888515472, 23.2253818512, -23.0601520538], [-340.766143799, 97.7034759521, -9.91089248657, -60.9194908142, -67.7658157349, -37.3694229126, -0.196020379663, -52.1870765686, -18.3927059174, 8.24888515472, 95.7423629761, 14.0158891678, -28.3776607513], [204.359298706, -73.323928833, 59.8986625671, 56.5693855286, 36.2253761292, 29.1785392761, 2.69513869286, 31.6493225098, 6.72176361084, 23.2253818512, 14.0158891678, 63.51354599, 17.5455818176], [-128.269378662, 12.5648412704, -12.7924852371, 6.30847072601, 16.8449630737, -25.4237251282, -52.5424919128, 8.87504959106, 11.9729766846, -23.0601520538, -28.3776607513, 17.5455818176, 88.9682159424]],
        "icov": [[0.000552277488168, 0.000134749949211, 0.000489725964144, -0.000550325086806, 0.000210773112485, -0.00116237450857, 0.000468270736746, -0.00132731872145, 0.000854474375956, -0.000759066373575, 0.00122246728279, -0.000948840053752, 0.00118884479161], [0.000134749949211, 0.00324485544115, 0.000216398504563, 0.000586633512285, -0.00141187722329, 0.00136506999843, -0.0018269547727, 0.00133949506562, -0.00074242905248, 0.0015163103817, -0.00350278895348, 0.00303837424144, -0.00205317721702], [0.000489725964144, 0.000216398504563, 0.00389771093614, -0.00164831976872, 3.99377204303e-05, -0.00219601462595, 0.000492170394864, -0.00110734626651, 0.00178409309592, -0.00192536914255, 0.000494412495755, -0.00186033826321, 0.000904282322153], [-0.000550325086806, 0.000586633512285, -0.00164831976872, 0.00481157982722, -0.00198089028709, 0.000947784807067, -0.000822502712253, 0.00194977188949, -0.00273478869349, 0.000318562204484, -0.000576957594603, 0.000119043565064, -0.00124571227934], [0.000210773112485, -0.00141187722329, 3.99377204303e-05, -0.00198089028709, 0.00869626179338, -0.00438429741189, 0.00231592240743, -0.00380728463642, 0.00122649839614, -0.00243261596188, 0.00417470326647, -0.00200857780874, 0.000429731851909], [-0.00116237450857, 0.00136506999843, -0.00219601462595, 0.000947784807067, -0.00438429741189, 0.0127236656845, -0.00600260542706, 0.00234606931917, -0.000112789872219, 0.00139724893961, -0.00354957976379, 0.00339366518892, -0.0029886958655], [0.000468270736746, -0.0018269547727, 0.000492170394864, -0.000822502712253, 0.00231592240743, -0.00600260542706, 0.00952936243266, -0.00437738979235, 0.00312271458097, -0.00103696051519, 0.00265003414825, -0.00220702518709, 0.00556440837681], [-0.00132731872145, 0.00133949506562, -0.00110734626651, 0.00194977188949, -0.00380728463642, 0.00234606931917, -0.00437738979235, 0.0165519434959, -0.00824362225831, 0.000331215531332, -0.00065521534998, 0.00024202329223, -0.00430682906881], [0.000854474375956, -0.00074242905248, 0.00178409309592, -0.00273478869349, 0.00122649839614, -0.000112789872219, 0.00312271458097, -0.00824362225831, 0.0186109878123, -0.00552836665884, 0.0031098194886, -0.000532468431629, 0.00134873553179], [-0.000759066373575, 0.0015163103817, -0.00192536914255, 0.000318562204484, -0.00243261596188, 0.00139724893961, -0.00103696051519, 0.000331215531332, -0.00552836665884, 0.0159724000841, -0.00796047411859, 0.00273676682264, 0.000411592889577], [0.00122246728279, -0.00350278895348, 0.000494412495755, -0.000576957594603, 0.00417470326647, -0.00354957976379, 0.00265003414825, -0.00065521534998, 0.0031098194886, -0.00796047411859, 0.0259107556194, -0.0146012399346, 0.0108571369201], [-0.000948840053752, 0.00303837424144, -0.00186033826321, 0.000119043565064, -0.00200857780874, 0.00339366518892, -0.00220702518709, 0.00024202329223, -0.000532468431629, 0.00273676682264, -0.0146012399346, 0.0290086977184, -0.0116476174444], [0.00118884479161, -0.00205317721702, 0.000904282322153, -0.00124571227934, 0.000429731851909, -0.0029886958655, 0.00556440837681, -0.00430682906881, 0.00134873553179, 0.000411592889577, 0.0108571369201, -0.0116476174444, 0.0219279751182]]
    },
    "melbands": {
        "dmean": [0.00316127389669, 0.00231784884818, 0.000596768106334, 0.000422835990321, 0.000255657185335, 0.000133149966132, 0.000158209717483, 0.00030599872116, 0.000193582804059, 0.000161649804795, 0.000105586666905, 6.61485319142e-05, 7.27437000023e-05, 4.91474675073e-05, 5.96158788539e-05, 3.8562084228e-05, 3.08437738568e-05, 2.74924896075e-05, 3.64172265108e-05, 3.1361974834e-05, 2.60234191956e-05, 1.56993392011e-05, 1.23861491375e-05, 1.29301943161e-05, 6.82757536197e-06, 4.69847964268e-06, 5.61502974961e-06, 5.46131605006e-06, 4.04657703257e-06, 3.35349182023e-06, 3.35156892106e-06, 2.76915557151e-06, 2.52633276432e-06, 2.27308510148e-06, 1.92660831999e-06, 1.41703139889e-06, 1.28168437641e-06, 1.40110080338e-06, 1.26209693008e-06, 9.75573584583e-07],
        "dmean2": [0.0054945088923, 0.00382315111347, 0.00100575468969, 0.000693054578733, 0.000417428585934, 0.000210892918403, 0.000254910497461, 0.000473059451906, 0.000296030862955, 0.000240961817326, 0.000157508591656, 9.62980557233e-05, 0.000112949113827, 7.52407868276e-05, 9.28916197154e-05, 6.31890143268e-05, 5.0805931096e-05, 4.48576356575e-05, 5.8056673879e-05, 5.10494101036e-05, 4.2832307372e-05, 2.57392403e-05, 2.024629066e-05, 2.01451457542e-05, 1.15825941975e-05, 7.76194337959e-06, 9.04352782527e-06, 8.4659195636e-06, 6.58733279124e-06, 5.4826550695e-06, 5.4497727433e-06, 4.39904988525e-06, 4.06572780776e-06, 3.69335839423e-06, 3.02876560454e-06, 2.18288528231e-06, 1.95330744646e-06, 2.2334706955e-06, 1.93767459677e-06, 1.47485354773e-06],
        "dvar": [7.66687444411e-05, 2.2775704565e-05, 1.02123715351e-06, 3.95809877318e-07, 9.34063280056e-08, 5.10438162848e-08, 1.04902369458e-07, 3.04824766317e-07, 2.2694781876e-07, 1.42235776934e-07, 8.29117254852e-08, 3.2202859046e-08, 2.49112819262e-08, 1.18372005531e-08, 2.61922217248e-08, 1.18779484026e-08, 4.77245709618e-09, 4.23407309214e-09, 5.71370151192e-09, 4.64900029584e-09, 4.6466190895e-09, 9.10059860804e-10, 5.69953584328e-10, 6.34625907381e-10, 2.01560795832e-10, 7.4395337113e-11, 9.1806909297e-11, 1.06954028967e-10, 6.06153460758e-11, 3.2914362208e-11, 4.43006360762e-11, 2.64609601591e-11, 2.90794645308e-11, 3.61413884931e-11, 1.00128178318e-11, 4.86003381636e-12, 4.26825502026e-12, 5.37714751198e-12, 4.00273390821e-12, 2.43345339539e-12],
        "dvar2": [0.000211124337511, 6.08704394836e-05, 2.93739822155e-06, 1.05271169559e-06, 2.45743450478e-07, 1.23445218492e-07, 2.72576556881e-07, 7.23970970284e-07, 4.76756952139e-07, 2.83713859517e-07, 1.45208801428e-07, 5.88864779161e-08, 5.86239963241e-08, 2.62647557037e-08, 5.18146094919e-08, 2.90844095474e-08, 1.28827144508e-08, 1.06987529946e-08, 1.35689504077e-08, 1.14122435946e-08, 1.28687727141e-08, 2.10302486536e-09, 1.51447920871e-09, 1.46414702584e-09, 5.7657750796e-10, 1.96050023438e-10, 2.288358808e-10, 2.74964079283e-10, 1.64270055891e-10, 8.62621640785e-11, 1.21746349113e-10, 6.67077573735e-11, 8.00399121981e-11, 1.00532124292e-10, 2.5320114061e-11, 1.16009753887e-11, 9.41585611564e-12, 1.31045200732e-11, 9.17533410361e-12, 5.2677372013e-12],
        "max": [0.0631638169289, 0.0400243960321, 0.0122460080311, 0.00660640280694, 0.00373439630494, 0.00468860007823, 0.00540761742741, 0.00663984939456, 0.0075678229332, 0.00549240363762, 0.00534134265035, 0.00425251014531, 0.00249953614548, 0.00175330287311, 0.00333776185289, 0.00175840070006, 0.00100161251612, 0.000875821453519, 0.00101618724875, 0.00106446398422, 0.00108281266876, 0.000673604896292, 0.000367773754988, 0.000517966982443, 0.000268158270046, 0.000120973920275, 0.000172298503458, 0.000161354604643, 0.000106648134533, 6.2805658672e-05, 0.000130859785713, 6.81541350787e-05, 0.000109597633127, 0.000151776301209, 4.6315813961e-05, 2.90539319394e-05, 2.39602850343e-05, 2.50087341556e-05, 1.97570388991e-05, 1.73186672328e-05],
        "mean": [0.00334276608191, 0.00415002554655, 0.00117131962907, 0.000885767687578, 0.000568182964344, 0.00029157588142, 0.000294280587696, 0.000566344475374, 0.000352469476638, 0.000302716944134, 0.00022560369689, 0.000125766688143, 0.000122959041619, 8.7994558271e-05, 0.000124705533381, 5.54015205125e-05, 4.71418024972e-05, 3.87484615203e-05, 5.70373740629e-05, 5.57097300771e-05, 4.27345839853e-05, 2.57722895185e-05, 2.26032680075e-05, 2.41815250774e-05, 1.18778780234e-05, 8.488595995e-06, 1.04268319774e-05, 1.02896347016e-05, 7.61852743381e-06, 6.30044905847e-06, 5.7862439462e-06, 5.29829048901e-06, 4.97501514474e-06, 4.71162229587e-06, 3.87623413189e-06, 2.70008945336e-06, 2.54533802035e-06, 2.61695322479e-06, 2.27757641369e-06, 1.77098661425e-06],
        "median": [0.000833053491078, 0.00215360475704, 0.000833937723655, 0.000624836480711, 0.000419019517722, 0.000213122621062, 0.000110251363367, 0.000152536857058, 5.89401934121e-05, 6.29538772046e-05, 4.19633070123e-05, 3.50340851583e-05, 4.28046951129e-05, 2.78615862044e-05, 2.87791626761e-05, 2.1032496079e-05, 2.37225540332e-05, 1.3606982975e-05, 2.25033309107e-05, 1.93226860574e-05, 1.17165518532e-05, 1.05228236862e-05, 9.22182516661e-06, 1.13187925308e-05, 6.34640127828e-06, 5.03107639815e-06, 5.34737546332e-06, 4.44304032499e-06, 3.28501255353e-06, 2.96244365927e-06, 2.55103759628e-06, 2.12701729652e-06, 2.13138173422e-06, 2.30242608268e-06, 1.8699473685e-06, 1.15783257115e-06, 9.60748138823e-07, 9.72381030806e-07, 9.13106987355e-07, 7.5018726875e-07],
        "min": [1.058865195e-23, 3.57597353654e-24, 3.83399100598e-24, 1.8496800298e-23, 2.54792085407e-23, 3.43201036565e-24, 2.46759809007e-23, 1.81460001643e-23, 8.75930559888e-24, 6.37208430978e-24, 4.60643887121e-24, 6.17064473333e-24, 4.62570285451e-24, 5.37333433895e-24, 4.82219311765e-24, 8.32104051235e-24, 1.80128010004e-23, 1.16031665171e-23, 9.01195329213e-24, 1.05798529954e-23, 1.17845019734e-23, 1.33069806435e-23, 1.32986534278e-23, 1.24195026588e-23, 1.14660806356e-23, 9.74372591136e-24, 1.00006941958e-23, 1.47020858876e-23, 1.498589122e-23, 1.25249922945e-23, 7.60877721216e-24, 8.96723434514e-24, 1.35541496978e-23, 8.91304433411e-24, 1.64513833672e-23, 1.46755833166e-23, 1.12577416817e-23, 1.48005357286e-23, 1.29587166977e-23, 1.18431151275e-23],
        "stdev": [0.00797933340073, 0.00588061986491, 0.0013284732122, 0.000868403643835, 0.000483688520035, 0.000309587281663, 0.000464494049083, 0.00092586746905, 0.00076116976561, 0.000630897004157, 0.000621135579422, 0.000343261985108, 0.000222534305067, 0.000177666719537, 0.000361904472811, 0.000130856933538, 7.74116269895e-05, 7.68145400798e-05, 0.000102341487946, 0.000102466867247, 9.70889232121e-05, 4.37689195678e-05, 3.70096204279e-05, 3.98837582907e-05, 1.66023546626e-05, 1.10190703708e-05, 1.37346214615e-05, 1.62326850841e-05, 1.14367530841e-05, 8.74727811606e-06, 8.57738086779e-06, 7.87010594649e-06, 7.38106609788e-06, 7.10336462362e-06, 5.15863303008e-06, 3.73522016162e-06, 3.79699713449e-06, 3.72296904061e-06, 3.09327992909e-06, 2.4144269446e-06],
        "var": [6.36697659502e-05, 3.45816915797e-05, 1.76484093117e-06, 7.54124926061e-07, 2.33954580153e-07, 9.58442925025e-08, 2.15754710098e-07, 8.57230588736e-07, 5.7937938891e-07, 3.98031005489e-07, 3.85809386216e-07, 1.1782879028e-07, 4.95215175533e-08, 3.15654631322e-08, 1.30974854073e-07, 1.7123538143e-08, 5.99256022582e-09, 5.90047388727e-09, 1.04737800655e-08, 1.04994590799e-08, 9.42625888456e-09, 1.9157182507e-09, 1.3697121215e-09, 1.59071411598e-09, 2.75638206704e-10, 1.21419915788e-10, 1.88639825982e-10, 2.63500055109e-10, 1.30799329701e-10, 7.65148708282e-11, 7.3571468362e-11, 6.19385653877e-11, 5.44801356805e-11, 5.0457787254e-11, 2.66114925235e-11, 1.39518691739e-11, 1.44171870622e-11, 1.38604986863e-11, 9.5683808099e-12, 5.82945757638e-12]
    },
    "melbands128": {
