{
"lowlevel": {
    "average_loudness": 0.971473574638,
    "barkbands_crest": {
        "dmean": 2.76117992401,
        "dmean2": 4.34808921814,
        "dvar": 7.00226688385,
        "dvar2": 15.2754907608,
        "max": 25.8793945312,
        "mean": 12.0401945114,
        "median": 11.1100349426,
        "min": 3.12248897552,
        "stdev": 4.93268013,
        "var": 24.3313331604
    },
    "barkbands_flatness_db": {
        "dmean": 0.0293283201754,
        "dmean2": 0.0418667197227,
        "dvar": 0.000925415894017,
        "dvar2": 0.00175968534313,
        "max": 0.437101304531,
        "mean": 0.178885653615,
        "median": 0.175222590566,
        "min": 0.0343472249806,
        "stdev": 0.0625855326653,
        "var": 0.00391694856808
    },
    "barkbands_kurtosis": {
        "dmean": 5.49417352676,
        "dmean2": 8.69738483429,
        "dvar": 167.666213989,
        "dvar2": 401.461517334,
        "max": 302.815643311,
        "mean": 8.67622947693,
        "median": 2.88994407654,
        "min": -1.89336597919,
        "stdev": 22.1859359741,
        "var": 492.21572876
    },
    "barkbands_skewness": {
        "dmean": 0.739090323448,
        "dmean2": 1.12397766113,
        "dvar": 0.808434724808,
        "dvar2": 1.6426500082,
        "max": 15.0482368469,
        "mean": 1.67686843872,
        "median": 1.31455624104,
        "min": -1.71351325512,
        "stdev": 1.87148427963,
        "var": 3.5024535656
    },
    "barkbands_spread": {
        "dmean": 6.13645982742,
        "dmean2": 9.45636463165,
        "dvar": 116.159370422,
        "dvar2": 255.938323975,
        "max": 112.025047302,
        "mean": 15.3575334549,
        "median": 12.5548191071,
        "min": 0.364436864853,
        "stdev": 13.4451942444,
        "var": 180.773254395
    },
    "dissonance": {
        "dmean": 0.035831425339,
        "dmean2": 0.0593845359981,
        "dvar": 0.00104223540984,
        "dvar2": 0.00269763870165,
        "max": 0.499932587147,
        "mean": 0.426703900099,
        "median": 0.437273383141,
        "min": 0.209626913071,
        "stdev": 0.0474994257092,
        "var": 0.00225619529374
    },
    "dynamic_complexity": 2.8965446949,
    "erbbands_crest": {
        "dmean": 2.98453521729,
        "dmean2": 4.79268074036,
        "dvar": 6.98707199097,
        "dvar2": 18.3457832336,
        "max": 27.7049350739,
        "mean": 10.6501169205,
        "median": 9.75328063965,
        "min": 2.15064883232,
        "stdev": 4.29857826233,
        "var": 18.4777755737
    },
    "erbbands_flatness_db": {
        "dmean": 0.024721276015,
        "dmean2": 0.0360744446516,
        "dvar": 0.000544083537534,
        "dvar2": 0.00100229587406,
        "max": 0.334331184626,
        "mean": 0.179376870394,
        "median": 0.176805466413,
        "min": 0.0546916723251,
        "stdev": 0.0549493990839,
        "var": 0.00301943649538
    },
    "erbbands_kurtosis": {
        "dmean": 1.61774194241,
        "dmean2": 2.51034259796,
        "dvar": 3.75128149986,
        "dvar2": 8.37138366699,
        "max": 26.2906723022,
        "mean": 2.46778488159,
        "median": 1.48328924179,
        "min": -1.74610853195,
        "stdev": 3.47899103165,
        "var": 12.1033792496
    },
    "erbbands_skewness": {
        "dmean": 0.471257120371,
        "dmean2": 0.731572270393,
        "dvar": 0.210206985474,
        "dvar2": 0.490616947412,
        "max": 4.193608284,
        "mean": 0.68386977911,
        "median": 0.655669748783,
        "min": -1.7013078928,
        "stdev": 0.738214075565,
        "var": 0.544960021973
    },
    "erbbands_spread": {
        "dmean": 9.20441150665,
        "dmean2": 13.508523941,
        "dvar": 188.036987305,
        "dvar2": 376.779846191,
        "max": 173.165802002,
        "mean": 27.3115062714,
        "median": 21.4006099701,
        "min": 3.20108747482,
        "stdev": 21.4138088226,
        "var": 458.551239014
    },
    "hfc": {
        "dmean": 8.01638793945,
        "dmean2": 11.4015169144,
        "dvar": 96.3870925903,
        "dvar2": 203.846221924,
        "max": 94.3296737671,
        "mean": 20.7319068909,
        "median": 15.4601430893,
        "min": 1.21621331611e-16,
        "stdev": 17.9360351562,
        "var": 321.701324463
    },
    "loudness_ebu128": {
        "integrated": -8.40214538574,
        "loudness_range": 1.14928722382,
        "momentary": {
            "dmean": 0.847983360291,
            "dmean2": 0.899871528149,
            "dvar": 0.841769635677,
            "dvar2": 0.839639604092,
            "max": -4.84157466888,
            "mean": -8.95338153839,
            "median": -8.56157684326,
            "min": -26.7378120422,
            "stdev": 2.5600643158,
            "var": 6.55392980576
        },
        "short_term": {
            "dmean": 0.0840447992086,
            "dmean2": 0.0979939103127,
            "dvar": 0.00390974199399,
            "dvar2": 0.00621647015214,
            "max": -7.19419002533,
            "mean": -8.4743347168,
            "median": -8.503490448,
            "min": -9.42701053619,
            "stdev": 0.382433533669,
            "var": 0.146255418658
        }
    },
    "melbands_crest": {
        "dmean": 3.49533939362,
        "dmean2": 5.5938410759,
        "dvar": 12.1733398438,
        "dvar2": 28.5913105011,
        "max": 32.8765830994,
        "mean": 15.69435215,
        "median": 15.0396747589,
        "min": 2.52277088165,
        "stdev": 5.82130384445,
        "var": 33.8875770569
    },
    "melbands_flatness_db": {
        "dmean": 0.0357435494661,
        "dmean2": 0.0502093695104,
        "dvar": 0.00139287381899,
        "dvar2": 0.00262558530085,
        "max": 0.567976653576,
        "mean": 0.265585571527,
        "median": 0.25741443038,
        "min": 0.012262031436,
        "stdev": 0.0759306997061,
        "var": 0.00576547067612
    },
    "melbands_kurtosis": {
        "dmean": 9.97603988647,
        "dmean2": 15.1729326248,
        "dvar": 715.161254883,
        "dvar2": 1530.96020508,
        "max": 704.059143066,
        "mean": 16.151506424,
        "median": 4.92830610275,
        "min": -1.49214613438,
        "stdev": 37.6439590454,
        "var": 1417.06762695
    },
    "melbands_skewness": {
        "dmean": 0.884576559067,
        "dmean2": 1.28791725636,
        "dvar": 1.3092674017,
        "dvar2": 2.32844686508,
        "max": 22.5486774445,
        "mean": 2.31001186371,
        "median": 1.83699309826,
        "min": -1.56077444553,
        "stdev": 2.22757601738,
        "var": 4.96209478378
    },
    "melbands_spread": {
        "dmean": 5.90744590759,
        "dmean2": 9.01012134552,
        "dvar": 109.74357605,
        "dvar2": 244.572662354,
        "max": 151.702423096,
        "mean": 16.4260940552,
        "median": 14.3789987564,
        "min": 0.418004959822,
        "stdev": 12.9583892822,
        "var": 167.91986084
    },
    "pitch_salience": {
        "dmean": 0.0742907747626,
        "dmean2": 0.117919199169,
        "dvar": 0.0051504233852,
        "dvar2": 0.0109422625974,
        "max": 0.849756240845,
        "mean": 0.504478633404,
        "median": 0.512315571308,
        "min": 0.0840690732002,
        "stdev": 0.14254668355,
        "var": 0.0203195586801
    },
    "silence_rate_20dB": {
        "dmean": 0,
        "dmean2": 0,
        "dvar": 0,
        "dvar2": 0,
        "max": 1,
        "mean": 1,
        "median": 1,
        "min": 1,
        "stdev": 0,
        "var": 0
    },
    "silence_rate_30dB": {
        "dmean": 0.00464396271855,
        "dmean2": 0.00929511990398,
        "dvar": 0.00462236162275,
        "dvar2": 0.0123072080314,
        "max": 1,
        "mean": 0.996906399727,
        "median": 1,
        "min": 0,
        "stdev": 0.0555337332189,
        "var": 0.00308399554342
    },
    "silence_rate_60dB": {
        "dmean": 0.0100619196892,
        "dmean2": 0.0193648338318,
        "dvar": 0.00996054615825,
        "dvar2": 0.0220885574818,
        "max": 1,
        "mean": 0.0386697612703,
        "median": 0,
        "min": 0,
        "stdev": 0.192806720734,
        "var": 0.0371744297445
    },
    "spectral_centroid": {
        "dmean": 199.376220703,
        "dmean2": 292.512451172,
        "dvar": 162500.765625,
        "dvar2": 257537.59375,
        "max": 11185.1044922,
        "mean": 835.189208984,
        "median": 791.258728027,
        "min": 124.836975098,
        "stdev": 480.760559082,
        "var": 231130.703125
    },
    "spectral_complexity": {
        "dmean": 2.84442734718,
        "dmean2": 4.17041063309,
        "dvar": 8.04468727112,
        "dvar2": 14.871090889,
        "max": 33,
        "mean": 13.6055688858,
        "median": 14,
        "min": 0,
        "stdev": 5.73471736908,
        "var": 32.8869857788
    },
    "spectral_decrease": {
        "dmean": 2.65924593457e-09,
        "dmean2": 3.79398823469e-09,
        "dvar": 9.99433944082e-18,
        "dvar2": 1.93218720462e-17,
        "max": 1.1078867468e-28,
        "mean": -9.71964375651e-09,
        "median": -9.02785046719e-09,
        "min": -3.11148120602e-08,
        "stdev": 6.39285024917e-09,
        "var": 4.08685323767e-17
    },
    "spectral_energy": {
        "dmean": 0.010524308309,
        "dmean2": 0.014909577556,
        "dvar": 0.000150089690578,
        "dvar2": 0.000288702751277,
        "max": 0.118507094681,
        "mean": 0.0385646559298,
        "median": 0.0359624475241,
        "min": 1.06132741353e-20,
        "stdev": 0.0251908265054,
        "var": 0.000634577765595
    },
    "spectral_energyband_high": {
        "dmean": 0.000306407659082,
        "dmean2": 0.000478178320918,
        "dvar": 5.13704833338e-07,
        "dvar2": 1.17933484489e-06,
        "max": 0.00788818020374,
        "mean": 0.000365809595678,
        "median": 0.000126813174575,
        "min": 7.49470952192e-21,
        "stdev": 0.000762928044423,
        "var": 5.82059215049e-07
    },
    "spectral_energyband_low": {
        "dmean": 0.00591192999855,
        "dmean2": 0.00907090678811,
        "dvar": 0.000113625806989,
        "dvar2": 0.000238834545598,
        "max": 0.105974197388,
        "mean": 0.0161137897521,
        "median": 0.0105748157948,
        "min": 7.42808404643e-23,
        "stdev": 0.0175130404532,
        "var": 0.000306706613628
    },
    "spectral_energyband_middle_high": {
        "dmean": 0.00347351026721,
        "dmean2": 0.00474826339632,
        "dvar": 2.68539224635e-05,
        "dvar2": 4.83394287585e-05,
        "max": 0.104971252382,
        "mean": 0.00857212394476,
        "median": 0.00331672886387,
        "min": 1.71642784187e-21,
        "stdev": 0.0124355275184,
        "var": 0.000154642344569
    },
    "spectral_energyband_middle_low": {
        "dmean": 0.00508391670883,
        "dmean2": 0.00764547102153,
        "dvar": 4.83818803332e-05,
        "dvar2": 9.94767906377e-05,
        "max": 0.0671836659312,
        "mean": 0.0136778475717,
        "median": 0.011147832498,
        "min": 2.11188868567e-22,
        "stdev": 0.011155824177,
        "var": 0.000124452417367
    },
    "spectral_entropy": {
        "dmean": 0.282735794783,
        "dmean2": 0.400672823191,
        "dvar": 0.0810098722577,
        "dvar2": 0.150282293558,
        "max": 9.80893707275,
        "mean": 7.11147260666,
        "median": 7.04940366745,
        "min": 5.78085231781,
        "stdev": 0.538693606853,
        "var": 0.290190815926
    },
    "spectral_flux": {
        "dmean": 0.0306506883353,
        "dmean2": 0.0479986704886,
        "dvar": 0.00102940259967,
        "dvar2": 0.00227760220878,
        "max": 0.276032418013,
        "mean": 0.0872010067105,
        "median": 0.077905267477,
        "min": 1.03020744713e-10,
        "stdev": 0.0478712320328,
        "var": 0.00229165493511
    },
    "spectral_kurtosis": {
        "dmean": 3.20395040512,
        "dmean2": 4.84372138977,
        "dvar": 10.2291231155,
        "dvar2": 23.3138904572,
        "max": 40.7118759155,
        "mean": 9.18403339386,
        "median": 8.27980232239,
        "min": -1.29241204262,
        "stdev": 5.89016628265,
        "var": 34.6940574646
    },
    "spectral_rms": {
        "dmean": 0.000867352413479,
        "dmean2": 0.00121914339252,
        "dvar": 9.41211567351e-07,
        "dvar2": 1.68175267845e-06,
        "max": 0.0107525195926,
        "mean": 0.00573295680806,
        "median": 0.0059232856147,
        "min": 3.21782748017e-12,
        "stdev": 0.00218109879643,
        "var": 4.75719207316e-06
    },
    "spectral_rolloff": {
        "dmean": 461.947235107,
        "dmean2": 782.38458252,
        "dvar": 2062264.625,
        "dvar2": 4505369,
        "max": 19121.484375,
        "mean": 991.010314941,
        "median": 775.1953125,
        "min": 64.599609375,
        "stdev": 1423.65148926,
        "var": 2026783.5
    },
    "spectral_skewness": {
        "dmean": 0.393724471331,
        "dmean2": 0.564713776112,
        "dvar": 0.136767566204,
        "dvar2": 0.271659016609,
        "max": 5.1311955452,
        "mean": 2.46280312538,
        "median": 2.45438933372,
        "min": -0.0354705490172,
        "stdev": 0.724916219711,
        "var": 0.525503516197
    },
    "spectral_spread": {
        "dmean": 1131821.375,
        "dmean2": 1622028.375,
        "dvar": 2.57808610099e+12,
        "dvar2": 4.28350845747e+12,
        "max": 39571576,
        "mean": 4680549,
        "median": 4020942.25,
        "min": 1548615,
        "stdev": 2439968,
        "var": 5.95344385638e+12
    },
    "spectral_strongpeak": {
        "dmean": 0.59581053257,
        "dmean2": 0.998818457127,
        "dvar": 1.15450382233,
        "dvar2": 2.63931012154,
        "max": 10.4260530472,
        "mean": 1.19759953022,
        "median": 0.433043032885,
        "min": 0,
        "stdev": 1.73366165161,
        "var": 3.00558257103
    },
    "zerocrossingrate": {
        "dmean": 0.0116665959358,
        "dmean2": 0.014188522473,
        "dvar": 0.000508177326992,
        "dvar2": 0.000612322590314,
        "max": 0.51171875,
        "mean": 0.0421405993402,
        "median": 0.037109375,
        "min": 0.00244140625,
        "stdev": 0.0338801331818,
        "var": 0.0011478633387
    },
    "barkbands": {
        "dmean": [0.00111477263272, 0.00490124383941, 0.000943564693443, 0.000518934219144, 0.00153601414058, 0.000710076070391, 0.00173007277772, 0.00134194735438, 0.00181191822048, 0.00132832315285, 0.000642273051199, 0.000961517798714, 0.000714593101293, 0.000449831975857, 0.000348066503648, 0.000167170204804, 0.000167921316461, 7.29707680875e-05, 3.1806917832e-05, 2.76919454336e-05, 2.26802421821e-05, 3.85349849239e-05, 3.90444038203e-05, 7.41217590985e-05, 0.000100061508419, 4.87125762447e-05, 5.41564440937e-06],
        "dmean2": [0.00194456079043, 0.00765669066459, 0.00144405150786, 0.000851259217598, 0.0024624154903, 0.00108780467417, 0.00273299915716, 0.0020762688946, 0.00257273553871, 0.00187289377209, 0.000940128404181, 0.00138126825914, 0.00109045451973, 0.000711059197783, 0.000504162511788, 0.000257931475062, 0.000266680202913, 0.000110290660814, 4.94879859616e-05, 4.28629609814e-05, 3.63446815754e-05, 6.05112254561e-05, 6.10302959103e-05, 0.000113900518045, 0.000162476062542, 7.94937659521e-05, 9.68922540778e-06],
        "dvar": [6.31975171927e-06, 8.75570985954e-05, 2.80650192508e-06, 1.05689559859e-06, 4.05561058869e-06, 1.59382796028e-06, 1.75686946022e-05, 1.1859663573e-05, 1.16986329886e-05, 1.14219374154e-05, 1.41730288306e-06, 5.19713739777e-06, 4.12632243751e-06, 1.90079856566e-06, 1.52664438247e-06, 2.14385323716e-07, 9.5927781274e-08, 2.40542643581e-08, 3.11932679686e-09, 2.69998112756e-09, 3.76250941514e-09, 8.87163409402e-09, 2.21468976491e-08, 3.28318137122e-08, 7.89523539879e-08, 1.4589940811e-08, 4.36553987404e-10],
        "dvar2": [1.74094493559e-05, 0.000191325394553, 6.55363965052e-06, 2.56952353084e-06, 9.66097195487e-06, 3.49565334545e-06, 4.04009406338e-05, 2.76759055851e-05, 2.11577862501e-05, 1.83631673281e-05, 2.59361877397e-06, 9.81859921012e-06, 9.25150015973e-06, 4.89999092679e-06, 2.50244397648e-06, 5.21825199939e-07, 2.06889453125e-07, 5.28711154857e-08, 6.86538159655e-09, 6.41284225722e-09, 1.00265236114e-08, 2.30994903205e-08, 5.45902878457e-08, 7.04511649019e-08, 1.90387609678e-07, 3.57087976965e-08, 1.24399512913e-09],
        "max": [0.0264647770673, 0.0967659652233, 0.0252099763602, 0.0145922573283, 0.0270097907633, 0.0170909613371, 0.0380958430469, 0.0529867485166, 0.0453001596034, 0.100401438773, 0.0176398642361, 0.0424843840301, 0.0354175567627, 0.0264055281878, 0.0274816248566, 0.00954016670585, 0.00551609415561, 0.00291494233534, 0.00113282736856, 0.000912156829145, 0.00124075531494, 0.00168421468697, 0.00307489535771, 0.00221010344103, 0.00411168113351, 0.0011762988288, 0.00029688081122],
        "mean": [0.0012181972852, 0.0131942806765, 0.00185209838673, 0.00090435531456, 0.00337811210193, 0.00140380521771, 0.00249907374382, 0.00207636528648, 0.00288358470425, 0.00321781588718, 0.00115982838906, 0.00169341871515, 0.000998068251647, 0.000581078231335, 0.000490985927172, 0.000210912941839, 0.000255308463238, 0.00011113416258, 4.47113743576e-05, 3.8993297494e-05, 2.72357410722e-05, 5.28095770278e-05, 4.29536521551e-05, 8.23109512567e-05, 9.82451092568e-05, 4.48563696409e-05, 4.09673293689e-06],
        "median": [0.000355693686288, 0.00824332982302, 0.000650345231406, 0.000250161159784, 0.00227611139417, 0.000653166614939, 0.000605839013588, 0.000357271928806, 0.00100314966403, 0.000468639045721, 0.000334069074597, 0.00035153987119, 0.000244508351898, 0.000116781062388, 6.09480121057e-05, 6.34916650597e-05, 0.000105750739749, 3.91670364479e-05, 2.13380717469e-05, 1.65615474543e-05, 9.10148355615e-06, 2.37375315919e-05, 1.08562298919e-05, 1.7538006432e-05, 2.05625565286e-05, 7.22059803593e-06, 2.75508909908e-07],
        "min": [2.40044472779e-23, 5.02379188623e-23, 1.25412491401e-23, 3.07534386786e-24, 7.46540095378e-24, 1.47005965182e-23, 5.41819204658e-23, 3.40695898319e-23, 3.77373796781e-23, 1.28207416121e-22, 8.76871024082e-23, 1.93135742574e-22, 1.5779583425e-22, 9.31151154575e-23, 8.58314554345e-23, 3.57419724267e-22, 6.7695738861e-23, 2.75968863926e-22, 1.51289435721e-22, 3.03441165831e-22, 2.49176219333e-22, 6.35663965966e-22, 5.47039015226e-22, 6.49673024926e-22, 1.14737655292e-21, 1.67470247686e-21, 2.6409661585e-21],
        "stdev": [0.00242971815169, 0.0150148579851, 0.00297306641005, 0.00166445947252, 0.00332319969311, 0.00207942887209, 0.0051823426038, 0.00507649825886, 0.00515542645007, 0.00876363739371, 0.00220427662134, 0.00389886880293, 0.00245284452103, 0.00146209518425, 0.00191520212684, 0.000511894701049, 0.000433328037616, 0.000217676977627, 7.23370540072e-05, 6.47303313599e-05, 5.68661344005e-05, 9.51433321461e-05, 0.000144641351653, 0.000202788520255, 0.000270777381957, 0.000121223114547, 1.68748283613e-05],
        "var": [5.90353010921e-06, 0.000225445968681, 8.83912343852e-06, 2.77042522612e-06, 1.10436567411e-05, 4.32402430306e-06, 2.68566727755e-05, 2.5770834327e-05, 2.65784201474e-05, 7.68013342167e-05, 4.85883492729e-06, 1.52011780301e-05, 6.01644660492e-06, 2.13772227653e-06, 3.66799918083e-06, 2.62036166987e-07, 1.87773181892e-07, 4.7383263535e-08, 5.23264898078e-09, 4.1900158898e-09, 3.23375726197e-09, 9.05225405745e-09, 2.09211208357e-08, 4.11231866337e-08, 7.33203862069e-08, 1.46950442925e-08, 2.8475982683e-10]
    },
    "erbbands": {
        "dmean": [0.179671466351, 1.00241446495, 1.33251285553, 1.00650322437, 3.99012088776, 6.30664682388, 4.49967813492, 6.73368406296, 16.0594882965, 31.0451030731, 29.4983272552, 40.335067749, 45.2140274048, 36.8727836609, 19.6028614044, 42.2508811951, 29.2625350952, 22.0325756073, 21.9611816406, 14.4024028778, 8.70211315155, 9.62390899658, 4.63548707962, 1.75291359425, 1.69285583496, 1.20074534416, 0.800066113472, 1.04725050926, 1.35793995857, 1.29241096973, 1.08257317543, 1.17184054852, 1.48187613487, 1.22274255753, 0.676729381084, 0.276870757341, 0.0743367895484, 0.0156313013285, 0.000538524531294, 2.12277736864e-05],
        "dmean2": [0.297008574009, 1.53899526596, 1.97567856312, 1.61603033543, 6.48040008545, 9.9496049881, 7.1757478714, 10.3887062073, 25.1272621155, 50.3087539673, 45.3575973511, 56.9091491699, 64.7953796387, 52.5636672974, 27.9259471893, 60.7108345032, 43.3978347778, 34.1788024902, 32.7626991272, 21.8308067322, 13.2785234451, 15.2134923935, 6.87943029404, 2.76631903648, 2.55049777031, 1.84037017822, 1.2824409008, 1.67135643959, 2.13921165466, 2.02572178841, 1.69441246986, 1.85759019852, 2.29033350945, 1.95330989361, 1.10279893875, 0.459194630384, 0.119118154049, 0.0265024099499, 0.000938669370953, 3.25093424181e-05],
        "dvar": [0.145253717899, 3.64933514595, 6.21695232391, 2.73975610733, 46.9541816711, 86.6571731567, 76.2981567383, 151.942703247, 1338.85864258, 5714.24169922, 5095.90673828, 6884.27148438, 10562.7978516, 3752.97167969, 1203.86657715, 12363.1523438, 6480.25830078, 2537.15185547, 5649.51123047, 2878.96875, 617.518615723, 371.610839844, 92.9010162354, 8.56925964355, 9.05523681641, 5.10846662521, 3.72907352448, 9.86044120789, 9.62634658813, 17.2385406494, 16.523859024, 12.7379741669, 12.5522880554, 9.95210647583, 4.24562168121, 0.542816281319, 0.0326380506158, 0.00216047791764, 3.52189795194e-06, 1.30923027974e-09],
        "dvar2": [0.366861701012, 7.20244026184, 12.7417001724, 6.75450229645, 102.606376648, 212.863861084, 177.221984863, 318.331237793, 3142.49365234, 13996.8486328, 11989.1943359, 11794.0136719, 18650.4765625, 6554.01464844, 2358.65356445, 24305.0234375, 14115.4824219, 6008.83251953, 12195.4511719, 5290.26855469, 1458.5255127, 788.390686035, 199.063751221, 20.0562992096, 18.3410358429, 11.6580972672, 9.72529029846, 26.7066402435, 24.7133750916, 42.8883705139, 42.4877700806, 30.1585769653, 26.4725780487, 23.0192508698, 10.5766220093, 1.36001229286, 0.0778574720025, 0.00579448090866, 9.84915186564e-06, 3.37193828415e-09],
        "max": [4.45425319672, 25.8822746277, 40.0492286682, 24.5089893341, 83.3132553101, 93.4821014404, 168.122146606, 175.277404785, 596.3515625, 681.713500977, 1229.92163086, 1053.66052246, 2406.91430664, 1241.3572998, 640.759155273, 2154.62060547, 1441.16516113, 720.305419922, 1516.47668457, 1130.9798584, 662.603088379, 434.146759033, 191.791152954, 29.7276382446, 68.3777770996, 41.9129257202, 40.038143158, 64.5341796875, 52.3174552917, 85.2056427002, 75.6255187988, 57.0124473572, 40.5944137573, 35.2570037842, 35.3311309814, 8.66778373718, 2.4800760746, 0.659859895706, 0.02795910649, 0.000432541623013],
        "mean": [0.420611619949, 2.72929239273, 3.11316013336, 2.06523394585, 8.23614788055, 12.7179327011, 7.99249649048, 13.5697412491, 25.7105388641, 41.4525413513, 50.7424049377, 66.7761230469, 99.3455657959, 73.509437561, 44.2469902039, 71.1633605957, 44.0014762878, 34.5511131287, 30.7990283966, 20.9598007202, 12.439825058, 15.4490823746, 7.51287221909, 2.60956859589, 2.57419013977, 1.70415937901, 0.992895781994, 1.25246071815, 1.84352684021, 1.69228732586, 1.15401268005, 1.26728403568, 1.62688803673, 1.22293877602, 0.640687942505, 0.256694793701, 0.0681881383061, 0.0135272881016, 0.000458247377537, 5.54169746465e-05],
        "median": [0.243272140622, 1.50906145573, 1.10642337799, 1.09401202202, 3.62696027756, 6.90484952927, 4.185359478, 5.70219612122, 12.4213228226, 7.78719043732, 16.1291007996, 24.3748664856, 24.1251277924, 27.2030658722, 13.4809675217, 13.7439899445, 12.7307510376, 8.50745773315, 5.38025522232, 3.3020658493, 3.92685437202, 6.38297367096, 2.99357438087, 1.31782507896, 1.27452588081, 0.699315965176, 0.388468831778, 0.407716691494, 0.740430474281, 0.700991392136, 0.264072984457, 0.219688892365, 0.338715314865, 0.241410017014, 0.128518417478, 0.0443957187235, 0.0102276634425, 0.00157026178204, 6.31140792393e-05, 4.82109826407e-05],
        "min": [1.00511279667e-21, 1.28808274181e-20, 1.70341061205e-20, 1.37268587013e-20, 1.23223464109e-20, 2.93727505744e-20, 3.24251019647e-20, 1.6287749778e-19, 7.45096378442e-19, 6.70958041295e-19, 9.12962240604e-19, 9.39289745141e-19, 3.05583720693e-18, 4.91670531273e-18, 3.08008187069e-18, 7.30693220103e-18, 8.1153904076e-18, 6.52327452359e-18, 4.44564746058e-18, 8.1430207216e-18, 1.76008896946e-17, 5.14872285711e-18, 1.41322484166e-17, 8.37620376346e-18, 1.1246804212e-17, 1.55558643011e-17, 1.10922612309e-17, 1.27914448919e-17, 2.19037657815e-17, 2.0563663706e-17, 1.49058045644e-17, 9.8614917529e-18, 1.28723241307e-17, 1.10361601874e-17, 8.40162385086e-18, 5.76928657395e-18, 3.61852930016e-18, 1.41790895867e-18, 3.70060288432e-19, 3.82460333275e-20],
        "stdev": [0.481020212173, 3.52030920982, 5.12774658203, 2.61217737198, 12.2511072159, 15.0187149048, 12.0650310516, 21.1677398682, 42.7323417664, 83.1929931641, 105.693878174, 127.523994446, 234.370391846, 127.891181946, 84.7566680908, 171.210525513, 98.2386398315, 68.6835784912, 101.928382874, 79.4863967896, 29.677772522, 28.0888576508, 13.880812645, 3.63979578018, 4.29297161102, 2.86321258545, 1.85827326775, 2.84242224693, 3.2203130722, 4.0970993042, 3.85182261467, 3.73779129982, 3.94806742668, 3.16220498085, 1.92422902584, 0.71478676796, 0.185200199485, 0.041522860527, 0.00156810448971, 4.3851116061e-05],
        "var": [0.231380447745, 12.3925762177, 26.2937850952, 6.82347106934, 150.089630127, 225.561798096, 145.564971924, 448.073242188, 1826.05297852, 6921.07421875, 11171.1962891, 16262.3701172, 54929.4804688, 16356.1542969, 7183.69238281, 29313.0429688, 9650.83105469, 4717.43359375, 10389.3955078, 6318.08691406, 880.770202637, 788.983886719, 192.676956177, 13.2481136322, 18.429605484, 8.19798660278, 3.45317935944, 8.07936477661, 10.3704166412, 16.7862224579, 14.8365373611, 13.9710836411, 15.5872364044, 9.99954032898, 3.70265746117, 0.510920107365, 0.0342991128564, 0.00172414781991, 2.45895171247e-06, 1.92292026746e-09]
    },
    "gfcc": {
        "mean": [-14.8813619614, 112.195411682, -96.1089096069, 3.86528110504, -53.3193397522, 26.897397995, -35.5831756592, 18.7845058441, -20.5427799225, 3.00861358643, -14.6469688416, 6.39002990723, -8.15534305573],
        "cov": [[6330.40283203, -945.907714844, -328.616943359, 112.253242493, -73.2220306396, 297.809509277, -61.6362304688, 300.932189941, 63.9201393127, 271.637207031, -107.033485413, 153.146469116, -51.6835098267], [-945.907714844, 1160.07348633, -99.3106231689, -100.309822083, 219.970993042, -45.282951355, 238.222808838, -24.7929210663, 108.184005737, -92.0934906006, 94.1185455322, -43.8103713989, 34.5473175049], [-328.616943359, -99.3106231689, 964.910888672, 402.488372803, 139.039886475, 104.083969116, -41.2243728638, 78.5196838379, 37.1893882751, 88.0085754395, 54.6808242798, 72.9024658203, 43.4578895569], [112.253242493, -100.309822083, 402.488372803, 502.532714844, 157.981338501, 58.113609314, -36.3247680664, 69.1988143921, 109.347015381, 59.718585968, 22.8187217712, 7.58742570877, 89.5691604614], [-73.2220306396, 219.970993042, 139.039886475, 157.981338501, 324.418914795, 79.5943832397, 81.6681060791, 60.7863845825, 94.4510421753, 21.759973526, 18.2389202118, 4.31195831299, 69.6562042236], [297.809509277, -45.282951355, 104.083969116, 58.113609314, 79.5943832397, 241.782394409, 137.541183472, 54.1567382812, 39.8754043579, 42.4667129517, 21.543964386, 16.5374031067, 11.2442989349], [-61.6362304688, 238.222808838, -41.2243728638, -36.3247680664, 81.6681060791, 137.541183472, 352.751953125, 68.6099472046, 2.6237206459, -21.7615203857, 29.3585910797, 34.2288017273, -25.9209136963], [300.932189941, -24.7929210663, 78.5196838379, 69.1988143921, 60.7863845825, 54.1567382812, 68.6099472046, 145.172363281, 54.7808990479, 28.7715969086, 20.2800178528, 11.7997932434, 19.3008975983], [63.9201393127, 108.184005737, 37.1893882751, 109.347015381, 94.4510421753, 39.8754043579, 2.6237206459, 54.7808990479, 201.484115601, 67.3516159058, 15.6661500931, -25.5966796875, 47.4190063477], [271.637207031, -92.0934906006, 88.0085754395, 59.718585968, 21.759973526, 42.4667129517, -21.7615203857, 28.7715969086, 67.3516159058, 121.684005737, 18.5588779449, -5.1089849472, 15.642203331], [-107.033485413, 94.1185455322, 54.6808242798, 22.8187217712, 18.2389202118, 21.543964386, 29.3585910797, 20.2800178528, 15.6661500931, 18.5588779449, 93.8529129028, 9.80114555359, 1.47009956837], [153.146469116, -43.8103713989, 72.9024658203, 7.58742570877, 4.31195831299, 16.5374031067, 34.2288017273, 11.7997932434, -25.5966796875, -5.1089849472, 9.80114555359, 109.624320984, 6.79441022873], [-51.6835098267, 34.5473175049, 43.4578895569, 89.5691604614, 69.6562042236, 11.2442989349, -25.9209136963, 19.3008975983, 47.4190063477, 15.642203331, 1.47009956837, 6.79441022873, 106.270797729]],
        "icov": [[0.000316079705954, -0.000105236649688, 0.000452922540717, -0.00035523265251, 9.64237187873e-05, -0.000599464867264, 0.000543313799426, -0.000894341035746, 0.000368295615772, -0.000845033908263, 0.000609598588198, -0.000792026869021, 0.000599549268372], [-0.000105236649688, 0.00241276458837, -0.000668989494443, 0.00133246241603, -0.00142324168701, 0.00199562008493, -0.00231295172125, 0.00206766370684, -0.00219615804963, 0.0024059289135, -0.00263763056137, 0.00163702759892, -0.00134534598328], [0.000452922540717, -0.000668989494443, 0.00268038595095, -0.00221872120164, 7.49869723222e-05, -0.00177764683031, 0.00183947291225, -0.00202899635769, 0.00173754233401, -0.00239001074806, 0.000837548403069, -0.00251770624891, 0.00189365679398], [-0.00035523265251, 0.00133246241603, -0.00221872120164, 0.00495283631608, -0.00145074061584, 0.00157202768605, -0.00139428116381, 0.00147246627603, -0.00252381246537, 0.00223760702647, -0.00180942937732, 0.00212154071778, -0.00300982361659], [9.64237187873e-05, -0.00142324168701, 7.49869723222e-05, -0.00145074061584, 0.00562951434404, -0.00162224762607, 0.000239636035985, -0.00148287415504, -5.32872181793e-05, -0.000754846667405, 0.00161750940606, -0.000654390314594, -0.00133450620342], [-0.000599464867264, 0.00199562008493, -0.00177764683031, 0.00157202768605, -0.00162224762607, 0.00891233887523, -0.00526837073267, 0.00280324090272, -0.00232689850964, 0.0010798110161, -0.00278606754728, 0.00267985486425, -0.00246559991501], [0.000543313799426, -0.00231295172125, 0.00183947291225, -0.00139428116381, 0.000239636035985, -0.00526837073267, 0.00786564964801, -0.0048716138117, 0.00262093427591, -0.00171104003675, 0.00220415159129, -0.00386553420685, 0.0039417790249], [-0.000894341035746, 0.00206766370684, -0.00202899635769, 0.00147246627603, -0.00148287415504, 0.00280324090272, -0.0048716138117, 0.0131128607318, -0.00425508804619, 0.00311315688305, -0.0040810094215, 0.0027763848193, -0.00309352460317], [0.000368295615772, -0.00219615804963, 0.00173754233401, -0.00252381246537, -5.32872181793e-05, -0.00232689850964, 0.00262093427591, -0.00425508804619, 0.0105374166742, -0.00645973160863, 0.00242968508974, -0.000453406188171, 0.000247212854447], [-0.000845033908263, 0.0024059289135, -0.00239001074806, 0.00223760702647, -0.000754846667405, 0.0010798110161, -0.00171104003675, 0.00311315688305, -0.00645973160863, 0.0160875525326, -0.00519778486341, 0.00349376443774, -0.00234096660279], [0.000609598588198, -0.00263763056137, 0.000837548403069, -0.00180942937732, 0.00161750940606, -0.00278606754728, 0.00220415159129, -0.0040810094215, 0.00242968508974, -0.00519778486341, 0.0154064754024, -0.00343938777223, 0.00253757322207], [-0.000792026869021, 0.00163702759892, -0.00251770624891, 0.00212154071778, -0.000654390314594, 0.00267985486425, -0.00386553420685, 0.0027763848193, -0.000453406188171, 0.00349376443774, -0.00343938777223, 0.0135589605197, -0.00410888716578], [0.000599549268372, -0.00134534598328, 0.00189365679398, -0.00300982361659, -0.00133450620342, -0.00246559991501, 0.0039417790249, -0.00309352460317, 0.000247212854447, -0.00234096660279, 0.00253757322207, -0.00410888716578, 0.0150220301002]]
    },
    "melbands": {
        "dmean": [0.00149849802256, 0.000834471487906, 0.000253760343185, 0.000362183636753, 0.000168637212482, 0.000144768026075, 0.000288947514491, 0.000340729107847, 0.000219029243453, 0.000282078864984, 0.000231880563661, 0.000162515134434, 6.73308604746e-05, 0.000109314372821, 6.72460228088e-05, 8.5626845248e-05, 3.67615575669e-05, 4.16113616666e-05, 2.68820203928e-05, 1.48354456542e-05, 9.74531303655e-06, 1.06526667878e-05, 6.99010661265e-06, 2.81188476947e-06, 1.33432877192e-06, 1.25107089843e-06, 1.28596138893e-06, 7.4670668937e-07, 4.99032410062e-07, 5.41836868706e-07, 6.49461640023e-07, 7.67054132211e-07, 8.21412925234e-07, 7.27769986497e-07, 6.23920641374e-07, 6.93193953794e-07, 7.31772729523e-07, 1.02030469407e-06, 1.12988402634e-06, 1.02438559679e-06],
        "dmean2": [0.00239539006725, 0.00121812499128, 0.000405696599046, 0.000580116990022, 0.000267655035714, 0.000223689814447, 0.000452195235994, 0.000551661360078, 0.000339835562045, 0.000396696210373, 0.000333806383424, 0.000230965946685, 9.57130469033e-05, 0.000155415167683, 0.000101533914858, 0.000131460066768, 5.81515523663e-05, 6.38101118966e-05, 4.02330697398e-05, 2.28351964324e-05, 1.51004860527e-05, 1.73036823981e-05, 1.05654926301e-05, 4.31722492067e-06, 2.13523208004e-06, 1.94150720745e-06, 1.94255540009e-06, 1.17508830044e-06, 8.0894869825e-07, 8.7961831241e-07, 1.05272454221e-06, 1.22155711324e-06, 1.29577949792e-06, 1.14573788323e-06, 1.00792647117e-06, 1.10471376047e-06, 1.17202773708e-06, 1.56292901465e-06, 1.7664420966e-06, 1.66132565482e-06],
        "dvar": [8.6541294877e-06, 2.31122157857e-06, 1.82242075653e-07, 2.51707234611e-07, 7.40583985248e-08, 6.92504684707e-08, 4.30583554589e-07, 6.04069214205e-07, 2.55833953133e-07, 3.29503592411e-07, 2.91461077495e-07, 8.06277142829e-08, 1.40851694752e-08, 6.80408831499e-08, 2.92102697586e-08, 7.04936198304e-08, 7.42643813112e-09, 2.14962021516e-08, 8.79750672311e-09, 2.05739714154e-09, 7.20901893736e-10, 4.90882390292e-10, 1.96344579484e-10, 2.80976457379e-11, 5.46442231741e-12, 4.88499518614e-12, 5.35266319115e-12, 2.34052404194e-12, 1.10399525893e-12, 2.80402285592e-12, 4.11463094499e-12, 3.41645657077e-12, 3.36270681439e-12, 7.05592875794e-12, 5.86558666221e-12, 7.73195309861e-12, 3.85780253229e-12, 5.72296507059e-12, 8.11251239796e-12, 7.32818319915e-12],
        "dvar2": [2.0463268811e-05, 4.12203007727e-06, 4.22098679564e-07, 5.98857184286e-07, 1.72512969243e-07, 1.46862433326e-07, 9.87532075669e-07, 1.45797287132e-06, 5.92576384406e-07, 5.56702332233e-07, 5.14026112342e-07, 1.32809063302e-07, 2.67297917134e-08, 1.27063458422e-07, 5.62401751836e-08, 1.57692085168e-07, 1.78217742786e-08, 5.19283460676e-08, 1.6812565562e-08, 4.63587124244e-09, 1.68198377448e-09, 1.03565722664e-09, 4.62551802416e-10, 6.34994348769e-11, 1.30012372396e-11, 9.82965445151e-12, 1.1696045174e-11, 5.40130657214e-12, 2.80785204115e-12, 7.51337100174e-12, 1.12408389888e-11, 8.91055198377e-12, 8.22787237648e-12, 1.76409910985e-11, 1.60264267135e-11, 1.8222593573e-11, 9.34055523899e-12, 1.2370094532e-11, 1.76926390205e-11, 1.73911059165e-11],
        "max": [0.0310947075486, 0.0215841066092, 0.00627169385552, 0.00703307939693, 0.0048196753487, 0.00383959407918, 0.00830663740635, 0.00666555110365, 0.0081508634612, 0.00707262102515, 0.0134455291554, 0.00723178032786, 0.00245481240563, 0.00476710498333, 0.00342209707014, 0.00487974844873, 0.00114643271081, 0.00262511731125, 0.00143231207039, 0.000775065389462, 0.000706473889295, 0.000493768544402, 0.000217739871005, 9.09221416805e-05, 2.71875960607e-05, 4.92655162816e-05, 3.98530464736e-05, 2.49512777373e-05, 1.71973952092e-05, 3.56495584128e-05, 4.34730754932e-05, 3.04623881675e-05, 2.61372497334e-05, 5.86498717894e-05, 4.61280251329e-05, 5.35629369551e-05, 2.80144558928e-05, 3.15287543344e-05, 3.41496888723e-05, 3.05846369884e-05],
        "mean": [0.00378084438853, 0.00225631520152, 0.000562573201023, 0.000781872775406, 0.000326664274326, 0.000291799136903, 0.000457730988273, 0.000467791833216, 0.000385266379453, 0.000443747878307, 0.000515164108947, 0.000333773583407, 0.000137647948577, 0.000186987919733, 0.000123148653074, 0.000113374109787, 5.59041945962e-05, 5.36631559953e-05, 3.52159368049e-05, 1.89443235286e-05, 1.31363503897e-05, 1.66496520251e-05, 1.06830320874e-05, 4.03025296691e-06, 1.79310222848e-06, 1.82010217031e-06, 1.85645978945e-06, 9.42980022955e-07, 5.96605104874e-07, 6.07327365287e-07, 7.54620884891e-07, 1.00683541859e-06, 1.11725080387e-06, 8.68213589911e-07, 6.33278887108e-07, 6.97062375821e-07, 7.81298865604e-07, 1.1115058669e-06, 1.16569390229e-06, 9.88528540802e-07],
        "median": [0.00248724455014, 0.00110978097655, 0.000278766645351, 0.000492412596941, 0.000187087702216, 0.000128981249873, 0.000178231988684, 7.9844139691e-05, 0.000106829633296, 0.000138065966894, 0.000110852146463, 0.000105015729787, 4.3076928705e-05, 4.22133598477e-05, 2.36959040194e-05, 2.3845323085e-05, 1.26187806018e-05, 8.43125963002e-06, 4.72295550935e-06, 3.93463142245e-06, 4.15273871113e-06, 6.20256196271e-06, 3.95751158067e-06, 1.68827182279e-06, 7.77367745286e-07, 8.71764427757e-07, 7.46521607198e-07, 3.45472102481e-07, 2.05505273243e-07, 2.04922542935e-07, 2.19712077865e-07, 3.54659562163e-07, 4.82666507651e-07, 2.85129345912e-07, 1.3930745979e-07, 9.17419029633e-08, 1.22613627696e-07, 2.12757015561e-07, 2.52951309676e-07, 1.81516597308e-07],
        "min": [1.38004336501e-23, 1.20536613143e-23, 2.37489040707e-24, 1.49856888772e-24, 1.25715053084e-24, 3.73251036141e-24, 1.14937089111e-23, 7.01932141112e-24, 7.77573094528e-24, 5.56125717822e-24, 1.49089425719e-23, 1.89437815086e-23, 9.68259865754e-24, 1.42857708557e-23, 2.48388396569e-23, 1.65659938127e-23, 1.08245560705e-23, 6.07272421803e-24, 6.63484243883e-24, 2.16080645527e-23, 1.84623270764e-23, 4.09324107058e-24, 8.27573386398e-24, 1.43843974016e-23, 5.78695817182e-24, 6.25007277129e-24, 9.70505437207e-24, 1.08503762768e-23, 7.37056567347e-24, 4.40902879626e-24, 9.29445858179e-24, 1.29230428298e-23, 1.17708010372e-23, 1.10835564606e-23, 8.98722013617e-24, 6.02564026604e-24, 5.81138248873e-24, 8.96837740459e-24, 8.63959911195e-24, 9.80905463837e-24],
        "stdev": [0.00410505197942, 0.00323363183998, 0.000769059581216, 0.000824322167318, 0.000405810453231, 0.000443224911578, 0.000810469849966, 0.000908732879907, 0.000771980849095, 0.000886700931005, 0.0012695020996, 0.000662297185045, 0.000268588104518, 0.000449593615485, 0.000302638160065, 0.000306208676193, 0.000115233335237, 0.000173623629962, 0.00012831557251, 5.94126067881e-05, 3.08781418425e-05, 3.21225707012e-05, 1.90851260413e-05, 7.10161521056e-06, 2.71385420092e-06, 3.08269636662e-06, 3.26775057147e-06, 1.76659887074e-06, 1.07055154785e-06, 1.48619540141e-06, 1.81011444056e-06, 1.86908607702e-06, 2.0472846245e-06, 2.54177530223e-06, 2.14978786062e-06, 2.7742612474e-06, 2.08761389331e-06, 2.68421558758e-06, 2.9993843782e-06, 2.64746768153e-06],
        "var": [1.68514507095e-05, 1.04563741843e-05, 5.91452646859e-07, 6.79507081713e-07, 1.64682134596e-07, 1.9644831184e-07, 6.5686134576e-07, 8.25795439141e-07, 5.95954418259e-07, 7.86238558703e-07, 1.61163552548e-06, 4.38637584921e-07, 7.21395707615e-08, 2.02134430083e-07, 9.15898539233e-08, 9.37637452125e-08, 1.32787212337e-08, 3.01451628104e-08, 1.64648863432e-08, 3.52985796148e-09, 9.53459755593e-10, 1.03185959777e-09, 3.64242053186e-10, 5.04329390749e-11, 7.36500443965e-12, 9.50301642932e-12, 1.06781935724e-11, 3.12087139985e-12, 1.14608051782e-12, 2.20877678127e-12, 3.2765144764e-12, 3.49348284676e-12, 4.19137424421e-12, 6.46062153428e-12, 4.62158783465e-12, 7.69652484106e-12, 4.35813147723e-12, 7.20501306187e-12, 8.99630717144e-12, 7.00908558623e-12]
    },
    "melbands128": {
