{
"lowlevel": {
    "average_loudness": 0.966311454773,
    "barkbands_crest": {
        "dmean": 3.29890060425,
        "dmean2": 4.7920255661,
        "dvar": 8.69436359406,
        "dvar2": 17.9992675781,
        "max": 26.6643447876,
        "mean": 12.773897171,
        "median": 11.6160383224,
        "min": 2.60624790192,
        "stdev": 5.61960268021,
        "var": 31.5799350739
    },
    "barkbands_flatness_db": {
        "dmean": 0.0361720249057,
        "dmean2": 0.0522425845265,
        "dvar": 0.00150286545977,
        "dvar2": 0.00327149708755,
        "max": 0.504944801331,
        "mean": 0.166647255421,
        "median": 0.148417502642,
        "min": 0.0195864029229,
        "stdev": 0.0854812711477,
        "var": 0.00730704749003
    },
    "barkbands_kurtosis": {
        "dmean": 23.8450145721,
        "dmean2": 36.9061393738,
        "dvar": 11555.4228516,
        "dvar2": 27488.3007812,
        "max": 1935.82336426,
        "mean": 26.0425605774,
        "median": 4.88624811172,
        "min": -1.89635539055,
        "stdev": 109.811607361,
        "var": 12058.5888672
    },
    "barkbands_skewness": {
        "dmean": 1.352684021,
        "dmean2": 1.93316066265,
        "dvar": 5.508289814,
        "dvar2": 11.6205539703,
        "max": 36.7258491516,
        "mean": 3.00030660629,
        "median": 2.24496030807,
        "min": -4.04710626602,
        "stdev": 3.33837604523,
        "var": 11.1447544098
    },
    "barkbands_spread": {
        "dmean": 9.66813468933,
        "dmean2": 14.3446073532,
        "dvar": 133.633544922,
        "dvar2": 303.132324219,
        "max": 104.833435059,
        "mean": 26.4691734314,
        "median": 23.0839252472,
        "min": 0.0954681560397,
        "stdev": 19.8362941742,
        "var": 393.478546143
    },
    "dissonance": {
        "dmean": 0.0232228208333,
        "dmean2": 0.0377518236637,
        "dvar": 0.000596068159211,
        "dvar2": 0.00136314029805,
        "max": 0.500000059605,
        "mean": 0.449944466352,
        "median": 0.46104696393,
        "min": 0.136201798916,
        "stdev": 0.0407312959433,
        "var": 0.00165903859306
    },
    "dynamic_complexity": 2.40828299522,
    "erbbands_crest": {
        "dmean": 3.93122720718,
        "dmean2": 6.41763114929,
        "dvar": 12.4438095093,
        "dvar2": 32.0714035034,
        "max": 30.3349533081,
        "mean": 10.6194972992,
        "median": 9.37503433228,
        "min": 2.53408026695,
        "stdev": 5.44603729248,
        "var": 29.6593227386
    },
    "erbbands_flatness_db": {
        "dmean": 0.0219101086259,
        "dmean2": 0.0340829566121,
        "dvar": 0.000447440019343,
        "dvar2": 0.00105797569267,
        "max": 0.356163352728,
        "mean": 0.132473811507,
        "median": 0.124117642641,
        "min": 0.0458678752184,
        "stdev": 0.0427875816822,
        "var": 0.00183077703696
    },
    "erbbands_kurtosis": {
        "dmean": 2.4473464489,
        "dmean2": 4.02849292755,
        "dvar": 32.9866905212,
        "dvar2": 86.7447967529,
        "max": 90.9048995972,
        "mean": 1.97607302666,
        "median": -0.308999538422,
        "min": -1.93003249168,
        "stdev": 7.70078611374,
        "var": 59.3021087646
    },
    "erbbands_skewness": {
        "dmean": 0.630566775799,
        "dmean2": 0.964459478855,
        "dvar": 0.509149193764,
        "dvar2": 1.20816934109,
        "max": 7.91968536377,
        "mean": 0.6683396101,
        "median": 0.505815386772,
        "min": -5.1872253418,
        "stdev": 1.28098261356,
        "var": 1.64091658592
    },
    "erbbands_spread": {
        "dmean": 15.4139308929,
        "dmean2": 24.2485256195,
        "dvar": 251.326141357,
        "dvar2": 642.090515137,
        "max": 179.257537842,
        "mean": 57.8388633728,
        "median": 57.1317634583,
        "min": 1.57489597797,
        "stdev": 25.1545276642,
        "var": 632.750244141
    },
    "hfc": {
        "dmean": 10.7118597031,
        "dmean2": 14.8147258759,
        "dvar": 223.206710815,
        "dvar2": 469.05078125,
        "max": 133.415267944,
        "mean": 28.905462265,
        "median": 20.4601516724,
        "min": 1.19319969563e-16,
        "stdev": 26.5860977173,
        "var": 706.820556641
    },
    "loudness_ebu128": {
        "integrated": -8.35198020935,
        "loudness_range": 4.73882818222,
        "momentary": {
            "dmean": 0.522293686867,
            "dmean2": 0.818472266197,
            "dvar": 0.265586614609,
            "dvar2": 0.662131845951,
            "max": -5.47877216339,
            "mean": -8.92285346985,
            "median": -8.49871253967,
            "min": -18.2618808746,
            "stdev": 2.53262162209,
            "var": 6.41417264938
        },
        "short_term": {
            "dmean": 0.0975290760398,
            "dmean2": 0.149598240852,
            "dvar": 0.00773959513754,
            "dvar2": 0.0126210255548,
            "max": -6.51716423035,
            "mean": -8.6517534256,
            "median": -8.69004440308,
            "min": -14.4747657776,
            "stdev": 1.95282649994,
            "var": 3.81353116035
        }
    },
    "melbands_crest": {
        "dmean": 4.1997461319,
        "dmean2": 6.43547201157,
        "dvar": 14.9949960709,
        "dvar2": 33.8423347473,
        "max": 36.7657051086,
        "mean": 18.9483947754,
        "median": 18.0913581848,
        "min": 2.94241142273,
        "stdev": 7.22560691833,
        "var": 52.2093963623
    },
    "melbands_flatness_db": {
        "dmean": 0.0428149290383,
        "dmean2": 0.059909183532,
        "dvar": 0.00216223206371,
        "dvar2": 0.00455696554855,
        "max": 0.632654547691,
        "mean": 0.235891789198,
        "median": 0.219018146396,
        "min": 0.00866234395653,
        "stdev": 0.104619979858,
        "var": 0.0109453396872
    },
    "melbands_kurtosis": {
        "dmean": 36.3872299194,
        "dmean2": 56.0842437744,
        "dvar": 5791.61621094,
        "dvar2": 11543.8164062,
        "max": 1458.11376953,
        "mean": 54.1253128052,
        "median": 21.7963905334,
        "min": -1.88969087601,
        "stdev": 106.146888733,
        "var": 11267.1621094
    },
    "melbands_skewness": {
        "dmean": 1.65054535866,
        "dmean2": 2.45918393135,
        "dvar": 3.72621893883,
        "dvar2": 7.98468446732,
        "max": 29.7055473328,
        "mean": 4.71593666077,
        "median": 3.89963102341,
        "min": -1.0206091404,
        "stdev": 3.20115160942,
        "var": 10.2473716736
    },
    "melbands_spread": {
        "dmean": 10.7842760086,
        "dmean2": 16.3350124359,
        "dvar": 453.2918396,
        "dvar2": 843.753295898,
        "max": 275.190643311,
        "mean": 22.2931118011,
        "median": 14.9348926544,
        "min": 0.202298894525,
        "stdev": 29.8659877777,
        "var": 891.977172852
    },
    "pitch_salience": {
        "dmean": 0.0979564189911,
        "dmean2": 0.149846524,
        "dvar": 0.00955160520971,
        "dvar2": 0.020867748186,
        "max": 0.85458022356,
        "mean": 0.463135659695,
        "median": 0.474526703358,
        "min": 0.0233723614365,
        "stdev": 0.155409663916,
        "var": 0.0241521652788
    },
    "silence_rate_20dB": {
        "dmean": 0,
        "dmean2": 0,
        "dvar": 0,
        "dvar2": 0,
        "max": 1,
        "mean": 1,
        "median": 1,
        "min": 1,
        "stdev": 0,
        "var": 0
    },
    "silence_rate_30dB": {
        "dmean": 0.0913312658668,
        "dmean2": 0.18280403316,
        "dvar": 0.08298946172,
        "dvar2": 0.172624468803,
        "max": 1,
        "mean": 0.901005387306,
        "median": 1,
        "min": 0,
        "stdev": 0.298653006554,
        "var": 0.0891936197877
    },
    "silence_rate_60dB": {
        "dmean": 0.0193498451263,
        "dmean2": 0.0387296676636,
        "dvar": 0.0189752075821,
        "dvar2": 0.0434258431196,
        "max": 1,
        "mean": 0.0239752512425,
        "median": 0,
        "min": 0,
        "stdev": 0.152970790863,
        "var": 0.0234000645578
    },
    "spectral_centroid": {
        "dmean": 392.913879395,
        "dmean2": 576.405517578,
        "dvar": 294512.1875,
        "dvar2": 488806.03125,
        "max": 10773.3183594,
        "mean": 1307.85681152,
        "median": 1222.39160156,
        "min": 103.521614075,
        "stdev": 898.746032715,
        "var": 807744.4375
    },
    "spectral_complexity": {
        "dmean": 4.20588254929,
        "dmean2": 6.15879154205,
        "dvar": 24.8987922668,
        "dvar2": 52.1134529114,
        "max": 54,
        "mean": 14.0556840897,
        "median": 13,
        "min": 0,
        "stdev": 9.29678249359,
        "var": 86.4301681519
    },
    "spectral_decrease": {
        "dmean": 5.63388091734e-09,
        "dmean2": 8.5490636792e-09,
        "dvar": 1.02183116611e-16,
        "dvar2": 2.38886055136e-16,
        "max": 6.17523030363e-30,
        "mean": -1.10368336692e-08,
        "median": -7.64513519158e-09,
        "min": -7.85944962445e-08,
        "stdev": 1.17065699357e-08,
        "var": 1.37043776642e-16
    },
    "spectral_energy": {
        "dmean": 0.0218104254454,
        "dmean2": 0.0329012870789,
        "dvar": 0.00147660658695,
        "dvar2": 0.00343851861544,
        "max": 0.300071626902,
        "mean": 0.0442773811519,
        "median": 0.0318333059549,
        "min": 1.07993566536e-20,
        "stdev": 0.0449931025505,
        "var": 0.00202437932603
    },
    "spectral_energyband_high": {
        "dmean": 0.000930365582462,
        "dmean2": 0.00131736020558,
        "dvar": 2.23940401156e-06,
        "dvar2": 4.4398029786e-06,
        "max": 0.0169477853924,
        "mean": 0.00217302958481,
        "median": 0.00113995594438,
        "min": 7.78085019817e-21,
        "stdev": 0.00264694867656,
        "var": 7.00633700035e-06
    },
    "spectral_energyband_low": {
        "dmean": 0.0183994043618,
        "dmean2": 0.028996637091,
        "dvar": 0.00149596109986,
        "dvar2": 0.00372261274606,
        "max": 0.283944875002,
        "mean": 0.0282230004668,
        "median": 0.0157188661397,
        "min": 1.42426867441e-22,
        "stdev": 0.0420078150928,
        "var": 0.00176465662662
    },
    "spectral_energyband_middle_high": {
        "dmean": 0.0016097407788,
        "dmean2": 0.00245734700002,
        "dvar": 6.92070125297e-06,
        "dvar2": 1.72155323526e-05,
        "max": 0.0312398038805,
        "mean": 0.00314750359394,
        "median": 0.00178647926077,
        "min": 1.72906294495e-21,
        "stdev": 0.00397779094055,
        "var": 1.58228212968e-05
    },
    "spectral_energyband_middle_low": {
        "dmean": 0.00851868558675,
        "dmean2": 0.0141592593864,
        "dvar": 0.00022241503757,
        "dvar2": 0.000602849526331,
        "max": 0.123498655856,
        "mean": 0.0130382012576,
        "median": 0.00910745002329,
        "min": 2.63183889898e-22,
        "stdev": 0.0141141563654,
        "var": 0.000199209418497
    },
    "spectral_entropy": {
        "dmean": 0.269309818745,
        "dmean2": 0.39799323678,
        "dvar": 0.0968975648284,
        "dvar2": 0.232244059443,
        "max": 9.80914974213,
        "mean": 7.65522050858,
        "median": 7.73534011841,
        "min": 5.17021036148,
        "stdev": 0.616060853004,
        "var": 0.379530996084
    },
    "spectral_flux": {
        "dmean": 0.046177495271,
        "dmean2": 0.0698692947626,
        "dvar": 0.00417330767959,
        "dvar2": 0.00656740088016,
        "max": 0.490409880877,
        "mean": 0.113925226033,
        "median": 0.0855566710234,
        "min": 1.03919955974e-10,
        "stdev": 0.0916155725718,
        "var": 0.00839341338724
    },
    "spectral_kurtosis": {
        "dmean": 1.07943081856,
        "dmean2": 1.64489758015,
        "dvar": 3.76366353035,
        "dvar2": 7.82958507538,
        "max": 30.4585151672,
        "mean": 2.3357925415,
        "median": 1.66172933578,
        "min": -1.19221520424,
        "stdev": 2.87989330292,
        "var": 8.29378604889
    },
    "spectral_rms": {
        "dmean": 0.00140811805613,
        "dmean2": 0.00197616335936,
        "dvar": 3.54385133505e-06,
        "dvar2": 7.11406346454e-06,
        "max": 0.0171100199223,
        "mean": 0.0059099169448,
        "median": 0.00557287037373,
        "min": 3.24591395429e-12,
        "stdev": 0.00287581351586,
        "var": 8.27030362416e-06
    },
    "spectral_rolloff": {
        "dmean": 971.795349121,
        "dmean2": 1591.6229248,
        "dvar": 3015396.25,
        "dvar2": 5895129,
        "max": 18260.15625,
        "mean": 1656.22546387,
        "median": 645.99609375,
        "min": 43.06640625,
        "stdev": 2341.05737305,
        "var": 5480550
    },
    "spectral_skewness": {
        "dmean": 0.234480753541,
        "dmean2": 0.337989360094,
        "dvar": 0.086369946599,
        "dvar2": 0.176237747073,
        "max": 4.86148071289,
        "mean": 1.36078703403,
        "median": 1.26345431805,
        "min": -0.127729743719,
        "stdev": 0.57263481617,
        "var": 0.327910661697
    },
    "spectral_spread": {
        "dmean": 939505.4375,
        "dmean2": 1398934.25,
        "dvar": 1.69260194202e+12,
        "dvar2": 2.8334793687e+12,
        "max": 40874548,
        "mean": 7319077.5,
        "median": 7183831,
        "min": 1629180.375,
        "stdev": 1835086.875,
        "var": 3.36754376704e+12
    },
    "spectral_strongpeak": {
        "dmean": 0.4442499578,
        "dmean2": 0.748741686344,
        "dvar": 0.470512419939,
        "dvar2": 1.14876675606,
        "max": 7.07958555222,
        "mean": 0.750528454781,
        "median": 0.534385979176,
        "min": 0,
        "stdev": 0.789287745953,
        "var": 0.622975111008
    },
    "zerocrossingrate": {
        "dmean": 0.0196597445756,
        "dmean2": 0.0212964005768,
        "dvar": 0.000737117603421,
        "dvar2": 0.000781761656981,
        "max": 0.52001953125,
        "mean": 0.0747138261795,
        "median": 0.06494140625,
        "min": 0.001953125,
        "stdev": 0.0571655146778,
        "var": 0.00326789589599
    },
    "barkbands": {
        "dmean": [0.000390945468098, 0.011717823334, 0.00915469881147, 0.00381244230084, 0.00193262891844, 0.0014294849243, 0.00151770911179, 0.000815761799458, 0.00127097591758, 0.000446009740699, 0.000247376505286, 0.00012514925038, 0.000368802255252, 0.000134773421451, 0.000374746421585, 0.000206444194191, 0.000199577669264, 0.000212172148167, 0.000116734518087, 0.000180428571184, 0.00014003108663, 0.000263380701654, 0.000261191657046, 0.000206573138712, 0.000163404009072, 7.01382523403e-05, 2.36813366428e-06],
        "dmean2": [0.000437270005932, 0.0174541845918, 0.0160723924637, 0.00681501952931, 0.00324103748426, 0.00225390610285, 0.00258631608449, 0.00135330134071, 0.00193816795945, 0.000671692949254, 0.000393941183574, 0.000216041953536, 0.000576120510232, 0.000218919871259, 0.000617990095634, 0.000325700151734, 0.000325138913468, 0.000332446594257, 0.00019376524142, 0.000281769753201, 0.000220407731831, 0.000389978289604, 0.000379447446903, 0.000295613979688, 0.000240479101194, 0.000102858997707, 3.98508836952e-06],
        "dvar": [4.51722712569e-07, 0.000576181919314, 0.000625283748377, 0.000101041558082, 1.13746573334e-05, 8.72610144143e-06, 1.90195150935e-05, 3.57097087544e-06, 1.52912416524e-05, 1.81706786861e-06, 8.89838020157e-07, 8.13355285345e-08, 1.18928835491e-06, 9.89217596725e-08, 1.15959403502e-06, 2.12475868011e-07, 1.71853614006e-07, 1.84351407029e-07, 5.52762386974e-08, 1.09014408167e-07, 7.20422903555e-08, 2.37315973095e-07, 1.63107372941e-07, 1.14507891169e-07, 6.39521502421e-08, 1.51251953184e-08, 2.57638667345e-11],
        "dvar2": [6.14243901964e-07, 0.00136911252048, 0.00175327854231, 0.000284527923213, 3.06465917674e-05, 2.18005770876e-05, 5.17128828506e-05, 9.49804598349e-06, 3.43330502801e-05, 3.92914671465e-06, 2.18594368562e-06, 2.14633672613e-07, 2.87466878035e-06, 2.46661784331e-07, 2.99087946587e-06, 4.48615111281e-07, 4.3400993377e-07, 4.41560018771e-07, 1.53896337451e-07, 2.44788907366e-07, 1.71579230823e-07, 5.52167136902e-07, 3.12039389883e-07, 2.38895154325e-07, 1.32863235081e-07, 3.16750856655e-08, 6.58562857025e-11],
        "max": [0.0105281667784, 0.174906745553, 0.15812022984, 0.074677221477, 0.0324489437044, 0.0489897951484, 0.0575794428587, 0.0288924910128, 0.0670119747519, 0.021526504308, 0.0216338038445, 0.00446574296802, 0.0212898533791, 0.00501622119918, 0.0147044993937, 0.00717937108129, 0.00762170134112, 0.00589857762679, 0.00396067136899, 0.00365331349894, 0.00465174065903, 0.00856368802488, 0.0047953100875, 0.00305610569194, 0.00227907067165, 0.00107601541094, 6.6713160777e-05],
        "mean": [0.000779595924541, 0.0164961442351, 0.00876616965979, 0.003422960639, 0.00280811474659, 0.00202044565231, 0.00179081666283, 0.00102742156014, 0.00170979567338, 0.000582475797273, 0.000285801186692, 0.000135371024953, 0.000449810817372, 0.000172362313606, 0.000446635152912, 0.000267244846327, 0.000295144738629, 0.000316188466968, 0.000181484778295, 0.000280500389636, 0.000219140580157, 0.000465941993752, 0.000498292385601, 0.000415917660575, 0.000328558613546, 0.000112833389721, 2.26349175136e-06],
        "median": [0.000107600855699, 0.00469529395923, 0.00242768460885, 0.00071757263504, 0.00148189114407, 0.000679815304466, 0.000325553002767, 0.000208197467146, 0.000246172392508, 0.000119973410619, 5.50827753614e-05, 3.93295667891e-05, 7.77031673351e-05, 4.52242966276e-05, 0.00010628617747, 7.15904097888e-05, 0.0001091189406, 0.000114383852633, 6.42245431663e-05, 0.000105839448224, 8.6557593022e-05, 0.000189686325029, 0.000223640701734, 0.00018468273629, 0.000172082378413, 5.22673326486e-05, 4.1473609258e-07],
        "min": [2.02475950356e-23, 2.85232602686e-23, 6.1944488478e-23, 7.24923539526e-23, 4.71745510863e-23, 4.73882093293e-23, 1.28126867112e-23, 2.921791856e-23, 2.72274331695e-23, 6.83695712244e-23, 1.11869538794e-22, 1.70233987158e-22, 1.56280413518e-22, 8.30557000336e-23, 1.15135953057e-22, 2.47007419823e-22, 1.40491797951e-22, 1.61752066353e-22, 4.49675151731e-22, 1.77326604002e-22, 3.84020997515e-22, 4.66099917354e-22, 6.08528715926e-22, 9.28711277215e-22, 1.2190004783e-21, 1.48874839775e-21, 2.72723467443e-21],
        "stdev": [0.00138818030246, 0.0283358842134, 0.0199582055211, 0.00803399458528, 0.00366028631106, 0.00364020257257, 0.00488484930247, 0.00212939735502, 0.00502282148227, 0.00172162870876, 0.000987432897091, 0.000304773275275, 0.00127551332116, 0.000366544438293, 0.00118754326832, 0.000598752056248, 0.00049233448226, 0.00059637776576, 0.000309839786496, 0.000446150777861, 0.000361682410585, 0.000741059193388, 0.000696947390679, 0.000562600034755, 0.00039534305688, 0.000160937197506, 5.09431311002e-06],
        "var": [1.9270444227e-06, 0.000802922295406, 0.000398329953896, 6.45450709271e-05, 1.33976955112e-05, 1.32510740514e-05, 2.38617540163e-05, 4.53433358416e-06, 2.52287372859e-05, 2.96400548905e-06, 9.75023681349e-07, 9.28867578409e-08, 1.62693424954e-06, 1.34354834813e-07, 1.41025907396e-06, 3.58504053111e-07, 2.423932699e-07, 3.55666429641e-07, 9.60006971695e-08, 1.99050504079e-07, 1.30814171939e-07, 5.49168760244e-07, 4.85735654365e-07, 3.16518821819e-07, 1.56296124487e-07, 2.59007819636e-08, 2.59520269857e-11]
    },
    "erbbands": {
        "dmean": [0.327113926411, 2.78236818314, 9.74716758728, 12.108663559, 7.80089616776, 6.04352521896, 10.8732395172, 12.256108284, 21.1321868896, 16.6379070282, 19.6275749207, 33.51770401, 17.0036010742, 11.2121677399, 7.82563877106, 6.08587312698, 16.0464553833, 7.26764917374, 20.5545310974, 11.9591531754, 10.0368013382, 9.52594852448, 13.3668804169, 5.4410238266, 7.31034898758, 8.04467773438, 6.37539672852, 5.66376399994, 8.46591663361, 10.8548727036, 6.83602809906, 4.73361778259, 3.33335137367, 1.96032845974, 1.15795063972, 0.439871430397, 0.105477534235, 0.0121114905924, 0.000280095817288, 3.16754121741e-05],
        "dmean2": [0.425543576479, 4.42453861237, 17.0478057861, 20.8693714142, 13.7865285873, 9.85649299622, 17.2474441528, 19.3855495453, 35.3688163757, 28.1326999664, 31.9738578796, 50.9305343628, 26.5785598755, 16.6091804504, 12.6205673218, 10.2214841843, 25.2264709473, 11.6071586609, 33.9032440186, 18.8811130524, 15.6053943634, 15.2140388489, 20.5430984497, 9.14054203033, 11.8853569031, 12.5889787674, 9.92779445648, 8.75713348389, 12.6566438675, 16.1716518402, 9.83488559723, 6.77824449539, 4.81704568863, 2.88659787178, 1.73567306995, 0.64078527689, 0.156176894903, 0.0183884147555, 0.000424966710852, 4.64499862574e-05],
        "dvar": [0.333776623011, 43.3656387329, 719.194335938, 977.369567871, 365.662200928, 105.04776001, 430.387634277, 857.372009277, 3922.66088867, 2002.74438477, 1712.5916748, 10650.046875, 3440.10107422, 981.696899414, 574.300048828, 217.451171875, 2318.94189453, 165.935195923, 4106.73144531, 561.343688965, 610.209960938, 440.275360107, 800.596679688, 120.073554993, 213.724212646, 246.58241272, 177.127624512, 118.705314636, 270.46182251, 301.554901123, 118.121482849, 63.2093238831, 28.8545799255, 8.63746356964, 3.31458497047, 0.530404567719, 0.0388364307582, 0.000572359072976, 3.0451971611e-07, 2.07653139128e-09],
        "dvar2": [0.572519659996, 107.805259705, 1987.78430176, 2715.79345703, 1045.04003906, 272.237579346, 1032.72314453, 2164.42602539, 10998.6552734, 5446.92333984, 4531.35205078, 22889.8574219, 8290.22558594, 2133.19067383, 1424.25256348, 507.591217041, 5732.71435547, 401.705993652, 10810.8164062, 1294.46325684, 1363.09143066, 1093.73608398, 1901.86230469, 326.800506592, 531.530090332, 557.874633789, 423.595428467, 290.016174316, 616.732299805, 664.470336914, 229.945800781, 131.355194092, 61.8387756348, 17.5075016022, 7.41847038269, 1.11663079262, 0.0827842056751, 0.00130671053194, 7.12543169357e-07, 4.6654071717e-09],
        "max": [4.93791294098, 47.3798027039, 178.47064209, 220.263198853, 165.154418945, 118.407981873, 253.226196289, 591.768432617, 1015.83972168, 665.889038086, 486.755859375, 1980.25439453, 934.05670166, 667.114074707, 503.248718262, 326.524902344, 784.719909668, 148.947265625, 902.417358398, 304.254516602, 527.569213867, 419.16796875, 400.446075439, 125.390777588, 256.68145752, 202.915512085, 274.065917969, 123.725837708, 281.413299561, 245.290756226, 128.99949646, 91.1548156738, 54.1078414917, 29.0446968079, 17.5481910706, 6.0928850174, 1.79085147381, 0.253788292408, 0.0055530294776, 0.000330937909894],
        "mean": [0.573060393333, 3.36544179916, 9.5072259903, 11.7752847672, 8.52149009705, 9.12392520905, 15.7311048508, 17.0558681488, 25.1983280182, 19.2200336456, 26.7534351349, 46.95835495, 22.5847015381, 15.3009719849, 9.82052612305, 7.64427614212, 19.9091281891, 10.5214929581, 24.7525196075, 15.690158844, 14.1086149216, 15.3221254349, 20.3955669403, 8.75689220428, 12.2137889862, 12.7393217087, 9.86362838745, 8.95463371277, 14.772061348, 19.6242580414, 13.0929431915, 9.11383724213, 6.53802156448, 3.99153423309, 2.15722489357, 0.751760363579, 0.160060077906, 0.0164302662015, 0.000413833651692, 7.27684964659e-05],
        "median": [0.128426924348, 1.12608385086, 2.8659863472, 3.92770147324, 4.07828855515, 4.33243513107, 5.51025915146, 5.28558969498, 5.35536050797, 5.50060796738, 7.50047016144, 7.70131206512, 4.38887786865, 3.75644922256, 2.57732415199, 2.16641044617, 3.6396021843, 3.21817922592, 5.42366361618, 5.54964637756, 4.54552507401, 5.720287323, 7.66080951691, 4.19058895111, 4.3261051178, 5.04337692261, 3.9845263958, 3.19005584717, 5.66737174988, 8.12724876404, 5.69723463058, 3.81969428062, 2.80902695656, 2.07154083252, 1.11723041534, 0.39547175169, 0.0600495636463, 0.00564155075699, 0.000174978180439, 5.51296907361e-05],
        "min": [9.52614191783e-22, 6.79426121871e-21, 5.49420471441e-20, 1.8026165478e-19, 2.31374618245e-19, 1.18820475412e-19, 3.43868570764e-19, 2.38308821621e-19, 1.47522285575e-19, 3.84646455312e-19, 7.12317485513e-19, 5.55949950853e-19, 1.92200936757e-18, 2.49464582613e-18, 6.07283166666e-18, 6.83973356003e-18, 6.56518693805e-18, 4.29317863494e-18, 5.91335579405e-18, 7.94772089744e-18, 1.37458880689e-17, 7.87839323594e-18, 8.20254463848e-18, 1.61042122553e-17, 1.98080160184e-17, 8.11426378761e-18, 1.30539523137e-17, 1.76360547968e-17, 1.62422488472e-17, 1.75530720378e-17, 1.72252620154e-17, 1.80532334126e-17, 1.63543979947e-17, 1.12492634199e-17, 1.04651003351e-17, 5.45216910174e-18, 3.22910817741e-18, 1.46958727424e-18, 4.19572915906e-19, 3.34162937519e-20],
        "stdev": [0.939600229263, 6.64466333389, 21.7893810272, 25.4543075562, 15.3407735825, 12.4876508713, 27.9295425415, 35.9146728516, 68.6582260132, 44.7926254272, 48.4158477783, 138.770431519, 70.319442749, 39.6110115051, 26.8645820618, 17.657787323, 56.3187828064, 17.3683319092, 70.7914352417, 28.4617824554, 29.8003044128, 25.1717243195, 39.5745506287, 12.9805526733, 21.6735191345, 20.7344818115, 17.5408630371, 14.6348085403, 24.8973655701, 27.3015270233, 18.8709011078, 13.2028942108, 8.753282547, 4.84873533249, 2.64756298065, 0.983360648155, 0.252032935619, 0.0286312699318, 0.000656104821246, 6.10869028606e-05],
        "var": [0.88284856081, 44.151550293, 474.777160645, 647.921813965, 235.339324951, 155.941421509, 780.059387207, 1289.86364746, 4713.95166016, 2006.37915039, 2344.09423828, 19257.234375, 4944.82373047, 1569.03234863, 721.705749512, 311.797424316, 3171.80541992, 301.658935547, 5011.42773438, 810.073059082, 888.058105469, 633.615722656, 1566.1451416, 168.494750977, 469.741394043, 429.918701172, 307.681854248, 214.177612305, 619.87878418, 745.373352051, 356.110900879, 174.316421509, 76.6199569702, 23.5102348328, 7.00958967209, 0.96699821949, 0.0635205954313, 0.000819749664515, 4.30473562574e-07, 3.73160968792e-09]
    },
    "gfcc": {
        "mean": [6.32136011124, 59.804977417, -77.8897705078, 44.0496101379, -66.2481079102, 24.7151126862, -47.7216491699, 18.6877059937, -20.1090908051, 6.32753324509, -20.5429077148, 1.24082946777, -13.4029722214],
        "cov": [[8776.37207031, -982.84173584, -967.06451416, 399.857330322, -363.672454834, 369.207366943, 169.613510132, 381.39465332, -15.7581062317, 163.823913574, -268.138519287, 167.721740723, -290.498901367], [-982.84173584, 1140.2512207, 386.293243408, -19.1694507599, 263.095947266, -11.4399118423, 167.178024292, -21.8160076141, 17.6847629547, -85.8738479614, 100.230194092, -104.352989197, 14.1503572464], [-967.06451416, 386.293243408, 821.171447754, 313.779571533, 289.430541992, 90.8461456299, 109.877250671, 31.2055950165, 68.1319580078, -34.2299957275, 38.8341522217, 1.39919519424, 22.4545440674], [399.857330322, -19.1694507599, 313.779571533, 744.567016602, 329.845001221, 106.630020142, 244.193649292, 215.242721558, 193.525360107, -6.82513332367, 2.97574949265, 83.9617156982, 83.5598297119], [-363.672454834, 263.095947266, 289.430541992, 329.845001221, 470.629150391, 138.070007324, 224.186431885, 111.379524231, 86.5198364258, 11.3036088943, 48.922706604, 13.1810340881, 48.4039421082], [369.207366943, -11.4399118423, 90.8461456299, 106.630020142, 138.070007324, 350.971282959, 283.267852783, 69.3106994629, 36.428981781, 48.8267936707, 30.0218296051, -14.2997188568, -62.996963501], [169.613510132, 167.178024292, 109.877250671, 244.193649292, 224.186431885, 283.267852783, 481.742401123, 187.501708984, 103.274879456, 40.9134559631, 64.0394363403, 0.842088162899, -23.0443668365], [381.39465332, -21.8160076141, 31.2055950165, 215.242721558, 111.379524231, 69.3106994629, 187.501708984, 264.163696289, 124.942733765, 28.0997390747, 21.1346492767, 62.3851356506, 42.7800292969], [-15.7581062317, 17.6847629547, 68.1319580078, 193.525360107, 86.5198364258, 36.428981781, 103.274879456, 124.942733765, 241.075881958, 72.9858703613, 21.1410083771, 25.1728210449, 54.7310752869], [163.823913574, -85.8738479614, -34.2299957275, -6.82513332367, 11.3036088943, 48.8267936707, 40.9134559631, 28.0997390747, 72.9858703613, 144.656768799, 59.5280647278, 15.583065033, -2.90249180794], [-268.138519287, 100.230194092, 38.8341522217, 2.97574949265, 48.922706604, 30.0218296051, 64.0394363403, 21.1346492767, 21.1410083771, 59.5280647278, 168.157806396, 50.2336196899, 18.9756183624], [167.721740723, -104.352989197, 1.39919519424, 83.9617156982, 13.1810340881, -14.2997188568, 0.842088162899, 62.3851356506, 25.1728210449, 15.583065033, 50.2336196899, 133.456237793, 60.643447876], [-290.498901367, 14.1503572464, 22.4545440674, 83.5598297119, 48.4039421082, -62.996963501, -23.0443668365, 42.7800292969, 54.7310752869, -2.90249180794, 18.9756183624, 60.643447876, 144.854095459]],
        "icov": [[0.000282320455881, -0.000277670507785, 0.000449622486485, -0.000555096485186, 0.000369027577108, -0.000556057086214, 0.000420145777753, -0.000480217509903, 0.000440971401986, -0.00070814404171, 0.000738847069442, -0.000699461554177, 0.000702579331119], [-0.000277670507785, 0.00230591278523, -0.00119623227511, 0.00154113664757, -0.00134967383929, 0.00182813743595, -0.0016821800964, 0.000829736527521, -0.00119354366325, 0.00256039830856, -0.00232549430802, 0.00237550283782, -0.000939901277889], [0.000449622486485, -0.00119623227511, 0.00276319868863, -0.00178777775727, 0.000143311466672, -0.00170258700382, 0.00153030769434, -0.000470999482786, 0.000598223647103, -0.0010027824901, 0.00111566763371, -0.00145794742275, 0.00143381627277], [-0.000555096485186, 0.00154113664757, -0.00178777775727, 0.00462437374517, -0.00246216030791, 0.0019469121471, -0.00209653237835, 0.000564725603908, -0.0027277788613, 0.00311229890212, -0.00110198801849, 0.000427263730671, -0.00142658909317], [0.000369027577108, -0.00134967383929, 0.000143311466672, -0.00246216030791, 0.00515318429098, -0.00188922183588, 0.000342141167494, -0.00099835311994, 0.00159014237579, -0.00213958998211, 0.000971429341007, -0.000393071793951, -0.000530686287675], [-0.000556057086214, 0.00182813743595, -0.00170258700382, 0.0019469121471, -0.00188922183588, 0.00850410014391, -0.00568629009649, 0.00224729417823, -0.000978999189101, 0.000756637542509, -0.00130997237284, 0.00131442234851, 0.000614899094217], [0.000420145777753, -0.0016821800964, 0.00153030769434, -0.00209653237835, 0.000342141167494, -0.00568629009649, 0.00800149142742, -0.0040491996333, 0.000804207811598, -0.00110748689622, -0.000146207166836, -1.78922982741e-05, 0.0015611766139], [-0.000480217509903, 0.000829736527521, -0.000470999482786, 0.000564725603908, -0.00099835311994, 0.00224729417823, -0.0040491996333, 0.00885652471334, -0.00326409423724, 0.00165617011953, -0.000354179792339, -0.0017773618456, -0.00118872825988], [0.000440971401986, -0.00119354366325, 0.000598223647103, -0.0027277788613, 0.00159014237579, -0.000978999189101, 0.000804207811598, -0.00326409423724, 0.00917277298868, -0.00619533425197, 0.00226193713024, 0.000246952957241, -0.00137308752164], [-0.00070814404171, 0.00256039830856, -0.0010027824901, 0.00311229890212, -0.00213958998211, 0.000756637542509, -0.00110748689622, 0.00165617011953, -0.00619533425197, 0.0147373685613, -0.00698988279328, 0.00279906624928, -0.00055151298875], [0.000738847069442, -0.00232549430802, 0.00111566763371, -0.00110198801849, 0.000971429341007, -0.00130997237284, -0.000146207166836, -0.000354179792339, 0.00226193713024, -0.00698988279328, 0.0124794263393, -0.00724344607443, 0.00176166661549], [-0.000699461554177, 0.00237550283782, -0.00145794742275, 0.000427263730671, -0.000393071793951, 0.00131442234851, -1.78922982741e-05, -0.0017773618456, 0.000246952957241, 0.00279906624928, -0.00724344607443, 0.0162035245448, -0.00630218861625], [0.000702579331119, -0.000939901277889, 0.00143381627277, -0.00142658909317, -0.000530686287675, 0.000614899094217, 0.0015611766139, -0.00118872825988, -0.00137308752164, -0.00055151298875, 0.00176166661549, -0.00630218861625, 0.0129645634443]]
    },
    "melbands": {
        "dmean": [0.00303063751198, 0.00416888296604, 0.00191697175615, 0.000442493677838, 0.000351797440089, 0.000274003949016, 0.000322341627907, 0.000177933121449, 0.000164808545378, 0.000208998986636, 8.06237221695e-05, 4.64313670818e-05, 3.12602387567e-05, 1.43721717905e-05, 2.69735810434e-05, 3.51520211552e-05, 1.15072934932e-05, 3.22489031532e-05, 2.10219131986e-05, 1.57772574312e-05, 1.21111806948e-05, 9.78870775725e-06, 1.53057553689e-05, 9.02392366697e-06, 4.33533705291e-06, 4.92789922646e-06, 6.55381336401e-06, 5.40460632692e-06, 4.63172318632e-06, 3.43651731782e-06, 3.44078284797e-06, 4.74765329272e-06, 6.31438160781e-06, 6.51932941764e-06, 4.61379613625e-06, 3.18907018482e-06, 3.06491733681e-06, 2.52315771831e-06, 2.1517425921e-06, 1.69153565821e-06],
        "dmean2": [0.00422794744372, 0.00702168466523, 0.00327810319141, 0.000754263019189, 0.000557488179766, 0.000433681823779, 0.000541821762454, 0.000301319116261, 0.000264933565632, 0.000320361810736, 0.000127786581288, 6.90882952767e-05, 4.97552209708e-05, 2.47379612119e-05, 4.28358216595e-05, 5.65410082345e-05, 1.85401386261e-05, 5.34957762284e-05, 3.45011358149e-05, 2.4646633392e-05, 1.92772404262e-05, 1.58595576067e-05, 2.45451501542e-05, 1.4067641132e-05, 7.46161140341e-06, 8.09047014627e-06, 1.04264963738e-05, 8.52780613059e-06, 7.37823393138e-06, 5.51243783775e-06, 5.38209860679e-06, 7.33397473596e-06, 9.6129542726e-06, 9.89275577012e-06, 6.95719745636e-06, 4.63042351839e-06, 4.58109889223e-06, 3.78220079256e-06, 3.11078110826e-06, 2.54091219176e-06],
        "dvar": [3.13026175718e-05, 0.000119224117952, 2.35644565691e-05, 7.48411707718e-07, 4.21811222395e-07, 3.75690319743e-07, 8.46475984417e-07, 1.98460327283e-07, 1.016801221e-07, 4.66379560748e-07, 8.48729797553e-08, 1.71150791317e-08, 1.31634871892e-08, 8.75888195306e-10, 1.1717946613e-08, 9.11906994361e-09, 4.87684170825e-10, 9.59299928383e-09, 2.6194417746e-09, 1.2139077521e-09, 1.05037534226e-09, 4.32772928605e-10, 8.6541906974e-10, 2.83887052754e-10, 8.9438248474e-11, 1.24953311587e-10, 1.46700235293e-10, 1.35528949174e-10, 1.12756609605e-10, 4.4459151638e-11, 4.44682173029e-11, 8.65941901518e-11, 1.39726313853e-10, 1.09306834417e-10, 6.08226941035e-11, 2.76362648044e-11, 2.8518985784e-11, 1.91884164807e-11, 9.34843435302e-12, 6.26842718357e-12],
        "dvar2": [6.52739399811e-05, 0.000317277968861, 6.53721945127e-05, 2.09184918276e-06, 1.02340743524e-06, 9.55347559284e-07, 2.32940851674e-06, 5.35197443696e-07, 2.58927883579e-07, 1.0205470744e-06, 2.06574114259e-07, 3.63735104258e-08, 3.19837667462e-08, 2.32293584368e-09, 2.66497988122e-08, 2.2407606437e-08, 1.18623189049e-09, 2.5345972432e-08, 6.47435971501e-09, 2.49968379329e-09, 2.40830888565e-09, 1.07664943627e-09, 2.11732320565e-09, 6.81238843114e-10, 2.48167125738e-10, 3.52026990891e-10, 3.14707149229e-10, 3.05410779999e-10, 2.85735629602e-10, 1.11651438095e-10, 1.06600783756e-10, 2.02815264583e-10, 3.36345507002e-10, 2.4599472459e-10, 1.29249499992e-10, 5.80257855654e-11, 6.28022495119e-11, 4.2873444378e-11, 2.00722667654e-11, 1.31129655745e-11],
        "max": [0.0394471734762, 0.0753096416593, 0.034685343504, 0.00854708626866, 0.00808327831328, 0.0115483673289, 0.0136254243553, 0.00617368612438, 0.00330456718802, 0.0132217034698, 0.0045179920271, 0.00298516172916, 0.00273586506955, 0.000329325033817, 0.0028938325122, 0.00170149467885, 0.000324902590364, 0.00133497209754, 0.000556369719561, 0.000575517478865, 0.000714978028554, 0.000383938458981, 0.000328601337969, 0.000202867988264, 0.000113132169645, 0.0002494812652, 0.000205658740015, 0.000178497226443, 0.000180023445864, 8.19804190542e-05, 8.39444473968e-05, 0.000162006021128, 0.000180516770342, 0.000136916307383, 0.000109917855298, 6.77318021189e-05, 5.5999335018e-05, 4.61130875919e-05, 3.41234881489e-05, 2.86160229734e-05],
        "mean": [0.00477337976918, 0.00464919721708, 0.00192484131549, 0.000615234486759, 0.000521998095792, 0.000375427625841, 0.00038587563904, 0.000207586504985, 0.00022407178767, 0.000284765497781, 0.000102145488199, 6.1095233832e-05, 3.72342292394e-05, 1.64704615599e-05, 3.30992952513e-05, 4.12391636928e-05, 1.57418162416e-05, 3.82608013751e-05, 2.53223533946e-05, 2.0223114916e-05, 1.60460058396e-05, 1.46307620525e-05, 2.21286300075e-05, 1.30800017359e-05, 6.09897006143e-06, 7.63429034123e-06, 9.84836060525e-06, 8.04201681603e-06, 6.5620879468e-06, 5.0712878874e-06, 5.10285872224e-06, 7.58890746511e-06, 1.06235120256e-05, 1.10609225885e-05, 8.10395522421e-06, 5.61217120776e-06, 5.52479377802e-06, 4.65588482257e-06, 4.01407032768e-06, 3.16978594128e-06],
        "median": [0.00122660119087, 0.00203062640503, 0.000704385282006, 0.000309963972541, 0.000212602230022, 0.00011796693434, 7.74120635469e-05, 5.95859819441e-05, 5.49505384697e-05, 3.88433109038e-05, 1.8573291527e-05, 1.43975958053e-05, 7.78142657509e-06, 5.46393903278e-06, 5.85042562307e-06, 7.82499773777e-06, 4.19314665123e-06, 7.62022182244e-06, 6.69361816108e-06, 5.60021908314e-06, 4.70721215606e-06, 5.01324711877e-06, 7.17661259841e-06, 5.2216973927e-06, 2.5336573799e-06, 2.1563100745e-06, 3.61432148566e-06, 2.94281107927e-06, 2.37082986132e-06, 1.72579188984e-06, 1.70680004885e-06, 2.72196552942e-06, 3.96230370825e-06, 4.68092366646e-06, 3.48088201463e-06, 2.10044231608e-06, 2.23353254114e-06, 1.86347153885e-06, 1.9476012767e-06, 1.64545667758e-06],
        "min": [9.47829946031e-24, 2.32827389461e-23, 3.30274635554e-23, 1.19775307149e-23, 1.02230764516e-23, 6.39074678665e-24, 2.33256190583e-24, 4.41453070664e-24, 6.11954035174e-24, 3.72508639143e-24, 9.85665529425e-24, 9.34863044901e-24, 1.77152458224e-23, 2.14661547867e-23, 1.4914335225e-23, 1.43226690357e-23, 7.01342152041e-24, 9.30837172157e-24, 8.99590470588e-24, 1.33552210656e-23, 1.76584147051e-23, 9.18897446812e-24, 5.32267842478e-24, 8.13091635672e-24, 1.31090278323e-23, 1.80056334103e-23, 7.19322106451e-24, 5.25937036499e-24, 7.9050907231e-24, 9.86164168403e-24, 1.01794887311e-23, 9.77514229691e-24, 8.02380166756e-24, 1.04521056493e-23, 9.0292869328e-24, 1.04597505003e-23, 1.14289229204e-23, 1.26703052064e-23, 7.30602580737e-24, 1.033578732e-23],
        "stdev": [0.00779104698449, 0.00954250246286, 0.00396222714335, 0.000842568988446, 0.000859205261804, 0.000745779892895, 0.00103883899283, 0.000446660531452, 0.000391433131881, 0.000892733223736, 0.000343035324477, 0.000166513287695, 0.000123352976516, 3.29092181346e-05, 0.000124063008116, 0.000113176152809, 2.83490135189e-05, 0.000108863583591, 5.73082106712e-05, 4.64194818051e-05, 3.70688758267e-05, 2.51715246122e-05, 3.89108099625e-05, 2.26507163461e-05, 1.02841286207e-05, 1.58770708367e-05, 1.74395627255e-05, 1.46919364852e-05, 1.25501064758e-05, 8.62412434799e-06, 8.80465449882e-06, 1.3580201994e-05, 1.68965634657e-05, 1.55290144903e-05, 1.21342409329e-05, 8.72499549587e-06, 8.18727312435e-06, 6.665222827e-06, 5.07967570229e-06, 3.97594931201e-06],
        "var": [6.0700411268e-05, 9.10593444132e-05, 1.56992427947e-05, 7.09922517217e-07, 7.38233723041e-07, 5.56187671918e-07, 1.07918651793e-06, 1.99505635123e-07, 1.53219900767e-07, 7.96972642547e-07, 1.17673238265e-07, 2.77266760662e-08, 1.52159582711e-08, 1.08301667634e-09, 1.53916310808e-08, 1.28088410989e-08, 8.0366652222e-10, 1.18512799574e-08, 3.28423110929e-09, 2.15476836374e-09, 1.37410161027e-09, 6.33605612421e-10, 1.51405110671e-09, 5.13054987383e-10, 1.05763300895e-10, 2.52081355789e-10, 3.04138325635e-10, 2.15852988261e-10, 1.57505175569e-10, 7.4375519632e-11, 7.7521940256e-11, 1.84421894422e-10, 2.85493878538e-10, 2.41150266422e-10, 1.47239803683e-10, 7.6125543369e-11, 6.70314428963e-11, 4.44251961607e-11, 2.58031061795e-11, 1.58081724794e-11]
    },
    "melbands128": {
