{
"lowlevel": {
    "average_loudness": 0.903454124928,
    "barkbands_crest": {
        "dmean": 2.62131929398,
        "dmean2": 4.13458204269,
        "dvar": 8.41666030884,
        "dvar2": 16.6331977844,
        "max": 26.5320930481,
        "mean": 13.0019168854,
        "median": 12.4905490875,
        "min": 3.30724143982,
        "stdev": 4.97734546661,
        "var": 24.7739696503
    },
    "barkbands_flatness_db": {
        "dmean": 0.0279662366956,
        "dmean2": 0.0382234156132,
        "dvar": 0.00142107403371,
        "dvar2": 0.00198374339379,
        "max": 0.583181083202,
        "mean": 0.223287701607,
        "median": 0.218248993158,
        "min": 0.0354113951325,
        "stdev": 0.08579172194,
        "var": 0.00736021948978
    },
    "barkbands_kurtosis": {
        "dmean": 20.1020011902,
        "dmean2": 29.2232246399,
        "dvar": 4117.14257812,
        "dvar2": 8539.97753906,
        "max": 659.434387207,
        "mean": 23.4224300385,
        "median": 7.65092754364,
        "min": -1.78402364254,
        "stdev": 67.8054733276,
        "var": 4597.58251953
    },
    "barkbands_skewness": {
        "dmean": 1.04083931446,
        "dmean2": 1.37538146973,
        "dvar": 4.44819831848,
        "dvar2": 6.88115501404,
        "max": 22.8437576294,
        "mean": 2.88273644447,
        "median": 2.33934903145,
        "min": -1.91343677044,
        "stdev": 2.95957589149,
        "var": 8.75908946991
    },
    "barkbands_spread": {
        "dmean": 2.51240086555,
        "dmean2": 3.8163151741,
        "dvar": 20.7721138,
        "dvar2": 35.9736022949,
        "max": 82.3382034302,
        "mean": 9.52508354187,
        "median": 7.6724896431,
        "min": 0.142068117857,
        "stdev": 8.66361045837,
        "var": 75.0581512451
    },
    "dissonance": {
        "dmean": 0.0242539476603,
        "dmean2": 0.041519228369,
        "dvar": 0.000747859827243,
        "dvar2": 0.00183889106847,
        "max": 0.49949234724,
        "mean": 0.44263318181,
        "median": 0.448417723179,
        "min": 0,
        "stdev": 0.0371469780803,
        "var": 0.00137989793438
    },
    "dynamic_complexity": 1.77849793434,
    "erbbands_crest": {
        "dmean": 2.47462677956,
        "dmean2": 3.91384530067,
        "dvar": 5.99714851379,
        "dvar2": 13.4842100143,
        "max": 27.2715816498,
        "mean": 9.57975482941,
        "median": 8.68785381317,
        "min": 2.47588253021,
        "stdev": 4.16960954666,
        "var": 17.3856449127
    },
    "erbbands_flatness_db": {
        "dmean": 0.0147642781958,
        "dmean2": 0.0208544265479,
        "dvar": 0.000317825004458,
        "dvar2": 0.00052860355936,
        "max": 0.428883254528,
        "mean": 0.191638275981,
        "median": 0.197996214032,
        "min": 0.0570558309555,
        "stdev": 0.0467611737549,
        "var": 0.00218660733663
    },
    "erbbands_kurtosis": {
        "dmean": 0.935071468353,
        "dmean2": 1.47606301308,
        "dvar": 1.59662485123,
        "dvar2": 3.68784832954,
        "max": 30.5261764526,
        "mean": 1.19769060612,
        "median": 0.405479431152,
        "min": -1.68939745426,
        "stdev": 2.64972877502,
        "var": 7.02106285095
    },
    "erbbands_skewness": {
        "dmean": 0.31040585041,
        "dmean2": 0.467004150152,
        "dvar": 0.101780459285,
        "dvar2": 0.20095987618,
        "max": 3.51120495796,
        "mean": 0.797493100166,
        "median": 0.675721824169,
        "min": -0.88813740015,
        "stdev": 0.657272279263,
        "var": 0.432006835938
    },
    "erbbands_spread": {
        "dmean": 6.06007957458,
        "dmean2": 8.80003738403,
        "dvar": 52.8227615356,
        "dvar2": 99.4531402588,
        "max": 130.318450928,
        "mean": 30.4481830597,
        "median": 26.3570346832,
        "min": 2.91407346725,
        "stdev": 16.2873497009,
        "var": 265.277770996
    },
    "hfc": {
        "dmean": 3.98505687714,
        "dmean2": 5.64832019806,
        "dvar": 26.4062290192,
        "dvar2": 58.8243713379,
        "max": 75.6698150635,
        "mean": 17.7176742554,
        "median": 15.4829730988,
        "min": 1.20062632169e-16,
        "stdev": 10.9553222656,
        "var": 120.019096375
    },
    "loudness_ebu128": {
        "integrated": -8.63892269135,
        "loudness_range": 3.65625858307,
        "momentary": {
            "dmean": 0.439553648233,
            "dmean2": 0.580092728138,
            "dvar": 0.368184775114,
            "dvar2": 0.570923864841,
            "max": -4.87601661682,
            "mean": -9.109790802,
            "median": -8.60476303101,
            "min": -22.2898921967,
            "stdev": 2.20064711571,
            "var": 4.8428478241
        },
        "short_term": {
            "dmean": 0.0717108696699,
            "dmean2": 0.0761520788074,
            "dvar": 0.00290562165901,
            "dvar2": 0.00502777844667,
            "max": -6.73673629761,
            "mean": -8.9981880188,
            "median": -9.12348175049,
            "min": -11.7094583511,
            "stdev": 1.41091251373,
            "var": 1.99067401886
        }
    },
    "melbands_crest": {
        "dmean": 3.0606303215,
        "dmean2": 5.00626850128,
        "dvar": 11.3689203262,
        "dvar2": 26.5590019226,
        "max": 34.3129615784,
        "mean": 17.2623119354,
        "median": 16.8625335693,
        "min": 2.35672998428,
        "stdev": 6.56149768829,
        "var": 43.0532531738
    },
    "melbands_flatness_db": {
        "dmean": 0.0302371867001,
        "dmean2": 0.0406913980842,
        "dvar": 0.00161475350615,
        "dvar2": 0.00224372651428,
        "max": 0.713460624218,
        "mean": 0.313374608755,
        "median": 0.31088924408,
        "min": 0.00689540896565,
        "stdev": 0.104953669012,
        "var": 0.0110152726993
    },
    "melbands_kurtosis": {
        "dmean": 16.6149234772,
        "dmean2": 24.2283000946,
        "dvar": 2007.92553711,
        "dvar2": 3196.62084961,
        "max": 470.680603027,
        "mean": 29.2420520782,
        "median": 14.2244663239,
        "min": -1.26002430916,
        "stdev": 59.0532836914,
        "var": 3487.29052734
    },
    "melbands_skewness": {
        "dmean": 0.837471663952,
        "dmean2": 1.27741706371,
        "dvar": 1.7516067028,
        "dvar2": 3.14796447754,
        "max": 14.9749231339,
        "mean": 3.30725693703,
        "median": 3.02056241035,
        "min": -0.269862025976,
        "stdev": 2.2680618763,
        "var": 5.14410448074
    },
    "melbands_spread": {
        "dmean": 2.61357879639,
        "dmean2": 3.88470816612,
        "dvar": 32.9262542725,
        "dvar2": 61.9709892273,
        "max": 140.251037598,
        "mean": 10.0618181229,
        "median": 7.35311603546,
        "min": 0.263769805431,
        "stdev": 10.5058107376,
        "var": 110.372055054
    },
    "pitch_salience": {
        "dmean": 0.0787370279431,
        "dmean2": 0.1238001436,
        "dvar": 0.00861696433276,
        "dvar2": 0.0174785926938,
        "max": 0.966970860958,
        "mean": 0.499308586121,
        "median": 0.520058810711,
        "min": 0.024300666526,
        "stdev": 0.149018213153,
        "var": 0.0222064275295
    },
    "silence_rate_20dB": {
        "dmean": 0,
        "dmean2": 0,
        "dvar": 0,
        "dvar2": 0,
        "max": 1,
        "mean": 1,
        "median": 1,
        "min": 1,
        "stdev": 0,
        "var": 0
    },
    "silence_rate_30dB": {
        "dmean": 0.078947365284,
        "dmean2": 0.157242447138,
        "dvar": 0.0727148279548,
        "dvar2": 0.148008316755,
        "max": 1,
        "mean": 0.832173228264,
        "median": 1,
        "min": 0,
        "stdev": 0.37371262908,
        "var": 0.139661133289
    },
    "silence_rate_60dB": {
        "dmean": 0.00232198135927,
        "dmean2": 0.00464755995199,
        "dvar": 0.00231662672013,
        "dvar2": 0.00462587410584,
        "max": 1,
        "mean": 0.0108275329694,
        "median": 0,
        "min": 0,
        "stdev": 0.10349072516,
        "var": 0.0107103297487
    },
    "spectral_centroid": {
        "dmean": 118.021102905,
        "dmean2": 171.085174561,
        "dvar": 98496.4140625,
        "dvar2": 104582.484375,
        "max": 11304.7949219,
        "mean": 651.60925293,
        "median": 559.075866699,
        "min": 105.489356995,
        "stdev": 474.763397217,
        "var": 225400.28125
    },
    "spectral_complexity": {
        "dmean": 2.53405570984,
        "dmean2": 3.91556930542,
        "dvar": 5.92531394958,
        "dvar2": 12.1314907074,
        "max": 30,
        "mean": 15.8994588852,
        "median": 16,
        "min": 0,
        "stdev": 5.29127788544,
        "var": 27.9976196289
    },
    "spectral_decrease": {
        "dmean": 4.81994533175e-09,
        "dmean2": 6.37769126399e-09,
        "dvar": 6.40499712585e-17,
        "dvar2": 7.63559372315e-17,
        "max": 7.01497834049e-29,
        "mean": -1.79033943226e-08,
        "median": -1.37509941212e-08,
        "min": -7.13714314315e-08,
        "stdev": 1.48531782429e-08,
        "var": 2.20616904423e-16
    },
    "spectral_energy": {
        "dmean": 0.0183979049325,
        "dmean2": 0.0243644881994,
        "dvar": 0.00091791030718,
        "dvar2": 0.00109159259591,
        "max": 0.27097427845,
        "mean": 0.0691785290837,
        "median": 0.0537407509983,
        "min": 1.06252755243e-20,
        "stdev": 0.0563981048763,
        "var": 0.00318074622191
    },
    "spectral_energyband_high": {
        "dmean": 0.000137753304443,
        "dmean2": 0.000202922252356,
        "dvar": 1.86814858694e-07,
        "dvar2": 3.95318693336e-07,
        "max": 0.00764479255304,
        "mean": 0.000290007999865,
        "median": 7.1031448897e-05,
        "min": 7.98932717752e-21,
        "stdev": 0.000686010171194,
        "var": 4.70609933245e-07
    },
    "spectral_energyband_low": {
        "dmean": 0.015378696844,
        "dmean2": 0.0202497858554,
        "dvar": 0.00113227940165,
        "dvar2": 0.0014801697107,
        "max": 0.269129216671,
        "mean": 0.0442957170308,
        "median": 0.0192725546658,
        "min": 4.10153270867e-23,
        "stdev": 0.0576092228293,
        "var": 0.00331882247701
    },
    "spectral_energyband_middle_high": {
        "dmean": 0.000932330964133,
        "dmean2": 0.00139887700789,
        "dvar": 1.52278562382e-06,
        "dvar2": 3.53202176484e-06,
        "max": 0.0224951226264,
        "mean": 0.0033358221408,
        "median": 0.00238145398907,
        "min": 1.4580601182e-21,
        "stdev": 0.00330262677744,
        "var": 1.09073434942e-05
    },
    "spectral_energyband_middle_low": {
        "dmean": 0.00764491315931,
        "dmean2": 0.0122416978702,
        "dvar": 0.000107588042738,
        "dvar2": 0.000274303805782,
        "max": 0.151119887829,
        "mean": 0.0237845759839,
        "median": 0.0202042646706,
        "min": 2.67543829458e-22,
        "stdev": 0.0181054621935,
        "var": 0.000327807763824
    },
    "spectral_entropy": {
        "dmean": 0.176478907466,
        "dmean2": 0.25359916687,
        "dvar": 0.0466154702008,
        "dvar2": 0.0822463482618,
        "max": 9.81447505951,
        "mean": 6.94303560257,
        "median": 6.92382764816,
        "min": 4.31068944931,
        "stdev": 0.530227482319,
        "var": 0.281141161919
    },
    "spectral_flux": {
        "dmean": 0.0373757556081,
        "dmean2": 0.0563824437559,
        "dvar": 0.00286017567851,
        "dvar2": 0.00538624403998,
        "max": 0.474406063557,
        "mean": 0.101144105196,
        "median": 0.0734504908323,
        "min": 1.0307897591e-10,
        "stdev": 0.0822148770094,
        "var": 0.00675928592682
    },
    "spectral_kurtosis": {
        "dmean": 4.76811885834,
        "dmean2": 7.82653474808,
        "dvar": 75.1262359619,
        "dvar2": 129.681091309,
        "max": 262.934509277,
        "mean": 11.9204740524,
        "median": 8.71910476685,
        "min": -1.18684637547,
        "stdev": 20.1409568787,
        "var": 405.658111572
    },
    "spectral_rms": {
        "dmean": 0.00102537672501,
        "dmean2": 0.00136561272666,
        "dvar": 1.89750903701e-06,
        "dvar2": 2.33636706071e-06,
        "max": 0.0162593089044,
        "mean": 0.00760640297085,
        "median": 0.00724085653201,
        "min": 3.21964633773e-12,
        "stdev": 0.00310385902412,
        "var": 9.63394086284e-06
    },
    "spectral_rolloff": {
        "dmean": 175.514953613,
        "dmean2": 277.24520874,
        "dvar": 451971.71875,
        "dvar2": 594182.5,
        "max": 18690.8203125,
        "mean": 636.221069336,
        "median": 387.59765625,
        "min": 64.599609375,
        "stdev": 1099.72351074,
        "var": 1209391.875
    },
    "spectral_skewness": {
        "dmean": 0.403559505939,
        "dmean2": 0.653430819511,
        "dvar": 0.251599490643,
        "dvar2": 0.521925330162,
        "max": 13.5443792343,
        "mean": 2.38721036911,
        "median": 2.18576145172,
        "min": -0.00312451529317,
        "stdev": 1.15883588791,
        "var": 1.34290063381
    },
    "spectral_spread": {
        "dmean": 501521.59375,
        "dmean2": 715528.9375,
        "dvar": 1.31185390387e+12,
        "dvar2": 1.91842235187e+12,
        "max": 40124540,
        "mean": 3562026.75,
        "median": 3086541.75,
        "min": 384776.125,
        "stdev": 2253525.5,
        "var": 5.07837677568e+12
    },
    "spectral_strongpeak": {
        "dmean": 0.334076344967,
        "dmean2": 0.530688226223,
        "dvar": 0.260214745998,
        "dvar2": 0.603309631348,
        "max": 4.95800971985,
        "mean": 0.947933018208,
        "median": 0.590151846409,
        "min": 0,
        "stdev": 0.941834807396,
        "var": 0.887052834034
    },
    "zerocrossingrate": {
        "dmean": 0.00593760563061,
        "dmean2": 0.00719902804121,
        "dvar": 0.000240601439145,
        "dvar2": 0.000377905642381,
        "max": 0.505859375,
        "mean": 0.0298119690269,
        "median": 0.02099609375,
        "min": 0.00244140625,
        "stdev": 0.0340110622346,
        "var": 0.0011567522306
    },
    "barkbands": {
        "dmean": [0.000716372102033, 0.0150955775753, 0.00519405817613, 0.00287438370287, 0.00393207324669, 0.00171806884464, 0.00117037177552, 0.000796727836132, 0.0010555019835, 0.000315049721394, 0.000307685317239, 0.000122683239169, 0.000304806686472, 0.000262749323156, 0.000129826628836, 5.27969423274e-05, 0.000116621034977, 6.80439115968e-05, 2.53309699474e-05, 2.76275950455e-05, 2.18074728764e-05, 3.33531497745e-05, 2.28615917877e-05, 2.95238187391e-05, 3.21959487337e-05, 1.51223312059e-05, 5.03852561451e-07],
        "dmean2": [0.00106518296525, 0.0205230955034, 0.00915809441358, 0.00474805245176, 0.00642745988443, 0.00267287273891, 0.00177067401819, 0.00127051677555, 0.0014684300404, 0.000452162115835, 0.000458901457023, 0.000196831664653, 0.000487422454171, 0.000408803753089, 0.000211801714613, 8.66659684107e-05, 0.000189705038792, 0.000107427476905, 3.87658110412e-05, 4.38853348896e-05, 3.44828040397e-05, 5.02443908772e-05, 3.49648798874e-05, 4.66522324132e-05, 4.93150000693e-05, 2.39256914938e-05, 8.89736270437e-07],
        "dvar": [2.77979620478e-06, 0.00137610861566, 0.000313819706207, 3.42123239534e-05, 2.90899497486e-05, 5.75553576709e-06, 7.96837593953e-06, 6.81566780258e-06, 3.47759805663e-06, 2.41149962221e-07, 4.18189955553e-07, 3.63006371629e-08, 3.74975968498e-07, 3.62509865681e-07, 7.06528524574e-08, 8.9978344775e-09, 3.32111937951e-08, 1.83109616358e-08, 1.3225681661e-09, 1.98139393781e-09, 2.63471888751e-09, 1.14240696902e-08, 1.02801100965e-08, 8.63047677768e-09, 1.28128512245e-08, 4.38560165961e-09, 5.12467021943e-12],
        "dvar2": [6.34294929114e-06, 0.00218319217674, 0.000902331492398, 9.44905041251e-05, 7.74073560024e-05, 1.06573907033e-05, 1.62535943673e-05, 1.75936766027e-05, 6.63031642034e-06, 4.87250588321e-07, 9.4909978543e-07, 9.16168545473e-08, 1.00293448213e-06, 7.73634212692e-07, 1.92183748027e-07, 2.31333050493e-08, 8.83729072143e-08, 4.65533531724e-08, 2.96605029426e-09, 4.80567674543e-09, 6.1995844014e-09, 2.41386857169e-08, 2.41722357686e-08, 1.97585308115e-08, 2.71022599918e-08, 1.02728527906e-08, 1.44644331235e-11],
        "max": [0.0250688157976, 0.265620678663, 0.128991380334, 0.0599113330245, 0.0579568296671, 0.054226718843, 0.0896109193563, 0.0528972409666, 0.037107732147, 0.00864726491272, 0.0135479196906, 0.00270209624432, 0.00522545725107, 0.00940791517496, 0.00573893310502, 0.00160913425498, 0.00245751091279, 0.00219569471665, 0.000548857904505, 0.000481195485918, 0.00110687571578, 0.0024065815378, 0.00203529186547, 0.00184997695033, 0.00183400453534, 0.000950947636738, 3.84633058275e-05],
        "mean": [0.00200428580865, 0.0329502746463, 0.00689737312496, 0.00510893203318, 0.00781774520874, 0.00374234863557, 0.00317577831447, 0.00131611246616, 0.00241349334829, 0.000672625144944, 0.000752779596951, 0.000229783196119, 0.000482888513943, 0.000564161280636, 0.000224365154281, 0.000101406265458, 0.000208584446227, 0.000139222349389, 5.68233372178e-05, 5.02053953824e-05, 3.95727438445e-05, 6.19482016191e-05, 3.98530100938e-05, 5.26319490746e-05, 5.13458981004e-05, 2.35597235587e-05, 5.02308296291e-07],
        "median": [0.000422808661824, 0.013338714838, 0.00203843251802, 0.00266024516895, 0.00499678170308, 0.0024527546484, 0.00146131031215, 0.00056750245858, 0.00091728719417, 0.000394409755245, 0.00026253805845, 0.000159284740221, 0.000209798265132, 0.00016096784384, 0.000146107602632, 5.71460950596e-05, 0.000122826881125, 6.32821029285e-05, 2.63947385974e-05, 2.42112728301e-05, 1.02750982478e-05, 9.77030958893e-06, 4.20630658482e-06, 6.29680062048e-06, 3.1450683764e-06, 9.07525986804e-07, 1.3037134039e-08],
        "min": [1.79626184028e-23, 1.95557545553e-23, 2.72631295199e-24, 4.00396962624e-24, 2.09990244908e-23, 1.21928525078e-22, 2.72721521165e-23, 5.56765342022e-23, 1.6306605303e-23, 1.03349512852e-22, 9.42820048194e-23, 1.13469071031e-22, 9.04809826772e-23, 4.35365738714e-23, 1.26463326701e-22, 1.10274739723e-22, 1.32713793509e-22, 1.35178232842e-22, 3.66333675791e-22, 2.63418351981e-22, 5.58161676311e-22, 5.48643747634e-22, 6.42731604319e-22, 7.9633395497e-22, 1.21748566342e-21, 1.5448843961e-21, 2.7006170686e-21],
        "stdev": [0.00306757539511, 0.0516794808209, 0.0148240663111, 0.00704780593514, 0.00849619880319, 0.00503638898954, 0.00820994563401, 0.0028069971595, 0.00395780615509, 0.000853335077409, 0.00156198465265, 0.000248411350185, 0.000744512130041, 0.00118662544992, 0.000297009915812, 0.000134547459311, 0.000259438267676, 0.000213055609493, 6.93327092449e-05, 5.9850022808e-05, 7.69294783822e-05, 0.000171088264324, 0.000134315079777, 0.000141713331686, 0.000166611309396, 9.04059197637e-05, 2.12722284232e-06],
        "var": [9.41001871979e-06, 0.00267076864839, 0.000219752939302, 4.96715692861e-05, 7.21853939467e-05, 2.53652142419e-05, 6.74032053212e-05, 7.87923272583e-06, 1.56642308866e-05, 7.28180793885e-07, 2.43979616243e-06, 6.17081994392e-08, 5.54298310362e-07, 1.40807992466e-06, 8.82148967207e-08, 1.81030177515e-08, 6.73082212188e-08, 4.53926958244e-08, 4.80702500028e-09, 3.58202512096e-09, 5.91814464102e-09, 2.92711952454e-08, 1.80405397288e-08, 2.00826697494e-08, 2.77593290576e-08, 8.1732309809e-09, 4.52507692775e-12]
    },
    "erbbands": {
        "dmean": [0.558142364025, 3.34786176682, 5.9731669426, 7.75572919846, 12.3110523224, 14.2848234177, 11.4338874817, 14.551659584, 15.8648700714, 18.3637981415, 15.06199646, 27.4086170197, 10.0936193466, 10.7902860641, 10.4827737808, 5.02591657639, 14.4573335648, 12.1914834976, 10.2102613449, 3.63999867439, 3.12993311882, 5.18961334229, 4.43653869629, 1.78242361546, 1.40943717957, 1.31067192554, 0.893796265125, 0.852951645851, 1.17567539215, 1.06711423397, 0.554254889488, 0.495898216963, 0.568238794804, 0.414636284113, 0.198868572712, 0.0851513296366, 0.0247545130551, 0.00283352448605, 7.26965663489e-05, 2.07629636861e-05],
        "dmean2": [0.769730806351, 4.50592041016, 9.85160160065, 13.2015047073, 20.1078834534, 22.9616222382, 17.8849983215, 23.1766853333, 23.985250473, 29.3817958832, 22.9156169891, 38.0403175354, 14.3863182068, 15.4066905975, 15.7352514267, 7.9408864975, 22.9164333344, 18.4414615631, 16.4472961426, 5.80356740952, 5.11360931396, 8.43042182922, 7.08973693848, 2.76362633705, 2.14120459557, 2.08143377304, 1.36801362038, 1.32367908955, 1.84201061726, 1.5873298645, 0.865520238876, 0.785771250725, 0.884380340576, 0.621314764023, 0.305548042059, 0.133448392153, 0.0396573878825, 0.00475567951798, 0.000119857671962, 2.73560763162e-05],
        "dvar": [1.77785432339, 73.4726867676, 354.5184021, 364.234191895, 378.645477295, 446.366821289, 241.599456787, 441.858856201, 2016.85559082, 3335.27441406, 1019.39587402, 2216.45581055, 712.094848633, 307.795898438, 430.550201416, 65.89818573, 799.993652344, 748.845947266, 359.942687988, 28.2202587128, 34.0565414429, 61.8382225037, 59.3880805969, 7.33484315872, 4.34508466721, 4.49091291428, 5.48010253906, 3.83461165428, 14.7844743729, 18.4311447144, 5.8748717308, 3.61167645454, 3.33146166801, 1.86630296707, 0.662951827049, 0.1502687186, 0.0108176823705, 0.000127855033497, 8.18658634216e-08, 1.08140330024e-09],
        "dvar2": [3.17616176605, 125.426376343, 968.126464844, 1028.65844727, 1037.53015137, 1126.96044922, 570.22479248, 875.911315918, 4060.05932617, 8901.0546875, 2364.15698242, 4374.18212891, 1328.53417969, 682.930053711, 966.940368652, 163.672607422, 2124.89501953, 1473.29577637, 882.987976074, 72.1810073853, 85.9956283569, 157.865692139, 144.846588135, 18.2487373352, 9.65325927734, 11.0891876221, 12.5253229141, 8.71321773529, 33.0757102966, 37.290561676, 14.4425230026, 9.21989536285, 6.97239732742, 3.57021307945, 1.56869518757, 0.352139681578, 0.0255503188819, 0.000329323898768, 2.17136829406e-07, 1.34964850407e-09],
        "max": [9.69771766663, 61.837272644, 137.663574219, 186.615753174, 209.468887329, 252.520950317, 197.201248169, 481.882049561, 1322.96447754, 1153.09533691, 552.372680664, 810.276733398, 672.161560059, 308.058502197, 417.736480713, 126.217308044, 270.201538086, 546.853027344, 291.036071777, 87.2939376831, 104.13394165, 97.7146606445, 120.75554657, 39.9770393372, 34.9418678284, 25.7759952545, 66.6290817261, 33.8439216614, 85.6434249878, 96.3088760376, 52.2157783508, 32.3528747559, 46.2256126404, 29.9841442108, 11.5358562469, 5.70790338516, 1.71093261242, 0.170382857323, 0.00487895822152, 0.000292164535495],
        "mean": [1.2716306448, 6.07528686523, 8.73427677155, 12.9100055695, 22.6601905823, 27.8135089874, 23.2976055145, 31.2982654572, 46.5016899109, 36.1703262329, 31.8638973236, 62.100643158, 24.8907546997, 25.3337116241, 27.3183994293, 11.1760253906, 23.8921031952, 25.0288448334, 21.038942337, 7.56452465057, 6.17777061462, 10.1331777573, 9.48351287842, 4.29619121552, 3.15542268753, 2.42784833908, 1.73278474808, 1.45753836632, 2.10148406029, 1.92431354523, 1.00293827057, 0.845018446445, 1.05006825924, 0.682534456253, 0.30352294445, 0.135849252343, 0.0374312065542, 0.00371304247528, 0.000120451448311, 8.03628718131e-05],
        "median": [0.526197314262, 1.85995817184, 2.59015369415, 7.73360109329, 14.0551862717, 16.2540512085, 15.5822563171, 20.567527771, 20.2093029022, 16.2764778137, 18.3782310486, 24.4242591858, 11.3695650101, 15.3345994949, 12.1880025864, 8.16475391388, 10.9557008743, 9.32485389709, 9.38414001465, 4.64008998871, 3.51126885414, 6.34920454025, 4.90353679657, 2.03241086006, 1.50294458866, 1.21022319794, 0.524461865425, 0.427327483892, 0.343501508236, 0.281286925077, 0.100283719599, 0.0684508085251, 0.115826122463, 0.0480347052217, 0.0167698673904, 0.0058085815981, 0.00144085974898, 0.000168521102751, 4.03903104598e-05, 6.32573355688e-05],
        "min": [8.78189343183e-22, 3.15712100423e-21, 3.95547227217e-21, 1.13371040233e-20, 2.22953657884e-20, 1.12473492723e-19, 5.23121530485e-19, 1.0117421848e-18, 4.44987652486e-19, 5.56175047377e-19, 1.20532664317e-18, 5.57899512159e-19, 2.13689662185e-18, 2.98795628432e-18, 5.61185714618e-18, 3.52412400403e-18, 3.09292467688e-18, 3.74751446821e-18, 4.95364140863e-18, 5.24232992395e-18, 8.32849860317e-18, 6.72084702649e-18, 8.80120750783e-18, 1.55744378146e-17, 1.61194042544e-17, 1.490016981e-17, 1.83651235169e-17, 2.10144887203e-17, 1.95826324625e-17, 1.81590480109e-17, 1.97934890725e-17, 1.66997095045e-17, 1.47877824346e-17, 1.48730233967e-17, 8.15327858838e-18, 4.50462916057e-18, 3.26449227568e-18, 1.26768644538e-18, 4.00409984547e-19, 4.04741573985e-20],
        "stdev": [1.78971385956, 11.1533946991, 17.3772029877, 17.7859649658, 26.4888057709, 35.1182556152, 24.5471687317, 43.422492981, 133.876983643, 72.8505172729, 45.5412101746, 96.6756820679, 53.8537597656, 31.4023399353, 48.5321121216, 11.0238952637, 35.9604644775, 49.3530502319, 34.9795646667, 8.173371315, 8.19663715363, 11.9955854416, 12.6092729568, 5.48021125793, 3.79121494293, 2.89452171326, 3.78378200531, 2.69664430618, 5.79534578323, 6.3215637207, 3.23792672157, 2.54444384575, 2.96120548248, 2.12033700943, 1.09013617039, 0.534448087215, 0.138997122645, 0.012899601832, 0.000315554032568, 6.30343638477e-05],
        "var": [3.20307588577, 124.398223877, 301.967163086, 316.340545654, 701.656860352, 1233.29199219, 602.563537598, 1885.51293945, 17923.0449219, 5307.19775391, 2074.00170898, 9346.1875, 2900.22729492, 986.106994629, 2355.36572266, 121.526268005, 1293.15490723, 2435.72338867, 1223.57006836, 66.8039932251, 67.1848678589, 143.894073486, 158.993759155, 30.0327129364, 14.3733110428, 8.37825584412, 14.3170061111, 7.27189064026, 33.5860328674, 39.9621658325, 10.48416996, 6.47419452667, 8.76873779297, 4.49582910538, 1.18839693069, 0.285634756088, 0.0193202011287, 0.000166399739101, 9.95743434373e-08, 3.97333144164e-09]
    },
    "gfcc": {
        "mean": [-20.5724868774, 151.659759521, -103.047828674, 21.5157108307, -45.1885108948, 6.15742254257, -30.9892063141, 3.99309039116, -17.5246429443, -2.21282196045, -9.13654232025, -4.89340686798, -7.32928752899],
        "cov": [[6374.45556641, -1233.73815918, -393.821838379, 237.750167847, -806.651000977, 450.617980957, -498.359954834, 97.5266571045, -256.725860596, 151.905502319, -334.272644043, 152.625335693, -210.361099243], [-1233.73815918, 2417.27050781, -260.856231689, 72.4228515625, 946.907226562, -600.686401367, 749.632141113, -157.439498901, 388.987609863, -222.715896606, 337.499633789, -96.1369628906, 332.149414062], [-393.821838379, -260.856231689, 711.138000488, -20.4611186981, -50.3971595764, 118.05115509, -138.462615967, 49.0621490479, -87.0622940063, 51.78074646, -31.7741661072, -14.230556488, -29.7203006744], [237.750167847, 72.4228515625, -20.4611186981, 429.687927246, 253.322463989, -26.4509487152, 213.497344971, 22.0124568939, 147.973678589, 20.6770896912, 92.3258666992, 64.5335693359, 72.5731811523], [-806.651000977, 946.907226562, -50.3971595764, 253.322463989, 748.92779541, -227.128845215, 506.180206299, 20.7128772736, 289.001678467, -23.0385684967, 222.401779175, 41.3586387634, 162.521316528], [450.617980957, -600.686401367, 118.05115509, -26.4509487152, -227.128845215, 250.782852173, -165.619689941, 54.1540603638, -92.7980194092, 51.2664031982, -81.1410675049, 22.2690315247, -87.0128173828], [-498.359954834, 749.632141113, -138.462615967, 213.497344971, 506.180206299, -165.619689941, 481.687255859, 16.2503299713, 248.333404541, -25.8359222412, 175.782531738, 50.4817237854, 143.412826538], [97.5266571045, -157.439498901, 49.0621490479, 22.0124568939, 20.7128772736, 54.1540603638, 16.2503299713, 116.444236755, 21.470035553, 46.7720375061, 10.9364738464, 39.1309051514, -11.498380661], [-256.725860596, 388.987609863, -87.0622940063, 147.973678589, 289.001678467, -92.7980194092, 248.333404541, 21.470035553, 220.4715271, 11.6054964066, 109.494026184, 37.3818321228, 82.6963424683], [151.905502319, -222.715896606, 51.78074646, 20.6770896912, -23.0385684967, 51.2664031982, -25.8359222412, 46.7720375061, 11.6054964066, 112.008247375, 0.709614157677, 42.50963974, -16.590467453], [-334.272644043, 337.499633789, -31.7741661072, 92.3258666992, 222.401779175, -81.1410675049, 175.782531738, 10.9364738464, 109.494026184, 0.709614157677, 141.598709106, 35.8506965637, 70.8334579468], [152.625335693, -96.1369628906, -14.230556488, 64.5335693359, 41.3586387634, 22.2690315247, 50.4817237854, 39.1309051514, 37.3818321228, 42.50963974, 35.8506965637, 109.298469543, 20.6178398132], [-210.361099243, 332.149414062, -29.7203006744, 72.5731811523, 162.521316528, -87.0128173828, 143.412826538, -11.498380661, 82.6963424683, -16.590467453, 70.8334579468, 20.6178398132, 116.968383789]],
        "icov": [[0.000422281300416, -0.000967484666035, 0.000458867783891, -0.0011403557146, 0.000584472727496, -0.0011126754107, 0.000774922198616, -0.000729343679268, 0.000469047838124, -0.00091436423827, 0.0013134732144, -0.00115057372022, 0.000615361495875], [-0.000967484666035, 0.00585983740166, -0.00132576667238, 0.00474101910368, -0.00271234381944, 0.0057508405298, -0.00411066692322, 0.00356553564779, -0.0020673875697, 0.00472915451974, -0.00503022689372, 0.00527715869248, -0.00397266168147], [0.000458867783891, -0.00132576667238, 0.00238038087264, -0.00147958856542, -0.000257042614976, -0.00239593721926, 0.00212400150485, -0.0014543668367, 0.00145137030631, -0.00183752051089, 0.00132785667665, -0.000710788997822, -2.51326637226e-05], [-0.0011403557146, 0.00474101910368, -0.00147958856542, 0.00778549350798, -0.00294632441364, 0.00382362119853, -0.00392277957872, 0.00370262586512, -0.00306271458976, 0.00385731714778, -0.00472108181566, 0.00358294416219, -0.00366852409206], [0.000584472727496, -0.00271234381944, -0.000257042614976, -0.00294632441364, 0.00750667974353, -0.000644289480988, -0.00270601129159, -0.00239426153712, -0.00027672215947, -0.00222071562894, 0.000468650308903, -0.00178387959022, 0.0026003010571], [-0.0011126754107, 0.0057508405298, -0.00239593721926, 0.00382362119853, -0.000644289480988, 0.0142309721559, -0.00472230510786, 0.000948017521296, -0.00160065933596, 0.00395255489275, -0.00381042039953, 0.00359841017053, -0.000582358334213], [0.000774922198616, -0.00411066692322, 0.00212400150485, -0.00392277957872, -0.00270601129159, -0.00472230510786, 0.013593737036, -0.00327035412192, -0.00213909801096, -0.00136718072463, 0.00246972544119, -0.00476614944637, -3.85657440347e-05], [-0.000729343679268, 0.00356553564779, -0.0014543668367, 0.00370262586512, -0.00239426153712, 0.000948017521296, -0.00327035412192, 0.0147749427706, -0.00244374875911, 3.50781483576e-05, -0.00366797717288, 0.000891284027603, -0.000812481506728], [0.000469047838124, -0.0020673875697, 0.00145137030631, -0.00306271458976, -0.00027672215947, -0.00160065933596, -0.00213909801096, -0.00244374875911, 0.0140316234902, -0.00460904184729, 0.000154071007273, -0.0012609437108, 0.000114405513159], [-0.00091436423827, 0.00472915451974, -0.00183752051089, 0.00385731714778, -0.00222071562894, 0.00395255489275, -0.00136718072463, 3.50781483576e-05, -0.00460904184729, 0.0172449741513, -0.00461685238406, 0.000292945158435, -0.00177937047556], [0.0013134732144, -0.00503022689372, 0.00132785667665, -0.00472108181566, 0.000468650308903, -0.00381042039953, 0.00246972544119, -0.00366797717288, 0.000154071007273, -0.00461685238406, 0.0213738791645, -0.00793216843158, 0.000729369872715], [-0.00115057372022, 0.00527715869248, -0.000710788997822, 0.00358294416219, -0.00178387959022, 0.00359841017053, -0.00476614944637, 0.000891284027603, -0.0012609437108, 0.000292945158435, -0.00793216843158, 0.0190637484193, -0.00599516695365], [0.000615361495875, -0.00397266168147, -2.51326637226e-05, -0.00366852409206, 0.0026003010571, -0.000582358334213, -3.85657440347e-05, -0.000812481506728, 0.000114405513159, -0.00177937047556, 0.000729369872715, -0.00599516695365, 0.0194097626954]]
    },
    "melbands": {
        "dmean": [0.00452599301934, 0.00301306671463, 0.0013910876587, 0.000976841314696, 0.000404481281294, 0.00032268447103, 0.000235659492319, 0.000195406901184, 0.000134959744173, 0.000160255061928, 4.86243625346e-05, 4.55572771898e-05, 4.44886900368e-05, 1.46634356497e-05, 2.38693173742e-05, 2.70456112048e-05, 2.49619788519e-05, 1.87638870557e-05, 6.46674880045e-06, 3.95214829041e-06, 3.76137177227e-06, 4.88777777718e-06, 7.80194477557e-06, 3.3565704598e-06, 1.32074023895e-06, 1.0946864677e-06, 1.06689890345e-06, 8.90349610927e-07, 6.78803530718e-07, 4.8753122428e-07, 5.36278832897e-07, 6.19196725893e-07, 8.04278215583e-07, 5.75578553708e-07, 3.31052092406e-07, 3.43277946513e-07, 3.02877111835e-07, 3.78995537176e-07, 4.89350895805e-07, 3.17238374237e-07],
        "dmean2": [0.00613853661343, 0.00406050914899, 0.00233015813865, 0.00159008882474, 0.000642615952529, 0.000507494667545, 0.000355687749106, 0.000313762633596, 0.00020112193306, 0.000221847963985, 7.02574907336e-05, 6.47162087262e-05, 6.64584513288e-05, 2.36502874031e-05, 3.78855183953e-05, 4.36792070104e-05, 3.74267983716e-05, 3.02475418721e-05, 1.03499678517e-05, 6.37132143311e-06, 6.1629098127e-06, 7.8790826592e-06, 1.256759424e-05, 5.33123784408e-06, 2.08308574656e-06, 1.69366057889e-06, 1.66164863913e-06, 1.43659667629e-06, 1.07037374164e-06, 7.62282468258e-07, 8.29787495604e-07, 9.48885713115e-07, 1.22834887861e-06, 8.60596912844e-07, 5.15495457876e-07, 5.64171500628e-07, 4.79257892039e-07, 6.07381480222e-07, 7.39679421713e-07, 4.77262631193e-07],
        "dvar": [0.000120725133456, 5.95267083554e-05, 8.93427204574e-06, 1.77880110641e-06, 3.26050695776e-07, 2.46692223982e-07, 3.91300233105e-07, 4.35000885091e-07, 5.54249730556e-08, 8.10797118334e-08, 1.94036857692e-08, 5.71316105535e-09, 9.19624199014e-09, 4.58749316312e-10, 1.68334324258e-09, 3.64293173405e-09, 3.2712972331e-09, 1.37887312679e-09, 1.97590555029e-10, 3.73288726319e-11, 5.41250412545e-11, 6.59991367113e-11, 1.7846746303e-10, 4.61864123336e-11, 4.06355634905e-12, 2.81425772443e-12, 2.75732106418e-12, 2.25409946784e-12, 3.8111788031e-12, 1.25080143725e-12, 1.64530802177e-12, 4.03533630122e-12, 7.53252928781e-12, 6.62345785857e-12, 2.03699275329e-12, 2.20013026894e-12, 1.24427779278e-12, 1.46550870397e-12, 2.67099797141e-12, 1.06156186272e-12],
        "dvar2": [0.000198601192096, 0.000130680768052, 2.46761010203e-05, 4.76635477753e-06, 7.71776797137e-07, 4.44348188466e-07, 7.5363692531e-07, 1.16916805837e-06, 1.20952918792e-07, 1.566642851e-07, 3.67684371838e-08, 1.25101182746e-08, 2.06328607533e-08, 1.15537801548e-09, 4.3514170045e-09, 9.82942705008e-09, 6.24584162168e-09, 3.26712190635e-09, 5.41720390768e-10, 9.59462440053e-11, 1.39791456188e-10, 1.72931335918e-10, 4.46295195244e-10, 1.13426233683e-10, 9.98318355067e-12, 6.15935297557e-12, 6.4953637087e-12, 5.66330359345e-12, 9.21385884256e-12, 2.99426694376e-12, 3.91226851262e-12, 8.37025500994e-12, 1.68493934083e-11, 1.41907093715e-11, 4.97820144482e-12, 5.81484556686e-12, 3.05147291983e-12, 3.38663190373e-12, 5.15850816923e-12, 2.09634805175e-12],
        "max": [0.0797825679183, 0.0595798417926, 0.0298408381641, 0.0154962623492, 0.00717598386109, 0.0133061585948, 0.0205589476973, 0.0137661965564, 0.00465131737292, 0.00466594472528, 0.00348470918834, 0.0013862666674, 0.00200529186986, 0.000298941857181, 0.000454022432677, 0.000613792682998, 0.000979290809482, 0.000654462724924, 0.000339581165463, 0.000115218310384, 0.00011882292165, 0.000124198937556, 0.000201016577194, 0.000135196838528, 2.47497609962e-05, 2.5865931093e-05, 2.09627760341e-05, 1.71472765942e-05, 5.23590861121e-05, 2.59215903498e-05, 2.41827819991e-05, 4.49745348305e-05, 6.12015574006e-05, 5.03301307617e-05, 3.08529088215e-05, 2.8319296689e-05, 1.71391293406e-05, 2.87082420982e-05, 3.7717862142e-05, 2.14872998185e-05],
        "mean": [0.0101183215156, 0.00553698092699, 0.00251748017035, 0.00193787855096, 0.000877546903212, 0.000711741216946, 0.000697537732776, 0.000359750643838, 0.00029534692294, 0.000362894206773, 0.000112090012408, 9.92446148302e-05, 0.000112836925837, 2.8910833862e-05, 4.27073791798e-05, 4.32816486864e-05, 4.96246175317e-05, 3.89577107853e-05, 1.18777425087e-05, 7.92430819274e-06, 6.81410620018e-06, 9.14599422686e-06, 1.32455415951e-05, 6.8362564889e-06, 2.9176312637e-06, 2.27194300351e-06, 2.05373157769e-06, 1.46567515458e-06, 1.20136178339e-06, 8.28773522699e-07, 8.21994888156e-07, 1.0705001614e-06, 1.4343560224e-06, 9.36895446557e-07, 5.64187359942e-07, 5.53906204459e-07, 4.85861619381e-07, 6.74126852118e-07, 8.26630810025e-07, 4.90922047902e-07],
        "median": [0.00422094017267, 0.00177283969242, 0.00159224204253, 0.0013002383057, 0.000576788268518, 0.000463535601739, 0.000305516441585, 0.000162984244525, 0.000158966009622, 0.000136738119181, 4.10652719438e-05, 5.62432105653e-05, 4.04251841246e-05, 2.11694168684e-05, 2.35767420236e-05, 1.88528174476e-05, 1.58074581122e-05, 1.42559010783e-05, 7.63718435337e-06, 4.76267769045e-06, 3.54425628757e-06, 5.4285569604e-06, 7.10891663402e-06, 2.50247990152e-06, 1.36482333346e-06, 1.04449986793e-06, 9.32717000524e-07, 6.84024826114e-07, 3.38565911306e-07, 2.01533055133e-07, 2.184907828e-07, 1.75274138314e-07, 1.73793964109e-07, 1.27410686446e-07, 5.24813685843e-08, 2.80150640464e-08, 3.3508406716e-08, 7.42507850759e-08, 6.70539037628e-08, 3.03103462329e-08],
        "min": [8.25835762482e-24, 3.18220789646e-24, 1.90912957369e-24, 4.75342337937e-24, 1.5820237845e-23, 2.28602297784e-23, 6.24131602081e-24, 7.19682536999e-24, 8.75193290486e-24, 3.19412620423e-24, 1.17044247029e-23, 1.26873398688e-23, 1.47665468676e-23, 1.42638894319e-23, 6.34551508006e-24, 9.25799111986e-24, 6.22352129095e-24, 6.77357151762e-24, 1.03208912595e-23, 4.58980218915e-24, 1.12334613319e-23, 7.11162760336e-24, 6.25097759475e-24, 7.60523443784e-24, 1.35318627995e-23, 1.13155462534e-23, 1.12046757974e-23, 9.06612752594e-24, 1.00257531513e-23, 1.35081243971e-23, 1.08428702653e-23, 1.0859126322e-23, 1.17988900075e-23, 9.13938036074e-24, 1.05433192692e-23, 1.12798928959e-23, 9.93143299718e-24, 1.05138845022e-23, 9.76379689938e-24, 1.33718565644e-23],
        "stdev": [0.0151196597144, 0.00940589047968, 0.00305274734274, 0.0020711182151, 0.000959428260103, 0.00109210424125, 0.00197434518486, 0.000754430424422, 0.000390289496863, 0.000589499541093, 0.000272995850537, 0.000129517517053, 0.000230527817621, 2.8624515835e-05, 5.76655911573e-05, 6.98505318724e-05, 0.000104072096292, 7.82663264545e-05, 1.55648394866e-05, 9.30773330765e-06, 9.81651010079e-06, 1.1588698726e-05, 1.85874723684e-05, 1.23282179629e-05, 3.75095032723e-06, 2.99646103485e-06, 2.5096464924e-06, 1.91233539226e-06, 2.81949246528e-06, 1.74980323209e-06, 1.65764902249e-06, 2.99623025057e-06, 4.34340290667e-06, 3.46733099832e-06, 1.88809065094e-06, 1.95960956262e-06, 1.44898149301e-06, 1.8519731384e-06, 2.6018878998e-06, 1.57139174917e-06],
        "var": [0.000228604098083, 8.84707696969e-05, 9.31926660996e-06, 4.289530807e-06, 9.20502600366e-07, 1.19269179777e-06, 3.89803881262e-06, 5.69165251818e-07, 1.52325881686e-07, 3.47509740095e-07, 7.45267314528e-08, 1.67747860047e-08, 5.31430757178e-08, 8.19362855342e-10, 3.32532046343e-09, 4.87909668223e-09, 1.0831000985e-08, 6.12561779079e-09, 2.42264208694e-10, 8.66338945027e-11, 9.63638752127e-11, 1.34297933885e-10, 3.45494161058e-10, 1.51984952401e-10, 1.40696282749e-11, 8.97877865808e-12, 6.29832601004e-12, 3.65702693822e-12, 7.94953772948e-12, 3.06181143807e-12, 2.74780046806e-12, 8.97739608346e-12, 1.88651472915e-11, 1.20223848238e-11, 3.56488645027e-12, 3.84006975523e-12, 2.09954731552e-12, 3.42980440056e-12, 6.76982038136e-12, 2.46927218256e-12]
    },
    "melbands128": {
